NBP2113_155081_ctd/data/dnbp2113_053.cnv
* Sea-Bird SBE 9 Data File:
* FileName = D:\Data\raw\NBP2113_053.hex
* Software Version Seasave V 7.26.7.121
* Temperature SN = 2438
* Conductivity SN = 2067
* Number of Bytes Per Scan = 40
* Number of Voltage Words = 5
* Number of Scans Averaged by the Deck Unit = 1
* NMEA Latitude = 64 53.78 S
* NMEA Longitude = 064 39.15 W
* NMEA UTC (Time) = Dec 11 2021  18:56:20
* NMEA baud rate = 9600
** Ship: RVIB N.B. Palmer
** Cruise: NBP2113 LTER
** Station: 595.052
** Operator: S. Blackman
# nquan = 25
# nvalues = 482                         
# units = specified
# name 0 = prDM: Pressure, Digiquartz [db]
# name 1 = depSM: Depth [salt water, m]
# name 2 = t090C: Temperature [ITS-90, deg C]
# name 3 = c0mS/cm: Conductivity [mS/cm]
# name 4 = t190C: Temperature, 2 [ITS-90, deg C]
# name 5 = c1mS/cm: Conductivity, 2 [mS/cm]
# name 6 = sbeox0ML/L: Oxygen, SBE 43 [ml/l]
# name 7 = sbeox1ML/L: Oxygen, SBE 43, 2 [ml/l]
# name 8 = flECO-AFL: Fluorescence, WET Labs ECO-AFL/FL [mg/m^3]
# name 9 = CStarTr0: Beam Transmission, WET Labs C-Star [%]
# name 10 = par: PAR/Irradiance, Biospherical/Licor
# name 11 = latitude: Latitude [deg]
# name 12 = longitude: Longitude [deg]
# name 13 = timeJ: Julian Days
# name 14 = altM: Altimeter [m]
# name 15 = spar: SPAR, Biospherical/Licor
# name 16 = timeS: Time, Elapsed [seconds]
# name 17 = scan: Scan Count
# name 18 = density00: Density [density, kg/m^3]
# name 19 = density11: Density, 2 [density, kg/m^3]
# name 20 = sal00: Salinity, Practical [PSU]
# name 21 = sal11: Salinity, Practical, 2 [PSU]
# name 22 = oxsolML/L: Oxygen Saturation, Garcia & Gordon [ml/l]
# name 23 = nbin: number of scans per bin
# name 24 = flag: flag
# span 0 =      5.000,    486.000       
# span 1 =      4.951,    480.674       
# span 2 =    -0.1364,     1.4451       
# span 3 =  28.051441,  30.257408       
# span 4 =    -0.1368,     1.4445       
# span 5 =  28.049584,  30.255726       
# span 6 =     4.1180,     8.0589       
# span 7 =     4.1722,     8.0572       
# span 8 =    -0.0225,     1.8801       
# span 9 =    85.7510,    92.1333       
# span 10 = -8.602e-05, 2.9904e+02      
# span 11 =  -64.89646,  -64.89638      
# span 12 =  -64.65308,  -64.65220      
# span 13 = 345.792762, 345.802051      
# span 14 =       1.63,     103.90      
# span 15 = 8.3912e+02, 9.2235e+02      
# span 16 =    314.674,   1117.244      
# span 17 =       7553,      26815      
# span 18 =  1027.2032,  1030.0388      
# span 19 =  1027.2017,  1030.0375      
# span 20 =    33.8393,    34.6764      
# span 21 =    33.8373,    34.6751      
# span 22 =    7.73524,    8.10444      
# span 23 =         11,         53      
# span 24 = 0.0000e+00, 0.0000e+00      
# interval = decibars: 1                
# start_time = Dec 11 2021 18:56:20 [NMEA time, header]
# bad_flag = -9.990e-29
*END*
[from data line 348]
    353.000    349.245     1.3725  30.118638     1.3721  30.117270     4.2240     4.2705    -0.0150    91.9615 1.0000e-12  -64.89644  -64.65306 345.799587      99.97 8.3912e+02    904.346      21705  1029.4048  1029.4038    34.6553    34.6540    7.75065         19 0.0000e+00
    354.000    350.230     1.3727  30.119212     1.3722  30.117758     4.2291     4.2657    -0.0150    91.9617 1.0000e-12  -64.89644  -64.65304 345.799596      99.97 8.4024e+02    905.067      21723  1029.4094  1029.4085    34.6552    34.6539    7.75061         16 0.0000e+00
    355.000    351.222     1.3729  30.119911     1.3724  30.118499     4.2296     4.2649    -0.0150    91.9617 1.0000e-12  -64.89645  -64.65304 345.799603      99.97 8.4089e+02    905.712      21738  1029.4142  1029.4132    34.6553    34.6541    7.75057         15 0.0000e+00
    356.000    352.208     1.3726  30.120184     1.3723  30.118869     4.2206     4.2679    -0.0150    91.9395 1.0000e-12  -64.89646  -64.65304 345.799610      99.97 8.4195e+02    906.330      21753  1029.4190  1029.4180    34.6554    34.6540    7.75062         15 0.0000e+00
    357.000    353.199     1.3727  30.120532     1.3721  30.118995     4.2159     4.2697    -0.0150    91.9359 1.0000e-12  -64.89646  -64.65304 345.799618      99.97 8.4266e+02    906.955      21768  1029.4236  1029.4226    34.6552    34.6539    7.75062         15 0.0000e+00
    358.000    354.188     1.3726  30.120885     1.3720  30.119366     4.2085     4.2729    -0.0150    91.9359 1.0000e-12  -64.89645  -64.65305 345.799625      99.97 8.4295e+02    907.630      21784  1029.4283  1029.4273    34.6552    34.6538    7.75064         18 0.0000e+00
    359.000    355.176     1.3725  30.121267     1.3721  30.119783     4.2070     4.2707    -0.0100    91.9262 1.0000e-12  -64.89644  -64.65306 345.799640      99.97 8.4456e+02    908.884      21814  1029.4330  1029.4319    34.6551    34.6537    7.75065         30 0.0000e+00
    360.000    356.163     1.3727  30.121776     1.3722  30.120343     4.2194     4.2559    -0.0076    91.9336 1.0000e-12  -64.89644  -64.65306 345.799704      99.97 8.4811e+02    914.423      21947  1029.4377  1029.4367    34.6550    34.6537    7.75062         19 0.0000e+00
    361.000    357.152     1.3730  30.122530     1.3725  30.121034     4.2119     4.2566    -0.0061    91.9360 1.0000e-12  -64.89644  -64.65305 345.799709      99.96 8.4795e+02    914.871      21958  1029.4424  1029.4414    34.6551    34.6537    7.75056         14 0.0000e+00
    362.000    358.139     1.3735  30.123331     1.3732  30.122211     4.2090     4.2612    -0.0151    91.9179 1.0000e-12  -64.89644  -64.65304 345.799716      99.97 8.4795e+02    915.424      21971  1029.4470  1029.4461    34.6550    34.6539    7.75047         13 0.0000e+00
    363.000    359.128     1.3783  30.129023     1.3779  30.127479     4.2021     4.2649    -0.0150    91.9100 1.0000e-12  -64.89646  -64.65304 345.799722      99.97 8.4795e+02    915.951      21984  1029.4523  1029.4511    34.6564    34.6548    7.74945         12 0.0000e+00
    364.000    360.116     1.3786  30.130453     1.3783  30.128904     4.2011     4.2667    -0.0073    91.9102 1.0000e-12  -64.89646  -64.65304 345.799728      99.97 -9.990e-29    916.462      21996  1029.4577  1029.4563    34.6573    34.6556    7.74934         12 0.0000e+00
    365.000    361.108     1.3779  30.130025     1.3777  30.128855     4.2036     4.2622    -0.0060    91.9122 1.0000e-12  -64.89646  -64.65304 345.799733      99.97 8.5147e+02    916.962      22008  1029.4622  1029.4611    34.6569    34.6556    7.74950         13 0.0000e+00
    366.000    362.096     1.3785  30.131162     1.3788  30.130376     4.2033     4.2638    -0.0006    91.9226 1.0000e-12  -64.89646  -64.65304 345.799740      99.97 8.5147e+02    917.498      22021  1029.4670  1029.4658    34.6572    34.6558    7.74937         14 0.0000e+00
    367.000    363.082     1.3790  30.132047     1.3791  30.130995     4.2043     4.2620    -0.0105    91.8735 1.0000e-12  -64.89645  -64.65305 345.799767      99.97 8.5241e+02    919.878      22078  1029.4717  1029.4705    34.6572    34.6557    7.74927         33 0.0000e+00
    368.000    364.071     1.3805  30.134069     1.3804  30.132851     4.2044     4.2603     0.0002    91.8547 1.0000e-12  -64.89644  -64.65306 345.799797      99.97 8.5194e+02    922.448      22140  1029.4765  1029.4754    34.6575    34.6561    7.74895         29 0.0000e+00
    369.000    365.058     1.3820  30.136481     1.3816  30.135079     4.2049     4.2562    -0.0075    91.8814 1.0000e-12  -64.89644  -64.65306 345.799809      99.97 8.5185e+02    923.474      22164  1029.4817  1029.4807    34.6583    34.6569    7.74861         23 0.0000e+00
    370.000    366.049     1.3829  30.137723     1.3826  30.136403     4.1988     4.2581    -0.0071    91.8708 1.0000e-12  -64.89644  -64.65306 345.799820      99.97 8.5320e+02    924.458      22188  1029.4863  1029.4853    34.6583    34.6570    7.74844         26 0.0000e+00
    371.000    367.037     1.3829  30.138315     1.3830  30.137230     4.2013     4.2575    -0.0098    91.8924 1.0000e-12  -64.89644  -64.65306 345.799835      99.97 8.5363e+02    925.779      22220  1029.4912  1029.4900    34.6585    34.6570    7.74843         35 0.0000e+00
    372.000    368.025     1.3828  30.138799     1.3829  30.137547     4.1935     4.2483    -0.0152    91.8704 1.0000e-12  -64.89644  -64.65306 345.799853      99.97 8.5488e+02    927.303      22256  1029.4961  1029.4947    34.6587    34.6569    7.74844         33 0.0000e+00
    373.000    369.013     1.3839  30.139882     1.3837  30.138662     4.1783     4.2497    -0.0144    91.9271 1.0000e-12  -64.89644  -64.65304 345.799867      99.97 8.5353e+02    928.505      22285  1029.5003  1029.4993    34.6582    34.6569    7.74824         24 0.0000e+00
    374.000    370.002     1.3890  30.145607     1.3886  30.144406     4.1797     4.2458    -0.0106    91.8710 1.0000e-12  -64.89644  -64.65304 345.799877      99.97 8.5323e+02    929.365      22306  1029.5054  1029.5045    34.6594    34.6582    7.74719         20 0.0000e+00
    375.000    370.991     1.3890  30.146482     1.3884  30.144941     4.1846     4.2372    -0.0066    91.9194 1.0000e-12  -64.89644  -64.65304 345.799886      99.97 8.5256e+02    930.133      22324  1029.5106  1029.5095    34.6599    34.6585    7.74716         18 0.0000e+00
    376.000    371.979     1.3899  30.147615     1.3893  30.146259     4.1782     4.2355    -0.0062    91.9104 1.0000e-12  -64.89644  -64.65304 345.799895      99.97 8.5149e+02    930.920      22343  1029.5151  1029.5142    34.6598    34.6587    7.74699         20 0.0000e+00
    377.000    372.967     1.3961  30.154397     1.3958  30.153250     4.1741     4.2384    -0.0010    91.9215 1.0000e-12  -64.89645  -64.65304 345.799907      99.97 8.5003e+02    931.952      22368  1029.5201  1029.5191    34.6610    34.6598    7.74569         32 0.0000e+00
    378.000    373.954     1.3981  30.157709     1.3963  30.154622     4.1742     4.2299    -0.0015    91.9903 1.0000e-12  -64.89645  -64.65306 345.799939      99.97 8.5141e+02    934.749      22435  1029.5258  1029.5244    34.6624    34.6604    7.74523         33 0.0000e+00
    379.000    374.944     1.3982  30.158434     1.3979  30.157230     4.1737     4.2214    -0.0073    92.0033 1.0000e-12  -64.89644  -64.65306 345.799960      99.97 8.5147e+02    936.520      22477  1029.5308  1029.5298    34.6627    34.6615    7.74519         25 0.0000e+00
    380.000    375.933     1.3995  30.160198     1.3987  30.158064     4.1665     4.2207    -0.0069    92.0074 1.0000e-12  -64.89644  -64.65304 345.799969      99.97 8.5147e+02    937.352      22497  1029.5354  1029.5341    34.6629    34.6611    7.74492         18 0.0000e+00
    381.000    376.918     1.4026  30.163781     1.4033  30.163384     4.1568     4.2247    -0.0063    92.0241 1.0000e-12  -64.89644  -64.65304 345.799977      99.97 8.5147e+02    938.048      22514  1029.5403  1029.5392    34.6635    34.6622    7.74428         16 0.0000e+00
    382.000    377.911     1.4076  30.169896     1.4073  30.168936     4.1569     4.2246    -0.0069    92.0383 1.0000e-12  -64.89644  -64.65304 345.799985      99.97 8.5147e+02    938.741      22531  1029.5459  1029.5451    34.6652    34.6643    7.74321         18 0.0000e+00
    383.000    378.897     1.4104  30.174144     1.4095  30.172073     4.1634     4.2181    -0.0071    92.0323 1.0000e-12  -64.89644  -64.65304 345.799999      99.97 8.5147e+02    939.920      22559  1029.5517  1029.5505    34.6669    34.6653    7.74256         24 0.0000e+00
    384.000    379.887     1.4094  30.173002     1.4096  30.172404     4.1533     4.2074    -0.0067    92.0132 1.0000e-12  -64.89644  -64.65304 345.800029      99.97 8.5160e+02    942.532      22622  1029.5559  1029.5549    34.6660    34.6649    7.74281         29 0.0000e+00
    385.000    380.873     1.4127  30.177074     1.4117  30.175158     4.1456     4.1976    -0.0090    92.0365 1.0000e-12  -64.89644  -64.65304 345.800040      99.97 8.5327e+02    943.417      22643  1029.5610  1029.5601    34.6669    34.6657    7.74211         18 0.0000e+00
    386.000    381.862     1.4178  30.182695     1.4183  30.182325     4.1389     4.1994    -0.0151    92.0528 1.0000e-12  -64.89644  -64.65304 345.800047      99.95 8.5323e+02    944.090      22659  1029.5659  1029.5651    34.6678    34.6669    7.74105         15 0.0000e+00
    387.000    382.851     1.4251  30.191945     1.4247  30.190615     4.1351     4.2022    -0.0108    92.0444 1.0000e-12  -64.89644  -64.65304 345.800054      99.41 8.5437e+02    944.688      22674  1029.5724  1029.5714    34.6711    34.6698    7.73945         14 0.0000e+00
    388.000    383.841     1.4276  30.196171     1.4272  30.194722     4.1351     4.1995    -0.0056    92.0469 1.0000e-12  -64.89644  -64.65304 345.800061      97.96 8.5498e+02    945.297      22688  1029.5784  1029.5773    34.6731    34.6716    7.73885         16 0.0000e+00
    389.000    384.827     1.4262  30.194913     1.4246  30.192247     4.1398     4.1995     0.0017    92.0393 1.0000e-12  -64.89644  -64.65304 345.800087      99.60 8.5500e+02    947.490      22741  1029.5829  1029.5818    34.6724    34.6709    7.73916         32 0.0000e+00
    390.000    385.816     1.4243  30.193202     1.4237  30.190927     4.1434     4.2006     0.0006    92.0329 1.0000e-12  -64.89644  -64.65304 345.800121      99.98 8.5500e+02    950.476      22812  1029.5874  1029.5857    34.6717    34.6696    7.73956         27 0.0000e+00
    391.000    386.804     1.4259  30.195151     1.4252  30.193294     4.1499     4.1984    -0.0062    92.0158 1.0000e-12  -64.89644  -64.65302 345.800131      99.96 8.5500e+02    951.296      22832  1029.5921  1029.5909    34.6719    34.6703    7.73925         19 0.0000e+00
    392.000    387.791     1.4277  30.197800     1.4276  30.196813     4.1458     4.1983    -0.0065    92.0372 1.0000e-12  -64.89644  -64.65302 345.800139      99.68 8.5500e+02    952.052      22850  1029.5973  1029.5963    34.6727    34.6716    7.73885         18 0.0000e+00
    393.000    388.782     1.4278  30.198400     1.4272  30.196676     4.1400     4.2019    -0.0150    92.0132 1.0000e-12  -64.89644  -64.65302 345.800148      99.07 8.5500e+02    952.811      22868  1029.6020  1029.6009    34.6728    34.6714    7.73883         18 0.0000e+00
    394.000    389.769     1.4278  30.198831     1.4272  30.197259     4.1381     4.2012    -0.0088    92.0086 1.0000e-12  -64.89644  -64.65302 345.800158      98.24 8.5500e+02    953.627      22888  1029.6067  1029.6057    34.6728    34.6714    7.73883         22 0.0000e+00
    395.000    390.757     1.4278  30.199265     1.4272  30.197747     4.1488     4.1995    -0.0074    92.0103 1.0000e-12  -64.89644  -64.65302 345.800169      97.97 8.5500e+02    954.587      22911  1029.6114  1029.6104    34.6728    34.6715    7.73883         24 0.0000e+00
    396.000    391.746     1.4277  30.199508     1.4272  30.198083     4.1483     4.1996    -0.0109    92.0132 1.0000e-12  -64.89644  -64.65302 345.800181      97.60 8.5500e+02    955.649      22937  1029.6160  1029.6151    34.6726    34.6714    7.73885         27 0.0000e+00
    397.000    392.734     1.4278  30.199882     1.4275  30.198411     4.1450     4.1984    -0.0100    92.0132 1.0000e-12  -64.89644  -64.65303 345.800197      96.32 8.5500e+02    957.062      22970  1029.6205  1029.6194    34.6724    34.6709    7.73885         39 0.0000e+00
    398.000    393.721     1.4278  30.200221     1.4273  30.198575     4.1390     4.1918    -0.0036    92.0222 1.0000e-12  -64.89644  -64.65302 345.800224      95.77 8.5481e+02    959.314      23025  1029.6251  1029.6240    34.6722    34.6708    7.73885         36 0.0000e+00
    399.000    394.710     1.4285  30.201931     1.4283  30.200585     4.1375     4.1940    -0.0141    92.0257 1.0000e-12  -64.89644  -64.65302 345.800241      95.03 8.5318e+02    960.838      23061  1029.6304  1029.6293    34.6731    34.6717    7.73867         29 0.0000e+00
    400.000    395.700     1.4291  30.203055     1.4290  30.202000     4.1424     4.1928    -0.0140    92.0166 1.0000e-12  -64.89644  -64.65301 345.800253      94.64 8.5323e+02    961.859      23086  1029.6352  1029.6342    34.6733    34.6720    7.73854         21 0.0000e+00
    401.000    396.686     1.4302  30.204637     1.4299  30.203299     4.1412     4.1940    -0.0065    91.9936 1.0000e-12  -64.89644  -64.65300 345.800263      93.42 8.5448e+02    962.697      23106  1029.6400  1029.6389    34.6735    34.6722    7.73831         20 0.0000e+00
    402.000    397.676     1.4304  30.205198     1.4299  30.203853     4.1343     4.1921    -0.0119    92.0025 1.0000e-12  -64.89644  -64.65300 345.800273      91.49 8.5499e+02    963.552      23126  1029.6446  1029.6437    34.6734    34.6723    7.73827         22 0.0000e+00
    403.000    398.665     1.4315  30.206807     1.4311  30.205376     4.1380     4.1934    -0.0078    92.0166 1.0000e-12  -64.89644  -64.65301 345.800286      91.00 8.5479e+02    964.672      23153  1029.6494  1029.6483    34.6737    34.6723    7.73805         33 0.0000e+00
    404.000    399.652     1.4297  30.205311     1.4295  30.204137     4.1381     4.1938    -0.0140    92.0256 1.0000e-12  -64.89644  -64.65302 345.800306      89.94 8.5303e+02    966.401      23195  1029.6539  1029.6529    34.6732    34.6719    7.73843         39 0.0000e+00
    405.000    400.640     1.4302  30.206397     1.4297  30.204809     4.1411     4.1951    -0.0148    92.0348 1.0000e-12  -64.89645  -64.65301 345.800323      88.86 8.5144e+02    967.926      23231  1029.6587  1029.6576    34.6735    34.6720    7.73832         30 0.0000e+00
    406.000    401.629     1.4306  30.207429     1.4301  30.205825     4.1453     4.1930    -0.0089    92.0153 1.0000e-12  -64.89646  -64.65300 345.800336      88.45 8.5178e+02    969.007      23257  1029.6637  1029.6625    34.6738    34.6723    7.73823         23 0.0000e+00
    407.000    402.616     1.4310  30.208229     1.4304  30.206660     4.1417     4.1958    -0.0160    92.0268 1.0000e-12  -64.89646  -64.65300 345.800347      86.90 8.5354e+02    969.949      23280  1029.6683  1029.6672    34.6738    34.6724    7.73815         24 0.0000e+00
    408.000    403.606     1.4325  30.209800     1.4319  30.208161     4.1355     4.1935    -0.0117    92.0279 1.0000e-12  -64.89644  -64.65300 345.800362      85.74 8.5495e+02    971.313      23313  1029.6726  1029.6716    34.6735    34.6722    7.73786         40 0.0000e+00
    409.000    404.593     1.4322  30.209976     1.4314  30.208345     4.1368     4.1900    -0.0097    92.0316 1.0000e-12  -64.89644  -64.65300 345.800382      84.48 8.5500e+02    973.037      23354  1029.6774  1029.6765    34.6736    34.6724    7.73793         35 0.0000e+00
