NBP2113_155081_ctd/data/dnbp2113_007.cnv
* Sea-Bird SBE 9 Data File:
* FileName = D:\Data\raw\NBP2113_007.hex
* Software Version Seasave V 7.26.7.121
* Temperature SN = 2438
* Conductivity SN = 2067
* Number of Bytes Per Scan = 40
* Number of Voltage Words = 5
* Number of Scans Averaged by the Deck Unit = 1
* NMEA Latitude = 64 56.06 S
* NMEA Longitude = 064 23.87 W
* NMEA UTC (Time) = Nov 25 2021  03:27:42
* NMEA baud rate = 9600
** Ship: RVIB N.B. Palmer
** Cruise: NBP2113 LTER
** Station: 600.040
** Operator: B. Urmston
# nquan = 25
# nvalues = 72                          
# units = specified
# name 0 = prDM: Pressure, Digiquartz [db]
# name 1 = depSM: Depth [salt water, m]
# name 2 = t090C: Temperature [ITS-90, deg C]
# name 3 = c0mS/cm: Conductivity [mS/cm]
# name 4 = t190C: Temperature, 2 [ITS-90, deg C]
# name 5 = c1mS/cm: Conductivity, 2 [mS/cm]
# name 6 = sbeox0ML/L: Oxygen, SBE 43 [ml/l]
# name 7 = sbeox1ML/L: Oxygen, SBE 43, 2 [ml/l]
# name 8 = flECO-AFL: Fluorescence, WET Labs ECO-AFL/FL [mg/m^3]
# name 9 = CStarTr0: Beam Transmission, WET Labs C-Star [%]
# name 10 = par: PAR/Irradiance, Biospherical/Licor
# name 11 = latitude: Latitude [deg]
# name 12 = longitude: Longitude [deg]
# name 13 = timeJ: Julian Days
# name 14 = altM: Altimeter [m]
# name 15 = spar: SPAR, Biospherical/Licor
# name 16 = timeS: Time, Elapsed [seconds]
# name 17 = scan: Scan Count
# name 18 = density00: Density [density, kg/m^3]
# name 19 = density11: Density, 2 [density, kg/m^3]
# name 20 = sal00: Salinity, Practical [PSU]
# name 21 = sal11: Salinity, Practical, 2 [PSU]
# name 22 = oxsolML/L: Oxygen Saturation, Garcia & Gordon [ml/l]
# name 23 = nbin: number of scans per bin
# name 24 = flag: flag
# span 0 =      5.000,     76.000       
# span 1 =      4.946,     75.242       
# span 2 =    -0.8393,    -0.1887       
# span 3 =  27.393744,  28.276676       
# span 4 =    -0.8270,    -0.1887       
# span 5 =  27.408914,  28.272486       
# span 6 =     7.2759,     8.2796       
# span 7 =     7.2485,     8.1293       
# span 8 =     0.2529,     1.2503       
# span 9 =    91.9942,    96.3017       
# span 10 = -1.049e-05, 3.0859e-01      
# span 11 =  -64.93334,  -64.93332      
# span 12 =  -64.39859,  -64.39820      
# span 13 = 329.147678, 329.151078      
# span 14 =      99.97,      99.98      
# span 15 = 0.0000e+00, 0.0000e+00      
# span 16 =    297.347,    591.131      
# span 17 =       7137,      14188      
# span 18 =  1027.1559,  1027.8081      
# span 19 =  1027.1608,  1027.8030      
# span 20 =    33.7405,    34.1690      
# span 21 =    33.7473,    34.1631      
# span 22 =    8.09846,    8.26191      
# span 23 =         12,         49      
# span 24 = 0.0000e+00, 0.0000e+00      
# interval = decibars: 1                
# start_time = Nov 25 2021 03:27:42 [NMEA time, header]
# bad_flag = -9.990e-29
*END*
[from data line 58]
     63.000     62.374    -0.2387  28.181151    -0.2393  28.177867     7.6414     7.5842     0.6198    94.6808 1.0000e-12  -64.93332  -64.39851 329.150246      99.97 0.0000e+00    519.289      12464  1027.6857  1027.6828    34.0921    34.0885    8.11179         40 0.0000e+00
     64.000     63.364    -0.2338  28.187992    -0.2331  28.186475     7.6291     7.5617     0.6388    94.7223 1.0000e-12  -64.93332  -64.39852 329.150303      99.97 0.0000e+00    524.203      12582  1027.6926  1027.6904    34.0952    34.0924    8.11057         42 0.0000e+00
     65.000     64.353    -0.2322  28.190327    -0.2318  28.188332     7.6406     7.5484     0.6257    94.8385 1.0000e-12  -64.93332  -64.39852 329.150398      99.97 0.0000e+00    532.357      12778  1027.6981  1027.6955    34.0958    34.0928    8.11019         36 0.0000e+00
     66.000     65.343    -0.2260  28.198109    -0.2253  28.196812     7.5970     7.5364     0.5460    94.9877 1.0000e-12  -64.93332  -64.39852 329.150425      99.97 0.0000e+00    534.686      12833  1027.7047  1027.7026    34.0987    34.0962    8.10872         38 0.0000e+00
     67.000     66.333    -0.2224  28.203168    -0.2219  28.201593     7.5983     7.5213     0.5633    94.9522 1.0000e-12  -64.93332  -64.39854 329.150506      99.97 0.0000e+00    541.686      13001  1027.7110  1027.7088    34.1008    34.0982    8.10783         45 0.0000e+00
     68.000     67.324    -0.2164  28.211782    -0.2157  28.210437     7.5952     7.5179     0.6413    95.0286 1.0000e-12  -64.93332  -64.39854 329.150560      99.98 0.0000e+00    546.406      13115  1027.7188  1027.7167    34.1050    34.1024    8.10632         15 0.0000e+00
     69.000     68.312    -0.2181  28.210487    -0.2177  28.209016     7.6043     7.5076     0.6824    95.2851 1.0000e-12  -64.93332  -64.39856 329.150643      99.97 0.0000e+00    553.557      13286  1027.7235  1027.7215    34.1045    34.1021    8.10670         24 0.0000e+00
     70.000     69.303    -0.2171  28.213829    -0.2169  28.211834     7.5959     7.5033     0.5864    95.3155 1.0000e-12  -64.93332  -64.39856 329.150693      99.98 0.0000e+00    557.897      13391  1027.7305  1027.7281    34.1073    34.1044    8.10634         30 0.0000e+00
     71.000     70.294    -0.2147  28.217804    -0.2136  28.217098     7.5415     7.4548     0.5286    95.4243 1.0000e-12  -64.93332  -64.39856 329.150760      99.98 0.0000e+00    563.696      13530  1027.7367  1027.7349    34.1093    34.1071    8.10571         37 0.0000e+00
     72.000     71.282    -0.1999  28.240669    -0.1990  28.239899     7.4245     7.4011     0.3865    95.5565 1.0000e-12  -64.93332  -64.39856 329.150809      99.97 0.0000e+00    567.885      13630  1027.7511  1027.7495    34.1226    34.1206    8.10182         39 0.0000e+00
     73.000     72.272    -0.1887  28.263343    -0.1887  28.260756     7.4153     7.3653     0.4429    95.5873 1.0000e-12  -64.93332  -64.39858 329.150888      99.98 0.0000e+00    574.728      13794  1027.7691  1027.7663    34.1397    34.1363    8.09846         37 0.0000e+00
     74.000     73.262    -0.1965  28.270237    -0.1958  28.269025     7.3055     7.2616     0.4099    95.7967 1.0000e-12  -64.93332  -64.39858 329.150943      99.98 0.0000e+00    579.476      13908  1027.7887  1027.7866    34.1570    34.1546    8.09914         48 0.0000e+00
     75.000     74.253    -0.1999  28.273453    -0.2004  28.271994     7.2759     7.2485     0.2822    96.0363 1.0000e-12  -64.93332  -64.39859 329.151001      99.98 0.0000e+00    584.517      14029  1027.7997  1027.7986    34.1644    34.1631    8.09942         39 0.0000e+00
     76.000     75.242    -0.2006  28.276676    -0.2000  28.272486     7.4405     7.3430     0.2529    96.3017 1.0000e-12  -64.93332  -64.39859 329.151078      99.98 0.0000e+00    591.131      14188  1027.8081  1027.8030    34.1690    34.1627    8.09932         49 0.0000e+00
