NBP2113_155081_ctd/data/dnbp2113_067.cnv
* Sea-Bird SBE 9 Data File:
* FileName = D:\Data\raw\NBP2113_067.hex
* Software Version Seasave V 7.26.7.121
* Temperature SN = 2438
* Conductivity SN = 2067
* Number of Bytes Per Scan = 40
* Number of Voltage Words = 5
* Number of Scans Averaged by the Deck Unit = 1
* NMEA Latitude = 64 09.64 S
* NMEA Longitude = 061 49.92 W
* NMEA UTC (Time) = Dec 14 2021  19:29:58
* NMEA baud rate = 9600
** Ship: RVIB N.B. Palmer
** Cruise: NBP2113 LTER
** Station: 744.002
** Operator: S. Blackman
# nquan = 25
# nvalues = 471                         
# units = specified
# name 0 = prDM: Pressure, Digiquartz [db]
# name 1 = depSM: Depth [salt water, m]
# name 2 = t090C: Temperature [ITS-90, deg C]
# name 3 = c0mS/cm: Conductivity [mS/cm]
# name 4 = t190C: Temperature, 2 [ITS-90, deg C]
# name 5 = c1mS/cm: Conductivity, 2 [mS/cm]
# name 6 = sbeox0ML/L: Oxygen, SBE 43 [ml/l]
# name 7 = sbeox1ML/L: Oxygen, SBE 43, 2 [ml/l]
# name 8 = flECO-AFL: Fluorescence, WET Labs ECO-AFL/FL [mg/m^3]
# name 9 = CStarTr0: Beam Transmission, WET Labs C-Star [%]
# name 10 = par: PAR/Irradiance, Biospherical/Licor
# name 11 = latitude: Latitude [deg]
# name 12 = longitude: Longitude [deg]
# name 13 = timeJ: Julian Days
# name 14 = altM: Altimeter [m]
# name 15 = spar: SPAR, Biospherical/Licor
# name 16 = timeS: Time, Elapsed [seconds]
# name 17 = scan: Scan Count
# name 18 = density00: Density [density, kg/m^3]
# name 19 = density11: Density, 2 [density, kg/m^3]
# name 20 = sal00: Salinity, Practical [PSU]
# name 21 = sal11: Salinity, Practical, 2 [PSU]
# name 22 = oxsolML/L: Oxygen Saturation, Garcia & Gordon [ml/l]
# name 23 = nbin: number of scans per bin
# name 24 = flag: flag
# span 0 =      6.000,    476.000       
# span 1 =      5.951,    470.818       
# span 2 =    -0.7137,     0.3608       
# span 3 =  28.126937,  28.719224       
# span 4 =    -0.7135,     0.3602       
# span 5 =  28.125652,  28.717903       
# span 6 =     5.7148,     7.2970       
# span 7 =     5.8807,     7.3654       
# span 8 =    -0.0222,     1.0609       
# span 9 =    84.3543,    90.3031       
# span 10 = -4.386e-05, 1.2927e+02      
# span 11 =  -64.16166,  -64.16103      
# span 12 =  -61.83263,  -61.83203      
# span 13 = 348.815793, 348.824597      
# span 14 =       8.94,     100.17      
# span 15 = 6.7695e+02, 8.7793e+02      
# span 16 =    286.482,   1047.158      
# span 17 =       6877,      25133      
# span 18 =  1027.3697,  1030.0097      
# span 19 =  1027.3657,  1030.0080      
# span 20 =    34.0631,    34.5208      
# span 21 =    34.0603,    34.5193      
# span 22 =    7.98751,    8.19334      
# span 23 =          9,         49      
# span 24 = 0.0000e+00, 0.0000e+00      
# interval = decibars: 1                
# start_time = Dec 14 2021 19:29:58 [NMEA time, header]
# bad_flag = -9.990e-29
*END*
[from data line 290]
    296.000    292.906    -0.6768  28.201352    -0.6767  28.199997     6.2844     6.3500    -0.0128    90.1632 1.0000e-12  -64.16138  -61.83236 348.821697      99.97 8.6735e+02    796.656      19121  1029.1242  1029.1227    34.4712    34.4694    8.18407         26 0.0000e+00
    297.000    293.896    -0.6742  28.204995    -0.6741  28.203685     6.2763     6.3492    -0.0201    90.1499 1.0000e-12  -64.16138  -61.83236 348.821710      99.97 8.6734e+02    797.731      19147  1029.1298  1029.1283    34.4726    34.4707    8.18343         27 0.0000e+00
    298.000    294.884    -0.6717  28.207797    -0.6715  28.206735     6.2755     6.3453    -0.0166    90.1529 1.0000e-12  -64.16138  -61.83236 348.821724      99.97 8.6734e+02    798.985      19177  1029.1348  1029.1334    34.4730    34.4713    8.18288         33 0.0000e+00
    299.000    295.872    -0.6647  28.215526    -0.6650  28.213897     6.2714     6.3465    -0.0017    90.1801 1.0000e-12  -64.16138  -61.83236 348.821740      99.97 8.6734e+02    800.330      19209  1029.1405  1029.1390    34.4749    34.4729    8.18126         30 0.0000e+00
    300.000    296.862    -0.6614  28.219484    -0.6615  28.217967     6.2564     6.3364    -0.0138    90.1849 1.0000e-12  -64.16138  -61.83236 348.821754      99.97 8.6734e+02    801.529      19238  1029.1458  1029.1443    34.4758    34.4738    8.18048         28 0.0000e+00
    301.000    297.850    -0.6526  28.228798    -0.6532  28.226925     6.2560     6.3303    -0.0078    90.1674 1.0000e-12  -64.16138  -61.83236 348.821767      99.97 8.6734e+02    802.696      19266  1029.1516  1029.1502    34.4778    34.4759    8.17847         29 0.0000e+00
    302.000    298.839    -0.6459  28.236763    -0.6457  28.235559     6.2519     6.3285    -0.0054    90.1729 1.0000e-12  -64.16138  -61.83236 348.821781      99.97 8.6734e+02    803.878      19294  1029.1578  1029.1564    34.4802    34.4784    8.17687         28 0.0000e+00
    303.000    299.828    -0.6453  28.237909    -0.6451  28.236795     6.2629     6.3296    -0.0025    90.1726 1.0000e-12  -64.16138  -61.83236 348.821794      99.97 8.6734e+02    804.990      19321  1029.1628  1029.1615    34.4804    34.4787    8.17672         25 0.0000e+00
    304.000    300.816    -0.6446  28.239119    -0.6448  28.237538     6.2641     6.3286    -0.0103    90.1483 1.0000e-12  -64.16138  -61.83236 348.821807      99.97 8.6734e+02    806.134      19348  1029.1679  1029.1664    34.4807    34.4788    8.17656         30 0.0000e+00
    305.000    301.806    -0.6443  28.240010    -0.6444  28.238670     6.2607     6.3310    -0.0148    90.1773 1.0000e-12  -64.16140  -61.83236 348.821823      99.97 8.6734e+02    807.520      19381  1029.1729  1029.1715    34.4810    34.4792    8.17649         31 0.0000e+00
    306.000    302.795    -0.6425  28.242272    -0.6428  28.240592     6.2601     6.3341    -0.0025    90.1587 1.0000e-12  -64.16140  -61.83236 348.821839      99.97 8.6734e+02    808.929      19415  1029.1779  1029.1764    34.4813    34.4795    8.17607         30 0.0000e+00
    307.000    303.784    -0.6413  28.243813    -0.6415  28.242217     6.2565     6.3235    -0.0072    90.2111 1.0000e-12  -64.16140  -61.83236 348.821853      99.97 8.6734e+02    810.092      19443  1029.1827  1029.1812    34.4815    34.4795    8.17581         27 0.0000e+00
    308.000    304.771    -0.6364  28.248781    -0.6368  28.247029     6.2490     6.3255    -0.0077    90.2076 1.0000e-12  -64.16140  -61.83236 348.821865      99.97 8.6734e+02    811.159      19469  1029.1876  1029.1861    34.4820    34.4801    8.17472         25 0.0000e+00
    309.000    305.761    -0.6351  28.250938    -0.6349  28.249756     6.2444     6.3215    -0.0009    90.1654 1.0000e-12  -64.16140  -61.83236 348.821878      99.97 8.6734e+02    812.261      19495  1029.1929  1029.1915    34.4827    34.4810    8.17439         27 0.0000e+00
    310.000    306.749    -0.6351  28.251250    -0.6358  28.249352     6.2404     6.3133    -0.0080    90.1850 1.0000e-12  -64.16140  -61.83236 348.821891      99.97 8.6734e+02    813.424      19523  1029.1976  1029.1962    34.4826    34.4808    8.17441         29 0.0000e+00
    311.000    307.739    -0.6338  28.252969    -0.6345  28.250847     6.2329     6.3019    -0.0150    90.1882 1.0000e-12  -64.16140  -61.83236 348.821906      99.97 8.6734e+02    814.662      19553  1029.2025  1029.2009    34.4828    34.4808    8.17411         31 0.0000e+00
    312.000    308.727    -0.6328  28.254203    -0.6331  28.252785     6.2240     6.2943    -0.0121    90.1982 1.0000e-12  -64.16140  -61.83236 348.821921      99.97 8.6724e+02    815.998      19585  1029.2071  1029.2058    34.4827    34.4811    8.17390         33 0.0000e+00
    313.000    309.716    -0.6210  28.266641    -0.6189  28.267235     6.1993     6.2750    -0.0120    90.1792 1.0000e-12  -64.16140  -61.83236 348.821937      99.97 8.6556e+02    817.362      19618  1029.2132  1029.2118    34.4855    34.4839    8.17120         32 0.0000e+00
    314.000    310.703    -0.6103  28.277361    -0.6111  28.275256     6.1735     6.2609    -0.0150    90.1745 1.0000e-12  -64.16140  -61.83236 348.821951      99.97 8.6557e+02    818.575      19647  1029.2185  1029.2171    34.4871    34.4852    8.16878         27 0.0000e+00
    315.000    311.693    -0.5971  28.291533    -0.5970  28.290279     6.1624     6.2637    -0.0100    90.1637 1.0000e-12  -64.16140  -61.83236 348.821963      99.97 8.6557e+02    819.620      19672  1029.2252  1029.2237    34.4906    34.4887    8.16575         24 0.0000e+00
    316.000    312.682    -0.5974  28.292354    -0.5969  28.291572     6.1703     6.2567    -0.0031    90.1892 1.0000e-12  -64.16140  -61.83236 348.821975      99.97 8.6557e+02    820.660      19697  1029.2308  1029.2294    34.4915    34.4898    8.16577         26 0.0000e+00
    317.000    313.671    -0.5975  28.292909    -0.5975  28.291453     6.1779     6.2539    -0.0004    90.1672 1.0000e-12  -64.16140  -61.83236 348.821990      99.97 8.6557e+02    821.895      19726  1029.2358  1029.2343    34.4917    34.4898    8.16577         32 0.0000e+00
    318.000    314.659    -0.5880  28.302060    -0.5897  28.299070     6.1777     6.2514    -0.0019    90.1753 1.0000e-12  -64.16140  -61.83236 348.822006      99.97 8.6499e+02    823.301      19760  1029.2407  1029.2392    34.4926    34.4906    8.16367         34 0.0000e+00
    319.000    315.648    -0.5937  28.297671    -0.5933  28.296988     6.1758     6.2533    -0.0136    90.1916 1.0000e-12  -64.16141  -61.83236 348.822021      99.97 8.6379e+02    824.583      19791  1029.2461  1029.2448    34.4926    34.4911    8.16491         28 0.0000e+00
    320.000    316.638    -0.5938  28.298281    -0.5949  28.296117     6.1734     6.2529    -0.0073    90.1898 1.0000e-12  -64.16142  -61.83236 348.822034      99.97 8.6381e+02    825.713      19818  1029.2512  1029.2499    34.4929    34.4912    8.16490         26 0.0000e+00
    321.000    317.625    -0.6012  28.291866    -0.6014  28.290418     6.1782     6.2521    -0.0074    90.1766 1.0000e-12  -64.16142  -61.83236 348.822047      99.97 8.6381e+02    826.819      19845  1029.2559  1029.2545    34.4921    34.4904    8.16655         28 0.0000e+00
    322.000    318.615    -0.5992  28.293955    -0.5991  28.292671     6.1816     6.2497    -0.0103    90.1865 1.0000e-12  -64.16142  -61.83236 348.822060      99.97 8.6381e+02    828.003      19873  1029.2605  1029.2590    34.4920    34.4902    8.16612         30 0.0000e+00
    323.000    319.603    -0.5952  28.298679    -0.5963  28.296408     6.1762     6.2428    -0.0150    90.1977 1.0000e-12  -64.16142  -61.83236 348.822075      99.97 8.6381e+02    829.301      19904  1029.2659  1029.2645    34.4932    34.4914    8.16519         32 0.0000e+00
    324.000    320.592    -0.5970  28.297595    -0.5970  28.295953     6.1711     6.2385    -0.0097    90.1875 1.0000e-12  -64.16142  -61.83237 348.822090      99.97 8.6381e+02    830.599      19935  1029.2708  1029.2691    34.4931    34.4910    8.16557         30 0.0000e+00
    325.000    321.581    -0.5993  28.296013    -0.5983  28.295551     6.1719     6.2399    -0.0190    90.2199 1.0000e-12  -64.16142  -61.83237 348.822104      99.97 8.6381e+02    831.814      19965  1029.2756  1029.2741    34.4930    34.4913    8.16607         28 0.0000e+00
    326.000    322.569    -0.5981  28.297337    -0.5964  28.297811     6.1671     6.2375    -0.0096    90.1997 1.0000e-12  -64.16142  -61.83237 348.822118      99.97 8.6381e+02    832.974      19992  1029.2801  1029.2790    34.4928    34.4915    8.16583         28 0.0000e+00
    327.000    323.558    -0.5984  28.297315    -0.5985  28.296020     6.1714     6.2420    -0.0142    90.2162 1.0000e-12  -64.16144  -61.83236 348.822131      99.97 8.6381e+02    834.143      20020  1029.2847  1029.2834    34.4926    34.4909    8.16592         28 0.0000e+00
    328.000    324.546    -0.5922  28.303488    -0.5921  28.302420     6.1682     6.2382    -0.0222    90.2231 1.0000e-12  -64.16144  -61.83238 348.822145      99.97 8.6381e+02    835.299      20048  1029.2896  1029.2883    34.4932    34.4916    8.16454         27 0.0000e+00
    329.000    325.536    -0.5915  28.304837    -0.5886  28.305257     6.1675     6.2371    -0.0140    90.2125 1.0000e-12  -64.16144  -61.83238 348.822158      99.97 8.6381e+02    836.438      20076  1029.2946  1029.2922    34.4936    34.4909    8.16436         28 0.0000e+00
    330.000    326.524    -0.5808  28.314457    -0.5761  28.318176     6.1668     6.2302    -0.0032    90.2039 1.0000e-12  -64.16144  -61.83238 348.822172      99.97 8.6321e+02    837.627      20104  1029.2986  1029.2980    34.4937    34.4934    8.16204         30 0.0000e+00
    331.000    327.513    -0.5712  28.324414    -0.5718  28.322421     6.1633     6.2258    -0.0149    90.2123 1.0000e-12  -64.16144  -61.83238 348.822186      99.97 8.6279e+02    838.910      20135  1029.3042  1029.3027    34.4956    34.4937    8.15987         31 0.0000e+00
    332.000    328.501    -0.5679  28.328078    -0.5682  28.326516     6.1642     6.2323    -0.0150    90.2078 1.0000e-12  -64.16144  -61.83238 348.822203      99.97 8.6205e+02    840.348      20169  1029.3093  1029.3079    34.4963    34.4944    8.15914         36 0.0000e+00
    333.000    329.489    -0.5648  28.331214    -0.5648  28.329936     6.1586     6.2282    -0.0150    90.2107 1.0000e-12  -64.16144  -61.83238 348.822221      99.97 8.6205e+02    841.864      20206  1029.3140  1029.3126    34.4963    34.4946    8.15846         33 0.0000e+00
    334.000    330.478    -0.5603  28.336060    -0.5608  28.334228     6.1579     6.2243    -0.0147    90.2238 1.0000e-12  -64.16144  -61.83238 348.822234      99.97 8.6205e+02    843.044      20234  1029.3191  1029.3176    34.4971    34.4952    8.15744         24 0.0000e+00
    335.000    331.468    -0.5576  28.339028    -0.5574  28.337954     6.1511     6.2178    -0.0074    90.2138 1.0000e-12  -64.16144  -61.83238 348.822246      99.97 8.6205e+02    844.040      20258  1029.3240  1029.3226    34.4975    34.4958    8.15685         25 0.0000e+00
    336.000    332.456    -0.5536  28.343255    -0.5535  28.341997     6.1483     6.2197    -0.0022    90.2375 1.0000e-12  -64.16144  -61.83238 348.822259      99.97 8.6205e+02    845.158      20285  1029.3289  1029.3275    34.4980    34.4962    8.15596         30 0.0000e+00
    337.000    333.445    -0.5490  28.348477    -0.5488  28.347404     6.1485     6.2158    -0.0111    90.2428 1.0000e-12  -64.16145  -61.83238 348.822274      99.97 8.6205e+02    846.472      20316  1029.3343  1029.3330    34.4991    34.4975    8.15490         32 0.0000e+00
    338.000    334.433    -0.5470  28.350882    -0.5471  28.349617     6.1488     6.2167    -0.0056    90.2008 1.0000e-12  -64.16146  -61.83238 348.822289      99.97 8.6205e+02    847.779      20348  1029.3394  1029.3380    34.4996    34.4979    8.15445         29 0.0000e+00
    339.000    335.422    -0.5461  28.352315    -0.5462  28.351118     6.1405     6.2134    -0.0115    90.2356 1.0000e-12  -64.16146  -61.83239 348.822302      99.97 8.6205e+02    848.921      20375  1029.3444  1029.3431    34.4999    34.4983    8.15424         27 0.0000e+00
    340.000    336.412    -0.5457  28.353194    -0.5458  28.351767     6.1397     6.2133    -0.0112    90.2067 1.0000e-12  -64.16146  -61.83240 348.822316      99.97 8.6205e+02    850.064      20403  1029.3492  1029.3478    34.4999    34.4981    8.15414         29 0.0000e+00
    341.000    337.400    -0.5455  28.353786    -0.5455  28.352492     6.1412     6.2060    -0.0104    90.2370 1.0000e-12  -64.16146  -61.83240 348.822331      99.97 8.6194e+02    851.404      20435  1029.3540  1029.3526    34.5000    34.4982    8.15411         33 0.0000e+00
    342.000    338.387    -0.5464  28.353902    -0.5466  28.352567     6.1449     6.2125    -0.0083    90.2303 1.0000e-12  -64.16146  -61.83240 348.822348      99.97 8.6048e+02    852.866      20470  1029.3594  1029.3581    34.5005    34.4989    8.15427         34 0.0000e+00
    343.000    339.376    -0.5471  28.353791    -0.5455  28.354090     6.1327     6.2048    -0.0152    90.2129 1.0000e-12  -64.16146  -61.83240 348.822363      99.97 8.6028e+02    854.201      20502  1029.3642  1029.3629    34.5005    34.4990    8.15442         29 0.0000e+00
    344.000    340.365    -0.5408  28.360354    -0.5408  28.359200     6.1242     6.1985    -0.0150    90.2131 1.0000e-12  -64.16146  -61.83240 348.822377      99.97 8.6029e+02    855.414      20531  1029.3693  1029.3681    34.5015    34.5000    8.15299         32 0.0000e+00
    345.000    341.353    -0.5379  28.364370    -0.5378  28.363241     6.1204     6.1935    -0.0104    90.2185 1.0000e-12  -64.16146  -61.83240 348.822393      99.97 8.6029e+02    856.783      20564  1029.3751  1029.3738    34.5030    34.5015    8.15228         33 0.0000e+00
    346.000    342.343    -0.5328  28.370042    -0.5330  28.368592     6.1142     6.1913    -0.0132    90.2210 1.0000e-12  -64.16146  -61.83240 348.822408      99.97 8.6029e+02    858.067      20595  1029.3806  1029.3791    34.5043    34.5025    8.15113         27 0.0000e+00
    347.000    343.330    -0.5326  28.370821    -0.5329  28.369474     6.1195     6.1874     0.0033    90.2108 1.0000e-12  -64.16146  -61.83240 348.822421      99.97 8.6029e+02    859.175      20621  1029.3856  1029.3843    34.5045    34.5030    8.15107         28 0.0000e+00
    348.000    344.320    -0.5287  28.374943    -0.5290  28.373261     6.1096     6.1807     0.0086    90.2107 1.0000e-12  -64.16146  -61.83240 348.822437      99.97 8.6029e+02    860.567      20655  1029.3903  1029.3889    34.5049    34.5031    8.15019         37 0.0000e+00
    349.000    345.307    -0.5247  28.379286    -0.5250  28.377734     6.1101     6.1762    -0.0073    90.2107 1.0000e-12  -64.16146  -61.83240 348.822455      99.97 8.6024e+02    862.131      20692  1029.3954  1029.3940    34.5057    34.5039    8.14930         34 0.0000e+00
    350.000    346.296    -0.5224  28.381875    -0.5225  28.380486     6.1130     6.1733    -0.0151    90.2284 1.0000e-12  -64.16146  -61.83240 348.822469      99.97 8.5986e+02    863.347      20721  1029.4002  1029.3989    34.5059    34.5042    8.14879         25 0.0000e+00
    351.000    347.286    -0.5210  28.383766    -0.5211  28.382500     6.1120     6.1742    -0.0190    90.2195 1.0000e-12  -64.16146  -61.83240 348.822481      99.97 8.5906e+02    864.391      20746  1029.4053  1029.4040    34.5063    34.5047    8.14848         27 0.0000e+00
    352.000    348.273    -0.5208  28.384538    -0.5210  28.383207     6.1066     6.1774    -0.0127    90.2305 1.0000e-12  -64.16148  -61.83242 348.822496      99.97 8.5852e+02    865.616      20776  1029.4102  1029.4089    34.5065    34.5049    8.14842         31 0.0000e+00
