NBP2113_155081_ctd/data/dnbp2113_010.cnv
* Sea-Bird SBE 9 Data File:
* FileName = D:\Data\raw\NBP2113_010.hex
* Software Version Seasave V 7.26.7.121
* Temperature SN = 2438
* Conductivity SN = 2067
* Number of Bytes Per Scan = 40
* Number of Voltage Words = 5
* Number of Scans Averaged by the Deck Unit = 1
* NMEA Latitude = 64 34.40 S
* NMEA Longitude = 065 21.00 W
* NMEA UTC (Time) = Nov 25 2021  20:37:57
* NMEA baud rate = 9600
** Ship: RVIB N.B. Palmer
** Cruise: NBP2113 LTER
** Station: 600.100
** Operator: S. Blackman
# nquan = 25
# nvalues = 601                         
# units = specified
# name 0 = prDM: Pressure, Digiquartz [db]
# name 1 = depSM: Depth [salt water, m]
# name 2 = t090C: Temperature [ITS-90, deg C]
# name 3 = c0mS/cm: Conductivity [mS/cm]
# name 4 = t190C: Temperature, 2 [ITS-90, deg C]
# name 5 = c1mS/cm: Conductivity, 2 [mS/cm]
# name 6 = sbeox0ML/L: Oxygen, SBE 43 [ml/l]
# name 7 = sbeox1ML/L: Oxygen, SBE 43, 2 [ml/l]
# name 8 = flECO-AFL: Fluorescence, WET Labs ECO-AFL/FL [mg/m^3]
# name 9 = CStarTr0: Beam Transmission, WET Labs C-Star [%]
# name 10 = par: PAR/Irradiance, Biospherical/Licor
# name 11 = latitude: Latitude [deg]
# name 12 = longitude: Longitude [deg]
# name 13 = timeJ: Julian Days
# name 14 = altM: Altimeter [m]
# name 15 = spar: SPAR, Biospherical/Licor
# name 16 = timeS: Time, Elapsed [seconds]
# name 17 = scan: Scan Count
# name 18 = density00: Density [density, kg/m^3]
# name 19 = density11: Density, 2 [density, kg/m^3]
# name 20 = sal00: Salinity, Practical [PSU]
# name 21 = sal11: Salinity, Practical, 2 [PSU]
# name 22 = oxsolML/L: Oxygen Saturation, Garcia & Gordon [ml/l]
# name 23 = nbin: number of scans per bin
# name 24 = flag: flag
# span 0 =      5.000,    605.000       
# span 1 =      4.951,    598.213       
# span 2 =    -0.4515,     1.5125       
# span 3 =  27.988996,  30.388462       
# span 4 =    -0.4464,     1.5128       
# span 5 =  27.986799,  30.387347       
# span 6 =     4.0671,     8.3030       
# span 7 =     4.0790,     8.1573       
# span 8 =    -0.0206,     1.3915       
# span 9 =    89.3584,    97.3921       
# span 10 = -7.456e-06, 1.8321e+02      
# span 11 =  -64.57386,  -64.57355      
# span 12 =  -65.34937,  -65.34828      
# span 13 = 329.863143, 329.874157      
# span 14 =       1.28,     101.65      
# span 15 = 4.1601e+02, 4.9322e+02      
# span 16 =    298.573,   1250.123      
# span 17 =       7167,      30004      
# span 18 =  1027.3334,  1030.6078      
# span 19 =  1027.3304,  1030.6064      
# span 20 =    33.9916,    34.7005      
# span 21 =    33.9879,    34.6987      
# span 22 =    7.72074,    8.15281      
# span 23 =         14,         69      
# span 24 = 0.0000e+00, 0.0000e+00      
# interval = decibars: 1                
# start_time = Nov 25 2021 20:37:57 [NMEA time, header]
# bad_flag = -9.990e-29
*END*
[from data line 348]
    353.000    349.251     1.3779  30.121474     1.3782  30.120363     4.3007     4.2778    -0.0077    97.3175 1.0000e-12  -64.57382  -65.34846 329.869964      99.98 4.3719e+02    887.856      21310  1029.4028  1029.4013    34.6529    34.6512    7.74971         14 0.0000e+00
    354.000    350.241     1.3787  30.122870     1.3791  30.121817     4.2995     4.2798    -0.0077    97.3073 1.0000e-12  -64.57382  -65.34846 329.869971      99.98 4.3719e+02    888.458      21324  1029.4076  1029.4062    34.6532    34.6515    7.74953         15 0.0000e+00
    355.000    351.230     1.3789  30.123612     1.3793  30.122573     4.2973     4.2787    -0.0077    97.2938 1.0000e-12  -64.57382  -65.34846 329.869980      99.98 4.3719e+02    889.233      21343  1029.4124  1029.4109    34.6533    34.6516    7.74948         25 0.0000e+00
    356.000    352.217     1.3790  30.124112     1.3794  30.122931     4.2911     4.2718    -0.0077    97.3024 1.0000e-12  -64.57382  -65.34848 329.870013      99.98 4.3719e+02    892.140      21412  1029.4171  1029.4155    34.6533    34.6514    7.74947         36 0.0000e+00
    357.000    353.205     1.3814  30.127190     1.3817  30.126068     4.2777     4.2643    -0.0077    97.2715 1.0000e-12  -64.57382  -65.34847 329.870033      99.98 4.3719e+02    893.882      21454  1029.4221  1029.4207    34.6540    34.6523    7.74896         26 0.0000e+00
    358.000    354.195     1.3821  30.128349     1.3824  30.127271     4.2713     4.2639    -0.0077    97.2905 1.0000e-12  -64.57382  -65.34846 329.870044      99.98 4.3719e+02    894.793      21476  1029.4269  1029.4255    34.6542    34.6525    7.74882         19 0.0000e+00
    359.000    355.184     1.3827  30.129445     1.3830  30.128331     4.2899     4.2695    -0.0098    97.2948 1.0000e-12  -64.57382  -65.34846 329.870053      99.98 4.3719e+02    895.539      21494  1029.4317  1029.4302    34.6544    34.6526    7.74869         17 0.0000e+00
    360.000    356.170     1.3828  30.130147     1.3832  30.129143     4.2954     4.2678    -0.0148    97.2919 1.0000e-12  -64.57382  -65.34846 329.870061      99.98 4.3719e+02    896.264      21511  1029.4364  1029.4350    34.6545    34.6528    7.74865         19 0.0000e+00
    361.000    357.161     1.3830  30.130758     1.3835  30.129757     4.2865     4.2660    -0.0150    97.2918 1.0000e-12  -64.57382  -65.34846 329.870071      99.98 4.3719e+02    897.173      21533  1029.4411  1029.4397    34.6545    34.6527    7.74861         26 0.0000e+00
    362.000    358.147     1.3838  30.131902     1.3843  30.131065     4.2838     4.2639    -0.0129    97.2957 1.0000e-12  -64.57382  -65.34846 329.870091      99.97 4.3799e+02    898.853      21573  1029.4457  1029.4445    34.6545    34.6529    7.74846         33 0.0000e+00
    363.000    359.138     1.3859  30.134719     1.3861  30.133740     4.2755     4.2611    -0.0093    97.3096 1.0000e-12  -64.57382  -65.34844 329.870119      99.97 4.3973e+02    901.305      21632  1029.4508  1029.4496    34.6552    34.6537    7.74801         33 0.0000e+00
    364.000    360.126     1.3866  30.136130     1.3869  30.135030     4.2843     4.2664    -0.0077    97.3128 1.0000e-12  -64.57382  -65.34844 329.870132      99.98 4.4075e+02    902.365      21658  1029.4558  1029.4545    34.6557    34.6540    7.74785         21 0.0000e+00
    365.000    361.112     1.3873  30.137182     1.3875  30.136178     4.2789     4.2647    -0.0114    97.2933 1.0000e-12  -64.57382  -65.34844 329.870140      99.97 4.4072e+02    903.109      21676  1029.4605  1029.4592    34.6557    34.6541    7.74771         16 0.0000e+00
    366.000    362.102     1.3876  30.138036     1.3878  30.137093     4.2734     4.2631    -0.0150    97.2987 1.0000e-12  -64.57382  -65.34844 329.870148      99.98 4.4084e+02    903.750      21691  1029.4653  1029.4641    34.6558    34.6544    7.74764         15 0.0000e+00
    367.000    363.092     1.3877  30.138688     1.3880  30.137523     4.2783     4.2647    -0.0206    97.2920 1.0000e-12  -64.57382  -65.34844 329.870155      99.98 4.4225e+02    904.422      21707  1029.4701  1029.4686    34.6560    34.6541    7.74762         18 0.0000e+00
    368.000    364.080     1.3879  30.139299     1.3883  30.138434     4.2804     4.2650    -0.0135    97.2918 1.0000e-12  -64.57382  -65.34844 329.870167      99.98 4.4247e+02    905.385      21730  1029.4748  1029.4734    34.6560    34.6544    7.74758         31 0.0000e+00
    369.000    365.069     1.3883  30.140297     1.3886  30.139282     4.2780     4.2666    -0.0107    97.2918 1.0000e-12  -64.57382  -65.34844 329.870187      99.98 4.4317e+02    907.126      21772  1029.4797  1029.4783    34.6563    34.6546    7.74749         43 0.0000e+00
    370.000    366.056     1.3886  30.141020     1.3888  30.140058     4.2779     4.2693    -0.0083    97.2700 1.0000e-12  -64.57382  -65.34844 329.870210      99.98 4.4425e+02    909.129      21820  1029.4843  1029.4832    34.6562    34.6548    7.74742         39 0.0000e+00
    371.000    367.045     1.3888  30.141843     1.3890  30.140777     4.2858     4.2660    -0.0097    97.2867 1.0000e-12  -64.57382  -65.34843 329.870226      99.98 4.4425e+02    910.557      21854  1029.4892  1029.4879    34.6565    34.6549    7.74737         29 0.0000e+00
    372.000    368.033     1.3889  30.142691     1.3893  30.141724     4.2789     4.2630    -0.0150    97.2918 1.0000e-12  -64.57382  -65.34842 329.870239      99.98 4.4425e+02    911.635      21880  1029.4942  1029.4928    34.6569    34.6552    7.74733         23 0.0000e+00
    373.000    369.022     1.3894  30.143711     1.3898  30.142672     4.2734     4.2635    -0.0150    97.2675 1.0000e-12  -64.57382  -65.34842 329.870249      99.98 4.4425e+02    912.518      21901  1029.4990  1029.4976    34.6571    34.6553    7.74723         20 0.0000e+00
    374.000    370.011     1.3902  30.145026     1.3905  30.143974     4.2811     4.2658    -0.0070    97.2808 1.0000e-12  -64.57382  -65.34842 329.870259      99.97 4.4425e+02    913.366      21922  1029.5038  1029.5024    34.6573    34.6556    7.74706         22 0.0000e+00
    375.000    370.998     1.3898  30.145067     1.3902  30.144220     4.2816     4.2647    -0.0074    97.2684 1.0000e-12  -64.57382  -65.34842 329.870271      99.98 4.4425e+02    914.401      21947  1029.5085  1029.5072    34.6572    34.6556    7.74714         28 0.0000e+00
    376.000    371.987     1.3899  30.145684     1.3902  30.144634     4.2885     4.2675    -0.0089    97.2540 1.0000e-12  -64.57382  -65.34842 329.870287      99.98 4.4425e+02    915.763      21979  1029.5132  1029.5119    34.6573    34.6557    7.74711         36 0.0000e+00
    377.000    372.976     1.3889  30.145430     1.3893  30.144436     4.2937     4.2765    -0.0108    97.2728 1.0000e-12  -64.57382  -65.34842 329.870306      99.98 4.4425e+02    917.469      22020  1029.5182  1029.5168    34.6575    34.6558    7.74730         45 0.0000e+00
    378.000    373.963     1.3868  30.143858     1.3870  30.142879     4.2918     4.2735    -0.0096    97.2842 1.0000e-12  -64.57382  -65.34842 329.870328      99.98 4.4425e+02    919.355      22066  1029.5229  1029.5217    34.6573    34.6558    7.74773         38 0.0000e+00
    379.000    374.952     1.3861  30.143960     1.3864  30.142885     4.2959     4.2743    -0.0031    97.2667 1.0000e-12  -64.57382  -65.34841 329.870342      99.98 4.4411e+02    920.579      22095  1029.5279  1029.5265    34.6576    34.6559    7.74785         23 0.0000e+00
    380.000    375.939     1.3860  30.144503     1.3862  30.143341     4.2984     4.2759    -0.0074    97.2633 1.0000e-12  -64.57382  -65.34840 329.870352      99.98 4.4244e+02    921.437      22115  1029.5328  1029.5313    34.6578    34.6561    7.74786         19 0.0000e+00
    381.000    376.931     1.3858  30.144852     1.3861  30.143846     4.2965     4.2750    -0.0077    97.2405 1.0000e-12  -64.57382  -65.34840 329.870360      99.98 4.4248e+02    922.141      22132  1029.5376  1029.5363    34.6579    34.6563    7.74789         16 0.0000e+00
    382.000    377.916     1.3873  30.147080     1.3876  30.145931     4.2941     4.2755    -0.0030    97.1941 1.0000e-12  -64.57382  -65.34840 329.870369      99.98 4.4248e+02    922.894      22150  1029.5426  1029.5412    34.6585    34.6567    7.74757         20 0.0000e+00
    383.000    378.907     1.3887  30.149073     1.3892  30.147973     4.2916     4.2750    -0.0046    97.1762 1.0000e-12  -64.57382  -65.34840 329.870382      99.98 4.4248e+02    924.015      22177  1029.5474  1029.5458    34.6589    34.6570    7.74726         36 0.0000e+00
    384.000    379.895     1.3895  30.150142     1.3896  30.148929     4.2861     4.2753    -0.0037    97.1559 1.0000e-12  -64.57382  -65.34840 329.870404      99.98 4.4369e+02    925.907      22223  1029.5520  1029.5506    34.6589    34.6572    7.74711         37 0.0000e+00
    385.000    380.882     1.3897  30.150885     1.3898  30.149613     4.2807     4.2775    -0.0000    96.9646 1.0000e-12  -64.57382  -65.34840 329.870421      99.98 4.4297e+02    927.354      22257  1029.5567  1029.5554    34.6589    34.6573    7.74706         28 0.0000e+00
    386.000    381.871     1.3889  30.150781     1.3892  30.149717     4.2833     4.2776    -0.0042    97.0609 1.0000e-12  -64.57382  -65.34840 329.870433      99.98 4.4248e+02    928.415      22283  1029.5617  1029.5603    34.6591    34.6574    7.74720         25 0.0000e+00
    387.000    382.860     1.3893  30.151579     1.3895  30.150438     4.2936     4.2769    -0.0067    97.1660 1.0000e-12  -64.57382  -65.34840 329.870447      99.98 4.4248e+02    929.586      22311  1029.5664  1029.5650    34.6592    34.6575    7.74714         34 0.0000e+00
    388.000    383.848     1.3896  30.152476     1.3899  30.151443     4.2908     4.2765    -0.0119    97.1708 1.0000e-12  -64.57382  -65.34840 329.870466      99.98 4.4248e+02    931.250      22351  1029.5712  1029.5699    34.6594    34.6577    7.74706         40 0.0000e+00
    389.000    384.835     1.3902  30.153324     1.3903  30.152218     4.2869     4.2657    -0.0030    97.1437 1.0000e-12  -64.57384  -65.34840 329.870482      99.97 4.4248e+02    932.672      22385  1029.5757  1029.5744    34.6593    34.6577    7.74695         26 0.0000e+00
    390.000    385.824     1.3908  30.154643     1.3912  30.153665     4.2770     4.2649    -0.0025    97.1648 1.0000e-12  -64.57384  -65.34840 329.870494      99.98 4.4248e+02    933.647      22409  1029.5807  1029.5793    34.6597    34.6580    7.74681         21 0.0000e+00
    391.000    386.812     1.3953  30.159774     1.3956  30.158733     4.2716     4.2674    -0.0077    97.1616 1.0000e-12  -64.57384  -65.34840 329.870502      99.98 4.4248e+02    934.409      22427  1029.5857  1029.5843    34.6606    34.6590    7.74587         17 0.0000e+00
    392.000    387.802     1.3975  30.162610     1.3979  30.161518     4.2822     4.2676    -0.0073    97.0966 1.0000e-12  -64.57384  -65.34840 329.870511      99.97 4.4179e+02    935.167      22445  1029.5906  1029.5891    34.6612    34.6594    7.74540         20 0.0000e+00
    393.000    388.789     1.3981  30.163715     1.3985  30.162649     4.2808     4.2607    -0.0090    97.1385 1.0000e-12  -64.57382  -65.34840 329.870527      99.98 4.4077e+02    936.498      22477  1029.5954  1029.5940    34.6615    34.6597    7.74528         38 0.0000e+00
    394.000    389.778     1.3990  30.164963     1.3992  30.163837     4.2594     4.2580    -0.0066    97.1902 1.0000e-12  -64.57383  -65.34839 329.870553      99.98 4.4072e+02    938.822      22533  1029.6001  1029.5988    34.6615    34.6599    7.74510         38 0.0000e+00
    395.000    390.766     1.4016  30.168098     1.4017  30.166999     4.2634     4.2452     0.0006    97.1975 1.0000e-12  -64.57384  -65.34838 329.870568      99.98 4.3909e+02    940.031      22562  1029.6050  1029.6037    34.6621    34.6605    7.74456         24 0.0000e+00
    396.000    391.755     1.4025  30.169674     1.4028  30.168638     4.2619     4.2480     0.0003    97.1923 1.0000e-12  -64.57384  -65.34838 329.870579      99.97 4.3896e+02    940.985      22585  1029.6100  1029.6086    34.6625    34.6608    7.74436         21 0.0000e+00
    397.000    392.744     1.4030  30.170699     1.4033  30.169692     4.2439     4.2497    -0.0070    97.1901 1.0000e-12  -64.57384  -65.34838 329.870588      99.98 4.3896e+02    941.835      22605  1029.6147  1029.6134    34.6626    34.6610    7.74424         21 0.0000e+00
    398.000    393.732     1.4038  30.171948     1.4039  30.170779     4.2345     4.2408    -0.0072    97.1888 1.0000e-12  -64.57384  -65.34838 329.870600      99.97 4.3896e+02    942.844      22629  1029.6194  1029.6181    34.6627    34.6611    7.74408         29 0.0000e+00
    399.000    394.720     1.4082  30.176897     1.4083  30.175663     4.2400     4.2419    -0.0081    97.1888 1.0000e-12  -64.57384  -65.34838 329.870615      99.98 4.3896e+02    944.169      22661  1029.6244  1029.6231    34.6637    34.6620    7.74318         34 0.0000e+00
    400.000    395.708     1.4106  30.179756     1.4108  30.178665     4.2450     4.2472    -0.0099    97.1947 1.0000e-12  -64.57384  -65.34838 329.870632      99.98 4.3896e+02    945.570      22695  1029.6292  1029.6279    34.6640    34.6625    7.74267         31 0.0000e+00
    401.000    396.696     1.4099  30.179854     1.4103  30.178877     4.2530     4.2384    -0.0062    97.1995 1.0000e-12  -64.57384  -65.34838 329.870646      99.97 4.3896e+02    946.792      22724  1029.6342  1029.6329    34.6643    34.6627    7.74279         29 0.0000e+00
    402.000    397.686     1.4117  30.182017     1.4120  30.181022     4.2426     4.2325    -0.0108    97.2118 1.0000e-12  -64.57384  -65.34838 329.870660      99.98 4.3948e+02    947.999      22753  1029.6390  1029.6377    34.6646    34.6630    7.74244         30 0.0000e+00
    403.000    398.673     1.4136  30.184500     1.4140  30.183497     4.2254     4.2264    -0.0128    97.2214 1.0000e-12  -64.57384  -65.34838 329.870676      99.98 4.4029e+02    949.440      22788  1029.6439  1029.6425    34.6650    34.6634    7.74203         38 0.0000e+00
    404.000    399.660     1.4153  30.186637     1.4156  30.185630     4.2111     4.2165    -0.0151    97.2362 1.0000e-12  -64.57384  -65.34838 329.870693      99.97 4.4074e+02    950.889      22822  1029.6486  1029.6473    34.6653    34.6637    7.74168         28 0.0000e+00
    405.000    400.650     1.4174  30.189322     1.4176  30.188244     4.2089     4.2111    -0.0150    97.1681 1.0000e-12  -64.57384  -65.34838 329.870706      99.97 4.4072e+02    952.020      22849  1029.6536  1029.6522    34.6659    34.6643    7.74125         25 0.0000e+00
    406.000    401.638     1.4185  30.190976     1.4189  30.189969     4.2059     4.2099    -0.0150    97.2153 1.0000e-12  -64.57384  -65.34838 329.870718      99.98 4.4072e+02    953.013      22873  1029.6584  1029.6570    34.6661    34.6645    7.74100         24 0.0000e+00
    407.000    402.627     1.4194  30.192440     1.4197  30.191273     4.2128     4.2095    -0.0130    97.2223 1.0000e-12  -64.57384  -65.34838 329.870731      99.98 4.4072e+02    954.129      22900  1029.6633  1029.6618    34.6665    34.6647    7.74082         32 0.0000e+00
    408.000    403.614     1.4203  30.193849     1.4207  30.192900     4.2080     4.2052    -0.0097    97.2775 1.0000e-12  -64.57384  -65.34837 329.870752      99.98 4.4072e+02    956.004      22945  1029.6681  1029.6667    34.6668    34.6651    7.74063         44 0.0000e+00
    409.000    404.603     1.4226  30.196342     1.4227  30.195256     4.2099     4.1984    -0.0071    97.3372 1.0000e-12  -64.57384  -65.34836 329.870774      99.98 4.4072e+02    957.902      22991  1029.6726  1029.6714    34.6668    34.6653    7.74017         31 0.0000e+00
