NBP2113_155081_ctd/data/dnbp2113_057.cnv
* Sea-Bird SBE 9 Data File:
* FileName = D:\Data\raw\NBP2113_057.hex
* Software Version Seasave V 7.26.7.121
* Temperature SN = 2438
* Conductivity SN = 2067
* Number of Bytes Per Scan = 40
* Number of Voltage Words = 5
* Number of Scans Averaged by the Deck Unit = 1
* NMEA Latitude = 64 55.49 S
* NMEA Longitude = 064 36.97 W
* NMEA UTC (Time) = Dec 12 2021  00:03:38
* NMEA baud rate = 9600
** Ship: RVIB N.B. Palmer
** Cruise: NBP2113 LTER
** Station: 594.048
** Operator: S. Blackman
# nquan = 25
# nvalues = 1062                        
# units = specified
# name 0 = prDM: Pressure, Digiquartz [db]
# name 1 = depSM: Depth [salt water, m]
# name 2 = t090C: Temperature [ITS-90, deg C]
# name 3 = c0mS/cm: Conductivity [mS/cm]
# name 4 = t190C: Temperature, 2 [ITS-90, deg C]
# name 5 = c1mS/cm: Conductivity, 2 [mS/cm]
# name 6 = sbeox0ML/L: Oxygen, SBE 43 [ml/l]
# name 7 = sbeox1ML/L: Oxygen, SBE 43, 2 [ml/l]
# name 8 = flECO-AFL: Fluorescence, WET Labs ECO-AFL/FL [mg/m^3]
# name 9 = CStarTr0: Beam Transmission, WET Labs C-Star [%]
# name 10 = par: PAR/Irradiance, Biospherical/Licor
# name 11 = latitude: Latitude [deg]
# name 12 = longitude: Longitude [deg]
# name 13 = timeJ: Julian Days
# name 14 = altM: Altimeter [m]
# name 15 = spar: SPAR, Biospherical/Licor
# name 16 = timeS: Time, Elapsed [seconds]
# name 17 = scan: Scan Count
# name 18 = density00: Density [density, kg/m^3]
# name 19 = density11: Density, 2 [density, kg/m^3]
# name 20 = sal00: Salinity, Practical [PSU]
# name 21 = sal11: Salinity, Practical, 2 [PSU]
# name 22 = oxsolML/L: Oxygen Saturation, Garcia & Gordon [ml/l]
# name 23 = nbin: number of scans per bin
# name 24 = flag: flag
# span 0 =      5.000,   1066.000       
# span 1 =      4.951,   1052.856       
# span 2 =    -0.7269,     1.4774       
# span 3 =  27.403068,  30.540986       
# span 4 =    -0.7244,     1.4771       
# span 5 =  27.403682,  30.539651       
# span 6 =     4.0482,     8.1302       
# span 7 =     4.1003,     8.1365       
# span 8 =    -0.0224,     1.8303       
# span 9 =    81.6141,    90.8032       
# span 10 = 1.0000e-12, 2.2659e+01      
# span 11 =  -64.92486,  -64.92480      
# span 12 =  -64.61628,  -64.61592      
# span 13 = 346.005971, 346.022881      
# span 14 =       8.33,      99.99      
# span 15 = 4.7588e+01, 7.7567e+01      
# span 16 =    297.893,   1758.899      
# span 17 =       7150,      42215      
# span 18 =  1027.0289,  1032.7314      
# span 19 =  1027.0279,  1032.7303      
# span 20 =    33.5922,    34.6771      
# span 21 =    33.5900,    34.6757      
# span 22 =    7.72887,    8.24382      
# span 23 =         12,         49      
# span 24 = 0.0000e+00, 0.0000e+00      
# interval = decibars: 1                
# start_time = Dec 12 2021 00:03:38 [NMEA time, header]
# bad_flag = -9.990e-29
*END*
[from data line 986]
    991.000    978.953     1.4724  30.504268     1.4720  30.502993     4.0683     4.1087    -0.0020    90.5094 1.0000e-12  -64.92482  -64.61620 346.021325      84.08 5.4649e+01   1624.472      38988  1032.3850  1032.3842    34.6768    34.6757    7.72985         18 0.0000e+00
    992.000    979.941     1.4725  30.504713     1.4720  30.503403     4.0613     4.1104    -0.0012    90.5111 1.0000e-12  -64.92482  -64.61620 346.021334      82.62 5.4649e+01   1625.219      39006  1032.3896  1032.3888    34.6767    34.6756    7.72984         18 0.0000e+00
    993.000    980.926     1.4723  30.505025     1.4719  30.503746     4.0619     4.1106    -0.0023    90.4877 1.0000e-12  -64.92482  -64.61620 346.021344      81.67 5.4775e+01   1626.083      39027  1032.3944  1032.3934    34.6768    34.6756    7.72988         26 0.0000e+00
    994.000    981.908     1.4723  30.505432     1.4721  30.504159     4.0626     4.1092    -0.0086    90.5259 1.0000e-12  -64.92482  -64.61618 346.021369      80.61 5.6284e+01   1628.312      39080  1032.3990  1032.3978    34.6768    34.6754    7.72988         31 0.0000e+00
    995.000    982.895     1.4726  30.506125     1.4722  30.504890     4.0634     4.1065    -0.0163    90.5321 1.0000e-12  -64.92482  -64.61618 346.021386      79.65 5.6416e+01   1629.751      39115  1032.4035  1032.4027    34.6767    34.6757    7.72982         21 0.0000e+00
    996.000    983.884     1.4727  30.506704     1.4723  30.505478     4.0684     4.1108    -0.0113    90.5224 1.0000e-12  -64.92482  -64.61618 346.021395      78.66 5.6412e+01   1630.535      39134  1032.4082  1032.4074    34.6768    34.6757    7.72980         18 0.0000e+00
    997.000    984.867     1.4729  30.507165     1.4724  30.505866     4.0668     4.1152    -0.0025    90.5258 1.0000e-12  -64.92482  -64.61618 346.021403      77.81 5.6412e+01   1631.253      39151  1032.4127  1032.4118    34.6767    34.6755    7.72977         17 0.0000e+00
    998.000    985.853     1.4728  30.507697     1.4724  30.506357     4.0604     4.1098    -0.0116    90.5166 1.0000e-12  -64.92482  -64.61620 346.021412      76.50 5.6412e+01   1631.961      39168  1032.4175  1032.4165    34.6769    34.6756    7.72978         17 0.0000e+00
    999.000    986.839     1.4727  30.508032     1.4724  30.506707     4.0524     4.1108    -0.0153    90.4866 1.0000e-12  -64.92482  -64.61620 346.021421      75.49 5.6412e+01   1632.776      39188  1032.4221  1032.4211    34.6768    34.6756    7.72979         23 0.0000e+00
   1000.000    987.824     1.4727  30.508455     1.4725  30.507145     4.0598     4.1080    -0.0065    90.5109 1.0000e-12  -64.92482  -64.61620 346.021441      74.63 5.6412e+01   1634.491      39229  1032.4267  1032.4256    34.6769    34.6755    7.72980         36 0.0000e+00
   1001.000    988.810     1.4730  30.509027     1.4725  30.507657     4.0733     4.1088    -0.0130    90.5468 1.0000e-12  -64.92482  -64.61620 346.021464      73.68 5.6412e+01   1636.474      39276  1032.4312  1032.4303    34.6767    34.6755    7.72975         26 0.0000e+00
   1002.000    989.794     1.4730  30.509549     1.4726  30.508293     4.0722     4.1087    -0.0087    90.5351 1.0000e-12  -64.92482  -64.61620 346.021474      72.73 5.6412e+01   1637.381      39298  1032.4359  1032.4350    34.6768    34.6756    7.72974         21 0.0000e+00
   1003.000    990.781     1.4731  30.510091     1.4728  30.508820     4.0648     4.1098    -0.0028    90.5200 1.0000e-12  -64.92482  -64.61618 346.021484      71.56 5.6412e+01   1638.191      39318  1032.4406  1032.4396    34.6768    34.6755    7.72972         19 0.0000e+00
   1004.000    991.765     1.4732  30.510547     1.4728  30.509215     4.0634     4.1111    -0.0094    90.5197 1.0000e-12  -64.92482  -64.61620 346.021493      70.77 5.6412e+01   1639.032      39338  1032.4452  1032.4442    34.6768    34.6756    7.72971         22 0.0000e+00
   1005.000    992.750     1.4730  30.510869     1.4728  30.509584     4.0628     4.1098    -0.0044    90.5238 1.0000e-12  -64.92482  -64.61618 346.021512      69.54 5.6412e+01   1640.627      39376  1032.4498  1032.4487    34.6769    34.6755    7.72974         34 0.0000e+00
   1006.000    993.736     1.4732  30.511405     1.4729  30.510018     4.0598     4.1071    -0.0116    90.5436 1.0000e-12  -64.92482  -64.61618 346.021535      68.63 5.6412e+01   1642.655      39425  1032.4544  1032.4533    34.6768    34.6754    7.72970         25 0.0000e+00
   1007.000    994.722     1.4732  30.511833     1.4728  30.510507     4.0655     4.1106    -0.0017    90.5051 1.0000e-12  -64.92482  -64.61618 346.021546      67.49 5.6412e+01   1643.566      39447  1032.4590  1032.4581    34.6767    34.6755    7.72970         19 0.0000e+00
   1008.000    995.708     1.4734  30.512349     1.4730  30.511100     4.0649     4.1099    -0.0026    90.5123 1.0000e-12  -64.92482  -64.61618 346.021554      66.56 5.6412e+01   1644.310      39464  1032.4635  1032.4626    34.6767    34.6755    7.72968         17 0.0000e+00
   1009.000    996.693     1.4734  30.512908     1.4731  30.511555     4.0643     4.1068    -0.0054    90.5213 1.0000e-12  -64.92482  -64.61618 346.021562      65.48 5.6412e+01   1644.978      39480  1032.4682  1032.4672    34.6767    34.6754    7.72966         16 0.0000e+00
   1010.000    997.679     1.4735  30.513385     1.4732  30.512113     4.0602     4.1080    -0.0120    90.5197 1.0000e-12  -64.92482  -64.61618 346.021570      64.58 5.6412e+01   1645.662      39497  1032.4728  1032.4718    34.6767    34.6755    7.72964         17 0.0000e+00
   1011.000    998.664     1.4733  30.513655     1.4730  30.512352     4.0598     4.1117    -0.0052    90.5197 1.0000e-12  -64.92482  -64.61618 346.021581      63.29 5.6412e+01   1646.616      39520  1032.4775  1032.4765    34.6768    34.6755    7.72968         24 0.0000e+00
   1012.000    999.649     1.4735  30.514176     1.4732  30.512865     4.0620     4.1112    -0.0048    90.5197 1.0000e-12  -64.92482  -64.61620 346.021622      62.40 5.6412e+01   1650.170      39605  1032.4820  1032.4809    34.6767    34.6753    7.72965         28 0.0000e+00
   1013.000   1000.635     1.4736  30.514712     1.4731  30.513378     4.0666     4.1129    -0.0112    90.5197 1.0000e-12  -64.92482  -64.61620 346.021633      61.64 5.6412e+01   1651.095      39627  1032.4866  1032.4857    34.6767    34.6755    7.72963         21 0.0000e+00
   1014.000   1001.620     1.4736  30.515174     1.4733  30.513931     4.0620     4.1126    -0.0045    90.5197 1.0000e-12  -64.92482  -64.61620 346.021643      60.31 5.6412e+01   1651.969      39648  1032.4913  1032.4902    34.6768    34.6754    7.72963         21 0.0000e+00
   1015.000   1002.607     1.4736  30.515745     1.4733  30.514394     4.0610     4.1093     0.0029    90.5197 1.0000e-12  -64.92482  -64.61620 346.021654      59.41 5.6412e+01   1652.887      39670  1032.4960  1032.4950    34.6768    34.6755    7.72961         24 0.0000e+00
   1016.000   1003.589     1.4737  30.516129     1.4734  30.514854     4.0608     4.1076     0.0009    90.4999 1.0000e-12  -64.92482  -64.61619 346.021666      58.32 5.6412e+01   1653.975      39696  1032.5005  1032.4995    34.6767    34.6755    7.72960         28 0.0000e+00
   1017.000   1004.577     1.4738  30.516664     1.4735  30.515391     4.0632     4.1101    -0.0034    90.4948 1.0000e-12  -64.92482  -64.61618 346.021680      57.35 5.6412e+01   1655.111      39724  1032.5051  1032.5042    34.6767    34.6755    7.72958         25 0.0000e+00
   1018.000   1005.561     1.4739  30.517194     1.4735  30.515886     4.0649     4.1069    -0.0084    90.5100 1.0000e-12  -64.92482  -64.61618 346.021690      56.36 5.6412e+01   1656.048      39746  1032.5097  1032.5088    34.6768    34.6755    7.72957         21 0.0000e+00
   1019.000   1006.547     1.4740  30.517707     1.4736  30.516473     4.0680     4.1096    -0.0104    90.5142 1.0000e-12  -64.92482  -64.61618 346.021700      55.47 5.6412e+01   1656.864      39766  1032.5143  1032.5135    34.6768    34.6756    7.72955         19 0.0000e+00
   1020.000   1007.533     1.4740  30.518071     1.4737  30.516860     4.0701     4.1121    -0.0020    90.5225 1.0000e-12  -64.92482  -64.61618 346.021709      54.28 5.6412e+01   1657.643      39784  1032.5189  1032.5180    34.6767    34.6755    7.72955         18 0.0000e+00
   1021.000   1008.518     1.4741  30.518600     1.4737  30.517338     4.0639     4.1119    -0.0149    90.5385 1.0000e-12  -64.92482  -64.61618 346.021719      53.39 5.6412e+01   1658.490      39805  1032.5236  1032.5227    34.6767    34.6755    7.72954         23 0.0000e+00
   1022.000   1009.504     1.4740  30.519069     1.4738  30.517767     4.0614     4.1125    -0.0063    90.5273 1.0000e-12  -64.92482  -64.61618 346.021750      52.32 5.6412e+01   1661.160      39869  1032.5283  1032.5271    34.6768    34.6754    7.72954         37 0.0000e+00
   1023.000   1010.487     1.4743  30.519715     1.4739  30.518336     4.0655     4.1009     0.0034    90.5163 1.0000e-12  -64.92482  -64.61618 346.021792      51.19 5.6412e+01   1664.794      39956  1032.5328  1032.5318    34.6768    34.6754    7.72949         25 0.0000e+00
   1024.000   1011.474     1.4743  30.520132     1.4740  30.518882     4.0667     4.1003    -0.0109    90.5197 1.0000e-12  -64.92482  -64.61618 346.021801      50.27 5.6412e+01   1665.641      39976  1032.5374  1032.5364    34.6768    34.6755    7.72949         20 0.0000e+00
   1025.000   1012.460     1.4744  30.520639     1.4741  30.519441     4.0615     4.1095    -0.0027    90.4972 1.0000e-12  -64.92482  -64.61618 346.021811      49.38 5.6412e+01   1666.457      39996  1032.5420  1032.5411    34.6768    34.6755    7.72947         19 0.0000e+00
   1026.000   1013.444     1.4744  30.521046     1.4741  30.519804     4.0609     4.1098    -0.0098    90.5195 1.0000e-12  -64.92482  -64.61618 346.021820      48.43 5.6412e+01   1667.263      40015  1032.5467  1032.5457    34.6768    34.6755    7.72948         20 0.0000e+00
   1027.000   1014.430     1.4743  30.521414     1.4740  30.520094     4.0648     4.1093    -0.0069    90.5197 1.0000e-12  -64.92482  -64.61618 346.021831      47.45 5.6412e+01   1668.161      40037  1032.5513  1032.5503    34.6768    34.6754    7.72949         24 0.0000e+00
   1028.000   1015.417     1.4742  30.521879     1.4741  30.520591     4.0643     4.1091    -0.0027    90.5197 1.0000e-12  -64.92482  -64.61620 346.021847      46.20 5.6478e+01   1669.619      40072  1032.5559  1032.5549    34.6769    34.6754    7.72949         31 0.0000e+00
   1029.000   1016.401     1.4743  30.522375     1.4742  30.521051     4.0645     4.1107    -0.0045    90.5205 1.0000e-12  -64.92482  -64.61618 346.021884      45.03 5.7512e+01   1672.752      40147  1032.5606  1032.5594    34.6768    34.6753    7.72948         32 0.0000e+00
   1030.000   1017.386     1.4745  30.522969     1.4743  30.521635     4.0621     4.1106     0.0035    90.4614 1.0000e-12  -64.92482  -64.61618 346.021905      44.04 5.6523e+01   1674.613      40192  1032.5652  1032.5640    34.6769    34.6754    7.72944         35 0.0000e+00
   1031.000   1018.371     1.4745  30.523384     1.4743  30.522118     4.0632     4.1084    -0.0026    90.5538 1.0000e-12  -64.92482  -64.61618 346.021923      43.17 5.6409e+01   1676.169      40229  1032.5698  1032.5687    34.6768    34.6754    7.72944         35 0.0000e+00
   1032.000   1019.355     1.4746  30.523869     1.4744  30.522629     4.0626     4.1071    -0.0058    90.5608 1.0000e-12  -64.92482  -64.61618 346.021942      42.16 5.6412e+01   1677.811      40268  1032.5744  1032.5734    34.6768    34.6754    7.72943         40 0.0000e+00
   1033.000   1020.342     1.4747  30.524392     1.4745  30.523104     4.0623     4.1067    -0.0066    90.5624 1.0000e-12  -64.92482  -64.61618 346.021962      41.14 5.6412e+01   1679.525      40310  1032.5790  1032.5779    34.6768    34.6754    7.72941         38 0.0000e+00
   1034.000   1021.328     1.4748  30.524877     1.4746  30.523581     4.0660     4.1103    -0.0112    90.5321 1.0000e-12  -64.92482  -64.61618 346.021978      40.24 5.6412e+01   1680.920      40343  1032.5836  1032.5825    34.6767    34.6754    7.72938         30 0.0000e+00
   1035.000   1022.313     1.4750  30.525409     1.4747  30.524131     4.0671     4.1114    -0.0080    90.5480 1.0000e-12  -64.92482  -64.61618 346.021992      39.28 5.6412e+01   1682.118      40372  1032.5881  1032.5871    34.6767    34.6754    7.72936         29 0.0000e+00
   1036.000   1023.297     1.4749  30.525878     1.4747  30.524534     4.0582     4.1072    -0.0066    90.5518 1.0000e-12  -64.92482  -64.61618 346.022009      38.05 5.6412e+01   1683.597      40407  1032.5929  1032.5917    34.6769    34.6754    7.72937         40 0.0000e+00
   1037.000   1024.285     1.4749  30.526334     1.4748  30.524995     4.0600     4.1100    -0.0047    90.5268 1.0000e-12  -64.92482  -64.61618 346.022043      36.95 5.6412e+01   1686.499      40477  1032.5975  1032.5963    34.6768    34.6753    7.72936         32 0.0000e+00
   1038.000   1025.269     1.4751  30.526936     1.4749  30.525565     4.0554     4.1103     0.0059    90.5341 1.0000e-12  -64.92482  -64.61618 346.022069      36.10 5.6412e+01   1688.742      40531  1032.6021  1032.6010    34.6769    34.6754    7.72933         35 0.0000e+00
   1039.000   1026.253     1.4752  30.527450     1.4750  30.526219     4.0522     4.1102    -0.0063    90.5333 1.0000e-12  -64.92482  -64.61618 346.022088      35.16 5.6412e+01   1690.377      40570  1032.6067  1032.6057    34.6768    34.6755    7.72930         36 0.0000e+00
   1040.000   1027.237     1.4752  30.527868     1.4751  30.526556     4.0573     4.1080    -0.0137    90.5409 1.0000e-12  -64.92481  -64.61618 346.022117      34.07 5.6412e+01   1692.905      40631  1032.6113  1032.6102    34.6769    34.6753    7.72931         35 0.0000e+00
   1041.000   1028.223     1.4755  30.528502     1.4752  30.527190     4.0638     4.1034    -0.0167    90.5269 1.0000e-12  -64.92481  -64.61617 346.022151      33.26 5.6412e+01   1695.876      40702  1032.6159  1032.6148    34.6768    34.6754    7.72926         31 0.0000e+00
   1042.000   1029.209     1.4755  30.528965     1.4752  30.527658     4.0675     4.1049    -0.0112    90.5123 1.0000e-12  -64.92482  -64.61616 346.022164      32.54 5.6412e+01   1697.010      40729  1032.6205  1032.6195    34.6768    34.6755    7.72925         25 0.0000e+00
   1043.000   1030.195     1.4754  30.529341     1.4752  30.528064     4.0627     4.1089    -0.0027    90.4961 1.0000e-12  -64.92482  -64.61616 346.022177      31.36 5.6412e+01   1698.094      40755  1032.6252  1032.6241    34.6769    34.6755    7.72927         29 0.0000e+00
   1044.000   1031.180     1.4756  30.529832     1.4753  30.528543     4.0614     4.1093    -0.0030    90.4864 1.0000e-12  -64.92482  -64.61618 346.022230      30.38 5.6412e+01   1702.644      40864  1032.6297  1032.6287    34.6767    34.6754    7.72924         28 0.0000e+00
   1045.000   1032.165     1.4757  30.530373     1.4753  30.529018     4.0587     4.1094    -0.0037    90.4962 1.0000e-12  -64.92482  -64.61617 346.022245      29.50 5.6412e+01   1703.964      40896  1032.6343  1032.6333    34.6767    34.6755    7.72921         22 0.0000e+00
   1046.000   1033.151     1.4757  30.530894     1.4754  30.529557     4.0520     4.1106    -0.0103    90.4939 1.0000e-12  -64.92482  -64.61616 346.022256      28.53 5.6412e+01   1704.883      40918  1032.6390  1032.6380    34.6769    34.6755    7.72921         22 0.0000e+00
   1047.000   1034.136     1.4757  30.531342     1.4755  30.530028     4.0589     4.1105    -0.0048    90.4766 1.0000e-12  -64.92481  -64.61616 346.022287      27.27 5.5889e+01   1707.584      40983  1032.6436  1032.6425    34.6768    34.6754    7.72920         36 0.0000e+00
