NBP2113_155081_ctd/data/dnbp2113_017.cnv
* Sea-Bird SBE 9 Data File:
* FileName = D:\Data\raw\NBP2113_017.hex
* Software Version Seasave V 7.26.7.121
* Temperature SN = 2438
* Conductivity SN = 2067
* Number of Bytes Per Scan = 40
* Number of Voltage Words = 5
* Number of Scans Averaged by the Deck Unit = 1
* NMEA Latitude = 65 14.32 S
* NMEA Longitude = 069 47.72 W
* NMEA UTC (Time) = Nov 28 2021  09:59:52
* NMEA baud rate = 9600
** Ship: RVIB N.B. Palmer
** Cruise: NBP2113 LTER
** Station: 400.200
** Operator: B. Urmston
# nquan = 25
# nvalues = 2752                        
# units = specified
# name 0 = prDM: Pressure, Digiquartz [db]
# name 1 = depSM: Depth [salt water, m]
# name 2 = t090C: Temperature [ITS-90, deg C]
# name 3 = c0mS/cm: Conductivity [mS/cm]
# name 4 = t190C: Temperature, 2 [ITS-90, deg C]
# name 5 = c1mS/cm: Conductivity, 2 [mS/cm]
# name 6 = sbeox0ML/L: Oxygen, SBE 43 [ml/l]
# name 7 = sbeox1ML/L: Oxygen, SBE 43, 2 [ml/l]
# name 8 = flECO-AFL: Fluorescence, WET Labs ECO-AFL/FL [mg/m^3]
# name 9 = CStarTr0: Beam Transmission, WET Labs C-Star [%]
# name 10 = par: PAR/Irradiance, Biospherical/Licor
# name 11 = latitude: Latitude [deg]
# name 12 = longitude: Longitude [deg]
# name 13 = timeJ: Julian Days
# name 14 = altM: Altimeter [m]
# name 15 = spar: SPAR, Biospherical/Licor
# name 16 = timeS: Time, Elapsed [seconds]
# name 17 = scan: Scan Count
# name 18 = density00: Density [density, kg/m^3]
# name 19 = density11: Density, 2 [density, kg/m^3]
# name 20 = sal00: Salinity, Practical [PSU]
# name 21 = sal11: Salinity, Practical, 2 [PSU]
# name 22 = oxsolML/L: Oxygen Saturation, Garcia & Gordon [ml/l]
# name 23 = nbin: number of scans per bin
# name 24 = flag: flag
# span 0 =      5.000,   2756.000       
# span 1 =      4.945,   2711.176       
# span 2 =    -0.9020,     2.0018       
# span 3 =  27.572589,  30.675109       
# span 4 =    -0.9006,     2.0010       
# span 5 =  27.573360,  30.674174       
# span 6 =     3.8758,     8.3117       
# span 7 =     3.9254,     8.3618       
# span 8 =    -0.0224,     9.2023       
# span 9 =    87.1214,    97.9881       
# span 10 = 1.0000e-12, 1.0000e-12      
# span 11 =  -65.23835,  -65.23678      
# span 12 =  -69.79854,  -69.79608      
# span 13 = 332.420197, 332.462626      
# span 14 =       1.37,     104.15      
# span 15 = 3.2261e+02, 1.2819e+03      
# span 16 =    313.043,   3978.882      
# span 17 =       7514,      95494      
# span 18 =  1027.3384,  1040.5508      
# span 19 =  1027.3373,  1040.5502      
# span 20 =    33.9857,    34.7283      
# span 21 =    33.9839,    34.7274      
# span 22 =    7.62846,    8.25910      
# span 23 =         11,         57      
# span 24 = 0.0000e+00, 0.0000e+00      
# interval = decibars: 1                
# start_time = Nov 28 2021 09:59:52 [NMEA time, header]
# bad_flag = -9.990e-29
*END*
[from data line 1160]
   1165.000   1150.337     1.2648  30.436809     1.2648  30.436162     4.3364     4.3777    -0.0141    97.9613 1.0000e-12  -65.23706  -69.79816 332.439744      99.97 4.9890e+02   2001.918      48047  1033.2473  1033.2467    34.7243    34.7234    7.76821         25 0.0000e+00
   1166.000   1151.322     1.2643  30.436675     1.2643  30.436097     4.3395     4.3765    -0.0144    97.9613 1.0000e-12  -65.23706  -69.79816 332.439756      99.98 4.9869e+02   2002.963      48072  1033.2518  1033.2513    34.7240    34.7234    7.76831         25 0.0000e+00
   1167.000   1152.306     1.2640  30.436979     1.2640  30.436286     4.3360     4.3764    -0.0207    97.9633 1.0000e-12  -65.23706  -69.79816 332.439769      99.97 4.9714e+02   2004.033      48098  1033.2566  1033.2559    34.7242    34.7233    7.76836         27 0.0000e+00
   1168.000   1153.293     1.2639  30.437193     1.2639  30.436575     4.3280     4.3758    -0.0058    97.9634 1.0000e-12  -65.23706  -69.79814 332.439781      99.98 4.9713e+02   2005.112      48124  1033.2611  1033.2605    34.7241    34.7233    7.76839         25 0.0000e+00
   1169.000   1154.276     1.2636  30.437277     1.2634  30.436562     4.3314     4.3787    -0.0198    97.9435 1.0000e-12  -65.23706  -69.79814 332.439794      99.98 4.9713e+02   2006.187      48149  1033.2657  1033.2652    34.7240    34.7233    7.76846         26 0.0000e+00
   1170.000   1155.261     1.2635  30.437612     1.2634  30.437052     4.3311     4.3735    -0.0060    97.9621 1.0000e-12  -65.23706  -69.79814 332.439807      99.98 4.9713e+02   2007.304      48176  1033.2703  1033.2698    34.7240    34.7233    7.76848         28 0.0000e+00
   1171.000   1156.245     1.2630  30.437659     1.2630  30.437036     4.3313     4.3745    -0.0106    97.9613 1.0000e-12  -65.23706  -69.79815 332.439822      99.98 4.9733e+02   2008.659      48209  1033.2750  1033.2743    34.7240    34.7232    7.76858         36 0.0000e+00
   1172.000   1157.230     1.2629  30.437951     1.2629  30.437356     4.3400     4.3735    -0.0100    97.9613 1.0000e-12  -65.23706  -69.79817 332.439843      99.98 4.9939e+02   2010.476      48252  1033.2796  1033.2789    34.7240    34.7232    7.76860         38 0.0000e+00
   1173.000   1158.216     1.2627  30.438278     1.2628  30.437706     4.3338     4.3762    -0.0141    97.9613 1.0000e-12  -65.23706  -69.79818 332.439860      99.98 5.0067e+02   2011.909      48287  1033.2842  1033.2836    34.7240    34.7233    7.76862         30 0.0000e+00
   1174.000   1159.199     1.2626  30.438597     1.2626  30.437987     4.3245     4.3771    -0.0124    97.9613 1.0000e-12  -65.23706  -69.79816 332.439873      99.98 5.0066e+02   2013.048      48314  1033.2889  1033.2883    34.7240    34.7233    7.76865         25 0.0000e+00
   1175.000   1160.184     1.2624  30.438786     1.2622  30.438117     4.3363     4.3734    -0.0134    97.9613 1.0000e-12  -65.23706  -69.79816 332.439885      99.98 5.0009e+02   2014.037      48338  1033.2935  1033.2929    34.7240    34.7233    7.76870         22 0.0000e+00
   1176.000   1161.168     1.2610  30.437946     1.2608  30.437217     4.3364     4.3772    -0.0049    97.9613 1.0000e-12  -65.23706  -69.79815 332.439895      99.98 4.9772e+02   2014.915      48359  1033.2981  1033.2976    34.7239    34.7232    7.76898         21 0.0000e+00
   1177.000   1162.155     1.2598  30.437336     1.2598  30.436768     4.3282     4.3774    -0.0037    97.9613 1.0000e-12  -65.23706  -69.79814 332.439904      99.98 4.9714e+02   2015.711      48378  1033.3029  1033.3023    34.7239    34.7232    7.76922         18 0.0000e+00
   1178.000   1163.138     1.2590  30.437127     1.2590  30.436445     4.3327     4.3799    -0.0053    97.9613 1.0000e-12  -65.23706  -69.79814 332.439913      99.98 4.9713e+02   2016.474      48396  1033.3076  1033.3070    34.7239    34.7231    7.76936         18 0.0000e+00
   1179.000   1164.123     1.2564  30.435172     1.2562  30.434455     4.3332     4.3791    -0.0121    97.9613 1.0000e-12  -65.23706  -69.79814 332.439922      99.98 4.9919e+02   2017.273      48416  1033.3125  1033.3119    34.7238    34.7231    7.76990         21 0.0000e+00
   1180.000   1165.108     1.2556  30.435142     1.2557  30.434466     4.3345     4.3802    -0.0089    97.9613 1.0000e-12  -65.23706  -69.79815 332.439945      99.98 5.0133e+02   2019.234      48463  1033.3173  1033.3166    34.7241    34.7231    7.77003         36 0.0000e+00
   1181.000   1166.091     1.2553  30.435101     1.2559  30.434911     4.3391     4.3777    -0.0041    97.9613 1.0000e-12  -65.23706  -69.79816 332.439975      99.98 5.0247e+02   2021.800      48524  1033.3218  1033.3210    34.7239    34.7229    7.77012         26 0.0000e+00
   1182.000   1167.075     1.2538  30.434333     1.2540  30.433824     4.3360     4.3775    -0.0210    97.9613 1.0000e-12  -65.23706  -69.79815 332.439984      99.98 5.0242e+02   2022.632      48544  1033.3266  1033.3259    34.7239    34.7231    7.77039         19 0.0000e+00
   1183.000   1168.062     1.2538  30.434727     1.2540  30.434125     4.3323     4.3803    -0.0216    97.9613 1.0000e-12  -65.23706  -69.79814 332.439993      99.97 5.0242e+02   2023.388      48562  1033.3312  1033.3304    34.7239    34.7229    7.77040         18 0.0000e+00
   1184.000   1169.047     1.2537  30.435071     1.2537  30.434408     4.3325     4.3798    -0.0196    97.9613 1.0000e-12  -65.23706  -69.79814 332.440001      99.98 5.0242e+02   2024.127      48580  1033.3358  1033.3352    34.7239    34.7231    7.77042         18 0.0000e+00
   1185.000   1170.029     1.2535  30.435328     1.2535  30.434727     4.3374     4.3806    -0.0130    97.9613 1.0000e-12  -65.23706  -69.79814 332.440011      99.98 5.0242e+02   2024.944      48600  1033.3404  1033.3399    34.7239    34.7232    7.77046         22 0.0000e+00
   1186.000   1171.015     1.2534  30.435653     1.2534  30.434857     4.3385     4.3798    -0.0167    97.9613 1.0000e-12  -65.23706  -69.79814 332.440029      99.98 5.0242e+02   2026.462      48636  1033.3450  1033.3443    34.7239    34.7229    7.77048         36 0.0000e+00
   1187.000   1171.999     1.2526  30.435385     1.2528  30.434742     4.3419     4.3797    -0.0209    97.9613 1.0000e-12  -65.23706  -69.79814 332.440052      99.98 5.0242e+02   2028.482      48685  1033.3497  1033.3489    34.7239    34.7229    7.77063         30 0.0000e+00
   1188.000   1172.984     1.2520  30.435330     1.2522  30.434715     4.3477     4.3796    -0.0191    97.9613 1.0000e-12  -65.23706  -69.79814 332.440063      99.98 5.0430e+02   2029.403      48707  1033.3545  1033.3537    34.7239    34.7230    7.77076         20 0.0000e+00
   1189.000   1173.969     1.2515  30.435319     1.2517  30.434725     4.3381     4.3763    -0.0211    97.9613 1.0000e-12  -65.23706  -69.79816 332.440071      99.98 5.0575e+02   2030.173      48725  1033.3591  1033.3583    34.7239    34.7230    7.77085         17 0.0000e+00
   1190.000   1174.953     1.2507  30.434972     1.2507  30.434317     4.3297     4.3773    -0.0172    97.9613 1.0000e-12  -65.23706  -69.79816 332.440080      99.97 5.0615e+02   2030.870      48742  1033.3638  1033.3631    34.7239    34.7230    7.77102         17 0.0000e+00
   1191.000   1175.937     1.2495  30.434318     1.2496  30.433719     4.3333     4.3779    -0.0130    97.9613 1.0000e-12  -65.23706  -69.79816 332.440088      99.98 5.0769e+02   2031.596      48759  1033.3685  1033.3678    34.7238    34.7230    7.77126         18 0.0000e+00
   1192.000   1176.922     1.2482  30.433613     1.2484  30.433038     4.3412     4.3794    -0.0068    97.9613 1.0000e-12  -65.23706  -69.79816 332.440100      99.97 5.0857e+02   2032.619      48784  1033.3732  1033.3724    34.7238    34.7229    7.77152         27 0.0000e+00
   1193.000   1177.906     1.2483  30.433998     1.2483  30.433228     4.3412     4.3802    -0.0123    97.9656 1.0000e-12  -65.23706  -69.79815 332.440132      99.98 5.0945e+02   2035.378      48850  1033.3776  1033.3769    34.7236    34.7227    7.77151         29 0.0000e+00
   1194.000   1178.891     1.2468  30.433173     1.2466  30.432303     4.3456     4.3833    -0.0138    97.9743 1.0000e-12  -65.23706  -69.79814 332.440146      99.98 5.0769e+02   2036.619      48880  1033.3825  1033.3818    34.7237    34.7228    7.77180         24 0.0000e+00
   1195.000   1179.876     1.2461  30.433004     1.2462  30.432356     4.3437     4.3821    -0.0121    97.9624 1.0000e-12  -65.23706  -69.79814 332.440158      99.98 5.0580e+02   2037.621      48904  1033.3871  1033.3864    34.7237    34.7228    7.77194         25 0.0000e+00
   1196.000   1180.861     1.2454  30.432923     1.2458  30.432462     4.3487     4.3816    -0.0129    97.9613 1.0000e-12  -65.23706  -69.79814 332.440170      99.98 5.0420e+02   2038.652      48929  1033.3919  1033.3911    34.7238    34.7228    7.77206         25 0.0000e+00
   1197.000   1181.844     1.2451  30.433017     1.2455  30.432668     4.3424     4.3829    -0.0138    97.9613 1.0000e-12  -65.23706  -69.79814 332.440182      99.98 5.0418e+02   2039.725      48954  1033.3964  1033.3957    34.7237    34.7228    7.77213         25 0.0000e+00
   1198.000   1182.829     1.2448  30.433151     1.2448  30.432449     4.3380     4.3828    -0.0086    97.9613 1.0000e-12  -65.23706  -69.79815 332.440193      99.98 5.0418e+02   2040.711      48978  1033.4011  1033.4003    34.7236    34.7228    7.77219         22 0.0000e+00
   1199.000   1183.814     1.2450  30.433746     1.2451  30.433228     4.3348     4.3855    -0.0058    97.9626 1.0000e-12  -65.23706  -69.79816 332.440203      99.98 5.0418e+02   2041.579      48999  1033.4057  1033.4050    34.7237    34.7229    7.77216         20 0.0000e+00
   1200.000   1184.799     1.2450  30.434207     1.2453  30.433784     4.3353     4.3841    -0.0191    97.9737 1.0000e-12  -65.23706  -69.79816 332.440213      99.97 5.0418e+02   2042.386      49018  1033.4103  1033.4096    34.7237    34.7228    7.77216         19 0.0000e+00
   1201.000   1185.783     1.2441  30.433855     1.2443  30.433302     4.3398     4.3865    -0.0154    97.9650 1.0000e-12  -65.23706  -69.79816 332.440222      99.97 5.0418e+02   2043.215      49038  1033.4150  1033.4142    34.7237    34.7228    7.77233         22 0.0000e+00
   1202.000   1186.767     1.2439  30.434199     1.2442  30.433623     4.3416     4.3810    -0.0099    97.9659 1.0000e-12  -65.23706  -69.79816 332.440243      99.98 5.0418e+02   2045.034      49082  1033.4197  1033.4188    34.7238    34.7227    7.77236         34 0.0000e+00
   1203.000   1187.752     1.2433  30.433944     1.2436  30.433503     4.3534     4.3784    -0.0039    97.9609 1.0000e-12  -65.23706  -69.79816 332.440280      99.98 5.0418e+02   2048.214      49158  1033.4242  1033.4235    34.7236    34.7228    7.77250         28 0.0000e+00
   1204.000   1188.737     1.2411  30.432481     1.2412  30.431820     4.3425     4.3847    -0.0125    97.9613 1.0000e-12  -65.23706  -69.79816 332.440289      99.98 5.0418e+02   2048.982      49177  1033.4291  1033.4283    34.7236    34.7227    7.77293         19 0.0000e+00
   1205.000   1189.719     1.2394  30.431378     1.2395  30.430779     4.3406     4.3867    -0.0180    97.9613 1.0000e-12  -65.23706  -69.79816 332.440298      99.97 5.0418e+02   2049.717      49194  1033.4338  1033.4331    34.7235    34.7227    7.77327         17 0.0000e+00
   1206.000   1190.707     1.2377  30.430249     1.2378  30.429714     4.3477     4.3840    -0.0150    97.9676 1.0000e-12  -65.23706  -69.79816 332.440305      99.98 5.0418e+02   2050.385      49210  1033.4386  1033.4380    34.7235    34.7227    7.77362         16 0.0000e+00
   1207.000   1191.689     1.2368  30.429922     1.2369  30.429313     4.3446     4.3839    -0.0150    97.9629 1.0000e-12  -65.23706  -69.79814 332.440313      99.98 5.0449e+02   2051.075      49227  1033.4433  1033.4427    34.7235    34.7226    7.77379         17 0.0000e+00
   1208.000   1192.675     1.2361  30.429676     1.2363  30.429150     4.3412     4.3871    -0.0150    97.9704 1.0000e-12  -65.23707  -69.79814 332.440323      99.97 5.0590e+02   2051.868      49246  1033.4480  1033.4472    34.7234    34.7225    7.77394         22 0.0000e+00
   1209.000   1193.659     1.2354  30.429482     1.2356  30.428903     4.3495     4.3917    -0.0150    97.9671 1.0000e-12  -65.23708  -69.79814 332.440335      99.98 5.0680e+02   2052.978      49272  1033.4526  1033.4518    34.7234    34.7224    7.77408         32 0.0000e+00
   1210.000   1194.642     1.2349  30.429478     1.2350  30.428898     4.3489     4.3917    -0.0138    97.9612 1.0000e-12  -65.23708  -69.79816 332.440352      99.98 5.0683e+02   2054.371      49306  1033.4572  1033.4565    34.7233    34.7225    7.77417         32 0.0000e+00
   1211.000   1195.628     1.2349  30.429877     1.2351  30.429276     4.3456     4.3836    -0.0188    97.9663 1.0000e-12  -65.23706  -69.79817 332.440367      99.98 5.0726e+02   2055.668      49337  1033.4618  1033.4610    34.7234    34.7224    7.77418         31 0.0000e+00
   1212.000   1196.613     1.2349  30.430216     1.2349  30.429694     4.3453     4.3873    -0.0130    97.9712 1.0000e-12  -65.23706  -69.79818 332.440381      99.98 5.0770e+02   2056.937      49367  1033.4662  1033.4657    34.7232    34.7226    7.77418         31 0.0000e+00
   1213.000   1197.597     1.2349  30.430699     1.2349  30.430057     4.3443     4.3918    -0.0164    97.9752 1.0000e-12  -65.23706  -69.79818 332.440397      99.98 5.0771e+02   2058.310      49400  1033.4709  1033.4702    34.7233    34.7225    7.77418         35 0.0000e+00
   1214.000   1198.581     1.2347  30.430940     1.2348  30.430343     4.3465     4.3886    -0.0137    97.9745 1.0000e-12  -65.23707  -69.79816 332.440415      99.98 5.0565e+02   2059.858      49438  1033.4755  1033.4748    34.7233    34.7224    7.77421         39 0.0000e+00
   1215.000   1199.565     1.2338  30.430512     1.2341  30.430128     4.3491     4.3894    -0.0128    97.9672 1.0000e-12  -65.23708  -69.79814 332.440433      99.97 5.0361e+02   2061.437      49475  1033.4801  1033.4795    34.7232    34.7224    7.77440         34 0.0000e+00
   1216.000   1200.551     1.2334  30.430683     1.2335  30.430196     4.3508     4.3865    -0.0127    97.9749 1.0000e-12  -65.23708  -69.79814 332.440447      99.98 5.0195e+02   2062.663      49505  1033.4848  1033.4842    34.7233    34.7225    7.77447         25 0.0000e+00
   1217.000   1201.533     1.2334  30.431215     1.2334  30.430595     4.3431     4.3922    -0.0132    97.9703 1.0000e-12  -65.23708  -69.79815 332.440458      99.97 5.0066e+02   2063.565      49527  1033.4896  1033.4889    34.7235    34.7227    7.77447         20 0.0000e+00
   1218.000   1202.518     1.2331  30.431305     1.2334  30.430819     4.3446     4.3924    -0.0111    97.9765 1.0000e-12  -65.23708  -69.79816 332.440467      99.97 5.0066e+02   2064.338      49545  1033.4942  1033.4934    34.7234    34.7224    7.77453         17 0.0000e+00
   1219.000   1203.504     1.2323  30.431074     1.2325  30.430470     4.3436     4.3940    -0.0059    97.9718 1.0000e-12  -65.23708  -69.79816 332.440475      99.98 5.0066e+02   2065.056      49562  1033.4989  1033.4981    34.7233    34.7224    7.77468         17 0.0000e+00
   1220.000   1204.489     1.2306  30.429929     1.2308  30.429390     4.3463     4.3958    -0.0039    97.9830 1.0000e-12  -65.23708  -69.79816 332.440484      99.98 5.0149e+02   2065.792      49580  1033.5036  1033.5029    34.7233    34.7224    7.77503         19 0.0000e+00
   1221.000   1205.472     1.2287  30.428641     1.2290  30.428112     4.3479     4.3948    -0.0019    97.9731 1.0000e-12  -65.23708  -69.79816 332.440494      99.98 5.0279e+02   2066.671      49601  1033.5084  1033.5076    34.7232    34.7222    7.77541         25 0.0000e+00
