NBP2113_155081_ctd/data/dnbp2113_054.cnv
* Sea-Bird SBE 9 Data File:
* FileName = D:\Data\raw\NBP2113_054.hex
* Software Version Seasave V 7.26.7.121
* Temperature SN = 2438
* Conductivity SN = 2067
* Number of Bytes Per Scan = 40
* Number of Voltage Words = 5
* Number of Scans Averaged by the Deck Unit = 1
* NMEA Latitude = 64 52.85 S
* NMEA Longitude = 064 38.20 W
* NMEA UTC (Time) = Dec 11 2021  19:48:22
* NMEA baud rate = 9600
** Ship: RVIB N.B. Palmer
** Cruise: NBP2113 LTER
** Station: 597.052
** Operator: S. Blackman
# nquan = 25
# nvalues = 442                         
# units = specified
# name 0 = prDM: Pressure, Digiquartz [db]
# name 1 = depSM: Depth [salt water, m]
# name 2 = t090C: Temperature [ITS-90, deg C]
# name 3 = c0mS/cm: Conductivity [mS/cm]
# name 4 = t190C: Temperature, 2 [ITS-90, deg C]
# name 5 = c1mS/cm: Conductivity, 2 [mS/cm]
# name 6 = sbeox0ML/L: Oxygen, SBE 43 [ml/l]
# name 7 = sbeox1ML/L: Oxygen, SBE 43, 2 [ml/l]
# name 8 = flECO-AFL: Fluorescence, WET Labs ECO-AFL/FL [mg/m^3]
# name 9 = CStarTr0: Beam Transmission, WET Labs C-Star [%]
# name 10 = par: PAR/Irradiance, Biospherical/Licor
# name 11 = latitude: Latitude [deg]
# name 12 = longitude: Longitude [deg]
# name 13 = timeJ: Julian Days
# name 14 = altM: Altimeter [m]
# name 15 = spar: SPAR, Biospherical/Licor
# name 16 = timeS: Time, Elapsed [seconds]
# name 17 = scan: Scan Count
# name 18 = density00: Density [density, kg/m^3]
# name 19 = density11: Density, 2 [density, kg/m^3]
# name 20 = sal00: Salinity, Practical [PSU]
# name 21 = sal11: Salinity, Practical, 2 [PSU]
# name 22 = oxsolML/L: Oxygen Saturation, Garcia & Gordon [ml/l]
# name 23 = nbin: number of scans per bin
# name 24 = flag: flag
# span 0 =      4.000,    445.000       
# span 1 =      3.957,    440.162       
# span 2 =    -0.7140,     1.3400       
# span 3 =  27.403304,  30.125620       
# span 4 =    -0.7123,     1.3395       
# span 5 =  27.404470,  30.124093       
# span 6 =     4.2431,     8.1464       
# span 7 =     4.3004,     8.0854       
# span 8 =    -0.0224,     1.8496       
# span 9 =    83.6567,    91.4209       
# span 10 = 1.0000e-12, 2.2836e+02      
# span 11 =  -64.88096,  -64.88090      
# span 12 =  -64.63753,  -64.63672      
# span 13 = 345.829168, 345.837807      
# span 14 =       7.39,     110.54      
# span 15 = 4.7768e+02, 5.8487e+02      
# span 16 =    338.111,   1084.502      
# span 17 =       8116,      26029      
# span 18 =  1027.0587,  1029.8330      
# span 19 =  1027.0462,  1029.8317      
# span 20 =    33.6122,    34.6478      
# span 21 =    33.6113,    34.6464      
# span 22 =    7.75747,    8.24194      
# span 23 =          6,         49      
# span 24 = 0.0000e+00, 0.0000e+00      
# interval = decibars: 1                
# start_time = Dec 11 2021 19:48:22 [NMEA time, header]
# bad_flag = -9.990e-29
*END*
[from data line 116]
    120.000    118.792     0.4694  29.066201     0.4688  29.064559     5.3597     5.4426     0.0283    91.0267 7.2880e-02  -64.88094  -64.63730 345.833022      99.97 4.8832e+02    671.137      16108  1028.1923  1028.1911    34.4355    34.4340    7.94437         24 0.0000e+00
    121.000    119.778     0.4834  29.081096     0.4821  29.078738     5.3580     5.4376     0.0207    91.0354 6.6667e-02  -64.88094  -64.63728 345.833034      99.97 4.8832e+02    672.181      16133  1028.1988  1028.1975    34.4388    34.4371    7.94131         27 0.0000e+00
    122.000    120.770     0.4926  29.091275     0.4925  29.089870     5.3556     5.4294     0.0194    91.0510 6.1244e-02  -64.88094  -64.63728 345.833050      99.97 4.8696e+02    673.550      16166  1028.2051  1028.2036    34.4413    34.4396    7.93930         36 0.0000e+00
    123.000    121.760     0.4967  29.096085     0.4963  29.094435     5.3471     5.4149     0.0337    91.0741 5.7079e-02  -64.88094  -64.63727 345.833076      99.97 4.8655e+02    675.719      16218  1028.2108  1028.2095    34.4423    34.4406    7.93838         35 0.0000e+00
    124.000    122.749     0.5090  29.107806     0.5080  29.105747     5.3267     5.3969     0.0327    91.0836 5.3959e-02  -64.88094  -64.63726 345.833092      99.97 4.8535e+02    677.166      16253  1028.2156  1028.2144    34.4434    34.4418    7.93581         27 0.0000e+00
    125.000    123.738     0.5290  29.128583     0.5284  29.126969     5.3049     5.3849     0.0253    91.0575 5.0682e-02  -64.88094  -64.63726 345.833103      99.97 4.8478e+02    678.143      16276  1028.2222  1028.2210    34.4476    34.4461    7.93148         21 0.0000e+00
    126.000    124.727     0.5361  29.136560     0.5354  29.135018     5.3045     5.3835     0.0195    91.0912 4.6407e-02  -64.88094  -64.63726 345.833113      99.97 4.8479e+02    679.002      16297  1028.2281  1028.2271    34.4495    34.4483    7.92992         21 0.0000e+00
    127.000    125.719     0.5443  29.145345     0.5439  29.143904     5.3189     5.3769     0.0141    91.0994 4.1804e-02  -64.88094  -64.63726 345.833124      99.97 4.8479e+02    679.892      16318  1028.2337  1028.2325    34.4512    34.4498    7.92814         23 0.0000e+00
    128.000    126.707     0.5502  29.152090     0.5489  29.149802     5.2986     5.3657     0.0201    91.0916 3.7484e-02  -64.88094  -64.63726 345.833136      99.97 4.8349e+02    680.986      16345  1028.2395  1028.2383    34.4529    34.4513    7.92684         31 0.0000e+00
    129.000    127.698     0.5647  29.167491     0.5641  29.165557     5.2862     5.3514     0.0365    91.0819 3.2664e-02  -64.88094  -64.63726 345.833161      99.97 4.8302e+02    683.103      16395  1028.2461  1028.2447    34.4562    34.4544    7.92369         39 0.0000e+00
    130.000    128.686     0.5768  29.180456     0.5764  29.178875     5.2886     5.3463     0.0272    91.0676 2.9125e-02  -64.88093  -64.63724 345.833189      99.97 4.8279e+02    685.510      16453  1028.2525  1028.2513    34.4591    34.4574    7.92106         29 0.0000e+00
    131.000    129.675     0.5808  29.184652     0.5802  29.183122     5.2879     5.3358     0.0137    91.0833 2.5555e-02  -64.88092  -64.63724 345.833202      99.97 4.8146e+02    686.673      16481  1028.2574  1028.2564    34.4594    34.4581    7.92022         24 0.0000e+00
    132.000    130.664     0.5856  29.190097     0.5851  29.188642     5.2757     5.3293     0.0143    91.0680 2.2581e-02  -64.88092  -64.63723 345.833213      99.97 4.8127e+02    687.569      16503  1028.2628  1028.2618    34.4605    34.4593    7.91916         20 0.0000e+00
    133.000    131.654     0.5898  29.194902     0.5891  29.193266     5.2692     5.3304     0.0250    91.0751 1.9390e-02  -64.88092  -64.63722 345.833222      99.97 4.8127e+02    688.407      16523  1028.2681  1028.2671    34.4616    34.4602    7.91826         21 0.0000e+00
    134.000    132.647     0.5925  29.198067     0.5919  29.196586     5.2684     5.3288     0.0289    91.0538 1.6186e-02  -64.88092  -64.63722 345.833233      99.97 4.8127e+02    689.328      16545  1028.2732  1028.2722    34.4621    34.4609    7.91767         23 0.0000e+00
    135.000    133.634     0.5954  29.201655     0.5947  29.200157     5.2502     5.3201     0.0328    91.0660 1.3882e-02  -64.88092  -64.63722 345.833246      99.97 4.8127e+02    690.435      16571  1028.2785  1028.2776    34.4629    34.4617    7.91703         31 0.0000e+00
    136.000    134.623     0.5999  29.206987     0.5993  29.205296     5.2483     5.3144     0.0307    91.0673 1.0833e-02  -64.88092  -64.63722 345.833262      99.97 4.8127e+02    691.858      16606  1028.2841  1028.2830    34.4643    34.4628    7.91604         37 0.0000e+00
    137.000    135.612     0.6034  29.211543     0.6031  29.210087     5.2548     5.3079     0.0303    91.0602 8.0115e-03  -64.88092  -64.63722 345.833282      99.97 4.8127e+02    693.560      16646  1028.2899  1028.2887    34.4657    34.4642    7.91524         36 0.0000e+00
    138.000    136.603     0.6036  29.212082     0.6032  29.210480     5.2493     5.2980     0.0354    91.0604 5.6270e-03  -64.88094  -64.63721 345.833306      99.97 4.8017e+02    695.597      16695  1028.2947  1028.2934    34.4656    34.4639    7.91521         36 0.0000e+00
    139.000    137.592     0.6048  29.213596     0.6043  29.212189     5.2407     5.2902     0.0280    91.0662 3.1348e-03  -64.88093  -64.63720 345.833320      99.97 4.7947e+02    696.837      16725  1028.2995  1028.2985    34.4656    34.4644    7.91496         23 0.0000e+00
    140.000    138.581     0.6058  29.214898     0.6052  29.213415     5.2316     5.2827     0.0141    91.0757 7.0199e-04  -64.88092  -64.63720 345.833329      99.97 4.7950e+02    697.637      16744  1028.3043  1028.3033    34.4657    34.4644    7.91477         17 0.0000e+00
    141.000    139.572     0.6076  29.216880     0.6067  29.215248     5.2281     5.2817     0.0196    91.1033 1.6442e-06  -64.88092  -64.63720 345.833337      99.97 4.7950e+02    698.290      16760  1028.3089  1028.3080    34.4657    34.4645    7.91440         15 0.0000e+00
    142.000    140.560     0.6111  29.221071     0.6101  29.219143     5.2250     5.2798     0.0201    91.0914 1.0000e-12  -64.88092  -64.63720 345.833344      99.97 4.7950e+02    698.913      16775  1028.3141  1028.3130    34.4667    34.4652    7.91363         15 0.0000e+00
    143.000    141.551     0.6148  29.225776     0.6140  29.224114     5.2218     5.2825     0.0144    91.0863 1.0000e-12  -64.88092  -64.63720 345.833352      99.97 4.7950e+02    699.589      16791  1028.3197  1028.3187    34.4680    34.4668    7.91280         18 0.0000e+00
    144.000    142.538     0.6160  29.227640     0.6137  29.224300     5.2072     5.2710     0.0228    91.0980 1.0000e-12  -64.88092  -64.63719 345.833373      99.97 4.7950e+02    701.467      16836  1028.3248  1028.3236    34.4685    34.4667    7.91252         32 0.0000e+00
    145.000    143.529     0.6266  29.238041     0.6222  29.232051     5.1514     5.2144     0.0212    91.1124 1.0000e-12  -64.88092  -64.63716 345.833410      99.97 4.7768e+02    704.625      16912  1028.3297  1028.3278    34.4696    34.4668    7.91030         24 0.0000e+00
    146.000    144.518     0.6431  29.255644     0.6422  29.253818     5.1280     5.2032     0.0204    91.1134 1.0000e-12  -64.88092  -64.63716 345.833419      99.97 4.7774e+02    705.412      16931  1028.3362  1028.3351    34.4736    34.4722    7.90671         18 0.0000e+00
    147.000    145.511     0.6563  29.270518     0.6552  29.268396     5.1139     5.1948     0.0142    91.1184 1.0000e-12  -64.88092  -64.63716 345.833427      99.97 4.7774e+02    706.114      16948  1028.3430  1028.3419    34.4777    34.4761    7.90380         16 0.0000e+00
    148.000    146.495     0.6644  29.279214     0.6635  29.277309     5.0920     5.1768     0.0168    91.1396 1.0000e-12  -64.88092  -64.63716 345.833435      99.97 4.7774e+02    706.756      16963  1028.3485  1028.3473    34.4793    34.4779    7.90205         15 0.0000e+00
    149.000    147.489     0.6724  29.288890     0.6719  29.287397     5.0621     5.1580     0.0216    91.1377 1.0000e-12  -64.88092  -64.63716 345.833442      99.97 4.7774e+02    707.413      16979  1028.3551  1028.3540    34.4825    34.4811    7.90026         17 0.0000e+00
    150.000    148.477     0.6837  29.300341     0.6828  29.298681     5.0663     5.1556     0.0155    91.1366 1.0000e-12  -64.88092  -64.63716 345.833452      99.97 4.7774e+02    708.220      16998  1028.3603  1028.3595    34.4842    34.4830    7.89786         23 0.0000e+00
    151.000    149.463     0.6970  29.314839     0.6981  29.314280     5.0885     5.1601     0.0129    91.1577 1.0000e-12  -64.88092  -64.63716 345.833471      99.97 4.7774e+02    709.899      17039  1028.3670  1028.3652    34.4876    34.4856    7.89496         33 0.0000e+00
    152.000    150.456     0.7179  29.336449     0.7159  29.333266     5.0043     5.0930     0.0124    91.1712 1.0000e-12  -64.88092  -64.63715 345.833505      99.97 4.7774e+02    712.851      17109  1028.3737  1028.3723    34.4919    34.4900    7.89049         42 0.0000e+00
    153.000    151.446     0.7390  29.360630     0.7388  29.359187     4.9500     5.0527     0.0123    91.1880 1.0000e-12  -64.88092  -64.63712 345.833523      99.97 4.7774e+02    714.403      17147  1028.3827  1028.3814    34.4992    34.4975    7.88580         27 0.0000e+00
    154.000    152.434     0.7499  29.372518     0.7487  29.370447     4.9503     5.0361     0.0176    91.1424 1.0000e-12  -64.88092  -64.63712 345.833534      99.97 4.7774e+02    715.322      17169  1028.3888  1028.3879    34.5019    34.5005    7.88344         20 0.0000e+00
    155.000    153.425     0.7607  29.384959     0.7601  29.383148     4.9498     5.0295     0.0070    91.1718 1.0000e-12  -64.88092  -64.63710 345.833543      99.97 4.7774e+02    716.098      17187  1028.3956  1028.3943    34.5055    34.5037    7.88106         18 0.0000e+00
    156.000    154.412     0.7643  29.389385     0.7636  29.387793     4.9400     5.0203     0.0069    91.2628 1.0000e-12  -64.88092  -64.63711 345.833551      99.97 4.7774e+02    716.817      17205  1028.4011  1028.4001    34.5066    34.5053    7.88027         17 0.0000e+00
    157.000    155.405     0.7637  29.389757     0.7632  29.388294     4.9078     5.0044     0.0069    91.2664 1.0000e-12  -64.88092  -64.63712 345.833559      99.97 4.7774e+02    717.533      17222  1028.4065  1028.4055    34.5071    34.5058    7.88035         17 0.0000e+00
    158.000    156.393     0.7646  29.391480     0.7639  29.389710     4.8907     4.9931     0.0069    91.2693 1.0000e-12  -64.88092  -64.63712 345.833568      99.97 4.7774e+02    718.271      17240  1028.4118  1028.4107    34.5078    34.5063    7.88013         18 0.0000e+00
    159.000    157.381     0.7717  29.398951     0.7711  29.397492     4.9077     5.0009     0.0069    91.2677 1.0000e-12  -64.88092  -64.63712 345.833577      99.97 4.7774e+02    719.057      17258  1028.4171  1028.4161    34.5090    34.5077    7.87863         20 0.0000e+00
    160.000    158.371     0.7906  29.419043     0.7908  29.418299     4.9262     4.9993     0.0069    91.2863 1.0000e-12  -64.88092  -64.63713 345.833588      99.97 4.7774e+02    719.999      17281  1028.4237  1028.4228    34.5134    34.5122    7.87456         28 0.0000e+00
    161.000    159.360     0.7790  29.406818     0.7789  29.405003     4.9141     4.9786     0.0140    91.3142 1.0000e-12  -64.88092  -64.63711 345.833640      99.97 4.7774e+02    724.481      17389  1028.4274  1028.4256    34.5098    34.5076    7.87710         26 0.0000e+00
    162.000    160.350     0.7905  29.418777     0.7834  29.411352     4.8947     4.9622     0.0068    91.3704 1.0000e-12  -64.88092  -64.63706 345.833658      99.97 4.7774e+02    726.053      17426  1028.4328  1028.4320    34.5120    34.5102    7.87465         16 0.0000e+00
    163.000    161.340     0.8017  29.432136     0.7997  29.427694     4.8917     4.9600     0.0011    91.3898 1.0000e-12  -64.88092  -64.63706 345.833665      99.97 4.7774e+02    726.650      17441  1028.4401  1028.4376    34.5162    34.5128    7.87215         14 0.0000e+00
    164.000    162.330     0.8068  29.437657     0.8064  29.436204     4.8850     4.9593    -0.0015    91.3952 1.0000e-12  -64.88092  -64.63706 345.833671      99.97 4.7774e+02    727.204      17454  1028.4452  1028.4441    34.5172    34.5158    7.87108         13 0.0000e+00
    165.000    163.317     0.8088  29.440704     0.8082  29.439160     4.8861     4.9588    -0.0065    91.3759 1.0000e-12  -64.88092  -64.63706 345.833677      28.81 4.7774e+02    727.727      17466  1028.4507  1028.4496    34.5183    34.5169    7.87060         12 0.0000e+00
    166.000    164.308     0.8089  29.441228     0.8083  29.439644     4.8940     4.9607    -0.0077    91.3364 1.0000e-12  -64.88092  -64.63706 345.833683       9.53 4.7774e+02    728.242      17479  1028.4555  1028.4544    34.5183    34.5169    7.87059         13 0.0000e+00
    167.000    165.297     0.8093  29.442175     0.8087  29.440706     4.9055     4.9626    -0.0092    91.3451 1.0000e-12  -64.88092  -64.63706 345.833690      86.84 4.7774e+02    728.791      17492  1028.4605  1028.4594    34.5185    34.5172    7.87050         14 0.0000e+00
    168.000    166.288     0.8107  29.444130     0.8103  29.442792     4.9100     4.9628    -0.0060    91.3605 1.0000e-12  -64.88092  -64.63706 345.833697      65.74 4.7774e+02    729.464      17508  1028.4655  1028.4644    34.5189    34.5175    7.87020         19 0.0000e+00
    169.000    167.275     0.8097  29.443436     0.8086  29.440952     4.9020     4.9591     0.0116    91.4091 1.0000e-12  -64.88092  -64.63708 345.833727      86.34 4.7774e+02    732.014      17569  1028.4702  1028.4687    34.5184    34.5165    7.87041         28 0.0000e+00
    170.000    168.265     0.8099  29.444000     0.8063  29.439224     4.8828     4.9379     0.0149    91.4160 1.0000e-12  -64.88092  -64.63708 345.833766     100.35 4.7774e+02    735.424      17651  1028.4752  1028.4737    34.5184    34.5162    7.87039         25 0.0000e+00
    171.000    169.255     0.8151  29.447587     0.8103  29.443033     4.8626     4.9253     0.0157    91.4027 1.0000e-12  -64.88092  -64.63706 345.833776      99.97 4.7774e+02    736.284      17672  1028.4781  1028.4781    34.5167    34.5161    7.86943         20 0.0000e+00
    172.000    170.243     0.8453  29.481153     0.8437  29.478468     4.8586     4.9156     0.0069    91.4209 1.0000e-12  -64.88092  -64.63704 345.833786      99.97 4.7774e+02    737.084      17691  1028.4873  1028.4861    34.5260    34.5242    7.86281         19 0.0000e+00
    173.000    171.235     0.8526  29.488930     0.8491  29.484408     4.8565     4.9112     0.0069    91.4194 1.0000e-12  -64.88092  -64.63704 345.833794      99.97 4.7774e+02    737.825      17709  1028.4927  1028.4914    34.5274    34.5254    7.86126         17 0.0000e+00
    174.000    172.222     0.8563  29.493563     0.8547  29.491107     4.8482     4.9122     0.0103    91.4000 1.0000e-12  -64.88092  -64.63704 345.833802      99.97 4.7774e+02    738.534      17726  1028.4983  1028.4972    34.5286    34.5272    7.86044         17 0.0000e+00
    175.000    173.213     0.8577  29.495708     0.8567  29.493793     4.8436     4.9055     0.0138    91.4178 1.0000e-12  -64.88092  -64.63704 345.833811      99.97 4.7819e+02    739.274      17744  1028.5034  1028.5025    34.5292    34.5279    7.86012         19 0.0000e+00
    176.000    174.202     0.8609  29.498343     0.8575  29.495147     4.8398     4.9004     0.0072    91.4159 1.0000e-12  -64.88092  -64.63704 345.833821      99.97 4.7850e+02    740.169      17765  1028.5074  1028.5073    34.5285    34.5281    7.85952         25 0.0000e+00
