NBP2113_155081_ctd/data/dnbp2113_059.cnv
* Sea-Bird SBE 9 Data File:
* FileName = D:\Data\raw\NBP2113_059.hex
* Software Version Seasave V 7.26.7.121
* Temperature SN = 2438
* Conductivity SN = 2067
* Number of Bytes Per Scan = 40
* Number of Voltage Words = 5
* Number of Scans Averaged by the Deck Unit = 1
* NMEA Latitude = 64 45.55 S
* NMEA Longitude = 063 08.87 W
* NMEA UTC (Time) = Dec 13 2021  21:27:01
* NMEA baud rate = 9600
** Ship: RVIB N.B. Palmer
** Cruise: NBP2113 LTER
** Station: 653.008
** Operator: S. Blackman
# nquan = 25
# nvalues = 131                         
# units = specified
# name 0 = prDM: Pressure, Digiquartz [db]
# name 1 = depSM: Depth [salt water, m]
# name 2 = t090C: Temperature [ITS-90, deg C]
# name 3 = c0mS/cm: Conductivity [mS/cm]
# name 4 = t190C: Temperature, 2 [ITS-90, deg C]
# name 5 = c1mS/cm: Conductivity, 2 [mS/cm]
# name 6 = sbeox0ML/L: Oxygen, SBE 43 [ml/l]
# name 7 = sbeox1ML/L: Oxygen, SBE 43, 2 [ml/l]
# name 8 = flECO-AFL: Fluorescence, WET Labs ECO-AFL/FL [mg/m^3]
# name 9 = CStarTr0: Beam Transmission, WET Labs C-Star [%]
# name 10 = par: PAR/Irradiance, Biospherical/Licor
# name 11 = latitude: Latitude [deg]
# name 12 = longitude: Longitude [deg]
# name 13 = timeJ: Julian Days
# name 14 = altM: Altimeter [m]
# name 15 = spar: SPAR, Biospherical/Licor
# name 16 = timeS: Time, Elapsed [seconds]
# name 17 = scan: Scan Count
# name 18 = density00: Density [density, kg/m^3]
# name 19 = density11: Density, 2 [density, kg/m^3]
# name 20 = sal00: Salinity, Practical [PSU]
# name 21 = sal11: Salinity, Practical, 2 [PSU]
# name 22 = oxsolML/L: Oxygen Saturation, Garcia & Gordon [ml/l]
# name 23 = nbin: number of scans per bin
# name 24 = flag: flag
# span 0 =      4.000,    134.000       
# span 1 =      3.971,    132.646       
# span 2 =    -0.2004,     0.5495       
# span 3 =  28.009305,  29.118359       
# span 4 =    -0.2000,     0.5508       
# span 5 =  28.007781,  29.118023       
# span 6 =     5.4528,     7.4916       
# span 7 =     5.5893,     7.6146       
# span 8 =     0.1022,     1.8711       
# span 9 =    85.1674,    90.6397       
# span 10 = 1.0000e-12, 2.0226e+02      
# span 11 =  -64.75940,  -64.75928      
# span 12 =  -63.14776,  -63.14769      
# span 13 = 347.903869, 347.907038      
# span 14 =      10.00,      99.97      
# span 15 = 4.8832e+02, 5.3101e+02      
# span 16 =    873.265,   1147.049      
# span 17 =      20959,      27530      
# span 18 =  1027.2118,  1028.2320      
# span 19 =  1027.2091,  1028.2304      
# span 20 =    33.8537,    34.4061      
# span 21 =    33.8512,    34.4041      
# span 22 =    7.92958,    8.11723      
# span 23 =         13,         46      
# span 24 = 0.0000e+00, 0.0000e+00      
# interval = decibars: 1                
# start_time = Dec 13 2021 21:27:01 [NMEA time, header]
# bad_flag = -9.990e-29
*END*
[from data line 116]
    120.000    118.790     0.3975  28.932621     0.3974  28.931243     5.7687     5.9065     0.1606    90.5384 1.0000e-12  -64.75936  -63.14770 347.906388      24.24 5.2005e+02   1090.917      26183  1028.1224  1028.1210    34.3408    34.3391    7.96445         33 0.0000e+00
    121.000    119.782     0.4064  28.942976     0.4066  28.941845     5.7000     5.8603     0.1670    90.5242 1.0000e-12  -64.75936  -63.14770 347.906404      23.16 5.2005e+02   1092.305      26216  1028.1288  1028.1274    34.3438    34.3421    7.96244         33 0.0000e+00
    122.000    120.770     0.4305  28.970193     0.4289  28.966909     5.6535     5.8184     0.1806    90.5969 1.0000e-12  -64.75936  -63.14770 347.906420      22.18 5.2005e+02   1093.722      26250  1028.1381  1028.1362    34.3520    34.3495    7.95701         35 0.0000e+00
    123.000    121.760     0.4433  28.986310     0.4427  28.983652     5.5651     5.7567     0.1786    90.6010 1.0000e-12  -64.75936  -63.14770 347.906437      21.17 5.2005e+02   1095.189      26286  1028.1470  1028.1447    34.3583    34.3554    7.95403         37 0.0000e+00
    124.000    122.750     0.4877  29.036607     0.4831  29.028968     5.4990     5.6956     0.1337    90.6381 1.0000e-12  -64.75936  -63.14770 347.906456      20.19 5.2005e+02   1096.799      26324  1028.1607  1028.1572    34.3740    34.3691    7.94402         38 0.0000e+00
    125.000    123.740     0.5112  29.065332     0.5102  29.062427     5.4528     5.6510     0.1218    90.6299 1.0000e-12  -64.75936  -63.14770 347.906476      19.29 5.2005e+02   1098.533      26366  1028.1726  1028.1703    34.3848    34.3820    7.93860         34 0.0000e+00
    126.000    124.729     0.5311  29.091106     0.5310  29.088669     5.4677     5.6394     0.1370    90.6108 1.0000e-12  -64.75936  -63.14770 347.906497      18.07 5.2005e+02   1100.362      26410  1028.1848  1028.1824    34.3957    34.3927    7.93392         38 0.0000e+00
    127.000    125.718     0.5319  29.092843     0.5321  29.091327     5.4917     5.6412     0.1242    90.6176 1.0000e-12  -64.75936  -63.14770 347.906520      17.07 5.2064e+02   1102.350      26457  1028.1907  1028.1888    34.3965    34.3942    7.93371         41 0.0000e+00
    128.000    126.704     0.5338  29.095386     0.5314  29.090584     5.4984     5.6538     0.1097    90.6094 1.0000e-12  -64.75936  -63.14770 347.906551      15.88 5.2178e+02   1105.046      26522  1028.1962  1028.1935    34.3971    34.3935    7.93329         40 0.0000e+00
    129.000    127.696     0.5351  29.097024     0.5348  29.095125     5.4996     5.6310     0.1086    90.6191 1.0000e-12  -64.75936  -63.14770 347.906596      14.84 5.2181e+02   1108.886      26614  1028.2014  1028.1996    34.3972    34.3950    7.93302         39 0.0000e+00
    130.000    128.685     0.5359  29.098624     0.5360  29.097227     5.5006     5.6252     0.1063    90.6232 1.0000e-12  -64.75936  -63.14770 347.906632      13.77 5.2335e+02   1112.028      26690  1028.2068  1028.2052    34.3978    34.3959    7.93281         40 0.0000e+00
    131.000    129.676     0.5360  29.098835     0.5361  29.097552     5.5023     5.6223     0.1022    90.6397 1.0000e-12  -64.75938  -63.14770 347.906668      12.77 5.2358e+02   1115.133      26764  1028.2114  1028.2099    34.3974    34.3956    7.93283         39 0.0000e+00
    132.000    130.666     0.5385  29.103165     0.5391  29.102409     5.4823     5.6008     0.1122    90.5979 1.0000e-12  -64.75938  -63.14770 347.906704      11.76 5.2358e+02   1118.196      26838  1028.2177  1028.2163    34.3996    34.3979    7.93217         43 0.0000e+00
    133.000    131.657     0.5447  29.111980     0.5461  29.112094     5.4655     5.5893     0.1222    90.5678 1.0000e-12  -64.75938  -63.14770 347.906740      10.71 5.2520e+02   1121.354      26913  1028.2253  1028.2241    34.4036    34.4022    7.93069         36 0.0000e+00
    134.000    132.646     0.5495  29.118359     0.5508  29.118023     5.4950     5.6030     0.1057    90.6395 1.0000e-12  -64.75940  -63.14769 347.907038      10.00 5.3101e+02   1147.049      27530  1028.2320  1028.2304    34.4061    34.4041    7.92958         36 0.0000e+00
