NBP2113_155081_ctd/data/dnbp2113_024.cnv
* Sea-Bird SBE 9 Data File:
* FileName = D:\Data\raw\NBP2113_024.hex
* Software Version Seasave V 7.26.7.121
* Temperature SN = 2438
* Conductivity SN = 2067
* Number of Bytes Per Scan = 40
* Number of Voltage Words = 5
* Number of Scans Averaged by the Deck Unit = 1
* NMEA Latitude = 67 06.83 S
* NMEA Longitude = 071 31.86 W
* NMEA UTC (Time) = Dec 02 2021  07:40:38
* NMEA baud rate = 9600
** Ship: RVIB N.B. Palmer
** Cruise: NBP2113 LTER
** Station: 200.100
** Operator: B. Urmston
# nquan = 25
# nvalues = 417                         
# units = specified
# name 0 = prDM: Pressure, Digiquartz [db]
# name 1 = depSM: Depth [salt water, m]
# name 2 = t090C: Temperature [ITS-90, deg C]
# name 3 = c0mS/cm: Conductivity [mS/cm]
# name 4 = t190C: Temperature, 2 [ITS-90, deg C]
# name 5 = c1mS/cm: Conductivity, 2 [mS/cm]
# name 6 = sbeox0ML/L: Oxygen, SBE 43 [ml/l]
# name 7 = sbeox1ML/L: Oxygen, SBE 43, 2 [ml/l]
# name 8 = flECO-AFL: Fluorescence, WET Labs ECO-AFL/FL [mg/m^3]
# name 9 = CStarTr0: Beam Transmission, WET Labs C-Star [%]
# name 10 = par: PAR/Irradiance, Biospherical/Licor
# name 11 = latitude: Latitude [deg]
# name 12 = longitude: Longitude [deg]
# name 13 = timeJ: Julian Days
# name 14 = altM: Altimeter [m]
# name 15 = spar: SPAR, Biospherical/Licor
# name 16 = timeS: Time, Elapsed [seconds]
# name 17 = scan: Scan Count
# name 18 = density00: Density [density, kg/m^3]
# name 19 = density11: Density, 2 [density, kg/m^3]
# name 20 = sal00: Salinity, Practical [PSU]
# name 21 = sal11: Salinity, Practical, 2 [PSU]
# name 22 = oxsolML/L: Oxygen Saturation, Garcia & Gordon [ml/l]
# name 23 = nbin: number of scans per bin
# name 24 = flag: flag
# span 0 =      6.000,    422.000       
# span 1 =      5.909,    417.380       
# span 2 =    -0.4946,     1.4783       
# span 3 =  27.887660,  30.208013       
# span 4 =    -0.4944,     1.4779       
# span 5 =  27.885890,  30.206382       
# span 6 =     3.5096,     8.1688       
# span 7 =     3.9289,     8.2170       
# span 8 =    -0.0112,     3.0782       
# span 9 =    87.7795,    97.3027       
# span 10 = -7.718e-06, 8.7252e+00      
# span 11 =  -67.11402,  -67.11380      
# span 12 =  -71.53071,  -71.52968      
# span 13 = 336.323486, 336.331940      
# span 14 =       8.43,     101.37      
# span 15 = 2.8141e+01, 6.5242e+01      
# span 16 =    311.291,   1041.647      
# span 17 =       7472,      25001      
# span 18 =  1027.3649,  1029.7721      
# span 19 =  1027.3626,  1029.7706      
# span 20 =    34.0156,    34.7102      
# span 21 =    34.0131,    34.7084      
# span 22 =    7.72767,    8.17094      
# span 23 =          1,         45      
# span 24 = 0.0000e+00, 0.0000e+00      
# interval = decibars: 1                
# start_time = Dec 02 2021 07:40:38 [NMEA time, header]
# bad_flag = -9.990e-29
*END*
[from data line 232]
    238.000    235.498     1.4332  30.140740     1.4327  30.139068     3.9368     3.9845     0.0060    97.2814 1.0000e-12  -67.11382  -71.52982 336.329035      99.98 6.1701e+01    790.652      18977  1028.8824  1028.8811    34.6829    34.6813    7.73722         17 0.0000e+00
    239.000    236.488     1.4336  30.141468     1.4335  30.139860     3.9363     3.9863    -0.0037    97.2539 1.0000e-12  -67.11383  -71.52982 336.329075      99.98 6.1701e+01    794.102      19059  1028.8870  1028.8855    34.6828    34.6809    7.73715         22 0.0000e+00
    240.000    237.474     1.4327  30.141243     1.4324  30.139690     3.9447     3.9875     0.0007    97.2664 1.0000e-12  -67.11384  -71.52982 336.329103      99.98 6.1701e+01    796.495      19117  1028.8919  1028.8907    34.6830    34.6813    7.73732         15 0.0000e+00
    241.000    238.465     1.4295  30.139499     1.4293  30.137922     3.9482     3.9899    -0.0004    97.2661 1.0000e-12  -67.11384  -71.52982 336.329109      99.97 6.1701e+01    797.024      19130  1028.8975  1028.8961    34.6836    34.6819    7.73791         14 0.0000e+00
    242.000    239.452     1.4272  30.138346     1.4272  30.136872     3.9489     3.9869     0.0010    97.2548 1.0000e-12  -67.11384  -71.52982 336.329116      99.98 6.1701e+01    797.645      19144  1028.9028  1028.9013    34.6842    34.6823    7.73834         16 0.0000e+00
    243.000    240.442     1.4266  30.138278     1.4261  30.136575     3.9461     3.9886    -0.0043    97.2453 1.0000e-12  -67.11384  -71.52982 336.329125      99.98 6.1701e+01    798.418      19163  1028.9076  1028.9063    34.6841    34.6825    7.73845         23 0.0000e+00
    244.000    241.431     1.4260  30.138203     1.4254  30.136292     3.9407     3.9836    -0.0002    97.2408 1.0000e-12  -67.11382  -71.52980 336.329144      99.98 6.1701e+01    800.070      19203  1028.9123  1028.9109    34.6842    34.6824    7.73858         38 0.0000e+00
    245.000    242.419     1.4244  30.137481     1.4241  30.135771     3.9447     3.9880    -0.0018    97.2683 1.0000e-12  -67.11382  -71.52980 336.329161      99.98 6.1701e+01    801.469      19236  1028.9173  1028.9159    34.6844    34.6826    7.73887         21 0.0000e+00
    246.000    243.406     1.4246  30.138102     1.4241  30.136465     3.9462     3.9931    -0.0074    97.2707 1.0000e-12  -67.11382  -71.52982 336.329169      99.98 6.1701e+01    802.233      19255  1028.9220  1028.9208    34.6844    34.6829    7.73884         17 0.0000e+00
    247.000    244.399     1.4246  30.138721     1.4242  30.137100     3.9445     3.9925    -0.0003    97.2678 1.0000e-12  -67.11383  -71.52983 336.329177      99.98 6.1701e+01    802.887      19270  1028.9268  1028.9256    34.6846    34.6830    7.73882         15 0.0000e+00
    248.000    245.385     1.4245  30.139302     1.4240  30.137643     3.9444     3.9991    -0.0016    97.2773 1.0000e-12  -67.11384  -71.52984 336.329185      99.98 6.1701e+01    803.544      19286  1028.9318  1028.9305    34.6849    34.6833    7.73883         18 0.0000e+00
    249.000    246.378     1.4245  30.139816     1.4242  30.138191     3.9518     4.0007    -0.0109    97.2741 1.0000e-12  -67.11384  -71.52984 336.329205      99.98 6.0456e+01    805.279      19328  1028.9365  1028.9352    34.6850    34.6833    7.73883         30 0.0000e+00
    250.000    247.362     1.4248  30.140432     1.4244  30.138846     3.9545     3.9968    -0.0071    97.2648 1.0000e-12  -67.11384  -71.52982 336.329243      99.98 5.9932e+01    808.629      19408  1028.9410  1028.9398    34.6848    34.6832    7.73878         25 0.0000e+00
    251.000    248.353     1.4250  30.141440     1.4246  30.139791     3.9523     3.9959    -0.0008    97.2661 1.0000e-12  -67.11384  -71.52982 336.329253      99.98 5.9938e+01    809.492      19429  1028.9460  1028.9447    34.6853    34.6836    7.73870         19 0.0000e+00
    252.000    249.341     1.4254  30.142343     1.4252  30.140773     3.9477     3.9972    -0.0019    97.2661 1.0000e-12  -67.11384  -71.52980 336.329263      99.98 5.9938e+01    810.298      19448  1028.9509  1028.9494    34.6855    34.6836    7.73863         19 0.0000e+00
    253.000    250.330     1.4260  30.143371     1.4257  30.141821     3.9469     3.9967    -0.0067    97.2661 1.0000e-12  -67.11382  -71.52980 336.329272      99.98 5.9938e+01    811.137      19468  1028.9556  1028.9543    34.6855    34.6839    7.73851         22 0.0000e+00
    254.000    251.319     1.4261  30.144105     1.4259  30.142469     3.9509     3.9973    -0.0042    97.2661 1.0000e-12  -67.11382  -71.52980 336.329284      99.98 5.9938e+01    812.113      19492  1028.9605  1028.9590    34.6858    34.6839    7.73847         25 0.0000e+00
    255.000    252.308     1.4264  30.145044     1.4262  30.143357     3.9452     3.9982     0.0198    97.2661 1.0000e-12  -67.11382  -71.52982 336.329295      99.98 5.9938e+01    813.117      19516  1028.9653  1028.9638    34.6860    34.6841    7.73839         23 0.0000e+00
    256.000    253.297     1.4268  30.145837     1.4265  30.144175     3.9476     3.9987     0.0130    97.2661 1.0000e-12  -67.11384  -71.52982 336.329307      99.97 5.9938e+01    814.090      19539  1028.9700  1028.9686    34.6861    34.6843    7.73832         23 0.0000e+00
    257.000    254.286     1.4268  30.146291     1.4265  30.144729     3.9452     3.9992     0.0050    97.2543 1.0000e-12  -67.11384  -71.52984 336.329318      99.98 5.9938e+01    815.093      19563  1028.9747  1028.9734    34.6860    34.6843    7.73832         26 0.0000e+00
    258.000    255.274     1.4265  30.146643     1.4264  30.145089     3.9436     3.9989     0.0004    97.2433 1.0000e-12  -67.11384  -71.52986 336.329333      99.98 5.9938e+01    816.383      19594  1028.9795  1028.9781    34.6862    34.6843    7.73836         32 0.0000e+00
    259.000    256.262     1.4254  30.146103     1.4253  30.144521     3.9519     3.9939     0.0073    97.2446 1.0000e-12  -67.11384  -71.52986 336.329370      99.98 5.9938e+01    819.568      19671  1028.9843  1028.9828    34.6862    34.6843    7.73859         30 0.0000e+00
    260.000    257.251     1.4247  30.146209     1.4243  30.144584     3.9551     3.9933     0.0007    97.2670 1.0000e-12  -67.11383  -71.52985 336.329385      99.98 5.9655e+01    820.843      19701  1028.9893  1028.9881    34.6865    34.6848    7.73870         21 0.0000e+00
    261.000    258.242     1.4253  30.147456     1.4248  30.145736     3.9540     3.9976    -0.0057    97.2678 1.0000e-12  -67.11382  -71.52984 336.329393      99.97 5.8121e+01    821.590      19719  1028.9942  1028.9930    34.6868    34.6852    7.73856         16 0.0000e+00
    262.000    259.229     1.4247  30.147554     1.4243  30.145908     3.9526     3.9982    -0.0051    97.2661 1.0000e-12  -67.11382  -71.52984 336.329401      99.98 5.8175e+01    822.205      19734  1028.9992  1028.9979    34.6871    34.6854    7.73868         14 0.0000e+00
    263.000    260.218     1.4247  30.148151     1.4244  30.146531     3.9586     3.9989     0.0139    97.2661 1.0000e-12  -67.11382  -71.52984 336.329407      99.98 5.8175e+01    822.755      19747  1029.0040  1029.0027    34.6873    34.6855    7.73867         13 0.0000e+00
    264.000    261.210     1.4249  30.148855     1.4245  30.147298     3.9563     3.9992     0.0103    97.2621 1.0000e-12  -67.11382  -71.52984 336.329413      99.98 5.8175e+01    823.296      19760  1029.0088  1029.0075    34.6873    34.6857    7.73862         13 0.0000e+00
    265.000    262.195     1.4249  30.149466     1.4246  30.147766     3.9556     3.9986    -0.0054    97.2441 1.0000e-12  -67.11382  -71.52984 336.329420      99.98 5.8175e+01    823.863      19774  1029.0137  1029.0123    34.6875    34.6857    7.73861         15 0.0000e+00
    266.000    263.184     1.4248  30.150108     1.4245  30.148492     3.9526     3.9986     0.0019    97.2506 1.0000e-12  -67.11382  -71.52984 336.329427      99.98 5.8175e+01    824.511      19789  1029.0186  1029.0173    34.6878    34.6862    7.73861         17 0.0000e+00
    267.000    264.174     1.4251  30.150944     1.4248  30.149266     3.9511     3.9991     0.0123    97.2482 1.0000e-12  -67.11382  -71.52984 336.329438      99.98 5.8175e+01    825.451      19812  1029.0234  1029.0220    34.6880    34.6862    7.73854         30 0.0000e+00
    268.000    265.164     1.4255  30.151041     1.4251  30.149558     3.9553     3.9962     0.0040    97.2344 1.0000e-12  -67.11382  -71.52989 336.329503      99.98 5.8175e+01    831.056      19946  1029.0274  1029.0262    34.6872    34.6857    7.73852         27 0.0000e+00
    269.000    266.150     1.4260  30.152551     1.4255  30.150978     3.9619     3.9968    -0.0053    97.2391 1.0000e-12  -67.11383  -71.52989 336.329522      99.98 5.8175e+01    832.693      19986  1029.0327  1029.0315    34.6880    34.6865    7.73838         19 0.0000e+00
    270.000    267.140     1.4291  30.156601     1.4287  30.155015     3.9607     3.9942    -0.0068    97.2403 1.0000e-12  -67.11384  -71.52988 336.329530      99.97 5.8175e+01    833.373      20002  1029.0380  1029.0367    34.6891    34.6875    7.73770         16 0.0000e+00
    271.000    268.128     1.4322  30.160200     1.4315  30.158401     3.9555     3.9908    -0.0067    97.2403 1.0000e-12  -67.11384  -71.52986 336.329537      99.97 5.8175e+01    833.989      20017  1029.0428  1029.0416    34.6897    34.6881    7.73707         14 0.0000e+00
    272.000    269.119     1.4345  30.162820     1.4341  30.161352     3.9517     3.9895     0.0059    97.2443 1.0000e-12  -67.11384  -71.52986 336.329543      99.97 5.8175e+01    834.545      20030  1029.0475  1029.0463    34.6899    34.6884    7.73660         13 0.0000e+00
    273.000    270.105     1.4438  30.172669     1.4439  30.171345     3.9486     3.9891     0.0130    97.2595 1.0000e-12  -67.11384  -71.52984 336.329549      99.98 5.8175e+01    835.058      20042  1029.0525  1029.0511    34.6916    34.6898    7.73468         12 0.0000e+00
    274.000    271.095     1.4625  30.191210     1.4625  30.190149     3.9441     3.9897     0.0016    97.2618 1.0000e-12  -67.11384  -71.52984 336.329555      99.98 5.8175e+01    835.556      20054  1029.0571  1029.0560    34.6939    34.6925    7.73088         12 0.0000e+00
    275.000    272.084     1.4709  30.199418     1.4703  30.197646     3.9404     3.9924    -0.0062    97.2555 1.0000e-12  -67.11382  -71.52984 336.329561      97.27 5.8175e+01    836.047      20066  1029.0616  1029.0603    34.6946    34.6929    7.72921         12 0.0000e+00
    276.000    273.073     1.4773  30.206413     1.4768  30.204848     3.9356     3.9927    -0.0051    97.2334 1.0000e-12  -67.11382  -71.52984 336.329566      10.01 5.8175e+01    836.539      20078  1029.0666  1029.0655    34.6958    34.6943    7.72788         11 0.0000e+00
    277.000    274.062     1.4783  30.208013     1.4779  30.206382     3.9366     3.9992     0.0013    97.2144 1.0000e-12  -67.11382  -71.52984 336.329572       9.23 5.8175e+01    837.045      20090  1029.0716  1029.0703    34.6962    34.6946    7.72767         13 0.0000e+00
    278.000    275.051     1.4746  30.205058     1.4728  30.202152     3.9396     3.9984     0.0004    97.1909 1.0000e-12  -67.11382  -71.52985 336.329591      43.51 5.8175e+01    838.628      20128  1029.0766  1029.0753    34.6959    34.6941    7.72840         19 0.0000e+00
    279.000    276.038     1.4623  30.192809     1.4596  30.188978     3.9451     3.9911     0.0106    97.1624 1.0000e-12  -67.11384  -71.52990 336.329660     101.37 5.8175e+01    844.647      20273  1029.0810  1029.0797    34.6933    34.6914    7.73096         13 0.0000e+00
    280.000    277.027     1.4635  30.194645     1.4589  30.188697     3.9487     3.9924     0.0131    97.1631 1.0000e-12  -67.11384  -71.52990 336.329665      99.98 5.8175e+01    845.029      20282  1029.0858  1029.0843    34.6938    34.6913    7.73070         12 0.0000e+00
    281.000    278.015     1.4596  30.191756     1.4673  30.198534     3.9501     3.9932     0.0124    97.1717 1.0000e-12  -67.11384  -71.52990 336.329671      99.97 5.8175e+01    845.521      20294  1029.0910  1029.0903    34.6938    34.6939    7.73146         12 0.0000e+00
    282.000    279.006     1.4743  30.207063     1.4749  30.205947     3.9459     3.9933     0.0132    97.1710 1.0000e-12  -67.11384  -71.52988 336.329676      12.06 5.6387e+01    846.049      20306  1029.0963  1029.0945    34.6964    34.6943    7.72843         13 0.0000e+00
    283.000    279.995     1.4734  30.206570     1.4732  30.204977     3.9443     3.9928     0.0041    97.2226 1.0000e-12  -67.11384  -71.52988 336.329683      98.58 5.6412e+01    846.619      20320  1029.1009  1029.0995    34.6962    34.6944    7.72862         15 0.0000e+00
    284.000    280.982     1.4710  30.204768     1.4704  30.202943     3.9426     3.9951     0.0001    97.2358 1.0000e-12  -67.11384  -71.52988 336.329691      99.96 5.6412e+01    847.308      20336  1029.1058  1029.1044    34.6961    34.6943    7.72911         19 0.0000e+00
    285.000    281.971     1.4691  30.203718     1.4689  30.202195     3.9437     3.9902     0.0040    97.2448 1.0000e-12  -67.11384  -71.52988 336.329703      99.98 5.6412e+01    848.353      20361  1029.1108  1029.1094    34.6961    34.6945    7.72946         32 0.0000e+00
    286.000    282.959     1.4681  30.203221     1.4680  30.201688     3.9461     3.9881     0.0123    97.2542 1.0000e-12  -67.11384  -71.52988 336.329721      99.98 5.6412e+01    849.889      20398  1029.1156  1029.1140    34.6961    34.6942    7.72968         36 0.0000e+00
    287.000    283.949     1.4643  30.200155     1.4641  30.198746     3.9531     3.9929     0.0031    97.2935 1.0000e-12  -67.11384  -71.52990 336.329737      99.98 5.6412e+01    851.312      20432  1029.1205  1029.1192    34.6958    34.6942    7.73043         28 0.0000e+00
    288.000    284.937     1.4628  30.199284     1.4622  30.197547     3.9464     3.9941     0.0015    97.2958 1.0000e-12  -67.11384  -71.52990 336.329751      99.98 5.6412e+01    852.460      20460  1029.1253  1029.1240    34.6958    34.6942    7.73073         26 0.0000e+00
    289.000    285.926     1.4589  30.196361     1.4584  30.194377     3.9468     3.9944     0.0012    97.3027 1.0000e-12  -67.11384  -71.52991 336.329763      99.98 5.6412e+01    853.542      20486  1029.1304  1029.1289    34.6958    34.6938    7.73149         28 0.0000e+00
    290.000    286.914     1.4556  30.194042     1.4552  30.192199     3.9478     3.9953     0.0048    97.2816 1.0000e-12  -67.11384  -71.52992 336.329780      99.98 5.6412e+01    854.965      20520  1029.1355  1029.1340    34.6959    34.6940    7.73214         37 0.0000e+00
    291.000    287.903     1.4527  30.191977     1.4523  30.190220     3.9468     3.9952     0.0093    97.2865 1.0000e-12  -67.11384  -71.52993 336.329807      99.98 5.6412e+01    857.298      20576  1029.1405  1029.1390    34.6959    34.6941    7.73270         34 0.0000e+00
    292.000    288.891     1.4489  30.189113     1.4486  30.187430     3.9573     3.9914     0.0146    97.2949 1.0000e-12  -67.11384  -71.52994 336.329824      99.98 5.6412e+01    858.790      20612  1029.1455  1029.1440    34.6959    34.6941    7.73345         25 0.0000e+00
    293.000    289.879     1.4455  30.186552     1.4448  30.184556     3.9507     3.9924     0.0120    97.2940 1.0000e-12  -67.11384  -71.52994 336.329836      99.98 5.6335e+01    859.798      20636  1029.1505  1029.1491    34.6958    34.6941    7.73413         23 0.0000e+00
    294.000    290.870     1.4404  30.182797     1.4403  30.181237     3.9447     3.9945     0.0073    97.2907 1.0000e-12  -67.11384  -71.52994 336.329847      99.98 5.6106e+01    860.747      20659  1029.1558  1029.1544    34.6960    34.6942    7.73510         23 0.0000e+00
