NBP2113_155081_ctd/data/dnbp2113_052.cnv
* Sea-Bird SBE 9 Data File:
* FileName = D:\Data\raw\NBP2113_052.hex
* Software Version Seasave V 7.26.7.121
* Temperature SN = 2438
* Conductivity SN = 2067
* Number of Bytes Per Scan = 40
* Number of Voltage Words = 5
* Number of Scans Averaged by the Deck Unit = 1
* NMEA Latitude = 64 54.69 S
* NMEA Longitude = 064 40.23 W
* NMEA UTC (Time) = Dec 11 2021  16:24:27
* NMEA baud rate = 9600
** Ship: RVIB N.B. Palmer
** Cruise: NBP2113 LTER
** Station: 593.051
** Operator: S. Blackman
# nquan = 25
# nvalues = 953                         
# units = specified
# name 0 = prDM: Pressure, Digiquartz [db]
# name 1 = depSM: Depth [salt water, m]
# name 2 = t090C: Temperature [ITS-90, deg C]
# name 3 = c0mS/cm: Conductivity [mS/cm]
# name 4 = t190C: Temperature, 2 [ITS-90, deg C]
# name 5 = c1mS/cm: Conductivity, 2 [mS/cm]
# name 6 = sbeox0ML/L: Oxygen, SBE 43 [ml/l]
# name 7 = sbeox1ML/L: Oxygen, SBE 43, 2 [ml/l]
# name 8 = flECO-AFL: Fluorescence, WET Labs ECO-AFL/FL [mg/m^3]
# name 9 = CStarTr0: Beam Transmission, WET Labs C-Star [%]
# name 10 = par: PAR/Irradiance, Biospherical/Licor
# name 11 = latitude: Latitude [deg]
# name 12 = longitude: Longitude [deg]
# name 13 = timeJ: Julian Days
# name 14 = altM: Altimeter [m]
# name 15 = spar: SPAR, Biospherical/Licor
# name 16 = timeS: Time, Elapsed [seconds]
# name 17 = scan: Scan Count
# name 18 = density00: Density [density, kg/m^3]
# name 19 = density11: Density, 2 [density, kg/m^3]
# name 20 = sal00: Salinity, Practical [PSU]
# name 21 = sal11: Salinity, Practical, 2 [PSU]
# name 22 = oxsolML/L: Oxygen Saturation, Garcia & Gordon [ml/l]
# name 23 = nbin: number of scans per bin
# name 24 = flag: flag
# span 0 =      4.000,    956.000       
# span 1 =      3.962,    944.462       
# span 2 =    -0.5142,     1.4833       
# span 3 =  27.626841,  30.503159       
# span 4 =    -0.5114,     1.4830       
# span 5 =  27.628934,  30.501764       
# span 6 =     4.0498,     8.1083       
# span 7 =     4.1130,     8.1673       
# span 8 =    -0.0225,     1.7033       
# span 9 =    83.7321,    91.8596       
# span 10 = -5.309e-05, 4.0866e+02      
# span 11 =  -64.91186,  -64.91154      
# span 12 =  -64.67139,  -64.67040      
# span 13 = 345.687268, 345.703410      
# span 14 =       4.53,     101.96      
# span 15 = 1.1529e+03, 1.4155e+03      
# span 16 =    312.984,   1707.666      
# span 17 =       7513,      40985      
# span 18 =  1027.1049,  1032.2268      
# span 19 =  1027.1039,  1032.2256      
# span 20 =    33.6922,    34.6828      
# span 21 =    33.6908,    34.6815      
# span 22 =    7.72742,    8.19386      
# span 23 =         11,         50      
# span 24 = 0.0000e+00, 0.0000e+00      
# interval = decibars: 1                
# start_time = Dec 11 2021 16:24:27 [NMEA time, header]
# bad_flag = -9.990e-29
*END*
[from data line 638]
    642.000    634.726     1.4303  30.310230     1.4298  30.308790     4.1261     4.1704    -0.0142    91.7198 1.0000e-12  -64.91162  -64.67074 345.698029      99.97 1.3451e+03   1242.737      29827  1030.7640  1030.7630    34.6707    34.6695    7.73844         21 0.0000e+00
    643.000    635.715     1.4308  30.311027     1.4304  30.309748     4.1265     4.1759    -0.0058    91.7300 1.0000e-12  -64.91162  -64.67074 345.698039      99.96 1.3451e+03   1243.572      29847  1030.7686  1030.7677    34.6707    34.6695    7.73836         20 0.0000e+00
    644.000    636.700     1.4308  30.311576     1.4303  30.310194     4.1308     4.1769    -0.0107    91.7238 1.0000e-12  -64.91162  -64.67074 345.698048      99.97 1.3451e+03   1244.340      29865  1030.7733  1030.7724    34.6708    34.6696    7.73835         17 0.0000e+00
    645.000    637.687     1.4312  30.312421     1.4306  30.310860     4.1325     4.1746    -0.0118    91.7185 1.0000e-12  -64.91162  -64.67074 345.698056      99.97 1.3451e+03   1245.047      29882  1030.7779  1030.7769    34.6708    34.6695    7.73826         16 0.0000e+00
    646.000    638.677     1.4312  30.312907     1.4308  30.311420     4.1282     4.1757    -0.0051    91.7285 1.0000e-12  -64.91162  -64.67074 345.698064      99.97 1.3451e+03   1245.716      29898  1030.7827  1030.7816    34.6709    34.6695    7.73826         17 0.0000e+00
    647.000    639.664     1.4308  30.312989     1.4304  30.311511     4.1270     4.1801    -0.0043    91.7240 1.0000e-12  -64.91162  -64.67074 345.698072      99.97 1.3467e+03   1246.459      29916  1030.7873  1030.7863    34.6709    34.6695    7.73834         21 0.0000e+00
    648.000    640.649     1.4308  30.313451     1.4306  30.312063     4.1252     4.1741    -0.0087    91.7244 1.0000e-12  -64.91163  -64.67075 345.698111      99.97 1.3468e+03   1249.771      29995  1030.7921  1030.7909    34.6710    34.6694    7.73834         37 0.0000e+00
    649.000    641.637     1.4309  30.313930     1.4307  30.312615     4.1264     4.1697    -0.0079    91.7183 1.0000e-12  -64.91164  -64.67076 345.698139      99.97 1.3482e+03   1252.250      30055  1030.7966  1030.7956    34.6708    34.6695    7.73832         27 0.0000e+00
    650.000    642.623     1.4311  30.314660     1.4308  30.313228     4.1283     4.1744    -0.0122    91.7199 1.0000e-12  -64.91164  -64.67074 345.698151      99.97 1.3486e+03   1253.216      30078  1030.8014  1030.8003    34.6710    34.6696    7.73827         23 0.0000e+00
    651.000    643.612     1.4311  30.315098     1.4306  30.313632     4.1289     4.1717    -0.0150    91.7070 1.0000e-12  -64.91164  -64.67074 345.698161      99.97 1.3486e+03   1254.075      30099  1030.8061  1030.8051    34.6710    34.6697    7.73828         19 0.0000e+00
    652.000    644.597     1.4312  30.315557     1.4306  30.313944     4.1220     4.1681    -0.0146    91.7226 1.0000e-12  -64.91163  -64.67074 345.698169      99.96 1.3486e+03   1254.848      30117  1030.8107  1030.8096    34.6709    34.6695    7.73826         17 0.0000e+00
    653.000    645.586     1.4312  30.316024     1.4307  30.314502     4.1225     4.1705    -0.0059    91.7392 1.0000e-12  -64.91162  -64.67074 345.698178      99.97 1.3486e+03   1255.551      30134  1030.8154  1030.8143    34.6710    34.6696    7.73826         17 0.0000e+00
    654.000    646.571     1.4316  30.316845     1.4311  30.315356     4.1271     4.1723    -0.0022    91.7375 1.0000e-12  -64.91162  -64.67074 345.698186      99.97 1.3486e+03   1256.234      30151  1030.8200  1030.8189    34.6710    34.6696    7.73818         17 0.0000e+00
    655.000    647.560     1.4314  30.317088     1.4308  30.315557     4.1248     4.1751     0.0015    91.7288 1.0000e-12  -64.91162  -64.67074 345.698194      99.97 1.3494e+03   1256.955      30168  1030.8247  1030.8236    34.6710    34.6696    7.73822         18 0.0000e+00
    656.000    648.547     1.4311  30.317393     1.4308  30.315931     4.1242     4.1737    -0.0135    91.7290 1.0000e-12  -64.91162  -64.67074 345.698205      99.97 1.3504e+03   1257.902      30191  1030.8294  1030.8283    34.6711    34.6696    7.73826         28 0.0000e+00
    657.000    649.534     1.4312  30.317943     1.4310  30.316444     4.1264     4.1749    -0.0099    91.7250 1.0000e-12  -64.91164  -64.67076 345.698237      99.97 1.3511e+03   1260.675      30257  1030.8341  1030.8328    34.6711    34.6694    7.73825         30 0.0000e+00
    658.000    650.520     1.4314  30.318520     1.4311  30.317241     4.1272     4.1726    -0.0104    91.7427 1.0000e-12  -64.91164  -64.67076 345.698262      99.97 1.3521e+03   1262.815      30309  1030.8387  1030.8378    34.6711    34.6698    7.73821         30 0.0000e+00
    659.000    651.508     1.4314  30.319146     1.4311  30.317655     4.1292     4.1755    -0.0053    91.7284 1.0000e-12  -64.91164  -64.67076 345.698274      99.97 1.3521e+03   1263.865      30334  1030.8435  1030.8424    34.6713    34.6698    7.73820         23 0.0000e+00
    660.000    652.493     1.4317  30.319751     1.4312  30.318280     4.1237     4.1759    -0.0063    91.7150 1.0000e-12  -64.91164  -64.67075 345.698284      99.97 1.3521e+03   1264.766      30355  1030.8481  1030.8471    34.6712    34.6699    7.73815         21 0.0000e+00
    661.000    653.482     1.4318  30.320234     1.4314  30.318881     4.1265     4.1760    -0.0055    91.7029 1.0000e-12  -64.91164  -64.67074 345.698294      99.97 1.3521e+03   1265.606      30376  1030.8527  1030.8518    34.6711    34.6699    7.73813         20 0.0000e+00
    662.000    654.467     1.4319  30.320787     1.4314  30.319335     4.1126     4.1775    -0.0039    91.7042 1.0000e-12  -64.91164  -64.67074 345.698304      99.97 1.3521e+03   1266.483      30397  1030.8573  1030.8564    34.6711    34.6698    7.73810         23 0.0000e+00
    663.000    655.458     1.4319  30.321283     1.4314  30.319861     4.1181     4.1759    -0.0053    91.7202 1.0000e-12  -64.91164  -64.67074 345.698316      99.97 1.3556e+03   1267.474      30420  1030.8621  1030.8611    34.6712    34.6699    7.73810         25 0.0000e+00
    664.000    656.443     1.4318  30.321613     1.4315  30.320220     4.1261     4.1771    -0.0113    91.7236 1.0000e-12  -64.91164  -64.67075 345.698330      99.97 1.3557e+03   1268.684      30449  1030.8667  1030.8657    34.6712    34.6698    7.73812         33 0.0000e+00
    665.000    657.430     1.4322  30.322325     1.4318  30.320826     4.1200     4.1760    -0.0041    91.7084 1.0000e-12  -64.91164  -64.67076 345.698347      99.97 1.3557e+03   1270.175      30485  1030.8713  1030.8701    34.6711    34.6696    7.73806         38 0.0000e+00
    666.000    658.417     1.4324  30.323061     1.4321  30.321625     4.1200     4.1707    -0.0107    91.7192 1.0000e-12  -64.91164  -64.67076 345.698367      99.97 1.3572e+03   1271.897      30527  1030.8761  1030.8749    34.6713    34.6698    7.73801         42 0.0000e+00
    667.000    659.404     1.4325  30.323585     1.4322  30.322199     4.1247     4.1739    -0.0092    91.7278 1.0000e-12  -64.91164  -64.67076 345.698388      99.97 1.3565e+03   1273.677      30569  1030.8806  1030.8795    34.6712    34.6698    7.73798         34 0.0000e+00
    668.000    660.390     1.4329  30.324381     1.4324  30.322970     4.1316     4.1734    -0.0140    91.7360 1.0000e-12  -64.91164  -64.67075 345.698402      99.97 1.3574e+03   1274.960      30600  1030.8853  1030.8844    34.6712    34.6700    7.73790         26 0.0000e+00
    669.000    661.378     1.4329  30.324902     1.4324  30.323484     4.1255     4.1686    -0.0133    91.7080 1.0000e-12  -64.91164  -64.67075 345.698413      99.97 1.3583e+03   1275.927      30623  1030.8901  1030.8891    34.6714    34.6701    7.73791         22 0.0000e+00
    670.000    662.365     1.4329  30.325409     1.4325  30.324028     4.1174     4.1686    -0.0119    91.7235 1.0000e-12  -64.91164  -64.67076 345.698424      99.97 1.3592e+03   1276.816      30645  1030.8948  1030.8938    34.6714    34.6701    7.73790         21 0.0000e+00
    671.000    663.353     1.4332  30.326098     1.4328  30.324762     4.1150     4.1709    -0.0063    91.7077 1.0000e-12  -64.91164  -64.67076 345.698435      99.97 1.3592e+03   1277.756      30667  1030.8994  1030.8984    34.6714    34.6701    7.73784         24 0.0000e+00
    672.000    664.339     1.4336  30.327067     1.4333  30.325704     4.1225     4.1724    -0.0142    91.7051 1.0000e-12  -64.91164  -64.67076 345.698447      99.97 1.3592e+03   1278.851      30693  1030.9042  1030.9031    34.6716    34.6703    7.73775         28 0.0000e+00
    673.000    665.326     1.4335  30.327284     1.4331  30.325992     4.1227     4.1724    -0.0133    91.7071 1.0000e-12  -64.91164  -64.67076 345.698461      99.97 1.3579e+03   1279.992      30721  1030.9087  1030.9078    34.6715    34.6702    7.73778         26 0.0000e+00
    674.000    666.314     1.4333  30.327621     1.4329  30.326126     4.1140     4.1710    -0.0055    91.7276 1.0000e-12  -64.91164  -64.67076 345.698472      99.97 1.3574e+03   1280.996      30745  1030.9134  1030.9124    34.6715    34.6701    7.73781         23 0.0000e+00
    675.000    667.300     1.4334  30.328253     1.4330  30.326790     4.1180     4.1729    -0.0135    91.7070 1.0000e-12  -64.91164  -64.67076 345.698483      99.97 1.3574e+03   1281.947      30768  1030.9182  1030.9171    34.6716    34.6702    7.73778         24 0.0000e+00
    676.000    668.287     1.4335  30.328554     1.4331  30.327172     4.1194     4.1734    -0.0063    91.7021 1.0000e-12  -64.91164  -64.67076 345.698505      99.97 1.3589e+03   1283.839      30813  1030.9227  1030.9216    34.6714    34.6700    7.73778         34 0.0000e+00
    677.000    669.273     1.4339  30.329408     1.4335  30.327909     4.1188     4.1629    -0.0048    91.6892 1.0000e-12  -64.91164  -64.67076 345.698553      99.97 1.3573e+03   1287.964      30912  1030.9274  1030.9263    34.6715    34.6701    7.73771         23 0.0000e+00
    678.000    670.264     1.4341  30.330099     1.4337  30.328610     4.1161     4.1640    -0.0050    91.7041 1.0000e-12  -64.91164  -64.67075 345.698561      99.97 1.3544e+03   1288.638      30928  1030.9320  1030.9310    34.6716    34.6702    7.73765         16 0.0000e+00
    679.000    671.248     1.4345  30.330771     1.4339  30.329430     4.1180     4.1684    -0.0055    91.6841 1.0000e-12  -64.91164  -64.67074 345.698568      99.97 1.3514e+03   1289.258      30943  1030.9366  1030.9358    34.6715    34.6704    7.73759         13 0.0000e+00
    680.000    672.233     1.4347  30.331566     1.4342  30.330206     4.1214     4.1660    -0.0031    91.6762 1.0000e-12  -64.91164  -64.67074 345.698574      99.97 1.3504e+03   1289.806      30956  1030.9413  1030.9405    34.6717    34.6705    7.73753         13 0.0000e+00
    681.000    673.225     1.4357  30.332969     1.4352  30.331575     4.1228     4.1695    -0.0065    91.6763 1.0000e-12  -64.91164  -64.67074 345.698580      99.97 1.3504e+03   1290.314      30969  1030.9460  1030.9451    34.6718    34.6705    7.73733         12 0.0000e+00
    682.000    674.204     1.4361  30.334112     1.4357  30.332692     4.1185     4.1713    -0.0041    91.6657 1.0000e-12  -64.91164  -64.67074 345.698586      99.97 1.3519e+03   1290.807      30980  1030.9510  1030.9499    34.6723    34.6708    7.73723         12 0.0000e+00
    683.000    675.197     1.4362  30.334667     1.4359  30.333305     4.1133     4.1742    -0.0052    91.6529 1.0000e-12  -64.91164  -64.67074 345.698591      99.97 1.3545e+03   1291.303      30992  1030.9556  1030.9546    34.6722    34.6708    7.73720         12 0.0000e+00
    684.000    676.184     1.4363  30.335471     1.4361  30.333996     4.1092     4.1730    -0.0047    91.6721 1.0000e-12  -64.91164  -64.67075 345.698598      99.97 1.3566e+03   1291.817      31005  1030.9605  1030.9593    34.6726    34.6710    7.73717         12 0.0000e+00
    685.000    677.171     1.4362  30.335764     1.4358  30.334316     4.1131     4.1717    -0.0095    91.6781 1.0000e-12  -64.91164  -64.67076 345.698604      99.97 1.3574e+03   1292.412      31019  1030.9652  1030.9641    34.6726    34.6711    7.73720         18 0.0000e+00
    686.000    678.157     1.4362  30.335803     1.4357  30.334411     4.1189     4.1614    -0.0002    91.5287 1.0000e-12  -64.91164  -64.67074 345.698668      99.96 1.3495e+03   1297.891      31150  1030.9694  1030.9685    34.6720    34.6708    7.73721         18 0.0000e+00
    687.000    679.145     1.4364  30.336543     1.4359  30.335023     4.1188     4.1659    -0.0107    91.5316 1.0000e-12  -64.91164  -64.67074 345.698683      99.97 1.3490e+03   1299.197      31182  1030.9742  1030.9732    34.6722    34.6708    7.73718         13 0.0000e+00
    688.000    680.129     1.4366  30.337203     1.4363  30.335960     4.1158     4.1678    -0.0139    91.5298 1.0000e-12  -64.91164  -64.67074 345.698689      99.97 1.3504e+03   1299.717      31194  1030.9789  1030.9779    34.6722    34.6710    7.73712         13 0.0000e+00
    689.000    681.117     1.4370  30.338040     1.4367  30.336653     4.1150     4.1669    -0.0139    91.5456 1.0000e-12  -64.91164  -64.67074 345.698695      99.97 1.3520e+03   1300.244      31207  1030.9835  1030.9825    34.6722    34.6709    7.73704         13 0.0000e+00
    690.000    682.105     1.4371  30.338768     1.4368  30.337206     4.1171     4.1676    -0.0133    91.5536 1.0000e-12  -64.91164  -64.67074 345.698701      99.97 1.3521e+03   1300.791      31220  1030.9884  1030.9871    34.6725    34.6709    7.73701         13 0.0000e+00
    691.000    683.093     1.4372  30.339207     1.4368  30.337698     4.1144     4.1696    -0.0073    91.5684 1.0000e-12  -64.91164  -64.67074 345.698708      99.97 1.3521e+03   1301.371      31234  1030.9930  1030.9918    34.6724    34.6710    7.73700         15 0.0000e+00
    692.000    684.078     1.4371  30.339539     1.4367  30.338076     4.1117     4.1712    -0.0060    91.5825 1.0000e-12  -64.91164  -64.67076 345.698716      99.97 1.3516e+03   1302.021      31250  1030.9977  1030.9965    34.6725    34.6710    7.73703         17 0.0000e+00
    693.000    685.065     1.4372  30.339903     1.4369  30.338673     4.1138     4.1700    -0.0074    91.6308 1.0000e-12  -64.91164  -64.67077 345.698739      99.97 1.3459e+03   1304.053      31298  1031.0022  1031.0011    34.6722    34.6709    7.73701         28 0.0000e+00
    694.000    686.052     1.4373  30.340386     1.4370  30.339146     4.1115     4.1693     0.0020    91.6677 1.0000e-12  -64.91166  -64.67076 345.698778      99.97 1.3373e+03   1307.428      31379  1031.0067  1031.0057    34.6722    34.6708    7.73700         28 0.0000e+00
    695.000    687.039     1.4377  30.341472     1.4374  30.339994     4.1120     4.1661    -0.0136    91.6655 1.0000e-12  -64.91166  -64.67076 345.698789      99.97 1.3352e+03   1308.349      31401  1031.0117  1031.0104    34.6726    34.6710    7.73690         22 0.0000e+00
    696.000    688.027     1.4378  30.341935     1.4375  30.340522     4.1190     4.1621    -0.0143    91.6478 1.0000e-12  -64.91166  -64.67076 345.698799      99.97 1.3339e+03   1309.248      31423  1031.0162  1031.0151    34.6725    34.6710    7.73689         21 0.0000e+00
    697.000    689.013     1.4382  30.342919     1.4380  30.341447     4.1226     4.1634    -0.0081    91.6769 1.0000e-12  -64.91166  -64.67074 345.698809      99.97 1.3324e+03   1310.116      31444  1031.0209  1031.0197    34.6727    34.6711    7.73679         21 0.0000e+00
    698.000    689.999     1.4381  30.343161     1.4378  30.341792     4.1219     4.1680    -0.0094    91.6832 1.0000e-12  -64.91166  -64.67074 345.698819      99.97 1.3306e+03   1310.989      31465  1031.0256  1031.0245    34.6726    34.6711    7.73682         21 0.0000e+00
