NBP2113_155081_ctd/data/dnbp2113_034.cnv
* Sea-Bird SBE 9 Data File:
* FileName = D:\Data\raw\NBP2113_034.hex
* Software Version Seasave V 7.26.7.121
* Temperature SN = 2438
* Conductivity SN = 2067
* Number of Bytes Per Scan = 40
* Number of Voltage Words = 5
* Number of Scans Averaged by the Deck Unit = 1
* NMEA Latitude = 64 56.01 S
* NMEA Longitude = 064 23.98 W
* NMEA UTC (Time) = Dec 08 2021  22:30:19
* NMEA baud rate = 9600
** Ship: RVIB N.B. Palmer
** Cruise: NBP2113 LTER
** Station: 600.040
** Operator: S. Blackman
# nquan = 25
# nvalues = 1312                        
# units = specified
# name 0 = prDM: Pressure, Digiquartz [db]
# name 1 = depSM: Depth [salt water, m]
# name 2 = t090C: Temperature [ITS-90, deg C]
# name 3 = c0mS/cm: Conductivity [mS/cm]
# name 4 = t190C: Temperature, 2 [ITS-90, deg C]
# name 5 = c1mS/cm: Conductivity, 2 [mS/cm]
# name 6 = sbeox0ML/L: Oxygen, SBE 43 [ml/l]
# name 7 = sbeox1ML/L: Oxygen, SBE 43, 2 [ml/l]
# name 8 = flECO-AFL: Fluorescence, WET Labs ECO-AFL/FL [mg/m^3]
# name 9 = CStarTr0: Beam Transmission, WET Labs C-Star [%]
# name 10 = par: PAR/Irradiance, Biospherical/Licor
# name 11 = latitude: Latitude [deg]
# name 12 = longitude: Longitude [deg]
# name 13 = timeJ: Julian Days
# name 14 = altM: Altimeter [m]
# name 15 = spar: SPAR, Biospherical/Licor
# name 16 = timeS: Time, Elapsed [seconds]
# name 17 = scan: Scan Count
# name 18 = density00: Density [density, kg/m^3]
# name 19 = density11: Density, 2 [density, kg/m^3]
# name 20 = sal00: Salinity, Practical [PSU]
# name 21 = sal11: Salinity, Practical, 2 [PSU]
# name 22 = oxsolML/L: Oxygen Saturation, Garcia & Gordon [ml/l]
# name 23 = nbin: number of scans per bin
# name 24 = flag: flag
# span 0 =      6.000,   1317.000       
# span 1 =      5.944,   1299.982       
# span 2 =    -1.0262,     1.4955       
# span 3 =  27.106680,  30.664402       
# span 4 =    -1.0257,     1.4954       
# span 5 =  27.105153,  30.663411       
# span 6 =     4.0372,     8.0717       
# span 7 =     4.0860,     8.0934       
# span 8 =    -0.0223,     1.7667       
# span 9 =    87.1900,    96.0513       
# span 10 = 1.0000e-12, 3.4378e+01      
# span 11 =  -64.93358,  -64.93318      
# span 12 =  -64.39988,  -64.39906      
# span 13 = 342.941235, 342.962500      
# span 14 =       6.77,     105.13      
# span 15 = 7.9150e+01, 1.3222e+02      
# span 16 =    303.694,   2140.997      
# span 17 =       7290,      51385      
# span 18 =  1027.0114,  1033.8858      
# span 19 =  1027.0098,  1033.8848      
# span 20 =    33.5529,    34.6780      
# span 21 =    33.5505,    34.6769      
# span 22 =    7.72527,    8.31412      
# span 23 =         11,         45      
# span 24 = 0.0000e+00, 0.0000e+00      
# interval = decibars: 1                
# start_time = Dec 08 2021 22:30:19 [NMEA time, header]
# bad_flag = -9.990e-29
*END*
[from data line 870]
    876.000    865.590     1.4577  30.440326     1.4574  30.439196     4.0857     4.1278    -0.0112    95.8585 1.0000e-12  -64.93338  -64.39951 342.955623      99.98 1.0048e+02   1546.797      37124  1031.8527  1031.8519    34.6752    34.6741    7.73283         21 0.0000e+00
    877.000    866.575     1.4576  30.440705     1.4574  30.439631     4.0836     4.1268     0.0037    95.8742 1.0000e-12  -64.93338  -64.39949 342.955632      99.97 1.0048e+02   1547.607      37144  1031.8574  1031.8565    34.6752    34.6741    7.73284         18 0.0000e+00
    878.000    867.561     1.4579  30.441376     1.4577  30.440404     4.0833     4.1262     0.0001    95.8499 1.0000e-12  -64.93338  -64.39948 342.955640      99.98 1.0048e+02   1548.312      37160  1031.8620  1031.8612    34.6752    34.6741    7.73279         16 0.0000e+00
    879.000    868.546     1.4581  30.441926     1.4580  30.441025     4.0883     4.1268    -0.0042    95.8668 1.0000e-12  -64.93338  -64.39948 342.955648      99.97 1.0048e+02   1548.951      37176  1031.8665  1031.8657    34.6751    34.6741    7.73275         15 0.0000e+00
    880.000    869.535     1.4583  30.442527     1.4580  30.441495     4.0924     4.1318    -0.0038    95.8756 1.0000e-12  -64.93338  -64.39948 342.955654      99.97 1.0048e+02   1549.540      37190  1031.8712  1031.8704    34.6751    34.6741    7.73271         13 0.0000e+00
    881.000    870.520     1.4585  30.443329     1.4583  30.442277     4.0894     4.1324    -0.0046    95.8586 1.0000e-12  -64.93338  -64.39950 342.955661      37.10 1.0048e+02   1550.120      37204  1031.8759  1031.8751    34.6753    34.6742    7.73266         14 0.0000e+00
    882.000    871.506     1.4585  30.443787     1.4583  30.442686     4.0792     4.1328    -0.0040    95.8334 1.0000e-12  -64.93338  -64.39950 342.955668       8.71 1.0048e+02   1550.738      37219  1031.8806  1031.8797    34.6754    34.6742    7.73266         16 0.0000e+00
    883.000    872.492     1.4584  30.444038     1.4583  30.443044     4.0831     4.1329    -0.0031    95.8422 1.0000e-12  -64.93338  -64.39951 342.955678      15.97 1.0048e+02   1551.540      37238  1031.8852  1031.8844    34.6753    34.6742    7.73269         25 0.0000e+00
    884.000    873.479     1.4584  30.444484     1.4583  30.443417     4.0869     4.1312    -0.0077    95.8703 1.0000e-12  -64.93338  -64.39953 342.955720      99.92 1.0048e+02   1555.216      37326  1031.8898  1031.8888    34.6752    34.6740    7.73268         34 0.0000e+00
    885.000    874.464     1.4587  30.445174     1.4585  30.444046     4.0895     4.1302    -0.0124    95.8590 1.0000e-12  -64.93338  -64.39952 342.955742      99.97 1.0048e+02   1557.112      37372  1031.8945  1031.8936    34.6753    34.6741    7.73263         25 0.0000e+00
    886.000    875.449     1.4587  30.445606     1.4585  30.444558     4.0904     4.1310    -0.0040    95.8547 1.0000e-12  -64.93338  -64.39950 342.955753      99.97 1.0048e+02   1558.063      37395  1031.8990  1031.8982    34.6752    34.6742    7.73262         21 0.0000e+00
    887.000    876.435     1.4588  30.446176     1.4586  30.445132     4.0949     4.1309     0.0021    95.8757 1.0000e-12  -64.93338  -64.39950 342.955763      99.97 1.0048e+02   1558.923      37415  1031.9037  1031.9029    34.6753    34.6742    7.73260         21 0.0000e+00
    888.000    877.422     1.4590  30.446788     1.4587  30.445769     4.0910     4.1289    -0.0041    95.8756 1.0000e-12  -64.93338  -64.39949 342.955772      99.97 1.0048e+02   1559.732      37435  1031.9084  1031.9077    34.6753    34.6744    7.73257         19 0.0000e+00
    889.000    878.407     1.4590  30.447335     1.4588  30.446290     4.0940     4.1234    -0.0118    95.8756 1.0000e-12  -64.93338  -64.39948 342.955782      99.97 1.0048e+02   1560.531      37454  1031.9131  1031.9123    34.6754    34.6744    7.73255         19 0.0000e+00
    890.000    879.393     1.4593  30.447918     1.4590  30.446927     4.0896     4.1211    -0.0135    95.8756 1.0000e-12  -64.93338  -64.39948 342.955791      99.97 1.0048e+02   1561.341      37473  1031.9177  1031.9168    34.6754    34.6744    7.73251         19 0.0000e+00
    891.000    880.380     1.4594  30.448431     1.4591  30.447313     4.0833     4.1254    -0.0132    95.8756 1.0000e-12  -64.93338  -64.39950 342.955801      99.97 1.0048e+02   1562.160      37493  1031.9223  1031.9214    34.6754    34.6742    7.73249         20 0.0000e+00
    892.000    881.365     1.4594  30.448962     1.4591  30.447866     4.0778     4.1282    -0.0129    95.8756 1.0000e-12  -64.93338  -64.39950 342.955810      99.97 1.0048e+02   1563.002      37513  1031.9269  1031.9261    34.6754    34.6743    7.73248         21 0.0000e+00
    893.000    882.351     1.4594  30.449344     1.4592  30.448249     4.0743     4.1298    -0.0137    95.8756 1.0000e-12  -64.93338  -64.39951 342.955822      99.98 1.0048e+02   1564.026      37538  1031.9316  1031.9306    34.6754    34.6742    7.73249         28 0.0000e+00
    894.000    883.338     1.4595  30.449868     1.4595  30.448868     4.0892     4.1282    -0.0012    95.8637 1.0000e-12  -64.93338  -64.39951 342.955863      99.97 1.0042e+02   1567.571      37623  1031.9362  1031.9352    34.6754    34.6741    7.73246         30 0.0000e+00
    895.000    884.324     1.4597  30.450493     1.4594  30.449454     4.0864     4.1238     0.0048    95.8658 1.0000e-12  -64.93338  -64.39950 342.955876      99.97 9.9229e+01   1568.703      37650  1031.9408  1031.9400    34.6754    34.6744    7.73242         21 0.0000e+00
    896.000    885.309     1.4599  30.451066     1.4596  30.450057     4.0935     4.1224     0.0057    95.8247 1.0000e-12  -64.93338  -64.39950 342.955885      99.97 9.8825e+01   1569.509      37669  1031.9454  1031.9447    34.6754    34.6744    7.73239         18 0.0000e+00
    897.000    886.296     1.4600  30.451698     1.4597  30.450638     4.0885     4.1265    -0.0012    95.8498 1.0000e-12  -64.93338  -64.39950 342.955894      99.97 9.8721e+01   1570.248      37687  1031.9501  1031.9493    34.6755    34.6745    7.73236         17 0.0000e+00
    898.000    887.282     1.4600  30.452079     1.4597  30.450946     4.0884     4.1285    -0.0042    95.8176 1.0000e-12  -64.93338  -64.39948 342.955903      99.97 9.8721e+01   1570.994      37705  1031.9547  1031.9538    34.6754    34.6743    7.73236         19 0.0000e+00
    899.000    888.267     1.4600  30.452427     1.4598  30.451433     4.0884     4.1282    -0.0030    95.8449 1.0000e-12  -64.93338  -64.39948 342.955913      99.97 9.8721e+01   1571.860      37726  1031.9593  1031.9585    34.6753    34.6743    7.73237         23 0.0000e+00
    900.000    889.253     1.4599  30.452815     1.4597  30.451771     4.0854     4.1286    -0.0102    95.8673 1.0000e-12  -64.93338  -64.39949 342.955925      99.97 9.8721e+01   1572.950      37752  1031.9639  1031.9631    34.6754    34.6743    7.73238         30 0.0000e+00
    901.000    890.240     1.4598  30.453267     1.4597  30.452244     4.0906     4.1296    -0.0043    95.8581 1.0000e-12  -64.93338  -64.39950 342.955942      99.98 9.8721e+01   1574.407      37787  1031.9686  1031.9677    34.6754    34.6743    7.73239         38 0.0000e+00
    902.000    891.224     1.4599  30.453786     1.4598  30.452742     4.0864     4.1300    -0.0121    95.8761 1.0000e-12  -64.93338  -64.39950 342.955963      99.97 9.8721e+01   1576.245      37831  1031.9733  1031.9723    34.6755    34.6743    7.73238         35 0.0000e+00
    903.000    892.211     1.4602  30.454310     1.4600  30.453289     4.0922     4.1307    -0.0052    95.8756 1.0000e-12  -64.93338  -64.39950 342.955982      99.97 9.8721e+01   1577.874      37870  1031.9778  1031.9769    34.6753    34.6742    7.73234         35 0.0000e+00
    904.000    893.196     1.4603  30.454815     1.4600  30.453778     4.0798     4.1283    -0.0044    95.8776 1.0000e-12  -64.93338  -64.39950 342.955997      99.97 9.8721e+01   1579.147      37901  1031.9824  1031.9816    34.6753    34.6742    7.73232         27 0.0000e+00
    905.000    894.184     1.4604  30.455411     1.4600  30.454271     4.0821     4.1217    -0.0160    95.8790 1.0000e-12  -64.93338  -64.39950 342.956009      99.97 9.8721e+01   1580.168      37925  1031.9871  1031.9863    34.6754    34.6743    7.73229         23 0.0000e+00
    906.000    895.167     1.4606  30.455971     1.4603  30.455017     4.0824     4.1238    -0.0175    95.8813 1.0000e-12  -64.93338  -64.39948 342.956019      99.97 9.8721e+01   1581.023      37946  1031.9916  1031.9909    34.6753    34.6744    7.73225         18 0.0000e+00
    907.000    896.155     1.4608  30.456619     1.4604  30.455538     4.0746     4.1267    -0.0114    95.8599 1.0000e-12  -64.93338  -64.39947 342.956027      99.97 9.8721e+01   1581.771      37964  1031.9963  1031.9955    34.6754    34.6744    7.73222         17 0.0000e+00
    908.000    897.142     1.4608  30.457089     1.4605  30.456035     4.0788     4.1275    -0.0037    95.8651 1.0000e-12  -64.93338  -64.39946 342.956036      99.97 9.8721e+01   1582.474      37980  1032.0010  1032.0002    34.6754    34.6744    7.73221         17 0.0000e+00
    909.000    898.122     1.4608  30.457594     1.4605  30.456622     4.0783     4.1241    -0.0008    95.8681 1.0000e-12  -64.93338  -64.39946 342.956044      99.97 9.8721e+01   1583.179      37997  1032.0056  1032.0049    34.6754    34.6745    7.73220         17 0.0000e+00
    910.000    899.115     1.4608  30.458008     1.4605  30.456960     4.0789     4.1266     0.0036    95.8513 1.0000e-12  -64.93338  -64.39946 342.956052      99.97 9.8721e+01   1583.932      38015  1032.0102  1032.0094    34.6754    34.6745    7.73220         20 0.0000e+00
    911.000    900.097     1.4607  30.458368     1.4605  30.457315     4.0825     4.1308    -0.0096    95.8640 1.0000e-12  -64.93338  -64.39948 342.956077      99.97 9.8721e+01   1586.082      38067  1032.0149  1032.0140    34.6754    34.6743    7.73222         32 0.0000e+00
    912.000    901.084     1.4608  30.458887     1.4607  30.457886     4.0873     4.1183    -0.0082    95.8563 1.0000e-12  -64.93338  -64.39949 342.956120      99.97 9.8721e+01   1589.755      38155  1032.0195  1032.0186    34.6755    34.6743    7.73221         27 0.0000e+00
    913.000    902.069     1.4610  30.459454     1.4607  30.458450     4.0840     4.1239    -0.0030    95.8698 1.0000e-12  -64.93338  -64.39947 342.956130      99.97 9.8721e+01   1590.651      38177  1032.0241  1032.0234    34.6754    34.6745    7.73217         21 0.0000e+00
    914.000    903.056     1.4612  30.460059     1.4608  30.459008     4.0816     4.1288    -0.0049    95.8699 1.0000e-12  -64.93338  -64.39946 342.956139      99.97 9.8721e+01   1591.450      38196  1032.0287  1032.0280    34.6754    34.6745    7.73214         18 0.0000e+00
    915.000    904.041     1.4613  30.460621     1.4610  30.459495     4.0839     4.1253    -0.0040    95.8756 1.0000e-12  -64.93338  -64.39946 342.956148      99.97 9.8721e+01   1592.150      38213  1032.0333  1032.0325    34.6754    34.6743    7.73210         16 0.0000e+00
    916.000    905.029     1.4614  30.461192     1.4611  30.460190     4.0890     4.1220    -0.0053    95.8547 1.0000e-12  -64.93338  -64.39946 342.956155      99.97 9.8721e+01   1592.804      38228  1032.0379  1032.0373    34.6755    34.6745    7.73208         15 0.0000e+00
    917.000    906.012     1.4615  30.461805     1.4612  30.460724     4.0920     4.1234    -0.0043    95.8602 1.0000e-12  -64.93338  -64.39946 342.956162      99.97 9.8721e+01   1593.414      38243  1032.0427  1032.0419    34.6756    34.6746    7.73206         15 0.0000e+00
    918.000    906.998     1.4616  30.462270     1.4613  30.461132     4.0885     4.1265    -0.0040    95.8664 1.0000e-12  -64.93338  -64.39946 342.956169      99.97 9.8721e+01   1594.022      38258  1032.0472  1032.0464    34.6755    34.6744    7.73204         14 0.0000e+00
    919.000    907.987     1.4617  30.462908     1.4615  30.461855     4.0854     4.1275    -0.0027    95.8497 1.0000e-12  -64.93338  -64.39946 342.956177      99.97 9.8721e+01   1594.653      38273  1032.0520  1032.0512    34.6757    34.6745    7.73201         16 0.0000e+00
    920.000    908.970     1.4617  30.463197     1.4615  30.462242     4.0817     4.1284    -0.0104    95.8488 1.0000e-12  -64.93338  -64.39946 342.956185      99.97 9.8721e+01   1595.409      38291  1032.0566  1032.0558    34.6756    34.6746    7.73203         22 0.0000e+00
    921.000    909.957     1.4615  30.463607     1.4615  30.462542     4.0793     4.1275    -0.0111    95.8539 1.0000e-12  -64.93338  -64.39949 342.956217      99.98 9.8721e+01   1598.157      38357  1032.0613  1032.0603    34.6757    34.6744    7.73205         32 0.0000e+00
    922.000    910.942     1.4617  30.464047     1.4617  30.463079     4.0944     4.1242    -0.0106    95.8578 1.0000e-12  -64.93338  -64.39948 342.956256      99.97 9.8721e+01   1601.535      38438  1032.0658  1032.0649    34.6755    34.6743    7.73203         30 0.0000e+00
    923.000    911.928     1.4618  30.464549     1.4616  30.463598     4.0871     4.1269     0.0049    95.8693 1.0000e-12  -64.93338  -64.39946 342.956267      99.98 9.8721e+01   1602.453      38460  1032.0704  1032.0696    34.6755    34.6745    7.73201         20 0.0000e+00
    924.000    912.915     1.4621  30.465252     1.4618  30.464208     4.0828     4.1179    -0.0102    95.8726 1.0000e-12  -64.93338  -64.39946 342.956276      99.97 9.8721e+01   1603.204      38478  1032.0749  1032.0742    34.6755    34.6745    7.73195         17 0.0000e+00
    925.000    913.900     1.4624  30.466079     1.4621  30.465071     4.0858     4.1167    -0.0103    95.8498 1.0000e-12  -64.93338  -64.39945 342.956283      99.97 9.8721e+01   1603.857      38494  1032.0797  1032.0790    34.6756    34.6747    7.73188         14 0.0000e+00
    926.000    914.885     1.4626  30.466790     1.4624  30.465763     4.0782     4.1193    -0.0014    95.8499 1.0000e-12  -64.93338  -64.39944 342.956290      99.98 9.8721e+01   1604.440      38508  1032.0844  1032.0836    34.6758    34.6747    7.73183         14 0.0000e+00
    927.000    915.871     1.4627  30.467339     1.4625  30.466271     4.0731     4.1226    -0.0021    95.8499 1.0000e-12  -64.93338  -64.39944 342.956296      99.97 9.8721e+01   1604.995      38521  1032.0891  1032.0882    34.6758    34.6747    7.73181         13 0.0000e+00
    928.000    916.860     1.4628  30.467817     1.4626  30.466818     4.0751     4.1229     0.0034    95.8538 1.0000e-12  -64.93338  -64.39944 342.956302      99.97 9.8721e+01   1605.531      38534  1032.0937  1032.0928    34.6758    34.6747    7.73180         13 0.0000e+00
    929.000    917.842     1.4628  30.468343     1.4626  30.467324     4.0763     4.1242     0.0024    95.8519 1.0000e-12  -64.93338  -64.39946 342.956309      99.97 9.8721e+01   1606.082      38547  1032.0984  1032.0975    34.6759    34.6748    7.73179         13 0.0000e+00
    930.000    918.830     1.4626  30.468572     1.4625  30.467527     4.0750     4.1247    -0.0121    95.8499 1.0000e-12  -64.93338  -64.39946 342.956316      99.97 9.8721e+01   1606.693      38562  1032.1030  1032.1021    34.6758    34.6746    7.73183         17 0.0000e+00
    931.000    919.816     1.4627  30.469064     1.4626  30.467903     4.0838     4.1228    -0.0033    95.8302 1.0000e-12  -64.93338  -64.39947 342.956349      99.97 9.8721e+01   1609.539      38630  1032.1075  1032.1065    34.6757    34.6744    7.73181         27 0.0000e+00
    932.000    920.803     1.4630  30.469640     1.4628  30.468658     4.0918     4.1187    -0.0024    95.8098 1.0000e-12  -64.93338  -64.39946 342.956390      99.97 9.8721e+01   1613.073      38715  1032.1121  1032.1113    34.6756    34.6746    7.73176         22 0.0000e+00
