NBP2113_155081_ctd/data/dnbp2113_044.cnv
* Sea-Bird SBE 9 Data File:
* FileName = D:\Data\raw\NBP2113_044.hex
* Software Version Seasave V 7.26.7.121
* Temperature SN = 2438
* Conductivity SN = 2067
* Number of Bytes Per Scan = 40
* Number of Voltage Words = 5
* Number of Scans Averaged by the Deck Unit = 1
* NMEA Latitude = 64 55.93 S
* NMEA Longitude = 064 23.72 W
* NMEA UTC (Time) = Dec 11 2021  01:40:08
* NMEA baud rate = 9600
** Ship: RVIB N.B. Palmer
** Cruise: NBP2113 LTER
** Station: 600.040
** Operator: S. Blackman
# nquan = 25
# nvalues = 98                          
# units = specified
# name 0 = prDM: Pressure, Digiquartz [db]
# name 1 = depSM: Depth [salt water, m]
# name 2 = t090C: Temperature [ITS-90, deg C]
# name 3 = c0mS/cm: Conductivity [mS/cm]
# name 4 = t190C: Temperature, 2 [ITS-90, deg C]
# name 5 = c1mS/cm: Conductivity, 2 [mS/cm]
# name 6 = sbeox0ML/L: Oxygen, SBE 43 [ml/l]
# name 7 = sbeox1ML/L: Oxygen, SBE 43, 2 [ml/l]
# name 8 = flECO-AFL: Fluorescence, WET Labs ECO-AFL/FL [mg/m^3]
# name 9 = CStarTr0: Beam Transmission, WET Labs C-Star [%]
# name 10 = par: PAR/Irradiance, Biospherical/Licor
# name 11 = latitude: Latitude [deg]
# name 12 = longitude: Longitude [deg]
# name 13 = timeJ: Julian Days
# name 14 = altM: Altimeter [m]
# name 15 = spar: SPAR, Biospherical/Licor
# name 16 = timeS: Time, Elapsed [seconds]
# name 17 = scan: Scan Count
# name 18 = density00: Density [density, kg/m^3]
# name 19 = density11: Density, 2 [density, kg/m^3]
# name 20 = sal00: Salinity, Practical [PSU]
# name 21 = sal11: Salinity, Practical, 2 [PSU]
# name 22 = oxsolML/L: Oxygen Saturation, Garcia & Gordon [ml/l]
# name 23 = nbin: number of scans per bin
# name 24 = flag: flag
# span 0 =      5.000,    102.000       
# span 1 =      4.952,    100.962       
# span 2 =    -0.8593,     0.2319       
# span 3 =  27.219887,  28.786900       
# span 4 =    -0.8578,     0.2322       
# span 5 =  27.219379,  28.785477       
# span 6 =     5.4783,     8.1272       
# span 7 =     5.5683,     8.1906       
# span 8 =     0.0371,     1.8590       
# span 9 =    82.9726,    91.9073       
# span 10 = -1.664e-06, 5.6618e+00      
# span 11 =  -64.93240,  -64.93224      
# span 12 =  -64.39568,  -64.39540      
# span 13 = 345.073150, 345.076565      
# span 14 =      38.21,     106.68      
# span 15 = 8.8108e+00, 1.0577e+01      
# span 16 =    312.167,    607.226      
# span 17 =       7493,      14574      
# span 18 =  1026.9725,  1028.0530      
# span 19 =  1026.9747,  1028.0538      
# span 20 =    33.5211,    34.3527      
# span 21 =    33.5230,    34.3507      
# span 22 =    7.99845,    8.27885      
# span 23 =          7,         49      
# span 24 = 0.0000e+00, 0.0000e+00      
# interval = decibars: 1                
# start_time = Dec 11 2021 01:40:08 [NMEA time, header]
# bad_flag = -9.990e-29
*END*
      5.000      4.952    -0.8513  27.226225    -0.8445  27.228963     8.0954     8.1687     1.5821    83.6233 5.6618e+00  -64.93224  -64.39544 345.073150      38.21 1.0577e+01    312.167       7493  1026.9786  1026.9747    33.5273    33.5234    8.27699         32 0.0000e+00
      6.000      5.939    -0.7545  27.301654    -0.7536  27.306630     8.0545     8.1727     1.6938    83.6941 4.9568e+00  -64.93224  -64.39544 345.073178     106.68 1.0577e+01    314.547       7550  1026.9725  1026.9765    33.5211    33.5268    8.25614         29 0.0000e+00
      7.000      6.931    -0.8253  27.249032    -0.8077  27.260257     8.1097     8.1906     1.8590    83.2410 4.3822e+00  -64.93224  -64.39544 345.073236      99.97 1.0577e+01    319.585       7671  1026.9884  1026.9834    33.5280    33.5237    8.27123         37 0.0000e+00
      8.000      7.920    -0.8593  27.219887    -0.8578  27.219379     8.1272     8.1810     1.6260    83.1404 3.9997e+00  -64.93224  -64.39544 345.073258      99.97 1.0577e+01    321.491       7717  1026.9933  1026.9911    33.5258    33.5234    8.27885         41 0.0000e+00
      9.000      8.912    -0.8578  27.221225    -0.8570  27.220209     8.0759     8.1379     1.6865    82.9726 3.4020e+00  -64.93224  -64.39544 345.073283      99.96 1.0577e+01    323.662       7769  1026.9973  1026.9952    33.5253    33.5230    8.27855         40 0.0000e+00
     10.000      9.903    -0.8489  27.246727    -0.8458  27.255222     7.7441     7.9704     1.6936    82.9726 3.0858e+00  -64.93224  -64.39544 345.073305      99.97 1.0577e+01    325.529       7814  1027.0211  1027.0268    33.5494    33.5573    8.27519         43 0.0000e+00
     11.000     10.889    -0.8443  27.260881    -0.8422  27.263766     7.7615     7.9274     1.7150    83.2960 2.7128e+00  -64.93224  -64.39544 345.073359      99.97 1.0577e+01    330.261       7927  1027.0361  1027.0375    33.5627    33.5644    8.27339         36 0.0000e+00
     12.000     11.883    -0.8002  27.400135    -0.7963  27.411019     7.6656     7.8644     1.5428    84.1268 2.3101e+00  -64.93224  -64.39544 345.073382      99.97 1.0577e+01    332.209       7974  1027.1500  1027.1578    33.7017    33.7121    8.25559         29 0.0000e+00
     13.000     12.872    -0.8023  27.409396    -0.8031  27.406623     7.7005     7.8531     1.3044    84.5865 2.0558e+00  -64.93224  -64.39543 345.073397      99.97 1.0577e+01    333.473       8004  1027.1670  1027.1646    33.7160    33.7131    8.25522         34 0.0000e+00
     14.000     13.867    -0.8026  27.405173    -0.8011  27.405084     7.7408     7.8369     1.3820    85.9670 1.9646e+00  -64.93224  -64.39542 345.073444      99.97 1.0577e+01    337.569       8103  1027.1672  1027.1657    33.7100    33.7081    8.25564         32 0.0000e+00
     15.000     14.852    -0.7942  27.423334    -0.7935  27.422119     7.6388     7.7705     1.1947    86.7161 1.7195e+00  -64.93225  -64.39542 345.073477      99.97 1.0577e+01    340.386       8170  1027.1834  1027.1814    33.7246    33.7221    8.25294         47 0.0000e+00
     16.000     15.842    -0.7916  27.441358    -0.7912  27.439765     7.5872     7.7166     1.2470    87.0883 1.5547e+00  -64.93225  -64.39541 345.073498      99.97 1.0577e+01    342.264       8215  1027.2050  1027.2029    33.7454    33.7428    8.25115         38 0.0000e+00
     17.000     16.835    -0.7905  27.453829    -0.7893  27.453654     7.4983     7.6383     1.3604    87.4229 1.4172e+00  -64.93224  -64.39542 345.073527      99.97 1.0577e+01    344.735       8275  1027.2221  1027.2207    33.7606    33.7589    8.25005         34 0.0000e+00
     18.000     17.821    -0.7798  27.482858    -0.7791  27.481239     7.4691     7.5981     0.9986    87.7978 1.2811e+00  -64.93224  -64.39543 345.073564      99.97 1.0577e+01    347.962       8352  1027.2480  1027.2456    33.7872    33.7843    8.24614         32 0.0000e+00
     19.000     18.813    -0.7776  27.480884    -0.7771  27.478906     7.4768     7.5716     1.1326    88.3308 1.1532e+00  -64.93226  -64.39540 345.073601      99.97 1.0577e+01    351.130       8428  1027.2481  1027.2455    33.7814    33.7782    8.24599         38 0.0000e+00
     20.000     19.804    -0.7735  27.495147    -0.7727  27.493780     7.4363     7.5425     0.9539    88.4811 1.0412e+00  -64.93225  -64.39540 345.073620      99.97 1.0577e+01    352.728       8466  1027.2641  1027.2619    33.7955    33.7929    8.24427         33 0.0000e+00
     21.000     20.792    -0.7716  27.500409    -0.7711  27.498818     7.4184     7.5360     1.0061    88.6688 9.6407e-01  -64.93224  -64.39540 345.073637      99.97 1.0577e+01    354.232       8503  1027.2724  1027.2702    33.8000    33.7973    8.24361         31 0.0000e+00
     22.000     21.784    -0.7682  27.507134    -0.7664  27.507928     7.3657     7.4600     1.0000    88.8341 8.7298e-01  -64.93224  -64.39542 345.073690      99.96 1.0577e+01    358.818       8613  1027.2810  1027.2803    33.8047    33.8037    8.24260         30 0.0000e+00
     23.000     22.773    -0.7403  27.550061    -0.7418  27.545996     7.3076     7.4142     0.9051    88.9723 7.6596e-01  -64.93224  -64.39541 345.073721      99.97 1.0577e+01    361.453       8676  1027.3052  1027.3023    33.8309    33.8270    8.23498         40 0.0000e+00
     24.000     23.763    -0.7124  27.579706    -0.7117  27.578257     7.3154     7.4022     0.9939    89.0576 7.2998e-01  -64.93224  -64.39540 345.073747      99.97 1.0577e+01    363.764       8731  1027.3151  1027.3129    33.8390    33.8363    8.22841         37 0.0000e+00
     25.000     24.756    -0.6924  27.600882    -0.6940  27.597445     7.3278     7.3958     0.8668    89.2163 6.8261e-01  -64.93225  -64.39542 345.073785      99.97 1.0577e+01    366.991       8809  1027.3236  1027.3214    33.8446    33.8418    8.22373         31 0.0000e+00
     26.000     25.743    -0.6746  27.618727    -0.6749  27.616434     7.2651     7.3601     0.8275    89.3839 5.9626e-01  -64.93226  -64.39542 345.073837      99.97 1.0577e+01    371.537       8918  1027.3307  1027.3284    33.8482    33.8454    8.21965         32 0.0000e+00
     27.000     26.733    -0.6478  27.651686    -0.6478  27.649809     7.2031     7.3237     0.7162    89.4699 5.5148e-01  -64.93224  -64.39542 345.073850      99.97 1.0577e+01    372.651       8945  1027.3450  1027.3429    33.8620    33.8594    8.21301         29 0.0000e+00
     28.000     27.725    -0.6456  27.661626    -0.6451  27.660043     7.2029     7.3172     0.7876    89.5002 5.2393e-01  -64.93224  -64.39542 345.073867      99.97 1.0577e+01    374.089       8979  1027.3583  1027.3561    33.8723    33.8696    8.21194         36 0.0000e+00
     29.000     28.715    -0.6468  27.665032    -0.6465  27.662701     7.1705     7.2674     0.7948    89.5309 4.8280e-01  -64.93226  -64.39544 345.073922      99.97 1.0577e+01    378.892       9094  1027.3682  1027.3653    33.8776    33.8742    8.21189         33 0.0000e+00
     30.000     29.702    -0.6422  27.674519    -0.6415  27.673075     7.1282     7.2195     0.6915    89.6981 4.3314e-01  -64.93226  -64.39544 345.073954      99.97 1.0577e+01    381.611       9160  1027.3785  1027.3763    33.8846    33.8820    8.21048         37 0.0000e+00
     31.000     30.694    -0.6364  27.683708    -0.6359  27.682135     7.0948     7.2052     0.7114    89.7507 4.0631e-01  -64.93226  -64.39544 345.073973      99.97 1.0577e+01    383.259       9199  1027.3873  1027.3852    33.8899    33.8873    8.20891         37 0.0000e+00
     32.000     31.685    -0.6348  27.688231    -0.6344  27.686191     7.1018     7.1981     0.7219    89.8512 3.9015e-01  -64.93226  -64.39545 345.074010      99.97 1.0577e+01    386.473       9276  1027.3951  1027.3926    33.8936    33.8904    8.20836         35 0.0000e+00
     33.000     32.673    -0.6303  27.695403    -0.6299  27.693860     7.0782     7.1735     0.6698    89.9246 3.6088e-01  -64.93226  -64.39546 345.074053      99.97 1.0577e+01    390.142       9364  1027.4031  1027.4010    33.8976    33.8951    8.20714         33 0.0000e+00
     34.000     33.664    -0.6262  27.701118    -0.6256  27.699679     7.0915     7.1759     0.6155    89.9361 3.2936e-01  -64.93226  -64.39545 345.074068      99.97 1.0577e+01    391.484       9397  1027.4097  1027.4076    33.9001    33.8975    8.20611         37 0.0000e+00
     35.000     34.654    -0.6255  27.702256    -0.6243  27.701723     7.0914     7.1529     0.6843    89.9702 3.0514e-01  -64.93226  -64.39544 345.074109      99.97 1.0577e+01    395.043       9482  1027.4147  1027.4129    33.9003    33.8982    8.20595         31 0.0000e+00
     36.000     35.644    -0.6183  27.713334    -0.6177  27.711933     7.0472     7.1278     0.6693    89.9626 2.8507e-01  -64.93226  -64.39546 345.074139      99.97 1.0577e+01    397.639       9544  1027.4242  1027.4221    33.9066    33.9040    8.20403         41 0.0000e+00
     37.000     36.632    -0.6132  27.721330    -0.6127  27.719688     7.0568     7.1229     0.7176    89.9957 2.6836e-01  -64.93226  -64.39546 345.074172      99.97 1.0577e+01    400.466       9612  1027.4323  1027.4301    33.9110    33.9082    8.20267         31 0.0000e+00
     38.000     37.623    -0.6084  27.727974    -0.6078  27.726534     7.0438     7.1051     0.6760    90.0295 2.3965e-01  -64.93226  -64.39546 345.074210      99.97 1.0577e+01    403.723       9690  1027.4393  1027.4371    33.9139    33.9113    8.20145         39 0.0000e+00
     39.000     38.615    -0.5952  27.744575    -0.5946  27.743247     7.0057     7.0862     0.6596    90.0518 2.2207e-01  -64.93226  -64.39546 345.074240      99.97 1.0577e+01    406.355       9754  1027.4489  1027.4470    33.9209    33.9184    8.19819         41 0.0000e+00
     40.000     39.605    -0.5794  27.766476    -0.5788  27.764901     6.9479     7.0278     0.7278    90.1033 2.0929e-01  -64.93226  -64.39548 345.074282      99.97 1.0577e+01    409.969       9840  1027.4619  1027.4596    33.9321    33.9292    8.19412         29 0.0000e+00
     41.000     40.595    -0.5596  27.791772    -0.5591  27.790344     6.8802     6.9908     0.5789    90.1277 1.8829e-01  -64.93226  -64.39548 345.074309      99.97 1.0577e+01    412.307       9896  1027.4747  1027.4727    33.9434    33.9408    8.18919         39 0.0000e+00
     42.000     41.587    -0.5405  27.817179    -0.5400  27.815709     6.7820     6.8991     0.6205    90.1829 1.7675e-01  -64.93226  -64.39547 345.074349      99.97 1.0577e+01    415.762       9979  1027.4884  1027.4864    33.9555    33.9530    8.18437         31 0.0000e+00
     43.000     42.574    -0.5065  27.861263    -0.5059  27.860203     6.6984     6.8425     0.5408    90.2318 1.6616e-01  -64.93226  -64.39548 345.074372      99.97 1.0577e+01    417.722      10026  1027.5076  1027.5059    33.9760    33.9740    8.17583         31 0.0000e+00
     44.000     43.564    -0.4860  27.889238    -0.4841  27.890844     6.6649     6.8035     0.5111    90.3105 1.5032e-01  -64.93226  -64.39548 345.074402      99.97 1.0577e+01    420.354      10090  1027.5227  1027.5226    33.9901    33.9901    8.17061         33 0.0000e+00
     45.000     44.555    -0.4642  27.915916    -0.4651  27.911954     6.5370     6.7043     0.4717    90.3865 1.3334e-01  -64.93226  -64.39546 345.074453      99.97 1.0577e+01    424.736      10195  1027.5350  1027.5319    34.0008    33.9965    8.16529         23 0.0000e+00
     46.000     45.544    -0.4325  27.956463    -0.4326  27.954864     6.5417     6.6807     0.4209    90.4563 1.2279e-01  -64.93226  -64.39546 345.074463      99.97 1.0577e+01    425.616      10216  1027.5526  1027.5511    34.0191    34.0171    8.15743         23 0.0000e+00
     47.000     46.535    -0.4228  27.968583    -0.4186  27.971649     6.5691     6.7036     0.4600    90.5344 1.1402e-01  -64.93226  -64.39546 345.074481      99.97 1.0577e+01    427.178      10253  1027.5610  1027.5604    34.0238    34.0232    8.15507         36 0.0000e+00
     48.000     47.525    -0.4892  27.883919    -0.4481  27.932636     6.5604     6.6524     0.5566    90.4691 1.0792e-01  -64.93227  -64.39550 345.074545      99.97 1.0577e+01    432.654      10385  1027.5392  1027.5522    33.9840    34.0034    8.17165         39 0.0000e+00
     49.000     48.514    -0.3914  28.004780    -0.3844  28.011611     6.4099     6.5751     0.4436    90.5574 9.9375e-02  -64.93228  -64.39548 345.074564      99.97 1.0577e+01    434.322      10425  1027.5787  1027.5797    34.0359    34.0372    8.14764         41 0.0000e+00
     50.000     49.504    -0.3546  28.050691    -0.3538  28.049399     6.4074     6.5433     0.4569    90.6380 9.1882e-02  -64.93228  -64.39547 345.074585      99.97 1.0577e+01    436.134      10468  1027.5974  1027.5955    34.0556    34.0529    8.13863         35 0.0000e+00
     51.000     50.495    -0.3484  28.058726    -0.3500  28.055168     6.4162     6.5280     0.4615    90.7758 8.2030e-02  -64.93228  -64.39549 345.074632      99.97 1.0577e+01    440.191      10566  1027.6052  1027.6033    34.0588    34.0558    8.13712         33 0.0000e+00
     52.000     51.486    -0.3205  28.093277    -0.3198  28.092047     6.3389     6.4550     0.4277    90.8331 7.6215e-02  -64.93228  -64.39549 345.074669      99.97 1.0577e+01    443.393      10642  1027.6203  1027.6185    34.0731    34.0707    8.13033         33 0.0000e+00
     53.000     52.473    -0.3004  28.116048    -0.2996  28.114713     6.3090     6.4145     0.3706    90.9022 7.3545e-02  -64.93228  -64.39548 345.074693      99.97 1.0577e+01    445.470      10692  1027.6299  1027.6278    34.0804    34.0777    8.12561         38 0.0000e+00
     54.000     53.461    -0.2844  28.135165    -0.2836  28.133994     6.3018     6.3848     0.3792    90.9331 6.7581e-02  -64.93228  -64.39548 345.074715      99.97 1.0577e+01    447.372      10738  1027.6397  1027.6377    34.0875    34.0850    8.12181         37 0.0000e+00
     55.000     54.455    -0.2723  28.149609    -0.2748  28.144900     6.2762     6.3629     0.4074    90.9993 5.6353e-02  -64.93228  -64.39550 345.074775      99.97 1.0577e+01    452.546      10862  1027.6486  1027.6460    34.0925    34.0890    8.11892         34 0.0000e+00
     56.000     55.444    -0.2666  28.156299    -0.2662  28.154884     6.1641     6.2804     0.3688    91.0255 5.2701e-02  -64.93228  -64.39550 345.074804      99.97 1.0577e+01    455.084      10923  1027.6550  1027.6530    34.0945    34.0922    8.11761         31 0.0000e+00
     57.000     56.433    -0.2547  28.169718    -0.2545  28.168380     5.9987     6.1836     0.3108    91.0337 4.8273e-02  -64.93228  -64.39548 345.074817      99.97 1.0577e+01    456.208      10950  1027.6622  1027.6605    34.0985    34.0965    8.11485         27 0.0000e+00
     58.000     57.425    -0.1842  28.255367    -0.1833  28.253723     6.0193     6.1746     0.3164    91.0539 4.3330e-02  -64.93228  -64.39549 345.074832      99.97 1.0577e+01    457.455      10980  1027.6898  1027.6871    34.1331    34.1300    8.09789         32 0.0000e+00
     59.000     58.414    -0.1842  28.255383    -0.1751  28.264744     5.8781     6.0485     0.3563    91.0531 3.6398e-02  -64.93230  -64.39550 345.074896      99.97 1.0577e+01    462.986      11113  1027.6955  1027.6965    34.1325    34.1349    8.09791         35 0.0000e+00
     60.000     59.404    -0.1041  28.356351    -0.1036  28.355314     5.8244     6.0037     0.2570    91.1222 3.2167e-02  -64.93230  -64.39550 345.074914      99.97 1.0577e+01    464.535      11150  1027.7298  1027.7282    34.1766    34.1747    8.07844         31 0.0000e+00
     61.000     60.393    -0.0918  28.372902    -0.0914  28.371468     5.8653     5.9966     0.2433    91.2744 2.7331e-02  -64.93230  -64.39550 345.074937      99.97 1.0577e+01    466.562      11198  1027.7408  1027.7388    34.1843    34.1819    8.07541         34 0.0000e+00
