NBP2113_155081_ctd/data/dnbp2113_022.cnv
* Sea-Bird SBE 9 Data File:
* FileName = D:\Data\raw\NBP2113_022.hex
* Software Version Seasave V 7.26.7.121
* Temperature SN = 2438
* Conductivity SN = 2067
* Number of Bytes Per Scan = 40
* Number of Voltage Words = 5
* Number of Scans Averaged by the Deck Unit = 1
* NMEA Latitude = 68 01.86 S
* NMEA Longitude = 069 17.08 W
* NMEA UTC (Time) = Nov 30 2021  22:24:22
* NMEA baud rate = 9600
** Ship: RVIB N.B. Palmer
** Cruise: NBP2113 LTER
** Station: 200.-040
** Operator: S. Blackman
# nquan = 25
# nvalues = 454                         
# units = specified
# name 0 = prDM: Pressure, Digiquartz [db]
# name 1 = depSM: Depth [salt water, m]
# name 2 = t090C: Temperature [ITS-90, deg C]
# name 3 = c0mS/cm: Conductivity [mS/cm]
# name 4 = t190C: Temperature, 2 [ITS-90, deg C]
# name 5 = c1mS/cm: Conductivity, 2 [mS/cm]
# name 6 = sbeox0ML/L: Oxygen, SBE 43 [ml/l]
# name 7 = sbeox1ML/L: Oxygen, SBE 43, 2 [ml/l]
# name 8 = flECO-AFL: Fluorescence, WET Labs ECO-AFL/FL [mg/m^3]
# name 9 = CStarTr0: Beam Transmission, WET Labs C-Star [%]
# name 10 = par: PAR/Irradiance, Biospherical/Licor
# name 11 = latitude: Latitude [deg]
# name 12 = longitude: Longitude [deg]
# name 13 = timeJ: Julian Days
# name 14 = altM: Altimeter [m]
# name 15 = spar: SPAR, Biospherical/Licor
# name 16 = timeS: Time, Elapsed [seconds]
# name 17 = scan: Scan Count
# name 18 = density00: Density [density, kg/m^3]
# name 19 = density11: Density, 2 [density, kg/m^3]
# name 20 = sal00: Salinity, Practical [PSU]
# name 21 = sal11: Salinity, Practical, 2 [PSU]
# name 22 = oxsolML/L: Oxygen Saturation, Garcia & Gordon [ml/l]
# name 23 = nbin: number of scans per bin
# name 24 = flag: flag
# span 0 =      5.000,    458.000       
# span 1 =      4.950,    452.918       
# span 2 =    -1.4121,     1.3786       
# span 3 =  27.015910,  30.199186       
# span 4 =    -1.4114,     1.3780       
# span 5 =  27.015340,  30.197377       
# span 6 =     4.0053,     8.4448       
# span 7 =     4.0647,     8.5086       
# span 8 =    -0.0225,     2.4341       
# span 9 =    87.9199,    97.1943       
# span 10 = 1.0000e-12, 3.7768e+01      
# span 11 =  -68.03088,  -68.03053      
# span 12 =  -69.28594,  -69.28528      
# span 13 = 334.936542, 334.945467      
# span 14 =       1.60,     105.65      
# span 15 = 7.5795e+01, 1.1283e+02      
# span 16 =    255.199,   1026.319      
# span 17 =       6126,      24633      
# span 18 =  1027.1861,  1029.9252      
# span 19 =  1027.1844,  1029.9239      
# span 20 =    33.7833,    34.6909      
# span 21 =    33.7812,    34.6892      
# span 22 =    7.74754,    8.38345      
# span 23 =         11,         51      
# span 24 = 0.0000e+00, 0.0000e+00      
# interval = decibars: 1                
# start_time = Nov 30 2021 22:24:22 [NMEA time, header]
# bad_flag = -9.990e-29
*END*
[from data line 174]
    179.000    177.133    -0.3604  28.236011    -0.3615  28.234792     5.8788     6.2234     0.1939    95.8472 1.0000e-12  -68.03086  -69.28534 334.941018      99.97 1.0048e+02    641.958      15408  1028.3499  1028.3496    34.2313    34.2309    8.12981         20 0.0000e+00
    180.000    178.121    -0.3170  28.277570    -0.3168  28.277151     6.0390     6.2366     0.2529    95.8948 1.0000e-12  -68.03086  -69.28534 334.941031      99.97 1.0048e+02    643.116      15436  1028.3577  1028.3568    34.2375    34.2367    8.12019         32 0.0000e+00
    181.000    179.110    -0.3318  28.266421    -0.3166  28.280562     5.9309     6.1204     0.2019    96.2353 1.0000e-12  -68.03086  -69.28534 334.941070      99.97 1.0048e+02    646.475      15516  1028.3666  1028.3673    34.2386    34.2404    8.12329         31 0.0000e+00
    182.000    180.099    -0.2612  28.338850    -0.2613  28.337999     5.8526     6.0607     0.1436    96.2879 1.0000e-12  -68.03086  -69.28534 334.941082      99.97 1.0048e+02    647.463      15540  1028.3801  1028.3794    34.2554    34.2543    8.10728         19 0.0000e+00
    183.000    181.089    -0.2401  28.361288    -0.2405  28.360130     5.8216     6.0346     0.1139    96.2979 1.0000e-12  -68.03086  -69.28534 334.941090      99.97 1.0048e+02    648.168      15557  1028.3882  1028.3876    34.2610    34.2599    8.10248         15 0.0000e+00
    184.000    182.079    -0.2062  28.397253    -0.2065  28.396128     5.8258     6.0231     0.0803    96.2272 1.0000e-12  -68.03086  -69.28534 334.941097      99.97 1.0048e+02    648.768      15571  1028.3981  1028.3974    34.2702    34.2691    8.09474         14 0.0000e+00
    185.000    183.067    -0.1904  28.413162    -0.1906  28.412020     5.8358     6.0215     0.0845    96.3616 1.0000e-12  -68.03086  -69.28534 334.941104      99.97 1.0048e+02    649.361      15586  1028.4045  1028.4036    34.2731    34.2718    8.09124         15 0.0000e+00
    186.000    184.056    -0.1815  28.422662    -0.1818  28.421524     5.8521     6.0241     0.0894    96.4036 1.0000e-12  -68.03086  -69.28534 334.941113      99.97 1.0048e+02    650.172      15605  1028.4108  1028.4101    34.2752    34.2740    8.08924         26 0.0000e+00
    187.000    185.044    -0.1882  28.416196    -0.1859  28.417568     5.8384     5.9521     0.1052    96.4456 1.0000e-12  -68.03086  -69.28532 334.941152      99.98 1.0048e+02    653.518      15685  1028.4169  1028.4161    34.2735    34.2726    8.09076         30 0.0000e+00
    188.000    186.035    -0.1583  28.446801    -0.1585  28.445693     5.7342     5.8851     0.1082    96.4923 1.0000e-12  -68.03086  -69.28532 334.941166      99.97 1.0048e+02    654.716      15714  1028.4250  1028.4241    34.2800    34.2787    8.08404         22 0.0000e+00
    189.000    187.023    -0.1367  28.469958    -0.1372  28.468501     5.6263     5.8072     0.0872    96.4703 1.0000e-12  -68.03086  -69.28532 334.941175      99.98 1.0048e+02    655.556      15734  1028.4333  1028.4323    34.2860    34.2846    8.07914         19 0.0000e+00
    190.000    188.011    -0.1073  28.502164    -0.1050  28.504023     5.5318     5.7415     0.0632    96.4490 1.0000e-12  -68.03086  -69.28532 334.941184      99.97 1.0048e+02    656.322      15753  1028.4434  1028.4432    34.2951    34.2951    8.07240         18 0.0000e+00
    191.000    189.003    -0.0617  28.549567    -0.0586  28.551428     5.4762     5.6992     0.0702    96.4945 1.0000e-12  -68.03086  -69.28532 334.941194      99.97 1.0048e+02    657.140      15772  1028.4539  1028.4529    34.3063    34.3053    8.06215         22 0.0000e+00
    192.000    189.990    -0.0129  28.599592    -0.0060  28.605079     5.4454     5.6616     0.0651    96.5448 1.0000e-12  -68.03086  -69.28532 334.941206      99.98 9.9730e+01    658.202      15798  1028.4641  1028.4633    34.3173    34.3169    8.05125         29 0.0000e+00
    193.000    190.980     0.0144  28.627382     0.0162  28.628019     5.4395     5.6314     0.0752    96.5157 1.0000e-12  -68.03086  -69.28532 334.941222      99.97 9.8694e+01    659.578      15831  1028.4721  1028.4712    34.3229    34.3218    8.04519         35 0.0000e+00
    194.000    191.969     0.0292  28.642733     0.0290  28.641726     5.4394     5.6110     0.0503    96.5194 1.0000e-12  -68.03086  -69.28532 334.941238      99.97 9.8721e+01    660.981      15865  1028.4792  1028.4783    34.3261    34.3250    8.04192         33 0.0000e+00
    195.000    192.957     0.0378  28.651759     0.0375  28.650585     5.4441     5.5866     0.0628    96.5692 1.0000e-12  -68.03086  -69.28532 334.941254      99.98 9.8721e+01    662.309      15896  1028.4854  1028.4844    34.3278    34.3266    8.04002         32 0.0000e+00
    196.000    193.947     0.0488  28.663249     0.0485  28.662060     5.4182     5.5468     0.0808    96.5716 1.0000e-12  -68.03086  -69.28532 334.941270      99.97 9.8721e+01    663.685      15929  1028.4917  1028.4908    34.3300    34.3289    8.03758         34 0.0000e+00
    197.000    194.935     0.0679  28.683077     0.0677  28.682333     5.3805     5.5128     0.0572    96.5854 1.0000e-12  -68.03086  -69.28532 334.941286      99.97 9.8721e+01    665.071      15963  1028.4989  1028.4984    34.3343    34.3335    8.03334         32 0.0000e+00
    198.000    195.924     0.0809  28.696526     0.0804  28.695265     5.3218     5.4692     0.0284    96.6113 1.0000e-12  -68.03086  -69.28530 334.941300      99.98 9.8721e+01    666.355      15994  1028.5053  1028.5044    34.3369    34.3358    8.03047         29 0.0000e+00
    199.000    196.915     0.0978  28.713949     0.0978  28.713052     5.2494     5.4068     0.0358    96.6477 1.0000e-12  -68.03086  -69.28530 334.941314      99.98 9.8721e+01    667.517      16021  1028.5119  1028.5110    34.3404    34.3393    8.02674         27 0.0000e+00
    200.000    197.902     0.1209  28.738702     0.1191  28.735870     5.1768     5.3463     0.0359    96.6362 1.0000e-12  -68.03086  -69.28530 334.941326      99.98 9.8721e+01    668.606      16048  1028.5202  1028.5189    34.3467    34.3449    8.02156         26 0.0000e+00
    201.000    198.892     0.1477  28.766622     0.1479  28.765906     5.0783     5.2644     0.0434    96.6154 1.0000e-12  -68.03086  -69.28530 334.941338      99.98 9.8721e+01    669.639      16072  1028.5281  1028.5272    34.3528    34.3517    8.01560         23 0.0000e+00
    202.000    199.882     0.1685  28.788870     0.1670  28.786662     4.9634     5.1793     0.0365    96.5578 1.0000e-12  -68.03086  -69.28530 334.941349      99.98 9.8721e+01    670.565      16095  1028.5359  1028.5350    34.3584    34.3571    8.01097         22 0.0000e+00
    203.000    200.869     0.2118  28.834927     0.2128  28.835362     4.8842     5.1241     0.0308    96.6982 1.0000e-12  -68.03086  -69.28530 334.941359      99.97 9.8721e+01    671.429      16115  1028.5466  1028.5461    34.3700    34.3694    8.00130         20 0.0000e+00
    204.000    201.859     0.2561  28.882116     0.2557  28.880839     4.8516     5.0865     0.0319    96.6826 1.0000e-12  -68.03086  -69.28530 334.941369      99.97 9.8721e+01    672.288      16136  1028.5577  1028.5568    34.3820    34.3808    7.99143         22 0.0000e+00
    205.000    202.849     0.2822  28.910017     0.2819  28.908677     4.8481     5.0632     0.0448    96.7183 1.0000e-12  -68.03086  -69.28532 334.941381      99.97 9.8721e+01    673.310      16160  1028.5664  1028.5653    34.3889    34.3875    7.98562         28 0.0000e+00
    206.000    203.838     0.2961  28.925124     0.2954  28.923638     4.8866     5.0469     0.0569    96.7536 1.0000e-12  -68.03086  -69.28532 334.941399      99.98 9.8632e+01    674.838      16197  1028.5739  1028.5730    34.3926    34.3915    7.98253         41 0.0000e+00
    207.000    204.825     0.3004  28.928241     0.3014  28.930110     4.9109     5.0117     0.0384    96.8703 1.0000e-12  -68.03086  -69.28531 334.941431      99.97 9.7043e+01    677.630      16264  1028.5787  1028.5797    34.3913    34.3927    7.98171         38 0.0000e+00
    208.000    205.814     0.3100  28.939994     0.3095  28.938689     4.8421     4.9556     0.0209    96.9150 1.0000e-12  -68.03086  -69.28530 334.941449      99.97 9.6954e+01    679.168      16301  1028.5865  1028.5856    34.3954    34.3943    7.97949         24 0.0000e+00
    209.000    206.805     0.3416  28.974920     0.3413  28.974048     4.8014     4.9357     0.0140    96.8687 1.0000e-12  -68.03088  -69.28528 334.941459      99.97 9.6958e+01    680.034      16322  1028.5967  1028.5962    34.4054    34.4046    7.97240         19 0.0000e+00
    210.000    207.793     0.4046  29.041454     0.4048  29.040862     4.7821     4.9138     0.0143    96.9461 1.0000e-12  -68.03088  -69.28528 334.941467      99.98 9.6958e+01    680.731      16339  1028.6092  1028.6083    34.4217    34.4206    7.95849         16 0.0000e+00
    211.000    208.781     0.4363  29.074652     0.4355  29.073232     4.7496     4.8812     0.0143    96.8847 1.0000e-12  -68.03088  -69.28528 334.941474      99.97 9.6958e+01    681.360      16354  1028.6176  1028.6168    34.4292    34.4282    7.95154         15 0.0000e+00
    212.000    209.772     0.4601  29.101233     0.4591  29.099631     4.7129     4.8578     0.0138    96.9069 1.0000e-12  -68.03088  -69.28528 334.941481      99.98 9.6958e+01    681.965      16368  1028.6266  1028.6259    34.4368    34.4358    7.94622         14 0.0000e+00
    213.000    210.760     0.4794  29.121625     0.4792  29.120531     4.6923     4.8571     0.0070    96.9311 1.0000e-12  -68.03087  -69.28529 334.941489      99.98 9.6958e+01    682.617      16384  1028.6337  1028.6327    34.4413    34.4401    7.94200         17 0.0000e+00
    214.000    211.750     0.5164  29.160797     0.5160  29.159694     4.7029     4.8552     0.0159    96.9218 1.0000e-12  -68.03086  -69.28530 334.941498      99.98 9.6958e+01    683.438      16404  1028.6432  1028.6424    34.4507    34.4497    7.93389         25 0.0000e+00
    215.000    212.737     0.5143  29.157353     0.5140  29.157095     4.6795     4.8063     0.0119    96.9133 1.0000e-12  -68.03086  -69.28530 334.941532      99.98 9.6958e+01    686.358      16474  1028.6477  1028.6476    34.4479    34.4479    7.93448         38 0.0000e+00
    216.000    213.727     0.5765  29.225174     0.5866  29.235078     4.5936     4.7366     0.0068    96.9155 1.0000e-12  -68.03086  -69.28530 334.941559      99.98 9.6958e+01    688.692      16530  1028.6626  1028.6629    34.4665    34.4681    7.92071         21 0.0000e+00
    217.000    214.716     0.6066  29.256061     0.6079  29.256498     4.5932     4.7267     0.0069    96.9328 1.0000e-12  -68.03086  -69.28530 334.941568      99.98 9.6958e+01    689.438      16548  1028.6700  1028.6692    34.4726    34.4717    7.91422         18 0.0000e+00
    218.000    215.705     0.6133  29.263525     0.6137  29.262923     4.5921     4.7226     0.0069    96.9330 1.0000e-12  -68.03086  -69.28528 334.941576      99.98 9.6958e+01    690.138      16564  1028.6758  1028.6749    34.4742    34.4731    7.91275         16 0.0000e+00
    219.000    216.693     0.6169  29.267768     0.6171  29.267135     4.5880     4.7143     0.0069    96.9189 1.0000e-12  -68.03086  -69.28528 334.941584      99.98 9.6958e+01    690.878      16582  1028.6815  1028.6806    34.4752    34.4741    7.91198         20 0.0000e+00
    220.000    217.683     0.6215  29.272951     0.6220  29.272525     4.5686     4.6929     0.0103    96.9368 1.0000e-12  -68.03086  -69.28528 334.941597      99.97 9.6958e+01    691.999      16609  1028.6872  1028.6862    34.4763    34.4751    7.91098         35 0.0000e+00
    221.000    218.673     0.6337  29.286090     0.6331  29.284543     4.5133     4.6411    -0.0035    96.9297 1.0000e-12  -68.03086  -69.28528 334.941617      99.98 9.6958e+01    693.677      16649  1028.6939  1028.6928    34.4791    34.4778    7.90833         34 0.0000e+00
    222.000    219.660     0.6544  29.307839     0.6529  29.305214     4.4722     4.6005     0.0071    96.9889 1.0000e-12  -68.03086  -69.28528 334.941630      99.98 9.6958e+01    694.841      16677  1028.7009  1028.6996    34.4838    34.4820    7.90385         22 0.0000e+00
    223.000    220.650     0.6840  29.339349     0.6799  29.334454     4.4583     4.5864     0.0069    96.9010 1.0000e-12  -68.03086  -69.28528 334.941640      99.98 9.6958e+01    695.663      16697  1028.7092  1028.7081    34.4912    34.4894    7.89742         18 0.0000e+00
    224.000    221.637     0.6977  29.353306     0.6975  29.352381     4.4558     4.5812     0.0069    96.9570 1.0000e-12  -68.03086  -69.28528 334.941648      99.98 9.6958e+01    696.374      16714  1028.7149  1028.7140    34.4935    34.4926    7.89450         17 0.0000e+00
    225.000    222.630     0.7111  29.368533     0.7095  29.366135     4.4543     4.5784     0.0073    96.9989 1.0000e-12  -68.03086  -69.28530 334.941657      99.98 9.6958e+01    697.133      16732  1028.7221  1028.7212    34.4978    34.4965    7.89153         20 0.0000e+00
    226.000    223.618     0.7049  29.362867     0.7105  29.367199     4.4785     4.5727     0.0005    96.9946 1.0000e-12  -68.03086  -69.28528 334.941684      99.98 9.6958e+01    699.487      16789  1028.7274  1028.7265    34.4967    34.4962    7.89285         35 0.0000e+00
    227.000    224.603     0.7161  29.374058     0.7187  29.376014     4.4675     4.5544     0.0113    96.9887 1.0000e-12  -68.03086  -69.28528 334.941717      99.98 9.6958e+01    702.325      16857  1028.7332  1028.7327    34.4982    34.4979    7.89050         21 0.0000e+00
    228.000    225.595     0.7327  29.391941     0.7317  29.390271     4.4649     4.5505     0.0049    97.0259 1.0000e-12  -68.03086  -69.28528 334.941725      99.98 9.6958e+01    703.006      16873  1028.7399  1028.7392    34.5024    34.5014    7.88691         16 0.0000e+00
    229.000    226.582     0.7435  29.403556     0.7431  29.402489     4.4630     4.5493    -0.0082    97.0577 1.0000e-12  -68.03086  -69.28528 334.941732      99.98 9.6958e+01    703.630      16888  1028.7458  1028.7451    34.5049    34.5040    7.88457         14 0.0000e+00
    230.000    227.572     0.7471  29.407764     0.7468  29.406746     4.4565     4.5486    -0.0077    97.0469 1.0000e-12  -68.03086  -69.28528 334.941738      99.98 9.6958e+01    704.205      16902  1028.7510  1028.7503    34.5057    34.5048    7.88379         14 0.0000e+00
    231.000    228.563     0.7492  29.410614     0.7489  29.409676     4.4587     4.5472    -0.0077    97.0494 1.0000e-12  -68.03086  -69.28528 334.941746      99.97 9.6958e+01    704.817      16917  1028.7563  1028.7557    34.5065    34.5057    7.88333         17 0.0000e+00
    232.000    229.547     0.7527  29.414674     0.7519  29.412839     4.4671     4.5494    -0.0066    97.0412 1.0000e-12  -68.03086  -69.28528 334.941757      99.98 9.6958e+01    705.787      16940  1028.7617  1028.7605    34.5074    34.5058    7.88258         27 0.0000e+00
    233.000    230.538     0.7514  29.413943     0.7522  29.414220     4.4597     4.5342     0.0194    97.0481 1.0000e-12  -68.03086  -69.28529 334.941793      99.98 9.6958e+01    708.901      17015  1028.7670  1028.7666    34.5072    34.5067    7.88284         28 0.0000e+00
    234.000    231.527     0.7669  29.430655     0.7662  29.429438     4.4636     4.5280     0.0011    97.0808 1.0000e-12  -68.03086  -69.28529 334.941806      99.98 9.6958e+01    710.008      17041  1028.7736  1028.7729    34.5110    34.5102    7.87949         22 0.0000e+00
    235.000    232.517     0.7738  29.438726     0.7731  29.437398     4.4598     4.5255     0.0051    97.0859 1.0000e-12  -68.03085  -69.28529 334.941816      99.98 9.6958e+01    710.867      17062  1028.7796  1028.7789    34.5133    34.5123    7.87797         20 0.0000e+00
