NBP2113_155081_ctd/data/dnbp2113_054.cnv
* Sea-Bird SBE 9 Data File:
* FileName = D:\Data\raw\NBP2113_054.hex
* Software Version Seasave V 7.26.7.121
* Temperature SN = 2438
* Conductivity SN = 2067
* Number of Bytes Per Scan = 40
* Number of Voltage Words = 5
* Number of Scans Averaged by the Deck Unit = 1
* NMEA Latitude = 64 52.85 S
* NMEA Longitude = 064 38.20 W
* NMEA UTC (Time) = Dec 11 2021  19:48:22
* NMEA baud rate = 9600
** Ship: RVIB N.B. Palmer
** Cruise: NBP2113 LTER
** Station: 597.052
** Operator: S. Blackman
# nquan = 25
# nvalues = 442                         
# units = specified
# name 0 = prDM: Pressure, Digiquartz [db]
# name 1 = depSM: Depth [salt water, m]
# name 2 = t090C: Temperature [ITS-90, deg C]
# name 3 = c0mS/cm: Conductivity [mS/cm]
# name 4 = t190C: Temperature, 2 [ITS-90, deg C]
# name 5 = c1mS/cm: Conductivity, 2 [mS/cm]
# name 6 = sbeox0ML/L: Oxygen, SBE 43 [ml/l]
# name 7 = sbeox1ML/L: Oxygen, SBE 43, 2 [ml/l]
# name 8 = flECO-AFL: Fluorescence, WET Labs ECO-AFL/FL [mg/m^3]
# name 9 = CStarTr0: Beam Transmission, WET Labs C-Star [%]
# name 10 = par: PAR/Irradiance, Biospherical/Licor
# name 11 = latitude: Latitude [deg]
# name 12 = longitude: Longitude [deg]
# name 13 = timeJ: Julian Days
# name 14 = altM: Altimeter [m]
# name 15 = spar: SPAR, Biospherical/Licor
# name 16 = timeS: Time, Elapsed [seconds]
# name 17 = scan: Scan Count
# name 18 = density00: Density [density, kg/m^3]
# name 19 = density11: Density, 2 [density, kg/m^3]
# name 20 = sal00: Salinity, Practical [PSU]
# name 21 = sal11: Salinity, Practical, 2 [PSU]
# name 22 = oxsolML/L: Oxygen Saturation, Garcia & Gordon [ml/l]
# name 23 = nbin: number of scans per bin
# name 24 = flag: flag
# span 0 =      4.000,    445.000       
# span 1 =      3.957,    440.162       
# span 2 =    -0.7140,     1.3400       
# span 3 =  27.403304,  30.125620       
# span 4 =    -0.7123,     1.3395       
# span 5 =  27.404470,  30.124093       
# span 6 =     4.2431,     8.1464       
# span 7 =     4.3004,     8.0854       
# span 8 =    -0.0224,     1.8496       
# span 9 =    83.6567,    91.4209       
# span 10 = 1.0000e-12, 2.2836e+02      
# span 11 =  -64.88096,  -64.88090      
# span 12 =  -64.63753,  -64.63672      
# span 13 = 345.829168, 345.837807      
# span 14 =       7.39,     110.54      
# span 15 = 4.7768e+02, 5.8487e+02      
# span 16 =    338.111,   1084.502      
# span 17 =       8116,      26029      
# span 18 =  1027.0587,  1029.8330      
# span 19 =  1027.0462,  1029.8317      
# span 20 =    33.6122,    34.6478      
# span 21 =    33.6113,    34.6464      
# span 22 =    7.75747,    8.24194      
# span 23 =          6,         49      
# span 24 = 0.0000e+00, 0.0000e+00      
# interval = decibars: 1                
# start_time = Dec 11 2021 19:48:22 [NMEA time, header]
# bad_flag = -9.990e-29
*END*
[from data line 174]
    178.000    176.183     0.8808  29.520827     0.8760  29.514941     4.7890     4.8565    -0.0035    91.3952 1.0000e-12  -64.88092  -64.63706 345.833861      99.97 4.7950e+02    743.615      17848  1028.5202  1028.5187    34.5343    34.5321    7.85519         33 0.0000e+00
    179.000    177.169     0.8920  29.533091     0.8872  29.527859     4.7312     4.8166     0.0127    91.3952 1.0000e-12  -64.88092  -64.63706 345.833876      99.97 4.7950e+02    744.897      17879  1028.5263  1028.5255    34.5371    34.5357    7.85278         27 0.0000e+00
    180.000    178.160     0.9307  29.572457     0.9311  29.571949     4.7144     4.7943     0.0069    91.4147 1.0000e-12  -64.88092  -64.63705 345.833889      99.97 4.7950e+02    745.973      17904  1028.5333  1028.5323    34.5444    34.5433    7.84459         26 0.0000e+00
    181.000    179.149     0.9596  29.605912     0.9591  29.604443     4.6847     4.7691     0.0048    91.4171 1.0000e-12  -64.88092  -64.63704 345.833901      99.97 4.7950e+02    747.067      17931  1028.5441  1028.5430    34.5550    34.5537    7.83821         27 0.0000e+00
    182.000    180.137     0.9669  29.613985     0.9675  29.612744     4.6701     4.7576     0.0016    91.4061 1.0000e-12  -64.88092  -64.63704 345.833914      99.97 4.7950e+02    748.182      17957  1028.5497  1028.5479    34.5566    34.5544    7.83664         26 0.0000e+00
    183.000    181.128     0.9943  29.642117     0.9961  29.643813     4.6625     4.7525     0.0068    91.4207 1.0000e-12  -64.88092  -64.63704 345.833927      99.97 4.7950e+02    749.274      17984  1028.5565  1028.5564    34.5620    34.5622    7.83086         27 0.0000e+00
    184.000    182.116     0.9992  29.648985     0.9994  29.648121     4.6761     4.7488     0.0069    91.4183 1.0000e-12  -64.88092  -64.63704 345.833940      99.97 4.7950e+02    750.450      18012  1028.5634  1028.5623    34.5648    34.5635    7.82973         29 0.0000e+00
    185.000    183.106     1.0033  29.653444     1.0034  29.652562     4.6736     4.7418     0.0069    91.4063 1.0000e-12  -64.88092  -64.63704 345.833955      99.97 4.7950e+02    751.746      18043  1028.5687  1028.5676    34.5655    34.5642    7.82888         32 0.0000e+00
    186.000    184.096     1.0060  29.656628     1.0066  29.656558     4.6761     4.7320     0.0018    91.4165 1.0000e-12  -64.88092  -64.63704 345.833970      99.97 4.7950e+02    753.004      18073  1028.5739  1028.5732    34.5660    34.5652    7.82830         29 0.0000e+00
    187.000    185.085     1.0104  29.662157     1.0103  29.660712     4.6732     4.7384    -0.0004    91.4003 1.0000e-12  -64.88092  -64.63702 345.833983      99.97 4.7950e+02    754.129      18100  1028.5797  1028.5784    34.5676    34.5659    7.82733         25 0.0000e+00
    188.000    186.073     1.0130  29.664981     1.0121  29.663114     4.6693     4.7362    -0.0054    91.3992 1.0000e-12  -64.88092  -64.63704 345.833995      99.97 4.7970e+02    755.180      18125  1028.5846  1028.5835    34.5678    34.5664    7.82680         26 0.0000e+00
    189.000    187.063     1.0164  29.668648     1.0141  29.665592     4.6598     4.7302    -0.0025    91.4160 1.0000e-12  -64.88092  -64.63704 345.834008      99.97 4.8106e+02    756.292      18152  1028.5895  1028.5886    34.5681    34.5668    7.82610         28 0.0000e+00
    190.000    188.052     1.0200  29.672829     1.0174  29.669393     4.6515     4.7134    -0.0002    91.4171 1.0000e-12  -64.88092  -64.63704 345.834023      99.97 4.8127e+02    757.620      18184  1028.5948  1028.5937    34.5690    34.5674    7.82534         34 0.0000e+00
    191.000    189.042     1.0360  29.689846     1.0308  29.683043     4.6464     4.7099     0.0046    91.4077 1.0000e-12  -64.88092  -64.63704 345.834039      99.97 4.8127e+02    758.988      18217  1028.6010  1028.5990    34.5725    34.5695    7.82194         30 0.0000e+00
    192.000    190.030     1.0389  29.693940     1.0367  29.690671     4.6391     4.7047    -0.0079    91.4127 1.0000e-12  -64.88092  -64.63704 345.834052      99.97 4.8127e+02    760.101      18243  1028.6068  1028.6055    34.5740    34.5722    7.82127         25 0.0000e+00
    193.000    191.021     1.0419  29.697519     1.0399  29.694638     4.6457     4.7081    -0.0071    91.3975 1.0000e-12  -64.88092  -64.63702 345.834064      99.97 4.8127e+02    761.107      18268  1028.6119  1028.6109    34.5746    34.5732    7.82063         25 0.0000e+00
    194.000    192.010     1.0408  29.696599     1.0381  29.693008     4.6480     4.7071     0.0008    91.3870 1.0000e-12  -64.88092  -64.63702 345.834077      99.97 4.8127e+02    762.232      18295  1028.6165  1028.6154    34.5741    34.5725    7.82089         30 0.0000e+00
    195.000    192.998     1.0417  29.697987     1.0416  29.697166     4.6371     4.6986     0.0039    91.3884 1.0000e-12  -64.88092  -64.63701 345.834093      99.97 4.8127e+02    763.596      18327  1028.6215  1028.6207    34.5744    34.5734    7.82070         34 0.0000e+00
    196.000    193.987     1.0656  29.720673     1.0645  29.718741     4.6364     4.6932    -0.0004    91.3676 1.0000e-12  -64.88092  -64.63700 345.834108      99.97 4.8127e+02    764.893      18358  1028.6258  1028.6247    34.5765    34.5751    7.81581         28 0.0000e+00
    197.000    194.979     1.0787  29.737322     1.0769  29.734686     4.6404     4.6933     0.0037    91.3716 1.0000e-12  -64.88092  -64.63700 345.834120      99.97 4.8127e+02    765.956      18384  1028.6343  1028.6334    34.5827    34.5813    7.81284         23 0.0000e+00
    198.000    195.966     1.0739  29.732505     1.0746  29.732037     4.6403     4.6918     0.0044    91.3705 1.0000e-12  -64.88092  -64.63701 345.834131      99.97 4.8127e+02    766.912      18407  1028.6386  1028.6373    34.5813    34.5799    7.81389         23 0.0000e+00
    199.000    196.956     1.0784  29.737579     1.0796  29.737662     4.6409     4.6951     0.0017    91.3533 1.0000e-12  -64.88092  -64.63702 345.834142      99.97 4.8127e+02    767.898      18431  1028.6438  1028.6427    34.5823    34.5811    7.81293         25 0.0000e+00
    200.000    197.945     1.0802  29.739778     1.0761  29.734874     4.6379     4.6896     0.0099    91.3430 1.0000e-12  -64.88092  -64.63702 345.834156      99.97 4.8127e+02    769.066      18459  1028.6487  1028.6477    34.5825    34.5808    7.81256         31 0.0000e+00
    201.000    198.934     1.0820  29.741768     1.0813  29.740142     4.6417     4.6877     0.0145    91.2992 1.0000e-12  -64.88092  -64.63702 345.834173      99.97 4.8127e+02    770.536      18494  1028.6534  1028.6524    34.5825    34.5812    7.81220         38 0.0000e+00
    202.000    199.924     1.0841  29.744558     1.0840  29.743539     4.6439     4.6919     0.0013    91.2440 1.0000e-12  -64.88092  -64.63701 345.834190      99.97 4.8127e+02    772.038      18530  1028.6586  1028.6576    34.5831    34.5820    7.81175         33 0.0000e+00
    203.000    200.913     1.0851  29.746012     1.0845  29.744555     4.6413     4.6882     0.0012    91.1833 1.0000e-12  -64.88092  -64.63700 345.834206      99.97 4.8127e+02    773.424      18563  1028.6635  1028.6625    34.5834    34.5821    7.81154         32 0.0000e+00
    204.000    201.902     1.0847  29.746177     1.0840  29.744422     4.6346     4.6884    -0.0010    91.1792 1.0000e-12  -64.88092  -64.63700 345.834221      99.97 4.8127e+02    774.657      18593  1028.6684  1028.6672    34.5834    34.5819    7.81162         26 0.0000e+00
    205.000    202.892     1.0832  29.745076     1.0826  29.743421     4.6358     4.6867     0.0047    91.1915 1.0000e-12  -64.88092  -64.63700 345.834232      99.97 4.8127e+02    775.673      18617  1028.6730  1028.6719    34.5831    34.5816    7.81193         23 0.0000e+00
    206.000    203.882     1.0835  29.745597     1.0832  29.744380     4.6394     4.6837     0.0004    91.1651 1.0000e-12  -64.88092  -64.63700 345.834242      99.97 4.8127e+02    776.549      18638  1028.6776  1028.6766    34.5828    34.5816    7.81188         20 0.0000e+00
    207.000    204.868     1.0866  29.749197     1.0867  29.748592     4.6333     4.6822     0.0069    91.1905 1.0000e-12  -64.88092  -64.63700 345.834252      99.97 4.8127e+02    777.351      18657  1028.6825  1028.6818    34.5834    34.5825    7.81123         18 0.0000e+00
    208.000    205.860     1.0860  29.749292     1.0859  29.748285     4.6290     4.6854     0.0017    91.1651 1.0000e-12  -64.88092  -64.63700 345.834261      99.97 4.8127e+02    778.171      18677  1028.6875  1028.6865    34.5836    34.5824    7.81134         22 0.0000e+00
    209.000    206.848     1.0867  29.750361     1.0865  29.749235     4.6311     4.6882     0.0043    91.1781 1.0000e-12  -64.88092  -64.63700 345.834274      99.97 4.8127e+02    779.277      18704  1028.6922  1028.6912    34.5836    34.5824    7.81120         33 0.0000e+00
    210.000    207.836     1.0867  29.750788     1.0862  29.749395     4.6256     4.6860     0.0067    91.1541 1.0000e-12  -64.88092  -64.63700 345.834304      99.97 4.8127e+02    781.853      18765  1028.6970  1028.6960    34.5836    34.5823    7.81121         37 0.0000e+00
    211.000    208.827     1.0872  29.751662     1.0868  29.750492     4.6221     4.6807    -0.0012    91.1364 1.0000e-12  -64.88092  -64.63700 345.834323      99.97 4.8127e+02    783.502      18805  1028.7017  1028.7009    34.5836    34.5825    7.81110         24 0.0000e+00
    212.000    209.815     1.0868  29.751947     1.0868  29.750995     4.6274     4.6823    -0.0056    91.1391 1.0000e-12  -64.88092  -64.63700 345.834334      99.97 4.8127e+02    784.421      18827  1028.7066  1028.7056    34.5838    34.5825    7.81117         20 0.0000e+00
    213.000    210.804     1.0886  29.754146     1.0884  29.752978     4.6331     4.6797    -0.0007    91.1234 1.0000e-12  -64.88092  -64.63700 345.834343      99.97 4.8127e+02    785.238      18847  1028.7113  1028.7104    34.5840    34.5828    7.81079         20 0.0000e+00
    214.000    211.794     1.0902  29.756354     1.0903  29.755519     4.6283     4.6770    -0.0004    91.1039 1.0000e-12  -64.88092  -64.63700 345.834353      99.97 4.8127e+02    786.096      18867  1028.7163  1028.7153    34.5845    34.5833    7.81045         22 0.0000e+00
    215.000    212.784     1.0916  29.758333     1.0912  29.757026     4.6239     4.6800     0.0055    91.1217 1.0000e-12  -64.88092  -64.63700 345.834365      99.97 4.8127e+02    787.129      18892  1028.7213  1028.7203    34.5849    34.5836    7.81015         28 0.0000e+00
    216.000    213.772     1.0922  29.759529     1.0915  29.757832     4.6215     4.6767     0.0096    91.1262 1.0000e-12  -64.88092  -64.63699 345.834381      99.97 4.8127e+02    788.475      18924  1028.7262  1028.7252    34.5852    34.5838    7.81001         36 0.0000e+00
    217.000    214.762     1.0916  29.759263     1.0910  29.757757     4.6237     4.6781    -0.0016    91.0945 1.0000e-12  -64.88092  -64.63699 345.834397      99.97 4.8256e+02    789.928      18959  1028.7308  1028.7298    34.5849    34.5837    7.81015         33 0.0000e+00
    218.000    215.751     1.0915  29.759608     1.0910  29.758177     4.6237     4.6749     0.0118    91.0991 1.0000e-12  -64.88092  -64.63700 345.834413      99.97 4.8304e+02    791.297      18992  1028.7355  1028.7345    34.5849    34.5837    7.81017         32 0.0000e+00
    219.000    216.740     1.0915  29.760038     1.0908  29.758369     4.6286     4.6733     0.0028    91.1122 1.0000e-12  -64.88092  -64.63698 345.834428      99.97 4.8303e+02    792.551      19022  1028.7403  1028.7392    34.5849    34.5835    7.81018         28 0.0000e+00
    220.000    217.730     1.0913  29.760295     1.0906  29.758816     4.6235     4.6753    -0.0004    91.1119 1.0000e-12  -64.88092  -64.63698 345.834440      99.97 4.8303e+02    793.594      19047  1028.7450  1028.7441    34.5849    34.5837    7.81022         23 0.0000e+00
    221.000    218.719     1.0913  29.760614     1.0908  29.759344     4.6288     4.6777     0.0082    91.1119 1.0000e-12  -64.88092  -64.63698 345.834449      99.97 4.8303e+02    794.437      19067  1028.7496  1028.7487    34.5847    34.5836    7.81023         18 0.0000e+00
    222.000    219.706     1.0917  29.761405     1.0910  29.759969     4.6295     4.6783     0.0139    91.1119 1.0000e-12  -64.88092  -64.63698 345.834458      99.97 4.8303e+02    795.171      19085  1028.7542  1028.7533    34.5846    34.5836    7.81014         17 0.0000e+00
    223.000    220.697     1.0919  29.762253     1.0911  29.760603     4.6344     4.6802     0.0071    91.0868 1.0000e-12  -64.88092  -64.63698 345.834467      99.97 4.8303e+02    795.919      19103  1028.7591  1028.7582    34.5849    34.5837    7.81009         20 0.0000e+00
    224.000    221.685     1.0911  29.761576     1.0905  29.760305     4.6200     4.6789     0.0034    91.0826 1.0000e-12  -64.88092  -64.63699 345.834492      99.97 4.8303e+02    798.137      19156  1028.7635  1028.7627    34.5844    34.5834    7.81028         35 0.0000e+00
    225.000    222.674     1.0918  29.762868     1.0916  29.761793     4.6056     4.6615     0.0018    91.0950 1.0000e-12  -64.88092  -64.63697 345.834525      99.97 4.8303e+02    800.963      19224  1028.7684  1028.7675    34.5847    34.5835    7.81012         22 0.0000e+00
    226.000    223.664     1.0945  29.766407     1.0940  29.765068     4.6146     4.6651     0.0074    91.0894 1.0000e-12  -64.88092  -64.63695 345.834533      99.97 4.8303e+02    801.610      19240  1028.7736  1028.7727    34.5857    34.5844    7.80953         16 0.0000e+00
    227.000    224.653     1.0949  29.767381     1.0944  29.766090     4.6133     4.6654     0.0012    91.0753 1.0000e-12  -64.88092  -64.63694 345.834540      99.97 4.8303e+02    802.221      19254  1028.7784  1028.7776    34.5858    34.5848    7.80944         14 0.0000e+00
    228.000    225.639     1.0949  29.767897     1.0945  29.766678     4.6173     4.6664    -0.0004    91.0567 1.0000e-12  -64.88092  -64.63694 345.834546      99.97 4.8303e+02    802.784      19268  1028.7832  1028.7824    34.5859    34.5849    7.80943         13 0.0000e+00
    229.000    226.633     1.0950  29.768447     1.0944  29.767027     4.6155     4.6663     0.0052    91.0857 1.0000e-12  -64.88092  -64.63694 345.834553      99.97 4.8303e+02    803.344      19281  1028.7879  1028.7870    34.5859    34.5848    7.80941         14 0.0000e+00
    230.000    227.622     1.0950  29.769080     1.0944  29.767583     4.6141     4.6713     0.0068    91.0862 1.0000e-12  -64.88092  -64.63694 345.834560      99.97 4.8303e+02    803.991      19297  1028.7929  1028.7919    34.5862    34.5849    7.80941         18 0.0000e+00
    231.000    228.611     1.0944  29.768784     1.0940  29.767457     4.6199     4.6760     0.0061    91.0966 1.0000e-12  -64.88092  -64.63696 345.834576      99.97 4.8303e+02    805.363      19330  1028.7974  1028.7964    34.5859    34.5846    7.80955         36 0.0000e+00
    232.000    229.599     1.0943  29.769182     1.0938  29.767668     4.6150     4.6661     0.0054    91.1247 1.0000e-12  -64.88092  -64.63697 345.834610      99.97 4.8328e+02    808.269      19399  1028.8022  1028.8011    34.5859    34.5845    7.80956         39 0.0000e+00
    233.000    230.586     1.0946  29.769836     1.0942  29.768463     4.6108     4.6593     0.0016    91.1262 1.0000e-12  -64.88092  -64.63694 345.834631      99.97 4.8308e+02    810.113      19444  1028.8067  1028.8058    34.5858    34.5846    7.80950         29 0.0000e+00
    234.000    231.576     1.0950  29.770816     1.0944  29.769186     4.6056     4.6527     0.0055    91.1129 1.0000e-12  -64.88092  -64.63694 345.834642      99.97 4.8303e+02    811.042      19466  1028.8116  1028.8106    34.5860    34.5847    7.80941         20 0.0000e+00
