NBP2113_155081_ctd/data/dnbp2113_065.cnv
* Sea-Bird SBE 9 Data File:
* FileName = D:\Data\raw\NBP2113_065.hex
* Software Version Seasave V 7.26.7.121
* Temperature SN = 2438
* Conductivity SN = 2067
* Number of Bytes Per Scan = 40
* Number of Voltage Words = 5
* Number of Scans Averaged by the Deck Unit = 1
* NMEA Latitude = 64 10.49 S
* NMEA Longitude = 061 56.61 W
* NMEA UTC (Time) = Dec 14 2021  14:58:16
* NMEA baud rate = 9600
** Ship: RVIB N.B. Palmer
** Cruise: NBP2113 LTER
** Station: 741.005
** Operator: B. Urmston
# nquan = 25
# nvalues = 668                         
# units = specified
# name 0 = prDM: Pressure, Digiquartz [db]
# name 1 = depSM: Depth [salt water, m]
# name 2 = t090C: Temperature [ITS-90, deg C]
# name 3 = c0mS/cm: Conductivity [mS/cm]
# name 4 = t190C: Temperature, 2 [ITS-90, deg C]
# name 5 = c1mS/cm: Conductivity, 2 [mS/cm]
# name 6 = sbeox0ML/L: Oxygen, SBE 43 [ml/l]
# name 7 = sbeox1ML/L: Oxygen, SBE 43, 2 [ml/l]
# name 8 = flECO-AFL: Fluorescence, WET Labs ECO-AFL/FL [mg/m^3]
# name 9 = CStarTr0: Beam Transmission, WET Labs C-Star [%]
# name 10 = par: PAR/Irradiance, Biospherical/Licor
# name 11 = latitude: Latitude [deg]
# name 12 = longitude: Longitude [deg]
# name 13 = timeJ: Julian Days
# name 14 = altM: Altimeter [m]
# name 15 = spar: SPAR, Biospherical/Licor
# name 16 = timeS: Time, Elapsed [seconds]
# name 17 = scan: Scan Count
# name 18 = density00: Density [density, kg/m^3]
# name 19 = density11: Density, 2 [density, kg/m^3]
# name 20 = sal00: Salinity, Practical [PSU]
# name 21 = sal11: Salinity, Practical, 2 [PSU]
# name 22 = oxsolML/L: Oxygen Saturation, Garcia & Gordon [ml/l]
# name 23 = nbin: number of scans per bin
# name 24 = flag: flag
# span 0 =      5.000,    672.000       
# span 1 =      4.947,    664.374       
# span 2 =    -0.6483,     0.4539       
# span 3 =  28.425707,  29.126307       
# span 4 =    -0.6485,     0.4538       
# span 5 =  28.424814,  29.124899       
# span 6 =     5.3153,     7.2991       
# span 7 =     5.3913,     7.3062       
# span 8 =    -0.0298,     1.2442       
# span 9 =    84.0307,    89.7301       
# span 10 = 1.0000e-12, 1.9807e+02      
# span 11 =  -64.17472,  -64.17438      
# span 12 =  -61.94314,  -61.94236      
# span 13 = 348.626801, 348.638476      
# span 14 =       9.52,      99.97      
# span 15 = 5.1112e+02, 7.1198e+02      
# span 16 =    259.583,   1268.330      
# span 17 =       6231,      30441      
# span 18 =  1027.3588,  1030.9535      
# span 19 =  1027.3580,  1030.9522      
# span 20 =    34.0608,    34.5358      
# span 21 =    34.0583,    34.5343      
# span 22 =    7.94530,    8.17435      
# span 23 =         11,         53      
# span 24 = 0.0000e+00, 0.0000e+00      
# interval = decibars: 1                
# start_time = Dec 14 2021 14:58:16 [NMEA time, header]
# bad_flag = -9.990e-29
*END*
[from data line 58]
     63.000     62.378     0.1718  28.552272     0.1719  28.550739     6.7979     6.8846     0.6592    87.1167 1.6251e+00  -64.17462  -61.94292 348.628689      99.97 6.2727e+02    422.752      10147  1027.6925  1027.6908    34.1263    34.1242    8.02330         34 0.0000e+00
     64.000     63.366     0.1603  28.546307     0.1591  28.543857     6.7882     6.8737     0.5065    87.3635 1.5253e+00  -64.17462  -61.94292 348.628719      99.97 6.2510e+02    425.315      10209  1027.7015  1027.7001    34.1306    34.1287    8.02546         41 0.0000e+00
     65.000     64.357     0.1486  28.537981     0.1488  28.536518     6.7893     6.8709     0.5220    87.5132 1.4254e+00  -64.17462  -61.94292 348.628749      99.97 6.2329e+02    427.924      10271  1027.7082  1027.7063    34.1320    34.1299    8.02782         41 0.0000e+00
     66.000     65.345     0.1367  28.529943     0.1355  28.527525     6.8102     6.8744     0.5372    87.6659 1.3323e+00  -64.17462  -61.94292 348.628783      99.97 6.2112e+02    430.830      10341  1027.7152  1027.7137    34.1340    34.1322    8.03019         35 0.0000e+00
     67.000     66.336     0.1288  28.523016     0.1294  28.521887     6.7968     6.8833     0.4422    87.8144 1.2529e+00  -64.17462  -61.94292 348.628815      99.97 6.1877e+02    433.619      10408  1027.7195  1027.7178    34.1331    34.1310    8.03190         38 0.0000e+00
     68.000     67.326     0.1202  28.516900     0.1194  28.514434     6.8040     6.8844     0.4349    87.8783 1.1775e+00  -64.17462  -61.94292 348.628843      99.97 6.1658e+02    436.066      10467  1027.7255  1027.7237    34.1340    34.1316    8.03365         43 0.0000e+00
     69.000     68.317     0.1100  28.509375     0.1111  28.508170     6.7979     6.8689     0.4821    87.9291 1.1045e+00  -64.17462  -61.94291 348.628874      99.97 6.1442e+02    438.676      10529  1027.7315  1027.7291    34.1349    34.1320    8.03575         37 0.0000e+00
     70.000     69.308     0.1073  28.508805     0.1074  28.507399     6.7761     6.8581     0.4703    87.9628 1.0335e+00  -64.17462  -61.94290 348.628908      99.97 6.1204e+02    441.612      10600  1027.7376  1027.7360    34.1365    34.1345    8.03622         42 0.0000e+00
     71.000     70.296     0.1063  28.510458     0.1071  28.509246     6.7838     6.8580     0.3769    88.0719 9.7134e-01  -64.17462  -61.94290 348.628940      99.97 6.0964e+02    444.394      10666  1027.7445  1027.7424    34.1392    34.1366    8.03628         48 0.0000e+00
     72.000     71.285     0.0861  28.494456     0.0847  28.491353     6.7950     6.8567     0.4214    88.1401 9.1343e-01  -64.17462  -61.94290 348.628969      99.97 6.0760e+02    446.882      10726  1027.7513  1027.7493    34.1399    34.1374    8.04046         45 0.0000e+00
     73.000     72.277     0.0826  28.492300     0.0827  28.490381     6.7722     6.8492     0.4100    88.1887 8.6016e-01  -64.17462  -61.94290 348.629001      99.97 6.0556e+02    449.663      10793  1027.7564  1027.7542    34.1404    34.1377    8.04118         37 0.0000e+00
     74.000     73.263     0.0827  28.494189     0.0829  28.492623     6.7589     6.8416     0.3768    88.2368 8.0915e-01  -64.17462  -61.94290 348.629031      99.97 6.0343e+02    452.290      10856  1027.7624  1027.7605    34.1422    34.1398    8.04106         33 0.0000e+00
     75.000     74.255     0.0864  28.499326     0.0856  28.496718     6.7573     6.8289     0.3515    88.2902 7.6061e-01  -64.17462  -61.94290 348.629063      99.96 6.0242e+02    455.047      10922  1027.7684  1027.7664    34.1443    34.1417    8.04016         36 0.0000e+00
     76.000     75.246     0.0892  28.503417     0.0893  28.501855     6.7274     6.8159     0.3523    88.2692 7.1767e-01  -64.17462  -61.94290 348.629094      99.97 6.0101e+02    457.681      10985  1027.7743  1027.7725    34.1460    34.1438    8.03949         37 0.0000e+00
     77.000     76.237     0.0910  28.508994     0.0903  28.506632     6.6484     6.7640     0.3264    88.2905 6.7528e-01  -64.17462  -61.94290 348.629125      99.97 5.9925e+02    460.383      11050  1027.7826  1027.7809    34.1507    34.1484    8.03883         41 0.0000e+00
     78.000     77.226     0.1253  28.547744     0.1201  28.540467     6.5617     6.6839     0.2931    88.3347 6.3556e-01  -64.17462  -61.94290 348.629155      99.97 5.9754e+02    462.989      11113  1027.7946  1027.7920    34.1631    34.1592    8.03096         44 0.0000e+00
     79.000     78.217     0.1519  28.578129     0.1499  28.573401     6.4837     6.6098     0.3163    88.3873 5.9803e-01  -64.17462  -61.94290 348.629187      99.96 5.9560e+02    465.780      11180  1027.8057  1027.8025    34.1729    34.1689    8.02484         40 0.0000e+00
     80.000     79.206     0.1840  28.615694     0.1849  28.614277     6.4520     6.5771     0.2937    88.4187 5.6159e-01  -64.17462  -61.94290 348.629218      99.97 5.9417e+02    468.393      11242  1027.8189  1027.8164    34.1861    34.1833    8.01740         44 0.0000e+00
     81.000     80.196     0.1885  28.623577     0.1880  28.619833     6.4513     6.5528     0.3049    88.4865 5.2741e-01  -64.17462  -61.94290 348.629248      99.97 5.9286e+02    471.064      11307  1027.8275  1027.8240    34.1908    34.1865    8.01618         42 0.0000e+00
     82.000     81.185     0.1916  28.630087     0.1921  28.628305     6.4473     6.5408     0.2750    88.5203 4.9638e-01  -64.17462  -61.94290 348.629280      99.97 5.9233e+02    473.762      11371  1027.8361  1027.8337    34.1954    34.1925    8.01528         35 0.0000e+00
     83.000     82.173     0.1925  28.632429     0.1927  28.630414     6.4456     6.5360     0.2837    88.5198 4.6589e-01  -64.17462  -61.94290 348.629309      99.97 5.9060e+02    476.282      11432  1027.8422  1027.8399    34.1969    34.1941    8.01502         30 0.0000e+00
     84.000     83.163     0.1937  28.635455     0.1937  28.633471     6.4277     6.5175     0.3099    88.5404 4.3754e-01  -64.17462  -61.94290 348.629342      99.97 5.8951e+02    479.115      11500  1027.8488  1027.8466    34.1990    34.1963    8.01465         37 0.0000e+00
     85.000     84.154     0.1939  28.639144     0.1941  28.637262     6.4141     6.5036     0.2838    88.5370 4.1156e-01  -64.17462  -61.94290 348.629374      99.97 5.8810e+02    481.917      11567  1027.8568  1027.8546    34.2029    34.2002    8.01438         33 0.0000e+00
     86.000     85.145     0.1922  28.640678     0.1926  28.639227     6.3993     6.4893     0.2930    88.5255 3.8767e-01  -64.17462  -61.94290 348.629404      99.97 5.8708e+02    484.511      11629  1027.8645  1027.8626    34.2062    34.2039    8.01454         39 0.0000e+00
     87.000     86.132     0.1926  28.645044     0.1928  28.643114     6.3946     6.4778     0.2943    88.5454 3.6416e-01  -64.17462  -61.94290 348.629433      99.97 5.8524e+02    486.977      11688  1027.8731  1027.8708    34.2109    34.2082    8.01420         32 0.0000e+00
     88.000     87.121     0.1904  28.644003     0.1908  28.642512     6.3973     6.4749     0.2819    88.5297 3.4055e-01  -64.17462  -61.94290 348.629465      99.97 5.8430e+02    489.800      11756  1027.8784  1027.8765    34.2114    34.2091    8.01463         26 0.0000e+00
     89.000     88.114     0.1903  28.644442     0.1909  28.643108     6.3932     6.4747     0.2828    88.5314 3.1848e-01  -64.17462  -61.94290 348.629496      99.97 5.8331e+02    492.452      11820  1027.8832  1027.8813    34.2115    34.2091    8.01465         33 0.0000e+00
     90.000     89.104     0.1885  28.643670     0.1892  28.642477     6.4109     6.4757     0.2856    88.5226 2.9882e-01  -64.17462  -61.94290 348.629527      99.97 5.8171e+02    495.127      11884  1027.8885  1027.8866    34.2120    34.2096    8.01501         33 0.0000e+00
     91.000     90.091     0.1872  28.643175     0.1884  28.642483     6.4057     6.4788     0.3133    88.5146 2.8022e-01  -64.17462  -61.94290 348.629557      99.97 5.8036e+02    497.692      11946  1027.8936  1027.8917    34.2122    34.2099    8.01527         36 0.0000e+00
     92.000     91.085     0.1893  28.645067     0.1898  28.643814     6.4084     6.4755     0.3154    88.5433 2.6187e-01  -64.17462  -61.94290 348.629586      99.96 5.7890e+02    500.219      12006  1027.8978  1027.8959    34.2117    34.2094    8.01486         32 0.0000e+00
     93.000     92.074     0.1813  28.639769     0.1806  28.637865     6.4017     6.4652     0.2732    88.5079 2.4560e-01  -64.17462  -61.94290 348.629606      99.97 5.7822e+02    501.957      12048  1027.9042  1027.9029    34.2130    34.2113    8.01644         36 0.0000e+00
     94.000     93.062     0.1539  28.623938     0.1554  28.624219     6.3710     6.4500     0.2628    88.5250 2.2935e-01  -64.17462  -61.94290 348.629623      99.97 5.7823e+02    503.412      12083  1027.9185  1027.9173    34.2221    34.2208    8.02166         34 0.0000e+00
     95.000     94.053     0.1439  28.621361     0.1440  28.620107     6.3129     6.4035     0.2927    88.5101 2.1455e-01  -64.17462  -61.94290 348.629638      99.97 5.7823e+02    504.765      12115  1027.9298  1027.9283    34.2293    34.2274    8.02335         30 0.0000e+00
     96.000     95.042     0.1465  28.628878     0.1468  28.627543     6.2630     6.3775     0.3073    88.5120 2.0012e-01  -64.17462  -61.94290 348.629654      99.97 5.7732e+02    506.080      12147  1027.9392  1027.9376    34.2356    34.2336    8.02244         31 0.0000e+00
     97.000     96.033     0.1640  28.650521     0.1636  28.648972     6.2386     6.3505     0.3139    88.5361 1.8693e-01  -64.17462  -61.94290 348.629669      99.97 5.7646e+02    507.376      12178  1027.9492  1027.9480    34.2441    34.2425    8.01831         31 0.0000e+00
     98.000     97.022     0.1693  28.656114     0.1685  28.653898     6.2167     6.3291     0.3294    88.4833 1.7457e-01  -64.17462  -61.94290 348.629683      99.97 5.7646e+02    508.634      12208  1027.9542  1027.9526    34.2449    34.2429    8.01716         29 0.0000e+00
     99.000     98.012     0.1871  28.675242     0.1893  28.676198     6.2075     6.3113     0.3205    88.4941 1.6297e-01  -64.17462  -61.94290 348.629697      99.97 5.7639e+02    509.798      12236  1027.9613  1027.9602    34.2497    34.2485    8.01318         27 0.0000e+00
    100.000     99.001     0.1924  28.681473     0.1930  28.681017     6.2057     6.3044     0.2999    88.5119 1.5170e-01  -64.17462  -61.94290 348.629710      99.97 5.7472e+02    510.925      12263  1027.9671  1027.9660    34.2514    34.2501    8.01198         28 0.0000e+00
    101.000     99.991     0.1995  28.688769     0.1988  28.686702     6.1956     6.2946     0.2757    88.5288 1.4048e-01  -64.17462  -61.94290 348.629724      99.97 5.7470e+02    512.113      12292  1027.9722  1027.9707    34.2525    34.2505    8.01044         29 0.0000e+00
    102.000    100.982     0.2049  28.695289     0.2047  28.693626     6.1659     6.2653     0.2991    88.5371 1.3052e-01  -64.17462  -61.94290 348.629738      99.97 5.7464e+02    513.391      12322  1027.9781  1027.9766    34.2544    34.2524    8.00920         31 0.0000e+00
    103.000    101.972     0.2228  28.712803     0.2224  28.711372     6.1214     6.2410     0.3069    88.5699 1.2131e-01  -64.17462  -61.94290 348.629753      99.97 5.7364e+02    514.642      12352  1027.9836  1027.9825    34.2570    34.2555    8.00533         27 0.0000e+00
    104.000    102.961     0.2406  28.733897     0.2407  28.732781     6.0799     6.2123     0.2555    88.6041 1.1211e-01  -64.17462  -61.94290 348.629766      99.97 5.7294e+02    515.812      12380  1027.9929  1027.9916    34.2643    34.2627    8.00122         28 0.0000e+00
    105.000    103.950     0.2474  28.744298     0.2474  28.742777     6.0581     6.1824     0.2441    88.6141 1.0418e-01  -64.17462  -61.94290 348.629780      99.97 5.7294e+02    516.962      12408  1028.0017  1028.0002    34.2698    34.2678    7.99950         28 0.0000e+00
    106.000    104.940     0.2620  28.762202     0.2617  28.760882     6.0392     6.1588     0.2303    88.6333 9.5972e-02  -64.17462  -61.94292 348.629793      99.97 5.7294e+02    518.143      12436  1028.0109  1028.0097    34.2765    34.2750    7.99610         29 0.0000e+00
    107.000    105.930     0.2716  28.775531     0.2714  28.773994     6.0081     6.1331     0.2458    88.6267 8.8574e-02  -64.17462  -61.94290 348.629807      99.97 5.7294e+02    519.363      12466  1028.0200  1028.0186    34.2827    34.2809    7.99375         29 0.0000e+00
    108.000    106.920     0.2761  28.783997     0.2760  28.782403     5.9922     6.1101     0.2656    88.6672 8.1449e-02  -64.17462  -61.94292 348.629822      99.97 5.7294e+02    520.602      12495  1028.0291  1028.0275    34.2882    34.2862    7.99250         29 0.0000e+00
    109.000    107.908     0.2660  28.782504     0.2660  28.781158     5.9848     6.1009     0.2282    88.6860 7.4995e-02  -64.17462  -61.94292 348.629835      99.97 5.7211e+02    521.780      12524  1028.0419  1028.0404    34.2969    34.2951    7.99412         28 0.0000e+00
    110.000    108.900     0.2543  28.779340     0.2546  28.778041     5.9849     6.0897     0.2091    88.6735 6.8973e-02  -64.17462  -61.94292 348.629848      99.97 5.7138e+02    522.900      12551  1028.0544  1028.0528    34.3052    34.3031    7.99608         27 0.0000e+00
    111.000    109.889     0.2410  28.770532     0.2413  28.769254     5.9750     6.0789     0.2111    88.7082 6.2810e-02  -64.17462  -61.94292 348.629862      99.97 5.7117e+02    524.081      12579  1028.0625  1028.0609    34.3078    34.3059    7.99870         29 0.0000e+00
    112.000    110.879     0.2366  28.769921     0.2368  28.768718     5.9619     6.0598     0.1857    88.7236 5.7214e-02  -64.17462  -61.94292 348.629876      99.97 5.7117e+02    525.307      12608  1028.0704  1028.0690    34.3113    34.3096    7.99941         29 0.0000e+00
    113.000    111.869     0.2384  28.773416     0.2382  28.771934     5.9521     6.0422     0.1767    88.7097 5.1904e-02  -64.17462  -61.94292 348.629890      99.97 5.7117e+02    526.489      12637  1028.0767  1028.0753    34.3133    34.3117    7.99893         28 0.0000e+00
    114.000    112.859     0.2307  28.773597     0.2308  28.772413     5.9403     6.0303     0.1730    88.7412 4.6877e-02  -64.17462  -61.94292 348.629903      99.96 5.7117e+02    527.650      12665  1028.0888  1028.0874    34.3216    34.3199    8.00008         28 0.0000e+00
    115.000    113.847     0.2236  28.772149     0.2237  28.770840     5.9297     6.0194     0.1585    88.7797 4.1911e-02  -64.17462  -61.94292 348.629917      99.97 5.7117e+02    528.801      12692  1028.0985  1028.0969    34.3270    34.3251    8.00125         27 0.0000e+00
    116.000    114.837     0.2181  28.770349     0.2188  28.769567     5.9258     6.0133     0.1341    88.7944 3.7777e-02  -64.17462  -61.94292 348.629930      99.97 5.7117e+02    529.954      12720  1028.1061  1028.1046    34.3302    34.3284    8.00221         29 0.0000e+00
    117.000    115.828     0.2142  28.769394     0.2143  28.768110     5.9379     6.0157     0.1276    88.7944 3.3238e-02  -64.17462  -61.94292 348.629944      99.97 5.7117e+02    531.182      12749  1028.1131  1028.1116    34.3326    34.3309    8.00288         30 0.0000e+00
    118.000    116.817     0.2056  28.764195     0.2064  28.763196     5.9335     6.0204     0.1213    88.7944 2.9407e-02  -64.17462  -61.94292 348.629959      99.97 5.7117e+02    532.431      12779  1028.1202  1028.1184    34.3348    34.3326    8.00455         29 0.0000e+00
    119.000    117.805     0.1940  28.754580     0.1951  28.754264     5.9658     6.0329     0.1260    88.7803 2.5442e-02  -64.17462  -61.94292 348.629973      99.97 5.7117e+02    533.625      12808  1028.1256  1028.1243    34.3345    34.3329    8.00698         28 0.0000e+00
