NBP2113_155081_ctd/data/dnbp2113_040.cnv
* Sea-Bird SBE 9 Data File:
* FileName = D:\Data\raw\NBP2113_040.hex
* Software Version Seasave V 7.26.7.121
* Temperature SN = 2438
* Conductivity SN = 2067
* Number of Bytes Per Scan = 40
* Number of Voltage Words = 5
* Number of Scans Averaged by the Deck Unit = 1
* NMEA Latitude = 64 51.74 S
* NMEA Longitude = 063 55.31 W
* NMEA UTC (Time) = Dec 10 2021  12:43:38
* NMEA baud rate = 9600
** Ship: RVIB N.B. Palmer
** Cruise: NBP2113 LTER
** Station: 621.028
** Operator: B. Urmston
# nquan = 25
# nvalues = 374                         
# units = specified
# name 0 = prDM: Pressure, Digiquartz [db]
# name 1 = depSM: Depth [salt water, m]
# name 2 = t090C: Temperature [ITS-90, deg C]
# name 3 = c0mS/cm: Conductivity [mS/cm]
# name 4 = t190C: Temperature, 2 [ITS-90, deg C]
# name 5 = c1mS/cm: Conductivity, 2 [mS/cm]
# name 6 = sbeox0ML/L: Oxygen, SBE 43 [ml/l]
# name 7 = sbeox1ML/L: Oxygen, SBE 43, 2 [ml/l]
# name 8 = flECO-AFL: Fluorescence, WET Labs ECO-AFL/FL [mg/m^3]
# name 9 = CStarTr0: Beam Transmission, WET Labs C-Star [%]
# name 10 = par: PAR/Irradiance, Biospherical/Licor
# name 11 = latitude: Latitude [deg]
# name 12 = longitude: Longitude [deg]
# name 13 = timeJ: Julian Days
# name 14 = altM: Altimeter [m]
# name 15 = spar: SPAR, Biospherical/Licor
# name 16 = timeS: Time, Elapsed [seconds]
# name 17 = scan: Scan Count
# name 18 = density00: Density [density, kg/m^3]
# name 19 = density11: Density, 2 [density, kg/m^3]
# name 20 = sal00: Salinity, Practical [PSU]
# name 21 = sal11: Salinity, Practical, 2 [PSU]
# name 22 = oxsolML/L: Oxygen Saturation, Garcia & Gordon [ml/l]
# name 23 = nbin: number of scans per bin
# name 24 = flag: flag
# span 0 =      5.000,    378.000       
# span 1 =      4.952,    373.956       
# span 2 =    -0.3370,     1.2701       
# span 3 =  27.887120,  30.018262       
# span 4 =    -0.3377,     1.2698       
# span 5 =  27.885225,  30.017028       
# span 6 =     4.3209,     8.0937       
# span 7 =     4.3952,     8.1120       
# span 8 =    -0.0184,     1.6729       
# span 9 =    88.0937,    94.7941       
# span 10 = -2.666e-06, 1.0416e+02      
# span 11 =  -64.86254,  -64.86210      
# span 12 =  -63.92198,  -63.92182      
# span 13 = 344.533863, 344.541795      
# span 14 =     -15.27,      99.98      
# span 15 = 3.2444e+02, 3.5786e+02      
# span 16 =    307.734,    993.110      
# span 17 =       7387,      23836      
# span 18 =  1027.1658,  1029.5114      
# span 19 =  1027.1638,  1029.5102      
# span 20 =    33.7839,    34.6318      
# span 21 =    33.7822,    34.6306      
# span 22 =    7.77215,    8.14011      
# span 23 =         11,         51      
# span 24 = 0.0000e+00, 0.0000e+00      
# interval = decibars: 1                
# start_time = Dec 10 2021 12:43:38 [NMEA time, header]
# bad_flag = -9.990e-29
*END*
[from data line 116]
    121.000    119.779     0.2578  28.825436     0.2599  28.826408     5.5823     5.6601     0.0525    94.5947 1.8013e-02  -64.86212  -63.92194 344.537606      99.97 3.5256e+02    631.144      15148  1028.1453  1028.1442    34.3554    34.3542    7.99256         36 0.0000e+00
    122.000    120.770     0.2733  28.843718     0.2732  28.842776     5.5736     5.6545     0.0550    94.6006 1.4404e-02  -64.86212  -63.92194 344.537621      99.97 3.5258e+02    632.474      15180  1028.1540  1028.1531    34.3615    34.3604    7.98900         29 0.0000e+00
    123.000    121.759     0.2759  28.846937     0.2749  28.844658     5.5364     5.6335     0.0473    94.6078 1.1315e-02  -64.86212  -63.92194 344.537634      99.97 3.5258e+02    633.598      15207  1028.1594  1028.1581    34.3622    34.3604    7.98841         25 0.0000e+00
    124.000    122.749     0.2773  28.848693     0.2779  28.847700     5.5252     5.6182     0.0435    94.5925 9.0568e-03  -64.86212  -63.92194 344.537646      99.97 3.5258e+02    634.579      15231  1028.1643  1028.1629    34.3623    34.3604    7.98811         22 0.0000e+00
    125.000    123.739     0.2971  28.868901     0.2984  28.869754     5.5229     5.6171     0.0439    94.5975 6.8432e-03  -64.86212  -63.92194 344.537656      99.97 3.5258e+02    635.480      15253  1028.1708  1028.1703    34.3662    34.3658    7.98380         22 0.0000e+00
    126.000    124.728     0.3045  28.878339     0.3050  28.877654     5.5310     5.6174     0.0508    94.5750 4.8798e-03  -64.86212  -63.92194 344.537666      99.97 3.5258e+02    636.363      15274  1028.1779  1028.1768    34.3697    34.3682    7.98206         21 0.0000e+00
    127.000    125.718     0.2999  28.874781     0.3019  28.875666     5.5363     5.6124     0.0440    94.6078 2.9231e-03  -64.86212  -63.92194 344.537677      99.97 3.5147e+02    637.279      15296  1028.1832  1028.1823    34.3696    34.3686    7.98302         23 0.0000e+00
    128.000    126.706     0.2976  28.872035     0.2967  28.870357     5.5204     5.5991     0.0541    94.5894 9.0940e-04  -64.86212  -63.92194 344.537688      99.97 3.5082e+02    638.261      15319  1028.1871  1028.1861    34.3679    34.3668    7.98359         24 0.0000e+00
    129.000    127.696     0.3085  28.884571     0.3063  28.880425     5.4911     5.5774     0.0630    94.5991 -2.666e-06  -64.86212  -63.92194 344.537700      99.97 3.5081e+02    639.316      15345  1028.1940  1028.1919    34.3716    34.3686    7.98112         26 0.0000e+00
    130.000    128.688     0.3316  28.908632     0.3319  28.907745     5.4873     5.5728     0.0606    94.6074 1.0000e-12  -64.86212  -63.92194 344.537713      99.97 3.5081e+02    640.433      15371  1028.2012  1028.1999    34.3768    34.3753    7.97606         28 0.0000e+00
    131.000    129.675     0.3419  28.922419     0.3414  28.920795     5.4953     5.5761     0.0524    94.6130 1.0000e-12  -64.86212  -63.92195 344.537728      99.97 3.5081e+02    641.704      15402  1028.2102  1028.2090    34.3828    34.3813    7.97359         34 0.0000e+00
    132.000    130.666     0.3401  28.918990     0.3413  28.921396     5.5114     5.5768     0.0616    94.6107 1.0000e-12  -64.86212  -63.92196 344.537752      99.97 3.5081e+02    643.731      15451  1028.2130  1028.2144    34.3797    34.3816    7.97413         42 0.0000e+00
    133.000    131.655     0.3390  28.921163     0.3387  28.919663     5.4929     5.5666     0.0516    94.5572 1.0000e-12  -64.86212  -63.92196 344.537774      99.97 3.5081e+02    645.684      15497  1028.2210  1028.2197    34.3832    34.3816    7.97416         34 0.0000e+00
    134.000    132.645     0.3425  28.925149     0.3419  28.923404     5.4889     5.5646     0.0435    94.6344 1.0000e-12  -64.86212  -63.92196 344.537788      99.97 3.5081e+02    646.867      15526  1028.2261  1028.2249    34.3839    34.3823    7.97340         26 0.0000e+00
    135.000    133.634     0.3455  28.929504     0.3454  28.928304     5.4914     5.5640     0.0355    94.6347 1.0000e-12  -64.86212  -63.92195 344.537799      99.97 3.5014e+02    647.837      15549  1028.2322  1028.2311    34.3857    34.3843    7.97268         21 0.0000e+00
    136.000    134.624     0.3476  28.932534     0.3469  28.930816     5.4770     5.5513     0.0257    94.6150 1.0000e-12  -64.86212  -63.92194 344.537809      99.97 3.4904e+02    648.713      15570  1028.2377  1028.2365    34.3868    34.3852    7.97220         21 0.0000e+00
    137.000    135.614     0.3513  28.937584     0.3487  28.933516     5.4617     5.5375     0.0195    94.6139 1.0000e-12  -64.86212  -63.92194 344.537819      99.97 3.4905e+02    649.545      15590  1028.2438  1028.2420    34.3887    34.3862    7.97133         20 0.0000e+00
    138.000    136.602     0.3605  28.948380     0.3596  28.946116     5.4590     5.5357     0.0338    94.5999 1.0000e-12  -64.86212  -63.92194 344.537828      99.97 3.4905e+02    650.385      15610  1028.2504  1028.2489    34.3920    34.3900    7.96924         20 0.0000e+00
    139.000    137.591     0.3749  28.964348     0.3732  28.961383     5.4447     5.5306     0.0352    94.6325 1.0000e-12  -64.86212  -63.92194 344.537839      99.97 3.4985e+02    651.270      15631  1028.2575  1028.2560    34.3962    34.3943    7.96603         22 0.0000e+00
    140.000    138.583     0.3799  28.970536     0.3795  28.968744     5.4229     5.5130     0.0398    94.6026 1.0000e-12  -64.86212  -63.92194 344.537850      99.97 3.5073e+02    652.252      15655  1028.2634  1028.2620    34.3981    34.3963    7.96489         26 0.0000e+00
    141.000    139.571     0.3857  28.975847     0.3846  28.973570     5.4030     5.5036     0.0473    94.6198 1.0000e-12  -64.86212  -63.92196 344.537863      99.97 3.4967e+02    653.398      15683  1028.2677  1028.2665    34.3980    34.3963    7.96369         29 0.0000e+00
    142.000    140.562     0.3999  28.991198     0.3991  28.989706     5.4043     5.4946     0.0509    94.6322 1.0000e-12  -64.86212  -63.92196 344.537879      99.97 3.4904e+02    654.758      15715  1028.2745  1028.2736    34.4017    34.4006    7.96056         34 0.0000e+00
    143.000    141.550     0.4028  28.994605     0.4026  28.993718     5.4121     5.4879     0.0410    94.5788 1.0000e-12  -64.86212  -63.92196 344.537898      99.97 3.4905e+02    656.394      15754  1028.2798  1028.2790    34.4024    34.4014    7.95993         38 0.0000e+00
    144.000    142.540     0.4068  28.999107     0.4059  28.997786     5.4045     5.4758     0.0404    94.6184 1.0000e-12  -64.86212  -63.92196 344.537919      99.97 3.4905e+02    658.182      15797  1028.2851  1028.2846    34.4032    34.4025    7.95906         39 0.0000e+00
    145.000    143.529     0.4118  29.005200     0.4106  29.003169     5.4007     5.4717     0.0355    94.6414 1.0000e-12  -64.86212  -63.92196 344.537937      99.97 3.4905e+02    659.722      15834  1028.2910  1028.2900    34.4050    34.4036    7.95793         33 0.0000e+00
    146.000    144.520     0.4150  29.009535     0.4136  29.006952     5.3929     5.4601     0.0315    94.6497 1.0000e-12  -64.86212  -63.92196 344.537951      99.97 3.4905e+02    660.974      15864  1028.2969  1028.2955    34.4065    34.4047    7.95719         28 0.0000e+00
    147.000    145.507     0.4229  29.018473     0.4226  29.016871     5.3857     5.4553     0.0280    94.6374 1.0000e-12  -64.86212  -63.92196 344.537963      99.97 3.4870e+02    662.039      15890  1028.3028  1028.3015    34.4087    34.4070    7.95542         23 0.0000e+00
    148.000    146.499     0.4285  29.025799     0.4279  29.024041     5.3850     5.4524     0.0263    94.6266 1.0000e-12  -64.86212  -63.92195 344.537974      99.97 3.4709e+02    662.953      15912  1028.3094  1028.3081    34.4115    34.4099    7.95412         20 0.0000e+00
    149.000    147.487     0.4328  29.030786     0.4325  29.029542     5.3721     5.4470     0.0208    94.6355 1.0000e-12  -64.86212  -63.92194 344.537983      99.97 3.4552e+02    663.750      15931  1028.3148  1028.3138    34.4127    34.4113    7.95318         19 0.0000e+00
    150.000    148.476     0.4375  29.036389     0.4371  29.034985     5.3608     5.4353     0.0184    94.6396 1.0000e-12  -64.86212  -63.92194 344.537992      99.97 3.4552e+02    664.511      15949  1028.3204  1028.3193    34.4142    34.4127    7.95212         18 0.0000e+00
    151.000    149.466     0.4469  29.047367     0.4465  29.046014     5.3488     5.4288     0.0197    94.6235 1.0000e-12  -64.86210  -63.92194 344.538001      99.97 3.4607e+02    665.286      15968  1028.3271  1028.3260    34.4174    34.4161    7.95000         19 0.0000e+00
    152.000    150.457     0.4586  29.061380     0.4584  29.060019     5.3464     5.4253     0.0221    94.6308 1.0000e-12  -64.86210  -63.92194 344.538011      99.97 3.4725e+02    666.160      15989  1028.3346  1028.3334    34.4221    34.4206    7.94734         24 0.0000e+00
    153.000    151.446     0.4650  29.068716     0.4646  29.067280     5.3518     5.4221     0.0357    94.6313 1.0000e-12  -64.86210  -63.92196 344.538025      99.97 3.4729e+02    667.330      16017  1028.3405  1028.3394    34.4239    34.4225    7.94592         31 0.0000e+00
    154.000    152.435     0.4650  29.068810     0.4610  29.064658     5.3531     5.4269     0.0336    94.6256 1.0000e-12  -64.86212  -63.92196 344.538055      99.97 3.4621e+02    669.960      16080  1028.3453  1028.3448    34.4235    34.4226    7.94594         39 0.0000e+00
    155.000    153.424     0.4669  29.071386     0.4641  29.066908     5.3492     5.4205     0.0228    94.6329 1.0000e-12  -64.86210  -63.92196 344.538083      99.97 3.4548e+02    672.370      16138  1028.3505  1028.3486    34.4241    34.4214    7.94552         29 0.0000e+00
    156.000    154.413     0.4689  29.075039     0.4688  29.073682     5.3296     5.4117     0.0205    94.6326 1.0000e-12  -64.86210  -63.92196 344.538094      99.97 3.4495e+02    673.340      16161  1028.3568  1028.3555    34.4261    34.4244    7.94500         22 0.0000e+00
    157.000    155.403     0.4655  29.071014     0.4656  29.070185     5.3272     5.4095     0.0205    94.6188 1.0000e-12  -64.86210  -63.92194 344.538104      99.97 3.4383e+02    674.202      16182  1028.3603  1028.3593    34.4240    34.4228    7.94581         20 0.0000e+00
    158.000    156.393     0.4814  29.089475     0.4812  29.088150     5.3217     5.4041     0.0216    94.6397 1.0000e-12  -64.86210  -63.92194 344.538113      99.97 3.4376e+02    675.004      16201  1028.3684  1028.3671    34.4299    34.4284    7.94223         19 0.0000e+00
    159.000    157.382     0.4827  29.091684     0.4826  29.090446     5.3234     5.3947     0.0286    94.6324 1.0000e-12  -64.86210  -63.92194 344.538123      99.97 3.4376e+02    675.781      16220  1028.3737  1028.3726    34.4307    34.4292    7.94191         18 0.0000e+00
    160.000    158.372     0.4862  29.095582     0.4853  29.093549     5.3130     5.3874     0.0286    94.6164 1.0000e-12  -64.86210  -63.92194 344.538132      99.97 3.4376e+02    676.580      16239  1028.3788  1028.3775    34.4313    34.4297    7.94116         21 0.0000e+00
    161.000    159.362     0.4933  29.103843     0.4934  29.102758     5.3039     5.3805     0.0246    94.6368 1.0000e-12  -64.86210  -63.92194 344.538142      99.97 3.4376e+02    677.475      16260  1028.3848  1028.3835    34.4336    34.4320    7.93957         23 0.0000e+00
    162.000    160.351     0.5029  29.115002     0.5025  29.113257     5.2955     5.3795     0.0255    94.6343 1.0000e-12  -64.86210  -63.92196 344.538155      99.97 3.4376e+02    678.608      16288  1028.3913  1028.3899    34.4368    34.4350    7.93741         33 0.0000e+00
    163.000    161.339     0.5069  29.119077     0.5082  29.120027     5.2850     5.3630     0.0351    94.6265 1.0000e-12  -64.86210  -63.92197 344.538178      99.97 3.4367e+02    680.546      16334  1028.3962  1028.3959    34.4371    34.4369    7.93658         37 0.0000e+00
    164.000    162.330     0.5205  29.133872     0.5207  29.133600     5.2444     5.3331     0.0308    94.6228 1.0000e-12  -64.86210  -63.92197 344.538203      99.97 3.4192e+02    682.764      16387  1028.4029  1028.4024    34.4407    34.4401    7.93360         34 0.0000e+00
    165.000    163.318     0.5300  29.145199     0.5295  29.143839     5.1732     5.2833     0.0248    94.6201 1.0000e-12  -64.86210  -63.92196 344.538218      99.97 3.4145e+02    684.015      16417  1028.4098  1028.4089    34.4443    34.4431    7.93146         29 0.0000e+00
    166.000    164.308     0.5624  29.177510     0.5628  29.176653     5.1493     5.2571     0.0213    94.6149 1.0000e-12  -64.86210  -63.92196 344.538231      99.97 3.4024e+02    685.126      16444  1028.4161  1028.4150    34.4497    34.4482    7.92451         25 0.0000e+00
    167.000    165.298     0.5907  29.210625     0.5906  29.209423     5.1052     5.2229     0.0143    94.6246 1.0000e-12  -64.86210  -63.92196 344.538242      99.97 3.4024e+02    686.146      16469  1028.4275  1028.4264    34.4608    34.4594    7.91811         24 0.0000e+00
    168.000    166.287     0.6003  29.222009     0.6000  29.220505     5.0532     5.1894     0.0143    94.6396 1.0000e-12  -64.86210  -63.92196 344.538253      99.97 3.4024e+02    687.085      16491  1028.4344  1028.4331    34.4643    34.4627    7.91596         21 0.0000e+00
    169.000    167.277     0.6143  29.235388     0.6137  29.233581     5.0350     5.1683     0.0139    94.6261 1.0000e-12  -64.86210  -63.92196 344.538263      99.97 3.4024e+02    687.960      16512  1028.4392  1028.4379    34.4656    34.4639    7.91303         21 0.0000e+00
    170.000    168.266     0.6521  29.276314     0.6524  29.275287     5.0240     5.1483     0.0209    94.6302 1.0000e-12  -64.86210  -63.92196 344.538274      99.97 3.4024e+02    688.844      16533  1028.4493  1028.4478    34.4762    34.4745    7.90474         22 0.0000e+00
    171.000    169.255     0.6631  29.289698     0.6632  29.288228     5.0097     5.1322     0.0150    94.6153 1.0000e-12  -64.86210  -63.92196 344.538285      99.97 3.4024e+02    689.863      16558  1028.4570  1028.4554    34.4807    34.4787    7.90224         28 0.0000e+00
    172.000    170.245     0.6889  29.315318     0.6897  29.316457     5.0005     5.1158     0.0153    94.6592 1.0000e-12  -64.86210  -63.92196 344.538301      99.97 3.4024e+02    691.212      16590  1028.4632  1028.4635    34.4848    34.4853    7.89678         37 0.0000e+00
    173.000    171.233     0.7123  29.342557     0.7110  29.340786     5.0020     5.1039     0.0213    94.6655 1.0000e-12  -64.86210  -63.92196 344.538319      99.97 3.3952e+02    692.771      16628  1028.4734  1028.4728    34.4936    34.4927    7.89154         35 0.0000e+00
    174.000    172.225     0.7208  29.352431     0.7202  29.351151     5.0104     5.1018     0.0162    94.6654 1.0000e-12  -64.86210  -63.92196 344.538335      99.97 3.3845e+02    694.126      16660  1028.4801  1028.4794    34.4964    34.4954    7.88966         30 0.0000e+00
    175.000    173.212     0.7217  29.353793     0.7204  29.351692     5.0082     5.1033     0.0079    94.6654 1.0000e-12  -64.86210  -63.92196 344.538349      99.97 3.3847e+02    695.317      16689  1028.4854  1028.4844    34.4966    34.4952    7.88946         28 0.0000e+00
    176.000    174.202     0.7226  29.355165     0.7221  29.353749     5.0151     5.0957     0.0005    94.6742 1.0000e-12  -64.86210  -63.92196 344.538363      99.97 3.3847e+02    696.560      16718  1028.4905  1028.4895    34.4967    34.4954    7.88926         32 0.0000e+00
    177.000    175.191     0.7228  29.355573     0.7217  29.353623     5.0093     5.0963     0.0157    94.6991 1.0000e-12  -64.86210  -63.92196 344.538378      99.97 3.3847e+02    697.895      16750  1028.4953  1028.4943    34.4964    34.4951    7.88924         32 0.0000e+00
