NBP2113_155081_ctd/data/dnbp2113_026.cnv
* Sea-Bird SBE 9 Data File:
* FileName = D:\Data\raw\NBP2113_026.hex
* Software Version Seasave V 7.26.7.121
* Temperature SN = 2438
* Conductivity SN = 2067
* Number of Bytes Per Scan = 40
* Number of Voltage Words = 5
* Number of Scans Averaged by the Deck Unit = 1
* NMEA Latitude = 68 01.82 S
* NMEA Longitude = 069 17.18 W
* NMEA UTC (Time) = Dec 04 2021  00:09:45
* NMEA baud rate = 9600
** Ship: RVIB N.B. Palmer
** Cruise: NBP2113 LTER
** Station: 200.-040
** Operator: S. Blackman
# nquan = 25
# nvalues = 460                         
# units = specified
# name 0 = prDM: Pressure, Digiquartz [db]
# name 1 = depSM: Depth [salt water, m]
# name 2 = t090C: Temperature [ITS-90, deg C]
# name 3 = c0mS/cm: Conductivity [mS/cm]
# name 4 = t190C: Temperature, 2 [ITS-90, deg C]
# name 5 = c1mS/cm: Conductivity, 2 [mS/cm]
# name 6 = sbeox0ML/L: Oxygen, SBE 43 [ml/l]
# name 7 = sbeox1ML/L: Oxygen, SBE 43, 2 [ml/l]
# name 8 = flECO-AFL: Fluorescence, WET Labs ECO-AFL/FL [mg/m^3]
# name 9 = CStarTr0: Beam Transmission, WET Labs C-Star [%]
# name 10 = par: PAR/Irradiance, Biospherical/Licor
# name 11 = latitude: Latitude [deg]
# name 12 = longitude: Longitude [deg]
# name 13 = timeJ: Julian Days
# name 14 = altM: Altimeter [m]
# name 15 = spar: SPAR, Biospherical/Licor
# name 16 = timeS: Time, Elapsed [seconds]
# name 17 = scan: Scan Count
# name 18 = density00: Density [density, kg/m^3]
# name 19 = density11: Density, 2 [density, kg/m^3]
# name 20 = sal00: Salinity, Practical [PSU]
# name 21 = sal11: Salinity, Practical, 2 [PSU]
# name 22 = oxsolML/L: Oxygen Saturation, Garcia & Gordon [ml/l]
# name 23 = nbin: number of scans per bin
# name 24 = flag: flag
# span 0 =      4.000,    463.000       
# span 1 =      3.960,    457.853       
# span 2 =    -1.2277,     1.3992       
# span 3 =  27.186184,  30.200971       
# span 4 =    -1.2269,     1.3987       
# span 5 =  27.184535,  30.199674       
# span 6 =     4.0084,     8.3591       
# span 7 =     4.0520,     8.3696       
# span 8 =    -0.0191,     2.3507       
# span 9 =    88.6985,    96.9034       
# span 10 = 1.0000e-12, 7.1997e+01      
# span 11 =  -68.03038,  -68.02984      
# span 12 =  -69.28797,  -69.28596      
# span 13 = 338.010309, 338.019699      
# span 14 =       1.07,     128.98      
# span 15 = 1.5965e+02, 2.0626e+02      
# span 16 =    305.716,   1116.976      
# span 17 =       7338,      26808      
# span 18 =  1027.1948,  1029.9497      
# span 19 =  1027.1930,  1029.9485      
# span 20 =    33.7958,    34.6921      
# span 21 =    33.7935,    34.6908      
# span 22 =    7.74355,    8.34047      
# span 23 =         10,         45      
# span 24 = 0.0000e+00, 0.0000e+00      
# interval = decibars: 1                
# start_time = Dec 04 2021 00:09:45 [NMEA time, header]
# bad_flag = -9.990e-29
*END*
[from data line 406]
    410.000    405.496     1.3885  30.183040     1.3889  30.182443     4.0184     4.0653    -0.0014    96.8300 1.0000e-12  -68.02996  -69.28732 338.018094      61.94 1.6749e+02    978.347      23481  1029.6963  1029.6953    34.6868    34.6857    7.74580         21 0.0000e+00
    411.000    406.486     1.3889  30.183529     1.3889  30.182614     4.0234     4.0656    -0.0061    96.8367 1.0000e-12  -68.02996  -69.28735 338.018111      58.66 1.6747e+02    979.814      23517  1029.7007  1029.6998    34.6865    34.6854    7.74575         29 0.0000e+00
    412.000    407.471     1.3884  30.183521     1.3881  30.182481     4.0225     4.0651    -0.0087    96.8542 1.0000e-12  -68.02996  -69.28740 338.018148      56.62 1.6747e+02    983.002      23593  1029.7054  1029.7046    34.6865    34.6854    7.74585         38 0.0000e+00
    413.000    408.461     1.3909  30.186461     1.3907  30.185744     4.0213     4.0652    -0.0075    96.8491 1.0000e-12  -68.02994  -69.28742 338.018166      56.32 1.6747e+02    984.526      23630  1029.7101  1029.7096    34.6868    34.6862    7.74533         30 0.0000e+00
    414.000    409.448     1.3956  30.191786     1.3950  30.190657     4.0162     4.0596    -0.0089    96.8734 1.0000e-12  -68.02994  -69.28742 338.018181      55.22 1.6747e+02    985.830      23661  1029.7152  1029.7146    34.6879    34.6871    7.74435         30 0.0000e+00
    415.000    410.436     1.3967  30.193587     1.3968  30.192973     4.0197     4.0581    -0.0119    96.8730 1.0000e-12  -68.02994  -69.28741 338.018194      55.61 1.6747e+02    986.989      23689  1029.7202  1029.7194    34.6884    34.6875    7.74411         26 0.0000e+00
    416.000    411.423     1.3975  30.195203     1.3980  30.194842     4.0090     4.0647    -0.0084    96.8607 1.0000e-12  -68.02995  -69.28740 338.018206      54.12 1.6747e+02    988.006      23713  1029.7253  1029.7244    34.6890    34.6880    7.74392         24 0.0000e+00
    417.000    412.412     1.3992  30.197667     1.3987  30.196369     4.0084     4.0603    -0.0125    96.8907 1.0000e-12  -68.02996  -69.28738 338.018218      52.77 1.6747e+02    989.068      23739  1029.7304  1029.7295    34.6897    34.6886    7.74355         29 0.0000e+00
    418.000    413.401     1.3983  30.197251     1.3967  30.194942     4.0164     4.0611    -0.0065    96.8646 1.0000e-12  -68.02995  -69.28740 338.018247      51.29 1.6747e+02    991.537      23798  1029.7351  1029.7343    34.6895    34.6884    7.74372         40 0.0000e+00
    419.000    414.386     1.3922  30.192119     1.3919  30.191132     4.0244     4.0583    -0.0124    96.8817 1.0000e-12  -68.02994  -69.28744 338.018290      49.76 1.6747e+02    995.291      23888  1029.7402  1029.7394    34.6892    34.6882    7.74495         32 0.0000e+00
    420.000    415.376     1.3907  30.191331     1.3902  30.189971     4.0204     4.0612    -0.0008    96.8533 1.0000e-12  -68.02994  -69.28744 338.018301      49.58 1.6747e+02    996.180      23909  1029.7450  1029.7442    34.6892    34.6881    7.74524         20 0.0000e+00
    421.000    416.367     1.3907  30.191809     1.3904  30.190690     4.0199     4.0631    -0.0004    96.8652 1.0000e-12  -68.02994  -69.28744 338.018309      48.56 1.6747e+02    996.886      23926  1029.7498  1029.7489    34.6893    34.6882    7.74524         16 0.0000e+00
    422.000    417.350     1.3887  30.190652     1.3891  30.190187     4.0172     4.0646    -0.0075    96.7934 1.0000e-12  -68.02994  -69.28744 338.018316      48.11 1.6747e+02    997.544      23942  1029.7548  1029.7539    34.6895    34.6884    7.74563         16 0.0000e+00
    423.000    418.340     1.3857  30.188862     1.3854  30.187779     4.0200     4.0630    -0.0067    96.7555 1.0000e-12  -68.02994  -69.28746 338.018325      47.53 1.6747e+02    998.276      23960  1029.7602  1029.7593    34.6899    34.6888    7.74619         20 0.0000e+00
    424.000    419.328     1.3852  30.188863     1.3847  30.187543     4.0244     4.0625    -0.0064    96.7943 1.0000e-12  -68.02994  -69.28747 338.018346      45.69 1.6747e+02   1000.103      24003  1029.7648  1029.7639    34.6899    34.6887    7.74629         40 0.0000e+00
    425.000    420.316     1.3859  30.189786     1.3859  30.189147     4.0097     4.0600    -0.0078    96.7710 1.0000e-12  -68.02994  -69.28748 338.018376      43.97 1.6747e+02   1002.706      24066  1029.7693  1029.7685    34.6898    34.6889    7.74617         33 0.0000e+00
    426.000    421.303     1.3845  30.189041     1.3832  30.187231     4.0097     4.0589    -0.0074    96.8210 1.0000e-12  -68.02994  -69.28747 338.018389      43.91 1.6747e+02   1003.839      24093  1029.7741  1029.7735    34.6898    34.6889    7.74644         27 0.0000e+00
    427.000    422.292     1.3841  30.189204     1.3829  30.187457     4.0181     4.0612    -0.0070    96.8000 1.0000e-12  -68.02994  -69.28746 338.018403      43.06 1.6747e+02   1005.000      24121  1029.7789  1029.7783    34.6898    34.6889    7.74651         31 0.0000e+00
    428.000    423.279     1.3774  30.183870     1.3761  30.181460     4.0221     4.0634    -0.0044    96.7875 1.0000e-12  -68.02993  -69.28748 338.018427      41.27 1.6719e+02   1007.056      24170  1029.7842  1029.7831    34.6898    34.6882    7.74782         36 0.0000e+00
    429.000    424.268     1.3741  30.181259     1.3736  30.179837     4.0196     4.0639    -0.0072    96.8100 1.0000e-12  -68.02992  -69.28751 338.018455      41.08 1.6568e+02   1009.542      24230  1029.7890  1029.7881    34.6896    34.6883    7.74849         41 0.0000e+00
    430.000    425.255     1.3741  30.181380     1.3736  30.180222     4.0165     4.0653    -0.0052    96.8051 1.0000e-12  -68.02992  -69.28753 338.018472      39.91 1.6571e+02   1011.022      24266  1029.7933  1029.7926    34.6892    34.6883    7.74851         30 0.0000e+00
    431.000    426.243     1.3743  30.181872     1.3737  30.180763     4.0183     4.0671    -0.0001    96.8043 1.0000e-12  -68.02992  -69.28754 338.018487      38.54 1.6571e+02   1012.249      24295  1029.7979  1029.7973    34.6890    34.6883    7.74849         30 0.0000e+00
    432.000    427.232     1.3740  30.182187     1.3734  30.180878     4.0278     4.0641    -0.0102    96.7880 1.0000e-12  -68.02992  -69.28754 338.018500      37.64 1.6571e+02   1013.428      24323  1029.8027  1029.8019    34.6892    34.6881    7.74854         28 0.0000e+00
    433.000    428.220     1.3738  30.182472     1.3733  30.181207     4.0213     4.0644    -0.0101    96.7846 1.0000e-12  -68.02992  -69.28754 338.018514      37.04 1.6571e+02   1014.633      24352  1029.8073  1029.8065    34.6891    34.6881    7.74857         30 0.0000e+00
    434.000    429.206     1.3735  30.182373     1.3730  30.181149     4.0248     4.0629    -0.0066    96.7772 1.0000e-12  -68.02992  -69.28754 338.018530      36.12 1.6571e+02   1015.995      24385  1029.8117  1029.8109    34.6888    34.6878    7.74865         37 0.0000e+00
    435.000    430.196     1.3734  30.182872     1.3734  30.181855     4.0160     4.0586    -0.0051    96.7793 1.0000e-12  -68.02992  -69.28754 338.018551      34.94 1.6571e+02   1017.817      24429  1029.8165  1029.8155    34.6890    34.6877    7.74866         42 0.0000e+00
    436.000    431.183     1.3738  30.183753     1.3737  30.182714     4.0240     4.0611    -0.0111    96.7689 1.0000e-12  -68.02990  -69.28755 338.018575      33.64 1.6571e+02   1019.849      24477  1029.8212  1029.8203    34.6891    34.6879    7.74858         43 0.0000e+00
    437.000    432.171     1.3743  30.184835     1.3741  30.183732     4.0159     4.0639    -0.0053    96.7724 1.0000e-12  -68.02990  -69.28757 338.018595      33.31 1.6571e+02   1021.624      24520  1029.8261  1029.8251    34.6894    34.6882    7.74847         40 0.0000e+00
    438.000    433.159     1.3746  30.185707     1.3743  30.184404     4.0177     4.0632    -0.0105    96.7867 1.0000e-12  -68.02990  -69.28760 338.018616      31.83 1.6571e+02   1023.433      24563  1029.8308  1029.8299    34.6895    34.6882    7.74839         37 0.0000e+00
    439.000    434.147     1.3747  30.185968     1.3743  30.184864     4.0169     4.0630    -0.0058    96.7644 1.0000e-12  -68.02990  -69.28760 338.018635      31.06 1.6571e+02   1025.054      24602  1029.8352  1029.8346    34.6892    34.6883    7.74839         33 0.0000e+00
    440.000    435.133     1.3777  30.189327     1.3762  30.187189     4.0171     4.0608     0.0009    96.7668 1.0000e-12  -68.02990  -69.28760 338.018648      30.33 1.6571e+02   1026.176      24629  1029.8399  1029.8392    34.6896    34.6885    7.74779         23 0.0000e+00
    441.000    436.126     1.3816  30.193275     1.3790  30.190059     4.0190     4.0608     0.0139    96.7951 1.0000e-12  -68.02990  -69.28760 338.018657      29.53 1.6571e+02   1027.002      24649  1029.8444  1029.8436    34.6898    34.6886    7.74701         17 0.0000e+00
    442.000    437.108     1.3801  30.192270     1.3789  30.190450     4.0154     4.0593     0.0065    96.7855 1.0000e-12  -68.02990  -69.28760 338.018666      28.46 1.6571e+02   1027.729      24667  1029.8490  1029.8483    34.6896    34.6885    7.74732         18 0.0000e+00
    443.000    438.099     1.3772  30.190259     1.3766  30.188732     4.0180     4.0580    -0.0007    96.7469 1.0000e-12  -68.02990  -69.28761 338.018676      27.43 1.6571e+02   1028.632      24688  1029.8541  1029.8531    34.6896    34.6883    7.74787         27 0.0000e+00
    444.000    439.086     1.3767  30.190162     1.3766  30.188996     4.0158     4.0619    -0.0100    96.7845 1.0000e-12  -68.02990  -69.28764 338.018720      26.21 1.6571e+02   1032.372      24778  1029.8586  1029.8576    34.6894    34.6881    7.74798         33 0.0000e+00
    445.000    440.074     1.3774  30.191154     1.3771  30.190107     4.0220     4.0622    -0.0061    96.7689 1.0000e-12  -68.02990  -69.28763 338.018744      25.34 1.6571e+02   1034.527      24830  1029.8633  1029.8625    34.6894    34.6884    7.74786         34 0.0000e+00
    446.000    441.062     1.3763  30.190508     1.3747  30.188299     4.0245     4.0634    -0.0007    96.7654 1.0000e-12  -68.02990  -69.28763 338.018759      24.26 1.6571e+02   1035.751      24859  1029.8679  1029.8672    34.6892    34.6882    7.74808         27 0.0000e+00
    447.000    442.050     1.3751  30.190540     1.3747  30.189424     4.0220     4.0617    -0.0123    96.7758 1.0000e-12  -68.02990  -69.28763 338.018771      23.88 1.6445e+02   1036.831      24885  1029.8733  1029.8726    34.6900    34.6890    7.74827         25 0.0000e+00
    448.000    443.037     1.3758  30.191768     1.3752  30.190491     4.0197     4.0583    -0.0007    96.7445 1.0000e-12  -68.02990  -69.28765 338.018784      22.65 1.6395e+02   1037.917      24911  1029.8781  1029.8774    34.6902    34.6893    7.74812         27 0.0000e+00
    449.000    444.026     1.3760  30.192531     1.3756  30.191586     4.0247     4.0601     0.0008    96.7484 1.0000e-12  -68.02990  -69.28766 338.018797      21.62 1.6395e+02   1039.074      24939  1029.8829  1029.8823    34.6904    34.6896    7.74808         29 0.0000e+00
    450.000    445.015     1.3772  30.194530     1.3768  30.193357     4.0175     4.0609    -0.0041    96.7651 1.0000e-12  -68.02990  -69.28766 338.018812      20.67 1.6395e+02   1040.360      24970  1029.8880  1029.8871    34.6911    34.6900    7.74781         34 0.0000e+00
    451.000    446.003     1.3777  30.195590     1.3771  30.193930     4.0193     4.0598    -0.0040    96.7704 1.0000e-12  -68.02989  -69.28769 338.018834      19.46 1.6395e+02   1042.258      25015  1029.8928  1029.8916    34.6913    34.6898    7.74770         41 0.0000e+00
    452.000    446.989     1.3773  30.195798     1.3774  30.194888     4.0157     4.0607    -0.0093    96.7664 1.0000e-12  -68.02988  -69.28771 338.018864      18.36 1.6395e+02   1044.805      25076  1029.8976  1029.8966    34.6914    34.6902    7.74776         35 0.0000e+00
    453.000    447.976     1.3773  30.195905     1.3770  30.194805     4.0146     4.0599    -0.0026    96.7518 1.0000e-12  -68.02988  -69.28771 338.018896      17.31 1.6395e+02   1047.611      25144  1029.9020  1029.9012    34.6910    34.6900    7.74779         38 0.0000e+00
    454.000    448.965     1.3793  30.198311     1.3783  30.196678     4.0162     4.0601    -0.0069    96.7660 1.0000e-12  -68.02988  -69.28770 338.018910      16.45 1.6395e+02   1048.814      25173  1029.9067  1029.9060    34.6912    34.6903    7.74737         26 0.0000e+00
    455.000    449.953     1.3804  30.199959     1.3802  30.199069     4.0143     4.0568    -0.0074    96.7444 1.0000e-12  -68.02988  -69.28770 338.018923      15.80 1.6395e+02   1049.927      25199  1029.9115  1029.9108    34.6916    34.6906    7.74714         30 0.0000e+00
    456.000    450.938     1.3784  30.199100     1.3780  30.197642     4.0196     4.0566    -0.0077    96.7671 1.0000e-12  -68.02988  -69.28772 338.018945      14.46 1.6395e+02   1051.884      25246  1029.9168  1029.9158    34.6921    34.6907    7.74751         31 0.0000e+00
    457.000    451.928     1.3769  30.198025     1.3765  30.196943     4.0138     4.0520    -0.0072    96.7740 1.0000e-12  -68.02988  -69.28773 338.018968      13.65 1.6395e+02   1053.862      25294  1029.9215  1029.9207    34.6919    34.6908    7.74782         32 0.0000e+00
    458.000    452.915     1.3772  30.198709     1.3767  30.197529     4.0121     4.0529    -0.0070    96.7287 1.0000e-12  -68.02988  -69.28774 338.018980      12.92 1.6395e+02   1054.901      25319  1029.9261  1029.9253    34.6918    34.6908    7.74776         22 0.0000e+00
    459.000    453.904     1.3773  30.199267     1.3767  30.197968     4.0105     4.0607    -0.0048    96.7439 1.0000e-12  -68.02988  -69.28774 338.019000      11.86 1.6395e+02   1056.613      25360  1029.9307  1029.9300    34.6918    34.6908    7.74774         28 0.0000e+00
    460.000    454.891     1.3785  30.200557     1.3781  30.199558     4.0133     4.0540     0.0022    96.7496 1.0000e-12  -68.02988  -69.28776 338.019075      11.05 1.6395e+02   1063.044      25514  1029.9351  1029.9345    34.6915    34.6908    7.74752         17 0.0000e+00
    461.000    455.881     1.3784  30.200971     1.3777  30.199674     4.0113     4.0560     0.0015    96.7392 1.0000e-12  -68.02988  -69.28776 338.019083       9.99 1.6395e+02   1063.773      25532  1029.9399  1029.9392    34.6916    34.6907    7.74754         19 0.0000e+00
    462.000    456.868     1.3774  30.200612     1.3770  30.199316     4.0092     4.0563    -0.0020    96.7425 1.0000e-12  -68.02987  -69.28780 338.019223       8.33 1.6274e+02   1075.901      25823  1029.9447  1029.9438    34.6918    34.6905    7.74773         30 0.0000e+00
    463.000    457.853     1.3766  30.200612     1.3764  30.199289     4.0169     4.0563    -0.0068    96.7619 1.0000e-12  -68.02984  -69.28797 338.019699       7.61 1.5965e+02   1116.976      26808  1029.9497  1029.9485    34.6920    34.6906    7.74787         10 0.0000e+00
