NBP2113_155081_ctd/data/dnbp2113_068.cnv
* Sea-Bird SBE 9 Data File:
* FileName = D:\Data\raw\NBP2113_068.hex
* Software Version Seasave V 7.26.7.121
* Temperature SN = 2438
* Conductivity SN = 2067
* Number of Bytes Per Scan = 40
* Number of Voltage Words = 5
* Number of Scans Averaged by the Deck Unit = 1
* NMEA Latitude = 63 34.55 S
* NMEA Longitude = 060 41.64 W
* NMEA UTC (Time) = Dec 15 2021  00:43:21
* NMEA baud rate = 9600
** Ship: RVIB N.B. Palmer
** Cruise: NBP2113 LTER
** Station: 831.-002
** Operator: S. Blackman
# nquan = 25
# nvalues = 568                         
# units = specified
# name 0 = prDM: Pressure, Digiquartz [db]
# name 1 = depSM: Depth [salt water, m]
# name 2 = t090C: Temperature [ITS-90, deg C]
# name 3 = c0mS/cm: Conductivity [mS/cm]
# name 4 = t190C: Temperature, 2 [ITS-90, deg C]
# name 5 = c1mS/cm: Conductivity, 2 [mS/cm]
# name 6 = sbeox0ML/L: Oxygen, SBE 43 [ml/l]
# name 7 = sbeox1ML/L: Oxygen, SBE 43, 2 [ml/l]
# name 8 = flECO-AFL: Fluorescence, WET Labs ECO-AFL/FL [mg/m^3]
# name 9 = CStarTr0: Beam Transmission, WET Labs C-Star [%]
# name 10 = par: PAR/Irradiance, Biospherical/Licor
# name 11 = latitude: Latitude [deg]
# name 12 = longitude: Longitude [deg]
# name 13 = timeJ: Julian Days
# name 14 = altM: Altimeter [m]
# name 15 = spar: SPAR, Biospherical/Licor
# name 16 = timeS: Time, Elapsed [seconds]
# name 17 = scan: Scan Count
# name 18 = density00: Density [density, kg/m^3]
# name 19 = density11: Density, 2 [density, kg/m^3]
# name 20 = sal00: Salinity, Practical [PSU]
# name 21 = sal11: Salinity, Practical, 2 [PSU]
# name 22 = oxsolML/L: Oxygen Saturation, Garcia & Gordon [ml/l]
# name 23 = nbin: number of scans per bin
# name 24 = flag: flag
# span 0 =     10.000,    577.000       
# span 1 =      9.903,    570.606       
# span 2 =    -1.1726,    -0.0686       
# span 3 =  27.762844,  28.423368       
# span 4 =    -1.1746,    -0.0683       
# span 5 =  27.761619,  28.421867       
# span 6 =     6.6899,     7.5247       
# span 7 =     6.7776,     7.5859       
# span 8 =    -0.0142,     1.5655       
# span 9 =    82.7854,    89.7946       
# span 10 = -5.999e-05, 7.5567e+00      
# span 11 =  -63.57604,  -63.57544      
# span 12 =  -60.69408,  -60.69382      
# span 13 = 349.034353, 349.044955      
# span 14 =       9.19,     100.12      
# span 15 = 2.4678e+01, 4.4094e+01      
# span 16 =    367.091,   1283.137      
# span 17 =       8811,      30796      
# span 18 =  1027.5408,  1030.5115      
# span 19 =  1027.5382,  1030.5092      
# span 20 =    34.2320,    34.5049      
# span 21 =    34.2294,    34.5027      
# span 22 =    8.06780,    8.29064      
# span 23 =         14,         47      
# span 24 = 0.0000e+00, 0.0000e+00      
# interval = decibars: 1                
# start_time = Dec 15 2021 00:43:21 [NMEA time, header]
# bad_flag = -9.990e-29
*END*
[from data line 58]
     68.000     67.329    -0.2264  28.338109    -0.2258  28.336613     7.4473     7.5317     1.0670    84.7372 1.0000e-12  -63.57602  -60.69402 349.036257      99.97 4.0546e+01    531.569      12759  1027.8656  1027.8636    34.2847    34.2822    8.09821         39 0.0000e+00
     69.000     68.319    -0.2510  28.321560    -0.2482  28.321696     7.4348     7.5278     0.9795    84.7779 1.0000e-12  -63.57602  -60.69402 349.036270      99.97 4.0546e+01    532.735      12787  1027.8762  1027.8737    34.2898    34.2868    8.10316         25 0.0000e+00
     70.000     69.312    -0.2719  28.306476    -0.2692  28.306951     7.4335     7.5199     0.9516    84.9530 1.0000e-12  -63.57602  -60.69404 349.036292      99.97 3.8896e+01    534.633      12832  1027.8845  1027.8825    34.2925    34.2902    8.10744         38 0.0000e+00
     71.000     70.300    -0.3097  28.280444    -0.3117  28.276842     7.4112     7.4912     1.0255    85.3429 1.0000e-12  -63.57600  -60.69407 349.036346      99.97 3.8784e+01    539.271      12943  1027.8972  1027.8953    34.2998    34.2972    8.11509         47 0.0000e+00
     72.000     71.289    -0.3344  28.262293    -0.3341  28.260600     7.4046     7.4903     0.8678    85.5409 1.0000e-12  -63.57600  -60.69407 349.036374      99.97 3.8783e+01    541.681      13001  1027.9056  1027.9034    34.3027    34.3001    8.12018         36 0.0000e+00
     73.000     72.278    -0.3401  28.259056    -0.3389  28.258178     7.4105     7.4896     0.8030    86.0416 1.0000e-12  -63.57600  -60.69406 349.036409      99.97 3.8783e+01    544.700      13074  1027.9114  1027.9092    34.3042    34.3016    8.12132         38 0.0000e+00
     74.000     73.270    -0.3574  28.247113    -0.3529  28.248470     7.3903     7.4765     0.7036    86.3298 1.0000e-12  -63.57600  -60.69408 349.036433      99.97 3.8783e+01    546.801      13124  1027.9194  1027.9165    34.3072    34.3039    8.12485         45 0.0000e+00
     75.000     74.258    -0.3958  28.221124    -0.4003  28.216140     7.3613     7.4582     0.7173    86.4561 1.0000e-12  -63.57600  -60.69406 349.036472      99.97 3.8783e+01    550.140      13204  1027.9328  1027.9319    34.3150    34.3134    8.13259         35 0.0000e+00
     76.000     75.249    -0.4218  28.202962    -0.4213  28.201589     7.3688     7.4545     0.5686    86.7659 1.0000e-12  -63.57600  -60.69406 349.036489      99.92 3.8783e+01    551.628      13240  1027.9427  1027.9408    34.3194    34.3171    8.13791         33 0.0000e+00
     77.000     76.238    -0.4415  28.190406    -0.4414  28.188627     7.3593     7.4445     0.5525    86.9357 1.0000e-12  -63.57599  -60.69406 349.036539      70.75 3.8783e+01    555.933      13343  1027.9522  1027.9502    34.3242    34.3218    8.14185         33 0.0000e+00
     78.000     77.230    -0.4992  28.151214    -0.4970  28.151221     7.3644     7.4242     0.4328    87.1267 1.0000e-12  -63.57598  -60.69405 349.036570      99.42 3.8783e+01    558.630      13408  1027.9701  1027.9680    34.3362    34.3338    8.15355         26 0.0000e+00
     79.000     78.219    -0.5170  28.135926    -0.5177  28.134250     7.3589     7.4283     0.4353    87.3810 1.0000e-12  -63.57598  -60.69404 349.036588      99.97 3.8783e+01    560.187      13445  1027.9752  1027.9739    34.3353    34.3338    8.15744         36 0.0000e+00
     80.000     79.209    -0.5163  28.137817    -0.5236  28.130186     7.3365     7.4234     0.4039    87.6803 1.0000e-12  -63.57598  -60.69404 349.036630      99.97 3.8783e+01    563.819      13533  1027.9797  1027.9786    34.3364    34.3344    8.15723         34 0.0000e+00
     81.000     80.193    -0.5334  28.125399    -0.5353  28.122618     7.3565     7.4335     0.4012    87.8610 1.0000e-12  -63.57598  -60.69404 349.036668      99.97 3.8783e+01    567.094      13611  1027.9865  1027.9852    34.3384    34.3368    8.16078         23 0.0000e+00
     82.000     81.189    -0.5480  28.114468    -0.5471  28.113614     7.3924     7.4422     0.3477    87.8711 1.0000e-12  -63.57597  -60.69402 349.036701      99.97 3.8783e+01    569.973      13680  1027.9930  1027.9910    34.3396    34.3374    8.16386         39 0.0000e+00
     83.000     82.178    -0.5662  28.101589    -0.5657  28.100107     7.3880     7.4495     0.3165    87.9728 1.0000e-12  -63.57596  -60.69402 349.036719      99.97 3.8783e+01    571.560      13718  1028.0009  1027.9988    34.3423    34.3398    8.16763         37 0.0000e+00
     84.000     83.165    -0.5687  28.100256    -0.5706  28.097438     7.3508     7.4336     0.3641    88.0056 1.0000e-12  -63.57596  -60.69403 349.036753      99.97 3.8783e+01    574.477      13788  1028.0057  1028.0045    34.3427    34.3411    8.16814         28 0.0000e+00
     85.000     84.157    -0.6352  28.057006    -0.6347  28.054529     7.2373     7.3562     0.3229    88.0509 1.0000e-12  -63.57596  -60.69403 349.036805      99.97 3.8783e+01    578.923      13895  1028.0283  1028.0249    34.3592    34.3553    8.18155         35 0.0000e+00
     86.000     85.149    -0.6733  28.028599    -0.6729  28.027232     7.2419     7.3547     0.2616    88.1117 1.0000e-12  -63.57596  -60.69402 349.036819      99.97 3.8783e+01    580.149      13925  1028.0387  1028.0368    34.3634    34.3612    8.18953         29 0.0000e+00
     87.000     86.137    -0.6774  28.025853    -0.6741  28.027020     7.2639     7.3492     0.2622    88.2229 1.0000e-12  -63.57596  -60.69403 349.036839      99.97 3.8783e+01    581.925      13967  1028.0435  1028.0413    34.3638    34.3616    8.19041         34 0.0000e+00
     88.000     87.127    -0.6765  28.028238    -0.6675  28.033109     7.2608     7.3495     0.3062    88.2046 1.0000e-12  -63.57596  -60.69404 349.036906      99.97 3.8783e+01    587.643      14104  1028.0482  1028.0446    34.3654    34.3618    8.19012         27 0.0000e+00
     89.000     88.119    -0.6841  28.022898    -0.6833  28.021891     7.2673     7.3530     0.2409    88.3317 1.0000e-12  -63.57596  -60.69404 349.036916      99.97 3.8783e+01    588.530      14126  1028.0541  1028.0522    34.3662    34.3640    8.19172         25 0.0000e+00
     90.000     89.107    -0.6796  28.027013    -0.6837  28.022013     7.2649     7.3441     0.2698    88.3564 1.0000e-12  -63.57595  -60.69404 349.036955      99.97 3.8783e+01    591.912      14207  1028.0579  1028.0565    34.3660    34.3639    8.19075         39 0.0000e+00
     91.000     90.098    -0.6899  28.020137    -0.6898  28.018418     7.2630     7.3350     0.2529    88.3960 1.0000e-12  -63.57594  -60.69404 349.036985      99.97 3.8783e+01    594.480      14269  1028.0648  1028.0627    34.3679    34.3654    8.19289         37 0.0000e+00
     92.000     91.088    -0.6948  28.017210    -0.6953  28.015278     7.2527     7.3263     0.2570    88.4377 1.0000e-12  -63.57594  -60.69404 349.037016      99.97 3.8365e+01    597.157      14333  1028.0704  1028.0687    34.3688    34.3667    8.19389         35 0.0000e+00
     93.000     92.077    -0.7003  28.014191    -0.6998  28.012904     7.2366     7.3221     0.2429    88.4532 1.0000e-12  -63.57594  -60.69404 349.037050      99.97 3.7218e+01    600.116      14404  1028.0766  1028.0746    34.3704    34.3680    8.19499         35 0.0000e+00
     94.000     93.062    -0.7016  28.014053    -0.7010  28.012667     7.2375     7.3205     0.2275    88.4882 1.0000e-12  -63.57594  -60.69404 349.037079      99.97 3.7015e+01    602.592      14463  1028.0818  1028.0797    34.3710    34.3685    8.19524         33 0.0000e+00
     95.000     94.056    -0.7019  28.014461    -0.7015  28.013021     7.2438     7.3238     0.2155    88.5085 1.0000e-12  -63.57594  -60.69404 349.037106      99.97 3.7021e+01    604.965      14520  1028.0867  1028.0847    34.3713    34.3689    8.19528         36 0.0000e+00
     96.000     95.047    -0.7014  28.015359    -0.7013  28.013664     7.2341     7.3151     0.2383    88.5095 1.0000e-12  -63.57593  -60.69403 349.037152      99.97 3.7021e+01    608.968      14616  1028.0914  1028.0895    34.3714    34.3689    8.19518         33 0.0000e+00
     97.000     96.036    -0.7043  28.014008    -0.7040  28.012553     7.2392     7.3105     0.2193    88.4927 1.0000e-12  -63.57592  -60.69402 349.037182      99.97 3.7021e+01    611.499      14677  1028.0969  1028.0951    34.3721    34.3698    8.19575         31 0.0000e+00
     98.000     97.026    -0.7047  28.014225    -0.7044  28.012711     7.2329     7.3079     0.2077    88.4922 1.0000e-12  -63.57592  -60.69401 349.037196      99.97 3.7021e+01    612.716      14706  1028.1019  1028.0999    34.3723    34.3700    8.19583         31 0.0000e+00
     99.000     98.018    -0.7040  28.015185    -0.7036  28.013774     7.2382     7.3055     0.2613    88.4878 1.0000e-12  -63.57592  -60.69400 349.037246      99.97 3.7021e+01    617.026      14810  1028.1064  1028.1044    34.3722    34.3698    8.19569         36 0.0000e+00
    100.000     99.006    -0.7048  28.015260    -0.7044  28.013847     7.2236     7.2995     0.2473    88.5047 1.0000e-12  -63.57592  -60.69400 349.037276      99.97 3.7021e+01    619.677      14873  1028.1115  1028.1096    34.3725    34.3702    8.19583         40 0.0000e+00
    101.000     99.998    -0.7074  28.014241    -0.7088  28.011882     7.2181     7.3032     0.2547    88.5160 1.0000e-12  -63.57592  -60.69400 349.037304      99.97 3.7021e+01    622.067      14931  1028.1172  1028.1160    34.3735    34.3719    8.19635         29 0.0000e+00
    102.000    100.985    -0.7146  28.009896    -0.7145  28.008302     7.1937     7.2771     0.2832    88.5474 1.0000e-12  -63.57590  -60.69400 349.037349      99.97 3.6292e+01    625.931      15023  1028.1239  1028.1221    34.3752    34.3730    8.19781         30 0.0000e+00
    103.000    101.975    -0.7249  28.003842    -0.7243  28.002519     7.1917     7.2650     0.2322    88.5571 1.0000e-12  -63.57590  -60.69398 349.037370      99.97 3.5308e+01    627.804      15068  1028.1317  1028.1297    34.3781    34.3757    8.19988         40 0.0000e+00
    104.000    102.964    -0.7329  27.998098    -0.7332  27.996193     7.1950     7.2701     0.2515    88.5644 1.0000e-12  -63.57590  -60.69398 349.037393      99.97 3.5258e+01    629.786      15116  1028.1375  1028.1357    34.3789    34.3766    8.20157         46 0.0000e+00
    105.000    103.956    -0.7311  27.999668    -0.7326  27.997078     7.1916     7.2708     0.2563    88.5705 1.0000e-12  -63.57589  -60.69399 349.037442      99.97 3.5258e+01    633.993      15217  1028.1415  1028.1402    34.3783    34.3765    8.20121         29 0.0000e+00
    106.000    104.943    -0.7353  27.997535    -0.7354  27.995507     7.1902     7.2614     0.1921    88.5870 1.0000e-12  -63.57588  -60.69398 349.037486      99.97 3.5258e+01    637.780      15308  1028.1475  1028.1454    34.3796    34.3770    8.20205         28 0.0000e+00
    107.000    105.935    -0.7364  27.996918    -0.7364  27.995220     7.1947     7.2623     0.1714    88.5822 1.0000e-12  -63.57588  -60.69397 349.037498      99.97 3.5258e+01    638.802      15332  1028.1522  1028.1502    34.3794    34.3770    8.20231         25 0.0000e+00
    108.000    106.924    -0.7398  27.994842    -0.7395  27.993365     7.1897     7.2681     0.1939    88.5985 1.0000e-12  -63.57588  -60.69397 349.037511      99.97 3.5258e+01    639.944      15360  1028.1575  1028.1555    34.3798    34.3774    8.20302         33 0.0000e+00
    109.000    107.914    -0.7389  27.995846    -0.7386  27.994273     7.1806     7.2481     0.2132    88.6159 1.0000e-12  -63.57588  -60.69399 349.037556      99.96 3.5258e+01    643.854      15453  1028.1619  1028.1598    34.3795    34.3770    8.20284         34 0.0000e+00
    110.000    108.902    -0.7525  27.987584    -0.7504  27.987176     7.1604     7.2282     0.2296    88.6131 1.0000e-12  -63.57586  -60.69397 349.037588      99.97 3.5258e+01    646.618      15520  1028.1704  1028.1680    34.3832    34.3803    8.20557         27 0.0000e+00
    111.000    109.894    -0.7709  27.974100    -0.7700  27.973078     7.1527     7.2267     0.1943    88.6268 1.0000e-12  -63.57586  -60.69396 349.037598      99.96 3.5258e+01    647.492      15541  1028.1782  1028.1762    34.3853    34.3828    8.20946         19 0.0000e+00
    112.000    110.883    -0.7709  27.974151    -0.7713  27.972295     7.1504     7.2323     0.1682    88.6278 1.0000e-12  -63.57586  -60.69396 349.037607      99.97 3.5258e+01    648.231      15559  1028.1825  1028.1808    34.3847    34.3827    8.20949         17 0.0000e+00
    113.000    111.874    -0.7799  27.968310    -0.7796  27.966846     7.1471     7.2339     0.1632    88.6156 1.0000e-12  -63.57586  -60.69396 349.037615      99.97 3.5258e+01    648.938      15576  1028.1891  1028.1873    34.3864    34.3840    8.21134         18 0.0000e+00
    114.000    112.862    -0.7811  27.968013    -0.7811  27.966361     7.1497     7.2377     0.1801    88.6511 1.0000e-12  -63.57586  -60.69396 349.037624      99.97 3.5258e+01    649.725      15594  1028.1942  1028.1924    34.3867    34.3845    8.21159         21 0.0000e+00
    115.000    113.853    -0.7806  27.968791    -0.7797  27.967818     7.1577     7.2357     0.1809    88.6776 1.0000e-12  -63.57586  -60.69396 349.037642      99.97 3.5088e+01    651.299      15632  1028.1987  1028.1968    34.3866    34.3843    8.21149         32 0.0000e+00
    116.000    114.843    -0.7799  27.969861    -0.7787  27.968927     7.1523     7.2279     0.1805    88.6927 1.0000e-12  -63.57586  -60.69398 349.037674      99.97 3.3884e+01    653.997      15697  1028.2032  1028.2010    34.3867    34.3840    8.21134         33 0.0000e+00
    117.000    115.831    -0.7844  27.967319    -0.7835  27.966507     7.1479     7.2271     0.1739    88.7079 1.0000e-12  -63.57586  -60.69398 349.037687      99.97 3.3494e+01    655.127      15724  1028.2091  1028.2073    34.3877    34.3856    8.21225         25 0.0000e+00
    118.000    116.821    -0.7856  27.966888    -0.7853  27.965451     7.1459     7.2272     0.1519    88.7020 1.0000e-12  -63.57586  -60.69398 349.037699      99.97 3.3495e+01    656.191      15750  1028.2140  1028.2121    34.3879    34.3856    8.21250         27 0.0000e+00
    119.000    117.812    -0.7856  27.967443    -0.7854  27.965991     7.1454     7.2237     0.1984    88.7247 1.0000e-12  -63.57586  -60.69396 349.037713      99.97 3.3495e+01    657.418      15779  1028.2188  1028.2170    34.3880    34.3857    8.21250         31 0.0000e+00
    120.000    118.802    -0.7869  27.967536    -0.7869  27.966016     7.1337     7.2076     0.2345    88.7179 1.0000e-12  -63.57586  -60.69396 349.037729      99.97 3.3495e+01    658.747      15811  1028.2244  1028.2228    34.3890    34.3869    8.21273         32 0.0000e+00
    121.000    119.790    -0.7940  27.963747    -0.7936  27.962483     7.1125     7.1948     0.1839    88.7391 1.0000e-12  -63.57586  -60.69396 349.037743      99.97 3.3495e+01    659.984      15841  1028.2315  1028.2297    34.3913    34.3891    8.21413         29 0.0000e+00
    122.000    120.782    -0.8069  27.955472    -0.8082  27.952937     7.1112     7.1913     0.1676    88.7370 1.0000e-12  -63.57586  -60.69396 349.037756      99.97 3.3495e+01    661.142      15868  1028.2394  1028.2379    34.3941    34.3922    8.21677         26 0.0000e+00
    123.000    121.770    -0.8245  27.942835    -0.8242  27.941559     7.1035     7.1903     0.1605    88.7326 1.0000e-12  -63.57586  -60.69398 349.037769      99.97 3.3495e+01    662.211      15894  1028.2473  1028.2455    34.3965    34.3944    8.22048         25 0.0000e+00
    124.000    122.761    -0.8420  27.930442    -0.8407  27.929706     7.0960     7.1880     0.1440    88.7377 1.0000e-12  -63.57584  -60.69398 349.037781      99.97 3.3495e+01    663.237      15919  1028.2551  1028.2530    34.3990    34.3965    8.22415         25 0.0000e+00
