NBP2113_155081_ctd/data/dnbp2113_069.cnv
* Sea-Bird SBE 9 Data File:
* FileName = D:\Data\raw\NBP2113_069.hex
* Software Version Seasave V 7.26.7.121
* Temperature SN = 2438
* Conductivity SN = 2067
* Number of Bytes Per Scan = 40
* Number of Voltage Words = 5
* Number of Scans Averaged by the Deck Unit = 1
* NMEA Latitude = 63 45.12 S
* NMEA Longitude = 061 34.51 W
* NMEA UTC (Time) = Dec 15 2021  06:13:07
* NMEA baud rate = 9600
** Ship: RVIB N.B. Palmer
** Cruise: NBP2113 LTER
** Station: 788.019
** Operator: B. Urmston
# nquan = 25
# nvalues = 585                         
# units = specified
# name 0 = prDM: Pressure, Digiquartz [db]
# name 1 = depSM: Depth [salt water, m]
# name 2 = t090C: Temperature [ITS-90, deg C]
# name 3 = c0mS/cm: Conductivity [mS/cm]
# name 4 = t190C: Temperature, 2 [ITS-90, deg C]
# name 5 = c1mS/cm: Conductivity, 2 [mS/cm]
# name 6 = sbeox0ML/L: Oxygen, SBE 43 [ml/l]
# name 7 = sbeox1ML/L: Oxygen, SBE 43, 2 [ml/l]
# name 8 = flECO-AFL: Fluorescence, WET Labs ECO-AFL/FL [mg/m^3]
# name 9 = CStarTr0: Beam Transmission, WET Labs C-Star [%]
# name 10 = par: PAR/Irradiance, Biospherical/Licor
# name 11 = latitude: Latitude [deg]
# name 12 = longitude: Longitude [deg]
# name 13 = timeJ: Julian Days
# name 14 = altM: Altimeter [m]
# name 15 = spar: SPAR, Biospherical/Licor
# name 16 = timeS: Time, Elapsed [seconds]
# name 17 = scan: Scan Count
# name 18 = density00: Density [density, kg/m^3]
# name 19 = density11: Density, 2 [density, kg/m^3]
# name 20 = sal00: Salinity, Practical [PSU]
# name 21 = sal11: Salinity, Practical, 2 [PSU]
# name 22 = oxsolML/L: Oxygen Saturation, Garcia & Gordon [ml/l]
# name 23 = nbin: number of scans per bin
# name 24 = flag: flag
# span 0 =      4.000,    588.000       
# span 1 =      3.965,    581.461       
# span 2 =    -0.6570,     0.3781       
# span 3 =  28.245708,  28.639358       
# span 4 =    -0.6568,     0.3724       
# span 5 =  28.244446,  28.633981       
# span 6 =     6.0279,     7.5680       
# span 7 =     6.0917,     7.6147       
# span 8 =    -0.0296,     1.8456       
# span 9 =    82.5033,    90.4481       
# span 10 = 1.0000e-12, 3.7398e+00      
# span 11 =  -63.75190,  -63.75144      
# span 12 =  -61.57544,  -61.57533      
# span 13 = 349.262050, 349.273168      
# span 14 =     -32.06,     100.45      
# span 15 = 1.7629e+00, 5.2902e+00      
# span 16 =    254.081,   1214.701      
# span 17 =       6099,      29154      
# span 18 =  1027.3397,  1030.5459      
# span 19 =  1027.3349,  1030.5445      
# span 20 =    34.0467,    34.5270      
# span 21 =    34.0442,    34.5254      
# span 22 =    7.98483,    8.17925      
# span 23 =          9,         45      
# span 24 = 0.0000e+00, 0.0000e+00      
# interval = decibars: 1                
# start_time = Dec 15 2021 06:13:07 [NMEA time, header]
# bad_flag = -9.990e-29
*END*
      4.000      3.965     0.3519  28.618894     0.3596  28.621415     7.5589     7.6069     1.5280    82.5033 3.7398e+00  -63.75190  -61.57534 349.262050     -32.06 3.5258e+00    254.081       6099  1027.3397  1027.3349    34.0495    34.0442    7.99011          9 0.0000e+00
      5.000      4.950     0.3781  28.639358     0.3721  28.633616     7.5446     7.6041     1.4485    82.5167 3.3478e+00  -63.75190  -61.57534 349.262107      53.05 3.5258e+00    259.070       6219  1027.3401  1027.3396    34.0467    34.0459    7.98483         32 0.0000e+00
      6.000      5.941     0.3708  28.634196     0.3724  28.633981     7.5412     7.6080     1.5957    82.5390 2.7807e+00  -63.75188  -61.57534 349.262215      89.84 2.8974e+00    268.390       6442  1027.3461  1027.3442    34.0475    34.0454    7.98630         31 0.0000e+00
      7.000      6.931     0.3529  28.621165     0.3525  28.619017     7.5603     7.6089     1.5607    82.5657 2.4787e+00  -63.75188  -61.57534 349.262240      99.83 2.3580e+00    270.515       6493  1027.3538  1027.3518    34.0496    34.0472    7.98990         35 0.0000e+00
      8.000      7.923     0.3486  28.617210     0.3506  28.617025     7.5613     7.6092     1.6255    82.5631 2.1556e+00  -63.75188  -61.57534 349.262276      99.97 1.7828e+00    273.643       6568  1027.3580  1027.3559    34.0485    34.0461    7.99084         33 0.0000e+00
      9.000      8.912     0.3473  28.616250     0.3477  28.614642     7.5680     7.6115     1.6953    82.5980 1.9219e+00  -63.75188  -61.57534 349.262299      99.97 1.7629e+00    275.664       6617  1027.3625  1027.3604    34.0482    34.0456    7.99115         38 0.0000e+00
     10.000      9.903     0.3482  28.617480     0.3487  28.615766     7.5617     7.6132     1.6679    82.6023 1.6564e+00  -63.75188  -61.57534 349.262324      99.97 1.7629e+00    277.790       6668  1027.3671  1027.3647    34.0482    34.0454    7.99096         37 0.0000e+00
     11.000     10.892     0.3475  28.617412     0.3482  28.615779     7.5679     7.6135     1.6606    82.5830 1.4746e+00  -63.75188  -61.57534 349.262363      99.97 1.7629e+00    281.131       6748  1027.3719  1027.3695    34.0482    34.0453    7.99109         38 0.0000e+00
     12.000     11.883     0.3476  28.617748     0.3481  28.616122     7.5628     7.6147     1.7172    82.6024 1.3472e+00  -63.75188  -61.57533 349.262388      99.97 1.7629e+00    283.364       6802  1027.3764  1027.3741    34.0480    34.0453    7.99109         39 0.0000e+00
     13.000     12.874     0.3479  28.618638     0.3484  28.616838     7.5498     7.6059     1.8107    82.5797 1.1618e+00  -63.75188  -61.57533 349.262415      99.97 1.7629e+00    285.665       6857  1027.3813  1027.3788    34.0482    34.0453    7.99101         44 0.0000e+00
     14.000     13.862     0.3474  28.619241     0.3480  28.617435     7.5257     7.5921     1.8233    82.6220 9.9102e-01  -63.75186  -61.57534 349.262460      99.97 1.7629e+00    289.559       6950  1027.3866  1027.3842    34.0489    34.0460    7.99107         31 0.0000e+00
     15.000     14.853     0.3470  28.619343     0.3476  28.617684     7.5246     7.5964     1.7278    82.7222 8.7907e-01  -63.75186  -61.57534 349.262496      99.97 1.7629e+00    292.633       7024  1027.3914  1027.3890    34.0489    34.0461    7.99116         41 0.0000e+00
     16.000     15.842     0.3469  28.619790     0.3476  28.618203     7.5484     7.5870     1.8456    82.7306 7.7322e-01  -63.75186  -61.57534 349.262523      99.97 1.7629e+00    294.955       7080  1027.3962  1027.3938    34.0490    34.0461    7.99117         40 0.0000e+00
     17.000     16.835     0.3471  28.620481     0.3478  28.618884     7.5242     7.5789     1.7354    82.7555 6.9769e-01  -63.75186  -61.57534 349.262574      99.97 1.7629e+00    299.409       7187  1027.4010  1027.3986    34.0491    34.0462    7.99112         31 0.0000e+00
     18.000     17.825     0.3472  28.620766     0.3477  28.619195     7.5382     7.5924     1.6171    82.7414 6.1091e-01  -63.75185  -61.57534 349.262600      99.97 1.7629e+00    301.671       7241  1027.4055  1027.4033    34.0487    34.0462    7.99112         37 0.0000e+00
     19.000     18.814     0.3478  28.621807     0.3484  28.620090     7.5373     7.5852     1.5960    82.7337 5.3577e-01  -63.75184  -61.57534 349.262646      99.97 1.7629e+00    305.583       7335  1027.4103  1027.4079    34.0489    34.0460    7.99100         36 0.0000e+00
     20.000     19.805     0.3473  28.621791     0.3478  28.620142     7.5382     7.5857     1.6073    82.7159 4.8439e-01  -63.75184  -61.57534 349.262674      99.97 1.7629e+00    308.017       7393  1027.4150  1027.4128    34.0488    34.0461    7.99110         37 0.0000e+00
     21.000     20.798     0.3477  28.622575     0.3483  28.621008     7.5344     7.5852     1.6817    82.7445 4.2432e-01  -63.75183  -61.57534 349.262716      99.97 1.7629e+00    311.668       7481  1027.4198  1027.4174    34.0488    34.0460    7.99103         23 0.0000e+00
     22.000     21.785     0.3474  28.622768     0.3480  28.621213     7.5253     7.5878     1.6930    82.7655 3.6515e-01  -63.75182  -61.57534 349.262751      99.97 1.7629e+00    314.654       7553  1027.4245  1027.4222    34.0488    34.0460    7.99109         35 0.0000e+00
     23.000     22.777     0.3474  28.623413     0.3479  28.621699     7.4924     7.5757     1.6121    82.7753 3.2467e-01  -63.75182  -61.57534 349.262801      99.97 1.7629e+00    319.016       7657  1027.4295  1027.4272    34.0490    34.0462    7.99106         29 0.0000e+00
     24.000     23.765     0.3465  28.623239     0.3467  28.621546     7.5013     7.5667     1.4893    82.7942 2.8984e-01  -63.75182  -61.57534 349.262824      99.97 1.7629e+00    321.028       7706  1027.4345  1027.4324    34.0492    34.0467    7.99125         33 0.0000e+00
     25.000     24.754     0.3469  28.623985     0.3474  28.622382     7.5286     7.5714     1.5426    82.8441 2.5708e-01  -63.75181  -61.57534 349.262866      99.97 1.7629e+00    324.597       7791  1027.4392  1027.4369    34.0492    34.0465    7.99117         34 0.0000e+00
     26.000     25.747     0.3469  28.624209     0.3474  28.622549     7.5261     7.5693     1.6570    82.8399 2.2146e-01  -63.75180  -61.57534 349.262901      99.97 1.7629e+00    327.654       7865  1027.4436  1027.4414    34.0488    34.0461    7.99118         40 0.0000e+00
     27.000     26.735     0.3466  28.624707     0.3474  28.623025     7.5190     7.5761     1.6520    82.8301 2.0172e-01  -63.75180  -61.57534 349.262937      99.97 1.7629e+00    330.724       7938  1027.4487  1027.4462    34.0492    34.0461    7.99123         25 0.0000e+00
     28.000     27.727     0.3467  28.625063     0.3474  28.623410     7.5172     7.5686     1.7076    82.7999 1.8463e-01  -63.75180  -61.57534 349.262972      99.97 1.7629e+00    333.815       8013  1027.4532  1027.4509    34.0489    34.0461    7.99121         35 0.0000e+00
     29.000     28.720     0.3467  28.625564     0.3471  28.623882     7.4983     7.5599     1.6700    82.8351 1.6138e-01  -63.75179  -61.57534 349.263014      99.97 1.7629e+00    337.404       8099  1027.4581  1027.4559    34.0491    34.0464    7.99122         29 0.0000e+00
     30.000     29.707     0.3443  28.624441     0.3447  28.622762     7.5009     7.5638     1.5333    82.8641 1.4707e-01  -63.75178  -61.57534 349.263048      99.97 1.7629e+00    340.308       8168  1027.4635  1027.4613    34.0496    34.0470    7.99168         37 0.0000e+00
     31.000     30.696     0.3451  28.625480     0.3459  28.624017     7.4973     7.5572     1.5650    82.9314 1.2767e-01  -63.75178  -61.57534 349.263082      99.97 1.7629e+00    343.269       8239  1027.4681  1027.4657    34.0495    34.0467    7.99152         41 0.0000e+00
     32.000     31.685     0.3444  28.625385     0.3445  28.623587     7.4839     7.5449     1.5268    82.9736 1.1914e-01  -63.75178  -61.57535 349.263126      99.97 1.7629e+00    347.123       8332  1027.4729  1027.4709    34.0495    34.0470    7.99166         33 0.0000e+00
     33.000     32.678     0.3435  28.625406     0.3442  28.623889     7.4891     7.5440     1.5515    82.9871 1.0275e-01  -63.75178  -61.57534 349.263144      99.97 1.7629e+00    348.644       8368  1027.4780  1027.4758    34.0499    34.0472    7.99182         36 0.0000e+00
     34.000     33.666     0.3429  28.625639     0.3418  28.622955     7.5003     7.5424     1.5657    83.0280 8.7948e-02  -63.75176  -61.57534 349.263197      99.97 1.7629e+00    353.235       8479  1027.4831  1027.4814    34.0503    34.0480    7.99193         35 0.0000e+00
     35.000     34.657     0.3434  28.626003     0.3436  28.624049     7.5166     7.5492     1.5406    83.1101 7.3991e-02  -63.75176  -61.57534 349.263225      99.97 1.7629e+00    355.681       8537  1027.4873  1027.4851    34.0497    34.0469    7.99187         45 0.0000e+00
     36.000     35.647     0.3431  28.626480     0.3436  28.624738     7.4622     7.5227     1.5863    83.1501 6.5387e-02  -63.75176  -61.57534 349.263271      99.97 1.7629e+00    359.620       8632  1027.4925  1027.4901    34.0500    34.0472    7.99191         32 0.0000e+00
     37.000     36.638     0.3385  28.624231     0.3391  28.622671     7.4821     7.5137     1.4860    83.1652 5.5435e-02  -63.75175  -61.57534 349.263299      99.97 1.7629e+00    362.048       8690  1027.4987  1027.4965    34.0515    34.0488    7.99277         36 0.0000e+00
     38.000     37.627     0.3398  28.625384     0.3404  28.623730     7.4634     7.5116     1.5172    83.2080 4.2792e-02  -63.75174  -61.57534 349.263336      99.97 1.7629e+00    365.232       8767  1027.5029  1027.5006    34.0510    34.0482    7.99253         40 0.0000e+00
     39.000     38.618     0.3375  28.624511     0.3374  28.622556     7.4458     7.5080     1.4947    83.2180 3.2734e-02  -63.75174  -61.57534 349.263377      99.97 1.7629e+00    368.782       8852  1027.5085  1027.5065    34.0518    34.0494    7.99297         37 0.0000e+00
     40.000     39.607     0.3364  28.624267     0.3365  28.622451     7.4392     7.5010     1.5224    83.2181 2.6278e-02  -63.75174  -61.57534 349.263411      99.97 1.7629e+00    371.706       8922  1027.5135  1027.5115    34.0521    34.0496    7.99318         32 0.0000e+00
     41.000     40.597     0.3344  28.623730     0.3351  28.622173     7.4020     7.4834     1.4595    83.2385 2.0574e-02  -63.75172  -61.57534 349.263449      99.97 1.7629e+00    374.960       9000  1027.5191  1027.5169    34.0530    34.0502    7.99354         33 0.0000e+00
     42.000     41.590     0.3306  28.621758     0.3290  28.619020     7.4311     7.4925     1.4852    83.2943 1.1947e-02  -63.75172  -61.57534 349.263473      99.97 1.7629e+00    377.090       9051  1027.5250  1027.5238    34.0541    34.0523    7.99428         33 0.0000e+00
     43.000     42.577     0.3355  28.624855     0.3310  28.620484     7.4920     7.5138     1.5324    83.3341 6.6320e-03  -63.75172  -61.57534 349.263531      99.97 1.7629e+00    382.090       9171  1027.5277  1027.5275    34.0521    34.0513    7.99336         36 0.0000e+00
     44.000     43.568     0.3387  28.627313     0.3369  28.624233     7.4668     7.5194     1.4393    83.4270 2.3885e-03  -63.75172  -61.57534 349.263548      99.97 1.7629e+00    383.559       9206  1027.5315  1027.5299    34.0512    34.0491    7.99276         39 0.0000e+00
     45.000     44.559     0.3372  28.626982     0.3379  28.625392     7.4297     7.5099     1.5409    83.4478 9.2574e-05  -63.75170  -61.57535 349.263591      99.97 2.5087e+00    387.240       9295  1027.5368  1027.5346    34.0518    34.0490    7.99303         36 0.0000e+00
     46.000     45.547     0.3322  28.624685     0.3349  28.624325     7.3895     7.4888     1.5023    83.3653 1.0000e-12  -63.75170  -61.57535 349.263621      99.97 3.3094e+00    389.869       9358  1027.5437  1027.5406    34.0537    34.0503    7.99396         44 0.0000e+00
     47.000     46.540     0.3292  28.623430     0.3266  28.619872     7.4113     7.4756     1.6429    83.3113 1.0000e-12  -63.75170  -61.57535 349.263666      99.97 3.5100e+00    393.765       9451  1027.5495  1027.5482    34.0548    34.0530    7.99453         35 0.0000e+00
     48.000     47.527     0.3247  28.621066     0.3251  28.619390     7.4164     7.4799     1.5413    83.4013 1.0000e-12  -63.75170  -61.57536 349.263697      99.96 3.5258e+00    396.419       9515  1027.5556  1027.5534    34.0561    34.0535    7.99539         36 0.0000e+00
     49.000     48.518     0.3245  28.621453     0.3252  28.620010     7.4248     7.4790     1.5196    83.4733 1.0000e-12  -63.75169  -61.57536 349.263742      99.97 3.5258e+00    400.308       9608  1027.5604  1027.5582    34.0562    34.0536    7.99542         33 0.0000e+00
     50.000     49.509     0.3256  28.622488     0.3260  28.620814     7.4051     7.4789     1.4352    83.5731 1.0000e-12  -63.75168  -61.57536 349.263761      99.97 3.5258e+00    401.946       9648  1027.5647  1027.5625    34.0558    34.0531    7.99522         31 0.0000e+00
     51.000     50.498     0.3264  28.623475     0.3274  28.622145     7.4290     7.4768     1.4911    83.5652 1.0000e-12  -63.75168  -61.57536 349.263796      99.97 3.5258e+00    404.936       9719  1027.5692  1027.5668    34.0555    34.0527    7.99506         39 0.0000e+00
     52.000     51.488     0.3259  28.623675     0.3264  28.622142     7.4128     7.4663     1.3914    83.5209 1.0000e-12  -63.75168  -61.57536 349.263843      99.97 3.5258e+00    409.033       9818  1027.5741  1027.5720    34.0558    34.0532    7.99515         33 0.0000e+00
     53.000     52.477     0.3253  28.623728     0.3259  28.622190     7.4033     7.4726     1.5259    83.5268 1.0000e-12  -63.75168  -61.57536 349.263866      99.97 3.5258e+00    411.012       9865  1027.5791  1027.5768    34.0559    34.0532    7.99527         37 0.0000e+00
     54.000     53.469     0.3252  28.624036     0.3257  28.622489     7.4062     7.4717     1.5516    83.6022 1.0000e-12  -63.75168  -61.57536 349.263915      99.97 3.5258e+00    415.228       9966  1027.5837  1027.5816    34.0558    34.0532    7.99530         41 0.0000e+00
     55.000     54.458     0.3248  28.624322     0.3251  28.622660     7.4145     7.4645     1.5596    83.6165 1.0000e-12  -63.75167  -61.57536 349.263953      99.96 3.5258e+00    418.523      10046  1027.5887  1027.5866    34.0561    34.0535    7.99537         35 0.0000e+00
     56.000     55.447     0.3253  28.625058     0.3255  28.623345     7.4269     7.4706     1.4986    83.6371 1.0000e-12  -63.75166  -61.57536 349.263982      99.97 3.5258e+00    421.048      10106  1027.5932  1027.5913    34.0558    34.0534    7.99527         35 0.0000e+00
     57.000     56.436     0.3246  28.625130     0.3253  28.623613     7.4179     7.4763     1.4766    83.6308 1.0000e-12  -63.75166  -61.57536 349.264002      99.97 3.5258e+00    422.794      10148  1027.5983  1027.5959    34.0561    34.0533    7.99541         42 0.0000e+00
     58.000     57.429     0.3249  28.625800     0.3252  28.624132     7.4052     7.4680     1.4558    83.6449 1.0000e-12  -63.75166  -61.57536 349.264069      99.97 3.5258e+00    428.536      10286  1027.6029  1027.6009    34.0560    34.0535    7.99534         38 0.0000e+00
     59.000     58.419     0.3235  28.625425     0.3237  28.623704     7.4013     7.4665     1.3904    83.6558 1.0000e-12  -63.75166  -61.57536 349.264085      99.97 3.5258e+00    429.927      10319  1027.6082  1027.6062    34.0565    34.0541    7.99561         36 0.0000e+00
     60.000     59.409     0.3231  28.625638     0.3236  28.624125     7.4142     7.4704     1.5402    83.6535 1.0000e-12  -63.75165  -61.57536 349.264116      99.97 3.5258e+00    432.635      10384  1027.6131  1027.6110    34.0566    34.0541    7.99568         34 0.0000e+00
