NBP2113_155081_ctd/data/dnbp2113_065.cnv
* Sea-Bird SBE 9 Data File:
* FileName = D:\Data\raw\NBP2113_065.hex
* Software Version Seasave V 7.26.7.121
* Temperature SN = 2438
* Conductivity SN = 2067
* Number of Bytes Per Scan = 40
* Number of Voltage Words = 5
* Number of Scans Averaged by the Deck Unit = 1
* NMEA Latitude = 64 10.49 S
* NMEA Longitude = 061 56.61 W
* NMEA UTC (Time) = Dec 14 2021  14:58:16
* NMEA baud rate = 9600
** Ship: RVIB N.B. Palmer
** Cruise: NBP2113 LTER
** Station: 741.005
** Operator: B. Urmston
# nquan = 25
# nvalues = 668                         
# units = specified
# name 0 = prDM: Pressure, Digiquartz [db]
# name 1 = depSM: Depth [salt water, m]
# name 2 = t090C: Temperature [ITS-90, deg C]
# name 3 = c0mS/cm: Conductivity [mS/cm]
# name 4 = t190C: Temperature, 2 [ITS-90, deg C]
# name 5 = c1mS/cm: Conductivity, 2 [mS/cm]
# name 6 = sbeox0ML/L: Oxygen, SBE 43 [ml/l]
# name 7 = sbeox1ML/L: Oxygen, SBE 43, 2 [ml/l]
# name 8 = flECO-AFL: Fluorescence, WET Labs ECO-AFL/FL [mg/m^3]
# name 9 = CStarTr0: Beam Transmission, WET Labs C-Star [%]
# name 10 = par: PAR/Irradiance, Biospherical/Licor
# name 11 = latitude: Latitude [deg]
# name 12 = longitude: Longitude [deg]
# name 13 = timeJ: Julian Days
# name 14 = altM: Altimeter [m]
# name 15 = spar: SPAR, Biospherical/Licor
# name 16 = timeS: Time, Elapsed [seconds]
# name 17 = scan: Scan Count
# name 18 = density00: Density [density, kg/m^3]
# name 19 = density11: Density, 2 [density, kg/m^3]
# name 20 = sal00: Salinity, Practical [PSU]
# name 21 = sal11: Salinity, Practical, 2 [PSU]
# name 22 = oxsolML/L: Oxygen Saturation, Garcia & Gordon [ml/l]
# name 23 = nbin: number of scans per bin
# name 24 = flag: flag
# span 0 =      5.000,    672.000       
# span 1 =      4.947,    664.374       
# span 2 =    -0.6483,     0.4539       
# span 3 =  28.425707,  29.126307       
# span 4 =    -0.6485,     0.4538       
# span 5 =  28.424814,  29.124899       
# span 6 =     5.3153,     7.2991       
# span 7 =     5.3913,     7.3062       
# span 8 =    -0.0298,     1.2442       
# span 9 =    84.0307,    89.7301       
# span 10 = 1.0000e-12, 1.9807e+02      
# span 11 =  -64.17472,  -64.17438      
# span 12 =  -61.94314,  -61.94236      
# span 13 = 348.626801, 348.638476      
# span 14 =       9.52,      99.97      
# span 15 = 5.1112e+02, 7.1198e+02      
# span 16 =    259.583,   1268.330      
# span 17 =       6231,      30441      
# span 18 =  1027.3588,  1030.9535      
# span 19 =  1027.3580,  1030.9522      
# span 20 =    34.0608,    34.5358      
# span 21 =    34.0583,    34.5343      
# span 22 =    7.94530,    8.17435      
# span 23 =         11,         53      
# span 24 = 0.0000e+00, 0.0000e+00      
# interval = decibars: 1                
# start_time = Dec 14 2021 14:58:16 [NMEA time, header]
# bad_flag = -9.990e-29
*END*
[from data line 638]
    643.000    635.747    -0.6115  28.458372    -0.6116  28.457219     6.0240     6.0922    -0.0184    89.6230 1.0000e-12  -64.17444  -61.94250 348.637548      37.15 5.2181e+02   1188.184      28517  1030.8149  1030.8137    34.5335    34.5321    8.16639         35 0.0000e+00
    644.000    636.734    -0.6111  28.459294    -0.6111  28.458103     6.0219     6.0918    -0.0160    89.6286 1.0000e-12  -64.17444  -61.94250 348.637566      36.06 5.2181e+02   1189.732      28555  1030.8197  1030.8184    34.5336    34.5321    8.16628         38 0.0000e+00
    645.000    637.723    -0.6096  28.460988    -0.6095  28.459990     6.0256     6.0902    -0.0225    89.6318 1.0000e-12  -64.17444  -61.94249 348.637585      35.34 5.2181e+02   1191.366      28594  1030.8243  1030.8231    34.5337    34.5322    8.16597         40 0.0000e+00
    646.000    638.709    -0.6099  28.461474    -0.6098  28.460307     6.0314     6.0956    -0.0277    89.6423 1.0000e-12  -64.17444  -61.94248 348.637606      34.17 5.2181e+02   1193.172      28637  1030.8293  1030.8280    34.5340    34.5324    8.16600         38 0.0000e+00
    647.000    639.696    -0.6103  28.461435    -0.6105  28.460129     6.0263     6.0924    -0.0212    89.5947 1.0000e-12  -64.17444  -61.94248 348.637626      33.30 5.2181e+02   1194.880      28678  1030.8339  1030.8327    34.5339    34.5323    8.16610         39 0.0000e+00
    648.000    640.684    -0.6097  28.462500    -0.6097  28.461363     6.0303     6.0910    -0.0269    89.5802 1.0000e-12  -64.17444  -61.94248 348.637645      32.39 5.2181e+02   1196.536      28718  1030.8387  1030.8374    34.5340    34.5324    8.16596         39 0.0000e+00
    649.000    641.669    -0.6101  28.462614    -0.6104  28.461182     6.0202     6.0934    -0.0213    89.5862 1.0000e-12  -64.17444  -61.94248 348.637666      31.41 5.2181e+02   1198.316      28761  1030.8434  1030.8422    34.5340    34.5324    8.16604         43 0.0000e+00
    650.000    642.658    -0.6100  28.463136    -0.6110  28.461011     6.0253     6.0943    -0.0211    89.5239 1.0000e-12  -64.17444  -61.94246 348.637689      30.32 5.2181e+02   1200.350      28809  1030.8482  1030.8469    34.5340    34.5323    8.16602         47 0.0000e+00
    651.000    643.644    -0.6105  28.463061    -0.6109  28.461562     6.0342     6.0962    -0.0200    89.5356 1.0000e-12  -64.17444  -61.94246 348.637712      29.56 5.2181e+02   1202.307      28856  1030.8528  1030.8516    34.5339    34.5323    8.16614         38 0.0000e+00
    652.000    644.633    -0.6107  28.463418    -0.6117  28.461326     6.0302     6.0910    -0.0224    89.5365 1.0000e-12  -64.17443  -61.94246 348.637735      28.32 5.2181e+02   1204.263      28903  1030.8577  1030.8564    34.5340    34.5323    8.16618         44 0.0000e+00
    653.000    645.618    -0.6099  28.464567    -0.6100  28.463339     6.0294     6.0966    -0.0190    89.5300 1.0000e-12  -64.17442  -61.94246 348.637758      27.34 5.2143e+02   1206.303      28952  1030.8623  1030.8611    34.5340    34.5325    8.16600         37 0.0000e+00
    654.000    646.607    -0.6092  28.465648    -0.6095  28.464185     6.0286     6.0988    -0.0207    89.5267 1.0000e-12  -64.17442  -61.94245 348.637784      26.43 5.2009e+02   1208.510      29005  1030.8671  1030.8658    34.5341    34.5325    8.16586         39 0.0000e+00
    655.000    647.594    -0.6058  28.469331    -0.6061  28.467929     6.0306     6.0976    -0.0191    89.5559 1.0000e-12  -64.17442  -61.94244 348.637808      25.48 5.2005e+02   1210.594      29055  1030.8718  1030.8706    34.5346    34.5330    8.16509         45 0.0000e+00
    656.000    648.581    -0.6085  28.467141    -0.6077  28.466996     6.0301     6.1026    -0.0250    89.5264 1.0000e-12  -64.17442  -61.94244 348.637834      24.65 5.2005e+02   1212.869      29110  1030.8765  1030.8754    34.5342    34.5329    8.16570         38 0.0000e+00
    657.000    649.566    -0.6193  28.458359    -0.6197  28.456769     6.0399     6.1015    -0.0235    89.5593 1.0000e-12  -64.17442  -61.94243 348.637874      23.78 5.1856e+02   1216.315      29193  1030.8820  1030.8807    34.5340    34.5323    8.16804         31 0.0000e+00
    658.000    650.555    -0.6254  28.453242    -0.6254  28.452025     6.0346     6.1046    -0.0238    89.5609 1.0000e-12  -64.17441  -61.94242 348.637912      23.18 5.1829e+02   1219.576      29271  1030.8867  1030.8854    34.5334    34.5318    8.16938         30 0.0000e+00
    659.000    651.541    -0.6260  28.453308    -0.6261  28.452037     6.0381     6.1059    -0.0168    89.5412 1.0000e-12  -64.17440  -61.94242 348.637942      22.47 5.1637e+02   1222.163      29333  1030.8915  1030.8903    34.5336    34.5321    8.16950         32 0.0000e+00
    660.000    652.529    -0.6283  28.451766    -0.6276  28.451042     6.0346     6.1076    -0.0184    89.6026 1.0000e-12  -64.17440  -61.94241 348.637977      21.57 5.1595e+02   1225.207      29406  1030.8964  1030.8949    34.5336    34.5318    8.17000         30 0.0000e+00
    661.000    653.516    -0.6318  28.448987    -0.6327  28.447120     6.0337     6.1070    -0.0149    89.6095 1.0000e-12  -64.17440  -61.94240 348.638008      20.60 5.1472e+02   1227.881      29470  1030.9010  1030.8999    34.5332    34.5317    8.17078         37 0.0000e+00
    662.000    654.502    -0.6396  28.442680    -0.6405  28.440853     6.0447     6.1130    -0.0136    89.6134 1.0000e-12  -64.17440  -61.94240 348.638047      19.57 5.1476e+02   1231.242      29551  1030.9061  1030.9051    34.5330    34.5316    8.17247         31 0.0000e+00
    663.000    655.490    -0.6456  28.438028    -0.6458  28.436611     6.0495     6.1116    -0.0171    89.5880 1.0000e-12  -64.17440  -61.94240 348.638095      18.82 5.1476e+02   1235.448      29652  1030.9112  1030.9099    34.5330    34.5313    8.17378         35 0.0000e+00
    664.000    656.479    -0.6459  28.438098    -0.6457  28.437145     6.0468     6.1099    -0.0214    89.5966 1.0000e-12  -64.17440  -61.94240 348.638128      17.74 5.1476e+02   1238.274      29720  1030.9157  1030.9145    34.5328    34.5313    8.17384         35 0.0000e+00
    665.000    657.462    -0.6449  28.439557    -0.6448  28.438483     6.0484     6.1087    -0.0229    89.5694 1.0000e-12  -64.17440  -61.94239 348.638164      16.81 5.1476e+02   1241.347      29793  1030.9204  1030.9191    34.5330    34.5314    8.17361         29 0.0000e+00
    666.000    658.455    -0.6449  28.440039    -0.6447  28.439004     6.0429     6.1163    -0.0245    89.5727 1.0000e-12  -64.17440  -61.94238 348.638199      15.89 5.1385e+02   1244.357      29866  1030.9251  1030.9238    34.5330    34.5314    8.17361         31 0.0000e+00
    667.000    659.435    -0.6450  28.440424    -0.6453  28.438836     6.0438     6.1159    -0.0265    89.5523 1.0000e-12  -64.17440  -61.94238 348.638232      14.87 5.1294e+02   1247.272      29936  1030.9299  1030.9286    34.5331    34.5313    8.17364         37 0.0000e+00
    668.000    660.424    -0.6465  28.439447    -0.6464  28.438363     6.0467     6.1107    -0.0193    89.5874 1.0000e-12  -64.17440  -61.94238 348.638266      13.89 5.1300e+02   1250.145      30004  1030.9346  1030.9333    34.5329    34.5313    8.17397         35 0.0000e+00
    669.000    661.413    -0.6476  28.438947    -0.6471  28.438240     6.0487     6.1123    -0.0194    89.5826 1.0000e-12  -64.17438  -61.94238 348.638303      12.80 5.1300e+02   1253.380      30082  1030.9394  1030.9381    34.5329    34.5314    8.17421         39 0.0000e+00
    670.000    662.400    -0.6483  28.438774    -0.6485  28.437446     6.0468     6.1150    -0.0182    89.5743 1.0000e-12  -64.17438  -61.94238 348.638334      11.72 5.1300e+02   1256.077      30147  1030.9441  1030.9428    34.5328    34.5312    8.17435         43 0.0000e+00
    671.000    663.388    -0.6482  28.439256    -0.6482  28.438139     6.0436     6.1145    -0.0173    89.5999 1.0000e-12  -64.17438  -61.94238 348.638368      10.76 5.1208e+02   1259.009      30217  1030.9487  1030.9475    34.5328    34.5312    8.17435         42 0.0000e+00
    672.000    664.374    -0.6475  28.440401    -0.6477  28.439008     6.0402     6.1141    -0.0187    89.5998 1.0000e-12  -64.17438  -61.94236 348.638476       9.52 5.1112e+02   1268.330      30441  1030.9535  1030.9522    34.5329    34.5313    8.17418         53 0.0000e+00
