NBP2113_155081_ctd/data/dnbp2113_045.cnv
* Sea-Bird SBE 9 Data File:
* FileName = D:\Data\raw\NBP2113_045.hex
* Software Version Seasave V 7.26.7.121
* Temperature SN = 2438
* Conductivity SN = 2067
* Number of Bytes Per Scan = 40
* Number of Voltage Words = 5
* Number of Scans Averaged by the Deck Unit = 1
* NMEA Latitude = 64 53.15 S
* NMEA Longitude = 063 45.53 W
* NMEA UTC (Time) = Dec 11 2021  03:56:53
* NMEA baud rate = 9600
** Ship: RVIB N.B. Palmer
** Cruise: NBP2113 LTER
** Station: 624.021
** Operator: B. Urmston
# nquan = 25
# nvalues = 613                         
# units = specified
# name 0 = prDM: Pressure, Digiquartz [db]
# name 1 = depSM: Depth [salt water, m]
# name 2 = t090C: Temperature [ITS-90, deg C]
# name 3 = c0mS/cm: Conductivity [mS/cm]
# name 4 = t190C: Temperature, 2 [ITS-90, deg C]
# name 5 = c1mS/cm: Conductivity, 2 [mS/cm]
# name 6 = sbeox0ML/L: Oxygen, SBE 43 [ml/l]
# name 7 = sbeox1ML/L: Oxygen, SBE 43, 2 [ml/l]
# name 8 = flECO-AFL: Fluorescence, WET Labs ECO-AFL/FL [mg/m^3]
# name 9 = CStarTr0: Beam Transmission, WET Labs C-Star [%]
# name 10 = par: PAR/Irradiance, Biospherical/Licor
# name 11 = latitude: Latitude [deg]
# name 12 = longitude: Longitude [deg]
# name 13 = timeJ: Julian Days
# name 14 = altM: Altimeter [m]
# name 15 = spar: SPAR, Biospherical/Licor
# name 16 = timeS: Time, Elapsed [seconds]
# name 17 = scan: Scan Count
# name 18 = density00: Density [density, kg/m^3]
# name 19 = density11: Density, 2 [density, kg/m^3]
# name 20 = sal00: Salinity, Practical [PSU]
# name 21 = sal11: Salinity, Practical, 2 [PSU]
# name 22 = oxsolML/L: Oxygen Saturation, Garcia & Gordon [ml/l]
# name 23 = nbin: number of scans per bin
# name 24 = flag: flag
# span 0 =      5.000,    617.000       
# span 1 =      4.953,    610.041       
# span 2 =    -0.3111,     1.2253       
# span 3 =  27.900097,  30.078503       
# span 4 =    -0.3126,     1.2246       
# span 5 =  27.898620,  30.076976       
# span 6 =     4.3785,     8.1472       
# span 7 =     4.4391,     8.1675       
# span 8 =    -0.0151,     2.1224       
# span 9 =    84.9451,    91.7533       
# span 10 = -1.125e-05, 3.2111e-01      
# span 11 =  -64.88606,  -64.88566      
# span 12 =  -63.75908,  -63.75828      
# span 13 = 345.167817, 345.180026      
# span 14 =       8.36,     100.12      
# span 15 = 0.0000e+00, 0.0000e+00      
# span 16 =    286.406,   1341.214      
# span 17 =       6875,      32190      
# span 18 =  1027.1464,  1030.6218      
# span 19 =  1027.1450,  1030.6206      
# span 20 =    33.7601,    34.6169      
# span 21 =    33.7571,    34.6154      
# span 22 =    7.78182,    8.14250      
# span 23 =          8,         48      
# span 24 = 0.0000e+00, 0.0000e+00      
# interval = decibars: 1                
# start_time = Dec 11 2021 03:56:53 [NMEA time, header]
# bad_flag = -9.990e-29
*END*
[from data line 58]
     63.000     62.374    -0.0758  28.263061    -0.0756  28.261295     7.5347     7.6243     0.6255    89.3305 1.0000e-12  -64.88566  -63.75829 345.169840      99.97 0.0000e+00    461.141      11068  1027.6184  1027.6163    34.0192    34.0167    8.08137         40 0.0000e+00
     64.000     63.361    -0.0661  28.275838    -0.0662  28.273989     7.5165     7.6085     0.6610    89.3678 1.0000e-12  -64.88566  -63.75829 345.169870      99.96 0.0000e+00    463.791      11132  1027.6270  1027.6251    34.0247    34.0225    8.07901         36 0.0000e+00
     65.000     64.355    -0.0684  28.280457    -0.0670  28.279431     7.4588     7.5651     0.6553    89.3959 1.0000e-12  -64.88566  -63.75830 345.169914      99.97 0.0000e+00    467.613      11224  1027.6388  1027.6363    34.0329    34.0299    8.07904         32 0.0000e+00
     66.000     65.343    -0.1038  28.259294    -0.1037  28.257371     7.4212     7.5187     0.5205    89.4650 1.0000e-12  -64.88566  -63.75830 345.169946      99.97 0.0000e+00    470.354      11290  1027.6550  1027.6529    34.0436    34.0410    8.08592         35 0.0000e+00
     67.000     66.333    -0.0805  28.293980    -0.0803  28.292451     7.3363     7.4498     0.5180    89.6172 1.0000e-12  -64.88566  -63.75830 345.169973      99.97 0.0000e+00    472.668      11345  1027.6735  1027.6717    34.0631    34.0609    8.07988         43 0.0000e+00
     68.000     67.322    -0.0560  28.327840    -0.0555  28.326687     7.2962     7.4051     0.5060    89.7581 1.0000e-12  -64.88566  -63.75830 345.170010      99.97 0.0000e+00    475.860      11422  1027.6902  1027.6885    34.0801    34.0780    8.07375         37 0.0000e+00
     69.000     68.311    -0.0427  28.343075    -0.0418  28.342252     7.2730     7.3756     0.4489    90.0085 1.0000e-12  -64.88566  -63.75830 345.170048      99.97 0.0000e+00    479.162      11501  1027.6980  1027.6964    34.0849    34.0829    8.07066         41 0.0000e+00
     70.000     69.303    -0.0320  28.354475    -0.0292  28.355315     7.2392     7.3428     0.3851    89.9369 1.0000e-12  -64.88566  -63.75830 345.170077      99.97 0.0000e+00    481.637      11560  1027.7043  1027.7024    34.0875    34.0854    8.06826         48 0.0000e+00
     71.000     70.292    -0.0028  28.392147    -0.0037  28.388199     7.0346     7.2110     0.3926    89.9715 1.0000e-12  -64.88566  -63.75830 345.170105      99.97 0.0000e+00    484.115      11620  1027.7206  1027.7172    34.1043    34.1000    8.06116         37 0.0000e+00
     72.000     71.282     0.0172  28.440684     0.0174  28.438817     6.9987     7.1360     0.4182    90.1050 1.0000e-12  -64.88566  -63.75830 345.170148      99.96 0.0000e+00    487.769      11707  1027.7578  1027.7556    34.1457    34.1430    8.05462         30 0.0000e+00
     73.000     72.273     0.0175  28.442736     0.0176  28.440908     6.9969     7.1066     0.3397    90.1860 1.0000e-12  -64.88566  -63.75830 345.170180      99.97 0.0000e+00    490.513      11773  1027.7643  1027.7622    34.1474    34.1449    8.05445         44 0.0000e+00
     74.000     73.262     0.0287  28.460845     0.0284  28.458491     6.9427     7.0608     0.2950    90.2244 1.0000e-12  -64.88566  -63.75830 345.170206      99.97 0.0000e+00    492.810      11828  1027.7771  1027.7749    34.1583    34.1555    8.05147         40 0.0000e+00
     75.000     74.251     0.0421  28.480945     0.0419  28.478961     6.8904     7.0125     0.2752    90.3274 1.0000e-12  -64.88566  -63.75831 345.170245      99.97 0.0000e+00    496.192      11910  1027.7901  1027.7882    34.1694    34.1670    8.04805         29 0.0000e+00
     76.000     75.245     0.0556  28.500432     0.0559  28.498872     6.8558     6.9615     0.2419    90.4335 1.0000e-12  -64.88566  -63.75830 345.170284      99.97 0.0000e+00    499.576      11991  1027.8023  1027.8003    34.1795    34.1770    8.04464         33 0.0000e+00
     77.000     76.232     0.0628  28.511234     0.0634  28.509833     6.8105     6.9296     0.2055    90.4353 1.0000e-12  -64.88566  -63.75830 345.170307      99.97 0.0000e+00    501.545      12038  1027.8113  1027.8092    34.1852    34.1826    8.04281         40 0.0000e+00
     78.000     77.222     0.0713  28.525327     0.0708  28.522796     6.8329     6.9295     0.2139    90.4990 1.0000e-12  -64.88566  -63.75832 345.170333      99.97 0.0000e+00    503.792      12092  1027.8224  1027.8202    34.1936    34.1909    8.04054         33 0.0000e+00
     79.000     78.210     0.0705  28.524575     0.0702  28.522121     6.8436     6.9206     0.1927    90.5621 1.0000e-12  -64.88566  -63.75832 345.170390      99.97 0.0000e+00    508.688      12210  1027.8271  1027.8247    34.1929    34.1901    8.04074         34 0.0000e+00
     80.000     79.201     0.0696  28.523699     0.0698  28.521904     6.8492     6.9205     0.2240    90.5838 1.0000e-12  -64.88568  -63.75831 345.170413      99.97 0.0000e+00    510.693      12258  1027.8314  1027.8292    34.1922    34.1896    8.04098         39 0.0000e+00
     81.000     80.192     0.0722  28.527957     0.0727  28.526860     6.8380     6.9028     0.2554    90.5737 1.0000e-12  -64.88568  -63.75831 345.170441      99.97 0.0000e+00    513.100      12315  1027.8377  1027.8361    34.1944    34.1923    8.04032         35 0.0000e+00
     82.000     81.181     0.0755  28.532550     0.0753  28.530863     6.7980     6.8888     0.2126    90.5901 1.0000e-12  -64.88568  -63.75832 345.170473      99.97 0.0000e+00    515.854      12381  1027.8438  1027.8421    34.1961    34.1941    8.03953         35 0.0000e+00
     83.000     82.176     0.0802  28.540248     0.0794  28.537110     6.7765     6.8666     0.2224    90.5915 1.0000e-12  -64.88568  -63.75832 345.170512      99.97 0.0000e+00    519.221      12462  1027.8517  1027.8492    34.2004    34.1972    8.03829         33 0.0000e+00
     84.000     83.159     0.0833  28.544973     0.0834  28.543366     6.7606     6.8490     0.2398    90.6215 1.0000e-12  -64.88568  -63.75832 345.170549      99.97 0.0000e+00    522.412      12539  1027.8580  1027.8562    34.2026    34.2004    8.03752         38 0.0000e+00
     85.000     84.150     0.0992  28.561126     0.0980  28.558004     6.7512     6.8353     0.1986    90.6029 1.0000e-12  -64.88568  -63.75832 345.170576      99.97 0.0000e+00    524.731      12595  1027.8641  1027.8619    34.2056    34.2028    8.03403         40 0.0000e+00
     86.000     85.140     0.1037  28.566657     0.1034  28.564551     6.7502     6.8225     0.2321    90.5818 1.0000e-12  -64.88568  -63.75832 345.170606      99.97 0.0000e+00    527.325      12657  1027.8699  1027.8680    34.2073    34.2048    8.03298         31 0.0000e+00
     87.000     86.129     0.1074  28.571797     0.1074  28.570042     6.7218     6.8143     0.2583    90.6225 1.0000e-12  -64.88568  -63.75832 345.170637      99.97 0.0000e+00    530.076      12723  1027.8763  1027.8744    34.2094    34.2071    8.03210         28 0.0000e+00
     88.000     87.119     0.1137  28.581289     0.1141  28.579987     6.6908     6.7826     0.1972    90.6202 1.0000e-12  -64.88568  -63.75833 345.170683      99.97 0.0000e+00    533.999      12817  1027.8847  1027.8829    34.2142    34.2122    8.03050         28 0.0000e+00
     89.000     88.109     0.1175  28.587316     0.1180  28.586200     6.6629     6.7638     0.1779    90.5999 1.0000e-12  -64.88568  -63.75832 345.170709      99.97 0.0000e+00    536.273      12872  1027.8918  1027.8900    34.2174    34.2153    8.02953         38 0.0000e+00
     90.000     89.100     0.1222  28.594234     0.1213  28.591407     6.6665     6.7555     0.1879    90.6199 1.0000e-12  -64.88568  -63.75832 345.170731      99.97 0.0000e+00    538.116      12916  1027.8989  1027.8967    34.2207    34.2179    8.02836         37 0.0000e+00
     91.000     90.088     0.1231  28.597761     0.1227  28.595003     6.6235     6.7230     0.1657    90.6333 1.0000e-12  -64.88568  -63.75833 345.170782      99.97 0.0000e+00    542.590      13023  1027.9062  1027.9037    34.2237    34.2205    8.02800         21 0.0000e+00
     92.000     91.078     0.1244  28.602757     0.1269  28.603273     6.6129     6.7001     0.1612    90.6407 1.0000e-12  -64.88568  -63.75832 345.170815      99.97 0.0000e+00    545.428      13091  1027.9146  1027.9127    34.2282    34.2262    8.02747         40 0.0000e+00
     93.000     92.070     0.1202  28.601442     0.1213  28.600746     6.6544     6.6996     0.1608    90.6676 1.0000e-12  -64.88568  -63.75833 345.170834      99.97 0.0000e+00    547.064      13131  1027.9216  1027.9198    34.2306    34.2285    8.02822         37 0.0000e+00
     94.000     93.057     0.1082  28.588719     0.1124  28.590972     6.6345     6.7033     0.1555    90.6733 1.0000e-12  -64.88568  -63.75834 345.170872      99.96 0.0000e+00    550.322      13209  1027.9240  1027.9224    34.2266    34.2249    8.03095         28 0.0000e+00
     95.000     94.048     0.1125  28.593529     0.1132  28.592292     6.6270     6.6968     0.1670    90.6989 1.0000e-12  -64.88568  -63.75834 345.170916      99.97 0.0000e+00    554.178      13301  1027.9292  1027.9273    34.2276    34.2251    8.03001         34 0.0000e+00
     96.000     95.039     0.1165  28.598360     0.1167  28.596735     6.6317     6.6970     0.1606    90.7098 1.0000e-12  -64.88568  -63.75834 345.170940      99.97 0.0000e+00    556.223      13350  1027.9346  1027.9328    34.2289    34.2265    8.02909         43 0.0000e+00
     97.000     96.029     0.1179  28.600537     0.1176  28.598817     6.6148     6.6962     0.1663    90.7202 1.0000e-12  -64.88568  -63.75834 345.170967      99.97 0.0000e+00    558.541      13406  1027.9399  1027.9384    34.2296    34.2277    8.02877         40 0.0000e+00
     98.000     97.019     0.1154  28.598638     0.1147  28.596913     6.6069     6.6790     0.1894    90.7286 1.0000e-12  -64.88568  -63.75834 345.171008      99.97 0.0000e+00    562.106      13492  1027.9445  1027.9435    34.2292    34.2278    8.02930         33 0.0000e+00
     99.000     98.007     0.1111  28.596626     0.1128  28.596971     6.5881     6.6720     0.1584    90.7352 1.0000e-12  -64.88568  -63.75834 345.171041      99.97 0.0000e+00    564.951      13560  1027.9510  1027.9497    34.2308    34.2293    8.03011         36 0.0000e+00
    100.000     98.997     0.1063  28.592621     0.1066  28.591248     6.6394     6.6941     0.1638    90.7390 1.0000e-12  -64.88568  -63.75834 345.171069      99.97 0.0000e+00    567.383      13618  1027.9556  1027.9539    34.2303    34.2281    8.03115         41 0.0000e+00
    101.000     99.981     0.1091  28.592365     0.1095  28.591746     6.6596     6.7011     0.1754    90.7242 1.0000e-12  -64.88568  -63.75835 345.171099      99.97 0.0000e+00    569.943      13680  1027.9569  1027.9558    34.2262    34.2249    8.03080         36 0.0000e+00
    102.000    100.976     0.1098  28.593800     0.1098  28.592344     6.6263     6.6944     0.1511    90.7349 1.0000e-12  -64.88568  -63.75835 345.171140      99.97 0.0000e+00    573.485      13765  1027.9619  1027.9604    34.2267    34.2248    8.03062         38 0.0000e+00
    103.000    101.966     0.1118  28.597654     0.1125  28.597449     6.5495     6.6437     0.1626    90.7332 1.0000e-12  -64.88568  -63.75835 345.171169      99.97 0.0000e+00    575.973      13824  1027.9683  1027.9674    34.2289    34.2278    8.03007         38 0.0000e+00
    104.000    102.954     0.1060  28.598864     0.1048  28.597346     6.3672     6.5173     0.1833    90.7582 1.0000e-12  -64.88568  -63.75835 345.171196      99.97 0.0000e+00    578.351      13881  1027.9797  1027.9792    34.2365    34.2357    8.03087         34 0.0000e+00
    105.000    103.945     0.0748  28.584786     0.0749  28.583374     6.2681     6.4220     0.1691    90.7492 1.0000e-12  -64.88568  -63.75836 345.171236      99.97 0.0000e+00    581.765      13963  1027.9992  1027.9977    34.2521    34.2501    8.03652         28 0.0000e+00
    106.000    104.936     0.0619  28.577936     0.0625  28.576990     6.2640     6.3920     0.1318    90.8848 1.0000e-12  -64.88568  -63.75836 345.171266      99.97 0.0000e+00    584.352      14025  1028.0087  1028.0070    34.2569    34.2549    8.03896         37 0.0000e+00
    107.000    105.924     0.0603  28.577301     0.0602  28.575839     6.2787     6.3839     0.1432    90.9827 1.0000e-12  -64.88568  -63.75836 345.171296      99.97 0.0000e+00    586.948      14088  1028.0136  1028.0121    34.2572    34.2554    8.03927         31 0.0000e+00
    108.000    106.914     0.0537  28.572644     0.0528  28.570950     6.2575     6.3528     0.1197    91.0625 1.0000e-12  -64.88568  -63.75836 345.171329      99.97 0.0000e+00    589.820      14157  1028.0193  1028.0182    34.2578    34.2565    8.04062         27 0.0000e+00
    109.000    107.903     0.0340  28.557372     0.0337  28.555748     6.2686     6.3411     0.1281    91.0557 1.0000e-12  -64.88569  -63.75836 345.171365      99.97 0.0000e+00    592.919      14231  1028.0262  1028.0249    34.2590    34.2572    8.04469         32 0.0000e+00
    110.000    108.893     0.0335  28.557219     0.0336  28.555831     6.2630     6.3430     0.1237    91.1006 1.0000e-12  -64.88570  -63.75836 345.171394      99.97 0.0000e+00    595.418      14291  1028.0307  1028.0290    34.2588    34.2568    8.04481         40 0.0000e+00
    111.000    109.885     0.0374  28.560863     0.0379  28.559557     6.2290     6.3242     0.0988    91.1092 1.0000e-12  -64.88570  -63.75836 345.171429      99.97 0.0000e+00    598.498      14365  1028.0348  1028.0330    34.2586    34.2563    8.04399         33 0.0000e+00
    112.000    110.872     0.0168  28.548503     0.0184  28.548344     6.2031     6.2980     0.1005    91.1505 1.0000e-12  -64.88570  -63.75837 345.171460      99.97 0.0000e+00    601.108      14428  1028.0460  1028.0443    34.2647    34.2628    8.04798         38 0.0000e+00
    113.000    111.861     0.0145  28.550656     0.0142  28.549075     6.2298     6.2993     0.0923    91.1906 1.0000e-12  -64.88570  -63.75838 345.171487      99.97 0.0000e+00    603.497      14485  1028.0546  1028.0532    34.2696    34.2678    8.04819         36 0.0000e+00
    114.000    112.852     0.0217  28.559846     0.0212  28.558099     6.0465     6.1915     0.0986    91.2447 1.0000e-12  -64.88570  -63.75838 345.171527      99.97 0.0000e+00    606.965      14568  1028.0614  1028.0600    34.2731    34.2712    8.04648         33 0.0000e+00
    115.000    113.842     0.0470  28.585311     0.0470  28.583960     6.0042     6.1390     0.0662    91.2728 1.0000e-12  -64.88570  -63.75838 345.171548      99.97 0.0000e+00    608.788      14612  1028.0679  1028.0665    34.2778    34.2761    8.04090         38 0.0000e+00
    116.000    114.831     0.0568  28.596287     0.0556  28.593674     5.9988     6.1112     0.0713    91.2908 1.0000e-12  -64.88570  -63.75838 345.171569      99.97 0.0000e+00    610.532      14654  1028.0743  1028.0728    34.2807    34.2786    8.03867         43 0.0000e+00
    117.000    115.822     0.0790  28.617766     0.0780  28.615562     5.9385     6.0536     0.0831    91.3184 1.0000e-12  -64.88570  -63.75838 345.171589      99.97 0.0000e+00    612.301      14696  1028.0799  1028.0785    34.2838    34.2820    8.03386         38 0.0000e+00
    118.000    116.810     0.1294  28.669805     0.1269  28.666574     5.8862     6.0171     0.0723    91.2964 1.0000e-12  -64.88570  -63.75838 345.171605      99.97 0.0000e+00    613.680      14729  1028.0902  1028.0892    34.2955    34.2941    8.02265         29 0.0000e+00
    119.000    117.800     0.1524  28.698571     0.1510  28.695493     5.8928     6.0209     0.0727    91.3085 1.0000e-12  -64.88570  -63.75838 345.171619      99.97 0.0000e+00    614.894      14758  1028.1027  1028.1009    34.3072    34.3047    8.01719         30 0.0000e+00
