NBP2113_155081_ctd/data/dnbp2113_068.cnv
* Sea-Bird SBE 9 Data File:
* FileName = D:\Data\raw\NBP2113_068.hex
* Software Version Seasave V 7.26.7.121
* Temperature SN = 2438
* Conductivity SN = 2067
* Number of Bytes Per Scan = 40
* Number of Voltage Words = 5
* Number of Scans Averaged by the Deck Unit = 1
* NMEA Latitude = 63 34.55 S
* NMEA Longitude = 060 41.64 W
* NMEA UTC (Time) = Dec 15 2021  00:43:21
* NMEA baud rate = 9600
** Ship: RVIB N.B. Palmer
** Cruise: NBP2113 LTER
** Station: 831.-002
** Operator: S. Blackman
# nquan = 25
# nvalues = 568                         
# units = specified
# name 0 = prDM: Pressure, Digiquartz [db]
# name 1 = depSM: Depth [salt water, m]
# name 2 = t090C: Temperature [ITS-90, deg C]
# name 3 = c0mS/cm: Conductivity [mS/cm]
# name 4 = t190C: Temperature, 2 [ITS-90, deg C]
# name 5 = c1mS/cm: Conductivity, 2 [mS/cm]
# name 6 = sbeox0ML/L: Oxygen, SBE 43 [ml/l]
# name 7 = sbeox1ML/L: Oxygen, SBE 43, 2 [ml/l]
# name 8 = flECO-AFL: Fluorescence, WET Labs ECO-AFL/FL [mg/m^3]
# name 9 = CStarTr0: Beam Transmission, WET Labs C-Star [%]
# name 10 = par: PAR/Irradiance, Biospherical/Licor
# name 11 = latitude: Latitude [deg]
# name 12 = longitude: Longitude [deg]
# name 13 = timeJ: Julian Days
# name 14 = altM: Altimeter [m]
# name 15 = spar: SPAR, Biospherical/Licor
# name 16 = timeS: Time, Elapsed [seconds]
# name 17 = scan: Scan Count
# name 18 = density00: Density [density, kg/m^3]
# name 19 = density11: Density, 2 [density, kg/m^3]
# name 20 = sal00: Salinity, Practical [PSU]
# name 21 = sal11: Salinity, Practical, 2 [PSU]
# name 22 = oxsolML/L: Oxygen Saturation, Garcia & Gordon [ml/l]
# name 23 = nbin: number of scans per bin
# name 24 = flag: flag
# span 0 =     10.000,    577.000       
# span 1 =      9.903,    570.606       
# span 2 =    -1.1726,    -0.0686       
# span 3 =  27.762844,  28.423368       
# span 4 =    -1.1746,    -0.0683       
# span 5 =  27.761619,  28.421867       
# span 6 =     6.6899,     7.5247       
# span 7 =     6.7776,     7.5859       
# span 8 =    -0.0142,     1.5655       
# span 9 =    82.7854,    89.7946       
# span 10 = -5.999e-05, 7.5567e+00      
# span 11 =  -63.57604,  -63.57544      
# span 12 =  -60.69408,  -60.69382      
# span 13 = 349.034353, 349.044955      
# span 14 =       9.19,     100.12      
# span 15 = 2.4678e+01, 4.4094e+01      
# span 16 =    367.091,   1283.137      
# span 17 =       8811,      30796      
# span 18 =  1027.5408,  1030.5115      
# span 19 =  1027.5382,  1030.5092      
# span 20 =    34.2320,    34.5049      
# span 21 =    34.2294,    34.5027      
# span 22 =    8.06780,    8.29064      
# span 23 =         14,         47      
# span 24 = 0.0000e+00, 0.0000e+00      
# interval = decibars: 1                
# start_time = Dec 15 2021 00:43:21 [NMEA time, header]
# bad_flag = -9.990e-29
*END*
[from data line 174]
    184.000    182.133    -1.1183  27.765854    -1.1181  27.764458     7.1234     7.1782     0.0452    89.2837 1.0000e-12  -63.57580  -60.69401 349.038609      99.97 3.1732e+01    734.856      17638  1028.5967  1028.5950    34.4532    34.4511    8.28161         22 0.0000e+00
    185.000    183.123    -1.1187  27.766052    -1.1186  27.764626     7.1318     7.1780     0.0393    89.2837 1.0000e-12  -63.57580  -60.69401 349.038619      99.97 3.1732e+01    735.707      17658  1028.6016  1028.5999    34.4534    34.4513    8.28170         20 0.0000e+00
    186.000    184.112    -1.1188  27.766500    -1.1186  27.765118     7.1304     7.1818     0.0363    89.2837 1.0000e-12  -63.57580  -60.69401 349.038629      99.97 3.1732e+01    736.587      17679  1028.6065  1028.6047    34.4535    34.4513    8.28172         22 0.0000e+00
    187.000    185.103    -1.1192  27.766764    -1.1189  27.765297     7.1257     7.1913     0.0445    89.2881 1.0000e-12  -63.57579  -60.69400 349.038643      99.97 3.1732e+01    737.731      17707  1028.6113  1028.6095    34.4536    34.4513    8.28178         34 0.0000e+00
    188.000    186.091    -1.1196  27.766968    -1.1193  27.765523     7.1244     7.1861     0.0625    89.2919 1.0000e-12  -63.57578  -60.69401 349.038664      99.97 3.1732e+01    739.545      17750  1028.6162  1028.6144    34.4537    34.4515    8.28186         44 0.0000e+00
    189.000    187.081    -1.1190  27.767582    -1.1187  27.766368     7.1168     7.1919     0.0547    89.2806 1.0000e-12  -63.57578  -60.69400 349.038682      99.97 3.1732e+01    741.143      17788  1028.6206  1028.6189    34.4533    34.4512    8.28177         29 0.0000e+00
    190.000    188.070    -1.1196  27.767862    -1.1192  27.766580     7.1173     7.1903     0.0456    89.2814 1.0000e-12  -63.57578  -60.69400 349.038694      99.97 3.1732e+01    742.143      17812  1028.6257  1028.6239    34.4537    34.4515    8.28187         22 0.0000e+00
    191.000    189.059    -1.1188  27.768735    -1.1186  27.767452     7.1159     7.1857     0.0370    89.2971 1.0000e-12  -63.57578  -60.69400 349.038704      99.96 3.1732e+01    743.036      17834  1028.6301  1028.6285    34.4533    34.4514    8.28171         21 0.0000e+00
    192.000    190.050    -1.1199  27.768566    -1.1198  27.767223     7.1199     7.1793     0.0463    89.2907 1.0000e-12  -63.57578  -60.69400 349.038716      99.97 3.1732e+01    744.082      17859  1028.6354  1028.6337    34.4538    34.4518    8.28194         30 0.0000e+00
    193.000    191.038    -1.1210  27.768388    -1.1207  27.767146     7.1146     7.1860     0.0644    89.2808 1.0000e-12  -63.57578  -60.69400 349.038732      99.97 3.1732e+01    745.457      17892  1028.6404  1028.6388    34.4541    34.4521    8.28215         32 0.0000e+00
    194.000    192.028    -1.1216  27.768651    -1.1213  27.767324     7.1024     7.1869     0.0543    89.2837 1.0000e-12  -63.57578  -60.69400 349.038747      99.97 3.1732e+01    746.780      17924  1028.6457  1028.6438    34.4546    34.4524    8.28227         30 0.0000e+00
    195.000    193.017    -1.1219  27.768967    -1.1218  27.767512     7.1047     7.1835     0.0488    89.2837 1.0000e-12  -63.57578  -60.69401 349.038761      99.97 3.1732e+01    747.965      17952  1028.6506  1028.6489    34.4548    34.4527    8.28232         29 0.0000e+00
    196.000    194.007    -1.1221  27.769249    -1.1221  27.767770     7.1239     7.1822     0.0509    89.2845 1.0000e-12  -63.57578  -60.69400 349.038777      99.97 3.1732e+01    749.308      17984  1028.6553  1028.6536    34.4547    34.4527    8.28236         35 0.0000e+00
    197.000    194.995    -1.1217  27.769793    -1.1214  27.768544     7.1177     7.1859     0.0536    89.3036 1.0000e-12  -63.57578  -60.69400 349.038795      99.97 3.1732e+01    750.860      18022  1028.6598  1028.6581    34.4544    34.4524    8.28230         36 0.0000e+00
    198.000    195.986    -1.1216  27.770544    -1.1213  27.769333     7.1181     7.1813     0.0546    89.2903 1.0000e-12  -63.57578  -60.69400 349.038809      99.97 3.1732e+01    752.133      18052  1028.6647  1028.6631    34.4546    34.4527    8.28225         26 0.0000e+00
    199.000    196.975    -1.1214  27.771318    -1.1212  27.769913     7.1189     7.1769     0.0509    89.2923 1.0000e-12  -63.57576  -60.69398 349.038820      99.97 3.1732e+01    753.086      18075  1028.6697  1028.6679    34.4549    34.4527    8.28221         21 0.0000e+00
    200.000    197.962    -1.1215  27.771556    -1.1212  27.770257     7.1163     7.1832     0.0505    89.2717 1.0000e-12  -63.57576  -60.69398 349.038830      99.97 3.0735e+01    753.908      18095  1028.6743  1028.6726    34.4547    34.4526    8.28223         19 0.0000e+00
    201.000    198.954    -1.1215  27.772036    -1.1213  27.770758     7.1179     7.1846     0.0505    89.2722 1.0000e-12  -63.57576  -60.69398 349.038839      99.97 2.9963e+01    754.693      18114  1028.6791  1028.6775    34.4547    34.4527    8.28224         18 0.0000e+00
    202.000    199.942    -1.1223  27.772057    -1.1220  27.770698     7.1168     7.1844     0.0509    89.2863 1.0000e-12  -63.57576  -60.69398 349.038848      99.97 2.9969e+01    755.508      18133  1028.6843  1028.6824    34.4551    34.4528    8.28239         21 0.0000e+00
    203.000    200.933    -1.1223  27.772490    -1.1220  27.771067     7.1103     7.1778     0.0586    89.2896 1.0000e-12  -63.57576  -60.69400 349.038861      99.97 2.9969e+01    756.557      18158  1028.6890  1028.6871    34.4550    34.4528    8.28239         30 0.0000e+00
    204.000    201.921    -1.1226  27.772811    -1.1222  27.771527     7.1114     7.1764     0.0618    89.2955 1.0000e-12  -63.57576  -60.69400 349.038883      99.97 2.9969e+01    758.481      18205  1028.6939  1028.6921    34.4552    34.4530    8.28246         47 0.0000e+00
    205.000    202.911    -1.1224  27.773733    -1.1222  27.772395     7.1153     7.1616     0.0455    89.2941 1.0000e-12  -63.57576  -60.69399 349.038909      99.97 2.9969e+01    760.711      18258  1028.6989  1028.6973    34.4555    34.4535    8.28238         32 0.0000e+00
    206.000    203.899    -1.1229  27.774344    -1.1228  27.772985     7.1018     7.1611     0.0486    89.3170 1.0000e-12  -63.57576  -60.69398 349.038922      99.97 2.9969e+01    761.841      18285  1028.7044  1028.7028    34.4564    34.4544    8.28245         22 0.0000e+00
    207.000    204.889    -1.1236  27.774782    -1.1231  27.773585     7.1031     7.1654     0.0435    89.3122 1.0000e-12  -63.57576  -60.69398 349.038931      99.96 2.9969e+01    762.668      18305  1028.7099  1028.7081    34.4571    34.4550    8.28255         18 0.0000e+00
    208.000    205.879    -1.1234  27.775321    -1.1232  27.773927     7.1026     7.1644     0.0298    89.3080 1.0000e-12  -63.57576  -60.69398 349.038940      99.97 2.9969e+01    763.391      18322  1028.7145  1028.7128    34.4570    34.4549    8.28251         18 0.0000e+00
    209.000    206.868    -1.1229  27.775977    -1.1228  27.774529     7.1019     7.1661     0.0357    89.3174 1.0000e-12  -63.57576  -60.69398 349.038949      99.97 2.9969e+01    764.152      18341  1028.7190  1028.7173    34.4567    34.4546    8.28242         19 0.0000e+00
    210.000    207.856    -1.1231  27.776229    -1.1225  27.775023     7.1003     7.1730     0.0462    89.3174 1.0000e-12  -63.57576  -60.69398 349.038960      99.97 2.9969e+01    765.167      18365  1028.7238  1028.7219    34.4567    34.4544    8.28248         29 0.0000e+00
    211.000    208.846    -1.1236  27.776707    -1.1234  27.775352     7.1031     7.1681     0.0550    89.3202 1.0000e-12  -63.57576  -60.69398 349.038982      99.97 2.9969e+01    767.044      18410  1028.7290  1028.7273    34.4572    34.4551    8.28254         41 0.0000e+00
    212.000    209.836    -1.1233  27.777188    -1.1231  27.775938     7.0889     7.1544     0.0483    89.3180 1.0000e-12  -63.57576  -60.69398 349.038998      99.97 2.9969e+01    768.429      18443  1028.7335  1028.7320    34.4569    34.4550    8.28249         24 0.0000e+00
    213.000    210.823    -1.1252  27.776886    -1.1251  27.775613     7.0888     7.1532     0.0435    89.3283 1.0000e-12  -63.57576  -60.69396 349.039009      99.97 2.9969e+01    769.365      18466  1028.7394  1028.7379    34.4581    34.4562    8.28286         22 0.0000e+00
    214.000    211.814    -1.1297  27.774841    -1.1289  27.773945     7.0848     7.1565     0.0439    89.3328 1.0000e-12  -63.57576  -60.69396 349.039019      99.97 2.9969e+01    770.262      18487  1028.7460  1028.7441    34.4599    34.4577    8.28375         23 0.0000e+00
    215.000    212.804    -1.1347  27.772018    -1.1342  27.770838     7.0854     7.1523     0.0628    89.3359 1.0000e-12  -63.57574  -60.69396 349.039034      99.97 2.9969e+01    771.534      18518  1028.7521  1028.7503    34.4612    34.4589    8.28478         36 0.0000e+00
    216.000    213.792    -1.1360  27.771684    -1.1357  27.770408     7.0806     7.1474     0.0734    89.3375 1.0000e-12  -63.57574  -60.69396 349.039055      99.97 2.9969e+01    773.375      18562  1028.7571  1028.7554    34.4615    34.4594    8.28504         34 0.0000e+00
    217.000    214.782    -1.1360  27.772408    -1.1358  27.771069     7.0679     7.1377     0.0446    89.3456 1.0000e-12  -63.57574  -60.69396 349.039068      99.97 2.9969e+01    774.467      18588  1028.7622  1028.7605    34.4618    34.4598    8.28501         22 0.0000e+00
    218.000    215.772    -1.1356  27.773313    -1.1355  27.771819     7.0511     7.1296     0.0492    89.3353 1.0000e-12  -63.57574  -60.69394 349.039079      99.97 2.9969e+01    775.391      18610  1028.7671  1028.7653    34.4620    34.4598    8.28492         22 0.0000e+00
    219.000    216.761    -1.1331  27.777569    -1.1328  27.776423     7.0358     7.1229     0.0459    89.3608 1.0000e-12  -63.57574  -60.69394 349.039091      99.97 2.9969e+01    776.453      18636  1028.7735  1028.7719    34.4644    34.4624    8.28423         29 0.0000e+00
    220.000    217.750    -1.1298  27.781331    -1.1298  27.779811     7.0305     7.1177     0.0551    89.3533 1.0000e-12  -63.57574  -60.69393 349.039105      99.97 2.9969e+01    777.699      18666  1028.7787  1028.7770    34.4651    34.4630    8.28346         28 0.0000e+00
    221.000    218.739    -1.1273  27.784860    -1.1272  27.783569     7.0319     7.1175     0.0514    89.3744 1.0000e-12  -63.57574  -60.69394 349.039120      99.97 2.9969e+01    778.927      18695  1028.7843  1028.7828    34.4665    34.4645    8.28283         29 0.0000e+00
    222.000    219.728    -1.1272  27.785504    -1.1270  27.784242     7.0405     7.1102     0.0436    89.3712 1.0000e-12  -63.57574  -60.69394 349.039132      99.97 2.9969e+01    780.035      18722  1028.7892  1028.7876    34.4666    34.4646    8.28280         25 0.0000e+00
    223.000    220.719    -1.1272  27.786057    -1.1269  27.784809     7.0440     7.1098     0.0436    89.3947 1.0000e-12  -63.57574  -60.69394 349.039145      99.97 2.9969e+01    781.132      18748  1028.7941  1028.7925    34.4667    34.4647    8.28279         28 0.0000e+00
    224.000    221.706    -1.1270  27.786822    -1.1267  27.785407     7.0368     7.1099     0.0491    89.3965 1.0000e-12  -63.57574  -60.69393 349.039160      99.97 2.9969e+01    782.419      18779  1028.7990  1028.7972    34.4669    34.4646    8.28273         34 0.0000e+00
    225.000    222.696    -1.1259  27.788246    -1.1255  27.787050     7.0407     7.1103     0.0406    89.3910 1.0000e-12  -63.57574  -60.69392 349.039176      99.97 2.9969e+01    783.772      18812  1028.8038  1028.8021    34.4670    34.4648    8.28249         30 0.0000e+00
    226.000    223.686    -1.1252  27.789369    -1.1253  27.788023     7.0382     7.1019     0.0328    89.3938 1.0000e-12  -63.57574  -60.69392 349.039189      99.97 2.9969e+01    784.898      18839  1028.8087  1028.8073    34.4671    34.4654    8.28233         25 0.0000e+00
    227.000    224.674    -1.1247  27.790231    -1.1250  27.788599     7.0244     7.0893     0.0334    89.4131 1.0000e-12  -63.57574  -60.69392 349.039200      99.97 2.9969e+01    785.895      18862  1028.8134  1028.8119    34.4671    34.4652    8.28222         23 0.0000e+00
    228.000    225.663    -1.1210  27.794625    -1.1210  27.793084     7.0175     7.0821     0.0433    89.3973 1.0000e-12  -63.57573  -60.69392 349.039212      99.97 2.9969e+01    786.949      18888  1028.8188  1028.8172    34.4682    34.4661    8.28133         28 0.0000e+00
    229.000    226.654    -1.1183  27.798332    -1.1184  27.796491     7.0068     7.0861     0.0436    89.2928 1.0000e-12  -63.57572  -60.69392 349.039226      99.97 2.9969e+01    788.162      18917  1028.8245  1028.8226    34.4695    34.4671    8.28065         30 0.0000e+00
    230.000    227.643    -1.1172  27.799923    -1.1174  27.798136     6.9865     7.0726     0.0436    89.4106 1.0000e-12  -63.57572  -60.69392 349.039241      99.97 3.0030e+01    789.425      18947  1028.8295  1028.8277    34.4698    34.4676    8.28039         29 0.0000e+00
    231.000    228.630    -1.1130  27.804421    -1.1126  27.803010     6.9808     7.0676     0.0436    89.4193 1.0000e-12  -63.57574  -60.69392 349.039255      99.97 3.0635e+01    790.609      18976  1028.8346  1028.8326    34.4705    34.4681    8.27943         27 0.0000e+00
    232.000    229.620    -1.1073  27.810086    -1.1068  27.809111     6.9793     7.0651     0.0436    89.4502 1.0000e-12  -63.57574  -60.69392 349.039267      99.97 3.1663e+01    791.692      19002  1028.8395  1028.8379    34.4712    34.4692    8.27814         26 0.0000e+00
    233.000    230.609    -1.1073  27.810812    -1.1072  27.809463     6.9879     7.0630     0.0478    89.4501 1.0000e-12  -63.57573  -60.69392 349.039280      99.97 3.1731e+01    792.757      19027  1028.8446  1028.8430    34.4715    34.4695    8.27812         26 0.0000e+00
    234.000    231.598    -1.1079  27.810892    -1.1075  27.809537     6.9942     7.0599     0.0464    89.4497 1.0000e-12  -63.57572  -60.69392 349.039293      99.97 3.1732e+01    793.908      19055  1028.8496  1028.8478    34.4717    34.4694    8.27824         29 0.0000e+00
    235.000    232.589    -1.1068  27.812288    -1.1066  27.810849     6.9816     7.0518     0.0489    89.4291 1.0000e-12  -63.57572  -60.69394 349.039307      99.97 3.1732e+01    795.136      19084  1028.8544  1028.8526    34.4717    34.4695    8.27799         29 0.0000e+00
    236.000    233.575    -1.1053  27.813931    -1.1049  27.812673     6.9757     7.0417     0.0394    89.4416 1.0000e-12  -63.57572  -60.69394 349.039320      99.97 3.1732e+01    796.250      19111  1028.8591  1028.8573    34.4717    34.4695    8.27768         24 0.0000e+00
    237.000    234.569    -1.1037  27.816000    -1.1038  27.814469     6.9668     7.0396     0.0359    89.4404 1.0000e-12  -63.57572  -60.69394 349.039331      99.97 3.1732e+01    797.212      19134  1028.8640  1028.8624    34.4720    34.4700    8.27730         23 0.0000e+00
    238.000    235.555    -1.1008  27.819189    -1.1009  27.817733     6.9640     7.0405     0.0362    89.3942 1.0000e-12  -63.57572  -60.69394 349.039342      99.97 3.1732e+01    798.151      19157  1028.8689  1028.8674    34.4724    34.4705    8.27663         23 0.0000e+00
    239.000    236.545    -1.1015  27.819366    -1.1020  27.817177     6.9647     7.0448     0.0439    89.4396 1.0000e-12  -63.57572  -60.69394 349.039355      99.97 3.1732e+01    799.248      19183  1028.8741  1028.8723    34.4727    34.4704    8.27675         31 0.0000e+00
    240.000    237.534    -1.0999  27.821245    -1.0997  27.819547     6.9613     7.0316     0.0530    89.4490 1.0000e-12  -63.57572  -60.69396 349.039375      99.97 3.1732e+01    801.001      19225  1028.8790  1028.8769    34.4728    34.4703    8.27639         41 0.0000e+00
