NBP2113_155081_ctd/data/dnbp2113_067.cnv
* Sea-Bird SBE 9 Data File:
* FileName = D:\Data\raw\NBP2113_067.hex
* Software Version Seasave V 7.26.7.121
* Temperature SN = 2438
* Conductivity SN = 2067
* Number of Bytes Per Scan = 40
* Number of Voltage Words = 5
* Number of Scans Averaged by the Deck Unit = 1
* NMEA Latitude = 64 09.64 S
* NMEA Longitude = 061 49.92 W
* NMEA UTC (Time) = Dec 14 2021  19:29:58
* NMEA baud rate = 9600
** Ship: RVIB N.B. Palmer
** Cruise: NBP2113 LTER
** Station: 744.002
** Operator: S. Blackman
# nquan = 25
# nvalues = 471                         
# units = specified
# name 0 = prDM: Pressure, Digiquartz [db]
# name 1 = depSM: Depth [salt water, m]
# name 2 = t090C: Temperature [ITS-90, deg C]
# name 3 = c0mS/cm: Conductivity [mS/cm]
# name 4 = t190C: Temperature, 2 [ITS-90, deg C]
# name 5 = c1mS/cm: Conductivity, 2 [mS/cm]
# name 6 = sbeox0ML/L: Oxygen, SBE 43 [ml/l]
# name 7 = sbeox1ML/L: Oxygen, SBE 43, 2 [ml/l]
# name 8 = flECO-AFL: Fluorescence, WET Labs ECO-AFL/FL [mg/m^3]
# name 9 = CStarTr0: Beam Transmission, WET Labs C-Star [%]
# name 10 = par: PAR/Irradiance, Biospherical/Licor
# name 11 = latitude: Latitude [deg]
# name 12 = longitude: Longitude [deg]
# name 13 = timeJ: Julian Days
# name 14 = altM: Altimeter [m]
# name 15 = spar: SPAR, Biospherical/Licor
# name 16 = timeS: Time, Elapsed [seconds]
# name 17 = scan: Scan Count
# name 18 = density00: Density [density, kg/m^3]
# name 19 = density11: Density, 2 [density, kg/m^3]
# name 20 = sal00: Salinity, Practical [PSU]
# name 21 = sal11: Salinity, Practical, 2 [PSU]
# name 22 = oxsolML/L: Oxygen Saturation, Garcia & Gordon [ml/l]
# name 23 = nbin: number of scans per bin
# name 24 = flag: flag
# span 0 =      6.000,    476.000       
# span 1 =      5.951,    470.818       
# span 2 =    -0.7137,     0.3608       
# span 3 =  28.126937,  28.719224       
# span 4 =    -0.7135,     0.3602       
# span 5 =  28.125652,  28.717903       
# span 6 =     5.7148,     7.2970       
# span 7 =     5.8807,     7.3654       
# span 8 =    -0.0222,     1.0609       
# span 9 =    84.3543,    90.3031       
# span 10 = -4.386e-05, 1.2927e+02      
# span 11 =  -64.16166,  -64.16103      
# span 12 =  -61.83263,  -61.83203      
# span 13 = 348.815793, 348.824597      
# span 14 =       8.94,     100.17      
# span 15 = 6.7695e+02, 8.7793e+02      
# span 16 =    286.482,   1047.158      
# span 17 =       6877,      25133      
# span 18 =  1027.3697,  1030.0097      
# span 19 =  1027.3657,  1030.0080      
# span 20 =    34.0631,    34.5208      
# span 21 =    34.0603,    34.5193      
# span 22 =    7.98751,    8.19334      
# span 23 =          9,         49      
# span 24 = 0.0000e+00, 0.0000e+00      
# interval = decibars: 1                
# start_time = Dec 14 2021 19:29:58 [NMEA time, header]
# bad_flag = -9.990e-29
*END*
[from data line 232]
    238.000    235.546    -0.7136  28.127705    -0.7134  28.126535     6.3648     6.4190     0.0040    90.0528 1.0000e-12  -64.16128  -61.83228 348.820893      99.97 8.4795e+02    727.191      17454  1028.8339  1028.8325    34.4493    34.4475    8.19331         30 0.0000e+00
    239.000    236.534    -0.7134  28.128570    -0.7132  28.127330     6.3578     6.4241    -0.0044    89.9987 1.0000e-12  -64.16130  -61.83228 348.820908      99.97 8.4934e+02    728.418      17483  1028.8386  1028.8372    34.4496    34.4478    8.19324         30 0.0000e+00
    240.000    237.524    -0.7137  28.129283    -0.7135  28.127964     6.3538     6.4174    -0.0077    90.0465 1.0000e-12  -64.16130  -61.83228 348.820922      99.97 8.4971e+02    729.621      17512  1028.8439  1028.8423    34.4504    34.4484    8.19328         27 0.0000e+00
    241.000    238.513    -0.7133  28.130363    -0.7131  28.129128     6.3515     6.4153    -0.0077    90.0621 1.0000e-12  -64.16130  -61.83228 348.820934      99.97 8.4998e+02    730.731      17539  1028.8487  1028.8472    34.4507    34.4488    8.19316         26 0.0000e+00
    242.000    239.502    -0.7127  28.131462    -0.7124  28.130463     6.3526     6.4144    -0.0004    90.0342 1.0000e-12  -64.16130  -61.83228 348.820947      99.97 8.5148e+02    731.818      17565  1028.8535  1028.8521    34.4510    34.4492    8.19303         26 0.0000e+00
    243.000    240.491    -0.7125  28.132189    -0.7121  28.131097     6.3535     6.4134    -0.0047    90.0400 1.0000e-12  -64.16130  -61.83229 348.820961      99.97 8.5167e+02    733.011      17593  1028.8583  1028.8567    34.4511    34.4491    8.19298         32 0.0000e+00
    244.000    241.480    -0.7104  28.134444    -0.7103  28.133274     6.3397     6.4052     0.0036    90.0569 1.0000e-12  -64.16130  -61.83230 348.820976      99.97 8.5322e+02    734.327      17625  1028.8628  1028.8614    34.4511    34.4494    8.19252         31 0.0000e+00
    245.000    242.469    -0.7049  28.140147    -0.7041  28.139623     6.3215     6.3941     0.0006    90.0902 1.0000e-12  -64.16130  -61.83230 348.820990      99.97 8.5323e+02    735.563      17655  1028.8678  1028.8664    34.4520    34.4503    8.19128         28 0.0000e+00
    246.000    243.458    -0.6932  28.151907    -0.6941  28.149773     6.3099     6.3936    -0.0074    90.0839 1.0000e-12  -64.16130  -61.83230 348.821003      99.97 8.5323e+02    736.699      17682  1028.8731  1028.8717    34.4539    34.4520    8.18863         27 0.0000e+00
    247.000    244.447    -0.6905  28.155968    -0.6903  28.154685     6.3156     6.3917    -0.0004    90.0730 1.0000e-12  -64.16130  -61.83230 348.821017      99.97 8.5451e+02    737.876      17710  1028.8791  1028.8776    34.4556    34.4537    8.18793         29 0.0000e+00
    248.000    245.437    -0.6917  28.156014    -0.6917  28.154772     6.3307     6.3915    -0.0021    90.0433 1.0000e-12  -64.16130  -61.83230 348.821032      99.97 8.5501e+02    739.141      17740  1028.8847  1028.8833    34.4565    34.4549    8.18815         31 0.0000e+00
    249.000    246.425    -0.6924  28.156317    -0.6922  28.155215     6.3248     6.3931    -0.0050    90.0502 1.0000e-12  -64.16130  -61.83230 348.821046      99.97 8.5500e+02    740.403      17771  1028.8900  1028.8885    34.4570    34.4553    8.18826         30 0.0000e+00
    250.000    247.414    -0.6927  28.156841    -0.6926  28.155605     6.3275     6.3892    -0.0003    90.1047 1.0000e-12  -64.16132  -61.83232 348.821060      99.97 8.5575e+02    741.603      17799  1028.8951  1028.8936    34.4575    34.4557    8.18831         27 0.0000e+00
    251.000    248.403    -0.6923  28.157633    -0.6923  28.156382     6.3168     6.3919    -0.0035    90.1027 1.0000e-12  -64.16132  -61.83232 348.821073      99.97 8.5677e+02    742.700      17826  1028.8999  1028.8985    34.4575    34.4559    8.18822         26 0.0000e+00
    252.000    249.393    -0.6920  28.158665    -0.6920  28.157212     6.3098     6.3877    -0.0077    90.0883 1.0000e-12  -64.16132  -61.83232 348.821085      99.97 8.5676e+02    743.738      17851  1028.9049  1028.9034    34.4579    34.4560    8.18812         25 0.0000e+00
    253.000    250.382    -0.6911  28.159741    -0.6911  28.158433     6.3133     6.3806    -0.0044    90.1001 1.0000e-12  -64.16132  -61.83232 348.821098      99.97 8.5676e+02    744.835      17877  1028.9096  1028.9081    34.4578    34.4560    8.18795         28 0.0000e+00
    254.000    251.370    -0.6904  28.161001    -0.6905  28.159471     6.3187     6.3815    -0.0002    90.0952 1.0000e-12  -64.16132  -61.83232 348.821112      99.97 8.5816e+02    746.114      17908  1028.9144  1028.9129    34.4580    34.4561    8.18777         33 0.0000e+00
    255.000    252.360    -0.6907  28.161080    -0.6908  28.159558     6.3164     6.3827    -0.0004    90.0544 1.0000e-12  -64.16132  -61.83234 348.821128      99.97 8.5852e+02    747.416      17939  1028.9191  1028.9176    34.4578    34.4560    8.18785         29 0.0000e+00
    256.000    253.349    -0.6906  28.161624    -0.6905  28.160368     6.3241     6.3824    -0.0063    90.0729 1.0000e-12  -64.16132  -61.83234 348.821141      99.97 8.5852e+02    748.554      17966  1028.9239  1028.9224    34.4579    34.4561    8.18783         26 0.0000e+00
    257.000    254.338    -0.6903  28.162414    -0.6903  28.161018     6.3249     6.3867    -0.0134    90.0439 1.0000e-12  -64.16133  -61.83234 348.821154      99.97 8.5852e+02    749.703      17994  1028.9287  1028.9272    34.4580    34.4561    8.18776         30 0.0000e+00
    258.000    255.326    -0.6898  28.163209    -0.6898  28.162007     6.3185     6.3876    -0.0032    90.0821 1.0000e-12  -64.16134  -61.83234 348.821170      99.97 8.5852e+02    751.048      18026  1028.9334  1028.9320    34.4579    34.4562    8.18766         33 0.0000e+00
    259.000    256.316    -0.6898  28.163580    -0.6901  28.162020     6.3164     6.3901    -0.0110    90.0836 1.0000e-12  -64.16134  -61.83234 348.821185      99.97 8.5852e+02    752.370      18058  1028.9381  1028.9367    34.4578    34.4560    8.18766         30 0.0000e+00
    260.000    257.305    -0.6900  28.163848    -0.6900  28.162523     6.3240     6.3891    -0.0028    90.0762 1.0000e-12  -64.16134  -61.83235 348.821198      99.97 8.5852e+02    753.541      18086  1028.9428  1028.9414    34.4578    34.4560    8.18771         27 0.0000e+00
    261.000    258.294    -0.6922  28.162710    -0.6920  28.161571     6.3259     6.3899    -0.0047    90.0757 1.0000e-12  -64.16134  -61.83234 348.821212      99.97 8.5852e+02    754.703      18114  1028.9480  1028.9466    34.4581    34.4563    8.18816         29 0.0000e+00
    262.000    259.282    -0.6935  28.161984    -0.6927  28.161343     6.3191     6.3845    -0.0042    90.0861 1.0000e-12  -64.16134  -61.83234 348.821226      99.97 8.5852e+02    755.968      18144  1028.9528  1028.9513    34.4580    34.4562    8.18845         31 0.0000e+00
    263.000    260.272    -0.6933  28.162695    -0.6932  28.161421     6.3218     6.3863    -0.0075    90.0757 1.0000e-12  -64.16134  -61.83236 348.821241      99.97 8.5852e+02    757.215      18174  1028.9576  1028.9561    34.4581    34.4563    8.18840         29 0.0000e+00
    264.000    261.261    -0.6944  28.162160    -0.6942  28.160972     6.3240     6.3865    -0.0024    90.0887 1.0000e-12  -64.16134  -61.83236 348.821254      99.97 8.5950e+02    758.340      18201  1028.9624  1028.9610    34.4580    34.4562    8.18864         26 0.0000e+00
    265.000    262.249    -0.6940  28.162868    -0.6936  28.161816     6.3238     6.3865    -0.0056    90.0655 1.0000e-12  -64.16134  -61.83236 348.821266      99.97 8.6029e+02    759.414      18227  1028.9671  1028.9655    34.4580    34.4560    8.18857         25 0.0000e+00
    266.000    263.239    -0.6929  28.164540    -0.6927  28.163545     6.3196     6.3861    -0.0127    90.0889 1.0000e-12  -64.16134  -61.83236 348.821279      99.97 8.6029e+02    760.515      18253  1028.9721  1028.9707    34.4584    34.4567    8.18831         27 0.0000e+00
    267.000    264.228    -0.6942  28.164165    -0.6939  28.163114     6.3286     6.3863    -0.0091    90.1061 1.0000e-12  -64.16134  -61.83236 348.821293      99.97 8.6029e+02    761.712      18282  1028.9772  1028.9757    34.4587    34.4569    8.18857         31 0.0000e+00
    268.000    265.217    -0.6942  28.164516    -0.6943  28.163226     6.3265     6.3922    -0.0077    90.0871 1.0000e-12  -64.16134  -61.83236 348.821308      99.97 8.6029e+02    762.979      18312  1028.9819  1028.9805    34.4586    34.4569    8.18858         30 0.0000e+00
    269.000    266.206    -0.6930  28.165971    -0.6930  28.164679     6.3194     6.3941    -0.0084    90.0905 1.0000e-12  -64.16134  -61.83234 348.821322      99.97 8.6029e+02    764.223      18342  1028.9865  1028.9850    34.4586    34.4567    8.18832         30 0.0000e+00
    270.000    267.195    -0.6930  28.166521    -0.6929  28.165226     6.3181     6.3867    -0.0150    90.0739 1.0000e-12  -64.16136  -61.83234 348.821336      99.97 8.6029e+02    765.460      18372  1028.9913  1028.9898    34.4586    34.4567    8.18830         29 0.0000e+00
    271.000    268.183    -0.6924  28.167293    -0.6923  28.165994     6.3227     6.3867    -0.0150    90.0435 1.0000e-12  -64.16136  -61.83234 348.821350      99.97 8.6029e+02    766.674      18401  1028.9958  1028.9944    34.4584    34.4566    8.18819         29 0.0000e+00
    272.000    269.173    -0.6918  28.168194    -0.6920  28.166719     6.3190     6.3877    -0.0150    90.0729 1.0000e-12  -64.16136  -61.83234 348.821364      99.97 8.6036e+02    767.807      18428  1029.0005  1028.9991    34.4583    34.4566    8.18806         26 0.0000e+00
    273.000    270.161    -0.6928  28.168221    -0.6928  28.166871     6.3147     6.3835    -0.0175    90.0917 1.0000e-12  -64.16136  -61.83234 348.821376      99.97 8.6170e+02    768.890      18454  1029.0058  1029.0044    34.4589    34.4571    8.18825         26 0.0000e+00
    274.000    271.153    -0.6938  28.168021    -0.6933  28.167026     6.3178     6.3853    -0.0158    90.0862 1.0000e-12  -64.16136  -61.83234 348.821390      99.97 8.6205e+02    770.078      18483  1029.0109  1029.0093    34.4591    34.4572    8.18846         30 0.0000e+00
    275.000    272.139    -0.6937  28.168409    -0.6940  28.166939     6.3181     6.3879    -0.0077    90.1078 1.0000e-12  -64.16136  -61.83234 348.821406      99.97 8.6205e+02    771.485      18517  1029.0155  1029.0141    34.4590    34.4573    8.18845         34 0.0000e+00
    276.000    273.129    -0.6947  28.168183    -0.6949  28.166893     6.3230     6.3849     0.0050    90.1094 1.0000e-12  -64.16136  -61.83234 348.821422      99.97 8.6205e+02    772.835      18549  1029.0204  1029.0191    34.4592    34.4576    8.18865         31 0.0000e+00
    277.000    274.117    -0.7008  28.165328    -0.7003  28.164236     6.3136     6.3795    -0.0144    90.0905 1.0000e-12  -64.16136  -61.83234 348.821436      99.97 8.6205e+02    774.039      18578  1029.0277  1029.0260    34.4616    34.4596    8.18983         27 0.0000e+00
    278.000    275.107    -0.7014  28.166405    -0.7011  28.165268     6.3167     6.3836    -0.0076    90.1059 1.0000e-12  -64.16136  -61.83234 348.821449      99.97 8.6205e+02    775.176      18605  1029.0336  1029.0321    34.4631    34.4613    8.18987         27 0.0000e+00
    279.000    276.094    -0.6973  28.171086    -0.6972  28.169808     6.3139     6.3822    -0.0071    90.0978 1.0000e-12  -64.16136  -61.83234 348.821461      99.97 8.6205e+02    776.270      18631  1029.0389  1029.0374    34.4642    34.4624    8.18892         26 0.0000e+00
    280.000    277.084    -0.6962  28.172790    -0.6962  28.171449     6.3194     6.3763    -0.0013    90.0822 1.0000e-12  -64.16136  -61.83234 348.821474      99.97 8.6205e+02    777.372      18658  1029.0439  1029.0424    34.4646    34.4628    8.18865         28 0.0000e+00
    281.000    278.074    -0.6950  28.174780    -0.6950  28.173555     6.3176     6.3808    -0.0076    90.1057 1.0000e-12  -64.16136  -61.83234 348.821489      99.97 8.6214e+02    778.626      18688  1029.0491  1029.0478    34.4653    34.4636    8.18836         32 0.0000e+00
    282.000    279.062    -0.6949  28.175521    -0.6950  28.174119     6.3093     6.3763    -0.0077    90.1069 1.0000e-12  -64.16136  -61.83234 348.821504      99.97 8.6384e+02    779.963      18720  1029.0541  1029.0526    34.4656    34.4638    8.18831         30 0.0000e+00
    283.000    280.051    -0.6938  28.177107    -0.6939  28.175760     6.3047     6.3704    -0.0115    90.1336 1.0000e-12  -64.16136  -61.83234 348.821518      99.97 8.6381e+02    781.136      18748  1029.0591  1029.0577    34.4659    34.4642    8.18807         27 0.0000e+00
    284.000    281.039    -0.6927  28.179040    -0.6927  28.177756     6.3033     6.3654    -0.0111    90.1285 1.0000e-12  -64.16136  -61.83234 348.821530      99.97 8.6381e+02    782.214      18774  1029.0643  1029.0629    34.4666    34.4648    8.18778         26 0.0000e+00
    285.000    282.028    -0.6915  28.180717    -0.6916  28.179318     6.3020     6.3665    -0.0077    90.1126 1.0000e-12  -64.16138  -61.83234 348.821543      99.97 8.6381e+02    783.323      18801  1029.0692  1029.0677    34.4669    34.4651    8.18750         27 0.0000e+00
    286.000    283.018    -0.6900  28.182917    -0.6900  28.181648     6.2983     6.3616    -0.0118    90.1259 1.0000e-12  -64.16138  -61.83234 348.821556      99.97 8.6381e+02    784.469      18828  1029.0744  1029.0731    34.4676    34.4659    8.18715         28 0.0000e+00
    287.000    284.006    -0.6888  28.184576    -0.6889  28.183216     6.2997     6.3608    -0.0102    90.1272 1.0000e-12  -64.16138  -61.83234 348.821570      99.97 8.6489e+02    785.650      18857  1029.0793  1029.0779    34.4678    34.4661    8.18687         29 0.0000e+00
    288.000    284.994    -0.6870  28.186956    -0.6870  28.185686     6.2913     6.3642    -0.0077    90.1127 1.0000e-12  -64.16138  -61.83234 348.821585      99.97 8.6557e+02    786.913      18887  1029.0844  1029.0830    34.4684    34.4666    8.18645         31 0.0000e+00
    289.000    285.984    -0.6844  28.190146    -0.6845  28.188852     6.2919     6.3645    -0.0140    90.1351 1.0000e-12  -64.16138  -61.83234 348.821599      99.97 8.6557e+02    788.184      18917  1029.0896  1029.0882    34.4691    34.4675    8.18584         30 0.0000e+00
    290.000    286.974    -0.6838  28.191477    -0.6837  28.190160     6.2842     6.3575    -0.0097    90.1592 1.0000e-12  -64.16138  -61.83234 348.821614      99.97 8.6557e+02    789.420      18947  1029.0947  1029.0932    34.4695    34.4677    8.18568         29 0.0000e+00
    291.000    287.961    -0.6829  28.192776    -0.6829  28.191370     6.2951     6.3586    -0.0214    90.1552 1.0000e-12  -64.16138  -61.83234 348.821627      99.97 8.6557e+02    790.581      18975  1029.0995  1029.0979    34.4697    34.4678    8.18548         26 0.0000e+00
    292.000    288.952    -0.6819  28.194278    -0.6821  28.192893     6.2971     6.3541    -0.0150    90.1400 1.0000e-12  -64.16138  -61.83234 348.821640      99.97 8.6635e+02    791.670      19001  1029.1045  1029.1031    34.4700    34.4683    8.18525         27 0.0000e+00
    293.000    289.939    -0.6818  28.194754    -0.6817  28.193516     6.2894     6.3594    -0.0150    90.1210 1.0000e-12  -64.16138  -61.83235 348.821653      99.97 8.6726e+02    792.828      19029  1029.1092  1029.1077    34.4699    34.4682    8.18523         30 0.0000e+00
    294.000    290.929    -0.6813  28.195719    -0.6812  28.194431     6.2891     6.3607    -0.0150    90.1564 1.0000e-12  -64.16138  -61.83236 348.821669      99.97 8.6672e+02    794.186      19061  1029.1140  1029.1125    34.4700    34.4682    8.18511         32 0.0000e+00
