NBP2113_155081_ctd/data/dnbp2113_062.cnv
* Sea-Bird SBE 9 Data File:
* FileName = D:\Data\raw\NBP2113_062.hex
* Software Version Seasave V 7.26.7.121
* Temperature SN = 2438
* Conductivity SN = 2067
* Number of Bytes Per Scan = 40
* Number of Voltage Words = 5
* Number of Scans Averaged by the Deck Unit = 1
* NMEA Latitude = 64 46.58 S
* NMEA Longitude = 063 03.86 W
* NMEA UTC (Time) = Dec 14 2021  03:19:35
* NMEA baud rate = 9600
** Ship: RVIB N.B. Palmer
** Cruise: NBP2113 LTER
** Station: 654.003
** Operator: B. Urmston
# nquan = 25
# nvalues = 283                         
# units = specified
# name 0 = prDM: Pressure, Digiquartz [db]
# name 1 = depSM: Depth [salt water, m]
# name 2 = t090C: Temperature [ITS-90, deg C]
# name 3 = c0mS/cm: Conductivity [mS/cm]
# name 4 = t190C: Temperature, 2 [ITS-90, deg C]
# name 5 = c1mS/cm: Conductivity, 2 [mS/cm]
# name 6 = sbeox0ML/L: Oxygen, SBE 43 [ml/l]
# name 7 = sbeox1ML/L: Oxygen, SBE 43, 2 [ml/l]
# name 8 = flECO-AFL: Fluorescence, WET Labs ECO-AFL/FL [mg/m^3]
# name 9 = CStarTr0: Beam Transmission, WET Labs C-Star [%]
# name 10 = par: PAR/Irradiance, Biospherical/Licor
# name 11 = latitude: Latitude [deg]
# name 12 = longitude: Longitude [deg]
# name 13 = timeJ: Julian Days
# name 14 = altM: Altimeter [m]
# name 15 = spar: SPAR, Biospherical/Licor
# name 16 = timeS: Time, Elapsed [seconds]
# name 17 = scan: Scan Count
# name 18 = density00: Density [density, kg/m^3]
# name 19 = density11: Density, 2 [density, kg/m^3]
# name 20 = sal00: Salinity, Practical [PSU]
# name 21 = sal11: Salinity, Practical, 2 [PSU]
# name 22 = oxsolML/L: Oxygen Saturation, Garcia & Gordon [ml/l]
# name 23 = nbin: number of scans per bin
# name 24 = flag: flag
# span 0 =      2.000,    284.000       
# span 1 =      1.981,    281.028       
# span 2 =    -0.3813,     0.7932       
# span 3 =  28.218995,  29.410837       
# span 4 =    -0.3817,     0.7871       
# span 5 =  28.223015,  29.405325       
# span 6 =     4.9871,     6.9303       
# span 7 =     5.0664,     6.9799       
# span 8 =    -0.0171,     1.3754       
# span 9 =    85.0931,    90.8378       
# span 10 = 1.0000e-12, 1.3246e+00      
# span 11 =  -64.77637,  -64.77622      
# span 12 =  -63.06549,  -63.06461      
# span 13 = 348.142004, 348.149249      
# span 14 =      10.04,      99.98      
# span 15 = 0.0000e+00, 0.0000e+00      
# span 16 =    294.171,    920.111      
# span 17 =       7061,      22084      
# span 18 =  1027.2915,  1029.0691      
# span 19 =  1027.2934,  1029.0676      
# span 20 =    33.9749,    34.5101      
# span 21 =    33.9720,    34.5097      
# span 22 =    7.87425,    8.11932      
# span 23 =          8,         75      
# span 24 = 0.0000e+00, 0.0000e+00      
# interval = decibars: 1                
# start_time = Dec 14 2021 03:19:35 [NMEA time, header]
# bad_flag = -9.990e-29
*END*
[from data line 116]
    118.000    116.811     0.7645  29.367257     0.7621  29.364307     5.0529     5.1114     0.0361    90.7510 1.0000e-12  -64.77622  -63.06520 348.145790      99.97 0.0000e+00    621.216      14910  1028.2183  1028.2175    34.5002    34.4991    7.88057         27 0.0000e+00
    119.000    117.802     0.7572  29.363181     0.7608  29.364403     5.0705     5.1149     0.0440    90.7619 1.0000e-12  -64.77622  -63.06522 348.145803      99.97 0.0000e+00    622.399      14939  1028.2255  1028.2232    34.5025    34.5000    7.88193         29 0.0000e+00
    120.000    118.792     0.7356  29.346042     0.7416  29.349189     5.0609     5.1193     0.0488    90.7893 1.0000e-12  -64.77622  -63.06522 348.145817      99.97 0.0000e+00    623.614      14968  1028.2331  1028.2304    34.5037    34.5010    7.88625         29 0.0000e+00
    121.000    119.780     0.7308  29.341585     0.7320  29.341930     5.0595     5.1115     0.0386    90.7975 1.0000e-12  -64.77622  -63.06522 348.145831      99.97 0.0000e+00    624.822      14997  1028.2372  1028.2365    34.5026    34.5018    7.88728         29 0.0000e+00
    122.000    120.771     0.7450  29.353290     0.7403  29.347820     5.0516     5.1068     0.0436    90.7967 1.0000e-12  -64.77623  -63.06522 348.145845      99.97 0.0000e+00    626.033      15026  1028.2395  1028.2385    34.5014    34.4995    7.88446         29 0.0000e+00
    123.000    121.761     0.7438  29.353554     0.7423  29.351466     5.0410     5.0998     0.0436    90.7763 1.0000e-12  -64.77624  -63.06524 348.145859      99.97 0.0000e+00    627.251      15055  1028.2454  1028.2445    34.5024    34.5015    7.88464         29 0.0000e+00
    124.000    122.749     0.7471  29.358477     0.7490  29.358102     5.0416     5.0977     0.0436    90.7808 1.0000e-12  -64.77624  -63.06524 348.145873      99.97 0.0000e+00    628.467      15084  1028.2513  1028.2491    34.5046    34.5020    7.88386         29 0.0000e+00
    125.000    123.739     0.7407  29.353183     0.7454  29.355615     5.0507     5.1070     0.0489    90.8032 1.0000e-12  -64.77624  -63.06524 348.145888      99.97 0.0000e+00    629.681      15113  1028.2563  1028.2543    34.5043    34.5021    7.88518         29 0.0000e+00
    126.000    124.728     0.7356  29.348810     0.7363  29.348747     5.0517     5.1087     0.0517    90.7500 1.0000e-12  -64.77624  -63.06524 348.145901      99.97 0.0000e+00    630.886      15142  1028.2610  1028.2603    34.5037    34.5028    7.88625         29 0.0000e+00
    127.000    125.719     0.7349  29.348854     0.7389  29.351215     5.0487     5.1041     0.0329    90.7586 1.0000e-12  -64.77624  -63.06526 348.145915      99.97 0.0000e+00    632.089      15171  1028.2659  1028.2645    34.5039    34.5026    7.88637         29 0.0000e+00
    128.000    126.708     0.7428  29.356071     0.7477  29.359122     5.0521     5.1095     0.0357    90.7445 1.0000e-12  -64.77624  -63.06526 348.145929      99.97 0.0000e+00    633.293      15200  1028.2698  1028.2682    34.5040    34.5024    7.88478         27 0.0000e+00
    129.000    127.698     0.7380  29.353312     0.7377  29.352144     5.0484     5.1128     0.0504    90.7416 1.0000e-12  -64.77624  -63.06526 348.145943      99.97 0.0000e+00    634.501      15229  1028.2760  1028.2751    34.5051    34.5038    7.88568         29 0.0000e+00
    130.000    128.687     0.7291  29.345565     0.7287  29.343982     5.0601     5.1195     0.0361    90.7372 1.0000e-12  -64.77624  -63.06526 348.145957      99.97 0.0000e+00    635.719      15258  1028.2808  1028.2796    34.5043    34.5027    7.88753         29 0.0000e+00
    131.000    129.677     0.7268  29.344926     0.7279  29.344313     5.0652     5.1231     0.0385    90.7345 1.0000e-12  -64.77624  -63.06526 348.145971      99.97 0.0000e+00    636.932      15287  1028.2866  1028.2850    34.5055    34.5034    7.88794         29 0.0000e+00
    132.000    130.667     0.7198  29.338913     0.7153  29.333878     5.0518     5.1088     0.0470    90.7130 1.0000e-12  -64.77626  -63.06528 348.145985      99.97 0.0000e+00    638.136      15316  1028.2916  1028.2907    34.5049    34.5033    7.88939         29 0.0000e+00
    133.000    131.656     0.7302  29.346714     0.7262  29.342056     5.0548     5.1170     0.0446    90.7062 1.0000e-12  -64.77626  -63.06528 348.145999      99.97 0.0000e+00    639.329      15345  1028.2935  1028.2927    34.5028    34.5012    7.88739         29 0.0000e+00
    134.000    132.645     0.7348  29.352795     0.7358  29.352286     5.0521     5.1201     0.0449    90.7514 1.0000e-12  -64.77626  -63.06528 348.146013      99.97 0.0000e+00    640.521      15374  1028.2996  1028.2980    34.5050    34.5032    7.88633         28 0.0000e+00
    135.000    133.635     0.7225  29.342816     0.7109  29.331713     5.0499     5.1102     0.0464    90.7576 1.0000e-12  -64.77626  -63.06528 348.146027      99.97 0.0000e+00    641.703      15402  1028.3057  1028.3053    34.5052    34.5035    7.88883         29 0.0000e+00
    136.000    134.625     0.7381  29.356107     0.7338  29.350404     5.0386     5.1033     0.0436    90.7351 1.0000e-12  -64.77626  -63.06528 348.146040      99.97 0.0000e+00    642.882      15430  1028.3082  1028.3065    34.5045    34.5018    7.88570         28 0.0000e+00
    137.000    135.613     0.7454  29.361788     0.7383  29.354934     5.0482     5.1072     0.0381    90.7530 1.0000e-12  -64.77626  -63.06528 348.146054      99.97 0.0000e+00    644.048      15458  1028.3113  1028.3110    34.5031    34.5020    7.88429         28 0.0000e+00
    138.000    136.605     0.7548  29.371646     0.7494  29.365526     5.0530     5.1103     0.0365    90.7175 1.0000e-12  -64.77626  -63.06528 348.146067      99.97 0.0000e+00    645.225      15486  1028.3166  1028.3154    34.5049    34.5029    7.88229         28 0.0000e+00
    139.000    137.592     0.7380  29.356632     0.7399  29.357401     5.0439     5.1060     0.0365    90.7212 1.0000e-12  -64.77626  -63.06530 348.146081      99.97 0.0000e+00    646.411      15515  1028.3218  1028.3206    34.5034    34.5024    7.88577         29 0.0000e+00
    140.000    138.583     0.7482  29.365546     0.7467  29.363109     5.0655     5.1187     0.0362    90.7276 1.0000e-12  -64.77626  -63.06530 348.146095      99.97 0.0000e+00    647.583      15543  1028.3253  1028.3242    34.5031    34.5016    7.88372         27 0.0000e+00
    141.000    139.572     0.7367  29.356767     0.7379  29.356348     5.0479     5.1050     0.0372    90.7193 1.0000e-12  -64.77626  -63.06530 348.146108      99.97 0.0000e+00    648.771      15571  1028.3317  1028.3301    34.5038    34.5020    7.88601         29 0.0000e+00
    142.000    140.562     0.7329  29.352279     0.7339  29.352070     4.9871     5.0751     0.0439    90.6998 1.0000e-12  -64.77626  -63.06530 348.146122      99.97 0.0000e+00    649.963      15600  1028.3351  1028.3339    34.5016    34.5002    7.88690         29 0.0000e+00
    143.000    141.551     0.7717  29.387100     0.7737  29.387257     5.0010     5.0823     0.0416    90.7078 1.0000e-12  -64.77626  -63.06530 348.146136      99.97 0.0000e+00    651.151      15629  1028.3373  1028.3354    34.5031    34.5010    7.87895         29 0.0000e+00
    144.000    142.542     0.7932  29.410837     0.7871  29.405325     5.0009     5.0791     0.0362    90.7190 1.0000e-12  -64.77626  -63.06530 348.146150      99.97 0.0000e+00    652.335      15657  1028.3453  1028.3454    34.5094    34.5091    7.87425         27 0.0000e+00
    145.000    143.531     0.7575  29.378044     0.7541  29.372028     4.9912     5.0664     0.0362    90.7266 1.0000e-12  -64.77626  -63.06531 348.146163      99.97 0.0000e+00    653.509      15685  1028.3507  1028.3479    34.5059    34.5019    7.88167         29 0.0000e+00
    146.000    144.519     0.7896  29.407991     0.7866  29.403675     5.0083     5.0736     0.0362    90.7285 1.0000e-12  -64.77626  -63.06532 348.146177      99.97 0.0000e+00    654.688      15714  1028.3545  1028.3530    34.5086    34.5062    7.87504         28 0.0000e+00
    147.000    145.510     0.7819  29.403017     0.7797  29.400062     5.0399     5.0899     0.0279    90.7389 1.0000e-12  -64.77626  -63.06532 348.146191      99.97 0.0000e+00    655.870      15742  1028.3615  1028.3605    34.5101    34.5086    7.87651         29 0.0000e+00
    148.000    146.499     0.7444  29.370773     0.7493  29.375232     5.0567     5.0976     0.0312    90.7650 1.0000e-12  -64.77626  -63.06532 348.146204      99.97 0.0000e+00    657.052      15770  1028.3691  1028.3688    34.5093    34.5097    7.88415         28 0.0000e+00
    149.000    147.488     0.7267  29.355026     0.7275  29.354238     5.0694     5.1064     0.0418    90.7495 1.0000e-12  -64.77626  -63.06532 348.146218      99.97 0.0000e+00    658.237      15799  1028.3743  1028.3727    34.5079    34.5061    7.88781         28 0.0000e+00
    150.000    148.479     0.7196  29.349405     0.7190  29.347650     5.0841     5.1250     0.0321    90.7523 1.0000e-12  -64.77626  -63.06532 348.146232      99.97 0.0000e+00    659.429      15827  1028.3796  1028.3784    34.5080    34.5064    7.88926         29 0.0000e+00
    151.000    149.467     0.7031  29.335313     0.6971  29.329142     5.0869     5.1293     0.0354    90.7486 1.0000e-12  -64.77626  -63.06532 348.146246      99.97 0.0000e+00    660.615      15856  1028.3853  1028.3847    34.5075    34.5061    7.89264         28 0.0000e+00
    152.000    150.458     0.6926  29.325480     0.6928  29.324579     5.0882     5.1371     0.0297    90.7204 1.0000e-12  -64.77626  -63.06533 348.146259      99.97 0.0000e+00    661.790      15884  1028.3894  1028.3882    34.5057    34.5043    7.89486         29 0.0000e+00
    153.000    151.445     0.6874  29.322005     0.6877  29.320963     5.1122     5.1486     0.0365    90.7304 1.0000e-12  -64.77626  -63.06533 348.146273      99.97 0.0000e+00    662.958      15912  1028.3949  1028.3936    34.5065    34.5048    7.89589         27 0.0000e+00
    154.000    152.436     0.6713  29.308822     0.6702  29.306530     5.1438     5.1700     0.0357    90.7144 1.0000e-12  -64.77626  -63.06534 348.146286      99.97 0.0000e+00    664.122      15940  1028.4013  1028.3999    34.5066    34.5049    7.89915         28 0.0000e+00
    155.000    153.425     0.6415  29.283229     0.6407  29.281585     5.1600     5.1911     0.0289    90.7141 1.0000e-12  -64.77626  -63.06532 348.146300      99.97 0.0000e+00    665.294      15968  1028.4078  1028.4069    34.5059    34.5047    7.90525         29 0.0000e+00
    156.000    154.415     0.6168  29.260851     0.6122  29.256122     5.1667     5.2004     0.0289    90.6956 1.0000e-12  -64.77626  -63.06533 348.146313      99.97 0.0000e+00    666.464      15996  1028.4127  1028.4123    34.5038    34.5027    7.91042         28 0.0000e+00
    157.000    155.404     0.6007  29.247147     0.5972  29.242368     5.1662     5.2021     0.0339    90.6614 1.0000e-12  -64.77626  -63.06533 348.146327      99.97 0.0000e+00    667.644      16024  1028.4182  1028.4167    34.5032    34.5009    7.91373         28 0.0000e+00
    158.000    156.395     0.5961  29.242635     0.5981  29.243423     5.1593     5.2028     0.0376    90.6650 1.0000e-12  -64.77626  -63.06534 348.146341      99.97 0.0000e+00    668.825      16053  1028.4219  1028.4206    34.5019    34.5007    7.91474         28 0.0000e+00
    159.000    157.382     0.5961  29.243336     0.5968  29.242693     5.1607     5.2076     0.0285    90.6830 1.0000e-12  -64.77626  -63.06534 348.146354      99.97 0.0000e+00    670.002      16081  1028.4266  1028.4252    34.5022    34.5006    7.91473         26 0.0000e+00
    160.000    158.372     0.5896  29.238340     0.5899  29.237076     5.1653     5.2216     0.0289    90.6358 1.0000e-12  -64.77626  -63.06534 348.146368      99.97 0.0000e+00    671.173      16109  1028.4317  1028.4301    34.5024    34.5004    7.91605         29 0.0000e+00
    161.000    159.362     0.5815  29.232132     0.5803  29.230561     5.1685     5.2236     0.0289    90.6018 1.0000e-12  -64.77626  -63.06534 348.146381      99.97 0.0000e+00    672.345      16137  1028.4372  1028.4367    34.5026    34.5020    7.91768         28 0.0000e+00
    162.000    160.352     0.5782  29.229326     0.5667  29.218463     5.1981     5.2379     0.0239    90.5960 1.0000e-12  -64.77626  -63.06534 348.146395      99.97 0.0000e+00    673.526      16166  1028.4416  1028.4415    34.5021    34.5008    7.91839         28 0.0000e+00
    163.000    161.341     0.5487  29.206051     0.5477  29.203602     5.2447     5.2608     0.0269    90.5862 1.0000e-12  -64.77626  -63.06534 348.146409      99.97 0.0000e+00    674.721      16194  1028.4503  1028.4486    34.5041    34.5020    7.92432         29 0.0000e+00
    164.000    162.330     0.5145  29.177570     0.5121  29.174555     5.2523     5.2710     0.0165    90.5818 1.0000e-12  -64.77626  -63.06534 348.146423      99.97 0.0000e+00    675.924      16223  1028.4580  1028.4573    34.5044    34.5032    7.93130         29 0.0000e+00
    165.000    163.320     0.4921  29.155302     0.4911  29.153608     5.2489     5.2886     0.0143    90.5785 1.0000e-12  -64.77626  -63.06534 348.146436      99.97 0.0000e+00    677.113      16252  1028.4607  1028.4598    34.4997    34.4987    7.93615         28 0.0000e+00
    166.000    164.309     0.4893  29.153889     0.4887  29.152024     5.2724     5.2985     0.0287    90.5667 1.0000e-12  -64.77626  -63.06534 348.146450      99.97 0.0000e+00    678.292      16280  1028.4658  1028.4643    34.5005    34.4987    7.93668         29 0.0000e+00
    167.000    165.299     0.4668  29.134709     0.4651  29.133080     5.2688     5.2949     0.0289    90.5490 1.0000e-12  -64.77626  -63.06534 348.146464      99.97 0.0000e+00    679.459      16308  1028.4720  1028.4714    34.4999    34.4997    7.94134         25 0.0000e+00
    168.000    166.287     0.4620  29.130553     0.4600  29.126822     5.2643     5.2979     0.0271    90.5490 1.0000e-12  -64.77626  -63.06536 348.146477      99.97 0.0000e+00    680.622      16336  1028.4760  1028.4740    34.4993    34.4966    7.94237         29 0.0000e+00
    169.000    167.278     0.4707  29.138557     0.4701  29.137013     5.2748     5.3179     0.0217    90.5635 1.0000e-12  -64.77626  -63.06536 348.146491      99.97 0.0000e+00    681.787      16364  1028.4798  1028.4787    34.4994    34.4981    7.94056         28 0.0000e+00
    170.000    168.266     0.4421  29.116162     0.4453  29.117426     5.2920     5.3280     0.0237    90.5331 1.0000e-12  -64.77626  -63.06536 348.146504      99.97 0.0000e+00    682.960      16392  1028.4882  1028.4865    34.5015    34.4995    7.94633         28 0.0000e+00
    171.000    169.257     0.4281  29.101703     0.4251  29.098620     5.2961     5.3340     0.0289    90.5398 1.0000e-12  -64.77626  -63.06536 348.146518      99.97 0.0000e+00    684.137      16420  1028.4909  1028.4905    34.4976    34.4969    7.94942         28 0.0000e+00
    172.000    170.246     0.4215  29.096779     0.4206  29.094501     5.2895     5.3333     0.0218    90.5297 1.0000e-12  -64.77626  -63.06536 348.146531      99.97 0.0000e+00    685.319      16449  1028.4961  1028.4946    34.4980    34.4960    7.95077         28 0.0000e+00
    173.000    171.236     0.4186  29.094057     0.4195  29.093890     5.2696     5.3277     0.0221    90.4935 1.0000e-12  -64.77626  -63.06536 348.146545      99.97 0.0000e+00    686.514      16477  1028.5001  1028.4989    34.4970    34.4958    7.95141         29 0.0000e+00
    174.000    172.224     0.4319  29.107332     0.4335  29.106125     5.2823     5.3412     0.0289    90.4856 1.0000e-12  -64.77626  -63.06536 348.146559      99.97 0.0000e+00    687.696      16506  1028.5049  1028.5021    34.4990    34.4956    7.94857         28 0.0000e+00
