NBP2113_155081_ctd/data/dnbp2113_013.cnv
* Sea-Bird SBE 9 Data File:
* FileName = D:\Data\raw\NBP2113_013.hex
* Software Version Seasave V 7.26.7.121
* Temperature SN = 2438
* Conductivity SN = 2067
* Number of Bytes Per Scan = 40
* Number of Voltage Words = 5
* Number of Scans Averaged by the Deck Unit = 1
* NMEA Latitude = 65 13.99 S
* NMEA Longitude = 066 46.43 W
* NMEA UTC (Time) = Nov 27 2021  04:09:52
* NMEA baud rate = 9600
** Ship: RVIB N.B. Palmer
** Cruise: NBP2113 LTER
** Station: 500.100
** Operator: B. Urmston
# nquan = 25
# nvalues = 430                         
# units = specified
# name 0 = prDM: Pressure, Digiquartz [db]
# name 1 = depSM: Depth [salt water, m]
# name 2 = t090C: Temperature [ITS-90, deg C]
# name 3 = c0mS/cm: Conductivity [mS/cm]
# name 4 = t190C: Temperature, 2 [ITS-90, deg C]
# name 5 = c1mS/cm: Conductivity, 2 [mS/cm]
# name 6 = sbeox0ML/L: Oxygen, SBE 43 [ml/l]
# name 7 = sbeox1ML/L: Oxygen, SBE 43, 2 [ml/l]
# name 8 = flECO-AFL: Fluorescence, WET Labs ECO-AFL/FL [mg/m^3]
# name 9 = CStarTr0: Beam Transmission, WET Labs C-Star [%]
# name 10 = par: PAR/Irradiance, Biospherical/Licor
# name 11 = latitude: Latitude [deg]
# name 12 = longitude: Longitude [deg]
# name 13 = timeJ: Julian Days
# name 14 = altM: Altimeter [m]
# name 15 = spar: SPAR, Biospherical/Licor
# name 16 = timeS: Time, Elapsed [seconds]
# name 17 = scan: Scan Count
# name 18 = density00: Density [density, kg/m^3]
# name 19 = density11: Density, 2 [density, kg/m^3]
# name 20 = sal00: Salinity, Practical [PSU]
# name 21 = sal11: Salinity, Practical, 2 [PSU]
# name 22 = oxsolML/L: Oxygen Saturation, Garcia & Gordon [ml/l]
# name 23 = nbin: number of scans per bin
# name 24 = flag: flag
# span 0 =      4.000,    433.000       
# span 1 =      3.961,    428.300       
# span 2 =    -0.6342,     1.5349       
# span 3 =  27.803952,  30.327301       
# span 4 =    -0.6332,     1.5349       
# span 5 =  27.803014,  30.326560       
# span 6 =     4.1589,     8.6523       
# span 7 =     4.1218,     8.2409       
# span 8 =    -0.0176,     2.0389       
# span 9 =    87.5796,    97.7794       
# span 10 = 1.0000e-12, 3.8911e-01      
# span 11 =  -65.23322,  -65.23310      
# span 12 =  -66.77565,  -66.77434      
# span 13 = 331.176039, 331.185519      
# span 14 =       6.10,     101.52      
# span 15 = 0.0000e+00, 0.0000e+00      
# span 16 =    217.782,   1036.818      
# span 17 =       5228,      24885      
# span 18 =  1027.3161,  1029.8104      
# span 19 =  1027.3134,  1029.8094      
# span 20 =    33.9697,    34.7091      
# span 21 =    33.9672,    34.7079      
# span 22 =    7.71619,    8.19759      
# span 23 =         11,         47      
# span 24 = 0.0000e+00, 0.0000e+00      
# interval = decibars: 1                
# start_time = Nov 27 2021 04:09:52 [NMEA time, header]
# bad_flag = -9.990e-29
*END*
[from data line 174]
    178.000    176.175     0.9132  29.548683     0.9135  29.547602     4.8417     4.7546    -0.0142    97.5114 1.0000e-12  -65.23314  -66.77512 331.180930      99.97 0.0000e+00    640.377      15370  1028.5178  1028.5164    34.5343    34.5327    7.84866         28 0.0000e+00
    179.000    177.166     0.9151  29.550906     0.9152  29.549757     4.8296     4.7511    -0.0056    97.5219 1.0000e-12  -65.23314  -66.77514 331.180946      99.98 0.0000e+00    641.743      15403  1028.5228  1028.5215    34.5346    34.5330    7.84828         38 0.0000e+00
    180.000    178.155     0.9171  29.553343     0.9171  29.551989     4.8264     4.7444     0.0064    97.5237 1.0000e-12  -65.23316  -66.77514 331.180968      99.98 0.0000e+00    643.646      15449  1028.5277  1028.5264    34.5348    34.5331    7.84785         42 0.0000e+00
    181.000    179.144     0.9204  29.557195     0.9213  29.556899     4.7751     4.7143     0.0133    97.5236 1.0000e-12  -65.23316  -66.77513 331.180984      99.98 0.0000e+00    645.022      15482  1028.5329  1028.5317    34.5356    34.5342    7.84715         24 0.0000e+00
    182.000    180.133     0.9277  29.565831     0.9292  29.566124     4.7623     4.6982     0.0068    97.5207 1.0000e-12  -65.23316  -66.77512 331.180994      99.97 0.0000e+00    645.887      15502  1028.5391  1028.5379    34.5381    34.5368    7.84555         19 0.0000e+00
    183.000    181.123     0.9597  29.600890     0.9605  29.600414     4.7373     4.6804     0.0069    97.5064 1.0000e-12  -65.23316  -66.77512 331.181002      99.98 0.0000e+00    646.583      15519  1028.5481  1028.5468    34.5472    34.5457    7.83861         15 0.0000e+00
    184.000    182.111     0.9713  29.613345     0.9729  29.613805     4.7242     4.6691     0.0069    97.4943 1.0000e-12  -65.23316  -66.77512 331.181009      99.97 0.0000e+00    647.211      15534  1028.5539  1028.5529    34.5498    34.5486    7.83614         15 0.0000e+00
    185.000    183.102     0.9777  29.620854     0.9784  29.620472     4.7326     4.6739     0.0069    97.4772 1.0000e-12  -65.23316  -66.77512 331.181017      99.98 0.0000e+00    647.835      15549  1028.5598  1028.5587    34.5518    34.5505    7.83475         15 0.0000e+00
    186.000    184.093     0.9939  29.639353     0.9941  29.638484     4.7358     4.6773     0.0039    97.4735 1.0000e-12  -65.23316  -66.77512 331.181025      68.18 0.0000e+00    648.534      15566  1028.5674  1028.5663    34.5571    34.5558    7.83121         19 0.0000e+00
    187.000    185.079     0.9925  29.637674     0.9918  29.636014     4.7256     4.6729     0.0004    97.4175 1.0000e-12  -65.23316  -66.77515 331.181046      54.19 0.0000e+00    650.406      15611  1028.5717  1028.5706    34.5559    34.5546    7.83156         34 0.0000e+00
    188.000    186.070     0.9919  29.638052     0.9857  29.630458     4.6924     4.6421    -0.0083    97.5006 1.0000e-12  -65.23316  -66.77517 331.181098     101.52 0.0000e+00    654.871      15718  1028.5775  1028.5757    34.5565    34.5536    7.83165         20 0.0000e+00
    189.000    187.054     1.0129  29.660797     1.0131  29.659555     4.6734     4.6257    -0.0077    97.4978 1.0000e-12  -65.23316  -66.77516 331.181105      99.97 0.0000e+00    655.488      15733  1028.5846  1028.5831    34.5619    34.5601    7.82714         15 0.0000e+00
    190.000    188.053     1.0239  29.672811     1.0237  29.671319     4.6528     4.6143    -0.0077    97.4978 1.0000e-12  -65.23316  -66.77514 331.181112      99.98 0.0000e+00    656.078      15747  1028.5905  1028.5891    34.5646    34.5628    7.82479         14 0.0000e+00
    191.000    189.036     1.0277  29.677204     1.0281  29.676313     4.6529     4.6075    -0.0077    97.4978 1.0000e-12  -65.23316  -66.77514 331.181118      99.98 0.0000e+00    656.621      15760  1028.5957  1028.5944    34.5655    34.5638    7.82398         13 0.0000e+00
    192.000    190.026     1.0337  29.684183     1.0338  29.683076     4.6568     4.6008    -0.0077    97.4978 1.0000e-12  -65.23316  -66.77514 331.181124      99.98 0.0000e+00    657.138      15772  1028.6013  1028.6000    34.5672    34.5657    7.82269         12 0.0000e+00
    193.000    191.016     1.0462  29.698299     1.0464  29.697292     4.6551     4.5924    -0.0005    97.4978 1.0000e-12  -65.23316  -66.77514 331.181130      99.97 0.0000e+00    657.662      15785  1028.6078  1028.6067    34.5709    34.5695    7.81998         13 0.0000e+00
    194.000    192.004     1.0567  29.710257     1.0573  29.709574     4.6642     4.5900     0.0006    97.4978 1.0000e-12  -65.23316  -66.77514 331.181137      99.98 0.0000e+00    658.240      15799  1028.6143  1028.6129    34.5741    34.5725    7.81772         15 0.0000e+00
    195.000    192.995     1.0626  29.716978     1.0626  29.715682     4.6595     4.5931     0.0066    97.4978 1.0000e-12  -65.23316  -66.77515 331.181145      73.46 0.0000e+00    658.965      15816  1028.6198  1028.6185    34.5756    34.5739    7.81645         21 0.0000e+00
    196.000    193.984     1.0507  29.704279     1.0512  29.703610     4.6517     4.5892     0.0071    97.4978 1.0000e-12  -65.23316  -66.77519 331.181177      85.80 0.0000e+00    661.676      15881  1028.6232  1028.6220    34.5719    34.5704    7.81903         33 0.0000e+00
    197.000    194.971     1.0576  29.712577     1.0545  29.708255     4.5961     4.5578     0.0065    97.4978 1.0000e-12  -65.23316  -66.77521 331.181227     100.65 0.0000e+00    666.008      15985  1028.6296  1028.6282    34.5743    34.5721    7.81753         18 0.0000e+00
    198.000    195.960     1.0777  29.733945     1.0777  29.732644     4.5900     4.5484    -0.0005    97.4995 1.0000e-12  -65.23316  -66.77520 331.181233      99.97 0.0000e+00    666.512      15997  1028.6362  1028.6349    34.5790    34.5773    7.81326         15 0.0000e+00
    199.000    196.951     1.0952  29.753097     1.0954  29.752105     4.5878     4.5457    -0.0026    97.4978 1.0000e-12  -65.23316  -66.77520 331.181239      99.98 0.0000e+00    667.070      16011  1028.6429  1028.6417    34.5836    34.5821    7.80951         13 0.0000e+00
    200.000    197.941     1.1036  29.762146     1.1034  29.760751     4.5932     4.5446    -0.0076    97.4978 1.0000e-12  -65.23316  -66.77520 331.181245      99.98 0.0000e+00    667.577      16023  1028.6484  1028.6471    34.5853    34.5838    7.80773         11 0.0000e+00
    201.000    198.931     1.1062  29.765455     1.1065  29.764421     4.5941     4.5426    -0.0077    97.4846 1.0000e-12  -65.23316  -66.77520 331.181251      99.98 0.0000e+00    668.074      16035  1028.6535  1028.6523    34.5861    34.5845    7.80717         12 0.0000e+00
    202.000    199.920     1.1064  29.766200     1.1067  29.765336     4.5939     4.5427    -0.0009    97.4739 1.0000e-12  -65.23316  -66.77520 331.181257      99.98 0.0000e+00    668.607      16048  1028.6585  1028.6573    34.5863    34.5848    7.80713         14 0.0000e+00
    203.000    200.910     1.1072  29.767741     1.1077  29.767086     4.6045     4.5455    -0.0004    97.4439 1.0000e-12  -65.23316  -66.77520 331.181265      99.98 0.0000e+00    669.279      16064  1028.6637  1028.6626    34.5867    34.5854    7.80694         20 0.0000e+00
    204.000    201.897     1.1063  29.767250     1.1064  29.766018     4.6026     4.5440    -0.0044    97.4856 1.0000e-12  -65.23314  -66.77522 331.181290      99.98 0.0000e+00    671.469      16116  1028.6687  1028.6674    34.5866    34.5849    7.80714         38 0.0000e+00
    205.000    202.886     1.1133  29.775123     1.1131  29.773812     4.5944     4.5325    -0.0053    97.4894 1.0000e-12  -65.23315  -66.77523 331.181315      99.98 0.0000e+00    673.657      16169  1028.6745  1028.6733    34.5884    34.5869    7.80564         33 0.0000e+00
    206.000    203.876     1.1171  29.779735     1.1171  29.778496     4.5717     4.5150    -0.0039    97.4952 1.0000e-12  -65.23315  -66.77524 331.181330      99.98 0.0000e+00    674.880      16198  1028.6799  1028.6786    34.5894    34.5878    7.80482         29 0.0000e+00
    207.000    204.864     1.1251  29.788616     1.1265  29.789395     4.5592     4.5031     0.0005    97.4924 1.0000e-12  -65.23314  -66.77524 331.181343      99.98 0.0000e+00    676.034      16226  1028.6855  1028.6849    34.5914    34.5908    7.80311         28 0.0000e+00
    208.000    205.855     1.1414  29.806247     1.1423  29.806163     4.5476     4.4979     0.0073    97.4660 1.0000e-12  -65.23314  -66.77524 331.181358      99.98 0.0000e+00    677.296      16256  1028.6920  1028.6911    34.5954    34.5943    7.79966         32 0.0000e+00
    209.000    206.843     1.1441  29.809579     1.1440  29.808535     4.5397     4.4880     0.0056    97.4782 1.0000e-12  -65.23314  -66.77526 331.181374      99.98 0.0000e+00    678.735      16291  1028.6973  1028.6963    34.5962    34.5948    7.79908         35 0.0000e+00
    210.000    207.833     1.1527  29.819374     1.1519  29.817519     4.5098     4.4630    -0.0081    97.4983 1.0000e-12  -65.23314  -66.77526 331.181389      99.98 0.0000e+00    680.014      16321  1028.7033  1028.7022    34.5986    34.5971    7.79723         26 0.0000e+00
    211.000    208.822     1.1659  29.834565     1.1666  29.833851     4.4874     4.4468    -0.0077    97.4519 1.0000e-12  -65.23314  -66.77526 331.181401      99.98 0.0000e+00    681.025      16346  1028.7102  1028.7089    34.6028    34.6012    7.79437         23 0.0000e+00
    212.000    209.810     1.1884  29.859267     1.1882  29.857801     4.4787     4.4403    -0.0150    97.5021 1.0000e-12  -65.23314  -66.77525 331.181412      99.98 0.0000e+00    681.954      16368  1028.7179  1028.7165    34.6091    34.6073    7.78957         23 0.0000e+00
    213.000    210.801     1.1971  29.868952     1.1975  29.868228     4.4747     4.4346    -0.0028    97.5078 1.0000e-12  -65.23314  -66.77524 331.181423      99.98 0.0000e+00    682.901      16391  1028.7237  1028.7225    34.6113    34.6098    7.78772         23 0.0000e+00
    214.000    211.789     1.2041  29.877137     1.2042  29.876004     4.4795     4.4324    -0.0055    97.5012 1.0000e-12  -65.23314  -66.77524 331.181434      99.98 0.0000e+00    683.874      16414  1028.7296  1028.7284    34.6134    34.6119    7.78621         23 0.0000e+00
    215.000    212.777     1.2095  29.883282     1.2099  29.882392     4.4700     4.4282    -0.0077    97.4862 1.0000e-12  -65.23314  -66.77525 331.181445      99.98 0.0000e+00    684.809      16436  1028.7350  1028.7338    34.6147    34.6132    7.78507         22 0.0000e+00
    216.000    213.767     1.2119  29.886201     1.2119  29.884934     4.4775     4.4244    -0.0046    97.4855 1.0000e-12  -65.23314  -66.77526 331.181456      99.98 0.0000e+00    685.764      16459  1028.7401  1028.7389    34.6152    34.6137    7.78456         25 0.0000e+00
    217.000    214.756     1.2162  29.891173     1.2167  29.890446     4.4749     4.4207     0.0001    97.4893 1.0000e-12  -65.23314  -66.77527 331.181475      99.98 0.0000e+00    687.482      16501  1028.7455  1028.7443    34.6162    34.6148    7.78365         34 0.0000e+00
    218.000    215.746     1.2217  29.897359     1.2216  29.896197     4.4640     4.4036    -0.0052    97.4982 1.0000e-12  -65.23314  -66.77526 331.181507      99.97 0.0000e+00    690.206      16566  1028.7511  1028.7501    34.6175    34.6162    7.78249         29 0.0000e+00
    219.000    216.733     1.2266  29.903361     1.2264  29.901921     4.4609     4.3995     0.0020    97.4978 1.0000e-12  -65.23314  -66.77526 331.181518      99.98 0.0000e+00    691.128      16588  1028.7568  1028.7556    34.6192    34.6176    7.78144         20 0.0000e+00
    220.000    217.725     1.2295  29.906759     1.2295  29.905579     4.4439     4.3979     0.0078    97.5063 1.0000e-12  -65.23314  -66.77526 331.181526      99.98 0.0000e+00    691.825      16605  1028.7619  1028.7606    34.6198    34.6183    7.78083         15 0.0000e+00
    221.000    218.713     1.2338  29.911819     1.2334  29.910369     4.4428     4.3992    -0.0016    97.4996 1.0000e-12  -65.23314  -66.77526 331.181533      99.98 0.0000e+00    692.466      16620  1028.7671  1028.7659    34.6209    34.6195    7.77992         16 0.0000e+00
    222.000    219.703     1.2395  29.918024     1.2388  29.916235     4.4533     4.4003    -0.0064    97.4563 1.0000e-12  -65.23314  -66.77528 331.181542      99.98 0.0000e+00    693.192      16638  1028.7721  1028.7709    34.6219    34.6204    7.77873         20 0.0000e+00
    223.000    220.690     1.2393  29.918430     1.2410  29.918902     4.4542     4.3935    -0.0043    97.4777 1.0000e-12  -65.23314  -66.77529 331.181562      99.98 0.0000e+00    694.919      16679  1028.7772  1028.7760    34.6221    34.6208    7.77876         35 0.0000e+00
    224.000    221.680     1.2442  29.923852     1.2444  29.922915     4.4316     4.3768    -0.0078    97.5208 1.0000e-12  -65.23314  -66.77530 331.181588      99.98 0.0000e+00    697.165      16733  1028.7824  1028.7813    34.6231    34.6216    7.77774         29 0.0000e+00
    225.000    222.669     1.2531  29.933804     1.2517  29.931289     4.4359     4.3736    -0.0077    97.4967 1.0000e-12  -65.23314  -66.77530 331.181599      99.98 0.0000e+00    698.165      16757  1028.7881  1028.7870    34.6254    34.6237    7.77585         21 0.0000e+00
    226.000    223.658     1.2554  29.936762     1.2561  29.936363     4.4240     4.3703    -0.0041    97.4654 1.0000e-12  -65.23314  -66.77530 331.181608      99.98 0.0000e+00    698.965      16776  1028.7932  1028.7921    34.6260    34.6247    7.77536         18 0.0000e+00
    227.000    224.647     1.2582  29.940210     1.2583  29.939108     4.4229     4.3652    -0.0005    97.4985 1.0000e-12  -65.23314  -66.77530 331.181617      99.98 0.0000e+00    699.690      16794  1028.7983  1028.7971    34.6267    34.6253    7.77476         17 0.0000e+00
    228.000    225.636     1.2604  29.943043     1.2602  29.941555     4.4067     4.3615    -0.0076    97.5029 1.0000e-12  -65.23314  -66.77530 331.181626      99.98 0.0000e+00    700.470      16812  1028.8034  1028.8020    34.6274    34.6257    7.77430         20 0.0000e+00
    229.000    226.627     1.2709  29.954543     1.2707  29.953326     4.4089     4.3578    -0.0077    97.5111 1.0000e-12  -65.23314  -66.77530 331.181638      99.98 0.0000e+00    701.557      16838  1028.8091  1028.8081    34.6299    34.6285    7.77208         34 0.0000e+00
    230.000    227.614     1.2738  29.957957     1.2739  29.956966     4.4176     4.3584    -0.0077    97.5220 1.0000e-12  -65.23314  -66.77530 331.181658      99.98 0.0000e+00    703.292      16880  1028.8142  1028.8131    34.6304    34.6290    7.77148         36 0.0000e+00
    231.000    228.604     1.2748  29.959299     1.2747  29.958193     4.4116     4.3473    -0.0022    97.5015 1.0000e-12  -65.23314  -66.77531 331.181676      99.98 0.0000e+00    704.828      16917  1028.8190  1028.8180    34.6305    34.6291    7.77128         31 0.0000e+00
    232.000    229.593     1.2761  29.961168     1.2756  29.959630     4.4124     4.3476    -0.0120    97.4857 1.0000e-12  -65.23314  -66.77532 331.181691      99.98 0.0000e+00    706.133      16948  1028.8240  1028.8229    34.6308    34.6294    7.77099         35 0.0000e+00
    233.000    230.579     1.2801  29.966013     1.2805  29.964966     4.4009     4.3504    -0.0080    97.5192 1.0000e-12  -65.23314  -66.77533 331.181716      99.98 0.0000e+00    708.269      16999  1028.8294  1028.8280    34.6320    34.6303    7.77014         35 0.0000e+00
    234.000    231.571     1.2804  29.966461     1.2811  29.966151     4.3886     4.3354    -0.0154    97.5118 1.0000e-12  -65.23314  -66.77533 331.181737      99.98 0.0000e+00    710.057      17042  1028.8340  1028.8330    34.6317    34.6306    7.77011         25 0.0000e+00
