NBP2113_155081_ctd/data/dnbp2113_018.cnv
* Sea-Bird SBE 9 Data File:
* FileName = D:\Data\raw\NBP2113_018.hex
* Software Version Seasave V 7.26.7.121
* Temperature SN = 2438
* Conductivity SN = 2067
* Number of Bytes Per Scan = 40
* Number of Voltage Words = 5
* Number of Scans Averaged by the Deck Unit = 1
* NMEA Latitude = 65 50.87 S
* NMEA Longitude = 071 22.66 W
* NMEA UTC (Time) = Nov 28 2021  20:11:54
* NMEA baud rate = 9600
** Ship: RVIB N.B. Palmer
** Cruise: NBP2113 LTER
** Station: 300.200
** Operator: S. Blackman
# nquan = 25
# nvalues = 3098                        
# units = specified
# name 0 = prDM: Pressure, Digiquartz [db]
# name 1 = depSM: Depth [salt water, m]
# name 2 = t090C: Temperature [ITS-90, deg C]
# name 3 = c0mS/cm: Conductivity [mS/cm]
# name 4 = t190C: Temperature, 2 [ITS-90, deg C]
# name 5 = c1mS/cm: Conductivity, 2 [mS/cm]
# name 6 = sbeox0ML/L: Oxygen, SBE 43 [ml/l]
# name 7 = sbeox1ML/L: Oxygen, SBE 43, 2 [ml/l]
# name 8 = flECO-AFL: Fluorescence, WET Labs ECO-AFL/FL [mg/m^3]
# name 9 = CStarTr0: Beam Transmission, WET Labs C-Star [%]
# name 10 = par: PAR/Irradiance, Biospherical/Licor
# name 11 = latitude: Latitude [deg]
# name 12 = longitude: Longitude [deg]
# name 13 = timeJ: Julian Days
# name 14 = altM: Altimeter [m]
# name 15 = spar: SPAR, Biospherical/Licor
# name 16 = timeS: Time, Elapsed [seconds]
# name 17 = scan: Scan Count
# name 18 = density00: Density [density, kg/m^3]
# name 19 = density11: Density, 2 [density, kg/m^3]
# name 20 = sal00: Salinity, Practical [PSU]
# name 21 = sal11: Salinity, Practical, 2 [PSU]
# name 22 = oxsolML/L: Oxygen Saturation, Garcia & Gordon [ml/l]
# name 23 = nbin: number of scans per bin
# name 24 = flag: flag
# span 0 =      5.000,   3102.000       
# span 1 =      4.951,   3048.984       
# span 2 =    -0.9604,     1.9798       
# span 3 =  27.559609,  30.705951       
# span 4 =    -0.9587,     1.9795       
# span 5 =  27.559233,  30.705150       
# span 6 =     3.9066,     8.4230       
# span 7 =     3.9540,     8.4608       
# span 8 =    -0.0220,    10.1452       
# span 9 =    85.2241,    97.8607       
# span 10 = 1.0000e-12, 1.0000e-12      
# span 11 =  -65.84838,  -65.84752      
# span 12 =  -71.37858,  -71.37718      
# span 13 = 332.844803, 332.889189      
# span 14 =       1.14,     108.25      
# span 15 = 2.0217e+02, 6.2851e+02      
# span 16 =    276.952,   4111.969      
# span 17 =       6648,      98688      
# span 18 =  1027.3162,  1042.0975      
# span 19 =  1027.3144,  1042.0969      
# span 20 =    33.9566,    34.7290      
# span 21 =    33.9548,    34.7281      
# span 22 =    7.63195,    8.26876      
# span 23 =         12,         69      
# span 24 = 0.0000e+00, 0.0000e+00      
# interval = decibars: 1                
# start_time = Nov 28 2021 20:11:54 [NMEA time, header]
# bad_flag = -9.990e-29
*END*
[from data line 1914]
   1919.000   1891.395     0.8739  30.403408     0.8741  30.403004     4.4705     4.5195    -0.0121    97.8583 1.0000e-12  -65.84776  -71.37824 332.872877      99.98 4.4248e+02   2702.599      64863  1036.7333  1036.7327    34.7117    34.7110    7.84690         18 0.0000e+00
   1920.000   1892.375     0.8740  30.403827     0.8741  30.403400     4.4674     4.5186    -0.0154    97.8583 1.0000e-12  -65.84776  -71.37824 332.872886      99.98 4.4288e+02   2703.358      64882  1036.7378  1036.7373    34.7117    34.7110    7.84689         18 0.0000e+00
   1921.000   1893.358     0.8739  30.404136     0.8741  30.403711     4.4749     4.5223    -0.0107    97.8583 1.0000e-12  -65.84776  -71.37826 332.872895      99.98 4.4424e+02   2704.138      64900  1036.7423  1036.7417    34.7116    34.7108    7.84690         20 0.0000e+00
   1922.000   1894.339     0.8733  30.404060     0.8736  30.403716     4.4698     4.5237    -0.0177    97.8583 1.0000e-12  -65.84774  -71.37826 332.872907      99.98 4.4502e+02   2705.163      64925  1036.7470  1036.7464    34.7117    34.7109    7.84703         27 0.0000e+00
   1923.000   1895.320     0.8733  30.404399     0.8732  30.403597     4.4730     4.5230    -0.0118    97.8583 1.0000e-12  -65.84774  -71.37826 332.872937      99.98 4.4983e+02   2707.742      64987  1036.7514  1036.7507    34.7115    34.7106    7.84702         36 0.0000e+00
   1924.000   1896.300     0.8717  30.403364     0.8718  30.402791     4.4749     4.5191    -0.0115    97.8583 1.0000e-12  -65.84774  -71.37826 332.872953      99.98 4.5379e+02   2709.124      65020  1036.7562  1036.7555    34.7115    34.7106    7.84736         23 0.0000e+00
   1925.000   1897.282     0.8697  30.401964     0.8698  30.401589     4.4774     4.5229    -0.0104    97.8583 1.0000e-12  -65.84774  -71.37826 332.872963      99.98 4.5418e+02   2709.967      65040  1036.7609  1036.7604    34.7114    34.7108    7.84776         19 0.0000e+00
   1926.000   1898.264     0.8670  30.399937     0.8672  30.399718     4.4800     4.5141    -0.0100    97.8583 1.0000e-12  -65.84775  -71.37827 332.872971      99.98 4.5360e+02   2710.702      65058  1036.7658  1036.7653    34.7113    34.7108    7.84832         16 0.0000e+00
   1927.000   1899.242     0.8656  30.399189     0.8658  30.398745     4.4783     4.5195    -0.0120    97.8583 1.0000e-12  -65.84776  -71.37828 332.872979      99.97 4.5472e+02   2711.376      65074  1036.7705  1036.7699    34.7113    34.7105    7.84859         17 0.0000e+00
   1928.000   1900.226     0.8632  30.397210     0.8632  30.396828     4.4710     4.5263    -0.0112    97.8583 1.0000e-12  -65.84774  -71.37828 332.872987      99.98 4.5482e+02   2712.063      65091  1036.7751  1036.7747    34.7109    34.7105    7.84910         17 0.0000e+00
   1929.000   1901.207     0.8620  30.396778     0.8620  30.396184     4.4700     4.5271    -0.0172    97.8583 1.0000e-12  -65.84774  -71.37828 332.872996      99.97 4.5609e+02   2712.839      65109  1036.7800  1036.7794    34.7112    34.7104    7.84933         21 0.0000e+00
   1930.000   1902.185     0.8615  30.396745     0.8617  30.396246     4.4784     4.5264    -0.0135    97.8543 1.0000e-12  -65.84774  -71.37828 332.873012      99.98 4.5659e+02   2714.230      65143  1036.7845  1036.7838    34.7111    34.7103    7.84942         32 0.0000e+00
   1931.000   1903.169     0.8609  30.396551     0.8608  30.395801     4.4878     4.5275    -0.0176    97.8575 1.0000e-12  -65.84774  -71.37827 332.873042      99.97 4.5556e+02   2716.802      65204  1036.7890  1036.7884    34.7110    34.7102    7.84955         30 0.0000e+00
   1932.000   1904.150     0.8598  30.396046     0.8600  30.395620     4.4772     4.5284    -0.0173    97.8583 1.0000e-12  -65.84774  -71.37828 332.873054      99.97 4.5482e+02   2717.832      65229  1036.7938  1036.7931    34.7112    34.7103    7.84978         23 0.0000e+00
   1933.000   1905.130     0.8593  30.396029     0.8596  30.395630     4.4737     4.5290    -0.0093    97.8583 1.0000e-12  -65.84774  -71.37829 332.873065      99.97 4.5381e+02   2718.799      65252  1036.7983  1036.7976    34.7111    34.7103    7.84987         24 0.0000e+00
   1934.000   1906.112     0.8588  30.395933     0.8592  30.395589     4.4822     4.5282    -0.0008    97.8583 1.0000e-12  -65.84774  -71.37830 332.873078      99.98 4.5307e+02   2719.955      65280  1036.8029  1036.8022    34.7111    34.7102    7.84998         30 0.0000e+00
   1935.000   1907.092     0.8576  30.395266     0.8580  30.394926     4.4855     4.5261    -0.0124    97.8583 1.0000e-12  -65.84774  -71.37830 332.873094      99.98 4.4974e+02   2721.346      65313  1036.8075  1036.8068    34.7110    34.7101    7.85022         31 0.0000e+00
   1936.000   1908.076     0.8569  30.395010     0.8570  30.394556     4.4806     4.5290    -0.0119    97.8583 1.0000e-12  -65.84774  -71.37830 332.873107      99.98 4.4858e+02   2722.400      65339  1036.8120  1036.8115    34.7109    34.7102    7.85036         21 0.0000e+00
   1937.000   1909.053     0.8566  30.395210     0.8568  30.394837     4.4693     4.5244    -0.0093    97.8583 1.0000e-12  -65.84774  -71.37830 332.873116      99.98 4.4776e+02   2723.200      65358  1036.8167  1036.8162    34.7110    34.7103    7.85043         18 0.0000e+00
   1938.000   1910.036     0.8563  30.395362     0.8565  30.395050     4.4735     4.5188    -0.0086    97.8583 1.0000e-12  -65.84774  -71.37829 332.873124      99.98 4.4613e+02   2723.911      65375  1036.8213  1036.8208    34.7110    34.7104    7.85049         17 0.0000e+00
   1939.000   1911.019     0.8559  30.395396     0.8560  30.394990     4.4771     4.5236    -0.0157    97.8583 1.0000e-12  -65.84774  -71.37828 332.873132      99.98 4.4601e+02   2724.633      65392  1036.8259  1036.8253    34.7110    34.7103    7.85057         18 0.0000e+00
   1940.000   1911.999     0.8553  30.395301     0.8557  30.395036     4.4750     4.5309    -0.0117    97.8583 1.0000e-12  -65.84774  -71.37828 332.873144      99.98 4.4601e+02   2725.627      65416  1036.8305  1036.8299    34.7109    34.7102    7.85068         30 0.0000e+00
   1941.000   1912.979     0.8556  30.395911     0.8558  30.395518     4.4806     4.5266    -0.0044    97.8583 1.0000e-12  -65.84772  -71.37831 332.873181      99.98 4.4601e+02   2728.879      65494  1036.8349  1036.8343    34.7109    34.7101    7.85063         33 0.0000e+00
   1942.000   1913.960     0.8549  30.395754     0.8550  30.395316     4.4871     4.5295    -0.0088    97.8583 1.0000e-12  -65.84772  -71.37832 332.873192      99.98 4.4601e+02   2729.766      65515  1036.8396  1036.8391    34.7110    34.7103    7.85077         21 0.0000e+00
   1943.000   1914.940     0.8533  30.394727     0.8534  30.394407     4.4844     4.5299    -0.0096    97.8583 1.0000e-12  -65.84772  -71.37832 332.873201      99.98 4.4573e+02   2730.581      65535  1036.8443  1036.8438    34.7109    34.7103    7.85110         19 0.0000e+00
   1944.000   1915.924     0.8517  30.393752     0.8519  30.393335     4.4835     4.5320    -0.0164    97.8570 1.0000e-12  -65.84772  -71.37832 332.873210      99.97 4.4435e+02   2731.387      65554  1036.8490  1036.8484    34.7109    34.7101    7.85142         20 0.0000e+00
   1945.000   1916.904     0.8512  30.393730     0.8513  30.393204     4.4802     4.5314    -0.0113    97.8418 1.0000e-12  -65.84774  -71.37830 332.873221      99.97 4.4425e+02   2732.277      65576  1036.8536  1036.8530    34.7109    34.7101    7.85151         23 0.0000e+00
   1946.000   1917.885     0.8511  30.393979     0.8514  30.393673     4.4822     4.5301    -0.0031    97.8378 1.0000e-12  -65.84772  -71.37830 332.873234      99.98 4.4425e+02   2733.389      65602  1036.8581  1036.8576    34.7107    34.7101    7.85154         30 0.0000e+00
   1947.000   1918.866     0.8509  30.394247     0.8513  30.393868     4.4841     4.5318    -0.0089    97.8475 1.0000e-12  -65.84772  -71.37832 332.873248      99.97 4.4425e+02   2734.667      65633  1036.8627  1036.8620    34.7108    34.7100    7.85158         31 0.0000e+00
   1948.000   1919.847     0.8508  30.394514     0.8510  30.394072     4.4792     4.5320    -0.0174    97.8574 1.0000e-12  -65.84772  -71.37832 332.873263      99.98 4.4583e+02   2735.900      65663  1036.8672  1036.8666    34.7108    34.7100    7.85160         28 0.0000e+00
   1949.000   1920.828     0.8507  30.394804     0.8509  30.394353     4.4813     4.5309    -0.0085    97.8507 1.0000e-12  -65.84772  -71.37832 332.873276      99.98 4.4601e+02   2737.081      65691  1036.8718  1036.8711    34.7108    34.7099    7.85163         29 0.0000e+00
   1950.000   1921.808     0.8499  30.394536     0.8500  30.394043     4.4830     4.5276    -0.0023    97.8583 1.0000e-12  -65.84772  -71.37832 332.873290      99.98 4.4601e+02   2738.253      65719  1036.8764  1036.8758    34.7108    34.7100    7.85179         27 0.0000e+00
   1951.000   1922.791     0.8485  30.393611     0.8487  30.393343     4.4819     4.5346    -0.0049    97.8583 1.0000e-12  -65.84772  -71.37832 332.873303      99.98 4.4601e+02   2739.367      65746  1036.8810  1036.8805    34.7106    34.7100    7.85207         26 0.0000e+00
   1952.000   1923.770     0.8475  30.393223     0.8479  30.392967     4.4835     4.5331    -0.0155    97.8583 1.0000e-12  -65.84772  -71.37832 332.873315      99.98 4.4601e+02   2740.435      65771  1036.8857  1036.8851    34.7107    34.7100    7.85227         26 0.0000e+00
   1953.000   1924.752     0.8473  30.393382     0.8474  30.392889     4.4812     4.5274    -0.0096    97.8583 1.0000e-12  -65.84772  -71.37832 332.873328      99.98 4.4601e+02   2741.533      65798  1036.8903  1036.8896    34.7106    34.7098    7.85232         27 0.0000e+00
   1954.000   1925.733     0.8470  30.393525     0.8471  30.393069     4.4829     4.5238    -0.0128    97.8583 1.0000e-12  -65.84772  -71.37832 332.873342      99.98 4.4527e+02   2742.720      65826  1036.8948  1036.8943    34.7106    34.7099    7.85238         29 0.0000e+00
   1955.000   1926.715     0.8468  30.393737     0.8470  30.393380     4.4841     4.5318    -0.0156    97.8583 1.0000e-12  -65.84772  -71.37832 332.873355      99.98 4.4396e+02   2743.899      65855  1036.8993  1036.8988    34.7106    34.7099    7.85242         27 0.0000e+00
   1956.000   1927.694     0.8468  30.394249     0.8470  30.393807     4.4845     4.5324    -0.0091    97.8583 1.0000e-12  -65.84772  -71.37833 332.873368      99.98 4.4246e+02   2744.950      65880  1036.9040  1036.9034    34.7107    34.7099    7.85242         24 0.0000e+00
   1957.000   1928.677     0.8462  30.394067     0.8465  30.393816     4.4807     4.5325    -0.0104    97.8583 1.0000e-12  -65.84771  -71.37834 332.873379      99.98 4.4248e+02   2745.939      65904  1036.9085  1036.9081    34.7106    34.7100    7.85254         24 0.0000e+00
   1958.000   1929.657     0.8458  30.394075     0.8460  30.393716     4.4814     4.5326    -0.0119    97.8583 1.0000e-12  -65.84770  -71.37834 332.873391      99.97 4.4248e+02   2747.018      65929  1036.9131  1036.9125    34.7106    34.7098    7.85263         29 0.0000e+00
   1959.000   1930.637     0.8451  30.393974     0.8454  30.393634     4.4870     4.5330    -0.0143    97.8583 1.0000e-12  -65.84770  -71.37834 332.873411      99.97 4.4248e+02   2748.672      65969  1036.9177  1036.9171    34.7106    34.7099    7.85275         34 0.0000e+00
   1960.000   1931.619     0.8452  30.394460     0.8454  30.393955     4.4894     4.5284    -0.0124    97.8524 1.0000e-12  -65.84770  -71.37834 332.873435      99.98 4.4248e+02   2750.794      66020  1036.9222  1036.9216    34.7106    34.7098    7.85274         33 0.0000e+00
   1961.000   1932.599     0.8449  30.394562     0.8450  30.394186     4.4889     4.5218    -0.0104    97.8522 1.0000e-12  -65.84771  -71.37834 332.873447      99.98 4.4082e+02   2751.795      66044  1036.9268  1036.9264    34.7106    34.7100    7.85280         21 0.0000e+00
   1962.000   1933.582     0.8439  30.394086     0.8439  30.393632     4.4796     4.5277    -0.0085    97.8353 1.0000e-12  -65.84772  -71.37834 332.873455      99.97 4.3987e+02   2752.558      66062  1036.9315  1036.9310    34.7106    34.7100    7.85300         17 0.0000e+00
   1963.000   1934.561     0.8432  30.393908     0.8433  30.393433     4.4785     4.5328    -0.0111    97.8498 1.0000e-12  -65.84772  -71.37834 332.873463      99.98 4.4037e+02   2753.212      66078  1036.9361  1036.9356    34.7106    34.7099    7.85314         15 0.0000e+00
   1964.000   1935.543     0.8423  30.393457     0.8423  30.393011     4.4897     4.5343    -0.0130    97.8413 1.0000e-12  -65.84772  -71.37834 332.873470      99.98 4.4072e+02   2753.825      66093  1036.9408  1036.9403    34.7105    34.7099    7.85333         15 0.0000e+00
   1965.000   1936.526     0.8418  30.393496     0.8418  30.393052     4.4805     4.5332    -0.0158    97.8469 1.0000e-12  -65.84772  -71.37834 332.873478      99.97 4.4136e+02   2754.460      66108  1036.9455  1036.9449    34.7106    34.7100    7.85344         16 0.0000e+00
   1966.000   1937.505     0.8413  30.393320     0.8414  30.392952     4.4771     4.5330    -0.0116    97.8433 1.0000e-12  -65.84770  -71.37834 332.873486      99.98 4.4242e+02   2755.226      66126  1036.9499  1036.9494    34.7104    34.7098    7.85354         22 0.0000e+00
   1967.000   1938.488     0.8424  30.394740     0.8422  30.394065     4.4876     4.5309    -0.0032    97.8497 1.0000e-12  -65.84770  -71.37837 332.873533      99.98 4.4145e+02   2759.281      66224  1036.9544  1036.9538    34.7105    34.7098    7.85332         20 0.0000e+00
   1968.000   1939.467     0.8413  30.394088     0.8410  30.393422     4.4865     4.5250    -0.0098    97.8480 1.0000e-12  -65.84770  -71.37838 332.873550      99.98 4.4071e+02   2760.739      66259  1036.9589  1036.9585    34.7104    34.7099    7.85354         15 0.0000e+00
   1969.000   1940.449     0.8394  30.393019     0.8395  30.392597     4.4856     4.5223    -0.0119    97.8436 1.0000e-12  -65.84770  -71.37838 332.873557      99.98 4.4072e+02   2761.313      66273  1036.9638  1036.9633    34.7105    34.7099    7.85391         14 0.0000e+00
   1970.000   1941.427     0.8392  30.393163     0.8392  30.392704     4.4872     4.5269    -0.0184    97.8386 1.0000e-12  -65.84771  -71.37838 332.873563      99.98 4.4072e+02   2761.871      66286  1036.9684  1036.9679    34.7105    34.7099    7.85396         13 0.0000e+00
   1971.000   1942.411     0.8387  30.393188     0.8388  30.392722     4.4923     4.5323    -0.0177    97.8563 1.0000e-12  -65.84772  -71.37838 332.873570      99.98 4.4072e+02   2762.432      66299  1036.9730  1036.9725    34.7105    34.7099    7.85406         14 0.0000e+00
   1972.000   1943.391     0.8381  30.393044     0.8382  30.392676     4.4866     4.5347    -0.0098    97.8516 1.0000e-12  -65.84772  -71.37838 332.873577      99.97 4.4072e+02   2763.029      66314  1036.9776  1036.9771    34.7105    34.7099    7.85419         15 0.0000e+00
   1973.000   1944.371     0.8370  30.392516     0.8372  30.392018     4.4847     4.5422    -0.0111    97.8522 1.0000e-12  -65.84771  -71.37837 332.873584      99.98 4.4072e+02   2763.694      66330  1036.9822  1036.9816    34.7105    34.7097    7.85440         17 0.0000e+00
   1974.000   1945.355     0.8365  30.392382     0.8367  30.392039     4.4868     4.5404    -0.0108    97.8502 1.0000e-12  -65.84770  -71.37836 332.873599      99.98 4.3901e+02   2764.931      66359  1036.9867  1036.9862    34.7103    34.7097    7.85450         28 0.0000e+00
   1975.000   1946.332     0.8385  30.394512     0.8384  30.393870     4.4905     4.5307    -0.0079    97.8441 1.0000e-12  -65.84770  -71.37838 332.873647      99.98 4.3390e+02   2769.117      66460  1036.9910  1036.9904    34.7104    34.7096    7.85411         22 0.0000e+00
