NBP2113_155081_ctd/data/dnbp2113_008.cnv
* Sea-Bird SBE 9 Data File:
* FileName = D:\Data\raw\NBP2113_008.hex
* Software Version Seasave V 7.26.7.121
* Temperature SN = 2438
* Conductivity SN = 2067
* Number of Bytes Per Scan = 40
* Number of Voltage Words = 5
* Number of Scans Averaged by the Deck Unit = 1
* NMEA Latitude = 64 55.99 S
* NMEA Longitude = 064 24.05 W
* NMEA UTC (Time) = Nov 25 2021  04:33:36
* NMEA baud rate = 9600
** Ship: RVIB N.B. Palmer
** Cruise: NBP2113 LTER
** Station: 600.040
** Operator: B. Urmston
# nquan = 25
# nvalues = 1296                        
# units = specified
# name 0 = prDM: Pressure, Digiquartz [db]
# name 1 = depSM: Depth [salt water, m]
# name 2 = t090C: Temperature [ITS-90, deg C]
# name 3 = c0mS/cm: Conductivity [mS/cm]
# name 4 = t190C: Temperature, 2 [ITS-90, deg C]
# name 5 = c1mS/cm: Conductivity, 2 [mS/cm]
# name 6 = sbeox0ML/L: Oxygen, SBE 43 [ml/l]
# name 7 = sbeox1ML/L: Oxygen, SBE 43, 2 [ml/l]
# name 8 = flECO-AFL: Fluorescence, WET Labs ECO-AFL/FL [mg/m^3]
# name 9 = CStarTr0: Beam Transmission, WET Labs C-Star [%]
# name 10 = par: PAR/Irradiance, Biospherical/Licor
# name 11 = latitude: Latitude [deg]
# name 12 = longitude: Longitude [deg]
# name 13 = timeJ: Julian Days
# name 14 = altM: Altimeter [m]
# name 15 = spar: SPAR, Biospherical/Licor
# name 16 = timeS: Time, Elapsed [seconds]
# name 17 = scan: Scan Count
# name 18 = density00: Density [density, kg/m^3]
# name 19 = density11: Density, 2 [density, kg/m^3]
# name 20 = sal00: Salinity, Practical [PSU]
# name 21 = sal11: Salinity, Practical, 2 [PSU]
# name 22 = oxsolML/L: Oxygen Saturation, Garcia & Gordon [ml/l]
# name 23 = nbin: number of scans per bin
# name 24 = flag: flag
# span 0 =      1.000,   1296.000       
# span 1 =      0.993,   1279.310       
# span 2 =    -0.7217,     1.4983       
# span 3 =  27.579744,  30.658622       
# span 4 =    -0.7168,     1.4984       
# span 5 =  27.577733,  30.657683       
# span 6 =     4.0496,     8.2724       
# span 7 =     4.0874,     8.1826       
# span 8 =    -0.0226,     1.5457       
# span 9 =    91.7954,    98.1822       
# span 10 = 1.0000e-12, 2.4837e+00      
# span 11 =  -64.93316,  -64.93258      
# span 12 =  -64.40234,  -64.40134      
# span 13 = 329.193839, 329.215783      
# span 14 =       8.09,     100.04      
# span 15 = 0.0000e+00, 0.0000e+00      
# span 16 =    331.755,   2227.683      
# span 17 =       7963,      53465      
# span 18 =  1027.2065,  1033.7898      
# span 19 =  1027.2044,  1033.7883      
# span 20 =    33.8374,    34.6787      
# span 21 =    33.8342,    34.6773      
# span 22 =    7.72468,    8.22906      
# span 23 =          3,         50      
# span 24 = 0.0000e+00, 0.0000e+00      
# interval = decibars: 1                
# start_time = Nov 25 2021 04:33:36 [NMEA time, header]
# bad_flag = -9.990e-29
*END*
[from data line 464]
    465.000    459.928     1.3835  30.179680     1.3832  30.178052     4.2564     4.2462    -0.0077    98.1287 1.0000e-12  -64.93278  -64.40218 329.202637      99.97 0.0000e+00   1091.847      26205  1029.9301  1029.9288    34.6567    34.6549    7.74841         28 0.0000e+00
    466.000    460.914     1.3833  30.179975     1.3830  30.178523     4.2464     4.2430    -0.0090    98.1178 1.0000e-12  -64.93278  -64.40218 329.202651      99.98 0.0000e+00   1093.007      26233  1029.9349  1029.9337    34.6567    34.6551    7.74845         28 0.0000e+00
    467.000    461.904     1.3818  30.179124     1.3834  30.179620     4.2517     4.2418    -0.0150    98.1735 1.0000e-12  -64.93278  -64.40218 329.202665      99.98 0.0000e+00   1094.258      26263  1029.9397  1029.9386    34.6567    34.6555    7.74874         31 0.0000e+00
    468.000    462.890     1.3828  30.180420     1.3818  30.178373     4.2518     4.2460    -0.0101    98.1617 1.0000e-12  -64.93278  -64.40218 329.202681      99.98 0.0000e+00   1095.595      26295  1029.9442  1029.9432    34.6567    34.6552    7.74854         33 0.0000e+00
    469.000    463.879     1.3811  30.179163     1.3821  30.179029     4.2499     4.2460    -0.0070    98.1495 1.0000e-12  -64.93278  -64.40218 329.202696      99.98 0.0000e+00   1096.945      26328  1029.9489  1029.9478    34.6563    34.6551    7.74889         32 0.0000e+00
    470.000    464.867     1.3798  30.178614     1.3805  30.178063     4.2496     4.2480    -0.0043    98.1597 1.0000e-12  -64.93278  -64.40218 329.202712      99.98 0.0000e+00   1098.309      26360  1029.9538  1029.9525    34.6565    34.6550    7.74914         34 0.0000e+00
    471.000    465.854     1.3813  30.180477     1.3799  30.177920     4.2560     4.2425    -0.0198    98.1544 1.0000e-12  -64.93278  -64.40218 329.202728      99.98 0.0000e+00   1099.705      26394  1029.9584  1029.9572    34.6566    34.6549    7.74883         32 0.0000e+00
    472.000    466.843     1.3778  30.177598     1.3785  30.177098     4.2509     4.2475    -0.0147    98.1227 1.0000e-12  -64.93278  -64.40218 329.202743      99.98 0.0000e+00   1100.957      26424  1029.9632  1029.9620    34.6563    34.6549    7.74955         28 0.0000e+00
    473.000    467.831     1.3768  30.176983     1.3781  30.177169     4.2561     4.2440    -0.0150    98.1424 1.0000e-12  -64.93278  -64.40218 329.202755      99.98 0.0000e+00   1102.031      26450  1029.9678  1029.9668    34.6561    34.6549    7.74977         25 0.0000e+00
    474.000    468.819     1.3770  30.177716     1.3775  30.177024     4.2520     4.2438    -0.0120    98.1618 1.0000e-12  -64.93278  -64.40218 329.202767      99.98 0.0000e+00   1103.055      26474  1029.9725  1029.9713    34.6562    34.6547    7.74971         24 0.0000e+00
    475.000    469.806     1.3769  30.178272     1.3778  30.177876     4.2439     4.2458    -0.0075    97.9688 1.0000e-12  -64.93278  -64.40218 329.202780      99.98 0.0000e+00   1104.159      26501  1029.9774  1029.9762    34.6564    34.6550    7.74972         29 0.0000e+00
    476.000    470.795     1.3822  30.183755     1.3818  30.182120     4.2429     4.2466    -0.0075    98.1318 1.0000e-12  -64.93278  -64.40218 329.202795      99.98 0.0000e+00   1105.483      26533  1029.9819  1029.9807    34.6570    34.6554    7.74864         36 0.0000e+00
    477.000    471.782     1.3813  30.183396     1.3813  30.182230     4.2452     4.2479    -0.0086    98.1409 1.0000e-12  -64.93278  -64.40218 329.202814      99.98 0.0000e+00   1107.096      26571  1029.9868  1029.9856    34.6570    34.6555    7.74882         39 0.0000e+00
    478.000    472.771     1.3810  30.183602     1.3810  30.182412     4.2409     4.2486    -0.0118    98.1448 1.0000e-12  -64.93278  -64.40220 329.202831      99.98 0.0000e+00   1108.622      26608  1029.9915  1029.9903    34.6570    34.6555    7.74888         33 0.0000e+00
    479.000    473.758     1.3799  30.183014     1.3795  30.181616     4.2481     4.2471    -0.0077    98.1377 1.0000e-12  -64.93278  -64.40219 329.202845      99.98 0.0000e+00   1109.840      26637  1029.9962  1029.9951    34.6569    34.6555    7.74910         27 0.0000e+00
    480.000    474.746     1.3798  30.183404     1.3799  30.182362     4.2470     4.2410    -0.0015    98.1822 1.0000e-12  -64.93278  -64.40218 329.202858      99.98 0.0000e+00   1110.938      26664  1030.0009  1029.9998    34.6569    34.6555    7.74911         26 0.0000e+00
    481.000    475.734     1.3790  30.183211     1.3785  30.181570     4.2454     4.2399    -0.0085    98.1702 1.0000e-12  -64.93278  -64.40218 329.202871      99.98 0.0000e+00   1112.042      26690  1030.0058  1030.0046    34.6570    34.6554    7.74928         27 0.0000e+00
    482.000    476.722     1.3804  30.185154     1.3803  30.183945     4.2436     4.2426    -0.0101    98.1702 1.0000e-12  -64.93278  -64.40218 329.202884      99.98 0.0000e+00   1113.167      26717  1030.0106  1030.0094    34.6574    34.6560    7.74899         27 0.0000e+00
    483.000    477.710     1.3825  30.187665     1.3825  30.186612     4.2387     4.2378    -0.0075    98.1673 1.0000e-12  -64.93278  -64.40218 329.202898      99.98 0.0000e+00   1114.344      26745  1030.0152  1030.0142    34.6577    34.6563    7.74855         30 0.0000e+00
    484.000    478.698     1.3835  30.189250     1.3832  30.187865     4.2424     4.2379    -0.0073    98.1788 1.0000e-12  -64.93278  -64.40218 329.202913      99.98 0.0000e+00   1115.642      26776  1030.0200  1030.0189    34.6580    34.6565    7.74833         33 0.0000e+00
    485.000    479.686     1.3842  30.190502     1.3842  30.189274     4.2500     4.2421    -0.0069    98.1483 1.0000e-12  -64.93278  -64.40219 329.202929      99.98 0.0000e+00   1117.092      26811  1030.0249  1030.0236    34.6582    34.6567    7.74818         36 0.0000e+00
    486.000    480.673     1.3834  30.190375     1.3835  30.189291     4.2432     4.2361     0.0050    98.1780 1.0000e-12  -64.93278  -64.40220 329.202947      99.98 0.0000e+00   1118.600      26847  1030.0298  1030.0286    34.6584    34.6569    7.74833         35 0.0000e+00
    487.000    481.662     1.3832  30.190751     1.3833  30.189510     4.2416     4.2332    -0.0123    98.1643 1.0000e-12  -64.93278  -64.40220 329.202963      99.98 0.0000e+00   1119.979      26880  1030.0346  1030.0333    34.6585    34.6569    7.74836         30 0.0000e+00
    488.000    482.650     1.3840  30.192001     1.3840  30.190855     4.2491     4.2388    -0.0082    98.1695 1.0000e-12  -64.93278  -64.40218 329.202976      99.98 0.0000e+00   1121.109      26908  1030.0393  1030.0382    34.6587    34.6572    7.74820         25 0.0000e+00
    489.000    483.637     1.3848  30.193250     1.3846  30.192024     4.2415     4.2394    -0.0064    98.1356 1.0000e-12  -64.93278  -64.40218 329.202987      99.98 0.0000e+00   1122.096      26931  1030.0440  1030.0430    34.6588    34.6575    7.74803         23 0.0000e+00
    490.000    484.624     1.3855  30.194404     1.3854  30.193309     4.2465     4.2393    -0.0071    98.1341 1.0000e-12  -64.93278  -64.40218 329.202998      99.98 0.0000e+00   1123.066      26955  1030.0488  1030.0477    34.6590    34.6576    7.74790         24 0.0000e+00
    491.000    485.613     1.3855  30.194800     1.3853  30.193503     4.2466     4.2410    -0.0122    98.1271 1.0000e-12  -64.93278  -64.40218 329.203011      99.98 0.0000e+00   1124.161      26981  1030.0533  1030.0523    34.6589    34.6575    7.74789         30 0.0000e+00
    492.000    486.601     1.3849  30.194803     1.3849  30.193425     4.2443     4.2407    -0.0103    98.1394 1.0000e-12  -64.93277  -64.40219 329.203028      99.98 0.0000e+00   1125.661      27017  1030.0582  1030.0568    34.6589    34.6572    7.74801         43 0.0000e+00
    493.000    487.588     1.3850  30.195285     1.3852  30.194219     4.2409     4.2403    -0.0104    98.1182 1.0000e-12  -64.93276  -64.40220 329.203050      99.98 0.0000e+00   1127.476      27060  1030.0629  1030.0616    34.6589    34.6573    7.74800         38 0.0000e+00
    494.000    488.576     1.3852  30.195960     1.3854  30.194927     4.2361     4.2379     0.0088    98.1157 1.0000e-12  -64.93276  -64.40220 329.203065      99.97 0.0000e+00   1128.813      27093  1030.0675  1030.0663    34.6590    34.6574    7.74795         28 0.0000e+00
    495.000    489.565     1.3858  30.197010     1.3857  30.195729     4.2432     4.2377    -0.0190    98.1362 1.0000e-12  -64.93277  -64.40220 329.203077      99.98 0.0000e+00   1129.853      27117  1030.0722  1030.0710    34.6590    34.6576    7.74782         24 0.0000e+00
    496.000    490.553     1.3863  30.197893     1.3861  30.196599     4.2455     4.2390    -0.0037    98.1204 1.0000e-12  -64.93278  -64.40220 329.203088      99.98 0.0000e+00   1130.838      27141  1030.0769  1030.0758    34.6591    34.6576    7.74773         24 0.0000e+00
    497.000    491.540     1.3862  30.198151     1.3861  30.196995     4.2440     4.2409    -0.0046    98.1403 1.0000e-12  -64.93278  -64.40219 329.203100      99.98 0.0000e+00   1131.880      27166  1030.0815  1030.0804    34.6590    34.6576    7.74776         26 0.0000e+00
    498.000    492.528     1.3867  30.199136     1.3869  30.198192     4.2425     4.2404    -0.0007    98.1275 1.0000e-12  -64.93278  -64.40219 329.203115      99.98 0.0000e+00   1133.119      27196  1030.0862  1030.0851    34.6591    34.6577    7.74764         34 0.0000e+00
    499.000    493.515     1.3865  30.199447     1.3866  30.198284     4.2358     4.2391    -0.0075    98.1231 1.0000e-12  -64.93276  -64.40219 329.203133      99.98 0.0000e+00   1134.656      27233  1030.0909  1030.0897    34.6591    34.6576    7.74769         39 0.0000e+00
    500.000    494.504     1.3864  30.199728     1.3869  30.198883     4.2403     4.2412    -0.0068    98.1250 1.0000e-12  -64.93276  -64.40220 329.203151      99.98 0.0000e+00   1136.216      27270  1030.0955  1030.0942    34.6590    34.6574    7.74771         34 0.0000e+00
    501.000    495.492     1.3867  30.200551     1.3870  30.199672     4.2318     4.2353    -0.0135    98.0909 1.0000e-12  -64.93276  -64.40219 329.203165      99.98 0.0000e+00   1137.484      27301  1030.1003  1030.0991    34.6591    34.6577    7.74764         28 0.0000e+00
    502.000    496.478     1.3866  30.200852     1.3869  30.199993     4.2329     4.2360    -0.0011    98.1098 1.0000e-12  -64.93276  -64.40219 329.203178      99.98 0.0000e+00   1138.596      27327  1030.1049  1030.1038    34.6591    34.6577    7.74766         25 0.0000e+00
    503.000    497.467     1.3871  30.201726     1.3869  30.200527     4.2393     4.2356    -0.0058    98.1059 1.0000e-12  -64.93276  -64.40219 329.203190      99.98 0.0000e+00   1139.653      27353  1030.1096  1030.1085    34.6591    34.6578    7.74757         26 0.0000e+00
    504.000    498.455     1.3872  30.202294     1.3869  30.200930     4.2365     4.2412    -0.0010    98.1147 1.0000e-12  -64.93276  -64.40219 329.203203      99.98 0.0000e+00   1140.712      27378  1030.1143  1030.1132    34.6592    34.6578    7.74755         26 0.0000e+00
    505.000    499.443     1.3876  30.203062     1.3875  30.201989     4.2401     4.2398    -0.0004    98.1068 1.0000e-12  -64.93276  -64.40219 329.203216      99.98 0.0000e+00   1141.826      27405  1030.1189  1030.1179    34.6592    34.6579    7.74748         28 0.0000e+00
    506.000    500.430     1.3877  30.203748     1.3876  30.202605     4.2390     4.2380    -0.0131    98.1156 1.0000e-12  -64.93276  -64.40219 329.203230      99.98 0.0000e+00   1143.063      27435  1030.1237  1030.1226    34.6593    34.6579    7.74744         31 0.0000e+00
    507.000    501.418     1.3878  30.204313     1.3878  30.203226     4.2403     4.2387    -0.0102    98.0989 1.0000e-12  -64.93276  -64.40219 329.203246      99.98 0.0000e+00   1144.459      27468  1030.1284  1030.1273    34.6593    34.6579    7.74741         36 0.0000e+00
    508.000    502.406     1.3880  30.204931     1.3880  30.203717     4.2438     4.2331    -0.0039    98.0685 1.0000e-12  -64.93276  -64.40219 329.203264      99.98 0.0000e+00   1145.970      27504  1030.1331  1030.1318    34.6593    34.6577    7.74738         35 0.0000e+00
    509.000    503.394     1.3885  30.205926     1.3885  30.204757     4.2383     4.2380    -0.0193    98.0904 1.0000e-12  -64.93276  -64.40220 329.203280      99.98 0.0000e+00   1147.355      27538  1030.1378  1030.1365    34.6595    34.6579    7.74727         31 0.0000e+00
    510.000    504.381     1.3885  30.206301     1.3884  30.205215     4.2374     4.2379    -0.0151    98.1116 1.0000e-12  -64.93276  -64.40218 329.203293      99.98 0.0000e+00   1148.505      27565  1030.1424  1030.1414    34.6594    34.6582    7.74728         26 0.0000e+00
    511.000    505.369     1.3884  30.206723     1.3884  30.205601     4.2420     4.2378    -0.0079    98.1237 1.0000e-12  -64.93276  -64.40218 329.203305      99.98 0.0000e+00   1149.554      27590  1030.1472  1030.1460    34.6594    34.6580    7.74729         25 0.0000e+00
    512.000    506.356     1.3885  30.207325     1.3884  30.206034     4.2396     4.2360    -0.0074    98.0964 1.0000e-12  -64.93276  -64.40219 329.203317      99.98 0.0000e+00   1150.630      27616  1030.1519  1030.1506    34.6595    34.6580    7.74726         26 0.0000e+00
    513.000    507.345     1.3890  30.208050     1.3889  30.207014     4.2327     4.2355    -0.0138    98.1098 1.0000e-12  -64.93276  -64.40220 329.203331      99.98 0.0000e+00   1151.809      27644  1030.1564  1030.1554    34.6594    34.6581    7.74719         30 0.0000e+00
    514.000    508.333     1.3894  30.209039     1.3893  30.207805     4.2394     4.2346    -0.0053    98.0983 1.0000e-12  -64.93276  -64.40220 329.203347      99.98 0.0000e+00   1153.156      27677  1030.1612  1030.1600    34.6596    34.6581    7.74709         35 0.0000e+00
    515.000    509.319     1.3895  30.209532     1.3895  30.208359     4.2332     4.2363    -0.0025    98.1078 1.0000e-12  -64.93276  -64.40220 329.203363      99.98 0.0000e+00   1154.561      27710  1030.1658  1030.1647    34.6595    34.6581    7.74707         32 0.0000e+00
    516.000    510.308     1.3897  30.210301     1.3896  30.209083     4.2312     4.2318    -0.0069    98.1020 1.0000e-12  -64.93276  -64.40220 329.203378      99.98 0.0000e+00   1155.820      27741  1030.1706  1030.1695    34.6597    34.6583    7.74701         28 0.0000e+00
    517.000    511.296     1.3898  30.210768     1.3896  30.209541     4.2337     4.2342    -0.0118    98.0900 1.0000e-12  -64.93276  -64.40220 329.203391      99.98 0.0000e+00   1156.968      27768  1030.1752  1030.1742    34.6596    34.6583    7.74700         27 0.0000e+00
    518.000    512.283     1.3900  30.211336     1.3898  30.210215     4.2342     4.2372     0.0032    98.1040 1.0000e-12  -64.93276  -64.40220 329.203404      99.98 0.0000e+00   1158.118      27796  1030.1799  1030.1789    34.6596    34.6584    7.74697         28 0.0000e+00
    519.000    513.272     1.3901  30.211928     1.3898  30.210645     4.2386     4.2335    -0.0079    98.1011 1.0000e-12  -64.93276  -64.40220 329.203417      99.98 0.0000e+00   1159.262      27823  1030.1846  1030.1836    34.6597    34.6584    7.74695         28 0.0000e+00
    520.000    514.258     1.3903  30.212726     1.3904  30.211718     4.2306     4.2302    -0.0087    98.0687 1.0000e-12  -64.93276  -64.40220 329.203431      99.98 0.0000e+00   1160.414      27851  1030.1893  1030.1883    34.6598    34.6585    7.74689         28 0.0000e+00
    521.000    515.247     1.3906  30.213226     1.3904  30.212210     4.2370     4.2324    -0.0064    98.0168 1.0000e-12  -64.93276  -64.40220 329.203444      99.98 0.0000e+00   1161.596      27879  1030.1938  1030.1930    34.6596    34.6585    7.74684         28 0.0000e+00
