NBP2113_155081_ctd/data/dnbp2113_045.cnv
* Sea-Bird SBE 9 Data File:
* FileName = D:\Data\raw\NBP2113_045.hex
* Software Version Seasave V 7.26.7.121
* Temperature SN = 2438
* Conductivity SN = 2067
* Number of Bytes Per Scan = 40
* Number of Voltage Words = 5
* Number of Scans Averaged by the Deck Unit = 1
* NMEA Latitude = 64 53.15 S
* NMEA Longitude = 063 45.53 W
* NMEA UTC (Time) = Dec 11 2021  03:56:53
* NMEA baud rate = 9600
** Ship: RVIB N.B. Palmer
** Cruise: NBP2113 LTER
** Station: 624.021
** Operator: B. Urmston
# nquan = 25
# nvalues = 613                         
# units = specified
# name 0 = prDM: Pressure, Digiquartz [db]
# name 1 = depSM: Depth [salt water, m]
# name 2 = t090C: Temperature [ITS-90, deg C]
# name 3 = c0mS/cm: Conductivity [mS/cm]
# name 4 = t190C: Temperature, 2 [ITS-90, deg C]
# name 5 = c1mS/cm: Conductivity, 2 [mS/cm]
# name 6 = sbeox0ML/L: Oxygen, SBE 43 [ml/l]
# name 7 = sbeox1ML/L: Oxygen, SBE 43, 2 [ml/l]
# name 8 = flECO-AFL: Fluorescence, WET Labs ECO-AFL/FL [mg/m^3]
# name 9 = CStarTr0: Beam Transmission, WET Labs C-Star [%]
# name 10 = par: PAR/Irradiance, Biospherical/Licor
# name 11 = latitude: Latitude [deg]
# name 12 = longitude: Longitude [deg]
# name 13 = timeJ: Julian Days
# name 14 = altM: Altimeter [m]
# name 15 = spar: SPAR, Biospherical/Licor
# name 16 = timeS: Time, Elapsed [seconds]
# name 17 = scan: Scan Count
# name 18 = density00: Density [density, kg/m^3]
# name 19 = density11: Density, 2 [density, kg/m^3]
# name 20 = sal00: Salinity, Practical [PSU]
# name 21 = sal11: Salinity, Practical, 2 [PSU]
# name 22 = oxsolML/L: Oxygen Saturation, Garcia & Gordon [ml/l]
# name 23 = nbin: number of scans per bin
# name 24 = flag: flag
# span 0 =      5.000,    617.000       
# span 1 =      4.953,    610.041       
# span 2 =    -0.3111,     1.2253       
# span 3 =  27.900097,  30.078503       
# span 4 =    -0.3126,     1.2246       
# span 5 =  27.898620,  30.076976       
# span 6 =     4.3785,     8.1472       
# span 7 =     4.4391,     8.1675       
# span 8 =    -0.0151,     2.1224       
# span 9 =    84.9451,    91.7533       
# span 10 = -1.125e-05, 3.2111e-01      
# span 11 =  -64.88606,  -64.88566      
# span 12 =  -63.75908,  -63.75828      
# span 13 = 345.167817, 345.180026      
# span 14 =       8.36,     100.12      
# span 15 = 0.0000e+00, 0.0000e+00      
# span 16 =    286.406,   1341.214      
# span 17 =       6875,      32190      
# span 18 =  1027.1464,  1030.6218      
# span 19 =  1027.1450,  1030.6206      
# span 20 =    33.7601,    34.6169      
# span 21 =    33.7571,    34.6154      
# span 22 =    7.78182,    8.14250      
# span 23 =          8,         48      
# span 24 = 0.0000e+00, 0.0000e+00      
# interval = decibars: 1                
# start_time = Dec 11 2021 03:56:53 [NMEA time, header]
# bad_flag = -9.990e-29
*END*
[from data line 406]
    411.000    406.571     1.0721  29.826053     1.0716  29.824690     4.5946     4.6482     0.0082    91.4832 1.0000e-12  -64.88592  -63.75880 345.175734      99.97 0.0000e+00    970.378      23290  1029.6406  1029.6396    34.5795    34.5782    7.81434         34 0.0000e+00
    412.000    407.558     1.0723  29.826768     1.0719  29.825332     4.5994     4.6520     0.0025    91.4429 1.0000e-12  -64.88592  -63.75880 345.175749      99.97 0.0000e+00    971.695      23322  1029.6453  1029.6442    34.5796    34.5782    7.81429         31 0.0000e+00
    413.000    408.547     1.0729  29.827897     1.0725  29.826344     4.5981     4.6519    -0.0035    91.5466 1.0000e-12  -64.88592  -63.75880 345.175764      99.97 0.0000e+00    972.992      23353  1029.6501  1029.6490    34.5798    34.5783    7.81416         32 0.0000e+00
    414.000    409.535     1.0725  29.827830     1.0716  29.825822     4.5964     4.6511     0.0114    91.5245 1.0000e-12  -64.88592  -63.75880 345.175780      99.97 0.0000e+00    974.395      23386  1029.6547  1029.6536    34.5796    34.5780    7.81426         32 0.0000e+00
    415.000    410.524     1.0723  29.827958     1.0721  29.826745     4.5906     4.6452     0.0002    91.5140 1.0000e-12  -64.88592  -63.75880 345.175796      99.97 0.0000e+00    975.805      23420  1029.6593  1029.6582    34.5794    34.5781    7.81430         31 0.0000e+00
    416.000    411.511     1.0753  29.831584     1.0751  29.830394     4.5860     4.6448    -0.0004    91.4591 1.0000e-12  -64.88592  -63.75880 345.175811      99.97 0.0000e+00    977.114      23452  1029.6642  1029.6632    34.5801    34.5788    7.81366         30 0.0000e+00
    417.000    412.500     1.0780  29.834810     1.0768  29.832754     4.5879     4.6471    -0.0034    91.5128 1.0000e-12  -64.88592  -63.75880 345.175826      99.97 0.0000e+00    978.342      23481  1029.6692  1029.6682    34.5808    34.5794    7.81310         29 0.0000e+00
    418.000    413.488     1.0769  29.834450     1.0762  29.832563     4.5925     4.6538    -0.0037    91.4959 1.0000e-12  -64.88592  -63.75882 345.175840      99.97 0.0000e+00    979.566      23511  1029.6742  1029.6729    34.5810    34.5793    7.81331         31 0.0000e+00
    419.000    414.476     1.0748  29.832600     1.0734  29.829999     4.5915     4.6483     0.0107    91.4705 1.0000e-12  -64.88592  -63.75882 345.175856      99.97 0.0000e+00    980.921      23543  1029.6786  1029.6772    34.5803    34.5785    7.81376         34 0.0000e+00
    420.000    415.465     1.0729  29.831048     1.0729  29.829973     4.5960     4.6443     0.0041    91.4701 1.0000e-12  -64.88592  -63.75882 345.175873      99.97 0.0000e+00    982.452      23580  1029.6831  1029.6820    34.5798    34.5784    7.81417         33 0.0000e+00
    421.000    416.452     1.0742  29.832652     1.0743  29.831739     4.5858     4.6490    -0.0079    91.4859 1.0000e-12  -64.88592  -63.75882 345.175891      99.97 0.0000e+00    984.026      23618  1029.6877  1029.6867    34.5798    34.5786    7.81390         35 0.0000e+00
    422.000    417.439     1.0767  29.835650     1.0769  29.834875     4.5819     4.6492     0.0043    91.5232 1.0000e-12  -64.88592  -63.75882 345.175908      99.97 0.0000e+00    985.435      23651  1029.6925  1029.6915    34.5804    34.5791    7.81338         31 0.0000e+00
    423.000    418.429     1.0779  29.837468     1.0774  29.835909     4.5831     4.6496     0.0008    91.5190 1.0000e-12  -64.88593  -63.75882 345.175923      99.97 0.0000e+00    986.738      23683  1029.6974  1029.6964    34.5808    34.5793    7.81311         31 0.0000e+00
    424.000    419.417     1.0783  29.838288     1.0779  29.836955     4.5880     4.6478     0.0054    91.5008 1.0000e-12  -64.88594  -63.75882 345.175938      99.97 0.0000e+00    988.002      23713  1029.7021  1029.7011    34.5808    34.5795    7.81303         29 0.0000e+00
    425.000    420.405     1.0777  29.838316     1.0771  29.836507     4.5870     4.6448    -0.0061    91.4930 1.0000e-12  -64.88594  -63.75882 345.175952      99.97 0.0000e+00    989.241      23743  1029.7070  1029.7058    34.5810    34.5794    7.81314         30 0.0000e+00
    426.000    421.394     1.0776  29.838599     1.0773  29.837115     4.5759     4.6431    -0.0111    91.4772 1.0000e-12  -64.88594  -63.75883 345.175967      99.97 0.0000e+00    990.528      23774  1029.7116  1029.7104    34.5808    34.5792    7.81316         32 0.0000e+00
    427.000    422.383     1.0781  29.839516     1.0781  29.838420     4.5808     4.6430    -0.0024    91.4512 1.0000e-12  -64.88594  -63.75883 345.175983      99.96 0.0000e+00    991.901      23807  1029.7163  1029.7152    34.5809    34.5795    7.81307         30 0.0000e+00
    428.000    423.370     1.0782  29.839976     1.0779  29.838716     4.5914     4.6424    -0.0015    91.5237 1.0000e-12  -64.88594  -63.75884 345.175999      99.97 0.0000e+00    993.292      23840  1029.7210  1029.7200    34.5808    34.5795    7.81305         34 0.0000e+00
    429.000    424.355     1.0783  29.840578     1.0780  29.839160     4.5772     4.6355    -0.0048    91.4385 1.0000e-12  -64.88594  -63.75884 345.176015      99.97 0.0000e+00    994.737      23875  1029.7257  1029.7246    34.5809    34.5794    7.81302         32 0.0000e+00
    430.000    425.349     1.0811  29.842924     1.0800  29.841019     4.5286     4.6157    -0.0060    91.5042 1.0000e-12  -64.88594  -63.75884 345.176033      99.97 0.0000e+00    996.232      23911  1029.7296  1029.7287    34.5803    34.5790    7.81251         35 0.0000e+00
    431.000    426.333     1.1086  29.873244     1.1030  29.866974     4.5266     4.6074    -0.0077    91.5460 1.0000e-12  -64.88594  -63.75884 345.176049      99.97 0.0000e+00    997.673      23945  1029.7377  1029.7368    34.5881    34.5862    7.80658         33 0.0000e+00
    432.000    427.323     1.1028  29.868674     1.1012  29.865492     4.5146     4.5938    -0.0077    91.5306 1.0000e-12  -64.88594  -63.75884 345.176065      99.97 0.0000e+00    998.999      23977  1029.7432  1029.7415    34.5881    34.5858    7.80774         30 0.0000e+00
    433.000    428.310     1.1157  29.881812     1.1131  29.877679     4.5084     4.5824    -0.0011    91.5274 1.0000e-12  -64.88594  -63.75884 345.176079      99.97 0.0000e+00   1000.217      24006  1029.7482  1029.7465    34.5902    34.5877    7.80507         29 0.0000e+00
    434.000    429.299     1.1214  29.888652     1.1232  29.889855     4.5099     4.5772     0.0079    91.5460 1.0000e-12  -64.88594  -63.75884 345.176093      99.97 0.0000e+00   1001.412      24035  1029.7539  1029.7534    34.5920    34.5916    7.80382         29 0.0000e+00
    435.000    430.287     1.1250  29.893290     1.1246  29.891915     4.5148     4.5773    -0.0019    91.5295 1.0000e-12  -64.88594  -63.75884 345.176108      99.97 0.0000e+00   1002.701      24066  1029.7595  1029.7585    34.5934    34.5921    7.80303         33 0.0000e+00
    436.000    431.275     1.1245  29.893419     1.1231  29.890932     4.5217     4.5805    -0.0002    91.4993 1.0000e-12  -64.88594  -63.75884 345.176124      99.97 0.0000e+00   1004.146      24101  1029.7645  1029.7634    34.5936    34.5919    7.80313         32 0.0000e+00
    437.000    432.263     1.1185  29.887236     1.1182  29.885976     4.5252     4.5832     0.0027    91.4551 1.0000e-12  -64.88594  -63.75884 345.176142      99.97 0.0000e+00   1005.628      24136  1029.7684  1029.7674    34.5917    34.5904    7.80442         34 0.0000e+00
    438.000    433.252     1.1180  29.887107     1.1177  29.885780     4.5310     4.5871    -0.0076    91.5446 1.0000e-12  -64.88594  -63.75885 345.176158      99.97 0.0000e+00   1007.036      24170  1029.7730  1029.7720    34.5915    34.5901    7.80452         34 0.0000e+00
    439.000    434.239     1.1174  29.886734     1.1167  29.885200     4.5348     4.5908    -0.0019    91.4770 1.0000e-12  -64.88594  -63.75884 345.176173      99.97 0.0000e+00   1008.348      24201  1029.7776  1029.7766    34.5911    34.5899    7.80467         30 0.0000e+00
    440.000    435.226     1.1170  29.886854     1.1171  29.886069     4.5284     4.5898    -0.0001    91.5595 1.0000e-12  -64.88594  -63.75885 345.176188      99.97 0.0000e+00   1009.610      24232  1029.7824  1029.7814    34.5911    34.5900    7.80475         30 0.0000e+00
    441.000    436.215     1.1178  29.887889     1.1176  29.886663     4.5316     4.5906     0.0080    91.5482 1.0000e-12  -64.88594  -63.75885 345.176203      99.97 0.0000e+00   1010.961      24264  1029.7869  1029.7858    34.5910    34.5897    7.80460         35 0.0000e+00
    442.000    437.202     1.1220  29.893125     1.1190  29.888915     4.5242     4.5902     0.0040    91.5632 1.0000e-12  -64.88594  -63.75885 345.176220      99.97 0.0000e+00   1012.419      24299  1029.7923  1029.7910    34.5925    34.5905    7.80368         33 0.0000e+00
    443.000    438.192     1.1165  29.887657     1.1152  29.885270     4.5310     4.5886    -0.0060    91.5585 1.0000e-12  -64.88594  -63.75886 345.176236      99.97 0.0000e+00   1013.829      24333  1029.7964  1029.7952    34.5910    34.5893    7.80485         32 0.0000e+00
    444.000    439.180     1.1177  29.888980     1.1170  29.887497     4.5284     4.5807    -0.0134    91.5873 1.0000e-12  -64.88594  -63.75886 345.176252      99.97 0.0000e+00   1015.138      24364  1029.8008  1029.7999    34.5908    34.5896    7.80463         31 0.0000e+00
    445.000    440.167     1.1190  29.891098     1.1186  29.889788     4.5335     4.5841    -0.0033    91.5487 1.0000e-12  -64.88594  -63.75886 345.176266      99.97 0.0000e+00   1016.398      24395  1029.8059  1029.8050    34.5915    34.5902    7.80433         30 0.0000e+00
    446.000    441.156     1.1188  29.891323     1.1187  29.890310     4.5296     4.5798    -0.0084    91.5350 1.0000e-12  -64.88594  -63.75886 345.176280      99.97 0.0000e+00   1017.615      24424  1029.8106  1029.8097    34.5914    34.5902    7.80437         28 0.0000e+00
    447.000    442.144     1.1170  29.889889     1.1169  29.888788     4.5249     4.5833     0.0042    91.5406 1.0000e-12  -64.88594  -63.75886 345.176295      99.97 0.0000e+00   1018.892      24454  1029.8152  1029.8142    34.5909    34.5897    7.80475         32 0.0000e+00
    448.000    443.132     1.1193  29.892790     1.1194  29.891811     4.5299     4.5857     0.0056    91.5372 1.0000e-12  -64.88594  -63.75886 345.176311      99.97 0.0000e+00   1020.314      24489  1029.8201  1029.8190    34.5915    34.5902    7.80426         35 0.0000e+00
    449.000    444.120     1.1197  29.893642     1.1184  29.891233     4.5285     4.5868    -0.0004    91.5774 1.0000e-12  -64.88594  -63.75886 345.176329      99.97 0.0000e+00   1021.832      24525  1029.8248  1029.8237    34.5916    34.5900    7.80417         37 0.0000e+00
    450.000    445.108     1.1194  29.893769     1.1186  29.891929     4.5258     4.5852    -0.0004    91.5754 1.0000e-12  -64.88594  -63.75886 345.176346      99.97 0.0000e+00   1023.329      24561  1029.8295  1029.8284    34.5916    34.5901    7.80424         34 0.0000e+00
    451.000    446.097     1.1199  29.894545     1.1183  29.891947     4.5261     4.5801    -0.0004    91.5543 1.0000e-12  -64.88595  -63.75886 345.176362      99.97 0.0000e+00   1024.683      24593  1029.8341  1029.8329    34.5915    34.5898    7.80416         29 0.0000e+00
    452.000    447.084     1.1204  29.895589     1.1197  29.893790     4.5278     4.5850    -0.0004    91.5756 1.0000e-12  -64.88596  -63.75886 345.176376      99.97 0.0000e+00   1025.888      24622  1029.8389  1029.8377    34.5917    34.5902    7.80404         27 0.0000e+00
    453.000    448.072     1.1207  29.896512     1.1208  29.895525     4.5328     4.5836    -0.0004    91.5550 1.0000e-12  -64.88596  -63.75886 345.176389      99.97 0.0000e+00   1027.032      24650  1029.8438  1029.8426    34.5919    34.5905    7.80397         28 0.0000e+00
    454.000    449.061     1.1205  29.896558     1.1199  29.894997     4.5240     4.5863    -0.0004    91.5657 1.0000e-12  -64.88596  -63.75886 345.176403      99.97 0.0000e+00   1028.262      24679  1029.8482  1029.8472    34.5916    34.5903    7.80402         32 0.0000e+00
    455.000    450.048     1.1203  29.896891     1.1198  29.895431     4.5197     4.5859     0.0044    91.5733 1.0000e-12  -64.88596  -63.75887 345.176420      99.97 0.0000e+00   1029.705      24714  1029.8530  1029.8520    34.5917    34.5904    7.80406         37 0.0000e+00
    456.000    451.036     1.1198  29.896812     1.1185  29.894364     4.5260     4.5835    -0.0051    91.6005 1.0000e-12  -64.88596  -63.75888 345.176438      99.97 0.0000e+00   1031.232      24751  1029.8576  1029.8564    34.5916    34.5899    7.80416         36 0.0000e+00
    457.000    452.025     1.1208  29.898242     1.1207  29.897151     4.5236     4.5841    -0.0079    91.5574 1.0000e-12  -64.88596  -63.75886 345.176454      99.97 0.0000e+00   1032.605      24784  1029.8623  1029.8613    34.5917    34.5905    7.80395         30 0.0000e+00
    458.000    453.012     1.1213  29.899207     1.1209  29.897851     4.5234     4.5787    -0.0151    91.5177 1.0000e-12  -64.88596  -63.75886 345.176467      99.97 0.0000e+00   1033.753      24811  1029.8671  1029.8661    34.5919    34.5906    7.80386         24 0.0000e+00
    459.000    454.000     1.1216  29.900306     1.1212  29.898619     4.5266     4.5815     0.0073    91.5216 1.0000e-12  -64.88596  -63.75886 345.176478      99.97 0.0000e+00   1034.691      24834  1029.8721  1029.8709    34.5923    34.5907    7.80376         22 0.0000e+00
    460.000    454.988     1.1210  29.899935     1.1207  29.898568     4.5281     4.5816    -0.0033    91.5704 1.0000e-12  -64.88596  -63.75886 345.176489      99.97 0.0000e+00   1035.631      24856  1029.8766  1029.8755    34.5920    34.5905    7.80391         24 0.0000e+00
    461.000    455.976     1.1201  29.899548     1.1196  29.897991     4.5254     4.5823     0.0037    91.5471 1.0000e-12  -64.88596  -63.75887 345.176501      99.97 0.0000e+00   1036.673      24881  1029.8814  1029.8802    34.5919    34.5904    7.80409         26 0.0000e+00
    462.000    456.965     1.1199  29.899276     1.1198  29.898298     4.5208     4.5814     0.0020    91.5480 1.0000e-12  -64.88596  -63.75888 345.176515      99.97 0.0000e+00   1037.880      24910  1029.8855  1029.8845    34.5912    34.5900    7.80417         30 0.0000e+00
    463.000    457.953     1.1237  29.903961     1.1237  29.903121     4.5141     4.5751    -0.0074    91.5482 1.0000e-12  -64.88596  -63.75888 345.176531      99.97 0.0000e+00   1039.286      24944  1029.8908  1029.8899    34.5925    34.5913    7.80335         34 0.0000e+00
    464.000    458.940     1.1217  29.902291     1.1208  29.900409     4.5119     4.5768    -0.0077    91.5391 1.0000e-12  -64.88596  -63.75888 345.176547      99.97 0.0000e+00   1040.657      24977  1029.8952  1029.8942    34.5919    34.5905    7.80377         32 0.0000e+00
    465.000    459.929     1.1226  29.903769     1.1221  29.902171     4.5182     4.5769    -0.0030    91.5890 1.0000e-12  -64.88596  -63.75888 345.176562      99.97 0.0000e+00   1041.933      25007  1029.9001  1029.8989    34.5922    34.5907    7.80356         30 0.0000e+00
    466.000    460.915     1.1239  29.905720     1.1234  29.904092     4.5194     4.5762    -0.0004    91.5716 1.0000e-12  -64.88596  -63.75888 345.176576      99.97 0.0000e+00   1043.154      25037  1029.9050  1029.9038    34.5927    34.5912    7.80328         28 0.0000e+00
    467.000    461.905     1.1236  29.905669     1.1226  29.903587     4.5201     4.5773    -0.0004    91.5379 1.0000e-12  -64.88596  -63.75888 345.176590      99.97 0.0000e+00   1044.341      25065  1029.9096  1029.9084    34.5925    34.5909    7.80337         29 0.0000e+00
