NBP2113_155081_ctd/data/dnbp2113_007.cnv
* Sea-Bird SBE 9 Data File:
* FileName = D:\Data\raw\NBP2113_007.hex
* Software Version Seasave V 7.26.7.121
* Temperature SN = 2438
* Conductivity SN = 2067
* Number of Bytes Per Scan = 40
* Number of Voltage Words = 5
* Number of Scans Averaged by the Deck Unit = 1
* NMEA Latitude = 64 56.06 S
* NMEA Longitude = 064 23.87 W
* NMEA UTC (Time) = Nov 25 2021  03:27:42
* NMEA baud rate = 9600
** Ship: RVIB N.B. Palmer
** Cruise: NBP2113 LTER
** Station: 600.040
** Operator: B. Urmston
# nquan = 25
# nvalues = 72                          
# units = specified
# name 0 = prDM: Pressure, Digiquartz [db]
# name 1 = depSM: Depth [salt water, m]
# name 2 = t090C: Temperature [ITS-90, deg C]
# name 3 = c0mS/cm: Conductivity [mS/cm]
# name 4 = t190C: Temperature, 2 [ITS-90, deg C]
# name 5 = c1mS/cm: Conductivity, 2 [mS/cm]
# name 6 = sbeox0ML/L: Oxygen, SBE 43 [ml/l]
# name 7 = sbeox1ML/L: Oxygen, SBE 43, 2 [ml/l]
# name 8 = flECO-AFL: Fluorescence, WET Labs ECO-AFL/FL [mg/m^3]
# name 9 = CStarTr0: Beam Transmission, WET Labs C-Star [%]
# name 10 = par: PAR/Irradiance, Biospherical/Licor
# name 11 = latitude: Latitude [deg]
# name 12 = longitude: Longitude [deg]
# name 13 = timeJ: Julian Days
# name 14 = altM: Altimeter [m]
# name 15 = spar: SPAR, Biospherical/Licor
# name 16 = timeS: Time, Elapsed [seconds]
# name 17 = scan: Scan Count
# name 18 = density00: Density [density, kg/m^3]
# name 19 = density11: Density, 2 [density, kg/m^3]
# name 20 = sal00: Salinity, Practical [PSU]
# name 21 = sal11: Salinity, Practical, 2 [PSU]
# name 22 = oxsolML/L: Oxygen Saturation, Garcia & Gordon [ml/l]
# name 23 = nbin: number of scans per bin
# name 24 = flag: flag
# span 0 =      5.000,     76.000       
# span 1 =      4.946,     75.242       
# span 2 =    -0.8393,    -0.1887       
# span 3 =  27.393744,  28.276676       
# span 4 =    -0.8270,    -0.1887       
# span 5 =  27.408914,  28.272486       
# span 6 =     7.2759,     8.2796       
# span 7 =     7.2485,     8.1293       
# span 8 =     0.2529,     1.2503       
# span 9 =    91.9942,    96.3017       
# span 10 = -1.049e-05, 3.0859e-01      
# span 11 =  -64.93334,  -64.93332      
# span 12 =  -64.39859,  -64.39820      
# span 13 = 329.147678, 329.151078      
# span 14 =      99.97,      99.98      
# span 15 = 0.0000e+00, 0.0000e+00      
# span 16 =    297.347,    591.131      
# span 17 =       7137,      14188      
# span 18 =  1027.1559,  1027.8081      
# span 19 =  1027.1608,  1027.8030      
# span 20 =    33.7405,    34.1690      
# span 21 =    33.7473,    34.1631      
# span 22 =    8.09846,    8.26191      
# span 23 =         12,         49      
# span 24 = 0.0000e+00, 0.0000e+00      
# interval = decibars: 1                
# start_time = Nov 25 2021 03:27:42 [NMEA time, header]
# bad_flag = -9.990e-29
*END*
      5.000      4.946    -0.7963  27.452712    -0.7874  27.463184     8.1377     8.0423     0.9873    92.2030 3.0859e-01  -64.93332  -64.39820 329.147678      99.98 0.0000e+00    297.347       7137  1027.1752  1027.1775    33.7728    33.7771    8.25058         12 0.0000e+00
      6.000      5.943    -0.8393  27.393744    -0.8270  27.408914     8.1442     8.0196     1.0569    92.2223 2.4026e-01  -64.93332  -64.39820 329.147753      99.97 0.0000e+00    303.887       7294  1027.1559  1027.1608    33.7405    33.7473    8.26191         35 0.0000e+00
      7.000      6.929    -0.8167  27.427486    -0.8146  27.426093     8.1827     8.0308     0.9962    92.3215 1.9513e-01  -64.93332  -64.39821 329.147801      99.97 0.0000e+00    307.996       7393  1027.1751  1027.1719    33.7603    33.7561    8.25579         31 0.0000e+00
      8.000      7.922    -0.7883  27.476931    -0.7882  27.472676     8.2796     8.0944     1.0012    92.3140 1.3164e-01  -64.93332  -64.39822 329.147845      99.97 0.0000e+00    311.810       7484  1027.2063  1027.2017    33.7949    33.7891    8.24755         41 0.0000e+00
      9.000      8.912    -0.7449  27.512664    -0.7454  27.506683     8.2782     8.1088     1.0768    92.2232 1.0965e-01  -64.93332  -64.39823 329.147877      99.97 0.0000e+00    314.573       7551  1027.2079  1027.2019    33.7940    33.7865    8.23812         29 0.0000e+00
     10.000      9.901    -0.7427  27.516848    -0.7511  27.505869     8.2419     8.1063     1.0758    92.1497 7.8595e-02  -64.93332  -64.39824 329.147916      99.97 0.0000e+00    317.909       7631  1027.2153  1027.2113    33.7966    33.7911    8.23749         45 0.0000e+00
     11.000     10.891    -0.7537  27.518389    -0.7477  27.521166     8.2090     8.1062     1.0246    92.0125 5.5657e-02  -64.93332  -64.39824 329.147942      99.97 0.0000e+00    320.189       7686  1027.2321  1027.2293    33.8104    33.8075    8.23909         45 0.0000e+00
     12.000     11.882    -0.7573  27.518943    -0.7547  27.516956     8.2217     8.0983     1.0580    92.0190 4.1107e-02  -64.93332  -64.39824 329.147964      99.97 0.0000e+00    322.106       7732  1027.2407  1027.2360    33.8146    33.8090    8.23963         44 0.0000e+00
     13.000     12.872    -0.7609  27.516125    -0.7584  27.517908     8.2223     8.1007     1.1596    91.9942 3.0046e-02  -64.93332  -64.39824 329.147990      99.97 0.0000e+00    324.357       7786  1027.2455  1027.2450    33.8142    33.8138    8.24044         49 0.0000e+00
     14.000     13.862    -0.7538  27.528008    -0.7526  27.527312     8.2620     8.1272     1.2203    92.0076 1.9125e-02  -64.93332  -64.39825 329.148026      99.97 0.0000e+00    327.411       7859  1027.2558  1027.2540    33.8216    33.8194    8.23845         41 0.0000e+00
     15.000     14.852    -0.7255  27.568953    -0.7254  27.565682     8.2615     8.1293     1.2049    92.0284 7.2133e-03  -64.93332  -64.39825 329.148056      99.97 0.0000e+00    330.050       7922  1027.2776  1027.2739    33.8448    33.8402    8.23094         45 0.0000e+00
     16.000     15.842    -0.7212  27.578054    -0.7208  27.575163     8.2172     8.1135     1.2101    92.0026 8.9032e-04  -64.93332  -64.39826 329.148079      99.97 0.0000e+00    332.026       7970  1027.2878  1027.2843    33.8516    33.8473    8.22959         41 0.0000e+00
     17.000     16.833    -0.7206  27.582089    -0.7190  27.581541     8.2351     8.1063     1.1564    92.0655 -1.049e-05  -64.93332  -64.39826 329.148110      99.97 0.0000e+00    334.694       8034  1027.2962  1027.2941    33.8558    33.8533    8.22923         31 0.0000e+00
     18.000     17.823    -0.7231  27.581384    -0.7214  27.581099     8.2335     8.1181     1.2503    92.0835 -5.808e-07  -64.93332  -64.39826 329.148163      99.97 0.0000e+00    339.243       8143  1027.3023  1027.3004    33.8569    33.8547    8.22969         40 0.0000e+00
     19.000     18.813    -0.7217  27.586651    -0.7230  27.582533     8.2070     8.1146     1.1136    92.1229 1.0000e-12  -64.93333  -64.39826 329.148182      99.97 0.0000e+00    340.923       8183  1027.3111  1027.3080    33.8619    33.8578    8.22910         40 0.0000e+00
     20.000     19.803    -0.7148  27.595339    -0.7148  27.592929     8.2036     8.0959     1.2111    92.1611 1.0000e-12  -64.93332  -64.39827 329.148222      99.97 0.0000e+00    344.393       8266  1027.3183  1027.3157    33.8653    33.8621    8.22741         33 0.0000e+00
     21.000     20.793    -0.7133  27.597452    -0.7133  27.595023     8.1099     8.0328     1.1703    92.1905 1.0000e-12  -64.93332  -64.39827 329.148275      99.97 0.0000e+00    349.005       8377  1027.3235  1027.3210    33.8658    33.8626    8.22704         39 0.0000e+00
     22.000     21.783    -0.6870  27.628695    -0.6871  27.626023     8.0733     8.0135     1.0897    92.2339 1.0000e-12  -64.93334  -64.39826 329.148290      99.97 0.0000e+00    350.295       8408  1027.3364  1027.3336    33.8780    33.8745    8.22061         32 0.0000e+00
     23.000     22.774    -0.6888  27.626815    -0.6868  27.626046     8.0998     8.0156     1.2163    92.2526 1.0000e-12  -64.93333  -64.39827 329.148327      99.97 0.0000e+00    353.482       8485  1027.3407  1027.3379    33.8768    33.8736    8.22107         40 0.0000e+00
     24.000     23.764    -0.6894  27.627248    -0.6886  27.625011     8.0681     7.9912     1.1122    92.3905 1.0000e-12  -64.93332  -64.39828 329.148386      99.97 0.0000e+00    358.570       8607  1027.3463  1027.3431    33.8775    33.8736    8.22117         34 0.0000e+00
     25.000     24.754    -0.6805  27.637893    -0.6795  27.636525     8.0492     7.9837     1.0461    92.4088 1.0000e-12  -64.93334  -64.39827 329.148400      99.97 0.0000e+00    359.758       8635  1027.3535  1027.3511    33.8813    33.8783    8.21901         32 0.0000e+00
     26.000     25.745    -0.6829  27.635432    -0.6813  27.634514     8.0946     7.9858     1.1428    92.4162 1.0000e-12  -64.93333  -64.39829 329.148442      99.97 0.0000e+00    363.363       8722  1027.3576  1027.3551    33.8800    33.8770    8.21960         38 0.0000e+00
     27.000     26.734    -0.6836  27.634861    -0.6819  27.634269     8.0780     7.9704     1.0646    92.5149 1.0000e-12  -64.93332  -64.39830 329.148492      99.97 0.0000e+00    367.699       8826  1027.3621  1027.3598    33.8794    33.8767    8.21979         38 0.0000e+00
     28.000     27.723    -0.6802  27.639900    -0.6788  27.639144     8.0408     7.9672     1.0829    92.5450 1.0000e-12  -64.93332  -64.39830 329.148510      99.97 0.0000e+00    369.268       8863  1027.3686  1027.3665    33.8817    33.8792    8.21891         36 0.0000e+00
     29.000     28.712    -0.6799  27.641117    -0.6800  27.637901     8.0621     7.9697     1.1235    92.5755 1.0000e-12  -64.93332  -64.39831 329.148555      99.97 0.0000e+00    373.147       8957  1027.3740  1027.3706    33.8824    33.8782    8.21880         29 0.0000e+00
     30.000     29.704    -0.6788  27.643370    -0.6779  27.641824     8.0259     7.9339     1.0871    92.5885 1.0000e-12  -64.93332  -64.39832 329.148597      99.97 0.0000e+00    376.810       9044  1027.3798  1027.3772    33.8837    33.8806    8.21850         36 0.0000e+00
     31.000     30.694    -0.6706  27.655818    -0.6690  27.655241     7.9937     7.9177     1.0214    92.6139 1.0000e-12  -64.93332  -64.39831 329.148617      99.97 0.0000e+00    378.539       9086  1027.3897  1027.3875    33.8907    33.8881    8.21632         37 0.0000e+00
     32.000     31.682    -0.6523  27.680427    -0.6577  27.670477     8.1097     7.9745     1.1497    92.6321 1.0000e-12  -64.93332  -64.39832 329.148668      99.97 0.0000e+00    382.878       9190  1027.4031  1027.3975    33.9027    33.8954    8.21163         33 0.0000e+00
     33.000     32.674    -0.6366  27.709668    -0.6354  27.708188     8.2329     8.0543     1.0635    92.6833 1.0000e-12  -64.93332  -64.39833 329.148700      99.97 0.0000e+00    385.693       9258  1027.4242  1027.4214    33.9240    33.9207    8.20699         36 0.0000e+00
     34.000     33.664    -0.6392  27.713020    -0.6377  27.711870     8.2245     8.0586     1.0118    92.7784 1.0000e-12  -64.93332  -64.39833 329.148724      99.97 0.0000e+00    387.735       9307  1027.4350  1027.4322    33.9308    33.9275    8.20717         40 0.0000e+00
     35.000     34.655    -0.6252  27.729244    -0.6288  27.721145     8.0505     7.9892     1.0559    93.0473 1.0000e-12  -64.93332  -64.39834 329.148783      99.97 0.0000e+00    392.831       9429  1027.4435  1027.4382    33.9363    33.9294    8.20380         41 0.0000e+00
     36.000     35.645    -0.5402  27.809525    -0.5438  27.803256     7.9188     7.8827     0.9094    93.1281 1.0000e-12  -64.93332  -64.39834 329.148801      99.97 0.0000e+00    394.428       9467  1027.4524  1027.4491    33.9485    33.9441    8.18470         40 0.0000e+00
     37.000     36.633    -0.4564  27.893405    -0.4769  27.871151     7.9630     7.9102     1.0134    92.9446 1.0000e-12  -64.93332  -64.39835 329.148838      99.97 0.0000e+00    397.614       9544  1027.4672  1027.4628    33.9667    33.9598    8.16557         30 0.0000e+00
     38.000     37.624    -0.4315  27.922264    -0.4314  27.919623     8.0052     7.8975     1.0640    92.6705 1.0000e-12  -64.93332  -64.39836 329.148881      99.97 0.0000e+00    401.344       9633  1027.4800  1027.4766    33.9770    33.9733    8.15963         46 0.0000e+00
     39.000     38.620    -0.4265  27.927530    -0.4260  27.925467     8.0004     7.8962     1.1564    92.6063 1.0000e-12  -64.93332  -64.39836 329.148909      99.97 0.0000e+00    403.776       9692  1027.4859  1027.4830    33.9778    33.9745    8.15851         28 0.0000e+00
     40.000     39.603    -0.4186  27.936431    -0.4172  27.935188     8.0158     7.8939     1.2091    92.4848 1.0000e-12  -64.93332  -64.39836 329.148946      99.97 0.0000e+00    406.964       9768  1027.4928  1027.4900    33.9803    33.9771    8.15666         37 0.0000e+00
     41.000     40.595    -0.3701  27.990860    -0.3699  27.988202     8.0275     7.9162     1.2134    92.4055 1.0000e-12  -64.93332  -64.39836 329.148982      99.97 0.0000e+00    410.007       9841  1027.5095  1027.5062    33.9984    33.9946    8.14523         33 0.0000e+00
     42.000     41.584    -0.3554  28.006917    -0.3544  28.005451     8.0514     7.9256     1.2243    92.4082 1.0000e-12  -64.93332  -64.39837 329.149016      99.97 0.0000e+00    412.987       9913  1027.5175  1027.5149    34.0027    33.9997    8.14182         44 0.0000e+00
     43.000     42.578    -0.3256  28.040138    -0.3247  28.038131     8.0192     7.9213     1.1791    92.4119 1.0000e-12  -64.93332  -64.39838 329.149048      99.97 0.0000e+00    415.729       9978  1027.5291  1027.5261    34.0133    34.0096    8.13485         31 0.0000e+00
     44.000     43.564    -0.3112  28.056603    -0.3103  28.054867     8.0177     7.9102     1.2056    92.3836 1.0000e-12  -64.93332  -64.39838 329.149089      99.97 0.0000e+00    419.251      10063  1027.5379  1027.5352    34.0185    34.0152    8.13146         34 0.0000e+00
     45.000     44.554    -0.3082  28.060592    -0.3070  28.059365     8.0165     7.9121     1.1797    92.4593 1.0000e-12  -64.93332  -64.39839 329.149116      99.97 0.0000e+00    421.650      10121  1027.5441  1027.5415    34.0199    34.0169    8.13075         40 0.0000e+00
     46.000     45.546    -0.3074  28.062061    -0.3064  28.060629     7.9816     7.8974     1.1621    92.4695 1.0000e-12  -64.93332  -64.39840 329.149175      99.97 0.0000e+00    426.710      10242  1027.5496  1027.5471    34.0203    34.0173    8.13054         29 0.0000e+00
     47.000     46.535    -0.2999  28.072713    -0.2982  28.071875     7.9611     7.8703     1.0776    92.4416 1.0000e-12  -64.93332  -64.39840 329.149227      99.97 0.0000e+00    431.180      10349  1027.5584  1027.5559    34.0256    34.0226    8.12865         43 0.0000e+00
     48.000     47.524    -0.2644  28.110137    -0.2644  28.106900     7.9174     7.8507     1.0272    92.4630 1.0000e-12  -64.93332  -64.39840 329.149304      99.97 0.0000e+00    437.836      10509  1027.5686  1027.5651    34.0353    34.0309    8.12051         39 0.0000e+00
     49.000     48.514    -0.2499  28.125455    -0.2483  28.124014     7.9142     7.8502     1.0759    92.5303 1.0000e-12  -64.93332  -64.39842 329.149339      99.97 0.0000e+00    440.887      10582  1027.5755  1027.5724    34.0389    34.0352    8.11721         41 0.0000e+00
     50.000     49.504    -0.2501  28.127928    -0.2498  28.126124     7.9029     7.8239     0.9914    92.7033 1.0000e-12  -64.93333  -64.39843 329.149420      99.97 0.0000e+00    447.878      10750  1027.5831  1027.5807    34.0418    34.0390    8.11710         42 0.0000e+00
     51.000     50.495    -0.2516  28.130314    -0.2509  28.128977     7.8922     7.8205     1.0368    92.7070 1.0000e-12  -64.93334  -64.39844 329.149468      99.97 0.0000e+00    452.070      10851  1027.5916  1027.5893    34.0461    34.0435    8.11717         36 0.0000e+00
     52.000     51.484    -0.2519  28.133200    -0.2510  28.131895     7.8851     7.8120     0.9638    92.8331 1.0000e-12  -64.93333  -64.39844 329.149533      99.97 0.0000e+00    457.651      10985  1027.5994  1027.5969    34.0497    34.0469    8.11703         36 0.0000e+00
     53.000     52.475    -0.2477  28.140170    -0.2482  28.137164     7.8920     7.8002     1.0797    92.9255 1.0000e-12  -64.93332  -64.39846 329.149617      99.97 0.0000e+00    464.878      11158  1027.6073  1027.6043    34.0536    34.0502    8.11591         43 0.0000e+00
     54.000     53.465    -0.2420  28.154260    -0.2411  28.152665     7.8237     7.7448     1.1501    93.0833 1.0000e-12  -64.93333  -64.39846 329.149680      99.97 0.0000e+00    470.376      11290  1027.6214  1027.6188    34.0654    34.0623    8.11402         33 0.0000e+00
     55.000     54.453    -0.2550  28.146949    -0.2544  28.145165     7.7933     7.7244     0.8986    93.6308 1.0000e-12  -64.93334  -64.39846 329.149745      99.97 0.0000e+00    475.965      11424  1027.6306  1027.6280    34.0697    34.0666    8.11656         38 0.0000e+00
     56.000     55.444    -0.2565  28.149487    -0.2561  28.147926     7.7895     7.7115     0.7186    93.9542 1.0000e-12  -64.93334  -64.39846 329.149796      99.97 0.0000e+00    480.343      11529  1027.6390  1027.6369    34.0741    34.0716    8.11662         31 0.0000e+00
     57.000     56.435    -0.2553  28.152224    -0.2547  28.150067     7.7883     7.7100     0.7287    94.0840 1.0000e-12  -64.93334  -64.39848 329.149836      99.97 0.0000e+00    483.828      11613  1027.6450  1027.6421    34.0758    34.0722    8.11627         36 0.0000e+00
     58.000     57.423    -0.2531  28.155570    -0.2527  28.153668     7.7767     7.7014     0.7589    94.0221 1.0000e-12  -64.93334  -64.39848 329.149904      99.97 0.0000e+00    489.680      11753  1027.6507  1027.6482    34.0772    34.0742    8.11572         34 0.0000e+00
     59.000     58.415    -0.2515  28.158089    -0.2515  28.155617     7.7792     7.6918     0.7266    94.1630 1.0000e-12  -64.93334  -64.39850 329.149983      99.97 0.0000e+00    496.489      11917  1027.6561  1027.6534    34.0781    34.0748    8.11532         38 0.0000e+00
     60.000     59.403    -0.2502  28.160391    -0.2501  28.158065     7.7581     7.6750     0.7885    94.3504 1.0000e-12  -64.93333  -64.39850 329.150063      99.97 0.0000e+00    503.436      12083  1027.6616  1027.6590    34.0792    34.0759    8.11499         39 0.0000e+00
     61.000     60.394    -0.2498  28.162715    -0.2491  28.160992     7.7421     7.6570     0.7249    94.5843 1.0000e-12  -64.93332  -64.39850 329.150122      99.97 0.0000e+00    508.561      12206  1027.6681  1027.6655    34.0812    34.0782    8.11479         42 0.0000e+00
