NBP2113_155081_ctd/data/dnbp2113_064.cnv
* Sea-Bird SBE 9 Data File:
* FileName = D:\Data\raw\NBP2113_064.hex
* Software Version Seasave V 7.26.7.121
* Temperature SN = 2438
* Conductivity SN = 2067
* Number of Bytes Per Scan = 40
* Number of Voltage Words = 5
* Number of Scans Averaged by the Deck Unit = 1
* NMEA Latitude = 64 10.41 S
* NMEA Longitude = 061 58.85 W
* NMEA UTC (Time) = Dec 14 2021  13:32:28
* NMEA baud rate = 9600
** Ship: RVIB N.B. Palmer
** Cruise: NBP2113 LTER
** Station: 739.006
** Operator: B. Urmston
# nquan = 25
# nvalues = 796                         
# units = specified
# name 0 = prDM: Pressure, Digiquartz [db]
# name 1 = depSM: Depth [salt water, m]
# name 2 = t090C: Temperature [ITS-90, deg C]
# name 3 = c0mS/cm: Conductivity [mS/cm]
# name 4 = t190C: Temperature, 2 [ITS-90, deg C]
# name 5 = c1mS/cm: Conductivity, 2 [mS/cm]
# name 6 = sbeox0ML/L: Oxygen, SBE 43 [ml/l]
# name 7 = sbeox1ML/L: Oxygen, SBE 43, 2 [ml/l]
# name 8 = flECO-AFL: Fluorescence, WET Labs ECO-AFL/FL [mg/m^3]
# name 9 = CStarTr0: Beam Transmission, WET Labs C-Star [%]
# name 10 = par: PAR/Irradiance, Biospherical/Licor
# name 11 = latitude: Latitude [deg]
# name 12 = longitude: Longitude [deg]
# name 13 = timeJ: Julian Days
# name 14 = altM: Altimeter [m]
# name 15 = spar: SPAR, Biospherical/Licor
# name 16 = timeS: Time, Elapsed [seconds]
# name 17 = scan: Scan Count
# name 18 = density00: Density [density, kg/m^3]
# name 19 = density11: Density, 2 [density, kg/m^3]
# name 20 = sal00: Salinity, Practical [PSU]
# name 21 = sal11: Salinity, Practical, 2 [PSU]
# name 22 = oxsolML/L: Oxygen Saturation, Garcia & Gordon [ml/l]
# name 23 = nbin: number of scans per bin
# name 24 = flag: flag
# span 0 =      5.000,    800.000       
# span 1 =      4.945,    790.676       
# span 2 =    -0.6690,     0.4215       
# span 3 =  28.308071,  28.962639       
# span 4 =    -0.6691,     0.4221       
# span 5 =  28.306287,  28.961151       
# span 6 =     5.4044,     7.4772       
# span 7 =     5.4875,     7.5317       
# span 8 =    -0.0298,     1.5418       
# span 9 =    83.2524,    91.2341       
# span 10 = 1.0000e-12, 1.2956e+02      
# span 11 =  -64.17366,  -64.17347      
# span 12 =  -61.98110,  -61.97989      
# span 13 = 348.567728, 348.581622      
# span 14 =       9.88,      99.98      
# span 15 = 4.0017e+02, 5.0066e+02      
# span 16 =    303.725,   1504.131      
# span 17 =       7290,      36100      
# span 18 =  1027.2608,  1031.5571      
# span 19 =  1027.2591,  1031.5560      
# span 20 =    33.9469,    34.5366      
# span 21 =    33.9456,    34.5350      
# span 22 =    7.98122,    8.17887      
# span 23 =          7,         56      
# span 24 = 0.0000e+00, 0.0000e+00      
# interval = decibars: 1                
# start_time = Dec 14 2021 13:32:28 [NMEA time, header]
# bad_flag = -9.990e-29
*END*
[from data line 522]
    527.000    521.201    -0.5631  28.447694    -0.5632  28.446462     5.9908     6.0503    -0.0222    91.2261 1.0000e-12  -64.17350  -61.98004 348.576945      99.97 4.2248e+02   1100.008      26401  1030.2641  1030.2629    34.5336    34.5321    8.15596         32 0.0000e+00
    528.000    522.189    -0.5670  28.445201    -0.5671  28.443938     5.9995     6.0574    -0.0224    91.1861 1.0000e-12  -64.17350  -61.98004 348.576960      99.97 4.2133e+02   1101.373      26434  1030.2695  1030.2682    34.5340    34.5325    8.15676         33 0.0000e+00
    529.000    523.176    -0.5681  28.444767    -0.5682  28.443474     5.9946     6.0570    -0.0224    91.2149 1.0000e-12  -64.17350  -61.98004 348.576976      99.97 4.2133e+02   1102.729      26466  1030.2743  1030.2731    34.5341    34.5325    8.15699         32 0.0000e+00
    530.000    524.164    -0.5689  28.444368    -0.5690  28.443130     5.9912     6.0526    -0.0219    91.2124 1.0000e-12  -64.17350  -61.98004 348.576991      99.97 4.2133e+02   1104.039      26498  1030.2789  1030.2777    34.5339    34.5324    8.15718         31 0.0000e+00
    531.000    525.152    -0.5691  28.444643    -0.5693  28.443452     5.9937     6.0536    -0.0146    91.1839 1.0000e-12  -64.17350  -61.98004 348.577007      99.97 4.2133e+02   1105.401      26531  1030.2837  1030.2825    34.5339    34.5325    8.15723         33 0.0000e+00
    532.000    526.140    -0.5697  28.444633    -0.5698  28.443432     6.0010     6.0555    -0.0173    91.1996 1.0000e-12  -64.17350  -61.98004 348.577023      99.97 4.1997e+02   1106.773      26564  1030.2885  1030.2872    34.5340    34.5325    8.15736         33 0.0000e+00
    533.000    527.128    -0.5704  28.444601    -0.5705  28.443260     5.9837     6.0567    -0.0222    91.1607 1.0000e-12  -64.17350  -61.98004 348.577038      99.97 4.1957e+02   1108.066      26595  1030.2933  1030.2920    34.5341    34.5325    8.15749         30 0.0000e+00
    534.000    528.115    -0.5714  28.444110    -0.5716  28.442865     5.9890     6.0589    -0.0269    91.1722 1.0000e-12  -64.17350  -61.98005 348.577053      99.97 4.1957e+02   1109.348      26625  1030.2980  1030.2969    34.5340    34.5325    8.15772         32 0.0000e+00
    535.000    529.103    -0.5718  28.444324    -0.5718  28.443164     5.9946     6.0590    -0.0222    91.1723 1.0000e-12  -64.17350  -61.98005 348.577068      99.97 4.1854e+02   1110.666      26657  1030.3028  1030.3017    34.5341    34.5326    8.15779         32 0.0000e+00
    536.000    530.091    -0.5722  28.444379    -0.5724  28.443084     5.9994     6.0573    -0.0114    91.1819 1.0000e-12  -64.17350  -61.98005 348.577084      99.97 4.1780e+02   1112.014      26689  1030.3076  1030.3063    34.5341    34.5325    8.15789         32 0.0000e+00
    537.000    531.079    -0.5729  28.444160    -0.5731  28.442947     5.9935     6.0595    -0.0260    91.1582 1.0000e-12  -64.17350  -61.98005 348.577099      99.97 4.1732e+02   1113.362      26722  1030.3122  1030.3111    34.5339    34.5325    8.15804         33 0.0000e+00
    538.000    532.066    -0.5731  28.444496    -0.5732  28.443300     5.9975     6.0609    -0.0267    91.1657 1.0000e-12  -64.17350  -61.98005 348.577115      99.97 4.1605e+02   1114.716      26754  1030.3170  1030.3159    34.5340    34.5326    8.15807         32 0.0000e+00
    539.000    533.054    -0.5731  28.444925    -0.5733  28.443616     6.0028     6.0627    -0.0297    91.1610 1.0000e-12  -64.17350  -61.98005 348.577130      99.97 4.1604e+02   1116.065      26787  1030.3218  1030.3205    34.5340    34.5325    8.15808         32 0.0000e+00
    540.000    534.040    -0.5733  28.445275    -0.5735  28.443913     5.9926     6.0641    -0.0215    91.1562 1.0000e-12  -64.17350  -61.98006 348.577146      99.97 4.1577e+02   1117.389      26818  1030.3265  1030.3252    34.5341    34.5325    8.15812         32 0.0000e+00
    541.000    535.030    -0.5744  28.444778    -0.5746  28.443538     5.9974     6.0563    -0.0145    91.1568 1.0000e-12  -64.17350  -61.98006 348.577161      99.97 4.1433e+02   1118.715      26850  1030.3313  1030.3302    34.5341    34.5326    8.15836         31 0.0000e+00
    542.000    536.017    -0.5751  28.444596    -0.5753  28.443347     5.9941     6.0567    -0.0215    91.1316 1.0000e-12  -64.17350  -61.98006 348.577176      99.97 4.1428e+02   1120.013      26881  1030.3361  1030.3349    34.5340    34.5326    8.15851         31 0.0000e+00
    543.000    537.004    -0.5757  28.444565    -0.5758  28.443322     5.9945     6.0592    -0.0296    91.0999 1.0000e-12  -64.17350  -61.98006 348.577191      99.97 4.1428e+02   1121.274      26912  1030.3408  1030.3396    34.5340    34.5326    8.15863         31 0.0000e+00
    544.000    537.992    -0.5758  28.444932    -0.5760  28.443633     5.9976     6.0611    -0.0297    91.1285 1.0000e-12  -64.17350  -61.98006 348.577206      99.97 4.1428e+02   1122.582      26943  1030.3456  1030.3443    34.5341    34.5325    8.15865         31 0.0000e+00
    545.000    538.980    -0.5759  28.445318    -0.5760  28.444091     5.9955     6.0585    -0.0165    91.1058 1.0000e-12  -64.17350  -61.98006 348.577222      99.97 4.1428e+02   1123.940      26976  1030.3503  1030.3491    34.5341    34.5325    8.15867         34 0.0000e+00
    546.000    539.967    -0.5761  28.445644    -0.5762  28.444314     5.9987     6.0599    -0.0247    91.1272 1.0000e-12  -64.17350  -61.98006 348.577237      99.97 4.1428e+02   1125.310      27008  1030.3551  1030.3538    34.5342    34.5325    8.15871         32 0.0000e+00
    547.000    540.955    -0.5761  28.445897    -0.5763  28.444676     6.0007     6.0607    -0.0262    91.1167 1.0000e-12  -64.17350  -61.98006 348.577253      99.97 4.1428e+02   1126.644      27040  1030.3597  1030.3585    34.5340    34.5325    8.15874         31 0.0000e+00
    548.000    541.943    -0.5759  28.446555    -0.5763  28.445138     5.9925     6.0564    -0.0221    91.1216 1.0000e-12  -64.17350  -61.98006 348.577268      99.97 4.1428e+02   1127.947      27072  1030.3643  1030.3632    34.5339    34.5325    8.15868         32 0.0000e+00
    549.000    542.930    -0.5763  28.446780    -0.5765  28.445476     6.0033     6.0616    -0.0285    91.1342 1.0000e-12  -64.17350  -61.98006 348.577283      99.97 4.1428e+02   1129.226      27102  1030.3692  1030.3680    34.5341    34.5326    8.15876         30 0.0000e+00
    550.000    543.919    -0.5765  28.447094    -0.5766  28.445800     5.9961     6.0589    -0.0221    91.1134 1.0000e-12  -64.17350  -61.98006 348.577298      99.97 4.1428e+02   1130.528      27134  1030.3740  1030.3728    34.5342    34.5326    8.15880         32 0.0000e+00
    551.000    544.906    -0.5767  28.447291    -0.5770  28.446002     6.0038     6.0655    -0.0192    91.1136 1.0000e-12  -64.17350  -61.98006 348.577313      99.96 4.1428e+02   1131.856      27166  1030.3787  1030.3776    34.5341    34.5327    8.15885         32 0.0000e+00
    552.000    545.893    -0.5773  28.447253    -0.5775  28.446002     5.9997     6.0633    -0.0170    91.0863 1.0000e-12  -64.17350  -61.98006 348.577328      99.97 4.1465e+02   1133.143      27196  1030.3835  1030.3823    34.5341    34.5326    8.15898         30 0.0000e+00
    553.000    546.881    -0.5775  28.447507    -0.5777  28.446262     5.9992     6.0654    -0.0173    91.0878 1.0000e-12  -64.17350  -61.98006 348.577343      99.97 4.1606e+02   1134.453      27228  1030.3882  1030.3871    34.5341    34.5326    8.15903         32 0.0000e+00
    554.000    547.868    -0.5779  28.447696    -0.5780  28.446402     6.0004     6.0624    -0.0202    91.0941 1.0000e-12  -64.17350  -61.98006 348.577359      99.97 4.1604e+02   1135.807      27260  1030.3930  1030.3918    34.5342    34.5326    8.15910         33 0.0000e+00
    555.000    548.856    -0.5784  28.447728    -0.5785  28.446379     6.0036     6.0635    -0.0143    91.1119 1.0000e-12  -64.17350  -61.98006 348.577374      99.97 4.1604e+02   1137.143      27292  1030.3978  1030.3965    34.5342    34.5326    8.15921         32 0.0000e+00
    556.000    549.843    -0.5785  28.448069    -0.5787  28.446821     6.0012     6.0624    -0.0148    91.1260 1.0000e-12  -64.17350  -61.98006 348.577390      99.97 4.1604e+02   1138.499      27325  1030.4025  1030.4013    34.5342    34.5327    8.15923         33 0.0000e+00
    557.000    550.832    -0.5784  28.448668    -0.5786  28.447377     6.0005     6.0596    -0.0187    91.1164 1.0000e-12  -64.17350  -61.98006 348.577406      99.97 4.1604e+02   1139.909      27359  1030.4073  1030.4061    34.5343    34.5327    8.15920         34 0.0000e+00
    558.000    551.818    -0.5786  28.448929    -0.5787  28.447704     6.0038     6.0719    -0.0219    91.1556 1.0000e-12  -64.17352  -61.98008 348.577421      99.97 4.1604e+02   1141.215      27390  1030.4120  1030.4108    34.5343    34.5327    8.15925         29 0.0000e+00
    559.000    552.806    -0.5755  28.452063    -0.5755  28.451046     6.0055     6.0682    -0.0224    91.0593 1.0000e-12  -64.17352  -61.98008 348.577435      99.97 4.1604e+02   1142.411      27419  1030.4166  1030.4154    34.5344    34.5329    8.15858         28 0.0000e+00
    560.000    553.794    -0.5732  28.454808    -0.5734  28.453422     5.9976     6.0675    -0.0224    91.1041 1.0000e-12  -64.17352  -61.98008 348.577449      99.97 4.1604e+02   1143.589      27447  1030.4214  1030.4202    34.5348    34.5332    8.15805         29 0.0000e+00
    561.000    554.781    -0.5636  28.463709    -0.5610  28.464802     5.9927     6.0644    -0.0224    91.1153 1.0000e-12  -64.17352  -61.98008 348.577464      99.97 4.1604e+02   1144.870      27478  1030.4257  1030.4243    34.5352    34.5338    8.15596         32 0.0000e+00
    562.000    555.770    -0.5594  28.468290    -0.5610  28.465823     5.9979     6.0596    -0.0215    91.1081 1.0000e-12  -64.17352  -61.98008 348.577480      99.97 4.1604e+02   1146.230      27511  1030.4308  1030.4298    34.5360    34.5346    8.15501         34 0.0000e+00
    563.000    556.756    -0.5588  28.469327    -0.5609  28.466361     5.9942     6.0594    -0.0239    91.1197 1.0000e-12  -64.17351  -61.98008 348.577496      99.97 4.1604e+02   1147.620      27544  1030.4356  1030.4346    34.5362    34.5346    8.15488         33 0.0000e+00
    564.000    557.744    -0.5555  28.472650    -0.5579  28.469039     5.9983     6.0643    -0.0298    91.0953 1.0000e-12  -64.17351  -61.98008 348.577511      99.97 4.1604e+02   1148.954      27576  1030.4403  1030.4387    34.5363    34.5341    8.15416         30 0.0000e+00
    565.000    558.733    -0.5537  28.474810    -0.5543  28.473119     5.9969     6.0612    -0.0145    91.1672 1.0000e-12  -64.17352  -61.98008 348.577526      99.97 4.1604e+02   1150.215      27606  1030.4450  1030.4438    34.5365    34.5350    8.15376         31 0.0000e+00
    566.000    559.719    -0.5563  28.472976    -0.5566  28.471536     5.9956     6.0581    -0.0100    91.1418 1.0000e-12  -64.17352  -61.98008 348.577541      99.97 4.1604e+02   1151.529      27638  1030.4500  1030.4487    34.5365    34.5349    8.15433         31 0.0000e+00
    567.000    560.708    -0.5556  28.474106    -0.5557  28.472767     5.9920     6.0603    -0.0220    91.1489 1.0000e-12  -64.17352  -61.98008 348.577556      99.97 4.1604e+02   1152.881      27670  1030.4548  1030.4534    34.5366    34.5349    8.15417         32 0.0000e+00
    568.000    561.694    -0.5577  28.472745    -0.5571  28.472098     5.9993     6.0597    -0.0246    91.1110 1.0000e-12  -64.17352  -61.98008 348.577572      99.97 4.1604e+02   1154.205      27702  1030.4597  1030.4584    34.5365    34.5350    8.15462         32 0.0000e+00
    569.000    562.683    -0.5593  28.471663    -0.5591  28.470744     5.9951     6.0541    -0.0214    91.1449 1.0000e-12  -64.17352  -61.98008 348.577587      99.97 4.1604e+02   1155.505      27733  1030.4643  1030.4631    34.5363    34.5348    8.15497         29 0.0000e+00
    570.000    563.670    -0.5580  28.473278    -0.5583  28.471789     5.9989     6.0586    -0.0144    91.1618 1.0000e-12  -64.17352  -61.98008 348.577601      99.97 4.1604e+02   1156.721      27762  1030.4690  1030.4678    34.5363    34.5347    8.15469         29 0.0000e+00
    571.000    564.658    -0.5589  28.472992    -0.5591  28.471720     5.9985     6.0626    -0.0091    91.1666 1.0000e-12  -64.17352  -61.98008 348.577615      99.97 4.1604e+02   1157.973      27792  1030.4740  1030.4727    34.5364    34.5349    8.15489         32 0.0000e+00
    572.000    565.645    -0.5631  28.469598    -0.5626  28.468907     6.0055     6.0630    -0.0192    91.1246 1.0000e-12  -64.17352  -61.98008 348.577631      99.97 4.1604e+02   1159.361      27826  1030.4787  1030.4775    34.5360    34.5345    8.15581         34 0.0000e+00
    573.000    566.633    -0.5635  28.469784    -0.5642  28.468070     5.9985     6.0614    -0.0150    91.0989 1.0000e-12  -64.17352  -61.98008 348.577647      99.97 4.1604e+02   1160.736      27859  1030.4835  1030.4824    34.5361    34.5346    8.15589         32 0.0000e+00
    574.000    567.620    -0.5694  28.464858    -0.5690  28.464193     6.0070     6.0667    -0.0143    91.1645 1.0000e-12  -64.17352  -61.98008 348.577662      99.97 4.1604e+02   1162.025      27890  1030.4884  1030.4872    34.5356    34.5342    8.15719         30 0.0000e+00
    575.000    568.607    -0.5691  28.465573    -0.5691  28.464540     6.0034     6.0643    -0.0213    91.1477 1.0000e-12  -64.17352  -61.98008 348.577676      99.97 4.1562e+02   1163.235      27919  1030.4930  1030.4918    34.5356    34.5342    8.15712         29 0.0000e+00
    576.000    569.595    -0.5689  28.466107    -0.5691  28.464894     6.0027     6.0679    -0.0149    91.1682 1.0000e-12  -64.17352  -61.98008 348.577690      99.97 4.1430e+02   1164.456      27948  1030.4977  1030.4965    34.5356    34.5341    8.15709         30 0.0000e+00
    577.000    570.579    -0.5704  28.465359    -0.5710  28.463811     6.0043     6.0688    -0.0143    91.1531 1.0000e-12  -64.17352  -61.98008 348.577706      99.97 4.1428e+02   1165.779      27980  1030.5025  1030.5014    34.5356    34.5342    8.15740         31 0.0000e+00
    578.000    571.572    -0.5710  28.465152    -0.5718  28.463276     6.0065     6.0688    -0.0102    91.1466 1.0000e-12  -64.17352  -61.98008 348.577722      99.97 4.1428e+02   1167.138      28012  1030.5071  1030.5059    34.5355    34.5338    8.15755         32 0.0000e+00
    579.000    572.558    -0.5720  28.464836    -0.5718  28.463776     6.0055     6.0669    -0.0210    91.1693 1.0000e-12  -64.17352  -61.98008 348.577736      99.97 4.1422e+02   1168.400      28043  1030.5120  1030.5107    34.5356    34.5340    8.15776         29 0.0000e+00
    580.000    573.545    -0.5734  28.464159    -0.5743  28.462423     6.0081     6.0667    -0.0238    91.1635 1.0000e-12  -64.17352  -61.98008 348.577750      99.97 4.1283e+02   1169.622      28072  1030.5169  1030.5159    34.5356    34.5343    8.15805         30 0.0000e+00
    581.000    574.532    -0.5807  28.458122    -0.5800  28.457568     6.0118     6.0680    -0.0219    91.1626 1.0000e-12  -64.17352  -61.98008 348.577765      99.97 4.1252e+02   1170.932      28103  1030.5219  1030.5206    34.5352    34.5337    8.15965         30 0.0000e+00
    582.000    575.520    -0.5828  28.456512    -0.5826  28.455699     6.0073     6.0769    -0.0253    91.1658 1.0000e-12  -64.17352  -61.98008 348.577781      99.97 4.1251e+02   1172.309      28136  1030.5264  1030.5254    34.5348    34.5336    8.16012         33 0.0000e+00
    583.000    576.508    -0.5871  28.453397    -0.5871  28.452257     6.0028     6.0720    -0.0104    91.1486 1.0000e-12  -64.17352  -61.98008 348.577796      99.97 4.1251e+02   1173.618      28168  1030.5315  1030.5303    34.5349    34.5333    8.16104         31 0.0000e+00
