NBP2113_155081_ctd/data/dnbp2113_052.cnv
* Sea-Bird SBE 9 Data File:
* FileName = D:\Data\raw\NBP2113_052.hex
* Software Version Seasave V 7.26.7.121
* Temperature SN = 2438
* Conductivity SN = 2067
* Number of Bytes Per Scan = 40
* Number of Voltage Words = 5
* Number of Scans Averaged by the Deck Unit = 1
* NMEA Latitude = 64 54.69 S
* NMEA Longitude = 064 40.23 W
* NMEA UTC (Time) = Dec 11 2021  16:24:27
* NMEA baud rate = 9600
** Ship: RVIB N.B. Palmer
** Cruise: NBP2113 LTER
** Station: 593.051
** Operator: S. Blackman
# nquan = 25
# nvalues = 953                         
# units = specified
# name 0 = prDM: Pressure, Digiquartz [db]
# name 1 = depSM: Depth [salt water, m]
# name 2 = t090C: Temperature [ITS-90, deg C]
# name 3 = c0mS/cm: Conductivity [mS/cm]
# name 4 = t190C: Temperature, 2 [ITS-90, deg C]
# name 5 = c1mS/cm: Conductivity, 2 [mS/cm]
# name 6 = sbeox0ML/L: Oxygen, SBE 43 [ml/l]
# name 7 = sbeox1ML/L: Oxygen, SBE 43, 2 [ml/l]
# name 8 = flECO-AFL: Fluorescence, WET Labs ECO-AFL/FL [mg/m^3]
# name 9 = CStarTr0: Beam Transmission, WET Labs C-Star [%]
# name 10 = par: PAR/Irradiance, Biospherical/Licor
# name 11 = latitude: Latitude [deg]
# name 12 = longitude: Longitude [deg]
# name 13 = timeJ: Julian Days
# name 14 = altM: Altimeter [m]
# name 15 = spar: SPAR, Biospherical/Licor
# name 16 = timeS: Time, Elapsed [seconds]
# name 17 = scan: Scan Count
# name 18 = density00: Density [density, kg/m^3]
# name 19 = density11: Density, 2 [density, kg/m^3]
# name 20 = sal00: Salinity, Practical [PSU]
# name 21 = sal11: Salinity, Practical, 2 [PSU]
# name 22 = oxsolML/L: Oxygen Saturation, Garcia & Gordon [ml/l]
# name 23 = nbin: number of scans per bin
# name 24 = flag: flag
# span 0 =      4.000,    956.000       
# span 1 =      3.962,    944.462       
# span 2 =    -0.5142,     1.4833       
# span 3 =  27.626841,  30.503159       
# span 4 =    -0.5114,     1.4830       
# span 5 =  27.628934,  30.501764       
# span 6 =     4.0498,     8.1083       
# span 7 =     4.1130,     8.1673       
# span 8 =    -0.0225,     1.7033       
# span 9 =    83.7321,    91.8596       
# span 10 = -5.309e-05, 4.0866e+02      
# span 11 =  -64.91186,  -64.91154      
# span 12 =  -64.67139,  -64.67040      
# span 13 = 345.687268, 345.703410      
# span 14 =       4.53,     101.96      
# span 15 = 1.1529e+03, 1.4155e+03      
# span 16 =    312.984,   1707.666      
# span 17 =       7513,      40985      
# span 18 =  1027.1049,  1032.2268      
# span 19 =  1027.1039,  1032.2256      
# span 20 =    33.6922,    34.6828      
# span 21 =    33.6908,    34.6815      
# span 22 =    7.72742,    8.19386      
# span 23 =         11,         50      
# span 24 = 0.0000e+00, 0.0000e+00      
# interval = decibars: 1                
# start_time = Dec 11 2021 16:24:27 [NMEA time, header]
# bad_flag = -9.990e-29
*END*
[from data line 174]
    178.000    176.181     0.7727  29.412140     0.7719  29.410331     4.9369     5.0086     0.0065    91.5012 1.0000e-12  -64.91156  -64.67044 345.691382      99.97 1.3292e+03    668.360      16042  1028.5113  1028.5102    34.5137    34.5123    7.87817         17 0.0000e+00
    179.000    177.170     0.7860  29.425632     0.7846  29.423475     4.9387     5.0118     0.0028    91.4945 1.0000e-12  -64.91156  -64.67046 345.691391      99.97 1.3292e+03    669.193      16062  1028.5165  1028.5156    34.5158    34.5146    7.87536         25 0.0000e+00
    180.000    178.157     0.7785  29.418550     0.7780  29.416744     4.8831     4.9682     0.0112    91.4749 1.0000e-12  -64.91158  -64.67046 345.691442      99.97 1.3340e+03    673.628      16168  1028.5211  1028.5198    34.5144    34.5126    7.87695         24 0.0000e+00
    181.000    179.149     0.8110  29.451320     0.8074  29.446707     4.8612     4.9532     0.0073    91.4681 1.0000e-12  -64.91158  -64.67046 345.691456      99.97 1.3345e+03    674.781      16196  1028.5277  1028.5263    34.5201    34.5181    7.87006         18 0.0000e+00
    182.000    180.138     0.8211  29.464136     0.8200  29.461945     4.8600     4.9484    -0.0008    91.4660 1.0000e-12  -64.91158  -64.67046 345.691464      99.97 1.3348e+03    675.470      16212  1028.5353  1028.5341    34.5249    34.5233    7.86776         16 0.0000e+00
    183.000    181.126     0.8276  29.471466     0.8277  29.470524     4.8602     4.9428     0.0058    91.4639 1.0000e-12  -64.91158  -64.67046 345.691471      99.97 1.3363e+03    676.116      16228  1028.5409  1028.5397    34.5266    34.5252    7.86635         15 0.0000e+00
    184.000    182.115     0.8332  29.477845     0.8327  29.476219     4.8623     4.9388     0.0064    91.4487 1.0000e-12  -64.91158  -64.67046 345.691479      99.97 1.3363e+03    676.754      16243  1028.5463  1028.5452    34.5280    34.5265    7.86514         16 0.0000e+00
    185.000    183.108     0.8366  29.482026     0.8364  29.480795     4.8626     4.9357     0.0069    91.4586 1.0000e-12  -64.91158  -64.67046 345.691487      99.97 1.3370e+03    677.448      16260  1028.5518  1028.5507    34.5291    34.5277    7.86440         17 0.0000e+00
    186.000    184.095     0.8392  29.485319     0.8386  29.483628     4.8634     4.9380     0.0122    91.4688 1.0000e-12  -64.91158  -64.67046 345.691496      99.97 1.3380e+03    678.263      16279  1028.5571  1028.5559    34.5299    34.5284    7.86383         22 0.0000e+00
    187.000    185.085     0.8421  29.488660     0.8414  29.487006     4.8635     4.9357    -0.0021    91.4723 1.0000e-12  -64.91158  -64.67048 345.691509      99.97 1.3380e+03    679.384      16306  1028.5621  1028.5611    34.5304    34.5290    7.86322         30 0.0000e+00
    188.000    186.073     0.8441  29.491353     0.8439  29.489915     4.8679     4.9314     0.0015    91.4724 1.0000e-12  -64.91156  -64.67048 345.691526      99.97 1.3380e+03    680.870      16342  1028.5673  1028.5661    34.5310    34.5294    7.86277         37 0.0000e+00
    189.000    187.064     0.8462  29.493658     0.8460  29.492322     4.8660     4.9322     0.0062    91.4724 1.0000e-12  -64.91157  -64.67048 345.691545      99.97 1.3394e+03    682.488      16381  1028.5722  1028.5710    34.5311    34.5296    7.86235         39 0.0000e+00
    190.000    188.051     0.8548  29.502930     0.8537  29.500847     4.8645     4.9241     0.0077    91.4803 1.0000e-12  -64.91158  -64.67048 345.691565      99.97 1.3398e+03    684.217      16422  1028.5779  1028.5767    34.5330    34.5315    7.86052         36 0.0000e+00
    191.000    189.041     0.8603  29.509450     0.8599  29.507710     4.8455     4.9172     0.0146    91.5030 1.0000e-12  -64.91158  -64.67048 345.691585      99.97 1.3410e+03    685.919      16463  1028.5836  1028.5822    34.5347    34.5329    7.85931         35 0.0000e+00
    192.000    190.031     0.8637  29.513298     0.8631  29.511647     4.8425     4.9064     0.0143    91.4865 1.0000e-12  -64.91158  -64.67048 345.691599      99.97 1.3416e+03    687.112      16492  1028.5886  1028.5875    34.5353    34.5339    7.85858         25 0.0000e+00
    193.000    191.021     0.8683  29.518539     0.8682  29.517417     4.8396     4.9031     0.0045    91.4628 1.0000e-12  -64.91158  -64.67048 345.691610      99.97 1.3416e+03    688.071      16515  1028.5938  1028.5928    34.5364    34.5351    7.85760         22 0.0000e+00
    194.000    192.008     0.8735  29.524493     0.8731  29.523090     4.8284     4.8928     0.0063    91.4534 1.0000e-12  -64.91158  -64.67048 345.691620      99.97 1.3416e+03    689.002      16537  1028.5992  1028.5982    34.5377    34.5363    7.85647         23 0.0000e+00
    195.000    192.999     0.8779  29.529336     0.8773  29.527524     4.8213     4.8822     0.0112    91.4606 1.0000e-12  -64.91158  -64.67048 345.691633      99.97 1.3426e+03    690.079      16563  1028.6043  1028.6030    34.5385    34.5368    7.85554         28 0.0000e+00
    196.000    193.988     0.8893  29.541821     0.8892  29.540833     4.8190     4.8802     0.0066    91.4475 1.0000e-12  -64.91158  -64.67048 345.691646      99.97 1.3433e+03    691.204      16590  1028.6104  1028.6094    34.5415    34.5402    7.85310         26 0.0000e+00
    197.000    194.976     0.8905  29.543664     0.8902  29.542321     4.8203     4.8819     0.0069    91.4467 1.0000e-12  -64.91158  -64.67048 345.691657      99.97 1.3433e+03    692.188      16614  1028.6155  1028.6144    34.5419    34.5405    7.85283         21 0.0000e+00
    198.000    195.967     0.8921  29.545745     0.8918  29.544541     4.8124     4.8788     0.0065    91.4467 1.0000e-12  -64.91158  -64.67048 345.691667      99.96 1.3447e+03    693.028      16634  1028.6204  1028.6195    34.5422    34.5410    7.85249         20 0.0000e+00
    199.000    196.956     0.8942  29.548222     0.8938  29.546951     4.8147     4.8830    -0.0004    91.4467 1.0000e-12  -64.91158  -64.67048 345.691676      99.97 1.3451e+03    693.829      16653  1028.6253  1028.6243    34.5425    34.5412    7.85205         19 0.0000e+00
    200.000    197.945     0.8949  29.549659     0.8945  29.548108     4.8247     4.8902     0.0048    91.4467 1.0000e-12  -64.91158  -64.67049 345.691687      99.97 1.3467e+03    694.750      16675  1028.6304  1028.6292    34.5429    34.5414    7.85188         27 0.0000e+00
    201.000    198.933     0.8939  29.549068     0.8922  29.546007     4.8072     4.8676     0.0069    91.4388 1.0000e-12  -64.91158  -64.67050 345.691723      99.97 1.3518e+03    697.856      16750  1028.6353  1028.6338    34.5427    34.5406    7.85209         36 0.0000e+00
    202.000    199.922     0.9004  29.555046     0.8995  29.553455     4.7693     4.8439     0.0006    91.4205 1.0000e-12  -64.91158  -64.67050 345.691747      99.97 1.3562e+03    699.921      16799  1028.6394  1028.6387    34.5426    34.5416    7.85079         21 0.0000e+00
    203.000    200.911     0.9123  29.568458     0.9123  29.567411     4.7518     4.8296    -0.0077    91.4209 1.0000e-12  -64.91158  -64.67049 345.691756      99.97 1.3574e+03    700.690      16818  1028.6459  1028.6448    34.5462    34.5448    7.84820         18 0.0000e+00
    204.000    201.903     0.9220  29.578520     0.9213  29.576439     4.7482     4.8229     0.0061    91.4209 1.0000e-12  -64.91158  -64.67048 345.691764      99.97 1.3574e+03    701.380      16834  1028.6510  1028.6496    34.5478    34.5459    7.84616         16 0.0000e+00
    205.000    202.892     0.9313  29.588989     0.9320  29.588958     4.7478     4.8234     0.0026    91.4209 1.0000e-12  -64.91158  -64.67048 345.691771      99.97 1.3574e+03    702.032      16850  1028.6571  1028.6562    34.5504    34.5496    7.84415         15 0.0000e+00
    206.000    203.880     0.9330  29.591712     0.9324  29.589998     4.7431     4.8212    -0.0081    91.4195 1.0000e-12  -64.91158  -64.67048 345.691780      99.97 1.3579e+03    702.749      16867  1028.6626  1028.6614    34.5515    34.5499    7.84375         19 0.0000e+00
    207.000    204.869     0.9403  29.599430     0.9398  29.597912     4.7449     4.8160    -0.0015    91.4002 1.0000e-12  -64.91158  -64.67049 345.691790      99.97 1.3591e+03    703.646      16889  1028.6678  1028.6666    34.5528    34.5514    7.84222         26 0.0000e+00
    208.000    205.859     0.9417  29.601581     0.9413  29.600112     4.7461     4.8123     0.0010    91.4451 1.0000e-12  -64.91158  -64.67050 345.691806      99.97 1.3597e+03    704.997      16921  1028.6730  1028.6719    34.5534    34.5519    7.84190         39 0.0000e+00
    209.000    206.849     0.9421  29.602529     0.9419  29.601138     4.7527     4.8156     0.0051    91.4519 1.0000e-12  -64.91158  -64.67053 345.691832      99.97 1.3619e+03    707.312      16976  1028.6781  1028.6768    34.5535    34.5519    7.84180         33 0.0000e+00
    210.000    207.837     0.9447  29.605201     0.9429  29.602264     4.7511     4.8113     0.0069    91.4687 1.0000e-12  -64.91158  -64.67053 345.691861      99.97 1.3651e+03    709.782      17036  1028.6828  1028.6815    34.5536    34.5517    7.84129         27 0.0000e+00
    211.000    208.827     0.9485  29.610024     0.9482  29.608600     4.7433     4.8076     0.0042    91.4724 1.0000e-12  -64.91158  -64.67052 345.691873      99.97 1.3662e+03    710.825      17061  1028.6883  1028.6871    34.5549    34.5534    7.84044         22 0.0000e+00
    212.000    209.814     0.9514  29.613362     0.9511  29.611995     4.7427     4.7996    -0.0004    91.4765 1.0000e-12  -64.91158  -64.67051 345.691883      99.97 1.3674e+03    711.662      17081  1028.6932  1028.6921    34.5554    34.5540    7.83983         19 0.0000e+00
    213.000    210.807     0.9556  29.618196     0.9553  29.616666     4.7376     4.7938    -0.0004    91.4826 1.0000e-12  -64.91158  -64.67050 345.691892      99.97 1.3680e+03    712.465      17100  1028.6983  1028.6971    34.5564    34.5548    7.83893         20 0.0000e+00
    214.000    211.793     0.9602  29.623347     0.9597  29.621717     4.7325     4.7923    -0.0063    91.4847 1.0000e-12  -64.91158  -64.67050 345.691902      99.97 1.3680e+03    713.334      17121  1028.7035  1028.7023    34.5574    34.5558    7.83796         21 0.0000e+00
    215.000    212.783     0.9658  29.629624     0.9654  29.628219     4.7309     4.7968    -0.0037    91.4724 1.0000e-12  -64.91158  -64.67050 345.691913      99.97 1.3692e+03    714.277      17144  1028.7088  1028.7077    34.5587    34.5573    7.83676         24 0.0000e+00
    216.000    213.772     0.9670  29.631586     0.9667  29.630088     4.7338     4.7994    -0.0005    91.4681 1.0000e-12  -64.91158  -64.67052 345.691925      99.97 1.3698e+03    715.353      17169  1028.7140  1028.7127    34.5593    34.5577    7.83649         29 0.0000e+00
    217.000    214.761     0.9690  29.633959     0.9688  29.632685     4.7267     4.7925     0.0047    91.4710 1.0000e-12  -64.91158  -64.67053 345.691942      99.97 1.3722e+03    716.795      17204  1028.7188  1028.7177    34.5595    34.5581    7.83607         40 0.0000e+00
    218.000    215.751     0.9723  29.637803     0.9720  29.636488     4.7251     4.7863     0.0033    91.4613 1.0000e-12  -64.91158  -64.67055 345.691963      99.97 1.3733e+03    718.607      17248  1028.7239  1028.7229    34.5602    34.5589    7.83537         35 0.0000e+00
    219.000    216.740     0.9744  29.640329     0.9740  29.638909     4.7211     4.7815     0.0056    91.4686 1.0000e-12  -64.91158  -64.67054 345.691981      99.97 1.3733e+03    720.153      17285  1028.7288  1028.7277    34.5606    34.5592    7.83493         33 0.0000e+00
    220.000    217.728     0.9788  29.645119     0.9783  29.643590     4.7227     4.7754     0.0064    91.4325 1.0000e-12  -64.91158  -64.67054 345.691995      99.97 1.3755e+03    721.410      17315  1028.7338  1028.7327    34.5613    34.5599    7.83401         28 0.0000e+00
    221.000    218.718     0.9837  29.650942     0.9831  29.649173     4.7047     4.7661    -0.0004    91.4550 1.0000e-12  -64.91158  -64.67054 345.692007      99.97 1.3771e+03    722.441      17340  1028.7393  1028.7381    34.5628    34.5612    7.83295         22 0.0000e+00
    222.000    219.708     0.9867  29.654356     0.9862  29.652865     4.6889     4.7577     0.0128    91.4697 1.0000e-12  -64.91158  -64.67054 345.692017      99.97 1.3774e+03    723.307      17360  1028.7441  1028.7430    34.5632    34.5619    7.83231         20 0.0000e+00
    223.000    220.695     0.9975  29.665374     0.9971  29.663875     4.6782     4.7514     0.0022    91.4538 1.0000e-12  -64.91158  -64.67052 345.692027      99.97 1.3768e+03    724.109      17380  1028.7492  1028.7481    34.5649    34.5634    7.83006         19 0.0000e+00
    224.000    221.686     1.0063  29.675815     1.0058  29.674191     4.6714     4.7464    -0.0044    91.4557 1.0000e-12  -64.91159  -64.67053 345.692036      99.97 1.3774e+03    724.933      17399  1028.7556  1028.7545    34.5680    34.5665    7.82813         20 0.0000e+00
    225.000    222.675     1.0124  29.682706     1.0122  29.681251     4.6752     4.7424     0.0040    91.4594 1.0000e-12  -64.91160  -64.67054 345.692048      99.97 1.3796e+03    725.972      17424  1028.7611  1028.7598    34.5695    34.5679    7.82682         32 0.0000e+00
    226.000    223.664     1.0146  29.685734     1.0142  29.684183     4.6696     4.7348     0.0013    91.4613 1.0000e-12  -64.91159  -64.67054 345.692068      99.97 1.3803e+03    727.674      17465  1028.7666  1028.7653    34.5705    34.5689    7.82634         37 0.0000e+00
    227.000    224.652     1.0168  29.688328     1.0162  29.686713     4.6711     4.7367     0.0069    91.4654 1.0000e-12  -64.91158  -64.67056 345.692090      99.97 1.3803e+03    729.605      17512  1028.7714  1028.7703    34.5707    34.5693    7.82587         36 0.0000e+00
    228.000    225.641     1.0173  29.689300     1.0168  29.687702     4.6689     4.7352     0.0052    91.4554 1.0000e-12  -64.91158  -64.67056 345.692106      99.97 1.3820e+03    730.917      17543  1028.7763  1028.7751    34.5708    34.5693    7.82577         30 0.0000e+00
    229.000    226.631     1.0185  29.690963     1.0179  29.689274     4.6732     4.7280     0.0005    91.4727 1.0000e-12  -64.91158  -64.67056 345.692120      99.97 1.3821e+03    732.210      17574  1028.7812  1028.7800    34.5710    34.5696    7.82552         30 0.0000e+00
    230.000    227.620     1.0193  29.692274     1.0187  29.690640     4.6709     4.7275    -0.0078    91.4784 1.0000e-12  -64.91160  -64.67056 345.692134      99.97 1.3822e+03    733.372      17602  1028.7861  1028.7849    34.5713    34.5698    7.82535         26 0.0000e+00
    231.000    228.609     1.0199  29.693407     1.0195  29.691799     4.6695     4.7266    -0.0077    91.4993 1.0000e-12  -64.91158  -64.67056 345.692145      99.97 1.3838e+03    734.353      17625  1028.7909  1028.7897    34.5714    34.5699    7.82521         22 0.0000e+00
    232.000    229.598     1.0208  29.694678     1.0204  29.693123     4.6569     4.7275    -0.0077    91.4971 1.0000e-12  -64.91158  -64.67056 345.692156      99.97 1.3839e+03    735.279      17648  1028.7957  1028.7945    34.5715    34.5700    7.82503         23 0.0000e+00
    233.000    230.588     1.0245  29.699083     1.0242  29.697514     4.6627     4.7213    -0.0026    91.4815 1.0000e-12  -64.91158  -64.67056 345.692169      99.97 1.3822e+03    736.427      17675  1028.8009  1028.7995    34.5725    34.5708    7.82424         34 0.0000e+00
    234.000    231.577     1.0259  29.701009     1.0253  29.699265     4.6641     4.7200     0.0076    91.4977 1.0000e-12  -64.91159  -64.67056 345.692189      99.97 1.3833e+03    738.166      17717  1028.8058  1028.8046    34.5728    34.5712    7.82394         39 0.0000e+00
