NBP2113_155081_ctd/data/dnbp2113_043.cnv
* Sea-Bird SBE 9 Data File:
* FileName = D:\Data\raw\NBP2113_043.hex
* Software Version Seasave V 7.26.7.121
* Temperature SN = 2438
* Conductivity SN = 2067
* Number of Bytes Per Scan = 40
* Number of Voltage Words = 5
* Number of Scans Averaged by the Deck Unit = 1
* NMEA Latitude = 64 55.34 S
* NMEA Longitude = 064 19.20 W
* NMEA UTC (Time) = Dec 10 2021  20:08:03
* NMEA baud rate = 9600
** Ship: RVIB N.B. Palmer
** Cruise: NBP2113 LTER
** Station: 600.040
** Operator: S. Blackman
# nquan = 25
# nvalues = 98                          
# units = specified
# name 0 = prDM: Pressure, Digiquartz [db]
# name 1 = depSM: Depth [salt water, m]
# name 2 = t090C: Temperature [ITS-90, deg C]
# name 3 = c0mS/cm: Conductivity [mS/cm]
# name 4 = t190C: Temperature, 2 [ITS-90, deg C]
# name 5 = c1mS/cm: Conductivity, 2 [mS/cm]
# name 6 = sbeox0ML/L: Oxygen, SBE 43 [ml/l]
# name 7 = sbeox1ML/L: Oxygen, SBE 43, 2 [ml/l]
# name 8 = flECO-AFL: Fluorescence, WET Labs ECO-AFL/FL [mg/m^3]
# name 9 = CStarTr0: Beam Transmission, WET Labs C-Star [%]
# name 10 = par: PAR/Irradiance, Biospherical/Licor
# name 11 = latitude: Latitude [deg]
# name 12 = longitude: Longitude [deg]
# name 13 = timeJ: Julian Days
# name 14 = altM: Altimeter [m]
# name 15 = spar: SPAR, Biospherical/Licor
# name 16 = timeS: Time, Elapsed [seconds]
# name 17 = scan: Scan Count
# name 18 = density00: Density [density, kg/m^3]
# name 19 = density11: Density, 2 [density, kg/m^3]
# name 20 = sal00: Salinity, Practical [PSU]
# name 21 = sal11: Salinity, Practical, 2 [PSU]
# name 22 = oxsolML/L: Oxygen Saturation, Garcia & Gordon [ml/l]
# name 23 = nbin: number of scans per bin
# name 24 = flag: flag
# span 0 =      5.000,    102.000       
# span 1 =      4.953,    100.974       
# span 2 =    -0.6243,     0.3461       
# span 3 =  27.514775,  28.893306       
# span 4 =    -0.6057,     0.3491       
# span 5 =  27.528797,  28.896053       
# span 6 =     5.3215,     8.1204       
# span 7 =     5.4145,     8.1377       
# span 8 =     0.0658,     1.1987       
# span 9 =    84.8875,    92.0983       
# span 10 = 4.3046e-01, 2.8504e+02      
# span 11 =  -64.92249,  -64.92239      
# span 12 =  -64.31990,  -64.31980      
# span 13 = 344.842857, 344.846093      
# span 14 =      99.96,      99.97      
# span 15 = 7.2383e+02, 8.7968e+02      
# span 16 =    339.856,    619.406      
# span 17 =       8158,      14867      
# span 18 =  1027.0957,  1028.0545      
# span 19 =  1027.0970,  1028.0520      
# span 20 =    33.6627,    34.3590      
# span 21 =    33.6603,    34.3582      
# span 22 =    7.97411,    8.21945      
# span 23 =          8,         48      
# span 24 = 0.0000e+00, 0.0000e+00      
# interval = decibars: 1                
# start_time = Dec 10 2021 20:08:03 [NMEA time, header]
# bad_flag = -9.990e-29
*END*
      5.000      4.953    -0.4727  27.696840    -0.4867  27.677351     8.0626     8.1050     0.8571    84.9351 2.8504e+02  -64.92240  -64.31986 344.842857      99.97 8.7968e+02    339.856       8158  1027.1369  1027.1289    33.7406    33.7300    8.18209         28 0.0000e+00
      6.000      5.938    -0.5383  27.619915    -0.5507  27.604685     8.0528     8.1077     0.8872    85.2733 2.4765e+02  -64.92240  -64.31986 344.842883      99.97 8.7968e+02    342.098       8211  1027.1211  1027.1157    33.7097    33.7031    8.19806         32 0.0000e+00
      7.000      6.933    -0.5826  27.564552    -0.5831  27.561287     8.1204     8.1377     0.9489    85.4939 2.1758e+02  -64.92239  -64.31985 344.842931      99.97 8.7717e+02    346.219       8310  1027.1063  1027.1033    33.6840    33.6801    8.20917         43 0.0000e+00
      8.000      7.921    -0.6243  27.514775    -0.5971  27.547681     8.0833     8.1124     0.9401    85.2817 1.9943e+02  -64.92240  -64.31986 344.842982      99.97 8.7608e+02    350.602       8415  1027.0957  1027.1053    33.6627    33.6768    8.21945         36 0.0000e+00
      9.000      8.911    -0.5900  27.546581    -0.6057  27.528797     8.0494     8.0791     0.8803    85.0831 1.6617e+02  -64.92240  -64.31986 344.842993      99.97 8.7615e+02    351.577       8439  1027.1010  1027.0970    33.6667    33.6603    8.21177         26 0.0000e+00
     10.000      9.900    -0.5179  27.646923    -0.5277  27.627478     8.0121     8.0571     0.8839    84.8875 1.4431e+02  -64.92240  -64.31986 344.843009      99.97 8.7545e+02    352.967       8472  1027.1442  1027.1332    33.7209    33.7056    8.19301         33 0.0000e+00
     11.000     10.893    -0.3840  27.808599    -0.3853  27.800224     7.9333     8.0229     0.9283    85.1489 1.3469e+02  -64.92240  -64.31984 344.843060      99.97 8.7107e+02    357.356       8578  1027.1944  1027.1862    33.7878    33.7780    8.16036         35 0.0000e+00
     12.000     11.883    -0.2420  27.993007    -0.2358  27.998980     7.9605     8.0231     0.9432    85.7678 1.1829e+02  -64.92240  -64.31984 344.843087      99.97 8.6908e+02    359.748       8635  1027.2617  1027.2620    33.8759    33.8769    8.12484         36 0.0000e+00
     13.000     12.871    -0.2146  28.032221    -0.2159  28.028122     7.9643     8.0131     0.9363    86.4708 1.0718e+02  -64.92240  -64.31985 344.843123      99.97 8.6910e+02    362.863       8710  1027.2839  1027.2807    33.8970    33.8930    8.11778         36 0.0000e+00
     14.000     13.864    -0.2074  28.042564    -0.2066  28.041121     7.9627     8.0102     0.9320    87.1849 9.0754e+01  -64.92240  -64.31986 344.843156      99.97 8.6741e+02    365.694       8778  1027.2938  1027.2915    33.9022    33.8994    8.11595         36 0.0000e+00
     15.000     14.853    -0.2024  28.048793    -0.2016  28.047584     7.9415     8.0060     0.9430    87.5970 8.5260e+01  -64.92240  -64.31985 344.843193      99.97 8.6278e+02    368.838       8853  1027.3012  1027.2991    33.9044    33.9019    8.11477         48 0.0000e+00
     16.000     15.842    -0.1973  28.055710    -0.1966  28.054261     7.9293     8.0045     1.0356    87.7548 7.9954e+01  -64.92240  -64.31984 344.843220      99.97 8.6285e+02    371.176       8909  1027.3086  1027.3063    33.9073    33.9046    8.11352         42 0.0000e+00
     17.000     16.831    -0.1926  28.062251    -0.1921  28.060911     7.9087     7.9983     1.0426    87.8127 7.0098e+01  -64.92240  -64.31984 344.843247      99.97 8.6554e+02    373.567       8967  1027.3158  1027.3139    33.9101    33.9078    8.11235         41 0.0000e+00
     18.000     17.823    -0.1875  28.069448    -0.1869  28.067947     7.9165     7.9941     1.1027    87.8455 6.1900e+01  -64.92240  -64.31984 344.843284      99.97 8.6374e+02    376.700       9042  1027.3233  1027.3211    33.9134    33.9108    8.11107         32 0.0000e+00
     19.000     18.812    -0.1855  28.072449    -0.1852  28.070893     7.9050     7.9779     1.1539    88.0393 5.7436e+01  -64.92240  -64.31984 344.843323      99.97 8.6381e+02    380.146       9125  1027.3293  1027.3274    33.9146    33.9122    8.11059         34 0.0000e+00
     20.000     19.806    -0.1849  28.076962    -0.1846  28.075608     7.8548     7.9528     1.1707    88.1088 5.1728e+01  -64.92240  -64.31983 344.843354      99.97 8.6167e+02    382.742       9187  1027.3381  1027.3362    33.9194    33.9172    8.11019         33 0.0000e+00
     21.000     20.790    -0.1735  28.094723    -0.1739  28.091950     7.8534     7.9299     1.1987    88.6044 4.9901e+01  -64.92240  -64.31982 344.843394      99.96 8.6034e+02    386.262       9271  1027.3505  1027.3479    33.9297    33.9264    8.10718         33 0.0000e+00
     22.000     21.784    -0.1629  28.110237    -0.1630  28.108101     7.8559     7.9326     1.0602    88.8093 4.5803e+01  -64.92240  -64.31982 344.843414      99.97 8.6052e+02    387.993       9313  1027.3614  1027.3591    33.9380    33.9352    8.10446         36 0.0000e+00
     23.000     22.771    -0.1596  28.115667    -0.1601  28.112915     7.8152     7.9257     1.0034    88.9982 3.9646e+01  -64.92240  -64.31984 344.843444      99.96 8.6178e+02    390.528       9374  1027.3684  1027.3659    33.9409    33.9378    8.10358         27 0.0000e+00
     24.000     23.767    -0.1474  28.133906    -0.1475  28.131251     7.8258     7.9064     0.9626    89.1260 3.6859e+01  -64.92240  -64.31983 344.843484      99.97 8.5811e+02    394.029       9458  1027.3806  1027.3779    33.9509    33.9475    8.10042         31 0.0000e+00
     25.000     24.753    -0.0911  28.193825    -0.0910  28.190911     7.8124     7.8908     0.9276    89.2149 3.5272e+01  -64.92240  -64.31980 344.843512      99.97 8.5671e+02    396.460       9516  1027.3946  1027.3914    33.9673    33.9634    8.08755         43 0.0000e+00
     26.000     25.743    -0.0664  28.221351    -0.0667  28.219195     7.8115     7.8850     0.9044    89.3049 3.3124e+01  -64.92240  -64.31982 344.843537      99.97 8.5676e+02    398.593       9567  1027.4050  1027.4029    33.9759    33.9733    8.08186         33 0.0000e+00
     27.000     26.733    -0.0688  28.222510    -0.0694  28.219914     7.7934     7.8706     0.8862    89.5067 2.9411e+01  -64.92240  -64.31984 344.843585      99.97 8.5521e+02    402.703       9666  1027.4137  1027.4113    33.9794    33.9766    8.08216         26 0.0000e+00
     28.000     27.722    -0.0791  28.216844    -0.0786  28.215293     7.7973     7.8633     0.7365    89.6414 2.6332e+01  -64.92240  -64.31984 344.843619      99.97 8.5365e+02    405.656       9737  1027.4222  1027.4200    33.9827    33.9801    8.08414         27 0.0000e+00
     29.000     28.713    -0.0862  28.215314    -0.0861  28.213660     7.7551     7.8350     0.7241    89.8219 2.6348e+01  -64.92241  -64.31981 344.843651      99.97 8.5001e+02    408.459       9804  1027.4319  1027.4300    33.9880    33.9857    8.08535         36 0.0000e+00
     30.000     29.704    -0.0875  28.220864    -0.0874  28.219246     7.7336     7.8150     0.6081    89.9583 2.5582e+01  -64.92242  -64.31980 344.843667      99.97 8.4971e+02    409.872       9838  1027.4435  1027.4415    33.9963    33.9939    8.08516         29 0.0000e+00
     31.000     30.694    -0.0856  28.225818    -0.0850  28.224710     7.7195     7.8009     0.5966    90.0974 2.3223e+01  -64.92242  -64.31982 344.843690      99.97 8.4946e+02    411.852       9885  1027.4512  1027.4494    34.0001    33.9980    8.08454         30 0.0000e+00
     32.000     31.680    -0.0452  28.268365    -0.0409  28.273076     7.6774     7.7686     0.6152    90.1390 2.0069e+01  -64.92241  -64.31985 344.843750      99.97 8.4559e+02    416.982      10009  1027.4617  1027.4627    34.0109    34.0125    8.07538         33 0.0000e+00
     33.000     32.673    -0.0120  28.304363    -0.0068  28.307028     7.6673     7.7575     0.6041    90.3168 1.9326e+01  -64.92242  -64.31981 344.843781      99.97 8.3838e+02    419.682      10073  1027.4726  1027.4704    34.0211    34.0189    8.06779         33 0.0000e+00
     34.000     33.665     0.0044  28.319532     0.0036  28.317645     7.6476     7.7502     0.5588    90.3177 1.8580e+01  -64.92242  -64.31980 344.843796      99.97 8.3735e+02    420.966      10104  1027.4774  1027.4761    34.0224    34.0207    8.06426         26 0.0000e+00
     35.000     34.654     0.0123  28.329814     0.0081  28.324131     7.6566     7.7507     0.5687    90.2762 1.7632e+01  -64.92242  -64.31982 344.843810      99.97 8.3737e+02    422.211      10134  1027.4852  1027.4832    34.0266    34.0237    8.06236         31 0.0000e+00
     36.000     35.643     0.0071  28.324021     0.0016  28.316092     7.6503     7.7412     0.6311    90.2323 1.5217e+01  -64.92242  -64.31986 344.843880      99.97 8.3209e+02    428.203      10278  1027.4891  1027.4861    34.0241    34.0197    8.06360         31 0.0000e+00
     37.000     36.633     0.0292  28.349547     0.0301  28.348226     7.6624     7.7311     0.6155    90.2335 1.4461e+01  -64.92242  -64.31984 344.843901      99.97 8.2775e+02    430.051      10322  1027.4992  1027.4969    34.0327    34.0300    8.05846         36 0.0000e+00
     38.000     37.625     0.0343  28.355702     0.0332  28.352540     7.6315     7.7181     0.6584    90.2286 1.4141e+01  -64.92242  -64.31982 344.843923      99.97 8.2814e+02    431.979      10369  1027.5054  1027.5031    34.0346    34.0317    8.05728         45 0.0000e+00
     39.000     38.616     0.0400  28.363141     0.0404  28.361408     7.6287     7.7180     0.6548    90.2325 1.3392e+01  -64.92242  -64.31984 344.843949      99.97 8.2855e+02    434.198      10422  1027.5123  1027.5101    34.0375    34.0348    8.05592         39 0.0000e+00
     40.000     39.608     0.0424  28.366336     0.0426  28.364667     7.6486     7.7163     0.7017    90.1882 1.2199e+01  -64.92242  -64.31987 344.843989      99.97 8.2666e+02    437.666      10505  1027.5180  1027.5160    34.0384    34.0361    8.05536         28 0.0000e+00
     41.000     40.595     0.0432  28.368224     0.0434  28.366290     7.6084     7.6988     0.6576    90.1690 1.1373e+01  -64.92242  -64.31987 344.844030      99.97 8.2334e+02    441.163      10589  1027.5237  1027.5215    34.0394    34.0367    8.05513         41 0.0000e+00
     42.000     41.583     0.0367  28.367124     0.0375  28.365667     7.5756     7.6647     0.6309    90.1712 1.0672e+01  -64.92242  -64.31984 344.844061      99.97 8.2155e+02    443.861      10654  1027.5333  1027.5310    34.0446    34.0418    8.05621         32 0.0000e+00
     43.000     42.574     0.0313  28.363989     0.0310  28.362069     7.5715     7.6552     0.6170    90.1611 1.0117e+01  -64.92242  -64.31985 344.844082      99.97 8.2236e+02    445.712      10698  1027.5395  1027.5378    34.0459    34.0437    8.05728         32 0.0000e+00
     44.000     43.565     0.0237  28.359336     0.0242  28.357824     7.5783     7.6457     0.5953    90.1982 9.6146e+00  -64.92242  -64.31986 344.844099      99.97 8.2263e+02    447.134      10732  1027.5462  1027.5441    34.0476    34.0450    8.05878         37 0.0000e+00
     45.000     44.553     0.0228  28.359545     0.0228  28.357628     7.5171     7.6256     0.6260    90.2502 8.7336e+00  -64.92242  -64.31988 344.844158      99.97 8.1884e+02    452.292      10856  1027.5515  1027.5495    34.0483    34.0457    8.05894         38 0.0000e+00
     46.000     45.545     0.0022  28.347599     0.0024  28.345967     7.4382     7.5724     0.5606    90.2506 8.1241e+00  -64.92242  -64.31987 344.844192      99.97 8.1620e+02    455.187      10925  1027.5631  1027.5612    34.0547    34.0524    8.06290         40 0.0000e+00
     47.000     46.534    -0.0349  28.319505    -0.0349  28.317985     7.4216     7.5381     0.5481    90.3364 7.8780e+00  -64.92242  -64.31986 344.844214      99.97 8.1621e+02    457.050      10970  1027.5734  1027.5718    34.0583    34.0563    8.07053         40 0.0000e+00
     48.000     47.526    -0.0528  28.305054    -0.0534  28.302838     7.4180     7.5283     0.4722    90.3326 7.6036e+00  -64.92242  -64.31988 344.844235      99.97 8.1621e+02    458.933      11015  1027.5793  1027.5775    34.0584    34.0562    8.07429         34 0.0000e+00
     49.000     48.514    -0.0615  28.299829    -0.0614  28.298174     7.4424     7.5045     0.4684    90.5221 6.9346e+00  -64.92242  -64.31988 344.844281      99.97 8.1361e+02    462.919      11111  1027.5858  1027.5839    34.0607    34.0583    8.07602         25 0.0000e+00
     50.000     49.504    -0.0815  28.287420    -0.0836  28.284164     7.3645     7.4499     0.4189    90.6640 6.4485e+00  -64.92242  -64.31988 344.844318      99.97 8.1026e+02    466.075      11187  1027.5959  1027.5945    34.0658    34.0638    8.07994         32 0.0000e+00
     51.000     50.495    -0.0940  28.281150    -0.0942  28.279203     7.3160     7.4256     0.3705    90.7525 6.1434e+00  -64.92242  -64.31987 344.844333      99.97 8.1111e+02    467.382      11218  1027.6055  1027.6036    34.0709    34.0685    8.08231         32 0.0000e+00
     52.000     51.482    -0.0901  28.288447    -0.0890  28.288565     7.3113     7.4085     0.3999    90.8602 5.8624e+00  -64.92242  -64.31988 344.844361      99.97 8.1239e+02    469.820      11277  1027.6134  1027.6125    34.0756    34.0746    8.08120         25 0.0000e+00
     53.000     52.475    -0.0555  28.328769    -0.0557  28.326716     7.2384     7.3590     0.3674    90.9355 5.5762e+00  -64.92243  -64.31990 344.844405      99.97 8.0979e+02    473.632      11368  1027.6268  1027.6248    34.0899    34.0874    8.07308         36 0.0000e+00
     54.000     53.463    -0.0233  28.365975    -0.0232  28.364218     7.2216     7.3225     0.3078    90.9964 5.1757e+00  -64.92243  -64.31988 344.844434      99.97 8.0745e+02    476.140      11428  1027.6395  1027.6376    34.1027    34.1003    8.06556         41 0.0000e+00
     55.000     54.454    -0.0091  28.382006    -0.0090  28.380222     7.2194     7.3108     0.2966    90.9955 4.8911e+00  -64.92242  -64.31988 344.844461      99.97 8.0701e+02    478.391      11482  1027.6474  1027.6454    34.1075    34.1050    8.06230         42 0.0000e+00
     56.000     55.445     0.0249  28.416718     0.0288  28.418252     7.2230     7.3099     0.3123    91.0334 4.7259e+00  -64.92242  -64.31988 344.844488      99.97 8.0557e+02    480.761      11539  1027.6558  1027.6537    34.1150    34.1127    8.05472         47 0.0000e+00
     57.000     56.433     0.0744  28.464747     0.0764  28.465263     7.2150     7.2961     0.3573    91.0394 4.4915e+00  -64.92243  -64.31989 344.844520      99.97 8.0508e+02    483.495      11605  1027.6636  1027.6623    34.1228    34.1212    8.04389         38 0.0000e+00
     58.000     57.422     0.1649  28.554887     0.1692  28.558832     7.1367     7.2422     0.3627    91.0152 4.1557e+00  -64.92242  -64.31989 344.844562      99.97 8.0272e+02    487.164      11693  1027.6767  1027.6766    34.1404    34.1408    8.02395         31 0.0000e+00
     59.000     58.413     0.2226  28.615237     0.2233  28.614413     7.0984     7.2093     0.3747    90.8891 3.9445e+00  -64.92242  -64.31988 344.844590      99.97 7.9960e+02    489.591      11751  1027.6896  1027.6881    34.1551    34.1533    8.01107         40 0.0000e+00
     60.000     59.404     0.2377  28.633787     0.2379  28.632196     7.1029     7.1886     0.3772    90.8271 3.7935e+00  -64.92242  -64.31988 344.844610      99.97 7.9804e+02    491.287      11792  1027.6997  1027.6978    34.1622    34.1599    8.00754         38 0.0000e+00
     61.000     60.392     0.2353  28.631839     0.2349  28.629424     7.0525     7.1566     0.3829    90.8179 3.5625e+00  -64.92242  -64.31988 344.844653      99.97 7.9758e+02    495.044      11882  1027.7056  1027.7034    34.1617    34.1590    8.00806         33 0.0000e+00
