NBP2113_155081_ctd/data/dnbp2113_068.cnv
* Sea-Bird SBE 9 Data File:
* FileName = D:\Data\raw\NBP2113_068.hex
* Software Version Seasave V 7.26.7.121
* Temperature SN = 2438
* Conductivity SN = 2067
* Number of Bytes Per Scan = 40
* Number of Voltage Words = 5
* Number of Scans Averaged by the Deck Unit = 1
* NMEA Latitude = 63 34.55 S
* NMEA Longitude = 060 41.64 W
* NMEA UTC (Time) = Dec 15 2021  00:43:21
* NMEA baud rate = 9600
** Ship: RVIB N.B. Palmer
** Cruise: NBP2113 LTER
** Station: 831.-002
** Operator: S. Blackman
# nquan = 25
# nvalues = 568                         
# units = specified
# name 0 = prDM: Pressure, Digiquartz [db]
# name 1 = depSM: Depth [salt water, m]
# name 2 = t090C: Temperature [ITS-90, deg C]
# name 3 = c0mS/cm: Conductivity [mS/cm]
# name 4 = t190C: Temperature, 2 [ITS-90, deg C]
# name 5 = c1mS/cm: Conductivity, 2 [mS/cm]
# name 6 = sbeox0ML/L: Oxygen, SBE 43 [ml/l]
# name 7 = sbeox1ML/L: Oxygen, SBE 43, 2 [ml/l]
# name 8 = flECO-AFL: Fluorescence, WET Labs ECO-AFL/FL [mg/m^3]
# name 9 = CStarTr0: Beam Transmission, WET Labs C-Star [%]
# name 10 = par: PAR/Irradiance, Biospherical/Licor
# name 11 = latitude: Latitude [deg]
# name 12 = longitude: Longitude [deg]
# name 13 = timeJ: Julian Days
# name 14 = altM: Altimeter [m]
# name 15 = spar: SPAR, Biospherical/Licor
# name 16 = timeS: Time, Elapsed [seconds]
# name 17 = scan: Scan Count
# name 18 = density00: Density [density, kg/m^3]
# name 19 = density11: Density, 2 [density, kg/m^3]
# name 20 = sal00: Salinity, Practical [PSU]
# name 21 = sal11: Salinity, Practical, 2 [PSU]
# name 22 = oxsolML/L: Oxygen Saturation, Garcia & Gordon [ml/l]
# name 23 = nbin: number of scans per bin
# name 24 = flag: flag
# span 0 =     10.000,    577.000       
# span 1 =      9.903,    570.606       
# span 2 =    -1.1726,    -0.0686       
# span 3 =  27.762844,  28.423368       
# span 4 =    -1.1746,    -0.0683       
# span 5 =  27.761619,  28.421867       
# span 6 =     6.6899,     7.5247       
# span 7 =     6.7776,     7.5859       
# span 8 =    -0.0142,     1.5655       
# span 9 =    82.7854,    89.7946       
# span 10 = -5.999e-05, 7.5567e+00      
# span 11 =  -63.57604,  -63.57544      
# span 12 =  -60.69408,  -60.69382      
# span 13 = 349.034353, 349.044955      
# span 14 =       9.19,     100.12      
# span 15 = 2.4678e+01, 4.4094e+01      
# span 16 =    367.091,   1283.137      
# span 17 =       8811,      30796      
# span 18 =  1027.5408,  1030.5115      
# span 19 =  1027.5382,  1030.5092      
# span 20 =    34.2320,    34.5049      
# span 21 =    34.2294,    34.5027      
# span 22 =    8.06780,    8.29064      
# span 23 =         14,         47      
# span 24 = 0.0000e+00, 0.0000e+00      
# interval = decibars: 1                
# start_time = Dec 15 2021 00:43:21 [NMEA time, header]
# bad_flag = -9.990e-29
*END*
[from data line 522]
    532.000    526.162    -1.1210  27.956608    -1.1208  27.955523     6.7257     6.7893     0.0048    89.6971 1.0000e-12  -63.57556  -60.69388 349.043516      53.41 2.8206e+01   1158.755      27811  1030.2935  1030.2920    34.5019    34.5002    8.27936         35 0.0000e+00
    533.000    527.150    -1.1208  27.957217    -1.1208  27.955986     6.7188     6.7854     0.0127    89.7077 1.0000e-12  -63.57556  -60.69386 349.043532      52.34 2.8206e+01   1160.174      27845  1030.2982  1030.2968    34.5019    34.5001    8.27931         34 0.0000e+00
    534.000    528.139    -1.1193  27.958813    -1.1190  27.957732     6.7145     6.7868     0.0068    89.6817 1.0000e-12  -63.57556  -60.69386 349.043548      51.39 2.8206e+01   1161.535      27878  1030.3028  1030.3013    34.5018    34.4999    8.27900         30 0.0000e+00
    535.000    529.126    -1.1172  27.960928    -1.1178  27.959467     6.7173     6.7916     0.0040    89.6757 1.0000e-12  -63.57556  -60.69386 349.043561      50.40 2.8206e+01   1162.712      27906  1030.3073  1030.3062    34.5016    34.5002    8.27853         26 0.0000e+00
    536.000    530.113    -1.1185  27.960460    -1.1187  27.959164     6.7176     6.7963     0.0047    89.6749 1.0000e-12  -63.57556  -60.69386 349.043574      49.40 2.8206e+01   1163.759      27931  1030.3124  1030.3111    34.5019    34.5002    8.27881         26 0.0000e+00
    537.000    531.102    -1.1184  27.960867    -1.1186  27.959596     6.7209     6.7944     0.0118    89.6886 1.0000e-12  -63.57556  -60.69386 349.043588      48.19 2.8206e+01   1165.001      27961  1030.3169  1030.3158    34.5016    34.5002    8.27879         27 0.0000e+00
    538.000    532.090    -1.1183  27.961463    -1.1181  27.960267     6.7226     6.7782     0.0061    89.6979 1.0000e-12  -63.57554  -60.69384 349.043630      46.92 2.8206e+01   1168.656      28049  1030.3219  1030.3203    34.5018    34.4999    8.27878         36 0.0000e+00
    539.000    533.077    -1.1178  27.962271    -1.1181  27.960881     6.7187     6.7880     0.0002    89.7114 1.0000e-12  -63.57554  -60.69384 349.043647      46.19 2.8206e+01   1170.088      28083  1030.3266  1030.3253    34.5017    34.5001    8.27867         27 0.0000e+00
    540.000    534.065    -1.1176  27.962928    -1.1177  27.961699     6.7170     6.7882     0.0069    89.7192 1.0000e-12  -63.57554  -60.69382 349.043658      45.22 2.8206e+01   1171.082      28107  1030.3313  1030.3301    34.5017    34.5002    8.27861         23 0.0000e+00
    541.000    535.052    -1.1177  27.963188    -1.1177  27.962123     6.7170     6.7881    -0.0000    89.6988 1.0000e-12  -63.57554  -60.69384 349.043670      44.17 2.8206e+01   1172.111      28132  1030.3360  1030.3348    34.5015    34.5002    8.27864         27 0.0000e+00
    542.000    536.041    -1.1169  27.964248    -1.1169  27.963058     6.7167     6.7883     0.0127    89.7062 1.0000e-12  -63.57554  -60.69383 349.043685      42.97 2.8206e+01   1173.386      28162  1030.3406  1030.3393    34.5015    34.4999    8.27848         34 0.0000e+00
    543.000    537.027    -1.1179  27.963978    -1.1181  27.962531     6.7099     6.7882     0.0031    89.6857 1.0000e-12  -63.57553  -60.69384 349.043703      41.96 2.8206e+01   1174.912      28199  1030.3455  1030.3442    34.5016    34.4999    8.27868         38 0.0000e+00
    544.000    538.014    -1.1181  27.964241    -1.1179  27.963141     6.7160     6.7842     0.0057    89.6953 1.0000e-12  -63.57552  -60.69386 349.043749      40.68 2.8206e+01   1178.897      28295  1030.3504  1030.3489    34.5017    34.5000    8.27874         33 0.0000e+00
    545.000    539.002    -1.1194  27.963645    -1.1199  27.962086     6.7103     6.7845     0.0028    89.6957 1.0000e-12  -63.57552  -60.69386 349.043777      39.78 2.8206e+01   1181.350      28353  1030.3553  1030.3540    34.5018    34.5001    8.27902         30 0.0000e+00
    546.000    539.992    -1.1209  27.962854    -1.1205  27.962138     6.7140     6.7872     0.0069    89.6957 1.0000e-12  -63.57552  -60.69387 349.043791      38.94 2.8206e+01   1182.513      28381  1030.3601  1030.3589    34.5017    34.5003    8.27934         26 0.0000e+00
    547.000    540.978    -1.1197  27.964385    -1.1205  27.962565     6.7195     6.7930     0.0071    89.6836 1.0000e-12  -63.57552  -60.69388 349.043805      37.82 2.8206e+01   1183.750      28411  1030.3648  1030.3637    34.5018    34.5003    8.27907         35 0.0000e+00
    548.000    541.966    -1.1194  27.965135    -1.1191  27.963658     6.7226     6.7817     0.0047    89.6962 1.0000e-12  -63.57552  -60.69391 349.043844      36.51 2.8206e+01   1187.118      28492  1030.3696  1030.3678    34.5019    34.4996    8.27900         30 0.0000e+00
    549.000    542.953    -1.1222  27.963128    -1.1245  27.959998     6.7152     6.7812     0.0014    89.6973 1.0000e-12  -63.57552  -60.69392 349.043871      35.73 2.8206e+01   1189.435      28547  1030.3745  1030.3733    34.5018    34.5001    8.27964         31 0.0000e+00
    550.000    543.942    -1.1245  27.961458    -1.1243  27.960386     6.7102     6.7912     0.0180    89.6872 1.0000e-12  -63.57552  -60.69394 349.043885      34.70 2.8206e+01   1190.680      28577  1030.3792  1030.3778    34.5016    34.4998    8.28016         30 0.0000e+00
    551.000    544.928    -1.1199  27.965665    -1.1212  27.963513     6.7098     6.7854     0.0051    89.6762 1.0000e-12  -63.57550  -60.69396 349.043933      33.37 2.8206e+01   1194.848      28677  1030.3834  1030.3824    34.5014    34.5000    8.27914         35 0.0000e+00
    552.000    545.918    -1.1188  27.967134    -1.1195  27.965417     6.7072     6.7870     0.0118    89.7087 1.0000e-12  -63.57550  -60.69396 349.043954      32.58 2.8206e+01   1196.663      28721  1030.3882  1030.3870    34.5015    34.5000    8.27889         25 0.0000e+00
    553.000    546.904    -1.1187  27.967687    -1.1188  27.966345     6.7129     6.7852     0.0053    89.6774 1.0000e-12  -63.57550  -60.69398 349.043984      31.43 2.8206e+01   1199.221      28782  1030.3930  1030.3916    34.5016    34.4999    8.27887         34 0.0000e+00
    554.000    547.893    -1.1192  27.967751    -1.1191  27.966607     6.7221     6.7828     0.0092    89.6497 1.0000e-12  -63.57550  -60.69400 349.044028      30.38 2.8206e+01   1202.989      28873  1030.3978  1030.3964    34.5016    34.4999    8.27898         38 0.0000e+00
    555.000    548.879    -1.1189  27.968339    -1.1188  27.967278     6.7118     6.7869     0.0101    89.6796 1.0000e-12  -63.57550  -60.69400 349.044049      29.23 2.6629e+01   1204.840      28917  1030.4023  1030.4011    34.5014    34.4998    8.27891         33 0.0000e+00
    556.000    549.870    -1.1174  27.970000    -1.1174  27.968771     6.7129     6.7882     0.0056    89.6776 1.0000e-12  -63.57548  -60.69400 349.044085      28.16 2.6455e+01   1207.975      28992  1030.4070  1030.4056    34.5014    34.4997    8.27859         37 0.0000e+00
    557.000    550.857    -1.1153  27.972261    -1.1153  27.970845     6.7089     6.7866     0.0074    89.6757 1.0000e-12  -63.57548  -60.69400 349.044115      27.22 2.6443e+01   1210.542      29054  1030.4117  1030.4101    34.5015    34.4996    8.27813         40 0.0000e+00
    558.000    551.841    -1.1129  27.974730    -1.1137  27.972742     6.7183     6.7855    -0.0004    89.6810 1.0000e-12  -63.57548  -60.69399 349.044166      25.89 2.6443e+01   1214.905      29159  1030.4162  1030.4149    34.5015    34.4997    8.27759         35 0.0000e+00
    559.000    552.831    -1.1129  27.975185    -1.1128  27.974024     6.7057     6.7852     0.0023    89.6854 1.0000e-12  -63.57548  -60.69398 349.044182      25.08 2.6443e+01   1216.320      29193  1030.4210  1030.4197    34.5015    34.4999    8.27759         30 0.0000e+00
    560.000    553.817    -1.1129  27.975688    -1.1128  27.974612     6.7059     6.7840     0.0022    89.6765 1.0000e-12  -63.57548  -60.69396 349.044202      23.99 2.6443e+01   1218.043      29234  1030.4259  1030.4245    34.5016    34.5000    8.27759         31 0.0000e+00
    561.000    554.805    -1.1132  27.975936    -1.1132  27.974603     6.7148     6.7832     0.0102    89.6669 1.0000e-12  -63.57546  -60.69395 349.044244      22.87 2.6443e+01   1221.643      29320  1030.4306  1030.4292    34.5016    34.4998    8.27764         42 0.0000e+00
    562.000    555.794    -1.1131  27.976378    -1.1128  27.975238     6.7144     6.7918     0.0057    89.6808 1.0000e-12  -63.57546  -60.69394 349.044267      22.00 2.6443e+01   1223.666      29369  1030.4353  1030.4338    34.5015    34.4997    8.27764         39 0.0000e+00
    563.000    556.779    -1.1134  27.976546    -1.1131  27.975634     6.7084     6.7899     0.0025    89.6329 1.0000e-12  -63.57546  -60.69392 349.044294      21.14 2.6443e+01   1226.020      29425  1030.4401  1030.4388    34.5015    34.4999    8.27770         37 0.0000e+00
    564.000    557.770    -1.1201  27.971713    -1.1199  27.970817     6.7288     6.7849    -0.0068    89.6598 1.0000e-12  -63.57544  -60.69388 349.044356      20.44 2.6443e+01   1231.334      29553  1030.4457  1030.4445    34.5020    34.5005    8.27915         27 0.0000e+00
    565.000    558.753    -1.1205  27.971639    -1.1212  27.969919     6.7146     6.7839    -0.0077    89.6383 1.0000e-12  -63.57544  -60.69388 349.044367      19.36 2.6443e+01   1232.353      29577  1030.4503  1030.4491    34.5017    34.5002    8.27926         26 0.0000e+00
    566.000    559.745    -1.1271  27.966943    -1.1263  27.966708     6.7071     6.7868    -0.0033    89.6554 1.0000e-12  -63.57544  -60.69388 349.044393      18.33 2.6443e+01   1234.541      29630  1030.4559  1030.4549    34.5022    34.5011    8.28068         36 0.0000e+00
    567.000    560.732    -1.1295  27.965186    -1.1286  27.964700     6.7119     6.7882     0.0046    89.6786 1.0000e-12  -63.57544  -60.69388 349.044421      17.63 2.6443e+01   1237.009      29689  1030.4606  1030.4592    34.5020    34.5003    8.28123         38 0.0000e+00
    568.000    561.718    -1.1326  27.963473    -1.1359  27.960148     6.7168     6.7837     0.0085    89.6819 1.0000e-12  -63.57544  -60.69387 349.044466      16.76 2.6443e+01   1240.870      29782  1030.4660  1030.4655    34.5026    34.5018    8.28188         37 0.0000e+00
    569.000    562.708    -1.1437  27.954470    -1.1468  27.950592     6.7191     6.7831    -0.0005    89.6752 1.0000e-12  -63.57544  -60.69386 349.044495      15.93 2.6443e+01   1243.390      29842  1030.4714  1030.4702    34.5024    34.5007    8.28434         24 0.0000e+00
    570.000    563.693    -1.1449  27.954611    -1.1438  27.954499     6.7140     6.7851    -0.0007    89.6848 1.0000e-12  -63.57544  -60.69388 349.044507      14.95 2.6443e+01   1244.372      29866  1030.4769  1030.4757    34.5033    34.5019    8.28454         27 0.0000e+00
    571.000    564.681    -1.1488  27.951919    -1.1476  27.951216     6.7166     6.7856     0.0058    89.6669 1.0000e-12  -63.57544  -60.69389 349.044559      13.95 2.6443e+01   1248.879      29974  1030.4820  1030.4800    34.5036    34.5012    8.28540         40 0.0000e+00
    572.000    565.670    -1.1678  27.936994    -1.1659  27.937417     6.7160     6.7853    -0.0025    89.6916 1.0000e-12  -63.57544  -60.69389 349.044586      13.00 2.6443e+01   1251.212      30030  1030.4887  1030.4872    34.5043    34.5027    8.28955         40 0.0000e+00
    573.000    566.658    -1.1723  27.933039    -1.1702  27.933332     6.7127     6.7907     0.0015    89.7089 1.0000e-12  -63.57544  -60.69390 349.044607      12.05 2.6443e+01   1253.055      30074  1030.4930  1030.4912    34.5034    34.5014    8.29059         43 0.0000e+00
    574.000    567.647    -1.1698  27.935547    -1.1687  27.935319     6.7159     6.7887    -0.0006    89.6799 1.0000e-12  -63.57544  -60.69392 349.044631      11.14 2.6443e+01   1255.134      30124  1030.4973  1030.4960    34.5035    34.5019    8.29006         37 0.0000e+00
    575.000    568.629    -1.1704  27.935770    -1.1694  27.935317     6.7062     6.7898    -0.0007    89.7226 1.0000e-12  -63.57544  -60.69396 349.044699      10.30 2.5705e+01   1260.977      30264  1030.5021  1030.5007    34.5038    34.5021    8.29016         27 0.0000e+00
    576.000    569.623    -1.1726  27.934445    -1.1746  27.931376     6.7088     6.7848    -0.0013    89.7100 1.0000e-12  -63.57544  -60.69398 349.044836       9.97 2.4678e+01   1272.838      30549  1030.5069  1030.5056    34.5039    34.5020    8.29064         34 0.0000e+00
    577.000    570.606    -1.1637  27.943152    -1.1608  27.943583     6.6899     6.7943    -0.0115    89.7494 1.0000e-12  -63.57544  -60.69399 349.044955       9.19 2.4680e+01   1283.137      30796  1030.5115  1030.5092    34.5049    34.5022    8.28860         23 0.0000e+00
