NBP2113_155081_ctd/data/dnbp2113_004.cnv
* Sea-Bird SBE 9 Data File:
* FileName = D:\Data\raw\NBP2113_004.hex
* Software Version Seasave V 7.26.7.121
* Temperature SN = 2438
* Conductivity SN = 2067
* Number of Bytes Per Scan = 40
* Number of Voltage Words = 5
* Number of Scans Averaged by the Deck Unit = 1
* NMEA Latitude = 63 46.12 S
* NMEA Longitude = 062 51.59 W
* NMEA UTC (Time) = Nov 23 2021  06:30:17
* NMEA baud rate = 9600
** Ship: RVIB N.B. Palmer
** Cruise: NBP2113 LTER
** Station: 747.068
** Operator: B. Urmston
# nquan = 25
# nvalues = 366                         
# units = specified
# name 0 = prDM: Pressure, Digiquartz [db]
# name 1 = depSM: Depth [salt water, m]
# name 2 = t090C: Temperature [ITS-90, deg C]
# name 3 = c0mS/cm: Conductivity [mS/cm]
# name 4 = t190C: Temperature, 2 [ITS-90, deg C]
# name 5 = c1mS/cm: Conductivity, 2 [mS/cm]
# name 6 = sbeox0ML/L: Oxygen, SBE 43 [ml/l]
# name 7 = sbeox1ML/L: Oxygen, SBE 43, 2 [ml/l]
# name 8 = flECO-AFL: Fluorescence, WET Labs ECO-AFL/FL [mg/m^3]
# name 9 = CStarTr0: Beam Transmission, WET Labs C-Star [%]
# name 10 = par: PAR/Irradiance, Biospherical/Licor
# name 11 = latitude: Latitude [deg]
# name 12 = longitude: Longitude [deg]
# name 13 = timeJ: Julian Days
# name 14 = altM: Altimeter [m]
# name 15 = spar: SPAR, Biospherical/Licor
# name 16 = timeS: Time, Elapsed [seconds]
# name 17 = scan: Scan Count
# name 18 = density00: Density [density, kg/m^3]
# name 19 = density11: Density, 2 [density, kg/m^3]
# name 20 = sal00: Salinity, Practical [PSU]
# name 21 = sal11: Salinity, Practical, 2 [PSU]
# name 22 = oxsolML/L: Oxygen Saturation, Garcia & Gordon [ml/l]
# name 23 = nbin: number of scans per bin
# name 24 = flag: flag
# span 0 =      5.000,    370.000       
# span 1 =      4.952,    366.079       
# span 2 =    -0.7666,     1.5853       
# span 3 =  27.711966,  30.328580       
# span 4 =    -0.7657,     1.5853       
# span 5 =  27.710750,  30.327320       
# span 6 =     4.1705,     8.2106       
# span 7 =     4.1542,     8.1106       
# span 8 =    -0.0226,     1.6032       
# span 9 =    91.2574,    99.5002       
# span 10 = 1.0000e-12, 4.4470e+00      
# span 11 =  -63.76816,  -63.76792      
# span 12 =  -62.86066,  -62.86021      
# span 13 = 327.274866, 327.286078      
# span 14 =       5.50,     100.08      
# span 15 = 8.8144e+00, 3.1951e+01      
# span 16 =    331.414,   1300.157      
# span 17 =       7955,      31205      
# span 18 =  1027.3113,  1029.4992      
# span 19 =  1027.3088,  1029.4979      
# span 20 =    33.9536,    34.6942      
# span 21 =    33.9512,    34.6927      
# span 22 =    7.70742,    8.22704      
# span 23 =         13,         49      
# span 24 = 0.0000e+00, 0.0000e+00      
# interval = decibars: 1                
# start_time = Nov 23 2021 06:30:17 [NMEA time, header]
# bad_flag = -9.990e-29
*END*
      5.000      4.952    -0.5194  27.817693    -0.5190  27.815746     8.1100     8.1106     1.3565    91.3932 4.4470e+00  -63.76816  -62.86021 327.274866      99.97 8.8144e+00    331.414       7955  1027.3113  1027.3088    33.9553    33.9522    8.17982         36 0.0000e+00
      6.000      5.943    -0.5218  27.815963    -0.5209  27.814579     8.1211     8.1062     1.2733    91.4324 3.7695e+00  -63.76814  -62.86022 327.275016      99.97 8.8144e+00    344.389       8266  1027.3160  1027.3136    33.9550    33.9521    8.18034         31 0.0000e+00
      7.000      6.931    -0.5214  27.816718    -0.5206  27.815366     8.1163     8.1034     1.2999    91.4238 3.4542e+00  -63.76814  -62.86022 327.275106      99.97 8.8144e+00    352.142       8452  1027.3207  1027.3185    33.9550    33.9523    8.18026         46 0.0000e+00
      8.000      7.923    -0.5208  27.817582    -0.5203  27.816005     8.0968     8.1053     1.3545    91.4524 2.9506e+00  -63.76813  -62.86024 327.275164      99.97 8.8144e+00    357.204       8574  1027.3254  1027.3232    33.9549    33.9522    8.18015         36 0.0000e+00
      9.000      8.911    -0.5216  27.817464    -0.5208  27.816075     8.1058     8.1076     1.2930    91.4575 2.7623e+00  -63.76812  -62.86025 327.275212      99.97 8.8144e+00    361.342       8673  1027.3303  1027.3280    33.9550    33.9522    8.18031         38 0.0000e+00
     10.000      9.903    -0.5235  27.816209    -0.5232  27.814373     8.1092     8.1013     1.3565    91.4573 2.3931e+00  -63.76812  -62.86026 327.275278      99.97 8.9452e+00    367.003       8809  1027.3351  1027.3327    33.9548    33.9520    8.18073         39 0.0000e+00
     11.000     10.893    -0.5244  27.815787    -0.5237  27.814365     8.0906     8.0973     1.2319    91.4960 2.2430e+00  -63.76812  -62.86026 327.275319      99.97 9.4896e+00    370.587       8895  1027.3398  1027.3375    33.9547    33.9519    8.18093         47 0.0000e+00
     12.000     11.884    -0.5231  27.817487    -0.5220  27.816274     8.1154     8.0986     1.3110    91.4872 2.0394e+00  -63.76812  -62.86028 327.275434      99.98 1.0610e+01    380.489       9133  1027.3446  1027.3422    33.9549    33.9520    8.18064         41 0.0000e+00
     13.000     12.875    -0.5215  27.819256    -0.5202  27.818321     8.0938     8.0988     1.2437    91.4496 1.8674e+00  -63.76812  -62.86029 327.275487      99.97 1.0577e+01    385.040       9242  1027.3492  1027.3470    33.9548    33.9521    8.18029         43 0.0000e+00
     14.000     13.864    -0.5214  27.819822    -0.5211  27.817947     8.1239     8.1037     1.4150    91.4631 1.6854e+00  -63.76810  -62.86030 327.275576      99.97 1.0577e+01    392.809       9428  1027.3540  1027.3517    33.9548    33.9520    8.18026         40 0.0000e+00
     15.000     14.855    -0.5223  27.819387    -0.5212  27.818291     8.1227     8.1036     1.2706    91.4433 1.5559e+00  -63.76810  -62.86031 327.275621      99.97 1.0577e+01    396.637       9520  1027.3588  1027.3565    33.9547    33.9520    8.18048         32 0.0000e+00
     16.000     15.844    -0.5226  27.819513    -0.5221  27.817873     8.1182     8.1050     1.4478    91.4691 1.4099e+00  -63.76810  -62.86032 327.275714      99.97 1.0577e+01    404.661       9713  1027.3635  1027.3612    33.9545    33.9518    8.18054         26 0.0000e+00
     17.000     16.833    -0.5230  27.819473    -0.5222  27.818290     8.1223     8.1062     1.2382    91.4679 1.3049e+00  -63.76810  -62.86033 327.275768      99.97 1.0577e+01    409.320       9825  1027.3682  1027.3660    33.9544    33.9518    8.18065         39 0.0000e+00
     18.000     17.824    -0.5196  27.822971    -0.5195  27.821026     8.1196     8.1085     1.2436    91.4792 1.2222e+00  -63.76810  -62.86032 327.275834      99.97 1.0577e+01    415.077       9963  1027.3729  1027.3706    33.9546    33.9518    8.17989         39 0.0000e+00
     19.000     18.815    -0.5181  27.824864    -0.5166  27.823961     8.1331     8.1026     1.3929    91.4614 1.1047e+00  -63.76810  -62.86032 327.275927      99.97 1.0577e+01    423.094      10155  1027.3778  1027.3754    33.9549    33.9520    8.17956         28 0.0000e+00
     20.000     19.807    -0.5158  27.827189    -0.5152  27.825549     8.1257     8.1006     1.2834    91.4497 1.0153e+00  -63.76809  -62.86032 327.275981      99.97 1.0577e+01    427.743      10267  1027.3824  1027.3801    33.9547    33.9519    8.17906         26 0.0000e+00
     21.000     20.793    -0.5174  27.826028    -0.5175  27.824041     8.1395     8.1062     1.3350    91.4126 9.1238e-01  -63.76810  -62.86034 327.276051      99.96 1.0577e+01    433.813      10413  1027.3871  1027.3850    33.9544    33.9518    8.17944         28 0.0000e+00
     22.000     21.788    -0.5161  27.827846    -0.5158  27.825927     8.1462     8.1001     1.3960    91.4481 8.3319e-01  -63.76808  -62.86034 327.276124      99.96 1.0577e+01    440.066      10563  1027.3920  1027.3897    33.9547    33.9519    8.17912         15 0.0000e+00
     23.000     22.776    -0.5156  27.828585    -0.5151  27.826978     8.1474     8.1029     1.3869    91.3959 7.7938e-01  -63.76810  -62.86035 327.276210      99.97 1.0577e+01    447.496      10741  1027.3967  1027.3945    33.9546    33.9519    8.17904         29 0.0000e+00
     24.000     23.766    -0.5158  27.828713    -0.5155  27.827122     8.1636     8.1004     1.2584    91.3985 7.5174e-01  -63.76810  -62.86034 327.276246      99.97 1.0577e+01    450.618      10816  1027.4013  1027.3993    33.9544    33.9519    8.17909         39 0.0000e+00
     25.000     24.755    -0.5155  27.829545    -0.5144  27.828569     8.1635     8.1085     1.2706    91.3769 6.8034e-01  -63.76809  -62.86034 327.276323      99.97 1.0577e+01    457.338      10977  1027.4062  1027.4041    33.9546    33.9520    8.17902         42 0.0000e+00
     26.000     25.746    -0.5154  27.829950    -0.5139  27.829289     8.1523     8.1097     1.2788    91.3528 6.2119e-01  -63.76808  -62.86035 327.276380      99.97 1.0577e+01    462.213      11094  1027.4108  1027.4087    33.9543    33.9518    8.17900         45 0.0000e+00
     27.000     26.736    -0.5093  27.835909    -0.5088  27.834326     8.1543     8.1032     1.2256    91.3750 5.5152e-01  -63.76808  -62.86035 327.276460      99.97 1.0577e+01    469.159      11261  1027.4157  1027.4135    33.9549    33.9523    8.17765         38 0.0000e+00
     28.000     27.726    -0.5091  27.836380    -0.5086  27.834915     8.1745     8.0967     1.3204    91.3299 5.1012e-01  -63.76808  -62.86037 327.276544      99.97 1.0577e+01    476.380      11434  1027.4204  1027.4183    33.9547    33.9522    8.17762         40 0.0000e+00
     29.000     28.716    -0.5080  27.837770    -0.5077  27.836322     8.1437     8.1010     1.3276    91.3150 4.4997e-01  -63.76808  -62.86038 327.276614      99.97 1.0577e+01    482.433      11579  1027.4251  1027.4232    33.9547    33.9524    8.17739         38 0.0000e+00
     30.000     29.706    -0.5067  27.839563    -0.5056  27.838655     8.1640     8.0952     1.2709    91.3277 4.0684e-01  -63.76808  -62.86038 327.276679      99.97 1.1491e+01    488.091      11715  1027.4301  1027.4281    33.9550    33.9526    8.17708         44 0.0000e+00
     31.000     30.699    -0.5057  27.840937    -0.5049  27.839657     8.1588     8.0958     1.3670    91.3597 3.7948e-01  -63.76808  -62.86039 327.276753      99.96 1.2016e+01    494.468      11868  1027.4350  1027.4328    33.9552    33.9526    8.17687         28 0.0000e+00
     32.000     31.687    -0.5059  27.841103    -0.5047  27.840259     8.1667     8.0974     1.4257    91.3035 3.4503e-01  -63.76808  -62.86040 327.276827      99.97 1.2195e+01    500.819      12021  1027.4396  1027.4375    33.9550    33.9525    8.17691         38 0.0000e+00
     33.000     32.677    -0.5066  27.840949    -0.5070  27.838641     8.1491     8.0956     1.4022    91.2574 3.1418e-01  -63.76808  -62.86041 327.276891      99.97 1.2346e+01    506.367      12154  1027.4444  1027.4423    33.9550    33.9523    8.17707         25 0.0000e+00
     34.000     33.666    -0.5142  27.834474    -0.5138  27.832771     8.1619     8.1060     1.5071    91.3662 2.8226e-01  -63.76808  -62.86042 327.276965      99.97 1.2340e+01    512.763      12307  1027.4490  1027.4468    33.9542    33.9515    8.17875         35 0.0000e+00
     35.000     34.657    -0.5156  27.833524    -0.5151  27.832129     8.1778     8.1017     1.4092    91.4189 2.6062e-01  -63.76808  -62.86042 327.277033      99.97 1.2340e+01    518.669      12449  1027.4536  1027.4516    33.9539    33.9514    8.17908         41 0.0000e+00
     36.000     35.647    -0.5159  27.833660    -0.5156  27.832126     8.1612     8.0941     1.3853    91.3771 2.3906e-01  -63.76806  -62.86042 327.277110      99.97 1.2340e+01    525.266      12607  1027.4583  1027.4563    33.9538    33.9514    8.17915         43 0.0000e+00
     37.000     36.639    -0.5155  27.834780    -0.5150  27.833068     8.1808     8.1086     1.4038    91.4015 2.1482e-01  -63.76806  -62.86043 327.277164      99.97 1.2340e+01    529.960      12720  1027.4633  1027.4611    33.9542    33.9514    8.17903         24 0.0000e+00
     38.000     37.625    -0.5148  27.835563    -0.5147  27.833747     8.1699     8.1077     1.5063    91.3997 1.9286e-01  -63.76806  -62.86044 327.277248      99.97 1.2340e+01    537.232      12895  1027.4678  1027.4658    33.9539    33.9513    8.17890         23 0.0000e+00
     39.000     38.619    -0.5155  27.835388    -0.5152  27.833777     8.1828     8.1066     1.4615    91.3678 1.7448e-01  -63.76806  -62.86045 327.277311      99.97 1.2340e+01    542.695      13026  1027.4726  1027.4706    33.9538    33.9513    8.17905         41 0.0000e+00
     40.000     39.607    -0.5158  27.835452    -0.5156  27.833898     8.2002     8.0969     1.2987    91.3563 1.6113e-01  -63.76804  -62.86045 327.277374      99.97 1.2340e+01    548.081      13155  1027.4773  1027.4753    33.9536    33.9512    8.17914         43 0.0000e+00
     41.000     40.597    -0.5156  27.836165    -0.5149  27.834977     8.1777     8.0972     1.3916    91.3933 1.4269e-01  -63.76804  -62.86045 327.277454      99.97 1.2340e+01    554.986      13321  1027.4821  1027.4802    33.9537    33.9514    8.17908         37 0.0000e+00
     42.000     41.589    -0.5130  27.838921    -0.5126  27.837395     8.2093     8.1056     1.4224    91.3910 1.2730e-01  -63.76804  -62.86045 327.277506      99.97 1.2340e+01    559.489      13429  1027.4868  1027.4849    33.9539    33.9514    8.17851         19 0.0000e+00
     43.000     42.574    -0.5103  27.842048    -0.5090  27.841174     8.1980     8.1006     1.5412    91.3634 1.1365e-01  -63.76804  -62.86046 327.277566      85.76 1.2340e+01    564.692      13554  1027.4919  1027.4897    33.9545    33.9518    8.17790         23 0.0000e+00
     44.000     43.568    -0.5068  27.845529    -0.5055  27.844808     8.1701     8.1044     1.4364    91.3786 1.0653e-01  -63.76804  -62.86046 327.277607     100.08 1.2340e+01    568.209      13638  1027.4966  1027.4946    33.9546    33.9522    8.17713         34 0.0000e+00
     45.000     44.559    -0.5050  27.847458    -0.5045  27.846170     8.1910     8.1035     1.2988    91.3438 9.0704e-02  -63.76802  -62.86047 327.277624      99.97 1.2340e+01    569.688      13674  1027.5013  1027.4994    33.9546    33.9522    8.17675         36 0.0000e+00
     46.000     45.548    -0.5049  27.847893    -0.5045  27.846472     8.2095     8.0992     1.3380    91.3053 8.1197e-02  -63.76802  -62.86047 327.277694      99.97 1.2340e+01    575.725      13818  1027.5060  1027.5041    33.9544    33.9521    8.17673         35 0.0000e+00
     47.000     46.538    -0.5011  27.852053    -0.4990  27.852231     8.1800     8.0957     1.3095    91.3562 7.1716e-02  -63.76802  -62.86046 327.277712      99.97 1.2340e+01    577.305      13856  1027.5112  1027.5093    33.9552    33.9530    8.17588         39 0.0000e+00
     48.000     47.526    -0.5009  27.853009    -0.4996  27.852309     8.1745     8.0949     1.4577    91.3063 6.1759e-02  -63.76802  -62.86048 327.277743      99.97 1.2340e+01    580.039      13922  1027.5163  1027.5143    33.9555    33.9532    8.17580         37 0.0000e+00
     49.000     48.516    -0.5006  27.853603    -0.5004  27.851970     8.1879     8.0955     1.4789    91.3266 5.1267e-02  -63.76802  -62.86048 327.277802      99.97 1.2340e+01    585.096      14043  1027.5210  1027.5191    33.9555    33.9531    8.17575         32 0.0000e+00
     50.000     49.509    -0.5005  27.854240    -0.4996  27.853319     8.1848     8.0903     1.3112    91.3460 4.5168e-02  -63.76802  -62.86048 327.277834      99.97 1.2340e+01    587.833      14109  1027.5259  1027.5241    33.9555    33.9533    8.17571         37 0.0000e+00
     51.000     50.498    -0.4988  27.856254    -0.4980  27.855288     8.1867     8.0914     1.3633    91.3328 3.8731e-02  -63.76802  -62.86048 327.277855      99.97 1.2340e+01    589.680      14153  1027.5307  1027.5289    33.9558    33.9535    8.17534         41 0.0000e+00
     52.000     51.490    -0.5016  27.853841    -0.5017  27.852137     8.1927     8.0943     1.5597    91.3274 3.0170e-02  -63.76802  -62.86050 327.277893      99.97 1.2340e+01    592.991      14233  1027.5352  1027.5335    33.9550    33.9529    8.17598         29 0.0000e+00
     53.000     52.477    -0.5071  27.849276    -0.5047  27.849752     8.1949     8.0922     1.5123    91.3798 2.2904e-02  -63.76801  -62.86049 327.277954      99.97 1.2340e+01    598.189      14358  1027.5398  1027.5380    33.9544    33.9524    8.17720         38 0.0000e+00
     54.000     53.468    -0.5076  27.849250    -0.5056  27.849418     8.2055     8.0934     1.3015    91.3420 1.8290e-02  -63.76800  -62.86048 327.277968      99.97 1.2340e+01    599.431      14387  1027.5446  1027.5428    33.9543    33.9524    8.17732         33 0.0000e+00
     55.000     54.459    -0.5073  27.849995    -0.5060  27.849518     8.1845     8.0962     1.3543    91.3549 1.3222e-02  -63.76800  -62.86049 327.278012      99.97 1.2340e+01    603.230      14479  1027.5493  1027.5475    33.9544    33.9523    8.17725         40 0.0000e+00
     56.000     55.448    -0.5044  27.853334    -0.5023  27.853606     8.1941     8.0984     1.3020    91.3340 7.6690e-03  -63.76800  -62.86050 327.278049      99.97 1.2340e+01    606.401      14555  1027.5544  1027.5527    33.9550    33.9531    8.17659         34 0.0000e+00
     57.000     56.438    -0.5009  27.856868    -0.5009  27.855359     8.1917     8.0980     1.4064    91.3650 2.0984e-03  -63.76800  -62.86050 327.278078      99.97 1.2340e+01    608.931      14615  1027.5591  1027.5575    33.9553    33.9532    8.17583         39 0.0000e+00
     58.000     57.429    -0.5019  27.856403    -0.5013  27.855250     8.1893     8.0943     1.6032    91.3862 1.1832e-04  -63.76800  -62.86051 327.278132      99.97 1.2340e+01    613.622      14728  1027.5639  1027.5621    33.9552    33.9529    8.17605         40 0.0000e+00
     59.000     58.418    -0.5002  27.858433    -0.4994  27.857481     8.2056     8.0875     1.4139    91.3953 1.0000e-12  -63.76800  -62.86050 327.278159      99.97 1.2340e+01    615.957      14784  1027.5687  1027.5669    33.9553    33.9532    8.17566         39 0.0000e+00
     60.000     59.408    -0.4999  27.859078    -0.4997  27.857651     8.1687     8.0868     1.3311    91.3628 1.0000e-12  -63.76800  -62.86050 327.278177      99.97 1.2340e+01    617.513      14821  1027.5734  1027.5717    33.9552    33.9531    8.17560         35 0.0000e+00
     61.000     60.399    -0.4991  27.860295    -0.4986  27.859141     8.2106     8.0899     1.4460    91.3905 1.0000e-12  -63.76800  -62.86052 327.278243      99.97 1.2340e+01    623.224      14958  1027.5783  1027.5766    33.9554    33.9533    8.17542         39 0.0000e+00
