NBP2113_155081_ctd/data/dnbp2113_033.cnv
* Sea-Bird SBE 9 Data File:
* FileName = D:\Data\raw\NBP2113_033.hex
* Software Version Seasave V 7.26.7.121
* Temperature SN = 2438
* Conductivity SN = 2067
* Number of Bytes Per Scan = 40
* Number of Voltage Words = 5
* Number of Scans Averaged by the Deck Unit = 1
* NMEA Latitude = 64 55.99 S
* NMEA Longitude = 064 24.01 W
* NMEA UTC (Time) = Dec 08 2021  19:08:34
* NMEA baud rate = 9600
** Ship: RVIB N.B. Palmer
** Cruise: NBP2113 LTER
** Station: 600.040
** Operator: S. Blackman
# nquan = 25
# nvalues = 351                         
# units = specified
# name 0 = prDM: Pressure, Digiquartz [db]
# name 1 = depSM: Depth [salt water, m]
# name 2 = t090C: Temperature [ITS-90, deg C]
# name 3 = c0mS/cm: Conductivity [mS/cm]
# name 4 = t190C: Temperature, 2 [ITS-90, deg C]
# name 5 = c1mS/cm: Conductivity, 2 [mS/cm]
# name 6 = sbeox0ML/L: Oxygen, SBE 43 [ml/l]
# name 7 = sbeox1ML/L: Oxygen, SBE 43, 2 [ml/l]
# name 8 = flECO-AFL: Fluorescence, WET Labs ECO-AFL/FL [mg/m^3]
# name 9 = CStarTr0: Beam Transmission, WET Labs C-Star [%]
# name 10 = par: PAR/Irradiance, Biospherical/Licor
# name 11 = latitude: Latitude [deg]
# name 12 = longitude: Longitude [deg]
# name 13 = timeJ: Julian Days
# name 14 = altM: Altimeter [m]
# name 15 = spar: SPAR, Biospherical/Licor
# name 16 = timeS: Time, Elapsed [seconds]
# name 17 = scan: Scan Count
# name 18 = density00: Density [density, kg/m^3]
# name 19 = density11: Density, 2 [density, kg/m^3]
# name 20 = sal00: Salinity, Practical [PSU]
# name 21 = sal11: Salinity, Practical, 2 [PSU]
# name 22 = oxsolML/L: Oxygen Saturation, Garcia & Gordon [ml/l]
# name 23 = nbin: number of scans per bin
# name 24 = flag: flag
# span 0 =      5.000,    355.000       
# span 1 =      4.927,    351.224       
# span 2 =    -1.0197,     1.2759       
# span 3 =  27.106292,  30.020472       
# span 4 =    -1.0190,     1.2751       
# span 5 =  27.104803,  30.018604       
# span 6 =     4.3056,     8.0738       
# span 7 =     4.3539,     8.0913       
# span 8 =    -0.0219,     1.5255       
# span 9 =    87.1689,    96.0453       
# span 10 = 1.0000e-12, 1.3988e+02      
# span 11 =  -64.93332,  -64.93311      
# span 12 =  -64.40008,  -64.39936      
# span 13 = 342.801396, 342.808662      
# span 14 =      99.96,      99.98      
# span 15 = 3.4905e+02, 4.2663e+02      
# span 16 =    326.606,    954.445      
# span 17 =       7840,      22908      
# span 18 =  1027.0126,  1029.4065      
# span 19 =  1027.0108,  1029.4053      
# span 20 =    33.5516,    34.6355      
# span 21 =    33.5488,    34.6340      
# span 22 =    7.77078,    8.31278      
# span 23 =          9,         46      
# span 24 = 0.0000e+00, 0.0000e+00      
# interval = decibars: 1                
# start_time = Dec 08 2021 19:08:34 [NMEA time, header]
# bad_flag = -9.990e-29
*END*
[from data line 58]
     63.000     62.373    -0.2162  28.181751    -0.2151  28.180886     7.3817     7.4451     0.2895    94.4696 1.8892e+00  -64.93330  -64.40000 342.803459      99.97 4.1789e+02    504.817      12117  1027.6657  1027.6637    34.0678    34.0654    8.10840         35 0.0000e+00
     64.000     63.364    -0.2227  28.178260    -0.2225  28.177046     7.3816     7.4411     0.2799    94.4584 1.8086e+00  -64.93330  -64.40000 342.803477      99.97 4.1780e+02    506.387      12154  1027.6725  1027.6710    34.0698    34.0679    8.10967         35 0.0000e+00
     65.000     64.352    -0.2272  28.176105    -0.2265  28.175064     7.3637     7.4219     0.2899    94.5145 1.7032e+00  -64.93328  -64.40000 342.803528      99.97 4.1883e+02    510.860      12262  1027.6785  1027.6767    34.0713    34.0691    8.11053         34 0.0000e+00
     66.000     65.343    -0.2362  28.170835    -0.2356  28.169624     7.3071     7.3903     0.2907    94.5514 1.5794e+00  -64.93328  -64.39999 342.803561      99.97 4.1782e+02    513.631      12328  1027.6858  1027.6839    34.0737    34.0715    8.11231         42 0.0000e+00
     67.000     66.334    -0.2530  28.160371    -0.2524  28.159016     7.1891     7.2853     0.3172    94.5669 1.5231e+00  -64.93329  -64.39998 342.803591      99.97 4.1780e+02    516.219      12390  1027.6951  1027.6931    34.0780    34.0755    8.11565         43 0.0000e+00
     68.000     67.322    -0.2950  28.138890    -0.2957  28.136642     6.9358     7.1098     0.2987    94.5687 1.4872e+00  -64.93328  -64.39998 342.803621      99.97 4.1714e+02    518.876      12454  1027.7170  1027.7153    34.0958    34.0935    8.12360         45 0.0000e+00
     69.000     68.313    -0.3295  28.124776    -0.3291  28.123425     6.8799     7.0227     0.3154    94.6553 1.4010e+00  -64.93328  -64.39998 342.803652      99.97 4.1739e+02    521.575      12519  1027.7394  1027.7375    34.1150    34.1126    8.12986         43 0.0000e+00
     70.000     69.302    -0.3420  28.117427    -0.3410  28.115822     6.8555     6.9729     0.2357    94.6837 1.3130e+00  -64.93328  -64.39998 342.803707      99.97 4.1668e+02    526.269      12631  1027.7470  1027.7443    34.1185    34.1152    8.13233         34 0.0000e+00
     71.000     70.293    -0.3568  28.107476    -0.3553  28.106775     6.7961     6.9040     0.1591    94.8116 1.2509e+00  -64.93328  -64.39998 342.803733      99.97 4.1603e+02    528.541      12686  1027.7547  1027.7525    34.1212    34.1186    8.13534         37 0.0000e+00
     72.000     71.281    -0.3643  28.103717    -0.3649  28.102333     6.7627     6.8664     0.1899    94.8473 1.1925e+00  -64.93328  -64.39998 342.803754      99.98 4.1604e+02    530.328      12729  1027.7620  1027.7612    34.1240    34.1229    8.13678         42 0.0000e+00
     73.000     72.272    -0.3573  28.119449    -0.3578  28.117650     6.7731     6.8416     0.1910    94.8871 1.1516e+00  -64.93328  -64.39998 342.803789      99.98 4.1604e+02    533.405      12803  1027.7760  1027.7746    34.1366    34.1348    8.13457         38 0.0000e+00
     74.000     73.263    -0.3468  28.135154    -0.3463  28.134557     6.7629     6.8356     0.1711    94.9176 1.1009e+00  -64.93328  -64.39998 342.803821      99.97 4.1604e+02    536.176      12869  1027.7869  1027.7857    34.1452    34.1439    8.13183         37 0.0000e+00
     75.000     74.251    -0.3385  28.145976    -0.3383  28.145652     6.6966     6.7610     0.1704    94.9608 1.0226e+00  -64.93328  -64.39998 342.803874      99.97 4.1604e+02    540.709      12978  1027.7946  1027.7941    34.1498    34.1491    8.12979         34 0.0000e+00
     76.000     75.242    -0.3086  28.183569    -0.3083  28.183908     6.4781     6.6216     0.1421    95.0160 9.7163e-01  -64.93328  -64.39996 342.803905      99.97 4.1431e+02    543.379      13042  1027.8102  1027.8103    34.1659    34.1660    8.12250         37 0.0000e+00
     77.000     76.232    -0.2765  28.226238    -0.2771  28.229135     6.3893     6.5532     0.1215    95.0291 9.3645e-01  -64.93328  -64.39996 342.803920      99.97 4.1428e+02    544.666      13073  1027.8290  1027.8328    34.1862    34.1908    8.11448         30 0.0000e+00
     78.000     77.222    -0.2311  28.284720    -0.2285  28.286594     6.4576     6.5654     0.1414    95.0714 9.0450e-01  -64.93328  -64.39997 342.803939      99.97 4.1428e+02    546.322      13113  1027.8520  1027.8516    34.2127    34.2123    8.10331         31 0.0000e+00
     79.000     78.210    -0.2597  28.248181    -0.2603  28.245778     6.3971     6.5078     0.1377    95.1106 8.2821e-01  -64.93328  -64.39996 342.804016      99.97 4.1305e+02    552.943      13272  1027.8462  1027.8441    34.1955    34.1929    8.11039         39 0.0000e+00
     80.000     79.202    -0.1680  28.349681    -0.1852  28.334058     6.3006     6.4433     0.0987    95.1486 7.8636e-01  -64.93328  -64.39996 342.804034      99.97 4.1248e+02    554.503      13309  1027.8694  1027.8697    34.2272    34.2257    8.08909         29 0.0000e+00
     81.000     80.191    -0.1415  28.382943    -0.1412  28.382127     6.3325     6.4257     0.1024    95.2060 7.6033e-01  -64.93328  -64.39996 342.804052      99.97 4.1251e+02    556.090      13347  1027.8842  1027.8830    34.2412    34.2397    8.08269         38 0.0000e+00
     82.000     81.181    -0.1287  28.395286    -0.1280  28.395109     6.4140     6.4543     0.0957    95.2131 7.5539e-01  -64.93328  -64.39998 342.804099      99.97 4.0947e+02    560.146      13445  1027.8902  1027.8893    34.2427    34.2416    8.07991         33 0.0000e+00
     83.000     82.170    -0.0698  28.455226    -0.0701  28.455903     6.4035     6.4500     0.0937    95.2549 7.1286e-01  -64.93328  -64.39998 342.804127      99.97 4.0967e+02    562.569      13503  1027.9015  1027.9025    34.2556    34.2568    8.06672         39 0.0000e+00
     84.000     83.162    -0.0560  28.469845    -0.0429  28.483560     6.3883     6.4306     0.0825    95.2803 6.5239e-01  -64.93328  -64.39997 342.804171      99.97 4.0847e+02    566.354      13593  1027.9090  1027.9109    34.2589    34.2625    8.06362         35 0.0000e+00
     85.000     84.149    -0.0319  28.497932    -0.0267  28.503671     6.3100     6.3795     0.0862    95.2698 6.3272e-01  -64.93330  -64.39996 342.804211      99.97 4.0565e+02    569.836      13677  1027.9205  1027.9217    34.2686    34.2704    8.05801         31 0.0000e+00
     86.000     85.140    -0.0105  28.521829    -0.0111  28.523673     6.2709     6.3647     0.0517    95.2574 6.1767e-01  -64.93330  -64.39996 342.804223      99.97 4.0647e+02    570.850      13701  1027.9296  1027.9322    34.2758    34.2788    8.05310         23 0.0000e+00
     87.000     86.129     0.0292  28.563897     0.0295  28.565306     6.2630     6.3525     0.0613    95.2649 5.9718e-01  -64.93329  -64.39997 342.804234      99.97 4.0757e+02    571.830      13725  1027.9400  1027.9413    34.2864    34.2879    8.04415         27 0.0000e+00
     88.000     87.119    -0.0010  28.534754     0.0073  28.541185     6.2951     6.3388     0.0744    95.2322 5.4178e-01  -64.93328  -64.39997 342.804297      99.97 4.0900e+02    577.243      13855  1027.9437  1027.9425    34.2809    34.2802    8.05080         41 0.0000e+00
     89.000     88.110     0.0138  28.550498     0.0276  28.566031     6.2247     6.2972     0.0654    95.2312 5.1596e-01  -64.93330  -64.39996 342.804337      99.98 4.0962e+02    580.725      13938  1027.9508  1027.9538    34.2847    34.2898    8.04749         39 0.0000e+00
     90.000     89.099     0.0384  28.578489     0.0421  28.583830     6.1294     6.2413     0.0647    95.2291 5.0755e-01  -64.93328  -64.39996 342.804357      99.97 4.1077e+02    582.466      13980  1027.9609  1027.9632    34.2936    34.2965    8.04182         38 0.0000e+00
     91.000     90.087     0.0651  28.612548     0.0652  28.611741     6.1379     6.2249     0.0618    95.2204 4.9073e-01  -64.93328  -64.39996 342.804375      99.97 4.1133e+02    583.985      14017  1027.9757  1027.9749    34.3082    34.3070    8.03540         34 0.0000e+00
     92.000     91.078     0.0631  28.611799     0.0599  28.606390     6.1768     6.2343     0.0807    95.2187 4.5726e-01  -64.93328  -64.39997 342.804435      99.97 4.1250e+02    589.140      14140  1027.9821  1027.9795    34.3088    34.3052    8.03578         37 0.0000e+00
     93.000     92.069     0.0616  28.609155     0.0608  28.608341     6.0644     6.1590     0.0750    95.2504 4.3601e-01  -64.93328  -64.39996 342.804471      99.98 4.1433e+02    592.326      14217  1027.9854  1027.9853    34.3064    34.3062    8.03624         41 0.0000e+00
     94.000     93.057     0.0865  28.641534     0.0859  28.640296     6.0331     6.1233     0.0568    95.1968 4.1863e-01  -64.93328  -64.39996 342.804489      99.98 4.1428e+02    593.871      14254  1027.9998  1027.9990    34.3208    34.3197    8.03021         35 0.0000e+00
     95.000     94.047     0.0755  28.635105     0.0770  28.635141     6.0571     6.1157     0.0642    95.2123 4.0116e-01  -64.93328  -64.39996 342.804514      99.98 4.1428e+02    596.035      14306  1028.0083  1028.0069    34.3240    34.3223    8.03233         33 0.0000e+00
     96.000     95.037     0.0732  28.634201     0.0735  28.633428     6.0094     6.0722     0.0673    95.2776 3.8364e-01  -64.93328  -64.39996 342.804561      99.97 4.1313e+02    600.073      14403  1028.0141  1028.0130    34.3247    34.3233    8.03277         45 0.0000e+00
     97.000     96.025     0.0817  28.646554     0.0823  28.646612     5.9381     6.0186     0.0616    95.3182 3.6223e-01  -64.93328  -64.39998 342.804594      99.97 4.1222e+02    602.946      14472  1028.0234  1028.0228    34.3310    34.3303    8.03065         38 0.0000e+00
     98.000     97.017     0.1216  28.690177     0.1225  28.691293     5.8349     5.9373     0.0625    95.3765 3.4376e-01  -64.93328  -64.39996 342.804629      99.98 4.1034e+02    605.939      14544  1028.0349  1028.0353    34.3432    34.3438    8.02159         41 0.0000e+00
     99.000     98.006     0.1463  28.719704     0.1464  28.718418     5.8456     5.9283     0.0507    95.3845 3.2748e-01  -64.93328  -64.39996 342.804652      99.97 4.0894e+02    607.919      14591  1028.0467  1028.0453    34.3540    34.3522    8.01584         35 0.0000e+00
    100.000     98.994     0.1481  28.722245     0.1484  28.721150     5.8589     5.9223     0.0578    95.3961 3.1151e-01  -64.93328  -64.39996 342.804679      99.97 4.0899e+02    610.274      14648  1028.0523  1028.0508    34.3547    34.3529    8.01542         37 0.0000e+00
    101.000     99.988     0.1539  28.728250     0.1544  28.727819     5.8556     5.9066     0.0592    95.4263 2.9801e-01  -64.93328  -64.39998 342.804724      99.97 4.0899e+02    614.146      14741  1028.0578  1028.0569    34.3556    34.3544    8.01417         36 0.0000e+00
    102.000    100.976     0.1567  28.732225     0.1566  28.730987     5.8537     5.8995     0.0438    95.4410 2.8266e-01  -64.93328  -64.39998 342.804747      99.97 4.0899e+02    616.132      14788  1028.0637  1028.0625    34.3571    34.3556    8.01349         37 0.0000e+00
    103.000    101.966     0.1558  28.732344     0.1561  28.731152     5.8324     5.8897     0.0529    95.4641 2.6746e-01  -64.93328  -64.39997 342.804764      99.97 4.0899e+02    617.583      14823  1028.0691  1028.0676    34.3576    34.3558    8.01365         32 0.0000e+00
    104.000    102.956     0.1557  28.733012     0.1556  28.731604     5.8272     5.8800     0.0487    95.4415 2.5399e-01  -64.93328  -64.39996 342.804780      99.97 4.0899e+02    618.988      14857  1028.0742  1028.0729    34.3580    34.3563    8.01365         34 0.0000e+00
    105.000    103.944     0.1573  28.735588     0.1576  28.734687     5.7970     5.8622     0.0511    95.4669 2.4281e-01  -64.93328  -64.39996 342.804796      99.98 4.0899e+02    620.332      14889  1028.0797  1028.0785    34.3590    34.3575    8.01326         31 0.0000e+00
    106.000    104.934     0.1587  28.737618     0.1586  28.736682     5.7720     5.8402     0.0487    95.4608 2.3314e-01  -64.93328  -64.39996 342.804809      99.97 4.0899e+02    621.530      14918  1028.0849  1028.0839    34.3596    34.3584    8.01295         27 0.0000e+00
    107.000    105.925     0.1718  28.752512     0.1717  28.752084     5.7515     5.8239     0.0447    95.4477 2.2399e-01  -64.93328  -64.39996 342.804823      99.97 4.1019e+02    622.695      14946  1028.0921  1028.0918    34.3639    34.3635    8.00996         30 0.0000e+00
    108.000    106.914     0.1810  28.763645     0.1809  28.762339     5.7553     5.8146     0.0595    95.4343 2.1392e-01  -64.93328  -64.39997 342.804840      99.97 4.1075e+02    624.215      14982  1028.0993  1028.0979    34.3677    34.3660    8.00783         37 0.0000e+00
    109.000    107.904     0.1823  28.765492     0.1824  28.764299     5.7670     5.8141     0.0589    95.4596 2.0179e-01  -64.93328  -64.39998 342.804865      99.97 4.1075e+02    626.309      15032  1028.1044  1028.1031    34.3680    34.3664    8.00754         39 0.0000e+00
    110.000    108.893     0.1841  28.767782     0.1842  28.766691     5.7745     5.8136     0.0497    95.4254 1.8938e-01  -64.93328  -64.39998 342.804883      99.97 4.1075e+02    627.873      15070  1028.1095  1028.1083    34.3684    34.3670    8.00714         35 0.0000e+00
    111.000    109.883     0.1852  28.769273     0.1850  28.768067     5.7363     5.7892     0.0395    95.4553 1.7755e-01  -64.93328  -64.39996 342.804899      99.97 4.1053e+02    629.294      15104  1028.1144  1028.1132    34.3686    34.3672    8.00692         32 0.0000e+00
    112.000    110.873     0.1905  28.774732     0.1900  28.773870     5.7103     5.7669     0.0437    95.4424 1.6830e-01  -64.93328  -64.39995 342.804913      99.98 4.0882e+02    630.527      15134  1028.1193  1028.1188    34.3693    34.3687    8.00577         27 0.0000e+00
    113.000    111.861     0.2008  28.786668     0.2007  28.786064     5.6900     5.7586     0.0341    95.4545 1.6018e-01  -64.93328  -64.39994 342.804924      99.97 4.0724e+02    631.472      15156  1028.1260  1028.1256    34.3728    34.3722    8.00342         20 0.0000e+00
    114.000    112.852     0.2066  28.793400     0.2064  28.792449     5.6890     5.7538     0.0240    95.3935 1.5294e-01  -64.93328  -64.39996 342.804934      99.98 4.0723e+02    632.271      15176  1028.1319  1028.1311    34.3747    34.3736    8.00212         18 0.0000e+00
    115.000    113.842     0.2087  28.796178     0.2085  28.795221     5.6856     5.7516     0.0247    95.4622 1.4561e-01  -64.93328  -64.39994 342.804943      99.98 4.0723e+02    633.042      15194  1028.1371  1028.1362    34.3753    34.3743    8.00163         19 0.0000e+00
    116.000    114.831     0.2119  28.800163     0.2119  28.799163     5.6935     5.7477     0.0298    95.4427 1.3824e-01  -64.93328  -64.39995 342.804953      99.98 4.0753e+02    633.903      15215  1028.1425  1028.1414    34.3764    34.3750    8.00091         23 0.0000e+00
    117.000    115.821     0.2147  28.803691     0.2148  28.802490     5.6965     5.7415     0.0321    95.4701 1.3099e-01  -64.93328  -64.39996 342.804966      99.98 4.0862e+02    635.057      15242  1028.1478  1028.1465    34.3773    34.3757    8.00028         35 0.0000e+00
    118.000    116.813     0.2183  28.807479     0.2183  28.806574     5.6581     5.7217     0.0497    95.4698 1.2343e-01  -64.93328  -64.39997 342.804988      99.98 4.0718e+02    636.972      15288  1028.1528  1028.1518    34.3777    34.3765    7.99952         37 0.0000e+00
    119.000    117.799     0.2403  28.828290     0.2404  28.828975     5.5964     5.6739     0.0275    95.4927 1.1491e-01  -64.93328  -64.39995 342.805010      99.98 4.0685e+02    638.857      15334  1028.1576  1028.1582    34.3799    34.3807    7.99482         34 0.0000e+00
