NBP2113_155081_ctd/data/dnbp2113_029.cnv
* Sea-Bird SBE 9 Data File:
* FileName = D:\Data\raw\NBP2113_029.hex
* Software Version Seasave V 7.26.7.121
* Temperature SN = 2438
* Conductivity SN = 2067
* Number of Bytes Per Scan = 40
* Number of Voltage Words = 5
* Number of Scans Averaged by the Deck Unit = 1
* NMEA Latitude = 66 51.18 S
* NMEA Longitude = 068 36.27 W
* NMEA UTC (Time) = Dec 05 2021  02:21:18
* NMEA baud rate = 9600
** Ship: RVIB N.B. Palmer
** Cruise: NBP2113 LTER
** Station: AS01
** Operator: S. Blackman
# nquan = 25
# nvalues = 227                         
# units = specified
# name 0 = prDM: Pressure, Digiquartz [db]
# name 1 = depSM: Depth [salt water, m]
# name 2 = t090C: Temperature [ITS-90, deg C]
# name 3 = c0mS/cm: Conductivity [mS/cm]
# name 4 = t190C: Temperature, 2 [ITS-90, deg C]
# name 5 = c1mS/cm: Conductivity, 2 [mS/cm]
# name 6 = sbeox0ML/L: Oxygen, SBE 43 [ml/l]
# name 7 = sbeox1ML/L: Oxygen, SBE 43, 2 [ml/l]
# name 8 = flECO-AFL: Fluorescence, WET Labs ECO-AFL/FL [mg/m^3]
# name 9 = CStarTr0: Beam Transmission, WET Labs C-Star [%]
# name 10 = par: PAR/Irradiance, Biospherical/Licor
# name 11 = latitude: Latitude [deg]
# name 12 = longitude: Longitude [deg]
# name 13 = timeJ: Julian Days
# name 14 = altM: Altimeter [m]
# name 15 = spar: SPAR, Biospherical/Licor
# name 16 = timeS: Time, Elapsed [seconds]
# name 17 = scan: Scan Count
# name 18 = density00: Density [density, kg/m^3]
# name 19 = density11: Density, 2 [density, kg/m^3]
# name 20 = sal00: Salinity, Practical [PSU]
# name 21 = sal11: Salinity, Practical, 2 [PSU]
# name 22 = oxsolML/L: Oxygen Saturation, Garcia & Gordon [ml/l]
# name 23 = nbin: number of scans per bin
# name 24 = flag: flag
# span 0 =      6.000,    232.000       
# span 1 =      5.957,    229.570       
# span 2 =    -0.8897,     1.2051       
# span 3 =  27.412063,  29.910178       
# span 4 =    -0.8892,     1.2046       
# span 5 =  27.410924,  29.908709       
# span 6 =     4.2124,     8.1244       
# span 7 =     4.3106,     8.1047       
# span 8 =     0.0013,     1.1512       
# span 9 =    90.7063,    95.5382       
# span 10 = -1.081e-05, 6.1877e+00      
# span 11 =  -66.85302,  -66.85274      
# span 12 =  -68.60400,  -68.60334      
# span 13 = 339.102193, 339.107454      
# span 14 =       5.27,     131.70      
# span 15 = 7.3061e+00, 1.2340e+01      
# span 16 =    351.507,    806.048      
# span 17 =       8437,      19346      
# span 18 =  1027.2073,  1028.8396      
# span 19 =  1027.2054,  1028.8383      
# span 20 =    33.8027,    34.6447      
# span 21 =    33.8007,    34.6434      
# span 22 =    7.78433,    8.26911      
# span 23 =         11,         42      
# span 24 = 0.0000e+00, 0.0000e+00      
# interval = decibars: 1                
# start_time = Dec 05 2021 02:21:18 [NMEA time, header]
# bad_flag = -9.990e-29
*END*
[from data line 116]
    122.000    120.752    -0.8046  27.617298    -0.8052  27.615787     7.8370     7.8701     0.5699    92.8860 1.0000e-12  -66.85280  -68.60350 339.105605      99.97 1.0577e+01    646.269      15511  1027.8649  1027.8638    33.9330    33.9317    8.24307         12 0.0000e+00
    123.000    121.743    -0.7903  27.632656    -0.7902  27.631369     7.8572     7.8761     0.5604    92.9143 1.0000e-12  -66.85279  -68.60349 339.105611      99.97 1.0577e+01    646.749      15523  1027.8719  1027.8705    33.9371    33.9353    8.23971         11 0.0000e+00
    124.000    122.732    -0.7768  27.646664    -0.7772  27.644971     7.8548     7.8821     0.5118    92.9665 1.0000e-12  -66.85278  -68.60348 339.105616      99.97 1.0577e+01    647.235      15535  1027.8785  1027.8770    33.9403    33.9385    8.23658         12 0.0000e+00
    125.000    123.722    -0.7662  27.657898    -0.7664  27.656366     7.8259     7.8784     0.5124    93.0384 1.0000e-12  -66.85278  -68.60348 339.105622      99.97 1.0577e+01    647.727      15546  1027.8847  1027.8832    33.9430    33.9411    8.23411         12 0.0000e+00
    126.000    124.709    -0.7451  27.680146    -0.7452  27.678697     7.8030     7.8762     0.5688    93.0935 1.0000e-12  -66.85278  -68.60348 339.105628      99.97 1.0577e+01    648.240      15559  1027.8928  1027.8912    33.9487    33.9469    8.22917         13 0.0000e+00
    127.000    125.702    -0.7654  27.657574    -0.7619  27.660782     7.8249     7.8776     0.5720    93.1784 1.0000e-12  -66.85277  -68.60350 339.105675      99.97 1.0577e+01    652.305      15656  1027.8925  1027.8926    33.9403    33.9408    8.23408         24 0.0000e+00
    128.000    126.690    -0.7936  27.628023    -0.7831  27.638269     7.8688     7.8847     0.5839    93.0935 1.0000e-12  -66.85276  -68.60354 339.105735      99.97 1.0577e+01    657.545      15782  1027.8924  1027.8935    33.9315    33.9336    8.24075         17 0.0000e+00
    129.000    127.679    -0.7809  27.642458    -0.7801  27.641839     7.9112     7.9014     0.6118    93.1519 1.0000e-12  -66.85276  -68.60352 339.105742      99.97 1.0577e+01    658.074      15795  1027.9001  1027.8988    33.9362    33.9345    8.23772         16 0.0000e+00
    130.000    128.668    -0.7651  27.661314    -0.7619  27.664663     7.9318     7.9079     0.6155    93.1393 1.0000e-12  -66.85277  -68.60352 339.105749      99.97 1.0577e+01    658.705      15810  1027.9095  1027.9100    33.9433    33.9442    8.23385         15 0.0000e+00
    131.000    129.656    -0.7576  27.671822    -0.7572  27.671423     7.9293     7.9110     0.5684    93.1323 1.0000e-12  -66.85278  -68.60352 339.105756      99.97 1.0577e+01    659.289      15824  1027.9180  1027.9172    33.9485    33.9474    8.23191         13 0.0000e+00
    132.000    130.649    -0.7567  27.674848    -0.7570  27.673360     7.9105     7.9146     0.5710    93.1441 1.0000e-12  -66.85278  -68.60352 339.105762      99.97 1.0577e+01    659.833      15837  1027.9248  1027.9236    33.9509    33.9493    8.23157         13 0.0000e+00
    133.000    131.638    -0.7540  27.678290    -0.7539  27.677251     7.8803     7.9169     0.5986    93.2248 1.0000e-12  -66.85278  -68.60352 339.105768      99.97 1.0577e+01    660.393      15850  1027.9302  1027.9291    33.9519    33.9504    8.23092         14 0.0000e+00
    134.000    132.627    -0.7569  27.677214    -0.7565  27.676264     7.8647     7.9190     0.6185    93.2297 1.0000e-12  -66.85278  -68.60352 339.105775      99.97 1.0577e+01    661.002      15865  1027.9364  1027.9349    33.9531    33.9514    8.23149         16 0.0000e+00
    135.000    133.616    -0.7329  27.702068    -0.7333  27.700894     7.8720     7.9154     0.6689    93.2047 1.0000e-12  -66.85278  -68.60352 339.105785      99.97 1.0577e+01    661.823      15885  1027.9443  1027.9434    33.9592    33.9579    8.22591         25 0.0000e+00
    136.000    134.603    -0.7645  27.664854    -0.7630  27.665866     7.8857     7.9246     0.6033    93.3794 1.0000e-12  -66.85276  -68.60354 339.105867      70.85 1.0577e+01    668.930      16055  1027.9394  1027.9390    33.9438    33.9434    8.23370         29 0.0000e+00
    137.000    135.594    -0.7295  27.704403    -0.7371  27.695019     7.8947     7.9380     0.6281    93.3090 1.0000e-12  -66.85276  -68.60354 339.105884      87.05 1.0577e+01    670.380      16090  1027.9525  1027.9498    33.9573    33.9531    8.22528         27 0.0000e+00
    138.000    136.584    -0.6843  27.749404    -0.6814  27.750208     7.9003     7.9462     0.6121    93.3790 1.0000e-12  -66.85276  -68.60354 339.105897      99.54 1.0577e+01    671.525      16118  1027.9619  1027.9598    33.9667    33.9644    8.21489         28 0.0000e+00
    139.000    137.574    -0.6503  27.780851    -0.6502  27.779943     7.8963     7.9408     0.6607    93.3068 1.0000e-12  -66.85276  -68.60354 339.105911      99.81 1.0577e+01    672.692      16146  1027.9675  1027.9664    33.9703    33.9689    8.20730         28 0.0000e+00
    140.000    138.562    -0.6443  27.787424    -0.6446  27.786286     7.8887     7.9327     0.7043    93.3765 1.0000e-12  -66.85276  -68.60354 339.105923      99.63 1.0577e+01    673.783      16172  1027.9734  1027.9724    33.9718    33.9706    8.20591         24 0.0000e+00
    141.000    139.553    -0.6443  27.788315    -0.6442  27.787102     7.9071     7.9291     0.6356    93.3569 1.0000e-12  -66.85276  -68.60354 339.105934      99.18 1.0577e+01    674.712      16194  1027.9789  1027.9775    33.9723    33.9706    8.20586         21 0.0000e+00
    142.000    140.541    -0.6424  27.790901    -0.6425  27.789492     7.9219     7.9385     0.6394    93.3822 1.0000e-12  -66.85276  -68.60354 339.105944      98.20 1.0577e+01    675.522      16214  1027.9844  1027.9829    33.9731    33.9713    8.20541         18 0.0000e+00
    143.000    141.532    -0.6464  27.788772    -0.6464  27.787672     7.9177     7.9499     0.6490    93.3792 1.0000e-12  -66.85276  -68.60352 339.105953      97.10 1.0577e+01    676.305      16232  1027.9904  1027.9893    33.9741    33.9726    8.20621         20 0.0000e+00
    144.000    142.521    -0.6473  27.792344    -0.6480  27.790629     7.8984     7.9417     0.6766    93.3252 1.0000e-12  -66.85276  -68.60350 339.105970      95.89 1.0577e+01    677.791      16268  1027.9998  1027.9986    33.9794    33.9777    8.20612         31 0.0000e+00
    145.000    143.511    -0.6515  27.789366    -0.6566  27.781841     7.6490     7.7739     0.6918    93.3977 1.0000e-12  -66.85276  -68.60351 339.106040      94.84 1.0577e+01    683.837      16413  1028.0056  1028.0024    33.9794    33.9750    8.20703         26 0.0000e+00
    146.000    144.497    -0.6570  27.796255    -0.6573  27.794943     7.4053     7.6241     0.5875    93.5308 1.0000e-12  -66.85276  -68.60352 339.106048      94.01 1.0577e+01    684.589      16431  1028.0229  1028.0217    33.9943    33.9928    8.20736         21 0.0000e+00
    147.000    145.490    -0.6679  27.798953    -0.6681  27.797541     7.2520     7.5368     0.5369    93.5495 1.0000e-12  -66.85276  -68.60352 339.106058      92.94 1.0577e+01    685.395      16450  1028.0408  1028.0395    34.0095    34.0079    8.20883         18 0.0000e+00
    148.000    146.478    -0.6635  27.815077    -0.6637  27.813429     7.1863     7.4839     0.5259    93.6597 1.0000e-12  -66.85276  -68.60352 339.106067      91.95 1.0577e+01    686.219      16470  1028.0584  1028.0567    34.0258    34.0238    8.20695         22 0.0000e+00
    149.000    147.468    -0.6574  27.828173    -0.6572  27.826890     7.1849     7.4148     0.5860    93.8813 1.0000e-12  -66.85276  -68.60350 339.106082      90.81 1.0577e+01    687.453      16500  1028.0710  1028.0693    34.0359    34.0339    8.20503         32 0.0000e+00
    150.000    148.456    -0.6568  27.834106    -0.6565  27.833971     7.0566     7.2741     0.6334    94.2783 1.0000e-12  -66.85276  -68.60347 339.106106      89.65 1.0577e+01    689.556      16550  1028.0812  1028.0807    34.0427    34.0421    8.20451         34 0.0000e+00
    151.000    149.445    -0.6588  27.840314    -0.6575  27.840184     6.9748     7.2145     0.4844    94.4901 1.0000e-12  -66.85277  -68.60345 339.106119      88.85 1.0577e+01    690.728      16578  1028.0942  1028.0928    34.0527    34.0510    8.20437         22 0.0000e+00
    152.000    150.435    -0.6615  27.840019    -0.6628  27.838852     6.9487     7.1958     0.4534    94.5451 1.0000e-12  -66.85278  -68.60344 339.106129      87.93 1.0577e+01    691.573      16599  1028.1009  1028.1008    34.0547    34.0545    8.20484         20 0.0000e+00
    153.000    151.426    -0.6688  27.840229    -0.6691  27.839271     7.0181     7.2085     0.5288    94.6535 1.0000e-12  -66.85278  -68.60343 339.106141      86.74 1.0577e+01    692.553      16622  1028.1125  1028.1118    34.0626    34.0616    8.20596         25 0.0000e+00
    154.000    152.413    -0.6642  27.839800    -0.6648  27.839202     6.8666     7.0560     0.4635    94.4679 1.0000e-12  -66.85277  -68.60346 339.106200      85.76 1.0577e+01    697.639      16744  1028.1119  1028.1118    34.0562    34.0561    8.20534         24 0.0000e+00
    155.000    153.403    -0.6552  27.862576    -0.6546  27.862602     6.7797     7.0047     0.3770    94.6515 1.0000e-12  -66.85278  -68.60346 339.106209      84.88 1.0577e+01    698.431      16763  1028.1320  1028.1315    34.0762    34.0755    8.20223         19 0.0000e+00
    156.000    154.393    -0.6416  27.883692    -0.6419  27.882144     6.7628     6.9838     0.3214    94.7783 1.0000e-12  -66.85278  -68.60346 339.106218      83.90 1.0577e+01    699.195      16782  1028.1459  1028.1446    34.0887    34.0870    8.19854         19 0.0000e+00
    157.000    155.382    -0.6269  27.899569    -0.6243  27.900751     6.7765     6.9658     0.3661    94.7975 1.0000e-12  -66.85278  -68.60344 339.106227      82.81 1.0577e+01    700.026      16802  1028.1532  1028.1519    34.0930    34.0916    8.19512         21 0.0000e+00
    158.000    156.372    -0.6168  27.909139    -0.6172  27.907759     6.8289     6.9604     0.3377    94.8518 1.0000e-12  -66.85278  -68.60343 339.106243      81.50 1.0577e+01    701.370      16834  1028.1581  1028.1570    34.0939    34.0925    8.19288         35 0.0000e+00
    159.000    157.360    -0.6141  27.912410    -0.6150  27.910622     6.8253     6.9245     0.3024    95.1028 1.0000e-12  -66.85278  -68.60341 339.106272      80.39 1.0577e+01    703.889      16894  1028.1637  1028.1625    34.0947    34.0932    8.19226         37 0.0000e+00
    160.000    158.350    -0.5924  27.935101    -0.5933  27.933149     6.7923     6.8911     0.2666    95.1880 1.0000e-12  -66.85278  -68.60340 339.106287      79.48 1.0577e+01    705.183      16925  1028.1713  1028.1701    34.1002    34.0985    8.18724         26 0.0000e+00
    161.000    159.341    -0.5833  27.945838    -0.5835  27.944674     6.7836     6.8793     0.2374    95.2261 1.0000e-12  -66.85278  -68.60338 339.106299      78.49 1.0577e+01    706.218      16950  1028.1785  1028.1775    34.1037    34.1024    8.18506         24 0.0000e+00
    162.000    160.329    -0.5791  27.951912    -0.5785  27.951578     6.7711     6.8642     0.2689    95.1969 1.0000e-12  -66.85278  -68.60338 339.106311      77.50 1.0577e+01    707.280      16976  1028.1855  1028.1845    34.1066    34.1054    8.18399         27 0.0000e+00
    163.000    161.317    -0.5764  27.955715    -0.5762  27.954899     6.7603     6.8434     0.3326    95.1956 1.0000e-12  -66.85278  -68.60338 339.106324      76.45 1.0577e+01    708.403      17003  1028.1914  1028.1903    34.1081    34.1067    8.18333         27 0.0000e+00
    164.000    162.309    -0.5701  27.963533    -0.5711  27.961444     6.7397     6.8258     0.3323    95.2016 1.0000e-12  -66.85278  -68.60338 339.106338      75.42 1.0577e+01    709.564      17031  1028.1981  1028.1969    34.1109    34.1092    8.18179         29 0.0000e+00
    165.000    163.295    -0.5556  27.979852    -0.5552  27.978958     6.7047     6.7993     0.3305    95.1450 1.0000e-12  -66.85278  -68.60339 339.106355      74.29 1.0577e+01    711.110      17068  1028.2061  1028.2048    34.1159    34.1143    8.17837         35 0.0000e+00
    166.000    164.285    -0.5453  27.993154    -0.5453  27.991785     6.6689     6.7512     0.2529    95.2217 1.0000e-12  -66.85278  -68.60340 339.106384      73.21 1.0577e+01    713.544      17126  1028.2152  1028.2136    34.1216    34.1197    8.17583         38 0.0000e+00
    167.000    165.275    -0.5427  27.997383    -0.5425  27.996494     6.6282     6.7194     0.2447    95.2200 1.0000e-12  -66.85279  -68.60340 339.106399      72.43 1.0577e+01    714.858      17158  1028.2216  1028.2204    34.1237    34.1223    8.17513         24 0.0000e+00
    168.000    166.265    -0.5359  28.005754    -0.5356  28.005054     6.5934     6.6859     0.2082    95.2584 1.0000e-12  -66.85280  -68.60339 339.106409      71.54 1.0577e+01    715.728      17178  1028.2285  1028.2274    34.1268    34.1255    8.17351         19 0.0000e+00
    169.000    167.251    -0.5254  28.018736    -0.5253  28.017739     6.5321     6.6489     0.1973    95.2622 1.0000e-12  -66.85280  -68.60338 339.106417      70.57 1.0577e+01    716.463      17196  1028.2365  1028.2353    34.1317    34.1303    8.17094         17 0.0000e+00
    170.000    168.244    -0.5153  28.031073    -0.5154  28.030000     6.4677     6.6022     0.2122    95.3071 1.0000e-12  -66.85280  -68.60338 339.106426      69.46 1.0577e+01    717.216      17214  1028.2444  1028.2433    34.1364    34.1350    8.16851         20 0.0000e+00
    171.000    169.232    -0.4933  28.055622    -0.4936  28.054149     6.4139     6.5328     0.2227    95.2812 1.0000e-12  -66.85280  -68.60336 339.106437      68.25 1.0577e+01    718.174      17237  1028.2538  1028.2525    34.1439    34.1423    8.16332         28 0.0000e+00
    172.000    170.222    -0.4726  28.079946    -0.4714  28.079840     6.3806     6.4730     0.2159    95.2577 1.0000e-12  -66.85280  -68.60334 339.106454      67.13 1.0577e+01    719.642      17272  1028.2644  1028.2631    34.1527    34.1512    8.15836         38 0.0000e+00
    173.000    171.209    -0.4521  28.104775    -0.4509  28.105319     6.0157     6.2381     0.1892    95.3197 1.0000e-12  -66.85280  -68.60334 339.106469      66.20 1.0577e+01    720.940      17304  1028.2757  1028.2752    34.1623    34.1618    8.15341         24 0.0000e+00
    174.000    172.200    -0.3967  28.168511    -0.3962  28.168464     5.6068     5.9867     0.1421    95.4134 1.0000e-12  -66.85280  -68.60335 339.106479      65.24 1.0577e+01    721.761      17323  1028.2947  1028.2940    34.1849    34.1842    8.14025         17 0.0000e+00
    175.000    173.189    -0.2839  28.293532    -0.2874  28.289402     5.3992     5.8707     0.1351    95.4288 1.0000e-12  -66.85280  -68.60336 339.106486      64.51 1.0577e+01    722.399      17339  1028.3228  1028.3218    34.2246    34.2230    8.11389         14 0.0000e+00
    176.000    174.176    -0.1035  28.482597    -0.1068  28.478400     5.3504     5.8489     0.1241    95.3609 1.0000e-12  -66.85278  -68.60338 339.106493      63.64 1.0577e+01    722.956      17352  1028.3526  1028.3514    34.2733    34.2714    8.07284         13 0.0000e+00
    177.000    175.167     0.0332  28.626484     0.0351  28.626778     5.3589     5.8285     0.1136    95.3743 1.0000e-12  -66.85278  -68.60338 339.106499      62.67 1.0577e+01    723.492      17365  1028.3765  1028.3750    34.3103    34.3086    8.04197         13 0.0000e+00
    178.000    176.158     0.0884  28.684022     0.0871  28.681640     5.3887     5.8051     0.0798    95.3864 1.0000e-12  -66.85278  -68.60338 339.106505      61.66 1.0577e+01    724.061      17378  1028.3889  1028.3876    34.3240    34.3224    8.02962         14 0.0000e+00
