NBP2113_155081_ctd/data/dnbp2113_019.cnv
* Sea-Bird SBE 9 Data File:
* FileName = D:\Data\raw\NBP2113_019.hex
* Software Version Seasave V 7.26.7.121
* Temperature SN = 2438
* Conductivity SN = 2067
* Number of Bytes Per Scan = 40
* Number of Voltage Words = 5
* Number of Scans Averaged by the Deck Unit = 1
* NMEA Latitude = 66 53.46 S
* NMEA Longitude = 068 55.21 W
* NMEA UTC (Time) = Nov 29 2021  09:39:46
* NMEA baud rate = 9600
** Ship: RVIB N.B. Palmer
** Cruise: NBP2113 LTER
** Station: 300.040
** Operator: B. Urmston
# nquan = 25
# nvalues = 669                         
# units = specified
# name 0 = prDM: Pressure, Digiquartz [db]
# name 1 = depSM: Depth [salt water, m]
# name 2 = t090C: Temperature [ITS-90, deg C]
# name 3 = c0mS/cm: Conductivity [mS/cm]
# name 4 = t190C: Temperature, 2 [ITS-90, deg C]
# name 5 = c1mS/cm: Conductivity, 2 [mS/cm]
# name 6 = sbeox0ML/L: Oxygen, SBE 43 [ml/l]
# name 7 = sbeox1ML/L: Oxygen, SBE 43, 2 [ml/l]
# name 8 = flECO-AFL: Fluorescence, WET Labs ECO-AFL/FL [mg/m^3]
# name 9 = CStarTr0: Beam Transmission, WET Labs C-Star [%]
# name 10 = par: PAR/Irradiance, Biospherical/Licor
# name 11 = latitude: Latitude [deg]
# name 12 = longitude: Longitude [deg]
# name 13 = timeJ: Julian Days
# name 14 = altM: Altimeter [m]
# name 15 = spar: SPAR, Biospherical/Licor
# name 16 = timeS: Time, Elapsed [seconds]
# name 17 = scan: Scan Count
# name 18 = density00: Density [density, kg/m^3]
# name 19 = density11: Density, 2 [density, kg/m^3]
# name 20 = sal00: Salinity, Practical [PSU]
# name 21 = sal11: Salinity, Practical, 2 [PSU]
# name 22 = oxsolML/L: Oxygen Saturation, Garcia & Gordon [ml/l]
# name 23 = nbin: number of scans per bin
# name 24 = flag: flag
# span 0 =      6.000,    674.000       
# span 1 =      5.936,    666.255       
# span 2 =    -0.9203,     1.4590       
# span 3 =  27.474797,  30.230297       
# span 4 =    -0.9209,     1.4588       
# span 5 =  27.473635,  30.229326       
# span 6 =     3.9747,     8.0733       
# span 7 =     4.0338,     8.1394       
# span 8 =    -0.0224,     1.4154       
# span 9 =    89.9702,    97.4112       
# span 10 = -2.738e-05, 1.7323e+02      
# span 11 =  -66.89134,  -66.89094      
# span 12 =  -68.92486,  -68.92230      
# span 13 = 333.406073, 333.418629      
# span 14 =       7.92,     102.91      
# span 15 = 4.3169e+02, 7.4102e+02      
# span 16 =    298.674,   1383.512      
# span 17 =       7169,      33205      
# span 18 =  1027.2481,  1030.9731      
# span 19 =  1027.2463,  1030.9721      
# span 20 =    33.8567,    34.7217      
# span 21 =    33.8545,    34.7203      
# span 22 =    7.73130,    8.26997      
# span 23 =          1,         47      
# span 24 = 0.0000e+00, 0.0000e+00      
# interval = decibars: 1                
# start_time = Nov 29 2021 09:39:46 [NMEA time, header]
# bad_flag = -9.990e-29
*END*
[from data line 464]
    470.000    464.803     1.3642  30.209375     1.3637  30.208221     4.0468     4.1046    -0.0084    97.3704 1.0000e-12  -66.89100  -68.92482 333.415288      99.98 4.8832e+02   1094.893      26278  1030.0003  1029.9996    34.7129    34.7119    7.74920         20 0.0000e+00
    471.000    465.793     1.3634  30.209080     1.3636  30.208498     4.0456     4.1035    -0.0053    97.3775 1.0000e-12  -66.89099  -68.92482 333.415297      99.98 4.8832e+02   1095.671      26297  1030.0050  1030.0042    34.7128    34.7118    7.74936         18 0.0000e+00
    472.000    466.779     1.3610  30.207534     1.3608  30.206600     4.0480     4.1019    -0.0059    97.3692 1.0000e-12  -66.89098  -68.92482 333.415306      99.98 4.8901e+02   1096.467      26316  1030.0100  1030.0092    34.7129    34.7119    7.74982         20 0.0000e+00
    473.000    467.768     1.3597  30.206930     1.3596  30.206018     4.0451     4.1021     0.0000    97.3700 1.0000e-12  -66.89098  -68.92480 333.415319      99.97 4.9006e+02   1097.569      26343  1030.0149  1030.0140    34.7130    34.7120    7.75008         29 0.0000e+00
    474.000    468.755     1.3603  30.207810     1.3600  30.206761     4.0469     4.0959    -0.0057    97.3595 1.0000e-12  -66.89098  -68.92482 333.415347      99.98 4.8894e+02   1100.013      26401  1030.0193  1030.0185    34.7129    34.7119    7.74996         45 0.0000e+00
    475.000    469.744     1.3594  30.207431     1.3592  30.206705     4.0546     4.0984    -0.0067    97.3561 1.0000e-12  -66.89099  -68.92482 333.415369      99.97 4.8830e+02   1101.867      26446  1030.0240  1030.0234    34.7129    34.7121    7.75015         34 0.0000e+00
    476.000    470.731     1.3585  30.207312     1.3584  30.206558     4.0543     4.1003    -0.0053    97.3705 1.0000e-12  -66.89100  -68.92482 333.415383      99.98 4.8832e+02   1103.072      26475  1030.0290  1030.0283    34.7131    34.7122    7.75031         25 0.0000e+00
    477.000    471.718     1.3579  30.207406     1.3579  30.206657     4.0397     4.1014    -0.0053    97.3669 1.0000e-12  -66.89100  -68.92482 333.415394      99.98 4.8727e+02   1104.077      26499  1030.0339  1030.0331    34.7133    34.7124    7.75041         24 0.0000e+00
    478.000    472.706     1.3582  30.208025     1.3579  30.207121     4.0492     4.1006    -0.0144    97.3519 1.0000e-12  -66.89098  -68.92482 333.415406      99.98 4.8649e+02   1105.060      26522  1030.0384  1030.0378    34.7132    34.7123    7.75036         24 0.0000e+00
    479.000    473.695     1.3582  30.208471     1.3581  30.207750     4.0477     4.0985    -0.0007    97.3633 1.0000e-12  -66.89098  -68.92482 333.415417      99.97 4.8512e+02   1106.024      26546  1030.0431  1030.0424    34.7131    34.7123    7.75035         23 0.0000e+00
    480.000    474.682     1.3577  30.208538     1.3577  30.207833     4.0527     4.1032    -0.0044    97.3616 1.0000e-12  -66.89098  -68.92482 333.415429      99.98 4.8479e+02   1107.024      26570  1030.0479  1030.0472    34.7133    34.7124    7.75046         24 0.0000e+00
    481.000    475.670     1.3577  30.208964     1.3574  30.208025     4.0487     4.1060    -0.0058    97.3649 1.0000e-12  -66.89098  -68.92482 333.415442      99.98 4.8577e+02   1108.156      26597  1030.0525  1030.0518    34.7132    34.7123    7.75046         31 0.0000e+00
    482.000    476.658     1.3573  30.209071     1.3572  30.208299     4.0578     4.0995    -0.0064    97.3168 1.0000e-12  -66.89098  -68.92483 333.415457      99.97 4.8656e+02   1109.522      26630  1030.0572  1030.0565    34.7132    34.7123    7.75053         34 0.0000e+00
    483.000    477.645     1.3573  30.209689     1.3572  30.208809     4.0519     4.0982    -0.0142    97.3397 1.0000e-12  -66.89098  -68.92484 333.415472      99.98 4.8656e+02   1110.814      26661  1030.0621  1030.0612    34.7135    34.7124    7.75053         28 0.0000e+00
    484.000    478.634     1.3578  30.210453     1.3580  30.209880     4.0542     4.0966    -0.0108    97.3637 1.0000e-12  -66.89098  -68.92484 333.415485      99.97 4.8656e+02   1111.918      26687  1030.0666  1030.0658    34.7133    34.7124    7.75044         26 0.0000e+00
    485.000    479.621     1.3581  30.211064     1.3579  30.210101     4.0520     4.1004    -0.0016    97.3522 1.0000e-12  -66.89098  -68.92483 333.415498      99.98 4.8818e+02   1113.068      26715  1030.0711  1030.0703    34.7131    34.7121    7.75037         31 0.0000e+00
    486.000    480.609     1.3574  30.210792     1.3571  30.209819     4.0485     4.1025    -0.0107    97.3665 1.0000e-12  -66.89098  -68.92482 333.415516      99.98 4.8663e+02   1114.546      26750  1030.0757  1030.0751    34.7130    34.7122    7.75053         36 0.0000e+00
    487.000    481.596     1.3571  30.211157     1.3570  30.210378     4.0545     4.1028    -0.0017    97.3637 1.0000e-12  -66.89098  -68.92482 333.415531      99.98 4.8556e+02   1115.909      26783  1030.0806  1030.0799    34.7133    34.7123    7.75057         29 0.0000e+00
    488.000    482.584     1.3567  30.211479     1.3563  30.210416     4.0500     4.1032    -0.0173    97.3573 1.0000e-12  -66.89098  -68.92482 333.415543      99.97 4.8478e+02   1116.952      26808  1030.0856  1030.0848    34.7136    34.7126    7.75064         22 0.0000e+00
    489.000    483.572     1.3564  30.211684     1.3560  30.210740     4.0585     4.1043    -0.0077    97.3568 1.0000e-12  -66.89098  -68.92482 333.415554      99.97 4.8479e+02   1117.878      26830  1030.0903  1030.0897    34.7136    34.7127    7.75070         23 0.0000e+00
    490.000    484.560     1.3560  30.211908     1.3558  30.210957     4.0583     4.1040    -0.0008    97.3513 1.0000e-12  -66.89098  -68.92482 333.415565      99.97 4.8479e+02   1118.817      26853  1030.0951  1030.0943    34.7137    34.7127    7.75076         23 0.0000e+00
    491.000    485.548     1.3560  30.212359     1.3557  30.211308     4.0551     4.1048    -0.0070    97.3434 1.0000e-12  -66.89097  -68.92483 333.415577      99.98 4.8479e+02   1119.818      26877  1030.0998  1030.0990    34.7137    34.7127    7.75077         25 0.0000e+00
    492.000    486.535     1.3560  30.212760     1.3559  30.211961     4.0568     4.1065    -0.0092    97.3468 1.0000e-12  -66.89097  -68.92484 333.415589      99.97 4.8479e+02   1120.929      26903  1030.1044  1030.1037    34.7136    34.7128    7.75077         29 0.0000e+00
    493.000    487.523     1.3562  30.213227     1.3560  30.212385     4.0513     4.1090    -0.0139    97.3509 1.0000e-12  -66.89098  -68.92483 333.415607      99.98 4.8479e+02   1122.485      26941  1030.1089  1030.1082    34.7135    34.7126    7.75074         43 0.0000e+00
    494.000    488.511     1.3563  30.213757     1.3562  30.212911     4.0566     4.1063    -0.0108    97.3436 1.0000e-12  -66.89098  -68.92482 333.415634      99.98 4.8479e+02   1124.808      26996  1030.1136  1030.1128    34.7135    34.7125    7.75072         35 0.0000e+00
    495.000    489.498     1.3562  30.214409     1.3559  30.213350     4.0630     4.1066    -0.0053    97.3433 1.0000e-12  -66.89096  -68.92482 333.415654      99.98 4.8479e+02   1126.534      27038  1030.1185  1030.1177    34.7138    34.7128    7.75072         28 0.0000e+00
    496.000    490.487     1.3560  30.214852     1.3560  30.214028     4.0649     4.1086    -0.0123    97.3433 1.0000e-12  -66.89096  -68.92482 333.415665      99.98 4.8479e+02   1127.466      27060  1030.1234  1030.1226    34.7140    34.7130    7.75074         20 0.0000e+00
    497.000    491.473     1.3562  30.215431     1.3561  30.214550     4.0646     4.1094    -0.0055    97.3433 1.0000e-12  -66.89096  -68.92484 333.415673      99.98 4.8479e+02   1128.184      27077  1030.1279  1030.1272    34.7139    34.7129    7.75071         16 0.0000e+00
    498.000    492.460     1.3555  30.215263     1.3554  30.214514     4.0712     4.1129    -0.0124    97.3433 1.0000e-12  -66.89096  -68.92484 333.415681      99.98 4.8479e+02   1128.820      27093  1030.1328  1030.1321    34.7140    34.7131    7.75085         15 0.0000e+00
    499.000    493.450     1.3548  30.215300     1.3546  30.214384     4.0746     4.1208    -0.0145    97.3433 1.0000e-12  -66.89096  -68.92484 333.415688      99.98 4.8479e+02   1129.456      27108  1030.1377  1030.1370    34.7142    34.7132    7.75097         15 0.0000e+00
    500.000    494.438     1.3544  30.215525     1.3543  30.214731     4.0709     4.1219    -0.0069    97.3433 1.0000e-12  -66.89096  -68.92484 333.415696      99.97 4.8479e+02   1130.119      27124  1030.1426  1030.1419    34.7144    34.7135    7.75104         17 0.0000e+00
    501.000    495.425     1.3536  30.215506     1.3534  30.214604     4.0660     4.1174    -0.0071    97.3433 1.0000e-12  -66.89096  -68.92484 333.415705      99.98 4.8376e+02   1130.925      27143  1030.1475  1030.1468    34.7146    34.7137    7.75118         24 0.0000e+00
    502.000    496.411     1.3541  30.216287     1.3546  30.215728     4.0708     4.1216    -0.0065    97.3433 1.0000e-12  -66.89096  -68.92484 333.415745      99.98 4.8302e+02   1134.401      27227  1030.1520  1030.1510    34.7145    34.7132    7.75109         37 0.0000e+00
    503.000    497.399     1.3541  30.216742     1.3536  30.215794     4.0811     4.1302    -0.0137    97.3433 1.0000e-12  -66.89096  -68.92484 333.415773      99.97 4.8303e+02   1136.767      27283  1030.1567  1030.1562    34.7145    34.7139    7.75109         20 0.0000e+00
    504.000    498.386     1.3526  30.216507     1.3524  30.215611     4.0931     4.1329    -0.0141    97.3433 1.0000e-12  -66.89096  -68.92484 333.415781      99.98 4.8245e+02   1137.472      27300  1030.1622  1030.1615    34.7154    34.7144    7.75135         16 0.0000e+00
    505.000    499.377     1.3525  30.216894     1.3521  30.215880     4.0932     4.1381    -0.0134    97.3433 1.0000e-12  -66.89096  -68.92484 333.415788      99.98 4.8127e+02   1138.104      27315  1030.1670  1030.1663    34.7154    34.7145    7.75137         14 0.0000e+00
    506.000    500.364     1.3521  30.217193     1.3521  30.216272     4.0894     4.1368    -0.0140    97.3433 1.0000e-12  -66.89096  -68.92484 333.415795      99.98 4.8127e+02   1138.706      27330  1030.1718  1030.1709    34.7156    34.7145    7.75142         15 0.0000e+00
    507.000    501.350     1.3521  30.217448     1.3519  30.216538     4.0913     4.1342    -0.0136    97.3230 1.0000e-12  -66.89096  -68.92484 333.415802      99.98 4.8127e+02   1139.337      27345  1030.1763  1030.1756    34.7154    34.7144    7.75145         16 0.0000e+00
    508.000    502.337     1.3518  30.217739     1.3516  30.216847     4.0966     4.1381    -0.0142    97.3387 1.0000e-12  -66.89096  -68.92484 333.415811      99.98 4.8127e+02   1140.069      27363  1030.1811  1030.1804    34.7155    34.7145    7.75150         20 0.0000e+00
    509.000    503.327     1.3510  30.217460     1.3510  30.216749     4.1034     4.1403    -0.0076    97.3352 1.0000e-12  -66.89096  -68.92484 333.415824      99.98 4.8127e+02   1141.200      27390  1030.1858  1030.1851    34.7155    34.7145    7.75166         34 0.0000e+00
    510.000    504.313     1.3497  30.216887     1.3493  30.215855     4.0948     4.1441    -0.0027    97.3288 1.0000e-12  -66.89096  -68.92484 333.415843      99.98 4.8194e+02   1142.827      27429  1030.1908  1030.1901    34.7156    34.7147    7.75191         39 0.0000e+00
    511.000    505.301     1.3493  30.217098     1.3490  30.216158     4.1081     4.1474    -0.0036    97.3346 1.0000e-12  -66.89096  -68.92486 333.415860      99.97 4.8305e+02   1144.336      27465  1030.1955  1030.1949    34.7157    34.7148    7.75197         32 0.0000e+00
    512.000    506.289     1.3480  30.216600     1.3480  30.215833     4.0994     4.1544     0.0002    97.3381 1.0000e-12  -66.89096  -68.92484 333.415876      99.97 4.8303e+02   1145.659      27497  1030.2005  1030.1998    34.7159    34.7150    7.75222         36 0.0000e+00
    513.000    507.277     1.3466  30.216200     1.3461  30.214799     4.1081     4.1617    -0.0006    97.3233 1.0000e-12  -66.89096  -68.92482 333.415903      99.98 4.8116e+02   1148.055      27554  1030.2057  1030.2048    34.7164    34.7152    7.75247         37 0.0000e+00
    514.000    508.263     1.3460  30.216093     1.3454  30.214960     4.1186     4.1631     0.0019    97.3446 1.0000e-12  -66.89096  -68.92483 333.415927      99.98 4.7939e+02   1150.108      27604  1030.2104  1030.2098    34.7164    34.7156    7.75259         30 0.0000e+00
    515.000    509.252     1.3444  30.215464     1.3442  30.214555     4.1322     4.1623     0.0019    97.3419 1.0000e-12  -66.89096  -68.92484 333.415938      99.98 4.7950e+02   1151.032      27626  1030.2155  1030.2148    34.7167    34.7159    7.75288         19 0.0000e+00
    516.000    510.238     1.3435  30.215347     1.3433  30.214575     4.1353     4.1635    -0.0036    97.3433 1.0000e-12  -66.89096  -68.92484 333.415946      99.97 4.7950e+02   1151.731      27643  1030.2205  1030.2199    34.7170    34.7163    7.75305         16 0.0000e+00
    517.000    511.226     1.3424  30.214981     1.3423  30.214133     4.1346     4.1662    -0.0066    97.3360 1.0000e-12  -66.89096  -68.92484 333.415953      99.97 4.7950e+02   1152.350      27657  1030.2255  1030.2247    34.7172    34.7162    7.75326         14 0.0000e+00
    518.000    512.214     1.3422  30.215291     1.3421  30.214376     4.1303     4.1671     0.0011    97.3177 1.0000e-12  -66.89096  -68.92486 333.415960      99.98 4.7950e+02   1152.934      27671  1030.2302  1030.2294    34.7173    34.7163    7.75330         14 0.0000e+00
    519.000    513.204     1.3420  30.215584     1.3417  30.214583     4.1246     4.1685     0.0019    97.3176 1.0000e-12  -66.89096  -68.92486 333.415967      99.98 4.7950e+02   1153.546      27686  1030.2349  1030.2341    34.7173    34.7163    7.75334         16 0.0000e+00
    520.000    514.190     1.3411  30.215355     1.3413  30.214645     4.1248     4.1701    -0.0131    97.3331 1.0000e-12  -66.89096  -68.92486 333.415976      99.97 4.8069e+02   1154.312      27704  1030.2397  1030.2388    34.7174    34.7163    7.75350         23 0.0000e+00
    521.000    515.177     1.3415  30.216066     1.3416  30.215199     4.1241     4.1726    -0.0094    97.3353 1.0000e-12  -66.89096  -68.92484 333.416002      99.97 4.8126e+02   1156.590      27759  1030.2442  1030.2433    34.7173    34.7162    7.75342         42 0.0000e+00
    522.000    516.165     1.3410  30.216169     1.3411  30.215378     4.1329     4.1702    -0.0150    97.3395 1.0000e-12  -66.89096  -68.92482 333.416024      99.98 4.8127e+02   1158.477      27804  1030.2490  1030.2482    34.7174    34.7163    7.75352         26 0.0000e+00
    523.000    517.151     1.3411  30.216741     1.3407  30.215602     4.1294     4.1733    -0.0096    97.3420 1.0000e-12  -66.89096  -68.92482 333.416034      99.97 4.8033e+02   1159.340      27825  1030.2538  1030.2530    34.7174    34.7165    7.75349         19 0.0000e+00
    524.000    518.140     1.3411  30.217117     1.3410  30.216345     4.1284     4.1781    -0.0067    97.3294 1.0000e-12  -66.89096  -68.92482 333.416043      99.97 4.7951e+02   1160.132      27844  1030.2583  1030.2576    34.7174    34.7165    7.75350         20 0.0000e+00
    525.000    519.129     1.3394  30.216154     1.3394  30.215372     4.1366     4.1810    -0.0061    97.3371 1.0000e-12  -66.89096  -68.92482 333.416056      99.97 4.7923e+02   1161.271      27872  1030.2633  1030.2625    34.7175    34.7165    7.75384         31 0.0000e+00
    526.000    520.114     1.3393  30.216507     1.3390  30.215491     4.1393     4.1822    -0.0147    97.3436 1.0000e-12  -66.89094  -68.92484 333.416082      99.98 4.7947e+02   1163.527      27926  1030.2679  1030.2672    34.7175    34.7165    7.75386         37 0.0000e+00
