NBP2113_155081_ctd/data/dnbp2113_011.cnv
* Sea-Bird SBE 9 Data File:
* FileName = D:\Data\raw\NBP2113_011.hex
* Software Version Seasave V 7.26.7.121
* Temperature SN = 2438
* Conductivity SN = 2067
* Number of Bytes Per Scan = 40
* Number of Voltage Words = 5
* Number of Scans Averaged by the Deck Unit = 1
* NMEA Latitude = 63 57.92 S
* NMEA Longitude = 066 51.27 W
* NMEA UTC (Time) = Nov 26 2021  05:08:42
* NMEA baud rate = 9600
** Ship: RVIB N.B. Palmer
** Cruise: NBP2113 LTER
** Station: 600.200
** Operator: B. Urmston
# nquan = 25
# nvalues = 3095                        
# units = specified
# name 0 = prDM: Pressure, Digiquartz [db]
# name 1 = depSM: Depth [salt water, m]
# name 2 = t090C: Temperature [ITS-90, deg C]
# name 3 = c0mS/cm: Conductivity [mS/cm]
# name 4 = t190C: Temperature, 2 [ITS-90, deg C]
# name 5 = c1mS/cm: Conductivity, 2 [mS/cm]
# name 6 = sbeox0ML/L: Oxygen, SBE 43 [ml/l]
# name 7 = sbeox1ML/L: Oxygen, SBE 43, 2 [ml/l]
# name 8 = flECO-AFL: Fluorescence, WET Labs ECO-AFL/FL [mg/m^3]
# name 9 = CStarTr0: Beam Transmission, WET Labs C-Star [%]
# name 10 = par: PAR/Irradiance, Biospherical/Licor
# name 11 = latitude: Latitude [deg]
# name 12 = longitude: Longitude [deg]
# name 13 = timeJ: Julian Days
# name 14 = altM: Altimeter [m]
# name 15 = spar: SPAR, Biospherical/Licor
# name 16 = timeS: Time, Elapsed [seconds]
# name 17 = scan: Scan Count
# name 18 = density00: Density [density, kg/m^3]
# name 19 = density11: Density, 2 [density, kg/m^3]
# name 20 = sal00: Salinity, Practical [PSU]
# name 21 = sal11: Salinity, Practical, 2 [PSU]
# name 22 = oxsolML/L: Oxygen Saturation, Garcia & Gordon [ml/l]
# name 23 = nbin: number of scans per bin
# name 24 = flag: flag
# span 0 =      4.000,   3098.000       
# span 1 =      3.960,   3045.486       
# span 2 =    -1.0118,     2.0379       
# span 3 =  27.485453,  30.709976       
# span 4 =    -1.0103,     2.0382       
# span 5 =  27.484568,  30.708923       
# span 6 =     3.9809,     8.4829       
# span 7 =     3.9843,     8.4819       
# span 8 =    -0.0226,     7.5176       
# span 9 =    88.4704,    97.9357       
# span 10 = 1.0000e-12, 1.0000e-12      
# span 11 =  -63.96602,  -63.96546      
# span 12 =  -66.85634,  -66.85472      
# span 13 = 330.217781, 330.264640      
# span 14 =       6.63,     100.02      
# span 15 = 0.0000e+00, 7.0544e+00      
# span 16 =    294.277,   4342.849      
# span 17 =       7064,     104229      
# span 18 =  1027.2646,  1042.0775      
# span 19 =  1027.2617,  1042.0764      
# span 20 =    33.8964,    34.7289      
# span 21 =    33.8927,    34.7274      
# span 22 =    7.62144,    8.28060      
# span 23 =         15,         49      
# span 24 = 0.0000e+00, 0.0000e+00      
# interval = decibars: 1                
# start_time = Nov 26 2021 05:08:42 [NMEA time, header]
# bad_flag = -9.990e-29
*END*
[from data line 2725]
   2729.000   2685.026     0.5091  30.401034     0.5096  30.400717     4.5952     4.6438    -0.0113    97.8239 1.0000e-12  -63.96594  -66.85608 330.258229      99.98 3.5258e+00   3788.990      90937  1040.4271  1040.4262    34.7020    34.7011    7.92148         37 0.0000e+00
   2730.000   2686.004     0.5090  30.401388     0.5095  30.401006     4.6009     4.6443    -0.0063    97.8276 1.0000e-12  -63.96594  -66.85608 330.258252      99.97 3.5258e+00   3790.932      90983  1040.4316  1040.4307    34.7021    34.7011    7.92150         43 0.0000e+00
   2731.000   2686.982     0.5091  30.401908     0.5095  30.401487     4.5921     4.6401    -0.0117    97.8328 1.0000e-12  -63.96595  -66.85608 330.258272      99.97 3.5258e+00   3792.690      91026  1040.4361  1040.4353    34.7021    34.7012    7.92147         31 0.0000e+00
   2732.000   2687.959     0.5093  30.402539     0.5097  30.402222     4.5980     4.6392    -0.0090    97.8326 1.0000e-12  -63.96596  -66.85608 330.258284      99.97 3.5258e+00   3793.747      91051  1040.4407  1040.4400    34.7023    34.7014    7.92143         22 0.0000e+00
   2733.000   2688.938     0.5090  30.402859     0.5095  30.402422     4.6004     4.6441    -0.0077    97.8326 1.0000e-12  -63.96596  -66.85609 330.258294      99.97 3.5258e+00   3794.621      91072  1040.4454  1040.4445    34.7025    34.7014    7.92148         21 0.0000e+00
   2734.000   2689.914     0.5089  30.403094     0.5094  30.402687     4.5909     4.6423    -0.0102    97.8299 1.0000e-12  -63.96596  -66.85610 330.258304      99.97 3.5258e+00   3795.459      91092  1040.4498  1040.4489    34.7024    34.7014    7.92150         20 0.0000e+00
   2735.000   2690.894     0.5089  30.403400     0.5094  30.403061     4.5890     4.6443    -0.0143    97.8226 1.0000e-12  -63.96596  -66.85608 330.258314      99.97 3.5258e+00   3796.364      91114  1040.4542  1040.4534    34.7024    34.7014    7.92151         23 0.0000e+00
   2736.000   2691.870     0.5088  30.403812     0.5094  30.403377     4.5951     4.6382    -0.0107    97.8184 1.0000e-12  -63.96594  -66.85610 330.258328      99.98 3.5258e+00   3797.510      91141  1040.4587  1040.4578    34.7024    34.7013    7.92151         34 0.0000e+00
   2737.000   2692.846     0.5086  30.403955     0.5092  30.403568     4.5996     4.6405    -0.0112    97.8281 1.0000e-12  -63.96594  -66.85609 330.258351      99.97 3.5258e+00   3799.490      91189  1040.4633  1040.4623    34.7024    34.7013    7.92157         36 0.0000e+00
   2738.000   2693.826     0.5084  30.404100     0.5089  30.403675     4.5992     4.6460    -0.0060    97.8328 1.0000e-12  -63.96594  -66.85608 330.258372      99.98 3.5258e+00   3801.320      91233  1040.4677  1040.4668    34.7024    34.7013    7.92161         29 0.0000e+00
   2739.000   2694.801     0.5077  30.403927     0.5082  30.403565     4.6011     4.6376    -0.0102    97.8326 1.0000e-12  -63.96596  -66.85608 330.258383      99.97 3.5258e+00   3802.314      91257  1040.4723  1040.4715    34.7024    34.7014    7.92176         21 0.0000e+00
   2740.000   2695.781     0.5076  30.404172     0.5081  30.403888     4.5946     4.6427    -0.0130    97.8326 1.0000e-12  -63.96596  -66.85608 330.258393      99.97 3.5258e+00   3803.126      91276  1040.4768  1040.4760    34.7023    34.7015    7.92177         18 0.0000e+00
   2741.000   2696.759     0.5073  30.404325     0.5078  30.403990     4.5834     4.6468    -0.0081    97.8311 1.0000e-12  -63.96596  -66.85608 330.258401      99.97 3.5258e+00   3803.876      91294  1040.4813  1040.4805    34.7023    34.7014    7.92183         19 0.0000e+00
   2742.000   2697.735     0.5069  30.404272     0.5074  30.404080     4.5933     4.6380    -0.0081    97.8273 1.0000e-12  -63.96596  -66.85609 330.258410      99.97 3.5258e+00   3804.645      91312  1040.4858  1040.4851    34.7023    34.7014    7.92192         19 0.0000e+00
   2743.000   2698.714     0.5067  30.404591     0.5073  30.404337     4.5991     4.6353    -0.0042    97.8233 1.0000e-12  -63.96596  -66.85610 330.258420      99.98 3.5258e+00   3805.498      91333  1040.4903  1040.4895    34.7023    34.7014    7.92195         22 0.0000e+00
   2744.000   2699.691     0.5064  30.404628     0.5070  30.404320     4.5963     4.6454    -0.0044    97.8263 1.0000e-12  -63.96596  -66.85610 330.258432      99.97 3.5258e+00   3806.551      91358  1040.4948  1040.4939    34.7023    34.7013    7.92203         29 0.0000e+00
   2745.000   2700.668     0.5064  30.405116     0.5069  30.404598     4.6024     4.6434    -0.0035    97.8322 1.0000e-12  -63.96595  -66.85610 330.258451      99.97 3.5258e+00   3808.129      91396  1040.4994  1040.4984    34.7024    34.7012    7.92202         39 0.0000e+00
   2746.000   2701.646     0.5062  30.405220     0.5067  30.404775     4.5988     4.6390    -0.0082    97.8227 1.0000e-12  -63.96594  -66.85610 330.258480      99.98 3.5258e+00   3810.671      91457  1040.5037  1040.5029    34.7022    34.7012    7.92205         33 0.0000e+00
   2747.000   2702.624     0.5065  30.405719     0.5067  30.405187     4.5945     4.6405    -0.0045    97.8257 1.0000e-12  -63.96594  -66.85610 330.258497      99.97 3.5258e+00   3812.138      91492  1040.5081  1040.5073    34.7021    34.7012    7.92202         26 0.0000e+00
   2748.000   2703.600     0.5062  30.406057     0.5069  30.405812     4.5869     4.6429    -0.0078    97.8327 1.0000e-12  -63.96596  -66.85610 330.258508      99.97 3.5258e+00   3813.082      91515  1040.5128  1040.5119    34.7023    34.7013    7.92205         20 0.0000e+00
   2749.000   2704.580     0.5060  30.406247     0.5066  30.405852     4.5871     4.6435    -0.0077    97.8272 1.0000e-12  -63.96596  -66.85610 330.258517      99.97 3.5258e+00   3813.878      91534  1040.5172  1040.5163    34.7023    34.7012    7.92210         19 0.0000e+00
   2750.000   2705.558     0.5060  30.406634     0.5066  30.406230     4.5897     4.6447    -0.0077    97.8198 1.0000e-12  -63.96596  -66.85611 330.258526      99.97 3.5258e+00   3814.631      91552  1040.5217  1040.5208    34.7023    34.7012    7.92210         18 0.0000e+00
   2751.000   2706.533     0.5061  30.406979     0.5065  30.406610     4.5977     4.6432    -0.0077    97.8184 1.0000e-12  -63.96596  -66.85612 330.258535      99.97 3.5258e+00   3815.413      91571  1040.5261  1040.5253    34.7022    34.7013    7.92209         20 0.0000e+00
   2752.000   2707.513     0.5060  30.407368     0.5066  30.406960     4.6004     4.6414    -0.0080    97.8228 1.0000e-12  -63.96594  -66.85610 330.258546      99.98 3.5258e+00   3816.372      91594  1040.5307  1040.5297    34.7023    34.7012    7.92210         27 0.0000e+00
   2753.000   2708.489     0.5058  30.407534     0.5065  30.407228     4.6021     4.6428    -0.0102    97.8256 1.0000e-12  -63.96594  -66.85610 330.258568      99.97 3.5258e+00   3818.266      91639  1040.5352  1040.5342    34.7022    34.7011    7.92214         37 0.0000e+00
   2754.000   2709.467     0.5052  30.407352     0.5058  30.407062     4.6079     4.6381    -0.0139    97.8239 1.0000e-12  -63.96594  -66.85610 330.258593      99.98 3.5258e+00   3820.452      91692  1040.5397  1040.5388    34.7022    34.7011    7.92227         33 0.0000e+00
   2755.000   2710.444     0.5049  30.407514     0.5054  30.407143     4.5995     4.6365    -0.0080    97.8208 1.0000e-12  -63.96594  -66.85610 330.258605      99.98 3.5258e+00   3821.493      91717  1040.5442  1040.5433    34.7022    34.7012    7.92233         22 0.0000e+00
   2756.000   2711.422     0.5044  30.407369     0.5050  30.407107     4.5983     4.6395    -0.0159    97.8259 1.0000e-12  -63.96594  -66.85610 330.258615      99.98 3.5258e+00   3822.346      91737  1040.5487  1040.5478    34.7021    34.7011    7.92244         19 0.0000e+00
   2757.000   2712.399     0.5039  30.407397     0.5044  30.407030     4.5838     4.6435    -0.0056    97.8066 1.0000e-12  -63.96594  -66.85612 330.258624      99.97 3.5258e+00   3823.111      91756  1040.5533  1040.5525    34.7023    34.7012    7.92254         18 0.0000e+00
   2758.000   2713.377     0.5036  30.407549     0.5042  30.407226     4.5938     4.6446    -0.0023    97.8218 1.0000e-12  -63.96594  -66.85612 330.258633      99.97 3.5258e+00   3823.879      91774  1040.5578  1040.5569    34.7022    34.7012    7.92259         19 0.0000e+00
   2759.000   2714.356     0.5026  30.407026     0.5031  30.406653     4.5975     4.6456    -0.0079    97.8247 1.0000e-12  -63.96594  -66.85613 330.258643      99.98 3.5258e+00   3824.734      91795  1040.5624  1040.5615    34.7022    34.7011    7.92280         23 0.0000e+00
   2760.000   2715.332     0.5016  30.406558     0.5023  30.406173     4.6020     4.6445    -0.0061    97.8079 1.0000e-12  -63.96594  -66.85613 330.258656      99.97 3.5258e+00   3825.880      91822  1040.5670  1040.5660    34.7022    34.7010    7.92301         32 0.0000e+00
   2761.000   2716.310     0.5010  30.406448     0.5018  30.406185     4.6023     4.6467    -0.0062    97.8184 1.0000e-12  -63.96594  -66.85613 330.258679      99.97 3.5258e+00   3827.831      91869  1040.5716  1040.5706    34.7022    34.7010    7.92312         39 0.0000e+00
   2762.000   2717.287     0.5013  30.406988     0.5018  30.406664     4.6040     4.6442    -0.0033    97.8221 1.0000e-12  -63.96594  -66.85613 330.258701      99.98 3.5258e+00   3829.754      91915  1040.5760  1040.5751    34.7021    34.7011    7.92308         39 0.0000e+00
   2763.000   2718.265     0.5015  30.407504     0.5019  30.407140     4.6115     4.6393    -0.0072    97.8219 1.0000e-12  -63.96594  -66.85612 330.258717      99.97 3.5258e+00   3831.144      91948  1040.5803  1040.5795    34.7021    34.7011    7.92304         29 0.0000e+00
   2764.000   2719.242     0.5015  30.408042     0.5020  30.407704     4.5995     4.6411    -0.0151    97.8268 1.0000e-12  -63.96594  -66.85610 330.258729      99.97 3.5258e+00   3832.202      91974  1040.5849  1040.5841    34.7022    34.7013    7.92302         22 0.0000e+00
   2765.000   2720.220     0.5015  30.408344     0.5020  30.408077     4.5943     4.6409    -0.0154    97.8142 1.0000e-12  -63.96594  -66.85612 330.258739      99.98 3.5258e+00   3833.084      91995  1040.5893  1040.5886    34.7022    34.7012    7.92303         21 0.0000e+00
   2766.000   2721.196     0.5016  30.408938     0.5021  30.408544     4.5980     4.6424    -0.0116    97.8216 1.0000e-12  -63.96594  -66.85611 330.258749      99.98 3.5258e+00   3833.903      92015  1040.5939  1040.5931    34.7023    34.7013    7.92300         19 0.0000e+00
   2767.000   2722.175     0.5016  30.409253     0.5020  30.408805     4.5991     4.6437    -0.0077    97.8252 1.0000e-12  -63.96594  -66.85611 330.258759      99.97 3.5258e+00   3834.743      92035  1040.5983  1040.5975    34.7022    34.7012    7.92301         21 0.0000e+00
   2768.000   2723.153     0.5013  30.409285     0.5018  30.408891     4.5934     4.6429    -0.0077    97.8236 1.0000e-12  -63.96594  -66.85612 330.258769      99.97 3.5258e+00   3835.654      92057  1040.6028  1040.6019    34.7022    34.7011    7.92308         23 0.0000e+00
   2769.000   2724.129     0.5013  30.409690     0.5017  30.409189     4.5962     4.6439    -0.0023    97.8237 1.0000e-12  -63.96594  -66.85612 330.258782      99.98 3.5258e+00   3836.726      92082  1040.6072  1040.6063    34.7021    34.7010    7.92307         29 0.0000e+00
   2770.000   2725.108     0.5014  30.410213     0.5020  30.409863     4.5936     4.6452    -0.0118    97.8227 1.0000e-12  -63.96594  -66.85612 330.258798      99.98 3.5258e+00   3838.116      92116  1040.6118  1040.6108    34.7022    34.7011    7.92305         39 0.0000e+00
   2771.000   2726.085     0.5011  30.410242     0.5017  30.409910     4.5994     4.6444    -0.0077    97.8234 1.0000e-12  -63.96594  -66.85614 330.258820      99.98 3.5258e+00   3840.064      92163  1040.6162  1040.6153    34.7021    34.7010    7.92311         42 0.0000e+00
   2772.000   2727.062     0.5005  30.410037     0.5011  30.409719     4.5966     4.6474    -0.0077    97.8174 1.0000e-12  -63.96594  -66.85614 330.258840      99.97 3.5258e+00   3841.759      92203  1040.6207  1040.6199    34.7020    34.7010    7.92324         31 0.0000e+00
   2773.000   2728.039     0.5005  30.410461     0.5009  30.410144     4.5938     4.6451    -0.0127    97.8197 1.0000e-12  -63.96594  -66.85614 330.258853      99.97 3.5258e+00   3842.876      92230  1040.6252  1040.6245    34.7021    34.7012    7.92324         24 0.0000e+00
   2774.000   2729.017     0.4996  30.410108     0.5001  30.409823     4.6037     4.6419    -0.0077    97.8173 1.0000e-12  -63.96594  -66.85614 330.258864      99.97 3.5258e+00   3843.819      92253  1040.6299  1040.6291    34.7021    34.7012    7.92342         22 0.0000e+00
   2775.000   2729.995     0.4992  30.410093     0.4997  30.409773     4.5997     4.6455    -0.0004    97.8225 1.0000e-12  -63.96594  -66.85614 330.258874      99.98 3.5258e+00   3844.744      92275  1040.6343  1040.6336    34.7020    34.7011    7.92350         23 0.0000e+00
   2776.000   2730.972     0.4986  30.409975     0.4992  30.409647     4.5917     4.6369    -0.0048    97.8129 1.0000e-12  -63.96594  -66.85614 330.258886      99.98 3.5258e+00   3845.755      92299  1040.6389  1040.6381    34.7020    34.7011    7.92363         26 0.0000e+00
   2777.000   2731.950     0.4985  30.410244     0.4989  30.409829     4.5989     4.6413    -0.0116    97.8069 1.0000e-12  -63.96594  -66.85614 330.258900      99.97 3.5258e+00   3846.997      92329  1040.6434  1040.6425    34.7020    34.7010    7.92365         31 0.0000e+00
   2778.000   2732.927     0.4979  30.410078     0.4984  30.409891     4.6128     4.6426    -0.0076    97.8068 1.0000e-12  -63.96594  -66.85614 330.258917      99.98 3.5258e+00   3848.398      92363  1040.6479  1040.6472    34.7020    34.7012    7.92378         33 0.0000e+00
   2779.000   2733.904     0.4979  30.410572     0.4984  30.410218     4.6019     4.6451    -0.0142    97.8068 1.0000e-12  -63.96594  -66.85614 330.258931      99.98 3.5258e+00   3849.667      92393  1040.6524  1040.6516    34.7021    34.7011    7.92376         29 0.0000e+00
   2780.000   2734.882     0.4981  30.411098     0.4987  30.410805     4.5878     4.6461    -0.0155    97.8068 1.0000e-12  -63.96594  -66.85614 330.258945      99.98 3.5258e+00   3850.862      92422  1040.6569  1040.6560    34.7021    34.7011    7.92373         28 0.0000e+00
   2781.000   2735.859     0.4980  30.411319     0.4985  30.411133     4.6018     4.6452    -0.0079    97.8068 1.0000e-12  -63.96594  -66.85614 330.258959      99.98 3.5258e+00   3852.051      92450  1040.6613  1040.6606    34.7020    34.7012    7.92376         29 0.0000e+00
   2782.000   2736.836     0.4979  30.411744     0.4983  30.411289     4.6060     4.6408    -0.0080    97.8068 1.0000e-12  -63.96594  -66.85614 330.258972      99.97 3.5258e+00   3853.155      92477  1040.6659  1040.6651    34.7022    34.7012    7.92377         24 0.0000e+00
   2783.000   2737.814     0.4980  30.412092     0.4985  30.411870     4.5977     4.6466    -0.0151    97.8068 1.0000e-12  -63.96594  -66.85614 330.258983      99.97 3.5258e+00   3854.156      92501  1040.6703  1040.6696    34.7021    34.7012    7.92376         24 0.0000e+00
   2784.000   2738.792     0.4980  30.412475     0.4985  30.412206     4.5874     4.6482    -0.0078    97.8068 1.0000e-12  -63.96594  -66.85614 330.258995      99.98 3.5258e+00   3855.137      92524  1040.6747  1040.6740    34.7021    34.7012    7.92376         24 0.0000e+00
   2785.000   2739.770     0.4980  30.412884     0.4985  30.412475     4.6051     4.6379    -0.0077    97.8068 1.0000e-12  -63.96594  -66.85614 330.259008      99.98 3.5258e+00   3856.281      92552  1040.6793  1040.6784    34.7021    34.7010    7.92376         33 0.0000e+00
