NBP2113_155081_ctd/data/dnbp2113_065.cnv
* Sea-Bird SBE 9 Data File:
* FileName = D:\Data\raw\NBP2113_065.hex
* Software Version Seasave V 7.26.7.121
* Temperature SN = 2438
* Conductivity SN = 2067
* Number of Bytes Per Scan = 40
* Number of Voltage Words = 5
* Number of Scans Averaged by the Deck Unit = 1
* NMEA Latitude = 64 10.49 S
* NMEA Longitude = 061 56.61 W
* NMEA UTC (Time) = Dec 14 2021  14:58:16
* NMEA baud rate = 9600
** Ship: RVIB N.B. Palmer
** Cruise: NBP2113 LTER
** Station: 741.005
** Operator: B. Urmston
# nquan = 25
# nvalues = 668                         
# units = specified
# name 0 = prDM: Pressure, Digiquartz [db]
# name 1 = depSM: Depth [salt water, m]
# name 2 = t090C: Temperature [ITS-90, deg C]
# name 3 = c0mS/cm: Conductivity [mS/cm]
# name 4 = t190C: Temperature, 2 [ITS-90, deg C]
# name 5 = c1mS/cm: Conductivity, 2 [mS/cm]
# name 6 = sbeox0ML/L: Oxygen, SBE 43 [ml/l]
# name 7 = sbeox1ML/L: Oxygen, SBE 43, 2 [ml/l]
# name 8 = flECO-AFL: Fluorescence, WET Labs ECO-AFL/FL [mg/m^3]
# name 9 = CStarTr0: Beam Transmission, WET Labs C-Star [%]
# name 10 = par: PAR/Irradiance, Biospherical/Licor
# name 11 = latitude: Latitude [deg]
# name 12 = longitude: Longitude [deg]
# name 13 = timeJ: Julian Days
# name 14 = altM: Altimeter [m]
# name 15 = spar: SPAR, Biospherical/Licor
# name 16 = timeS: Time, Elapsed [seconds]
# name 17 = scan: Scan Count
# name 18 = density00: Density [density, kg/m^3]
# name 19 = density11: Density, 2 [density, kg/m^3]
# name 20 = sal00: Salinity, Practical [PSU]
# name 21 = sal11: Salinity, Practical, 2 [PSU]
# name 22 = oxsolML/L: Oxygen Saturation, Garcia & Gordon [ml/l]
# name 23 = nbin: number of scans per bin
# name 24 = flag: flag
# span 0 =      5.000,    672.000       
# span 1 =      4.947,    664.374       
# span 2 =    -0.6483,     0.4539       
# span 3 =  28.425707,  29.126307       
# span 4 =    -0.6485,     0.4538       
# span 5 =  28.424814,  29.124899       
# span 6 =     5.3153,     7.2991       
# span 7 =     5.3913,     7.3062       
# span 8 =    -0.0298,     1.2442       
# span 9 =    84.0307,    89.7301       
# span 10 = 1.0000e-12, 1.9807e+02      
# span 11 =  -64.17472,  -64.17438      
# span 12 =  -61.94314,  -61.94236      
# span 13 = 348.626801, 348.638476      
# span 14 =       9.52,      99.97      
# span 15 = 5.1112e+02, 7.1198e+02      
# span 16 =    259.583,   1268.330      
# span 17 =       6231,      30441      
# span 18 =  1027.3588,  1030.9535      
# span 19 =  1027.3580,  1030.9522      
# span 20 =    34.0608,    34.5358      
# span 21 =    34.0583,    34.5343      
# span 22 =    7.94530,    8.17435      
# span 23 =         11,         53      
# span 24 = 0.0000e+00, 0.0000e+00      
# interval = decibars: 1                
# start_time = Dec 14 2021 14:58:16 [NMEA time, header]
# bad_flag = -9.990e-29
*END*
[from data line 580]
    585.000    578.483    -0.5779  28.461532    -0.5781  28.460281     6.0191     6.0741    -0.0169    89.6092 1.0000e-12  -64.17450  -61.94262 348.636612      94.91 5.2358e+02   1107.253      26575  1030.5396  1030.5385    34.5342    34.5328    8.15910         28 0.0000e+00
    586.000    579.471    -0.5782  28.461800    -0.5782  28.460542     6.0191     6.0769    -0.0142    89.6439 1.0000e-12  -64.17450  -61.94262 348.636625      93.37 5.2358e+02   1108.428      26603  1030.5443  1030.5430    34.5343    34.5326    8.15915         28 0.0000e+00
    587.000    580.456    -0.5778  28.462535    -0.5777  28.461459     6.0275     6.0773    -0.0267    89.6363 1.0000e-12  -64.17450  -61.94262 348.636639      92.45 5.2358e+02   1109.607      26632  1030.5491  1030.5478    34.5343    34.5327    8.15908         29 0.0000e+00
    588.000    581.445    -0.5778  28.463038    -0.5753  28.463800     6.0196     6.0775    -0.0296    89.6487 1.0000e-12  -64.17450  -61.94262 348.636652      91.51 5.2358e+02   1110.767      26659  1030.5538  1030.5521    34.5344    34.5325    8.15908         27 0.0000e+00
    589.000    582.432    -0.5742  28.466384    -0.5721  28.467595     6.0166     6.0779    -0.0224    89.6254 1.0000e-12  -64.17450  -61.94262 348.636665      90.77 5.2358e+02   1111.895      26686  1030.5581  1030.5573    34.5341    34.5334    8.15831         26 0.0000e+00
    590.000    583.419    -0.5694  28.471590    -0.5688  28.470967     6.0187     6.0783    -0.0152    89.6424 1.0000e-12  -64.17450  -61.94262 348.636679      89.60 5.2358e+02   1113.025      26714  1030.5631  1030.5619    34.5351    34.5336    8.15722         28 0.0000e+00
    591.000    584.407    -0.5680  28.473172    -0.5689  28.471346     6.0121     6.0776    -0.0219    89.6013 1.0000e-12  -64.17450  -61.94262 348.636692      89.05 5.2358e+02   1114.167      26741  1030.5678  1030.5667    34.5351    34.5337    8.15693         27 0.0000e+00
    592.000    585.395    -0.5683  28.473688    -0.5690  28.471810     6.0091     6.0784    -0.0219    89.6137 1.0000e-12  -64.17450  -61.94262 348.636705      87.83 5.2358e+02   1115.300      26768  1030.5728  1030.5715    34.5355    34.5337    8.15697         27 0.0000e+00
    593.000    586.383    -0.5695  28.473041    -0.5705  28.470858     6.0125     6.0727    -0.0216    89.6454 1.0000e-12  -64.17450  -61.94262 348.636718      86.60 5.2358e+02   1116.425      26795  1030.5775  1030.5762    34.5353    34.5335    8.15722         27 0.0000e+00
    594.000    587.369    -0.5658  28.476368    -0.5663  28.474781     6.0104     6.0710    -0.0213    89.6249 1.0000e-12  -64.17450  -61.94260 348.636731      85.60 5.2358e+02   1117.562      26822  1030.5818  1030.5805    34.5351    34.5335    8.15645         28 0.0000e+00
    595.000    588.356    -0.5635  28.479254    -0.5637  28.477919     6.0115     6.0727    -0.0221    89.6156 1.0000e-12  -64.17450  -61.94260 348.636745      84.99 5.2358e+02   1118.742      26851  1030.5868  1030.5856    34.5357    34.5342    8.15592         28 0.0000e+00
    596.000    589.346    -0.5634  28.479854    -0.5633  28.478672     6.0130     6.0727    -0.0195    89.6287 1.0000e-12  -64.17450  -61.94260 348.636758      83.58 5.2358e+02   1119.910      26879  1030.5916  1030.5903    34.5357    34.5341    8.15589         28 0.0000e+00
    597.000    590.332    -0.5645  28.479248    -0.5647  28.478066     6.0081     6.0686    -0.0156    89.6213 1.0000e-12  -64.17450  -61.94260 348.636771      82.41 5.2358e+02   1121.049      26906  1030.5964  1030.5953    34.5356    34.5343    8.15614         28 0.0000e+00
    598.000    591.319    -0.5642  28.479969    -0.5644  28.478663     6.0150     6.0751    -0.0194    89.6137 1.0000e-12  -64.17450  -61.94260 348.636785      81.31 5.2358e+02   1122.198      26934  1030.6011  1030.5999    34.5357    34.5341    8.15607         27 0.0000e+00
    599.000    592.306    -0.5660  28.478854    -0.5657  28.477939     6.0154     6.0731    -0.0204    89.6296 1.0000e-12  -64.17450  -61.94260 348.636799      80.59 5.2358e+02   1123.393      26962  1030.6060  1030.6047    34.5356    34.5341    8.15646         30 0.0000e+00
    600.000    593.294    -0.5659  28.479259    -0.5651  28.479014     6.0144     6.0797    -0.0298    89.6069 1.0000e-12  -64.17450  -61.94260 348.636814      79.48 5.2358e+02   1124.704      26994  1030.6106  1030.6094    34.5355    34.5342    8.15645         32 0.0000e+00
    601.000    594.281    -0.5652  28.480427    -0.5655  28.478967     6.0079     6.0752    -0.0119    89.6389 1.0000e-12  -64.17450  -61.94260 348.636829      78.67 5.2358e+02   1126.035      27026  1030.6153  1030.6141    34.5356    34.5340    8.15629         32 0.0000e+00
    602.000    595.269    -0.5651  28.480966    -0.5653  28.479703     6.0093     6.0781    -0.0203    89.6579 1.0000e-12  -64.17450  -61.94260 348.636843      77.55 5.2358e+02   1127.264      27055  1030.6201  1030.6189    34.5356    34.5341    8.15626         28 0.0000e+00
    603.000    596.255    -0.5648  28.481760    -0.5648  28.480532     6.0172     6.0726    -0.0150    89.6689 1.0000e-12  -64.17450  -61.94260 348.636856      76.62 5.2358e+02   1128.395      27082  1030.6249  1030.6236    34.5358    34.5341    8.15620         26 0.0000e+00
    604.000    597.243    -0.5656  28.481603    -0.5657  28.480373     6.0143     6.0725    -0.0213    89.6327 1.0000e-12  -64.17449  -61.94258 348.636869      75.88 5.2358e+02   1129.506      27109  1030.6298  1030.6285    34.5358    34.5343    8.15636         28 0.0000e+00
    605.000    598.232    -0.5660  28.481444    -0.5661  28.480342     6.0034     6.0713    -0.0173    89.6238 1.0000e-12  -64.17448  -61.94258 348.636883      74.23 5.2358e+02   1130.699      27138  1030.6343  1030.6332    34.5355    34.5342    8.15647         30 0.0000e+00
    606.000    599.218    -0.5659  28.482031    -0.5661  28.480744     6.0078     6.0756    -0.0262    89.6327 1.0000e-12  -64.17448  -61.94258 348.636899      73.42 5.2358e+02   1132.048      27170  1030.6390  1030.6378    34.5356    34.5341    8.15644         34 0.0000e+00
    607.000    600.205    -0.5672  28.481488    -0.5672  28.480217     6.0122     6.0762    -0.0218    89.6660 1.0000e-12  -64.17448  -61.94258 348.636915      72.66 5.2358e+02   1133.494      27205  1030.6439  1030.6426    34.5357    34.5340    8.15671         33 0.0000e+00
    608.000    601.193    -0.5670  28.481885    -0.5674  28.480418     6.0091     6.0785    -0.0158    89.6434 1.0000e-12  -64.17448  -61.94258 348.636931      71.54 5.2358e+02   1134.830      27237  1030.6484  1030.6473    34.5355    34.5340    8.15669         29 0.0000e+00
    609.000    602.180    -0.5666  28.482827    -0.5669  28.481331     6.0014     6.0791    -0.0148    89.6459 1.0000e-12  -64.17448  -61.94258 348.636945      70.87 5.2358e+02   1136.031      27266  1030.6533  1030.6520    34.5356    34.5340    8.15658         29 0.0000e+00
    610.000    603.168    -0.5702  28.480153    -0.5698  28.479488     5.9959     6.0749    -0.0200    89.6490 1.0000e-12  -64.17448  -61.94258 348.636959      69.57 5.2358e+02   1137.293      27296  1030.6582  1030.6571    34.5355    34.5342    8.15736         32 0.0000e+00
    611.000    604.153    -0.5728  28.478068    -0.5726  28.477176     6.0121     6.0760    -0.0170    89.6170 1.0000e-12  -64.17448  -61.94258 348.636976      68.45 5.2353e+02   1138.710      27330  1030.6628  1030.6617    34.5351    34.5337    8.15796         33 0.0000e+00
    612.000    605.143    -0.5760  28.475792    -0.5763  28.474528     6.0191     6.0784    -0.0220    89.6728 1.0000e-12  -64.17448  -61.94258 348.636992      67.46 5.2320e+02   1140.139      27364  1030.6677  1030.6667    34.5350    34.5337    8.15864         33 0.0000e+00
    613.000    606.129    -0.5836  28.469616    -0.5836  28.468440     6.0267     6.0711    -0.0170    89.6692 1.0000e-12  -64.17448  -61.94257 348.637008      66.29 5.2206e+02   1141.509      27397  1030.6729  1030.6716    34.5348    34.5332    8.16030         34 0.0000e+00
    614.000    607.115    -0.5903  28.463870    -0.5906  28.462516     6.0162     6.0768    -0.0297    89.6471 1.0000e-12  -64.17448  -61.94256 348.637024      65.92 5.2181e+02   1142.903      27431  1030.6776  1030.6764    34.5341    34.5326    8.16178         31 0.0000e+00
    615.000    608.106    -0.5952  28.459854    -0.5951  28.458828     6.0139     6.0806    -0.0297    89.6492 1.0000e-12  -64.17448  -61.94256 348.637041      64.60 5.2181e+02   1144.344      27465  1030.6823  1030.6811    34.5337    34.5322    8.16286         36 0.0000e+00
    616.000    609.091    -0.5983  28.457436    -0.5984  28.456242     6.0186     6.0835    -0.0228    89.6448 1.0000e-12  -64.17448  -61.94256 348.637060      63.79 5.2181e+02   1145.947      27504  1030.6869  1030.6857    34.5333    34.5318    8.16354         41 0.0000e+00
    617.000    610.079    -0.5974  28.458696    -0.5976  28.457324     6.0282     6.0856    -0.0255    89.6510 1.0000e-12  -64.17448  -61.94256 348.637079      62.47 5.2181e+02   1147.621      27544  1030.6916  1030.6903    34.5335    34.5318    8.16335         38 0.0000e+00
    618.000    611.065    -0.5974  28.459125    -0.5972  28.458328     6.0182     6.0855    -0.0229    89.6782 1.0000e-12  -64.17448  -61.94256 348.637096      61.45 5.2181e+02   1149.104      27579  1030.6962  1030.6951    34.5334    34.5321    8.16335         29 0.0000e+00
    619.000    612.053    -0.6012  28.456339    -0.6006  28.455856     6.0230     6.0867    -0.0202    89.6475 1.0000e-12  -64.17446  -61.94256 348.637112      60.71 5.2181e+02   1150.466      27612  1030.7012  1030.7000    34.5334    34.5320    8.16417         34 0.0000e+00
    620.000    613.042    -0.6025  28.455605    -0.6026  28.454483     6.0155     6.0860    -0.0187    89.6618 1.0000e-12  -64.17446  -61.94256 348.637130      59.62 5.2181e+02   1151.998      27649  1030.7059  1030.7047    34.5333    34.5319    8.16446         38 0.0000e+00
    621.000    614.028    -0.6042  28.454625    -0.6044  28.453382     6.0215     6.0840    -0.0246    89.6661 1.0000e-12  -64.17446  -61.94256 348.637150      58.57 5.2181e+02   1153.743      27691  1030.7107  1030.7095    34.5333    34.5319    8.16482         40 0.0000e+00
    622.000    615.016    -0.6039  28.455314    -0.6041  28.454079     6.0179     6.0850    -0.0097    89.6647 1.0000e-12  -64.17446  -61.94254 348.637169      57.64 5.2181e+02   1155.425      27731  1030.7153  1030.7141    34.5333    34.5318    8.16476         35 0.0000e+00
    623.000    616.002    -0.6047  28.455101    -0.6044  28.454281     6.0219     6.0868    -0.0081    89.6646 1.0000e-12  -64.17446  -61.94254 348.637186      56.84 5.2124e+02   1156.858      27766  1030.7201  1030.7189    34.5334    34.5319    8.16493         34 0.0000e+00
    624.000    616.990    -0.6050  28.455329    -0.6049  28.454257     6.0152     6.0863    -0.0189    89.6706 1.0000e-12  -64.17446  -61.94254 348.637202      55.95 5.2031e+02   1158.279      27800  1030.7248  1030.7235    34.5334    34.5317    8.16499         35 0.0000e+00
    625.000    617.978    -0.6049  28.455842    -0.6046  28.454967     6.0267     6.0881    -0.0143    89.6056 1.0000e-12  -64.17446  -61.94254 348.637221      54.65 5.2005e+02   1159.849      27837  1030.7295  1030.7283    34.5334    34.5319    8.16497         38 0.0000e+00
    626.000    618.964    -0.6057  28.455710    -0.6055  28.454641     6.0261     6.0858    -0.0211    89.6326 1.0000e-12  -64.17446  -61.94254 348.637240      53.57 5.2005e+02   1161.566      27879  1030.7343  1030.7330    34.5334    34.5318    8.16513         40 0.0000e+00
    627.000    619.952    -0.6069  28.455020    -0.6070  28.453726     6.0280     6.0812    -0.0214    89.5854 1.0000e-12  -64.17446  -61.94254 348.637259      52.53 5.2076e+02   1163.158      27917  1030.7390  1030.7378    34.5333    34.5317    8.16541         36 0.0000e+00
    628.000    620.939    -0.6077  28.454791    -0.6078  28.453599     6.0243     6.0878    -0.0234    89.6429 1.0000e-12  -64.17446  -61.94254 348.637276      51.78 5.2131e+02   1164.631      27952  1030.7437  1030.7426    34.5332    34.5318    8.16557         35 0.0000e+00
    629.000    621.927    -0.6090  28.454151    -0.6092  28.452852     6.0238     6.0888    -0.0220    89.6435 1.0000e-12  -64.17446  -61.94254 348.637293      50.66 5.2157e+02   1166.152      27989  1030.7486  1030.7474    34.5333    34.5318    8.16585         37 0.0000e+00
    630.000    622.913    -0.6105  28.453238    -0.6107  28.451971     6.0275     6.0891    -0.0149    89.6650 1.0000e-12  -64.17446  -61.94254 348.637313      49.79 5.2100e+02   1167.803      28028  1030.7533  1030.7521    34.5332    34.5317    8.16618         39 0.0000e+00
    631.000    623.901    -0.6104  28.453738    -0.6102  28.452747     6.0241     6.0905    -0.0181    89.6536 1.0000e-12  -64.17446  -61.94252 348.637332      48.96 5.2127e+02   1169.449      28068  1030.7580  1030.7568    34.5332    34.5316    8.16617         36 0.0000e+00
    632.000    624.888    -0.6108  28.453836    -0.6109  28.452534     6.0272     6.0913    -0.0220    89.6798 1.0000e-12  -64.17446  -61.94252 348.637349      48.12 5.2182e+02   1170.945      28104  1030.7627  1030.7614    34.5331    34.5315    8.16624         33 0.0000e+00
    633.000    625.874    -0.6112  28.454014    -0.6113  28.452680     6.0265     6.0904    -0.0276    89.6597 1.0000e-12  -64.17446  -61.94252 348.637366      46.88 5.2181e+02   1172.433      28139  1030.7675  1030.7662    34.5332    34.5316    8.16632         32 0.0000e+00
    634.000    626.863    -0.6114  28.454195    -0.6115  28.452954     6.0267     6.0859    -0.0213    89.6470 1.0000e-12  -64.17446  -61.94252 348.637385      45.81 5.2181e+02   1174.043      28178  1030.7722  1030.7709    34.5331    34.5315    8.16638         38 0.0000e+00
    635.000    627.850    -0.6113  28.454712    -0.6116  28.453453     6.0257     6.0849    -0.0158    89.6241 1.0000e-12  -64.17445  -61.94252 348.637403      44.82 5.2181e+02   1175.593      28215  1030.7768  1030.7757    34.5331    34.5317    8.16636         35 0.0000e+00
    636.000    628.836    -0.6110  28.455434    -0.6110  28.454303     6.0181     6.0886    -0.0212    89.6592 1.0000e-12  -64.17444  -61.94252 348.637421      43.97 5.2181e+02   1177.154      28253  1030.7816  1030.7804    34.5332    34.5317    8.16630         37 0.0000e+00
    637.000    629.826    -0.6110  28.455899    -0.6110  28.454760     6.0291     6.0895    -0.0209    89.6448 1.0000e-12  -64.17444  -61.94252 348.637440      43.04 5.2205e+02   1178.778      28292  1030.7862  1030.7850    34.5331    34.5316    8.16629         35 0.0000e+00
    638.000    630.811    -0.6110  28.456300    -0.6112  28.454992     6.0292     6.0910    -0.0181    89.6442 1.0000e-12  -64.17444  -61.94252 348.637458      41.95 5.2347e+02   1180.375      28330  1030.7910  1030.7898    34.5332    34.5316    8.16630         32 0.0000e+00
    639.000    631.800    -0.6114  28.456469    -0.6115  28.455247     6.0265     6.0894    -0.0254    89.6584 1.0000e-12  -64.17444  -61.94251 348.637477      40.80 5.2317e+02   1182.020      28369  1030.7957  1030.7946    34.5332    34.5317    8.16637         35 0.0000e+00
    640.000    632.786    -0.6121  28.456526    -0.6121  28.455227     6.0265     6.0873    -0.0243    89.6478 1.0000e-12  -64.17444  -61.94250 348.637494      40.19 5.2338e+02   1183.501      28405  1030.8007  1030.7994    34.5334    34.5318    8.16650         35 0.0000e+00
    641.000    633.774    -0.6122  28.456674    -0.6123  28.455539     6.0254     6.0851    -0.0252    89.6357 1.0000e-12  -64.17444  -61.94250 348.637512      38.90 5.2348e+02   1185.015      28441  1030.8053  1030.8042    34.5332    34.5318    8.16656         34 0.0000e+00
