NBP2113_155081_ctd/data/dnbp2113_039.cnv
* Sea-Bird SBE 9 Data File:
* FileName = D:\Data\raw\NBP2113_039.hex
* Software Version Seasave V 7.26.7.121
* Temperature SN = 2438
* Conductivity SN = 2067
* Number of Bytes Per Scan = 40
* Number of Voltage Words = 5
* Number of Scans Averaged by the Deck Unit = 1
* NMEA Latitude = 64 52.75 S
* NMEA Longitude = 063 56.20 W
* NMEA UTC (Time) = Dec 10 2021  11:48:20
* NMEA baud rate = 9600
** Ship: RVIB N.B. Palmer
** Cruise: NBP2113 LTER
** Station: 619.027
** Operator: B. Urmston
# nquan = 25
# nvalues = 265                         
# units = specified
# name 0 = prDM: Pressure, Digiquartz [db]
# name 1 = depSM: Depth [salt water, m]
# name 2 = t090C: Temperature [ITS-90, deg C]
# name 3 = c0mS/cm: Conductivity [mS/cm]
# name 4 = t190C: Temperature, 2 [ITS-90, deg C]
# name 5 = c1mS/cm: Conductivity, 2 [mS/cm]
# name 6 = sbeox0ML/L: Oxygen, SBE 43 [ml/l]
# name 7 = sbeox1ML/L: Oxygen, SBE 43, 2 [ml/l]
# name 8 = flECO-AFL: Fluorescence, WET Labs ECO-AFL/FL [mg/m^3]
# name 9 = CStarTr0: Beam Transmission, WET Labs C-Star [%]
# name 10 = par: PAR/Irradiance, Biospherical/Licor
# name 11 = latitude: Latitude [deg]
# name 12 = longitude: Longitude [deg]
# name 13 = timeJ: Julian Days
# name 14 = altM: Altimeter [m]
# name 15 = spar: SPAR, Biospherical/Licor
# name 16 = timeS: Time, Elapsed [seconds]
# name 17 = scan: Scan Count
# name 18 = density00: Density [density, kg/m^3]
# name 19 = density11: Density, 2 [density, kg/m^3]
# name 20 = sal00: Salinity, Practical [PSU]
# name 21 = sal11: Salinity, Practical, 2 [PSU]
# name 22 = oxsolML/L: Oxygen Saturation, Garcia & Gordon [ml/l]
# name 23 = nbin: number of scans per bin
# name 24 = flag: flag
# span 0 =      6.000,    270.000       
# span 1 =      5.940,    267.165       
# span 2 =    -0.3465,     1.2209       
# span 3 =  27.883225,  29.922690       
# span 4 =    -0.3459,     1.2252       
# span 5 =  27.881657,  29.926205       
# span 6 =     4.3942,     7.9137       
# span 7 =     4.4689,     7.9864       
# span 8 =    -0.0063,     1.6014       
# span 9 =    89.2247,    94.9670       
# span 10 = -1.202e-05, 1.0683e+02      
# span 11 =  -64.87890,  -64.87876      
# span 12 =  -63.93682,  -63.93677      
# span 13 = 344.494863, 344.501909      
# span 14 =       8.02,      99.98      
# span 15 = 3.1620e+02, 3.7061e+02      
# span 16 =    256.167,    864.913      
# span 17 =       6149,      20759      
# span 18 =  1027.2198,  1028.9998      
# span 19 =  1027.2177,  1028.9986      
# span 20 =    33.8452,    34.6208      
# span 21 =    33.8426,    34.6203      
# span 22 =    7.78250,    8.14895      
# span 23 =          9,         48      
# span 24 = 0.0000e+00, 0.0000e+00      
# interval = decibars: 1                
# start_time = Dec 10 2021 11:48:20 [NMEA time, header]
# bad_flag = -9.990e-29
*END*
[from data line 174]
    180.000    178.160     0.7501  29.371105     0.7486  29.368412     5.1166     5.1928     0.0394    94.8456 1.0000e-12  -64.87884  -63.93680 344.499308      99.77 3.6127e+02    640.212      15366  1028.4982  1028.4968    34.4844    34.4825    7.88436         27 0.0000e+00
    181.000    179.148     0.7536  29.375270     0.7521  29.372128     5.1094     5.1880     0.0252    94.8523 1.0000e-12  -64.87884  -63.93680 344.499324      99.54 3.6139e+02    641.611      15400  1028.5036  1028.5018    34.4854    34.4830    7.88360         38 0.0000e+00
    182.000    180.137     0.7563  29.378661     0.7578  29.378621     5.1040     5.1890     0.0349    94.8345 1.0000e-12  -64.87884  -63.93680 344.499344      99.00 3.6139e+02    643.321      15441  1028.5090  1028.5074    34.4862    34.4844    7.88301         37 0.0000e+00
    183.000    181.127     0.7605  29.383401     0.7602  29.381817     5.1061     5.1898     0.0329    94.8324 1.0000e-12  -64.87884  -63.93680 344.499363      98.46 3.6139e+02    644.983      15481  1028.5142  1028.5129    34.4871    34.4853    7.88211         39 0.0000e+00
    184.000    182.117     0.7615  29.385126     0.7615  29.383878     5.1081     5.1806     0.0363    94.8338 1.0000e-12  -64.87884  -63.93680 344.499383      97.13 3.6102e+02    646.676      15521  1028.5195  1028.5182    34.4876    34.4859    7.88187         39 0.0000e+00
    185.000    183.106     0.7622  29.386351     0.7620  29.384695     5.1056     5.1738     0.0313    94.8419 1.0000e-12  -64.87884  -63.93680 344.499398      96.34 3.5961e+02    648.015      15553  1028.5245  1028.5229    34.4878    34.4859    7.88172         27 0.0000e+00
    186.000    184.096     0.7665  29.391299     0.7659  29.389497     5.1004     5.1694     0.0331    94.8200 1.0000e-12  -64.87884  -63.93680 344.499410      94.92 3.5963e+02    648.997      15577  1028.5297  1028.5285    34.4888    34.4872    7.88079         21 0.0000e+00
    187.000    185.083     0.7671  29.392768     0.7666  29.391018     5.0901     5.1600     0.0361    94.8212 1.0000e-12  -64.87884  -63.93679 344.499419      94.46 3.5963e+02    649.836      15597  1028.5350  1028.5336    34.4895    34.4878    7.88063         20 0.0000e+00
    188.000    186.075     0.7668  29.392726     0.7664  29.390840     5.0813     5.1521     0.0362    94.8239 1.0000e-12  -64.87884  -63.93679 344.499429      93.39 3.5963e+02    650.648      15617  1028.5396  1028.5380    34.4892    34.4872    7.88071         19 0.0000e+00
    189.000    187.063     0.7752  29.401549     0.7750  29.400293     5.0706     5.1472     0.0432    94.8372 1.0000e-12  -64.87884  -63.93680 344.499439      92.37 3.5963e+02    651.508      15637  1028.5449  1028.5437    34.4907    34.4893    7.87893         22 0.0000e+00
    190.000    188.052     0.7816  29.410040     0.7817  29.408827     5.0576     5.1432     0.0325    94.8324 1.0000e-12  -64.87884  -63.93680 344.499450      91.28 3.5963e+02    652.470      15660  1028.5517  1028.5503    34.4940    34.4923    7.87745         25 0.0000e+00
    191.000    189.043     0.7854  29.414480     0.7856  29.413380     5.0431     5.1367     0.0402    94.8459 1.0000e-12  -64.87884  -63.93680 344.499463      90.20 3.5963e+02    653.621      15688  1028.5569  1028.5556    34.4950    34.4933    7.87663         31 0.0000e+00
    192.000    190.031     0.7906  29.420655     0.7913  29.419920     5.0437     5.1311     0.0329    94.8544 1.0000e-12  -64.87884  -63.93680 344.499482      89.05 3.5963e+02    655.207      15726  1028.5626  1028.5611    34.4965    34.4948    7.87548         35 0.0000e+00
    193.000    191.021     0.7967  29.427938     0.7971  29.426982     5.0367     5.1195     0.0433    94.8467 1.0000e-12  -64.87884  -63.93680 344.499507      88.00 3.5963e+02    657.378      15778  1028.5686  1028.5672    34.4986    34.4969    7.87413         41 0.0000e+00
    194.000    192.011     0.8031  29.434929     0.8031  29.433645     5.0348     5.1088     0.0396    94.8396 1.0000e-12  -64.87885  -63.93680 344.499524      87.23 3.5813e+02    658.847      15813  1028.5739  1028.5726    34.5000    34.4983    7.87276         27 0.0000e+00
    195.000    192.997     0.8065  29.439538     0.8065  29.438308     5.0258     5.1059     0.0362    94.8513 1.0000e-12  -64.87886  -63.93680 344.499535      86.54 3.5786e+02    659.842      15837  1028.5798  1028.5785    34.5016    34.5000    7.87199         23 0.0000e+00
    196.000    193.989     0.8071  29.440716     0.8071  29.439534     5.0185     5.0968     0.0342    94.8745 1.0000e-12  -64.87886  -63.93680 344.499546      85.11 3.5786e+02    660.730      15859  1028.5847  1028.5835    34.5019    34.5003    7.87185         21 0.0000e+00
    197.000    194.978     0.8115  29.445835     0.8113  29.444378     5.0123     5.0904     0.0299    94.8682 1.0000e-12  -64.87886  -63.93680 344.499556      84.44 3.5786e+02    661.677      15881  1028.5901  1028.5888    34.5031    34.5014    7.87090         24 0.0000e+00
    198.000    195.967     0.8142  29.449760     0.8141  29.448306     5.0134     5.0882     0.0362    94.8149 1.0000e-12  -64.87886  -63.93680 344.499569      83.48 3.5800e+02    662.730      15907  1028.5958  1028.5944    34.5045    34.5027    7.87027         26 0.0000e+00
    199.000    196.955     0.8157  29.451827     0.8158  29.450692     5.0127     5.0860     0.0342    94.8542 1.0000e-12  -64.87886  -63.93680 344.499581      81.81 3.5945e+02    663.830      15933  1028.6008  1028.5995    34.5049    34.5034    7.86995         26 0.0000e+00
    200.000    197.946     0.8167  29.453566     0.8166  29.452096     5.0044     5.0827     0.0155    94.8287 1.0000e-12  -64.87886  -63.93680 344.499594      80.73 3.5963e+02    664.962      15960  1028.6059  1028.6045    34.5054    34.5037    7.86971         29 0.0000e+00
    201.000    198.935     0.8200  29.457332     0.8201  29.456133     5.0050     5.0758     0.0277    94.8513 1.0000e-12  -64.87886  -63.93680 344.499610      80.31 3.5913e+02    666.330      15993  1028.6110  1028.6096    34.5061    34.5044    7.86901         36 0.0000e+00
    202.000    199.924     0.8246  29.463100     0.8240  29.461141     5.0007     5.0712     0.0361    94.8695 1.0000e-12  -64.87886  -63.93680 344.499629      79.06 3.5788e+02    667.943      16032  1028.6168  1028.6153    34.5079    34.5060    7.86799         30 0.0000e+00
    203.000    200.912     0.8252  29.464130     0.8253  29.462975     4.9875     5.0674     0.0362    94.8461 1.0000e-12  -64.87886  -63.93680 344.499645      78.42 3.5786e+02    669.316      16065  1028.6217  1028.6203    34.5080    34.5063    7.86786         29 0.0000e+00
    204.000    201.902     0.8287  29.468360     0.8290  29.467255     4.9856     5.0642     0.0359    94.8110 1.0000e-12  -64.87886  -63.93680 344.499657      77.09 3.5786e+02    670.373      16090  1028.6268  1028.6255    34.5089    34.5072    7.86709         23 0.0000e+00
    205.000    202.891     0.8314  29.472032     0.8311  29.470352     4.9810     5.0601     0.0289    94.8605 1.0000e-12  -64.87886  -63.93680 344.499668      76.62 3.5786e+02    671.339      16113  1028.6324  1028.6309    34.5101    34.5083    7.86649         23 0.0000e+00
    206.000    203.882     0.8331  29.473974     0.8341  29.473641     4.9663     5.0535     0.0289    94.8466 1.0000e-12  -64.87886  -63.93680 344.499680      74.87 3.5786e+02    672.388      16138  1028.6370  1028.6356    34.5102    34.5086    7.86615         28 0.0000e+00
    207.000    204.869     0.8400  29.481734     0.8400  29.480586     4.9600     5.0422     0.0413    94.8587 1.0000e-12  -64.87886  -63.93680 344.499694      73.61 3.5786e+02    673.607      16168  1028.6426  1028.6414    34.5120    34.5105    7.86465         31 0.0000e+00
    208.000    205.860     0.8424  29.485136     0.8423  29.483600     4.9548     5.0373     0.0290    94.8539 1.0000e-12  -64.87886  -63.93681 344.499710      73.38 3.5786e+02    674.910      16199  1028.6481  1028.6466    34.5131    34.5112    7.86410         31 0.0000e+00
    209.000    206.847     0.8472  29.490938     0.8472  29.489377     4.9588     5.0358     0.0368    94.8674 1.0000e-12  -64.87886  -63.93682 344.499726      71.63 3.5786e+02    676.302      16232  1028.6537  1028.6521    34.5146    34.5126    7.86304         34 0.0000e+00
    210.000    207.837     0.8497  29.494045     0.8495  29.492610     4.9590     5.0290     0.0342    94.8464 1.0000e-12  -64.87886  -63.93680 344.499744      70.75 3.5786e+02    677.868      16270  1028.6589  1028.6576    34.5154    34.5137    7.86251         39 0.0000e+00
    211.000    208.826     0.8501  29.495040     0.8506  29.493971     4.9385     5.0221     0.0125    94.8483 1.0000e-12  -64.87886  -63.93680 344.499760      69.61 3.5707e+02    679.292      16304  1028.6639  1028.6623    34.5156    34.5137    7.86241         29 0.0000e+00
    212.000    209.818     0.8564  29.501981     0.8573  29.502018     4.9346     5.0160     0.0302    94.9083 1.0000e-12  -64.87886  -63.93680 344.499773      68.77 3.5610e+02    680.375      16330  1028.6691  1028.6682    34.5170    34.5160    7.86107         23 0.0000e+00
    213.000    210.804     0.8608  29.507203     0.8618  29.506978     4.9314     5.0070     0.0366    94.8810 1.0000e-12  -64.87886  -63.93680 344.499784      68.32 3.5610e+02    681.297      16352  1028.6745  1028.6733    34.5182    34.5169    7.86010         21 0.0000e+00
    214.000    211.794     0.8660  29.513551     0.8666  29.512984     4.9287     4.9964     0.0153    94.8499 1.0000e-12  -64.87886  -63.93680 344.499794      66.39 3.5610e+02    682.184      16373  1028.6803  1028.6792    34.5201    34.5188    7.85896         21 0.0000e+00
    215.000    212.783     0.8682  29.516297     0.8685  29.515387     4.9232     4.9991     0.0247    94.8444 1.0000e-12  -64.87886  -63.93680 344.499804      66.00 3.5610e+02    683.072      16395  1028.6853  1028.6841    34.5207    34.5191    7.85849         22 0.0000e+00
    216.000    213.773     0.8731  29.522176     0.8724  29.520034     4.9202     5.0038     0.0251    94.8456 1.0000e-12  -64.87886  -63.93680 344.499815      64.46 3.5610e+02    683.991      16417  1028.6909  1028.6894    34.5222    34.5202    7.85741         23 0.0000e+00
    217.000    214.762     0.8741  29.523674     0.8734  29.521714     4.9243     5.0031     0.0217    94.8438 1.0000e-12  -64.87886  -63.93681 344.499827      63.22 3.5610e+02    685.025      16442  1028.6958  1028.6944    34.5224    34.5206    7.85719         28 0.0000e+00
    218.000    215.751     0.8737  29.523518     0.8746  29.523239     4.9268     4.9964     0.0202    94.8324 1.0000e-12  -64.87886  -63.93682 344.499848      62.08 3.5610e+02    686.850      16485  1028.7004  1028.6992    34.5221    34.5207    7.85729         37 0.0000e+00
    219.000    216.740     0.8767  29.527164     0.8762  29.525357     4.9274     4.9911     0.0322    94.8532 1.0000e-12  -64.87886  -63.93681 344.499882      60.96 3.5561e+02    689.819      16557  1028.7057  1028.7043    34.5229    34.5211    7.85665         37 0.0000e+00
    220.000    217.730     0.8774  29.528416     0.8781  29.527898     4.9206     4.9914     0.0217    94.8488 1.0000e-12  -64.87886  -63.93680 344.499896      60.26 3.5380e+02    691.043      16586  1028.7106  1028.7094    34.5232    34.5217    7.85649         24 0.0000e+00
    221.000    218.718     0.8792  29.530719     0.8789  29.529172     4.9082     4.9886     0.0149    94.8193 1.0000e-12  -64.87886  -63.93680 344.499907      59.16 3.5256e+02    691.955      16608  1028.7154  1028.7142    34.5236    34.5219    7.85611         20 0.0000e+00
    222.000    219.706     0.8802  29.532293     0.8803  29.531195     4.9087     4.9858     0.0224    94.8186 1.0000e-12  -64.87886  -63.93680 344.499916      58.31 3.5311e+02    692.777      16628  1028.7204  1028.7191    34.5239    34.5223    7.85588         20 0.0000e+00
    223.000    220.698     0.8800  29.532608     0.8802  29.531515     4.9138     4.9824     0.0258    94.7969 1.0000e-12  -64.87886  -63.93680 344.499926      57.73 3.5434e+02    693.583      16647  1028.7252  1028.7238    34.5239    34.5223    7.85592         19 0.0000e+00
    224.000    221.685     0.8802  29.533254     0.8802  29.531959     4.9182     4.9876     0.0142    94.7445 1.0000e-12  -64.87886  -63.93680 344.499935      56.31 3.5434e+02    694.406      16667  1028.7299  1028.7286    34.5239    34.5223    7.85588         20 0.0000e+00
    225.000    222.675     0.8800  29.533394     0.8797  29.531902     4.9232     4.9921     0.0206    94.7682 1.0000e-12  -64.87886  -63.93680 344.499945      55.11 3.5577e+02    695.265      16687  1028.7346  1028.7333    34.5238    34.5221    7.85594         22 0.0000e+00
    226.000    223.664     0.8796  29.533477     0.8797  29.532283     4.9260     4.9900     0.0267    94.7952 1.0000e-12  -64.87886  -63.93680 344.499956      54.17 3.5609e+02    696.239      16711  1028.7393  1028.7380    34.5237    34.5221    7.85601         26 0.0000e+00
    227.000    224.654     0.8798  29.534064     0.8797  29.532570     4.9229     4.9884     0.0250    94.7898 1.0000e-12  -64.87886  -63.93682 344.499972      52.82 3.5545e+02    697.593      16743  1028.7440  1028.7426    34.5237    34.5219    7.85598         35 0.0000e+00
    228.000    225.643     0.8843  29.539061     0.8842  29.537601     4.9014     4.9645     0.0278    94.7920 1.0000e-12  -64.87886  -63.93681 344.499998      51.68 3.5417e+02    699.870      16798  1028.7491  1028.7477    34.5246    34.5228    7.85502         38 0.0000e+00
    229.000    226.631     0.8945  29.550564     0.8929  29.547559     4.8735     4.9395     0.0164    94.8252 1.0000e-12  -64.87886  -63.93680 344.500020      50.62 3.5266e+02    701.729      16843  1028.7551  1028.7537    34.5274    34.5254    7.85280         31 0.0000e+00
    230.000    227.621     0.8995  29.554982     0.9018  29.555985     4.7769     4.8814     0.0196    94.7862 1.0000e-12  -64.87886  -63.93680 344.500033      49.87 3.5420e+02    702.813      16869  1028.7593  1028.7579    34.5271    34.5258    7.85183         26 0.0000e+00
    231.000    228.609     0.9240  29.581210     0.9244  29.580303     4.6552     4.8085     0.0269    94.7687 1.0000e-12  -64.87886  -63.93680 344.500045      48.96 3.5434e+02    703.900      16895  1028.7665  1028.7651    34.5332    34.5316    7.84656         27 0.0000e+00
    232.000    229.599     0.9897  29.651820     0.9878  29.647681     4.6186     4.7718     0.0181    94.7937 1.0000e-12  -64.87886  -63.93680 344.500058      47.53 3.5434e+02    705.045      16922  1028.7791  1028.7767    34.5508    34.5475    7.83240         28 0.0000e+00
    233.000    230.588     1.0234  29.692309     1.0235  29.690534     4.5972     4.7317     0.0143    94.7921 1.0000e-12  -64.87886  -63.93680 344.500072      46.72 3.5373e+02    706.191      16950  1028.7923  1028.7904    34.5650    34.5626    7.82487         26 0.0000e+00
    234.000    231.577     1.0283  29.697910     1.0303  29.698940     4.5174     4.6774     0.0199    94.8200 1.0000e-12  -64.87886  -63.93680 344.500084      45.55 3.5257e+02    707.255      16975  1028.7980  1028.7970    34.5662    34.5653    7.82382         25 0.0000e+00
    235.000    232.565     1.0542  29.722851     1.0521  29.719435     4.4685     4.6396     0.0064    94.7932 1.0000e-12  -64.87886  -63.93680 344.500095      44.58 3.5258e+02    708.243      16999  1028.8027  1028.8013    34.5690    34.5670    7.81849         23 0.0000e+00
    236.000    233.555     1.1115  29.789186     1.1066  29.783164     4.4632     4.6205     0.0083    94.8158 1.0000e-12  -64.87886  -63.93680 344.500107      43.17 3.5258e+02    709.263      17023  1028.8192  1028.8177    34.5903    34.5879    7.80590         26 0.0000e+00
