NBP2113_155081_ctd/data/dnbp2113_027.cnv
* Sea-Bird SBE 9 Data File:
* FileName = D:\Data\raw\NBP2113_027.hex
* Software Version Seasave V 7.26.7.121
* Temperature SN = 2438
* Conductivity SN = 2067
* Number of Bytes Per Scan = 40
* Number of Voltage Words = 5
* Number of Scans Averaged by the Deck Unit = 1
* NMEA Latitude = 68 01.82 S
* NMEA Longitude = 069 17.07 W
* NMEA UTC (Time) = Dec 04 2021  08:59:20
* NMEA baud rate = 9600
** Ship: RVIB N.B. Palmer
** Cruise: NBP2113 LTER
** Station: 200.-040
** Operator: B. Urmston
# nquan = 25
# nvalues = 425                         
# units = specified
# name 0 = prDM: Pressure, Digiquartz [db]
# name 1 = depSM: Depth [salt water, m]
# name 2 = t090C: Temperature [ITS-90, deg C]
# name 3 = c0mS/cm: Conductivity [mS/cm]
# name 4 = t190C: Temperature, 2 [ITS-90, deg C]
# name 5 = c1mS/cm: Conductivity, 2 [mS/cm]
# name 6 = sbeox0ML/L: Oxygen, SBE 43 [ml/l]
# name 7 = sbeox1ML/L: Oxygen, SBE 43, 2 [ml/l]
# name 8 = flECO-AFL: Fluorescence, WET Labs ECO-AFL/FL [mg/m^3]
# name 9 = CStarTr0: Beam Transmission, WET Labs C-Star [%]
# name 10 = par: PAR/Irradiance, Biospherical/Licor
# name 11 = latitude: Latitude [deg]
# name 12 = longitude: Longitude [deg]
# name 13 = timeJ: Julian Days
# name 14 = altM: Altimeter [m]
# name 15 = spar: SPAR, Biospherical/Licor
# name 16 = timeS: Time, Elapsed [seconds]
# name 17 = scan: Scan Count
# name 18 = density00: Density [density, kg/m^3]
# name 19 = density11: Density, 2 [density, kg/m^3]
# name 20 = sal00: Salinity, Practical [PSU]
# name 21 = sal11: Salinity, Practical, 2 [PSU]
# name 22 = oxsolML/L: Oxygen Saturation, Garcia & Gordon [ml/l]
# name 23 = nbin: number of scans per bin
# name 24 = flag: flag
# span 0 =      5.000,    429.000       
# span 1 =      4.936,    424.269       
# span 2 =    -1.1608,     1.3729       
# span 3 =  27.235661,  30.161229       
# span 4 =    -1.1614,     1.3721       
# span 5 =  27.234700,  30.160289       
# span 6 =     4.0239,     8.3771       
# span 7 =     4.0691,     8.3411       
# span 8 =    -0.0153,     2.4802       
# span 9 =    88.6156,    96.6692       
# span 10 = -5.397e-06, 4.5373e+01      
# span 11 =  -68.03014,  -68.02988      
# span 12 =  -69.28442,  -69.28402      
# span 13 = 338.377040, 338.385484      
# span 14 =       0.97,     103.54      
# span 15 = 1.3220e+02, 1.4489e+02      
# span 16 =    216.292,    945.822      
# span 17 =       5192,      22701      
# span 18 =  1027.2037,  1029.7783      
# span 19 =  1027.2018,  1029.7774      
# span 20 =    33.8026,    34.6756      
# span 21 =    33.8003,    34.6742      
# span 22 =    7.74955,    8.32591      
# span 23 =         14,         49      
# span 24 = 0.0000e+00, 0.0000e+00      
# interval = decibars: 1                
# start_time = Dec 04 2021 08:59:20 [NMEA time, header]
# bad_flag = -9.990e-29
*END*
[from data line 232]
    237.000    234.494     0.3155  28.958282     0.3145  28.956267     4.9572     5.0345     0.0216    96.2431 1.0000e-12  -68.02992  -69.28408 338.382475      99.97 1.3398e+02    685.852      16461  1028.7242  1028.7230    34.3960    34.3944    7.97832         26 0.0000e+00
    238.000    235.483     0.3228  28.966178     0.3219  28.964203     4.9167     5.0003     0.0287    96.2200 1.0000e-12  -68.02992  -69.28408 338.382489      99.97 1.3398e+02    687.025      16490  1028.7300  1028.7287    34.3976    34.3960    7.97672         32 0.0000e+00
    239.000    236.472     0.3437  28.988126     0.3455  28.989658     4.8640     4.9662     0.0401    96.2367 1.0000e-12  -68.02992  -69.28408 338.382506      99.97 1.3346e+02    688.535      16526  1028.7372  1028.7371    34.4025    34.4025    7.97213         37 0.0000e+00
    240.000    237.461     0.3682  29.013109     0.3666  29.010618     4.8528     4.9412     0.0719    96.3057 1.0000e-12  -68.02992  -69.28408 338.382524      99.97 1.3231e+02    690.033      16562  1028.7440  1028.7430    34.4073    34.4057    7.96679         31 0.0000e+00
    241.000    238.450     0.3576  29.002818     0.3602  29.004716     4.7719     4.8881     0.0333    96.3579 1.0000e-12  -68.02992  -69.28408 338.382537      99.97 1.3222e+02    691.181      16589  1028.7484  1028.7477    34.4051    34.4046    7.96912         24 0.0000e+00
    242.000    239.439     0.3892  29.036409     0.3881  29.034081     4.7060     4.8482     0.0178    96.3425 1.0000e-12  -68.02992  -69.28408 338.382548      99.98 1.3222e+02    692.125      16612  1028.7570  1028.7556    34.4131    34.4113    7.96213         23 0.0000e+00
    243.000    240.426     0.4203  29.068292     0.4187  29.065657     4.6711     4.8144     0.0097    96.2946 1.0000e-12  -68.02992  -69.28408 338.382558      99.98 1.3237e+02    693.057      16634  1028.7645  1028.7632    34.4197    34.4179    7.95536         23 0.0000e+00
    244.000    241.417     0.4515  29.100303     0.4500  29.097344     4.6575     4.7896     0.0194    96.3234 1.0000e-12  -68.02992  -69.28408 338.382571      99.98 1.3229e+02    694.111      16660  1028.7719  1028.7703    34.4261    34.4240    7.94857         28 0.0000e+00
    245.000    242.404     0.4889  29.140674     0.4830  29.133810     4.6342     4.7594     0.0291    96.3558 1.0000e-12  -68.02992  -69.28409 338.382586      99.98 1.3342e+02    695.439      16692  1028.7823  1028.7809    34.4366    34.4342    7.94031         32 0.0000e+00
    246.000    243.394     0.5500  29.207472     0.5492  29.206001     4.5504     4.6801     0.0141    96.4157 1.0000e-12  -68.02992  -69.28409 338.382604      99.97 1.3359e+02    697.018      16729  1028.7970  1028.7963    34.4551    34.4541    7.92676         36 0.0000e+00
    247.000    244.382     0.6177  29.280005     0.6193  29.280558     4.4564     4.6163     0.0117    96.3942 1.0000e-12  -68.02992  -69.28408 338.382619      99.97 1.3288e+02    698.297      16760  1028.8111  1028.8101    34.4737    34.4726    7.91190         26 0.0000e+00
    248.000    245.371     0.6772  29.343720     0.6742  29.339436     4.4326     4.5915     0.0052    96.3976 1.0000e-12  -68.02992  -69.28408 338.382631      99.97 1.3230e+02    699.272      16784  1028.8239  1028.8223    34.4898    34.4874    7.89889         22 0.0000e+00
    249.000    246.361     0.7276  29.397133     0.7272  29.395810     4.4307     4.5746    -0.0004    96.4065 1.0000e-12  -68.02992  -69.28408 338.382641      99.97 1.3239e+02    700.161      16805  1028.8348  1028.8338    34.5024    34.5011    7.88793         21 0.0000e+00
    250.000    247.348     0.7457  29.417099     0.7431  29.413289     4.4442     4.5672     0.0136    96.4131 1.0000e-12  -68.02992  -69.28408 338.382652      99.98 1.3250e+02    701.098      16827  1028.8428  1028.8414    34.5076    34.5056    7.88397         25 0.0000e+00
    251.000    248.339     0.7511  29.423072     0.7503  29.420920     4.4680     4.5687     0.0084    96.4186 1.0000e-12  -68.02992  -69.28410 338.382665      99.97 1.3278e+02    702.241      16855  1028.8489  1028.8475    34.5087    34.5069    7.88281         31 0.0000e+00
    252.000    249.326     0.7571  29.429673     0.7555  29.426923     4.4428     4.5418     0.0143    96.4311 1.0000e-12  -68.02992  -69.28410 338.382683      99.98 1.3372e+02    703.771      16892  1028.8552  1028.8540    34.5101    34.5083    7.88153         39 0.0000e+00
    253.000    250.315     0.7940  29.469034     0.7963  29.471350     4.3915     4.4968     0.0254    96.4521 1.0000e-12  -68.02992  -69.28411 338.382702      99.97 1.3398e+02    705.448      16932  1028.8650  1028.8650    34.5195    34.5200    7.87354         35 0.0000e+00
    254.000    251.304     0.8380  29.515808     0.8385  29.515467     4.4052     4.4968     0.0109    96.4578 1.0000e-12  -68.02993  -69.28411 338.382718      99.97 1.3398e+02    706.856      16966  1028.8753  1028.8744    34.5306    34.5296    7.86404         30 0.0000e+00
    255.000    252.292     0.8398  29.518184     0.8396  29.517077     4.3999     4.4801     0.0011    96.4741 1.0000e-12  -68.02994  -69.28410 338.382731      99.98 1.3362e+02    708.000      16993  1028.8809  1028.8800    34.5311    34.5299    7.86365         26 0.0000e+00
    256.000    253.283     0.8445  29.523592     0.8439  29.522083     4.3707     4.4554     0.0070    96.4494 1.0000e-12  -68.02994  -69.28410 338.382743      99.97 1.3220e+02    709.032      17018  1028.8867  1028.8857    34.5322    34.5309    7.86263         24 0.0000e+00
    257.000    254.270     0.8676  29.550066     0.8660  29.547574     4.3405     4.4401     0.0095    96.4488 1.0000e-12  -68.02994  -69.28410 338.382755      99.97 1.3222e+02    710.010      17041  1028.8961  1028.8950    34.5403    34.5388    7.85754         23 0.0000e+00
    258.000    255.259     0.9311  29.618150     0.9283  29.614551     4.3071     4.4099    -0.0005    96.4717 1.0000e-12  -68.02994  -69.28410 338.382765      99.98 1.3222e+02    710.922      17063  1028.9085  1028.9076    34.5571    34.5556    7.84381         21 0.0000e+00
    259.000    256.248     0.9371  29.624930     0.9380  29.625074     4.2717     4.3841    -0.0060    96.4642 1.0000e-12  -68.02994  -69.28410 338.382775      99.97 1.3222e+02    711.791      17084  1028.9145  1028.9138    34.5586    34.5578    7.84253         21 0.0000e+00
    260.000    257.236     0.9762  29.668757     0.9706  29.661386     4.2534     4.3655     0.0012    96.4521 1.0000e-12  -68.02994  -69.28410 338.382786      99.98 1.3393e+02    712.705      17106  1028.9259  1028.9239    34.5711    34.5679    7.83399         24 0.0000e+00
    261.000    258.225     1.0270  29.722869     1.0265  29.721142     4.2577     4.3600     0.0080    96.4631 1.0000e-12  -68.02994  -69.28411 338.382801      99.98 1.3398e+02    713.964      17136  1028.9368  1028.9355    34.5839    34.5823    7.82311         32 0.0000e+00
    262.000    259.215     1.0312  29.727899     1.0312  29.727221     4.2703     4.3531     0.0047    96.4228 1.0000e-12  -68.02994  -69.28412 338.382828      99.98 1.3389e+02    716.321      17193  1028.9436  1028.9430    34.5852    34.5844    7.82221         39 0.0000e+00
    263.000    260.203     1.0380  29.735492     1.0390  29.735780     4.2688     4.3401    -0.0006    96.4811 1.0000e-12  -68.02994  -69.28412 338.382846      99.97 1.3370e+02    717.915      17231  1028.9499  1028.9492    34.5868    34.5861    7.82076         26 0.0000e+00
    264.000    261.192     1.0465  29.745238     1.0470  29.744861     4.2673     4.3317    -0.0004    96.4631 1.0000e-12  -68.02994  -69.28412 338.382857      99.98 1.3278e+02    718.858      17254  1028.9561  1028.9553    34.5894    34.5883    7.81892         22 0.0000e+00
    265.000    262.182     1.0513  29.750711     1.0505  29.748996     4.2606     4.3271    -0.0004    96.4584 1.0000e-12  -68.02994  -69.28412 338.382867      99.97 1.3333e+02    719.709      17274  1028.9616  1028.9607    34.5905    34.5892    7.81790         19 0.0000e+00
    266.000    263.169     1.0600  29.760568     1.0609  29.760678     4.2416     4.3200    -0.0000    96.4717 1.0000e-12  -68.02994  -69.28412 338.382877      99.98 1.3365e+02    720.551      17294  1028.9677  1028.9670    34.5929    34.5921    7.81602         21 0.0000e+00
    267.000    264.157     1.0752  29.777163     1.0742  29.774893     4.2321     4.3162     0.0054    96.4730 1.0000e-12  -68.02994  -69.28412 338.382888      99.98 1.3398e+02    721.491      17317  1028.9744  1028.9731    34.5968    34.5951    7.81277         25 0.0000e+00
    268.000    265.146     1.0877  29.790977     1.0876  29.789827     4.2308     4.3120     0.0026    96.4564 1.0000e-12  -68.02994  -69.28412 338.382902      99.97 1.3398e+02    722.733      17347  1028.9810  1028.9800    34.6002    34.5988    7.81010         35 0.0000e+00
    269.000    266.135     1.0917  29.795655     1.0909  29.794018     4.2429     4.3039    -0.0077    96.4645 1.0000e-12  -68.02994  -69.28412 338.382922      99.98 1.3398e+02    724.489      17389  1028.9868  1028.9858    34.6012    34.6000    7.80925         36 0.0000e+00
    270.000    267.123     1.0941  29.798473     1.0938  29.797289     4.2510     4.3013    -0.0032    96.4619 1.0000e-12  -68.02994  -69.28412 338.382938      99.98 1.3398e+02    725.870      17422  1028.9919  1028.9910    34.6015    34.6004    7.80875         26 0.0000e+00
    271.000    268.114     1.0942  29.798946     1.0946  29.798468     4.2436     4.2984    -0.0059    96.4932 1.0000e-12  -68.02994  -69.28412 338.382949      99.97 1.3398e+02    726.821      17445  1028.9968  1028.9959    34.6015    34.6004    7.80873         21 0.0000e+00
    272.000    269.101     1.0966  29.801967     1.0965  29.801067     4.2384     4.2978    -0.0115    96.4924 1.0000e-12  -68.02994  -69.28412 338.382959      99.97 1.3398e+02    727.661      17465  1029.0019  1029.0011    34.6021    34.6011    7.80822         20 0.0000e+00
    273.000    270.090     1.0974  29.803052     1.0980  29.802831     4.2372     4.3004     0.0086    96.4967 1.0000e-12  -68.02994  -69.28412 338.382970      99.98 1.3398e+02    728.572      17487  1029.0067  1029.0058    34.6020    34.6010    7.80807         24 0.0000e+00
    274.000    271.079     1.0983  29.804518     1.0977  29.802886     4.2417     4.3021    -0.0001    96.4917 1.0000e-12  -68.02994  -69.28413 338.382985      99.97 1.3398e+02    729.897      17519  1029.0117  1029.0107    34.6023    34.6009    7.80786         37 0.0000e+00
    275.000    272.067     1.0986  29.805405     1.0976  29.803378     4.2407     4.2909     0.0009    96.4923 1.0000e-12  -68.02994  -69.28414 338.383007      99.98 1.3398e+02    731.822      17565  1029.0168  1029.0158    34.6025    34.6011    7.80779         39 0.0000e+00
    276.000    273.056     1.0989  29.805961     1.0985  29.804601     4.2260     4.2918    -0.0059    96.5179 1.0000e-12  -68.02994  -69.28414 338.383024      99.98 1.3398e+02    733.259      17599  1029.0216  1029.0206    34.6023    34.6011    7.80774         26 0.0000e+00
    277.000    274.045     1.1023  29.810079     1.1011  29.808036     4.2252     4.2873     0.0024    96.5163 1.0000e-12  -68.02994  -69.28414 338.383036      99.98 1.3398e+02    734.309      17624  1029.0268  1029.0259    34.6033    34.6021    7.80703         25 0.0000e+00
    278.000    275.033     1.1111  29.820080     1.1064  29.814018     4.2179     4.2848     0.0058    96.4866 1.0000e-12  -68.02996  -69.28414 338.383048      99.97 1.3398e+02    735.358      17650  1029.0327  1029.0311    34.6058    34.6033    7.80513         26 0.0000e+00
    279.000    276.023     1.1130  29.822649     1.1118  29.820540     4.2100     4.2792    -0.0091    96.4928 1.0000e-12  -68.02996  -69.28414 338.383061      99.97 1.3398e+02    736.455      17676  1029.0379  1029.0368    34.6064    34.6050    7.80471         26 0.0000e+00
    280.000    277.008     1.1202  29.830906     1.1207  29.830507     4.2257     4.2786    -0.0131    96.4974 1.0000e-12  -68.02996  -69.28414 338.383073      99.97 1.3398e+02    737.537      17702  1029.0436  1029.0426    34.6085    34.6074    7.80317         27 0.0000e+00
    281.000    278.001     1.1217  29.832814     1.1220  29.832309     4.2255     4.2763    -0.0076    96.5088 1.0000e-12  -68.02995  -69.28413 338.383086      99.98 1.3398e+02    738.593      17727  1029.0484  1029.0476    34.6087    34.6077    7.80286         25 0.0000e+00
    282.000    278.989     1.1224  29.834059     1.1221  29.832820     4.2182     4.2743    -0.0052    96.4901 1.0000e-12  -68.02994  -69.28413 338.383098      99.98 1.3398e+02    739.665      17753  1029.0534  1029.0524    34.6089    34.6077    7.80271         26 0.0000e+00
    283.000    279.977     1.1226  29.834727     1.1222  29.833431     4.2191     4.2748     0.0075    96.5190 1.0000e-12  -68.02994  -69.28414 338.383111      99.98 1.3398e+02    740.796      17780  1029.0581  1029.0572    34.6089    34.6077    7.80266         28 0.0000e+00
    284.000    280.965     1.1232  29.835765     1.1231  29.834727     4.2202     4.2736    -0.0044    96.4845 1.0000e-12  -68.02994  -69.28414 338.383125      99.97 1.3398e+02    742.011      17809  1029.0630  1029.0620    34.6091    34.6078    7.80254         30 0.0000e+00
    285.000    281.954     1.1237  29.836759     1.1233  29.835615     4.2260     4.2688    -0.0114    96.5151 1.0000e-12  -68.02996  -69.28414 338.383140      99.97 1.3398e+02    743.284      17840  1029.0679  1029.0670    34.6092    34.6081    7.80244         31 0.0000e+00
    286.000    282.943     1.1265  29.840251     1.1259  29.838857     4.2102     4.2693    -0.0023    96.4738 1.0000e-12  -68.02996  -69.28416 338.383156      99.97 1.3398e+02    744.650      17873  1029.0730  1029.0721    34.6100    34.6089    7.80184         34 0.0000e+00
    287.000    283.931     1.1370  29.851934     1.1362  29.850076     4.1894     4.2646    -0.0125    96.4983 1.0000e-12  -68.02996  -69.28416 338.383172      99.97 1.3398e+02    746.068      17907  1029.0789  1029.0778    34.6127    34.6113    7.79959         34 0.0000e+00
    288.000    284.920     1.1412  29.856597     1.1393  29.854139     4.1947     4.2545    -0.0047    96.5103 1.0000e-12  -68.02996  -69.28416 338.383188      99.97 1.3398e+02    747.482      17941  1029.0839  1029.0833    34.6135    34.6125    7.79871         34 0.0000e+00
    289.000    285.908     1.1432  29.859172     1.1415  29.856676     4.1994     4.2467    -0.0082    96.5061 1.0000e-12  -68.02996  -69.28415 338.383204      99.98 1.3398e+02    748.843      17973  1029.0889  1029.0880    34.6140    34.6127    7.79828         31 0.0000e+00
    290.000    286.896     1.1432  29.859717     1.1428  29.858452     4.2192     4.2546    -0.0056    96.5194 1.0000e-12  -68.02996  -69.28415 338.383218      99.97 1.3398e+02    750.003      18001  1029.0938  1029.0929    34.6141    34.6130    7.79828         25 0.0000e+00
    291.000    287.886     1.1391  29.855485     1.1386  29.854351     4.1901     4.2433     0.0059    96.5194 1.0000e-12  -68.02996  -69.28415 338.383229      99.97 1.3398e+02    750.941      18024  1029.0978  1029.0971    34.6127    34.6118    7.79918         20 0.0000e+00
    292.000    288.874     1.1394  29.856575     1.1391  29.855439     4.1648     4.2331     0.0073    96.5194 1.0000e-12  -68.02996  -69.28414 338.383238      99.97 1.3398e+02    751.762      18043  1029.1029  1029.1020    34.6131    34.6121    7.79909         19 0.0000e+00
    293.000    289.863     1.1413  29.858839     1.1406  29.857379     4.1543     4.2268    -0.0151    96.5194 1.0000e-12  -68.02996  -69.28414 338.383247      99.97 1.3398e+02    752.545      18062  1029.1077  1029.1068    34.6134    34.6123    7.79870         19 0.0000e+00
