NBP2113_155081_ctd/data/dnbp2113_066.cnv
* Sea-Bird SBE 9 Data File:
* FileName = D:\Data\raw\NBP2113_066.hex
* Software Version Seasave V 7.26.7.121
* Temperature SN = 2438
* Conductivity SN = 2067
* Number of Bytes Per Scan = 40
* Number of Voltage Words = 5
* Number of Scans Averaged by the Deck Unit = 1
* NMEA Latitude = 64 10.22 S
* NMEA Longitude = 061 54.36 W
* NMEA UTC (Time) = Dec 14 2021  16:02:10
* NMEA baud rate = 9600
** Ship: RVIB N.B. Palmer
** Cruise: NBP2113 LTER
** Station: 742.003
** Operator: S. Blackman
# nquan = 25
# nvalues = 772                         
# units = specified
# name 0 = prDM: Pressure, Digiquartz [db]
# name 1 = depSM: Depth [salt water, m]
# name 2 = t090C: Temperature [ITS-90, deg C]
# name 3 = c0mS/cm: Conductivity [mS/cm]
# name 4 = t190C: Temperature, 2 [ITS-90, deg C]
# name 5 = c1mS/cm: Conductivity, 2 [mS/cm]
# name 6 = sbeox0ML/L: Oxygen, SBE 43 [ml/l]
# name 7 = sbeox1ML/L: Oxygen, SBE 43, 2 [ml/l]
# name 8 = flECO-AFL: Fluorescence, WET Labs ECO-AFL/FL [mg/m^3]
# name 9 = CStarTr0: Beam Transmission, WET Labs C-Star [%]
# name 10 = par: PAR/Irradiance, Biospherical/Licor
# name 11 = latitude: Latitude [deg]
# name 12 = longitude: Longitude [deg]
# name 13 = timeJ: Julian Days
# name 14 = altM: Altimeter [m]
# name 15 = spar: SPAR, Biospherical/Licor
# name 16 = timeS: Time, Elapsed [seconds]
# name 17 = scan: Scan Count
# name 18 = density00: Density [density, kg/m^3]
# name 19 = density11: Density, 2 [density, kg/m^3]
# name 20 = sal00: Salinity, Practical [PSU]
# name 21 = sal11: Salinity, Practical, 2 [PSU]
# name 22 = oxsolML/L: Oxygen Saturation, Garcia & Gordon [ml/l]
# name 23 = nbin: number of scans per bin
# name 24 = flag: flag
# span 0 =      4.000,    775.000       
# span 1 =      3.962,    766.018       
# span 2 =    -0.6632,     0.5043       
# span 3 =  28.176150,  29.050659       
# span 4 =    -0.6640,     0.5053       
# span 5 =  28.174015,  29.049858       
# span 6 =     5.3905,     7.5427       
# span 7 =     5.4708,     7.6224       
# span 8 =    -0.0297,     0.9619       
# span 9 =    82.2938,    90.0732       
# span 10 = 1.0000e-12, 3.1118e+02      
# span 11 =  -64.17042,  -64.16964      
# span 12 =  -61.90620,  -61.90516      
# span 13 = 348.671590, 348.684496      
# span 14 =       9.42,     100.00      
# span 15 = 7.8250e+02, 1.4412e+03      
# span 16 =    295.381,   1410.421      
# span 17 =       7090,      33851      
# span 18 =  1027.3142,  1031.4359      
# span 19 =  1027.3127,  1031.4348      
# span 20 =    34.0285,    34.5482      
# span 21 =    34.0265,    34.5470      
# span 22 =    7.95974,    8.18237      
# span 23 =         12,         63      
# span 24 = 0.0000e+00, 0.0000e+00      
# interval = decibars: 1                
# start_time = Dec 14 2021 16:02:10 [NMEA time, header]
# bad_flag = -9.990e-29
*END*
[from data line 580]
    584.000    577.496    -0.4761  28.551347    -0.4768  28.549881     5.9480     6.0155    -0.0197    89.9255 1.0000e-12  -64.16978  -61.90525 348.680805      99.97 8.8602e+02   1091.586      26199  1030.5326  1030.5317    34.5399    34.5387    8.13692         27 0.0000e+00
    585.000    578.481    -0.4744  28.553248    -0.4750  28.551598     5.9501     6.0144    -0.0148    89.9147 1.0000e-12  -64.16978  -61.90525 348.680818      99.97 8.8697e+02   1092.715      26226  1030.5372  1030.5360    34.5399    34.5383    8.13656         28 0.0000e+00
    586.000    579.470    -0.4715  28.556348    -0.4714  28.555433     5.9514     6.0173    -0.0218    89.9036 1.0000e-12  -64.16978  -61.90525 348.680832      99.97 8.8848e+02   1093.907      26255  1030.5419  1030.5408    34.5401    34.5388    8.13592         29 0.0000e+00
    587.000    580.457    -0.4700  28.558330    -0.4703  28.557030     5.9373     6.0072    -0.0245    89.8828 1.0000e-12  -64.16976  -61.90524 348.680846      99.97 8.8849e+02   1095.130      26284  1030.5468  1030.5457    34.5404    34.5390    8.13557         28 0.0000e+00
    588.000    581.446    -0.4630  28.564440    -0.4646  28.561837     5.9221     6.0028    -0.0205    89.9010 1.0000e-12  -64.16976  -61.90524 348.680860      99.97 8.9028e+02   1096.284      26312  1030.5507  1030.5495    34.5401    34.5385    8.13409         28 0.0000e+00
    589.000    582.433    -0.4535  28.574612    -0.4543  28.572923     5.9130     6.0017    -0.0263    89.9136 1.0000e-12  -64.16976  -61.90524 348.680873      99.97 8.9026e+02   1097.434      26339  1030.5565  1030.5554    34.5424    34.5410    8.13193         28 0.0000e+00
    590.000    583.419    -0.4546  28.574219    -0.4551  28.572770     5.9161     5.9975    -0.0232    89.8987 1.0000e-12  -64.16976  -61.90524 348.680886      99.97 8.9196e+02   1098.587      26367  1030.5615  1030.5604    34.5425    34.5411    8.13216         27 0.0000e+00
    591.000    584.407    -0.4550  28.574216    -0.4554  28.572999     5.9189     5.9980    -0.0085    89.8898 1.0000e-12  -64.16976  -61.90524 348.680899      99.97 8.9202e+02   1099.711      26394  1030.5663  1030.5652    34.5424    34.5411    8.13226         28 0.0000e+00
    592.000    585.395    -0.4547  28.574990    -0.4550  28.573798     5.9282     6.0009    -0.0131    89.8761 1.0000e-12  -64.16976  -61.90524 348.680913      99.97 8.9369e+02   1100.878      26422  1030.5711  1030.5700    34.5424    34.5412    8.13218         28 0.0000e+00
    593.000    586.382    -0.4548  28.575337    -0.4549  28.574227     5.9239     5.9958    -0.0142    89.9031 1.0000e-12  -64.16976  -61.90524 348.680927      99.97 8.9544e+02   1102.083      26451  1030.5758  1030.5747    34.5424    34.5410    8.13220         28 0.0000e+00
    594.000    587.370    -0.4542  28.576199    -0.4545  28.574928     5.9272     5.9974    -0.0288    89.8978 1.0000e-12  -64.16976  -61.90524 348.680940      99.97 8.9554e+02   1103.225      26478  1030.5805  1030.5794    34.5424    34.5409    8.13209         27 0.0000e+00
    595.000    588.357    -0.4534  28.577490    -0.4535  28.576519     5.9279     5.9933    -0.0218    89.8854 1.0000e-12  -64.16976  -61.90524 348.680953      99.97 8.9646e+02   1104.339      26505  1030.5853  1030.5843    34.5425    34.5413    8.13190         27 0.0000e+00
    596.000    589.345    -0.4549  28.576627    -0.4554  28.575148     5.9287     5.9950    -0.0075    89.8879 1.0000e-12  -64.16976  -61.90524 348.680967      99.97 8.9731e+02   1105.520      26533  1030.5902  1030.5891    34.5425    34.5411    8.13223         30 0.0000e+00
    597.000    590.331    -0.4555  28.576373    -0.4555  28.575347     5.9265     5.9938    -0.0157    89.8600 1.0000e-12  -64.16976  -61.90524 348.680981      99.97 8.9864e+02   1106.747      26563  1030.5948  1030.5936    34.5422    34.5408    8.13237         29 0.0000e+00
    598.000    591.320    -0.4537  28.578499    -0.4537  28.577376     5.9223     5.9925    -0.0198    89.8761 1.0000e-12  -64.16976  -61.90524 348.680995      99.97 8.9920e+02   1107.953      26592  1030.5995  1030.5983    34.5424    34.5410    8.13197         28 0.0000e+00
    599.000    592.305    -0.4519  28.580721    -0.4527  28.578971     5.9236     5.9948    -0.0158    89.8759 1.0000e-12  -64.16976  -61.90524 348.681008      99.97 9.0086e+02   1109.081      26619  1030.6043  1030.6033    34.5427    34.5414    8.13156         26 0.0000e+00
    600.000    593.296    -0.4484  28.584264    -0.4500  28.581787     5.9141     5.9936    -0.0195    89.8789 1.0000e-12  -64.16976  -61.90524 348.681020      99.97 9.0083e+02   1110.140      26644  1030.6090  1030.6078    34.5430    34.5415    8.13081         26 0.0000e+00
    601.000    594.281    -0.4469  28.586328    -0.4482  28.584208     5.9182     5.9899    -0.0138    89.8647 1.0000e-12  -64.16976  -61.90524 348.681033      99.97 9.0141e+02   1111.230      26671  1030.6140  1030.6130    34.5434    34.5421    8.13046         27 0.0000e+00
    602.000    595.268    -0.4486  28.585327    -0.4478  28.584965     5.9267     5.9894    -0.0167    89.8511 1.0000e-12  -64.16976  -61.90524 348.681047      99.96 9.0259e+02   1112.453      26700  1030.6188  1030.6177    34.5434    34.5421    8.13082         31 0.0000e+00
    603.000    596.257    -0.4481  28.586442    -0.4438  28.589032     5.9167     5.9879    -0.0164    89.8685 1.0000e-12  -64.16975  -61.90524 348.681062      99.97 9.0283e+02   1113.756      26731  1030.6238  1030.6222    34.5438    34.5423    8.13070         31 0.0000e+00
    604.000    597.243    -0.4420  28.591862    -0.4422  28.591036     5.9101     5.9807    -0.0085    89.8549 1.0000e-12  -64.16974  -61.90524 348.681076      99.97 9.0437e+02   1114.963      26760  1030.6278  1030.6271    34.5435    34.5427    8.12941         27 0.0000e+00
    605.000    598.231    -0.4349  28.599032    -0.4343  28.598565     5.9089     5.9830    -0.0123    89.8521 1.0000e-12  -64.16974  -61.90524 348.681089      99.97 9.0598e+02   1116.079      26787  1030.6327  1030.6316    34.5445    34.5431    8.12784         27 0.0000e+00
    606.000    599.218    -0.4334  28.601459    -0.4338  28.600181     5.9059     5.9759    -0.0253    89.8464 1.0000e-12  -64.16974  -61.90524 348.681102      99.97 9.0612e+02   1117.201      26814  1030.6380  1030.6371    34.5454    34.5441    8.12745         27 0.0000e+00
    607.000    600.206    -0.4372  28.598082    -0.4369  28.597263     5.9067     5.9788    -0.0232    89.8759 1.0000e-12  -64.16974  -61.90524 348.681115      99.97 9.0606e+02   1118.352      26841  1030.6426  1030.6414    34.5446    34.5432    8.12832         28 0.0000e+00
    608.000    601.193    -0.4354  28.600105    -0.4348  28.599686     5.9074     5.9841    -0.0211    89.8614 1.0000e-12  -64.16974  -61.90524 348.681129      99.97 9.0754e+02   1119.504      26869  1030.6472  1030.6462    34.5446    34.5434    8.12792         28 0.0000e+00
    609.000    602.181    -0.4328  28.603204    -0.4323  28.602649     5.9111     5.9765    -0.0144    89.8495 1.0000e-12  -64.16974  -61.90524 348.681142      99.97 9.0787e+02   1120.685      26897  1030.6522  1030.6511    34.5453    34.5439    8.12734         29 0.0000e+00
    610.000    603.167    -0.4339  28.602470    -0.4349  28.600283     5.8942     5.9652    -0.0142    89.8532 1.0000e-12  -64.16974  -61.90524 348.681156      99.97 9.0924e+02   1121.853      26925  1030.6567  1030.6555    34.5449    34.5432    8.12758         26 0.0000e+00
    611.000    604.156    -0.4189  28.615893    -0.4179  28.615884     5.8900     5.9623    -0.0287    89.8651 1.0000e-12  -64.16974  -61.90524 348.681168      99.97 9.1075e+02   1122.948      26952  1030.6605  1030.6594    34.5453    34.5441    8.12436         26 0.0000e+00
    612.000    605.141    -0.4146  28.621093    -0.4147  28.619969     5.8841     5.9587    -0.0211    89.8339 1.0000e-12  -64.16974  -61.90524 348.681181      99.97 9.1140e+02   1124.053      26978  1030.6661  1030.6650    34.5468    34.5455    8.12336         28 0.0000e+00
    613.000    606.131    -0.4136  28.622646    -0.4139  28.621270     5.8846     5.9589    -0.0294    89.8279 1.0000e-12  -64.16974  -61.90524 348.681195      99.97 9.1309e+02   1125.256      27007  1030.6711  1030.6700    34.5472    34.5457    8.12313         30 0.0000e+00
    614.000    607.116    -0.4135  28.623154    -0.4137  28.621934     5.8925     5.9590    -0.0273    89.8636 1.0000e-12  -64.16974  -61.90524 348.681210      99.97 9.1317e+02   1126.512      27037  1030.6759  1030.6748    34.5471    34.5458    8.12311         30 0.0000e+00
    615.000    608.105    -0.4130  28.624056    -0.4130  28.623016     5.8889     5.9608    -0.0207    89.8349 1.0000e-12  -64.16974  -61.90524 348.681224      99.97 9.1358e+02   1127.764      27067  1030.6806  1030.6796    34.5471    34.5458    8.12299         30 0.0000e+00
    616.000    609.091    -0.4119  28.625365    -0.4123  28.624109     5.8965     5.9601    -0.0207    89.8501 1.0000e-12  -64.16974  -61.90524 348.681238      99.97 9.1514e+02   1128.933      27095  1030.6853  1030.6843    34.5471    34.5458    8.12277         26 0.0000e+00
    617.000    610.078    -0.4116  28.626198    -0.4121  28.624776     5.8935     5.9594    -0.0180    89.8492 1.0000e-12  -64.16974  -61.90524 348.681250      99.97 9.1669e+02   1129.994      27121  1030.6901  1030.6891    34.5472    34.5460    8.12269         25 0.0000e+00
    618.000    611.068    -0.4112  28.626902    -0.4115  28.625683     5.8903     5.9632    -0.0162    89.8287 1.0000e-12  -64.16974  -61.90524 348.681262      99.97 9.1670e+02   1131.047      27146  1030.6948  1030.6937    34.5472    34.5459    8.12262         26 0.0000e+00
    619.000    612.053    -0.4091  28.629341    -0.4097  28.627797     5.8926     5.9577    -0.0203    89.8472 1.0000e-12  -64.16974  -61.90524 348.681275      99.97 9.1790e+02   1132.191      27174  1030.6996  1030.6985    34.5475    34.5461    8.12215         29 0.0000e+00
    620.000    613.041    -0.4090  28.629872    -0.4094  28.628491     5.8862     5.9565    -0.0166    89.8343 1.0000e-12  -64.16974  -61.90524 348.681289      99.97 9.1845e+02   1133.403      27203  1030.7043  1030.7032    34.5474    34.5461    8.12212         29 0.0000e+00
    621.000    614.028    -0.4054  28.633568    -0.4057  28.632227     5.8818     5.9561    -0.0177    89.8261 1.0000e-12  -64.16974  -61.90524 348.681304      99.97 9.1846e+02   1134.651      27233  1030.7090  1030.7079    34.5477    34.5463    8.12134         30 0.0000e+00
    622.000    615.015    -0.4025  28.636836    -0.4025  28.635857     5.8797     5.9510    -0.0211    89.8355 1.0000e-12  -64.16974  -61.90524 348.681318      99.97 9.1846e+02   1135.865      27262  1030.7139  1030.7128    34.5482    34.5469    8.12070         28 0.0000e+00
    623.000    616.004    -0.4033  28.636516    -0.4038  28.635202     5.8875     5.9570    -0.0158    89.8182 1.0000e-12  -64.16974  -61.90524 348.681331      99.97 9.1846e+02   1136.995      27289  1030.7186  1030.7177    34.5481    34.5469    8.12087         26 0.0000e+00
    624.000    616.990    -0.4062  28.634577    -0.4062  28.633670     5.8971     5.9559    -0.0133    89.8095 1.0000e-12  -64.16972  -61.90524 348.681343      99.97 9.1846e+02   1138.074      27315  1030.7237  1030.7227    34.5482    34.5470    8.12148         26 0.0000e+00
    625.000    617.978    -0.4083  28.632852    -0.4087  28.631692     5.8940     5.9515    -0.0257    89.8225 1.0000e-12  -64.16972  -61.90524 348.681356      99.97 9.1846e+02   1139.183      27341  1030.7282  1030.7274    34.5477    34.5466    8.12196         28 0.0000e+00
    626.000    618.964    -0.4093  28.632476    -0.4101  28.630794     5.8966     5.9491    -0.0203    89.8351 1.0000e-12  -64.16972  -61.90524 348.681370      99.97 9.1992e+02   1140.380      27370  1030.7330  1030.7320    34.5477    34.5463    8.12217         29 0.0000e+00
    627.000    619.952    -0.4092  28.633062    -0.4093  28.632004     5.8921     5.9468    -0.0211    89.7998 1.0000e-12  -64.16972  -61.90524 348.681384      99.97 9.2023e+02   1141.588      27399  1030.7378  1030.7368    34.5477    34.5465    8.12214         28 0.0000e+00
    628.000    620.940    -0.4106  28.632149    -0.4111  28.630761     5.8939     5.9548    -0.0048    89.8180 1.0000e-12  -64.16972  -61.90524 348.681397      99.97 9.2022e+02   1142.724      27426  1030.7425  1030.7415    34.5475    34.5463    8.12246         27 0.0000e+00
    629.000    621.926    -0.4107  28.632470    -0.4122  28.630194     5.8956     5.9555    -0.0147    89.7949 1.0000e-12  -64.16972  -61.90524 348.681410      99.97 9.2022e+02   1143.829      27453  1030.7471  1030.7462    34.5474    34.5462    8.12248         27 0.0000e+00
    630.000    622.913    -0.4124  28.631480    -0.4128  28.630052     5.8971     5.9572    -0.0279    89.8099 1.0000e-12  -64.16972  -61.90524 348.681423      99.97 9.2022e+02   1144.979      27480  1030.7521  1030.7509    34.5475    34.5460    8.12285         29 0.0000e+00
    631.000    623.902    -0.4183  28.626860    -0.4174  28.626699     5.9064     5.9616    -0.0190    89.8209 1.0000e-12  -64.16972  -61.90524 348.681438      99.97 9.2198e+02   1146.222      27510  1030.7572  1030.7561    34.5474    34.5461    8.12411         30 0.0000e+00
    632.000    624.888    -0.4219  28.623763    -0.4206  28.623777     5.9000     5.9630    -0.0150    89.8192 1.0000e-12  -64.16972  -61.90524 348.681453      99.97 9.2235e+02   1147.499      27541  1030.7617  1030.7604    34.5467    34.5453    8.12492         30 0.0000e+00
    633.000    625.874    -0.4229  28.623143    -0.4226  28.622560     5.9064     5.9680    -0.0197    89.8351 1.0000e-12  -64.16972  -61.90524 348.681466      99.97 9.2403e+02   1148.677      27569  1030.7663  1030.7653    34.5464    34.5454    8.12515         27 0.0000e+00
    634.000    626.864    -0.4239  28.622734    -0.4250  28.620785     5.9144     5.9685    -0.0181    89.8254 1.0000e-12  -64.16972  -61.90524 348.681479      99.97 9.2551e+02   1149.768      27595  1030.7710  1030.7700    34.5465    34.5451    8.12537         26 0.0000e+00
    635.000    627.850    -0.4264  28.621253    -0.4272  28.619934     5.9257     5.9691    -0.0162    89.8130 1.0000e-12  -64.16972  -61.90524 348.681491      99.97 9.2551e+02   1150.844      27621  1030.7762  1030.7755    34.5467    34.5459    8.12588         25 0.0000e+00
    636.000    628.837    -0.4320  28.616418    -0.4316  28.615473     5.9271     5.9743    -0.0199    89.8286 1.0000e-12  -64.16972  -61.90524 348.681504      99.96 9.2551e+02   1151.909      27647  1030.7807  1030.7793    34.5459    34.5443    8.12712         26 0.0000e+00
    637.000    629.825    -0.4387  28.611055    -0.4373  28.611732     5.9296     5.9864    -0.0172    89.8149 1.0000e-12  -64.16972  -61.90524 348.681516      99.97 9.2551e+02   1152.998      27673  1030.7858  1030.7852    34.5458    34.5452    8.12856         27 0.0000e+00
    638.000    630.812    -0.4446  28.606026    -0.4501  28.600189     5.9313     5.9806    -0.0164    89.7986 1.0000e-12  -64.16972  -61.90524 348.681530      99.97 9.2621e+02   1154.211      27702  1030.7905  1030.7898    34.5452    34.5436    8.12986         31 0.0000e+00
    639.000    631.799    -0.4501  28.601508    -0.4527  28.597776     5.9363     5.9850    -0.0159    89.7921 1.0000e-12  -64.16971  -61.90522 348.681546      99.97 9.2729e+02   1155.536      27734  1030.7953  1030.7939    34.5448    34.5427    8.13107         32 0.0000e+00
    640.000    632.786    -0.4570  28.595612    -0.4562  28.595431     5.9491     5.9981    -0.0128    89.8124 1.0000e-12  -64.16970  -61.90522 348.681560      99.97 9.2734e+02   1156.812      27764  1030.8000  1030.7990    34.5441    34.5430    8.13258         30 0.0000e+00
