NBP2113_155081_ctd/data/dnbp2113_019.cnv
* Sea-Bird SBE 9 Data File:
* FileName = D:\Data\raw\NBP2113_019.hex
* Software Version Seasave V 7.26.7.121
* Temperature SN = 2438
* Conductivity SN = 2067
* Number of Bytes Per Scan = 40
* Number of Voltage Words = 5
* Number of Scans Averaged by the Deck Unit = 1
* NMEA Latitude = 66 53.46 S
* NMEA Longitude = 068 55.21 W
* NMEA UTC (Time) = Nov 29 2021  09:39:46
* NMEA baud rate = 9600
** Ship: RVIB N.B. Palmer
** Cruise: NBP2113 LTER
** Station: 300.040
** Operator: B. Urmston
# nquan = 25
# nvalues = 669                         
# units = specified
# name 0 = prDM: Pressure, Digiquartz [db]
# name 1 = depSM: Depth [salt water, m]
# name 2 = t090C: Temperature [ITS-90, deg C]
# name 3 = c0mS/cm: Conductivity [mS/cm]
# name 4 = t190C: Temperature, 2 [ITS-90, deg C]
# name 5 = c1mS/cm: Conductivity, 2 [mS/cm]
# name 6 = sbeox0ML/L: Oxygen, SBE 43 [ml/l]
# name 7 = sbeox1ML/L: Oxygen, SBE 43, 2 [ml/l]
# name 8 = flECO-AFL: Fluorescence, WET Labs ECO-AFL/FL [mg/m^3]
# name 9 = CStarTr0: Beam Transmission, WET Labs C-Star [%]
# name 10 = par: PAR/Irradiance, Biospherical/Licor
# name 11 = latitude: Latitude [deg]
# name 12 = longitude: Longitude [deg]
# name 13 = timeJ: Julian Days
# name 14 = altM: Altimeter [m]
# name 15 = spar: SPAR, Biospherical/Licor
# name 16 = timeS: Time, Elapsed [seconds]
# name 17 = scan: Scan Count
# name 18 = density00: Density [density, kg/m^3]
# name 19 = density11: Density, 2 [density, kg/m^3]
# name 20 = sal00: Salinity, Practical [PSU]
# name 21 = sal11: Salinity, Practical, 2 [PSU]
# name 22 = oxsolML/L: Oxygen Saturation, Garcia & Gordon [ml/l]
# name 23 = nbin: number of scans per bin
# name 24 = flag: flag
# span 0 =      6.000,    674.000       
# span 1 =      5.936,    666.255       
# span 2 =    -0.9203,     1.4590       
# span 3 =  27.474797,  30.230297       
# span 4 =    -0.9209,     1.4588       
# span 5 =  27.473635,  30.229326       
# span 6 =     3.9747,     8.0733       
# span 7 =     4.0338,     8.1394       
# span 8 =    -0.0224,     1.4154       
# span 9 =    89.9702,    97.4112       
# span 10 = -2.738e-05, 1.7323e+02      
# span 11 =  -66.89134,  -66.89094      
# span 12 =  -68.92486,  -68.92230      
# span 13 = 333.406073, 333.418629      
# span 14 =       7.92,     102.91      
# span 15 = 4.3169e+02, 7.4102e+02      
# span 16 =    298.674,   1383.512      
# span 17 =       7169,      33205      
# span 18 =  1027.2481,  1030.9731      
# span 19 =  1027.2463,  1030.9721      
# span 20 =    33.8567,    34.7217      
# span 21 =    33.8545,    34.7203      
# span 22 =    7.73130,    8.26997      
# span 23 =          1,         47      
# span 24 = 0.0000e+00, 0.0000e+00      
# interval = decibars: 1                
# start_time = Nov 29 2021 09:39:46 [NMEA time, header]
# bad_flag = -9.990e-29
*END*
[from data line 58]
     64.000     63.355    -0.7867  27.597270    -0.7905  27.592550     8.0166     8.0483     0.9907    92.0516 1.4597e+00  -66.89126  -68.92328 333.408785      99.97 5.2869e+02    533.056      12794  1027.5768  1027.5752    33.9215    33.9194    8.23983         30 0.0000e+00
     65.000     64.344    -0.7713  27.612327    -0.7730  27.609349     8.0083     8.0531     1.0128    91.9634 1.3822e+00  -66.89126  -68.92330 333.408802      99.97 5.2988e+02    534.471      12828  1027.5826  1027.5810    33.9240    33.9219    8.23632         21 0.0000e+00
     66.000     65.333    -0.7501  27.633785    -0.7508  27.631866     8.0112     8.0592     1.0756    91.9719 1.3081e+00  -66.89126  -68.92330 333.408811      99.97 5.3089e+02    535.309      12848  1027.5899  1027.5884    33.9286    33.9268    8.23143         20 0.0000e+00
     67.000     66.324    -0.7479  27.640583    -0.7473  27.639684     7.9770     8.0557     1.1189    91.9474 1.2401e+00  -66.89126  -68.92330 333.408823      99.97 5.3244e+02    536.321      12873  1027.5997  1027.5981    33.9347    33.9328    8.23060         32 0.0000e+00
     68.000     67.314    -0.7636  27.632705    -0.7624  27.632017     7.9035     8.0012     1.0849    92.3288 1.0734e+00  -66.89126  -68.92332 333.408902      99.97 5.3711e+02    543.153      13037  1027.6115  1027.6094    33.9411    33.9388    8.23365         36 0.0000e+00
     69.000     68.303    -0.7812  27.622320    -0.7806  27.621473     7.9049     7.9819     1.0146    92.6859 1.0122e+00  -66.89126  -68.92333 333.408931      99.97 5.3848e+02    545.655      13097  1027.6218  1027.6201    33.9462    33.9444    8.23720         36 0.0000e+00
     70.000     69.293    -0.7886  27.619117    -0.7883  27.618124     7.8811     7.9825     1.0811    93.0583 9.9273e-01  -66.89126  -68.92334 333.408951      99.97 5.4061e+02    547.348      13137  1027.6297  1027.6283    33.9495    33.9479    8.23861         41 0.0000e+00
     71.000     70.279    -0.7954  27.616365    -0.7942  27.615811     7.8778     7.9827     1.1264    93.1913 9.4457e-01  -66.89126  -68.92336 333.408978      99.97 5.4353e+02    549.699      13194  1027.6375  1027.6358    33.9529    33.9508    8.23991         36 0.0000e+00
     72.000     71.272    -0.8004  27.614207    -0.7997  27.613429     7.8646     7.9592     0.9807    93.6058 8.1114e-01  -66.89126  -68.92335 333.409043      99.97 5.5090e+02    555.332      13329  1027.6442  1027.6426    33.9550    33.9531    8.24089         41 0.0000e+00
     73.000     72.262    -0.8096  27.610349    -0.8093  27.609208     7.8422     7.9326     0.9434    93.6699 7.7890e-01  -66.89126  -68.92337 333.409074      99.97 5.5242e+02    558.030      13394  1027.6531  1027.6516    33.9595    33.9576    8.24263         41 0.0000e+00
     74.000     73.252    -0.8158  27.612217    -0.8150  27.611284     7.8292     7.9295     0.9323    93.7765 7.5109e-01  -66.89126  -68.92339 333.409097      99.97 5.5524e+02    559.957      13440  1027.6654  1027.6636    33.9683    33.9662    8.24346         40 0.0000e+00
     75.000     74.242    -0.8162  27.615282    -0.8158  27.613801     7.8756     7.9446     0.8645    93.8975 6.8895e-01  -66.89126  -68.92339 333.409147      99.97 5.6268e+02    564.275      13544  1027.6732  1027.6712    33.9723    33.9699    8.24332         30 0.0000e+00
     76.000     75.231    -0.8107  27.622772    -0.8106  27.621618     7.9188     7.9620     0.9492    93.8883 6.3159e-01  -66.89125  -68.92339 333.409188      99.97 5.6928e+02    567.822      13629  1027.6802  1027.6789    33.9757    33.9740    8.24193         43 0.0000e+00
     77.000     76.220    -0.8111  27.624012    -0.8106  27.622918     7.9118     7.9706     0.8887    93.9163 6.0368e-01  -66.89124  -68.92340 333.409208      99.97 5.7346e+02    569.535      13670  1027.6862  1027.6846    33.9772    33.9752    8.24193         41 0.0000e+00
     78.000     77.213    -0.8077  27.628180    -0.8079  27.626406     7.9268     7.9957     0.9411    93.8091 5.6764e-01  -66.89125  -68.92341 333.409258      99.97 5.7958e+02    573.862      13774  1027.6918  1027.6900    33.9784    33.9762    8.24111         38 0.0000e+00
     79.000     78.200    -0.8045  27.632484    -0.8041  27.631478     7.9546     8.0197     0.9654    93.7120 5.3289e-01  -66.89126  -68.92344 333.409297      99.97 5.8453e+02    577.264      13855  1027.6977  1027.6961    33.9801    33.9782    8.24033         35 0.0000e+00
     80.000     79.190    -0.8024  27.635479    -0.8022  27.634289     7.9849     8.0263     0.9620    93.6928 4.9718e-01  -66.89125  -68.92344 333.409324      99.96 5.9032e+02    579.593      13911  1027.7032  1027.7017    33.9811    33.9792    8.23980         32 0.0000e+00
     81.000     80.179    -0.7991  27.639644    -0.7985  27.638901     8.0043     8.0619     1.0643    93.5028 4.5259e-01  -66.89126  -68.92343 333.409379      99.97 5.9963e+02    584.313      14025  1027.7089  1027.7075    33.9824    33.9807    8.23900         40 0.0000e+00
     82.000     81.168    -0.7982  27.641539    -0.7976  27.640499     8.0261     8.0714     1.0381    93.4296 4.3444e-01  -66.89126  -68.92345 333.409394      99.97 6.0351e+02    585.627      14056  1027.7144  1027.7128    33.9833    33.9813    8.23874         32 0.0000e+00
     83.000     82.161    -0.7977  27.643332    -0.7971  27.642430     8.0377     8.0843     1.0283    93.5071 4.1556e-01  -66.89125  -68.92346 333.409411      99.97 6.0903e+02    587.144      14092  1027.7202  1027.7187    33.9846    33.9827    8.23857         37 0.0000e+00
     84.000     83.148    -0.8065  27.639141    -0.8055  27.638560     7.9858     8.0722     1.1471    93.4915 3.7082e-01  -66.89124  -68.92345 333.409471      99.97 6.1854e+02    592.302      14216  1027.7286  1027.7269    33.9883    33.9863    8.24029         38 0.0000e+00
     85.000     84.137    -0.8145  27.634369    -0.8140  27.633534     7.9646     8.0522     1.0772    93.6722 3.4976e-01  -66.89124  -68.92346 333.409512      99.96 6.2441e+02    595.822      14301  1027.7355  1027.7341    33.9902    33.9885    8.24192         36 0.0000e+00
     86.000     85.129    -0.8169  27.633137    -0.8164  27.632313     7.9447     8.0308     1.0041    93.7939 3.4315e-01  -66.89124  -68.92348 333.409542      99.97 6.3093e+02    598.390      14362  1027.7406  1027.7392    33.9906    33.9889    8.24242         40 0.0000e+00
     87.000     86.118    -0.8200  27.631301    -0.8195  27.630414     7.8842     7.9969     0.9891    93.8498 3.1497e-01  -66.89124  -68.92347 333.409562      99.97 6.3717e+02    600.179      14405  1027.7458  1027.7444    33.9909    33.9892    8.24307         41 0.0000e+00
     88.000     87.107    -0.8289  27.625471    -0.8274  27.625531     7.7519     7.9076     0.9672    94.0075 2.8543e-01  -66.89124  -68.92347 333.409610      99.97 6.4350e+02    604.275      14504  1027.7524  1027.7509    33.9925    33.9908    8.24494         33 0.0000e+00
     89.000     88.097    -0.8373  27.620336    -0.8367  27.619660     7.5095     7.7475     0.7940    94.2317 2.7602e-01  -66.89124  -68.92349 333.409661      99.97 6.4830e+02    608.688      14610  1027.7591  1027.7577    33.9944    33.9927    8.24666         25 0.0000e+00
     90.000     89.087    -0.8490  27.615055    -0.8485  27.614199     7.4525     7.6924     0.7851    94.3184 2.5545e-01  -66.89124  -68.92350 333.409676      99.97 6.5236e+02    609.964      14640  1027.7690  1027.7675    33.9998    33.9980    8.24891         36 0.0000e+00
     91.000     90.077    -0.8534  27.615280    -0.8528  27.614342     7.4669     7.6334     0.7954    94.6594 2.3430e-01  -66.89123  -68.92350 333.409711      99.97 6.6163e+02    612.997      14713  1027.7776  1027.7759    34.0044    34.0025    8.24960         30 0.0000e+00
     92.000     91.068    -0.8545  27.616801    -0.8540  27.615803     7.5174     7.6189     0.6317    95.0605 2.2002e-01  -66.89124  -68.92350 333.409761      99.97 6.7017e+02    617.336      14817  1027.7843  1027.7828    34.0071    34.0053    8.24968         29 0.0000e+00
     93.000     92.056    -0.8546  27.617754    -0.8542  27.616760     7.5129     7.6117     0.6176    95.1497 2.0950e-01  -66.89123  -68.92351 333.409793      99.97 6.7705e+02    620.093      14883  1027.7897  1027.7882    34.0079    34.0061    8.24966         47 0.0000e+00
     94.000     93.046    -0.8551  27.620631    -0.8550  27.618927     7.2603     7.4656     0.6923    95.2081 1.9523e-01  -66.89122  -68.92352 333.409829      99.97 6.8732e+02    623.201      14958  1027.7975  1027.7955    34.0117    34.0093    8.24954         33 0.0000e+00
     95.000     94.035    -0.8333  27.649671    -0.8356  27.645431     6.8238     7.1227     0.5068    95.3641 1.8224e-01  -66.89122  -68.92351 333.409877      99.97 7.0007e+02    627.346      15057  1027.8123  1027.8099    34.0260    34.0227    8.24395         36 0.0000e+00
     96.000     95.025    -0.8113  27.675365    -0.8110  27.673865     6.7931     7.0643     0.4010    95.5853 1.7202e-01  -66.89122  -68.92352 333.409894      99.97 7.0432e+02    628.869      15094  1027.8232  1027.8213    34.0353    34.0330    8.23859         39 0.0000e+00
     97.000     96.015    -0.7901  27.699282    -0.7917  27.695770     6.8220     6.9969     0.3264    95.7417 1.6294e-01  -66.89122  -68.92354 333.409941      99.97 7.0850e+02    632.938      15192  1027.8334  1027.8312    34.0432    34.0402    8.23349         25 0.0000e+00
     98.000     97.003    -0.7698  27.722720    -0.7692  27.721834     6.7450     6.8879     0.2443    95.9567 1.5589e-01  -66.89122  -68.92355 333.410004      99.97 7.1166e+02    638.329      15321  1027.8441  1027.8426    34.0514    34.0496    8.22859         32 0.0000e+00
     99.000     97.994    -0.7419  27.753286    -0.7415  27.752041     6.7095     6.8634     0.2028    96.0404 1.4865e-01  -66.89122  -68.92356 333.410017      99.97 7.1654e+02    639.435      15347  1027.8545  1027.8528    34.0607    34.0585    8.22196         24 0.0000e+00
    100.000     98.983    -0.7361  27.759418    -0.7359  27.758255     6.7274     6.8610     0.2069    95.9964 1.3962e-01  -66.89122  -68.92358 333.410028      99.98 7.2063e+02    640.415      15371  1027.8601  1027.8586    34.0619    34.0600    8.22065         24 0.0000e+00
    101.000     99.970    -0.7336  27.762585    -0.7357  27.759144     6.7077     6.8406     0.2139    95.9233 1.2981e-01  -66.89122  -68.92358 333.410079      99.97 7.1948e+02    644.802      15476  1027.8659  1027.8641    34.0627    34.0604    8.22005         40 0.0000e+00
    102.000    100.963    -0.7136  27.784989    -0.7139  27.783388     6.6735     6.7983     0.2122    96.0102 1.2517e-01  -66.89122  -68.92360 333.410128      99.98 7.1825e+02    649.061      15578  1027.8754  1027.8739    34.0698    34.0680    8.21528         41 0.0000e+00
    103.000    101.953    -0.7039  27.796143    -0.7047  27.794101     6.6555     6.7732     0.2395    96.0624 1.1572e-01  -66.89122  -68.92361 333.410152      99.97 7.2540e+02    651.143      15628  1027.8827  1027.8812    34.0734    34.0714    8.21297         44 0.0000e+00
    104.000    102.939    -0.6901  27.812035    -0.6909  27.809461     6.6555     6.7573     0.1990    96.1294 1.0263e-01  -66.89122  -68.92360 333.410188      99.97 7.2960e+02    654.261      15703  1027.8912  1027.8892    34.0786    34.0761    8.20966         28 0.0000e+00
    105.000    103.931    -0.6748  27.831829    -0.6743  27.830679     6.6381     6.7451     0.1900    96.1838 9.7007e-02  -66.89122  -68.92361 333.410216      99.98 7.2983e+02    656.690      15762  1027.9024  1027.9006    34.0875    34.0854    8.20582         37 0.0000e+00
    106.000    104.920    -0.6642  27.846505    -0.6645  27.844629     6.6362     6.7350     0.1512    96.2089 9.4942e-02  -66.89122  -68.92363 333.410236      99.98 7.3083e+02    658.410      15803  1027.9125  1027.9108    34.0947    34.0926    8.20310         34 0.0000e+00
    107.000    105.910    -0.6563  27.856033    -0.6560  27.854854     6.6310     6.7171     0.1936    96.3025 9.0770e-02  -66.89122  -68.92364 333.410259      99.97 7.2982e+02    660.411      15851  1027.9198  1027.9181    34.0981    34.0962    8.20120         35 0.0000e+00
    108.000    106.898    -0.6536  27.859243    -0.6532  27.858411     6.6446     6.7124     0.1583    96.2989 8.3352e-02  -66.89122  -68.92364 333.410274      99.97 7.3224e+02    661.707      15882  1027.9251  1027.9237    34.0988    34.0972    8.20058         25 0.0000e+00
    109.000    107.890    -0.6480  27.866922    -0.6479  27.865662     6.6351     6.7119     0.1237    96.3060 7.5535e-02  -66.89122  -68.92364 333.410285      99.97 7.3537e+02    662.626      15904  1027.9323  1027.9308    34.1022    34.1003    8.19916         21 0.0000e+00
    110.000    108.878    -0.6488  27.867494    -0.6485  27.866596     6.5911     6.6883     0.1125    96.3324 6.7895e-02  -66.89122  -68.92364 333.410295      99.97 7.3909e+02    663.493      15925  1027.9380  1027.9368    34.1032    34.1017    8.19926         22 0.0000e+00
    111.000    109.869    -0.6448  27.872738    -0.6446  27.871543     6.4983     6.6495     0.1194    96.3389 6.0484e-02  -66.89122  -68.92364 333.410307      99.97 7.4102e+02    664.520      15949  1027.9443  1027.9428    34.1052    34.1034    8.19828         28 0.0000e+00
    112.000    110.857    -0.5914  27.932079    -0.5973  27.922350     6.3917     6.5572     0.1590    96.3709 5.3968e-02  -66.89122  -68.92364 333.410329      99.97 7.3545e+02    666.413      15995  1027.9610  1027.9563    34.1244    34.1179    8.18562         38 0.0000e+00
    113.000    111.846    -0.5429  27.986287    -0.5429  27.983873     6.3042     6.4615     0.1541    96.4649 5.0954e-02  -66.89122  -68.92366 333.410355      99.97 7.2432e+02    668.702      16050  1027.9772  1027.9745    34.1422    34.1389    8.17412         35 0.0000e+00
    114.000    112.838    -0.5277  28.001948    -0.5282  28.000358     6.2890     6.4427     0.1301    96.5359 4.7683e-02  -66.89122  -68.92367 333.410368      99.97 7.2050e+02    669.812      16076  1027.9839  1027.9826    34.1454    34.1439    8.17065         24 0.0000e+00
    115.000    113.825    -0.5197  28.010851    -0.5198  28.009745     6.3009     6.4292     0.0835    96.5634 4.3944e-02  -66.89122  -68.92368 333.410379      99.97 7.1926e+02    670.705      16098  1027.9903  1027.9892    34.1478    34.1464    8.16880         21 0.0000e+00
    116.000    114.816    -0.5151  28.016083    -0.5148  28.015376     6.2915     6.4194     0.0735    96.5575 3.9272e-02  -66.89122  -68.92368 333.410389      99.98 7.1926e+02    671.565      16119  1027.9960  1027.9949    34.1491    34.1477    8.16773         21 0.0000e+00
    117.000    115.805    -0.5078  28.024035    -0.5093  28.021642     6.2989     6.4186     0.0873    96.5678 3.5198e-02  -66.89122  -68.92368 333.410400      99.97 7.1926e+02    672.548      16142  1028.0021  1028.0009    34.1510    34.1494    8.16606         26 0.0000e+00
    118.000    116.794    -0.5071  28.025184    -0.5065  28.024513     6.3235     6.4201     0.1007    96.5856 3.0743e-02  -66.89122  -68.92368 333.410414      99.97 7.1830e+02    673.787      16172  1028.0073  1028.0059    34.1511    34.1495    8.16590         33 0.0000e+00
    119.000    117.783    -0.5066  28.026065    -0.5070  28.024388     6.3331     6.4219     0.1162    96.5681 2.7174e-02  -66.89122  -68.92368 333.410430      99.97 7.1331e+02    675.174      16205  1028.0124  1028.0109    34.1511    34.1493    8.16579         32 0.0000e+00
    120.000    118.775    -0.5069  28.026122    -0.5069  28.025050     6.3359     6.4183     0.0953    96.5993 2.3467e-02  -66.89122  -68.92368 333.410444      99.97 7.0745e+02    676.343      16233  1028.0173  1028.0160    34.1509    34.1494    8.16586         26 0.0000e+00
