NBP2113_155081_ctd/data/dnbp2113_012.cnv
* Sea-Bird SBE 9 Data File:
* FileName = D:\Data\raw\NBP2113_012.hex
* Software Version Seasave V 7.26.7.121
* Temperature SN = 2438
* Conductivity SN = 2067
* Number of Bytes Per Scan = 40
* Number of Voltage Words = 5
* Number of Scans Averaged by the Deck Unit = 1
* NMEA Latitude = 64 36.38 S
* NMEA Longitude = 068 17.17 W
* NMEA UTC (Time) = Nov 26 2021  18:58:06
* NMEA baud rate = 9600
** Ship: RVIB N.B. Palmer
** Cruise: NBP2113 LTER
** Station: 500.200
** Operator: S. Blackman
# nquan = 25
# nvalues = 2717                        
# units = specified
# name 0 = prDM: Pressure, Digiquartz [db]
# name 1 = depSM: Depth [salt water, m]
# name 2 = t090C: Temperature [ITS-90, deg C]
# name 3 = c0mS/cm: Conductivity [mS/cm]
# name 4 = t190C: Temperature, 2 [ITS-90, deg C]
# name 5 = c1mS/cm: Conductivity, 2 [mS/cm]
# name 6 = sbeox0ML/L: Oxygen, SBE 43 [ml/l]
# name 7 = sbeox1ML/L: Oxygen, SBE 43, 2 [ml/l]
# name 8 = flECO-AFL: Fluorescence, WET Labs ECO-AFL/FL [mg/m^3]
# name 9 = CStarTr0: Beam Transmission, WET Labs C-Star [%]
# name 10 = par: PAR/Irradiance, Biospherical/Licor
# name 11 = latitude: Latitude [deg]
# name 12 = longitude: Longitude [deg]
# name 13 = timeJ: Julian Days
# name 14 = altM: Altimeter [m]
# name 15 = spar: SPAR, Biospherical/Licor
# name 16 = timeS: Time, Elapsed [seconds]
# name 17 = scan: Scan Count
# name 18 = density00: Density [density, kg/m^3]
# name 19 = density11: Density, 2 [density, kg/m^3]
# name 20 = sal00: Salinity, Practical [PSU]
# name 21 = sal11: Salinity, Practical, 2 [PSU]
# name 22 = oxsolML/L: Oxygen Saturation, Garcia & Gordon [ml/l]
# name 23 = nbin: number of scans per bin
# name 24 = flag: flag
# span 0 =      5.000,   2721.000       
# span 1 =      4.944,   2677.080       
# span 2 =    -1.1602,     1.6021       
# span 3 =  27.419715,  30.390712       
# span 4 =    -1.1596,     1.6020       
# span 5 =  27.417266,  30.389742       
# span 6 =     4.0436,     8.4721       
# span 7 =     4.0111,     8.3128       
# span 8 =    -0.0265,     2.6151       
# span 9 =    92.5167,    97.9563       
# span 10 = 1.0000e-12, 1.0000e-12      
# span 11 =  -64.60656,  -64.60634      
# span 12 =  -68.28784,  -68.28578      
# span 13 = 330.793814, 330.834317      
# span 14 =      -0.50,     119.67      
# span 15 = 1.9921e+02, 7.2973e+02      
# span 16 =    299.527,   3799.004      
# span 17 =       7190,      91177      
# span 18 =  1027.3553,  1040.3969      
# span 19 =  1027.3527,  1040.3961      
# span 20 =    33.9997,    34.7261      
# span 21 =    33.9972,    34.7252      
# span 22 =    7.70424,    8.31225      
# span 23 =          8,         54      
# span 24 = 0.0000e+00, 0.0000e+00      
# interval = decibars: 1                
# start_time = Nov 26 2021 18:58:06 [NMEA time, header]
# bad_flag = -9.990e-29
*END*
[from data line 696]
    701.000    692.976     1.3088  30.273593     1.3088  30.272750     4.3561     4.3695    -0.0109    97.9064 1.0000e-12  -64.60644  -68.28754 330.806006      99.97 3.7194e+02   1352.884      32470  1031.0929  1031.0921    34.7247    34.7237    7.75948         30 0.0000e+00
    702.000    693.962     1.3078  30.273285     1.3077  30.272307     4.3653     4.3691    -0.0047    97.9247 1.0000e-12  -64.60644  -68.28754 330.806018      99.98 3.7007e+02   1353.980      32497  1031.0978  1031.0969    34.7249    34.7238    7.75968         23 0.0000e+00
    703.000    694.950     1.3075  30.273473     1.3076  30.272592     4.3679     4.3703    -0.0031    97.9081 1.0000e-12  -64.60644  -68.28753 330.806029      99.98 3.6839e+02   1354.903      32519  1031.1025  1031.1015    34.7249    34.7237    7.75974         21 0.0000e+00
    704.000    695.935     1.3071  30.273668     1.3072  30.272765     4.3619     4.3708    -0.0096    97.9249 1.0000e-12  -64.60644  -68.28752 330.806040      99.98 3.6844e+02   1355.818      32541  1031.1073  1031.1063    34.7250    34.7238    7.75980         24 0.0000e+00
    705.000    696.922     1.3075  30.274305     1.3074  30.273312     4.3658     4.3730    -0.0141    97.9127 1.0000e-12  -64.60644  -68.28752 330.806052      99.98 3.6844e+02   1356.908      32567  1031.1117  1031.1108    34.7248    34.7237    7.75973         30 0.0000e+00
    706.000    697.910     1.3078  30.274935     1.3078  30.274100     4.3640     4.3724    -0.0150    97.9219 1.0000e-12  -64.60644  -68.28754 330.806069      99.98 3.6844e+02   1358.397      32603  1031.1163  1031.1154    34.7248    34.7237    7.75968         39 0.0000e+00
    707.000    698.897     1.3081  30.275629     1.3079  30.274725     4.3550     4.3740    -0.0134    97.9109 1.0000e-12  -64.60644  -68.28756 330.806086      99.98 3.6700e+02   1359.801      32636  1031.1209  1031.1202    34.7247    34.7238    7.75962         31 0.0000e+00
    708.000    699.884     1.3079  30.276067     1.3081  30.275153     4.3516     4.3689    -0.0067    97.9238 1.0000e-12  -64.60644  -68.28757 330.806104      99.98 3.6668e+02   1361.417      32675  1031.1257  1031.1246    34.7249    34.7236    7.75965         42 0.0000e+00
    709.000    700.871     1.3081  30.276562     1.3079  30.275610     4.3596     4.3693    -0.0154    97.9312 1.0000e-12  -64.60644  -68.28758 330.806124      99.98 3.6483e+02   1363.128      32716  1031.1302  1031.1295    34.7248    34.7238    7.75962         27 0.0000e+00
    710.000    701.855     1.3072  30.276326     1.3074  30.275554     4.3583     4.3714    -0.0150    97.9139 1.0000e-12  -64.60644  -68.28758 330.806134      99.98 3.6492e+02   1364.000      32737  1031.1351  1031.1341    34.7250    34.7237    7.75979         19 0.0000e+00
    711.000    702.846     1.3072  30.276880     1.3071  30.275779     4.3578     4.3696    -0.0150    97.9337 1.0000e-12  -64.60644  -68.28757 330.806142      99.97 3.6492e+02   1364.700      32754  1031.1399  1031.1389    34.7251    34.7238    7.75978         15 0.0000e+00
    712.000    703.830     1.3072  30.277244     1.3072  30.276359     4.3604     4.3702    -0.0150    97.8840 1.0000e-12  -64.60644  -68.28756 330.806150      99.98 3.6492e+02   1365.313      32769  1031.1445  1031.1436    34.7250    34.7239    7.75979         14 0.0000e+00
    713.000    704.818     1.3071  30.277647     1.3073  30.276811     4.3655     4.3696    -0.0150    97.8841 1.0000e-12  -64.60644  -68.28758 330.806157      99.98 3.6492e+02   1365.940      32784  1031.1491  1031.1482    34.7250    34.7238    7.75980         16 0.0000e+00
    714.000    705.808     1.3070  30.277967     1.3072  30.277037     4.3632     4.3668    -0.0113    97.9082 1.0000e-12  -64.60644  -68.28758 330.806167      99.98 3.6492e+02   1366.790      32804  1031.1538  1031.1527    34.7250    34.7236    7.75982         25 0.0000e+00
    715.000    706.792     1.3070  30.278217     1.3072  30.277508     4.3670     4.3676    -0.0074    97.9183 1.0000e-12  -64.60644  -68.28760 330.806196      99.98 3.6402e+02   1369.319      32865  1031.1583  1031.1573    34.7248    34.7236    7.75984         38 0.0000e+00
    716.000    707.778     1.3074  30.278893     1.3072  30.277970     4.3601     4.3690    -0.0152    97.9305 1.0000e-12  -64.60644  -68.28760 330.806214      99.98 3.6313e+02   1370.904      32903  1031.1627  1031.1620    34.7246    34.7237    7.75976         29 0.0000e+00
    717.000    708.766     1.3071  30.279100     1.3069  30.278217     4.3583     4.3674    -0.0125    97.9285 1.0000e-12  -64.60644  -68.28760 330.806228      99.98 3.6315e+02   1372.095      32931  1031.1675  1031.1667    34.7246    34.7237    7.75982         29 0.0000e+00
    718.000    709.752     1.3071  30.279532     1.3069  30.278611     4.3557     4.3729    -0.0086    97.9176 1.0000e-12  -64.60644  -68.28758 330.806241      99.98 3.6315e+02   1373.235      32959  1031.1721  1031.1714    34.7247    34.7237    7.75983         27 0.0000e+00
    719.000    710.738     1.3071  30.280045     1.3070  30.279187     4.3597     4.3743    -0.0147    97.9355 1.0000e-12  -64.60644  -68.28758 330.806254      99.98 3.6315e+02   1374.349      32985  1031.1768  1031.1760    34.7247    34.7237    7.75982         26 0.0000e+00
    720.000    711.725     1.3071  30.280577     1.3071  30.279682     4.3663     4.3718    -0.0129    97.9356 1.0000e-12  -64.60644  -68.28758 330.806266      99.98 3.6155e+02   1375.390      33010  1031.1816  1031.1807    34.7249    34.7237    7.75982         24 0.0000e+00
    721.000    712.712     1.3072  30.281124     1.3072  30.280190     4.3580     4.3739    -0.0063    97.8747 1.0000e-12  -64.60644  -68.28760 330.806278      99.98 3.6139e+02   1376.429      33035  1031.1862  1031.1853    34.7248    34.7237    7.75979         26 0.0000e+00
    722.000    713.700     1.3072  30.281484     1.3072  30.280659     4.3590     4.3706    -0.0083    97.9138 1.0000e-12  -64.60644  -68.28761 330.806291      99.98 3.6139e+02   1377.521      33062  1031.1908  1031.1900    34.7247    34.7237    7.75980         26 0.0000e+00
    723.000    714.686     1.3072  30.282003     1.3073  30.281192     4.3611     4.3685    -0.0140    97.9158 1.0000e-12  -64.60644  -68.28762 330.806303      99.98 3.6139e+02   1378.623      33088  1031.1955  1031.1946    34.7248    34.7237    7.75979         26 0.0000e+00
    724.000    715.673     1.3074  30.282599     1.3074  30.281681     4.3597     4.3766    -0.0048    97.9230 1.0000e-12  -64.60644  -68.28763 330.806316      99.98 3.6193e+02   1379.733      33115  1031.2001  1031.1992    34.7248    34.7237    7.75975         29 0.0000e+00
    725.000    716.659     1.3070  30.282792     1.3071  30.281792     4.3589     4.3691    -0.0030    97.9297 1.0000e-12  -64.60644  -68.28764 330.806335      99.98 3.6278e+02   1381.374      33154  1031.2049  1031.2039    34.7249    34.7236    7.75982         40 0.0000e+00
    726.000    717.645     1.3072  30.283147     1.3071  30.282277     4.3607     4.3681    -0.0106    97.8746 1.0000e-12  -64.60644  -68.28762 330.806358      99.98 3.6255e+02   1383.307      33200  1031.2094  1031.2085    34.7247    34.7236    7.75981         30 0.0000e+00
    727.000    718.633     1.3072  30.283814     1.3073  30.282799     4.3616     4.3662    -0.0114    97.9169 1.0000e-12  -64.60644  -68.28762 330.806369      99.98 3.6133e+02   1384.283      33224  1031.2142  1031.2131    34.7250    34.7236    7.75979         20 0.0000e+00
    728.000    719.619     1.3073  30.284331     1.3073  30.283418     4.3557     4.3673     0.0041    97.9344 1.0000e-12  -64.60644  -68.28762 330.806377      99.98 3.6139e+02   1385.013      33241  1031.2189  1031.2179    34.7249    34.7237    7.75977         17 0.0000e+00
    729.000    720.606     1.3069  30.284515     1.3070  30.283540     4.3603     4.3708    -0.0025    97.9096 1.0000e-12  -64.60644  -68.28762 330.806385      99.98 3.6139e+02   1385.650      33257  1031.2236  1031.2225    34.7250    34.7236    7.75984         14 0.0000e+00
    730.000    721.595     1.3069  30.284901     1.3071  30.284035     4.3648     4.3780    -0.0055    97.9038 1.0000e-12  -64.60644  -68.28762 330.806392      99.98 3.6283e+02   1386.287      33272  1031.2283  1031.2272    34.7250    34.7236    7.75985         17 0.0000e+00
    731.000    722.580     1.3069  30.285329     1.3071  30.284427     4.3592     4.3728    -0.0057    97.8859 1.0000e-12  -64.60644  -68.28763 330.806412      99.98 3.6377e+02   1387.978      33312  1031.2328  1031.2318    34.7249    34.7236    7.75984         29 0.0000e+00
    732.000    723.567     1.3072  30.285948     1.3072  30.285010     4.3617     4.3695     0.0015    97.8841 1.0000e-12  -64.60644  -68.28766 330.806455      99.98 3.6494e+02   1391.731      33403  1031.2375  1031.2365    34.7249    34.7237    7.75980         21 0.0000e+00
    733.000    724.552     1.3070  30.286253     1.3071  30.285421     4.3604     4.3716    -0.0055    97.9095 1.0000e-12  -64.60644  -68.28766 330.806464      99.98 3.6317e+02   1392.451      33420  1031.2421  1031.2412    34.7248    34.7237    7.75983         17 0.0000e+00
    734.000    725.542     1.3070  30.286799     1.3073  30.285939     4.3542     4.3650    -0.0072    97.8895 1.0000e-12  -64.60644  -68.28766 330.806471      99.98 3.6315e+02   1393.106      33436  1031.2468  1031.2458    34.7250    34.7236    7.75982         14 0.0000e+00
    735.000    726.526     1.3071  30.287323     1.3073  30.286517     4.3617     4.3625    -0.0066    97.8933 1.0000e-12  -64.60644  -68.28766 330.806478      99.98 3.6315e+02   1393.697      33450  1031.2516  1031.2505    34.7250    34.7238    7.75981         14 0.0000e+00
    736.000    727.514     1.3072  30.287811     1.3074  30.287058     4.3633     4.3605    -0.0058    97.9096 1.0000e-12  -64.60644  -68.28766 330.806485      99.98 3.6315e+02   1394.286      33464  1031.2561  1031.2551    34.7249    34.7237    7.75978         15 0.0000e+00
    737.000    728.501     1.3072  30.288301     1.3074  30.287444     4.3615     4.3629    -0.0068    97.9271 1.0000e-12  -64.60644  -68.28766 330.806492      99.98 3.6315e+02   1394.921      33479  1031.2608  1031.2598    34.7250    34.7237    7.75978         16 0.0000e+00
    738.000    729.487     1.3070  30.288569     1.3073  30.287828     4.3615     4.3669    -0.0129    97.8930 1.0000e-12  -64.60644  -68.28767 330.806502      99.98 3.6315e+02   1395.738      33499  1031.2655  1031.2644    34.7250    34.7237    7.75982         24 0.0000e+00
    739.000    730.476     1.3070  30.288935     1.3073  30.288071     4.3613     4.3693    -0.0112    97.8380 1.0000e-12  -64.60644  -68.28768 330.806528      99.98 3.6315e+02   1398.059      33554  1031.2701  1031.2689    34.7249    34.7235    7.75983         29 0.0000e+00
    740.000    731.460     1.3074  30.289607     1.3075  30.288726     4.3556     4.3702    -0.0095    97.9122 1.0000e-12  -64.60644  -68.28768 330.806562      99.98 3.6315e+02   1400.926      33623  1031.2745  1031.2736    34.7247    34.7236    7.75975         27 0.0000e+00
    741.000    732.448     1.3074  30.290121     1.3076  30.289339     4.3559     4.3711    -0.0146    97.8826 1.0000e-12  -64.60644  -68.28768 330.806571      99.97 3.6315e+02   1401.755      33643  1031.2793  1031.2783    34.7248    34.7237    7.75975         19 0.0000e+00
    742.000    733.434     1.3074  30.290689     1.3077  30.289833     4.3548     4.3704    -0.0150    97.9203 1.0000e-12  -64.60644  -68.28768 330.806580      99.98 3.6315e+02   1402.498      33661  1031.2841  1031.2830    34.7250    34.7236    7.75974         17 0.0000e+00
    743.000    734.420     1.3075  30.291217     1.3077  30.290338     4.3596     4.3712    -0.0130    97.9115 1.0000e-12  -64.60644  -68.28768 330.806588      99.98 3.6422e+02   1403.171      33677  1031.2887  1031.2876    34.7250    34.7236    7.75972         15 0.0000e+00
    744.000    735.408     1.3075  30.291567     1.3076  30.290574     4.3605     4.3678    -0.0142    97.8613 1.0000e-12  -64.60644  -68.28768 330.806595      99.98 3.6492e+02   1403.852      33693  1031.2933  1031.2922    34.7250    34.7236    7.75973         18 0.0000e+00
    745.000    736.395     1.3073  30.291878     1.3075  30.291022     4.3597     4.3661    -0.0147    97.8672 1.0000e-12  -64.60644  -68.28768 330.806606      99.98 3.6575e+02   1404.763      33715  1031.2980  1031.2969    34.7249    34.7236    7.75976         28 0.0000e+00
    746.000    737.382     1.3073  30.292123     1.3073  30.291155     4.3572     4.3673    -0.0128    97.8653 1.0000e-12  -64.60644  -68.28771 330.806631      99.98 3.6672e+02   1406.909      33767  1031.3025  1031.3014    34.7247    34.7235    7.75978         34 0.0000e+00
    747.000    738.367     1.3072  30.292399     1.3072  30.291620     4.3607     4.3685    -0.0065    97.8206 1.0000e-12  -64.60644  -68.28772 330.806649      99.98 3.6828e+02   1408.511      33805  1031.3071  1031.3063    34.7246    34.7236    7.75981         31 0.0000e+00
    748.000    739.354     1.3068  30.292542     1.3068  30.291677     4.3583     4.3653    -0.0061    97.9280 1.0000e-12  -64.60644  -68.28773 330.806664      99.98 3.6844e+02   1409.789      33836  1031.3118  1031.3110    34.7247    34.7236    7.75988         32 0.0000e+00
    749.000    740.341     1.3067  30.292872     1.3067  30.291981     4.3551     4.3619    -0.0128    97.9363 1.0000e-12  -64.60644  -68.28772 330.806680      99.98 3.6844e+02   1411.182      33869  1031.3164  1031.3155    34.7246    34.7235    7.75990         34 0.0000e+00
    750.000    741.327     1.3065  30.293153     1.3066  30.292261     4.3537     4.3651    -0.0064    97.9147 1.0000e-12  -64.60644  -68.28772 330.806695      99.97 3.6844e+02   1412.434      33899  1031.3212  1031.3202    34.7247    34.7235    7.75994         25 0.0000e+00
    751.000    742.314     1.3065  30.293711     1.3066  30.292825     4.3534     4.3690    -0.0066    97.9269 1.0000e-12  -64.60644  -68.28772 330.806706      99.97 3.6844e+02   1413.379      33922  1031.3259  1031.3249    34.7248    34.7236    7.75994         20 0.0000e+00
    752.000    743.303     1.3062  30.293908     1.3062  30.292956     4.3551     4.3724    -0.0120    97.9344 1.0000e-12  -64.60646  -68.28772 330.806715      99.97 3.6844e+02   1414.182      33941  1031.3306  1031.3297    34.7248    34.7237    7.75998         19 0.0000e+00
    753.000    744.286     1.3061  30.294257     1.3063  30.293418     4.3599     4.3738    -0.0150    97.9166 1.0000e-12  -64.60646  -68.28772 330.806724      99.98 3.6687e+02   1414.956      33960  1031.3353  1031.3343    34.7248    34.7236    7.76001         19 0.0000e+00
    754.000    745.274     1.3058  30.294446     1.3059  30.293611     4.3633     4.3740    -0.0137    97.9100 1.0000e-12  -64.60646  -68.28772 330.806734      99.98 3.6754e+02   1415.792      33980  1031.3399  1031.3389    34.7248    34.7236    7.76006         22 0.0000e+00
    755.000    746.261     1.3058  30.294866     1.3059  30.293947     4.3619     4.3757    -0.0092    97.9098 1.0000e-12  -64.60646  -68.28774 330.806751      99.98 3.6946e+02   1417.258      34015  1031.3445  1031.3435    34.7248    34.7235    7.76006         34 0.0000e+00
    756.000    747.247     1.3054  30.294694     1.3054  30.293818     4.3562     4.3642    -0.0081    97.9354 1.0000e-12  -64.60644  -68.28776 330.806781      99.98 3.7211e+02   1419.842      34077  1031.3490  1031.3481    34.7245    34.7234    7.76017         33 0.0000e+00
    757.000    748.234     1.3048  30.294775     1.3048  30.293868     4.3526     4.3676    -0.0131    97.9154 1.0000e-12  -64.60644  -68.28776 330.806792      99.97 3.7318e+02   1420.868      34102  1031.3539  1031.3529    34.7247    34.7235    7.76028         22 0.0000e+00
