NBP2113_155081_ctd/data/dnbp2113_023.cnv
* Sea-Bird SBE 9 Data File:
* FileName = D:\Data\raw\NBP2113_023.hex
* Software Version Seasave V 7.26.7.121
* Temperature SN = 2438
* Conductivity SN = 2067
* Number of Bytes Per Scan = 40
* Number of Voltage Words = 5
* Number of Scans Averaged by the Deck Unit = 1
* NMEA Latitude = 67 30.61 S
* NMEA Longitude = 070 35.52 W
* NMEA UTC (Time) = Dec 02 2021  00:50:18
* NMEA baud rate = 9600
** Ship: RVIB N.B. Palmer
** Cruise: NBP2113 LTER
** Station: 200.040
** Operator: S. Blackman
# nquan = 25
# nvalues = 743                         
# units = specified
# name 0 = prDM: Pressure, Digiquartz [db]
# name 1 = depSM: Depth [salt water, m]
# name 2 = t090C: Temperature [ITS-90, deg C]
# name 3 = c0mS/cm: Conductivity [mS/cm]
# name 4 = t190C: Temperature, 2 [ITS-90, deg C]
# name 5 = c1mS/cm: Conductivity, 2 [mS/cm]
# name 6 = sbeox0ML/L: Oxygen, SBE 43 [ml/l]
# name 7 = sbeox1ML/L: Oxygen, SBE 43, 2 [ml/l]
# name 8 = flECO-AFL: Fluorescence, WET Labs ECO-AFL/FL [mg/m^3]
# name 9 = CStarTr0: Beam Transmission, WET Labs C-Star [%]
# name 10 = par: PAR/Irradiance, Biospherical/Licor
# name 11 = latitude: Latitude [deg]
# name 12 = longitude: Longitude [deg]
# name 13 = timeJ: Julian Days
# name 14 = altM: Altimeter [m]
# name 15 = spar: SPAR, Biospherical/Licor
# name 16 = timeS: Time, Elapsed [seconds]
# name 17 = scan: Scan Count
# name 18 = density00: Density [density, kg/m^3]
# name 19 = density11: Density, 2 [density, kg/m^3]
# name 20 = sal00: Salinity, Practical [PSU]
# name 21 = sal11: Salinity, Practical, 2 [PSU]
# name 22 = oxsolML/L: Oxygen Saturation, Garcia & Gordon [ml/l]
# name 23 = nbin: number of scans per bin
# name 24 = flag: flag
# span 0 =      6.000,    748.000       
# span 1 =      5.937,    739.207       
# span 2 =    -0.8252,     1.4753       
# span 3 =  27.673319,  30.294976       
# span 4 =    -0.8251,     1.4750       
# span 5 =  27.671917,  30.293303       
# span 6 =     3.9693,     8.0537       
# span 7 =     4.0237,     8.1088       
# span 8 =    -0.0216,     2.2036       
# span 9 =    89.3069,    97.1568       
# span 10 = 1.0000e-12, 1.3419e+01      
# span 11 =  -67.51056,  -67.51024      
# span 12 =  -70.59102,  -70.58575      
# span 13 = 336.038478, 336.051158      
# span 14 =       5.89,     104.05      
# span 15 = 2.8191e+01, 4.0782e+01      
# span 16 =    306.499,   1402.014      
# span 17 =       7357,      33649      
# span 18 =  1027.3408,  1031.3032      
# span 19 =  1027.3384,  1031.3016      
# span 20 =    33.9779,    34.7152      
# span 21 =    33.9750,    34.7133      
# span 22 =    7.72879,    8.24049      
# span 23 =         11,         47      
# span 24 = 0.0000e+00, 0.0000e+00      
# interval = decibars: 1                
# start_time = Dec 02 2021 00:50:18 [NMEA time, header]
# bad_flag = -9.990e-29
*END*
[from data line 406]
    412.000    407.484     1.4165  30.216554     1.4164  30.215020     3.9888     4.0326     0.0132    97.0739 1.0000e-12  -67.51046  -70.58648 336.046028      99.97 3.1732e+01    958.834      23013  1029.7122  1029.7107    34.6975    34.6956    7.73973         13 0.0000e+00
    413.000    408.474     1.4149  30.215776     1.4147  30.214248     3.9830     4.0316    -0.0131    97.0860 1.0000e-12  -67.51046  -70.58648 336.046034      99.97 3.1732e+01    959.383      23026  1029.7172  1029.7158    34.6977    34.6959    7.74003         13 0.0000e+00
    414.000    409.461     1.4147  30.216181     1.4145  30.214355     3.9802     4.0349    -0.0140    97.0970 1.0000e-12  -67.51044  -70.58648 336.046041      99.98 3.1732e+01    959.947      23040  1029.7220  1029.7204    34.6978    34.6957    7.74006         14 0.0000e+00
    415.000    410.451     1.4142  30.216075     1.4139  30.214368     3.9756     4.0373    -0.0061    97.1061 1.0000e-12  -67.51044  -70.58647 336.046049      99.98 3.1732e+01    960.626      23056  1029.7266  1029.7252    34.6977    34.6959    7.74017         21 0.0000e+00
    416.000    411.437     1.4165  30.218394     1.4145  30.215365     3.9735     4.0301    -0.0001    97.0999 1.0000e-12  -67.51045  -70.58642 336.046107      99.98 3.1732e+01    965.629      23176  1029.7309  1029.7297    34.6976    34.6958    7.73973         19 0.0000e+00
    417.000    412.425     1.4146  30.217503     1.4142  30.215869     3.9801     4.0311    -0.0010    97.1077 1.0000e-12  -67.51046  -70.58640 336.046131      99.98 3.1732e+01    967.768      23227  1029.7360  1029.7347    34.6979    34.6963    7.74008         13 0.0000e+00
    418.000    413.415     1.4145  30.217862     1.4141  30.216225     3.9850     4.0359    -0.0145    97.1095 1.0000e-12  -67.51046  -70.58640 336.046138      99.98 3.1732e+01    968.277      23240  1029.7407  1029.7393    34.6979    34.6962    7.74010         12 0.0000e+00
    419.000    414.401     1.4140  30.217917     1.4137  30.216281     3.9872     4.0365    -0.0138    97.0983 1.0000e-12  -67.51046  -70.58639 336.046143      99.97 3.1732e+01    968.790      23252  1029.7454  1029.7441    34.6979    34.6963    7.74019         12 0.0000e+00
    420.000    415.392     1.4135  30.218115     1.4134  30.216536     3.9845     4.0351    -0.0041    97.1078 1.0000e-12  -67.51046  -70.58638 336.046149      99.98 3.1732e+01    969.303      23264  1029.7504  1029.7489    34.6982    34.6963    7.74027         13 0.0000e+00
    421.000    416.378     1.4134  30.218374     1.4129  30.216609     3.9802     4.0355    -0.0047    97.1115 1.0000e-12  -67.51046  -70.58638 336.046156      99.98 3.1732e+01    969.897      23279  1029.7550  1029.7536    34.6981    34.6964    7.74031         17 0.0000e+00
    422.000    417.367     1.4136  30.218916     1.4133  30.217212     3.9771     4.0351    -0.0024    97.1183 1.0000e-12  -67.51045  -70.58638 336.046171      99.98 3.1732e+01    971.159      23309  1029.7595  1029.7580    34.6980    34.6961    7.74027         32 0.0000e+00
    423.000    418.354     1.4133  30.219211     1.4132  30.217455     3.9779     4.0367    -0.0053    97.1313 1.0000e-12  -67.51044  -70.58638 336.046198      99.98 3.1732e+01    973.533      23366  1029.7643  1029.7627    34.6981    34.6960    7.74032         42 0.0000e+00
    424.000    419.342     1.4133  30.219554     1.4128  30.217826     3.9783     4.0332    -0.0040    97.1353 1.0000e-12  -67.51044  -70.58637 336.046213      99.97 3.1732e+01    974.810      23396  1029.7689  1029.7676    34.6980    34.6963    7.74033         24 0.0000e+00
    425.000    420.331     1.4128  30.219559     1.4122  30.217742     3.9773     4.0369    -0.0116    97.1222 1.0000e-12  -67.51043  -70.58636 336.046224      99.98 3.1732e+01    975.766      23419  1029.7736  1029.7723    34.6980    34.6963    7.74044         25 0.0000e+00
    426.000    421.317     1.4115  30.219193     1.4113  30.217404     3.9802     4.0347    -0.0065    97.1340 1.0000e-12  -67.51043  -70.58634 336.046242      99.97 3.1732e+01    977.270      23455  1029.7786  1029.7770    34.6983    34.6963    7.74066         41 0.0000e+00
    427.000    422.306     1.4114  30.219473     1.4113  30.217804     3.9769     4.0368    -0.0060    97.1443 1.0000e-12  -67.51044  -70.58632 336.046265      99.97 3.1732e+01    979.287      23504  1029.7833  1029.7817    34.6983    34.6963    7.74070         34 0.0000e+00
    428.000    423.293     1.4113  30.219837     1.4109  30.218222     3.9787     4.0373    -0.0038    97.1568 1.0000e-12  -67.51044  -70.58630 336.046279      99.98 3.1732e+01    980.502      23533  1029.7880  1029.7867    34.6982    34.6966    7.74071         23 0.0000e+00
    429.000    424.282     1.4108  30.220089     1.4104  30.218189     3.9790     4.0354    -0.0140    97.1437 1.0000e-12  -67.51044  -70.58628 336.046289      99.98 3.1732e+01    981.361      23554  1029.7929  1029.7914    34.6985    34.6966    7.74079         20 0.0000e+00
    430.000    425.269     1.4099  30.219608     1.4093  30.217838     3.9859     4.0361    -0.0068    97.1375 1.0000e-12  -67.51044  -70.58628 336.046299      99.98 3.1732e+01    982.263      23575  1029.7976  1029.7963    34.6983    34.6967    7.74098         25 0.0000e+00
    431.000    426.258     1.4091  30.219615     1.4089  30.217816     3.9805     4.0314    -0.0064    97.1373 1.0000e-12  -67.51043  -70.58628 336.046316      99.98 3.1732e+01    983.733      23611  1029.8026  1029.8010    34.6987    34.6966    7.74112         40 0.0000e+00
    432.000    427.246     1.4092  30.220084     1.4088  30.218406     3.9864     4.0336    -0.0115    97.1373 1.0000e-12  -67.51042  -70.58628 336.046335      99.98 3.1732e+01    985.304      23648  1029.8071  1029.8059    34.6986    34.6969    7.74110         27 0.0000e+00
    433.000    428.230     1.4090  30.220508     1.4085  30.218746     3.9770     4.0346    -0.0039    97.1373 1.0000e-12  -67.51042  -70.58628 336.046344      99.98 3.1732e+01    986.165      23669  1029.8119  1029.8107    34.6987    34.6970    7.74113         18 0.0000e+00
    434.000    429.223     1.4083  30.220440     1.4079  30.218744     3.9735     4.0367    -0.0049    97.1373 1.0000e-12  -67.51042  -70.58628 336.046352      99.97 3.1732e+01    986.786      23684  1029.8169  1029.8155    34.6989    34.6972    7.74127         13 0.0000e+00
    435.000    430.213     1.4080  30.220815     1.4077  30.218966     3.9748     4.0375    -0.0033    97.1390 1.0000e-12  -67.51042  -70.58628 336.046358      99.97 3.1732e+01    987.371      23698  1029.8217  1029.8201    34.6991    34.6970    7.74131         15 0.0000e+00
    436.000    431.198     1.4078  30.220961     1.4075  30.219358     3.9774     4.0358     0.0021    97.1374 1.0000e-12  -67.51042  -70.58628 336.046366      99.98 3.1732e+01    988.047      23714  1029.8263  1029.8250    34.6989    34.6973    7.74136         20 0.0000e+00
    437.000    432.185     1.4086  30.221904     1.4080  30.220047     3.9792     4.0289     0.0019    97.1238 1.0000e-12  -67.51042  -70.58624 336.046410      99.98 3.1732e+01    991.875      23806  1029.8307  1029.8294    34.6987    34.6970    7.74122         25 0.0000e+00
    438.000    433.174     1.4076  30.222015     1.4073  30.220185     3.9879     4.0332    -0.0091    97.1196 1.0000e-12  -67.51042  -70.58622 336.046426      99.98 3.1732e+01    993.196      23838  1029.8359  1029.8344    34.6993    34.6974    7.74137         16 0.0000e+00
    439.000    434.162     1.4066  30.221586     1.4062  30.219908     3.9848     4.0347    -0.0145    97.1165 1.0000e-12  -67.51042  -70.58622 336.046433      99.97 3.1732e+01    993.845      23853  1029.8407  1029.8394    34.6993    34.6976    7.74157         16 0.0000e+00
    440.000    435.151     1.4049  30.220705     1.4047  30.219078     3.9853     4.0351    -0.0205    97.1117 1.0000e-12  -67.51042  -70.58622 336.046441      99.98 3.1732e+01    994.512      23869  1029.8457  1029.8443    34.6995    34.6977    7.74190         16 0.0000e+00
    441.000    436.137     1.4042  30.220340     1.4038  30.218715     3.9879     4.0366    -0.0100    97.1135 1.0000e-12  -67.51040  -70.58622 336.046451      99.98 3.1732e+01    995.350      23889  1029.8503  1029.8491    34.6992    34.6976    7.74205         26 0.0000e+00
    442.000    437.126     1.4035  30.220239     1.4031  30.218593     3.9793     4.0368    -0.0041    97.1162 1.0000e-12  -67.51040  -70.58622 336.046466      99.98 3.1732e+01    996.677      23921  1029.8551  1029.8538    34.6993    34.6977    7.74218         34 0.0000e+00
    443.000    438.113     1.4034  30.220696     1.4029  30.218912     3.9751     4.0361    -0.0058    97.1289 1.0000e-12  -67.51040  -70.58622 336.046481      99.97 3.1732e+01    997.945      23952  1029.8599  1029.8586    34.6995    34.6978    7.74220         26 0.0000e+00
    444.000    439.101     1.4039  30.221810     1.4036  30.220141     3.9819     4.0375    -0.0051    97.1283 1.0000e-12  -67.51040  -70.58622 336.046492      99.98 3.1732e+01    998.889      23974  1029.8647  1029.8633    34.6997    34.6980    7.74208         20 0.0000e+00
    445.000    440.089     1.4033  30.221902     1.4030  30.220165     3.9863     4.0382    -0.0103    97.1328 1.0000e-12  -67.51040  -70.58622 336.046500      99.98 3.1732e+01    999.626      23992  1029.8696  1029.8681    34.6999    34.6981    7.74219         17 0.0000e+00
    446.000    441.078     1.4024  30.221478     1.4020  30.219844     3.9829     4.0377    -0.0113    97.1322 1.0000e-12  -67.51040  -70.58622 336.046509      98.80 3.1732e+01   1000.382      24010  1029.8743  1029.8730    34.6998    34.6982    7.74237         20 0.0000e+00
    447.000    442.065     1.4024  30.221853     1.4018  30.219830     3.9804     4.0349     0.0000    97.1174 1.0000e-12  -67.51040  -70.58619 336.046542      99.21 3.1732e+01   1003.259      24079  1029.8788  1029.8774    34.6997    34.6978    7.74237         30 0.0000e+00
    448.000    443.054     1.4008  30.220878     1.3999  30.218874     3.9829     4.0296    -0.0052    97.1114 1.0000e-12  -67.51038  -70.58618 336.046575     100.00 3.1732e+01   1006.038      24146  1029.8837  1029.8825    34.6997    34.6981    7.74270         19 0.0000e+00
    449.000    444.038     1.3998  30.220696     1.3995  30.219075     3.9841     4.0349    -0.0038    97.1116 1.0000e-12  -67.51038  -70.58618 336.046582      99.98 3.1732e+01   1006.676      24161  1029.8887  1029.8873    34.7000    34.6983    7.74287         15 0.0000e+00
    450.000    445.030     1.3995  30.220959     1.3992  30.219200     3.9853     4.0388    -0.0009    97.1116 1.0000e-12  -67.51038  -70.58618 336.046589      99.98 3.1732e+01   1007.278      24176  1029.8935  1029.8920    34.7001    34.6982    7.74293         14 0.0000e+00
    451.000    446.014     1.3987  30.220738     1.3983  30.219038     3.9841     4.0387     0.0027    97.1116 1.0000e-12  -67.51038  -70.58618 336.046596      99.97 3.1732e+01   1007.854      24190  1029.8982  1029.8969    34.7001    34.6984    7.74309         14 0.0000e+00
    452.000    447.007     1.3987  30.221623     1.3984  30.219949     3.9866     4.0387    -0.0075    97.1065 1.0000e-12  -67.51038  -70.58618 336.046602      99.98 3.1732e+01   1008.446      24204  1029.9034  1029.9019    34.7007    34.6989    7.74306         15 0.0000e+00
    453.000    447.991     1.3986  30.221998     1.3983  30.220421     3.9843     4.0373    -0.0122    97.1320 1.0000e-12  -67.51038  -70.58618 336.046610      99.98 3.1732e+01   1009.093      24219  1029.9081  1029.9067    34.7007    34.6990    7.74308         16 0.0000e+00
    454.000    448.981     1.3984  30.222382     1.3981  30.220572     3.9825     4.0376    -0.0134    97.1371 1.0000e-12  -67.51038  -70.58617 336.046619      99.98 3.1732e+01   1009.890      24238  1029.9129  1029.9113    34.7008    34.6988    7.74311         23 0.0000e+00
    455.000    449.968     1.3980  30.222365     1.3976  30.220643     3.9845     4.0392    -0.0054    97.1144 1.0000e-12  -67.51037  -70.58616 336.046633      99.97 3.1732e+01   1011.099      24267  1029.9175  1029.9160    34.7007    34.6989    7.74320         35 0.0000e+00
    456.000    450.957     1.3969  30.221956     1.3966  30.220174     3.9825     4.0397    -0.0004    97.1239 1.0000e-12  -67.51036  -70.58614 336.046660      99.98 3.1732e+01   1013.390      24322  1029.9223  1029.9208    34.7008    34.6988    7.74341         37 0.0000e+00
    457.000    451.943     1.3937  30.219574     1.3931  30.217608     3.9731     4.0413    -0.0016    97.1458 1.0000e-12  -67.51036  -70.58614 336.046688      99.98 3.1732e+01   1015.847      24381  1029.9273  1029.9258    34.7007    34.6989    7.74404         37 0.0000e+00
    458.000    452.931     1.3898  30.216542     1.3893  30.214790     3.9843     4.0400    -0.0144    97.1469 1.0000e-12  -67.51036  -70.58614 336.046703      99.97 3.1732e+01   1017.105      24412  1029.9322  1029.9310    34.7006    34.6989    7.74481         27 0.0000e+00
    459.000    453.919     1.3899  30.217033     1.3894  30.215319     3.9837     4.0364    -0.0133    97.1442 1.0000e-12  -67.51036  -70.58614 336.046716      99.98 3.1732e+01   1018.266      24439  1029.9368  1029.9356    34.7005    34.6989    7.74479         30 0.0000e+00
    460.000    454.907     1.3896  30.217347     1.3891  30.215569     3.9838     4.0367    -0.0129    97.0919 1.0000e-12  -67.51036  -70.58614 336.046730      99.98 3.1732e+01   1019.508      24469  1029.9416  1029.9403    34.7006    34.6990    7.74484         28 0.0000e+00
    461.000    455.894     1.3888  30.217194     1.3883  30.215432     3.9831     4.0364    -0.0076    97.1156 1.0000e-12  -67.51036  -70.58614 336.046742      99.98 3.1732e+01   1020.514      24493  1029.9465  1029.9451    34.7008    34.6991    7.74499         21 0.0000e+00
    462.000    456.881     1.3881  30.217251     1.3878  30.215578     3.9837     4.0368    -0.0052    97.1289 1.0000e-12  -67.51036  -70.58614 336.046751      99.98 3.1732e+01   1021.261      24511  1029.9514  1029.9500    34.7011    34.6993    7.74512         15 0.0000e+00
    463.000    457.871     1.3876  30.217416     1.3874  30.215714     3.9839     4.0361    -0.0137    97.1340 1.0000e-12  -67.51036  -70.58614 336.046758      99.97 3.1732e+01   1021.890      24526  1029.9564  1029.9548    34.7013    34.6994    7.74521         15 0.0000e+00
    464.000    458.860     1.3873  30.217468     1.3871  30.216001     3.9836     4.0342    -0.0108    97.1099 1.0000e-12  -67.51036  -70.58614 336.046765      99.98 3.1732e+01   1022.475      24540  1029.9609  1029.9596    34.7011    34.6995    7.74528         14 0.0000e+00
    465.000    459.846     1.3860  30.216920     1.3858  30.215343     3.9828     4.0350    -0.0053    97.1082 1.0000e-12  -67.51036  -70.58612 336.046772      99.98 3.1732e+01   1023.075      24555  1029.9658  1029.9645    34.7012    34.6995    7.74552         15 0.0000e+00
    466.000    460.836     1.3853  30.216765     1.3850  30.215025     3.9791     4.0354    -0.0114    97.1096 1.0000e-12  -67.51036  -70.58611 336.046782      99.97 3.1732e+01   1023.997      24577  1029.9706  1029.9691    34.7013    34.6994    7.74566         28 0.0000e+00
    467.000    461.822     1.3864  30.217974     1.3852  30.215638     3.9878     4.0410    -0.0051    97.0878 1.0000e-12  -67.51036  -70.58612 336.046836      99.98 3.1732e+01   1028.592      24687  1029.9748  1029.9737    34.7010    34.6994    7.74546         26 0.0000e+00
    468.000    462.809     1.3850  30.217378     1.3845  30.215671     3.9940     4.0409    -0.0042    97.1089 1.0000e-12  -67.51036  -70.58610 336.046845      99.97 3.1732e+01   1029.368      24706  1029.9798  1029.9786    34.7012    34.6996    7.74572         21 0.0000e+00
