NBP2113_155081_ctd/data/dnbp2113_045.cnv
* Sea-Bird SBE 9 Data File:
* FileName = D:\Data\raw\NBP2113_045.hex
* Software Version Seasave V 7.26.7.121
* Temperature SN = 2438
* Conductivity SN = 2067
* Number of Bytes Per Scan = 40
* Number of Voltage Words = 5
* Number of Scans Averaged by the Deck Unit = 1
* NMEA Latitude = 64 53.15 S
* NMEA Longitude = 063 45.53 W
* NMEA UTC (Time) = Dec 11 2021  03:56:53
* NMEA baud rate = 9600
** Ship: RVIB N.B. Palmer
** Cruise: NBP2113 LTER
** Station: 624.021
** Operator: B. Urmston
# nquan = 25
# nvalues = 613                         
# units = specified
# name 0 = prDM: Pressure, Digiquartz [db]
# name 1 = depSM: Depth [salt water, m]
# name 2 = t090C: Temperature [ITS-90, deg C]
# name 3 = c0mS/cm: Conductivity [mS/cm]
# name 4 = t190C: Temperature, 2 [ITS-90, deg C]
# name 5 = c1mS/cm: Conductivity, 2 [mS/cm]
# name 6 = sbeox0ML/L: Oxygen, SBE 43 [ml/l]
# name 7 = sbeox1ML/L: Oxygen, SBE 43, 2 [ml/l]
# name 8 = flECO-AFL: Fluorescence, WET Labs ECO-AFL/FL [mg/m^3]
# name 9 = CStarTr0: Beam Transmission, WET Labs C-Star [%]
# name 10 = par: PAR/Irradiance, Biospherical/Licor
# name 11 = latitude: Latitude [deg]
# name 12 = longitude: Longitude [deg]
# name 13 = timeJ: Julian Days
# name 14 = altM: Altimeter [m]
# name 15 = spar: SPAR, Biospherical/Licor
# name 16 = timeS: Time, Elapsed [seconds]
# name 17 = scan: Scan Count
# name 18 = density00: Density [density, kg/m^3]
# name 19 = density11: Density, 2 [density, kg/m^3]
# name 20 = sal00: Salinity, Practical [PSU]
# name 21 = sal11: Salinity, Practical, 2 [PSU]
# name 22 = oxsolML/L: Oxygen Saturation, Garcia & Gordon [ml/l]
# name 23 = nbin: number of scans per bin
# name 24 = flag: flag
# span 0 =      5.000,    617.000       
# span 1 =      4.953,    610.041       
# span 2 =    -0.3111,     1.2253       
# span 3 =  27.900097,  30.078503       
# span 4 =    -0.3126,     1.2246       
# span 5 =  27.898620,  30.076976       
# span 6 =     4.3785,     8.1472       
# span 7 =     4.4391,     8.1675       
# span 8 =    -0.0151,     2.1224       
# span 9 =    84.9451,    91.7533       
# span 10 = -1.125e-05, 3.2111e-01      
# span 11 =  -64.88606,  -64.88566      
# span 12 =  -63.75908,  -63.75828      
# span 13 = 345.167817, 345.180026      
# span 14 =       8.36,     100.12      
# span 15 = 0.0000e+00, 0.0000e+00      
# span 16 =    286.406,   1341.214      
# span 17 =       6875,      32190      
# span 18 =  1027.1464,  1030.6218      
# span 19 =  1027.1450,  1030.6206      
# span 20 =    33.7601,    34.6169      
# span 21 =    33.7571,    34.6154      
# span 22 =    7.78182,    8.14250      
# span 23 =          8,         48      
# span 24 = 0.0000e+00, 0.0000e+00      
# interval = decibars: 1                
# start_time = Dec 11 2021 03:56:53 [NMEA time, header]
# bad_flag = -9.990e-29
*END*
      5.000      4.953    -0.2314  27.918500    -0.2318  27.919042     8.1126     8.1402     1.9325    85.0112 3.2111e-01  -64.88568  -63.75834 345.167817      99.95 0.0000e+00    286.406       6875  1027.1475  1027.1486    33.7689    33.7701    8.12867          8 0.0000e+00
      6.000      5.943    -0.2348  27.910411    -0.2341  27.909772     8.1235     8.1614     1.9173    85.0892 2.8023e-01  -64.88568  -63.75833 345.167954      99.97 0.0000e+00    298.200       7158  1027.1464  1027.1450    33.7614    33.7597    8.12984         34 0.0000e+00
      7.000      6.933    -0.2356  27.909715    -0.2352  27.907829     8.1285     8.1675     2.1224    85.0263 2.3390e-01  -64.88568  -63.75832 345.167995      99.97 0.0000e+00    301.788       7244  1027.1507  1027.1484    33.7607    33.7578    8.13004         31 0.0000e+00
      8.000      7.922    -0.2351  27.910101    -0.2351  27.907886     8.1472     8.1579     2.0415    84.9451 1.8669e-01  -64.88568  -63.75833 345.168038      99.97 0.0000e+00    305.511       7333  1027.1549  1027.1525    33.7601    33.7571    8.12998         33 0.0000e+00
      9.000      8.912    -0.2308  27.916852    -0.2308  27.914495     8.1233     8.1643     2.0678    84.9723 1.5233e-01  -64.88568  -63.75832 345.168074      99.96 0.0000e+00    308.589       7407  1027.1623  1027.1598    33.7636    33.7605    8.12885         32 0.0000e+00
     10.000      9.905    -0.2312  27.918421    -0.2307  27.916776     8.1352     8.1540     2.0540    85.0131 1.2571e-01  -64.88568  -63.75832 345.168112      99.96 0.0000e+00    311.855       7486  1027.1687  1027.1664    33.7656    33.7628    8.12882         28 0.0000e+00
     11.000     10.893    -0.2317  27.918963    -0.2313  27.917323     8.0923     8.1511     1.9658    85.0013 1.0319e-01  -64.88568  -63.75832 345.168151      99.96 0.0000e+00    315.252       7567  1027.1742  1027.1719    33.7663    33.7636    8.12890         32 0.0000e+00
     12.000     11.882    -0.2331  27.922178    -0.2334  27.921059     8.0971     8.1337     1.9595    85.1357 7.8293e-02  -64.88568  -63.75832 345.168187      99.97 0.0000e+00    318.319       7641  1027.1832  1027.1823    33.7715    33.7704    8.12890         45 0.0000e+00
     13.000     12.872    -0.2362  27.925467    -0.2362  27.924089     8.0840     8.1219     1.8183    85.2461 6.5144e-02  -64.88568  -63.75831 345.168222      99.96 0.0000e+00    321.402       7715  1027.1940  1027.1925    33.7787    33.7769    8.12914         40 0.0000e+00
     14.000     13.863    -0.2387  27.926445    -0.2381  27.924611     8.0905     8.1151     1.7923    85.4795 4.9780e-02  -64.88568  -63.75832 345.168258      99.97 0.0000e+00    324.509       7789  1027.2018  1027.1992    33.7822    33.7791    8.12948         42 0.0000e+00
     15.000     14.852    -0.2405  27.926385    -0.2401  27.924741     8.0769     8.1135     1.7315    85.5181 3.4923e-02  -64.88567  -63.75831 345.168293      99.96 0.0000e+00    327.474       7860  1027.2076  1027.2055    33.7834    33.7809    8.12978         37 0.0000e+00
     16.000     15.842    -0.2435  27.925784    -0.2432  27.924237     8.0168     8.0988     1.7105    85.5666 2.6965e-02  -64.88566  -63.75830 345.168325      99.96 0.0000e+00    330.294       7928  1027.2142  1027.2123    33.7855    33.7831    8.13032         46 0.0000e+00
     17.000     16.831    -0.2530  27.923405    -0.2529  27.921563     8.0376     8.0769     1.7282    85.6873 1.8978e-02  -64.88566  -63.75831 345.168352      99.97 0.0000e+00    332.577       7983  1027.2250  1027.2230    33.7922    33.7896    8.13196         40 0.0000e+00
     18.000     17.822    -0.2805  27.909073    -0.2772  27.909187     7.9582     8.0218     1.7283    85.7573 1.0515e-02  -64.88566  -63.75831 345.168381      99.97 0.0000e+00    335.141       8044  1027.2405  1027.2375    33.8031    33.7995    8.13722         36 0.0000e+00
     19.000     18.815    -0.2979  27.900097    -0.2945  27.900198     7.8628     7.9775     1.7902    85.7933 3.2327e-03  -64.88566  -63.75830 345.168410      99.97 0.0000e+00    337.631       8104  1027.2516  1027.2485    33.8098    33.8061    8.14056         33 0.0000e+00
     20.000     19.804    -0.3111  27.901050    -0.3126  27.898620     7.8635     7.9551     1.6959    85.7372 -1.125e-05  -64.88566  -63.75830 345.168437      99.96 0.0000e+00    339.981       8161  1027.2695  1027.2683    33.8251    33.8235    8.14250         36 0.0000e+00
     21.000     20.793    -0.3092  27.903317    -0.3100  27.901811     7.8981     7.9616     1.6742    85.7993 1.0000e-12  -64.88566  -63.75828 345.168461      99.97 0.0000e+00    341.993       8209  1027.2740  1027.2732    33.8254    33.8243    8.14208         45 0.0000e+00
     22.000     21.787    -0.3068  27.907395    -0.3068  27.904742     7.8972     7.9557     1.7210    85.7860 1.0000e-12  -64.88566  -63.75830 345.168486      99.97 0.0000e+00    344.185       8261  1027.2802  1027.2774    33.8276    33.8240    8.14144         31 0.0000e+00
     23.000     22.775    -0.3039  27.915731    -0.3040  27.913575     7.8818     7.9438     1.8712    85.6230 1.0000e-12  -64.88566  -63.75830 345.168521      99.97 0.0000e+00    347.203       8334  1027.2905  1027.2883    33.8349    33.8321    8.14041         25 0.0000e+00
     24.000     23.764    -0.2995  27.920965    -0.2978  27.920715     7.9118     7.9508     1.6828    85.8000 1.0000e-12  -64.88566  -63.75830 345.168548      99.96 0.0000e+00    349.580       8391  1027.2961  1027.2942    33.8364    33.8341    8.13937         39 0.0000e+00
     25.000     24.753    -0.2982  27.922679    -0.2976  27.921276     7.9043     7.9474     1.6061    85.5566 1.0000e-12  -64.88566  -63.75828 345.168573      99.97 0.0000e+00    351.673       8441  1027.3010  1027.2989    33.8366    33.8341    8.13908         31 0.0000e+00
     26.000     25.746    -0.2976  27.923572    -0.2975  27.921722     7.9229     7.9472     1.5834    85.8215 1.0000e-12  -64.88566  -63.75828 345.168596      99.97 0.0000e+00    353.668       8489  1027.3057  1027.3036    33.8366    33.8340    8.13896         29 0.0000e+00
     27.000     26.726    -0.2957  27.925994    -0.2951  27.924503     7.9055     7.9522     1.7234    85.8377 1.0000e-12  -64.88566  -63.75829 345.168626      99.96 0.0000e+00    356.292       8552  1027.3107  1027.3085    33.8370    33.8344    8.13853         22 0.0000e+00
     28.000     27.726    -0.2895  27.933109    -0.2893  27.931381     7.9140     7.9511     1.6808    85.8500 1.0000e-12  -64.88566  -63.75830 345.168663      99.97 0.0000e+00    359.526       8630  1027.3167  1027.3147    33.8390    33.8365    8.13708         32 0.0000e+00
     29.000     28.714    -0.2881  27.935436    -0.2879  27.933790     7.8650     7.9398     1.7338    85.9238 1.0000e-12  -64.88566  -63.75829 345.168693      99.96 0.0000e+00    362.110       8692  1027.3222  1027.3202    33.8400    33.8375    8.13673         37 0.0000e+00
     30.000     29.706    -0.2880  27.936372    -0.2876  27.934789     7.8982     7.9344     1.8056    85.8849 1.0000e-12  -64.88566  -63.75828 345.168727      99.97 0.0000e+00    365.055       8762  1027.3275  1027.3254    33.8405    33.8380    8.13668         31 0.0000e+00
     31.000     30.694    -0.2879  27.937237    -0.2875  27.935781     7.8633     7.9186     1.6734    85.9217 1.0000e-12  -64.88566  -63.75828 345.168763      99.97 0.0000e+00    368.108       8836  1027.3325  1027.3306    33.8409    33.8385    8.13663         33 0.0000e+00
     32.000     31.682    -0.2852  27.941281    -0.2850  27.939320     7.8576     7.9203     1.5565    85.9946 1.0000e-12  -64.88566  -63.75828 345.168794      99.97 0.0000e+00    370.768       8899  1027.3386  1027.3364    33.8427    33.8399    8.13595         37 0.0000e+00
     33.000     32.672    -0.2862  27.940773    -0.2861  27.938721     7.8327     7.9155     1.8851    85.9354 1.0000e-12  -64.88566  -63.75829 345.168830      99.97 0.0000e+00    373.906       8975  1027.3433  1027.3411    33.8425    33.8398    8.13618         28 0.0000e+00
     34.000     33.663    -0.2839  27.944132    -0.2837  27.942445     7.8696     7.9091     1.6823    85.9271 1.0000e-12  -64.88566  -63.75828 345.168869      99.97 0.0000e+00    377.250       9055  1027.3491  1027.3471    33.8439    33.8414    8.13561         39 0.0000e+00
     35.000     34.652    -0.2853  27.943083    -0.2847  27.941670     7.8585     7.9085     1.5023    85.8765 1.0000e-12  -64.88566  -63.75828 345.168894      99.97 0.0000e+00    379.471       9108  1027.3536  1027.3515    33.8434    33.8408    8.13593         38 0.0000e+00
     36.000     35.644    -0.2865  27.942499    -0.2860  27.940973     7.8491     7.9018     1.6864    85.8976 1.0000e-12  -64.88566  -63.75828 345.168925      99.97 0.0000e+00    382.160       9173  1027.3584  1027.3563    33.8434    33.8407    8.13620         34 0.0000e+00
     37.000     36.636    -0.2865  27.943448    -0.2864  27.941599     7.8280     7.8883     1.6463    85.8239 1.0000e-12  -64.88566  -63.75828 345.168970      99.96 0.0000e+00    385.987       9265  1027.3638  1027.3617    33.8441    33.8415    8.13616         38 0.0000e+00
     38.000     37.625    -0.2823  27.948984    -0.2826  27.946561     7.8431     7.8947     1.5171    85.8215 1.0000e-12  -64.88566  -63.75828 345.169001      99.97 0.0000e+00    388.654       9329  1027.3700  1027.3676    33.8461    33.8432    8.13514         46 0.0000e+00
     39.000     38.614    -0.2771  27.955052    -0.2770  27.953116     7.8497     7.8962     1.5215    85.8517 1.0000e-12  -64.88566  -63.75828 345.169027      99.97 0.0000e+00    390.917       9383  1027.3758  1027.3736    33.8478    33.8452    8.13393         47 0.0000e+00
     40.000     39.603    -0.2755  27.957321    -0.2757  27.955237     7.8477     7.9022     1.6548    85.9488 1.0000e-12  -64.88566  -63.75828 345.169067      99.96 0.0000e+00    394.366       9466  1027.3810  1027.3789    33.8485    33.8459    8.13356         29 0.0000e+00
     41.000     40.594    -0.2732  27.960882    -0.2731  27.958861     7.8680     7.9050     1.5060    86.0659 1.0000e-12  -64.88566  -63.75828 345.169102      99.97 0.0000e+00    397.453       9540  1027.3869  1027.3846    33.8500    33.8472    8.13297         38 0.0000e+00
     42.000     41.584    -0.2725  27.962521    -0.2721  27.960975     7.8560     7.9113     1.5107    86.1120 1.0000e-12  -64.88566  -63.75828 345.169131      99.97 0.0000e+00    399.908       9599  1027.3923  1027.3904    33.8508    33.8484    8.13277         40 0.0000e+00
     43.000     42.574    -0.2712  27.965622    -0.2708  27.964074     7.8451     7.9034     1.5191    86.0646 1.0000e-12  -64.88566  -63.75828 345.169163      99.97 0.0000e+00    402.665       9665  1027.3987  1027.3967    33.8529    33.8504    8.13237         39 0.0000e+00
     44.000     43.567    -0.2698  27.968139    -0.2696  27.966293     7.8242     7.8857     1.6237    86.1633 1.0000e-12  -64.88566  -63.75828 345.169203      99.97 0.0000e+00    406.133       9748  1027.4045  1027.4023    33.8541    33.8514    8.13201         24 0.0000e+00
     45.000     44.556    -0.2692  27.969423    -0.2690  27.967767     7.8270     7.8872     1.4679    86.2337 1.0000e-12  -64.88566  -63.75828 345.169237      99.97 0.0000e+00    409.107       9820  1027.4096  1027.4077    33.8546    33.8522    8.13186         38 0.0000e+00
     46.000     45.545    -0.2684  27.972416    -0.2681  27.970284     7.8360     7.9011     1.4564    86.2963 1.0000e-12  -64.88566  -63.75828 345.169265      99.97 0.0000e+00    411.491       9877  1027.4163  1027.4138    33.8571    33.8539    8.13154         43 0.0000e+00
     47.000     46.534    -0.2695  27.972245    -0.2689  27.970875     7.8397     7.9047     1.6110    86.3205 1.0000e-12  -64.88566  -63.75828 345.169304      99.97 0.0000e+00    414.844       9957  1027.4216  1027.4196    33.8575    33.8550    8.13176         37 0.0000e+00
     48.000     47.526    -0.2705  27.971888    -0.2702  27.970404     7.8568     7.9110     1.4678    86.4459 1.0000e-12  -64.88566  -63.75828 345.169337      99.97 0.0000e+00    417.689      10026  1027.4264  1027.4246    33.8575    33.8552    8.13197         40 0.0000e+00
     49.000     48.512    -0.2677  27.978472    -0.2679  27.975916     7.8190     7.9008     1.5045    86.4631 1.0000e-12  -64.88566  -63.75828 345.169367      99.97 0.0000e+00    420.351      10089  1027.4350  1027.4326    33.8625    33.8594    8.13107         34 0.0000e+00
     50.000     49.501    -0.2629  27.985907    -0.2626  27.984065     7.8124     7.8817     1.4921    86.5122 1.0000e-12  -64.88566  -63.75828 345.169407      99.96 0.0000e+00    423.758      10171  1027.4428  1027.4406    33.8666    33.8638    8.12983         32 0.0000e+00
     51.000     50.495    -0.2621  27.992364    -0.2618  27.990481     7.8126     7.8778     1.4131    86.6555 1.0000e-12  -64.88566  -63.75828 345.169438      99.97 0.0000e+00    426.442      10236  1027.4532  1027.4509    33.8736    33.8708    8.12925         34 0.0000e+00
     52.000     51.486    -0.2643  27.996045    -0.2642  27.994559     7.7776     7.8670     1.4963    86.7594 1.0000e-12  -64.88566  -63.75828 345.169471      99.97 0.0000e+00    429.294      10304  1027.4636  1027.4620    33.8804    33.8783    8.12933         35 0.0000e+00
     53.000     52.475    -0.2661  28.001031    -0.2659  27.999188     7.7982     7.8570     1.4914    86.9692 1.0000e-12  -64.88566  -63.75828 345.169504      99.96 0.0000e+00    432.129      10372  1027.4751  1027.4729    33.8885    33.8857    8.12926         40 0.0000e+00
     54.000     53.464    -0.2655  28.005205    -0.2649  28.004721     7.7761     7.8441     1.4178    87.1637 1.0000e-12  -64.88566  -63.75828 345.169539      99.97 0.0000e+00    435.196      10446  1027.4833  1027.4822    33.8927    33.8914    8.12888         47 0.0000e+00
     55.000     54.453    -0.2523  28.032189    -0.2496  28.035859     7.6977     7.7792     1.3811    87.0973 1.0000e-12  -64.88566  -63.75828 345.169577      99.97 0.0000e+00    438.480      10525  1027.5038  1027.5052    33.9134    33.9153    8.12488         36 0.0000e+00
     56.000     55.445    -0.1883  28.123377    -0.1869  28.123115     7.6300     7.7395     1.0266    87.4920 1.0000e-12  -64.88566  -63.75828 345.169604      99.97 0.0000e+00    440.798      10580  1027.5441  1027.5424    33.9631    33.9612    8.10843         38 0.0000e+00
     57.000     56.434    -0.1536  28.163116    -0.1513  28.163326     7.6228     7.7322     1.1596    87.9954 1.0000e-12  -64.88566  -63.75828 345.169633      99.97 0.0000e+00    443.246      10639  1027.5578  1027.5559    33.9767    33.9745    8.10028         34 0.0000e+00
     58.000     57.426    -0.1171  28.205821    -0.1190  28.202141     7.6121     7.6981     0.9596    88.7462 1.0000e-12  -64.88566  -63.75829 345.169681      99.96 0.0000e+00    447.466      10740  1027.5735  1027.5713    33.9922    33.9894    8.09165         35 0.0000e+00
     59.000     58.413    -0.0918  28.235685    -0.0914  28.234288     7.6092     7.6855     0.7445    88.9540 1.0000e-12  -64.88566  -63.75828 345.169710      99.97 0.0000e+00    449.988      10801  1027.5856  1027.5837    34.0031    34.0008    8.08568         40 0.0000e+00
     60.000     59.405    -0.0804  28.250725    -0.0802  28.249142     7.5862     7.6735     0.7602    89.0562 1.0000e-12  -64.88566  -63.75828 345.169733      99.97 0.0000e+00    451.890      10846  1027.5954  1027.5935    34.0098    34.0075    8.08289         44 0.0000e+00
     61.000     60.394    -0.0740  28.258716    -0.0753  28.255356     7.5761     7.6584     0.7237    89.2455 1.0000e-12  -64.88566  -63.75830 345.169779      99.97 0.0000e+00    455.890      10942  1027.6027  1027.6004    34.0126    34.0096    8.08136         33 0.0000e+00
