NBP2113_155081_ctd/data/dnbp2113_017.cnv
* Sea-Bird SBE 9 Data File:
* FileName = D:\Data\raw\NBP2113_017.hex
* Software Version Seasave V 7.26.7.121
* Temperature SN = 2438
* Conductivity SN = 2067
* Number of Bytes Per Scan = 40
* Number of Voltage Words = 5
* Number of Scans Averaged by the Deck Unit = 1
* NMEA Latitude = 65 14.32 S
* NMEA Longitude = 069 47.72 W
* NMEA UTC (Time) = Nov 28 2021  09:59:52
* NMEA baud rate = 9600
** Ship: RVIB N.B. Palmer
** Cruise: NBP2113 LTER
** Station: 400.200
** Operator: B. Urmston
# nquan = 25
# nvalues = 2752                        
# units = specified
# name 0 = prDM: Pressure, Digiquartz [db]
# name 1 = depSM: Depth [salt water, m]
# name 2 = t090C: Temperature [ITS-90, deg C]
# name 3 = c0mS/cm: Conductivity [mS/cm]
# name 4 = t190C: Temperature, 2 [ITS-90, deg C]
# name 5 = c1mS/cm: Conductivity, 2 [mS/cm]
# name 6 = sbeox0ML/L: Oxygen, SBE 43 [ml/l]
# name 7 = sbeox1ML/L: Oxygen, SBE 43, 2 [ml/l]
# name 8 = flECO-AFL: Fluorescence, WET Labs ECO-AFL/FL [mg/m^3]
# name 9 = CStarTr0: Beam Transmission, WET Labs C-Star [%]
# name 10 = par: PAR/Irradiance, Biospherical/Licor
# name 11 = latitude: Latitude [deg]
# name 12 = longitude: Longitude [deg]
# name 13 = timeJ: Julian Days
# name 14 = altM: Altimeter [m]
# name 15 = spar: SPAR, Biospherical/Licor
# name 16 = timeS: Time, Elapsed [seconds]
# name 17 = scan: Scan Count
# name 18 = density00: Density [density, kg/m^3]
# name 19 = density11: Density, 2 [density, kg/m^3]
# name 20 = sal00: Salinity, Practical [PSU]
# name 21 = sal11: Salinity, Practical, 2 [PSU]
# name 22 = oxsolML/L: Oxygen Saturation, Garcia & Gordon [ml/l]
# name 23 = nbin: number of scans per bin
# name 24 = flag: flag
# span 0 =      5.000,   2756.000       
# span 1 =      4.945,   2711.176       
# span 2 =    -0.9020,     2.0018       
# span 3 =  27.572589,  30.675109       
# span 4 =    -0.9006,     2.0010       
# span 5 =  27.573360,  30.674174       
# span 6 =     3.8758,     8.3117       
# span 7 =     3.9254,     8.3618       
# span 8 =    -0.0224,     9.2023       
# span 9 =    87.1214,    97.9881       
# span 10 = 1.0000e-12, 1.0000e-12      
# span 11 =  -65.23835,  -65.23678      
# span 12 =  -69.79854,  -69.79608      
# span 13 = 332.420197, 332.462626      
# span 14 =       1.37,     104.15      
# span 15 = 3.2261e+02, 1.2819e+03      
# span 16 =    313.043,   3978.882      
# span 17 =       7514,      95494      
# span 18 =  1027.3384,  1040.5508      
# span 19 =  1027.3373,  1040.5502      
# span 20 =    33.9857,    34.7283      
# span 21 =    33.9839,    34.7274      
# span 22 =    7.62846,    8.25910      
# span 23 =         11,         57      
# span 24 = 0.0000e+00, 0.0000e+00      
# interval = decibars: 1                
# start_time = Nov 28 2021 09:59:52 [NMEA time, header]
# bad_flag = -9.990e-29
*END*
[from data line 1044]
   1049.000   1036.084     1.3563  30.467521     1.3565  30.466881     4.2842     4.3279    -0.0122    97.9613 1.0000e-12  -65.23700  -69.79824 332.438147      99.98 5.9016e+02   1863.894      44734  1032.7038  1032.7031    34.7258    34.7249    7.75005         31 0.0000e+00
   1050.000   1037.069     1.3565  30.468145     1.3566  30.467558     4.2843     4.3311    -0.0047    97.9613 1.0000e-12  -65.23700  -69.79822 332.438162      99.98 5.9333e+02   1865.157      44765  1032.7084  1032.7078    34.7258    34.7251    7.75001         23 0.0000e+00
   1051.000   1038.053     1.3552  30.467534     1.3554  30.466978     4.2878     4.3310    -0.0133    97.9613 1.0000e-12  -65.23700  -69.79822 332.438172      99.98 5.9670e+02   1866.034      44786  1032.7133  1032.7125    34.7259    34.7250    7.75026         20 0.0000e+00
   1052.000   1039.039     1.3539  30.466651     1.3539  30.466079     4.2956     4.3295    -0.0071    97.9613 1.0000e-12  -65.23700  -69.79822 332.438181      99.98 6.0152e+02   1866.867      44806  1032.7180  1032.7174    34.7258    34.7250    7.75054         21 0.0000e+00
   1053.000   1040.025     1.3535  30.466703     1.3535  30.466001     4.2916     4.3334    -0.0094    97.9613 1.0000e-12  -65.23700  -69.79822 332.438194      99.98 6.0906e+02   1867.930      44831  1032.7226  1032.7218    34.7257    34.7248    7.75062         32 0.0000e+00
   1054.000   1041.009     1.3526  30.466316     1.3526  30.465652     4.2880     4.3354    -0.0133    97.9613 1.0000e-12  -65.23700  -69.79822 332.438212      99.97 6.2409e+02   1869.524      44870  1032.7272  1032.7266    34.7256    34.7248    7.75079         40 0.0000e+00
   1055.000   1041.996     1.3527  30.466802     1.3526  30.466145     4.2896     4.3345    -0.0097    97.9613 1.0000e-12  -65.23700  -69.79822 332.438228      99.98 6.4136e+02   1870.914      44903  1032.7318  1032.7312    34.7256    34.7248    7.75078         29 0.0000e+00
   1056.000   1042.978     1.3528  30.467444     1.3531  30.466935     4.2901     4.3349    -0.0071    97.9613 1.0000e-12  -65.23700  -69.79822 332.438241      99.98 6.4729e+02   1872.061      44930  1032.7365  1032.7357    34.7258    34.7248    7.75075         25 0.0000e+00
   1057.000   1043.966     1.3529  30.468015     1.3530  30.467399     4.2880     4.3364    -0.0150    97.9613 1.0000e-12  -65.23700  -69.79822 332.438254      99.98 6.4813e+02   1873.107      44956  1032.7411  1032.7404    34.7258    34.7249    7.75073         26 0.0000e+00
   1058.000   1044.950     1.3519  30.467479     1.3520  30.466846     4.2961     4.3318    -0.0172    97.9613 1.0000e-12  -65.23700  -69.79822 332.438266      99.98 6.5088e+02   1874.202      44982  1032.7458  1032.7451    34.7257    34.7248    7.75093         27 0.0000e+00
   1059.000   1045.936     1.3514  30.467447     1.3514  30.466716     4.2925     4.3250    -0.0125    97.9613 1.0000e-12  -65.23700  -69.79822 332.438279      99.98 6.4746e+02   1875.346      45009  1032.7505  1032.7497    34.7257    34.7248    7.75104         27 0.0000e+00
   1060.000   1046.920     1.3502  30.466898     1.3503  30.466241     4.2931     4.3307    -0.0130    97.9613 1.0000e-12  -65.23700  -69.79822 332.438292      99.98 6.4235e+02   1876.427      45035  1032.7552  1032.7545    34.7257    34.7248    7.75126         25 0.0000e+00
   1061.000   1047.905     1.3495  30.466742     1.3495  30.466061     4.2947     4.3340    -0.0092    97.9613 1.0000e-12  -65.23700  -69.79822 332.438304      99.98 6.4483e+02   1877.431      45059  1032.7599  1032.7592    34.7258    34.7249    7.75140         24 0.0000e+00
   1062.000   1048.892     1.3481  30.465953     1.3481  30.465261     4.2961     4.3360    -0.0082    97.9613 1.0000e-12  -65.23700  -69.79822 332.438316      99.98 6.4055e+02   1878.491      45085  1032.7647  1032.7640    34.7257    34.7249    7.75167         28 0.0000e+00
   1063.000   1049.876     1.3468  30.465219     1.3468  30.464394     4.2957     4.3345    -0.0137    97.9613 1.0000e-12  -65.23700  -69.79822 332.438335      99.98 6.3226e+02   1880.106      45124  1032.7694  1032.7686    34.7257    34.7247    7.75193         44 0.0000e+00
   1064.000   1050.859     1.3471  30.465723     1.3468  30.464909     4.2891     4.3343    -0.0126    97.9613 1.0000e-12  -65.23700  -69.79822 332.438354      99.98 6.3592e+02   1881.757      45163  1032.7738  1032.7732    34.7255    34.7248    7.75189         28 0.0000e+00
   1065.000   1051.846     1.3468  30.466113     1.3467  30.465270     4.2892     4.3349    -0.0136    97.9613 1.0000e-12  -65.23700  -69.79822 332.438365      99.98 6.3821e+02   1882.731      45187  1032.7787  1032.7779    34.7258    34.7248    7.75194         21 0.0000e+00
   1066.000   1052.833     1.3468  30.466522     1.3469  30.465950     4.2903     4.3369    -0.0126    97.9613 1.0000e-12  -65.23700  -69.79822 332.438374      99.98 6.3816e+02   1883.534      45206  1032.7833  1032.7825    34.7258    34.7249    7.75194         18 0.0000e+00
   1067.000   1053.818     1.3468  30.466960     1.3469  30.466325     4.2910     4.3353    -0.0089    97.9512 1.0000e-12  -65.23700  -69.79822 332.438383      99.98 6.4085e+02   1884.281      45224  1032.7878  1032.7871    34.7257    34.7248    7.75193         18 0.0000e+00
   1068.000   1054.801     1.3452  30.465949     1.3452  30.465154     4.2954     4.3361    -0.0064    97.9439 1.0000e-12  -65.23700  -69.79822 332.438392      99.98 6.4672e+02   1885.091      45243  1032.7926  1032.7918    34.7257    34.7247    7.75226         22 0.0000e+00
   1069.000   1055.787     1.3428  30.464234     1.3429  30.463541     4.2923     4.3375    -0.0124    97.9605 1.0000e-12  -65.23700  -69.79822 332.438405      99.98 6.5244e+02   1886.220      45270  1032.7975  1032.7967    34.7256    34.7246    7.75273         32 0.0000e+00
   1070.000   1056.773     1.3427  30.464545     1.3428  30.463930     4.3014     4.3388    -0.0178    97.9613 1.0000e-12  -65.23700  -69.79822 332.438433      99.98 6.5534e+02   1888.598      45327  1032.8021  1032.8013    34.7256    34.7246    7.75276         34 0.0000e+00
   1071.000   1057.757     1.3421  30.464268     1.3419  30.463625     4.3004     4.3317    -0.0136    97.9613 1.0000e-12  -65.23700  -69.79824 332.438455      81.94 6.5258e+02   1890.497      45373  1032.8065  1032.8060    34.7254    34.7247    7.75289         31 0.0000e+00
   1072.000   1058.741     1.3413  30.464208     1.3412  30.463500     4.2994     4.3394    -0.0143    97.9613 1.0000e-12  -65.23700  -69.79822 332.438467      87.49 6.5128e+02   1891.540      45398  1032.8115  1032.8108    34.7256    34.7247    7.75303         22 0.0000e+00
   1073.000   1059.727     1.3406  30.464155     1.3407  30.463439     4.2992     4.3374    -0.0138    97.9613 1.0000e-12  -65.23700  -69.79822 332.438476      99.93 6.5275e+02   1892.351      45417  1032.8162  1032.8154    34.7257    34.7247    7.75315         18 0.0000e+00
   1074.000   1060.714     1.3397  30.463630     1.3398  30.463038     4.2952     4.3376    -0.0150    97.9613 1.0000e-12  -65.23700  -69.79822 332.438485      99.98 6.5404e+02   1893.087      45435  1032.8208  1032.8201    34.7255    34.7247    7.75335         17 0.0000e+00
   1075.000   1061.698     1.3382  30.462917     1.3385  30.462358     4.3014     4.3454    -0.0135    97.9613 1.0000e-12  -65.23700  -69.79821 332.438493      99.97 6.5487e+02   1893.836      45453  1032.8257  1032.8248    34.7257    34.7246    7.75363         19 0.0000e+00
   1076.000   1062.682     1.3375  30.462568     1.3377  30.462165     4.3009     4.3464    -0.0130    97.9613 1.0000e-12  -65.23700  -69.79820 332.438503      99.98 6.5750e+02   1894.673      45473  1032.8303  1032.8296    34.7255    34.7247    7.75378         22 0.0000e+00
   1077.000   1063.668     1.3353  30.461115     1.3354  30.460432     4.2995     4.3455    -0.0058    97.9604 1.0000e-12  -65.23700  -69.79820 332.438515      99.98 6.6013e+02   1895.703      45498  1032.8351  1032.8344    34.7255    34.7246    7.75421         28 0.0000e+00
   1078.000   1064.653     1.3344  30.460781     1.3342  30.459842     4.3019     4.3475    -0.0046    97.9621 1.0000e-12  -65.23700  -69.79821 332.438530      99.98 6.6570e+02   1896.989      45529  1032.8398  1032.8391    34.7255    34.7246    7.75438         30 0.0000e+00
   1079.000   1065.638     1.3336  30.460559     1.3338  30.459853     4.2995     4.3456    -0.0034    97.9450 1.0000e-12  -65.23700  -69.79823 332.438548      99.97 6.7036e+02   1898.552      45566  1032.8445  1032.8437    34.7255    34.7245    7.75454         41 0.0000e+00
   1080.000   1066.623     1.3335  30.460764     1.3335  30.460122     4.2901     4.3454    -0.0095    97.9616 1.0000e-12  -65.23700  -69.79824 332.438582      99.97 6.5633e+02   1901.521      45637  1032.8491  1032.8483    34.7254    34.7245    7.75458         35 0.0000e+00
   1081.000   1067.607     1.3335  30.461211     1.3334  30.460562     4.2976     4.3434    -0.0040    97.9613 1.0000e-12  -65.23700  -69.79823 332.438597      99.98 6.4539e+02   1902.750      45667  1032.8536  1032.8531    34.7254    34.7247    7.75457         23 0.0000e+00
   1082.000   1068.593     1.3333  30.461513     1.3332  30.460969     4.3041     4.3441    -0.0049    97.9613 1.0000e-12  -65.23700  -69.79822 332.438606      99.98 6.3890e+02   1903.557      45686  1032.8583  1032.8578    34.7255    34.7248    7.75461         18 0.0000e+00
   1083.000   1069.579     1.3333  30.461933     1.3333  30.461255     4.3051     4.3436    -0.0043    97.9630 1.0000e-12  -65.23700  -69.79822 332.438614      99.98 6.3568e+02   1904.253      45703  1032.8629  1032.8623    34.7255    34.7246    7.75462         15 0.0000e+00
   1084.000   1070.564     1.3332  30.462458     1.3333  30.461744     4.3117     4.3414    -0.0040    97.9645 1.0000e-12  -65.23700  -69.79821 332.438622      99.98 6.3463e+02   1904.904      45719  1032.8677  1032.8669    34.7257    34.7247    7.75462         16 0.0000e+00
   1085.000   1071.547     1.3329  30.462504     1.3330  30.461869     4.3019     4.3467    -0.0051    97.9643 1.0000e-12  -65.23700  -69.79820 332.438629      99.98 6.3464e+02   1905.579      45735  1032.8722  1032.8715    34.7255    34.7246    7.75468         17 0.0000e+00
   1086.000   1072.534     1.3325  30.462654     1.3327  30.461978     4.2960     4.3465    -0.0176    97.9613 1.0000e-12  -65.23700  -69.79820 332.438638      99.98 6.3464e+02   1906.324      45753  1032.8769  1032.8761    34.7256    34.7246    7.75476         19 0.0000e+00
   1087.000   1073.519     1.3325  30.463030     1.3326  30.462295     4.3085     4.3415    -0.0167    97.9469 1.0000e-12  -65.23700  -69.79820 332.438650      99.98 6.3661e+02   1907.349      45777  1032.8815  1032.8807    34.7255    34.7246    7.75476         31 0.0000e+00
   1088.000   1074.505     1.3328  30.463599     1.3328  30.462944     4.3029     4.3375    -0.0123    97.9606 1.0000e-12  -65.23700  -69.79824 332.438690      99.98 6.2797e+02   1910.778      45860  1032.8860  1032.8853    34.7254    34.7245    7.75471         33 0.0000e+00
   1089.000   1075.489     1.3327  30.463806     1.3326  30.463144     4.2977     4.3432    -0.0132    97.9613 1.0000e-12  -65.23700  -69.79824 332.438708      99.98 6.2481e+02   1912.389      45898  1032.8905  1032.8899    34.7253    34.7245    7.75475         28 0.0000e+00
   1090.000   1076.472     1.3323  30.464059     1.3322  30.463431     4.3015     4.3446    -0.0140    97.9613 1.0000e-12  -65.23700  -69.79824 332.438720      99.98 6.2404e+02   1913.397      45923  1032.8953  1032.8947    34.7255    34.7247    7.75481         21 0.0000e+00
   1091.000   1077.459     1.3322  30.464457     1.3322  30.463824     4.3003     4.3459    -0.0041    97.9613 1.0000e-12  -65.23700  -69.79822 332.438729      99.98 6.2556e+02   1914.220      45942  1032.9000  1032.8993    34.7255    34.7247    7.75483         19 0.0000e+00
   1092.000   1078.444     1.3310  30.463856     1.3313  30.463404     4.3042     4.3451    -0.0159    97.9613 1.0000e-12  -65.23700  -69.79822 332.438738      99.98 6.2561e+02   1914.956      45960  1032.9047  1032.9040    34.7255    34.7246    7.75506         17 0.0000e+00
   1093.000   1079.428     1.3286  30.462041     1.3287  30.461515     4.3050     4.3444    -0.0163    97.9613 1.0000e-12  -65.23700  -69.79822 332.438746      99.98 6.2408e+02   1915.678      45977  1032.9095  1032.9088    34.7253    34.7245    7.75554         18 0.0000e+00
   1094.000   1080.414     1.3264  30.460520     1.3263  30.459807     4.3028     4.3453     0.0033    97.9613 1.0000e-12  -65.23700  -69.79822 332.438755      99.98 6.2291e+02   1916.424      45995  1032.9143  1032.9137    34.7253    34.7244    7.75598         18 0.0000e+00
   1095.000   1081.399     1.3245  30.459243     1.3246  30.458602     4.3045     4.3477    -0.0091    97.9613 1.0000e-12  -65.23700  -69.79820 332.438765      99.98 6.2089e+02   1917.253      46015  1032.9191  1032.9184    34.7252    34.7243    7.75637         22 0.0000e+00
   1096.000   1082.383     1.3238  30.459078     1.3235  30.457976     4.2974     4.3486    -0.0190    97.9613 1.0000e-12  -65.23701  -69.79820 332.438777      99.98 6.1823e+02   1918.348      46041  1032.9238  1032.9230    34.7252    34.7241    7.75650         32 0.0000e+00
   1097.000   1083.368     1.3224  30.458265     1.3226  30.457694     4.2984     4.3474     0.0007    97.9613 1.0000e-12  -65.23700  -69.79821 332.438796      99.98 6.1811e+02   1920.007      46081  1032.9285  1032.9277    34.7251    34.7242    7.75677         45 0.0000e+00
   1098.000   1084.353     1.3221  30.458363     1.3221  30.457627     4.2948     4.3448    -0.0024    97.9613 1.0000e-12  -65.23700  -69.79822 332.438821      99.98 6.2814e+02   1922.095      46131  1032.9331  1032.9322    34.7251    34.7241    7.75684         39 0.0000e+00
   1099.000   1085.338     1.3219  30.458552     1.3219  30.457933     4.3010     4.3481    -0.0098    97.9613 1.0000e-12  -65.23700  -69.79824 332.438840      99.98 6.2538e+02   1923.785      46172  1032.9375  1032.9369    34.7249    34.7242    7.75688         37 0.0000e+00
   1100.000   1086.323     1.3212  30.458403     1.3213  30.457851     4.3037     4.3439    -0.0141    97.9613 1.0000e-12  -65.23700  -69.79822 332.438856      99.98 6.1898e+02   1925.170      46205  1032.9423  1032.9416    34.7250    34.7242    7.75702         31 0.0000e+00
   1101.000   1087.309     1.3198  30.457645     1.3197  30.456793     4.3026     4.3458    -0.0050    97.9613 1.0000e-12  -65.23700  -69.79822 332.438869      99.98 6.1556e+02   1926.315      46233  1032.9471  1032.9464    34.7250    34.7241    7.75729         23 0.0000e+00
   1102.000   1088.293     1.3206  30.458876     1.3205  30.458002     4.3014     4.3471    -0.0113    97.9613 1.0000e-12  -65.23702  -69.79820 332.438879      99.98 6.1343e+02   1927.185      46253  1032.9517  1032.9509    34.7251    34.7242    7.75712         19 0.0000e+00
   1103.000   1089.278     1.3188  30.457618     1.3187  30.456839     4.3020     4.3481    -0.0123    97.9613 1.0000e-12  -65.23702  -69.79820 332.438888      99.98 6.1348e+02   1927.898      46271  1032.9564  1032.9558    34.7250    34.7242    7.75749         16 0.0000e+00
   1104.000   1090.264     1.3177  30.457100     1.3178  30.456563     4.3081     4.3496    -0.0049    97.9613 1.0000e-12  -65.23702  -69.79820 332.438895      99.98 6.1348e+02   1928.530      46286  1032.9611  1032.9606    34.7250    34.7243    7.75771         15 0.0000e+00
   1105.000   1091.248     1.3169  30.456838     1.3171  30.456299     4.3104     4.3498    -0.0095    97.9613 1.0000e-12  -65.23702  -69.79818 332.438902      99.98 6.1223e+02   1929.149      46301  1032.9659  1032.9651    34.7251    34.7241    7.75787         15 0.0000e+00
