NBP2113_155081_ctd/data/dnbp2113_047.cnv
* Sea-Bird SBE 9 Data File:
* FileName = D:\Data\raw\NBP2113_047.hex
* Software Version Seasave V 7.26.7.121
* Temperature SN = 2438
* Conductivity SN = 2067
* Number of Bytes Per Scan = 40
* Number of Voltage Words = 5
* Number of Scans Averaged by the Deck Unit = 1
* NMEA Latitude = 64 51.26 S
* NMEA Longitude = 063 55.07 W
* NMEA UTC (Time) = Dec 11 2021  06:38:06
* NMEA baud rate = 9600
** Ship: RVIB N.B. Palmer
** Cruise: NBP2113 LTER
** Station: 622.029
** Operator: B. Urmston
# nquan = 25
# nvalues = 395                         
# units = specified
# name 0 = prDM: Pressure, Digiquartz [db]
# name 1 = depSM: Depth [salt water, m]
# name 2 = t090C: Temperature [ITS-90, deg C]
# name 3 = c0mS/cm: Conductivity [mS/cm]
# name 4 = t190C: Temperature, 2 [ITS-90, deg C]
# name 5 = c1mS/cm: Conductivity, 2 [mS/cm]
# name 6 = sbeox0ML/L: Oxygen, SBE 43 [ml/l]
# name 7 = sbeox1ML/L: Oxygen, SBE 43, 2 [ml/l]
# name 8 = flECO-AFL: Fluorescence, WET Labs ECO-AFL/FL [mg/m^3]
# name 9 = CStarTr0: Beam Transmission, WET Labs C-Star [%]
# name 10 = par: PAR/Irradiance, Biospherical/Licor
# name 11 = latitude: Latitude [deg]
# name 12 = longitude: Longitude [deg]
# name 13 = timeJ: Julian Days
# name 14 = altM: Altimeter [m]
# name 15 = spar: SPAR, Biospherical/Licor
# name 16 = timeS: Time, Elapsed [seconds]
# name 17 = scan: Scan Count
# name 18 = density00: Density [density, kg/m^3]
# name 19 = density11: Density, 2 [density, kg/m^3]
# name 20 = sal00: Salinity, Practical [PSU]
# name 21 = sal11: Salinity, Practical, 2 [PSU]
# name 22 = oxsolML/L: Oxygen Saturation, Garcia & Gordon [ml/l]
# name 23 = nbin: number of scans per bin
# name 24 = flag: flag
# span 0 =      5.000,    399.000       
# span 1 =      4.947,    394.723       
# span 2 =    -0.3155,     1.2997       
# span 3 =  27.889254,  30.062850       
# span 4 =    -0.3114,     1.2991       
# span 5 =  27.892712,  30.061451       
# span 6 =     4.2878,     8.0537       
# span 7 =     4.3600,     8.0698       
# span 8 =    -0.0194,     1.6742       
# span 9 =    85.4720,    91.4471       
# span 10 = 1.0000e-12, 3.2785e+00      
# span 11 =  -64.85496,  -64.85434      
# span 12 =  -63.91852,  -63.91769      
# span 13 = 345.279326, 345.287387      
# span 14 =       7.26,     100.19      
# span 15 = 3.5258e+00, 7.0529e+00      
# span 16 =    247.770,    944.245      
# span 17 =       5947,      22663      
# span 18 =  1027.2000,  1029.6134      
# span 19 =  1027.1998,  1029.6121      
# span 20 =    33.8228,    34.6386      
# span 21 =    33.8228,    34.6375      
# span 22 =    7.76591,    8.14358      
# span 23 =         12,         47      
# span 24 = 0.0000e+00, 0.0000e+00      
# interval = decibars: 1                
# start_time = Dec 11 2021 06:38:06 [NMEA time, header]
# bad_flag = -9.990e-29
*END*
[from data line 290]
    295.000    291.902     1.2225  29.935691     1.2245  29.936589     4.3885     4.4539    -0.0077    91.3180 1.0000e-12  -64.85483  -63.91847 345.285612      99.97 7.0515e+00    790.902      18983  1029.1170  1029.1160    34.6209    34.6198    7.78216         24 0.0000e+00
    296.000    292.892     1.2305  29.944114     1.2308  29.943392     4.3854     4.4475    -0.0074    91.3096 1.0000e-12  -64.85483  -63.91847 345.285624      99.97 7.0515e+00    791.922      19007  1029.1220  1029.1210    34.6222    34.6210    7.78050         25 0.0000e+00
    297.000    293.880     1.2338  29.948330     1.2334  29.946825     4.3880     4.4495    -0.0174    91.3211 1.0000e-12  -64.85482  -63.91848 345.285636      99.97 7.0515e+00    792.961      19032  1029.1274  1029.1262    34.6234    34.6219    7.77978         25 0.0000e+00
    298.000    294.870     1.2343  29.949296     1.2340  29.948022     4.4044     4.4520    -0.0031    91.2841 1.0000e-12  -64.85482  -63.91848 345.285648      99.97 7.0515e+00    793.995      19057  1029.1321  1029.1311    34.6234    34.6222    7.77967         25 0.0000e+00
    299.000    295.858     1.2293  29.944929     1.2290  29.943507     4.4107     4.4612    -0.0004    91.2717 1.0000e-12  -64.85482  -63.91848 345.285660      99.97 7.0515e+00    795.034      19082  1029.1369  1029.1357    34.6229    34.6213    7.78070         25 0.0000e+00
    300.000    296.847     1.2240  29.939414     1.2235  29.937867     4.4120     4.4623    -0.0074    91.3039 1.0000e-12  -64.85484  -63.91850 345.285674      99.97 7.0515e+00    796.227      19110  1029.1407  1029.1396    34.6211    34.6197    7.78185         34 0.0000e+00
    301.000    297.834     1.2242  29.939424     1.2230  29.937485     4.4070     4.4596    -0.0144    91.3043 1.0000e-12  -64.85484  -63.91850 345.285692      99.97 7.0515e+00    797.813      19149  1029.1448  1029.1439    34.6203    34.6191    7.78186         38 0.0000e+00
    302.000    298.824     1.2236  29.939670     1.2226  29.937578     4.3923     4.4572    -0.0111    91.3090 1.0000e-12  -64.85484  -63.91850 345.285711      99.97 7.0515e+00    799.394      19186  1029.1498  1029.1487    34.6207    34.6191    7.78195         34 0.0000e+00
    303.000    299.814     1.2241  29.940770     1.2233  29.938844     4.4009     4.4596    -0.0074    91.3094 1.0000e-12  -64.85484  -63.91850 345.285725      99.97 7.0515e+00    800.641      19216  1029.1546  1029.1534    34.6209    34.6193    7.78183         27 0.0000e+00
    304.000    300.802     1.2248  29.942020     1.2238  29.939955     4.3996     4.4572    -0.0034    91.2875 1.0000e-12  -64.85484  -63.91850 345.285737      99.97 7.0515e+00    801.646      19241  1029.1595  1029.1584    34.6212    34.6197    7.78169         22 0.0000e+00
    305.000    301.789     1.2227  29.940221     1.2236  29.939900     4.3898     4.4506    -0.0035    91.3150 1.0000e-12  -64.85484  -63.91850 345.285748      99.94 7.0515e+00    802.615      19264  1029.1640  1029.1627    34.6206    34.6192    7.78213         26 0.0000e+00
    306.000    302.779     1.2361  29.953118     1.2345  29.950727     4.3725     4.4420    -0.0035    91.3058 1.0000e-12  -64.85484  -63.91850 345.285765      99.90 7.0515e+00    804.054      19298  1029.1682  1029.1672    34.6218    34.6204    7.77942         38 0.0000e+00
    307.000    303.768     1.2426  29.961726     1.2423  29.960558     4.3715     4.4372    -0.0078    91.2977 1.0000e-12  -64.85484  -63.91850 345.285785      99.83 7.0515e+00    805.826      19341  1029.1749  1029.1739    34.6250    34.6238    7.77795         36 0.0000e+00
    308.000    304.757     1.2444  29.964539     1.2438  29.962967     4.3759     4.4460    -0.0111    91.3259 1.0000e-12  -64.85484  -63.91850 345.285799      99.47 7.0515e+00    807.024      19370  1029.1803  1029.1792    34.6260    34.6246    7.77753         22 0.0000e+00
    309.000    305.748     1.2421  29.962662     1.2417  29.961460     4.3839     4.4443    -0.0151    91.3014 1.0000e-12  -64.85484  -63.91850 345.285808      99.04 7.0515e+00    807.841      19389  1029.1849  1029.1840    34.6256    34.6244    7.77802         18 0.0000e+00
    310.000    306.733     1.2404  29.961036     1.2401  29.959798     4.3832     4.4461    -0.0150    91.2715 1.0000e-12  -64.85484  -63.91850 345.285817      98.49 7.0515e+00    808.564      19407  1029.1891  1029.1882    34.6247    34.6235    7.77839         18 0.0000e+00
    311.000    307.723     1.2392  29.960523     1.2381  29.958371     4.3866     4.4450    -0.0102    91.2666 1.0000e-12  -64.85484  -63.91850 345.285826      96.49 7.0515e+00    809.363      19426  1029.1941  1029.1929    34.6249    34.6233    7.77863         22 0.0000e+00
    312.000    308.711     1.2384  29.959462     1.2374  29.957691     4.3879     4.4431    -0.0023    91.2664 1.0000e-12  -64.85485  -63.91852 345.285842      95.12 7.0515e+00    810.768      19459  1029.1980  1029.1972    34.6238    34.6227    7.77884         37 0.0000e+00
    313.000    309.700     1.2389  29.960634     1.2386  29.959201     4.3898     4.4430    -0.0006    91.2932 1.0000e-12  -64.85486  -63.91852 345.285867      94.74 7.0515e+00    812.867      19510  1029.2031  1029.2019    34.6242    34.6227    7.77873         35 0.0000e+00
    314.000    310.689     1.2343  29.956508     1.2345  29.955750     4.3825     4.4339    -0.0145    91.2724 1.0000e-12  -64.85484  -63.91852 345.285883      93.76 7.0515e+00    814.261      19543  1029.2076  1029.2066    34.6234    34.6222    7.77968         28 0.0000e+00
    315.000    311.678     1.2369  29.959601     1.2371  29.958672     4.3700     4.4381    -0.0073    91.2924 1.0000e-12  -64.85484  -63.91850 345.285895      92.87 7.0515e+00    815.302      19568  1029.2124  1029.2113    34.6239    34.6226    7.77913         23 0.0000e+00
    316.000    312.666     1.2421  29.965316     1.2426  29.964946     4.3722     4.4324    -0.0077    91.2871 1.0000e-12  -64.85484  -63.91850 345.285905      91.87 7.0515e+00    816.177      19589  1029.2173  1029.2165    34.6249    34.6239    7.77804         20 0.0000e+00
    317.000    313.656     1.2451  29.969112     1.2448  29.967922     4.3679     4.4316    -0.0022    91.2667 1.0000e-12  -64.85486  -63.91850 345.285916      90.83 7.0515e+00    817.112      19612  1029.2225  1029.2216    34.6259    34.6247    7.77740         25 0.0000e+00
    318.000    314.644     1.2458  29.970250     1.2454  29.968863     4.3662     4.4378    -0.0058    91.2664 1.0000e-12  -64.85486  -63.91850 345.285929      89.83 7.0515e+00    818.280      19640  1029.2272  1029.2262    34.6259    34.6246    7.77725         31 0.0000e+00
    319.000    315.632     1.2461  29.971072     1.2455  29.969582     4.3745     4.4312    -0.0077    91.2782 1.0000e-12  -64.85486  -63.91851 345.285945      88.92 7.0515e+00    819.629      19672  1029.2320  1029.2311    34.6261    34.6248    7.77719         33 0.0000e+00
    320.000    316.621     1.2446  29.969936     1.2443  29.968373     4.3682     4.4304    -0.0130    91.2311 1.0000e-12  -64.85486  -63.91852 345.285961      87.77 7.0515e+00    821.049      19706  1029.2367  1029.2354    34.6258    34.6241    7.77752         36 0.0000e+00
    321.000    317.610     1.2464  29.972032     1.2464  29.971085     4.3697     4.4289    -0.0176    91.2587 1.0000e-12  -64.85486  -63.91852 345.285979      86.91 7.0515e+00    822.626      19744  1029.2413  1029.2403    34.6258    34.6246    7.77714         38 0.0000e+00
    322.000    318.598     1.2472  29.973369     1.2467  29.971824     4.3685     4.4300    -0.0077    91.2692 1.0000e-12  -64.85486  -63.91852 345.285998      85.85 7.0515e+00    824.248      19783  1029.2462  1029.2451    34.6261    34.6247    7.77698         37 0.0000e+00
    323.000    319.588     1.2469  29.973681     1.2465  29.972283     4.3707     4.4340    -0.0077    91.2826 1.0000e-12  -64.85486  -63.91852 345.286014      85.48 7.0515e+00    825.640      19816  1029.2510  1029.2500    34.6263    34.6249    7.77703         29 0.0000e+00
    324.000    320.574     1.2474  29.974638     1.2468  29.973035     4.3804     4.4318    -0.0077    91.2146 1.0000e-12  -64.85486  -63.91851 345.286027      84.06 7.0515e+00    826.712      19842  1029.2558  1029.2547    34.6264    34.6250    7.77693         22 0.0000e+00
    325.000    321.565     1.2466  29.974422     1.2464  29.973170     4.3794     4.4342    -0.0088    91.1891 1.0000e-12  -64.85486  -63.91850 345.286037      82.97 7.0515e+00    827.566      19863  1029.2606  1029.2595    34.6264    34.6250    7.77708         20 0.0000e+00
    326.000    322.554     1.2459  29.974088     1.2457  29.972862     4.3711     4.4336    -0.0150    91.1708 1.0000e-12  -64.85486  -63.91850 345.286046      82.23 7.0515e+00    828.416      19883  1029.2652  1029.2641    34.6262    34.6248    7.77723         21 0.0000e+00
    327.000    323.541     1.2460  29.974617     1.2456  29.972985     4.3709     4.4327    -0.0150    91.2402 1.0000e-12  -64.85486  -63.91850 345.286057      81.10 7.0515e+00    829.349      19905  1029.2698  1029.2686    34.6262    34.6245    7.77721         24 0.0000e+00
    328.000    324.530     1.2464  29.975177     1.2458  29.973608     4.3792     4.4339    -0.0090    91.2466 1.0000e-12  -64.85486  -63.91850 345.286070      79.79 7.0515e+00    830.490      19933  1029.2743  1029.2732    34.6259    34.6245    7.77715         30 0.0000e+00
    329.000    325.519     1.2454  29.974463     1.2451  29.973304     4.3786     4.4371    -0.0105    91.2414 1.0000e-12  -64.85487  -63.91851 345.286088      78.94 7.0515e+00    832.020      19969  1029.2788  1029.2779    34.6254    34.6243    7.77737         41 0.0000e+00
    330.000    326.507     1.2461  29.975888     1.2448  29.973515     4.3761     4.4372    -0.0098    91.2429 1.0000e-12  -64.85488  -63.91851 345.286108      77.98 7.0515e+00    833.741      20011  1029.2838  1029.2826    34.6259    34.6243    7.77721         35 0.0000e+00
    331.000    327.496     1.2439  29.973803     1.2443  29.973200     4.3707     4.4281    -0.0020    91.2675 1.0000e-12  -64.85488  -63.91850 345.286126      77.16 7.0515e+00    835.249      20047  1029.2880  1029.2870    34.6251    34.6239    7.77768         34 0.0000e+00
    332.000    328.486     1.2470  29.977729     1.2468  29.976529     4.3718     4.4307     0.0002    91.2674 1.0000e-12  -64.85488  -63.91850 345.286140      76.19 7.0515e+00    836.528      20078  1029.2932  1029.2922    34.6261    34.6248    7.77702         28 0.0000e+00
    333.000    329.472     1.2470  29.978248     1.2467  29.977008     4.3801     4.4328    -0.0154    91.2772 1.0000e-12  -64.85488  -63.91850 345.286153      75.28 7.0515e+00    837.591      20103  1029.2980  1029.2970    34.6262    34.6249    7.77701         22 0.0000e+00
    334.000    330.462     1.2466  29.978253     1.2453  29.975782     4.3779     4.4324    -0.0150    91.2654 1.0000e-12  -64.85488  -63.91849 345.286163      74.41 7.0515e+00    838.521      20126  1029.3026  1029.3014    34.6261    34.6243    7.77710         24 0.0000e+00
    335.000    331.451     1.2450  29.976919     1.2446  29.975629     4.3766     4.4372    -0.0124    91.2633 1.0000e-12  -64.85488  -63.91849 345.286177      73.10 7.0515e+00    839.678      20153  1029.3071  1029.3061    34.6256    34.6243    7.77745         33 0.0000e+00
    336.000    332.440     1.2445  29.976741     1.2444  29.975555     4.3742     4.4354    -0.0037    91.2823 1.0000e-12  -64.85488  -63.91848 345.286194      72.40 7.0515e+00    841.159      20189  1029.3116  1029.3105    34.6253    34.6239    7.77755         36 0.0000e+00
    337.000    333.427     1.2439  29.976705     1.2429  29.974615     4.3725     4.4317    -0.0078    91.2815 1.0000e-12  -64.85488  -63.91848 345.286210      71.44 7.0515e+00    842.528      20222  1029.3165  1029.3152    34.6254    34.6238    7.77768         29 0.0000e+00
    338.000    334.417     1.2435  29.976644     1.2432  29.975399     4.3705     4.4269    -0.0077    91.2872 1.0000e-12  -64.85488  -63.91848 345.286223      70.33 7.0515e+00    843.650      20249  1029.3210  1029.3200    34.6252    34.6239    7.77777         25 0.0000e+00
    339.000    335.405     1.2445  29.978095     1.2444  29.976982     4.3618     4.4294    -0.0077    91.3144 1.0000e-12  -64.85489  -63.91848 345.286234      69.69 7.0515e+00    844.588      20271  1029.3258  1029.3247    34.6253    34.6240    7.77756         21 0.0000e+00
    340.000    336.393     1.2476  29.982042     1.2474  29.980797     4.3684     4.4295    -0.0077    91.2925 1.0000e-12  -64.85490  -63.91848 345.286245      68.44 7.0515e+00    845.530      20294  1029.3309  1029.3298    34.6264    34.6250    7.77689         25 0.0000e+00
    341.000    337.383     1.2478  29.982577     1.2476  29.981309     4.3735     4.4279    -0.0024    91.2701 1.0000e-12  -64.85490  -63.91848 345.286258      67.30 7.0515e+00    846.688      20322  1029.3355  1029.3344    34.6262    34.6248    7.77685         31 0.0000e+00
    342.000    338.369     1.2476  29.982872     1.2472  29.981377     4.3665     4.4261    -0.0006    91.2571 1.0000e-12  -64.85490  -63.91848 345.286274      66.29 7.0515e+00    848.041      20354  1029.3402  1029.3391    34.6262    34.6248    7.77688         31 0.0000e+00
    343.000    339.360     1.2486  29.984102     1.2477  29.982165     4.3690     4.4296    -0.0118    91.2663 1.0000e-12  -64.85490  -63.91848 345.286291      65.32 7.0515e+00    849.519      20389  1029.3447  1029.3437    34.6261    34.6247    7.77669         39 0.0000e+00
    344.000    340.350     1.2495  29.985558     1.2492  29.984213     4.3703     4.4234    -0.0077    91.2564 1.0000e-12  -64.85490  -63.91848 345.286312      64.20 7.0515e+00    851.319      20433  1029.3495  1029.3485    34.6264    34.6250    7.77650         37 0.0000e+00
    345.000    341.336     1.2486  29.985335     1.2485  29.983989     4.3665     4.4262    -0.0035    91.2828 1.0000e-12  -64.85490  -63.91847 345.286332      63.31 7.0515e+00    853.115      20476  1029.3545  1029.3533    34.6266    34.6250    7.77668         31 0.0000e+00
    346.000    342.325     1.2475  29.984535     1.2468  29.982740     4.3682     4.4290    -0.0003    91.2505 1.0000e-12  -64.85490  -63.91846 345.286346      62.42 7.0515e+00    854.307      20504  1029.3590  1029.3579    34.6261    34.6247    7.77691         24 0.0000e+00
    347.000    343.313     1.2478  29.985556     1.2469  29.983304     4.3743     4.4297    -0.0021    91.2528 1.0000e-12  -64.85492  -63.91846 345.286356      61.55 7.0515e+00    855.130      20524  1029.3640  1029.3626    34.6266    34.6247    7.77683         17 0.0000e+00
    348.000    344.302     1.2480  29.985843     1.2482  29.984909     4.3702     4.4286    -0.0069    91.2574 1.0000e-12  -64.85492  -63.91846 345.286364      60.47 7.0515e+00    855.840      20541  1029.3683  1029.3672    34.6261    34.6247    7.77681         17 0.0000e+00
    349.000    345.291     1.2465  29.984908     1.2468  29.984368     4.3654     4.4285     0.0073    91.2363 1.0000e-12  -64.85492  -63.91846 345.286372      59.59 7.0515e+00    856.538      20558  1029.3731  1029.3722    34.6260    34.6250    7.77712         17 0.0000e+00
    350.000    346.279     1.2469  29.985658     1.2468  29.984420     4.3697     4.4236     0.0017    91.2256 1.0000e-12  -64.85492  -63.91846 345.286381      58.36 7.0515e+00    857.339      20577  1029.3777  1029.3766    34.6259    34.6245    7.77704         22 0.0000e+00
    351.000    347.269     1.2496  29.988632     1.2500  29.988043     4.3659     4.4228    -0.0074    91.2464 1.0000e-12  -64.85492  -63.91846 345.286396      57.27 7.0515e+00    858.603      20607  1029.3823  1029.3813    34.6262    34.6250    7.77649         40 0.0000e+00
