NBP2113_155081_ctd/data/dnbp2113_014.cnv
* Sea-Bird SBE 9 Data File:
* FileName = D:\Data\raw\NBP2113_014.hex
* Software Version Seasave V 7.26.7.121
* Temperature SN = 2438
* Conductivity SN = 2067
* Number of Bytes Per Scan = 40
* Number of Voltage Words = 5
* Number of Scans Averaged by the Deck Unit = 1
* NMEA Latitude = 65 28.72 S
* NMEA Longitude = 066 08.92 W
* NMEA UTC (Time) = Nov 27 2021  11:12:57
* NMEA baud rate = 9600
** Ship: RVIB N.B. Palmer
** Cruise: NBP2113 LTER
** Station: 500.060
** Operator: B. Urmston
# nquan = 25
# nvalues = 303                         
# units = specified
# name 0 = prDM: Pressure, Digiquartz [db]
# name 1 = depSM: Depth [salt water, m]
# name 2 = t090C: Temperature [ITS-90, deg C]
# name 3 = c0mS/cm: Conductivity [mS/cm]
# name 4 = t190C: Temperature, 2 [ITS-90, deg C]
# name 5 = c1mS/cm: Conductivity, 2 [mS/cm]
# name 6 = sbeox0ML/L: Oxygen, SBE 43 [ml/l]
# name 7 = sbeox1ML/L: Oxygen, SBE 43, 2 [ml/l]
# name 8 = flECO-AFL: Fluorescence, WET Labs ECO-AFL/FL [mg/m^3]
# name 9 = CStarTr0: Beam Transmission, WET Labs C-Star [%]
# name 10 = par: PAR/Irradiance, Biospherical/Licor
# name 11 = latitude: Latitude [deg]
# name 12 = longitude: Longitude [deg]
# name 13 = timeJ: Julian Days
# name 14 = altM: Altimeter [m]
# name 15 = spar: SPAR, Biospherical/Licor
# name 16 = timeS: Time, Elapsed [seconds]
# name 17 = scan: Scan Count
# name 18 = density00: Density [density, kg/m^3]
# name 19 = density11: Density, 2 [density, kg/m^3]
# name 20 = sal00: Salinity, Practical [PSU]
# name 21 = sal11: Salinity, Practical, 2 [PSU]
# name 22 = oxsolML/L: Oxygen Saturation, Garcia & Gordon [ml/l]
# name 23 = nbin: number of scans per bin
# name 24 = flag: flag
# span 0 =      4.000,    306.000       
# span 1 =      3.960,    302.767       
# span 2 =    -1.3368,     1.3198       
# span 3 =  27.166280,  30.049096       
# span 4 =    -1.3343,     1.3197       
# span 5 =  27.167017,  30.048324       
# span 6 =     4.3311,     8.2018       
# span 7 =     4.3192,     8.1328       
# span 8 =    -0.0147,     1.7164       
# span 9 =    89.3752,    97.4237       
# span 10 = 1.0000e-12, 6.7786e+01      
# span 11 =  -65.47880,  -65.47864      
# span 12 =  -66.14903,  -66.14826      
# span 13 = 331.471157, 331.478821      
# span 14 =       6.00,     102.37      
# span 15 = 1.6518e+02, 2.6974e+02      
# span 16 =    330.979,    993.137      
# span 17 =       7945,      23836      
# span 18 =  1027.1826,  1029.1865      
# span 19 =  1027.1804,  1029.1855      
# span 20 =    33.7853,    34.6526      
# span 21 =    33.7830,    34.6517      
# span 22 =    7.76119,    8.36013      
# span 23 =         12,         47      
# span 24 = 0.0000e+00, 0.0000e+00      
# interval = decibars: 1                
# start_time = Nov 27 2021 11:12:57 [NMEA time, header]
# bad_flag = -9.990e-29
*END*
[from data line 174]
    178.000    176.172     0.6018  29.221591     0.6020  29.220574     5.1030     5.1236     0.0198    97.4184 1.0000e-12  -65.47872  -66.14860 331.476541      99.98 2.6796e+02    796.146      19108  1028.4723  1028.4711    34.4562    34.4546    7.91610         12 0.0000e+00
    179.000    177.168     0.6017  29.222312     0.6018  29.220982     5.1030     5.1189     0.0138    97.4058 1.0000e-12  -65.47872  -66.14860 331.476547      99.98 2.6796e+02    796.636      19120  1028.4777  1028.4763    34.4566    34.4548    7.91609         12 0.0000e+00
    180.000    178.151     0.6075  29.229563     0.6074  29.228269     5.0960     5.1191     0.0143    97.4056 1.0000e-12  -65.47872  -66.14862 331.476552      99.98 2.6796e+02    797.138      19132  1028.4842  1028.4830    34.4590    34.4575    7.91478         12 0.0000e+00
    181.000    179.142     0.6245  29.249113     0.6245  29.248129     5.1027     5.1209     0.0143    97.4139 1.0000e-12  -65.47872  -66.14862 331.476558      99.98 2.6796e+02    797.634      19144  1028.4925  1028.4914    34.4650    34.4637    7.91099         12 0.0000e+00
    182.000    180.132     0.6456  29.273019     0.6447  29.271091     5.1250     5.1281     0.0138    97.4237 1.0000e-12  -65.47872  -66.14864 331.476565      99.98 2.6796e+02    798.192      19158  1028.5013  1028.5001    34.4721    34.4705    7.90629         15 0.0000e+00
    183.000    181.122     0.6233  29.248349     0.6153  29.237908     5.1353     5.1150     0.0118    97.3964 1.0000e-12  -65.47872  -66.14866 331.476611      99.98 2.6901e+02    802.228      19254  1028.5033  1028.5003    34.4641    34.4595    7.91128         28 0.0000e+00
    184.000    182.108     0.6041  29.227596     0.5969  29.218740     5.0857     5.0693     0.0108    97.3667 1.0000e-12  -65.47872  -66.14866 331.476647      99.98 2.6974e+02    805.262      19327  1028.5059  1028.5034    34.4579    34.4544    7.91554         17 0.0000e+00
    185.000    183.100     0.6210  29.250733     0.6271  29.253988     5.0587     5.0581     0.0143    97.3691 1.0000e-12  -65.47872  -66.14866 331.476653      99.97 2.6972e+02    805.837      19341  1028.5174  1028.5150    34.4686    34.4660    7.91151         15 0.0000e+00
    186.000    184.088     0.6898  29.321910     0.6886  29.319575     5.0584     5.0525     0.0070    97.3691 1.0000e-12  -65.47872  -66.14866 331.476660      99.97 2.6972e+02    806.409      19355  1028.5285  1028.5272    34.4841    34.4823    7.89663         13 0.0000e+00
    187.000    185.076     0.6933  29.326126     0.6931  29.324924     5.0625     5.0505     0.0052    97.3711 1.0000e-12  -65.47872  -66.14866 331.476666      99.97 2.6972e+02    806.965      19368  1028.5339  1028.5328    34.4850    34.4836    7.89586         13 0.0000e+00
    188.000    186.065     0.6919  29.325363     0.6920  29.324354     5.0612     5.0449     0.0132    97.3606 1.0000e-12  -65.47872  -66.14866 331.476673      99.98 2.6972e+02    807.536      19382  1028.5389  1028.5377    34.4850    34.4835    7.89615         15 0.0000e+00
    189.000    187.057     0.6929  29.327104     0.6919  29.325057     5.0711     5.0482     0.0143    97.3409 1.0000e-12  -65.47872  -66.14866 331.476681      99.97 2.6972e+02    808.187      19397  1028.5443  1028.5431    34.4855    34.4840    7.89591         17 0.0000e+00
    190.000    188.045     0.6927  29.327544     0.6925  29.326165     5.0832     5.0494     0.0143    97.3316 1.0000e-12  -65.47872  -66.14868 331.476692      99.97 2.6972e+02    809.199      19422  1028.5496  1028.5483    34.4858    34.4842    7.89595         35 0.0000e+00
    191.000    189.034     0.6926  29.327816     0.6929  29.327009     5.0949     5.0506     0.0083    97.3165 1.0000e-12  -65.47872  -66.14868 331.476717      99.97 2.6972e+02    811.320      19473  1028.5548  1028.5536    34.4856    34.4842    7.89597         33 0.0000e+00
    192.000    190.024     0.6929  29.328444     0.6927  29.327108     5.0819     5.0497     0.0066    97.3193 1.0000e-12  -65.47872  -66.14869 331.476736      99.98 2.6972e+02    813.013      19513  1028.5598  1028.5586    34.4855    34.4841    7.89591         33 0.0000e+00
    193.000    191.012     0.6936  29.329590     0.6939  29.328783     5.0912     5.0453     0.0124    97.3343 1.0000e-12  -65.47872  -66.14870 331.476752      99.98 2.6972e+02    814.399      19547  1028.5648  1028.5637    34.4856    34.4843    7.89577         34 0.0000e+00
    194.000    192.001     0.6933  29.329616     0.6930  29.328361     5.0877     5.0332     0.0094    97.3271 1.0000e-12  -65.47872  -66.14872 331.476769      99.98 2.6972e+02    815.852      19581  1028.5696  1028.5685    34.4854    34.4841    7.89584         35 0.0000e+00
    195.000    192.991     0.6921  29.329043     0.6928  29.328832     5.0315     4.9993     0.0144    97.3383 1.0000e-12  -65.47872  -66.14872 331.476785      99.97 2.6972e+02    817.205      19614  1028.5746  1028.5736    34.4854    34.4844    7.89609         29 0.0000e+00
    196.000    193.980     0.7113  29.351417     0.7097  29.348486     4.9892     4.9670     0.0104    97.3163 1.0000e-12  -65.47874  -66.14872 331.476797      99.98 2.6972e+02    818.260      19639  1028.5832  1028.5818    34.4925    34.4905    7.89178         23 0.0000e+00
    197.000    194.968     0.7401  29.381629     0.7404  29.380941     4.9401     4.9353     0.0066    97.3176 1.0000e-12  -65.47874  -66.14872 331.476807      99.98 2.6972e+02    819.165      19661  1028.5908  1028.5898    34.4992    34.4980    7.88558         21 0.0000e+00
    198.000    195.958     0.7574  29.400986     0.7567  29.399604     4.8953     4.9086     0.0065    97.3162 1.0000e-12  -65.47874  -66.14870 331.476817      99.97 2.6972e+02    819.984      19681  1028.5982  1028.5976    34.5044    34.5035    7.88178         18 0.0000e+00
    199.000    196.949     0.7892  29.435553     0.7896  29.435269     4.8809     4.8963     0.0065    97.3124 1.0000e-12  -65.47874  -66.14871 331.476826      99.98 2.6972e+02    820.778      19700  1028.6074  1028.6067    34.5133    34.5125    7.87485         20 0.0000e+00
    200.000    197.937     0.8188  29.466932     0.8190  29.466306     4.8800     4.8885     0.0066    97.3101 1.0000e-12  -65.47874  -66.14872 331.476836      99.98 2.6972e+02    821.663      19721  1028.6154  1028.6145    34.5205    34.5195    7.86848         24 0.0000e+00
    201.000    198.925     0.8311  29.480057     0.8313  29.479068     4.8928     4.8812     0.0109    97.2864 1.0000e-12  -65.47874  -66.14872 331.476852      99.98 2.6972e+02    823.031      19754  1028.6217  1028.6204    34.5232    34.5217    7.86584         37 0.0000e+00
    202.000    199.915     0.8325  29.481942     0.8324  29.480987     4.9024     4.8717     0.0031    97.2193 1.0000e-12  -65.47874  -66.14874 331.476877      99.98 2.6972e+02    825.200      19806  1028.6272  1028.6263    34.5234    34.5224    7.86553         36 0.0000e+00
    203.000    200.905     0.8338  29.483938     0.8336  29.482814     4.8479     4.8433     0.0054    97.1857 1.0000e-12  -65.47874  -66.14874 331.476894      99.98 2.6972e+02    826.658      19841  1028.6327  1028.6317    34.5240    34.5228    7.86524         28 0.0000e+00
    204.000    201.893     0.8606  29.513596     0.8614  29.513419     4.8337     4.8219    -0.0015    97.1415 1.0000e-12  -65.47874  -66.14874 331.476906      99.98 2.6972e+02    827.659      19865  1028.6415  1028.6405    34.5320    34.5310    7.85939         22 0.0000e+00
    205.000    202.884     0.8858  29.540494     0.8858  29.539678     4.8199     4.8024     0.0143    97.1169 1.0000e-12  -65.47874  -66.14874 331.476917      99.97 2.6972e+02    828.606      19888  1028.6491  1028.6482    34.5383    34.5372    7.85398         24 0.0000e+00
    206.000    203.872     0.8964  29.552017     0.8965  29.550955     4.8053     4.7920    -0.0068    97.1637 1.0000e-12  -65.47875  -66.14874 331.476929      99.98 2.6972e+02    829.681      19913  1028.6551  1028.6540    34.5408    34.5394    7.85169         28 0.0000e+00
    207.000    204.861     0.9065  29.563147     0.9068  29.562398     4.8029     4.7890     0.0068    97.1411 1.0000e-12  -65.47875  -66.14874 331.476942      99.97 2.6972e+02    830.808      19940  1028.6614  1028.6602    34.5434    34.5420    7.84952         25 0.0000e+00
    208.000    205.850     0.9110  29.568301     0.9113  29.567621     4.8045     4.7786     0.0138    97.1634 1.0000e-12  -65.47874  -66.14875 331.476954      99.98 2.6972e+02    831.805      19964  1028.6669  1028.6659    34.5445    34.5433    7.84856         23 0.0000e+00
    209.000    206.839     0.9155  29.573524     0.9158  29.572970     4.7921     4.7669     0.0089    97.1581 1.0000e-12  -65.47874  -66.14876 331.476964      99.98 2.6972e+02    832.663      19985  1028.6723  1028.6714    34.5456    34.5446    7.84759         20 0.0000e+00
    210.000    207.828     0.9218  29.580758     0.9215  29.579485     4.7750     4.7541     0.0066    97.1331 1.0000e-12  -65.47874  -66.14876 331.476974      99.98 2.6972e+02    833.519      20005  1028.6781  1028.6770    34.5474    34.5460    7.84622         21 0.0000e+00
    211.000    208.820     0.9404  29.600697     0.9421  29.601719     4.7605     4.7459     0.0135    97.1082 1.0000e-12  -65.47874  -66.14876 331.476987      99.97 2.6972e+02    834.669      20033  1028.6849  1028.6842    34.5519    34.5513    7.84223         30 0.0000e+00
    212.000    209.808     0.9577  29.619167     0.9594  29.620163     4.7112     4.7018     0.0066    97.1115 1.0000e-12  -65.47875  -66.14876 331.477023      99.97 2.6972e+02    837.800      20108  1028.6920  1028.6914    34.5559    34.5554    7.83854         32 0.0000e+00
    213.000    210.796     0.9876  29.652351     0.9880  29.651657     4.6696     4.6679     0.0138    97.1063 1.0000e-12  -65.47876  -66.14876 331.477042      99.98 2.6826e+02    839.406      20147  1028.7014  1028.7003    34.5650    34.5636    7.83205         20 0.0000e+00
    214.000    211.785     1.0059  29.672336     1.0056  29.671084     4.6621     4.6643     0.0048    97.0607 1.0000e-12  -65.47876  -66.14876 331.477050      19.68 2.6795e+02    840.102      20163  1028.7084  1028.7075    34.5698    34.5685    7.82811         15 0.0000e+00
    215.000    212.774     1.0189  29.686205     1.0186  29.684974     4.6633     4.6606    -0.0076    97.0699 1.0000e-12  -65.47876  -66.14876 331.477056      99.35 2.6621e+02    840.663      20177  1028.7144  1028.7134    34.5727    34.5715    7.82535         13 0.0000e+00
    216.000    213.763     1.0214  29.689162     1.0212  29.687872     4.6618     4.6567    -0.0024    97.0687 1.0000e-12  -65.47876  -66.14876 331.477062      99.91 2.6620e+02    841.175      20189  1028.7194  1028.7183    34.5731    34.5718    7.82482         12 0.0000e+00
    217.000    214.755     1.0212  29.689374     1.0211  29.688325     4.6694     4.6549     0.0066    97.0562 1.0000e-12  -65.47876  -66.14876 331.477068      88.41 2.6620e+02    841.672      20201  1028.7243  1028.7232    34.5731    34.5719    7.82488         12 0.0000e+00
    218.000    215.742     1.0232  29.692118     1.0230  29.690968     4.6787     4.6595     0.0040    97.0350 1.0000e-12  -65.47876  -66.14876 331.477074      11.40 2.6620e+02    842.171      20213  1028.7295  1028.7285    34.5737    34.5725    7.82443         12 0.0000e+00
    219.000    216.733     1.0326  29.702829     1.0322  29.701610     4.6931     4.6633    -0.0060    97.0424 1.0000e-12  -65.47876  -66.14877 331.477085      52.56 2.6599e+02    843.169      20237  1028.7358  1028.7349    34.5766    34.5754    7.82240         23 0.0000e+00
    220.000    217.719     1.0145  29.683806     1.0140  29.682471     4.6322     4.6148    -0.0042    96.9822 1.0000e-12  -65.47876  -66.14877 331.477139      95.87 2.6273e+02    847.836      20349  1028.7391  1028.7383    34.5715    34.5704    7.82629         19 0.0000e+00
    221.000    218.709     1.0385  29.710138     1.0341  29.705111     4.6202     4.6095    -0.0077    97.0085 1.0000e-12  -65.47876  -66.14876 331.477147      94.74 2.6220e+02    848.496      20365  1028.7469  1028.7461    34.5782    34.5767    7.82112         15 0.0000e+00
    222.000    219.698     1.0635  29.737077     1.0642  29.737056     4.6223     4.6073    -0.0014    97.0327 1.0000e-12  -65.47876  -66.14876 331.477154      93.73 2.6091e+02    849.127      20380  1028.7543  1028.7536    34.5846    34.5838    7.81578         15 0.0000e+00
    223.000    220.688     1.0730  29.747353     1.0731  29.746393     4.6219     4.6070    -0.0004    97.0435 1.0000e-12  -65.47876  -66.14876 331.477161      92.97 2.6091e+02    849.751      20395  1028.7600  1028.7589    34.5867    34.5854    7.81376         15 0.0000e+00
    224.000    221.677     1.0734  29.748297     1.0734  29.747241     4.6285     4.6059    -0.0004    97.0601 1.0000e-12  -65.47876  -66.14876 331.477169      91.89 2.6091e+02    850.395      20410  1028.7649  1028.7639    34.5869    34.5855    7.81367         16 0.0000e+00
    225.000    222.665     1.0740  29.749380     1.0740  29.748352     4.6197     4.6070    -0.0087    97.0601 1.0000e-12  -65.47876  -66.14878 331.477177      90.63 2.6039e+02    851.135      20428  1028.7700  1028.7689    34.5871    34.5858    7.81356         20 0.0000e+00
    226.000    223.655     1.0744  29.750297     1.0744  29.749302     4.6207     4.6077    -0.0116    97.0601 1.0000e-12  -65.47876  -66.14878 331.477189      89.36 2.5919e+02    852.089      20451  1028.7750  1028.7739    34.5872    34.5859    7.81347         27 0.0000e+00
    227.000    224.642     1.0732  29.749395     1.0743  29.749465     4.6488     4.6043    -0.0057    97.0601 1.0000e-12  -65.47876  -66.14880 331.477208      88.28 2.5776e+02    853.762      20491  1028.7797  1028.7788    34.5868    34.5857    7.81373         35 0.0000e+00
    228.000    225.633     1.0718  29.748163     1.0749  29.750593     4.6135     4.5892     0.0000    97.0601 1.0000e-12  -65.47876  -66.14879 331.477244      87.08 2.5545e+02    856.914      20567  1028.7845  1028.7840    34.5862    34.5859    7.81404         30 0.0000e+00
    229.000    226.622     1.0804  29.757872     1.0807  29.757470     4.6104     4.5791    -0.0004    96.8521 1.0000e-12  -65.47876  -66.14879 331.477253      86.27 2.5445e+02    857.684      20585  1028.7904  1028.7896    34.5886    34.5876    7.81220         17 0.0000e+00
    230.000    227.609     1.0838  29.761877     1.0825  29.759501     4.6077     4.5762    -0.0004    97.0110 1.0000e-12  -65.47876  -66.14880 331.477261      85.49 2.5384e+02    858.365      20602  1028.7954  1028.7943    34.5893    34.5877    7.81146         16 0.0000e+00
    231.000    228.600     1.0854  29.764040     1.0853  29.763145     4.5923     4.5755    -0.0004    97.0362 1.0000e-12  -65.47876  -66.14880 331.477268      84.70 2.5385e+02    858.979      20616  1028.8004  1028.7997    34.5898    34.5887    7.81113         14 0.0000e+00
    232.000    229.590     1.0993  29.779750     1.0983  29.777959     4.5848     4.5694     0.0012    97.0161 1.0000e-12  -65.47876  -66.14881 331.477276      83.43 2.5385e+02    859.634      20632  1028.8071  1028.8063    34.5940    34.5928    7.80813         18 0.0000e+00
    233.000    230.577     1.1057  29.786532     1.1052  29.785059     4.6003     4.5680     0.0061    97.0337 1.0000e-12  -65.47876  -66.14882 331.477287      82.19 2.5385e+02    860.567      20655  1028.8122  1028.8112    34.5950    34.5937    7.80679         22 0.0000e+00
    234.000    231.565     1.1063  29.788001     1.1110  29.791977     4.5659     4.5478    -0.0030    97.0582 1.0000e-12  -65.47876  -66.14882 331.477322      81.11 2.5385e+02    863.635      20728  1028.8178  1028.8172    34.5956    34.5955    7.80664         27 0.0000e+00
