NBP2113_155081_ctd/data/dnbp2113_010.cnv
* Sea-Bird SBE 9 Data File:
* FileName = D:\Data\raw\NBP2113_010.hex
* Software Version Seasave V 7.26.7.121
* Temperature SN = 2438
* Conductivity SN = 2067
* Number of Bytes Per Scan = 40
* Number of Voltage Words = 5
* Number of Scans Averaged by the Deck Unit = 1
* NMEA Latitude = 64 34.40 S
* NMEA Longitude = 065 21.00 W
* NMEA UTC (Time) = Nov 25 2021  20:37:57
* NMEA baud rate = 9600
** Ship: RVIB N.B. Palmer
** Cruise: NBP2113 LTER
** Station: 600.100
** Operator: S. Blackman
# nquan = 25
# nvalues = 601                         
# units = specified
# name 0 = prDM: Pressure, Digiquartz [db]
# name 1 = depSM: Depth [salt water, m]
# name 2 = t090C: Temperature [ITS-90, deg C]
# name 3 = c0mS/cm: Conductivity [mS/cm]
# name 4 = t190C: Temperature, 2 [ITS-90, deg C]
# name 5 = c1mS/cm: Conductivity, 2 [mS/cm]
# name 6 = sbeox0ML/L: Oxygen, SBE 43 [ml/l]
# name 7 = sbeox1ML/L: Oxygen, SBE 43, 2 [ml/l]
# name 8 = flECO-AFL: Fluorescence, WET Labs ECO-AFL/FL [mg/m^3]
# name 9 = CStarTr0: Beam Transmission, WET Labs C-Star [%]
# name 10 = par: PAR/Irradiance, Biospherical/Licor
# name 11 = latitude: Latitude [deg]
# name 12 = longitude: Longitude [deg]
# name 13 = timeJ: Julian Days
# name 14 = altM: Altimeter [m]
# name 15 = spar: SPAR, Biospherical/Licor
# name 16 = timeS: Time, Elapsed [seconds]
# name 17 = scan: Scan Count
# name 18 = density00: Density [density, kg/m^3]
# name 19 = density11: Density, 2 [density, kg/m^3]
# name 20 = sal00: Salinity, Practical [PSU]
# name 21 = sal11: Salinity, Practical, 2 [PSU]
# name 22 = oxsolML/L: Oxygen Saturation, Garcia & Gordon [ml/l]
# name 23 = nbin: number of scans per bin
# name 24 = flag: flag
# span 0 =      5.000,    605.000       
# span 1 =      4.951,    598.213       
# span 2 =    -0.4515,     1.5125       
# span 3 =  27.988996,  30.388462       
# span 4 =    -0.4464,     1.5128       
# span 5 =  27.986799,  30.387347       
# span 6 =     4.0671,     8.3030       
# span 7 =     4.0790,     8.1573       
# span 8 =    -0.0206,     1.3915       
# span 9 =    89.3584,    97.3921       
# span 10 = -7.456e-06, 1.8321e+02      
# span 11 =  -64.57386,  -64.57355      
# span 12 =  -65.34937,  -65.34828      
# span 13 = 329.863143, 329.874157      
# span 14 =       1.28,     101.65      
# span 15 = 4.1601e+02, 4.9322e+02      
# span 16 =    298.573,   1250.123      
# span 17 =       7167,      30004      
# span 18 =  1027.3334,  1030.6078      
# span 19 =  1027.3304,  1030.6064      
# span 20 =    33.9916,    34.7005      
# span 21 =    33.9879,    34.6987      
# span 22 =    7.72074,    8.15281      
# span 23 =         14,         69      
# span 24 = 0.0000e+00, 0.0000e+00      
# interval = decibars: 1                
# start_time = Nov 25 2021 20:37:57 [NMEA time, header]
# bad_flag = -9.990e-29
*END*
[from data line 174]
    179.000    177.172     0.7297  29.369458     0.7302  29.368226     5.0824     5.0393    -0.0077    97.2571 1.0000e-12  -64.57374  -65.34874 329.867513      99.98 4.3719e+02    676.093      16227  1028.5126  1028.5109    34.5055    34.5035    7.88733         26 0.0000e+00
    180.000    178.165     0.7337  29.374061     0.7343  29.372940     5.0740     5.0311    -0.0009    97.2464 1.0000e-12  -64.57374  -65.34872 329.867524      99.98 4.3719e+02    677.087      16251  1028.5179  1028.5161    34.5065    34.5044    7.88648         22 0.0000e+00
    181.000    179.153     0.7364  29.377371     0.7369  29.376061     5.0658     5.0222     0.0065    97.2501 1.0000e-12  -64.57374  -65.34872 329.867535      99.97 4.3719e+02    677.995      16273  1028.5230  1028.5211    34.5072    34.5049    7.88589         21 0.0000e+00
    182.000    180.143     0.7382  29.379490     0.7388  29.378337     5.0582     5.0081     0.0069    97.2403 1.0000e-12  -64.57374  -65.34872 329.867545      99.98 4.3719e+02    678.918      16295  1028.5277  1028.5260    34.5073    34.5052    7.88551         23 0.0000e+00
    183.000    181.132     0.7472  29.389336     0.7477  29.388032     5.0506     5.0065     0.0069    97.2413 1.0000e-12  -64.57374  -65.34872 329.867557      99.98 4.3719e+02    679.921      16319  1028.5335  1028.5316    34.5096    34.5073    7.88357         25 0.0000e+00
    184.000    182.121     0.7562  29.399127     0.7568  29.397962     5.0437     5.0014     0.0069    97.2004 1.0000e-12  -64.57374  -65.34872 329.867569      99.98 4.3621e+02    680.997      16345  1028.5391  1028.5373    34.5116    34.5095    7.88162         27 0.0000e+00
    185.000    183.111     0.7571  29.400476     0.7576  29.399317     5.0388     4.9944     0.0069    97.2425 1.0000e-12  -64.57374  -65.34872 329.867583      99.98 4.3544e+02    682.154      16373  1028.5441  1028.5423    34.5118    34.5097    7.88144         29 0.0000e+00
    186.000    184.100     0.7621  29.406143     0.7625  29.404987     5.0407     4.9967     0.0011    97.2466 1.0000e-12  -64.57374  -65.34872 329.867598      99.98 4.3543e+02    683.460      16404  1028.5493  1028.5478    34.5129    34.5110    7.88035         33 0.0000e+00
    187.000    185.088     0.7661  29.411135     0.7665  29.410063     5.0269     4.9795     0.0069    97.2088 1.0000e-12  -64.57374  -65.34872 329.867614      99.98 4.3543e+02    684.817      16437  1028.5551  1028.5536    34.5145    34.5126    7.87947         32 0.0000e+00
    188.000    186.078     0.7768  29.424709     0.7773  29.423555     4.9874     4.9494     0.0009    97.2349 1.0000e-12  -64.57374  -65.34872 329.867628      99.98 4.3543e+02    686.093      16467  1028.5629  1028.5613    34.5195    34.5175    7.87702         30 0.0000e+00
    189.000    187.068     0.8023  29.450867     0.8025  29.449566     4.9443     4.9280    -0.0044    97.2581 1.0000e-12  -64.57374  -65.34872 329.867643      99.98 4.3543e+02    687.335      16497  1028.5695  1028.5679    34.5246    34.5226    7.87159         29 0.0000e+00
    190.000    188.057     0.8186  29.467837     0.8192  29.466895     4.9317     4.9099     0.0037    97.2491 1.0000e-12  -64.57374  -65.34872 329.867657      99.98 4.3439e+02    688.552      16526  1028.5754  1028.5739    34.5277    34.5258    7.86810         29 0.0000e+00
    191.000    189.046     0.8333  29.483017     0.8337  29.481843     4.9050     4.8923     0.0022    97.2465 1.0000e-12  -64.57374  -65.34872 329.867670      99.97 4.3366e+02    689.675      16553  1028.5812  1028.5795    34.5305    34.5285    7.86499         25 0.0000e+00
    192.000    190.034     0.8428  29.493145     0.8435  29.492196     4.8894     4.8744    -0.0014    97.2436 1.0000e-12  -64.57375  -65.34871 329.867682      99.98 4.3367e+02    690.687      16577  1028.5868  1028.5852    34.5325    34.5304    7.86296         23 0.0000e+00
    193.000    191.024     0.8567  29.508004     0.8574  29.506934     4.8855     4.8653    -0.0004    97.2450 1.0000e-12  -64.57376  -65.34870 329.867692      99.98 4.3367e+02    691.620      16600  1028.5930  1028.5913    34.5356    34.5335    7.85998         22 0.0000e+00
    194.000    192.014     0.8727  29.524477     0.8735  29.523656     4.8835     4.8624    -0.0007    97.2593 1.0000e-12  -64.57375  -65.34870 329.867703      99.98 4.3299e+02    692.536      16622  1028.5988  1028.5972    34.5386    34.5366    7.85659         23 0.0000e+00
    195.000    193.004     0.8783  29.530528     0.8789  29.529227     4.8924     4.8636     0.0007    97.2601 1.0000e-12  -64.57374  -65.34870 329.867715      99.98 4.3193e+02    693.542      16646  1028.6041  1028.6022    34.5397    34.5373    7.85542         26 0.0000e+00
    196.000    193.992     0.8786  29.531301     0.8793  29.530326     4.9050     4.8564     0.0061    97.2557 1.0000e-12  -64.57374  -65.34871 329.867731      99.98 4.3191e+02    694.960      16680  1028.6091  1028.6075    34.5396    34.5376    7.85534         43 0.0000e+00
    197.000    194.982     0.8785  29.531171     0.8793  29.530758     4.8997     4.8536     0.0042    97.2638 1.0000e-12  -64.57374  -65.34871 329.867759      99.98 4.3191e+02    697.388      16738  1028.6139  1028.6126    34.5391    34.5376    7.85540         43 0.0000e+00
    198.000    195.971     0.8801  29.533742     0.8805  29.532753     4.8355     4.8144     0.0067    97.2674 1.0000e-12  -64.57375  -65.34870 329.867776      99.98 4.3191e+02    698.852      16773  1028.6194  1028.6180    34.5400    34.5382    7.85503         23 0.0000e+00
    199.000    196.959     0.8900  29.544801     0.8912  29.544462     4.8149     4.7920    -0.0060    97.2702 1.0000e-12  -64.57376  -65.34870 329.867786      99.98 4.3191e+02    699.680      16793  1028.6255  1028.6240    34.5427    34.5410    7.85289         19 0.0000e+00
    200.000    197.952     0.9276  29.582242     0.9289  29.581543     4.8104     4.7815    -0.0051    97.2904 1.0000e-12  -64.57376  -65.34870 329.867794      99.98 4.3191e+02    700.421      16811  1028.6315  1028.6296    34.5487    34.5464    7.84498         17 0.0000e+00
    201.000    198.939     0.9469  29.601111     0.9473  29.599839     4.7865     4.7739    -0.0004    97.2419 1.0000e-12  -64.57376  -65.34868 329.867803      99.98 4.3191e+02    701.163      16829  1028.6365  1028.6348    34.5511    34.5490    7.84097         19 0.0000e+00
    202.000    199.927     0.9573  29.611573     0.9576  29.610254     4.7871     4.7730    -0.0007    97.2631 1.0000e-12  -64.57376  -65.34868 329.867812      99.98 4.3191e+02    701.979      16848  1028.6416  1028.6399    34.5525    34.5505    7.83882         21 0.0000e+00
    203.000    200.916     0.9592  29.613998     0.9597  29.612795     4.8116     4.7730    -0.0122    97.2342 1.0000e-12  -64.57375  -65.34869 329.867825      99.98 4.3191e+02    703.069      16875  1028.6468  1028.6450    34.5529    34.5508    7.83841         31 0.0000e+00
    204.000    201.907     0.9607  29.615988     0.9613  29.614881     4.8079     4.7711    -0.0054    97.2791 1.0000e-12  -64.57374  -65.34870 329.867851      99.98 4.3351e+02    705.339      16929  1028.6521  1028.6504    34.5532    34.5511    7.83808         45 0.0000e+00
    205.000    202.896     0.9623  29.617727     0.9625  29.616433     4.8068     4.7585    -0.0124    97.3049 1.0000e-12  -64.57375  -65.34869 329.867878      99.98 4.3368e+02    707.628      16984  1028.6570  1028.6555    34.5531    34.5512    7.83777         30 0.0000e+00
    206.000    203.885     0.9630  29.618933     0.9634  29.617742     4.8020     4.7576    -0.0151    97.3004 1.0000e-12  -64.57376  -65.34868 329.867888      99.98 4.3367e+02    708.499      17005  1028.6620  1028.6603    34.5533    34.5513    7.83762         18 0.0000e+00
    207.000    204.876     0.9632  29.619604     0.9637  29.618517     4.7967     4.7520    -0.0125    97.3021 1.0000e-12  -64.57376  -65.34868 329.867896      99.98 4.3367e+02    709.176      17021  1028.6668  1028.6652    34.5533    34.5514    7.83758         15 0.0000e+00
    208.000    205.862     0.9663  29.623500     0.9670  29.622398     4.7833     4.7450    -0.0076    97.3124 1.0000e-12  -64.57376  -65.34868 329.867903      99.97 4.3367e+02    709.789      17036  1028.6720  1028.6703    34.5543    34.5522    7.83689         14 0.0000e+00
    209.000    206.853     0.9738  29.631426     0.9740  29.630185     4.7831     4.7459    -0.0036    97.3128 1.0000e-12  -64.57376  -65.34868 329.867910      99.98 4.3367e+02    710.389      17050  1028.6772  1028.6757    34.5557    34.5538    7.83533         16 0.0000e+00
    210.000    207.842     0.9779  29.636102     0.9786  29.635174     4.7902     4.7454    -0.0006    97.3030 1.0000e-12  -64.57376  -65.34868 329.867918      99.98 4.3367e+02    711.135      17068  1028.6823  1028.6807    34.5565    34.5546    7.83444         22 0.0000e+00
    211.000    208.831     0.9773  29.635939     0.9784  29.635423     4.7839     4.7385    -0.0035    97.2979 1.0000e-12  -64.57376  -65.34868 329.867949      99.98 4.3367e+02    713.795      17132  1028.6873  1028.6857    34.5564    34.5545    7.83458         38 0.0000e+00
    212.000    209.820     0.9826  29.641763     0.9833  29.640965     4.7764     4.7296    -0.0042    97.3220 1.0000e-12  -64.57376  -65.34868 329.867974      99.98 4.3367e+02    715.929      17183  1028.6926  1028.6910    34.5575    34.5556    7.83346         23 0.0000e+00
    213.000    210.809     0.9919  29.652366     0.9934  29.652136     4.7553     4.7134    -0.0004    97.3194 1.0000e-12  -64.57376  -65.34868 329.867982      99.98 4.3367e+02    716.684      17201  1028.6986  1028.6970    34.5603    34.5583    7.83145         18 0.0000e+00
    214.000    211.799     0.9978  29.658835     0.9979  29.657554     4.7188     4.6942    -0.0004    97.3176 1.0000e-12  -64.57376  -65.34868 329.867991      99.97 4.3367e+02    717.426      17219  1028.7038  1028.7024    34.5614    34.5596    7.83019         18 0.0000e+00
    215.000    212.788     1.0028  29.665754     1.0030  29.664350     4.6959     4.6788    -0.0060    97.3176 1.0000e-12  -64.57376  -65.34868 329.868000      99.98 4.3367e+02    718.188      17238  1028.7103  1028.7088    34.5642    34.5622    7.82903         19 0.0000e+00
    216.000    213.779     1.0367  29.700300     1.0373  29.699048     4.6972     4.6732    -0.0079    97.3176 1.0000e-12  -64.57376  -65.34868 329.868011      99.98 4.3367e+02    719.164      17261  1028.7169  1028.7151    34.5705    34.5682    7.82190         29 0.0000e+00
    217.000    214.765     1.0464  29.710619     1.0481  29.710580     4.6908     4.6612    -0.0054    97.3020 1.0000e-12  -64.57376  -65.34867 329.868032      99.98 4.3234e+02    720.957      17304  1028.7227  1028.7209    34.5725    34.5705    7.81986         35 0.0000e+00
    218.000    215.755     1.0589  29.723083     1.0583  29.721146     4.6774     4.6531    -0.0079    97.2764 1.0000e-12  -64.57376  -65.34866 329.868055      99.98 4.3188e+02    722.992      17353  1028.7279  1028.7264    34.5741    34.5722    7.81728         32 0.0000e+00
    219.000    216.746     1.0641  29.729035     1.0645  29.727873     4.6811     4.6545    -0.0002    97.2880 1.0000e-12  -64.57376  -65.34866 329.868067      99.97 4.3019e+02    723.946      17376  1028.7333  1028.7317    34.5753    34.5734    7.81616         19 0.0000e+00
    220.000    217.732     1.0642  29.729750     1.0646  29.728603     4.6858     4.6567    -0.0054    97.3139 1.0000e-12  -64.57376  -65.34866 329.868075      99.98 4.3014e+02    724.705      17394  1028.7383  1028.7368    34.5756    34.5737    7.81613         18 0.0000e+00
    221.000    218.725     1.0640  29.729985     1.0644  29.728814     4.7102     4.6603    -0.0077    97.3147 1.0000e-12  -64.57376  -65.34866 329.868084      99.97 4.3014e+02    725.444      17412  1028.7432  1028.7416    34.5755    34.5736    7.81618         18 0.0000e+00
    222.000    219.713     1.0626  29.729142     1.0629  29.727877     4.7078     4.6686    -0.0077    97.2957 1.0000e-12  -64.57376  -65.34866 329.868093      99.98 4.2999e+02    726.268      17431  1028.7480  1028.7465    34.5754    34.5735    7.81646         23 0.0000e+00
    223.000    220.701     1.0554  29.723152     1.0562  29.722304     4.7264     4.6694    -0.0030    97.3100 1.0000e-12  -64.57376  -65.34866 329.868108      99.98 4.2849e+02    727.551      17462  1028.7533  1028.7517    34.5751    34.5731    7.81791         37 0.0000e+00
    224.000    221.690     1.0519  29.720515     1.0525  29.719417     4.7081     4.6643    -0.0078    97.2967 1.0000e-12  -64.57376  -65.34866 329.868133      99.98 4.2782e+02    729.706      17514  1028.7584  1028.7568    34.5750    34.5729    7.81862         45 0.0000e+00
    225.000    222.681     1.0527  29.721964     1.0532  29.720839     4.6720     4.6406    -0.0161    97.2995 1.0000e-12  -64.57376  -65.34864 329.868151      99.98 4.2659e+02    731.252      17551  1028.7635  1028.7619    34.5754    34.5734    7.81844         27 0.0000e+00
    226.000    223.668     1.0631  29.733127     1.0640  29.732396     4.6727     4.6415    -0.0121    97.2041 1.0000e-12  -64.57376  -65.34864 329.868162      99.98 4.2662e+02    732.228      17574  1028.7690  1028.7674    34.5776    34.5757    7.81624         22 0.0000e+00
    227.000    224.658     1.0810  29.750971     1.0821  29.750562     4.6712     4.6421    -0.0060    96.8787 1.0000e-12  -64.57376  -65.34864 329.868174      99.98 4.2662e+02    733.203      17598  1028.7741  1028.7726    34.5802    34.5784    7.81253         25 0.0000e+00
    228.000    225.647     1.0719  29.743169     1.0724  29.742167     4.6911     4.6434    -0.0148    97.1464 1.0000e-12  -64.57376  -65.34864 329.868186      99.98 4.2662e+02    734.286      17624  1028.7794  1028.7779    34.5797    34.5778    7.81438         28 0.0000e+00
    229.000    226.636     1.0681  29.740328     1.0690  29.739516     4.6885     4.6404    -0.0116    97.2469 1.0000e-12  -64.57376  -65.34864 329.868200      99.98 4.2544e+02    735.517      17653  1028.7846  1028.7829    34.5797    34.5776    7.81514         30 0.0000e+00
    230.000    227.625     1.0708  29.743707     1.0714  29.742846     4.6817     4.6411    -0.0077    97.2480 1.0000e-12  -64.57376  -65.34864 329.868215      99.98 4.2485e+02    736.765      17683  1028.7897  1028.7881    34.5804    34.5785    7.81456         30 0.0000e+00
    231.000    228.615     1.0794  29.752648     1.0800  29.751550     4.6843     4.6341    -0.0077    97.2643 1.0000e-12  -64.57376  -65.34864 329.868229      99.98 4.2485e+02    737.968      17712  1028.7947  1028.7930    34.5818    34.5797    7.81276         27 0.0000e+00
    232.000    229.604     1.0801  29.754023     1.0804  29.752720     4.6507     4.6237    -0.0133    97.2715 1.0000e-12  -64.57376  -65.34864 329.868242      99.98 4.2485e+02    739.142      17740  1028.7998  1028.7981    34.5821    34.5801    7.81259         29 0.0000e+00
    233.000    230.593     1.0817  29.756340     1.0845  29.757370     4.6438     4.6172    -0.0090    97.2539 1.0000e-12  -64.57376  -65.34864 329.868256      99.98 4.2485e+02    740.325      17769  1028.8049  1028.8032    34.5828    34.5810    7.81224         28 0.0000e+00
    234.000    231.583     1.0978  29.772150     1.0984  29.771202     4.6467     4.6148    -0.0145    97.2587 1.0000e-12  -64.57376  -65.34864 329.868269      99.98 4.2485e+02    741.476      17796  1028.8097  1028.8080    34.5847    34.5828    7.80893         28 0.0000e+00
    235.000    232.570     1.0992  29.774222     1.0999  29.773362     4.6397     4.6086    -0.0081    97.2660 1.0000e-12  -64.57376  -65.34864 329.868283      99.98 4.2485e+02    742.664      17825  1028.8147  1028.8131    34.5852    34.5833    7.80862         30 0.0000e+00
