NBP2113_155081_ctd/data/dnbp2113_062.cnv
* Sea-Bird SBE 9 Data File:
* FileName = D:\Data\raw\NBP2113_062.hex
* Software Version Seasave V 7.26.7.121
* Temperature SN = 2438
* Conductivity SN = 2067
* Number of Bytes Per Scan = 40
* Number of Voltage Words = 5
* Number of Scans Averaged by the Deck Unit = 1
* NMEA Latitude = 64 46.58 S
* NMEA Longitude = 063 03.86 W
* NMEA UTC (Time) = Dec 14 2021  03:19:35
* NMEA baud rate = 9600
** Ship: RVIB N.B. Palmer
** Cruise: NBP2113 LTER
** Station: 654.003
** Operator: B. Urmston
# nquan = 25
# nvalues = 283                         
# units = specified
# name 0 = prDM: Pressure, Digiquartz [db]
# name 1 = depSM: Depth [salt water, m]
# name 2 = t090C: Temperature [ITS-90, deg C]
# name 3 = c0mS/cm: Conductivity [mS/cm]
# name 4 = t190C: Temperature, 2 [ITS-90, deg C]
# name 5 = c1mS/cm: Conductivity, 2 [mS/cm]
# name 6 = sbeox0ML/L: Oxygen, SBE 43 [ml/l]
# name 7 = sbeox1ML/L: Oxygen, SBE 43, 2 [ml/l]
# name 8 = flECO-AFL: Fluorescence, WET Labs ECO-AFL/FL [mg/m^3]
# name 9 = CStarTr0: Beam Transmission, WET Labs C-Star [%]
# name 10 = par: PAR/Irradiance, Biospherical/Licor
# name 11 = latitude: Latitude [deg]
# name 12 = longitude: Longitude [deg]
# name 13 = timeJ: Julian Days
# name 14 = altM: Altimeter [m]
# name 15 = spar: SPAR, Biospherical/Licor
# name 16 = timeS: Time, Elapsed [seconds]
# name 17 = scan: Scan Count
# name 18 = density00: Density [density, kg/m^3]
# name 19 = density11: Density, 2 [density, kg/m^3]
# name 20 = sal00: Salinity, Practical [PSU]
# name 21 = sal11: Salinity, Practical, 2 [PSU]
# name 22 = oxsolML/L: Oxygen Saturation, Garcia & Gordon [ml/l]
# name 23 = nbin: number of scans per bin
# name 24 = flag: flag
# span 0 =      2.000,    284.000       
# span 1 =      1.981,    281.028       
# span 2 =    -0.3813,     0.7932       
# span 3 =  28.218995,  29.410837       
# span 4 =    -0.3817,     0.7871       
# span 5 =  28.223015,  29.405325       
# span 6 =     4.9871,     6.9303       
# span 7 =     5.0664,     6.9799       
# span 8 =    -0.0171,     1.3754       
# span 9 =    85.0931,    90.8378       
# span 10 = 1.0000e-12, 1.3246e+00      
# span 11 =  -64.77637,  -64.77622      
# span 12 =  -63.06549,  -63.06461      
# span 13 = 348.142004, 348.149249      
# span 14 =      10.04,      99.98      
# span 15 = 0.0000e+00, 0.0000e+00      
# span 16 =    294.171,    920.111      
# span 17 =       7061,      22084      
# span 18 =  1027.2915,  1029.0691      
# span 19 =  1027.2934,  1029.0676      
# span 20 =    33.9749,    34.5101      
# span 21 =    33.9720,    34.5097      
# span 22 =    7.87425,    8.11932      
# span 23 =          8,         75      
# span 24 = 0.0000e+00, 0.0000e+00      
# interval = decibars: 1                
# start_time = Dec 14 2021 03:19:35 [NMEA time, header]
# bad_flag = -9.990e-29
*END*
      2.000      1.981    -0.0553  28.218995    -0.0446  28.230142     6.9303     6.9799     1.2523    85.1073 1.3246e+00  -64.77637  -63.06461 348.142004      99.97 0.0000e+00    294.171       7061  1027.2915  1027.2935    33.9749    33.9777    8.07955          8 0.0000e+00
      3.000      2.970    -0.0476  28.226342    -0.0485  28.223015     6.9032     6.9769     1.3754    85.0931 1.1173e+00  -64.77636  -63.06462 348.142084      99.97 0.0000e+00    301.044       7226  1027.2959  1027.2934    33.9755    33.9720    8.07790         32 0.0000e+00
      4.000      3.959    -0.0439  28.231142    -0.0435  28.229667     6.9075     6.9609     1.3736    85.1062 9.2127e-01  -64.77636  -63.06462 348.142129      99.96 0.0000e+00    304.937       7319  1027.3017  1027.2999    33.9771    33.9747    8.07702         31 0.0000e+00
      5.000      4.950    -0.0349  28.244116    -0.0346  28.241680     6.8525     6.9323     1.3413    85.1419 7.6749e-01  -64.77636  -63.06464 348.142172      99.96 0.0000e+00    308.635       7408  1027.3111  1027.3084    33.9837    33.9801    8.07475         38 0.0000e+00
      6.000      5.940    -0.0149  28.272773    -0.0163  28.268635     6.8125     6.9108     1.2952    85.2334 6.4530e-01  -64.77636  -63.06464 348.142205      99.97 0.0000e+00    311.498       7477  1027.3267  1027.3238    33.9989    33.9949    8.06967         35 0.0000e+00
      7.000      6.931    -0.0013  28.292988    -0.0042  28.286835     6.7978     6.8836     1.2608    85.3498 5.6025e-01  -64.77636  -63.06464 348.142235      99.96 0.0000e+00    314.128       7540  1027.3397  1027.3358    34.0100    34.0050    8.06618         39 0.0000e+00
      8.000      7.920     0.0076  28.306944     0.0065  28.303310     6.7825     6.8737     1.3173    85.4308 4.8453e-01  -64.77636  -63.06466 348.142265      99.97 0.0000e+00    316.702       7602  1027.3504  1027.3476    34.0179    34.0143    8.06384         41 0.0000e+00
      9.000      8.915     0.0121  28.313469     0.0118  28.310289     6.7777     6.8611     1.3700    85.5144 4.1938e-01  -64.77636  -63.06466 348.142295      99.97 0.0000e+00    319.305       7664  1027.3576  1027.3545    34.0210    34.0171    8.06273         34 0.0000e+00
     10.000      9.902     0.0164  28.319746     0.0170  28.318395     6.7880     6.8557     1.2265    85.5838 3.6955e-01  -64.77636  -63.06466 348.142326      99.97 0.0000e+00    321.927       7727  1027.3645  1027.3626    34.0239    34.0215    8.06166         42 0.0000e+00
     11.000     10.892     0.0226  28.327792     0.0221  28.325311     6.7779     6.8516     1.2693    85.6190 3.2432e-01  -64.77636  -63.06466 348.142355      99.97 0.0000e+00    324.493       7789  1027.3716  1027.3694    34.0271    34.0243    8.06018         37 0.0000e+00
     12.000     11.882     0.0240  28.330306     0.0239  28.327748     6.7778     6.8521     1.2262    85.7110 2.8613e-01  -64.77636  -63.06467 348.142385      99.97 0.0000e+00    327.069       7851  1027.3773  1027.3747    34.0282    34.0249    8.05981         41 0.0000e+00
     13.000     12.875     0.0265  28.333286     0.0265  28.331234     6.7753     6.8509     1.1950    85.7655 2.5194e-01  -64.77636  -63.06468 348.142416      99.97 0.0000e+00    329.707       7914  1027.3825  1027.3803    34.0288    34.0261    8.05926         33 0.0000e+00
     14.000     13.862     0.0267  28.333898     0.0272  28.332795     6.7764     6.8495     1.1997    85.7919 2.2140e-01  -64.77636  -63.06468 348.142447      99.97 0.0000e+00    332.381       7978  1027.3873  1027.3857    34.0287    34.0268    8.05921         42 0.0000e+00
     15.000     14.853     0.0266  28.333901     0.0277  28.333648     6.7725     6.8398     1.2046    85.8201 1.9484e-01  -64.77636  -63.06468 348.142479      99.96 0.0000e+00    335.162       8045  1027.3919  1027.3904    34.0283    34.0267    8.05927         37 0.0000e+00
     16.000     15.843     0.0328  28.342718     0.0320  28.339786     6.7690     6.8421     1.2833    85.8563 1.7150e-01  -64.77635  -63.06469 348.142512      99.97 0.0000e+00    338.005       8113  1027.3996  1027.3972    34.0325    34.0294    8.05773         41 0.0000e+00
     17.000     16.833     0.0355  28.347101     0.0350  28.344601     6.7653     6.8411     1.1517    85.9000 1.5111e-01  -64.77634  -63.06470 348.142545      99.97 0.0000e+00    340.848       8181  1027.4059  1027.4037    34.0347    34.0318    8.05704         38 0.0000e+00
     18.000     17.822     0.0389  28.352466     0.0381  28.349779     6.7572     6.8390     1.1906    85.8817 1.3278e-01  -64.77634  -63.06470 348.142577      99.97 0.0000e+00    343.690       8250  1027.4127  1027.4106    34.0373    34.0346    8.05616         40 0.0000e+00
     19.000     18.811     0.0393  28.353816     0.0396  28.352567     6.7577     6.8369     1.2124    85.9275 1.1685e-01  -64.77634  -63.06470 348.142610      99.97 0.0000e+00    346.536       8318  1027.4181  1027.4165    34.0381    34.0360    8.05604         45 0.0000e+00
     20.000     19.806     0.0426  28.359211     0.0419  28.356554     6.7498     6.8298     1.2099    85.9564 1.0250e-01  -64.77634  -63.06471 348.142643      99.97 0.0000e+00    349.356       8386  1027.4250  1027.4228    34.0410    34.0381    8.05519         31 0.0000e+00
     21.000     20.796     0.0435  28.361306     0.0439  28.359994     6.7633     6.8233     1.1548    85.9866 8.9533e-02  -64.77634  -63.06472 348.142676      99.97 0.0000e+00    352.181       8453  1027.4307  1027.4289    34.0421    34.0399    8.05493         27 0.0000e+00
     22.000     21.784     0.0445  28.363149     0.0445  28.361390     6.7540     6.8186     1.2245    85.9750 7.7760e-02  -64.77634  -63.06472 348.142709      99.97 0.0000e+00    355.012       8521  1027.4360  1027.4341    34.0428    34.0405    8.05467         28 0.0000e+00
     23.000     22.775     0.0464  28.366877     0.0464  28.364815     6.7476     6.8246     1.1555    86.0139 6.7433e-02  -64.77634  -63.06473 348.142742      99.97 0.0000e+00    357.901       8591  1027.4424  1027.4403    34.0450    34.0423    8.05415         30 0.0000e+00
     24.000     23.763     0.0484  28.370772     0.0482  28.368347     6.7484     6.8209     1.1758    86.0687 5.7541e-02  -64.77634  -63.06474 348.142775      99.97 0.0000e+00    360.781       8660  1027.4490  1027.4466    34.0474    34.0444    8.05360         33 0.0000e+00
     25.000     24.753     0.0472  28.371675     0.0480  28.370056     6.7348     6.8063     1.1897    86.1037 4.8482e-02  -64.77634  -63.06474 348.142808      99.97 0.0000e+00    363.623       8728  1027.4555  1027.4530    34.0493    34.0463    8.05374         27 0.0000e+00
     26.000     25.744     0.0415  28.369640     0.0422  28.368327     6.7046     6.7927     1.1935    86.1720 4.0360e-02  -64.77634  -63.06474 348.142842      99.97 0.0000e+00    366.555       8798  1027.4631  1027.4610    34.0523    34.0498    8.05476         29 0.0000e+00
     27.000     26.734     0.0370  28.366921     0.0385  28.366057     6.6844     6.7834     1.1876    86.2281 3.3008e-02  -64.77632  -63.06475 348.142875      99.97 0.0000e+00    369.431       8867  1027.4688  1027.4665    34.0531    34.0503    8.05567         34 0.0000e+00
     28.000     27.725     0.0328  28.365159     0.0330  28.363455     6.6685     6.7596     1.2815    86.3221 2.6231e-02  -64.77632  -63.06476 348.142908      99.97 0.0000e+00    372.290       8936  1027.4753  1027.4734    34.0549    34.0524    8.05646         27 0.0000e+00
     29.000     28.715     0.0245  28.361359     0.0273  28.360565     6.6555     6.7452     1.1666    86.4020 1.9887e-02  -64.77632  -63.06476 348.142942      99.97 0.0000e+00    375.188       9006  1027.4835  1027.4800    34.0585    34.0543    8.05800         26 0.0000e+00
     30.000     29.707     0.0235  28.361518     0.0236  28.359787     6.6175     6.7270     1.2085    86.5918 1.4623e-02  -64.77632  -63.06476 348.142976      99.96 0.0000e+00    378.101       9075  1027.4889  1027.4870    34.0592    34.0568    8.05817         32 0.0000e+00
     31.000     30.695     0.0106  28.357643     0.0124  28.356550     6.5387     6.6553     1.3036    86.7105 9.3948e-03  -64.77632  -63.06477 348.143010      99.96 0.0000e+00    381.037       9146  1027.5016  1027.4985    34.0678    34.0643    8.06040         36 0.0000e+00
     32.000     31.682    -0.0004  28.355721     0.0006  28.354041     6.4836     6.6015     1.1523    87.0128 4.9249e-03  -64.77632  -63.06478 348.143043      99.96 0.0000e+00    383.936       9215  1027.5143  1027.5115    34.0770    34.0736    8.06220         37 0.0000e+00
     33.000     32.672    -0.0032  28.365845    -0.0043  28.361190     6.3596     6.5126     1.0756    87.3409 9.1143e-04  -64.77632  -63.06478 348.143077      99.97 0.0000e+00    386.872       9286  1027.5319  1027.5280    34.0928    34.0879    8.06188         37 0.0000e+00
     34.000     33.663     0.0318  28.426188     0.0282  28.419384     6.2917     6.4367     1.0079    87.8450 2.3589e-05  -64.77632  -63.06479 348.143111      99.96 0.0000e+00    389.772       9356  1027.5664  1027.5627    34.1332    34.1282    8.05225         35 0.0000e+00
     35.000     34.654     0.0426  28.445314     0.0422  28.442948     6.3292     6.4235     0.8589    88.2659 1.0000e-12  -64.77632  -63.06480 348.143145      99.97 0.0000e+00    392.690       9426  1027.5807  1027.5787    34.1458    34.1432    8.04926         45 0.0000e+00
     36.000     35.644     0.0431  28.446751     0.0432  28.444750     6.3497     6.4209     0.7912    88.6774 1.0000e-12  -64.77632  -63.06480 348.143178      99.97 0.0000e+00    395.573       9495  1027.5862  1027.5841    34.1466    34.1439    8.04911         44 0.0000e+00
     37.000     36.634     0.0726  28.479217     0.0657  28.469127     6.3739     6.4355     0.7405    88.8010 1.0000e-12  -64.77632  -63.06480 348.143212      99.97 0.0000e+00    398.535       9566  1027.5964  1027.5926    34.1560    34.1504    8.04239         41 0.0000e+00
     38.000     37.624     0.0987  28.516339     0.0990  28.514065     6.3014     6.4002     0.6542    89.1747 1.0000e-12  -64.77632  -63.06482 348.143246      99.97 0.0000e+00    401.460       9636  1027.6153  1027.6125    34.1754    34.1720    8.03583         35 0.0000e+00
     39.000     38.615     0.0956  28.517355     0.0956  28.514756     6.2622     6.3670     0.6349    89.2919 1.0000e-12  -64.77632  -63.06482 348.143280      99.97 0.0000e+00    404.379       9706  1027.6241  1027.6213    34.1796    34.1762    8.03623         36 0.0000e+00
     40.000     39.605     0.1077  28.533463     0.1048  28.528095     6.2263     6.3270     0.6549    89.3339 1.0000e-12  -64.77632  -63.06482 348.143315      99.96 0.0000e+00    407.440       9780  1027.6340  1027.6310    34.1868    34.1829    8.03330         35 0.0000e+00
     41.000     40.598     0.1344  28.568496     0.1307  28.562284     6.2740     6.3451     0.5381    89.4230 1.0000e-12  -64.77632  -63.06484 348.143353      99.97 0.0000e+00    410.692       9858  1027.6498  1027.6467    34.2026    34.1987    8.02682         29 0.0000e+00
     42.000     41.583     0.1514  28.586962     0.1504  28.583671     6.3247     6.3765     0.5240    89.6016 1.0000e-12  -64.77630  -63.06484 348.143391      99.97 0.0000e+00    413.981       9937  1027.6575  1027.6549    34.2075    34.2042    8.02299         35 0.0000e+00
     43.000     42.574     0.1545  28.591962     0.1544  28.590117     6.2744     6.3591     0.4951    89.6648 1.0000e-12  -64.77630  -63.06484 348.143429      99.97 0.0000e+00    417.244      10015  1027.6645  1027.6626    34.2101    34.2078    8.02221         31 0.0000e+00
     44.000     43.566     0.1599  28.602722     0.1580  28.597363     6.1463     6.2806     0.4250    89.7254 1.0000e-12  -64.77630  -63.06484 348.143467      99.97 0.0000e+00    420.550      10094  1027.6751  1027.6715    34.2176    34.2127    8.02065         33 0.0000e+00
     45.000     44.552     0.1918  28.650265     0.1905  28.646226     6.0832     6.2103     0.4043    89.8308 1.0000e-12  -64.77630  -63.06486 348.143505      99.97 0.0000e+00    423.834      10173  1027.6991  1027.6961    34.2441    34.2403    8.01251         30 0.0000e+00
     46.000     45.549     0.1992  28.662331     0.1984  28.659004     6.0416     6.1587     0.3449    89.8711 1.0000e-12  -64.77630  -63.06486 348.143542      99.97 0.0000e+00    427.049      10250  1027.7094  1027.7065    34.2512    34.2477    8.01058         30 0.0000e+00
     47.000     46.538     0.2104  28.679191     0.2099  28.676056     6.0047     6.1103     0.3356    89.8687 1.0000e-12  -64.77630  -63.06487 348.143580      99.97 0.0000e+00    430.318      10329  1027.7209  1027.7180    34.2603    34.2567    8.00773         28 0.0000e+00
     48.000     47.526     0.2234  28.696148     0.2230  28.693165     5.9440     6.0583     0.3493    89.8569 1.0000e-12  -64.77630  -63.06488 348.143618      99.97 0.0000e+00    433.557      10406  1027.7308  1027.7281    34.2675    34.2641    8.00461         36 0.0000e+00
     49.000     48.514     0.2573  28.739882     0.2590  28.739678     5.8884     6.0061     0.3205    89.9177 1.0000e-12  -64.77630  -63.06488 348.143655      99.97 0.0000e+00    436.760      10483  1027.7486  1027.7467    34.2867    34.2846    7.99650         45 0.0000e+00
     50.000     49.508     0.2910  28.783746     0.2892  28.779094     5.8573     5.9661     0.2794    90.0485 1.0000e-12  -64.77630  -63.06489 348.143692      99.97 0.0000e+00    440.009      10561  1027.7669  1027.7637    34.3062    34.3021    7.98841         40 0.0000e+00
     51.000     50.497     0.3078  28.807080     0.3064  28.803112     5.8496     5.9477     0.2628    90.1268 1.0000e-12  -64.77630  -63.06490 348.143729      99.97 0.0000e+00    443.208      10638  1027.7800  1027.7771    34.3176    34.3138    7.98430         38 0.0000e+00
     52.000     51.484     0.3120  28.813250     0.3114  28.810223     5.8559     5.9428     0.2349    90.2009 1.0000e-12  -64.77630  -63.06490 348.143767      99.97 0.0000e+00    446.431      10715  1027.7872  1027.7845    34.3204    34.3170    7.98327         43 0.0000e+00
     53.000     52.474     0.3140  28.816351     0.3132  28.812637     5.8611     5.9389     0.1904    90.2534 1.0000e-12  -64.77630  -63.06491 348.143804      99.97 0.0000e+00    449.625      10792  1027.7931  1027.7900    34.3216    34.3176    7.98278         45 0.0000e+00
     54.000     53.465     0.3153  28.818404     0.3148  28.815746     5.8447     5.9289     0.1791    90.3092 1.0000e-12  -64.77630  -63.06492 348.143841      99.97 0.0000e+00    452.897      10871  1027.7986  1027.7962    34.3223    34.3193    7.98248         39 0.0000e+00
     55.000     54.451     0.3173  28.821283     0.3167  28.818899     5.8549     5.9221     0.1732    90.3114 1.0000e-12  -64.77630  -63.06492 348.143878      99.97 0.0000e+00    456.089      10947  1027.8040  1027.8021    34.3232    34.3207    7.98200         34 0.0000e+00
     56.000     55.444     0.3208  28.826416     0.3200  28.823673     5.8367     5.9144     0.1769    90.3613 1.0000e-12  -64.77630  -63.06493 348.143915      99.97 0.0000e+00    459.241      11023  1027.8104  1027.8083    34.3254    34.3227    7.98116         35 0.0000e+00
     57.000     56.434     0.3271  28.834581     0.3261  28.832073     5.8137     5.9008     0.1733    90.3406 1.0000e-12  -64.77630  -63.06494 348.143951      99.96 0.0000e+00    462.365      11098  1027.8173  1027.8156    34.3286    34.3263    7.97969         43 0.0000e+00
     58.000     57.421     0.3362  28.846158     0.3344  28.842739     5.7803     5.8751     0.1604    90.3294 1.0000e-12  -64.77630  -63.06494 348.143988      99.97 0.0000e+00    465.556      11174  1027.8251  1027.8231    34.3330    34.3305    7.97755         38 0.0000e+00
