NBP2113_155081_ctd/data/dnbp2113_009.cnv
* Sea-Bird SBE 9 Data File:
* FileName = D:\Data\raw\NBP2113_009.hex
* Software Version Seasave V 7.26.7.121
* Temperature SN = 2438
* Conductivity SN = 2067
* Number of Bytes Per Scan = 40
* Number of Voltage Words = 5
* Number of Scans Averaged by the Deck Unit = 1
* NMEA Latitude = 64 41.94 S
* NMEA Longitude = 065 01.96 W
* NMEA UTC (Time) = Nov 25 2021  18:20:06
* NMEA baud rate = 9600
** Ship: RVIB N.B. Palmer
** Cruise: NBP2113 LTER
** Station: 600.080
** Operator: S. Blackman
# nquan = 25
# nvalues = 99                          
# units = specified
# name 0 = prDM: Pressure, Digiquartz [db]
# name 1 = depSM: Depth [salt water, m]
# name 2 = t090C: Temperature [ITS-90, deg C]
# name 3 = c0mS/cm: Conductivity [mS/cm]
# name 4 = t190C: Temperature, 2 [ITS-90, deg C]
# name 5 = c1mS/cm: Conductivity, 2 [mS/cm]
# name 6 = sbeox0ML/L: Oxygen, SBE 43 [ml/l]
# name 7 = sbeox1ML/L: Oxygen, SBE 43, 2 [ml/l]
# name 8 = flECO-AFL: Fluorescence, WET Labs ECO-AFL/FL [mg/m^3]
# name 9 = CStarTr0: Beam Transmission, WET Labs C-Star [%]
# name 10 = par: PAR/Irradiance, Biospherical/Licor
# name 11 = latitude: Latitude [deg]
# name 12 = longitude: Longitude [deg]
# name 13 = timeJ: Julian Days
# name 14 = altM: Altimeter [m]
# name 15 = spar: SPAR, Biospherical/Licor
# name 16 = timeS: Time, Elapsed [seconds]
# name 17 = scan: Scan Count
# name 18 = density00: Density [density, kg/m^3]
# name 19 = density11: Density, 2 [density, kg/m^3]
# name 20 = sal00: Salinity, Practical [PSU]
# name 21 = sal11: Salinity, Practical, 2 [PSU]
# name 22 = oxsolML/L: Oxygen Saturation, Garcia & Gordon [ml/l]
# name 23 = nbin: number of scans per bin
# name 24 = flag: flag
# span 0 =      4.000,    102.000       
# span 1 =      3.961,    100.988       
# span 2 =    -0.4511,    -0.1387       
# span 3 =  28.039009,  28.441224       
# span 4 =    -0.4503,    -0.1355       
# span 5 =  28.037764,  28.437597       
# span 6 =     6.2828,     8.2275       
# span 7 =     6.3085,     8.1556       
# span 8 =     0.1313,     1.6562       
# span 9 =    88.6214,    97.0639       
# span 10 = 1.0111e-01, 2.1941e+02      
# span 11 =  -64.69912,  -64.69886      
# span 12 =  -65.03373,  -65.03292      
# span 13 = 329.767751, 329.771160      
# span 14 =       1.22,     100.31      
# span 15 = 5.3063e+02, 5.6766e+02      
# span 16 =    327.705,    622.242      
# span 17 =       7866,      14935      
# span 18 =  1027.3331,  1028.0321      
# span 19 =  1027.3300,  1028.0266      
# span 20 =    34.0027,    34.3028      
# span 21 =    33.9989,    34.2960      
# span 22 =    8.07863,    8.15457      
# span 23 =          7,         49      
# span 24 = 0.0000e+00, 0.0000e+00      
# interval = decibars: 1                
# start_time = Nov 25 2021 18:20:06 [NMEA time, header]
# bad_flag = -9.990e-29
*END*
[from data line 58]
     62.000     61.384    -0.3216  28.056090    -0.3201  28.054927     8.0783     7.9781     1.1663    92.2690 1.2881e+00  -64.69896  -65.03339 329.769778      99.97 5.5232e+02    502.794      12068  1027.6259  1027.6232    34.0185    34.0153    8.13369         30 0.0000e+00
     63.000     62.375    -0.3263  28.053514    -0.3253  28.052275     8.0236     7.9521     1.1127    92.2630 1.2014e+00  -64.69896  -65.03338 329.769816      99.97 5.5319e+02    506.092      12147  1027.6319  1027.6296    34.0197    34.0169    8.13462         38 0.0000e+00
     64.000     63.363    -0.3336  28.051004    -0.3322  28.049842     8.0225     7.9455     1.1963    92.2190 1.1234e+00  -64.69896  -65.03338 329.769832      99.97 5.5348e+02    507.497      12181  1027.6406  1027.6380    34.0239    34.0208    8.13594         35 0.0000e+00
     65.000     64.356    -0.3332  28.051718    -0.3324  28.050323     8.0310     7.9364     1.1411    92.4032 1.0376e+00  -64.69897  -65.03337 329.769875      99.97 5.5354e+02    511.232      12271  1027.6452  1027.6429    34.0238    34.0210    8.13586         38 0.0000e+00
     66.000     65.345    -0.3363  28.050860    -0.3376  28.048521     7.9752     7.8904     1.0120    92.6774 9.5602e-01  -64.69898  -65.03335 329.769921      99.97 5.5354e+02    515.179      12365  1027.6515  1027.6502    34.0255    34.0238    8.13643         37 0.0000e+00
     67.000     66.334    -0.3465  28.046952    -0.3470  28.045098     7.9917     7.8961     1.0647    92.7929 8.9144e-01  -64.69898  -65.03334 329.769938      99.97 5.5354e+02    516.666      12401  1027.6615  1027.6600    34.0311    34.0292    8.13830         34 0.0000e+00
     68.000     67.325    -0.3515  28.045681    -0.3514  28.044114     7.9375     7.8498     0.9295    93.1083 8.4488e-01  -64.69898  -65.03334 329.769984      99.97 5.5495e+02    520.637      12496  1027.6691  1027.6673    34.0344    34.0322    8.13918         31 0.0000e+00
     69.000     68.314    -0.3623  28.041892    -0.3626  28.039699     7.9233     7.8337     0.9423    93.3928 7.7676e-01  -64.69898  -65.03332 329.770026      99.97 5.5532e+02    524.218      12582  1027.6796  1027.6775    34.0408    34.0382    8.14112         30 0.0000e+00
     70.000     69.302    -0.3641  28.041054    -0.3631  28.039787     7.8998     7.8182     0.9550    93.5501 7.3916e-01  -64.69898  -65.03330 329.770059      99.97 5.5531e+02    527.061      12650  1027.6847  1027.6823    34.0411    34.0382    8.14150         33 0.0000e+00
     71.000     70.293    -0.3666  28.041319    -0.3651  28.039868     7.8942     7.8034     0.9118    93.5677 6.9529e-01  -64.69898  -65.03330 329.770077      99.97 5.5537e+02    528.634      12688  1027.6916  1027.6886    34.0437    34.0400    8.14188         39 0.0000e+00
     72.000     71.285    -0.3686  28.042886    -0.3683  28.041862     7.8198     7.7582     1.0059    93.5741 6.4458e-01  -64.69899  -65.03329 329.770130      99.97 5.5703e+02    533.227      12798  1027.6994  1027.6980    34.0473    34.0457    8.14209         43 0.0000e+00
     73.000     72.273    -0.3746  28.044968    -0.3735  28.043476     7.7559     7.6982     0.9389    93.6684 5.9753e-01  -64.69900  -65.03326 329.770165      99.97 5.5707e+02    536.213      12870  1027.7118  1027.7091    34.0563    34.0531    8.14287         40 0.0000e+00
     74.000     73.264    -0.3799  28.047429    -0.3788  28.046088     7.7505     7.7017     0.8642    93.8145 5.6137e-01  -64.69900  -65.03326 329.770185      99.97 5.5707e+02    537.955      12912  1027.7238  1027.7213    34.0649    34.0619    8.14351         40 0.0000e+00
     75.000     74.253    -0.3834  28.048612    -0.3833  28.047472     7.6925     7.6365     0.8731    94.1640 5.3140e-01  -64.69902  -65.03325 329.770235      99.97 5.5856e+02    542.274      13016  1027.7327  1027.7313    34.0698    34.0682    8.14399         30 0.0000e+00
     76.000     75.243    -0.3897  28.048380    -0.3889  28.046992     7.6808     7.6094     0.8828    94.3896 4.8897e-01  -64.69902  -65.03324 329.770264      99.97 5.5883e+02    544.840      13077  1027.7427  1027.7404    34.0759    34.0731    8.14498         47 0.0000e+00
     77.000     76.234    -0.3916  28.048664    -0.3907  28.047210     7.6623     7.5830     0.8549    94.4689 4.5976e-01  -64.69902  -65.03322 329.770300      99.97 5.5956e+02    547.888      13150  1027.7490  1027.7465    34.0779    34.0748    8.14529         35 0.0000e+00
     78.000     77.223    -0.4033  28.046399    -0.4023  28.045012     7.5793     7.5170     0.7860    94.5618 4.4253e-01  -64.69902  -65.03322 329.770332      99.97 5.6059e+02    550.684      13217  1027.7621  1027.7597    34.0873    34.0843    8.14724         35 0.0000e+00
     79.000     78.208    -0.4100  28.046581    -0.4079  28.045424     7.5403     7.4850     0.7654    94.6951 4.0824e-01  -64.69902  -65.03321 329.770373      99.97 5.6129e+02    554.216      13302  1027.7731  1027.7697    34.0945    34.0905    8.14827         23 0.0000e+00
     80.000     79.200    -0.4251  28.042370    -0.4239  28.041265     7.4202     7.3772     0.7011    95.0961 3.8451e-01  -64.69904  -65.03318 329.770411      99.98 5.6243e+02    557.503      13381  1027.7874  1027.7851    34.1051    34.1023    8.15089         42 0.0000e+00
     81.000     80.194    -0.4366  28.039009    -0.4357  28.037764     7.4219     7.3691     0.6314    95.1459 3.6223e-01  -64.69904  -65.03318 329.770430      99.97 5.6236e+02    559.112      13420  1027.7992  1027.7970    34.1130    34.1103    8.15291         42 0.0000e+00
     82.000     81.183    -0.4374  28.040229    -0.4365  28.038957     7.3933     7.3370     0.6202    95.2399 3.4074e-01  -64.69904  -65.03317 329.770475      99.98 5.6321e+02    563.062      13514  1027.8053  1027.8030    34.1149    34.1122    8.15298         31 0.0000e+00
     83.000     82.171    -0.4478  28.041641    -0.4470  28.040279     7.2253     7.2170     0.6036    95.4070 3.2249e-01  -64.69904  -65.03314 329.770522      99.97 5.6414e+02    567.134      13612  1027.8210  1027.8189    34.1278    34.1252    8.15446         38 0.0000e+00
     84.000     83.162    -0.4511  28.047164    -0.4503  28.045765     7.1979     7.1724     0.5242    95.5419 3.0396e-01  -64.69905  -65.03314 329.770540      99.97 5.6412e+02    568.618      13648  1027.8345  1027.8322    34.1384    34.1356    8.15457         38 0.0000e+00
     85.000     84.151    -0.4474  28.060223    -0.4466  28.058919     7.2272     7.1960     0.5521    95.6339 2.8569e-01  -64.69906  -65.03314 329.770564      99.97 5.6421e+02    570.751      13699  1027.8491  1027.8469    34.1511    34.1484    8.15304         26 0.0000e+00
     86.000     85.141    -0.4401  28.078698    -0.4398  28.075717     6.9802     6.9891     0.5110    95.9266 2.6917e-01  -64.69906  -65.03311 329.770631      99.98 5.6587e+02    576.501      13837  1027.8662  1027.8626    34.1672    34.1628    8.15057         35 0.0000e+00
     87.000     86.131    -0.4207  28.102841    -0.4204  28.101253     6.9614     6.9459     0.3916    96.0944 2.5481e-01  -64.69906  -65.03310 329.770647      99.97 5.6588e+02    577.942      13872  1027.8775  1027.8755    34.1771    34.1746    8.14583         29 0.0000e+00
     88.000     87.120    -0.4058  28.121856    -0.4049  28.120552     7.0164     6.9685     0.3967    96.1463 2.3974e-01  -64.69906  -65.03310 329.770665      99.98 5.6588e+02    579.426      13907  1027.8878  1027.8855    34.1852    34.1824    8.14217         38 0.0000e+00
     89.000     88.111    -0.4107  28.116916    -0.4125  28.111686     6.8753     6.8503     0.4085    95.9912 2.2349e-01  -64.69906  -65.03306 329.770741      99.98 5.6588e+02    586.027      14066  1027.8919  1027.8880    34.1834    34.1785    8.14332         39 0.0000e+00
     90.000     89.100    -0.3977  28.140713    -0.3973  28.139057     6.7771     6.7889     0.3527    96.2186 2.1055e-01  -64.69908  -65.03306 329.770756      99.98 5.6659e+02    587.341      14097  1027.9092  1027.9070    34.2001    34.1975    8.13958         32 0.0000e+00
     91.000     90.091    -0.3853  28.161031    -0.3852  28.159269     6.8436     6.8000     0.3565    96.3429 1.9970e-01  -64.69908  -65.03304 329.770773      99.98 5.6766e+02    588.767      14131  1027.9234  1027.9214    34.2127    34.2103    8.13620         35 0.0000e+00
     92.000     91.080    -0.3922  28.153381    -0.3930  28.148460     6.8105     6.7675     0.3134    96.4428 1.8539e-01  -64.69908  -65.03302 329.770839      99.97 5.6765e+02    594.516      14269  1027.9266  1027.9220    34.2097    34.2039    8.13786         38 0.0000e+00
     93.000     92.070    -0.3947  28.155966    -0.3938  28.154834     6.8121     6.7357     0.3364    96.5437 1.7222e-01  -64.69908  -65.03301 329.770869      99.97 5.6765e+02    597.059      14330  1027.9362  1027.9341    34.2153    34.2128    8.13807         44 0.0000e+00
     94.000     93.060    -0.4023  28.150605    -0.3994  28.151553     6.7907     6.7117     0.3182    96.6590 1.6710e-01  -64.69908  -65.03300 329.770894      99.98 5.6765e+02    599.282      14384  1027.9422  1027.9404    34.2161    34.2141    8.13965         44 0.0000e+00
     95.000     94.047    -0.3927  28.162888    -0.3903  28.164773     6.7982     6.7059     0.3035    96.6506 1.5796e-01  -64.69908  -65.03299 329.770926      99.98 5.6765e+02    602.005      14449  1027.9503  1027.9499    34.2211    34.2209    8.13730         40 0.0000e+00
     96.000     95.038    -0.3592  28.200644    -0.3590  28.198888     6.5673     6.5527     0.2911    96.7623 1.4550e-01  -64.69910  -65.03296 329.770990      99.98 5.6765e+02    607.540      14582  1027.9625  1027.9604    34.2334    34.2307    8.12944         43 0.0000e+00
     97.000     96.028    -0.3161  28.250720    -0.3159  28.249301     6.5396     6.5196     0.2326    96.7838 1.3730e-01  -64.69910  -65.03296 329.771004      99.98 5.6765e+02    608.775      14612  1027.9786  1027.9769    34.2512    34.2491    8.11921         30 0.0000e+00
     98.000     97.019    -0.3054  28.263343    -0.3050  28.261447     6.5947     6.5458     0.2266    96.8283 1.2973e-01  -64.69910  -65.03296 329.771022      99.98 5.6765e+02    610.306      14648  1027.9863  1027.9840    34.2554    34.2525    8.11669         36 0.0000e+00
     99.000     98.008    -0.3007  28.268832    -0.3014  28.265772     6.5122     6.4606     0.3148    96.9117 1.2175e-01  -64.69911  -65.03293 329.771087      99.98 5.6765e+02    615.889      14782  1027.9926  1027.9901    34.2568    34.2536    8.11560         36 0.0000e+00
    100.000     98.998    -0.2645  28.310173    -0.2654  28.307694     6.2828     6.3085     0.2948    97.0092 1.1511e-01  -64.69912  -65.03292 329.771114      99.98 5.6765e+02    618.289      14840  1028.0063  1028.0044    34.2707    34.2684    8.10711         40 0.0000e+00
    101.000     99.986    -0.1815  28.401185    -0.1859  28.395900     6.3370     6.3311     0.1768    97.0176 1.0864e-01  -64.69912  -65.03292 329.771131      99.98 5.6765e+02    619.719      14874  1028.0269  1028.0256    34.2981    34.2960    8.08793         32 0.0000e+00
    102.000    100.988    -0.1387  28.441224    -0.1355  28.437597     6.7126     6.5305     0.1313    97.0639 1.0111e-01  -64.69912  -65.03292 329.771160      99.99 5.6765e+02    622.242      14935  1028.0321  1028.0266    34.3028    34.2943    8.07863          7 0.0000e+00
