NBP2113_155081_ctd/data/dnbp2113_032.cnv
* Sea-Bird SBE 9 Data File:
* FileName = D:\Data\raw\NBP2113_032.hex
* Software Version Seasave V 7.26.7.121
* Temperature SN = 2438
* Conductivity SN = 2067
* Number of Bytes Per Scan = 40
* Number of Voltage Words = 5
* Number of Scans Averaged by the Deck Unit = 1
* NMEA Latitude = 65 50.96 S
* NMEA Longitude = 071 22.70 W
* NMEA UTC (Time) = Dec 07 2021  06:49:20
* NMEA baud rate = 9600
** Ship: RVIB N.B. Palmer
** Cruise: NBP2113 LTER
** Station: 300.200
** Operator: B. Urmston
# nquan = 25
# nvalues = 3093                        
# units = specified
# name 0 = prDM: Pressure, Digiquartz [db]
# name 1 = depSM: Depth [salt water, m]
# name 2 = t090C: Temperature [ITS-90, deg C]
# name 3 = c0mS/cm: Conductivity [mS/cm]
# name 4 = t190C: Temperature, 2 [ITS-90, deg C]
# name 5 = c1mS/cm: Conductivity, 2 [mS/cm]
# name 6 = sbeox0ML/L: Oxygen, SBE 43 [ml/l]
# name 7 = sbeox1ML/L: Oxygen, SBE 43, 2 [ml/l]
# name 8 = flECO-AFL: Fluorescence, WET Labs ECO-AFL/FL [mg/m^3]
# name 9 = CStarTr0: Beam Transmission, WET Labs C-Star [%]
# name 10 = par: PAR/Irradiance, Biospherical/Licor
# name 11 = latitude: Latitude [deg]
# name 12 = longitude: Longitude [deg]
# name 13 = timeJ: Julian Days
# name 14 = altM: Altimeter [m]
# name 15 = spar: SPAR, Biospherical/Licor
# name 16 = timeS: Time, Elapsed [seconds]
# name 17 = scan: Scan Count
# name 18 = density00: Density [density, kg/m^3]
# name 19 = density11: Density, 2 [density, kg/m^3]
# name 20 = sal00: Salinity, Practical [PSU]
# name 21 = sal11: Salinity, Practical, 2 [PSU]
# name 22 = oxsolML/L: Oxygen Saturation, Garcia & Gordon [ml/l]
# name 23 = nbin: number of scans per bin
# name 24 = flag: flag
# span 0 =      9.000,   3101.000       
# span 1 =      8.909,   3048.007       
# span 2 =    -0.7633,     2.0337       
# span 3 =  27.690335,  30.764586       
# span 4 =    -0.7634,     2.0332       
# span 5 =  27.688916,  30.763305       
# span 6 =     3.8990,     8.1765       
# span 7 =     3.9450,     8.1945       
# span 8 =    -0.0250,     2.0418       
# span 9 =    90.3146,    96.2388       
# span 10 = 1.0000e-12, 1.0000e-12      
# span 11 =  -65.84928,  -65.84890      
# span 12 =  -71.37840,  -71.37776      
# span 13 = 341.286521, 341.332222      
# span 14 =      -5.76,     102.01      
# span 15 = 2.1537e+01, 7.7567e+01      
# span 16 =    195.450,   4143.939      
# span 17 =       4692,      99456      
# span 18 =  1027.2670,  1042.0899      
# span 19 =  1027.2651,  1042.0891      
# span 20 =    33.8768,    34.7304      
# span 21 =    33.8744,    34.7291      
# span 22 =    7.62252,    8.22958      
# span 23 =         12,         67      
# span 24 = 0.0000e+00, 0.0000e+00      
# interval = decibars: 1                
# start_time = Dec 07 2021 06:49:20 [NMEA time, header]
# bad_flag = -9.990e-29
*END*
[from data line 232]
    241.000    238.484     1.9401  30.488034     1.9380  30.485344     4.0438     4.0870     0.0164    95.9795 1.0000e-12  -65.84890  -71.37788 341.292022      99.97 5.4649e+01    670.745      16099  1028.7603  1028.7596    34.5639    34.5628    7.64502         33 0.0000e+00
    242.000    239.473     1.9353  30.484257     1.9353  30.483219     4.0436     4.0861     0.0308    96.0010 1.0000e-12  -65.84890  -71.37788 341.292038      99.97 5.4649e+01    672.052      16130  1028.7652  1028.7643    34.5638    34.5625    7.64593         29 0.0000e+00
    243.000    240.462     1.9350  30.484754     1.9348  30.483743     4.0252     4.0784     0.0172    95.9990 1.0000e-12  -65.84890  -71.37788 341.292050      99.97 5.4649e+01    673.156      16157  1028.7703  1028.7694    34.5642    34.5631    7.64598         24 0.0000e+00
    244.000    241.451     1.9412  30.492012     1.9408  30.490953     4.0235     4.0726     0.0166    95.9761 1.0000e-12  -65.84890  -71.37788 341.292061      99.98 5.4649e+01    674.111      16180  1028.7757  1028.7750    34.5660    34.5651    7.64470         22 0.0000e+00
    245.000    242.440     1.9538  30.505978     1.9529  30.504409     4.0218     4.0717     0.0161    95.9173 1.0000e-12  -65.84890  -71.37788 341.292071      99.98 5.4649e+01    674.973      16200  1028.7815  1028.7808    34.5692    34.5682    7.64210         20 0.0000e+00
    246.000    243.430     1.9620  30.514865     1.9620  30.513950     4.0176     4.0649     0.0124    95.9590 1.0000e-12  -65.84890  -71.37789 341.292081      99.98 5.4649e+01    675.780      16220  1028.7866  1028.7856    34.5708    34.5696    7.64044         19 0.0000e+00
    247.000    244.419     1.9618  30.515624     1.9610  30.514109     4.0068     4.0593     0.0175    95.9945 1.0000e-12  -65.84890  -71.37790 341.292090      99.98 5.4649e+01    676.585      16239  1028.7919  1028.7911    34.5715    34.5703    7.64045         20 0.0000e+00
    248.000    245.407     1.9698  30.524518     1.9688  30.522842     4.0088     4.0587     0.0150    95.9997 1.0000e-12  -65.84890  -71.37790 341.292100      99.98 5.4649e+01    677.466      16260  1028.7972  1028.7964    34.5733    34.5723    7.63881         23 0.0000e+00
    249.000    246.394     1.9748  30.530232     1.9735  30.527722     4.0166     4.0595     0.0149    95.9836 1.0000e-12  -65.84891  -71.37790 341.292123      99.98 5.5116e+01    679.394      16306  1028.8023  1028.8011    34.5744    34.5727    7.63778         33 0.0000e+00
    250.000    247.384     1.9747  30.530534     1.9739  30.529015     4.0068     4.0512     0.0155    96.0059 1.0000e-12  -65.84890  -71.37789 341.292167      99.97 5.6509e+01    683.205      16398  1028.8072  1028.8063    34.5744    34.5733    7.63782         30 0.0000e+00
    251.000    248.375     1.9776  30.534064     1.9773  30.532909     4.0033     4.0502     0.0142    95.9978 1.0000e-12  -65.84892  -71.37788 341.292176      99.97 5.6231e+01    684.009      16417  1028.8121  1028.8113    34.5751    34.5740    7.63722         20 0.0000e+00
    252.000    249.362     1.9757  30.533062     1.9749  30.531485     4.0061     4.0497     0.0034    95.9972 1.0000e-12  -65.84892  -71.37787 341.292185      99.97 5.5614e+01    684.790      16436  1028.8172  1028.8164    34.5753    34.5742    7.63758         18 0.0000e+00
    253.000    250.352     1.9759  30.535303     1.9752  30.533952     4.0054     4.0514     0.0269    96.0028 1.0000e-12  -65.84892  -71.37786 341.292193      99.97 5.5418e+01    685.486      16453  1028.8236  1028.8228    34.5774    34.5763    7.63743         16 0.0000e+00
    254.000    251.341     1.9785  30.538592     1.9779  30.537156     4.0046     4.0517     0.0148    96.0044 1.0000e-12  -65.84892  -71.37788 341.292201      99.97 5.5965e+01    686.139      16468  1028.8286  1028.8276    34.5781    34.5769    7.63690         16 0.0000e+00
    255.000    252.329     1.9815  30.542532     1.9809  30.540967     4.0033     4.0499     0.0003    95.9840 1.0000e-12  -65.84892  -71.37787 341.292208      99.97 5.6406e+01    686.783      16484  1028.8337  1028.8328    34.5791    34.5778    7.63625         15 0.0000e+00
    256.000    253.319     1.9813  30.543009     1.9811  30.541851     4.0014     4.0518     0.0084    95.8724 1.0000e-12  -65.84892  -71.37786 341.292216      99.97 5.6412e+01    687.464      16500  1028.8387  1028.8378    34.5794    34.5782    7.63628         18 0.0000e+00
    257.000    254.307     1.9789  30.541566     1.9784  30.540177     3.9987     4.0530     0.0114    95.9303 1.0000e-12  -65.84892  -71.37790 341.292226      99.97 5.6412e+01    688.355      16522  1028.8439  1028.8430    34.5796    34.5785    7.63673         27 0.0000e+00
    258.000    255.296     1.9791  30.542787     1.9786  30.541198     3.9958     4.0451     0.0106    96.0076 1.0000e-12  -65.84892  -71.37790 341.292251      99.97 5.6412e+01    690.481      16573  1028.8492  1028.8481    34.5804    34.5789    7.63666         42 0.0000e+00
    259.000    256.286     1.9844  30.549813     1.9839  30.548130     3.9888     4.0369     0.0103    95.9898 1.0000e-12  -65.84892  -71.37789 341.292281      99.98 5.6412e+01    693.039      16634  1028.8553  1028.8541    34.5828    34.5812    7.63551         42 0.0000e+00
    260.000    257.274     1.9880  30.555004     1.9878  30.553769     3.9850     4.0237     0.0046    96.0212 1.0000e-12  -65.84892  -71.37788 341.292302      99.98 5.6412e+01    694.882      16678  1028.8613  1028.8602    34.5848    34.5835    7.63471         28 0.0000e+00
    261.000    258.261     1.9898  30.557697     1.9894  30.556481     3.9801     4.0214     0.0136    96.0152 1.0000e-12  -65.84892  -71.37788 341.292312      99.98 5.6412e+01    695.803      16700  1028.8664  1028.8656    34.5856    34.5846    7.63431         19 0.0000e+00
    262.000    259.255     1.9957  30.565288     1.9954  30.564051     3.9737     4.0174     0.0187    96.0303 1.0000e-12  -65.84892  -71.37788 341.292321      99.98 5.6412e+01    696.550      16718  1028.8725  1028.8716    34.5881    34.5870    7.63305         17 0.0000e+00
    263.000    260.239     2.0024  30.573038     2.0025  30.572399     3.9706     4.0144     0.0186    96.0137 1.0000e-12  -65.84892  -71.37790 341.292329      99.98 5.6412e+01    697.241      16735  1028.8780  1028.8772    34.5900    34.5891    7.63168         17 0.0000e+00
    264.000    261.229     2.0060  30.577308     2.0065  30.577076     3.9666     4.0127     0.0176    96.0060 1.0000e-12  -65.84892  -71.37790 341.292338      99.98 5.6412e+01    697.963      16752  1028.8829  1028.8822    34.5908    34.5900    7.63093         18 0.0000e+00
    265.000    262.220     2.0106  30.582443     2.0102  30.581110     3.9643     4.0157     0.0116    96.0162 1.0000e-12  -65.84892  -71.37790 341.292348      99.98 5.6412e+01    698.871      16774  1028.8879  1028.8870    34.5917    34.5905    7.63001         27 0.0000e+00
    266.000    263.207     2.0145  30.586964     2.0138  30.585109     3.9650     4.0149     0.0067    95.9997 1.0000e-12  -65.84892  -71.37790 341.292367      99.98 5.6412e+01    700.531      16814  1028.8929  1028.8918    34.5925    34.5910    7.62922         41 0.0000e+00
    267.000    264.196     2.0185  30.592015     2.0194  30.592228     3.9551     4.0076     0.0062    96.0213 1.0000e-12  -65.84892  -71.37790 341.292389      99.98 5.6412e+01    702.431      16859  1028.8985  1028.8978    34.5940    34.5933    7.62838         31 0.0000e+00
    268.000    265.185     2.0256  30.601345     2.0252  30.600126     3.9561     4.0099     0.0147    96.0184 1.0000e-12  -65.84892  -71.37790 341.292401      99.97 5.6412e+01    703.449      16884  1028.9051  1028.9043    34.5973    34.5962    7.62684         22 0.0000e+00
    269.000    266.175     2.0247  30.601350     2.0243  30.600131     3.9615     4.0074     0.0029    96.0298 1.0000e-12  -65.84892  -71.37790 341.292412      99.98 5.6412e+01    704.374      16906  1028.9104  1028.9095    34.5978    34.5967    7.62700         24 0.0000e+00
    270.000    267.163     2.0233  30.600674     2.0230  30.599445     3.9543     4.0020     0.0159    96.0294 1.0000e-12  -65.84892  -71.37790 341.292427      99.98 5.6412e+01    705.723      16938  1028.9153  1028.9144    34.5978    34.5966    7.62725         35 0.0000e+00
    271.000    268.152     2.0223  30.600302     2.0221  30.599049     3.9652     4.0017     0.0112    96.0044 1.0000e-12  -65.84892  -71.37792 341.292456      99.98 5.7224e+01    708.174      16997  1028.9203  1028.9192    34.5980    34.5966    7.62745         38 0.0000e+00
    272.000    269.140     2.0213  30.600211     2.0209  30.598953     3.9625     4.0004     0.0131    96.0158 1.0000e-12  -65.84894  -71.37792 341.292471      99.97 5.8196e+01    709.529      17030  1028.9255  1028.9246    34.5983    34.5972    7.62761         23 0.0000e+00
    273.000    270.130     2.0210  30.600723     2.0206  30.599459     3.9589     4.0005     0.0120    96.0474 1.0000e-12  -65.84894  -71.37792 341.292481      99.97 5.8175e+01    710.366      17050  1028.9305  1028.9296    34.5987    34.5976    7.62765         19 0.0000e+00
    274.000    271.117     2.0201  30.600781     2.0197  30.599623     3.9590     4.0014     0.0091    96.0181 1.0000e-12  -65.84894  -71.37792 341.292490      99.97 5.8175e+01    711.124      17068  1028.9358  1028.9349    34.5992    34.5982    7.62780         17 0.0000e+00
    275.000    272.108     2.0196  30.601329     2.0191  30.600028     3.9534     4.0054     0.0004    96.0130 1.0000e-12  -65.84894  -71.37792 341.292498      99.97 5.8175e+01    711.853      17085  1028.9411  1028.9401    34.5999    34.5987    7.62787         18 0.0000e+00
    276.000    273.094     2.0194  30.602544     2.0191  30.601348     3.9531     4.0032     0.0007    96.0273 1.0000e-12  -65.84894  -71.37792 341.292507      99.98 5.8175e+01    712.618      17104  1028.9466  1028.9457    34.6010    34.5999    7.62783         19 0.0000e+00
    277.000    274.085     2.0186  30.603160     2.0182  30.601997     3.9588     3.9990    -0.0020    96.0179 1.0000e-12  -65.84894  -71.37792 341.292517      99.97 5.8175e+01    713.491      17125  1028.9523  1028.9515    34.6022    34.6011    7.62794         23 0.0000e+00
    278.000    275.074     2.0187  30.604157     2.0183  30.602911     3.9612     4.0027     0.0060    96.0220 1.0000e-12  -65.84894  -71.37792 341.292530      99.97 5.8175e+01    714.555      17150  1028.9574  1028.9566    34.6027    34.6016    7.62788         29 0.0000e+00
    279.000    276.062     2.0187  30.604959     2.0184  30.603787     3.9601     4.0041     0.0025    96.0287 1.0000e-12  -65.84894  -71.37792 341.292547      99.98 5.8175e+01    716.021      17186  1028.9624  1028.9616    34.6031    34.6020    7.62786         38 0.0000e+00
    280.000    277.050     2.0189  30.605079     2.0190  30.603846     3.9529     3.9927     0.0058    96.0253 1.0000e-12  -65.84894  -71.37796 341.292588      99.97 5.8175e+01    719.556      17270  1028.9666  1028.9653    34.6024    34.6008    7.62785         33 0.0000e+00
    281.000    278.040     2.0155  30.604532     2.0152  30.603224     3.9496     3.9905     0.0137    96.0302 1.0000e-12  -65.84894  -71.37796 341.292600      99.98 5.8175e+01    720.668      17297  1028.9736  1028.9726    34.6049    34.6036    7.62838         20 0.0000e+00
    282.000    279.030     2.0143  30.604303     2.0139  30.603090     3.9462     3.9942     0.0127    96.0068 1.0000e-12  -65.84894  -71.37796 341.292610      99.97 5.8175e+01    721.470      17316  1028.9788  1028.9779    34.6054    34.6043    7.62858         19 0.0000e+00
    283.000    280.018     2.0142  30.604906     2.0139  30.603739     3.9475     3.9955     0.0127    96.0204 1.0000e-12  -65.84894  -71.37796 341.292619      99.98 5.8175e+01    722.235      17335  1028.9837  1028.9829    34.6057    34.6046    7.62858         19 0.0000e+00
    284.000    281.006     2.0138  30.605488     2.0134  30.604199     3.9484     3.9905     0.0112    96.0239 1.0000e-12  -65.84894  -71.37796 341.292628      99.97 5.8175e+01    723.066      17355  1028.9889  1028.9880    34.6063    34.6051    7.62863         21 0.0000e+00
    285.000    281.995     2.0125  30.605002     2.0121  30.603864     3.9447     3.9895     0.0012    96.0443 1.0000e-12  -65.84894  -71.37796 341.292639      99.97 5.8175e+01    724.030      17378  1028.9940  1028.9932    34.6065    34.6056    7.62887         25 0.0000e+00
    286.000    282.983     2.0108  30.604107     2.0104  30.602788     3.9503     3.9873     0.0009    96.0390 1.0000e-12  -65.84894  -71.37796 341.292651      99.98 5.8175e+01    725.050      17402  1028.9989  1028.9980    34.6067    34.6054    7.62918         23 0.0000e+00
    287.000    283.973     2.0102  30.604077     2.0098  30.602753     3.9463     3.9871     0.0117    96.0419 1.0000e-12  -65.84894  -71.37796 341.292662      99.98 5.8175e+01    725.984      17425  1029.0037  1029.0028    34.6067    34.6055    7.62929         22 0.0000e+00
    288.000    284.961     2.0100  30.604407     2.0096  30.603221     3.9459     3.9909     0.0005    96.0222 1.0000e-12  -65.84894  -71.37796 341.292672      99.98 5.8175e+01    726.882      17446  1029.0085  1029.0077    34.6068    34.6058    7.62933         22 0.0000e+00
    289.000    285.950     2.0098  30.604751     2.0094  30.603497     3.9500     3.9912    -0.0015    96.0313 1.0000e-12  -65.84894  -71.37797 341.292685      99.98 5.8175e+01    727.958      17472  1029.0132  1029.0124    34.6069    34.6058    7.62937         31 0.0000e+00
    290.000    286.939     2.0097  30.605052     2.0091  30.603614     3.9418     3.9886     0.0029    96.0315 1.0000e-12  -65.84894  -71.37799 341.292714      99.97 5.8175e+01    730.500      17533  1029.0178  1029.0169    34.6069    34.6057    7.62940         41 0.0000e+00
    291.000    287.928     2.0074  30.603836     2.0068  30.602260     3.9359     3.9865     0.0028    96.0300 1.0000e-12  -65.84894  -71.37800 341.292739      99.97 5.8175e+01    732.625      17584  1029.0230  1029.0221    34.6072    34.6060    7.62981         27 0.0000e+00
    292.000    288.915     2.0048  30.601775     2.0044  30.600478     3.9392     3.9843     0.0014    96.0329 1.0000e-12  -65.84894  -71.37800 341.292749      99.97 5.8175e+01    733.497      17605  1029.0277  1029.0269    34.6069    34.6058    7.63032         20 0.0000e+00
    293.000    289.905     2.0011  30.599024     2.0007  30.597661     3.9462     3.9861    -0.0027    96.0451 1.0000e-12  -65.84894  -71.37800 341.292758      99.98 5.8175e+01    734.298      17624  1029.0328  1029.0318    34.6069    34.6056    7.63103         19 0.0000e+00
    294.000    290.894     1.9984  30.597143     1.9982  30.596116     3.9497     3.9852    -0.0062    96.0290 1.0000e-12  -65.84894  -71.37798 341.292767      99.98 5.8175e+01    735.094      17643  1029.0379  1029.0369    34.6070    34.6059    7.63155         20 0.0000e+00
    295.000    291.882     1.9959  30.595698     1.9960  30.594802     3.9485     3.9859     0.0009    96.0218 1.0000e-12  -65.84894  -71.37799 341.292778      99.98 5.8175e+01    735.989      17665  1029.0430  1029.0420    34.6073    34.6061    7.63201         24 0.0000e+00
    296.000    292.871     1.9946  30.594847     1.9943  30.593626     3.9377     3.9842     0.0107    95.9796 1.0000e-12  -65.84894  -71.37798 341.292790      99.97 5.8175e+01    737.100      17691  1029.0477  1029.0467    34.6072    34.6059    7.63228         30 0.0000e+00
    297.000    293.861     1.9911  30.592170     1.9904  30.590708     3.9357     3.9793     0.0002    96.0087 1.0000e-12  -65.84894  -71.37800 341.292806      99.97 5.8290e+01    738.425      17723  1029.0526  1029.0518    34.6070    34.6059    7.63295         31 0.0000e+00
