NBP2113_155081_ctd/data/dnbp2113_054.cnv
* Sea-Bird SBE 9 Data File:
* FileName = D:\Data\raw\NBP2113_054.hex
* Software Version Seasave V 7.26.7.121
* Temperature SN = 2438
* Conductivity SN = 2067
* Number of Bytes Per Scan = 40
* Number of Voltage Words = 5
* Number of Scans Averaged by the Deck Unit = 1
* NMEA Latitude = 64 52.85 S
* NMEA Longitude = 064 38.20 W
* NMEA UTC (Time) = Dec 11 2021  19:48:22
* NMEA baud rate = 9600
** Ship: RVIB N.B. Palmer
** Cruise: NBP2113 LTER
** Station: 597.052
** Operator: S. Blackman
# nquan = 25
# nvalues = 442                         
# units = specified
# name 0 = prDM: Pressure, Digiquartz [db]
# name 1 = depSM: Depth [salt water, m]
# name 2 = t090C: Temperature [ITS-90, deg C]
# name 3 = c0mS/cm: Conductivity [mS/cm]
# name 4 = t190C: Temperature, 2 [ITS-90, deg C]
# name 5 = c1mS/cm: Conductivity, 2 [mS/cm]
# name 6 = sbeox0ML/L: Oxygen, SBE 43 [ml/l]
# name 7 = sbeox1ML/L: Oxygen, SBE 43, 2 [ml/l]
# name 8 = flECO-AFL: Fluorescence, WET Labs ECO-AFL/FL [mg/m^3]
# name 9 = CStarTr0: Beam Transmission, WET Labs C-Star [%]
# name 10 = par: PAR/Irradiance, Biospherical/Licor
# name 11 = latitude: Latitude [deg]
# name 12 = longitude: Longitude [deg]
# name 13 = timeJ: Julian Days
# name 14 = altM: Altimeter [m]
# name 15 = spar: SPAR, Biospherical/Licor
# name 16 = timeS: Time, Elapsed [seconds]
# name 17 = scan: Scan Count
# name 18 = density00: Density [density, kg/m^3]
# name 19 = density11: Density, 2 [density, kg/m^3]
# name 20 = sal00: Salinity, Practical [PSU]
# name 21 = sal11: Salinity, Practical, 2 [PSU]
# name 22 = oxsolML/L: Oxygen Saturation, Garcia & Gordon [ml/l]
# name 23 = nbin: number of scans per bin
# name 24 = flag: flag
# span 0 =      4.000,    445.000       
# span 1 =      3.957,    440.162       
# span 2 =    -0.7140,     1.3400       
# span 3 =  27.403304,  30.125620       
# span 4 =    -0.7123,     1.3395       
# span 5 =  27.404470,  30.124093       
# span 6 =     4.2431,     8.1464       
# span 7 =     4.3004,     8.0854       
# span 8 =    -0.0224,     1.8496       
# span 9 =    83.6567,    91.4209       
# span 10 = 1.0000e-12, 2.2836e+02      
# span 11 =  -64.88096,  -64.88090      
# span 12 =  -64.63753,  -64.63672      
# span 13 = 345.829168, 345.837807      
# span 14 =       7.39,     110.54      
# span 15 = 4.7768e+02, 5.8487e+02      
# span 16 =    338.111,   1084.502      
# span 17 =       8116,      26029      
# span 18 =  1027.0587,  1029.8330      
# span 19 =  1027.0462,  1029.8317      
# span 20 =    33.6122,    34.6478      
# span 21 =    33.6113,    34.6464      
# span 22 =    7.75747,    8.24194      
# span 23 =          6,         49      
# span 24 = 0.0000e+00, 0.0000e+00      
# interval = decibars: 1                
# start_time = Dec 11 2021 19:48:22 [NMEA time, header]
# bad_flag = -9.990e-29
*END*
[from data line 348]
    352.000    348.254     1.2561  29.995510     1.2554  29.993719     4.3652     4.4231    -0.0113    91.2327 1.0000e-12  -64.88090  -64.63675 345.836304      99.96 5.2005e+02    954.700      22914  1029.3873  1029.3862    34.6273    34.6258    7.77516         38 0.0000e+00
    353.000    349.246     1.2558  29.995629     1.2553  29.994054     4.3641     4.4109    -0.0104    91.2341 1.0000e-12  -64.88092  -64.63676 345.836338      99.69 5.2184e+02    957.590      22983  1029.3920  1029.3909    34.6271    34.6257    7.77522         35 0.0000e+00
    354.000    350.231     1.2576  29.997751     1.2568  29.995969     4.3578     4.4060    -0.0076    91.2409 1.0000e-12  -64.88092  -64.63675 345.836353      98.79 5.2181e+02    958.915      23015  1029.3966  1029.3956    34.6273    34.6259    7.77485         25 0.0000e+00
    355.000    351.221     1.2595  30.000237     1.2596  29.999487     4.3569     4.4052    -0.0077    91.2527 1.0000e-12  -64.88092  -64.63674 345.836363      97.90 5.2246e+02    959.782      23036  1029.4015  1029.4006    34.6278    34.6268    7.77445         19 0.0000e+00
    356.000    352.211     1.2612  30.002594     1.2607  30.001191     4.3639     4.4078    -0.0068    91.2408 1.0000e-12  -64.88092  -64.63674 345.836372      97.54 5.2357e+02    960.537      23054  1029.4065  1029.4055    34.6283    34.6271    7.77408         17 0.0000e+00
    357.000    353.198     1.2610  30.003025     1.2606  30.001432     4.3567     4.4060     0.0000    91.2530 1.0000e-12  -64.88092  -64.63674 345.836381      96.01 5.2358e+02    961.297      23072  1029.4113  1029.4101    34.6285    34.6270    7.77411         19 0.0000e+00
    358.000    354.188     1.2607  30.002940     1.2605  30.001862     4.3583     4.4076    -0.0053    91.2633 1.0000e-12  -64.88092  -64.63674 345.836391      95.06 5.2358e+02    962.205      23094  1029.4158  1029.4149    34.6282    34.6270    7.77419         25 0.0000e+00
    359.000    355.175     1.2609  30.003690     1.2606  30.002395     4.3564     4.4108    -0.0077    91.2419 1.0000e-12  -64.88092  -64.63674 345.836404      94.84 5.2375e+02    963.338      23121  1029.4206  1029.4196    34.6283    34.6270    7.77413         30 0.0000e+00
    360.000    356.163     1.2612  30.004488     1.2608  30.002978     4.3560     4.4113    -0.0077    91.2466 1.0000e-12  -64.88092  -64.63676 345.836422      93.60 5.2528e+02    964.876      23158  1029.4254  1029.4243    34.6284    34.6270    7.77407         39 0.0000e+00
    361.000    357.152     1.2614  30.005028     1.2609  30.003584     4.3522     4.4114    -0.0094    91.2719 1.0000e-12  -64.88092  -64.63678 345.836446      92.38 5.2547e+02    966.971      23208  1029.4300  1029.4290    34.6284    34.6270    7.77405         38 0.0000e+00
    362.000    358.141     1.2617  30.005745     1.2613  30.004388     4.3504     4.4073    -0.0151    91.2691 1.0000e-12  -64.88092  -64.63676 345.836464      91.99 5.2700e+02    968.465      23244  1029.4346  1029.4337    34.6283    34.6271    7.77398         28 0.0000e+00
    363.000    359.129     1.2620  30.006476     1.2614  30.005154     4.3589     4.4065    -0.0128    91.2883 1.0000e-12  -64.88092  -64.63676 345.836475      90.85 5.2710e+02    969.437      23267  1029.4394  1029.4386    34.6284    34.6273    7.77393         20 0.0000e+00
    364.000    360.117     1.2625  30.007525     1.2624  30.006461     4.3650     4.4064    -0.0077    91.2649 1.0000e-12  -64.88092  -64.63676 345.836484      89.30 5.2710e+02    970.208      23286  1029.4441  1029.4432    34.6285    34.6273    7.77381         17 0.0000e+00
    365.000    361.107     1.2627  30.008176     1.2624  30.006965     4.3636     4.4077     0.0078    91.2664 1.0000e-12  -64.88092  -64.63677 345.836493      89.06 5.2710e+02    970.967      23304  1029.4489  1029.4479    34.6286    34.6274    7.77376         20 0.0000e+00
    366.000    362.095     1.2623  30.008265     1.2619  30.006836     4.3512     4.4055    -0.0017    91.2575 1.0000e-12  -64.88092  -64.63677 345.836506      87.74 5.2780e+02    972.159      23333  1029.4536  1029.4526    34.6286    34.6272    7.77385         36 0.0000e+00
    367.000    363.084     1.2638  30.010098     1.2633  30.008675     4.3465     4.4048    -0.0078    91.2815 1.0000e-12  -64.88092  -64.63675 345.836530      86.79 5.2891e+02    974.169      23381  1029.4583  1029.4573    34.6287    34.6275    7.77355         37 0.0000e+00
    368.000    364.071     1.2643  30.011248     1.2639  30.009974     4.3535     4.4023    -0.0132    91.2765 1.0000e-12  -64.88092  -64.63674 345.836543      85.95 5.2886e+02    975.349      23409  1029.4632  1029.4623    34.6291    34.6278    7.77343         23 0.0000e+00
    369.000    365.058     1.2639  30.011119     1.2633  30.009826     4.3529     4.4061    -0.0116    91.2558 1.0000e-12  -64.88092  -64.63674 345.836553      85.08 5.2980e+02    976.167      23429  1029.4677  1029.4670    34.6287    34.6278    7.77352         17 0.0000e+00
    370.000    366.050     1.2652  30.012865     1.2643  30.010996     4.3535     4.4054    -0.0077    91.2663 1.0000e-12  -64.88092  -64.63675 345.836561      84.10 5.3062e+02    976.849      23445  1029.4725  1029.4714    34.6290    34.6276    7.77326         16 0.0000e+00
    371.000    367.037     1.2661  30.014507     1.2653  30.012748     4.3514     4.4006    -0.0140    91.2664 1.0000e-12  -64.88092  -64.63676 345.836569      83.03 5.3063e+02    977.526      23462  1029.4775  1029.4764    34.6295    34.6281    7.77306         17 0.0000e+00
    372.000    368.025     1.2654  30.014261     1.2650  30.012828     4.3472     4.4029    -0.0102    91.2533 1.0000e-12  -64.88092  -64.63678 345.836587      81.91 5.3114e+02    979.156      23501  1029.4821  1029.4811    34.6294    34.6280    7.77319         34 0.0000e+00
    373.000    369.013     1.2664  30.015645     1.2663  30.014492     4.3454     4.3988    -0.0135    91.2407 1.0000e-12  -64.88092  -64.63678 345.836624      80.53 5.3247e+02    982.316      23577  1029.4868  1029.4857    34.6295    34.6281    7.77299         35 0.0000e+00
    374.000    370.002     1.2671  30.016826     1.2665  30.015329     4.3473     4.3944    -0.0150    91.2590 1.0000e-12  -64.88092  -64.63676 345.836636      79.87 5.3239e+02    983.366      23602  1029.4916  1029.4906    34.6296    34.6283    7.77284         23 0.0000e+00
    375.000    370.990     1.2681  30.018217     1.2677  30.016751     4.3474     4.4007    -0.0080    91.2666 1.0000e-12  -64.88092  -64.63674 345.836646      78.98 5.3299e+02    984.206      23622  1029.4962  1029.4952    34.6297    34.6283    7.77264         18 0.0000e+00
    376.000    371.979     1.2707  30.021407     1.2706  30.020520     4.3418     4.4022    -0.0072    91.2648 1.0000e-12  -64.88092  -64.63674 345.836654      77.98 5.3416e+02    984.904      23639  1029.5012  1029.5004    34.6303    34.6294    7.77209         16 0.0000e+00
    377.000    372.968     1.2704  30.021868     1.2693  30.019807     4.3450     4.3982    -0.0077    91.2647 1.0000e-12  -64.88092  -64.63674 345.836661      77.03 5.3415e+02    985.547      23654  1029.5062  1029.5052    34.6307    34.6293    7.77213         15 0.0000e+00
    378.000    373.954     1.2693  30.020937     1.2689  30.019690     4.3471     4.3965    -0.0022    91.2891 1.0000e-12  -64.88092  -64.63674 345.836669      76.04 5.3460e+02    986.192      23670  1029.5106  1029.5097    34.6301    34.6290    7.77238         16 0.0000e+00
    379.000    374.945     1.2692  30.021294     1.2689  30.020158     4.3423     4.3971    -0.0034    91.2493 1.0000e-12  -64.88092  -64.63675 345.836678      75.12 5.3584e+02    987.008      23689  1029.5153  1029.5144    34.6302    34.6291    7.77241         26 0.0000e+00
    380.000    375.934     1.2694  30.022031     1.2692  30.020797     4.3464     4.3942    -0.0102    91.2463 1.0000e-12  -64.88092  -64.63678 345.836708      73.71 5.3724e+02    989.547      23750  1029.5201  1029.5190    34.6302    34.6289    7.77235         32 0.0000e+00
    381.000    376.920     1.2730  30.026070     1.2728  30.024952     4.3345     4.3872    -0.0033    91.2568 1.0000e-12  -64.88092  -64.63680 345.836730      72.87 5.3769e+02    991.482      23797  1029.5249  1029.5240    34.6309    34.6297    7.77161         29 0.0000e+00
    382.000    377.909     1.2728  30.026498     1.2728  30.025761     4.3215     4.3886    -0.0074    91.2409 1.0000e-12  -64.88092  -64.63678 345.836743      71.80 5.3768e+02    992.592      23823  1029.5298  1029.5291    34.6311    34.6301    7.77164         26 0.0000e+00
    383.000    378.897     1.2790  30.032972     1.2785  30.031488     4.3199     4.3828    -0.0117    91.2590 1.0000e-12  -64.88092  -64.63678 345.836755      71.16 5.3866e+02    993.656      23849  1029.5345  1029.5335    34.6319    34.6306    7.77037         25 0.0000e+00
    384.000    379.886     1.2823  30.037336     1.2816  30.035763     4.3294     4.3782    -0.0111    91.1871 1.0000e-12  -64.88092  -64.63678 345.836768      69.83 5.3944e+02    994.774      23876  1029.5400  1029.5391    34.6333    34.6321    7.76965         28 0.0000e+00
    385.000    380.875     1.2822  30.037841     1.2821  30.036760     4.3302     4.3793    -0.0111    91.2429 1.0000e-12  -64.88092  -64.63678 345.836782      68.65 5.3944e+02    995.946      23904  1029.5449  1029.5439    34.6335    34.6322    7.76966         28 0.0000e+00
    386.000    381.862     1.2828  30.038841     1.2829  30.038171     4.3328     4.3781    -0.0025    91.2778 1.0000e-12  -64.88092  -64.63678 345.836796      67.80 5.3944e+02    997.153      23933  1029.5496  1029.5488    34.6335    34.6325    7.76953         30 0.0000e+00
    387.000    382.851     1.2842  30.040750     1.2847  30.040329     4.3269     4.3768    -0.0057    91.2665 1.0000e-12  -64.88092  -64.63680 345.836810      67.06 5.4065e+02    998.372      23962  1029.5544  1029.5535    34.6338    34.6328    7.76923         29 0.0000e+00
    388.000    383.840     1.2861  30.043273     1.2854  30.041658     4.3204     4.3779    -0.0079    91.2649 1.0000e-12  -64.88092  -64.63680 345.836825      65.96 5.4119e+02    999.657      23993  1029.5594  1029.5584    34.6344    34.6331    7.76883         34 0.0000e+00
    389.000    384.826     1.2863  30.044073     1.2857  30.042452     4.3158     4.3770    -0.0116    91.2625 1.0000e-12  -64.88090  -64.63682 345.836844      64.53 5.4263e+02   1001.358      24034  1029.5643  1029.5632    34.6346    34.6332    7.76878         39 0.0000e+00
    390.000    385.817     1.2879  30.046165     1.2873  30.044578     4.3155     4.3753    -0.0112    91.2615 1.0000e-12  -64.88090  -64.63682 345.836870      63.53 5.4352e+02   1003.591      24087  1029.5691  1029.5680    34.6349    34.6335    7.76844         42 0.0000e+00
    391.000    386.805     1.2885  30.047143     1.2883  30.046079     4.3171     4.3680    -0.0015    91.2131 1.0000e-12  -64.88092  -64.63682 345.836888      62.48 5.4476e+02   1005.115      24124  1029.5738  1029.5729    34.6349    34.6338    7.76832         29 0.0000e+00
    392.000    387.793     1.2890  30.047998     1.2886  30.046816     4.3259     4.3667    -0.0059    91.2426 1.0000e-12  -64.88092  -64.63682 345.836900      61.89 5.4473e+02   1006.197      24150  1029.5784  1029.5776    34.6349    34.6338    7.76823         23 0.0000e+00
    393.000    388.781     1.2915  30.051098     1.2909  30.049596     4.3238     4.3702    -0.0020    91.2592 1.0000e-12  -64.88092  -64.63682 345.836910      60.87 5.4473e+02   1007.019      24169  1029.5833  1029.5824    34.6355    34.6343    7.76770         18 0.0000e+00
    394.000    389.769     1.2920  30.052134     1.2913  30.050816     4.3223     4.3717    -0.0020    91.2663 1.0000e-12  -64.88092  -64.63682 345.836919      60.31 5.4473e+02   1007.763      24187  1029.5881  1029.5875    34.6356    34.6348    7.76758         18 0.0000e+00
    395.000    390.760     1.2925  30.053028     1.2918  30.051624     4.3200     4.3707    -0.0072    91.2650 1.0000e-12  -64.88092  -64.63682 345.836927      58.61 5.4624e+02   1008.506      24205  1029.5929  1029.5921    34.6358    34.6348    7.76750         18 0.0000e+00
    396.000    391.746     1.2921  30.053281     1.2916  30.051956     4.3206     4.3724    -0.0195    91.2664 1.0000e-12  -64.88092  -64.63682 345.836936      57.87 5.4649e+02   1009.295      24224  1029.5977  1029.5968    34.6359    34.6347    7.76755         20 0.0000e+00
    397.000    392.735     1.2918  30.053445     1.2914  30.052114     4.3184     4.3701    -0.0127    91.2496 1.0000e-12  -64.88090  -64.63682 345.836948      56.72 5.4649e+02   1010.280      24248  1029.6024  1029.6015    34.6359    34.6346    7.76762         29 0.0000e+00
    398.000    393.723     1.2917  30.053836     1.2913  30.052352     4.3193     4.3733    -0.0168    91.2407 1.0000e-12  -64.88090  -64.63684 345.836969      55.82 5.4768e+02   1012.077      24291  1029.6072  1029.6061    34.6359    34.6345    7.76764         37 0.0000e+00
    399.000    394.711     1.2925  30.054856     1.2914  30.052774     4.3143     4.3673    -0.0092    91.2407 1.0000e-12  -64.88090  -64.63684 345.836992      54.80 5.4829e+02   1014.071      24339  1029.6117  1029.6106    34.6358    34.6343    7.76749         36 0.0000e+00
    400.000    395.699     1.2939  30.056678     1.2923  30.054369     4.3144     4.3700    -0.0100    91.2407 1.0000e-12  -64.88090  -64.63684 345.837006      53.79 5.4826e+02   1015.358      24370  1029.6165  1029.6156    34.6360    34.6348    7.76721         31 0.0000e+00
    401.000    396.687     1.2929  30.056285     1.2925  30.054935     4.3191     4.3710    -0.0111    91.2672 1.0000e-12  -64.88090  -64.63684 345.837022      52.51 5.5002e+02   1016.746      24403  1029.6213  1029.6203    34.6360    34.6347    7.76740         34 0.0000e+00
    402.000    397.677     1.2923  30.055861     1.2918  30.054520     4.3160     4.3628    -0.0068    91.2422 1.0000e-12  -64.88090  -64.63684 345.837040      51.27 5.5032e+02   1018.227      24438  1029.6257  1029.6247    34.6356    34.6343    7.76755         31 0.0000e+00
    403.000    398.663     1.2922  30.056438     1.2920  30.055423     4.3133     4.3633     0.0003    91.2336 1.0000e-12  -64.88090  -64.63684 345.837052      50.90 5.5179e+02   1019.279      24464  1029.6306  1029.6297    34.6358    34.6347    7.76755         22 0.0000e+00
    404.000    399.652     1.2921  30.056579     1.2915  30.055106     4.3148     4.3638    -0.0092    91.2643 1.0000e-12  -64.88090  -64.63684 345.837061      49.70 5.5178e+02   1020.068      24483  1029.6350  1029.6342    34.6355    34.6343    7.76758         17 0.0000e+00
    405.000    400.642     1.2934  30.058223     1.2929  30.057093     4.3149     4.3616    -0.0144    91.2560 1.0000e-12  -64.88090  -64.63685 345.837069      48.57 5.5178e+02   1020.750      24499  1029.6397  1029.6390    34.6356    34.6347    7.76732         16 0.0000e+00
    406.000    401.628     1.2947  30.060183     1.2940  30.058731     4.3156     4.3588    -0.0073    91.2415 1.0000e-12  -64.88090  -64.63686 345.837077      47.58 5.5224e+02   1021.443      24516  1029.6446  1029.6438    34.6361    34.6350    7.76704         18 0.0000e+00
    407.000    402.618     1.2952  30.061309     1.2950  30.060109     4.3142     4.3635    -0.0057    91.2453 1.0000e-12  -64.88090  -64.63686 345.837099      46.51 5.5351e+02   1023.374      24562  1029.6496  1029.6485    34.6364    34.6351    7.76692         29 0.0000e+00
    408.000    403.606     1.2959  30.062310     1.2956  30.061111     4.3106     4.3609    -0.0051    91.2634 1.0000e-12  -64.88090  -64.63686 345.837129      45.62 5.5426e+02   1025.952      24624  1029.6541  1029.6532    34.6363    34.6351    7.76678         26 0.0000e+00
