NBP2113_155081_ctd/data/dnbp2113_032.cnv
* Sea-Bird SBE 9 Data File:
* FileName = D:\Data\raw\NBP2113_032.hex
* Software Version Seasave V 7.26.7.121
* Temperature SN = 2438
* Conductivity SN = 2067
* Number of Bytes Per Scan = 40
* Number of Voltage Words = 5
* Number of Scans Averaged by the Deck Unit = 1
* NMEA Latitude = 65 50.96 S
* NMEA Longitude = 071 22.70 W
* NMEA UTC (Time) = Dec 07 2021  06:49:20
* NMEA baud rate = 9600
** Ship: RVIB N.B. Palmer
** Cruise: NBP2113 LTER
** Station: 300.200
** Operator: B. Urmston
# nquan = 25
# nvalues = 3093                        
# units = specified
# name 0 = prDM: Pressure, Digiquartz [db]
# name 1 = depSM: Depth [salt water, m]
# name 2 = t090C: Temperature [ITS-90, deg C]
# name 3 = c0mS/cm: Conductivity [mS/cm]
# name 4 = t190C: Temperature, 2 [ITS-90, deg C]
# name 5 = c1mS/cm: Conductivity, 2 [mS/cm]
# name 6 = sbeox0ML/L: Oxygen, SBE 43 [ml/l]
# name 7 = sbeox1ML/L: Oxygen, SBE 43, 2 [ml/l]
# name 8 = flECO-AFL: Fluorescence, WET Labs ECO-AFL/FL [mg/m^3]
# name 9 = CStarTr0: Beam Transmission, WET Labs C-Star [%]
# name 10 = par: PAR/Irradiance, Biospherical/Licor
# name 11 = latitude: Latitude [deg]
# name 12 = longitude: Longitude [deg]
# name 13 = timeJ: Julian Days
# name 14 = altM: Altimeter [m]
# name 15 = spar: SPAR, Biospherical/Licor
# name 16 = timeS: Time, Elapsed [seconds]
# name 17 = scan: Scan Count
# name 18 = density00: Density [density, kg/m^3]
# name 19 = density11: Density, 2 [density, kg/m^3]
# name 20 = sal00: Salinity, Practical [PSU]
# name 21 = sal11: Salinity, Practical, 2 [PSU]
# name 22 = oxsolML/L: Oxygen Saturation, Garcia & Gordon [ml/l]
# name 23 = nbin: number of scans per bin
# name 24 = flag: flag
# span 0 =      9.000,   3101.000       
# span 1 =      8.909,   3048.007       
# span 2 =    -0.7633,     2.0337       
# span 3 =  27.690335,  30.764586       
# span 4 =    -0.7634,     2.0332       
# span 5 =  27.688916,  30.763305       
# span 6 =     3.8990,     8.1765       
# span 7 =     3.9450,     8.1945       
# span 8 =    -0.0250,     2.0418       
# span 9 =    90.3146,    96.2388       
# span 10 = 1.0000e-12, 1.0000e-12      
# span 11 =  -65.84928,  -65.84890      
# span 12 =  -71.37840,  -71.37776      
# span 13 = 341.286521, 341.332222      
# span 14 =      -5.76,     102.01      
# span 15 = 2.1537e+01, 7.7567e+01      
# span 16 =    195.450,   4143.939      
# span 17 =       4692,      99456      
# span 18 =  1027.2670,  1042.0899      
# span 19 =  1027.2651,  1042.0891      
# span 20 =    33.8768,    34.7304      
# span 21 =    33.8744,    34.7291      
# span 22 =    7.62252,    8.22958      
# span 23 =         12,         67      
# span 24 = 0.0000e+00, 0.0000e+00      
# interval = decibars: 1                
# start_time = Dec 07 2021 06:49:20 [NMEA time, header]
# bad_flag = -9.990e-29
*END*
[from data line 1624]
   1633.000   1610.593     1.0545  30.447754     1.0544  30.446749     4.4015     4.4478    -0.0026    96.1949 1.0000e-12  -65.84902  -71.37808 341.311449      99.98 3.7021e+01   2349.228      56382  1035.4146  1035.4137    34.7190    34.7178    7.81029         20 0.0000e+00
   1634.000   1611.574     1.0544  30.448122     1.0540  30.446896     4.4071     4.4521    -0.0105    96.1847 1.0000e-12  -65.84902  -71.37808 341.311460      99.97 3.7021e+01   2350.158      56405  1035.4192  1035.4183    34.7190    34.7179    7.81031         25 0.0000e+00
   1635.000   1612.557     1.0534  30.447723     1.0535  30.446841     4.4116     4.4557    -0.0075    96.1846 1.0000e-12  -65.84902  -71.37809 341.311476      99.97 3.7021e+01   2351.502      56437  1035.4239  1035.4229    34.7191    34.7179    7.81050         39 0.0000e+00
   1636.000   1613.540     1.0540  30.448535     1.0539  30.447604     4.4131     4.4481    -0.0023    96.1846 1.0000e-12  -65.84902  -71.37810 341.311495      99.97 3.7021e+01   2353.197      56478  1035.4283  1035.4273    34.7190    34.7178    7.81040         36 0.0000e+00
   1637.000   1614.522     1.0538  30.448771     1.0536  30.447781     4.4101     4.4522    -0.0172    96.1846 1.0000e-12  -65.84902  -71.37810 341.311510      99.97 3.7021e+01   2354.460      56508  1035.4329  1035.4320    34.7190    34.7179    7.81044         27 0.0000e+00
   1638.000   1615.505     1.0538  30.449235     1.0537  30.448234     4.4102     4.4553    -0.0117    96.1846 1.0000e-12  -65.84902  -71.37810 341.311522      99.97 3.7021e+01   2355.508      56533  1035.4375  1035.4365    34.7190    34.7178    7.81044         24 0.0000e+00
   1639.000   1616.487     1.0535  30.449423     1.0538  30.448715     4.4054     4.4538    -0.0032    96.1846 1.0000e-12  -65.84902  -71.37810 341.311534      99.97 3.7021e+01   2356.579      56559  1035.4421  1035.4411    34.7191    34.7178    7.81049         28 0.0000e+00
   1640.000   1617.470     1.0529  30.449217     1.0531  30.448488     4.4091     4.4538    -0.0012    96.1871 1.0000e-12  -65.84903  -71.37810 341.311551      99.97 3.7021e+01   2357.977      56592  1035.4466  1035.4457    34.7189    34.7178    7.81062         38 0.0000e+00
   1641.000   1618.452     1.0525  30.449277     1.0525  30.448367     4.4162     4.4545    -0.0024    96.1885 1.0000e-12  -65.84904  -71.37810 341.311569      99.97 3.7021e+01   2359.582      56631  1035.4511  1035.4503    34.7189    34.7178    7.81069         33 0.0000e+00
   1642.000   1619.434     1.0523  30.449596     1.0523  30.448666     4.4094     4.4537    -0.0019    96.1996 1.0000e-12  -65.84904  -71.37810 341.311582      99.98 3.7021e+01   2360.722      56658  1035.4558  1035.4549    34.7190    34.7178    7.81072         24 0.0000e+00
   1643.000   1620.417     1.0520  30.449686     1.0520  30.448812     4.4126     4.4511    -0.0077    96.2010 1.0000e-12  -65.84904  -71.37810 341.311594      99.97 3.7021e+01   2361.680      56681  1035.4604  1035.4595    34.7189    34.7178    7.81079         22 0.0000e+00
   1644.000   1621.399     1.0518  30.449919     1.0518  30.449083     4.4091     4.4497    -0.0083    96.2003 1.0000e-12  -65.84904  -71.37810 341.311604      99.97 3.7021e+01   2362.605      56704  1035.4650  1035.4642    34.7189    34.7179    7.81083         23 0.0000e+00
   1645.000   1622.382     1.0515  30.450059     1.0515  30.449185     4.4111     4.4469    -0.0055    96.1985 1.0000e-12  -65.84904  -71.37810 341.311616      99.97 3.7021e+01   2363.639      56728  1035.4696  1035.4687    34.7189    34.7178    7.81090         28 0.0000e+00
   1646.000   1623.365     1.0511  30.450198     1.0512  30.449269     4.4168     4.4546    -0.0046    96.1931 1.0000e-12  -65.84904  -71.37810 341.311633      99.97 3.7021e+01   2365.093      56763  1035.4743  1035.4732    34.7190    34.7177    7.81098         40 0.0000e+00
   1647.000   1624.346     1.0509  30.450343     1.0510  30.449476     4.4151     4.4516    -0.0129    96.2040 1.0000e-12  -65.84904  -71.37810 341.311654      99.97 3.7021e+01   2366.896      56807  1035.4787  1035.4777    34.7189    34.7176    7.81102         31 0.0000e+00
   1648.000   1625.330     1.0507  30.450637     1.0507  30.449680     4.4058     4.4543    -0.0160    96.1909 1.0000e-12  -65.84904  -71.37810 341.311668      99.97 3.7021e+01   2368.075      56835  1035.4834  1035.4824    34.7189    34.7178    7.81105         24 0.0000e+00
   1649.000   1626.310     1.0499  30.450312     1.0499  30.449435     4.4018     4.4563    -0.0114    96.2010 1.0000e-12  -65.84904  -71.37810 341.311678      99.97 3.7021e+01   2369.014      56857  1035.4880  1035.4871    34.7189    34.7177    7.81122         22 0.0000e+00
   1650.000   1627.294     1.0482  30.449104     1.0481  30.448239     4.4065     4.4576    -0.0162    96.1997 1.0000e-12  -65.84904  -71.37810 341.311689      99.98 3.7021e+01   2369.964      56880  1035.4927  1035.4919    34.7187    34.7177    7.81157         24 0.0000e+00
   1651.000   1628.277     1.0465  30.448099     1.0466  30.447279     4.4059     4.4573    -0.0030    96.2102 1.0000e-12  -65.84904  -71.37810 341.311703      99.97 3.7021e+01   2371.108      56908  1035.4974  1035.4966    34.7187    34.7176    7.81190         31 0.0000e+00
   1652.000   1629.258     1.0445  30.446622     1.0445  30.445800     4.4114     4.4579    -0.0119    96.1986 1.0000e-12  -65.84904  -71.37810 341.311718      99.97 3.7021e+01   2372.404      56939  1035.5022  1035.5013    34.7186    34.7175    7.81232         29 0.0000e+00
   1653.000   1630.241     1.0443  30.446902     1.0441  30.446047     4.4116     4.4580    -0.0105    96.1969 1.0000e-12  -65.84904  -71.37810 341.311730      99.97 3.7021e+01   2373.470      56964  1035.5068  1035.5060    34.7186    34.7177    7.81235         23 0.0000e+00
   1654.000   1631.224     1.0437  30.446832     1.0435  30.445812     4.4168     4.4583    -0.0112    96.1846 1.0000e-12  -65.84904  -71.37810 341.311740      99.98 3.7021e+01   2374.373      56986  1035.5114  1035.5106    34.7186    34.7176    7.81247         21 0.0000e+00
   1655.000   1632.206     1.0430  30.446572     1.0429  30.445694     4.4174     4.4583    -0.0022    96.1961 1.0000e-12  -65.84904  -71.37810 341.311751      99.97 3.7021e+01   2375.287      57008  1035.5160  1035.5152    34.7185    34.7175    7.81261         24 0.0000e+00
   1656.000   1633.189     1.0428  30.446881     1.0428  30.446014     4.4224     4.4562    -0.0052    96.1918 1.0000e-12  -65.84905  -71.37809 341.311773      99.97 3.7021e+01   2377.219      57054  1035.5206  1035.5197    34.7186    34.7175    7.81265         32 0.0000e+00
   1657.000   1634.170     1.0428  30.447190     1.0427  30.446323     4.4013     4.4565    -0.0186    96.1925 1.0000e-12  -65.84906  -71.37808 341.311802      99.97 3.7021e+01   2379.705      57114  1035.5251  1035.5243    34.7186    34.7175    7.81266         23 0.0000e+00
   1658.000   1635.153     1.0429  30.447818     1.0428  30.446953     4.4099     4.4525    -0.0053    96.2047 1.0000e-12  -65.84906  -71.37808 341.311811      99.97 3.7021e+01   2380.478      57132  1035.5298  1035.5290    34.7187    34.7177    7.81263         18 0.0000e+00
   1659.000   1636.136     1.0429  30.448198     1.0426  30.447180     4.4136     4.4541    -0.0041    96.1976 1.0000e-12  -65.84906  -71.37808 341.311819      99.98 3.7021e+01   2381.176      57149  1035.5343  1035.5336    34.7186    34.7177    7.81263         16 0.0000e+00
   1660.000   1637.119     1.0420  30.447727     1.0419  30.446856     4.4051     4.4574    -0.0109    96.1975 1.0000e-12  -65.84906  -71.37808 341.311827      99.97 3.7021e+01   2381.852      57165  1035.5389  1035.5381    34.7185    34.7175    7.81282         16 0.0000e+00
   1661.000   1638.099     1.0410  30.447287     1.0406  30.446154     4.4122     4.4624    -0.0158    96.1968 1.0000e-12  -65.84906  -71.37808 341.311835      99.97 3.7021e+01   2382.586      57183  1035.5436  1035.5428    34.7185    34.7175    7.81302         19 0.0000e+00
   1662.000   1639.083     1.0401  30.446979     1.0402  30.446127     4.4132     4.4586    -0.0187    96.1941 1.0000e-12  -65.84906  -71.37809 341.311847      99.97 3.7021e+01   2383.610      57208  1035.5483  1035.5473    34.7186    34.7174    7.81320         33 0.0000e+00
   1663.000   1640.065     1.0395  30.446813     1.0396  30.445946     4.4146     4.4594    -0.0176    96.1894 1.0000e-12  -65.84906  -71.37810 341.311866      99.97 3.7021e+01   2385.261      57247  1035.5529  1035.5519    34.7185    34.7173    7.81332         36 0.0000e+00
   1664.000   1641.046     1.0397  30.447326     1.0397  30.446547     4.4133     4.4581    -0.0122    96.1923 1.0000e-12  -65.84906  -71.37810 341.311882      99.98 3.7021e+01   2386.625      57280  1035.5573  1035.5566    34.7184    34.7174    7.81328         30 0.0000e+00
   1665.000   1642.030     1.0397  30.447864     1.0399  30.447043     4.4148     4.4556    -0.0174    96.2002 1.0000e-12  -65.84906  -71.37810 341.311899      99.97 3.7021e+01   2388.082      57315  1035.5619  1035.5610    34.7185    34.7173    7.81326         33 0.0000e+00
   1666.000   1643.010     1.0399  30.448415     1.0400  30.447556     4.4166     4.4508     0.0077    96.2045 1.0000e-12  -65.84906  -71.37808 341.311925      99.98 3.7021e+01   2390.345      57369  1035.5665  1035.5655    34.7185    34.7173    7.81323         30 0.0000e+00
   1667.000   1643.993     1.0398  30.448786     1.0398  30.447928     4.4070     4.4536    -0.0084    96.2091 1.0000e-12  -65.84906  -71.37808 341.311938      99.97 3.7021e+01   2391.399      57395  1035.5711  1035.5703    34.7185    34.7175    7.81325         19 0.0000e+00
   1668.000   1644.976     1.0396  30.448997     1.0394  30.448031     4.4106     4.4570    -0.0181    96.2021 1.0000e-12  -65.84906  -71.37810 341.311946      99.97 3.7021e+01   2392.126      57412  1035.5757  1035.5749    34.7185    34.7175    7.81329         16 0.0000e+00
   1669.000   1645.961     1.0393  30.449095     1.0393  30.448354     4.4115     4.4571    -0.0180    96.1842 1.0000e-12  -65.84906  -71.37810 341.311953      99.98 3.7021e+01   2392.764      57427  1035.5802  1035.5795    34.7184    34.7175    7.81335         15 0.0000e+00
   1670.000   1646.942     1.0390  30.449432     1.0391  30.448511     4.4105     4.4575    -0.0114    96.1766 1.0000e-12  -65.84906  -71.37810 341.311960      99.97 3.7021e+01   2393.392      57442  1035.5849  1035.5841    34.7187    34.7175    7.81340         16 0.0000e+00
   1671.000   1647.922     1.0386  30.449340     1.0385  30.448447     4.4106     4.4584    -0.0063    96.1888 1.0000e-12  -65.84906  -71.37810 341.311969      99.97 3.7021e+01   2394.126      57460  1035.5895  1035.5887    34.7185    34.7175    7.81350         21 0.0000e+00
   1672.000   1648.907     1.0387  30.449856     1.0389  30.449020     4.4189     4.4524    -0.0141    96.2028 1.0000e-12  -65.84906  -71.37810 341.312002      99.97 3.6092e+01   2397.004      57529  1035.5940  1035.5930    34.7186    34.7172    7.81348         28 0.0000e+00
   1673.000   1649.885     1.0372  30.448847     1.0370  30.447884     4.4190     4.4488    -0.0072    96.1989 1.0000e-12  -65.84906  -71.37810 341.312025      99.97 3.5940e+01   2398.935      57575  1035.5987  1035.5979    34.7183    34.7173    7.81378         18 0.0000e+00
   1674.000   1650.871     1.0359  30.448244     1.0359  30.447374     4.4132     4.4526    -0.0018    96.1991 1.0000e-12  -65.84906  -71.37810 341.312032      99.97 3.6249e+01   2399.602      57591  1035.6035  1035.6026    34.7184    34.7174    7.81403         16 0.0000e+00
   1675.000   1651.851     1.0356  30.448454     1.0356  30.447503     4.4123     4.4562    -0.0009    96.2104 1.0000e-12  -65.84906  -71.37810 341.312040      99.98 3.6579e+01   2400.268      57607  1035.6081  1035.6072    34.7185    34.7174    7.81408         16 0.0000e+00
   1676.000   1652.837     1.0356  30.448781     1.0356  30.447834     4.4108     4.4618    -0.0020    96.2104 1.0000e-12  -65.84906  -71.37810 341.312048      99.97 3.6241e+01   2400.971      57624  1035.6127  1035.6117    34.7185    34.7172    7.81410         18 0.0000e+00
   1677.000   1653.816     1.0352  30.448898     1.0354  30.448007     4.4116     4.4610    -0.0020    96.2104 1.0000e-12  -65.84906  -71.37810 341.312059      99.97 3.5593e+01   2401.920      57647  1035.6172  1035.6163    34.7185    34.7172    7.81417         28 0.0000e+00
   1678.000   1654.799     1.0356  30.449571     1.0356  30.448651     4.4183     4.4570    -0.0145    96.2077 1.0000e-12  -65.84906  -71.37810 341.312087      99.97 3.5249e+01   2404.331      57705  1035.6217  1035.6208    34.7184    34.7172    7.81409         33 0.0000e+00
   1679.000   1655.782     1.0353  30.449607     1.0352  30.448814     4.4207     4.4590    -0.0098    96.1894 1.0000e-12  -65.84906  -71.37810 341.312100      99.97 3.5258e+01   2405.468      57732  1035.6262  1035.6255    34.7182    34.7173    7.81416         21 0.0000e+00
   1680.000   1656.763     1.0352  30.449976     1.0351  30.449151     4.4158     4.4601    -0.0040    96.1946 1.0000e-12  -65.84906  -71.37810 341.312110      99.98 3.5258e+01   2406.273      57752  1035.6309  1035.6301    34.7184    34.7174    7.81419         18 0.0000e+00
   1681.000   1657.747     1.0349  30.450143     1.0349  30.449294     4.4168     4.4595    -0.0195    96.1874 1.0000e-12  -65.84906  -71.37810 341.312118      99.97 3.5258e+01   2407.034      57770  1035.6354  1035.6347    34.7183    34.7173    7.81425         19 0.0000e+00
   1682.000   1658.728     1.0349  30.450536     1.0350  30.449787     4.4189     4.4596    -0.0186    96.1847 1.0000e-12  -65.84907  -71.37810 341.312129      99.97 3.5258e+01   2407.919      57791  1035.6400  1035.6392    34.7183    34.7173    7.81425         25 0.0000e+00
   1683.000   1659.711     1.0346  30.450786     1.0349  30.449950     4.4151     4.4604    -0.0033    96.1894 1.0000e-12  -65.84908  -71.37812 341.312146      99.97 3.5258e+01   2409.399      57827  1035.6446  1035.6436    34.7184    34.7171    7.81429         37 0.0000e+00
   1684.000   1660.692     1.0350  30.451330     1.0349  30.450538     4.4117     4.4605    -0.0073    96.2074 1.0000e-12  -65.84908  -71.37812 341.312164      99.97 3.5258e+01   2411.006      57865  1035.6490  1035.6482    34.7182    34.7173    7.81424         29 0.0000e+00
   1685.000   1661.675     1.0352  30.452129     1.0354  30.451371     4.4130     4.4610    -0.0096    96.2103 1.0000e-12  -65.84906  -71.37812 341.312177      99.97 3.5258e+01   2412.082      57891  1035.6537  1035.6528    34.7184    34.7173    7.81417         26 0.0000e+00
   1686.000   1662.657     1.0348  30.452140     1.0351  30.451541     4.4198     4.4567    -0.0107    96.2104 1.0000e-12  -65.84906  -71.37812 341.312191      99.97 3.5258e+01   2413.293      57920  1035.6583  1035.6573    34.7184    34.7172    7.81426         29 0.0000e+00
   1687.000   1663.639     1.0350  30.452707     1.0351  30.451862     4.4149     4.4569    -0.0105    96.1828 1.0000e-12  -65.84908  -71.37812 341.312212      99.97 3.5258e+01   2415.115      57964  1035.6627  1035.6619    34.7183    34.7172    7.81422         37 0.0000e+00
   1688.000   1664.623     1.0344  30.452594     1.0345  30.451814     4.4199     4.4578    -0.0055    96.1901 1.0000e-12  -65.84908  -71.37812 341.312227      99.98 3.5258e+01   2416.420      57995  1035.6674  1035.6665    34.7183    34.7172    7.81434         24 0.0000e+00
   1689.000   1665.604     1.0331  30.451731     1.0329  30.450688     4.4148     4.4596    -0.0011    96.2031 1.0000e-12  -65.84908  -71.37812 341.312238      99.97 3.5258e+01   2417.337      58017  1035.6720  1035.6712    34.7182    34.7171    7.81462         21 0.0000e+00
