NBP2113_155081_ctd/data/dnbp2113_062.cnv
* Sea-Bird SBE 9 Data File:
* FileName = D:\Data\raw\NBP2113_062.hex
* Software Version Seasave V 7.26.7.121
* Temperature SN = 2438
* Conductivity SN = 2067
* Number of Bytes Per Scan = 40
* Number of Voltage Words = 5
* Number of Scans Averaged by the Deck Unit = 1
* NMEA Latitude = 64 46.58 S
* NMEA Longitude = 063 03.86 W
* NMEA UTC (Time) = Dec 14 2021  03:19:35
* NMEA baud rate = 9600
** Ship: RVIB N.B. Palmer
** Cruise: NBP2113 LTER
** Station: 654.003
** Operator: B. Urmston
# nquan = 25
# nvalues = 283                         
# units = specified
# name 0 = prDM: Pressure, Digiquartz [db]
# name 1 = depSM: Depth [salt water, m]
# name 2 = t090C: Temperature [ITS-90, deg C]
# name 3 = c0mS/cm: Conductivity [mS/cm]
# name 4 = t190C: Temperature, 2 [ITS-90, deg C]
# name 5 = c1mS/cm: Conductivity, 2 [mS/cm]
# name 6 = sbeox0ML/L: Oxygen, SBE 43 [ml/l]
# name 7 = sbeox1ML/L: Oxygen, SBE 43, 2 [ml/l]
# name 8 = flECO-AFL: Fluorescence, WET Labs ECO-AFL/FL [mg/m^3]
# name 9 = CStarTr0: Beam Transmission, WET Labs C-Star [%]
# name 10 = par: PAR/Irradiance, Biospherical/Licor
# name 11 = latitude: Latitude [deg]
# name 12 = longitude: Longitude [deg]
# name 13 = timeJ: Julian Days
# name 14 = altM: Altimeter [m]
# name 15 = spar: SPAR, Biospherical/Licor
# name 16 = timeS: Time, Elapsed [seconds]
# name 17 = scan: Scan Count
# name 18 = density00: Density [density, kg/m^3]
# name 19 = density11: Density, 2 [density, kg/m^3]
# name 20 = sal00: Salinity, Practical [PSU]
# name 21 = sal11: Salinity, Practical, 2 [PSU]
# name 22 = oxsolML/L: Oxygen Saturation, Garcia & Gordon [ml/l]
# name 23 = nbin: number of scans per bin
# name 24 = flag: flag
# span 0 =      2.000,    284.000       
# span 1 =      1.981,    281.028       
# span 2 =    -0.3813,     0.7932       
# span 3 =  28.218995,  29.410837       
# span 4 =    -0.3817,     0.7871       
# span 5 =  28.223015,  29.405325       
# span 6 =     4.9871,     6.9303       
# span 7 =     5.0664,     6.9799       
# span 8 =    -0.0171,     1.3754       
# span 9 =    85.0931,    90.8378       
# span 10 = 1.0000e-12, 1.3246e+00      
# span 11 =  -64.77637,  -64.77622      
# span 12 =  -63.06549,  -63.06461      
# span 13 = 348.142004, 348.149249      
# span 14 =      10.04,      99.98      
# span 15 = 0.0000e+00, 0.0000e+00      
# span 16 =    294.171,    920.111      
# span 17 =       7061,      22084      
# span 18 =  1027.2915,  1029.0691      
# span 19 =  1027.2934,  1029.0676      
# span 20 =    33.9749,    34.5101      
# span 21 =    33.9720,    34.5097      
# span 22 =    7.87425,    8.11932      
# span 23 =          8,         75      
# span 24 = 0.0000e+00, 0.0000e+00      
# interval = decibars: 1                
# start_time = Dec 14 2021 03:19:35 [NMEA time, header]
# bad_flag = -9.990e-29
*END*
[from data line 232]
    234.000    231.578    -0.0439  28.723263    -0.0447  28.721507     5.6235     5.6814     0.0143    90.1532 1.0000e-12  -64.77624  -63.06542 348.147389      57.50 0.0000e+00    759.432      18227  1028.8110  1028.8099    34.4908    34.4894    8.04798         30 0.0000e+00
    235.000    232.569    -0.0463  28.721694    -0.0468  28.720117     5.6248     5.6880     0.0143    90.1498 1.0000e-12  -64.77624  -63.06543 348.147404      56.66 0.0000e+00    760.663      18257  1028.8158  1028.8147    34.4908    34.4893    8.04848         30 0.0000e+00
    236.000    233.556    -0.0478  28.720840    -0.0478  28.719733     5.6300     5.6877     0.0147    90.1295 1.0000e-12  -64.77624  -63.06543 348.147418      55.58 0.0000e+00    761.888      18286  1028.8207  1028.8194    34.4908    34.4892    8.04881         29 0.0000e+00
    237.000    234.546    -0.0527  28.717466    -0.0532  28.716009     5.6426     5.6888     0.0119    90.1509 1.0000e-12  -64.77624  -63.06544 348.147432      54.41 0.0000e+00    763.106      18316  1028.8261  1028.8250    34.4911    34.4898    8.04980         28 0.0000e+00
    238.000    235.535    -0.0588  28.712935    -0.0597  28.711049     5.6610     5.7026     0.0098    90.2098 1.0000e-12  -64.77624  -63.06544 348.147446      53.24 0.0000e+00    764.332      18345  1028.8315  1028.8304    34.4914    34.4900    8.05108         31 0.0000e+00
    239.000    236.524    -0.0787  28.697476    -0.0797  28.695409     5.6623     5.7086     0.0140    90.1738 1.0000e-12  -64.77624  -63.06544 348.147460      52.17 0.0000e+00    765.569      18375  1028.8389  1028.8377    34.4928    34.4911    8.05519         29 0.0000e+00
    240.000    237.513    -0.0891  28.688143    -0.0899  28.686367     5.6650     5.7093     0.0044    90.1390 1.0000e-12  -64.77624  -63.06544 348.147475      51.43 0.0000e+00    766.855      18406  1028.8433  1028.8423    34.4914    34.4901    8.05745         32 0.0000e+00
    241.000    238.502    -0.0945  28.684207    -0.0947  28.682761     5.6639     5.7107     0.0041    90.2222 1.0000e-12  -64.77624  -63.06544 348.147490      50.33 0.0000e+00    768.165      18437  1028.8486  1028.8472    34.4918    34.4900    8.05858         31 0.0000e+00
    242.000    239.490    -0.0977  28.681727    -0.0976  28.680648     5.6636     5.7085     0.0069    90.2345 1.0000e-12  -64.77624  -63.06544 348.147506      49.15 0.0000e+00    769.483      18469  1028.8531  1028.8519    34.4914    34.4900    8.05926         28 0.0000e+00
    243.000    240.481    -0.0980  28.682019    -0.0983  28.680628     5.6647     5.7135     0.0040    90.2228 1.0000e-12  -64.77624  -63.06544 348.147521      48.92 0.0000e+00    770.803      18500  1028.8579  1028.8567    34.4916    34.4900    8.05932         32 0.0000e+00
    244.000    241.468    -0.1015  28.679793    -0.1005  28.679480     5.6697     5.7222    -0.0008    90.2185 1.0000e-12  -64.77622  -63.06544 348.147536      47.84 0.0000e+00    772.144      18532  1028.8631  1028.8617    34.4919    34.4903    8.06004         33 0.0000e+00
    245.000    242.459    -0.1026  28.679162    -0.1026  28.678108     5.6585     5.7214     0.0059    90.2416 1.0000e-12  -64.77622  -63.06544 348.147552      46.55 0.0000e+00    773.525      18566  1028.8676  1028.8665    34.4917    34.4903    8.06028         33 0.0000e+00
    246.000    243.448    -0.1067  28.676396    -0.1065  28.675570     5.6644     5.7262     0.0202    90.2512 1.0000e-12  -64.77622  -63.06544 348.147568      46.09 0.0000e+00    774.910      18599  1028.8729  1028.8718    34.4920    34.4907    8.06112         33 0.0000e+00
    247.000    244.436    -0.1087  28.675141    -0.1077  28.674741     5.7281     5.7583     0.0075    90.2111 1.0000e-12  -64.77622  -63.06544 348.147584      44.42 0.0000e+00    776.279      18632  1028.8779  1028.8763    34.4921    34.4905    8.06155         33 0.0000e+00
    248.000    245.426    -0.1800  28.617797    -0.1677  28.626398     5.7517     5.7755     0.0010    90.1689 1.0000e-12  -64.77622  -63.06544 348.147600      43.96 0.0000e+00    777.655      18665  1028.8909  1028.8883    34.4956    34.4932    8.07640         33 0.0000e+00
    249.000    246.415    -0.1942  28.602227    -0.1947  28.601035     5.7574     5.7839     0.0008    90.2639 1.0000e-12  -64.77622  -63.06544 348.147617      43.04 0.0000e+00    779.089      18699  1028.8924  1028.8916    34.4903    34.4893    8.07970         37 0.0000e+00
    250.000    247.403    -0.2104  28.588824    -0.2111  28.586182     5.7525     5.7894    -0.0095    90.2660 1.0000e-12  -64.77622  -63.06545 348.147636      42.41 0.0000e+00    780.764      18739  1028.8978  1028.8958    34.4901    34.4875    8.08314         40 0.0000e+00
    251.000    248.393    -0.2128  28.586576    -0.2136  28.584910     5.7434     5.7935    -0.0141    90.2814 1.0000e-12  -64.77622  -63.06545 348.147657      41.58 0.0000e+00    782.560      18782  1028.9016  1028.9006    34.4893    34.4879    8.08371         39 0.0000e+00
    252.000    249.381    -0.2114  28.588349    -0.2115  28.587211     5.7388     5.7917    -0.0094    90.2581 1.0000e-12  -64.77622  -63.06544 348.147678      40.53 0.0000e+00    784.399      18827  1028.9059  1028.9049    34.4895    34.4881    8.08340         36 0.0000e+00
    253.000    250.370    -0.2072  28.592804    -0.2065  28.592284     5.7320     5.7871    -0.0087    90.2594 1.0000e-12  -64.77622  -63.06544 348.147699      39.67 0.0000e+00    786.208      18870  1028.9105  1028.9093    34.4900    34.4886    8.08247         37 0.0000e+00
    254.000    251.359    -0.2047  28.595395    -0.2035  28.595339     5.7266     5.7852    -0.0048    90.2603 1.0000e-12  -64.77622  -63.06545 348.147720      38.57 0.0000e+00    788.016      18913  1028.9149  1028.9136    34.4901    34.4886    8.08195         41 0.0000e+00
    255.000    252.349    -0.2057  28.594973    -0.2037  28.595773     5.7186     5.7866    -0.0103    90.2485 1.0000e-12  -64.77622  -63.06546 348.147742      37.90 0.0000e+00    789.914      18959  1028.9195  1028.9184    34.4900    34.4888    8.08216         41 0.0000e+00
    256.000    253.336    -0.1997  28.600767    -0.2004  28.598876     5.7204     5.7855    -0.0050    90.2099 1.0000e-12  -64.77622  -63.06546 348.147764      36.93 0.0000e+00    791.834      19005  1028.9239  1028.9226    34.4904    34.4886    8.08087         36 0.0000e+00
    257.000    254.327    -0.2014  28.599665    -0.2012  28.598756     5.7207     5.7825    -0.0012    90.1201 1.0000e-12  -64.77622  -63.06546 348.147786      35.87 0.0000e+00    793.683      19049  1028.9287  1028.9275    34.4902    34.4888    8.08124         36 0.0000e+00
    258.000    255.315    -0.2014  28.600114    -0.2012  28.599273     5.7292     5.7847    -0.0124    90.1981 1.0000e-12  -64.77622  -63.06546 348.147807      35.21 0.0000e+00    795.569      19095  1028.9333  1028.9323    34.4902    34.4889    8.08124         37 0.0000e+00
    259.000    256.304    -0.2048  28.598140    -0.2059  28.595632     5.7212     5.7848    -0.0033    90.2224 1.0000e-12  -64.77622  -63.06546 348.147830      34.10 0.0000e+00    797.469      19140  1028.9388  1028.9372    34.4908    34.4887    8.08192         39 0.0000e+00
    260.000    257.293    -0.2016  28.600328    -0.2009  28.600040     5.7289     5.7897    -0.0055    90.2268 1.0000e-12  -64.77622  -63.06546 348.147851      33.09 0.0000e+00    799.313      19185  1028.9422  1028.9412    34.4895    34.4884    8.08132         40 0.0000e+00
    261.000    258.283    -0.2033  28.600519    -0.2058  28.597375     5.7313     5.7913    -0.0101    90.1821 1.0000e-12  -64.77622  -63.06546 348.147872      32.24 0.0000e+00    801.177      19229  1028.9484  1028.9474    34.4911    34.4897    8.08159         42 0.0000e+00
    262.000    259.271    -0.2105  28.594011    -0.2106  28.592560     5.7346     5.7897    -0.0030    90.2361 1.0000e-12  -64.77622  -63.06546 348.147894      31.28 0.0000e+00    803.064      19275  1028.9527  1028.9513    34.4899    34.4881    8.08318         39 0.0000e+00
    263.000    260.260    -0.2116  28.593516    -0.2119  28.591975     5.7325     5.7895    -0.0036    90.2413 1.0000e-12  -64.77622  -63.06546 348.147916      30.27 0.0000e+00    804.956      19320  1028.9575  1028.9562    34.4899    34.4882    8.08342         41 0.0000e+00
    264.000    261.249    -0.2099  28.595589    -0.2103  28.593687     5.7267     5.7900    -0.0104    90.1989 1.0000e-12  -64.77622  -63.06546 348.147939      29.31 0.0000e+00    806.888      19366  1028.9622  1028.9606    34.4901    34.4881    8.08304         43 0.0000e+00
    265.000    262.237    -0.2096  28.595751    -0.2109  28.593727     5.7319     5.7922    -0.0017    90.2257 1.0000e-12  -64.77622  -63.06546 348.147962      28.32 0.0000e+00    808.902      19415  1028.9663  1028.9654    34.4894    34.4882    8.08302         35 0.0000e+00
    266.000    263.228    -0.2099  28.596475    -0.2166  28.589856     5.7330     5.7930     0.0020    90.1804 1.0000e-12  -64.77622  -63.06547 348.147987      27.37 0.0000e+00    811.056      19466  1028.9717  1028.9711    34.4902    34.4889    8.08305         42 0.0000e+00
    267.000    264.214    -0.2168  28.591325    -0.2182  28.589011     5.7398     5.7998    -0.0118    90.1805 1.0000e-12  -64.77622  -63.06547 348.148013      26.40 0.0000e+00    813.334      19521  1028.9772  1028.9761    34.4905    34.4890    8.08449         35 0.0000e+00
    268.000    265.207    -0.2176  28.590457    -0.2223  28.584777     5.7270     5.7956    -0.0070    90.2069 1.0000e-12  -64.77622  -63.06548 348.148041      25.42 0.0000e+00    815.703      19578  1028.9814  1028.9797    34.4896    34.4873    8.08471         43 0.0000e+00
    269.000    266.194    -0.2040  28.602722    -0.2055  28.600195     5.7196     5.7868     0.0008    90.2202 1.0000e-12  -64.77622  -63.06548 348.148068      24.44 0.0000e+00    818.077      19635  1028.9851  1028.9838    34.4899    34.4883    8.08180         44 0.0000e+00
    270.000    267.181    -0.2045  28.603409    -0.2037  28.602933     5.7350     5.7915    -0.0099    90.2380 1.0000e-12  -64.77622  -63.06548 348.148095      23.50 0.0000e+00    820.413      19691  1028.9907  1028.9893    34.4908    34.4893    8.08186         33 0.0000e+00
    271.000    268.171    -0.2120  28.596735    -0.2127  28.594734     5.7366     5.8018    -0.0064    90.1863 1.0000e-12  -64.77622  -63.06548 348.148135      22.49 0.0000e+00    823.891      19774  1028.9952  1028.9938    34.4898    34.4880    8.08350         39 0.0000e+00
    272.000    269.161    -0.2283  28.583640    -0.2291  28.581750     5.7831     5.8293    -0.0117    90.1888 1.0000e-12  -64.77622  -63.06548 348.148170      21.57 0.0000e+00    826.917      19847  1029.0016  1029.0004    34.4901    34.4886    8.08694         40 0.0000e+00
    273.000    270.149    -0.3155  28.508509    -0.3157  28.507288     5.8487     5.8717    -0.0019    90.2222 1.0000e-12  -64.77622  -63.06548 348.148203      20.69 0.0000e+00    829.772      19916  1029.0114  1029.0102    34.4879    34.4864    8.10560         35 0.0000e+00
    274.000    271.139    -0.3370  28.489810    -0.3379  28.488048     5.8308     5.8839    -0.0042    90.1921 1.0000e-12  -64.77622  -63.06548 348.148237      19.72 0.0000e+00    832.664      19985  1029.0160  1029.0149    34.4867    34.4853    8.11025         34 0.0000e+00
    275.000    272.126    -0.3405  28.488766    -0.3405  28.487399     5.8203     5.8812    -0.0110    90.0999 1.0000e-12  -64.77622  -63.06548 348.148270      18.79 0.0000e+00    835.543      20054  1029.0218  1029.0203    34.4885    34.4867    8.11087         44 0.0000e+00
    276.000    273.117    -0.3485  28.483512    -0.3479  28.482636     5.8191     5.8854    -0.0097    90.1083 1.0000e-12  -64.77622  -63.06548 348.148303      17.88 0.0000e+00    838.418      20123  1029.0279  1029.0264    34.4900    34.4882    8.11250         40 0.0000e+00
    277.000    274.102    -0.3560  28.478167    -0.3573  28.475834     5.8321     5.8901    -0.0155    90.1174 1.0000e-12  -64.77622  -63.06548 348.148336      16.93 0.0000e+00    841.216      20190  1029.0335  1029.0322    34.4907    34.4891    8.11405         39 0.0000e+00
    278.000    275.093    -0.3616  28.474457    -0.3618  28.472998     5.8237     5.8896    -0.0098    90.0274 1.0000e-12  -64.77622  -63.06548 348.148368      15.97 0.0000e+00    843.982      20257  1029.0390  1029.0376    34.4915    34.4898    8.11521         40 0.0000e+00
    279.000    276.083    -0.3656  28.471883    -0.3650  28.471015     5.8248     5.8903    -0.0125    89.9401 1.0000e-12  -64.77622  -63.06548 348.148402      15.01 0.0000e+00    846.904      20327  1029.0441  1029.0426    34.4919    34.4902    8.11603         43 0.0000e+00
    280.000    277.073    -0.3660  28.472091    -0.3667  28.470327     5.8241     5.8903    -0.0070    89.9680 1.0000e-12  -64.77622  -63.06548 348.148435      14.07 0.0000e+00    849.749      20395  1029.0489  1029.0477    34.4921    34.4906    8.11611         40 0.0000e+00
    281.000    278.063    -0.3657  28.472730    -0.3657  28.471513     5.8291     5.8933    -0.0171    89.9852 1.0000e-12  -64.77622  -63.06548 348.148467      13.05 0.0000e+00    852.547      20462  1029.0534  1029.0520    34.4920    34.4903    8.11605         37 0.0000e+00
    282.000    279.049    -0.3657  28.473309    -0.3666  28.471460     5.8293     5.8928    -0.0086    88.6869 1.0000e-12  -64.77622  -63.06548 348.148501      12.06 0.0000e+00    855.452      20532  1029.0581  1029.0570    34.4921    34.4907    8.11604         41 0.0000e+00
    283.000    280.039    -0.3708  28.469785    -0.3731  28.466833     5.8402     5.8937    -0.0148    89.9993 1.0000e-12  -64.77622  -63.06548 348.148534      11.10 0.0000e+00    858.324      20601  1029.0636  1029.0627    34.4926    34.4913    8.11710         43 0.0000e+00
    284.000    281.028    -0.3813  28.461628    -0.3817  28.459927     5.8330     5.9006    -0.0038    89.7558 1.0000e-12  -64.77622  -63.06549 348.149249      10.04 0.0000e+00    920.111      22084  1029.0691  1029.0676    34.4930    34.4911    8.11932         75 0.0000e+00
