NBP2113_155081_ctd/data/dnbp2113_025.cnv
* Sea-Bird SBE 9 Data File:
* FileName = D:\Data\raw\NBP2113_025.hex
* Software Version Seasave V 7.26.7.121
* Temperature SN = 2438
* Conductivity SN = 2067
* Number of Bytes Per Scan = 40
* Number of Voltage Words = 5
* Number of Scans Averaged by the Deck Unit = 1
* NMEA Latitude = 66 26.47 S
* NMEA Longitude = 073 01.98 W
* NMEA UTC (Time) = Dec 02 2021  19:32:09
* NMEA baud rate = 9600
** Ship: RVIB N.B. Palmer
** Cruise: NBP2113 LTER
** Station: 200.200
** Operator: S. Blackman
# nquan = 25
# nvalues = 3710                        
# units = specified
# name 0 = prDM: Pressure, Digiquartz [db]
# name 1 = depSM: Depth [salt water, m]
# name 2 = t090C: Temperature [ITS-90, deg C]
# name 3 = c0mS/cm: Conductivity [mS/cm]
# name 4 = t190C: Temperature, 2 [ITS-90, deg C]
# name 5 = c1mS/cm: Conductivity, 2 [mS/cm]
# name 6 = sbeox0ML/L: Oxygen, SBE 43 [ml/l]
# name 7 = sbeox1ML/L: Oxygen, SBE 43, 2 [ml/l]
# name 8 = flECO-AFL: Fluorescence, WET Labs ECO-AFL/FL [mg/m^3]
# name 9 = CStarTr0: Beam Transmission, WET Labs C-Star [%]
# name 10 = par: PAR/Irradiance, Biospherical/Licor
# name 11 = latitude: Latitude [deg]
# name 12 = longitude: Longitude [deg]
# name 13 = timeJ: Julian Days
# name 14 = altM: Altimeter [m]
# name 15 = spar: SPAR, Biospherical/Licor
# name 16 = timeS: Time, Elapsed [seconds]
# name 17 = scan: Scan Count
# name 18 = density00: Density [density, kg/m^3]
# name 19 = density11: Density, 2 [density, kg/m^3]
# name 20 = sal00: Salinity, Practical [PSU]
# name 21 = sal11: Salinity, Practical, 2 [PSU]
# name 22 = oxsolML/L: Oxygen Saturation, Garcia & Gordon [ml/l]
# name 23 = nbin: number of scans per bin
# name 24 = flag: flag
# span 0 =      7.000,   3716.000       
# span 1 =      6.931,   3647.210       
# span 2 =    -0.8567,     2.0059       
# span 3 =  27.620544,  30.705827       
# span 4 =    -0.8581,     2.0055       
# span 5 =  27.618989,  30.704902       
# span 6 =     3.8898,     8.3494       
# span 7 =     3.9443,     8.3998       
# span 8 =    -0.0225,     8.3829       
# span 9 =    85.4774,    97.6524       
# span 10 = 1.0000e-12, 1.0000e-12      
# span 11 =  -66.44178,  -66.44124      
# span 12 =  -73.03301,  -73.03222      
# span 13 = 336.815519, 336.868248      
# span 14 =       6.24,     107.41      
# span 15 = 4.6715e+02, 2.4844e+03      
# span 16 =    131.802,   4687.621      
# span 17 =       3164,     112504      
# span 18 =  1027.3234,  1044.8165      
# span 19 =  1027.3221,  1044.8156      
# span 20 =    33.9596,    34.7296      
# span 21 =    33.9579,    34.7284      
# span 22 =    7.62736,    8.24846      
# span 23 =         11,         46      
# span 24 = 0.0000e+00, 0.0000e+00      
# interval = decibars: 1                
# start_time = Dec 02 2021 19:32:09 [NMEA time, header]
# bad_flag = -9.990e-29
*END*
[from data line 1856]
   1863.000   1836.367     0.9309  30.431870     0.9310  30.431173     4.4588     4.5115    -0.0116    97.6266 1.0000e-12  -66.44156  -73.03250 336.842665      99.98 7.4382e+02   2477.250      59455  1036.4741  1036.4733    34.7144    34.7134    7.83530         15 0.0000e+00
   1864.000   1837.348     0.9295  30.431124     0.9295  30.430375     4.4546     4.5080    -0.0161    97.6266 1.0000e-12  -66.44156  -73.03250 336.842673      57.85 7.4394e+02   2477.916      59471  1036.4789  1036.4781    34.7145    34.7134    7.83558         18 0.0000e+00
   1865.000   1838.330     0.9308  30.432702     0.9309  30.431900     4.4588     4.5084    -0.0161    97.6266 1.0000e-12  -66.44156  -73.03251 336.842709      59.76 7.5155e+02   2481.075      59547  1036.4833  1036.4824    34.7146    34.7134    7.83531         27 0.0000e+00
   1866.000   1839.312     0.9301  30.432402     0.9302  30.431728     4.4649     4.5066    -0.0100    97.6411 1.0000e-12  -66.44156  -73.03252 336.842737     100.57 7.5903e+02   2483.517      59605  1036.4878  1036.4870    34.7144    34.7134    7.83546         18 0.0000e+00
   1867.000   1840.293     0.9292  30.432121     0.9292  30.431379     4.4557     4.5093    -0.0094    97.6311 1.0000e-12  -66.44156  -73.03250 336.842746      99.97 7.6095e+02   2484.211      59622  1036.4926  1036.4918    34.7145    34.7135    7.83564         17 0.0000e+00
   1868.000   1841.274     0.9290  30.432280     0.9289  30.431499     4.4563     4.5108    -0.0105    97.6393 1.0000e-12  -66.44156  -73.03250 336.842754      99.98 7.6155e+02   2484.921      59639  1036.4971  1036.4964    34.7144    34.7135    7.83568         18 0.0000e+00
   1869.000   1842.255     0.9281  30.431972     0.9280  30.431079     4.4638     4.5103    -0.0097    97.6366 1.0000e-12  -66.44156  -73.03250 336.842762      99.97 7.6252e+02   2485.673      59657  1036.5017  1036.5009    34.7144    34.7134    7.83585         18 0.0000e+00
   1870.000   1843.238     0.9272  30.431407     0.9271  30.430679     4.4604     4.5155    -0.0143    97.6267 1.0000e-12  -66.44156  -73.03250 336.842772      99.98 7.6324e+02   2486.512      59677  1036.5063  1036.5056    34.7143    34.7134    7.83605         22 0.0000e+00
   1871.000   1844.219     0.9251  30.430022     0.9251  30.429382     4.4567     4.5130    -0.0125    97.6298 1.0000e-12  -66.44156  -73.03250 336.842785      99.98 7.6531e+02   2487.598      59703  1036.5111  1036.5104    34.7143    34.7134    7.83647         31 0.0000e+00
   1872.000   1845.199     0.9243  30.429628     0.9244  30.428876     4.4619     4.5064    -0.0060    97.6311 1.0000e-12  -66.44156  -73.03249 336.842812      99.97 7.7342e+02   2489.921      59759  1036.5156  1036.5148    34.7141    34.7131    7.83664         34 0.0000e+00
   1873.000   1846.179     0.9227  30.428772     0.9228  30.428029     4.4612     4.5076    -0.0013    97.6434 1.0000e-12  -66.44156  -73.03248 336.842829      99.98 7.7706e+02   2491.464      59796  1036.5204  1036.5197    34.7142    34.7132    7.83694         23 0.0000e+00
   1874.000   1847.164     0.9226  30.429006     0.9227  30.428357     4.4574     4.5104    -0.0099    97.6371 1.0000e-12  -66.44156  -73.03248 336.842839      99.98 7.7890e+02   2492.299      59816  1036.5249  1036.5243    34.7141    34.7133    7.83697         17 0.0000e+00
   1875.000   1848.143     0.9223  30.429227     0.9223  30.428519     4.4555     4.5103    -0.0049    97.6346 1.0000e-12  -66.44156  -73.03248 336.842847      99.98 7.7942e+02   2492.991      59833  1036.5295  1036.5289    34.7142    34.7133    7.83703         16 0.0000e+00
   1876.000   1849.126     0.9220  30.429385     0.9220  30.428575     4.4634     4.5108    -0.0018    97.6443 1.0000e-12  -66.44156  -73.03249 336.842855      99.97 7.8085e+02   2493.648      59849  1036.5342  1036.5334    34.7143    34.7132    7.83709         16 0.0000e+00
   1877.000   1850.105     0.9216  30.429366     0.9215  30.428626     4.4621     4.5074    -0.0081    97.6347 1.0000e-12  -66.44156  -73.03250 336.842862      99.98 7.8096e+02   2494.304      59864  1036.5387  1036.5381    34.7142    34.7133    7.83718         16 0.0000e+00
   1878.000   1851.089     0.9210  30.429224     0.9209  30.428424     4.4543     4.5069    -0.0062    97.6295 1.0000e-12  -66.44156  -73.03250 336.842871      99.97 7.8258e+02   2495.020      59881  1036.5433  1036.5426    34.7141    34.7132    7.83730         19 0.0000e+00
   1879.000   1852.069     0.9205  30.429224     0.9205  30.428354     4.4597     4.5097    -0.0067    97.6186 1.0000e-12  -66.44156  -73.03251 336.842882      89.85 7.8490e+02   2495.965      59904  1036.5480  1036.5471    34.7141    34.7131    7.83740         29 0.0000e+00
   1880.000   1853.050     0.9206  30.429721     0.9208  30.428981     4.4662     4.5118    -0.0115    97.6346 1.0000e-12  -66.44156  -73.03251 336.842909      99.80 7.8976e+02   2498.333      59961  1036.5524  1036.5515    34.7141    34.7130    7.83737         28 0.0000e+00
   1881.000   1854.031     0.9203  30.429854     0.9205  30.429127     4.4745     4.5053    -0.0147    97.6450 1.0000e-12  -66.44156  -73.03249 336.842941      99.98 7.9656e+02   2501.101      60027  1036.5570  1036.5561    34.7141    34.7130    7.83743         38 0.0000e+00
   1882.000   1855.013     0.9203  30.430235     0.9203  30.429488     4.4626     4.5110    -0.0085    97.6428 1.0000e-12  -66.44154  -73.03248 336.842956      99.97 7.9958e+02   2502.424      60059  1036.5616  1036.5607    34.7141    34.7131    7.83744         27 0.0000e+00
   1883.000   1855.995     0.9200  30.430414     0.9202  30.429759     4.4689     4.5091    -0.0105    97.6350 1.0000e-12  -66.44156  -73.03246 336.842968      99.98 8.0147e+02   2503.434      60083  1036.5661  1036.5653    34.7141    34.7131    7.83750         21 0.0000e+00
   1884.000   1856.975     0.9201  30.430960     0.9202  30.430210     4.4686     4.5070    -0.0162    97.6361 1.0000e-12  -66.44156  -73.03246 336.842978      99.98 8.0353e+02   2504.260      60103  1036.5707  1036.5699    34.7142    34.7132    7.83747         19 0.0000e+00
   1885.000   1857.957     0.9197  30.430947     0.9198  30.430315     4.4690     4.5019    -0.0167    97.6387 1.0000e-12  -66.44156  -73.03248 336.842986      99.98 8.0553e+02   2504.998      60121  1036.5752  1036.5746    34.7141    34.7132    7.83755         17 0.0000e+00
   1886.000   1858.938     0.9192  30.430956     0.9190  30.430074     4.4576     4.4989    -0.0159    97.6475 1.0000e-12  -66.44156  -73.03248 336.842994      99.98 8.0564e+02   2505.691      60138  1036.5799  1036.5791    34.7141    34.7132    7.83765         16 0.0000e+00
   1887.000   1859.918     0.9192  30.431310     0.9192  30.430566     4.4442     4.5011    -0.0114    97.6443 1.0000e-12  -66.44156  -73.03248 336.843002      99.98 8.0443e+02   2506.352      60153  1036.5844  1036.5837    34.7140    34.7132    7.83765         16 0.0000e+00
   1888.000   1860.900     0.9192  30.431737     0.9191  30.430985     4.4528     4.5051    -0.0102    97.6286 1.0000e-12  -66.44156  -73.03250 336.843009      99.97 8.0272e+02   2506.990      60169  1036.5890  1036.5883    34.7142    34.7132    7.83767         15 0.0000e+00
   1889.000   1861.883     0.9192  30.432161     0.9191  30.431372     4.4593     4.5089    -0.0101    97.6266 1.0000e-12  -66.44155  -73.03251 336.843016      99.97 8.0224e+02   2507.614      60184  1036.5935  1036.5928    34.7141    34.7132    7.83766         15 0.0000e+00
   1890.000   1862.865     0.9189  30.432415     0.9190  30.431700     4.4562     4.5108    -0.0103    97.6325 1.0000e-12  -66.44154  -73.03252 336.843024      99.98 8.0486e+02   2508.279      60200  1036.5982  1036.5973    34.7142    34.7132    7.83770         17 0.0000e+00
   1891.000   1863.843     0.9190  30.432747     0.9189  30.431949     4.4572     4.5117    -0.0101    97.6396 1.0000e-12  -66.44154  -73.03250 336.843046      99.98 8.1630e+02   2510.155      60245  1036.6026  1036.6018    34.7141    34.7131    7.83771         24 0.0000e+00
   1892.000   1864.824     0.9196  30.433634     0.9195  30.432856     4.4599     4.5104    -0.0099    97.6266 1.0000e-12  -66.44154  -73.03244 336.843096      99.97 8.3904e+02   2514.525      60350  1036.6070  1036.6063    34.7140    34.7131    7.83759         13 0.0000e+00
   1893.000   1865.809     0.9192  30.433786     0.9192  30.433004     4.4629     4.5062    -0.0107    97.6266 1.0000e-12  -66.44154  -73.03246 336.843103      99.98 8.3913e+02   2515.066      60363  1036.6117  1036.6109    34.7142    34.7131    7.83766         12 0.0000e+00
   1894.000   1866.786     0.9192  30.434150     0.9192  30.433594     4.4656     4.5101    -0.0114    97.6266 1.0000e-12  -66.44154  -73.03246 336.843109      99.98 8.3913e+02   2515.577      60375  1036.6163  1036.6157    34.7141    34.7134    7.83767         12 0.0000e+00
   1895.000   1867.774     0.9189  30.434387     0.9191  30.433840     4.4637     4.5094    -0.0151    97.6266 1.0000e-12  -66.44154  -73.03248 336.843114      99.98 8.3720e+02   2516.092      60387  1036.6209  1036.6201    34.7142    34.7133    7.83771         13 0.0000e+00
   1896.000   1868.748     0.9174  30.433487     0.9177  30.432898     4.4605     4.5142    -0.0166    97.6322 1.0000e-12  -66.44154  -73.03248 336.843121      99.97 8.3557e+02   2516.659      60401  1036.6256  1036.6248    34.7141    34.7131    7.83801         14 0.0000e+00
   1897.000   1869.734     0.9164  30.433058     0.9165  30.432301     4.4603     4.5142    -0.0098    97.6478 1.0000e-12  -66.44154  -73.03248 336.843128      99.98 8.3542e+02   2517.304      60416  1036.6303  1036.6294    34.7142    34.7131    7.83821         18 0.0000e+00
   1898.000   1870.714     0.9169  30.433836     0.9169  30.432915     4.4658     4.5102    -0.0136    97.6350 1.0000e-12  -66.44154  -73.03249 336.843149      99.97 8.4059e+02   2519.082      60459  1036.6347  1036.6338    34.7141    34.7129    7.83812         38 0.0000e+00
   1899.000   1871.693     0.9167  30.433886     0.9169  30.433214     4.4623     4.5146    -0.0178    97.6352 1.0000e-12  -66.44154  -73.03247 336.843177      99.97 8.4877e+02   2521.537      60518  1036.6391  1036.6383    34.7139    34.7129    7.83818         30 0.0000e+00
   1900.000   1872.675     0.9162  30.433950     0.9164  30.433266     4.4650     4.5160    -0.0074    97.6390 1.0000e-12  -66.44154  -73.03245 336.843191      99.97 8.5024e+02   2522.734      60547  1036.6437  1036.6429    34.7140    34.7129    7.83826         29 0.0000e+00
   1901.000   1873.657     0.9163  30.434382     0.9163  30.433645     4.4673     4.5062    -0.0075    97.6363 1.0000e-12  -66.44154  -73.03244 336.843206      99.98 8.5169e+02   2523.989      60577  1036.6483  1036.6475    34.7140    34.7130    7.83826         29 0.0000e+00
   1902.000   1874.638     0.9165  30.435090     0.9166  30.434272     4.4594     4.5106    -0.0149    97.6359 1.0000e-12  -66.44154  -73.03246 336.843218      99.98 8.5319e+02   2525.050      60602  1036.6529  1036.6521    34.7141    34.7130    7.83821         22 0.0000e+00
   1903.000   1875.618     0.9168  30.435575     0.9167  30.434875     4.4597     4.5120    -0.0125    97.6307 1.0000e-12  -66.44154  -73.03246 336.843228      99.98 8.5333e+02   2525.880      60622  1036.6573  1036.6567    34.7139    34.7131    7.83816         18 0.0000e+00
   1904.000   1876.602     0.9169  30.436156     0.9169  30.435451     4.4554     4.5113    -0.0098    97.6311 1.0000e-12  -66.44154  -73.03246 336.843236      99.97 8.5545e+02   2526.597      60639  1036.6619  1036.6612    34.7140    34.7131    7.83813         17 0.0000e+00
   1905.000   1877.581     0.9170  30.436632     0.9170  30.435987     4.4625     4.5142    -0.0018    97.6401 1.0000e-12  -66.44154  -73.03248 336.843244      99.98 8.5808e+02   2527.283      60656  1036.6664  1036.6657    34.7140    34.7131    7.83811         17 0.0000e+00
   1906.000   1878.563     0.9169  30.436995     0.9171  30.436403     4.4639     4.5144    -0.0016    97.6311 1.0000e-12  -66.44154  -73.03248 336.843252      99.97 8.6119e+02   2528.003      60673  1036.6710  1036.6702    34.7140    34.7131    7.83813         18 0.0000e+00
   1907.000   1879.543     0.9162  30.436820     0.9164  30.436083     4.4595     4.5136    -0.0039    97.6382 1.0000e-12  -66.44154  -73.03248 336.843264      99.98 8.6502e+02   2529.030      60698  1036.6756  1036.6747    34.7140    34.7129    7.83826         28 0.0000e+00
   1908.000   1880.525     0.9165  30.437446     0.9169  30.436860     4.4661     4.5041    -0.0030    97.6296 1.0000e-12  -66.44154  -73.03248 336.843312      99.98 8.7641e+02   2533.165      60797  1036.6801  1036.6791    34.7140    34.7128    7.83820         30 0.0000e+00
   1909.000   1881.505     0.9165  30.437842     0.9164  30.437110     4.4675     4.5076    -0.0101    97.6265 1.0000e-12  -66.44154  -73.03246 336.843322      99.97 8.8336e+02   2534.057      60818  1036.6847  1036.6840    34.7140    34.7131    7.83821         20 0.0000e+00
   1910.000   1882.488     0.9163  30.438028     0.9163  30.437330     4.4672     4.5109    -0.0097    97.6426 1.0000e-12  -66.44154  -73.03246 336.843331      99.98 8.8838e+02   2534.825      60837  1036.6891  1036.6884    34.7139    34.7130    7.83825         18 0.0000e+00
   1911.000   1883.469     0.9162  30.438347     0.9162  30.437581     4.4650     4.5084    -0.0100    97.6443 1.0000e-12  -66.44154  -73.03246 336.843339      99.98 8.9156e+02   2535.517      60853  1036.6938  1036.6930    34.7140    34.7129    7.83828         16 0.0000e+00
   1912.000   1884.449     0.9151  30.437784     0.9152  30.437100     4.4612     4.5057    -0.0101    97.6368 1.0000e-12  -66.44154  -73.03246 336.843347      99.97 8.9524e+02   2536.176      60869  1036.6984  1036.6977    34.7139    34.7130    7.83850         15 0.0000e+00
   1913.000   1885.431     0.9149  30.438050     0.9149  30.437306     4.4639     4.5083    -0.0114    97.6184 1.0000e-12  -66.44154  -73.03246 336.843354      73.25 8.9910e+02   2536.818      60885  1036.7031  1036.7023    34.7140    34.7129    7.83854         16 0.0000e+00
   1914.000   1886.413     0.9143  30.437937     0.9143  30.437156     4.4661     4.5078    -0.0086    97.6205 1.0000e-12  -66.44154  -73.03246 336.843362      62.09 9.0305e+02   2537.489      60901  1036.7077  1036.7068    34.7140    34.7129    7.83866         17 0.0000e+00
   1915.000   1887.394     0.9134  30.437506     0.9134  30.436837     4.4652     4.5124    -0.0183    97.6241 1.0000e-12  -66.44154  -73.03246 336.843371      21.51 9.0678e+02   2538.283      60920  1036.7123  1036.7116    34.7138    34.7130    7.83884         22 0.0000e+00
   1916.000   1888.375     0.9135  30.437868     0.9135  30.437184     4.4713     4.5182    -0.0148    97.6339 1.0000e-12  -66.44154  -73.03249 336.843390      88.88 9.1441e+02   2539.911      60959  1036.7167  1036.7159    34.7138    34.7128    7.83883         32 0.0000e+00
   1917.000   1889.355     0.9132  30.438043     0.9131  30.437180     4.4739     4.5174    -0.0104    97.6380 1.0000e-12  -66.44152  -73.03250 336.843424     100.15 9.2873e+02   2542.838      61029  1036.7212  1036.7205    34.7137    34.7127    7.83888         34 0.0000e+00
   1918.000   1890.338     0.9123  30.437710     0.9123  30.437008     4.4728     4.5160    -0.0158    97.6376 1.0000e-12  -66.44154  -73.03248 336.843439      99.98 9.3016e+02   2544.095      61059  1036.7260  1036.7253    34.7138    34.7129    7.83907         28 0.0000e+00
   1919.000   1891.317     0.9116  30.437534     0.9117  30.436816     4.4715     4.5152    -0.0110    97.6417 1.0000e-12  -66.44154  -73.03248 336.843451      99.97 9.3402e+02   2545.205      61086  1036.7306  1036.7299    34.7138    34.7128    7.83921         24 0.0000e+00
