NBP2113_155081_ctd/data/dnbp2113_001.cnv
* Sea-Bird SBE 9 Data File:
* FileName = D:\Data\raw\NBP2113_001.hex
* Software Version Seasave V 7.26.7.121
* Temperature SN = 2438
* Conductivity SN = 2067
* Number of Bytes Per Scan = 40
* Number of Voltage Words = 5
* Number of Scans Averaged by the Deck Unit = 1
* NMEA Latitude = 62 27.93 S
* NMEA Longitude = 060 43.81 W
* NMEA UTC (Time) = Nov 21 2021  23:52:59
* NMEA baud rate = 9600
** Ship: RVIB N.B. Palmer
** Cruise: NBP2113 LTER
** Station: 982.238
** Operator: S, Blackman
# nquan = 25
# nvalues = 56                          
# units = specified
# name 0 = prDM: Pressure, Digiquartz [db]
# name 1 = depSM: Depth [salt water, m]
# name 2 = t090C: Temperature [ITS-90, deg C]
# name 3 = c0mS/cm: Conductivity [mS/cm]
# name 4 = t190C: Temperature, 2 [ITS-90, deg C]
# name 5 = c1mS/cm: Conductivity, 2 [mS/cm]
# name 6 = sbeox0ML/L: Oxygen, SBE 43 [ml/l]
# name 7 = sbeox1ML/L: Oxygen, SBE 43, 2 [ml/l]
# name 8 = flECO-AFL: Fluorescence, WET Labs ECO-AFL/FL [mg/m^3]
# name 9 = CStarTr0: Beam Transmission, WET Labs C-Star [%]
# name 10 = par: PAR/Irradiance, Biospherical/Licor
# name 11 = latitude: Latitude [deg]
# name 12 = longitude: Longitude [deg]
# name 13 = timeJ: Julian Days
# name 14 = altM: Altimeter [m]
# name 15 = spar: SPAR, Biospherical/Licor
# name 16 = timeS: Time, Elapsed [seconds]
# name 17 = scan: Scan Count
# name 18 = density00: Density [density, kg/m^3]
# name 19 = density11: Density, 2 [density, kg/m^3]
# name 20 = sal00: Salinity, Practical [PSU]
# name 21 = sal11: Salinity, Practical, 2 [PSU]
# name 22 = oxsolML/L: Oxygen Saturation, Garcia & Gordon [ml/l]
# name 23 = nbin: number of scans per bin
# name 24 = flag: flag
# span 0 =      2.000,     57.000       
# span 1 =      1.980,     56.508       
# span 2 =     0.2088,     0.2828       
# span 3 =  28.679844,  28.723323       
# span 4 =     0.2096,     0.2831       
# span 5 =  28.678338,  28.722067       
# span 6 =     7.6633,     7.9520       
# span 7 =     7.6992,     7.9825       
# span 8 =     0.6875,     0.9725       
# span 9 =    85.2916,    91.2915       
# span 10 = 1.0000e-12, 5.7174e+01      
# span 11 =  -62.46543,  -62.46536      
# span 12 =  -60.73042,  -60.73034      
# span 13 = 325.998549, 326.000841      
# span 14 =       7.71,      63.97      
# span 15 = 3.1690e+02, 3.9345e+02      
# span 16 =    295.668,    493.665      
# span 17 =       7097,      11849      
# span 18 =  1027.4913,  1027.7651      
# span 19 =  1027.4884,  1027.7621      
# span 20 =    34.2433,    34.2582      
# span 21 =    34.2400,    34.2552      
# span 22 =    7.99355,    8.00819      
# span 23 =          2,         48      
# span 24 = 0.0000e+00, 0.0000e+00      
# interval = decibars: 1                
# start_time = Nov 21 2021 23:52:59 [NMEA time, header]
# bad_flag = -9.990e-29
*END*
      2.000      1.980     0.2775  28.703443     0.2783  28.701504     7.8144     7.9742     0.7880    85.2916 5.7174e+01  -62.46538  -60.73034 325.998549      63.97 3.9345e+02    295.668       7097  1027.4913  1027.4884    34.2446    34.2411    7.99465         34 0.0000e+00
      3.000      2.972     0.2735  28.700761     0.2737  28.698405     7.8077     7.9599     0.8235    85.8392 4.2666e+01  -62.46538  -60.73038 325.998742      63.52 3.8571e+02    312.289       7496  1027.4964  1027.4937    34.2450    34.2416    7.99547         45 0.0000e+00
      4.000      3.961     0.2740  28.701531     0.2738  28.699017     7.8131     7.9533     0.8350    86.1361 3.2433e+01  -62.46538  -60.73038 325.998840      62.68 3.9303e+02    320.746       7699  1027.5009  1027.4985    34.2448    34.2417    7.99536         35 0.0000e+00
      5.000      4.951     0.2666  28.695602     0.2691  28.695325     7.8175     7.9608     0.8431    86.1636 2.5625e+01  -62.46538  -60.73040 325.998874      61.08 3.7017e+02    323.697       7770  1027.5062  1027.5034    34.2447    34.2414    7.99692         40 0.0000e+00
      6.000      5.945     0.2666  28.696017     0.2680  28.694874     7.8311     7.9613     0.8204    86.0262 2.0954e+01  -62.46538  -60.73040 325.998900      60.45 3.7650e+02    325.973       7824  1027.5108  1027.5082    34.2446    34.2415    7.99691         30 0.0000e+00
      7.000      6.933     0.2713  28.700496     0.2718  28.698314     7.8328     7.9635     0.8605    85.9960 1.7215e+01  -62.46537  -60.73040 325.998945      59.13 3.8307e+02    329.814       7917  1027.5152  1027.5124    34.2446    34.2412    7.99593         45 0.0000e+00
      8.000      7.922     0.2700  28.699820     0.2713  28.698371     7.8281     7.9675     0.8794    85.8732 1.3367e+01  -62.46536  -60.73040 325.998973      58.31 3.7226e+02    332.238       7975  1027.5201  1027.5173    34.2446    34.2412    7.99621         44 0.0000e+00
      9.000      8.915     0.2669  28.697621     0.2678  28.696006     7.8357     7.9614     0.8957    85.8477 1.0930e+01  -62.46536  -60.73040 325.999016      57.25 3.7778e+02    336.025       8066  1027.5250  1027.5224    34.2446    34.2414    7.99686         31 0.0000e+00
     10.000      9.903     0.2674  28.698666     0.2689  28.697201     7.8391     7.9625     0.8562    85.8832 8.9935e+00  -62.46536  -60.73040 325.999047      56.27 3.7543e+02    338.660       8129  1027.5299  1027.5269    34.2447    34.2411    7.99674         44 0.0000e+00
     11.000     10.895     0.2708  28.701808     0.2719  28.700213     7.8416     7.9637     0.8825    85.9506 7.0739e+00  -62.46536  -60.73041 325.999076      55.13 3.7908e+02    341.198       8190  1027.5342  1027.5314    34.2445    34.2411    7.99605         38 0.0000e+00
     12.000     11.883     0.2723  28.703481     0.2734  28.701919     7.8402     7.9531     0.8831    85.8251 5.8231e+00  -62.46536  -60.73042 325.999113      54.09 3.7035e+02    344.377       8266  1027.5388  1027.5361    34.2444    34.2411    7.99574         43 0.0000e+00
     13.000     12.874     0.2719  28.703700     0.2726  28.701806     7.8417     7.9565     0.9048    85.9180 4.8630e+00  -62.46536  -60.73042 325.999146      52.97 3.7854e+02    347.257       8335  1027.5437  1027.5410    34.2446    34.2413    7.99582         48 0.0000e+00
     14.000     13.863     0.2729  28.704921     0.2744  28.703703     7.8499     7.9622     0.8691    85.9868 3.8869e+00  -62.46536  -60.73042 325.999186      52.07 3.7593e+02    350.703       8418  1027.5483  1027.5455    34.2444    34.2411    7.99562         37 0.0000e+00
     15.000     14.856     0.2737  28.705895     0.2736  28.703179     7.8524     7.9696     0.8482    85.8250 3.2841e+00  -62.46536  -60.73042 325.999220      51.09 3.8087e+02    353.584       8487  1027.5528  1027.5501    34.2442    34.2407    7.99546         41 0.0000e+00
     16.000     15.846     0.2748  28.707062     0.2747  28.704703     7.8573     7.9697     0.8552    85.7716 2.6941e+00  -62.46536  -60.73042 325.999243      49.94 3.7407e+02    355.584       8535  1027.5573  1027.5548    34.2439    34.2409    7.99526         36 0.0000e+00
     17.000     16.834     0.2741  28.706912     0.2749  28.705033     7.8690     7.9766     0.8910    85.8206 2.1443e+00  -62.46536  -60.73042 325.999283      48.95 3.6900e+02    359.073       8619  1027.5621  1027.5593    34.2439    34.2405    7.99540         33 0.0000e+00
     18.000     17.828     0.2743  28.707549     0.2755  28.705922     7.8492     7.9778     0.8791    85.7704 1.8002e+00  -62.46536  -60.73042 325.999318      48.03 3.6667e+02    362.106       8692  1027.5668  1027.5640    34.2438    34.2405    7.99535         35 0.0000e+00
     19.000     18.816     0.2750  28.708503     0.2758  28.706720     7.8682     7.9825     0.9523    85.7651 1.5104e+00  -62.46536  -60.73042 325.999349      46.85 3.8187e+02    364.778       8756  1027.5714  1027.5688    34.2438    34.2405    7.99522         40 0.0000e+00
     20.000     19.804     0.2743  28.708256     0.2754  28.706731     7.8741     7.9810     0.9358    85.6989 1.1941e+00  -62.46536  -60.73042 325.999384      45.85 3.7297e+02    367.772       8828  1027.5761  1027.5735    34.2436    34.2404    7.99537         26 0.0000e+00
     21.000     20.796     0.2742  28.708720     0.2758  28.707674     7.8480     7.9637     0.9068    85.5235 1.0340e+00  -62.46536  -60.73042 325.999419      44.86 3.8503e+02    370.836       8901  1027.5810  1027.5784    34.2438    34.2406    7.99539         40 0.0000e+00
     22.000     21.787     0.2778  28.712373     0.2785  28.710438     7.8417     7.9600     0.8231    85.3892 8.1256e-01  -62.46536  -60.73042 325.999443      43.83 3.6439e+02    372.836       8949  1027.5856  1027.5829    34.2439    34.2406    7.99462         30 0.0000e+00
     23.000     22.777     0.2776  28.712705     0.2785  28.710906     7.8324     7.9569     0.8918    85.6271 6.7579e-01  -62.46536  -60.73042 325.999483      42.73 3.6714e+02    376.374       9034  1027.5905  1027.5877    34.2440    34.2406    7.99466         29 0.0000e+00
     24.000     23.768     0.2802  28.715589     0.2815  28.714137     7.8301     7.9508     0.8595    85.7363 5.7075e-01  -62.46536  -60.73042 325.999512      41.81 3.6258e+02    378.862       9094  1027.5953  1027.5925    34.2443    34.2409    7.99411         42 0.0000e+00
     25.000     24.758     0.2803  28.716138     0.2812  28.714430     7.8232     7.9503     0.8657    85.8862 4.5276e-01  -62.46536  -60.73042 325.999537      40.61 3.6856e+02    380.970       9144  1027.6001  1027.5974    34.2443    34.2410    7.99409         30 0.0000e+00
     26.000     25.750     0.2808  28.716958     0.2816  28.715205     7.8287     7.9319     0.9528    86.1570 3.7080e-01  -62.46536  -60.73042 325.999588      39.82 3.7383e+02    385.363       9250  1027.6048  1027.6022    34.2442    34.2410    7.99399         32 0.0000e+00
     27.000     26.738     0.2818  28.718521     0.2828  28.716982     7.8432     7.9381     0.8209    86.1770 2.9777e-01  -62.46536  -60.73042 325.999612      38.85 3.6275e+02    387.489       9301  1027.6097  1027.6071    34.2445    34.2413    7.99376         37 0.0000e+00
     28.000     27.728     0.2809  28.718084     0.2820  28.716629     7.8489     7.9395     0.9254    86.0682 2.5002e-01  -62.46536  -60.73042 325.999639      37.52 3.6314e+02    389.831       9357  1027.6145  1027.6119    34.2444    34.2412    7.99396         38 0.0000e+00
     29.000     28.720     0.2802  28.717925     0.2823  28.717348     7.8706     7.9520     0.9639    86.1391 2.0226e-01  -62.46536  -60.73042 325.999670      36.44 3.6148e+02    392.481       9421  1027.6192  1027.6166    34.2443    34.2412    7.99411         39 0.0000e+00
     30.000     29.712     0.2789  28.716971     0.2803  28.715653     7.8683     7.9562     0.9725    86.2583 1.5217e-01  -62.46536  -60.73042 325.999701      35.51 3.6380e+02    395.200       9486  1027.6237  1027.6211    34.2439    34.2406    7.99439         38 0.0000e+00
     31.000     30.700     0.2799  28.718377     0.2811  28.717007     7.8370     7.9355     0.9353    86.3133 1.2346e-01  -62.46536  -60.73042 325.999742      34.66 3.6907e+02    398.670       9569  1027.6285  1027.6259    34.2441    34.2409    7.99418         43 0.0000e+00
     32.000     31.689     0.2828  28.721795     0.2831  28.719416     7.8446     7.9373     0.8439    86.3441 9.1855e-02  -62.46536  -60.73042 325.999770      33.59 3.6277e+02    401.146       9629  1027.6336  1027.6309    34.2447    34.2413    7.99355         40 0.0000e+00
     33.000     32.680     0.2813  28.720569     0.2821  28.718843     7.8981     7.9593     0.8971    86.4270 7.7142e-02  -62.46536  -60.73042 325.999806      32.40 3.6315e+02    404.211       9702  1027.6381  1027.6355    34.2442    34.2410    7.99389         41 0.0000e+00
     34.000     33.670     0.2795  28.719161     0.2802  28.717473     7.9051     7.9632     0.8248    86.5210 5.9824e-02  -62.46536  -60.73042 325.999828      31.41 3.6414e+02    406.114       9748  1027.6427  1027.6402    34.2438    34.2407    7.99429         41 0.0000e+00
     35.000     34.659     0.2770  28.717731     0.2778  28.715841     7.8795     7.9660     0.8245    86.3113 3.6564e-02  -62.46536  -60.73042 325.999852      30.36 3.5921e+02    408.210       9798  1027.6478  1027.6450    34.2440    34.2406    7.99479         38 0.0000e+00
     36.000     35.650     0.2776  28.718575     0.2788  28.717216     7.9353     7.9746     0.8946    86.1030 2.5664e-02  -62.46536  -60.73042 325.999904      29.56 3.7337e+02    412.713       9906  1027.6523  1027.6498    34.2438    34.2407    7.99467         37 0.0000e+00
     37.000     36.641     0.2755  28.716852     0.2768  28.715755     7.9010     7.9637     0.8057    86.0998 1.1369e-02  -62.46536  -60.73042 325.999924      28.59 3.6482e+02    414.406       9947  1027.6568  1027.6544    34.2433    34.2404    7.99514         43 0.0000e+00
     38.000     37.631     0.2766  28.718294     0.2765  28.715669     7.8922     7.9736     0.8740    85.9711 3.2098e-03  -62.46538  -60.73042 325.999972      27.37 3.6554e+02    418.615      10048  1027.6615  1027.6589    34.2434    34.2400    7.99491         34 0.0000e+00
     39.000     38.622     0.2762  28.718333     0.2767  28.716549     7.9091     7.9718     0.7814    85.8435 5.9275e-05  -62.46538  -60.73042 325.999992      26.37 3.6670e+02    420.345      10089  1027.6663  1027.6639    34.2433    34.2404    7.99500         32 0.0000e+00
     40.000     39.611     0.2756  28.718321     0.2764  28.716633     7.9520     7.9683     0.7835    85.7494 4.6218e-06  -62.46538  -60.73042 326.000008      25.25 3.6038e+02    421.734      10123  1027.6710  1027.6685    34.2433    34.2402    7.99511         39 0.0000e+00
     41.000     40.601     0.2769  28.720142     0.2777  28.718763     7.8769     7.9252     0.8798    85.7495 1.0000e-12  -62.46538  -60.73042 326.000058      24.32 3.6510e+02    425.991      10225  1027.6760  1027.6738    34.2437    34.2410    7.99483         37 0.0000e+00
     42.000     41.592     0.2774  28.722724     0.2783  28.721139     7.8245     7.8773     0.8192    85.8096 1.0000e-12  -62.46538  -60.73042 326.000092      23.54 3.7289e+02    428.979      10297  1027.6825  1027.6800    34.2459    34.2428    7.99460         38 0.0000e+00
     43.000     42.580     0.2768  28.723264     0.2780  28.722067     7.8201     7.8644     0.8839    86.1288 1.0000e-12  -62.46538  -60.73042 326.000120      22.30 3.4814e+02    431.361      10354  1027.6879  1027.6855    34.2467    34.2437    7.99468         32 0.0000e+00
     44.000     43.572     0.2751  28.722635     0.2764  28.721439     7.8275     7.8667     0.9088    86.9073 1.0000e-12  -62.46538  -60.73042 326.000152      21.23 3.6424e+02    434.117      10420  1027.6932  1027.6907    34.2471    34.2441    7.99500         39 0.0000e+00
     45.000     44.562     0.2745  28.722699     0.2755  28.721246     7.8214     7.8660     0.7499    87.3681 1.0000e-12  -62.46538  -60.73042 326.000169      20.25 3.6399e+02    435.635      10456  1027.6981  1027.6956    34.2473    34.2443    7.99512         32 0.0000e+00
     46.000     45.555     0.2746  28.723323     0.2750  28.721394     7.8049     7.8527     0.8753    87.5479 1.0000e-12  -62.46538  -60.73042 326.000214      19.24 3.4657e+02    439.489      10549  1027.7029  1027.7006    34.2474    34.2444    7.99509         34 0.0000e+00
     47.000     46.543     0.2703  28.721023     0.2710  28.719413     7.7867     7.8353     0.8194    87.5506 1.0000e-12  -62.46538  -60.73042 326.000245      18.29 3.5479e+02    442.146      10613  1027.7090  1027.7066    34.2486    34.2457    7.99593         38 0.0000e+00
     48.000     47.533     0.2697  28.721264     0.2707  28.719735     7.7721     7.8199     0.8456    87.8750 1.0000e-12  -62.46538  -60.73041 326.000270      17.16 3.5655e+02    444.306      10664  1027.7141  1027.7115    34.2490    34.2458    7.99603         44 0.0000e+00
     49.000     48.523     0.2653  28.718877     0.2655  28.716798     7.7519     7.8023     0.9142    88.4754 1.0000e-12  -62.46538  -60.73040 326.000304      16.13 3.6132e+02    447.255      10735  1027.7201  1027.7177    34.2501    34.2471    7.99687         47 0.0000e+00
     50.000     49.514     0.2605  28.715680     0.2598  28.712874     7.7335     7.7866     0.8228    88.7979 1.0000e-12  -62.46538  -60.73041 326.000333      15.22 3.2856e+02    449.748      10795  1027.7256  1027.7233    34.2506    34.2477    7.99784         42 0.0000e+00
     51.000     50.507     0.2452  28.705256     0.2486  28.705457     7.6995     7.7464     0.8760    88.9920 1.0000e-12  -62.46540  -60.73040 326.000370      14.22 3.5675e+02    452.949      10872  1027.7337  1027.7306    34.2533    34.2498    8.00087         33 0.0000e+00
     52.000     51.495     0.2331  28.696868     0.2318  28.693570     7.6953     7.7210     0.8904    89.1838 1.0000e-12  -62.46540  -60.73040 326.000431      13.05 3.4955e+02    458.198      10998  1027.7406  1027.7384    34.2553    34.2524    8.00329         32 0.0000e+00
     53.000     52.479     0.2243  28.690858     0.2249  28.688887     7.6889     7.7117     0.8287    89.6583 1.0000e-12  -62.46540  -60.73040 326.000494      12.17 3.5004e+02    463.718      11130  1027.7468  1027.7442    34.2565    34.2533    8.00504         37 0.0000e+00
     54.000     53.472     0.2143  28.683603     0.2150  28.681926     7.6633     7.7025     0.7135    90.2389 1.0000e-12  -62.46540  -60.73040 326.000544      11.30 3.3639e+02    468.012      11233  1027.7530  1027.7506    34.2575    34.2546    8.00707         41 0.0000e+00
     55.000     54.463     0.2088  28.679844     0.2096  28.678338     7.6795     7.6992     0.7859    91.2282 1.0000e-12  -62.46540  -60.73040 326.000584      10.01 3.5594e+02    471.473      11316  1027.7585  1027.7561    34.2582    34.2552    8.00819         34 0.0000e+00
     56.000     55.457     0.2134  28.683990     0.2129  28.681429     7.6892     7.7083     0.7036    91.2915 1.0000e-12  -62.46541  -60.73039 326.000675       8.98 3.4283e+02    479.321      11505  1027.7626  1027.7604    34.2578    34.2550    8.00724         36 0.0000e+00
     57.000     56.508     0.2232  28.690840     0.2268  28.691849     7.7753     7.7644     0.6875    90.5590 1.0000e-12  -62.46543  -60.73041 326.000841       7.71 3.1690e+02    493.665      11849  1027.7651  1027.7621    34.2553    34.2526    8.00534          2 0.0000e+00
