NBP2113_155081_ctd/data/dnbp2113_067.cnv
* Sea-Bird SBE 9 Data File:
* FileName = D:\Data\raw\NBP2113_067.hex
* Software Version Seasave V 7.26.7.121
* Temperature SN = 2438
* Conductivity SN = 2067
* Number of Bytes Per Scan = 40
* Number of Voltage Words = 5
* Number of Scans Averaged by the Deck Unit = 1
* NMEA Latitude = 64 09.64 S
* NMEA Longitude = 061 49.92 W
* NMEA UTC (Time) = Dec 14 2021  19:29:58
* NMEA baud rate = 9600
** Ship: RVIB N.B. Palmer
** Cruise: NBP2113 LTER
** Station: 744.002
** Operator: S. Blackman
# nquan = 25
# nvalues = 471                         
# units = specified
# name 0 = prDM: Pressure, Digiquartz [db]
# name 1 = depSM: Depth [salt water, m]
# name 2 = t090C: Temperature [ITS-90, deg C]
# name 3 = c0mS/cm: Conductivity [mS/cm]
# name 4 = t190C: Temperature, 2 [ITS-90, deg C]
# name 5 = c1mS/cm: Conductivity, 2 [mS/cm]
# name 6 = sbeox0ML/L: Oxygen, SBE 43 [ml/l]
# name 7 = sbeox1ML/L: Oxygen, SBE 43, 2 [ml/l]
# name 8 = flECO-AFL: Fluorescence, WET Labs ECO-AFL/FL [mg/m^3]
# name 9 = CStarTr0: Beam Transmission, WET Labs C-Star [%]
# name 10 = par: PAR/Irradiance, Biospherical/Licor
# name 11 = latitude: Latitude [deg]
# name 12 = longitude: Longitude [deg]
# name 13 = timeJ: Julian Days
# name 14 = altM: Altimeter [m]
# name 15 = spar: SPAR, Biospherical/Licor
# name 16 = timeS: Time, Elapsed [seconds]
# name 17 = scan: Scan Count
# name 18 = density00: Density [density, kg/m^3]
# name 19 = density11: Density, 2 [density, kg/m^3]
# name 20 = sal00: Salinity, Practical [PSU]
# name 21 = sal11: Salinity, Practical, 2 [PSU]
# name 22 = oxsolML/L: Oxygen Saturation, Garcia & Gordon [ml/l]
# name 23 = nbin: number of scans per bin
# name 24 = flag: flag
# span 0 =      6.000,    476.000       
# span 1 =      5.951,    470.818       
# span 2 =    -0.7137,     0.3608       
# span 3 =  28.126937,  28.719224       
# span 4 =    -0.7135,     0.3602       
# span 5 =  28.125652,  28.717903       
# span 6 =     5.7148,     7.2970       
# span 7 =     5.8807,     7.3654       
# span 8 =    -0.0222,     1.0609       
# span 9 =    84.3543,    90.3031       
# span 10 = -4.386e-05, 1.2927e+02      
# span 11 =  -64.16166,  -64.16103      
# span 12 =  -61.83263,  -61.83203      
# span 13 = 348.815793, 348.824597      
# span 14 =       8.94,     100.17      
# span 15 = 6.7695e+02, 8.7793e+02      
# span 16 =    286.482,   1047.158      
# span 17 =       6877,      25133      
# span 18 =  1027.3697,  1030.0097      
# span 19 =  1027.3657,  1030.0080      
# span 20 =    34.0631,    34.5208      
# span 21 =    34.0603,    34.5193      
# span 22 =    7.98751,    8.19334      
# span 23 =          9,         49      
# span 24 = 0.0000e+00, 0.0000e+00      
# interval = decibars: 1                
# start_time = Dec 14 2021 19:29:58 [NMEA time, header]
# bad_flag = -9.990e-29
*END*
[from data line 116]
    122.000    120.776     0.0851  28.641484     0.0850  28.639976     6.0720     6.1739     0.1925    89.4563 3.4970e-02  -64.16124  -61.83226 348.819282      99.97 7.3806e+02    587.954      14112  1028.1218  1028.1203    34.3053    34.3034    8.03138         27 0.0000e+00
    123.000    121.765     0.0857  28.646605     0.0856  28.644901     6.0107     6.1300     0.1823    89.4665 3.0711e-02  -64.16124  -61.83226 348.819296      99.97 7.3912e+02    589.148      14141  1028.1309  1028.1292    34.3107    34.3087    8.03093         30 0.0000e+00
    124.000    122.755     0.0904  28.655231     0.0903  28.653719     5.9710     6.0963     0.1872    89.4755 2.7116e-02  -64.16124  -61.83226 348.819310      99.97 7.4042e+02    590.345      14169  1028.1397  1028.1382    34.3163    34.3144    8.02963         27 0.0000e+00
    125.000    123.744     0.0927  28.671821     0.0928  28.670142     5.9801     6.0868     0.1754    89.4927 2.3509e-02  -64.16124  -61.83226 348.819323      99.97 7.4074e+02    591.467      14196  1028.1594  1028.1575    34.3350    34.3328    8.02810         27 0.0000e+00
    126.000    124.735     0.0807  28.665309     0.0804  28.663507     5.9889     6.0833     0.1620    89.4683 2.0229e-02  -64.16124  -61.83226 348.819336      99.97 7.4217e+02    592.627      14224  1028.1686  1028.1670    34.3393    34.3373    8.03038         29 0.0000e+00
    127.000    125.724     0.0637  28.652406     0.0637  28.651023     5.9949     6.0801     0.1550    89.5148 1.7082e-02  -64.16124  -61.83226 348.819350      99.97 7.4321e+02    593.841      14253  1028.1758  1028.1743    34.3406    34.3388    8.03385         29 0.0000e+00
    128.000    126.714     0.0653  28.654682     0.0650  28.653152     5.9927     6.0744     0.1315    89.5145 1.4135e-02  -64.16124  -61.83226 348.819364      99.97 7.4427e+02    595.033      14282  1028.1809  1028.1795    34.3413    34.3395    8.03350         28 0.0000e+00
    129.000    127.703     0.0683  28.658519     0.0680  28.656998     5.9812     6.0693     0.1141    89.5335 1.1169e-02  -64.16124  -61.83226 348.819377      99.97 7.4570e+02    596.167      14309  1028.1862  1028.1848    34.3424    34.3407    8.03280         27 0.0000e+00
    130.000    128.693     0.0701  28.662086     0.0701  28.660672     5.9684     6.0637     0.1239    89.5555 8.1270e-03  -64.16124  -61.83226 348.819390      99.97 7.4733e+02    597.293      14336  1028.1924  1028.1909    34.3444    34.3427    8.03230         27 0.0000e+00
    131.000    129.682     0.0710  28.665302     0.0710  28.663849     5.9627     6.0588     0.1184    89.5825 5.3788e-03  -64.16124  -61.83226 348.819403      99.97 7.4878e+02    598.435      14363  1028.1992  1028.1977    34.3471    34.3453    8.03197         28 0.0000e+00
    132.000    130.672     0.0658  28.663582     0.0658  28.662116     5.9534     6.0498     0.1128    89.5803 2.5872e-03  -64.16124  -61.83226 348.819417      99.97 7.4928e+02    599.616      14392  1028.2067  1028.2051    34.3500    34.3481    8.03288         29 0.0000e+00
    133.000    131.662     0.0655  28.665524     0.0655  28.664084     5.9532     6.0336     0.1200    89.6047 -4.386e-05  -64.16124  -61.83226 348.819432      99.97 7.5096e+02    600.896      14423  1028.2133  1028.2118    34.3523    34.3505    8.03282         31 0.0000e+00
    134.000    132.651     0.0708  28.673376     0.0708  28.671830     5.9351     6.0222     0.1354    89.5665 1.0000e-12  -64.16124  -61.83226 348.819447      99.97 7.5237e+02    602.181      14453  1028.2207  1028.2190    34.3562    34.3541    8.03150         31 0.0000e+00
    135.000    133.640     0.0695  28.675355     0.0694  28.673841     5.9194     6.0166     0.1155    89.6579 1.0000e-12  -64.16124  -61.83226 348.819460      99.97 7.5431e+02    603.338      14481  1028.2284  1028.2269    34.3597    34.3579    8.03158         25 0.0000e+00
    136.000    134.631     0.0735  28.680915     0.0733  28.679328     5.9280     6.0107     0.0827    89.6790 1.0000e-12  -64.16124  -61.83226 348.819472      99.97 7.5499e+02    604.406      14507  1028.2346  1028.2332    34.3619    34.3601    8.03061         26 0.0000e+00
    137.000    135.620     0.0751  28.683127     0.0747  28.681357     5.9229     6.0067     0.0872    89.6671 1.0000e-12  -64.16124  -61.83226 348.819485      99.97 7.5633e+02    605.465      14532  1028.2397  1028.2382    34.3625    34.3606    8.03024         26 0.0000e+00
    138.000    136.610     0.0775  28.685853     0.0766  28.683549     5.9104     5.9975     0.0854    89.6652 1.0000e-12  -64.16124  -61.83226 348.819497      99.97 7.5795e+02    606.566      14559  1028.2444  1028.2429    34.3627    34.3608    8.02972         27 0.0000e+00
    139.000    137.600     0.0841  28.693766     0.0833  28.691370     5.9115     5.9905     0.1053    89.6982 1.0000e-12  -64.16124  -61.83226 348.819511      99.97 7.5950e+02    607.767      14587  1028.2507  1028.2489    34.3653    34.3630    8.02821         30 0.0000e+00
    140.000    138.589     0.0858  28.696435     0.0858  28.694994     5.9051     5.9862     0.0972    89.7104 1.0000e-12  -64.16124  -61.83226 348.819525      99.97 7.6106e+02    608.980      14617  1028.2562  1028.2546    34.3663    34.3644    8.02779         28 0.0000e+00
    141.000    139.578     0.0854  28.696740     0.0854  28.695346     5.8994     5.9788     0.0787    89.6977 1.0000e-12  -64.16124  -61.83226 348.819538      99.97 7.6260e+02    610.116      14644  1028.2612  1028.2597    34.3665    34.3647    8.02787         27 0.0000e+00
    142.000    140.568     0.0903  28.702348     0.0901  28.700781     5.9017     5.9737     0.0771    89.7084 1.0000e-12  -64.16124  -61.83226 348.819552      99.97 7.6394e+02    611.253      14671  1028.2667  1028.2652    34.3679    34.3660    8.02677         28 0.0000e+00
    143.000    141.558     0.0922  28.705450     0.0922  28.704039     5.8942     5.9662     0.0915    89.7189 1.0000e-12  -64.16124  -61.83226 348.819566      99.97 7.6528e+02    612.489      14701  1028.2724  1028.2709    34.3692    34.3674    8.02629         30 0.0000e+00
    144.000    142.548     0.0927  28.706865     0.0927  28.705309     5.8863     5.9664     0.0940    89.7061 1.0000e-12  -64.16124  -61.83226 348.819580      99.97 7.6686e+02    613.674      14729  1028.2776  1028.2760    34.3699    34.3679    8.02614         27 0.0000e+00
    145.000    143.537     0.0933  28.708370     0.0933  28.706855     5.8901     5.9684     0.0806    89.7192 1.0000e-12  -64.16124  -61.83226 348.819592      99.97 7.6831e+02    614.721      14754  1028.2830  1028.2814    34.3706    34.3686    8.02598         24 0.0000e+00
    146.000    144.526     0.0931  28.709266     0.0932  28.707792     5.8921     5.9692     0.0748    89.7103 1.0000e-12  -64.16124  -61.83226 348.819603      99.97 7.6936e+02    615.721      14778  1028.2884  1028.2868    34.3714    34.3694    8.02597         25 0.0000e+00
    147.000    145.517     0.0930  28.710183     0.0931  28.708791     5.8917     5.9693     0.0739    89.7235 1.0000e-12  -64.16124  -61.83226 348.819616      99.97 7.7034e+02    616.825      14805  1028.2937  1028.2922    34.3721    34.3702    8.02595         29 0.0000e+00
    148.000    146.506     0.0926  28.710413     0.0927  28.709022     5.8798     5.9642     0.0804    89.7305 1.0000e-12  -64.16124  -61.83226 348.819632      99.97 7.7146e+02    618.180      14837  1028.2988  1028.2972    34.3723    34.3703    8.02604         34 0.0000e+00
    149.000    147.494     0.0933  28.712508     0.0936  28.711227     5.8844     5.9569     0.0835    89.7132 1.0000e-12  -64.16124  -61.83226 348.819648      99.97 7.7234e+02    619.562      14870  1028.3046  1028.3029    34.3737    34.3716    8.02581         30 0.0000e+00
    150.000    148.484     0.0944  28.714454     0.0945  28.712995     5.8810     5.9570     0.0758    89.7277 1.0000e-12  -64.16124  -61.83226 348.819661      99.97 7.7395e+02    620.718      14898  1028.3098  1028.3082    34.3744    34.3723    8.02553         26 0.0000e+00
    151.000    149.475     0.0951  28.715953     0.0951  28.714465     5.8870     5.9506     0.0746    89.7492 1.0000e-12  -64.16124  -61.83226 348.819673      99.97 7.7513e+02    621.772      14924  1028.3151  1028.3135    34.3750    34.3730    8.02536         26 0.0000e+00
    152.000    150.463     0.0956  28.717128     0.0957  28.715697     5.8857     5.9506     0.0656    89.7576 1.0000e-12  -64.16124  -61.83226 348.819686      99.97 7.7566e+02    622.861      14950  1028.3201  1028.3185    34.3754    34.3734    8.02523         27 0.0000e+00
    153.000    151.453     0.0954  28.717525     0.0954  28.716051     5.8828     5.9487     0.0838    89.7548 1.0000e-12  -64.16124  -61.83226 348.819699      99.97 7.7731e+02    624.006      14977  1028.3250  1028.3234    34.3756    34.3736    8.02527         27 0.0000e+00
    154.000    152.443     0.0942  28.717897     0.0943  28.716510     5.8748     5.9405     0.0728    89.7490 1.0000e-12  -64.16124  -61.83226 348.819713      99.97 7.7756e+02    625.160      15005  1028.3308  1028.3293    34.3768    34.3749    8.02545         28 0.0000e+00
    155.000    153.432     0.0944  28.719224     0.0944  28.717903     5.8749     5.9369     0.0729    89.7417 1.0000e-12  -64.16124  -61.83226 348.819726      99.97 7.7911e+02    626.302      15032  1028.3364  1028.3349    34.3777    34.3760    8.02536         28 0.0000e+00
    156.000    154.422     0.0912  28.717798     0.0906  28.716065     5.8718     5.9420     0.0729    89.7654 1.0000e-12  -64.16124  -61.83226 348.819739      99.97 7.8001e+02    627.473      15060  1028.3423  1028.3410    34.3788    34.3771    8.02596         28 0.0000e+00
    157.000    155.412     0.0815  28.711245     0.0799  28.708657     5.8916     5.9544     0.0729    89.7674 1.0000e-12  -64.16124  -61.83226 348.819753      99.97 7.8098e+02    628.671      15089  1028.3490  1028.3479    34.3804    34.3787    8.02789         28 0.0000e+00
    158.000    156.400     0.0740  28.705965     0.0730  28.703691     5.8989     5.9670     0.0700    89.7564 1.0000e-12  -64.16124  -61.83226 348.819766      99.97 7.8241e+02    629.814      15117  1028.3551  1028.3537    34.3812    34.3794    8.02942         28 0.0000e+00
    159.000    157.390     0.0652  28.700132     0.0653  28.698606     5.8594     5.9395     0.0705    89.7348 1.0000e-12  -64.16124  -61.83226 348.819780      99.97 7.8296e+02    630.953      15144  1028.3617  1028.3600    34.3827    34.3806    8.03117         28 0.0000e+00
    160.000    158.380     0.0637  28.700708     0.0611  28.697629     5.9285     5.9909     0.0757    89.7731 1.0000e-12  -64.16124  -61.83226 348.819794      99.97 7.8449e+02    632.172      15173  1028.3680  1028.3674    34.3846    34.3835    8.03138         29 0.0000e+00
    161.000    159.369     0.0402  28.686525     0.0393  28.684201     6.0678     6.0753     0.0701    89.7824 1.0000e-12  -64.16124  -61.83226 348.819808      99.97 7.8507e+02    633.388      15202  1028.3803  1028.3787    34.3916    34.3896    8.03592         28 0.0000e+00
    162.000    160.359    -0.1049  28.562666    -0.1074  28.559907     6.1199     6.1162     0.0655    89.7968 1.0000e-12  -64.16124  -61.83226 348.819820      99.97 7.8626e+02    634.469      15228  1028.3955  1028.3950    34.3898    34.3890    8.06654         25 0.0000e+00
    163.000    161.348    -0.1723  28.499869    -0.1730  28.497741     6.1168     6.1267     0.0565    89.7893 1.0000e-12  -64.16124  -61.83226 348.819832      99.97 7.8777e+02    635.514      15253  1028.3983  1028.3968    34.3815    34.3796    8.08125         27 0.0000e+00
    164.000    162.338    -0.1814  28.490763    -0.1815  28.489418     6.1229     6.1332     0.0672    89.7991 1.0000e-12  -64.16124  -61.83226 348.819846      99.97 7.8822e+02    636.727      15282  1028.4010  1028.3995    34.3791    34.3774    8.08332         32 0.0000e+00
    165.000    163.326    -0.1951  28.480145    -0.1943  28.479480     6.1353     6.1553     0.0670    89.7917 1.0000e-12  -64.16124  -61.83225 348.819862      99.97 7.8979e+02    638.075      15315  1028.4064  1028.4048    34.3797    34.3779    8.08617         30 0.0000e+00
    166.000    164.316    -0.2263  28.455038    -0.2261  28.453966     6.1319     6.1571     0.0506    89.7907 1.0000e-12  -64.16122  -61.83226 348.819876      99.96 7.9060e+02    639.254      15343  1028.4139  1028.4124    34.3809    34.3791    8.09273         26 0.0000e+00
    167.000    165.306    -0.2423  28.440566    -0.2419  28.439526     6.1366     6.1613     0.0579    89.8252 1.0000e-12  -64.16122  -61.83226 348.819889      99.97 7.9153e+02    640.371      15370  1028.4177  1028.4162    34.3790    34.3771    8.09624         29 0.0000e+00
    168.000    166.296    -0.2524  28.433118    -0.2510  28.433010     6.1335     6.1682     0.0624    89.8500 1.0000e-12  -64.16122  -61.83226 348.819902      99.97 7.9256e+02    641.575      15399  1028.4233  1028.4217    34.3799    34.3781    8.09834         29 0.0000e+00
    169.000    167.285    -0.2648  28.424571    -0.2648  28.423506     6.1339     6.1706     0.0481    89.8350 1.0000e-12  -64.16122  -61.83226 348.819915      99.97 7.9331e+02    642.695      15426  1028.4300  1028.4288    34.3818    34.3803    8.10085         24 0.0000e+00
    170.000    168.275    -0.2665  28.424216    -0.2665  28.422813     6.1175     6.1688     0.0318    89.8306 1.0000e-12  -64.16122  -61.83225 348.819927      99.97 7.9436e+02    643.709      15450  1028.4350  1028.4335    34.3826    34.3807    8.10117         25 0.0000e+00
    171.000    169.263    -0.2633  28.428596    -0.2635  28.427062     6.1032     6.1644     0.0361    89.8519 1.0000e-12  -64.16122  -61.83224 348.819940      99.97 7.9547e+02    644.835      15477  1028.4403  1028.4389    34.3842    34.3824    8.10039         31 0.0000e+00
    172.000    170.254    -0.2600  28.433183    -0.2599  28.431716     6.0959     6.1564     0.0578    89.8768 1.0000e-12  -64.16122  -61.83224 348.819957      99.97 7.9683e+02    646.261      15511  1028.4458  1028.4441    34.3860    34.3840    8.09959         35 0.0000e+00
    173.000    171.242    -0.2626  28.434857    -0.2625  28.433189     6.0884     6.1441     0.0493    89.8680 1.0000e-12  -64.16122  -61.83224 348.819972      99.97 7.9817e+02    647.578      15543  1028.4541  1028.4522    34.3906    34.3883    8.09989         27 0.0000e+00
    174.000    172.233    -0.2759  28.426336    -0.2750  28.425900     6.0850     6.1482     0.0363    89.8695 1.0000e-12  -64.16122  -61.83224 348.819984      99.97 7.9860e+02    648.625      15568  1028.4622  1028.4607    34.3936    34.3920    8.10254         24 0.0000e+00
    175.000    173.220    -0.2772  28.425202    -0.2772  28.423897     6.0974     6.1490     0.0290    89.8991 1.0000e-12  -64.16122  -61.83224 348.819996      99.97 7.9979e+02    649.626      15592  1028.4662  1028.4648    34.3930    34.3912    8.10286         26 0.0000e+00
    176.000    174.212    -0.2830  28.421658    -0.2810  28.421880     6.0742     6.1398     0.0363    89.9008 1.0000e-12  -64.16122  -61.83224 348.820009      99.97 8.0034e+02    650.785      15620  1028.4722  1028.4704    34.3942    34.3922    8.10402         30 0.0000e+00
    177.000    175.199    -0.2828  28.423714    -0.2824  28.421995     6.0351     6.1104     0.0438    89.9017 1.0000e-12  -64.16122  -61.83224 348.820024      99.97 8.0186e+02    652.036      15650  1028.4781  1028.4759    34.3961    34.3934    8.10387         29 0.0000e+00
    178.000    176.190    -0.2556  28.449076    -0.2512  28.451945     5.9906     6.0855     0.0289    89.9170 1.0000e-12  -64.16122  -61.83224 348.820037      99.97 8.0237e+02    653.210      15678  1028.4825  1028.4813    34.3986    34.3974    8.09794         27 0.0000e+00
