NBP2113_155081_ctd/data/dnbp2113_068.cnv
* Sea-Bird SBE 9 Data File:
* FileName = D:\Data\raw\NBP2113_068.hex
* Software Version Seasave V 7.26.7.121
* Temperature SN = 2438
* Conductivity SN = 2067
* Number of Bytes Per Scan = 40
* Number of Voltage Words = 5
* Number of Scans Averaged by the Deck Unit = 1
* NMEA Latitude = 63 34.55 S
* NMEA Longitude = 060 41.64 W
* NMEA UTC (Time) = Dec 15 2021  00:43:21
* NMEA baud rate = 9600
** Ship: RVIB N.B. Palmer
** Cruise: NBP2113 LTER
** Station: 831.-002
** Operator: S. Blackman
# nquan = 25
# nvalues = 568                         
# units = specified
# name 0 = prDM: Pressure, Digiquartz [db]
# name 1 = depSM: Depth [salt water, m]
# name 2 = t090C: Temperature [ITS-90, deg C]
# name 3 = c0mS/cm: Conductivity [mS/cm]
# name 4 = t190C: Temperature, 2 [ITS-90, deg C]
# name 5 = c1mS/cm: Conductivity, 2 [mS/cm]
# name 6 = sbeox0ML/L: Oxygen, SBE 43 [ml/l]
# name 7 = sbeox1ML/L: Oxygen, SBE 43, 2 [ml/l]
# name 8 = flECO-AFL: Fluorescence, WET Labs ECO-AFL/FL [mg/m^3]
# name 9 = CStarTr0: Beam Transmission, WET Labs C-Star [%]
# name 10 = par: PAR/Irradiance, Biospherical/Licor
# name 11 = latitude: Latitude [deg]
# name 12 = longitude: Longitude [deg]
# name 13 = timeJ: Julian Days
# name 14 = altM: Altimeter [m]
# name 15 = spar: SPAR, Biospherical/Licor
# name 16 = timeS: Time, Elapsed [seconds]
# name 17 = scan: Scan Count
# name 18 = density00: Density [density, kg/m^3]
# name 19 = density11: Density, 2 [density, kg/m^3]
# name 20 = sal00: Salinity, Practical [PSU]
# name 21 = sal11: Salinity, Practical, 2 [PSU]
# name 22 = oxsolML/L: Oxygen Saturation, Garcia & Gordon [ml/l]
# name 23 = nbin: number of scans per bin
# name 24 = flag: flag
# span 0 =     10.000,    577.000       
# span 1 =      9.903,    570.606       
# span 2 =    -1.1726,    -0.0686       
# span 3 =  27.762844,  28.423368       
# span 4 =    -1.1746,    -0.0683       
# span 5 =  27.761619,  28.421867       
# span 6 =     6.6899,     7.5247       
# span 7 =     6.7776,     7.5859       
# span 8 =    -0.0142,     1.5655       
# span 9 =    82.7854,    89.7946       
# span 10 = -5.999e-05, 7.5567e+00      
# span 11 =  -63.57604,  -63.57544      
# span 12 =  -60.69408,  -60.69382      
# span 13 = 349.034353, 349.044955      
# span 14 =       9.19,     100.12      
# span 15 = 2.4678e+01, 4.4094e+01      
# span 16 =    367.091,   1283.137      
# span 17 =       8811,      30796      
# span 18 =  1027.5408,  1030.5115      
# span 19 =  1027.5382,  1030.5092      
# span 20 =    34.2320,    34.5049      
# span 21 =    34.2294,    34.5027      
# span 22 =    8.06780,    8.29064      
# span 23 =         14,         47      
# span 24 = 0.0000e+00, 0.0000e+00      
# interval = decibars: 1                
# start_time = Dec 15 2021 00:43:21 [NMEA time, header]
# bad_flag = -9.990e-29
*END*
[from data line 348]
    358.000    354.220    -1.0944  27.891332    -1.0943  27.890079     6.8322     6.8971     0.0216    89.5803 1.0000e-12  -63.57587  -60.69398 349.041043      99.97 2.9969e+01    945.095      22683  1029.4548  1029.4534    34.4891    34.4873    8.27423         33 0.0000e+00
    359.000    355.209    -1.0948  27.891625    -1.0946  27.890374     6.8209     6.8897     0.0251    89.5250 1.0000e-12  -63.57588  -60.69398 349.041060      99.97 2.9969e+01    946.595      22719  1029.4598  1029.4583    34.4893    34.4875    8.27431         39 0.0000e+00
    360.000    356.197    -1.0955  27.891976    -1.0954  27.890718     6.8151     6.8840     0.0325    89.5865 1.0000e-12  -63.57588  -60.69398 349.041079      99.97 2.9969e+01    948.259      22759  1029.4652  1029.4637    34.4900    34.4882    8.27442         35 0.0000e+00
    361.000    357.187    -1.0948  27.893438    -1.0949  27.892040     6.8120     6.8788     0.0241    89.6048 1.0000e-12  -63.57588  -60.69398 349.041093      99.97 2.9969e+01    949.422      22787  1029.4704  1029.4690    34.4906    34.4888    8.27424         22 0.0000e+00
    362.000    358.174    -1.0954  27.893554    -1.0953  27.892366     6.8054     6.8812     0.0216    89.6246 1.0000e-12  -63.57588  -60.69398 349.041103      99.97 2.9969e+01    950.259      22807  1029.4754  1029.4739    34.4909    34.4891    8.27436         20 0.0000e+00
    363.000    359.164    -1.0955  27.893956    -1.0953  27.892858     6.8005     6.8793     0.0216    89.6154 1.0000e-12  -63.57588  -60.69398 349.041113      99.97 2.9969e+01    951.137      22828  1029.4802  1029.4787    34.4909    34.4891    8.27438         23 0.0000e+00
    364.000    360.151    -1.0954  27.894618    -1.0951  27.893427     6.8051     6.8838     0.0245    89.5932 1.0000e-12  -63.57588  -60.69398 349.041128      99.97 2.9969e+01    952.416      22859  1029.4850  1029.4834    34.4910    34.4891    8.27434         34 0.0000e+00
    365.000    361.140    -1.0947  27.895701    -1.0947  27.894425     6.8023     6.8758     0.0348    89.6337 1.0000e-12  -63.57588  -60.69398 349.041147      99.97 2.9969e+01    954.081      22899  1029.4898  1029.4884    34.4911    34.4893    8.27419         32 0.0000e+00
    366.000    362.128    -1.0943  27.896969    -1.0942  27.895712     6.7998     6.8727     0.0216    89.6261 1.0000e-12  -63.57588  -60.69398 349.041160      99.97 2.9969e+01    955.242      22927  1029.4951  1029.4936    34.4918    34.4900    8.27406         23 0.0000e+00
    367.000    363.117    -1.0944  27.897449    -1.0943  27.896263     6.7997     6.8697     0.0273    89.6186 1.0000e-12  -63.57588  -60.69398 349.041170      99.97 2.9969e+01    956.070      22947  1029.5000  1029.4986    34.4920    34.4902    8.27408         19 0.0000e+00
    368.000    364.106    -1.0944  27.897981    -1.0944  27.896688     6.7971     6.8678     0.0252    89.6066 1.0000e-12  -63.57589  -60.69398 349.041180      99.97 2.9969e+01    956.923      22967  1029.5048  1029.5034    34.4921    34.4902    8.27407         23 0.0000e+00
    369.000    365.094    -1.0950  27.898104    -1.0948  27.896861     6.8032     6.8675     0.0252    89.6204 1.0000e-12  -63.57590  -60.69398 349.041197      99.97 2.9969e+01    958.441      23004  1029.5098  1029.5082    34.4923    34.4903    8.27419         46 0.0000e+00
    370.000    366.083    -1.0950  27.898547    -1.0948  27.897245     6.7974     6.8662     0.0212    89.6482 1.0000e-12  -63.57590  -60.69400 349.041223      99.97 2.9969e+01    960.682      23057  1029.5145  1029.5129    34.4922    34.4903    8.27419         37 0.0000e+00
    371.000    367.072    -1.0950  27.899192    -1.0948  27.897895     6.8011     6.8663     0.0141    89.6643 1.0000e-12  -63.57590  -60.69400 349.041237      99.97 2.9969e+01    961.918      23087  1029.5195  1029.5179    34.4925    34.4905    8.27417         25 0.0000e+00
    372.000    368.061    -1.0960  27.899093    -1.0960  27.897928     6.8124     6.8659     0.0143    89.6503 1.0000e-12  -63.57590  -60.69399 349.041248      99.97 2.9969e+01    962.837      23109  1029.5247  1029.5234    34.4929    34.4913    8.27437         21 0.0000e+00
    373.000    369.049    -1.0964  27.899315    -1.0965  27.897853     6.8092     6.8585     0.0198    89.6560 1.0000e-12  -63.57590  -60.69398 349.041259      99.97 2.9969e+01    963.800      23132  1029.5296  1029.5281    34.4930    34.4911    8.27445         26 0.0000e+00
    374.000    370.037    -1.0968  27.899457    -1.0967  27.898207     6.7983     6.8649     0.0216    89.6361 1.0000e-12  -63.57590  -60.69398 349.041273      99.97 2.9969e+01    965.017      23161  1029.5344  1029.5329    34.4931    34.4912    8.27454         30 0.0000e+00
    375.000    371.025    -1.0973  27.899573    -1.0971  27.898379     6.7994     6.8576     0.0213    89.6552 1.0000e-12  -63.57590  -60.69398 349.041288      99.97 2.9969e+01    966.287      23192  1029.5393  1029.5378    34.4932    34.4913    8.27464         27 0.0000e+00
    376.000    372.014    -1.0972  27.900041    -1.0972  27.898859     6.8026     6.8627     0.0142    89.6305 1.0000e-12  -63.57590  -60.69398 349.041299      99.97 2.9969e+01    967.259      23215  1029.5440  1029.5427    34.4931    34.4915    8.27463         21 0.0000e+00
    377.000    373.003    -1.0972  27.900641    -1.0971  27.899425     6.7995     6.8647     0.0143    89.6160 1.0000e-12  -63.57590  -60.69400 349.041309      99.97 2.9969e+01    968.092      23235  1029.5488  1029.5475    34.4933    34.4916    8.27461         20 0.0000e+00
    378.000    373.991    -1.0974  27.900984    -1.0976  27.899513     6.7883     6.8622     0.0189    89.6232 1.0000e-12  -63.57590  -60.69400 349.041321      99.97 2.9969e+01    969.160      23261  1029.5537  1029.5523    34.4934    34.4916    8.27465         31 0.0000e+00
    379.000    374.980    -1.0976  27.901347    -1.0972  27.900093     6.7908     6.8652     0.0260    89.6502 1.0000e-12  -63.57590  -60.69400 349.041342      99.97 2.9969e+01    970.928      23303  1029.5586  1029.5568    34.4935    34.4914    8.27468         36 0.0000e+00
    380.000    375.968    -1.0972  27.901979    -1.0970  27.900712     6.7960     6.8623     0.0215    89.6703 1.0000e-12  -63.57590  -60.69402 349.041359      99.97 2.9969e+01    972.380      23338  1029.5631  1029.5616    34.4932    34.4914    8.27460         30 0.0000e+00
    381.000    376.957    -1.0971  27.902455    -1.0970  27.901224     6.7910     6.8654     0.0263    89.6339 1.0000e-12  -63.57590  -60.69401 349.041372      99.97 2.9969e+01    973.500      23365  1029.5678  1029.5664    34.4932    34.4915    8.27459         26 0.0000e+00
    382.000    377.946    -1.0973  27.902833    -1.0971  27.901513     6.7919     6.8622     0.0149    89.6610 1.0000e-12  -63.57590  -60.69402 349.041387      99.97 2.9969e+01    974.842      23397  1029.5727  1029.5711    34.4934    34.4913    8.27463         36 0.0000e+00
    383.000    378.933    -1.0972  27.903401    -1.0969  27.902091     6.7921     6.8570     0.0218    89.6483 1.0000e-12  -63.57590  -60.69402 349.041406      99.97 2.9969e+01    976.498      23437  1029.5774  1029.5757    34.4933    34.4912    8.27460         35 0.0000e+00
    384.000    379.921    -1.0968  27.904006    -1.0970  27.902601     6.7896     6.8630     0.0216    89.6293 1.0000e-12  -63.57590  -60.69402 349.041421      99.97 2.9969e+01    977.738      23467  1029.5820  1029.5806    34.4932    34.4914    8.27454         25 0.0000e+00
    385.000    380.911    -1.0970  27.904368    -1.0970  27.903181     6.7962     6.8639     0.0176    89.6148 1.0000e-12  -63.57590  -60.69402 349.041431      99.97 2.9969e+01    978.632      23488  1029.5869  1029.5856    34.4933    34.4916    8.27458         20 0.0000e+00
    386.000    381.900    -1.0971  27.904814    -1.0970  27.903615     6.7970     6.8638     0.0078    89.6620 1.0000e-12  -63.57590  -60.69402 349.041441      99.97 2.9969e+01    979.505      23509  1029.5917  1029.5904    34.4933    34.4916    8.27458         22 0.0000e+00
    387.000    382.887    -1.0972  27.905279    -1.0971  27.903955     6.7871     6.8551     0.0214    89.6435 1.0000e-12  -63.57590  -60.69402 349.041452      99.97 2.9969e+01    980.484      23533  1029.5965  1029.5951    34.4934    34.4916    8.27459         25 0.0000e+00
    388.000    383.876    -1.0972  27.905614    -1.0971  27.904408     6.7932     6.8572     0.0288    89.6550 1.0000e-12  -63.57590  -60.69403 349.041465      99.97 2.9969e+01    981.588      23559  1029.6013  1029.5998    34.4934    34.4915    8.27461         28 0.0000e+00
    389.000    384.864    -1.0973  27.906069    -1.0970  27.904870     6.7883     6.8635     0.0261    89.6708 1.0000e-12  -63.57590  -60.69404 349.041480      69.05 2.9969e+01    982.839      23589  1029.6061  1029.6044    34.4934    34.4914    8.27462         31 0.0000e+00
    390.000    385.853    -1.0973  27.906548    -1.0969  27.905343     6.7990     6.8628     0.0176    89.6406 1.0000e-12  -63.57590  -60.69404 349.041496     100.12 2.9969e+01    984.257      23623  1029.6108  1029.6092    34.4935    34.4914    8.27462         37 0.0000e+00
    391.000    386.841    -1.0975  27.906909    -1.0970  27.905747     6.7916     6.8603     0.0216    89.6594 1.0000e-12  -63.57590  -60.69404 349.041513      99.97 2.9969e+01    985.736      23659  1029.6157  1029.6140    34.4935    34.4914    8.27466         34 0.0000e+00
    392.000    387.830    -1.0975  27.907351    -1.0971  27.906135     6.7909     6.8547     0.0274    89.6512 1.0000e-12  -63.57590  -60.69404 349.041529      99.97 2.9969e+01    987.128      23692  1029.6205  1029.6188    34.4936    34.4915    8.27466         33 0.0000e+00
    393.000    388.817    -1.0976  27.907581    -1.0974  27.906334     6.7967     6.8549     0.0237    89.6467 1.0000e-12  -63.57590  -60.69404 349.041545      99.97 2.9969e+01    988.453      23724  1029.6251  1029.6236    34.4934    34.4915    8.27470         30 0.0000e+00
    394.000    389.805    -1.0978  27.907936    -1.0975  27.906721     6.7992     6.8527     0.0290    89.6441 1.0000e-12  -63.57590  -60.69402 349.041558      99.97 2.9969e+01    989.588      23751  1029.6300  1029.6283    34.4935    34.4915    8.27474         24 0.0000e+00
    395.000    390.795    -1.0977  27.908437    -1.0976  27.907189     6.7980     6.8575     0.0289    89.6671 1.0000e-12  -63.57590  -60.69402 349.041568      99.97 2.9969e+01    990.502      23773  1029.6347  1029.6332    34.4934    34.4917    8.27471         22 0.0000e+00
    396.000    391.783    -1.0980  27.908731    -1.0981  27.907346     6.7933     6.8591     0.0289    89.6594 1.0000e-12  -63.57590  -60.69404 349.041579      99.97 2.9969e+01    991.455      23796  1029.6395  1029.6381    34.4935    34.4918    8.27477         24 0.0000e+00
    397.000    392.771    -1.0999  27.907700    -1.0996  27.906428     6.7861     6.8598     0.0161    89.6636 1.0000e-12  -63.57590  -60.69404 349.041593      99.97 2.9969e+01    992.642      23824  1029.6446  1029.6429    34.4937    34.4916    8.27518         33 0.0000e+00
    398.000    393.761    -1.1000  27.908064    -1.0997  27.906892     6.7963     6.8621     0.0216    89.6544 1.0000e-12  -63.57590  -60.69404 349.041613      99.97 2.9969e+01    994.375      23866  1029.6493  1029.6478    34.4937    34.4918    8.27520         39 0.0000e+00
    399.000    394.748    -1.0995  27.909072    -1.0991  27.907877     6.7943     6.8533     0.0253    89.6497 1.0000e-12  -63.57590  -60.69404 349.041633      99.97 2.9969e+01    996.116      23908  1029.6542  1029.6525    34.4939    34.4918    8.27509         37 0.0000e+00
    400.000    395.736    -1.0988  27.910123    -1.0984  27.908949     6.7866     6.8496     0.0216    89.6794 1.0000e-12  -63.57590  -60.69404 349.041649      99.97 2.9969e+01    997.451      23940  1029.6589  1029.6572    34.4939    34.4919    8.27493         28 0.0000e+00
    401.000    396.726    -1.0987  27.910698    -1.0983  27.909641     6.7926     6.8466     0.0216    89.6722 1.0000e-12  -63.57590  -60.69404 349.041661      99.97 2.9969e+01    998.481      23965  1029.6637  1029.6622    34.4940    34.4921    8.27491         22 0.0000e+00
    402.000    397.713    -1.0988  27.911099    -1.0986  27.909911     6.7921     6.8538     0.0216    89.6699 1.0000e-12  -63.57590  -60.69404 349.041672      99.97 2.9969e+01    999.431      23987  1029.6685  1029.6670    34.4941    34.4922    8.27493         23 0.0000e+00
    403.000    398.702    -1.0986  27.911747    -1.0985  27.910538     6.7902     6.8550     0.0200    89.6653 1.0000e-12  -63.57590  -60.69404 349.041683      99.97 3.0048e+01   1000.401      24011  1029.6733  1029.6718    34.4940    34.4923    8.27487         23 0.0000e+00
    404.000    399.691    -1.0986  27.912199    -1.0985  27.911054     6.7777     6.8543     0.0072    89.6509 1.0000e-12  -63.57590  -60.69402 349.041694      99.97 3.0429e+01   1001.334      24033  1029.6781  1029.6766    34.4941    34.4923    8.27488         23 0.0000e+00
    405.000    400.678    -1.0992  27.912037    -1.0991  27.910928     6.7720     6.8532     0.0276    89.6582 1.0000e-12  -63.57590  -60.69402 349.041705      99.97 3.1181e+01   1002.337      24057  1029.6828  1029.6814    34.4940    34.4923    8.27502         27 0.0000e+00
    406.000    401.667    -1.0995  27.912291    -1.0993  27.911140     6.7846     6.8514     0.0260    89.6549 1.0000e-12  -63.57590  -60.69403 349.041722      99.97 3.1664e+01   1003.769      24091  1029.6876  1029.6861    34.4940    34.4922    8.27508         34 0.0000e+00
    407.000    402.655    -1.0995  27.912854    -1.0993  27.911615     6.7883     6.8544     0.0279    89.6717 1.0000e-12  -63.57590  -60.69404 349.041742      99.97 3.1733e+01   1005.550      24134  1029.6925  1029.6908    34.4942    34.4922    8.27508         34 0.0000e+00
    408.000    403.644    -1.0995  27.913409    -1.0992  27.912198     6.7908     6.8491     0.0334    89.6724 1.0000e-12  -63.57590  -60.69404 349.041759      99.97 3.1732e+01   1006.971      24168  1029.6973  1029.6957    34.4943    34.4923    8.27506         31 0.0000e+00
    409.000    404.632    -1.0994  27.913972    -1.0990  27.912736     6.7878     6.8457     0.0191    89.6699 1.0000e-12  -63.57590  -60.69402 349.041773      99.97 3.1732e+01   1008.210      24198  1029.7021  1029.7004    34.4943    34.4922    8.27504         29 0.0000e+00
    410.000    405.619    -1.0993  27.914684    -1.0990  27.913452     6.7906     6.8485     0.0196    89.6449 1.0000e-12  -63.57590  -60.69402 349.041787      99.96 3.1732e+01   1009.364      24226  1029.7070  1029.7053    34.4945    34.4925    8.27499         26 0.0000e+00
    411.000    406.609    -1.0990  27.915421    -1.0989  27.914228     6.7770     6.8405     0.0287    89.5974 1.0000e-12  -63.57590  -60.69402 349.041798      99.97 3.1732e+01   1010.329      24249  1029.7118  1029.7104    34.4946    34.4928    8.27494         22 0.0000e+00
    412.000    407.599    -1.0991  27.915972    -1.0990  27.914730     6.7763     6.8471     0.0278    89.6553 1.0000e-12  -63.57590  -60.69400 349.041809      99.97 3.1732e+01   1011.313      24273  1029.7167  1029.7153    34.4948    34.4930    8.27494         25 0.0000e+00
    413.000    408.584    -1.0992  27.916393    -1.0988  27.915208     6.7735     6.8470     0.0192    89.6801 1.0000e-12  -63.57590  -60.69402 349.041824      99.97 3.1732e+01   1012.610      24304  1029.7215  1029.7199    34.4949    34.4928    8.27495         36 0.0000e+00
    414.000    409.574    -1.0990  27.917086    -1.0987  27.915829     6.7742     6.8362     0.0169    89.6836 1.0000e-12  -63.57589  -60.69402 349.041846      99.97 3.1732e+01   1014.471      24348  1029.7264  1029.7248    34.4951    34.4930    8.27491         38 0.0000e+00
