NBP2113_155081_ctd/data/dnbp2113_066.cnv
* Sea-Bird SBE 9 Data File:
* FileName = D:\Data\raw\NBP2113_066.hex
* Software Version Seasave V 7.26.7.121
* Temperature SN = 2438
* Conductivity SN = 2067
* Number of Bytes Per Scan = 40
* Number of Voltage Words = 5
* Number of Scans Averaged by the Deck Unit = 1
* NMEA Latitude = 64 10.22 S
* NMEA Longitude = 061 54.36 W
* NMEA UTC (Time) = Dec 14 2021  16:02:10
* NMEA baud rate = 9600
** Ship: RVIB N.B. Palmer
** Cruise: NBP2113 LTER
** Station: 742.003
** Operator: S. Blackman
# nquan = 25
# nvalues = 772                         
# units = specified
# name 0 = prDM: Pressure, Digiquartz [db]
# name 1 = depSM: Depth [salt water, m]
# name 2 = t090C: Temperature [ITS-90, deg C]
# name 3 = c0mS/cm: Conductivity [mS/cm]
# name 4 = t190C: Temperature, 2 [ITS-90, deg C]
# name 5 = c1mS/cm: Conductivity, 2 [mS/cm]
# name 6 = sbeox0ML/L: Oxygen, SBE 43 [ml/l]
# name 7 = sbeox1ML/L: Oxygen, SBE 43, 2 [ml/l]
# name 8 = flECO-AFL: Fluorescence, WET Labs ECO-AFL/FL [mg/m^3]
# name 9 = CStarTr0: Beam Transmission, WET Labs C-Star [%]
# name 10 = par: PAR/Irradiance, Biospherical/Licor
# name 11 = latitude: Latitude [deg]
# name 12 = longitude: Longitude [deg]
# name 13 = timeJ: Julian Days
# name 14 = altM: Altimeter [m]
# name 15 = spar: SPAR, Biospherical/Licor
# name 16 = timeS: Time, Elapsed [seconds]
# name 17 = scan: Scan Count
# name 18 = density00: Density [density, kg/m^3]
# name 19 = density11: Density, 2 [density, kg/m^3]
# name 20 = sal00: Salinity, Practical [PSU]
# name 21 = sal11: Salinity, Practical, 2 [PSU]
# name 22 = oxsolML/L: Oxygen Saturation, Garcia & Gordon [ml/l]
# name 23 = nbin: number of scans per bin
# name 24 = flag: flag
# span 0 =      4.000,    775.000       
# span 1 =      3.962,    766.018       
# span 2 =    -0.6632,     0.5043       
# span 3 =  28.176150,  29.050659       
# span 4 =    -0.6640,     0.5053       
# span 5 =  28.174015,  29.049858       
# span 6 =     5.3905,     7.5427       
# span 7 =     5.4708,     7.6224       
# span 8 =    -0.0297,     0.9619       
# span 9 =    82.2938,    90.0732       
# span 10 = 1.0000e-12, 3.1118e+02      
# span 11 =  -64.17042,  -64.16964      
# span 12 =  -61.90620,  -61.90516      
# span 13 = 348.671590, 348.684496      
# span 14 =       9.42,     100.00      
# span 15 = 7.8250e+02, 1.4412e+03      
# span 16 =    295.381,   1410.421      
# span 17 =       7090,      33851      
# span 18 =  1027.3142,  1031.4359      
# span 19 =  1027.3127,  1031.4348      
# span 20 =    34.0285,    34.5482      
# span 21 =    34.0265,    34.5470      
# span 22 =    7.95974,    8.18237      
# span 23 =         12,         63      
# span 24 = 0.0000e+00, 0.0000e+00      
# interval = decibars: 1                
# start_time = Dec 14 2021 16:02:10 [NMEA time, header]
# bad_flag = -9.990e-29
*END*
[from data line 174]
    178.000    176.189     0.3076  28.965482     0.3072  28.964109     5.4601     5.5740     0.0334    89.4214 1.0000e-12  -64.17012  -61.90574 348.674970      99.97 7.9193e+02    587.448      14100  1028.4880  1028.4868    34.4496    34.4482    7.97698         31 0.0000e+00
    179.000    177.179     0.3074  28.967732     0.3069  28.966279     5.4576     5.5628     0.0160    89.5392 1.0000e-12  -64.17012  -61.90574 348.674985      99.97 7.8250e+02    588.727      14130  1028.4952  1028.4942    34.4522    34.4508    7.97687         30 0.0000e+00
    180.000    178.168     0.3185  28.978880     0.3186  28.978084     5.4529     5.5484     0.0160    89.5315 1.0000e-12  -64.17012  -61.90574 348.674999      99.97 7.8381e+02    589.953      14160  1028.5006  1028.4998    34.4537    34.4526    7.97447         29 0.0000e+00
    181.000    179.159     0.3244  28.985887     0.3236  28.984024     5.4515     5.5391     0.0157    89.5400 1.0000e-12  -64.17012  -61.90574 348.675013      99.97 7.9298e+02    591.082      14187  1028.5068  1028.5056    34.4557    34.4542    7.97314         26 0.0000e+00
    182.000    180.146     0.3288  28.990582     0.3297  28.990476     5.4474     5.5404     0.0246    89.5461 1.0000e-12  -64.17012  -61.90574 348.675025      99.97 7.9597e+02    592.174      14213  1028.5119  1028.5109    34.4563    34.4553    7.97220         26 0.0000e+00
    183.000    181.136     0.3329  28.996254     0.3325  28.994815     5.4543     5.5380     0.0171    89.5582 1.0000e-12  -64.17012  -61.90574 348.675038      99.97 7.9727e+02    593.280      14240  1028.5184  1028.5173    34.4587    34.4572    7.97123         27 0.0000e+00
    184.000    182.125     0.3290  28.993507     0.3292  28.992554     5.4691     5.5371     0.0183    89.5651 1.0000e-12  -64.17012  -61.90574 348.675052      99.97 7.9932e+02    594.461      14268  1028.5239  1028.5227    34.4588    34.4573    7.97203         29 0.0000e+00
    185.000    183.118     0.3257  28.991047     0.3252  28.989626     5.4695     5.5298     0.0222    89.5247 1.0000e-12  -64.17012  -61.90573 348.675067      99.97 7.9949e+02    595.759      14299  1028.5291  1028.5280    34.4587    34.4573    7.97271         31 0.0000e+00
    186.000    184.105     0.3257  28.992230     0.3266  28.992142     5.4333     5.5020     0.0150    89.5848 1.0000e-12  -64.17012  -61.90573 348.675082      99.97 7.9859e+02    597.044      14330  1028.5348  1028.5337    34.4596    34.4585    7.97267         29 0.0000e+00
    187.000    185.094     0.3431  29.007846     0.3484  29.012101     5.4021     5.4822     0.0126    89.5748 1.0000e-12  -64.17012  -61.90574 348.675095      99.97 7.9852e+02    598.187      14357  1028.5384  1028.5376    34.4601    34.4597    7.96905         26 0.0000e+00
    188.000    186.084     0.3699  29.035215     0.3698  29.033859     5.3905     5.4791     0.0053    89.5936 1.0000e-12  -64.17012  -61.90572 348.675107      99.97 7.9683e+02    599.266      14383  1028.5452  1028.5440    34.4654    34.4637    7.96321         26 0.0000e+00
    189.000    187.072     0.3740  29.040914     0.3724  29.038247     5.3955     5.4817     0.0157    89.5976 1.0000e-12  -64.17012  -61.90572 348.675120      99.97 7.9682e+02    600.356      14410  1028.5517  1028.5505    34.4676    34.4660    7.96223         26 0.0000e+00
    190.000    188.062     0.3715  29.040187     0.3710  29.038514     5.3905     5.4800     0.0145    89.5874 1.0000e-12  -64.17012  -61.90572 348.675133      99.97 7.9682e+02    601.497      14437  1028.5578  1028.5566    34.4689    34.4672    7.96268         29 0.0000e+00
    191.000    189.052     0.3754  29.044049     0.3750  29.042562     5.3934     5.4822     0.0178    89.5885 1.0000e-12  -64.17012  -61.90572 348.675148      99.97 7.9756e+02    602.749      14467  1028.5625  1028.5615    34.4690    34.4675    7.96187         31 0.0000e+00
    192.000    190.041     0.3770  29.046129     0.3765  29.044819     5.3963     5.4749     0.0129    89.6113 1.0000e-12  -64.17012  -61.90572 348.675163      99.97 7.9871e+02    604.070      14499  1028.5676  1028.5667    34.4694    34.4682    7.96152         32 0.0000e+00
    193.000    191.030     0.3764  29.046561     0.3758  29.044640     5.3925     5.4708     0.0102    89.5462 1.0000e-12  -64.17012  -61.90572 348.675177      99.97 8.0037e+02    605.305      14528  1028.5731  1028.5717    34.4700    34.4682    7.96161         27 0.0000e+00
    194.000    192.019     0.3801  29.050659     0.3799  29.049858     5.4051     5.4839     0.0042    89.5804 1.0000e-12  -64.17010  -61.90572 348.675190      99.97 8.0048e+02    606.420      14555  1028.5782  1028.5775    34.4706    34.4698    7.96081         27 0.0000e+00
    195.000    193.009     0.3710  29.046071     0.3683  29.042662     5.4318     5.4932     0.0148    89.6058 1.0000e-12  -64.17010  -61.90572 348.675202      99.97 8.0210e+02    607.491      14581  1028.5867  1028.5858    34.4742    34.4728    7.96249         25 0.0000e+00
    196.000    193.998     0.3438  29.023665     0.3460  29.024318     5.4663     5.5167     0.0225    89.5937 1.0000e-12  -64.17010  -61.90572 348.675215      99.97 8.0336e+02    608.613      14608  1028.5943  1028.5928    34.4747    34.4731    7.96809         29 0.0000e+00
    197.000    194.986     0.3342  29.014697     0.3342  29.013679     5.4370     5.5009     0.0176    89.5795 1.0000e-12  -64.17010  -61.90572 348.675229      99.97 8.0387e+02    609.824      14637  1028.5985  1028.5974    34.4730    34.4717    7.97016         29 0.0000e+00
    198.000    195.978     0.3307  29.012536     0.3296  29.010486     5.4677     5.5327     0.0088    89.6226 1.0000e-12  -64.17010  -61.90571 348.675244      99.97 8.0387e+02    611.059      14666  1028.6038  1028.6027    34.4735    34.4721    7.97086         29 0.0000e+00
    199.000    196.965     0.3384  29.018547     0.3357  29.015743     5.5752     5.5846     0.0136    89.6221 1.0000e-12  -64.17010  -61.90570 348.675258      99.97 8.0419e+02    612.248      14695  1028.6068  1028.6065    34.4722    34.4715    7.96934         28 0.0000e+00
    200.000    197.955     0.2331  28.933902     0.2358  28.933653     5.6521     5.6313     0.0138    89.6213 1.0000e-12  -64.17010  -61.90570 348.675271      99.97 8.0565e+02    613.383      14722  1028.6254  1028.6226    34.4783    34.4749    7.99083         27 0.0000e+00
    201.000    198.945     0.1780  28.882654     0.1794  28.883081     5.6786     5.6719     0.0069    89.6390 1.0000e-12  -64.17010  -61.90570 348.675284      99.97 8.0564e+02    614.548      14750  1028.6298  1028.6286    34.4720    34.4709    8.00263         29 0.0000e+00
    202.000    199.934     0.1344  28.840833     0.1343  28.839762     5.6514     5.6734     0.0038    89.6384 1.0000e-12  -64.17010  -61.90570 348.675299      99.96 8.0564e+02    615.807      14780  1028.6320  1028.6308    34.4652    34.4638    8.01209         31 0.0000e+00
    203.000    200.923     0.1358  28.842271     0.1317  28.837959     5.6058     5.6568     0.0195    89.6066 1.0000e-12  -64.17010  -61.90570 348.675313      99.97 8.0564e+02    617.051      14810  1028.6356  1028.6350    34.4648    34.4637    8.01181         29 0.0000e+00
    204.000    201.912     0.1460  28.852717     0.1466  28.851949     5.6576     5.6890     0.0131    89.6328 1.0000e-12  -64.17010  -61.90570 348.675326      99.97 8.0564e+02    618.162      14837  1028.6404  1028.6389    34.4666    34.4649    8.00959         25 0.0000e+00
    205.000    202.901     0.1317  28.847834     0.1378  28.852164     5.6823     5.7076     0.0126    89.5998 1.0000e-12  -64.17010  -61.90570 348.675338      99.97 8.0564e+02    619.223      14862  1028.6531  1028.6517    34.4756    34.4744    8.01206         26 0.0000e+00
    206.000    203.891     0.0620  28.786645     0.0584  28.782490     5.6906     5.7219     0.0018    89.6172 1.0000e-12  -64.17010  -61.90570 348.675351      99.97 8.0564e+02    620.357      14890  1028.6611  1028.6601    34.4724    34.4709    8.02681         29 0.0000e+00
    207.000    204.881     0.0604  28.782884     0.0584  28.781433     5.7363     5.7533     0.0010    89.6226 1.0000e-12  -64.17010  -61.90570 348.675366      99.97 8.0564e+02    621.622      14920  1028.6622  1028.6623    34.4687    34.4690    8.02735         31 0.0000e+00
    208.000    205.869     0.0228  28.756245     0.0284  28.756290     5.7412     5.7671     0.0016    89.6443 1.0000e-12  -64.17010  -61.90569 348.675381      99.97 8.0564e+02    622.883      14950  1028.6744  1028.6694    34.4750    34.4689    8.03487         29 0.0000e+00
    209.000    206.858    -0.0012  28.728183    -0.0086  28.722382     5.7457     5.7743     0.0062    89.6451 1.0000e-12  -64.17008  -61.90568 348.675394      99.97 8.0564e+02    624.063      14979  1028.6721  1028.6731    34.4643    34.4649    8.04051         28 0.0000e+00
    210.000    207.849     0.0008  28.733222    -0.0016  28.729816     5.7288     5.7648     0.0069    89.6509 1.0000e-12  -64.17008  -61.90568 348.675408      99.97 8.0564e+02    625.209      15006  1028.6792  1028.6778    34.4681    34.4663    8.03986         27 0.0000e+00
    211.000    208.837    -0.0040  28.728385     0.0020  28.732776     5.7307     5.7801    -0.0021    89.6323 1.0000e-12  -64.17008  -61.90568 348.675420      99.97 8.0564e+02    626.310      15032  1028.6824  1028.6812    34.4665    34.4656    8.04096         26 0.0000e+00
    212.000    209.826    -0.0009  28.731882    -0.0000  28.732066     5.7747     5.8129    -0.0071    89.6343 1.0000e-12  -64.17008  -61.90568 348.675433      99.97 8.0564e+02    627.388      15058  1028.6871  1028.6865    34.4671    34.4663    8.04029         26 0.0000e+00
    213.000    210.817    -0.0345  28.705081    -0.0378  28.701784     5.8370     5.8601    -0.0034    89.6450 1.0000e-12  -64.17008  -61.90568 348.675446      99.97 8.0564e+02    628.536      15086  1028.6955  1028.6953    34.4688    34.4681    8.04725         29 0.0000e+00
    214.000    211.804    -0.0854  28.659681    -0.0948  28.650112     5.8547     5.8745     0.0006    89.6673 1.0000e-12  -64.17008  -61.90568 348.675460      99.97 8.0564e+02    629.766      15115  1028.7015  1028.7003    34.4652    34.4632    8.05816         30 0.0000e+00
    215.000    212.795    -0.1061  28.639330    -0.1095  28.634657     5.8358     5.8690     0.0003    89.6403 1.0000e-12  -64.17008  -61.90568 348.675475      99.97 8.0593e+02    631.002      15145  1028.7036  1028.7020    34.4609    34.4586    8.06276         30 0.0000e+00
    216.000    213.783    -0.0955  28.648473    -0.0925  28.650116     5.8647     5.8930    -0.0004    89.6529 1.0000e-12  -64.17008  -61.90568 348.675489      99.97 8.0714e+02    632.237      15175  1028.7066  1028.7053    34.4605    34.4593    8.06055         29 0.0000e+00
    217.000    214.772    -0.1240  28.627803    -0.1223  28.627688     5.9207     5.9311     0.0105    89.6486 1.0000e-12  -64.17008  -61.90568 348.675503      99.97 8.0619e+02    633.456      15204  1028.7167  1028.7148    34.4645    34.4625    8.06633         29 0.0000e+00
    218.000    215.763    -0.1720  28.584325    -0.1632  28.590781     5.9436     5.9413     0.0100    89.6560 1.0000e-12  -64.17008  -61.90568 348.675516      99.97 8.0565e+02    634.591      15231  1028.7211  1028.7197    34.4602    34.4589    8.07672         26 0.0000e+00
    219.000    216.750    -0.1945  28.563521    -0.1955  28.561839     5.9263     5.9583     0.0005    89.6413 1.0000e-12  -64.17008  -61.90568 348.675529      99.97 8.0564e+02    635.678      15257  1028.7250  1028.7239    34.4573    34.4562    8.08164         26 0.0000e+00
    220.000    217.741    -0.2002  28.558113    -0.1961  28.559846     5.9351     5.9766    -0.0074    89.6546 1.0000e-12  -64.17008  -61.90568 348.675542      99.97 8.0564e+02    636.789      15284  1028.7285  1028.7264    34.4559    34.4536    8.08293         27 0.0000e+00
    221.000    218.729    -0.1978  28.560833    -0.2072  28.551699     5.9534     5.9752    -0.0012    89.6415 1.0000e-12  -64.17008  -61.90568 348.675555      99.97 8.0564e+02    637.958      15312  1028.7326  1028.7325    34.4563    34.4547    8.08240         29 0.0000e+00
    222.000    219.720    -0.2310  28.532341    -0.2162  28.544139     6.0085     6.0315    -0.0028    89.6270 1.0000e-12  -64.17008  -61.90566 348.675569      99.97 8.0564e+02    639.187      15341  1028.7392  1028.7367    34.4551    34.4541    8.08950         30 0.0000e+00
    223.000    220.707    -0.2652  28.505036    -0.2617  28.508084     6.0978     6.1013     0.0079    89.6220 1.0000e-12  -64.17008  -61.90568 348.675584      99.96 8.0564e+02    640.414      15371  1028.7474  1028.7473    34.4568    34.4569    8.09667         28 0.0000e+00
    224.000    221.698    -0.3414  28.439186    -0.3504  28.429814     6.1549     6.1332     0.0001    89.6270 1.0000e-12  -64.17008  -61.90566 348.675597      99.97 8.0564e+02    641.547      15398  1028.7554  1028.7544    34.4544    34.4519    8.11303         27 0.0000e+00
    225.000    222.686    -0.4026  28.382589    -0.3996  28.380905     6.1942     6.1642    -0.0055    89.6511 1.0000e-12  -64.17008  -61.90566 348.675609      99.97 8.0564e+02    642.645      15424  1028.7589  1028.7542    34.4472    34.4416    8.12650         26 0.0000e+00
    226.000    223.675    -0.4300  28.360792    -0.4258  28.365006     6.2416     6.2125    -0.0082    89.6352 1.0000e-12  -64.17008  -61.90566 348.675623      99.97 8.0595e+02    643.800      15452  1028.7657  1028.7661    34.4484    34.4493    8.13229         29 0.0000e+00
    227.000    224.665    -0.4775  28.317629    -0.4767  28.317928     6.2569     6.2418    -0.0002    89.6058 1.0000e-12  -64.17008  -61.90566 348.675637      99.97 8.0739e+02    645.010      15481  1028.7698  1028.7693    34.4437    34.4432    8.14272         30 0.0000e+00
    228.000    225.655    -0.5306  28.271418    -0.5323  28.268426     6.2552     6.2503    -0.0004    89.6350 1.0000e-12  -64.17008  -61.90566 348.675651      99.97 8.0740e+02    646.237      15511  1028.7756  1028.7741    34.4413    34.4392    8.15427         29 0.0000e+00
    229.000    226.642    -0.5367  28.266752    -0.5370  28.265465     6.2377     6.2544    -0.0004    89.6536 1.0000e-12  -64.17008  -61.90566 348.675665      99.97 8.0740e+02    647.449      15540  1028.7798  1028.7787    34.4413    34.4399    8.15558         28 0.0000e+00
    230.000    227.633    -0.5383  28.266176    -0.5385  28.265017     6.2206     6.2510    -0.0004    89.6202 1.0000e-12  -64.17008  -61.90566 348.675678      99.97 8.0740e+02    648.586      15567  1028.7841  1028.7831    34.4416    34.4403    8.15589         27 0.0000e+00
    231.000    228.621    -0.5378  28.267368    -0.5378  28.266299     6.2152     6.2552    -0.0004    89.6194 1.0000e-12  -64.17008  -61.90566 348.675691      99.97 8.0740e+02    649.665      15593  1028.7885  1028.7873    34.4421    34.4406    8.15576         26 0.0000e+00
    232.000    229.610    -0.5378  28.268241    -0.5379  28.267190     6.2175     6.2632    -0.0060    89.6072 1.0000e-12  -64.17008  -61.90566 348.675704      99.97 8.0740e+02    650.802      15620  1028.7931  1028.7921    34.4427    34.4414    8.15574         29 0.0000e+00
    233.000    230.600    -0.5455  28.263557    -0.5460  28.262015     6.2234     6.2751    -0.0135    89.6158 1.0000e-12  -64.17008  -61.90566 348.675718      99.97 8.0740e+02    652.054      15650  1028.7994  1028.7982    34.4446    34.4430    8.15729         30 0.0000e+00
    234.000    231.588    -0.5581  28.253477    -0.5587  28.251928     6.2378     6.2830    -0.0019    89.6203 1.0000e-12  -64.17008  -61.90564 348.675732      99.97 8.0740e+02    653.277      15680  1028.8047  1028.8037    34.4447    34.4433    8.15999         28 0.0000e+00
