NBP2113_155081_ctd/data/dnbp2113_012.cnv
* Sea-Bird SBE 9 Data File:
* FileName = D:\Data\raw\NBP2113_012.hex
* Software Version Seasave V 7.26.7.121
* Temperature SN = 2438
* Conductivity SN = 2067
* Number of Bytes Per Scan = 40
* Number of Voltage Words = 5
* Number of Scans Averaged by the Deck Unit = 1
* NMEA Latitude = 64 36.38 S
* NMEA Longitude = 068 17.17 W
* NMEA UTC (Time) = Nov 26 2021  18:58:06
* NMEA baud rate = 9600
** Ship: RVIB N.B. Palmer
** Cruise: NBP2113 LTER
** Station: 500.200
** Operator: S. Blackman
# nquan = 25
# nvalues = 2717                        
# units = specified
# name 0 = prDM: Pressure, Digiquartz [db]
# name 1 = depSM: Depth [salt water, m]
# name 2 = t090C: Temperature [ITS-90, deg C]
# name 3 = c0mS/cm: Conductivity [mS/cm]
# name 4 = t190C: Temperature, 2 [ITS-90, deg C]
# name 5 = c1mS/cm: Conductivity, 2 [mS/cm]
# name 6 = sbeox0ML/L: Oxygen, SBE 43 [ml/l]
# name 7 = sbeox1ML/L: Oxygen, SBE 43, 2 [ml/l]
# name 8 = flECO-AFL: Fluorescence, WET Labs ECO-AFL/FL [mg/m^3]
# name 9 = CStarTr0: Beam Transmission, WET Labs C-Star [%]
# name 10 = par: PAR/Irradiance, Biospherical/Licor
# name 11 = latitude: Latitude [deg]
# name 12 = longitude: Longitude [deg]
# name 13 = timeJ: Julian Days
# name 14 = altM: Altimeter [m]
# name 15 = spar: SPAR, Biospherical/Licor
# name 16 = timeS: Time, Elapsed [seconds]
# name 17 = scan: Scan Count
# name 18 = density00: Density [density, kg/m^3]
# name 19 = density11: Density, 2 [density, kg/m^3]
# name 20 = sal00: Salinity, Practical [PSU]
# name 21 = sal11: Salinity, Practical, 2 [PSU]
# name 22 = oxsolML/L: Oxygen Saturation, Garcia & Gordon [ml/l]
# name 23 = nbin: number of scans per bin
# name 24 = flag: flag
# span 0 =      5.000,   2721.000       
# span 1 =      4.944,   2677.080       
# span 2 =    -1.1602,     1.6021       
# span 3 =  27.419715,  30.390712       
# span 4 =    -1.1596,     1.6020       
# span 5 =  27.417266,  30.389742       
# span 6 =     4.0436,     8.4721       
# span 7 =     4.0111,     8.3128       
# span 8 =    -0.0265,     2.6151       
# span 9 =    92.5167,    97.9563       
# span 10 = 1.0000e-12, 1.0000e-12      
# span 11 =  -64.60656,  -64.60634      
# span 12 =  -68.28784,  -68.28578      
# span 13 = 330.793814, 330.834317      
# span 14 =      -0.50,     119.67      
# span 15 = 1.9921e+02, 7.2973e+02      
# span 16 =    299.527,   3799.004      
# span 17 =       7190,      91177      
# span 18 =  1027.3553,  1040.3969      
# span 19 =  1027.3527,  1040.3961      
# span 20 =    33.9997,    34.7261      
# span 21 =    33.9972,    34.7252      
# span 22 =    7.70424,    8.31225      
# span 23 =          8,         54      
# span 24 = 0.0000e+00, 0.0000e+00      
# interval = decibars: 1                
# start_time = Nov 26 2021 18:58:06 [NMEA time, header]
# bad_flag = -9.990e-29
*END*
[from data line 1508]
   1513.000   1492.792     0.9272  30.283866     0.9276  30.283426     4.4823     4.5072    -0.0184    97.9356 1.0000e-12  -64.60642  -68.28654 330.817240      99.98 4.1321e+02   2323.562      55766  1034.8747  1034.8738    34.7137    34.7126    7.83608         35 0.0000e+00
   1514.000   1493.776     0.9275  30.284539     0.9278  30.284044     4.4771     4.5066    -0.0052    97.9356 1.0000e-12  -64.60642  -68.28654 330.817257      99.97 4.1429e+02   2324.998      55801  1034.8792  1034.8784    34.7137    34.7127    7.83602         32 0.0000e+00
   1515.000   1494.758     0.9277  30.285186     0.9279  30.284581     4.4770     4.5075     0.0000    97.9356 1.0000e-12  -64.60642  -68.28652 330.817271      99.98 4.1529e+02   2326.245      55831  1034.8838  1034.8830    34.7137    34.7127    7.83597         27 0.0000e+00
   1516.000   1495.741     0.9277  30.285646     0.9279  30.285031     4.4747     4.5063    -0.0078    97.9356 1.0000e-12  -64.60642  -68.28652 330.817283      99.98 4.1605e+02   2327.279      55856  1034.8884  1034.8876    34.7138    34.7128    7.83597         24 0.0000e+00
   1517.000   1496.725     0.9277  30.286156     0.9279  30.285462     4.4735     4.4999    -0.0105    97.9356 1.0000e-12  -64.60642  -68.28652 330.817294      99.98 4.1679e+02   2328.199      55878  1034.8931  1034.8922    34.7140    34.7128    7.83597         21 0.0000e+00
   1518.000   1497.708     0.9275  30.286385     0.9278  30.285772     4.4755     4.5026    -0.0036    97.9356 1.0000e-12  -64.60642  -68.28654 330.817304      99.97 4.1779e+02   2329.079      55899  1034.8977  1034.8968    34.7138    34.7128    7.83600         21 0.0000e+00
   1519.000   1498.690     0.9272  30.286645     0.9276  30.286081     4.4747     4.5066    -0.0127    97.9356 1.0000e-12  -64.60642  -68.28654 330.817315      99.98 4.1780e+02   2329.988      55921  1034.9024  1034.9014    34.7140    34.7128    7.83605         23 0.0000e+00
   1520.000   1499.675     0.9269  30.286650     0.9265  30.285402     4.4771     4.5067    -0.0045    97.9356 1.0000e-12  -64.60642  -68.28655 330.817327      99.98 4.1839e+02   2331.049      55946  1034.9069  1034.9060    34.7138    34.7127    7.83613         29 0.0000e+00
   1521.000   1500.657     0.9253  30.285659     0.9255  30.284930     4.4810     4.5046    -0.0085    97.9356 1.0000e-12  -64.60642  -68.28657 330.817343      99.98 4.1952e+02   2332.451      55980  1034.9116  1034.9107    34.7137    34.7126    7.83645         37 0.0000e+00
   1522.000   1501.640     0.9252  30.285908     0.9254  30.285253     4.4756     4.5058    -0.0149    97.9356 1.0000e-12  -64.60642  -68.28657 330.817361      99.98 4.1922e+02   2333.990      56017  1034.9162  1034.9152    34.7137    34.7126    7.83648         36 0.0000e+00
   1523.000   1502.623     0.9245  30.285729     0.9248  30.285034     4.4799     4.5071    -0.0112    97.9356 1.0000e-12  -64.60642  -68.28656 330.817380      99.98 4.2029e+02   2335.610      56056  1034.9208  1034.9198    34.7137    34.7125    7.83662         42 0.0000e+00
   1524.000   1503.606     0.9245  30.286136     0.9248  30.285526     4.4776     4.5043    -0.0069    97.9356 1.0000e-12  -64.60642  -68.28656 330.817398      99.98 4.2136e+02   2337.194      56094  1034.9254  1034.9244    34.7137    34.7125    7.83662         32 0.0000e+00
   1525.000   1504.590     0.9246  30.286609     0.9247  30.285976     4.4821     4.5003    -0.0126    97.9356 1.0000e-12  -64.60642  -68.28656 330.817411      99.98 4.2273e+02   2338.316      56121  1034.9299  1034.9291    34.7137    34.7127    7.83661         24 0.0000e+00
   1526.000   1505.572     0.9247  30.287134     0.9249  30.286489     4.4801     4.5043    -0.0081    97.9356 1.0000e-12  -64.60642  -68.28656 330.817422      99.98 4.2309e+02   2339.245      56143  1034.9345  1034.9337    34.7137    34.7126    7.83658         21 0.0000e+00
   1527.000   1506.556     0.9249  30.287754     0.9251  30.287136     4.4781     4.5077    -0.0048    97.9356 1.0000e-12  -64.60642  -68.28656 330.817432      99.97 4.2483e+02   2340.096      56163  1034.9391  1034.9383    34.7137    34.7127    7.83654         20 0.0000e+00
   1528.000   1507.537     0.9234  30.286912     0.9236  30.286307     4.4755     4.5076    -0.0135    97.9356 1.0000e-12  -64.60642  -68.28656 330.817442      99.98 4.2644e+02   2340.951      56184  1034.9439  1034.9431    34.7137    34.7128    7.83684         21 0.0000e+00
   1529.000   1508.522     0.9233  30.287130     0.9232  30.286246     4.4809     4.5020    -0.0054    97.9293 1.0000e-12  -64.60642  -68.28656 330.817452      99.98 4.2827e+02   2341.878      56206  1034.9483  1034.9476    34.7136    34.7126    7.83687         24 0.0000e+00
   1530.000   1509.505     0.9229  30.287248     0.9230  30.286444     4.4799     4.5072    -0.0111    97.9224 1.0000e-12  -64.60642  -68.28657 330.817466      99.97 4.3022e+02   2343.023      56234  1034.9530  1034.9521    34.7137    34.7125    7.83694         31 0.0000e+00
   1531.000   1510.487     0.9227  30.287540     0.9229  30.286779     4.4809     4.5081    -0.0181    97.9186 1.0000e-12  -64.60642  -68.28659 330.817482      99.98 4.3238e+02   2344.481      56269  1034.9577  1034.9567    34.7137    34.7125    7.83698         38 0.0000e+00
   1532.000   1511.472     0.9223  30.287576     0.9227  30.287023     4.4882     4.5089    -0.0072    97.9346 1.0000e-12  -64.60642  -68.28660 330.817500      99.98 4.3418e+02   2346.028      56306  1034.9623  1034.9613    34.7137    34.7125    7.83706         33 0.0000e+00
   1533.000   1512.452     0.9219  30.287635     0.9224  30.287032     4.4851     4.5106    -0.0121    97.9356 1.0000e-12  -64.60642  -68.28658 330.817519      99.98 4.3631e+02   2347.601      56343  1034.9669  1034.9658    34.7137    34.7124    7.83715         36 0.0000e+00
   1534.000   1513.437     0.9216  30.287715     0.9218  30.287144     4.4783     4.5067    -0.0107    97.9356 1.0000e-12  -64.60642  -68.28659 330.817534      99.98 4.3850e+02   2348.905      56375  1034.9715  1034.9707    34.7136    34.7126    7.83721         26 0.0000e+00
   1535.000   1514.420     0.9215  30.288071     0.9216  30.287416     4.4745     4.5086    -0.0034    97.9356 1.0000e-12  -64.60642  -68.28660 330.817545      99.97 4.3906e+02   2349.854      56397  1034.9761  1034.9753    34.7136    34.7126    7.83723         21 0.0000e+00
   1536.000   1515.404     0.9216  30.288606     0.9218  30.287987     4.4756     4.5128    -0.0121    97.9356 1.0000e-12  -64.60642  -68.28660 330.817554      99.98 4.4054e+02   2350.687      56417  1034.9806  1034.9798    34.7136    34.7126    7.83720         20 0.0000e+00
   1537.000   1516.385     0.9207  30.288166     0.9211  30.287738     4.4888     4.5068    -0.0164    97.9356 1.0000e-12  -64.60642  -68.28660 330.817564      99.98 4.4142e+02   2351.568      56439  1034.9853  1034.9844    34.7135    34.7125    7.83739         24 0.0000e+00
   1538.000   1517.369     0.9195  30.287664     0.9199  30.287073     4.4838     4.5064    -0.0132    97.9311 1.0000e-12  -64.60642  -68.28660 330.817585      99.97 4.4451e+02   2353.348      56481  1034.9901  1034.9891    34.7137    34.7124    7.83762         35 0.0000e+00
   1539.000   1518.352     0.9185  30.287047     0.9190  30.286599     4.4855     4.5089    -0.0119    97.9302 1.0000e-12  -64.60642  -68.28660 330.817607      99.98 4.4790e+02   2355.262      56527  1034.9946  1034.9937    34.7134    34.7123    7.83783         24 0.0000e+00
   1540.000   1519.335     0.9162  30.285510     0.9163  30.284836     4.4828     4.5071    -0.0051    97.9299 1.0000e-12  -64.60642  -68.28660 330.817617      99.98 4.4927e+02   2356.083      56547  1034.9995  1034.9987    34.7134    34.7125    7.83829         18 0.0000e+00
   1541.000   1520.318     0.9153  30.285177     0.9157  30.284616     4.4821     4.5089    -0.0081    97.9198 1.0000e-12  -64.60642  -68.28660 330.817625      99.97 4.4953e+02   2356.816      56565  1035.0042  1035.0033    34.7135    34.7124    7.83847         18 0.0000e+00
   1542.000   1521.300     0.9151  30.285331     0.9149  30.284382     4.4767     4.5123    -0.0122    97.9128 1.0000e-12  -64.60642  -68.28660 330.817634      99.98 4.5258e+02   2357.557      56582  1035.0087  1035.0080    34.7133    34.7125    7.83851         19 0.0000e+00
   1543.000   1522.284     0.9147  30.285410     0.9152  30.284913     4.4827     4.5116    -0.0114    97.9187 1.0000e-12  -64.60642  -68.28660 330.817645      99.98 4.5400e+02   2358.543      56606  1035.0134  1035.0124    34.7134    34.7122    7.83860         28 0.0000e+00
   1544.000   1523.267     0.9147  30.285883     0.9152  30.285224     4.4788     4.5033    -0.0123    97.9359 1.0000e-12  -64.60642  -68.28660 330.817677      99.98 4.5777e+02   2361.294      56672  1035.0180  1035.0169    34.7135    34.7121    7.83860         30 0.0000e+00
   1545.000   1524.249     0.9140  30.285565     0.9143  30.285008     4.4739     4.5051    -0.0084    97.9356 1.0000e-12  -64.60642  -68.28660 330.817689      99.97 4.5836e+02   2362.333      56697  1035.0226  1035.0217    34.7134    34.7123    7.83875         20 0.0000e+00
   1546.000   1525.234     0.9142  30.286248     0.9144  30.285661     4.4816     4.5083    -0.0033    97.9099 1.0000e-12  -64.60642  -68.28660 330.817698      99.97 4.5835e+02   2363.101      56715  1035.0272  1035.0263    34.7134    34.7124    7.83870         18 0.0000e+00
   1547.000   1526.214     0.9139  30.286319     0.9139  30.285633     4.4833     4.5112    -0.0111    97.9098 1.0000e-12  -64.60642  -68.28660 330.817706      99.98 4.5990e+02   2363.831      56733  1035.0317  1035.0310    34.7134    34.7124    7.83877         17 0.0000e+00
   1548.000   1527.199     0.9138  30.286576     0.9138  30.285926     4.4827     4.5123    -0.0110    97.9098 1.0000e-12  -64.60642  -68.28661 330.817716      99.98 4.6011e+02   2364.633      56752  1035.0362  1035.0355    34.7132    34.7124    7.83879         22 0.0000e+00
   1549.000   1528.184     0.9138  30.287110     0.9141  30.286317     4.4840     4.5115    -0.0128    97.9114 1.0000e-12  -64.60642  -68.28661 330.817733      99.98 4.6257e+02   2366.129      56788  1035.0409  1035.0399    34.7134    34.7121    7.83879         36 0.0000e+00
   1550.000   1529.163     0.9134  30.287200     0.9141  30.286816     4.4789     4.5046    -0.0095    97.9183 1.0000e-12  -64.60642  -68.28660 330.817757      99.98 4.6534e+02   2368.222      56838  1035.0455  1035.0445    34.7134    34.7122    7.83886         29 0.0000e+00
   1551.000   1530.148     0.9135  30.287682     0.9138  30.287032     4.4809     4.5106    -0.0063    97.8592 1.0000e-12  -64.60644  -68.28660 330.817768      99.97 4.6697e+02   2369.173      56861  1035.0501  1035.0492    34.7134    34.7123    7.83885         22 0.0000e+00
   1552.000   1531.131     0.9134  30.287957     0.9134  30.287193     4.4821     4.5109    -0.0070    97.9120 1.0000e-12  -64.60644  -68.28660 330.817778      99.98 4.6843e+02   2370.036      56882  1035.0546  1035.0539    34.7133    34.7124    7.83887         20 0.0000e+00
   1553.000   1532.113     0.9122  30.287406     0.9126  30.286917     4.4858     4.5115    -0.0126    97.9333 1.0000e-12  -64.60644  -68.28660 330.817788      99.97 4.6919e+02   2370.882      56902  1035.0594  1035.0586    34.7134    34.7124    7.83911         21 0.0000e+00
   1554.000   1533.096     0.9121  30.287714     0.9125  30.287174     4.4859     4.5130    -0.0110    97.8389 1.0000e-12  -64.60644  -68.28660 330.817799      99.98 4.7067e+02   2371.859      56926  1035.0639  1035.0631    34.7133    34.7123    7.83912         27 0.0000e+00
   1555.000   1534.083     0.9122  30.288175     0.9127  30.287658     4.4854     4.5131    -0.0088    97.9096 1.0000e-12  -64.60644  -68.28662 330.817820      99.98 4.7202e+02   2373.619      56968  1035.0685  1035.0675    34.7133    34.7121    7.83911         38 0.0000e+00
   1556.000   1535.061     0.9124  30.288813     0.9129  30.288233     4.4878     4.5114    -0.0138    97.9366 1.0000e-12  -64.60644  -68.28662 330.817843      99.98 4.7252e+02   2375.596      57015  1035.0731  1035.0720    34.7133    34.7121    7.83906         32 0.0000e+00
   1557.000   1536.046     0.9124  30.289166     0.9129  30.288646     4.4822     4.5078    -0.0098    97.9356 1.0000e-12  -64.60644  -68.28662 330.817856      99.98 4.7427e+02   2376.764      57043  1035.0777  1035.0767    34.7133    34.7121    7.83907         26 0.0000e+00
   1558.000   1537.027     0.9126  30.289715     0.9129  30.289278     4.4817     4.5053    -0.0064    97.9356 1.0000e-12  -64.60644  -68.28661 330.817868      99.98 4.7468e+02   2377.762      57067  1035.0822  1035.0814    34.7133    34.7124    7.83903         23 0.0000e+00
   1559.000   1538.012     0.9128  30.290391     0.9129  30.289693     4.4789     4.5059    -0.0073    97.9356 1.0000e-12  -64.60644  -68.28660 330.817878      99.98 4.7589e+02   2378.661      57089  1035.0868  1035.0859    34.7133    34.7123    7.83898         21 0.0000e+00
   1560.000   1538.993     0.9129  30.290872     0.9131  30.290329     4.4840     4.5122    -0.0117    97.9267 1.0000e-12  -64.60644  -68.28660 330.817888      99.98 4.7598e+02   2379.510      57109  1035.0913  1035.0906    34.7133    34.7125    7.83896         20 0.0000e+00
   1561.000   1539.976     0.9130  30.291311     0.9132  30.290815     4.4827     4.5103    -0.0028    97.9135 1.0000e-12  -64.60644  -68.28660 330.817898      99.97 4.7680e+02   2380.398      57131  1035.0959  1035.0952    34.7133    34.7124    7.83896         23 0.0000e+00
   1562.000   1540.960     0.9126  30.291389     0.9131  30.290912     4.4832     4.5108    -0.0054    97.9327 1.0000e-12  -64.60644  -68.28660 330.817912      99.98 4.7770e+02   2381.605      57160  1035.1004  1035.0995    34.7132    34.7122    7.83903         36 0.0000e+00
   1563.000   1541.942     0.9129  30.292124     0.9133  30.291491     4.4904     4.5083    -0.0115    97.9255 1.0000e-12  -64.60644  -68.28661 330.817941      99.98 4.7974e+02   2384.121      57220  1035.1050  1035.1040    34.7133    34.7121    7.83896         32 0.0000e+00
   1564.000   1542.925     0.9117  30.291478     0.9122  30.291006     4.4846     4.5042    -0.0178    97.9305 1.0000e-12  -64.60644  -68.28661 330.817959      99.98 4.8108e+02   2385.654      57257  1035.1098  1035.1088    34.7133    34.7122    7.83921         25 0.0000e+00
   1565.000   1543.908     0.9106  30.291001     0.9108  30.290370     4.4768     4.5073    -0.0187    97.9196 1.0000e-12  -64.60644  -68.28660 330.817969      99.98 4.7947e+02   2386.540      57278  1035.1145  1035.1137    34.7134    34.7123    7.83943         18 0.0000e+00
   1566.000   1544.891     0.9103  30.291025     0.9104  30.290536     4.4797     4.5055    -0.0194    97.8960 1.0000e-12  -64.60644  -68.28662 330.817977      99.97 4.8045e+02   2387.256      57295  1035.1191  1035.1184    34.7132    34.7124    7.83950         17 0.0000e+00
   1567.000   1545.874     0.9104  30.291645     0.9107  30.291037     4.4798     4.5071    -0.0116    97.8844 1.0000e-12  -64.60644  -68.28662 330.817985      99.98 4.8125e+02   2387.919      57311  1035.1237  1035.1229    34.7133    34.7123    7.83947         16 0.0000e+00
   1568.000   1546.857     0.9104  30.292029     0.9107  30.291549     4.4850     4.5102    -0.0082    97.9125 1.0000e-12  -64.60644  -68.28662 330.817993      99.98 4.8127e+02   2388.592      57327  1035.1283  1035.1275    34.7133    34.7124    7.83947         16 0.0000e+00
   1569.000   1547.840     0.9104  30.292360     0.9107  30.291846     4.4824     4.5113    -0.0047    97.9276 1.0000e-12  -64.60644  -68.28662 330.818003      99.98 4.8006e+02   2389.417      57347  1035.1328  1035.1320    34.7132    34.7122    7.83948         25 0.0000e+00
