NBP2113_155081_ctd/data/dnbp2113_069.cnv
* Sea-Bird SBE 9 Data File:
* FileName = D:\Data\raw\NBP2113_069.hex
* Software Version Seasave V 7.26.7.121
* Temperature SN = 2438
* Conductivity SN = 2067
* Number of Bytes Per Scan = 40
* Number of Voltage Words = 5
* Number of Scans Averaged by the Deck Unit = 1
* NMEA Latitude = 63 45.12 S
* NMEA Longitude = 061 34.51 W
* NMEA UTC (Time) = Dec 15 2021  06:13:07
* NMEA baud rate = 9600
** Ship: RVIB N.B. Palmer
** Cruise: NBP2113 LTER
** Station: 788.019
** Operator: B. Urmston
# nquan = 25
# nvalues = 585                         
# units = specified
# name 0 = prDM: Pressure, Digiquartz [db]
# name 1 = depSM: Depth [salt water, m]
# name 2 = t090C: Temperature [ITS-90, deg C]
# name 3 = c0mS/cm: Conductivity [mS/cm]
# name 4 = t190C: Temperature, 2 [ITS-90, deg C]
# name 5 = c1mS/cm: Conductivity, 2 [mS/cm]
# name 6 = sbeox0ML/L: Oxygen, SBE 43 [ml/l]
# name 7 = sbeox1ML/L: Oxygen, SBE 43, 2 [ml/l]
# name 8 = flECO-AFL: Fluorescence, WET Labs ECO-AFL/FL [mg/m^3]
# name 9 = CStarTr0: Beam Transmission, WET Labs C-Star [%]
# name 10 = par: PAR/Irradiance, Biospherical/Licor
# name 11 = latitude: Latitude [deg]
# name 12 = longitude: Longitude [deg]
# name 13 = timeJ: Julian Days
# name 14 = altM: Altimeter [m]
# name 15 = spar: SPAR, Biospherical/Licor
# name 16 = timeS: Time, Elapsed [seconds]
# name 17 = scan: Scan Count
# name 18 = density00: Density [density, kg/m^3]
# name 19 = density11: Density, 2 [density, kg/m^3]
# name 20 = sal00: Salinity, Practical [PSU]
# name 21 = sal11: Salinity, Practical, 2 [PSU]
# name 22 = oxsolML/L: Oxygen Saturation, Garcia & Gordon [ml/l]
# name 23 = nbin: number of scans per bin
# name 24 = flag: flag
# span 0 =      4.000,    588.000       
# span 1 =      3.965,    581.461       
# span 2 =    -0.6570,     0.3781       
# span 3 =  28.245708,  28.639358       
# span 4 =    -0.6568,     0.3724       
# span 5 =  28.244446,  28.633981       
# span 6 =     6.0279,     7.5680       
# span 7 =     6.0917,     7.6147       
# span 8 =    -0.0296,     1.8456       
# span 9 =    82.5033,    90.4481       
# span 10 = 1.0000e-12, 3.7398e+00      
# span 11 =  -63.75190,  -63.75144      
# span 12 =  -61.57544,  -61.57533      
# span 13 = 349.262050, 349.273168      
# span 14 =     -32.06,     100.45      
# span 15 = 1.7629e+00, 5.2902e+00      
# span 16 =    254.081,   1214.701      
# span 17 =       6099,      29154      
# span 18 =  1027.3397,  1030.5459      
# span 19 =  1027.3349,  1030.5445      
# span 20 =    34.0467,    34.5270      
# span 21 =    34.0442,    34.5254      
# span 22 =    7.98483,    8.17925      
# span 23 =          9,         45      
# span 24 = 0.0000e+00, 0.0000e+00      
# interval = decibars: 1                
# start_time = Dec 15 2021 06:13:07 [NMEA time, header]
# bad_flag = -9.990e-29
*END*
[from data line 174]
    178.000    176.193    -0.2832  28.403373    -0.2831  28.402048     6.2123     6.2700     0.0539    89.8746 1.0000e-12  -63.75146  -61.57541 349.266698      99.97 3.5258e+00    655.724      15738  1028.4596  1028.4580    34.3688    34.3668    8.10551         30 0.0000e+00
    179.000    177.184    -0.2903  28.399866    -0.2903  28.398446     6.1969     6.2583     0.0456    89.8970 1.0000e-12  -63.75147  -61.57541 349.266710      99.97 3.5258e+00    656.720      15762  1028.4671  1028.4656    34.3715    34.3696    8.10687         21 0.0000e+00
    180.000    178.176    -0.3010  28.393640    -0.3012  28.392116     6.1991     6.2538     0.0448    89.9214 1.0000e-12  -63.75148  -61.57542 349.266719      99.97 3.5258e+00    657.511      15781  1028.4752  1028.4737    34.3746    34.3727    8.10896         18 0.0000e+00
    181.000    179.162    -0.3041  28.391586    -0.3034  28.390486     6.1914     6.2522     0.0428    89.9125 1.0000e-12  -63.75148  -61.57540 349.266727      99.97 3.5258e+00    658.233      15799  1028.4802  1028.4785    34.3747    34.3725    8.10961         17 0.0000e+00
    182.000    180.152    -0.3079  28.389008    -0.3077  28.387698     6.1868     6.2564     0.0384    89.9009 1.0000e-12  -63.75148  -61.57540 349.266737      99.97 3.5258e+00    659.035      15818  1028.4856  1028.4839    34.3750    34.3730    8.11041         22 0.0000e+00
    183.000    181.143    -0.3100  28.387992    -0.3097  28.386747     6.1987     6.2592     0.0483    89.9049 1.0000e-12  -63.75148  -61.57540 349.266751      99.97 3.5258e+00    660.252      15847  1028.4907  1028.4890    34.3754    34.3734    8.11084         38 0.0000e+00
    184.000    182.132    -0.3113  28.387557    -0.3111  28.386244     6.1984     6.2547     0.0493    89.9275 1.0000e-12  -63.75147  -61.57541 349.266772      99.97 3.5258e+00    662.086      15891  1028.4957  1028.4940    34.3757    34.3736    8.11110         37 0.0000e+00
    185.000    183.120    -0.3126  28.387433    -0.3136  28.385256     6.1841     6.2499     0.0529    89.9187 1.0000e-12  -63.75146  -61.57542 349.266789      99.97 3.5258e+00    663.606      15928  1028.5010  1028.4996    34.3764    34.3745    8.11134         33 0.0000e+00
    186.000    184.111    -0.3190  28.383248    -0.3186  28.381928     6.1760     6.2440     0.0333    89.9353 1.0000e-12  -63.75146  -61.57542 349.266804      99.97 3.5258e+00    664.866      15958  1028.5070  1028.5052    34.3774    34.3752    8.11264         29 0.0000e+00
    187.000    185.099    -0.3249  28.379404    -0.3249  28.377974     6.1887     6.2445     0.0395    89.9429 1.0000e-12  -63.75146  -61.57541 349.266817      99.97 3.5258e+00    666.002      15985  1028.5128  1028.5113    34.3782    34.3763    8.11384         25 0.0000e+00
    188.000    186.089    -0.3286  28.377423    -0.3280  28.376228     6.1967     6.2480     0.0368    89.9713 1.0000e-12  -63.75146  -61.57541 349.266829      99.97 3.5258e+00    667.000      16009  1028.5186  1028.5167    34.3792    34.3770    8.11459         22 0.0000e+00
    189.000    187.080    -0.3321  28.375403    -0.3323  28.373725     6.1962     6.2406     0.0308    89.9578 1.0000e-12  -63.75146  -61.57541 349.266839      99.97 3.5258e+00    667.904      16031  1028.5241  1028.5224    34.3798    34.3778    8.11529         22 0.0000e+00
    190.000    188.068    -0.3341  28.375652    -0.3336  28.374576     6.1891     6.2388     0.0395    89.9741 1.0000e-12  -63.75146  -61.57541 349.266850      99.97 3.5258e+00    668.812      16052  1028.5305  1028.5289    34.3818    34.3799    8.11560         23 0.0000e+00
    191.000    189.058    -0.3273  28.382689    -0.3280  28.380612     6.1730     6.2291     0.0396    89.9770 1.0000e-12  -63.75146  -61.57541 349.266862      99.97 3.5258e+00    669.862      16078  1028.5355  1028.5340    34.3829    34.3810    8.11408         28 0.0000e+00
    192.000    190.046    -0.3243  28.386481    -0.3242  28.384799     6.1723     6.2350     0.0449    89.9602 1.0000e-12  -63.75146  -61.57541 349.266877      99.97 3.5258e+00    671.165      16109  1028.5408  1028.5390    34.3840    34.3817    8.11338         33 0.0000e+00
    193.000    191.036    -0.3203  28.390854    -0.3208  28.388651     6.1428     6.2096     0.0321    89.9913 1.0000e-12  -63.75146  -61.57541 349.266893      99.97 3.5258e+00    672.574      16143  1028.5459  1028.5440    34.3847    34.3823    8.11249         34 0.0000e+00
    194.000    192.024    -0.3067  28.404118    -0.3061  28.403712     6.0737     6.1694     0.0221    89.9779 1.0000e-12  -63.75146  -61.57541 349.266908      99.97 3.5258e+00    673.834      16173  1028.5509  1028.5499    34.3865    34.3853    8.10950         27 0.0000e+00
    195.000    193.015    -0.2490  28.458841    -0.2544  28.451298     6.0423     6.1499     0.0268    89.9778 1.0000e-12  -63.75146  -61.57540 349.266920      99.97 3.5258e+00    674.901      16199  1028.5572  1028.5543    34.3938    34.3899    8.09680         25 0.0000e+00
    196.000    194.003    -0.2205  28.490725    -0.2204  28.489264     6.0597     6.1448     0.0351    89.9789 1.0000e-12  -63.75146  -61.57540 349.266933      99.97 3.5258e+00    676.004      16225  1028.5676  1028.5659    34.4036    34.4016    8.09020         27 0.0000e+00
    197.000    194.994    -0.2155  28.497248    -0.2154  28.495834     6.0574     6.1380     0.0444    89.9789 1.0000e-12  -63.75146  -61.57540 349.266950      99.97 3.5258e+00    677.475      16260  1028.5744  1028.5728    34.4061    34.4041    8.08901         39 0.0000e+00
    198.000    195.984    -0.2150  28.498638    -0.2148  28.497253     6.0637     6.1439     0.0373    89.9760 1.0000e-12  -63.75145  -61.57540 349.266967      99.97 3.5258e+00    678.938      16296  1028.5800  1028.5784    34.4067    34.4047    8.08886         30 0.0000e+00
    199.000    196.971    -0.2217  28.495799    -0.2243  28.492592     6.0706     6.1502     0.0302    89.9498 1.0000e-12  -63.75144  -61.57540 349.266980      99.97 3.5258e+00    680.081      16323  1028.5881  1028.5873    34.4099    34.4085    8.09010         26 0.0000e+00
    200.000    197.962    -0.2471  28.478680    -0.2462  28.477596     6.0826     6.1468     0.0330    89.9470 1.0000e-12  -63.75146  -61.57540 349.266992      99.97 3.5258e+00    681.122      16348  1028.5993  1028.5972    34.4151    34.4127    8.09519         25 0.0000e+00
    201.000    198.951    -0.2522  28.474821    -0.2525  28.473321     6.0897     6.1493     0.0389    89.9707 1.0000e-12  -63.75146  -61.57540 349.267004      99.97 3.5258e+00    682.167      16373  1028.6045  1028.6032    34.4151    34.4134    8.09628         25 0.0000e+00
    202.000    199.940    -0.2559  28.472719    -0.2562  28.470973     6.0959     6.1481     0.0304    89.9440 1.0000e-12  -63.75146  -61.57540 349.267016      99.97 3.5258e+00    683.204      16398  1028.6103  1028.6086    34.4159    34.4139    8.09702         25 0.0000e+00
    203.000    200.928    -0.2607  28.469720    -0.2598  28.468990     6.0961     6.1499     0.0307    89.9552 1.0000e-12  -63.75146  -61.57540 349.267028      99.97 3.5258e+00    684.218      16422  1028.6160  1028.6143    34.4167    34.4147    8.09799         24 0.0000e+00
    204.000    201.919    -0.2648  28.467217    -0.2648  28.465688     6.0935     6.1466     0.0309    89.9619 1.0000e-12  -63.75146  -61.57540 349.267040      99.97 3.5258e+00    685.247      16447  1028.6217  1028.6200    34.4174    34.4154    8.09883         26 0.0000e+00
    205.000    202.908    -0.2699  28.464373    -0.2700  28.462863     6.0971     6.1498     0.0333    89.9376 1.0000e-12  -63.75145  -61.57540 349.267054      99.97 3.5258e+00    686.460      16476  1028.6279  1028.6263    34.4188    34.4169    8.09984         33 0.0000e+00
    206.000    203.897    -0.2740  28.462485    -0.2740  28.460912     6.1012     6.1483     0.0412    89.9776 1.0000e-12  -63.75144  -61.57540 349.267072      99.97 3.5258e+00    688.004      16513  1028.6341  1028.6324    34.4202    34.4181    8.10062         36 0.0000e+00
    207.000    204.886    -0.2770  28.461171    -0.2767  28.459898     6.1085     6.1535     0.0338    89.9652 1.0000e-12  -63.75144  -61.57542 349.267089      99.97 3.5258e+00    689.469      16548  1028.6398  1028.6381    34.4212    34.4192    8.10119         31 0.0000e+00
    208.000    205.877    -0.2829  28.457933    -0.2825  28.456648     6.1057     6.1522     0.0302    89.9413 1.0000e-12  -63.75144  -61.57540 349.267102      99.97 3.5258e+00    690.646      16577  1028.6464  1028.6447    34.4230    34.4208    8.10235         27 0.0000e+00
    209.000    206.864    -0.2884  28.454604    -0.2876  28.453694     6.1005     6.1502     0.0157    89.9327 1.0000e-12  -63.75144  -61.57540 349.267115      99.97 3.5258e+00    691.698      16602  1028.6525  1028.6507    34.4242    34.4220    8.10346         24 0.0000e+00
    210.000    207.854    -0.2904  28.454052    -0.2904  28.452526     6.1006     6.1525     0.0292    89.9742 1.0000e-12  -63.75144  -61.57540 349.267126      99.97 3.5258e+00    692.689      16626  1028.6581  1028.6565    34.4251    34.4230    8.10383         23 0.0000e+00
    211.000    208.844    -0.2964  28.450593    -0.2966  28.449140     6.0978     6.1556     0.0262    89.9647 1.0000e-12  -63.75144  -61.57540 349.267137      99.97 3.5258e+00    693.622      16648  1028.6646  1028.6631    34.4266    34.4249    8.10502         22 0.0000e+00
    212.000    209.834    -0.2987  28.449546    -0.2987  28.448114     6.0975     6.1500     0.0225    89.9916 1.0000e-12  -63.75144  -61.57540 349.267148      99.97 3.5258e+00    694.556      16670  1028.6698  1028.6684    34.4272    34.4253    8.10547         24 0.0000e+00
    213.000    210.822    -0.2996  28.449457    -0.2998  28.447880     6.0977     6.1495     0.0319    90.0000 1.0000e-12  -63.75144  -61.57540 349.267160      99.97 3.5258e+00    695.636      16696  1028.6748  1028.6733    34.4275    34.4256    8.10565         29 0.0000e+00
    214.000    211.811    -0.3025  28.448023    -0.3022  28.446756     6.0990     6.1541     0.0407    89.9919 1.0000e-12  -63.75144  -61.57541 349.267177      99.97 3.5258e+00    697.053      16730  1028.6804  1028.6787    34.4283    34.4262    8.10623         35 0.0000e+00
    215.000    212.799    -0.3085  28.443883    -0.3088  28.442114     6.0997     6.1506     0.0475    90.0048 1.0000e-12  -63.75144  -61.57541 349.267195      99.97 3.5258e+00    698.691      16770  1028.6859  1028.6844    34.4288    34.4269    8.10746         34 0.0000e+00
    216.000    213.790    -0.3163  28.438580    -0.3156  28.437805     6.1039     6.1569     0.0227    90.0137 1.0000e-12  -63.75144  -61.57542 349.267211      99.97 3.5258e+00    700.022      16802  1028.6922  1028.6906    34.4300    34.4281    8.10906         29 0.0000e+00
    217.000    214.779    -0.3269  28.431723    -0.3270  28.430233     6.1065     6.1606     0.0189    90.0047 1.0000e-12  -63.75144  -61.57542 349.267224      99.97 3.7225e+00    701.172      16829  1028.6995  1028.6979    34.4322    34.4303    8.11120         27 0.0000e+00
    218.000    215.769    -0.3314  28.429290    -0.3316  28.427730     6.1001     6.1641     0.0224    90.0093 1.0000e-12  -63.75144  -61.57542 349.267237      99.97 3.7775e+00    702.311      16856  1028.7054  1028.7039    34.4334    34.4316    8.11208         28 0.0000e+00
    219.000    216.758    -0.3411  28.423403    -0.3408  28.422212     6.1087     6.1605     0.0238    89.9885 1.0000e-12  -63.75144  -61.57542 349.267251      99.97 4.5031e+00    703.455      16884  1028.7128  1028.7113    34.4359    34.4340    8.11400         27 0.0000e+00
    220.000    217.745    -0.3472  28.419937    -0.3468  28.418721     6.1206     6.1645     0.0179    90.0224 1.0000e-12  -63.75144  -61.57540 349.267263      99.97 5.2194e+00    704.537      16910  1028.7192  1028.7176    34.4375    34.4355    8.11521         24 0.0000e+00
    221.000    218.738    -0.3531  28.416583    -0.3524  28.415698     6.1256     6.1679     0.0119    90.0180 1.0000e-12  -63.75144  -61.57542 349.267274      99.97 5.2902e+00    705.520      16933  1028.7256  1028.7240    34.4392    34.4371    8.11638         23 0.0000e+00
    222.000    219.725    -0.3675  28.408044    -0.3690  28.405871     6.1154     6.1636     0.0149    90.0336 1.0000e-12  -63.75144  -61.57540 349.267286      99.97 5.2886e+00    706.476      16956  1028.7348  1028.7340    34.4434    34.4422    8.11921         24 0.0000e+00
    223.000    220.715    -0.3836  28.397378    -0.3835  28.395901     6.1070     6.1682     0.0203    90.0295 1.0000e-12  -63.75144  -61.57542 349.267298      99.97 5.2886e+00    707.574      16983  1028.7434  1028.7417    34.4467    34.4446    8.12246         29 0.0000e+00
    224.000    221.703    -0.3841  28.397282    -0.3839  28.395960     6.1145     6.1660     0.0210    90.0237 1.0000e-12  -63.75144  -61.57542 349.267315      99.97 5.2886e+00    709.053      17018  1028.7478  1028.7462    34.4465    34.4446    8.12257         38 0.0000e+00
    225.000    222.693    -0.3842  28.397722    -0.3838  28.396474     6.1200     6.1636     0.0299    90.0580 1.0000e-12  -63.75144  -61.57542 349.267332      99.97 5.2886e+00    710.476      17052  1028.7524  1028.7507    34.4466    34.4446    8.12259         28 0.0000e+00
    226.000    223.684    -0.3852  28.397626    -0.3851  28.396411     6.1180     6.1592     0.0090    90.0595 1.0000e-12  -63.75144  -61.57542 349.267344      99.97 5.2886e+00    711.541      17078  1028.7574  1028.7560    34.4470    34.4453    8.12278         24 0.0000e+00
    227.000    224.671    -0.3869  28.397097    -0.3867  28.395843     6.1122     6.1638     0.0092    90.0669 1.0000e-12  -63.75144  -61.57542 349.267356      99.97 5.2886e+00    712.538      17102  1028.7627  1028.7611    34.4476    34.4457    8.12311         26 0.0000e+00
    228.000    225.661    -0.3867  28.397811    -0.3863  28.396511     6.1109     6.1629     0.0109    90.0472 1.0000e-12  -63.75144  -61.57542 349.267370      99.97 5.2886e+00    713.770      17131  1028.7673  1028.7656    34.4477    34.4456    8.12305         33 0.0000e+00
    229.000    226.650    -0.3869  28.398124    -0.3867  28.396838     6.1114     6.1646     0.0275    90.0526 1.0000e-12  -63.75144  -61.57542 349.267389      99.97 5.2886e+00    715.392      17170  1028.7720  1028.7704    34.4478    34.4458    8.12310         35 0.0000e+00
    230.000    227.639    -0.3877  28.398163    -0.3894  28.395643     6.1121     6.1578     0.0100    90.1061 1.0000e-12  -63.75144  -61.57542 349.267403      99.97 5.2886e+00    716.637      17200  1028.7770  1028.7760    34.4481    34.4467    8.12325         25 0.0000e+00
    231.000    228.626    -0.3911  28.396010    -0.3918  28.394048     6.1106     6.1577     0.0084    90.0883 1.0000e-12  -63.75144  -61.57542 349.267414      99.97 5.2886e+00    717.570      17223  1028.7823  1028.7809    34.4485    34.4467    8.12395         21 0.0000e+00
    232.000    229.618    -0.3910  28.396514    -0.3909  28.395383     6.1104     6.1669     0.0148    90.1047 1.0000e-12  -63.75144  -61.57542 349.267424      99.97 5.2886e+00    718.432      17243  1028.7870  1028.7856    34.4485    34.4468    8.12394         21 0.0000e+00
    233.000    230.606    -0.3940  28.395100    -0.3940  28.393696     6.1110     6.1736     0.0134    90.0805 1.0000e-12  -63.75144  -61.57542 349.267435      99.97 5.2886e+00    719.370      17266  1028.7926  1028.7911    34.4494    34.4475    8.12453         24 0.0000e+00
    234.000    231.597    -0.4053  28.387179    -0.4047  28.386202     6.1194     6.1671     0.0087    90.0919 1.0000e-12  -63.75144  -61.57542 349.267449      99.97 5.2886e+00    720.589      17295  1028.7994  1028.7978    34.4509    34.4489    8.12685         35 0.0000e+00
