NBP2113_155081_ctd/data/dnbp2113_047.cnv
* Sea-Bird SBE 9 Data File:
* FileName = D:\Data\raw\NBP2113_047.hex
* Software Version Seasave V 7.26.7.121
* Temperature SN = 2438
* Conductivity SN = 2067
* Number of Bytes Per Scan = 40
* Number of Voltage Words = 5
* Number of Scans Averaged by the Deck Unit = 1
* NMEA Latitude = 64 51.26 S
* NMEA Longitude = 063 55.07 W
* NMEA UTC (Time) = Dec 11 2021  06:38:06
* NMEA baud rate = 9600
** Ship: RVIB N.B. Palmer
** Cruise: NBP2113 LTER
** Station: 622.029
** Operator: B. Urmston
# nquan = 25
# nvalues = 395                         
# units = specified
# name 0 = prDM: Pressure, Digiquartz [db]
# name 1 = depSM: Depth [salt water, m]
# name 2 = t090C: Temperature [ITS-90, deg C]
# name 3 = c0mS/cm: Conductivity [mS/cm]
# name 4 = t190C: Temperature, 2 [ITS-90, deg C]
# name 5 = c1mS/cm: Conductivity, 2 [mS/cm]
# name 6 = sbeox0ML/L: Oxygen, SBE 43 [ml/l]
# name 7 = sbeox1ML/L: Oxygen, SBE 43, 2 [ml/l]
# name 8 = flECO-AFL: Fluorescence, WET Labs ECO-AFL/FL [mg/m^3]
# name 9 = CStarTr0: Beam Transmission, WET Labs C-Star [%]
# name 10 = par: PAR/Irradiance, Biospherical/Licor
# name 11 = latitude: Latitude [deg]
# name 12 = longitude: Longitude [deg]
# name 13 = timeJ: Julian Days
# name 14 = altM: Altimeter [m]
# name 15 = spar: SPAR, Biospherical/Licor
# name 16 = timeS: Time, Elapsed [seconds]
# name 17 = scan: Scan Count
# name 18 = density00: Density [density, kg/m^3]
# name 19 = density11: Density, 2 [density, kg/m^3]
# name 20 = sal00: Salinity, Practical [PSU]
# name 21 = sal11: Salinity, Practical, 2 [PSU]
# name 22 = oxsolML/L: Oxygen Saturation, Garcia & Gordon [ml/l]
# name 23 = nbin: number of scans per bin
# name 24 = flag: flag
# span 0 =      5.000,    399.000       
# span 1 =      4.947,    394.723       
# span 2 =    -0.3155,     1.2997       
# span 3 =  27.889254,  30.062850       
# span 4 =    -0.3114,     1.2991       
# span 5 =  27.892712,  30.061451       
# span 6 =     4.2878,     8.0537       
# span 7 =     4.3600,     8.0698       
# span 8 =    -0.0194,     1.6742       
# span 9 =    85.4720,    91.4471       
# span 10 = 1.0000e-12, 3.2785e+00      
# span 11 =  -64.85496,  -64.85434      
# span 12 =  -63.91852,  -63.91769      
# span 13 = 345.279326, 345.287387      
# span 14 =       7.26,     100.19      
# span 15 = 3.5258e+00, 7.0529e+00      
# span 16 =    247.770,    944.245      
# span 17 =       5947,      22663      
# span 18 =  1027.2000,  1029.6134      
# span 19 =  1027.1998,  1029.6121      
# span 20 =    33.8228,    34.6386      
# span 21 =    33.8228,    34.6375      
# span 22 =    7.76591,    8.14358      
# span 23 =         12,         47      
# span 24 = 0.0000e+00, 0.0000e+00      
# interval = decibars: 1                
# start_time = Dec 11 2021 06:38:06 [NMEA time, header]
# bad_flag = -9.990e-29
*END*
      5.000      4.947    -0.3029  27.905248    -0.3015  27.905487     8.0537     8.0698     1.4470    85.5451 3.2785e+00  -64.85436  -63.91774 345.279326      99.97 3.5258e+00    247.770       5947  1027.2012  1027.1999    33.8307    33.8295    8.14042         35 0.0000e+00
      6.000      5.943    -0.3155  27.889254    -0.3114  27.892712     8.0117     8.0567     1.4879    85.4856 2.8621e+00  -64.85436  -63.91774 345.279391      99.97 3.5258e+00    253.425       6083  1027.2000  1027.1998    33.8228    33.8228    8.14358         46 0.0000e+00
      7.000      6.934    -0.3028  27.906579    -0.3045  27.902954     8.0270     8.0540     1.5181    85.4811 2.5442e+00  -64.85436  -63.91774 345.279440      99.97 3.5258e+00    257.591       6183  1027.2107  1027.2083    33.8312    33.8282    8.14038         42 0.0000e+00
      8.000      7.921    -0.2913  27.922046    -0.2913  27.920561     8.0166     8.0469     1.6646    85.4720 2.2800e+00  -64.85436  -63.91774 345.279482      99.97 3.5258e+00    261.223       6270  1027.2205  1027.2189    33.8384    33.8364    8.13750         37 0.0000e+00
      9.000      8.912    -0.2851  27.929874    -0.2845  27.928867     7.9834     8.0447     1.4202    85.5082 2.0209e+00  -64.85436  -63.91774 345.279499      99.97 3.5258e+00    262.736       6307  1027.2273  1027.2256    33.8414    33.8393    8.13601         34 0.0000e+00
     10.000      9.904    -0.2836  27.933240    -0.2814  27.933932     8.0100     8.0389     1.5368    85.5562 1.7508e+00  -64.85436  -63.91772 345.279533      99.97 3.5258e+00    265.699       6378  1027.2338  1027.2325    33.8436    33.8421    8.13556         33 0.0000e+00
     11.000     10.892    -0.2857  27.930138    -0.2815  27.933961     8.0297     8.0384     1.4931    85.6142 1.6200e+00  -64.85436  -63.91772 345.279560      99.97 3.5258e+00    268.010       6433  1027.2369  1027.2371    33.8411    33.8416    8.13614         38 0.0000e+00
     12.000     11.883    -0.2840  27.933300    -0.2789  27.938024     7.9873     8.0392     1.5890    85.6584 1.4572e+00  -64.85436  -63.91772 345.279595      99.97 3.5258e+00    271.043       6506  1027.2431  1027.2433    33.8429    33.8436    8.13569         30 0.0000e+00
     13.000     12.872    -0.2762  27.944134    -0.2746  27.943978     8.0010     8.0416     1.4548    85.6248 1.2321e+00  -64.85436  -63.91772 345.279634      99.97 3.5258e+00    274.414       6587  1027.2515  1027.2499    33.8481    33.8461    8.13372         39 0.0000e+00
     14.000     13.862    -0.2736  27.947565    -0.2734  27.946002     8.0059     8.0343     1.5112    85.6435 1.1002e+00  -64.85436  -63.91772 345.279661      99.97 3.5258e+00    276.703       6642  1027.2571  1027.2553    33.8491    33.8468    8.13310         34 0.0000e+00
     15.000     14.853    -0.2660  27.957977    -0.2625  27.960266     7.9987     8.0314     1.5983    85.6726 1.0156e+00  -64.85436  -63.91770 345.279689      99.97 3.5258e+00    279.139       6700  1027.2653  1027.2644    33.8540    33.8532    8.13120         37 0.0000e+00
     16.000     15.842    -0.2598  27.965536    -0.2598  27.963611     7.9835     8.0371     1.4612    85.7162 9.1930e-01  -64.85436  -63.91771 345.279726      99.96 3.8130e+00    282.348       6777  1027.2719  1027.2699    33.8566    33.8541    8.12974         38 0.0000e+00
     17.000     16.833    -0.2605  27.965509    -0.2597  27.964586     7.9683     8.0292     1.4434    85.7501 8.0047e-01  -64.85436  -63.91771 345.279791      99.97 3.9744e+00    287.925       6911  1027.2770  1027.2752    33.8567    33.8546    8.12988         43 0.0000e+00
     18.000     17.823    -0.2575  27.969460    -0.2566  27.968550     7.9820     8.0320     1.6742    85.8319 7.2044e-01  -64.85436  -63.91770 345.279819      99.96 4.4236e+00    290.363       6970  1027.2827  1027.2809    33.8580    33.8558    8.12915         37 0.0000e+00
     19.000     18.813    -0.2566  27.970984    -0.2560  27.969602     7.9862     8.0321     1.6704    85.8256 6.7828e-01  -64.85436  -63.91770 345.279864      99.97 4.7313e+00    294.208       7062  1027.2878  1027.2858    33.8584    33.8559    8.12894         24 0.0000e+00
     20.000     19.803    -0.2564  27.972078    -0.2559  27.970660     7.9551     8.0249     1.5452    85.8676 6.0217e-01  -64.85436  -63.91770 345.279918      99.97 5.2674e+00    298.914       7175  1027.2932  1027.2912    33.8591    33.8567    8.12886         30 0.0000e+00
     21.000     20.792    -0.2589  27.971190    -0.2584  27.969864     7.9792     8.0269     1.4870    85.8796 5.3514e-01  -64.85436  -63.91770 345.279954      99.97 5.2886e+00    302.012       7249  1027.2990  1027.2971    33.8600    33.8578    8.12933         38 0.0000e+00
     22.000     21.783    -0.2609  27.971113    -0.2605  27.969603     7.9660     8.0273     1.4277    85.9178 4.9385e-01  -64.85436  -63.91770 345.279978      99.96 5.2886e+00    304.071       7299  1027.3051  1027.3032    33.8616    33.8592    8.12968         42 0.0000e+00
     23.000     22.775    -0.2601  27.973576    -0.2603  27.972289     7.9531     7.9973     1.4987    86.0902 4.4747e-01  -64.85436  -63.91770 345.280040      99.96 5.2886e+00    309.451       7428  1027.3113  1027.3101    33.8634    33.8619    8.12941         24 0.0000e+00
     24.000     23.761    -0.2624  27.979925    -0.2619  27.978436     7.8921     7.9828     1.3697    86.1643 3.9165e-01  -64.85436  -63.91770 345.280073      99.97 5.2886e+00    312.297       7496  1027.3246  1027.3226    33.8738    33.8713    8.12930         31 0.0000e+00
     25.000     24.752    -0.2639  27.986299    -0.2635  27.984744     7.8852     7.9504     1.5935    86.2858 3.6408e-01  -64.85436  -63.91770 345.280111      99.97 5.2886e+00    315.555       7574  1027.3371  1027.3351    33.8833    33.8809    8.12907         29 0.0000e+00
     26.000     25.745    -0.2642  27.992872    -0.2639  27.990918     7.7956     7.9078     1.4510    86.4491 3.2663e-01  -64.85434  -63.91770 345.280141      99.97 5.2886e+00    318.176       7637  1027.3488  1027.3465    33.8919    33.8889    8.12866         30 0.0000e+00
     27.000     26.735    -0.2570  28.028517    -0.2569  28.025839     7.7425     7.8544     1.4239    86.6291 3.0535e-01  -64.85436  -63.91770 345.280184      99.97 5.2886e+00    321.893       7726  1027.3846  1027.3816    33.9309    33.9272    8.12490         18 0.0000e+00
     28.000     27.722    -0.2582  28.036577    -0.2578  28.035197     7.7624     7.8289     1.4384    87.1572 2.6116e-01  -64.85435  -63.91770 345.280232      99.97 5.2886e+00    326.012       7825  1027.3988  1027.3969    33.9423    33.9400    8.12449         29 0.0000e+00
     29.000     28.713    -0.2567  28.041307    -0.2562  28.040217     7.7646     7.8268     1.1301    87.6933 2.3648e-01  -64.85434  -63.91769 345.280256      99.97 5.2886e+00    328.153       7877  1027.4067  1027.4050    33.9464    33.9444    8.12395         38 0.0000e+00
     30.000     29.701    -0.2543  28.045769    -0.2542  28.043968     7.7461     7.8243     1.2294    87.8757 2.2434e-01  -64.85434  -63.91769 345.280284      99.97 5.2886e+00    330.579       7935  1027.4135  1027.4114    33.9490    33.9465    8.12328         26 0.0000e+00
     31.000     30.693    -0.2448  28.062925    -0.2461  28.058770     7.7300     7.8011     1.2090    88.1068 2.1002e-01  -64.85434  -63.91771 345.280333      99.97 5.2886e+00    334.731       8035  1027.4271  1027.4239    33.9607    33.9566    8.12059         32 0.0000e+00
     32.000     31.685    -0.2428  28.067167    -0.2428  28.065185     7.7292     7.7966     1.2408    88.1547 1.8414e-01  -64.85434  -63.91770 345.280382      99.97 5.2886e+00    339.048       8138  1027.4341  1027.4320    33.9635    33.9609    8.12000         31 0.0000e+00
     33.000     32.674    -0.2398  28.071167    -0.2395  28.070081     7.7464     7.8032     0.9174    88.3223 1.6786e-01  -64.85434  -63.91770 345.280403      99.96 5.2886e+00    340.825       8181  1027.4398  1027.4383    33.9649    33.9631    8.11928         28 0.0000e+00
     34.000     33.667    -0.2357  28.076948    -0.2352  28.075853     7.7242     7.8048     0.9977    88.4254 1.5442e-01  -64.85434  -63.91770 345.280419      99.97 5.2886e+00    342.231       8215  1027.4464  1027.4447    33.9674    33.9655    8.11826         31 0.0000e+00
     35.000     34.655    -0.2354  28.077541    -0.2361  28.074706     7.7403     7.7881     0.9486    88.3386 1.3959e-01  -64.85434  -63.91770 345.280487      99.96 5.2886e+00    348.108       8356  1027.4512  1027.4488    33.9673    33.9643    8.11822         37 0.0000e+00
     36.000     35.645    -0.2318  28.084408    -0.2313  28.083035     7.7473     7.7952     1.0283    88.4524 1.2715e-01  -64.85434  -63.91770 345.280511      99.97 5.2886e+00    350.110       8404  1027.4594  1027.4574    33.9718    33.9695    8.11719         39 0.0000e+00
     37.000     36.635    -0.2269  28.090224    -0.2278  28.087813     7.7213     7.7909     1.0622    88.4938 1.1853e-01  -64.85434  -63.91772 345.280552      99.97 5.2886e+00    353.740       8491  1027.4652  1027.4635    33.9735    33.9713    8.11605         36 0.0000e+00
     38.000     37.623    -0.2248  28.094467    -0.2254  28.092010     7.6859     7.7612     1.0037    88.5918 1.0066e-01  -64.85434  -63.91770 345.280591      99.97 5.2886e+00    357.102       8571  1027.4721  1027.4701    33.9762    33.9736    8.11544         37 0.0000e+00
     39.000     38.615    -0.2331  28.090816    -0.2333  28.089292     7.6868     7.7560     0.9489    88.5992 9.2880e-02  -64.85434  -63.91770 345.280612      99.97 5.2886e+00    358.895       8614  1027.4806  1027.4792    33.9800    33.9782    8.11700         38 0.0000e+00
     40.000     39.606    -0.2352  28.090163    -0.2338  28.089295     7.6734     7.7582     0.9352    88.6726 8.6829e-02  -64.85434  -63.91771 345.280648      99.97 5.2886e+00    361.980       8689  1027.4862  1027.4839    33.9808    33.9782    8.11739         31 0.0000e+00
     41.000     40.594    -0.2355  28.090820    -0.2352  28.089313     7.6704     7.7502     0.9674    88.6900 7.6866e-02  -64.85434  -63.91770 345.280688      99.97 5.2886e+00    365.438       8772  1027.4915  1027.4896    33.9814    33.9791    8.11742         35 0.0000e+00
     42.000     41.582    -0.2353  28.092949    -0.2348  28.091320     7.6718     7.7462     0.9589    88.7782 6.8153e-02  -64.85434  -63.91770 345.280725      99.97 5.2886e+00    368.672       8849  1027.4978  1027.4956    33.9835    33.9808    8.11727         26 0.0000e+00
     43.000     42.576    -0.2278  28.100782    -0.2295  28.097624     7.6887     7.7577     0.9786    88.8018 6.0601e-02  -64.85434  -63.91771 345.280761      99.97 5.2886e+00    371.787       8924  1027.5032  1027.5015    33.9849    33.9826    8.11559         35 0.0000e+00
     44.000     43.563    -0.2022  28.127063    -0.2028  28.124534     7.6917     7.7590     0.9204    88.7691 5.3402e-02  -64.85434  -63.91770 345.280784      99.97 5.2886e+00    373.740       8971  1027.5108  1027.5087    33.9908    33.9881    8.10980         38 0.0000e+00
     45.000     44.555    -0.2085  28.122083    -0.2037  28.124292     7.6992     7.7623     0.9890    88.7955 4.9493e-02  -64.85434  -63.91771 345.280818      99.97 5.2886e+00    376.627       9040  1027.5161  1027.5141    33.9905    33.9882    8.11115         28 0.0000e+00
     46.000     45.542    -0.1854  28.146753    -0.1848  28.145431     7.7253     7.7644     1.0213    88.8920 4.1671e-02  -64.85434  -63.91772 345.280865      99.97 5.2886e+00    380.752       9139  1027.5246  1027.5228    33.9970    33.9946    8.10587         33 0.0000e+00
     47.000     46.536    -0.1843  28.148757    -0.1840  28.147471     7.6904     7.7578     0.8368    88.8088 3.4552e-02  -64.85434  -63.91772 345.280895      99.97 5.2886e+00    383.294       9200  1027.5303  1027.5287    33.9979    33.9959    8.10559         38 0.0000e+00
     48.000     47.524    -0.1832  28.152014    -0.1828  28.150760     7.6636     7.7489     0.9501    88.9100 3.0238e-02  -64.85434  -63.91772 345.280929      99.97 5.2886e+00    386.262       9271  1027.5371  1027.5355    34.0003    33.9983    8.10521         31 0.0000e+00
     49.000     48.515    -0.1805  28.156906    -0.1796  28.156511     7.6669     7.7479     0.8063    88.9735 2.5738e-02  -64.85434  -63.91772 345.280957      99.97 5.2886e+00    388.672       9329  1027.5442  1027.5429    34.0033    34.0018    8.10447         42 0.0000e+00
     50.000     49.503    -0.1798  28.158823    -0.1795  28.157498     7.6718     7.7484     0.8560    88.9593 2.0326e-02  -64.85434  -63.91773 345.280993      99.97 5.2886e+00    391.763       9403  1027.5499  1027.5482    34.0044    34.0023    8.10426         37 0.0000e+00
     51.000     50.494    -0.1799  28.160098    -0.1803  28.157732     7.6811     7.7445     0.7773    89.0408 1.4171e-02  -64.85434  -63.91772 345.281047      99.97 5.2886e+00    396.445       9516  1027.5559  1027.5537    34.0057    34.0029    8.10422         37 0.0000e+00
     52.000     51.485    -0.1800  28.160057    -0.1791  28.159450     7.6871     7.7439     0.6455    89.1196 9.7190e-03  -64.85434  -63.91772 345.281062      99.97 5.2886e+00    397.759       9547  1027.5602  1027.5587    34.0051    34.0033    8.10427         30 0.0000e+00
     53.000     52.475    -0.1662  28.175965    -0.1665  28.174036     7.6787     7.7362     0.7733    89.0834 6.9161e-03  -64.85434  -63.91772 345.281079      99.97 5.2886e+00    399.268       9583  1027.5681  1027.5663    34.0103    34.0080    8.10104         39 0.0000e+00
     54.000     53.464    -0.1650  28.178754    -0.1656  28.176377     7.6475     7.7298     0.8169    89.1164 2.6328e-03  -64.85436  -63.91774 345.281138      99.97 5.2886e+00    404.356       9706  1027.5744  1027.5724    34.0121    34.0095    8.10069         38 0.0000e+00
     55.000     54.451    -0.1486  28.199874    -0.1487  28.197284     7.6500     7.7221     0.7363    89.1929 6.8829e-05  -64.85436  -63.91774 345.281172      99.97 5.2886e+00    407.298       9776  1027.5855  1027.5828    34.0212    34.0179    8.09668         33 0.0000e+00
     56.000     55.445    -0.1453  28.203893    -0.1455  28.202058     7.6376     7.7095     0.7237    89.2491 4.4876e-07  -64.85436  -63.91774 345.281205      99.97 5.2886e+00    410.146       9845  1027.5910  1027.5894    34.0223    34.0201    8.09592         44 0.0000e+00
     57.000     56.434    -0.1428  28.208508    -0.1426  28.206497     7.6148     7.6997     0.6447    89.3289 1.0000e-12  -64.85436  -63.91774 345.281231      99.97 5.2886e+00    412.325       9897  1027.5979  1027.5957    34.0250    34.0222    8.09523         38 0.0000e+00
     58.000     57.422    -0.1432  28.210375    -0.1424  28.208817     7.5810     7.6965     0.5769    89.3797 1.0000e-12  -64.85436  -63.91775 345.281258      99.97 5.2886e+00    414.671       9953  1027.6047  1027.6023    34.0274    34.0244    8.09519         27 0.0000e+00
     59.000     58.412    -0.1481  28.215537    -0.1473  28.213701     7.4751     7.5832     0.6290    89.4545 1.0000e-12  -64.85436  -63.91778 345.281313      99.96 5.2886e+00    419.464      10068  1027.6194  1027.6168    34.0391    34.0358    8.09556         34 0.0000e+00
     60.000     59.405    -0.1302  28.243403    -0.1298  28.241362     7.3723     7.5022     0.5035    89.5682 1.0000e-12  -64.85438  -63.91777 345.281344      99.97 5.2886e+00    422.096      10131  1027.6362  1027.6338    34.0556    34.0525    8.09083         38 0.0000e+00
     61.000     60.394    -0.1350  28.243146    -0.1341  28.241846     7.3144     7.4405     0.4357    89.6078 1.0000e-12  -64.85438  -63.91777 345.281368      99.97 5.2886e+00    424.233      10183  1027.6450  1027.6428    34.0600    34.0573    8.09159         43 0.0000e+00
