NBP2113_155081_ctd/data/dnbp2113_025.cnv
* Sea-Bird SBE 9 Data File:
* FileName = D:\Data\raw\NBP2113_025.hex
* Software Version Seasave V 7.26.7.121
* Temperature SN = 2438
* Conductivity SN = 2067
* Number of Bytes Per Scan = 40
* Number of Voltage Words = 5
* Number of Scans Averaged by the Deck Unit = 1
* NMEA Latitude = 66 26.47 S
* NMEA Longitude = 073 01.98 W
* NMEA UTC (Time) = Dec 02 2021  19:32:09
* NMEA baud rate = 9600
** Ship: RVIB N.B. Palmer
** Cruise: NBP2113 LTER
** Station: 200.200
** Operator: S. Blackman
# nquan = 25
# nvalues = 3710                        
# units = specified
# name 0 = prDM: Pressure, Digiquartz [db]
# name 1 = depSM: Depth [salt water, m]
# name 2 = t090C: Temperature [ITS-90, deg C]
# name 3 = c0mS/cm: Conductivity [mS/cm]
# name 4 = t190C: Temperature, 2 [ITS-90, deg C]
# name 5 = c1mS/cm: Conductivity, 2 [mS/cm]
# name 6 = sbeox0ML/L: Oxygen, SBE 43 [ml/l]
# name 7 = sbeox1ML/L: Oxygen, SBE 43, 2 [ml/l]
# name 8 = flECO-AFL: Fluorescence, WET Labs ECO-AFL/FL [mg/m^3]
# name 9 = CStarTr0: Beam Transmission, WET Labs C-Star [%]
# name 10 = par: PAR/Irradiance, Biospherical/Licor
# name 11 = latitude: Latitude [deg]
# name 12 = longitude: Longitude [deg]
# name 13 = timeJ: Julian Days
# name 14 = altM: Altimeter [m]
# name 15 = spar: SPAR, Biospherical/Licor
# name 16 = timeS: Time, Elapsed [seconds]
# name 17 = scan: Scan Count
# name 18 = density00: Density [density, kg/m^3]
# name 19 = density11: Density, 2 [density, kg/m^3]
# name 20 = sal00: Salinity, Practical [PSU]
# name 21 = sal11: Salinity, Practical, 2 [PSU]
# name 22 = oxsolML/L: Oxygen Saturation, Garcia & Gordon [ml/l]
# name 23 = nbin: number of scans per bin
# name 24 = flag: flag
# span 0 =      7.000,   3716.000       
# span 1 =      6.931,   3647.210       
# span 2 =    -0.8567,     2.0059       
# span 3 =  27.620544,  30.705827       
# span 4 =    -0.8581,     2.0055       
# span 5 =  27.618989,  30.704902       
# span 6 =     3.8898,     8.3494       
# span 7 =     3.9443,     8.3998       
# span 8 =    -0.0225,     8.3829       
# span 9 =    85.4774,    97.6524       
# span 10 = 1.0000e-12, 1.0000e-12      
# span 11 =  -66.44178,  -66.44124      
# span 12 =  -73.03301,  -73.03222      
# span 13 = 336.815519, 336.868248      
# span 14 =       6.24,     107.41      
# span 15 = 4.6715e+02, 2.4844e+03      
# span 16 =    131.802,   4687.621      
# span 17 =       3164,     112504      
# span 18 =  1027.3234,  1044.8165      
# span 19 =  1027.3221,  1044.8156      
# span 20 =    33.9596,    34.7296      
# span 21 =    33.9579,    34.7284      
# span 22 =    7.62736,    8.24846      
# span 23 =         11,         46      
# span 24 = 0.0000e+00, 0.0000e+00      
# interval = decibars: 1                
# start_time = Dec 02 2021 19:32:09 [NMEA time, header]
# bad_flag = -9.990e-29
*END*
[from data line 3595]
   3602.000   3536.237     0.4097  30.637774     0.4102  30.637412     4.6261     4.6819    -0.0105    97.4975 1.0000e-12  -66.44158  -73.03240 336.866384      99.10 1.0116e+03   4526.599     108639  1044.3153  1044.3144    34.7013    34.7003    7.94190         32 0.0000e+00
   3603.000   3537.215     0.4095  30.637789     0.4098  30.637444     4.6237     4.6842    -0.0046    97.4978 1.0000e-12  -66.44158  -73.03240 336.866406      99.97 9.8886e+02   4528.469     108684  1044.3195  1044.3189    34.7011    34.7003    7.94195         31 0.0000e+00
   3604.000   3538.186     0.4094  30.638046     0.4096  30.637787     4.6142     4.6842    -0.0150    97.4968 1.0000e-12  -66.44158  -73.03240 336.866418      99.98 9.8047e+02   4529.547     108710  1044.3239  1044.3235    34.7011    34.7005    7.94198         25 0.0000e+00
   3605.000   3539.161     0.4094  30.638433     0.4097  30.638136     4.6213     4.6842    -0.0137    97.4733 1.0000e-12  -66.44158  -73.03240 336.866430      99.97 9.7489e+02   4530.518     108733  1044.3284  1044.3278    34.7011    34.7005    7.94198         22 0.0000e+00
   3606.000   3540.134     0.4087  30.638120     0.4091  30.637903     4.6209     4.6833    -0.0077    97.4892 1.0000e-12  -66.44158  -73.03240 336.866441      99.97 9.7142e+02   4531.480     108757  1044.3328  1044.3322    34.7010    34.7004    7.94213         24 0.0000e+00
   3607.000   3541.109     0.4079  30.637715     0.4082  30.637535     4.6226     4.6886    -0.0085    97.4770 1.0000e-12  -66.44158  -73.03239 336.866453      99.97 9.6740e+02   4532.533     108782  1044.3373  1044.3368    34.7009    34.7004    7.94230         27 0.0000e+00
   3608.000   3542.081     0.4076  30.637846     0.4079  30.637638     4.6179     4.6780    -0.0137    97.4788 1.0000e-12  -66.44158  -73.03238 336.866467      99.97 9.6330e+02   4533.706     108810  1044.3418  1044.3412    34.7010    34.7004    7.94236         27 0.0000e+00
   3609.000   3543.056     0.4076  30.638213     0.4078  30.637906     4.6222     4.6830    -0.0061    97.4921 1.0000e-12  -66.44158  -73.03238 336.866480      99.98 9.5960e+02   4534.875     108838  1044.3462  1044.3456    34.7010    34.7003    7.94236         27 0.0000e+00
   3610.000   3544.029     0.4076  30.638616     0.4079  30.638337     4.6086     4.6765    -0.0021    97.4820 1.0000e-12  -66.44158  -73.03238 336.866493      99.97 9.5384e+02   4535.983     108865  1044.3506  1044.3500    34.7010    34.7004    7.94235         26 0.0000e+00
   3611.000   3545.003     0.4076  30.638893     0.4079  30.638669     4.6214     4.6727    -0.0102    97.4902 1.0000e-12  -66.44158  -73.03238 336.866506      99.97 9.4554e+02   4537.149     108893  1044.3549  1044.3544    34.7009    34.7003    7.94236         31 0.0000e+00
   3612.000   3545.976     0.4076  30.639335     0.4080  30.639079     4.6213     4.6821    -0.0112    97.4971 1.0000e-12  -66.44158  -73.03240 336.866523      99.97 9.3910e+02   4538.546     108926  1044.3595  1044.3587    34.7011    34.7003    7.94236         33 0.0000e+00
   3613.000   3546.950     0.4070  30.639137     0.4072  30.638681     4.6289     4.6833    -0.0076    97.4783 1.0000e-12  -66.44158  -73.03240 336.866539      99.97 9.3872e+02   4539.941     108960  1044.3639  1044.3632    34.7010    34.7002    7.94248         30 0.0000e+00
   3614.000   3547.924     0.4050  30.637749     0.4053  30.637523     4.6180     4.6839    -0.0141    97.4833 1.0000e-12  -66.44158  -73.03239 336.866551      99.97 9.3947e+02   4541.001     108985  1044.3686  1044.3680    34.7010    34.7004    7.94290         23 0.0000e+00
   3615.000   3548.898     0.4047  30.637818     0.4050  30.637511     4.6217     4.6806    -0.0103    97.4735 1.0000e-12  -66.44158  -73.03238 336.866561      99.98 9.3795e+02   4541.889     109006  1044.3730  1044.3724    34.7010    34.7003    7.94296         20 0.0000e+00
   3616.000   3549.870     0.4044  30.637954     0.4046  30.637628     4.6172     4.6745    -0.0077    97.4798 1.0000e-12  -66.44158  -73.03238 336.866571      99.98 9.3776e+02   4542.730     109027  1044.3775  1044.3769    34.7010    34.7003    7.94302         20 0.0000e+00
   3617.000   3550.846     0.4041  30.638087     0.4044  30.637766     4.6072     4.6816    -0.0090    97.4878 1.0000e-12  -66.44158  -73.03238 336.866581      86.45 9.3555e+02   4543.627     109048  1044.3819  1044.3813    34.7010    34.7003    7.94307         23 0.0000e+00
   3618.000   3551.818     0.4036  30.637935     0.4040  30.637672     4.6060     4.6797    -0.0115    97.4758 1.0000e-12  -66.44158  -73.03238 336.866594      71.69 9.3224e+02   4544.700     109074  1044.3863  1044.3857    34.7009    34.7002    7.94318         30 0.0000e+00
   3619.000   3552.793     0.4031  30.637969     0.4036  30.637718     4.6224     4.6759    -0.0046    97.4753 1.0000e-12  -66.44158  -73.03238 336.866612     100.78 9.3076e+02   4546.301     109112  1044.3909  1044.3901    34.7010    34.7002    7.94328         32 0.0000e+00
   3620.000   3553.765     0.4031  30.638300     0.4036  30.638006     4.6159     4.6793    -0.0078    97.4684 1.0000e-12  -66.44158  -73.03238 336.866638      99.10 9.3347e+02   4548.506     109165  1044.3953  1044.3944    34.7010    34.7001    7.94329         37 0.0000e+00
   3621.000   3554.739     0.4032  30.638778     0.4036  30.638479     4.6224     4.6792    -0.0135    97.4498 1.0000e-12  -66.44158  -73.03238 336.866654      98.32 9.3581e+02   4549.875     109198  1044.3997  1044.3990    34.7010    34.7003    7.94326         28 0.0000e+00
   3622.000   3555.712     0.4033  30.639137     0.4036  30.638814     4.6312     4.6835    -0.0084    97.4463 1.0000e-12  -66.44158  -73.03238 336.866665      97.34 9.3337e+02   4550.894     109222  1044.4040  1044.4034    34.7010    34.7003    7.94325         22 0.0000e+00
   3623.000   3556.686     0.4032  30.639497     0.4034  30.639031     4.6178     4.6749    -0.0077    97.4463 1.0000e-12  -66.44158  -73.03238 336.866676      96.43 9.2428e+02   4551.779     109244  1044.4084  1044.4078    34.7010    34.7003    7.94325         20 0.0000e+00
   3624.000   3557.661     0.4027  30.639365     0.4031  30.639164     4.6002     4.6727    -0.0053    97.4463 1.0000e-12  -66.44158  -73.03238 336.866685      95.50 9.1653e+02   4552.601     109263  1044.4129  1044.4123    34.7010    34.7003    7.94336         19 0.0000e+00
   3625.000   3558.632     0.4029  30.639919     0.4033  30.639612     4.6171     4.6754    -0.0004    97.4463 1.0000e-12  -66.44158  -73.03238 336.866694      94.53 9.1141e+02   4553.375     109282  1044.4172  1044.4166    34.7010    34.7002    7.94332         19 0.0000e+00
   3626.000   3559.609     0.4031  30.640515     0.4036  30.640304     4.6232     4.6674    -0.0142    97.4463 1.0000e-12  -66.44160  -73.03238 336.866703      93.62 9.0778e+02   4554.148     109301  1044.4217  1044.4210    34.7011    34.7003    7.94327         18 0.0000e+00
   3627.000   3560.580     0.4036  30.641182     0.4040  30.640851     4.6140     4.6729    -0.0110    97.4463 1.0000e-12  -66.44159  -73.03238 336.866712      92.60 9.0435e+02   4554.939     109320  1044.4259  1044.4252    34.7010    34.7001    7.94319         20 0.0000e+00
   3628.000   3561.554     0.4033  30.641263     0.4035  30.640903     4.6027     4.6762    -0.0103    97.4463 1.0000e-12  -66.44158  -73.03238 336.866722      91.59 9.0081e+02   4555.820     109341  1044.4304  1044.4297    34.7010    34.7003    7.94325         23 0.0000e+00
   3629.000   3562.525     0.4030  30.641472     0.4035  30.641076     4.6081     4.6764    -0.0119    97.4463 1.0000e-12  -66.44158  -73.03238 336.866740      90.47 8.9510e+02   4557.327     109377  1044.4349  1044.4340    34.7011    34.7000    7.94330         30 0.0000e+00
   3630.000   3563.503     0.4034  30.642145     0.4038  30.641703     4.6207     4.6731    -0.0081    97.4463 1.0000e-12  -66.44158  -73.03238 336.866783      89.48 8.8523e+02   4561.081     109467  1044.4391  1044.4383    34.7010    34.7000    7.94322         29 0.0000e+00
   3631.000   3564.474     0.4030  30.642147     0.4034  30.641923     4.6260     4.6771    -0.0150    97.4463 1.0000e-12  -66.44158  -73.03238 336.866794      88.74 8.8231e+02   4561.983     109489  1044.4436  1044.4430    34.7010    34.7004    7.94330         20 0.0000e+00
   3632.000   3565.448     0.4028  30.642265     0.4031  30.642002     4.6192     4.6661    -0.0039    97.4433 1.0000e-12  -66.44159  -73.03238 336.866803      87.80 8.7896e+02   4562.749     109507  1044.4480  1044.4474    34.7010    34.7003    7.94335         17 0.0000e+00
   3633.000   3566.422     0.4027  30.642597     0.4030  30.642262     4.6116     4.6616    -0.0012    97.4398 1.0000e-12  -66.44160  -73.03238 336.866811      86.81 8.7687e+02   4563.456     109524  1044.4525  1044.4518    34.7010    34.7002    7.94336         16 0.0000e+00
   3634.000   3567.396     0.4023  30.642551     0.4028  30.642467     4.6197     4.6726    -0.0077    97.4433 1.0000e-12  -66.44160  -73.03238 336.866819      86.02 8.7470e+02   4564.127     109540  1044.4568  1044.4562    34.7009    34.7003    7.94344         17 0.0000e+00
   3635.000   3568.366     0.4021  30.642783     0.4025  30.642499     4.6253     4.6761    -0.0118    97.4287 1.0000e-12  -66.44160  -73.03238 336.866826      84.93 8.7210e+02   4564.808     109556  1044.4613  1044.4606    34.7010    34.7002    7.94348         16 0.0000e+00
   3636.000   3569.342     0.4023  30.643303     0.4027  30.643001     4.6046     4.6719    -0.0150    97.4378 1.0000e-12  -66.44160  -73.03238 336.866835      84.00 8.6966e+02   4565.529     109574  1044.4657  1044.4650    34.7010    34.7002    7.94345         18 0.0000e+00
   3637.000   3570.316     0.4022  30.643544     0.4026  30.643369     4.6037     4.6748    -0.0150    97.4434 1.0000e-12  -66.44160  -73.03238 336.866844      82.94 8.6645e+02   4566.324     109593  1044.4701  1044.4695    34.7010    34.7003    7.94347         21 0.0000e+00
   3638.000   3571.290     0.4018  30.643499     0.4022  30.643323     4.6037     4.6769    -0.0090    97.4214 1.0000e-12  -66.44160  -73.03240 336.866855      81.90 8.6282e+02   4567.300     109616  1044.4745  1044.4739    34.7009    34.7003    7.94356         27 0.0000e+00
   3639.000   3572.262     0.4018  30.643971     0.4024  30.643718     4.6141     4.6790    -0.0084    97.4206 1.0000e-12  -66.44160  -73.03237 336.866886      80.66 8.5784e+02   4569.978     109680  1044.4790  1044.4781    34.7011    34.7000    7.94355         33 0.0000e+00
   3640.000   3573.236     0.4020  30.644365     0.4026  30.644243     4.6122     4.6712    -0.0151    97.4206 1.0000e-12  -66.44160  -73.03236 336.866922      79.83 8.5230e+02   4573.070     109755  1044.4832  1044.4825    34.7009    34.7001    7.94352         27 0.0000e+00
   3641.000   3574.210     0.4017  30.644615     0.4021  30.644402     4.6176     4.6747    -0.0150    97.4206 1.0000e-12  -66.44160  -73.03236 336.866932      78.99 8.4895e+02   4573.937     109775  1044.4878  1044.4871    34.7011    34.7003    7.94357         20 0.0000e+00
   3642.000   3575.185     0.4020  30.645187     0.4023  30.644788     4.6216     4.6656    -0.0150    97.4206 1.0000e-12  -66.44160  -73.03237 336.866941      78.20 8.4530e+02   4574.669     109793  1044.4921  1044.4914    34.7010    34.7001    7.94351         16 0.0000e+00
   3643.000   3576.157     0.4022  30.645678     0.4024  30.645329     4.6197     4.6568    -0.0150    97.4206 1.0000e-12  -66.44160  -73.03238 336.866948      77.19 8.4225e+02   4575.302     109808  1044.4965  1044.4959    34.7010    34.7003    7.94347         15 0.0000e+00
   3644.000   3577.128     0.4020  30.645885     0.4024  30.645650     4.6192     4.6629    -0.0150    97.4206 1.0000e-12  -66.44160  -73.03238 336.866955      76.31 8.3991e+02   4575.883     109822  1044.5008  1044.5002    34.7009    34.7002    7.94351         13 0.0000e+00
   3645.000   3578.107     0.4017  30.645990     0.4021  30.645823     4.6083     4.6730    -0.0150    97.4206 1.0000e-12  -66.44160  -73.03238 336.866961      75.40 8.3901e+02   4576.437     109835  1044.5053  1044.5047    34.7010    34.7003    7.94357         14 0.0000e+00
   3646.000   3579.076     0.4011  30.645822     0.4014  30.645398     4.6016     4.6756    -0.0090    97.4206 1.0000e-12  -66.44160  -73.03240 336.866968      74.55 8.3756e+02   4576.997     109849  1044.5098  1044.5091    34.7010    34.7001    7.94370         14 0.0000e+00
   3647.000   3580.050     0.4003  30.645629     0.4008  30.645196     4.6002     4.6783    -0.0078    97.4206 1.0000e-12  -66.44160  -73.03240 336.866974      73.63 8.3738e+02   4577.595     109863  1044.5144  1044.5135    34.7011    34.7001    7.94384         15 0.0000e+00
   3648.000   3581.026     0.3999  30.645652     0.4004  30.645309     4.5986     4.6757    -0.0077    97.4206 1.0000e-12  -66.44160  -73.03240 336.866983      72.30 8.3587e+02   4578.315     109881  1044.5189  1044.5180    34.7012    34.7001    7.94393         20 0.0000e+00
   3649.000   3581.997     0.4011  30.646810     0.4015  30.646526     4.6169     4.6758    -0.0077    97.3986 1.0000e-12  -66.44160  -73.03238 336.867026      71.20 8.2784e+02   4582.079     109971  1044.5229  1044.5222    34.7009    34.7001    7.94370         25 0.0000e+00
   3650.000   3582.973     0.4010  30.647104     0.4015  30.646929     4.6262     4.6604    -0.0116    97.3948 1.0000e-12  -66.44160  -73.03236 336.867054      70.46 8.2161e+02   4584.503     110029  1044.5273  1044.5266    34.7009    34.7001    7.94371         15 0.0000e+00
   3651.000   3583.944     0.4001  30.646803     0.4008  30.646766     4.6173     4.6570    -0.0150    97.3948 1.0000e-12  -66.44160  -73.03236 336.867061      69.62 8.1974e+02   4585.104     110043  1044.5320  1044.5312    34.7011    34.7002    7.94390         14 0.0000e+00
   3652.000   3584.918     0.4001  30.647067     0.4005  30.646800     4.6094     4.6661    -0.0150    97.3839 1.0000e-12  -66.44160  -73.03236 336.867068      68.65 8.1725e+02   4585.682     110057  1044.5363  1044.5356    34.7009    34.7002    7.94390         14 0.0000e+00
   3653.000   3585.893     0.3999  30.647398     0.4003  30.647026     4.6144     4.6665    -0.0150    97.3746 1.0000e-12  -66.44160  -73.03236 336.867075      67.65 8.1270e+02   4586.269     110071  1044.5408  1044.5400    34.7011    34.7002    7.94393         14 0.0000e+00
   3654.000   3586.864     0.3998  30.647538     0.4003  30.647238     4.6118     4.6753    -0.0150    97.3933 1.0000e-12  -66.44160  -73.03237 336.867082      66.72 8.0737e+02   4586.899     110087  1044.5452  1044.5444    34.7010    34.7001    7.94397         16 0.0000e+00
   3655.000   3587.840     0.3998  30.647864     0.4002  30.647587     4.6082     4.6769    -0.0150    97.3839 1.0000e-12  -66.44160  -73.03238 336.867091      65.60 8.0228e+02   4587.654     110105  1044.5495  1044.5488    34.7009    34.7001    7.94397         21 0.0000e+00
   3656.000   3588.813     0.3997  30.648119     0.4002  30.647822     4.6117     4.6739    -0.0120    97.3669 1.0000e-12  -66.44161  -73.03238 336.867103      64.43 8.0123e+02   4588.710     110130  1044.5539  1044.5531    34.7009    34.6999    7.94399         32 0.0000e+00
   3657.000   3589.784     0.3998  30.648423     0.4003  30.648121     4.6002     4.6749    -0.0080    97.3524 1.0000e-12  -66.44162  -73.03238 336.867122      63.34 8.0332e+02   4590.323     110169  1044.5581  1044.5573    34.7007    34.6998    7.94398         36 0.0000e+00
   3658.000   3590.759     0.3994  30.648583     0.4000  30.648346     4.6161     4.6754    -0.0144    97.3431 1.0000e-12  -66.44162  -73.03237 336.867138      62.45 7.9938e+02   4591.719     110202  1044.5627  1044.5619    34.7009    34.7000    7.94404         28 0.0000e+00
