NBP2113_155081_ctd/data/dnbp2113_064.cnv
* Sea-Bird SBE 9 Data File:
* FileName = D:\Data\raw\NBP2113_064.hex
* Software Version Seasave V 7.26.7.121
* Temperature SN = 2438
* Conductivity SN = 2067
* Number of Bytes Per Scan = 40
* Number of Voltage Words = 5
* Number of Scans Averaged by the Deck Unit = 1
* NMEA Latitude = 64 10.41 S
* NMEA Longitude = 061 58.85 W
* NMEA UTC (Time) = Dec 14 2021  13:32:28
* NMEA baud rate = 9600
** Ship: RVIB N.B. Palmer
** Cruise: NBP2113 LTER
** Station: 739.006
** Operator: B. Urmston
# nquan = 25
# nvalues = 796                         
# units = specified
# name 0 = prDM: Pressure, Digiquartz [db]
# name 1 = depSM: Depth [salt water, m]
# name 2 = t090C: Temperature [ITS-90, deg C]
# name 3 = c0mS/cm: Conductivity [mS/cm]
# name 4 = t190C: Temperature, 2 [ITS-90, deg C]
# name 5 = c1mS/cm: Conductivity, 2 [mS/cm]
# name 6 = sbeox0ML/L: Oxygen, SBE 43 [ml/l]
# name 7 = sbeox1ML/L: Oxygen, SBE 43, 2 [ml/l]
# name 8 = flECO-AFL: Fluorescence, WET Labs ECO-AFL/FL [mg/m^3]
# name 9 = CStarTr0: Beam Transmission, WET Labs C-Star [%]
# name 10 = par: PAR/Irradiance, Biospherical/Licor
# name 11 = latitude: Latitude [deg]
# name 12 = longitude: Longitude [deg]
# name 13 = timeJ: Julian Days
# name 14 = altM: Altimeter [m]
# name 15 = spar: SPAR, Biospherical/Licor
# name 16 = timeS: Time, Elapsed [seconds]
# name 17 = scan: Scan Count
# name 18 = density00: Density [density, kg/m^3]
# name 19 = density11: Density, 2 [density, kg/m^3]
# name 20 = sal00: Salinity, Practical [PSU]
# name 21 = sal11: Salinity, Practical, 2 [PSU]
# name 22 = oxsolML/L: Oxygen Saturation, Garcia & Gordon [ml/l]
# name 23 = nbin: number of scans per bin
# name 24 = flag: flag
# span 0 =      5.000,    800.000       
# span 1 =      4.945,    790.676       
# span 2 =    -0.6690,     0.4215       
# span 3 =  28.308071,  28.962639       
# span 4 =    -0.6691,     0.4221       
# span 5 =  28.306287,  28.961151       
# span 6 =     5.4044,     7.4772       
# span 7 =     5.4875,     7.5317       
# span 8 =    -0.0298,     1.5418       
# span 9 =    83.2524,    91.2341       
# span 10 = 1.0000e-12, 1.2956e+02      
# span 11 =  -64.17366,  -64.17347      
# span 12 =  -61.98110,  -61.97989      
# span 13 = 348.567728, 348.581622      
# span 14 =       9.88,      99.98      
# span 15 = 4.0017e+02, 5.0066e+02      
# span 16 =    303.725,   1504.131      
# span 17 =       7290,      36100      
# span 18 =  1027.2608,  1031.5571      
# span 19 =  1027.2591,  1031.5560      
# span 20 =    33.9469,    34.5366      
# span 21 =    33.9456,    34.5350      
# span 22 =    7.98122,    8.17887      
# span 23 =          7,         56      
# span 24 = 0.0000e+00, 0.0000e+00      
# interval = decibars: 1                
# start_time = Dec 14 2021 13:32:28 [NMEA time, header]
# bad_flag = -9.990e-29
*END*
[from data line 290]
    295.000    291.917    -0.0587  28.750270    -0.0588  28.748950     5.6179     5.6796    -0.0149    91.0247 1.0000e-12  -64.17361  -61.98054 348.573609      99.97 4.7774e+02    811.827      19485  1029.1135  1029.1122    34.5064    34.5049    8.05020         29 0.0000e+00
    296.000    292.906    -0.0650  28.746166    -0.0666  28.744075     5.6130     5.6835    -0.0213    91.0310 1.0000e-12  -64.17360  -61.98054 348.573623      99.96 4.7768e+02    813.018      19513  1029.1197  1029.1190    34.5076    34.5066    8.05148         28 0.0000e+00
    297.000    293.893    -0.0702  28.742633    -0.0704  28.741189     5.6196     5.6844    -0.0255    91.0153 1.0000e-12  -64.17360  -61.98052 348.573636      99.97 4.7755e+02    814.190      19542  1029.1252  1029.1239    34.5081    34.5064    8.05253         28 0.0000e+00
    298.000    294.884    -0.0741  28.739863    -0.0743  28.738518     5.6256     5.6825    -0.0181    91.0303 1.0000e-12  -64.17360  -61.98052 348.573650      99.97 4.7610e+02    815.375      19570  1029.1304  1029.1291    34.5082    34.5067    8.05335         29 0.0000e+00
    299.000    295.874    -0.0763  28.738468    -0.0767  28.737029     5.6237     5.6844    -0.0256    91.0426 1.0000e-12  -64.17360  -61.98052 348.573664      99.97 4.7598e+02    816.579      19599  1029.1352  1029.1341    34.5082    34.5067    8.05381         29 0.0000e+00
    300.000    296.861    -0.0775  28.737788    -0.0777  28.736454     5.6205     5.6843    -0.0169    91.0093 1.0000e-12  -64.17360  -61.98051 348.573678      99.97 4.7621e+02    817.796      19628  1029.1400  1029.1387    34.5081    34.5065    8.05408         30 0.0000e+00
    301.000    297.850    -0.0789  28.737358    -0.0790  28.736000     5.6175     5.6854    -0.0175    91.0168 1.0000e-12  -64.17360  -61.98050 348.573692      99.97 4.7640e+02    819.026      19658  1029.1450  1029.1436    34.5084    34.5068    8.05434         29 0.0000e+00
    302.000    298.839    -0.0798  28.737061    -0.0799  28.735702     5.6087     5.6867    -0.0216    90.9965 1.0000e-12  -64.17360  -61.98050 348.573707      99.97 4.7756e+02    820.254      19687  1029.1498  1029.1484    34.5085    34.5068    8.05453         29 0.0000e+00
    303.000    299.828    -0.0802  28.737209    -0.0804  28.735775     5.6053     5.6871    -0.0152    91.0359 1.0000e-12  -64.17360  -61.98050 348.573720      99.97 4.7774e+02    821.426      19715  1029.1546  1029.1532    34.5086    34.5069    8.05462         27 0.0000e+00
    304.000    300.816    -0.0817  28.736694    -0.0818  28.735308     5.6193     5.6878    -0.0190    91.0136 1.0000e-12  -64.17360  -61.98050 348.573733      99.97 4.7774e+02    822.558      19742  1029.1597  1029.1583    34.5089    34.5072    8.05490         28 0.0000e+00
    305.000    301.806    -0.0834  28.735779    -0.0835  28.734461     5.6241     5.6898    -0.0196    91.0028 1.0000e-12  -64.17360  -61.98049 348.573747      99.97 4.7774e+02    823.742      19771  1029.1646  1029.1634    34.5091    34.5075    8.05526         29 0.0000e+00
    306.000    302.794    -0.0839  28.735789    -0.0841  28.734428     5.6211     5.6936    -0.0206    91.0179 1.0000e-12  -64.17360  -61.98048 348.573761      99.97 4.7774e+02    824.960      19800  1029.1694  1029.1681    34.5091    34.5074    8.05537         29 0.0000e+00
    307.000    303.783    -0.0845  28.735755    -0.0847  28.734448     5.6243     5.6871    -0.0198    91.0088 1.0000e-12  -64.17360  -61.98048 348.573776      99.97 4.7774e+02    826.228      19830  1029.1741  1029.1729    34.5091    34.5075    8.05549         31 0.0000e+00
    308.000    304.772    -0.0849  28.735904    -0.0852  28.734520     5.6171     5.6789    -0.0195    91.0089 1.0000e-12  -64.17360  -61.98047 348.573791      99.97 4.7774e+02    827.516      19861  1029.1789  1029.1777    34.5091    34.5077    8.05557         31 0.0000e+00
    309.000    305.760    -0.0856  28.735958    -0.0858  28.734612     5.6291     5.6851    -0.0166    91.0040 1.0000e-12  -64.17360  -61.98046 348.573805      99.97 4.7845e+02    828.739      19891  1029.1838  1029.1826    34.5093    34.5078    8.05570         28 0.0000e+00
    310.000    306.749    -0.0875  28.734999    -0.0879  28.733542     5.6371     5.6901    -0.0185    90.9663 1.0000e-12  -64.17360  -61.98046 348.573818      99.97 4.7951e+02    829.907      19919  1029.1890  1029.1878    34.5096    34.5082    8.05609         28 0.0000e+00
    311.000    307.739    -0.0899  28.733324    -0.0900  28.732019     5.6283     5.6906    -0.0115    90.9847 1.0000e-12  -64.17360  -61.98046 348.573832      99.97 4.7950e+02    831.043      19946  1029.1938  1029.1924    34.5095    34.5079    8.05660         28 0.0000e+00
    312.000    308.727    -0.0893  28.734245    -0.0895  28.732888     5.6307     5.6957    -0.0100    90.9561 1.0000e-12  -64.17360  -61.98046 348.573845      99.97 4.7950e+02    832.232      19975  1029.1984  1029.1971    34.5095    34.5079    8.05648         29 0.0000e+00
    313.000    309.715    -0.0904  28.733762    -0.0906  28.732452     5.6289     5.6937    -0.0184    90.9872 1.0000e-12  -64.17360  -61.98046 348.573860      99.97 4.8020e+02    833.476      20004  1029.2032  1029.2020    34.5095    34.5079    8.05671         29 0.0000e+00
    314.000    310.704    -0.0928  28.732366    -0.0931  28.730983     5.6283     5.6910    -0.0141    90.9671 1.0000e-12  -64.17360  -61.98044 348.573874      99.97 4.8129e+02    834.671      20033  1029.2083  1029.2071    34.5098    34.5082    8.05721         28 0.0000e+00
    315.000    311.694    -0.0979  28.728402    -0.0981  28.727030     5.6338     5.6931    -0.0192    90.9437 1.0000e-12  -64.17360  -61.98044 348.573887      99.97 4.8127e+02    835.809      20060  1029.2133  1029.2121    34.5096    34.5080    8.05828         28 0.0000e+00
    316.000    312.683    -0.0984  28.728413    -0.0987  28.726977     5.6209     5.6912    -0.0127    90.9431 1.0000e-12  -64.17360  -61.98044 348.573900      75.16 4.8127e+02    836.938      20088  1029.2181  1029.2168    34.5096    34.5080    8.05839         27 0.0000e+00
    317.000    313.670    -0.0971  28.730038    -0.0974  28.728697     5.6093     5.6911    -0.0197    90.9668 1.0000e-12  -64.17360  -61.98044 348.573913      99.55 4.8127e+02    838.106      20116  1029.2227  1029.2215    34.5097    34.5082    8.05812         29 0.0000e+00
    318.000    314.659    -0.0946  28.732794    -0.0947  28.731699     5.6097     5.6861    -0.0141    90.9634 1.0000e-12  -64.17360  -61.98044 348.573928      99.97 4.8127e+02    839.346      20145  1029.2274  1029.2263    34.5100    34.5085    8.05757         30 0.0000e+00
    319.000    315.647    -0.0927  28.735225    -0.0930  28.733962     5.6245     5.6890    -0.0136    90.9872 1.0000e-12  -64.17360  -61.98042 348.573942      99.97 4.8127e+02    840.616      20176  1029.2324  1029.2313    34.5105    34.5091    8.05715         31 0.0000e+00
    320.000    316.637    -0.0926  28.735957    -0.0929  28.734637     5.6231     5.6932    -0.0163    90.9876 1.0000e-12  -64.17360  -61.98042 348.573957      99.97 4.8127e+02    841.860      20206  1029.2373  1029.2362    34.5106    34.5093    8.05710         29 0.0000e+00
    321.000    317.625    -0.0920  28.736942    -0.0923  28.735658     5.6114     5.6889    -0.0257    90.9644 1.0000e-12  -64.17360  -61.98042 348.573971      99.97 4.8127e+02    843.096      20235  1029.2420  1029.2409    34.5107    34.5094    8.05698         30 0.0000e+00
    322.000    318.616    -0.0912  28.738204    -0.0915  28.736852     5.6187     5.6889    -0.0232    90.9566 1.0000e-12  -64.17360  -61.98042 348.573985      99.97 4.8127e+02    844.316      20265  1029.2468  1029.2457    34.5109    34.5094    8.05680         29 0.0000e+00
    323.000    319.602    -0.0911  28.738938    -0.0913  28.737612     5.6237     5.6846    -0.0198    90.9265 1.0000e-12  -64.17360  -61.98042 348.573999      99.97 4.8127e+02    845.508      20293  1029.2517  1029.2505    34.5111    34.5096    8.05676         28 0.0000e+00
    324.000    320.590    -0.0920  28.738492    -0.0924  28.737153     5.6286     5.6832    -0.0159    90.9506 1.0000e-12  -64.17360  -61.98041 348.574012      99.97 4.8127e+02    846.658      20321  1029.2564  1029.2553    34.5110    34.5096    8.05697         27 0.0000e+00
    325.000    321.583    -0.0906  28.740233    -0.0908  28.738826     5.6225     5.6842    -0.0197    90.9604 1.0000e-12  -64.17360  -61.98040 348.574025      99.97 4.8127e+02    847.740      20347  1029.2612  1029.2598    34.5111    34.5094    8.05667         25 0.0000e+00
    326.000    322.568    -0.0891  28.742395    -0.0895  28.740932     5.6160     5.6785    -0.0271    90.9574 1.0000e-12  -64.17360  -61.98040 348.574038      99.97 4.8127e+02    848.855      20374  1029.2662  1029.2650    34.5117    34.5101    8.05632         28 0.0000e+00
    327.000    323.558    -0.0883  28.743296    -0.0885  28.742086     5.6171     5.6818    -0.0148    90.9727 1.0000e-12  -64.17360  -61.98040 348.574052      99.97 4.8127e+02    850.105      20404  1029.2706  1029.2695    34.5114    34.5099    8.05616         32 0.0000e+00
    328.000    324.546    -0.0864  28.745695    -0.0870  28.744107     5.6105     5.6837    -0.0129    90.9436 1.0000e-12  -64.17360  -61.98039 348.574067      99.97 4.8127e+02    851.427      20435  1029.2756  1029.2745    34.5118    34.5104    8.05574         28 0.0000e+00
    329.000    325.534    -0.0858  28.746826    -0.0864  28.745218     5.6159     5.6796    -0.0138    90.9569 1.0000e-12  -64.17360  -61.98038 348.574083      99.97 4.8127e+02    852.763      20467  1029.2805  1029.2794    34.5120    34.5106    8.05560         30 0.0000e+00
    330.000    326.524    -0.0853  28.747895    -0.0854  28.746601     5.6165     5.6739    -0.0095    90.9497 1.0000e-12  -64.17360  -61.98038 348.574097      99.97 4.8127e+02    853.941      20496  1029.2853  1029.2841    34.5122    34.5107    8.05547         27 0.0000e+00
    331.000    327.513    -0.0824  28.751222    -0.0827  28.749778     5.5975     5.6736    -0.0077    90.9389 1.0000e-12  -64.17360  -61.98038 348.574109      99.97 4.8127e+02    854.996      20521  1029.2903  1029.2890    34.5128    34.5113    8.05484         25 0.0000e+00
    332.000    328.501    -0.0770  28.755999    -0.0779  28.754081     5.5915     5.6632    -0.0141    90.9367 1.0000e-12  -64.17358  -61.98038 348.574121      99.97 4.8127e+02    856.057      20546  1029.2943  1029.2931    34.5125    34.5109    8.05373         26 0.0000e+00
    333.000    329.489    -0.0685  28.765202    -0.0696  28.763076     5.5937     5.6571    -0.0092    90.9351 1.0000e-12  -64.17358  -61.98038 348.574135      99.97 4.8127e+02    857.228      20574  1029.2999  1029.2987    34.5144    34.5129    8.05181         30 0.0000e+00
    334.000    330.479    -0.0674  28.767125    -0.0679  28.765601     5.5979     5.6569    -0.0105    90.9759 1.0000e-12  -64.17358  -61.98038 348.574149      99.97 4.8127e+02    858.481      20605  1029.3053  1029.3041    34.5152    34.5137    8.05154         31 0.0000e+00
    335.000    331.467    -0.0692  28.765977    -0.0695  28.764521     5.6042     5.6620    -0.0260    90.9582 1.0000e-12  -64.17358  -61.98037 348.574164      99.97 4.8127e+02    859.759      20635  1029.3101  1029.3088    34.5151    34.5135    8.05192         29 0.0000e+00
    336.000    332.455    -0.0714  28.765375    -0.0729  28.762922     5.6050     5.6638    -0.0156    90.9424 1.0000e-12  -64.17358  -61.98036 348.574178      99.96 4.8127e+02    860.959      20664  1029.3160  1029.3148    34.5162    34.5146    8.05233         28 0.0000e+00
    337.000    333.445    -0.0753  28.762212    -0.0759  28.760472     5.5933     5.6731    -0.0147    90.9498 1.0000e-12  -64.17358  -61.98036 348.574191      99.97 4.8127e+02    862.087      20691  1029.3208  1029.3195    34.5158    34.5142    8.05318         27 0.0000e+00
    338.000    334.433    -0.0831  28.756277    -0.0844  28.754076     5.6164     5.6837    -0.0204    90.9431 1.0000e-12  -64.17358  -61.98036 348.574204      99.97 4.8127e+02    863.264      20719  1029.3264  1029.3254    34.5161    34.5147    8.05480         29 0.0000e+00
    339.000    335.423    -0.1004  28.742333    -0.1005  28.740918     5.6227     5.6911    -0.0185    90.9575 1.0000e-12  -64.17358  -61.98036 348.574219      99.97 4.8127e+02    864.485      20749  1029.3329  1029.3315    34.5165    34.5147    8.05841         30 0.0000e+00
    340.000    336.409    -0.1106  28.732475    -0.1111  28.731011     5.6255     5.6957    -0.0150    90.9116 1.0000e-12  -64.17358  -61.98036 348.574233      99.97 4.8127e+02    865.699      20778  1029.3368  1029.3356    34.5143    34.5129    8.06070         29 0.0000e+00
    341.000    337.399    -0.1136  28.730295    -0.1138  28.728943     5.6345     5.6953    -0.0228    90.9640 1.0000e-12  -64.17358  -61.98036 348.574246      99.97 4.8127e+02    866.879      20806  1029.3415  1029.3403    34.5141    34.5126    8.06132         28 0.0000e+00
    342.000    338.388    -0.1148  28.730041    -0.1150  28.728598     5.6334     5.6937    -0.0237    90.9566 1.0000e-12  -64.17358  -61.98036 348.574260      99.97 4.8127e+02    868.048      20834  1029.3465  1029.3453    34.5146    34.5129    8.06155         28 0.0000e+00
    343.000    339.377    -0.1160  28.729437    -0.1162  28.728118     5.6363     5.6933    -0.0158    90.9454 1.0000e-12  -64.17358  -61.98036 348.574274      99.97 4.8127e+02    869.232      20863  1029.3514  1029.3501    34.5146    34.5130    8.06182         28 0.0000e+00
    344.000    340.364    -0.1190  28.727575    -0.1190  28.726342     5.6414     5.6934    -0.0177    90.7444 1.0000e-12  -64.17358  -61.98034 348.574288      99.96 4.8127e+02    870.449      20892  1029.3564  1029.3551    34.5148    34.5132    8.06243         30 0.0000e+00
    345.000    341.353    -0.1214  28.726087    -0.1220  28.724415     5.6376     5.6948    -0.0135    90.8432 1.0000e-12  -64.17358  -61.98034 348.574302      99.97 4.8127e+02    871.671      20921  1029.3614  1029.3602    34.5150    34.5134    8.06293         29 0.0000e+00
    346.000    342.342    -0.1215  28.726777    -0.1212  28.725681     5.6401     5.6998    -0.0134    90.8240 1.0000e-12  -64.17358  -61.98034 348.574316      99.97 4.8127e+02    872.861      20950  1029.3664  1029.3650    34.5154    34.5137    8.06293         28 0.0000e+00
    347.000    343.331    -0.1240  28.725233    -0.1239  28.724269     5.6373     5.7041    -0.0195    90.8416 1.0000e-12  -64.17358  -61.98034 348.574329      99.97 4.8127e+02    874.023      20978  1029.3714  1029.3703    34.5155    34.5142    8.06344         28 0.0000e+00
    348.000    344.319    -0.1261  28.723998    -0.1261  28.722825     5.6326     5.7028    -0.0205    90.8288 1.0000e-12  -64.17358  -61.98034 348.574342      99.97 4.8127e+02    875.182      21005  1029.3764  1029.3751    34.5157    34.5141    8.06387         28 0.0000e+00
    349.000    345.308    -0.1264  28.723991    -0.1267  28.722631     5.6370     5.7025    -0.0211    90.8064 1.0000e-12  -64.17358  -61.98034 348.574356      99.97 4.8127e+02    876.363      21034  1029.3809  1029.3797    34.5154    34.5140    8.06396         28 0.0000e+00
    350.000    346.297    -0.1277  28.723412    -0.1282  28.721884     5.6432     5.7034    -0.0212    90.8132 1.0000e-12  -64.17358  -61.98033 348.574370      99.97 4.8127e+02    877.556      21062  1029.3857  1029.3845    34.5155    34.5140    8.06422         30 0.0000e+00
    351.000    347.284    -0.1296  28.722515    -0.1301  28.721003     5.6494     5.7036    -0.0199    90.8115 1.0000e-12  -64.17358  -61.98032 348.574384      99.97 4.8127e+02    878.797      21092  1029.3908  1029.3897    34.5158    34.5144    8.06460         30 0.0000e+00
