NBP2113_155081_ctd/data/dnbp2113_034.cnv
* Sea-Bird SBE 9 Data File:
* FileName = D:\Data\raw\NBP2113_034.hex
* Software Version Seasave V 7.26.7.121
* Temperature SN = 2438
* Conductivity SN = 2067
* Number of Bytes Per Scan = 40
* Number of Voltage Words = 5
* Number of Scans Averaged by the Deck Unit = 1
* NMEA Latitude = 64 56.01 S
* NMEA Longitude = 064 23.98 W
* NMEA UTC (Time) = Dec 08 2021  22:30:19
* NMEA baud rate = 9600
** Ship: RVIB N.B. Palmer
** Cruise: NBP2113 LTER
** Station: 600.040
** Operator: S. Blackman
# nquan = 25
# nvalues = 1312                        
# units = specified
# name 0 = prDM: Pressure, Digiquartz [db]
# name 1 = depSM: Depth [salt water, m]
# name 2 = t090C: Temperature [ITS-90, deg C]
# name 3 = c0mS/cm: Conductivity [mS/cm]
# name 4 = t190C: Temperature, 2 [ITS-90, deg C]
# name 5 = c1mS/cm: Conductivity, 2 [mS/cm]
# name 6 = sbeox0ML/L: Oxygen, SBE 43 [ml/l]
# name 7 = sbeox1ML/L: Oxygen, SBE 43, 2 [ml/l]
# name 8 = flECO-AFL: Fluorescence, WET Labs ECO-AFL/FL [mg/m^3]
# name 9 = CStarTr0: Beam Transmission, WET Labs C-Star [%]
# name 10 = par: PAR/Irradiance, Biospherical/Licor
# name 11 = latitude: Latitude [deg]
# name 12 = longitude: Longitude [deg]
# name 13 = timeJ: Julian Days
# name 14 = altM: Altimeter [m]
# name 15 = spar: SPAR, Biospherical/Licor
# name 16 = timeS: Time, Elapsed [seconds]
# name 17 = scan: Scan Count
# name 18 = density00: Density [density, kg/m^3]
# name 19 = density11: Density, 2 [density, kg/m^3]
# name 20 = sal00: Salinity, Practical [PSU]
# name 21 = sal11: Salinity, Practical, 2 [PSU]
# name 22 = oxsolML/L: Oxygen Saturation, Garcia & Gordon [ml/l]
# name 23 = nbin: number of scans per bin
# name 24 = flag: flag
# span 0 =      6.000,   1317.000       
# span 1 =      5.944,   1299.982       
# span 2 =    -1.0262,     1.4955       
# span 3 =  27.106680,  30.664402       
# span 4 =    -1.0257,     1.4954       
# span 5 =  27.105153,  30.663411       
# span 6 =     4.0372,     8.0717       
# span 7 =     4.0860,     8.0934       
# span 8 =    -0.0223,     1.7667       
# span 9 =    87.1900,    96.0513       
# span 10 = 1.0000e-12, 3.4378e+01      
# span 11 =  -64.93358,  -64.93318      
# span 12 =  -64.39988,  -64.39906      
# span 13 = 342.941235, 342.962500      
# span 14 =       6.77,     105.13      
# span 15 = 7.9150e+01, 1.3222e+02      
# span 16 =    303.694,   2140.997      
# span 17 =       7290,      51385      
# span 18 =  1027.0114,  1033.8858      
# span 19 =  1027.0098,  1033.8848      
# span 20 =    33.5529,    34.6780      
# span 21 =    33.5505,    34.6769      
# span 22 =    7.72527,    8.31412      
# span 23 =         11,         45      
# span 24 = 0.0000e+00, 0.0000e+00      
# interval = decibars: 1                
# start_time = Dec 08 2021 22:30:19 [NMEA time, header]
# bad_flag = -9.990e-29
*END*
[from data line 174]
    180.000    178.158     0.7939  29.436040     0.7935  29.434811     4.8517     4.9054    -0.0091    95.8741 1.0000e-12  -64.93334  -64.39938 342.945887      99.97 1.1106e+02    705.657      16937  1028.5246  1028.5237    34.5200    34.5188    7.87354         19 0.0000e+00
    181.000    179.148     0.7955  29.437944     0.7952  29.437200     4.8519     4.9075    -0.0090    95.8711 1.0000e-12  -64.93334  -64.39938 342.945896      99.97 1.1106e+02    706.377      16954  1028.5293  1028.5288    34.5200    34.5194    7.87320         17 0.0000e+00
    182.000    180.138     0.7998  29.443011     0.7996  29.442264     4.8481     4.9060    -0.0055    95.8912 1.0000e-12  -64.93334  -64.39938 342.945903      99.97 1.1106e+02    707.044      16970  1028.5346  1028.5340    34.5212    34.5205    7.87227         16 0.0000e+00
    183.000    181.127     0.8015  29.445416     0.8011  29.444237     4.8465     4.9039    -0.0005    95.8906 1.0000e-12  -64.93334  -64.39939 342.945912      99.97 1.1106e+02    707.775      16988  1028.5398  1028.5389    34.5219    34.5208    7.87189         19 0.0000e+00
    184.000    182.116     0.8035  29.448078     0.8032  29.446814     4.8424     4.9016    -0.0013    95.8988 1.0000e-12  -64.93334  -64.39940 342.945927      99.97 1.1106e+02    709.060      17018  1028.5449  1028.5439    34.5225    34.5212    7.87146         33 0.0000e+00
    185.000    183.105     0.8071  29.452191     0.8068  29.451107     4.8351     4.8848    -0.0006    95.9015 1.0000e-12  -64.93334  -64.39942 342.945965      99.98 1.1106e+02    712.364      17098  1028.5501  1028.5493    34.5233    34.5222    7.87068         36 0.0000e+00
    186.000    184.095     0.8102  29.455656     0.8096  29.454292     4.8363     4.8804    -0.0040    95.9014 1.0000e-12  -64.93332  -64.39942 342.945980      99.97 1.1106e+02    713.704      17130  1028.5550  1028.5541    34.5237    34.5226    7.87003         27 0.0000e+00
    187.000    185.084     0.8127  29.458718     0.8127  29.457832     4.8295     4.8721    -0.0080    95.9014 1.0000e-12  -64.93333  -64.39941 342.945992      99.97 1.1106e+02    714.710      17154  1028.5600  1028.5591    34.5243    34.5232    7.86949         23 0.0000e+00
    188.000    186.074     0.8172  29.463099     0.8169  29.462606     4.8152     4.8657    -0.0067    95.9014 1.0000e-12  -64.93334  -64.39940 342.946003      99.97 1.1106e+02    715.620      17176  1028.5644  1028.5642    34.5244    34.5241    7.86858         21 0.0000e+00
    189.000    187.063     0.8297  29.475948     0.8296  29.475670     4.8166     4.8662    -0.0004    95.9014 1.0000e-12  -64.93334  -64.39940 342.946013      99.98 1.1106e+02    716.518      17197  1028.5697  1028.5696    34.5265    34.5263    7.86593         22 0.0000e+00
    190.000    188.051     0.8350  29.482005     0.8342  29.480708     4.8121     4.8582    -0.0076    95.9025 1.0000e-12  -64.93334  -64.39940 342.946024      99.97 1.1106e+02    717.461      17220  1028.5752  1028.5746    34.5279    34.5271    7.86479         24 0.0000e+00
    191.000    189.041     0.8372  29.485058     0.8372  29.483894     4.8016     4.8572     0.0055    95.8979 1.0000e-12  -64.93334  -64.39940 342.946037      99.97 1.1106e+02    718.572      17247  1028.5805  1028.5794    34.5288    34.5273    7.86429         29 0.0000e+00
    192.000    190.030     0.8386  29.486689     0.8381  29.485421     4.8012     4.8587    -0.0004    95.8800 1.0000e-12  -64.93334  -64.39940 342.946051      99.97 1.1106e+02    719.797      17276  1028.5853  1028.5844    34.5288    34.5276    7.86402         29 0.0000e+00
    193.000    191.019     0.8404  29.488953     0.8399  29.487673     4.7851     4.8584    -0.0015    95.8872 1.0000e-12  -64.93334  -64.39940 342.946064      99.97 1.1106e+02    720.972      17304  1028.5902  1028.5893    34.5291    34.5281    7.86364         27 0.0000e+00
    194.000    192.010     0.8417  29.490951     0.8410  29.489373     4.7900     4.8578    -0.0076    95.8627 1.0000e-12  -64.93332  -64.39942 342.946078      99.98 1.1106e+02    722.105      17332  1028.5953  1028.5944    34.5296    34.5284    7.86334         29 0.0000e+00
    195.000    192.998     0.8416  29.491491     0.8414  29.490192     4.7940     4.8540    -0.0065    95.8465 1.0000e-12  -64.93332  -64.39942 342.946098      99.97 1.1106e+02    723.827      17373  1028.6003  1028.5992    34.5299    34.5284    7.86335         36 0.0000e+00
    196.000    193.985     0.8446  29.495204     0.8443  29.493916     4.7823     4.8404    -0.0002    95.8314 1.0000e-12  -64.93332  -64.39941 342.946128      99.97 1.1106e+02    726.453      17436  1028.6055  1028.6046    34.5307    34.5295    7.86269         33 0.0000e+00
    197.000    194.977     0.8497  29.500463     0.8492  29.499704     4.7836     4.8389    -0.0008    95.8266 1.0000e-12  -64.93332  -64.39940 342.946141      99.98 1.1106e+02    727.540      17462  1028.6103  1028.6100    34.5313    34.5309    7.86163         20 0.0000e+00
    198.000    195.966     0.8534  29.505017     0.8532  29.504428     4.7895     4.8399    -0.0082    95.8531 1.0000e-12  -64.93332  -64.39940 342.946149      99.97 1.1106e+02    728.298      17480  1028.6157  1028.6152    34.5325    34.5319    7.86081         17 0.0000e+00
    199.000    196.957     0.8571  29.509316     0.8568  29.508379     4.7887     4.8437    -0.0082    95.8328 1.0000e-12  -64.93332  -64.39940 342.946157      99.97 1.1106e+02    728.954      17496  1028.6209  1028.6201    34.5334    34.5325    7.86003         15 0.0000e+00
    200.000    197.945     0.8573  29.510301     0.8563  29.508463     4.7821     4.8426    -0.0081    95.8332 1.0000e-12  -64.93332  -64.39939 342.946165      99.97 1.1106e+02    729.619      17512  1028.6259  1028.6250    34.5338    34.5325    7.85996         17 0.0000e+00
    201.000    198.933     0.8580  29.511539     0.8574  29.510069     4.7851     4.8369    -0.0077    95.8352 1.0000e-12  -64.93332  -64.39938 342.946174      99.97 1.1084e+02    730.428      17531  1028.6308  1028.6299    34.5341    34.5328    7.85981         23 0.0000e+00
    202.000    199.923     0.8582  29.512376     0.8578  29.510888     4.7914     4.8416    -0.0016    95.8332 1.0000e-12  -64.93332  -64.39939 342.946193      99.97 1.1004e+02    732.103      17571  1028.6359  1028.6347    34.5344    34.5329    7.85976         37 0.0000e+00
    203.000    200.912     0.8587  29.513403     0.8583  29.511936     4.7988     4.8372     0.0060    95.7808 1.0000e-12  -64.93332  -64.39940 342.946215      99.97 1.0929e+02    733.951      17616  1028.6408  1028.6397    34.5346    34.5331    7.85965         30 0.0000e+00
    204.000    201.902     0.8585  29.513717     0.8581  29.512271     4.7884     4.8373    -0.0144    95.8369 1.0000e-12  -64.93332  -64.39940 342.946229      99.98 1.0930e+02    735.144      17644  1028.6455  1028.6445    34.5345    34.5332    7.85968         28 0.0000e+00
    205.000    202.890     0.8590  29.514996     0.8582  29.513020     4.7749     4.8389    -0.0066    95.8441 1.0000e-12  -64.93332  -64.39942 342.946246      99.97 1.0930e+02    736.667      17681  1028.6507  1028.6494    34.5351    34.5334    7.85956         40 0.0000e+00
    206.000    203.880     0.8580  29.514476     0.8578  29.512984     4.7832     4.8318     0.0104    95.8501 1.0000e-12  -64.93332  -64.39941 342.946274      99.97 1.0930e+02    739.069      17739  1028.6554  1028.6541    34.5349    34.5332    7.85975         32 0.0000e+00
    207.000    204.868     0.8581  29.514828     0.8580  29.513899     4.7791     4.8271    -0.0040    95.8630 1.0000e-12  -64.93332  -64.39940 342.946287      99.97 1.0930e+02    740.214      17766  1028.6600  1028.6592    34.5346    34.5336    7.85975         22 0.0000e+00
    208.000    205.860     0.8571  29.514454     0.8565  29.512937     4.7778     4.8290    -0.0050    95.8822 1.0000e-12  -64.93332  -64.39938 342.946296      99.97 1.0930e+02    740.984      17785  1028.6648  1028.6638    34.5347    34.5333    7.85996         16 0.0000e+00
    209.000    206.846     0.8592  29.516768     0.8593  29.516459     4.7816     4.8281    -0.0003    95.8346 1.0000e-12  -64.93332  -64.39938 342.946304      99.97 1.0930e+02    741.657      17801  1028.6694  1028.6690    34.5348    34.5343    7.85953         16 0.0000e+00
    210.000    207.838     0.8608  29.519063     0.8614  29.519049     4.7792     4.8232    -0.0004    95.8525 1.0000e-12  -64.93332  -64.39938 342.946312      99.97 1.0930e+02    742.317      17817  1028.6745  1028.6739    34.5354    34.5347    7.85917         17 0.0000e+00
    211.000    208.825     0.8634  29.522286     0.8631  29.521477     4.7740     4.8247    -0.0025    95.8463 1.0000e-12  -64.93332  -64.39936 342.946320      99.97 1.0930e+02    743.074      17835  1028.6796  1028.6789    34.5361    34.5353    7.85861         20 0.0000e+00
    212.000    209.817     0.8672  29.526767     0.8668  29.525343     4.7762     4.8267    -0.0041    95.8505 1.0000e-12  -64.93332  -64.39938 342.946334      99.98 1.0930e+02    744.226      17862  1028.6847  1028.6836    34.5370    34.5356    7.85778         31 0.0000e+00
    213.000    210.804     0.8694  29.529551     0.8693  29.528439     4.7639     4.8175    -0.0044    95.8719 1.0000e-12  -64.93332  -64.39939 342.946357      99.97 1.0930e+02    746.215      17910  1028.6898  1028.6887    34.5377    34.5363    7.85732         42 0.0000e+00
    214.000    211.794     0.8736  29.534270     0.8736  29.533394     4.7609     4.8177    -0.0009    95.8668 1.0000e-12  -64.93332  -64.39940 342.946378      99.98 1.0930e+02    748.029      17954  1028.6948  1028.6939    34.5385    34.5374    7.85642         41 0.0000e+00
    215.000    212.783     0.8745  29.535818     0.8744  29.534628     4.7668     4.8188    -0.0102    95.8733 1.0000e-12  -64.93332  -64.39940 342.946395      99.97 1.0930e+02    749.554      17990  1028.6999  1028.6987    34.5389    34.5375    7.85622         32 0.0000e+00
    216.000    213.771     0.8724  29.534055     0.8727  29.533416     4.7625     4.8194    -0.0151    95.8585 1.0000e-12  -64.93332  -64.39939 342.946409      99.97 1.0930e+02    750.750      18019  1028.7044  1028.7034    34.5384    34.5371    7.85667         26 0.0000e+00
    217.000    214.762     0.8717  29.533814     0.8705  29.531637     4.7625     4.8186    -0.0102    95.8648 1.0000e-12  -64.93332  -64.39938 342.946421      99.97 1.0930e+02    751.762      18043  1028.7091  1028.7080    34.5382    34.5367    7.85682         24 0.0000e+00
    218.000    215.750     0.8709  29.533205     0.8703  29.531841     4.7665     4.8206     0.0055    95.8663 1.0000e-12  -64.93332  -64.39938 342.946433      99.97 1.0930e+02    752.778      18068  1028.7136  1028.7127    34.5378    34.5366    7.85701         25 0.0000e+00
    219.000    216.739     0.8725  29.535150     0.8722  29.534111     4.7737     4.8161    -0.0026    95.8620 1.0000e-12  -64.93332  -64.39938 342.946447      99.97 1.0930e+02    753.986      18097  1028.7183  1028.7174    34.5379    34.5368    7.85668         32 0.0000e+00
    220.000    217.728     0.8758  29.539131     0.8756  29.538112     4.7795     4.8118    -0.0030    95.8739 1.0000e-12  -64.93332  -64.39936 342.946465      99.97 1.0930e+02    755.584      18135  1028.7234  1028.7226    34.5388    34.5377    7.85596         39 0.0000e+00
    221.000    218.717     0.8764  29.539971     0.8759  29.538912     4.7789     4.8136    -0.0003    95.8544 1.0000e-12  -64.93332  -64.39936 342.946481      99.97 1.0930e+02    756.926      18167  1028.7280  1028.7273    34.5387    34.5378    7.85585         26 0.0000e+00
    222.000    219.707     0.8787  29.542672     0.8781  29.541526     4.7611     4.8103    -0.0070    95.8408 1.0000e-12  -64.93332  -64.39936 342.946491      99.98 1.0930e+02    757.858      18190  1028.7328  1028.7321    34.5390    34.5381    7.85537         20 0.0000e+00
    223.000    220.695     0.8802  29.544895     0.8793  29.543145     4.7501     4.8123    -0.0118    95.8499 1.0000e-12  -64.93332  -64.39936 342.946501      99.97 1.0930e+02    758.649      18209  1028.7378  1028.7369    34.5396    34.5383    7.85503         18 0.0000e+00
    224.000    221.686     0.8808  29.545798     0.8803  29.544935     4.7445     4.8119    -0.0124    95.8499 1.0000e-12  -64.93332  -64.39936 342.946510      99.97 1.0930e+02    759.427      18227  1028.7424  1028.7421    34.5395    34.5390    7.85491         20 0.0000e+00
    225.000    222.674     0.8914  29.556815     0.8915  29.556489     4.7499     4.8099     0.0008    95.8499 1.0000e-12  -64.93332  -64.39936 342.946521      99.97 1.0930e+02    760.432      18251  1028.7477  1028.7473    34.5413    34.5409    7.85267         30 0.0000e+00
    226.000    223.663     0.8915  29.557350     0.8899  29.555342     4.7566     4.8080     0.0012    95.8441 1.0000e-12  -64.93331  -64.39936 342.946554      99.97 1.0930e+02    763.267      18319  1028.7526  1028.7521    34.5414    34.5406    7.85265         32 0.0000e+00
    227.000    224.651     0.8941  29.560823     0.8935  29.559570     4.7537     4.7998    -0.0057    95.8192 1.0000e-12  -64.93330  -64.39936 342.946579      99.98 1.0930e+02    765.449      18372  1028.7579  1028.7571    34.5423    34.5414    7.85207         24 0.0000e+00
    228.000    225.642     0.8956  29.563136     0.8953  29.561880     4.7523     4.7977    -0.0078    95.7978 1.0000e-12  -64.93330  -64.39934 342.946589      99.97 1.0930e+02    766.315      18393  1028.7630  1028.7620    34.5431    34.5418    7.85173         19 0.0000e+00
    229.000    226.631     0.8914  29.559618     0.8920  29.558867     4.7449     4.7988    -0.0077    95.8230 1.0000e-12  -64.93330  -64.39934 342.946598      99.97 1.0930e+02    767.072      18411  1028.7678  1028.7665    34.5426    34.5410    7.85260         18 0.0000e+00
    230.000    227.620     0.8924  29.560514     0.8925  29.560243     4.7383     4.7971    -0.0077    95.8034 1.0000e-12  -64.93330  -64.39934 342.946606      99.97 1.0930e+02    767.774      18428  1028.7720  1028.7716    34.5421    34.5416    7.85243         17 0.0000e+00
    231.000    228.608     0.9023  29.570817     0.9026  29.570993     4.7314     4.7998    -0.0037    95.7984 1.0000e-12  -64.93330  -64.39934 342.946615      99.98 1.0930e+02    768.514      18445  1028.7772  1028.7771    34.5439    34.5437    7.85035         18 0.0000e+00
    232.000    229.599     0.9055  29.574776     0.9044  29.572971     4.7327     4.7995    -0.0028    95.7942 1.0000e-12  -64.93332  -64.39934 342.946625      99.97 1.0930e+02    769.381      18466  1028.7825  1028.7817    34.5448    34.5437    7.84965         24 0.0000e+00
    233.000    230.590     0.9067  29.576484     0.9067  29.575544     4.7551     4.7995    -0.0052    95.7988 1.0000e-12  -64.93332  -64.39935 342.946641      99.97 1.0930e+02    770.787      18500  1028.7874  1028.7864    34.5451    34.5439    7.84938         30 0.0000e+00
    234.000    231.575     0.9073  29.577440     0.9059  29.575279     4.7536     4.8001    -0.0044    95.7889 1.0000e-12  -64.93330  -64.39935 342.946677      99.98 1.0930e+02    773.885      18574  1028.7921  1028.7913    34.5451    34.5439    7.84927         33 0.0000e+00
    235.000    232.565     0.9107  29.581475     0.9104  29.580620     4.7545     4.7945     0.0041    95.7909 1.0000e-12  -64.93330  -64.39934 342.946691      99.97 1.0930e+02    775.094      18603  1028.7973  1028.7967    34.5460    34.5452    7.84854         24 0.0000e+00
    236.000    233.555     0.9140  29.585371     0.9135  29.584289     4.7496     4.7944    -0.0001    95.7907 1.0000e-12  -64.93330  -64.39934 342.946701      99.98 1.0930e+02    775.994      18625  1028.8023  1028.8016    34.5467    34.5458    7.84783         20 0.0000e+00
