NBP2113_155081_ctd/data/dnbp2113_027.cnv
* Sea-Bird SBE 9 Data File:
* FileName = D:\Data\raw\NBP2113_027.hex
* Software Version Seasave V 7.26.7.121
* Temperature SN = 2438
* Conductivity SN = 2067
* Number of Bytes Per Scan = 40
* Number of Voltage Words = 5
* Number of Scans Averaged by the Deck Unit = 1
* NMEA Latitude = 68 01.82 S
* NMEA Longitude = 069 17.07 W
* NMEA UTC (Time) = Dec 04 2021  08:59:20
* NMEA baud rate = 9600
** Ship: RVIB N.B. Palmer
** Cruise: NBP2113 LTER
** Station: 200.-040
** Operator: B. Urmston
# nquan = 25
# nvalues = 425                         
# units = specified
# name 0 = prDM: Pressure, Digiquartz [db]
# name 1 = depSM: Depth [salt water, m]
# name 2 = t090C: Temperature [ITS-90, deg C]
# name 3 = c0mS/cm: Conductivity [mS/cm]
# name 4 = t190C: Temperature, 2 [ITS-90, deg C]
# name 5 = c1mS/cm: Conductivity, 2 [mS/cm]
# name 6 = sbeox0ML/L: Oxygen, SBE 43 [ml/l]
# name 7 = sbeox1ML/L: Oxygen, SBE 43, 2 [ml/l]
# name 8 = flECO-AFL: Fluorescence, WET Labs ECO-AFL/FL [mg/m^3]
# name 9 = CStarTr0: Beam Transmission, WET Labs C-Star [%]
# name 10 = par: PAR/Irradiance, Biospherical/Licor
# name 11 = latitude: Latitude [deg]
# name 12 = longitude: Longitude [deg]
# name 13 = timeJ: Julian Days
# name 14 = altM: Altimeter [m]
# name 15 = spar: SPAR, Biospherical/Licor
# name 16 = timeS: Time, Elapsed [seconds]
# name 17 = scan: Scan Count
# name 18 = density00: Density [density, kg/m^3]
# name 19 = density11: Density, 2 [density, kg/m^3]
# name 20 = sal00: Salinity, Practical [PSU]
# name 21 = sal11: Salinity, Practical, 2 [PSU]
# name 22 = oxsolML/L: Oxygen Saturation, Garcia & Gordon [ml/l]
# name 23 = nbin: number of scans per bin
# name 24 = flag: flag
# span 0 =      5.000,    429.000       
# span 1 =      4.936,    424.269       
# span 2 =    -1.1608,     1.3729       
# span 3 =  27.235661,  30.161229       
# span 4 =    -1.1614,     1.3721       
# span 5 =  27.234700,  30.160289       
# span 6 =     4.0239,     8.3771       
# span 7 =     4.0691,     8.3411       
# span 8 =    -0.0153,     2.4802       
# span 9 =    88.6156,    96.6692       
# span 10 = -5.397e-06, 4.5373e+01      
# span 11 =  -68.03014,  -68.02988      
# span 12 =  -69.28442,  -69.28402      
# span 13 = 338.377040, 338.385484      
# span 14 =       0.97,     103.54      
# span 15 = 1.3220e+02, 1.4489e+02      
# span 16 =    216.292,    945.822      
# span 17 =       5192,      22701      
# span 18 =  1027.2037,  1029.7783      
# span 19 =  1027.2018,  1029.7774      
# span 20 =    33.8026,    34.6756      
# span 21 =    33.8003,    34.6742      
# span 22 =    7.74955,    8.32591      
# span 23 =         14,         49      
# span 24 = 0.0000e+00, 0.0000e+00      
# interval = decibars: 1                
# start_time = Dec 04 2021 08:59:20 [NMEA time, header]
# bad_flag = -9.990e-29
*END*
[from data line 58]
     63.000     62.359    -1.1430  27.267699    -1.1429  27.266238     7.8265     7.8806     0.7081    93.3845 2.4584e-02  -68.02994  -69.28415 338.379164      99.97 1.3927e+02    399.754       9595  1027.5494  1027.5477    33.8752    33.8731    8.32108         34 0.0000e+00
     64.000     63.350    -1.1358  27.275620    -1.1352  27.274421     7.8645     7.8859     0.8106    93.3840 1.6275e-02  -68.02994  -69.28414 338.379203      99.97 1.3927e+02    403.101       9675  1027.5555  1027.5535    33.8773    33.8750    8.31936         43 0.0000e+00
     65.000     64.339    -1.1256  27.286001    -1.1261  27.283830     7.8685     7.8846     0.6387    93.4510 1.5638e-02  -68.02994  -69.28414 338.379227      99.97 1.3927e+02    405.203       9726  1027.5614  1027.5595    33.8794    33.8770    8.31698         45 0.0000e+00
     66.000     65.330    -1.1036  27.307793    -1.1025  27.306703     7.8384     7.8941     0.6695    93.3972 1.4607e-02  -68.02994  -69.28414 338.379249      99.97 1.3927e+02    407.110       9772  1027.5684  1027.5661    33.8836    33.8809    8.31183         35 0.0000e+00
     67.000     66.318    -1.0941  27.316476    -1.0989  27.309977     7.8600     7.8919     0.6040    93.4081 9.5747e-03  -68.02994  -69.28414 338.379285      99.97 1.3927e+02    410.207       9846  1027.5734  1027.5709    33.8842    33.8807    8.30971         35 0.0000e+00
     68.000     67.308    -1.0861  27.324365    -1.0834  27.325168     7.8505     7.8988     0.6031    93.3131 2.2296e-04  -68.02994  -69.28414 338.379343      99.97 1.3927e+02    415.236       9967  1027.5789  1027.5771    33.8853    33.8834    8.30785         41 0.0000e+00
     69.000     68.298    -1.0732  27.337934    -1.0714  27.338074     7.8604     7.9026     0.6457    93.2826 -5.397e-06  -68.02994  -69.28414 338.379366      99.97 1.3927e+02    417.227      10014  1027.5858  1027.5841    33.8886    33.8868    8.30480         41 0.0000e+00
     70.000     69.288    -1.0680  27.344911    -1.0704  27.340753     7.8329     7.8851     0.7260    93.3216 1.0000e-12  -68.02994  -69.28414 338.379399      99.97 1.3927e+02    420.036      10082  1027.5929  1027.5906    33.8916    33.8887    8.30347         40 0.0000e+00
     71.000     70.277    -1.0689  27.346550    -1.0638  27.349120     7.8120     7.8580     0.6739    93.2114 1.0000e-12  -68.02994  -69.28414 338.379424      99.97 1.3927e+02    422.209      10134  1027.6001  1027.5979    33.8943    33.8920    8.30352         39 0.0000e+00
     72.000     71.267    -1.0544  27.364939    -1.0555  27.362939     7.8002     7.8613     0.6835    93.2540 1.0000e-12  -68.02994  -69.28412 338.379450      99.97 1.3927e+02    424.453      10188  1027.6108  1027.6095    33.9024    33.9009    8.29984         33 0.0000e+00
     73.000     72.257    -1.0320  27.387120    -1.0375  27.380001     7.8191     7.8512     0.5750    93.3547 1.0000e-12  -68.02994  -69.28414 338.379527      99.97 1.3927e+02    431.146      10348  1027.6179  1027.6154    33.9067    33.9033    8.29461         33 0.0000e+00
     74.000     73.246    -1.0450  27.379556    -1.0447  27.378357     7.8018     7.8642     0.5904    93.3506 1.0000e-12  -68.02992  -69.28412 338.379542      99.97 1.3927e+02    432.445      10380  1027.6268  1027.6251    33.9105    33.9085    8.29728         33 0.0000e+00
     75.000     74.235    -1.0136  27.410533    -1.0139  27.409094     7.8433     7.8783     0.6577    93.3834 1.0000e-12  -68.02992  -69.28412 338.379558      99.97 1.3927e+02    433.804      10412  1027.6346  1027.6333    33.9167    33.9151    8.28997         33 0.0000e+00
     76.000     75.227    -1.0039  27.421227    -1.0043  27.419610     7.8292     7.8850     0.6531    93.3634 1.0000e-12  -68.02993  -69.28410 338.379575      99.97 1.3927e+02    435.323      10449  1027.6415  1027.6400    33.9197    33.9179    8.28766         38 0.0000e+00
     77.000     76.216    -1.0054  27.422023    -1.0110  27.413829     7.8479     7.8885     0.5492    93.4151 1.0000e-12  -68.02992  -69.28412 338.379654      99.97 1.3870e+02    442.079      10611  1027.6486  1027.6451    33.9219    33.9170    8.28787         35 0.0000e+00
     78.000     77.204    -0.9929  27.437155    -0.9951  27.433914     7.8651     7.9016     0.5460    93.4395 1.0000e-12  -68.02993  -69.28412 338.379685      99.97 1.3889e+02    444.749      10675  1027.6575  1027.6560    33.9278    33.9257    8.28476         33 0.0000e+00
     79.000     78.195    -0.9716  27.456440    -0.9734  27.453773     7.8943     7.9034     0.6044    93.4526 1.0000e-12  -68.02994  -69.28410 338.379701      99.97 1.3896e+02    446.135      10708  1027.6624  1027.6611    33.9294    33.9277    8.27997         35 0.0000e+00
     80.000     79.185    -0.9661  27.461938    -0.9662  27.460424     7.8740     7.9106     0.6433    93.4786 1.0000e-12  -68.02992  -69.28410 338.379723      99.97 1.3851e+02    448.056      10754  1027.6675  1027.6660    33.9299    33.9280    8.27871         30 0.0000e+00
     81.000     80.174    -0.9600  27.471463    -0.9602  27.469431     7.9065     7.9293     0.6287    93.4053 1.0000e-12  -68.02992  -69.28412 338.379790      99.97 1.3756e+02    453.816      10893  1027.6768  1027.6748    33.9354    33.9329    8.27705         34 0.0000e+00
     82.000     81.162    -0.9416  27.493472    -0.9429  27.491083     7.7984     7.8786     0.6440    93.4324 1.0000e-12  -68.02992  -69.28412 338.379823      99.97 1.3750e+02    456.700      10962  1027.6877  1027.6864    33.9440    33.9422    8.27249         33 0.0000e+00
     83.000     82.153    -1.0016  27.443669    -1.0019  27.442049     7.7160     7.8033     0.7302    93.3773 1.0000e-12  -68.02992  -69.28410 338.379853      99.97 1.3750e+02    459.288      11024  1027.6961  1027.6946    33.9433    33.9414    8.28576         49 0.0000e+00
     84.000     83.143    -1.0522  27.401534    -1.0537  27.398947     7.6770     7.7823     0.6788    93.5201 1.0000e-12  -68.02992  -69.28408 338.379879      99.97 1.3750e+02    461.558      11078  1027.7031  1027.7017    33.9424    33.9405    8.29699         39 0.0000e+00
     85.000     84.132    -1.0444  27.410434    -1.0463  27.407294     7.7015     7.7874     0.6170    93.6976 1.0000e-12  -68.02992  -69.28408 338.379900      99.97 1.3750e+02    463.331      11121  1027.7092  1027.7076    33.9451    33.9430    8.29511         40 0.0000e+00
     86.000     85.125    -1.0284  27.425132    -1.0360  27.416675     7.7797     7.8091     0.5272    93.8881 1.0000e-12  -68.02991  -69.28410 338.379949      99.97 1.3750e+02    467.575      11223  1027.7136  1027.7117    33.9464    33.9435    8.29149         25 0.0000e+00
     87.000     86.111    -0.9928  27.459507    -0.9950  27.456364     7.8487     7.8617     0.4667    94.0713 1.0000e-12  -68.02991  -69.28410 338.380000      99.97 1.3750e+02    471.964      11328  1027.7207  1027.7192    33.9524    33.9506    8.28328         39 0.0000e+00
     88.000     87.101    -0.9852  27.466958    -0.9832  27.467506     7.8399     7.8725     0.4875    94.1150 1.0000e-12  -68.02992  -69.28409 338.380017      99.97 1.3750e+02    473.462      11364  1027.7259  1027.7245    33.9534    33.9519    8.28155         37 0.0000e+00
     89.000     88.091    -0.9817  27.470791    -0.9812  27.469934     7.8071     7.8664     0.5586    94.0852 1.0000e-12  -68.02991  -69.28408 338.380036      99.97 1.3750e+02    475.112      11404  1027.7311  1027.7297    33.9540    33.9524    8.28074         40 0.0000e+00
     90.000     89.085    -0.9814  27.472175    -0.9814  27.470993     7.8177     7.8602     0.5375    94.0930 1.0000e-12  -68.02990  -69.28409 338.380071      99.97 1.3750e+02    478.107      11476  1027.7370  1027.7356    33.9550    33.9533    8.28062         20 0.0000e+00
     91.000     90.068    -0.9856  27.470362    -0.9853  27.469292     7.7832     7.8520     0.5865    94.0305 1.0000e-12  -68.02990  -69.28410 338.380126      99.97 1.3750e+02    482.850      11589  1027.7436  1027.7421    33.9566    33.9548    8.28145         27 0.0000e+00
     92.000     91.061    -0.9830  27.475287    -0.9822  27.474646     7.8147     7.8504     0.5374    93.9801 1.0000e-12  -68.02990  -69.28410 338.380157      99.97 1.3750e+02    485.550      11654  1027.7508  1027.7493    33.9598    33.9580    8.28069         34 0.0000e+00
     93.000     92.049    -0.9821  27.478202    -0.9806  27.477944     7.7867     7.8400     0.5889    94.0993 1.0000e-12  -68.02990  -69.28409 338.380179      99.97 1.3750e+02    487.472      11700  1027.7575  1027.7558    33.9621    33.9601    8.28036         42 0.0000e+00
     94.000     93.041    -0.9827  27.478834    -0.9823  27.477847     7.7734     7.8500     0.5894    94.1464 1.0000e-12  -68.02990  -69.28408 338.380210      99.97 1.3750e+02    490.115      11764  1027.7632  1027.7616    33.9631    33.9612    8.28044         34 0.0000e+00
     95.000     94.028    -0.9713  27.490115    -0.9701  27.489904     7.8131     7.8530     0.5030    94.1149 1.0000e-12  -68.02990  -69.28408 338.380236      99.97 1.3750e+02    492.347      11817  1027.7687  1027.7673    33.9649    33.9633    8.27782         41 0.0000e+00
     96.000     95.016    -0.9741  27.488410    -0.9730  27.487870     7.8349     7.8537     0.5585    94.1826 1.0000e-12  -68.02990  -69.28409 338.380282      99.97 1.3750e+02    496.361      11914  1027.7740  1027.7723    33.9652    33.9632    8.27842         39 0.0000e+00
     97.000     96.008    -0.9730  27.490096    -0.9725  27.489310     7.8594     7.8782     0.4664    94.1774 1.0000e-12  -68.02990  -69.28409 338.380331      99.97 1.3750e+02    500.580      12015  1027.7791  1027.7778    33.9655    33.9639    8.27815         35 0.0000e+00
     98.000     96.996    -0.9583  27.504222    -0.9575  27.504099     7.8645     7.8883     0.4743    94.1968 1.0000e-12  -68.02990  -69.28408 338.380345      99.97 1.3750e+02    501.825      12045  1027.7846  1027.7837    33.9676    33.9665    8.27480         31 0.0000e+00
     99.000     97.985    -0.9506  27.512080    -0.9505  27.510848     7.8599     7.8885     0.5761    94.2041 1.0000e-12  -68.02990  -69.28408 338.380363      99.97 1.3750e+02    503.343      12081  1027.7900  1027.7886    33.9689    33.9671    8.27302         31 0.0000e+00
    100.000     98.976    -0.9520  27.511197    -0.9511  27.510742     7.8641     7.8964     0.5309    94.1806 1.0000e-12  -68.02990  -69.28408 338.380420      99.97 1.3685e+02    508.253      12199  1027.7950  1027.7936    33.9686    33.9670    8.27333         37 0.0000e+00
    101.000     99.964    -0.9467  27.516808    -0.9464  27.515793     7.8587     7.9054     0.5535    94.1131 1.0000e-12  -68.02990  -69.28408 338.380448      99.97 1.3600e+02    510.742      12259  1027.8004  1027.7990    33.9698    33.9680    8.27212         35 0.0000e+00
    102.000    100.955    -0.9465  27.517854    -0.9464  27.516687     7.8569     7.8992     0.5967    94.0783 1.0000e-12  -68.02990  -69.28408 338.380474      99.97 1.3692e+02    512.933      12311  1027.8057  1027.8043    33.9704    33.9686    8.27204         38 0.0000e+00
    103.000    101.944    -0.9467  27.518203    -0.9479  27.515760     7.8468     7.8929     0.6092    94.0818 1.0000e-12  -68.02990  -69.28408 338.380524      99.97 1.3585e+02    517.304      12416  1027.8107  1027.8092    33.9704    33.9685    8.27208         32 0.0000e+00
    104.000    102.934    -0.9516  27.514760    -0.9515  27.513649     7.8123     7.8813     0.5226    94.0921 1.0000e-12  -68.02990  -69.28408 338.380549      99.97 1.3574e+02    519.467      12468  1027.8160  1027.8147    33.9707    33.9691    8.27314         38 0.0000e+00
    105.000    103.923    -0.9555  27.511731    -0.9569  27.509553     7.8356     7.8755     0.5657    94.1373 1.0000e-12  -68.02990  -69.28407 338.380572      99.97 1.3574e+02    521.426      12515  1027.8208  1027.8198    33.9703    33.9689    8.27402         39 0.0000e+00
    106.000    104.913    -0.9649  27.504625    -0.9644  27.503599     7.8364     7.8845     0.5746    94.0839 1.0000e-12  -68.02990  -69.28406 338.380596      99.97 1.3574e+02    523.505      12565  1027.8265  1027.8248    33.9706    33.9687    8.27607         37 0.0000e+00
    107.000    105.900    -0.9587  27.509958    -0.9571  27.510200     7.7523     7.8315     0.5594    94.1526 1.0000e-12  -68.02990  -69.28407 338.380639      99.97 1.3574e+02    527.240      12655  1027.8304  1027.8291    33.9703    33.9687    8.27473         35 0.0000e+00
    108.000    106.891    -1.0010  27.474242    -0.9979  27.475866     7.6519     7.7657     0.4798    94.1969 1.0000e-12  -68.02990  -69.28408 338.380674      99.97 1.3574e+02    530.218      12726  1027.8368  1027.8356    33.9687    33.9675    8.28413         27 0.0000e+00
    109.000    107.880    -1.0095  27.467707    -1.0041  27.471406     7.6315     7.7358     0.4497    94.1974 1.0000e-12  -68.02988  -69.28408 338.380685      99.97 1.3574e+02    531.219      12750  1027.8421  1027.8408    33.9689    33.9677    8.28601         23 0.0000e+00
    110.000    108.872    -1.0280  27.451734    -1.0279  27.450814     7.6405     7.7299     0.4585    94.1724 1.0000e-12  -68.02988  -69.28406 338.380696      99.97 1.3574e+02    532.099      12771  1027.8468  1027.8458    33.9674    33.9660    8.29018         20 0.0000e+00
    111.000    109.860    -1.0370  27.445435    -1.0380  27.443752     7.6685     7.7413     0.4506    94.2542 1.0000e-12  -68.02988  -69.28406 338.380705      99.97 1.3574e+02    532.925      12791  1027.8528  1027.8519    33.9683    33.9672    8.29211         19 0.0000e+00
    112.000    110.849    -1.0241  27.459673    -1.0246  27.457951     7.6775     7.7487     0.4279    94.3363 1.0000e-12  -68.02988  -69.28406 338.380715      99.97 1.3574e+02    533.769      12811  1027.8599  1027.8585    33.9725    33.9707    8.28901         22 0.0000e+00
    113.000    111.839    -1.0090  27.474543    -1.0089  27.473212     7.6905     7.7563     0.4107    94.3433 1.0000e-12  -68.02988  -69.28406 338.380728      99.97 1.3574e+02    534.942      12840  1027.8656  1027.8642    33.9751    33.9733    8.28552         32 0.0000e+00
    114.000    112.824    -1.0100  27.474187    -1.0127  27.470259     7.7140     7.7584     0.3715    94.5734 1.0000e-12  -68.02990  -69.28406 338.380761      99.97 1.3574e+02    537.771      12907  1027.8703  1027.8686    33.9752    33.9728    8.28575         33 0.0000e+00
    115.000    113.818    -1.0048  27.480233    -1.0043  27.479892     7.7332     7.7527     0.4243    94.5722 1.0000e-12  -68.02990  -69.28406 338.380779      99.97 1.3574e+02    539.316      12945  1027.8761  1027.8753    33.9769    33.9759    8.28450         29 0.0000e+00
    116.000    114.807    -1.0010  27.486153    -1.0008  27.485524     7.7048     7.7497     0.3828    94.6063 1.0000e-12  -68.02990  -69.28406 338.380792      99.97 1.3574e+02    540.394      12970  1027.8832  1027.8823    33.9801    33.9790    8.28348         24 0.0000e+00
    117.000    115.797    -0.9968  27.492677    -0.9967  27.491871     7.6972     7.7500     0.4327    94.5735 1.0000e-12  -68.02990  -69.28406 338.380804      99.97 1.3574e+02    541.431      12995  1027.8905  1027.8895    33.9836    33.9824    8.28234         26 0.0000e+00
    118.000    116.786    -0.9938  27.497685    -0.9942  27.496236     7.6995     7.7455     0.4692    94.5956 1.0000e-12  -68.02988  -69.28406 338.380817      99.97 1.3574e+02    542.588      13023  1027.8974  1027.8961    33.9864    33.9848    8.28152         30 0.0000e+00
    119.000    117.775    -0.9926  27.500125    -0.9928  27.498821     7.6880     7.7400     0.4678    94.6226 1.0000e-12  -68.02988  -69.28406 338.380832      99.97 1.3574e+02    543.853      13053  1027.9032  1027.9020    33.9877    33.9862    8.28117         31 0.0000e+00
