NBP2113_155081_ctd/data/dnbp2113_020.cnv
* Sea-Bird SBE 9 Data File:
* FileName = D:\Data\raw\NBP2113_020.hex
* Software Version Seasave V 7.26.7.121
* Temperature SN = 2438
* Conductivity SN = 2067
* Number of Bytes Per Scan = 40
* Number of Voltage Words = 5
* Number of Scans Averaged by the Deck Unit = 1
* NMEA Latitude = 66 30.70 S
* NMEA Longitude = 069 51.30 W
* NMEA UTC (Time) = Nov 29 2021  16:09:08
* NMEA baud rate = 9600
** Ship: RVIB N.B. Palmer
** Cruise: NBP2113 LTER
** Station: 300.100
** Operator: S. Blackman
# nquan = 25
# nvalues = 473                         
# units = specified
# name 0 = prDM: Pressure, Digiquartz [db]
# name 1 = depSM: Depth [salt water, m]
# name 2 = t090C: Temperature [ITS-90, deg C]
# name 3 = c0mS/cm: Conductivity [mS/cm]
# name 4 = t190C: Temperature, 2 [ITS-90, deg C]
# name 5 = c1mS/cm: Conductivity, 2 [mS/cm]
# name 6 = sbeox0ML/L: Oxygen, SBE 43 [ml/l]
# name 7 = sbeox1ML/L: Oxygen, SBE 43, 2 [ml/l]
# name 8 = flECO-AFL: Fluorescence, WET Labs ECO-AFL/FL [mg/m^3]
# name 9 = CStarTr0: Beam Transmission, WET Labs C-Star [%]
# name 10 = par: PAR/Irradiance, Biospherical/Licor
# name 11 = latitude: Latitude [deg]
# name 12 = longitude: Longitude [deg]
# name 13 = timeJ: Julian Days
# name 14 = altM: Altimeter [m]
# name 15 = spar: SPAR, Biospherical/Licor
# name 16 = timeS: Time, Elapsed [seconds]
# name 17 = scan: Scan Count
# name 18 = density00: Density [density, kg/m^3]
# name 19 = density11: Density, 2 [density, kg/m^3]
# name 20 = sal00: Salinity, Practical [PSU]
# name 21 = sal11: Salinity, Practical, 2 [PSU]
# name 22 = oxsolML/L: Oxygen Saturation, Garcia & Gordon [ml/l]
# name 23 = nbin: number of scans per bin
# name 24 = flag: flag
# span 0 =      4.000,    476.000       
# span 1 =      3.960,    470.742       
# span 2 =    -1.0407,     1.4954       
# span 3 =  27.504245,  30.242663       
# span 4 =    -1.0402,     1.4954       
# span 5 =  27.503563,  30.241760       
# span 6 =     3.9383,     8.1753       
# span 7 =     3.9984,     8.2315       
# span 8 =    -0.0225,     1.6450       
# span 9 =    92.0012,    97.4947       
# span 10 = 1.0000e-12, 4.0811e+02      
# span 11 =  -66.51185,  -66.51127      
# span 12 =  -69.86089,  -69.85710      
# span 13 = 333.676603, 333.686010      
# span 14 =       6.05,     102.80      
# span 15 = 9.8898e+02, 1.0912e+03      
# span 16 =    310.468,   1123.272      
# span 17 =       7452,      26960      
# span 18 =  1027.3592,  1030.0451      
# span 19 =  1027.3575,  1030.0443      
# span 20 =    34.0127,    34.7264      
# span 21 =    34.0098,    34.7255      
# span 22 =    7.72397,    8.28673      
# span 23 =         12,         49      
# span 24 = 0.0000e+00, 0.0000e+00      
# interval = decibars: 1                
# start_time = Nov 29 2021 16:09:08 [NMEA time, header]
# bad_flag = -9.990e-29
*END*
      4.000      3.960    -0.6262  27.771781    -0.6223  27.773664     8.1317     8.2241     0.2166    92.9653 4.0811e+02  -66.51182  -69.85710 333.676603     101.10 1.0127e+03    310.468       7452  1027.3592  1027.3575    34.0140    34.0122    8.19952         30 0.0000e+00
      5.000      4.950    -0.6355  27.764518    -0.6290  27.768571     8.1193     8.2146     0.2094    92.9613 3.2742e+02  -66.51183  -69.85710 333.676628      86.99 1.0157e+03    312.667       7505  1027.3645  1027.3627    34.0141    34.0123    8.20154         44 0.0000e+00
      6.000      5.941    -0.6341  27.766251    -0.6282  27.769660     8.1297     8.2155     0.2224    92.8892 2.9128e+02  -66.51184  -69.85710 333.676649      70.04 1.0138e+03    314.456       7548  1027.3692  1027.3672    34.0142    34.0122    8.20123         38 0.0000e+00
      7.000      6.931    -0.6485  27.754598    -0.6479  27.753927     8.0959     8.2140     0.2105    92.9481 2.7802e+02  -66.51185  -69.85710 333.676668      57.77 1.0153e+03    316.094       7587  1027.3748  1027.3735    34.0141    34.0125    8.20437         40 0.0000e+00
      8.000      7.920    -0.6404  27.760751    -0.6340  27.763969     8.0948     8.2084     0.2269    92.8711 2.5356e+02  -66.51185  -69.85712 333.676705      72.77 1.0143e+03    319.268       7663  1027.3776  1027.3749    34.0127    34.0098    8.20269         36 0.0000e+00
      9.000      8.912    -0.6365  27.765734    -0.6358  27.764801     8.1413     8.2175     0.2330    92.8383 2.4025e+02  -66.51182  -69.85718 333.676754      99.13 1.0124e+03    323.550       7766  1027.3833  1027.3817    34.0144    34.0123    8.20174         28 0.0000e+00
     10.000      9.902    -0.5956  27.801205    -0.6151  27.781974     8.1256     8.1978     0.2346    92.8892 2.1139e+02  -66.51182  -69.85718 333.676774      99.97 1.0150e+03    325.289       7808  1027.3862  1027.3846    34.0156    34.0117    8.19282         40 0.0000e+00
     11.000     10.891    -0.5734  27.819974    -0.5532  27.835716     8.1519     8.2017     0.2378    92.9046 1.8742e+02  -66.51184  -69.85718 333.676803      77.92 1.0164e+03    327.752       7867  1027.3898  1027.3871    34.0153    34.0139    8.18801         40 0.0000e+00
     12.000     11.881    -0.6102  27.789784    -0.6078  27.790213     8.1285     8.2039     0.2372    92.8756 1.8119e+02  -66.51184  -69.85720 333.676844      62.47 1.0142e+03    331.365       7954  1027.3973  1027.3955    34.0154    34.0133    8.19598         41 0.0000e+00
     13.000     12.871    -0.6192  27.782468    -0.6181  27.781741     8.1629     8.2069     0.2321    92.9243 1.7941e+02  -66.51182  -69.85724 333.676915     100.50 1.0138e+03    337.440       8100  1027.4023  1027.4006    34.0150    34.0129    8.19795         28 0.0000e+00
     14.000     13.861    -0.6539  27.753836    -0.6611  27.745077     8.1560     8.2089     0.2545    92.9134 1.6076e+02  -66.51182  -69.85724 333.676927      99.97 1.0154e+03    338.507       8125  1027.4094  1027.4069    34.0148    34.0111    8.20549         27 0.0000e+00
     15.000     14.851    -0.7059  27.710470    -0.7104  27.705430     8.1753     8.2118     0.2945    92.8257 1.4095e+02  -66.51182  -69.85724 333.676941      99.97 1.0154e+03    339.669       8153  1027.4171  1027.4159    34.0142    34.0124    8.21684         30 0.0000e+00
     16.000     15.841    -0.7188  27.700306    -0.7184  27.699185     8.1578     8.2195     0.3972    92.6269 1.2937e+02  -66.51182  -69.85725 333.676967      99.97 1.0145e+03    341.989       8209  1027.4223  1027.4206    34.0143    34.0124    8.21963         42 0.0000e+00
     17.000     16.830    -0.7193  27.700604    -0.7188  27.699545     8.1337     8.2234     0.4835    92.5076 1.3358e+02  -66.51180  -69.85730 333.677045      99.97 1.0101e+03    348.705       8370  1027.4264  1027.4246    34.0147    34.0127    8.21972         35 0.0000e+00
     18.000     17.821    -0.7242  27.696829    -0.7237  27.695933     8.1670     8.2253     0.5568    92.4827 1.2242e+02  -66.51180  -69.85730 333.677063      99.97 1.0119e+03    350.284       8408  1027.4311  1027.4295    34.0144    34.0127    8.22080         39 0.0000e+00
     19.000     18.811    -0.7290  27.693337    -0.7291  27.691957     8.1596     8.2241     0.6517    92.4559 1.1335e+02  -66.51180  -69.85731 333.677082      99.97 1.0138e+03    351.857       8446  1027.4361  1027.4345    34.0145    34.0128    8.22183         36 0.0000e+00
     20.000     19.801    -0.7307  27.692506    -0.7300  27.691609     8.1565     8.2207     0.6827    92.4642 1.0178e+02  -66.51180  -69.85731 333.677102      99.97 1.0137e+03    353.597       8487  1027.4409  1027.4392    34.0147    34.0127    8.22220         40 0.0000e+00
     21.000     20.790    -0.7069  27.712679    -0.7065  27.711432     8.1664     8.2130     0.7701    92.4082 9.1026e+01  -66.51180  -69.85734 333.677161      99.97 1.0106e+03    358.740       8611  1027.4437  1027.4419    34.0145    34.0124    8.21703         33 0.0000e+00
     22.000     21.779    -0.7296  27.694649    -0.7278  27.694227     8.1609     8.2186     0.7047    92.3579 8.7863e+01  -66.51180  -69.85734 333.677189      99.97 1.0084e+03    361.156       8669  1027.4505  1027.4482    34.0152    34.0125    8.22194         38 0.0000e+00
     23.000     22.770    -0.7322  27.692887    -0.7314  27.692098     8.1253     8.2187     0.8707    92.5089 8.4890e+01  -66.51178  -69.85738 333.677215      99.97 1.0086e+03    363.338       8721  1027.4553  1027.4536    34.0151    34.0131    8.22251         36 0.0000e+00
     24.000     23.762    -0.7332  27.692582    -0.7325  27.691589     8.1499     8.2241     1.0218    92.4301 7.7358e+01  -66.51178  -69.85740 333.677241      99.97 1.0123e+03    365.659       8777  1027.4601  1027.4583    34.0151    34.0130    8.22272         25 0.0000e+00
     25.000     24.752    -0.7340  27.692705    -0.7334  27.691529     8.1643     8.2273     1.1137    92.2915 6.3749e+01  -66.51178  -69.85739 333.677283      99.97 1.0136e+03    369.255       8863  1027.4651  1027.4633    34.0156    34.0133    8.22286         37 0.0000e+00
     26.000     25.742    -0.7343  27.692919    -0.7337  27.691846     8.1584     8.2249     1.1012    92.3667 5.9026e+01  -66.51179  -69.85740 333.677310      98.66 1.0134e+03    371.573       8919  1027.4700  1027.4682    34.0156    34.0134    8.22294         40 0.0000e+00
     27.000     26.731    -0.7346  27.692976    -0.7341  27.691837     8.1604     8.2232     1.2716    92.1652 6.2023e+01  -66.51178  -69.85744 333.677340      99.95 1.0103e+03    374.218       8982  1027.4746  1027.4728    34.0154    34.0133    8.22301         40 0.0000e+00
     28.000     27.721    -0.7340  27.694150    -0.7335  27.693042     8.1605     8.2252     1.2348    92.1750 5.7970e+01  -66.51178  -69.85746 333.677363      99.88 1.0112e+03    376.144       9028  1027.4795  1027.4778    34.0157    34.0136    8.22287         44 0.0000e+00
     29.000     28.719    -0.7342  27.694424    -0.7336  27.693461     8.1703     8.2315     1.3564    92.2201 4.8397e+01  -66.51178  -69.85746 333.677405      88.97 1.0119e+03    379.807       9116  1027.4843  1027.4827    34.0157    34.0137    8.22291         21 0.0000e+00
     30.000     29.701    -0.7361  27.693230    -0.7349  27.692937     8.1241     8.2304     1.3739    92.1724 4.4267e+01  -66.51178  -69.85746 333.677444      65.62 1.0096e+03    383.128       9196  1027.4891  1027.4876    34.0156    34.0138    8.22333         40 0.0000e+00
     31.000     30.690    -0.7378  27.691957    -0.7372  27.690799     8.1469     8.2245     1.4430    92.0595 4.3975e+01  -66.51178  -69.85749 333.677466     100.77 1.0084e+03    385.067       9243  1027.4936  1027.4918    34.0152    34.0129    8.22372         40 0.0000e+00
     32.000     31.681    -0.7393  27.691253    -0.7389  27.690297     8.1438     8.2178     1.4259    92.1938 4.1967e+01  -66.51178  -69.85751 333.677484      99.97 1.0084e+03    386.596       9279  1027.4986  1027.4972    34.0153    34.0135    8.22405         37 0.0000e+00
     33.000     32.669    -0.7409  27.690348    -0.7402  27.689496     8.1486     8.2250     1.6198    92.1796 3.6793e+01  -66.51178  -69.85752 333.677538      99.97 1.0096e+03    391.288       9392  1027.5034  1027.5018    34.0152    34.0133    8.22439         28 0.0000e+00
     34.000     33.661    -0.7427  27.689409    -0.7417  27.688856     8.1428     8.2296     1.5251    92.0012 3.3733e+01  -66.51178  -69.85753 333.677566      99.97 1.0096e+03    393.675       9449  1027.5084  1027.5068    34.0154    34.0135    8.22478         22 0.0000e+00
     35.000     34.650    -0.7436  27.689145    -0.7435  27.687832     8.1458     8.2245     1.3749    92.1242 3.1679e+01  -66.51178  -69.85754 333.677583      99.97 1.0086e+03    395.152       9485  1027.5133  1027.5117    34.0154    34.0135    8.22497         35 0.0000e+00
     36.000     35.640    -0.7466  27.686633    -0.7460  27.685830     8.1430     8.2183     1.4402    92.1606 2.8438e+01  -66.51178  -69.85756 333.677653      99.97 1.0101e+03    401.183       9629  1027.5177  1027.5162    34.0148    34.0130    8.22567         41 0.0000e+00
     37.000     36.629    -0.7526  27.682452    -0.7522  27.681110     8.1408     8.2127     1.5493    92.2343 2.6475e+01  -66.51178  -69.85757 333.677676      99.97 1.0090e+03    403.164       9677  1027.5233  1027.5214    34.0153    34.0130    8.22695         35 0.0000e+00
     38.000     37.622    -0.7532  27.682233    -0.7524  27.681467     8.1275     8.2065     1.5685    92.3888 2.6831e+01  -66.51178  -69.85762 333.677721      99.97 1.0084e+03    407.109       9772  1027.5277  1027.5262    34.0150    34.0131    8.22708         38 0.0000e+00
     39.000     38.609    -0.7552  27.681056    -0.7542  27.680358     8.1222     8.1991     1.5417    92.3087 2.3525e+01  -66.51178  -69.85762 333.677746      99.98 1.0107e+03    409.271       9824  1027.5327  1027.5309    34.0151    34.0130    8.22752         35 0.0000e+00
     40.000     39.600    -0.7564  27.680702    -0.7558  27.679614     8.1280     8.2049     1.4949    92.4938 2.1032e+01  -66.51178  -69.85760 333.677779      99.97 1.0072e+03    412.132       9892  1027.5376  1027.5360    34.0152    34.0132    8.22776         41 0.0000e+00
     41.000     40.590    -0.7563  27.681261    -0.7557  27.680370     8.1267     8.1964     1.5114    92.6128 2.0456e+01  -66.51178  -69.85762 333.677799      99.97 1.0050e+03    413.814       9933  1027.5424  1027.5409    34.0153    34.0134    8.22774         38 0.0000e+00
     42.000     41.578    -0.7557  27.682277    -0.7552  27.681232     8.1311     8.2037     1.6407    92.5875 1.9697e+01  -66.51178  -69.85765 333.677835      99.97 1.0043e+03    416.913      10007  1027.5473  1027.5457    34.0154    34.0135    8.22761         34 0.0000e+00
     43.000     42.569    -0.7552  27.683137    -0.7548  27.682094     8.1312     8.1989     1.5113    92.4738 1.8182e+01  -66.51178  -69.85766 333.677864      99.97 1.0072e+03    419.479      10068  1027.5519  1027.5504    34.0154    34.0135    8.22750         28 0.0000e+00
     44.000     43.559    -0.7551  27.683705    -0.7547  27.682820     8.1177     8.1947     1.4684    92.5747 1.6684e+01  -66.51178  -69.85766 333.677875      99.97 1.0069e+03    420.428      10091  1027.5568  1027.5555    34.0154    34.0138    8.22748         21 0.0000e+00
     45.000     44.549    -0.7555  27.683836    -0.7551  27.682932     8.1345     8.2011     1.4203    92.6339 1.5301e+01  -66.51178  -69.85766 333.677886      99.97 1.0070e+03    421.347      10113  1027.5616  1027.5602    34.0154    34.0137    8.22756         24 0.0000e+00
     46.000     45.540    -0.7554  27.684535    -0.7549  27.683530     8.1269     8.2081     1.5232    92.3900 1.4232e+01  -66.51178  -69.85768 333.677929      99.97 1.0070e+03    425.091      10203  1027.5666  1027.5650    34.0157    34.0138    8.22753         34 0.0000e+00
     47.000     46.529    -0.7560  27.684604    -0.7556  27.683781     8.1363     8.1943     1.6236    92.6326 1.3537e+01  -66.51178  -69.85772 333.677988      99.97 1.0063e+03    430.134      10324  1027.5714  1027.5702    34.0157    34.0143    8.22764         22 0.0000e+00
     48.000     47.519    -0.7561  27.685127    -0.7563  27.683709     8.1450     8.1936     1.5748    92.5212 1.2739e+01  -66.51178  -69.85771 333.677997      99.97 1.0057e+03    430.971      10344  1027.5765  1027.5751    34.0160    34.0143    8.22766         19 0.0000e+00
     49.000     48.510    -0.7557  27.686012    -0.7562  27.684303     8.1355     8.1994     1.5141    92.6735 1.1948e+01  -66.51178  -69.85771 333.678007      99.97 1.0066e+03    431.782      10364  1027.5813  1027.5800    34.0161    34.0144    8.22756         21 0.0000e+00
     50.000     49.499    -0.7540  27.687830    -0.7537  27.686942     8.1448     8.2007     1.5088    92.6251 1.1115e+01  -66.51178  -69.85771 333.678023      99.97 1.0077e+03    433.153      10397  1027.5859  1027.5847    34.0160    34.0146    8.22720         32 0.0000e+00
     51.000     50.488    -0.7506  27.691260    -0.7498  27.690799     8.1358     8.1944     1.5088    92.5960 1.0237e+01  -66.51178  -69.85776 333.678104      99.97 1.0049e+03    440.201      10566  1027.5906  1027.5894    34.0162    34.0148    8.22644         25 0.0000e+00
     52.000     51.479    -0.7531  27.689817    -0.7525  27.688968     8.1054     8.1878     1.5225    92.5987 9.5267e+00  -66.51178  -69.85776 333.678123      99.96 1.0038e+03    441.869      10606  1027.5958  1027.5943    34.0165    34.0146    8.22698         38 0.0000e+00
     53.000     52.468    -0.7570  27.686604    -0.7565  27.685818     8.1095     8.1896     1.5419    92.5615 9.0799e+00  -66.51178  -69.85777 333.678149      99.97 1.0047e+03    444.068      10659  1027.6004  1027.5991    34.0159    34.0143    8.22786         40 0.0000e+00
     54.000     53.460    -0.7650  27.680218    -0.7655  27.678763     8.0984     8.1713     1.4821    92.5093 8.1811e+00  -66.51178  -69.85780 333.678223      99.97 1.0049e+03    450.442      10812  1027.6055  1027.6044    34.0156    34.0142    8.22961         33 0.0000e+00
     55.000     54.447    -0.7746  27.672708    -0.7740  27.672058     8.0723     8.1662     1.4295    92.8398 7.6304e+00  -66.51178  -69.85780 333.678238      99.97 1.0048e+03    451.800      10844  1027.6109  1027.6096    34.0156    34.0141    8.23171         30 0.0000e+00
     56.000     55.438    -0.7783  27.670922    -0.7777  27.670082     8.0780     8.1636     1.4697    93.0432 7.3016e+00  -66.51177  -69.85782 333.678269      99.97 1.0063e+03    454.462      10908  1027.6168  1027.6152    34.0169    34.0150    8.23246         27 0.0000e+00
     57.000     56.426    -0.7796  27.670903    -0.7790  27.670151     8.0752     8.1641     1.4903    93.2528 6.8572e+00  -66.51176  -69.85785 333.678311      99.97 1.0066e+03    458.084      10995  1027.6221  1027.6207    34.0177    34.0159    8.23270         39 0.0000e+00
     58.000     57.419    -0.7829  27.669031    -0.7818  27.668625     8.0743     8.1567     1.4520    93.1762 6.1512e+00  -66.51176  -69.85785 333.678359      99.97 1.0080e+03    462.190      11094  1027.6274  1027.6260    34.0182    34.0164    8.23338         36 0.0000e+00
     59.000     58.407    -0.7910  27.662774    -0.7899  27.662022     8.0426     8.1368     1.4084    93.3394 5.8009e+00  -66.51176  -69.85786 333.678389      99.97 1.0084e+03    464.812      11156  1027.6328  1027.6309    34.0183    34.0160    8.23515         37 0.0000e+00
     60.000     59.398    -0.8118  27.647102    -0.8109  27.646615     8.0341     8.1225     1.5267    93.3307 5.5610e+00  -66.51175  -69.85789 333.678420      99.97 1.0084e+03    467.509      11221  1027.6401  1027.6387    34.0199    34.0182    8.23960         35 0.0000e+00
