NBP2113_155081_ctd/data/dnbp2113_033.cnv
* Sea-Bird SBE 9 Data File:
* FileName = D:\Data\raw\NBP2113_033.hex
* Software Version Seasave V 7.26.7.121
* Temperature SN = 2438
* Conductivity SN = 2067
* Number of Bytes Per Scan = 40
* Number of Voltage Words = 5
* Number of Scans Averaged by the Deck Unit = 1
* NMEA Latitude = 64 55.99 S
* NMEA Longitude = 064 24.01 W
* NMEA UTC (Time) = Dec 08 2021  19:08:34
* NMEA baud rate = 9600
** Ship: RVIB N.B. Palmer
** Cruise: NBP2113 LTER
** Station: 600.040
** Operator: S. Blackman
# nquan = 25
# nvalues = 351                         
# units = specified
# name 0 = prDM: Pressure, Digiquartz [db]
# name 1 = depSM: Depth [salt water, m]
# name 2 = t090C: Temperature [ITS-90, deg C]
# name 3 = c0mS/cm: Conductivity [mS/cm]
# name 4 = t190C: Temperature, 2 [ITS-90, deg C]
# name 5 = c1mS/cm: Conductivity, 2 [mS/cm]
# name 6 = sbeox0ML/L: Oxygen, SBE 43 [ml/l]
# name 7 = sbeox1ML/L: Oxygen, SBE 43, 2 [ml/l]
# name 8 = flECO-AFL: Fluorescence, WET Labs ECO-AFL/FL [mg/m^3]
# name 9 = CStarTr0: Beam Transmission, WET Labs C-Star [%]
# name 10 = par: PAR/Irradiance, Biospherical/Licor
# name 11 = latitude: Latitude [deg]
# name 12 = longitude: Longitude [deg]
# name 13 = timeJ: Julian Days
# name 14 = altM: Altimeter [m]
# name 15 = spar: SPAR, Biospherical/Licor
# name 16 = timeS: Time, Elapsed [seconds]
# name 17 = scan: Scan Count
# name 18 = density00: Density [density, kg/m^3]
# name 19 = density11: Density, 2 [density, kg/m^3]
# name 20 = sal00: Salinity, Practical [PSU]
# name 21 = sal11: Salinity, Practical, 2 [PSU]
# name 22 = oxsolML/L: Oxygen Saturation, Garcia & Gordon [ml/l]
# name 23 = nbin: number of scans per bin
# name 24 = flag: flag
# span 0 =      5.000,    355.000       
# span 1 =      4.927,    351.224       
# span 2 =    -1.0197,     1.2759       
# span 3 =  27.106292,  30.020472       
# span 4 =    -1.0190,     1.2751       
# span 5 =  27.104803,  30.018604       
# span 6 =     4.3056,     8.0738       
# span 7 =     4.3539,     8.0913       
# span 8 =    -0.0219,     1.5255       
# span 9 =    87.1689,    96.0453       
# span 10 = 1.0000e-12, 1.3988e+02      
# span 11 =  -64.93332,  -64.93311      
# span 12 =  -64.40008,  -64.39936      
# span 13 = 342.801396, 342.808662      
# span 14 =      99.96,      99.98      
# span 15 = 3.4905e+02, 4.2663e+02      
# span 16 =    326.606,    954.445      
# span 17 =       7840,      22908      
# span 18 =  1027.0126,  1029.4065      
# span 19 =  1027.0108,  1029.4053      
# span 20 =    33.5516,    34.6355      
# span 21 =    33.5488,    34.6340      
# span 22 =    7.77078,    8.31278      
# span 23 =          9,         46      
# span 24 = 0.0000e+00, 0.0000e+00      
# interval = decibars: 1                
# start_time = Dec 08 2021 19:08:34 [NMEA time, header]
# bad_flag = -9.990e-29
*END*
[from data line 174]
    179.000    177.170     0.7612  29.398202     0.7618  29.397791     4.8972     4.9486     0.0001    95.8077 1.0000e-12  -64.93327  -64.39990 342.805832      99.98 3.9264e+02    709.885      17038  1028.5126  1028.5115    34.5079    34.5066    7.88083         28 0.0000e+00
    180.000    178.161     0.7650  29.401458     0.7659  29.403157     4.8877     4.9374    -0.0066    95.8035 1.0000e-12  -64.93328  -64.39990 342.805860      99.98 3.9065e+02    712.279      17096  1028.5166  1028.5173    34.5073    34.5084    7.88009         20 0.0000e+00
    181.000    179.147     0.7772  29.415198     0.7768  29.414324     4.8901     4.9321    -0.0004    95.8029 1.0000e-12  -64.93328  -64.39988 342.805869      99.97 3.8961e+02    713.037      17114  1028.5231  1028.5226    34.5108    34.5102    7.87741         17 0.0000e+00
    182.000    180.137     0.7794  29.418567     0.7796  29.417681     4.8879     4.9242     0.0045    95.8190 1.0000e-12  -64.93328  -64.39988 342.805876      99.98 3.8960e+02    713.709      17130  1028.5287  1028.5276    34.5122    34.5108    7.87689         15 0.0000e+00
    183.000    181.126     0.7805  29.419763     0.7799  29.418462     4.8810     4.9196     0.0069    95.8242 1.0000e-12  -64.93328  -64.39988 342.805884      99.97 3.8960e+02    714.344      17145  1028.5332  1028.5325    34.5120    34.5110    7.87669         15 0.0000e+00
    184.000    182.117     0.7841  29.423966     0.7841  29.423784     4.8646     4.9100     0.0138    95.8224 1.0000e-12  -64.93326  -64.39986 342.805891      99.97 3.8960e+02    714.962      17160  1028.5384  1028.5381    34.5128    34.5126    7.87591         15 0.0000e+00
    185.000    183.105     0.7927  29.433429     0.7926  29.433280     4.8533     4.9117     0.0102    95.8020 1.0000e-12  -64.93326  -64.39986 342.805898      99.97 3.9089e+02    715.591      17175  1028.5440  1028.5440    34.5149    34.5149    7.87405         16 0.0000e+00
    186.000    184.094     0.8019  29.443230     0.8016  29.443144     4.8507     4.9177    -0.0001    95.8219 1.0000e-12  -64.93326  -64.39986 342.805906      99.97 3.9135e+02    716.270      17191  1028.5495  1028.5496    34.5168    34.5171    7.87209         17 0.0000e+00
    187.000    185.085     0.8079  29.450760     0.8078  29.449737     4.8542     4.9161     0.0050    95.8051 1.0000e-12  -64.93326  -64.39988 342.805915      99.98 3.9136e+02    717.075      17211  1028.5557  1028.5548    34.5193    34.5181    7.87073         23 0.0000e+00
    188.000    186.072     0.8039  29.446857     0.8028  29.445151     4.8582     4.9041     0.0027    95.8168 1.0000e-12  -64.93326  -64.39988 342.805949      99.98 3.9136e+02    720.009      17281  1028.5602  1028.5594    34.5181    34.5171    7.87161         35 0.0000e+00
    189.000    187.063     0.8078  29.450718     0.8069  29.449935     4.8226     4.8803     0.0046    95.7895 1.0000e-12  -64.93326  -64.39988 342.805979      99.98 3.8999e+02    722.600      17343  1028.5648  1028.5648    34.5182    34.5181    7.87082         25 0.0000e+00
    190.000    188.051     0.8338  29.478238     0.8335  29.478822     4.8190     4.8711     0.0059    95.7843 1.0000e-12  -64.93326  -64.39988 342.805990      99.98 3.8960e+02    723.532      17366  1028.5720  1028.5730    34.5243    34.5255    7.86523         22 0.0000e+00
    191.000    189.041     0.8443  29.491530     0.8441  29.490587     4.8204     4.8710     0.0036    95.7982 1.0000e-12  -64.93326  -64.39986 342.806000      99.98 3.8977e+02    724.385      17386  1028.5799  1028.5792    34.5293    34.5283    7.86283         20 0.0000e+00
    192.000    190.030     0.8478  29.495795     0.8475  29.494641     4.8160     4.8739    -0.0008    95.7984 1.0000e-12  -64.93326  -64.39984 342.806009      99.98 3.9135e+02    725.184      17405  1028.5853  1028.5844    34.5303    34.5292    7.86207         18 0.0000e+00
    193.000    191.017     0.8484  29.497028     0.8481  29.495785     4.8209     4.8713    -0.0012    95.7984 1.0000e-12  -64.93326  -64.39984 342.806018      99.97 3.9136e+02    725.952      17424  1028.5904  1028.5894    34.5307    34.5294    7.86193         18 0.0000e+00
    194.000    192.011     0.8491  29.498159     0.8488  29.497032     4.8278     4.8693    -0.0047    95.7984 1.0000e-12  -64.93326  -64.39984 342.806027      99.98 3.9220e+02    726.717      17442  1028.5952  1028.5943    34.5308    34.5297    7.86179         19 0.0000e+00
    195.000    192.999     0.8497  29.499243     0.8494  29.498091     4.8291     4.8745    -0.0077    95.7984 1.0000e-12  -64.93326  -64.39984 342.806036      99.98 3.9311e+02    727.549      17462  1028.6001  1028.5992    34.5309    34.5298    7.86166         22 0.0000e+00
    196.000    193.987     0.8501  29.500154     0.8498  29.498939     4.8358     4.8776    -0.0079    95.7975 1.0000e-12  -64.93326  -64.39985 342.806048      99.97 3.9312e+02    728.577      17487  1028.6051  1028.6040    34.5311    34.5298    7.86157         29 0.0000e+00
    197.000    194.977     0.8505  29.501098     0.8504  29.499863     4.8325     4.8724    -0.0016    95.7910 1.0000e-12  -64.93326  -64.39986 342.806067      99.97 3.9312e+02    730.148      17525  1028.6100  1028.6088    34.5312    34.5298    7.86147         37 0.0000e+00
    198.000    195.966     0.8524  29.503363     0.8521  29.502076     4.8194     4.8530    -0.0013    95.7947 1.0000e-12  -64.93326  -64.39986 342.806095      99.98 3.9345e+02    732.626      17584  1028.6149  1028.6139    34.5314    34.5302    7.86107         41 0.0000e+00
    199.000    196.955     0.8567  29.508084     0.8563  29.506943     4.8081     4.8429    -0.0024    95.7954 1.0000e-12  -64.93326  -64.39984 342.806112      99.98 3.9494e+02    734.112      17620  1028.6199  1028.6192    34.5322    34.5312    7.86017         26 0.0000e+00
    200.000    197.944     0.8581  29.510270     0.8580  29.509164     4.7922     4.8412    -0.0077    95.7984 1.0000e-12  -64.93326  -64.39984 342.806123      99.98 3.9489e+02    735.042      17642  1028.6251  1028.6241    34.5329    34.5316    7.85984         21 0.0000e+00
    201.000    198.935     0.8608  29.513217     0.8607  29.512625     4.7868     4.8371    -0.0009    95.7984 1.0000e-12  -64.93326  -64.39984 342.806132      99.98 3.9489e+02    735.847      17661  1028.6298  1028.6293    34.5331    34.5325    7.85929         18 0.0000e+00
    202.000    199.924     0.8621  29.515301     0.8616  29.513979     4.7966     4.8391     0.0038    95.8200 1.0000e-12  -64.93326  -64.39983 342.806141      99.98 3.9489e+02    736.625      17680  1028.6351  1028.6342    34.5338    34.5326    7.85900         19 0.0000e+00
    203.000    200.911     0.8625  29.516297     0.8619  29.515003     4.7979     4.8398     0.0048    95.8009 1.0000e-12  -64.93326  -64.39982 342.806151      99.98 3.9489e+02    737.456      17700  1028.6400  1028.6392    34.5340    34.5330    7.85889         21 0.0000e+00
    204.000    201.901     0.8639  29.518482     0.8636  29.517339     4.7927     4.8410     0.0008    95.8148 1.0000e-12  -64.93326  -64.39982 342.806162      99.98 3.9489e+02    738.415      17723  1028.6452  1028.6443    34.5347    34.5336    7.85858         25 0.0000e+00
    205.000    202.891     0.8644  29.519435     0.8643  29.518600     4.7827     4.8347     0.0039    95.7975 1.0000e-12  -64.93326  -64.39983 342.806175      99.97 3.9528e+02    739.494      17749  1028.6500  1028.6492    34.5348    34.5339    7.85847         27 0.0000e+00
    206.000    203.880     0.8745  29.530177     0.8747  29.530017     4.7839     4.8395    -0.0036    95.8136 1.0000e-12  -64.93326  -64.39984 342.806189      99.97 3.9662e+02    740.738      17779  1028.6555  1028.6551    34.5369    34.5365    7.85633         31 0.0000e+00
    207.000    204.869     0.8765  29.533492     0.8775  29.533348     4.7897     4.8373     0.0010    95.8216 1.0000e-12  -64.93326  -64.39984 342.806209      99.98 3.9692e+02    742.466      17820  1028.6613  1028.6602    34.5384    34.5370    7.85584         39 0.0000e+00
    208.000    205.859     0.8770  29.534220     0.8761  29.532435     4.7933     4.8315    -0.0009    95.8464 1.0000e-12  -64.93326  -64.39983 342.806240      99.98 3.9773e+02    745.145      17884  1028.6660  1028.6650    34.5382    34.5369    7.85576         36 0.0000e+00
    209.000    206.845     0.8743  29.532069     0.8736  29.530368     4.7944     4.8254     0.0043    95.8411 1.0000e-12  -64.93326  -64.39982 342.806254      99.97 3.9660e+02    746.352      17913  1028.6707  1028.6696    34.5377    34.5363    7.85631         21 0.0000e+00
    210.000    207.838     0.8748  29.532637     0.8736  29.530915     4.7926     4.8296    -0.0010    95.8286 1.0000e-12  -64.93326  -64.39980 342.806263      99.97 3.9575e+02    747.081      17931  1028.6751  1028.6744    34.5373    34.5365    7.85623         16 0.0000e+00
    211.000    208.822     0.8758  29.534384     0.8755  29.533091     4.7895     4.8299    -0.0066    95.8241 1.0000e-12  -64.93326  -64.39980 342.806269      99.97 3.9490e+02    747.683      17945  1028.6801  1028.6791    34.5379    34.5366    7.85600         14 0.0000e+00
    212.000    209.817     0.8755  29.534391     0.8752  29.533339     4.7852     4.8242    -0.0089    95.8241 1.0000e-12  -64.93326  -64.39980 342.806276      99.97 3.9489e+02    748.233      17959  1028.6847  1028.6840    34.5376    34.5367    7.85607         12 0.0000e+00
    213.000    210.806     0.8767  29.536174     0.8771  29.535723     4.7871     4.8245    -0.0077    95.8241 1.0000e-12  -64.93325  -64.39980 342.806282      99.98 3.9489e+02    748.759      17971  1028.6897  1028.6888    34.5381    34.5371    7.85582         13 0.0000e+00
    214.000    211.794     0.8749  29.534947     0.8752  29.534122     4.7916     4.8292    -0.0081    95.8319 1.0000e-12  -64.93324  -64.39980 342.806289      99.98 3.9500e+02    749.336      17985  1028.6945  1028.6933    34.5379    34.5365    7.85619         16 0.0000e+00
    215.000    212.780     0.8748  29.535055     0.8743  29.533937     4.7870     4.8310    -0.0014    95.8248 1.0000e-12  -64.93324  -64.39982 342.806300      99.97 3.9632e+02    750.298      18008  1028.6990  1028.6982    34.5376    34.5367    7.85623         26 0.0000e+00
    216.000    213.771     0.8754  29.536010     0.8751  29.535041     4.7544     4.8073    -0.0004    95.8241 1.0000e-12  -64.93324  -64.39978 342.806357      99.98 3.9478e+02    755.261      18127  1028.7036  1028.7029    34.5376    34.5366    7.85611         20 0.0000e+00
    217.000    214.760     0.8862  29.546967     0.8855  29.546854     4.7559     4.8073    -0.0004    95.8241 1.0000e-12  -64.93324  -64.39978 342.806362      99.98 3.9489e+02    755.701      18138  1028.7086  1028.7092    34.5391    34.5398    7.85384         16 0.0000e+00
    218.000    215.751     0.8889  29.551180     0.8885  29.550228     4.7676     4.8121    -0.0004    95.8241 1.0000e-12  -64.93324  -64.39978 342.806369      99.97 3.9415e+02    756.297      18152  1028.7146  1028.7139    34.5410    34.5402    7.85320         14 0.0000e+00
    219.000    216.740     0.8900  29.552826     0.8896  29.551881     4.7748     4.8187    -0.0004    95.8241 1.0000e-12  -64.93324  -64.39978 342.806376      99.97 3.9313e+02    756.870      18166  1028.7195  1028.7188    34.5413    34.5405    7.85296         13 0.0000e+00
    220.000    217.726     0.8967  29.559741     0.8965  29.559409     4.7746     4.8193    -0.0004    95.8241 1.0000e-12  -64.93324  -64.39978 342.806383      99.98 3.9312e+02    757.464      18180  1028.7243  1028.7241    34.5423    34.5420    7.85156         15 0.0000e+00
    221.000    218.719     0.8975  29.561712     0.8972  29.560460     4.7713     4.8164    -0.0023    95.8241 1.0000e-12  -64.93324  -64.39978 342.806391      99.97 3.9312e+02    758.194      18198  1028.7299  1028.7288    34.5433    34.5419    7.85134         22 0.0000e+00
    222.000    219.704     0.8939  29.558520     0.8944  29.557921     4.7783     4.8198    -0.0119    95.8241 1.0000e-12  -64.93324  -64.39978 342.806410      99.98 3.9181e+02    759.785      18236  1028.7345  1028.7333    34.5426    34.5412    7.85211         32 0.0000e+00
    223.000    220.695     0.8943  29.559013     0.8941  29.557945     4.7783     4.8097    -0.0030    95.8241 1.0000e-12  -64.93324  -64.39978 342.806434      99.97 3.8946e+02    761.888      18286  1028.7389  1028.7379    34.5422    34.5410    7.85205         30 0.0000e+00
    224.000    221.684     0.8979  29.562874     0.8982  29.562686     4.7595     4.8055    -0.0028    95.8091 1.0000e-12  -64.93324  -64.39978 342.806447      99.98 3.8800e+02    763.017      18313  1028.7436  1028.7431    34.5425    34.5420    7.85129         27 0.0000e+00
    225.000    222.674     0.9118  29.577504     0.9113  29.577067     4.7535     4.8047    -0.0030    95.7985 1.0000e-12  -64.93324  -64.39978 342.806460      99.98 3.8690e+02    764.135      18340  1028.7493  1028.7494    34.5454    34.5455    7.84834         28 0.0000e+00
    226.000    223.663     0.9186  29.585987     0.9183  29.584826     4.7535     4.7973     0.0050    95.8020 1.0000e-12  -64.93324  -64.39978 342.806473      99.98 3.8608e+02    765.304      18368  1028.7557  1028.7549    34.5482    34.5471    7.84681         28 0.0000e+00
    227.000    224.652     0.9209  29.588761     0.9206  29.587676     4.7536     4.8040    -0.0047    95.8120 1.0000e-12  -64.93324  -64.39978 342.806487      99.98 3.8607e+02    766.460      18396  1028.7608  1028.7599    34.5488    34.5477    7.84634         28 0.0000e+00
    228.000    225.642     0.9214  29.590006     0.9214  29.588919     4.7433     4.7981     0.0060    95.8159 1.0000e-12  -64.93324  -64.39978 342.806502      99.97 3.8479e+02    767.761      18427  1028.7659  1028.7647    34.5492    34.5478    7.84621         35 0.0000e+00
    229.000    226.630     0.9249  29.593804     0.9243  29.592637     4.7264     4.7817     0.0080    95.5951 1.0000e-12  -64.93324  -64.39976 342.806520      99.97 3.8239e+02    769.302      18464  1028.7708  1028.7701    34.5496    34.5487    7.84548         34 0.0000e+00
    230.000    227.618     0.9352  29.604907     0.9347  29.604165     4.7217     4.7688    -0.0005    95.7826 1.0000e-12  -64.93324  -64.39975 342.806534      99.97 3.8076e+02    770.537      18494  1028.7764  1028.7760    34.5520    34.5515    7.84329         24 0.0000e+00
    231.000    228.609     0.9409  29.611844     0.9394  29.609617     4.7171     4.7651    -0.0004    95.7988 1.0000e-12  -64.93324  -64.39974 342.806544      99.97 3.8078e+02    771.414      18515  1028.7822  1028.7814    34.5539    34.5528    7.84202         18 0.0000e+00
    232.000    229.599     0.9470  29.618403     0.9467  29.618145     4.7161     4.7646    -0.0004    95.7984 1.0000e-12  -64.93324  -64.39976 342.806553      99.97 3.8078e+02    772.152      18533  1028.7873  1028.7873    34.5550    34.5551    7.84073         17 0.0000e+00
    233.000    230.587     0.9515  29.623954     0.9512  29.622929     4.7179     4.7684    -0.0004    95.7971 1.0000e-12  -64.93323  -64.39976 342.806561      99.98 3.8078e+02    772.862      18550  1028.7930  1028.7922    34.5566    34.5556    7.83974         19 0.0000e+00
    234.000    231.577     0.9537  29.626938     0.9533  29.625540     4.7215     4.7695    -0.0004    95.7918 1.0000e-12  -64.93322  -64.39977 342.806572      99.97 3.8078e+02    773.782      18572  1028.7983  1028.7972    34.5575    34.5561    7.83926         26 0.0000e+00
    235.000    232.559     0.9529  29.626489     0.9529  29.625564     4.7234     4.7667     0.0006    95.7734 1.0000e-12  -64.93322  -64.39977 342.806600      99.97 3.7946e+02    776.228      18630  1028.8031  1028.8020    34.5572    34.5560    7.83944         23 0.0000e+00
