NBP2113_155081_ctd/data/dnbp2113_017.cnv
* Sea-Bird SBE 9 Data File:
* FileName = D:\Data\raw\NBP2113_017.hex
* Software Version Seasave V 7.26.7.121
* Temperature SN = 2438
* Conductivity SN = 2067
* Number of Bytes Per Scan = 40
* Number of Voltage Words = 5
* Number of Scans Averaged by the Deck Unit = 1
* NMEA Latitude = 65 14.32 S
* NMEA Longitude = 069 47.72 W
* NMEA UTC (Time) = Nov 28 2021  09:59:52
* NMEA baud rate = 9600
** Ship: RVIB N.B. Palmer
** Cruise: NBP2113 LTER
** Station: 400.200
** Operator: B. Urmston
# nquan = 25
# nvalues = 2752                        
# units = specified
# name 0 = prDM: Pressure, Digiquartz [db]
# name 1 = depSM: Depth [salt water, m]
# name 2 = t090C: Temperature [ITS-90, deg C]
# name 3 = c0mS/cm: Conductivity [mS/cm]
# name 4 = t190C: Temperature, 2 [ITS-90, deg C]
# name 5 = c1mS/cm: Conductivity, 2 [mS/cm]
# name 6 = sbeox0ML/L: Oxygen, SBE 43 [ml/l]
# name 7 = sbeox1ML/L: Oxygen, SBE 43, 2 [ml/l]
# name 8 = flECO-AFL: Fluorescence, WET Labs ECO-AFL/FL [mg/m^3]
# name 9 = CStarTr0: Beam Transmission, WET Labs C-Star [%]
# name 10 = par: PAR/Irradiance, Biospherical/Licor
# name 11 = latitude: Latitude [deg]
# name 12 = longitude: Longitude [deg]
# name 13 = timeJ: Julian Days
# name 14 = altM: Altimeter [m]
# name 15 = spar: SPAR, Biospherical/Licor
# name 16 = timeS: Time, Elapsed [seconds]
# name 17 = scan: Scan Count
# name 18 = density00: Density [density, kg/m^3]
# name 19 = density11: Density, 2 [density, kg/m^3]
# name 20 = sal00: Salinity, Practical [PSU]
# name 21 = sal11: Salinity, Practical, 2 [PSU]
# name 22 = oxsolML/L: Oxygen Saturation, Garcia & Gordon [ml/l]
# name 23 = nbin: number of scans per bin
# name 24 = flag: flag
# span 0 =      5.000,   2756.000       
# span 1 =      4.945,   2711.176       
# span 2 =    -0.9020,     2.0018       
# span 3 =  27.572589,  30.675109       
# span 4 =    -0.9006,     2.0010       
# span 5 =  27.573360,  30.674174       
# span 6 =     3.8758,     8.3117       
# span 7 =     3.9254,     8.3618       
# span 8 =    -0.0224,     9.2023       
# span 9 =    87.1214,    97.9881       
# span 10 = 1.0000e-12, 1.0000e-12      
# span 11 =  -65.23835,  -65.23678      
# span 12 =  -69.79854,  -69.79608      
# span 13 = 332.420197, 332.462626      
# span 14 =       1.37,     104.15      
# span 15 = 3.2261e+02, 1.2819e+03      
# span 16 =    313.043,   3978.882      
# span 17 =       7514,      95494      
# span 18 =  1027.3384,  1040.5508      
# span 19 =  1027.3373,  1040.5502      
# span 20 =    33.9857,    34.7283      
# span 21 =    33.9839,    34.7274      
# span 22 =    7.62846,    8.25910      
# span 23 =         11,         57      
# span 24 = 0.0000e+00, 0.0000e+00      
# interval = decibars: 1                
# start_time = Nov 28 2021 09:59:52 [NMEA time, header]
# bad_flag = -9.990e-29
*END*
[from data line 2029]
   2034.000   2004.285     0.7535  30.343279     0.7540  30.343061     4.5164     4.5618    -0.0152    97.9748 1.0000e-12  -65.23714  -69.79804 332.451706      99.97 8.5298e+02   3035.426      72851  1037.2671  1037.2664    34.7080    34.7072    7.87140         19 0.0000e+00
   2035.000   2005.267     0.7518  30.342161     0.7519  30.341803     4.5111     4.5633    -0.0164    97.9774 1.0000e-12  -65.23712  -69.79804 332.451714      99.98 8.7108e+02   3036.067      72867  1037.2719  1037.2714    34.7079    34.7074    7.87176         16 0.0000e+00
   2036.000   2006.245     0.7513  30.342105     0.7515  30.341757     4.5143     4.5606    -0.0166    97.9798 1.0000e-12  -65.23712  -69.79804 332.451721      99.98 8.8177e+02   3036.699      72882  1037.2765  1037.2760    34.7079    34.7073    7.87187         14 0.0000e+00
   2037.000   2007.228     0.7511  30.342442     0.7513  30.342077     4.5153     4.5631    -0.0134    97.9741 1.0000e-12  -65.23712  -69.79804 332.451728      99.97 8.8466e+02   3037.285      72896  1037.2811  1037.2805    34.7080    34.7073    7.87189         14 0.0000e+00
   2038.000   2008.209     0.7508  30.342527     0.7509  30.342052     4.5106     4.5682    -0.0086    97.9733 1.0000e-12  -65.23712  -69.79804 332.451735      99.98 8.6674e+02   3037.884      72910  1037.2856  1037.2851    34.7079    34.7073    7.87196         15 0.0000e+00
   2039.000   2009.188     0.7487  30.341031     0.7491  30.340815     4.5100     4.5719    -0.0037    97.9726 1.0000e-12  -65.23712  -69.79804 332.451742      99.98 8.4653e+02   3038.513      72925  1037.2904  1037.2898    34.7079    34.7072    7.87239         16 0.0000e+00
   2040.000   2010.168     0.7488  30.341505     0.7491  30.341155     4.5137     4.5717    -0.0009    97.9695 1.0000e-12  -65.23712  -69.79806 332.451752      99.98 8.2067e+02   3039.340      72945  1037.2948  1037.2943    34.7078    34.7071    7.87237         26 0.0000e+00
   2041.000   2011.150     0.7496  30.342597     0.7498  30.342157     4.5205     4.5670    -0.0138    97.9722 1.0000e-12  -65.23712  -69.79806 332.451781      99.98 7.9547e+02   3041.911      73007  1037.2992  1037.2986    34.7078    34.7070    7.87220         23 0.0000e+00
   2042.000   2012.131     0.7488  30.342216     0.7493  30.342121     4.5214     4.5690    -0.0160    97.9776 1.0000e-12  -65.23712  -69.79806 332.451799      99.98 7.8737e+02   3043.440      73044  1037.3038  1037.3032    34.7077    34.7071    7.87238         24 0.0000e+00
   2043.000   2013.110     0.7456  30.339901     0.7459  30.339626     4.5204     4.5644    -0.0010    97.9742 1.0000e-12  -65.23712  -69.79808 332.451810      99.98 7.8328e+02   3044.355      73066  1037.3088  1037.3083    34.7077    34.7071    7.87302         22 0.0000e+00
   2044.000   2014.092     0.7450  30.339753     0.7450  30.339208     4.5156     4.5677    -0.0078    97.9760 1.0000e-12  -65.23712  -69.79808 332.451821      99.98 7.7874e+02   3045.369      73090  1037.3134  1037.3129    34.7077    34.7070    7.87314         28 0.0000e+00
   2045.000   2015.072     0.7449  30.339897     0.7449  30.339405     4.5287     4.5682    -0.0112    97.9734 1.0000e-12  -65.23712  -69.79808 332.451837      99.98 7.7627e+02   3046.730      73123  1037.3178  1037.3173    34.7075    34.7069    7.87318         34 0.0000e+00
   2046.000   2016.053     0.7448  30.340287     0.7451  30.339990     4.5210     4.5693    -0.0133    97.9756 1.0000e-12  -65.23712  -69.79808 332.451853      99.98 7.7795e+02   3048.116      73156  1037.3224  1037.3218    34.7076    34.7069    7.87319         29 0.0000e+00
   2047.000   2017.033     0.7450  30.340970     0.7451  30.340481     4.5179     4.5681    -0.0090    97.9748 1.0000e-12  -65.23710  -69.79808 332.451865      99.97 7.8026e+02   3049.162      73181  1037.3270  1037.3264    34.7077    34.7070    7.87314         23 0.0000e+00
   2048.000   2018.014     0.7452  30.341453     0.7454  30.341206     4.5143     4.5717    -0.0088    97.9781 1.0000e-12  -65.23710  -69.79808 332.451876      99.98 7.8236e+02   3050.061      73202  1037.3314  1037.3309    34.7077    34.7071    7.87312         20 0.0000e+00
   2049.000   2018.995     0.7447  30.341489     0.7448  30.341056     4.5172     4.5733    -0.0084    97.9801 1.0000e-12  -65.23710  -69.79808 332.451886      99.97 7.8464e+02   3050.938      73224  1037.3361  1037.3355    34.7077    34.7070    7.87321         22 0.0000e+00
   2050.000   2019.976     0.7443  30.341543     0.7445  30.341130     4.5199     4.5697    -0.0087    97.9783 1.0000e-12  -65.23710  -69.79808 332.451898      99.98 7.8926e+02   3051.966      73248  1037.3406  1037.3400    34.7077    34.7069    7.87329         29 0.0000e+00
   2051.000   2020.956     0.7441  30.341748     0.7443  30.341431     4.5145     4.5708    -0.0144    97.9783 1.0000e-12  -65.23710  -69.79808 332.451915      99.98 7.9654e+02   3053.496      73285  1037.3452  1037.3446    34.7077    34.7070    7.87334         35 0.0000e+00
   2052.000   2021.936     0.7442  30.342279     0.7443  30.341863     4.5188     4.5669    -0.0142    97.9760 1.0000e-12  -65.23710  -69.79808 332.451933      99.97 8.0325e+02   3055.008      73321  1037.3497  1037.3492    34.7077    34.7071    7.87330         28 0.0000e+00
   2053.000   2022.919     0.7437  30.342200     0.7441  30.341960     4.5115     4.5698    -0.0128    97.9680 1.0000e-12  -65.23710  -69.79808 332.451945      99.98 8.0696e+02   3056.047      73346  1037.3543  1037.3536    34.7077    34.7069    7.87341         23 0.0000e+00
   2054.000   2023.898     0.7435  30.342527     0.7438  30.342154     4.5073     4.5677    -0.0087    97.9746 1.0000e-12  -65.23710  -69.79809 332.451956      99.97 8.0580e+02   3057.021      73370  1037.3589  1037.3583    34.7077    34.7070    7.87344         25 0.0000e+00
   2055.000   2024.879     0.7433  30.342699     0.7437  30.342399     4.5178     4.5634    -0.0092    97.9759 1.0000e-12  -65.23710  -69.79810 332.451973      99.98 8.1012e+02   3058.475      73404  1037.3634  1037.3627    34.7077    34.7069    7.87349         30 0.0000e+00
   2056.000   2025.859     0.7431  30.342867     0.7432  30.342426     4.5202     4.5709    -0.0175    97.9780 1.0000e-12  -65.23710  -69.79810 332.452005      99.97 8.1302e+02   3061.202      73470  1037.3679  1037.3673    34.7076    34.7069    7.87354         28 0.0000e+00
   2057.000   2026.842     0.7427  30.342944     0.7427  30.342423     4.5150     4.5612    -0.0162    97.9742 1.0000e-12  -65.23710  -69.79808 332.452015      99.98 8.0644e+02   3062.060      73490  1037.3725  1037.3720    34.7077    34.7070    7.87362         18 0.0000e+00
   2058.000   2027.818     0.7420  30.342733     0.7421  30.342350     4.5113     4.5616    -0.0105    97.9854 1.0000e-12  -65.23710  -69.79808 332.452023      99.98 8.0389e+02   3062.766      73507  1037.3772  1037.3767    34.7077    34.7071    7.87376         16 0.0000e+00
   2059.000   2028.801     0.7415  30.342613     0.7418  30.342446     4.5057     4.5680    -0.0108    97.9798 1.0000e-12  -65.23710  -69.79808 332.452030      99.98 8.0152e+02   3063.385      73522  1037.3816  1037.3812    34.7075    34.7070    7.87386         14 0.0000e+00
   2060.000   2029.784     0.7386  30.340625     0.7399  30.341138     4.5133     4.5644    -0.0093    97.9761 1.0000e-12  -65.23710  -69.79808 332.452037      99.97 7.9553e+02   3063.970      73536  1037.3866  1037.3860    34.7076    34.7069    7.87444         14 0.0000e+00
   2061.000   2030.761     0.7379  30.340294     0.7381  30.339885     4.5170     4.5676    -0.0092    97.9803 1.0000e-12  -65.23710  -69.79808 332.452044      99.98 7.8839e+02   3064.591      73551  1037.3912  1037.3906    34.7075    34.7067    7.87459         15 0.0000e+00
   2062.000   2031.743     0.7368  30.339788     0.7369  30.339369     4.5185     4.5759    -0.0117    97.9794 1.0000e-12  -65.23710  -69.79810 332.452052      99.98 7.8360e+02   3065.300      73568  1037.3959  1037.3954    34.7075    34.7069    7.87482         20 0.0000e+00
   2063.000   2032.724     0.7378  30.341012     0.7382  30.340807     4.5191     4.5756    -0.0141    97.9788 1.0000e-12  -65.23708  -69.79811 332.452081      99.98 7.8212e+02   3067.784      73628  1037.4003  1037.3997    34.7075    34.7068    7.87462         31 0.0000e+00
   2064.000   2033.705     0.7384  30.342009     0.7385  30.341443     4.5207     4.5682    -0.0105    97.9814 1.0000e-12  -65.23708  -69.79812 332.452117      99.98 7.8273e+02   3070.901      73703  1037.4047  1037.4041    34.7076    34.7068    7.87449         18 0.0000e+00
   2065.000   2034.683     0.7383  30.342382     0.7384  30.341912     4.5206     4.5673    -0.0171    97.9767 1.0000e-12  -65.23708  -69.79812 332.452124      99.98 7.8272e+02   3071.551      73718  1037.4093  1037.4088    34.7076    34.7069    7.87450         15 0.0000e+00
   2066.000   2035.664     0.7373  30.341811     0.7375  30.341428     4.5255     4.5722    -0.0160    97.9698 1.0000e-12  -65.23708  -69.79812 332.452132      99.98 7.8272e+02   3072.177      73733  1037.4139  1037.4134    34.7075    34.7068    7.87471         15 0.0000e+00
   2067.000   2036.646     0.7372  30.341996     0.7369  30.341376     4.5211     4.5757    -0.0080    97.9717 1.0000e-12  -65.23708  -69.79812 332.452139      99.98 7.8272e+02   3072.804      73748  1037.4184  1037.4181    34.7074    34.7069    7.87475         15 0.0000e+00
   2068.000   2037.627     0.7361  30.341557     0.7362  30.341139     4.5172     4.5702    -0.0137    97.9659 1.0000e-12  -65.23708  -69.79812 332.452146      33.85 7.8272e+02   3073.456      73764  1037.4232  1037.4226    34.7075    34.7069    7.87496         17 0.0000e+00
   2069.000   2038.606     0.7353  30.341321     0.7355  30.340958     4.5254     4.5737    -0.0143    97.9647 1.0000e-12  -65.23708  -69.79812 332.452156      97.64 7.8272e+02   3074.262      73783  1037.4278  1037.4272    34.7075    34.7068    7.87511         23 0.0000e+00
   2070.000   2039.588     0.7358  30.342016     0.7359  30.341500     4.5194     4.5682    -0.0091    97.9714 1.0000e-12  -65.23708  -69.79812 332.452175      99.98 7.7833e+02   3075.875      73822  1037.4322  1037.4315    34.7074    34.7066    7.87503         43 0.0000e+00
   2071.000   2040.566     0.7367  30.343237     0.7370  30.342953     4.5193     4.5633    -0.0117    97.9772 1.0000e-12  -65.23708  -69.79812 332.452195      99.98 7.7297e+02   3077.623      73864  1037.4366  1037.4360    34.7075    34.7068    7.87484         28 0.0000e+00
   2072.000   2041.549     0.7361  30.343140     0.7362  30.342715     4.5218     4.5702    -0.0153    97.9765 1.0000e-12  -65.23707  -69.79813 332.452206      99.98 7.7167e+02   3078.598      73887  1037.4413  1037.4407    34.7075    34.7068    7.87497         22 0.0000e+00
   2073.000   2042.529     0.7350  30.342538     0.7351  30.342005     4.5172     4.5739    -0.0123    97.9796 1.0000e-12  -65.23706  -69.79814 332.452218      99.97 7.7049e+02   3079.603      73911  1037.4459  1037.4453    34.7074    34.7066    7.87519         28 0.0000e+00
   2074.000   2043.509     0.7343  30.342387     0.7351  30.342471     4.5262     4.5707    -0.0121    97.9742 1.0000e-12  -65.23706  -69.79814 332.452238      99.98 7.7436e+02   3081.386      73954  1037.4506  1037.4498    34.7075    34.7067    7.87533         38 0.0000e+00
   2075.000   2044.489     0.7344  30.342793     0.7346  30.342456     4.5202     4.5696    -0.0110    97.9732 1.0000e-12  -65.23706  -69.79814 332.452259      99.98 7.8187e+02   3083.194      73998  1037.4549  1037.4544    34.7074    34.7067    7.87531         26 0.0000e+00
   2076.000   2045.469     0.7342  30.343055     0.7345  30.342805     4.5232     4.5708    -0.0150    97.9624 1.0000e-12  -65.23706  -69.79814 332.452270      99.97 7.8747e+02   3084.091      74019  1037.4596  1037.4590    34.7074    34.7067    7.87535         21 0.0000e+00
   2077.000   2046.450     0.7343  30.343569     0.7345  30.343205     4.5128     4.5737    -0.0097    97.9699 1.0000e-12  -65.23706  -69.79814 332.452279      99.97 7.9134e+02   3084.897      74039  1037.4641  1037.4636    34.7075    34.7068    7.87533         18 0.0000e+00
   2078.000   2047.433     0.7343  30.343936     0.7345  30.343607     4.5222     4.5748    -0.0026    97.9833 1.0000e-12  -65.23706  -69.79814 332.452288      99.98 7.9658e+02   3085.691      74058  1037.4686  1037.4680    34.7074    34.7067    7.87533         20 0.0000e+00
   2079.000   2048.412     0.7334  30.343594     0.7335  30.343137     4.5228     4.5746    -0.0051    97.9870 1.0000e-12  -65.23706  -69.79814 332.452298      99.98 8.0360e+02   3086.569      74079  1037.4733  1037.4727    34.7075    34.7067    7.87552         23 0.0000e+00
   2080.000   2049.392     0.7335  30.344031     0.7336  30.343514     4.5225     4.5752    -0.0148    97.9798 1.0000e-12  -65.23706  -69.79814 332.452311      99.98 8.1531e+02   3087.697      74106  1037.4778  1037.4771    34.7074    34.7065    7.87550         31 0.0000e+00
   2081.000   2050.373     0.7333  30.344261     0.7335  30.343931     4.5174     4.5765    -0.0068    97.9716 1.0000e-12  -65.23706  -69.79814 332.452330      99.98 8.3906e+02   3089.337      74145  1037.4823  1037.4817    34.7074    34.7067    7.87554         40 0.0000e+00
   2082.000   2051.354     0.7320  30.343520     0.7324  30.343229     4.5163     4.5749    -0.0089    97.9797 1.0000e-12  -65.23706  -69.79814 332.452350      99.98 8.6689e+02   3091.075      74187  1037.4870  1037.4863    34.7073    34.7065    7.87579         35 0.0000e+00
   2083.000   2052.333     0.7307  30.342863     0.7310  30.342428     4.5212     4.5764    -0.0156    97.9785 1.0000e-12  -65.23706  -69.79814 332.452366      99.97 8.8428e+02   3092.448      74220  1037.4917  1037.4911    34.7074    34.7066    7.87606         30 0.0000e+00
   2084.000   2053.314     0.7285  30.341237     0.7311  30.343020     4.5243     4.5730    -0.0092    97.9763 1.0000e-12  -65.23706  -69.79815 332.452379      99.97 8.9594e+02   3093.573      74247  1037.4965  1037.4956    34.7073    34.7067    7.87652         24 0.0000e+00
   2085.000   2054.295     0.7246  30.338154     0.7270  30.339807     4.5296     4.5737    -0.0108    97.9753 1.0000e-12  -65.23706  -69.79815 332.452391      99.98 9.0885e+02   3094.575      74271  1037.5015  1037.5007    34.7071    34.7066    7.87732         24 0.0000e+00
   2086.000   2055.276     0.7247  30.338708     0.7248  30.338191     4.5242     4.5783    -0.0102    97.9669 1.0000e-12  -65.23706  -69.79816 332.452402      99.97 9.1328e+02   3095.547      74294  1037.5060  1037.5054    34.7072    34.7064    7.87729         23 0.0000e+00
   2087.000   2056.255     0.7230  30.337623     0.7233  30.337282     4.5283     4.5766    -0.0004    97.9792 1.0000e-12  -65.23706  -69.79816 332.452414      99.98 9.1603e+02   3096.565      74319  1037.5107  1037.5101    34.7071    34.7064    7.87764         26 0.0000e+00
   2088.000   2057.237     0.7246  30.339381     0.7255  30.339688     4.5188     4.5709    -0.0040    97.9752 1.0000e-12  -65.23705  -69.79816 332.452426      99.98 9.2601e+02   3097.641      74344  1037.5149  1037.5144    34.7071    34.7065    7.87731         26 0.0000e+00
   2089.000   2058.216     0.7254  30.340577     0.7271  30.341562     4.5276     4.5736    -0.0089    97.9720 1.0000e-12  -65.23704  -69.79816 332.452439      99.97 9.4071e+02   3098.692      74370  1037.5194  1037.5187    34.7072    34.7066    7.87714         24 0.0000e+00
   2090.000   2059.196     0.7238  30.339423     0.7257  30.340505     4.5239     4.5778    -0.0096    97.9759 1.0000e-12  -65.23704  -69.79816 332.452450      99.98 9.5263e+02   3099.659      74393  1037.5241  1037.5233    34.7071    34.7064    7.87748         23 0.0000e+00
