NBP2113_155081_ctd/data/dnbp2113_002.cnv
* Sea-Bird SBE 9 Data File:
* FileName = D:\Data\raw\NBP2113_002.hex
* Software Version Seasave V 7.26.7.121
* Temperature SN = 2438
* Conductivity SN = 2067
* Number of Bytes Per Scan = 40
* Number of Voltage Words = 5
* Number of Scans Averaged by the Deck Unit = 1
* NMEA Latitude = 63 34.52 S
* NMEA Longitude = 060 42.00 W
* NMEA UTC (Time) = Nov 22 2021  11:46:05
* NMEA baud rate = 9600
** Ship: RVIB N.B. Palmer
** Cruise: NBP2113 LTER
** Station: 831.-002
** Operator: B. Urmston
# nquan = 25
# nvalues = 597                         
# units = specified
# name 0 = prDM: Pressure, Digiquartz [db]
# name 1 = depSM: Depth [salt water, m]
# name 2 = t090C: Temperature [ITS-90, deg C]
# name 3 = c0mS/cm: Conductivity [mS/cm]
# name 4 = t190C: Temperature, 2 [ITS-90, deg C]
# name 5 = c1mS/cm: Conductivity, 2 [mS/cm]
# name 6 = sbeox0ML/L: Oxygen, SBE 43 [ml/l]
# name 7 = sbeox1ML/L: Oxygen, SBE 43, 2 [ml/l]
# name 8 = flECO-AFL: Fluorescence, WET Labs ECO-AFL/FL [mg/m^3]
# name 9 = CStarTr0: Beam Transmission, WET Labs C-Star [%]
# name 10 = par: PAR/Irradiance, Biospherical/Licor
# name 11 = latitude: Latitude [deg]
# name 12 = longitude: Longitude [deg]
# name 13 = timeJ: Julian Days
# name 14 = altM: Altimeter [m]
# name 15 = spar: SPAR, Biospherical/Licor
# name 16 = timeS: Time, Elapsed [seconds]
# name 17 = scan: Scan Count
# name 18 = density00: Density [density, kg/m^3]
# name 19 = density11: Density, 2 [density, kg/m^3]
# name 20 = sal00: Salinity, Practical [PSU]
# name 21 = sal11: Salinity, Practical, 2 [PSU]
# name 22 = oxsolML/L: Oxygen Saturation, Garcia & Gordon [ml/l]
# name 23 = nbin: number of scans per bin
# name 24 = flag: flag
# span 0 =      5.000,    601.000       
# span 1 =      4.949,    594.304       
# span 2 =    -1.3531,    -0.6563       
# span 3 =  27.600342,  27.980004       
# span 4 =    -1.3527,    -0.6577       
# span 5 =  27.599064,  27.976372       
# span 6 =     6.7881,     7.5258       
# span 7 =     6.7594,     7.5568       
# span 8 =    -0.0151,     0.9223       
# span 9 =    93.7468,    98.7498       
# span 10 = 1.0000e-12, 8.2726e+01      
# span 11 =  -63.57548,  -63.57544      
# span 12 =  -60.69966,  -60.69924      
# span 13 = 326.494048, 326.504749      
# span 14 =     -10.52,     102.48      
# span 15 = 1.7682e+03, 1.7931e+03      
# span 16 =    320.726,   1245.368      
# span 17 =       7698,      29890      
# span 18 =  1027.6195,  1030.6286      
# span 19 =  1027.6169,  1030.6271      
# span 20 =    34.3275,    34.5027      
# span 21 =    34.3239,    34.5008      
# span 22 =    8.18786,    8.33442      
# span 23 =         11,         51      
# span 24 = 0.0000e+00, 0.0000e+00      
# interval = decibars: 1                
# start_time = Nov 22 2021 11:46:05 [NMEA time, header]
# bad_flag = -9.990e-29
*END*
[from data line 580]
    585.000    578.508    -1.2779  27.844727    -1.2776  27.843561     6.8724     6.8224     0.0069    98.6308 1.0000e-12  -63.57548  -60.69930 326.504179      22.73 1.7852e+03   1196.066      28707  1030.5490  1030.5475    34.4964    34.4945    8.31443         12 0.0000e+00
    586.000    579.495    -1.2787  27.844251    -1.2783  27.843053     6.8673     6.8233     0.0069    98.6197 1.0000e-12  -63.57548  -60.69931 326.504186      21.50 1.7828e+03   1196.640      28720  1030.5536  1030.5519    34.4961    34.4940    8.31464         16 0.0000e+00
    587.000    580.482    -1.2784  27.844823    -1.2781  27.843608     6.8605     6.8182     0.0074    98.5483 1.0000e-12  -63.57548  -60.69933 326.504210      21.36 1.7799e+03   1198.749      28771  1030.5582  1030.5566    34.4959    34.4939    8.31458         32 0.0000e+00
    588.000    581.470    -1.2769  27.847125    -1.2772  27.845186     6.8322     6.8067     0.0084    98.4490 1.0000e-12  -63.57548  -60.69934 326.504241      20.46 1.7850e+03   1201.397      28835  1030.5635  1030.5617    34.4967    34.4944    8.31419         34 0.0000e+00
    589.000    582.458    -1.2753  27.849604    -1.2739  27.849841     6.8095     6.7896     0.0004    98.5527 1.0000e-12  -63.57548  -60.69934 326.504255      19.57 1.7883e+03   1202.647      28865  1030.5689  1030.5677    34.4977    34.4964    8.31378         28 0.0000e+00
    590.000    583.444    -1.2688  27.858030    -1.2685  27.856807     6.7932     6.7826     0.0052    98.5596 1.0000e-12  -63.57548  -60.69933 326.504269      18.53 1.7903e+03   1203.850      28893  1030.5759  1030.5742    34.5012    34.4991    8.31214         30 0.0000e+00
    591.000    584.433    -1.2683  27.859185    -1.2677  27.858129     6.7915     6.7757    -0.0001    98.6137 1.0000e-12  -63.57548  -60.69932 326.504283      17.63 1.7922e+03   1205.041      28922  1030.5810  1030.5793    34.5016    34.4994    8.31200         27 0.0000e+00
    592.000    585.418    -1.2672  27.860789    -1.2669  27.859668     6.7989     6.7775    -0.0017    98.6284 1.0000e-12  -63.57548  -60.69932 326.504295      16.70 1.7929e+03   1206.075      28947  1030.5860  1030.5844    34.5019    34.5000    8.31174         23 0.0000e+00
    593.000    586.409    -1.2672  27.861246    -1.2668  27.860212     6.7895     6.7700    -0.0077    98.6737 1.0000e-12  -63.57548  -60.69932 326.504306      15.72 1.7920e+03   1206.999      28969  1030.5908  1030.5892    34.5019    34.5000    8.31174         21 0.0000e+00
    594.000    587.395    -1.2671  27.861809    -1.2666  27.860786     6.7890     6.7683    -0.0008    98.6598 1.0000e-12  -63.57548  -60.69932 326.504317      14.61 1.7908e+03   1207.947      28992  1030.5955  1030.5939    34.5020    34.5000    8.31171         25 0.0000e+00
    595.000    588.384    -1.2668  27.862547    -1.2666  27.861109     6.8073     6.7758     0.0132    98.6828 1.0000e-12  -63.57548  -60.69934 326.504334      13.43 1.7885e+03   1209.448      29028  1030.6003  1030.5985    34.5020    34.4998    8.31163         26 0.0000e+00
    596.000    589.371    -1.2669  27.862908    -1.2665  27.861538     6.8028     6.7725     0.0094    98.7202 1.0000e-12  -63.57548  -60.69934 326.504379      12.76 1.7845e+03   1213.350      29121  1030.6051  1030.6032    34.5020    34.4997    8.31166         36 0.0000e+00
    597.000    590.357    -1.2664  27.863698    -1.2661  27.862583     6.8038     6.7617    -0.0005    98.7273 1.0000e-12  -63.57548  -60.69934 326.504398      13.30 1.7868e+03   1214.968      29160  1030.6098  1030.6082    34.5019    34.5001    8.31155         35 0.0000e+00
    598.000    591.345    -1.2655  27.865295    -1.2651  27.864272     6.7911     6.7594    -0.0004    98.7119 1.0000e-12  -63.57548  -60.69933 326.504414      11.72 1.7891e+03   1216.401      29195  1030.6149  1030.6133    34.5024    34.5006    8.31132         35 0.0000e+00
    599.000    592.333    -1.2651  27.866297    -1.2645  27.865369     6.7881     6.7663     0.0065    98.6200 1.0000e-12  -63.57548  -60.69933 326.504435      11.05 1.7893e+03   1218.159      29237  1030.6199  1030.6183    34.5027    34.5008    8.31121         40 0.0000e+00
    600.000    593.320    -1.2665  27.864920    -1.2664  27.863579     6.7951     6.7683    -0.0151    98.6840 1.0000e-12  -63.57548  -60.69933 326.504649       8.97 1.7882e+03   1236.651      29681  1030.6240  1030.6224    34.5019    34.4999    8.31158         28 0.0000e+00
    601.000    594.304    -1.2669  27.864757    -1.2665  27.863879     6.7886     6.7735     0.0013    98.6846 1.0000e-12  -63.57548  -60.69934 326.504749       7.27 1.7828e+03   1245.368      29890  1030.6286  1030.6271    34.5015    34.4998    8.31170         18 0.0000e+00
