NBP2113_155081_ctd/data/dnbp2113_013.cnv
* Sea-Bird SBE 9 Data File:
* FileName = D:\Data\raw\NBP2113_013.hex
* Software Version Seasave V 7.26.7.121
* Temperature SN = 2438
* Conductivity SN = 2067
* Number of Bytes Per Scan = 40
* Number of Voltage Words = 5
* Number of Scans Averaged by the Deck Unit = 1
* NMEA Latitude = 65 13.99 S
* NMEA Longitude = 066 46.43 W
* NMEA UTC (Time) = Nov 27 2021  04:09:52
* NMEA baud rate = 9600
** Ship: RVIB N.B. Palmer
** Cruise: NBP2113 LTER
** Station: 500.100
** Operator: B. Urmston
# nquan = 25
# nvalues = 430                         
# units = specified
# name 0 = prDM: Pressure, Digiquartz [db]
# name 1 = depSM: Depth [salt water, m]
# name 2 = t090C: Temperature [ITS-90, deg C]
# name 3 = c0mS/cm: Conductivity [mS/cm]
# name 4 = t190C: Temperature, 2 [ITS-90, deg C]
# name 5 = c1mS/cm: Conductivity, 2 [mS/cm]
# name 6 = sbeox0ML/L: Oxygen, SBE 43 [ml/l]
# name 7 = sbeox1ML/L: Oxygen, SBE 43, 2 [ml/l]
# name 8 = flECO-AFL: Fluorescence, WET Labs ECO-AFL/FL [mg/m^3]
# name 9 = CStarTr0: Beam Transmission, WET Labs C-Star [%]
# name 10 = par: PAR/Irradiance, Biospherical/Licor
# name 11 = latitude: Latitude [deg]
# name 12 = longitude: Longitude [deg]
# name 13 = timeJ: Julian Days
# name 14 = altM: Altimeter [m]
# name 15 = spar: SPAR, Biospherical/Licor
# name 16 = timeS: Time, Elapsed [seconds]
# name 17 = scan: Scan Count
# name 18 = density00: Density [density, kg/m^3]
# name 19 = density11: Density, 2 [density, kg/m^3]
# name 20 = sal00: Salinity, Practical [PSU]
# name 21 = sal11: Salinity, Practical, 2 [PSU]
# name 22 = oxsolML/L: Oxygen Saturation, Garcia & Gordon [ml/l]
# name 23 = nbin: number of scans per bin
# name 24 = flag: flag
# span 0 =      4.000,    433.000       
# span 1 =      3.961,    428.300       
# span 2 =    -0.6342,     1.5349       
# span 3 =  27.803952,  30.327301       
# span 4 =    -0.6332,     1.5349       
# span 5 =  27.803014,  30.326560       
# span 6 =     4.1589,     8.6523       
# span 7 =     4.1218,     8.2409       
# span 8 =    -0.0176,     2.0389       
# span 9 =    87.5796,    97.7794       
# span 10 = 1.0000e-12, 3.8911e-01      
# span 11 =  -65.23322,  -65.23310      
# span 12 =  -66.77565,  -66.77434      
# span 13 = 331.176039, 331.185519      
# span 14 =       6.10,     101.52      
# span 15 = 0.0000e+00, 0.0000e+00      
# span 16 =    217.782,   1036.818      
# span 17 =       5228,      24885      
# span 18 =  1027.3161,  1029.8104      
# span 19 =  1027.3134,  1029.8094      
# span 20 =    33.9697,    34.7091      
# span 21 =    33.9672,    34.7079      
# span 22 =    7.71619,    8.19759      
# span 23 =         11,         47      
# span 24 = 0.0000e+00, 0.0000e+00      
# interval = decibars: 1                
# start_time = Nov 27 2021 04:09:52 [NMEA time, header]
# bad_flag = -9.990e-29
*END*
      4.000      3.961    -0.4506  27.886328    -0.4488  27.885420     8.5874     8.2409     1.9302    87.7775 3.8911e-01  -65.23320  -66.77436 331.176039      25.72 0.0000e+00    217.782       5228  1027.3161  1027.3134    33.9710    33.9678    8.16408         23 0.0000e+00
      5.000      4.950    -0.4529  27.884762    -0.4520  27.883419     8.5408     8.2370     1.7158    87.5796 3.1211e-01  -65.23320  -66.77435 331.176053      24.33 0.0000e+00    218.985       5257  1027.3210  1027.3187    33.9709    33.9681    8.16458         28 0.0000e+00
      6.000      5.939    -0.4548  27.883708    -0.4540  27.882184     8.5927     8.2258     1.7648    87.8462 2.8788e-01  -65.23320  -66.77435 331.176092      65.61 0.0000e+00    222.373       5338  1027.3259  1027.3235    33.9710    33.9680    8.16498         35 0.0000e+00
      7.000      6.932    -0.4542  27.884519    -0.4534  27.883151     8.6038     8.2186     2.0250    87.9196 2.1078e-01  -65.23321  -66.77436 331.176173     100.24 0.0000e+00    229.305       5504  1027.3305  1027.3283    33.9708    33.9681    8.16487         36 0.0000e+00
      8.000      7.919    -0.4547  27.884685    -0.4527  27.884061     8.6014     8.2256     1.8491    87.8507 1.7438e-01  -65.23322  -66.77436 331.176195      99.97 0.0000e+00    231.268       5551  1027.3354  1027.3329    33.9709    33.9679    8.16496         36 0.0000e+00
      9.000      8.912    -0.4563  27.883593    -0.4552  27.882553     8.6285     8.2183     2.0350    87.8796 1.2590e-01  -65.23320  -66.77436 331.176251      99.97 0.0000e+00    236.126       5668  1027.3401  1027.3379    33.9707    33.9680    8.16533         30 0.0000e+00
     10.000      9.901    -0.4563  27.884032    -0.4551  27.883068     8.6523     8.2162     1.9468    87.8775 1.1426e-01  -65.23320  -66.77435 331.176274      99.97 0.0000e+00    238.077       5715  1027.3448  1027.3426    33.9707    33.9679    8.16533         41 0.0000e+00
     11.000     10.891    -0.4547  27.885768    -0.4532  27.885100     8.6117     8.2206     2.0389    87.8953 9.4655e-02  -65.23320  -66.77436 331.176345      99.97 0.0000e+00    244.196       5862  1027.3495  1027.3473    33.9706    33.9680    8.16499         41 0.0000e+00
     12.000     11.881    -0.4510  27.889306    -0.4523  27.886163     8.6488     8.2220     1.9095    87.9024 5.5151e-02  -65.23320  -66.77434 331.176394      99.97 0.0000e+00    248.475       5964  1027.3540  1027.3519    33.9706    33.9678    8.16420         20 0.0000e+00
     13.000     12.871    -0.4554  27.886092    -0.4541  27.885412     8.6243     8.2214     1.7613    87.9186 4.7942e-02  -65.23320  -66.77434 331.176403      99.97 0.0000e+00    249.188       5982  1027.3591  1027.3571    33.9706    33.9682    8.16514         19 0.0000e+00
     14.000     13.862    -0.4560  27.886099    -0.4542  27.885552     8.6114     8.2254     1.7658    87.9259 4.3753e-02  -65.23320  -66.77435 331.176440      99.97 0.0000e+00    252.377       6058  1027.3640  1027.3617    33.9706    33.9679    8.16526         31 0.0000e+00
     15.000     14.852    -0.4483  27.892840    -0.4473  27.891470     8.5586     8.2152     1.8938    87.9415 3.8767e-02  -65.23320  -66.77437 331.176558      99.97 0.0000e+00    262.613       6304  1027.3681  1027.3657    33.9705    33.9675    8.16362         43 0.0000e+00
     16.000     15.844    -0.4558  27.886876    -0.4550  27.885527     8.6082     8.2179     1.8877    87.9713 3.1071e-02  -65.23320  -66.77438 331.176612      99.97 0.0000e+00    267.276       6416  1027.3733  1027.3710    33.9702    33.9675    8.16525         29 0.0000e+00
     17.000     16.831    -0.4581  27.885400    -0.4571  27.884213     8.5856     8.2088     1.9108    87.9463 1.8798e-02  -65.23320  -66.77440 331.176693      99.97 0.0000e+00    274.290       6584  1027.3781  1027.3758    33.9702    33.9674    8.16574         39 0.0000e+00
     18.000     17.822    -0.4581  27.885754    -0.4573  27.884534     8.5796     8.2210     1.7797    87.9296 1.0415e-02  -65.23320  -66.77440 331.176726      99.97 0.0000e+00    277.166       6653  1027.3827  1027.3807    33.9701    33.9675    8.16575         36 0.0000e+00
     19.000     18.813    -0.4577  27.886634    -0.4572  27.885112     8.5869     8.2221     1.8451    87.9391 4.2821e-03  -65.23320  -66.77442 331.176779      99.97 0.0000e+00    281.693       6762  1027.3876  1027.3854    33.9702    33.9675    8.16566         41 0.0000e+00
     20.000     19.802    -0.4589  27.886250    -0.4581  27.884973     8.5572     8.2141     1.7837    87.9036 2.0555e-04  -65.23320  -66.77442 331.176825      99.97 0.0000e+00    285.703       6858  1027.3926  1027.3904    33.9704    33.9678    8.16591         36 0.0000e+00
     21.000     20.792    -0.4591  27.886433    -0.4581  27.885276     8.5716     8.2082     1.7853    87.9174 1.0000e-12  -65.23320  -66.77445 331.176900      99.97 0.0000e+00    292.146       7013  1027.3973  1027.3951    33.9703    33.9676    8.16596         36 0.0000e+00
     22.000     21.783    -0.4603  27.886187    -0.4594  27.884974     8.5860     8.2016     1.7521    87.8663 1.0000e-12  -65.23320  -66.77446 331.176936      99.97 0.0000e+00    295.310       7088  1027.4025  1027.4003    33.9707    33.9680    8.16619         37 0.0000e+00
     23.000     22.771    -0.4594  27.887193    -0.4593  27.885465     8.5785     8.2169     1.8726    87.9152 1.0000e-12  -65.23320  -66.77449 331.177005      99.96 0.0000e+00    301.238       7231  1027.4070  1027.4050    33.9704    33.9680    8.16601         33 0.0000e+00
     24.000     23.762    -0.4594  27.887662    -0.4588  27.886211     8.5721     8.2186     1.8098    87.9831 1.0000e-12  -65.23320  -66.77451 331.177057      99.97 0.0000e+00    305.767       7339  1027.4117  1027.4096    33.9703    33.9678    8.16600         41 0.0000e+00
     25.000     24.753    -0.4580  27.888818    -0.4573  27.887594     8.5530     8.2187     1.8510    87.9842 1.0000e-12  -65.23320  -66.77452 331.177119      99.96 0.0000e+00    311.096       7467  1027.4159  1027.4139    33.9697    33.9673    8.16574         30 0.0000e+00
     26.000     25.742    -0.4583  27.889191    -0.4573  27.887975     8.5671     8.2237     1.7892    87.8578 1.0000e-12  -65.23320  -66.77453 331.177154      99.97 0.0000e+00    314.133       7540  1027.4208  1027.4186    33.9699    33.9672    8.16579         37 0.0000e+00
     27.000     26.735    -0.4595  27.888914    -0.4588  27.887519     8.5608     8.2200     1.8370    87.8975 1.0000e-12  -65.23318  -66.77458 331.177239      99.97 0.0000e+00    321.494       7717  1027.4260  1027.4239    33.9703    33.9676    8.16603         33 0.0000e+00
     28.000     27.725    -0.4592  27.889616    -0.4582  27.888428     8.5499     8.2174     1.9162    87.8354 1.0000e-12  -65.23320  -66.77457 331.177270      99.97 0.0000e+00    324.131       7780  1027.4308  1027.4285    33.9703    33.9676    8.16597         36 0.0000e+00
     29.000     28.714    -0.4584  27.890548    -0.4577  27.889272     8.5677     8.2163     1.8268    87.9573 1.0000e-12  -65.23319  -66.77460 331.177333      99.97 0.0000e+00    329.554       7910  1027.4353  1027.4333    33.9701    33.9676    8.16581         39 0.0000e+00
     30.000     29.703    -0.4588  27.890722    -0.4585  27.889272     8.5643     8.2068     1.7639    87.8873 1.0000e-12  -65.23318  -66.77462 331.177387      99.97 0.0000e+00    334.268       8023  1027.4402  1027.4384    33.9701    33.9679    8.16589         35 0.0000e+00
     31.000     30.694    -0.4610  27.889877    -0.4604  27.888363     8.5655     8.2082     1.8585    87.8555 1.0000e-12  -65.23318  -66.77462 331.177437      99.97 0.0000e+00    338.587       8127  1027.4458  1027.4435    33.9709    33.9682    8.16633         42 0.0000e+00
     32.000     31.683    -0.4615  27.889845    -0.4614  27.888156     8.5254     8.1987     1.7964    87.9676 1.0000e-12  -65.23318  -66.77462 331.177500      99.97 0.0000e+00    343.976       8256  1027.4504  1027.4485    33.9707    33.9684    8.16644         39 0.0000e+00
     33.000     32.675    -0.4645  27.888424    -0.4643  27.886887     8.5241     8.2069     1.9182    87.9673 1.0000e-12  -65.23318  -66.77465 331.177557      99.96 0.0000e+00    348.896       8375  1027.4561  1027.4542    33.9715    33.9693    8.16703         32 0.0000e+00
     34.000     33.663    -0.4667  27.887572    -0.4676  27.885362     8.5416     8.2057     1.7345    87.9924 1.0000e-12  -65.23318  -66.77466 331.177600      99.97 0.0000e+00    352.670       8465  1027.4615  1027.4601    33.9723    33.9703    8.16747         30 0.0000e+00
     35.000     34.655    -0.4682  27.887092    -0.4683  27.885319     8.5094     8.1963     1.8345    88.1315 1.0000e-12  -65.23318  -66.77468 331.177664      99.97 0.0000e+00    358.150       8597  1027.4667  1027.4649    33.9727    33.9705    8.16776         34 0.0000e+00
     36.000     35.643    -0.4724  27.884928    -0.4712  27.884068     8.5049     8.1921     1.7888    88.2452 1.0000e-12  -65.23318  -66.77471 331.177734      99.97 0.0000e+00    364.251       8743  1027.4727  1027.4706    33.9740    33.9714    8.16861         38 0.0000e+00
     37.000     36.633    -0.4736  27.884831    -0.4722  27.883916     8.4964     8.1924     1.8046    88.3513 1.0000e-12  -65.23318  -66.77470 331.177763      99.97 0.0000e+00    366.754       8803  1027.4780  1027.4757    33.9745    33.9717    8.16882         41 0.0000e+00
     38.000     37.624    -0.4747  27.884481    -0.4741  27.883180     8.5145     8.1870     1.8266    88.4500 1.0000e-12  -65.23318  -66.77472 331.177842      99.97 0.0000e+00    373.527       8966  1027.4830  1027.4809    33.9747    33.9722    8.16906         40 0.0000e+00
     39.000     38.614    -0.4743  27.885195    -0.4733  27.884169     8.4804     8.1840     1.8744    88.5001 1.0000e-12  -65.23318  -66.77474 331.177905      99.97 0.0000e+00    378.996       9097  1027.4875  1027.4855    33.9745    33.9721    8.16898         37 0.0000e+00
     40.000     39.603    -0.4738  27.885997    -0.4731  27.884717     8.5067     8.1940     1.7783    88.5625 1.0000e-12  -65.23318  -66.77474 331.177931      99.97 0.0000e+00    381.215       9150  1027.4922  1027.4902    33.9744    33.9720    8.16887         37 0.0000e+00
     41.000     40.591    -0.4742  27.886179    -0.4736  27.884828     8.5074     8.1912     2.0198    88.5030 1.0000e-12  -65.23317  -66.77474 331.178001      99.97 0.0000e+00    387.308       9296  1027.4970  1027.4950    33.9745    33.9720    8.16896         18 0.0000e+00
     42.000     41.583    -0.4740  27.886634    -0.4735  27.885359     8.4839     8.1880     1.9275    88.4897 1.0000e-12  -65.23316  -66.77476 331.178059      99.97 0.0000e+00    392.265       9415  1027.5016  1027.4998    33.9743    33.9720    8.16893         32 0.0000e+00
     43.000     42.574    -0.4739  27.887238    -0.4733  27.885892     8.4829     8.1831     1.9383    88.4719 1.0000e-12  -65.23316  -66.77476 331.178115      99.97 0.0000e+00    397.099       9531  1027.5064  1027.5045    33.9743    33.9720    8.16890         30 0.0000e+00
     44.000     43.562    -0.4751  27.886879    -0.4737  27.886079     8.5175     8.1860     1.7791    88.5384 1.0000e-12  -65.23316  -66.77472 331.178150      99.97 0.0000e+00    400.148       9605  1027.5115  1027.5094    33.9746    33.9721    8.16914         27 0.0000e+00
     45.000     44.552    -0.4763  27.886579    -0.4755  27.885475     8.4687     8.1965     1.6987    88.5479 1.0000e-12  -65.23316  -66.77474 331.178171      99.97 0.0000e+00    401.951       9648  1027.5167  1027.5147    33.9749    33.9725    8.16938         30 0.0000e+00
     46.000     45.544    -0.4812  27.883662    -0.4800  27.882956     8.4494     8.1686     1.7290    88.4763 1.0000e-12  -65.23316  -66.77474 331.178251      99.97 0.0000e+00    408.893       9814  1027.5226  1027.5207    33.9760    33.9736    8.17039         29 0.0000e+00
     47.000     46.532    -0.4856  27.880917    -0.4939  27.873418     8.3841     8.1334     1.9525    88.6084 1.0000e-12  -65.23316  -66.77478 331.178354      99.97 0.0000e+00    417.766      10027  1027.5282  1027.5281    33.9766    33.9758    8.17130         36 0.0000e+00
     48.000     47.523    -0.5169  27.860122    -0.5146  27.860354     8.3108     8.0810     1.7499    88.6647 1.0000e-12  -65.23316  -66.77478 331.178388      99.97 0.0000e+00    420.742      10099  1027.5404  1027.5383    33.9831    33.9808    8.17767         38 0.0000e+00
     49.000     48.513    -0.5480  27.838019    -0.5446  27.838908     8.2691     8.0307     1.6520    88.7952 1.0000e-12  -65.23316  -66.77477 331.178405      99.97 0.0000e+00    422.217      10134  1027.5508  1027.5484    33.9876    33.9850    8.18412         35 0.0000e+00
     50.000     49.503    -0.5732  27.821147    -0.5707  27.821183     8.2412     8.0209     1.6674    89.2611 1.0000e-12  -65.23316  -66.77478 331.178435      99.96 0.0000e+00    424.827      10197  1027.5609  1027.5586    33.9926    33.9899    8.18928         41 0.0000e+00
     51.000     50.493    -0.5801  27.817264    -0.5762  27.818335     8.2065     7.9639     1.4329    90.4295 1.0000e-12  -65.23316  -66.77479 331.178494      99.97 0.0000e+00    429.862      10318  1027.5670  1027.5643    33.9945    33.9915    8.19067         29 0.0000e+00
     52.000     51.483    -0.5982  27.805971    -0.5976  27.804837     8.1822     7.9574     1.1636    90.7492 1.0000e-12  -65.23316  -66.77478 331.178505      99.97 0.0000e+00    430.806      10340  1027.5765  1027.5747    33.9990    33.9968    8.19433         22 0.0000e+00
     53.000     52.473    -0.6026  27.803952    -0.6019  27.803014     8.1775     7.9479     1.0902    91.1760 1.0000e-12  -65.23316  -66.77478 331.178515      99.97 0.0000e+00    431.691      10362  1027.5827  1027.5811    34.0006    33.9986    8.19519         21 0.0000e+00
     54.000     53.463    -0.6053  27.804498    -0.6040  27.803420     8.2046     7.9435     1.1099    91.5435 1.0000e-12  -65.23316  -66.77478 331.178526      99.97 0.0000e+00    432.656      10385  1027.5900  1027.5877    34.0038    34.0009    8.19558         26 0.0000e+00
     55.000     54.452    -0.6050  27.805267    -0.6045  27.804111     8.1756     7.9441     1.2645    91.8727 1.0000e-12  -65.23316  -66.77479 331.178548      99.97 0.0000e+00    434.528      10430  1027.5945  1027.5930    34.0038    34.0018    8.19552         35 0.0000e+00
     56.000     55.443    -0.6062  27.805458    -0.6054  27.804326     8.1861     7.9457     1.1242    92.4168 1.0000e-12  -65.23316  -66.77482 331.178578      99.97 0.0000e+00    437.151      10493  1027.5999  1027.5980    34.0048    34.0025    8.19572         30 0.0000e+00
     57.000     56.433    -0.6025  27.806729    -0.6019  27.805723     8.2006     7.9187     1.1183    92.4380 1.0000e-12  -65.23316  -66.77482 331.178589      99.97 0.0000e+00    438.062      10514  1027.6019  1027.6004    34.0018    33.9998    8.19510         20 0.0000e+00
     58.000     57.422    -0.6026  27.807312    -0.6022  27.806141     8.1410     7.8907     0.9440    92.4876 1.0000e-12  -65.23316  -66.77482 331.178598      99.97 0.0000e+00    438.885      10534  1027.6069  1027.6052    34.0021    34.0000    8.19511         20 0.0000e+00
     59.000     58.413    -0.6083  27.807730    -0.6074  27.806646     8.1034     7.8740     1.0352    92.5849 1.0000e-12  -65.23316  -66.77482 331.178609      99.97 0.0000e+00    439.791      10556  1027.6171  1027.6151    34.0084    34.0059    8.19597         24 0.0000e+00
     60.000     59.402    -0.6123  27.809307    -0.6118  27.808457     8.0943     7.8572     1.1503    92.4808 1.0000e-12  -65.23316  -66.77482 331.178626      99.97 0.0000e+00    441.271      10592  1027.6270  1027.6256    34.0145    34.0128    8.19650         35 0.0000e+00
