NBP2113_155081_ctd/data/dnbp2113_041.cnv
* Sea-Bird SBE 9 Data File:
* FileName = D:\Data\raw\NBP2113_041.hex
* Software Version Seasave V 7.26.7.121
* Temperature SN = 2438
* Conductivity SN = 2067
* Number of Bytes Per Scan = 40
* Number of Voltage Words = 5
* Number of Scans Averaged by the Deck Unit = 1
* NMEA Latitude = 64 50.77 S
* NMEA Longitude = 063 54.70 W
* NMEA UTC (Time) = Dec 10 2021  14:38:32
* NMEA baud rate = 9600
** Ship: RVIB N.B. Palmer
** Cruise: NBP2113 LTER
** Station: 622.029
** Operator: B. Urmston
# nquan = 25
# nvalues = 251                         
# units = specified
# name 0 = prDM: Pressure, Digiquartz [db]
# name 1 = depSM: Depth [salt water, m]
# name 2 = t090C: Temperature [ITS-90, deg C]
# name 3 = c0mS/cm: Conductivity [mS/cm]
# name 4 = t190C: Temperature, 2 [ITS-90, deg C]
# name 5 = c1mS/cm: Conductivity, 2 [mS/cm]
# name 6 = sbeox0ML/L: Oxygen, SBE 43 [ml/l]
# name 7 = sbeox1ML/L: Oxygen, SBE 43, 2 [ml/l]
# name 8 = flECO-AFL: Fluorescence, WET Labs ECO-AFL/FL [mg/m^3]
# name 9 = CStarTr0: Beam Transmission, WET Labs C-Star [%]
# name 10 = par: PAR/Irradiance, Biospherical/Licor
# name 11 = latitude: Latitude [deg]
# name 12 = longitude: Longitude [deg]
# name 13 = timeJ: Julian Days
# name 14 = altM: Altimeter [m]
# name 15 = spar: SPAR, Biospherical/Licor
# name 16 = timeS: Time, Elapsed [seconds]
# name 17 = scan: Scan Count
# name 18 = density00: Density [density, kg/m^3]
# name 19 = density11: Density, 2 [density, kg/m^3]
# name 20 = sal00: Salinity, Practical [PSU]
# name 21 = sal11: Salinity, Practical, 2 [PSU]
# name 22 = oxsolML/L: Oxygen Saturation, Garcia & Gordon [ml/l]
# name 23 = nbin: number of scans per bin
# name 24 = flag: flag
# span 0 =      5.000,    255.000       
# span 1 =      4.952,    252.347       
# span 2 =    -0.3342,     1.1612       
# span 3 =  27.846434,  29.853625       
# span 4 =    -0.3335,     1.1602       
# span 5 =  27.846288,  29.851297       
# span 6 =     4.4808,     8.0790       
# span 7 =     4.5582,     8.1103       
# span 8 =    -0.0099,     1.6655       
# span 9 =    87.6435,    94.6611       
# span 10 = -3.414e-06, 2.7938e+02      
# span 11 =  -64.84634,  -64.84624      
# span 12 =  -63.91180,  -63.91174      
# span 13 = 344.613792, 344.620188      
# span 14 =       7.25,     100.27      
# span 15 = 8.8310e+02, 1.0311e+03      
# span 16 =    319.642,    872.265      
# span 17 =       7672,      20935      
# span 18 =  1027.1587,  1028.9220      
# span 19 =  1027.1566,  1028.9206      
# span 20 =    33.7660,    34.6068      
# span 21 =    33.7641,    34.6050      
# span 22 =    7.79510,    8.14809      
# span 23 =         20,         49      
# span 24 = 0.0000e+00, 0.0000e+00      
# interval = decibars: 1                
# start_time = Dec 10 2021 14:38:32 [NMEA time, header]
# bad_flag = -9.990e-29
*END*
[from data line 232]
    237.000    234.545     1.0006  29.674832     0.9955  29.668253     4.6451     4.7368    -0.0073    94.5631 1.0000e-12  -64.84630  -63.91178 344.619233      26.43 1.0013e+03    789.722      18954  1028.8152  1028.8134    34.5654    34.5626    7.82942         37 0.0000e+00
    238.000    235.532     1.0055  29.681558     0.9987  29.674841     4.6087     4.7073    -0.0099    94.5746 1.0000e-12  -64.84630  -63.91178 344.619280      25.33 1.0025e+03    793.819      19053  1028.8220  1028.8217    34.5681    34.5670    7.82830         37 0.0000e+00
    239.000    236.523     1.0617  29.736112     1.0631  29.736172     4.5177     4.6442    -0.0075    94.5626 1.0000e-12  -64.84630  -63.91178 344.619330      24.47 1.0033e+03    798.119      19156  1028.8273  1028.8258    34.5754    34.5739    7.81665         32 0.0000e+00
    240.000    237.512     1.0930  29.774674     1.0922  29.772522     4.5266     4.6343    -0.0036    94.5726 1.0000e-12  -64.84630  -63.91178 344.619348      23.40 1.0054e+03    799.639      19192  1028.8408  1028.8393    34.5897    34.5879    7.80961         42 0.0000e+00
    241.000    238.503     1.0966  29.778864     1.0935  29.773717     4.5239     4.6188    -0.0036    94.5776 1.0000e-12  -64.84630  -63.91178 344.619404      22.26 1.0075e+03    804.494      19309  1028.8469  1028.8444    34.5906    34.5874    7.80885         25 0.0000e+00
    242.000    239.490     1.1288  29.811777     1.1301  29.811272     4.4948     4.5828    -0.0003    94.5357 1.0000e-12  -64.84630  -63.91176 344.619451      21.33 1.0084e+03    808.579      19407  1028.8537  1028.8518    34.5966    34.5945    7.80210         31 0.0000e+00
    243.000    240.479     1.1407  29.826160     1.1390  29.823174     4.4994     4.5836    -0.0030    94.5617 1.0000e-12  -64.84630  -63.91176 344.619463      20.41 1.0083e+03    809.619      19432  1028.8612  1028.8597    34.6013    34.5993    7.79948         26 0.0000e+00
    244.000    241.467     1.1403  29.826561     1.1398  29.824901     4.5162     4.5907    -0.0046    94.5380 1.0000e-12  -64.84630  -63.91177 344.619476      19.40 1.0085e+03    810.730      19459  1028.8665  1028.8652    34.6016    34.6000    7.79953         29 0.0000e+00
    245.000    242.458     1.1351  29.820913     1.1346  29.819061     4.5176     4.5856    -0.0053    94.5133 1.0000e-12  -64.84630  -63.91178 344.619517      18.20 1.0104e+03    814.292      19544  1028.8705  1028.8690    34.5996    34.5977    7.80068         36 0.0000e+00
    246.000    243.445     1.1370  29.822648     1.1369  29.821510     4.5126     4.5881     0.0047    94.4974 1.0000e-12  -64.84630  -63.91177 344.619584      17.32 1.0112e+03    820.056      19682  1028.8751  1028.8738    34.5991    34.5977    7.80033         29 0.0000e+00
    247.000    244.435     1.1386  29.825518     1.1373  29.823244     4.5115     4.5832     0.0062    94.5033 1.0000e-12  -64.84630  -63.91176 344.619598      16.26 1.0134e+03    821.233      19711  1028.8807  1028.8795    34.6005    34.5989    7.79994         31 0.0000e+00
    248.000    245.426     1.1388  29.826289     1.1386  29.824727     4.5101     4.5793    -0.0078    94.5088 1.0000e-12  -64.84630  -63.91177 344.619615      15.17 1.0150e+03    822.728      19746  1028.8856  1028.8842    34.6006    34.5989    7.79989         37 0.0000e+00
    249.000    246.409     1.1392  29.827007     1.1393  29.826009     4.5143     4.5795     0.0015    94.4964 1.0000e-12  -64.84631  -63.91177 344.619664      13.91 1.0166e+03    826.933      19847  1028.8904  1028.8892    34.6005    34.5991    7.79981         22 0.0000e+00
    250.000    247.401     1.1413  29.829669     1.1413  29.828519     4.5074     4.5758    -0.0064    94.5209 1.0000e-12  -64.84632  -63.91178 344.619724      13.01 1.0182e+03    832.191      19974  1028.8955  1028.8942    34.6011    34.5995    7.79937         34 0.0000e+00
    251.000    248.392     1.1423  29.831332     1.1420  29.829623     4.5138     4.5760    -0.0077    94.5290 1.0000e-12  -64.84632  -63.91177 344.619743      12.07 1.0162e+03    833.797      20012  1028.9004  1028.8990    34.6015    34.5996    7.79915         34 0.0000e+00
    252.000    249.380     1.1418  29.831141     1.1417  29.829887     4.5140     4.5753    -0.0077    94.4951 1.0000e-12  -64.84630  -63.91176 344.619761      11.02 1.0162e+03    835.376      20050  1028.9050  1028.9038    34.6012    34.5997    7.79926         39 0.0000e+00
    253.000    250.371     1.1433  29.833042     1.1419  29.830140     4.5090     4.5777    -0.0037    94.4945 1.0000e-12  -64.84632  -63.91176 344.619791       9.83 1.0196e+03    837.930      20111  1028.9099  1028.9082    34.6014    34.5992    7.79895         30 0.0000e+00
    254.000    251.358     1.1513  29.841776     1.1496  29.839030     4.4808     4.5582    -0.0046    94.5290 1.0000e-12  -64.84632  -63.91176 344.619931       8.66 1.0237e+03    850.007      20401  1028.9152  1028.9141    34.6031    34.6015    7.79726         28 0.0000e+00
    255.000    252.347     1.1612  29.853625     1.1602  29.851297     4.4991     4.5627     0.0016    94.4823 1.0000e-12  -64.84632  -63.91177 344.620188       7.25 1.0311e+03    872.265      20935  1028.9220  1028.9206    34.6068    34.6050    7.79510         29 0.0000e+00
