NBP2113_155081_ctd/data/dnbp2113_049.cnv
* Sea-Bird SBE 9 Data File:
* FileName = D:\Data\raw\NBP2113_049.hex
* Software Version Seasave V 7.26.7.121
* Temperature SN = 2438
* Conductivity SN = 2067
* Number of Bytes Per Scan = 40
* Number of Voltage Words = 5
* Number of Scans Averaged by the Deck Unit = 1
* NMEA Latitude = 64 50.72 S
* NMEA Longitude = 064 06.15 W
* NMEA UTC (Time) = Dec 11 2021  08:50:11
* NMEA baud rate = 9600
** Ship: RVIB N.B. Palmer
** Cruise: NBP2113 LTER
** Station: 617.036
** Operator: B. Urmston
# nquan = 25
# nvalues = 629                         
# units = specified
# name 0 = prDM: Pressure, Digiquartz [db]
# name 1 = depSM: Depth [salt water, m]
# name 2 = t090C: Temperature [ITS-90, deg C]
# name 3 = c0mS/cm: Conductivity [mS/cm]
# name 4 = t190C: Temperature, 2 [ITS-90, deg C]
# name 5 = c1mS/cm: Conductivity, 2 [mS/cm]
# name 6 = sbeox0ML/L: Oxygen, SBE 43 [ml/l]
# name 7 = sbeox1ML/L: Oxygen, SBE 43, 2 [ml/l]
# name 8 = flECO-AFL: Fluorescence, WET Labs ECO-AFL/FL [mg/m^3]
# name 9 = CStarTr0: Beam Transmission, WET Labs C-Star [%]
# name 10 = par: PAR/Irradiance, Biospherical/Licor
# name 11 = latitude: Latitude [deg]
# name 12 = longitude: Longitude [deg]
# name 13 = timeJ: Julian Days
# name 14 = altM: Altimeter [m]
# name 15 = spar: SPAR, Biospherical/Licor
# name 16 = timeS: Time, Elapsed [seconds]
# name 17 = scan: Scan Count
# name 18 = density00: Density [density, kg/m^3]
# name 19 = density11: Density, 2 [density, kg/m^3]
# name 20 = sal00: Salinity, Practical [PSU]
# name 21 = sal11: Salinity, Practical, 2 [PSU]
# name 22 = oxsolML/L: Oxygen Saturation, Garcia & Gordon [ml/l]
# name 23 = nbin: number of scans per bin
# name 24 = flag: flag
# span 0 =      5.000,    633.000       
# span 1 =      4.945,    625.849       
# span 2 =    -0.2465,     1.4170       
# span 3 =  28.059718,  30.279825       
# span 4 =    -0.2471,     1.4158       
# span 5 =  28.057637,  30.277188       
# span 6 =     4.1527,     7.9991       
# span 7 =     4.2004,     7.9845       
# span 8 =    -0.0226,     1.4585       
# span 9 =    86.6742,    91.3490       
# span 10 = -1.261e-06, 1.7366e+01      
# span 11 =  -64.84556,  -64.84524      
# span 12 =  -64.10277,  -64.10222      
# span 13 = 345.371415, 345.382423      
# span 14 =       8.24,     101.20      
# span 15 = 4.9361e+01, 6.8752e+01      
# span 16 =    279.222,   1230.368      
# span 17 =       6702,      29530      
# span 18 =  1027.2621,  1030.7179      
# span 19 =  1027.2590,  1030.7166      
# span 20 =    33.9089,    34.6669      
# span 21 =    33.9057,    34.6655      
# span 22 =    7.74127,    8.12092      
# span 23 =         14,         46      
# span 24 = 0.0000e+00, 0.0000e+00      
# interval = decibars: 1                
# start_time = Dec 11 2021 08:50:11 [NMEA time, header]
# bad_flag = -9.990e-29
*END*
[from data line 58]
     63.000     62.372     0.2600  28.606787     0.2612  28.607361     7.4654     7.5961     0.8149    88.6014 1.1367e-01  -64.84526  -64.10223 345.373286      99.97 5.4649e+01    440.906      10583  1027.6656  1027.6651    34.1000    34.0995    8.00638         32 0.0000e+00
     64.000     63.361     0.2823  28.653546     0.2846  28.653511     7.2864     7.4768     0.7721    88.5837 1.0480e-01  -64.84526  -64.10222 345.373314      99.97 5.4649e+01    443.319      10641  1027.6978  1027.6956    34.1362    34.1336    7.99972         34 0.0000e+00
     65.000     64.354     0.2859  28.668468     0.2856  28.667134     7.2903     7.4315     0.7472    88.9342 9.3940e-02  -64.84526  -64.10222 345.373349      99.97 5.4649e+01    446.334      10713  1027.7146  1027.7135    34.1512    34.1498    7.99813         46 0.0000e+00
     66.000     65.341     0.2845  28.670790     0.2846  28.669479     7.3184     7.4290     0.5141    89.1107 8.4824e-02  -64.84526  -64.10222 345.373379      99.97 5.4649e+01    448.932      10775  1027.7229  1027.7214    34.1553    34.1534    7.99820         39 0.0000e+00
     67.000     66.333     0.2843  28.671172     0.2841  28.669859     7.3699     7.4288     0.5541    89.2487 7.6681e-02  -64.84525  -64.10222 345.373412      99.97 5.4649e+01    451.801      10844  1027.7279  1027.7267    34.1553    34.1538    7.99823         42 0.0000e+00
     68.000     67.322     0.2841  28.671372     0.2841  28.669903     7.3770     7.4301     0.4372    89.2545 6.8517e-02  -64.84524  -64.10222 345.373434      99.97 5.4649e+01    453.724      10890  1027.7326  1027.7310    34.1552    34.1533    7.99828         39 0.0000e+00
     69.000     68.307     0.2837  28.670824     0.2834  28.669644     7.2765     7.3653     0.4764    89.2733 6.2461e-02  -64.84525  -64.10222 345.373472      99.97 5.4649e+01    456.939      10968  1027.7368  1027.7358    34.1544    34.1532    7.99841         34 0.0000e+00
     70.000     69.302     0.2787  28.677125     0.2782  28.676367     7.0417     7.2193     0.4471    89.3215 5.6102e-02  -64.84525  -64.10222 345.373504      99.97 5.4649e+01    459.710      11034  1027.7526  1027.7523    34.1676    34.1671    7.99871         42 0.0000e+00
     71.000     70.292     0.2746  28.686803     0.2748  28.685321     7.0335     7.1742     0.4583    89.4010 4.8903e-02  -64.84524  -64.10222 345.373535      99.96 5.4649e+01    462.428      11099  1027.7711  1027.7693    34.1843    34.1821    7.99863         40 0.0000e+00
     72.000     71.282     0.2749  28.689523     0.2747  28.686952     7.0270     7.1536     0.4307    89.4516 5.0568e-02  -64.84524  -64.10222 345.373570      99.97 5.4649e+01    465.433      11171  1027.7779  1027.7754    34.1869    34.1838    7.99841         44 0.0000e+00
     73.000     72.272     0.2753  28.692904     0.2752  28.690458     7.0730     7.1464     0.3451    89.4904 3.9360e-02  -64.84524  -64.10222 345.373595      99.97 5.4649e+01    467.580      11223  1027.7853  1027.7828    34.1903    34.1872    7.99814         37 0.0000e+00
     74.000     73.259     0.2747  28.693029     0.2749  28.693092     7.0029     7.1008     0.4417    89.5620 3.3749e-02  -64.84524  -64.10222 345.373629      99.97 5.4649e+01    470.586      11295  1027.7902  1027.7902    34.1905    34.1904    7.99825         31 0.0000e+00
     75.000     74.252     0.2751  28.698722     0.2750  28.696911     6.9718     7.0861     0.3266    89.5743 2.9511e-02  -64.84524  -64.10222 345.373658      99.97 5.4649e+01    473.061      11354  1027.8002  1027.7984    34.1970    34.1947    7.99781         42 0.0000e+00
     76.000     75.242     0.2759  28.700359     0.2756  28.698339     7.0055     7.0792     0.3074    89.5666 2.4926e-02  -64.84524  -64.10222 345.373680      99.97 5.4649e+01    474.995      11401  1027.8054  1027.8035    34.1976    34.1954    7.99760         28 0.0000e+00
     77.000     76.233     0.2792  28.704414     0.2787  28.702314     7.0218     7.0754     0.3581    89.5770 2.1116e-02  -64.84524  -64.10222 345.373727      99.97 5.4649e+01    479.003      11497  1027.8109  1027.8090    34.1987    34.1965    7.99687         39 0.0000e+00
     78.000     77.221     0.2821  28.708139     0.2808  28.705322     7.0139     7.0741     0.3172    89.5678 1.6100e-02  -64.84524  -64.10222 345.373756      99.97 5.4649e+01    481.512      11557  1027.8162  1027.8145    34.1998    34.1975    7.99621         44 0.0000e+00
     79.000     78.212     0.2828  28.709335     0.2819  28.706873     7.0022     7.0795     0.3229    89.5979 1.3064e-02  -64.84524  -64.10222 345.373789      99.97 5.4771e+01    484.348      11625  1027.8210  1027.8193    34.1999    34.1977    7.99604         42 0.0000e+00
     80.000     79.201     0.2850  28.711596     0.2847  28.709842     6.9939     7.0696     0.2754    89.5592 1.0602e-02  -64.84524  -64.10222 345.373814      99.97 5.5393e+01    486.544      11678  1027.8256  1027.8240    34.1999    34.1979    7.99559         41 0.0000e+00
     81.000     80.192     0.2883  28.716486     0.2873  28.713580     6.9978     7.0670     0.2992    89.5916 7.6662e-03  -64.84524  -64.10222 345.373833      99.97 5.6379e+01    488.173      11717  1027.8318  1027.8297    34.2020    34.1994    7.99478         42 0.0000e+00
     82.000     81.182     0.2916  28.721594     0.2926  28.721526     6.9895     7.0589     0.3794    89.5981 3.5084e-03  -64.84524  -64.10223 345.373880      99.97 5.6412e+01    492.255      11815  1027.8384  1027.8373    34.2045    34.2033    7.99396         29 0.0000e+00
     83.000     82.171     0.2933  28.724976     0.2931  28.723443     6.9368     7.0201     0.2983    89.5900 1.2638e-04  -64.84524  -64.10222 345.373925      99.97 5.6412e+01    496.098      11907  1027.8446  1027.8433    34.2065    34.2047    7.99351         41 0.0000e+00
     84.000     83.160     0.2924  28.726763     0.2920  28.725246     6.8715     6.9781     0.2403    89.5998 -1.261e-06  -64.84524  -64.10222 345.373942      99.97 5.6412e+01    497.594      11943  1027.8516  1027.8505    34.2092    34.2077    7.99353         33 0.0000e+00
     85.000     84.149     0.2877  28.727687     0.2876  28.725494     6.8495     6.9553     0.2710    89.5610 1.0000e-12  -64.84524  -64.10222 345.373959      99.97 5.6412e+01    499.075      11979  1027.8615  1027.8594    34.2150    34.2123    7.99418         39 0.0000e+00
     86.000     85.148     0.2891  28.733920     0.2889  28.734020     6.7556     6.8805     0.2780    89.6251 1.0000e-12  -64.84524  -64.10224 345.374006      99.97 5.6412e+01    503.146      12077  1027.8710  1027.8713    34.2211    34.2214    7.99356         25 0.0000e+00
     87.000     86.127     0.2946  28.748629     0.2940  28.746462     6.6833     6.8201     0.2342    89.6791 1.0000e-12  -64.84524  -64.10224 345.374039      99.97 5.6412e+01    506.000      12145  1027.8856  1027.8838    34.2337    34.2315    7.99172         34 0.0000e+00
     88.000     87.119     0.2908  28.748925     0.2904  28.746920     6.7226     6.8044     0.2263    89.6990 1.0000e-12  -64.84524  -64.10224 345.374068      99.97 5.6412e+01    508.458      12204  1027.8938  1027.8921    34.2377    34.2355    7.99227         32 0.0000e+00
     89.000     88.108     0.2896  28.749389     0.2886  28.746891     6.7175     6.7983     0.2438    89.7539 1.0000e-12  -64.84524  -64.10222 345.374105      99.97 5.6412e+01    511.691      12282  1027.8997  1027.8981    34.2391    34.2369    7.99245         25 0.0000e+00
     90.000     89.099     0.2826  28.744650     0.2839  28.744223     6.6843     6.7882     0.1998    89.7914 1.0000e-12  -64.84524  -64.10222 345.374129      99.97 5.6412e+01    513.789      12332  1027.9059  1027.9042    34.2400    34.2381    7.99385         40 0.0000e+00
     91.000     90.089     0.2745  28.739193     0.2750  28.738119     6.6823     6.7829     0.1964    89.8159 1.0000e-12  -64.84524  -64.10222 345.374147      99.97 5.6412e+01    515.296      12368  1027.9123  1027.9107    34.2413    34.2393    7.99546         34 0.0000e+00
     92.000     91.080     0.2704  28.736168     0.2734  28.736761     6.6942     6.7606     0.2098    89.8594 1.0000e-12  -64.84524  -64.10224 345.374199      99.96 5.6412e+01    519.812      12476  1027.9172  1027.9149    34.2412    34.2387    7.99631         33 0.0000e+00
     93.000     92.068     0.2608  28.729028     0.2614  28.728279     6.6809     6.7506     0.1752    89.8767 1.0000e-12  -64.84524  -64.10223 345.374232      99.97 5.6412e+01    522.666      12545  1027.9233  1027.9219    34.2420    34.2403    7.99827         33 0.0000e+00
     94.000     93.058     0.2532  28.723580     0.2544  28.722617     6.6735     6.7453     0.1852    89.8766 1.0000e-12  -64.84524  -64.10223 345.374250      99.97 5.6412e+01    524.167      12581  1027.9292  1027.9270    34.2427    34.2401    7.99982         40 0.0000e+00
     95.000     94.049     0.2501  28.721974     0.2499  28.719884     6.6492     6.7297     0.2100    89.8658 1.0000e-12  -64.84524  -64.10223 345.374282      99.97 5.6412e+01    526.950      12648  1027.9346  1027.9327    34.2434    34.2409    8.00041         27 0.0000e+00
     96.000     95.039     0.2257  28.706880     0.2275  28.706686     6.5481     6.6622     0.1875    89.9090 1.0000e-12  -64.84524  -64.10224 345.374322      99.97 5.6412e+01    530.425      12731  1027.9465  1027.9445    34.2501    34.2478    8.00511         36 0.0000e+00
     97.000     96.026     0.2098  28.696846     0.2097  28.695092     6.5536     6.6399     0.1591    89.9414 1.0000e-12  -64.84524  -64.10224 345.374350      99.97 5.6412e+01    532.848      12789  1027.9554  1027.9537    34.2540    34.2519    8.00820         37 0.0000e+00
     98.000     97.019     0.2029  28.693268     0.2029  28.691802     6.5476     6.6180     0.1910    89.9745 1.0000e-12  -64.84524  -64.10224 345.374387      99.97 5.6412e+01    536.014      12865  1027.9623  1027.9608    34.2564    34.2545    8.00950         38 0.0000e+00
     99.000     98.006     0.1972  28.690228     0.1975  28.688783     6.5012     6.5962     0.1267    90.0396 1.0000e-12  -64.84524  -64.10224 345.374414      99.97 5.6412e+01    538.336      12921  1027.9687  1027.9670    34.2582    34.2560    8.01060         37 0.0000e+00
    100.000     98.996     0.1817  28.681183     0.1856  28.682028     6.4631     6.5705     0.1331    90.0789 1.0000e-12  -64.84524  -64.10224 345.374436      99.97 5.6412e+01    540.236      12967  1027.9784  1027.9756    34.2629    34.2598    8.01355         40 0.0000e+00
    101.000     99.987     0.1727  28.676355     0.1707  28.674338     6.4758     6.5540     0.1499    90.0604 1.0000e-12  -64.84524  -64.10224 345.374471      99.97 5.6412e+01    543.282      13040  1027.9860  1027.9860    34.2660    34.2657    8.01526         29 0.0000e+00
    102.000    100.977     0.1768  28.683539     0.1747  28.681057     6.4250     6.5076     0.1321    90.1322 1.0000e-12  -64.84524  -64.10224 345.374520      99.97 5.6412e+01    547.507      13141  1027.9937  1027.9931    34.2703    34.2694    8.01417         39 0.0000e+00
    103.000    101.967     0.1919  28.700171     0.1899  28.697007     6.3580     6.4652     0.0990    90.1806 1.0000e-12  -64.84524  -64.10224 345.374543      99.97 5.6412e+01    549.533      13190  1028.0007  1027.9992    34.2749    34.2728    8.01078         39 0.0000e+00
    104.000    102.956     0.2189  28.728904     0.2166  28.724806     6.2823     6.4092     0.1059    90.1961 1.0000e-12  -64.84524  -64.10224 345.374564      99.97 5.6412e+01    551.368      13234  1028.0089  1028.0068    34.2819    34.2791    8.00475         42 0.0000e+00
    105.000    103.946     0.2507  28.763707     0.2493  28.760639     6.2285     6.3498     0.0962    90.1587 1.0000e-12  -64.84524  -64.10224 345.374583      99.97 5.6412e+01    552.936      13271  1028.0190  1028.0171    34.2916    34.2891    7.99759         33 0.0000e+00
    106.000    104.935     0.2806  28.796504     0.2846  28.799210     6.1559     6.3004     0.0969    90.1894 1.0000e-12  -64.84524  -64.10224 345.374598      99.97 5.6412e+01    554.309      13304  1028.0290  1028.0278    34.3009    34.3000    7.99087         32 0.0000e+00
    107.000    105.926     0.3229  28.843465     0.3214  28.840558     6.1284     6.2603     0.1105    90.2108 1.0000e-12  -64.84524  -64.10225 345.374620      99.97 5.6412e+01    556.141      13348  1028.0419  1028.0402    34.3148    34.3127    7.98132         31 0.0000e+00
    108.000    106.914     0.3435  28.867514     0.3430  28.865081     6.1217     6.2292     0.1179    90.2251 1.0000e-12  -64.84524  -64.10227 345.374649      99.97 5.6412e+01    558.665      13409  1028.0522  1028.0501    34.3228    34.3202    7.97661         37 0.0000e+00
    109.000    107.903     0.3491  28.874291     0.3511  28.875315     6.0922     6.1893     0.0990    90.2077 1.0000e-12  -64.84524  -64.10225 345.374670      99.97 5.6412e+01    560.513      13453  1028.0586  1028.0576    34.3249    34.3239    7.97534         34 0.0000e+00
    110.000    108.894     0.3618  28.887741     0.3612  28.886069     6.0401     6.1504     0.0799    90.2086 1.0000e-12  -64.84525  -64.10224 345.374684      99.97 5.6412e+01    561.689      13482  1028.0648  1028.0636    34.3277    34.3262    7.97255         25 0.0000e+00
    111.000    109.885     0.3781  28.906652     0.3754  28.902693     6.0204     6.1389     0.0867    90.2107 1.0000e-12  -64.84526  -64.10224 345.374694      99.97 5.6412e+01    562.598      13503  1028.0732  1028.0717    34.3337    34.3316    7.96884         20 0.0000e+00
    112.000    110.872     0.3963  28.928212     0.3958  28.926322     6.0206     6.1298     0.0833    90.2333 1.0000e-12  -64.84526  -64.10224 345.374704      99.97 5.6412e+01    563.402      13523  1028.0826  1028.0810    34.3412    34.3391    7.96468         19 0.0000e+00
    113.000    111.863     0.3998  28.933221     0.3998  28.932116     6.0271     6.1207     0.0802    90.2651 1.0000e-12  -64.84526  -64.10224 345.374713      99.97 5.6412e+01    564.188      13542  1028.0890  1028.0878    34.3432    34.3418    7.96383         18 0.0000e+00
    114.000    112.853     0.3992  28.933153     0.3980  28.930540     6.0175     6.1187     0.0802    90.2548 1.0000e-12  -64.84526  -64.10224 345.374722      99.97 5.6412e+01    565.002      13561  1028.0940  1028.0924    34.3431    34.3411    7.96396         21 0.0000e+00
    115.000    113.843     0.4030  28.937922     0.4021  28.935585     6.0181     6.1225     0.0802    90.2725 1.0000e-12  -64.84526  -64.10224 345.374733      99.97 5.6412e+01    565.915      13583  1028.0997  1028.0982    34.3446    34.3426    7.96309         24 0.0000e+00
    116.000    114.832     0.4046  28.940210     0.4042  28.938320     6.0418     6.1325     0.0810    90.2670 1.0000e-12  -64.84526  -64.10226 345.374747      99.97 5.6460e+01    567.099      13611  1028.1051  1028.1035    34.3452    34.3432    7.96273         35 0.0000e+00
    117.000    115.821     0.4016  28.936622     0.4016  28.935527     6.0472     6.1244     0.0804    90.2774 1.0000e-12  -64.84526  -64.10227 345.374781      99.96 5.7347e+01    570.109      13684  1028.1092  1028.1079    34.3432    34.3418    7.96346         33 0.0000e+00
    118.000    116.811     0.3984  28.933500     0.3975  28.931164     5.9941     6.0883     0.0779    90.2653 1.0000e-12  -64.84526  -64.10226 345.374808      99.97 5.6566e+01    572.449      13740  1028.1134  1028.1119    34.3421    34.3400    7.96418         27 0.0000e+00
    119.000    117.801     0.4174  28.952910     0.4135  28.946678     5.9511     6.0514     0.0687    90.2536 1.0000e-12  -64.84526  -64.10224 345.374819      99.97 5.6405e+01    573.324      13761  1028.1196  1028.1169    34.3458    34.3420    7.96007         19 0.0000e+00
