NBP2113_155081_ctd/data/dnbp2113_033.cnv
* Sea-Bird SBE 9 Data File:
* FileName = D:\Data\raw\NBP2113_033.hex
* Software Version Seasave V 7.26.7.121
* Temperature SN = 2438
* Conductivity SN = 2067
* Number of Bytes Per Scan = 40
* Number of Voltage Words = 5
* Number of Scans Averaged by the Deck Unit = 1
* NMEA Latitude = 64 55.99 S
* NMEA Longitude = 064 24.01 W
* NMEA UTC (Time) = Dec 08 2021  19:08:34
* NMEA baud rate = 9600
** Ship: RVIB N.B. Palmer
** Cruise: NBP2113 LTER
** Station: 600.040
** Operator: S. Blackman
# nquan = 25
# nvalues = 351                         
# units = specified
# name 0 = prDM: Pressure, Digiquartz [db]
# name 1 = depSM: Depth [salt water, m]
# name 2 = t090C: Temperature [ITS-90, deg C]
# name 3 = c0mS/cm: Conductivity [mS/cm]
# name 4 = t190C: Temperature, 2 [ITS-90, deg C]
# name 5 = c1mS/cm: Conductivity, 2 [mS/cm]
# name 6 = sbeox0ML/L: Oxygen, SBE 43 [ml/l]
# name 7 = sbeox1ML/L: Oxygen, SBE 43, 2 [ml/l]
# name 8 = flECO-AFL: Fluorescence, WET Labs ECO-AFL/FL [mg/m^3]
# name 9 = CStarTr0: Beam Transmission, WET Labs C-Star [%]
# name 10 = par: PAR/Irradiance, Biospherical/Licor
# name 11 = latitude: Latitude [deg]
# name 12 = longitude: Longitude [deg]
# name 13 = timeJ: Julian Days
# name 14 = altM: Altimeter [m]
# name 15 = spar: SPAR, Biospherical/Licor
# name 16 = timeS: Time, Elapsed [seconds]
# name 17 = scan: Scan Count
# name 18 = density00: Density [density, kg/m^3]
# name 19 = density11: Density, 2 [density, kg/m^3]
# name 20 = sal00: Salinity, Practical [PSU]
# name 21 = sal11: Salinity, Practical, 2 [PSU]
# name 22 = oxsolML/L: Oxygen Saturation, Garcia & Gordon [ml/l]
# name 23 = nbin: number of scans per bin
# name 24 = flag: flag
# span 0 =      5.000,    355.000       
# span 1 =      4.927,    351.224       
# span 2 =    -1.0197,     1.2759       
# span 3 =  27.106292,  30.020472       
# span 4 =    -1.0190,     1.2751       
# span 5 =  27.104803,  30.018604       
# span 6 =     4.3056,     8.0738       
# span 7 =     4.3539,     8.0913       
# span 8 =    -0.0219,     1.5255       
# span 9 =    87.1689,    96.0453       
# span 10 = 1.0000e-12, 1.3988e+02      
# span 11 =  -64.93332,  -64.93311      
# span 12 =  -64.40008,  -64.39936      
# span 13 = 342.801396, 342.808662      
# span 14 =      99.96,      99.98      
# span 15 = 3.4905e+02, 4.2663e+02      
# span 16 =    326.606,    954.445      
# span 17 =       7840,      22908      
# span 18 =  1027.0126,  1029.4065      
# span 19 =  1027.0108,  1029.4053      
# span 20 =    33.5516,    34.6355      
# span 21 =    33.5488,    34.6340      
# span 22 =    7.77078,    8.31278      
# span 23 =          9,         46      
# span 24 = 0.0000e+00, 0.0000e+00      
# interval = decibars: 1                
# start_time = Dec 08 2021 19:08:34 [NMEA time, header]
# bad_flag = -9.990e-29
*END*
[from data line 232]
    237.000    234.543     0.9540  29.628321     0.9537  29.627352     4.7148     4.7588    -0.0135    95.7619 1.0000e-12  -64.93322  -64.39975 342.806632      99.98 3.7726e+02    778.981      18697  1028.8126  1028.8118    34.5572    34.5562    7.83922         24 0.0000e+00
    238.000    235.531     0.9551  29.630085     0.9554  29.629443     4.7262     4.7609    -0.0074    95.7748 1.0000e-12  -64.93322  -64.39974 342.806643      99.98 3.7726e+02    779.957      18720  1028.8175  1028.8166    34.5576    34.5565    7.83896         23 0.0000e+00
    239.000    236.522     0.9568  29.632533     0.9559  29.630387     4.7219     4.7647    -0.0004    95.7554 1.0000e-12  -64.93322  -64.39974 342.806654      99.98 3.7726e+02    780.879      18742  1028.8226  1028.8214    34.5583    34.5566    7.83858         21 0.0000e+00
    240.000    237.510     0.9560  29.632000     0.9555  29.630423     4.7196     4.7613     0.0058    95.7799 1.0000e-12  -64.93322  -64.39974 342.806664      99.97 3.7751e+02    781.747      18763  1028.8272  1028.8261    34.5579    34.5564    7.83877         21 0.0000e+00
    241.000    238.499     0.9561  29.632417     0.9560  29.631495     4.7109     4.7651    -0.0021    95.7772 1.0000e-12  -64.93322  -64.39974 342.806674      99.97 3.7883e+02    782.641      18784  1028.8319  1028.8310    34.5578    34.5567    7.83876         23 0.0000e+00
    242.000    239.489     0.9567  29.633677     0.9566  29.632398     4.7128     4.7611    -0.0041    95.7566 1.0000e-12  -64.93322  -64.39975 342.806692      99.97 3.7903e+02    784.170      18821  1028.8369  1028.8356    34.5581    34.5566    7.83862         32 0.0000e+00
    243.000    240.477     0.9571  29.634317     0.9575  29.633907     4.6936     4.7395    -0.0046    95.7846 1.0000e-12  -64.93322  -64.39973 342.806726      99.97 3.7715e+02    787.133      18892  1028.8415  1028.8407    34.5580    34.5570    7.83855         30 0.0000e+00
    244.000    241.465     0.9631  29.640827     0.9625  29.639837     4.6730     4.7308    -0.0003    95.7709 1.0000e-12  -64.93322  -64.39972 342.806735      99.97 3.7544e+02    787.884      18910  1028.8465  1028.8461    34.5591    34.5585    7.83729         18 0.0000e+00
    245.000    242.456     0.9678  29.646109     0.9673  29.645446     4.6637     4.7281    -0.0004    95.7691 1.0000e-12  -64.93322  -64.39972 342.806742      99.97 3.7549e+02    788.551      18926  1028.8516  1028.8515    34.5600    34.5598    7.83628         15 0.0000e+00
    246.000    243.442     0.9716  29.650659     0.9718  29.650701     4.6675     4.7272    -0.0045    95.7635 1.0000e-12  -64.93322  -64.39972 342.806749      99.98 3.7549e+02    789.141      18940  1028.8568  1028.8567    34.5611    34.5610    7.83546         14 0.0000e+00
    247.000    244.438     0.9794  29.659204     0.9799  29.659597     4.6657     4.7255    -0.0076    95.7724 1.0000e-12  -64.93322  -64.39972 342.806756      99.98 3.7723e+02    789.719      18954  1028.8622  1028.8622    34.5629    34.5629    7.83380         14 0.0000e+00
    248.000    245.422     0.9811  29.662234     0.9807  29.660850     4.6631     4.7226     0.0030    95.7726 1.0000e-12  -64.93322  -64.39972 342.806764      99.97 3.7726e+02    790.390      18970  1028.8680  1028.8670    34.5644    34.5631    7.83339         19 0.0000e+00
    249.000    246.413     0.9775  29.658902     0.9795  29.659950     4.6584     4.7072     0.0016    95.7938 1.0000e-12  -64.93322  -64.39972 342.806792      99.97 3.7670e+02    792.854      19029  1028.8725  1028.8716    34.5635    34.5626    7.83416         34 0.0000e+00
    250.000    247.400     0.9840  29.665224     0.9853  29.666946     4.5955     4.6645    -0.0027    95.7985 1.0000e-12  -64.93322  -64.39972 342.806823      99.97 3.7547e+02    795.527      19094  1028.8770  1028.8775    34.5638    34.5646    7.83283         26 0.0000e+00
    251.000    248.391     0.9957  29.678352     0.9961  29.678617     4.5544     4.6375    -0.0089    95.8072 1.0000e-12  -64.93322  -64.39970 342.806834      99.97 3.7446e+02    796.481      19117  1028.8833  1028.8832    34.5672    34.5670    7.83030         21 0.0000e+00
    252.000    249.378     1.0206  29.703334     1.0201  29.704873     4.5487     4.6294    -0.0151    95.8244 1.0000e-12  -64.93322  -64.39968 342.806844      99.98 3.7372e+02    797.305      19136  1028.8888  1028.8909    34.5712    34.5737    7.82510         19 0.0000e+00
    253.000    250.366     1.0315  29.717484     1.0304  29.715620     4.5531     4.6297    -0.0045    95.8330 1.0000e-12  -64.93322  -64.39968 342.806852      99.97 3.7373e+02    798.025      19154  1028.8971  1028.8961    34.5768    34.5755    7.82262         17 0.0000e+00
    254.000    251.357     1.0318  29.718262     1.0314  29.717178     4.5591     4.6295    -0.0027    95.8511 1.0000e-12  -64.93322  -64.39969 342.806860      99.98 3.7373e+02    798.715      19170  1028.9019  1028.9012    34.5768    34.5758    7.82255         16 0.0000e+00
    255.000    252.348     1.0331  29.720137     1.0324  29.718579     4.5680     4.6305    -0.0149    95.8499 1.0000e-12  -64.93322  -64.39970 342.806869      99.97 3.7437e+02    799.450      19188  1028.9069  1028.9061    34.5772    34.5760    7.82226         19 0.0000e+00
    256.000    253.334     1.0340  29.721723     1.0342  29.720921     4.5731     4.6321    -0.0033    95.8585 1.0000e-12  -64.93322  -64.39970 342.806880      99.97 3.7384e+02    800.448      19212  1028.9120  1028.9111    34.5776    34.5764    7.82205         31 0.0000e+00
    257.000    254.326     1.0332  29.721130     1.0326  29.719675     4.5745     4.6208    -0.0055    95.8984 1.0000e-12  -64.93322  -64.39969 342.806915      99.97 3.7318e+02    803.417      19283  1028.9168  1028.9159    34.5772    34.5760    7.82224         28 0.0000e+00
    258.000    255.312     1.0388  29.727094     1.0384  29.726109     4.5647     4.6073    -0.0148    95.8923 1.0000e-12  -64.93322  -64.39968 342.806935      99.97 3.7195e+02    805.147      19325  1028.9219  1028.9212    34.5781    34.5773    7.82108         23 0.0000e+00
    259.000    256.301     1.0419  29.730560     1.0414  29.729702     4.5561     4.6009    -0.0074    95.8860 1.0000e-12  -64.93322  -64.39966 342.806944      99.97 3.7197e+02    805.990      19345  1028.9267  1028.9263    34.5786    34.5779    7.82044         17 0.0000e+00
    260.000    257.289     1.0451  29.734191     1.0444  29.733312     4.5587     4.6014    -0.0041    95.9040 1.0000e-12  -64.93322  -64.39966 342.806952      99.97 3.7197e+02    806.660      19361  1028.9316  1028.9314    34.5790    34.5787    7.81976         15 0.0000e+00
    261.000    258.279     1.0474  29.737272     1.0470  29.736105     4.5587     4.6057    -0.0003    95.9031 1.0000e-12  -64.93322  -64.39966 342.806959      99.98 3.7197e+02    807.262      19375  1028.9367  1028.9360    34.5798    34.5789    7.81925         15 0.0000e+00
    262.000    259.270     1.0473  29.737859     1.0467  29.736285     4.5564     4.6098    -0.0109    95.9065 1.0000e-12  -64.93322  -64.39967 342.806966      99.97 3.7197e+02    807.862      19390  1028.9418  1028.9408    34.5802    34.5789    7.81926         15 0.0000e+00
    263.000    260.259     1.0478  29.738849     1.0474  29.737463     4.5557     4.6121    -0.0123    95.9042 1.0000e-12  -64.93322  -64.39968 342.806974      99.98 3.7197e+02    808.557      19406  1028.9466  1028.9455    34.5803    34.5790    7.81916         19 0.0000e+00
    264.000    261.245     1.0463  29.737579     1.0469  29.737435     4.5620     4.6080    -0.0081    95.9188 1.0000e-12  -64.93322  -64.39967 342.807005      99.97 3.7119e+02    811.206      19470  1028.9512  1028.9504    34.5798    34.5789    7.81949         29 0.0000e+00
    265.000    262.235     1.0474  29.738939     1.0469  29.737801     4.5596     4.6049    -0.0033    95.9204 1.0000e-12  -64.93322  -64.39966 342.807032      99.97 3.7017e+02    813.544      19526  1028.9559  1028.9552    34.5797    34.5788    7.81927         19 0.0000e+00
    266.000    263.223     1.0474  29.739721     1.0472  29.738632     4.5669     4.6076    -0.0030    95.9013 1.0000e-12  -64.93322  -64.39966 342.807039      99.98 3.7021e+02    814.211      19542  1028.9609  1028.9600    34.5800    34.5790    7.81924         17 0.0000e+00
    267.000    264.214     1.0481  29.740678     1.0475  29.739337     4.5720     4.6089    -0.0076    95.9014 1.0000e-12  -64.93322  -64.39965 342.807047      99.97 3.7021e+02    814.858      19558  1028.9655  1028.9648    34.5800    34.5790    7.81911         15 0.0000e+00
    268.000    265.203     1.0489  29.742004     1.0486  29.741010     4.5657     4.6081    -0.0077    95.9155 1.0000e-12  -64.93322  -64.39964 342.807054      99.97 3.7021e+02    815.503      19573  1028.9703  1028.9696    34.5802    34.5793    7.81893         16 0.0000e+00
    269.000    266.191     1.0497  29.743424     1.0494  29.742246     4.5602     4.6070    -0.0077    95.9087 1.0000e-12  -64.93322  -64.39966 342.807063      99.97 3.7021e+02    816.280      19592  1028.9753  1028.9743    34.5805    34.5794    7.81875         22 0.0000e+00
    270.000    267.181     1.0500  29.744198     1.0500  29.743264     4.5620     4.6035    -0.0077    95.9019 1.0000e-12  -64.93322  -64.39966 342.807083      99.98 3.7021e+02    817.992      19633  1028.9801  1028.9791    34.5806    34.5795    7.81869         35 0.0000e+00
    271.000    268.168     1.0497  29.744119     1.0495  29.743223     4.5667     4.6023    -0.0017    95.9276 1.0000e-12  -64.93320  -64.39966 342.807111      99.97 3.7021e+02    820.383      19690  1028.9846  1028.9838    34.5803    34.5794    7.81877         30 0.0000e+00
    272.000    269.158     1.0514  29.746411     1.0509  29.745243     4.5561     4.6048    -0.0080    95.9333 1.0000e-12  -64.93320  -64.39964 342.807124      99.98 3.7014e+02    821.509      19717  1028.9895  1028.9888    34.5808    34.5798    7.81841         25 0.0000e+00
    273.000    270.146     1.0509  29.746499     1.0503  29.744988     4.5583     4.6031    -0.0077    95.9271 1.0000e-12  -64.93320  -64.39964 342.807135      99.97 3.6861e+02    822.458      19740  1028.9943  1028.9934    34.5808    34.5795    7.81850         21 0.0000e+00
    274.000    271.135     1.0508  29.746660     1.0499  29.745062     4.5585     4.5944    -0.0077    95.9052 1.0000e-12  -64.93322  -64.39962 342.807145      99.97 3.6844e+02    823.326      19761  1028.9989  1028.9981    34.5806    34.5795    7.81853         21 0.0000e+00
    275.000    272.126     1.0522  29.748579     1.0521  29.747928     4.5586     4.5905    -0.0039    95.9220 1.0000e-12  -64.93322  -64.39962 342.807155      99.97 3.6687e+02    824.196      19782  1029.0037  1029.0032    34.5809    34.5802    7.81824         21 0.0000e+00
    276.000    273.113     1.0532  29.750061     1.0530  29.749267     4.5630     4.5926    -0.0004    95.9270 1.0000e-12  -64.93322  -64.39962 342.807166      99.97 3.6668e+02    825.133      19804  1029.0086  1029.0079    34.5812    34.5804    7.81803         24 0.0000e+00
    277.000    274.101     1.0546  29.751952     1.0543  29.750947     4.5508     4.5961    -0.0033    95.9271 1.0000e-12  -64.93322  -64.39962 342.807179      99.97 3.6745e+02    826.222      19830  1029.0134  1029.0127    34.5814    34.5805    7.81773         29 0.0000e+00
    278.000    275.092     1.0581  29.756087     1.0549  29.751983     4.5427     4.5944    -0.0121    95.9271 1.0000e-12  -64.93321  -64.39963 342.807195      99.97 3.6841e+02    827.638      19864  1029.0184  1029.0174    34.5823    34.5806    7.81698         40 0.0000e+00
    279.000    276.079     1.0615  29.760123     1.0603  29.758134     4.5406     4.5805    -0.0081    95.9209 1.0000e-12  -64.93320  -64.39962 342.807219      99.98 3.6844e+02    829.705      19914  1029.0236  1029.0227    34.5832    34.5820    7.81627         46 0.0000e+00
    280.000    277.068     1.0663  29.765605     1.0664  29.765148     4.5389     4.5749    -0.0137    95.8855 1.0000e-12  -64.93320  -64.39962 342.807239      99.98 3.6844e+02    831.464      19956  1029.0287  1029.0282    34.5843    34.5836    7.81524         31 0.0000e+00
    281.000    278.060     1.0694  29.769555     1.0684  29.767768     4.5246     4.5676    -0.0077    95.9129 1.0000e-12  -64.93320  -64.39962 342.807251      99.98 3.6844e+02    832.478      19980  1029.0340  1029.0331    34.5853    34.5841    7.81456         20 0.0000e+00
    282.000    279.045     1.0704  29.770330     1.0709  29.771242     4.5124     4.5637    -0.0008    95.9192 1.0000e-12  -64.93320  -64.39960 342.807260      99.98 3.6844e+02    833.240      19999  1029.0382  1029.0385    34.5847    34.5852    7.81440         16 0.0000e+00
    283.000    280.035     1.0854  29.787021     1.0859  29.787188     4.5108     4.5651    -0.0027    95.9223 1.0000e-12  -64.93320  -64.39960 342.807267      99.98 3.6844e+02    833.899      20015  1029.0446  1029.0445    34.5889    34.5886    7.81117         16 0.0000e+00
    284.000    281.023     1.0829  29.785402     1.0833  29.784883     4.5095     4.5618    -0.0075    95.9270 1.0000e-12  -64.93320  -64.39960 342.807274      99.98 3.6844e+02    834.521      20029  1029.0499  1029.0489    34.5890    34.5879    7.81166         15 0.0000e+00
    285.000    282.014     1.0839  29.786885     1.0821  29.784319     4.5110     4.5634    -0.0077    95.9301 1.0000e-12  -64.93320  -64.39960 342.807282      99.97 3.6844e+02    835.191      20046  1029.0547  1029.0538    34.5892    34.5879    7.81145         17 0.0000e+00
    286.000    283.002     1.0843  29.788528     1.0867  29.789394     4.5165     4.5699    -0.0112    95.9239 1.0000e-12  -64.93320  -64.39961 342.807294      99.97 3.6844e+02    836.213      20070  1029.0603  1029.0588    34.5904    34.5888    7.81132         34 0.0000e+00
    287.000    283.990     1.0836  29.787460     1.0842  29.787190     4.5218     4.5655    -0.0074    95.9132 1.0000e-12  -64.93320  -64.39958 342.807338      99.97 3.6765e+02    840.025      20162  1029.0643  1029.0634    34.5891    34.5881    7.81152         31 0.0000e+00
    288.000    284.980     1.0831  29.787280     1.0827  29.786074     4.5227     4.5657    -0.0077    95.9286 1.0000e-12  -64.93320  -64.39958 342.807350      99.97 3.6751e+02    841.067      20187  1029.0689  1029.0681    34.5888    34.5878    7.81163         21 0.0000e+00
    289.000    285.967     1.0827  29.787475     1.0822  29.785897     4.5185     4.5665    -0.0077    95.9185 1.0000e-12  -64.93320  -64.39958 342.807360      99.98 3.6697e+02    841.855      20206  1029.0738  1029.0727    34.5890    34.5875    7.81171         18 0.0000e+00
    290.000    286.958     1.0820  29.787008     1.0820  29.785975     4.5175     4.5604    -0.0041    95.9271 1.0000e-12  -64.93320  -64.39958 342.807368      99.98 3.6668e+02    842.603      20223  1029.0782  1029.0772    34.5885    34.5873    7.81186         18 0.0000e+00
    291.000    287.946     1.0822  29.787459     1.0815  29.786039     4.5111     4.5564     0.0075    95.9271 1.0000e-12  -64.93320  -64.39958 342.807377      99.97 3.6668e+02    843.363      20242  1029.0828  1029.0820    34.5884    34.5873    7.81185         19 0.0000e+00
    292.000    288.936     1.0893  29.795098     1.0877  29.793467     4.5030     4.5535    -0.0059    95.9271 1.0000e-12  -64.93320  -64.39958 342.807387      99.97 3.6645e+02    844.235      20263  1029.0879  1029.0878    34.5897    34.5894    7.81035         23 0.0000e+00
    293.000    289.923     1.0944  29.801372     1.0937  29.800055     4.5031     4.5495    -0.0077    95.9260 1.0000e-12  -64.93320  -64.39958 342.807399      99.97 3.6494e+02    845.276      20288  1029.0936  1029.0929    34.5916    34.5906    7.80924         27 0.0000e+00
