NBP2113_155081_ctd/data/dnbp2113_020.cnv
* Sea-Bird SBE 9 Data File:
* FileName = D:\Data\raw\NBP2113_020.hex
* Software Version Seasave V 7.26.7.121
* Temperature SN = 2438
* Conductivity SN = 2067
* Number of Bytes Per Scan = 40
* Number of Voltage Words = 5
* Number of Scans Averaged by the Deck Unit = 1
* NMEA Latitude = 66 30.70 S
* NMEA Longitude = 069 51.30 W
* NMEA UTC (Time) = Nov 29 2021  16:09:08
* NMEA baud rate = 9600
** Ship: RVIB N.B. Palmer
** Cruise: NBP2113 LTER
** Station: 300.100
** Operator: S. Blackman
# nquan = 25
# nvalues = 473                         
# units = specified
# name 0 = prDM: Pressure, Digiquartz [db]
# name 1 = depSM: Depth [salt water, m]
# name 2 = t090C: Temperature [ITS-90, deg C]
# name 3 = c0mS/cm: Conductivity [mS/cm]
# name 4 = t190C: Temperature, 2 [ITS-90, deg C]
# name 5 = c1mS/cm: Conductivity, 2 [mS/cm]
# name 6 = sbeox0ML/L: Oxygen, SBE 43 [ml/l]
# name 7 = sbeox1ML/L: Oxygen, SBE 43, 2 [ml/l]
# name 8 = flECO-AFL: Fluorescence, WET Labs ECO-AFL/FL [mg/m^3]
# name 9 = CStarTr0: Beam Transmission, WET Labs C-Star [%]
# name 10 = par: PAR/Irradiance, Biospherical/Licor
# name 11 = latitude: Latitude [deg]
# name 12 = longitude: Longitude [deg]
# name 13 = timeJ: Julian Days
# name 14 = altM: Altimeter [m]
# name 15 = spar: SPAR, Biospherical/Licor
# name 16 = timeS: Time, Elapsed [seconds]
# name 17 = scan: Scan Count
# name 18 = density00: Density [density, kg/m^3]
# name 19 = density11: Density, 2 [density, kg/m^3]
# name 20 = sal00: Salinity, Practical [PSU]
# name 21 = sal11: Salinity, Practical, 2 [PSU]
# name 22 = oxsolML/L: Oxygen Saturation, Garcia & Gordon [ml/l]
# name 23 = nbin: number of scans per bin
# name 24 = flag: flag
# span 0 =      4.000,    476.000       
# span 1 =      3.960,    470.742       
# span 2 =    -1.0407,     1.4954       
# span 3 =  27.504245,  30.242663       
# span 4 =    -1.0402,     1.4954       
# span 5 =  27.503563,  30.241760       
# span 6 =     3.9383,     8.1753       
# span 7 =     3.9984,     8.2315       
# span 8 =    -0.0225,     1.6450       
# span 9 =    92.0012,    97.4947       
# span 10 = 1.0000e-12, 4.0811e+02      
# span 11 =  -66.51185,  -66.51127      
# span 12 =  -69.86089,  -69.85710      
# span 13 = 333.676603, 333.686010      
# span 14 =       6.05,     102.80      
# span 15 = 9.8898e+02, 1.0912e+03      
# span 16 =    310.468,   1123.272      
# span 17 =       7452,      26960      
# span 18 =  1027.3592,  1030.0451      
# span 19 =  1027.3575,  1030.0443      
# span 20 =    34.0127,    34.7264      
# span 21 =    34.0098,    34.7255      
# span 22 =    7.72397,    8.28673      
# span 23 =         12,         49      
# span 24 = 0.0000e+00, 0.0000e+00      
# interval = decibars: 1                
# start_time = Nov 29 2021 16:09:08 [NMEA time, header]
# bad_flag = -9.990e-29
*END*
[from data line 464]
    468.000    462.841     1.2767  30.142352     1.2762  30.141233     4.3366     4.3905    -0.0000    97.4208 1.0000e-12  -66.51130  -69.86069 333.685551      15.19 1.0898e+03   1083.608      26008  1030.0080  1030.0074    34.7252    34.7244    7.76579         20 0.0000e+00
    469.000    463.829     1.2768  30.142790     1.2766  30.141918     4.3332     4.3920    -0.0030    97.3920 1.0000e-12  -66.51129  -69.86072 333.685589      13.95 1.0873e+03   1086.921      26087  1030.0126  1030.0119    34.7251    34.7242    7.76578         32 0.0000e+00
    470.000    464.816     1.2770  30.143222     1.2767  30.142312     4.3317     4.3925     0.0029    97.3959 1.0000e-12  -66.51130  -69.86074 333.685672      12.65 1.0881e+03   1094.084      26259  1030.0171  1030.0164    34.7249    34.7240    7.76576         35 0.0000e+00
    471.000    465.803     1.2756  30.142556     1.2753  30.141735     4.3348     4.3933    -0.0045    97.3624 1.0000e-12  -66.51129  -69.86077 333.685702      11.73 1.0819e+03   1096.677      26321  1030.0220  1030.0214    34.7250    34.7243    7.76603         38 0.0000e+00
    472.000    466.791     1.2764  30.143729     1.2761  30.142812     4.3408     4.3956    -0.0003    97.3482 1.0000e-12  -66.51128  -69.86078 333.685719      10.75 1.0806e+03   1098.149      26357  1030.0266  1030.0259    34.7250    34.7242    7.76587         34 0.0000e+00
    473.000    467.781     1.2760  30.143748     1.2758  30.143010     4.3380     4.3910    -0.0006    97.4084 1.0000e-12  -66.51128  -69.86081 333.685780       9.61 1.0838e+03   1103.403      26483  1030.0312  1030.0306    34.7249    34.7242    7.76595         36 0.0000e+00
    474.000    468.767     1.2758  30.144059     1.2754  30.143220     4.3356     4.3904    -0.0051    97.4113 1.0000e-12  -66.51128  -69.86082 333.685823       8.68 1.0859e+03   1107.069      26571  1030.0359  1030.0354    34.7250    34.7243    7.76600         28 0.0000e+00
    475.000    469.756     1.2760  30.144649     1.2756  30.143695     4.3355     4.3975    -0.0076    97.4097 1.0000e-12  -66.51128  -69.86082 333.685837       7.63 1.0848e+03   1108.341      26601  1030.0406  1030.0400    34.7250    34.7242    7.76596         33 0.0000e+00
    476.000    470.742     1.2760  30.144961     1.2762  30.144334     4.3262     4.3950    -0.0071    97.4249 1.0000e-12  -66.51127  -69.86089 333.686010       6.05 1.0859e+03   1123.272      26960  1030.0451  1030.0443    34.7248    34.7237    7.76596         20 0.0000e+00
