NBP2113_155081_ctd/data/dnbp2113_029.cnv
* Sea-Bird SBE 9 Data File:
* FileName = D:\Data\raw\NBP2113_029.hex
* Software Version Seasave V 7.26.7.121
* Temperature SN = 2438
* Conductivity SN = 2067
* Number of Bytes Per Scan = 40
* Number of Voltage Words = 5
* Number of Scans Averaged by the Deck Unit = 1
* NMEA Latitude = 66 51.18 S
* NMEA Longitude = 068 36.27 W
* NMEA UTC (Time) = Dec 05 2021  02:21:18
* NMEA baud rate = 9600
** Ship: RVIB N.B. Palmer
** Cruise: NBP2113 LTER
** Station: AS01
** Operator: S. Blackman
# nquan = 25
# nvalues = 227                         
# units = specified
# name 0 = prDM: Pressure, Digiquartz [db]
# name 1 = depSM: Depth [salt water, m]
# name 2 = t090C: Temperature [ITS-90, deg C]
# name 3 = c0mS/cm: Conductivity [mS/cm]
# name 4 = t190C: Temperature, 2 [ITS-90, deg C]
# name 5 = c1mS/cm: Conductivity, 2 [mS/cm]
# name 6 = sbeox0ML/L: Oxygen, SBE 43 [ml/l]
# name 7 = sbeox1ML/L: Oxygen, SBE 43, 2 [ml/l]
# name 8 = flECO-AFL: Fluorescence, WET Labs ECO-AFL/FL [mg/m^3]
# name 9 = CStarTr0: Beam Transmission, WET Labs C-Star [%]
# name 10 = par: PAR/Irradiance, Biospherical/Licor
# name 11 = latitude: Latitude [deg]
# name 12 = longitude: Longitude [deg]
# name 13 = timeJ: Julian Days
# name 14 = altM: Altimeter [m]
# name 15 = spar: SPAR, Biospherical/Licor
# name 16 = timeS: Time, Elapsed [seconds]
# name 17 = scan: Scan Count
# name 18 = density00: Density [density, kg/m^3]
# name 19 = density11: Density, 2 [density, kg/m^3]
# name 20 = sal00: Salinity, Practical [PSU]
# name 21 = sal11: Salinity, Practical, 2 [PSU]
# name 22 = oxsolML/L: Oxygen Saturation, Garcia & Gordon [ml/l]
# name 23 = nbin: number of scans per bin
# name 24 = flag: flag
# span 0 =      6.000,    232.000       
# span 1 =      5.957,    229.570       
# span 2 =    -0.8897,     1.2051       
# span 3 =  27.412063,  29.910178       
# span 4 =    -0.8892,     1.2046       
# span 5 =  27.410924,  29.908709       
# span 6 =     4.2124,     8.1244       
# span 7 =     4.3106,     8.1047       
# span 8 =     0.0013,     1.1512       
# span 9 =    90.7063,    95.5382       
# span 10 = -1.081e-05, 6.1877e+00      
# span 11 =  -66.85302,  -66.85274      
# span 12 =  -68.60400,  -68.60334      
# span 13 = 339.102193, 339.107454      
# span 14 =       5.27,     131.70      
# span 15 = 7.3061e+00, 1.2340e+01      
# span 16 =    351.507,    806.048      
# span 17 =       8437,      19346      
# span 18 =  1027.2073,  1028.8396      
# span 19 =  1027.2054,  1028.8383      
# span 20 =    33.8027,    34.6447      
# span 21 =    33.8007,    34.6434      
# span 22 =    7.78433,    8.26911      
# span 23 =         11,         42      
# span 24 = 0.0000e+00, 0.0000e+00      
# interval = decibars: 1                
# start_time = Dec 05 2021 02:21:18 [NMEA time, header]
# bad_flag = -9.990e-29
*END*
[from data line 58]
     64.000     63.356    -0.8842  27.436856    -0.8837  27.435918     7.9869     8.0461     1.0877    91.2296 4.9746e-04  -66.85286  -68.60359 339.104123      99.97 1.0577e+01    518.227      12438  1027.4944  1027.4929    33.8136    33.8117    8.26750         39 0.0000e+00
     65.000     64.341    -0.8831  27.439570    -0.8830  27.438143     7.9860     8.0397     1.0324    91.3651 -1.081e-05  -66.85286  -68.60360 339.104174      99.97 1.0577e+01    522.598      12543  1027.5007  1027.4990    33.8154    33.8134    8.26715         28 0.0000e+00
     66.000     65.335    -0.8813  27.441803    -0.8813  27.441629     8.0076     8.0330     0.8951    91.4305 1.0000e-12  -66.85286  -68.60360 339.104219      99.97 1.0577e+01    526.493      12637  1027.5058  1027.5055    33.8158    33.8156    8.26673         18 0.0000e+00
     67.000     66.323    -0.8803  27.444957    -0.8803  27.443915     8.0369     8.0369     0.8527    91.4536 1.0000e-12  -66.85286  -68.60360 339.104226      99.97 1.0577e+01    527.127      12652  1027.5123  1027.5113    33.8184    33.8169    8.26637         15 0.0000e+00
     68.000     67.315    -0.8800  27.446305    -0.8800  27.444943     8.0162     8.0371     0.9851    91.4902 1.0000e-12  -66.85286  -68.60360 339.104234      99.97 1.0577e+01    527.771      12668  1027.5180  1027.5164    33.8192    33.8173    8.26625         16 0.0000e+00
     69.000     68.304    -0.8803  27.446510    -0.8802  27.445255     7.9918     8.0324     0.9689    91.5218 1.0000e-12  -66.85286  -68.60360 339.104242      99.97 1.0577e+01    528.501      12685  1027.5228  1027.5213    33.8192    33.8174    8.26632         20 0.0000e+00
     70.000     69.293    -0.8804  27.446569    -0.8806  27.444434     7.9781     8.0282     0.9469    91.5258 1.0000e-12  -66.85285  -68.60359 339.104280      99.97 1.0577e+01    531.820      12765  1027.5273  1027.5251    33.8188    33.8161    8.26637         29 0.0000e+00
     71.000     70.284    -0.8802  27.447083    -0.8803  27.445026     7.9744     8.0250     0.9103    91.4879 1.0000e-12  -66.85284  -68.60356 339.104359      99.97 1.0577e+01    538.596      12927  1027.5319  1027.5298    33.8186    33.8160    8.26632         21 0.0000e+00
     72.000     71.272    -0.8795  27.448807    -0.8795  27.447335     7.9636     8.0299     0.9146    91.5228 1.0000e-12  -66.85284  -68.60356 339.104367      99.97 1.0577e+01    539.338      12945  1027.5374  1027.5359    33.8195    33.8176    8.26611         19 0.0000e+00
     73.000     72.262    -0.8783  27.450890    -0.8785  27.449289     7.9930     8.0319     0.9360    91.5239 1.0000e-12  -66.85284  -68.60358 339.104377      99.97 1.0577e+01    540.176      12965  1027.5429  1027.5412    33.8204    33.8184    8.26580         22 0.0000e+00
     74.000     73.253    -0.8777  27.451790    -0.8775  27.450710     7.9866     8.0282     0.9957    91.5670 1.0000e-12  -66.85284  -68.60357 339.104406      99.97 1.0577e+01    542.670      13025  1027.5476  1027.5462    33.8204    33.8187    8.26567         28 0.0000e+00
     75.000     74.240    -0.8755  27.455407    -0.8775  27.451049     7.9680     8.0146     0.8873    91.5989 1.0000e-12  -66.85284  -68.60352 339.104485      99.97 1.0577e+01    549.467      13188  1027.5537  1027.5508    33.8222    33.8185    8.26508         16 0.0000e+00
     76.000     75.232    -0.8702  27.462807    -0.8708  27.460591     7.9783     8.0135     0.8910    91.6012 1.0000e-12  -66.85284  -68.60352 339.104494      99.97 1.0577e+01    550.256      13207  1027.5609  1027.5591    33.8256    33.8233    8.26371         16 0.0000e+00
     77.000     76.221    -0.8627  27.472150    -0.8626  27.470841     7.9751     8.0123     0.9075    91.5899 1.0000e-12  -66.85284  -68.60354 339.104502      99.97 1.0577e+01    550.998      13225  1027.5682  1027.5666    33.8293    33.8274    8.26185         20 0.0000e+00
     78.000     77.212    -0.8591  27.476407    -0.8589  27.475340     7.9993     8.0170     0.9746    91.5605 1.0000e-12  -66.85283  -68.60354 339.104514      99.97 1.0577e+01    551.970      13248  1027.5737  1027.5723    33.8304    33.8287    8.26100         28 0.0000e+00
     79.000     78.199    -0.8618  27.473287    -0.8619  27.471748     7.9763     8.0186     0.9599    91.6369 1.0000e-12  -66.85282  -68.60355 339.104554      99.96 1.0577e+01    555.442      13332  1027.5774  1027.5758    33.8286    33.8266    8.26171         31 0.0000e+00
     80.000     79.192    -0.8720  27.461097    -0.8706  27.461623     7.9697     8.0144     0.8964    91.7200 1.0000e-12  -66.85282  -68.60351 339.104646      99.97 1.0577e+01    563.451      13524  1027.5782  1027.5773    33.8229    33.8220    8.26428         17 0.0000e+00
     81.000     80.179    -0.8594  27.477110    -0.8642  27.470016     7.9826     8.0175     0.9054    91.7144 1.0000e-12  -66.85282  -68.60352 339.104657      99.97 1.0577e+01    564.380      13546  1027.5878  1027.5846    33.8299    33.8256    8.26111         18 0.0000e+00
     82.000     81.169    -0.8517  27.486989    -0.8517  27.485713     8.0015     8.0173     0.9590    91.6920 1.0000e-12  -66.85282  -68.60352 339.104667      99.97 1.0577e+01    565.204      13566  1027.5954  1027.5939    33.8340    33.8322    8.25916         21 0.0000e+00
     83.000     82.160    -0.8501  27.489420    -0.8503  27.488073     7.9712     8.0207     1.0048    91.6787 1.0000e-12  -66.85282  -68.60354 339.104678      99.97 1.0577e+01    566.206      13590  1027.6009  1027.5996    33.8349    33.8333    8.25877         28 0.0000e+00
     84.000     83.150    -0.8476  27.492860    -0.8475  27.491645     7.9581     8.0237     1.0192    91.7054 1.0000e-12  -66.85282  -68.60354 339.104695      99.97 1.0577e+01    567.643      13624  1027.6066  1027.6051    33.8361    33.8343    8.25814         34 0.0000e+00
     85.000     84.137    -0.8625  27.474981    -0.8611  27.474934     7.9651     8.0079     0.8522    91.7939 1.0000e-12  -66.85282  -68.60350 339.104804      99.97 1.0577e+01    577.095      13851  1027.6059  1027.6045    33.8280    33.8264    8.26189         17 0.0000e+00
     86.000     85.129    -0.8589  27.479903    -0.8608  27.476319     7.9707     8.0144     0.9234    91.7571 1.0000e-12  -66.85282  -68.60350 339.104818      99.97 1.0577e+01    578.258      13879  1027.6121  1027.6100    33.8300    33.8273    8.26098         17 0.0000e+00
     87.000     86.117    -0.8436  27.499204    -0.8451  27.496127     7.9785     8.0083     0.9184    91.7670 1.0000e-12  -66.85282  -68.60350 339.104826      99.97 1.0577e+01    579.001      13897  1027.6225  1027.6207    33.8383    33.8359    8.25713         20 0.0000e+00
     88.000     87.108    -0.8436  27.499305    -0.8442  27.497062     7.9604     8.0183     0.9677    91.7395 1.0000e-12  -66.85282  -68.60350 339.104845      99.97 1.0577e+01    580.654      13937  1027.6271  1027.6252    33.8379    33.8355    8.25716         34 0.0000e+00
     89.000     88.096    -0.8610  27.478106    -0.8604  27.477526     7.9773     8.0104     0.9826    91.7854 1.0000e-12  -66.85282  -68.60349 339.104946      99.97 1.0577e+01    589.369      14146  1027.6252  1027.6240    33.8281    33.8266    8.26156         32 0.0000e+00
     90.000     89.087    -0.8424  27.501938    -0.8441  27.498992     7.9682     8.0077     0.8901    91.7959 1.0000e-12  -66.85282  -68.60348 339.104950      99.97 1.0577e+01    589.656      14153  1027.6374  1027.6358    33.8388    33.8368    8.25684         18 0.0000e+00
     91.000     90.075    -0.8316  27.515947    -0.8318  27.514605     7.9536     8.0032     0.8788    91.8206 1.0000e-12  -66.85282  -68.60348 339.104958      99.97 1.0577e+01    590.369      14170  1027.6466  1027.6453    33.8451    33.8436    8.25411         17 0.0000e+00
     92.000     91.068    -0.8260  27.523707    -0.8262  27.522389     7.9519     8.0075     0.9556    91.8212 1.0000e-12  -66.85282  -68.60346 339.104967      99.97 1.0577e+01    591.167      14189  1027.6540  1027.6527    33.8488    33.8472    8.25267         23 0.0000e+00
     93.000     92.057    -0.8331  27.514587    -0.8354  27.510980     7.9863     8.0112     0.8805    91.7850 1.0000e-12  -66.85281  -68.60345 339.105028      99.97 1.0577e+01    596.456      14316  1027.6553  1027.6536    33.8437    33.8415    8.25452         21 0.0000e+00
     94.000     93.045    -0.8298  27.520280    -0.8302  27.518728     7.9700     8.0091     0.9208    91.7771 1.0000e-12  -66.85280  -68.60345 339.105055      99.97 1.0577e+01    598.782      14372  1027.6627  1027.6613    33.8472    33.8455    8.25360         17 0.0000e+00
     95.000     94.036    -0.8201  27.533563    -0.8186  27.533956     7.9434     8.0127     0.9619    91.7693 1.0000e-12  -66.85280  -68.60346 339.105065      99.97 1.0577e+01    599.650      14393  1027.6721  1027.6710    33.8536    33.8525    8.25109         26 0.0000e+00
     96.000     95.025    -0.8333  27.516724    -0.8314  27.517476     7.9531     7.9965     0.8338    91.8091 1.0000e-12  -66.85282  -68.60344 339.105131      99.97 1.0577e+01    605.297      14528  1027.6709  1027.6699    33.8450    33.8439    8.25449         15 0.0000e+00
     97.000     96.013    -0.8194  27.536083    -0.8190  27.535752     7.9424     7.9882     0.8132    91.8325 1.0000e-12  -66.85282  -68.60343 339.105147      99.97 1.0577e+01    606.662      14561  1027.6828  1027.6821    33.8550    33.8542    8.25086         12 0.0000e+00
     98.000     97.006    -0.8133  27.545435    -0.8133  27.544202     7.9306     7.9865     0.8195    91.8329 1.0000e-12  -66.85282  -68.60342 339.105153      99.97 1.0577e+01    607.223      14574  1027.6915  1027.6902    33.8603    33.8586    8.24923         14 0.0000e+00
     99.000     97.994    -0.8134  27.546741    -0.8134  27.545605     7.9345     7.9906     0.8694    91.8316 1.0000e-12  -66.85282  -68.60342 339.105161      99.97 1.0577e+01    607.880      14590  1027.6974  1027.6961    33.8615    33.8599    8.24917         19 0.0000e+00
    100.000     98.983    -0.8171  27.541402    -0.8181  27.538524     7.9520     7.9887     0.8929    91.8528 1.0000e-12  -66.85282  -68.60344 339.105221      99.97 1.0577e+01    613.094      14715  1027.6996  1027.6974    33.8578    33.8550    8.25019         21 0.0000e+00
    101.000     99.975    -0.8233  27.532788    -0.8233  27.531558     7.9380     7.9785     0.8789    91.8711 1.0000e-12  -66.85282  -68.60346 339.105276      52.03 1.0577e+01    617.866      14830  1027.7007  1027.6993    33.8525    33.8508    8.25186         12 0.0000e+00
    102.000    100.961    -0.8151  27.548267    -0.8147  27.547392     7.9282     7.9827     0.8483    91.8843 1.0000e-12  -66.85282  -68.60346 339.105283       9.58 1.0577e+01    618.455      14844  1027.7138  1027.7124    33.8636    33.8620    8.24941         11 0.0000e+00
    103.000    101.948    -0.8150  27.550181    -0.8149  27.548877     7.9203     7.9853     0.8275    91.8608 1.0000e-12  -66.85282  -68.60346 339.105289       9.23 1.0577e+01    618.956      14856  1027.7202  1027.7186    33.8655    33.8636    8.24929         13 0.0000e+00
    104.000    102.946    -0.8160  27.550581    -0.8159  27.549227     7.9138     7.9876     0.8511    91.8181 1.0000e-12  -66.85282  -68.60346 339.105295      57.94 1.0577e+01    619.487      14869  1027.7259  1027.7244    33.8665    33.8646    8.24944         13 0.0000e+00
    105.000    103.932    -0.8176  27.550799    -0.8176  27.549560     7.9064     7.9906     0.8732    91.9096 1.0000e-12  -66.85282  -68.60344 339.105307      96.58 1.0577e+01    620.562      14894  1027.7321  1027.7306    33.8681    33.8663    8.24972         23 0.0000e+00
    106.000    104.919    -0.8189  27.543973    -0.8185  27.543164     7.9184     7.9301     0.8431    91.9783 1.0000e-12  -66.85280  -68.60348 339.105423      99.97 1.0577e+01    630.551      15134  1027.7303  1027.7290    33.8596    33.8581    8.25049         14 0.0000e+00
    107.000    105.909    -0.8179  27.548269    -0.8180  27.547272     7.8828     7.9179     0.7747    91.9876 1.0000e-12  -66.85281  -68.60348 339.105426      99.97 1.0577e+01    630.783      15140  1027.7382  1027.7372    33.8637    33.8624    8.25003         12 0.0000e+00
    108.000    106.901    -0.8190  27.548555    -0.8193  27.548724     7.8629     7.9080     0.7762    91.9874 1.0000e-12  -66.85282  -68.60348 339.105432      96.13 1.0577e+01    631.269      15151  1027.7440  1027.7445    33.8647    33.8653    8.25020         11 0.0000e+00
    109.000    107.888    -0.8239  27.557256    -0.8239  27.555960     7.8451     7.9015     0.9196    92.0198 1.0000e-12  -66.85282  -68.60348 339.105437      12.51 1.0577e+01    631.731      15163  1027.7625  1027.7610    33.8814    33.8796    8.25031         12 0.0000e+00
    110.000    108.879    -0.8234  27.561185    -0.8233  27.559885     7.8310     7.8957     0.9517    92.0920 1.0000e-12  -66.85282  -68.60348 339.105442      98.65 1.0577e+01    632.204      15174  1027.7707  1027.7692    33.8855    33.8837    8.24996         11 0.0000e+00
    111.000    109.868    -0.8249  27.561680    -0.8247  27.560556     7.8380     7.8930     0.8461    92.0564 1.0000e-12  -66.85282  -68.60347 339.105448      14.20 1.0577e+01    632.683      15185  1027.7770  1027.7756    33.8873    33.8856    8.25019         12 0.0000e+00
    112.000    110.860    -0.8277  27.561227    -0.8277  27.560036     7.8283     7.8964     0.7544    92.0903 1.0000e-12  -66.85282  -68.60346 339.105453      95.54 1.0577e+01    633.166      15197  1027.7834  1027.7822    33.8892    33.8876    8.25068         11 0.0000e+00
    113.000    111.844    -0.8296  27.560953    -0.8297  27.559615     7.8311     7.9050     0.7604    92.1423 1.0000e-12  -66.85281  -68.60345 339.105459     100.00 1.0577e+01    633.649      15209  1027.7893  1027.7879    33.8903    33.8887    8.25103         12 0.0000e+00
    114.000    112.838    -0.8318  27.560373    -0.8317  27.559210     7.8292     7.9142     0.7761    92.1888 1.0000e-12  -66.85280  -68.60344 339.105464      99.97 1.0577e+01    634.143      15220  1027.7951  1027.7937    33.8914    33.8898    8.25145         12 0.0000e+00
    115.000    113.831    -0.8314  27.559113    -0.8316  27.558202     7.8435     7.9140     0.7693    92.3096 1.0000e-12  -66.85280  -68.60346 339.105488      99.97 1.0577e+01    636.164      15269  1027.7976  1027.7968    33.8887    33.8876    8.25153         19 0.0000e+00
    116.000    114.815    -0.8274  27.557833    -0.8257  27.556510     7.8712     7.8924     0.7890    92.5145 1.0000e-12  -66.85280  -68.60353 339.105566      99.97 1.0577e+01    642.898      15431  1027.7965  1027.7933    33.8818    33.8781    8.25105         22 0.0000e+00
    117.000    115.805    -0.8321  27.558861    -0.8311  27.557703     7.8434     7.8715     0.7885    92.3814 1.0000e-12  -66.85280  -68.60352 339.105574      99.97 1.0577e+01    643.595      15447  1027.8065  1027.8042    33.8879    33.8852    8.25173         19 0.0000e+00
    118.000    116.795    -0.8319  27.559556    -0.8319  27.558439     7.8203     7.8672     0.7764    92.4517 1.0000e-12  -66.85280  -68.60352 339.105582      99.97 1.0577e+01    644.261      15463  1027.8113  1027.8100    33.8880    33.8864    8.25168         14 0.0000e+00
    119.000    117.786    -0.8340  27.559401    -0.8363  27.557916     7.8205     7.8664     0.6852    92.7029 1.0000e-12  -66.85280  -68.60351 339.105588      99.97 1.0577e+01    644.805      15476  1027.8176  1027.8182    33.8895    33.8901    8.25206         12 0.0000e+00
    120.000    118.774    -0.8562  27.557218    -0.8566  27.555852     7.8213     7.8694     0.6397    92.7468 1.0000e-12  -66.85280  -68.60350 339.105594      99.97 1.0577e+01    645.310      15488  1027.8411  1027.8400    33.9109    33.9094    8.25567         12 0.0000e+00
