NBP2113_155081_ctd/data/dnbp2113_031.cnv
* Sea-Bird SBE 9 Data File:
* FileName = D:\Data\raw\NBP2113_031.hex
* Software Version Seasave V 7.26.7.121
* Temperature SN = 2438
* Conductivity SN = 2067
* Number of Bytes Per Scan = 40
* Number of Voltage Words = 5
* Number of Scans Averaged by the Deck Unit = 1
* NMEA Latitude = 66 30.40 S
* NMEA Longitude = 069 53.27 W
* NMEA UTC (Time) = Dec 06 2021  01:15:18
* NMEA baud rate = 9600
** Ship: RVIB N.B. Palmer
** Cruise: NBP2113 LTER
** Station: 300.100
** Operator: S. Blackman
# nquan = 25
# nvalues = 475                         
# units = specified
# name 0 = prDM: Pressure, Digiquartz [db]
# name 1 = depSM: Depth [salt water, m]
# name 2 = t090C: Temperature [ITS-90, deg C]
# name 3 = c0mS/cm: Conductivity [mS/cm]
# name 4 = t190C: Temperature, 2 [ITS-90, deg C]
# name 5 = c1mS/cm: Conductivity, 2 [mS/cm]
# name 6 = sbeox0ML/L: Oxygen, SBE 43 [ml/l]
# name 7 = sbeox1ML/L: Oxygen, SBE 43, 2 [ml/l]
# name 8 = flECO-AFL: Fluorescence, WET Labs ECO-AFL/FL [mg/m^3]
# name 9 = CStarTr0: Beam Transmission, WET Labs C-Star [%]
# name 10 = par: PAR/Irradiance, Biospherical/Licor
# name 11 = latitude: Latitude [deg]
# name 12 = longitude: Longitude [deg]
# name 13 = timeJ: Julian Days
# name 14 = altM: Altimeter [m]
# name 15 = spar: SPAR, Biospherical/Licor
# name 16 = timeS: Time, Elapsed [seconds]
# name 17 = scan: Scan Count
# name 18 = density00: Density [density, kg/m^3]
# name 19 = density11: Density, 2 [density, kg/m^3]
# name 20 = sal00: Salinity, Practical [PSU]
# name 21 = sal11: Salinity, Practical, 2 [PSU]
# name 22 = oxsolML/L: Oxygen Saturation, Garcia & Gordon [ml/l]
# name 23 = nbin: number of scans per bin
# name 24 = flag: flag
# span 0 =      4.000,    478.000       
# span 1 =      3.960,    472.716       
# span 2 =    -0.5134,     1.5678       
# span 3 =  27.885304,  30.271055       
# span 4 =    -0.5131,     1.5678       
# span 5 =  27.884039,  30.270034       
# span 6 =     3.9460,     8.1187       
# span 7 =     3.9825,     8.1526       
# span 8 =    -0.0223,     2.1117       
# span 9 =    89.1895,    96.6147       
# span 10 = 1.0000e-12, 1.2369e+01      
# span 11 =  -66.50692,  -66.50669      
# span 12 =  -69.88852,  -69.88842      
# span 13 = 340.056536, 340.065932      
# span 14 =       8.03,      99.98      
# span 15 = 2.4680e+01, 5.1127e+01      
# span 16 =    366.676,   1178.548      
# span 17 =       8801,      28286      
# span 18 =  1027.3418,  1030.0538      
# span 19 =  1027.3401,  1030.0528      
# span 20 =    34.0068,    34.7262      
# span 21 =    34.0048,    34.7251      
# span 22 =    7.71019,    8.17525      
# span 23 =         12,         44      
# span 24 = 0.0000e+00, 0.0000e+00      
# interval = decibars: 1                
# start_time = Dec 06 2021 01:15:18 [NMEA time, header]
# bad_flag = -9.990e-29
*END*
[from data line 174]
    178.000    176.161     1.4130  30.065860     1.4131  30.065374     3.9475     3.9895    -0.0097    96.5765 1.0000e-12  -66.50670  -69.88850 340.060563      99.98 5.1124e+01    714.602      17151  1028.5706  1028.5699    34.6447    34.6439    7.74324         32 0.0000e+00
    179.000    177.149     1.4220  30.076299     1.4218  30.074990     3.9539     3.9920    -0.0116    96.5769 1.0000e-12  -66.50670  -69.88850 340.060581      99.97 5.1124e+01    716.163      17189  1028.5767  1028.5755    34.6475    34.6460    7.74132         43 0.0000e+00
    180.000    178.140     1.4246  30.079514     1.4241  30.078029     3.9504     3.9906    -0.0114    96.5863 1.0000e-12  -66.50670  -69.88850 340.060601      99.98 5.1124e+01    717.893      17230  1028.5818  1028.5807    34.6482    34.6468    7.74078         37 0.0000e+00
    181.000    179.129     1.4257  30.080927     1.4252  30.079662     3.9468     3.9928    -0.0056    96.5969 1.0000e-12  -66.50672  -69.88850 340.060616      99.98 5.1124e+01    719.222      17262  1028.5865  1028.5856    34.6482    34.6470    7.74057         26 0.0000e+00
    182.000    180.117     1.4261  30.082141     1.4259  30.080823     3.9564     3.9891    -0.0074    96.5966 1.0000e-12  -66.50672  -69.88850 340.060627      99.97 5.1124e+01    720.194      17286  1028.5916  1028.5905    34.6486    34.6472    7.74045         21 0.0000e+00
    183.000    181.107     1.4270  30.083575     1.4267  30.082295     3.9554     3.9888    -0.0070    96.5733 1.0000e-12  -66.50672  -69.88850 340.060637      99.97 5.1124e+01    721.028      17306  1028.5965  1028.5954    34.6490    34.6476    7.74027         20 0.0000e+00
    184.000    182.098     1.4296  30.087031     1.4295  30.085560     3.9523     3.9921    -0.0102    96.5909 1.0000e-12  -66.50672  -69.88850 340.060646      99.98 5.1124e+01    721.829      17325  1028.6018  1028.6004    34.6499    34.6482    7.73970         20 0.0000e+00
    185.000    183.085     1.4338  30.092192     1.4336  30.090916     3.9488     3.9943    -0.0139    96.5964 1.0000e-12  -66.50672  -69.88851 340.060656      99.98 5.1124e+01    722.717      17346  1028.6071  1028.6061    34.6512    34.6498    7.73880         23 0.0000e+00
    186.000    184.074     1.4373  30.096629     1.4369  30.095235     3.9529     3.9886    -0.0113    96.5881 1.0000e-12  -66.50672  -69.88852 340.060670      99.98 5.1124e+01    723.919      17375  1028.6125  1028.6115    34.6524    34.6511    7.73805         35 0.0000e+00
    187.000    185.064     1.4395  30.099579     1.4393  30.098320     3.9511     3.9855    -0.0012    96.5719 1.0000e-12  -66.50670  -69.88852 340.060689      99.98 5.1124e+01    725.511      17413  1028.6177  1028.6166    34.6531    34.6518    7.73757         35 0.0000e+00
    188.000    186.053     1.4404  30.100983     1.4400  30.099675     3.9616     3.9825    -0.0132    96.5604 1.0000e-12  -66.50671  -69.88852 340.060706      99.98 5.1124e+01    726.958      17448  1028.6226  1028.6216    34.6534    34.6521    7.73739         30 0.0000e+00
    189.000    187.041     1.4413  30.102448     1.4409  30.101220     3.9585     3.9850    -0.0065    96.5774 1.0000e-12  -66.50672  -69.88852 340.060718      99.98 5.1124e+01    728.066      17475  1028.6275  1028.6266    34.6537    34.6525    7.73720         24 0.0000e+00
    190.000    188.032     1.4419  30.103797     1.4417  30.102570     3.9487     3.9880    -0.0137    96.5964 1.0000e-12  -66.50672  -69.88852 340.060730      99.98 5.1124e+01    729.070      17499  1028.6325  1028.6315    34.6541    34.6528    7.73705         25 0.0000e+00
    191.000    189.021     1.4440  30.106627     1.4436  30.105273     3.9492     3.9878    -0.0057    96.5935 1.0000e-12  -66.50672  -69.88851 340.060743      99.97 5.1124e+01    730.230      17527  1028.6377  1028.6367    34.6549    34.6536    7.73661         32 0.0000e+00
    192.000    190.010     1.4460  30.109777     1.4460  30.108707     3.9460     3.9877    -0.0046    96.5700 1.0000e-12  -66.50672  -69.88851 340.060767      99.98 5.1124e+01    732.291      17576  1028.6432  1028.6421    34.6560    34.6547    7.73614         31 0.0000e+00
    193.000    190.998     1.4495  30.113997     1.4492  30.112776     3.9641     3.9886    -0.0099    96.5682 1.0000e-12  -66.50672  -69.88852 340.060798      99.97 5.1124e+01    734.975      17640  1028.6484  1028.6475    34.6570    34.6558    7.73541         30 0.0000e+00
    194.000    191.989     1.4530  30.118517     1.4527  30.117267     3.9741     3.9938     0.0087    96.5794 1.0000e-12  -66.50672  -69.88852 340.060809      99.98 5.1124e+01    735.910      17663  1028.6538  1028.6528    34.6583    34.6570    7.73465         19 0.0000e+00
    195.000    192.974     1.4567  30.123243     1.4563  30.121996     3.9841     4.0003    -0.0146    96.5918 1.0000e-12  -66.50672  -69.88852 340.060817      99.98 5.1124e+01    736.602      17679  1028.6593  1028.6584    34.6597    34.6585    7.73386         15 0.0000e+00
    196.000    193.967     1.4607  30.128206     1.4604  30.127009     3.9854     4.0051    -0.0108    96.5744 1.0000e-12  -66.50672  -69.88852 340.060824      99.97 5.1124e+01    737.192      17694  1028.6647  1028.6638    34.6610    34.6598    7.73300         14 0.0000e+00
    197.000    194.958     1.4662  30.135325     1.4659  30.134034     3.9769     4.0083    -0.0066    96.5710 1.0000e-12  -66.50672  -69.88852 340.060830      99.98 5.1124e+01    737.741      17707  1028.6707  1028.6698    34.6633    34.6621    7.73178         13 0.0000e+00
    198.000    195.943     1.4676  30.137550     1.4673  30.136359     3.9744     4.0063    -0.0036    96.5709 1.0000e-12  -66.50672  -69.88852 340.060837      99.98 5.1124e+01    738.301      17720  1028.6759  1028.6749    34.6641    34.6629    7.73147         14 0.0000e+00
    199.000    196.932     1.4702  30.141210     1.4697  30.139816     3.9784     4.0056     0.0013    96.5709 1.0000e-12  -66.50672  -69.88852 340.060844      99.98 5.1124e+01    738.920      17735  1028.6815  1028.6804    34.6654    34.6641    7.73091         16 0.0000e+00
    200.000    197.923     1.4716  30.143477     1.4714  30.142049     3.9690     4.0053    -0.0118    96.5709 1.0000e-12  -66.50672  -69.88852 340.060854      99.98 5.1124e+01    739.807      17756  1028.6866  1028.6854    34.6660    34.6645    7.73058         28 0.0000e+00
    201.000    198.913     1.4722  30.144569     1.4724  30.143779     3.9684     4.0038    -0.0089    96.5702 1.0000e-12  -66.50672  -69.88852 340.060904      99.98 5.1124e+01    744.068      17859  1028.6916  1028.6906    34.6662    34.6650    7.73046         41 0.0000e+00
    202.000    199.901     1.4741  30.147110     1.4739  30.145979     3.9696     3.9977    -0.0059    96.5709 1.0000e-12  -66.50672  -69.88852 340.060932      99.97 5.1124e+01    746.544      17918  1028.6967  1028.6957    34.6668    34.6656    7.73006         26 0.0000e+00
    203.000    200.889     1.4754  30.149161     1.4749  30.147854     3.9769     4.0053    -0.0133    96.5709 1.0000e-12  -66.50672  -69.88852 340.060941      99.98 5.1124e+01    747.335      17937  1028.7017  1028.7009    34.6673    34.6662    7.72977         17 0.0000e+00
    204.000    201.882     1.4797  30.154632     1.4791  30.153115     3.9784     4.0071    -0.0119    96.5837 1.0000e-12  -66.50672  -69.88852 340.060949      99.97 5.1124e+01    747.975      17952  1028.7073  1028.7064    34.6690    34.6677    7.72884         14 0.0000e+00
    205.000    202.867     1.4880  30.163926     1.4870  30.162060     3.9779     4.0064     0.0022    96.5837 1.0000e-12  -66.50672  -69.88852 340.060956      99.98 5.1124e+01    748.564      17967  1028.7128  1028.7119    34.6710    34.6698    7.72710         14 0.0000e+00
    206.000    203.857     1.4904  30.167154     1.4901  30.165966     3.9772     4.0085    -0.0004    96.5846 1.0000e-12  -66.50672  -69.88852 340.060963      99.97 5.1124e+01    749.166      17981  1028.7181  1028.7172    34.6719    34.6707    7.72658         15 0.0000e+00
    207.000    204.848     1.4866  30.164872     1.4862  30.163662     3.9773     4.0082    -0.0069    96.5880 1.0000e-12  -66.50672  -69.88852 340.060971      99.98 5.1124e+01    749.869      17998  1028.7239  1028.7230    34.6727    34.6716    7.72730         19 0.0000e+00
    208.000    205.836     1.4853  30.164427     1.4850  30.163189     3.9748     4.0112    -0.0064    96.5720 1.0000e-12  -66.50672  -69.88852 340.060984      99.97 5.1124e+01    751.029      18026  1028.7289  1028.7279    34.6729    34.6717    7.72753         40 0.0000e+00
    209.000    206.824     1.4843  30.164159     1.4842  30.163005     3.9728     4.0128    -0.0006    96.5709 1.0000e-12  -66.50672  -69.88852 340.061005      99.98 5.1124e+01    752.812      18068  1028.7339  1028.7329    34.6731    34.6718    7.72771         34 0.0000e+00
    210.000    207.815     1.4840  30.164505     1.4839  30.163332     3.9716     4.0129    -0.0068    96.5709 1.0000e-12  -66.50672  -69.88852 340.061021      99.98 5.1124e+01    754.203      18102  1028.7388  1028.7377    34.6733    34.6719    7.72777         33 0.0000e+00
    211.000    208.804     1.4830  30.164616     1.4831  30.163748     3.9768     4.0079    -0.0064    96.5709 1.0000e-12  -66.50672  -69.88852 340.061039      99.98 5.1124e+01    755.809      18140  1028.7443  1028.7433    34.6740    34.6728    7.72793         33 0.0000e+00
    212.000    209.792     1.4816  30.163967     1.4815  30.162989     3.9699     4.0062    -0.0025    96.5709 1.0000e-12  -66.50672  -69.88852 340.061065      99.97 5.1124e+01    758.053      18194  1028.7493  1028.7484    34.6742    34.6730    7.72820         37 0.0000e+00
    213.000    210.781     1.4794  30.162970     1.4793  30.162065     3.9783     4.0028    -0.0032    96.5709 1.0000e-12  -66.50672  -69.88852 340.061079      99.98 5.1124e+01    759.218      18222  1028.7546  1028.7538    34.6747    34.6737    7.72859         21 0.0000e+00
    214.000    211.772     1.4780  30.162510     1.4775  30.161348     3.9786     4.0081    -0.0078    96.5709 1.0000e-12  -66.50674  -69.88850 340.061088      99.98 5.1124e+01    760.016      18241  1028.7598  1028.7591    34.6751    34.6741    7.72885         17 0.0000e+00
    215.000    212.759     1.4859  30.171155     1.4852  30.169618     3.9752     4.0104    -0.0142    96.5709 1.0000e-12  -66.50674  -69.88850 340.061096      99.98 5.1124e+01    760.713      18258  1028.7650  1028.7641    34.6767    34.6756    7.72720         17 0.0000e+00
    216.000    213.749     1.4973  30.182724     1.4960  30.180960     3.9793     4.0111    -0.0146    96.5709 1.0000e-12  -66.50674  -69.88850 340.061104      99.98 5.1124e+01    761.411      18275  1028.7698  1028.7692    34.6784    34.6775    7.72490         17 0.0000e+00
    217.000    214.738     1.5109  30.196750     1.5105  30.195582     3.9769     4.0145    -0.0119    96.5709 1.0000e-12  -66.50674  -69.88850 340.061113      99.98 5.1124e+01    762.206      18294  1028.7749  1028.7741    34.6806    34.6795    7.72211         21 0.0000e+00
    218.000    215.728     1.5115  30.198165     1.5116  30.197323     3.9837     4.0131    -0.0107    96.5709 1.0000e-12  -66.50674  -69.88850 340.061125      99.98 5.1124e+01    763.240      18319  1028.7802  1028.7792    34.6812    34.6800    7.72197         30 0.0000e+00
    219.000    216.715     1.5126  30.199893     1.5124  30.198739     3.9873     4.0134    -0.0126    96.5709 1.0000e-12  -66.50674  -69.88851 340.061142      99.98 5.1124e+01    764.667      18353  1028.7852  1028.7842    34.6816    34.6803    7.72173         36 0.0000e+00
    220.000    217.704     1.5232  30.211393     1.5230  30.210138     3.9895     4.0172    -0.0068    96.5709 1.0000e-12  -66.50674  -69.88852 340.061160      99.97 5.1124e+01    766.264      18391  1028.7907  1028.7896    34.6839    34.6825    7.71953         38 0.0000e+00
    221.000    218.694     1.5280  30.216604     1.5276  30.215339     3.9870     4.0167    -0.0033    96.5590 1.0000e-12  -66.50674  -69.88852 340.061180      99.97 5.1124e+01    767.974      18432  1028.7957  1028.7948    34.6847    34.6834    7.71855         43 0.0000e+00
    222.000    219.683     1.5294  30.218663     1.5290  30.217322     3.9874     4.0168    -0.0061    96.5735 1.0000e-12  -66.50673  -69.88852 340.061203      99.97 5.1124e+01    769.928      18479  1028.8008  1028.7998    34.6852    34.6838    7.71825         42 0.0000e+00
    223.000    220.671     1.5311  30.221257     1.5311  30.220130     3.9861     4.0209    -0.0061    96.5726 1.0000e-12  -66.50674  -69.88852 340.061220      99.98 5.1124e+01    771.434      18515  1028.8061  1028.8049    34.6859    34.6845    7.71787         31 0.0000e+00
    224.000    221.661     1.5360  30.226506     1.5360  30.225539     3.9862     4.0206    -0.0129    96.5709 1.0000e-12  -66.50674  -69.88850 340.061233      99.98 5.1124e+01    772.563      18543  1028.8109  1028.8099    34.6867    34.6854    7.71688         24 0.0000e+00
    225.000    222.650     1.5391  30.230191     1.5393  30.229326     3.9843     4.0199    -0.0097    96.5659 1.0000e-12  -66.50674  -69.88850 340.061244      99.97 5.1124e+01    773.512      18565  1028.8159  1028.8148    34.6873    34.6860    7.71623         21 0.0000e+00
    226.000    223.638     1.5401  30.231478     1.5398  30.230392     3.9819     4.0195    -0.0073    96.5513 1.0000e-12  -66.50676  -69.88850 340.061254      99.98 5.1124e+01    774.366      18586  1028.8205  1028.8197    34.6873    34.6863    7.71604         20 0.0000e+00
    227.000    224.626     1.5401  30.232104     1.5401  30.231268     3.9786     4.0188    -0.0065    96.5858 1.0000e-12  -66.50676  -69.88850 340.061264      99.97 5.1124e+01    775.167      18605  1028.8255  1028.8246    34.6875    34.6864    7.71603         19 0.0000e+00
    228.000    225.619     1.5346  30.227220     1.5348  30.226591     3.9834     4.0196    -0.0054    96.5709 1.0000e-12  -66.50676  -69.88850 340.061273      99.98 5.1124e+01    775.959      18624  1028.8302  1028.8294    34.6868    34.6858    7.71715         19 0.0000e+00
    229.000    226.605     1.5280  30.221921     1.5275  30.220478     3.9821     4.0212    -0.0070    96.5674 1.0000e-12  -66.50676  -69.88850 340.061283      99.97 5.1124e+01    776.815      18645  1028.8356  1028.8346    34.6868    34.6855    7.71843         22 0.0000e+00
    230.000    227.596     1.5242  30.218810     1.5238  30.217777     3.9833     4.0213    -0.0059    96.5581 1.0000e-12  -66.50675  -69.88850 340.061296      99.98 5.1124e+01    777.937      18671  1028.8404  1028.8398    34.6864    34.6855    7.71920         35 0.0000e+00
    231.000    228.583     1.5242  30.219743     1.5240  30.218502     3.9824     4.0104    -0.0016    96.5829 1.0000e-12  -66.50674  -69.88852 340.061319      99.98 5.1124e+01    779.931      18719  1028.8456  1028.8446    34.6870    34.6857    7.71916         37 0.0000e+00
    232.000    229.573     1.5257  30.221934     1.5253  30.220654     3.9896     4.0187    -0.0057    96.5826 1.0000e-12  -66.50674  -69.88852 340.061339      99.98 5.1124e+01    781.676      18761  1028.8506  1028.8497    34.6875    34.6864    7.71884         31 0.0000e+00
    233.000    230.562     1.5253  30.222040     1.5250  30.220961     3.9795     4.0176     0.0012    96.5861 1.0000e-12  -66.50675  -69.88852 340.061352      99.98 5.1124e+01    782.830      18789  1028.8554  1028.8545    34.6876    34.6865    7.71893         27 0.0000e+00
    234.000    231.551     1.5350  30.231739     1.5337  30.230001     3.9783     4.0164     0.0020    96.5909 1.0000e-12  -66.50676  -69.88852 340.061367      99.98 5.1124e+01    784.120      18820  1028.8598  1028.8593    34.6886    34.6878    7.71696         37 0.0000e+00
