NBP2113_155081_ctd/data/dnbp2113_055.cnv
* Sea-Bird SBE 9 Data File:
* FileName = D:\Data\raw\NBP2113_055.hex
* Software Version Seasave V 7.26.7.121
* Temperature SN = 2438
* Conductivity SN = 2067
* Number of Bytes Per Scan = 40
* Number of Voltage Words = 5
* Number of Scans Averaged by the Deck Unit = 1
* NMEA Latitude = 64 51.63 S
* NMEA Longitude = 064 56.94 W
* NMEA UTC (Time) = Dec 11 2021  21:26:08
* NMEA baud rate = 9600
** Ship: RVIB N.B. Palmer
** Cruise: NBP2113 LTER
** Station: 589.065
** Operator: S. Blackman
# nquan = 25
# nvalues = 443                         
# units = specified
# name 0 = prDM: Pressure, Digiquartz [db]
# name 1 = depSM: Depth [salt water, m]
# name 2 = t090C: Temperature [ITS-90, deg C]
# name 3 = c0mS/cm: Conductivity [mS/cm]
# name 4 = t190C: Temperature, 2 [ITS-90, deg C]
# name 5 = c1mS/cm: Conductivity, 2 [mS/cm]
# name 6 = sbeox0ML/L: Oxygen, SBE 43 [ml/l]
# name 7 = sbeox1ML/L: Oxygen, SBE 43, 2 [ml/l]
# name 8 = flECO-AFL: Fluorescence, WET Labs ECO-AFL/FL [mg/m^3]
# name 9 = CStarTr0: Beam Transmission, WET Labs C-Star [%]
# name 10 = par: PAR/Irradiance, Biospherical/Licor
# name 11 = latitude: Latitude [deg]
# name 12 = longitude: Longitude [deg]
# name 13 = timeJ: Julian Days
# name 14 = altM: Altimeter [m]
# name 15 = spar: SPAR, Biospherical/Licor
# name 16 = timeS: Time, Elapsed [seconds]
# name 17 = scan: Scan Count
# name 18 = density00: Density [density, kg/m^3]
# name 19 = density11: Density, 2 [density, kg/m^3]
# name 20 = sal00: Salinity, Practical [PSU]
# name 21 = sal11: Salinity, Practical, 2 [PSU]
# name 22 = oxsolML/L: Oxygen Saturation, Garcia & Gordon [ml/l]
# name 23 = nbin: number of scans per bin
# name 24 = flag: flag
# span 0 =      5.000,    447.000       
# span 1 =      4.951,    442.148       
# span 2 =    -0.5498,     1.4635       
# span 3 =  27.523945,  30.262477       
# span 4 =    -0.5608,     1.4631       
# span 5 =  27.512948,  30.260983       
# span 6 =     4.0874,     8.2213       
# span 7 =     4.1401,     8.1982       
# span 8 =    -0.0226,     1.8003       
# span 9 =    82.5439,    91.8275       
# span 10 = 1.0000e-12, 8.3956e+01      
# span 11 =  -64.86064,  -64.86054      
# span 12 =  -64.94917,  -64.94854      
# span 13 = 345.896197, 345.904426      
# span 14 =       8.52,      99.97      
# span 15 = 1.9850e+02, 2.8028e+02      
# span 16 =    263.443,    974.437      
# span 17 =       6324,      23387      
# span 18 =  1027.0247,  1029.8611      
# span 19 =  1027.0200,  1029.8599      
# span 20 =    33.5906,    34.6841      
# span 21 =    33.5818,    34.6828      
# span 22 =    7.73121,    8.20735      
# span 23 =         13,         46      
# span 24 = 0.0000e+00, 0.0000e+00      
# interval = decibars: 1                
# start_time = Dec 11 2021 21:26:08 [NMEA time, header]
# bad_flag = -9.990e-29
*END*
[from data line 174]
    179.000    177.170     1.1147  29.761922     1.1138  29.759699     4.4846     4.5501    -0.0151    91.7371 1.0000e-12  -64.86056  -64.94902 345.900411      99.97 2.4680e+02    627.522      15062  1028.5491  1028.5477    34.5850    34.5831    7.80553         30 0.0000e+00
    180.000    178.159     1.1326  29.781061     1.1324  29.779879     4.4757     4.5485    -0.0150    91.7510 1.0000e-12  -64.86056  -64.94902 345.900423      99.97 2.4680e+02    628.524      15086  1028.5557  1028.5546    34.5893    34.5879    7.80175         22 0.0000e+00
    181.000    179.151     1.1351  29.784312     1.1347  29.782722     4.4799     4.5462    -0.0146    91.7557 1.0000e-12  -64.86056  -64.94902 345.900432      99.97 2.4526e+02    629.363      15106  1028.5609  1028.5597    34.5900    34.5885    7.80119         18 0.0000e+00
    182.000    180.138     1.1371  29.786769     1.1364  29.785016     4.4890     4.5462    -0.0078    91.7557 1.0000e-12  -64.86056  -64.94902 345.900442      99.97 2.4513e+02    630.158      15125  1028.5659  1028.5647    34.5904    34.5890    7.80078         21 0.0000e+00
    183.000    181.128     1.1372  29.787478     1.1366  29.785688     4.4872     4.5393    -0.0077    91.7557 1.0000e-12  -64.86056  -64.94902 345.900452      99.97 2.4559e+02    631.089      15147  1028.5709  1028.5696    34.5906    34.5890    7.80075         25 0.0000e+00
    184.000    182.117     1.1383  29.788838     1.1378  29.787187     4.4856     4.5396    -0.0083    91.7557 1.0000e-12  -64.86056  -64.94902 345.900467      99.97 2.4659e+02    632.369      15178  1028.5756  1028.5744    34.5906    34.5890    7.80054         35 0.0000e+00
    185.000    183.105     1.1416  29.792504     1.1410  29.790777     4.4877     4.5417    -0.0169    91.7714 1.0000e-12  -64.86056  -64.94902 345.900483      99.97 2.4546e+02    633.758      15211  1028.5805  1028.5793    34.5911    34.5895    7.79986         30 0.0000e+00
    186.000    184.096     1.1423  29.793871     1.1418  29.792228     4.4925     4.5364    -0.0206    91.7608 1.0000e-12  -64.86056  -64.94902 345.900496      99.97 2.4504e+02    634.880      15238  1028.5856  1028.5844    34.5914    34.5899    7.79970         25 0.0000e+00
    187.000    185.086     1.1422  29.794190     1.1420  29.792766     4.4933     4.5328    -0.0139    91.7801 1.0000e-12  -64.86056  -64.94902 345.900508      99.97 2.4504e+02    635.904      15263  1028.5903  1028.5891    34.5914    34.5898    7.79971         25 0.0000e+00
    188.000    186.074     1.1422  29.794641     1.1426  29.793641     4.4828     4.5358    -0.0079    91.7814 1.0000e-12  -64.86056  -64.94902 345.900522      99.97 2.4504e+02    637.103      15291  1028.5951  1028.5937    34.5913    34.5896    7.79971         34 0.0000e+00
    189.000    187.064     1.1435  29.796111     1.1435  29.795143     4.4758     4.5284    -0.0077    91.7814 1.0000e-12  -64.86056  -64.94902 345.900539      99.97 2.4504e+02    638.617      15328  1028.5998  1028.5987    34.5913    34.5900    7.79947         37 0.0000e+00
    190.000    188.052     1.1523  29.805604     1.1515  29.803654     4.4532     4.5128    -0.0013    91.7814 1.0000e-12  -64.86056  -64.94902 345.900556      99.97 2.4504e+02    640.034      15362  1028.6051  1028.6039    34.5930    34.5914    7.79761         30 0.0000e+00
    191.000    189.042     1.1580  29.811791     1.1578  29.810269     4.4356     4.5007    -0.0202    91.7804 1.0000e-12  -64.86056  -64.94902 345.900570      99.97 2.4441e+02    641.256      15391  1028.6102  1028.6089    34.5941    34.5924    7.79641         29 0.0000e+00
    192.000    190.031     1.1680  29.822626     1.1684  29.821886     4.4272     4.4887    -0.0010    91.7597 1.0000e-12  -64.86056  -64.94902 345.900583      99.97 2.4328e+02    642.395      15418  1028.6158  1028.6147    34.5963    34.5950    7.79430         26 0.0000e+00
    193.000    191.020     1.1785  29.834007     1.1783  29.832563     4.4197     4.4781    -0.0086    91.7646 1.0000e-12  -64.86056  -64.94902 345.900596      99.97 2.4301e+02    643.483      15445  1028.6215  1028.6202    34.5987    34.5971    7.79209         26 0.0000e+00
    194.000    192.010     1.1834  29.839832     1.1828  29.838096     4.4078     4.4725    -0.0149    91.7611 1.0000e-12  -64.86056  -64.94902 345.900608      99.97 2.4153e+02    644.505      15469  1028.6271  1028.6259    34.6002    34.5986    7.79104         24 0.0000e+00
    195.000    192.999     1.1887  29.845865     1.1885  29.844500     4.4119     4.4700    -0.0150    91.7863 1.0000e-12  -64.86056  -64.94902 345.900619      99.97 2.4151e+02    645.458      15492  1028.6324  1028.6312    34.6015    34.6000    7.78991         21 0.0000e+00
    196.000    193.988     1.1925  29.850432     1.1921  29.848845     4.4116     4.4722    -0.0150    91.7876 1.0000e-12  -64.86056  -64.94902 345.900629      99.97 2.4151e+02    646.354      15514  1028.6377  1028.6364    34.6026    34.6009    7.78910         21 0.0000e+00
    197.000    194.979     1.1947  29.853201     1.1942  29.851690     4.4088     4.4672    -0.0150    91.7478 1.0000e-12  -64.86056  -64.94902 345.900640      99.97 2.4129e+02    647.254      15535  1028.6428  1028.6417    34.6031    34.6017    7.78864         24 0.0000e+00
    198.000    195.967     1.1970  29.856145     1.1966  29.854556     4.4103     4.4608    -0.0150    91.7632 1.0000e-12  -64.86056  -64.94902 345.900653      99.97 2.3989e+02    648.428      15563  1028.6479  1028.6466    34.6037    34.6021    7.78815         30 0.0000e+00
    199.000    196.957     1.1991  29.858578     1.1991  29.857709     4.4065     4.4612    -0.0150    91.7938 1.0000e-12  -64.86056  -64.94902 345.900684      99.97 2.3975e+02    651.059      15626  1028.6528  1028.6519    34.6039    34.6028    7.78771         41 0.0000e+00
    200.000    197.944     1.2019  29.862228     1.2015  29.860776     4.3959     4.4540    -0.0150    91.7926 1.0000e-12  -64.86056  -64.94902 345.900702      99.97 2.3952e+02    652.615      15664  1028.6582  1028.6570    34.6049    34.6035    7.78710         23 0.0000e+00
    201.000    198.935     1.2044  29.865127     1.2039  29.863621     4.3934     4.4463    -0.0150    91.8060 1.0000e-12  -64.86056  -64.94902 345.900711      99.97 2.3853e+02    653.468      15684  1028.6629  1028.6619    34.6053    34.6039    7.78659         19 0.0000e+00
    202.000    199.924     1.2075  29.868943     1.2070  29.867379     4.3919     4.4451    -0.0150    91.7815 1.0000e-12  -64.86056  -64.94900 345.900720      99.97 2.3799e+02    654.206      15702  1028.6682  1028.6670    34.6062    34.6047    7.78593         17 0.0000e+00
    203.000    200.914     1.2093  29.871454     1.2089  29.870155     4.3894     4.4470    -0.0106    91.7814 1.0000e-12  -64.86056  -64.94900 345.900728      99.97 2.3799e+02    654.932      15719  1028.6732  1028.6723    34.6069    34.6056    7.78554         18 0.0000e+00
    204.000    201.903     1.2124  29.875241     1.2118  29.873637     4.3900     4.4461    -0.0078    91.7814 1.0000e-12  -64.86056  -64.94900 345.900738      99.97 2.3799e+02    655.762      15739  1028.6784  1028.6773    34.6077    34.6063    7.78488         23 0.0000e+00
    205.000    202.893     1.2143  29.877978     1.2138  29.876453     4.3880     4.4441    -0.0104    91.7848 1.0000e-12  -64.86056  -64.94901 345.900756      99.97 2.3799e+02    657.339      15777  1028.6837  1028.6825    34.6085    34.6070    7.78446         38 0.0000e+00
    206.000    203.880     1.2163  29.880551     1.2161  29.879208     4.3978     4.4484    -0.0006    91.7960 1.0000e-12  -64.86056  -64.94902 345.900788      99.97 2.3743e+02    660.060      15842  1028.6887  1028.6875    34.6090    34.6074    7.78403         33 0.0000e+00
    207.000    204.868     1.2192  29.884374     1.2188  29.883100     4.4085     4.4443    -0.0031    91.8027 1.0000e-12  -64.86056  -64.94900 345.900801      99.97 2.3726e+02    661.187      15869  1028.6941  1028.6932    34.6101    34.6089    7.78340         22 0.0000e+00
    208.000    205.862     1.2169  29.883215     1.2162  29.881461     4.4149     4.4437    -0.0153    91.7926 1.0000e-12  -64.86056  -64.94900 345.900810      99.97 2.3791e+02    662.003      15889  1028.6995  1028.6984    34.6105    34.6091    7.78382         18 0.0000e+00
    209.000    206.848     1.2153  29.882058     1.2155  29.881009     4.4179     4.4537    -0.0150    91.7844 1.0000e-12  -64.86056  -64.94900 345.900818      99.97 2.3799e+02    662.711      15906  1028.7041  1028.7029    34.6102    34.6087    7.78416         17 0.0000e+00
    210.000    207.839     1.2147  29.881847     1.2152  29.881359     4.4127     4.4588    -0.0137    91.7830 1.0000e-12  -64.86056  -64.94900 345.900826      99.97 2.3789e+02    663.396      15923  1028.7088  1028.7077    34.6101    34.6088    7.78429         17 0.0000e+00
    211.000    208.827     1.2141  29.882311     1.2136  29.880712     4.4079     4.4553    -0.0081    91.7885 1.0000e-12  -64.86056  -64.94900 345.900836      99.97 2.3791e+02    664.212      15942  1028.7141  1028.7129    34.6107    34.6092    7.78436         24 0.0000e+00
    212.000    209.816     1.2141  29.883307     1.2139  29.882037     4.4047     4.4554    -0.0056    91.7713 1.0000e-12  -64.86056  -64.94900 345.900858      99.97 2.3655e+02    666.121      15988  1028.7195  1028.7183    34.6114    34.6100    7.78434         35 0.0000e+00
    213.000    210.805     1.2152  29.885055     1.2145  29.883427     4.3975     4.4482    -0.0098    91.7693 1.0000e-12  -64.86058  -64.94900 345.900883      99.97 2.3621e+02    668.299      16040  1028.7244  1028.7234    34.6119    34.6105    7.78410         28 0.0000e+00
    214.000    211.795     1.2173  29.887990     1.2163  29.885869     4.3945     4.4476    -0.0150    91.7556 1.0000e-12  -64.86058  -64.94900 345.900893      99.97 2.3623e+02    669.193      16062  1028.7295  1028.7284    34.6127    34.6111    7.78362         22 0.0000e+00
    215.000    212.783     1.2211  29.892920     1.2203  29.891075     4.3912     4.4442    -0.0150    91.6035 1.0000e-12  -64.86058  -64.94900 345.900904      99.97 2.3623e+02    670.077      16083  1028.7352  1028.7340    34.6142    34.6127    7.78279         22 0.0000e+00
    216.000    213.774     1.2245  29.897141     1.2249  29.896354     4.3868     4.4418    -0.0116    91.7042 1.0000e-12  -64.86056  -64.94900 345.900917      99.97 2.3623e+02    671.269      16111  1028.7404  1028.7392    34.6153    34.6138    7.78206         31 0.0000e+00
    217.000    214.764     1.2281  29.901605     1.2277  29.900178     4.3845     4.4380    -0.0186    91.7288 1.0000e-12  -64.86056  -64.94899 345.900943      99.97 2.3734e+02    673.482      16165  1028.7458  1028.7447    34.6165    34.6151    7.78129         34 0.0000e+00
    218.000    215.750     1.2290  29.903117     1.2285  29.901622     4.3923     4.4323    -0.0174    91.7182 1.0000e-12  -64.86056  -64.94898 345.900958      99.97 2.3693e+02    674.775      16196  1028.7507  1028.7497    34.6168    34.6155    7.78108         22 0.0000e+00
    219.000    216.742     1.2295  29.903990     1.2290  29.902597     4.3858     4.4330    -0.0124    91.6950 1.0000e-12  -64.86056  -64.94898 345.900967      99.97 2.3623e+02    675.585      16215  1028.7554  1028.7544    34.6168    34.6155    7.78099         17 0.0000e+00
    220.000    217.728     1.2302  29.905130     1.2295  29.903472     4.3801     4.4289    -0.0076    91.6799 1.0000e-12  -64.86056  -64.94896 345.900975      99.97 2.3623e+02    676.261      16231  1028.7602  1028.7591    34.6169    34.6155    7.78085         15 0.0000e+00
    221.000    218.718     1.2323  29.907449     1.2315  29.905853     4.3766     4.4294    -0.0077    91.7192 1.0000e-12  -64.86056  -64.94897 345.900982      99.97 2.3623e+02    676.859      16246  1028.7647  1028.7639    34.6170    34.6158    7.78042         14 0.0000e+00
    222.000    219.709     1.2362  29.912328     1.2356  29.910763     4.3772     4.4293    -0.0077    91.7044 1.0000e-12  -64.86056  -64.94898 345.900989      99.97 2.3623e+02    677.450      16260  1028.7701  1028.7691    34.6183    34.6169    7.77958         15 0.0000e+00
    223.000    220.698     1.2368  29.913530     1.2362  29.911922     4.3771     4.4296    -0.0012    91.7053 1.0000e-12  -64.86056  -64.94898 345.900997      99.97 2.3623e+02    678.156      16277  1028.7751  1028.7739    34.6186    34.6171    7.77945         21 0.0000e+00
    224.000    221.687     1.2332  29.910168     1.2342  29.910159     4.3735     4.4234    -0.0066    91.7011 1.0000e-12  -64.86058  -64.94898 345.901037      99.97 2.3623e+02    681.558      16358  1028.7795  1028.7785    34.6177    34.6165    7.78020         35 0.0000e+00
    225.000    222.674     1.2377  29.915274     1.2383  29.914992     4.3676     4.4211    -0.0118    91.6947 1.0000e-12  -64.86058  -64.94898 345.901058      99.97 2.3641e+02    683.435      16403  1028.7845  1028.7837    34.6186    34.6176    7.77925         22 0.0000e+00
    226.000    223.665     1.2443  29.922606     1.2439  29.921293     4.3611     4.4175    -0.0150    91.6821 1.0000e-12  -64.86058  -64.94898 345.901068      99.97 2.3801e+02    684.281      16424  1028.7898  1028.7889    34.6202    34.6189    7.77787         20 0.0000e+00
    227.000    224.653     1.2462  29.925439     1.2463  29.924492     4.3595     4.4135    -0.0150    91.6963 1.0000e-12  -64.86058  -64.94896 345.901077      99.97 2.3799e+02    685.099      16443  1028.7951  1028.7941    34.6211    34.6198    7.77744         19 0.0000e+00
    228.000    225.644     1.2483  29.927974     1.2479  29.926699     4.3576     4.4125    -0.0150    91.7116 1.0000e-12  -64.86058  -64.94896 345.901087      99.97 2.3799e+02    685.921      16463  1028.8000  1028.7990    34.6214    34.6203    7.77701         21 0.0000e+00
    229.000    226.631     1.2496  29.929802     1.2491  29.928319     4.3533     4.4083    -0.0102    91.7236 1.0000e-12  -64.86058  -64.94896 345.901097      99.97 2.3799e+02    686.779      16484  1028.8048  1028.8038    34.6217    34.6204    7.77673         21 0.0000e+00
    230.000    227.621     1.2530  29.934043     1.2526  29.932715     4.3529     4.4064    -0.0077    91.7193 1.0000e-12  -64.86058  -64.94896 345.901108      99.97 2.3799e+02    687.695      16506  1028.8101  1028.8091    34.6228    34.6216    7.77600         22 0.0000e+00
    231.000    228.609     1.2553  29.937070     1.2548  29.935598     4.3528     4.4069    -0.0097    91.7078 1.0000e-12  -64.86058  -64.94896 345.901118      99.97 2.3799e+02    688.594      16527  1028.8153  1028.8142    34.6236    34.6223    7.77551         22 0.0000e+00
    232.000    229.599     1.2561  29.938457     1.2557  29.937024     4.3560     4.4073    -0.0139    91.6956 1.0000e-12  -64.86058  -64.94896 345.901129      99.97 2.3799e+02    689.516      16549  1028.8201  1028.8191    34.6239    34.6225    7.77533         23 0.0000e+00
    233.000    230.589     1.2563  29.939281     1.2560  29.937777     4.3527     4.4106    -0.0075    91.7133 1.0000e-12  -64.86058  -64.94897 345.901142      99.97 2.3799e+02    690.707      16578  1028.8250  1028.8239    34.6241    34.6226    7.77527         30 0.0000e+00
    234.000    231.577     1.2567  29.939886     1.2563  29.938424     4.3508     4.3947    -0.0116    91.7257 1.0000e-12  -64.86058  -64.94896 345.901187      99.97 2.3799e+02    694.549      16670  1028.8297  1028.8286    34.6239    34.6224    7.77521         33 0.0000e+00
    235.000    232.566     1.2599  29.943427     1.2592  29.941884     4.3413     4.3836    -0.0151    91.7275 1.0000e-12  -64.86058  -64.94895 345.901201      99.97 2.3799e+02    695.810      16700  1028.8345  1028.8336    34.6243    34.6232    7.77456         21 0.0000e+00
