NBP2113_155081_ctd/data/dnbp2113_052.cnv
* Sea-Bird SBE 9 Data File:
* FileName = D:\Data\raw\NBP2113_052.hex
* Software Version Seasave V 7.26.7.121
* Temperature SN = 2438
* Conductivity SN = 2067
* Number of Bytes Per Scan = 40
* Number of Voltage Words = 5
* Number of Scans Averaged by the Deck Unit = 1
* NMEA Latitude = 64 54.69 S
* NMEA Longitude = 064 40.23 W
* NMEA UTC (Time) = Dec 11 2021  16:24:27
* NMEA baud rate = 9600
** Ship: RVIB N.B. Palmer
** Cruise: NBP2113 LTER
** Station: 593.051
** Operator: S. Blackman
# nquan = 25
# nvalues = 953                         
# units = specified
# name 0 = prDM: Pressure, Digiquartz [db]
# name 1 = depSM: Depth [salt water, m]
# name 2 = t090C: Temperature [ITS-90, deg C]
# name 3 = c0mS/cm: Conductivity [mS/cm]
# name 4 = t190C: Temperature, 2 [ITS-90, deg C]
# name 5 = c1mS/cm: Conductivity, 2 [mS/cm]
# name 6 = sbeox0ML/L: Oxygen, SBE 43 [ml/l]
# name 7 = sbeox1ML/L: Oxygen, SBE 43, 2 [ml/l]
# name 8 = flECO-AFL: Fluorescence, WET Labs ECO-AFL/FL [mg/m^3]
# name 9 = CStarTr0: Beam Transmission, WET Labs C-Star [%]
# name 10 = par: PAR/Irradiance, Biospherical/Licor
# name 11 = latitude: Latitude [deg]
# name 12 = longitude: Longitude [deg]
# name 13 = timeJ: Julian Days
# name 14 = altM: Altimeter [m]
# name 15 = spar: SPAR, Biospherical/Licor
# name 16 = timeS: Time, Elapsed [seconds]
# name 17 = scan: Scan Count
# name 18 = density00: Density [density, kg/m^3]
# name 19 = density11: Density, 2 [density, kg/m^3]
# name 20 = sal00: Salinity, Practical [PSU]
# name 21 = sal11: Salinity, Practical, 2 [PSU]
# name 22 = oxsolML/L: Oxygen Saturation, Garcia & Gordon [ml/l]
# name 23 = nbin: number of scans per bin
# name 24 = flag: flag
# span 0 =      4.000,    956.000       
# span 1 =      3.962,    944.462       
# span 2 =    -0.5142,     1.4833       
# span 3 =  27.626841,  30.503159       
# span 4 =    -0.5114,     1.4830       
# span 5 =  27.628934,  30.501764       
# span 6 =     4.0498,     8.1083       
# span 7 =     4.1130,     8.1673       
# span 8 =    -0.0225,     1.7033       
# span 9 =    83.7321,    91.8596       
# span 10 = -5.309e-05, 4.0866e+02      
# span 11 =  -64.91186,  -64.91154      
# span 12 =  -64.67139,  -64.67040      
# span 13 = 345.687268, 345.703410      
# span 14 =       4.53,     101.96      
# span 15 = 1.1529e+03, 1.4155e+03      
# span 16 =    312.984,   1707.666      
# span 17 =       7513,      40985      
# span 18 =  1027.1049,  1032.2268      
# span 19 =  1027.1039,  1032.2256      
# span 20 =    33.6922,    34.6828      
# span 21 =    33.6908,    34.6815      
# span 22 =    7.72742,    8.19386      
# span 23 =         11,         50      
# span 24 = 0.0000e+00, 0.0000e+00      
# interval = decibars: 1                
# start_time = Dec 11 2021 16:24:27 [NMEA time, header]
# bad_flag = -9.990e-29
*END*
[from data line 754]
    758.000    749.204     1.4572  30.389932     1.4567  30.388568     4.0908     4.1440    -0.0115    91.6013 1.0000e-12  -64.91170  -64.67092 345.699665      99.97 1.2270e+03   1384.080      33219  1031.3067  1031.3058    34.6774    34.6761    7.73281         23 0.0000e+00
    759.000    750.191     1.4577  30.390980     1.4573  30.389576     4.0956     4.1451     0.0032    91.5948 1.0000e-12  -64.91170  -64.67092 345.699677      99.97 1.2270e+03   1385.061      33242  1031.3114  1031.3104    34.6775    34.6762    7.73270         24 0.0000e+00
    760.000    751.178     1.4578  30.391600     1.4575  30.390295     4.0925     4.1455    -0.0127    91.5943 1.0000e-12  -64.91170  -64.67092 345.699688      99.97 1.2270e+03   1386.084      33267  1031.3162  1031.3151    34.6777    34.6763    7.73268         26 0.0000e+00
    761.000    752.164     1.4577  30.391960     1.4574  30.390597     4.0901     4.1445    -0.0114    91.5756 1.0000e-12  -64.91170  -64.67094 345.699703      99.97 1.2260e+03   1387.334      33297  1031.3209  1031.3198    34.6777    34.6763    7.73270         36 0.0000e+00
    762.000    753.152     1.4580  30.393010     1.4581  30.391682     4.0921     4.1417    -0.0079    91.5782 1.0000e-12  -64.91170  -64.67093 345.699729      99.97 1.2231e+03   1389.549      33350  1031.3257  1031.3244    34.6781    34.6763    7.73260         36 0.0000e+00
    763.000    754.136     1.4583  30.393649     1.4583  30.392267     4.0917     4.1426    -0.0119    91.5770 1.0000e-12  -64.91170  -64.67092 345.699750      99.97 1.2208e+03   1391.409      33395  1031.3304  1031.3290    34.6781    34.6763    7.73256         32 0.0000e+00
    764.000    755.124     1.4582  30.393923     1.4581  30.392731     4.0876     4.1327    -0.0144    91.5829 1.0000e-12  -64.91170  -64.67090 345.699763      99.97 1.2193e+03   1392.518      33421  1031.3350  1031.3339    34.6780    34.6766    7.73259         24 0.0000e+00
    765.000    756.110     1.4577  30.393674     1.4574  30.392504     4.0894     4.1354    -0.0059    91.5638 1.0000e-12  -64.91170  -64.67090 345.699774      99.97 1.2177e+03   1393.440      33444  1031.3395  1031.3385    34.6777    34.6764    7.73270         20 0.0000e+00
    766.000    757.097     1.4579  30.394377     1.4576  30.393039     4.0888     4.1343    -0.0081    91.5940 1.0000e-12  -64.91170  -64.67090 345.699783      99.97 1.2164e+03   1394.288      33464  1031.3441  1031.3431    34.6777    34.6764    7.73265         20 0.0000e+00
    767.000    758.083     1.4582  30.395297     1.4577  30.393735     4.0906     4.1328    -0.0124    91.5020 1.0000e-12  -64.91170  -64.67090 345.699793      99.97 1.2146e+03   1395.098      33483  1031.3489  1031.3479    34.6780    34.6766    7.73258         19 0.0000e+00
    768.000    759.069     1.4580  30.395375     1.4576  30.393942     4.0891     4.1397    -0.0127    91.3679 1.0000e-12  -64.91170  -64.67091 345.699802      99.97 1.2148e+03   1395.892      33502  1031.3535  1031.3525    34.6778    34.6764    7.73263         19 0.0000e+00
    769.000    760.059     1.4581  30.395868     1.4577  30.394454     4.0987     4.1442    -0.0119    91.5738 1.0000e-12  -64.91170  -64.67092 345.699811      99.97 1.2157e+03   1396.702      33522  1031.3581  1031.3571    34.6778    34.6764    7.73261         21 0.0000e+00
    770.000    761.042     1.4582  30.396514     1.4580  30.395254     4.1011     4.1477    -0.0072    91.5630 1.0000e-12  -64.91170  -64.67092 345.699827      99.97 1.2140e+03   1398.018      33553  1031.3628  1031.3618    34.6778    34.6766    7.73258         30 0.0000e+00
    771.000    762.030     1.4582  30.397048     1.4581  30.395739     4.0930     4.1422    -0.0061    91.6005 1.0000e-12  -64.91172  -64.67090 345.699871      99.97 1.2089e+03   1401.882      33646  1031.3675  1031.3663    34.6780    34.6764    7.73257         28 0.0000e+00
    772.000    763.016     1.4586  30.397707     1.4582  30.396364     4.0882     4.1377    -0.0119    91.5796 1.0000e-12  -64.91172  -64.67089 345.699881      99.97 1.2061e+03   1402.745      33667  1031.3721  1031.3711    34.6779    34.6766    7.73251         19 0.0000e+00
    773.000    764.002     1.4586  30.398170     1.4583  30.396839     4.0863     4.1390    -0.0124    91.5634 1.0000e-12  -64.91172  -64.67088 345.699890      99.97 1.2058e+03   1403.496      33685  1031.3767  1031.3757    34.6779    34.6765    7.73251         17 0.0000e+00
    774.000    764.988     1.4587  30.398811     1.4584  30.397401     4.0893     4.1418    -0.0037    91.5403 1.0000e-12  -64.91172  -64.67088 345.699898      99.97 1.2058e+03   1404.180      33701  1031.3815  1031.3804    34.6781    34.6766    7.73248         16 0.0000e+00
    775.000    765.977     1.4588  30.399389     1.4585  30.397980     4.0878     4.1439     0.0050    91.5496 1.0000e-12  -64.91172  -64.67088 345.699906      99.97 1.2058e+03   1404.849      33717  1031.3862  1031.3850    34.6781    34.6766    7.73246         16 0.0000e+00
    776.000    766.963     1.4590  30.400006     1.4586  30.398535     4.0840     4.1425    -0.0017    91.5459 1.0000e-12  -64.91172  -64.67089 345.699914      86.20 1.2067e+03   1405.587      33735  1031.3908  1031.3897    34.6781    34.6767    7.73241         20 0.0000e+00
    777.000    767.948     1.4600  30.401384     1.4599  30.400021     4.0892     4.1399    -0.0124    91.5636 1.0000e-12  -64.91172  -64.67090 345.699929      75.04 1.2059e+03   1406.879      33766  1031.3954  1031.3941    34.6781    34.6766    7.73221         32 0.0000e+00
    778.000    768.936     1.4612  30.403208     1.4609  30.401815     4.0885     4.1430    -0.0067    91.5747 1.0000e-12  -64.91171  -64.67092 345.699954     101.96 1.2038e+03   1408.984      33817  1031.4003  1031.3992    34.6786    34.6772    7.73195         36 0.0000e+00
    779.000    769.922     1.4617  30.404126     1.4610  30.402581     4.0887     4.1437    -0.0054    91.5817 1.0000e-12  -64.91172  -64.67090 345.699969      99.97 1.2021e+03   1410.352      33849  1031.4049  1031.4040    34.6787    34.6775    7.73186         29 0.0000e+00
    780.000    770.909     1.4608  30.403778     1.4608  30.402823     4.0903     4.1434    -0.0097    91.5694 1.0000e-12  -64.91172  -64.67090 345.699982      99.97 1.2005e+03   1411.449      33876  1031.4096  1031.4087    34.6787    34.6774    7.73203         25 0.0000e+00
    781.000    771.894     1.4598  30.403017     1.4595  30.401617     4.0858     4.1447    -0.0062    91.5535 1.0000e-12  -64.91172  -64.67090 345.699995      99.97 1.2006e+03   1412.565      33903  1031.4141  1031.4130    34.6782    34.6768    7.73225         28 0.0000e+00
    782.000    772.881     1.4604  30.403881     1.4600  30.402434     4.0907     4.1402    -0.0103    91.5711 1.0000e-12  -64.91172  -64.67090 345.700012      99.97 1.2006e+03   1414.076      33939  1031.4186  1031.4175    34.6782    34.6767    7.73214         40 0.0000e+00
    783.000    773.868     1.4611  30.405177     1.4604  30.403510     4.0937     4.1379    -0.0020    91.5756 1.0000e-12  -64.91172  -64.67090 345.700029      99.97 1.1995e+03   1415.504      33973  1031.4234  1031.4224    34.6785    34.6771    7.73199         26 0.0000e+00
    784.000    774.854     1.4609  30.405295     1.4604  30.403902     4.0923     4.1403    -0.0121    91.5634 1.0000e-12  -64.91172  -64.67090 345.700040      99.97 1.1976e+03   1416.437      33995  1031.4280  1031.4270    34.6783    34.6770    7.73204         20 0.0000e+00
    785.000    775.840     1.4604  30.405296     1.4599  30.403826     4.0968     4.1405    -0.0120    91.5494 1.0000e-12  -64.91172  -64.67090 345.700048      99.97 1.1964e+03   1417.184      34013  1031.4327  1031.4316    34.6783    34.6769    7.73214         17 0.0000e+00
    786.000    776.827     1.4599  30.405211     1.4593  30.403587     4.0963     4.1413    -0.0104    91.5497 1.0000e-12  -64.91171  -64.67090 345.700056      99.97 1.1952e+03   1417.856      34030  1031.4373  1031.4362    34.6782    34.6768    7.73224         16 0.0000e+00
    787.000    777.816     1.4599  30.405779     1.4593  30.404039     4.0879     4.1420    -0.0046    91.5481 1.0000e-12  -64.91170  -64.67090 345.700064      99.97 1.1966e+03   1418.511      34045  1031.4421  1031.4409    34.6784    34.6768    7.73223         16 0.0000e+00
    788.000    778.802     1.4595  30.405849     1.4592  30.404437     4.0855     4.1433    -0.0090    91.5255 1.0000e-12  -64.91170  -64.67090 345.700073      99.97 1.1970e+03   1419.338      34065  1031.4467  1031.4455    34.6783    34.6768    7.73232         22 0.0000e+00
    789.000    779.784     1.4600  30.406568     1.4597  30.405134     4.0837     4.1356    -0.0045    91.5611 1.0000e-12  -64.91172  -64.67092 345.700124      99.97 1.1940e+03   1423.703      34170  1031.4512  1031.4500    34.6781    34.6766    7.73223         27 0.0000e+00
    790.000    780.777     1.4601  30.407222     1.4598  30.405801     4.0874     4.1379    -0.0040    91.5482 1.0000e-12  -64.91172  -64.67092 345.700134      99.97 1.1924e+03   1424.582      34191  1031.4559  1031.4548    34.6783    34.6768    7.73220         20 0.0000e+00
    791.000    781.759     1.4599  30.407591     1.4597  30.406299     4.0927     4.1398    -0.0022    91.5587 1.0000e-12  -64.91172  -64.67092 345.700143      99.97 1.1908e+03   1425.394      34210  1031.4607  1031.4596    34.6784    34.6770    7.73222         20 0.0000e+00
    792.000    782.745     1.4603  30.408258     1.4599  30.406958     4.0918     4.1405    -0.0035    91.5753 1.0000e-12  -64.91172  -64.67090 345.700153      99.97 1.1899e+03   1426.206      34230  1031.4652  1031.4642    34.6782    34.6770    7.73216         19 0.0000e+00
    793.000    783.733     1.4605  30.409121     1.4602  30.407741     4.0829     4.1374    -0.0066    91.5832 1.0000e-12  -64.91172  -64.67090 345.700162      99.97 1.1901e+03   1427.026      34250  1031.4700  1031.4689    34.6785    34.6771    7.73210         20 0.0000e+00
    794.000    784.719     1.4604  30.409391     1.4600  30.407841     4.0868     4.1431    -0.0137    91.5765 1.0000e-12  -64.91172  -64.67090 345.700173      99.97 1.1917e+03   1427.900      34271  1031.4746  1031.4734    34.6784    34.6769    7.73212         22 0.0000e+00
    795.000    785.706     1.4596  30.408885     1.4594  30.407704     4.0877     4.1447    -0.0201    91.5723 1.0000e-12  -64.91171  -64.67091 345.700183      99.97 1.1917e+03   1428.837      34293  1031.4791  1031.4781    34.6781    34.6769    7.73230         24 0.0000e+00
    796.000    786.692     1.4597  30.409438     1.4594  30.407999     4.0862     4.1419    -0.0128    91.5821 1.0000e-12  -64.91170  -64.67092 345.700196      99.97 1.1916e+03   1429.908      34319  1031.4838  1031.4826    34.6782    34.6767    7.73228         29 0.0000e+00
    797.000    787.678     1.4599  30.409991     1.4598  30.408721     4.0881     4.1398    -0.0047    91.5914 1.0000e-12  -64.91171  -64.67095 345.700215      99.97 1.1900e+03   1431.609      34360  1031.4883  1031.4871    34.6780    34.6766    7.73223         38 0.0000e+00
    798.000    788.666     1.4601  30.410669     1.4599  30.409236     4.0981     4.1405    -0.0031    91.6111 1.0000e-12  -64.91172  -64.67096 345.700239      99.97 1.1894e+03   1433.633      34408  1031.4929  1031.4917    34.6781    34.6766    7.73219         35 0.0000e+00
    799.000    789.651     1.4602  30.411148     1.4600  30.409741     4.0913     4.1392    -0.0038    91.6169 1.0000e-12  -64.91172  -64.67095 345.700255      99.97 1.1878e+03   1435.061      34442  1031.4976  1031.4964    34.6781    34.6766    7.73218         28 0.0000e+00
    800.000    790.638     1.4601  30.411589     1.4600  30.410377     4.0888     4.1406     0.0042    91.5577 1.0000e-12  -64.91172  -64.67094 345.700268      99.97 1.1864e+03   1436.157      34469  1031.5023  1031.5012    34.6782    34.6768    7.73219         24 0.0000e+00
    801.000    791.623     1.4607  30.412532     1.4606  30.411270     4.0906     4.1354     0.0002    91.6018 1.0000e-12  -64.91172  -64.67094 345.700279      99.97 1.1864e+03   1437.096      34491  1031.5068  1031.5057    34.6782    34.6767    7.73207         21 0.0000e+00
    802.000    792.611     1.4606  30.412979     1.4602  30.411576     4.0917     4.1337    -0.0019    91.6064 1.0000e-12  -64.91172  -64.67094 345.700289      99.97 1.1870e+03   1437.949      34512  1031.5117  1031.5106    34.6784    34.6770    7.73209         20 0.0000e+00
    803.000    793.596     1.4596  30.412248     1.4593  30.410875     4.0877     4.1381    -0.0047    91.6187 1.0000e-12  -64.91172  -64.67095 345.700299      99.97 1.1882e+03   1438.809      34532  1031.5161  1031.5150    34.6779    34.6765    7.73231         22 0.0000e+00
    804.000    794.582     1.4600  30.413182     1.4599  30.411993     4.0896     4.1435    -0.0124    91.6036 1.0000e-12  -64.91172  -64.67096 345.700310      99.97 1.1881e+03   1439.764      34555  1031.5208  1031.5197    34.6781    34.6767    7.73221         25 0.0000e+00
    805.000    795.572     1.4603  30.413875     1.4601  30.412535     4.0909     4.1436    -0.0114    91.6077 1.0000e-12  -64.91172  -64.67096 345.700324      99.97 1.1865e+03   1441.017      34585  1031.5254  1031.5242    34.6781    34.6766    7.73216         34 0.0000e+00
    806.000    796.556     1.4605  30.414503     1.4602  30.413119     4.0849     4.1348    -0.0005    91.5793 1.0000e-12  -64.91172  -64.67098 345.700343      99.97 1.1864e+03   1442.602      34623  1031.5301  1031.5289    34.6781    34.6767    7.73212         37 0.0000e+00
    807.000    797.542     1.4608  30.415282     1.4606  30.413946     4.0900     4.1414    -0.0002    91.5877 1.0000e-12  -64.91172  -64.67098 345.700361      99.97 1.1864e+03   1444.154      34661  1031.5347  1031.5336    34.6782    34.6768    7.73205         41 0.0000e+00
    808.000    798.528     1.4610  30.415908     1.4608  30.414540     4.0799     4.1405     0.0002    91.6158 1.0000e-12  -64.91172  -64.67098 345.700382      99.97 1.1863e+03   1445.975      34704  1031.5394  1031.5383    34.6783    34.6768    7.73201         39 0.0000e+00
    809.000    799.514     1.4610  30.416344     1.4606  30.414894     4.0892     4.1412    -0.0112    91.6305 1.0000e-12  -64.91172  -64.67098 345.700397      99.97 1.1847e+03   1447.331      34737  1031.5440  1031.5429    34.6782    34.6768    7.73201         25 0.0000e+00
    810.000    800.503     1.4611  30.416800     1.4608  30.415387     4.0851     4.1417    -0.0027    91.6136 1.0000e-12  -64.91172  -64.67098 345.700408      99.97 1.1847e+03   1448.254      34759  1031.5486  1031.5475    34.6782    34.6768    7.73200         20 0.0000e+00
    811.000    801.487     1.4613  30.417618     1.4611  30.416267     4.0911     4.1400    -0.0085    91.5781 1.0000e-12  -64.91172  -64.67098 345.700417      99.97 1.1847e+03   1449.042      34778  1031.5534  1031.5523    34.6784    34.6770    7.73194         19 0.0000e+00
    812.000    802.475     1.4613  30.417851     1.4610  30.416627     4.0906     4.1392    -0.0104    91.5853 1.0000e-12  -64.91172  -64.67098 345.700426      99.97 1.1847e+03   1449.819      34797  1031.5579  1031.5569    34.6782    34.6769    7.73196         19 0.0000e+00
    813.000    803.460     1.4624  30.419650     1.4621  30.418343     4.0934     4.1398    -0.0025    91.5756 1.0000e-12  -64.91172  -64.67099 345.700436      99.97 1.1847e+03   1450.691      34818  1031.5628  1031.5618    34.6787    34.6774    7.73171         23 0.0000e+00
    814.000    804.450     1.4620  30.419650     1.4616  30.418110     4.0908     4.1413     0.0044    91.5754 1.0000e-12  -64.91172  -64.67100 345.700451      99.96 1.1847e+03   1451.974      34848  1031.5674  1031.5662    34.6786    34.6771    7.73180         30 0.0000e+00
