NBP2113_155081_ctd/data/dnbp2113_066.cnv
* Sea-Bird SBE 9 Data File:
* FileName = D:\Data\raw\NBP2113_066.hex
* Software Version Seasave V 7.26.7.121
* Temperature SN = 2438
* Conductivity SN = 2067
* Number of Bytes Per Scan = 40
* Number of Voltage Words = 5
* Number of Scans Averaged by the Deck Unit = 1
* NMEA Latitude = 64 10.22 S
* NMEA Longitude = 061 54.36 W
* NMEA UTC (Time) = Dec 14 2021  16:02:10
* NMEA baud rate = 9600
** Ship: RVIB N.B. Palmer
** Cruise: NBP2113 LTER
** Station: 742.003
** Operator: S. Blackman
# nquan = 25
# nvalues = 772                         
# units = specified
# name 0 = prDM: Pressure, Digiquartz [db]
# name 1 = depSM: Depth [salt water, m]
# name 2 = t090C: Temperature [ITS-90, deg C]
# name 3 = c0mS/cm: Conductivity [mS/cm]
# name 4 = t190C: Temperature, 2 [ITS-90, deg C]
# name 5 = c1mS/cm: Conductivity, 2 [mS/cm]
# name 6 = sbeox0ML/L: Oxygen, SBE 43 [ml/l]
# name 7 = sbeox1ML/L: Oxygen, SBE 43, 2 [ml/l]
# name 8 = flECO-AFL: Fluorescence, WET Labs ECO-AFL/FL [mg/m^3]
# name 9 = CStarTr0: Beam Transmission, WET Labs C-Star [%]
# name 10 = par: PAR/Irradiance, Biospherical/Licor
# name 11 = latitude: Latitude [deg]
# name 12 = longitude: Longitude [deg]
# name 13 = timeJ: Julian Days
# name 14 = altM: Altimeter [m]
# name 15 = spar: SPAR, Biospherical/Licor
# name 16 = timeS: Time, Elapsed [seconds]
# name 17 = scan: Scan Count
# name 18 = density00: Density [density, kg/m^3]
# name 19 = density11: Density, 2 [density, kg/m^3]
# name 20 = sal00: Salinity, Practical [PSU]
# name 21 = sal11: Salinity, Practical, 2 [PSU]
# name 22 = oxsolML/L: Oxygen Saturation, Garcia & Gordon [ml/l]
# name 23 = nbin: number of scans per bin
# name 24 = flag: flag
# span 0 =      4.000,    775.000       
# span 1 =      3.962,    766.018       
# span 2 =    -0.6632,     0.5043       
# span 3 =  28.176150,  29.050659       
# span 4 =    -0.6640,     0.5053       
# span 5 =  28.174015,  29.049858       
# span 6 =     5.3905,     7.5427       
# span 7 =     5.4708,     7.6224       
# span 8 =    -0.0297,     0.9619       
# span 9 =    82.2938,    90.0732       
# span 10 = 1.0000e-12, 3.1118e+02      
# span 11 =  -64.17042,  -64.16964      
# span 12 =  -61.90620,  -61.90516      
# span 13 = 348.671590, 348.684496      
# span 14 =       9.42,     100.00      
# span 15 = 7.8250e+02, 1.4412e+03      
# span 16 =    295.381,   1410.421      
# span 17 =       7090,      33851      
# span 18 =  1027.3142,  1031.4359      
# span 19 =  1027.3127,  1031.4348      
# span 20 =    34.0285,    34.5482      
# span 21 =    34.0265,    34.5470      
# span 22 =    7.95974,    8.18237      
# span 23 =         12,         63      
# span 24 = 0.0000e+00, 0.0000e+00      
# interval = decibars: 1                
# start_time = Dec 14 2021 16:02:10 [NMEA time, header]
# bad_flag = -9.990e-29
*END*
[from data line 464]
    468.000    462.918    -0.5257  28.445080    -0.5262  28.443470     6.0761     6.1435    -0.0223    89.9298 1.0000e-12  -64.16992  -61.90546 348.679219      99.97 7.9158e+02    954.558      22910  1029.9741  1029.9728    34.5231    34.5215    8.14851         29 0.0000e+00
    469.000    463.903    -0.5241  28.447152    -0.5243  28.445812     6.0736     6.1361    -0.0200    89.9211 1.0000e-12  -64.16992  -61.90546 348.679233      99.97 7.9153e+02    955.715      22938  1029.9789  1029.9777    34.5235    34.5219    8.14814         28 0.0000e+00
    470.000    464.892    -0.5237  28.447991    -0.5239  28.446628     6.0802     6.1363    -0.0178    89.9424 1.0000e-12  -64.16992  -61.90545 348.679247      99.97 7.9081e+02    956.911      22967  1029.9837  1029.9824    34.5235    34.5219    8.14806         29 0.0000e+00
    471.000    465.880    -0.5235  28.448567    -0.5237  28.447265     6.0779     6.1334    -0.0224    89.9335 1.0000e-12  -64.16992  -61.90546 348.679261      99.97 7.8976e+02    958.136      22996  1029.9884  1029.9872    34.5235    34.5220    8.14802         29 0.0000e+00
    472.000    466.868    -0.5235  28.449104    -0.5236  28.447801     6.0816     6.1308    -0.0263    89.9513 1.0000e-12  -64.16992  -61.90544 348.679274      99.97 7.8977e+02    959.308      23024  1029.9933  1029.9920    34.5237    34.5220    8.14802         28 0.0000e+00
    473.000    467.857    -0.5235  28.449431    -0.5237  28.448185     6.0753     6.1320    -0.0164    89.9602 1.0000e-12  -64.16992  -61.90545 348.679288      99.97 7.8845e+02    960.485      23053  1029.9979  1029.9967    34.5235    34.5220    8.14803         29 0.0000e+00
    474.000    468.844    -0.5227  28.450501    -0.5227  28.449500     6.0721     6.1279    -0.0236    89.9532 1.0000e-12  -64.16992  -61.90545 348.679302      99.97 7.8801e+02    961.726      23082  1030.0025  1030.0014    34.5234    34.5220    8.14786         30 0.0000e+00
    475.000    469.833    -0.5213  28.452340    -0.5214  28.451154     6.0721     6.1280    -0.0167    89.9523 1.0000e-12  -64.16992  -61.90545 348.679317      99.97 7.8639e+02    962.948      23112  1030.0073  1030.0062    34.5236    34.5222    8.14753         29 0.0000e+00
    476.000    470.820    -0.5203  28.453765    -0.5203  28.452675     6.0688     6.1300    -0.0150    89.9532 1.0000e-12  -64.16992  -61.90544 348.679330      99.97 7.8625e+02    964.146      23141  1030.0121  1030.0109    34.5238    34.5223    8.14731         28 0.0000e+00
    477.000    471.809    -0.5182  28.456155    -0.5185  28.454692     6.0619     6.1313    -0.0150    89.9299 1.0000e-12  -64.16992  -61.90544 348.679344      99.97 7.8625e+02    965.357      23170  1030.0169  1030.0156    34.5241    34.5225    8.14686         30 0.0000e+00
    478.000    472.796    -0.5169  28.457759    -0.5167  28.456690     6.0482     6.1309    -0.0165    89.9487 1.0000e-12  -64.16992  -61.90544 348.679359      99.97 7.8625e+02    966.581      23199  1030.0216  1030.0203    34.5241    34.5225    8.14657         29 0.0000e+00
    479.000    473.784    -0.5121  28.462465    -0.5112  28.462245     6.0420     6.1207    -0.0224    89.9377 1.0000e-12  -64.16992  -61.90544 348.679373      99.97 7.8625e+02    967.819      23229  1030.0261  1030.0250    34.5244    34.5231    8.14552         30 0.0000e+00
    480.000    474.772    -0.5061  28.468827    -0.5071  28.466875     6.0396     6.1149    -0.0191    89.9319 1.0000e-12  -64.16992  -61.90544 348.679387      99.97 7.8625e+02    969.046      23258  1030.0314  1030.0302    34.5256    34.5240    8.14417         29 0.0000e+00
    481.000    475.760    -0.5065  28.469361    -0.5066  28.468094     6.0412     6.1102    -0.0150    89.9375 1.0000e-12  -64.16992  -61.90544 348.679401      99.97 7.8625e+02    970.226      23286  1030.0366  1030.0353    34.5261    34.5245    8.14422         28 0.0000e+00
    482.000    476.749    -0.5099  28.466810    -0.5097  28.466093     6.0414     6.1079    -0.0188    89.9293 1.0000e-12  -64.16992  -61.90544 348.679414      99.97 7.8625e+02    971.373      23314  1030.0416  1030.0405    34.5260    34.5247    8.14496         27 0.0000e+00
    483.000    477.735    -0.5108  28.466517    -0.5108  28.465387     6.0356     6.1084    -0.0176    89.9449 1.0000e-12  -64.16990  -61.90544 348.679427      99.97 7.8625e+02    972.521      23342  1030.0464  1030.0452    34.5259    34.5245    8.14515         28 0.0000e+00
    484.000    478.724    -0.5098  28.467774    -0.5100  28.466432     6.0400     6.1106    -0.0198    89.9346 1.0000e-12  -64.16990  -61.90544 348.679441      99.97 7.8644e+02    973.702      23370  1030.0510  1030.0498    34.5260    34.5243    8.14494         28 0.0000e+00
    485.000    479.711    -0.5097  28.468298    -0.5099  28.467024     6.0306     6.1032    -0.0166    89.9215 1.0000e-12  -64.16990  -61.90544 348.679455      99.97 7.8803e+02    974.931      23399  1030.0557  1030.0546    34.5259    34.5244    8.14491         31 0.0000e+00
    486.000    480.701    -0.5080  28.470271    -0.5085  28.468665     6.0315     6.0991    -0.0215    89.9590 1.0000e-12  -64.16990  -61.90544 348.679470      99.97 7.8801e+02    976.211      23430  1030.0605  1030.0592    34.5260    34.5244    8.14455         30 0.0000e+00
    487.000    481.687    -0.5071  28.471635    -0.5076  28.470106     6.0235     6.1029    -0.0158    89.9460 1.0000e-12  -64.16990  -61.90542 348.679484      99.97 7.8716e+02    977.420      23459  1030.0653  1030.0641    34.5262    34.5248    8.14434         29 0.0000e+00
    488.000    482.675    -0.5067  28.472367    -0.5067  28.471435     6.0164     6.0874    -0.0221    89.9323 1.0000e-12  -64.16990  -61.90542 348.679497      99.97 7.8626e+02    978.570      23487  1030.0699  1030.0690    34.5261    34.5249    8.14426         27 0.0000e+00
    489.000    483.663    -0.5042  28.475208    -0.5042  28.474166     6.0101     6.0840    -0.0224    89.9425 1.0000e-12  -64.16990  -61.90542 348.679511      99.97 7.8607e+02    979.751      23515  1030.0747  1030.0737    34.5265    34.5251    8.14370         29 0.0000e+00
    490.000    484.652    -0.4992  28.479873    -0.5002  28.477934     6.0227     6.0866    -0.0200    89.9207 1.0000e-12  -64.16990  -61.90542 348.679525      99.97 7.8683e+02    980.955      23544  1030.0791  1030.0780    34.5265    34.5250    8.14263         28 0.0000e+00
    491.000    485.639    -0.5006  28.479577    -0.4998  28.479394     6.0050     6.0789    -0.0150    89.9367 1.0000e-12  -64.16990  -61.90542 348.679538      99.97 7.8801e+02    982.109      23572  1030.0845  1030.0835    34.5271    34.5259    8.14290         28 0.0000e+00
    492.000    486.628    -0.5002  28.479802    -0.5019  28.476907     5.9933     6.0641    -0.0142    89.9184 1.0000e-12  -64.16990  -61.90542 348.679552      99.97 7.8963e+02    983.258      23599  1030.0886  1030.0872    34.5263    34.5243    8.14285         28 0.0000e+00
    493.000    487.615    -0.4827  28.496247    -0.4856  28.492766     5.9996     6.0684    -0.0187    89.9163 1.0000e-12  -64.16990  -61.90542 348.679566      99.97 7.8977e+02    984.469      23628  1030.0931  1030.0922    34.5279    34.5266    8.13900         30 0.0000e+00
    494.000    488.603    -0.4914  28.489393    -0.4922  28.487801     5.9831     6.0535    -0.0175    89.9662 1.0000e-12  -64.16990  -61.90542 348.679580      99.97 7.8977e+02    985.732      23659  1030.0988  1030.0978    34.5280    34.5268    8.14088         30 0.0000e+00
    495.000    489.591    -0.4859  28.494069    -0.4880  28.491027     5.9420     6.0345    -0.0261    89.9618 1.0000e-12  -64.16990  -61.90542 348.679595      99.97 7.9008e+02    986.984      23689  1030.1026  1030.1014    34.5275    34.5258    8.13973         30 0.0000e+00
    496.000    490.579    -0.4627  28.515596    -0.4604  28.516510     5.9262     6.0208    -0.0156    89.9646 1.0000e-12  -64.16990  -61.90542 348.679608      99.97 7.9185e+02    988.163      23717  1030.1070  1030.1057    34.5294    34.5281    8.13465         27 0.0000e+00
    497.000    491.567    -0.4583  28.520977    -0.4590  28.519465     5.9169     6.0152    -0.0150    89.9637 1.0000e-12  -64.16990  -61.90542 348.679622      99.97 7.9332e+02    989.305      23744  1030.1128  1030.1118    34.5311    34.5297    8.13361         27 0.0000e+00
    498.000    492.555    -0.4547  28.524880    -0.4542  28.524355     5.9226     6.0148    -0.0280    89.9609 1.0000e-12  -64.16990  -61.90542 348.679635      99.97 7.9453e+02    990.478      23772  1030.1178  1030.1167    34.5316    34.5303    8.13281         30 0.0000e+00
    499.000    493.542    -0.4541  28.525999    -0.4542  28.524900     5.9359     6.0112    -0.0150    89.9789 1.0000e-12  -64.16990  -61.90542 348.679649      99.97 7.9537e+02    991.688      23802  1030.1227  1030.1217    34.5318    34.5305    8.13266         28 0.0000e+00
    500.000    494.530    -0.4548  28.525671    -0.4557  28.524056     5.9398     6.0104    -0.0163    89.9446 1.0000e-12  -64.16990  -61.90542 348.679663      99.97 7.9683e+02    992.864      23830  1030.1275  1030.1266    34.5316    34.5304    8.13283         28 0.0000e+00
    501.000    495.519    -0.4549  28.526185    -0.4560  28.524114     5.9393     6.0114    -0.0221    90.0039 1.0000e-12  -64.16990  -61.90542 348.679676      99.97 7.9827e+02    994.002      23857  1030.1324  1030.1313    34.5318    34.5302    8.13284         27 0.0000e+00
    502.000    496.507    -0.4545  28.527066    -0.4549  28.525595     5.9327     6.0115    -0.0224    89.9910 1.0000e-12  -64.16990  -61.90542 348.679689      99.97 7.9859e+02    995.135      23884  1030.1373  1030.1361    34.5318    34.5304    8.13274         28 0.0000e+00
    503.000    497.494    -0.4546  28.527516    -0.4551  28.526115     5.9368     6.0080    -0.0221    90.0264 1.0000e-12  -64.16990  -61.90542 348.679703      99.97 7.9877e+02    996.319      23913  1030.1422  1030.1411    34.5320    34.5307    8.13276         29 0.0000e+00
    504.000    498.482    -0.4540  28.528539    -0.4543  28.527312     5.9378     6.0055    -0.0180    90.0381 1.0000e-12  -64.16989  -61.90541 348.679717      99.97 8.0029e+02    997.559      23942  1030.1470  1030.1460    34.5321    34.5307    8.13263         30 0.0000e+00
    505.000    499.469    -0.4534  28.529560    -0.4536  28.528338     5.9368     6.0060    -0.0190    90.0321 1.0000e-12  -64.16988  -61.90541 348.679732      99.97 8.0159e+02    998.816      23973  1030.1518  1030.1507    34.5322    34.5308    8.13250         30 0.0000e+00
    506.000    500.458    -0.4538  28.529652    -0.4542  28.528300     5.9312     6.0020    -0.0273    90.0382 1.0000e-12  -64.16988  -61.90540 348.679746      99.97 8.0211e+02   1000.068      24003  1030.1566  1030.1555    34.5321    34.5308    8.13258         30 0.0000e+00
    507.000    501.446    -0.4542  28.529736    -0.4548  28.528243     5.9311     6.0009    -0.0102    90.0424 1.0000e-12  -64.16988  -61.90540 348.679760      99.97 8.0380e+02   1001.264      24031  1030.1613  1030.1603    34.5321    34.5308    8.13267         28 0.0000e+00
    508.000    502.433    -0.4539  28.530358    -0.4545  28.528912     5.9363     6.0071    -0.0204    90.0617 1.0000e-12  -64.16988  -61.90540 348.679773      99.96 8.0432e+02   1002.406      24059  1030.1660  1030.1650    34.5320    34.5307    8.13261         27 0.0000e+00
    509.000    503.422    -0.4536  28.531122    -0.4538  28.530005     5.9334     6.0047    -0.0285    90.0670 1.0000e-12  -64.16988  -61.90540 348.679786      99.97 8.0563e+02   1003.511      24085  1030.1708  1030.1698    34.5321    34.5308    8.13254         26 0.0000e+00
    510.000    504.408    -0.4540  28.531143    -0.4540  28.530183     5.9295     6.0025    -0.0151    90.0553 1.0000e-12  -64.16988  -61.90540 348.679799      99.97 8.0564e+02   1004.620      24112  1030.1755  1030.1745    34.5320    34.5307    8.13264         27 0.0000e+00
    511.000    505.397    -0.4535  28.532157    -0.4542  28.530430     5.9411     6.0051    -0.0145    90.0716 1.0000e-12  -64.16988  -61.90540 348.679813      99.97 8.0710e+02   1005.809      24140  1030.1803  1030.1792    34.5322    34.5307    8.13252         30 0.0000e+00
    512.000    506.385    -0.4540  28.532100    -0.4546  28.530601     5.9481     6.0018    -0.0222    90.0074 1.0000e-12  -64.16988  -61.90540 348.679827      99.97 8.0740e+02   1007.095      24171  1030.1851  1030.1840    34.5320    34.5307    8.13263         31 0.0000e+00
    513.000    507.372    -0.4557  28.530825    -0.4559  28.529776     5.9732     6.0174    -0.0222    90.0591 1.0000e-12  -64.16988  -61.90540 348.679842      99.97 8.0834e+02   1008.362      24202  1030.1897  1030.1887    34.5317    34.5305    8.13302         30 0.0000e+00
    514.000    508.360    -0.4697  28.520610    -0.4709  28.518440     5.9800     6.0300    -0.0150    90.0348 1.0000e-12  -64.16988  -61.90540 348.679856      99.97 8.0917e+02   1009.576      24231  1030.1969  1030.1957    34.5333    34.5317    8.13592         28 0.0000e+00
    515.000    509.349    -0.4907  28.501330    -0.4909  28.500145     5.9836     6.0362    -0.0067    90.0720 1.0000e-12  -64.16988  -61.90540 348.679870      99.97 8.0989e+02   1010.728      24258  1030.2012  1030.2002    34.5306    34.5292    8.14057         27 0.0000e+00
    516.000    510.337    -0.4919  28.500379    -0.4921  28.499243     5.9867     6.0313    -0.0183    90.0563 1.0000e-12  -64.16988  -61.90540 348.679882      99.97 8.1093e+02   1011.829      24285  1030.2055  1030.2046    34.5301    34.5289    8.14086         27 0.0000e+00
    517.000    511.323    -0.4919  28.500820    -0.4922  28.499649     5.9767     6.0349    -0.0211    90.0562 1.0000e-12  -64.16988  -61.90540 348.679896      99.97 8.1111e+02   1012.991      24313  1030.2101  1030.2092    34.5301    34.5289    8.14085         29 0.0000e+00
    518.000    512.312    -0.4961  28.497966    -0.4961  28.497108     5.9827     6.0373    -0.0147    90.0648 1.0000e-12  -64.16988  -61.90540 348.679909      99.97 8.1269e+02   1014.168      24341  1030.2155  1030.2145    34.5305    34.5293    8.14175         27 0.0000e+00
    519.000    513.299    -0.4991  28.495957    -0.4993  28.494832     5.9711     6.0382    -0.0250    90.0525 1.0000e-12  -64.16986  -61.90538 348.679923      99.97 8.1269e+02   1015.346      24369  1030.2204  1030.2194    34.5305    34.5293    8.14237         29 0.0000e+00
    520.000    514.287    -0.5005  28.495183    -0.5006  28.494175     5.9838     6.0453    -0.0297    90.0732 1.0000e-12  -64.16986  -61.90538 348.679937      99.97 8.1404e+02   1016.551      24398  1030.2252  1030.2242    34.5305    34.5293    8.14269         29 0.0000e+00
    521.000    515.275    -0.5012  28.495147    -0.5013  28.494128     5.9836     6.0419    -0.0232    90.0552 1.0000e-12  -64.16986  -61.90538 348.679950      99.97 8.1452e+02   1017.712      24426  1030.2300  1030.2289    34.5307    34.5293    8.14283         27 0.0000e+00
    522.000    516.261    -0.5012  28.495485    -0.5016  28.494364     5.9785     6.0369    -0.0151    90.0598 1.0000e-12  -64.16986  -61.90538 348.679963      99.97 8.1619e+02   1018.839      24453  1030.2345  1030.2336    34.5305    34.5294    8.14283         28 0.0000e+00
    523.000    517.250    -0.5015  28.495794    -0.5021  28.494407     5.9775     6.0402    -0.0280    90.0536 1.0000e-12  -64.16986  -61.90538 348.679977      99.97 8.1633e+02   1020.029      24482  1030.2393  1030.2384    34.5307    34.5295    8.14289         29 0.0000e+00
    524.000    518.238    -0.5026  28.495356    -0.5031  28.494040     5.9769     6.0454    -0.0147    90.0321 1.0000e-12  -64.16986  -61.90538 348.679991      99.97 8.1799e+02   1021.254      24511  1030.2441  1030.2431    34.5307    34.5295    8.14312         29 0.0000e+00
