NBP2113_155081_ctd/data/dnbp2113_055.cnv
* Sea-Bird SBE 9 Data File:
* FileName = D:\Data\raw\NBP2113_055.hex
* Software Version Seasave V 7.26.7.121
* Temperature SN = 2438
* Conductivity SN = 2067
* Number of Bytes Per Scan = 40
* Number of Voltage Words = 5
* Number of Scans Averaged by the Deck Unit = 1
* NMEA Latitude = 64 51.63 S
* NMEA Longitude = 064 56.94 W
* NMEA UTC (Time) = Dec 11 2021  21:26:08
* NMEA baud rate = 9600
** Ship: RVIB N.B. Palmer
** Cruise: NBP2113 LTER
** Station: 589.065
** Operator: S. Blackman
# nquan = 25
# nvalues = 443                         
# units = specified
# name 0 = prDM: Pressure, Digiquartz [db]
# name 1 = depSM: Depth [salt water, m]
# name 2 = t090C: Temperature [ITS-90, deg C]
# name 3 = c0mS/cm: Conductivity [mS/cm]
# name 4 = t190C: Temperature, 2 [ITS-90, deg C]
# name 5 = c1mS/cm: Conductivity, 2 [mS/cm]
# name 6 = sbeox0ML/L: Oxygen, SBE 43 [ml/l]
# name 7 = sbeox1ML/L: Oxygen, SBE 43, 2 [ml/l]
# name 8 = flECO-AFL: Fluorescence, WET Labs ECO-AFL/FL [mg/m^3]
# name 9 = CStarTr0: Beam Transmission, WET Labs C-Star [%]
# name 10 = par: PAR/Irradiance, Biospherical/Licor
# name 11 = latitude: Latitude [deg]
# name 12 = longitude: Longitude [deg]
# name 13 = timeJ: Julian Days
# name 14 = altM: Altimeter [m]
# name 15 = spar: SPAR, Biospherical/Licor
# name 16 = timeS: Time, Elapsed [seconds]
# name 17 = scan: Scan Count
# name 18 = density00: Density [density, kg/m^3]
# name 19 = density11: Density, 2 [density, kg/m^3]
# name 20 = sal00: Salinity, Practical [PSU]
# name 21 = sal11: Salinity, Practical, 2 [PSU]
# name 22 = oxsolML/L: Oxygen Saturation, Garcia & Gordon [ml/l]
# name 23 = nbin: number of scans per bin
# name 24 = flag: flag
# span 0 =      5.000,    447.000       
# span 1 =      4.951,    442.148       
# span 2 =    -0.5498,     1.4635       
# span 3 =  27.523945,  30.262477       
# span 4 =    -0.5608,     1.4631       
# span 5 =  27.512948,  30.260983       
# span 6 =     4.0874,     8.2213       
# span 7 =     4.1401,     8.1982       
# span 8 =    -0.0226,     1.8003       
# span 9 =    82.5439,    91.8275       
# span 10 = 1.0000e-12, 8.3956e+01      
# span 11 =  -64.86064,  -64.86054      
# span 12 =  -64.94917,  -64.94854      
# span 13 = 345.896197, 345.904426      
# span 14 =       8.52,      99.97      
# span 15 = 1.9850e+02, 2.8028e+02      
# span 16 =    263.443,    974.437      
# span 17 =       6324,      23387      
# span 18 =  1027.0247,  1029.8611      
# span 19 =  1027.0200,  1029.8599      
# span 20 =    33.5906,    34.6841      
# span 21 =    33.5818,    34.6828      
# span 22 =    7.73121,    8.20735      
# span 23 =         13,         46      
# span 24 = 0.0000e+00, 0.0000e+00      
# interval = decibars: 1                
# start_time = Dec 11 2021 21:26:08 [NMEA time, header]
# bad_flag = -9.990e-29
*END*
[from data line 116]
    121.000    119.779     0.5095  29.120173     0.5053  29.113646     5.1961     5.2971     0.0145    91.3791 5.8823e-02  -64.86056  -64.94909 345.899600      99.97 2.5033e+02    557.482      13381  1028.2139  1028.2112    34.4608    34.4569    7.93475         41 0.0000e+00
    122.000    120.769     0.5393  29.151313     0.5399  29.150571     5.2080     5.2803     0.0202    91.4037 5.5120e-02  -64.86056  -64.94908 345.899620      99.97 2.5215e+02    559.143      13420  1028.2221  1028.2208    34.4676    34.4660    7.92826         27 0.0000e+00
    123.000    121.758     0.5395  29.151771     0.5393  29.150480     5.2159     5.2773     0.0134    91.3976 5.1050e-02  -64.86056  -64.94908 345.899631      99.97 2.5209e+02    560.094      13443  1028.2271  1028.2259    34.4674    34.4659    7.92824         20 0.0000e+00
    124.000    122.750     0.5402  29.153054     0.5400  29.151505     5.2029     5.2777     0.0190    91.4184 4.6512e-02  -64.86056  -64.94908 345.899640      99.97 2.5209e+02    560.884      13462  1028.2323  1028.2309    34.4677    34.4659    7.92807         19 0.0000e+00
    125.000    123.737     0.5419  29.154676     0.5414  29.153298     5.1988     5.2795     0.0143    91.4151 4.2280e-02  -64.86056  -64.94908 345.899649      97.83 2.5209e+02    561.715      13482  1028.2369  1028.2359    34.4673    34.4661    7.92774         22 0.0000e+00
    126.000    124.728     0.5506  29.164046     0.5483  29.160595     5.2128     5.2739     0.0168    91.4014 3.8473e-02  -64.86056  -64.94908 345.899663      99.61 2.5209e+02    562.867      13510  1028.2427  1028.2414    34.4692    34.4673    7.92585         33 0.0000e+00
    127.000    125.718     0.5522  29.166590     0.5532  29.165904     5.2116     5.2610     0.0230    91.4219 3.3676e-02  -64.86056  -64.94908 345.899686      99.97 2.5189e+02    564.870      13558  1028.2486  1028.2468    34.4701    34.4681    7.92547         44 0.0000e+00
    128.000    126.707     0.5546  29.169441     0.5547  29.168386     5.1972     5.2538     0.0076    91.4336 3.1302e-02  -64.86056  -64.94906 345.899704      99.97 2.5029e+02    566.417      13595  1028.2538  1028.2526    34.4706    34.4692    7.92495         27 0.0000e+00
    129.000    127.696     0.5514  29.165640     0.5500  29.163343     5.1595     5.2203     0.0044    91.4357 2.8127e-02  -64.86056  -64.94906 345.899715      99.97 2.5033e+02    567.387      13618  1028.2576  1028.2565    34.4687    34.4672    7.92573         21 0.0000e+00
    130.000    128.686     0.5694  29.183709     0.5661  29.179037     5.1060     5.1875     0.0025    91.4324 2.5147e-02  -64.86056  -64.94906 345.899724      99.97 2.5033e+02    568.181      13637  1028.2629  1028.2613    34.4715    34.4691    7.92188         18 0.0000e+00
    131.000    129.677     0.5897  29.204240     0.5883  29.202006     5.0685     5.1633    -0.0022    91.4236 2.1874e-02  -64.86056  -64.94906 345.899733      99.97 2.5033e+02    568.967      13656  1028.2689  1028.2679    34.4750    34.4737    7.91753         20 0.0000e+00
    132.000    130.665     0.6254  29.241634     0.6245  29.239942     5.0491     5.1519     0.0044    91.4210 1.8727e-02  -64.86056  -64.94906 345.899744      99.97 2.5033e+02    569.840      13677  1028.2773  1028.2764    34.4834    34.4822    7.90978         23 0.0000e+00
    133.000    131.655     0.6469  29.267069     0.6469  29.265712     5.0460     5.1385     0.0186    91.4305 1.5760e-02  -64.86056  -64.94907 345.899758      99.97 2.4899e+02    571.057      13706  1028.2875  1028.2860    34.4920    34.4903    7.90493         36 0.0000e+00
    134.000    132.645     0.6553  29.276448     0.6555  29.275126     5.0529     5.1238     0.0214    91.4566 1.3303e-02  -64.86056  -64.94908 345.899778      99.97 2.4857e+02    572.812      13748  1028.2939  1028.2923    34.4942    34.4924    7.90309         36 0.0000e+00
    135.000    133.633     0.6631  29.284863     0.6632  29.283676     5.0479     5.1150     0.0055    91.4662 9.8424e-03  -64.86056  -64.94906 345.899796      99.97 2.4857e+02    574.384      13786  1028.2997  1028.2983    34.4959    34.4942    7.90141         32 0.0000e+00
    136.000    134.625     0.6703  29.292483     0.6709  29.291616     5.0375     5.0979     0.0053    91.4590 7.3249e-03  -64.86056  -64.94906 345.899810      99.97 2.4857e+02    575.598      13815  1028.3051  1028.3037    34.4972    34.4955    7.89987         27 0.0000e+00
    137.000    135.612     0.6777  29.300737     0.6773  29.298968     5.0252     5.0826     0.0060    91.4497 4.3338e-03  -64.86056  -64.94905 345.899823      99.97 2.4871e+02    576.674      13841  1028.3110  1028.3096    34.4991    34.4973    7.89826         25 0.0000e+00
    138.000    136.603     0.6913  29.314323     0.6907  29.312648     5.0103     5.0763     0.0053    91.5192 2.0011e-03  -64.86056  -64.94904 345.899834      99.97 2.4964e+02    577.663      13865  1028.3163  1028.3151    34.5011    34.4996    7.89539         23 0.0000e+00
    139.000    137.593     0.7044  29.329131     0.7036  29.327270     5.0028     5.0714     0.0136    91.5017 3.9936e-04  -64.86056  -64.94905 345.899845      99.97 2.5033e+02    578.604      13887  1028.3233  1028.3221    34.5051    34.5035    7.89251         22 0.0000e+00
    140.000    138.582     0.7098  29.334954     0.7095  29.333559     4.9967     5.0645     0.0081    91.5051 6.5226e-06  -64.86056  -64.94906 345.899856      99.97 2.5000e+02    579.588      13911  1028.3286  1028.3274    34.5060    34.5046    7.89135         26 0.0000e+00
    141.000    139.572     0.7139  29.339587     0.7138  29.338231     4.9981     5.0591     0.0169    91.5158 1.0000e-12  -64.86056  -64.94906 345.899871      99.97 2.4895e+02    580.866      13942  1028.3340  1028.3326    34.5069    34.5052    7.89047         37 0.0000e+00
    142.000    140.561     0.7230  29.349505     0.7229  29.347812     4.9653     5.0320     0.0025    91.4694 1.0000e-12  -64.86056  -64.94906 345.899891      99.97 2.4865e+02    582.559      13982  1028.3399  1028.3383    34.5091    34.5070    7.88850         41 0.0000e+00
    143.000    141.549     0.7410  29.367184     0.7427  29.367166     4.9263     4.9984     0.0051    91.5398 1.0000e-12  -64.86056  -64.94906 345.899907      99.97 2.4857e+02    583.990      14017  1028.3452  1028.3435    34.5114    34.5095    7.88472         27 0.0000e+00
    144.000    142.541     0.7573  29.385088     0.7600  29.386804     4.9244     4.9880     0.0009    91.5412 1.0000e-12  -64.86056  -64.94905 345.899919      99.97 2.4857e+02    584.978      14040  1028.3523  1028.3513    34.5159    34.5151    7.88117         21 0.0000e+00
    145.000    143.531     0.7699  29.397699     0.7702  29.397006     4.8996     4.9815    -0.0020    91.5457 1.0000e-12  -64.86056  -64.94904 345.899928      99.97 2.4857e+02    585.807      14060  1028.3574  1028.3565    34.5177    34.5164    7.87852         19 0.0000e+00
    146.000    144.518     0.7768  29.405578     0.7767  29.404397     4.8880     4.9776    -0.0004    91.5611 1.0000e-12  -64.86056  -64.94904 345.899937      99.97 2.4857e+02    586.598      14079  1028.3633  1028.3622    34.5196    34.5183    7.87701         20 0.0000e+00
    147.000    145.509     0.7860  29.415473     0.7856  29.413898     4.8925     4.9747     0.0058    91.5378 1.0000e-12  -64.86056  -64.94905 345.899948      99.97 2.4857e+02    587.524      14102  1028.3690  1028.3678    34.5216    34.5200    7.87503         26 0.0000e+00
    148.000    146.498     0.7897  29.420042     0.7896  29.418453     4.8916     4.9600    -0.0009    91.5689 1.0000e-12  -64.86056  -64.94906 345.899965      99.97 2.4857e+02    588.952      14136  1028.3748  1028.3732    34.5228    34.5209    7.87422         37 0.0000e+00
    149.000    147.487     0.8012  29.431365     0.7998  29.428711     4.9001     4.9435    -0.0085    91.5784 1.0000e-12  -64.86056  -64.94906 345.899990      99.97 2.4846e+02    591.135      14188  1028.3800  1028.3786    34.5242    34.5222    7.87183         37 0.0000e+00
    150.000    148.478     0.8052  29.436328     0.8050  29.434897     4.8239     4.8966    -0.0048    91.5896 1.0000e-12  -64.86056  -64.94906 345.900005      99.97 2.4675e+02    592.476      14220  1028.3857  1028.3844    34.5255    34.5239    7.87094         26 0.0000e+00
    151.000    149.466     0.8187  29.448072     0.8150  29.443559     4.8009     4.8779    -0.0007    91.5790 1.0000e-12  -64.86056  -64.94904 345.900016      99.97 2.4680e+02    593.423      14243  1028.3890  1028.3880    34.5252    34.5234    7.86824         21 0.0000e+00
    152.000    150.457     0.8556  29.485825     0.8569  29.486432     4.7616     4.8512    -0.0004    91.5857 1.0000e-12  -64.86056  -64.94904 345.900026      99.97 2.4680e+02    594.268      14263  1028.3964  1028.3957    34.5325    34.5318    7.86039         20 0.0000e+00
    153.000    151.445     0.8724  29.504939     0.8751  29.505724     4.6875     4.7997    -0.0004    91.5812 1.0000e-12  -64.86056  -64.94904 345.900037      99.97 2.4680e+02    595.157      14285  1028.4041  1028.4023    34.5379    34.5359    7.85669         22 0.0000e+00
    154.000    152.435     0.8903  29.520968     0.8888  29.518802     4.6111     4.7506     0.0058    91.6015 1.0000e-12  -64.86056  -64.94904 345.900048      99.97 2.4501e+02    596.120      14308  1028.4077  1028.4068    34.5382    34.5370    7.85308         24 0.0000e+00
    155.000    153.426     0.9647  29.593724     0.9620  29.590950     4.5640     4.7138     0.0069    91.5824 1.0000e-12  -64.86056  -64.94904 345.900059      99.97 2.4504e+02    597.142      14332  1028.4143  1028.4142    34.5489    34.5484    7.83751         26 0.0000e+00
    156.000    154.413     1.0084  29.640858     1.0075  29.639133     4.5802     4.7046     0.0069    91.5990 1.0000e-12  -64.86056  -64.94904 345.900072      99.97 2.4504e+02    598.218      14358  1028.4250  1028.4240    34.5607    34.5594    7.82812         26 0.0000e+00
    157.000    155.403     1.0172  29.651180     1.0173  29.649835     4.6426     4.7339    -0.0012    91.6019 1.0000e-12  -64.86056  -64.94906 345.900089      99.97 2.4485e+02    599.684      14393  1028.4321  1028.4306    34.5636    34.5618    7.82619         38 0.0000e+00
    158.000    156.392     1.0192  29.653363     1.0040  29.635663     4.6075     4.6837    -0.0101    91.6778 1.0000e-12  -64.86056  -64.94905 345.900123      99.97 2.4466e+02    602.665      14465  1028.4378  1028.4343    34.5636    34.5576    7.82578         33 0.0000e+00
    159.000    157.382     1.0289  29.663795     1.0299  29.663614     4.6056     4.6742    -0.0005    91.7074 1.0000e-12  -64.86056  -64.94904 345.900137      99.97 2.4505e+02    603.845      14493  1028.4438  1028.4425    34.5657    34.5644    7.82373         22 0.0000e+00
    160.000    158.371     1.0330  29.668381     1.0327  29.666822     4.6031     4.6707    -0.0054    91.7298 1.0000e-12  -64.86056  -64.94904 345.900146      99.97 2.4504e+02    604.602      14511  1028.4489  1028.4476    34.5664    34.5648    7.82286         16 0.0000e+00
    161.000    159.361     1.0360  29.671418     1.0357  29.670121     4.6057     4.6701    -0.0087    91.7480 1.0000e-12  -64.86056  -64.94902 345.900153      99.96 2.4504e+02    605.218      14526  1028.4536  1028.4524    34.5664    34.5651    7.82227         14 0.0000e+00
    162.000    160.349     1.0373  29.673628     1.0370  29.671972     4.6079     4.6716    -0.0137    91.7381 1.0000e-12  -64.86056  -64.94902 345.900160      99.97 2.4504e+02    605.777      14540  1028.4591  1028.4575    34.5673    34.5655    7.82196         13 0.0000e+00
    163.000    161.342     1.0386  29.674895     1.0376  29.673093     4.6126     4.6715    -0.0150    91.7260 1.0000e-12  -64.86056  -64.94902 345.900166      99.97 2.4504e+02    606.329      14553  1028.4635  1028.4625    34.5668    34.5657    7.82172         13 0.0000e+00
    164.000    162.330     1.0419  29.678998     1.0405  29.676259     4.6195     4.6728    -0.0150    91.7299 1.0000e-12  -64.86056  -64.94902 345.900173      99.97 2.4504e+02    606.935      14567  1028.4689  1028.4674    34.5679    34.5659    7.82101         16 0.0000e+00
    165.000    163.320     1.0440  29.681759     1.0434  29.679824     4.6178     4.6692    -0.0150    91.7243 1.0000e-12  -64.86056  -64.94903 345.900183      99.97 2.4504e+02    607.771      14587  1028.4741  1028.4726    34.5686    34.5667    7.82055         26 0.0000e+00
    166.000    164.306     1.0348  29.672540     1.0331  29.669609     4.6093     4.6641    -0.0127    91.7031 1.0000e-12  -64.86056  -64.94904 345.900227      99.97 2.4632e+02    611.571      14679  1028.4786  1028.4772    34.5663    34.5644    7.82252         32 0.0000e+00
    167.000    165.297     1.0402  29.678168     1.0388  29.675687     4.5820     4.6393    -0.0150    91.7054 1.0000e-12  -64.86056  -64.94903 345.900253      99.97 2.4681e+02    613.885      14734  1028.4836  1028.4823    34.5670    34.5653    7.82140         22 0.0000e+00
    168.000    166.288     1.0518  29.689060     1.0498  29.685900     4.5718     4.6354    -0.0081    91.7178 1.0000e-12  -64.86056  -64.94902 345.900262      99.97 2.4680e+02    614.665      14753  1028.4878  1028.4864    34.5675    34.5657    7.81905         17 0.0000e+00
    169.000    167.275     1.0704  29.711045     1.0700  29.709568     4.5678     4.6320    -0.0098    91.7281 1.0000e-12  -64.86056  -64.94902 345.900270      99.97 2.4680e+02    615.318      14769  1028.4964  1028.4952    34.5747    34.5731    7.81495         14 0.0000e+00
    170.000    168.265     1.0707  29.712228     1.0708  29.711105     4.5739     4.6244    -0.0150    91.7299 1.0000e-12  -64.86056  -64.94902 345.900276      99.97 2.4680e+02    615.894      14782  1028.5017  1028.5004    34.5752    34.5736    7.81485         14 0.0000e+00
    171.000    169.257     1.0733  29.715029     1.0724  29.713184     4.5735     4.6279    -0.0150    91.7299 1.0000e-12  -64.86056  -64.94902 345.900283      99.97 2.4680e+02    616.450      14796  1028.5064  1028.5052    34.5753    34.5739    7.81432         13 0.0000e+00
    172.000    170.244     1.0727  29.715646     1.0724  29.714211     4.5665     4.6331    -0.0150    91.7299 1.0000e-12  -64.86056  -64.94902 345.900290      99.97 2.4642e+02    617.088      14811  1028.5120  1028.5107    34.5763    34.5747    7.81440         18 0.0000e+00
    173.000    171.235     1.0769  29.720613     1.0764  29.718809     4.5660     4.6287    -0.0138    91.7299 1.0000e-12  -64.86056  -64.94902 345.900306      99.97 2.4603e+02    618.389      14842  1028.5174  1028.5159    34.5774    34.5756    7.81350         26 0.0000e+00
    174.000    172.223     1.0775  29.721465     1.0790  29.722346     4.5502     4.6124    -0.0151    91.7308 1.0000e-12  -64.86056  -64.94902 345.900336      99.97 2.4516e+02    621.074      14907  1028.5222  1028.5216    34.5772    34.5767    7.81339         31 0.0000e+00
    175.000    173.214     1.0840  29.729768     1.0834  29.728078     4.5460     4.6056    -0.0074    91.7474 1.0000e-12  -64.86056  -64.94902 345.900347      99.97 2.4504e+02    622.017      14929  1028.5287  1028.5275    34.5801    34.5786    7.81193         22 0.0000e+00
    176.000    174.202     1.0865  29.732993     1.0862  29.731491     4.5344     4.5972    -0.0026    91.7351 1.0000e-12  -64.86056  -64.94902 345.900358      99.97 2.4529e+02    622.899      14951  1028.5339  1028.5326    34.5809    34.5793    7.81139         21 0.0000e+00
    177.000    175.191     1.0941  29.740771     1.0938  29.739348     4.5242     4.5939    -0.0074    91.7456 1.0000e-12  -64.86056  -64.94903 345.900369      99.97 2.4660e+02    623.869      14974  1028.5388  1028.5376    34.5819    34.5804    7.80982         27 0.0000e+00
