NBP2113_155081_ctd/data/dnbp2113_027.cnv
* Sea-Bird SBE 9 Data File:
* FileName = D:\Data\raw\NBP2113_027.hex
* Software Version Seasave V 7.26.7.121
* Temperature SN = 2438
* Conductivity SN = 2067
* Number of Bytes Per Scan = 40
* Number of Voltage Words = 5
* Number of Scans Averaged by the Deck Unit = 1
* NMEA Latitude = 68 01.82 S
* NMEA Longitude = 069 17.07 W
* NMEA UTC (Time) = Dec 04 2021  08:59:20
* NMEA baud rate = 9600
** Ship: RVIB N.B. Palmer
** Cruise: NBP2113 LTER
** Station: 200.-040
** Operator: B. Urmston
# nquan = 25
# nvalues = 425                         
# units = specified
# name 0 = prDM: Pressure, Digiquartz [db]
# name 1 = depSM: Depth [salt water, m]
# name 2 = t090C: Temperature [ITS-90, deg C]
# name 3 = c0mS/cm: Conductivity [mS/cm]
# name 4 = t190C: Temperature, 2 [ITS-90, deg C]
# name 5 = c1mS/cm: Conductivity, 2 [mS/cm]
# name 6 = sbeox0ML/L: Oxygen, SBE 43 [ml/l]
# name 7 = sbeox1ML/L: Oxygen, SBE 43, 2 [ml/l]
# name 8 = flECO-AFL: Fluorescence, WET Labs ECO-AFL/FL [mg/m^3]
# name 9 = CStarTr0: Beam Transmission, WET Labs C-Star [%]
# name 10 = par: PAR/Irradiance, Biospherical/Licor
# name 11 = latitude: Latitude [deg]
# name 12 = longitude: Longitude [deg]
# name 13 = timeJ: Julian Days
# name 14 = altM: Altimeter [m]
# name 15 = spar: SPAR, Biospherical/Licor
# name 16 = timeS: Time, Elapsed [seconds]
# name 17 = scan: Scan Count
# name 18 = density00: Density [density, kg/m^3]
# name 19 = density11: Density, 2 [density, kg/m^3]
# name 20 = sal00: Salinity, Practical [PSU]
# name 21 = sal11: Salinity, Practical, 2 [PSU]
# name 22 = oxsolML/L: Oxygen Saturation, Garcia & Gordon [ml/l]
# name 23 = nbin: number of scans per bin
# name 24 = flag: flag
# span 0 =      5.000,    429.000       
# span 1 =      4.936,    424.269       
# span 2 =    -1.1608,     1.3729       
# span 3 =  27.235661,  30.161229       
# span 4 =    -1.1614,     1.3721       
# span 5 =  27.234700,  30.160289       
# span 6 =     4.0239,     8.3771       
# span 7 =     4.0691,     8.3411       
# span 8 =    -0.0153,     2.4802       
# span 9 =    88.6156,    96.6692       
# span 10 = -5.397e-06, 4.5373e+01      
# span 11 =  -68.03014,  -68.02988      
# span 12 =  -69.28442,  -69.28402      
# span 13 = 338.377040, 338.385484      
# span 14 =       0.97,     103.54      
# span 15 = 1.3220e+02, 1.4489e+02      
# span 16 =    216.292,    945.822      
# span 17 =       5192,      22701      
# span 18 =  1027.2037,  1029.7783      
# span 19 =  1027.2018,  1029.7774      
# span 20 =    33.8026,    34.6756      
# span 21 =    33.8003,    34.6742      
# span 22 =    7.74955,    8.32591      
# span 23 =         14,         49      
# span 24 = 0.0000e+00, 0.0000e+00      
# interval = decibars: 1                
# start_time = Dec 04 2021 08:59:20 [NMEA time, header]
# bad_flag = -9.990e-29
*END*
[from data line 290]
    295.000    291.841     1.1816  29.903541     1.1818  29.902943     4.1580     4.2223     0.0031    96.5224 1.0000e-12  -68.02996  -69.28415 338.383270      99.98 1.3398e+02    754.557      18110  1029.1224  1029.1215    34.6249    34.6239    7.79005         33 0.0000e+00
    296.000    292.829     1.1851  29.907613     1.1848  29.906491     4.1485     4.2140    -0.0039    96.5193 1.0000e-12  -68.02996  -69.28417 338.383291      75.79 1.3398e+02    756.380      18154  1029.1276  1029.1267    34.6257    34.6245    7.78932         42 0.0000e+00
    297.000    293.818     1.1944  29.917778     1.1950  29.917678     4.1502     4.2079    -0.0111    96.5241 1.0000e-12  -68.02996  -69.28418 338.383312     100.22 1.3398e+02    758.186      18197  1029.1333  1029.1326    34.6278    34.6271    7.78736         39 0.0000e+00
    298.000    294.804     1.2032  29.927376     1.2034  29.926809     4.1489     4.2077    -0.0048    96.5402 1.0000e-12  -68.02996  -69.28418 338.383329      99.97 1.3398e+02    759.621      18232  1029.1389  1029.1381    34.6298    34.6288    7.78550         29 0.0000e+00
    299.000    295.795     1.2036  29.928214     1.2032  29.927026     4.1488     4.2060    -0.0072    96.5538 1.0000e-12  -68.02996  -69.28418 338.383343      99.97 1.3398e+02    760.819      18261  1029.1437  1029.1429    34.6299    34.6288    7.78542         30 0.0000e+00
    300.000    296.784     1.2049  29.930023     1.2048  29.928959     4.1430     4.2002    -0.0102    96.5694 1.0000e-12  -68.02996  -69.28418 338.383358      99.98 1.3398e+02    762.100      18291  1029.1487  1029.1477    34.6301    34.6290    7.78515         30 0.0000e+00
    301.000    297.771     1.2062  29.931837     1.2053  29.930059     4.1493     4.1988    -0.0052    96.5458 1.0000e-12  -68.02996  -69.28417 338.383376      99.97 1.3398e+02    763.666      18329  1029.1536  1029.1527    34.6304    34.6292    7.78487         33 0.0000e+00
    302.000    298.760     1.2078  29.933759     1.2076  29.932833     4.1528     4.2000     0.0003    96.5718 1.0000e-12  -68.02996  -69.28416 338.383391      99.97 1.3398e+02    764.981      18361  1029.1584  1029.1576    34.6306    34.6296    7.78455         26 0.0000e+00
    303.000    299.748     1.2069  29.933355     1.2066  29.932355     4.1476     4.1958     0.0025    96.5534 1.0000e-12  -68.02996  -69.28416 338.383401      99.98 1.3398e+02    765.870      18382  1029.1631  1029.1624    34.6304    34.6295    7.78473         18 0.0000e+00
    304.000    300.737     1.2070  29.934183     1.2065  29.932923     4.1467     4.1982    -0.0131    96.5419 1.0000e-12  -68.02996  -69.28416 338.383410      99.97 1.3398e+02    766.596      18399  1029.1682  1029.1673    34.6309    34.6298    7.78470         17 0.0000e+00
    305.000    301.725     1.2143  29.942880     1.2118  29.939594     4.1484     4.2013    -0.0129    96.6032 1.0000e-12  -68.02998  -69.28416 338.383418      99.97 1.3398e+02    767.281      18416  1029.1741  1029.1732    34.6333    34.6319    7.78310         17 0.0000e+00
    306.000    302.715     1.2143  29.943357     1.2140  29.942319     4.1488     4.2030    -0.0079    96.5955 1.0000e-12  -68.02998  -69.28416 338.383426      99.97 1.3398e+02    767.997      18433  1029.1790  1029.1782    34.6334    34.6324    7.78311         18 0.0000e+00
    307.000    303.703     1.2114  29.940817     1.2110  29.939596     4.1506     4.2031    -0.0007    96.5518 1.0000e-12  -68.02998  -69.28416 338.383436      99.97 1.3398e+02    768.902      18455  1029.1835  1029.1826    34.6327    34.6316    7.78372         26 0.0000e+00
    308.000    304.692     1.2105  29.940486     1.2101  29.939175     4.1451     4.1994    -0.0056    96.5726 1.0000e-12  -68.02998  -69.28418 338.383455      99.98 1.3398e+02    770.475      18492  1029.1884  1029.1874    34.6328    34.6315    7.78390         41 0.0000e+00
    309.000    305.680     1.2140  29.944719     1.2136  29.943571     4.1434     4.1963    -0.0078    96.5479 1.0000e-12  -68.02998  -69.28418 338.383482      99.97 1.3398e+02    772.875      18550  1029.1936  1029.1927    34.6337    34.6326    7.78316         41 0.0000e+00
    310.000    306.668     1.2158  29.947117     1.2151  29.945648     4.1497     4.1902    -0.0116    96.5720 1.0000e-12  -68.02998  -69.28420 338.383508      99.97 1.3398e+02    775.063      18603  1029.1986  1029.1977    34.6342    34.6330    7.78277         39 0.0000e+00
    311.000    307.657     1.2174  29.949207     1.2169  29.948031     4.1369     4.1898     0.0066    96.5642 1.0000e-12  -68.02998  -69.28420 338.383523      99.97 1.3398e+02    776.430      18635  1029.2034  1029.2026    34.6345    34.6335    7.78243         27 0.0000e+00
    312.000    308.645     1.2208  29.953517     1.2208  29.952844     4.1274     4.1837    -0.0074    96.5141 1.0000e-12  -68.02998  -69.28418 338.383536      99.97 1.3398e+02    777.477      18660  1029.2087  1029.2080    34.6357    34.6348    7.78170         24 0.0000e+00
    313.000    309.635     1.2262  29.959916     1.2261  29.959114     4.1280     4.1836    -0.0099    96.5701 1.0000e-12  -68.02998  -69.28418 338.383547      99.98 1.3398e+02    778.465      18684  1029.2142  1029.2134    34.6374    34.6364    7.78054         23 0.0000e+00
    314.000    310.621     1.2282  29.962600     1.2275  29.961007     4.1367     4.1791    -0.0001    96.5355 1.0000e-12  -68.02998  -69.28418 338.383558      99.98 1.3398e+02    779.403      18707  1029.2192  1029.2184    34.6380    34.6368    7.78010         21 0.0000e+00
    315.000    311.611     1.2292  29.964011     1.2285  29.962508     4.1366     4.1838     0.0108    96.5335 1.0000e-12  -68.02998  -69.28418 338.383568      99.97 1.3398e+02    780.246      18727  1029.2240  1029.2232    34.6381    34.6369    7.77990         20 0.0000e+00
    316.000    312.601     1.2297  29.965006     1.2289  29.963523     4.1346     4.1814    -0.0077    96.5680 1.0000e-12  -68.02998  -69.28418 338.383577      99.98 1.3398e+02    781.019      18745  1029.2288  1029.2281    34.6382    34.6372    7.77979         18 0.0000e+00
    317.000    313.587     1.2307  29.966520     1.2306  29.965711     4.1316     4.1777    -0.0070    96.5556 1.0000e-12  -68.02998  -69.28418 338.383586      99.98 1.3398e+02    781.804      18764  1029.2336  1029.2329    34.6384    34.6376    7.77958         20 0.0000e+00
    318.000    314.576     1.2329  29.969221     1.2321  29.967756     4.1216     4.1783    -0.0065    96.5464 1.0000e-12  -68.02998  -69.28418 338.383596      99.97 1.3398e+02    782.710      18786  1029.2385  1029.2377    34.6389    34.6379    7.77912         24 0.0000e+00
    319.000    315.565     1.2334  29.970276     1.2332  29.969233     4.1240     4.1773    -0.0073    96.5426 1.0000e-12  -68.02998  -69.28418 338.383611      99.97 1.3398e+02    783.994      18817  1029.2433  1029.2425    34.6391    34.6380    7.77900         39 0.0000e+00
    320.000    316.554     1.2365  29.974057     1.2363  29.972975     4.1220     4.1778    -0.0058    96.5576 1.0000e-12  -68.02998  -69.28421 338.383637      99.97 1.3398e+02    786.270      18871  1029.2485  1029.2476    34.6399    34.6389    7.77834         30 0.0000e+00
    321.000    317.541     1.2385  29.976677     1.2381  29.975515     4.1273     4.1741    -0.0153    96.5781 1.0000e-12  -68.02999  -69.28422 338.383665      99.98 1.3398e+02    788.693      18930  1029.2536  1029.2527    34.6406    34.6395    7.77793         41 0.0000e+00
    322.000    318.531     1.2387  29.977385     1.2382  29.976094     4.1275     4.1723    -0.0143    96.5969 1.0000e-12  -68.03000  -69.28422 338.383680      99.98 1.3398e+02    789.918      18959  1029.2583  1029.2575    34.6406    34.6396    7.77787         22 0.0000e+00
    323.000    319.518     1.2384  29.977296     1.2378  29.976044     4.1255     4.1713    -0.0076    96.5929 1.0000e-12  -68.03000  -69.28421 338.383690      99.98 1.3398e+02    790.804      18980  1029.2628  1029.2622    34.6403    34.6394    7.77796         21 0.0000e+00
    324.000    320.506     1.2387  29.978269     1.2383  29.977202     4.1216     4.1653    -0.0074    96.5942 1.0000e-12  -68.03000  -69.28420 338.383700      99.98 1.3398e+02    791.671      19001  1029.2677  1029.2671    34.6406    34.6397    7.77788         21 0.0000e+00
    325.000    321.496     1.2404  29.980488     1.2399  29.979494     4.1143     4.1679    -0.0045    96.5707 1.0000e-12  -68.03000  -69.28419 338.383711      99.97 1.3398e+02    792.591      19023  1029.2727  1029.2720    34.6410    34.6402    7.77753         23 0.0000e+00
    326.000    322.483     1.2443  29.985135     1.2437  29.983820     4.1107     4.1673    -0.0095    96.5720 1.0000e-12  -68.03000  -69.28419 338.383722      99.97 1.3398e+02    793.567      19047  1029.2777  1029.2770    34.6420    34.6410    7.77669         24 0.0000e+00
    327.000    323.472     1.2499  29.991120     1.2494  29.989909     4.1053     4.1644    -0.0057    96.5729 1.0000e-12  -68.03000  -69.28420 338.383734      99.97 1.3398e+02    794.597      19071  1029.2826  1029.2818    34.6429    34.6419    7.77553         26 0.0000e+00
    328.000    324.462     1.2511  29.993193     1.2510  29.992397     4.1110     4.1636     0.0079    96.4927 1.0000e-12  -68.03000  -69.28420 338.383746      99.97 1.3398e+02    795.696      19098  1029.2878  1029.2871    34.6436    34.6428    7.77525         27 0.0000e+00
    329.000    325.449     1.2582  30.000983     1.2583  30.000139     4.1150     4.1637     0.0019    96.5733 1.0000e-12  -68.03000  -69.28421 338.383760      99.97 1.3398e+02    796.872      19126  1029.2931  1029.2922    34.6452    34.6441    7.77376         29 0.0000e+00
    330.000    326.438     1.2592  30.002317     1.2588  30.001193     4.1156     4.1613    -0.0029    96.5816 1.0000e-12  -68.03000  -69.28422 338.383774      99.97 1.3398e+02    798.089      19155  1029.2978  1029.2970    34.6452    34.6442    7.77357         29 0.0000e+00
    331.000    327.426     1.2593  30.002903     1.2590  30.001913     4.1112     4.1605    -0.0067    96.5884 1.0000e-12  -68.03000  -69.28422 338.383788      99.97 1.3398e+02    799.302      19184  1029.3026  1029.3019    34.6453    34.6443    7.77354         28 0.0000e+00
    332.000    328.415     1.2615  30.005472     1.2626  30.005684     4.1055     4.1577    -0.0085    96.5549 1.0000e-12  -68.03000  -69.28422 338.383805      99.83 1.3398e+02    800.791      19220  1029.3074  1029.3065    34.6456    34.6446    7.77310         37 0.0000e+00
    333.000    329.404     1.2664  30.010711     1.2660  30.009504     4.0951     4.1460    -0.0089    96.5827 1.0000e-12  -68.03000  -69.28422 338.383831      99.79 1.3398e+02    803.036      19274  1029.3122  1029.3113    34.6462    34.6451    7.77208         42 0.0000e+00
    334.000    330.390     1.2764  30.021680     1.2757  30.020366     4.0814     4.1390    -0.0043    96.5982 1.0000e-12  -68.03000  -69.28422 338.383848      99.40 1.3398e+02    804.427      19307  1029.3178  1029.3172    34.6486    34.6477    7.76998         25 0.0000e+00
    335.000    331.380     1.2840  30.029515     1.2835  30.028361     4.0777     4.1395     0.0008    96.6156 1.0000e-12  -68.03000  -69.28422 338.383858      99.12 1.3398e+02    805.292      19328  1029.3227  1029.3220    34.6497    34.6488    7.76843         19 0.0000e+00
    336.000    332.368     1.2859  30.032012     1.2854  30.030928     4.0756     4.1348    -0.0040    96.6185 1.0000e-12  -68.03000  -69.28422 338.383867      97.66 1.3398e+02    806.102      19347  1029.3276  1029.3270    34.6502    34.6494    7.76802         20 0.0000e+00
    337.000    333.356     1.2859  30.032407     1.2853  30.031213     4.0730     4.1324    -0.0066    96.5993 1.0000e-12  -68.03000  -69.28422 338.383877      97.62 1.3398e+02    806.949      19368  1029.3323  1029.3316    34.6501    34.6492    7.76802         21 0.0000e+00
    338.000    334.346     1.2900  30.037168     1.2887  30.035337     4.0714     4.1336    -0.0077    96.5908 1.0000e-12  -68.03000  -69.28422 338.383887      95.63 1.3398e+02    807.851      19389  1029.3375  1029.3368    34.6511    34.6502    7.76716         22 0.0000e+00
    339.000    335.332     1.2985  30.046351     1.2981  30.045332     4.0841     4.1304    -0.0071    96.5629 1.0000e-12  -68.03000  -69.28422 338.383898      95.61 1.3398e+02    808.791      19412  1029.3427  1029.3421    34.6528    34.6520    7.76538         24 0.0000e+00
    340.000    336.322     1.2962  30.044722     1.2943  30.042302     4.0786     4.1331    -0.0011    96.5945 1.0000e-12  -68.03000  -69.28422 338.383910      94.63 1.3398e+02    809.837      19437  1029.3477  1029.3470    34.6527    34.6517    7.76585         27 0.0000e+00
    341.000    337.310     1.2944  30.043691     1.2939  30.042378     4.0734     4.1373     0.0030    96.6140 1.0000e-12  -68.03000  -69.28423 338.383929      92.92 1.3398e+02    811.446      19476  1029.3528  1029.3519    34.6528    34.6517    7.76620         40 0.0000e+00
    342.000    338.298     1.2954  30.044867     1.2950  30.043817     4.0836     4.1301    -0.0043    96.6376 1.0000e-12  -68.03000  -69.28424 338.383957      92.29 1.3398e+02    813.838      19533  1029.3573  1029.3566    34.6526    34.6518    7.76601         42 0.0000e+00
    343.000    339.288     1.2975  30.047451     1.2971  30.046490     4.0770     4.1353    -0.0073    96.6477 1.0000e-12  -68.03000  -69.28424 338.383973      91.67 1.3398e+02    815.295      19568  1029.3621  1029.3615    34.6530    34.6523    7.76556         28 0.0000e+00
    344.000    340.274     1.2966  30.047077     1.2957  30.045511     4.0891     4.1342    -0.0047    96.6203 1.0000e-12  -68.03000  -69.28424 338.383985      90.76 1.3398e+02    816.310      19592  1029.3669  1029.3663    34.6529    34.6520    7.76574         24 0.0000e+00
    345.000    341.263     1.2961  30.046944     1.2955  30.045850     4.0840     4.1280     0.0107    96.6253 1.0000e-12  -68.03000  -69.28424 338.383997      90.64 1.3398e+02    817.341      19617  1029.3716  1029.3711    34.6528    34.6521    7.76586         26 0.0000e+00
    346.000    342.252     1.2978  30.049320     1.2981  30.048970     4.0670     4.1232    -0.0132    96.6224 1.0000e-12  -68.03000  -69.28424 338.384009      88.60 1.3398e+02    818.383      19642  1029.3766  1029.3760    34.6534    34.6526    7.76550         24 0.0000e+00
    347.000    343.241     1.3043  30.057200     1.3030  30.054993     4.0589     4.1166     0.0013    96.5965 1.0000e-12  -68.03002  -69.28424 338.384020      87.66 1.3398e+02    819.358      19666  1029.3824  1029.3815    34.6557    34.6543    7.76408         22 0.0000e+00
    348.000    344.227     1.3097  30.063495     1.3060  30.058872     4.0602     4.1148     0.0014    96.6032 1.0000e-12  -68.03002  -69.28424 338.384031      87.49 1.3398e+02    820.243      19687  1029.3878  1029.3868    34.6571    34.6554    7.76294         20 0.0000e+00
    349.000    345.217     1.3144  30.069142     1.3134  30.067437     4.0629     4.1157     0.0008    96.6434 1.0000e-12  -68.03002  -69.28424 338.384041      86.64 1.3398e+02    821.137      19708  1029.3932  1029.3925    34.6586    34.6576    7.76193         24 0.0000e+00
    350.000    346.205     1.3148  30.070618     1.3142  30.069316     4.0678     4.1127     0.0017    96.6241 1.0000e-12  -68.03002  -69.28424 338.384055      84.83 1.3398e+02    822.338      19737  1029.3986  1029.3979    34.6594    34.6584    7.76180         34 0.0000e+00
    351.000    347.194     1.3151  30.071142     1.3148  30.069965     4.0585     4.1104    -0.0024    96.6310 1.0000e-12  -68.03002  -69.28426 338.384078      83.16 1.3398e+02    824.316      19785  1029.4032  1029.4023    34.6592    34.6581    7.76176         33 0.0000e+00
