NBP2113_155081_ctd/data/dnbp2113_060.cnv
* Sea-Bird SBE 9 Data File:
* FileName = D:\Data\raw\NBP2113_060.hex
* Software Version Seasave V 7.26.7.121
* Temperature SN = 2438
* Conductivity SN = 2067
* Number of Bytes Per Scan = 40
* Number of Voltage Words = 5
* Number of Scans Averaged by the Deck Unit = 1
* NMEA Latitude = 64 45.87 S
* NMEA Longitude = 063 07.32 W
* NMEA UTC (Time) = Dec 13 2021  22:33:21
* NMEA baud rate = 9600
** Ship: RVIB N.B. Palmer
** Cruise: NBP2113 LTER
** Station: 654.006
** Operator: S. Blackman
# nquan = 25
# nvalues = 274                         
# units = specified
# name 0 = prDM: Pressure, Digiquartz [db]
# name 1 = depSM: Depth [salt water, m]
# name 2 = t090C: Temperature [ITS-90, deg C]
# name 3 = c0mS/cm: Conductivity [mS/cm]
# name 4 = t190C: Temperature, 2 [ITS-90, deg C]
# name 5 = c1mS/cm: Conductivity, 2 [mS/cm]
# name 6 = sbeox0ML/L: Oxygen, SBE 43 [ml/l]
# name 7 = sbeox1ML/L: Oxygen, SBE 43, 2 [ml/l]
# name 8 = flECO-AFL: Fluorescence, WET Labs ECO-AFL/FL [mg/m^3]
# name 9 = CStarTr0: Beam Transmission, WET Labs C-Star [%]
# name 10 = par: PAR/Irradiance, Biospherical/Licor
# name 11 = latitude: Latitude [deg]
# name 12 = longitude: Longitude [deg]
# name 13 = timeJ: Julian Days
# name 14 = altM: Altimeter [m]
# name 15 = spar: SPAR, Biospherical/Licor
# name 16 = timeS: Time, Elapsed [seconds]
# name 17 = scan: Scan Count
# name 18 = density00: Density [density, kg/m^3]
# name 19 = density11: Density, 2 [density, kg/m^3]
# name 20 = sal00: Salinity, Practical [PSU]
# name 21 = sal11: Salinity, Practical, 2 [PSU]
# name 22 = oxsolML/L: Oxygen Saturation, Garcia & Gordon [ml/l]
# name 23 = nbin: number of scans per bin
# name 24 = flag: flag
# span 0 =      4.000,    277.000       
# span 1 =      3.954,    274.113       
# span 2 =    -0.3468,     0.8052       
# span 3 =  27.892186,  29.440041       
# span 4 =    -0.3376,     0.8045       
# span 5 =  27.890806,  29.438590       
# span 6 =     4.9793,     7.4652       
# span 7 =     5.0589,     7.5318       
# span 8 =    -0.0118,     1.4490       
# span 9 =    85.1715,    90.7313       
# span 10 = -1.643e-06, 4.6229e+02      
# span 11 =  -64.76436,  -64.76416      
# span 12 =  -63.12226,  -63.12212      
# span 13 = 347.942980, 347.948550      
# span 14 =       8.60,     100.15      
# span 15 = 1.7464e+03, 1.8483e+03      
# span 16 =    272.496,    753.703      
# span 17 =       6541,      18090      
# span 18 =  1027.1850,  1029.0461      
# span 19 =  1027.1853,  1029.0431      
# span 20 =    33.8127,    34.5180      
# span 21 =    33.8110,    34.5176      
# span 22 =    7.87213,    8.14227      
# span 23 =          3,         47      
# span 24 = 0.0000e+00, 0.0000e+00      
# interval = decibars: 1                
# start_time = Dec 13 2021 22:33:21 [NMEA time, header]
# bad_flag = -9.990e-29
*END*
[from data line 116]
    120.000    118.791     0.4447  28.999891     0.4450  28.999432     5.6295     5.7276     0.0766    90.3646 6.2820e-02  -64.76434  -63.12216 347.945743      99.97 1.7735e+03    511.170      12269  1028.1476  1028.1468    34.3763    34.3753    7.95274         28 0.0000e+00
    121.000    119.781     0.4538  29.010761     0.4533  29.009340     5.6123     5.7116     0.0827    90.4013 5.7188e-02  -64.76434  -63.12216 347.945757      99.97 1.7735e+03    512.366      12298  1028.1545  1028.1535    34.3798    34.3785    7.95068         29 0.0000e+00
    122.000    120.770     0.4642  29.022695     0.4634  29.020932     5.6047     5.6955     0.0914    90.4075 5.2036e-02  -64.76434  -63.12216 347.945770      99.97 1.7727e+03    513.559      12326  1028.1612  1028.1602    34.3832    34.3818    7.94835         28 0.0000e+00
    123.000    121.760     0.4706  29.031156     0.4696  29.029184     5.5983     5.6859     0.0852    90.4195 4.7467e-02  -64.76434  -63.12216 347.945784      99.97 1.7723e+03    514.731      12355  1028.1681  1028.1671    34.3865    34.3851    7.94684         28 0.0000e+00
    124.000    122.751     0.4724  29.034190     0.4716  29.032328     5.5547     5.6493     0.0738    90.3925 4.2696e-02  -64.76434  -63.12216 347.945798      99.97 1.7690e+03    515.907      12383  1028.1740  1028.1728    34.3879    34.3863    7.94639         28 0.0000e+00
    125.000    123.738     0.4751  29.037759     0.4745  29.036093     5.4213     5.5638     0.0731    90.4242 3.8109e-02  -64.76434  -63.12216 347.945811      99.97 1.7674e+03    517.100      12411  1028.1795  1028.1784    34.3890    34.3875    7.94579         29 0.0000e+00
    126.000    124.730     0.5136  29.079370     0.5124  29.077382     5.2986     5.4875     0.0742    90.4771 3.4137e-02  -64.76434  -63.12216 347.945825      99.97 1.7664e+03    518.293      12440  1028.1898  1028.1889    34.3998    34.3986    7.93727         29 0.0000e+00
    127.000    125.719     0.5752  29.149461     0.5740  29.147182     5.2402     5.4271     0.0754    90.4841 2.9976e-02  -64.76434  -63.12215 347.945839      99.97 1.7669e+03    519.486      12469  1028.2071  1028.2059    34.4222    34.4205    7.92342         29 0.0000e+00
    128.000    126.708     0.6013  29.179296     0.6004  29.177603     5.2072     5.3908     0.0760    90.4518 2.6022e-02  -64.76434  -63.12215 347.945853      99.97 1.7683e+03    520.681      12497  1028.2176  1028.2166    34.4315    34.4302    7.91758         28 0.0000e+00
    129.000    127.697     0.6330  29.216805     0.6328  29.215433     5.2198     5.3751     0.0729    90.4879 2.2425e-02  -64.76434  -63.12215 347.945867      99.97 1.7707e+03    521.881      12526  1028.2303  1028.2292    34.4443    34.4429    7.91038         29 0.0000e+00
    130.000    128.687     0.6378  29.223673     0.6374  29.222279     5.2390     5.3646     0.0762    90.5258 1.8644e-02  -64.76434  -63.12214 347.945881      99.97 1.7717e+03    523.080      12555  1028.2376  1028.2366    34.4474    34.4460    7.90923         29 0.0000e+00
    131.000    129.678     0.6430  29.229984     0.6425  29.228383     5.2337     5.3591     0.0812    90.4767 1.5486e-02  -64.76434  -63.12214 347.945895      99.97 1.7717e+03    524.300      12584  1028.2438  1028.2427    34.4492    34.4477    7.90807         29 0.0000e+00
    132.000    130.666     0.6475  29.234979     0.6469  29.233446     5.2342     5.3457     0.0601    90.5021 1.2500e-02  -64.76434  -63.12214 347.945909      99.97 1.7717e+03    525.511      12613  1028.2494  1028.2483    34.4502    34.4488    7.90712         29 0.0000e+00
    133.000    131.655     0.6539  29.242791     0.6526  29.240539     5.2340     5.3288     0.0582    90.4585 8.9771e-03  -64.76434  -63.12214 347.945923      99.97 1.7693e+03    526.705      12642  1028.2558  1028.2547    34.4525    34.4511    7.90567         29 0.0000e+00
    134.000    132.645     0.6639  29.254053     0.6641  29.253137     5.2240     5.3236     0.0582    90.4664 6.1741e-03  -64.76434  -63.12214 347.945936      99.97 1.7663e+03    527.901      12671  1028.2623  1028.2611    34.4555    34.4540    7.90347         28 0.0000e+00
    135.000    133.636     0.6706  29.262590     0.6705  29.261816     5.2164     5.3149     0.0582    90.4941 3.0537e-03  -64.76434  -63.12214 347.945950      99.97 1.7631e+03    529.092      12699  1028.2693  1028.2685    34.4586    34.4577    7.90195         29 0.0000e+00
    136.000    134.625     0.6734  29.266494     0.6729  29.265058     5.2242     5.3061     0.0642    90.4994 7.7182e-04  -64.76434  -63.12214 347.945964      99.97 1.7598e+03    530.265      12727  1028.2751  1028.2741    34.4600    34.4586    7.90130         28 0.0000e+00
    137.000    135.614     0.6744  29.268134     0.6747  29.267519     5.2189     5.2966     0.0598    90.5179 -1.643e-06  -64.76434  -63.12214 347.945977      99.97 1.7552e+03    531.440      12756  1028.2804  1028.2795    34.4604    34.4592    7.90106         28 0.0000e+00
    138.000    136.604     0.6748  29.268991     0.6745  29.267784     5.2201     5.2921     0.0454    90.4860 1.0000e-12  -64.76434  -63.12214 347.945991      99.97 1.7501e+03    532.621      12784  1028.2854  1028.2844    34.4604    34.4592    7.90098         29 0.0000e+00
    139.000    137.593     0.6785  29.273518     0.6777  29.271759     5.2092     5.2858     0.0660    90.4788 1.0000e-12  -64.76434  -63.12214 347.946005      99.97 1.7471e+03    533.833      12813  1028.2909  1028.2898    34.4616    34.4602    7.90016         29 0.0000e+00
    140.000    138.582     0.6829  29.278925     0.6809  29.276151     5.1831     5.2704     0.0655    90.5472 1.0000e-12  -64.76434  -63.12214 347.946019      99.97 1.7467e+03    535.041      12842  1028.2967  1028.2958    34.4632    34.4618    7.89918         29 0.0000e+00
    141.000    139.573     0.6919  29.289412     0.6917  29.287824     5.1568     5.2478     0.0601    90.5117 1.0000e-12  -64.76434  -63.12214 347.946033      99.97 1.7464e+03    536.218      12870  1028.3032  1028.3018    34.4662    34.4644    7.89719         28 0.0000e+00
    142.000    140.562     0.7019  29.301334     0.7023  29.301077     5.1399     5.2353     0.0642    90.5215 1.0000e-12  -64.76434  -63.12214 347.946046      99.97 1.7498e+03    537.390      12898  1028.3103  1028.3096    34.4700    34.4692    7.89495         28 0.0000e+00
    143.000    141.551     0.7135  29.315232     0.7124  29.313026     5.1411     5.2271     0.0556    90.5748 1.0000e-12  -64.76434  -63.12214 347.946060      99.97 1.7545e+03    538.562      12926  1028.3178  1028.3165    34.4746    34.4729    7.89234         28 0.0000e+00
    144.000    142.542     0.7145  29.317076     0.7140  29.315765     5.1393     5.2254     0.0479    90.5756 1.0000e-12  -64.76434  -63.12214 347.946073      99.97 1.7576e+03    539.745      12955  1028.3232  1028.3222    34.4752    34.4740    7.89210         29 0.0000e+00
    145.000    143.531     0.7169  29.320069     0.7170  29.319182     5.1268     5.2107     0.0436    90.5491 1.0000e-12  -64.76434  -63.12214 347.946087      99.97 1.7576e+03    540.951      12984  1028.3283  1028.3273    34.4758    34.4746    7.89157         29 0.0000e+00
    146.000    144.520     0.7243  29.327853     0.7219  29.324249     5.1032     5.1987     0.0527    90.5330 1.0000e-12  -64.76434  -63.12214 347.946101      99.97 1.7553e+03    542.167      13013  1028.3337  1028.3322    34.4772    34.4751    7.89000         29 0.0000e+00
    147.000    145.508     0.7378  29.343490     0.7378  29.342063     5.0992     5.1977     0.0479    90.5640 1.0000e-12  -64.76434  -63.12214 347.946115      99.97 1.7526e+03    543.373      13042  1028.3410  1028.3395    34.4818    34.4800    7.88699         29 0.0000e+00
    148.000    146.499     0.7409  29.347469     0.7396  29.345015     5.1079     5.1938     0.0436    90.5980 1.0000e-12  -64.76434  -63.12214 347.946129      99.97 1.7522e+03    544.568      13071  1028.3465  1028.3454    34.4829    34.4813    7.88630         28 0.0000e+00
    149.000    147.489     0.7428  29.350153     0.7420  29.348079     5.1026     5.1886     0.0372    90.5836 1.0000e-12  -64.76434  -63.12214 347.946143      99.97 1.7505e+03    545.752      13099  1028.3520  1028.3505    34.4837    34.4819    7.88588         29 0.0000e+00
    150.000    148.477     0.7425  29.349697     0.7423  29.348869     5.0863     5.1766     0.0354    90.5850 1.0000e-12  -64.76434  -63.12214 347.946157      99.97 1.7509e+03    546.935      13127  1028.3562  1028.3555    34.4829    34.4820    7.88599         28 0.0000e+00
    151.000    149.468     0.7518  29.359537     0.7518  29.358408     5.0782     5.1667     0.0296    90.6096 1.0000e-12  -64.76434  -63.12214 347.946171      99.97 1.7534e+03    548.139      13156  1028.3617  1028.3605    34.4848    34.4832    7.88400         29 0.0000e+00
    152.000    150.457     0.7618  29.371479     0.7606  29.369381     5.0777     5.1532     0.0360    90.6080 1.0000e-12  -64.76434  -63.12214 347.946185      99.97 1.7551e+03    549.349      13185  1028.3687  1028.3676    34.4885    34.4871    7.88177         28 0.0000e+00
    153.000    151.447     0.7632  29.373514     0.7629  29.372032     5.0807     5.1473     0.0362    90.5826 1.0000e-12  -64.76434  -63.12214 347.946198      99.97 1.7574e+03    550.543      13214  1028.3738  1028.3725    34.4890    34.4874    7.88145         28 0.0000e+00
    154.000    152.436     0.7662  29.376892     0.7655  29.375316     5.0756     5.1486     0.0390    90.5464 1.0000e-12  -64.76434  -63.12214 347.946212      99.97 1.7617e+03    551.747      13243  1028.3788  1028.3778    34.4895    34.4881    7.88082         29 0.0000e+00
    155.000    153.425     0.7668  29.378471     0.7659  29.376330     5.0805     5.1519     0.0436    90.6669 1.0000e-12  -64.76434  -63.12214 347.946226      99.97 1.7648e+03    552.948      13272  1028.3842  1028.3829    34.4902    34.4885    7.88065         29 0.0000e+00
    156.000    154.416     0.7689  29.380831     0.7687  29.379513     5.0831     5.1471     0.0394    90.6512 1.0000e-12  -64.76434  -63.12214 347.946240      99.97 1.7652e+03    554.142      13300  1028.3889  1028.3878    34.4903    34.4889    7.88022         28 0.0000e+00
    157.000    155.405     0.7697  29.382005     0.7689  29.380257     5.0732     5.1424     0.0317    90.6299 1.0000e-12  -64.76434  -63.12214 347.946254      99.97 1.7685e+03    555.328      13329  1028.3938  1028.3927    34.4904    34.4891    7.88006         29 0.0000e+00
    158.000    156.394     0.7735  29.386386     0.7735  29.385478     5.0646     5.1379     0.0342    90.6430 1.0000e-12  -64.76434  -63.12214 347.946268      99.97 1.7699e+03    556.530      13358  1028.3990  1028.3980    34.4913    34.4901    7.87924         29 0.0000e+00
    159.000    157.384     0.7773  29.391056     0.7770  29.389789     5.0614     5.1356     0.0422    90.6868 1.0000e-12  -64.76434  -63.12214 347.946281      99.97 1.7710e+03    557.721      13386  1028.4044  1028.4033    34.4925    34.4912    7.87840         28 0.0000e+00
    160.000    158.372     0.7763  29.391185     0.7749  29.389217     5.0584     5.1326     0.0370    90.6972 1.0000e-12  -64.76434  -63.12214 347.946295      99.97 1.7716e+03    558.900      13415  1028.4098  1028.4091    34.4932    34.4922    7.87857         28 0.0000e+00
    161.000    159.362     0.7758  29.391245     0.7752  29.389550     5.0621     5.1262     0.0294    90.6641 1.0000e-12  -64.76434  -63.12214 347.946309      99.97 1.7717e+03    560.095      13443  1028.4148  1028.4136    34.4932    34.4917    7.87866         30 0.0000e+00
    162.000    160.354     0.7732  29.390096     0.7723  29.388232     5.0540     5.1267     0.0362    90.7125 1.0000e-12  -64.76434  -63.12214 347.946323      99.97 1.7729e+03    561.306      13472  1028.4204  1028.4194    34.4940    34.4927    7.87914         28 0.0000e+00
    163.000    161.342     0.7751  29.392168     0.7736  29.390063     5.0591     5.1305     0.0362    90.7313 1.0000e-12  -64.76434  -63.12214 347.946337      99.97 1.7775e+03    562.519      13501  1028.4250  1028.4243    34.4940    34.4929    7.87876         29 0.0000e+00
    164.000    162.330     0.7718  29.389942     0.7702  29.387781     5.0635     5.1262     0.0362    90.7048 1.0000e-12  -64.76434  -63.12214 347.946351      99.97 1.7817e+03    563.731      13531  1028.4303  1028.4295    34.4943    34.4932    7.87943         29 0.0000e+00
    165.000    163.319     0.7683  29.387413     0.7674  29.385770     5.0657     5.1300     0.0362    90.6794 1.0000e-12  -64.76434  -63.12214 347.946365      99.97 1.7862e+03    564.932      13559  1028.4353  1028.4344    34.4942    34.4931    7.88013         30 0.0000e+00
    166.000    164.311     0.7642  29.384665     0.7636  29.383141     5.0585     5.1251     0.0362    90.7243 1.0000e-12  -64.76434  -63.12214 347.946379      99.97 1.7876e+03    566.134      13588  1028.4407  1028.4398    34.4946    34.4933    7.88093         28 0.0000e+00
    167.000    165.300     0.7619  29.382885     0.7612  29.381404     5.0565     5.1267     0.0703    90.6984 1.0000e-12  -64.76434  -63.12214 347.946393      99.97 1.7858e+03    567.347      13617  1028.4454  1028.4446    34.4943    34.4932    7.88143         27 0.0000e+00
    168.000    166.289     0.7613  29.382745     0.7608  29.381386     5.0602     5.1234     0.0547    89.6592 1.0000e-12  -64.76434  -63.12214 347.946407      99.97 1.7838e+03    568.538      13646  1028.4501  1028.4492    34.4942    34.4930    7.88155         29 0.0000e+00
    169.000    167.278     0.7618  29.383723     0.7613  29.382401     5.0598     5.1247     0.0362    90.6484 1.0000e-12  -64.76434  -63.12214 347.946420      99.97 1.7832e+03    569.711      13674  1028.4548  1028.4539    34.4943    34.4931    7.88145         27 0.0000e+00
    170.000    168.266     0.7619  29.384239     0.7614  29.382823     5.0633     5.1291     0.0426    90.6161 1.0000e-12  -64.76434  -63.12214 347.946434      99.97 1.7840e+03    570.859      13702  1028.4595  1028.4585    34.4943    34.4930    7.88142         28 0.0000e+00
    171.000    169.259     0.7623  29.385003     0.7614  29.383394     5.0580     5.1245     0.0308    90.6320 1.0000e-12  -64.76434  -63.12214 347.946447      99.97 1.7841e+03    572.018      13729  1028.4642  1028.4633    34.4942    34.4931    7.88135         26 0.0000e+00
    172.000    170.246     0.7613  29.384607     0.7605  29.383009     5.0554     5.1226     0.0355    90.6574 1.0000e-12  -64.76434  -63.12214 347.946461      99.97 1.7868e+03    573.210      13758  1028.4690  1028.4681    34.4942    34.4931    7.88155         29 0.0000e+00
    173.000    171.235     0.7618  29.385716     0.7612  29.384190     5.0522     5.1238     0.0370    90.6094 1.0000e-12  -64.76434  -63.12214 347.946475      99.97 1.7895e+03    574.415      13787  1028.4739  1028.4729    34.4945    34.4932    7.88143         29 0.0000e+00
    174.000    172.223     0.7620  29.386385     0.7616  29.385206     5.0574     5.1156     0.0407    90.5815 1.0000e-12  -64.76434  -63.12214 347.946489      99.97 1.7922e+03    575.610      13816  1028.4787  1028.4777    34.4946    34.4935    7.88139         26 0.0000e+00
    175.000    173.214     0.7623  29.387343     0.7620  29.386092     5.0544     5.1188     0.0289    90.5650 1.0000e-12  -64.76434  -63.12214 347.946502      99.97 1.7952e+03    576.792      13844  1028.4835  1028.4826    34.4948    34.4936    7.88130         29 0.0000e+00
    176.000    174.204     0.7632  29.388437     0.7635  29.388105     5.0576     5.1136     0.0315    90.5767 1.0000e-12  -64.76434  -63.12214 347.946516      70.60 1.8003e+03    577.984      13873  1028.4881  1028.4875    34.4948    34.4940    7.88114         28 0.0000e+00
