NBP2113_155081_ctd/data/dnbp2113_035.cnv
* Sea-Bird SBE 9 Data File:
* FileName = D:\Data\raw\NBP2113_035.hex
* Software Version Seasave V 7.26.7.121
* Temperature SN = 2438
* Conductivity SN = 2067
* Number of Bytes Per Scan = 40
* Number of Voltage Words = 5
* Number of Scans Averaged by the Deck Unit = 1
* NMEA Latitude = 64 56.00 S
* NMEA Longitude = 064 23.93 W
* NMEA UTC (Time) = Dec 09 2021  05:14:22
* NMEA baud rate = 9600
** Ship: RVIB N.B. Palmer
** Cruise: NBP2113 LTER
** Station: 600.040
** Operator: B. Urmston
# nquan = 25
# nvalues = 119                         
# units = specified
# name 0 = prDM: Pressure, Digiquartz [db]
# name 1 = depSM: Depth [salt water, m]
# name 2 = t090C: Temperature [ITS-90, deg C]
# name 3 = c0mS/cm: Conductivity [mS/cm]
# name 4 = t190C: Temperature, 2 [ITS-90, deg C]
# name 5 = c1mS/cm: Conductivity, 2 [mS/cm]
# name 6 = sbeox0ML/L: Oxygen, SBE 43 [ml/l]
# name 7 = sbeox1ML/L: Oxygen, SBE 43, 2 [ml/l]
# name 8 = flECO-AFL: Fluorescence, WET Labs ECO-AFL/FL [mg/m^3]
# name 9 = CStarTr0: Beam Transmission, WET Labs C-Star [%]
# name 10 = par: PAR/Irradiance, Biospherical/Licor
# name 11 = latitude: Latitude [deg]
# name 12 = longitude: Longitude [deg]
# name 13 = timeJ: Julian Days
# name 14 = altM: Altimeter [m]
# name 15 = spar: SPAR, Biospherical/Licor
# name 16 = timeS: Time, Elapsed [seconds]
# name 17 = scan: Scan Count
# name 18 = density00: Density [density, kg/m^3]
# name 19 = density11: Density, 2 [density, kg/m^3]
# name 20 = sal00: Salinity, Practical [PSU]
# name 21 = sal11: Salinity, Practical, 2 [PSU]
# name 22 = oxsolML/L: Oxygen Saturation, Garcia & Gordon [ml/l]
# name 23 = nbin: number of scans per bin
# name 24 = flag: flag
# span 0 =      5.000,    123.000       
# span 1 =      4.951,    121.758       
# span 2 =    -0.9686,     0.2360       
# span 3 =  27.170866,  28.833658       
# span 4 =    -0.9681,     0.2330       
# span 5 =  27.169479,  28.828895       
# span 6 =     5.6388,     8.0113       
# span 7 =     5.7026,     8.0224       
# span 8 =     0.0394,     1.6834       
# span 9 =    88.4777,    95.5653       
# span 10 = -1.139e-05, 8.0001e-01      
# span 11 =  -64.93360,  -64.93352      
# span 12 =  -64.40168,  -64.40025      
# span 13 = 343.221557, 343.226544      
# span 14 =      -5.30,     107.23      
# span 15 = 0.0000e+00, 0.0000e+00      
# span 16 =    280.553,    711.391      
# span 17 =       6734,      17074      
# span 18 =  1027.0293,  1028.1855      
# span 19 =  1027.0215,  1028.1833      
# span 20 =    33.5790,    34.3894      
# span 21 =    33.5734,    34.3871      
# span 22 =    7.99519,    8.29979      
# span 23 =         16,         46      
# span 24 = 0.0000e+00, 0.0000e+00      
# interval = decibars: 1                
# start_time = Dec 09 2021 05:14:22 [NMEA time, header]
# bad_flag = -9.990e-29
*END*
      5.000      4.951    -0.9518  27.186832    -0.9618  27.178827     7.9412     7.9970     1.4232    88.4777 8.0001e-01  -64.93354  -64.40025 343.221557      -5.30 0.0000e+00    280.553       6734  1027.0297  1027.0303    33.5859    33.5862    8.29572         20 0.0000e+00
      6.000      5.939    -0.9209  27.210944    -0.8988  27.221680     7.9609     8.0121     1.5065    88.5476 7.8616e-01  -64.93354  -64.40028 343.221652      38.80 0.0000e+00    288.731       6931  1027.0303  1027.0215    33.5836    33.5734    8.28905         26 0.0000e+00
      7.000      6.931    -0.8667  27.252601    -0.8463  27.271331     7.9468     8.0144     1.6578    88.5652 6.9069e-01  -64.93354  -64.40032 343.221731     107.23 0.0000e+00    295.547       7094  1027.0293  1027.0298    33.5790    33.5816    8.27738         34 0.0000e+00
      8.000      7.922    -0.9285  27.206478    -0.8622  27.262421     8.0113     8.0116     1.5345    88.5772 5.5236e-01  -64.93354  -64.40032 343.221759      99.97 0.0000e+00    297.974       7152  1027.0424  1027.0400    33.5847    33.5866    8.29065         42 0.0000e+00
      9.000      8.913    -0.9657  27.173329    -0.9636  27.173621     7.9831     8.0140     1.5904    88.5901 4.7612e-01  -64.93354  -64.40033 343.221797      99.97 0.0000e+00    301.270       7231  1027.0460  1027.0446    33.5807    33.5787    8.29911         31 0.0000e+00
     10.000      9.900    -0.9686  27.170866    -0.9681  27.169479     7.9809     8.0147     1.6420    88.5810 4.4819e-01  -64.93354  -64.40036 343.221850      99.97 0.0000e+00    305.870       7342  1027.0499  1027.0481    33.5799    33.5774    8.29979         37 0.0000e+00
     11.000     10.894    -0.9673  27.172708    -0.9670  27.171168     7.9685     8.0150     1.5208    88.5697 3.7136e-01  -64.93354  -64.40036 343.221892      99.97 0.0000e+00    309.474       7428  1027.0547  1027.0529    33.5803    33.5779    8.29947         33 0.0000e+00
     12.000     11.883    -0.9666  27.173947    -0.9659  27.172861     7.9795     8.0163     1.5638    88.5580 3.4736e-01  -64.93355  -64.40040 343.221948      99.97 0.0000e+00    314.293       7544  1027.0596  1027.0578    33.5806    33.5784    8.29931         43 0.0000e+00
     13.000     12.869    -0.9657  27.175631    -0.9648  27.174810     8.0071     8.0161     1.6834    88.5668 2.8546e-01  -64.93354  -64.40041 343.221989      99.97 0.0000e+00    317.817       7629  1027.0648  1027.0631    33.5813    33.5792    8.29907         30 0.0000e+00
     14.000     13.863    -0.9612  27.181377    -0.9610  27.179832     7.9730     8.0224     1.5504    88.5434 2.3272e-01  -64.93355  -64.40040 343.222025      99.97 0.0000e+00    320.933       7703  1027.0711  1027.0692    33.5835    33.5811    8.29795         36 0.0000e+00
     15.000     14.852    -0.9576  27.184774    -0.9611  27.179257     7.9585     8.0103     1.4232    88.5424 2.1938e-01  -64.93356  -64.40040 343.222042      99.97 0.0000e+00    322.399       7739  1027.0757  1027.0731    33.5835    33.5799    8.29716         38 0.0000e+00
     16.000     15.844    -0.9491  27.195310    -0.9521  27.189906     7.9717     8.0143     1.5481    88.5453 1.7520e-01  -64.93356  -64.40042 343.222117      99.87 0.0000e+00    328.892       7894  1027.0834  1027.0804    33.5876    33.5837    8.29502         37 0.0000e+00
     17.000     16.833    -0.9510  27.193429    -0.9496  27.193242     7.9900     8.0075     1.3716    88.5368 1.4315e-01  -64.93356  -64.40042 343.222142      99.97 0.0000e+00    331.109       7948  1027.0875  1027.0860    33.5866    33.5848    8.29551         29 0.0000e+00
     18.000     17.823    -0.9527  27.193283    -0.9510  27.194051     7.9859     8.0114     1.4585    88.5297 1.3740e-01  -64.93356  -64.40042 343.222157      99.97 0.0000e+00    332.379       7978  1027.0934  1027.0925    33.5877    33.5869    8.29583         32 0.0000e+00
     19.000     18.811    -0.9395  27.235401    -0.9400  27.232679     7.7731     7.8564     1.5459    88.6712 1.2710e-01  -64.93356  -64.40045 343.222241      99.97 0.0000e+00    339.668       8153  1027.1311  1027.1290    33.6295    33.6265    8.29044         28 0.0000e+00
     20.000     19.803    -0.9230  27.285233    -0.9243  27.287605     7.6436     7.7602     1.0667    89.0391 9.7658e-02  -64.93356  -64.40044 343.222293      99.97 0.0000e+00    344.136       8260  1027.1747  1027.1787    33.6783    33.6830    8.28395         21 0.0000e+00
     21.000     20.794    -0.9142  27.306224    -0.9140  27.305012     7.6461     7.7388     0.9522    89.7262 9.1593e-02  -64.93356  -64.40044 343.222304      99.97 0.0000e+00    345.036       8282  1027.1938  1027.1922    33.6964    33.6945    8.28097         26 0.0000e+00
     22.000     21.783    -0.8960  27.337565    -0.8946  27.338520     7.4495     7.5748     1.1605    90.0100 7.3641e-02  -64.93356  -64.40046 343.222377      99.97 0.0000e+00    351.370       8434  1027.2152  1027.2149    33.7179    33.7176    8.27569         43 0.0000e+00
     23.000     22.773    -0.8507  27.426262    -0.8485  27.430151     7.2756     7.4658     0.9646    89.9756 6.2214e-02  -64.93356  -64.40046 343.222422      99.97 0.0000e+00    355.294       8528  1027.2731  1027.2753    33.7870    33.7897    8.26170         40 0.0000e+00
     24.000     23.764    -0.7650  27.537069    -0.7637  27.538551     7.3828     7.4979     0.7371    90.4939 6.3080e-02  -64.93356  -64.40047 343.222440      99.97 0.0000e+00    356.835       8565  1027.3159  1027.3163    33.8403    33.8408    8.23983         37 0.0000e+00
     25.000     24.754    -0.6241  27.676233    -0.6098  27.692908     7.6040     7.5941     0.7663    92.3030 5.1284e-02  -64.93356  -64.40048 343.222506      99.97 0.0000e+00    362.520       8701  1027.3368  1027.3415    33.8697    33.8762    8.20742         26 0.0000e+00
     26.000     25.744    -0.5325  27.767855    -0.5293  27.769397     7.6878     7.6517     0.6773    92.9165 4.0695e-02  -64.93356  -64.40048 343.222532      99.97 0.0000e+00    364.771       8756  1027.3530  1027.3518    33.8900    33.8885    8.18642         24 0.0000e+00
     27.000     26.735    -0.4935  27.807970    -0.4874  27.812151     7.6613     7.6480     0.7871    92.9975 3.8832e-02  -64.93355  -64.40049 343.222561      99.97 0.0000e+00    367.256       8815  1027.3645  1027.3635    33.8996    33.8985    8.17742         33 0.0000e+00
     28.000     27.723    -0.4825  27.816861    -0.4835  27.814799     7.6518     7.6701     0.8579    93.1549 3.6082e-02  -64.93355  -64.40052 343.222625      99.97 0.0000e+00    372.827       8949  1027.3713  1027.3699    33.8987    33.8970    8.17512         37 0.0000e+00
     29.000     28.714    -0.4443  27.852618    -0.4535  27.843350     7.6897     7.6987     0.7641    93.2408 2.4420e-02  -64.93356  -64.40050 343.222671      99.97 0.0000e+00    376.758       9043  1027.3782  1027.3772    33.9033    33.9012    8.16661         33 0.0000e+00
     30.000     29.704    -0.4231  27.874302    -0.4257  27.869353     7.6843     7.7073     0.7232    93.2655 2.0287e-02  -64.93356  -64.40050 343.222686      99.97 0.0000e+00    378.031       9074  1027.3859  1027.3830    33.9082    33.9044    8.16178         31 0.0000e+00
     31.000     30.693    -0.4209  27.877343    -0.4177  27.878264     7.6695     7.7118     0.8836    93.2053 1.8452e-02  -64.93355  -64.40052 343.222720      99.97 0.0000e+00    380.977       9144  1027.3921  1027.3900    33.9091    33.9068    8.16124         33 0.0000e+00
     32.000     31.684    -0.4114  27.885605    -0.4150  27.881128     7.7397     7.7360     0.8540    93.1466 1.1315e-02  -64.93355  -64.40054 343.222784      99.97 0.0000e+00    386.515       9277  1027.3971  1027.3958    33.9090    33.9070    8.15922         35 0.0000e+00
     33.000     32.674    -0.3344  27.959587    -0.3295  27.961836     7.8391     7.7834     0.7680    93.0847 5.1023e-03  -64.93356  -64.40054 343.222822      99.97 0.0000e+00    389.830       9357  1027.4066  1027.4042    33.9215    33.9189    8.14199         31 0.0000e+00
     34.000     33.664    -0.2415  28.064001    -0.2410  28.062280     7.8315     7.8123     0.7958    93.0877 1.6640e-03  -64.93356  -64.40054 343.222837      99.97 0.0000e+00    391.137       9388  1027.4336  1027.4312    33.9567    33.9538    8.12013         34 0.0000e+00
     35.000     34.655    -0.1748  28.130788    -0.1771  28.127094     7.8036     7.8283     0.9052    93.0405 4.8627e-04  -64.93355  -64.40055 343.222870      99.97 0.0000e+00    393.958       9456  1027.4464  1027.4446    33.9706    33.9682    8.10512         33 0.0000e+00
     36.000     35.645    -0.1507  28.161042    -0.1509  28.159481     7.7447     7.8015     0.8953    93.1501 -1.139e-05  -64.93356  -64.40056 343.222953      99.97 0.0000e+00    401.156       9629  1027.4631  1027.4615    33.9835    33.9816    8.09928         38 0.0000e+00
     37.000     36.634    -0.1527  28.163510    -0.1525  28.161957     7.7292     7.7883     0.6183    93.3227 1.0000e-12  -64.93356  -64.40056 343.222971      99.97 0.0000e+00    402.696       9666  1027.4723  1027.4705    33.9884    33.9861    8.09942         28 0.0000e+00
     38.000     37.625    -0.1576  28.161443    -0.1568  28.160574     7.7278     7.7868     0.5765    93.4649 1.0000e-12  -64.93355  -64.40057 343.222985      99.97 0.0000e+00    403.938       9696  1027.4794  1027.4776    33.9905    33.9884    8.10034         26 0.0000e+00
     39.000     38.615    -0.1440  28.178071    -0.1430  28.178078     7.7376     7.7759     0.6579    93.5988 1.0000e-12  -64.93355  -64.40059 343.223045      99.97 0.0000e+00    409.070       9819  1027.4888  1027.4878    33.9968    33.9957    8.09709         41 0.0000e+00
     40.000     39.604    -0.1270  28.202914    -0.1267  28.201566     7.6964     7.7590     0.5509    93.6836 1.0000e-12  -64.93356  -64.40061 343.223095      99.97 0.0000e+00    413.404       9923  1027.5037  1027.5020    34.0103    34.0082    8.09272         33 0.0000e+00
     41.000     40.594    -0.1217  28.212679    -0.1221  28.210841     7.6966     7.7464     0.4220    93.9723 1.0000e-12  -64.93356  -64.40060 343.223123      99.97 0.0000e+00    415.850       9981  1027.5136  1027.5120    34.0168    34.0148    8.09124         40 0.0000e+00
     42.000     41.584    -0.1234  28.214085    -0.1233  28.212644     7.6860     7.7418     0.3977    94.0154 1.0000e-12  -64.93356  -64.40059 343.223142      99.97 0.0000e+00    417.431      10019  1027.5211  1027.5195    34.0199    34.0179    8.09141         35 0.0000e+00
     43.000     42.574    -0.1241  28.214844    -0.1242  28.213240     7.6903     7.7370     0.3839    94.0473 1.0000e-12  -64.93355  -64.40061 343.223183      99.97 0.0000e+00    420.969      10104  1027.5272  1027.5255    34.0211    34.0191    8.09150         31 0.0000e+00
     44.000     43.565    -0.1110  28.229718    -0.1116  28.227912     7.6409     7.7053     0.3720    94.0577 1.0000e-12  -64.93354  -64.40064 343.223241      99.97 0.0000e+00    425.990      10225  1027.5347  1027.5334    34.0257    34.0239    8.08846         34 0.0000e+00
     45.000     44.554    -0.1047  28.246605    -0.1046  28.245030     7.5404     7.6450     0.3826    94.0992 1.0000e-12  -64.93354  -64.40063 343.223261      99.97 0.0000e+00    427.786      10268  1027.5511  1027.5493    34.0405    34.0383    8.08629         38 0.0000e+00
     46.000     45.542    -0.1252  28.242192    -0.1247  28.240796     7.4769     7.5753     0.3721    94.2130 1.0000e-12  -64.93354  -64.40065 343.223306      99.97 0.0000e+00    431.618      10360  1027.5708  1027.5689    34.0569    34.0546    8.08970         39 0.0000e+00
     47.000     46.536    -0.1674  28.214392    -0.1671  28.212917     7.3488     7.4534     0.2917    94.3787 1.0000e-12  -64.93354  -64.40068 343.223374      99.97 0.0000e+00    437.531      10502  1027.5862  1027.5844    34.0664    34.0641    8.09810         31 0.0000e+00
     48.000     47.524    -0.1642  28.225285    -0.1633  28.224208     6.9944     7.2078     0.2561    94.4555 1.0000e-12  -64.93354  -64.40067 343.223403      99.97 0.0000e+00    439.975      10560  1027.5988  1027.5968    34.0767    34.0743    8.09683         33 0.0000e+00
     49.000     48.515    -0.2680  28.146835    -0.2659  28.146257     6.8299     7.0995     0.2286    94.4935 1.0000e-12  -64.93354  -64.40066 343.223416      99.97 0.0000e+00    441.119      10588  1027.6202  1027.6176    34.0877    34.0846    8.11829         26 0.0000e+00
     50.000     49.504    -0.2202  28.207818    -0.2217  28.204374     6.8992     7.1142     0.2054    94.5411 1.0000e-12  -64.93354  -64.40066 343.223429      99.97 0.0000e+00    442.276      10616  1027.6430  1027.6406    34.1150    34.1120    8.10657         31 0.0000e+00
     51.000     50.495    -0.2066  28.244311    -0.2065  28.242429     6.6904     6.9007     0.1758    94.6360 1.0000e-12  -64.93352  -64.40071 343.223510      99.97 0.0000e+00    449.232      10783  1027.6725  1027.6702    34.1478    34.1452    8.10180         37 0.0000e+00
     52.000     51.485    -0.1985  28.262143    -0.1992  28.260099     6.6835     6.8202     0.1696    94.9170 1.0000e-12  -64.93353  -64.40072 343.223559      99.97 0.0000e+00    453.520      10885  1027.6878  1027.6863    34.1618    34.1600    8.09927         40 0.0000e+00
     53.000     52.474    -0.1934  28.272261    -0.1934  28.270914     6.6222     6.7605     0.1357    94.9355 1.0000e-12  -64.93354  -64.40072 343.223583      99.97 0.0000e+00    455.613      10936  1027.6979  1027.6964    34.1690    34.1672    8.09779         36 0.0000e+00
     54.000     53.464    -0.1896  28.282920    -0.1898  28.281219     6.5692     6.6991     0.1409    95.0077 1.0000e-12  -64.93354  -64.40072 343.223608      99.97 0.0000e+00    457.701      10986  1027.7101  1027.7083    34.1784    34.1763    8.09645         46 0.0000e+00
     55.000     54.455    -0.1955  28.287567    -0.1953  28.286221     6.4211     6.5383     0.1626    95.1346 1.0000e-12  -64.93353  -64.40074 343.223686      99.97 0.0000e+00    464.458      11148  1027.7252  1027.7235    34.1906    34.1886    8.09701         33 0.0000e+00
     56.000     55.443    -0.1868  28.303155    -0.1858  28.302705     6.3897     6.4912     0.0984    95.1651 1.0000e-12  -64.93354  -64.40074 343.223717      99.97 0.0000e+00    467.191      11214  1027.7376  1027.7361    34.2010    34.1992    8.09458         29 0.0000e+00
     57.000     56.435    -0.1706  28.323939    -0.1710  28.321977     6.4092     6.4926     0.0879    95.1884 1.0000e-12  -64.93354  -64.40072 343.223730      74.50 0.0000e+00    468.238      11239  1027.7484  1027.7466    34.2099    34.2077    8.09063         25 0.0000e+00
     58.000     57.424    -0.1680  28.327966    -0.1679  28.326706     6.4086     6.4876     0.0935    95.2169 1.0000e-12  -64.93354  -64.40072 343.223742      80.99 0.0000e+00    469.311      11264  1027.7545  1027.7531    34.2117    34.2099    8.08997         28 0.0000e+00
     59.000     58.414    -0.1679  28.329442    -0.1673  28.328811     6.4174     6.4762     0.0827    95.2232 1.0000e-12  -64.93353  -64.40077 343.223815     100.64 0.0000e+00    475.635      11416  1027.7605  1027.7592    34.2129    34.2114    8.08988         35 0.0000e+00
     60.000     59.401    -0.1675  28.331112    -0.1673  28.329696     6.4218     6.4677     0.0883    95.2057 1.0000e-12  -64.93354  -64.40077 343.223855      99.97 0.0000e+00    479.043      11498  1027.7663  1027.7646    34.2141    34.2120    8.08973         35 0.0000e+00
     61.000     60.395    -0.1647  28.334714    -0.1645  28.333120     6.4326     6.4755     0.0991    95.2404 1.0000e-12  -64.93353  -64.40076 343.223873      99.97 0.0000e+00    480.588      11535  1027.7717  1027.7699    34.2151    34.2129    8.08907         32 0.0000e+00
