NBP2113_155081_ctd/data/dnbp2113_018.cnv
* Sea-Bird SBE 9 Data File:
* FileName = D:\Data\raw\NBP2113_018.hex
* Software Version Seasave V 7.26.7.121
* Temperature SN = 2438
* Conductivity SN = 2067
* Number of Bytes Per Scan = 40
* Number of Voltage Words = 5
* Number of Scans Averaged by the Deck Unit = 1
* NMEA Latitude = 65 50.87 S
* NMEA Longitude = 071 22.66 W
* NMEA UTC (Time) = Nov 28 2021  20:11:54
* NMEA baud rate = 9600
** Ship: RVIB N.B. Palmer
** Cruise: NBP2113 LTER
** Station: 300.200
** Operator: S. Blackman
# nquan = 25
# nvalues = 3098                        
# units = specified
# name 0 = prDM: Pressure, Digiquartz [db]
# name 1 = depSM: Depth [salt water, m]
# name 2 = t090C: Temperature [ITS-90, deg C]
# name 3 = c0mS/cm: Conductivity [mS/cm]
# name 4 = t190C: Temperature, 2 [ITS-90, deg C]
# name 5 = c1mS/cm: Conductivity, 2 [mS/cm]
# name 6 = sbeox0ML/L: Oxygen, SBE 43 [ml/l]
# name 7 = sbeox1ML/L: Oxygen, SBE 43, 2 [ml/l]
# name 8 = flECO-AFL: Fluorescence, WET Labs ECO-AFL/FL [mg/m^3]
# name 9 = CStarTr0: Beam Transmission, WET Labs C-Star [%]
# name 10 = par: PAR/Irradiance, Biospherical/Licor
# name 11 = latitude: Latitude [deg]
# name 12 = longitude: Longitude [deg]
# name 13 = timeJ: Julian Days
# name 14 = altM: Altimeter [m]
# name 15 = spar: SPAR, Biospherical/Licor
# name 16 = timeS: Time, Elapsed [seconds]
# name 17 = scan: Scan Count
# name 18 = density00: Density [density, kg/m^3]
# name 19 = density11: Density, 2 [density, kg/m^3]
# name 20 = sal00: Salinity, Practical [PSU]
# name 21 = sal11: Salinity, Practical, 2 [PSU]
# name 22 = oxsolML/L: Oxygen Saturation, Garcia & Gordon [ml/l]
# name 23 = nbin: number of scans per bin
# name 24 = flag: flag
# span 0 =      5.000,   3102.000       
# span 1 =      4.951,   3048.984       
# span 2 =    -0.9604,     1.9798       
# span 3 =  27.559609,  30.705951       
# span 4 =    -0.9587,     1.9795       
# span 5 =  27.559233,  30.705150       
# span 6 =     3.9066,     8.4230       
# span 7 =     3.9540,     8.4608       
# span 8 =    -0.0220,    10.1452       
# span 9 =    85.2241,    97.8607       
# span 10 = 1.0000e-12, 1.0000e-12      
# span 11 =  -65.84838,  -65.84752      
# span 12 =  -71.37858,  -71.37718      
# span 13 = 332.844803, 332.889189      
# span 14 =       1.14,     108.25      
# span 15 = 2.0217e+02, 6.2851e+02      
# span 16 =    276.952,   4111.969      
# span 17 =       6648,      98688      
# span 18 =  1027.3162,  1042.0975      
# span 19 =  1027.3144,  1042.0969      
# span 20 =    33.9566,    34.7290      
# span 21 =    33.9548,    34.7281      
# span 22 =    7.63195,    8.26876      
# span 23 =         12,         69      
# span 24 = 0.0000e+00, 0.0000e+00      
# interval = decibars: 1                
# start_time = Nov 28 2021 20:11:54 [NMEA time, header]
# bad_flag = -9.990e-29
*END*
[from data line 986]
    991.000    978.891     1.4801  30.551888     1.4801  30.551213     4.2777     4.3240    -0.0136    97.8583 1.0000e-12  -65.84766  -71.37842 332.860509      99.97 5.2886e+02   1633.955      39216  1032.4254  1032.4247    34.7284    34.7276    7.72558         21 0.0000e+00
    992.000    979.877     1.4802  30.552388     1.4803  30.551806     4.2868     4.3244    -0.0181    97.8572 1.0000e-12  -65.84766  -71.37842 332.860519      99.97 5.2886e+02   1634.861      39238  1032.4300  1032.4294    34.7284    34.7276    7.72557         23 0.0000e+00
    993.000    980.863     1.4801  30.552708     1.4802  30.552092     4.2797     4.3175    -0.0111    97.8398 1.0000e-12  -65.84766  -71.37842 332.860532      99.98 5.2886e+02   1635.949      39264  1032.4346  1032.4339    34.7284    34.7275    7.72559         29 0.0000e+00
    994.000    981.847     1.4798  30.552918     1.4799  30.552224     4.2697     4.3205     0.0094    97.8589 1.0000e-12  -65.84766  -71.37842 332.860546      99.98 5.2944e+02   1637.185      39293  1032.4393  1032.4385    34.7284    34.7274    7.72564         28 0.0000e+00
    995.000    982.832     1.4797  30.553156     1.4796  30.552550     4.2732     4.3221    -0.0050    97.8583 1.0000e-12  -65.84766  -71.37844 332.860558      99.98 5.3064e+02   1638.177      39317  1032.4439  1032.4433    34.7283    34.7276    7.72568         21 0.0000e+00
    996.000    983.818     1.4796  30.553547     1.4796  30.552977     4.2750     4.3207    -0.0160    97.8583 1.0000e-12  -65.84766  -71.37844 332.860567      99.98 5.2888e+02   1638.988      39337  1032.4486  1032.4479    34.7284    34.7276    7.72570         19 0.0000e+00
    997.000    984.804     1.4785  30.553209     1.4786  30.552547     4.2736     4.3222    -0.0214    97.8583 1.0000e-12  -65.84766  -71.37844 332.860576      99.98 5.2859e+02   1639.763      39355  1032.4534  1032.4527    34.7286    34.7276    7.72589         19 0.0000e+00
    998.000    985.790     1.4774  30.552633     1.4774  30.551856     4.2727     4.3223    -0.0120    97.8583 1.0000e-12  -65.84766  -71.37845 332.860592      99.97 5.2885e+02   1641.144      39388  1032.4581  1032.4574    34.7285    34.7276    7.72611         28 0.0000e+00
    999.000    986.776     1.4773  30.552819     1.4773  30.552080     4.2856     4.3221    -0.0042    97.8583 1.0000e-12  -65.84764  -71.37846 332.860634      99.98 5.3040e+02   1644.763      39475  1032.4626  1032.4618    34.7283    34.7274    7.72614         23 0.0000e+00
   1000.000    987.758     1.4703  30.547129     1.4702  30.546365     4.2932     4.3222    -0.0060    97.8583 1.0000e-12  -65.84764  -71.37846 332.860641      99.98 5.2886e+02   1645.417      39491  1032.4680  1032.4673    34.7282    34.7273    7.72752         17 0.0000e+00
   1001.000    988.748     1.4695  30.546927     1.4694  30.546198     4.2930     4.3237    -0.0134    97.8349 1.0000e-12  -65.84764  -71.37846 332.860649      99.98 5.2759e+02   1646.070      39507  1032.4728  1032.4722    34.7283    34.7275    7.72767         15 0.0000e+00
   1002.000    989.730     1.4696  30.547316     1.4694  30.546658     4.2962     4.3265    -0.0134    97.8308 1.0000e-12  -65.84764  -71.37846 332.860656      99.98 5.2623e+02   1646.681      39521  1032.4773  1032.4768    34.7282    34.7276    7.72767         14 0.0000e+00
   1003.000    990.716     1.4695  30.547869     1.4694  30.547055     4.2959     4.3293    -0.0135    97.8460 1.0000e-12  -65.84764  -71.37846 332.860663      99.98 5.2536e+02   1647.279      39536  1032.4821  1032.4814    34.7284    34.7275    7.72766         15 0.0000e+00
   1004.000    991.703     1.4698  30.548392     1.4697  30.547660     4.2819     4.3293    -0.0138    97.8565 1.0000e-12  -65.84764  -71.37848 332.860671      99.98 5.2489e+02   1647.973      39552  1032.4865  1032.4858    34.7282    34.7274    7.72762         19 0.0000e+00
   1005.000    992.688     1.4707  30.549636     1.4704  30.548571     4.2794     4.3296    -0.0182    97.8576 1.0000e-12  -65.84764  -71.37848 332.860685      99.98 5.2370e+02   1649.196      39582  1032.4911  1032.4903    34.7283    34.7273    7.72745         38 0.0000e+00
   1006.000    993.672     1.4712  30.550366     1.4718  30.550371     4.2774     4.3249    -0.0156    97.8583 1.0000e-12  -65.84764  -71.37849 332.860706      99.98 5.2358e+02   1650.981      39625  1032.4954  1032.4948    34.7280    34.7274    7.72735         31 0.0000e+00
   1007.000    994.657     1.4704  30.550215     1.4702  30.549346     4.2797     4.3232    -0.0035    97.8583 1.0000e-12  -65.84764  -71.37850 332.860718      99.98 5.2358e+02   1652.049      39650  1032.5003  1032.4996    34.7282    34.7274    7.72750         25 0.0000e+00
   1008.000    995.643     1.4708  30.550940     1.4710  30.550453     4.2858     4.3227    -0.0038    97.8583 1.0000e-12  -65.84764  -71.37850 332.860731      99.98 5.2221e+02   1653.132      39676  1032.5048  1032.5040    34.7282    34.7273    7.72743         28 0.0000e+00
   1009.000    996.629     1.4704  30.551116     1.4705  30.550474     4.2873     4.3245    -0.0081    97.8541 1.0000e-12  -65.84764  -71.37848 332.860745      99.97 5.2181e+02   1654.382      39706  1032.5095  1032.5088    34.7283    34.7274    7.72750         32 0.0000e+00
   1010.000    997.613     1.4711  30.552067     1.4710  30.551374     4.2813     4.3240    -0.0063    97.8449 1.0000e-12  -65.84764  -71.37848 332.860761      99.98 5.2181e+02   1655.725      39738  1032.5139  1032.5133    34.7281    34.7273    7.72737         31 0.0000e+00
   1011.000    998.599     1.4683  30.549997     1.4685  30.549535     4.2822     4.3305    -0.0104    97.8572 1.0000e-12  -65.84763  -71.37849 332.860774      99.98 5.2181e+02   1656.907      39767  1032.5188  1032.5181    34.7280    34.7272    7.72792         27 0.0000e+00
   1012.000    999.585     1.4653  30.547913     1.4653  30.547115     4.2852     4.3265    -0.0060    97.8575 1.0000e-12  -65.84762  -71.37850 332.860788      99.97 5.2033e+02   1658.119      39796  1032.5239  1032.5231    34.7281    34.7272    7.72850         32 0.0000e+00
   1013.000   1000.570     1.4651  30.548049     1.4647  30.547045     4.2870     4.3272    -0.0039    97.8583 1.0000e-12  -65.84762  -71.37850 332.860804      99.98 5.1884e+02   1659.475      39828  1032.5284  1032.5278    34.7280    34.7272    7.72855         31 0.0000e+00
   1014.000   1001.555     1.4646  30.548063     1.4640  30.546908     4.2861     4.3252    -0.0037    97.8583 1.0000e-12  -65.84762  -71.37850 332.860817      99.98 5.1693e+02   1660.625      39856  1032.5330  1032.5324    34.7280    34.7272    7.72865         24 0.0000e+00
   1015.000   1002.541     1.4612  30.545487     1.4609  30.544740     4.2953     4.3264    -0.0055    97.8583 1.0000e-12  -65.84762  -71.37850 332.860828      99.98 5.1608e+02   1661.525      39878  1032.5380  1032.5376    34.7279    34.7274    7.72932         20 0.0000e+00
   1016.000   1003.524     1.4590  30.543944     1.4589  30.543384     4.2946     4.3289    -0.0127    97.8583 1.0000e-12  -65.84762  -71.37850 332.860837      99.98 5.1477e+02   1662.329      39897  1032.5429  1032.5424    34.7279    34.7273    7.72976         19 0.0000e+00
   1017.000   1004.512     1.4557  30.541497     1.4557  30.540952     4.2858     4.3281    -0.0131    97.8583 1.0000e-12  -65.84762  -71.37850 332.860846      99.98 5.1476e+02   1663.117      39916  1032.5479  1032.5472    34.7279    34.7271    7.73041         19 0.0000e+00
   1018.000   1005.497     1.4550  30.541416     1.4552  30.540873     4.2839     4.3296    -0.0124    97.8583 1.0000e-12  -65.84762  -71.37850 332.860856      99.98 5.1476e+02   1663.959      39936  1032.5526  1032.5519    34.7280    34.7271    7.73053         22 0.0000e+00
   1019.000   1006.482     1.4546  30.541373     1.4546  30.540659     4.2887     4.3297    -0.0126    97.8583 1.0000e-12  -65.84762  -71.37850 332.860868      99.98 5.1476e+02   1665.012      39961  1032.5572  1032.5565    34.7278    34.7269    7.73063         30 0.0000e+00
   1020.000   1007.468     1.4533  30.540753     1.4533  30.540003     4.2906     4.3317    -0.0126    97.8583 1.0000e-12  -65.84760  -71.37850 332.860898      99.98 5.1340e+02   1667.614      40024  1032.5619  1032.5611    34.7279    34.7269    7.73087         31 0.0000e+00
   1021.000   1008.452     1.4496  30.537832     1.4489  30.536545     4.2995     4.3314    -0.0119    97.8583 1.0000e-12  -65.84760  -71.37850 332.860919      99.98 5.1235e+02   1669.383      40066  1032.5668  1032.5662    34.7277    34.7268    7.73160         26 0.0000e+00
   1022.000   1009.437     1.4458  30.534866     1.4452  30.533870     4.2907     4.3327    -0.0047    97.8583 1.0000e-12  -65.84760  -71.37850 332.860929      99.98 5.1123e+02   1670.278      40088  1032.5718  1032.5713    34.7276    34.7270    7.73237         20 0.0000e+00
   1023.000   1010.424     1.4453  30.535059     1.4457  30.534731     4.2904     4.3328    -0.0041    97.8583 1.0000e-12  -65.84760  -71.37850 332.860938      99.98 5.1124e+02   1671.018      40105  1032.5766  1032.5759    34.7278    34.7270    7.73244         16 0.0000e+00
   1024.000   1011.408     1.4444  30.534480     1.4444  30.533914     4.2951     4.3304    -0.0054    97.8583 1.0000e-12  -65.84760  -71.37850 332.860945      99.98 5.1124e+02   1671.680      40121  1032.5811  1032.5805    34.7276    34.7269    7.73264         16 0.0000e+00
   1025.000   1012.395     1.4439  30.534537     1.4437  30.533768     4.2862     4.3363    -0.0041    97.8583 1.0000e-12  -65.84760  -71.37850 332.860953      99.98 5.1124e+02   1672.342      40137  1032.5859  1032.5853    34.7276    34.7269    7.73273         16 0.0000e+00
   1026.000   1013.379     1.4438  30.534770     1.4438  30.534342     4.2835     4.3384     0.0071    97.8533 1.0000e-12  -65.84758  -71.37850 332.860962      99.98 5.1124e+02   1673.091      40155  1032.5903  1032.5899    34.7275    34.7270    7.73276         20 0.0000e+00
   1027.000   1014.366     1.4433  30.534884     1.4435  30.534460     4.2924     4.3358     0.0046    97.8257 1.0000e-12  -65.84758  -71.37850 332.860979      99.98 5.1124e+02   1674.578      40191  1032.5951  1032.5943    34.7277    34.7268    7.73285         31 0.0000e+00
   1028.000   1015.350     1.4432  30.535201     1.4433  30.534650     4.2931     4.3345    -0.0192    97.8607 1.0000e-12  -65.84758  -71.37850 332.861007      99.97 5.1041e+02   1676.979      40249  1032.5996  1032.5989    34.7276    34.7267    7.73287         32 0.0000e+00
   1029.000   1016.334     1.4430  30.535589     1.4430  30.534926     4.2903     4.3360    -0.0139    97.8583 1.0000e-12  -65.84758  -71.37850 332.861018      99.97 5.0945e+02   1677.938      40272  1032.6043  1032.6037    34.7277    34.7270    7.73290         21 0.0000e+00
   1030.000   1017.321     1.4427  30.535667     1.4427  30.535129     4.2884     4.3377    -0.0059    97.8583 1.0000e-12  -65.84758  -71.37850 332.861028      99.98 5.0947e+02   1678.772      40292  1032.6089  1032.6084    34.7276    34.7269    7.73296         20 0.0000e+00
   1031.000   1018.306     1.4424  30.535841     1.4425  30.535329     4.2914     4.3395    -0.0101    97.8583 1.0000e-12  -65.84758  -71.37850 332.861037      99.97 5.0947e+02   1679.582      40311  1032.6135  1032.6130    34.7276    34.7269    7.73302         20 0.0000e+00
   1032.000   1019.291     1.4419  30.535883     1.4421  30.535298     4.2932     4.3371    -0.0138    97.8583 1.0000e-12  -65.84758  -71.37850 332.861048      99.97 5.0947e+02   1680.583      40335  1032.6182  1032.6175    34.7277    34.7268    7.73311         30 0.0000e+00
   1033.000   1020.275     1.4411  30.535590     1.4413  30.535068     4.2859     4.3345    -0.0131    97.8583 1.0000e-12  -65.84758  -71.37850 332.861067      99.98 5.0947e+02   1682.223      40374  1032.6229  1032.6222    34.7276    34.7267    7.73327         38 0.0000e+00
   1034.000   1021.262     1.4408  30.535846     1.4408  30.535062     4.2908     4.3352    -0.0116    97.8493 1.0000e-12  -65.84757  -71.37850 332.861083      99.98 5.0947e+02   1683.580      40407  1032.6276  1032.6268    34.7277    34.7268    7.73333         26 0.0000e+00
   1035.000   1022.246     1.4404  30.535886     1.4405  30.535295     4.2991     4.3367    -0.0048    97.8521 1.0000e-12  -65.84756  -71.37850 332.861095      99.98 5.0947e+02   1684.623      40432  1032.6322  1032.6316    34.7277    34.7269    7.73341         25 0.0000e+00
   1036.000   1023.232     1.4396  30.535512     1.4395  30.534832     4.2967     4.3363    -0.0043    97.8572 1.0000e-12  -65.84756  -71.37850 332.861107      99.97 5.0947e+02   1685.670      40457  1032.6369  1032.6362    34.7276    34.7268    7.73358         26 0.0000e+00
   1037.000   1024.217     1.4392  30.535743     1.4392  30.534981     4.2862     4.3382    -0.0141    97.8458 1.0000e-12  -65.84756  -71.37851 332.861121      99.98 5.0769e+02   1686.846      40485  1032.6416  1032.6409    34.7277    34.7268    7.73364         29 0.0000e+00
   1038.000   1025.202     1.4384  30.535304     1.4383  30.534611     4.2905     4.3364    -0.0129    97.8112 1.0000e-12  -65.84756  -71.37852 332.861134      99.98 5.0771e+02   1687.984      40513  1032.6462  1032.6456    34.7276    34.7268    7.73382         25 0.0000e+00
   1039.000   1026.187     1.4368  30.534471     1.4368  30.533753     4.2948     4.3363    -0.0133    97.8545 1.0000e-12  -65.84756  -71.37852 332.861145      99.97 5.0771e+02   1688.914      40535  1032.6511  1032.6504    34.7277    34.7268    7.73412         21 0.0000e+00
   1040.000   1027.172     1.4364  30.534457     1.4363  30.533798     4.2947     4.3412    -0.0141    97.8583 1.0000e-12  -65.84756  -71.37852 332.861154      99.97 5.0771e+02   1689.704      40554  1032.6556  1032.6551    34.7275    34.7268    7.73420         17 0.0000e+00
   1041.000   1028.159     1.4362  30.534631     1.4362  30.534105     4.2917     4.3403    -0.0104    97.8583 1.0000e-12  -65.84756  -71.37852 332.861163      99.98 5.0771e+02   1690.460      40572  1032.6602  1032.6597    34.7275    34.7268    7.73425         19 0.0000e+00
   1042.000   1029.143     1.4353  30.534390     1.4353  30.533714     4.2953     4.3396    -0.0061    97.8583 1.0000e-12  -65.84756  -71.37854 332.861173      99.98 5.0771e+02   1691.341      40593  1032.6650  1032.6644    34.7276    34.7268    7.73442         25 0.0000e+00
   1043.000   1030.127     1.4354  30.534880     1.4355  30.534164     4.2964     4.3324    -0.0128    97.8583 1.0000e-12  -65.84756  -71.37854 332.861213      99.98 5.0535e+02   1694.831      40677  1032.6696  1032.6688    34.7276    34.7266    7.73441         27 0.0000e+00
   1044.000   1031.112     1.4343  30.534347     1.4344  30.533820     4.2977     4.3342    -0.0059    97.8568 1.0000e-12  -65.84756  -71.37854 332.861230      99.98 5.0332e+02   1696.276      40712  1032.6743  1032.6737    34.7275    34.7268    7.73462         17 0.0000e+00
   1045.000   1032.099     1.4337  30.534325     1.4336  30.533527     4.2981     4.3314    -0.0048    97.8583 1.0000e-12  -65.84756  -71.37854 332.861237      99.98 5.0232e+02   1696.909      40727  1032.6791  1032.6784    34.7276    34.7268    7.73473         15 0.0000e+00
   1046.000   1033.085     1.4334  30.534444     1.4334  30.533704     4.2949     4.3294    -0.0043    97.8564 1.0000e-12  -65.84756  -71.37854 332.861244      99.97 5.0070e+02   1697.485      40741  1032.6837  1032.6829    34.7276    34.7266    7.73480         13 0.0000e+00
   1047.000   1034.068     1.4332  30.534694     1.4332  30.534055     4.2890     4.3324    -0.0034    97.8583 1.0000e-12  -65.84756  -71.37854 332.861250      99.97 5.0066e+02   1698.024      40754  1032.6883  1032.6877    34.7275    34.7268    7.73483         12 0.0000e+00
