NBP2113_155081_ctd/data/dnbp2113_016.cnv
* Sea-Bird SBE 9 Data File:
* FileName = D:\Data\raw\NBP2113_016.hex
* Software Version Seasave V 7.26.7.121
* Temperature SN = 2438
* Conductivity SN = 2067
* Number of Bytes Per Scan = 40
* Number of Voltage Words = 5
* Number of Scans Averaged by the Deck Unit = 1
* NMEA Latitude = 65 52.76 S
* NMEA Longitude = 068 17.29 W
* NMEA UTC (Time) = Nov 28 2021  02:04:04
* NMEA baud rate = 9600
** Ship: RVIB N.B. Palmer
** Cruise: NBP2113 LTER
** Station: 400.100
** Operator: S. Blackman
# nquan = 25
# nvalues = 337                         
# units = specified
# name 0 = prDM: Pressure, Digiquartz [db]
# name 1 = depSM: Depth [salt water, m]
# name 2 = t090C: Temperature [ITS-90, deg C]
# name 3 = c0mS/cm: Conductivity [mS/cm]
# name 4 = t190C: Temperature, 2 [ITS-90, deg C]
# name 5 = c1mS/cm: Conductivity, 2 [mS/cm]
# name 6 = sbeox0ML/L: Oxygen, SBE 43 [ml/l]
# name 7 = sbeox1ML/L: Oxygen, SBE 43, 2 [ml/l]
# name 8 = flECO-AFL: Fluorescence, WET Labs ECO-AFL/FL [mg/m^3]
# name 9 = CStarTr0: Beam Transmission, WET Labs C-Star [%]
# name 10 = par: PAR/Irradiance, Biospherical/Licor
# name 11 = latitude: Latitude [deg]
# name 12 = longitude: Longitude [deg]
# name 13 = timeJ: Julian Days
# name 14 = altM: Altimeter [m]
# name 15 = spar: SPAR, Biospherical/Licor
# name 16 = timeS: Time, Elapsed [seconds]
# name 17 = scan: Scan Count
# name 18 = density00: Density [density, kg/m^3]
# name 19 = density11: Density, 2 [density, kg/m^3]
# name 20 = sal00: Salinity, Practical [PSU]
# name 21 = sal11: Salinity, Practical, 2 [PSU]
# name 22 = oxsolML/L: Oxygen Saturation, Garcia & Gordon [ml/l]
# name 23 = nbin: number of scans per bin
# name 24 = flag: flag
# span 0 =      5.000,    341.000       
# span 1 =      4.949,    337.359       
# span 2 =    -0.6154,     1.5521       
# span 3 =  27.859274,  30.301786       
# span 4 =    -0.6155,     1.5520       
# span 5 =  27.857690,  30.300981       
# span 6 =     3.9517,     8.2301       
# span 7 =     4.0144,     8.2338       
# span 8 =    -0.0153,     2.8787       
# span 9 =    89.9439,    97.9051       
# span 10 = 1.0000e-12, 6.1303e+00      
# span 11 =  -65.88135,  -65.88016      
# span 12 =  -68.28768,  -68.28685      
# span 13 = 332.089455, 332.096643      
# span 14 =       1.64,      99.98      
# span 15 = 8.7700e+00, 1.2871e+01      
# span 16 =    284.943,    905.949      
# span 17 =       6840,      21744      
# span 18 =  1027.3798,  1029.3881      
# span 19 =  1027.3774,  1029.3873      
# span 20 =    34.0393,    34.7137      
# span 21 =    34.0369,    34.7128      
# span 22 =    7.71228,    8.19349      
# span 23 =          6,         48      
# span 24 = 0.0000e+00, 0.0000e+00      
# interval = decibars: 1                
# start_time = Nov 28 2021 02:04:04 [NMEA time, header]
# bad_flag = -9.990e-29
*END*
[from data line 232]
    237.000    234.526     1.4743  30.177575     1.4743  30.176560     4.0144     4.0597    -0.0115    97.8288 1.0000e-12  -65.88100  -68.28708 332.094716      99.98 1.0577e+01    739.492      17749  1028.8763  1028.8752    34.6850    34.6837    7.72905         19 0.0000e+00
    238.000    235.517     1.4740  30.177607     1.4739  30.176741     4.0106     4.0589    -0.0110    97.8482 1.0000e-12  -65.88100  -68.28708 332.094727      99.98 1.0577e+01    740.433      17771  1028.8808  1028.8801    34.6848    34.6838    7.72911         27 0.0000e+00
    239.000    236.507     1.4736  30.177959     1.4736  30.177144     4.0091     4.0579    -0.0018    97.8302 1.0000e-12  -65.88100  -68.28709 332.094743      99.98 1.0577e+01    741.820      17805  1028.8858  1028.8849    34.6851    34.6840    7.72918         41 0.0000e+00
    240.000    237.494     1.4742  30.179311     1.4745  30.178492     4.0041     4.0558    -0.0104    97.8160 1.0000e-12  -65.88100  -68.28710 332.094768      99.98 1.0577e+01    743.972      17856  1028.8907  1028.8896    34.6856    34.6842    7.72903         40 0.0000e+00
    241.000    238.483     1.4746  30.180285     1.4745  30.179302     4.0060     4.0543    -0.0078    97.8335 1.0000e-12  -65.88102  -68.28708 332.094790      99.98 1.0577e+01    745.827      17901  1028.8955  1028.8947    34.6858    34.6847    7.72895         32 0.0000e+00
    242.000    239.472     1.4733  30.179667     1.4731  30.178663     4.0090     4.0577    -0.0128    97.8457 1.0000e-12  -65.88102  -68.28708 332.094802      99.98 1.0577e+01    746.879      17926  1028.9005  1028.8996    34.6859    34.6848    7.72920         22 0.0000e+00
    243.000    240.462     1.4711  30.178406     1.4713  30.177797     4.0050     4.0570    -0.0054    97.8415 1.0000e-12  -65.88102  -68.28708 332.094812      99.97 1.0577e+01    747.740      17947  1028.9056  1028.9047    34.6861    34.6851    7.72962         20 0.0000e+00
    244.000    241.450     1.4710  30.178985     1.4711  30.178115     3.9973     4.0579    -0.0057    97.8245 1.0000e-12  -65.88102  -68.28707 332.094822      99.98 1.0577e+01    748.600      17967  1028.9105  1028.9095    34.6864    34.6852    7.72962         22 0.0000e+00
    245.000    242.440     1.4713  30.179700     1.4711  30.178687     4.0017     4.0602     0.0011    97.8281 1.0000e-12  -65.88102  -68.28707 332.094834      99.98 1.0577e+01    749.629      17992  1028.9151  1028.9143    34.6863    34.6852    7.72956         28 0.0000e+00
    246.000    243.429     1.4715  30.180402     1.4714  30.179477     4.0017     4.0616    -0.0050    97.8585 1.0000e-12  -65.88102  -68.28708 332.094848      99.98 1.0577e+01    750.843      18021  1028.9198  1028.9190    34.6864    34.6854    7.72951         29 0.0000e+00
    247.000    244.418     1.4715  30.181439     1.4715  30.180485     4.0104     4.0566    -0.0064    97.8583 1.0000e-12  -65.88102  -68.28708 332.094860      99.97 1.0577e+01    751.896      18047  1028.9251  1028.9242    34.6872    34.6860    7.72947         22 0.0000e+00
    248.000    245.404     1.4726  30.183449     1.4726  30.182451     4.0127     4.0579    -0.0069    97.8583 1.0000e-12  -65.88102  -68.28708 332.094869      99.76 1.0577e+01    752.729      18066  1028.9304  1028.9293    34.6880    34.6867    7.72923         18 0.0000e+00
    249.000    246.397     1.4739  30.185450     1.4739  30.184648     4.0091     4.0633    -0.0049    97.8583 1.0000e-12  -65.88102  -68.28708 332.094878      99.03 1.0577e+01    753.474      18084  1028.9354  1028.9346    34.6885    34.6875    7.72894         18 0.0000e+00
    250.000    247.385     1.4738  30.186010     1.4738  30.185133     4.0101     4.0639    -0.0027    97.8467 1.0000e-12  -65.88103  -68.28708 332.094888      97.91 1.0577e+01    754.346      18105  1028.9402  1028.9394    34.6887    34.6877    7.72894         28 0.0000e+00
    251.000    248.370     1.4735  30.186184     1.4734  30.185233     4.0139     4.0539    -0.0074    97.8507 1.0000e-12  -65.88104  -68.28708 332.094944      97.56 1.0577e+01    759.123      18220  1028.9449  1028.9440    34.6887    34.6876    7.72900         26 0.0000e+00
    252.000    249.361     1.4732  30.186944     1.4731  30.186069     4.0133     4.0537    -0.0002    97.8569 1.0000e-12  -65.88104  -68.28708 332.094954      96.61 1.0577e+01    760.026      18242  1028.9503  1028.9495    34.6895    34.6884    7.72903         17 0.0000e+00
    253.000    250.351     1.4727  30.187014     1.4727  30.186126     4.0143     4.0564    -0.0152    97.8583 1.0000e-12  -65.88105  -68.28707 332.094961      95.86 1.0577e+01    760.676      18257  1028.9551  1028.9541    34.6895    34.6883    7.72912         15 0.0000e+00
    254.000    251.340     1.4716  30.186881     1.4717  30.186039     4.0172     4.0581    -0.0119    97.8382 1.0000e-12  -65.88106  -68.28706 332.094968      95.11 1.0577e+01    761.269      18271  1028.9602  1028.9593    34.6899    34.6888    7.72931         14 0.0000e+00
    255.000    252.329     1.4718  30.187627     1.4717  30.186824     4.0186     4.0649    -0.0056    97.8363 1.0000e-12  -65.88106  -68.28706 332.094975      93.28 1.0577e+01    761.858      18286  1028.9651  1028.9643    34.6902    34.6891    7.72927         14 0.0000e+00
    256.000    253.320     1.4709  30.187920     1.4709  30.187044     4.0157     4.0692    -0.0033    97.8327 1.0000e-12  -65.88106  -68.28706 332.094983      91.91 1.0577e+01    762.508      18301  1028.9705  1028.9695    34.6909    34.6898    7.72940         18 0.0000e+00
    257.000    254.307     1.4705  30.188172     1.4705  30.187262     4.0117     4.0640     0.0007    97.8326 1.0000e-12  -65.88106  -68.28704 332.094994      91.05 1.0577e+01    763.480      18325  1028.9754  1028.9745    34.6911    34.6900    7.72947         33 0.0000e+00
    258.000    255.295     1.4708  30.189081     1.4709  30.188327     4.0197     4.0599    -0.0084    97.8326 1.0000e-12  -65.88106  -68.28704 332.095016      90.33 1.0577e+01    765.372      18370  1028.9802  1028.9793    34.6913    34.6903    7.72940         41 0.0000e+00
    259.000    256.285     1.4719  30.191022     1.4717  30.190106     4.0088     4.0645    -0.0116    97.8337 1.0000e-12  -65.88106  -68.28704 332.095032      89.40 1.0577e+01    766.769      18403  1028.9853  1028.9846    34.6920    34.6910    7.72914         23 0.0000e+00
    260.000    257.273     1.4720  30.191957     1.4720  30.191016     4.0108     4.0611    -0.0071    97.8374 1.0000e-12  -65.88106  -68.28705 332.095042      88.52 1.0577e+01    767.655      18425  1028.9904  1028.9894    34.6925    34.6913    7.72910         21 0.0000e+00
    261.000    258.263     1.4706  30.191138     1.4704  30.190155     4.0104     4.0633    -0.0049    97.8338 1.0000e-12  -65.88106  -68.28706 332.095053      87.25 1.0577e+01    768.576      18447  1028.9952  1028.9944    34.6925    34.6914    7.72938         25 0.0000e+00
    262.000    259.253     1.4702  30.191406     1.4700  30.190218     4.0124     4.0629     0.0003    97.8370 1.0000e-12  -65.88106  -68.28707 332.095084      86.22 1.0577e+01    771.246      18511  1029.0000  1028.9990    34.6926    34.6913    7.72944         34 0.0000e+00
    263.000    260.240     1.4702  30.191909     1.4700  30.190988     4.0113     4.0640    -0.0065    97.8519 1.0000e-12  -65.88106  -68.28706 332.095108      85.40 1.0577e+01    773.365      18562  1029.0048  1029.0041    34.6927    34.6917    7.72944         27 0.0000e+00
    264.000    261.228     1.4705  30.192895     1.4703  30.192037     4.0061     4.0614    -0.0060    97.8365 1.0000e-12  -65.88106  -68.28706 332.095119      84.57 1.0577e+01    774.318      18585  1029.0098  1029.0090    34.6931    34.6922    7.72937         21 0.0000e+00
    265.000    262.218     1.4708  30.193947     1.4707  30.193076     4.0090     4.0574    -0.0067    97.8326 1.0000e-12  -65.88106  -68.28704 332.095130      83.85 1.0577e+01    775.201      18606  1029.0148  1029.0140    34.6935    34.6925    7.72929         21 0.0000e+00
    266.000    263.207     1.4712  30.195154     1.4712  30.194229     4.0086     4.0580    -0.0045    97.8326 1.0000e-12  -65.88108  -68.28704 332.095140      82.64 1.0577e+01    776.117      18628  1029.0198  1029.0188    34.6940    34.6928    7.72918         23 0.0000e+00
    267.000    264.196     1.4711  30.195633     1.4711  30.194741     4.0153     4.0599    -0.0057    97.8326 1.0000e-12  -65.88108  -68.28702 332.095151      81.36 1.0577e+01    777.076      18651  1029.0246  1029.0237    34.6941    34.6929    7.72918         22 0.0000e+00
    268.000    265.184     1.4709  30.196106     1.4710  30.195273     4.0146     4.0612    -0.0111    97.8326 1.0000e-12  -65.88108  -68.28702 332.095161      80.56 1.0577e+01    777.950      18672  1029.0295  1029.0286    34.6943    34.6932    7.72921         20 0.0000e+00
    269.000    266.173     1.4705  30.196327     1.4705  30.195504     4.0156     4.0612    -0.0107    97.8326 1.0000e-12  -65.88108  -68.28702 332.095170      79.56 1.0577e+01    778.699      18690  1029.0344  1029.0335    34.6945    34.6934    7.72929         17 0.0000e+00
    270.000    267.163     1.4700  30.196518     1.4700  30.195573     4.0147     4.0588     0.0008    97.8362 1.0000e-12  -65.88108  -68.28702 332.095178      78.58 9.7650e+00    779.387      18706  1029.0393  1029.0383    34.6947    34.6935    7.72937         16 0.0000e+00
    271.000    268.151     1.4698  30.197035     1.4698  30.196050     4.0118     4.0603    -0.0039    97.8327 1.0000e-12  -65.88108  -68.28704 332.095186      77.68 9.8883e+00    780.088      18723  1029.0443  1029.0433    34.6950    34.6937    7.72939         18 0.0000e+00
    272.000    269.140     1.4695  30.197366     1.4695  30.196418     4.0115     4.0621    -0.0063    97.8299 1.0000e-12  -65.88108  -68.28704 332.095205      76.31 9.8735e+00    781.730      18763  1029.0491  1029.0482    34.6952    34.6940    7.72944         35 0.0000e+00
    273.000    270.129     1.4701  30.198628     1.4696  30.197823     3.9993     4.0607    -0.0061    97.8327 1.0000e-12  -65.88108  -68.28704 332.095258      75.28 1.0440e+01    786.250      18871  1029.0541  1029.0537    34.6956    34.6951    7.72931         23 0.0000e+00
    274.000    271.117     1.4703  30.200083     1.4705  30.199338     4.0051     4.0543    -0.0148    97.8338 1.0000e-12  -65.88108  -68.28702 332.095267      74.75 9.6373e+00    787.061      18890  1029.0596  1029.0586    34.6966    34.6955    7.72921         21 0.0000e+00
    275.000    272.108     1.4720  30.202277     1.4718  30.201188     4.0081     4.0543    -0.0077    97.8326 1.0000e-12  -65.88109  -68.28702 332.095276      73.74 8.9091e+00    787.873      18910  1029.0644  1029.0635    34.6970    34.6958    7.72887         19 0.0000e+00
    276.000    273.093     1.4768  30.207444     1.4779  30.207479     4.0059     4.0580    -0.0077    97.8326 1.0000e-12  -65.88110  -68.28701 332.095285      72.62 8.8133e+00    788.634      18928  1029.0691  1029.0681    34.6976    34.6965    7.72788         17 0.0000e+00
    277.000    274.084     1.4795  30.210399     1.4795  30.209525     4.0112     4.0576    -0.0077    97.8326 1.0000e-12  -65.88110  -68.28700 332.095293      71.69 9.2376e+00    789.348      18945  1029.0737  1029.0728    34.6978    34.6967    7.72734         17 0.0000e+00
    278.000    275.072     1.4800  30.211626     1.4802  30.210881     4.0161     4.0604    -0.0077    97.8326 1.0000e-12  -65.88110  -68.28700 332.095301      70.50 9.6459e+00    790.045      18962  1029.0787  1029.0777    34.6982    34.6971    7.72722         17 0.0000e+00
    279.000    276.063     1.4885  30.220276     1.4878  30.218642     4.0173     4.0611    -0.0077    97.8326 1.0000e-12  -65.88110  -68.28700 332.095309      69.52 9.4757e+00    790.728      18978  1029.0833  1029.0824    34.6993    34.6980    7.72550         16 0.0000e+00
    280.000    277.051     1.4916  30.223798     1.4918  30.222999     4.0200     4.0574    -0.0072    97.8296 1.0000e-12  -65.88110  -68.28700 332.095317      68.47 9.4363e+00    791.419      18995  1029.0882  1029.0871    34.6998    34.6986    7.72487         17 0.0000e+00
    281.000    278.040     1.4940  30.226600     1.4936  30.225244     4.0160     4.0576    -0.0073    97.8313 1.0000e-12  -65.88110  -68.28702 332.095326      67.46 9.8685e+00    792.181      19013  1029.0928  1029.0919    34.7001    34.6989    7.72437         20 0.0000e+00
    282.000    279.028     1.4920  30.224993     1.4920  30.224192     4.0081     4.0613    -0.0020    97.7844 1.0000e-12  -65.88109  -68.28702 332.095339      66.18 9.4630e+00    793.310      19040  1029.0976  1029.0967    34.6997    34.6987    7.72479         37 0.0000e+00
    283.000    280.017     1.4906  30.224217     1.4910  30.223785     4.0208     4.0637    -0.0073    97.8507 1.0000e-12  -65.88112  -68.28701 332.095402      65.11 8.7700e+00    798.707      19170  1029.1025  1029.1017    34.6997    34.6987    7.72506         21 0.0000e+00
    284.000    281.003     1.4915  30.225954     1.4917  30.225319     4.0301     4.0712    -0.0077    97.8059 1.0000e-12  -65.88112  -68.28700 332.095411      64.20 8.8144e+00    799.484      19189  1029.1077  1029.1068    34.7004    34.6993    7.72486         15 0.0000e+00
    285.000    281.992     1.4927  30.227644     1.4930  30.227088     4.0393     4.0764    -0.0058    97.8371 1.0000e-12  -65.88112  -68.28700 332.095417      63.40 8.8144e+00    800.054      19202  1029.1124  1029.1116    34.7005    34.6995    7.72460         13 0.0000e+00
    286.000    282.988     1.5082  30.243582     1.5089  30.243397     4.0412     4.0821    -0.0083    97.8385 1.0000e-12  -65.88112  -68.28700 332.095423      62.53 8.8144e+00    800.581      19215  1029.1175  1029.1166    34.7032    34.7021    7.72144         13 0.0000e+00
    287.000    283.970     1.5204  30.256098     1.5212  30.255888     4.0389     4.0813    -0.0144    97.8327 1.0000e-12  -65.88112  -68.28698 332.095430      61.52 8.8144e+00    801.136      19228  1029.1224  1029.1214    34.7050    34.7038    7.71894         14 0.0000e+00
    288.000    284.962     1.5277  30.263391     1.5274  30.262396     4.0386     4.0785    -0.0029    97.8481 1.0000e-12  -65.88112  -68.28699 332.095437      60.39 8.8144e+00    801.800      19244  1029.1270  1029.1262    34.7057    34.7047    7.71749         19 0.0000e+00
    289.000    285.949     1.5297  30.265791     1.5291  30.264205     4.0339     4.0800    -0.0027    97.8546 1.0000e-12  -65.88112  -68.28699 332.095453      58.92 8.8144e+00    803.174      19277  1029.1318  1029.1308    34.7059    34.7046    7.71708         37 0.0000e+00
    290.000    286.938     1.5300  30.266803     1.5299  30.265792     4.0420     4.0884    -0.0105    97.8681 1.0000e-12  -65.88112  -68.28702 332.095477      57.71 8.8144e+00    805.185      19325  1029.1370  1029.1360    34.7063    34.7051    7.71700         34 0.0000e+00
    291.000    287.926     1.5286  30.266397     1.5283  30.265417     4.0452     4.0956    -0.0109    97.8871 1.0000e-12  -65.88112  -68.28702 332.095489      57.09 8.8144e+00    806.285      19352  1029.1423  1029.1416    34.7068    34.7058    7.71725         21 0.0000e+00
    292.000    288.916     1.5323  30.270902     1.5320  30.269715     4.0469     4.0908    -0.0065    97.8787 1.0000e-12  -65.88112  -68.28700 332.095499      56.27 8.8144e+00    807.083      19371  1029.1475  1029.1466    34.7079    34.7066    7.71648         19 0.0000e+00
    293.000    289.904     1.5318  30.270838     1.5318  30.269924     4.0501     4.0917    -0.0066    97.8378 1.0000e-12  -65.88112  -68.28700 332.095510      54.99 8.8144e+00    808.067      19395  1029.1522  1029.1513    34.7076    34.7066    7.71657         32 0.0000e+00
