NBP2113_155081_ctd/data/dnbp2113_004.cnv
* Sea-Bird SBE 9 Data File:
* FileName = D:\Data\raw\NBP2113_004.hex
* Software Version Seasave V 7.26.7.121
* Temperature SN = 2438
* Conductivity SN = 2067
* Number of Bytes Per Scan = 40
* Number of Voltage Words = 5
* Number of Scans Averaged by the Deck Unit = 1
* NMEA Latitude = 63 46.12 S
* NMEA Longitude = 062 51.59 W
* NMEA UTC (Time) = Nov 23 2021  06:30:17
* NMEA baud rate = 9600
** Ship: RVIB N.B. Palmer
** Cruise: NBP2113 LTER
** Station: 747.068
** Operator: B. Urmston
# nquan = 25
# nvalues = 366                         
# units = specified
# name 0 = prDM: Pressure, Digiquartz [db]
# name 1 = depSM: Depth [salt water, m]
# name 2 = t090C: Temperature [ITS-90, deg C]
# name 3 = c0mS/cm: Conductivity [mS/cm]
# name 4 = t190C: Temperature, 2 [ITS-90, deg C]
# name 5 = c1mS/cm: Conductivity, 2 [mS/cm]
# name 6 = sbeox0ML/L: Oxygen, SBE 43 [ml/l]
# name 7 = sbeox1ML/L: Oxygen, SBE 43, 2 [ml/l]
# name 8 = flECO-AFL: Fluorescence, WET Labs ECO-AFL/FL [mg/m^3]
# name 9 = CStarTr0: Beam Transmission, WET Labs C-Star [%]
# name 10 = par: PAR/Irradiance, Biospherical/Licor
# name 11 = latitude: Latitude [deg]
# name 12 = longitude: Longitude [deg]
# name 13 = timeJ: Julian Days
# name 14 = altM: Altimeter [m]
# name 15 = spar: SPAR, Biospherical/Licor
# name 16 = timeS: Time, Elapsed [seconds]
# name 17 = scan: Scan Count
# name 18 = density00: Density [density, kg/m^3]
# name 19 = density11: Density, 2 [density, kg/m^3]
# name 20 = sal00: Salinity, Practical [PSU]
# name 21 = sal11: Salinity, Practical, 2 [PSU]
# name 22 = oxsolML/L: Oxygen Saturation, Garcia & Gordon [ml/l]
# name 23 = nbin: number of scans per bin
# name 24 = flag: flag
# span 0 =      5.000,    370.000       
# span 1 =      4.952,    366.079       
# span 2 =    -0.7666,     1.5853       
# span 3 =  27.711966,  30.328580       
# span 4 =    -0.7657,     1.5853       
# span 5 =  27.710750,  30.327320       
# span 6 =     4.1705,     8.2106       
# span 7 =     4.1542,     8.1106       
# span 8 =    -0.0226,     1.6032       
# span 9 =    91.2574,    99.5002       
# span 10 = 1.0000e-12, 4.4470e+00      
# span 11 =  -63.76816,  -63.76792      
# span 12 =  -62.86066,  -62.86021      
# span 13 = 327.274866, 327.286078      
# span 14 =       5.50,     100.08      
# span 15 = 8.8144e+00, 3.1951e+01      
# span 16 =    331.414,   1300.157      
# span 17 =       7955,      31205      
# span 18 =  1027.3113,  1029.4992      
# span 19 =  1027.3088,  1029.4979      
# span 20 =    33.9536,    34.6942      
# span 21 =    33.9512,    34.6927      
# span 22 =    7.70742,    8.22704      
# span 23 =         13,         49      
# span 24 = 0.0000e+00, 0.0000e+00      
# interval = decibars: 1                
# start_time = Nov 23 2021 06:30:17 [NMEA time, header]
# bad_flag = -9.990e-29
*END*
[from data line 348]
    353.000    349.273     1.5702  30.320050     1.5699  30.318653     4.1921     4.1689    -0.0149    98.6527 1.0000e-12  -63.76794  -62.86058 327.283299      23.72 2.8206e+01   1060.044      25442  1029.4195  1029.4184    34.6934    34.6919    7.70984         33 0.0000e+00
    354.000    350.262     1.5705  30.320901     1.5704  30.319682     4.1785     4.1608    -0.0105    98.6444 1.0000e-12  -63.76794  -62.86058 327.283370      22.57 2.9834e+01   1066.180      25589  1029.4242  1029.4231    34.6935    34.6921    7.70977         24 0.0000e+00
    355.000    351.249     1.5696  30.320552     1.5694  30.319310     4.1705     4.1635    -0.0109    98.6524 1.0000e-12  -63.76794  -62.86056 327.283384      21.82 3.0869e+01   1067.380      25618  1029.4290  1029.4279    34.6935    34.6921    7.70994         18 0.0000e+00
    356.000    352.237     1.5699  30.321278     1.5697  30.320037     4.1795     4.1648     0.0003    98.6481 1.0000e-12  -63.76794  -62.86054 327.283392      20.90 3.1599e+01   1068.028      25634  1029.4336  1029.4326    34.6935    34.6921    7.70988         15 0.0000e+00
    357.000    353.229     1.5701  30.321882     1.5699  30.320660     4.1902     4.1642     0.0007    98.6309 1.0000e-12  -63.76794  -62.86054 327.283398      19.98 3.1326e+01   1068.623      25648  1029.4383  1029.4372    34.6934    34.6921    7.70985         13 0.0000e+00
    358.000    354.210     1.5701  30.322386     1.5700  30.321101     4.1902     4.1653     0.0012    98.6027 1.0000e-12  -63.76794  -62.86054 327.283405      19.03 3.0070e+01   1069.199      25662  1029.4430  1029.4418    34.6936    34.6920    7.70985         14 0.0000e+00
    359.000    355.207     1.5700  30.322766     1.5700  30.321488     4.1895     4.1655    -0.0096    98.5873 1.0000e-12  -63.76794  -62.86055 327.283412      17.99 2.9567e+01   1069.819      25677  1029.4477  1029.4465    34.6935    34.6920    7.70986         17 0.0000e+00
    360.000    356.194     1.5701  30.323266     1.5703  30.322275     4.1833     4.1656    -0.0117    98.6009 1.0000e-12  -63.76794  -62.86056 327.283422      16.74 2.7726e+01   1070.696      25698  1029.4524  1029.4512    34.6935    34.6921    7.70985         27 0.0000e+00
    361.000    357.182     1.5707  30.324105     1.5705  30.322907     4.1802     4.1653    -0.0226    98.6052 1.0000e-12  -63.76794  -62.86055 327.283495      15.59 2.9196e+01   1076.943      25848  1029.4569  1029.4558    34.6934    34.6920    7.70974         24 0.0000e+00
    362.000    358.168     1.5707  30.324748     1.5705  30.323455     4.1767     4.1641    -0.0151    98.6087 1.0000e-12  -63.76794  -62.86054 327.283504      14.72 2.9960e+01   1077.740      25867  1029.4617  1029.4605    34.6936    34.6921    7.70973         21 0.0000e+00
    363.000    359.159     1.5719  30.326281     1.5717  30.324959     4.1846     4.1675    -0.0099    98.6064 1.0000e-12  -63.76794  -62.86053 327.283514      13.72 2.9969e+01   1078.599      25887  1029.4663  1029.4651    34.6936    34.6921    7.70949         21 0.0000e+00
    364.000    360.147     1.5719  30.326764     1.5715  30.325098     4.1856     4.1620    -0.0075    98.6097 1.0000e-12  -63.76794  -62.86053 327.283525      12.65 2.9969e+01   1079.593      25911  1029.4710  1029.4698    34.6936    34.6920    7.70948         27 0.0000e+00
    365.000    361.137     1.5707  30.326058     1.5708  30.324935     4.1879     4.1668    -0.0040    98.6238 1.0000e-12  -63.76794  -62.86054 327.283548      11.42 2.9969e+01   1081.533      25958  1029.4757  1029.4745    34.6935    34.6920    7.70973         32 0.0000e+00
    366.000    362.123     1.5698  30.325579     1.5700  30.324641     4.1823     4.1651    -0.0020    98.6578 1.0000e-12  -63.76794  -62.86054 327.283583      10.47 2.8143e+01   1084.607      26032  1029.4803  1029.4792    34.6933    34.6919    7.70992         39 0.0000e+00
    367.000    363.113     1.5697  30.325999     1.5696  30.324760     4.1851     4.1699    -0.0115    98.6566 1.0000e-12  -63.76794  -62.86054 327.283601       9.50 2.8206e+01   1086.154      26069  1029.4851  1029.4839    34.6934    34.6919    7.70993         35 0.0000e+00
    368.000    364.100     1.5697  30.326569     1.5697  30.325256     4.1872     4.1650    -0.0140    98.6292 1.0000e-12  -63.76795  -62.86054 327.283662       8.37 2.9704e+01   1091.393      26194  1029.4899  1029.4886    34.6935    34.6919    7.70992         44 0.0000e+00
    369.000    365.090     1.5703  30.327519     1.5703  30.326243     4.1815     4.1642    -0.0085    98.6404 1.0000e-12  -63.76798  -62.86049 327.284211       7.31 3.1226e+01   1138.831      27333  1029.4945  1029.4933    34.6935    34.6919    7.70981         36 0.0000e+00
    370.000    366.079     1.5709  30.328580     1.5709  30.327320     4.1716     4.1635    -0.0125    98.5948 1.0000e-12  -63.76808  -62.86028 327.286078       5.50 3.1951e+01   1300.157      31205  1029.4992  1029.4979    34.6936    34.6920    7.70968         37 0.0000e+00
