NBP2113_155081_ctd/data/dnbp2113_031.cnv
* Sea-Bird SBE 9 Data File:
* FileName = D:\Data\raw\NBP2113_031.hex
* Software Version Seasave V 7.26.7.121
* Temperature SN = 2438
* Conductivity SN = 2067
* Number of Bytes Per Scan = 40
* Number of Voltage Words = 5
* Number of Scans Averaged by the Deck Unit = 1
* NMEA Latitude = 66 30.40 S
* NMEA Longitude = 069 53.27 W
* NMEA UTC (Time) = Dec 06 2021  01:15:18
* NMEA baud rate = 9600
** Ship: RVIB N.B. Palmer
** Cruise: NBP2113 LTER
** Station: 300.100
** Operator: S. Blackman
# nquan = 25
# nvalues = 475                         
# units = specified
# name 0 = prDM: Pressure, Digiquartz [db]
# name 1 = depSM: Depth [salt water, m]
# name 2 = t090C: Temperature [ITS-90, deg C]
# name 3 = c0mS/cm: Conductivity [mS/cm]
# name 4 = t190C: Temperature, 2 [ITS-90, deg C]
# name 5 = c1mS/cm: Conductivity, 2 [mS/cm]
# name 6 = sbeox0ML/L: Oxygen, SBE 43 [ml/l]
# name 7 = sbeox1ML/L: Oxygen, SBE 43, 2 [ml/l]
# name 8 = flECO-AFL: Fluorescence, WET Labs ECO-AFL/FL [mg/m^3]
# name 9 = CStarTr0: Beam Transmission, WET Labs C-Star [%]
# name 10 = par: PAR/Irradiance, Biospherical/Licor
# name 11 = latitude: Latitude [deg]
# name 12 = longitude: Longitude [deg]
# name 13 = timeJ: Julian Days
# name 14 = altM: Altimeter [m]
# name 15 = spar: SPAR, Biospherical/Licor
# name 16 = timeS: Time, Elapsed [seconds]
# name 17 = scan: Scan Count
# name 18 = density00: Density [density, kg/m^3]
# name 19 = density11: Density, 2 [density, kg/m^3]
# name 20 = sal00: Salinity, Practical [PSU]
# name 21 = sal11: Salinity, Practical, 2 [PSU]
# name 22 = oxsolML/L: Oxygen Saturation, Garcia & Gordon [ml/l]
# name 23 = nbin: number of scans per bin
# name 24 = flag: flag
# span 0 =      4.000,    478.000       
# span 1 =      3.960,    472.716       
# span 2 =    -0.5134,     1.5678       
# span 3 =  27.885304,  30.271055       
# span 4 =    -0.5131,     1.5678       
# span 5 =  27.884039,  30.270034       
# span 6 =     3.9460,     8.1187       
# span 7 =     3.9825,     8.1526       
# span 8 =    -0.0223,     2.1117       
# span 9 =    89.1895,    96.6147       
# span 10 = 1.0000e-12, 1.2369e+01      
# span 11 =  -66.50692,  -66.50669      
# span 12 =  -69.88852,  -69.88842      
# span 13 = 340.056536, 340.065932      
# span 14 =       8.03,      99.98      
# span 15 = 2.4680e+01, 5.1127e+01      
# span 16 =    366.676,   1178.548      
# span 17 =       8801,      28286      
# span 18 =  1027.3418,  1030.0538      
# span 19 =  1027.3401,  1030.0528      
# span 20 =    34.0068,    34.7262      
# span 21 =    34.0048,    34.7251      
# span 22 =    7.71019,    8.17525      
# span 23 =         12,         44      
# span 24 = 0.0000e+00, 0.0000e+00      
# interval = decibars: 1                
# start_time = Dec 06 2021 01:15:18 [NMEA time, header]
# bad_flag = -9.990e-29
*END*
[from data line 464]
    468.000    462.840     1.2613  30.127068     1.2612  30.125948     4.2612     4.2984    -0.0006    96.3646 1.0000e-12  -66.50686  -69.88847 340.064946      19.20 5.1124e+01   1093.328      26241  1030.0073  1030.0062    34.7228    34.7214    7.76898         35 0.0000e+00
    469.000    463.826     1.2612  30.127537     1.2611  30.126333     4.2635     4.2985    -0.0048    96.3535 1.0000e-12  -66.50686  -69.88847 340.064987      18.03 5.1124e+01   1096.906      26327  1030.0121  1030.0110    34.7228    34.7214    7.76899         36 0.0000e+00
    470.000    464.816     1.2614  30.127997     1.2611  30.126730     4.2651     4.2990     0.0012    96.3623 1.0000e-12  -66.50686  -69.88844 340.065016      17.24 5.1124e+01   1099.367      26386  1030.0166  1030.0156    34.7227    34.7214    7.76897         26 0.0000e+00
    471.000    465.804     1.2614  30.128540     1.2611  30.127230     4.2627     4.3004     0.0107    96.3591 1.0000e-12  -66.50686  -69.88844 340.065026      16.34 5.1124e+01   1100.248      26407  1030.0214  1030.0203    34.7228    34.7215    7.76896         22 0.0000e+00
    472.000    466.793     1.2615  30.129026     1.2612  30.127767     4.2580     4.2970     0.0050    96.3550 1.0000e-12  -66.50685  -69.88845 340.065057      15.15 5.1124e+01   1102.915      26471  1030.0260  1030.0250    34.7227    34.7215    7.76894         31 0.0000e+00
    473.000    467.780     1.2616  30.129546     1.2614  30.128320     4.2612     4.2939    -0.0063    96.3415 1.0000e-12  -66.50684  -69.88846 340.065109      13.97 5.1124e+01   1107.405      26579  1030.0306  1030.0296    34.7227    34.7214    7.76893         25 0.0000e+00
    474.000    468.768     1.2615  30.129975     1.2614  30.128758     4.2590     4.2944    -0.0067    96.3588 1.0000e-12  -66.50684  -69.88845 340.065125      12.76 5.1124e+01   1108.814      26613  1030.0353  1030.0343    34.7228    34.7214    7.76893         36 0.0000e+00
    475.000    469.754     1.2615  30.130409     1.2614  30.129198     4.2582     4.2968    -0.0018    96.3612 1.0000e-12  -66.50684  -69.88844 340.065152      11.44 5.1124e+01   1111.091      26667  1030.0400  1030.0389    34.7228    34.7213    7.76894         36 0.0000e+00
    476.000    470.743     1.2616  30.130978     1.2617  30.129767     4.2535     4.2983    -0.0027    96.3339 1.0000e-12  -66.50683  -69.88846 340.065182      10.46 5.1124e+01   1113.723      26730  1030.0447  1030.0435    34.7228    34.7212    7.76891         34 0.0000e+00
    477.000    471.729     1.2613  30.131263     1.2613  30.130182     4.2614     4.2986    -0.0068    96.3512 1.0000e-12  -66.50682  -69.88846 340.065299       9.24 5.1124e+01   1123.862      26974  1030.0495  1030.0484    34.7229    34.7216    7.76897         31 0.0000e+00
    478.000    472.716     1.2621  30.132011     1.2620  30.131043     4.2517     4.2958    -0.0074    96.3795 1.0000e-12  -66.50675  -69.88842 340.065932       8.03 5.1124e+01   1178.548      28286  1030.0538  1030.0528    34.7225    34.7213    7.76884         13 0.0000e+00
