NBP2113_155081_ctd/data/dnbp2113_034.cnv
* Sea-Bird SBE 9 Data File:
* FileName = D:\Data\raw\NBP2113_034.hex
* Software Version Seasave V 7.26.7.121
* Temperature SN = 2438
* Conductivity SN = 2067
* Number of Bytes Per Scan = 40
* Number of Voltage Words = 5
* Number of Scans Averaged by the Deck Unit = 1
* NMEA Latitude = 64 56.01 S
* NMEA Longitude = 064 23.98 W
* NMEA UTC (Time) = Dec 08 2021  22:30:19
* NMEA baud rate = 9600
** Ship: RVIB N.B. Palmer
** Cruise: NBP2113 LTER
** Station: 600.040
** Operator: S. Blackman
# nquan = 25
# nvalues = 1312                        
# units = specified
# name 0 = prDM: Pressure, Digiquartz [db]
# name 1 = depSM: Depth [salt water, m]
# name 2 = t090C: Temperature [ITS-90, deg C]
# name 3 = c0mS/cm: Conductivity [mS/cm]
# name 4 = t190C: Temperature, 2 [ITS-90, deg C]
# name 5 = c1mS/cm: Conductivity, 2 [mS/cm]
# name 6 = sbeox0ML/L: Oxygen, SBE 43 [ml/l]
# name 7 = sbeox1ML/L: Oxygen, SBE 43, 2 [ml/l]
# name 8 = flECO-AFL: Fluorescence, WET Labs ECO-AFL/FL [mg/m^3]
# name 9 = CStarTr0: Beam Transmission, WET Labs C-Star [%]
# name 10 = par: PAR/Irradiance, Biospherical/Licor
# name 11 = latitude: Latitude [deg]
# name 12 = longitude: Longitude [deg]
# name 13 = timeJ: Julian Days
# name 14 = altM: Altimeter [m]
# name 15 = spar: SPAR, Biospherical/Licor
# name 16 = timeS: Time, Elapsed [seconds]
# name 17 = scan: Scan Count
# name 18 = density00: Density [density, kg/m^3]
# name 19 = density11: Density, 2 [density, kg/m^3]
# name 20 = sal00: Salinity, Practical [PSU]
# name 21 = sal11: Salinity, Practical, 2 [PSU]
# name 22 = oxsolML/L: Oxygen Saturation, Garcia & Gordon [ml/l]
# name 23 = nbin: number of scans per bin
# name 24 = flag: flag
# span 0 =      6.000,   1317.000       
# span 1 =      5.944,   1299.982       
# span 2 =    -1.0262,     1.4955       
# span 3 =  27.106680,  30.664402       
# span 4 =    -1.0257,     1.4954       
# span 5 =  27.105153,  30.663411       
# span 6 =     4.0372,     8.0717       
# span 7 =     4.0860,     8.0934       
# span 8 =    -0.0223,     1.7667       
# span 9 =    87.1900,    96.0513       
# span 10 = 1.0000e-12, 3.4378e+01      
# span 11 =  -64.93358,  -64.93318      
# span 12 =  -64.39988,  -64.39906      
# span 13 = 342.941235, 342.962500      
# span 14 =       6.77,     105.13      
# span 15 = 7.9150e+01, 1.3222e+02      
# span 16 =    303.694,   2140.997      
# span 17 =       7290,      51385      
# span 18 =  1027.0114,  1033.8858      
# span 19 =  1027.0098,  1033.8848      
# span 20 =    33.5529,    34.6780      
# span 21 =    33.5505,    34.6769      
# span 22 =    7.72527,    8.31412      
# span 23 =         11,         45      
# span 24 = 0.0000e+00, 0.0000e+00      
# interval = decibars: 1                
# start_time = Dec 08 2021 22:30:19 [NMEA time, header]
# bad_flag = -9.990e-29
*END*
[from data line 1160]
   1166.000   1151.344     1.4829  30.588925     1.4829  30.587920     4.0641     4.1008    -0.0118    95.8079 1.0000e-12  -64.93326  -64.39924 342.959538      99.97 8.2855e+01   1885.042      45242  1033.1921  1033.1912    34.6772    34.6760    7.72777         35 0.0000e+00
   1167.000   1152.333     1.4830  30.589320     1.4828  30.588287     4.0710     4.1001    -0.0118    95.7952 1.0000e-12  -64.93326  -64.39924 342.959553      99.97 8.2855e+01   1886.348      45273  1033.1966  1033.1958    34.6771    34.6760    7.72776         25 0.0000e+00
   1168.000   1153.317     1.4831  30.589836     1.4828  30.588862     4.0640     4.0994    -0.0109    95.7984 1.0000e-12  -64.93326  -64.39924 342.959564      99.97 8.2855e+01   1887.330      45297  1033.2012  1033.2005    34.6771    34.6761    7.72774         23 0.0000e+00
   1169.000   1154.301     1.4831  30.590279     1.4829  30.589269     4.0667     4.1039    -0.0036    95.7964 1.0000e-12  -64.93326  -64.39924 342.959576      99.97 8.2855e+01   1888.345      45321  1033.2058  1033.2050    34.6771    34.6761    7.72773         26 0.0000e+00
   1170.000   1155.285     1.4832  30.590692     1.4829  30.589780     4.0557     4.1045    -0.0107    95.8010 1.0000e-12  -64.93326  -64.39924 342.959589      99.97 8.2855e+01   1889.491      45349  1033.2103  1033.2097    34.6770    34.6762    7.72772         29 0.0000e+00
   1171.000   1156.272     1.4834  30.591320     1.4830  30.590265     4.0660     4.1052    -0.0024    95.7891 1.0000e-12  -64.93326  -64.39924 342.959603      99.97 8.2855e+01   1890.681      45377  1033.2150  1033.2143    34.6771    34.6762    7.72769         26 0.0000e+00
   1172.000   1157.252     1.4834  30.591759     1.4831  30.590857     4.0627     4.1040    -0.0033    95.7906 1.0000e-12  -64.93326  -64.39923 342.959615      99.97 8.2855e+01   1891.695      45402  1033.2196  1033.2189    34.6771    34.6763    7.72769         23 0.0000e+00
   1173.000   1158.240     1.4835  30.592344     1.4832  30.591393     4.0632     4.1047    -0.0021    95.7787 1.0000e-12  -64.93326  -64.39922 342.959625      99.97 8.2855e+01   1892.586      45423  1033.2242  1033.2235    34.6771    34.6762    7.72766         21 0.0000e+00
   1174.000   1159.223     1.4836  30.592844     1.4833  30.591812     4.0649     4.1050    -0.0102    95.8163 1.0000e-12  -64.93326  -64.39922 342.959635      99.97 8.2855e+01   1893.460      45444  1033.2288  1033.2281    34.6772    34.6762    7.72765         22 0.0000e+00
   1175.000   1160.209     1.4835  30.593263     1.4834  30.592337     4.0597     4.1053     0.0008    95.8028 1.0000e-12  -64.93326  -64.39922 342.959647      99.97 8.2855e+01   1894.460      45468  1033.2334  1033.2327    34.6772    34.6762    7.72765         27 0.0000e+00
   1176.000   1161.194     1.4836  30.593742     1.4834  30.592771     4.0651     4.1001    -0.0081    95.7999 1.0000e-12  -64.93326  -64.39920 342.959662      99.97 8.2855e+01   1895.771      45499  1033.2381  1033.2372    34.6772    34.6761    7.72765         34 0.0000e+00
   1177.000   1162.178     1.4837  30.594278     1.4835  30.593275     4.0577     4.0989     0.0037    95.7765 1.0000e-12  -64.93326  -64.39920 342.959677      99.97 8.2855e+01   1897.116      45532  1033.2426  1033.2419    34.6772    34.6761    7.72762         29 0.0000e+00
   1178.000   1163.163     1.4838  30.594721     1.4835  30.593737     4.0649     4.0982    -0.0115    95.7943 1.0000e-12  -64.93326  -64.39920 342.959690      99.97 8.2855e+01   1898.202      45558  1033.2472  1033.2465    34.6771    34.6762    7.72761         24 0.0000e+00
   1179.000   1164.147     1.4839  30.595199     1.4836  30.594286     4.0472     4.1023    -0.0118    95.8148 1.0000e-12  -64.93326  -64.39922 342.959701      99.97 8.2855e+01   1899.206      45582  1033.2518  1033.2511    34.6771    34.6762    7.72759         25 0.0000e+00
   1180.000   1165.133     1.4839  30.595703     1.4838  30.594783     4.0588     4.1052    -0.0024    95.8129 1.0000e-12  -64.93326  -64.39922 342.959715      99.97 8.2855e+01   1900.350      45609  1033.2565  1033.2557    34.6772    34.6762    7.72759         32 0.0000e+00
   1181.000   1166.116     1.4838  30.596117     1.4838  30.595135     4.0581     4.1042     0.0015    95.8061 1.0000e-12  -64.93325  -64.39922 342.959734      99.97 8.2855e+01   1901.981      45649  1033.2611  1033.2602    34.6772    34.6760    7.72759         35 0.0000e+00
   1182.000   1167.101     1.4842  30.596718     1.4840  30.595791     4.0655     4.1054    -0.0098    95.7970 1.0000e-12  -64.93324  -64.39920 342.959751      99.97 8.2855e+01   1903.486      45685  1033.2655  1033.2648    34.6771    34.6761    7.72753         27 0.0000e+00
   1183.000   1168.085     1.4843  30.597282     1.4840  30.596376     4.0607     4.1051    -0.0180    95.8134 1.0000e-12  -64.93324  -64.39920 342.959762      99.97 8.2855e+01   1904.438      45708  1033.2702  1033.2695    34.6771    34.6763    7.72751         21 0.0000e+00
   1184.000   1169.071     1.4844  30.597880     1.4841  30.596891     4.0676     4.1041    -0.0012    95.7742 1.0000e-12  -64.93324  -64.39920 342.959771      99.97 8.2855e+01   1905.245      45727  1033.2748  1033.2741    34.6772    34.6762    7.72748         19 0.0000e+00
   1185.000   1170.056     1.4843  30.598308     1.4842  30.597384     4.0582     4.1050     0.0060    95.7501 1.0000e-12  -64.93324  -64.39920 342.959781      99.97 8.2855e+01   1906.059      45746  1033.2795  1033.2787    34.6773    34.6763    7.72749         21 0.0000e+00
   1186.000   1171.038     1.4843  30.598589     1.4842  30.597669     4.0573     4.1063    -0.0157    95.7557 1.0000e-12  -64.93324  -64.39920 342.959796      99.97 8.2855e+01   1907.341      45777  1033.2840  1033.2832    34.6772    34.6761    7.72751         32 0.0000e+00
   1187.000   1172.024     1.4845  30.599125     1.4844  30.598248     4.0564     4.0979    -0.0015    95.8139 1.0000e-12  -64.93324  -64.39920 342.959822      99.97 8.2855e+01   1909.608      45832  1033.2886  1033.2878    34.6771    34.6761    7.72748         29 0.0000e+00
   1188.000   1173.009     1.4847  30.599804     1.4845  30.598852     4.0602     4.0988    -0.0031    95.8247 1.0000e-12  -64.93324  -64.39918 342.959832      99.97 8.2855e+01   1910.459      45852  1033.2932  1033.2924    34.6772    34.6761    7.72743         19 0.0000e+00
   1189.000   1173.996     1.4848  30.600321     1.4847  30.599500     4.0559     4.1032    -0.0041    95.7720 1.0000e-12  -64.93324  -64.39918 342.959840      99.97 8.2855e+01   1911.197      45870  1033.2978  1033.2971    34.6771    34.6763    7.72740         18 0.0000e+00
   1190.000   1174.977     1.4849  30.600920     1.4847  30.599930     4.0571     4.1051    -0.0043    95.7756 1.0000e-12  -64.93324  -64.39919 342.959848      99.97 8.2855e+01   1911.900      45887  1033.3025  1033.3017    34.6773    34.6763    7.72738         17 0.0000e+00
   1191.000   1175.964     1.4848  30.601300     1.4846  30.600268     4.0697     4.1038    -0.0055    95.7914 1.0000e-12  -64.93324  -64.39920 342.959857      99.97 8.2855e+01   1912.662      45905  1033.3071  1033.3063    34.6773    34.6762    7.72740         20 0.0000e+00
   1192.000   1176.944     1.4848  30.601674     1.4846  30.600623     4.0607     4.1011    -0.0117    95.7726 1.0000e-12  -64.93324  -64.39920 342.959871      99.97 8.2855e+01   1913.827      45933  1033.3117  1033.3108    34.6773    34.6761    7.72740         26 0.0000e+00
   1193.000   1177.933     1.4848  30.602098     1.4848  30.601156     4.0620     4.1045    -0.0120    95.8147 1.0000e-12  -64.93324  -64.39920 342.959898      99.97 8.2855e+01   1916.213      45990  1033.3163  1033.3154    34.6772    34.6761    7.72740         34 0.0000e+00
   1194.000   1178.918     1.4850  30.602779     1.4849  30.601774     4.0582     4.0992    -0.0064    95.8295 1.0000e-12  -64.93324  -64.39918 342.959912      99.98 8.2855e+01   1917.438      46020  1033.3210  1033.3200    34.6774    34.6762    7.72736         25 0.0000e+00
   1195.000   1179.901     1.4851  30.603181     1.4850  30.602266     4.0594     4.1009     0.0010    95.8098 1.0000e-12  -64.93324  -64.39918 342.959924      99.97 8.2855e+01   1918.409      46043  1033.3254  1033.3246    34.6772    34.6762    7.72734         22 0.0000e+00
   1196.000   1180.886     1.4853  30.603724     1.4851  30.602787     4.0592     4.0992     0.0028    95.7846 1.0000e-12  -64.93324  -64.39916 342.959934      99.97 8.2176e+01   1919.302      46064  1033.3300  1033.3292    34.6772    34.6762    7.72731         21 0.0000e+00
   1197.000   1181.870     1.4853  30.604244     1.4852  30.603297     4.0640     4.1024    -0.0011    95.7886 1.0000e-12  -64.93324  -64.39916 342.959944      99.97 8.2099e+01   1920.173      46085  1033.3347  1033.3338    34.6773    34.6762    7.72731         21 0.0000e+00
   1198.000   1182.854     1.4854  30.604704     1.4853  30.603890     4.0620     4.1031    -0.0027    95.8005 1.0000e-12  -64.93324  -64.39916 342.959954      99.97 8.1246e+01   1921.045      46106  1033.3392  1033.3385    34.6772    34.6763    7.72729         22 0.0000e+00
   1199.000   1183.839     1.4854  30.605173     1.4852  30.604192     4.0574     4.1027    -0.0097    95.7985 1.0000e-12  -64.93324  -64.39917 342.959965      99.97 8.1097e+01   1921.969      46128  1033.3439  1033.3430    34.6773    34.6762    7.72729         23 0.0000e+00
   1200.000   1184.824     1.4854  30.605598     1.4853  30.604661     4.0621     4.1047    -0.0176    95.7691 1.0000e-12  -64.93324  -64.39918 342.959978      99.97 8.1093e+01   1923.131      46156  1033.3484  1033.3476    34.6772    34.6762    7.72728         33 0.0000e+00
   1201.000   1185.810     1.4854  30.606047     1.4853  30.605040     4.0627     4.1020    -0.0083    95.7992 1.0000e-12  -64.93323  -64.39918 342.960003      99.97 8.1093e+01   1925.259      46207  1033.3531  1033.3522    34.6773    34.6761    7.72728         35 0.0000e+00
   1202.000   1186.792     1.4856  30.606593     1.4854  30.605579     4.0586     4.0946    -0.0082    95.7734 1.0000e-12  -64.93322  -64.39917 342.960022      99.97 8.1093e+01   1926.898      46247  1033.3576  1033.3568    34.6773    34.6761    7.72725         29 0.0000e+00
   1203.000   1187.779     1.4857  30.607141     1.4855  30.606225     4.0610     4.1000     0.0049    95.7931 1.0000e-12  -64.93322  -64.39916 342.960034      99.97 8.1093e+01   1927.937      46271  1033.3622  1033.3615    34.6773    34.6763    7.72723         23 0.0000e+00
   1204.000   1188.760     1.4858  30.607649     1.4857  30.606735     4.0566     4.1025    -0.0025    95.7920 1.0000e-12  -64.93322  -64.39916 342.960044      99.97 8.1093e+01   1928.807      46292  1033.3668  1033.3660    34.6772    34.6762    7.72720         20 0.0000e+00
   1205.000   1189.748     1.4860  30.608263     1.4858  30.607245     4.0581     4.1020    -0.0028    95.7743 1.0000e-12  -64.93322  -64.39916 342.960053      99.97 8.1093e+01   1929.593      46311  1033.3715  1033.3706    34.6773    34.6762    7.72717         18 0.0000e+00
   1206.000   1190.730     1.4860  30.608715     1.4859  30.607755     4.0643     4.1036    -0.0062    95.7930 1.0000e-12  -64.93322  -64.39916 342.960062      99.97 8.1093e+01   1930.376      46330  1033.3761  1033.3752    34.6773    34.6762    7.72717         19 0.0000e+00
   1207.000   1191.716     1.4860  30.609093     1.4859  30.608131     4.0620     4.1081    -0.0117    95.8124 1.0000e-12  -64.93322  -64.39916 342.960073      99.97 8.1093e+01   1931.272      46352  1033.3806  1033.3798    34.6773    34.6762    7.72717         25 0.0000e+00
   1208.000   1192.701     1.4860  30.609542     1.4859  30.608532     4.0641     4.1026    -0.0030    95.7722 1.0000e-12  -64.93322  -64.39916 342.960089      99.97 8.1093e+01   1932.651      46385  1033.3853  1033.3843    34.6773    34.6761    7.72717         36 0.0000e+00
   1209.000   1193.685     1.4861  30.610002     1.4860  30.609053     4.0592     4.1038    -0.0021    95.7834 1.0000e-12  -64.93322  -64.39914 342.960108      99.97 8.1093e+01   1934.339      46425  1033.3897  1033.3889    34.6772    34.6761    7.72714         30 0.0000e+00
   1210.000   1194.668     1.4863  30.610572     1.4860  30.609619     4.0627     4.1002    -0.0020    95.7975 1.0000e-12  -64.93322  -64.39914 342.960121      99.97 8.1093e+01   1935.432      46451  1033.3944  1033.3936    34.6772    34.6763    7.72712         23 0.0000e+00
   1211.000   1195.655     1.4864  30.611152     1.4862  30.610182     4.0535     4.1000    -0.0022    95.7997 1.0000e-12  -64.93322  -64.39914 342.960131      99.97 8.1093e+01   1936.325      46473  1033.3990  1033.3982    34.6773    34.6762    7.72709         20 0.0000e+00
   1212.000   1196.637     1.4865  30.611654     1.4864  30.610706     4.0612     4.0996    -0.0088    95.7920 1.0000e-12  -64.93322  -64.39914 342.960140      99.97 8.1093e+01   1937.144      46492  1033.4036  1033.4027    34.6772    34.6762    7.72707         20 0.0000e+00
   1213.000   1197.624     1.4866  30.612214     1.4864  30.611175     4.0621     4.0961    -0.0080    95.7895 1.0000e-12  -64.93322  -64.39914 342.960151      99.97 8.1093e+01   1938.019      46513  1033.4082  1033.4074    34.6773    34.6762    7.72705         23 0.0000e+00
   1214.000   1198.607     1.4865  30.612551     1.4865  30.611602     4.0541     4.1013    -0.0077    95.7877 1.0000e-12  -64.93322  -64.39915 342.960169      99.98 8.1093e+01   1939.636      46552  1033.4128  1033.4119    34.6773    34.6761    7.72707         29 0.0000e+00
   1215.000   1199.593     1.4867  30.613106     1.4865  30.612143     4.0565     4.1039    -0.0196    95.7867 1.0000e-12  -64.93322  -64.39914 342.960199      99.97 8.1093e+01   1942.158      46613  1033.4174  1033.4165    34.6773    34.6762    7.72703         31 0.0000e+00
   1216.000   1200.573     1.4869  30.613829     1.4866  30.612741     4.0646     4.0963    -0.0109    95.7946 1.0000e-12  -64.93322  -64.39912 342.960210      99.97 8.1093e+01   1943.112      46636  1033.4220  1033.4212    34.6774    34.6763    7.72698         20 0.0000e+00
   1217.000   1201.561     1.4871  30.614399     1.4870  30.613629     4.0558     4.0998     0.0132    95.8001 1.0000e-12  -64.93322  -64.39912 342.960219      99.98 8.1093e+01   1943.896      46654  1033.4266  1033.4259    34.6774    34.6765    7.72695         17 0.0000e+00
   1218.000   1202.545     1.4871  30.614754     1.4870  30.613955     4.0551     4.1061     0.0073    95.7639 1.0000e-12  -64.93322  -64.39912 342.960227      99.97 8.1093e+01   1944.608      46672  1033.4312  1033.4304    34.6773    34.6764    7.72696         18 0.0000e+00
   1219.000   1203.530     1.4871  30.615146     1.4870  30.614223     4.0626     4.1004    -0.0020    95.7553 1.0000e-12  -64.93322  -64.39912 342.960235      99.97 8.1093e+01   1945.352      46689  1033.4357  1033.4349    34.6772    34.6762    7.72695         19 0.0000e+00
   1220.000   1204.513     1.4870  30.615566     1.4868  30.614557     4.0571     4.1017    -0.0027    95.7511 1.0000e-12  -64.93322  -64.39912 342.960246      99.97 8.1093e+01   1946.263      46711  1033.4404  1033.4395    34.6773    34.6762    7.72697         25 0.0000e+00
   1221.000   1205.498     1.4870  30.615953     1.4870  30.615034     4.0606     4.0989    -0.0018    95.7474 1.0000e-12  -64.93322  -64.39912 342.960264      99.97 8.1093e+01   1947.828      46749  1033.4450  1033.4441    34.6773    34.6762    7.72698         42 0.0000e+00
   1222.000   1206.482     1.4873  30.616605     1.4871  30.615627     4.0626     4.0998    -0.0031    95.7795 1.0000e-12  -64.93322  -64.39912 342.960280      99.97 8.1093e+01   1949.200      46782  1033.4495  1033.4487    34.6772    34.6763    7.72691         25 0.0000e+00
