NBP2113_155081_ctd/data/dnbp2113_023.cnv
* Sea-Bird SBE 9 Data File:
* FileName = D:\Data\raw\NBP2113_023.hex
* Software Version Seasave V 7.26.7.121
* Temperature SN = 2438
* Conductivity SN = 2067
* Number of Bytes Per Scan = 40
* Number of Voltage Words = 5
* Number of Scans Averaged by the Deck Unit = 1
* NMEA Latitude = 67 30.61 S
* NMEA Longitude = 070 35.52 W
* NMEA UTC (Time) = Dec 02 2021  00:50:18
* NMEA baud rate = 9600
** Ship: RVIB N.B. Palmer
** Cruise: NBP2113 LTER
** Station: 200.040
** Operator: S. Blackman
# nquan = 25
# nvalues = 743                         
# units = specified
# name 0 = prDM: Pressure, Digiquartz [db]
# name 1 = depSM: Depth [salt water, m]
# name 2 = t090C: Temperature [ITS-90, deg C]
# name 3 = c0mS/cm: Conductivity [mS/cm]
# name 4 = t190C: Temperature, 2 [ITS-90, deg C]
# name 5 = c1mS/cm: Conductivity, 2 [mS/cm]
# name 6 = sbeox0ML/L: Oxygen, SBE 43 [ml/l]
# name 7 = sbeox1ML/L: Oxygen, SBE 43, 2 [ml/l]
# name 8 = flECO-AFL: Fluorescence, WET Labs ECO-AFL/FL [mg/m^3]
# name 9 = CStarTr0: Beam Transmission, WET Labs C-Star [%]
# name 10 = par: PAR/Irradiance, Biospherical/Licor
# name 11 = latitude: Latitude [deg]
# name 12 = longitude: Longitude [deg]
# name 13 = timeJ: Julian Days
# name 14 = altM: Altimeter [m]
# name 15 = spar: SPAR, Biospherical/Licor
# name 16 = timeS: Time, Elapsed [seconds]
# name 17 = scan: Scan Count
# name 18 = density00: Density [density, kg/m^3]
# name 19 = density11: Density, 2 [density, kg/m^3]
# name 20 = sal00: Salinity, Practical [PSU]
# name 21 = sal11: Salinity, Practical, 2 [PSU]
# name 22 = oxsolML/L: Oxygen Saturation, Garcia & Gordon [ml/l]
# name 23 = nbin: number of scans per bin
# name 24 = flag: flag
# span 0 =      6.000,    748.000       
# span 1 =      5.937,    739.207       
# span 2 =    -0.8252,     1.4753       
# span 3 =  27.673319,  30.294976       
# span 4 =    -0.8251,     1.4750       
# span 5 =  27.671917,  30.293303       
# span 6 =     3.9693,     8.0537       
# span 7 =     4.0237,     8.1088       
# span 8 =    -0.0216,     2.2036       
# span 9 =    89.3069,    97.1568       
# span 10 = 1.0000e-12, 1.3419e+01      
# span 11 =  -67.51056,  -67.51024      
# span 12 =  -70.59102,  -70.58575      
# span 13 = 336.038478, 336.051158      
# span 14 =       5.89,     104.05      
# span 15 = 2.8191e+01, 4.0782e+01      
# span 16 =    306.499,   1402.014      
# span 17 =       7357,      33649      
# span 18 =  1027.3408,  1031.3032      
# span 19 =  1027.3384,  1031.3016      
# span 20 =    33.9779,    34.7152      
# span 21 =    33.9750,    34.7133      
# span 22 =    7.72879,    8.24049      
# span 23 =         11,         47      
# span 24 = 0.0000e+00, 0.0000e+00      
# interval = decibars: 1                
# start_time = Dec 02 2021 00:50:18 [NMEA time, header]
# bad_flag = -9.990e-29
*END*
[from data line 58]
     64.000     63.352    -0.6818  27.726372    -0.6816  27.724670     8.0167     8.0853     1.9612    89.7397 1.0000e-12  -67.51040  -70.59031 336.040411      99.97 2.9969e+01    473.535      11366  1027.6194  1027.6172    33.9782    33.9757    8.21368         38 0.0000e+00
     65.000     64.341    -0.6835  27.725624    -0.6839  27.723511     8.0107     8.0804     1.8932    89.7821 1.0000e-12  -67.51040  -70.59029 336.040431      99.97 2.9969e+01    475.250      11407  1027.6245  1027.6225    33.9785    33.9760    8.21403         39 0.0000e+00
     66.000     65.333    -0.6863  27.724089    -0.6853  27.722947     8.0098     8.0811     1.8094    89.8215 1.0000e-12  -67.51040  -70.59028 336.040471      99.97 2.9969e+01    478.720      11490  1027.6297  1027.6275    33.9789    33.9763    8.21460         29 0.0000e+00
     67.000     66.322    -0.6860  27.724851    -0.6856  27.723143     8.0085     8.0857     1.7873    89.8098 1.0000e-12  -67.51040  -70.59030 336.040527      99.97 2.9903e+01    483.557      11606  1027.6345  1027.6323    33.9790    33.9763    8.21453         30 0.0000e+00
     68.000     67.309    -0.6859  27.725337    -0.6856  27.723643     8.0016     8.0745     1.7785    89.7958 1.0000e-12  -67.51040  -70.59030 336.040542      99.97 2.9251e+01    484.837      11637  1027.6392  1027.6371    33.9790    33.9763    8.21452         27 0.0000e+00
     69.000     68.301    -0.6879  27.724336    -0.6871  27.723014     7.9985     8.0709     1.7883    89.8660 1.0000e-12  -67.51040  -70.59026 336.040571      99.97 2.8668e+01    487.336      11697  1027.6445  1027.6422    33.9793    33.9765    8.21495         28 0.0000e+00
     70.000     69.291    -0.6903  27.723176    -0.6904  27.721314     7.9746     8.0677     1.9810    89.9376 1.0000e-12  -67.51040  -70.59022 336.040607      99.97 2.8212e+01    490.411      11771  1027.6497  1027.6478    33.9798    33.9774    8.21544         37 0.0000e+00
     71.000     70.277    -0.6952  27.720349    -0.6949  27.718768     7.9557     8.0582     1.8508    89.9961 1.0000e-12  -67.51040  -70.59025 336.040650      99.96 2.8206e+01    494.185      11861  1027.6557  1027.6537    33.9809    33.9784    8.21644         38 0.0000e+00
     72.000     71.269    -0.7001  27.717767    -0.6998  27.716127     7.9254     8.0313     1.7204    90.0438 1.0000e-12  -67.51040  -70.59026 336.040692      99.97 2.8206e+01    497.805      11948  1027.6618  1027.6597    33.9822    33.9797    8.21742         26 0.0000e+00
     73.000     72.260    -0.7074  27.714760    -0.7068  27.713234     7.9282     8.0330     1.5778    90.1394 1.0000e-12  -67.51040  -70.59025 336.040703      99.97 2.8206e+01    498.726      11970  1027.6700  1027.6677    33.9857    33.9830    8.21880         25 0.0000e+00
     74.000     73.248    -0.7134  27.712954    -0.7150  27.710469     7.9152     8.0052     1.7505    90.4844 1.0000e-12  -67.51041  -70.59020 336.040742      99.97 2.8206e+01    502.091      12051  1027.6780  1027.6769    33.9895    33.9879    8.21990         39 0.0000e+00
     75.000     74.240    -0.7191  27.711033    -0.7191  27.709350     7.8652     7.9761     1.6404    90.7420 1.0000e-12  -67.51042  -70.59018 336.040774      99.97 2.8206e+01    504.874      12118  1027.6857  1027.6838    33.9927    33.9903    8.22096         28 0.0000e+00
     76.000     75.228    -0.7228  27.709872    -0.7230  27.707993     7.8577     7.9699     1.5465    90.8531 1.0000e-12  -67.51041  -70.59019 336.040803      99.97 2.8498e+01    507.362      12178  1027.6922  1027.6903    33.9946    33.9923    8.22164         36 0.0000e+00
     77.000     76.216    -0.7256  27.709018    -0.7252  27.707426     7.8691     7.9523     1.4526    91.0636 1.0000e-12  -67.51040  -70.59018 336.040847      99.97 2.9584e+01    511.146      12268  1027.6981  1027.6960    33.9961    33.9934    8.22218         27 0.0000e+00
     78.000     77.209    -0.7290  27.707837    -0.7287  27.706145     7.8626     7.9466     1.5174    91.1477 1.0000e-12  -67.51040  -70.59018 336.040859      99.97 2.9675e+01    512.244      12295  1027.7043  1027.7022    33.9976    33.9950    8.22281         27 0.0000e+00
     79.000     78.197    -0.7304  27.707544    -0.7300  27.705911     7.8625     7.9532     1.5156    91.2261 1.0000e-12  -67.51040  -70.59014 336.040874      99.97 2.9969e+01    513.538      12326  1027.7096  1027.7075    33.9982    33.9956    8.22309         32 0.0000e+00
     80.000     79.186    -0.7308  27.707991    -0.7305  27.706380     7.8022     7.9210     1.3822    91.2768 1.0000e-12  -67.51041  -70.59013 336.040936      99.97 2.9969e+01    518.852      12453  1027.7148  1027.7127    33.9987    33.9961    8.22316         26 0.0000e+00
     81.000     80.177    -0.7333  27.707386    -0.7325  27.706080     7.7065     7.8353     1.2663    91.3186 1.0000e-12  -67.51042  -70.59014 336.040973      99.97 2.9969e+01    522.093      12531  1027.7208  1027.7185    34.0001    33.9973    8.22362         20 0.0000e+00
     82.000     81.167    -0.7454  27.702450    -0.7447  27.700887     7.6246     7.7877     1.3306    91.3553 1.0000e-12  -67.51042  -70.59014 336.040983      99.97 2.9969e+01    522.951      12552  1027.7315  1027.7291    34.0064    34.0034    8.22589         20 0.0000e+00
     83.000     82.156    -0.7786  27.686228    -0.7780  27.684825     7.5312     7.7462     1.4537    91.3304 1.0000e-12  -67.51041  -70.59013 336.040995      99.97 2.9969e+01    523.954      12576  1027.7506  1027.7484    34.0212    34.0186    8.23227         27 0.0000e+00
     84.000     83.143    -0.8077  27.675210    -0.8062  27.674117     7.5364     7.7864     1.5500    91.6982 1.0000e-12  -67.51042  -70.59009 336.041011      99.97 2.9969e+01    525.365      12610  1027.7710  1027.7684    34.0384    34.0353    8.23761         35 0.0000e+00
     85.000     84.134    -0.8252  27.673319    -0.8251  27.671917     7.2168     7.5017     1.0318    92.7555 1.0000e-12  -67.51042  -70.59006 336.041106      99.97 3.1641e+01    533.509      12805  1027.7901  1027.7885    34.0551    34.0531    8.24049         18 0.0000e+00
     86.000     85.124    -0.8153  27.694931    -0.8183  27.689055     7.1763     7.4461     1.0028    93.0595 1.0000e-12  -67.51042  -70.59005 336.041118      99.97 3.1732e+01    534.607      12832  1027.8080  1027.8047    34.0726    34.0680    8.23730         18 0.0000e+00
     87.000     86.114    -0.8080  27.704215    -0.8104  27.699612     7.1776     7.4447     1.0030    93.2340 1.0000e-12  -67.51042  -70.59004 336.041128      99.97 3.1732e+01    535.453      12852  1027.8151  1027.8126    34.0763    34.0728    8.23548         24 0.0000e+00
     88.000     87.106    -0.8035  27.708822    -0.8038  27.706428     7.1584     7.3786     0.8189    93.9388 1.0000e-12  -67.51043  -70.59000 336.041172      99.97 3.1732e+01    539.285      12944  1027.8198  1027.8175    34.0769    34.0740    8.23448         32 0.0000e+00
     89.000     88.094    -0.7652  27.754614    -0.7651  27.752123     6.8896     7.1617     0.6396    94.9476 1.0000e-12  -67.51044  -70.58998 336.041218      99.97 3.1732e+01    543.196      13038  1027.8362  1027.8335    34.0950    34.0915    8.22506         31 0.0000e+00
     90.000     89.083    -0.7349  27.795875    -0.7343  27.793909     6.7992     7.0969     0.6237    95.0229 1.0000e-12  -67.51044  -70.58998 336.041231      99.97 3.1732e+01    544.343      13065  1027.8559  1027.8533    34.1159    34.1127    8.21723         33 0.0000e+00
     91.000     90.075    -0.7080  27.829046    -0.7074  27.826937     6.7801     7.0041     0.5316    95.5013 1.0000e-12  -67.51044  -70.58996 336.041266      99.97 3.1732e+01    547.344      13137  1027.8708  1027.8678    34.1299    34.1264    8.21059         24 0.0000e+00
     92.000     91.061    -0.6774  27.866084    -0.6776  27.863785     6.6979     6.8707     0.4579    96.0378 1.0000e-12  -67.51044  -70.58992 336.041320      99.97 3.3220e+01    552.038      13250  1027.8862  1027.8840    34.1447    34.1419    8.20307         28 0.0000e+00
     93.000     92.050    -0.6659  27.882293    -0.6654  27.880847     6.4478     6.6799     0.3791    96.0981 1.0000e-12  -67.51044  -70.58989 336.041354      99.98 3.3497e+01    554.980      13321  1027.8975  1027.8955    34.1530    34.1505    8.20010         32 0.0000e+00
     94.000     93.041    -0.6359  27.922050    -0.6356  27.919908     6.3318     6.5899     0.3139    96.1062 1.0000e-12  -67.51044  -70.58988 336.041368      99.98 3.3495e+01    556.165      13349  1027.9158  1027.9131    34.1722    34.1689    8.19249         26 0.0000e+00
     95.000     94.033    -0.6018  27.960326    -0.6014  27.958022     6.2980     6.5548     0.3400    96.1417 1.0000e-12  -67.51044  -70.58988 336.041382      99.98 3.3495e+01    557.377      13378  1027.9286  1027.9256    34.1847    34.1811    8.18440         33 0.0000e+00
     96.000     95.023    -0.5678  27.995919    -0.5714  27.989310     6.2456     6.4533     0.2425    96.3465 1.0000e-12  -67.51044  -70.58986 336.041432      99.98 3.3812e+01    561.765      13483  1027.9391  1027.9356    34.1936    34.1888    8.17653         33 0.0000e+00
     97.000     96.009    -0.4863  28.078683    -0.4899  28.074084     6.1218     6.3256     0.2248    96.5802 1.0000e-12  -67.51044  -70.58981 336.041478      99.97 3.5022e+01    565.706      13578  1027.9542  1027.9528    34.2124    34.2102    8.15789         41 0.0000e+00
     98.000     97.001    -0.4521  28.113754    -0.4554  28.109450     6.1245     6.2861     0.1985    96.6159 1.0000e-12  -67.51046  -70.58976 336.041500      99.98 3.5267e+01    567.593      13623  1027.9637  1027.9623    34.2203    34.2183    8.15008         36 0.0000e+00
     99.000     97.990    -0.4312  28.134967    -0.4355  28.128960     6.0674     6.2655     0.1616    96.7027 1.0000e-12  -67.51044  -70.58976 336.041523      99.97 3.5258e+01    569.602      13671  1027.9712  1027.9690    34.2246    34.2214    8.14536         44 0.0000e+00
    100.000     98.979    -0.3607  28.206536    -0.3593  28.206236     5.9121     6.0891     0.0869    96.7804 1.0000e-12  -67.51044  -70.58974 336.041587      99.98 3.5258e+01    575.120      13804  1027.9854  1027.9834    34.2405    34.2386    8.12935         29 0.0000e+00
    101.000     99.969    -0.3155  28.252160    -0.3163  28.249447     5.8761     6.0621     0.0768    96.7858 1.0000e-12  -67.51044  -70.58972 336.041597      99.97 3.5258e+01    575.948      13824  1027.9948  1027.9924    34.2500    34.2473    8.11915         23 0.0000e+00
    102.000    100.958    -0.2702  28.296997    -0.2788  28.285426     5.8735     6.0490     0.0763    96.7880 1.0000e-12  -67.51044  -70.58970 336.041617      99.98 3.5258e+01    577.748      13867  1028.0038  1027.9995    34.2584    34.2526    8.10903         32 0.0000e+00
    103.000    101.947    -0.2358  28.332252    -0.2464  28.320301     5.7930     5.9422     0.0728    96.7818 1.0000e-12  -67.51046  -70.58966 336.041669      99.98 3.5258e+01    582.184      13973  1028.0139  1028.0110    34.2662    34.2621    8.10128         25 0.0000e+00
    104.000    102.938    -0.2096  28.358438    -0.2103  28.355849     5.7258     5.8900     0.0729    96.8082 1.0000e-12  -67.51046  -70.58966 336.041678      99.97 3.5258e+01    582.992      13993  1028.0209  1028.0184    34.2710    34.2683    8.09543         20 0.0000e+00
    105.000    103.927    -0.1766  28.392262    -0.1771  28.390109     5.6678     5.8444     0.0498    96.8189 1.0000e-12  -67.51046  -70.58966 336.041688      99.97 3.5258e+01    583.844      14013  1028.0293  1028.0272    34.2783    34.2760    8.08801         22 0.0000e+00
    106.000    104.915    -0.1334  28.436359    -0.1320  28.435020     5.6148     5.8104     0.0601    96.8067 1.0000e-12  -67.51046  -70.58966 336.041700      99.98 3.5258e+01    584.850      14037  1028.0390  1028.0359    34.2879    34.2846    8.07833         27 0.0000e+00
    107.000    105.906    -0.0797  28.490860    -0.0802  28.487073     5.6161     5.7880     0.0674    96.8289 1.0000e-12  -67.51044  -70.58964 336.041717      99.97 3.5258e+01    586.359      14074  1028.0498  1028.0459    34.2995    34.2950    8.06633         35 0.0000e+00
    108.000    106.897    -0.0613  28.508983    -0.0659  28.501732     5.5810     5.7183     0.0590    96.8028 1.0000e-12  -67.51046  -70.58961 336.041750      99.97 3.5258e+01    589.208      14142  1028.0571  1028.0536    34.3023    34.2978    8.06230         40 0.0000e+00
    109.000    107.884    -0.0265  28.545076    -0.0271  28.542372     5.5164     5.6582     0.0556    96.8524 1.0000e-12  -67.51047  -70.58959 336.041769      99.97 3.5258e+01    590.811      14180  1028.0665  1028.0640    34.3106    34.3077    8.05450         24 0.0000e+00
    110.000    108.872     0.0175  28.589351     0.0168  28.586958     5.4921     5.6443     0.0346    96.8277 1.0000e-12  -67.51048  -70.58958 336.041778      99.98 3.5258e+01    591.592      14199  1028.0750  1028.0730    34.3193    34.3168    8.04476         16 0.0000e+00
    111.000    109.864     0.0418  28.614091     0.0419  28.612324     5.4697     5.6243     0.0308    96.8564 1.0000e-12  -67.51048  -70.58960 336.041785      99.97 3.5258e+01    592.222      14214  1028.0822  1028.0800    34.3242    34.3217    8.03938         15 0.0000e+00
    112.000    110.854     0.0467  28.619514     0.0461  28.616841     5.4451     5.5973     0.0250    96.8581 1.0000e-12  -67.51048  -70.58959 336.041792      99.98 3.5258e+01    592.793      14228  1028.0878  1028.0854    34.3253    34.3224    8.03829         13 0.0000e+00
    113.000    111.841     0.0577  28.632146     0.0570  28.629227     5.4299     5.5773     0.0305    96.8541 1.0000e-12  -67.51048  -70.58958 336.041798      99.97 3.5385e+01    593.360      14242  1028.0951  1028.0925    34.3291    34.3259    8.03578         14 0.0000e+00
    114.000    112.833     0.0911  28.667058     0.0890  28.662743     5.4137     5.5594     0.0335    96.8605 1.0000e-12  -67.51048  -70.58958 336.041805      99.98 3.5808e+01    593.977      14256  1028.1040  1028.1014    34.3372    34.3339    8.02832         16 0.0000e+00
    115.000    113.821     0.1210  28.697104     0.1199  28.694374     5.4026     5.5559     0.0335    96.8543 1.0000e-12  -67.51048  -70.58957 336.041814      99.98 3.6287e+01    594.750      14275  1028.1113  1028.1094    34.3428    34.3404    8.02175         22 0.0000e+00
    116.000    114.813     0.1414  28.717363     0.1362  28.709773     5.3929     5.5511     0.0456    96.8262 1.0000e-12  -67.51048  -70.58956 336.041831      99.98 3.6969e+01    596.203      14310  1028.1181  1028.1150    34.3461    34.3419    8.01731         41 0.0000e+00
    117.000    115.801     0.1591  28.735240     0.1450  28.717974     5.3853     5.5059     0.0471    96.7723 1.0000e-12  -67.51048  -70.58954 336.041861      99.98 3.7021e+01    598.783      14372  1028.1254  1028.1208    34.3492    34.3423    8.01343         42 0.0000e+00
    118.000    116.790     0.1723  28.749059     0.1720  28.746663     5.3346     5.4448     0.0510    96.8207 1.0000e-12  -67.51048  -70.58952 336.041890      99.97 3.7021e+01    601.259      14431  1028.1325  1028.1301    34.3521    34.3493    8.01052         32 0.0000e+00
    119.000    117.780     0.1968  28.774700     0.1962  28.772371     5.3331     5.4293     0.0445    96.8298 1.0000e-12  -67.51050  -70.58950 336.041903      99.97 3.7021e+01    602.463      14460  1028.1403  1028.1383    34.3579    34.3555    8.00509         22 0.0000e+00
    120.000    118.767     0.2099  28.787901     0.2100  28.786156     5.2828     5.3844     0.0388    96.8284 1.0000e-12  -67.51050  -70.58948 336.041913      99.97 3.7021e+01    603.259      14479  1028.1461  1028.1440    34.3601    34.3576    8.00225         17 0.0000e+00
