NBP2113_155081_ctd/data/dnbp2113_036.cnv
* Sea-Bird SBE 9 Data File:
* FileName = D:\Data\raw\NBP2113_036.hex
* Software Version Seasave V 7.26.7.121
* Temperature SN = 2438
* Conductivity SN = 2067
* Number of Bytes Per Scan = 40
* Number of Voltage Words = 5
* Number of Scans Averaged by the Deck Unit = 1
* NMEA Latitude = 64 56.01 S
* NMEA Longitude = 064 24.02 W
* NMEA UTC (Time) = Dec 09 2021  08:52:43
* NMEA baud rate = 9600
** Ship: RVIB N.B. Palmer
** Cruise: NBP2113 LTER
** Station: 600.040
** Operator: B. Urmston
# nquan = 25
# nvalues = 1316                        
# units = specified
# name 0 = prDM: Pressure, Digiquartz [db]
# name 1 = depSM: Depth [salt water, m]
# name 2 = t090C: Temperature [ITS-90, deg C]
# name 3 = c0mS/cm: Conductivity [mS/cm]
# name 4 = t190C: Temperature, 2 [ITS-90, deg C]
# name 5 = c1mS/cm: Conductivity, 2 [mS/cm]
# name 6 = sbeox0ML/L: Oxygen, SBE 43 [ml/l]
# name 7 = sbeox1ML/L: Oxygen, SBE 43, 2 [ml/l]
# name 8 = flECO-AFL: Fluorescence, WET Labs ECO-AFL/FL [mg/m^3]
# name 9 = CStarTr0: Beam Transmission, WET Labs C-Star [%]
# name 10 = par: PAR/Irradiance, Biospherical/Licor
# name 11 = latitude: Latitude [deg]
# name 12 = longitude: Longitude [deg]
# name 13 = timeJ: Julian Days
# name 14 = altM: Altimeter [m]
# name 15 = spar: SPAR, Biospherical/Licor
# name 16 = timeS: Time, Elapsed [seconds]
# name 17 = scan: Scan Count
# name 18 = density00: Density [density, kg/m^3]
# name 19 = density11: Density, 2 [density, kg/m^3]
# name 20 = sal00: Salinity, Practical [PSU]
# name 21 = sal11: Salinity, Practical, 2 [PSU]
# name 22 = oxsolML/L: Oxygen Saturation, Garcia & Gordon [ml/l]
# name 23 = nbin: number of scans per bin
# name 24 = flag: flag
# span 0 =      6.000,   1321.000       
# span 1 =      5.940,   1303.919       
# span 2 =    -0.9824,     1.4951       
# span 3 =  27.143103,  30.665104       
# span 4 =    -0.9815,     1.4950       
# span 5 =  27.141909,  30.664081       
# span 6 =     4.0394,     8.0475       
# span 7 =     4.0860,     8.0623       
# span 8 =    -0.0225,     1.6711       
# span 9 =    87.6167,    95.7305       
# span 10 = -8.325e-06, 3.0568e+01      
# span 11 =  -64.93358,  -64.93348      
# span 12 =  -64.40046,  -64.39938      
# span 13 = 343.373968, 343.398057      
# span 14 =       7.62,     101.38      
# span 15 = 1.0570e+02, 2.0626e+02      
# span 16 =    347.870,   2429.092      
# span 17 =       8350,      58299      
# span 18 =  1027.0161,  1033.9040      
# span 19 =  1027.0156,  1033.9031      
# span 20 =    33.5538,    34.6776      
# span 21 =    33.5516,    34.6766      
# span 22 =    7.72537,    8.30415      
# span 23 =         11,         47      
# span 24 = 0.0000e+00, 0.0000e+00      
# interval = decibars: 1                
# start_time = Dec 09 2021 08:52:43 [NMEA time, header]
# bad_flag = -9.990e-29
*END*
[from data line 116]
    122.000    120.769     0.2661  28.851452     0.2653  28.849700     5.5912     5.6470     0.0397    95.1833 1.0000e-12  -64.93358  -64.40036 343.378002      99.98 1.1459e+02    696.339      16713  1028.1705  1028.1694    34.3797    34.3783    7.98947         20 0.0000e+00
    123.000    121.759     0.2700  28.858539     0.2697  28.857318     5.5906     5.6471     0.0321    95.1804 1.0000e-12  -64.93358  -64.40036 343.378011      99.97 1.1450e+02    697.117      16732  1028.1786  1028.1774    34.3841    34.3827    7.98842         19 0.0000e+00
    124.000    122.747     0.2695  28.859548     0.2691  28.858124     5.5886     5.6479     0.0275    95.2043 1.0000e-12  -64.93358  -64.40037 343.378021      99.97 1.1302e+02    698.003      16753  1028.1844  1028.1833    34.3853    34.3840    7.98844         24 0.0000e+00
    125.000    123.737     0.2659  28.853965     0.2666  28.853966     5.5758     5.6373     0.0433    95.1826 1.0000e-12  -64.93358  -64.40039 343.378119      99.97 1.1429e+02    706.456      16956  1028.1866  1028.1859    34.3814    34.3806    7.98942         23 0.0000e+00
    126.000    124.727     0.2676  28.856904     0.2685  28.857355     5.5583     5.6227     0.0436    95.1804 1.0000e-12  -64.93358  -64.40039 343.378133      99.97 1.1320e+02    707.724      16986  1028.1923  1028.1920    34.3828    34.3824    7.98899         25 0.0000e+00
    127.000    125.719     0.2903  28.882975     0.2891  28.880279     5.5745     5.6259     0.0575    95.2001 1.0000e-12  -64.93358  -64.40040 343.378147      99.97 1.1283e+02    708.936      17015  1028.2019  1028.2001    34.3911    34.3888    7.98381         32 0.0000e+00
    128.000    126.706     0.2766  28.867629     0.2802  28.871265     5.5556     5.6221     0.0363    95.2031 1.0000e-12  -64.93358  -64.40042 343.378217      99.97 1.1282e+02    714.944      17160  1028.2036  1028.2038    34.3856    34.3864    7.98696         24 0.0000e+00
    129.000    127.696     0.2886  28.883857     0.2879  28.882059     5.5439     5.6150     0.0358    95.2144 1.0000e-12  -64.93358  -64.40042 343.378232      99.97 1.1282e+02    716.267      17191  1028.2132  1028.2120    34.3929    34.3913    7.98406         19 0.0000e+00
    130.000    128.688     0.2988  28.898704     0.2977  28.896882     5.5561     5.6274     0.0382    95.2063 1.0000e-12  -64.93358  -64.40042 343.378248      99.97 1.1282e+02    717.618      17224  1028.2233  1028.2223    34.4004    34.3993    7.98153         29 0.0000e+00
    131.000    129.674     0.2842  28.878396     0.2847  28.877944     5.4852     5.5659     0.0339    95.2045 1.0000e-12  -64.93358  -64.40039 343.378320      99.98 1.1282e+02    723.888      17374  1028.2204  1028.2195    34.3894    34.3883    7.98516         16 0.0000e+00
    132.000    130.665     0.3106  28.908638     0.3114  28.908491     5.4653     5.5594     0.0339    95.2061 1.0000e-12  -64.93358  -64.40038 343.378328      99.97 1.1282e+02    724.561      17390  1028.2308  1028.2297    34.3991    34.3980    7.97916         16 0.0000e+00
    133.000    131.655     0.3412  28.942831     0.3408  28.941606     5.4442     5.5546     0.0347    95.1972 1.0000e-12  -64.93358  -64.40038 343.378337      99.98 1.1282e+02    725.305      17408  1028.2411  1028.2402    34.4093    34.4081    7.97227         20 0.0000e+00
    134.000    132.645     0.3424  28.944799     0.3422  28.943381     5.4770     5.5641     0.0382    95.1941 1.0000e-12  -64.93358  -64.40040 343.378362      99.97 1.1306e+02    727.439      17460  1028.2465  1028.2451    34.4099    34.4083    7.97199         30 0.0000e+00
    135.000    133.634     0.3207  28.920340     0.3235  28.922250     5.4340     5.5269     0.0264    95.1790 1.0000e-12  -64.93358  -64.40038 343.378449      99.97 1.1458e+02    734.950      17640  1028.2465  1028.2458    34.4013    34.4008    7.97694         17 0.0000e+00
    136.000    134.623     0.3314  28.932484     0.3322  28.934337     5.3867     5.5019     0.0368    95.2043 1.0000e-12  -64.93358  -64.40038 343.378458      99.97 1.1459e+02    735.736      17659  1028.2532  1028.2542    34.4048    34.4064    7.97454         19 0.0000e+00
    137.000    135.612     0.3735  28.975934     0.3710  28.971687     5.3733     5.4963     0.0433    95.2098 1.0000e-12  -64.93358  -64.40038 343.378468      99.97 1.1459e+02    736.647      17681  1028.2618  1028.2599    34.4141    34.4113    7.96531         26 0.0000e+00
    138.000    136.603     0.3660  28.968836     0.3674  28.968572     5.4152     5.4928     0.0395    95.2173 1.0000e-12  -64.93358  -64.40040 343.378523      99.97 1.1546e+02    741.401      17795  1028.2666  1028.2648    34.4127    34.4107    7.96697         35 0.0000e+00
    139.000    137.592     0.3412  28.942906     0.3405  28.941298     5.2859     5.4131     0.0182    95.2279 1.0000e-12  -64.93358  -64.40042 343.378577      99.97 1.1636e+02    746.050      17906  1028.2682  1028.2670    34.4057    34.4044    7.97246         25 0.0000e+00
    140.000    138.580     0.3961  28.995658     0.4009  29.000970     5.2201     5.3679     0.0405    95.2171 1.0000e-12  -64.93358  -64.40041 343.378587      99.97 1.1635e+02    746.960      17928  1028.2738  1028.2746    34.4130    34.4146    7.96073         21 0.0000e+00
    141.000    139.571     0.4541  29.059111     0.4515  29.055887     5.1869     5.3320     0.0327    95.2128 1.0000e-12  -64.93358  -64.40041 343.378598      99.97 1.1475e+02    747.873      17950  1028.2881  1028.2871    34.4307    34.4294    7.94779         23 0.0000e+00
    142.000    140.560     0.4793  29.085627     0.4789  29.084553     5.1479     5.2957     0.0276    95.2388 1.0000e-12  -64.93358  -64.40042 343.378611      99.97 1.1459e+02    748.948      17976  1028.2958  1028.2950    34.4367    34.4358    7.94227         30 0.0000e+00
    143.000    141.550     0.5129  29.120298     0.5116  29.118414     5.1284     5.2667     0.0333    95.2514 1.0000e-12  -64.93358  -64.40042 343.378626      99.97 1.1459e+02    750.310      18008  1028.3039  1028.3032    34.4440    34.4429    7.93498         32 0.0000e+00
    144.000    142.539     0.5465  29.158958     0.5457  29.157335     5.1600     5.2536     0.0270    95.2795 1.0000e-12  -64.93357  -64.40042 343.378642      99.97 1.1459e+02    751.677      18041  1028.3163  1028.3154    34.4564    34.4552    7.92740         31 0.0000e+00
    145.000    143.529     0.5549  29.170076     0.5542  29.168455     5.1703     5.2547     0.0208    95.2871 1.0000e-12  -64.93356  -64.40042 343.378656      99.97 1.1459e+02    752.895      18070  1028.3246  1028.3235    34.4609    34.4595    7.92543         28 0.0000e+00
    146.000    144.519     0.5565  29.173403     0.5561  29.172158     5.2144     5.2705     0.0258    95.3144 1.0000e-12  -64.93356  -64.40043 343.378670      99.97 1.1459e+02    754.071      18099  1028.3313  1028.3303    34.4630    34.4617    7.92500         30 0.0000e+00
    147.000    145.506     0.5515  29.168691     0.5509  29.167033     5.1997     5.2621     0.0278    95.3497 1.0000e-12  -64.93356  -64.40044 343.378704      99.97 1.1580e+02    757.022      18170  1028.3364  1028.3350    34.4617    34.4603    7.92608         29 0.0000e+00
    148.000    146.497     0.5496  29.165416     0.5449  29.159580     5.1821     5.2455     0.0139    95.3661 1.0000e-12  -64.93356  -64.40043 343.378747      99.97 1.1819e+02    760.731      18259  1028.3397  1028.3383    34.4590    34.4566    7.92663         16 0.0000e+00
    149.000    147.485     0.5585  29.176495     0.5578  29.174355     5.1883     5.2458     0.0216    95.3824 1.0000e-12  -64.93356  -64.40042 343.378752      99.97 1.1797e+02    761.208      18270  1028.3468  1028.3452    34.4629    34.4609    7.92458         13 0.0000e+00
    150.000    148.479     0.5588  29.177460     0.5584  29.175998     5.1889     5.2437     0.0204    95.3735 1.0000e-12  -64.93357  -64.40041 343.378758      99.97 1.1680e+02    761.727      18282  1028.3519  1028.3508    34.4632    34.4618    7.92450         12 0.0000e+00
    151.000    149.466     0.5588  29.178184     0.5584  29.176687     5.1872     5.2433     0.0142    95.3757 1.0000e-12  -64.93358  -64.40040 343.378764      99.97 1.1634e+02    762.236      18295  1028.3570  1028.3558    34.4636    34.4620    7.92448         12 0.0000e+00
    152.000    150.452     0.5591  29.178844     0.5589  29.177555     5.1826     5.2425     0.0143    95.3865 1.0000e-12  -64.93357  -64.40040 343.378770      99.97 1.1635e+02    762.734      18307  1028.3617  1028.3606    34.4635    34.4621    7.92442         12 0.0000e+00
    153.000    151.446     0.5596  29.179945     0.5595  29.178910     5.1777     5.2449     0.0143    95.3755 1.0000e-12  -64.93356  -64.40040 343.378776      99.98 1.1635e+02    763.235      18319  1028.3668  1028.3658    34.4639    34.4626    7.92432         12 0.0000e+00
    154.000    152.434     0.5609  29.181705     0.5606  29.180405     5.1814     5.2495     0.0143    95.3513 1.0000e-12  -64.93356  -64.40041 343.378782      70.92 1.1635e+02    763.744      18331  1028.3717  1028.3706    34.4641    34.4627    7.92404         12 0.0000e+00
    155.000    153.427     0.5647  29.186019     0.5662  29.185834     5.1822     5.2519     0.0143    95.3532 1.0000e-12  -64.93356  -64.40042 343.378788      43.15 1.1635e+02    764.255      18343  1028.3766  1028.3751    34.4648    34.4629    7.92320         14 0.0000e+00
    156.000    154.412     0.5630  29.184907     0.5642  29.185407     5.1867     5.2456     0.0055    95.3357 1.0000e-12  -64.93356  -64.40043 343.378825     101.04 1.1635e+02    767.522      18422  1028.3819  1028.3812    34.4647    34.4640    7.92357         22 0.0000e+00
    157.000    155.402     0.5577  29.179749     0.5576  29.178578     5.1654     5.2217     0.0062    95.2814 1.0000e-12  -64.93356  -64.40043 343.378863      99.97 1.1635e+02    770.788      18500  1028.3861  1028.3850    34.4632    34.4618    7.92472         19 0.0000e+00
    158.000    156.392     0.5595  29.181273     0.5607  29.181795     5.1391     5.2081     0.0145    95.2455 1.0000e-12  -64.93356  -64.40042 343.378872      99.97 1.1635e+02    771.506      18517  1028.3902  1028.3897    34.4626    34.4620    7.92439         18 0.0000e+00
    159.000    157.383     0.5689  29.190164     0.5744  29.195196     5.1204     5.1940     0.0215    95.2713 1.0000e-12  -64.93356  -64.40044 343.378881      99.97 1.1626e+02    772.296      18536  1028.3947  1028.3944    34.4632    34.4637    7.92245         20 0.0000e+00
    160.000    158.370     0.5984  29.222981     0.5985  29.222194     5.1116     5.1807     0.0157    95.2474 1.0000e-12  -64.93356  -64.40042 343.378891      47.37 1.1564e+02    773.177      18557  1028.4042  1028.4034    34.4725    34.4714    7.91589         22 0.0000e+00
    161.000    159.360     0.6039  29.229379     0.6038  29.228450     5.0987     5.1685     0.0225    95.3176 1.0000e-12  -64.93356  -64.40044 343.378902      99.62 1.1475e+02    774.119      18580  1028.4099  1028.4091    34.4741    34.4730    7.91468         23 0.0000e+00
    162.000    160.351     0.6144  29.240215     0.6139  29.238888     5.0824     5.1569     0.0251    95.3326 1.0000e-12  -64.93356  -64.40042 343.378913      99.97 1.1459e+02    775.078      18603  1028.4153  1028.4144    34.4759    34.4748    7.91243         23 0.0000e+00
    163.000    161.339     0.6324  29.259319     0.6322  29.258127     5.0703     5.1452     0.0175    95.3208 1.0000e-12  -64.93356  -64.40045 343.378927      99.97 1.1459e+02    776.248      18631  1028.4220  1028.4210    34.4802    34.4789    7.90854         34 0.0000e+00
    164.000    162.330     0.6465  29.274481     0.6477  29.274577     5.0568     5.1323     0.0116    95.3810 1.0000e-12  -64.93356  -64.40045 343.378947      99.97 1.1545e+02    778.010      18673  1028.4286  1028.4276    34.4836    34.4825    7.90546         35 0.0000e+00
    165.000    163.318     0.6573  29.286394     0.6575  29.285256     5.0545     5.1204     0.0143    95.4017 1.0000e-12  -64.93356  -64.40046 343.378964      99.97 1.1636e+02    779.515      18709  1028.4349  1028.4336    34.4865    34.4848    7.90311         29 0.0000e+00
    166.000    164.308     0.6607  29.290142     0.6603  29.288729     5.0549     5.1147     0.0099    95.4374 1.0000e-12  -64.93356  -64.40045 343.378977      99.97 1.1635e+02    780.582      18735  1028.4400  1028.4390    34.4870    34.4856    7.90239         22 0.0000e+00
    167.000    165.297     0.6638  29.293727     0.6630  29.292036     5.0630     5.1198     0.0123    95.4379 1.0000e-12  -64.93356  -64.40044 343.378987      99.97 1.1635e+02    781.484      18757  1028.4451  1028.4442    34.4876    34.4863    7.90172         22 0.0000e+00
    168.000    166.285     0.6646  29.294854     0.6640  29.293407     5.0502     5.1076     0.0070    95.4355 1.0000e-12  -64.93356  -64.40044 343.378997      99.97 1.1635e+02    782.355      18778  1028.4500  1028.4490    34.4877    34.4863    7.90157         21 0.0000e+00
    169.000    167.277     0.6701  29.300561     0.6698  29.299193     5.0268     5.0968     0.0219    95.4379 1.0000e-12  -64.93356  -64.40044 343.379008      99.98 1.1537e+02    783.253      18799  1028.4549  1028.4538    34.4883    34.4868    7.90040         20 0.0000e+00
    170.000    168.265     0.6917  29.321681     0.6919  29.320516     5.0390     5.1002     0.0098    95.4490 1.0000e-12  -64.93356  -64.40044 343.379021      99.97 1.1520e+02    784.406      18827  1028.4600  1028.4586    34.4911    34.4894    7.89585         32 0.0000e+00
    171.000    169.254     0.6911  29.320818     0.6918  29.322622     4.9992     5.0745     0.0126    95.4409 1.0000e-12  -64.93356  -64.40046 343.379065      99.97 1.1633e+02    788.242      18919  1028.4646  1028.4656    34.4901    34.4916    7.89604         27 0.0000e+00
    172.000    170.245     0.7253  29.357691     0.7181  29.347264     4.9760     5.0545     0.0091    95.4050 1.0000e-12  -64.93356  -64.40046 343.379080      99.97 1.1635e+02    789.502      18949  1028.4737  1028.4701    34.4993    34.4938    7.88857         20 0.0000e+00
    173.000    171.233     0.7332  29.367175     0.7329  29.365924     4.9648     5.0427     0.0050    95.4041 1.0000e-12  -64.93356  -64.40046 343.379088      99.97 1.1579e+02    790.238      18967  1028.4803  1028.4792    34.5022    34.5009    7.88681         16 0.0000e+00
    174.000    172.221     0.7344  29.368628     0.7339  29.367314     4.9713     5.0441    -0.0010    95.4215 1.0000e-12  -64.93356  -64.40046 343.379096      99.97 1.1458e+02    790.861      18982  1028.4850  1028.4841    34.5022    34.5011    7.88657         14 0.0000e+00
    175.000    173.212     0.7397  29.374147     0.7386  29.372233     4.9808     5.0438    -0.0009    95.4122 1.0000e-12  -64.93356  -64.40046 343.379102      99.98 1.1459e+02    791.433      18995  1028.4900  1028.4889    34.5029    34.5016    7.88546         14 0.0000e+00
    176.000    174.201     0.7457  29.381693     0.7471  29.381755     4.9804     5.0401    -0.0014    95.3867 1.0000e-12  -64.93356  -64.40046 343.379109      99.97 1.1459e+02    792.014      19009  1028.4962  1028.4950    34.5054    34.5040    7.88409         14 0.0000e+00
    177.000    175.190     0.7457  29.382372     0.7452  29.381205     4.9770     5.0375     0.0029    95.3864 1.0000e-12  -64.93356  -64.40045 343.379116      99.97 1.1459e+02    792.654      19025  1028.5014  1028.5006    34.5057    34.5048    7.88408         17 0.0000e+00
    178.000    176.181     0.7455  29.382219     0.7455  29.381376     4.9645     5.0328     0.0088    95.3864 1.0000e-12  -64.93356  -64.40044 343.379126      99.97 1.1459e+02    793.480      19045  1028.5058  1028.5048    34.5051    34.5040    7.88415         24 0.0000e+00
