NBP2113_155081_ctd/data/dnbp2113_026.cnv
* Sea-Bird SBE 9 Data File:
* FileName = D:\Data\raw\NBP2113_026.hex
* Software Version Seasave V 7.26.7.121
* Temperature SN = 2438
* Conductivity SN = 2067
* Number of Bytes Per Scan = 40
* Number of Voltage Words = 5
* Number of Scans Averaged by the Deck Unit = 1
* NMEA Latitude = 68 01.82 S
* NMEA Longitude = 069 17.18 W
* NMEA UTC (Time) = Dec 04 2021  00:09:45
* NMEA baud rate = 9600
** Ship: RVIB N.B. Palmer
** Cruise: NBP2113 LTER
** Station: 200.-040
** Operator: S. Blackman
# nquan = 25
# nvalues = 460                         
# units = specified
# name 0 = prDM: Pressure, Digiquartz [db]
# name 1 = depSM: Depth [salt water, m]
# name 2 = t090C: Temperature [ITS-90, deg C]
# name 3 = c0mS/cm: Conductivity [mS/cm]
# name 4 = t190C: Temperature, 2 [ITS-90, deg C]
# name 5 = c1mS/cm: Conductivity, 2 [mS/cm]
# name 6 = sbeox0ML/L: Oxygen, SBE 43 [ml/l]
# name 7 = sbeox1ML/L: Oxygen, SBE 43, 2 [ml/l]
# name 8 = flECO-AFL: Fluorescence, WET Labs ECO-AFL/FL [mg/m^3]
# name 9 = CStarTr0: Beam Transmission, WET Labs C-Star [%]
# name 10 = par: PAR/Irradiance, Biospherical/Licor
# name 11 = latitude: Latitude [deg]
# name 12 = longitude: Longitude [deg]
# name 13 = timeJ: Julian Days
# name 14 = altM: Altimeter [m]
# name 15 = spar: SPAR, Biospherical/Licor
# name 16 = timeS: Time, Elapsed [seconds]
# name 17 = scan: Scan Count
# name 18 = density00: Density [density, kg/m^3]
# name 19 = density11: Density, 2 [density, kg/m^3]
# name 20 = sal00: Salinity, Practical [PSU]
# name 21 = sal11: Salinity, Practical, 2 [PSU]
# name 22 = oxsolML/L: Oxygen Saturation, Garcia & Gordon [ml/l]
# name 23 = nbin: number of scans per bin
# name 24 = flag: flag
# span 0 =      4.000,    463.000       
# span 1 =      3.960,    457.853       
# span 2 =    -1.2277,     1.3992       
# span 3 =  27.186184,  30.200971       
# span 4 =    -1.2269,     1.3987       
# span 5 =  27.184535,  30.199674       
# span 6 =     4.0084,     8.3591       
# span 7 =     4.0520,     8.3696       
# span 8 =    -0.0191,     2.3507       
# span 9 =    88.6985,    96.9034       
# span 10 = 1.0000e-12, 7.1997e+01      
# span 11 =  -68.03038,  -68.02984      
# span 12 =  -69.28797,  -69.28596      
# span 13 = 338.010309, 338.019699      
# span 14 =       1.07,     128.98      
# span 15 = 1.5965e+02, 2.0626e+02      
# span 16 =    305.716,   1116.976      
# span 17 =       7338,      26808      
# span 18 =  1027.1948,  1029.9497      
# span 19 =  1027.1930,  1029.9485      
# span 20 =    33.7958,    34.6921      
# span 21 =    33.7935,    34.6908      
# span 22 =    7.74355,    8.34047      
# span 23 =         10,         45      
# span 24 = 0.0000e+00, 0.0000e+00      
# interval = decibars: 1                
# start_time = Dec 04 2021 00:09:45 [NMEA time, header]
# bad_flag = -9.990e-29
*END*
[from data line 232]
    236.000    233.503     0.6283  29.286943     0.6329  29.289979     4.4485     4.5694     0.0112    96.6447 1.0000e-12  -68.03018  -69.28646 338.015664      99.97 1.8158e+02    768.394      18442  1028.7636  1028.7623    34.4774    34.4762    7.90952         22 0.0000e+00
    237.000    234.495     0.6932  29.353518     0.6937  29.352690     4.4378     4.5607     0.0144    96.6203 1.0000e-12  -68.03018  -69.28646 338.015672      99.97 1.8158e+02    769.062      18458  1028.7737  1028.7723    34.4912    34.4895    7.89555         17 0.0000e+00
    238.000    235.481     0.7270  29.387311     0.7250  29.384178     4.4399     4.5517     0.0143    96.6169 1.0000e-12  -68.03018  -69.28645 338.015679      99.98 1.8158e+02    769.684      18473  1028.7801  1028.7789    34.4968    34.4950    7.88837         14 0.0000e+00
    239.000    236.471     0.7276  29.388273     0.7271  29.386540     4.4301     4.5368     0.0117    96.6453 1.0000e-12  -68.03018  -69.28644 338.015686      99.98 1.8158e+02    770.251      18487  1028.7852  1028.7839    34.4969    34.4952    7.88825         14 0.0000e+00
    240.000    237.463     0.7262  29.387425     0.7256  29.385981     4.4041     4.5126     0.0071    96.6498 1.0000e-12  -68.03018  -69.28645 338.015693      99.98 1.7988e+02    770.833      18501  1028.7903  1028.7894    34.4967    34.4955    7.88854         14 0.0000e+00
    241.000    238.450     0.7395  29.403150     0.7410  29.403820     4.3626     4.4832     0.0073    96.6586 1.0000e-12  -68.03018  -69.28646 338.015700      99.97 1.7981e+02    771.489      18517  1028.7982  1028.7974    34.5018    34.5009    7.88556         17 0.0000e+00
    242.000    239.439     0.7651  29.428525     0.7658  29.428489     4.3165     4.4469     0.0094    96.6969 1.0000e-12  -68.03018  -69.28646 338.015710      99.97 1.7981e+02    772.357      18538  1028.8040  1028.8033    34.5055    34.5047    7.88015         26 0.0000e+00
    243.000    240.427     0.8462  29.511992     0.8453  29.510602     4.2740     4.4114     0.0145    96.6952 1.0000e-12  -68.03018  -69.28649 338.015725      99.97 1.7981e+02    773.663      18569  1028.8158  1028.8152    34.5230    34.5222    7.86279         35 0.0000e+00
    244.000    241.416     0.8743  29.542381     0.8738  29.541497     4.2835     4.3974    -0.0018    96.6941 1.0000e-12  -68.03016  -69.28652 338.015743      99.98 1.8035e+02    775.240      18607  1028.8250  1028.8246    34.5305    34.5299    7.85671         42 0.0000e+00
    245.000    242.405     0.8826  29.550404     0.8859  29.553640     4.2860     4.3786     0.0048    96.7095 1.0000e-12  -68.03016  -69.28653 338.015772      99.98 1.8014e+02    777.718      18666  1028.8311  1028.8311    34.5311    34.5316    7.85501         33 0.0000e+00
    246.000    243.394     0.9152  29.585773     0.9149  29.585076     4.2647     4.3457     0.0006    96.7760 1.0000e-12  -68.03016  -69.28651 338.015798      99.97 1.7979e+02    779.950      18720  1028.8408  1028.8405    34.5400    34.5395    7.84796         29 0.0000e+00
    247.000    244.382     0.9303  29.602623     0.9305  29.601842     4.2636     4.3426     0.0088    96.8094 1.0000e-12  -68.03016  -69.28650 338.015808      99.98 1.7981e+02    780.842      18741  1028.8480  1028.8470    34.5444    34.5431    7.84467         18 0.0000e+00
    248.000    245.371     0.9332  29.605978     0.9335  29.605092     4.2678     4.3377     0.0084    96.8202 1.0000e-12  -68.03016  -69.28650 338.015816      99.98 1.7981e+02    781.522      18758  1028.8531  1028.8520    34.5449    34.5435    7.84406         15 0.0000e+00
    249.000    246.361     0.9345  29.607744     0.9340  29.606166     4.2623     4.3358     0.0079    96.8323 1.0000e-12  -68.03016  -69.28650 338.015823      99.97 1.7981e+02    782.116      18772  1028.8583  1028.8571    34.5452    34.5437    7.84379         14 0.0000e+00
    250.000    247.348     0.9361  29.610115     0.9354  29.608294     4.2612     4.3379     0.0074    96.8267 1.0000e-12  -68.03016  -69.28651 338.015830      99.98 1.7981e+02    782.712      18786  1028.8636  1028.8624    34.5459    34.5443    7.84342         15 0.0000e+00
    251.000    248.336     0.9395  29.614282     0.9368  29.610168     4.2665     4.3381     0.0031    96.8179 1.0000e-12  -68.03016  -69.28652 338.015838      99.98 1.7981e+02    783.369      18802  1028.8691  1028.8675    34.5470    34.5446    7.84269         17 0.0000e+00
    252.000    249.328     0.9389  29.614030     0.9393  29.613365     4.2670     4.3372    -0.0049    96.8196 1.0000e-12  -68.03016  -69.28652 338.015848      99.98 1.7981e+02    784.285      18824  1028.8740  1028.8729    34.5467    34.5454    7.84283         30 0.0000e+00
    253.000    250.315     0.9402  29.615667     0.9398  29.614101     4.2763     4.3387     0.0004    96.8221 1.0000e-12  -68.03016  -69.28655 338.015873      99.97 1.7981e+02    786.463      18876  1028.8793  1028.8781    34.5467    34.5452    7.84256         33 0.0000e+00
    254.000    251.304     0.9412  29.616771     0.9400  29.614770     4.2775     4.3313     0.0008    96.8347 1.0000e-12  -68.03016  -69.28656 338.015896      99.98 1.7981e+02    788.406      18923  1028.8841  1028.8832    34.5465    34.5452    7.84237         30 0.0000e+00
    255.000    252.291     0.9420  29.618142     0.9416  29.616961     4.2693     4.3170     0.0085    96.8346 1.0000e-12  -68.03014  -69.28658 338.015909      99.98 1.7981e+02    789.526      18950  1028.8891  1028.8883    34.5467    34.5457    7.84219         25 0.0000e+00
    256.000    253.282     0.9454  29.622374     0.9454  29.621650     4.2668     4.3167     0.0092    96.8343 1.0000e-12  -68.03014  -69.28659 338.015921      99.98 1.7981e+02    790.580      18975  1028.8946  1028.8938    34.5479    34.5469    7.84144         26 0.0000e+00
    257.000    254.271     0.9568  29.635324     0.9567  29.634388     4.2851     4.3207     0.0001    96.8323 1.0000e-12  -68.03014  -69.28659 338.015934      99.97 1.7981e+02    791.654      19001  1028.9011  1028.9003    34.5513    34.5503    7.83897         26 0.0000e+00
    258.000    255.259     0.9670  29.647338     0.9669  29.646216     4.2478     4.2931    -0.0004    96.8509 1.0000e-12  -68.03014  -69.28659 338.015945      99.98 1.7904e+02    792.673      19025  1028.9079  1028.9068    34.5550    34.5536    7.83673         23 0.0000e+00
    259.000    256.249     0.9816  29.665439     0.9813  29.664017     4.1930     4.2663     0.0072    96.8380 1.0000e-12  -68.03014  -69.28659 338.015957      99.97 1.7812e+02    793.646      19049  1028.9166  1028.9154    34.5615    34.5600    7.83343         24 0.0000e+00
    260.000    257.236     1.0748  29.764334     1.0737  29.763674     4.1745     4.2589     0.0083    96.8285 1.0000e-12  -68.03014  -69.28659 338.015970      99.97 1.7935e+02    794.794      19076  1028.9310  1028.9315    34.5849    34.5853    7.81351         32 0.0000e+00
    261.000    258.225     1.1285  29.825052     1.1283  29.823979     4.1746     4.2446     0.0085    96.8209 1.0000e-12  -68.03013  -69.28660 338.015990      99.98 1.7982e+02    796.560      19118  1028.9458  1028.9449    34.6029    34.6017    7.80182         42 0.0000e+00
    262.000    259.214     1.1406  29.840741     1.1403  29.839870     4.1484     4.2292    -0.0064    96.8267 1.0000e-12  -68.03013  -69.28660 338.016008      99.98 1.7967e+02    798.087      19155  1028.9550  1028.9544    34.6090    34.6082    7.79907         26 0.0000e+00
    263.000    260.202     1.1676  29.871135     1.1694  29.871781     4.1449     4.2272    -0.0021    96.8245 1.0000e-12  -68.03012  -69.28660 338.016019      99.97 1.7818e+02    799.012      19177  1028.9642  1028.9631    34.6175    34.6163    7.79324         20 0.0000e+00
    264.000    261.193     1.1833  29.887701     1.1823  29.885718     4.1562     4.2221    -0.0021    96.8075 1.0000e-12  -68.03013  -69.28660 338.016027      99.97 1.7805e+02    799.749      19195  1028.9704  1028.9693    34.6207    34.6193    7.78994         17 0.0000e+00
    265.000    262.180     1.1837  29.888567     1.1830  29.886836     4.1568     4.2182    -0.0076    96.8027 1.0000e-12  -68.03014  -69.28660 338.016035      99.98 1.7805e+02    800.444      19212  1028.9755  1028.9743    34.6209    34.6194    7.78987         17 0.0000e+00
    266.000    263.168     1.1848  29.890223     1.1845  29.888748     4.1482     4.2194    -0.0025    96.8026 1.0000e-12  -68.03014  -69.28660 338.016044      99.98 1.7805e+02    801.185      19229  1028.9806  1028.9795    34.6211    34.6197    7.78962         19 0.0000e+00
    267.000    264.157     1.1847  29.890318     1.1841  29.888718     4.1553     4.2206    -0.0044    96.8019 1.0000e-12  -68.03012  -69.28662 338.016070      99.98 1.7805e+02    803.486      19285  1028.9859  1028.9848    34.6209    34.6195    7.78967         34 0.0000e+00
    268.000    265.147     1.1883  29.894539     1.1899  29.895421     4.1548     4.2083    -0.0050    96.7956 1.0000e-12  -68.03012  -69.28666 338.016105      99.98 1.7805e+02    806.502      19357  1028.9918  1028.9911    34.6217    34.6210    7.78891         19 0.0000e+00
    269.000    266.134     1.1984  29.905837     1.1981  29.904169     4.1582     4.2150     0.0003    96.7833 1.0000e-12  -68.03012  -69.28666 338.016112      99.98 1.7805e+02    807.112      19372  1028.9977  1028.9964    34.6244    34.6227    7.78675         15 0.0000e+00
    270.000    267.125     1.2001  29.907615     1.1997  29.906282     4.1614     4.2200    -0.0004    96.7731 1.0000e-12  -68.03012  -69.28665 338.016119      99.98 1.7805e+02    807.693      19386  1029.0023  1029.0013    34.6242    34.6230    7.78642         14 0.0000e+00
    271.000    268.113     1.1949  29.902456     1.1942  29.900844     4.1642     4.2167    -0.0004    96.7684 1.0000e-12  -68.03012  -69.28664 338.016125      99.98 1.7805e+02    808.220      19398  1029.0066  1029.0055    34.6228    34.6215    7.78754         12 0.0000e+00
    272.000    269.099     1.1919  29.899656     1.1919  29.898695     4.1707     4.2135    -0.0048    96.7611 1.0000e-12  -68.03012  -69.28664 338.016131      99.98 1.7805e+02    808.744      19411  1029.0109  1029.0099    34.6219    34.6207    7.78817         13 0.0000e+00
    273.000    270.091     1.1936  29.902053     1.1926  29.900035     4.1743     4.2141    -0.0071    96.7730 1.0000e-12  -68.03012  -69.28664 338.016138      99.98 1.7805e+02    809.311      19424  1029.0161  1029.0149    34.6226    34.6211    7.78781         15 0.0000e+00
    274.000    271.080     1.1934  29.902354     1.1939  29.901775     4.1618     4.2154    -0.0011    96.7595 1.0000e-12  -68.03012  -69.28664 338.016149      99.97 1.7805e+02    810.284      19448  1029.0209  1029.0198    34.6225    34.6213    7.78784         24 0.0000e+00
    275.000    272.066     1.1944  29.904125     1.1962  29.905034     4.1374     4.2008     0.0072    96.7828 1.0000e-12  -68.03012  -69.28669 338.016198      99.98 1.7805e+02    814.507      19549  1029.0265  1029.0256    34.6232    34.6224    7.78762         31 0.0000e+00
    276.000    273.056     1.2135  29.924688     1.2147  29.925418     4.1418     4.1958    -0.0075    96.7828 1.0000e-12  -68.03012  -69.28670 338.016213      99.98 1.7805e+02    815.779      19580  1029.0330  1029.0326    34.6278    34.6274    7.78357         26 0.0000e+00
    277.000    274.043     1.2162  29.928385     1.2162  29.927500     4.1378     4.1955    -0.0007    96.7542 1.0000e-12  -68.03012  -69.28670 338.016225      99.97 1.7805e+02    816.801      19604  1029.0385  1029.0376    34.6289    34.6278    7.78297         23 0.0000e+00
    278.000    275.033     1.2185  29.931198     1.2179  29.929785     4.1383     4.1909     0.0012    96.8015 1.0000e-12  -68.03012  -69.28670 338.016234      99.98 1.7805e+02    817.651      19625  1029.0434  1029.0426    34.6294    34.6283    7.78249         18 0.0000e+00
    279.000    276.022     1.2191  29.932547     1.2188  29.931102     4.1340     4.1913     0.0019    96.7944 1.0000e-12  -68.03012  -69.28670 338.016243      99.97 1.7805e+02    818.377      19642  1029.0485  1029.0474    34.6298    34.6284    7.78234         16 0.0000e+00
    280.000    277.010     1.2223  29.936183     1.2216  29.934737     4.1298     4.1903     0.0093    96.7815 1.0000e-12  -68.03012  -69.28670 338.016250      99.97 1.7805e+02    819.030      19658  1029.0535  1029.0526    34.6305    34.6293    7.78168         16 0.0000e+00
    281.000    278.001     1.2136  29.927026     1.2197  29.932500     4.1252     4.1888    -0.0012    96.7579 1.0000e-12  -68.03012  -69.28671 338.016258      99.97 1.7805e+02    819.679      19673  1029.0569  1029.0565    34.6277    34.6280    7.78355         16 0.0000e+00
    282.000    278.988     1.2191  29.934007     1.2182  29.932281     4.1320     4.1925    -0.0074    96.7549 1.0000e-12  -68.03012  -69.28672 338.016266      99.97 1.7805e+02    820.424      19691  1029.0629  1029.0621    34.6300    34.6288    7.78233         21 0.0000e+00
    283.000    279.978     1.2169  29.931695     1.2204  29.934518     4.1434     4.1919    -0.0034    96.7934 1.0000e-12  -68.03010  -69.28673 338.016289      99.97 1.7739e+02    822.336      19737  1029.0672  1029.0666    34.6290    34.6287    7.78284         33 0.0000e+00
    284.000    280.965     1.2263  29.942155     1.2255  29.940795     4.1356     4.1851    -0.0077    96.7770 1.0000e-12  -68.03011  -69.28674 338.016319      99.98 1.7622e+02    824.934      19799  1029.0729  1029.0723    34.6313    34.6304    7.78084         24 0.0000e+00
    285.000    281.954     1.2257  29.942200     1.2268  29.942311     4.1352     4.1819    -0.0077    96.7725 1.0000e-12  -68.03012  -69.28673 338.016327      99.98 1.7629e+02    825.658      19817  1029.0778  1029.0770    34.6314    34.6304    7.78094         18 0.0000e+00
    286.000    282.943     1.2294  29.946757     1.2287  29.944943     4.1378     4.1861    -0.0077    96.7965 1.0000e-12  -68.03012  -69.28672 338.016335      99.97 1.7629e+02    826.373      19834  1029.0831  1029.0820    34.6326    34.6311    7.78015         17 0.0000e+00
    287.000    283.930     1.2341  29.951735     1.2296  29.946244     4.1362     4.1890    -0.0077    96.7911 1.0000e-12  -68.03012  -69.28672 338.016345      99.97 1.7629e+02    827.168      19853  1029.0879  1029.0867    34.6332    34.6311    7.77919         22 0.0000e+00
    288.000    284.920     1.2264  29.943914     1.2281  29.944810     4.1354     4.1837    -0.0037    96.7937 1.0000e-12  -68.03012  -69.28672 338.016358      99.97 1.7629e+02    828.326      19881  1029.0918  1029.0911    34.6311    34.6304    7.78083         35 0.0000e+00
    289.000    285.910     1.2336  29.952753     1.2330  29.951457     4.1307     4.1813    -0.0060    96.7952 1.0000e-12  -68.03012  -69.28673 338.016377      99.98 1.7629e+02    829.987      19921  1029.0980  1029.0973    34.6339    34.6329    7.77925         38 0.0000e+00
    290.000    286.898     1.2404  29.959851     1.2401  29.958669     4.1283     4.1798    -0.0039    96.8070 1.0000e-12  -68.03010  -69.28677 338.016397      99.98 1.7629e+02    831.670      19961  1029.1029  1029.1020    34.6349    34.6337    7.77785         34 0.0000e+00
    291.000    287.886     1.2405  29.960210     1.2399  29.958787     4.1338     4.1790    -0.0057    96.8186 1.0000e-12  -68.03010  -69.28678 338.016413      99.97 1.7629e+02    833.043      19994  1029.1076  1029.1066    34.6347    34.6335    7.77784         29 0.0000e+00
    292.000    288.873     1.2392  29.959201     1.2391  29.958342     4.1328     4.1774    -0.0077    96.7996 1.0000e-12  -68.03010  -69.28678 338.016425      99.98 1.7629e+02    834.159      20021  1029.1121  1029.1113    34.6342    34.6333    7.77813         25 0.0000e+00
