NBP2113_155081_ctd/data/dnbp2113_069.cnv
* Sea-Bird SBE 9 Data File:
* FileName = D:\Data\raw\NBP2113_069.hex
* Software Version Seasave V 7.26.7.121
* Temperature SN = 2438
* Conductivity SN = 2067
* Number of Bytes Per Scan = 40
* Number of Voltage Words = 5
* Number of Scans Averaged by the Deck Unit = 1
* NMEA Latitude = 63 45.12 S
* NMEA Longitude = 061 34.51 W
* NMEA UTC (Time) = Dec 15 2021  06:13:07
* NMEA baud rate = 9600
** Ship: RVIB N.B. Palmer
** Cruise: NBP2113 LTER
** Station: 788.019
** Operator: B. Urmston
# nquan = 25
# nvalues = 585                         
# units = specified
# name 0 = prDM: Pressure, Digiquartz [db]
# name 1 = depSM: Depth [salt water, m]
# name 2 = t090C: Temperature [ITS-90, deg C]
# name 3 = c0mS/cm: Conductivity [mS/cm]
# name 4 = t190C: Temperature, 2 [ITS-90, deg C]
# name 5 = c1mS/cm: Conductivity, 2 [mS/cm]
# name 6 = sbeox0ML/L: Oxygen, SBE 43 [ml/l]
# name 7 = sbeox1ML/L: Oxygen, SBE 43, 2 [ml/l]
# name 8 = flECO-AFL: Fluorescence, WET Labs ECO-AFL/FL [mg/m^3]
# name 9 = CStarTr0: Beam Transmission, WET Labs C-Star [%]
# name 10 = par: PAR/Irradiance, Biospherical/Licor
# name 11 = latitude: Latitude [deg]
# name 12 = longitude: Longitude [deg]
# name 13 = timeJ: Julian Days
# name 14 = altM: Altimeter [m]
# name 15 = spar: SPAR, Biospherical/Licor
# name 16 = timeS: Time, Elapsed [seconds]
# name 17 = scan: Scan Count
# name 18 = density00: Density [density, kg/m^3]
# name 19 = density11: Density, 2 [density, kg/m^3]
# name 20 = sal00: Salinity, Practical [PSU]
# name 21 = sal11: Salinity, Practical, 2 [PSU]
# name 22 = oxsolML/L: Oxygen Saturation, Garcia & Gordon [ml/l]
# name 23 = nbin: number of scans per bin
# name 24 = flag: flag
# span 0 =      4.000,    588.000       
# span 1 =      3.965,    581.461       
# span 2 =    -0.6570,     0.3781       
# span 3 =  28.245708,  28.639358       
# span 4 =    -0.6568,     0.3724       
# span 5 =  28.244446,  28.633981       
# span 6 =     6.0279,     7.5680       
# span 7 =     6.0917,     7.6147       
# span 8 =    -0.0296,     1.8456       
# span 9 =    82.5033,    90.4481       
# span 10 = 1.0000e-12, 3.7398e+00      
# span 11 =  -63.75190,  -63.75144      
# span 12 =  -61.57544,  -61.57533      
# span 13 = 349.262050, 349.273168      
# span 14 =     -32.06,     100.45      
# span 15 = 1.7629e+00, 5.2902e+00      
# span 16 =    254.081,   1214.701      
# span 17 =       6099,      29154      
# span 18 =  1027.3397,  1030.5459      
# span 19 =  1027.3349,  1030.5445      
# span 20 =    34.0467,    34.5270      
# span 21 =    34.0442,    34.5254      
# span 22 =    7.98483,    8.17925      
# span 23 =          9,         45      
# span 24 = 0.0000e+00, 0.0000e+00      
# interval = decibars: 1                
# start_time = Dec 15 2021 06:13:07 [NMEA time, header]
# bad_flag = -9.990e-29
*END*
[from data line 348]
    352.000    348.284    -0.6413  28.266958    -0.6412  28.265862     6.2378     6.2915     0.0041    90.3769 1.0000e-12  -63.75148  -61.57542 349.269104      99.97 3.5258e+00    863.563      20727  1029.3998  1029.3986    34.4852    34.4836    8.17559         29 0.0000e+00
    353.000    349.274    -0.6392  28.269867    -0.6395  28.268311     6.2403     6.2936    -0.0052    90.3407 1.0000e-12  -63.75148  -61.57542 349.269116      99.97 3.5258e+00    864.637      20752  1029.4052  1029.4038    34.4861    34.4844    8.17509         24 0.0000e+00
    354.000    350.261    -0.6388  28.271004    -0.6390  28.269627     6.2306     6.2913    -0.0072    90.3602 1.0000e-12  -63.75148  -61.57542 349.269129      99.97 3.5258e+00    865.780      20780  1029.4103  1029.4090    34.4866    34.4849    8.17498         30 0.0000e+00
    355.000    351.250    -0.6367  28.273630    -0.6369  28.272180     6.2227     6.2771    -0.0077    90.3739 1.0000e-12  -63.75148  -61.57542 349.269144      99.97 3.5258e+00    867.069      20811  1029.4154  1029.4139    34.4871    34.4853    8.17449         34 0.0000e+00
    356.000    352.238    -0.6340  28.277522    -0.6340  28.276213     6.2161     6.2769    -0.0077    90.3750 1.0000e-12  -63.75150  -61.57542 349.269162      99.97 3.5258e+00    868.589      20847  1029.4211  1029.4198    34.4887    34.4869    8.17382         34 0.0000e+00
    357.000    353.228    -0.6320  28.280767    -0.6318  28.279763     6.2188     6.2738    -0.0077    90.3765 1.0000e-12  -63.75150  -61.57542 349.269179      99.97 3.5258e+00    870.105      20884  1029.4271  1029.4257    34.4902    34.4886    8.17331         34 0.0000e+00
    358.000    354.216    -0.6329  28.280250    -0.6327  28.279288     6.2237     6.2764    -0.0150    90.3918 1.0000e-12  -63.75150  -61.57542 349.269195      99.97 3.5258e+00    871.464      20916  1029.4317  1029.4304    34.4899    34.4884    8.17352         31 0.0000e+00
    359.000    355.204    -0.6327  28.280956    -0.6329  28.279371     6.2187     6.2803    -0.0150    90.3766 1.0000e-12  -63.75150  -61.57542 349.269210      99.97 3.5258e+00    872.719      20946  1029.4365  1029.4350    34.4900    34.4881    8.17346         29 0.0000e+00
    360.000    356.193    -0.6328  28.281412    -0.6328  28.279936     6.2234     6.2825    -0.0150    90.3219 1.0000e-12  -63.75150  -61.57542 349.269224      99.97 3.5258e+00    873.927      20975  1029.4413  1029.4398    34.4901    34.4881    8.17347         30 0.0000e+00
    361.000    357.182    -0.6329  28.281605    -0.6327  28.280392     6.2202     6.2768    -0.0150    90.3503 1.0000e-12  -63.75150  -61.57542 349.269240      99.97 3.5258e+00    875.371      21010  1029.4459  1029.4445    34.4899    34.4881    8.17351         35 0.0000e+00
    362.000    358.170    -0.6326  28.282298    -0.6323  28.281198     6.2155     6.2688    -0.0099    90.3824 1.0000e-12  -63.75150  -61.57542 349.269262      99.97 3.5258e+00    877.211      21054  1029.4507  1029.4492    34.4898    34.4881    8.17345         40 0.0000e+00
    363.000    359.157    -0.6312  28.284008    -0.6318  28.282130     6.2199     6.2674    -0.0039    90.3911 1.0000e-12  -63.75150  -61.57542 349.269277      99.97 3.5258e+00    878.556      21086  1029.4554  1029.4540    34.4899    34.4881    8.17313         26 0.0000e+00
    364.000    360.147    -0.6307  28.284855    -0.6307  28.283691     6.2184     6.2712    -0.0077    90.4170 1.0000e-12  -63.75150  -61.57542 349.269287      99.97 3.5258e+00    879.426      21107  1029.4601  1029.4588    34.4900    34.4883    8.17304         17 0.0000e+00
    365.000    361.137    -0.6300  28.286156    -0.6304  28.284618     6.2157     6.2699    -0.0077    90.4090 1.0000e-12  -63.75150  -61.57542 349.269295      99.97 3.5258e+00    880.138      21124  1029.4651  1029.4638    34.4902    34.4886    8.17286         17 0.0000e+00
    366.000    362.124    -0.6307  28.285674    -0.6311  28.283870     6.2175     6.2687    -0.0129    90.3928 1.0000e-12  -63.75150  -61.57542 349.269304      99.97 3.5258e+00    880.850      21141  1029.4695  1029.4680    34.4898    34.4878    8.17304         19 0.0000e+00
    367.000    363.113    -0.6296  28.287221    -0.6294  28.285967     6.2194     6.2720    -0.0145    90.3801 1.0000e-12  -63.75150  -61.57542 349.269324      99.97 3.5258e+00    882.572      21183  1029.4744  1029.4728    34.4901    34.4881    8.17279         34 0.0000e+00
    368.000    364.101    -0.6296  28.287468    -0.6302  28.285672     6.2201     6.2683    -0.0150    90.3750 1.0000e-12  -63.75150  -61.57540 349.269356      99.97 3.5258e+00    885.337      21249  1029.4790  1029.4777    34.4898    34.4881    8.17281         28 0.0000e+00
    369.000    365.090    -0.6275  28.289966    -0.6287  28.287467     6.2072     6.2640    -0.0111    90.3774 1.0000e-12  -63.75150  -61.57540 349.269366      99.97 3.5258e+00    886.194      21270  1029.4838  1029.4823    34.4901    34.4882    8.17233         19 0.0000e+00
    370.000    366.079    -0.6255  28.292638    -0.6252  28.291858     6.2059     6.2670    -0.0076    90.3175 1.0000e-12  -63.75150  -61.57541 349.269374      99.97 3.5258e+00    886.909      21287  1029.4890  1029.4878    34.4909    34.4894    8.17186         16 0.0000e+00
    371.000    367.067    -0.6252  28.293667    -0.6252  28.292311     6.2102     6.2673    -0.0072    90.3513 1.0000e-12  -63.75150  -61.57542 349.269382      99.97 3.5258e+00    887.575      21303  1029.4941  1029.4927    34.4913    34.4895    8.17177         16 0.0000e+00
    372.000    368.056    -0.6256  28.294000    -0.6257  28.292677     6.2094     6.2653    -0.0108    90.3543 1.0000e-12  -63.75150  -61.57542 349.269390      99.97 3.5258e+00    888.291      21320  1029.4992  1029.4978    34.4916    34.4899    8.17184         19 0.0000e+00
    373.000    369.044    -0.6260  28.294387    -0.6257  28.293240     6.2136     6.2642    -0.0113    90.3582 1.0000e-12  -63.75150  -61.57542 349.269403      99.97 3.5258e+00    889.417      21347  1029.5042  1029.5027    34.4919    34.4901    8.17190         38 0.0000e+00
    374.000    370.034    -0.6263  28.294657    -0.6264  28.293065     6.2134     6.2672    -0.0110    90.3831 1.0000e-12  -63.75150  -61.57542 349.269426      99.96 3.5258e+00    891.443      21396  1029.5091  1029.5075    34.4921    34.4900    8.17196         42 0.0000e+00
    375.000    371.021    -0.6265  28.294880    -0.6264  28.293614     6.2153     6.2589    -0.0020    90.3978 1.0000e-12  -63.75150  -61.57542 349.269446      99.97 3.5258e+00    893.151      21437  1029.5138  1029.5123    34.4920    34.4901    8.17201         32 0.0000e+00
    376.000    372.008    -0.6268  28.294971    -0.6269  28.293536     6.2055     6.2622    -0.0143    90.4139 1.0000e-12  -63.75150  -61.57542 349.269460      99.97 3.5258e+00    894.313      21465  1029.5185  1029.5170    34.4919    34.4900    8.17208         25 0.0000e+00
    377.000    372.998    -0.6264  28.295937    -0.6264  28.294472     6.2010     6.2667    -0.0084    90.3964 1.0000e-12  -63.75152  -61.57540 349.269471      99.97 3.5258e+00    895.303      21488  1029.5234  1029.5218    34.4921    34.4901    8.17199         24 0.0000e+00
    378.000    373.987    -0.6263  28.296507    -0.6261  28.295241     6.2025     6.2665    -0.0077    90.3864 1.0000e-12  -63.75152  -61.57540 349.269483      99.97 3.5258e+00    896.353      21513  1029.5281  1029.5266    34.4921    34.4902    8.17195         27 0.0000e+00
    379.000    374.974    -0.6262  28.297020    -0.6259  28.295830     6.2120     6.2609    -0.0010    90.3885 1.0000e-12  -63.75152  -61.57541 349.269498      99.97 3.5258e+00    897.599      21543  1029.5328  1029.5313    34.4920    34.4901    8.17193         31 0.0000e+00
    380.000    375.964    -0.6243  28.299361    -0.6240  28.298325     6.2024     6.2565    -0.0150    90.3909 1.0000e-12  -63.75152  -61.57542 349.269512      99.97 3.5258e+00    898.833      21573  1029.5378  1029.5364    34.4925    34.4907    8.17151         29 0.0000e+00
    381.000    376.952    -0.6211  28.303734    -0.6212  28.302213     6.1926     6.2555    -0.0167    90.3785 1.0000e-12  -63.75151  -61.57542 349.269526      99.97 3.5258e+00    900.080      21603  1029.5436  1029.5421    34.4941    34.4922    8.17072         31 0.0000e+00
    382.000    377.940    -0.6192  28.306630    -0.6196  28.304682     6.1878     6.2517    -0.0143    90.3609 1.0000e-12  -63.75150  -61.57542 349.269543      99.97 3.5258e+00    901.549      21638  1029.5492  1029.5474    34.4952    34.4930    8.17025         42 0.0000e+00
    383.000    378.929    -0.6191  28.307538    -0.6186  28.306424     6.1940     6.2476    -0.0111    90.3986 1.0000e-12  -63.75151  -61.57542 349.269566      99.97 3.5258e+00    903.488      21685  1029.5543  1029.5527    34.4957    34.4937    8.17019         35 0.0000e+00
    384.000    379.918    -0.6192  28.308029    -0.6190  28.306744     6.1918     6.2450    -0.0151    90.3788 1.0000e-12  -63.75152  -61.57542 349.269584      99.97 3.5258e+00    905.082      21723  1029.5592  1029.5577    34.4959    34.4940    8.17020         29 0.0000e+00
    385.000    380.904    -0.6177  28.310145    -0.6176  28.308894     6.1889     6.2472    -0.0098    90.3976 1.0000e-12  -63.75152  -61.57540 349.269596      99.97 3.5258e+00    906.077      21747  1029.5643  1029.5628    34.4964    34.4946    8.16985         20 0.0000e+00
    386.000    381.894    -0.6177  28.310568    -0.6176  28.309283     6.1923     6.2464    -0.0122    90.3995 1.0000e-12  -63.75152  -61.57541 349.269605      99.97 3.5258e+00    906.844      21765  1029.5690  1029.5676    34.4964    34.4946    8.16985         18 0.0000e+00
    387.000    382.882    -0.6179  28.310749    -0.6179  28.309572     6.1848     6.2481    -0.0221    90.3956 1.0000e-12  -63.75152  -61.57542 349.269613      99.97 3.5258e+00    907.565      21783  1029.5737  1029.5724    34.4963    34.4946    8.16990         17 0.0000e+00
    388.000    383.870    -0.6182  28.311083    -0.6182  28.309740     6.1783     6.2498    -0.0224    90.3735 1.0000e-12  -63.75152  -61.57542 349.269622      99.97 3.5258e+00    908.340      21801  1029.5787  1029.5772    34.4965    34.4947    8.16996         20 0.0000e+00
    389.000    384.860    -0.6176  28.312203    -0.6178  28.310656     6.1833     6.2470    -0.0163    90.3904 1.0000e-12  -63.75152  -61.57542 349.269636      99.97 3.5258e+00    909.522      21830  1029.5835  1029.5821    34.4967    34.4948    8.16982         32 0.0000e+00
    390.000    385.847    -0.6177  28.312782    -0.6172  28.311646     6.1934     6.2441    -0.0146    90.3909 1.0000e-12  -63.75152  -61.57542 349.269667      99.97 3.5258e+00    912.193      21894  1029.5885  1029.5869    34.4969    34.4949    8.16981         30 0.0000e+00
    391.000    386.836    -0.6187  28.312700    -0.6187  28.311381     6.1886     6.2421    -0.0150    90.4064 1.0000e-12  -63.75152  -61.57542 349.269684      99.97 3.5258e+00    913.687      21929  1029.5937  1029.5923    34.4974    34.4956    8.17002         24 0.0000e+00
    392.000    387.824    -0.6189  28.312884    -0.6187  28.311813     6.1983     6.2445    -0.0150    90.4086 1.0000e-12  -63.75152  -61.57542 349.269694      99.96 3.5258e+00    914.559      21950  1029.5984  1029.5970    34.4973    34.4956    8.17007         19 0.0000e+00
    393.000    388.812    -0.6190  28.313336    -0.6189  28.312177     6.1984     6.2410    -0.0150    90.4103 1.0000e-12  -63.75152  -61.57542 349.269702      99.97 3.5258e+00    915.280      21968  1029.6032  1029.6018    34.4973    34.4956    8.17007         16 0.0000e+00
    394.000    389.802    -0.6180  28.314923    -0.6183  28.313204     6.1851     6.2378    -0.0211    90.4081 1.0000e-12  -63.75152  -61.57542 349.269710      99.97 3.5258e+00    915.974      21984  1029.6082  1029.6066    34.4978    34.4958    8.16984         18 0.0000e+00
    395.000    390.791    -0.6172  28.316444    -0.6170  28.315414     6.1774     6.2368    -0.0150    90.3950 1.0000e-12  -63.75152  -61.57542 349.269720      99.96 4.0405e+00    916.825      22005  1029.6133  1029.6120    34.4983    34.4967    8.16964         24 0.0000e+00
    396.000    391.778    -0.6151  28.319470    -0.6132  28.319921     6.1803     6.2336    -0.0110    90.3910 1.0000e-12  -63.75152  -61.57542 349.269738      99.97 4.2954e+00    918.379      22042  1029.6187  1029.6174    34.4994    34.4978    8.16912         41 0.0000e+00
    397.000    392.766    -0.6138  28.321308    -0.6139  28.319725     6.1746     6.2283    -0.0032    90.3909 1.0000e-12  -63.75152  -61.57542 349.269758      99.97 4.1446e+00    920.057      22082  1029.6237  1029.6222    34.4997    34.4978    8.16882         34 0.0000e+00
    398.000    393.755    -0.6110  28.324832    -0.6107  28.323615     6.1582     6.2189    -0.0031    90.4056 1.0000e-12  -63.75152  -61.57542 349.269773      99.97 3.9961e+00    921.353      22113  1029.6290  1029.6274    34.5007    34.4987    8.16816         30 0.0000e+00
    399.000    394.743    -0.6080  28.328847    -0.6079  28.327569     6.1509     6.2204    -0.0098    90.4156 1.0000e-12  -63.75152  -61.57542 349.269789      99.97 4.1843e+00    922.746      22147  1029.6347  1029.6332    34.5021    34.5003    8.16743         37 0.0000e+00
    400.000    395.731    -0.6038  28.334070    -0.6050  28.331198     6.1557     6.2148    -0.0006    90.4244 1.0000e-12  -63.75152  -61.57542 349.269810      99.97 4.5950e+00    924.548      22190  1029.6405  1029.6386    34.5037    34.5013    8.16643         36 0.0000e+00
    401.000    396.720    -0.6035  28.334682    -0.6033  28.333546     6.1565     6.2047    -0.0196    90.4481 1.0000e-12  -63.75152  -61.57542 349.269828      99.97 4.2505e+00    926.105      22228  1029.6451  1029.6437    34.5036    34.5019    8.16638         29 0.0000e+00
    402.000    397.709    -0.6023  28.336598    -0.6023  28.335277     6.1544     6.2048    -0.0225    90.4435 1.0000e-12  -63.75152  -61.57542 349.269840      99.97 4.2468e+00    927.209      22254  1029.6503  1029.6489    34.5042    34.5024    8.16608         22 0.0000e+00
    403.000    398.695    -0.6026  28.336611    -0.6024  28.335686     6.1512     6.2032    -0.0104    90.4409 1.0000e-12  -63.75152  -61.57540 349.269850      99.97 4.7071e+00    928.032      22274  1029.6549  1029.6537    34.5040    34.5025    8.16616         18 0.0000e+00
    404.000    399.686    -0.6014  28.338387    -0.6013  28.337207     6.1488     6.2029    -0.0077    90.4166 1.0000e-12  -63.75152  -61.57540 349.269859      99.97 4.5045e+00    928.773      22292  1029.6599  1029.6585    34.5044    34.5027    8.16588         18 0.0000e+00
    405.000    400.674    -0.5990  28.341481    -0.5992  28.340066     6.1512     6.1990    -0.0073    90.3997 1.0000e-12  -63.75152  -61.57540 349.269867      99.97 5.2774e+00    929.510      22309  1029.6652  1029.6638    34.5053    34.5035    8.16532         18 0.0000e+00
    406.000    401.661    -0.5977  28.343423    -0.5969  28.343190     6.1509     6.1954    -0.0141    90.4091 1.0000e-12  -63.75152  -61.57540 349.269876      99.97 5.2886e+00    930.314      22329  1029.6703  1029.6692    34.5058    34.5046    8.16501         21 0.0000e+00
    407.000    402.648    -0.5962  28.345795    -0.5960  28.344613     6.1468     6.1974    -0.0152    90.4139 1.0000e-12  -63.75152  -61.57541 349.269889      99.97 5.2886e+00    931.427      22355  1029.6755  1029.6741    34.5066    34.5048    8.16462         30 0.0000e+00
    408.000    403.640    -0.5961  28.346502    -0.5956  28.345688     6.1401     6.2004    -0.0197    90.4125 1.0000e-12  -63.75152  -61.57542 349.269915      99.97 5.2886e+00    933.672      22409  1029.6806  1029.6792    34.5069    34.5052    8.16459         37 0.0000e+00
