NBP2113_155081_ctd/data/dnbp2113_015.cnv
* Sea-Bird SBE 9 Data File:
* FileName = D:\Data\raw\NBP2113_015.hex
* Software Version Seasave V 7.26.7.121
* Temperature SN = 2438
* Conductivity SN = 2067
* Number of Bytes Per Scan = 40
* Number of Voltage Words = 5
* Number of Scans Averaged by the Deck Unit = 1
* NMEA Latitude = 66 15.27 S
* NMEA Longitude = 067 20.33 W
* NMEA UTC (Time) = Nov 27 2021  19:51:53
* NMEA baud rate = 9600
** Ship: RVIB N.B. Palmer
** Cruise: NBP2113 LTER
** Station: 500.040
** Operator: S. Blackman
# nquan = 25
# nvalues = 197                         
# units = specified
# name 0 = prDM: Pressure, Digiquartz [db]
# name 1 = depSM: Depth [salt water, m]
# name 2 = t090C: Temperature [ITS-90, deg C]
# name 3 = c0mS/cm: Conductivity [mS/cm]
# name 4 = t190C: Temperature, 2 [ITS-90, deg C]
# name 5 = c1mS/cm: Conductivity, 2 [mS/cm]
# name 6 = sbeox0ML/L: Oxygen, SBE 43 [ml/l]
# name 7 = sbeox1ML/L: Oxygen, SBE 43, 2 [ml/l]
# name 8 = flECO-AFL: Fluorescence, WET Labs ECO-AFL/FL [mg/m^3]
# name 9 = CStarTr0: Beam Transmission, WET Labs C-Star [%]
# name 10 = par: PAR/Irradiance, Biospherical/Licor
# name 11 = latitude: Latitude [deg]
# name 12 = longitude: Longitude [deg]
# name 13 = timeJ: Julian Days
# name 14 = altM: Altimeter [m]
# name 15 = spar: SPAR, Biospherical/Licor
# name 16 = timeS: Time, Elapsed [seconds]
# name 17 = scan: Scan Count
# name 18 = density00: Density [density, kg/m^3]
# name 19 = density11: Density, 2 [density, kg/m^3]
# name 20 = sal00: Salinity, Practical [PSU]
# name 21 = sal11: Salinity, Practical, 2 [PSU]
# name 22 = oxsolML/L: Oxygen Saturation, Garcia & Gordon [ml/l]
# name 23 = nbin: number of scans per bin
# name 24 = flag: flag
# span 0 =      5.000,    201.000       
# span 1 =      4.949,    198.916       
# span 2 =    -1.3985,     0.7608       
# span 3 =  27.034742,  29.401090       
# span 4 =    -1.4015,     0.7552       
# span 5 =  27.033585,  29.393253       
# span 6 =     4.5829,     8.2981       
# span 7 =     4.8026,     8.3178       
# span 8 =     0.0032,     1.5612       
# span 9 =    89.3874,    97.0095       
# span 10 = -1.852e-07, 2.2931e+02      
# span 11 =  -66.25470,  -66.25454      
# span 12 =  -67.33948,  -67.33886      
# span 13 = 331.831110, 331.835963      
# span 14 =       8.29,      99.99      
# span 15 = 3.4729e+02, 5.9685e+02      
# span 16 =    294.908,    714.223      
# span 17 =       7079,      17142      
# span 18 =  1027.1268,  1028.6072      
# span 19 =  1027.1243,  1028.6044      
# span 20 =    33.6981,    34.4989      
# span 21 =    33.6948,    34.4978      
# span 22 =    7.88143,    8.38037      
# span 23 =         14,         61      
# span 24 = 0.0000e+00, 0.0000e+00      
# interval = decibars: 1                
# start_time = Nov 27 2021 19:51:53 [NMEA time, header]
# bad_flag = -9.990e-29
*END*
[from data line 174]
    179.000    177.153     0.4618  29.072672     0.4618  29.071387     5.0570     5.1796     0.0214    96.9614 1.0000e-12  -66.25464  -67.33947 331.835430      29.41 3.6823e+02    668.142      16036  1028.4546  1028.4533    34.4172    34.4156    7.94695         37 0.0000e+00
    180.000    178.142     0.4734  29.085917     0.4748  29.086149     5.0392     5.1619     0.0109    96.9428 1.0000e-12  -66.25465  -67.33948 331.835446      28.41 3.6669e+02    669.551      16070  1028.4623  1028.4612    34.4209    34.4198    7.94435         32 0.0000e+00
    181.000    179.131     0.4930  29.107403     0.4944  29.107577     5.0480     5.1503     0.0032    96.9934 1.0000e-12  -66.25466  -67.33947 331.835462      27.66 3.6558e+02    670.947      16104  1028.4707  1028.4695    34.4266    34.4253    7.94002         35 0.0000e+00
    182.000    180.121     0.5025  29.117636     0.5034  29.117194     5.0485     5.1433     0.0251    96.9722 1.0000e-12  -66.25466  -67.33946 331.835479      26.66 3.6490e+02    672.376      16138  1028.4771  1028.4758    34.4288    34.4273    7.93795         31 0.0000e+00
    183.000    181.111     0.5045  29.119954     0.5047  29.118743     5.0538     5.1377     0.0141    96.9995 1.0000e-12  -66.25464  -67.33944 331.835492      25.99 3.6492e+02    673.502      16165  1028.4823  1028.4809    34.4290    34.4272    7.93753         24 0.0000e+00
    184.000    182.099     0.5098  29.126070     0.5097  29.124396     5.0491     5.1286     0.0136    96.9825 1.0000e-12  -66.25464  -67.33944 331.835503      24.85 3.6492e+02    674.433      16187  1028.4882  1028.4866    34.4305    34.4285    7.93636         21 0.0000e+00
    185.000    183.089     0.5168  29.133907     0.5163  29.131790     5.0366     5.1182     0.0063    97.0095 1.0000e-12  -66.25464  -67.33944 331.835513      23.90 3.6396e+02    675.305      16208  1028.4940  1028.4924    34.4323    34.4302    7.93481         22 0.0000e+00
    186.000    184.078     0.5237  29.141764     0.5235  29.139857     5.0279     5.1111     0.0132    96.9818 1.0000e-12  -66.25464  -67.33946 331.835524      22.75 3.6318e+02    676.280      16232  1028.5001  1028.4984    34.4343    34.4321    7.93330         26 0.0000e+00
    187.000    185.066     0.5273  29.146115     0.5275  29.144727     5.0451     5.1171     0.0143    96.9331 1.0000e-12  -66.25464  -67.33948 331.835540      21.62 3.6183e+02    677.684      16265  1028.5058  1028.5042    34.4353    34.4334    7.93249         40 0.0000e+00
    188.000    186.056     0.5274  29.146341     0.5280  29.145553     5.0424     5.1118     0.0143    96.9252 1.0000e-12  -66.25464  -67.33948 331.835561      20.56 3.5995e+02    679.496      16309  1028.5107  1028.5093    34.4349    34.4333    7.93249         42 0.0000e+00
    189.000    187.043     0.5313  29.151078     0.5331  29.151620     5.0304     5.0987     0.0130    96.9178 1.0000e-12  -66.25464  -67.33948 331.835592      19.62 3.5906e+02    682.135      16372  1028.5166  1028.5154    34.4362    34.4349    7.93163         37 0.0000e+00
    190.000    188.034     0.5522  29.173304     0.5516  29.171478     4.9879     5.0760     0.0143    96.8877 1.0000e-12  -66.25465  -67.33948 331.835634      19.00 3.5787e+02    685.809      16460  1028.5241  1028.5229    34.4413    34.4396    7.92706         37 0.0000e+00
    191.000    189.024     0.5595  29.181145     0.5594  29.179950     5.0010     5.0613     0.0143    96.9764 1.0000e-12  -66.25466  -67.33948 331.835651      17.94 3.5715e+02    687.253      16495  1028.5297  1028.5285    34.4429    34.4414    7.92550         31 0.0000e+00
    192.000    190.013     0.5602  29.182580     0.5611  29.182298     4.9762     5.0394     0.0136    96.9422 1.0000e-12  -66.25466  -67.33947 331.835666      17.24 3.5544e+02    688.533      16526  1028.5350  1028.5338    34.4434    34.4420    7.92533         30 0.0000e+00
    193.000    191.002     0.5784  29.202708     0.5775  29.200430     4.9040     5.0018     0.0068    96.8934 1.0000e-12  -66.25466  -67.33946 331.835680      16.19 3.5432e+02    689.768      16555  1028.5425  1028.5410    34.4487    34.4467    7.92129         29 0.0000e+00
    194.000    191.992     0.6101  29.237784     0.6200  29.246852     4.8914     4.9902     0.0091    96.9316 1.0000e-12  -66.25465  -67.33946 331.835694      15.28 3.5434e+02    690.958      16584  1028.5524  1028.5521    34.4586    34.4593    7.91429         30 0.0000e+00
    195.000    192.981     0.6489  29.279316     0.6578  29.287469     4.8394     4.9455     0.0107    96.9140 1.0000e-12  -66.25465  -67.33946 331.835752      14.27 3.5205e+02    695.930      16703  1028.5623  1028.5621    34.4688    34.4696    7.90580         29 0.0000e+00
    196.000    193.970     0.6880  29.321461     0.6865  29.318183     4.7256     4.8615     0.0069    96.9085 1.0000e-12  -66.25466  -67.33944 331.835794      13.63 3.4975e+02    699.581      16791  1028.5723  1028.5706    34.4795    34.4770    7.89724         18 0.0000e+00
    197.000    194.959     0.7192  29.356268     0.7202  29.355935     4.7455     4.8793     0.0069    96.9144 1.0000e-12  -66.25466  -67.33944 331.835804      12.65 3.5071e+02    700.435      16811  1028.5825  1028.5813    34.4895    34.4879    7.89036         23 0.0000e+00
    198.000    195.949     0.7147  29.349277     0.7152  29.350177     4.7567     4.8839     0.0051    96.9115 1.0000e-12  -66.25467  -67.33944 331.835844      11.50 3.4954e+02    703.893      16894  1028.5846  1028.5849    34.4847    34.4853    7.89155         34 0.0000e+00
    199.000    196.938     0.6266  29.258557     0.6409  29.272787     4.6365     4.8208     0.0056    96.9057 1.0000e-12  -66.25468  -67.33944 331.835927      10.90 3.4732e+02    711.108      17068  1028.5812  1028.5820    34.4643    34.4669    7.91060         17 0.0000e+00
    200.000    197.926     0.7394  29.381015     0.7487  29.389319     4.5829     4.8026     0.0069    96.8982 1.0000e-12  -66.25468  -67.33944 331.835937       9.91 3.4729e+02    711.950      17088  1028.6019  1028.6014    34.4973    34.4978    7.88584         20 0.0000e+00
    201.000    198.916     0.7608  29.401090     0.7552  29.393253     4.8448     4.9223     0.0082    96.9278 1.0000e-12  -66.25467  -67.33947 331.835963       8.29 3.4729e+02    714.223      17142  1028.6072  1028.6044    34.4989    34.4950    7.88143         61 0.0000e+00
