NBP2113_155081_ctd/data/dnbp2113_047.cnv
* Sea-Bird SBE 9 Data File:
* FileName = D:\Data\raw\NBP2113_047.hex
* Software Version Seasave V 7.26.7.121
* Temperature SN = 2438
* Conductivity SN = 2067
* Number of Bytes Per Scan = 40
* Number of Voltage Words = 5
* Number of Scans Averaged by the Deck Unit = 1
* NMEA Latitude = 64 51.26 S
* NMEA Longitude = 063 55.07 W
* NMEA UTC (Time) = Dec 11 2021  06:38:06
* NMEA baud rate = 9600
** Ship: RVIB N.B. Palmer
** Cruise: NBP2113 LTER
** Station: 622.029
** Operator: B. Urmston
# nquan = 25
# nvalues = 395                         
# units = specified
# name 0 = prDM: Pressure, Digiquartz [db]
# name 1 = depSM: Depth [salt water, m]
# name 2 = t090C: Temperature [ITS-90, deg C]
# name 3 = c0mS/cm: Conductivity [mS/cm]
# name 4 = t190C: Temperature, 2 [ITS-90, deg C]
# name 5 = c1mS/cm: Conductivity, 2 [mS/cm]
# name 6 = sbeox0ML/L: Oxygen, SBE 43 [ml/l]
# name 7 = sbeox1ML/L: Oxygen, SBE 43, 2 [ml/l]
# name 8 = flECO-AFL: Fluorescence, WET Labs ECO-AFL/FL [mg/m^3]
# name 9 = CStarTr0: Beam Transmission, WET Labs C-Star [%]
# name 10 = par: PAR/Irradiance, Biospherical/Licor
# name 11 = latitude: Latitude [deg]
# name 12 = longitude: Longitude [deg]
# name 13 = timeJ: Julian Days
# name 14 = altM: Altimeter [m]
# name 15 = spar: SPAR, Biospherical/Licor
# name 16 = timeS: Time, Elapsed [seconds]
# name 17 = scan: Scan Count
# name 18 = density00: Density [density, kg/m^3]
# name 19 = density11: Density, 2 [density, kg/m^3]
# name 20 = sal00: Salinity, Practical [PSU]
# name 21 = sal11: Salinity, Practical, 2 [PSU]
# name 22 = oxsolML/L: Oxygen Saturation, Garcia & Gordon [ml/l]
# name 23 = nbin: number of scans per bin
# name 24 = flag: flag
# span 0 =      5.000,    399.000       
# span 1 =      4.947,    394.723       
# span 2 =    -0.3155,     1.2997       
# span 3 =  27.889254,  30.062850       
# span 4 =    -0.3114,     1.2991       
# span 5 =  27.892712,  30.061451       
# span 6 =     4.2878,     8.0537       
# span 7 =     4.3600,     8.0698       
# span 8 =    -0.0194,     1.6742       
# span 9 =    85.4720,    91.4471       
# span 10 = 1.0000e-12, 3.2785e+00      
# span 11 =  -64.85496,  -64.85434      
# span 12 =  -63.91852,  -63.91769      
# span 13 = 345.279326, 345.287387      
# span 14 =       7.26,     100.19      
# span 15 = 3.5258e+00, 7.0529e+00      
# span 16 =    247.770,    944.245      
# span 17 =       5947,      22663      
# span 18 =  1027.2000,  1029.6134      
# span 19 =  1027.1998,  1029.6121      
# span 20 =    33.8228,    34.6386      
# span 21 =    33.8228,    34.6375      
# span 22 =    7.76591,    8.14358      
# span 23 =         12,         47      
# span 24 = 0.0000e+00, 0.0000e+00      
# interval = decibars: 1                
# start_time = Dec 11 2021 06:38:06 [NMEA time, header]
# bad_flag = -9.990e-29
*END*
[from data line 174]
    179.000    177.171     0.7029  29.329212     0.7028  29.328421     4.9988     5.0728     0.0163    91.2374 1.0000e-12  -64.85469  -63.91809 345.283974      99.97 7.0515e+00    649.366      15586  1028.4966  1028.4958    34.4831    34.4822    7.89402         41 0.0000e+00
    180.000    178.161     0.7055  29.332759     0.7049  29.331141     4.9463     5.0311     0.0217    91.2225 1.0000e-12  -64.85470  -63.91808 345.283992      99.97 7.0515e+00    650.931      15623  1028.5020  1028.5009    34.4842    34.4828    7.89342         26 0.0000e+00
    181.000    179.147     0.7203  29.349945     0.7198  29.348017     4.9138     5.0102     0.0149    91.2147 1.0000e-12  -64.85470  -63.91808 345.284003      99.97 7.0515e+00    651.873      15646  1028.5096  1028.5082    34.4894    34.4876    7.89012         20 0.0000e+00
    182.000    180.138     0.7247  29.355215     0.7213  29.350549     4.9005     5.0030     0.0053    91.2267 1.0000e-12  -64.85470  -63.91808 345.284013      99.97 7.0515e+00    652.702      15666  1028.5152  1028.5137    34.4908    34.4886    7.88916         20 0.0000e+00
    183.000    181.129     0.7328  29.364386     0.7304  29.360324     4.9031     4.9984    -0.0010    91.2457 1.0000e-12  -64.85470  -63.91808 345.284022      99.97 7.0515e+00    653.484      15685  1028.5211  1028.5192    34.4932    34.4906    7.88739         19 0.0000e+00
    184.000    182.118     0.7400  29.374057     0.7403  29.372448     4.8963     4.9977    -0.0008    91.2393 1.0000e-12  -64.85470  -63.91808 345.284031      99.97 7.0515e+00    654.291      15704  1028.5283  1028.5264    34.4971    34.4946    7.88571         19 0.0000e+00
    185.000    183.105     0.7322  29.365709     0.7328  29.365304     4.8880     4.9836     0.0057    91.2621 1.0000e-12  -64.85470  -63.91810 345.284041      99.97 7.0515e+00    655.187      15725  1028.5318  1028.5308    34.4944    34.4932    7.88745         24 0.0000e+00
    186.000    184.097     0.7474  29.381512     0.7436  29.376209     4.8894     4.9796     0.0069    91.2508 1.0000e-12  -64.85470  -63.91810 345.284055      99.97 7.0515e+00    656.333      15753  1028.5376  1028.5357    34.4974    34.4947    7.88419         31 0.0000e+00
    187.000    185.085     0.7524  29.387976     0.7511  29.385606     4.8978     4.9822     0.0102    91.3131 1.0000e-12  -64.85470  -63.91810 345.284073      99.97 7.0515e+00    657.948      15792  1028.5438  1028.5427    34.4996    34.4980    7.88306         35 0.0000e+00
    188.000    186.075     0.7493  29.384985     0.7496  29.384564     4.9071     4.9819     0.0048    91.3179 1.0000e-12  -64.85470  -63.91811 345.284098      99.97 7.0515e+00    660.040      15842  1028.5484  1028.5475    34.4986    34.4977    7.88375         41 0.0000e+00
    189.000    187.063     0.7535  29.390213     0.7524  29.388229     4.9041     4.9755     0.0050    91.3179 1.0000e-12  -64.85470  -63.91812 345.284118      99.97 7.0515e+00    661.787      15884  1028.5540  1028.5530    34.5001    34.4988    7.88281         31 0.0000e+00
    190.000    188.054     0.7539  29.391329     0.7540  29.390098     4.9012     4.9692     0.0069    91.3439 1.0000e-12  -64.85470  -63.91812 345.284131      99.97 7.0515e+00    662.904      15911  1028.5591  1028.5577    34.5005    34.4989    7.88270         26 0.0000e+00
    191.000    189.042     0.7556  29.393676     0.7560  29.393187     4.8995     4.9617     0.0003    91.3484 1.0000e-12  -64.85470  -63.91811 345.284142      99.97 7.0515e+00    663.893      15934  1028.5642  1028.5632    34.5011    34.5000    7.88233         22 0.0000e+00
    192.000    190.030     0.7579  29.396092     0.7578  29.395358     4.9129     4.9693    -0.0052    91.3620 1.0000e-12  -64.85470  -63.91810 345.284153      99.97 7.0515e+00    664.788      15956  1028.5688  1028.5680    34.5011    34.5002    7.88187         21 0.0000e+00
    193.000    191.022     0.7622  29.401881     0.7598  29.398717     4.9279     4.9780    -0.0031    91.3640 1.0000e-12  -64.85470  -63.91810 345.284162      99.97 7.0515e+00    665.620      15976  1028.5749  1028.5738    34.5032    34.5017    7.88088         19 0.0000e+00
    194.000    192.010     0.7495  29.389196     0.7486  29.386621     4.9286     4.9800     0.0067    91.3617 1.0000e-12  -64.85470  -63.91810 345.284172      99.97 7.0515e+00    666.423      15995  1028.5784  1028.5766    34.5003    34.4979    7.88361         20 0.0000e+00
    195.000    193.001     0.7465  29.385529     0.7478  29.385733     4.9268     4.9858     0.0069    91.3656 1.0000e-12  -64.85470  -63.91810 345.284181      99.97 7.0515e+00    667.270      16015  1028.5819  1028.5807    34.4983    34.4971    7.88433         21 0.0000e+00
    196.000    193.989     0.7465  29.385770     0.7466  29.384735     4.9148     4.9830     0.0128    91.3241 1.0000e-12  -64.85472  -63.91812 345.284193      99.97 7.0515e+00    668.276      16040  1028.5863  1028.5852    34.4979    34.4966    7.88434         28 0.0000e+00
    197.000    194.976     0.7479  29.387726     0.7487  29.387071     4.9116     4.9773     0.0030    91.3457 1.0000e-12  -64.85472  -63.91812 345.284213      99.97 7.0515e+00    670.031      16082  1028.5912  1028.5899    34.4983    34.4967    7.88403         37 0.0000e+00
    198.000    195.968     0.7506  29.390852     0.7504  29.390141     4.9132     4.9736    -0.0017    91.3709 1.0000e-12  -64.85472  -63.91814 345.284242      99.97 7.0515e+00    672.501      16141  1028.5962  1028.5956    34.4989    34.4981    7.88347         36 0.0000e+00
    199.000    196.955     0.7494  29.390231     0.7492  29.389004     4.9080     4.9762    -0.0081    91.3694 1.0000e-12  -64.85472  -63.91812 345.284256      99.97 7.0515e+00    673.731      16171  1028.6010  1028.5999    34.4988    34.4974    7.88372         23 0.0000e+00
    200.000    197.947     0.7526  29.394290     0.7521  29.392488     4.9091     4.9756    -0.0033    91.3694 1.0000e-12  -64.85472  -63.91812 345.284266      99.97 7.0515e+00    674.615      16192  1028.6062  1028.6048    34.4998    34.4981    7.88300         20 0.0000e+00
    201.000    198.934     0.7535  29.395960     0.7533  29.394526     4.9077     4.9738    -0.0004    91.3436 1.0000e-12  -64.85472  -63.91812 345.284276      99.97 7.0515e+00    675.460      16212  1028.6115  1028.6101    34.5005    34.4989    7.88279         21 0.0000e+00
    202.000    199.925     0.7520  29.394631     0.7517  29.393152     4.9109     4.9676    -0.0007    91.3680 1.0000e-12  -64.85472  -63.91812 345.284286      99.97 7.0515e+00    676.326      16233  1028.6157  1028.6145    34.4998    34.4982    7.88312         21 0.0000e+00
    203.000    200.912     0.7508  29.393853     0.7507  29.392456     4.9112     4.9647    -0.0010    91.3795 1.0000e-12  -64.85472  -63.91812 345.284297      99.97 7.0515e+00    677.250      16255  1028.6203  1028.6190    34.4995    34.4979    7.88338         23 0.0000e+00
    204.000    201.904     0.7581  29.401559     0.7589  29.401197     4.9009     4.9648    -0.0077    91.3685 1.0000e-12  -64.85472  -63.91812 345.284309      99.97 7.0515e+00    678.264      16279  1028.6255  1028.6243    34.5009    34.4994    7.88184         26 0.0000e+00
    205.000    202.891     0.7684  29.413490     0.7678  29.411991     4.9056     4.9691     0.0055    91.3635 1.0000e-12  -64.85472  -63.91814 345.284323      99.97 7.0515e+00    679.536      16310  1028.6321  1028.6310    34.5043    34.5029    7.87956         34 0.0000e+00
    206.000    203.881     0.7575  29.403174     0.7563  29.400482     4.8975     4.9657    -0.0029    91.3365 1.0000e-12  -64.85472  -63.91814 345.284345      99.97 7.0515e+00    681.401      16355  1028.6364  1028.6347    34.5024    34.5003    7.88187         43 0.0000e+00
    207.000    204.870     0.7571  29.401886     0.7586  29.401802     4.8905     4.9580    -0.0084    91.3554 1.0000e-12  -64.85473  -63.91814 345.284365      99.97 7.0515e+00    683.113      16396  1028.6398  1028.6381    34.5006    34.4988    7.88206         33 0.0000e+00
    208.000    205.859     0.7813  29.428724     0.7824  29.429021     4.8875     4.9539    -0.0067    91.3318 1.0000e-12  -64.85474  -63.91814 345.284377      99.97 7.0515e+00    684.150      16421  1028.6479  1028.6472    34.5079    34.5071    7.87674         21 0.0000e+00
    209.000    206.848     0.7858  29.434716     0.7853  29.433324     4.8915     4.9596    -0.0005    91.3523 1.0000e-12  -64.85474  -63.91814 345.284387      99.97 7.0515e+00    685.007      16441  1028.6542  1028.6532    34.5101    34.5088    7.87572         20 0.0000e+00
    210.000    207.839     0.7859  29.435656     0.7854  29.434011     4.9000     4.9646    -0.0004    91.3693 1.0000e-12  -64.85474  -63.91814 345.284397      99.97 7.0515e+00    685.892      16462  1028.6593  1028.6581    34.5106    34.5090    7.87566         22 0.0000e+00
    211.000    208.828     0.7865  29.436677     0.7860  29.434920     4.9075     4.9619     0.0055    91.3553 1.0000e-12  -64.85474  -63.91814 345.284409      99.97 7.0515e+00    686.904      16487  1028.6641  1028.6628    34.5106    34.5089    7.87553         27 0.0000e+00
    212.000    209.816     0.7868  29.437127     0.7871  29.436442     4.9099     4.9628     0.0064    91.3502 1.0000e-12  -64.85474  -63.91814 345.284423      99.97 7.0515e+00    688.129      16516  1028.6687  1028.6676    34.5104    34.5091    7.87550         32 0.0000e+00
    213.000    210.806     0.7911  29.441723     0.7890  29.438802     4.9079     4.9647     0.0026    91.3267 1.0000e-12  -64.85474  -63.91816 345.284441      99.97 7.0515e+00    689.673      16553  1028.6735  1028.6725    34.5110    34.5094    7.87460         42 0.0000e+00
    214.000    211.794     0.7914  29.442856     0.7911  29.441450     4.9061     4.9688     0.0009    91.3263 1.0000e-12  -64.85474  -63.91816 345.284460      99.97 7.0515e+00    691.329      16593  1028.6788  1028.6776    34.5115    34.5100    7.87451         34 0.0000e+00
    215.000    212.784     0.7928  29.444700     0.7929  29.443528     4.9081     4.9658    -0.0081    91.2918 1.0000e-12  -64.85474  -63.91816 345.284474      99.97 7.0515e+00    692.575      16623  1028.6837  1028.6824    34.5117    34.5101    7.87421         24 0.0000e+00
    216.000    213.772     0.8015  29.454554     0.8014  29.453449     4.8793     4.9371    -0.0077    91.3247 1.0000e-12  -64.85474  -63.91816 345.284485      99.97 7.0515e+00    693.513      16645  1028.6896  1028.6885    34.5142    34.5128    7.87231         22 0.0000e+00
    217.000    214.762     0.8080  29.461839     0.8085  29.461089     4.8687     4.9330    -0.0080    91.3119 1.0000e-12  -64.85476  -63.91816 345.284496      99.97 7.0515e+00    694.412      16667  1028.6950  1028.6937    34.5158    34.5143    7.87091         21 0.0000e+00
    218.000    215.751     0.8322  29.485845     0.8417  29.494559     4.8732     4.9352    -0.0002    91.3339 1.0000e-12  -64.85476  -63.91816 345.284506      99.97 7.0515e+00    695.347      16689  1028.7004  1028.7002    34.5194    34.5202    7.86581         24 0.0000e+00
    219.000    216.741     0.8355  29.493880     0.8398  29.497443     4.8596     4.9289     0.0065    91.3207 1.0000e-12  -64.85476  -63.91816 345.284520      99.97 7.0515e+00    696.557      16718  1028.7100  1028.7095    34.5256    34.5254    7.86482         34 0.0000e+00
    220.000    217.731     0.8551  29.510602     0.8576  29.513185     4.8412     4.9171     0.0066    91.3063 1.0000e-12  -64.85476  -63.91818 345.284542      99.97 7.0515e+00    698.471      16764  1028.7125  1028.7126    34.5249    34.5254    7.86090         41 0.0000e+00
    221.000    218.718     0.8714  29.530429     0.8718  29.530033     4.8247     4.9027     0.0083    91.3168 1.0000e-12  -64.85476  -63.91818 345.284563      99.97 7.0515e+00    700.281      16808  1028.7216  1028.7208    34.5319    34.5308    7.85723         33 0.0000e+00
    222.000    219.708     0.8799  29.539994     0.8790  29.537713     4.7942     4.8846     0.0072    91.2753 1.0000e-12  -64.85476  -63.91818 345.284577      99.97 7.0515e+00    701.460      16836  1028.7276  1028.7262    34.5342    34.5322    7.85539         24 0.0000e+00
    223.000    220.697     0.8825  29.543676     0.8813  29.541448     4.7758     4.8673     0.0141    91.2667 1.0000e-12  -64.85476  -63.91816 345.284587      99.97 7.0515e+00    702.306      16856  1028.7332  1028.7321    34.5355    34.5339    7.85479         19 0.0000e+00
    224.000    221.687     0.8950  29.556769     0.8953  29.556665     4.7656     4.8570     0.0094    91.2664 1.0000e-12  -64.85476  -63.91816 345.284596      99.97 7.0515e+00    703.092      16875  1028.7389  1028.7384    34.5379    34.5374    7.85213         18 0.0000e+00
    225.000    222.674     0.8995  29.563109     0.8992  29.561570     4.7620     4.8519     0.0050    91.2704 1.0000e-12  -64.85476  -63.91816 345.284605      99.97 7.0515e+00    703.864      16894  1028.7454  1028.7441    34.5405    34.5388    7.85109         19 0.0000e+00
    226.000    223.665     0.9005  29.565169     0.9000  29.563481     4.7643     4.8465    -0.0003    91.2641 1.0000e-12  -64.85476  -63.91816 345.284615      99.97 7.0515e+00    704.720      16914  1028.7510  1028.7497    34.5415    34.5399    7.85083         22 0.0000e+00
    227.000    224.653     0.9012  29.566177     0.9007  29.564532     4.7677     4.8487     0.0124    91.2701 1.0000e-12  -64.85476  -63.91817 345.284628      99.97 7.0515e+00    705.859      16942  1028.7558  1028.7546    34.5414    34.5399    7.85069         33 0.0000e+00
    228.000    225.644     0.9011  29.566474     0.9006  29.564747     4.7837     4.8545     0.0028    91.3109 1.0000e-12  -64.85476  -63.91818 345.284651      99.97 7.0515e+00    707.890      16990  1028.7607  1028.7594    34.5413    34.5396    7.85072         45 0.0000e+00
    229.000    226.630     0.9007  29.566214     0.9001  29.564555     4.7924     4.8558    -0.0079    91.3180 1.0000e-12  -64.85476  -63.91820 345.284674      99.97 7.0515e+00    709.818      17037  1028.7653  1028.7642    34.5408    34.5394    7.85083         33 0.0000e+00
    230.000    227.621     0.9004  29.566388     0.9001  29.564717     4.7998     4.8543     0.0045    91.3179 1.0000e-12  -64.85476  -63.91820 345.284687      99.97 7.0515e+00    710.958      17064  1028.7701  1028.7687    34.5408    34.5390    7.85089         22 0.0000e+00
    231.000    228.611     0.9006  29.567181     0.9004  29.565911     4.7980     4.8505     0.0024    91.3179 1.0000e-12  -64.85476  -63.91820 345.284697      99.97 7.0515e+00    711.839      17085  1028.7751  1028.7739    34.5411    34.5396    7.85084         21 0.0000e+00
    232.000    229.599     0.9008  29.568045     0.9006  29.566535     4.7985     4.8536    -0.0004    91.3346 1.0000e-12  -64.85476  -63.91820 345.284708      99.97 7.0515e+00    712.766      17107  1028.7800  1028.7787    34.5413    34.5396    7.85078         24 0.0000e+00
    233.000    230.587     0.9004  29.567791     0.9002  29.566589     4.7986     4.8575    -0.0033    91.3389 1.0000e-12  -64.85476  -63.91820 345.284720      99.97 7.0515e+00    713.821      17133  1028.7845  1028.7834    34.5409    34.5395    7.85089         27 0.0000e+00
    234.000    231.577     0.9003  29.567939     0.8999  29.566345     4.7945     4.8543    -0.0009    91.3304 1.0000e-12  -64.85476  -63.91820 345.284734      99.97 7.0515e+00    714.994      17161  1028.7890  1028.7878    34.5405    34.5390    7.85092         29 0.0000e+00
    235.000    232.567     0.9002  29.568049     0.8998  29.566718     4.7813     4.8414    -0.0014    91.3304 1.0000e-12  -64.85476  -63.91822 345.284748      99.97 7.0515e+00    716.211      17190  1028.7935  1028.7925    34.5403    34.5389    7.85097         29 0.0000e+00
