NBP2113_155081_ctd/data/dnbp2113_017.cnv
* Sea-Bird SBE 9 Data File:
* FileName = D:\Data\raw\NBP2113_017.hex
* Software Version Seasave V 7.26.7.121
* Temperature SN = 2438
* Conductivity SN = 2067
* Number of Bytes Per Scan = 40
* Number of Voltage Words = 5
* Number of Scans Averaged by the Deck Unit = 1
* NMEA Latitude = 65 14.32 S
* NMEA Longitude = 069 47.72 W
* NMEA UTC (Time) = Nov 28 2021  09:59:52
* NMEA baud rate = 9600
** Ship: RVIB N.B. Palmer
** Cruise: NBP2113 LTER
** Station: 400.200
** Operator: B. Urmston
# nquan = 25
# nvalues = 2752                        
# units = specified
# name 0 = prDM: Pressure, Digiquartz [db]
# name 1 = depSM: Depth [salt water, m]
# name 2 = t090C: Temperature [ITS-90, deg C]
# name 3 = c0mS/cm: Conductivity [mS/cm]
# name 4 = t190C: Temperature, 2 [ITS-90, deg C]
# name 5 = c1mS/cm: Conductivity, 2 [mS/cm]
# name 6 = sbeox0ML/L: Oxygen, SBE 43 [ml/l]
# name 7 = sbeox1ML/L: Oxygen, SBE 43, 2 [ml/l]
# name 8 = flECO-AFL: Fluorescence, WET Labs ECO-AFL/FL [mg/m^3]
# name 9 = CStarTr0: Beam Transmission, WET Labs C-Star [%]
# name 10 = par: PAR/Irradiance, Biospherical/Licor
# name 11 = latitude: Latitude [deg]
# name 12 = longitude: Longitude [deg]
# name 13 = timeJ: Julian Days
# name 14 = altM: Altimeter [m]
# name 15 = spar: SPAR, Biospherical/Licor
# name 16 = timeS: Time, Elapsed [seconds]
# name 17 = scan: Scan Count
# name 18 = density00: Density [density, kg/m^3]
# name 19 = density11: Density, 2 [density, kg/m^3]
# name 20 = sal00: Salinity, Practical [PSU]
# name 21 = sal11: Salinity, Practical, 2 [PSU]
# name 22 = oxsolML/L: Oxygen Saturation, Garcia & Gordon [ml/l]
# name 23 = nbin: number of scans per bin
# name 24 = flag: flag
# span 0 =      5.000,   2756.000       
# span 1 =      4.945,   2711.176       
# span 2 =    -0.9020,     2.0018       
# span 3 =  27.572589,  30.675109       
# span 4 =    -0.9006,     2.0010       
# span 5 =  27.573360,  30.674174       
# span 6 =     3.8758,     8.3117       
# span 7 =     3.9254,     8.3618       
# span 8 =    -0.0224,     9.2023       
# span 9 =    87.1214,    97.9881       
# span 10 = 1.0000e-12, 1.0000e-12      
# span 11 =  -65.23835,  -65.23678      
# span 12 =  -69.79854,  -69.79608      
# span 13 = 332.420197, 332.462626      
# span 14 =       1.37,     104.15      
# span 15 = 3.2261e+02, 1.2819e+03      
# span 16 =    313.043,   3978.882      
# span 17 =       7514,      95494      
# span 18 =  1027.3384,  1040.5508      
# span 19 =  1027.3373,  1040.5502      
# span 20 =    33.9857,    34.7283      
# span 21 =    33.9839,    34.7274      
# span 22 =    7.62846,    8.25910      
# span 23 =         11,         57      
# span 24 = 0.0000e+00, 0.0000e+00      
# interval = decibars: 1                
# start_time = Nov 28 2021 09:59:52 [NMEA time, header]
# bad_flag = -9.990e-29
*END*
[from data line 1740]
   1745.000   1720.674     0.9182  30.371738     0.9185  30.371407     4.4653     4.5090    -0.0073    97.9657 1.0000e-12  -65.23710  -69.79813 332.447684      99.98 7.4774e+02   2687.895      64510  1035.9366  1035.9360    34.7131    34.7124    7.83791         30 0.0000e+00
   1746.000   1721.657     0.9178  30.371839     0.9186  30.371898     4.4597     4.5077    -0.0083    97.9747 1.0000e-12  -65.23710  -69.79812 332.447700      99.97 7.3730e+02   2689.284      64544  1035.9413  1035.9406    34.7132    34.7125    7.83799         36 0.0000e+00
   1747.000   1722.638     0.9174  30.371831     0.9179  30.371584     4.4644     4.5069    -0.0115    97.9692 1.0000e-12  -65.23710  -69.79812 332.447718      99.98 7.3221e+02   2690.864      64582  1035.9459  1035.9452    34.7131    34.7123    7.83808         36 0.0000e+00
   1748.000   1723.621     0.9166  30.371603     0.9168  30.371186     4.4573     4.5080    -0.0058    97.9779 1.0000e-12  -65.23710  -69.79812 332.447736      99.98 7.3658e+02   2692.358      64618  1035.9505  1035.9499    34.7131    34.7124    7.83823         33 0.0000e+00
   1749.000   1724.603     0.9167  30.372026     0.9167  30.371470     4.4618     4.5065    -0.0077    97.9726 1.0000e-12  -65.23710  -69.79813 332.447751      99.97 7.4628e+02   2693.691      64650  1035.9550  1035.9545    34.7131    34.7124    7.83822         32 0.0000e+00
   1750.000   1725.585     0.9163  30.372091     0.9166  30.371850     4.4659     4.5102    -0.0110    97.9783 1.0000e-12  -65.23710  -69.79812 332.447766      99.98 7.3925e+02   2694.971      64680  1035.9596  1035.9591    34.7131    34.7124    7.83830         29 0.0000e+00
   1751.000   1726.564     0.9158  30.372107     0.9159  30.371602     4.4666     4.5047    -0.0161    97.9710 1.0000e-12  -65.23710  -69.79812 332.447778      99.98 7.3270e+02   2696.012      64705  1035.9643  1035.9637    34.7132    34.7124    7.83840         21 0.0000e+00
   1752.000   1727.548     0.9154  30.372158     0.9155  30.371716     4.4578     4.5061    -0.0181    97.9688 1.0000e-12  -65.23710  -69.79812 332.447787      99.98 7.3156e+02   2696.817      64725  1035.9689  1035.9684    34.7131    34.7125    7.83848         17 0.0000e+00
   1753.000   1728.530     0.9153  30.372485     0.9153  30.372033     4.4536     4.5070    -0.0178    97.9726 1.0000e-12  -65.23710  -69.79812 332.447795      99.97 7.3304e+02   2697.484      64741  1035.9735  1035.9730    34.7131    34.7125    7.83850         16 0.0000e+00
   1754.000   1729.513     0.9149  30.372615     0.9150  30.372186     4.4521     4.5094    -0.0106    97.9777 1.0000e-12  -65.23710  -69.79812 332.447802      99.98 7.3432e+02   2698.083      64755  1035.9782  1035.9777    34.7132    34.7125    7.83857         14 0.0000e+00
   1755.000   1730.497     0.9151  30.373135     0.9154  30.372781     4.4521     4.5111    -0.0093    97.9850 1.0000e-12  -65.23710  -69.79812 332.447809      99.97 7.3340e+02   2698.666      64769  1035.9827  1035.9820    34.7132    34.7123    7.83854         14 0.0000e+00
   1756.000   1731.476     0.9138  30.372359     0.9140  30.372082     4.4501     4.5120    -0.0028    97.9729 1.0000e-12  -65.23710  -69.79812 332.447816      99.98 7.3336e+02   2699.299      64784  1035.9873  1035.9868    34.7131    34.7124    7.83881         16 0.0000e+00
   1757.000   1732.458     0.9126  30.371770     0.9131  30.371700     4.4577     4.5086    -0.0080    97.9673 1.0000e-12  -65.23710  -69.79812 332.447837      99.98 7.3911e+02   2701.158      64829  1035.9920  1035.9915    34.7130    34.7125    7.83904         26 0.0000e+00
   1758.000   1733.440     0.9142  30.373397     0.9146  30.373288     4.4526     4.5075    -0.0077    97.9659 1.0000e-12  -65.23710  -69.79814 332.447885      99.98 7.4766e+02   2705.287      64928  1035.9962  1035.9957    34.7129    34.7123    7.83874         17 0.0000e+00
   1759.000   1734.423     0.9097  30.370012     0.9101  30.369729     4.4518     4.5118    -0.0010    97.9632 1.0000e-12  -65.23710  -69.79814 332.447893      99.97 7.4286e+02   2705.930      64943  1036.0015  1036.0008    34.7129    34.7122    7.83963         14 0.0000e+00
   1760.000   1735.403     0.9069  30.367824     0.9075  30.367921     4.4563     4.5119    -0.0058    97.9648 1.0000e-12  -65.23710  -69.79814 332.447900      99.98 7.4216e+02   2706.548      64958  1036.0062  1036.0057    34.7127    34.7122    7.84021         15 0.0000e+00
   1761.000   1736.388     0.9042  30.366133     0.9043  30.365492     4.4642     4.5096    -0.0095    97.9775 1.0000e-12  -65.23710  -69.79812 332.447907      99.98 7.4217e+02   2707.190      64974  1036.0113  1036.0107    34.7130    34.7121    7.84073         16 0.0000e+00
   1762.000   1737.368     0.9039  30.366126     0.9040  30.365734     4.4739     4.5119    -0.0037    97.9756 1.0000e-12  -65.23710  -69.79812 332.447915      99.98 7.3868e+02   2707.890      64990  1036.0157  1036.0152    34.7128    34.7122    7.84080         18 0.0000e+00
   1763.000   1738.350     0.9035  30.366120     0.9037  30.365729     4.4705     4.5136    -0.0060    97.9765 1.0000e-12  -65.23710  -69.79812 332.447925      99.98 7.3271e+02   2708.708      65010  1036.0203  1036.0197    34.7128    34.7120    7.84089         22 0.0000e+00
   1764.000   1739.332     0.9031  30.366152     0.9034  30.365716     4.4606     4.5125    -0.0105    97.9743 1.0000e-12  -65.23710  -69.79812 332.447938      99.98 7.2429e+02   2709.808      65036  1036.0248  1036.0241    34.7126    34.7118    7.84097         32 0.0000e+00
   1765.000   1740.313     0.9016  30.365168     0.9018  30.364718     4.4749     4.5140    -0.0052    97.9732 1.0000e-12  -65.23710  -69.79812 332.447957      99.98 7.1759e+02   2711.445      65076  1036.0295  1036.0289    34.7126    34.7118    7.84128         39 0.0000e+00
   1766.000   1741.295     0.8998  30.363956     0.8999  30.363418     4.4657     4.5152    -0.0136    97.9659 1.0000e-12  -65.23710  -69.79812 332.447975      99.97 7.1695e+02   2713.065      65115  1036.0342  1036.0336    34.7125    34.7117    7.84165         33 0.0000e+00
   1767.000   1742.278     0.8952  30.360258     0.8953  30.359876     4.4676     4.5175    -0.0142    97.9727 1.0000e-12  -65.23710  -69.79812 332.447989      99.98 7.1478e+02   2714.276      65144  1036.0392  1036.0387    34.7122    34.7117    7.84258         27 0.0000e+00
   1768.000   1743.261     0.8949  30.360426     0.8949  30.359945     4.4719     4.5171    -0.0107    97.9671 1.0000e-12  -65.23710  -69.79814 332.448002      99.98 7.1280e+02   2715.409      65171  1036.0438  1036.0433    34.7123    34.7117    7.84265         27 0.0000e+00
   1769.000   1744.241     0.8944  30.360435     0.8945  30.359974     4.4684     4.5175    -0.0038    97.9743 1.0000e-12  -65.23710  -69.79814 332.448018      99.98 7.0676e+02   2716.712      65202  1036.0484  1036.0478    34.7123    34.7116    7.84274         37 0.0000e+00
   1770.000   1745.222     0.8941  30.360660     0.8944  30.360254     4.4666     4.5127    -0.0101    97.9720 1.0000e-12  -65.23710  -69.79814 332.448036      99.98 6.9637e+02   2718.304      65240  1036.0530  1036.0523    34.7124    34.7116    7.84279         36 0.0000e+00
   1771.000   1746.207     0.8942  30.361045     0.8941  30.360512     4.4682     4.5118    -0.0102    97.9792 1.0000e-12  -65.23709  -69.79814 332.448051      99.98 6.9052e+02   2719.574      65271  1036.0575  1036.0570    34.7123    34.7117    7.84279         26 0.0000e+00
   1772.000   1747.187     0.8932  30.360671     0.8932  30.360111     4.4686     4.5180    -0.0100    97.9660 1.0000e-12  -65.23708  -69.79814 332.448062      99.98 6.8576e+02   2720.562      65294  1036.0622  1036.0617    34.7124    34.7117    7.84298         22 0.0000e+00
   1773.000   1748.170     0.8928  30.360724     0.8928  30.360129     4.4663     4.5222    -0.0117    97.9718 1.0000e-12  -65.23708  -69.79814 332.448073      99.98 6.7993e+02   2721.464      65316  1036.0667  1036.0662    34.7123    34.7116    7.84305         22 0.0000e+00
   1774.000   1749.150     0.8921  30.360540     0.8922  30.360051     4.4687     4.5175    -0.0098    97.9756 1.0000e-12  -65.23710  -69.79812 332.448084      99.98 6.7613e+02   2722.432      65339  1036.0714  1036.0709    34.7124    34.7117    7.84320         25 0.0000e+00
   1775.000   1750.133     0.8912  30.360068     0.8917  30.359906     4.4715     4.5136    -0.0113    97.9667 1.0000e-12  -65.23710  -69.79812 332.448098      99.98 6.7658e+02   2723.673      65369  1036.0759  1036.0754    34.7122    34.7115    7.84338         34 0.0000e+00
   1776.000   1751.115     0.8909  30.360195     0.8910  30.359706     4.4720     4.5132    -0.0116    97.9726 1.0000e-12  -65.23710  -69.79812 332.448114      99.97 6.7853e+02   2725.030      65402  1036.0805  1036.0800    34.7122    34.7115    7.84345         28 0.0000e+00
   1777.000   1752.096     0.8908  30.360541     0.8908  30.360060     4.4673     4.5152    -0.0011    97.9645 1.0000e-12  -65.23710  -69.79812 332.448126      99.97 6.7872e+02   2726.068      65427  1036.0852  1036.0846    34.7123    34.7116    7.84348         23 0.0000e+00
   1778.000   1753.079     0.8905  30.360703     0.8907  30.360358     4.4699     4.5170    -0.0011    97.9706 1.0000e-12  -65.23710  -69.79813 332.448136      99.98 6.7745e+02   2726.963      65448  1036.0897  1036.0892    34.7122    34.7116    7.84353         22 0.0000e+00
   1779.000   1754.058     0.8904  30.360971     0.8903  30.360389     4.4628     4.5199    -0.0087    97.9694 1.0000e-12  -65.23710  -69.79814 332.448148      99.98 6.7554e+02   2727.984      65473  1036.0943  1036.0937    34.7122    34.7116    7.84356         29 0.0000e+00
   1780.000   1755.043     0.8900  30.361008     0.8904  30.360807     4.4743     4.5179    -0.0134    97.9640 1.0000e-12  -65.23708  -69.79813 332.448178      99.98 6.7428e+02   2730.558      65534  1036.0989  1036.0982    34.7122    34.7115    7.84364         31 0.0000e+00
   1781.000   1756.024     0.8895  30.361112     0.8895  30.360573     4.4707     4.5146    -0.0118    97.9612 1.0000e-12  -65.23708  -69.79812 332.448195      99.98 6.7790e+02   2732.082      65571  1036.1035  1036.1030    34.7123    34.7117    7.84372         23 0.0000e+00
   1782.000   1757.007     0.8883  30.360368     0.8898  30.361196     4.4655     4.5183    -0.0098    97.9613 1.0000e-12  -65.23709  -69.79812 332.448206      99.98 6.8179e+02   2732.957      65592  1036.1081  1036.1075    34.7122    34.7116    7.84398         20 0.0000e+00
   1783.000   1757.987     0.8872  30.359874     0.8872  30.359416     4.4639     4.5191    -0.0101    97.9613 1.0000e-12  -65.23710  -69.79812 332.448215      99.98 6.8554e+02   2733.744      65611  1036.1128  1036.1124    34.7122    34.7116    7.84419         18 0.0000e+00
   1784.000   1758.970     0.8867  30.359758     0.8869  30.359425     4.4714     4.5241    -0.0169    97.9613 1.0000e-12  -65.23710  -69.79812 332.448224      99.98 6.9097e+02   2734.522      65630  1036.1174  1036.1169    34.7122    34.7115    7.84431         20 0.0000e+00
   1785.000   1759.952     0.8840  30.357684     0.8840  30.357242     4.4733     4.5237    -0.0177    97.9613 1.0000e-12  -65.23710  -69.79812 332.448233      99.98 6.9362e+02   2735.372      65650  1036.1221  1036.1217    34.7119    34.7113    7.84486         22 0.0000e+00
   1786.000   1760.932     0.8818  30.356252     0.8819  30.355846     4.4620     4.5170    -0.0112    97.9613 1.0000e-12  -65.23710  -69.79812 332.448246      99.97 6.9518e+02   2736.417      65675  1036.1270  1036.1265    34.7119    34.7113    7.84529         28 0.0000e+00
   1787.000   1761.915     0.8805  30.355523     0.8811  30.355412     4.4788     4.5249    -0.0022    97.9613 1.0000e-12  -65.23709  -69.79812 332.448263      99.98 6.9882e+02   2737.929      65711  1036.1318  1036.1310    34.7120    34.7111    7.84556         39 0.0000e+00
   1788.000   1762.897     0.8793  30.354918     0.8793  30.354195     4.4784     4.5191    -0.0014    97.9613 1.0000e-12  -65.23708  -69.79814 332.448283      99.98 7.0043e+02   2739.632      65752  1036.1364  1036.1358    34.7119    34.7111    7.84579         35 0.0000e+00
   1789.000   1763.879     0.8792  30.355114     0.8796  30.354906     4.4709     4.5240    -0.0087    97.9613 1.0000e-12  -65.23708  -69.79814 332.448299      99.98 7.0465e+02   2741.004      65785  1036.1408  1036.1403    34.7118    34.7111    7.84583         31 0.0000e+00
   1790.000   1764.860     0.8795  30.355838     0.8799  30.355706     4.4814     4.5233    -0.0026    97.9613 1.0000e-12  -65.23710  -69.79812 332.448313      99.97 7.0769e+02   2742.202      65814  1036.1454  1036.1448    34.7119    34.7112    7.84576         27 0.0000e+00
   1791.000   1765.842     0.8799  30.356630     0.8799  30.356132     4.4789     4.5246    -0.0103    97.9613 1.0000e-12  -65.23710  -69.79812 332.448325      99.98 7.1121e+02   2743.291      65840  1036.1499  1036.1494    34.7119    34.7113    7.84567         25 0.0000e+00
   1792.000   1766.825     0.8789  30.356147     0.8789  30.355640     4.4767     4.5194    -0.0109    97.9613 1.0000e-12  -65.23710  -69.79812 332.448337      99.98 7.1654e+02   2744.340      65865  1036.1546  1036.1541    34.7119    34.7112    7.84588         25 0.0000e+00
   1793.000   1767.806     0.8788  30.356549     0.8789  30.356024     4.4724     4.5229    -0.0016    97.9613 1.0000e-12  -65.23710  -69.79812 332.448350      99.98 7.2403e+02   2745.445      65892  1036.1592  1036.1586    34.7120    34.7112    7.84589         28 0.0000e+00
   1794.000   1768.788     0.8776  30.355777     0.8781  30.355657     4.4796     4.5226    -0.0102    97.9613 1.0000e-12  -65.23709  -69.79813 332.448364      99.98 7.3479e+02   2746.623      65920  1036.1638  1036.1632    34.7119    34.7111    7.84615         28 0.0000e+00
   1795.000   1769.768     0.8764  30.355083     0.8771  30.355231     4.4692     4.5250    -0.0108    97.9735 1.0000e-12  -65.23709  -69.79813 332.448377      99.98 7.4047e+02   2747.754      65947  1036.1685  1036.1679    34.7118    34.7111    7.84640         26 0.0000e+00
   1796.000   1770.751     0.8749  30.354253     0.8751  30.353892     4.4756     4.5265    -0.0173    97.9680 1.0000e-12  -65.23709  -69.79813 332.448388      99.97 7.4848e+02   2748.763      65971  1036.1732  1036.1727    34.7118    34.7111    7.84669         23 0.0000e+00
   1797.000   1771.733     0.8747  30.354431     0.8749  30.354059     4.4761     4.5263    -0.0181    97.9741 1.0000e-12  -65.23708  -69.79814 332.448400      99.98 7.5706e+02   2749.719      65994  1036.1778  1036.1772    34.7118    34.7110    7.84675         24 0.0000e+00
   1798.000   1772.715     0.8732  30.353497     0.8730  30.352786     4.4761     4.5268    -0.0122    97.9719 1.0000e-12  -65.23708  -69.79814 332.448411      99.98 7.6317e+02   2750.755      66019  1036.1825  1036.1820    34.7117    34.7110    7.84705         27 0.0000e+00
   1799.000   1773.696     0.8709  30.351993     0.8713  30.351767     4.4748     4.5288    -0.0110    97.9690 1.0000e-12  -65.23708  -69.79814 332.448433      99.97 7.6594e+02   2752.580      66063  1036.1874  1036.1867    34.7118    34.7110    7.84751         26 0.0000e+00
   1800.000   1774.678     0.8706  30.351872     0.8707  30.351552     4.4785     4.5272    -0.0058    97.9681 1.0000e-12  -65.23710  -69.79814 332.448460      99.98 7.6090e+02   2754.911      66119  1036.1917  1036.1913    34.7114    34.7109    7.84758         30 0.0000e+00
   1801.000   1775.660     0.8707  30.352550     0.8708  30.352117     4.4788     4.5240    -0.0057    97.9613 1.0000e-12  -65.23710  -69.79814 332.448471      99.98 7.6572e+02   2755.894      66142  1036.1964  1036.1959    34.7117    34.7110    7.84756         22 0.0000e+00
