NBP2113_155081_ctd/data/dnbp2113_011.cnv
* Sea-Bird SBE 9 Data File:
* FileName = D:\Data\raw\NBP2113_011.hex
* Software Version Seasave V 7.26.7.121
* Temperature SN = 2438
* Conductivity SN = 2067
* Number of Bytes Per Scan = 40
* Number of Voltage Words = 5
* Number of Scans Averaged by the Deck Unit = 1
* NMEA Latitude = 63 57.92 S
* NMEA Longitude = 066 51.27 W
* NMEA UTC (Time) = Nov 26 2021  05:08:42
* NMEA baud rate = 9600
** Ship: RVIB N.B. Palmer
** Cruise: NBP2113 LTER
** Station: 600.200
** Operator: B. Urmston
# nquan = 25
# nvalues = 3095                        
# units = specified
# name 0 = prDM: Pressure, Digiquartz [db]
# name 1 = depSM: Depth [salt water, m]
# name 2 = t090C: Temperature [ITS-90, deg C]
# name 3 = c0mS/cm: Conductivity [mS/cm]
# name 4 = t190C: Temperature, 2 [ITS-90, deg C]
# name 5 = c1mS/cm: Conductivity, 2 [mS/cm]
# name 6 = sbeox0ML/L: Oxygen, SBE 43 [ml/l]
# name 7 = sbeox1ML/L: Oxygen, SBE 43, 2 [ml/l]
# name 8 = flECO-AFL: Fluorescence, WET Labs ECO-AFL/FL [mg/m^3]
# name 9 = CStarTr0: Beam Transmission, WET Labs C-Star [%]
# name 10 = par: PAR/Irradiance, Biospherical/Licor
# name 11 = latitude: Latitude [deg]
# name 12 = longitude: Longitude [deg]
# name 13 = timeJ: Julian Days
# name 14 = altM: Altimeter [m]
# name 15 = spar: SPAR, Biospherical/Licor
# name 16 = timeS: Time, Elapsed [seconds]
# name 17 = scan: Scan Count
# name 18 = density00: Density [density, kg/m^3]
# name 19 = density11: Density, 2 [density, kg/m^3]
# name 20 = sal00: Salinity, Practical [PSU]
# name 21 = sal11: Salinity, Practical, 2 [PSU]
# name 22 = oxsolML/L: Oxygen Saturation, Garcia & Gordon [ml/l]
# name 23 = nbin: number of scans per bin
# name 24 = flag: flag
# span 0 =      4.000,   3098.000       
# span 1 =      3.960,   3045.486       
# span 2 =    -1.0118,     2.0379       
# span 3 =  27.485453,  30.709976       
# span 4 =    -1.0103,     2.0382       
# span 5 =  27.484568,  30.708923       
# span 6 =     3.9809,     8.4829       
# span 7 =     3.9843,     8.4819       
# span 8 =    -0.0226,     7.5176       
# span 9 =    88.4704,    97.9357       
# span 10 = 1.0000e-12, 1.0000e-12      
# span 11 =  -63.96602,  -63.96546      
# span 12 =  -66.85634,  -66.85472      
# span 13 = 330.217781, 330.264640      
# span 14 =       6.63,     100.02      
# span 15 = 0.0000e+00, 7.0544e+00      
# span 16 =    294.277,   4342.849      
# span 17 =       7064,     104229      
# span 18 =  1027.2646,  1042.0775      
# span 19 =  1027.2617,  1042.0764      
# span 20 =    33.8964,    34.7289      
# span 21 =    33.8927,    34.7274      
# span 22 =    7.62144,    8.28060      
# span 23 =         15,         49      
# span 24 = 0.0000e+00, 0.0000e+00      
# interval = decibars: 1                
# start_time = Nov 26 2021 05:08:42 [NMEA time, header]
# bad_flag = -9.990e-29
*END*
[from data line 580]
    584.000    577.504     1.8688  30.701003     1.8691  30.699974     4.1252     4.1378     0.0072    97.9101 1.0000e-12  -63.96576  -66.85524 330.228182      99.98 0.0000e+00   1192.906      28631  1030.4896  1030.4884    34.7155    34.7139    7.65075         25 0.0000e+00
    585.000    578.491     1.8661  30.699536     1.8665  30.698598     4.1267     4.1344    -0.0039    97.9098 1.0000e-12  -63.96576  -66.85524 330.228193      99.98 0.0000e+00   1193.872      28654  1030.4950  1030.4937    34.7161    34.7144    7.65125         22 0.0000e+00
    586.000    579.478     1.8656  30.699609     1.8659  30.698608     4.1278     4.1368    -0.0136    97.9098 1.0000e-12  -63.96576  -66.85524 330.228203      99.98 0.0000e+00   1194.767      28675  1030.4998  1030.4984    34.7161    34.7145    7.65134         22 0.0000e+00
    587.000    580.467     1.8653  30.699742     1.8656  30.698727     4.1303     4.1410    -0.0111    97.9139 1.0000e-12  -63.96576  -66.85524 330.228215      99.98 0.0000e+00   1195.753      28699  1030.5044  1030.5031    34.7161    34.7144    7.65140         26 0.0000e+00
    588.000    581.452     1.8646  30.699520     1.8649  30.698533     4.1166     4.1403    -0.0107    97.9180 1.0000e-12  -63.96576  -66.85524 330.228229      99.98 0.0000e+00   1196.991      28729  1030.5090  1030.5078    34.7160    34.7144    7.65153         34 0.0000e+00
    589.000    582.441     1.8640  30.699514     1.8642  30.698524     4.1150     4.1394    -0.0142    97.9213 1.0000e-12  -63.96576  -66.85524 330.228245      99.98 0.0000e+00   1198.358      28762  1030.5138  1030.5126    34.7160    34.7146    7.65164         27 0.0000e+00
    590.000    583.428     1.8637  30.699814     1.8642  30.698918     4.1159     4.1404    -0.0082    97.9138 1.0000e-12  -63.96576  -66.85524 330.228258      99.98 0.0000e+00   1199.470      28788  1030.5186  1030.5172    34.7163    34.7146    7.65170         25 0.0000e+00
    591.000    584.416     1.8636  30.700350     1.8640  30.699375     4.1190     4.1379    -0.0105    97.9088 1.0000e-12  -63.96576  -66.85524 330.228269      99.98 0.0000e+00   1200.444      28812  1030.5234  1030.5221    34.7164    34.7148    7.65170         23 0.0000e+00
    592.000    585.404     1.8634  30.700516     1.8637  30.699447     4.1212     4.1416    -0.0149    97.8688 1.0000e-12  -63.96576  -66.85524 330.228281      99.97 0.0000e+00   1201.476      28836  1030.5280  1030.5266    34.7163    34.7147    7.65175         27 0.0000e+00
    593.000    586.391     1.8624  30.700076     1.8627  30.699015     4.1246     4.1416    -0.0124    97.9096 1.0000e-12  -63.96576  -66.85524 330.228298      99.98 0.0000e+00   1202.933      28871  1030.5327  1030.5314    34.7163    34.7147    7.65195         42 0.0000e+00
    594.000    587.378     1.8611  30.699438     1.8612  30.698461     4.1104     4.1375    -0.0056    97.8930 1.0000e-12  -63.96576  -66.85524 330.228318      99.98 0.0000e+00   1204.699      28914  1030.5375  1030.5364    34.7164    34.7150    7.65219         34 0.0000e+00
    595.000    588.365     1.8609  30.699894     1.8611  30.698889     4.1186     4.1324    -0.0098    97.9127 1.0000e-12  -63.96576  -66.85524 330.228331      99.98 0.0000e+00   1205.807      28940  1030.5424  1030.5412    34.7166    34.7150    7.65222         22 0.0000e+00
    596.000    589.354     1.8609  30.700382     1.8612  30.699423     4.1174     4.1366    -0.0143    97.9111 1.0000e-12  -63.96576  -66.85524 330.228341      99.98 0.0000e+00   1206.655      28961  1030.5471  1030.5458    34.7166    34.7151    7.65221         20 0.0000e+00
    597.000    590.341     1.8608  30.700741     1.8610  30.699741     4.1206     4.1396    -0.0132    97.9098 1.0000e-12  -63.96576  -66.85524 330.228350      99.98 0.0000e+00   1207.465      28980  1030.5518  1030.5505    34.7167    34.7151    7.65224         20 0.0000e+00
    598.000    591.329     1.8606  30.700994     1.8609  30.700046     4.1222     4.1399    -0.0149    97.9098 1.0000e-12  -63.96576  -66.85522 330.228361      99.98 0.0000e+00   1208.411      29003  1030.5564  1030.5552    34.7166    34.7151    7.65227         26 0.0000e+00
    599.000    592.315     1.8606  30.701341     1.8609  30.700418     4.1238     4.1409    -0.0150    97.9144 1.0000e-12  -63.96576  -66.85522 330.228376      99.98 0.0000e+00   1209.656      29033  1030.5609  1030.5597    34.7164    34.7150    7.65227         33 0.0000e+00
    600.000    593.304     1.8603  30.701657     1.8606  30.700644     4.1291     4.1408    -0.0150    97.9209 1.0000e-12  -63.96576  -66.85522 330.228391      99.98 0.0000e+00   1210.940      29064  1030.5657  1030.5644    34.7166    34.7150    7.65232         28 0.0000e+00
    601.000    594.290     1.8599  30.701889     1.8603  30.700844     4.1227     4.1414    -0.0150    97.9127 1.0000e-12  -63.96576  -66.85522 330.228404      99.98 0.0000e+00   1212.082      29091  1030.5705  1030.5691    34.7168    34.7151    7.65239         28 0.0000e+00
    602.000    595.278     1.8601  30.702222     1.8602  30.701225     4.1263     4.1417    -0.0142    97.9195 1.0000e-12  -63.96576  -66.85522 330.228419      99.98 0.0000e+00   1213.372      29122  1030.5749  1030.5738    34.7165    34.7151    7.65238         34 0.0000e+00
    603.000    596.264     1.8593  30.702142     1.8595  30.701055     4.1157     4.1446    -0.0078    97.9293 1.0000e-12  -63.96576  -66.85522 330.228435      99.98 0.0000e+00   1214.793      29156  1030.5798  1030.5786    34.7167    34.7151    7.65252         32 0.0000e+00
    604.000    597.252     1.8587  30.702269     1.8590  30.701241     4.1204     4.1440    -0.0057    97.9178 1.0000e-12  -63.96576  -66.85522 330.228449      99.98 0.0000e+00   1215.971      29184  1030.5847  1030.5834    34.7169    34.7153    7.65262         26 0.0000e+00
    605.000    598.240     1.8583  30.702410     1.8585  30.701315     4.1254     4.1440    -0.0054    97.8958 1.0000e-12  -63.96576  -66.85522 330.228461      99.98 0.0000e+00   1217.025      29210  1030.5895  1030.5882    34.7170    34.7154    7.65270         25 0.0000e+00
    606.000    599.228     1.8573  30.701944     1.8575  30.700871     4.1315     4.1403    -0.0121    97.9275 1.0000e-12  -63.96576  -66.85520 330.228473      99.98 0.0000e+00   1218.089      29235  1030.5942  1030.5929    34.7170    34.7154    7.65290         25 0.0000e+00
    607.000    600.214     1.8571  30.702367     1.8575  30.701375     4.1266     4.1357    -0.0085    97.9137 1.0000e-12  -63.96576  -66.85520 330.228485      99.98 0.0000e+00   1219.145      29260  1030.5989  1030.5977    34.7171    34.7155    7.65291         25 0.0000e+00
    608.000    601.203     1.8568  30.702548     1.8571  30.701607     4.1218     4.1401    -0.0055    97.9174 1.0000e-12  -63.96576  -66.85520 330.228497      99.98 0.0000e+00   1220.165      29285  1030.6037  1030.6024    34.7171    34.7156    7.65297         24 0.0000e+00
    609.000    602.190     1.8553  30.701667     1.8553  30.700508     4.1270     4.1437    -0.0054    97.9108 1.0000e-12  -63.96576  -66.85520 330.228509      99.98 0.0000e+00   1221.168      29309  1030.6085  1030.6073    34.7171    34.7156    7.65327         25 0.0000e+00
    610.000    603.177     1.8516  30.699066     1.8518  30.698008     4.1241     4.1404    -0.0029    97.8929 1.0000e-12  -63.96576  -66.85520 330.228521      99.98 0.0000e+00   1222.239      29335  1030.6137  1030.6125    34.7173    34.7158    7.65397         27 0.0000e+00
    611.000    604.165     1.8494  30.697662     1.8497  30.696658     4.1332     4.1394    -0.0025    97.9190 1.0000e-12  -63.96576  -66.85520 330.228535      99.98 0.0000e+00   1223.443      29364  1030.6186  1030.6174    34.7174    34.7159    7.65438         28 0.0000e+00
    612.000    605.150     1.8492  30.697865     1.8494  30.696873     4.1265     4.1475    -0.0060    97.9097 1.0000e-12  -63.96576  -66.85520 330.228550      99.98 0.0000e+00   1224.679      29393  1030.6233  1030.6221    34.7174    34.7159    7.65443         29 0.0000e+00
    613.000    606.139     1.8487  30.698033     1.8490  30.697042     4.1314     4.1472    -0.0124    97.9107 1.0000e-12  -63.96576  -66.85520 330.228563      99.98 0.0000e+00   1225.864      29422  1030.6281  1030.6268    34.7175    34.7159    7.65451         28 0.0000e+00
    614.000    607.126     1.8486  30.698346     1.8489  30.697320     4.1309     4.1472    -0.0137    97.9199 1.0000e-12  -63.96576  -66.85520 330.228577      99.98 0.0000e+00   1227.013      29449  1030.6327  1030.6314    34.7175    34.7159    7.65454         28 0.0000e+00
    615.000    608.113     1.8482  30.698559     1.8485  30.697453     4.1281     4.1463    -0.0147    97.9059 1.0000e-12  -63.96576  -66.85520 330.228590      99.98 0.0000e+00   1228.173      29477  1030.6375  1030.6361    34.7176    34.7159    7.65460         27 0.0000e+00
    616.000    609.101     1.8469  30.697752     1.8471  30.696788     4.1276     4.1481    -0.0150    97.8954 1.0000e-12  -63.96576  -66.85520 330.228603      99.98 0.0000e+00   1229.284      29504  1030.6422  1030.6410    34.7175    34.7161    7.65487         26 0.0000e+00
    617.000    610.089     1.8432  30.695319     1.8434  30.694278     4.1274     4.1490    -0.0066    97.9100 1.0000e-12  -63.96576  -66.85520 330.228614      99.98 0.0000e+00   1230.283      29528  1030.6476  1030.6464    34.7180    34.7164    7.65556         22 0.0000e+00
    618.000    611.074     1.8412  30.694262     1.8415  30.693155     4.1321     4.1494    -0.0061    97.9098 1.0000e-12  -63.96576  -66.85520 330.228625      99.98 0.0000e+00   1231.213      29550  1030.6527  1030.6513    34.7182    34.7165    7.65592         23 0.0000e+00
    619.000    612.064     1.8396  30.693286     1.8400  30.692321     4.1307     4.1501    -0.0055    97.9098 1.0000e-12  -63.96576  -66.85520 330.228637      99.98 0.0000e+00   1232.245      29575  1030.6575  1030.6561    34.7181    34.7166    7.65623         29 0.0000e+00
    620.000    613.049     1.8391  30.693277     1.8394  30.692267     4.1234     4.1525    -0.0017    97.9098 1.0000e-12  -63.96574  -66.85522 330.228662      99.98 0.0000e+00   1234.415      29627  1030.6621  1030.6608    34.7182    34.7165    7.65634         39 0.0000e+00
    621.000    614.037     1.8381  30.692869     1.8381  30.691777     4.1246     4.1499    -0.0124    97.8936 1.0000e-12  -63.96574  -66.85522 330.228684      99.98 0.0000e+00   1236.321      29673  1030.6669  1030.6657    34.7182    34.7168    7.65653         30 0.0000e+00
    622.000    615.025     1.8370  30.692541     1.8373  30.691587     4.1331     4.1511    -0.0073    97.8976 1.0000e-12  -63.96574  -66.85520 330.228696      99.98 0.0000e+00   1237.353      29697  1030.6718  1030.6706    34.7185    34.7169    7.65673         23 0.0000e+00
    623.000    616.012     1.8355  30.691787     1.8357  30.690804     4.1309     4.1516    -0.0138    97.9148 1.0000e-12  -63.96576  -66.85520 330.228706      99.98 0.0000e+00   1238.221      29718  1030.6767  1030.6755    34.7186    34.7171    7.65701         20 0.0000e+00
    624.000    616.999     1.8342  30.691322     1.8346  30.690352     4.1332     4.1491    -0.0146    97.9127 1.0000e-12  -63.96576  -66.85520 330.228716      99.98 0.0000e+00   1239.023      29738  1030.6817  1030.6804    34.7188    34.7172    7.65724         18 0.0000e+00
    625.000    617.987     1.8339  30.691505     1.8343  30.690547     4.1372     4.1500    -0.0085    97.9035 1.0000e-12  -63.96576  -66.85520 330.228725      99.98 0.0000e+00   1239.806      29756  1030.6863  1030.6851    34.7188    34.7172    7.65730         20 0.0000e+00
    626.000    618.973     1.8331  30.691241     1.8335  30.690312     4.1362     4.1528    -0.0088    97.8885 1.0000e-12  -63.96576  -66.85520 330.228734      99.97 0.0000e+00   1240.618      29776  1030.6911  1030.6898    34.7188    34.7173    7.65746         20 0.0000e+00
    627.000    619.961     1.8324  30.691100     1.8327  30.690224     4.1400     4.1568    -0.0135    97.9068 1.0000e-12  -63.96576  -66.85521 330.228744      99.98 0.0000e+00   1241.508      29797  1030.6959  1030.6947    34.7189    34.7174    7.65759         23 0.0000e+00
    628.000    620.949     1.8323  30.691410     1.8325  30.690429     4.1392     4.1564    -0.0026    97.9096 1.0000e-12  -63.96575  -66.85522 330.228758      99.98 0.0000e+00   1242.652      29825  1030.7004  1030.6992    34.7188    34.7173    7.65761         35 0.0000e+00
    629.000    621.936     1.8324  30.691868     1.8326  30.690884     4.1278     4.1508    -0.0112    97.9098 1.0000e-12  -63.96574  -66.85524 330.228787      99.98 0.0000e+00   1245.231      29887  1030.7050  1030.7038    34.7187    34.7173    7.65760         37 0.0000e+00
    630.000    622.922     1.8309  30.691331     1.8312  30.690338     4.1359     4.1583    -0.0061    97.9098 1.0000e-12  -63.96575  -66.85524 330.228807      99.98 0.0000e+00   1246.967      29928  1030.7100  1030.7088    34.7191    34.7176    7.65786         26 0.0000e+00
    631.000    623.910     1.8298  30.690881     1.8299  30.689765     4.1341     4.1622    -0.0050    97.9098 1.0000e-12  -63.96576  -66.85524 330.228818      99.98 0.0000e+00   1247.852      29949  1030.7149  1030.7137    34.7192    34.7177    7.65807         19 0.0000e+00
    632.000    624.898     1.8287  30.690518     1.8288  30.689355     4.1377     4.1623    -0.0116    97.9098 1.0000e-12  -63.96576  -66.85524 330.228827      99.98 0.0000e+00   1248.630      29968  1030.7198  1030.7186    34.7194    34.7179    7.65828         19 0.0000e+00
    633.000    625.885     1.8277  30.690087     1.8281  30.689215     4.1390     4.1600    -0.0149    97.9098 1.0000e-12  -63.96576  -66.85524 330.228836      99.98 0.0000e+00   1249.459      29988  1030.7246  1030.7234    34.7194    34.7179    7.65847         22 0.0000e+00
    634.000    626.872     1.8273  30.690066     1.8275  30.688933     4.1379     4.1595    -0.0129    97.9098 1.0000e-12  -63.96576  -66.85524 330.228853      99.98 0.0000e+00   1250.905      30023  1030.7292  1030.7278    34.7192    34.7176    7.65855         37 0.0000e+00
    635.000    627.859     1.8266  30.689921     1.8269  30.688987     4.1431     4.1544    -0.0125    97.9098 1.0000e-12  -63.96576  -66.85524 330.228882      99.98 0.0000e+00   1253.366      30082  1030.7339  1030.7326    34.7193    34.7177    7.65869         32 0.0000e+00
    636.000    628.847     1.8250  30.689250     1.8253  30.688348     4.1385     4.1501    -0.0055    97.9214 1.0000e-12  -63.96576  -66.85524 330.228893      99.98 0.0000e+00   1254.388      30106  1030.7390  1030.7377    34.7197    34.7181    7.65898         21 0.0000e+00
    637.000    629.834     1.8247  30.689403     1.8251  30.688497     4.1353     4.1552    -0.0043    97.9112 1.0000e-12  -63.96576  -66.85524 330.228902      99.98 0.0000e+00   1255.174      30125  1030.7436  1030.7423    34.7196    34.7180    7.65904         17 0.0000e+00
    638.000    630.820     1.8248  30.690011     1.8249  30.688975     4.1336     4.1598    -0.0065    97.9299 1.0000e-12  -63.96576  -66.85524 330.228911      99.98 0.0000e+00   1255.888      30142  1030.7483  1030.7471    34.7197    34.7182    7.65901         17 0.0000e+00
    639.000    631.808     1.8233  30.689238     1.8238  30.688410     4.1355     4.1606     0.0017    97.9130 1.0000e-12  -63.96576  -66.85524 330.228919      99.98 0.0000e+00   1256.577      30159  1030.7532  1030.7519    34.7198    34.7182    7.65930         17 0.0000e+00
    640.000    632.797     1.8227  30.689239     1.8229  30.688113     4.1369     4.1647    -0.0028    97.9111 1.0000e-12  -63.96576  -66.85524 330.228927      99.98 0.0000e+00   1257.332      30177  1030.7580  1030.7566    34.7199    34.7182    7.65940         20 0.0000e+00
