NBP2113_155081_ctd/data/dnbp2113_024.cnv
* Sea-Bird SBE 9 Data File:
* FileName = D:\Data\raw\NBP2113_024.hex
* Software Version Seasave V 7.26.7.121
* Temperature SN = 2438
* Conductivity SN = 2067
* Number of Bytes Per Scan = 40
* Number of Voltage Words = 5
* Number of Scans Averaged by the Deck Unit = 1
* NMEA Latitude = 67 06.83 S
* NMEA Longitude = 071 31.86 W
* NMEA UTC (Time) = Dec 02 2021  07:40:38
* NMEA baud rate = 9600
** Ship: RVIB N.B. Palmer
** Cruise: NBP2113 LTER
** Station: 200.100
** Operator: B. Urmston
# nquan = 25
# nvalues = 417                         
# units = specified
# name 0 = prDM: Pressure, Digiquartz [db]
# name 1 = depSM: Depth [salt water, m]
# name 2 = t090C: Temperature [ITS-90, deg C]
# name 3 = c0mS/cm: Conductivity [mS/cm]
# name 4 = t190C: Temperature, 2 [ITS-90, deg C]
# name 5 = c1mS/cm: Conductivity, 2 [mS/cm]
# name 6 = sbeox0ML/L: Oxygen, SBE 43 [ml/l]
# name 7 = sbeox1ML/L: Oxygen, SBE 43, 2 [ml/l]
# name 8 = flECO-AFL: Fluorescence, WET Labs ECO-AFL/FL [mg/m^3]
# name 9 = CStarTr0: Beam Transmission, WET Labs C-Star [%]
# name 10 = par: PAR/Irradiance, Biospherical/Licor
# name 11 = latitude: Latitude [deg]
# name 12 = longitude: Longitude [deg]
# name 13 = timeJ: Julian Days
# name 14 = altM: Altimeter [m]
# name 15 = spar: SPAR, Biospherical/Licor
# name 16 = timeS: Time, Elapsed [seconds]
# name 17 = scan: Scan Count
# name 18 = density00: Density [density, kg/m^3]
# name 19 = density11: Density, 2 [density, kg/m^3]
# name 20 = sal00: Salinity, Practical [PSU]
# name 21 = sal11: Salinity, Practical, 2 [PSU]
# name 22 = oxsolML/L: Oxygen Saturation, Garcia & Gordon [ml/l]
# name 23 = nbin: number of scans per bin
# name 24 = flag: flag
# span 0 =      6.000,    422.000       
# span 1 =      5.909,    417.380       
# span 2 =    -0.4946,     1.4783       
# span 3 =  27.887660,  30.208013       
# span 4 =    -0.4944,     1.4779       
# span 5 =  27.885890,  30.206382       
# span 6 =     3.5096,     8.1688       
# span 7 =     3.9289,     8.2170       
# span 8 =    -0.0112,     3.0782       
# span 9 =    87.7795,    97.3027       
# span 10 = -7.718e-06, 8.7252e+00      
# span 11 =  -67.11402,  -67.11380      
# span 12 =  -71.53071,  -71.52968      
# span 13 = 336.323486, 336.331940      
# span 14 =       8.43,     101.37      
# span 15 = 2.8141e+01, 6.5242e+01      
# span 16 =    311.291,   1041.647      
# span 17 =       7472,      25001      
# span 18 =  1027.3649,  1029.7721      
# span 19 =  1027.3626,  1029.7706      
# span 20 =    34.0156,    34.7102      
# span 21 =    34.0131,    34.7084      
# span 22 =    7.72767,    8.17094      
# span 23 =          1,         45      
# span 24 = 0.0000e+00, 0.0000e+00      
# interval = decibars: 1                
# start_time = Dec 02 2021 07:40:38 [NMEA time, header]
# bad_flag = -9.990e-29
*END*
[from data line 348]
    354.000    350.180     1.4212  30.200535     1.4209  30.199019     3.9631     4.0061    -0.0008    97.2127 1.0000e-12  -67.11390  -71.53022 336.330686      77.44 4.5835e+01    933.296      22400  1029.4459  1029.4447    34.7052    34.7036    7.73839         19 0.0000e+00
    355.000    351.168     1.4207  30.200560     1.4202  30.198934     3.9646     4.0055     0.0025    97.2396 1.0000e-12  -67.11390  -71.53024 336.330696      76.44 4.5835e+01    934.124      22420  1029.4508  1029.4495    34.7053    34.7037    7.73849         22 0.0000e+00
    356.000    352.157     1.4181  30.198918     1.4179  30.197345     3.9599     4.0105     0.0066    97.2403 1.0000e-12  -67.11390  -71.53026 336.330709      75.25 4.5835e+01    935.291      22448  1029.4559  1029.4544    34.7055    34.7036    7.73899         30 0.0000e+00
    357.000    353.143     1.4148  30.196711     1.4147  30.195077     3.9625     4.0082    -0.0046    97.2482 1.0000e-12  -67.11391  -71.53028 336.330737      74.15 4.5835e+01    937.641      22504  1029.4610  1029.4595    34.7057    34.7038    7.73962         37 0.0000e+00
    358.000    354.132     1.4134  30.195768     1.4135  30.194570     3.9666     4.0050     0.0131    97.1740 1.0000e-12  -67.11392  -71.53028 336.330755      73.35 4.5835e+01    939.262      22543  1029.4657  1029.4643    34.7055    34.7039    7.73991         25 0.0000e+00
    359.000    355.121     1.4131  30.196176     1.4128  30.194616     3.9615     4.0059     0.0133    97.2219 1.0000e-12  -67.11392  -71.53026 336.330766      72.33 4.5835e+01    940.192      22566  1029.4705  1029.4693    34.7057    34.7041    7.73995         21 0.0000e+00
    360.000    356.108     1.4133  30.196803     1.4129  30.195221     3.9584     4.0064     0.0131    97.1877 1.0000e-12  -67.11392  -71.53024 336.330775      71.33 4.5835e+01    940.994      22585  1029.4753  1029.4740    34.7058    34.7042    7.73992         19 0.0000e+00
    361.000    357.098     1.4134  30.197354     1.4128  30.195682     3.9541     4.0057     0.0121    97.2177 1.0000e-12  -67.11392  -71.53023 336.330784      70.31 4.5835e+01    941.753      22603  1029.4799  1029.4788    34.7057    34.7043    7.73989         17 0.0000e+00
    362.000    358.085     1.4133  30.197659     1.4128  30.195998     3.9591     4.0028     0.0114    97.2351 1.0000e-12  -67.11392  -71.53022 336.330793      69.43 4.5835e+01    942.518      22621  1029.4846  1029.4833    34.7057    34.7041    7.73992         20 0.0000e+00
    363.000    359.076     1.4124  30.197450     1.4120  30.195831     3.9548     4.0048    -0.0063    97.2213 1.0000e-12  -67.11392  -71.53024 336.330803      68.20 4.5835e+01    943.338      22641  1029.4894  1029.4881    34.7058    34.7042    7.74008         20 0.0000e+00
    364.000    360.063     1.4118  30.197299     1.4113  30.195592     3.9550     4.0067     0.0132    97.1889 1.0000e-12  -67.11392  -71.53026 336.330813      67.02 4.5835e+01    944.226      22662  1029.4941  1029.4929    34.7058    34.7042    7.74022         22 0.0000e+00
    365.000    361.051     1.4106  30.196711     1.4108  30.195602     3.9517     4.0052     0.0079    97.1990 1.0000e-12  -67.11392  -71.53028 336.330824      66.04 4.5835e+01    945.196      22686  1029.4989  1029.4976    34.7057    34.7041    7.74045         25 0.0000e+00
    366.000    362.039     1.4020  30.190199     1.4026  30.189238     3.9454     4.0008     0.0021    97.1984 1.0000e-12  -67.11392  -71.53029 336.330842      64.93 4.5835e+01    946.725      22722  1029.5050  1029.5033    34.7063    34.7044    7.74210         35 0.0000e+00
    367.000    363.029     1.3954  30.184687     1.3978  30.185516     3.9329     3.9870     0.0121    97.1587 1.0000e-12  -67.11392  -71.53032 336.330893      63.80 4.5835e+01    951.173      22829  1029.5100  1029.5085    34.7061    34.7045    7.74342         30 0.0000e+00
    368.000    364.014     1.3918  30.182354     1.3916  30.180678     3.9272     3.9795     0.0011    97.0837 1.0000e-12  -67.11392  -71.53032 336.330904      62.99 4.5835e+01    952.112      22852  1029.5153  1029.5139    34.7065    34.7046    7.74410         22 0.0000e+00
    369.000    365.005     1.3874  30.178863     1.3870  30.177314     3.9209     3.9783     0.0105    97.0380 1.0000e-12  -67.11393  -71.53032 336.330914      62.16 4.5835e+01    952.965      22872  1029.5203  1029.5191    34.7063    34.7047    7.74498         20 0.0000e+00
    370.000    365.992     1.3817  30.174296     1.3814  30.172689     3.9222     3.9783     0.0073    96.9883 1.0000e-12  -67.11394  -71.53032 336.330923      60.99 4.5835e+01    953.733      22891  1029.5255  1029.5242    34.7062    34.7045    7.74611         18 0.0000e+00
    371.000    366.981     1.3796  30.172920     1.3792  30.171276     3.9181     3.9787     0.0013    97.0055 1.0000e-12  -67.11394  -71.53032 336.330931      60.15 4.5835e+01    954.470      22908  1029.5303  1029.5291    34.7062    34.7045    7.74652         18 0.0000e+00
    372.000    367.970     1.3789  30.173006     1.3785  30.171446     3.9152     3.9759     0.0009    97.0086 1.0000e-12  -67.11394  -71.53032 336.330940      58.95 4.5835e+01    955.208      22926  1029.5353  1029.5341    34.7065    34.7050    7.74664         17 0.0000e+00
    373.000    368.958     1.3789  30.173602     1.3784  30.171971     3.9223     3.9753     0.0061    96.9536 1.0000e-12  -67.11394  -71.53032 336.330949      57.97 4.6019e+01    955.950      22944  1029.5401  1029.5389    34.7067    34.7051    7.74663         19 0.0000e+00
    374.000    369.944     1.3783  30.173737     1.3779  30.172033     3.9228     3.9750     0.0131    96.8842 1.0000e-12  -67.11394  -71.53031 336.330957      56.81 4.6227e+01    956.729      22962  1029.5450  1029.5437    34.7070    34.7052    7.74674         18 0.0000e+00
    375.000    370.934     1.3777  30.173948     1.3773  30.172306     3.9195     3.9756     0.0016    96.8289 1.0000e-12  -67.11394  -71.53030 336.330967      55.81 4.7053e+01    957.574      22983  1029.5500  1029.5487    34.7073    34.7056    7.74683         23 0.0000e+00
    376.000    371.923     1.3771  30.174338     1.3769  30.172842     3.9195     3.9766     0.0172    96.7835 1.0000e-12  -67.11394  -71.53031 336.330980      54.67 4.7581e+01    958.652      23009  1029.5551  1029.5538    34.7079    34.7062    7.74692         30 0.0000e+00
    377.000    372.910     1.3767  30.174741     1.3769  30.173353     3.9199     3.9780     0.0170    96.6843 1.0000e-12  -67.11393  -71.53035 336.331011      53.42 4.7598e+01    961.369      23074  1029.5601  1029.5585    34.7083    34.7063    7.74698         35 0.0000e+00
    378.000    373.898     1.3756  30.174738     1.3758  30.173308     3.9180     3.9715     0.0222    96.5962 1.0000e-12  -67.11392  -71.53039 336.331050      52.48 4.7598e+01    964.697      23154  1029.5653  1029.5636    34.7089    34.7069    7.74716         34 0.0000e+00
    379.000    374.887     1.3752  30.174890     1.3751  30.173328     3.9231     3.9631     0.0163    96.5722 1.0000e-12  -67.11393  -71.53038 336.331064      51.53 4.7598e+01    965.924      23183  1029.5700  1029.5685    34.7090    34.7071    7.74724         28 0.0000e+00
    380.000    375.874     1.3755  30.175581     1.3753  30.173976     3.9142     3.9615     0.0173    96.5696 1.0000e-12  -67.11394  -71.53037 336.331076      50.64 4.7598e+01    966.972      23208  1029.5746  1029.5732    34.7089    34.7071    7.74718         22 0.0000e+00
    381.000    376.865     1.3758  30.176319     1.3756  30.174785     3.9106     3.9623     0.0133    96.5616 1.0000e-12  -67.11394  -71.53036 336.331085      49.67 4.7598e+01    967.773      23228  1029.5793  1029.5779    34.7089    34.7072    7.74711         17 0.0000e+00
    382.000    377.850     1.3759  30.176757     1.3755  30.175200     3.9085     3.9609     0.0178    96.5414 1.0000e-12  -67.11394  -71.53036 336.331093      48.83 4.7598e+01    968.427      23243  1029.5840  1029.5827    34.7089    34.7073    7.74711         15 0.0000e+00
    383.000    378.840     1.3758  30.177283     1.3755  30.175732     3.9124     3.9622     0.0171    96.5254 1.0000e-12  -67.11396  -71.53034 336.331100      47.97 4.7598e+01    968.998      23257  1029.5888  1029.5875    34.7091    34.7074    7.74712         13 0.0000e+00
    384.000    379.826     1.3754  30.177629     1.3750  30.175834     3.9108     3.9636     0.0138    96.5195 1.0000e-12  -67.11396  -71.53034 336.331106      47.06 4.7598e+01    969.536      23270  1029.5937  1029.5923    34.7094    34.7075    7.74718         13 0.0000e+00
    385.000    380.818     1.3751  30.177943     1.3748  30.176226     3.9168     3.9632     0.0137    96.5236 1.0000e-12  -67.11394  -71.53034 336.331112      45.90 4.7598e+01    970.053      23282  1029.5986  1029.5971    34.7095    34.7077    7.74723         12 0.0000e+00
    386.000    381.804     1.3750  30.178345     1.3748  30.176782     3.9160     3.9625     0.0137    96.5453 1.0000e-12  -67.11394  -71.53034 336.331118      44.79 4.7796e+01    970.589      23295  1029.6033  1029.6019    34.7096    34.7078    7.74724         13 0.0000e+00
    387.000    382.794     1.3749  30.178735     1.3746  30.177028     3.9228     3.9674     0.0127    96.5354 1.0000e-12  -67.11394  -71.53036 336.331125      43.68 4.9320e+01    971.212      23310  1029.6080  1029.6065    34.7096    34.7077    7.74726         18 0.0000e+00
    388.000    383.781     1.3754  30.179411     1.3752  30.177687     3.9209     3.9697     0.0239    96.5136 1.0000e-12  -67.11393  -71.53040 336.331171      42.38 4.9361e+01    975.183      23405  1029.6123  1029.6109    34.7093    34.7074    7.74718         30 0.0000e+00
    389.000    384.770     1.3749  30.179563     1.3748  30.178017     3.9177     3.9668     0.0275    96.4959 1.0000e-12  -67.11394  -71.53044 336.331197      41.34 4.9361e+01    977.386      23458  1029.6172  1029.6157    34.7095    34.7076    7.74726         28 0.0000e+00
    390.000    385.757     1.3746  30.179839     1.3745  30.178264     3.9181     3.9612     0.0208    96.5023 1.0000e-12  -67.11394  -71.53044 336.331214      40.23 4.9361e+01    978.924      23495  1029.6221  1029.6205    34.7096    34.7077    7.74732         44 0.0000e+00
    391.000    386.745     1.3748  30.180505     1.3746  30.178816     3.9155     3.9610     0.0274    96.5032 1.0000e-12  -67.11394  -71.53042 336.331233      39.30 4.9361e+01    980.517      23533  1029.6268  1029.6252    34.7097    34.7077    7.74728         27 0.0000e+00
    392.000    387.733     1.3750  30.181177     1.3746  30.179563     3.9168     3.9565     0.0227    96.5258 1.0000e-12  -67.11394  -71.53042 336.331243      38.55 4.9361e+01    981.385      23554  1029.6315  1029.6302    34.7097    34.7081    7.74723         18 0.0000e+00
    393.000    388.720     1.3752  30.181890     1.3748  30.180203     3.9170     3.9615     0.0205    96.5230 1.0000e-12  -67.11394  -71.53042 336.331250      37.67 4.9361e+01    982.033      23570  1029.6362  1029.6348    34.7099    34.7081    7.74719         14 0.0000e+00
    394.000    389.711     1.3752  30.182370     1.3749  30.180710     3.9165     3.9647     0.0137    96.5286 1.0000e-12  -67.11394  -71.53042 336.331257      36.71 4.9361e+01    982.610      23584  1029.6409  1029.6396    34.7099    34.7081    7.74719         14 0.0000e+00
    395.000    390.698     1.3752  30.182906     1.3750  30.181271     3.9173     3.9652     0.0137    96.5214 1.0000e-12  -67.11394  -71.53042 336.331263      35.73 4.9361e+01    983.162      23597  1029.6457  1029.6443    34.7099    34.7082    7.74718         13 0.0000e+00
    396.000    391.684     1.3750  30.183180     1.3748  30.181510     3.9159     3.9662     0.0209    96.5014 1.0000e-12  -67.11394  -71.53043 336.331270      34.71 4.9361e+01    983.718      23610  1029.6504  1029.6489    34.7100    34.7080    7.74722         14 0.0000e+00
    397.000    392.676     1.3748  30.183518     1.3745  30.181816     3.9185     3.9660     0.0225    96.4845 1.0000e-12  -67.11394  -71.53044 336.331277      33.73 4.9574e+01    984.334      23625  1029.6552  1029.6538    34.7101    34.7082    7.74726         16 0.0000e+00
    398.000    393.662     1.3747  30.183751     1.3744  30.182086     3.9137     3.9658     0.0264    96.4841 1.0000e-12  -67.11394  -71.53044 336.331288      32.40 5.0389e+01    985.300      23648  1029.6598  1029.6583    34.7099    34.7081    7.74729         27 0.0000e+00
    399.000    394.655     1.3750  30.184364     1.3746  30.182620     3.9177     3.9671     0.0208    96.4915 1.0000e-12  -67.11394  -71.53045 336.331331      31.01 5.1123e+01    988.991      23737  1029.6643  1029.6629    34.7098    34.7079    7.74724         26 0.0000e+00
    400.000    395.639     1.3750  30.184880     1.3747  30.183137     3.9134     3.9602     0.0292    96.4977 1.0000e-12  -67.11394  -71.53049 336.331371      30.13 5.1124e+01    992.473      23820  1029.6690  1029.6676    34.7098    34.7080    7.74722         41 0.0000e+00
    401.000    396.627     1.3749  30.185358     1.3746  30.183785     3.9066     3.9592     0.0206    96.4986 1.0000e-12  -67.11394  -71.53051 336.331386      29.34 5.1124e+01    993.717      23850  1029.6739  1029.6725    34.7100    34.7083    7.74725         21 0.0000e+00
    402.000    397.615     1.3750  30.185898     1.3747  30.184335     3.9089     3.9628     0.0252    96.4856 1.0000e-12  -67.11394  -71.53052 336.331395      28.55 5.1124e+01    994.484      23869  1029.6785  1029.6773    34.7100    34.7084    7.74722         17 0.0000e+00
    403.000    398.601     1.3751  30.186395     1.3747  30.184873     3.9163     3.9637     0.0284    96.4697 1.0000e-12  -67.11394  -71.53052 336.331402      27.52 5.1124e+01    995.138      23884  1029.6832  1029.6820    34.7100    34.7084    7.74721         16 0.0000e+00
    404.000    399.594     1.3751  30.186758     1.3747  30.185292     3.9151     3.9644     0.0201    96.4928 1.0000e-12  -67.11394  -71.53051 336.331410      26.61 5.1124e+01    995.790      23900  1029.6878  1029.6866    34.7099    34.7084    7.74721         16 0.0000e+00
    405.000    400.579     1.3749  30.187073     1.3746  30.185635     3.9091     3.9651     0.0202    96.4843 1.0000e-12  -67.11394  -71.53050 336.331418      25.51 5.1124e+01    996.541      23918  1029.6925  1029.6913    34.7098    34.7084    7.74724         21 0.0000e+00
    406.000    401.567     1.3750  30.187565     1.3747  30.185924     3.9057     3.9633     0.0255    96.4736 1.0000e-12  -67.11394  -71.53048 336.331433      24.24 5.1124e+01    997.777      23948  1029.6971  1029.6958    34.7098    34.7081    7.74723         39 0.0000e+00
    407.000    402.555     1.3750  30.188091     1.3748  30.186390     3.9122     3.9638     0.0313    96.4546 1.0000e-12  -67.11394  -71.53048 336.331455      23.09 5.1124e+01    999.746      23995  1029.7019  1029.7003    34.7099    34.7080    7.74723         37 0.0000e+00
    408.000    403.544     1.3751  30.188740     1.3749  30.187050     3.9137     3.9589     0.0200    96.4535 1.0000e-12  -67.11396  -71.53055 336.331521      22.15 5.1124e+01   1005.438      24132  1029.7067  1029.7052    34.7101    34.7081    7.74720         38 0.0000e+00
    409.000    404.531     1.3751  30.189185     1.3748  30.187578     3.9110     3.9528     0.0159    96.4556 1.0000e-12  -67.11396  -71.53056 336.331534      21.37 5.1124e+01   1006.532      24158  1029.7113  1029.7100    34.7100    34.7084    7.74719         25 0.0000e+00
    410.000    405.522     1.3751  30.189602     1.3747  30.187992     3.9111     3.9581     0.0180    96.4527 1.0000e-12  -67.11396  -71.53056 336.331546      20.34 5.1124e+01   1007.558      24182  1029.7160  1029.7147    34.7100    34.7084    7.74719         27 0.0000e+00
