NBP2113_155081_ctd/data/dnbp2113_033.cnv
* Sea-Bird SBE 9 Data File:
* FileName = D:\Data\raw\NBP2113_033.hex
* Software Version Seasave V 7.26.7.121
* Temperature SN = 2438
* Conductivity SN = 2067
* Number of Bytes Per Scan = 40
* Number of Voltage Words = 5
* Number of Scans Averaged by the Deck Unit = 1
* NMEA Latitude = 64 55.99 S
* NMEA Longitude = 064 24.01 W
* NMEA UTC (Time) = Dec 08 2021  19:08:34
* NMEA baud rate = 9600
** Ship: RVIB N.B. Palmer
** Cruise: NBP2113 LTER
** Station: 600.040
** Operator: S. Blackman
# nquan = 25
# nvalues = 351                         
# units = specified
# name 0 = prDM: Pressure, Digiquartz [db]
# name 1 = depSM: Depth [salt water, m]
# name 2 = t090C: Temperature [ITS-90, deg C]
# name 3 = c0mS/cm: Conductivity [mS/cm]
# name 4 = t190C: Temperature, 2 [ITS-90, deg C]
# name 5 = c1mS/cm: Conductivity, 2 [mS/cm]
# name 6 = sbeox0ML/L: Oxygen, SBE 43 [ml/l]
# name 7 = sbeox1ML/L: Oxygen, SBE 43, 2 [ml/l]
# name 8 = flECO-AFL: Fluorescence, WET Labs ECO-AFL/FL [mg/m^3]
# name 9 = CStarTr0: Beam Transmission, WET Labs C-Star [%]
# name 10 = par: PAR/Irradiance, Biospherical/Licor
# name 11 = latitude: Latitude [deg]
# name 12 = longitude: Longitude [deg]
# name 13 = timeJ: Julian Days
# name 14 = altM: Altimeter [m]
# name 15 = spar: SPAR, Biospherical/Licor
# name 16 = timeS: Time, Elapsed [seconds]
# name 17 = scan: Scan Count
# name 18 = density00: Density [density, kg/m^3]
# name 19 = density11: Density, 2 [density, kg/m^3]
# name 20 = sal00: Salinity, Practical [PSU]
# name 21 = sal11: Salinity, Practical, 2 [PSU]
# name 22 = oxsolML/L: Oxygen Saturation, Garcia & Gordon [ml/l]
# name 23 = nbin: number of scans per bin
# name 24 = flag: flag
# span 0 =      5.000,    355.000       
# span 1 =      4.927,    351.224       
# span 2 =    -1.0197,     1.2759       
# span 3 =  27.106292,  30.020472       
# span 4 =    -1.0190,     1.2751       
# span 5 =  27.104803,  30.018604       
# span 6 =     4.3056,     8.0738       
# span 7 =     4.3539,     8.0913       
# span 8 =    -0.0219,     1.5255       
# span 9 =    87.1689,    96.0453       
# span 10 = 1.0000e-12, 1.3988e+02      
# span 11 =  -64.93332,  -64.93311      
# span 12 =  -64.40008,  -64.39936      
# span 13 = 342.801396, 342.808662      
# span 14 =      99.96,      99.98      
# span 15 = 3.4905e+02, 4.2663e+02      
# span 16 =    326.606,    954.445      
# span 17 =       7840,      22908      
# span 18 =  1027.0126,  1029.4065      
# span 19 =  1027.0108,  1029.4053      
# span 20 =    33.5516,    34.6355      
# span 21 =    33.5488,    34.6340      
# span 22 =    7.77078,    8.31278      
# span 23 =          9,         46      
# span 24 = 0.0000e+00, 0.0000e+00      
# interval = decibars: 1                
# start_time = Dec 08 2021 19:08:34 [NMEA time, header]
# bad_flag = -9.990e-29
*END*
[from data line 116]
    121.000    119.780     0.2739  28.863020     0.2740  28.862437     5.5835     5.6563     0.0155    95.4937 1.0052e-01  -64.93328  -64.39994 342.805033      99.98 4.0546e+02    640.826      15381  1028.1701  1028.1694    34.3868    34.3859    7.98745         18 0.0000e+00
    122.000    120.769     0.2751  28.864850     0.2749  28.863610     5.5874     5.6556     0.0393    95.5265 9.4501e-02  -64.93328  -64.39994 342.805042      99.97 4.0546e+02    641.596      15399  1028.1753  1028.1743    34.3873    34.3859    7.98719         19 0.0000e+00
    123.000    121.758     0.2760  28.866438     0.2759  28.865295     5.5885     5.6521     0.0475    95.5154 8.8652e-02  -64.93328  -64.39994 342.805051      99.97 4.0546e+02    642.438      15420  1028.1805  1028.1794    34.3877    34.3863    7.98696         23 0.0000e+00
    124.000    122.749     0.2769  28.867950     0.2768  28.866684     5.5946     5.6460     0.0396    95.5277 8.3145e-02  -64.93328  -64.39996 342.805066      99.97 4.0546e+02    643.659      15449  1028.1857  1028.1845    34.3881    34.3865    7.98676         34 0.0000e+00
    125.000    123.738     0.2800  28.871641     0.2799  28.870606     5.5640     5.6186     0.0385    95.5488 7.8495e-02  -64.93328  -64.39996 342.805088      99.97 4.0546e+02    645.643      15496  1028.1912  1028.1902    34.3890    34.3877    7.98608         38 0.0000e+00
    126.000    124.727     0.2944  28.887385     0.2945  28.888216     5.4980     5.5729     0.0316    95.5661 7.3484e-02  -64.93328  -64.39995 342.805104      99.97 4.0546e+02    646.974      15528  1028.1980  1028.1988    34.3929    34.3939    7.98286         26 0.0000e+00
    127.000    125.717     0.3231  28.918428     0.3236  28.919271     5.4734     5.5455     0.0310    95.5666 6.8061e-02  -64.93328  -64.39994 342.805115      99.97 4.0546e+02    647.924      15551  1028.2070  1028.2074    34.4010    34.4016    7.97647         21 0.0000e+00
    128.000    126.706     0.3377  28.933647     0.3383  28.934451     5.4564     5.5312     0.0397    95.5837 6.2630e-02  -64.93328  -64.39994 342.805125      99.98 4.0546e+02    648.786      15572  1028.2132  1028.2134    34.4041    34.4045    7.97328         21 0.0000e+00
    129.000    127.696     0.3551  28.951600     0.3547  28.950758     5.4252     5.5053     0.0508    95.5923 5.7893e-02  -64.93328  -64.39994 342.805135      99.97 4.0515e+02    649.699      15594  1028.2194  1028.2190    34.4076    34.4070    7.96948         23 0.0000e+00
    130.000    128.686     0.3624  28.959481     0.3621  28.958470     5.3735     5.4679     0.0465    95.6087 5.3402e-02  -64.93328  -64.39994 342.805148      99.97 4.0406e+02    650.817      15621  1028.2251  1028.2244    34.4092    34.4082    7.96788         31 0.0000e+00
    131.000    129.676     0.4030  28.998880     0.4026  28.999090     5.3461     5.4381     0.0318    95.5997 4.9562e-02  -64.93328  -64.39994 342.805164      99.97 4.0375e+02    652.178      15653  1028.2313  1028.2319    34.4149    34.4156    7.95918         31 0.0000e+00
    132.000    130.664     0.4260  29.023368     0.4259  29.022743     5.3613     5.4410     0.0378    95.5984 4.6878e-02  -64.93328  -64.39994 342.805180      99.98 4.0542e+02    653.535      15686  1028.2393  1028.2387    34.4207    34.4200    7.95412         30 0.0000e+00
    133.000    131.654     0.4393  29.037995     0.4393  29.037201     5.3813     5.4408     0.0237    95.5791 4.3604e-02  -64.93328  -64.39994 342.805194      99.98 4.0546e+02    654.753      15715  1028.2462  1028.2454    34.4244    34.4233    7.95118         28 0.0000e+00
    134.000    132.643     0.4444  29.043796     0.4442  29.042848     5.3963     5.4468     0.0324    95.6038 3.9972e-02  -64.93328  -64.39994 342.805207      99.97 4.0546e+02    655.913      15743  1028.2520  1028.2512    34.4257    34.4247    7.95006         29 0.0000e+00
    135.000    133.633     0.4543  29.055096     0.4543  29.054227     5.3986     5.4433     0.0290    95.6094 3.5865e-02  -64.93328  -64.39994 342.805222      99.97 4.0546e+02    657.153      15773  1028.2589  1028.2579    34.4289    34.4277    7.94786         30 0.0000e+00
    136.000    134.625     0.4620  29.063949     0.4618  29.062886     5.3612     5.4202     0.0338    95.6036 3.1604e-02  -64.93328  -64.39994 342.805238      99.98 4.0546e+02    658.541      15806  1028.2651  1028.2643    34.4312    34.4301    7.94613         32 0.0000e+00
    137.000    135.611     0.4721  29.075087     0.4719  29.074520     5.3169     5.3879     0.0240    95.5913 2.7894e-02  -64.93328  -64.39994 342.805252      99.98 4.0565e+02    659.792      15836  1028.2716  1028.2711    34.4340    34.4334    7.94391         28 0.0000e+00
    138.000    136.604     0.4807  29.085412     0.4808  29.084595     5.2742     5.3605     0.0175    95.5960 2.4367e-02  -64.93328  -64.39994 342.805265      99.98 4.0715e+02    660.924      15863  1028.2785  1028.2776    34.4372    34.4361    7.94195         28 0.0000e+00
    139.000    137.591     0.4877  29.093178     0.4880  29.093221     5.2418     5.3303     0.0263    95.6031 2.1322e-02  -64.93328  -64.39994 342.805280      99.98 4.0723e+02    662.160      15893  1028.2844  1028.2841    34.4391    34.4387    7.94043         31 0.0000e+00
    140.000    138.582     0.5051  29.112155     0.5051  29.111735     5.2265     5.3111     0.0312    95.6101 1.8761e-02  -64.93328  -64.39994 342.805294      99.97 4.0686e+02    663.419      15923  1028.2917  1028.2913    34.4438    34.4433    7.93658         29 0.0000e+00
    141.000    139.570     0.5148  29.122568     0.5146  29.122109     5.2168     5.2997     0.0340    95.5956 1.6316e-02  -64.93328  -64.39992 342.805307      99.97 4.0545e+02    664.508      15949  1028.2976  1028.2974    34.4460    34.4457    7.93447         23 0.0000e+00
    142.000    140.560     0.5233  29.132704     0.5231  29.132225     5.2147     5.2948     0.0281    95.6199 1.4251e-02  -64.93328  -64.39992 342.805317      99.97 4.0546e+02    665.413      15971  1028.3044  1028.3041    34.4492    34.4488    7.93256         20 0.0000e+00
    143.000    141.550     0.5326  29.143186     0.5325  29.142995     5.2235     5.2926     0.0212    95.6537 1.1928e-02  -64.93328  -64.39992 342.805326      99.97 4.0693e+02    666.183      15989  1028.3107  1028.3105    34.4519    34.4517    7.93050         18 0.0000e+00
    144.000    142.540     0.5395  29.151071     0.5393  29.150633     5.2310     5.2909     0.0212    95.6282 9.6878e-03  -64.93328  -64.39993 342.805335      99.97 4.0722e+02    666.942      16008  1028.3166  1028.3163    34.4539    34.4535    7.92897         19 0.0000e+00
    145.000    143.529     0.5464  29.159025     0.5461  29.157897     5.2372     5.2894     0.0157    95.6097 6.9920e-03  -64.93328  -64.39994 342.805346      99.97 4.0819e+02    667.899      16031  1028.3226  1028.3218    34.4560    34.4549    7.92745         29 0.0000e+00
    146.000    144.518     0.5534  29.166458     0.5518  29.164701     5.2175     5.2681     0.0266    95.5820 4.0017e-03  -64.93328  -64.39994 342.805379      99.97 4.0893e+02    670.780      16100  1028.3285  1028.3281    34.4573    34.4568    7.92595         33 0.0000e+00
    147.000    145.506     0.5765  29.191437     0.5764  29.191161     5.1637     5.2306     0.0367    95.6440 1.4763e-03  -64.93328  -64.39993 342.805400      99.97 4.0899e+02    672.603      16143  1028.3364  1028.3362    34.4635    34.4633    7.92087         24 0.0000e+00
    148.000    146.498     0.5813  29.197428     0.5810  29.196961     5.1419     5.2107     0.0143    95.7199 1.0307e-04  -64.93328  -64.39992 342.805410      99.97 4.0823e+02    673.434      16163  1028.3424  1028.3423    34.4654    34.4652    7.91979         19 0.0000e+00
    149.000    147.486     0.5963  29.212921     0.5958  29.214106     5.1322     5.2047     0.0179    95.7147 1.0588e-06  -64.93328  -64.39992 342.805418      99.97 4.0724e+02    674.140      16180  1028.3484  1028.3500    34.4684    34.4704    7.91656         16 0.0000e+00
    150.000    148.476     0.6129  29.233458     0.6135  29.233313     5.1348     5.2017     0.0216    95.7044 1.0000e-12  -64.93328  -64.39992 342.805426      99.97 4.0723e+02    674.841      16197  1028.3578  1028.3571    34.4760    34.4751    7.91275         17 0.0000e+00
    151.000    149.467     0.6101  29.231452     0.6107  29.230856     5.1321     5.1967     0.0139    95.7031 1.0000e-12  -64.93328  -64.39992 342.805435      99.98 4.0723e+02    675.609      16216  1028.3629  1028.3617    34.4758    34.4744    7.91332         20 0.0000e+00
    152.000    150.456     0.6100  29.231399     0.6133  29.233893     5.1346     5.1970     0.0143    95.7151 1.0000e-12  -64.93328  -64.39992 342.805446      99.97 4.0723e+02    676.564      16239  1028.3675  1028.3669    34.4753    34.4749    7.91337         28 0.0000e+00
    153.000    151.444     0.6166  29.238719     0.6179  29.238900     5.1193     5.1814     0.0226    95.7313 1.0000e-12  -64.93328  -64.39992 342.805464      99.98 4.0723e+02    678.107      16276  1028.3732  1028.3722    34.4769    34.4758    7.91194         40 0.0000e+00
    154.000    152.434     0.6316  29.254622     0.6309  29.253573     5.1063     5.1615     0.0291    95.7533 1.0000e-12  -64.93328  -64.39994 342.805484      99.97 4.0723e+02    679.834      16317  1028.3797  1028.3793    34.4803    34.4797    7.90869         32 0.0000e+00
    155.000    153.425     0.6353  29.259675     0.6351  29.258593     5.1018     5.1553     0.0180    95.7207 1.0000e-12  -64.93328  -64.39994 342.805497      99.97 4.0723e+02    680.973      16344  1028.3857  1028.3849    34.4821    34.4810    7.90782         25 0.0000e+00
    156.000    154.412     0.6422  29.266536     0.6414  29.265476     5.0882     5.1524     0.0236    95.7683 1.0000e-12  -64.93328  -64.39994 342.805509      99.97 4.0723e+02    681.945      16368  1028.3906  1028.3903    34.4829    34.4824    7.90639         22 0.0000e+00
    157.000    155.403     0.6455  29.270658     0.6452  29.269567     5.0659     5.1404     0.0248    95.7396 1.0000e-12  -64.93328  -64.39994 342.805520      99.97 4.0723e+02    682.944      16392  1028.3961  1028.3953    34.4839    34.4829    7.90565         27 0.0000e+00
    158.000    156.391     0.6526  29.277760     0.6517  29.276163     5.0206     5.0958     0.0178    95.7344 1.0000e-12  -64.93328  -64.39994 342.805536      99.97 4.0709e+02    684.295      16424  1028.4010  1028.4002    34.4847    34.4836    7.90417         37 0.0000e+00
    159.000    157.382     0.6796  29.303619     0.6796  29.303629     4.9825     5.0625     0.0295    95.7271 1.0000e-12  -64.93328  -64.39992 342.805558      99.98 4.0665e+02    686.170      16469  1028.4060  1028.4060    34.4876    34.4877    7.89851         41 0.0000e+00
    160.000    158.371     0.6927  29.317777     0.6923  29.316380     4.9555     5.0378     0.0189    95.7461 1.0000e-12  -64.93328  -64.39992 342.805573      99.97 4.0545e+02    687.473      16500  1028.4124  1028.4113    34.4908    34.4895    7.89566         25 0.0000e+00
    161.000    159.359     0.6907  29.317206     0.6908  29.316529     4.9161     5.0123     0.0142    95.7344 1.0000e-12  -64.93328  -64.39992 342.805583      99.97 4.0451e+02    688.394      16522  1028.4182  1028.4174    34.4917    34.4908    7.89602         19 0.0000e+00
    162.000    160.350     0.7015  29.326706     0.7039  29.331381     4.9124     5.0025     0.0131    95.7311 1.0000e-12  -64.93328  -64.39992 342.805592      99.98 4.0369e+02    689.151      16541  1028.4219  1028.4244    34.4915    34.4949    7.89384         18 0.0000e+00
    163.000    161.341     0.7265  29.353210     0.7263  29.352756     4.9161     4.9997     0.0059    95.7333 1.0000e-12  -64.93328  -64.39992 342.805601      99.97 4.0370e+02    689.896      16559  1028.4292  1028.4290    34.4975    34.4971    7.88843         19 0.0000e+00
    164.000    162.329     0.7276  29.355333     0.7277  29.354529     4.9238     4.9934     0.0116    95.7442 1.0000e-12  -64.93328  -64.39992 342.805611      99.97 4.0370e+02    690.785      16580  1028.4349  1028.4339    34.4985    34.4973    7.88815         25 0.0000e+00
    165.000    163.317     0.7286  29.356506     0.7273  29.354484     4.9359     4.9973     0.0143    95.7398 1.0000e-12  -64.93328  -64.39993 342.805629      99.98 4.0370e+02    692.366      16618  1028.4398  1028.4389    34.4983    34.4971    7.88797         40 0.0000e+00
    166.000    164.308     0.7279  29.356953     0.7280  29.355690     4.9615     5.0022     0.0089    95.8071 1.0000e-12  -64.93328  -64.39992 342.805650      99.98 4.0217e+02    694.134      16660  1028.4455  1028.4441    34.4990    34.4973    7.88806         30 0.0000e+00
    167.000    165.295     0.7265  29.357682     0.7260  29.356284     4.9553     4.9980     0.0010    95.8017 1.0000e-12  -64.93328  -64.39992 342.805662      99.98 4.0193e+02    695.187      16685  1028.4520  1028.4511    34.5009    34.4997    7.88824         23 0.0000e+00
    168.000    166.287     0.7281  29.359863     0.7278  29.358904     4.9472     4.9935     0.0035    95.8433 1.0000e-12  -64.93328  -64.39992 342.805673      99.98 4.0025e+02    696.141      16708  1028.4571  1028.4565    34.5014    34.5005    7.88789         24 0.0000e+00
    169.000    167.276     0.7345  29.366360     0.7338  29.365337     4.9437     4.9927     0.0113    95.8473 1.0000e-12  -64.93328  -64.39992 342.805686      99.97 3.9988e+02    697.267      16735  1028.4620  1028.4616    34.5022    34.5016    7.88655         30 0.0000e+00
    170.000    168.265     0.7408  29.373330     0.7407  29.372704     4.9318     4.9901     0.0248    95.8123 1.0000e-12  -64.93328  -64.39992 342.805700      99.97 3.9840e+02    698.512      16765  1028.4675  1028.4669    34.5036    34.5028    7.88520         29 0.0000e+00
    171.000    169.254     0.7441  29.377560     0.7440  29.376434     4.9315     4.9844     0.0113    95.8155 1.0000e-12  -64.93328  -64.39992 342.805715      99.97 3.9841e+02    699.758      16795  1028.4730  1028.4719    34.5048    34.5035    7.88445         33 0.0000e+00
    172.000    170.245     0.7488  29.382439     0.7486  29.381419     4.9326     4.9725     0.0140    95.8389 1.0000e-12  -64.93328  -64.39992 342.805735      99.97 3.9762e+02    701.524      16838  1028.4779  1028.4770    34.5053    34.5042    7.88348         43 0.0000e+00
    173.000    171.232     0.7527  29.387159     0.7526  29.386102     4.9297     4.9675    -0.0003    95.8442 1.0000e-12  -64.93328  -64.39991 342.805753      99.97 3.9610e+02    703.057      16874  1028.4834  1028.4823    34.5065    34.5052    7.88261         26 0.0000e+00
    174.000    172.223     0.7540  29.388781     0.7536  29.387653     4.9207     4.9601     0.0049    95.8252 1.0000e-12  -64.93328  -64.39990 342.805763      99.98 3.9486e+02    703.896      16894  1028.4881  1028.4873    34.5066    34.5056    7.88235         17 0.0000e+00
    175.000    173.212     0.7538  29.389169     0.7532  29.387682     4.9142     4.9581     0.0064    95.8241 1.0000e-12  -64.93328  -64.39990 342.805770      99.97 3.9489e+02    704.528      16910  1028.4931  1028.4921    34.5068    34.5055    7.88239         14 0.0000e+00
    176.000    174.200     0.7560  29.391031     0.7556  29.390506     4.9111     4.9570    -0.0010    95.8241 1.0000e-12  -64.93326  -64.39988 342.805776      99.97 3.9489e+02    705.090      16923  1028.4971  1028.4969    34.5061    34.5059    7.88197         13 0.0000e+00
    177.000    175.192     0.7623  29.398006     0.7622  29.397433     4.9020     4.9557     0.0001    95.8241 1.0000e-12  -64.93326  -64.39989 342.805783      99.98 3.9489e+02    705.641      16936  1028.5024  1028.5020    34.5076    34.5069    7.88062         14 0.0000e+00
