NBP2113_155081_ctd/data/dnbp2113_058.cnv
* Sea-Bird SBE 9 Data File:
* FileName = D:\Data\raw\NBP2113_058.hex
* Software Version Seasave V 7.26.7.121
* Temperature SN = 2438
* Conductivity SN = 2067
* Number of Bytes Per Scan = 40
* Number of Voltage Words = 5
* Number of Scans Averaged by the Deck Unit = 1
* NMEA Latitude = 64 56.50 S
* NMEA Longitude = 064 28.63 W
* NMEA UTC (Time) = Dec 12 2021  02:31:22
* NMEA baud rate = 9600
** Ship: RVIB N.B. Palmer
** Cruise: NBP2113 LTER
** Station: 597.042
** Operator: S. Blackman
# nquan = 25
# nvalues = 1145                        
# units = specified
# name 0 = prDM: Pressure, Digiquartz [db]
# name 1 = depSM: Depth [salt water, m]
# name 2 = t090C: Temperature [ITS-90, deg C]
# name 3 = c0mS/cm: Conductivity [mS/cm]
# name 4 = t190C: Temperature, 2 [ITS-90, deg C]
# name 5 = c1mS/cm: Conductivity, 2 [mS/cm]
# name 6 = sbeox0ML/L: Oxygen, SBE 43 [ml/l]
# name 7 = sbeox1ML/L: Oxygen, SBE 43, 2 [ml/l]
# name 8 = flECO-AFL: Fluorescence, WET Labs ECO-AFL/FL [mg/m^3]
# name 9 = CStarTr0: Beam Transmission, WET Labs C-Star [%]
# name 10 = par: PAR/Irradiance, Biospherical/Licor
# name 11 = latitude: Latitude [deg]
# name 12 = longitude: Longitude [deg]
# name 13 = timeJ: Julian Days
# name 14 = altM: Altimeter [m]
# name 15 = spar: SPAR, Biospherical/Licor
# name 16 = timeS: Time, Elapsed [seconds]
# name 17 = scan: Scan Count
# name 18 = density00: Density [density, kg/m^3]
# name 19 = density11: Density, 2 [density, kg/m^3]
# name 20 = sal00: Salinity, Practical [PSU]
# name 21 = sal11: Salinity, Practical, 2 [PSU]
# name 22 = oxsolML/L: Oxygen Saturation, Garcia & Gordon [ml/l]
# name 23 = nbin: number of scans per bin
# name 24 = flag: flag
# span 0 =      4.000,   1148.000       
# span 1 =      4.042,   1133.622       
# span 2 =    -0.6686,     1.4839       
# span 3 =  27.438820,  30.582023       
# span 4 =    -0.6680,     1.4838       
# span 5 =  27.436811,  30.580881       
# span 6 =     4.0495,     8.1665       
# span 7 =     4.1004,     8.2237       
# span 8 =    -0.0224,     2.4104       
# span 9 =    80.2960,    91.2131       
# span 10 = 1.0000e-12, 2.2112e+00      
# span 11 =  -64.94184,  -64.94172      
# span 12 =  -64.47740,  -64.47626      
# span 13 = 346.108846, 346.128541      
# span 14 =       8.10,     104.56      
# span 15 = 0.0000e+00, 1.7629e+00      
# span 16 =    322.326,   2023.931      
# span 17 =       7737,      48575      
# span 18 =  1027.0114,  1033.1090      
# span 19 =  1027.0096,  1033.1080      
# span 20 =    33.5826,    34.6773      
# span 21 =    33.5809,    34.6759      
# span 22 =    7.72758,    8.22904      
# span 23 =          1,         67      
# span 24 = 0.0000e+00, 0.0000e+00      
# interval = decibars: 1                
# start_time = Dec 12 2021 02:31:22 [NMEA time, header]
# bad_flag = -9.990e-29
*END*
[from data line 464]
    468.000    462.890     1.3864  30.186689     1.3858  30.185298     4.1729     4.2236    -0.0200    91.1125 1.0000e-12  -64.94174  -64.47700 346.118160       9.21 0.0000e+00   1127.004      27049  1029.9470  1029.9463    34.6607    34.6596    7.74762         16 0.0000e+00
    469.000    463.877     1.3865  30.187329     1.3859  30.185894     4.1737     4.2237    -0.0165    91.1378 1.0000e-12  -64.94174  -64.47700 346.118169      45.70 0.0000e+00   1127.815      27069  1029.9519  1029.9510    34.6608    34.6596    7.74760         25 0.0000e+00
    470.000    464.869     1.3862  30.187613     1.3859  30.186215     4.1688     4.2219    -0.0090    91.1568 1.0000e-12  -64.94174  -64.47701 346.118197      95.41 0.0000e+00   1130.239      27127  1029.9567  1029.9556    34.6609    34.6594    7.74765         26 0.0000e+00
    471.000    465.855     1.3867  30.188433     1.3864  30.187160     4.1625     4.2151    -0.0128    91.1844 1.0000e-12  -64.94174  -64.47702 346.118226      99.97 0.0000e+00   1132.729      27186  1029.9613  1029.9603    34.6608    34.6595    7.74755         35 0.0000e+00
    472.000    466.843     1.3880  30.190255     1.3876  30.188939     4.1620     4.2214    -0.0145    91.1439 1.0000e-12  -64.94175  -64.47701 346.118240      99.97 0.0000e+00   1133.969      27216  1029.9660  1029.9651    34.6611    34.6599    7.74727         27 0.0000e+00
    473.000    467.828     1.3886  30.191358     1.3881  30.189979     4.1696     4.2155    -0.0062    91.1501 1.0000e-12  -64.94176  -64.47699 346.118252      99.97 0.0000e+00   1134.991      27241  1029.9708  1029.9699    34.6613    34.6601    7.74715         23 0.0000e+00
    474.000    468.819     1.3888  30.192010     1.3883  30.190633     4.1700     4.2115    -0.0070    91.1548 1.0000e-12  -64.94176  -64.47698 346.118262      99.97 0.0000e+00   1135.868      27262  1029.9755  1029.9746    34.6614    34.6601    7.74711         21 0.0000e+00
    475.000    469.806     1.3892  30.192765     1.3887  30.191372     4.1644     4.2111    -0.0030    91.1556 1.0000e-12  -64.94176  -64.47698 346.118273      99.97 0.0000e+00   1136.769      27283  1029.9801  1029.9792    34.6613    34.6601    7.74703         23 0.0000e+00
    476.000    470.795     1.3905  30.194558     1.3903  30.193318     4.1667     4.2078    -0.0032    91.1634 1.0000e-12  -64.94176  -64.47698 346.118285      99.97 0.0000e+00   1137.818      27309  1029.9849  1029.9839    34.6616    34.6603    7.74676         26 0.0000e+00
    477.000    471.782     1.3910  30.195585     1.3908  30.194346     4.1670     4.2090    -0.0074    91.1634 1.0000e-12  -64.94176  -64.47698 346.118297      99.97 0.0000e+00   1138.862      27334  1029.9897  1029.9886    34.6618    34.6604    7.74665         24 0.0000e+00
    478.000    472.769     1.3919  30.196929     1.3914  30.195576     4.1631     4.2126    -0.0070    91.1634 1.0000e-12  -64.94176  -64.47698 346.118308      99.97 0.0000e+00   1139.806      27356  1029.9944  1029.9935    34.6619    34.6607    7.74647         21 0.0000e+00
    479.000    473.759     1.3923  30.197851     1.3919  30.196456     4.1590     4.2100    -0.0074    91.1634 1.0000e-12  -64.94176  -64.47698 346.118318      99.97 0.0000e+00   1140.681      27377  1029.9992  1029.9982    34.6621    34.6608    7.74638         23 0.0000e+00
    480.000    474.745     1.3921  30.198110     1.3916  30.196589     4.1636     4.2097    -0.0089    91.1565 1.0000e-12  -64.94176  -64.47698 346.118348      99.97 0.0000e+00   1143.276      27440  1030.0039  1030.0028    34.6621    34.6606    7.74642         39 0.0000e+00
    481.000    475.734     1.3930  30.199463     1.3927  30.198348     4.1573     4.2108    -0.0067    91.1579 1.0000e-12  -64.94176  -64.47698 346.118382      99.97 0.0000e+00   1146.225      27510  1030.0086  1030.0078    34.6622    34.6612    7.74624         23 0.0000e+00
    482.000    476.723     1.3936  30.200581     1.3930  30.199429     4.1523     4.2087    -0.0060    91.1807 1.0000e-12  -64.94176  -64.47696 346.118391      99.97 0.0000e+00   1146.980      27529  1030.0134  1030.0128    34.6624    34.6616    7.74611         17 0.0000e+00
    483.000    477.708     1.3940  30.201545     1.3935  30.200202     4.1566     4.2069    -0.0107    91.1753 1.0000e-12  -64.94176  -64.47696 346.118399      99.96 0.0000e+00   1147.641      27544  1030.0182  1030.0174    34.6626    34.6615    7.74602         15 0.0000e+00
    484.000    478.698     1.3944  30.202435     1.3940  30.201085     4.1599     4.2091    -0.0145    91.1559 1.0000e-12  -64.94176  -64.47696 346.118406      84.68 0.0000e+00   1148.235      27559  1030.0229  1030.0220    34.6627    34.6615    7.74593         14 0.0000e+00
    485.000    479.685     1.3948  30.203237     1.3942  30.201812     4.1625     4.2084    -0.0098    91.1105 1.0000e-12  -64.94176  -64.47696 346.118412       9.76 0.0000e+00   1148.807      27572  1030.0276  1030.0268    34.6628    34.6616    7.74586         14 0.0000e+00
    486.000    480.672     1.3946  30.203647     1.3941  30.202317     4.1619     4.2055    -0.0073    91.1119 1.0000e-12  -64.94176  -64.47696 346.118420       9.20 0.0000e+00   1149.442      27588  1030.0325  1030.0316    34.6629    34.6618    7.74588         17 0.0000e+00
    487.000    481.661     1.3945  30.203930     1.3941  30.202676     4.1635     4.2073    -0.0025    91.1272 1.0000e-12  -64.94176  -64.47696 346.118434      43.28 0.0000e+00   1150.676      27617  1030.0371  1030.0362    34.6629    34.6617    7.74591         34 0.0000e+00
    488.000    482.650     1.3947  30.204635     1.3943  30.203262     4.1557     4.2068    -0.0084    91.1564 1.0000e-12  -64.94176  -64.47696 346.118457     100.65 0.0000e+00   1152.664      27665  1030.0418  1030.0408    34.6629    34.6616    7.74586         35 0.0000e+00
    489.000    483.636     1.3952  30.205408     1.3945  30.203972     4.1572     4.2043    -0.0114    91.1592 1.0000e-12  -64.94176  -64.47697 346.118474      99.97 0.0000e+00   1154.114      27700  1030.0463  1030.0455    34.6628    34.6617    7.74577         35 0.0000e+00
    490.000    484.624     1.3951  30.205963     1.3947  30.204601     4.1641     4.2058    -0.0077    91.1634 1.0000e-12  -64.94176  -64.47698 346.118492      99.97 0.0000e+00   1155.746      27739  1030.0513  1030.0503    34.6631    34.6618    7.74579         39 0.0000e+00
    491.000    485.612     1.3956  30.206835     1.3951  30.205502     4.1631     4.2031    -0.0077    91.1634 1.0000e-12  -64.94176  -64.47696 346.118515      99.97 0.0000e+00   1157.736      27787  1030.0558  1030.0550    34.6630    34.6619    7.74568         34 0.0000e+00
    492.000    486.600     1.3956  30.207199     1.3952  30.206011     4.1540     4.2048    -0.0005    91.1853 1.0000e-12  -64.94176  -64.47696 346.118530      99.97 0.0000e+00   1158.991      27817  1030.0605  1030.0597    34.6629    34.6619    7.74568         23 0.0000e+00
    493.000    487.590     1.3958  30.207914     1.3953  30.206549     4.1563     4.2034    -0.0038    91.1625 1.0000e-12  -64.94176  -64.47695 346.118540      99.97 0.0000e+00   1159.848      27837  1030.0653  1030.0644    34.6631    34.6619    7.74564         18 0.0000e+00
    494.000    488.577     1.3963  30.208937     1.3958  30.207553     4.1569     4.2048    -0.0077    91.1420 1.0000e-12  -64.94176  -64.47694 346.118548      99.97 0.0000e+00   1160.550      27854  1030.0699  1030.0691    34.6632    34.6620    7.74553         17 0.0000e+00
    495.000    489.562     1.3971  30.210233     1.3965  30.208708     4.1522     4.2064    -0.0069    91.1555 1.0000e-12  -64.94176  -64.47694 346.118556      99.97 0.0000e+00   1161.233      27871  1030.0747  1030.0738    34.6634    34.6622    7.74536         17 0.0000e+00
    496.000    490.553     1.3976  30.211210     1.3971  30.209855     4.1527     4.2040    -0.0071    91.1533 1.0000e-12  -64.94176  -64.47694 346.118566      99.97 0.0000e+00   1162.078      27891  1030.0795  1030.0785    34.6636    34.6623    7.74526         25 0.0000e+00
    497.000    491.539     1.3975  30.211581     1.3972  30.210345     4.1567     4.2053    -0.0093    91.1481 1.0000e-12  -64.94176  -64.47694 346.118585      99.97 0.0000e+00   1163.714      27930  1030.0841  1030.0832    34.6636    34.6623    7.74528         37 0.0000e+00
    498.000    492.527     1.3981  30.212329     1.3974  30.210899     4.1568     4.2045     0.0012    91.1618 1.0000e-12  -64.94176  -64.47694 346.118601      99.96 0.0000e+00   1165.140      27964  1030.0886  1030.0878    34.6633    34.6622    7.74518         29 0.0000e+00
    499.000    493.515     1.3982  30.213098     1.3976  30.211603     4.1417     4.2049    -0.0071    91.1603 1.0000e-12  -64.94176  -64.47694 346.118614      99.97 0.0000e+00   1166.271      27992  1030.0934  1030.0925    34.6635    34.6623    7.74513         26 0.0000e+00
    500.000    494.503     1.3991  30.214411     1.3986  30.213006     4.1498     4.2038    -0.0102    91.1633 1.0000e-12  -64.94176  -64.47696 346.118630      99.97 0.0000e+00   1167.607      28024  1030.0982  1030.0972    34.6637    34.6625    7.74496         37 0.0000e+00
    501.000    495.490     1.4003  30.216047     1.3998  30.214601     4.1564     4.2009    -0.0075    91.1634 1.0000e-12  -64.94176  -64.47694 346.118662      99.97 0.0000e+00   1170.440      28092  1030.1029  1030.1019    34.6639    34.6626    7.74472         33 0.0000e+00
    502.000    496.479     1.4007  30.216798     1.4005  30.215817     4.1499     4.1929    -0.0074    91.1670 1.0000e-12  -64.94176  -64.47693 346.118677      99.97 0.0000e+00   1171.710      28122  1030.1075  1030.1067    34.6639    34.6628    7.74464         22 0.0000e+00
    503.000    497.467     1.4005  30.217130     1.3999  30.215957     4.1535     4.1961    -0.0077    91.1907 1.0000e-12  -64.94176  -64.47692 346.118686      99.97 0.0000e+00   1172.499      28141  1030.1123  1030.1116    34.6640    34.6631    7.74468         17 0.0000e+00
    504.000    498.451     1.4003  30.217525     1.3998  30.216220     4.1517     4.1995    -0.0149    91.1404 1.0000e-12  -64.94176  -64.47692 346.118694      99.97 0.0000e+00   1173.154      28157  1030.1170  1030.1162    34.6640    34.6629    7.74470         15 0.0000e+00
    505.000    499.443     1.4008  30.218290     1.3999  30.216601     4.1522     4.2005    -0.0150    91.1395 1.0000e-12  -64.94176  -64.47691 346.118701      99.97 0.0000e+00   1173.761      28171  1030.1216  1030.1207    34.6640    34.6628    7.74462         14 0.0000e+00
    506.000    500.430     1.4004  30.218452     1.3998  30.217077     4.1518     4.2017    -0.0150    91.1315 1.0000e-12  -64.94176  -64.47690 346.118708      97.46 0.0000e+00   1174.379      28186  1030.1264  1030.1255    34.6640    34.6629    7.74469         16 0.0000e+00
    507.000    501.420     1.4001  30.218719     1.3997  30.217365     4.1515     4.2021    -0.0144    91.1351 1.0000e-12  -64.94176  -64.47692 346.118717      13.87 0.0000e+00   1175.150      28205  1030.1311  1030.1301    34.6640    34.6628    7.74473         22 0.0000e+00
    508.000    502.405     1.4002  30.219140     1.3999  30.217849     4.1558     4.2010    -0.0084    91.1606 1.0000e-12  -64.94176  -64.47692 346.118756      90.49 0.0000e+00   1178.521      28285  1030.1357  1030.1347    34.6639    34.6627    7.74473         26 0.0000e+00
    509.000    503.393     1.4003  30.219567     1.3997  30.218152     4.1552     4.1967    -0.0071    91.1703 1.0000e-12  -64.94176  -64.47692 346.118777     100.08 0.0000e+00   1180.342      28329  1030.1403  1030.1394    34.6638    34.6627    7.74472         27 0.0000e+00
    510.000    504.382     1.4004  30.220116     1.3999  30.218840     4.1484     4.1952    -0.0081    91.1633 1.0000e-12  -64.94176  -64.47690 346.118788      99.97 0.0000e+00   1181.307      28352  1030.1450  1030.1441    34.6639    34.6627    7.74470         21 0.0000e+00
    511.000    505.368     1.4005  30.220642     1.3999  30.219261     4.1470     4.2002    -0.0151    91.1504 1.0000e-12  -64.94176  -64.47690 346.118797      99.97 0.0000e+00   1182.070      28371  1030.1496  1030.1488    34.6638    34.6627    7.74468         16 0.0000e+00
    512.000    506.356     1.4008  30.221361     1.4003  30.220130     4.1457     4.1999    -0.0190    91.1669 1.0000e-12  -64.94176  -64.47689 346.118804      99.97 0.0000e+00   1182.709      28386  1030.1543  1030.1535    34.6639    34.6629    7.74462         15 0.0000e+00
    513.000    507.343     1.4009  30.221938     1.4003  30.220758     4.1432     4.1992    -0.0224    91.1671 1.0000e-12  -64.94176  -64.47688 346.118811      99.97 0.0000e+00   1183.312      28400  1030.1590  1030.1584    34.6639    34.6630    7.74460         14 0.0000e+00
    514.000    508.333     1.4007  30.222352     1.4002  30.220950     4.1436     4.1991    -0.0116    91.1634 1.0000e-12  -64.94176  -64.47688 346.118818      99.97 0.0000e+00   1183.919      28415  1030.1637  1030.1628    34.6640    34.6628    7.74462         15 0.0000e+00
    515.000    509.320     1.4007  30.222754     1.4002  30.221401     4.1510     4.1998    -0.0071    91.1599 1.0000e-12  -64.94176  -64.47689 346.118832      81.77 0.0000e+00   1185.065      28443  1030.1685  1030.1676    34.6640    34.6629    7.74463         26 0.0000e+00
    516.000    510.307     1.4009  30.223240     1.4005  30.221944     4.1602     4.1901    -0.0109    91.1373 1.0000e-12  -64.94176  -64.47690 346.118882     100.29 0.0000e+00   1189.358      28546  1030.1730  1030.1721    34.6639    34.6627    7.74460         23 0.0000e+00
    517.000    511.295     1.4012  30.223937     1.4007  30.222755     4.1555     4.1892    -0.0146    91.1377 1.0000e-12  -64.94176  -64.47690 346.118890      99.97 0.0000e+00   1190.131      28564  1030.1776  1030.1769    34.6638    34.6629    7.74454         17 0.0000e+00
    518.000    512.283     1.4016  30.224776     1.4010  30.223389     4.1529     4.1908    -0.0141    91.1377 1.0000e-12  -64.94176  -64.47689 346.118898      99.97 0.0000e+00   1190.805      28580  1030.1823  1030.1815    34.6639    34.6628    7.74445         16 0.0000e+00
    519.000    513.270     1.4015  30.225234     1.4009  30.223826     4.1526     4.1968    -0.0150    91.1428 1.0000e-12  -64.94176  -64.47688 346.118906      99.97 0.0000e+00   1191.459      28596  1030.1871  1030.1862    34.6640    34.6629    7.74447         15 0.0000e+00
    520.000    514.259     1.4021  30.226184     1.4013  30.224731     4.1520     4.1999    -0.0150    91.1498 1.0000e-12  -64.94176  -64.47688 346.118913      93.80 0.0000e+00   1192.121      28612  1030.1917  1030.1910    34.6640    34.6630    7.74435         17 0.0000e+00
    521.000    515.246     1.4020  30.226563     1.4014  30.225268     4.1467     4.2010    -0.0147    91.1321 1.0000e-12  -64.94176  -64.47687 346.118922       8.10 0.0000e+00   1192.892      28630  1030.1964  1030.1957    34.6641    34.6630    7.74438         21 0.0000e+00
    522.000    516.233     1.4014  30.226590     1.4010  30.225232     4.1473     4.1992    -0.0084    91.1592 1.0000e-12  -64.94176  -64.47686 346.118937      92.11 0.0000e+00   1194.132      28660  1030.2012  1030.2003    34.6642    34.6629    7.74449         35 0.0000e+00
    523.000    517.220     1.4016  30.227287     1.4013  30.225971     4.1561     4.1947    -0.0070    91.1626 1.0000e-12  -64.94176  -64.47688 346.118959      99.83 0.0000e+00   1196.029      28706  1030.2060  1030.2049    34.6643    34.6629    7.74444         38 0.0000e+00
    524.000    518.210     1.4018  30.227811     1.4014  30.226556     4.1561     4.1990    -0.0072    91.1634 1.0000e-12  -64.94176  -64.47688 346.118978      99.97 0.0000e+00   1197.698      28746  1030.2105  1030.2096    34.6641    34.6630    7.74440         32 0.0000e+00
