NBP2113_155081_ctd/data/dnbp2113_021.cnv
* Sea-Bird SBE 9 Data File:
* FileName = D:\Data\raw\NBP2113_021.hex
* Software Version Seasave V 7.26.7.121
* Temperature SN = 2438
* Conductivity SN = 2067
* Number of Bytes Per Scan = 40
* Number of Voltage Words = 5
* Number of Scans Averaged by the Deck Unit = 1
* NMEA Latitude = 68 01.86 S
* NMEA Longitude = 069 17.12 W
* NMEA UTC (Time) = Nov 30 2021  19:30:12
* NMEA baud rate = 9600
** Ship: RVIB N.B. Palmer
** Cruise: NBP2113 LTER
** Station: 200.-040
** Operator: S. Blackman
# nquan = 25
# nvalues = 456                         
# units = specified
# name 0 = prDM: Pressure, Digiquartz [db]
# name 1 = depSM: Depth [salt water, m]
# name 2 = t090C: Temperature [ITS-90, deg C]
# name 3 = c0mS/cm: Conductivity [mS/cm]
# name 4 = t190C: Temperature, 2 [ITS-90, deg C]
# name 5 = c1mS/cm: Conductivity, 2 [mS/cm]
# name 6 = sbeox0ML/L: Oxygen, SBE 43 [ml/l]
# name 7 = sbeox1ML/L: Oxygen, SBE 43, 2 [ml/l]
# name 8 = flECO-AFL: Fluorescence, WET Labs ECO-AFL/FL [mg/m^3]
# name 9 = CStarTr0: Beam Transmission, WET Labs C-Star [%]
# name 10 = par: PAR/Irradiance, Biospherical/Licor
# name 11 = latitude: Latitude [deg]
# name 12 = longitude: Longitude [deg]
# name 13 = timeJ: Julian Days
# name 14 = altM: Altimeter [m]
# name 15 = spar: SPAR, Biospherical/Licor
# name 16 = timeS: Time, Elapsed [seconds]
# name 17 = scan: Scan Count
# name 18 = density00: Density [density, kg/m^3]
# name 19 = density11: Density, 2 [density, kg/m^3]
# name 20 = sal00: Salinity, Practical [PSU]
# name 21 = sal11: Salinity, Practical, 2 [PSU]
# name 22 = oxsolML/L: Oxygen Saturation, Garcia & Gordon [ml/l]
# name 23 = nbin: number of scans per bin
# name 24 = flag: flag
# span 0 =      4.000,    459.000       
# span 1 =      3.960,    453.904       
# span 2 =    -1.2730,     1.3800       
# span 3 =  27.114130,  30.203759       
# span 4 =    -1.2737,     1.3800       
# span 5 =  27.113114,  30.202781       
# span 6 =     4.0011,     8.4642       
# span 7 =     4.0604,     8.5191       
# span 8 =    -0.0152,     3.5829       
# span 9 =    85.6744,    97.2905       
# span 10 = -8.041e-05, 1.1882e+02      
# span 11 =  -68.03110,  -68.03077      
# span 12 =  -69.28600,  -69.28527      
# span 13 = 334.815845, 334.824401      
# span 14 =     -30.96,     101.38      
# span 15 = 2.9970e+02, 3.2790e+02      
# span 16 =    277.038,   1016.234      
# span 17 =       6650,      24391      
# span 18 =  1027.1896,  1029.9327      
# span 19 =  1027.1884,  1029.9317      
# span 20 =    33.7977,    34.6952      
# span 21 =    33.7955,    34.6943      
# span 22 =    7.74705,    8.35298      
# span 23 =         11,         49      
# span 24 = 0.0000e+00, 0.0000e+00      
# interval = decibars: 1                
# start_time = Nov 30 2021 19:30:12 [NMEA time, header]
# bad_flag = -9.990e-29
*END*
[from data line 116]
    120.000    118.764    -1.0131  27.473773    -1.0128  27.473013     7.8139     7.8907     0.5948    93.7212 1.0000e-12  -68.03080  -69.28592 334.819364      99.97 3.1556e+02    581.067      13947  1027.8982  1027.8971    33.9744    33.9729    8.28648         20 0.0000e+00
    121.000    119.755    -1.0035  27.483151    -1.0031  27.482496     7.8373     7.8934     0.6377    93.8697 1.0000e-12  -68.03080  -69.28591 334.819374      99.97 3.1556e+02    581.954      13968  1027.9035  1027.9023    33.9757    33.9743    8.28429         23 0.0000e+00
    122.000    120.744    -1.0037  27.483462    -1.0032  27.482803     7.8292     7.9014     0.7334    94.0892 1.0000e-12  -68.03080  -69.28591 334.819386      99.97 3.1556e+02    582.961      13992  1027.9083  1027.9071    33.9757    33.9743    8.28433         25 0.0000e+00
    123.000    121.734    -0.9942  27.492819    -0.9876  27.498412     7.8407     7.9068     0.7251    94.1282 1.0000e-12  -68.03080  -69.28592 334.819398      99.97 3.1556e+02    584.013      14017  1027.9136  1027.9133    33.9771    33.9773    8.28215         25 0.0000e+00
    124.000    122.722    -0.9694  27.516516    -0.9684  27.515783     7.8449     7.9114     0.7188    94.2883 1.0000e-12  -68.03080  -69.28592 334.819412      99.97 3.1556e+02    585.159      14045  1027.9197  1027.9180    33.9807    33.9786    8.27647         34 0.0000e+00
    125.000    123.711    -0.9820  27.504581    -0.9827  27.502881     7.8362     7.9019     0.6909    94.2352 1.0000e-12  -68.03080  -69.28590 334.819452      99.97 3.1556e+02    588.627      14128  1027.9235  1027.9224    33.9781    33.9766    8.27940         31 0.0000e+00
    126.000    124.702    -0.9801  27.508381    -0.9818  27.505760     7.8393     7.9045     0.6961    94.2301 1.0000e-12  -68.03080  -69.28590 334.819468      99.97 3.1556e+02    590.003      14161  1027.9302  1027.9290    33.9805    33.9789    8.27884         19 0.0000e+00
    127.000    125.691    -0.9720  27.515928    -0.9725  27.514513     7.8463     7.9128     0.5757    94.1557 1.0000e-12  -68.03080  -69.28590 334.819476      99.97 3.1556e+02    590.733      14179  1027.9349  1027.9338    33.9810    33.9796    8.27703         18 0.0000e+00
    128.000    126.679    -0.9683  27.520241    -0.9690  27.518487     7.8453     7.9121     0.6547    94.1853 1.0000e-12  -68.03080  -69.28590 334.819484      99.97 3.1556e+02    591.458      14196  1027.9403  1027.9391    33.9821    33.9805    8.27615         18 0.0000e+00
    129.000    127.670    -0.9569  27.531912    -0.9581  27.529799     7.8266     7.9038     0.6694    94.2523 1.0000e-12  -68.03080  -69.28590 334.819495      99.97 3.1556e+02    592.347      14217  1027.9464  1027.9452    33.9845    33.9830    8.27350         25 0.0000e+00
    130.000    128.659    -0.9565  27.534780    -0.9568  27.533464     7.8117     7.8965     0.6656    94.2062 1.0000e-12  -68.03080  -69.28590 334.819510      99.97 3.1556e+02    593.700      14250  1027.9535  1027.9524    33.9873    33.9859    8.27324         38 0.0000e+00
    131.000    129.648    -0.9577  27.535069    -0.9588  27.533154     7.7821     7.8757     0.6819    94.2148 1.0000e-12  -68.03080  -69.28590 334.819527      99.97 3.1556e+02    595.150      14285  1027.9594  1027.9584    33.9885    33.9871    8.27345         32 0.0000e+00
    132.000    130.638    -0.9687  27.527056    -0.9679  27.526600     7.7984     7.8720     0.6811    94.2089 1.0000e-12  -68.03080  -69.28591 334.819543      99.97 3.1556e+02    596.517      14317  1027.9658  1027.9645    33.9893    33.9878    8.27581         34 0.0000e+00
    133.000    131.626    -0.9677  27.528545    -0.9679  27.527286     7.7964     7.8617     0.7825    94.2130 1.0000e-12  -68.03080  -69.28592 334.819563      99.97 3.1556e+02    598.284      14360  1027.9707  1027.9696    33.9896    33.9881    8.27557         40 0.0000e+00
    134.000    132.615    -0.9674  27.529505    -0.9676  27.528365     7.7888     7.8603     0.7769    94.3526 1.0000e-12  -68.03082  -69.28591 334.819582      99.97 3.1556e+02    599.855      14398  1027.9759  1027.9748    33.9900    33.9886    8.27549         28 0.0000e+00
    135.000    133.606    -0.9669  27.531422    -0.9678  27.530063     7.7963     7.8647     0.6514    94.3066 1.0000e-12  -68.03082  -69.28589 334.819593      99.97 3.1556e+02    600.832      14421  1027.9818  1027.9811    33.9914    33.9906    8.27530         20 0.0000e+00
    136.000    134.596    -0.9622  27.538454    -0.9633  27.536073     7.7846     7.8659     0.5697    94.3813 1.0000e-12  -68.03082  -69.28588 334.819603      99.97 3.1556e+02    601.651      14441  1027.9892  1027.9877    33.9950    33.9931    8.27405         20 0.0000e+00
    137.000    135.583    -0.9606  27.540691    -0.9613  27.539084     7.7926     7.8582     0.5897    94.3973 1.0000e-12  -68.03082  -69.28588 334.819613      99.97 3.1556e+02    602.567      14463  1027.9943  1027.9933    33.9956    33.9942    8.27365         25 0.0000e+00
    138.000    136.574    -0.9586  27.543448    -0.9581  27.542943     7.7731     7.8556     0.6691    94.5156 1.0000e-12  -68.03082  -69.28588 334.819628      99.97 3.1556e+02    603.852      14493  1027.9998  1027.9987    33.9966    33.9953    8.27317         37 0.0000e+00
    139.000    137.563    -0.9542  27.550493    -0.9535  27.550509     7.7664     7.8427     0.7346    94.5283 1.0000e-12  -68.03082  -69.28588 334.819646      99.97 3.1561e+02    605.374      14530  1028.0075  1028.0069    34.0005    33.9998    8.27196         33 0.0000e+00
    140.000    138.552    -0.9576  27.548925    -0.9571  27.548520     7.7489     7.8340     0.7145    94.5128 1.0000e-12  -68.03082  -69.28588 334.819659      99.97 3.1616e+02    606.541      14558  1028.0135  1028.0126    34.0016    34.0005    8.27265         24 0.0000e+00
    141.000    139.542    -0.9577  27.551845    -0.9570  27.551796     7.7430     7.8325     0.6706    94.5484 1.0000e-12  -68.03082  -69.28588 334.819671      99.97 3.1732e+02    607.559      14582  1028.0212  1028.0203    34.0051    34.0042    8.27247         26 0.0000e+00
    142.000    140.531    -0.9520  27.558891    -0.9523  27.557464     7.7421     7.8267     0.6766    94.5658 1.0000e-12  -68.03082  -69.28589 334.819684      99.97 3.1732e+02    608.730      14611  1028.0276  1028.0263    34.0076    34.0060    8.27107         32 0.0000e+00
    143.000    141.520    -0.9487  27.563277    -0.9488  27.562033     7.7442     7.8249     0.7032    94.6603 1.0000e-12  -68.03082  -69.28590 334.819702      99.97 3.1732e+02    610.277      14648  1028.0335  1028.0323    34.0092    34.0077    8.27024         37 0.0000e+00
    144.000    142.509    -0.9459  27.566533    -0.9458  27.565780     7.7514     7.8201     0.7379    94.7697 1.0000e-12  -68.03082  -69.28588 334.819719      99.97 3.1732e+02    611.748      14683  1028.0387  1028.0377    34.0098    34.0087    8.26959         31 0.0000e+00
    145.000    143.498    -0.9447  27.568221    -0.9451  27.566989     7.7476     7.8219     0.5857    94.8055 1.0000e-12  -68.03082  -69.28588 334.819732      99.97 3.1732e+02    612.873      14710  1028.0438  1028.0427    34.0102    34.0090    8.26931         24 0.0000e+00
    146.000    144.489    -0.9447  27.568676    -0.9446  27.567942     7.7399     7.8157     0.5360    94.8908 1.0000e-12  -68.03083  -69.28588 334.819744      99.97 3.1732e+02    613.861      14734  1028.0486  1028.0476    34.0102    34.0091    8.26931         25 0.0000e+00
    147.000    145.478    -0.9463  27.567460    -0.9463  27.566409     7.7526     7.8172     0.5335    94.7909 1.0000e-12  -68.03084  -69.28588 334.819757      99.97 3.1732e+02    615.008      14761  1028.0531  1028.0520    34.0098    34.0083    8.26969         32 0.0000e+00
    148.000    146.466    -0.9448  27.569486    -0.9449  27.568369     7.7480     7.8055     0.6703    94.8397 1.0000e-12  -68.03084  -69.28586 334.819774      99.97 3.1732e+02    616.476      14796  1028.0582  1028.0570    34.0102    34.0088    8.26933         35 0.0000e+00
    149.000    147.457    -0.9396  27.575422    -0.9399  27.574133     7.7372     7.7905     0.6132    94.8810 1.0000e-12  -68.03084  -69.28586 334.819789      99.97 3.1732e+02    617.750      14827  1028.0639  1028.0628    34.0117    34.0103    8.26809         25 0.0000e+00
    150.000    148.444    -0.9276  27.589257    -0.9290  27.587346     7.7019     7.7750     0.6146    94.8350 1.0000e-12  -68.03084  -69.28586 334.819799      99.97 3.1732e+02    618.652      14849  1028.0716  1028.0709    34.0164    34.0153    8.26519         20 0.0000e+00
    151.000    149.435    -0.9156  27.603589    -0.9154  27.602851     7.6841     7.7704     0.6130    94.8398 1.0000e-12  -68.03084  -69.28586 334.819808      99.97 3.1732e+02    619.422      14867  1028.0799  1028.0789    34.0216    34.0205    8.26223         18 0.0000e+00
    152.000    150.424    -0.9147  27.605581    -0.9145  27.605028     7.6891     7.7733     0.5162    94.9339 1.0000e-12  -68.03084  -69.28586 334.819818      99.97 3.1732e+02    620.245      14887  1028.0856  1028.0848    34.0228    34.0218    8.26198         22 0.0000e+00
    153.000    151.414    -0.9155  27.605285    -0.9157  27.603895     7.6818     7.7694     0.5475    94.9189 1.0000e-12  -68.03084  -69.28587 334.819836      99.97 3.1896e+02    621.859      14926  1028.0905  1028.0892    34.0227    34.0210    8.26216         37 0.0000e+00
    154.000    152.403    -0.9150  27.606377    -0.9145  27.605995     7.6245     7.7219     0.5399    94.9833 1.0000e-12  -68.03084  -69.28586 334.819864      99.97 3.1909e+02    624.282      14984  1028.0957  1028.0948    34.0230    34.0219    8.26204         31 0.0000e+00
    155.000    153.391    -0.9078  27.616802    -0.9071  27.616750     7.5554     7.6744     0.5249    95.0671 1.0000e-12  -68.03084  -69.28586 334.819876      99.97 3.1908e+02    625.259      15007  1028.1044  1028.1036    34.0283    34.0275    8.26013         21 0.0000e+00
    156.000    154.382    -0.9057  27.619964    -0.9057  27.618946     7.4649     7.6263     0.4986    95.0391 1.0000e-12  -68.03084  -69.28586 334.819884      99.97 3.1908e+02    626.011      15025  1028.1101  1028.1090    34.0296    34.0283    8.25959         16 0.0000e+00
    157.000    155.370    -0.9048  27.622269    -0.9048  27.621393     7.3998     7.6002     0.4925    95.0289 1.0000e-12  -68.03084  -69.28585 334.819892      99.97 3.1908e+02    626.712      15042  1028.1162  1028.1152    34.0312    34.0300    8.25932         17 0.0000e+00
    158.000    156.359    -0.8885  27.647109    -0.8897  27.644845     7.4398     7.6144     0.5181    95.0487 1.0000e-12  -68.03084  -69.28584 334.819902      99.98 3.1949e+02    627.548      15062  1028.1317  1028.1304    34.0459    34.0441    8.25488         25 0.0000e+00
    159.000    157.348    -0.8842  27.653037    -0.8851  27.648917     7.4144     7.5464     0.4915    95.1734 1.0000e-12  -68.03084  -69.28584 334.819927      99.97 3.2085e+02    629.704      15114  1028.1385  1028.1350    34.0484    34.0439    8.25379         37 0.0000e+00
    160.000    158.338    -0.8630  27.680514    -0.8632  27.679336     7.2475     7.4174     0.4824    95.3290 1.0000e-12  -68.03085  -69.28584 334.819950      99.97 3.2084e+02    631.708      15162  1028.1523  1028.1511    34.0612    34.0598    8.24840         23 0.0000e+00
    161.000    159.326    -0.8560  27.689337    -0.8560  27.688301     7.1813     7.3815     0.5131    95.2964 1.0000e-12  -68.03086  -69.28584 334.819959      99.97 3.2084e+02    632.477      15180  1028.1595  1028.1584    34.0646    34.0632    8.24666         17 0.0000e+00
    162.000    160.316    -0.8474  27.700399    -0.8469  27.699921     7.1580     7.3607     0.3558    95.4195 1.0000e-12  -68.03086  -69.28584 334.819967      99.97 3.2084e+02    633.137      15196  1028.1675  1028.1665    34.0693    34.0680    8.24450         15 0.0000e+00
    163.000    161.306    -0.8368  27.712041    -0.8352  27.712562     7.1711     7.3545     0.3725    95.4693 1.0000e-12  -68.03086  -69.28583 334.819974      99.97 3.2084e+02    633.781      15212  1028.1743  1028.1732    34.0725    34.0714    8.24200         16 0.0000e+00
    164.000    162.294    -0.8316  27.717991    -0.8311  27.717566     7.1854     7.3485     0.4019    95.4785 1.0000e-12  -68.03086  -69.28582 334.819983      99.98 3.2084e+02    634.496      15229  1028.1801  1028.1791    34.0740    34.0729    8.24077         19 0.0000e+00
    165.000    163.284    -0.8297  27.720622    -0.8296  27.719781     7.1985     7.3431     0.4479    95.5213 1.0000e-12  -68.03086  -69.28582 334.819993      99.98 3.2084e+02    635.422      15251  1028.1856  1028.1845    34.0749    34.0736    8.24031         26 0.0000e+00
    166.000    164.273    -0.8287  27.721878    -0.8285  27.720767     7.2353     7.3482     0.4353    95.6091 1.0000e-12  -68.03086  -69.28582 334.820011      99.97 3.2090e+02    636.925      15287  1028.1906  1028.1891    34.0749    34.0731    8.24010         35 0.0000e+00
    167.000    165.263    -0.8291  27.721853    -0.8309  27.718756     7.2285     7.3235     0.3730    95.6457 1.0000e-12  -68.03086  -69.28584 334.820049      99.98 3.2258e+02    640.223      15366  1028.1955  1028.1940    34.0746    34.0725    8.24019         31 0.0000e+00
    168.000    166.250    -0.8226  27.730175    -0.8226  27.729147     7.1951     7.2841     0.4364    95.5826 1.0000e-12  -68.03086  -69.28583 334.820067      99.97 3.2261e+02    641.801      15404  1028.2028  1028.2016    34.0779    34.0766    8.23858         27 0.0000e+00
    169.000    167.241    -0.8202  27.733083    -0.8204  27.731817     7.1787     7.2706     0.3928    95.5662 1.0000e-12  -68.03086  -69.28581 334.820078      99.97 3.2261e+02    642.707      15426  1028.2079  1028.2068    34.0786    34.0771    8.23802         18 0.0000e+00
    170.000    168.231    -0.8158  27.738587    -0.8157  27.737683     7.1727     7.2562     0.3439    95.6428 1.0000e-12  -68.03086  -69.28580 334.820086      99.97 3.2261e+02    643.416      15443  1028.2140  1028.2129    34.0804    34.0791    8.23695         16 0.0000e+00
    171.000    169.216    -0.8110  27.744316    -0.8109  27.743390     7.1097     7.2124     0.3314    95.6440 1.0000e-12  -68.03088  -69.28578 334.820093      99.97 3.2261e+02    644.056      15458  1028.2198  1028.2187    34.0821    34.0808    8.23579         15 0.0000e+00
    172.000    170.209    -0.7995  27.757440    -0.7987  27.757536     6.9609     7.1255     0.3342    95.6526 1.0000e-12  -68.03088  -69.28578 334.820100      99.97 3.2261e+02    644.679      15473  1028.2273  1028.2266    34.0864    34.0856    8.23305         15 0.0000e+00
    173.000    171.198    -0.7853  27.773130    -0.7851  27.772388     6.8482     7.0725     0.3522    95.6680 1.0000e-12  -68.03088  -69.28578 334.820108      99.97 3.2261e+02    645.313      15489  1028.2348  1028.2339    34.0909    34.0897    8.22967         16 0.0000e+00
    174.000    172.186    -0.7761  27.788157    -0.7771  27.786018     6.8019     7.0468     0.3487    95.5862 1.0000e-12  -68.03088  -69.28578 334.820116      99.97 3.2323e+02    645.988      15505  1028.2466  1028.2453    34.1003    34.0985    8.22713         17 0.0000e+00
    175.000    173.175    -0.7002  27.872634    -0.6984  27.874013     6.8471     7.0532     0.3540    95.6350 1.0000e-12  -68.03088  -69.28578 334.820124      99.98 3.2262e+02    646.753      15523  1028.2685  1028.2682    34.1282    34.1281    8.20899         20 0.0000e+00
    176.000    174.166    -0.7113  27.857196    -0.7117  27.855905     6.8830     7.0627     0.3740    95.7038 1.0000e-12  -68.03088  -69.28578 334.820150      99.98 3.2305e+02    648.922      15575  1028.2675  1028.2664    34.1193    34.1179    8.21194         32 0.0000e+00
