NBP2113_155081_ctd/data/dnbp2113_031.cnv
* Sea-Bird SBE 9 Data File:
* FileName = D:\Data\raw\NBP2113_031.hex
* Software Version Seasave V 7.26.7.121
* Temperature SN = 2438
* Conductivity SN = 2067
* Number of Bytes Per Scan = 40
* Number of Voltage Words = 5
* Number of Scans Averaged by the Deck Unit = 1
* NMEA Latitude = 66 30.40 S
* NMEA Longitude = 069 53.27 W
* NMEA UTC (Time) = Dec 06 2021  01:15:18
* NMEA baud rate = 9600
** Ship: RVIB N.B. Palmer
** Cruise: NBP2113 LTER
** Station: 300.100
** Operator: S. Blackman
# nquan = 25
# nvalues = 475                         
# units = specified
# name 0 = prDM: Pressure, Digiquartz [db]
# name 1 = depSM: Depth [salt water, m]
# name 2 = t090C: Temperature [ITS-90, deg C]
# name 3 = c0mS/cm: Conductivity [mS/cm]
# name 4 = t190C: Temperature, 2 [ITS-90, deg C]
# name 5 = c1mS/cm: Conductivity, 2 [mS/cm]
# name 6 = sbeox0ML/L: Oxygen, SBE 43 [ml/l]
# name 7 = sbeox1ML/L: Oxygen, SBE 43, 2 [ml/l]
# name 8 = flECO-AFL: Fluorescence, WET Labs ECO-AFL/FL [mg/m^3]
# name 9 = CStarTr0: Beam Transmission, WET Labs C-Star [%]
# name 10 = par: PAR/Irradiance, Biospherical/Licor
# name 11 = latitude: Latitude [deg]
# name 12 = longitude: Longitude [deg]
# name 13 = timeJ: Julian Days
# name 14 = altM: Altimeter [m]
# name 15 = spar: SPAR, Biospherical/Licor
# name 16 = timeS: Time, Elapsed [seconds]
# name 17 = scan: Scan Count
# name 18 = density00: Density [density, kg/m^3]
# name 19 = density11: Density, 2 [density, kg/m^3]
# name 20 = sal00: Salinity, Practical [PSU]
# name 21 = sal11: Salinity, Practical, 2 [PSU]
# name 22 = oxsolML/L: Oxygen Saturation, Garcia & Gordon [ml/l]
# name 23 = nbin: number of scans per bin
# name 24 = flag: flag
# span 0 =      4.000,    478.000       
# span 1 =      3.960,    472.716       
# span 2 =    -0.5134,     1.5678       
# span 3 =  27.885304,  30.271055       
# span 4 =    -0.5131,     1.5678       
# span 5 =  27.884039,  30.270034       
# span 6 =     3.9460,     8.1187       
# span 7 =     3.9825,     8.1526       
# span 8 =    -0.0223,     2.1117       
# span 9 =    89.1895,    96.6147       
# span 10 = 1.0000e-12, 1.2369e+01      
# span 11 =  -66.50692,  -66.50669      
# span 12 =  -69.88852,  -69.88842      
# span 13 = 340.056536, 340.065932      
# span 14 =       8.03,      99.98      
# span 15 = 2.4680e+01, 5.1127e+01      
# span 16 =    366.676,   1178.548      
# span 17 =       8801,      28286      
# span 18 =  1027.3418,  1030.0538      
# span 19 =  1027.3401,  1030.0528      
# span 20 =    34.0068,    34.7262      
# span 21 =    34.0048,    34.7251      
# span 22 =    7.71019,    8.17525      
# span 23 =         12,         44      
# span 24 = 0.0000e+00, 0.0000e+00      
# interval = decibars: 1                
# start_time = Dec 06 2021 01:15:18 [NMEA time, header]
# bad_flag = -9.990e-29
*END*
[from data line 116]
    120.000    118.775     1.0591  29.662725     1.0584  29.660658     4.1898     4.2498     0.0252    96.3916 1.0000e-12  -66.50670  -69.88850 340.059774      99.98 4.9361e+01    646.453      15516  1028.2478  1028.2463    34.5539    34.5519    7.81833         40 0.0000e+00
    121.000    119.766     1.0453  29.648797     1.0458  29.648309     4.1589     4.2150     0.0098    96.3917 1.0000e-12  -66.50670  -69.88849 340.059812      99.98 4.9361e+01    649.716      15594  1028.2523  1028.2513    34.5506    34.5494    7.82127         23 0.0000e+00
    122.000    120.755     1.0783  29.685041     1.0784  29.683935     4.1336     4.1980    -0.0070    96.4172 1.0000e-12  -66.50670  -69.88848 340.059820      99.98 4.9361e+01    650.445      15612  1028.2615  1028.2602    34.5601    34.5585    7.81416         17 0.0000e+00
    123.000    121.745     1.0904  29.696613     1.0900  29.695091     4.0995     4.1702     0.0002    96.4295 1.0000e-12  -66.50670  -69.88848 340.059828      99.97 4.9361e+01    651.118      15628  1028.2660  1028.2648    34.5610    34.5594    7.81169         16 0.0000e+00
    124.000    122.734     1.0962  29.703084     1.0958  29.701434     4.0528     4.1418     0.0035    96.4538 1.0000e-12  -66.50670  -69.88848 340.059835      99.98 4.9361e+01    651.741      15643  1028.2713  1028.2701    34.5622    34.5606    7.81045         15 0.0000e+00
    125.000    123.725     1.1010  29.708500     1.1004  29.706612     4.0142     4.1155     0.0095    96.4713 1.0000e-12  -66.50670  -69.88848 340.059842      99.98 4.9361e+01    652.345      15657  1028.2767  1028.2754    34.5634    34.5616    7.80945         14 0.0000e+00
    126.000    124.713     1.1208  29.731067     1.1206  29.729634     3.9914     4.1025    -0.0010    96.4870 1.0000e-12  -66.50670  -69.88848 340.059849      99.97 4.9361e+01    652.968      15672  1028.2849  1028.2836    34.5698    34.5682    7.80514         15 0.0000e+00
    127.000    125.704     1.1339  29.745792     1.1339  29.744604     3.9869     4.0890    -0.0078    96.4692 1.0000e-12  -66.50670  -69.88849 340.059857      99.97 4.9361e+01    653.632      15688  1028.2916  1028.2904    34.5737    34.5722    7.80233         17 0.0000e+00
    128.000    126.692     1.1483  29.762224     1.1483  29.760877     3.9921     4.0855    -0.0006    96.4691 1.0000e-12  -66.50670  -69.88850 340.059866      99.98 4.9361e+01    654.414      15707  1028.2988  1028.2974    34.5782    34.5765    7.79921         22 0.0000e+00
    129.000    127.679     1.1622  29.774436     1.1638  29.776670     4.0151     4.1080     0.0048    96.4666 1.0000e-12  -66.50670  -69.88850 340.059882      99.97 4.9361e+01    655.771      15740  1028.3025  1028.3032    34.5779    34.5790    7.79646         37 0.0000e+00
    130.000    128.671     1.1578  29.771922     1.1449  29.758545     4.0248     4.0866     0.0031    96.5138 1.0000e-12  -66.50670  -69.88850 340.059918      99.98 4.9361e+01    658.896      15814  1028.3094  1028.3083    34.5789    34.5761    7.79727         36 0.0000e+00
    131.000    129.661     1.1804  29.796072     1.1803  29.795070     4.0257     4.0744     0.0154    96.4995 1.0000e-12  -66.50670  -69.88850 340.059934      99.98 4.9361e+01    660.325      15849  1028.3165  1028.3155    34.5844    34.5832    7.79249         24 0.0000e+00
    132.000    130.650     1.1824  29.798863     1.1821  29.797443     4.0214     4.0689     0.0004    96.5132 1.0000e-12  -66.50670  -69.88850 340.059945      99.98 4.9361e+01    661.208      15870  1028.3219  1028.3206    34.5852    34.5836    7.79205         20 0.0000e+00
    133.000    131.640     1.1858  29.802844     1.1856  29.801639     4.0170     4.0631    -0.0062    96.5308 1.0000e-12  -66.50670  -69.88850 340.059954      99.98 4.9361e+01    662.016      15889  1028.3271  1028.3259    34.5859    34.5845    7.79134         20 0.0000e+00
    134.000    132.629     1.1906  29.808434     1.1903  29.807102     4.0157     4.0622    -0.0060    96.5329 1.0000e-12  -66.50670  -69.88850 340.059964      99.98 4.9361e+01    662.871      15910  1028.3325  1028.3313    34.5872    34.5858    7.79031         21 0.0000e+00
    135.000    133.619     1.1988  29.817531     1.1987  29.816294     4.0141     4.0607    -0.0099    96.5313 1.0000e-12  -66.50670  -69.88851 340.059975      99.97 4.9361e+01    663.849      15933  1028.3383  1028.3370    34.5892    34.5877    7.78858         26 0.0000e+00
    136.000    134.609     1.2088  29.828513     1.2084  29.827258     4.0093     4.0595    -0.0147    96.5442 1.0000e-12  -66.50670  -69.88852 340.059988      99.97 4.9361e+01    664.960      15960  1028.3441  1028.3432    34.5916    34.5904    7.78645         27 0.0000e+00
    137.000    135.597     1.2167  29.837439     1.2162  29.836030     4.0030     4.0564    -0.0065    96.5327 1.0000e-12  -66.50670  -69.88852 340.060001      99.98 4.9361e+01    666.046      15986  1028.3501  1028.3490    34.5938    34.5925    7.78478         25 0.0000e+00
    138.000    136.587     1.2385  29.861184     1.2381  29.859761     3.9999     4.0523     0.0007    96.5143 1.0000e-12  -66.50670  -69.88852 340.060012      99.98 4.9361e+01    667.077      16011  1028.3574  1028.3563    34.5995    34.5981    7.78014         25 0.0000e+00
    139.000    137.577     1.2483  29.871805     1.2478  29.870308     4.0065     4.0533    -0.0028    96.5418 1.0000e-12  -66.50670  -69.88852 340.060026      99.97 4.9361e+01    668.239      16039  1028.3631  1028.3621    34.6016    34.6002    7.77807         34 0.0000e+00
    140.000    138.567     1.2508  29.874705     1.2514  29.874310     4.0035     4.0487    -0.0009    96.5380 1.0000e-12  -66.50670  -69.88852 340.060053      99.98 4.9361e+01    670.583      16095  1028.3685  1028.3674    34.6019    34.6008    7.77756         29 0.0000e+00
    141.000    139.555     1.2559  29.880516     1.2553  29.879097     3.9937     4.0344    -0.0097    96.5609 1.0000e-12  -66.50670  -69.88852 340.060076      99.98 4.9361e+01    672.529      16142  1028.3740  1028.3731    34.6032    34.6021    7.77649         28 0.0000e+00
    142.000    140.544     1.2627  29.888474     1.2623  29.887136     3.9899     4.0283    -0.0147    96.5506 1.0000e-12  -66.50670  -69.88852 340.060086      99.97 4.9361e+01    673.415      16163  1028.3799  1028.3788    34.6053    34.6040    7.77504         18 0.0000e+00
    143.000    141.533     1.2679  29.894645     1.2677  29.893294     3.9882     4.0299    -0.0061    96.5680 1.0000e-12  -66.50670  -69.88852 340.060094      99.97 4.9361e+01    674.120      16180  1028.3854  1028.3842    34.6068    34.6053    7.77391         16 0.0000e+00
    144.000    142.526     1.2761  29.904093     1.2757  29.902410     3.9889     4.0311    -0.0043    96.5777 1.0000e-12  -66.50670  -69.88851 340.060101      99.98 4.9631e+01    674.747      16195  1028.3913  1028.3900    34.6092    34.6075    7.77215         15 0.0000e+00
    145.000    143.514     1.2815  29.909707     1.2813  29.908563     3.9953     4.0303     0.0022    96.5727 1.0000e-12  -66.50670  -69.88850 340.060108      99.98 4.9739e+01    675.356      16210  1028.3962  1028.3951    34.6099    34.6086    7.77106         14 0.0000e+00
    146.000    144.502     1.2835  29.912514     1.2839  29.911764     3.9990     4.0294    -0.0033    96.5778 1.0000e-12  -66.50670  -69.88850 340.060115      99.97 5.0184e+01    675.958      16224  1028.4014  1028.4003    34.6106    34.6093    7.77061         15 0.0000e+00
    147.000    145.491     1.2869  29.916459     1.2868  29.915320     3.9969     4.0302    -0.0068    96.5886 1.0000e-12  -66.50670  -69.88850 340.060123      99.98 5.0573e+01    676.604      16239  1028.4065  1028.4054    34.6114    34.6100    7.76991         16 0.0000e+00
    148.000    146.483     1.2882  29.918232     1.2879  29.916879     3.9929     4.0268    -0.0138    96.5702 1.0000e-12  -66.50670  -69.88850 340.060132      99.98 5.0641e+01    677.377      16258  1028.4114  1028.4103    34.6116    34.6102    7.76964         22 0.0000e+00
    149.000    147.473     1.2902  29.920726     1.2904  29.919741     3.9857     4.0239    -0.0094    96.5869 1.0000e-12  -66.50670  -69.88851 340.060152      99.98 5.0927e+01    679.147      16301  1028.4164  1028.4152    34.6120    34.6105    7.76922         28 0.0000e+00
    150.000    148.461     1.2972  29.928787     1.2968  29.927349     3.9844     4.0257    -0.0061    96.5819 1.0000e-12  -66.50670  -69.88850 340.060194      99.98 5.1127e+01    682.777      16388  1028.4224  1028.4213    34.6140    34.6126    7.76772         37 0.0000e+00
    151.000    149.450     1.3077  29.940126     1.3073  29.938855     3.9828     4.0180    -0.0083    96.5810 1.0000e-12  -66.50670  -69.88850 340.060211      99.97 5.1124e+01    684.211      16422  1028.4281  1028.4273    34.6163    34.6152    7.76552         28 0.0000e+00
    152.000    150.437     1.3124  29.945668     1.3120  29.944408     3.9790     4.0180    -0.0223    96.5549 1.0000e-12  -66.50670  -69.88850 340.060222      99.98 5.1124e+01    685.209      16446  1028.4336  1028.4326    34.6176    34.6164    7.76453         20 0.0000e+00
    153.000    151.428     1.3156  29.949613     1.3153  29.948230     3.9900     4.0242    -0.0094    96.5730 1.0000e-12  -66.50670  -69.88850 340.060231      99.97 5.1124e+01    685.986      16465  1028.4388  1028.4376    34.6186    34.6171    7.76385         17 0.0000e+00
    154.000    152.418     1.3188  29.953549     1.3185  29.952145     3.9929     4.0256    -0.0067    96.5873 1.0000e-12  -66.50670  -69.88851 340.060239      99.97 5.1124e+01    686.663      16481  1028.4440  1028.4428    34.6195    34.6179    7.76317         16 0.0000e+00
    155.000    153.407     1.3210  29.956447     1.3208  29.955132     3.9922     4.0257    -0.0072    96.5724 1.0000e-12  -66.50670  -69.88852 340.060247      99.98 5.1124e+01    687.319      16497  1028.4491  1028.4479    34.6201    34.6186    7.76269         16 0.0000e+00
    156.000    154.395     1.3258  29.962229     1.3257  29.961143     3.9922     4.0305    -0.0064    96.5784 1.0000e-12  -66.50670  -69.88852 340.060255      99.97 5.1124e+01    687.998      16513  1028.4546  1028.4536    34.6216    34.6203    7.76167         17 0.0000e+00
    157.000    155.386     1.3319  29.969364     1.3320  29.968256     3.9854     4.0274    -0.0060    96.5879 1.0000e-12  -66.50670  -69.88852 340.060264      99.97 5.1124e+01    688.782      16532  1028.4602  1028.4590    34.6234    34.6219    7.76036         21 0.0000e+00
    158.000    156.376     1.3389  29.977108     1.3388  29.975981     3.9716     4.0229    -0.0043    96.5806 1.0000e-12  -66.50670  -69.88851 340.060277      99.97 5.1124e+01    689.904      16559  1028.4657  1028.4646    34.6250    34.6236    7.75890         32 0.0000e+00
    159.000    157.364     1.3446  29.983551     1.3439  29.982067     3.9720     4.0176    -0.0032    96.5843 1.0000e-12  -66.50670  -69.88850 340.060294      99.97 5.1124e+01    691.394      16594  1028.4711  1028.4702    34.6263    34.6252    7.75770         33 0.0000e+00
    160.000    158.353     1.3544  29.994246     1.3538  29.992818     3.9712     4.0155    -0.0075    96.5832 1.0000e-12  -66.50670  -69.88850 340.060308      99.98 5.1124e+01    692.573      16623  1028.4767  1028.4758    34.6286    34.6274    7.75565         25 0.0000e+00
    161.000    159.344     1.3625  30.003517     1.3618  30.001974     3.9736     4.0126    -0.0020    96.5732 1.0000e-12  -66.50670  -69.88850 340.060319      99.98 5.1124e+01    693.534      16646  1028.4826  1028.4817    34.6309    34.6297    7.75394         23 0.0000e+00
    162.000    160.332     1.3671  30.009017     1.3667  30.007610     3.9718     4.0122    -0.0044    96.5914 1.0000e-12  -66.50670  -69.88850 340.060332      99.97 5.1124e+01    694.667      16673  1028.4881  1028.4870    34.6323    34.6309    7.75295         36 0.0000e+00
    163.000    161.323     1.3687  30.011288     1.3686  30.010053     3.9642     4.0122    -0.0159    96.5851 1.0000e-12  -66.50670  -69.88852 340.060363      99.97 5.1124e+01    697.344      16737  1028.4934  1028.4922    34.6328    34.6313    7.75260         36 0.0000e+00
    164.000    162.310     1.3727  30.015813     1.3721  30.014348     3.9601     4.0133    -0.0146    96.5972 1.0000e-12  -66.50670  -69.88852 340.060382      99.98 5.1124e+01    699.017      16777  1028.4986  1028.4977    34.6336    34.6324    7.75178         24 0.0000e+00
    165.000    163.301     1.3744  30.018083     1.3741  30.016834     3.9600     4.0133    -0.0118    96.5812 1.0000e-12  -66.50670  -69.88851 340.060392      99.98 5.1124e+01    699.864      16798  1028.5036  1028.5025    34.6340    34.6327    7.75142         19 0.0000e+00
    166.000    164.288     1.3756  30.020026     1.3754  30.018647     3.9700     4.0100    -0.0066    96.5871 1.0000e-12  -66.50670  -69.88850 340.060401      99.98 5.1124e+01    700.613      16816  1028.5086  1028.5074    34.6345    34.6330    7.75114         19 0.0000e+00
    167.000    165.280     1.3772  30.022069     1.3770  30.020689     3.9743     4.0056    -0.0066    96.5813 1.0000e-12  -66.50670  -69.88850 340.060410      99.98 5.1124e+01    701.425      16835  1028.5135  1028.5123    34.6348    34.6333    7.75082         20 0.0000e+00
    168.000    166.268     1.3814  30.026875     1.3812  30.025710     3.9684     4.0036    -0.0121    96.5719 1.0000e-12  -66.50670  -69.88850 340.060422      99.97 5.1124e+01    702.434      16859  1028.5185  1028.5176    34.6357    34.6345    7.74994         28 0.0000e+00
    169.000    167.257     1.3897  30.036290     1.3891  30.035072     3.9647     4.0028    -0.0018    96.5924 1.0000e-12  -66.50670  -69.88849 340.060436      99.98 5.1124e+01    703.629      16888  1028.5243  1028.5236    34.6380    34.6370    7.74819         28 0.0000e+00
    170.000    168.247     1.3972  30.045003     1.3968  30.043734     3.9587     3.9996    -0.0042    96.5683 1.0000e-12  -66.50670  -69.88849 340.060448      99.97 5.1124e+01    704.733      16915  1028.5302  1028.5292    34.6402    34.6391    7.74659         25 0.0000e+00
    171.000    169.236     1.3983  30.046736     1.3981  30.045479     3.9593     4.0042     0.0003    96.5619 1.0000e-12  -66.50670  -69.88850 340.060460      99.98 5.1124e+01    705.719      16938  1028.5352  1028.5341    34.6406    34.6393    7.74635         23 0.0000e+00
    172.000    170.225     1.3991  30.048018     1.3987  30.046701     3.9627     4.0067    -0.0088    96.5905 1.0000e-12  -66.50670  -69.88851 340.060471      99.97 5.1124e+01    706.722      16962  1028.5401  1028.5391    34.6407    34.6395    7.74618         26 0.0000e+00
    173.000    171.215     1.3983  30.047810     1.3981  30.046475     3.9655     4.0071    -0.0083    96.5900 1.0000e-12  -66.50670  -69.88851 340.060486      99.98 5.1124e+01    708.000      16993  1028.5449  1028.5438    34.6408    34.6394    7.74634         35 0.0000e+00
    174.000    172.203     1.3993  30.049400     1.3987  30.047682     3.9634     4.0013    -0.0146    96.5966 1.0000e-12  -66.50670  -69.88850 340.060507      99.98 5.1124e+01    709.794      17036  1028.5500  1028.5488    34.6412    34.6396    7.74613         38 0.0000e+00
    175.000    173.190     1.4052  30.056007     1.4049  30.054813     3.9667     4.0011    -0.0208    96.5966 1.0000e-12  -66.50670  -69.88850 340.060524      99.98 5.1124e+01    711.311      17072  1028.5553  1028.5543    34.6425    34.6413    7.74489         30 0.0000e+00
    176.000    174.184     1.4059  30.057191     1.4052  30.055542     3.9614     3.9983    -0.0218    96.5966 1.0000e-12  -66.50670  -69.88850 340.060537      99.97 5.1124e+01    712.406      17099  1028.5601  1028.5590    34.6427    34.6413    7.74475         24 0.0000e+00
