NBP2113_155081_ctd/data/dnbp2113_019.cnv
* Sea-Bird SBE 9 Data File:
* FileName = D:\Data\raw\NBP2113_019.hex
* Software Version Seasave V 7.26.7.121
* Temperature SN = 2438
* Conductivity SN = 2067
* Number of Bytes Per Scan = 40
* Number of Voltage Words = 5
* Number of Scans Averaged by the Deck Unit = 1
* NMEA Latitude = 66 53.46 S
* NMEA Longitude = 068 55.21 W
* NMEA UTC (Time) = Nov 29 2021  09:39:46
* NMEA baud rate = 9600
** Ship: RVIB N.B. Palmer
** Cruise: NBP2113 LTER
** Station: 300.040
** Operator: B. Urmston
# nquan = 25
# nvalues = 669                         
# units = specified
# name 0 = prDM: Pressure, Digiquartz [db]
# name 1 = depSM: Depth [salt water, m]
# name 2 = t090C: Temperature [ITS-90, deg C]
# name 3 = c0mS/cm: Conductivity [mS/cm]
# name 4 = t190C: Temperature, 2 [ITS-90, deg C]
# name 5 = c1mS/cm: Conductivity, 2 [mS/cm]
# name 6 = sbeox0ML/L: Oxygen, SBE 43 [ml/l]
# name 7 = sbeox1ML/L: Oxygen, SBE 43, 2 [ml/l]
# name 8 = flECO-AFL: Fluorescence, WET Labs ECO-AFL/FL [mg/m^3]
# name 9 = CStarTr0: Beam Transmission, WET Labs C-Star [%]
# name 10 = par: PAR/Irradiance, Biospherical/Licor
# name 11 = latitude: Latitude [deg]
# name 12 = longitude: Longitude [deg]
# name 13 = timeJ: Julian Days
# name 14 = altM: Altimeter [m]
# name 15 = spar: SPAR, Biospherical/Licor
# name 16 = timeS: Time, Elapsed [seconds]
# name 17 = scan: Scan Count
# name 18 = density00: Density [density, kg/m^3]
# name 19 = density11: Density, 2 [density, kg/m^3]
# name 20 = sal00: Salinity, Practical [PSU]
# name 21 = sal11: Salinity, Practical, 2 [PSU]
# name 22 = oxsolML/L: Oxygen Saturation, Garcia & Gordon [ml/l]
# name 23 = nbin: number of scans per bin
# name 24 = flag: flag
# span 0 =      6.000,    674.000       
# span 1 =      5.936,    666.255       
# span 2 =    -0.9203,     1.4590       
# span 3 =  27.474797,  30.230297       
# span 4 =    -0.9209,     1.4588       
# span 5 =  27.473635,  30.229326       
# span 6 =     3.9747,     8.0733       
# span 7 =     4.0338,     8.1394       
# span 8 =    -0.0224,     1.4154       
# span 9 =    89.9702,    97.4112       
# span 10 = -2.738e-05, 1.7323e+02      
# span 11 =  -66.89134,  -66.89094      
# span 12 =  -68.92486,  -68.92230      
# span 13 = 333.406073, 333.418629      
# span 14 =       7.92,     102.91      
# span 15 = 4.3169e+02, 7.4102e+02      
# span 16 =    298.674,   1383.512      
# span 17 =       7169,      33205      
# span 18 =  1027.2481,  1030.9731      
# span 19 =  1027.2463,  1030.9721      
# span 20 =    33.8567,    34.7217      
# span 21 =    33.8545,    34.7203      
# span 22 =    7.73130,    8.26997      
# span 23 =          1,         47      
# span 24 = 0.0000e+00, 0.0000e+00      
# interval = decibars: 1                
# start_time = Nov 29 2021 09:39:46 [NMEA time, header]
# bad_flag = -9.990e-29
*END*
[from data line 406]
    412.000    407.499     1.4163  30.224414     1.4162  30.223501     3.9934     4.0518    -0.0150    97.3691 1.0000e-12  -66.89102  -68.92472 333.414460       9.17 4.9713e+02   1023.355      24562  1029.7202  1029.7194    34.7077    34.7066    7.73922         14 0.0000e+00
    413.000    408.493     1.4139  30.222871     1.4137  30.222011     3.9982     4.0536    -0.0145    97.3542 1.0000e-12  -66.89102  -68.92472 333.414467      39.45 4.9713e+02   1023.935      24575  1029.7253  1029.7245    34.7078    34.7069    7.73968         15 0.0000e+00
    414.000    409.479     1.4132  30.222673     1.4128  30.221527     4.0002     4.0561    -0.0092    97.3814 1.0000e-12  -66.89102  -68.92473 333.414475      95.27 4.9713e+02   1024.668      24593  1029.7299  1029.7292    34.7077    34.7068    7.73982         22 0.0000e+00
    415.000    410.466     1.4139  30.223652     1.4138  30.222845     4.0042     4.0554    -0.0053    97.3948 1.0000e-12  -66.89101  -68.92474 333.414516      99.98 4.9718e+02   1028.217      24678  1029.7345  1029.7337    34.7077    34.7067    7.73970         40 0.0000e+00
    416.000    411.453     1.4118  30.222364     1.4117  30.221489     4.0115     4.0576    -0.0066    97.3948 1.0000e-12  -66.89102  -68.92474 333.414542      99.98 4.9761e+02   1030.455      24732  1029.7394  1029.7386    34.7078    34.7068    7.74010         26 0.0000e+00
    417.000    412.442     1.4092  30.220718     1.4093  30.219996     4.0210     4.0602    -0.0058    97.3948 1.0000e-12  -66.89102  -68.92474 333.414554      99.98 4.9713e+02   1031.455      24756  1029.7445  1029.7437    34.7080    34.7070    7.74060         23 0.0000e+00
    418.000    413.432     1.4083  30.220571     1.4082  30.219714     4.0189     4.0626    -0.0050    97.3948 1.0000e-12  -66.89102  -68.92474 333.414565      99.98 4.9562e+02   1032.393      24778  1029.7495  1029.7487    34.7082    34.7072    7.74076         22 0.0000e+00
    419.000    414.419     1.4063  30.219273     1.4065  30.218823     4.0190     4.0612    -0.0024    97.4052 1.0000e-12  -66.89102  -68.92474 333.414575      99.97 4.9458e+02   1033.234      24799  1029.7543  1029.7537    34.7082    34.7074    7.74116         18 0.0000e+00
    420.000    415.406     1.4041  30.218119     1.4040  30.217386     4.0299     4.0616     0.0013    97.4077 1.0000e-12  -66.89102  -68.92474 333.414583      99.98 4.9360e+02   1033.987      24817  1029.7595  1029.7589    34.7085    34.7077    7.74157         18 0.0000e+00
    421.000    416.394     1.4037  30.218228     1.4035  30.217505     4.0262     4.0700    -0.0045    97.3964 1.0000e-12  -66.89102  -68.92474 333.414591      99.98 4.9405e+02   1034.686      24833  1029.7643  1029.7637    34.7086    34.7078    7.74166         16 0.0000e+00
    422.000    417.384     1.4031  30.218241     1.4030  30.217531     4.0190     4.0732    -0.0053    97.3977 1.0000e-12  -66.89102  -68.92474 333.414599      99.98 4.9536e+02   1035.389      24850  1029.7691  1029.7684    34.7087    34.7079    7.74176         18 0.0000e+00
    423.000    418.371     1.4026  30.218315     1.4025  30.217467     4.0177     4.0702    -0.0043    97.3975 1.0000e-12  -66.89102  -68.92474 333.414610      99.98 4.9537e+02   1036.303      24872  1029.7739  1029.7731    34.7088    34.7078    7.74186         29 0.0000e+00
    424.000    419.359     1.4025  30.218614     1.4026  30.217958     4.0179     4.0679    -0.0058    97.4041 1.0000e-12  -66.89100  -68.92475 333.414644      99.98 4.9537e+02   1039.210      24942  1029.7784  1029.7776    34.7087    34.7077    7.74189         40 0.0000e+00
    425.000    420.348     1.4015  30.218360     1.4016  30.217747     4.0260     4.0709    -0.0143    97.4112 1.0000e-12  -66.89100  -68.92476 333.414667      99.98 4.9537e+02   1041.244      24991  1029.7833  1029.7825    34.7089    34.7079    7.74207         27 0.0000e+00
    426.000    421.334     1.4004  30.217991     1.4004  30.217282     4.0277     4.0710    -0.0100    97.3946 1.0000e-12  -66.89100  -68.92476 333.414679      99.98 4.9537e+02   1042.241      25015  1029.7882  1029.7875    34.7090    34.7082    7.74227         22 0.0000e+00
    427.000    422.325     1.3998  30.218045     1.3999  30.217379     4.0291     4.0698    -0.0063    97.3948 1.0000e-12  -66.89100  -68.92476 333.414689      99.98 4.9537e+02   1043.129      25036  1029.7930  1029.7923    34.7092    34.7083    7.74238         21 0.0000e+00
    428.000    423.310     1.3994  30.218159     1.3993  30.217370     4.0303     4.0735    -0.0058    97.3948 1.0000e-12  -66.89100  -68.92476 333.414699      99.98 4.9537e+02   1044.024      25058  1029.7978  1029.7971    34.7092    34.7083    7.74246         23 0.0000e+00
    429.000    424.299     1.3984  30.217824     1.3982  30.217089     4.0287     4.0727    -0.0045    97.3948 1.0000e-12  -66.89100  -68.92476 333.414711      99.97 4.9537e+02   1045.032      25082  1029.8027  1029.8021    34.7093    34.7086    7.74265         25 0.0000e+00
    430.000    425.286     1.3970  30.217200     1.3969  30.216482     4.0239     4.0691     0.0135    97.3718 1.0000e-12  -66.89100  -68.92476 333.414723      99.98 4.9567e+02   1046.071      25107  1029.8076  1029.8069    34.7095    34.7086    7.74292         24 0.0000e+00
    431.000    426.275     1.3967  30.217445     1.3965  30.216639     4.0243     4.0766    -0.0059    97.3923 1.0000e-12  -66.89102  -68.92474 333.414734      99.98 4.9696e+02   1046.999      25129  1029.8124  1029.8117    34.7095    34.7088    7.74297         21 0.0000e+00
    432.000    427.265     1.3959  30.217254     1.3958  30.216462     4.0241     4.0771    -0.0118    97.3960 1.0000e-12  -66.89102  -68.92474 333.414744      99.98 4.9547e+02   1047.867      25150  1029.8172  1029.8164    34.7096    34.7087    7.74312         21 0.0000e+00
    433.000    428.252     1.3948  30.216730     1.3947  30.215994     4.0245     4.0748    -0.0099    97.3957 1.0000e-12  -66.89101  -68.92474 333.414755      99.98 4.9495e+02   1048.852      25173  1029.8219  1029.8213    34.7096    34.7088    7.74334         28 0.0000e+00
    434.000    429.240     1.3946  30.216952     1.3944  30.216058     4.0232     4.0799    -0.0057    97.3955 1.0000e-12  -66.89100  -68.92476 333.414774      99.98 4.9329e+02   1050.457      25212  1029.8265  1029.8258    34.7095    34.7086    7.74338         39 0.0000e+00
    435.000    430.227     1.3937  30.216706     1.3938  30.215946     4.0221     4.0735    -0.0046    97.3932 1.0000e-12  -66.89100  -68.92478 333.414811      99.98 4.9182e+02   1053.695      25290  1029.8314  1029.8305    34.7097    34.7086    7.74356         35 0.0000e+00
    436.000    431.215     1.3912  30.215188     1.3909  30.214279     4.0323     4.0694    -0.0025    97.4046 1.0000e-12  -66.89100  -68.92478 333.414828      99.98 4.9184e+02   1055.155      25325  1029.8365  1029.8359    34.7099    34.7090    7.74404         27 0.0000e+00
    437.000    432.203     1.3902  30.214869     1.3900  30.213985     4.0286     4.0713    -0.0134    97.3868 1.0000e-12  -66.89100  -68.92478 333.414839      99.98 4.9258e+02   1056.074      25347  1029.8413  1029.8406    34.7100    34.7091    7.74422         19 0.0000e+00
    438.000    433.193     1.3875  30.213118     1.3875  30.212435     4.0353     4.0799    -0.0063    97.3913 1.0000e-12  -66.89100  -68.92478 333.414847      99.97 4.9360e+02   1056.787      25364  1029.8466  1029.8458    34.7103    34.7093    7.74476         15 0.0000e+00
    439.000    434.178     1.3858  30.212488     1.3858  30.211532     4.0448     4.0838    -0.0035    97.3780 1.0000e-12  -66.89100  -68.92478 333.414854      99.98 4.9502e+02   1057.407      25379  1029.8517  1029.8508    34.7107    34.7095    7.74505         14 0.0000e+00
    440.000    435.166     1.3848  30.212071     1.3846  30.211002     4.0431     4.0820     0.0011    97.3838 1.0000e-12  -66.89100  -68.92476 333.414861      99.98 4.9537e+02   1057.977      25392  1029.8565  1029.8556    34.7107    34.7096    7.74525         14 0.0000e+00
    441.000    436.156     1.3827  30.210817     1.3825  30.209957     4.0418     4.0839    -0.0009    97.3946 1.0000e-12  -66.89100  -68.92476 333.414867      99.98 4.9550e+02   1058.530      25406  1029.8615  1029.8608    34.7109    34.7100    7.74566         13 0.0000e+00
    442.000    437.143     1.3803  30.209313     1.3802  30.208437     4.0391     4.0878    -0.0058    97.3773 1.0000e-12  -66.89100  -68.92476 333.414874      99.97 4.9646e+02   1059.141      25420  1029.8666  1029.8658    34.7110    34.7100    7.74612         16 0.0000e+00
    443.000    438.132     1.3791  30.208855     1.3787  30.207826     4.0341     4.0909    -0.0063    97.3816 1.0000e-12  -66.89100  -68.92476 333.414884      99.98 4.9530e+02   1060.006      25441  1029.8715  1029.8708    34.7112    34.7103    7.74635         21 0.0000e+00
    444.000    439.119     1.3825  30.211913     1.3813  30.210072     4.0368     4.0863    -0.0052    97.3782 1.0000e-12  -66.89100  -68.92478 333.414936      99.98 4.8776e+02   1064.443      25548  1029.8754  1029.8747    34.7108    34.7098    7.74571         29 0.0000e+00
    445.000    440.108     1.3846  30.213963     1.3826  30.211662     4.0399     4.0813    -0.0057    97.3737 1.0000e-12  -66.89100  -68.92481 333.414961      99.98 4.8890e+02   1066.671      25601  1029.8795  1029.8792    34.7104    34.7098    7.74530         32 0.0000e+00
    446.000    441.094     1.3788  30.210156     1.3806  30.210604     4.0406     4.0851    -0.0003    97.3734 1.0000e-12  -66.89100  -68.92482 333.414973      99.98 4.9131e+02   1067.627      25624  1029.8856  1029.8843    34.7114    34.7101    7.74639         18 0.0000e+00
    447.000    442.083     1.3782  30.210055     1.3782  30.209375     4.0386     4.0922     0.0006    97.3673 1.0000e-12  -66.89100  -68.92482 333.414980      99.98 4.9317e+02   1068.303      25640  1029.8903  1029.8896    34.7114    34.7106    7.74651         15 0.0000e+00
    448.000    443.071     1.3779  30.210248     1.3778  30.209474     4.0418     4.0918     0.0024    97.3671 1.0000e-12  -66.89100  -68.92481 333.414987      99.98 4.9374e+02   1068.873      25654  1029.8951  1029.8943    34.7114    34.7105    7.74658         13 0.0000e+00
    449.000    444.058     1.3784  30.211149     1.3782  30.210294     4.0448     4.0899     0.0033    97.3908 1.0000e-12  -66.89100  -68.92480 333.414993      99.98 4.9539e+02   1069.402      25667  1029.8997  1029.8989    34.7115    34.7106    7.74648         12 0.0000e+00
    450.000    445.045     1.3772  30.210713     1.3768  30.209661     4.0451     4.0887    -0.0065    97.3751 1.0000e-12  -66.89100  -68.92478 333.414999      99.98 4.9537e+02   1069.913      25679  1029.9046  1029.9039    34.7116    34.7107    7.74669         13 0.0000e+00
    451.000    446.036     1.3758  30.209989     1.3755  30.209036     4.0403     4.0885    -0.0060    97.3406 1.0000e-12  -66.89100  -68.92478 333.415005      96.61 4.9537e+02   1070.439      25692  1029.9095  1029.9088    34.7117    34.7108    7.74697         13 0.0000e+00
    452.000    447.023     1.3755  30.210126     1.3754  30.209376     4.0434     4.0895    -0.0064    97.3548 1.0000e-12  -66.89100  -68.92476 333.415012      97.78 4.9537e+02   1071.058      25706  1029.9142  1029.9135    34.7117    34.7108    7.74704         17 0.0000e+00
    453.000    448.012     1.3761  30.210955     1.3759  30.210050     4.0405     4.0935    -0.0061    97.3675 1.0000e-12  -66.89100  -68.92478 333.415040      99.99 4.9177e+02   1073.485      25765  1029.9186  1029.9178    34.7115    34.7105    7.74693         32 0.0000e+00
    454.000    448.997     1.3780  30.213036     1.3764  30.210886     4.0407     4.0897    -0.0114    97.3308 1.0000e-12  -66.89100  -68.92481 333.415087      99.97 4.8762e+02   1077.549      25862  1029.9230  1029.9224    34.7114    34.7105    7.74655         34 0.0000e+00
    455.000    449.986     1.3776  30.213108     1.3776  30.212471     4.0419     4.0878    -0.0057    97.3272 1.0000e-12  -66.89100  -68.92482 333.415105      99.98 4.8963e+02   1079.070      25899  1029.9277  1029.9270    34.7114    34.7105    7.74664         20 0.0000e+00
    456.000    450.973     1.3757  30.212241     1.3755  30.211243     4.0430     4.0873    -0.0059    97.3699 1.0000e-12  -66.89100  -68.92481 333.415113      99.97 4.9009e+02   1079.786      25916  1029.9328  1029.9320    34.7118    34.7107    7.74698         16 0.0000e+00
    457.000    451.962     1.3753  30.212437     1.3753  30.211587     4.0519     4.0888    -0.0083    97.3691 1.0000e-12  -66.89100  -68.92480 333.415120      99.98 4.9160e+02   1080.387      25930  1029.9377  1029.9368    34.7119    34.7109    7.74705         13 0.0000e+00
    458.000    452.950     1.3744  30.212051     1.3742  30.211238     4.0512     4.0912    -0.0146    97.3691 1.0000e-12  -66.89100  -68.92480 333.415126      99.98 4.9185e+02   1080.928      25943  1029.9425  1029.9418    34.7119    34.7111    7.74724         13 0.0000e+00
    459.000    453.938     1.3743  30.212443     1.3741  30.211682     4.0454     4.0929    -0.0128    97.3691 1.0000e-12  -66.89100  -68.92480 333.415133      99.98 4.9184e+02   1081.450      25956  1029.9472  1029.9465    34.7119    34.7112    7.74726         13 0.0000e+00
    460.000    454.927     1.3742  30.212882     1.3739  30.211964     4.0479     4.0974    -0.0062    97.3691 1.0000e-12  -66.89100  -68.92480 333.415139      99.98 4.9184e+02   1081.989      25969  1029.9519  1029.9513    34.7120    34.7111    7.74727         13 0.0000e+00
    461.000    455.913     1.3733  30.212645     1.3732  30.211786     4.0518     4.0993    -0.0090    97.3691 1.0000e-12  -66.89100  -68.92480 333.415146      99.97 4.9184e+02   1082.591      25983  1029.9568  1029.9560    34.7121    34.7111    7.74744         16 0.0000e+00
    462.000    456.903     1.3733  30.213015     1.3732  30.212111     4.0466     4.0976    -0.0137    97.3691 1.0000e-12  -66.89100  -68.92480 333.415159      99.97 4.9178e+02   1083.773      26012  1029.9613  1029.9605    34.7120    34.7110    7.74745         28 0.0000e+00
    463.000    457.889     1.3729  30.213029     1.3729  30.212179     4.0461     4.0989    -0.0056    97.3706 1.0000e-12  -66.89100  -68.92480 333.415199      99.98 4.9000e+02   1087.171      26093  1029.9660  1029.9651    34.7119    34.7109    7.74754         37 0.0000e+00
    464.000    458.878     1.3726  30.213284     1.3725  30.212430     4.0560     4.0982    -0.0120    97.3891 1.0000e-12  -66.89100  -68.92480 333.415214      99.98 4.8923e+02   1088.459      26124  1029.9707  1029.9700    34.7119    34.7111    7.74758         27 0.0000e+00
    465.000    459.865     1.3672  30.209509     1.3667  30.208458     4.0537     4.0989    -0.0015    97.3765 1.0000e-12  -66.89100  -68.92480 333.415227      99.98 4.8832e+02   1089.598      26151  1029.9764  1029.9759    34.7125    34.7118    7.74861         28 0.0000e+00
    466.000    460.852     1.3661  30.209083     1.3659  30.208223     4.0478     4.0996    -0.0119    97.3847 1.0000e-12  -66.89100  -68.92480 333.415240      99.98 4.8744e+02   1090.770      26179  1029.9813  1029.9806    34.7127    34.7118    7.74883         28 0.0000e+00
    467.000    461.841     1.3657  30.209205     1.3657  30.208439     4.0518     4.0989     0.0016    97.3806 1.0000e-12  -66.89100  -68.92481 333.415254      99.98 4.8655e+02   1091.976      26208  1029.9860  1029.9853    34.7127    34.7118    7.74891         29 0.0000e+00
    468.000    462.828     1.3647  30.208814     1.3644  30.207906     4.0526     4.0979    -0.0061    97.3709 1.0000e-12  -66.89100  -68.92482 333.415267      99.97 4.8656e+02   1093.108      26236  1029.9908  1029.9901    34.7127    34.7118    7.74910         25 0.0000e+00
