NBP2113_155081_ctd/data/dnbp2113_039.cnv
* Sea-Bird SBE 9 Data File:
* FileName = D:\Data\raw\NBP2113_039.hex
* Software Version Seasave V 7.26.7.121
* Temperature SN = 2438
* Conductivity SN = 2067
* Number of Bytes Per Scan = 40
* Number of Voltage Words = 5
* Number of Scans Averaged by the Deck Unit = 1
* NMEA Latitude = 64 52.75 S
* NMEA Longitude = 063 56.20 W
* NMEA UTC (Time) = Dec 10 2021  11:48:20
* NMEA baud rate = 9600
** Ship: RVIB N.B. Palmer
** Cruise: NBP2113 LTER
** Station: 619.027
** Operator: B. Urmston
# nquan = 25
# nvalues = 265                         
# units = specified
# name 0 = prDM: Pressure, Digiquartz [db]
# name 1 = depSM: Depth [salt water, m]
# name 2 = t090C: Temperature [ITS-90, deg C]
# name 3 = c0mS/cm: Conductivity [mS/cm]
# name 4 = t190C: Temperature, 2 [ITS-90, deg C]
# name 5 = c1mS/cm: Conductivity, 2 [mS/cm]
# name 6 = sbeox0ML/L: Oxygen, SBE 43 [ml/l]
# name 7 = sbeox1ML/L: Oxygen, SBE 43, 2 [ml/l]
# name 8 = flECO-AFL: Fluorescence, WET Labs ECO-AFL/FL [mg/m^3]
# name 9 = CStarTr0: Beam Transmission, WET Labs C-Star [%]
# name 10 = par: PAR/Irradiance, Biospherical/Licor
# name 11 = latitude: Latitude [deg]
# name 12 = longitude: Longitude [deg]
# name 13 = timeJ: Julian Days
# name 14 = altM: Altimeter [m]
# name 15 = spar: SPAR, Biospherical/Licor
# name 16 = timeS: Time, Elapsed [seconds]
# name 17 = scan: Scan Count
# name 18 = density00: Density [density, kg/m^3]
# name 19 = density11: Density, 2 [density, kg/m^3]
# name 20 = sal00: Salinity, Practical [PSU]
# name 21 = sal11: Salinity, Practical, 2 [PSU]
# name 22 = oxsolML/L: Oxygen Saturation, Garcia & Gordon [ml/l]
# name 23 = nbin: number of scans per bin
# name 24 = flag: flag
# span 0 =      6.000,    270.000       
# span 1 =      5.940,    267.165       
# span 2 =    -0.3465,     1.2209       
# span 3 =  27.883225,  29.922690       
# span 4 =    -0.3459,     1.2252       
# span 5 =  27.881657,  29.926205       
# span 6 =     4.3942,     7.9137       
# span 7 =     4.4689,     7.9864       
# span 8 =    -0.0063,     1.6014       
# span 9 =    89.2247,    94.9670       
# span 10 = -1.202e-05, 1.0683e+02      
# span 11 =  -64.87890,  -64.87876      
# span 12 =  -63.93682,  -63.93677      
# span 13 = 344.494863, 344.501909      
# span 14 =       8.02,      99.98      
# span 15 = 3.1620e+02, 3.7061e+02      
# span 16 =    256.167,    864.913      
# span 17 =       6149,      20759      
# span 18 =  1027.2198,  1028.9998      
# span 19 =  1027.2177,  1028.9986      
# span 20 =    33.8452,    34.6208      
# span 21 =    33.8426,    34.6203      
# span 22 =    7.78250,    8.14895      
# span 23 =          9,         48      
# span 24 = 0.0000e+00, 0.0000e+00      
# interval = decibars: 1                
# start_time = Dec 10 2021 11:48:20 [NMEA time, header]
# bad_flag = -9.990e-29
*END*
[from data line 116]
    122.000    120.770     0.2137  28.741344     0.2137  28.739702     6.1443     6.2082     0.1341    94.3797 -1.202e-05  -64.87882  -63.93680 344.498518      99.97 3.6492e+02    571.977      13728  1028.1040  1028.1023    34.2933    34.2911    8.00520         31 0.0000e+00
    123.000    121.759     0.2123  28.739880     0.2114  28.737347     6.0804     6.1637     0.1205    94.4004 1.0000e-12  -64.87882  -63.93680 344.498532      99.97 3.6479e+02    573.172      13757  1028.1082  1028.1063    34.2923    34.2899    8.00554         27 0.0000e+00
    124.000    122.749     0.2251  28.753384     0.2236  28.749901     5.9730     6.1012     0.1261    94.3940 1.0000e-12  -64.87882  -63.93680 344.498545      99.97 3.6315e+02    574.272      13784  1028.1142  1028.1121    34.2952    34.2923    8.00272         26 0.0000e+00
    125.000    123.738     0.2575  28.789678     0.2570  28.787663     5.8972     6.0558     0.1261    94.3999 1.0000e-12  -64.87882  -63.93682 344.498557      99.97 3.6315e+02    575.339      13809  1028.1254  1028.1237    34.3062    34.3041    7.99536         26 0.0000e+00
    126.000    124.728     0.2942  28.834527     0.2955  28.834701     5.8745     6.0264     0.1265    94.3955 1.0000e-12  -64.87882  -63.93680 344.498570      99.97 3.6434e+02    576.406      13835  1028.1411  1028.1399    34.3236    34.3223    7.98677         25 0.0000e+00
    127.000    125.718     0.3019  28.845508     0.3008  28.842575     5.8762     6.0167     0.1274    94.4473 1.0000e-12  -64.87882  -63.93682 344.498582      99.97 3.6491e+02    577.487      13861  1028.1498  1028.1478    34.3289    34.3263    7.98488         27 0.0000e+00
    128.000    126.707     0.3063  28.852607     0.3066  28.851275     5.8798     6.0071     0.1362    94.3988 1.0000e-12  -64.87882  -63.93682 344.498596      99.97 3.6492e+02    578.659      13889  1028.1576  1028.1559    34.3327    34.3306    7.98376         30 0.0000e+00
    129.000    127.696     0.3078  28.854661     0.3083  28.853948     5.8735     5.9916     0.1378    94.4064 1.0000e-12  -64.87882  -63.93681 344.498612      99.97 3.6409e+02    580.083      13923  1028.1629  1028.1616    34.3332    34.3316    7.98343         38 0.0000e+00
    130.000    128.687     0.3125  28.860605     0.3123  28.858866     5.8793     5.9797     0.1390    94.4324 1.0000e-12  -64.87882  -63.93680 344.498629      99.97 3.6314e+02    581.585      13959  1028.1691  1028.1674    34.3351    34.3330    7.98234         32 0.0000e+00
    131.000    129.675     0.3148  28.863927     0.3142  28.861746     5.8477     5.9445     0.1028    94.4073 1.0000e-12  -64.87882  -63.93680 344.498643      99.97 3.6315e+02    582.800      13988  1028.1748  1028.1731    34.3362    34.3340    7.98179         26 0.0000e+00
    132.000    130.666     0.3167  28.866580     0.3170  28.865632     5.7805     5.8944     0.1031    94.4812 1.0000e-12  -64.87882  -63.93680 344.498655      99.97 3.6315e+02    583.817      14013  1028.1802  1028.1789    34.3371    34.3355    7.98136         24 0.0000e+00
    133.000    131.655     0.3393  28.889836     0.3402  28.889718     5.6997     5.8432     0.0888    94.4840 1.0000e-12  -64.87882  -63.93680 344.498667      99.97 3.6330e+02    584.803      14036  1028.1870  1028.1859    34.3418    34.3406    7.97643         24 0.0000e+00
    134.000    132.645     0.3766  28.935185     0.3769  28.933737     5.6305     5.7957     0.0955    94.5105 1.0000e-12  -64.87882  -63.93680 344.498679      99.97 3.6483e+02    585.860      14062  1028.2025  1028.2007    34.3590    34.3568    7.96774         27 0.0000e+00
    135.000    133.634     0.4121  28.973458     0.4123  28.971925     5.5808     5.7492     0.1037    94.5172 1.0000e-12  -64.87882  -63.93681 344.498692      99.97 3.6433e+02    587.012      14089  1028.2126  1028.2108    34.3690    34.3668    7.95986         28 0.0000e+00
    136.000    134.625     0.4368  29.002099     0.4349  28.998477     5.5559     5.7204     0.1185    94.5326 1.0000e-12  -64.87882  -63.93682 344.498705      99.97 3.6316e+02    588.153      14117  1028.2232  1028.2213    34.3784    34.3758    7.95425         27 0.0000e+00
    137.000    135.612     0.4597  29.030088     0.4591  29.027648     5.5548     5.7024     0.0987    94.5376 1.0000e-12  -64.87882  -63.93682 344.498718      99.97 3.6315e+02    589.233      14143  1028.2348  1028.2329    34.3889    34.3864    7.94895         25 0.0000e+00
    138.000    136.603     0.4662  29.037180     0.4661  29.035506     5.5867     5.7055     0.0755    94.5713 1.0000e-12  -64.87882  -63.93682 344.498730      99.97 3.6315e+02    590.313      14169  1028.2406  1028.2390    34.3904    34.3883    7.94754         27 0.0000e+00
    139.000    137.592     0.4689  29.041211     0.4689  29.039581     5.5629     5.6785     0.0956    94.5607 1.0000e-12  -64.87882  -63.93682 344.498744      99.97 3.6315e+02    591.521      14198  1028.2469  1028.2452    34.3920    34.3899    7.94689         30 0.0000e+00
    140.000    138.582     0.4735  29.045835     0.4725  29.043176     5.4796     5.6157     0.1133    94.5841 1.0000e-12  -64.87882  -63.93682 344.498759      99.97 3.6315e+02    592.772      14228  1028.2519  1028.2501    34.3923    34.3899    7.94593         29 0.0000e+00
    141.000    139.573     0.5142  29.089582     0.5147  29.087919     5.4374     5.5756     0.1062    94.6381 1.0000e-12  -64.87882  -63.93682 344.498773      99.97 3.6315e+02    593.964      14256  1028.2624  1028.2602    34.4035    34.4009    7.93694         29 0.0000e+00
    142.000    140.560     0.5418  29.123134     0.5432  29.122998     5.4090     5.5511     0.0984    94.6526 1.0000e-12  -64.87882  -63.93682 344.498787      99.97 3.6315e+02    595.216      14286  1028.2752  1028.2737    34.4160    34.4143    7.93059         30 0.0000e+00
    143.000    141.550     0.5540  29.137561     0.5542  29.136234     5.4036     5.5295     0.1002    94.6613 1.0000e-12  -64.87882  -63.93682 344.498804      99.97 3.6315e+02    596.676      14321  1028.2833  1028.2817    34.4208    34.4187    7.92785         38 0.0000e+00
    144.000    142.539     0.5665  29.152046     0.5661  29.149958     5.4126     5.5181     0.0771    94.6564 1.0000e-12  -64.87882  -63.93680 344.498823      99.97 3.6315e+02    598.262      14359  1028.2910  1028.2892    34.4251    34.4228    7.92504         35 0.0000e+00
    145.000    143.530     0.5691  29.155006     0.5691  29.153680     5.3657     5.4879     0.0751    94.6945 1.0000e-12  -64.87882  -63.93680 344.498837      99.97 3.6315e+02    599.502      14389  1028.2963  1028.2948    34.4255    34.4237    7.92449         25 0.0000e+00
    146.000    144.519     0.5803  29.166685     0.5799  29.165021     5.3545     5.4689     0.0655    94.6751 1.0000e-12  -64.87882  -63.93680 344.498847      99.97 3.6315e+02    600.421      14411  1028.3020  1028.3006    34.4276    34.4259    7.92207         21 0.0000e+00
    147.000    145.507     0.5971  29.185671     0.5968  29.184089     5.3398     5.4525     0.0655    94.6828 1.0000e-12  -64.87882  -63.93680 344.498857      99.97 3.6315e+02    601.232      14431  1028.3098  1028.3085    34.4331    34.4314    7.91834         19 0.0000e+00
    148.000    146.499     0.6091  29.200625     0.6085  29.198253     5.3240     5.4396     0.0655    94.7038 1.0000e-12  -64.87882  -63.93680 344.498866      99.97 3.6315e+02    602.010      14449  1028.3182  1028.3163    34.4386    34.4362    7.91558         19 0.0000e+00
    149.000    147.487     0.6029  29.194343     0.6059  29.196240     5.3183     5.4259     0.0688    94.7179 1.0000e-12  -64.87882  -63.93680 344.498875      99.97 3.6315e+02    602.836      14469  1028.3222  1028.3213    34.4367    34.4359    7.91695         20 0.0000e+00
    150.000    148.476     0.6186  29.212967     0.6181  29.211206     5.3267     5.4204     0.0706    94.7130 1.0000e-12  -64.87882  -63.93680 344.498887      99.97 3.6315e+02    603.802      14492  1028.3308  1028.3294    34.4429    34.4411    7.91340         26 0.0000e+00
    151.000    149.467     0.6212  29.216795     0.6216  29.215707     5.3300     5.4211     0.0720    94.7312 1.0000e-12  -64.87882  -63.93680 344.498901      99.97 3.6315e+02    605.056      14522  1028.3369  1028.3354    34.4444    34.4426    7.91279         35 0.0000e+00
    152.000    150.456     0.6210  29.217059     0.6212  29.215627     5.3448     5.4280     0.0743    94.7422 1.0000e-12  -64.87883  -63.93681 344.498922      99.97 3.6315e+02    606.849      14565  1028.3421  1028.3404    34.4444    34.4424    7.91284         48 0.0000e+00
    153.000    151.446     0.6165  29.211795     0.6163  29.210049     5.3641     5.4311     0.0595    94.7825 1.0000e-12  -64.87884  -63.93682 344.498946      99.97 3.6315e+02    608.974      14616  1028.3456  1028.3439    34.4419    34.4398    7.91388         40 0.0000e+00
    154.000    152.434     0.6170  29.212570     0.6180  29.212374     5.3694     5.4264     0.0567    94.8034 1.0000e-12  -64.87884  -63.93680 344.498962      99.97 3.6315e+02    610.293      14648  1028.3504  1028.3491    34.4418    34.4404    7.91380         26 0.0000e+00
    155.000    153.424     0.6199  29.215236     0.6194  29.213492     5.3530     5.4207     0.0508    94.7717 1.0000e-12  -64.87882  -63.93680 344.498973      99.98 3.6315e+02    611.261      14671  1028.3547  1028.3533    34.4415    34.4398    7.91322         21 0.0000e+00
    156.000    154.414     0.6209  29.217048     0.6224  29.217457     5.3317     5.4163     0.0582    94.7594 1.0000e-12  -64.87882  -63.93680 344.498983      99.97 3.6174e+02    612.168      14693  1028.3599  1028.3588    34.4421    34.4409    7.91298         23 0.0000e+00
    157.000    155.404     0.6263  29.223721     0.6261  29.222420     5.2955     5.3957     0.0582    94.7672 1.0000e-12  -64.87882  -63.93680 344.498995      99.97 3.6139e+02    613.133      14716  1028.3659  1028.3648    34.4442    34.4428    7.91176         24 0.0000e+00
    158.000    156.393     0.6266  29.225906     0.6244  29.222193     5.2762     5.3780     0.0640    94.7673 1.0000e-12  -64.87882  -63.93680 344.499006      99.97 3.6139e+02    614.149      14741  1028.3723  1028.3706    34.4461    34.4437    7.91160         24 0.0000e+00
    159.000    157.382     0.6336  29.234939     0.6305  29.229948     5.2882     5.3775     0.0664    94.7470 1.0000e-12  -64.87884  -63.93680 344.499018      99.97 3.6212e+02    615.142      14764  1028.3791  1028.3769    34.4494    34.4464    7.90997         24 0.0000e+00
    160.000    158.370     0.6356  29.238371     0.6363  29.237903     5.3069     5.3812     0.0621    94.7839 1.0000e-12  -64.87884  -63.93680 344.499029      99.97 3.6312e+02    616.140      14788  1028.3851  1028.3840    34.4511    34.4498    7.90948         25 0.0000e+00
    161.000    159.361     0.6295  29.232478     0.6296  29.231201     5.3090     5.3827     0.0629    94.8052 1.0000e-12  -64.87884  -63.93680 344.499043      99.97 3.6315e+02    617.302      14816  1028.3893  1028.3880    34.4496    34.4479    7.91080         31 0.0000e+00
    162.000    160.351     0.6268  29.229708     0.6276  29.229010     5.3042     5.3759     0.0679    94.8042 1.0000e-12  -64.87884  -63.93681 344.499060      99.97 3.6315e+02    618.825      14853  1028.3934  1028.3919    34.4484    34.4466    7.91143         41 0.0000e+00
    163.000    161.339     0.6318  29.235369     0.6333  29.235624     5.2831     5.3699     0.0506    94.7953 1.0000e-12  -64.87884  -63.93680 344.499081      99.97 3.6315e+02    620.566      14895  1028.3988  1028.3976    34.4497    34.4483    7.91034         39 0.0000e+00
    164.000    162.331     0.6429  29.247875     0.6424  29.246181     5.2708     5.3513     0.0509    94.8127 1.0000e-12  -64.87884  -63.93680 344.499099      99.97 3.6298e+02    622.203      14934  1028.4052  1028.4040    34.4529    34.4513    7.90788         32 0.0000e+00
    165.000    163.319     0.6467  29.252461     0.6456  29.249995     5.2484     5.3288     0.0509    94.8191 1.0000e-12  -64.87884  -63.93680 344.499115      99.97 3.6142e+02    623.507      14965  1028.4107  1028.4092    34.4542    34.4522    7.90706         28 0.0000e+00
    166.000    164.307     0.6539  29.260519     0.6543  29.259848     5.2261     5.3107     0.0509    94.8355 1.0000e-12  -64.87884  -63.93680 344.499127      99.97 3.6139e+02    624.537      14990  1028.4163  1028.4153    34.4560    34.4547    7.90548         23 0.0000e+00
    167.000    165.298     0.6604  29.269586     0.6611  29.269241     5.2021     5.3002     0.0509    94.8276 1.0000e-12  -64.87884  -63.93680 344.499137      99.97 3.6139e+02    625.439      15012  1028.4238  1028.4226    34.4600    34.4588    7.90394         20 0.0000e+00
    168.000    166.286     0.6665  29.276759     0.6660  29.274544     5.1953     5.2932     0.0440    94.8260 1.0000e-12  -64.87884  -63.93678 344.499147      99.97 3.6139e+02    626.289      15032  1028.4295  1028.4277    34.4620    34.4596    7.90259         21 0.0000e+00
    169.000    167.277     0.6773  29.288044     0.6751  29.285093     5.1849     5.2875     0.0387    94.8154 1.0000e-12  -64.87884  -63.93680 344.499157      99.97 3.6139e+02    627.170      15053  1028.4351  1028.4341    34.4640    34.4626    7.90028         22 0.0000e+00
    170.000    168.266     0.6788  29.291356     0.6752  29.286169     5.1923     5.2839     0.0443    94.8440 1.0000e-12  -64.87884  -63.93680 344.499169      99.97 3.6139e+02    628.166      15077  1028.4414  1028.4395    34.4661    34.4633    7.89986         26 0.0000e+00
    171.000    169.255     0.6794  29.292177     0.6812  29.292307     5.1924     5.2799     0.0458    94.8263 1.0000e-12  -64.87884  -63.93680 344.499183      99.98 3.6139e+02    629.420      15107  1028.4461  1028.4445    34.4658    34.4640    7.89974         35 0.0000e+00
    172.000    170.245     0.6867  29.300654     0.6869  29.298899     5.1978     5.2761     0.0502    94.8292 1.0000e-12  -64.87884  -63.93680 344.499203      99.97 3.6139e+02    631.106      15148  1028.4522  1028.4502    34.4681    34.4657    7.89813         39 0.0000e+00
    173.000    171.233     0.6930  29.307693     0.6921  29.305455     5.2050     5.2719     0.0494    94.8243 1.0000e-12  -64.87884  -63.93680 344.499225      99.97 3.6139e+02    633.023      15194  1028.4577  1028.4563    34.4697    34.4677    7.89676         40 0.0000e+00
    174.000    172.223     0.6896  29.304038     0.6896  29.302856     5.2111     5.2676     0.0408    94.8598 1.0000e-12  -64.87884  -63.93680 344.499242      99.97 3.6139e+02    634.539      15230  1028.4617  1028.4604    34.4681    34.4666    7.89754         31 0.0000e+00
    175.000    173.212     0.6912  29.306369     0.6914  29.305339     5.1948     5.2576     0.0393    94.8756 1.0000e-12  -64.87884  -63.93680 344.499256      99.97 3.6139e+02    635.705      15258  1028.4669  1028.4656    34.4688    34.4672    7.89719         26 0.0000e+00
    176.000    174.202     0.6917  29.307782     0.6928  29.307389     5.1573     5.2338     0.0454    94.8538 1.0000e-12  -64.87884  -63.93680 344.499267      99.97 3.6139e+02    636.684      15281  1028.4722  1028.4707    34.4695    34.4678    7.89704         21 0.0000e+00
    177.000    175.192     0.7025  29.317271     0.7061  29.319978     5.1216     5.2180     0.0509    94.8456 1.0000e-12  -64.87884  -63.93680 344.499277      99.97 3.6139e+02    637.547      15302  1028.4758  1028.4750    34.4692    34.4687    7.89486         21 0.0000e+00
    178.000    176.182     0.7337  29.351103     0.7335  29.349742     5.1085     5.2115     0.0437    94.8456 1.0000e-12  -64.87884  -63.93678 344.499287      99.97 3.6019e+02    638.369      15322  1028.4846  1028.4834    34.4779    34.4763    7.88805         19 0.0000e+00
