NBP2113_155081_ctd/data/dnbp2113_061.cnv
* Sea-Bird SBE 9 Data File:
* FileName = D:\Data\raw\NBP2113_061.hex
* Software Version Seasave V 7.26.7.121
* Temperature SN = 2438
* Conductivity SN = 2067
* Number of Bytes Per Scan = 40
* Number of Voltage Words = 5
* Number of Scans Averaged by the Deck Unit = 1
* NMEA Latitude = 64 46.21 S
* NMEA Longitude = 063 05.90 W
* NMEA UTC (Time) = Dec 13 2021  23:26:08
* NMEA baud rate = 9600
** Ship: RVIB N.B. Palmer
** Cruise: NBP2113 LTER
** Station: 654.005
** Operator: S. Blackman
# nquan = 25
# nvalues = 336                         
# units = specified
# name 0 = prDM: Pressure, Digiquartz [db]
# name 1 = depSM: Depth [salt water, m]
# name 2 = t090C: Temperature [ITS-90, deg C]
# name 3 = c0mS/cm: Conductivity [mS/cm]
# name 4 = t190C: Temperature, 2 [ITS-90, deg C]
# name 5 = c1mS/cm: Conductivity, 2 [mS/cm]
# name 6 = sbeox0ML/L: Oxygen, SBE 43 [ml/l]
# name 7 = sbeox1ML/L: Oxygen, SBE 43, 2 [ml/l]
# name 8 = flECO-AFL: Fluorescence, WET Labs ECO-AFL/FL [mg/m^3]
# name 9 = CStarTr0: Beam Transmission, WET Labs C-Star [%]
# name 10 = par: PAR/Irradiance, Biospherical/Licor
# name 11 = latitude: Latitude [deg]
# name 12 = longitude: Longitude [deg]
# name 13 = timeJ: Julian Days
# name 14 = altM: Altimeter [m]
# name 15 = spar: SPAR, Biospherical/Licor
# name 16 = timeS: Time, Elapsed [seconds]
# name 17 = scan: Scan Count
# name 18 = density00: Density [density, kg/m^3]
# name 19 = density11: Density, 2 [density, kg/m^3]
# name 20 = sal00: Salinity, Practical [PSU]
# name 21 = sal11: Salinity, Practical, 2 [PSU]
# name 22 = oxsolML/L: Oxygen Saturation, Garcia & Gordon [ml/l]
# name 23 = nbin: number of scans per bin
# name 24 = flag: flag
# span 0 =      4.000,    339.000       
# span 1 =      3.958,    335.408       
# span 2 =    -0.4926,     0.7998       
# span 3 =  27.948527,  29.429385       
# span 4 =    -0.4928,     0.7991       
# span 5 =  27.947194,  29.427788       
# span 6 =     4.9905,     7.4001       
# span 7 =     5.0632,     7.4620       
# span 8 =    -0.0210,     1.3296       
# span 9 =    83.6290,    90.1940       
# span 10 = 1.0000e-12, 9.2479e+01      
# span 11 =  -64.77050,  -64.77024      
# span 12 =  -63.09850,  -63.09826      
# span 13 = 347.980016, 347.986441      
# span 14 =       9.04,      99.97      
# span 15 = 3.4020e+02, 1.2836e+03      
# span 16 =    305.348,    860.470      
# span 17 =       7329,      20652      
# span 18 =  1027.1723,  1029.3503      
# span 19 =  1027.1711,  1029.3490      
# span 20 =    33.8064,    34.5120      
# span 21 =    33.8032,    34.5104      
# span 22 =    7.87322,    8.14211      
# span 23 =         11,         51      
# span 24 = 0.0000e+00, 0.0000e+00      
# interval = decibars: 1                
# start_time = Dec 13 2021 23:26:08 [NMEA time, header]
# bad_flag = -9.990e-29
*END*
[from data line 58]
     62.000     61.383     0.1078  28.524320     0.1070  28.522313     6.5554     6.6723     0.4372    88.9749 6.6486e-01  -64.77034  -63.09840 347.981835      99.97 3.4735e+02    462.586      11103  1027.7184  1027.7170    34.1613    34.1595    8.03472         29 0.0000e+00
     63.000     62.375     0.1161  28.535186     0.1170  28.535502     6.4531     6.6039     0.4774    88.9739 6.2510e-01  -64.77034  -63.09840 347.981850      99.97 3.4729e+02    463.818      11133  1027.7261  1027.7256    34.1657    34.1652    8.03272         31 0.0000e+00
     64.000     63.363     0.1380  28.564750     0.1376  28.563772     6.3560     6.5339     0.3926    88.9466 5.8846e-01  -64.77034  -63.09840 347.981864      99.97 3.4729e+02    465.067      11163  1027.7406  1027.7399    34.1798    34.1789    8.02736         29 0.0000e+00
     65.000     64.354     0.1519  28.587467     0.1508  28.585071     6.3213     6.4953     0.4932    88.9840 5.5310e-01  -64.77034  -63.09840 347.981879      99.97 3.4729e+02    466.341      11193  1027.7556  1027.7541    34.1937    34.1918    8.02367         31 0.0000e+00
     66.000     65.344     0.1576  28.601548     0.1569  28.599853     6.3188     6.4732     0.5388    89.0285 5.2066e-01  -64.77034  -63.09840 347.981894      99.97 3.4729e+02    467.598      11223  1027.7695  1027.7683    34.2053    34.2038    8.02183         30 0.0000e+00
     67.000     66.333     0.1599  28.606146     0.1597  28.605176     6.3192     6.4618     0.4359    88.9931 4.8987e-01  -64.77034  -63.09840 347.981908      99.97 3.4729e+02    468.869      11254  1027.7766  1027.7758    34.2082    34.2072    8.02118         31 0.0000e+00
     68.000     67.324     0.1642  28.613321     0.1633  28.611369     6.3118     6.4423     0.4731    89.0816 4.6032e-01  -64.77034  -63.09840 347.981923      99.97 3.4729e+02    470.118      11284  1027.7845  1027.7833    34.2123    34.2108    8.02006         29 0.0000e+00
     69.000     68.313     0.1657  28.616264     0.1648  28.614308     6.2544     6.3867     0.5898    89.0795 4.3342e-01  -64.77034  -63.09840 347.981937      99.96 3.4729e+02    471.317      11313  1027.7905  1027.7893    34.2139    34.2123    8.01965         28 0.0000e+00
     70.000     69.303     0.1884  28.644281     0.1867  28.641609     6.1638     6.3183     0.6188    89.1139 4.0826e-01  -64.77034  -63.09840 347.981951      99.97 3.4729e+02    472.528      11342  1027.8025  1027.8013    34.2249    34.2233    8.01430         30 0.0000e+00
     71.000     70.292     0.2291  28.704157     0.2290  28.703452     6.0558     6.2399     0.4910    89.1018 3.8399e-01  -64.77034  -63.09840 347.981965      99.97 3.4729e+02    473.763      11371  1027.8306  1027.8299    34.2578    34.2570    8.00397         30 0.0000e+00
     72.000     71.284     0.2580  28.737654     0.2573  28.736141     5.9945     6.1741     0.3448    89.1016 3.6148e-01  -64.77034  -63.09840 347.981979      99.97 3.4729e+02    474.985      11401  1027.8424  1027.8415    34.2691    34.2679    7.99734         28 0.0000e+00
     73.000     72.273     0.2842  28.773736     0.2837  28.772298     5.9070     6.1017     0.2949    89.2597 3.4067e-01  -64.77034  -63.09840 347.981993      99.97 3.4729e+02    476.208      11430  1027.8597  1027.8586    34.2867    34.2855    7.99091         30 0.0000e+00
     74.000     73.263     0.3080  28.802904     0.3069  28.801274     5.8320     6.0439     0.3664    89.3109 3.2091e-01  -64.77034  -63.09840 347.982007      99.97 3.4729e+02    477.430      11459  1027.8719  1027.8712    34.2980    34.2970    7.98535         29 0.0000e+00
     75.000     74.252     0.3502  28.853104     0.3490  28.851052     5.7906     5.9859     0.3608    89.2778 3.0291e-01  -64.77036  -63.09840 347.982021      99.97 3.4729e+02    478.642      11488  1027.8883  1027.8873    34.3162    34.3149    7.97558         30 0.0000e+00
     76.000     75.243     0.3662  28.872751     0.3653  28.871204     5.7561     5.9448     0.3197    89.3034 2.8564e-01  -64.77036  -63.09839 347.982035      99.97 3.4729e+02    479.845      11517  1027.8982  1027.8974    34.3236    34.3225    7.97187         29 0.0000e+00
     77.000     76.232     0.3907  28.902798     0.3904  28.902287     5.7564     5.9281     0.2764    89.3871 2.6959e-01  -64.77036  -63.09839 347.982049      99.97 3.4729e+02    481.055      11546  1027.9107  1027.9104    34.3350    34.3347    7.96616         28 0.0000e+00
     78.000     77.221     0.3948  28.912044     0.3948  28.910930     5.7793     5.9226     0.2048    89.4481 2.5453e-01  -64.77036  -63.09838 347.982063      99.97 3.4729e+02    482.236      11575  1027.9213  1027.9200    34.3420    34.3406    7.96494         29 0.0000e+00
     79.000     78.212     0.3870  28.905850     0.3875  28.905455     5.8226     5.9288     0.2244    89.4800 2.3957e-01  -64.77036  -63.09839 347.982077      99.97 3.4729e+02    483.427      11603  1027.9271  1027.9262    34.3420    34.3410    7.96654         29 0.0000e+00
     80.000     79.202     0.3850  28.904692     0.3851  28.903816     5.8400     5.9249     0.1994    89.5406 2.2594e-01  -64.77036  -63.09839 347.982091      99.97 3.4729e+02    484.654      11633  1027.9325  1027.9314    34.3422    34.3408    7.96696         29 0.0000e+00
     81.000     80.190     0.3826  28.902708     0.3818  28.900995     5.8430     5.9315     0.1652    89.4935 2.1286e-01  -64.77036  -63.09839 347.982105      99.97 3.4729e+02    485.886      11662  1027.9373  1027.9363    34.3416    34.3402    7.96748         30 0.0000e+00
     82.000     81.182     0.3818  28.902961     0.3811  28.901303     5.8405     5.9283     0.1516    89.6022 2.0228e-01  -64.77036  -63.09840 347.982119      99.97 3.4689e+02    487.112      11692  1027.9429  1027.9418    34.3422    34.3408    7.96760         29 0.0000e+00
     83.000     82.172     0.3826  28.904003     0.3820  28.902513     5.8327     5.9142     0.2003    89.6397 1.9344e-01  -64.77036  -63.09838 347.982134      99.97 3.4553e+02    488.346      11721  1027.9477  1027.9467    34.3421    34.3408    7.96745         30 0.0000e+00
     84.000     83.161     0.3847  28.906331     0.3851  28.906036     5.8119     5.9032     0.1325    89.7084 1.8191e-01  -64.77036  -63.09838 347.982148      99.97 3.4552e+02    489.559      11750  1027.9526  1027.9518    34.3422    34.3414    7.96702         28 0.0000e+00
     85.000     84.152     0.3919  28.914811     0.3909  28.912844     5.7719     5.8769     0.1252    89.7297 1.6725e-01  -64.77036  -63.09838 347.982161      99.97 3.4552e+02    490.727      11778  1027.9588  1027.9578    34.3446    34.3432    7.96538         28 0.0000e+00
     86.000     85.141     0.4008  28.925659     0.3998  28.923779     5.7389     5.8487     0.1158    89.7409 1.5638e-01  -64.77036  -63.09838 347.982175      99.97 3.4552e+02    491.916      11807  1027.9659  1027.9650    34.3483    34.3471    7.96334         29 0.0000e+00
     87.000     86.130     0.4213  28.948868     0.4207  28.947341     5.7367     5.8398     0.1066    89.7015 1.4662e-01  -64.77036  -63.09838 347.982189      99.97 3.4552e+02    493.111      11836  1027.9748  1027.9737    34.3554    34.3541    7.95873         29 0.0000e+00
     88.000     87.119     0.4229  28.952891     0.4225  28.951399     5.7340     5.8370     0.0990    89.7410 1.3712e-01  -64.77036  -63.09838 347.982203      99.97 3.4552e+02    494.307      11864  1027.9819  1027.9807    34.3582    34.3567    7.95823         29 0.0000e+00
     89.000     88.111     0.4212  28.953350     0.4206  28.951767     5.7493     5.8340     0.1106    89.7839 1.2817e-01  -64.77036  -63.09838 347.982217      99.97 3.4552e+02    495.526      11894  1027.9885  1027.9874    34.3602    34.3587    7.95848         29 0.0000e+00
     90.000     89.100     0.4201  28.953405     0.4193  28.951600     5.7522     5.8290     0.1007    89.7836 1.1940e-01  -64.77036  -63.09838 347.982231      99.97 3.4552e+02    496.746      11923  1027.9941  1027.9930    34.3608    34.3594    7.95867         29 0.0000e+00
     91.000     90.089     0.4189  28.954171     0.4184  28.952713     5.7392     5.8170     0.0984    89.7394 1.1182e-01  -64.77036  -63.09838 347.982245      99.97 3.4552e+02    497.951      11952  1028.0005  1027.9994    34.3626    34.3612    7.95882         29 0.0000e+00
     92.000     91.080     0.4214  28.957338     0.4204  28.955587     5.7210     5.8109     0.0857    89.7526 1.0378e-01  -64.77036  -63.09838 347.982259      99.97 3.4552e+02    499.141      11980  1028.0057  1028.0048    34.3633    34.3621    7.95826         28 0.0000e+00
     93.000     92.068     0.4265  28.964277     0.4254  28.962136     5.7153     5.8050     0.0947    89.8263 9.6471e-02  -64.77036  -63.09838 347.982272      99.97 3.4552e+02    500.329      12009  1028.0124  1028.0112    34.3661    34.3646    7.95705         28 0.0000e+00
     94.000     93.059     0.4277  28.966196     0.4268  28.964559     5.6838     5.7850     0.0890    89.8164 8.9393e-02  -64.77036  -63.09838 347.982286      99.97 3.4552e+02    501.510      12037  1028.0176  1028.0167    34.3667    34.3656    7.95678         29 0.0000e+00
     95.000     94.048     0.4365  28.976215     0.4360  28.975209     5.6515     5.7588     0.0809    89.8405 8.2685e-02  -64.77037  -63.09838 347.982300      99.97 3.4552e+02    502.715      12066  1028.0239  1028.0232    34.3695    34.3686    7.95482         29 0.0000e+00
     96.000     95.039     0.4520  28.996306     0.4502  28.993344     5.6537     5.7547     0.0734    89.8209 7.7067e-02  -64.77038  -63.09838 347.982314      99.97 3.4552e+02    503.914      12095  1028.0341  1028.0327    34.3778    34.3759    7.95115         29 0.0000e+00
     97.000     96.029     0.4546  29.000002     0.4539  28.998289     5.6592     5.7547     0.0732    89.8676 7.0832e-02  -64.77038  -63.09838 347.982328      99.97 3.4552e+02    505.117      12124  1028.0399  1028.0388    34.3792    34.3777    7.95054         29 0.0000e+00
     98.000     97.018     0.4523  28.997941     0.4516  28.996198     5.6639     5.7435     0.0709    89.8502 6.4938e-02  -64.77038  -63.09838 347.982342      99.97 3.4552e+02    506.332      12153  1028.0444  1028.0433    34.3784    34.3770    7.95105         29 0.0000e+00
     99.000     98.007     0.4554  29.001676     0.4546  28.999894     5.6537     5.7316     0.0649    89.8663 5.9426e-02  -64.77038  -63.09838 347.982356      99.97 3.4552e+02    507.552      12182  1028.0497  1028.0485    34.3793    34.3778    7.95038         29 0.0000e+00
    100.000     98.997     0.4600  29.006568     0.4615  29.007465     5.6276     5.7137     0.0698    89.8520 5.4410e-02  -64.77038  -63.09838 347.982370      99.97 3.4540e+02    508.748      12211  1028.0547  1028.0541    34.3800    34.3795    7.94940         29 0.0000e+00
    101.000     99.988     0.4676  29.016569     0.4687  29.016691     5.6042     5.6971     0.0679    89.8603 4.9702e-02  -64.77038  -63.09838 347.982384      99.97 3.4470e+02    509.939      12240  1028.0621  1028.0612    34.3840    34.3830    7.94761         28 0.0000e+00
    102.000    100.976     0.4754  29.025494     0.4761  29.025663     5.5659     5.6794     0.0714    89.8519 4.4867e-02  -64.77038  -63.09838 347.982397      99.97 3.4381e+02    511.140      12268  1028.0682  1028.0677    34.3864    34.3858    7.94587         29 0.0000e+00
    103.000    101.967     0.4869  29.038355     0.4864  29.036919     5.5517     5.6613     0.0667    89.8806 3.9917e-02  -64.77038  -63.09838 347.982411      99.97 3.4376e+02    512.344      12297  1028.0749  1028.0738    34.3898    34.3884    7.94332         29 0.0000e+00
    104.000    102.956     0.4945  29.048569     0.4938  29.046904     5.5503     5.6490     0.0645    89.9006 3.5606e-02  -64.77038  -63.09838 347.982425      99.97 3.4376e+02    513.533      12326  1028.0825  1028.0814    34.3941    34.3926    7.94152         29 0.0000e+00
    105.000    103.946     0.4999  29.056574     0.4993  29.054865     5.5560     5.6439     0.0577    89.9338 3.1615e-02  -64.77038  -63.09838 347.982439      99.97 3.4376e+02    514.726      12354  1028.0900  1028.0889    34.3979    34.3964    7.94020         28 0.0000e+00
    106.000    104.936     0.5019  29.060034     0.5014  29.058535     5.5515     5.6424     0.0577    89.9372 2.7677e-02  -64.77038  -63.09838 347.982453      99.97 3.4376e+02    515.922      12383  1028.0961  1028.0951    34.3996    34.3982    7.93969         29 0.0000e+00
    107.000    105.926     0.5029  29.061532     0.5024  29.060047     5.5440     5.6323     0.0582    89.9448 2.3674e-02  -64.77038  -63.09838 347.982466      99.97 3.4376e+02    517.092      12411  1028.1011  1028.1001    34.3999    34.3985    7.93947         28 0.0000e+00
    108.000    106.915     0.5041  29.063454     0.5038  29.062054     5.5466     5.6263     0.0579    89.9283 2.0096e-02  -64.77038  -63.09838 347.982480      99.97 3.4376e+02    518.270      12439  1028.1063  1028.1052    34.4004    34.3989    7.93919         28 0.0000e+00
    109.000    107.904     0.5089  29.069068     0.5087  29.068009     5.5453     5.6207     0.0554    89.9472 1.6591e-02  -64.77038  -63.09838 347.982494      99.97 3.4376e+02    519.474      12468  1028.1120  1028.1109    34.4019    34.4006    7.93814         29 0.0000e+00
    110.000    108.895     0.5087  29.069454     0.5088  29.068501     5.5355     5.6194     0.0503    89.9524 1.3812e-02  -64.77038  -63.09838 347.982508      99.97 3.4376e+02    520.683      12497  1028.1169  1028.1158    34.4019    34.4006    7.93816         29 0.0000e+00
    111.000    109.884     0.5133  29.074718     0.5130  29.073241     5.5244     5.6118     0.0502    89.9696 1.0071e-02  -64.77038  -63.09838 347.982522      99.97 3.4257e+02    521.908      12527  1028.1222  1028.1210    34.4031    34.4016    7.93716         30 0.0000e+00
    112.000    110.874     0.5162  29.078970     0.5156  29.077126     5.5105     5.5953     0.0456    89.9674 7.2754e-03  -64.77038  -63.09838 347.982536      99.97 3.4206e+02    523.118      12556  1028.1282  1028.1268    34.4048    34.4031    7.93646         29 0.0000e+00
    113.000    111.861     0.5180  29.083089     0.5176  29.081594     5.4889     5.5807     0.0541    89.9806 4.2758e-03  -64.77038  -63.09838 347.982550      99.97 3.4200e+02    524.323      12585  1028.1351  1028.1339    34.4076    34.4061    7.93594         29 0.0000e+00
    114.000    112.855     0.5162  29.084544     0.5159  29.083309     5.4626     5.5606     0.0514    89.9946 1.9994e-03  -64.77038  -63.09838 347.982564      99.97 3.4200e+02    525.519      12613  1028.1428  1028.1418    34.4109    34.4096    7.93613         28 0.0000e+00
    115.000    113.842     0.5209  29.091777     0.5204  29.090252     5.4464     5.5416     0.0504    89.9436 2.9807e-05  -64.77038  -63.09838 347.982578      99.97 3.4200e+02    526.696      12642  1028.1500  1028.1489    34.4145    34.4130    7.93496         28 0.0000e+00
    116.000    114.833     0.5261  29.099571     0.5259  29.098280     5.4355     5.5286     0.0361    89.9987 4.7014e-07  -64.77038  -63.09838 347.982591      99.97 3.4200e+02    527.863      12670  1028.1574  1028.1564    34.4183    34.4169    7.93369         29 0.0000e+00
    117.000    115.823     0.5294  29.104132     0.5289  29.102542     5.4138     5.5142     0.0518    90.0228 1.0000e-12  -64.77038  -63.09838 347.982605      99.97 3.4200e+02    529.049      12698  1028.1633  1028.1622    34.4200    34.4185    7.93292         28 0.0000e+00
    118.000    116.812     0.5344  29.110595     0.5340  29.109076     5.4075     5.5040     0.0526    90.0260 1.0000e-12  -64.77038  -63.09838 347.982619      99.97 3.4200e+02    530.253      12727  1028.1696  1028.1684    34.4223    34.4207    7.93177         29 0.0000e+00
