NBP2113_155081_ctd/data/dnbp2113_016.cnv
* Sea-Bird SBE 9 Data File:
* FileName = D:\Data\raw\NBP2113_016.hex
* Software Version Seasave V 7.26.7.121
* Temperature SN = 2438
* Conductivity SN = 2067
* Number of Bytes Per Scan = 40
* Number of Voltage Words = 5
* Number of Scans Averaged by the Deck Unit = 1
* NMEA Latitude = 65 52.76 S
* NMEA Longitude = 068 17.29 W
* NMEA UTC (Time) = Nov 28 2021  02:04:04
* NMEA baud rate = 9600
** Ship: RVIB N.B. Palmer
** Cruise: NBP2113 LTER
** Station: 400.100
** Operator: S. Blackman
# nquan = 25
# nvalues = 337                         
# units = specified
# name 0 = prDM: Pressure, Digiquartz [db]
# name 1 = depSM: Depth [salt water, m]
# name 2 = t090C: Temperature [ITS-90, deg C]
# name 3 = c0mS/cm: Conductivity [mS/cm]
# name 4 = t190C: Temperature, 2 [ITS-90, deg C]
# name 5 = c1mS/cm: Conductivity, 2 [mS/cm]
# name 6 = sbeox0ML/L: Oxygen, SBE 43 [ml/l]
# name 7 = sbeox1ML/L: Oxygen, SBE 43, 2 [ml/l]
# name 8 = flECO-AFL: Fluorescence, WET Labs ECO-AFL/FL [mg/m^3]
# name 9 = CStarTr0: Beam Transmission, WET Labs C-Star [%]
# name 10 = par: PAR/Irradiance, Biospherical/Licor
# name 11 = latitude: Latitude [deg]
# name 12 = longitude: Longitude [deg]
# name 13 = timeJ: Julian Days
# name 14 = altM: Altimeter [m]
# name 15 = spar: SPAR, Biospherical/Licor
# name 16 = timeS: Time, Elapsed [seconds]
# name 17 = scan: Scan Count
# name 18 = density00: Density [density, kg/m^3]
# name 19 = density11: Density, 2 [density, kg/m^3]
# name 20 = sal00: Salinity, Practical [PSU]
# name 21 = sal11: Salinity, Practical, 2 [PSU]
# name 22 = oxsolML/L: Oxygen Saturation, Garcia & Gordon [ml/l]
# name 23 = nbin: number of scans per bin
# name 24 = flag: flag
# span 0 =      5.000,    341.000       
# span 1 =      4.949,    337.359       
# span 2 =    -0.6154,     1.5521       
# span 3 =  27.859274,  30.301786       
# span 4 =    -0.6155,     1.5520       
# span 5 =  27.857690,  30.300981       
# span 6 =     3.9517,     8.2301       
# span 7 =     4.0144,     8.2338       
# span 8 =    -0.0153,     2.8787       
# span 9 =    89.9439,    97.9051       
# span 10 = 1.0000e-12, 6.1303e+00      
# span 11 =  -65.88135,  -65.88016      
# span 12 =  -68.28768,  -68.28685      
# span 13 = 332.089455, 332.096643      
# span 14 =       1.64,      99.98      
# span 15 = 8.7700e+00, 1.2871e+01      
# span 16 =    284.943,    905.949      
# span 17 =       6840,      21744      
# span 18 =  1027.3798,  1029.3881      
# span 19 =  1027.3774,  1029.3873      
# span 20 =    34.0393,    34.7137      
# span 21 =    34.0369,    34.7128      
# span 22 =    7.71228,    8.19349      
# span 23 =          6,         48      
# span 24 = 0.0000e+00, 0.0000e+00      
# interval = decibars: 1                
# start_time = Nov 28 2021 02:04:04 [NMEA time, header]
# bad_flag = -9.990e-29
*END*
[from data line 290]
    295.000    291.881     1.5320  30.271903     1.5318  30.270984     4.0391     4.0928    -0.0075    97.8500 1.0000e-12  -65.88114  -68.28700 332.095559      52.75 8.8144e+00    812.302      19496  1029.1617  1029.1610    34.7076    34.7067    7.71653         25 0.0000e+00
    296.000    292.870     1.5309  30.271368     1.5307  30.270250     4.0500     4.0945    -0.0147    97.8519 1.0000e-12  -65.88114  -68.28700 332.095570      52.12 8.8144e+00    813.238      19519  1029.1665  1029.1657    34.7076    34.7065    7.71675         20 0.0000e+00
    297.000    293.860     1.5298  30.271355     1.5297  30.270413     4.0513     4.0951    -0.0031    97.8808 1.0000e-12  -65.88114  -68.28698 332.095580      51.39 8.8144e+00    814.079      19539  1029.1719  1029.1710    34.7083    34.7071    7.71694         20 0.0000e+00
    298.000    294.848     1.5297  30.271622     1.5294  30.270644     4.0515     4.0962    -0.0025    97.8809 1.0000e-12  -65.88114  -68.28698 332.095590      49.98 8.8144e+00    814.963      19560  1029.1765  1029.1758    34.7081    34.7072    7.71696         24 0.0000e+00
    299.000    295.837     1.5252  30.268358     1.5253  30.267524     4.0495     4.0953    -0.0109    97.8839 1.0000e-12  -65.88114  -68.28698 332.095605      48.61 8.8144e+00    816.252      19591  1029.1819  1029.1810    34.7084    34.7072    7.71783         38 0.0000e+00
    300.000    296.825     1.5208  30.264698     1.5209  30.264049     4.0408     4.0940    -0.0065    97.8841 1.0000e-12  -65.88115  -68.28698 332.095624      47.61 8.8144e+00    817.956      19632  1029.1867  1029.1861    34.7080    34.7071    7.71871         34 0.0000e+00
    301.000    297.813     1.5146  30.259263     1.5144  30.258343     4.0471     4.0991    -0.0080    97.8841 1.0000e-12  -65.88116  -68.28698 332.095637      46.75 8.8144e+00    819.058      19658  1029.1916  1029.1909    34.7073    34.7064    7.71996         23 0.0000e+00
    302.000    298.804     1.5075  30.253311     1.5081  30.253052     4.0603     4.1052    -0.0146    97.8841 1.0000e-12  -65.88116  -68.28698 332.095647      45.66 8.8144e+00    819.931      19679  1029.1968  1029.1960    34.7071    34.7061    7.72137         20 0.0000e+00
    303.000    299.791     1.5130  30.259298     1.5142  30.259848     4.0746     4.1105     0.0101    97.8502 1.0000e-12  -65.88116  -68.28698 332.095658      44.82 8.8144e+00    820.842      19701  1029.2016  1029.2009    34.7080    34.7074    7.72024         23 0.0000e+00
    304.000    300.780     1.5309  30.276998     1.5306  30.276013     4.0744     4.1192    -0.0014    97.8378 1.0000e-12  -65.88116  -68.28698 332.095669      43.72 8.8144e+00    821.825      19725  1029.2061  1029.2054    34.7102    34.7093    7.71662         24 0.0000e+00
    305.000    301.768     1.5369  30.283600     1.5369  30.282771     4.0755     4.1198    -0.0074    97.8606 1.0000e-12  -65.88115  -68.28698 332.095680      42.62 8.8144e+00    822.793      19748  1029.2111  1029.2102    34.7113    34.7103    7.71538         23 0.0000e+00
    306.000    302.758     1.5432  30.289952     1.5432  30.289216     4.0675     4.1201    -0.0017    97.8641 1.0000e-12  -65.88115  -68.28698 332.095693      41.59 8.8144e+00    823.853      19773  1029.2157  1029.2149    34.7119    34.7110    7.71413         30 0.0000e+00
    307.000    303.746     1.5436  30.291252     1.5415  30.288406     4.0779     4.1120    -0.0024    97.8680 1.0000e-12  -65.88118  -68.28696 332.095755      40.49 8.8144e+00    829.229      19903  1029.2209  1029.2202    34.7125    34.7113    7.71400         19 0.0000e+00
    308.000    304.735     1.5466  30.294607     1.5465  30.293608     4.0762     4.1122     0.0008    97.8321 1.0000e-12  -65.88118  -68.28696 332.095762      39.81 8.8144e+00    829.847      19917  1029.2256  1029.2247    34.7129    34.7117    7.71340         13 0.0000e+00
    309.000    305.723     1.5464  30.294871     1.5463  30.293978     4.0768     4.1154     0.0007    97.8589 1.0000e-12  -65.88118  -68.28696 332.095768      39.05 8.8144e+00    830.387      19930  1029.2304  1029.2295    34.7129    34.7118    7.71345         13 0.0000e+00
    310.000    306.712     1.5479  30.297171     1.5479  30.296173     4.0755     4.1176     0.0008    97.8627 1.0000e-12  -65.88120  -68.28696 332.095774      37.99 8.8144e+00    830.907      19943  1029.2354  1029.2344    34.7136    34.7123    7.71311         12 0.0000e+00
    311.000    307.702     1.5517  30.301021     1.5515  30.299930     4.0724     4.1204    -0.0053    97.8604 1.0000e-12  -65.88120  -68.28696 332.095780      37.56 8.8144e+00    831.401      19955  1029.2399  1029.2390    34.7137    34.7125    7.71237         12 0.0000e+00
    312.000    308.689     1.5521  30.301786     1.5520  30.300981     4.0767     4.1202    -0.0146    97.8671 1.0000e-12  -65.88118  -68.28696 332.095786      36.41 8.8144e+00    831.908      19967  1029.2445  1029.2438    34.7136    34.7128    7.71228         12 0.0000e+00
    313.000    309.678     1.5509  30.301086     1.5509  30.300306     4.0810     4.1216    -0.0132    97.8691 1.0000e-12  -65.88118  -68.28696 332.095792      35.58 8.8144e+00    832.401      19979  1029.2493  1029.2484    34.7135    34.7125    7.71254         12 0.0000e+00
    314.000    310.665     1.5452  30.296458     1.5452  30.295621     4.0773     4.1234    -0.0071    97.8583 1.0000e-12  -65.88118  -68.28698 332.095798      34.68 8.8144e+00    832.898      19991  1029.2544  1029.2536    34.7134    34.7123    7.71366         12 0.0000e+00
    315.000    311.654     1.5439  30.295927     1.5438  30.294863     4.0740     4.1275    -0.0076    97.8707 1.0000e-12  -65.88118  -68.28698 332.095804      33.44 8.8144e+00    833.446      20004  1029.2594  1029.2585    34.7135    34.7123    7.71389         17 0.0000e+00
    316.000    312.652     1.5469  30.298928     1.5466  30.297591     4.0632     4.1151    -0.0089    97.6419 1.0000e-12  -65.88121  -68.28696 332.095872      32.48 8.8144e+00    839.356      20146  1029.2639  1029.2628    34.7134    34.7120    7.71332         14 0.0000e+00
    317.000    313.632     1.5458  30.298213     1.5439  30.295695     4.0624     4.1151    -0.0145    97.6520 1.0000e-12  -65.88122  -68.28696 332.095887      31.57 8.8144e+00    840.607      20176  1029.2685  1029.2678    34.7132    34.7121    7.71355         12 0.0000e+00
    318.000    314.622     1.5428  30.296221     1.5418  30.294515     4.0614     4.1120    -0.0150    97.6782 1.0000e-12  -65.88122  -68.28694 332.095892      30.64 8.8144e+00    841.045      20186  1029.2736  1029.2729    34.7134    34.7123    7.71412         11 0.0000e+00
    319.000    315.609     1.5349  30.289244     1.5330  30.286849     4.0669     4.1072     0.0000    97.7263 1.0000e-12  -65.88122  -68.28694 332.095897      29.64 8.8144e+00    841.513      20197  1029.2787  1029.2781    34.7127    34.7117    7.71571         11 0.0000e+00
    320.000    316.599     1.5128  30.270260     1.5126  30.269505     4.0683     4.1064     0.0026    97.7424 1.0000e-12  -65.88122  -68.28696 332.095902      28.61 8.8144e+00    841.978      20208  1029.2854  1029.2849    34.7123    34.7116    7.72004         12 0.0000e+00
    321.000    317.587     1.5017  30.260934     1.5019  30.260083     4.0676     4.1106    -0.0083    97.7575 1.0000e-12  -65.88122  -68.28696 332.095908      27.56 8.8144e+00    842.455      20220  1029.2911  1029.2901    34.7121    34.7108    7.72222         11 0.0000e+00
    322.000    318.574     1.4888  30.249837     1.4894  30.249504     4.0636     4.1139    -0.0148    97.8000 1.0000e-12  -65.88122  -68.28694 332.095914      26.23 8.8144e+00    842.964      20232  1029.2969  1029.2958    34.7118    34.7106    7.72478         14 0.0000e+00
    323.000    319.564     1.5018  30.261863     1.4968  30.255942     4.0579     4.1118    -0.0058    97.7508 1.0000e-12  -65.88122  -68.28696 332.095948      24.57 8.8144e+00    845.881      20302  1029.3001  1029.2991    34.7121    34.7101    7.72221         27 0.0000e+00
    324.000    320.553     1.4866  30.248668     1.4820  30.243492     4.0568     4.1029    -0.0066    97.6620 1.0000e-12  -65.88124  -68.28698 332.095994      23.16 8.8144e+00    849.906      20399  1029.3057  1029.3049    34.7115    34.7100    7.72522         30 0.0000e+00
    325.000    321.542     1.4802  30.242748     1.4781  30.240407     4.0533     4.1066    -0.0065    97.7414 1.0000e-12  -65.88124  -68.28697 332.096003      22.37 8.8144e+00    850.629      20416  1029.3102  1029.3098    34.7105    34.7099    7.72653         18 0.0000e+00
    326.000    322.529     1.4729  30.237271     1.4722  30.235583     4.0518     4.1066    -0.0022    97.7811 1.0000e-12  -65.88124  -68.28696 332.096011      21.54 8.8144e+00    851.313      20433  1029.3160  1029.3149    34.7110    34.7096    7.72793         16 0.0000e+00
    327.000    323.518     1.4683  30.233426     1.4677  30.232198     4.0532     4.1023    -0.0013    97.7843 1.0000e-12  -65.88124  -68.28694 332.096018      20.60 8.8144e+00    851.974      20448  1029.3208  1029.3200    34.7106    34.7097    7.72886         16 0.0000e+00
    328.000    324.509     1.4591  30.225844     1.4598  30.225605     4.0557     4.1024    -0.0141    97.7647 1.0000e-12  -65.88124  -68.28694 332.096027      19.62 8.8144e+00    852.719      20466  1029.3263  1029.3253    34.7106    34.7095    7.73066         21 0.0000e+00
    329.000    325.496     1.4557  30.223463     1.4592  30.225303     4.0571     4.1027    -0.0042    97.7540 1.0000e-12  -65.88124  -68.28695 332.096058      18.04 8.8144e+00    855.389      20530  1029.3311  1029.3294    34.7107    34.7091    7.73132         36 0.0000e+00
    330.000    326.484     1.4486  30.217202     1.4465  30.214811     4.0511     4.0977    -0.0027    97.7310 1.0000e-12  -65.88124  -68.28696 332.096086      17.14 8.8144e+00    857.816      20589  1029.3357  1029.3353    34.7100    34.7093    7.73275         25 0.0000e+00
    331.000    327.472     1.4456  30.215410     1.4451  30.214174     4.0559     4.0993    -0.0032    97.7367 1.0000e-12  -65.88125  -68.28696 332.096095      16.32 8.8144e+00    858.641      20608  1029.3410  1029.3402    34.7105    34.7094    7.73332         18 0.0000e+00
    332.000    328.461     1.4449  30.215328     1.4446  30.214286     4.0559     4.1000    -0.0148    97.7218 1.0000e-12  -65.88126  -68.28696 332.096103      15.40 8.8144e+00    859.344      20625  1029.3458  1029.3449    34.7106    34.7095    7.73345         16 0.0000e+00
    333.000    329.450     1.4449  30.215810     1.4448  30.214747     4.0530     4.1028    -0.0036    97.6773 1.0000e-12  -65.88126  -68.28696 332.096112      14.32 8.8144e+00    860.096      20643  1029.3503  1029.3494    34.7105    34.7094    7.73344         21 0.0000e+00
    334.000    330.439     1.4452  30.216529     1.4444  30.214893     4.0541     4.1043     0.0002    97.7138 1.0000e-12  -65.88127  -68.28694 332.096151      12.82 8.8144e+00    863.432      20723  1029.3549  1029.3539    34.7106    34.7094    7.73339         36 0.0000e+00
    335.000    331.426     1.4441  30.216078     1.4441  30.215210     4.0558     4.1054     0.0081    97.7200 1.0000e-12  -65.88128  -68.28692 332.096199      11.66 8.8144e+00    867.587      20823  1029.3596  1029.3586    34.7107    34.7096    7.73360         35 0.0000e+00
    336.000    332.416     1.4442  30.216579     1.4439  30.215720     4.0535     4.1054    -0.0079    97.7167 1.0000e-12  -65.88128  -68.28691 332.096214      10.79 8.8144e+00    868.913      20855  1029.3641  1029.3635    34.7106    34.7098    7.73359         24 0.0000e+00
    337.000    333.402     1.4439  30.217009     1.4438  30.216095     4.0567     4.1051    -0.0092    97.7026 1.0000e-12  -65.88128  -68.28691 332.096224       9.93 8.8144e+00    869.785      20876  1029.3690  1029.3682    34.7109    34.7098    7.73362         19 0.0000e+00
    338.000    334.393     1.4439  30.217542     1.4439  30.216619     4.0569     4.1047    -0.0049    97.6924 1.0000e-12  -65.88128  -68.28692 332.096233       8.90 8.8144e+00    870.558      20894  1029.3738  1029.3729    34.7110    34.7098    7.73362         18 0.0000e+00
    339.000    335.382     1.4434  30.217696     1.4434  30.216693     4.0545     4.1054     0.0020    97.7058 1.0000e-12  -65.88128  -68.28692 332.096243       7.87 8.8144e+00    871.392      20914  1029.3786  1029.3776    34.7111    34.7099    7.73371         25 0.0000e+00
    340.000    336.371     1.4420  30.216856     1.4418  30.215851     4.0527     4.1078     0.0033    97.7023 1.0000e-12  -65.88133  -68.28687 332.096533       4.97 8.8144e+00    896.471      21516  1029.3833  1029.3825    34.7111    34.7101    7.73399         24 0.0000e+00
    341.000    337.359     1.4410  30.216580     1.4410  30.215585     4.0464     4.1074    -0.0011    97.7049 1.0000e-12  -65.88135  -68.28685 332.096643       3.08 8.8144e+00    905.949      21744  1029.3881  1029.3873    34.7113    34.7100    7.73417          6 0.0000e+00
