NBP2113_155081_ctd/data/dnbp2113_029.cnv
* Sea-Bird SBE 9 Data File:
* FileName = D:\Data\raw\NBP2113_029.hex
* Software Version Seasave V 7.26.7.121
* Temperature SN = 2438
* Conductivity SN = 2067
* Number of Bytes Per Scan = 40
* Number of Voltage Words = 5
* Number of Scans Averaged by the Deck Unit = 1
* NMEA Latitude = 66 51.18 S
* NMEA Longitude = 068 36.27 W
* NMEA UTC (Time) = Dec 05 2021  02:21:18
* NMEA baud rate = 9600
** Ship: RVIB N.B. Palmer
** Cruise: NBP2113 LTER
** Station: AS01
** Operator: S. Blackman
# nquan = 25
# nvalues = 227                         
# units = specified
# name 0 = prDM: Pressure, Digiquartz [db]
# name 1 = depSM: Depth [salt water, m]
# name 2 = t090C: Temperature [ITS-90, deg C]
# name 3 = c0mS/cm: Conductivity [mS/cm]
# name 4 = t190C: Temperature, 2 [ITS-90, deg C]
# name 5 = c1mS/cm: Conductivity, 2 [mS/cm]
# name 6 = sbeox0ML/L: Oxygen, SBE 43 [ml/l]
# name 7 = sbeox1ML/L: Oxygen, SBE 43, 2 [ml/l]
# name 8 = flECO-AFL: Fluorescence, WET Labs ECO-AFL/FL [mg/m^3]
# name 9 = CStarTr0: Beam Transmission, WET Labs C-Star [%]
# name 10 = par: PAR/Irradiance, Biospherical/Licor
# name 11 = latitude: Latitude [deg]
# name 12 = longitude: Longitude [deg]
# name 13 = timeJ: Julian Days
# name 14 = altM: Altimeter [m]
# name 15 = spar: SPAR, Biospherical/Licor
# name 16 = timeS: Time, Elapsed [seconds]
# name 17 = scan: Scan Count
# name 18 = density00: Density [density, kg/m^3]
# name 19 = density11: Density, 2 [density, kg/m^3]
# name 20 = sal00: Salinity, Practical [PSU]
# name 21 = sal11: Salinity, Practical, 2 [PSU]
# name 22 = oxsolML/L: Oxygen Saturation, Garcia & Gordon [ml/l]
# name 23 = nbin: number of scans per bin
# name 24 = flag: flag
# span 0 =      6.000,    232.000       
# span 1 =      5.957,    229.570       
# span 2 =    -0.8897,     1.2051       
# span 3 =  27.412063,  29.910178       
# span 4 =    -0.8892,     1.2046       
# span 5 =  27.410924,  29.908709       
# span 6 =     4.2124,     8.1244       
# span 7 =     4.3106,     8.1047       
# span 8 =     0.0013,     1.1512       
# span 9 =    90.7063,    95.5382       
# span 10 = -1.081e-05, 6.1877e+00      
# span 11 =  -66.85302,  -66.85274      
# span 12 =  -68.60400,  -68.60334      
# span 13 = 339.102193, 339.107454      
# span 14 =       5.27,     131.70      
# span 15 = 7.3061e+00, 1.2340e+01      
# span 16 =    351.507,    806.048      
# span 17 =       8437,      19346      
# span 18 =  1027.2073,  1028.8396      
# span 19 =  1027.2054,  1028.8383      
# span 20 =    33.8027,    34.6447      
# span 21 =    33.8007,    34.6434      
# span 22 =    7.78433,    8.26911      
# span 23 =         11,         42      
# span 24 = 0.0000e+00, 0.0000e+00      
# interval = decibars: 1                
# start_time = Dec 05 2021 02:21:18 [NMEA time, header]
# bad_flag = -9.990e-29
*END*
      6.000      5.957    -0.8694  27.415045    -0.8689  27.413686     8.0729     8.1047     1.0506    90.7540 6.1877e+00  -66.85302  -68.60397 339.102193     131.70 1.2340e+01    351.507       8437  1027.2073  1027.2054    33.8032    33.8008    8.26485         12 0.0000e+00
      7.000      6.929    -0.8712  27.413970    -0.8706  27.412711     8.0999     8.0902     1.0514    90.7102 5.6415e+00  -66.85302  -68.60399 339.102247      41.62 1.2340e+01    356.158       8549  1027.2122  1027.2102    33.8032    33.8008    8.26525         39 0.0000e+00
      8.000      7.921    -0.8685  27.416824    -0.8696  27.414147     8.0940     8.0838     1.0187    90.7263 5.0491e+00  -66.85302  -68.60399 339.102293      94.35 1.2340e+01    360.126       8644  1027.2170  1027.2151    33.8034    33.8010    8.26465         26 0.0000e+00
      9.000      8.911    -0.8649  27.420533    -0.8650  27.418686     8.0739     8.0803     0.9767    90.7063 4.6302e+00  -66.85302  -68.60400 339.102302      46.34 1.2340e+01    360.904       8663  1027.2219  1027.2199    33.8038    33.8014    8.26383         21 0.0000e+00
     10.000      9.900    -0.8647  27.421053    -0.8639  27.419959     8.1244     8.0813     1.0132    90.7114 4.0858e+00  -66.85302  -68.60399 339.102337     100.96 1.2340e+01    363.878       8734  1027.2266  1027.2246    33.8037    33.8013    8.26380         34 0.0000e+00
     11.000     10.892    -0.8648  27.421386    -0.8645  27.419839     8.0699     8.0857     1.0144    90.7422 3.6687e+00  -66.85302  -68.60396 339.102397      80.69 1.2340e+01    369.119       8860  1027.2314  1027.2294    33.8036    33.8012    8.26382         36 0.0000e+00
     12.000     11.881    -0.8681  27.418818    -0.8688  27.416638     8.0521     8.0864     1.0656    90.7610 3.4786e+00  -66.85300  -68.60398 339.102447      81.93 1.2340e+01    373.380       8962  1027.2361  1027.2344    33.8032    33.8010    8.26457         30 0.0000e+00
     13.000     12.870    -0.8745  27.413945    -0.8730  27.413571     8.0619     8.0969     0.9902    90.7376 3.1772e+00  -66.85300  -68.60398 339.102460      99.93 1.2340e+01    374.519       8989  1027.2413  1027.2394    33.8031    33.8010    8.26598         26 0.0000e+00
     14.000     13.861    -0.8775  27.412063    -0.8769  27.410924     8.0718     8.0941     1.0057    90.7587 2.8232e+00  -66.85300  -68.60398 339.102473      99.97 1.2340e+01    375.689       9018  1027.2464  1027.2445    33.8033    33.8011    8.26663         32 0.0000e+00
     15.000     14.852    -0.8772  27.413045    -0.8766  27.411793     8.0788     8.0914     1.0606    90.7311 2.5010e+00  -66.85299  -68.60397 339.102513      99.97 1.2340e+01    379.111       9100  1027.2514  1027.2494    33.8037    33.8013    8.26653         33 0.0000e+00
     16.000     15.841    -0.8785  27.412374    -0.8773  27.411639     8.0467     8.0948     1.0386    90.7382 2.2129e+00  -66.85298  -68.60394 339.102592      99.97 1.2340e+01    385.913       9263  1027.2561  1027.2542    33.8036    33.8013    8.26682         29 0.0000e+00
     17.000     16.830    -0.8740  27.416933    -0.8752  27.414260     8.0681     8.0938     1.0392    90.7504 2.0500e+00  -66.85298  -68.60394 339.102605      99.97 1.2340e+01    387.049       9290  1027.2611  1027.2593    33.8042    33.8019    8.26581         30 0.0000e+00
     18.000     17.821    -0.8730  27.418432    -0.8700  27.419170     8.0726     8.0820     1.0969    90.7226 1.8692e+00  -66.85298  -68.60392 339.102623      99.97 1.2340e+01    388.605       9328  1027.2660  1027.2639    33.8044    33.8021    8.26557         38 0.0000e+00
     19.000     18.810    -0.8745  27.417404    -0.8735  27.416667     8.0718     8.0880     1.1192    90.7708 1.6646e+00  -66.85298  -68.60392 339.102646      99.97 1.2340e+01    390.585       9375  1027.2706  1027.2689    33.8041    33.8020    8.26591         39 0.0000e+00
     20.000     19.801    -0.8721  27.419735    -0.8728  27.417578     8.0792     8.0867     0.9806    90.7566 1.5490e+00  -66.85298  -68.60392 339.102668      99.97 1.2340e+01    392.512       9421  1027.2752  1027.2735    33.8040    33.8018    8.26540         24 0.0000e+00
     21.000     20.791    -0.8721  27.420040    -0.8722  27.417962     8.0528     8.0747     1.0567    90.7361 1.3940e+00  -66.85298  -68.60384 339.102783      99.97 1.2340e+01    402.410       9659  1027.2798  1027.2777    33.8038    33.8010    8.26542         28 0.0000e+00
     22.000     21.780    -0.8753  27.417380    -0.8760  27.415059     8.0406     8.0791     1.0085    90.7269 1.3538e+00  -66.85298  -68.60382 339.102792      99.97 1.2340e+01    403.247       9679  1027.2843  1027.2824    33.8031    33.8007    8.26615         17 0.0000e+00
     23.000     22.769    -0.8746  27.418445    -0.8755  27.416055     8.0898     8.0786     0.9972    90.7581 1.2756e+00  -66.85298  -68.60382 339.102799      99.97 1.2340e+01    403.841       9693  1027.2891  1027.2873    33.8031    33.8009    8.26599         14 0.0000e+00
     24.000     23.761    -0.8695  27.423797    -0.8680  27.423415     8.0804     8.0800     0.9953    90.7536 1.1864e+00  -66.85298  -68.60382 339.102805      99.97 1.2340e+01    404.393       9706  1027.2943  1027.2924    33.8041    33.8019    8.26482         12 0.0000e+00
     25.000     24.752    -0.8709  27.422762    -0.8682  27.423512     8.0322     8.0784     0.9664    90.7292 1.0932e+00  -66.85298  -68.60382 339.102812      99.97 1.2340e+01    404.973       9720  1027.2988  1027.2970    33.8036    33.8016    8.26516         16 0.0000e+00
     26.000     25.740    -0.8700  27.424024    -0.8695  27.422890     8.0204     8.0849     1.0212    90.7362 9.6157e-01  -66.85298  -68.60380 339.102861      99.97 1.2209e+01    409.155       9821  1027.3037  1027.3019    33.8037    33.8016    8.26496         27 0.0000e+00
     27.000     26.731    -0.8691  27.425304    -0.8677  27.424746     8.0193     8.0821     1.1512    90.7327 8.5951e-01  -66.85298  -68.60377 339.102926      99.97 1.2339e+01    414.843       9957  1027.3084  1027.3065    33.8038    33.8015    8.26475         22 0.0000e+00
     28.000     27.721    -0.8672  27.427247    -0.8676  27.425440     8.0325     8.0828     1.1139    90.7584 7.9777e-01  -66.85298  -68.60376 339.102938      99.97 1.2340e+01    415.835       9981  1027.3131  1027.3115    33.8037    33.8016    8.26435         24 0.0000e+00
     29.000     28.710    -0.8664  27.428627    -0.8653  27.427762     8.0577     8.0864     1.1342    90.7584 7.3015e-01  -66.85298  -68.60377 339.102963      99.97 1.2340e+01    417.996      10033  1027.3181  1027.3161    33.8040    33.8017    8.26414         37 0.0000e+00
     30.000     29.700    -0.8654  27.430020    -0.8630  27.430535     8.0530     8.0916     1.0519    90.7783 6.3860e-01  -66.85296  -68.60377 339.103028      99.97 1.2295e+01    423.609      10168  1027.3230  1027.3213    33.8042    33.8022    8.26391         39 0.0000e+00
     31.000     30.690    -0.8613  27.434283    -0.8601  27.433588     8.0410     8.0828     1.1467    90.7893 6.3918e-01  -66.85298  -68.60372 339.103085      99.97 1.0784e+01    428.564      10287  1027.3281  1027.3262    33.8048    33.8025    8.26299         33 0.0000e+00
     32.000     31.679    -0.8597  27.436128    -0.8615  27.432852     8.0524     8.0873     1.0054    90.8285 5.9837e-01  -66.85297  -68.60375 339.103099      99.97 1.2299e+01    429.712      10314  1027.3329  1027.3310    33.8049    33.8024    8.26263         29 0.0000e+00
     33.000     32.670    -0.8630  27.433168    -0.8631  27.431087     8.0655     8.0842     1.0123    90.8036 5.1526e-01  -66.85296  -68.60376 339.103131      99.97 1.2340e+01    432.513      10381  1027.3372  1027.3350    33.8039    33.8012    8.26341         35 0.0000e+00
     34.000     33.659    -0.8613  27.435377    -0.8629  27.432421     8.0650     8.0751     1.0343    90.8185 4.7029e-01  -66.85294  -68.60376 339.103163      99.97 1.2340e+01    435.251      10447  1027.3421  1027.3405    33.8043    33.8021    8.26300         24 0.0000e+00
     35.000     34.649    -0.8564  27.440422    -0.8550  27.440179     8.0437     8.0778     0.9404    90.7663 4.5145e-01  -66.85294  -68.60376 339.103172      99.97 1.2340e+01    436.089      10467  1027.3473  1027.3457    33.8051    33.8032    8.26189         22 0.0000e+00
     36.000     35.640    -0.8595  27.438061    -0.8572  27.438598     8.0582     8.0831     0.9896    90.8241 4.2938e-01  -66.85294  -68.60376 339.103185      99.97 1.2340e+01    437.168      10493  1027.3520  1027.3504    33.8048    33.8029    8.26259         33 0.0000e+00
     37.000     36.628    -0.8639  27.434286    -0.8668  27.429933     8.0616     8.0711     0.9963    90.8062 3.7927e-01  -66.85294  -68.60374 339.103288      99.97 1.0875e+01    446.055      10706  1027.3564  1027.3545    33.8039    33.8013    8.26359         25 0.0000e+00
     38.000     37.618    -0.8655  27.433166    -0.8676  27.429612     8.0563     8.0702     0.9660    90.8335 3.7688e-01  -66.85294  -68.60376 339.103311      99.97 1.0870e+01    448.028      10754  1027.3610  1027.3593    33.8036    33.8012    8.26396         18 0.0000e+00
     39.000     38.610    -0.8628  27.435943    -0.8613  27.436117     8.0480     8.0739     0.9491    90.8441 3.6660e-01  -66.85294  -68.60376 339.103318      99.97 1.1518e+01    448.667      10769  1027.3658  1027.3645    33.8037    33.8023    8.26337         15 0.0000e+00
     40.000     39.598    -0.8723  27.428204    -0.8741  27.425134     8.0552     8.0818     0.9448    90.8522 3.4836e-01  -66.85294  -68.60376 339.103325      99.97 1.2186e+01    449.234      10783  1027.3708  1027.3692    33.8033    33.8011    8.26549         13 0.0000e+00
     41.000     40.588    -0.8731  27.428106    -0.8731  27.426692     8.0628     8.0838     0.9381    90.8397 3.2500e-01  -66.85294  -68.60376 339.103330      99.97 1.2336e+01    449.757      10795  1027.3758  1027.3742    33.8034    33.8015    8.26565         12 0.0000e+00
     42.000     41.581    -0.8738  27.427853    -0.8718  27.427989     8.0516     8.0826     0.9368    90.8015 2.9706e-01  -66.85294  -68.60376 339.103337      99.97 1.2340e+01    450.284      10808  1027.3805  1027.3786    33.8032    33.8012    8.26581         13 0.0000e+00
     43.000     42.570    -0.8732  27.428834    -0.8719  27.428374     8.0545     8.0797     0.9804    90.8221 2.6418e-01  -66.85293  -68.60376 339.103344      99.97 1.2340e+01    450.934      10823  1027.3853  1027.3834    33.8033    33.8012    8.26568         20 0.0000e+00
     44.000     43.556    -0.8747  27.428043    -0.8733  27.427610     8.0397     8.0673     0.9964    90.8368 2.1407e-01  -66.85294  -68.60373 339.103455      99.97 1.0911e+01    460.507      11053  1027.3900  1027.3882    33.8032    33.8012    8.26600         21 0.0000e+00
     45.000     44.550    -0.8737  27.429013    -0.8744  27.426961     8.0783     8.0696     0.9518    90.8304 1.9679e-01  -66.85294  -68.60372 339.103486      99.97 1.0575e+01    463.221      11118  1027.3943  1027.3928    33.8028    33.8009    8.26581         15 0.0000e+00
     46.000     45.538    -0.8724  27.430449    -0.8731  27.428736     8.0446     8.0718     0.9594    90.8287 1.8223e-01  -66.85294  -68.60372 339.103493      99.97 1.0577e+01    463.840      11133  1027.3990  1027.3978    33.8027    33.8012    8.26554         15 0.0000e+00
     47.000     46.528    -0.8760  27.428521    -0.8747  27.427920     8.0181     8.0715     0.9664    90.8506 1.6619e-01  -66.85294  -68.60372 339.103501      99.97 1.0577e+01    464.463      11148  1027.4046  1027.4028    33.8035    33.8013    8.26627         16 0.0000e+00
     48.000     47.519    -0.8803  27.425973    -0.8767  27.427018     8.0444     8.0710     0.9812    90.8425 1.4918e-01  -66.85294  -68.60372 339.103510      99.97 1.1620e+01    465.271      11168  1027.4103  1027.4080    33.8043    33.8017    8.26718         26 0.0000e+00
     49.000     48.508    -0.8796  27.426862    -0.8778  27.426628     8.0320     8.0586     0.9929    90.8519 1.2314e-01  -66.85294  -68.60368 339.103631      99.97 1.0732e+01    475.738      11419  1027.4149  1027.4129    33.8041    33.8018    8.26704         16 0.0000e+00
     50.000     49.496    -0.8897  27.420791    -0.8872  27.420937     8.0080     8.0594     0.9999    90.8319 1.1280e-01  -66.85292  -68.60368 339.103646      99.97 1.0575e+01    476.979      11448  1027.4223  1027.4201    33.8065    33.8040    8.26911         15 0.0000e+00
     51.000     50.488    -0.8894  27.421793    -0.8892  27.420476     7.9972     8.0626     1.0092    90.8287 1.0148e-01  -66.85292  -68.60368 339.103653      99.97 1.1128e+01    477.605      11464  1027.4275  1027.4258    33.8070    33.8049    8.26903         16 0.0000e+00
     52.000     51.479    -0.8895  27.422317    -0.8892  27.421035     8.0093     8.0698     1.0111    90.7978 8.8356e-02  -66.85292  -68.60368 339.103662      99.97 1.2135e+01    478.377      11482  1027.4323  1027.4306    33.8071    33.8051    8.26903         23 0.0000e+00
     53.000     52.469    -0.8870  27.424279    -0.8841  27.424606     8.0028     8.0674     1.0693    90.8847 7.5312e-02  -66.85292  -68.60366 339.103756      99.97 1.0985e+01    486.513      11677  1027.4363  1027.4339    33.8065    33.8036    8.26854         42 0.0000e+00
     54.000     53.457    -0.8893  27.423631    -0.8887  27.422448     8.0034     8.0641     1.0982    90.9159 6.4596e-02  -66.85290  -68.60366 339.103800      99.97 1.0585e+01    490.304      11768  1027.4421  1027.4402    33.8075    33.8052    8.26898         34 0.0000e+00
     55.000     54.447    -0.8891  27.424456    -0.8887  27.423086     8.0364     8.0567     1.1145    90.9940 4.7403e-02  -66.85290  -68.60364 339.103836      99.97 1.0695e+01    493.412      11843  1027.4470  1027.4451    33.8078    33.8054    8.26892         30 0.0000e+00
     56.000     55.436    -0.8884  27.425824    -0.8880  27.424884     8.0057     8.0526     1.0258    91.0351 4.3079e-02  -66.85290  -68.60360 339.103876      99.97 1.0573e+01    496.878      11926  1027.4520  1027.4507    33.8082    33.8065    8.26873         23 0.0000e+00
     57.000     56.426    -0.8873  27.427420    -0.8873  27.426240     8.0224     8.0593     0.9566    91.0274 4.1441e-02  -66.85290  -68.60361 339.103884      99.97 1.0577e+01    497.618      11944  1027.4570  1027.4557    33.8086    33.8069    8.26847         18 0.0000e+00
     58.000     57.415    -0.8869  27.428397    -0.8868  27.427295     8.0215     8.0611     1.0102    91.0437 3.8538e-02  -66.85290  -68.60362 339.103893      99.97 1.0577e+01    498.395      11962  1027.4620  1027.4606    33.8088    33.8071    8.26837         20 0.0000e+00
     59.000     58.407    -0.8871  27.428751    -0.8868  27.427669     8.0141     8.0579     1.0473    91.1101 3.2434e-02  -66.85290  -68.60364 339.103915      99.97 1.0577e+01    500.260      12007  1027.4668  1027.4654    33.8089    33.8070    8.26840         28 0.0000e+00
     60.000     59.395    -0.8863  27.429919    -0.8863  27.428526     7.9782     8.0436     0.9585    91.0910 1.1446e-02  -66.85288  -68.60358 339.104014      99.97 1.0577e+01    508.845      12213  1027.4717  1027.4701    33.8090    33.8070    8.26823         21 0.0000e+00
     61.000     60.385    -0.8840  27.433938    -0.8843  27.432036     7.9797     8.0443     0.9736    91.0926 9.5503e-03  -66.85288  -68.60358 339.104024      99.97 1.0577e+01    509.667      12233  1027.4781  1027.4764    33.8113    33.8090    8.26760         20 0.0000e+00
     62.000     61.375    -0.8837  27.435161    -0.8837  27.433973     7.9856     8.0487     1.0312    91.1273 8.0665e-03  -66.85288  -68.60359 339.104034      99.97 1.0577e+01    510.548      12254  1027.4835  1027.4822    33.8120    33.8103    8.26749         23 0.0000e+00
