NBP2113_155081_ctd/data/dnbp2113_066.cnv
* Sea-Bird SBE 9 Data File:
* FileName = D:\Data\raw\NBP2113_066.hex
* Software Version Seasave V 7.26.7.121
* Temperature SN = 2438
* Conductivity SN = 2067
* Number of Bytes Per Scan = 40
* Number of Voltage Words = 5
* Number of Scans Averaged by the Deck Unit = 1
* NMEA Latitude = 64 10.22 S
* NMEA Longitude = 061 54.36 W
* NMEA UTC (Time) = Dec 14 2021  16:02:10
* NMEA baud rate = 9600
** Ship: RVIB N.B. Palmer
** Cruise: NBP2113 LTER
** Station: 742.003
** Operator: S. Blackman
# nquan = 25
# nvalues = 772                         
# units = specified
# name 0 = prDM: Pressure, Digiquartz [db]
# name 1 = depSM: Depth [salt water, m]
# name 2 = t090C: Temperature [ITS-90, deg C]
# name 3 = c0mS/cm: Conductivity [mS/cm]
# name 4 = t190C: Temperature, 2 [ITS-90, deg C]
# name 5 = c1mS/cm: Conductivity, 2 [mS/cm]
# name 6 = sbeox0ML/L: Oxygen, SBE 43 [ml/l]
# name 7 = sbeox1ML/L: Oxygen, SBE 43, 2 [ml/l]
# name 8 = flECO-AFL: Fluorescence, WET Labs ECO-AFL/FL [mg/m^3]
# name 9 = CStarTr0: Beam Transmission, WET Labs C-Star [%]
# name 10 = par: PAR/Irradiance, Biospherical/Licor
# name 11 = latitude: Latitude [deg]
# name 12 = longitude: Longitude [deg]
# name 13 = timeJ: Julian Days
# name 14 = altM: Altimeter [m]
# name 15 = spar: SPAR, Biospherical/Licor
# name 16 = timeS: Time, Elapsed [seconds]
# name 17 = scan: Scan Count
# name 18 = density00: Density [density, kg/m^3]
# name 19 = density11: Density, 2 [density, kg/m^3]
# name 20 = sal00: Salinity, Practical [PSU]
# name 21 = sal11: Salinity, Practical, 2 [PSU]
# name 22 = oxsolML/L: Oxygen Saturation, Garcia & Gordon [ml/l]
# name 23 = nbin: number of scans per bin
# name 24 = flag: flag
# span 0 =      4.000,    775.000       
# span 1 =      3.962,    766.018       
# span 2 =    -0.6632,     0.5043       
# span 3 =  28.176150,  29.050659       
# span 4 =    -0.6640,     0.5053       
# span 5 =  28.174015,  29.049858       
# span 6 =     5.3905,     7.5427       
# span 7 =     5.4708,     7.6224       
# span 8 =    -0.0297,     0.9619       
# span 9 =    82.2938,    90.0732       
# span 10 = 1.0000e-12, 3.1118e+02      
# span 11 =  -64.17042,  -64.16964      
# span 12 =  -61.90620,  -61.90516      
# span 13 = 348.671590, 348.684496      
# span 14 =       9.42,     100.00      
# span 15 = 7.8250e+02, 1.4412e+03      
# span 16 =    295.381,   1410.421      
# span 17 =       7090,      33851      
# span 18 =  1027.3142,  1031.4359      
# span 19 =  1027.3127,  1031.4348      
# span 20 =    34.0285,    34.5482      
# span 21 =    34.0265,    34.5470      
# span 22 =    7.95974,    8.18237      
# span 23 =         12,         63      
# span 24 = 0.0000e+00, 0.0000e+00      
# interval = decibars: 1                
# start_time = Dec 14 2021 16:02:10 [NMEA time, header]
# bad_flag = -9.990e-29
*END*
[from data line 522]
    526.000    520.214    -0.5029  28.495973    -0.5034  28.494712     5.9683     6.0453    -0.0193    90.0471 1.0000e-12  -64.16986  -61.90538 348.680020      99.97 8.1973e+02   1023.696      24570  1030.2535  1030.2526    34.5307    34.5296    8.14319         29 0.0000e+00
    527.000    521.201    -0.5034  28.496063    -0.5041  28.494594     5.9693     6.0438    -0.0145    90.0463 1.0000e-12  -64.16986  -61.90538 348.680033      99.97 8.2068e+02   1024.849      24597  1030.2583  1030.2574    34.5308    34.5296    8.14329         26 0.0000e+00
    528.000    522.190    -0.5045  28.495638    -0.5053  28.494164     5.9738     6.0424    -0.0110    90.0419 1.0000e-12  -64.16986  -61.90538 348.680046      99.97 8.2175e+02   1025.951      24624  1030.2631  1030.2623    34.5308    34.5297    8.14351         27 0.0000e+00
    529.000    523.177    -0.5051  28.495505    -0.5053  28.494504     5.9852     6.0368    -0.0132    90.0258 1.0000e-12  -64.16986  -61.90536 348.680059      99.97 8.2327e+02   1027.103      24651  1030.2678  1030.2669    34.5308    34.5297    8.14366         28 0.0000e+00
    530.000    524.163    -0.5053  28.495796    -0.5053  28.495011     5.9903     6.0407    -0.0222    90.0198 1.0000e-12  -64.16986  -61.90536 348.680073      99.97 8.2461e+02   1028.295      24680  1030.2726  1030.2716    34.5308    34.5297    8.14370         29 0.0000e+00
    531.000    525.153    -0.5079  28.494270    -0.5075  28.493714     5.9842     6.0434    -0.0219    90.0606 1.0000e-12  -64.16986  -61.90536 348.680086      99.97 8.2503e+02   1029.451      24708  1030.2777  1030.2767    34.5311    34.5299    8.14424         27 0.0000e+00
    532.000    526.140    -0.5111  28.491988    -0.5118  28.490611     5.9868     6.0453    -0.0177    90.0312 1.0000e-12  -64.16986  -61.90536 348.680099      99.97 8.2569e+02   1030.589      24735  1030.2826  1030.2819    34.5310    34.5300    8.14492         27 0.0000e+00
    533.000    527.127    -0.5139  28.489993    -0.5144  28.488733     5.9897     6.0483    -0.0194    90.0407 1.0000e-12  -64.16986  -61.90536 348.680113      99.97 8.2679e+02   1031.772      24764  1030.2875  1030.2866    34.5310    34.5298    8.14554         30 0.0000e+00
    534.000    528.116    -0.5129  28.491401    -0.5129  28.490601     5.9946     6.0513    -0.0212    90.0450 1.0000e-12  -64.16986  -61.90536 348.680127      99.97 8.2749e+02   1033.012      24793  1030.2922  1030.2914    34.5311    34.5300    8.14531         30 0.0000e+00
    535.000    529.104    -0.5119  28.492861    -0.5125  28.491526     5.9946     6.0488    -0.0216    90.0442 1.0000e-12  -64.16986  -61.90536 348.680142      99.97 8.2881e+02   1034.233      24823  1030.2970  1030.2961    34.5314    34.5302    8.14508         28 0.0000e+00
    536.000    530.090    -0.5130  28.492439    -0.5125  28.492034     5.9844     6.0465    -0.0221    90.0405 1.0000e-12  -64.16986  -61.90536 348.680155      99.97 8.3032e+02   1035.396      24851  1030.3019  1030.3009    34.5314    34.5303    8.14531         28 0.0000e+00
    537.000    531.080    -0.5135  28.492484    -0.5137  28.491426     5.9841     6.0472    -0.0202    90.0362 1.0000e-12  -64.16984  -61.90536 348.680168      99.97 8.3199e+02   1036.528      24878  1030.3066  1030.3057    34.5314    34.5302    8.14541         27 0.0000e+00
    538.000    532.065    -0.5135  28.492858    -0.5139  28.491784     5.9882     6.0414    -0.0093    90.0467 1.0000e-12  -64.16984  -61.90536 348.680181      99.97 8.3280e+02   1037.668      24905  1030.3113  1030.3104    34.5313    34.5303    8.14542         27 0.0000e+00
    539.000    533.054    -0.5136  28.493392    -0.5142  28.491886     5.9926     6.0438    -0.0276    90.0357 1.0000e-12  -64.16984  -61.90535 348.680195      99.97 8.3397e+02   1038.843      24933  1030.3161  1030.3151    34.5316    34.5303    8.14543         29 0.0000e+00
    540.000    534.041    -0.5137  28.493577    -0.5135  28.492927     5.9832     6.0447    -0.0193    90.0304 1.0000e-12  -64.16984  -61.90534 348.680208      99.97 8.3560e+02   1040.012      24961  1030.3207  1030.3198    34.5314    34.5302    8.14547         28 0.0000e+00
    541.000    535.030    -0.5138  28.493963    -0.5139  28.492934     5.9816     6.0461    -0.0151    90.0192 1.0000e-12  -64.16984  -61.90534 348.680222      99.97 8.3734e+02   1041.145      24988  1030.3255  1030.3244    34.5314    34.5301    8.14549         27 0.0000e+00
    542.000    536.017    -0.5134  28.494644    -0.5141  28.493265     5.9813     6.0483    -0.0172    90.0492 1.0000e-12  -64.16984  -61.90534 348.680235      99.97 8.3911e+02   1042.281      25016  1030.3300  1030.3291    34.5312    34.5301    8.14541         27 0.0000e+00
    543.000    537.004    -0.5131  28.495385    -0.5135  28.494155     5.9784     6.0489    -0.0191    90.0359 1.0000e-12  -64.16984  -61.90534 348.680248      99.97 8.3991e+02   1043.444      25044  1030.3348  1030.3338    34.5313    34.5301    8.14535         29 0.0000e+00
    544.000    537.993    -0.5131  28.495849    -0.5134  28.494715     5.9875     6.0502    -0.0188    90.0296 1.0000e-12  -64.16984  -61.90534 348.680263      99.97 8.4089e+02   1044.704      25074  1030.3395  1030.3385    34.5313    34.5301    8.14534         31 0.0000e+00
    545.000    538.979    -0.5130  28.496378    -0.5133  28.495246     5.9894     6.0439    -0.0169    90.0136 1.0000e-12  -64.16984  -61.90534 348.680278      99.97 8.4263e+02   1046.022      25106  1030.3442  1030.3432    34.5313    34.5301    8.14531         31 0.0000e+00
    546.000    539.967    -0.5128  28.497030    -0.5132  28.495772     5.9809     6.0446    -0.0150    90.0372 1.0000e-12  -64.16984  -61.90534 348.680292      99.97 8.4374e+02   1047.246      25135  1030.3489  1030.3479    34.5314    34.5301    8.14527         28 0.0000e+00
    547.000    540.955    -0.5129  28.497436    -0.5132  28.496222     5.9844     6.0503    -0.0150    90.0204 1.0000e-12  -64.16984  -61.90534 348.680305      99.96 8.4477e+02   1048.362      25162  1030.3537  1030.3527    34.5314    34.5302    8.14530         26 0.0000e+00
    548.000    541.944    -0.5137  28.497275    -0.5140  28.496023     5.9849     6.0449    -0.0150    90.0295 1.0000e-12  -64.16984  -61.90534 348.680318      99.97 8.4619e+02   1049.447      25188  1030.3586  1030.3575    34.5315    34.5302    8.14546         26 0.0000e+00
    549.000    542.929    -0.5145  28.496997    -0.5147  28.495891     5.9916     6.0502    -0.0270    90.0199 1.0000e-12  -64.16984  -61.90533 348.680330      99.97 8.4730e+02   1050.544      25214  1030.3633  1030.3623    34.5315    34.5302    8.14564         27 0.0000e+00
    550.000    543.919    -0.5151  28.496899    -0.5156  28.495566     5.9893     6.0512    -0.0221    90.0228 1.0000e-12  -64.16984  -61.90532 348.680343      99.97 8.4815e+02   1051.670      25241  1030.3681  1030.3671    34.5314    34.5302    8.14577         27 0.0000e+00
    551.000    544.905    -0.5152  28.497262    -0.5154  28.496082     5.9896     6.0491    -0.0217    90.0175 1.0000e-12  -64.16984  -61.90532 348.680357      99.97 8.4972e+02   1052.861      25270  1030.3728  1030.3717    34.5314    34.5300    8.14579         30 0.0000e+00
    552.000    545.894    -0.5154  28.497647    -0.5156  28.496456     5.9902     6.0466    -0.0199    90.0065 1.0000e-12  -64.16984  -61.90532 348.680371      99.97 8.4971e+02   1054.073      25299  1030.3776  1030.3765    34.5315    34.5301    8.14582         29 0.0000e+00
    553.000    546.881    -0.5153  28.498320    -0.5156  28.497139     5.9898     6.0499    -0.0161    90.0237 1.0000e-12  -64.16982  -61.90532 348.680385      99.97 8.4971e+02   1055.244      25327  1030.3825  1030.3815    34.5317    34.5304    8.14579         27 0.0000e+00
    554.000    547.869    -0.5164  28.497981    -0.5166  28.496746     5.9786     6.0483    -0.0258    90.0218 1.0000e-12  -64.16982  -61.90532 348.680399      99.97 8.4971e+02   1056.442      25356  1030.3875  1030.3863    34.5319    34.5305    8.14601         30 0.0000e+00
    555.000    548.856    -0.5160  28.498801    -0.5162  28.497572     5.9846     6.0458    -0.0142    90.0102 1.0000e-12  -64.16982  -61.90531 348.680414      99.97 8.4982e+02   1057.742      25387  1030.3922  1030.3910    34.5319    34.5306    8.14592         32 0.0000e+00
    556.000    549.843    -0.5151  28.500206    -0.5153  28.498959     5.9820     6.0517    -0.0145    90.0158 1.0000e-12  -64.16982  -61.90530 348.680428      99.97 8.5144e+02   1059.003      25417  1030.3970  1030.3959    34.5323    34.5308    8.14572         28 0.0000e+00
    557.000    550.832    -0.5152  28.500848    -0.5154  28.499605     5.9868     6.0494    -0.0233    90.0123 1.0000e-12  -64.16982  -61.90530 348.680441      99.97 8.5292e+02   1060.140      25444  1030.4021  1030.4009    34.5326    34.5312    8.14572         27 0.0000e+00
    558.000    551.818    -0.5164  28.500531    -0.5167  28.499216     5.9896     6.0431    -0.0198    90.0097 1.0000e-12  -64.16982  -61.90530 348.680454      99.97 8.5404e+02   1061.222      25470  1030.4071  1030.4060    34.5329    34.5315    8.14595         26 0.0000e+00
    559.000    552.807    -0.5204  28.497812    -0.5205  28.496605     5.9891     6.0378    -0.0190    90.0367 1.0000e-12  -64.16982  -61.90530 348.680466      99.97 8.5498e+02   1062.287      25496  1030.4125  1030.4113    34.5332    34.5318    8.14680         26 0.0000e+00
    560.000    553.794    -0.5219  28.496941    -0.5221  28.495692     5.9899     6.0413    -0.0268    90.0182 1.0000e-12  -64.16982  -61.90530 348.680480      99.97 8.5602e+02   1063.445      25524  1030.4173  1030.4161    34.5332    34.5317    8.14712         29 0.0000e+00
    561.000    554.782    -0.5224  28.496902    -0.5226  28.495779     5.9791     6.0459    -0.0181    90.0130 1.0000e-12  -64.16982  -61.90529 348.680494      99.97 8.5795e+02   1064.707      25554  1030.4219  1030.4209    34.5330    34.5318    8.14723         31 0.0000e+00
    562.000    555.769    -0.5226  28.497260    -0.5229  28.496046     5.9728     6.0542    -0.0279    90.0211 1.0000e-12  -64.16982  -61.90528 348.680508      99.97 8.5901e+02   1065.915      25583  1030.4268  1030.4257    34.5332    34.5319    8.14728         28 0.0000e+00
    563.000    556.757    -0.5229  28.497682    -0.5231  28.496537     5.9790     6.0516    -0.0219    90.0166 1.0000e-12  -64.16982  -61.90528 348.680521      99.97 8.6053e+02   1067.043      25610  1030.4317  1030.4307    34.5335    34.5322    8.14731         26 0.0000e+00
    564.000    557.746    -0.5229  28.498224    -0.5231  28.497026     5.9762     6.0411    -0.0147    90.0057 1.0000e-12  -64.16980  -61.90528 348.680534      99.97 8.6205e+02   1068.144      25636  1030.4366  1030.4354    34.5336    34.5323    8.14731         26 0.0000e+00
    565.000    558.732    -0.5172  28.503623    -0.5167  28.503056     5.9756     6.0425    -0.0278    90.0126 1.0000e-12  -64.16980  -61.90528 348.680547      99.97 8.6205e+02   1069.278      25664  1030.4409  1030.4397    34.5338    34.5325    8.14607         29 0.0000e+00
    566.000    559.718    -0.5102  28.511109    -0.5104  28.509812     5.9788     6.0442    -0.0227    90.0057 1.0000e-12  -64.16980  -61.90527 348.680561      99.97 8.6307e+02   1070.484      25693  1030.4462  1030.4450    34.5353    34.5338    8.14448         29 0.0000e+00
    567.000    560.708    -0.5090  28.512833    -0.5092  28.511499     5.9725     6.0353    -0.0262    90.0029 1.0000e-12  -64.16980  -61.90526 348.680575      99.97 8.6466e+02   1071.709      25722  1030.4511  1030.4499    34.5356    34.5341    8.14421         29 0.0000e+00
    568.000    561.695    -0.5061  28.516089    -0.5062  28.514989     5.9791     6.0337    -0.0163    89.9937 1.0000e-12  -64.16980  -61.90526 348.680589      99.97 8.6654e+02   1072.865      25750  1030.4560  1030.4550    34.5362    34.5348    8.14356         26 0.0000e+00
    569.000    562.682    -0.5044  28.518217    -0.5048  28.517094     5.9701     6.0332    -0.0219    89.9669 1.0000e-12  -64.16980  -61.90526 348.680601      99.97 8.6761e+02   1073.942      25776  1030.4609  1030.4601    34.5364    34.5354    8.14317         26 0.0000e+00
    570.000    563.670    -0.5070  28.516654    -0.5083  28.514494     5.9739     6.0346    -0.0219    89.9753 1.0000e-12  -64.16980  -61.90526 348.680614      99.97 8.6910e+02   1075.065      25803  1030.4661  1030.4650    34.5368    34.5352    8.14372         28 0.0000e+00
    571.000    564.658    -0.5083  28.515777    -0.5081  28.514965     5.9768     6.0374    -0.0217    89.9789 1.0000e-12  -64.16980  -61.90526 348.680629      99.97 8.6977e+02   1076.324      25833  1030.4707  1030.4696    34.5364    34.5351    8.14402         32 0.0000e+00
    572.000    565.645    -0.5084  28.516363    -0.5086  28.515271     5.9751     6.0391    -0.0222    89.9650 1.0000e-12  -64.16980  -61.90526 348.680644      99.97 8.7130e+02   1077.626      25864  1030.4757  1030.4747    34.5368    34.5355    8.14403         30 0.0000e+00
    573.000    566.632    -0.5068  28.518254    -0.5046  28.519027     5.9664     6.0310    -0.0165    89.9754 1.0000e-12  -64.16980  -61.90526 348.680658      99.97 8.7278e+02   1078.831      25893  1030.4804  1030.4790    34.5369    34.5354    8.14368         28 0.0000e+00
    574.000    567.620    -0.4996  28.524874    -0.4958  28.527806     5.9668     6.0280    -0.0253    89.9860 1.0000e-12  -64.16980  -61.90526 348.680671      99.97 8.7441e+02   1079.950      25920  1030.4845  1030.4839    34.5369    34.5366    8.14212         26 0.0000e+00
    575.000    568.608    -0.4947  28.530565    -0.4943  28.529839     5.9546     6.0282    -0.0190    89.9683 1.0000e-12  -64.16980  -61.90526 348.680683      99.97 8.7505e+02   1081.050      25946  1030.4900  1030.4890    34.5384    34.5370    8.14098         27 0.0000e+00
    576.000    569.595    -0.4946  28.530794    -0.4951  28.529466     5.9551     6.0241    -0.0150    89.9379 1.0000e-12  -64.16980  -61.90526 348.680697      99.97 8.7628e+02   1082.214      25974  1030.4945  1030.4936    34.5380    34.5368    8.14099         29 0.0000e+00
    577.000    570.582    -0.4921  28.533522    -0.4928  28.531915     5.9608     6.0300    -0.0210    89.9283 1.0000e-12  -64.16980  -61.90526 348.680711      99.97 8.7792e+02   1083.398      26003  1030.4993  1030.4983    34.5383    34.5369    8.14044         28 0.0000e+00
    578.000    571.570    -0.4907  28.535739    -0.4918  28.533611     5.9559     6.0252    -0.0224    89.9484 1.0000e-12  -64.16978  -61.90526 348.680724      99.97 8.7916e+02   1084.539      26030  1030.5045  1030.5034    34.5390    34.5375    8.14009         27 0.0000e+00
    579.000    572.558    -0.4901  28.536144    -0.4898  28.535425     5.9622     6.0181    -0.0224    89.9394 1.0000e-12  -64.16978  -61.90526 348.680737      99.97 8.8093e+02   1085.682      26057  1030.5087  1030.5077    34.5384    34.5371    8.14001         28 0.0000e+00
    580.000    573.546    -0.4859  28.540581    -0.4868  28.538881     5.9656     6.0267    -0.0224    89.9274 1.0000e-12  -64.16978  -61.90525 348.680750      99.97 8.8144e+02   1086.835      26085  1030.5135  1030.5127    34.5389    34.5377    8.13907         27 0.0000e+00
    581.000    574.531    -0.4851  28.541810    -0.4834  28.542178     5.9555     6.0215    -0.0205    89.9330 1.0000e-12  -64.16978  -61.90525 348.680764      99.97 8.8245e+02   1087.989      26113  1030.5184  1030.5170    34.5391    34.5376    8.13889         28 0.0000e+00
    582.000    575.521    -0.4808  28.546079    -0.4810  28.544796     5.9513     6.0157    -0.0104    89.9257 1.0000e-12  -64.16978  -61.90524 348.680778      99.97 8.8326e+02   1089.190      26142  1030.5229  1030.5218    34.5393    34.5378    8.13796         30 0.0000e+00
