NBP2113_155081_ctd/data/dnbp2113_025.cnv
* Sea-Bird SBE 9 Data File:
* FileName = D:\Data\raw\NBP2113_025.hex
* Software Version Seasave V 7.26.7.121
* Temperature SN = 2438
* Conductivity SN = 2067
* Number of Bytes Per Scan = 40
* Number of Voltage Words = 5
* Number of Scans Averaged by the Deck Unit = 1
* NMEA Latitude = 66 26.47 S
* NMEA Longitude = 073 01.98 W
* NMEA UTC (Time) = Dec 02 2021  19:32:09
* NMEA baud rate = 9600
** Ship: RVIB N.B. Palmer
** Cruise: NBP2113 LTER
** Station: 200.200
** Operator: S. Blackman
# nquan = 25
# nvalues = 3710                        
# units = specified
# name 0 = prDM: Pressure, Digiquartz [db]
# name 1 = depSM: Depth [salt water, m]
# name 2 = t090C: Temperature [ITS-90, deg C]
# name 3 = c0mS/cm: Conductivity [mS/cm]
# name 4 = t190C: Temperature, 2 [ITS-90, deg C]
# name 5 = c1mS/cm: Conductivity, 2 [mS/cm]
# name 6 = sbeox0ML/L: Oxygen, SBE 43 [ml/l]
# name 7 = sbeox1ML/L: Oxygen, SBE 43, 2 [ml/l]
# name 8 = flECO-AFL: Fluorescence, WET Labs ECO-AFL/FL [mg/m^3]
# name 9 = CStarTr0: Beam Transmission, WET Labs C-Star [%]
# name 10 = par: PAR/Irradiance, Biospherical/Licor
# name 11 = latitude: Latitude [deg]
# name 12 = longitude: Longitude [deg]
# name 13 = timeJ: Julian Days
# name 14 = altM: Altimeter [m]
# name 15 = spar: SPAR, Biospherical/Licor
# name 16 = timeS: Time, Elapsed [seconds]
# name 17 = scan: Scan Count
# name 18 = density00: Density [density, kg/m^3]
# name 19 = density11: Density, 2 [density, kg/m^3]
# name 20 = sal00: Salinity, Practical [PSU]
# name 21 = sal11: Salinity, Practical, 2 [PSU]
# name 22 = oxsolML/L: Oxygen Saturation, Garcia & Gordon [ml/l]
# name 23 = nbin: number of scans per bin
# name 24 = flag: flag
# span 0 =      7.000,   3716.000       
# span 1 =      6.931,   3647.210       
# span 2 =    -0.8567,     2.0059       
# span 3 =  27.620544,  30.705827       
# span 4 =    -0.8581,     2.0055       
# span 5 =  27.618989,  30.704902       
# span 6 =     3.8898,     8.3494       
# span 7 =     3.9443,     8.3998       
# span 8 =    -0.0225,     8.3829       
# span 9 =    85.4774,    97.6524       
# span 10 = 1.0000e-12, 1.0000e-12      
# span 11 =  -66.44178,  -66.44124      
# span 12 =  -73.03301,  -73.03222      
# span 13 = 336.815519, 336.868248      
# span 14 =       6.24,     107.41      
# span 15 = 4.6715e+02, 2.4844e+03      
# span 16 =    131.802,   4687.621      
# span 17 =       3164,     112504      
# span 18 =  1027.3234,  1044.8165      
# span 19 =  1027.3221,  1044.8156      
# span 20 =    33.9596,    34.7296      
# span 21 =    33.9579,    34.7284      
# span 22 =    7.62736,    8.24846      
# span 23 =         11,         46      
# span 24 = 0.0000e+00, 0.0000e+00      
# interval = decibars: 1                
# start_time = Dec 02 2021 19:32:09 [NMEA time, header]
# bad_flag = -9.990e-29
*END*
[from data line 3305]
   3312.000   3253.692     0.4474  30.566291     0.4478  30.565877     4.6203     4.6758    -0.0126    97.5492 1.0000e-12  -66.44132  -73.03230 336.862480      99.98 6.8578e+02   4189.236     100543  1043.0313  1043.0306    34.7025    34.7016    7.93409         12 0.0000e+00
   3313.000   3254.668     0.4474  30.566398     0.4477  30.566061     4.6216     4.6723    -0.0151    97.5560 1.0000e-12  -66.44131  -73.03230 336.862486      99.98 6.8576e+02   4189.749     100555  1043.0355  1043.0349    34.7022    34.7015    7.93412         12 0.0000e+00
   3314.000   3255.643     0.4473  30.566749     0.4477  30.566528     4.6163     4.6723    -0.0150    97.5690 1.0000e-12  -66.44130  -73.03230 336.862491      99.97 6.8576e+02   4190.243     100567  1043.0401  1043.0394    34.7023    34.7016    7.93413         12 0.0000e+00
   3315.000   3256.615     0.4470  30.566865     0.4473  30.566479     4.6138     4.6738    -0.0150    97.5556 1.0000e-12  -66.44130  -73.03231 336.862497      99.98 6.8576e+02   4190.734     100579  1043.0445  1043.0439    34.7023    34.7015    7.93420         12 0.0000e+00
   3316.000   3257.591     0.4469  30.567224     0.4473  30.566877     4.6012     4.6758    -0.0150    97.5592 1.0000e-12  -66.44130  -73.03232 336.862503      99.97 6.8576e+02   4191.246     100591  1043.0491  1043.0483    34.7025    34.7016    7.93421         13 0.0000e+00
   3317.000   3258.568     0.4465  30.567385     0.4471  30.567030     4.6026     4.6785    -0.0150    97.5685 1.0000e-12  -66.44130  -73.03232 336.862509      99.98 6.8576e+02   4191.785     100604  1043.0536  1043.0527    34.7026    34.7015    7.93428         13 0.0000e+00
   3318.000   3259.540     0.4464  30.567439     0.4467  30.567160     4.6083     4.6801    -0.0150    97.5751 1.0000e-12  -66.44130  -73.03232 336.862516      99.98 6.8689e+02   4192.414     100619  1043.0579  1043.0573    34.7023    34.7016    7.93432         17 0.0000e+00
   3319.000   3260.518     0.4470  30.568268     0.4474  30.567907     4.6133     4.6779    -0.0150    97.5635 1.0000e-12  -66.44131  -73.03235 336.862552      99.98 6.8942e+02   4195.490     100693  1043.0622  1043.0614    34.7023    34.7013    7.93420         25 0.0000e+00
   3320.000   3261.490     0.4480  30.569451     0.4483  30.569122     4.6249     4.6679    -0.0116    97.5494 1.0000e-12  -66.44132  -73.03234 336.862592      99.97 6.9442e+02   4198.968     100776  1043.0664  1043.0657    34.7022    34.7015    7.93400         15 0.0000e+00
   3321.000   3262.466     0.4474  30.569360     0.4474  30.568821     4.6248     4.6710    -0.0078    97.5493 1.0000e-12  -66.44132  -73.03234 336.862599      99.98 6.9849e+02   4199.588     100791  1043.0709  1043.0704    34.7022    34.7015    7.93411         14 0.0000e+00
   3322.000   3263.440     0.4460  30.568604     0.4463  30.568124     4.6215     4.6742    -0.0122    97.5564 1.0000e-12  -66.44132  -73.03234 336.862606      99.98 7.0187e+02   4200.165     100805  1043.0757  1043.0749    34.7024    34.7015    7.93439         14 0.0000e+00
   3323.000   3264.416     0.4456  30.568544     0.4459  30.568142     4.6247     4.6740    -0.0149    97.5529 1.0000e-12  -66.44131  -73.03234 336.862613      99.98 7.0493e+02   4200.771     100819  1043.0801  1043.0794    34.7023    34.7014    7.93448         15 0.0000e+00
   3324.000   3265.391     0.4454  30.568839     0.4457  30.568515     4.6169     4.6785    -0.0150    97.5541 1.0000e-12  -66.44130  -73.03234 336.862621      99.98 7.0709e+02   4201.421     100835  1043.0846  1043.0839    34.7023    34.7016    7.93451         16 0.0000e+00
   3325.000   3266.366     0.4445  30.568240     0.4448  30.567828     4.6184     4.6779    -0.0127    97.5547 1.0000e-12  -66.44130  -73.03232 336.862629      99.97 7.0867e+02   4202.162     100853  1043.0891  1043.0884    34.7022    34.7013    7.93472         19 0.0000e+00
   3326.000   3267.341     0.4443  30.568455     0.4446  30.568098     4.6105     4.6775    -0.0069    97.5673 1.0000e-12  -66.44130  -73.03232 336.862639      99.98 7.0868e+02   4203.044     100874  1043.0936  1043.0928    34.7022    34.7013    7.93476         24 0.0000e+00
   3327.000   3268.315     0.4443  30.568848     0.4447  30.568489     4.6111     4.6821    -0.0005    97.5699 1.0000e-12  -66.44130  -73.03232 336.862652      99.98 7.0868e+02   4204.106     100900  1043.0980  1043.0971    34.7022    34.7013    7.93475         27 0.0000e+00
   3328.000   3269.291     0.4442  30.569053     0.4447  30.568749     4.6226     4.6811    -0.0025    97.5751 1.0000e-12  -66.44130  -73.03234 336.862666      99.97 7.0868e+02   4205.341     100929  1043.1023  1043.1015    34.7021    34.7012    7.93478         31 0.0000e+00
   3329.000   3270.264     0.4438  30.569155     0.4442  30.568742     4.6150     4.6847    -0.0114    97.5751 1.0000e-12  -66.44130  -73.03235 336.862682      99.97 7.1004e+02   4206.697     100962  1043.1068  1043.1060    34.7022    34.7012    7.93485         33 0.0000e+00
   3330.000   3271.240     0.4435  30.569290     0.4440  30.568842     4.6260     4.6796    -0.0135    97.5751 1.0000e-12  -66.44132  -73.03238 336.862701      99.98 7.0817e+02   4208.395     101002  1043.1114  1043.1104    34.7023    34.7012    7.93492         44 0.0000e+00
   3331.000   3272.215     0.4434  30.569447     0.4437  30.569043     4.6152     4.6830    -0.0034    97.5751 1.0000e-12  -66.44132  -73.03238 336.862721      99.97 7.0817e+02   4210.077     101043  1043.1157  1043.1150    34.7021    34.7013    7.93494         31 0.0000e+00
   3332.000   3273.190     0.4427  30.569289     0.4432  30.568921     4.6152     4.6821    -0.0107    97.5751 1.0000e-12  -66.44132  -73.03238 336.862735      99.97 7.1254e+02   4211.325     101073  1043.1202  1043.1194    34.7022    34.7012    7.93507         29 0.0000e+00
   3333.000   3274.164     0.4423  30.569291     0.4428  30.568907     4.6202     4.6801    -0.0131    97.5660 1.0000e-12  -66.44132  -73.03237 336.862753      99.98 7.1875e+02   4212.824     101109  1043.1247  1043.1239    34.7021    34.7012    7.93516         34 0.0000e+00
   3334.000   3275.138     0.4423  30.569681     0.4428  30.569287     4.6307     4.6742    -0.0136    97.5746 1.0000e-12  -66.44132  -73.03234 336.862780      99.98 7.2690e+02   4215.200     101166  1043.1292  1043.1283    34.7022    34.7012    7.93516         30 0.0000e+00
   3335.000   3276.114     0.4425  30.570295     0.4429  30.569927     4.6336     4.6755    -0.0076    97.5655 1.0000e-12  -66.44132  -73.03234 336.862791      99.97 7.2809e+02   4216.182     101189  1043.1336  1043.1328    34.7023    34.7014    7.93511         19 0.0000e+00
   3336.000   3277.089     0.4428  30.570857     0.4431  30.570443     4.6166     4.6788    -0.0077    97.5573 1.0000e-12  -66.44132  -73.03235 336.862800      99.97 7.2740e+02   4216.903     101207  1043.1379  1043.1372    34.7022    34.7014    7.93506         16 0.0000e+00
   3337.000   3278.064     0.4430  30.571396     0.4433  30.570968     4.6069     4.6792    -0.0103    97.5548 1.0000e-12  -66.44132  -73.03236 336.862807      99.98 7.2389e+02   4217.525     101222  1043.1423  1043.1415    34.7022    34.7013    7.93502         14 0.0000e+00
   3338.000   3279.038     0.4431  30.571853     0.4435  30.571523     4.6138     4.6766    -0.0150    97.5731 1.0000e-12  -66.44132  -73.03238 336.862814      99.98 7.1993e+02   4218.098     101235  1043.1468  1043.1460    34.7022    34.7014    7.93500         14 0.0000e+00
   3339.000   3280.014     0.4432  30.572342     0.4436  30.571918     4.6216     4.6814    -0.0122    97.5711 1.0000e-12  -66.44132  -73.03238 336.862820      99.97 7.1750e+02   4218.665     101249  1043.1512  1043.1504    34.7023    34.7014    7.93497         13 0.0000e+00
   3340.000   3280.989     0.4431  30.572654     0.4434  30.572286     4.6098     4.6844    -0.0076    97.5699 1.0000e-12  -66.44132  -73.03238 336.862827      86.16 7.1785e+02   4219.262     101263  1043.1557  1043.1550    34.7024    34.7015    7.93500         15 0.0000e+00
   3341.000   3281.964     0.4429  30.572925     0.4435  30.572599     4.6038     4.6837    -0.0126    97.5482 1.0000e-12  -66.44132  -73.03239 336.862835       9.81 7.2235e+02   4219.950     101280  1043.1602  1043.1593    34.7024    34.7014    7.93502         19 0.0000e+00
   3342.000   3282.936     0.4428  30.573088     0.4432  30.572706     4.6140     4.6779    -0.0131    97.5573 1.0000e-12  -66.44133  -73.03239 336.862864      59.24 7.3377e+02   4222.488     101341  1043.1645  1043.1637    34.7023    34.7014    7.93505         27 0.0000e+00
   3343.000   3283.913     0.4432  30.573704     0.4436  30.573505     4.6231     4.6785    -0.0151    97.5683 1.0000e-12  -66.44134  -73.03238 336.862904     101.38 7.4054e+02   4225.882     101422  1043.1688  1043.1681    34.7022    34.7014    7.93498         18 0.0000e+00
   3344.000   3284.886     0.4426  30.573640     0.4430  30.573229     4.6202     4.6853    -0.0106    97.5699 1.0000e-12  -66.44134  -73.03238 336.862910      99.97 7.4323e+02   4226.458     101436  1043.1734  1043.1725    34.7023    34.7013    7.93510         15 0.0000e+00
   3345.000   3285.862     0.4426  30.574020     0.4430  30.573609     4.6270     4.6731    -0.0078    97.5683 1.0000e-12  -66.44134  -73.03238 336.862918      99.98 7.4727e+02   4227.072     101451  1043.1778  1043.1770    34.7023    34.7014    7.93510         15 0.0000e+00
   3346.000   3286.838     0.4424  30.574262     0.4429  30.573871     4.6245     4.6695    -0.0140    97.5665 1.0000e-12  -66.44134  -73.03237 336.862925      99.97 7.5083e+02   4227.701     101466  1043.1823  1043.1814    34.7023    34.7013    7.93513         15 0.0000e+00
   3347.000   3287.813     0.4423  30.574402     0.4427  30.574056     4.6225     4.6756    -0.0150    97.5660 1.0000e-12  -66.44134  -73.03236 336.862932      99.97 7.5392e+02   4228.360     101482  1043.1867  1043.1859    34.7022    34.7013    7.93517         17 0.0000e+00
   3348.000   3288.786     0.4421  30.574618     0.4425  30.574230     4.6108     4.6799    -0.0150    97.5594 1.0000e-12  -66.44134  -73.03238 336.862941      96.83 7.5611e+02   4229.135     101500  1043.1912  1043.1903    34.7023    34.7013    7.93521         21 0.0000e+00
   3349.000   3289.762     0.4420  30.574827     0.4424  30.574444     4.6163     4.6812    -0.0026    97.5742 1.0000e-12  -66.44134  -73.03238 336.862953      99.79 7.5628e+02   4230.150     101525  1043.1955  1043.1947    34.7021    34.7012    7.93523         29 0.0000e+00
   3350.000   3290.736     0.4420  30.575189     0.4425  30.574861     4.6266     4.6819    -0.0106    97.5635 1.0000e-12  -66.44134  -73.03238 336.862971      99.98 7.5724e+02   4231.718     101562  1043.1999  1043.1991    34.7022    34.7012    7.93523         42 0.0000e+00
   3351.000   3291.711     0.4423  30.575781     0.4426  30.575266     4.6224     4.6847    -0.0095    97.5740 1.0000e-12  -66.44134  -73.03240 336.862992      99.98 7.6509e+02   4233.528     101606  1043.2042  1043.2034    34.7021    34.7011    7.93517         35 0.0000e+00
   3352.000   3292.685     0.4423  30.576222     0.4427  30.575882     4.6141     4.6854    -0.0151    97.5751 1.0000e-12  -66.44134  -73.03240 336.863006      99.97 7.7024e+02   4234.760     101635  1043.2087  1043.2080    34.7022    34.7014    7.93517         26 0.0000e+00
   3353.000   3293.661     0.4424  30.576779     0.4429  30.576413     4.6287     4.6830    -0.0076    97.5751 1.0000e-12  -66.44134  -73.03239 336.863018      99.97 7.7390e+02   4235.768     101659  1043.2132  1043.2124    34.7023    34.7013    7.93513         23 0.0000e+00
   3354.000   3294.634     0.4426  30.577199     0.4430  30.576842     4.6129     4.6787    -0.0077    97.5751 1.0000e-12  -66.44134  -73.03238 336.863029      99.98 7.7877e+02   4236.698     101682  1043.2175  1043.2167    34.7022    34.7013    7.93510         22 0.0000e+00
   3355.000   3295.611     0.4426  30.577543     0.4430  30.577282     4.6125     4.6829    -0.0144    97.5689 1.0000e-12  -66.44134  -73.03237 336.863039      99.97 7.8570e+02   4237.606     101704  1043.2219  1043.2213    34.7022    34.7014    7.93511         22 0.0000e+00
   3356.000   3296.584     0.4425  30.577822     0.4429  30.577464     4.6209     4.6822    -0.0153    97.5598 1.0000e-12  -66.44135  -73.03237 336.863050      99.98 7.9388e+02   4238.561     101726  1043.2263  1043.2256    34.7021    34.7013    7.93512         25 0.0000e+00
   3357.000   3297.559     0.4422  30.577874     0.4426  30.577485     4.6192     4.6811    -0.0103    97.5730 1.0000e-12  -66.44136  -73.03237 336.863064      99.98 8.0343e+02   4239.765     101755  1043.2308  1043.2300    34.7021    34.7012    7.93520         33 0.0000e+00
   3358.000   3298.534     0.4418  30.577900     0.4422  30.577541     4.6258     4.6849    -0.0076    97.5720 1.0000e-12  -66.44136  -73.03238 336.863088      99.98 8.1443e+02   4241.825     101805  1043.2353  1043.2345    34.7021    34.7012    7.93528         35 0.0000e+00
   3359.000   3299.509     0.4415  30.577973     0.4419  30.577595     4.6344     4.6846    -0.0077    97.5752 1.0000e-12  -66.44136  -73.03238 336.863109      99.98 8.2247e+02   4243.605     101848  1043.2396  1043.2389    34.7020    34.7012    7.93533         31 0.0000e+00
   3360.000   3300.482     0.4413  30.578392     0.4417  30.577883     4.6157     4.6759    -0.0092    97.5751 1.0000e-12  -66.44136  -73.03238 336.863122      99.97 8.2970e+02   4244.734     101875  1043.2443  1043.2434    34.7023    34.7012    7.93535         25 0.0000e+00
   3361.000   3301.460     0.4412  30.578533     0.4416  30.578168     4.6270     4.6796    -0.0150    97.5751 1.0000e-12  -66.44136  -73.03238 336.863133      99.98 8.3795e+02   4245.690     101898  1043.2486  1043.2479    34.7021    34.7013    7.93539         22 0.0000e+00
   3362.000   3302.432     0.4412  30.578985     0.4416  30.578595     4.6274     4.6786    -0.0150    97.5751 1.0000e-12  -66.44136  -73.03238 336.863143      99.97 8.4870e+02   4246.559     101918  1043.2531  1043.2524    34.7022    34.7013    7.93538         20 0.0000e+00
   3363.000   3303.408     0.4413  30.579319     0.4417  30.579060     4.6225     4.6771    -0.0150    97.5751 1.0000e-12  -66.44136  -73.03238 336.863153      99.98 8.6350e+02   4247.378     101938  1043.2574  1043.2568    34.7021    34.7013    7.93537         19 0.0000e+00
   3364.000   3304.382     0.4412  30.579767     0.4417  30.579342     4.6139     4.6777    -0.0099    97.5751 1.0000e-12  -66.44136  -73.03236 336.863162      99.97 8.7833e+02   4248.191     101958  1043.2620  1043.2612    34.7023    34.7013    7.93538         20 0.0000e+00
   3365.000   3305.357     0.4412  30.580032     0.4417  30.579737     4.6165     4.6863    -0.0018    97.5751 1.0000e-12  -66.44136  -73.03236 336.863172      99.97 8.9122e+02   4249.039     101978  1043.2663  1043.2656    34.7022    34.7013    7.93538         21 0.0000e+00
   3366.000   3306.331     0.4411  30.580297     0.4416  30.579974     4.6170     4.6800    -0.0150    97.5751 1.0000e-12  -66.44136  -73.03236 336.863183      99.98 8.9619e+02   4249.977     102000  1043.2708  1043.2699    34.7022    34.7012    7.93542         24 0.0000e+00
   3367.000   3307.308     0.4411  30.580619     0.4415  30.580175     4.6054     4.6827    -0.0071    97.5751 1.0000e-12  -66.44136  -73.03236 336.863195      99.98 8.9145e+02   4251.085     102027  1043.2752  1043.2743    34.7022    34.7011    7.93542         28 0.0000e+00
   3368.000   3308.281     0.4409  30.580890     0.4414  30.580470     4.6214     4.6793    -0.0031    97.5751 1.0000e-12  -66.44136  -73.03237 336.863212      99.98 8.8666e+02   4252.541     102062  1043.2797  1043.2788    34.7022    34.7012    7.93544         37 0.0000e+00
