NBP2113_155081_ctd/data/dnbp2113_057.cnv
* Sea-Bird SBE 9 Data File:
* FileName = D:\Data\raw\NBP2113_057.hex
* Software Version Seasave V 7.26.7.121
* Temperature SN = 2438
* Conductivity SN = 2067
* Number of Bytes Per Scan = 40
* Number of Voltage Words = 5
* Number of Scans Averaged by the Deck Unit = 1
* NMEA Latitude = 64 55.49 S
* NMEA Longitude = 064 36.97 W
* NMEA UTC (Time) = Dec 12 2021  00:03:38
* NMEA baud rate = 9600
** Ship: RVIB N.B. Palmer
** Cruise: NBP2113 LTER
** Station: 594.048
** Operator: S. Blackman
# nquan = 25
# nvalues = 1062                        
# units = specified
# name 0 = prDM: Pressure, Digiquartz [db]
# name 1 = depSM: Depth [salt water, m]
# name 2 = t090C: Temperature [ITS-90, deg C]
# name 3 = c0mS/cm: Conductivity [mS/cm]
# name 4 = t190C: Temperature, 2 [ITS-90, deg C]
# name 5 = c1mS/cm: Conductivity, 2 [mS/cm]
# name 6 = sbeox0ML/L: Oxygen, SBE 43 [ml/l]
# name 7 = sbeox1ML/L: Oxygen, SBE 43, 2 [ml/l]
# name 8 = flECO-AFL: Fluorescence, WET Labs ECO-AFL/FL [mg/m^3]
# name 9 = CStarTr0: Beam Transmission, WET Labs C-Star [%]
# name 10 = par: PAR/Irradiance, Biospherical/Licor
# name 11 = latitude: Latitude [deg]
# name 12 = longitude: Longitude [deg]
# name 13 = timeJ: Julian Days
# name 14 = altM: Altimeter [m]
# name 15 = spar: SPAR, Biospherical/Licor
# name 16 = timeS: Time, Elapsed [seconds]
# name 17 = scan: Scan Count
# name 18 = density00: Density [density, kg/m^3]
# name 19 = density11: Density, 2 [density, kg/m^3]
# name 20 = sal00: Salinity, Practical [PSU]
# name 21 = sal11: Salinity, Practical, 2 [PSU]
# name 22 = oxsolML/L: Oxygen Saturation, Garcia & Gordon [ml/l]
# name 23 = nbin: number of scans per bin
# name 24 = flag: flag
# span 0 =      5.000,   1066.000       
# span 1 =      4.951,   1052.856       
# span 2 =    -0.7269,     1.4774       
# span 3 =  27.403068,  30.540986       
# span 4 =    -0.7244,     1.4771       
# span 5 =  27.403682,  30.539651       
# span 6 =     4.0482,     8.1302       
# span 7 =     4.1003,     8.1365       
# span 8 =    -0.0224,     1.8303       
# span 9 =    81.6141,    90.8032       
# span 10 = 1.0000e-12, 2.2659e+01      
# span 11 =  -64.92486,  -64.92480      
# span 12 =  -64.61628,  -64.61592      
# span 13 = 346.005971, 346.022881      
# span 14 =       8.33,      99.99      
# span 15 = 4.7588e+01, 7.7567e+01      
# span 16 =    297.893,   1758.899      
# span 17 =       7150,      42215      
# span 18 =  1027.0289,  1032.7314      
# span 19 =  1027.0279,  1032.7303      
# span 20 =    33.5922,    34.6771      
# span 21 =    33.5900,    34.6757      
# span 22 =    7.72887,    8.24382      
# span 23 =         12,         49      
# span 24 = 0.0000e+00, 0.0000e+00      
# interval = decibars: 1                
# start_time = Dec 12 2021 00:03:38 [NMEA time, header]
# bad_flag = -9.990e-29
*END*
[from data line 58]
     63.000     62.373    -0.2410  28.189190    -0.2412  28.187095     6.9143     6.9083     0.2487    89.6982 1.4038e-01  -64.92484  -64.61617 346.007807      99.97 6.5226e+01    456.537      10958  1027.6959  1027.6939    34.1054    34.1029    8.11152         34 0.0000e+00
     64.000     63.364    -0.2127  28.219888    -0.2132  28.217254     6.9899     6.9601     0.2326    89.7074 1.3299e-01  -64.92484  -64.61616 346.007825      99.97 6.5227e+01    458.118      10996  1027.7058  1027.7034    34.1141    34.1112    8.10501         37 0.0000e+00
     65.000     64.351    -0.1828  28.257267    -0.1870  28.249865     6.9835     6.9526     0.2108    89.7202 1.2824e-01  -64.92484  -64.61617 346.007861      99.97 6.5227e+01    461.172      11069  1027.7214  1027.7177    34.1298    34.1247    8.09776         37 0.0000e+00
     66.000     65.342    -0.1674  28.281890    -0.1668  28.281054     6.8608     6.9220     0.1936    89.7938 1.1781e-01  -64.92484  -64.61618 346.007917      99.97 6.5227e+01    466.024      11186  1027.7382  1027.7364    34.1448    34.1430    8.09365         29 0.0000e+00
     67.000     66.333    -0.1576  28.295461    -0.1576  28.293967     6.8343     6.9107     0.1499    89.7897 1.0839e-01  -64.92484  -64.61616 346.007929      99.97 6.5227e+01    467.085      11211  1027.7476  1027.7457    34.1513    34.1493    8.09121         23 0.0000e+00
     68.000     67.323    -0.1343  28.324838    -0.1356  28.322410     6.8380     6.9056     0.1443    89.7948 9.9792e-02  -64.92484  -64.61616 346.007941      99.97 6.5227e+01    468.093      11235  1027.7607  1027.7591    34.1637    34.1619    8.08556         28 0.0000e+00
     69.000     68.310    -0.1364  28.323599    -0.1307  28.328859     6.7894     6.8714     0.1567    89.7964 1.0022e-01  -64.92484  -64.61617 346.007988      99.97 6.5227e+01    472.174      11333  1027.7662  1027.7662    34.1637    34.1643    8.08600         34 0.0000e+00
     70.000     69.303    -0.1210  28.345548    -0.1194  28.346439     6.7179     6.8225     0.1275    89.7819 9.5096e-02  -64.92484  -64.61618 346.008019      99.97 6.5296e+01    474.819      11397  1027.7793  1027.7786    34.1751    34.1745    8.08210         28 0.0000e+00
     71.000     70.292    -0.1160  28.357311    -0.1159  28.355786     6.7355     6.8275     0.1255    89.7860 8.4959e-02  -64.92484  -64.61618 346.008033      99.97 6.5952e+01    476.081      11427  1027.7916  1027.7897    34.1846    34.1824    8.08051         35 0.0000e+00
     72.000     71.282    -0.1187  28.355601    -0.1189  28.352833     6.6442     6.7471     0.1533    89.8017 7.6261e-02  -64.92484  -64.61618 346.008097      99.97 6.7057e+01    481.618      11560  1027.7971  1027.7944    34.1847    34.1813    8.08107         38 0.0000e+00
     73.000     72.271    -0.1208  28.357361    -0.1210  28.355350     6.6112     6.7099     0.1307    89.7837 7.1541e-02  -64.92484  -64.61618 346.008108      99.97 6.6989e+01    482.571      11583  1027.8053  1027.8034    34.1887    34.1863    8.08128         23 0.0000e+00
     74.000     73.262    -0.1171  28.366470    -0.1178  28.364251     6.6126     6.7118     0.1099    89.8251 6.7068e-02  -64.92484  -64.61618 346.008120      99.97 6.6989e+01    483.577      11607  1027.8159  1027.8141    34.1962    34.1940    8.08009         27 0.0000e+00
     75.000     74.251    -0.1138  28.371849    -0.1143  28.369939     6.6388     6.7032     0.1237    89.8480 6.2031e-02  -64.92484  -64.61619 346.008156      99.97 6.6989e+01    486.652      11681  1027.8228  1027.8212    34.1989    34.1970    8.07922         36 0.0000e+00
     76.000     75.241    -0.1084  28.384503    -0.1083  28.383190     6.5634     6.6412     0.1646    89.8855 5.3676e-02  -64.92483  -64.61620 346.008213      99.97 6.6989e+01    491.635      11800  1027.8355  1027.8340    34.2091    34.2073    8.07750         44 0.0000e+00
     77.000     76.231    -0.0719  28.432462    -0.0715  28.430222     6.4863     6.5855     0.1351    89.8972 4.9017e-02  -64.92482  -64.61619 346.008235      99.97 6.6989e+01    493.494      11845  1027.8554  1027.8526    34.2313    34.2279    8.06853         35 0.0000e+00
     78.000     77.221    -0.0365  28.472373    -0.0364  28.470642     6.4783     6.5752     0.1233    89.8782 4.5746e-02  -64.92482  -64.61620 346.008254      99.97 6.6989e+01    495.164      11885  1027.8679  1027.8660    34.2441    34.2417    8.06035         37 0.0000e+00
     79.000     78.207    -0.0343  28.476562    -0.0328  28.475974     6.4995     6.5727     0.1206    89.9025 4.3004e-02  -64.92482  -64.61621 346.008286      99.97 6.6989e+01    497.910      11951  1027.8751  1027.8729    34.2466    34.2441    8.05975         28 0.0000e+00
     80.000     79.201    -0.0424  28.470448    -0.0415  28.469729     6.5029     6.5644     0.1030    89.8799 3.7712e-02  -64.92482  -64.61622 346.008332      99.97 6.6989e+01    501.891      12046  1027.8813  1027.8797    34.2469    34.2450    8.06144         43 0.0000e+00
     81.000     80.194    -0.0318  28.481549    -0.0321  28.479414     6.4702     6.5394     0.1040    89.8767 3.3563e-02  -64.92482  -64.61622 346.008363      99.97 6.6989e+01    504.569      12111  1027.8872  1027.8853    34.2492    34.2467    8.05908         32 0.0000e+00
     82.000     81.180    -0.0071  28.506495    -0.0065  28.504716     6.3876     6.4869     0.1186    89.8570 3.0900e-02  -64.92482  -64.61622 346.008388      99.97 6.6989e+01    506.754      12163  1027.8941  1027.8916    34.2540    34.2510    8.05360         38 0.0000e+00
     83.000     82.171     0.0259  28.539492     0.0215  28.532738     6.3859     6.4706     0.1091    89.8525 2.7037e-02  -64.92482  -64.61622 346.008415      99.97 6.7114e+01    509.045      12218  1027.9014  1027.8988    34.2602    34.2562    8.04633         30 0.0000e+00
     84.000     83.160     0.0549  28.567475     0.0538  28.563744     6.3851     6.4527     0.0918    89.8343 2.4319e-02  -64.92482  -64.61622 346.008457      99.97 6.8582e+01    512.693      12306  1027.9078  1027.9049    34.2641    34.2605    8.04001         38 0.0000e+00
     85.000     84.149     0.0799  28.590859     0.0786  28.588051     6.3934     6.4486     0.0975    89.8546 2.0710e-02  -64.92482  -64.61624 346.008478      99.97 6.8758e+01    514.531      12350  1027.9130  1027.9111    34.2665    34.2642    8.03464         36 0.0000e+00
     86.000     85.140     0.0917  28.601968     0.0873  28.595662     6.3670     6.4143     0.1006    89.8182 1.7609e-02  -64.92482  -64.61624 346.008532      99.97 6.8752e+01    519.143      12460  1027.9184  1027.9158    34.2674    34.2639    8.03212         38 0.0000e+00
     87.000     86.129     0.1185  28.628762     0.1186  28.627141     6.2559     6.3620     0.0946    89.7971 1.4334e-02  -64.92482  -64.61624 346.008548      99.97 6.8752e+01    520.563      12495  1027.9251  1027.9231    34.2722    34.2700    8.02624         26 0.0000e+00
     88.000     87.119     0.1392  28.656072     0.1385  28.653911     6.2447     6.3583     0.0948    89.8080 1.0717e-02  -64.92482  -64.61624 346.008561      99.97 6.8752e+01    521.642      12520  1027.9383  1027.9366    34.2846    34.2825    8.02122         31 0.0000e+00
     89.000     88.112     0.1426  28.663540     0.1432  28.663825     6.2208     6.3506     0.0941    89.8049 9.7518e-03  -64.92482  -64.61625 346.008607      99.96 6.8752e+01    525.642      12616  1027.9479  1027.9474    34.2900    34.2897    8.02020         33 0.0000e+00
     90.000     89.098     0.1612  28.688038     0.1475  28.668450     6.2059     6.2967     0.0974    89.8111 5.9782e-03  -64.92482  -64.61628 346.008649      99.97 6.9412e+01    529.291      12704  1027.9606  1027.9533    34.3010    34.2905    8.01571         34 0.0000e+00
     91.000     90.088     0.1583  28.686727     0.1579  28.684940     6.1835     6.2551     0.0935    89.7840 3.1524e-03  -64.92482  -64.61624 346.008676      99.97 7.0511e+01    531.565      12759  1027.9666  1027.9650    34.3019    34.2999    8.01626         33 0.0000e+00
     92.000     91.080     0.1595  28.690267     0.1588  28.688404     6.1761     6.2544     0.0800    89.8095 1.0133e-03  -64.92482  -64.61624 346.008690      99.97 7.0515e+01    532.852      12789  1027.9736  1027.9722    34.3046    34.3029    8.01586         27 0.0000e+00
     93.000     92.072     0.1614  28.693603     0.1630  28.694422     6.1679     6.2447     0.0834    89.8285 1.9892e-05  -64.92482  -64.61625 346.008719      99.97 7.0515e+01    535.296      12848  1027.9798  1027.9790    34.3062    34.3055    8.01536         29 0.0000e+00
     94.000     93.058     0.1661  28.700188     0.1654  28.698104     6.1371     6.2111     0.0742    89.8580 1.0000e-12  -64.92482  -64.61628 346.008767      99.97 7.0515e+01    539.502      12949  1027.9867  1027.9852    34.3091    34.3072    8.01423         31 0.0000e+00
     95.000     94.049     0.1650  28.703118     0.1649  28.701701     6.1253     6.2079     0.0658    89.8503 1.0000e-12  -64.92482  -64.61628 346.008784      99.97 7.0895e+01    540.919      12983  1027.9952  1027.9938    34.3135    34.3118    8.01420         38 0.0000e+00
     96.000     95.035     0.1584  28.699180     0.1594  28.698108     6.1140     6.1813     0.0780    89.8663 1.0000e-12  -64.92482  -64.61628 346.008834      99.97 7.2167e+01    545.219      13086  1028.0019  1027.9998    34.3152    34.3127    8.01549         25 0.0000e+00
     97.000     96.028     0.1543  28.698532     0.1540  28.696843     6.0823     6.1463     0.0851    89.8666 1.0000e-12  -64.92482  -64.61626 346.008865      99.97 7.2278e+01    547.955      13152  1028.0095  1028.0080    34.3183    34.3163    8.01617         36 0.0000e+00
     98.000     97.016     0.1552  28.700736     0.1548  28.699054     6.0560     6.1351     0.0678    89.8770 1.0000e-12  -64.92482  -64.61626 346.008879      99.97 7.2278e+01    549.164      13181  1028.0152  1028.0139    34.3196    34.3179    8.01591         26 0.0000e+00
     99.000     98.006     0.1577  28.705119     0.1575  28.703937     6.0725     6.1424     0.0713    89.9032 1.0000e-12  -64.92482  -64.61628 346.008891      99.97 7.2278e+01    550.175      13205  1028.0217  1028.0206    34.3219    34.3206    8.01525         26 0.0000e+00
    100.000     98.996     0.1570  28.705159     0.1568  28.704137     6.0167     6.1049     0.0602    89.9001 1.0000e-12  -64.92482  -64.61627 346.008939      99.97 7.3104e+01    554.354      13306  1028.0267  1028.0258    34.3222    34.3211    8.01539         26 0.0000e+00
    101.000     99.986     0.1823  28.728918     0.1785  28.723299     5.9158     6.0442     0.0544    89.9221 1.0000e-12  -64.92482  -64.61624 346.008972      99.97 7.4031e+01    557.177      13373  1028.0313  1028.0291    34.3247    34.3214    8.00999         15 0.0000e+00
    102.000    100.975     0.2300  28.781004     0.2288  28.778597     5.9021     6.0344     0.0463    89.9052 1.0000e-12  -64.92482  -64.61625 346.008980      99.97 7.4041e+01    557.871      13390  1028.0439  1028.0425    34.3394    34.3375    7.99923         18 0.0000e+00
    103.000    101.965     0.2438  28.796993     0.2430  28.794719     5.9528     6.0601     0.0490    89.9018 1.0000e-12  -64.92482  -64.61626 346.008994      99.97 7.4041e+01    559.064      13419  1028.0518  1028.0503    34.3444    34.3423    7.99608         24 0.0000e+00
    104.000    102.956     0.1850  28.733962     0.1802  28.726687     5.8895     6.0083     0.0484    89.9017 1.0000e-12  -64.92482  -64.61626 346.009078      99.97 7.4041e+01    566.342      13593  1028.0473  1028.0444    34.3265    34.3222    8.00932         23 0.0000e+00
    105.000    103.945     0.2133  28.767133     0.2149  28.767892     5.7972     5.9469     0.0566    89.9219 1.0000e-12  -64.92482  -64.61626 346.009089      99.97 7.4041e+01    567.265      13615  1028.0591  1028.0581    34.3380    34.3372    8.00277         24 0.0000e+00
    106.000    104.934     0.2222  28.785134     0.2205  28.782440     5.7869     5.9242     0.0647    89.9057 1.0000e-12  -64.92482  -64.61626 346.009101      99.97 7.4041e+01    568.356      13642  1028.0738  1028.0726    34.3511    34.3495    8.00019         30 0.0000e+00
    107.000    105.923     0.2412  28.806119     0.2405  28.803856     5.8520     5.9552     0.0675    89.9051 1.0000e-12  -64.92482  -64.61626 346.009124      99.97 7.4184e+01    570.284      13688  1028.0818  1028.0801    34.3570    34.3547    7.99592         38 0.0000e+00
    108.000    106.914     0.2192  28.777008     0.2232  28.782886     5.7065     5.8792     0.0520    89.9184 1.0000e-12  -64.92482  -64.61626 346.009195      99.97 7.5855e+01    576.440      13836  1028.0772  1028.0792    34.3426    34.3458    8.00129         19 0.0000e+00
    109.000    107.904     0.2399  28.806580     0.2390  28.804063     5.6955     5.8697     0.0477    89.9441 1.0000e-12  -64.92482  -64.61626 346.009201      99.97 7.5804e+01    577.007      13849  1028.0922  1028.0906    34.3578    34.3554    7.99614         18 0.0000e+00
    110.000    108.895     0.2423  28.817503     0.2420  28.815877     5.7258     5.8816     0.0546    89.9635 1.0000e-12  -64.92482  -64.61626 346.009212      99.97 7.5804e+01    577.921      13871  1028.1059  1028.1045    34.3688    34.3670    7.99501         26 0.0000e+00
    111.000    109.884     0.2389  28.813439     0.2381  28.808515     5.7089     5.8147     0.0440    89.9933 1.0000e-12  -64.92482  -64.61628 346.009255      99.97 7.5804e+01    581.660      13961  1028.1096  1028.1052    34.3668    34.3612    7.99585         28 0.0000e+00
    112.000    110.872     0.2399  28.819854     0.2394  28.818165     5.6861     5.7852     0.0385    90.0035 1.0000e-12  -64.92482  -64.61628 346.009271      99.97 7.5804e+01    582.986      13993  1028.1199  1028.1184    34.3735    34.3718    7.99527         22 0.0000e+00
    113.000    111.862     0.2416  28.823020     0.2410  28.821342     5.6674     5.7694     0.0356    90.0450 1.0000e-12  -64.92482  -64.61628 346.009281      99.97 7.5804e+01    583.881      14014  1028.1258  1028.1246    34.3751    34.3736    7.99481         22 0.0000e+00
    114.000    112.852     0.2413  28.824437     0.2409  28.822821     5.6573     5.7542     0.0490    90.0696 1.0000e-12  -64.92482  -64.61628 346.009294      99.97 7.5804e+01    584.980      14041  1028.1320  1028.1306    34.3767    34.3750    7.99479         33 0.0000e+00
    115.000    113.841     0.2316  28.818729     0.2309  28.817118     5.6515     5.7328     0.0552    90.0907 1.0000e-12  -64.92482  -64.61628 346.009314      99.97 7.5804e+01    586.730      14083  1028.1398  1028.1387    34.3795    34.3781    7.99666         36 0.0000e+00
    116.000    114.831     0.2263  28.815449     0.2255  28.813762     5.6300     5.7072     0.0428    90.1231 1.0000e-12  -64.92482  -64.61628 346.009331      99.97 7.5804e+01    588.225      14118  1028.1459  1028.1448    34.3805    34.3791    7.99770         29 0.0000e+00
    117.000    115.821     0.2188  28.811121     0.2185  28.809767     5.6027     5.6840     0.0374    90.1335 1.0000e-12  -64.92482  -64.61628 346.009344      99.97 7.5804e+01    589.283      14144  1028.1528  1028.1517    34.3826    34.3811    7.99914         24 0.0000e+00
    118.000    116.811     0.2150  28.809522     0.2140  28.807440     5.5961     5.6754     0.0483    90.1217 1.0000e-12  -64.92482  -64.61628 346.009355      99.97 7.5804e+01    590.303      14168  1028.1591  1028.1579    34.3841    34.3824    7.99984         26 0.0000e+00
    119.000    117.801     0.2227  28.818955     0.2220  28.817038     5.5650     5.6528     0.0499    90.1725 1.0000e-12  -64.92482  -64.61628 346.009370      99.97 7.5804e+01    591.580      14199  1028.1657  1028.1644    34.3872    34.3856    7.99806         36 0.0000e+00
