NBP2113_155081_ctd/data/dnbp2113_040.cnv
* Sea-Bird SBE 9 Data File:
* FileName = D:\Data\raw\NBP2113_040.hex
* Software Version Seasave V 7.26.7.121
* Temperature SN = 2438
* Conductivity SN = 2067
* Number of Bytes Per Scan = 40
* Number of Voltage Words = 5
* Number of Scans Averaged by the Deck Unit = 1
* NMEA Latitude = 64 51.74 S
* NMEA Longitude = 063 55.31 W
* NMEA UTC (Time) = Dec 10 2021  12:43:38
* NMEA baud rate = 9600
** Ship: RVIB N.B. Palmer
** Cruise: NBP2113 LTER
** Station: 621.028
** Operator: B. Urmston
# nquan = 25
# nvalues = 374                         
# units = specified
# name 0 = prDM: Pressure, Digiquartz [db]
# name 1 = depSM: Depth [salt water, m]
# name 2 = t090C: Temperature [ITS-90, deg C]
# name 3 = c0mS/cm: Conductivity [mS/cm]
# name 4 = t190C: Temperature, 2 [ITS-90, deg C]
# name 5 = c1mS/cm: Conductivity, 2 [mS/cm]
# name 6 = sbeox0ML/L: Oxygen, SBE 43 [ml/l]
# name 7 = sbeox1ML/L: Oxygen, SBE 43, 2 [ml/l]
# name 8 = flECO-AFL: Fluorescence, WET Labs ECO-AFL/FL [mg/m^3]
# name 9 = CStarTr0: Beam Transmission, WET Labs C-Star [%]
# name 10 = par: PAR/Irradiance, Biospherical/Licor
# name 11 = latitude: Latitude [deg]
# name 12 = longitude: Longitude [deg]
# name 13 = timeJ: Julian Days
# name 14 = altM: Altimeter [m]
# name 15 = spar: SPAR, Biospherical/Licor
# name 16 = timeS: Time, Elapsed [seconds]
# name 17 = scan: Scan Count
# name 18 = density00: Density [density, kg/m^3]
# name 19 = density11: Density, 2 [density, kg/m^3]
# name 20 = sal00: Salinity, Practical [PSU]
# name 21 = sal11: Salinity, Practical, 2 [PSU]
# name 22 = oxsolML/L: Oxygen Saturation, Garcia & Gordon [ml/l]
# name 23 = nbin: number of scans per bin
# name 24 = flag: flag
# span 0 =      5.000,    378.000       
# span 1 =      4.952,    373.956       
# span 2 =    -0.3370,     1.2701       
# span 3 =  27.887120,  30.018262       
# span 4 =    -0.3377,     1.2698       
# span 5 =  27.885225,  30.017028       
# span 6 =     4.3209,     8.0937       
# span 7 =     4.3952,     8.1120       
# span 8 =    -0.0184,     1.6729       
# span 9 =    88.0937,    94.7941       
# span 10 = -2.666e-06, 1.0416e+02      
# span 11 =  -64.86254,  -64.86210      
# span 12 =  -63.92198,  -63.92182      
# span 13 = 344.533863, 344.541795      
# span 14 =     -15.27,      99.98      
# span 15 = 3.2444e+02, 3.5786e+02      
# span 16 =    307.734,    993.110      
# span 17 =       7387,      23836      
# span 18 =  1027.1658,  1029.5114      
# span 19 =  1027.1638,  1029.5102      
# span 20 =    33.7839,    34.6318      
# span 21 =    33.7822,    34.6306      
# span 22 =    7.77215,    8.14011      
# span 23 =         11,         51      
# span 24 = 0.0000e+00, 0.0000e+00      
# interval = decibars: 1                
# start_time = Dec 10 2021 12:43:38 [NMEA time, header]
# bad_flag = -9.990e-29
*END*
[from data line 232]
    237.000    234.544     1.0325  29.707237     1.0324  29.706805     4.6301     4.7069    -0.0004    94.7303 1.0000e-12  -64.86212  -63.92194 344.539217      99.97 3.2613e+02    770.376      18490  1028.8178  1028.8174    34.5718    34.5714    7.82268         28 0.0000e+00
    238.000    235.534     1.0385  29.715272     1.0411  29.716497     4.6231     4.6990    -0.0004    94.7510 1.0000e-12  -64.86212  -63.92194 344.539230      99.97 3.2613e+02    771.465      18516  1028.8245  1028.8233    34.5749    34.5736    7.82130         25 0.0000e+00
    239.000    236.523     1.0396  29.716393     1.0371  29.712741     4.6105     4.6871    -0.0024    94.7354 1.0000e-12  -64.86212  -63.92194 344.539242      99.97 3.2613e+02    772.498      18541  1028.8289  1028.8277    34.5745    34.5726    7.82111         25 0.0000e+00
    240.000    237.511     1.0484  29.726346     1.0478  29.724780     4.5954     4.6809    -0.0041    94.7228 1.0000e-12  -64.86212  -63.92194 344.539254      99.97 3.2613e+02    773.564      18567  1028.8350  1028.8339    34.5770    34.5756    7.81921         26 0.0000e+00
    241.000    238.500     1.0564  29.734204     1.0589  29.736019     4.5941     4.6746     0.0029    94.7370 1.0000e-12  -64.86212  -63.92194 344.539267      99.97 3.2613e+02    774.670      18593  1028.8396  1028.8390    34.5777    34.5773    7.81758         27 0.0000e+00
    242.000    239.491     1.0631  29.742810     1.0628  29.741422     4.5944     4.6727    -0.0057    94.7181 1.0000e-12  -64.86212  -63.92194 344.539280      99.97 3.2613e+02    775.761      18619  1028.8463  1028.8452    34.5807    34.5793    7.81607         26 0.0000e+00
    243.000    240.478     1.0635  29.743438     1.0638  29.742658     4.5966     4.6695     0.0013    94.7356 1.0000e-12  -64.86212  -63.92194 344.539292      99.97 3.2632e+02    776.853      18645  1028.8510  1028.8499    34.5805    34.5792    7.81600         27 0.0000e+00
    244.000    241.468     1.0666  29.747304     1.0658  29.745639     4.6035     4.6701     0.0034    94.7162 1.0000e-12  -64.86212  -63.92194 344.539307      99.97 3.2774e+02    778.096      18675  1028.8563  1028.8553    34.5815    34.5802    7.81533         34 0.0000e+00
    245.000    242.458     1.0664  29.747333     1.0653  29.745288     4.6104     4.6796     0.0010    94.7433 1.0000e-12  -64.86212  -63.92196 344.539327      99.97 3.2790e+02    779.822      18717  1028.8610  1028.8600    34.5812    34.5798    7.81539         42 0.0000e+00
    246.000    243.446     1.0632  29.744463     1.0618  29.742140     4.6150     4.6754     0.0069    94.7619 1.0000e-12  -64.86212  -63.92195 344.539348      99.97 3.2790e+02    781.641      18760  1028.8655  1028.8646    34.5804    34.5790    7.81607         32 0.0000e+00
    247.000    244.433     1.0618  29.743557     1.0604  29.741016     4.6039     4.6756     0.0072    94.7675 1.0000e-12  -64.86212  -63.92194 344.539363      99.97 3.2790e+02    782.927      18791  1028.8703  1028.8691    34.5802    34.5785    7.81636         26 0.0000e+00
    248.000    245.426     1.0619  29.743590     1.0625  29.743103     4.6036     4.6706    -0.0024    94.7527 1.0000e-12  -64.86212  -63.92194 344.539373      99.97 3.2790e+02    783.811      18812  1028.8745  1028.8734    34.5795    34.5783    7.81637         18 0.0000e+00
    249.000    246.411     1.0656  29.748308     1.0652  29.746992     4.6024     4.6714    -0.0077    94.7568 1.0000e-12  -64.86212  -63.92193 344.539382      99.97 3.2790e+02    784.606      18832  1028.8800  1028.8791    34.5809    34.5797    7.81556         20 0.0000e+00
    250.000    247.404     1.0689  29.751868     1.0691  29.751148     4.6065     4.6713    -0.0077    94.7416 1.0000e-12  -64.86212  -63.92192 344.539391      99.97 3.2790e+02    785.398      18851  1028.8847  1028.8838    34.5812    34.5802    7.81488         19 0.0000e+00
    251.000    248.390     1.0623  29.746040     1.0621  29.744487     4.6091     4.6692    -0.0011    94.7240 1.0000e-12  -64.86212  -63.92194 344.539401      99.97 3.2926e+02    786.268      18871  1028.8895  1028.8882    34.5805    34.5788    7.81624         22 0.0000e+00
    252.000    249.381     1.0611  29.744960     1.0628  29.745723     4.6143     4.6682    -0.0004    94.7288 1.0000e-12  -64.86212  -63.92194 344.539413      99.97 3.2966e+02    787.300      18896  1028.8939  1028.8930    34.5799    34.5790    7.81652         28 0.0000e+00
    253.000    250.368     1.0612  29.745494     1.0620  29.745040     4.6070     4.6676     0.0050    94.7407 1.0000e-12  -64.86212  -63.92195 344.539430      99.97 3.3012e+02    788.724      18930  1028.8986  1028.8973    34.5799    34.5784    7.81650         35 0.0000e+00
    254.000    251.362     1.0673  29.752157     1.0680  29.752041     4.5963     4.6620     0.0011    94.7064 1.0000e-12  -64.86212  -63.92196 344.539457      99.97 3.3137e+02    791.111      18988  1028.9037  1028.9030    34.5811    34.5802    7.81521         33 0.0000e+00
    255.000    252.347     1.0718  29.757400     1.0715  29.756307     4.6167     4.6677     0.0119    94.7354 1.0000e-12  -64.86212  -63.92195 344.539480      99.97 3.3142e+02    793.047      19034  1028.9090  1028.9081    34.5823    34.5811    7.81426         34 0.0000e+00
    256.000    253.336     1.0702  29.756196     1.0713  29.757046     4.6304     4.6695    -0.0080    94.7665 1.0000e-12  -64.86212  -63.92194 344.539492      99.97 3.3193e+02    794.146      19060  1028.9137  1028.9135    34.5819    34.5818    7.81458         21 0.0000e+00
    257.000    254.324     1.0591  29.745746     1.0577  29.743242     4.6295     4.6733     0.0059    94.7437 1.0000e-12  -64.86212  -63.92194 344.539502      99.97 3.3319e+02    794.967      19080  1028.9179  1028.9168    34.5802    34.5785    7.81690         19 0.0000e+00
    258.000    255.313     1.0488  29.735001     1.0465  29.732067     4.6220     4.6784     0.0034    94.7385 1.0000e-12  -64.86212  -63.92194 344.539511      99.97 3.3318e+02    795.756      19099  1028.9214  1028.9207    34.5771    34.5759    7.81912         19 0.0000e+00
    259.000    256.304     1.0574  29.743348     1.0547  29.739353     4.6146     4.6714     0.0014    94.7425 1.0000e-12  -64.86212  -63.92194 344.539520      99.97 3.3318e+02    796.567      19119  1028.9257  1028.9243    34.5779    34.5756    7.81738         21 0.0000e+00
    260.000    257.292     1.0599  29.747000     1.0610  29.747111     4.6045     4.6676     0.0053    94.7260 1.0000e-12  -64.86212  -63.92194 344.539531      99.97 3.3318e+02    797.492      19141  1028.9313  1028.9302    34.5792    34.5781    7.81680         24 0.0000e+00
    261.000    258.282     1.0649  29.752699     1.0639  29.750561     4.6015     4.6663    -0.0056    94.7132 1.0000e-12  -64.86214  -63.92194 344.539544      99.97 3.3434e+02    798.625      19168  1028.9364  1028.9353    34.5803    34.5787    7.81573         31 0.0000e+00
    262.000    259.269     1.0659  29.754230     1.0665  29.754107     4.5962     4.6606    -0.0004    94.7334 1.0000e-12  -64.86214  -63.92194 344.539561      99.97 3.3495e+02    800.072      19203  1028.9413  1028.9406    34.5806    34.5798    7.81552         37 0.0000e+00
    263.000    260.258     1.0645  29.752949     1.0652  29.752746     4.5858     4.6550    -0.0004    94.7326 1.0000e-12  -64.86214  -63.92194 344.539578      99.97 3.3483e+02    801.550      19238  1028.9457  1028.9447    34.5800    34.5789    7.81584         31 0.0000e+00
    264.000    261.248     1.0749  29.764086     1.0733  29.762099     4.5724     4.6518     0.0034    94.7333 1.0000e-12  -64.86214  -63.92194 344.539594      99.97 3.3317e+02    802.921      19271  1028.9510  1028.9506    34.5822    34.5814    7.81364         33 0.0000e+00
    265.000    262.237     1.0779  29.768614     1.0751  29.764794     4.5908     4.6516    -0.0061    94.7431 1.0000e-12  -64.86214  -63.92194 344.539610      99.97 3.3458e+02    804.325      19305  1028.9571  1028.9559    34.5840    34.5822    7.81293         36 0.0000e+00
    266.000    263.225     1.0766  29.767684     1.0778  29.767893     4.5695     4.6360     0.0001    94.7426 1.0000e-12  -64.86214  -63.92196 344.539630      99.97 3.3508e+02    806.047      19346  1028.9617  1028.9607    34.5837    34.5827    7.81321         40 0.0000e+00
    267.000    264.214     1.0914  29.783667     1.0935  29.785276     4.5792     4.6429    -0.0033    94.7652 1.0000e-12  -64.86214  -63.92196 344.539655      99.97 3.3679e+02    808.150      19397  1028.9679  1028.9674    34.5873    34.5870    7.81006         43 0.0000e+00
    268.000    265.204     1.0844  29.778509     1.0825  29.775316     4.6084     4.6597    -0.0019    94.7378 1.0000e-12  -64.86214  -63.92195 344.539672      99.97 3.3652e+02    809.651      19433  1028.9738  1028.9725    34.5878    34.5858    7.81143         29 0.0000e+00
    269.000    266.191     1.0682  29.760070     1.0673  29.758014     4.6148     4.6600    -0.0077    94.7502 1.0000e-12  -64.86214  -63.92194 344.539683      99.97 3.3496e+02    810.638      19456  1028.9751  1028.9739    34.5815    34.5798    7.81501         20 0.0000e+00
    270.000    267.182     1.0690  29.761352     1.0686  29.760029     4.6134     4.6661     0.0065    94.7655 1.0000e-12  -64.86214  -63.92194 344.539692      99.97 3.3495e+02    811.436      19475  1028.9798  1028.9789    34.5817    34.5805    7.81484         18 0.0000e+00
    271.000    268.170     1.0644  29.756980     1.0648  29.756632     4.6141     4.6668    -0.0008    94.7655 1.0000e-12  -64.86214  -63.92192 344.539701      99.97 3.3554e+02    812.187      19493  1028.9841  1028.9833    34.5806    34.5796    7.81582         18 0.0000e+00
    272.000    269.160     1.0604  29.753260     1.0607  29.752813     4.6091     4.6627    -0.0077    94.7428 1.0000e-12  -64.86214  -63.92192 344.539710      99.97 3.3670e+02    812.911      19511  1028.9885  1028.9876    34.5796    34.5787    7.81668         17 0.0000e+00
    273.000    270.148     1.0601  29.752819     1.0594  29.751594     4.6014     4.6608    -0.0005    94.7426 1.0000e-12  -64.86214  -63.92192 344.539718      99.97 3.3671e+02    813.635      19528  1028.9926  1028.9919    34.5788    34.5780    7.81678         18 0.0000e+00
    274.000    271.137     1.0670  29.760517     1.0661  29.758485     4.6004     4.6593    -0.0004    94.7426 1.0000e-12  -64.86214  -63.92192 344.539727      99.97 3.3671e+02    814.429      19547  1028.9978  1028.9966    34.5805    34.5789    7.81531         21 0.0000e+00
    275.000    272.126     1.0685  29.763410     1.0684  29.762241     4.6048     4.6616     0.0077    94.7426 1.0000e-12  -64.86214  -63.92194 344.539739      99.97 3.3671e+02    815.482      19573  1029.0035  1029.0024    34.5819    34.5805    7.81492         31 0.0000e+00
    276.000    273.114     1.0665  29.761478     1.0661  29.759907     4.6076     4.6639     0.0036    94.7342 1.0000e-12  -64.86214  -63.92195 344.539766      99.98 3.3751e+02    817.772      19628  1029.0078  1029.0065    34.5811    34.5795    7.81537         35 0.0000e+00
    277.000    274.104     1.0666  29.762159     1.0657  29.759944     4.5966     4.6434    -0.0005    94.6964 1.0000e-12  -64.86214  -63.92195 344.539800      99.97 3.3670e+02    820.699      19698  1029.0125  1029.0112    34.5812    34.5795    7.81534         40 0.0000e+00
    278.000    275.092     1.0713  29.766459     1.0700  29.764553     4.5786     4.6389    -0.0045    94.7726 1.0000e-12  -64.86214  -63.92194 344.539816      99.97 3.3671e+02    822.124      19732  1029.0166  1029.0159    34.5810    34.5800    7.81442         26 0.0000e+00
    279.000    276.080     1.0772  29.774166     1.0776  29.772872     4.5587     4.6220    -0.0104    94.7941 1.0000e-12  -64.86214  -63.92192 344.539826      99.97 3.3671e+02    823.002      19753  1029.0230  1029.0212    34.5838    34.5817    7.81309         19 0.0000e+00
    280.000    277.072     1.0813  29.778877     1.0823  29.779258     4.5258     4.6068    -0.0150    94.7498 1.0000e-12  -64.86214  -63.92192 344.539835      99.97 3.3671e+02    823.770      19771  1029.0280  1029.0274    34.5848    34.5841    7.81222         18 0.0000e+00
    281.000    278.058     1.0842  29.782200     1.0826  29.779699     4.4944     4.5901    -0.0022    94.7638 1.0000e-12  -64.86214  -63.92192 344.539844      99.97 3.3671e+02    824.498      19789  1029.0328  1029.0318    34.5852    34.5837    7.81161         17 0.0000e+00
    282.000    279.048     1.1072  29.805094     1.1028  29.799378     4.4915     4.5747    -0.0030    94.7396 1.0000e-12  -64.86214  -63.92192 344.539852      99.97 3.3671e+02    825.207      19806  1029.0378  1029.0363    34.5885    34.5861    7.80684         17 0.0000e+00
    283.000    280.036     1.1228  29.823815     1.1219  29.821299     4.4953     4.5697    -0.0077    94.7038 1.0000e-12  -64.86214  -63.92192 344.539860      36.71 3.3671e+02    825.941      19824  1029.0461  1029.0444    34.5948    34.5925    7.80340         18 0.0000e+00
    284.000    281.026     1.1293  29.831966     1.1300  29.832107     4.4689     4.5734    -0.0077    94.7132 1.0000e-12  -64.86214  -63.92193 344.539870      45.97 3.3671e+02    826.747      19843  1029.0524  1029.0518    34.5974    34.5968    7.80196         21 0.0000e+00
    285.000    282.015     1.1299  29.832411     1.1329  29.834662     4.4065     4.5460     0.0033    94.7365 1.0000e-12  -64.86214  -63.92194 344.539881      95.34 3.3671e+02    827.760      19867  1029.0568  1029.0560    34.5968    34.5963    7.80188         29 0.0000e+00
    286.000    283.003     1.1794  29.884327     1.1466  29.849623     4.3350     4.4699     0.0052    94.7149 1.0000e-12  -64.86214  -63.92194 344.539899      99.96 3.3671e+02    829.254      19903  1029.0655  1029.0622    34.6080    34.5998    7.79143         38 0.0000e+00
    287.000    283.993     1.2271  29.937799     1.2372  29.946407     4.3209     4.4377    -0.0057    94.7169 1.0000e-12  -64.86215  -63.92195 344.539922      99.96 3.3671e+02    831.228      19950  1029.0781  1029.0769    34.6231    34.6229    7.78112         43 0.0000e+00
    288.000    284.981     1.2450  29.957093     1.2432  29.954417     4.3576     4.4376    -0.0059    94.7390 1.0000e-12  -64.86216  -63.92194 344.539947      99.66 3.3671e+02    833.404      20003  1029.0854  1029.0843    34.6275    34.6260    7.77734         40 0.0000e+00
    289.000    285.969     1.2420  29.954365     1.2422  29.953346     4.3658     4.4387     0.0029    94.6742 1.0000e-12  -64.86216  -63.92194 344.539965      98.94 3.3671e+02    835.002      20041  1029.0902  1029.0889    34.6267    34.6252    7.77798         32 0.0000e+00
    290.000    286.959     1.2439  29.956170     1.2440  29.955550     4.3750     4.4365    -0.0077    94.7023 1.0000e-12  -64.86216  -63.92194 344.539978      98.23 3.3671e+02    836.084      20067  1029.0948  1029.0939    34.6263    34.6254    7.77762         23 0.0000e+00
    291.000    287.948     1.2444  29.957389     1.2435  29.955786     4.3726     4.4365    -0.0077    94.6913 1.0000e-12  -64.86216  -63.92194 344.539988      97.14 3.3671e+02    837.007      20089  1029.0999  1029.0990    34.6268    34.6257    7.77750         22 0.0000e+00
    292.000    288.936     1.2424  29.955634     1.2419  29.954023     4.3620     4.4286    -0.0074    94.7250 1.0000e-12  -64.86216  -63.92194 344.539999      96.05 3.3671e+02    837.907      20111  1029.1044  1029.1033    34.6261    34.6247    7.77793         21 0.0000e+00
    293.000    289.926     1.2458  29.959137     1.2447  29.957025     4.3636     4.4270    -0.0014    94.7218 1.0000e-12  -64.86216  -63.92194 344.540009      95.04 3.3671e+02    838.793      20132  1029.1090  1029.1080    34.6262    34.6248    7.77724         21 0.0000e+00
