NBP2113_155081_ctd/data/dnbp2113_036.cnv
* Sea-Bird SBE 9 Data File:
* FileName = D:\Data\raw\NBP2113_036.hex
* Software Version Seasave V 7.26.7.121
* Temperature SN = 2438
* Conductivity SN = 2067
* Number of Bytes Per Scan = 40
* Number of Voltage Words = 5
* Number of Scans Averaged by the Deck Unit = 1
* NMEA Latitude = 64 56.01 S
* NMEA Longitude = 064 24.02 W
* NMEA UTC (Time) = Dec 09 2021  08:52:43
* NMEA baud rate = 9600
** Ship: RVIB N.B. Palmer
** Cruise: NBP2113 LTER
** Station: 600.040
** Operator: B. Urmston
# nquan = 25
# nvalues = 1316                        
# units = specified
# name 0 = prDM: Pressure, Digiquartz [db]
# name 1 = depSM: Depth [salt water, m]
# name 2 = t090C: Temperature [ITS-90, deg C]
# name 3 = c0mS/cm: Conductivity [mS/cm]
# name 4 = t190C: Temperature, 2 [ITS-90, deg C]
# name 5 = c1mS/cm: Conductivity, 2 [mS/cm]
# name 6 = sbeox0ML/L: Oxygen, SBE 43 [ml/l]
# name 7 = sbeox1ML/L: Oxygen, SBE 43, 2 [ml/l]
# name 8 = flECO-AFL: Fluorescence, WET Labs ECO-AFL/FL [mg/m^3]
# name 9 = CStarTr0: Beam Transmission, WET Labs C-Star [%]
# name 10 = par: PAR/Irradiance, Biospherical/Licor
# name 11 = latitude: Latitude [deg]
# name 12 = longitude: Longitude [deg]
# name 13 = timeJ: Julian Days
# name 14 = altM: Altimeter [m]
# name 15 = spar: SPAR, Biospherical/Licor
# name 16 = timeS: Time, Elapsed [seconds]
# name 17 = scan: Scan Count
# name 18 = density00: Density [density, kg/m^3]
# name 19 = density11: Density, 2 [density, kg/m^3]
# name 20 = sal00: Salinity, Practical [PSU]
# name 21 = sal11: Salinity, Practical, 2 [PSU]
# name 22 = oxsolML/L: Oxygen Saturation, Garcia & Gordon [ml/l]
# name 23 = nbin: number of scans per bin
# name 24 = flag: flag
# span 0 =      6.000,   1321.000       
# span 1 =      5.940,   1303.919       
# span 2 =    -0.9824,     1.4951       
# span 3 =  27.143103,  30.665104       
# span 4 =    -0.9815,     1.4950       
# span 5 =  27.141909,  30.664081       
# span 6 =     4.0394,     8.0475       
# span 7 =     4.0860,     8.0623       
# span 8 =    -0.0225,     1.6711       
# span 9 =    87.6167,    95.7305       
# span 10 = -8.325e-06, 3.0568e+01      
# span 11 =  -64.93358,  -64.93348      
# span 12 =  -64.40046,  -64.39938      
# span 13 = 343.373968, 343.398057      
# span 14 =       7.62,     101.38      
# span 15 = 1.0570e+02, 2.0626e+02      
# span 16 =    347.870,   2429.092      
# span 17 =       8350,      58299      
# span 18 =  1027.0161,  1033.9040      
# span 19 =  1027.0156,  1033.9031      
# span 20 =    33.5538,    34.6776      
# span 21 =    33.5516,    34.6766      
# span 22 =    7.72537,    8.30415      
# span 23 =         11,         47      
# span 24 = 0.0000e+00, 0.0000e+00      
# interval = decibars: 1                
# start_time = Dec 09 2021 08:52:43 [NMEA time, header]
# bad_flag = -9.990e-29
*END*
[from data line 928]
    934.000    922.771     1.4635  30.470765     1.4632  30.469602     4.0807     4.1213    -0.0056    95.5434 1.0000e-12  -64.93350  -64.39941 343.391252      99.98 1.9142e+02   1841.157      44189  1032.1212  1032.1203    34.6755    34.6743    7.73168         19 0.0000e+00
    935.000    923.758     1.4636  30.471390     1.4634  30.470302     4.0773     4.1194    -0.0019    95.5408 1.0000e-12  -64.93350  -64.39942 343.391280      99.97 1.9036e+02   1843.581      44247  1032.1258  1032.1250    34.6755    34.6745    7.73165         14 0.0000e+00
    936.000    924.743     1.4637  30.471982     1.4634  30.470940     4.0781     4.1142    -0.0097    95.5409 1.0000e-12  -64.93350  -64.39940 343.391286      99.97 1.9039e+02   1844.099      44259  1032.1306  1032.1297    34.6756    34.6746    7.73163         14 0.0000e+00
    937.000    925.731     1.4641  30.472844     1.4639  30.471674     4.0810     4.1134    -0.0116    95.5409 1.0000e-12  -64.93350  -64.39940 343.391292      99.98 1.8932e+02   1844.661      44273  1032.1351  1032.1343    34.6757    34.6745    7.73153         13 0.0000e+00
    938.000    926.716     1.4643  30.473492     1.4641  30.472421     4.0810     4.1146    -0.0044    95.5409 1.0000e-12  -64.93350  -64.39940 343.391299      99.97 1.8861e+02   1845.243      44287  1032.1398  1032.1389    34.6757    34.6747    7.73149         14 0.0000e+00
    939.000    927.701     1.4644  30.474001     1.4641  30.472866     4.0780     4.1174    -0.0022    95.5409 1.0000e-12  -64.93350  -64.39940 343.391306      99.97 1.8863e+02   1845.848      44301  1032.1445  1032.1436    34.6758    34.6747    7.73149         16 0.0000e+00
    940.000    928.687     1.4643  30.474429     1.4641  30.473370     4.0808     4.1221    -0.0114    95.5423 1.0000e-12  -64.93350  -64.39940 343.391314      99.97 1.8863e+02   1846.536      44318  1032.1492  1032.1483    34.6759    34.6748    7.73150         18 0.0000e+00
    941.000    929.671     1.4643  30.474805     1.4641  30.473697     4.0790     4.1237    -0.0054    95.5444 1.0000e-12  -64.93350  -64.39940 343.391328      99.97 1.8857e+02   1847.737      44347  1032.1538  1032.1529    34.6759    34.6746    7.73150         29 0.0000e+00
    942.000    930.661     1.4648  30.475649     1.4646  30.474551     4.0796     4.1118    -0.0141    95.5208 1.0000e-12  -64.93350  -64.39938 343.391416      99.97 1.8682e+02   1855.332      44529  1032.1583  1032.1575    34.6758    34.6746    7.73140         12 0.0000e+00
    943.000    931.642     1.4650  30.476251     1.4647  30.475114     4.0756     4.1137    -0.0144    95.5151 1.0000e-12  -64.93350  -64.39938 343.391419      99.97 1.8687e+02   1855.606      44536  1032.1629  1032.1620    34.6758    34.6747    7.73137         12 0.0000e+00
    944.000    932.632     1.4651  30.476802     1.4649  30.475718     4.0713     4.1128     0.0026    95.5175 1.0000e-12  -64.93350  -64.39938 343.391425      99.97 1.8687e+02   1856.091      44547  1032.1675  1032.1667    34.6758    34.6747    7.73134         11 0.0000e+00
    945.000    933.613     1.4650  30.477264     1.4649  30.476243     4.0758     4.1130     0.0146    95.5261 1.0000e-12  -64.93350  -64.39938 343.391430      99.97 1.8687e+02   1856.576      44559  1032.1723  1032.1714    34.6759    34.6748    7.73135         12 0.0000e+00
    946.000    934.604     1.4650  30.477783     1.4648  30.476634     4.0784     4.1134     0.0026    95.5192 1.0000e-12  -64.93350  -64.39940 343.391436      99.97 1.8687e+02   1857.075      44571  1032.1770  1032.1761    34.6760    34.6748    7.73134         13 0.0000e+00
    947.000    935.588     1.4649  30.478032     1.4648  30.477067     4.0785     4.1181    -0.0128    95.5236 1.0000e-12  -64.93350  -64.39940 343.391442      99.97 1.8687e+02   1857.591      44583  1032.1816  1032.1807    34.6760    34.6748    7.73138         12 0.0000e+00
    948.000    936.573     1.4648  30.478391     1.4647  30.477346     4.0766     4.1198    -0.0106    95.5398 1.0000e-12  -64.93350  -64.39942 343.391449      99.98 1.8687e+02   1858.150      44597  1032.1862  1032.1853    34.6760    34.6748    7.73139         16 0.0000e+00
    949.000    937.559     1.4653  30.479102     1.4651  30.477993     4.0815     4.1206    -0.0103    95.4440 1.0000e-12  -64.93348  -64.39942 343.391508      99.97 1.8547e+02   1863.273      44720  1032.1906  1032.1897    34.6758    34.6746    7.73130         22 0.0000e+00
    950.000    938.544     1.4654  30.479645     1.4650  30.478404     4.0825     4.1193    -0.0028    95.4262 1.0000e-12  -64.93350  -64.39940 343.391530      99.97 1.8510e+02   1865.163      44765  1032.1953  1032.1944    34.6758    34.6746    7.73128         18 0.0000e+00
    951.000    939.529     1.4652  30.479847     1.4650  30.478832     4.0746     4.1192    -0.0067    95.4356 1.0000e-12  -64.93350  -64.39940 343.391539      99.97 1.8510e+02   1865.974      44784  1032.1999  1032.1991    34.6758    34.6747    7.73133         21 0.0000e+00
    952.000    940.515     1.4651  30.480359     1.4649  30.479208     4.0696     4.1203    -0.0127    95.4379 1.0000e-12  -64.93350  -64.39940 343.391549      99.98 1.8510e+02   1866.862      44806  1032.2047  1032.2038    34.6760    34.6747    7.73134         22 0.0000e+00
    953.000    941.501     1.4653  30.480896     1.4650  30.479848     4.0724     4.1208    -0.0115    95.4626 1.0000e-12  -64.93350  -64.39940 343.391559      99.97 1.8510e+02   1867.721      44826  1032.2092  1032.2085    34.6759    34.6748    7.73130         19 0.0000e+00
    954.000    942.488     1.4653  30.481380     1.4652  30.480361     4.0799     4.1201    -0.0030    95.4713 1.0000e-12  -64.93350  -64.39940 343.391568      99.97 1.8510e+02   1868.518      44845  1032.2139  1032.2130    34.6759    34.6748    7.73130         20 0.0000e+00
    955.000    943.472     1.4654  30.481973     1.4652  30.480835     4.0812     4.1201    -0.0093    95.4902 1.0000e-12  -64.93350  -64.39942 343.391578      99.98 1.8510e+02   1869.356      44866  1032.2186  1032.2176    34.6760    34.6748    7.73127         21 0.0000e+00
    956.000    944.458     1.4656  30.482564     1.4655  30.481432     4.0824     4.1196    -0.0064    95.5000 1.0000e-12  -64.93349  -64.39943 343.391607      99.97 1.8465e+02   1871.862      44926  1032.2232  1032.2222    34.6760    34.6747    7.73123         30 0.0000e+00
    957.000    945.444     1.4659  30.483198     1.4656  30.482103     4.0841     4.1146    -0.0037    95.5151 1.0000e-12  -64.93348  -64.39943 343.391655      99.97 1.8334e+02   1875.944      45024  1032.2277  1032.2269    34.6759    34.6748    7.73118         20 0.0000e+00
    958.000    946.430     1.4661  30.483773     1.4658  30.482883     4.0777     4.1159    -0.0059    95.5166 1.0000e-12  -64.93348  -64.39942 343.391663      99.98 1.8334e+02   1876.684      45041  1032.2323  1032.2317    34.6758    34.6751    7.73114         17 0.0000e+00
    959.000    947.415     1.4663  30.484563     1.4660  30.483440     4.0760     4.1166    -0.0132    95.5242 1.0000e-12  -64.93348  -64.39942 343.391671      99.97 1.8334e+02   1877.413      45059  1032.2371  1032.2362    34.6761    34.6750    7.73109         17 0.0000e+00
    960.000    948.401     1.4664  30.485169     1.4663  30.484073     4.0771     4.1166     0.0007    95.5355 1.0000e-12  -64.93350  -64.39940 343.391680      99.97 1.8334e+02   1878.166      45077  1032.2418  1032.2408    34.6762    34.6749    7.73106         19 0.0000e+00
    961.000    949.386     1.4665  30.485560     1.4663  30.484559     4.0750     4.1189    -0.0028    95.5396 1.0000e-12  -64.93350  -64.39940 343.391690      99.97 1.8334e+02   1878.991      45097  1032.2463  1032.2455    34.6761    34.6750    7.73106         21 0.0000e+00
    962.000    950.373     1.4663  30.485938     1.4663  30.484895     4.0739     4.1197    -0.0125    95.5399 1.0000e-12  -64.93350  -64.39941 343.391701      99.97 1.8334e+02   1879.938      45120  1032.2510  1032.2500    34.6762    34.6749    7.73108         25 0.0000e+00
    963.000    951.355     1.4664  30.486401     1.4663  30.485275     4.0735     4.1156    -0.0065    95.5295 1.0000e-12  -64.93349  -64.39945 343.391733      99.98 1.8495e+02   1882.736      45187  1032.2556  1032.2546    34.6761    34.6748    7.73107         32 0.0000e+00
    964.000    952.344     1.4666  30.486919     1.4664  30.485897     4.0850     4.1107     0.0012    95.5593 1.0000e-12  -64.93348  -64.39945 343.391768      99.97 1.8510e+02   1885.734      45259  1032.2602  1032.2594    34.6760    34.6750    7.73103         20 0.0000e+00
    965.000    953.330     1.4668  30.487453     1.4665  30.486449     4.0811     4.1154     0.0033    95.5505 1.0000e-12  -64.93348  -64.39944 343.391776      99.98 1.8510e+02   1886.440      45276  1032.2648  1032.2640    34.6760    34.6750    7.73101         16 0.0000e+00
    966.000    954.315     1.4669  30.488027     1.4666  30.486928     4.0768     4.1178    -0.0125    95.5473 1.0000e-12  -64.93350  -64.39944 343.391784      99.97 1.8510e+02   1887.113      45292  1032.2694  1032.2686    34.6760    34.6749    7.73098         16 0.0000e+00
    967.000    955.299     1.4669  30.488482     1.4666  30.487430     4.0768     4.1189    -0.0150    95.5635 1.0000e-12  -64.93350  -64.39944 343.391792      99.97 1.8510e+02   1887.802      45308  1032.2740  1032.2732    34.6760    34.6750    7.73097         18 0.0000e+00
    968.000    956.286     1.4669  30.488927     1.4666  30.487825     4.0768     4.1175    -0.0139    95.5484 1.0000e-12  -64.93350  -64.39944 343.391807      99.97 1.8510e+02   1889.149      45341  1032.2787  1032.2778    34.6761    34.6749    7.73098         29 0.0000e+00
    969.000    957.271     1.4669  30.489418     1.4668  30.488278     4.0772     4.1159    -0.0016    95.5665 1.0000e-12  -64.93350  -64.39946 343.391845      99.97 1.8510e+02   1892.442      45420  1032.2833  1032.2823    34.6761    34.6747    7.73098         31 0.0000e+00
    970.000    958.256     1.4671  30.490042     1.4668  30.488913     4.0712     4.1155    -0.0029    95.5666 1.0000e-12  -64.93350  -64.39946 343.391857      99.97 1.8510e+02   1893.465      45444  1032.2879  1032.2871    34.6761    34.6750    7.73093         23 0.0000e+00
    971.000    959.244     1.4672  30.490482     1.4669  30.489420     4.0777     4.1134    -0.0084    95.5409 1.0000e-12  -64.93350  -64.39948 343.391868      99.97 1.8510e+02   1894.396      45467  1032.2925  1032.2917    34.6760    34.6750    7.73092         22 0.0000e+00
    972.000    960.229     1.4673  30.490905     1.4670  30.489940     4.0781     4.1139    -0.0085    95.5662 1.0000e-12  -64.93350  -64.39948 343.391879      99.97 1.8510e+02   1895.380      45490  1032.2970  1032.2963    34.6759    34.6750    7.73091         26 0.0000e+00
    973.000    961.210     1.4672  30.491461     1.4670  30.490293     4.0693     4.1156    -0.0062    95.5666 1.0000e-12  -64.93350  -64.39950 343.391897      99.98 1.8492e+02   1896.921      45527  1032.3019  1032.3008    34.6762    34.6749    7.73092         39 0.0000e+00
    974.000    962.202     1.4676  30.492184     1.4674  30.491050     4.0750     4.1169    -0.0140    95.5666 1.0000e-12  -64.93350  -64.39948 343.391922      99.97 1.8330e+02   1899.090      45579  1032.3064  1032.3054    34.6761    34.6749    7.73084         37 0.0000e+00
    975.000    963.185     1.4682  30.493252     1.4680  30.492177     4.0698     4.1174    -0.0112    95.5564 1.0000e-12  -64.93350  -64.39946 343.391938      99.97 1.8334e+02   1900.414      45611  1032.3110  1032.3102    34.6762    34.6751    7.73071         29 0.0000e+00
    976.000    964.171     1.4682  30.493714     1.4680  30.492662     4.0758     4.1137    -0.0050    95.5919 1.0000e-12  -64.93350  -64.39946 343.391951      99.97 1.8238e+02   1901.608      45640  1032.3157  1032.3148    34.6763    34.6751    7.73071         29 0.0000e+00
    977.000    965.158     1.4683  30.494278     1.4682  30.493211     4.0777     4.1083    -0.0124    95.5759 1.0000e-12  -64.93350  -64.39946 343.391967      99.97 1.8157e+02   1902.941      45672  1032.3203  1032.3194    34.6763    34.6751    7.73069         33 0.0000e+00
    978.000    966.141     1.4686  30.494986     1.4683  30.493883     4.0766     4.1128    -0.0066    95.5706 1.0000e-12  -64.93350  -64.39946 343.391984      99.97 1.8158e+02   1904.377      45706  1032.3249  1032.3241    34.6763    34.6753    7.73062         31 0.0000e+00
    979.000    967.128     1.4686  30.495377     1.4684  30.494404     4.0795     4.1150    -0.0026    95.5476 1.0000e-12  -64.93350  -64.39949 343.391997      99.97 1.8158e+02   1905.526      45734  1032.3295  1032.3288    34.6763    34.6752    7.73063         25 0.0000e+00
    980.000    968.113     1.4686  30.495916     1.4684  30.494895     4.0764     4.1139    -0.0026    95.5611 1.0000e-12  -64.93350  -64.39950 343.392008      99.97 1.8065e+02   1906.507      45757  1032.3343  1032.3335    34.6764    34.6754    7.73062         23 0.0000e+00
    981.000    969.099     1.4688  30.496443     1.4686  30.495374     4.0710     4.1153    -0.0073    95.5483 1.0000e-12  -64.93350  -64.39951 343.392021      99.97 1.8007e+02   1907.579      45783  1032.3388  1032.3380    34.6764    34.6752    7.73059         29 0.0000e+00
    982.000    970.085     1.4688  30.496931     1.4688  30.495863     4.0727     4.1093     0.0010    95.5591 1.0000e-12  -64.93350  -64.39948 343.392074      99.97 1.7905e+02   1912.172      45893  1032.3436  1032.3425    34.6764    34.6751    7.73059         28 0.0000e+00
    983.000    971.070     1.4691  30.497560     1.4688  30.496586     4.0630     4.1042    -0.0090    95.5392 1.0000e-12  -64.93350  -64.39946 343.392086      99.97 1.7803e+02   1913.193      45918  1032.3480  1032.3473    34.6763    34.6754    7.73053         19 0.0000e+00
    984.000    972.055     1.4693  30.498188     1.4690  30.497111     4.0596     4.1079    -0.0092    95.5323 1.0000e-12  -64.93350  -64.39946 343.392093      99.97 1.7805e+02   1913.877      45934  1032.3527  1032.3519    34.6764    34.6754    7.73049         15 0.0000e+00
    985.000    973.040     1.4694  30.498701     1.4691  30.497712     4.0662     4.1123     0.0046    95.5375 1.0000e-12  -64.93350  -64.39946 343.392101      99.97 1.7805e+02   1914.508      45949  1032.3573  1032.3566    34.6763    34.6754    7.73047         15 0.0000e+00
    986.000    974.028     1.4694  30.499162     1.4691  30.498234     4.0728     4.1131    -0.0029    95.5409 1.0000e-12  -64.93350  -64.39946 343.392108      99.97 1.7805e+02   1915.127      45964  1032.3619  1032.3613    34.6763    34.6755    7.73046         15 0.0000e+00
    987.000    975.011     1.4693  30.499592     1.4691  30.498482     4.0737     4.1141    -0.0116    95.5287 1.0000e-12  -64.93350  -64.39946 343.392116      99.97 1.7805e+02   1915.794      45980  1032.3666  1032.3658    34.6764    34.6753    7.73048         17 0.0000e+00
    988.000    975.998     1.4692  30.499926     1.4691  30.498863     4.0702     4.1143    -0.0122    95.5234 1.0000e-12  -64.93350  -64.39947 343.392137      99.97 1.7768e+02   1917.655      46025  1032.3712  1032.3703    34.6764    34.6752    7.73050         32 0.0000e+00
    989.000    976.981     1.4695  30.500458     1.4694  30.499549     4.0750     4.1158    -0.0115    95.5184 1.0000e-12  -64.93350  -64.39950 343.392191      99.97 1.7626e+02   1922.348      46137  1032.3757  1032.3749    34.6763    34.6752    7.73046         23 0.0000e+00
    990.000    977.969     1.4697  30.501131     1.4694  30.500036     4.0790     4.1082    -0.0046    95.5250 1.0000e-12  -64.93350  -64.39948 343.392200      99.97 1.7629e+02   1923.089      46155  1032.3804  1032.3796    34.6763    34.6753    7.73041         18 0.0000e+00
