NBP2113_155081_ctd/data/dnbp2113_028.cnv
* Sea-Bird SBE 9 Data File:
* FileName = D:\Data\raw\NBP2113_028.hex
* Software Version Seasave V 7.26.7.121
* Temperature SN = 2438
* Conductivity SN = 2067
* Number of Bytes Per Scan = 40
* Number of Voltage Words = 5
* Number of Scans Averaged by the Deck Unit = 1
* NMEA Latitude = 68 01.84 S
* NMEA Longitude = 069 17.14 W
* NMEA UTC (Time) = Dec 04 2021  16:43:12
* NMEA baud rate = 9600
** Ship: RVIB N.B. Palmer
** Cruise: NBP2113 LTER
** Station: 200.-040
** Operator: S. Blackman
# nquan = 25
# nvalues = 204                         
# units = specified
# name 0 = prDM: Pressure, Digiquartz [db]
# name 1 = depSM: Depth [salt water, m]
# name 2 = t090C: Temperature [ITS-90, deg C]
# name 3 = c0mS/cm: Conductivity [mS/cm]
# name 4 = t190C: Temperature, 2 [ITS-90, deg C]
# name 5 = c1mS/cm: Conductivity, 2 [mS/cm]
# name 6 = sbeox0ML/L: Oxygen, SBE 43 [ml/l]
# name 7 = sbeox1ML/L: Oxygen, SBE 43, 2 [ml/l]
# name 8 = flECO-AFL: Fluorescence, WET Labs ECO-AFL/FL [mg/m^3]
# name 9 = CStarTr0: Beam Transmission, WET Labs C-Star [%]
# name 10 = par: PAR/Irradiance, Biospherical/Licor
# name 11 = latitude: Latitude [deg]
# name 12 = longitude: Longitude [deg]
# name 13 = timeJ: Julian Days
# name 14 = altM: Altimeter [m]
# name 15 = spar: SPAR, Biospherical/Licor
# name 16 = timeS: Time, Elapsed [seconds]
# name 17 = scan: Scan Count
# name 18 = density00: Density [density, kg/m^3]
# name 19 = density11: Density, 2 [density, kg/m^3]
# name 20 = sal00: Salinity, Practical [PSU]
# name 21 = sal11: Salinity, Practical, 2 [PSU]
# name 22 = oxsolML/L: Oxygen Saturation, Garcia & Gordon [ml/l]
# name 23 = nbin: number of scans per bin
# name 24 = flag: flag
# span 0 =      4.000,    207.000       
# span 1 =      3.959,    204.827       
# span 2 =    -1.2248,    -0.2025       
# span 3 =  27.201273,  28.409158       
# span 4 =    -1.2238,    -0.2029       
# span 5 =  27.200496,  28.407635       
# span 6 =     5.9636,     8.3809       
# span 7 =     6.0713,     8.4106       
# span 8 =     0.1003,     1.8335       
# span 9 =    88.9739,    95.7307       
# span 10 = -1.102e-05, 2.8839e+02      
# span 11 =  -68.03098,  -68.03091      
# span 12 =  -69.28572,  -69.28564      
# span 13 = 338.700202, 338.705204      
# span 14 =      99.97,      99.99      
# span 15 = 1.0362e+03, 1.0947e+03      
# span 16 =    305.444,    737.635      
# span 17 =       7332,      17704      
# span 18 =  1027.2090,  1028.5095      
# span 19 =  1027.2061,  1028.5084      
# span 20 =    33.8181,    34.2686      
# span 21 =    33.8146,    34.2671      
# span 22 =    8.09406,    8.33884      
# span 23 =          1,         70      
# span 24 = 0.0000e+00, 0.0000e+00      
# interval = decibars: 1                
# start_time = Dec 04 2021 16:43:12 [NMEA time, header]
# bad_flag = -9.990e-29
*END*
[from data line 116]
    120.000    118.766    -0.9555  27.532211    -0.9557  27.530832     7.8285     7.8289     0.4470    94.7064 1.0000e-12  -68.03094  -69.28570 338.703885      99.97 1.0715e+03    623.662      14969  1027.9068  1027.9056    33.9889    33.9873    8.27293         31 0.0000e+00
    121.000    119.753    -0.9479  27.540218    -0.9482  27.538600     7.8538     7.8464     0.4348    94.7009 1.0000e-12  -68.03094  -69.28570 338.703904      99.97 1.0764e+03    625.286      15008  1027.9126  1027.9112    33.9905    33.9887    8.27116         35 0.0000e+00
    122.000    120.742    -0.9429  27.544859    -0.9427  27.543817     7.8564     7.8547     0.4912    94.7604 1.0000e-12  -68.03094  -69.28570 338.703922      99.97 1.0829e+03    626.873      15046  1027.9172  1027.9159    33.9906    33.9889    8.27005         30 0.0000e+00
    123.000    121.735    -0.9422  27.546070    -0.9427  27.544611     7.8356     7.8564     0.4074    94.7727 1.0000e-12  -68.03094  -69.28570 338.703935      99.97 1.0863e+03    627.939      15072  1027.9222  1027.9211    33.9908    33.9894    8.26989         24 0.0000e+00
    124.000    122.721    -0.9412  27.547615    -0.9413  27.546460     7.8162     7.8599     0.4263    94.7860 1.0000e-12  -68.03094  -69.28570 338.703945      99.97 1.0877e+03    628.895      15094  1027.9274  1027.9262    33.9912    33.9897    8.26965         23 0.0000e+00
    125.000    123.713    -0.9390  27.550743    -0.9391  27.549567     7.8189     7.8636     0.4280    94.7328 1.0000e-12  -68.03094  -69.28570 338.703957      99.97 1.0892e+03    629.928      15119  1027.9331  1027.9318    33.9924    33.9909    8.26910         27 0.0000e+00
    126.000    124.701    -0.9362  27.555753    -0.9357  27.555101     7.8365     7.8739     0.5178    94.7009 1.0000e-12  -68.03094  -69.28570 338.703972      99.97 1.0905e+03    631.141      15148  1027.9402  1027.9390    33.9954    33.9939    8.26830         31 0.0000e+00
    127.000    125.691    -0.9335  27.560272    -0.9333  27.559254     7.8291     7.8752     0.4724    94.7202 1.0000e-12  -68.03094  -69.28570 338.703988      99.97 1.0915e+03    632.548      15182  1027.9469  1027.9456    33.9979    33.9962    8.26757         36 0.0000e+00
    128.000    126.679    -0.9340  27.560595    -0.9339  27.559321     7.8252     7.8756     0.4907    94.7223 1.0000e-12  -68.03094  -69.28570 338.704006      99.98 1.0934e+03    634.113      15220  1027.9521  1027.9507    33.9982    33.9965    8.26765         33 0.0000e+00
    129.000    127.670    -0.9341  27.560895    -0.9339  27.559949     7.8289     7.8761     0.4259    94.7177 1.0000e-12  -68.03094  -69.28570 338.704022      99.98 1.0947e+03    635.493      15253  1027.9570  1027.9556    33.9982    33.9966    8.26769         29 0.0000e+00
    130.000    128.658    -0.9351  27.560573    -0.9347  27.559739     7.8224     7.8728     0.4064    94.8234 1.0000e-12  -68.03094  -69.28570 338.704035      99.98 1.0947e+03    636.599      15279  1027.9619  1027.9605    33.9982    33.9966    8.26790         25 0.0000e+00
    131.000    129.648    -0.9379  27.558841    -0.9381  27.557649     7.8003     7.8546     0.4050    94.8029 1.0000e-12  -68.03094  -69.28570 338.704046      99.97 1.0934e+03    637.597      15303  1027.9671  1027.9659    33.9984    33.9970    8.26851         24 0.0000e+00
    132.000    130.638    -0.9424  27.556163    -0.9421  27.555144     7.7596     7.8286     0.4276    94.7512 1.0000e-12  -68.03094  -69.28570 338.704058      99.97 1.0908e+03    638.647      15329  1027.9728  1027.9715    33.9992    33.9976    8.26944         27 0.0000e+00
    133.000    131.627    -0.9478  27.553413    -0.9480  27.552144     7.7422     7.7990     0.4276    94.7890 1.0000e-12  -68.03094  -69.28570 338.704073      99.97 1.0884e+03    639.870      15358  1027.9794  1027.9782    34.0010    33.9994    8.27053         31 0.0000e+00
    134.000    132.616    -0.9617  27.543711    -0.9620  27.542382     7.7569     7.8032     0.4901    94.8466 1.0000e-12  -68.03094  -69.28570 338.704088      99.97 1.0865e+03    641.210      15390  1027.9866  1027.9855    34.0029    34.0014    8.27348         32 0.0000e+00
    135.000    133.605    -0.9551  27.552828    -0.9557  27.551039     7.7585     7.8149     0.4274    94.9162 1.0000e-12  -68.03094  -69.28570 338.704102      99.97 1.0859e+03    642.417      15419  1027.9944  1027.9930    34.0072    34.0055    8.27177         26 0.0000e+00
    136.000    134.596    -0.9404  27.569160    -0.9414  27.567172     7.7205     7.8130     0.3460    94.9084 1.0000e-12  -68.03094  -69.28570 338.704114      99.97 1.0871e+03    643.461      15444  1028.0022  1028.0010    34.0122    34.0106    8.26825         25 0.0000e+00
    137.000    135.584    -0.9296  27.580716    -0.9299  27.579300     7.7040     7.7979     0.3678    94.8944 1.0000e-12  -68.03094  -69.28570 338.704126      99.97 1.0877e+03    644.505      15469  1028.0086  1028.0073    34.0151    34.0134    8.26570         26 0.0000e+00
    138.000    136.574    -0.9255  27.588685    -0.9255  27.587493     7.7154     7.7910     0.3985    94.8953 1.0000e-12  -68.03094  -69.28570 338.704139      99.97 1.0877e+03    645.640      15496  1028.0177  1028.0163    34.0207    34.0190    8.26448         28 0.0000e+00
    139.000    137.563    -0.9226  27.593406    -0.9225  27.592439     7.7146     7.7803     0.5103    94.9522 1.0000e-12  -68.03094  -69.28570 338.704154      99.97 1.0877e+03    646.903      15527  1028.0244  1028.0232    34.0232    34.0217    8.26370         32 0.0000e+00
    140.000    138.552    -0.9176  27.599704    -0.9180  27.598206     7.7125     7.7728     0.5294    94.9759 1.0000e-12  -68.03094  -69.28570 338.704170      99.97 1.0877e+03    648.270      15559  1028.0308  1028.0295    34.0255    34.0238    8.26246         34 0.0000e+00
    141.000    139.542    -0.9137  27.604429    -0.9132  27.603916     7.7092     7.7616     0.4891    94.9767 1.0000e-12  -68.03094  -69.28570 338.704186      99.97 1.0877e+03    649.698      15594  1028.0366  1028.0354    34.0269    34.0256    8.26153         33 0.0000e+00
    142.000    140.531    -0.9115  27.607494    -0.9115  27.606568     7.6769     7.7605     0.5255    94.9613 1.0000e-12  -68.03093  -69.28570 338.704202      99.97 1.0877e+03    651.066      15627  1028.0421  1028.0410    34.0279    34.0266    8.26098         31 0.0000e+00
    143.000    141.520    -0.9114  27.608366    -0.9115  27.607288     7.6823     7.7420     0.5194    94.9702 1.0000e-12  -68.03094  -69.28570 338.704216      99.97 1.0877e+03    652.244      15655  1028.0474  1028.0462    34.0284    34.0270    8.26093         24 0.0000e+00
    144.000    142.509    -0.9112  27.609504    -0.9113  27.608372     7.6357     7.7147     0.5062    94.9291 1.0000e-12  -68.03094  -69.28570 338.704227      99.97 1.0877e+03    653.207      15678  1028.0527  1028.0516    34.0290    34.0277    8.26084         22 0.0000e+00
    145.000    143.499    -0.9111  27.611087    -0.9112  27.610066     7.5853     7.6863     0.4599    94.9395 1.0000e-12  -68.03094  -69.28568 338.704237      99.97 1.0877e+03    654.051      15698  1028.0587  1028.0576    34.0305    34.0292    8.26073         20 0.0000e+00
    146.000    144.488    -0.9113  27.614428    -0.9113  27.613154     7.5561     7.6601     0.4668    94.9484 1.0000e-12  -68.03094  -69.28569 338.704246      99.97 1.0877e+03    654.878      15718  1028.0669  1028.0655    34.0347    34.0330    8.26054         20 0.0000e+00
    147.000    145.478    -0.9109  27.617219    -0.9109  27.616056     7.5334     7.6412     0.4758    94.9257 1.0000e-12  -68.03094  -69.28570 338.704257      99.97 1.0865e+03    655.804      15740  1028.0738  1028.0726    34.0373    34.0357    8.26028         25 0.0000e+00
    148.000    146.467    -0.9104  27.620608    -0.9103  27.619463     7.4995     7.6128     0.5215    94.9256 1.0000e-12  -68.03094  -69.28570 338.704273      99.97 1.0833e+03    657.182      15773  1028.0814  1028.0800    34.0407    34.0391    8.25997         38 0.0000e+00
    149.000    147.458    -0.9031  27.631787    -0.9041  27.628809     7.4295     7.5480     0.5144    94.9081 1.0000e-12  -68.03092  -69.28571 338.704300      99.97 1.0788e+03    659.515      15829  1028.0909  1028.0886    34.0471    34.0442    8.25801         40 0.0000e+00
    150.000    148.444    -0.8923  27.645327    -0.8911  27.645688     7.4072     7.5081     0.5129    95.0566 1.0000e-12  -68.03092  -69.28570 338.704319      99.97 1.0764e+03    661.181      15869  1028.0995  1028.0987    34.0527    34.0518    8.25531         29 0.0000e+00
    151.000    149.434    -0.8881  27.651025    -0.8879  27.650266     7.4025     7.5019     0.3500    95.1056 1.0000e-12  -68.03092  -69.28570 338.704330      99.97 1.0750e+03    662.145      15892  1028.1059  1028.1049    34.0550    34.0538    8.25425         20 0.0000e+00
    152.000    150.423    -0.8866  27.653226    -0.8869  27.651949     7.4131     7.5048     0.2842    95.0671 1.0000e-12  -68.03093  -69.28569 338.704339      99.97 1.0736e+03    662.908      15911  1028.1113  1028.1101    34.0558    34.0543    8.25389         16 0.0000e+00
    153.000    151.414    -0.8870  27.653258    -0.8870  27.652279     7.3964     7.4846     0.3010    95.1112 1.0000e-12  -68.03094  -69.28568 338.704347      99.97 1.0722e+03    663.592      15927  1028.1160  1028.1149    34.0556    34.0543    8.25398         17 0.0000e+00
    154.000    152.403    -0.8849  27.656508    -0.8853  27.654730     7.3520     7.4413     0.3144    95.1988 1.0000e-12  -68.03092  -69.28568 338.704355      99.97 1.0717e+03    664.282      15944  1028.1218  1028.1203    34.0570    34.0551    8.25343         17 0.0000e+00
    155.000    153.391    -0.8837  27.658546    -0.8838  27.657490     7.2756     7.3974     0.3286    95.1934 1.0000e-12  -68.03092  -69.28568 338.704364      99.97 1.0701e+03    665.043      15962  1028.1273  1028.1262    34.0578    34.0565    8.25313         20 0.0000e+00
    156.000    154.382    -0.8672  27.681233    -0.8680  27.678830     7.2540     7.4030     0.3455    95.2530 1.0000e-12  -68.03092  -69.28568 338.704376      99.97 1.0684e+03    666.061      15986  1028.1403  1028.1384    34.0694    34.0670    8.24885         31 0.0000e+00
    157.000    155.373    -0.8675  27.681280    -0.8698  27.676150     7.2176     7.3526     0.3160    95.3163 1.0000e-12  -68.03092  -69.28570 338.704406      99.97 1.0637e+03    668.699      16050  1028.1451  1028.1418    34.0691    34.0647    8.24891         29 0.0000e+00
    158.000    156.358    -0.8194  27.738571    -0.8226  27.733665     7.0695     7.2464     0.3090    95.3857 1.0000e-12  -68.03092  -69.28570 338.704430      99.97 1.0589e+03    670.770      16099  1028.1652  1028.1628    34.0919    34.0888    8.23707         30 0.0000e+00
    159.000    157.349    -0.8112  27.747367    -0.8117  27.745677     7.0767     7.2256     0.2193    95.2784 1.0000e-12  -68.03092  -69.28570 338.704442      99.98 1.0567e+03    671.751      16123  1028.1712  1028.1698    34.0939    34.0922    8.23515         21 0.0000e+00
    160.000    158.338    -0.8075  27.751670    -0.8078  27.750198     7.1048     7.2230     0.2255    95.3455 1.0000e-12  -68.03092  -69.28570 338.704451      99.97 1.0548e+03    672.570      16143  1028.1768  1028.1754    34.0950    34.0933    8.23430         18 0.0000e+00
    161.000    159.328    -0.8034  27.756979    -0.8032  27.756072     7.1264     7.2201     0.2193    95.4797 1.0000e-12  -68.03092  -69.28570 338.704460      99.97 1.0529e+03    673.322      16161  1028.1829  1028.1817    34.0969    34.0954    8.23328         18 0.0000e+00
    162.000    160.314    -0.8028  27.757641    -0.8028  27.756448     7.1208     7.2201     0.2048    95.5158 1.0000e-12  -68.03092  -69.28570 338.704469      99.98 1.0515e+03    674.098      16179  1028.1876  1028.1862    34.0965    34.0949    8.23318         19 0.0000e+00
    163.000    161.307    -0.8053  27.755326    -0.8050  27.754616     7.1164     7.2223     0.2142    95.5151 1.0000e-12  -68.03092  -69.28570 338.704478      99.97 1.0499e+03    674.921      16199  1028.1919  1028.1908    34.0956    34.0943    8.23378         21 0.0000e+00
    164.000    162.295    -0.8047  27.756491    -0.8049  27.755210     7.1334     7.2205     0.2144    95.4774 1.0000e-12  -68.03092  -69.28570 338.704489      99.97 1.0481e+03    675.865      16222  1028.1970  1028.1958    34.0959    34.0944    8.23363         25 0.0000e+00
    165.000    163.284    -0.8050  27.756436    -0.8045  27.755936     7.1570     7.2189     0.2416    95.4858 1.0000e-12  -68.03092  -69.28570 338.704505      99.97 1.0467e+03    677.208      16254  1028.2017  1028.2006    34.0955    34.0942    8.23371         36 0.0000e+00
    166.000    164.273    -0.8035  27.758515    -0.8032  27.757724     7.1480     7.1964     0.2472    95.5337 1.0000e-12  -68.03092  -69.28570 338.704533      99.98 1.0451e+03    679.640      16312  1028.2070  1028.2058    34.0960    34.0946    8.23335         35 0.0000e+00
    167.000    165.262    -0.7992  27.763639    -0.7995  27.762376     7.1005     7.1743     0.2384    95.4544 1.0000e-12  -68.03092  -69.28570 338.704548      99.97 1.0435e+03    680.976      16344  1028.2128  1028.2117    34.0975    34.0961    8.23233         23 0.0000e+00
    168.000    166.252    -0.7937  27.770060    -0.7940  27.768799     7.0595     7.1576     0.2094    95.5374 1.0000e-12  -68.03092  -69.28570 338.704558      99.97 1.0436e+03    681.813      16365  1028.2188  1028.2177    34.0994    34.0980    8.23102         19 0.0000e+00
    169.000    167.241    -0.7867  27.778114    -0.7887  27.775124     7.0285     7.1387     0.2177    95.5607 1.0000e-12  -68.03092  -69.28570 338.704567      99.97 1.0433e+03    682.568      16383  1028.2250  1028.2237    34.1017    34.0999    8.22936         19 0.0000e+00
    170.000    168.230    -0.7764  27.789772    -0.7777  27.787279     7.0278     7.1259     0.2646    95.5724 1.0000e-12  -68.03092  -69.28570 338.704577      99.97 1.0420e+03    683.430      16403  1028.2320  1028.2306    34.1053    34.1034    8.22690         24 0.0000e+00
    171.000    169.219    -0.7661  27.801613    -0.7664  27.799961     7.0079     7.0982     0.2980    95.5926 1.0000e-12  -68.03092  -69.28570 338.704592      99.97 1.0419e+03    684.768      16435  1028.2393  1028.2377    34.1090    34.1071    8.22444         41 0.0000e+00
    172.000    170.207    -0.7568  27.812288    -0.7550  27.812944     6.9424     7.0456     0.2960    95.5325 1.0000e-12  -68.03092  -69.28570 338.704613      99.97 1.0419e+03    686.536      16478  1028.2463  1028.2453    34.1124    34.1112    8.22222         37 0.0000e+00
    173.000    171.199    -0.7347  27.836523    -0.7355  27.834672     6.9182     7.0222     0.2089    95.6025 1.0000e-12  -68.03092  -69.28570 338.704627      99.97 1.0419e+03    687.759      16507  1028.2555  1028.2543    34.1195    34.1180    8.21698         24 0.0000e+00
    174.000    172.187    -0.7268  27.846112    -0.7280  27.843813     6.8859     7.0028     0.1850    95.6393 1.0000e-12  -68.03092  -69.28570 338.704637      99.97 1.0419e+03    688.658      16529  1028.2626  1028.2614    34.1230    34.1213    8.21507         20 0.0000e+00
    175.000    173.175    -0.7195  27.854113    -0.7202  27.852382     6.8655     6.9839     0.1839    95.6529 1.0000e-12  -68.03092  -69.28570 338.704647      99.97 1.0419e+03    689.477      16548  1028.2687  1028.2675    34.1250    34.1234    8.21337         20 0.0000e+00
    176.000    174.165    -0.7133  27.861336    -0.7136  27.860214     6.8530     6.9729     0.2664    95.6528 1.0000e-12  -68.03092  -69.28570 338.704657      99.97 1.0419e+03    690.399      16571  1028.2749  1028.2740    34.1271    34.1260    8.21190         26 0.0000e+00
