NBP2113_155081_ctd/data/dnbp2113_065.cnv
* Sea-Bird SBE 9 Data File:
* FileName = D:\Data\raw\NBP2113_065.hex
* Software Version Seasave V 7.26.7.121
* Temperature SN = 2438
* Conductivity SN = 2067
* Number of Bytes Per Scan = 40
* Number of Voltage Words = 5
* Number of Scans Averaged by the Deck Unit = 1
* NMEA Latitude = 64 10.49 S
* NMEA Longitude = 061 56.61 W
* NMEA UTC (Time) = Dec 14 2021  14:58:16
* NMEA baud rate = 9600
** Ship: RVIB N.B. Palmer
** Cruise: NBP2113 LTER
** Station: 741.005
** Operator: B. Urmston
# nquan = 25
# nvalues = 668                         
# units = specified
# name 0 = prDM: Pressure, Digiquartz [db]
# name 1 = depSM: Depth [salt water, m]
# name 2 = t090C: Temperature [ITS-90, deg C]
# name 3 = c0mS/cm: Conductivity [mS/cm]
# name 4 = t190C: Temperature, 2 [ITS-90, deg C]
# name 5 = c1mS/cm: Conductivity, 2 [mS/cm]
# name 6 = sbeox0ML/L: Oxygen, SBE 43 [ml/l]
# name 7 = sbeox1ML/L: Oxygen, SBE 43, 2 [ml/l]
# name 8 = flECO-AFL: Fluorescence, WET Labs ECO-AFL/FL [mg/m^3]
# name 9 = CStarTr0: Beam Transmission, WET Labs C-Star [%]
# name 10 = par: PAR/Irradiance, Biospherical/Licor
# name 11 = latitude: Latitude [deg]
# name 12 = longitude: Longitude [deg]
# name 13 = timeJ: Julian Days
# name 14 = altM: Altimeter [m]
# name 15 = spar: SPAR, Biospherical/Licor
# name 16 = timeS: Time, Elapsed [seconds]
# name 17 = scan: Scan Count
# name 18 = density00: Density [density, kg/m^3]
# name 19 = density11: Density, 2 [density, kg/m^3]
# name 20 = sal00: Salinity, Practical [PSU]
# name 21 = sal11: Salinity, Practical, 2 [PSU]
# name 22 = oxsolML/L: Oxygen Saturation, Garcia & Gordon [ml/l]
# name 23 = nbin: number of scans per bin
# name 24 = flag: flag
# span 0 =      5.000,    672.000       
# span 1 =      4.947,    664.374       
# span 2 =    -0.6483,     0.4539       
# span 3 =  28.425707,  29.126307       
# span 4 =    -0.6485,     0.4538       
# span 5 =  28.424814,  29.124899       
# span 6 =     5.3153,     7.2991       
# span 7 =     5.3913,     7.3062       
# span 8 =    -0.0298,     1.2442       
# span 9 =    84.0307,    89.7301       
# span 10 = 1.0000e-12, 1.9807e+02      
# span 11 =  -64.17472,  -64.17438      
# span 12 =  -61.94314,  -61.94236      
# span 13 = 348.626801, 348.638476      
# span 14 =       9.52,      99.97      
# span 15 = 5.1112e+02, 7.1198e+02      
# span 16 =    259.583,   1268.330      
# span 17 =       6231,      30441      
# span 18 =  1027.3588,  1030.9535      
# span 19 =  1027.3580,  1030.9522      
# span 20 =    34.0608,    34.5358      
# span 21 =    34.0583,    34.5343      
# span 22 =    7.94530,    8.17435      
# span 23 =         11,         53      
# span 24 = 0.0000e+00, 0.0000e+00      
# interval = decibars: 1                
# start_time = Dec 14 2021 14:58:16 [NMEA time, header]
# bad_flag = -9.990e-29
*END*
[from data line 232]
    237.000    234.556    -0.3386  28.441746    -0.3393  28.439582     6.0079     6.0563    -0.0004    89.4301 1.0000e-12  -64.17469  -61.94306 348.631604      99.97 6.8018e+02    674.604      16192  1028.8074  1028.8058    34.4467    34.4445    8.11286         30 0.0000e+00
    238.000    235.545    -0.3317  28.447867    -0.3320  28.446719     5.9867     6.0531    -0.0004    89.4356 1.0000e-12  -64.17470  -61.94306 348.631619      99.97 6.8072e+02    675.853      16221  1028.8112  1028.8102    34.4464    34.4452    8.11140         29 0.0000e+00
    239.000    236.534    -0.3236  28.456117    -0.3184  28.458177     5.9678     6.0315    -0.0004    89.4053 1.0000e-12  -64.17470  -61.94306 348.631632      99.97 6.8225e+02    676.986      16249  1028.8160  1028.8132    34.4477    34.4446    8.10960         26 0.0000e+00
    240.000    237.524    -0.3067  28.471321    -0.3004  28.476439     5.9415     6.0101    -0.0004    89.1687 1.0000e-12  -64.17470  -61.94306 348.631644      99.97 6.8401e+02    678.068      16275  1028.8198  1028.8192    34.4483    34.4480    8.10597         26 0.0000e+00
    241.000    238.512    -0.2841  28.492042    -0.2744  28.496615     5.8868     5.9790    -0.0052    89.4358 1.0000e-12  -64.17470  -61.94306 348.631658      99.97 6.8534e+02    679.223      16302  1028.8241  1028.8194    34.4498    34.4449    8.10108         30 0.0000e+00
    242.000    239.502    -0.2525  28.521089    -0.2490  28.524327     5.8539     5.9637    -0.0006    89.4457 1.0000e-12  -64.17470  -61.94307 348.631672      99.97 6.8662e+02    680.504      16333  1028.8283  1028.8283    34.4523    34.4526    8.09423         31 0.0000e+00
    243.000    240.491    -0.2152  28.558393    -0.2242  28.549327     5.9015     5.9768     0.0068    89.4389 1.0000e-12  -64.17470  -61.94307 348.631687      99.97 6.8814e+02    681.797      16364  1028.8356  1028.8350    34.4593    34.4573    8.08592         30 0.0000e+00
    244.000    241.480    -0.2455  28.530492    -0.2491  28.526122     5.8973     5.9667     0.0026    89.4471 1.0000e-12  -64.17470  -61.94307 348.631702      99.97 6.8930e+02    683.011      16393  1028.8407  1028.8395    34.4558    34.4539    8.09255         29 0.0000e+00
    245.000    242.468    -0.2507  28.525149    -0.2479  28.525725     5.8375     5.9326     0.0064    89.4314 1.0000e-12  -64.17470  -61.94308 348.631715      99.97 6.9080e+02    684.175      16421  1028.8443  1028.8421    34.4539    34.4514    8.09376         27 0.0000e+00
    246.000    243.459    -0.2033  28.566649    -0.2063  28.562906     5.8158     5.9106    -0.0029    89.4325 1.0000e-12  -64.17470  -61.94306 348.631728      99.97 6.9105e+02    685.303      16448  1028.8463  1028.8452    34.4550    34.4534    8.08364         27 0.0000e+00
    247.000    244.446    -0.1776  28.593464    -0.1764  28.593419     5.7927     5.8923    -0.0002    89.4227 1.0000e-12  -64.17470  -61.94308 348.631741      99.97 6.9117e+02    686.420      16475  1028.8540  1028.8528    34.4612    34.4597    8.07785         28 0.0000e+00
    248.000    245.436    -0.1680  28.603380    -0.1657  28.603837     5.7849     5.8769     0.0042    89.4379 1.0000e-12  -64.17470  -61.94308 348.631755      99.97 6.9278e+02    687.624      16504  1028.8597  1028.8579    34.4629    34.4609    8.07572         30 0.0000e+00
    249.000    246.426    -0.1508  28.619177    -0.1518  28.616886     5.7495     5.8507     0.0055    89.4242 1.0000e-12  -64.17470  -61.94308 348.631770      99.97 6.9281e+02    688.918      16535  1028.8642  1028.8628    34.4639    34.4620    8.07203         30 0.0000e+00
    250.000    247.414    -0.1322  28.636015    -0.1335  28.633275     5.7041     5.8176     0.0025    89.3984 1.0000e-12  -64.17470  -61.94308 348.631784      99.97 6.9281e+02    690.115      16564  1028.8684  1028.8668    34.4647    34.4626    8.06805         28 0.0000e+00
    251.000    248.403    -0.0984  28.668016    -0.0991  28.665986     5.6632     5.7898    -0.0001    89.4677 1.0000e-12  -64.17470  -61.94308 348.631797      99.97 6.9281e+02    691.226      16590  1028.8737  1028.8722    34.4686    34.4666    8.06071         26 0.0000e+00
    252.000    249.392    -0.0662  28.698561    -0.0667  28.696457     5.6557     5.7709    -0.0004    89.4614 1.0000e-12  -64.17470  -61.94308 348.631810      99.97 6.9386e+02    692.383      16618  1028.8792  1028.8774    34.4723    34.4700    8.05373         30 0.0000e+00
    253.000    250.381    -0.0505  28.714908    -0.0502  28.713828     5.6790     5.7723    -0.0004    89.4560 1.0000e-12  -64.17470  -61.94308 348.631825      99.97 6.9457e+02    693.662      16649  1028.8859  1028.8843    34.4757    34.4738    8.05023         32 0.0000e+00
    254.000    251.370    -0.0595  28.708003    -0.0565  28.709213     5.7066     5.7816    -0.0004    89.3505 1.0000e-12  -64.17470  -61.94308 348.631840      99.97 6.9584e+02    694.941      16680  1028.8922  1028.8905    34.4760    34.4743    8.05210         28 0.0000e+00
    255.000    252.360    -0.0670  28.701783    -0.0676  28.700344     5.7035     5.7865     0.0038    89.4646 1.0000e-12  -64.17470  -61.94308 348.631853      99.97 6.9656e+02    696.093      16707  1028.8976  1028.8967    34.4756    34.4744    8.05370         26 0.0000e+00
    256.000    253.349    -0.0692  28.700539    -0.0694  28.698848     5.7000     5.7787     0.0142    89.4639 1.0000e-12  -64.17470  -61.94308 348.631866      99.97 6.9812e+02    697.203      16734  1028.9029  1028.9014    34.4758    34.4739    8.05414         28 0.0000e+00
    257.000    254.337    -0.0635  28.706148    -0.0629  28.705299     5.6980     5.7755    -0.0002    89.4639 1.0000e-12  -64.17470  -61.94308 348.631879      99.97 6.9810e+02    698.383      16762  1028.9078  1028.9063    34.4763    34.4744    8.05293         29 0.0000e+00
    258.000    255.326    -0.0561  28.713776    -0.0575  28.711166     5.6896     5.7702    -0.0001    89.4639 1.0000e-12  -64.17470  -61.94308 348.631893      99.97 6.9981e+02    699.574      16791  1028.9131  1028.9117    34.4775    34.4756    8.05130         28 0.0000e+00
    259.000    256.316    -0.0529  28.717603    -0.0558  28.713485     5.6809     5.7617    -0.0033    89.4639 1.0000e-12  -64.17470  -61.94308 348.631907      99.97 6.9986e+02    700.769      16819  1028.9184  1028.9169    34.4783    34.4761    8.05057         30 0.0000e+00
    260.000    257.305    -0.0483  28.722817    -0.0493  28.720460     5.6705     5.7472    -0.0074    89.4639 1.0000e-12  -64.17470  -61.94308 348.631921      99.97 7.0144e+02    701.993      16849  1028.9239  1028.9224    34.4794    34.4774    8.04954         29 0.0000e+00
    261.000    258.293    -0.0440  28.727258    -0.0448  28.725028     5.6652     5.7423    -0.0064    89.4639 1.0000e-12  -64.17470  -61.94308 348.631935      99.97 7.0249e+02    703.216      16878  1028.9288  1028.9272    34.4798    34.4778    8.04861         29 0.0000e+00
    262.000    259.283    -0.0414  28.731455    -0.0411  28.730639     5.6716     5.7489    -0.0064    89.4639 1.0000e-12  -64.17470  -61.94308 348.631949      99.97 7.0339e+02    704.420      16907  1028.9352  1028.9340    34.4820    34.4805    8.04796         29 0.0000e+00
    263.000    260.272    -0.0437  28.730810    -0.0438  28.729504     5.6785     5.7505     0.0009    89.4765 1.0000e-12  -64.17470  -61.94308 348.631963      99.97 7.0388e+02    705.635      16936  1028.9412  1028.9399    34.4831    34.4815    8.04837         29 0.0000e+00
    264.000    261.261    -0.0479  28.727804    -0.0485  28.726219     5.6806     5.7501    -0.0057    89.4567 1.0000e-12  -64.17470  -61.94308 348.631977      99.97 7.0516e+02    706.839      16965  1028.9466  1028.9454    34.4832    34.4818    8.04926         29 0.0000e+00
    265.000    262.249    -0.0506  28.726551    -0.0509  28.725141     5.6841     5.7497    -0.0010    89.4808 1.0000e-12  -64.17470  -61.94308 348.631991      99.97 7.0515e+02    707.984      16993  1028.9522  1028.9510    34.4840    34.4825    8.04978         27 0.0000e+00
    266.000    263.238    -0.0539  28.724505    -0.0540  28.723185     5.6881     5.7483    -0.0178    89.4869 1.0000e-12  -64.17470  -61.94308 348.632004      99.97 7.0541e+02    709.129      17020  1028.9575  1028.9562    34.4843    34.4827    8.05044         27 0.0000e+00
    267.000    264.227    -0.0549  28.724085    -0.0552  28.722884     5.6845     5.7483    -0.0009    89.4731 1.0000e-12  -64.17470  -61.94310 348.632017      99.97 7.0692e+02    710.272      17048  1028.9624  1028.9614    34.4843    34.4830    8.05065         28 0.0000e+00
    268.000    265.217    -0.0568  28.723637    -0.0568  28.722506     5.6738     5.7446    -0.0113    89.4649 1.0000e-12  -64.17470  -61.94309 348.632031      99.97 7.0692e+02    711.482      17077  1028.9681  1028.9669    34.4853    34.4837    8.05100         31 0.0000e+00
    269.000    266.206    -0.0536  28.727580    -0.0538  28.726202     5.6594     5.7336    -0.0091    89.4723 1.0000e-12  -64.17470  -61.94310 348.632046      99.97 7.0795e+02    712.807      17108  1028.9734  1028.9721    34.4863    34.4847    8.05027         31 0.0000e+00
    270.000    267.194    -0.0493  28.734598    -0.0507  28.731625     5.6489     5.7246    -0.0053    89.4703 1.0000e-12  -64.17470  -61.94310 348.632061      99.97 7.0869e+02    714.045      17138  1028.9809  1028.9792    34.4901    34.4878    8.04914         28 0.0000e+00
    271.000    268.184    -0.0482  28.736287    -0.0488  28.734494     5.6471     5.7212    -0.0080    89.4773 1.0000e-12  -64.17470  -61.94310 348.632074      99.97 7.0868e+02    715.163      17165  1028.9860  1028.9846    34.4906    34.4889    8.04890         27 0.0000e+00
    272.000    269.173    -0.0467  28.738578    -0.0471  28.737070     5.6469     5.7131    -0.0142    89.4650 1.0000e-12  -64.17470  -61.94310 348.632087      99.97 7.0889e+02    716.286      17192  1028.9912  1028.9899    34.4913    34.4898    8.04854         27 0.0000e+00
    273.000    270.161    -0.0456  28.740475    -0.0457  28.739106     5.6508     5.7050    -0.0145    89.4863 1.0000e-12  -64.17470  -61.94310 348.632100      99.97 7.1045e+02    717.484      17221  1028.9964  1028.9950    34.4920    34.4903    8.04827         30 0.0000e+00
    274.000    271.151    -0.0445  28.742036    -0.0446  28.740936     5.6555     5.7085    -0.0077    89.4776 1.0000e-12  -64.17470  -61.94310 348.632115      99.97 7.1044e+02    718.734      17251  1029.0013  1029.0002    34.4923    34.4908    8.04803         30 0.0000e+00
    275.000    272.138    -0.0434  28.743716    -0.0437  28.742522     5.6486     5.7107    -0.0132    89.4870 1.0000e-12  -64.17470  -61.94310 348.632129      99.97 7.1044e+02    719.947      17280  1029.0063  1029.0053    34.4926    34.4914    8.04778         28 0.0000e+00
    276.000    273.128    -0.0437  28.743934    -0.0437  28.742683     5.6459     5.7103    -0.0072    89.4660 1.0000e-12  -64.17470  -61.94310 348.632142      99.97 7.1044e+02    721.096      17307  1029.0111  1029.0098    34.4926    34.4910    8.04783         28 0.0000e+00
    277.000    274.118    -0.0441  28.744583    -0.0442  28.743235     5.6568     5.7167    -0.0131    89.4639 1.0000e-12  -64.17470  -61.94310 348.632156      99.97 7.1044e+02    722.249      17335  1029.0165  1029.0151    34.4933    34.4916    8.04788         27 0.0000e+00
    278.000    275.107    -0.0478  28.743029    -0.0493  28.740805     5.6647     5.7216    -0.0126    89.4639 1.0000e-12  -64.17470  -61.94310 348.632169      99.97 7.1044e+02    723.406      17363  1029.0227  1029.0218    34.4948    34.4935    8.04857         28 0.0000e+00
    279.000    276.094    -0.0578  28.735513    -0.0587  28.733329     5.6698     5.7224    -0.0045    89.4692 1.0000e-12  -64.17470  -61.94310 348.632182      99.97 7.1044e+02    724.568      17391  1029.0289  1029.0275    34.4955    34.4937    8.05063         29 0.0000e+00
    280.000    277.085    -0.0595  28.734219    -0.0602  28.732480     5.6800     5.7278    -0.0082    89.4865 1.0000e-12  -64.17470  -61.94310 348.632198      99.97 7.1044e+02    725.871      17422  1029.0334  1029.0322    34.4951    34.4936    8.05101         33 0.0000e+00
    281.000    278.073    -0.0625  28.732333    -0.0625  28.731080     5.6634     5.7157    -0.0116    89.4526 1.0000e-12  -64.17470  -61.94310 348.632213      99.97 7.1044e+02    727.193      17454  1029.0386  1029.0372    34.4953    34.4937    8.05163         30 0.0000e+00
    282.000    279.060    -0.0638  28.731919    -0.0648  28.729927     5.6343     5.7088    -0.0057    89.4800 1.0000e-12  -64.17470  -61.94310 348.632226      99.97 7.1044e+02    728.364      17482  1029.0437  1029.0425    34.4957    34.4942    8.05189         26 0.0000e+00
    283.000    280.051    -0.0518  28.743331    -0.0530  28.740821     5.6213     5.6944    -0.0108    89.4428 1.0000e-12  -64.17470  -61.94310 348.632239      99.97 7.1044e+02    729.448      17508  1029.0482  1029.0467    34.4967    34.4948    8.04930         26 0.0000e+00
    284.000    281.040    -0.0469  28.749343    -0.0473  28.747887     5.6393     5.7077    -0.0037    89.4686 1.0000e-12  -64.17470  -61.94310 348.632252      99.97 7.1155e+02    730.539      17534  1029.0540  1029.0528    34.4986    34.4971    8.04818         27 0.0000e+00
    285.000    282.028    -0.0408  28.756250    -0.0417  28.754337     5.6123     5.6803    -0.0146    89.4941 1.0000e-12  -64.17470  -61.94310 348.632265      99.97 7.1150e+02    731.734      17563  1029.0596  1029.0585    34.5003    34.4988    8.04679         30 0.0000e+00
    286.000    283.018    -0.0315  28.765937    -0.0313  28.764856     5.5602     5.6429    -0.0088    89.4938 1.0000e-12  -64.17470  -61.94310 348.632280      99.97 7.1198e+02    733.016      17593  1029.0649  1029.0636    34.5020    34.5004    8.04473         31 0.0000e+00
    287.000    284.006     0.0182  28.810800     0.0179  28.809587     5.5376     5.6263    -0.0137    89.4897 1.0000e-12  -64.17470  -61.94310 348.632295      99.97 7.1045e+02    734.246      17623  1029.0679  1029.0668    34.5049    34.5036    8.03415         29 0.0000e+00
    288.000    284.995     0.0279  28.823348     0.0278  28.822272     5.5321     5.6249    -0.0088    89.4897 1.0000e-12  -64.17470  -61.94310 348.632308      99.97 7.1044e+02    735.407      17651  1029.0761  1029.0750    34.5100    34.5086    8.03184         27 0.0000e+00
    289.000    285.984     0.0335  28.829145     0.0328  28.827586     5.5363     5.6184    -0.0267    89.4897 1.0000e-12  -64.17470  -61.94310 348.632321      99.97 7.1044e+02    736.574      17679  1029.0812  1029.0802    34.5108    34.5094    8.03062         28 0.0000e+00
    290.000    286.973     0.0352  28.831704     0.0349  28.830432     5.5399     5.6164    -0.0117    89.5108 1.0000e-12  -64.17470  -61.94310 348.632336      99.97 7.1044e+02    737.789      17708  1029.0868  1029.0856    34.5117    34.5102    8.03022         31 0.0000e+00
    291.000    287.961     0.0366  28.833567     0.0361  28.832048     5.5365     5.6151    -0.0062    89.5292 1.0000e-12  -64.17470  -61.94310 348.632350      99.97 7.1044e+02    739.067      17739  1029.0918  1029.0907    34.5119    34.5104    8.02990         30 0.0000e+00
    292.000    288.950     0.0379  28.835644     0.0376  28.834238     5.5401     5.6138    -0.0001    89.5338 1.0000e-12  -64.17470  -61.94312 348.632364      99.97 7.0937e+02    740.271      17767  1029.0972  1029.0960    34.5126    34.5111    8.02958         28 0.0000e+00
    293.000    289.939     0.0377  28.836368     0.0375  28.835042     5.5563     5.6210    -0.0081    89.5393 1.0000e-12  -64.17470  -61.94310 348.632378      99.97 7.0869e+02    741.423      17795  1029.1025  1029.1014    34.5131    34.5117    8.02959         28 0.0000e+00
