NBP2113_155081_ctd/data/dnbp2113_052.cnv
* Sea-Bird SBE 9 Data File:
* FileName = D:\Data\raw\NBP2113_052.hex
* Software Version Seasave V 7.26.7.121
* Temperature SN = 2438
* Conductivity SN = 2067
* Number of Bytes Per Scan = 40
* Number of Voltage Words = 5
* Number of Scans Averaged by the Deck Unit = 1
* NMEA Latitude = 64 54.69 S
* NMEA Longitude = 064 40.23 W
* NMEA UTC (Time) = Dec 11 2021  16:24:27
* NMEA baud rate = 9600
** Ship: RVIB N.B. Palmer
** Cruise: NBP2113 LTER
** Station: 593.051
** Operator: S. Blackman
# nquan = 25
# nvalues = 953                         
# units = specified
# name 0 = prDM: Pressure, Digiquartz [db]
# name 1 = depSM: Depth [salt water, m]
# name 2 = t090C: Temperature [ITS-90, deg C]
# name 3 = c0mS/cm: Conductivity [mS/cm]
# name 4 = t190C: Temperature, 2 [ITS-90, deg C]
# name 5 = c1mS/cm: Conductivity, 2 [mS/cm]
# name 6 = sbeox0ML/L: Oxygen, SBE 43 [ml/l]
# name 7 = sbeox1ML/L: Oxygen, SBE 43, 2 [ml/l]
# name 8 = flECO-AFL: Fluorescence, WET Labs ECO-AFL/FL [mg/m^3]
# name 9 = CStarTr0: Beam Transmission, WET Labs C-Star [%]
# name 10 = par: PAR/Irradiance, Biospherical/Licor
# name 11 = latitude: Latitude [deg]
# name 12 = longitude: Longitude [deg]
# name 13 = timeJ: Julian Days
# name 14 = altM: Altimeter [m]
# name 15 = spar: SPAR, Biospherical/Licor
# name 16 = timeS: Time, Elapsed [seconds]
# name 17 = scan: Scan Count
# name 18 = density00: Density [density, kg/m^3]
# name 19 = density11: Density, 2 [density, kg/m^3]
# name 20 = sal00: Salinity, Practical [PSU]
# name 21 = sal11: Salinity, Practical, 2 [PSU]
# name 22 = oxsolML/L: Oxygen Saturation, Garcia & Gordon [ml/l]
# name 23 = nbin: number of scans per bin
# name 24 = flag: flag
# span 0 =      4.000,    956.000       
# span 1 =      3.962,    944.462       
# span 2 =    -0.5142,     1.4833       
# span 3 =  27.626841,  30.503159       
# span 4 =    -0.5114,     1.4830       
# span 5 =  27.628934,  30.501764       
# span 6 =     4.0498,     8.1083       
# span 7 =     4.1130,     8.1673       
# span 8 =    -0.0225,     1.7033       
# span 9 =    83.7321,    91.8596       
# span 10 = -5.309e-05, 4.0866e+02      
# span 11 =  -64.91186,  -64.91154      
# span 12 =  -64.67139,  -64.67040      
# span 13 = 345.687268, 345.703410      
# span 14 =       4.53,     101.96      
# span 15 = 1.1529e+03, 1.4155e+03      
# span 16 =    312.984,   1707.666      
# span 17 =       7513,      40985      
# span 18 =  1027.1049,  1032.2268      
# span 19 =  1027.1039,  1032.2256      
# span 20 =    33.6922,    34.6828      
# span 21 =    33.6908,    34.6815      
# span 22 =    7.72742,    8.19386      
# span 23 =         11,         50      
# span 24 = 0.0000e+00, 0.0000e+00      
# interval = decibars: 1                
# start_time = Dec 11 2021 16:24:27 [NMEA time, header]
# bad_flag = -9.990e-29
*END*
[from data line 406]
    410.000    405.581     1.3569  30.128708     1.3572  30.127881     4.2353     4.2741     0.0010    91.7814 1.0000e-12  -64.91162  -64.67068 345.694729      99.97 1.3380e+03    957.592      22983  1029.6713  1029.6702    34.6526    34.6512    7.75387         13 0.0000e+00
    411.000    406.572     1.3587  30.130934     1.3581  30.129530     4.2344     4.2775     0.0013    91.7553 1.0000e-12  -64.91162  -64.67068 345.694735       4.53 1.3380e+03    958.133      22996  1029.6761  1029.6752    34.6528    34.6517    7.75350         13 0.0000e+00
    412.000    407.557     1.3591  30.131926     1.3588  30.130362     4.2277     4.2786    -0.0204    91.7791 1.0000e-12  -64.91162  -64.67068 345.694741      97.60 1.3380e+03    958.643      23008  1029.6809  1029.6796    34.6531    34.6514    7.75341         12 0.0000e+00
    413.000    408.546     1.3592  30.132535     1.3586  30.130897     4.2223     4.2801    -0.0224    91.7814 1.0000e-12  -64.91162  -64.67068 345.694747      99.97 1.3380e+03    959.146      23020  1029.6857  1029.6847    34.6532    34.6518    7.75339         12 0.0000e+00
    414.000    409.535     1.3585  30.132409     1.3576  30.130539     4.2209     4.2793    -0.0224    91.7814 1.0000e-12  -64.91162  -64.67069 345.694753      99.97 1.3380e+03    959.656      23033  1029.6905  1029.6895    34.6532    34.6518    7.75351         13 0.0000e+00
    415.000    410.523     1.3596  30.133814     1.3591  30.132348     4.2218     4.2808    -0.0209    91.7747 1.0000e-12  -64.91162  -64.67070 345.694760      99.97 1.3380e+03    960.275      23048  1029.6951  1029.6941    34.6532    34.6518    7.75330         18 0.0000e+00
    416.000    411.510     1.3585  30.133132     1.3581  30.131616     4.2275     4.2837    -0.0065    91.6698 1.0000e-12  -64.91162  -64.67070 345.694813      99.97 1.3380e+03    964.877      23158  1029.6998  1029.6986    34.6530    34.6515    7.75353         30 0.0000e+00
    417.000    412.500     1.3577  30.132709     1.3564  30.130403     4.2176     4.2817    -0.0074    91.6739 1.0000e-12  -64.91162  -64.67070 345.694833      99.97 1.3380e+03    966.591      23199  1029.7044  1029.7033    34.6527    34.6513    7.75369         23 0.0000e+00
    418.000    413.487     1.3583  30.133625     1.3574  30.131619     4.2149     4.2777    -0.0139    91.7042 1.0000e-12  -64.91162  -64.67070 345.694844      99.97 1.3369e+03    967.479      23221  1029.7090  1029.7078    34.6527    34.6511    7.75359         20 0.0000e+00
    419.000    414.474     1.3605  30.136399     1.3585  30.133392     4.2198     4.2781    -0.0065    91.7094 1.0000e-12  -64.91162  -64.67068 345.694853      99.97 1.3350e+03    968.320      23241  1029.7138  1029.7128    34.6532    34.6516    7.75312         20 0.0000e+00
    420.000    415.462     1.3619  30.138159     1.3613  30.136611     4.2233     4.2807    -0.0004    91.7163 1.0000e-12  -64.91162  -64.67068 345.694862      99.97 1.3329e+03    969.080      23259  1029.7185  1029.7176    34.6533    34.6521    7.75284         17 0.0000e+00
    421.000    416.453     1.3618  30.138678     1.3613  30.137242     4.2234     4.2817    -0.0073    91.7299 1.0000e-12  -64.91162  -64.67068 345.694870      99.97 1.3327e+03    969.772      23276  1029.7234  1029.7224    34.6536    34.6523    7.75285         16 0.0000e+00
    422.000    417.440     1.3617  30.138888     1.3612  30.137458     4.2217     4.2824    -0.0150    91.7526 1.0000e-12  -64.91162  -64.67068 345.694878      99.97 1.3347e+03    970.458      23292  1029.7279  1029.7270    34.6534    34.6521    7.75288         17 0.0000e+00
    423.000    418.427     1.3618  30.139507     1.3613  30.137964     4.2250     4.2799    -0.0222    91.7556 1.0000e-12  -64.91162  -64.67070 345.694886      99.97 1.3363e+03    971.169      23309  1029.7327  1029.7316    34.6535    34.6521    7.75286         18 0.0000e+00
    424.000    419.417     1.3614  30.139671     1.3611  30.138286     4.2262     4.2798    -0.0155    91.7557 1.0000e-12  -64.91162  -64.67070 345.694897      99.97 1.3362e+03    972.070      23331  1029.7375  1029.7364    34.6535    34.6521    7.75293         27 0.0000e+00
    425.000    420.404     1.3615  30.140071     1.3610  30.138528     4.2288     4.2793    -0.0189    91.7557 1.0000e-12  -64.91162  -64.67070 345.694946      99.97 1.3394e+03    976.295      23432  1029.7421  1029.7410    34.6534    34.6520    7.75292         28 0.0000e+00
    426.000    421.391     1.3620  30.140932     1.3616  30.139712     4.2186     4.2763    -0.0072    91.7557 1.0000e-12  -64.91162  -64.67069 345.694961      99.97 1.3398e+03    977.621      23464  1029.7467  1029.7458    34.6533    34.6522    7.75282         20 0.0000e+00
    427.000    422.380     1.3623  30.141719     1.3617  30.140213     4.2101     4.2703    -0.0072    91.7557 1.0000e-12  -64.91162  -64.67068 345.694969      99.97 1.3398e+03    978.340      23481  1029.7515  1029.7504    34.6535    34.6522    7.75276         16 0.0000e+00
    428.000    423.368     1.3622  30.142056     1.3619  30.140757     4.2083     4.2714    -0.0067    91.7557 1.0000e-12  -64.91162  -64.67070 345.694976      99.97 1.3416e+03    978.973      23496  1029.7561  1029.7551    34.6533    34.6521    7.75278         14 0.0000e+00
    429.000    424.359     1.3625  30.142942     1.3621  30.141569     4.2167     4.2738    -0.0068    91.7557 1.0000e-12  -64.91162  -64.67070 345.694984      99.97 1.3416e+03    979.610      23512  1029.7609  1029.7599    34.6536    34.6523    7.75271         16 0.0000e+00
    430.000    425.346     1.3683  30.149581     1.3677  30.147839     4.2246     4.2708    -0.0063    91.7557 1.0000e-12  -64.91162  -64.67070 345.694994      99.97 1.3416e+03    980.464      23532  1029.7662  1029.7650    34.6551    34.6536    7.75148         26 0.0000e+00
    431.000    426.333     1.3652  30.146601     1.3657  30.146057     4.2207     4.2690    -0.0124    91.7582 1.0000e-12  -64.91162  -64.67070 345.695023      99.97 1.3444e+03    982.996      23593  1029.7705  1029.7694    34.6542    34.6529    7.75215         38 0.0000e+00
    432.000    427.321     1.3649  30.146929     1.3643  30.145207     4.2163     4.2621    -0.0076    91.7759 1.0000e-12  -64.91162  -64.67068 345.695037      99.97 1.3451e+03    984.212      23622  1029.7753  1029.7742    34.6543    34.6528    7.75220         22 0.0000e+00
    433.000    428.309     1.3647  30.146921     1.3641  30.145505     4.2115     4.2644    -0.0077    91.7586 1.0000e-12  -64.91162  -64.67066 345.695046      99.97 1.3451e+03    985.004      23641  1029.7798  1029.7789    34.6540    34.6529    7.75225         17 0.0000e+00
    434.000    429.296     1.3672  30.149558     1.3661  30.147583     4.2132     4.2684    -0.0077    91.7816 1.0000e-12  -64.91162  -64.67066 345.695054      99.97 1.3445e+03    985.651      23657  1029.7842  1029.7832    34.6540    34.6527    7.75177         14 0.0000e+00
    435.000    430.286     1.3735  30.156617     1.3730  30.155081     4.2109     4.2694    -0.0077    91.7797 1.0000e-12  -64.91162  -64.67066 345.695061      99.97 1.3433e+03    986.254      23671  1029.7894  1029.7884    34.6555    34.6541    7.75044         15 0.0000e+00
    436.000    431.275     1.3738  30.157768     1.3734  30.156342     4.2052     4.2704    -0.0077    91.7622 1.0000e-12  -64.91162  -64.67066 345.695068      99.97 1.3433e+03    986.900      23687  1029.7945  1029.7934    34.6560    34.6546    7.75035         17 0.0000e+00
    437.000    432.262     1.3722  30.156438     1.3723  30.155635     4.2079     4.2679    -0.0051    91.7500 1.0000e-12  -64.91162  -64.67068 345.695093      99.97 1.3428e+03    989.007      23737  1029.7991  1029.7981    34.6556    34.6544    7.75070         33 0.0000e+00
    438.000    433.251     1.3716  30.156028     1.3726  30.156276     4.2073     4.2584    -0.0075    91.7515 1.0000e-12  -64.91162  -64.67069 345.695140      99.97 1.3415e+03    993.132      23836  1029.8035  1029.8027    34.6551    34.6543    7.75084         24 0.0000e+00
    439.000    434.238     1.3751  30.160454     1.3744  30.158732     4.2073     4.2574    -0.0073    91.7558 1.0000e-12  -64.91162  -64.67067 345.695148      99.97 1.3411e+03    993.767      23851  1029.8087  1029.8077    34.6563    34.6549    7.75008         17 0.0000e+00
    440.000    435.224     1.3755  30.161450     1.3750  30.159982     4.2098     4.2587    -0.0093    91.7464 1.0000e-12  -64.91162  -64.67066 345.695155      99.97 1.3398e+03    994.402      23867  1029.8136  1029.8125    34.6566    34.6552    7.74999         14 0.0000e+00
    441.000    436.214     1.3761  30.162508     1.3756  30.161042     4.2076     4.2612    -0.0151    91.7377 1.0000e-12  -64.91162  -64.67066 345.695162      99.97 1.3398e+03    994.968      23880  1029.8183  1029.8173    34.6567    34.6553    7.74986         13 0.0000e+00
    442.000    437.204     1.3765  30.163247     1.3759  30.161807     4.2031     4.2617    -0.0133    91.7358 1.0000e-12  -64.91162  -64.67066 345.695168      99.97 1.3398e+03    995.504      23893  1029.8229  1029.8220    34.6566    34.6554    7.74979         13 0.0000e+00
    443.000    438.191     1.3766  30.164154     1.3762  30.162688     4.2049     4.2628    -0.0077    91.7558 1.0000e-12  -64.91160  -64.67066 345.695174      99.97 1.3395e+03    996.044      23906  1029.8280  1029.8269    34.6571    34.6557    7.74975         13 0.0000e+00
    444.000    439.180     1.3765  30.164561     1.3760  30.162978     4.2038     4.2623    -0.0077    91.7557 1.0000e-12  -64.91160  -64.67066 345.695181      99.97 1.3381e+03    996.642      23920  1029.8327  1029.8316    34.6571    34.6557    7.74976         16 0.0000e+00
    445.000    440.173     1.3769  30.165276     1.3765  30.163778     4.2012     4.2594    -0.0077    91.7557 1.0000e-12  -64.91160  -64.67067 345.695194      99.97 1.3368e+03    997.777      23948  1029.8373  1029.8361    34.6570    34.6556    7.74969         21 0.0000e+00
    446.000    441.153     1.3765  30.165445     1.3764  30.163988     4.1998     4.2620    -0.0122    91.7595 1.0000e-12  -64.91162  -64.67069 345.695234      99.97 1.3353e+03   1001.252      24031  1029.8421  1029.8407    34.6571    34.6553    7.74975         33 0.0000e+00
    447.000    442.144     1.3774  30.166495     1.3770  30.165084     4.2065     4.2603    -0.0136    91.7723 1.0000e-12  -64.91162  -64.67068 345.695253      99.97 1.3363e+03   1002.893      24070  1029.8465  1029.8455    34.6569    34.6555    7.74959         30 0.0000e+00
    448.000    443.131     1.3781  30.167765     1.3776  30.166219     4.2047     4.2554    -0.0073    91.7826 1.0000e-12  -64.91162  -64.67068 345.695266      99.97 1.3361e+03   1003.992      24097  1029.8514  1029.8503    34.6571    34.6557    7.74944         24 0.0000e+00
    449.000    444.120     1.3790  30.169051     1.3784  30.167392     4.2032     4.2532    -0.0074    91.7695 1.0000e-12  -64.91161  -64.67067 345.695277      99.97 1.3345e+03   1004.950      24120  1029.8560  1029.8549    34.6572    34.6558    7.74926         22 0.0000e+00
    450.000    445.107     1.3814  30.172010     1.3808  30.170365     4.1911     4.2567    -0.0209    91.7556 1.0000e-12  -64.91160  -64.67066 345.695288      99.97 1.3345e+03   1005.880      24142  1029.8610  1029.8598    34.6578    34.6563    7.74876         23 0.0000e+00
    451.000    446.096     1.3817  30.172897     1.3809  30.171219     4.1876     4.2483    -0.0112    91.7770 1.0000e-12  -64.91160  -64.67067 345.695299      99.97 1.3345e+03   1006.826      24165  1029.8657  1029.8648    34.6580    34.6567    7.74869         22 0.0000e+00
    452.000    447.081     1.3824  30.174114     1.3818  30.172516     4.1935     4.2502    -0.0075    91.7616 1.0000e-12  -64.91161  -64.67068 345.695309      99.97 1.3345e+03   1007.729      24186  1029.8706  1029.8695    34.6582    34.6568    7.74854         23 0.0000e+00
    453.000    448.072     1.3826  30.175051     1.3822  30.173411     4.1972     4.2511    -0.0077    91.7750 1.0000e-12  -64.91162  -64.67068 345.695322      99.97 1.3345e+03   1008.812      24212  1029.8755  1029.8743    34.6585    34.6570    7.74847         28 0.0000e+00
    454.000    449.060     1.3830  30.175922     1.3827  30.174457     4.1962     4.2486    -0.0077    91.7576 1.0000e-12  -64.91162  -64.67069 345.695337      99.97 1.3345e+03   1010.084      24243  1029.8802  1029.8791    34.6587    34.6572    7.74839         32 0.0000e+00
    455.000    450.048     1.3835  30.177026     1.3832  30.175504     4.1931     4.2516    -0.0091    91.7644 1.0000e-12  -64.91160  -64.67070 345.695356      99.97 1.3346e+03   1011.774      24284  1029.8851  1029.8839    34.6590    34.6574    7.74828         44 0.0000e+00
    456.000    451.034     1.3838  30.177777     1.3836  30.176343     4.1947     4.2459    -0.0098    91.7723 1.0000e-12  -64.91160  -64.67069 345.695386      99.97 1.3363e+03   1014.377      24346  1029.8898  1029.8886    34.6590    34.6575    7.74821         34 0.0000e+00
    457.000    452.025     1.3842  30.178408     1.3836  30.176902     4.1939     4.2392    -0.0064    91.7613 1.0000e-12  -64.91160  -64.67068 345.695403      99.97 1.3353e+03   1015.782      24380  1029.8944  1029.8934    34.6588    34.6576    7.74815         23 0.0000e+00
    458.000    453.011     1.3847  30.179393     1.3841  30.177791     4.1892     4.2390    -0.0064    91.7354 1.0000e-12  -64.91161  -64.67068 345.695412      99.97 1.3345e+03   1016.644      24400  1029.8991  1029.8981    34.6590    34.6576    7.74805         17 0.0000e+00
    459.000    453.999     1.3848  30.180095     1.3842  30.178568     4.1860     4.2399    -0.0068    91.7462 1.0000e-12  -64.91162  -64.67068 345.695420      99.97 1.3360e+03   1017.325      24417  1029.9040  1029.9030    34.6592    34.6579    7.74802         16 0.0000e+00
    460.000    454.987     1.3849  30.180640     1.3844  30.179156     4.1864     4.2447    -0.0072    91.7635 1.0000e-12  -64.91162  -64.67068 345.695428      99.97 1.3372e+03   1017.971      24432  1029.9086  1029.9076    34.6592    34.6579    7.74799         16 0.0000e+00
    461.000    455.977     1.3850  30.181325     1.3844  30.179807     4.1870     4.2469    -0.0110    91.7809 1.0000e-12  -64.91162  -64.67069 345.695436      99.97 1.3380e+03   1018.686      24449  1029.9135  1029.9125    34.6594    34.6581    7.74797         19 0.0000e+00
    462.000    456.964     1.3847  30.181469     1.3843  30.180013     4.1929     4.2470    -0.0145    91.7802 1.0000e-12  -64.91162  -64.67070 345.695450      99.97 1.3380e+03   1019.910      24479  1029.9182  1029.9171    34.6594    34.6579    7.74803         40 0.0000e+00
    463.000    457.950     1.3850  30.182135     1.3845  30.180692     4.2025     4.2452    -0.0007    91.7815 1.0000e-12  -64.91160  -64.67070 345.695472      99.97 1.3380e+03   1021.748      24523  1029.9228  1029.9217    34.6593    34.6580    7.74798         35 0.0000e+00
    464.000    458.941     1.3852  30.182759     1.3847  30.181313     4.2035     4.2454    -0.0113    91.7850 1.0000e-12  -64.91160  -64.67070 345.695487      99.97 1.3380e+03   1023.051      24554  1029.9275  1029.9264    34.6593    34.6580    7.74794         29 0.0000e+00
    465.000    459.927     1.3852  30.183236     1.3846  30.181807     4.1925     4.2405    -0.0093    91.7997 1.0000e-12  -64.91160  -64.67070 345.695500      99.97 1.3380e+03   1024.221      24582  1029.9322  1029.9312    34.6593    34.6581    7.74793         29 0.0000e+00
    466.000    460.916     1.3852  30.183717     1.3850  30.182498     4.1944     4.2444    -0.0017    91.7811 1.0000e-12  -64.91160  -64.67070 345.695516      99.97 1.3380e+03   1025.619      24616  1029.9369  1029.9358    34.6594    34.6580    7.74793         31 0.0000e+00
