NBP2113_155081_ctd/data/dnbp2113_016.cnv
* Sea-Bird SBE 9 Data File:
* FileName = D:\Data\raw\NBP2113_016.hex
* Software Version Seasave V 7.26.7.121
* Temperature SN = 2438
* Conductivity SN = 2067
* Number of Bytes Per Scan = 40
* Number of Voltage Words = 5
* Number of Scans Averaged by the Deck Unit = 1
* NMEA Latitude = 65 52.76 S
* NMEA Longitude = 068 17.29 W
* NMEA UTC (Time) = Nov 28 2021  02:04:04
* NMEA baud rate = 9600
** Ship: RVIB N.B. Palmer
** Cruise: NBP2113 LTER
** Station: 400.100
** Operator: S. Blackman
# nquan = 25
# nvalues = 337                         
# units = specified
# name 0 = prDM: Pressure, Digiquartz [db]
# name 1 = depSM: Depth [salt water, m]
# name 2 = t090C: Temperature [ITS-90, deg C]
# name 3 = c0mS/cm: Conductivity [mS/cm]
# name 4 = t190C: Temperature, 2 [ITS-90, deg C]
# name 5 = c1mS/cm: Conductivity, 2 [mS/cm]
# name 6 = sbeox0ML/L: Oxygen, SBE 43 [ml/l]
# name 7 = sbeox1ML/L: Oxygen, SBE 43, 2 [ml/l]
# name 8 = flECO-AFL: Fluorescence, WET Labs ECO-AFL/FL [mg/m^3]
# name 9 = CStarTr0: Beam Transmission, WET Labs C-Star [%]
# name 10 = par: PAR/Irradiance, Biospherical/Licor
# name 11 = latitude: Latitude [deg]
# name 12 = longitude: Longitude [deg]
# name 13 = timeJ: Julian Days
# name 14 = altM: Altimeter [m]
# name 15 = spar: SPAR, Biospherical/Licor
# name 16 = timeS: Time, Elapsed [seconds]
# name 17 = scan: Scan Count
# name 18 = density00: Density [density, kg/m^3]
# name 19 = density11: Density, 2 [density, kg/m^3]
# name 20 = sal00: Salinity, Practical [PSU]
# name 21 = sal11: Salinity, Practical, 2 [PSU]
# name 22 = oxsolML/L: Oxygen Saturation, Garcia & Gordon [ml/l]
# name 23 = nbin: number of scans per bin
# name 24 = flag: flag
# span 0 =      5.000,    341.000       
# span 1 =      4.949,    337.359       
# span 2 =    -0.6154,     1.5521       
# span 3 =  27.859274,  30.301786       
# span 4 =    -0.6155,     1.5520       
# span 5 =  27.857690,  30.300981       
# span 6 =     3.9517,     8.2301       
# span 7 =     4.0144,     8.2338       
# span 8 =    -0.0153,     2.8787       
# span 9 =    89.9439,    97.9051       
# span 10 = 1.0000e-12, 6.1303e+00      
# span 11 =  -65.88135,  -65.88016      
# span 12 =  -68.28768,  -68.28685      
# span 13 = 332.089455, 332.096643      
# span 14 =       1.64,      99.98      
# span 15 = 8.7700e+00, 1.2871e+01      
# span 16 =    284.943,    905.949      
# span 17 =       6840,      21744      
# span 18 =  1027.3798,  1029.3881      
# span 19 =  1027.3774,  1029.3873      
# span 20 =    34.0393,    34.7137      
# span 21 =    34.0369,    34.7128      
# span 22 =    7.71228,    8.19349      
# span 23 =          6,         48      
# span 24 = 0.0000e+00, 0.0000e+00      
# interval = decibars: 1                
# start_time = Nov 28 2021 02:04:04 [NMEA time, header]
# bad_flag = -9.990e-29
*END*
[from data line 174]
    179.000    177.157     1.4154  30.071216     1.4156  30.070216     3.9760     4.0189    -0.0068    97.8604 1.0000e-12  -65.88086  -68.28718 332.093886      99.98 1.0577e+01    667.726      16026  1028.5776  1028.5763    34.6483    34.6468    7.74258         24 0.0000e+00
    180.000    178.148     1.4202  30.076606     1.4204  30.075699     3.9620     4.0191    -0.0060    97.8610 1.0000e-12  -65.88086  -68.28718 332.093898      99.98 1.0577e+01    668.801      16052  1028.5827  1028.5816    34.6493    34.6479    7.74158         29 0.0000e+00
    181.000    179.134     1.4175  30.074208     1.4179  30.073485     3.9617     4.0217     0.0063    97.8801 1.0000e-12  -65.88086  -68.28719 332.093930      99.98 1.0577e+01    671.561      16118  1028.5874  1028.5863    34.6486    34.6473    7.74214         37 0.0000e+00
    182.000    180.127     1.4216  30.079600     1.4215  30.078526     3.9726     4.0203     0.0010    97.8731 1.0000e-12  -65.88086  -68.28718 332.093954      99.98 1.0577e+01    673.596      16167  1028.5932  1028.5923    34.6504    34.6491    7.74124         19 0.0000e+00
    183.000    181.114     1.4281  30.087559     1.4277  30.086129     3.9741     4.0192     0.0010    97.8810 1.0000e-12  -65.88086  -68.28718 332.093962      99.98 1.0577e+01    674.279      16184  1028.5992  1028.5981    34.6528    34.6514    7.73984         16 0.0000e+00
    184.000    182.104     1.4343  30.094281     1.4344  30.093315     3.9646     4.0219     0.0012    97.8841 1.0000e-12  -65.88086  -68.28718 332.093969      99.98 1.0577e+01    674.892      16198  1028.6043  1028.6032    34.6540    34.6526    7.73856         14 0.0000e+00
    185.000    183.093     1.4376  30.098597     1.4377  30.097692     3.9596     4.0216     0.0017    97.8812 1.0000e-12  -65.88086  -68.28718 332.093976      99.98 1.0577e+01    675.521      16214  1028.6097  1028.6087    34.6551    34.6539    7.73784         17 0.0000e+00
    186.000    184.084     1.4436  30.105344     1.4440  30.104618     3.9736     4.0220    -0.0055    97.8612 1.0000e-12  -65.88088  -68.28716 332.093987      99.98 1.0577e+01    676.498      16237  1028.6150  1028.6139    34.6566    34.6552    7.73659         29 0.0000e+00
    187.000    185.070     1.4427  30.104924     1.4400  30.100863     3.9791     4.0317    -0.0001    97.8582 1.0000e-12  -65.88088  -68.28718 332.094021      99.98 1.0577e+01    679.444      16308  1028.6199  1028.6185    34.6564    34.6542    7.73677         29 0.0000e+00
    188.000    186.059     1.4518  30.115411     1.4512  30.114126     3.9816     4.0228     0.0048    97.8740 1.0000e-12  -65.88088  -68.28718 332.094033      99.98 1.0577e+01    680.408      16331  1028.6260  1028.6252    34.6592    34.6582    7.73485         20 0.0000e+00
    189.000    187.051     1.4539  30.118272     1.4538  30.117310     3.9769     4.0226     0.0105    97.8823 1.0000e-12  -65.88088  -68.28718 332.094041      99.98 1.0577e+01    681.133      16348  1028.6312  1028.6302    34.6599    34.6588    7.73439         16 0.0000e+00
    190.000    188.040     1.4560  30.121442     1.4561  30.120597     3.9769     4.0222    -0.0060    97.8841 1.0000e-12  -65.88088  -68.28718 332.094048      99.98 1.0577e+01    681.783      16364  1028.6367  1028.6356    34.6611    34.6598    7.73392         15 0.0000e+00
    191.000    189.029     1.4593  30.125724     1.4594  30.124850     3.9747     4.0231    -0.0037    97.8841 1.0000e-12  -65.88088  -68.28718 332.094056      99.98 1.0577e+01    682.423      16379  1028.6421  1028.6411    34.6623    34.6611    7.73321         16 0.0000e+00
    192.000    190.018     1.4608  30.128239     1.4607  30.127149     3.9805     4.0207     0.0015    97.8659 1.0000e-12  -65.88090  -68.28716 332.094064      99.98 1.0577e+01    683.128      16396  1028.6474  1028.6464    34.6632    34.6620    7.73286         18 0.0000e+00
    193.000    191.007     1.4626  30.130930     1.4628  30.130162     3.9694     4.0220     0.0023    97.8788 1.0000e-12  -65.88090  -68.28717 332.094075      99.98 1.0577e+01    684.099      16419  1028.6527  1028.6518    34.6641    34.6629    7.73245         32 0.0000e+00
    194.000    191.996     1.4609  30.129327     1.4574  30.124353     3.9631     4.0215    -0.0057    97.8659 1.0000e-12  -65.88090  -68.28716 332.094136      99.98 1.0577e+01    689.343      16545  1028.6573  1028.6556    34.6634    34.6608    7.73284         26 0.0000e+00
    195.000    192.984     1.4658  30.136280     1.4659  30.135226     3.9581     4.0191     0.0070    97.8664 1.0000e-12  -65.88090  -68.28716 332.094147      99.98 1.0577e+01    690.299      16568  1028.6638  1028.6626    34.6662    34.6648    7.73172         19 0.0000e+00
    196.000    193.974     1.4671  30.138261     1.4670  30.137258     3.9549     4.0157     0.0098    97.8680 1.0000e-12  -65.88090  -68.28716 332.094156      99.98 1.0577e+01    691.037      16586  1028.6689  1028.6679    34.6668    34.6655    7.73144         16 0.0000e+00
    197.000    194.965     1.4680  30.139748     1.4681  30.138729     3.9517     4.0162    -0.0077    97.8881 1.0000e-12  -65.88091  -68.28716 332.094163      99.98 1.0577e+01    691.684      16601  1028.6737  1028.6726    34.6671    34.6657    7.73124         15 0.0000e+00
    198.000    195.953     1.4691  30.141531     1.4691  30.140621     3.9543     4.0182    -0.0029    97.8840 1.0000e-12  -65.88092  -68.28716 332.094170      99.97 1.0577e+01    692.281      16616  1028.6787  1028.6777    34.6675    34.6663    7.73100         14 0.0000e+00
    199.000    196.941     1.4704  30.143430     1.4704  30.142337     3.9641     4.0261     0.0008    97.8719 1.0000e-12  -65.88092  -68.28715 332.094176      99.98 1.0577e+01    692.849      16629  1028.6837  1028.6825    34.6679    34.6665    7.73072         13 0.0000e+00
    200.000    197.933     1.4718  30.145693     1.4718  30.144650     3.9763     4.0329     0.0001    97.8600 1.0000e-12  -65.88092  -68.28714 332.094183      99.98 1.0577e+01    693.403      16643  1028.6888  1028.6878    34.6687    34.6674    7.73041         14 0.0000e+00
    201.000    198.921     1.4734  30.148428     1.4734  30.147419     3.9773     4.0335     0.0032    97.8800 1.0000e-12  -65.88092  -68.28716 332.094189      99.98 1.0577e+01    693.969      16656  1028.6943  1028.6933    34.6698    34.6685    7.73004         14 0.0000e+00
    202.000    199.910     1.4730  30.148991     1.4730  30.148069     3.9763     4.0284     0.0068    97.8723 1.0000e-12  -65.88092  -68.28716 332.094197      99.98 1.0577e+01    694.602      16671  1028.6996  1028.6986    34.6704    34.6692    7.73009         17 0.0000e+00
    203.000    200.900     1.4715  30.147549     1.4721  30.147412     3.9761     4.0247     0.0047    97.8629 1.0000e-12  -65.88092  -68.28716 332.094231      99.98 1.0577e+01    697.568      16743  1028.7039  1028.7032    34.6696    34.6688    7.73042         27 0.0000e+00
    204.000    201.889     1.4717  30.148176     1.4723  30.148579     3.9842     4.0260    -0.0060    97.8845 1.0000e-12  -65.88092  -68.28715 332.094280      99.98 1.0577e+01    701.831      16845  1028.7087  1028.7085    34.6696    34.6694    7.73038         19 0.0000e+00
    205.000    202.876     1.4730  30.151390     1.4730  30.150483     3.9815     4.0324    -0.0061    97.8841 1.0000e-12  -65.88092  -68.28714 332.094288      99.98 1.0577e+01    702.447      16860  1028.7149  1028.7140    34.6717    34.6705    7.73002         14 0.0000e+00
    206.000    203.865     1.4738  30.153140     1.4738  30.152325     3.9898     4.0360    -0.0066    97.8882 1.0000e-12  -65.88094  -68.28714 332.094294      99.98 1.0577e+01    703.017      16873  1028.7202  1028.7194    34.6725    34.6715    7.72982         13 0.0000e+00
    207.000    204.856     1.4747  30.154910     1.4747  30.154030     3.9942     4.0345    -0.0133    97.8920 1.0000e-12  -65.88094  -68.28714 332.094300      99.98 1.0577e+01    703.542      16886  1028.7253  1028.7244    34.6731    34.6720    7.72960         13 0.0000e+00
    208.000    205.845     1.4751  30.155977     1.4753  30.155058     3.9901     4.0319    -0.0144    97.8906 1.0000e-12  -65.88094  -68.28714 332.094306      99.98 1.0577e+01    704.050      16898  1028.7303  1028.7291    34.6735    34.6721    7.72951         12 0.0000e+00
    209.000    206.836     1.4757  30.157223     1.4759  30.156283     3.9858     4.0299    -0.0150    97.8884 1.0000e-12  -65.88094  -68.28714 332.094312      99.98 1.0577e+01    704.562      16910  1028.7351  1028.7341    34.6738    34.6724    7.72937         12 0.0000e+00
    210.000    207.820     1.4775  30.159795     1.4776  30.158915     3.9890     4.0307    -0.0150    97.8841 1.0000e-12  -65.88094  -68.28714 332.094318      99.98 1.0577e+01    705.106      16924  1028.7403  1028.7393    34.6745    34.6733    7.72898         14 0.0000e+00
    211.000    208.814     1.4806  30.163989     1.4807  30.163198     3.9896     4.0374    -0.0075    97.8688 1.0000e-12  -65.88094  -68.28714 332.094326      99.98 1.0577e+01    705.805      16940  1028.7457  1028.7448    34.6759    34.6747    7.72830         23 0.0000e+00
    212.000    209.803     1.4767  30.159368     1.4786  30.160808     3.9833     4.0391    -0.0038    97.8594 1.0000e-12  -65.88095  -68.28714 332.094384      99.98 1.0577e+01    710.760      17059  1028.7492  1028.7489    34.6737    34.6735    7.72918         19 0.0000e+00
    213.000    210.789     1.4838  30.168449     1.4838  30.167533     3.9969     4.0401     0.0025    97.8721 1.0000e-12  -65.88096  -68.28714 332.094393      99.98 1.0577e+01    711.541      17078  1028.7557  1028.7548    34.6768    34.6756    7.72762         15 0.0000e+00
    214.000    211.780     1.4868  30.172401     1.4870  30.171665     4.0036     4.0421    -0.0032    97.8822 1.0000e-12  -65.88096  -68.28714 332.094400      99.98 1.0577e+01    712.157      17093  1028.7610  1028.7601    34.6780    34.6768    7.72697         15 0.0000e+00
    215.000    212.768     1.4846  30.170908     1.4848  30.170162     4.0043     4.0493    -0.0054    97.8840 1.0000e-12  -65.88096  -68.28714 332.094407      99.98 1.0577e+01    712.793      17108  1028.7659  1028.7650    34.6779    34.6768    7.72740         16 0.0000e+00
    216.000    213.759     1.4809  30.168106     1.4808  30.167010     4.0047     4.0519    -0.0132    97.8841 1.0000e-12  -65.88096  -68.28714 332.094417      99.98 1.0577e+01    713.615      17128  1028.7710  1028.7700    34.6779    34.6766    7.72814         26 0.0000e+00
    217.000    214.746     1.4772  30.165369     1.4769  30.163974     4.0000     4.0467     0.0022    97.8841 1.0000e-12  -65.88096  -68.28714 332.094441      99.98 1.0577e+01    715.698      17178  1028.7761  1028.7750    34.6778    34.6764    7.72885         42 0.0000e+00
    218.000    215.733     1.4810  30.169260     1.4812  30.168808     3.9923     4.0408     0.0052    97.8764 1.0000e-12  -65.88096  -68.28712 332.094466      99.98 1.0577e+01    717.896      17231  1028.7806  1028.7799    34.6781    34.6772    7.72811         28 0.0000e+00
    219.000    216.727     1.4809  30.170019     1.4803  30.168678     3.9973     4.0409    -0.0038    97.8787 1.0000e-12  -65.88096  -68.28712 332.094477      99.98 1.0577e+01    718.787      17252  1028.7857  1028.7849    34.6786    34.6775    7.72810         19 0.0000e+00
    220.000    217.714     1.4839  30.173875     1.4840  30.172956     3.9999     4.0439    -0.0073    97.8598 1.0000e-12  -65.88096  -68.28712 332.094485      99.98 1.0577e+01    719.524      17270  1028.7909  1028.7899    34.6796    34.6783    7.72746         16 0.0000e+00
    221.000    218.705     1.4854  30.175956     1.4853  30.174922     4.0021     4.0447    -0.0061    97.8740 1.0000e-12  -65.88096  -68.28712 332.094493      99.97 1.0577e+01    720.224      17286  1028.7958  1028.7949    34.6800    34.6788    7.72714         18 0.0000e+00
    222.000    219.692     1.4823  30.173881     1.4823  30.172941     4.0036     4.0508    -0.0016    97.8600 1.0000e-12  -65.88096  -68.28712 332.094502      99.98 1.0577e+01    721.001      17305  1028.8010  1028.8001    34.6802    34.6790    7.72774         20 0.0000e+00
    223.000    220.681     1.4804  30.172760     1.4803  30.171785     4.0047     4.0545    -0.0036    97.8802 1.0000e-12  -65.88096  -68.28713 332.094515      99.98 1.0577e+01    722.118      17332  1028.8060  1028.8051    34.6803    34.6791    7.72810         35 0.0000e+00
    224.000    221.669     1.4783  30.171770     1.4782  30.170736     4.0014     4.0485    -0.0072    97.8728 1.0000e-12  -65.88098  -68.28713 332.094533      99.98 1.0577e+01    723.695      17370  1028.8113  1028.8104    34.6807    34.6796    7.72849         37 0.0000e+00
    225.000    222.660     1.4816  30.176241     1.4816  30.175283     3.9897     4.0451    -0.0069    97.8676 1.0000e-12  -65.88098  -68.28713 332.094551      99.98 1.0577e+01    725.165      17405  1028.8168  1028.8159    34.6822    34.6810    7.72777         37 0.0000e+00
    226.000    223.649     1.4859  30.181109     1.4864  30.180512     3.9846     4.0404    -0.0035    97.8703 1.0000e-12  -65.88098  -68.28712 332.094581      99.98 1.0577e+01    727.769      17467  1028.8218  1028.8207    34.6831    34.6818    7.72688         32 0.0000e+00
    227.000    224.637     1.4874  30.183235     1.4870  30.182224     3.9890     4.0371    -0.0061    97.8809 1.0000e-12  -65.88098  -68.28710 332.094601      99.98 1.0577e+01    729.534      17510  1028.8268  1028.8261    34.6836    34.6827    7.72656         21 0.0000e+00
    228.000    225.626     1.4859  30.182937     1.4856  30.181717     3.9981     4.0460    -0.0067    97.9051 1.0000e-12  -65.88098  -68.28710 332.094609      99.98 1.0577e+01    730.222      17526  1028.8322  1028.8312    34.6843    34.6830    7.72682         15 0.0000e+00
    229.000    226.615     1.4886  30.186025     1.4884  30.184827     4.0048     4.0444    -0.0116    97.8920 1.0000e-12  -65.88098  -68.28710 332.094616      99.98 1.0577e+01    730.793      17540  1028.8369  1028.8359    34.6846    34.6833    7.72626         13 0.0000e+00
    230.000    227.605     1.4877  30.185624     1.4877  30.184813     4.0056     4.0438    -0.0138    97.8840 1.0000e-12  -65.88098  -68.28710 332.094622      99.97 1.0577e+01    731.321      17553  1028.8417  1028.8408    34.6846    34.6834    7.72645         12 0.0000e+00
    231.000    228.595     1.4826  30.181627     1.4823  30.180479     4.0062     4.0477    -0.0145    97.8639 1.0000e-12  -65.88098  -68.28710 332.094628      99.98 1.0577e+01    731.852      17565  1028.8469  1028.8460    34.6845    34.6834    7.72745         14 0.0000e+00
    232.000    229.584     1.4794  30.179279     1.4793  30.178330     4.0030     4.0508    -0.0146    97.8587 1.0000e-12  -65.88098  -68.28710 332.094635      99.98 1.0577e+01    732.493      17581  1028.8519  1028.8510    34.6844    34.6834    7.72807         19 0.0000e+00
    233.000    230.572     1.4826  30.182233     1.4825  30.181188     4.0076     4.0572    -0.0086    97.8583 1.0000e-12  -65.88100  -68.28710 332.094674      99.98 1.0577e+01    735.823      17661  1028.8559  1028.8549    34.6841    34.6828    7.72747         29 0.0000e+00
    234.000    231.560     1.4781  30.179014     1.4772  30.177531     4.0051     4.0566    -0.0068    97.8583 1.0000e-12  -65.88100  -68.28710 332.094692      99.98 1.0577e+01    737.389      17698  1028.8613  1028.8607    34.6844    34.6835    7.72834         18 0.0000e+00
    235.000    232.550     1.4758  30.177939     1.4759  30.177020     4.0072     4.0552    -0.0068    97.8568 1.0000e-12  -65.88100  -68.28710 332.094700      99.98 1.0577e+01    738.092      17715  1028.8667  1028.8657    34.6849    34.6837    7.72875         17 0.0000e+00
