NBP2113_155081_ctd/data/dnbp2113_020.cnv
* Sea-Bird SBE 9 Data File:
* FileName = D:\Data\raw\NBP2113_020.hex
* Software Version Seasave V 7.26.7.121
* Temperature SN = 2438
* Conductivity SN = 2067
* Number of Bytes Per Scan = 40
* Number of Voltage Words = 5
* Number of Scans Averaged by the Deck Unit = 1
* NMEA Latitude = 66 30.70 S
* NMEA Longitude = 069 51.30 W
* NMEA UTC (Time) = Nov 29 2021  16:09:08
* NMEA baud rate = 9600
** Ship: RVIB N.B. Palmer
** Cruise: NBP2113 LTER
** Station: 300.100
** Operator: S. Blackman
# nquan = 25
# nvalues = 473                         
# units = specified
# name 0 = prDM: Pressure, Digiquartz [db]
# name 1 = depSM: Depth [salt water, m]
# name 2 = t090C: Temperature [ITS-90, deg C]
# name 3 = c0mS/cm: Conductivity [mS/cm]
# name 4 = t190C: Temperature, 2 [ITS-90, deg C]
# name 5 = c1mS/cm: Conductivity, 2 [mS/cm]
# name 6 = sbeox0ML/L: Oxygen, SBE 43 [ml/l]
# name 7 = sbeox1ML/L: Oxygen, SBE 43, 2 [ml/l]
# name 8 = flECO-AFL: Fluorescence, WET Labs ECO-AFL/FL [mg/m^3]
# name 9 = CStarTr0: Beam Transmission, WET Labs C-Star [%]
# name 10 = par: PAR/Irradiance, Biospherical/Licor
# name 11 = latitude: Latitude [deg]
# name 12 = longitude: Longitude [deg]
# name 13 = timeJ: Julian Days
# name 14 = altM: Altimeter [m]
# name 15 = spar: SPAR, Biospherical/Licor
# name 16 = timeS: Time, Elapsed [seconds]
# name 17 = scan: Scan Count
# name 18 = density00: Density [density, kg/m^3]
# name 19 = density11: Density, 2 [density, kg/m^3]
# name 20 = sal00: Salinity, Practical [PSU]
# name 21 = sal11: Salinity, Practical, 2 [PSU]
# name 22 = oxsolML/L: Oxygen Saturation, Garcia & Gordon [ml/l]
# name 23 = nbin: number of scans per bin
# name 24 = flag: flag
# span 0 =      4.000,    476.000       
# span 1 =      3.960,    470.742       
# span 2 =    -1.0407,     1.4954       
# span 3 =  27.504245,  30.242663       
# span 4 =    -1.0402,     1.4954       
# span 5 =  27.503563,  30.241760       
# span 6 =     3.9383,     8.1753       
# span 7 =     3.9984,     8.2315       
# span 8 =    -0.0225,     1.6450       
# span 9 =    92.0012,    97.4947       
# span 10 = 1.0000e-12, 4.0811e+02      
# span 11 =  -66.51185,  -66.51127      
# span 12 =  -69.86089,  -69.85710      
# span 13 = 333.676603, 333.686010      
# span 14 =       6.05,     102.80      
# span 15 = 9.8898e+02, 1.0912e+03      
# span 16 =    310.468,   1123.272      
# span 17 =       7452,      26960      
# span 18 =  1027.3592,  1030.0451      
# span 19 =  1027.3575,  1030.0443      
# span 20 =    34.0127,    34.7264      
# span 21 =    34.0098,    34.7255      
# span 22 =    7.72397,    8.28673      
# span 23 =         12,         49      
# span 24 = 0.0000e+00, 0.0000e+00      
# interval = decibars: 1                
# start_time = Nov 29 2021 16:09:08 [NMEA time, header]
# bad_flag = -9.990e-29
*END*
[from data line 58]
     62.000     61.378    -0.8397  27.626617    -0.8392  27.625853     7.9533     8.0653     1.6450    93.5293 4.6639e+00  -66.51175  -69.85792 333.678521      99.97 1.0103e+03    476.192      11430  1027.6527  1027.6514    34.0223    34.0207    8.24555         31 0.0000e+00
     63.000     62.366    -0.8633  27.610564    -0.8634  27.609397     7.8288     7.9908     1.3969    93.6673 4.3674e+00  -66.51176  -69.85792 333.678553      99.97 1.0083e+03    478.951      11496  1027.6623  1027.6611    34.0266    34.0251    8.25048         37 0.0000e+00
     64.000     63.356    -0.8928  27.592993    -0.8930  27.592135     7.7982     7.9493     1.5098    93.6974 4.1794e+00  -66.51176  -69.85794 333.678567      99.97 1.0084e+03    480.169      11525  1027.6761  1027.6753    34.0354    34.0344    8.25644         27 0.0000e+00
     65.000     64.347    -0.9155  27.579888    -0.9149  27.579212     7.8306     7.9586     1.5225    93.7375 3.9927e+00  -66.51176  -69.85795 333.678582      99.97 1.0084e+03    481.458      11556  1027.6880  1027.6867    34.0427    34.0411    8.26100         37 0.0000e+00
     66.000     65.335    -0.9185  27.585619    -0.9189  27.583959     7.7675     7.8862     1.3428    93.9155 3.4669e+00  -66.51176  -69.85798 333.678666      99.97 1.0100e+03    488.768      11731  1027.7004  1027.6991    34.0532    34.0514    8.26103         26 0.0000e+00
     67.000     66.325    -0.9250  27.580852    -0.9284  27.576622     7.7874     7.8830     1.1630    93.9133 3.2261e+00  -66.51176  -69.85798 333.678681      99.97 1.0101e+03    490.043      11762  1027.7057  1027.7045    34.0535    34.0516    8.26244         24 0.0000e+00
     68.000     67.315    -0.9552  27.554561    -0.9706  27.541171     7.7852     7.8833     1.2485    94.0299 3.0576e+00  -66.51176  -69.85798 333.678694      99.97 1.0101e+03    491.127      11788  1027.7105  1027.7110    34.0512    34.0505    8.26921         30 0.0000e+00
     69.000     68.307    -0.9650  27.546911    -0.9624  27.547660     7.7918     7.8740     1.4382    94.1249 2.8942e+00  -66.51175  -69.85801 333.678750      99.97 1.0089e+03    495.993      11905  1027.7154  1027.7137    34.0513    34.0494    8.27137         41 0.0000e+00
     70.000     69.294    -0.9928  27.525580    -0.9918  27.525350     7.7576     7.8528     1.2542    94.5012 2.6295e+00  -66.51175  -69.85804 333.678802      99.97 1.0087e+03    500.530      12014  1027.7230  1027.7217    34.0532    34.0516    8.27739         37 0.0000e+00
     71.000     70.285    -1.0096  27.512874    -1.0094  27.511841     7.7495     7.8494     1.1812    94.7797 2.4942e+00  -66.51176  -69.85804 333.678824      99.97 1.0084e+03    502.400      12059  1027.7293  1027.7281    34.0542    34.0525    8.28102         32 0.0000e+00
     72.000     71.274    -1.0183  27.507215    -1.0177  27.506540     7.7469     7.8305     0.9236    94.7379 2.4018e+00  -66.51176  -69.85805 333.678838      99.97 1.0084e+03    503.577      12087  1027.7358  1027.7344    34.0558    34.0541    8.28286         28 0.0000e+00
     73.000     72.264    -1.0187  27.508644    -1.0174  27.508672     7.7168     7.8170     1.3201    94.8326 2.2611e+00  -66.51175  -69.85808 333.678886      99.97 1.0077e+03    507.738      12187  1027.7414  1027.7403    34.0575    34.0561    8.28284         35 0.0000e+00
     74.000     73.255    -0.9877  27.537460    -0.9851  27.538394     7.6223     7.7544     0.9247    95.1094 2.0840e+00  -66.51174  -69.85810 333.678952      99.98 1.0073e+03    513.476      12324  1027.7464  1027.7450    34.0610    34.0593    8.27579         20 0.0000e+00
     75.000     74.242    -0.9605  27.561586    -0.9593  27.561661     7.5755     7.7177     0.9095    95.1235 2.0003e+00  -66.51174  -69.85812 333.678962      99.97 1.0083e+03    514.291      12344  1027.7506  1027.7497    34.0625    34.0612    8.26973         19 0.0000e+00
     76.000     75.234    -1.0017  27.531420    -1.0050  27.527989     7.5583     7.6913     1.0384    94.8747 1.9166e+00  -66.51174  -69.85814 333.678972      99.97 1.0084e+03    515.178      12365  1027.7624  1027.7619    34.0674    34.0665    8.27852         25 0.0000e+00
     77.000     76.220    -1.0396  27.504245    -1.0391  27.503563     7.5556     7.6728     1.1599    95.0790 1.7882e+00  -66.51174  -69.85816 333.679023      99.97 1.0077e+03    519.620      12472  1027.7737  1027.7725    34.0728    34.0712    8.28657         33 0.0000e+00
     78.000     77.213    -1.0407  27.504658    -1.0402  27.503905     7.5269     7.6415     0.7983    95.5945 1.6538e+00  -66.51174  -69.85820 333.679097      99.97 1.0066e+03    525.970      12624  1027.7791  1027.7779    34.0739    34.0723    8.28673         23 0.0000e+00
     79.000     78.202    -1.0398  27.506843    -1.0394  27.506109     7.5285     7.6385     0.5908    95.6928 1.5920e+00  -66.51174  -69.85821 333.679107      99.97 1.0076e+03    526.810      12644  1027.7849  1027.7838    34.0753    34.0738    8.28646         22 0.0000e+00
     80.000     79.192    -1.0376  27.509876    -1.0369  27.509135     7.5344     7.6383     0.5820    95.8272 1.5245e+00  -66.51174  -69.85822 333.679117      99.98 1.0084e+03    527.740      12667  1027.7903  1027.7889    34.0763    34.0745    8.28592         24 0.0000e+00
     81.000     80.182    -1.0364  27.511370    -1.0360  27.510547     7.5319     7.6355     0.6115    95.8332 1.4177e+00  -66.51174  -69.85822 333.679146      99.97 1.0084e+03    530.186      12725  1027.7950  1027.7937    34.0764    34.0747    8.28565         37 0.0000e+00
     82.000     81.170    -1.0330  27.515505    -1.0328  27.514455     7.4608     7.5641     0.5867    95.9667 1.3040e+00  -66.51172  -69.85828 333.679249      99.97 1.0067e+03    539.101      12939  1027.8003  1027.7989    34.0775    34.0758    8.28482         38 0.0000e+00
     83.000     82.161    -1.0241  27.526575    -1.0236  27.525675     7.3260     7.4756     0.5479    95.9941 1.2465e+00  -66.51173  -69.85829 333.679268      99.97 1.0066e+03    540.724      12978  1027.8081  1027.8066    34.0819    34.0800    8.28261         23 0.0000e+00
     84.000     83.152    -1.0229  27.529874    -1.0225  27.528803     7.2095     7.4036     0.5374    95.9658 1.1841e+00  -66.51174  -69.85828 333.679278      99.98 1.0064e+03    541.602      12999  1027.8149  1027.8133    34.0844    34.0825    8.28220         22 0.0000e+00
     85.000     84.141    -1.0063  27.551842    -1.0062  27.550391     7.1802     7.3730     0.5194    96.0292 1.1260e+00  -66.51174  -69.85828 333.679289      99.98 1.0051e+03    542.534      13022  1027.8271  1027.8254    34.0949    34.0928    8.27792         24 0.0000e+00
     86.000     85.129    -0.9885  27.572797    -0.9861  27.574058     7.2207     7.3853     0.5372    96.0953 1.0794e+00  -66.51174  -69.85828 333.679303      99.98 1.0065e+03    543.782      13052  1027.8371  1027.8361    34.1026    34.1016    8.27353         35 0.0000e+00
     87.000     86.119    -0.9809  27.583093    -0.9842  27.578067     6.8209     7.0803     0.5160    95.9330 9.7269e-01  -66.51173  -69.85833 333.679407      99.97 1.0068e+03    552.742      13267  1027.8458  1027.8434    34.1074    34.1043    8.27159         20 0.0000e+00
     88.000     87.110    -0.9405  27.630154    -0.9417  27.627810     6.4557     6.8432     0.4763    96.1051 9.2906e-01  -66.51174  -69.85834 333.679428      99.97 1.0066e+03    554.598      13311  1027.8622  1027.8607    34.1251    34.1233    8.26167         17 0.0000e+00
     89.000     88.098    -0.8864  27.688194    -0.8891  27.685140     6.2708     6.7413     0.4758    96.1281 8.9971e-01  -66.51174  -69.85834 333.679436      99.97 1.0066e+03    555.307      13328  1027.8771  1027.8763    34.1420    34.1410    8.24881         16 0.0000e+00
     90.000     89.089    -0.8183  27.761662    -0.8145  27.764584     6.2471     6.6927     0.4583    96.0144 8.7571e-01  -66.51174  -69.85834 333.679445      99.98 1.0065e+03    556.021      13345  1027.8953  1027.8946    34.1640    34.1637    8.23264         18 0.0000e+00
     91.000     90.079    -0.7589  27.823651    -0.7601  27.820906     6.3800     6.7092     0.4711    96.0847 8.5348e-01  -66.51174  -69.85835 333.679455      99.97 1.0049e+03    556.912      13367  1027.9095  1027.9076    34.1801    34.1777    8.21874         27 0.0000e+00
     92.000     91.069    -0.7229  27.861391    -0.7231  27.857439     6.2415     6.5462     0.4935    96.2702 7.6657e-01  -66.51173  -69.85841 333.679538      99.98 1.0048e+03    564.122      13540  1027.9214  1027.9170    34.1899    34.1847    8.21035         34 0.0000e+00
     93.000     92.058    -0.6856  27.900006    -0.6851  27.898765     6.0736     6.3671     0.5094    96.3148 7.1589e-01  -66.51172  -69.85843 333.679585      99.98 1.0055e+03    568.179      13637  1027.9325  1027.9303    34.1993    34.1970    8.20171         36 0.0000e+00
     94.000     93.049    -0.6556  27.930450    -0.6597  27.925283     5.9645     6.2105     0.4377    96.4367 7.1492e-01  -66.51172  -69.85844 333.679612      99.98 1.0038e+03    570.510      13693  1027.9417  1027.9399    34.2058    34.2035    8.19481         49 0.0000e+00
     95.000     94.037    -0.5929  27.996361    -0.5885  27.998269     5.8581     6.1185     0.3412    96.5987 6.9662e-01  -66.51172  -69.85846 333.679633      99.97 1.0033e+03    572.294      13736  1027.9570  1027.9546    34.2232    34.2209    8.18024         34 0.0000e+00
     96.000     95.028    -0.5526  28.036936    -0.5526  28.034447     5.8495     6.1121     0.3428    96.6704 6.5830e-01  -66.51172  -69.85846 333.679657      99.98 1.0041e+03    574.391      13786  1027.9669  1027.9641    34.2317    34.2284    8.17105         39 0.0000e+00
     97.000     96.016    -0.5343  28.054603    -0.5337  28.053742     5.8817     6.0379     0.2170    96.6936 5.8270e-01  -66.51172  -69.85850 333.679730      99.98 1.0044e+03    580.710      13938  1027.9748  1027.9728    34.2342    34.2323    8.16697         27 0.0000e+00
     98.000     97.006    -0.5310  28.057769    -0.5325  28.055638     5.8445     5.9945     0.2557    96.7390 5.6139e-01  -66.51172  -69.85852 333.679754      99.97 1.0045e+03    582.750      13987  1027.9799  1027.9787    34.2342    34.2329    8.16627         29 0.0000e+00
     99.000     97.995    -0.4877  28.102928    -0.4860  28.103532     5.5603     5.7615     0.2898    96.7868 5.7161e-01  -66.51171  -69.85854 333.679800      99.98 1.0013e+03    586.727      14082  1027.9915  1027.9901    34.2453    34.2442    8.15630         34 0.0000e+00
    100.000     98.985    -0.4304  28.161449    -0.4270  28.163630     5.3335     5.6210     0.2585    96.8167 5.5238e-01  -66.51170  -69.85855 333.679812      99.98 1.0021e+03    587.733      14107  1028.0029  1028.0018    34.2586    34.2577    8.14324         21 0.0000e+00
    101.000     99.976    -0.3602  28.232222    -0.3627  28.228843     5.2605     5.5904     0.2092    96.8514 5.2776e-01  -66.51170  -69.85856 333.679821      99.98 1.0031e+03    588.560      14126  1028.0150  1028.0136    34.2737    34.2720    8.12734         20 0.0000e+00
    102.000    100.964    -0.3087  28.283596    -0.3126  28.278347     5.3053     5.5779     0.2546    96.8512 5.0022e-01  -66.51169  -69.85856 333.679832      99.98 1.0031e+03    589.471      14148  1028.0247  1028.0226    34.2839    34.2812    8.11579         26 0.0000e+00
    103.000    101.955    -0.2739  28.319785    -0.2912  28.299448     5.1573     5.4150     0.2331    96.8766 4.4498e-01  -66.51169  -69.85857 333.679883      99.97 1.0036e+03    593.866      14254  1028.0355  1028.0304    34.2924    34.2847    8.10789         34 0.0000e+00
    104.000    102.943    -0.1591  28.434204    -0.1622  28.430054     4.8649     5.1776     0.1787    96.9277 4.1345e-01  -66.51170  -69.85858 333.679916      99.98 1.0031e+03    596.770      14323  1028.0509  1028.0491    34.3152    34.3131    8.08222         23 0.0000e+00
    105.000    103.933    -0.1051  28.488605    -0.1073  28.485364     4.8203     5.1164     0.1533    96.9246 4.0112e-01  -66.51170  -69.85859 333.679927      99.98 1.0030e+03    597.672      14345  1028.0612  1028.0595    34.3262    34.3244    8.07018         19 0.0000e+00
    106.000    104.924    -0.0372  28.557978    -0.0410  28.552909     4.7939     5.0708     0.1387    96.9574 3.9118e-01  -66.51170  -69.85860 333.679936      99.98 1.0014e+03    598.465      14364  1028.0735  1028.0715    34.3415    34.3391    8.05501         19 0.0000e+00
    107.000    105.914    -0.0000  28.592783    -0.0002  28.591298     4.7725     5.0306     0.1388    96.9841 3.8273e-01  -66.51170  -69.85862 333.679945      99.97 1.0013e+03    599.226      14382  1028.0792  1028.0775    34.3453    34.3436    8.04697         18 0.0000e+00
    108.000    106.901     0.0114  28.605126     0.0116  28.603994     4.7498     5.0026     0.1388    97.0044 3.7406e-01  -66.51170  -69.85862 333.679954      99.98 1.0022e+03    599.994      14401  1028.0862  1028.0845    34.3483    34.3465    8.04440         19 0.0000e+00
    109.000    107.892     0.0515  28.645234     0.0587  28.651546     4.7646     4.9866     0.1440    97.0514 3.6354e-01  -66.51169  -69.85862 333.679963      99.97 1.0031e+03    600.817      14421  1028.0946  1028.0940    34.3558    34.3560    8.03557         20 0.0000e+00
    110.000    108.882     0.1040  28.695965     0.1039  28.695068     4.7870     4.9785     0.1509    97.0388 3.5115e-01  -66.51168  -69.85863 333.679973      99.97 1.0031e+03    601.709      14442  1028.1021  1028.1010    34.3633    34.3623    8.02414         23 0.0000e+00
    111.000    109.870     0.1061  28.698643     0.1060  28.697598     4.8142     4.9844     0.1251    96.8014 3.3428e-01  -66.51168  -69.85863 333.679985      99.97 1.0031e+03    602.675      14465  1028.1082  1028.1070    34.3639    34.3627    8.02367         24 0.0000e+00
    112.000    110.861     0.1030  28.695660     0.1036  28.695074     4.8666     5.0033     0.1251    97.0958 3.1294e-01  -66.51168  -69.85862 333.679998      99.98 1.0031e+03    603.787      14492  1028.1135  1028.1121    34.3629    34.3615    8.02439         31 0.0000e+00
    113.000    111.849     0.0833  28.675558     0.0815  28.672036     4.8891     4.9818     0.1178    97.1255 2.7891e-01  -66.51168  -69.85863 333.680034      99.98 1.0043e+03    606.973      14568  1028.1176  1028.1156    34.3578    34.3551    8.02880         41 0.0000e+00
    114.000    112.840     0.1220  28.713996     0.1229  28.713659     4.8458     4.9282     0.0880    97.1702 2.6133e-01  -66.51168  -69.85865 333.680071      99.97 1.0018e+03    610.096      14643  1028.1260  1028.1247    34.3646    34.3631    8.02031         26 0.0000e+00
    115.000    113.829     0.1200  28.712643     0.1200  28.711558     4.8389     4.9165     0.0752    97.1671 2.5492e-01  -66.51168  -69.85866 333.680080      99.98 1.0013e+03    610.895      14662  1028.1312  1028.1300    34.3645    34.3631    8.02074         19 0.0000e+00
    116.000    114.818     0.1242  28.717432     0.1235  28.715623     4.7580     4.8592     0.0596    97.1631 2.4805e-01  -66.51168  -69.85867 333.680088      99.97 1.0013e+03    611.605      14680  1028.1367  1028.1354    34.3655    34.3638    8.01981         16 0.0000e+00
    117.000    115.810     0.1339  28.727800     0.1327  28.725341     4.6393     4.7916     0.0613    97.1724 2.4009e-01  -66.51168  -69.85868 333.680095      99.98 1.0013e+03    612.236      14695  1028.1427  1028.1411    34.3678    34.3658    8.01767         14 0.0000e+00
    118.000    116.797     0.1576  28.752676     0.1578  28.751802     4.5391     4.7457     0.0597    97.1930 2.3215e-01  -66.51168  -69.85868 333.680102      99.98 1.0013e+03    612.828      14709  1028.1502  1028.1490    34.3734    34.3720    8.01239         14 0.0000e+00
