NBP2113_155081_ctd/data/dnbp2113_008.cnv
* Sea-Bird SBE 9 Data File:
* FileName = D:\Data\raw\NBP2113_008.hex
* Software Version Seasave V 7.26.7.121
* Temperature SN = 2438
* Conductivity SN = 2067
* Number of Bytes Per Scan = 40
* Number of Voltage Words = 5
* Number of Scans Averaged by the Deck Unit = 1
* NMEA Latitude = 64 55.99 S
* NMEA Longitude = 064 24.05 W
* NMEA UTC (Time) = Nov 25 2021  04:33:36
* NMEA baud rate = 9600
** Ship: RVIB N.B. Palmer
** Cruise: NBP2113 LTER
** Station: 600.040
** Operator: B. Urmston
# nquan = 25
# nvalues = 1296                        
# units = specified
# name 0 = prDM: Pressure, Digiquartz [db]
# name 1 = depSM: Depth [salt water, m]
# name 2 = t090C: Temperature [ITS-90, deg C]
# name 3 = c0mS/cm: Conductivity [mS/cm]
# name 4 = t190C: Temperature, 2 [ITS-90, deg C]
# name 5 = c1mS/cm: Conductivity, 2 [mS/cm]
# name 6 = sbeox0ML/L: Oxygen, SBE 43 [ml/l]
# name 7 = sbeox1ML/L: Oxygen, SBE 43, 2 [ml/l]
# name 8 = flECO-AFL: Fluorescence, WET Labs ECO-AFL/FL [mg/m^3]
# name 9 = CStarTr0: Beam Transmission, WET Labs C-Star [%]
# name 10 = par: PAR/Irradiance, Biospherical/Licor
# name 11 = latitude: Latitude [deg]
# name 12 = longitude: Longitude [deg]
# name 13 = timeJ: Julian Days
# name 14 = altM: Altimeter [m]
# name 15 = spar: SPAR, Biospherical/Licor
# name 16 = timeS: Time, Elapsed [seconds]
# name 17 = scan: Scan Count
# name 18 = density00: Density [density, kg/m^3]
# name 19 = density11: Density, 2 [density, kg/m^3]
# name 20 = sal00: Salinity, Practical [PSU]
# name 21 = sal11: Salinity, Practical, 2 [PSU]
# name 22 = oxsolML/L: Oxygen Saturation, Garcia & Gordon [ml/l]
# name 23 = nbin: number of scans per bin
# name 24 = flag: flag
# span 0 =      1.000,   1296.000       
# span 1 =      0.993,   1279.310       
# span 2 =    -0.7217,     1.4983       
# span 3 =  27.579744,  30.658622       
# span 4 =    -0.7168,     1.4984       
# span 5 =  27.577733,  30.657683       
# span 6 =     4.0496,     8.2724       
# span 7 =     4.0874,     8.1826       
# span 8 =    -0.0226,     1.5457       
# span 9 =    91.7954,    98.1822       
# span 10 = 1.0000e-12, 2.4837e+00      
# span 11 =  -64.93316,  -64.93258      
# span 12 =  -64.40234,  -64.40134      
# span 13 = 329.193839, 329.215783      
# span 14 =       8.09,     100.04      
# span 15 = 0.0000e+00, 0.0000e+00      
# span 16 =    331.755,   2227.683      
# span 17 =       7963,      53465      
# span 18 =  1027.2065,  1033.7898      
# span 19 =  1027.2044,  1033.7883      
# span 20 =    33.8374,    34.6787      
# span 21 =    33.8342,    34.6773      
# span 22 =    7.72468,    8.22906      
# span 23 =          3,         50      
# span 24 = 0.0000e+00, 0.0000e+00      
# interval = decibars: 1                
# start_time = Nov 25 2021 04:33:36 [NMEA time, header]
# bad_flag = -9.990e-29
*END*
[from data line 116]
    117.000    115.821     0.1915  28.782724     0.1917  28.781385     5.8490     5.7945     0.0733    97.7043 1.0000e-12  -64.93302  -64.40178 329.197685      99.98 0.0000e+00    663.987      15937  1028.1471  1028.1454    34.3756    34.3736    8.00520         33 0.0000e+00
    118.000    116.811     0.1939  28.785512     0.1941  28.784240     5.8447     5.7880     0.0737    97.7225 1.0000e-12  -64.93302  -64.40178 329.197700      99.98 0.0000e+00    665.245      15967  1028.1523  1028.1507    34.3761    34.3742    8.00469         28 0.0000e+00
    119.000    117.801     0.1976  28.789517     0.1980  28.788308     5.8595     5.7844     0.0638    97.6202 1.0000e-12  -64.93302  -64.40178 329.197712      99.98 0.0000e+00    666.336      15993  1028.1573  1028.1556    34.3766    34.3745    8.00389         25 0.0000e+00
    120.000    118.789     0.1995  28.791734     0.1993  28.790037     5.8330     5.7739     0.0611    97.6959 1.0000e-12  -64.93302  -64.40178 329.197724      99.98 0.0000e+00    667.332      16017  1028.1621  1028.1605    34.3768    34.3747    8.00347         23 0.0000e+00
    121.000    119.779     0.2018  28.794657     0.2018  28.793069     5.8266     5.7597     0.0620    97.7049 1.0000e-12  -64.93302  -64.40178 329.197735      99.98 0.0000e+00    668.283      16040  1028.1674  1028.1657    34.3775    34.3754    8.00296         23 0.0000e+00
    122.000    120.768     0.2108  28.804985     0.2110  28.803615     5.8016     5.7439     0.0574    97.7243 1.0000e-12  -64.93302  -64.40178 329.197746      99.98 0.0000e+00    669.293      16064  1028.1738  1028.1722    34.3803    34.3784    8.00091         26 0.0000e+00
    123.000    121.759     0.2247  28.819484     0.2247  28.817755     5.8006     5.7359     0.0615    97.7244 1.0000e-12  -64.93302  -64.40178 329.197761      99.98 0.0000e+00    670.562      16094  1028.1800  1028.1782    34.3833    34.3810    7.99786         35 0.0000e+00
    124.000    122.748     0.2394  28.834773     0.2395  28.832924     5.7312     5.6980     0.0724    97.7251 1.0000e-12  -64.93302  -64.40179 329.197782      99.98 0.0000e+00    672.392      16138  1028.1864  1028.1843    34.3864    34.3839    7.99464         40 0.0000e+00
    125.000    123.737     0.2643  28.861356     0.2646  28.859756     5.7224     5.6759     0.0595    97.5280 1.0000e-12  -64.93302  -64.40180 329.197801      99.98 0.0000e+00    674.040      16178  1028.1945  1028.1926    34.3929    34.3905    7.98910         31 0.0000e+00
    126.000    124.727     0.2776  28.876149     0.2779  28.874694     5.7230     5.6786     0.0541    97.7112 1.0000e-12  -64.93302  -64.40178 329.197814      99.98 0.0000e+00    675.088      16203  1028.2016  1028.1998    34.3969    34.3947    7.98612         22 0.0000e+00
    127.000    125.718     0.2790  28.878400     0.2792  28.877001     5.7192     5.6846     0.0551    97.7107 1.0000e-12  -64.93302  -64.40178 329.197823      99.97 0.0000e+00    675.929      16223  1028.2071  1028.2054    34.3977    34.3957    7.98578         19 0.0000e+00
    128.000    126.707     0.2781  28.878559     0.2784  28.877209     5.7584     5.6878     0.0498    97.7119 1.0000e-12  -64.93302  -64.40178 329.197832      99.98 0.0000e+00    676.702      16242  1028.2126  1028.2109    34.3984    34.3962    7.98594         19 0.0000e+00
    129.000    127.696     0.2762  28.878047     0.2764  28.876732     5.7817     5.6917     0.0485    97.7436 1.0000e-12  -64.93302  -64.40178 329.197842      99.98 0.0000e+00    677.524      16262  1028.2184  1028.2167    34.3992    34.3972    7.98629         21 0.0000e+00
    130.000    128.685     0.2760  28.879718     0.2763  28.878388     5.7615     5.6850     0.0673    97.7168 1.0000e-12  -64.93302  -64.40179 329.197855      99.98 0.0000e+00    678.701      16290  1028.2247  1028.2230    34.4010    34.3989    7.98623         37 0.0000e+00
    131.000    129.676     0.2799  28.884787     0.2810  28.884805     5.7438     5.6759     0.0549    97.7341 1.0000e-12  -64.93302  -64.40180 329.197883      99.98 0.0000e+00    681.083      16347  1028.2308  1028.2298    34.4026    34.4015    7.98532         42 0.0000e+00
    132.000    130.665     0.2834  28.889758     0.2835  28.888159     5.7366     5.6634     0.0518    97.7350 1.0000e-12  -64.93302  -64.40180 329.197903      99.98 0.0000e+00    682.858      16390  1028.2371  1028.2353    34.4047    34.4025    7.98448         29 0.0000e+00
    133.000    131.654     0.2915  28.898818     0.2915  28.897252     5.7080     5.6468     0.0474    97.7345 1.0000e-12  -64.93302  -64.40180 329.197915      99.98 0.0000e+00    683.832      16413  1028.2430  1028.2414    34.4070    34.4049    7.98268         21 0.0000e+00
    134.000    132.644     0.3039  28.911007     0.3032  28.908632     5.6855     5.6277     0.0423    97.7462 1.0000e-12  -64.93302  -64.40180 329.197924      99.98 0.0000e+00    684.626      16432  1028.2481  1028.2463    34.4086    34.4062    7.98003         17 0.0000e+00
    135.000    133.633     0.3103  28.919262     0.3087  28.917005     5.6718     5.6093     0.0436    97.7340 1.0000e-12  -64.93302  -64.40180 329.197932      99.98 0.0000e+00    685.341      16449  1028.2549  1028.2541    34.4116    34.4105    7.97852         17 0.0000e+00
    136.000    134.624     0.3490  28.957086     0.3490  28.955743     5.6538     5.5985     0.0432    97.7458 1.0000e-12  -64.93302  -64.40180 329.197941      99.98 0.0000e+00    686.082      16467  1028.2610  1028.2596    34.4174    34.4157    7.97019         19 0.0000e+00
    137.000    135.613     0.3578  28.966595     0.3584  28.965663     5.6579     5.5930     0.0516    97.7561 1.0000e-12  -64.93302  -64.40180 329.197950      99.98 0.0000e+00    686.908      16487  1028.2669  1028.2653    34.4195    34.4175    7.96826         22 0.0000e+00
    138.000    136.602     0.3706  28.978770     0.3718  28.978554     5.6492     5.5900     0.0575    97.7554 1.0000e-12  -64.93302  -64.40180 329.197965      99.98 0.0000e+00    688.184      16517  1028.2717  1028.2703    34.4206    34.4189    7.96557         37 0.0000e+00
    139.000    137.592     0.3780  28.987257     0.3814  28.988944     5.6259     5.5625     0.0682    97.7287 1.0000e-12  -64.93302  -64.40181 329.197997      99.98 0.0000e+00    690.970      16584  1028.2782  1028.2768    34.4228    34.4212    7.96390         40 0.0000e+00
    140.000    138.581     0.3837  28.993907     0.3835  28.992263     5.5933     5.5376     0.0649    97.7296 1.0000e-12  -64.93302  -64.40182 329.198016      99.98 0.0000e+00    692.571      16623  1028.2843  1028.2828    34.4245    34.4226    7.96263         26 0.0000e+00
    141.000    139.569     0.3878  28.999620     0.3881  28.998338     5.5786     5.5269     0.0555    97.7296 1.0000e-12  -64.93302  -64.40182 329.198026      99.98 0.0000e+00    693.462      16644  1028.2907  1028.2890    34.4268    34.4248    7.96165         19 0.0000e+00
    142.000    140.562     0.3955  29.007848     0.3957  29.006588     5.5598     5.5188     0.0500    97.7296 1.0000e-12  -64.93302  -64.40180 329.198034      99.98 0.0000e+00    694.186      16661  1028.2962  1028.2946    34.4285    34.4265    7.95999         16 0.0000e+00
    143.000    141.549     0.4064  29.019490     0.4062  29.017884     5.5493     5.5117     0.0381    97.7296 1.0000e-12  -64.93302  -64.40180 329.198042      99.98 0.0000e+00    694.852      16677  1028.3021  1028.3006    34.4309    34.4290    7.95760         16 0.0000e+00
    144.000    142.540     0.4144  29.027966     0.4143  29.026385     5.5556     5.5090     0.0366    97.7296 1.0000e-12  -64.93302  -64.40180 329.198051      99.98 0.0000e+00    695.568      16695  1028.3076  1028.3060    34.4325    34.4306    7.95587         19 0.0000e+00
    145.000    143.530     0.4227  29.036712     0.4232  29.035674     5.5579     5.5051     0.0517    97.7296 1.0000e-12  -64.93302  -64.40181 329.198061      99.98 0.0000e+00    696.484      16717  1028.3130  1028.3115    34.4340    34.4322    7.95406         26 0.0000e+00
    146.000    144.520     0.4257  29.039578     0.4260  29.038622     5.5418     5.4940     0.0540    97.7380 1.0000e-12  -64.93302  -64.40181 329.198084      99.98 0.0000e+00    698.424      16763  1028.3178  1028.3165    34.4340    34.4323    7.95346         40 0.0000e+00
    147.000    145.508     0.4303  29.045131     0.4300  29.043463     5.4991     5.4650     0.0482    97.7552 1.0000e-12  -64.93302  -64.40183 329.198108      99.97 0.0000e+00    700.498      16813  1028.3237  1028.3222    34.4354    34.4336    7.95242         33 0.0000e+00
    148.000    146.497     0.4430  29.059881     0.4431  29.058319     5.4992     5.4505     0.0445    97.7336 1.0000e-12  -64.93302  -64.40183 329.198121      99.98 0.0000e+00    701.623      16840  1028.3311  1028.3294    34.4399    34.4378    7.94955         24 0.0000e+00
    149.000    147.486     0.4504  29.068585     0.4505  29.067190     5.4797     5.4414     0.0370    97.7333 1.0000e-12  -64.93302  -64.40182 329.198131      99.98 0.0000e+00    702.535      16862  1028.3374  1028.3358    34.4425    34.4406    7.94790         21 0.0000e+00
    150.000    148.478     0.4531  29.071855     0.4532  29.070612     5.4871     5.4332     0.0352    97.7284 1.0000e-12  -64.93302  -64.40182 329.198141      99.98 0.0000e+00    703.408      16883  1028.3426  1028.3411    34.4432    34.4414    7.94730         21 0.0000e+00
    151.000    149.465     0.4573  29.076834     0.4584  29.076424     5.4885     5.4259     0.0382    97.7357 1.0000e-12  -64.93302  -64.40182 329.198152      99.98 0.0000e+00    704.364      16906  1028.3481  1028.3465    34.4444    34.4426    7.94637         25 0.0000e+00
    152.000    150.455     0.4685  29.088727     0.4693  29.087734     5.4584     5.4131     0.0436    97.7679 1.0000e-12  -64.93302  -64.40182 329.198166      99.98 0.0000e+00    705.511      16933  1028.3540  1028.3522    34.4469    34.4447    7.94393         30 0.0000e+00
    153.000    151.445     0.4833  29.104201     0.4829  29.102147     5.4414     5.3905     0.0436    97.7628 1.0000e-12  -64.93302  -64.40182 329.198181      99.98 0.0000e+00    706.867      16966  1028.3601  1028.3584    34.4500    34.4478    7.94072         34 0.0000e+00
    154.000    152.434     0.5033  29.125184     0.5029  29.123315     5.4294     5.3847     0.0365    97.7746 1.0000e-12  -64.93302  -64.40184 329.198198      99.98 0.0000e+00    708.309      17000  1028.3670  1028.3655    34.4545    34.4525    7.93636         35 0.0000e+00
    155.000    153.423     0.5092  29.131362     0.5090  29.129734     5.4320     5.3841     0.0395    97.7290 1.0000e-12  -64.93302  -64.40184 329.198214      99.98 0.0000e+00    709.706      17034  1028.3723  1028.3707    34.4554    34.4535    7.93511         32 0.0000e+00
    156.000    154.414     0.5121  29.134720     0.5124  29.133450     5.4246     5.3828     0.0483    97.7526 1.0000e-12  -64.93302  -64.40184 329.198228      99.98 0.0000e+00    710.939      17064  1028.3774  1028.3758    34.4559    34.4539    7.93447         28 0.0000e+00
    157.000    155.404     0.5154  29.138428     0.5156  29.137150     5.4313     5.3707     0.0411    97.7703 1.0000e-12  -64.93302  -64.40184 329.198241      99.98 0.0000e+00    712.020      17089  1028.3825  1028.3809    34.4565    34.4546    7.93377         24 0.0000e+00
    158.000    156.392     0.5196  29.142962     0.5195  29.141519     5.4247     5.3635     0.0355    97.7899 1.0000e-12  -64.93302  -64.40184 329.198253      99.98 0.0000e+00    713.031      17114  1028.3875  1028.3861    34.4571    34.4553    7.93287         24 0.0000e+00
    159.000    157.381     0.5273  29.151165     0.5273  29.149531     5.4313     5.3594     0.0362    97.7821 1.0000e-12  -64.93302  -64.40182 329.198264      99.98 0.0000e+00    714.026      17138  1028.3930  1028.3912    34.4587    34.4565    7.93122         24 0.0000e+00
    160.000    158.372     0.5322  29.156603     0.5325  29.155078     5.4124     5.3572     0.0411    97.7953 1.0000e-12  -64.93302  -64.40182 329.198276      99.98 0.0000e+00    715.079      17163  1028.3983  1028.3964    34.4597    34.4574    7.93015         27 0.0000e+00
    161.000    159.360     0.5394  29.164264     0.5395  29.162746     5.3953     5.3489     0.0323    97.7911 1.0000e-12  -64.93302  -64.40184 329.198290      99.98 0.0000e+00    716.285      17192  1028.4037  1028.4020    34.4611    34.4590    7.92860         31 0.0000e+00
    162.000    160.349     0.5496  29.175111     0.5498  29.173759     5.3919     5.3407     0.0437    97.7967 1.0000e-12  -64.93302  -64.40184 329.198307      99.98 0.0000e+00    717.736      17227  1028.4094  1028.4079    34.4633    34.4613    7.92638         38 0.0000e+00
    163.000    161.340     0.5521  29.178137     0.5524  29.177137     5.3742     5.3221     0.0436    97.7932 1.0000e-12  -64.93302  -64.40184 329.198325      99.98 0.0000e+00    719.284      17264  1028.4147  1028.4134    34.4639    34.4622    7.92585         36 0.0000e+00
    164.000    162.329     0.5589  29.186282     0.5591  29.184968     5.3493     5.3040     0.0416    97.7703 1.0000e-12  -64.93300  -64.40184 329.198341      99.98 0.0000e+00    720.632      17296  1028.4209  1028.4194    34.4663    34.4643    7.92431         29 0.0000e+00
    165.000    163.318     0.5580  29.187440     0.5584  29.186143     5.3376     5.2950     0.0339    97.8035 1.0000e-12  -64.93301  -64.40184 329.198354      99.98 0.0000e+00    721.743      17323  1028.4274  1028.4257    34.4682    34.4661    7.92439         25 0.0000e+00
    166.000    164.307     0.5635  29.193667     0.5636  29.192234     5.3274     5.2895     0.0289    97.7939 1.0000e-12  -64.93302  -64.40184 329.198365      99.98 0.0000e+00    722.732      17347  1028.4329  1028.4313    34.4696    34.4676    7.92319         22 0.0000e+00
    167.000    165.297     0.5675  29.198110     0.5675  29.196571     5.3486     5.2899     0.0286    97.7929 1.0000e-12  -64.93302  -64.40184 329.198376      99.98 0.0000e+00    723.687      17369  1028.4380  1028.4364    34.4703    34.4683    7.92233         24 0.0000e+00
    168.000    166.286     0.5708  29.201995     0.5711  29.200698     5.3337     5.2836     0.0214    97.7762 1.0000e-12  -64.93301  -64.40184 329.198388      99.98 0.0000e+00    724.689      17394  1028.4432  1028.4416    34.4711    34.4691    7.92161         25 0.0000e+00
    169.000    167.275     0.5732  29.205045     0.5735  29.203712     5.3209     5.2731     0.0335    97.7939 1.0000e-12  -64.93300  -64.40184 329.198401      99.98 0.0000e+00    725.843      17421  1028.4484  1028.4467    34.4718    34.4698    7.92108         31 0.0000e+00
    170.000    168.266     0.5786  29.211289     0.5786  29.209848     5.3144     5.2702     0.0316    97.8201 1.0000e-12  -64.93300  -64.40184 329.198418      99.98 0.0000e+00    727.297      17456  1028.4540  1028.4525    34.4733    34.4715    7.91989         36 0.0000e+00
    171.000    169.253     0.5840  29.217190     0.5843  29.216165     5.3175     5.2626     0.0461    97.8338 1.0000e-12  -64.93300  -64.40185 329.198436      99.98 0.0000e+00    728.905      17495  1028.4594  1028.4580    34.4745    34.4728    7.91874         36 0.0000e+00
    172.000    170.244     0.5923  29.225774     0.5918  29.223874     5.3006     5.2557     0.0168    97.8326 1.0000e-12  -64.93300  -64.40186 329.198452      99.98 0.0000e+00    730.251      17527  1028.4645  1028.4630    34.4758    34.4739    7.91697         30 0.0000e+00
    173.000    171.233     0.5996  29.233629     0.5987  29.231078     5.2945     5.2429     0.0139    97.8326 1.0000e-12  -64.93300  -64.40186 329.198465      99.98 0.0000e+00    731.371      17554  1028.4698  1028.4681    34.4773    34.4750    7.91538         24 0.0000e+00
