NBP2113_155081_ctd/data/dnbp2113_026.cnv
* Sea-Bird SBE 9 Data File:
* FileName = D:\Data\raw\NBP2113_026.hex
* Software Version Seasave V 7.26.7.121
* Temperature SN = 2438
* Conductivity SN = 2067
* Number of Bytes Per Scan = 40
* Number of Voltage Words = 5
* Number of Scans Averaged by the Deck Unit = 1
* NMEA Latitude = 68 01.82 S
* NMEA Longitude = 069 17.18 W
* NMEA UTC (Time) = Dec 04 2021  00:09:45
* NMEA baud rate = 9600
** Ship: RVIB N.B. Palmer
** Cruise: NBP2113 LTER
** Station: 200.-040
** Operator: S. Blackman
# nquan = 25
# nvalues = 460                         
# units = specified
# name 0 = prDM: Pressure, Digiquartz [db]
# name 1 = depSM: Depth [salt water, m]
# name 2 = t090C: Temperature [ITS-90, deg C]
# name 3 = c0mS/cm: Conductivity [mS/cm]
# name 4 = t190C: Temperature, 2 [ITS-90, deg C]
# name 5 = c1mS/cm: Conductivity, 2 [mS/cm]
# name 6 = sbeox0ML/L: Oxygen, SBE 43 [ml/l]
# name 7 = sbeox1ML/L: Oxygen, SBE 43, 2 [ml/l]
# name 8 = flECO-AFL: Fluorescence, WET Labs ECO-AFL/FL [mg/m^3]
# name 9 = CStarTr0: Beam Transmission, WET Labs C-Star [%]
# name 10 = par: PAR/Irradiance, Biospherical/Licor
# name 11 = latitude: Latitude [deg]
# name 12 = longitude: Longitude [deg]
# name 13 = timeJ: Julian Days
# name 14 = altM: Altimeter [m]
# name 15 = spar: SPAR, Biospherical/Licor
# name 16 = timeS: Time, Elapsed [seconds]
# name 17 = scan: Scan Count
# name 18 = density00: Density [density, kg/m^3]
# name 19 = density11: Density, 2 [density, kg/m^3]
# name 20 = sal00: Salinity, Practical [PSU]
# name 21 = sal11: Salinity, Practical, 2 [PSU]
# name 22 = oxsolML/L: Oxygen Saturation, Garcia & Gordon [ml/l]
# name 23 = nbin: number of scans per bin
# name 24 = flag: flag
# span 0 =      4.000,    463.000       
# span 1 =      3.960,    457.853       
# span 2 =    -1.2277,     1.3992       
# span 3 =  27.186184,  30.200971       
# span 4 =    -1.2269,     1.3987       
# span 5 =  27.184535,  30.199674       
# span 6 =     4.0084,     8.3591       
# span 7 =     4.0520,     8.3696       
# span 8 =    -0.0191,     2.3507       
# span 9 =    88.6985,    96.9034       
# span 10 = 1.0000e-12, 7.1997e+01      
# span 11 =  -68.03038,  -68.02984      
# span 12 =  -69.28797,  -69.28596      
# span 13 = 338.010309, 338.019699      
# span 14 =       1.07,     128.98      
# span 15 = 1.5965e+02, 2.0626e+02      
# span 16 =    305.716,   1116.976      
# span 17 =       7338,      26808      
# span 18 =  1027.1948,  1029.9497      
# span 19 =  1027.1930,  1029.9485      
# span 20 =    33.7958,    34.6921      
# span 21 =    33.7935,    34.6908      
# span 22 =    7.74355,    8.34047      
# span 23 =         10,         45      
# span 24 = 0.0000e+00, 0.0000e+00      
# interval = decibars: 1                
# start_time = Dec 04 2021 00:09:45 [NMEA time, header]
# bad_flag = -9.990e-29
*END*
      4.000      3.960    -0.9535  27.339118    -0.9520  27.338735     8.3591     8.3671     2.0579    89.0505 7.1997e+01  -68.03038  -69.28634 338.010309     128.98 2.0626e+02    305.716       7338  1027.1948  1027.1930    33.7958    33.7935    8.28380         12 0.0000e+00
      5.000      4.951    -0.9541  27.339492    -0.9538  27.338020     8.3191     8.3696     1.9713    88.9715 6.0274e+01  -68.03038  -69.28634 338.010324      42.41 2.0626e+02    306.998       7369  1027.2001  1027.1982    33.7963    33.7939    8.28389         31 0.0000e+00
      6.000      5.938    -0.9530  27.341085    -0.9523  27.339847     8.3142     8.3662     2.0935    88.8554 5.2266e+01  -68.03038  -69.28635 338.010388      18.65 2.0626e+02    312.484       7501  1027.2051  1027.2031    33.7967    33.7942    8.28364         38 0.0000e+00
      7.000      6.932    -0.9531  27.341429    -0.9523  27.340507     8.3233     8.3532     2.2638    88.9529 4.1363e+01  -68.03038  -69.28634 338.010450       1.83 2.0626e+02    317.902       7631  1027.2099  1027.2081    33.7966    33.7944    8.28366         30 0.0000e+00
      8.000      7.921    -0.9480  27.347073    -0.9478  27.345395     8.3179     8.3501     2.0894    88.9627 3.6584e+01  -68.03038  -69.28634 338.010486       1.20 2.0626e+02    320.981       7705  1027.2155  1027.2134    33.7979    33.7954    8.28246         37 0.0000e+00
      9.000      8.909    -0.9500  27.345546    -0.9487  27.344704     8.3164     8.3551     2.3440    88.9237 2.9701e+01  -68.03038  -69.28636 338.010533       1.32 2.0626e+02    325.091       7803  1027.2201  1027.2179    33.7975    33.7948    8.28293         37 0.0000e+00
     10.000      9.900    -0.9493  27.346688    -0.9479  27.346060     8.3093     8.3472     2.1635    88.8299 2.6035e+01  -68.03038  -69.28633 338.010551       1.07 2.0626e+02    326.612       7840  1027.2249  1027.2230    33.7976    33.7952    8.28276         29 0.0000e+00
     11.000     10.890    -0.9468  27.349660    -0.9464  27.348189     8.3050     8.3506     2.1166    89.0008 2.3206e+01  -68.03038  -69.28632 338.010565       1.42 2.0626e+02    327.826       7869  1027.2301  1027.2281    33.7982    33.7958    8.28217         32 0.0000e+00
     12.000     11.878    -0.9465  27.349858    -0.9465  27.348021     8.3238     8.3457     2.1164    88.8985 2.1353e+01  -68.03038  -69.28635 338.010622       3.31 2.0626e+02    332.709       7986  1027.2344  1027.2324    33.7975    33.7951    8.28215         30 0.0000e+00
     13.000     12.870    -0.9464  27.350544    -0.9458  27.349433     8.3018     8.3409     2.1686    88.8470 1.7511e+01  -68.03038  -69.28636 338.010640       2.59 2.0626e+02    334.318       8025  1027.2393  1027.2376    33.7977    33.7956    8.28212         28 0.0000e+00
     14.000     13.860    -0.9473  27.350341    -0.9473  27.348348     8.3146     8.3531     2.2429    88.8674 1.4758e+01  -68.03038  -69.28635 338.010665       1.78 2.0570e+02    336.477       8076  1027.2443  1027.2421    33.7978    33.7951    8.28231         34 0.0000e+00
     15.000     14.848    -0.9496  27.348354    -0.9513  27.344945     8.3168     8.3604     2.0099    88.8307 1.4027e+01  -68.03038  -69.28634 338.010696      38.40 2.0444e+02    339.136       8140  1027.2487  1027.2466    33.7971    33.7944    8.28285         32 0.0000e+00
     16.000     15.840    -0.9506  27.347830    -0.9499  27.346718     8.3090     8.3652     2.1308    88.8625 1.2622e+01  -68.03038  -69.28632 338.010709      36.10 2.0449e+02    340.228       8166  1027.2534  1027.2515    33.7969    33.7946    8.28309         27 0.0000e+00
     17.000     16.830    -0.9491  27.349887    -0.9521  27.344783     8.3101     8.3617     2.3308    88.9797 1.1368e+01  -68.03038  -69.28633 338.010740     103.34 2.0466e+02    342.959       8232  1027.2584  1027.2558    33.7974    33.7939    8.28273         33 0.0000e+00
     18.000     17.819    -0.9492  27.349980    -0.9498  27.347713     8.2988     8.3458     2.1582    88.9596 9.9553e+00  -68.03038  -69.28634 338.010791      99.97 2.0449e+02    347.307       8336  1027.2629  1027.2610    33.7970    33.7946    8.28277         22 0.0000e+00
     19.000     18.812    -0.9552  27.345984    -0.9552  27.344290     8.2996     8.3449     2.2523    88.9487 8.2918e+00  -68.03038  -69.28634 338.010810      99.97 2.0449e+02    348.954       8376  1027.2687  1027.2668    33.7977    33.7954    8.28406         33 0.0000e+00
     20.000     19.798    -0.9552  27.347408    -0.9536  27.346795     8.2753     8.3181     2.2530    88.9855 7.6311e+00  -68.03038  -69.28632 338.010860      99.97 2.0449e+02    353.283       8480  1027.2744  1027.2723    33.7990    33.7964    8.28398         27 0.0000e+00
     21.000     20.788    -0.9519  27.352117    -0.9508  27.351427     8.2636     8.3121     2.2514    88.9457 6.7194e+00  -68.03038  -69.28634 338.010872      99.97 2.0449e+02    354.357       8506  1027.2807  1027.2790    33.8011    33.7990    8.28314         28 0.0000e+00
     22.000     21.779    -0.9492  27.355411    -0.9489  27.353827     8.2476     8.3246     2.3507    88.9532 6.0569e+00  -68.03038  -69.28634 338.010896      99.97 2.0449e+02    356.421       8555  1027.2861  1027.2840    33.8019    33.7995    8.28249         29 0.0000e+00
     23.000     22.766    -0.9498  27.354943    -0.9488  27.354347     8.2873     8.3116     2.3133    88.8515 5.3118e+00  -68.03038  -69.28634 338.010958      99.97 2.0449e+02    361.731       8683  1027.2904  1027.2888    33.8013    33.7993    8.28265         33 0.0000e+00
     24.000     23.759    -0.9490  27.356261    -0.9494  27.354309     8.2839     8.2946     2.1821    88.9252 4.2372e+00  -68.03038  -69.28632 338.011008      99.97 2.0449e+02    366.084       8787  1027.2955  1027.2936    33.8017    33.7993    8.28247         19 0.0000e+00
     25.000     24.747    -0.9488  27.357047    -0.9485  27.355688     8.2534     8.3009     2.0651    88.9459 3.8807e+00  -68.03038  -69.28632 338.011015      99.97 2.0449e+02    366.708       8802  1027.3003  1027.2987    33.8018    33.7997    8.28240         17 0.0000e+00
     26.000     25.740    -0.9468  27.359549    -0.9459  27.359029     8.2411     8.3057     2.0584    88.9267 3.5795e+00  -68.03038  -69.28632 338.011023      99.97 2.0419e+02    367.400       8819  1027.3055  1027.3041    33.8024    33.8007    8.28194         17 0.0000e+00
     27.000     26.727    -0.9431  27.363833    -0.9424  27.362924     8.2506     8.3156     2.2043    88.9098 3.3489e+00  -68.03038  -69.28632 338.011034      99.97 2.0342e+02    368.297       8840  1027.3110  1027.3092    33.8035    33.8013    8.28106         27 0.0000e+00
     28.000     27.719    -0.9435  27.364063    -0.9449  27.360393     8.2744     8.3071     2.2456    88.8627 2.5341e+00  -68.03038  -69.28634 338.011122      99.97 2.0277e+02    375.936       9023  1027.3159  1027.3132    33.8036    33.8001    8.28114         41 0.0000e+00
     29.000     28.708    -0.9409  27.367293    -0.9401  27.366176     8.2800     8.3001     2.3075    88.8216 2.3354e+00  -68.03038  -69.28632 338.011144      99.97 2.0273e+02    377.872       9070  1027.3213  1027.3192    33.8044    33.8020    8.28052         37 0.0000e+00
     30.000     29.698    -0.9387  27.370167    -0.9382  27.368730     8.2500     8.2970     2.0938    88.8299 2.2684e+00  -68.03038  -69.28630 338.011160      99.97 2.0279e+02    379.252       9103  1027.3266  1027.3245    33.8053    33.8027    8.27999         29 0.0000e+00
     31.000     30.688    -0.9364  27.373172    -0.9349  27.372831     8.2416     8.2982     2.0948    88.8346 2.0694e+00  -68.03038  -69.28632 338.011187      99.96 2.0372e+02    381.557       9158  1027.3320  1027.3302    33.8061    33.8040    8.27942         34 0.0000e+00
     32.000     31.678    -0.9303  27.380095    -0.9288  27.379807     8.2420     8.2944     1.9729    88.8510 1.6951e+00  -68.03038  -69.28632 338.011243      99.97 2.0274e+02    386.367       9274  1027.3381  1027.3364    33.8081    33.8060    8.27797         20 0.0000e+00
     33.000     32.667    -0.9240  27.387739    -0.9234  27.386567     8.2579     8.2949     2.0417    88.8273 1.5494e+00  -68.03038  -69.28632 338.011255      99.97 2.0273e+02    387.413       9299  1027.3446  1027.3428    33.8107    33.8085    8.27642         31 0.0000e+00
     34.000     33.658    -0.9247  27.387803    -0.9243  27.386143     8.2528     8.2922     2.2112    88.6985 1.3288e+00  -68.03038  -69.28631 338.011314      99.97 2.0273e+02    392.563       9423  1027.3499  1027.3477    33.8110    33.8083    8.27655         41 0.0000e+00
     35.000     34.645    -0.9253  27.388122    -0.9244  27.387037     8.2337     8.2939     2.1144    88.7280 1.0897e+00  -68.03038  -69.28630 338.011334      99.97 2.0273e+02    394.246       9463  1027.3551  1027.3531    33.8114    33.8090    8.27666         33 0.0000e+00
     36.000     35.639    -0.9295  27.385506    -0.9279  27.385094     8.2332     8.2713     2.2303    88.7566 1.1016e+00  -68.03038  -69.28629 338.011366      99.97 2.0273e+02    397.012       9529  1027.3607  1027.3587    33.8120    33.8096    8.27755         37 0.0000e+00
     37.000     36.627    -0.9412  27.378504    -0.9405  27.377344     8.2199     8.2482     2.2018    88.7015 1.0105e+00  -68.03038  -69.28631 338.011413      99.97 2.0169e+02    401.091       9627  1027.3687  1027.3667    33.8151    33.8127    8.27996         39 0.0000e+00
     38.000     37.617    -0.9445  27.376506    -0.9439  27.375336     8.1991     8.2302     2.0564    88.9114 8.1604e-01  -68.03038  -69.28630 338.011443      99.97 2.0093e+02    403.661       9689  1027.3739  1027.3720    33.8155    33.8132    8.28067         32 0.0000e+00
     39.000     38.606    -0.9490  27.373325    -0.9477  27.372841     8.1651     8.2209     1.7996    88.9741 7.2069e-01  -68.03038  -69.28629 338.011454      99.97 2.0127e+02    404.657       9713  1027.3790  1027.3772    33.8155    33.8134    8.28164         23 0.0000e+00
     40.000     39.597    -0.9613  27.363850    -0.9592  27.363957     8.1679     8.2230     1.8544    88.9328 6.4746e-01  -68.03038  -69.28628 338.011469      99.97 2.0244e+02    405.927       9743  1027.3848  1027.3829    33.8158    33.8136    8.28434         32 0.0000e+00
     41.000     40.585    -0.9680  27.359472    -0.9649  27.360048     8.0868     8.1747     1.9181    89.2630 5.9745e-01  -68.03038  -69.28628 338.011548      99.97 2.0099e+02    412.745       9907  1027.3906  1027.3882    33.8168    33.8141    8.28576         39 0.0000e+00
     42.000     41.575    -1.0320  27.307806    -1.0298  27.308296     8.0261     8.1242     2.0169    89.3369 5.3840e-01  -68.03038  -69.28627 338.011572      99.97 2.0097e+02    414.786       9956  1027.4002  1027.3987    33.8178    33.8161    8.29985         36 0.0000e+00
     43.000     42.566    -1.0598  27.288353    -1.0520  27.292676     8.0389     8.1152     1.6201    89.7304 5.0480e-01  -68.03038  -69.28626 338.011586      99.97 2.0097e+02    416.011       9985  1027.4098  1027.4070    33.8220    33.8191    8.30576         26 0.0000e+00
     44.000     43.555    -1.0682  27.282885    -1.0659  27.282479     8.0310     8.1119     1.5035    90.1169 4.4310e-01  -68.03037  -69.28624 338.011627      99.97 2.0097e+02    419.597      10071  1027.4152  1027.4127    33.8233    33.8203    8.30753         40 0.0000e+00
     45.000     44.545    -1.0665  27.286919    -1.0705  27.282431     8.0320     8.0916     1.3666    90.7204 3.8691e-01  -68.03036  -69.28621 338.011671      99.97 2.0097e+02    423.363      10162  1027.4216  1027.4207    33.8263    33.8247    8.30698         35 0.0000e+00
     46.000     45.538    -1.1017  27.263769    -1.0884  27.271021     7.9386     8.0242     1.3527    91.1963 3.8135e-01  -68.03035  -69.28623 338.011719      99.97 2.0074e+02    427.523      10262  1027.4342  1027.4293    33.8338    33.8287    8.31435         26 0.0000e+00
     47.000     46.524    -1.1374  27.241458    -1.1331  27.243111     7.8561     7.9668     1.0799    91.5417 3.6037e-01  -68.03034  -69.28624 338.011748      99.97 1.9919e+02    430.057      10322  1027.4483  1027.4460    33.8429    33.8403    8.32173         18 0.0000e+00
     48.000     47.514    -1.1498  27.233464    -1.1465  27.234601     7.8831     7.9789     1.0655    91.7842 3.2401e-01  -68.03034  -69.28624 338.011757      99.97 1.9921e+02    430.771      10339  1027.4557  1027.4539    33.8454    33.8433    8.32435         18 0.0000e+00
     49.000     48.504    -1.1531  27.231418    -1.1515  27.230979     7.9123     7.9898     1.0839    91.9926 2.8985e-01  -68.03034  -69.28623 338.011769      99.97 1.9921e+02    431.857      10366  1027.4607  1027.4588    33.8457    33.8434    8.32507         29 0.0000e+00
     50.000     49.494    -1.1964  27.201395    -1.1948  27.201188     7.7220     7.8476     0.9533    92.2360 2.4739e-01  -68.03032  -69.28616 338.011839      99.97 1.9921e+02    437.930      10511  1027.4733  1027.4716    33.8529    33.8508    8.33428         25 0.0000e+00
     51.000     50.483    -1.2218  27.186396    -1.2224  27.184535     7.7305     7.8222     0.8116    93.0354 2.5196e-01  -68.03032  -69.28619 338.011873      99.97 1.9921e+02    440.834      10581  1027.4849  1027.4835    33.8604    33.8586    8.33950         43 0.0000e+00
     52.000     51.474    -1.2277  27.186184    -1.2269  27.185014     7.7239     7.8151     0.7768    93.5593 2.3859e-01  -68.03031  -69.28620 338.011903      99.97 1.9921e+02    443.388      10642  1027.4940  1027.4920    33.8662    33.8638    8.34047         31 0.0000e+00
     53.000     52.464    -1.2259  27.189037    -1.2250  27.188150     7.7244     7.7978     0.6027    93.7400 1.9593e-01  -68.03030  -69.28617 338.011948      99.97 1.9921e+02    447.341      10737  1027.4991  1027.4973    33.8674    33.8652    8.34000         34 0.0000e+00
     54.000     53.452    -1.2235  27.194412    -1.2243  27.192369     7.7444     7.7836     0.5542    93.8314 1.7106e-01  -68.03030  -69.28613 338.011975      99.97 1.9921e+02    449.684      10793  1027.5067  1027.5053    33.8715    33.8696    8.33922         23 0.0000e+00
     55.000     54.445    -1.2255  27.195293    -1.2263  27.193014     7.7365     7.7841     0.5656    93.8146 1.5484e-01  -68.03030  -69.28612 338.011987      99.97 1.9921e+02    450.670      10817  1027.5138  1027.5122    33.8743    33.8721    8.33950         27 0.0000e+00
     56.000     55.434    -1.2240  27.196758    -1.2229  27.195687     7.7259     7.7804     0.5003    93.8224 1.7076e-01  -68.03030  -69.28615 338.012041      99.97 1.9921e+02    455.375      10930  1027.5181  1027.5158    33.8741    33.8713    8.33920         31 0.0000e+00
     57.000     56.422    -1.2264  27.196598    -1.2250  27.196244     7.7229     7.7875     0.4916    93.9127 1.5290e-01  -68.03028  -69.28616 338.012063      99.97 1.9921e+02    457.221      10974  1027.5245  1027.5227    33.8759    33.8738    8.33961         30 0.0000e+00
     58.000     57.415    -1.2245  27.198901    -1.2220  27.199160     7.7282     7.7791     0.6285    93.9507 1.1781e-01  -68.03029  -69.28613 338.012115      99.97 1.9795e+02    461.757      11083  1027.5294  1027.5272    33.8763    33.8738    8.33916         33 0.0000e+00
     59.000     58.400    -1.2218  27.202378    -1.2208  27.201369     7.7266     7.7717     0.4323    94.0095 1.0380e-01  -68.03030  -69.28610 338.012142      99.97 1.9743e+02    464.096      11139  1027.5349  1027.5328    33.8774    33.8749    8.33850         23 0.0000e+00
     60.000     59.392    -1.2173  27.206710    -1.2168  27.205569     7.7453     7.7761     0.4373    93.8983 9.7753e-02  -68.03030  -69.28608 338.012153      99.97 1.9744e+02    465.011      11161  1027.5396  1027.5379    33.8776    33.8755    8.33749         23 0.0000e+00
