NBP2113_155081_ctd/data/dnbp2113_014.cnv
* Sea-Bird SBE 9 Data File:
* FileName = D:\Data\raw\NBP2113_014.hex
* Software Version Seasave V 7.26.7.121
* Temperature SN = 2438
* Conductivity SN = 2067
* Number of Bytes Per Scan = 40
* Number of Voltage Words = 5
* Number of Scans Averaged by the Deck Unit = 1
* NMEA Latitude = 65 28.72 S
* NMEA Longitude = 066 08.92 W
* NMEA UTC (Time) = Nov 27 2021  11:12:57
* NMEA baud rate = 9600
** Ship: RVIB N.B. Palmer
** Cruise: NBP2113 LTER
** Station: 500.060
** Operator: B. Urmston
# nquan = 25
# nvalues = 303                         
# units = specified
# name 0 = prDM: Pressure, Digiquartz [db]
# name 1 = depSM: Depth [salt water, m]
# name 2 = t090C: Temperature [ITS-90, deg C]
# name 3 = c0mS/cm: Conductivity [mS/cm]
# name 4 = t190C: Temperature, 2 [ITS-90, deg C]
# name 5 = c1mS/cm: Conductivity, 2 [mS/cm]
# name 6 = sbeox0ML/L: Oxygen, SBE 43 [ml/l]
# name 7 = sbeox1ML/L: Oxygen, SBE 43, 2 [ml/l]
# name 8 = flECO-AFL: Fluorescence, WET Labs ECO-AFL/FL [mg/m^3]
# name 9 = CStarTr0: Beam Transmission, WET Labs C-Star [%]
# name 10 = par: PAR/Irradiance, Biospherical/Licor
# name 11 = latitude: Latitude [deg]
# name 12 = longitude: Longitude [deg]
# name 13 = timeJ: Julian Days
# name 14 = altM: Altimeter [m]
# name 15 = spar: SPAR, Biospherical/Licor
# name 16 = timeS: Time, Elapsed [seconds]
# name 17 = scan: Scan Count
# name 18 = density00: Density [density, kg/m^3]
# name 19 = density11: Density, 2 [density, kg/m^3]
# name 20 = sal00: Salinity, Practical [PSU]
# name 21 = sal11: Salinity, Practical, 2 [PSU]
# name 22 = oxsolML/L: Oxygen Saturation, Garcia & Gordon [ml/l]
# name 23 = nbin: number of scans per bin
# name 24 = flag: flag
# span 0 =      4.000,    306.000       
# span 1 =      3.960,    302.767       
# span 2 =    -1.3368,     1.3198       
# span 3 =  27.166280,  30.049096       
# span 4 =    -1.3343,     1.3197       
# span 5 =  27.167017,  30.048324       
# span 6 =     4.3311,     8.2018       
# span 7 =     4.3192,     8.1328       
# span 8 =    -0.0147,     1.7164       
# span 9 =    89.3752,    97.4237       
# span 10 = 1.0000e-12, 6.7786e+01      
# span 11 =  -65.47880,  -65.47864      
# span 12 =  -66.14903,  -66.14826      
# span 13 = 331.471157, 331.478821      
# span 14 =       6.00,     102.37      
# span 15 = 1.6518e+02, 2.6974e+02      
# span 16 =    330.979,    993.137      
# span 17 =       7945,      23836      
# span 18 =  1027.1826,  1029.1865      
# span 19 =  1027.1804,  1029.1855      
# span 20 =    33.7853,    34.6526      
# span 21 =    33.7830,    34.6517      
# span 22 =    7.76119,    8.36013      
# span 23 =         12,         47      
# span 24 = 0.0000e+00, 0.0000e+00      
# interval = decibars: 1                
# start_time = Nov 27 2021 11:12:57 [NMEA time, header]
# bad_flag = -9.990e-29
*END*
[from data line 290]
    294.000    290.902     1.3097  30.033310     1.3099  30.032749     4.3453     4.3325    -0.0077    96.9739 1.0000e-12  -65.47879  -66.14899 331.478215      19.15 2.4246e+02    940.731      22579  1029.1286  1029.1278    34.6498    34.6489    7.76333         30 0.0000e+00
    295.000    291.892     1.3113  30.035362     1.3110  30.034360     4.3484     4.3287    -0.0003    96.9829 1.0000e-12  -65.47880  -66.14897 331.478261      18.35 2.4352e+02    944.738      22675  1029.1334  1029.1327    34.6501    34.6492    7.76300         15 0.0000e+00
    296.000    292.879     1.3123  30.036900     1.3121  30.035865     4.3528     4.3256    -0.0046    96.9828 1.0000e-12  -65.47880  -66.14896 331.478268      17.44 2.4481e+02    945.321      22689  1029.1383  1029.1374    34.6504    34.6493    7.76279         14 0.0000e+00
    297.000    293.868     1.3130  30.038261     1.3129  30.037264     4.3486     4.3258    -0.0077    96.9591 1.0000e-12  -65.47880  -66.14896 331.478274      16.46 2.4504e+02    945.900      22703  1029.1432  1029.1423    34.6507    34.6497    7.76262         14 0.0000e+00
    298.000    294.856     1.3130  30.038620     1.3129  30.037742     4.3424     4.3283    -0.0077    96.9661 1.0000e-12  -65.47880  -66.14896 331.478282      15.40 2.4524e+02    946.533      22718  1029.1478  1029.1471    34.6507    34.6497    7.76264         17 0.0000e+00
    299.000    295.847     1.3113  30.037252     1.3108  30.035921     4.3426     4.3320    -0.0117    96.9826 1.0000e-12  -65.47880  -66.14898 331.478336      13.99 2.4872e+02    951.213      22830  1029.1524  1029.1515    34.6502    34.6490    7.76299         27 0.0000e+00
    300.000    296.833     1.3109  30.037280     1.3095  30.034832     4.3368     4.3306    -0.0112    96.9573 1.0000e-12  -65.47879  -66.14898 331.478435      12.64 2.5231e+02    959.805      23036  1029.1570  1029.1559    34.6501    34.6485    7.76308         42 0.0000e+00
    301.000    297.822     1.3171  30.044591     1.3155  30.042046     4.3416     4.3219    -0.0139    96.9852 1.0000e-12  -65.47878  -66.14898 331.478491      11.66 2.5389e+02    964.660      23153  1029.1627  1029.1616    34.6520    34.6505    7.76175         31 0.0000e+00
    302.000    298.811     1.3193  30.047007     1.3190  30.046277     4.3330     4.3228    -0.0078    96.9751 1.0000e-12  -65.47878  -66.14899 331.478504      10.70 2.5296e+02    965.762      23179  1029.1673  1029.1668    34.6521    34.6515    7.76131         29 0.0000e+00
    303.000    299.800     1.3184  30.046762     1.3176  30.045090     4.3363     4.3220    -0.0072    96.9824 1.0000e-12  -65.47878  -66.14900 331.478567       9.47 2.5212e+02    971.215      23310  1029.1722  1029.1712    34.6522    34.6509    7.76149         33 0.0000e+00
    304.000    300.788     1.3198  30.048730     1.3196  30.047857     4.3354     4.3213    -0.0147    96.9923 1.0000e-12  -65.47878  -66.14900 331.478615       8.61 2.5209e+02    975.311      23408  1029.1771  1029.1763    34.6526    34.6517    7.76119         22 0.0000e+00
    305.000    301.778     1.3197  30.049096     1.3197  30.048324     4.3365     4.3241    -0.0094    96.9951 1.0000e-12  -65.47878  -66.14900 331.478626       7.59 2.5190e+02    976.249      23431  1029.1818  1029.1810    34.6526    34.6515    7.76121         27 0.0000e+00
    306.000    302.767     1.3188  30.048582     1.3184  30.047307     4.3311     4.3192    -0.0096    96.9264 1.0000e-12  -65.47880  -66.14903 331.478821       6.00 2.4426e+02    993.137      23836  1029.1865  1029.1855    34.6524    34.6512    7.76140         44 0.0000e+00
