NBP2113_155081_ctd/data/dnbp2113_063.cnv
* Sea-Bird SBE 9 Data File:
* FileName = D:\Data\raw\NBP2113_063.hex
* Software Version Seasave V 7.26.7.121
* Temperature SN = 2438
* Conductivity SN = 2067
* Number of Bytes Per Scan = 40
* Number of Voltage Words = 5
* Number of Scans Averaged by the Deck Unit = 1
* NMEA Latitude = 64 46.92 S
* NMEA Longitude = 063 01.99 W
* NMEA UTC (Time) = Dec 14 2021  04:14:20
* NMEA baud rate = 9600
** Ship: RVIB N.B. Palmer
** Cruise: NBP2113 LTER
** Station: 655.002
** Operator: B. Urmston
# nquan = 25
# nvalues = 220                         
# units = specified
# name 0 = prDM: Pressure, Digiquartz [db]
# name 1 = depSM: Depth [salt water, m]
# name 2 = t090C: Temperature [ITS-90, deg C]
# name 3 = c0mS/cm: Conductivity [mS/cm]
# name 4 = t190C: Temperature, 2 [ITS-90, deg C]
# name 5 = c1mS/cm: Conductivity, 2 [mS/cm]
# name 6 = sbeox0ML/L: Oxygen, SBE 43 [ml/l]
# name 7 = sbeox1ML/L: Oxygen, SBE 43, 2 [ml/l]
# name 8 = flECO-AFL: Fluorescence, WET Labs ECO-AFL/FL [mg/m^3]
# name 9 = CStarTr0: Beam Transmission, WET Labs C-Star [%]
# name 10 = par: PAR/Irradiance, Biospherical/Licor
# name 11 = latitude: Latitude [deg]
# name 12 = longitude: Longitude [deg]
# name 13 = timeJ: Julian Days
# name 14 = altM: Altimeter [m]
# name 15 = spar: SPAR, Biospherical/Licor
# name 16 = timeS: Time, Elapsed [seconds]
# name 17 = scan: Scan Count
# name 18 = density00: Density [density, kg/m^3]
# name 19 = density11: Density, 2 [density, kg/m^3]
# name 20 = sal00: Salinity, Practical [PSU]
# name 21 = sal11: Salinity, Practical, 2 [PSU]
# name 22 = oxsolML/L: Oxygen Saturation, Garcia & Gordon [ml/l]
# name 23 = nbin: number of scans per bin
# name 24 = flag: flag
# span 0 =      3.000,    222.000       
# span 1 =      2.964,    219.695       
# span 2 =    -0.3258,     0.5582       
# span 3 =  28.469366,  29.174599       
# span 4 =    -0.3256,     0.5582       
# span 5 =  28.468112,  29.173267       
# span 6 =     5.2031,     6.9007       
# span 7 =     5.2963,     6.9439       
# span 8 =    -0.0202,     1.7173       
# span 9 =    83.5232,    90.0909       
# span 10 = 1.0000e-12, 9.6206e-01      
# span 11 =  -64.78200,  -64.78197      
# span 12 =  -63.03356,  -63.03342      
# span 13 = 348.180086, 348.185957      
# span 14 =       9.10,      99.97      
# span 15 = 0.0000e+00, 0.0000e+00      
# span 16 =    299.433,    806.738      
# span 17 =       7187,      19363      
# span 18 =  1027.3640,  1028.7651      
# span 19 =  1027.3620,  1028.7642      
# span 20 =    34.0726,    34.4934      
# span 21 =    34.0703,    34.4927      
# span 22 =    7.92319,    8.10788      
# span 23 =          9,         51      
# span 24 = 0.0000e+00, 0.0000e+00      
# interval = decibars: 1                
# start_time = Dec 14 2021 04:14:20 [NMEA time, header]
# bad_flag = -9.990e-29
*END*
[from data line 174]
    177.000    175.193    -0.2272  28.538869    -0.2255  28.538632     5.8186     5.8384    -0.0077    89.7767 1.0000e-12  -64.78198  -63.03354 348.183800      56.46 0.0000e+00    620.291      14888  1028.5503  1028.5484    34.4869    34.4847    8.08688         27 0.0000e+00
    178.000    176.182    -0.2462  28.522087    -0.2462  28.521403     5.8026     5.8367    -0.0145    89.7720 1.0000e-12  -64.78198  -63.03354 348.183813      55.45 0.0000e+00    621.459      14916  1028.5550  1028.5542    34.4855    34.4845    8.09100         29 0.0000e+00
    179.000    177.171    -0.2402  28.527616    -0.2408  28.526108     5.8004     5.8339    -0.0088    89.7510 1.0000e-12  -64.78198  -63.03354 348.183827      54.38 0.0000e+00    622.639      14944  1028.5587  1028.5577    34.4855    34.4841    8.08974         28 0.0000e+00
    180.000    178.160    -0.2453  28.524643    -0.2445  28.524112     5.8072     5.8436     0.0014    89.7038 1.0000e-12  -64.78198  -63.03354 348.183841      53.36 0.0000e+00    623.865      14974  1028.5644  1028.5631    34.4866    34.4850    8.09074         30 0.0000e+00
    181.000    179.150    -0.2510  28.519830    -0.2475  28.521471     5.8056     5.8481    -0.0079    89.6543 1.0000e-12  -64.78198  -63.03354 348.183856      52.33 0.0000e+00    625.130      15004  1028.5687  1028.5671    34.4860    34.4843    8.09199         30 0.0000e+00
    182.000    180.139    -0.2462  28.524627    -0.2458  28.523953     5.7817     5.8463    -0.0194    89.6542 1.0000e-12  -64.78198  -63.03354 348.183871      51.27 0.0000e+00    626.437      15035  1028.5731  1028.5720    34.4865    34.4850    8.09096         31 0.0000e+00
    183.000    181.129    -0.2419  28.528562    -0.2388  28.529873     5.7852     5.8480    -0.0084    89.6068 1.0000e-12  -64.78198  -63.03353 348.183886      50.26 0.0000e+00    627.749      15067  1028.5771  1028.5754    34.4862    34.4844    8.09006         31 0.0000e+00
    184.000    182.118    -0.2386  28.532253    -0.2390  28.530895     5.8027     5.8473    -0.0189    89.5478 1.0000e-12  -64.78198  -63.03353 348.183901      49.26 0.0000e+00    629.059      15098  1028.5818  1028.5809    34.4868    34.4854    8.08932         32 0.0000e+00
    185.000    183.108    -0.2536  28.520506    -0.2512  28.521742     5.8099     5.8572    -0.0100    89.5596 1.0000e-12  -64.78198  -63.03353 348.183917      48.10 0.0000e+00    630.386      15130  1028.5882  1028.5870    34.4875    34.4863    8.09246         32 0.0000e+00
    186.000    184.096    -0.2616  28.514224    -0.2620  28.512581     5.8032     5.8637    -0.0143    89.5646 1.0000e-12  -64.78198  -63.03353 348.183932      47.16 0.0000e+00    631.736      15163  1028.5934  1028.5921    34.4875    34.4858    8.09416         32 0.0000e+00
    187.000    185.086    -0.2642  28.512255    -0.2657  28.510111     5.7988     5.8640    -0.0150    89.5286 1.0000e-12  -64.78199  -63.03353 348.183948      46.13 0.0000e+00    633.087      15195  1028.5979  1028.5971    34.4872    34.4861    8.09472         33 0.0000e+00
    188.000    186.075    -0.2669  28.510574    -0.2667  28.509674     5.7977     5.8576    -0.0018    89.5154 1.0000e-12  -64.78200  -63.03354 348.183963      45.09 0.0000e+00    634.438      15228  1028.6029  1028.6017    34.4874    34.4859    8.09528         32 0.0000e+00
    189.000    187.064    -0.2664  28.511241    -0.2667  28.509989     5.8050     5.8578    -0.0115    89.4911 1.0000e-12  -64.78200  -63.03354 348.183979      44.10 0.0000e+00    635.796      15260  1028.6071  1028.6062    34.4871    34.4858    8.09519         33 0.0000e+00
    190.000    188.054    -0.2690  28.510081    -0.2680  28.509790     5.8091     5.8609    -0.0112    89.4889 1.0000e-12  -64.78200  -63.03354 348.183995      43.05 0.0000e+00    637.165      15293  1028.6127  1028.6113    34.4879    34.4864    8.09571         33 0.0000e+00
    191.000    189.043    -0.2735  28.506514    -0.2739  28.505006     5.7998     5.8600    -0.0202    89.4811 1.0000e-12  -64.78200  -63.03354 348.184011      42.02 0.0000e+00    638.542      15326  1028.6174  1028.6162    34.4876    34.4861    8.09668         33 0.0000e+00
    192.000    190.032    -0.2686  28.510524    -0.2696  28.508673     5.7956     5.8623    -0.0148    89.4414 1.0000e-12  -64.78200  -63.03354 348.184027      40.98 0.0000e+00    639.932      15359  1028.6210  1028.6200    34.4868    34.4854    8.09568         34 0.0000e+00
    193.000    191.022    -0.2621  28.516835    -0.2633  28.514873     5.7966     5.8618    -0.0150    89.4297 1.0000e-12  -64.78200  -63.03354 348.184043      40.00 0.0000e+00    641.319      15393  1028.6256  1028.6246    34.4873    34.4860    8.09428         33 0.0000e+00
    194.000    192.011    -0.2665  28.513686    -0.2680  28.510975     5.8108     5.8631    -0.0090    89.4509 1.0000e-12  -64.78200  -63.03354 348.184060      39.00 0.0000e+00    642.758      15427  1028.6308  1028.6294    34.4875    34.4856    8.09520         37 0.0000e+00
    195.000    193.000    -0.2737  28.508651    -0.2745  28.506549     5.8180     5.8697    -0.0087    89.4336 1.0000e-12  -64.78200  -63.03354 348.184079      37.83 0.0000e+00    644.428      15467  1028.6367  1028.6352    34.4883    34.4863    8.09669         36 0.0000e+00
    196.000    193.990    -0.2835  28.499869    -0.2826  28.499413     5.8110     5.8681    -0.0045    89.3983 1.0000e-12  -64.78200  -63.03354 348.184100      36.62 0.0000e+00    646.220      15510  1028.6411  1028.6397    34.4870    34.4854    8.09883         41 0.0000e+00
    197.000    194.979    -0.2793  28.503745    -0.2782  28.503698     5.8026     5.8735    -0.0109    89.4014 1.0000e-12  -64.78200  -63.03354 348.184120      35.76 0.0000e+00    647.989      15553  1028.6453  1028.6442    34.4869    34.4856    8.09796         40 0.0000e+00
    198.000    195.968    -0.2814  28.502758    -0.2823  28.500715     5.8186     5.8735    -0.0148    89.4043 1.0000e-12  -64.78200  -63.03354 348.184141      33.94 0.0000e+00    649.745      15595  1028.6505  1028.6492    34.4873    34.4856    8.09838         38 0.0000e+00
    199.000    196.957    -0.2827  28.502002    -0.2842  28.499511     5.8042     5.8713    -0.0094    89.3851 1.0000e-12  -64.78200  -63.03354 348.184161      32.66 0.0000e+00    651.517      15637  1028.6552  1028.6540    34.4872    34.4855    8.09867         37 0.0000e+00
    200.000    197.947    -0.2835  28.501773    -0.2852  28.499115     5.8134     5.8701     0.0001    89.3941 1.0000e-12  -64.78200  -63.03354 348.184182      31.63 0.0000e+00    653.302      15680  1028.6599  1028.6587    34.4871    34.4855    8.09883         37 0.0000e+00
    201.000    198.936    -0.2842  28.501827    -0.2885  28.496997     5.8176     5.8764    -0.0114    89.3806 1.0000e-12  -64.78200  -63.03354 348.184202      30.60 0.0000e+00    655.086      15723  1028.6649  1028.6639    34.4874    34.4857    8.09897         40 0.0000e+00
    202.000    199.925    -0.2890  28.497882    -0.2858  28.499337     5.8109     5.8763    -0.0099    89.3866 1.0000e-12  -64.78200  -63.03354 348.184223      29.62 0.0000e+00    656.883      15766  1028.6696  1028.6680    34.4869    34.4853    8.10001         41 0.0000e+00
    203.000    200.915    -0.2825  28.503992    -0.2824  28.503091     5.8076     5.8725    -0.0121    89.3224 1.0000e-12  -64.78200  -63.03354 348.184244      28.58 0.0000e+00    658.674      15809  1028.6740  1028.6729    34.4872    34.4858    8.09862         39 0.0000e+00
    204.000    201.903    -0.2834  28.503887    -0.2838  28.502411     5.8096     5.8722    -0.0115    89.3412 1.0000e-12  -64.78200  -63.03354 348.184265      27.58 0.0000e+00    660.460      15852  1028.6790  1028.6777    34.4874    34.4858    8.09879         41 0.0000e+00
    205.000    202.893    -0.2814  28.505586    -0.2822  28.503691     5.8082     5.8733    -0.0063    89.3800 1.0000e-12  -64.78200  -63.03354 348.184286      26.56 0.0000e+00    662.286      15896  1028.6831  1028.6818    34.4868    34.4851    8.09841         43 0.0000e+00
    206.000    203.882    -0.2828  28.505116    -0.2826  28.504075     5.8080     5.8753    -0.0134    89.3055 1.0000e-12  -64.78200  -63.03354 348.184307      25.52 0.0000e+00    664.141      15940  1028.6883  1028.6868    34.4872    34.4855    8.09868         41 0.0000e+00
    207.000    204.872    -0.2873  28.501998    -0.2861  28.501763     5.8083     5.8812    -0.0128    89.3732 1.0000e-12  -64.78200  -63.03354 348.184330      24.51 0.0000e+00    666.099      15987  1028.6936  1028.6922    34.4875    34.4858    8.09962         42 0.0000e+00
    208.000    205.861    -0.2955  28.495460    -0.2996  28.490993     5.8329     5.8976    -0.0064    89.2770 1.0000e-12  -64.78200  -63.03354 348.184355      23.46 0.0000e+00    668.239      16039  1028.6989  1028.6982    34.4874    34.4861    8.10137         38 0.0000e+00
    209.000    206.850    -0.3184  28.475836    -0.3187  28.474311     5.8346     5.8989    -0.0132    89.3335 1.0000e-12  -64.78200  -63.03354 348.184382      22.47 0.0000e+00    670.568      16095  1028.7046  1028.7033    34.4864    34.4848    8.10629         48 0.0000e+00
    210.000    207.838    -0.3046  28.488322    -0.3126  28.479292     5.8248     5.8952    -0.0119    89.3081 1.0000e-12  -64.78200  -63.03354 348.184425      21.38 0.0000e+00    674.291      16184  1028.7084  1028.7065    34.4869    34.4839    8.10332         36 0.0000e+00
    211.000    208.832    -0.3096  28.484502    -0.3102  28.482524     5.8292     5.8943    -0.0114    89.3219 1.0000e-12  -64.78200  -63.03354 348.184467      20.42 0.0000e+00    677.920      16271  1028.7134  1028.7119    34.4868    34.4849    8.10439         38 0.0000e+00
    212.000    209.816    -0.3118  28.482985    -0.3103  28.482885     5.8302     5.8961    -0.0074    89.3135 1.0000e-12  -64.78200  -63.03354 348.184506      19.45 0.0000e+00    681.330      16353  1028.7182  1028.7163    34.4867    34.4848    8.10487         39 0.0000e+00
    213.000    210.807    -0.3164  28.479513    -0.3179  28.477326     5.8364     5.8952    -0.0118    89.3081 1.0000e-12  -64.78200  -63.03354 348.184547      18.45 0.0000e+00    684.877      16438  1028.7232  1028.7222    34.4867    34.4854    8.10585         39 0.0000e+00
    214.000    211.795    -0.3218  28.475212    -0.3212  28.474682     5.8334     5.9009    -0.0079    89.3215 1.0000e-12  -64.78200  -63.03354 348.184587      17.48 0.0000e+00    688.276      16520  1028.7281  1028.7268    34.4865    34.4850    8.10702         36 0.0000e+00
    215.000    212.784    -0.3202  28.477031    -0.3213  28.474805     5.8343     5.9007    -0.0067    89.2825 1.0000e-12  -64.78200  -63.03354 348.184627      16.46 0.0000e+00    691.734      16603  1028.7326  1028.7313    34.4864    34.4847    8.10668         37 0.0000e+00
    216.000    213.775    -0.3205  28.477307    -0.3210  28.475711     5.8305     5.8994    -0.0132    89.1366 1.0000e-12  -64.78200  -63.03354 348.184667      15.48 0.0000e+00    695.188      16686  1028.7374  1028.7361    34.4866    34.4849    8.10674         32 0.0000e+00
    217.000    214.764    -0.3200  28.478029    -0.3206  28.476286     5.8311     5.8992    -0.0138    89.1678 1.0000e-12  -64.78200  -63.03354 348.184706      14.45 0.0000e+00    698.624      16768  1028.7419  1028.7406    34.4863    34.4847    8.10663         35 0.0000e+00
    218.000    215.752    -0.3179  28.480354    -0.3185  28.478643     5.8358     5.9006    -0.0141    89.2552 1.0000e-12  -64.78200  -63.03354 348.184746      13.44 0.0000e+00    702.086      16851  1028.7466  1028.7453    34.4864    34.4848    8.10619         41 0.0000e+00
    219.000    216.743    -0.3258  28.473983    -0.3218  28.476083     5.8376     5.9054    -0.0040    89.2483 1.0000e-12  -64.78200  -63.03354 348.184787      12.43 0.0000e+00    705.604      16935  1028.7518  1028.7501    34.4863    34.4845    8.10788         33 0.0000e+00
    220.000    217.728    -0.3237  28.476326    -0.3238  28.474931     5.8264     5.9053    -0.0081    89.2530 1.0000e-12  -64.78200  -63.03354 348.184828      11.42 0.0000e+00    709.117      17020  1028.7564  1028.7550    34.4864    34.4846    8.10743         30 0.0000e+00
    221.000    218.720    -0.3234  28.477016    -0.3256  28.473908     5.8394     5.9042    -0.0029    89.2385 1.0000e-12  -64.78200  -63.03354 348.184867      10.39 0.0000e+00    712.509      17101  1028.7611  1028.7600    34.4864    34.4847    8.10736         34 0.0000e+00
    222.000    219.695    -0.3230  28.477055    -0.3226  28.476609     5.8227     5.9007    -0.0109    89.3396 1.0000e-12  -64.78197  -63.03356 348.185957       9.10 0.0000e+00    806.738      19363  1028.7651  1028.7642    34.4853    34.4844    8.10733          9 0.0000e+00
