NBP2113_155081_ctd/data/dnbp2113_005.cnv
* Sea-Bird SBE 9 Data File:
* FileName = D:\Data\raw\NBP2113_005.hex
* Software Version Seasave V 7.26.7.121
* Temperature SN = 2438
* Conductivity SN = 2067
* Number of Bytes Per Scan = 40
* Number of Voltage Words = 5
* Number of Scans Averaged by the Deck Unit = 1
* NMEA Latitude = 64 04.86 S
* NMEA Longitude = 063 46.34 W
* NMEA UTC (Time) = Nov 23 2021  13:58:01
* NMEA baud rate = 9600
** Ship: RVIB N.B. Palmer
** Cruise: NBP2113 LTER
** Station: 692.080
** Operator: B. Urmston
# nquan = 25
# nvalues = 517                         
# units = specified
# name 0 = prDM: Pressure, Digiquartz [db]
# name 1 = depSM: Depth [salt water, m]
# name 2 = t090C: Temperature [ITS-90, deg C]
# name 3 = c0mS/cm: Conductivity [mS/cm]
# name 4 = t190C: Temperature, 2 [ITS-90, deg C]
# name 5 = c1mS/cm: Conductivity, 2 [mS/cm]
# name 6 = sbeox0ML/L: Oxygen, SBE 43 [ml/l]
# name 7 = sbeox1ML/L: Oxygen, SBE 43, 2 [ml/l]
# name 8 = flECO-AFL: Fluorescence, WET Labs ECO-AFL/FL [mg/m^3]
# name 9 = CStarTr0: Beam Transmission, WET Labs C-Star [%]
# name 10 = par: PAR/Irradiance, Biospherical/Licor
# name 11 = latitude: Latitude [deg]
# name 12 = longitude: Longitude [deg]
# name 13 = timeJ: Julian Days
# name 14 = altM: Altimeter [m]
# name 15 = spar: SPAR, Biospherical/Licor
# name 16 = timeS: Time, Elapsed [seconds]
# name 17 = scan: Scan Count
# name 18 = density00: Density [density, kg/m^3]
# name 19 = density11: Density, 2 [density, kg/m^3]
# name 20 = sal00: Salinity, Practical [PSU]
# name 21 = sal11: Salinity, Practical, 2 [PSU]
# name 22 = oxsolML/L: Oxygen Saturation, Garcia & Gordon [ml/l]
# name 23 = nbin: number of scans per bin
# name 24 = flag: flag
# span 0 =      5.000,    521.000       
# span 1 =      4.951,    515.278       
# span 2 =    -0.2835,     1.5253       
# span 3 =  28.038852,  30.367240       
# span 4 =    -0.2829,     1.5253       
# span 5 =  28.037343,  30.366045       
# span 6 =     4.1824,     8.1652       
# span 7 =     4.1711,     8.0379       
# span 8 =    -0.0217,     1.8137       
# span 9 =    87.1227,    98.9778       
# span 10 = 1.0000e-12, 1.7793e+02      
# span 11 =  -64.08163,  -64.08136      
# span 12 =  -63.77211,  -63.77180      
# span 13 = 327.585846, 327.599882      
# span 14 =       7.80,      99.99      
# span 15 = 3.4903e+02, 4.7064e+02      
# span 16 =    336.088,   1548.806      
# span 17 =       8067,      37172      
# span 18 =  1027.2349,  1030.2230      
# span 19 =  1027.2323,  1030.2217      
# span 20 =    33.8799,    34.7106      
# span 21 =    33.8767,    34.7092      
# span 22 =    7.71803,    8.12410      
# span 23 =          9,         51      
# span 24 = 0.0000e+00, 0.0000e+00      
# interval = decibars: 1                
# start_time = Nov 23 2021 13:58:01 [NMEA time, header]
# bad_flag = -9.990e-29
*END*
[from data line 174]
    179.000    177.180     0.9448  29.591500     0.9446  29.589858     4.7919     4.7677     0.0067    98.6262 1.0000e-12  -64.08156  -63.77190 327.591753      99.98 3.9533e+02    846.439      20316  1028.5351  1028.5336    34.5540    34.5521    7.84124         28 0.0000e+00
    180.000    178.170     0.9580  29.605363     0.9591  29.604874     4.7851     4.7575    -0.0004    98.6282 1.0000e-12  -64.08156  -63.77190 327.591767      99.98 3.9580e+02    847.632      20344  1028.5410  1028.5394    34.5566    34.5547    7.83844         29 0.0000e+00
    181.000    179.159     0.9686  29.616330     0.9686  29.614828     4.7885     4.7544    -0.0053    98.6381 1.0000e-12  -64.08156  -63.77190 327.591780      99.98 3.9490e+02    848.804      20372  1028.5465  1028.5449    34.5584    34.5565    7.83622         28 0.0000e+00
    182.000    180.148     0.9738  29.621959     0.9741  29.620795     4.7978     4.7563    -0.0025    98.6318 1.0000e-12  -64.08156  -63.77190 327.591794      99.98 3.9537e+02    849.982      20401  1028.5519  1028.5503    34.5594    34.5575    7.83513         29 0.0000e+00
    183.000    181.138     0.9735  29.622075     0.9737  29.620812     4.8015     4.7510    -0.0004    98.6562 1.0000e-12  -64.08156  -63.77190 327.591808      99.98 3.9546e+02    851.232      20431  1028.5568  1028.5553    34.5592    34.5574    7.83519         31 0.0000e+00
    184.000    182.127     0.9787  29.628088     0.9787  29.626752     4.7984     4.7373    -0.0004    98.6566 1.0000e-12  -64.08156  -63.77190 327.591824      99.98 3.9490e+02    852.567      20463  1028.5624  1028.5610    34.5607    34.5589    7.83407         33 0.0000e+00
    185.000    183.116     0.9868  29.637045     0.9868  29.635664     4.7832     4.7296     0.0019    98.6443 1.0000e-12  -64.08156  -63.77190 327.591839      99.98 3.9583e+02    853.900      20495  1028.5682  1028.5668    34.5626    34.5608    7.83234         30 0.0000e+00
    186.000    184.106     0.9913  29.642502     0.9913  29.641150     4.7730     4.7188     0.0038    98.6465 1.0000e-12  -64.08156  -63.77190 327.591853      99.98 3.9609e+02    855.117      20524  1028.5739  1028.5724    34.5640    34.5623    7.83135         28 0.0000e+00
    187.000    185.096     0.9961  29.648057     0.9961  29.646776     4.7637     4.7127     0.0022    98.6776 1.0000e-12  -64.08156  -63.77190 327.591866      99.98 3.9494e+02    856.225      20550  1028.5793  1028.5780    34.5653    34.5637    7.83032         25 0.0000e+00
    188.000    186.084     1.0059  29.658910     1.0059  29.657536     4.7594     4.7066     0.0026    98.6371 1.0000e-12  -64.08156  -63.77190 327.591877      99.98 3.9489e+02    857.206      20574  1028.5853  1028.5839    34.5678    34.5661    7.82822         22 0.0000e+00
    189.000    187.073     1.0076  29.661072     1.0072  29.659424     4.7465     4.7068    -0.0080    98.6874 1.0000e-12  -64.08156  -63.77190 327.591888      99.98 3.9489e+02    858.085      20595  1028.5903  1028.5889    34.5681    34.5664    7.82787         20 0.0000e+00
    190.000    188.063     1.0151  29.669333     1.0149  29.667807     4.7621     4.7069    -0.0077    98.6988 1.0000e-12  -64.08156  -63.77190 327.591897      99.98 3.9489e+02    858.940      20616  1028.5957  1028.5944    34.5699    34.5681    7.82627         22 0.0000e+00
    191.000    189.053     1.0154  29.670147     1.0157  29.669000     4.7524     4.7069     0.0101    98.7005 1.0000e-12  -64.08156  -63.77190 327.591910      99.98 3.9489e+02    859.990      20641  1028.6007  1028.5993    34.5700    34.5682    7.82620         31 0.0000e+00
    192.000    190.041     1.0173  29.672788     1.0173  29.671359     4.7572     4.7016     0.0051    98.6971 1.0000e-12  -64.08156  -63.77190 327.591935      99.98 3.9489e+02    862.197      20694  1028.6062  1028.6047    34.5707    34.5689    7.82578         43 0.0000e+00
    193.000    191.032     1.0192  29.674975     1.0200  29.674415     4.7582     4.7004     0.0023    98.7102 1.0000e-12  -64.08156  -63.77190 327.591957      99.98 3.9489e+02    864.114      20740  1028.6110  1028.6097    34.5709    34.5693    7.82540         27 0.0000e+00
    194.000    192.020     1.0197  29.675955     1.0200  29.674983     4.7487     4.7036    -0.0004    98.6993 1.0000e-12  -64.08156  -63.77188 327.591969      99.98 3.9489e+02    865.101      20763  1028.6158  1028.6145    34.5709    34.5693    7.82529         21 0.0000e+00
    195.000    193.009     1.0190  29.675871     1.0191  29.674688     4.7409     4.6996    -0.0019    98.7027 1.0000e-12  -64.08156  -63.77188 327.591978      99.98 3.9489e+02    865.918      20783  1028.6207  1028.6194    34.5710    34.5694    7.82542         19 0.0000e+00
    196.000    193.999     1.0182  29.675671     1.0178  29.674041     4.7546     4.6990    -0.0080    98.7108 1.0000e-12  -64.08156  -63.77188 327.591987      99.98 3.9489e+02    866.679      20801  1028.6256  1028.6244    34.5711    34.5694    7.82558         18 0.0000e+00
    197.000    194.990     1.0192  29.677053     1.0186  29.675410     4.7639     4.6954     0.0037    98.7227 1.0000e-12  -64.08156  -63.77188 327.591996      99.98 3.9489e+02    867.495      20821  1028.6304  1028.6293    34.5712    34.5697    7.82538         21 0.0000e+00
    198.000    195.979     1.0194  29.677728     1.0195  29.676494     4.7422     4.6933     0.0015    98.7039 1.0000e-12  -64.08156  -63.77190 327.592010      99.98 3.9489e+02    868.680      20849  1028.6352  1028.6338    34.5712    34.5695    7.82533         37 0.0000e+00
    199.000    196.968     1.0192  29.678075     1.0195  29.676793     4.7487     4.6909     0.0038    98.6947 1.0000e-12  -64.08156  -63.77190 327.592032      99.98 3.9489e+02    870.552      20894  1028.6401  1028.6384    34.5713    34.5693    7.82536         39 0.0000e+00
    200.000    197.955     1.0178  29.678282     1.0176  29.676650     4.7344     4.6801     0.0070    98.6882 1.0000e-12  -64.08156  -63.77190 327.592049      99.98 3.9489e+02    872.067      20931  1028.6460  1028.6445    34.5726    34.5707    7.82559         29 0.0000e+00
    201.000    198.947     1.0221  29.685324     1.0225  29.684589     4.7281     4.6757     0.0069    98.7050 1.0000e-12  -64.08156  -63.77190 327.592061      99.98 3.9489e+02    873.103      20955  1028.6533  1028.6521    34.5763    34.5749    7.82452         23 0.0000e+00
    202.000    199.935     1.0277  29.692190     1.0278  29.690982     4.7313     4.6735     0.0018    98.6826 1.0000e-12  -64.08156  -63.77188 327.592072      99.98 3.9489e+02    873.988      20977  1028.6591  1028.6578    34.5783    34.5766    7.82329         21 0.0000e+00
    203.000    200.925     1.0294  29.694357     1.0296  29.693291     4.7215     4.6755    -0.0003    98.6823 1.0000e-12  -64.08156  -63.77188 327.592082      99.98 3.9489e+02    874.882      20998  1028.6639  1028.6626    34.5785    34.5770    7.82292         23 0.0000e+00
    204.000    201.913     1.0315  29.696794     1.0319  29.695937     4.7297     4.6755    -0.0041    98.6823 1.0000e-12  -64.08156  -63.77189 327.592095      99.98 3.9489e+02    875.971      21024  1028.6688  1028.6675    34.5789    34.5773    7.82250         29 0.0000e+00
    205.000    202.904     1.0317  29.697592     1.0317  29.696090     4.7230     4.6789    -0.0080    98.6823 1.0000e-12  -64.08156  -63.77190 327.592110      99.98 3.9489e+02    877.328      21057  1028.6737  1028.6721    34.5791    34.5771    7.82245         34 0.0000e+00
    206.000    203.892     1.0327  29.699083     1.0333  29.698225     4.7346     4.6770     0.0049    98.6823 1.0000e-12  -64.08156  -63.77190 327.592125      99.98 3.9489e+02    878.629      21088  1028.6785  1028.6770    34.5792    34.5775    7.82223         29 0.0000e+00
    207.000    204.881     1.0338  29.700660     1.0339  29.699265     4.7209     4.6694    -0.0071    98.6338 1.0000e-12  -64.08156  -63.77190 327.592139      99.98 3.9489e+02    879.844      21117  1028.6833  1028.6818    34.5795    34.5776    7.82200         30 0.0000e+00
    208.000    205.872     1.0363  29.703861     1.0368  29.702726     4.7205     4.6621    -0.0077    98.6440 1.0000e-12  -64.08156  -63.77190 327.592155      99.98 3.9489e+02    881.154      21149  1028.6885  1028.6868    34.5803    34.5782    7.82146         33 0.0000e+00
    209.000    206.860     1.0382  29.706287     1.0385  29.705065     4.7108     4.6569    -0.0045    98.6690 1.0000e-12  -64.08156  -63.77189 327.592170      99.98 3.9489e+02    882.499      21181  1028.6934  1028.6919    34.5807    34.5788    7.82106         30 0.0000e+00
    210.000    207.849     1.0392  29.707831     1.0393  29.706699     4.7142     4.6540    -0.0003    98.6674 1.0000e-12  -64.08156  -63.77189 327.592184      99.98 3.9489e+02    883.670      21209  1028.6983  1028.6970    34.5810    34.5794    7.82084         26 0.0000e+00
    211.000    208.838     1.0432  29.712551     1.0429  29.710895     4.7129     4.6584    -0.0004    98.6522 1.0000e-12  -64.08156  -63.77190 327.592195      99.98 3.9489e+02    884.661      21233  1028.7035  1028.7021    34.5820    34.5802    7.81998         23 0.0000e+00
    212.000    209.829     1.0439  29.713633     1.0438  29.712212     4.7093     4.6531    -0.0020    98.6714 1.0000e-12  -64.08156  -63.77190 327.592206      99.98 3.9489e+02    885.585      21255  1028.7082  1028.7069    34.5821    34.5804    7.81984         22 0.0000e+00
    213.000    210.818     1.0432  29.713292     1.0435  29.712430     4.6960     4.6520    -0.0070    98.6530 1.0000e-12  -64.08156  -63.77190 327.592217      99.98 3.9489e+02    886.555      21278  1028.7128  1028.7116    34.5818    34.5804    7.81999         25 0.0000e+00
    214.000    211.807     1.0488  29.719801     1.0489  29.718283     4.6929     4.6422    -0.0007    98.6584 1.0000e-12  -64.08156  -63.77190 327.592232      99.98 3.9489e+02    887.799      21308  1028.7183  1028.7167    34.5833    34.5813    7.81878         36 0.0000e+00
    215.000    212.796     1.0552  29.727064     1.0552  29.725554     4.6861     4.6285     0.0046    98.6654 1.0000e-12  -64.08156  -63.77190 327.592251      99.98 3.9489e+02    889.470      21348  1028.7238  1028.7222    34.5850    34.5831    7.81741         38 0.0000e+00
    216.000    213.784     1.0621  29.735048     1.0634  29.734856     4.6612     4.6191    -0.0013    98.6374 1.0000e-12  -64.08156  -63.77189 327.592267      99.98 3.9489e+02    890.894      21382  1028.7296  1028.7281    34.5871    34.5854    7.81592         28 0.0000e+00
    217.000    214.774     1.0751  29.748931     1.0751  29.747827     4.6646     4.6140    -0.0077    98.6683 1.0000e-12  -64.08156  -63.77188 327.592279      99.98 3.9489e+02    891.897      21407  1028.7354  1028.7343    34.5900    34.5886    7.81318         22 0.0000e+00
    218.000    215.763     1.0809  29.755177     1.0810  29.754040     4.6659     4.6075    -0.0012    98.6797 1.0000e-12  -64.08156  -63.77188 327.592289      99.98 3.9489e+02    892.780      21428  1028.7404  1028.7391    34.5910    34.5894    7.81196         21 0.0000e+00
    219.000    216.753     1.0808  29.755636     1.0805  29.754197     4.6677     4.6088    -0.0004    98.6768 1.0000e-12  -64.08156  -63.77189 327.592300      99.98 3.9489e+02    893.690      21450  1028.7454  1028.7442    34.5911    34.5896    7.81198         23 0.0000e+00
    220.000    217.742     1.0799  29.755249     1.0799  29.753839     4.6670     4.6188    -0.0054    98.6630 1.0000e-12  -64.08156  -63.77190 327.592313      99.98 3.9600e+02    894.865      21478  1028.7502  1028.7487    34.5910    34.5892    7.81216         34 0.0000e+00
    221.000    218.731     1.0806  29.756295     1.0803  29.754613     4.6617     4.6122    -0.0010    98.6734 1.0000e-12  -64.08156  -63.77190 327.592331      99.98 3.9665e+02    896.387      21514  1028.7549  1028.7535    34.5909    34.5892    7.81202         37 0.0000e+00
    222.000    219.720     1.0814  29.757504     1.0807  29.755447     4.6557     4.6089    -0.0038    98.6754 1.0000e-12  -64.08156  -63.77190 327.592348      99.98 3.9665e+02    897.865      21550  1028.7597  1028.7583    34.5910    34.5892    7.81185         33 0.0000e+00
    223.000    220.709     1.0868  29.763336     1.0867  29.761945     4.6493     4.5997    -0.0036    98.6815 1.0000e-12  -64.08156  -63.77188 327.592362      99.98 3.9665e+02    899.109      21580  1028.7647  1028.7634    34.5919    34.5902    7.81072         27 0.0000e+00
    224.000    221.699     1.0913  29.768392     1.0917  29.767627     4.6400     4.5957    -0.0004    98.6693 1.0000e-12  -64.08156  -63.77188 327.592375      99.98 3.9665e+02    900.157      21605  1028.7698  1028.7687    34.5929    34.5915    7.80978         24 0.0000e+00
    225.000    222.688     1.0951  29.772547     1.0978  29.774458     4.6232     4.5878     0.0026    98.6718 1.0000e-12  -64.08156  -63.77188 327.592385      99.98 3.9665e+02    901.102      21627  1028.7747  1028.7740    34.5935    34.5929    7.80899         22 0.0000e+00
    226.000    223.677     1.1027  29.781154     1.1025  29.779572     4.5949     4.5691     0.0026    98.6963 1.0000e-12  -64.08156  -63.77188 327.592396      99.98 3.9665e+02    902.062      21650  1028.7804  1028.7789    34.5955    34.5937    7.80737         24 0.0000e+00
    227.000    224.667     1.1252  29.804886     1.1188  29.797472     4.5689     4.5471    -0.0076    98.6805 1.0000e-12  -64.08156  -63.77188 327.592409      99.98 3.9665e+02    903.120      21676  1028.7869  1028.7855    34.6005    34.5980    7.80260         27 0.0000e+00
    228.000    225.655     1.1478  29.829130     1.1469  29.827063     4.5619     4.5347    -0.0038    98.6951 1.0000e-12  -64.08156  -63.77190 327.592423      99.98 3.9665e+02    904.346      21705  1028.7940  1028.7927    34.6060    34.6043    7.79781         32 0.0000e+00
    229.000    226.644     1.1579  29.840498     1.1577  29.839077     4.5560     4.5276    -0.0004    98.6794 1.0000e-12  -64.08156  -63.77190 327.592439      99.98 3.9711e+02    905.716      21738  1028.8002  1028.7989    34.6088    34.6072    7.79564         34 0.0000e+00
    230.000    227.634     1.1630  29.846021     1.1628  29.844472     4.5539     4.5169    -0.0004    98.6570 1.0000e-12  -64.08156  -63.77190 327.592456      99.98 3.9842e+02    907.183      21773  1028.8054  1028.8039    34.6097    34.6079    7.79459         35 0.0000e+00
    231.000    228.622     1.1745  29.858823     1.1745  29.857745     4.5380     4.5136    -0.0004    98.6664 1.0000e-12  -64.08156  -63.77188 327.592472      99.98 3.9841e+02    908.593      21807  1028.8117  1028.8106    34.6127    34.6114    7.79213         32 0.0000e+00
    232.000    229.612     1.1771  29.862161     1.1765  29.860426     4.5513     4.5094    -0.0028    98.6932 1.0000e-12  -64.08156  -63.77188 327.592486      99.98 3.9841e+02    909.774      21836  1028.8170  1028.8158    34.6136    34.6121    7.79157         25 0.0000e+00
    233.000    230.600     1.1773  29.862977     1.1776  29.861810     4.5575     4.5077    -0.0067    98.6341 1.0000e-12  -64.08156  -63.77188 327.592497      99.98 3.9849e+02    910.734      21859  1028.8220  1028.8206    34.6138    34.6120    7.79152         22 0.0000e+00
    234.000    231.590     1.1774  29.863519     1.1774  29.862138     4.5480     4.5081    -0.0005    98.6846 1.0000e-12  -64.08156  -63.77188 327.592507      99.98 3.9997e+02    911.576      21879  1028.8269  1028.8254    34.6138    34.6121    7.79150         19 0.0000e+00
    235.000    232.580     1.1776  29.864062     1.1776  29.862817     4.5497     4.5107    -0.0126    98.6905 1.0000e-12  -64.08156  -63.77188 327.592517      99.98 4.0017e+02    912.430      21899  1028.8316  1028.8303    34.6137    34.6121    7.79146         22 0.0000e+00
