NBP2113_155081_ctd/data/dnbp2113_046.cnv
* Sea-Bird SBE 9 Data File:
* FileName = D:\Data\raw\NBP2113_046.hex
* Software Version Seasave V 7.26.7.121
* Temperature SN = 2438
* Conductivity SN = 2067
* Number of Bytes Per Scan = 40
* Number of Voltage Words = 5
* Number of Scans Averaged by the Deck Unit = 1
* NMEA Latitude = 64 52.22 S
* NMEA Longitude = 063 49.73 W
* NMEA UTC (Time) = Dec 11 2021  05:17:37
* NMEA baud rate = 9600
** Ship: RVIB N.B. Palmer
** Cruise: NBP2113 LTER
** Station: 623.024
** Operator: B. Urmston
# nquan = 25
# nvalues = 571                         
# units = specified
# name 0 = prDM: Pressure, Digiquartz [db]
# name 1 = depSM: Depth [salt water, m]
# name 2 = t090C: Temperature [ITS-90, deg C]
# name 3 = c0mS/cm: Conductivity [mS/cm]
# name 4 = t190C: Temperature, 2 [ITS-90, deg C]
# name 5 = c1mS/cm: Conductivity, 2 [mS/cm]
# name 6 = sbeox0ML/L: Oxygen, SBE 43 [ml/l]
# name 7 = sbeox1ML/L: Oxygen, SBE 43, 2 [ml/l]
# name 8 = flECO-AFL: Fluorescence, WET Labs ECO-AFL/FL [mg/m^3]
# name 9 = CStarTr0: Beam Transmission, WET Labs C-Star [%]
# name 10 = par: PAR/Irradiance, Biospherical/Licor
# name 11 = latitude: Latitude [deg]
# name 12 = longitude: Longitude [deg]
# name 13 = timeJ: Julian Days
# name 14 = altM: Altimeter [m]
# name 15 = spar: SPAR, Biospherical/Licor
# name 16 = timeS: Time, Elapsed [seconds]
# name 17 = scan: Scan Count
# name 18 = density00: Density [density, kg/m^3]
# name 19 = density11: Density, 2 [density, kg/m^3]
# name 20 = sal00: Salinity, Practical [PSU]
# name 21 = sal11: Salinity, Practical, 2 [PSU]
# name 22 = oxsolML/L: Oxygen Saturation, Garcia & Gordon [ml/l]
# name 23 = nbin: number of scans per bin
# name 24 = flag: flag
# span 0 =      4.000,    574.000       
# span 1 =      3.946,    567.591       
# span 2 =    -0.2109,     1.2923       
# span 3 =  27.947628,  30.131306       
# span 4 =    -0.2107,     1.2921       
# span 5 =  27.945905,  30.129918       
# span 6 =     4.2966,     8.1644       
# span 7 =     4.3574,     8.1729       
# span 8 =    -0.0199,     1.9017       
# span 9 =    84.9137,    91.2789       
# span 10 = -2.077e-05, 1.1590e+00      
# span 11 =  -64.87076,  -64.87040      
# span 12 =  -63.82952,  -63.82888      
# span 13 = 345.224746, 345.235905      
# span 14 =       7.81,      99.97      
# span 15 = 0.0000e+00, 0.0000e+00      
# span 16 =    360.995,   1325.161      
# span 17 =       8665,      31805      
# span 18 =  1027.1723,  1030.4296      
# span 19 =  1027.1711,  1030.4284      
# span 20 =    33.7783,    34.6348      
# span 21 =    33.7759,    34.6334      
# span 22 =    7.76760,    8.12376      
# span 23 =          5,         49      
# span 24 = 0.0000e+00, 0.0000e+00      
# interval = decibars: 1                
# start_time = Dec 11 2021 05:17:37 [NMEA time, header]
# bad_flag = -9.990e-29
*END*
      4.000      3.946    -0.1854  27.985912    -0.1846  27.985375     8.1644     8.1594     1.7458    85.7093 1.1590e+00  -64.87053  -63.82913 345.224746      99.97 0.0000e+00    360.995       8665  1027.1723  1027.1711    33.8083    33.8068    8.11662          5 0.0000e+00
      5.000      4.950    -0.1884  27.982034    -0.1884  27.980304     8.1284     8.1540     1.6786    85.5787 9.6534e-01  -64.87055  -63.82915 345.224891      99.96 0.0000e+00    373.613       8968  1027.1754  1027.1736    33.8060    33.8036    8.11741         26 0.0000e+00
      6.000      5.943    -0.1880  27.979879    -0.1883  27.977804     8.1449     8.1521     1.7952    85.4951 8.0795e-01  -64.87056  -63.82916 345.225023      99.97 0.0000e+00    384.991       9241  1027.1769  1027.1750    33.8020    33.7996    8.11754         42 0.0000e+00
      7.000      6.931    -0.1881  27.980303    -0.1888  27.977337     8.1241     8.1512     1.8010    85.5079 7.0981e-01  -64.87056  -63.82916 345.225050      99.97 0.0000e+00    387.326       9297  1027.1817  1027.1793    33.8020    33.7988    8.11755         44 0.0000e+00
      8.000      7.926    -0.1913  27.976582    -0.1890  27.977335     8.1545     8.1537     1.6953    85.5282 6.1460e-01  -64.87056  -63.82918 345.225085      99.97 0.0000e+00    390.383       9370  1027.1852  1027.1837    33.8000    33.7984    8.11835         24 0.0000e+00
      9.000      8.912    -0.1956  27.970115    -0.1957  27.968288     8.1502     8.1623     1.7048    85.4674 4.9464e-01  -64.87056  -63.82918 345.225116      99.97 0.0000e+00    393.012       9433  1027.1866  1027.1848    33.7956    33.7933    8.11952         40 0.0000e+00
     10.000      9.901    -0.1997  27.962710    -0.2010  27.958640     8.1538     8.1637     1.6897    85.3284 4.3125e-01  -64.87056  -63.82916 345.225142      99.97 0.0000e+00    395.287       9488  1027.1869  1027.1838    33.7897    33.7857    8.12074         37 0.0000e+00
     11.000     10.890    -0.2007  27.961568    -0.2005  27.959749     8.1412     8.1563     1.7795    85.3304 4.0841e-01  -64.87058  -63.82918 345.225170      99.96 0.0000e+00    397.685       9545  1027.1909  1027.1887    33.7887    33.7860    8.12100         32 0.0000e+00
     12.000     11.883    -0.2030  27.957947    -0.2016  27.958326     8.1386     8.1677     1.7733    85.2483 3.4528e-01  -64.87058  -63.82918 345.225216      99.97 0.0000e+00    401.636       9640  1027.1935  1027.1925    33.7858    33.7847    8.12166         24 0.0000e+00
     13.000     12.877    -0.2046  27.956280    -0.2045  27.954058     8.1447     8.1648     1.7220    85.1828 2.9731e-01  -64.87058  -63.82918 345.225263      99.97 0.0000e+00    405.680       9737  1027.1973  1027.1948    33.7847    33.7816    8.12206         27 0.0000e+00
     14.000     13.862    -0.2043  27.957213    -0.2048  27.954540     8.1458     8.1583     1.7869    85.0432 2.5200e-01  -64.87058  -63.82918 345.225306      99.97 0.0000e+00    409.461       9828  1027.2024  1027.1999    33.7851    33.7820    8.12198         41 0.0000e+00
     15.000     14.857    -0.2041  27.958496    -0.2047  27.955373     8.1276     8.1681     1.7672    85.1418 2.2647e-01  -64.87058  -63.82918 345.225341      99.97 0.0000e+00    412.425       9899  1027.2078  1027.2050    33.7859    33.7824    8.12189         30 0.0000e+00
     16.000     15.842    -0.2109  27.947628    -0.2107  27.945905     8.1381     8.1729     1.7185    85.0513 1.8630e-01  -64.87060  -63.82919 345.225399      99.97 0.0000e+00    417.451      10020  1027.2069  1027.2049    33.7783    33.7759    8.12376         37 0.0000e+00
     17.000     16.834    -0.2069  27.956547    -0.2085  27.950678     8.1207     8.1640     1.9017    84.9137 1.5896e-01  -64.87060  -63.82918 345.225426      99.97 0.0000e+00    419.816      10077  1027.2169  1027.2121    33.7852    33.7791    8.12252         36 0.0000e+00
     18.000     17.825    -0.2018  27.967745    -0.2041  27.960859     8.1111     8.1644     1.7786    84.9903 1.4845e-01  -64.87060  -63.82919 345.225466      99.97 0.0000e+00    423.232      10159  1027.2283  1027.2231    33.7939    33.7872    8.12095         30 0.0000e+00
     19.000     18.813    -0.2099  27.952405    -0.2095  27.950415     8.0809     8.1543     1.7832    85.0605 1.2151e-01  -64.87060  -63.82920 345.225523      99.97 0.0000e+00    428.147      10277  1027.2238  1027.2214    33.7817    33.7787    8.12335         28 0.0000e+00
     20.000     19.805    -0.2028  27.971231    -0.2035  27.965498     8.0602     8.1350     1.7304    84.9720 1.0120e-01  -64.87060  -63.82919 345.225550      99.97 0.0000e+00    430.504      10333  1027.2416  1027.2361    33.7984    33.7915    8.12090         36 0.0000e+00
     21.000     20.794    -0.1936  28.000405    -0.1932  27.996772     8.0785     8.1361     1.8677    85.0297 8.7849e-02  -64.87060  -63.82920 345.225571      99.97 0.0000e+00    432.375      10378  1027.2684  1027.2640    33.8265    33.8211    8.11734         28 0.0000e+00
     22.000     21.782    -0.1933  28.003713    -0.1930  28.002139     8.0823     8.1221     1.7992    85.7275 7.2467e-02  -64.87060  -63.82921 345.225633      99.97 0.0000e+00    437.667      10505  1027.2760  1027.2740    33.8299    33.8275    8.11707         28 0.0000e+00
     23.000     22.773    -0.1884  28.010848    -0.1882  28.008955     8.0633     8.1246     1.8948    85.8086 5.5080e-02  -64.87060  -63.82919 345.225661      99.97 0.0000e+00    440.104      10564  1027.2833  1027.2810    33.8333    33.8306    8.11583         36 0.0000e+00
     24.000     23.765    -0.1827  28.018542    -0.1827  28.016347     8.0828     8.1220     1.8511    85.9212 5.0087e-02  -64.87060  -63.82920 345.225684      99.97 0.0000e+00    442.102      10611  1027.2904  1027.2880    33.8367    33.8338    8.11443         39 0.0000e+00
     25.000     24.746    -0.1765  28.025655    -0.1775  28.022521     8.0579     8.1218     1.5696    86.0090 4.2664e-02  -64.87061  -63.82921 345.225722      99.97 0.0000e+00    445.415      10691  1027.2965  1027.2940    33.8387    33.8355    8.11301         14 0.0000e+00
     26.000     25.740    -0.1658  28.039945    -0.1673  28.036012     8.0608     8.1163     1.8170    86.1139 3.0443e-02  -64.87062  -63.82921 345.225769      99.97 0.0000e+00    449.449      10788  1027.3060  1027.3031    33.8452    33.8416    8.11035         18 0.0000e+00
     27.000     26.732    -0.1680  28.037995    -0.1662  28.038356     8.0544     8.1181     1.6999    86.0380 1.9586e-02  -64.87062  -63.82920 345.225802      99.97 0.0000e+00    452.274      10856  1027.3104  1027.3090    33.8444    33.8429    8.11087         37 0.0000e+00
     28.000     27.725    -0.1647  28.044304    -0.1640  28.043604     8.0807     8.1183     1.6985    86.1930 1.4033e-02  -64.87062  -63.82920 345.225821      99.97 0.0000e+00    453.945      10896  1027.3182  1027.3168    33.8485    33.8468    8.10992         39 0.0000e+00
     29.000     28.712    -0.1629  28.047556    -0.1637  28.044061     8.0400     8.1084     1.5793    86.2712 9.6650e-03  -64.87062  -63.82921 345.225863      99.97 0.0000e+00    457.584      10983  1027.3245  1027.3215    33.8503    33.8465    8.10945         29 0.0000e+00
     30.000     29.704    -0.1575  28.057443    -0.1578  28.054199     8.0186     8.0897     1.5624    86.3819 1.6862e-03  -64.87062  -63.82921 345.225911      99.97 0.0000e+00    461.745      11083  1027.3342  1027.3309    33.8568    33.8528    8.10793         40 0.0000e+00
     31.000     30.695    -0.1481  28.075691    -0.1468  28.075871     8.0094     8.0882     1.6406    86.4247 -2.077e-05  -64.87062  -63.82921 345.225932      99.97 0.0000e+00    463.487      11125  1027.3490  1027.3479    33.8701    33.8688    8.10518         41 0.0000e+00
     32.000     31.685    -0.1449  28.082591    -0.1447  28.080416     8.0114     8.0762     1.5967    86.4892 1.0000e-12  -64.87062  -63.82921 345.225964      99.96 0.0000e+00    466.283      11192  1027.3577  1027.3552    33.8751    33.8719    8.10421         31 0.0000e+00
     33.000     32.673    -0.1428  28.088355    -0.1429  28.085615     8.0040     8.0666     1.6556    86.6322 1.0000e-12  -64.87062  -63.82922 345.226003      99.97 0.0000e+00    469.637      11272  1027.3663  1027.3635    33.8797    33.8762    8.10349         30 0.0000e+00
     34.000     33.665    -0.1397  28.096286    -0.1396  28.094413     7.9821     8.0513     1.7126    86.7902 1.0000e-12  -64.87062  -63.82923 345.226044      99.97 0.0000e+00    473.223      11358  1027.3762  1027.3740    33.8863    33.8836    8.10247         37 0.0000e+00
     35.000     34.654    -0.1339  28.107622    -0.1341  28.105109     7.9549     8.0309     1.7524    86.8612 1.0000e-12  -64.87062  -63.82922 345.226076      99.97 0.0000e+00    475.997      11425  1027.3870  1027.3846    33.8943    33.8912    8.10077         41 0.0000e+00
     36.000     35.644    -0.1325  28.109729    -0.1319  28.108566     7.9657     8.0359     1.5573    86.9146 1.0000e-12  -64.87062  -63.82922 345.226104      99.97 0.0000e+00    478.419      11483  1027.3924  1027.3905    33.8950    33.8927    8.10045         40 0.0000e+00
     37.000     36.635    -0.1329  28.109398    -0.1327  28.107675     8.0053     8.0443     1.4018    86.8917 1.0000e-12  -64.87062  -63.82924 345.226131      99.97 0.0000e+00    480.696      11538  1027.3968  1027.3947    33.8944    33.8918    8.10057         35 0.0000e+00
     38.000     37.625    -0.1311  28.112252    -0.1323  28.108080     7.9612     8.0297     1.2198    87.0604 1.0000e-12  -64.87064  -63.82924 345.226190      99.97 0.0000e+00    485.776      11660  1027.4025  1027.3991    33.8955    33.8913    8.10012         38 0.0000e+00
     39.000     38.615    -0.1279  28.118771    -0.1275  28.117427     7.9425     8.0173     1.2658    87.0542 1.0000e-12  -64.87064  -63.82924 345.226212      99.97 0.0000e+00    487.707      11706  1027.4106  1027.4088    33.9001    33.8978    8.09919         41 0.0000e+00
     40.000     39.604    -0.1249  28.125404    -0.1249  28.123451     7.9467     8.0149     1.3962    87.1706 1.0000e-12  -64.87064  -63.82925 345.226240      99.97 0.0000e+00    490.103      11763  1027.4191  1027.4171    33.9049    33.9023    8.09826         42 0.0000e+00
     41.000     40.592    -0.1242  28.127078    -0.1239  28.125652     7.9478     8.0102     1.4510    87.1809 1.0000e-12  -64.87064  -63.82926 345.226283      99.97 0.0000e+00    493.849      11853  1027.4247  1027.4228    33.9058    33.9035    8.09808         28 0.0000e+00
     42.000     41.584    -0.1226  28.129555    -0.1226  28.127524     7.9361     8.0122     1.3309    87.1596 1.0000e-12  -64.87064  -63.82926 345.226320      99.97 0.0000e+00    497.015      11929  1027.4300  1027.4279    33.9066    33.9039    8.09767         43 0.0000e+00
     43.000     42.571    -0.1219  28.132318    -0.1212  28.130407     7.9057     8.0058     1.2472    87.3493 1.0000e-12  -64.87064  -63.82926 345.226345      99.97 0.0000e+00    499.221      11982  1027.4367  1027.4339    33.9090    33.9056    8.09741         35 0.0000e+00
     44.000     43.564    -0.1286  28.133176    -0.1273  28.131174     7.8638     7.9375     1.2387    87.4176 1.0000e-12  -64.87064  -63.82926 345.226390      99.96 0.0000e+00    503.134      12076  1027.4485  1027.4450    33.9169    33.9128    8.09837         29 0.0000e+00
     45.000     44.554    -0.1341  28.134196    -0.1342  28.132761     7.8281     7.9192     1.1640    87.5093 1.0000e-12  -64.87064  -63.82927 345.226414      99.97 0.0000e+00    505.206      12126  1027.4592  1027.4577    33.9238    33.9220    8.09915         38 0.0000e+00
     46.000     45.547    -0.1368  28.135841    -0.1355  28.133697     7.8105     7.9040     1.1497    87.5796 1.0000e-12  -64.87064  -63.82929 345.226444      99.97 0.0000e+00    507.768      12187  1027.4678  1027.4642    33.9284    33.9241    8.09946         31 0.0000e+00
     47.000     46.534    -0.1456  28.140730    -0.1455  28.138930     7.6361     7.7595     1.1037    87.7159 1.0000e-12  -64.87066  -63.82930 345.226496      99.97 0.0000e+00    512.263      12295  1027.4857  1027.4837    33.9440    33.9416    8.10043         39 0.0000e+00
     48.000     47.525    -0.1643  28.150995    -0.1646  28.149609     7.4652     7.6369     1.0170    87.9151 1.0000e-12  -64.87066  -63.82929 345.226526      99.97 0.0000e+00    514.807      12356  1027.5192  1027.5181    33.9780    33.9765    8.10248         42 0.0000e+00
     49.000     48.513    -0.1605  28.182424    -0.1605  28.182117     7.4651     7.5991     0.9616    87.9376 1.0000e-12  -64.87066  -63.82930 345.226552      99.97 0.0000e+00    517.073      12411  1027.5534  1027.5530    34.0150    34.0146    8.09957         44 0.0000e+00
     50.000     49.501    -0.1367  28.212559    -0.1367  28.210504     7.4951     7.6000     1.0677    88.1002 1.0000e-12  -64.87066  -63.82930 345.226584      99.97 0.0000e+00    519.840      12477  1027.5666  1027.5645    34.0279    34.0252    8.09378         35 0.0000e+00
     51.000     50.496    -0.0983  28.258109    -0.0998  28.253934     7.4538     7.5613     0.9611    88.4150 1.0000e-12  -64.87066  -63.82932 345.226633      99.97 0.0000e+00    524.107      12580  1027.5827  1027.5797    34.0450    34.0411    8.08468         27 0.0000e+00
     52.000     51.484    -0.0913  28.272708    -0.0906  28.271351     7.4110     7.5195     0.6892    88.8450 1.0000e-12  -64.87066  -63.82931 345.226671      99.97 0.0000e+00    527.337      12657  1027.5963  1027.5941    34.0561    34.0535    8.08258         32 0.0000e+00
     53.000     52.474    -0.1031  28.266732    -0.1024  28.265323     7.4264     7.4984     0.5562    88.9859 1.0000e-12  -64.87066  -63.82931 345.226691      99.97 0.0000e+00    529.093      12699  1027.6058  1027.6036    34.0606    34.0580    8.08481         37 0.0000e+00
     54.000     53.464    -0.1115  28.262432    -0.1104  28.261211     7.4438     7.4899     0.5991    89.0152 1.0000e-12  -64.87066  -63.82932 345.226714      99.97 0.0000e+00    531.130      12748  1027.6137  1027.6113    34.0637    34.0609    8.08641         44 0.0000e+00
     55.000     54.455    -0.1194  28.259429    -0.1191  28.257544     7.2388     7.3797     0.5334    89.2230 1.0000e-12  -64.87066  -63.82932 345.226781      99.97 0.0000e+00    536.897      12887  1027.6225  1027.6202    34.0679    34.0651    8.08785         34 0.0000e+00
     56.000     55.445    -0.1184  28.274307    -0.1186  28.272420     7.1097     7.2911     0.4539    89.2698 1.0000e-12  -64.87066  -63.82932 345.226802      99.97 0.0000e+00    538.711      12930  1027.6417  1027.6399    34.0860    34.0837    8.08661         35 0.0000e+00
     57.000     56.432    -0.1022  28.303909    -0.1023  28.302012     7.1468     7.2697     0.4899    89.3274 1.0000e-12  -64.87066  -63.82933 345.226821      99.97 0.0000e+00    540.291      12968  1027.6619  1027.6598    34.1067    34.1042    8.08201         37 0.0000e+00
     58.000     57.422    -0.0793  28.340441    -0.0854  28.328155     7.0147     7.1558     0.4222    89.5818 1.0000e-12  -64.87068  -63.82933 345.226878      99.97 0.0000e+00    545.248      13087  1027.6831  1027.6759    34.1290    34.1195    8.07590         36 0.0000e+00
     59.000     58.413    -0.0718  28.353533    -0.0715  28.352689     6.9761     7.1131     0.3134    89.6962 1.0000e-12  -64.87068  -63.82933 345.226903      99.97 0.0000e+00    547.438      13140  1027.6941  1027.6930    34.1373    34.1360    8.07383         36 0.0000e+00
     60.000     59.404    -0.0692  28.360520    -0.0687  28.359431     6.9809     7.0955     0.3728    89.7675 1.0000e-12  -64.87068  -63.82934 345.226932      99.97 0.0000e+00    549.882      13198  1027.7036  1027.7018    34.1431    34.1411    8.07296         37 0.0000e+00
