NBP2113_155081_ctd/data/dnbp2113_039.cnv
* Sea-Bird SBE 9 Data File:
* FileName = D:\Data\raw\NBP2113_039.hex
* Software Version Seasave V 7.26.7.121
* Temperature SN = 2438
* Conductivity SN = 2067
* Number of Bytes Per Scan = 40
* Number of Voltage Words = 5
* Number of Scans Averaged by the Deck Unit = 1
* NMEA Latitude = 64 52.75 S
* NMEA Longitude = 063 56.20 W
* NMEA UTC (Time) = Dec 10 2021  11:48:20
* NMEA baud rate = 9600
** Ship: RVIB N.B. Palmer
** Cruise: NBP2113 LTER
** Station: 619.027
** Operator: B. Urmston
# nquan = 25
# nvalues = 265                         
# units = specified
# name 0 = prDM: Pressure, Digiquartz [db]
# name 1 = depSM: Depth [salt water, m]
# name 2 = t090C: Temperature [ITS-90, deg C]
# name 3 = c0mS/cm: Conductivity [mS/cm]
# name 4 = t190C: Temperature, 2 [ITS-90, deg C]
# name 5 = c1mS/cm: Conductivity, 2 [mS/cm]
# name 6 = sbeox0ML/L: Oxygen, SBE 43 [ml/l]
# name 7 = sbeox1ML/L: Oxygen, SBE 43, 2 [ml/l]
# name 8 = flECO-AFL: Fluorescence, WET Labs ECO-AFL/FL [mg/m^3]
# name 9 = CStarTr0: Beam Transmission, WET Labs C-Star [%]
# name 10 = par: PAR/Irradiance, Biospherical/Licor
# name 11 = latitude: Latitude [deg]
# name 12 = longitude: Longitude [deg]
# name 13 = timeJ: Julian Days
# name 14 = altM: Altimeter [m]
# name 15 = spar: SPAR, Biospherical/Licor
# name 16 = timeS: Time, Elapsed [seconds]
# name 17 = scan: Scan Count
# name 18 = density00: Density [density, kg/m^3]
# name 19 = density11: Density, 2 [density, kg/m^3]
# name 20 = sal00: Salinity, Practical [PSU]
# name 21 = sal11: Salinity, Practical, 2 [PSU]
# name 22 = oxsolML/L: Oxygen Saturation, Garcia & Gordon [ml/l]
# name 23 = nbin: number of scans per bin
# name 24 = flag: flag
# span 0 =      6.000,    270.000       
# span 1 =      5.940,    267.165       
# span 2 =    -0.3465,     1.2209       
# span 3 =  27.883225,  29.922690       
# span 4 =    -0.3459,     1.2252       
# span 5 =  27.881657,  29.926205       
# span 6 =     4.3942,     7.9137       
# span 7 =     4.4689,     7.9864       
# span 8 =    -0.0063,     1.6014       
# span 9 =    89.2247,    94.9670       
# span 10 = -1.202e-05, 1.0683e+02      
# span 11 =  -64.87890,  -64.87876      
# span 12 =  -63.93682,  -63.93677      
# span 13 = 344.494863, 344.501909      
# span 14 =       8.02,      99.98      
# span 15 = 3.1620e+02, 3.7061e+02      
# span 16 =    256.167,    864.913      
# span 17 =       6149,      20759      
# span 18 =  1027.2198,  1028.9998      
# span 19 =  1027.2177,  1028.9986      
# span 20 =    33.8452,    34.6208      
# span 21 =    33.8426,    34.6203      
# span 22 =    7.78250,    8.14895      
# span 23 =          9,         48      
# span 24 = 0.0000e+00, 0.0000e+00      
# interval = decibars: 1                
# start_time = Dec 10 2021 11:48:20 [NMEA time, header]
# bad_flag = -9.990e-29
*END*
      6.000      5.940    -0.3413  27.885200    -0.3401  27.884326     7.9081     7.9736     1.2691    89.2791 1.0683e+02  -64.87880  -63.93680 344.494863      99.97 3.6465e+02    256.167       6149  1027.2198  1027.2177    33.8461    33.8436    8.14777         23 0.0000e+00
      7.000      6.932    -0.3441  27.884674    -0.3428  27.883790     7.8972     7.9786     1.1981    89.2930 8.8449e+01  -64.87880  -63.93680 344.495094      99.97 3.6573e+02    276.083       6627  1027.2262  1027.2240    33.8479    33.8453    8.14827         42 0.0000e+00
      8.000      7.921    -0.3438  27.885367    -0.3430  27.884124     7.8969     7.9797     1.2746    89.3755 7.7427e+01  -64.87880  -63.93678 344.495155      99.97 3.6493e+02    281.355       6754  1027.2309  1027.2288    33.8479    33.8453    8.14821         43 0.0000e+00
      9.000      8.912    -0.3437  27.886105    -0.3430  27.884441     7.8872     7.9777     1.2625    89.3200 6.9821e+01  -64.87880  -63.93678 344.495185      99.97 3.6629e+02    283.964       6816  1027.2359  1027.2335    33.8481    33.8452    8.14817         36 0.0000e+00
     10.000      9.900    -0.3445  27.885383    -0.3435  27.883885     7.9041     7.9782     1.2594    89.3536 6.2793e+01  -64.87880  -63.93680 344.495229      99.97 3.6665e+02    287.798       6908  1027.2402  1027.2377    33.8475    33.8444    8.14838         31 0.0000e+00
     11.000     10.893    -0.3448  27.885195    -0.3441  27.883805     7.9109     7.9734     1.2536    89.2877 5.4625e+01  -64.87880  -63.93680 344.495261      99.97 3.6668e+02    290.575       6975  1027.2446  1027.2424    33.8470    33.8443    8.14848         37 0.0000e+00
     12.000     11.880    -0.3464  27.883225    -0.3458  27.881657     7.8996     7.9841     1.3027    89.3334 4.8640e+01  -64.87880  -63.93680 344.495295      99.97 3.6668e+02    293.471       7044  1027.2483  1027.2460    33.8455    33.8427    8.14890         39 0.0000e+00
     13.000     12.873    -0.3463  27.883895    -0.3455  27.882542     7.9068     7.9864     1.4411    89.3086 4.4685e+01  -64.87880  -63.93680 344.495325      99.97 3.6668e+02    296.039       7106  1027.2532  1027.2510    33.8456    33.8430    8.14887         41 0.0000e+00
     14.000     13.861    -0.3461  27.884487    -0.3456  27.882863     7.9078     7.9814     1.4116    89.3139 3.9787e+01  -64.87880  -63.93680 344.495361      99.97 3.6668e+02    299.228       7182  1027.2579  1027.2557    33.8457    33.8429    8.14883         35 0.0000e+00
     15.000     14.853    -0.3465  27.884278    -0.3459  27.882831     7.9043     7.9778     1.4587    89.2985 3.5489e+01  -64.87880  -63.93680 344.495403      99.97 3.6668e+02    302.848       7269  1027.2624  1027.2602    33.8452    33.8426    8.14895         42 0.0000e+00
     16.000     15.842    -0.3462  27.885344    -0.3453  27.884277     7.9079     7.9817     1.4323    89.3132 3.1772e+01  -64.87879  -63.93680 344.495429      99.97 3.6668e+02    305.074       7323  1027.2675  1027.2654    33.8457    33.8432    8.14885         45 0.0000e+00
     17.000     16.833    -0.3457  27.886553    -0.3449  27.885133     7.8895     7.9805     1.4949    89.2416 2.8983e+01  -64.87878  -63.93680 344.495459      99.97 3.6702e+02    307.645       7384  1027.2726  1027.2703    33.8461    33.8433    8.14872         36 0.0000e+00
     18.000     17.820    -0.3453  27.887579    -0.3448  27.885687     7.8923     7.9821     1.6014    89.2913 2.6249e+01  -64.87878  -63.93680 344.495496      99.97 3.6851e+02    310.877       7462  1027.2775  1027.2751    33.8464    33.8433    8.14861         25 0.0000e+00
     19.000     18.808    -0.3462  27.886634    -0.3456  27.885069     7.9015     7.9821     1.5600    89.2926 2.3708e+01  -64.87878  -63.93680 344.495535      99.96 3.6844e+02    314.211       7542  1027.2818  1027.2794    33.8456    33.8428    8.14886         30 0.0000e+00
     20.000     19.800    -0.3421  27.891970    -0.3414  27.890542     7.8970     7.9853     1.5378    89.2247 2.1147e+01  -64.87878  -63.93680 344.495565      99.97 3.6844e+02    316.832       7605  1027.2878  1027.2856    33.8475    33.8448    8.14786         33 0.0000e+00
     21.000     20.794    -0.3405  27.894359    -0.3394  27.893444     7.8936     7.9820     1.4934    89.3666 1.9628e+01  -64.87878  -63.93680 344.495595      99.97 3.6844e+02    319.423       7667  1027.2931  1027.2911    33.8483    33.8459    8.14747         41 0.0000e+00
     22.000     21.783    -0.3405  27.894638    -0.3392  27.894087     7.8963     7.9815     1.4996    89.3058 1.7914e+01  -64.87878  -63.93681 344.495627      99.98 3.6844e+02    322.196       7734  1027.2978  1027.2959    33.8481    33.8458    8.14749         23 0.0000e+00
     23.000     22.772    -0.3415  27.893828    -0.3401  27.893521     7.9005     7.9815     1.4945    89.4163 1.5645e+01  -64.87878  -63.93681 344.495667      99.97 3.6844e+02    325.629       7816  1027.3022  1027.3005    33.8475    33.8455    8.14773         34 0.0000e+00
     24.000     23.761    -0.3416  27.894198    -0.3407  27.893150     7.9137     7.9835     1.4947    89.4590 1.4205e+01  -64.87878  -63.93680 344.495698      99.96 3.6844e+02    328.295       7880  1027.3070  1027.3051    33.8475    33.8451    8.14775         35 0.0000e+00
     25.000     24.756    -0.3409  27.895540    -0.3403  27.894109     7.8885     7.9819     1.5651    89.4170 1.3438e+01  -64.87878  -63.93680 344.495727      99.97 3.6844e+02    330.798       7940  1027.3121  1027.3100    33.8479    33.8453    8.14759         32 0.0000e+00
     26.000     25.740    -0.3409  27.895893    -0.3405  27.894358     7.9002     7.9819     1.4600    89.4045 1.2272e+01  -64.87878  -63.93680 344.495753      99.97 3.6844e+02    333.087       7995  1027.3167  1027.3147    33.8477    33.8453    8.14759         34 0.0000e+00
     27.000     26.734    -0.3402  27.897302    -0.3391  27.896562     7.8923     7.9757     1.4949    89.4290 1.0819e+01  -64.87878  -63.93680 344.495805      99.97 3.6844e+02    337.568       8103  1027.3219  1027.3201    33.8482    33.8461    8.14741         33 0.0000e+00
     28.000     27.724    -0.3388  27.899539    -0.3380  27.898579     7.8977     7.9790     1.4284    89.4327 1.0086e+01  -64.87878  -63.93680 344.495828      99.97 3.6844e+02    339.532       8150  1027.3272  1027.3255    33.8491    33.8469    8.14706         38 0.0000e+00
     29.000     28.715    -0.3385  27.900879    -0.3375  27.900002     7.9037     7.9804     1.5351    89.4545 9.4085e+00  -64.87878  -63.93680 344.495849      99.97 3.6876e+02    341.380       8194  1027.3327  1027.3307    33.8499    33.8476    8.14695         32 0.0000e+00
     30.000     29.702    -0.3383  27.901575    -0.3378  27.899992     7.8871     7.9719     1.5328    89.4820 8.2934e+00  -64.87876  -63.93681 344.495893      99.97 3.7017e+02    345.128       8284  1027.3376  1027.3354    33.8500    33.8474    8.14690         29 0.0000e+00
     31.000     30.692    -0.3382  27.902314    -0.3377  27.900754     7.8383     7.9349     1.5210    89.4453 7.6034e+00  -64.87876  -63.93678 344.495939      99.97 3.6852e+02    349.112       8380  1027.3426  1027.3404    33.8503    33.8477    8.14687         34 0.0000e+00
     32.000     31.685    -0.3097  27.947491    -0.3162  27.936953     7.7497     7.8899     1.4068    89.5420 7.2053e+00  -64.87876  -63.93678 344.495959      99.97 3.6844e+02    350.821       8421  1027.3678  1027.3628    33.8783    33.8715    8.13916         32 0.0000e+00
     33.000     32.673    -0.2322  28.053178    -0.2321  28.051302     7.7533     7.8775     1.4327    89.7813 6.6742e+00  -64.87876  -63.93678 344.495975      99.97 3.6889e+02    352.211       8454  1027.4109  1027.4087    33.9324    33.9298    8.11952         38 0.0000e+00
     34.000     33.658    -0.2106  28.079174    -0.2186  28.065880     7.7763     7.8778     1.4442    90.5669 5.8419e+00  -64.87876  -63.93681 344.496022      99.97 3.7022e+02    356.281       8552  1027.4232  1027.4161    33.9424    33.9336    8.11435         23 0.0000e+00
     35.000     34.655    -0.1953  28.102344    -0.1891  28.107880     7.6583     7.7982     1.3771    91.1012 5.1917e+00  -64.87876  -63.93678 344.496071      99.97 3.6895e+02    360.569       8655  1027.4383  1027.4381    33.9556    33.9561    8.11034         40 0.0000e+00
     36.000     35.644    -0.1540  28.163003    -0.1537  28.161288     7.6385     7.7654     1.0617    91.3111 5.0529e+00  -64.87876  -63.93677 344.496094      99.97 3.6844e+02    362.482       8701  1027.4680  1027.4658    33.9898    33.9871    8.09962         37 0.0000e+00
     37.000     36.635    -0.1532  28.173874    -0.1521  28.172874     7.6515     7.7577     0.9088    91.6330 4.7923e+00  -64.87876  -63.93678 344.496111      99.97 3.7002e+02    363.998       8737  1027.4837  1027.4815    34.0027    34.0002    8.09871         37 0.0000e+00
     38.000     37.624    -0.1573  28.174268    -0.1574  28.171872     7.6497     7.7527     0.9263    92.0823 4.4068e+00  -64.87876  -63.93680 344.496135      99.97 3.7023e+02    366.053       8786  1027.4928  1027.4903    34.0072    34.0042    8.09933         35 0.0000e+00
     39.000     38.614    -0.1347  28.200889    -0.1378  28.194626     7.6359     7.7347     0.8420    92.5326 3.9727e+00  -64.87876  -63.93680 344.496195      99.97 3.7021e+02    371.284       8912  1027.5043  1027.5006    34.0168    34.0119    8.09398         30 0.0000e+00
     40.000     39.604    -0.1200  28.219546    -0.1197  28.217849     7.6177     7.7178     0.6585    92.6485 3.6647e+00  -64.87876  -63.93679 344.496226      99.97 3.7021e+02    373.961       8976  1027.5148  1027.5125    34.0247    34.0221    8.09043         38 0.0000e+00
     41.000     40.594    -0.1139  28.227441    -0.1132  28.226212     7.6174     7.6972     0.7393    92.7779 3.5075e+00  -64.87876  -63.93678 344.496249      99.97 3.6951e+02    375.877       9022  1027.5217  1027.5197    34.0277    34.0253    8.08896         43 0.0000e+00
     42.000     41.584    -0.1037  28.240460    -0.1031  28.239235     7.6031     7.6917     0.7747    92.8861 3.4204e+00  -64.87876  -63.93678 344.496269      99.97 3.6952e+02    377.646       9064  1027.5303  1027.5284    34.0331    34.0308    8.08650         41 0.0000e+00
     43.000     42.578    -0.0998  28.246052    -0.0999  28.243689     7.6100     7.6915     0.7221    92.8529 3.2064e+00  -64.87876  -63.93680 344.496301      99.97 3.7033e+02    380.401       9131  1027.5371  1027.5346    34.0356    34.0325    8.08554         31 0.0000e+00
     44.000     43.565    -0.0980  28.248285    -0.0974  28.247096     7.6270     7.6815     0.6143    92.9439 2.8230e+00  -64.87876  -63.93679 344.496364      99.97 3.7021e+02    385.868       9262  1027.5424  1027.5405    34.0359    34.0336    8.08513         44 0.0000e+00
     45.000     44.554    -0.0783  28.270863    -0.0779  28.269478     7.6368     7.6837     0.5820    92.9299 2.7384e+00  -64.87876  -63.93679 344.496382      99.97 3.7021e+02    387.442       9300  1027.5517  1027.5498    34.0433    34.0410    8.08054         38 0.0000e+00
     46.000     45.545    -0.0742  28.275969    -0.0738  28.274590     7.5985     7.6859     0.6330    92.9829 2.6565e+00  -64.87876  -63.93680 344.496401      99.97 3.7021e+02    389.030       9338  1027.5576  1027.5557    34.0449    34.0426    8.07958         36 0.0000e+00
     47.000     46.534    -0.0727  28.278397    -0.0726  28.276541     7.5896     7.6855     0.7189    93.0053 2.5178e+00  -64.87876  -63.93680 344.496424      99.97 3.7025e+02    391.012       9385  1027.5632  1027.5611    34.0459    34.0432    8.07921         41 0.0000e+00
     48.000     47.525    -0.0743  28.276852    -0.0731  28.276274     7.5772     7.6775     0.6020    93.0052 2.2333e+00  -64.87876  -63.93680 344.496489      99.97 3.7031e+02    396.613       9520  1027.5678  1027.5660    34.0450    34.0428    8.07961         38 0.0000e+00
     49.000     48.513    -0.0681  28.284191    -0.0685  28.281956     7.5565     7.6651     0.5261    92.9858 2.1256e+00  -64.87876  -63.93680 344.496511      99.97 3.7021e+02    398.591       9567  1027.5739  1027.5719    34.0472    34.0447    8.07816         34 0.0000e+00
     50.000     49.504    -0.0624  28.292262    -0.0630  28.289702     7.5325     7.6501     0.5746    93.0109 2.0363e+00  -64.87876  -63.93680 344.496529      99.97 3.7021e+02    400.111       9604  1027.5813  1027.5792    34.0510    34.0483    8.07675         37 0.0000e+00
     51.000     50.497    -0.0484  28.311105    -0.0482  28.309078     7.5575     7.6402     0.6305    92.9987 1.9453e+00  -64.87876  -63.93680 344.496553      99.97 3.7061e+02    402.201       9654  1027.5923  1027.5899    34.0597    34.0569    8.07329         38 0.0000e+00
     52.000     51.483    -0.0469  28.313402    -0.0462  28.312209     7.5286     7.6340     0.6168    93.0184 1.7998e+00  -64.87876  -63.93681 344.496598      99.97 3.7021e+02    406.097       9747  1027.5978  1027.5959    34.0605    34.0582    8.07293         46 0.0000e+00
     53.000     52.474    -0.0379  28.323121    -0.0372  28.321973     7.5205     7.6140     0.5826    93.1169 1.6606e+00  -64.87876  -63.93680 344.496637      99.97 3.7021e+02    409.399       9827  1027.6039  1027.6019    34.0628    34.0604    8.07090         35 0.0000e+00
     54.000     53.465    -0.0258  28.338585    -0.0252  28.337299     7.5219     7.5940     0.6032    93.0481 1.5516e+00  -64.87876  -63.93680 344.496665      99.97 3.7021e+02    411.884       9886  1027.6130  1027.6111    34.0692    34.0668    8.06799         44 0.0000e+00
     55.000     54.453    -0.0211  28.345096    -0.0207  28.343594     7.4966     7.5856     0.5813    93.0479 1.4877e+00  -64.87876  -63.93680 344.496691      99.97 3.6959e+02    414.076       9939  1027.6198  1027.6179    34.0719    34.0696    8.06684         43 0.0000e+00
     56.000     55.444    -0.0158  28.351755    -0.0156  28.350250     7.4891     7.5847     0.6050    93.0230 1.4484e+00  -64.87876  -63.93680 344.496712      99.97 3.6914e+02    415.946       9984  1027.6262  1027.6244    34.0743    34.0721    8.06559         43 0.0000e+00
     57.000     56.433    -0.0135  28.355259    -0.0131  28.353820     7.5074     7.5779     0.5341    93.0851 1.3499e+00  -64.87876  -63.93681 344.496746      99.97 3.6985e+02    418.881      10054  1027.6322  1027.6302    34.0758    34.0734    8.06503         40 0.0000e+00
     58.000     57.424    -0.0123  28.356788    -0.0123  28.354695     7.4410     7.5387     0.5046    93.0705 1.1996e+00  -64.87876  -63.93678 344.496810      99.97 3.6836e+02    424.383      10186  1027.6372  1027.6349    34.0759    34.0731    8.06477         32 0.0000e+00
     59.000     58.414    -0.0058  28.365878    -0.0051  28.364981     7.4028     7.5149     0.4160    93.1050 1.1573e+00  -64.87876  -63.93678 344.496821      99.97 3.6844e+02    425.329      10209  1027.6448  1027.6431    34.0800    34.0780    8.06316         26 0.0000e+00
     60.000     59.404    -0.0050  28.372036    -0.0049  28.370523     7.3950     7.5085     0.4491    93.1530 1.1082e+00  -64.87876  -63.93679 344.496834      99.97 3.6955e+02    426.466      10236  1027.6550  1027.6532    34.0867    34.0845    8.06262         31 0.0000e+00
     61.000     60.393    -0.0101  28.369615    -0.0098  28.367402     7.4065     7.5094     0.5111    93.1508 1.0487e+00  -64.87876  -63.93680 344.496867      99.97 3.7011e+02    429.308      10304  1027.6618  1027.6590    34.0886    34.0853    8.06359         33 0.0000e+00
     62.000     61.383    -0.0100  28.369457    -0.0110  28.364248     7.3662     7.4787     0.4645    93.0962 9.4130e-01  -64.87876  -63.93680 344.496943      99.97 3.6835e+02    435.873      10462  1027.6658  1027.6613    34.0876    34.0819    8.06361         34 0.0000e+00
