NBP2113_155081_ctd/data/dnbp2113_047.cnv
* Sea-Bird SBE 9 Data File:
* FileName = D:\Data\raw\NBP2113_047.hex
* Software Version Seasave V 7.26.7.121
* Temperature SN = 2438
* Conductivity SN = 2067
* Number of Bytes Per Scan = 40
* Number of Voltage Words = 5
* Number of Scans Averaged by the Deck Unit = 1
* NMEA Latitude = 64 51.26 S
* NMEA Longitude = 063 55.07 W
* NMEA UTC (Time) = Dec 11 2021  06:38:06
* NMEA baud rate = 9600
** Ship: RVIB N.B. Palmer
** Cruise: NBP2113 LTER
** Station: 622.029
** Operator: B. Urmston
# nquan = 25
# nvalues = 395                         
# units = specified
# name 0 = prDM: Pressure, Digiquartz [db]
# name 1 = depSM: Depth [salt water, m]
# name 2 = t090C: Temperature [ITS-90, deg C]
# name 3 = c0mS/cm: Conductivity [mS/cm]
# name 4 = t190C: Temperature, 2 [ITS-90, deg C]
# name 5 = c1mS/cm: Conductivity, 2 [mS/cm]
# name 6 = sbeox0ML/L: Oxygen, SBE 43 [ml/l]
# name 7 = sbeox1ML/L: Oxygen, SBE 43, 2 [ml/l]
# name 8 = flECO-AFL: Fluorescence, WET Labs ECO-AFL/FL [mg/m^3]
# name 9 = CStarTr0: Beam Transmission, WET Labs C-Star [%]
# name 10 = par: PAR/Irradiance, Biospherical/Licor
# name 11 = latitude: Latitude [deg]
# name 12 = longitude: Longitude [deg]
# name 13 = timeJ: Julian Days
# name 14 = altM: Altimeter [m]
# name 15 = spar: SPAR, Biospherical/Licor
# name 16 = timeS: Time, Elapsed [seconds]
# name 17 = scan: Scan Count
# name 18 = density00: Density [density, kg/m^3]
# name 19 = density11: Density, 2 [density, kg/m^3]
# name 20 = sal00: Salinity, Practical [PSU]
# name 21 = sal11: Salinity, Practical, 2 [PSU]
# name 22 = oxsolML/L: Oxygen Saturation, Garcia & Gordon [ml/l]
# name 23 = nbin: number of scans per bin
# name 24 = flag: flag
# span 0 =      5.000,    399.000       
# span 1 =      4.947,    394.723       
# span 2 =    -0.3155,     1.2997       
# span 3 =  27.889254,  30.062850       
# span 4 =    -0.3114,     1.2991       
# span 5 =  27.892712,  30.061451       
# span 6 =     4.2878,     8.0537       
# span 7 =     4.3600,     8.0698       
# span 8 =    -0.0194,     1.6742       
# span 9 =    85.4720,    91.4471       
# span 10 = 1.0000e-12, 3.2785e+00      
# span 11 =  -64.85496,  -64.85434      
# span 12 =  -63.91852,  -63.91769      
# span 13 = 345.279326, 345.287387      
# span 14 =       7.26,     100.19      
# span 15 = 3.5258e+00, 7.0529e+00      
# span 16 =    247.770,    944.245      
# span 17 =       5947,      22663      
# span 18 =  1027.2000,  1029.6134      
# span 19 =  1027.1998,  1029.6121      
# span 20 =    33.8228,    34.6386      
# span 21 =    33.8228,    34.6375      
# span 22 =    7.76591,    8.14358      
# span 23 =         12,         47      
# span 24 = 0.0000e+00, 0.0000e+00      
# interval = decibars: 1                
# start_time = Dec 11 2021 06:38:06 [NMEA time, header]
# bad_flag = -9.990e-29
*END*
[from data line 348]
    353.000    349.245     1.2529  29.992862     1.2531  29.992364     4.3596     4.4226    -0.0034    91.2450 1.0000e-12  -64.85492  -63.91847 345.286434      55.23 7.0515e+00    861.935      20687  1029.3918  1029.3911    34.6268    34.6259    7.77581         35 0.0000e+00
    354.000    350.233     1.2560  29.996710     1.2549  29.994692     4.3569     4.4181    -0.0002    91.2983 1.0000e-12  -64.85492  -63.91846 345.286451      54.25 7.0515e+00    863.336      20721  1029.3970  1029.3960    34.6277    34.6264    7.77514         34 0.0000e+00
    355.000    351.223     1.2562  29.997813     1.2551  29.995730     4.3575     4.4174    -0.0076    91.2138 1.0000e-12  -64.85492  -63.91846 345.286467      53.24 7.0515e+00    864.740      20755  1029.4021  1029.4011    34.6283    34.6269    7.77507         31 0.0000e+00
    356.000    352.211     1.2558  29.997112     1.2559  29.996426     4.3550     4.4133    -0.0102    91.2659 1.0000e-12  -64.85492  -63.91846 345.286482      52.23 7.0515e+00    866.053      20786  1029.4061  1029.4053    34.6273    34.6263    7.77521         29 0.0000e+00
    357.000    353.199     1.2569  29.999516     1.2565  29.997918     4.3442     4.4074    -0.0117    91.2674 1.0000e-12  -64.85492  -63.91844 345.286495      51.28 7.0515e+00    867.205      20814  1029.4117  1029.4105    34.6285    34.6269    7.77491         26 0.0000e+00
    358.000    354.187     1.2597  30.002164     1.2609  30.002551     4.3410     4.4060    -0.0088    91.2433 1.0000e-12  -64.85492  -63.91846 345.286506      50.37 7.0515e+00    868.144      20836  1029.4159  1029.4151    34.6283    34.6274    7.77438         20 0.0000e+00
    359.000    355.175     1.2672  30.011202     1.2668  30.009792     4.3480     4.4056    -0.0149    91.2407 1.0000e-12  -64.85492  -63.91845 345.286516      49.42 7.0515e+00    868.964      20856  1029.4220  1029.4210    34.6310    34.6296    7.77275         20 0.0000e+00
    360.000    356.166     1.2674  30.011820     1.2669  30.010267     4.3446     4.4012    -0.0147    91.2130 1.0000e-12  -64.85492  -63.91845 345.286527      48.26 7.0515e+00    869.901      20879  1029.4267  1029.4256    34.6310    34.6296    7.77271         26 0.0000e+00
    361.000    357.153     1.2683  30.012861     1.2677  30.011394     4.3366     4.3965    -0.0122    91.2067 1.0000e-12  -64.85493  -63.91847 345.286545      47.03 7.0515e+00    871.532      20918  1029.4312  1029.4303    34.6308    34.6295    7.77255         42 0.0000e+00
    362.000    358.141     1.2705  30.015651     1.2710  30.015281     4.3380     4.3964    -0.0090    91.2401 1.0000e-12  -64.85494  -63.91846 345.286568      46.08 7.0515e+00    873.506      20965  1029.4362  1029.4353    34.6313    34.6303    7.77209         35 0.0000e+00
    363.000    359.129     1.2714  30.017458     1.2720  30.017168     4.3338     4.3992    -0.0135    91.2744 1.0000e-12  -64.85494  -63.91846 345.286582      45.20 7.0515e+00    874.662      20993  1029.4414  1029.4405    34.6320    34.6310    7.77186         24 0.0000e+00
    364.000    360.118     1.2702  30.016593     1.2679  30.013071     4.3389     4.3920    -0.0073    91.2306 1.0000e-12  -64.85494  -63.91846 345.286592      44.31 7.0515e+00    875.521      21014  1029.4459  1029.4447    34.6317    34.6297    7.77213         18 0.0000e+00
    365.000    361.109     1.2733  30.020246     1.2732  30.019166     4.3408     4.3914    -0.0194    91.2299 1.0000e-12  -64.85494  -63.91846 345.286600      43.30 7.0515e+00    876.276      21032  1029.4509  1029.4498    34.6323    34.6310    7.77147         19 0.0000e+00
    366.000    362.095     1.2742  30.021929     1.2738  30.020101     4.3366     4.3915    -0.0138    91.2539 1.0000e-12  -64.85494  -63.91844 345.286611      42.23 7.0515e+00    877.169      21053  1029.4559  1029.4545    34.6329    34.6311    7.77126         26 0.0000e+00
    367.000    363.083     1.2744  30.021940     1.2748  30.021307     4.3351     4.3905    -0.0027    91.2293 1.0000e-12  -64.85494  -63.91846 345.286626      41.04 7.0515e+00    878.526      21086  1029.4600  1029.4590    34.6321    34.6309    7.77126         34 0.0000e+00
    368.000    364.072     1.2752  30.023328     1.2752  30.022470     4.3309     4.3963    -0.0107    91.2270 1.0000e-12  -64.85494  -63.91846 345.286645      39.96 7.0515e+00    880.143      21124  1029.4650  1029.4641    34.6325    34.6313    7.77110         34 0.0000e+00
    369.000    365.061     1.2774  30.026002     1.2782  30.026121     4.3419     4.3974    -0.0045    91.2470 1.0000e-12  -64.85494  -63.91847 345.286663      39.00 7.0515e+00    881.643      21160  1029.4698  1029.4691    34.6329    34.6321    7.77063         35 0.0000e+00
    370.000    366.050     1.2746  30.023731     1.2740  30.022400     4.3454     4.3954    -0.0021    91.2303 1.0000e-12  -64.85494  -63.91847 345.286679      37.94 7.0515e+00    883.087      21195  1029.4744  1029.4737    34.6324    34.6314    7.77120         34 0.0000e+00
    371.000    367.037     1.2727  30.022195     1.2724  30.020765     4.3274     4.3830    -0.0069    91.2131 1.0000e-12  -64.85494  -63.91846 345.286694      36.95 7.0515e+00    884.392      21226  1029.4790  1029.4779    34.6320    34.6306    7.77160         28 0.0000e+00
    372.000    368.024     1.2773  30.027121     1.2767  30.025093     4.3233     4.3804    -0.0065    91.2348 1.0000e-12  -64.85494  -63.91844 345.286707      36.00 7.0515e+00    885.509      21253  1029.4837  1029.4823    34.6326    34.6307    7.77066         24 0.0000e+00
    373.000    369.015     1.2851  30.036280     1.2847  30.034752     4.3178     4.3812    -0.0002    91.2397 1.0000e-12  -64.85494  -63.91846 345.286718      35.14 7.0515e+00    886.463      21276  1029.4897  1029.4885    34.6352    34.6337    7.76899         22 0.0000e+00
    374.000    370.004     1.2845  30.036278     1.2846  30.035194     4.3183     4.3815    -0.0064    91.2328 1.0000e-12  -64.85494  -63.91844 345.286729      34.20 7.0515e+00    887.376      21298  1029.4945  1029.4934    34.6352    34.6338    7.76909         23 0.0000e+00
    375.000    370.992     1.2832  30.035301     1.2834  30.034362     4.3183     4.3785    -0.0074    91.2098 1.0000e-12  -64.85495  -63.91846 345.286748      32.88 7.0515e+00    889.011      21337  1029.4991  1029.4980    34.6348    34.6335    7.76937         38 0.0000e+00
    376.000    371.979     1.2827  30.035047     1.2818  30.033279     4.3335     4.3810    -0.0077    91.2132 1.0000e-12  -64.85496  -63.91846 345.286796      31.84 7.0515e+00    893.216      21438  1029.5036  1029.5027    34.6345    34.6332    7.76949         28 0.0000e+00
    377.000    372.969     1.2822  30.035152     1.2819  30.033463     4.3271     4.3833    -0.0077    91.1963 1.0000e-12  -64.85494  -63.91846 345.286807      31.00 7.0515e+00    894.140      21460  1029.5084  1029.5071    34.6346    34.6328    7.76959         22 0.0000e+00
    378.000    373.955     1.2752  30.028392     1.2760  30.028063     4.3260     4.3798    -0.0077    91.1905 1.0000e-12  -64.85496  -63.91844 345.286818      29.98 7.0515e+00    895.048      21482  1029.5127  1029.5116    34.6332    34.6319    7.77105         22 0.0000e+00
    379.000    374.948     1.2847  30.037567     1.2846  30.036695     4.3200     4.3809    -0.0136    91.1805 1.0000e-12  -64.85496  -63.91846 345.286831      28.80 7.0515e+00    896.223      21510  1029.5170  1029.5161    34.6338    34.6328    7.76914         28 0.0000e+00
    380.000    375.935     1.2844  30.038493     1.2834  30.036327     4.3257     4.3830    -0.0088    91.1522 1.0000e-12  -64.85496  -63.91846 345.286861      27.61 7.0515e+00    898.779      21572  1029.5225  1029.5212    34.6347    34.6331    7.76915         30 0.0000e+00
    381.000    376.922     1.2840  30.038178     1.2844  30.037834     4.3315     4.3843    -0.0067    91.2053 1.0000e-12  -64.85496  -63.91848 345.286889      26.54 7.0515e+00    901.209      21630  1029.5268  1029.5260    34.6342    34.6333    7.76925         27 0.0000e+00
    382.000    377.910     1.2818  30.036511     1.2819  30.035651     4.3220     4.3865    -0.0077    91.2370 1.0000e-12  -64.85496  -63.91848 345.286932      25.45 7.0515e+00    904.888      21718  1029.5314  1029.5305    34.6339    34.6327    7.76970         36 0.0000e+00
    383.000    378.898     1.2788  30.034412     1.2790  30.033381     4.3296     4.3874    -0.0077    91.1988 1.0000e-12  -64.85496  -63.91848 345.286946      24.64 7.0515e+00    906.157      21749  1029.5365  1029.5353    34.6340    34.6325    7.77029         26 0.0000e+00
    384.000    379.887     1.2792  30.034766     1.2787  30.033310     4.3258     4.3885    -0.0077    91.1744 1.0000e-12  -64.85496  -63.91848 345.286959      23.65 7.0515e+00    907.232      21775  1029.5407  1029.5397    34.6334    34.6321    7.77024         28 0.0000e+00
    385.000    380.873     1.2803  30.035952     1.2795  30.034158     4.3275     4.3860    -0.0077    91.2078 1.0000e-12  -64.85496  -63.91849 345.286985      22.23 7.0515e+00    909.531      21830  1029.5451  1029.5440    34.6332    34.6317    7.77005         29 0.0000e+00
    386.000    381.864     1.2799  30.035947     1.2789  30.034180     4.3279     4.3862    -0.0098    91.2036 1.0000e-12  -64.85496  -63.91850 345.287038      21.14 7.0515e+00    914.049      21938  1029.5497  1029.5487    34.6330    34.6318    7.77013         25 0.0000e+00
    387.000    382.852     1.2814  30.038109     1.2801  30.036057     4.3169     4.3853    -0.0104    91.2123 1.0000e-12  -64.85496  -63.91849 345.287068      20.24 7.0515e+00    916.693      22002  1029.5547  1029.5538    34.6336    34.6323    7.76981         38 0.0000e+00
    388.000    383.840     1.2808  30.038234     1.2817  30.038218     4.3151     4.3761    -0.0079    91.2323 1.0000e-12  -64.85496  -63.91848 345.287085      19.25 7.0515e+00    918.122      22036  1029.5595  1029.5586    34.6337    34.6327    7.76990         31 0.0000e+00
    389.000    384.827     1.2874  30.044799     1.2851  30.042018     4.3124     4.3809    -0.0143    91.2108 1.0000e-12  -64.85496  -63.91850 345.287105      18.11 7.0515e+00    919.906      22079  1029.5639  1029.5634    34.6343    34.6333    7.76858         35 0.0000e+00
    390.000    385.817     1.2954  30.054209     1.2924  30.049877     4.2878     4.3638    -0.0068    91.1717 1.0000e-12  -64.85496  -63.91850 345.287156      16.91 7.0515e+00    924.243      22183  1029.5699  1029.5685    34.6369    34.6347    7.76685         34 0.0000e+00
    391.000    386.804     1.2991  30.059190     1.2988  30.057782     4.3001     4.3612    -0.0095    91.1562 1.0000e-12  -64.85496  -63.91850 345.287174      16.06 7.0515e+00    925.791      22220  1029.5757  1029.5745    34.6386    34.6372    7.76604         36 0.0000e+00
    392.000    387.795     1.2989  30.059189     1.2988  30.057914     4.3028     4.3635    -0.0090    91.1237 1.0000e-12  -64.85496  -63.91850 345.287215      14.79 7.0515e+00    929.348      22305  1029.5802  1029.5790    34.6382    34.6368    7.76609         34 0.0000e+00
    393.000    388.782     1.2997  30.060584     1.2988  30.058982     4.3072     4.3644    -0.0074    91.0897 1.0000e-12  -64.85496  -63.91850 345.287238      13.87 7.0515e+00    931.367      22354  1029.5851  1029.5844    34.6386    34.6375    7.76591         31 0.0000e+00
    394.000    389.770     1.2992  30.060436     1.2959  30.055601     4.3048     4.3616    -0.0013    91.0606 1.0000e-12  -64.85496  -63.91850 345.287254      12.86 7.0515e+00    932.745      22387  1029.5898  1029.5881    34.6384    34.6358    7.76602         35 0.0000e+00
    395.000    390.758     1.2989  30.060618     1.2987  30.059340     4.2992     4.3600    -0.0063    91.1284 1.0000e-12  -64.85496  -63.91852 345.287322      11.71 7.0515e+00    938.600      22527  1029.5945  1029.5934    34.6383    34.6369    7.76608         35 0.0000e+00
    396.000    391.746     1.2994  30.061593     1.2991  30.060175     4.3053     4.3650    -0.0074    91.1242 1.0000e-12  -64.85496  -63.91850 345.287340      10.87 7.0515e+00    940.195      22566  1029.5993  1029.5981    34.6385    34.6370    7.76598         23 0.0000e+00
    397.000    392.736     1.2991  30.061759     1.2986  30.060328     4.3021     4.3652    -0.0070    91.1311 1.0000e-12  -64.85496  -63.91850 345.287350       9.95 7.0515e+00    941.043      22586  1029.6040  1029.6030    34.6384    34.6371    7.76604         20 0.0000e+00
    398.000    393.723     1.2990  30.062008     1.2985  30.060485     4.3059     4.3611    -0.0074    91.1026 1.0000e-12  -64.85496  -63.91850 345.287361       8.81 7.0515e+00    941.973      22608  1029.6086  1029.6075    34.6383    34.6369    7.76607         27 0.0000e+00
    399.000    394.723     1.2993  30.062850     1.2991  30.061451     4.3049     4.3635    -0.0165    91.0523 1.0000e-12  -64.85496  -63.91851 345.287387       7.26 7.0515e+00    944.245      22663  1029.6134  1029.6121    34.6385    34.6369    7.76600         12 0.0000e+00
