NBP2113_155081_ctd/data/dnbp2113_051.cnv
* Sea-Bird SBE 9 Data File:
* FileName = D:\Data\raw\NBP2113_051.hex
* Software Version Seasave V 7.26.7.121
* Temperature SN = 2438
* Conductivity SN = 2067
* Number of Bytes Per Scan = 40
* Number of Voltage Words = 5
* Number of Scans Averaged by the Deck Unit = 1
* NMEA Latitude = 64 55.61 S
* NMEA Longitude = 064 41.14 W
* NMEA UTC (Time) = Dec 11 2021  14:40:45
* NMEA baud rate = 9600
** Ship: RVIB N.B. Palmer
** Cruise: NBP2113 LTER
** Station: 592.051
** Operator: B. Urmston
# nquan = 25
# nvalues = 867                         
# units = specified
# name 0 = prDM: Pressure, Digiquartz [db]
# name 1 = depSM: Depth [salt water, m]
# name 2 = t090C: Temperature [ITS-90, deg C]
# name 3 = c0mS/cm: Conductivity [mS/cm]
# name 4 = t190C: Temperature, 2 [ITS-90, deg C]
# name 5 = c1mS/cm: Conductivity, 2 [mS/cm]
# name 6 = sbeox0ML/L: Oxygen, SBE 43 [ml/l]
# name 7 = sbeox1ML/L: Oxygen, SBE 43, 2 [ml/l]
# name 8 = flECO-AFL: Fluorescence, WET Labs ECO-AFL/FL [mg/m^3]
# name 9 = CStarTr0: Beam Transmission, WET Labs C-Star [%]
# name 10 = par: PAR/Irradiance, Biospherical/Licor
# name 11 = latitude: Latitude [deg]
# name 12 = longitude: Longitude [deg]
# name 13 = timeJ: Julian Days
# name 14 = altM: Altimeter [m]
# name 15 = spar: SPAR, Biospherical/Licor
# name 16 = timeS: Time, Elapsed [seconds]
# name 17 = scan: Scan Count
# name 18 = density00: Density [density, kg/m^3]
# name 19 = density11: Density, 2 [density, kg/m^3]
# name 20 = sal00: Salinity, Practical [PSU]
# name 21 = sal11: Salinity, Practical, 2 [PSU]
# name 22 = oxsolML/L: Oxygen Saturation, Garcia & Gordon [ml/l]
# name 23 = nbin: number of scans per bin
# name 24 = flag: flag
# span 0 =      4.000,    870.000       
# span 1 =      3.963,    859.797       
# span 2 =    -0.9392,     1.4631       
# span 3 =  27.264566,  30.443423       
# span 4 =    -0.9359,     1.4632       
# span 5 =  27.264695,  30.441672       
# span 6 =     4.0743,     8.1607       
# span 7 =     4.1285,     8.2116       
# span 8 =    -0.0223,     1.5452       
# span 9 =    80.9521,    91.7288       
# span 10 = 1.0000e-12, 3.4845e+02      
# span 11 =  -64.92710,  -64.92654      
# span 12 =  -64.68566,  -64.68490      
# span 13 = 345.614749, 345.632384      
# span 14 =       7.01,     101.29      
# span 15 = 7.1452e+02, 1.0507e+03      
# span 16 =    269.281,   1792.994      
# span 17 =       6464,      43033      
# span 18 =  1027.0324,  1031.8252      
# span 19 =  1027.0303,  1031.8239      
# span 20 =    33.5890,    34.6765      
# span 21 =    33.5865,    34.6750      
# span 22 =    7.73169,    8.28780      
# span 23 =          1,         47      
# span 24 = 0.0000e+00, 0.0000e+00      
# interval = decibars: 1                
# start_time = Dec 11 2021 14:40:45 [NMEA time, header]
# bad_flag = -9.990e-29
*END*
[from data line 812]
    816.000    806.420     1.4587  30.415598     1.4584  30.414242     4.0913     4.1285    -0.0122    91.5474 1.0000e-12  -64.92704  -64.68555 345.630393      57.22 8.9442e+02   1620.942      38904  1031.5749  1031.5738    34.6760    34.6746    7.73259         29 0.0000e+00
    817.000    807.404     1.4588  30.416140     1.4584  30.414714     4.0925     4.1361    -0.0094    91.5308 1.0000e-12  -64.92704  -64.68554 345.630406      56.16 8.9327e+02   1622.102      38931  1031.5796  1031.5785    34.6760    34.6746    7.73257         25 0.0000e+00
    818.000    808.390     1.4589  30.416611     1.4584  30.415182     4.0883     4.1397    -0.0022    91.5095 1.0000e-12  -64.92704  -64.68554 345.630418      55.24 8.9199e+02   1623.082      38955  1031.5842  1031.5832    34.6760    34.6747    7.73256         22 0.0000e+00
    819.000    809.378     1.4589  30.417165     1.4586  30.415824     4.0867     4.1393    -0.0031    91.5321 1.0000e-12  -64.92704  -64.68554 345.630428      53.86 8.9202e+02   1623.979      38976  1031.5889  1031.5878    34.6760    34.6747    7.73254         22 0.0000e+00
    820.000    810.365     1.4589  30.417502     1.4586  30.416215     4.0894     4.1426    -0.0113    91.5425 1.0000e-12  -64.92704  -64.68555 345.630439      53.46 8.9202e+02   1624.951      39000  1031.5934  1031.5925    34.6759    34.6747    7.73255         27 0.0000e+00
    821.000    811.349     1.4589  30.417991     1.4587  30.416648     4.0916     4.1402     0.0025    91.5139 1.0000e-12  -64.92704  -64.68556 345.630483      52.51 8.9173e+02   1628.746      39091  1031.5982  1031.5970    34.6761    34.6745    7.73255         38 0.0000e+00
    822.000    812.337     1.4592  30.418645     1.4588  30.417227     4.0883     4.1394    -0.0117    91.5219 1.0000e-12  -64.92704  -64.68554 345.630505      51.90 8.8959e+02   1630.610      39136  1031.6027  1031.6017    34.6759    34.6746    7.73249         25 0.0000e+00
    823.000    813.323     1.4593  30.419208     1.4588  30.417654     4.0864     4.1407    -0.0033    91.5317 1.0000e-12  -64.92704  -64.68554 345.630515      50.62 8.8848e+02   1631.526      39158  1031.6074  1031.6064    34.6760    34.6746    7.73247         20 0.0000e+00
    824.000    814.310     1.4595  30.419813     1.4590  30.418299     4.0930     4.1415    -0.0028    91.5188 1.0000e-12  -64.92704  -64.68552 345.630525      50.13 8.8849e+02   1632.388      39178  1031.6120  1031.6110    34.6760    34.6747    7.73243         21 0.0000e+00
    825.000    815.295     1.4594  30.420191     1.4590  30.418742     4.0877     4.1416    -0.0023    91.5136 1.0000e-12  -64.92704  -64.68554 345.630536      49.04 8.8912e+02   1633.338      39201  1031.6167  1031.6156    34.6760    34.6746    7.73245         27 0.0000e+00
    826.000    816.283     1.4593  30.420578     1.4591  30.419293     4.0851     4.1409    -0.0077    91.5084 1.0000e-12  -64.92704  -64.68555 345.630558      46.88 8.8945e+02   1635.204      39246  1031.6214  1031.6202    34.6761    34.6747    7.73247         32 0.0000e+00
    827.000    817.271     1.4593  30.421138     1.4592  30.419732     4.0884     4.1410    -0.0042    91.5115 1.0000e-12  -64.92704  -64.68555 345.630599      46.65 8.8709e+02   1638.731      39331  1031.6261  1031.6248    34.6762    34.6745    7.73245         27 0.0000e+00
    828.000    818.254     1.4597  30.421659     1.4593  30.420263     4.0880     4.1364    -0.0015    91.5156 1.0000e-12  -64.92704  -64.68554 345.630632      45.59 8.8384e+02   1641.644      39400  1031.6305  1031.6294    34.6760    34.6746    7.73240         30 0.0000e+00
    829.000    819.240     1.4599  30.422287     1.4595  30.420993     4.0900     4.1391    -0.0022    91.4751 1.0000e-12  -64.92704  -64.68554 345.630643      45.26 8.8318e+02   1642.567      39423  1031.6351  1031.6343    34.6759    34.6748    7.73236         21 0.0000e+00
    830.000    820.226     1.4600  30.422887     1.4596  30.421524     4.0894     4.1386    -0.0105    91.5259 1.0000e-12  -64.92704  -64.68554 345.630653      43.99 8.8414e+02   1643.386      39442  1031.6398  1031.6388    34.6760    34.6747    7.73233         19 0.0000e+00
    831.000    821.213     1.4600  30.423315     1.4595  30.421895     4.0877     4.1374    -0.0115    91.5207 1.0000e-12  -64.92702  -64.68554 345.630662      43.47 8.8583e+02   1644.220      39462  1031.6445  1031.6435    34.6761    34.6747    7.73234         23 0.0000e+00
    832.000    822.199     1.4599  30.423730     1.4596  30.422376     4.0863     4.1378    -0.0033    91.4973 1.0000e-12  -64.92703  -64.68553 345.630706      42.05 8.8322e+02   1648.026      39554  1031.6492  1031.6481    34.6761    34.6747    7.73235         29 0.0000e+00
    833.000    823.185     1.4601  30.424330     1.4598  30.423034     4.0836     4.1386    -0.0021    91.4865 1.0000e-12  -64.92704  -64.68552 345.630744      40.52 8.7968e+02   1651.313      39633  1031.6537  1031.6528    34.6760    34.6747    7.73230         22 0.0000e+00
    834.000    824.171     1.4604  30.425009     1.4600  30.423674     4.0942     4.1398     0.0126    91.4865 1.0000e-12  -64.92704  -64.68552 345.630755      39.99 8.7999e+02   1652.209      39654  1031.6584  1031.6575    34.6760    34.6748    7.73225         22 0.0000e+00
    835.000    825.158     1.4602  30.425304     1.4598  30.423893     4.0843     4.1396     0.0013    91.4977 1.0000e-12  -64.92704  -64.68552 345.630767      39.02 8.8172e+02   1653.270      39679  1031.6631  1031.6620    34.6761    34.6747    7.73229         30 0.0000e+00
    836.000    826.142     1.4601  30.425719     1.4599  30.424369     4.0903     4.1373     0.0014    91.4951 1.0000e-12  -64.92703  -64.68552 345.630807      37.39 8.8091e+02   1656.722      39762  1031.6678  1031.6666    34.6762    34.6746    7.73230         37 0.0000e+00
    837.000    827.130     1.4604  30.426310     1.4601  30.424944     4.0883     4.1394    -0.0020    91.5001 1.0000e-12  -64.92704  -64.68551 345.630846      36.63 8.7789e+02   1660.054      39842  1031.6723  1031.6712    34.6760    34.6747    7.73225         28 0.0000e+00
    838.000    828.117     1.4605  30.426849     1.4601  30.425485     4.0863     4.1378    -0.0123    91.5064 1.0000e-12  -64.92704  -64.68550 345.630858      35.61 8.7862e+02   1661.114      39868  1031.6769  1031.6760    34.6760    34.6748    7.73223         25 0.0000e+00
    839.000    829.103     1.4604  30.427254     1.4601  30.425917     4.0892     4.1394    -0.0058    91.5030 1.0000e-12  -64.92704  -64.68552 345.630872      35.40 8.7964e+02   1662.300      39896  1031.6816  1031.6806    34.6761    34.6748    7.73224         33 0.0000e+00
    840.000    830.087     1.4604  30.427673     1.4602  30.426246     4.0850     4.1406     0.0010    91.5084 1.0000e-12  -64.92702  -64.68552 345.630910      34.03 8.7947e+02   1665.615      39976  1031.6863  1031.6850    34.6761    34.6745    7.73225         37 0.0000e+00
    841.000    831.075     1.4604  30.428074     1.4602  30.426735     4.0835     4.1382    -0.0011    91.5160 1.0000e-12  -64.92702  -64.68551 345.630934      32.89 8.7792e+02   1667.737      40027  1031.6909  1031.6897    34.6761    34.6746    7.73226         42 0.0000e+00
    842.000    832.064     1.4604  30.428587     1.4602  30.427212     4.0853     4.1360    -0.0063    91.5168 1.0000e-12  -64.92702  -64.68550 345.630963      31.84 8.7788e+02   1670.242      40087  1031.6956  1031.6944    34.6761    34.6746    7.73224         43 0.0000e+00
    843.000    833.047     1.4606  30.428986     1.4603  30.427681     4.0879     4.1354    -0.0080    91.4576 1.0000e-12  -64.92704  -64.68550 345.630989      31.19 8.7598e+02   1672.447      40140  1031.7001  1031.6990    34.6759    34.6746    7.73223         32 0.0000e+00
    844.000    834.034     1.4608  30.429727     1.4604  30.428318     4.0924     4.1365    -0.0056    91.5150 1.0000e-12  -64.92704  -64.68551 345.631002      30.05 8.7438e+02   1673.591      40167  1031.7048  1031.7037    34.6761    34.6747    7.73218         25 0.0000e+00
    845.000    835.020     1.4609  30.430283     1.4606  30.428909     4.0920     4.1368    -0.0127    91.5060 1.0000e-12  -64.92704  -64.68552 345.631014      28.94 8.7411e+02   1674.575      40191  1031.7094  1031.7084    34.6761    34.6747    7.73215         24 0.0000e+00
    846.000    836.008     1.4611  30.430851     1.4607  30.429424     4.0841     4.1381    -0.0152    91.4877 1.0000e-12  -64.92703  -64.68551 345.631051      28.10 8.7358e+02   1677.845      40269  1031.7140  1031.7130    34.6761    34.6747    7.73212         25 0.0000e+00
    847.000    836.992     1.4614  30.431590     1.4609  30.430144     4.0900     4.1382    -0.0187    91.4613 1.0000e-12  -64.92703  -64.68549 345.631106      28.07 8.7120e+02   1682.582      40383  1031.7186  1031.7176    34.6761    34.6748    7.73206         16 0.0000e+00
    848.000    837.978     1.4614  30.432016     1.4609  30.430557     4.0899     4.1371    -0.0194    91.4488 1.0000e-12  -64.92704  -64.68550 345.631114      27.13 8.7296e+02   1683.229      40398  1031.7232  1031.7223    34.6761    34.6748    7.73205         15 0.0000e+00
    849.000    838.966     1.4612  30.432364     1.4609  30.430984     4.0909     4.1387    -0.0047    91.4442 1.0000e-12  -64.92704  -64.68550 345.631122      25.93 8.7599e+02   1683.922      40415  1031.7279  1031.7269    34.6762    34.6748    7.73208         19 0.0000e+00
    850.000    839.950     1.4614  30.432923     1.4611  30.431531     4.0858     4.1417    -0.0025    91.4372 1.0000e-12  -64.92703  -64.68548 345.631171      24.62 8.7416e+02   1688.212      40518  1031.7326  1031.7315    34.6761    34.6748    7.73205         23 0.0000e+00
    851.000    840.938     1.4614  30.433326     1.4611  30.432028     4.0846     4.1368     0.0033    91.4357 1.0000e-12  -64.92702  -64.68546 345.631210      24.03 8.7267e+02   1691.503      40597  1031.7372  1031.7362    34.6761    34.6748    7.73205         21 0.0000e+00
    852.000    841.924     1.4613  30.433857     1.4612  30.432459     4.0854     4.1372    -0.0009    91.4279 1.0000e-12  -64.92702  -64.68547 345.631240      22.73 8.7268e+02   1694.131      40660  1031.7419  1031.7407    34.6763    34.6747    7.73206         34 0.0000e+00
    853.000    842.909     1.4617  30.434473     1.4617  30.433305     4.0875     4.1387    -0.0024    91.4474 1.0000e-12  -64.92702  -64.68547 345.631308      21.69 8.7263e+02   1700.049      40802  1031.7464  1031.7453    34.6761    34.6746    7.73200         26 0.0000e+00
    854.000    843.897     1.4618  30.434975     1.4614  30.433706     4.0823     4.1387    -0.0034    91.4502 1.0000e-12  -64.92702  -64.68545 345.631318      20.74 8.7263e+02   1700.857      40822  1031.7511  1031.7501    34.6761    34.6749    7.73198         22 0.0000e+00
    855.000    844.881     1.4617  30.435406     1.4615  30.434271     4.0894     4.1376    -0.0023    91.4412 1.0000e-12  -64.92702  -64.68544 345.631328      20.05 8.7263e+02   1701.777      40844  1031.7557  1031.7549    34.6761    34.6750    7.73198         23 0.0000e+00
    856.000    845.866     1.4618  30.435990     1.4615  30.434519     4.0839     4.1367    -0.0041    91.4231 1.0000e-12  -64.92702  -64.68545 345.631342      18.84 8.7263e+02   1702.931      40871  1031.7604  1031.7593    34.6763    34.6747    7.73197         31 0.0000e+00
    857.000    846.852     1.4619  30.436466     1.4618  30.435148     4.0874     4.1376    -0.0030    91.4502 1.0000e-12  -64.92702  -64.68546 345.631431      17.85 8.7141e+02   1710.656      41057  1031.7650  1031.7638    34.6762    34.6746    7.73195         34 0.0000e+00
    858.000    847.838     1.4618  30.436864     1.4617  30.435506     4.0899     4.1360    -0.0036    91.4571 1.0000e-12  -64.92702  -64.68546 345.631465      17.25 8.7345e+02   1713.553      41126  1031.7698  1031.7685    34.6763    34.6747    7.73197         34 0.0000e+00
    859.000    848.826     1.4622  30.437594     1.4618  30.436236     4.0805     4.1377    -0.0082    91.4584 1.0000e-12  -64.92700  -64.68546 345.631486      16.14 8.7312e+02   1715.424      41171  1031.7743  1031.7733    34.6762    34.6749    7.73189         31 0.0000e+00
    860.000    849.813     1.4619  30.437697     1.4616  30.436453     4.0847     4.1372    -0.0071    91.4714 1.0000e-12  -64.92700  -64.68548 345.631499      15.33 8.7263e+02   1716.489      41197  1031.7789  1031.7780    34.6761    34.6749    7.73196         24 0.0000e+00
    861.000    850.800     1.4620  30.438226     1.4616  30.436808     4.0817     4.1375    -0.0062    91.4607 1.0000e-12  -64.92700  -64.68548 345.631510      14.48 8.7263e+02   1717.477      41220  1031.7835  1031.7825    34.6761    34.6747    7.73194         24 0.0000e+00
    862.000    851.787     1.4623  30.438962     1.4620  30.437681     4.0743     4.1363    -0.0121    91.4242 1.0000e-12  -64.92702  -64.68545 345.631601      13.63 8.6710e+02   1725.352      41409  1031.7881  1031.7872    34.6761    34.6749    7.73187         16 0.0000e+00
    863.000    852.770     1.4623  30.439406     1.4620  30.438047     4.0813     4.1379    -0.0127    91.4209 1.0000e-12  -64.92701  -64.68544 345.631616      12.82 8.6933e+02   1726.611      41440  1031.7928  1031.7918    34.6762    34.6748    7.73187         16 0.0000e+00
    864.000    853.758     1.4624  30.439926     1.4620  30.438541     4.0865     4.1384    -0.0138    91.4209 1.0000e-12  -64.92700  -64.68544 345.631624      11.92 8.7322e+02   1727.306      41456  1031.7975  1031.7965    34.6762    34.6749    7.73185         19 0.0000e+00
    865.000    854.743     1.4623  30.440314     1.4621  30.438940     4.0803     4.1373    -0.0079    91.4152 1.0000e-12  -64.92700  -64.68547 345.631780      10.80 8.7501e+02   1740.827      41781  1031.8021  1031.8010    34.6762    34.6747    7.73187         32 0.0000e+00
    866.000    855.730     1.4627  30.441069     1.4624  30.439786     4.0833     4.1318    -0.0029    91.4212 1.0000e-12  -64.92700  -64.68546 345.631931      10.10 8.7252e+02   1753.801      42092  1031.8067  1031.8057    34.6762    34.6749    7.73180         19 0.0000e+00
    867.000    856.714     1.4630  30.441678     1.4625  30.440398     4.0790     4.1307    -0.0020    91.4209 1.0000e-12  -64.92700  -64.68546 345.631933       9.28 8.7263e+02   1753.993      42097  1031.8112  1031.8104    34.6761    34.6750    7.73175         18 0.0000e+00
    868.000    857.702     1.4630  30.442325     1.4626  30.440958     4.0746     4.1322    -0.0072    91.4209 1.0000e-12  -64.92700  -64.68546 345.631941       8.51 8.7281e+02   1754.729      42114  1031.8160  1031.8151    34.6763    34.6750    7.73172         19 0.0000e+00
    869.000    858.690     1.4629  30.442633     1.4626  30.441300     4.0816     4.1367    -0.0118    91.4164 1.0000e-12  -64.92700  -64.68547 345.632089       7.50 8.7440e+02   1767.502      42421  1031.8207  1031.8196    34.6763    34.6749    7.73175         29 0.0000e+00
    870.000    859.797     1.4631  30.443423     1.4632  30.441672     4.0923     4.1346    -0.0181    91.4250 1.0000e-12  -64.92700  -64.68549 345.632384       7.01 8.7780e+02   1792.994      43033  1031.8252  1031.8239    34.6765    34.6743    7.73169          1 0.0000e+00
