NBP2113_155081_ctd/data/dnbp2113_063.cnv
* Sea-Bird SBE 9 Data File:
* FileName = D:\Data\raw\NBP2113_063.hex
* Software Version Seasave V 7.26.7.121
* Temperature SN = 2438
* Conductivity SN = 2067
* Number of Bytes Per Scan = 40
* Number of Voltage Words = 5
* Number of Scans Averaged by the Deck Unit = 1
* NMEA Latitude = 64 46.92 S
* NMEA Longitude = 063 01.99 W
* NMEA UTC (Time) = Dec 14 2021  04:14:20
* NMEA baud rate = 9600
** Ship: RVIB N.B. Palmer
** Cruise: NBP2113 LTER
** Station: 655.002
** Operator: B. Urmston
# nquan = 25
# nvalues = 220                         
# units = specified
# name 0 = prDM: Pressure, Digiquartz [db]
# name 1 = depSM: Depth [salt water, m]
# name 2 = t090C: Temperature [ITS-90, deg C]
# name 3 = c0mS/cm: Conductivity [mS/cm]
# name 4 = t190C: Temperature, 2 [ITS-90, deg C]
# name 5 = c1mS/cm: Conductivity, 2 [mS/cm]
# name 6 = sbeox0ML/L: Oxygen, SBE 43 [ml/l]
# name 7 = sbeox1ML/L: Oxygen, SBE 43, 2 [ml/l]
# name 8 = flECO-AFL: Fluorescence, WET Labs ECO-AFL/FL [mg/m^3]
# name 9 = CStarTr0: Beam Transmission, WET Labs C-Star [%]
# name 10 = par: PAR/Irradiance, Biospherical/Licor
# name 11 = latitude: Latitude [deg]
# name 12 = longitude: Longitude [deg]
# name 13 = timeJ: Julian Days
# name 14 = altM: Altimeter [m]
# name 15 = spar: SPAR, Biospherical/Licor
# name 16 = timeS: Time, Elapsed [seconds]
# name 17 = scan: Scan Count
# name 18 = density00: Density [density, kg/m^3]
# name 19 = density11: Density, 2 [density, kg/m^3]
# name 20 = sal00: Salinity, Practical [PSU]
# name 21 = sal11: Salinity, Practical, 2 [PSU]
# name 22 = oxsolML/L: Oxygen Saturation, Garcia & Gordon [ml/l]
# name 23 = nbin: number of scans per bin
# name 24 = flag: flag
# span 0 =      3.000,    222.000       
# span 1 =      2.964,    219.695       
# span 2 =    -0.3258,     0.5582       
# span 3 =  28.469366,  29.174599       
# span 4 =    -0.3256,     0.5582       
# span 5 =  28.468112,  29.173267       
# span 6 =     5.2031,     6.9007       
# span 7 =     5.2963,     6.9439       
# span 8 =    -0.0202,     1.7173       
# span 9 =    83.5232,    90.0909       
# span 10 = 1.0000e-12, 9.6206e-01      
# span 11 =  -64.78200,  -64.78197      
# span 12 =  -63.03356,  -63.03342      
# span 13 = 348.180086, 348.185957      
# span 14 =       9.10,      99.97      
# span 15 = 0.0000e+00, 0.0000e+00      
# span 16 =    299.433,    806.738      
# span 17 =       7187,      19363      
# span 18 =  1027.3640,  1028.7651      
# span 19 =  1027.3620,  1028.7642      
# span 20 =    34.0726,    34.4934      
# span 21 =    34.0703,    34.4927      
# span 22 =    7.92319,    8.10788      
# span 23 =          9,         51      
# span 24 = 0.0000e+00, 0.0000e+00      
# interval = decibars: 1                
# start_time = Dec 14 2021 04:14:20 [NMEA time, header]
# bad_flag = -9.990e-29
*END*
      3.000      2.964     0.1541  28.469366     0.1547  28.468112     6.8894     6.9439     1.5706    83.5276 9.6206e-01  -64.78200  -63.03342 348.180086      99.97 0.0000e+00    299.433       7187  1027.3640  1027.3620    34.0728    34.0705    8.03000         21 0.0000e+00
      4.000      3.961     0.1537  28.469748     0.1547  28.468412     6.8854     6.9390     1.6030    83.5360 8.0064e-01  -64.78200  -63.03342 348.180149      99.97 0.0000e+00    304.916       7319  1027.3690  1027.3667    34.0731    34.0703    8.03006         42 0.0000e+00
      5.000      4.951     0.1542  28.471248     0.1546  28.470075     6.8842     6.9274     1.7173    83.5232 6.7028e-01  -64.78200  -63.03342 348.180180      99.97 0.0000e+00    307.537       7382  1027.3745  1027.3728    34.0740    34.0720    8.02992         44 0.0000e+00
      6.000      5.941     0.1542  28.472141     0.1547  28.470658     6.8741     6.9348     1.6824    83.5317 5.5733e-01  -64.78200  -63.03342 348.180210      99.97 0.0000e+00    310.185       7445  1027.3797  1027.3776    34.0746    34.0720    8.02989         46 0.0000e+00
      7.000      6.929     0.1546  28.471442     0.1550  28.470663     6.9007     6.9409     1.6705    83.5548 4.6757e-01  -64.78200  -63.03342 348.180241      99.96 0.0000e+00    312.824       7509  1027.3828  1027.3816    34.0726    34.0711    8.02991         30 0.0000e+00
      8.000      7.923     0.1548  28.472427     0.1558  28.471549     6.8817     6.9305     1.7152    83.5365 3.8864e-01  -64.78200  -63.03342 348.180272      99.97 0.0000e+00    315.515       7573  1027.3879  1027.3861    34.0730    34.0708    8.02983         34 0.0000e+00
      9.000      8.913     0.1537  28.473233     0.1545  28.472698     6.8385     6.9108     1.6163    83.5824 3.2682e-01  -64.78200  -63.03342 348.180304      99.97 0.0000e+00    318.273       7640  1027.3942  1027.3929    34.0747    34.0732    8.02997         35 0.0000e+00
     10.000      9.905     0.1516  28.475151     0.1528  28.474846     6.8016     6.8868     1.5185    83.7589 2.8171e-01  -64.78200  -63.03342 348.180339      99.97 0.0000e+00    321.281       7712  1027.4026  1027.4011    34.0790    34.0773    8.03018         29 0.0000e+00
     11.000     10.893     0.1470  28.471779     0.1471  28.471076     6.8697     6.9107     1.3663    84.1795 2.4360e-01  -64.78200  -63.03342 348.180373      99.97 0.0000e+00    324.270       7783  1027.4077  1027.4068    34.0791    34.0780    8.03114         41 0.0000e+00
     12.000     11.883     0.1519  28.471495     0.1520  28.470864     6.8349     6.9090     1.4312    84.1436 2.1238e-01  -64.78200  -63.03342 348.180407      99.97 0.0000e+00    327.190       7854  1027.4068  1027.4060    34.0726    34.0717    8.03047         49 0.0000e+00
     13.000     12.873     0.1377  28.473704     0.1400  28.472260     6.5959     6.7574     1.5521    84.2873 1.8177e-01  -64.78200  -63.03343 348.180442      99.97 0.0000e+00    330.193       7926  1027.4273  1027.4236    34.0907    34.0863    8.03242         42 0.0000e+00
     14.000     13.862     0.1265  28.481408     0.1270  28.479653     6.5949     6.7165     1.4875    85.3917 1.5354e-01  -64.78200  -63.03343 348.180476      99.97 0.0000e+00    333.140       7996  1027.4506  1027.4483    34.1128    34.1099    8.03353         45 0.0000e+00
     15.000     14.853     0.1250  28.485709     0.1257  28.484511     6.6046     6.7047     1.4776    85.6650 1.2969e-01  -64.78200  -63.03344 348.180509      99.97 0.0000e+00    336.021       8066  1027.4607  1027.4589    34.1195    34.1172    8.03346         46 0.0000e+00
     16.000     15.842     0.1280  28.493801     0.1283  28.492113     6.6070     6.6991     1.2444    85.5214 1.1128e-01  -64.78200  -63.03344 348.180544      99.97 0.0000e+00    338.983       8137  1027.4705  1027.4685    34.1262    34.1237    8.03245         35 0.0000e+00
     17.000     16.834     0.1277  28.499116     0.1289  28.497993     6.5820     6.6710     1.1514    85.6800 9.6964e-02  -64.78200  -63.03344 348.180578      99.97 0.0000e+00    341.927       8207  1027.4808  1027.4784    34.1330    34.1302    8.03213         39 0.0000e+00
     18.000     17.823     0.1163  28.498706     0.1172  28.497345     6.5279     6.6284     1.1179    85.9095 8.4474e-02  -64.78200  -63.03344 348.180611      99.97 0.0000e+00    344.793       8276  1027.4958  1027.4935    34.1446    34.1418    8.03387         39 0.0000e+00
     19.000     18.812     0.1162  28.507599     0.1162  28.506089     6.5225     6.6076     1.0698    86.0319 7.3572e-02  -64.78200  -63.03344 348.180645      99.96 0.0000e+00    347.729       8346  1027.5095  1027.5079    34.1559    34.1539    8.03327         33 0.0000e+00
     20.000     19.805     0.1200  28.514272     0.1190  28.511915     6.5156     6.5971     1.0549    86.2731 6.3648e-02  -64.78200  -63.03344 348.180679      99.96 0.0000e+00    350.660       8417  1027.5172  1027.5155    34.1599    34.1578    8.03225         34 0.0000e+00
     21.000     20.793     0.1232  28.519153     0.1235  28.517627     6.5092     6.5923     1.0025    86.3756 5.4739e-02  -64.78200  -63.03344 348.180712      99.97 0.0000e+00    353.512       8485  1027.5234  1027.5215    34.1621    34.1598    8.03144         34 0.0000e+00
     22.000     21.784     0.1241  28.525571     0.1249  28.523739     6.4863     6.5705     0.9761    86.4227 4.6552e-02  -64.78200  -63.03344 348.180746      99.97 0.0000e+00    356.460       8556  1027.5336  1027.5309    34.1689    34.1656    8.03087         38 0.0000e+00
     23.000     22.773     0.1308  28.533779     0.1321  28.533381     6.4951     6.5715     1.0209    86.5866 3.9011e-02  -64.78200  -63.03344 348.180780      99.97 0.0000e+00    359.364       8626  1027.5402  1027.5386    34.1717    34.1698    8.02931         33 0.0000e+00
     24.000     23.764     0.1306  28.534276     0.1310  28.533001     6.5072     6.5721     1.0230    86.6196 3.2466e-02  -64.78200  -63.03344 348.180813      99.97 0.0000e+00    362.242       8695  1027.5452  1027.5435    34.1720    34.1699    8.02934         33 0.0000e+00
     25.000     24.753     0.1294  28.533551     0.1300  28.532363     6.5078     6.5759     0.9922    86.6441 2.6047e-02  -64.78200  -63.03344 348.180846      99.97 0.0000e+00    365.116       8764  1027.5499  1027.5482    34.1718    34.1696    8.02960         30 0.0000e+00
     26.000     25.746     0.1317  28.535950     0.1305  28.533047     6.4889     6.5682     0.9714    86.6550 2.0585e-02  -64.78200  -63.03344 348.180879      99.96 0.0000e+00    367.981       8833  1027.5545  1027.5526    34.1717    34.1693    8.02912         22 0.0000e+00
     27.000     26.734     0.1329  28.537685     0.1339  28.536768     6.4749     6.5645     1.0051    86.6785 1.4730e-02  -64.78200  -63.03344 348.180912      99.97 0.0000e+00    370.819       8901  1027.5596  1027.5576    34.1721    34.1699    8.02885         32 0.0000e+00
     28.000     27.724     0.1337  28.538705     0.1346  28.537695     6.5003     6.5675     0.9334    86.6905 9.3890e-03  -64.78200  -63.03344 348.180945      99.96 0.0000e+00    373.661       8969  1027.5642  1027.5622    34.1720    34.1697    8.02869         28 0.0000e+00
     29.000     28.711     0.1344  28.540017     0.1347  28.538655     6.4811     6.5611     0.9017    86.6952 4.6499e-03  -64.78200  -63.03344 348.180979      99.97 0.0000e+00    376.560       9038  1027.5691  1027.5673    34.1723    34.1702    8.02852         26 0.0000e+00
     30.000     29.706     0.1356  28.541814     0.1361  28.540849     6.4886     6.5572     1.0067    86.7337 7.5683e-04  -64.78200  -63.03344 348.181012      99.96 0.0000e+00    379.413       9107  1027.5742  1027.5727    34.1727    34.1710    8.02825         36 0.0000e+00
     31.000     30.695     0.1374  28.543808     0.1377  28.542413     6.4869     6.5584     0.9825    86.7613 2.4707e-05  -64.78200  -63.03344 348.181044      99.97 0.0000e+00    382.226       9174  1027.5789  1027.5770    34.1728    34.1706    8.02788         35 0.0000e+00
     32.000     31.683     0.1381  28.544554     0.1382  28.542951     6.4824     6.5571     0.8903    86.7748 1.0000e-12  -64.78200  -63.03344 348.181077      99.97 0.0000e+00    385.074       9243  1027.5833  1027.5815    34.1724    34.1702    8.02775         35 0.0000e+00
     33.000     32.674     0.1382  28.544832     0.1384  28.543382     6.4750     6.5490     0.9098    86.7916 1.0000e-12  -64.78200  -63.03344 348.181110      99.97 0.0000e+00    387.920       9311  1027.5877  1027.5861    34.1720    34.1699    8.02775         37 0.0000e+00
     34.000     33.664     0.1381  28.544728     0.1383  28.543417     6.4690     6.5396     0.9322    86.8044 1.0000e-12  -64.78200  -63.03344 348.181142      99.97 0.0000e+00    390.707       9378  1027.5921  1027.5905    34.1714    34.1695    8.02781         37 0.0000e+00
     35.000     34.655     0.1377  28.545311     0.1378  28.543877     6.4401     6.5219     0.9603    86.8702 1.0000e-12  -64.78200  -63.03344 348.181175      99.97 0.0000e+00    393.554       9446  1027.5973  1027.5958    34.1720    34.1700    8.02785         40 0.0000e+00
     36.000     35.644     0.1324  28.546147     0.1333  28.544833     6.3867     6.4952     0.9607    86.9331 1.0000e-12  -64.78200  -63.03344 348.181209      99.97 0.0000e+00    396.420       9515  1027.6077  1027.6055    34.1784    34.1757    8.02861         36 0.0000e+00
     37.000     36.636     0.1290  28.547813     0.1292  28.545884     6.3698     6.4655     0.8855    86.9728 1.0000e-12  -64.78200  -63.03344 348.181240      99.97 0.0000e+00    399.163       9581  1027.6170  1027.6149    34.1838    34.1811    8.02900         42 0.0000e+00
     38.000     37.624     0.1312  28.556080     0.1310  28.553205     6.2767     6.3980     0.9096    87.0423 1.0000e-12  -64.78200  -63.03344 348.181274      99.97 0.0000e+00    402.046       9650  1027.6279  1027.6250    34.1916    34.1881    8.02811         43 0.0000e+00
     39.000     38.614     0.1519  28.597890     0.1524  28.596212     6.1128     6.2798     0.9309    87.1810 1.0000e-12  -64.78200  -63.03344 348.181306      99.97 0.0000e+00    404.876       9718  1027.6564  1027.6540    34.2232    34.2204    8.02201         51 0.0000e+00
     40.000     39.604     0.1830  28.641946     0.1808  28.636695     6.0814     6.2161     0.8856    87.5457 1.0000e-12  -64.78200  -63.03344 348.181338      99.97 0.0000e+00    407.636       9784  1027.6774  1027.6739    34.2461    34.2416    8.01425         39 0.0000e+00
     41.000     40.592     0.2013  28.671297     0.2030  28.670509     5.9804     6.1290     0.8992    87.8142 1.0000e-12  -64.78200  -63.03344 348.181371      99.97 0.0000e+00    410.437       9851  1027.6953  1027.6928    34.2637    34.2607    8.00943         40 0.0000e+00
     42.000     41.586     0.2335  28.720483     0.2326  28.716520     5.9075     6.0492     0.8951    88.0450 1.0000e-12  -64.78200  -63.03344 348.181404      99.97 0.0000e+00    413.270       9919  1027.7206  1027.7174    34.2920    34.2877    8.00115         39 0.0000e+00
     43.000     42.575     0.2476  28.740794     0.2471  28.737841     5.9270     6.0265     0.7363    88.3295 1.0000e-12  -64.78200  -63.03344 348.181436      99.97 0.0000e+00    416.075       9987  1027.7333  1027.7305    34.3024    34.2990    7.99763         37 0.0000e+00
     44.000     43.564     0.2554  28.750324     0.2575  28.749797     5.9277     6.0168     0.6380    88.5574 1.0000e-12  -64.78200  -63.03344 348.181468      99.97 0.0000e+00    418.853      10053  1027.7404  1027.7377    34.3056    34.3026    7.99583         40 0.0000e+00
     45.000     44.555     0.2705  28.767225     0.2704  28.764710     5.8897     5.9933     0.6397    88.7138 1.0000e-12  -64.78200  -63.03344 348.181501      99.97 0.0000e+00    421.654      10121  1027.7480  1027.7455    34.3104    34.3072    7.99243         40 0.0000e+00
     46.000     45.545     0.2860  28.786308     0.2853  28.783171     5.8267     5.9314     0.5577    88.8274 1.0000e-12  -64.78200  -63.03344 348.181533      99.97 0.0000e+00    424.427      10187  1027.7578  1027.7551    34.3176    34.3142    7.98881         29 0.0000e+00
     47.000     46.533     0.3202  28.831826     0.3202  28.828092     5.6718     5.8199     0.5250    88.9589 1.0000e-12  -64.78200  -63.03344 348.181565      99.97 0.0000e+00    427.238      10255  1027.7771  1027.7732    34.3386    34.3338    7.98054         40 0.0000e+00
     48.000     47.523     0.3726  28.899798     0.3729  28.897272     5.6101     5.7540     0.4954    89.0619 1.0000e-12  -64.78200  -63.03344 348.181598      99.97 0.0000e+00    430.024      10322  1027.8024  1027.7994    34.3689    34.3651    7.96803         34 0.0000e+00
     49.000     48.518     0.3885  28.920101     0.3882  28.917775     5.6026     5.7224     0.4401    89.2639 1.0000e-12  -64.78200  -63.03344 348.181629      99.97 0.0000e+00    432.774      10388  1027.8134  1027.8111    34.3772    34.3744    7.96429         35 0.0000e+00
     50.000     49.504     0.4024  28.938690     0.4023  28.936517     5.5780     5.6906     0.4023    89.3408 1.0000e-12  -64.78200  -63.03344 348.181661      99.97 0.0000e+00    435.510      10453  1027.8242  1027.8220    34.3854    34.3826    7.96096         36 0.0000e+00
     51.000     50.495     0.4174  28.956006     0.4163  28.953142     5.5684     5.6568     0.3812    89.4648 1.0000e-12  -64.78200  -63.03344 348.181693      99.97 0.0000e+00    438.309      10520  1027.8325  1027.8306    34.3908    34.3882    7.95757         38 0.0000e+00
     52.000     51.486     0.4194  28.962295     0.4166  28.958429     5.5834     5.6603     0.3350    89.5797 1.0000e-12  -64.78200  -63.03344 348.181726      99.97 0.0000e+00    441.098      10587  1027.8420  1027.8406    34.3961    34.3942    7.95685         41 0.0000e+00
     53.000     52.473     0.3978  28.943901     0.3949  28.940110     5.6085     5.6749     0.2999    89.5867 1.0000e-12  -64.78200  -63.03344 348.181757      99.97 0.0000e+00    443.841      10653  1027.8484  1027.8470    34.3955    34.3938    7.96134         36 0.0000e+00
     54.000     53.463     0.3717  28.921422     0.3765  28.924251     5.6416     5.6880     0.2876    89.6721 1.0000e-12  -64.78200  -63.03345 348.181789      99.97 0.0000e+00    446.609      10720  1027.8544  1027.8526    34.3946    34.3930    7.96677         39 0.0000e+00
     55.000     54.455     0.3315  28.887521     0.3357  28.890615     5.6561     5.7055     0.2623    89.6856 1.0000e-12  -64.78200  -63.03345 348.181821      99.97 0.0000e+00    449.361      10786  1027.8621  1027.8614    34.3944    34.3938    7.97510         37 0.0000e+00
     56.000     55.446     0.3065  28.865899     0.3071  28.865257     5.6701     5.7262     0.2366    89.6703 1.0000e-12  -64.78200  -63.03345 348.181853      99.97 0.0000e+00    452.113      10852  1027.8677  1027.8665    34.3933    34.3918    7.98033         41 0.0000e+00
     57.000     56.434     0.2821  28.844968     0.2819  28.843264     5.6698     5.7304     0.2525    89.6074 1.0000e-12  -64.78200  -63.03345 348.181885      99.97 0.0000e+00    454.895      10918  1027.8733  1027.8717    34.3925    34.3904    7.98544         44 0.0000e+00
     58.000     57.424     0.2851  28.848910     0.2851  28.847204     5.6538     5.7148     0.2152    89.6498 1.0000e-12  -64.78200  -63.03345 348.181917      99.97 0.0000e+00    457.620      10984  1027.8783  1027.8765    34.3937    34.3915    7.98475         43 0.0000e+00
     59.000     58.413     0.2931  28.858953     0.2934  28.857344     5.6166     5.6942     0.2008    89.6428 1.0000e-12  -64.78200  -63.03345 348.181948      99.97 0.0000e+00    460.327      11049  1027.8850  1027.8831    34.3973    34.3950    7.98288         38 0.0000e+00
