NBP2113_155081_ctd/data/dnbp2113_061.cnv
* Sea-Bird SBE 9 Data File:
* FileName = D:\Data\raw\NBP2113_061.hex
* Software Version Seasave V 7.26.7.121
* Temperature SN = 2438
* Conductivity SN = 2067
* Number of Bytes Per Scan = 40
* Number of Voltage Words = 5
* Number of Scans Averaged by the Deck Unit = 1
* NMEA Latitude = 64 46.21 S
* NMEA Longitude = 063 05.90 W
* NMEA UTC (Time) = Dec 13 2021  23:26:08
* NMEA baud rate = 9600
** Ship: RVIB N.B. Palmer
** Cruise: NBP2113 LTER
** Station: 654.005
** Operator: S. Blackman
# nquan = 25
# nvalues = 336                         
# units = specified
# name 0 = prDM: Pressure, Digiquartz [db]
# name 1 = depSM: Depth [salt water, m]
# name 2 = t090C: Temperature [ITS-90, deg C]
# name 3 = c0mS/cm: Conductivity [mS/cm]
# name 4 = t190C: Temperature, 2 [ITS-90, deg C]
# name 5 = c1mS/cm: Conductivity, 2 [mS/cm]
# name 6 = sbeox0ML/L: Oxygen, SBE 43 [ml/l]
# name 7 = sbeox1ML/L: Oxygen, SBE 43, 2 [ml/l]
# name 8 = flECO-AFL: Fluorescence, WET Labs ECO-AFL/FL [mg/m^3]
# name 9 = CStarTr0: Beam Transmission, WET Labs C-Star [%]
# name 10 = par: PAR/Irradiance, Biospherical/Licor
# name 11 = latitude: Latitude [deg]
# name 12 = longitude: Longitude [deg]
# name 13 = timeJ: Julian Days
# name 14 = altM: Altimeter [m]
# name 15 = spar: SPAR, Biospherical/Licor
# name 16 = timeS: Time, Elapsed [seconds]
# name 17 = scan: Scan Count
# name 18 = density00: Density [density, kg/m^3]
# name 19 = density11: Density, 2 [density, kg/m^3]
# name 20 = sal00: Salinity, Practical [PSU]
# name 21 = sal11: Salinity, Practical, 2 [PSU]
# name 22 = oxsolML/L: Oxygen Saturation, Garcia & Gordon [ml/l]
# name 23 = nbin: number of scans per bin
# name 24 = flag: flag
# span 0 =      4.000,    339.000       
# span 1 =      3.958,    335.408       
# span 2 =    -0.4926,     0.7998       
# span 3 =  27.948527,  29.429385       
# span 4 =    -0.4928,     0.7991       
# span 5 =  27.947194,  29.427788       
# span 6 =     4.9905,     7.4001       
# span 7 =     5.0632,     7.4620       
# span 8 =    -0.0210,     1.3296       
# span 9 =    83.6290,    90.1940       
# span 10 = 1.0000e-12, 9.2479e+01      
# span 11 =  -64.77050,  -64.77024      
# span 12 =  -63.09850,  -63.09826      
# span 13 = 347.980016, 347.986441      
# span 14 =       9.04,      99.97      
# span 15 = 3.4020e+02, 1.2836e+03      
# span 16 =    305.348,    860.470      
# span 17 =       7329,      20652      
# span 18 =  1027.1723,  1029.3503      
# span 19 =  1027.1711,  1029.3490      
# span 20 =    33.8064,    34.5120      
# span 21 =    33.8032,    34.5104      
# span 22 =    7.87322,    8.14211      
# span 23 =         11,         51      
# span 24 = 0.0000e+00, 0.0000e+00      
# interval = decibars: 1                
# start_time = Dec 13 2021 23:26:08 [NMEA time, header]
# bad_flag = -9.990e-29
*END*
[from data line 174]
    178.000    176.181     0.7942  29.422342     0.7938  29.421288     5.0101     5.0703     0.0432    90.0677 1.0000e-12  -64.77040  -63.09834 347.983447      99.97 3.5786e+02    601.828      14445  1028.5018  1028.5010    34.5030    34.5021    7.87439         30 0.0000e+00
    179.000    177.171     0.7932  29.422037     0.7922  29.420211     5.0004     5.0671     0.0458    90.0513 1.0000e-12  -64.77040  -63.09834 347.983461      99.97 3.5881e+02    603.043      14474  1028.5068  1028.5058    34.5032    34.5019    7.87460         26 0.0000e+00
    180.000    178.161     0.7962  29.424868     0.7960  29.423793     4.9979     5.0723     0.0567    90.0109 1.0000e-12  -64.77040  -63.09834 347.983475      99.97 3.5963e+02    604.250      14503  1028.5111  1028.5101    34.5029    34.5018    7.87401         29 0.0000e+00
    181.000    179.150     0.7998  29.429217     0.7987  29.427248     5.0017     5.0648     0.0530    90.0434 1.0000e-12  -64.77040  -63.09834 347.983489      99.97 3.5995e+02    605.442      14532  1028.5163  1028.5153    34.5040    34.5026    7.87322         28 0.0000e+00
    182.000    180.140     0.7979  29.427706     0.7984  29.427714     4.9993     5.0632     0.0316    90.0628 1.0000e-12  -64.77040  -63.09834 347.983502      99.97 3.6140e+02    606.615      14560  1028.5210  1028.5204    34.5036    34.5030    7.87363         28 0.0000e+00
    183.000    181.127     0.7983  29.428559     0.7978  29.427228     5.0074     5.0643     0.0429    90.0677 1.0000e-12  -64.77040  -63.09834 347.983516      99.97 3.6235e+02    607.776      14588  1028.5257  1028.5248    34.5036    34.5024    7.87354         29 0.0000e+00
    184.000    182.119     0.7980  29.429385     0.7971  29.427788     5.0051     5.0687     0.0436    90.0572 1.0000e-12  -64.77040  -63.09834 347.983530      99.97 3.6314e+02    608.965      14616  1028.5312  1028.5304    34.5044    34.5033    7.87356         28 0.0000e+00
    185.000    183.108     0.7937  29.426171     0.7931  29.424949     4.9992     5.0640     0.0436    90.0700 1.0000e-12  -64.77040  -63.09834 347.983543      99.97 3.6441e+02    610.146      14645  1028.5363  1028.5356    34.5044    34.5034    7.87442         28 0.0000e+00
    186.000    184.097     0.7919  29.425077     0.7913  29.423847     5.0119     5.0689     0.0436    90.0681 1.0000e-12  -64.77040  -63.09834 347.983557      99.97 3.6493e+02    611.328      14673  1028.5413  1028.5405    34.5045    34.5035    7.87480         28 0.0000e+00
    187.000    185.086     0.7879  29.422395     0.7884  29.422037     5.0310     5.0774     0.0459    90.0775 1.0000e-12  -64.77040  -63.09834 347.983571      99.97 3.6657e+02    612.506      14701  1028.5466  1028.5458    34.5048    34.5038    7.87559         29 0.0000e+00
    188.000    186.075     0.7693  29.406406     0.7692  29.405321     5.0224     5.0822     0.0453    90.0572 1.0000e-12  -64.77041  -63.09834 347.983585      99.97 3.6722e+02    613.702      14730  1028.5526  1028.5515    34.5041    34.5028    7.87938         29 0.0000e+00
    189.000    187.064     0.7665  29.403328     0.7653  29.401792     5.0200     5.0809     0.0435    90.0627 1.0000e-12  -64.77042  -63.09834 347.983598      99.97 3.6845e+02    614.904      14759  1028.5563  1028.5558    34.5027    34.5020    7.88004         28 0.0000e+00
    190.000    188.054     0.7684  29.405938     0.7675  29.404240     5.0199     5.0731     0.0428    90.0553 1.0000e-12  -64.77042  -63.09834 347.983612      99.97 3.6997e+02    616.104      14787  1028.5613  1028.5604    34.5034    34.5021    7.87962         30 0.0000e+00
    191.000    189.044     0.7681  29.406558     0.7676  29.405233     5.0026     5.0680     0.0314    90.0634 1.0000e-12  -64.77042  -63.09834 347.983626      99.96 3.7114e+02    617.299      14816  1028.5664  1028.5655    34.5039    34.5027    7.87963         28 0.0000e+00
    192.000    190.031     0.7698  29.409446     0.7688  29.407972     4.9905     5.0732     0.0460    90.0536 1.0000e-12  -64.77042  -63.09833 347.983640      99.97 3.7251e+02    618.492      14845  1028.5719  1028.5713    34.5052    34.5043    7.87923         29 0.0000e+00
    193.000    191.024     0.7714  29.412197     0.7706  29.410700     4.9976     5.0690     0.0511    90.0553 1.0000e-12  -64.77042  -63.09833 347.983654      99.97 3.7401e+02    619.693      14874  1028.5774  1028.5766    34.5064    34.5053    7.87884         29 0.0000e+00
    194.000    192.011     0.7690  29.410837     0.7692  29.410071     5.0049     5.0710     0.0445    90.0144 1.0000e-12  -64.77042  -63.09833 347.983668      99.97 3.7588e+02    620.894      14902  1028.5825  1028.5815    34.5066    34.5054    7.87930         29 0.0000e+00
    195.000    193.001     0.7670  29.409325     0.7668  29.408444     5.0024     5.0726     0.0436    90.0410 1.0000e-12  -64.77042  -63.09832 347.983682      99.97 3.7786e+02    622.087      14931  1028.5872  1028.5865    34.5063    34.5054    7.87973         28 0.0000e+00
    196.000    193.989     0.7680  29.410853     0.7671  29.409313     5.0063     5.0751     0.0362    90.0138 1.0000e-12  -64.77042  -63.09834 347.983695      99.97 3.7997e+02    623.275      14960  1028.5920  1028.5913    34.5066    34.5056    7.87951         28 0.0000e+00
    197.000    194.979     0.7674  29.410917     0.7633  29.406825     5.0206     5.0749     0.0380    90.0322 1.0000e-12  -64.77042  -63.09832 347.983709      99.97 3.8188e+02    624.458      14988  1028.5969  1028.5967    34.5067    34.5060    7.87962         29 0.0000e+00
    198.000    195.968     0.7552  29.402218     0.7539  29.399884     5.0319     5.0819     0.0410    90.0278 1.0000e-12  -64.77042  -63.09833 347.983723      99.97 3.8477e+02    625.658      15017  1028.6041  1028.6029    34.5085    34.5069    7.88201         29 0.0000e+00
    199.000    196.958     0.7404  29.388836     0.7400  29.387792     5.0368     5.0893     0.0362    90.0137 1.0000e-12  -64.77042  -63.09833 347.983737      99.97 3.8732e+02    626.865      15046  1028.6089  1028.6082    34.5070    34.5060    7.88509         29 0.0000e+00
    200.000    197.946     0.7355  29.384743     0.7350  29.383529     5.0368     5.0922     0.0362    89.9729 1.0000e-12  -64.77042  -63.09834 347.983751      99.97 3.9056e+02    628.078      15075  1028.6137  1028.6128    34.5065    34.5054    7.88610         29 0.0000e+00
    201.000    198.937     0.7320  29.382092     0.7327  29.381904     5.0429     5.0935     0.0362    89.9944 1.0000e-12  -64.77042  -63.09834 347.983765      99.97 3.9361e+02    629.263      15103  1028.6184  1028.6176    34.5064    34.5053    7.88683         28 0.0000e+00
    202.000    199.925     0.7337  29.384247     0.7332  29.383080     5.0385     5.0966     0.0365    89.9945 1.0000e-12  -64.77042  -63.09832 347.983778      99.97 3.9662e+02    630.449      15132  1028.6232  1028.6224    34.5067    34.5057    7.88647         28 0.0000e+00
    203.000    200.915     0.7310  29.382001     0.7306  29.381146     5.0423     5.1052     0.0359    90.0012 1.0000e-12  -64.77042  -63.09832 347.983792      99.97 4.0022e+02    631.641      15160  1028.6277  1028.6272    34.5062    34.5055    7.88704         29 0.0000e+00
    204.000    201.903     0.7296  29.381765     0.7269  29.378439     5.0508     5.0990     0.0302    89.9914 1.0000e-12  -64.77042  -63.09832 347.983806      99.97 4.0391e+02    632.822      15189  1028.6329  1028.6322    34.5068    34.5055    7.88728         29 0.0000e+00
    205.000    202.894     0.7214  29.375182     0.7200  29.373102     5.0582     5.1045     0.0356    90.0046 1.0000e-12  -64.77042  -63.09832 347.983820      99.97 4.0825e+02    634.008      15217  1028.6384  1028.6376    34.5068    34.5057    7.88895         28 0.0000e+00
    206.000    203.883     0.7131  29.368280     0.7133  29.367584     5.0687     5.1159     0.0429    89.9931 1.0000e-12  -64.77044  -63.09832 347.983833      99.97 4.1320e+02    635.212      15246  1028.6434  1028.6425    34.5064    34.5053    7.89065         29 0.0000e+00
    207.000    204.871     0.7005  29.357605     0.6993  29.356208     5.0665     5.1207     0.0363    89.9614 1.0000e-12  -64.77044  -63.09832 347.983847      99.97 4.1922e+02    636.407      15275  1028.6490  1028.6486    34.5061    34.5055    7.89325         29 0.0000e+00
    208.000    205.861     0.6928  29.351383     0.6917  29.349366     5.0745     5.1292     0.0362    89.9599 1.0000e-12  -64.77044  -63.09832 347.983861      99.97 4.2673e+02    637.581      15303  1028.6542  1028.6531    34.5060    34.5046    7.89481         27 0.0000e+00
    209.000    206.849     0.6817  29.341220     0.6834  29.341793     5.0772     5.1301     0.0342    89.9462 1.0000e-12  -64.77044  -63.09832 347.983874      99.97 4.3670e+02    638.742      15331  1028.6586  1028.6575    34.5045    34.5034    7.89715         29 0.0000e+00
    210.000    207.840     0.6849  29.344356     0.6841  29.343182     5.0680     5.1325     0.0315    89.9249 1.0000e-12  -64.77044  -63.09832 347.983888      99.97 4.4987e+02    639.922      15359  1028.6628  1028.6623    34.5045    34.5038    7.89651         28 0.0000e+00
    211.000    208.828     0.6854  29.345712     0.6861  29.345498     5.0732     5.1337     0.0362    89.9487 1.0000e-12  -64.77044  -63.09832 347.983902      99.97 4.6636e+02    641.124      15388  1028.6678  1028.6669    34.5050    34.5040    7.89637         29 0.0000e+00
    212.000    209.818     0.6806  29.341991     0.6789  29.340140     5.0718     5.1419     0.0322    89.9496 1.0000e-12  -64.77044  -63.09832 347.983916      99.97 4.8441e+02    642.324      15417  1028.6728  1028.6725    34.5049    34.5044    7.89735         29 0.0000e+00
    213.000    210.807     0.6749  29.337698     0.6742  29.335881     5.0802     5.1438     0.0289    89.9550 1.0000e-12  -64.77044  -63.09832 347.983930      99.97 5.0515e+02    643.515      15445  1028.6780  1028.6769    34.5051    34.5035    7.89849         28 0.0000e+00
    214.000    211.796     0.6682  29.331852     0.6669  29.329946     5.0884     5.1444     0.0238    89.9193 1.0000e-12  -64.77044  -63.09832 347.983943      99.97 5.2864e+02    644.713      15474  1028.6827  1028.6820    34.5044    34.5034    7.89990         29 0.0000e+00
    215.000    212.785     0.6697  29.333301     0.6687  29.331757     5.0901     5.1457     0.0329    89.9523 1.0000e-12  -64.77044  -63.09832 347.983957      99.97 5.5329e+02    645.919      15503  1028.6869  1028.6862    34.5040    34.5031    7.89962         29 0.0000e+00
    216.000    213.774     0.6687  29.333443     0.6676  29.331671     5.0910     5.1507     0.0501    89.9328 1.0000e-12  -64.77044  -63.09832 347.983971      99.97 5.7841e+02    647.119      15532  1028.6922  1028.6914    34.5048    34.5036    7.89979         29 0.0000e+00
    217.000    214.764     0.6613  29.327722     0.6610  29.326922     5.1101     5.1565     0.0298    89.9091 1.0000e-12  -64.77044  -63.09832 347.983985      99.97 6.0245e+02    648.308      15560  1028.6976  1028.6970    34.5049    34.5042    7.90128         28 0.0000e+00
    218.000    215.753     0.6409  29.310352     0.6412  29.309708     5.1460     5.1785     0.0297    89.8593 1.0000e-12  -64.77044  -63.09832 347.983999      99.97 6.2530e+02    649.495      15589  1028.7038  1028.7028    34.5045    34.5033    7.90546         29 0.0000e+00
    219.000    216.741     0.6156  29.289598     0.6191  29.291292     5.1558     5.1890     0.0349    89.8760 1.0000e-12  -64.77044  -63.09832 347.984013      99.97 6.4718e+02    650.692      15618  1028.7113  1028.7096    34.5051    34.5033    7.91059         28 0.0000e+00
    220.000    217.731     0.6006  29.274329     0.5972  29.271105     5.1501     5.1985     0.0309    89.9017 1.0000e-12  -64.77044  -63.09831 347.984026      99.97 6.6725e+02    651.877      15646  1028.7140  1028.7139    34.5013    34.5009    7.91386         29 0.0000e+00
    221.000    218.720     0.6092  29.283030     0.6105  29.283475     5.1443     5.2045     0.0339    89.9054 1.0000e-12  -64.77044  -63.09832 347.984040      99.97 6.8608e+02    653.063      15675  1028.7187  1028.7178    34.5025    34.5016    7.91205         28 0.0000e+00
    222.000    219.710     0.6012  29.277273     0.6005  29.276092     5.2298     5.2572     0.0288    89.8917 1.0000e-12  -64.77044  -63.09830 347.984054      99.97 7.0444e+02    654.267      15703  1028.7245  1028.7240    34.5032    34.5026    7.91362         29 0.0000e+00
    223.000    220.698     0.5527  29.239468     0.5524  29.237825     5.3377     5.3285     0.0251    89.8341 1.0000e-12  -64.77044  -63.09832 347.984068      99.97 7.2154e+02    655.461      15732  1028.7369  1028.7357    34.5074    34.5057    7.92331         29 0.0000e+00
    224.000    221.688     0.4239  29.128050     0.4227  29.126809     5.3954     5.3734     0.0260    89.8509 1.0000e-12  -64.77044  -63.09831 347.984081      99.97 7.3710e+02    656.634      15760  1028.7513  1028.7509    34.5051    34.5049    7.94987         28 0.0000e+00
    225.000    222.677     0.3615  29.069426     0.3617  29.069055     5.3821     5.3772     0.0289    89.8741 1.0000e-12  -64.77044  -63.09831 347.984095      99.97 7.5256e+02    657.813      15789  1028.7546  1028.7541    34.4976    34.4969    7.96316         28 0.0000e+00
    226.000    223.667     0.3590  29.066974     0.3582  29.065243     5.3981     5.4020     0.0342    89.8759 1.0000e-12  -64.77044  -63.09831 347.984109      99.97 7.6820e+02    659.005      15817  1028.7578  1028.7568    34.4965    34.4951    7.96372         27 0.0000e+00
    227.000    224.655     0.3425  29.054057     0.3436  29.053716     5.4487     5.4415     0.0242    89.8403 1.0000e-12  -64.77044  -63.09830 347.984122      99.97 7.8254e+02    660.178      15845  1028.7640  1028.7626    34.4975    34.4958    7.96709         27 0.0000e+00
    228.000    225.644     0.2820  29.004719     0.2824  29.004750     5.4790     5.4637     0.0211    89.8144 1.0000e-12  -64.77044  -63.09832 347.984136      99.97 7.9692e+02    661.347      15873  1028.7752  1028.7749    34.4998    34.4994    7.97946         29 0.0000e+00
    229.000    226.633     0.2429  28.967744     0.2456  28.969230     5.4385     5.4667     0.0216    89.7897 1.0000e-12  -64.77044  -63.09832 347.984150      99.97 8.1101e+02    662.544      15902  1028.7782  1028.7770    34.4944    34.4933    7.98787         29 0.0000e+00
    230.000    227.622     0.2434  28.969749     0.2446  28.969842     5.4849     5.5038     0.0279    89.7075 1.0000e-12  -64.77044  -63.09831 347.984164      99.96 8.2513e+02    663.759      15931  1028.7832  1028.7822    34.4958    34.4947    7.98768         29 0.0000e+00
    231.000    228.611     0.2170  28.948284     0.2104  28.943052     5.5707     5.5578     0.0210    89.7278 1.0000e-12  -64.77044  -63.09830 347.984178      99.97 8.3929e+02    664.967      15960  1028.7901  1028.7911    34.4967    34.4972    7.99313         29 0.0000e+00
    232.000    229.601     0.0978  28.850721     0.1083  28.856039     5.6111     5.5954     0.0238    89.6528 1.0000e-12  -64.77044  -63.09830 347.984192      99.97 8.5335e+02    666.187      15989  1028.8082  1028.8036    34.5012    34.4965    8.01770         30 0.0000e+00
    233.000    230.590     0.0575  28.811272     0.0577  28.811012     5.6269     5.6168     0.0224    89.6506 1.0000e-12  -64.77044  -63.09830 347.984206      99.97 8.6692e+02    667.404      16019  1028.8092  1028.8087    34.4938    34.4932    8.02654         28 0.0000e+00
    234.000    231.579     0.0379  28.793282     0.0362  28.791287     5.6262     5.6279     0.0085    89.6158 1.0000e-12  -64.77044  -63.09830 347.984220      99.97 8.8008e+02    668.581      16047  1028.8127  1028.8123    34.4914    34.4907    8.03077         29 0.0000e+00
