NBP2113_155081_ctd/data/dnbp2113_055.cnv
* Sea-Bird SBE 9 Data File:
* FileName = D:\Data\raw\NBP2113_055.hex
* Software Version Seasave V 7.26.7.121
* Temperature SN = 2438
* Conductivity SN = 2067
* Number of Bytes Per Scan = 40
* Number of Voltage Words = 5
* Number of Scans Averaged by the Deck Unit = 1
* NMEA Latitude = 64 51.63 S
* NMEA Longitude = 064 56.94 W
* NMEA UTC (Time) = Dec 11 2021  21:26:08
* NMEA baud rate = 9600
** Ship: RVIB N.B. Palmer
** Cruise: NBP2113 LTER
** Station: 589.065
** Operator: S. Blackman
# nquan = 25
# nvalues = 443                         
# units = specified
# name 0 = prDM: Pressure, Digiquartz [db]
# name 1 = depSM: Depth [salt water, m]
# name 2 = t090C: Temperature [ITS-90, deg C]
# name 3 = c0mS/cm: Conductivity [mS/cm]
# name 4 = t190C: Temperature, 2 [ITS-90, deg C]
# name 5 = c1mS/cm: Conductivity, 2 [mS/cm]
# name 6 = sbeox0ML/L: Oxygen, SBE 43 [ml/l]
# name 7 = sbeox1ML/L: Oxygen, SBE 43, 2 [ml/l]
# name 8 = flECO-AFL: Fluorescence, WET Labs ECO-AFL/FL [mg/m^3]
# name 9 = CStarTr0: Beam Transmission, WET Labs C-Star [%]
# name 10 = par: PAR/Irradiance, Biospherical/Licor
# name 11 = latitude: Latitude [deg]
# name 12 = longitude: Longitude [deg]
# name 13 = timeJ: Julian Days
# name 14 = altM: Altimeter [m]
# name 15 = spar: SPAR, Biospherical/Licor
# name 16 = timeS: Time, Elapsed [seconds]
# name 17 = scan: Scan Count
# name 18 = density00: Density [density, kg/m^3]
# name 19 = density11: Density, 2 [density, kg/m^3]
# name 20 = sal00: Salinity, Practical [PSU]
# name 21 = sal11: Salinity, Practical, 2 [PSU]
# name 22 = oxsolML/L: Oxygen Saturation, Garcia & Gordon [ml/l]
# name 23 = nbin: number of scans per bin
# name 24 = flag: flag
# span 0 =      5.000,    447.000       
# span 1 =      4.951,    442.148       
# span 2 =    -0.5498,     1.4635       
# span 3 =  27.523945,  30.262477       
# span 4 =    -0.5608,     1.4631       
# span 5 =  27.512948,  30.260983       
# span 6 =     4.0874,     8.2213       
# span 7 =     4.1401,     8.1982       
# span 8 =    -0.0226,     1.8003       
# span 9 =    82.5439,    91.8275       
# span 10 = 1.0000e-12, 8.3956e+01      
# span 11 =  -64.86064,  -64.86054      
# span 12 =  -64.94917,  -64.94854      
# span 13 = 345.896197, 345.904426      
# span 14 =       8.52,      99.97      
# span 15 = 1.9850e+02, 2.8028e+02      
# span 16 =    263.443,    974.437      
# span 17 =       6324,      23387      
# span 18 =  1027.0247,  1029.8611      
# span 19 =  1027.0200,  1029.8599      
# span 20 =    33.5906,    34.6841      
# span 21 =    33.5818,    34.6828      
# span 22 =    7.73121,    8.20735      
# span 23 =         13,         46      
# span 24 = 0.0000e+00, 0.0000e+00      
# interval = decibars: 1                
# start_time = Dec 11 2021 21:26:08 [NMEA time, header]
# bad_flag = -9.990e-29
*END*
[from data line 348]
    353.000    349.245     1.4229  30.174076     1.4225  30.172631     4.1492     4.1989    -0.0117    91.7364 1.0000e-12  -64.86064  -64.94859 345.902839      99.97 2.2389e+02    837.308      20096  1029.4130  1029.4118    34.6703    34.6688    7.73993         39 0.0000e+00
    354.000    350.234     1.4243  30.176052     1.4234  30.173905     4.1427     4.1880    -0.0115    91.7741 1.0000e-12  -64.86064  -64.94858 345.902873      99.97 2.2389e+02    840.231      20167  1029.4178  1029.4165    34.6706    34.6689    7.73962         29 0.0000e+00
    355.000    351.220     1.4256  30.177918     1.4250  30.176289     4.1419     4.1865    -0.0147    91.7843 1.0000e-12  -64.86064  -64.94858 345.902883      99.97 2.2389e+02    841.060      20186  1029.4226  1029.4216    34.6710    34.6696    7.73935         19 0.0000e+00
    356.000    352.211     1.4274  30.180342     1.4269  30.178885     4.1458     4.1911    -0.0129    91.7600 1.0000e-12  -64.86064  -64.94859 345.902891      99.97 2.2293e+02    841.811      20204  1029.4276  1029.4266    34.6715    34.6703    7.73897         18 0.0000e+00
    357.000    353.198     1.4280  30.181730     1.4275  30.180230     4.1423     4.1961    -0.0078    91.7558 1.0000e-12  -64.86064  -64.94860 345.902900      99.70 2.2214e+02    842.547      20222  1029.4326  1029.4316    34.6721    34.6707    7.73882         18 0.0000e+00
    358.000    354.187     1.4290  30.183121     1.4284  30.181537     4.1387     4.1926    -0.0077    91.7568 1.0000e-12  -64.86064  -64.94860 345.902909      98.96 2.2212e+02    843.377      20242  1029.4373  1029.4363    34.6721    34.6708    7.73862         22 0.0000e+00
    359.000    355.177     1.4314  30.186250     1.4309  30.184925     4.1341     4.1844    -0.0077    91.7755 1.0000e-12  -64.86064  -64.94859 345.902922      97.68 2.2212e+02    844.504      20269  1029.4425  1029.4416    34.6730    34.6718    7.73812         32 0.0000e+00
    360.000    356.165     1.4326  30.188231     1.4320  30.186796     4.1363     4.1864    -0.0075    91.7726 1.0000e-12  -64.86064  -64.94858 345.902938      96.43 2.2152e+02    845.840      20301  1029.4475  1029.4466    34.6736    34.6723    7.73785         32 0.0000e+00
    361.000    357.152     1.4333  30.189721     1.4328  30.188193     4.1348     4.1888    -0.0091    91.7657 1.0000e-12  -64.86064  -64.94858 345.902954      95.49 2.2034e+02    847.242      20335  1029.4527  1029.4515    34.6741    34.6726    7.73768         33 0.0000e+00
    362.000    358.141     1.4328  30.189628     1.4323  30.188071     4.1408     4.1873    -0.0096    91.7825 1.0000e-12  -64.86064  -64.94858 345.902973      94.38 2.1941e+02    848.903      20375  1029.4573  1029.4562    34.6740    34.6725    7.73779         42 0.0000e+00
    363.000    359.131     1.4336  30.190958     1.4332  30.189400     4.1278     4.1816    -0.0114    91.7690 1.0000e-12  -64.86064  -64.94858 345.902994      93.43 2.1860e+02    850.705      20418  1029.4622  1029.4609    34.6742    34.6726    7.73762         35 0.0000e+00
    364.000    360.118     1.4344  30.192243     1.4341  30.190955     4.1239     4.1843    -0.0111    91.7614 1.0000e-12  -64.86064  -64.94858 345.903011      92.72 2.1860e+02    852.154      20453  1029.4669  1029.4658    34.6744    34.6730    7.73745         30 0.0000e+00
    365.000    361.106     1.4348  30.193187     1.4342  30.191635     4.1279     4.1835    -0.0101    91.7253 1.0000e-12  -64.86064  -64.94858 345.903023      91.64 2.1860e+02    853.159      20477  1029.4716  1029.4707    34.6745    34.6732    7.73736         21 0.0000e+00
    366.000    362.095     1.4352  30.194149     1.4341  30.192015     4.1356     4.1844    -0.0094    91.7675 1.0000e-12  -64.86064  -64.94858 345.903033      90.92 2.1860e+02    854.033      20498  1029.4765  1029.4754    34.6747    34.6732    7.73727         21 0.0000e+00
    367.000    363.084     1.4353  30.194699     1.4347  30.193259     4.1378     4.1840    -0.0092    91.7559 1.0000e-12  -64.86064  -64.94858 345.903044      89.80 2.1860e+02    854.968      20520  1029.4812  1029.4803    34.6748    34.6736    7.73725         24 0.0000e+00
    368.000    364.072     1.4349  30.194691     1.4343  30.192871     4.1384     4.1841     0.0046    91.7557 1.0000e-12  -64.86064  -64.94858 345.903058      88.57 2.1809e+02    856.222      20550  1029.4859  1029.4846    34.6747    34.6730    7.73734         34 0.0000e+00
    369.000    365.060     1.4349  30.195231     1.4347  30.193849     4.1286     4.1835    -0.0086    91.7557 1.0000e-12  -64.86064  -64.94858 345.903079      87.45 2.1682e+02    858.070      20595  1029.4906  1029.4894    34.6747    34.6732    7.73732         40 0.0000e+00
    370.000    366.049     1.4349  30.195523     1.4347  30.194288     4.1386     4.1839    -0.0150    91.7732 1.0000e-12  -64.86064  -64.94858 345.903099      86.74 2.1683e+02    859.749      20635  1029.4951  1029.4942    34.6745    34.6732    7.73733         32 0.0000e+00
    371.000    367.037     1.4348  30.195796     1.4342  30.194293     4.1344     4.1834    -0.0105    91.7631 1.0000e-12  -64.86064  -64.94858 345.903111      86.14 2.1683e+02    860.809      20660  1029.4998  1029.4988    34.6744    34.6732    7.73736         20 0.0000e+00
    372.000    368.025     1.4349  30.196381     1.4344  30.194944     4.1323     4.1788    -0.0080    91.7652 1.0000e-12  -64.86064  -64.94858 345.903120      85.25 2.1683e+02    861.600      20679  1029.5045  1029.5036    34.6745    34.6732    7.73734         19 0.0000e+00
    373.000    369.013     1.4348  30.196641     1.4344  30.195289     4.1342     4.1766    -0.0150    91.7586 1.0000e-12  -64.86064  -64.94858 345.903129      84.13 2.1683e+02    862.349      20697  1029.5091  1029.5082    34.6744    34.6731    7.73737         18 0.0000e+00
    374.000    370.003     1.4350  30.197375     1.4344  30.195881     4.1309     4.1816    -0.0150    91.7745 1.0000e-12  -64.86064  -64.94858 345.903138      83.07 2.1683e+02    863.120      20716  1029.5139  1029.5129    34.6745    34.6732    7.73732         19 0.0000e+00
    375.000    370.992     1.4365  30.199332     1.4358  30.197725     4.1363     4.1840    -0.0110    91.7626 1.0000e-12  -64.86064  -64.94858 345.903149      82.08 2.1683e+02    864.065      20739  1029.5187  1029.5177    34.6748    34.6735    7.73702         28 0.0000e+00
    376.000    371.979     1.4373  30.201000     1.4369  30.199448     4.1311     4.1821    -0.0108    91.7541 1.0000e-12  -64.86064  -64.94858 345.903175      80.66 2.1683e+02    866.338      20793  1029.5238  1029.5226    34.6754    34.6739    7.73682         42 0.0000e+00
    377.000    372.968     1.4389  30.203276     1.4383  30.201641     4.1310     4.1774    -0.0147    91.7337 1.0000e-12  -64.86064  -64.94858 345.903202      79.73 2.1683e+02    868.666      20849  1029.5288  1029.5277    34.6760    34.6745    7.73648         30 0.0000e+00
    378.000    373.955     1.4394  30.204417     1.4390  30.202985     4.1254     4.1740     0.0007    91.7344 1.0000e-12  -64.86064  -64.94857 345.903216      78.65 2.1683e+02    869.867      20878  1029.5337  1029.5326    34.6763    34.6749    7.73636         23 0.0000e+00
    379.000    374.946     1.4397  30.205173     1.4391  30.203460     4.1244     4.1769     0.0004    91.7545 1.0000e-12  -64.86064  -64.94856 345.903226      78.03 2.1683e+02    870.697      20898  1029.5384  1029.5372    34.6763    34.6749    7.73629         18 0.0000e+00
    380.000    375.933     1.4408  30.206769     1.4402  30.205196     4.1328     4.1774    -0.0008    91.7389 1.0000e-12  -64.86064  -64.94856 345.903234      76.76 2.1683e+02    871.421      20915  1029.5432  1029.5422    34.6766    34.6753    7.73607         17 0.0000e+00
    381.000    376.921     1.4415  30.208065     1.4411  30.206773     4.1333     4.1731    -0.0147    91.7385 1.0000e-12  -64.86064  -64.94856 345.903243      76.07 2.1683e+02    872.154      20933  1029.5481  1029.5471    34.6770    34.6757    7.73592         18 0.0000e+00
    382.000    377.911     1.4419  30.209141     1.4416  30.207758     4.1294     4.1699    -0.0085    91.7587 1.0000e-12  -64.86064  -64.94856 345.903252      74.92 2.1683e+02    872.959      20952  1029.5529  1029.5519    34.6772    34.6758    7.73581         22 0.0000e+00
    383.000    378.899     1.4431  30.210966     1.4426  30.209485     4.1231     4.1719    -0.0009    91.7480 1.0000e-12  -64.86064  -64.94856 345.903264      73.86 2.1683e+02    874.013      20977  1029.5579  1029.5569    34.6777    34.6763    7.73556         29 0.0000e+00
    384.000    379.887     1.4439  30.212351     1.4435  30.210973     4.1180     4.1720    -0.0091    91.7390 1.0000e-12  -64.86064  -64.94857 345.903281      72.48 2.1683e+02    875.453      21012  1029.5627  1029.5617    34.6779    34.6766    7.73538         38 0.0000e+00
    385.000    380.875     1.4448  30.213869     1.4446  30.212464     4.1163     4.1680    -0.0048    91.7388 1.0000e-12  -64.86064  -64.94858 345.903309      71.54 2.1683e+02    877.877      21070  1029.5676  1029.5665    34.6783    34.6768    7.73519         29 0.0000e+00
    386.000    381.864     1.4457  30.215176     1.4451  30.213738     4.1154     4.1607    -0.0079    91.7229 1.0000e-12  -64.86064  -64.94858 345.903333      70.75 2.1683e+02    879.984      21121  1029.5724  1029.5715    34.6785    34.6773    7.73501         33 0.0000e+00
    387.000    382.852     1.4462  30.216347     1.4457  30.214864     4.1215     4.1636    -0.0077    91.7325 1.0000e-12  -64.86064  -64.94858 345.903345      69.80 2.1683e+02    881.055      21146  1029.5773  1029.5763    34.6788    34.6775    7.73489         22 0.0000e+00
    388.000    383.839     1.4468  30.217384     1.4462  30.216017     4.1313     4.1604    -0.0077    91.7191 1.0000e-12  -64.86064  -64.94857 345.903355      69.01 2.1748e+02    881.872      21166  1029.5820  1029.5812    34.6789    34.6778    7.73477         19 0.0000e+00
    389.000    384.829     1.4470  30.218108     1.4465  30.216613     4.1277     4.1630    -0.0077    91.7003 1.0000e-12  -64.86064  -64.94855 345.903364      68.08 2.1848e+02    882.629      21184  1029.5868  1029.5857    34.6790    34.6776    7.73472         18 0.0000e+00
    390.000    385.817     1.4470  30.218558     1.4465  30.217202     4.1232     4.1680    -0.0085    91.7011 1.0000e-12  -64.86064  -64.94854 345.903373      66.98 2.1843e+02    883.443      21204  1029.5915  1029.5905    34.6790    34.6778    7.73473         21 0.0000e+00
    391.000    386.806     1.4469  30.219020     1.4466  30.217605     4.1198     4.1675    -0.0143    91.7042 1.0000e-12  -64.86064  -64.94854 345.903384      65.82 2.1743e+02    884.384      21226  1029.5962  1029.5952    34.6791    34.6777    7.73473         24 0.0000e+00
    392.000    387.793     1.4471  30.219687     1.4468  30.218349     4.1243     4.1673    -0.0145    91.7042 1.0000e-12  -64.86064  -64.94854 345.903396      64.78 2.1683e+02    885.451      21252  1029.6010  1029.6000    34.6792    34.6779    7.73469         27 0.0000e+00
    393.000    388.782     1.4475  30.220428     1.4470  30.218969     4.1171     4.1686    -0.0162    91.7042 1.0000e-12  -64.86064  -64.94855 345.903410      63.79 2.1683e+02    886.643      21280  1029.6056  1029.6046    34.6791    34.6778    7.73462         31 0.0000e+00
    394.000    389.770     1.4475  30.220886     1.4471  30.219452     4.1187     4.1700    -0.0158    91.7042 1.0000e-12  -64.86064  -64.94857 345.903430      62.66 2.1683e+02    888.343      21321  1029.6104  1029.6092    34.6792    34.6778    7.73462         46 0.0000e+00
    395.000    390.757     1.4478  30.221638     1.4474  30.220185     4.1104     4.1661    -0.0039    91.7029 1.0000e-12  -64.86064  -64.94858 345.903461      61.24 2.1683e+02    891.061      21386  1029.6150  1029.6139    34.6792    34.6778    7.73456         42 0.0000e+00
    396.000    391.747     1.4483  30.222612     1.4478  30.221163     4.1123     4.1648    -0.0022    91.6855 1.0000e-12  -64.86064  -64.94857 345.903479      60.82 2.1683e+02    892.551      21422  1029.6197  1029.6187    34.6793    34.6780    7.73445         27 0.0000e+00
    397.000    392.733     1.4484  30.223366     1.4480  30.221933     4.1132     4.1656    -0.0067    91.6676 1.0000e-12  -64.86064  -64.94856 345.903490      59.27 2.1683e+02    893.504      21445  1029.6246  1029.6236    34.6795    34.6781    7.73441         20 0.0000e+00
    398.000    393.724     1.4489  30.224157     1.4483  30.222763     4.1114     4.1642    -0.0051    91.6389 1.0000e-12  -64.86064  -64.94854 345.903498      58.85 2.1683e+02    894.253      21463  1029.6292  1029.6283    34.6795    34.6783    7.73433         17 0.0000e+00
    399.000    394.711     1.4495  30.225209     1.4490  30.223855     4.1121     4.1647    -0.0137    91.7023 1.0000e-12  -64.86064  -64.94854 345.903506      57.92 2.1683e+02    894.955      21480  1029.6339  1029.6330    34.6796    34.6784    7.73421         17 0.0000e+00
    400.000    395.701     1.4495  30.225826     1.4490  30.224340     4.1170     4.1662    -0.0142    91.6804 1.0000e-12  -64.86063  -64.94854 345.903515      56.82 2.1683e+02    895.689      21498  1029.6388  1029.6378    34.6798    34.6785    7.73420         19 0.0000e+00
    401.000    396.690     1.4496  30.226435     1.4492  30.225038     4.1140     4.1612    -0.0142    91.6869 1.0000e-12  -64.86062  -64.94854 345.903526      55.73 2.1683e+02    896.680      21521  1029.6435  1029.6424    34.6798    34.6785    7.73416         29 0.0000e+00
    402.000    397.676     1.4497  30.227009     1.4494  30.225647     4.1105     4.1615    -0.0131    91.6711 1.0000e-12  -64.86064  -64.94856 345.903545      54.56 2.1533e+02    898.310      21560  1029.6482  1029.6471    34.6799    34.6785    7.73414         42 0.0000e+00
    403.000    398.664     1.4514  30.229309     1.4511  30.227952     4.1163     4.1565    -0.0035    91.6785 1.0000e-12  -64.86064  -64.94857 345.903564      53.75 2.1462e+02    899.956      21600  1029.6531  1029.6520    34.6803    34.6790    7.73378         34 0.0000e+00
    404.000    399.654     1.4531  30.231688     1.4528  30.230310     4.1095     4.1533    -0.0099    91.6535 1.0000e-12  -64.86064  -64.94858 345.903580      52.48 2.1331e+02    901.270      21631  1029.6580  1029.6569    34.6809    34.6795    7.73342         30 0.0000e+00
    405.000    400.641     1.4544  30.233793     1.4540  30.232367     4.1086     4.1548    -0.0055    91.6700 1.0000e-12  -64.86064  -64.94858 345.903595      51.58 2.1331e+02    902.598      21663  1029.6632  1029.6621    34.6816    34.6802    7.73313         35 0.0000e+00
    406.000    401.630     1.4546  30.234484     1.4543  30.233042     4.1042     4.1561    -0.0157    91.6727 1.0000e-12  -64.86064  -64.94858 345.903613      50.50 2.1331e+02    904.145      21700  1029.6679  1029.6668    34.6817    34.6802    7.73308         36 0.0000e+00
    407.000    402.617     1.4549  30.235134     1.4545  30.233706     4.1080     4.1547    -0.0087    91.6706 1.0000e-12  -64.86064  -64.94857 345.903631      49.46 2.1331e+02    905.718      21738  1029.6726  1029.6715    34.6817    34.6802    7.73304         33 0.0000e+00
    408.000    403.606     1.4552  30.235965     1.4548  30.234493     4.1083     4.1566    -0.0022    91.6604 1.0000e-12  -64.86064  -64.94856 345.903645      48.58 2.1331e+02    906.963      21768  1029.6773  1029.6762    34.6818    34.6804    7.73296         26 0.0000e+00
    409.000    404.595     1.4555  30.236766     1.4551  30.235302     4.1032     4.1550    -0.0055    91.6643 1.0000e-12  -64.86063  -64.94856 345.903656      47.73 2.1331e+02    907.898      21791  1029.6821  1029.6811    34.6819    34.6805    7.73290         20 0.0000e+00
