NBP2113_155081_ctd/data/dnbp2113_063.cnv
* Sea-Bird SBE 9 Data File:
* FileName = D:\Data\raw\NBP2113_063.hex
* Software Version Seasave V 7.26.7.121
* Temperature SN = 2438
* Conductivity SN = 2067
* Number of Bytes Per Scan = 40
* Number of Voltage Words = 5
* Number of Scans Averaged by the Deck Unit = 1
* NMEA Latitude = 64 46.92 S
* NMEA Longitude = 063 01.99 W
* NMEA UTC (Time) = Dec 14 2021  04:14:20
* NMEA baud rate = 9600
** Ship: RVIB N.B. Palmer
** Cruise: NBP2113 LTER
** Station: 655.002
** Operator: B. Urmston
# nquan = 25
# nvalues = 220                         
# units = specified
# name 0 = prDM: Pressure, Digiquartz [db]
# name 1 = depSM: Depth [salt water, m]
# name 2 = t090C: Temperature [ITS-90, deg C]
# name 3 = c0mS/cm: Conductivity [mS/cm]
# name 4 = t190C: Temperature, 2 [ITS-90, deg C]
# name 5 = c1mS/cm: Conductivity, 2 [mS/cm]
# name 6 = sbeox0ML/L: Oxygen, SBE 43 [ml/l]
# name 7 = sbeox1ML/L: Oxygen, SBE 43, 2 [ml/l]
# name 8 = flECO-AFL: Fluorescence, WET Labs ECO-AFL/FL [mg/m^3]
# name 9 = CStarTr0: Beam Transmission, WET Labs C-Star [%]
# name 10 = par: PAR/Irradiance, Biospherical/Licor
# name 11 = latitude: Latitude [deg]
# name 12 = longitude: Longitude [deg]
# name 13 = timeJ: Julian Days
# name 14 = altM: Altimeter [m]
# name 15 = spar: SPAR, Biospherical/Licor
# name 16 = timeS: Time, Elapsed [seconds]
# name 17 = scan: Scan Count
# name 18 = density00: Density [density, kg/m^3]
# name 19 = density11: Density, 2 [density, kg/m^3]
# name 20 = sal00: Salinity, Practical [PSU]
# name 21 = sal11: Salinity, Practical, 2 [PSU]
# name 22 = oxsolML/L: Oxygen Saturation, Garcia & Gordon [ml/l]
# name 23 = nbin: number of scans per bin
# name 24 = flag: flag
# span 0 =      3.000,    222.000       
# span 1 =      2.964,    219.695       
# span 2 =    -0.3258,     0.5582       
# span 3 =  28.469366,  29.174599       
# span 4 =    -0.3256,     0.5582       
# span 5 =  28.468112,  29.173267       
# span 6 =     5.2031,     6.9007       
# span 7 =     5.2963,     6.9439       
# span 8 =    -0.0202,     1.7173       
# span 9 =    83.5232,    90.0909       
# span 10 = 1.0000e-12, 9.6206e-01      
# span 11 =  -64.78200,  -64.78197      
# span 12 =  -63.03356,  -63.03342      
# span 13 = 348.180086, 348.185957      
# span 14 =       9.10,      99.97      
# span 15 = 0.0000e+00, 0.0000e+00      
# span 16 =    299.433,    806.738      
# span 17 =       7187,      19363      
# span 18 =  1027.3640,  1028.7651      
# span 19 =  1027.3620,  1028.7642      
# span 20 =    34.0726,    34.4934      
# span 21 =    34.0703,    34.4927      
# span 22 =    7.92319,    8.10788      
# span 23 =          9,         51      
# span 24 = 0.0000e+00, 0.0000e+00      
# interval = decibars: 1                
# start_time = Dec 14 2021 04:14:20 [NMEA time, header]
# bad_flag = -9.990e-29
*END*
[from data line 116]
    119.000    117.801     0.4332  29.076894     0.4350  29.077489     5.3411     5.3960     0.0436    90.0597 1.0000e-12  -64.78200  -63.03348 348.183009      99.97 0.0000e+00    552.017      13249  1028.2374  1028.2362    34.4907    34.4893    7.94877         28 0.0000e+00
    120.000    118.792     0.4156  29.061810     0.4169  29.061698     5.3669     5.4114     0.0436    90.0473 1.0000e-12  -64.78200  -63.03348 348.183023      99.97 0.0000e+00    553.207      13278  1028.2430  1028.2415    34.4900    34.4883    7.95243         29 0.0000e+00
    121.000    119.779     0.3939  29.043623     0.3948  29.043623     5.3965     5.4241     0.0293    90.0123 1.0000e-12  -64.78200  -63.03348 348.183037      75.12 0.0000e+00    554.388      13306  1028.2492  1028.2483    34.4898    34.4888    7.95691         28 0.0000e+00
    122.000    120.771     0.3716  29.022908     0.3737  29.023662     5.3829     5.4285     0.0428    90.0065 1.0000e-12  -64.78200  -63.03348 348.183051      84.40 0.0000e+00    555.566      13335  1028.2534  1028.2521    34.4870    34.4856    7.96167         28 0.0000e+00
    123.000    121.760     0.3674  29.019945     0.3672  29.018609     5.3866     5.4317     0.0350    90.0427 1.0000e-12  -64.78200  -63.03348 348.183064      99.89 0.0000e+00    556.744      13363  1028.2583  1028.2571    34.4872    34.4857    7.96252         29 0.0000e+00
    124.000    122.750     0.3650  29.019018     0.3652  29.018005     5.3853     5.4310     0.0269    90.0324 1.0000e-12  -64.78200  -63.03348 348.183078      99.97 0.0000e+00    557.919      13391  1028.2636  1028.2624    34.4880    34.4865    7.96296         28 0.0000e+00
    125.000    123.739     0.3582  29.013747     0.3584  29.012862     5.3978     5.4387     0.0232    90.0204 1.0000e-12  -64.78200  -63.03348 348.183091      99.97 0.0000e+00    559.094      13419  1028.2688  1028.2677    34.4881    34.4867    7.96436         28 0.0000e+00
    126.000    124.729     0.3538  29.010467     0.3526  29.008322     5.4127     5.4416     0.0313    89.9871 1.0000e-12  -64.78200  -63.03348 348.183105      99.97 0.0000e+00    560.273      13448  1028.2737  1028.2727    34.4881    34.4867    7.96527         28 0.0000e+00
    127.000    125.718     0.3392  28.998739     0.3405  28.998609     5.4064     5.4533     0.0327    90.0098 1.0000e-12  -64.78200  -63.03348 348.183119      99.97 0.0000e+00    561.447      13476  1028.2798  1028.2784    34.4885    34.4869    7.96826         29 0.0000e+00
    128.000    126.709     0.3336  28.993427     0.3359  28.994629     5.4094     5.4633     0.0285    90.0147 1.0000e-12  -64.78200  -63.03348 348.183132      99.97 0.0000e+00    562.612      13504  1028.2837  1028.2828    34.4872    34.4862    7.96950         28 0.0000e+00
    129.000    127.697     0.3316  28.993183     0.3309  28.991516     5.4324     5.4724     0.0286    89.9743 1.0000e-12  -64.78200  -63.03348 348.183146      60.03 0.0000e+00    563.788      13532  1028.2895  1028.2884    34.4885    34.4871    7.96983         28 0.0000e+00
    130.000    128.687     0.3119  28.976874     0.3106  28.974602     5.4291     5.4770     0.0336    89.9523 1.0000e-12  -64.78200  -63.03348 348.183159      99.95 0.0000e+00    564.979      13560  1028.2957  1028.2947    34.4885    34.4870    7.97390         28 0.0000e+00
    131.000    129.676     0.2971  28.964614     0.2983  28.964638     5.4792     5.5091     0.0307    89.9289 1.0000e-12  -64.78200  -63.03348 348.183173      99.97 0.0000e+00    566.164      13589  1028.3015  1028.3002    34.4884    34.4871    7.97697         28 0.0000e+00
    132.000    130.667     0.2699  28.945697     0.2810  28.952499     5.5395     5.5382     0.0345    89.9704 1.0000e-12  -64.78200  -63.03350 348.183187      99.97 0.0000e+00    567.345      13617  1028.3121  1028.3087    34.4934    34.4899    7.98233         29 0.0000e+00
    133.000    131.656     0.1993  28.883388     0.2097  28.891269     5.5246     5.5435     0.0297    89.9670 1.0000e-12  -64.78200  -63.03349 348.183200      99.91 0.0000e+00    568.519      13645  1028.3202  1028.3180    34.4900    34.4887    7.99718         28 0.0000e+00
    134.000    132.646     0.1901  28.873259     0.1930  28.876315     5.5190     5.5540     0.0211    89.9265 1.0000e-12  -64.78200  -63.03350 348.183214      99.38 0.0000e+00    569.687      13673  1028.3220  1028.3223    34.4864    34.4871    7.99930         28 0.0000e+00
    135.000    133.634     0.2023  28.886525     0.2039  28.886137     5.5293     5.5713     0.0287    89.9664 1.0000e-12  -64.78200  -63.03350 348.183228      98.26 0.0000e+00    570.863      13702  1028.3276  1028.3259    34.4896    34.4872    7.99658         28 0.0000e+00
    136.000    134.625     0.1658  28.854704     0.1693  28.857115     5.5232     5.5696     0.0274    89.9656 1.0000e-12  -64.78200  -63.03350 348.183241      97.46 0.0000e+00    572.047      13730  1028.3339  1028.3331    34.4880    34.4872    8.00426         29 0.0000e+00
    137.000    135.613     0.1645  28.854566     0.1620  28.851662     5.5389     5.5814     0.0198    89.9706 1.0000e-12  -64.78200  -63.03350 348.183255      96.28 0.0000e+00    573.220      13758  1028.3388  1028.3383    34.4887    34.4876    8.00450         28 0.0000e+00
    138.000    136.604     0.1560  28.847734     0.1561  28.846545     5.5581     5.5934     0.0226    89.9643 1.0000e-12  -64.78200  -63.03350 348.183268      95.23 0.0000e+00    574.385      13786  1028.3438  1028.3425    34.4886    34.4869    8.00627         28 0.0000e+00
    139.000    137.594     0.1327  28.828588     0.1339  28.828695     5.5563     5.5971     0.0229    89.9578 1.0000e-12  -64.78200  -63.03350 348.183282      94.31 0.0000e+00    575.555      13814  1028.3505  1028.3494    34.4889    34.4876    8.01111         28 0.0000e+00
    140.000    138.582     0.1281  28.824594     0.1281  28.823373     5.5571     5.5986     0.0158    89.9781 1.0000e-12  -64.78200  -63.03350 348.183296      93.23 0.0000e+00    576.736      13843  1028.3546  1028.3533    34.4882    34.4866    8.01211         28 0.0000e+00
    141.000    139.572     0.1266  28.823890     0.1268  28.822951     5.5533     5.6019     0.0233    89.9771 1.0000e-12  -64.78200  -63.03350 348.183309      92.21 0.0000e+00    577.913      13871  1028.3592  1028.3581    34.4883    34.4869    8.01241         28 0.0000e+00
    142.000    140.561     0.1260  28.823653     0.1255  28.821987     5.5577     5.6032     0.0201    89.9709 1.0000e-12  -64.78200  -63.03350 348.183323      91.33 0.0000e+00    579.092      13899  1028.3636  1028.3623    34.4881    34.4865    8.01256         29 0.0000e+00
    143.000    141.552     0.1253  28.823648     0.1246  28.821865     5.5454     5.5988     0.0128    89.9578 1.0000e-12  -64.78200  -63.03350 348.183336      90.34 0.0000e+00    580.264      13927  1028.3682  1028.3670    34.4883    34.4867    8.01269         28 0.0000e+00
    144.000    142.541     0.1264  28.825073     0.1259  28.823513     5.5445     5.6031     0.0138    89.9845 1.0000e-12  -64.78200  -63.03350 348.183350      89.20 0.0000e+00    581.439      13956  1028.3727  1028.3715    34.4883    34.4868    8.01246         28 0.0000e+00
    145.000    143.531     0.1250  28.824706     0.1245  28.823035     5.5587     5.6135     0.0181    89.9780 1.0000e-12  -64.78200  -63.03350 348.183364      88.06 0.0000e+00    582.624      13984  1028.3777  1028.3765    34.4888    34.4872    8.01272         29 0.0000e+00
    146.000    144.519     0.1137  28.816296     0.1111  28.813059     5.5599     5.6168     0.0324    89.9595 1.0000e-12  -64.78200  -63.03350 348.183378      87.22 0.0000e+00    583.821      14013  1028.3840  1028.3832    34.4898    34.4885    8.01502         28 0.0000e+00
    147.000    145.509     0.1032  28.807349     0.1047  28.807419     5.5535     5.6131     0.0214    89.9695 1.0000e-12  -64.78200  -63.03350 348.183391      86.15 0.0000e+00    585.019      14041  1028.3890  1028.3876    34.4891    34.4876    8.01725         30 0.0000e+00
    148.000    146.500     0.1054  28.808743     0.1057  28.808038     5.5497     5.6146     0.0132    89.9541 1.0000e-12  -64.78200  -63.03350 348.183405      85.18 0.0000e+00    586.228      14070  1028.3923  1028.3912    34.4879    34.4866    8.01686         28 0.0000e+00
    149.000    147.488     0.1070  28.810997     0.1077  28.810460     5.5646     5.6123     0.0163    89.9541 1.0000e-12  -64.78200  -63.03350 348.183419      84.04 0.0000e+00    587.427      14099  1028.3973  1028.3961    34.4885    34.4870    8.01650         29 0.0000e+00
    150.000    148.478     0.1016  28.807447     0.1000  28.805310     5.5599     5.6176     0.0250    89.9560 1.0000e-12  -64.78200  -63.03351 348.183433      83.03 0.0000e+00    588.608      14128  1028.4030  1028.4022    34.4892    34.4882    8.01757         28 0.0000e+00
    151.000    149.467     0.0958  28.802695     0.0965  28.802071     5.5719     5.6218     0.0128    89.9344 1.0000e-12  -64.78200  -63.03351 348.183447      82.70 0.0000e+00    589.789      14156  1028.4077  1028.4065    34.4889    34.4873    8.01881         28 0.0000e+00
    152.000    150.457     0.0941  28.801755     0.0931  28.799849     5.5747     5.6214     0.0135    89.9533 1.0000e-12  -64.78200  -63.03351 348.183460      81.20 0.0000e+00    590.964      14184  1028.4127  1028.4115    34.4890    34.4876    8.01917         29 0.0000e+00
    153.000    151.448     0.0866  28.795004     0.0876  28.794797     5.5766     5.6245     0.0132    89.9294 1.0000e-12  -64.78200  -63.03352 348.183474      80.03 0.0000e+00    592.120      14212  1028.4169  1028.4158    34.4878    34.4865    8.02079         27 0.0000e+00
    154.000    152.435     0.0844  28.794308     0.0865  28.795055     5.5781     5.6233     0.0166    89.9320 1.0000e-12  -64.78200  -63.03352 348.183487      79.11 0.0000e+00    593.271      14239  1028.4225  1028.4213    34.4888    34.4875    8.02119         28 0.0000e+00
    155.000    153.426     0.0840  28.794501     0.0817  28.791103     5.5837     5.6321     0.0159    89.9503 1.0000e-12  -64.78198  -63.03352 348.183500      78.09 0.0000e+00    594.431      14267  1028.4273  1028.4259    34.4889    34.4871    8.02128         28 0.0000e+00
    156.000    154.415     0.0808  28.792125     0.0810  28.791178     5.5897     5.6487     0.0172    89.9338 1.0000e-12  -64.78198  -63.03352 348.183514      77.88 0.0000e+00    595.607      14296  1028.4321  1028.4308    34.4887    34.4873    8.02195         28 0.0000e+00
    157.000    155.404     0.0769  28.789095     0.0779  28.788897     5.5705     5.6267     0.0153    89.9274 1.0000e-12  -64.78198  -63.03352 348.183528      76.81 0.0000e+00    596.797      14324  1028.4369  1028.4357    34.4885    34.4871    8.02278         29 0.0000e+00
    158.000    156.394     0.0771  28.789507     0.0782  28.789323     5.5862     5.6377     0.0250    89.9320 1.0000e-12  -64.78198  -63.03352 348.183541      75.62 0.0000e+00    597.984      14353  1028.4413  1028.4400    34.4883    34.4868    8.02276         28 0.0000e+00
    159.000    157.382     0.0943  28.804059     0.0953  28.803655     5.5978     5.6487     0.0287    89.9459 1.0000e-12  -64.78198  -63.03352 348.183555      74.38 0.0000e+00    599.151      14381  1028.4439  1028.4425    34.4876    34.4859    8.01920         28 0.0000e+00
    160.000    158.373     0.0708  28.786739     0.0708  28.786489     5.5712     5.6404     0.0203    89.9560 1.0000e-12  -64.78198  -63.03352 348.183568      73.23 0.0000e+00    600.316      14409  1028.4531  1028.4526    34.4905    34.4901    8.02396         28 0.0000e+00
    161.000    159.361     0.0520  28.768892     0.0556  28.770445     5.6117     5.6731     0.0126    89.9567 1.0000e-12  -64.78198  -63.03352 348.183582      72.77 0.0000e+00    601.493      14437  1028.4567  1028.4549    34.4874    34.4854    8.02806         29 0.0000e+00
    162.000    160.353     0.0545  28.776011     0.0407  28.763709     5.6613     5.6866     0.0033    89.9004 1.0000e-12  -64.78198  -63.03352 348.183596      71.65 0.0000e+00    602.677      14465  1028.4660  1028.4666    34.4934    34.4927    8.02719         28 0.0000e+00
    163.000    161.340    -0.0245  28.705931    -0.0139  28.713441     5.6415     5.6823     0.0150    89.9406 1.0000e-12  -64.78198  -63.03352 348.183610      70.64 0.0000e+00    603.871      14494  1028.4735  1028.4711    34.4889    34.4870    8.04401         29 0.0000e+00
    164.000    162.332    -0.0083  28.716032     0.0081  28.728857     5.5959     5.6570     0.0145    89.9548 1.0000e-12  -64.78198  -63.03352 348.183623      69.73 0.0000e+00    605.067      14523  1028.4721  1028.4697    34.4834    34.4819    8.04091         29 0.0000e+00
    165.000    163.319     0.0405  28.759862     0.0328  28.753393     5.5931     5.6609    -0.0001    89.9340 1.0000e-12  -64.78198  -63.03352 348.183637      68.58 0.0000e+00    606.264      14551  1028.4747  1028.4752    34.4860    34.4861    8.03055         28 0.0000e+00
    166.000    164.309     0.0494  28.770209     0.0502  28.769201     5.6266     5.6841     0.0019    89.9407 1.0000e-12  -64.78198  -63.03354 348.183651      67.69 0.0000e+00    607.454      14580  1028.4811  1028.4791    34.4890    34.4867    8.02851         29 0.0000e+00
    167.000    165.299     0.0087  28.737822     0.0146  28.742278     5.6238     5.6936     0.0119    89.9348 1.0000e-12  -64.78198  -63.03353 348.183665      66.66 0.0000e+00    608.647      14609  1028.4908  1028.4900    34.4913    34.4906    8.03690         28 0.0000e+00
    168.000    166.288    -0.0036  28.725358    -0.0106  28.717524     5.6743     5.7044     0.0130    89.9097 1.0000e-12  -64.78198  -63.03353 348.183679      65.63 0.0000e+00    609.831      14637  1028.4940  1028.4927    34.4881    34.4856    8.03967         29 0.0000e+00
    169.000    167.277    -0.0206  28.714067    -0.0178  28.715379     5.7181     5.7366     0.0056    89.9017 1.0000e-12  -64.78198  -63.03353 348.183692      64.59 0.0000e+00    610.994      14665  1028.5028  1028.5014    34.4917    34.4903    8.04303         27 0.0000e+00
    170.000    168.267    -0.1024  28.644508    -0.0596  28.679010     5.7527     5.7567     0.0022    89.8943 1.0000e-12  -64.78198  -63.03352 348.183705      63.64 0.0000e+00    612.148      14693  1028.5136  1028.5081    34.4909    34.4885    8.06028         28 0.0000e+00
    171.000    169.256    -0.1269  28.621042    -0.1241  28.623016     5.7444     5.7670    -0.0104    89.9070 1.0000e-12  -64.78198  -63.03354 348.183719      62.61 0.0000e+00    613.299      14720  1028.5165  1028.5160    34.4868    34.4862    8.06569         28 0.0000e+00
    172.000    170.245    -0.1322  28.617658    -0.1343  28.614688     5.7467     5.7854    -0.0083    89.9169 1.0000e-12  -64.78198  -63.03354 348.183732      61.59 0.0000e+00    614.453      14748  1028.5218  1028.5208    34.4877    34.4861    8.06676         27 0.0000e+00
    173.000    171.235    -0.1408  28.610687    -0.1431  28.608039     5.7625     5.7921    -0.0137    89.9117 1.0000e-12  -64.78198  -63.03354 348.183746      60.58 0.0000e+00    615.615      14776  1028.5266  1028.5262    34.4875    34.4866    8.06858         28 0.0000e+00
    174.000    172.223    -0.1677  28.588192    -0.1693  28.585075     5.7748     5.8056    -0.0147    89.8793 1.0000e-12  -64.78198  -63.03354 348.183759      59.44 0.0000e+00    616.782      14804  1028.5331  1028.5314    34.4873    34.4850    8.07428         28 0.0000e+00
    175.000    173.216    -0.1812  28.576589    -0.1818  28.574899     5.7824     5.8177    -0.0063    89.7978 1.0000e-12  -64.78198  -63.03354 348.183773      58.50 0.0000e+00    617.951      14832  1028.5377  1028.5366    34.4865    34.4849    8.07718         28 0.0000e+00
