NBP2113_155081_ctd/data/dnbp2113_053.cnv
* Sea-Bird SBE 9 Data File:
* FileName = D:\Data\raw\NBP2113_053.hex
* Software Version Seasave V 7.26.7.121
* Temperature SN = 2438
* Conductivity SN = 2067
* Number of Bytes Per Scan = 40
* Number of Voltage Words = 5
* Number of Scans Averaged by the Deck Unit = 1
* NMEA Latitude = 64 53.78 S
* NMEA Longitude = 064 39.15 W
* NMEA UTC (Time) = Dec 11 2021  18:56:20
* NMEA baud rate = 9600
** Ship: RVIB N.B. Palmer
** Cruise: NBP2113 LTER
** Station: 595.052
** Operator: S. Blackman
# nquan = 25
# nvalues = 482                         
# units = specified
# name 0 = prDM: Pressure, Digiquartz [db]
# name 1 = depSM: Depth [salt water, m]
# name 2 = t090C: Temperature [ITS-90, deg C]
# name 3 = c0mS/cm: Conductivity [mS/cm]
# name 4 = t190C: Temperature, 2 [ITS-90, deg C]
# name 5 = c1mS/cm: Conductivity, 2 [mS/cm]
# name 6 = sbeox0ML/L: Oxygen, SBE 43 [ml/l]
# name 7 = sbeox1ML/L: Oxygen, SBE 43, 2 [ml/l]
# name 8 = flECO-AFL: Fluorescence, WET Labs ECO-AFL/FL [mg/m^3]
# name 9 = CStarTr0: Beam Transmission, WET Labs C-Star [%]
# name 10 = par: PAR/Irradiance, Biospherical/Licor
# name 11 = latitude: Latitude [deg]
# name 12 = longitude: Longitude [deg]
# name 13 = timeJ: Julian Days
# name 14 = altM: Altimeter [m]
# name 15 = spar: SPAR, Biospherical/Licor
# name 16 = timeS: Time, Elapsed [seconds]
# name 17 = scan: Scan Count
# name 18 = density00: Density [density, kg/m^3]
# name 19 = density11: Density, 2 [density, kg/m^3]
# name 20 = sal00: Salinity, Practical [PSU]
# name 21 = sal11: Salinity, Practical, 2 [PSU]
# name 22 = oxsolML/L: Oxygen Saturation, Garcia & Gordon [ml/l]
# name 23 = nbin: number of scans per bin
# name 24 = flag: flag
# span 0 =      5.000,    486.000       
# span 1 =      4.951,    480.674       
# span 2 =    -0.1364,     1.4451       
# span 3 =  28.051441,  30.257408       
# span 4 =    -0.1368,     1.4445       
# span 5 =  28.049584,  30.255726       
# span 6 =     4.1180,     8.0589       
# span 7 =     4.1722,     8.0572       
# span 8 =    -0.0225,     1.8801       
# span 9 =    85.7510,    92.1333       
# span 10 = -8.602e-05, 2.9904e+02      
# span 11 =  -64.89646,  -64.89638      
# span 12 =  -64.65308,  -64.65220      
# span 13 = 345.792762, 345.802051      
# span 14 =       1.63,     103.90      
# span 15 = 8.3912e+02, 9.2235e+02      
# span 16 =    314.674,   1117.244      
# span 17 =       7553,      26815      
# span 18 =  1027.2032,  1030.0388      
# span 19 =  1027.2017,  1030.0375      
# span 20 =    33.8393,    34.6764      
# span 21 =    33.8373,    34.6751      
# span 22 =    7.73524,    8.10444      
# span 23 =         11,         53      
# span 24 = 0.0000e+00, 0.0000e+00      
# interval = decibars: 1                
# start_time = Dec 11 2021 18:56:20 [NMEA time, header]
# bad_flag = -9.990e-29
*END*
[from data line 116]
    121.000    119.780     0.3572  28.953048     0.3557  28.951370     5.5090     5.5903     0.0293    91.4569 1.8643e-01  -64.89642  -64.65262 345.796252      99.97 8.5052e+02    616.193      14790  1028.1840  1028.1837    34.4119    34.4114    7.96880         35 0.0000e+00
    122.000    120.769     0.3548  28.953279     0.3520  28.949075     5.4340     5.5300     0.0386    91.4993 1.7455e-01  -64.89642  -64.65266 345.796294      99.97 8.4823e+02    619.839      14877  1028.1920  1028.1902    34.4144    34.4120    7.96918         33 0.0000e+00
    123.000    121.759     0.3727  28.971284     0.3653  28.962571     5.3936     5.4894     0.0422    91.4705 1.6198e-01  -64.89642  -64.65264 345.796313      99.97 8.4794e+02    621.468      14916  1028.1980  1028.1960    34.4173    34.4142    7.96530         29 0.0000e+00
    124.000    122.748     0.3923  28.993998     0.3919  28.992188     5.3858     5.4682     0.0129    91.4859 1.5212e-01  -64.89642  -64.65264 345.796325      99.97 8.4795e+02    622.457      14940  1028.2071  1028.2055    34.4246    34.4227    7.96085         21 0.0000e+00
    125.000    123.738     0.3970  28.999772     0.3967  28.998184     5.3814     5.4508     0.0143    91.5080 1.4400e-01  -64.89642  -64.65264 345.796334      99.97 8.4795e+02    623.234      14959  1028.2131  1028.2116    34.4264    34.4247    7.95979         16 0.0000e+00
    126.000    124.728     0.3989  29.002104     0.3987  29.000697     5.3552     5.4407     0.0157    91.5292 1.3693e-01  -64.89642  -64.65263 345.796342      99.97 8.4840e+02    623.910      14975  1028.2181  1028.2168    34.4267    34.4250    7.95937         16 0.0000e+00
    127.000    125.718     0.4044  29.007994     0.4039  29.006386     5.3547     5.4306     0.0179    91.5640 1.3020e-01  -64.89642  -64.65262 345.796349      99.97 8.4970e+02    624.559      14990  1028.2233  1028.2220    34.4276    34.4261    7.95818         16 0.0000e+00
    128.000    126.708     0.4166  29.021296     0.4163  29.019821     5.3568     5.4257     0.0132    91.5513 1.2396e-01  -64.89642  -64.65264 345.796357      99.97 8.4971e+02    625.278      15008  1028.2298  1028.2285    34.4309    34.4293    7.95550         19 0.0000e+00
    129.000    127.697     0.4253  29.031218     0.4258  29.030123     5.3437     5.4238     0.0161    91.5784 1.1939e-01  -64.89642  -64.65265 345.796370      73.92 8.4971e+02    626.355      15034  1028.2362  1028.2346    34.4336    34.4316    7.95355         35 0.0000e+00
    130.000    128.683     0.4333  29.039833     0.4332  29.038604     5.3367     5.4131     0.0168    91.6117 1.1404e-01  -64.89642  -64.65267 345.796395      98.83 8.4852e+02    628.521      15086  1028.2422  1028.2410    34.4353    34.4339    7.95181         37 0.0000e+00
    131.000    129.676     0.4425  29.049507     0.4417  29.047788     5.3203     5.3851     0.0314    91.6385 1.0651e-01  -64.89642  -64.65268 345.796417      99.97 8.5060e+02    630.403      15131  1028.2481  1028.2470    34.4372    34.4358    7.94982         36 0.0000e+00
    132.000    130.665     0.4539  29.060826     0.4534  29.059287     5.2704     5.3485     0.0171    91.6408 9.8888e-02  -64.89642  -64.65267 345.796432      99.97 8.5149e+02    631.755      15163  1028.2532  1028.2521    34.4386    34.4372    7.94739         28 0.0000e+00
    133.000    131.655     0.4771  29.085687     0.4760  29.083256     5.2275     5.3252     0.0127    91.6529 9.2110e-02  -64.89642  -64.65266 345.796445      99.97 8.5095e+02    632.827      15189  1028.2609  1028.2594    34.4446    34.4427    7.94228         24 0.0000e+00
    134.000    132.645     0.4914  29.100619     0.4907  29.098836     5.2077     5.3093     0.0271    91.6514 8.6120e-02  -64.89642  -64.65265 345.796455      99.97 8.4971e+02    633.730      15211  1028.2671  1028.2658    34.4476    34.4461    7.93919         20 0.0000e+00
    135.000    133.633     0.5151  29.125731     0.5156  29.124659     5.2051     5.2980     0.0282    91.6527 8.0898e-02  -64.89642  -64.65264 345.796465      99.97 8.4822e+02    634.575      15231  1028.2746  1028.2730    34.4534    34.4515    7.93401         21 0.0000e+00
    136.000    134.624     0.5292  29.141671     0.5286  29.139636     5.2068     5.2888     0.0138    91.6741 7.5786e-02  -64.89642  -64.65264 345.796475      99.97 8.4664e+02    635.448      15252  1028.2820  1028.2804    34.4579    34.4559    7.93086         22 0.0000e+00
    137.000    135.612     0.5332  29.146269     0.5337  29.145398     5.2004     5.2804     0.0143    91.6544 7.0980e-02  -64.89642  -64.65266 345.796487      99.97 8.4757e+02    636.444      15276  1028.2875  1028.2860    34.4589    34.4571    7.93000         26 0.0000e+00
    138.000    136.604     0.5430  29.156912     0.5445  29.157074     5.1984     5.2733     0.0200    91.6738 6.6173e-02  -64.89642  -64.65267 345.796504      99.97 8.4928e+02    637.970      15312  1028.2936  1028.2924    34.4612    34.4597    7.92785         30 0.0000e+00
    139.000    137.593     0.5577  29.172508     0.5585  29.172106     5.1715     5.2507     0.0176    91.6937 6.1295e-02  -64.89642  -64.65269 345.796532      99.97 8.5115e+02    640.340      15369  1028.3004  1028.2992    34.4645    34.4631    7.92465         38 0.0000e+00
    140.000    138.581     0.5774  29.191884     0.5724  29.185367     5.1321     5.2138     0.0199    91.7161 5.6255e-02  -64.89642  -64.65268 345.796549      99.97 8.5018e+02    641.830      15405  1028.3060  1028.3041    34.4673    34.4644    7.92048         28 0.0000e+00
    141.000    139.571     0.5810  29.197625     0.5828  29.198871     5.1090     5.1909     0.0056    91.7222 5.1903e-02  -64.89642  -64.65268 345.796561      99.97 8.4970e+02    642.858      15430  1028.3128  1028.3124    34.4701    34.4698    7.91958         23 0.0000e+00
    142.000    140.561     0.6095  29.225161     0.6064  29.220206     5.0871     5.1669     0.0116    91.7150 4.7728e-02  -64.89642  -64.65268 345.796571      99.97 8.4971e+02    643.709      15450  1028.3183  1028.3160    34.4737    34.4707    7.91357         19 0.0000e+00
    143.000    141.551     0.6173  29.235051     0.6164  29.232780     5.0457     5.1335     0.0108    91.7312 4.4250e-02  -64.89642  -64.65268 345.796580      99.97 8.4971e+02    644.497      15469  1028.3254  1028.3238    34.4773    34.4754    7.91177         19 0.0000e+00
    144.000    142.538     0.6293  29.247855     0.6320  29.249275     4.9955     5.0975     0.0045    91.7299 4.0514e-02  -64.89642  -64.65268 345.796589      99.97 8.4971e+02    645.262      15487  1028.3312  1028.3302    34.4800    34.4789    7.90917         18 0.0000e+00
    145.000    143.529     0.6576  29.276379     0.6536  29.270649     4.9432     5.0689     0.0045    91.7299 3.7385e-02  -64.89642  -64.65266 345.796598      99.97 8.5146e+02    646.080      15507  1028.3379  1028.3355    34.4851    34.4820    7.90313         21 0.0000e+00
    146.000    144.520     0.7116  29.331300     0.7156  29.336329     4.9348     5.0535     0.0051    91.7299 3.3822e-02  -64.89642  -64.65268 345.796610      99.97 8.5147e+02    647.075      15531  1028.3466  1028.3481    34.4958    34.4978    7.89156         28 0.0000e+00
    147.000    145.509     0.7371  29.362480     0.7354  29.358168     4.9460     5.0454     0.0044    91.7299 3.1059e-02  -64.89642  -64.65269 345.796627      99.97 8.5075e+02    648.538      15566  1028.3590  1028.3562    34.5073    34.5036    7.88574         41 0.0000e+00
    148.000    146.497     0.7386  29.363688     0.7419  29.366405     4.9686     5.0472     0.0149    91.7446 2.7205e-02  -64.89643  -64.65271 345.796648      99.97 8.4838e+02    650.425      15611  1028.3640  1028.3635    34.5066    34.5065    7.88548         42 0.0000e+00
    149.000    147.487     0.7424  29.368388     0.7419  29.366695     4.9729     5.0442     0.0017    91.7513 2.2974e-02  -64.89644  -64.65272 345.796669      99.97 8.4877e+02    652.206      15654  1028.3700  1028.3687    34.5078    34.5062    7.88463         41 0.0000e+00
    150.000    148.477     0.7423  29.368540     0.7421  29.366923     4.9793     5.0362     0.0002    91.7581 1.9495e-02  -64.89644  -64.65272 345.796688      99.97 8.4974e+02    653.881      15694  1028.3750  1028.3735    34.5075    34.5057    7.88466         35 0.0000e+00
    151.000    149.466     0.7461  29.372287     0.7460  29.371336     4.9739     5.0369     0.0065    91.7591 1.6579e-02  -64.89642  -64.65270 345.796702      99.97 8.4971e+02    655.079      15723  1028.3798  1028.3788    34.5077    34.5064    7.88390         23 0.0000e+00
    152.000    150.455     0.7483  29.375268     0.7481  29.373833     4.9884     5.0382     0.0137    91.7318 1.4278e-02  -64.89642  -64.65269 345.796712      99.97 8.4971e+02    655.928      15743  1028.3851  1028.3838    34.5084    34.5068    7.88340         18 0.0000e+00
    153.000    151.445     0.7466  29.374198     0.7457  29.372033     4.9823     5.0358     0.0103    91.7545 1.1599e-02  -64.89642  -64.65268 345.796720      99.97 8.4971e+02    656.637      15760  1028.3901  1028.3887    34.5084    34.5066    7.88376         17 0.0000e+00
    154.000    152.435     0.7478  29.375554     0.7463  29.372911     4.9821     5.0373     0.0060    91.7045 9.0912e-03  -64.89642  -64.65268 345.796728      99.97 8.4971e+02    657.308      15776  1028.3947  1028.3934    34.5082    34.5064    7.88353         16 0.0000e+00
    155.000    153.424     0.7456  29.373982     0.7453  29.372435     4.9920     5.0417     0.0004    91.7456 6.8339e-03  -64.89642  -64.65268 345.796736      99.97 8.4883e+02    658.019      15793  1028.3996  1028.3982    34.5079    34.5063    7.88397         18 0.0000e+00
    156.000    154.413     0.7461  29.374631     0.7453  29.372679     4.9825     5.0375    -0.0011    91.7560 4.0396e-03  -64.89643  -64.65269 345.796747      99.97 8.4710e+02    658.929      15815  1028.4042  1028.4029    34.5077    34.5061    7.88390         28 0.0000e+00
    157.000    155.403     0.7481  29.377236     0.7469  29.374803     4.9871     5.0349     0.0018    91.7426 2.5995e-03  -64.89644  -64.65271 345.796773      99.97 8.4683e+02    661.170      15869  1028.4094  1028.4080    34.5083    34.5064    7.88346         35 0.0000e+00
    158.000    156.393     0.7473  29.376833     0.7469  29.375090     4.9723     5.0297     0.0027    91.7561 -8.602e-05  -64.89644  -64.65272 345.796797      99.97 8.4799e+02    663.256      15919  1028.4142  1028.4128    34.5080    34.5062    7.88362         26 0.0000e+00
    159.000    157.382     0.7478  29.377549     0.7475  29.376027     4.9707     5.0302     0.0066    91.7520 1.0000e-12  -64.89644  -64.65272 345.796808      99.97 8.4795e+02    664.179      15941  1028.4188  1028.4175    34.5078    34.5062    7.88354         21 0.0000e+00
    160.000    158.370     0.7509  29.381133     0.7508  29.379789     4.9701     5.0279     0.0066    91.7496 1.0000e-12  -64.89644  -64.65272 345.796818      99.97 8.4795e+02    665.101      15963  1028.4238  1028.4225    34.5084    34.5068    7.88288         25 0.0000e+00
    161.000    159.361     0.7524  29.383481     0.7531  29.382825     4.9626     5.0196     0.0033    91.7296 1.0000e-12  -64.89642  -64.65272 345.796834      99.97 8.4795e+02    666.493      15997  1028.4290  1028.4277    34.5092    34.5075    7.88253         38 0.0000e+00
    162.000    160.350     0.7606  29.392298     0.7570  29.387486     4.9638     5.0133    -0.0003    91.7282 1.0000e-12  -64.89644  -64.65272 345.796854      99.97 8.4795e+02    668.201      16038  1028.4345  1028.4331    34.5109    34.5087    7.88077         31 0.0000e+00
    163.000    161.339     0.7586  29.391133     0.7619  29.392923     4.9722     5.0219     0.0071    91.7553 1.0000e-12  -64.89644  -64.65272 345.796866      99.97 8.4795e+02    669.224      16062  1028.4396  1028.4382    34.5110    34.5097    7.88117         20 0.0000e+00
    164.000    162.329     0.7541  29.386575     0.7603  29.392028     4.9723     5.0149     0.0008    91.7034 1.0000e-12  -64.89644  -64.65272 345.796875      99.97 8.4795e+02    669.970      16080  1028.4436  1028.4431    34.5095    34.5097    7.88217         17 0.0000e+00
    165.000    163.319     0.7521  29.384461     0.7513  29.383666     4.9627     5.0168    -0.0017    91.7343 1.0000e-12  -64.89644  -64.65272 345.796882      99.97 8.4795e+02    670.636      16096  1028.4476  1028.4476    34.5084    34.5083    7.88263         16 0.0000e+00
    166.000    164.309     0.7582  29.391440     0.7567  29.388698     4.9643     5.0215    -0.0079    91.7480 1.0000e-12  -64.89644  -64.65272 345.796890      99.97 8.4795e+02    671.329      16113  1028.4532  1028.4517    34.5101    34.5082    7.88131         18 0.0000e+00
    167.000    165.297     0.7605  29.394084     0.7595  29.392104     4.9652     5.0218     0.0026    91.7544 1.0000e-12  -64.89644  -64.65272 345.796902      99.97 8.4807e+02    672.353      16137  1028.4580  1028.4568    34.5104    34.5089    7.88083         28 0.0000e+00
    168.000    166.285     0.7578  29.391620     0.7577  29.390340     4.9625     5.0073     0.0046    91.7540 1.0000e-12  -64.89644  -64.65274 345.796954      99.97 8.4914e+02    676.849      16245  1028.4625  1028.4612    34.5096    34.5081    7.88142         31 0.0000e+00
    169.000    167.278     0.7650  29.400018     0.7651  29.399238     4.9424     4.9816     0.0069    91.7453 1.0000e-12  -64.89644  -64.65274 345.796964      99.97 8.4794e+02    677.697      16266  1028.4684  1028.4674    34.5119    34.5107    7.87983         20 0.0000e+00
    170.000    168.265     0.7662  29.401342     0.7651  29.399214     4.9350     4.9810     0.0069    91.6896 1.0000e-12  -64.89644  -64.65274 345.796972      99.97 8.4795e+02    678.428      16283  1028.4728  1028.4716    34.5117    34.5101    7.87960         15 0.0000e+00
    171.000    169.258     0.7717  29.407501     0.7709  29.405843     4.9404     4.9918     0.0069    91.7288 1.0000e-12  -64.89644  -64.65272 345.796980      99.97 8.4795e+02    679.051      16298  1028.4781  1028.4772    34.5129    34.5117    7.87841         15 0.0000e+00
    172.000    170.244     0.7808  29.414816     0.7812  29.414187     4.9432     4.9912    -0.0018    91.7371 1.0000e-12  -64.89644  -64.65272 345.796986      99.97 8.4807e+02    679.632      16312  1028.4811  1028.4801    34.5117    34.5105    7.87664         14 0.0000e+00
    173.000    171.233     0.8001  29.438707     0.8036  29.439867     4.9387     4.9870    -0.0076    91.7283 1.0000e-12  -64.89644  -64.65272 345.796994      99.97 8.4957e+02    680.241      16327  1028.4912  1028.4889    34.5207    34.5183    7.87224         15 0.0000e+00
    174.000    172.223     0.7799  29.418386     0.7872  29.425112     4.9506     4.9788     0.0032    91.6993 1.0000e-12  -64.89644  -64.65272 345.797002      99.97 8.4971e+02    680.995      16345  1028.4943  1028.4942    34.5162    34.5168    7.87658         22 0.0000e+00
    175.000    173.213     0.7764  29.414770     0.7852  29.420716     4.9327     4.9718     0.0074    91.7484 1.0000e-12  -64.89644  -64.65272 345.797018      99.97 8.4918e+02    682.326      16377  1028.4984  1028.4959    34.5148    34.5128    7.87736         29 0.0000e+00
    176.000    174.201     0.8143  29.450959     0.7969  29.431602     4.8185     4.9128     0.0147    91.7563 1.0000e-12  -64.89644  -64.65278 345.797069      99.97 8.4602e+02    686.767      16483  1028.5030  1028.5001    34.5189    34.5132    7.86946         29 0.0000e+00
    177.000    175.192     0.8530  29.493914     0.8533  29.492835     4.8130     4.9026     0.0143    91.7443 1.0000e-12  -64.89644  -64.65277 345.797078      99.97 8.4618e+02    687.554      16502  1028.5138  1028.5125    34.5310    34.5293    7.86098         19 0.0000e+00
