NBP2113_155081_ctd/data/dnbp2113_003.cnv
* Sea-Bird SBE 9 Data File:
* FileName = D:\Data\raw\NBP2113_003.hex
* Software Version Seasave V 7.26.7.121
* Temperature SN = 2438
* Conductivity SN = 2067
* Number of Bytes Per Scan = 40
* Number of Voltage Words = 5
* Number of Scans Averaged by the Deck Unit = 1
* NMEA Latitude = 63 28.26 S
* NMEA Longitude = 061 47.09 W
* NMEA UTC (Time) = Nov 22 2021  19:16:03
* NMEA baud rate = 9600
** Ship: RVIB N.B. Palmer
** Cruise: NBP2113 LTER
** Station: 806.048
** Operator: S. Blackman
# nquan = 25
# nvalues = 550                         
# units = specified
# name 0 = prDM: Pressure, Digiquartz [db]
# name 1 = depSM: Depth [salt water, m]
# name 2 = t090C: Temperature [ITS-90, deg C]
# name 3 = c0mS/cm: Conductivity [mS/cm]
# name 4 = t190C: Temperature, 2 [ITS-90, deg C]
# name 5 = c1mS/cm: Conductivity, 2 [mS/cm]
# name 6 = sbeox0ML/L: Oxygen, SBE 43 [ml/l]
# name 7 = sbeox1ML/L: Oxygen, SBE 43, 2 [ml/l]
# name 8 = flECO-AFL: Fluorescence, WET Labs ECO-AFL/FL [mg/m^3]
# name 9 = CStarTr0: Beam Transmission, WET Labs C-Star [%]
# name 10 = par: PAR/Irradiance, Biospherical/Licor
# name 11 = latitude: Latitude [deg]
# name 12 = longitude: Longitude [deg]
# name 13 = timeJ: Julian Days
# name 14 = altM: Altimeter [m]
# name 15 = spar: SPAR, Biospherical/Licor
# name 16 = timeS: Time, Elapsed [seconds]
# name 17 = scan: Scan Count
# name 18 = density00: Density [density, kg/m^3]
# name 19 = density11: Density, 2 [density, kg/m^3]
# name 20 = sal00: Salinity, Practical [PSU]
# name 21 = sal11: Salinity, Practical, 2 [PSU]
# name 22 = oxsolML/L: Oxygen Saturation, Garcia & Gordon [ml/l]
# name 23 = nbin: number of scans per bin
# name 24 = flag: flag
# span 0 =      5.000,    554.000       
# span 1 =      4.951,    547.897       
# span 2 =    -0.6541,     0.0869       
# span 3 =  27.904550,  28.960806       
# span 4 =    -0.6535,     0.0869       
# span 5 =  27.903383,  28.959120       
# span 6 =     5.5418,     8.1345       
# span 7 =     5.5482,     8.0152       
# span 8 =    -0.0296,     1.6116       
# span 9 =    90.0592,    98.9360       
# span 10 = -2.096e-05, 9.3963e+02      
# span 11 =  -63.47120,  -63.47104      
# span 12 =  -61.78570,  -61.78515      
# span 13 = 326.806521, 326.816736      
# span 14 =       8.03,     101.78      
# span 15 = 1.8373e+03, 1.8656e+03      
# span 16 =    320.412,   1203.027      
# span 17 =       7691,      28874      
# span 18 =  1027.3281,  1030.3680      
# span 19 =  1027.3253,  1030.3667      
# span 20 =    33.9845,    34.5516      
# span 21 =    33.9811,    34.5508      
# span 22 =    8.01901,    8.19055      
# span 23 =         11,         61      
# span 24 = 0.0000e+00, 0.0000e+00      
# interval = decibars: 1                
# start_time = Nov 22 2021 19:16:03 [NMEA time, header]
# bad_flag = -9.990e-29
*END*
[from data line 232]
    237.000    234.569     0.0483  28.821345     0.0600  28.828879     5.6251     5.5966     0.0077    98.6063 1.0000e-12  -63.47114  -61.78530 326.811781      99.98 1.8517e+03    774.853      18597  1028.8364  1028.8329    34.5151    34.5119    8.02728         40 0.0000e+00
    238.000    235.557     0.0543  28.826231     0.0548  28.825084     5.6216     5.5806    -0.0031    98.6197 1.0000e-12  -63.47114  -61.78530 326.811799      99.98 1.8510e+03    776.455      18636  1028.8404  1028.8388    34.5141    34.5121    8.02606         37 0.0000e+00
    239.000    236.547     0.0694  28.840389     0.0724  28.839526     5.6160     5.5804    -0.0137    98.6430 1.0000e-12  -63.47114  -61.78530 326.811819      99.98 1.8511e+03    778.155      18677  1028.8452  1028.8414    34.5153    34.5108    8.02285         40 0.0000e+00
    240.000    237.538     0.0678  28.840572     0.0612  28.832957     5.6171     5.5801    -0.0046    98.6630 1.0000e-12  -63.47115  -61.78530 326.811845      99.98 1.8542e+03    780.423      18731  1028.8519  1028.8503    34.5168    34.5140    8.02311         38 0.0000e+00
    241.000    238.524     0.0558  28.831784     0.0667  28.838746     5.6025     5.5666     0.0016    98.6358 1.0000e-12  -63.47116  -61.78530 326.811862      99.97 1.8547e+03    781.880      18766  1028.8590  1028.8556    34.5180    34.5149    8.02554         23 0.0000e+00
    242.000    239.512     0.0844  28.856386     0.0825  28.852836     5.6082     5.5645    -0.0004    98.6321 1.0000e-12  -63.47116  -61.78530 326.811871      99.98 1.8528e+03    782.676      18785  1028.8612  1028.8592    34.5178    34.5152    8.01957         19 0.0000e+00
    243.000    240.503     0.0869  28.859507     0.0869  28.858135     5.6170     5.5788    -0.0150    98.6775 1.0000e-12  -63.47116  -61.78530 326.811879      99.98 1.8528e+03    783.395      18802  1028.8664  1028.8649    34.5185    34.5166    8.01901         16 0.0000e+00
    244.000    241.492     0.0833  28.856473     0.0833  28.854860     5.6426     5.5982    -0.0092    98.6563 1.0000e-12  -63.47116  -61.78530 326.811888      99.98 1.8520e+03    784.115      18820  1028.8711  1028.8694    34.5179    34.5158    8.01980         18 0.0000e+00
    245.000    242.482     0.0752  28.850312     0.0724  28.846051     5.6712     5.6051    -0.0083    98.6688 1.0000e-12  -63.47116  -61.78530 326.811898      99.98 1.8528e+03    784.950      18840  1028.8770  1028.8752    34.5183    34.5158    8.02147         23 0.0000e+00
    246.000    243.470     0.0356  28.816035     0.0322  28.811280     5.6878     5.6075    -0.0079    98.6585 1.0000e-12  -63.47116  -61.78530 326.811911      99.98 1.8554e+03    786.073      18867  1028.8841  1028.8825    34.5169    34.5145    8.02983         32 0.0000e+00
    247.000    244.461     0.0275  28.808284     0.0281  28.807771     5.6769     5.6207     0.0069    98.6675 1.0000e-12  -63.47116  -61.78530 326.811930      99.98 1.8572e+03    787.722      18906  1028.8881  1028.8870    34.5152    34.5139    8.03162         42 0.0000e+00
    248.000    245.449     0.0334  28.814604     0.0237  28.804940     5.6863     5.6265    -0.0012    98.6586 1.0000e-12  -63.47116  -61.78530 326.811958      99.98 1.8464e+03    790.154      18965  1028.8932  1028.8924    34.5163    34.5144    8.03033         38 0.0000e+00
    249.000    246.437     0.0169  28.799837     0.0175  28.798905     5.7242     5.6335     0.0024    98.6564 1.0000e-12  -63.47116  -61.78530 326.811979      99.98 1.8465e+03    792.027      19010  1028.8980  1028.8963    34.5147    34.5128    8.03387         31 0.0000e+00
    250.000    247.428    -0.0141  28.774980    -0.0124  28.774892     5.7150     5.6464     0.0003    98.6308 1.0000e-12  -63.47116  -61.78530 326.811991      99.98 1.8531e+03    793.023      19034  1028.9064  1028.9045    34.5161    34.5141    8.04029         22 0.0000e+00
    251.000    248.417    -0.0184  28.771843    -0.0182  28.770527     5.7503     5.6650     0.0009    98.6469 1.0000e-12  -63.47116  -61.78529 326.812001      99.98 1.8561e+03    793.919      19055  1028.9115  1028.9098    34.5162    34.5143    8.04120         22 0.0000e+00
    252.000    249.404    -0.0200  28.770435    -0.0210  28.768179     5.7653     5.6784     0.0009    98.6104 1.0000e-12  -63.47116  -61.78528 326.812012      99.98 1.8563e+03    794.855      19078  1028.9157  1028.9141    34.5155    34.5136    8.04156         23 0.0000e+00
    253.000    250.394    -0.0552  28.738654    -0.0580  28.735056     5.7698     5.6897     0.0023    98.6380 1.0000e-12  -63.47116  -61.78528 326.812024      99.98 1.8555e+03    795.843      19101  1028.9208  1028.9197    34.5124    34.5108    8.04914         24 0.0000e+00
    254.000    251.383    -0.0663  28.730892    -0.0643  28.731544     5.7585     5.6915     0.0016    98.6496 1.0000e-12  -63.47116  -61.78528 326.812035      99.98 1.8536e+03    796.812      19124  1028.9275  1028.9262    34.5140    34.5127    8.05137         22 0.0000e+00
    255.000    252.373    -0.0604  28.736594    -0.0621  28.733556     5.7588     5.6936    -0.0057    98.6276 1.0000e-12  -63.47116  -61.78529 326.812046      99.98 1.8524e+03    797.797      19148  1028.9318  1028.9302    34.5143    34.5123    8.05011         25 0.0000e+00
    256.000    253.362    -0.0668  28.731940    -0.0668  28.729777     5.7593     5.6923    -0.0032    98.6262 1.0000e-12  -63.47116  -61.78530 326.812060      99.98 1.8511e+03    798.946      19176  1028.9371  1028.9348    34.5148    34.5119    8.05144         33 0.0000e+00
    257.000    254.351    -0.0679  28.731306    -0.0645  28.731784     5.7479     5.6828    -0.0051    98.6184 1.0000e-12  -63.47116  -61.78530 326.812082      99.98 1.8521e+03    800.860      19222  1028.9414  1028.9387    34.5146    34.5114    8.05168         38 0.0000e+00
    258.000    255.340    -0.0598  28.739535    -0.0581  28.739889     5.7165     5.6648    -0.0098    98.6208 1.0000e-12  -63.47116  -61.78529 326.812106      99.98 1.8553e+03    802.964      19272  1028.9462  1028.9448    34.5158    34.5143    8.04992         33 0.0000e+00
    259.000    256.330    -0.0504  28.749439    -0.0502  28.748232     5.7073     5.6564    -0.0055    98.6223 1.0000e-12  -63.47116  -61.78528 326.812118      99.98 1.8563e+03    803.999      19297  1028.9516  1028.9501    34.5178    34.5159    8.04783         21 0.0000e+00
    260.000    257.318    -0.0511  28.748661    -0.0435  28.754781     5.7074     5.6562    -0.0091    98.5953 1.0000e-12  -63.47116  -61.78528 326.812128      99.98 1.8563e+03    804.830      19317  1028.9557  1028.9546    34.5169    34.5164    8.04802         21 0.0000e+00
    261.000    258.306    -0.0405  28.759588    -0.0398  28.758942     5.6949     5.6496    -0.0146    98.5808 1.0000e-12  -63.47116  -61.78528 326.812138      99.98 1.8563e+03    805.712      19338  1028.9610  1028.9597    34.5188    34.5172    8.04568         22 0.0000e+00
    262.000    259.295    -0.0261  28.774174    -0.0233  28.775198     5.6697     5.6395    -0.0093    98.5962 1.0000e-12  -63.47116  -61.78528 326.812150      99.98 1.8562e+03    806.792      19364  1028.9665  1028.9648    34.5213    34.5195    8.04251         30 0.0000e+00
    263.000    260.285    -0.0087  28.790081    -0.0107  28.787248     5.6691     5.6389    -0.0064    98.6211 1.0000e-12  -63.47116  -61.78528 326.812167      99.98 1.8538e+03    808.200      19398  1028.9705  1028.9696    34.5221    34.5207    8.03881         35 0.0000e+00
    264.000    261.275    -0.0112  28.788776    -0.0155  28.783420     5.6918     5.6377    -0.0149    98.6014 1.0000e-12  -63.47116  -61.78529 326.812182      99.98 1.8511e+03    809.570      19431  1028.9761  1028.9747    34.5227    34.5205    8.03931         31 0.0000e+00
    265.000    262.263    -0.0219  28.779424    -0.0231  28.776845     5.6905     5.6213    -0.0014    98.5996 1.0000e-12  -63.47116  -61.78530 326.812197      99.98 1.8499e+03    810.783      19460  1028.9810  1028.9794    34.5217    34.5196    8.04161         32 0.0000e+00
    266.000    263.252    -0.0149  28.785644     0.0012  28.797690     5.6688     5.6112     0.0009    98.6156 1.0000e-12  -63.47116  -61.78530 326.812216      99.98 1.8510e+03    812.489      19501  1028.9851  1028.9819    34.5215    34.5193    8.04015         43 0.0000e+00
    267.000    264.241     0.0112  28.810354     0.0120  28.810066     5.6018     5.5811     0.0034    98.6285 1.0000e-12  -63.47116  -61.78530 326.812237      99.98 1.8516e+03    814.303      19544  1028.9898  1028.9889    34.5242    34.5229    8.03453         36 0.0000e+00
    268.000    265.230     0.0443  28.844182     0.0453  28.843882     5.5887     5.5683     0.0088    98.6255 1.0000e-12  -63.47116  -61.78530 326.812251      99.98 1.8548e+03    815.474      19572  1028.9973  1028.9962    34.5311    34.5296    8.02720         24 0.0000e+00
    269.000    266.220     0.0577  28.856879     0.0570  28.855208     5.5920     5.5626    -0.0054    98.6364 1.0000e-12  -63.47116  -61.78528 326.812262      99.98 1.8576e+03    816.455      19596  1029.0021  1029.0010    34.5323    34.5308    8.02435         23 0.0000e+00
    270.000    267.208     0.0612  28.860543     0.0614  28.858974     5.5803     5.5577    -0.0067    98.6398 1.0000e-12  -63.47116  -61.78528 326.812273      99.98 1.8598e+03    817.409      19619  1029.0070  1029.0052    34.5325    34.5303    8.02359         23 0.0000e+00
    271.000    268.199     0.0651  28.864451     0.0660  28.863942     5.6076     5.5710    -0.0133    98.6161 1.0000e-12  -63.47116  -61.78528 326.812284      99.98 1.8598e+03    818.332      19641  1029.0117  1029.0103    34.5327    34.5310    8.02276         21 0.0000e+00
    272.000    269.187     0.0544  28.856033     0.0553  28.855303     5.6303     5.5742    -0.0140    98.6263 1.0000e-12  -63.47116  -61.78528 326.812294      99.98 1.8589e+03    819.240      19663  1029.0178  1029.0162    34.5330    34.5310    8.02498         22 0.0000e+00
    273.000    270.174     0.0533  28.855679     0.0534  28.853492     5.6294     5.5748    -0.0147    98.6136 1.0000e-12  -63.47116  -61.78530 326.812305      99.98 1.8558e+03    820.190      19686  1029.0229  1029.0205    34.5332    34.5301    8.02521         25 0.0000e+00
    274.000    271.165     0.0347  28.840603     0.0318  28.836140     5.6256     5.5701    -0.0132    98.6459 1.0000e-12  -63.47116  -61.78531 326.812320      99.98 1.8488e+03    821.470      19716  1029.0298  1029.0280    34.5335    34.5310    8.02908         35 0.0000e+00
    275.000    272.154     0.0561  28.858097     0.0560  28.856344     5.6139     5.5648    -0.0072    98.6522 1.0000e-12  -63.47116  -61.78532 326.812361      99.99 1.8458e+03    824.974      19800  1029.0317  1029.0298    34.5321    34.5298    8.02469         31 0.0000e+00
    276.000    273.142     0.0579  28.860110     0.0582  28.858921     5.6102     5.5685    -0.0056    98.6641 1.0000e-12  -63.47116  -61.78530 326.812377      99.98 1.8529e+03    826.351      19833  1029.0363  1029.0348    34.5320    34.5301    8.02431         21 0.0000e+00
    277.000    274.130     0.0515  28.855970     0.0523  28.855113     5.6166     5.5767    -0.0073    98.6323 1.0000e-12  -63.47116  -61.78528 326.812386      99.98 1.8563e+03    827.108      19852  1029.0426  1029.0409    34.5332    34.5311    8.02559         16 0.0000e+00
    278.000    275.121     0.0518  28.856495     0.0532  28.856242     5.6248     5.5792    -0.0082    98.6324 1.0000e-12  -63.47116  -61.78528 326.812393      99.98 1.8580e+03    827.773      19868  1029.0471  1029.0455    34.5329    34.5310    8.02553         16 0.0000e+00
    279.000    276.110     0.0452  28.850847     0.0438  28.848019     5.6602     5.5859    -0.0145    98.6121 1.0000e-12  -63.47116  -61.78528 326.812401      99.98 1.8571e+03    828.412      19883  1029.0519  1029.0504    34.5323    34.5302    8.02695         15 0.0000e+00
    280.000    277.097     0.0436  28.850466     0.0417  28.847174     5.7120     5.6207    -0.0037    98.6081 1.0000e-12  -63.47116  -61.78528 326.812408      99.98 1.8554e+03    829.089      19899  1029.0574  1029.0559    34.5330    34.5308    8.02725         17 0.0000e+00
    281.000    278.087     0.0124  28.821893     0.0059  28.815309     5.7388     5.6472     0.0017    98.6306 1.0000e-12  -63.47116  -61.78529 326.812417      99.98 1.8522e+03    829.846      19917  1029.0622  1029.0617    34.5298    34.5283    8.03398         20 0.0000e+00
    282.000    279.077    -0.0289  28.788694    -0.0141  28.800259     5.7123     5.6422    -0.0000    98.6422 1.0000e-12  -63.47116  -61.78530 326.812428      99.98 1.8470e+03    830.739      19939  1029.0720  1029.0697    34.5317    34.5303    8.04253         24 0.0000e+00
    283.000    280.067    -0.0407  28.778560    -0.0503  28.769396     5.6966     5.6314    -0.0153    98.6150 1.0000e-12  -63.47116  -61.78531 326.812448      99.98 1.8431e+03    832.498      19981  1029.0769  1029.0766    34.5309    34.5295    8.04505         37 0.0000e+00
    284.000    281.053    -0.0224  28.792665    -0.0321  28.783686     5.7302     5.6535    -0.0111    98.6043 1.0000e-12  -63.47116  -61.78531 326.812490      99.98 1.8622e+03    836.151      20069  1029.0775  1029.0775    34.5284    34.5274    8.04135         31 0.0000e+00
    285.000    282.042    -0.0664  28.756411    -0.0678  28.753763     5.7300     5.6592    -0.0130    98.6259 1.0000e-12  -63.47116  -61.78530 326.812499      99.98 1.8616e+03    836.937      20087  1029.0867  1029.0852    34.5293    34.5274    8.05053         18 0.0000e+00
    286.000    283.032    -0.0687  28.755150    -0.0689  28.753639     5.7197     5.6564    -0.0095    98.6130 1.0000e-12  -63.47116  -61.78530 326.812507      99.98 1.8601e+03    837.615      20104  1029.0917  1029.0902    34.5296    34.5279    8.05100         16 0.0000e+00
    287.000    284.021    -0.0699  28.754444    -0.0704  28.752564     5.7209     5.6582    -0.0063    98.6153 1.0000e-12  -63.47116  -61.78530 326.812514      99.98 1.8578e+03    838.240      20119  1029.0962  1029.0947    34.5294    34.5275    8.05126         15 0.0000e+00
    288.000    285.012    -0.0560  28.766699    -0.0582  28.764195     5.7219     5.6568    -0.0135    98.6274 1.0000e-12  -63.47116  -61.78529 326.812522      99.98 1.8546e+03    838.885      20134  1029.0996  1029.0990    34.5294    34.5286    8.04834         16 0.0000e+00
    289.000    285.999    -0.0580  28.765146    -0.0556  28.766009     5.7178     5.6536    -0.0142    98.6064 1.0000e-12  -63.47116  -61.78529 326.812532      99.98 1.8490e+03    839.739      20155  1029.1041  1029.1025    34.5291    34.5274    8.04879         27 0.0000e+00
    290.000    286.987    -0.0606  28.763437    -0.0572  28.764569     5.7210     5.6682    -0.0071    98.6063 1.0000e-12  -63.47116  -61.78530 326.812549      99.98 1.8472e+03    841.260      20191  1029.1089  1029.1067    34.5291    34.5268    8.04933         40 0.0000e+00
    291.000    287.977    -0.0684  28.757477    -0.0696  28.755482     5.7276     5.6712    -0.0053    98.6075 1.0000e-12  -63.47116  -61.78530 326.812569      99.98 1.8534e+03    842.970      20232  1029.1144  1029.1134    34.5294    34.5281    8.05096         32 0.0000e+00
    292.000    288.965    -0.0744  28.753169    -0.0722  28.753459     5.7256     5.6709    -0.0114    98.5681 1.0000e-12  -63.47116  -61.78532 326.812587      99.98 1.8544e+03    844.519      20269  1029.1197  1029.1179    34.5298    34.5277    8.05218         37 0.0000e+00
    293.000    289.954    -0.0702  28.757247    -0.0684  28.757492     5.7136     5.6663    -0.0061    98.6309 1.0000e-12  -63.47116  -61.78532 326.812606      99.98 1.8490e+03    846.158      20309  1029.1240  1029.1224    34.5299    34.5281    8.05130         39 0.0000e+00
