NBP2113_155081_ctd/data/dnbp2113_056.cnv
* Sea-Bird SBE 9 Data File:
* FileName = D:\Data\raw\NBP2113_056.hex
* Software Version Seasave V 7.26.7.121
* Temperature SN = 2438
* Conductivity SN = 2067
* Number of Bytes Per Scan = 40
* Number of Voltage Words = 5
* Number of Scans Averaged by the Deck Unit = 1
* NMEA Latitude = 64 53.69 S
* NMEA Longitude = 064 47.29 W
* NMEA UTC (Time) = Dec 11 2021  22:36:48
* NMEA baud rate = 9600
** Ship: RVIB N.B. Palmer
** Cruise: NBP2113 LTER
** Station: 591.057
** Operator: S. Blackman
# nquan = 25
# nvalues = 656                         
# units = specified
# name 0 = prDM: Pressure, Digiquartz [db]
# name 1 = depSM: Depth [salt water, m]
# name 2 = t090C: Temperature [ITS-90, deg C]
# name 3 = c0mS/cm: Conductivity [mS/cm]
# name 4 = t190C: Temperature, 2 [ITS-90, deg C]
# name 5 = c1mS/cm: Conductivity, 2 [mS/cm]
# name 6 = sbeox0ML/L: Oxygen, SBE 43 [ml/l]
# name 7 = sbeox1ML/L: Oxygen, SBE 43, 2 [ml/l]
# name 8 = flECO-AFL: Fluorescence, WET Labs ECO-AFL/FL [mg/m^3]
# name 9 = CStarTr0: Beam Transmission, WET Labs C-Star [%]
# name 10 = par: PAR/Irradiance, Biospherical/Licor
# name 11 = latitude: Latitude [deg]
# name 12 = longitude: Longitude [deg]
# name 13 = timeJ: Julian Days
# name 14 = altM: Altimeter [m]
# name 15 = spar: SPAR, Biospherical/Licor
# name 16 = timeS: Time, Elapsed [seconds]
# name 17 = scan: Scan Count
# name 18 = density00: Density [density, kg/m^3]
# name 19 = density11: Density, 2 [density, kg/m^3]
# name 20 = sal00: Salinity, Practical [PSU]
# name 21 = sal11: Salinity, Practical, 2 [PSU]
# name 22 = oxsolML/L: Oxygen Saturation, Garcia & Gordon [ml/l]
# name 23 = nbin: number of scans per bin
# name 24 = flag: flag
# span 0 =      5.000,    660.000       
# span 1 =      4.951,    652.487       
# span 2 =    -0.6101,     1.4677       
# span 3 =  27.472251,  30.361230       
# span 4 =    -0.6100,     1.4677       
# span 5 =  27.471279,  30.360388       
# span 6 =     4.0492,     8.1885       
# span 7 =     4.1114,     8.1803       
# span 8 =    -0.0223,     1.9427       
# span 9 =    82.4612,    91.4497       
# span 10 = -1.912e-06, 3.2905e+01      
# span 11 =  -64.89494,  -64.89482      
# span 12 =  -64.78952,  -64.78866      
# span 13 = 345.945522, 345.956727      
# span 14 =       2.16,     101.20      
# span 15 = 1.0404e+02, 1.5866e+02      
# span 16 =    285.066,   1253.232      
# span 17 =       6843,      30079      
# span 18 =  1027.0280,  1030.8555      
# span 19 =  1027.0274,  1030.8543      
# span 20 =    33.5884,    34.6846      
# span 21 =    33.5863,    34.6833      
# span 22 =    7.73036,    8.22066      
# span 23 =          8,         47      
# span 24 = 0.0000e+00, 0.0000e+00      
# interval = decibars: 1                
# start_time = Dec 11 2021 22:36:48 [NMEA time, header]
# bad_flag = -9.990e-29
*END*
[from data line 522]
    527.000    521.174     1.4479  30.281499     1.4476  30.280170     4.0979     4.1474    -0.0015    91.2488 1.0000e-12  -64.89488  -64.78923 345.954509      99.96 1.4394e+02   1061.598      25479  1030.2331  1030.2321    34.6799    34.6785    7.73450         31 0.0000e+00
    528.000    522.160     1.4484  30.282460     1.4480  30.281028     4.1036     4.1411    -0.0044    91.2681 1.0000e-12  -64.89488  -64.78924 345.954533      99.97 1.4458e+02   1063.687      25529  1030.2379  1030.2368    34.6800    34.6786    7.73440         30 0.0000e+00
    529.000    523.151     1.4485  30.283033     1.4480  30.281535     4.0989     4.1390    -0.0068    91.2664 1.0000e-12  -64.89488  -64.78923 345.954545      99.97 1.4456e+02   1064.710      25554  1030.2425  1030.2415    34.6800    34.6787    7.73437         22 0.0000e+00
    530.000    524.137     1.4491  30.284133     1.4484  30.282437     4.0972     4.1403    -0.0065    91.2152 1.0000e-12  -64.89488  -64.78922 345.954555      99.97 1.4456e+02   1065.559      25574  1030.2473  1030.2462    34.6802    34.6788    7.73425         19 0.0000e+00
    531.000    525.124     1.4493  30.284759     1.4492  30.283731     4.0983     4.1465    -0.0056    91.2814 1.0000e-12  -64.89488  -64.78922 345.954564      99.97 1.4456e+02   1066.290      25592  1030.2519  1030.2510    34.6801    34.6790    7.73420         17 0.0000e+00
    532.000    526.114     1.4502  30.286205     1.4493  30.284370     4.0998     4.1452    -0.0065    91.2411 1.0000e-12  -64.89488  -64.78924 345.954572      99.97 1.4281e+02   1067.014      25609  1030.2568  1030.2557    34.6805    34.6791    7.73402         18 0.0000e+00
    533.000    527.100     1.4499  30.286462     1.4497  30.285251     4.1002     4.1451    -0.0057    91.2328 1.0000e-12  -64.89488  -64.78924 345.954582      99.97 1.4299e+02   1067.873      25630  1030.2615  1030.2605    34.6806    34.6792    7.73407         25 0.0000e+00
    534.000    528.087     1.4491  30.286080     1.4488  30.284644     4.1005     4.1465    -0.0109    91.2346 1.0000e-12  -64.89488  -64.78926 345.954598      99.97 1.4415e+02   1069.280      25664  1030.2661  1030.2649    34.6804    34.6789    7.73424         34 0.0000e+00
    535.000    529.076     1.4496  30.286896     1.4493  30.285501     4.0991     4.1448    -0.0084    91.2449 1.0000e-12  -64.89488  -64.78928 345.954623      99.97 1.4457e+02   1071.406      25715  1030.2707  1030.2696    34.6803    34.6789    7.73415         38 0.0000e+00
    536.000    530.064     1.4505  30.288326     1.4499  30.286666     4.0957     4.1447    -0.0105    91.2568 1.0000e-12  -64.89488  -64.78928 345.954641      99.97 1.4456e+02   1072.981      25753  1030.2755  1030.2744    34.6806    34.6791    7.73396         29 0.0000e+00
    537.000    531.050     1.4505  30.288729     1.4501  30.287237     4.0880     4.1424    -0.0063    91.2917 1.0000e-12  -64.89488  -64.78928 345.954653      99.97 1.4456e+02   1074.041      25778  1030.2801  1030.2790    34.6805    34.6791    7.73395         22 0.0000e+00
    538.000    532.039     1.4526  30.291602     1.4521  30.290182     4.0824     4.1411    -0.0063    91.2872 1.0000e-12  -64.89488  -64.78927 345.954664      99.97 1.4456e+02   1074.934      25799  1030.2851  1030.2842    34.6813    34.6800    7.73350         21 0.0000e+00
    539.000    533.026     1.4528  30.292393     1.4525  30.290970     4.0900     4.1389    -0.0149    91.2639 1.0000e-12  -64.89488  -64.78927 345.954673      99.96 1.4456e+02   1075.744      25819  1030.2899  1030.2889    34.6815    34.6801    7.73345         19 0.0000e+00
    540.000    534.014     1.4526  30.292536     1.4522  30.291086     4.0940     4.1402    -0.0009    91.2654 1.0000e-12  -64.89488  -64.78928 345.954684      99.97 1.4456e+02   1076.682      25841  1030.2945  1030.2935    34.6813    34.6800    7.73350         28 0.0000e+00
    541.000    535.002     1.4526  30.293088     1.4523  30.291663     4.0912     4.1425    -0.0071    91.2508 1.0000e-12  -64.89488  -64.78928 345.954701      99.97 1.4456e+02   1078.167      25877  1030.2993  1030.2982    34.6814    34.6800    7.73349         37 0.0000e+00
    542.000    535.988     1.4532  30.294037     1.4528  30.292587     4.0934     4.1445    -0.0113    91.2405 1.0000e-12  -64.89488  -64.78929 345.954717      99.97 1.4456e+02   1079.526      25910  1030.3039  1030.3028    34.6814    34.6800    7.73338         27 0.0000e+00
    543.000    536.977     1.4545  30.295947     1.4542  30.294695     4.0879     4.1426    -0.0077    91.2396 1.0000e-12  -64.89488  -64.78930 345.954728      99.97 1.4349e+02   1080.532      25934  1030.3088  1030.3078    34.6819    34.6806    7.73310         23 0.0000e+00
    544.000    537.964     1.4550  30.296940     1.4545  30.295416     4.0903     4.1362    -0.0165    91.2594 1.0000e-12  -64.89488  -64.78931 345.954740      99.97 1.4282e+02   1081.511      25957  1030.3135  1030.3125    34.6820    34.6806    7.73300         26 0.0000e+00
    545.000    538.952     1.4554  30.297981     1.4550  30.296310     4.0950     4.1367    -0.0124    91.2540 1.0000e-12  -64.89488  -64.78932 345.954758      99.97 1.4279e+02   1083.055      25994  1030.3185  1030.3172    34.6824    34.6807    7.73290         35 0.0000e+00
    546.000    539.939     1.4559  30.298821     1.4554  30.297168     4.1010     4.1333    -0.0054    91.2544 1.0000e-12  -64.89488  -64.78932 345.954780      99.97 1.4428e+02   1085.000      26041  1030.3231  1030.3219    34.6823    34.6808    7.73281         32 0.0000e+00
    547.000    540.929     1.4557  30.299130     1.4553  30.297780     4.0862     4.1335    -0.0085    91.2240 1.0000e-12  -64.89488  -64.78932 345.954793      99.97 1.4457e+02   1086.069      26067  1030.3277  1030.3268    34.6823    34.6810    7.73283         21 0.0000e+00
    548.000    541.913     1.4556  30.299396     1.4552  30.298043     4.0847     4.1378    -0.0135    91.2464 1.0000e-12  -64.89488  -64.78932 345.954802      99.97 1.4456e+02   1086.886      26086  1030.3323  1030.3313    34.6822    34.6809    7.73286         19 0.0000e+00
    549.000    542.902     1.4560  30.300049     1.4554  30.298661     4.0862     4.1371    -0.0137    91.2394 1.0000e-12  -64.89488  -64.78932 345.954810      99.97 1.4456e+02   1087.601      26103  1030.3369  1030.3360    34.6820    34.6809    7.73280         17 0.0000e+00
    550.000    543.890     1.4566  30.301359     1.4560  30.299910     4.0901     4.1345    -0.0090    91.2161 1.0000e-12  -64.89488  -64.78932 345.954819      99.97 1.4456e+02   1088.377      26122  1030.3418  1030.3409    34.6825    34.6813    7.73266         21 0.0000e+00
    551.000    544.878     1.4566  30.301937     1.4558  30.299936     4.0875     4.1365    -0.0048    91.2221 1.0000e-12  -64.89488  -64.78932 345.954837      99.97 1.4456e+02   1089.920      26159  1030.3466  1030.3454    34.6826    34.6810    7.73264         39 0.0000e+00
    552.000    545.864     1.4572  30.302972     1.4569  30.301574     4.0825     4.1320    -0.0041    91.2162 1.0000e-12  -64.89488  -64.78934 345.954861      99.97 1.4456e+02   1091.991      26209  1030.3513  1030.3502    34.6827    34.6813    7.73252         35 0.0000e+00
    553.000    546.853     1.4582  30.304531     1.4577  30.303018     4.0883     4.1342    -0.0136    91.2387 1.0000e-12  -64.89488  -64.78936 345.954875      99.97 1.4456e+02   1093.169      26237  1030.3561  1030.3551    34.6830    34.6817    7.73231         25 0.0000e+00
    554.000    547.839     1.4585  30.305233     1.4583  30.303974     4.0819     4.1339    -0.0143    91.2170 1.0000e-12  -64.89486  -64.78936 345.954886      99.97 1.4456e+02   1094.158      26261  1030.3607  1030.3597    34.6830    34.6817    7.73225         22 0.0000e+00
    555.000    548.828     1.4594  30.306682     1.4589  30.305397     4.0787     4.1260    -0.0085    91.2301 1.0000e-12  -64.89486  -64.78936 345.954897      99.97 1.4456e+02   1095.119      26284  1030.3656  1030.3648    34.6834    34.6823    7.73207         24 0.0000e+00
    556.000    549.815     1.4587  30.306491     1.4585  30.305506     4.0843     4.1319    -0.0043    91.2397 1.0000e-12  -64.89486  -64.78936 345.954910      99.97 1.4610e+02   1096.183      26309  1030.3703  1030.3695    34.6833    34.6822    7.73220         28 0.0000e+00
    557.000    550.803     1.4587  30.306915     1.4577  30.304684     4.0832     4.1324    -0.0051    91.2231 1.0000e-12  -64.89486  -64.78936 345.954923      99.97 1.4632e+02   1097.360      26338  1030.3749  1030.3737    34.6832    34.6815    7.73220         28 0.0000e+00
    558.000    551.791     1.4579  30.306395     1.4572  30.304541     4.0870     4.1312    -0.0054    91.2059 1.0000e-12  -64.89486  -64.78936 345.954938      99.97 1.4632e+02   1098.613      26368  1030.3794  1030.3783    34.6828    34.6814    7.73237         32 0.0000e+00
    559.000    552.778     1.4590  30.308135     1.4587  30.306700     4.0883     4.1314    -0.0085    91.2226 1.0000e-12  -64.89486  -64.78937 345.954955      99.97 1.4677e+02   1100.082      26403  1030.3843  1030.3832    34.6834    34.6819    7.73214         41 0.0000e+00
    560.000    553.765     1.4588  30.308458     1.4584  30.306918     4.0877     4.1310    -0.0022    91.2210 1.0000e-12  -64.89486  -64.78938 345.954975      99.97 1.4811e+02   1101.875      26446  1030.3890  1030.3879    34.6833    34.6818    7.73217         38 0.0000e+00
    561.000    554.754     1.4593  30.309137     1.4588  30.307627     4.0865     4.1263    -0.0137    91.2214 1.0000e-12  -64.89486  -64.78938 345.954990      99.97 1.4808e+02   1103.177      26477  1030.3935  1030.3924    34.6832    34.6818    7.73209         24 0.0000e+00
    562.000    555.741     1.4610  30.311626     1.4604  30.310150     4.0855     4.1317    -0.0043    91.2160 1.0000e-12  -64.89486  -64.78938 345.955001      99.97 1.4808e+02   1104.113      26500  1030.3986  1030.3977    34.6839    34.6827    7.73172         21 0.0000e+00
    563.000    556.728     1.4604  30.311402     1.4598  30.310043     4.0824     4.1326     0.0005    91.2149 1.0000e-12  -64.89486  -64.78938 345.955010      99.97 1.4808e+02   1104.886      26518  1030.4032  1030.4023    34.6837    34.6826    7.73184         17 0.0000e+00
    564.000    557.717     1.4608  30.312190     1.4601  30.310651     4.0792     4.1322     0.0041    91.2063 1.0000e-12  -64.89486  -64.78939 345.955019      99.97 1.4808e+02   1105.604      26536  1030.4077  1030.4069    34.6836    34.6825    7.73176         18 0.0000e+00
    565.000    558.702     1.4607  30.312628     1.4603  30.311328     4.0810     4.1331     0.0034    91.1993 1.0000e-12  -64.89486  -64.78940 345.955028      99.97 1.4808e+02   1106.387      26554  1030.4126  1030.4116    34.6838    34.6826    7.73178         21 0.0000e+00
    566.000    559.692     1.4603  30.312742     1.4603  30.311762     4.0798     4.1327    -0.0075    91.1820 1.0000e-12  -64.89486  -64.78940 345.955044      99.97 1.4808e+02   1107.777      26588  1030.4173  1030.4162    34.6838    34.6825    7.73186         38 0.0000e+00
    567.000    560.679     1.4605  30.313405     1.4602  30.311889     4.0832     4.1313    -0.0139    91.1754 1.0000e-12  -64.89486  -64.78938 345.955065      99.97 1.4808e+02   1109.627      26632  1030.4219  1030.4208    34.6838    34.6823    7.73181         32 0.0000e+00
    568.000    561.666     1.4609  30.314202     1.4605  30.312852     4.0845     4.1319    -0.0147    91.1969 1.0000e-12  -64.89486  -64.78939 345.955079      99.97 1.4808e+02   1110.840      26661  1030.4266  1030.4256    34.6838    34.6826    7.73173         27 0.0000e+00
    569.000    562.653     1.4607  30.314374     1.4603  30.312987     4.0777     4.1252    -0.0050    91.1968 1.0000e-12  -64.89486  -64.78940 345.955092      99.97 1.4808e+02   1111.957      26688  1030.4313  1030.4302    34.6838    34.6824    7.73179         27 0.0000e+00
    570.000    563.640     1.4607  30.314912     1.4604  30.313539     4.0826     4.1298     0.0027    91.1951 1.0000e-12  -64.89486  -64.78940 345.955105      99.97 1.4808e+02   1113.064      26715  1030.4359  1030.4349    34.6838    34.6825    7.73177         26 0.0000e+00
    571.000    564.629     1.4607  30.315239     1.4604  30.314024     4.0845     4.1284    -0.0061    91.1832 1.0000e-12  -64.89486  -64.78940 345.955118      96.23 1.4808e+02   1114.153      26741  1030.4405  1030.4396    34.6837    34.6825    7.73179         26 0.0000e+00
    572.000    565.616     1.4610  30.315957     1.4606  30.314624     4.0788     4.1262     0.0014    91.1946 1.0000e-12  -64.89486  -64.78942 345.955130      99.94 1.4895e+02   1115.260      26767  1030.4452  1030.4442    34.6837    34.6825    7.73173         28 0.0000e+00
    573.000    566.603     1.4610  30.316689     1.4609  30.315440     4.0779     4.1282    -0.0074    91.2137 1.0000e-12  -64.89486  -64.78942 345.955146      99.97 1.4985e+02   1116.588      26799  1030.4501  1030.4489    34.6840    34.6825    7.73170         34 0.0000e+00
    574.000    567.590     1.4602  30.316228     1.4598  30.314618     4.0902     4.1312    -0.0088    91.1848 1.0000e-12  -64.89486  -64.78942 345.955165      99.87 1.4984e+02   1118.290      26840  1030.4547  1030.4534    34.6838    34.6821    7.73188         41 0.0000e+00
    575.000    568.578     1.4607  30.317209     1.4608  30.315875     4.0866     4.1289    -0.0126    91.2035 1.0000e-12  -64.89486  -64.78942 345.955184      99.87 1.4984e+02   1119.865      26878  1030.4593  1030.4580    34.6839    34.6822    7.73177         32 0.0000e+00
    576.000    569.565     1.4605  30.317159     1.4605  30.316337     4.0803     4.1304    -0.0037    91.1886 1.0000e-12  -64.89486  -64.78941 345.955197      99.51 1.4976e+02   1121.029      26906  1030.4638  1030.4629    34.6835    34.6825    7.73183         24 0.0000e+00
    577.000    570.553     1.4611  30.318279     1.4608  30.317060     4.0801     4.1295     0.0046    91.1892 1.0000e-12  -64.89486  -64.78940 345.955207      99.28 1.4975e+02   1121.929      26927  1030.4685  1030.4676    34.6837    34.6825    7.73170         20 0.0000e+00
    578.000    571.539     1.4622  30.319856     1.4618  30.318604     4.0850     4.1296    -0.0054    91.2110 1.0000e-12  -64.89486  -64.78940 345.955216      99.22 1.4931e+02   1122.691      26946  1030.4732  1030.4723    34.6840    34.6828    7.73148         17 0.0000e+00
    579.000    572.531     1.4620  30.320286     1.4616  30.318850     4.0848     4.1308    -0.0050    91.2150 1.0000e-12  -64.89486  -64.78940 345.955224      98.21 1.4828e+02   1123.370      26962  1030.4781  1030.4771    34.6841    34.6828    7.73151         16 0.0000e+00
    580.000    573.515     1.4617  30.320318     1.4613  30.319083     4.0844     4.1323    -0.0056    91.2041 1.0000e-12  -64.89486  -64.78940 345.955232      97.36 1.4808e+02   1124.054      26978  1030.4826  1030.4817    34.6840    34.6828    7.73158         17 0.0000e+00
    581.000    574.503     1.4610  30.320077     1.4609  30.318960     4.0890     4.1324    -0.0051    91.1767 1.0000e-12  -64.89485  -64.78941 345.955242      95.94 1.4808e+02   1124.909      26999  1030.4873  1030.4863    34.6838    34.6826    7.73172         28 0.0000e+00
    582.000    575.490     1.4615  30.321107     1.4613  30.319612     4.0779     4.1215    -0.0044    91.1958 1.0000e-12  -64.89484  -64.78944 345.955284      93.52 1.4985e+02   1128.564      27087  1030.4921  1030.4908    34.6841    34.6824    7.73161         31 0.0000e+00
    583.000    576.478     1.4610  30.320943     1.4610  30.319977     4.0877     4.1255    -0.0067    91.1891 1.0000e-12  -64.89485  -64.78942 345.955296      92.79 1.4984e+02   1129.597      27111  1030.4965  1030.4956    34.6838    34.6826    7.73171         21 0.0000e+00
