NBP2113_155081_ctd/data/dnbp2113_019.cnv
* Sea-Bird SBE 9 Data File:
* FileName = D:\Data\raw\NBP2113_019.hex
* Software Version Seasave V 7.26.7.121
* Temperature SN = 2438
* Conductivity SN = 2067
* Number of Bytes Per Scan = 40
* Number of Voltage Words = 5
* Number of Scans Averaged by the Deck Unit = 1
* NMEA Latitude = 66 53.46 S
* NMEA Longitude = 068 55.21 W
* NMEA UTC (Time) = Nov 29 2021  09:39:46
* NMEA baud rate = 9600
** Ship: RVIB N.B. Palmer
** Cruise: NBP2113 LTER
** Station: 300.040
** Operator: B. Urmston
# nquan = 25
# nvalues = 669                         
# units = specified
# name 0 = prDM: Pressure, Digiquartz [db]
# name 1 = depSM: Depth [salt water, m]
# name 2 = t090C: Temperature [ITS-90, deg C]
# name 3 = c0mS/cm: Conductivity [mS/cm]
# name 4 = t190C: Temperature, 2 [ITS-90, deg C]
# name 5 = c1mS/cm: Conductivity, 2 [mS/cm]
# name 6 = sbeox0ML/L: Oxygen, SBE 43 [ml/l]
# name 7 = sbeox1ML/L: Oxygen, SBE 43, 2 [ml/l]
# name 8 = flECO-AFL: Fluorescence, WET Labs ECO-AFL/FL [mg/m^3]
# name 9 = CStarTr0: Beam Transmission, WET Labs C-Star [%]
# name 10 = par: PAR/Irradiance, Biospherical/Licor
# name 11 = latitude: Latitude [deg]
# name 12 = longitude: Longitude [deg]
# name 13 = timeJ: Julian Days
# name 14 = altM: Altimeter [m]
# name 15 = spar: SPAR, Biospherical/Licor
# name 16 = timeS: Time, Elapsed [seconds]
# name 17 = scan: Scan Count
# name 18 = density00: Density [density, kg/m^3]
# name 19 = density11: Density, 2 [density, kg/m^3]
# name 20 = sal00: Salinity, Practical [PSU]
# name 21 = sal11: Salinity, Practical, 2 [PSU]
# name 22 = oxsolML/L: Oxygen Saturation, Garcia & Gordon [ml/l]
# name 23 = nbin: number of scans per bin
# name 24 = flag: flag
# span 0 =      6.000,    674.000       
# span 1 =      5.936,    666.255       
# span 2 =    -0.9203,     1.4590       
# span 3 =  27.474797,  30.230297       
# span 4 =    -0.9209,     1.4588       
# span 5 =  27.473635,  30.229326       
# span 6 =     3.9747,     8.0733       
# span 7 =     4.0338,     8.1394       
# span 8 =    -0.0224,     1.4154       
# span 9 =    89.9702,    97.4112       
# span 10 = -2.738e-05, 1.7323e+02      
# span 11 =  -66.89134,  -66.89094      
# span 12 =  -68.92486,  -68.92230      
# span 13 = 333.406073, 333.418629      
# span 14 =       7.92,     102.91      
# span 15 = 4.3169e+02, 7.4102e+02      
# span 16 =    298.674,   1383.512      
# span 17 =       7169,      33205      
# span 18 =  1027.2481,  1030.9731      
# span 19 =  1027.2463,  1030.9721      
# span 20 =    33.8567,    34.7217      
# span 21 =    33.8545,    34.7203      
# span 22 =    7.73130,    8.26997      
# span 23 =          1,         47      
# span 24 = 0.0000e+00, 0.0000e+00      
# interval = decibars: 1                
# start_time = Nov 29 2021 09:39:46 [NMEA time, header]
# bad_flag = -9.990e-29
*END*
[from data line 522]
    528.000    522.088     1.3391  30.217313     1.3392  30.216715     4.1776     4.2034     0.0022    97.3433 1.0000e-12  -66.89096  -68.92484 333.416104      99.97 4.8132e+02   1165.374      27970  1030.2774  1030.2767    34.7175    34.7167    7.75389         16 0.0000e+00
    529.000    523.077     1.3342  30.213665     1.3339  30.212725     4.1863     4.2133    -0.0043    97.3433 1.0000e-12  -66.89096  -68.92484 333.416111      99.98 4.8127e+02   1166.004      27985  1030.2827  1030.2821    34.7178    34.7169    7.75484         15 0.0000e+00
    530.000    524.066     1.3258  30.207621     1.3260  30.206972     4.1918     4.2212    -0.0064    97.3433 1.0000e-12  -66.89096  -68.92483 333.416118      99.98 4.8045e+02   1166.619      28000  1030.2890  1030.2883    34.7187    34.7178    7.75644         15 0.0000e+00
    531.000    525.052     1.3196  30.202526     1.3202  30.202271     4.1931     4.2274    -0.0077    97.3383 1.0000e-12  -66.89096  -68.92482 333.416127      99.98 4.7953e+02   1167.330      28017  1030.2942  1030.2934    34.7185    34.7176    7.75768         20 0.0000e+00
    532.000    526.042     1.3107  30.195547     1.3064  30.191290     4.1849     4.2250    -0.0077    97.3337 1.0000e-12  -66.89096  -68.92482 333.416144      99.97 4.7725e+02   1168.846      28053  1030.3001  1030.3000    34.7190    34.7183    7.75942         27 0.0000e+00
    533.000    527.027     1.3108  30.195840     1.3110  30.195202     4.1720     4.2151    -0.0067    97.3499 1.0000e-12  -66.89096  -68.92482 333.416174      99.98 4.7425e+02   1171.474      28116  1030.3043  1030.3034    34.7186    34.7175    7.75942         34 0.0000e+00
    534.000    528.015     1.3116  30.197179     1.3116  30.196359     4.1732     4.2121    -0.0112    97.3207 1.0000e-12  -66.89096  -68.92482 333.416187      99.98 4.7422e+02   1172.553      28142  1030.3091  1030.3082    34.7189    34.7178    7.75925         23 0.0000e+00
    535.000    529.001     1.3126  30.198597     1.3125  30.197695     4.1697     4.2179    -0.0100    97.3297 1.0000e-12  -66.89096  -68.92482 333.416197      99.98 4.7569e+02   1173.408      28163  1030.3137  1030.3128    34.7190    34.7179    7.75904         19 0.0000e+00
    536.000    529.991     1.3124  30.198819     1.3124  30.198135     4.1700     4.2281     0.0033    97.3432 1.0000e-12  -66.89096  -68.92484 333.416206      99.97 4.7598e+02   1174.201      28182  1030.3183  1030.3176    34.7190    34.7180    7.75909         19 0.0000e+00
    537.000    530.978     1.3120  30.198952     1.3118  30.197861     4.1787     4.2254     0.0016    97.3333 1.0000e-12  -66.89096  -68.92484 333.416216      99.98 4.7598e+02   1175.039      28202  1030.3230  1030.3221    34.7190    34.7179    7.75916         22 0.0000e+00
    538.000    531.966     1.3082  30.195948     1.3092  30.196024     4.1821     4.2233    -0.0109    97.3182 1.0000e-12  -66.89096  -68.92484 333.416228      99.98 4.7749e+02   1176.081      28227  1030.3280  1030.3270    34.7188    34.7178    7.75993         29 0.0000e+00
    539.000    532.953     1.3080  30.196211     1.3096  30.196907     4.1749     4.2238    -0.0148    97.3176 1.0000e-12  -66.89096  -68.92483 333.416245      99.98 4.7766e+02   1177.601      28263  1030.3325  1030.3317    34.7188    34.7179    7.75996         43 0.0000e+00
    540.000    533.941     1.3096  30.197908     1.3058  30.193935     4.1801     4.2243    -0.0036    97.3231 1.0000e-12  -66.89096  -68.92482 333.416265      99.97 4.7602e+02   1179.292      28304  1030.3369  1030.3366    34.7186    34.7177    7.75966         34 0.0000e+00
    541.000    534.927     1.3031  30.192912     1.3066  30.195136     4.1932     4.2307     0.0006    97.3230 1.0000e-12  -66.89096  -68.92482 333.416279      99.97 4.7598e+02   1180.472      28332  1030.3424  1030.3412    34.7188    34.7178    7.76092         24 0.0000e+00
    542.000    535.916     1.2999  30.190375     1.3022  30.191637     4.1957     4.2423    -0.0028    97.3093 1.0000e-12  -66.89096  -68.92480 333.416288      99.97 4.7550e+02   1181.293      28352  1030.3472  1030.3462    34.7186    34.7176    7.76157         18 0.0000e+00
    543.000    536.902     1.2940  30.185776     1.2939  30.184924     4.2084     4.2490    -0.0072    97.3026 1.0000e-12  -66.89096  -68.92480 333.416297      99.98 4.7425e+02   1182.025      28370  1030.3526  1030.3518    34.7186    34.7177    7.76273         17 0.0000e+00
    544.000    537.891     1.2918  30.184423     1.2917  30.183609     4.2122     4.2502    -0.0069    97.3066 1.0000e-12  -66.89096  -68.92480 333.416305      99.97 4.7413e+02   1182.772      28388  1030.3576  1030.3568    34.7188    34.7178    7.76317         19 0.0000e+00
    545.000    538.878     1.2886  30.182256     1.2891  30.181899     4.2104     4.2542    -0.0067    97.3171 1.0000e-12  -66.89096  -68.92481 333.416316      99.97 4.7252e+02   1183.727      28410  1030.3627  1030.3619    34.7190    34.7180    7.76378         28 0.0000e+00
    546.000    539.865     1.2836  30.178562     1.2837  30.177706     4.2122     4.2544    -0.0135    97.3176 1.0000e-12  -66.89096  -68.92482 333.416334      99.97 4.7245e+02   1185.236      28447  1030.3679  1030.3670    34.7192    34.7180    7.76476         40 0.0000e+00
    547.000    540.852     1.2832  30.178434     1.2830  30.177665     4.2112     4.2546    -0.0094    97.3184 1.0000e-12  -66.89096  -68.92482 333.416355      99.98 4.7385e+02   1187.046      28490  1030.3724  1030.3718    34.7190    34.7182    7.76485         37 0.0000e+00
    548.000    541.839     1.2832  30.179026     1.2830  30.178098     4.2173     4.2601    -0.0068    97.3435 1.0000e-12  -66.89096  -68.92482 333.416371      99.97 4.7424e+02   1188.440      28524  1030.3771  1030.3764    34.7191    34.7182    7.76484         27 0.0000e+00
    549.000    542.830     1.2830  30.179468     1.2829  30.178575     4.2091     4.2604    -0.0074    97.3361 1.0000e-12  -66.89096  -68.92482 333.416383      99.98 4.7422e+02   1189.455      28548  1030.3819  1030.3811    34.7194    34.7183    7.76487         25 0.0000e+00
    550.000    543.813     1.2830  30.179739     1.2828  30.178923     4.2065     4.2633    -0.0142    97.3218 1.0000e-12  -66.89096  -68.92479 333.416395      99.97 4.7325e+02   1190.521      28574  1030.3864  1030.3858    34.7192    34.7183    7.76489         28 0.0000e+00
    551.000    544.802     1.2824  30.179708     1.2822  30.178867     4.2070     4.2611    -0.0073    97.3242 1.0000e-12  -66.89096  -68.92478 333.416410      99.98 4.7246e+02   1191.783      28604  1030.3911  1030.3904    34.7191    34.7183    7.76500         31 0.0000e+00
    552.000    545.792     1.2820  30.179865     1.2818  30.178994     4.2215     4.2633    -0.0060    97.3424 1.0000e-12  -66.89096  -68.92478 333.416423      99.97 4.7245e+02   1192.983      28633  1030.3959  1030.3952    34.7193    34.7183    7.76508         26 0.0000e+00
    553.000    546.777     1.2810  30.179631     1.2808  30.178621     4.2240     4.2616    -0.0067    97.3445 1.0000e-12  -66.89096  -68.92479 333.416435      99.98 4.7245e+02   1193.950      28656  1030.4008  1030.4000    34.7194    34.7185    7.76525         21 0.0000e+00
    554.000    547.765     1.2779  30.177470     1.2778  30.176704     4.2194     4.2624    -0.0061    97.3419 1.0000e-12  -66.89096  -68.92480 333.416444      99.97 4.7245e+02   1194.776      28676  1030.4059  1030.4052    34.7196    34.7187    7.76587         18 0.0000e+00
    555.000    548.752     1.2775  30.177637     1.2776  30.176923     4.2205     4.2618    -0.0104    97.3406 1.0000e-12  -66.89096  -68.92480 333.416453      99.98 4.7200e+02   1195.552      28694  1030.4106  1030.4098    34.7196    34.7187    7.76594         19 0.0000e+00
    556.000    549.739     1.2775  30.178136     1.2774  30.177192     4.2179     4.2599    -0.0129    97.3433 1.0000e-12  -66.89096  -68.92482 333.416463      99.97 4.7112e+02   1196.361      28714  1030.4153  1030.4145    34.7197    34.7187    7.76593         21 0.0000e+00
    557.000    550.727     1.2769  30.177941     1.2772  30.177443     4.2087     4.2623    -0.0074    97.3315 1.0000e-12  -66.89096  -68.92480 333.416476      99.97 4.7223e+02   1197.528      28742  1030.4199  1030.4191    34.7196    34.7186    7.76607         35 0.0000e+00
    558.000    551.714     1.2768  30.178328     1.2767  30.177408     4.2212     4.2657    -0.0113    97.3339 1.0000e-12  -66.89096  -68.92479 333.416506      99.98 4.7093e+02   1200.084      28803  1030.4245  1030.4237    34.7196    34.7185    7.76608         38 0.0000e+00
    559.000    552.702     1.2732  30.175676     1.2729  30.174629     4.2279     4.2693    -0.0076    97.3367 1.0000e-12  -66.89096  -68.92478 333.416521      99.98 4.7068e+02   1201.380      28834  1030.4296  1030.4289    34.7196    34.7186    7.76679         23 0.0000e+00
    560.000    553.689     1.2710  30.174476     1.2711  30.173737     4.2383     4.2717    -0.0017    97.3320 1.0000e-12  -66.89096  -68.92478 333.416530      99.98 4.7069e+02   1202.162      28853  1030.4348  1030.4340    34.7199    34.7189    7.76720         16 0.0000e+00
    561.000    554.676     1.2693  30.173472     1.2694  30.172749     4.2371     4.2785     0.0015    97.3337 1.0000e-12  -66.89096  -68.92478 333.416537      99.97 4.7069e+02   1202.818      28869  1030.4396  1030.4388    34.7200    34.7189    7.76754         16 0.0000e+00
    562.000    555.664     1.2685  30.173336     1.2691  30.172868     4.2360     4.2813    -0.0057    97.3181 1.0000e-12  -66.89096  -68.92478 333.416545      99.98 4.7069e+02   1203.459      28884  1030.4445  1030.4435    34.7201    34.7189    7.76769         16 0.0000e+00
    563.000    556.653     1.2667  30.172136     1.2667  30.171364     4.2415     4.2792    -0.0063    97.3327 1.0000e-12  -66.89096  -68.92478 333.416553      99.97 4.7069e+02   1204.212      28902  1030.4493  1030.4485    34.7200    34.7190    7.76806         21 0.0000e+00
    564.000    557.640     1.2636  30.169981     1.2634  30.168953     4.2388     4.2848    -0.0111    97.3271 1.0000e-12  -66.89096  -68.92478 333.416569      99.98 4.7069e+02   1205.544      28934  1030.4544  1030.4535    34.7202    34.7190    7.76867         42 0.0000e+00
    565.000    558.625     1.2629  30.169684     1.2627  30.168803     4.2352     4.2800    -0.0111    97.3364 1.0000e-12  -66.89096  -68.92478 333.416590      99.97 4.7069e+02   1207.373      28978  1030.4588  1030.4582    34.7199    34.7191    7.76881         37 0.0000e+00
    566.000    559.614     1.2623  30.169614     1.2618  30.168571     4.2326     4.2818    -0.0051    97.3315 1.0000e-12  -66.89098  -68.92478 333.416608      99.97 4.7069e+02   1208.916      29015  1030.4636  1030.4630    34.7200    34.7192    7.76894         37 0.0000e+00
    567.000    560.601     1.2618  30.169753     1.2617  30.168827     4.2397     4.2859    -0.0092    97.3352 1.0000e-12  -66.89098  -68.92477 333.416626      99.98 4.6875e+02   1210.531      29054  1030.4684  1030.4676    34.7201    34.7191    7.76903         38 0.0000e+00
    568.000    561.589     1.2615  30.169885     1.2615  30.169128     4.2369     4.2841    -0.0144    97.2950 1.0000e-12  -66.89098  -68.92476 333.416644      99.98 4.6713e+02   1212.053      29090  1030.4730  1030.4723    34.7201    34.7191    7.76909         32 0.0000e+00
    569.000    562.575     1.2611  30.170179     1.2609  30.169233     4.2359     4.2832    -0.0150    97.2860 1.0000e-12  -66.89098  -68.92476 333.416657      99.97 4.6606e+02   1213.199      29118  1030.4779  1030.4771    34.7204    34.7193    7.76916         23 0.0000e+00
    570.000    563.564     1.2607  30.170318     1.2607  30.169564     4.2326     4.2867    -0.0118    97.3428 1.0000e-12  -66.89096  -68.92478 333.416667      99.98 4.6638e+02   1214.013      29137  1030.4826  1030.4818    34.7203    34.7194    7.76922         18 0.0000e+00
    571.000    564.550     1.2604  30.170522     1.2603  30.169678     4.2302     4.2863    -0.0059    97.3320 1.0000e-12  -66.89096  -68.92478 333.416675      98.77 4.6716e+02   1214.731      29155  1030.4873  1030.4865    34.7204    34.7194    7.76929         16 0.0000e+00
    572.000    565.538     1.2597  30.170394     1.2596  30.169543     4.2373     4.2883    -0.0073    97.3063 1.0000e-12  -66.89096  -68.92478 333.416683      36.47 4.6716e+02   1215.432      29171  1030.4921  1030.4913    34.7204    34.7194    7.76942         18 0.0000e+00
    573.000    566.525     1.2597  30.170825     1.2595  30.169841     4.2395     4.2885    -0.0096    97.3344 1.0000e-12  -66.89096  -68.92478 333.416692      98.34 4.6716e+02   1216.189      29190  1030.4967  1030.4959    34.7204    34.7194    7.76942         19 0.0000e+00
    574.000    567.513     1.2581  30.169944     1.2582  30.169103     4.2431     4.2911    -0.0148    97.3138 1.0000e-12  -66.89096  -68.92478 333.416703      99.98 4.6716e+02   1217.150      29213  1030.5016  1030.5007    34.7205    34.7193    7.76974         28 0.0000e+00
    575.000    568.499     1.2573  30.169689     1.2573  30.168777     4.2422     4.2918    -0.0136    97.3203 1.0000e-12  -66.89097  -68.92477 333.416720      99.97 4.6884e+02   1218.651      29249  1030.5063  1030.5054    34.7204    34.7193    7.76989         41 0.0000e+00
    576.000    569.487     1.2567  30.169644     1.2567  30.168730     4.2442     4.2914    -0.0016    97.3170 1.0000e-12  -66.89099  -68.92475 333.416744      99.98 4.6839e+02   1220.674      29297  1030.5110  1030.5101    34.7204    34.7193    7.77000         42 0.0000e+00
    577.000    570.475     1.2556  30.168964     1.2551  30.167781     4.2447     4.2948    -0.0124    97.3282 1.0000e-12  -66.89099  -68.92475 333.416764      99.98 4.6670e+02   1222.450      29340  1030.5157  1030.5150    34.7203    34.7193    7.77024         37 0.0000e+00
    578.000    571.461     1.2543  30.168295     1.2538  30.167112     4.2407     4.2922    -0.0097    97.3398 1.0000e-12  -66.89098  -68.92476 333.416780      99.98 4.6454e+02   1223.801      29372  1030.5204  1030.5197    34.7202    34.7193    7.77049         29 0.0000e+00
    579.000    572.450     1.2530  30.167574     1.2520  30.166037     4.2434     4.2959    -0.0104    97.3363 1.0000e-12  -66.89098  -68.92476 333.416792      99.98 4.6284e+02   1224.851      29397  1030.5253  1030.5247    34.7202    34.7194    7.77076         22 0.0000e+00
    580.000    573.436     1.2539  30.168837     1.2535  30.167779     4.2513     4.2950     0.0007    97.3421 1.0000e-12  -66.89098  -68.92476 333.416803      99.97 4.6187e+02   1225.754      29419  1030.5299  1030.5292    34.7203    34.7194    7.77058         21 0.0000e+00
    581.000    574.424     1.2498  30.165748     1.2498  30.164869     4.2564     4.2967    -0.0223    97.3284 1.0000e-12  -66.89098  -68.92476 333.416813      99.97 4.6213e+02   1226.636      29440  1030.5349  1030.5341    34.7203    34.7192    7.77138         21 0.0000e+00
    582.000    575.411     1.2484  30.164870     1.2491  30.164617     4.2552     4.3003    -0.0100    97.3279 1.0000e-12  -66.89098  -68.92476 333.416823      99.98 4.6363e+02   1227.472      29460  1030.5397  1030.5387    34.7202    34.7191    7.77167         20 0.0000e+00
    583.000    576.399     1.2470  30.164211     1.2470  30.163390     4.2548     4.3001    -0.0106    97.3241 1.0000e-12  -66.89098  -68.92476 333.416832      99.91 4.6494e+02   1228.300      29480  1030.5446  1030.5437    34.7203    34.7192    7.77194         20 0.0000e+00
    584.000    577.386     1.2466  30.164224     1.2466  30.163362     4.2587     4.3062    -0.0146    97.3349 1.0000e-12  -66.89098  -68.92476 333.416844      99.07 4.6538e+02   1229.295      29504  1030.5492  1030.5483    34.7202    34.7191    7.77203         29 0.0000e+00
