NBP2113_155081_ctd/data/dnbp2113_056.cnv
* Sea-Bird SBE 9 Data File:
* FileName = D:\Data\raw\NBP2113_056.hex
* Software Version Seasave V 7.26.7.121
* Temperature SN = 2438
* Conductivity SN = 2067
* Number of Bytes Per Scan = 40
* Number of Voltage Words = 5
* Number of Scans Averaged by the Deck Unit = 1
* NMEA Latitude = 64 53.69 S
* NMEA Longitude = 064 47.29 W
* NMEA UTC (Time) = Dec 11 2021  22:36:48
* NMEA baud rate = 9600
** Ship: RVIB N.B. Palmer
** Cruise: NBP2113 LTER
** Station: 591.057
** Operator: S. Blackman
# nquan = 25
# nvalues = 656                         
# units = specified
# name 0 = prDM: Pressure, Digiquartz [db]
# name 1 = depSM: Depth [salt water, m]
# name 2 = t090C: Temperature [ITS-90, deg C]
# name 3 = c0mS/cm: Conductivity [mS/cm]
# name 4 = t190C: Temperature, 2 [ITS-90, deg C]
# name 5 = c1mS/cm: Conductivity, 2 [mS/cm]
# name 6 = sbeox0ML/L: Oxygen, SBE 43 [ml/l]
# name 7 = sbeox1ML/L: Oxygen, SBE 43, 2 [ml/l]
# name 8 = flECO-AFL: Fluorescence, WET Labs ECO-AFL/FL [mg/m^3]
# name 9 = CStarTr0: Beam Transmission, WET Labs C-Star [%]
# name 10 = par: PAR/Irradiance, Biospherical/Licor
# name 11 = latitude: Latitude [deg]
# name 12 = longitude: Longitude [deg]
# name 13 = timeJ: Julian Days
# name 14 = altM: Altimeter [m]
# name 15 = spar: SPAR, Biospherical/Licor
# name 16 = timeS: Time, Elapsed [seconds]
# name 17 = scan: Scan Count
# name 18 = density00: Density [density, kg/m^3]
# name 19 = density11: Density, 2 [density, kg/m^3]
# name 20 = sal00: Salinity, Practical [PSU]
# name 21 = sal11: Salinity, Practical, 2 [PSU]
# name 22 = oxsolML/L: Oxygen Saturation, Garcia & Gordon [ml/l]
# name 23 = nbin: number of scans per bin
# name 24 = flag: flag
# span 0 =      5.000,    660.000       
# span 1 =      4.951,    652.487       
# span 2 =    -0.6101,     1.4677       
# span 3 =  27.472251,  30.361230       
# span 4 =    -0.6100,     1.4677       
# span 5 =  27.471279,  30.360388       
# span 6 =     4.0492,     8.1885       
# span 7 =     4.1114,     8.1803       
# span 8 =    -0.0223,     1.9427       
# span 9 =    82.4612,    91.4497       
# span 10 = -1.912e-06, 3.2905e+01      
# span 11 =  -64.89494,  -64.89482      
# span 12 =  -64.78952,  -64.78866      
# span 13 = 345.945522, 345.956727      
# span 14 =       2.16,     101.20      
# span 15 = 1.0404e+02, 1.5866e+02      
# span 16 =    285.066,   1253.232      
# span 17 =       6843,      30079      
# span 18 =  1027.0280,  1030.8555      
# span 19 =  1027.0274,  1030.8543      
# span 20 =    33.5884,    34.6846      
# span 21 =    33.5863,    34.6833      
# span 22 =    7.73036,    8.22066      
# span 23 =          8,         47      
# span 24 = 0.0000e+00, 0.0000e+00      
# interval = decibars: 1                
# start_time = Dec 11 2021 22:36:48 [NMEA time, header]
# bad_flag = -9.990e-29
*END*
[from data line 174]
    179.000    177.170     0.8215  29.462133     0.8212  29.460855     4.8941     4.9478     0.0069    91.0604 1.0000e-12  -64.89488  -64.78913 345.949709      99.97 1.1635e+02    646.849      15525  1028.5208  1028.5198    34.5236    34.5223    7.86774         26 0.0000e+00
    180.000    178.159     0.8250  29.465919     0.8246  29.464524     4.8717     4.9325     0.0082    91.0604 1.0000e-12  -64.89488  -64.78911 345.949721      99.97 1.1635e+02    647.884      15550  1028.5257  1028.5246    34.5241    34.5227    7.86702         23 0.0000e+00
    181.000    179.147     0.8282  29.469755     0.8277  29.468272     4.8455     4.9151     0.0143    91.0604 1.0000e-12  -64.89488  -64.78910 345.949732      99.97 1.1635e+02    648.810      15572  1028.5308  1028.5298    34.5249    34.5235    7.86632         22 0.0000e+00
    182.000    180.138     0.8451  29.486854     0.8446  29.485620     4.8260     4.9067     0.0071    91.0604 1.0000e-12  -64.89488  -64.78910 345.949742      99.97 1.1635e+02    649.700      15594  1028.5362  1028.5354    34.5276    34.5266    7.86275         22 0.0000e+00
    183.000    181.129     0.8636  29.507509     0.8631  29.505709     4.8266     4.9008     0.0069    91.0466 1.0000e-12  -64.89488  -64.78911 345.949755      99.97 1.1635e+02    650.805      15620  1028.5439  1028.5425    34.5333    34.5315    7.85872         29 0.0000e+00
    184.000    182.115     0.8713  29.516331     0.8732  29.516684     4.8232     4.8762    -0.0029    91.0611 1.0000e-12  -64.89488  -64.78912 345.949783      99.96 1.1635e+02    653.207      15678  1028.5500  1028.5486    34.5355    34.5339    7.85704         28 0.0000e+00
    185.000    183.105     0.8843  29.530587     0.8833  29.528589     4.8095     4.8664     0.0029    91.0501 1.0000e-12  -64.89488  -64.78912 345.949800      99.97 1.1635e+02    654.741      15715  1028.5565  1028.5554    34.5389    34.5374    7.85423         23 0.0000e+00
    186.000    184.096     0.8876  29.534447     0.8869  29.532884     4.8043     4.8641     0.0062    91.0359 1.0000e-12  -64.89488  -64.78912 345.949810      99.97 1.1635e+02    655.594      15735  1028.5617  1028.5608    34.5396    34.5384    7.85353         19 0.0000e+00
    187.000    185.084     0.8909  29.538374     0.8905  29.536814     4.8043     4.8642     0.0069    90.9258 1.0000e-12  -64.89488  -64.78912 345.949819      99.97 1.1713e+02    656.355      15754  1028.5669  1028.5657    34.5405    34.5390    7.85282         18 0.0000e+00
    188.000    186.072     0.8963  29.544344     0.8960  29.543013     4.8037     4.8575     0.0015    90.9814 1.0000e-12  -64.89488  -64.78910 345.949828      99.97 1.1793e+02    657.140      15772  1028.5721  1028.5711    34.5416    34.5403    7.85167         20 0.0000e+00
    189.000    187.064     0.9005  29.549251     0.9000  29.547733     4.7919     4.8493    -0.0004    91.0290 1.0000e-12  -64.89488  -64.78910 345.949839      99.97 1.1811e+02    658.106      15796  1028.5775  1028.5764    34.5427    34.5413    7.85077         27 0.0000e+00
    190.000    188.052     0.9048  29.553785     0.9047  29.552446     4.7731     4.8422    -0.0004    91.0541 1.0000e-12  -64.89488  -64.78910 345.949853      99.97 1.1811e+02    659.278      15824  1028.5823  1028.5811    34.5432    34.5416    7.84987         28 0.0000e+00
    191.000    189.042     0.9149  29.564560     0.9148  29.563272     4.7698     4.8379    -0.0057    91.0426 1.0000e-12  -64.89488  -64.78908 345.949867      99.97 1.1811e+02    660.471      15852  1028.5880  1028.5868    34.5453    34.5438    7.84772         29 0.0000e+00
    192.000    190.032     0.9204  29.570863     0.9200  29.569484     4.7663     4.8346    -0.0046    91.0480 1.0000e-12  -64.89490  -64.78910 345.949882      99.97 1.1811e+02    661.812      15884  1028.5935  1028.5925    34.5467    34.5454    7.84653         33 0.0000e+00
    193.000    191.019     0.9217  29.572600     0.9214  29.571438     4.7748     4.8268     0.0134    91.0452 1.0000e-12  -64.89490  -64.78910 345.949905      99.97 1.1811e+02    663.830      15933  1028.5985  1028.5977    34.5469    34.5458    7.84626         39 0.0000e+00
    194.000    192.010     0.9257  29.577150     0.9250  29.575589     4.7627     4.8117    -0.0086    91.0635 1.0000e-12  -64.89490  -64.78908 345.949922      99.97 1.1811e+02    665.291      15968  1028.6038  1028.6028    34.5479    34.5465    7.84542         25 0.0000e+00
    195.000    192.999     0.9291  29.581097     0.9287  29.579746     4.7359     4.7994    -0.0002    91.0560 1.0000e-12  -64.89490  -64.78908 345.949932      99.97 1.1811e+02    666.126      15988  1028.6088  1028.6078    34.5485    34.5472    7.84469         18 0.0000e+00
    196.000    193.986     0.9363  29.588807     0.9359  29.587441     4.7278     4.7905     0.0030    91.0518 1.0000e-12  -64.89490  -64.78908 345.949940      99.97 1.1811e+02    666.800      16004  1028.6140  1028.6130    34.5499    34.5486    7.84317         15 0.0000e+00
    197.000    194.977     0.9398  29.593463     0.9393  29.591947     4.7246     4.7863     0.0069    91.0622 1.0000e-12  -64.89490  -64.78908 345.949947      99.96 1.1811e+02    667.394      16018  1028.6197  1028.6186    34.5515    34.5501    7.84238         14 0.0000e+00
    198.000    195.969     0.9477  29.601108     0.9478  29.600481     4.7169     4.7865    -0.0047    91.0794 1.0000e-12  -64.89490  -64.78908 345.949954      99.97 1.1811e+02    668.007      16033  1028.6241  1028.6234    34.5519    34.5510    7.84076         16 0.0000e+00
    199.000    196.956     0.9576  29.612826     0.9574  29.611646     4.7286     4.7937    -0.0054    91.0701 1.0000e-12  -64.89489  -64.78908 345.949963      99.97 1.1811e+02    668.773      16052  1028.6309  1028.6299    34.5555    34.5542    7.83858         23 0.0000e+00
    200.000    197.943     0.9560  29.611528     0.9565  29.611152     4.7195     4.7806     0.0016    91.0763 1.0000e-12  -64.89489  -64.78908 345.949991      99.97 1.1811e+02    671.250      16111  1028.6358  1028.6348    34.5551    34.5540    7.83893         30 0.0000e+00
    201.000    198.934     0.9698  29.625785     0.9700  29.624902     4.6993     4.7630     0.0012    91.0857 1.0000e-12  -64.89490  -64.78908 345.950015      99.97 1.1811e+02    673.325      16161  1028.6413  1028.6402    34.5575    34.5562    7.83602         26 0.0000e+00
    202.000    199.924     0.9781  29.635426     0.9779  29.634291     4.6843     4.7519    -0.0082    90.9285 1.0000e-12  -64.89490  -64.78908 345.950026      99.97 1.1811e+02    674.271      16184  1028.6474  1028.6465    34.5601    34.5590    7.83421         23 0.0000e+00
    203.000    200.912     0.9826  29.640538     0.9817  29.638706     4.6765     4.7418    -0.0077    91.1118 1.0000e-12  -64.89490  -64.78908 345.950037      99.97 1.1811e+02    675.208      16206  1028.6527  1028.6516    34.5612    34.5598    7.83326         23 0.0000e+00
    204.000    201.902     0.9918  29.650309     0.9917  29.648007     4.6751     4.7359    -0.0083    91.1119 1.0000e-12  -64.89490  -64.78906 345.950048      99.97 1.1811e+02    676.163      16229  1028.6581  1028.6560    34.5630    34.5604    7.83131         24 0.0000e+00
    205.000    202.892     0.9939  29.653267     0.9932  29.651622     4.6571     4.7291    -0.0080    91.1119 1.0000e-12  -64.89490  -64.78906 345.950060      99.97 1.1811e+02    677.186      16253  1028.6635  1028.6625    34.5639    34.5625    7.83085         25 0.0000e+00
    206.000    203.880     0.9995  29.658837     0.9993  29.657610     4.6342     4.7114     0.0064    91.1119 1.0000e-12  -64.89490  -64.78906 345.950072      99.97 1.1811e+02    678.219      16278  1028.6680  1028.6670    34.5642    34.5629    7.82969         24 0.0000e+00
    207.000    204.869     1.0152  29.675833     1.0145  29.673918     4.6304     4.7049     0.0002    91.1097 1.0000e-12  -64.89490  -64.78904 345.950084      99.97 1.1811e+02    679.230      16303  1028.6746  1028.6733    34.5682    34.5665    7.82634         24 0.0000e+00
    208.000    205.859     1.0228  29.684652     1.0225  29.683477     4.6362     4.7012    -0.0066    91.1001 1.0000e-12  -64.89490  -64.78904 345.950096      99.97 1.1811e+02    680.267      16327  1028.6805  1028.6796    34.5704    34.5693    7.82469         26 0.0000e+00
    209.000    206.848     1.0254  29.687590     1.0250  29.686069     4.6414     4.6959    -0.0017    91.1200 1.0000e-12  -64.89490  -64.78906 345.950109      99.97 1.1811e+02    681.385      16354  1028.6855  1028.6844    34.5708    34.5693    7.82415         28 0.0000e+00
    210.000    207.837     1.0249  29.687884     1.0241  29.686099     4.6394     4.7008    -0.0069    91.0918 1.0000e-12  -64.89490  -64.78906 345.950122      99.97 1.1811e+02    682.572      16383  1028.6907  1028.6897    34.5711    34.5698    7.82423         29 0.0000e+00
    211.000    208.827     1.0299  29.692895     1.0299  29.691847     4.6350     4.6957    -0.0077    91.1227 1.0000e-12  -64.89490  -64.78906 345.950137      99.97 1.1811e+02    683.799      16412  1028.6953  1028.6943    34.5714    34.5701    7.82321         30 0.0000e+00
    212.000    209.815     1.0328  29.696739     1.0326  29.695530     4.6333     4.6900    -0.0030    91.1302 1.0000e-12  -64.89490  -64.78906 345.950152      99.97 1.1811e+02    685.140      16444  1028.7009  1028.6999    34.5726    34.5713    7.82257         35 0.0000e+00
    213.000    210.805     1.0334  29.697733     1.0333  29.696627     4.6414     4.6891     0.0074    91.1288 1.0000e-12  -64.89490  -64.78905 345.950170      99.97 1.1811e+02    686.671      16481  1028.7057  1028.7047    34.5726    34.5713    7.82245         35 0.0000e+00
    214.000    211.795     1.0332  29.697975     1.0334  29.697038     4.6302     4.6827    -0.0052    91.1490 1.0000e-12  -64.89490  -64.78904 345.950186      99.97 1.1811e+02    688.110      16516  1028.7106  1028.7094    34.5726    34.5712    7.82250         32 0.0000e+00
    215.000    212.783     1.0345  29.699459     1.0367  29.700803     4.6318     4.6755     0.0060    91.1542 1.0000e-12  -64.89490  -64.78904 345.950201      99.97 1.1811e+02    689.339      16545  1028.7151  1028.7144    34.5724    34.5718    7.82224         28 0.0000e+00
    216.000    213.772     1.0383  29.703807     1.0375  29.702173     4.6310     4.6787    -0.0007    91.1780 1.0000e-12  -64.89490  -64.78904 345.950213      99.97 1.1811e+02    690.419      16571  1028.7202  1028.7193    34.5733    34.5720    7.82144         23 0.0000e+00
    217.000    214.762     1.0382  29.704416     1.0379  29.703198     4.6253     4.6755    -0.0082    91.2057 1.0000e-12  -64.89490  -64.78902 345.950224      99.97 1.1811e+02    691.354      16593  1028.7253  1028.7243    34.5736    34.5723    7.82144         21 0.0000e+00
    218.000    215.751     1.0386  29.705331     1.0382  29.703660     4.6194     4.6753    -0.0024    91.1919 1.0000e-12  -64.89490  -64.78902 345.950233      99.97 1.1811e+02    692.154      16613  1028.7301  1028.7287    34.5737    34.5720    7.82135         18 0.0000e+00
    219.000    216.738     1.0408  29.707693     1.0393  29.705425     4.6256     4.6758    -0.0018    91.2038 1.0000e-12  -64.89490  -64.78902 345.950242      99.97 1.1811e+02    692.861      16630  1028.7347  1028.7338    34.5738    34.5725    7.82092         16 0.0000e+00
    220.000    217.731     1.0414  29.709006     1.0398  29.706247     4.6243     4.6716    -0.0077    91.2053 1.0000e-12  -64.89490  -64.78902 345.950249      99.97 1.1811e+02    693.520      16645  1028.7396  1028.7383    34.5741    34.5723    7.82076         16 0.0000e+00
    221.000    218.719     1.0429  29.710662     1.0422  29.708990     4.6166     4.6694    -0.0077    91.1856 1.0000e-12  -64.89490  -64.78902 345.950257      99.97 1.1811e+02    694.206      16662  1028.7443  1028.7432    34.5741    34.5727    7.82048         18 0.0000e+00
    222.000    219.707     1.0436  29.712036     1.0428  29.710099     4.6236     4.6660    -0.0051    91.1871 1.0000e-12  -64.89490  -64.78904 345.950268      99.97 1.1811e+02    695.112      16684  1028.7492  1028.7480    34.5745    34.5728    7.82031         25 0.0000e+00
    223.000    220.698     1.0432  29.711958     1.0437  29.711391     4.6197     4.6681    -0.0137    91.2351 1.0000e-12  -64.89490  -64.78903 345.950317      99.97 1.1983e+02    699.396      16787  1028.7539  1028.7529    34.5742    34.5730    7.82040         32 0.0000e+00
    224.000    221.685     1.0454  29.714710     1.0453  29.713629     4.6183     4.6652    -0.0133    91.2371 1.0000e-12  -64.89490  -64.78901 345.950331      99.97 1.1988e+02    700.601      16815  1028.7589  1028.7579    34.5748    34.5735    7.81994         21 0.0000e+00
    225.000    222.676     1.0455  29.715295     1.0448  29.713703     4.6135     4.6583    -0.0076    91.2364 1.0000e-12  -64.89490  -64.78900 345.950340      99.97 1.1988e+02    701.409      16835  1028.7636  1028.7627    34.5748    34.5735    7.81991         18 0.0000e+00
    226.000    223.663     1.0486  29.718926     1.0457  29.715015     4.5994     4.6548    -0.0077    91.2392 1.0000e-12  -64.89490  -64.78900 345.950349      99.97 1.1988e+02    702.132      16852  1028.7687  1028.7675    34.5755    34.5736    7.81926         17 0.0000e+00
    227.000    224.653     1.0485  29.718998     1.0471  29.716562     4.5824     4.6492    -0.0077    91.2261 1.0000e-12  -64.89490  -64.78900 345.950357      99.97 1.1988e+02    702.817      16869  1028.7730  1028.7719    34.5750    34.5735    7.81930         16 0.0000e+00
    228.000    225.642     1.0515  29.722764     1.0514  29.721452     4.5721     4.6417    -0.0077    91.2392 1.0000e-12  -64.89490  -64.78900 345.950365      99.97 1.1988e+02    703.515      16885  1028.7782  1028.7770    34.5760    34.5745    7.81864         18 0.0000e+00
    229.000    226.632     1.0594  29.730746     1.0586  29.729371     4.5757     4.6384    -0.0077    91.2378 1.0000e-12  -64.89492  -64.78900 345.950373      99.97 1.1988e+02    704.262      16903  1028.7829  1028.7823    34.5769    34.5760    7.81702         18 0.0000e+00
    230.000    227.620     1.0704  29.742636     1.0693  29.740496     4.5762     4.6353    -0.0077    91.2407 1.0000e-12  -64.89492  -64.78900 345.950383      99.97 1.1988e+02    705.082      16923  1028.7887  1028.7876    34.5794    34.5780    7.81468         21 0.0000e+00
    231.000    228.609     1.0704  29.743828     1.0702  29.742677     4.5821     4.6408    -0.0077    91.2407 1.0000e-12  -64.89490  -64.78900 345.950395      99.97 1.1988e+02    706.095      16947  1028.7942  1028.7932    34.5803    34.5791    7.81463         28 0.0000e+00
    232.000    229.600     1.0677  29.741489     1.0675  29.740286     4.5847     4.6410    -0.0073    91.2407 1.0000e-12  -64.89490  -64.78900 345.950412      99.97 1.1988e+02    707.557      16982  1028.7989  1028.7978    34.5798    34.5784    7.81521         40 0.0000e+00
    233.000    230.588     1.0678  29.741712     1.0673  29.740302     4.5771     4.6293    -0.0095    91.2947 1.0000e-12  -64.89490  -64.78901 345.950448      99.97 1.2129e+02    710.722      17058  1028.8034  1028.8023    34.5794    34.5781    7.81521         31 0.0000e+00
    234.000    231.576     1.0704  29.744854     1.0701  29.743607     4.5747     4.6198    -0.0001    91.2220 1.0000e-12  -64.89490  -64.78900 345.950465      99.97 1.2165e+02    712.186      17093  1028.8083  1028.8073    34.5800    34.5787    7.81466         22 0.0000e+00
    235.000    232.564     1.0722  29.747131     1.0713  29.745486     4.5686     4.6167    -0.0115    91.3004 1.0000e-12  -64.89490  -64.78900 345.950474      99.97 1.2164e+02    712.991      17113  1028.8132  1028.8123    34.5803    34.5792    7.81428         18 0.0000e+00
