NBP2113_155081_ctd/data/dnbp2113_040.cnv
* Sea-Bird SBE 9 Data File:
* FileName = D:\Data\raw\NBP2113_040.hex
* Software Version Seasave V 7.26.7.121
* Temperature SN = 2438
* Conductivity SN = 2067
* Number of Bytes Per Scan = 40
* Number of Voltage Words = 5
* Number of Scans Averaged by the Deck Unit = 1
* NMEA Latitude = 64 51.74 S
* NMEA Longitude = 063 55.31 W
* NMEA UTC (Time) = Dec 10 2021  12:43:38
* NMEA baud rate = 9600
** Ship: RVIB N.B. Palmer
** Cruise: NBP2113 LTER
** Station: 621.028
** Operator: B. Urmston
# nquan = 25
# nvalues = 374                         
# units = specified
# name 0 = prDM: Pressure, Digiquartz [db]
# name 1 = depSM: Depth [salt water, m]
# name 2 = t090C: Temperature [ITS-90, deg C]
# name 3 = c0mS/cm: Conductivity [mS/cm]
# name 4 = t190C: Temperature, 2 [ITS-90, deg C]
# name 5 = c1mS/cm: Conductivity, 2 [mS/cm]
# name 6 = sbeox0ML/L: Oxygen, SBE 43 [ml/l]
# name 7 = sbeox1ML/L: Oxygen, SBE 43, 2 [ml/l]
# name 8 = flECO-AFL: Fluorescence, WET Labs ECO-AFL/FL [mg/m^3]
# name 9 = CStarTr0: Beam Transmission, WET Labs C-Star [%]
# name 10 = par: PAR/Irradiance, Biospherical/Licor
# name 11 = latitude: Latitude [deg]
# name 12 = longitude: Longitude [deg]
# name 13 = timeJ: Julian Days
# name 14 = altM: Altimeter [m]
# name 15 = spar: SPAR, Biospherical/Licor
# name 16 = timeS: Time, Elapsed [seconds]
# name 17 = scan: Scan Count
# name 18 = density00: Density [density, kg/m^3]
# name 19 = density11: Density, 2 [density, kg/m^3]
# name 20 = sal00: Salinity, Practical [PSU]
# name 21 = sal11: Salinity, Practical, 2 [PSU]
# name 22 = oxsolML/L: Oxygen Saturation, Garcia & Gordon [ml/l]
# name 23 = nbin: number of scans per bin
# name 24 = flag: flag
# span 0 =      5.000,    378.000       
# span 1 =      4.952,    373.956       
# span 2 =    -0.3370,     1.2701       
# span 3 =  27.887120,  30.018262       
# span 4 =    -0.3377,     1.2698       
# span 5 =  27.885225,  30.017028       
# span 6 =     4.3209,     8.0937       
# span 7 =     4.3952,     8.1120       
# span 8 =    -0.0184,     1.6729       
# span 9 =    88.0937,    94.7941       
# span 10 = -2.666e-06, 1.0416e+02      
# span 11 =  -64.86254,  -64.86210      
# span 12 =  -63.92198,  -63.92182      
# span 13 = 344.533863, 344.541795      
# span 14 =     -15.27,      99.98      
# span 15 = 3.2444e+02, 3.5786e+02      
# span 16 =    307.734,    993.110      
# span 17 =       7387,      23836      
# span 18 =  1027.1658,  1029.5114      
# span 19 =  1027.1638,  1029.5102      
# span 20 =    33.7839,    34.6318      
# span 21 =    33.7822,    34.6306      
# span 22 =    7.77215,    8.14011      
# span 23 =         11,         51      
# span 24 = 0.0000e+00, 0.0000e+00      
# interval = decibars: 1                
# start_time = Dec 10 2021 12:43:38 [NMEA time, header]
# bad_flag = -9.990e-29
*END*
[from data line 58]
     63.000     62.374    -0.3370  28.089344    -0.3377  28.087257     7.0495     7.1355     0.3722    93.6409 9.1079e-01  -64.86228  -63.92184 344.535895      99.97 3.5452e+02    483.336      11601  1027.6811  1027.6796    34.0796    34.0776    8.13348         39 0.0000e+00
     64.000     63.363    -0.3329  28.099015    -0.3326  28.098018     7.0313     7.1188     0.3108    93.7524 8.6010e-01  -64.86228  -63.92184 344.535920      99.97 3.5451e+02    485.488      11653  1027.6918  1027.6903    34.0874    34.0857    8.13217         41 0.0000e+00
     65.000     64.352    -0.3287  28.103989    -0.3296  28.101924     7.0272     7.1189     0.3159    93.7747 8.2562e-01  -64.86228  -63.92184 344.535943      99.97 3.5605e+02    487.499      11701  1027.6973  1027.6959    34.0887    34.0870    8.13119         43 0.0000e+00
     66.000     65.344    -0.3033  28.132503    -0.3037  28.130239     7.0267     7.1118     0.2885    93.8154 7.8455e-01  -64.86226  -63.92184 344.535986      99.97 3.5610e+02    491.184      11789  1027.7079  1027.7055    34.0978    34.0952    8.12526         29 0.0000e+00
     67.000     66.333    -0.2809  28.159432    -0.2819  28.156808     7.0267     7.1069     0.2756    93.8679 7.3553e-01  -64.86226  -63.92186 344.536024      99.97 3.5610e+02    494.471      11868  1027.7191  1027.7172    34.1080    34.1056    8.11988         45 0.0000e+00
     68.000     67.323    -0.2726  28.168742    -0.2744  28.165742     7.0069     7.0944     0.2748    93.8747 6.9678e-01  -64.86226  -63.92186 344.536056      99.97 3.5610e+02    497.254      11935  1027.7255  1027.7241    34.1105    34.1085    8.11797         44 0.0000e+00
     69.000     68.313    -0.2595  28.185799    -0.2602  28.183677     7.0026     7.0768     0.2657    93.8968 6.6491e-01  -64.86226  -63.92186 344.536083      99.97 3.5610e+02    499.560      11990  1027.7356  1027.7340    34.1180    34.1159    8.11475         51 0.0000e+00
     70.000     69.299    -0.2576  28.189601    -0.2580  28.186846     6.9746     7.0670     0.2486    93.9313 6.3813e-01  -64.86226  -63.92186 344.536119      99.97 3.5610e+02    502.708      12066  1027.7425  1027.7399    34.1203    34.1171    8.11421         30 0.0000e+00
     71.000     70.293    -0.2567  28.191600    -0.2569  28.189957     6.9791     7.0658     0.2371    93.9220 6.0388e-01  -64.86225  -63.92186 344.536157      99.97 3.5610e+02    505.963      12144  1027.7482  1027.7467    34.1213    34.1194    8.11395         45 0.0000e+00
     72.000     71.283    -0.2563  28.192988    -0.2564  28.191384     6.9706     7.0501     0.2193    93.9108 5.7343e-01  -64.86224  -63.92188 344.536191      99.97 3.5610e+02    508.911      12215  1027.7537  1027.7521    34.1221    34.1202    8.11382         40 0.0000e+00
     73.000     72.272    -0.2552  28.195390    -0.2554  28.193588     6.9664     7.0493     0.2162    93.9411 5.4462e-01  -64.86224  -63.92188 344.536215      99.97 3.5610e+02    510.988      12265  1027.7596  1027.7579    34.1235    34.1214    8.11352         40 0.0000e+00
     74.000     73.263    -0.2539  28.198084    -0.2544  28.195965     6.9192     7.0155     0.2056    93.9606 5.2086e-01  -64.86224  -63.92188 344.536259      99.97 3.5462e+02    514.766      12355  1027.7657  1027.7639    34.1251    34.1228    8.11316         42 0.0000e+00
     75.000     74.252    -0.2565  28.199191    -0.2564  28.197757     6.8651     6.9713     0.1970    93.9246 4.9612e-01  -64.86223  -63.92188 344.536289      99.97 3.5435e+02    517.394      12418  1027.7737  1027.7720    34.1288    34.1268    8.11349         44 0.0000e+00
     76.000     75.241    -0.2622  28.196898    -0.2619  28.195589     6.8391     6.9536     0.2069    93.9767 4.6837e-01  -64.86222  -63.92189 344.536322      99.97 3.5434e+02    520.238      12487  1027.7811  1027.7794    34.1316    34.1295    8.11456         33 0.0000e+00
     77.000     76.230    -0.2629  28.196956    -0.2629  28.195408     6.8653     6.9433     0.2187    93.9858 4.4249e-01  -64.86222  -63.92190 344.536360      99.97 3.5434e+02    523.478      12564  1027.7861  1027.7844    34.1318    34.1298    8.11468         38 0.0000e+00
     78.000     77.222    -0.2636  28.197040    -0.2638  28.195445     6.8566     6.9381     0.2256    93.9754 4.2152e-01  -64.86222  -63.92190 344.536391      99.97 3.5434e+02    526.145      12628  1027.7911  1027.7896    34.1321    34.1302    8.11481         39 0.0000e+00
     79.000     78.211    -0.2629  28.198661    -0.2632  28.196877     6.8415     6.9333     0.2144    93.9921 4.0652e-01  -64.86222  -63.92190 344.536421      99.97 3.5434e+02    528.762      12691  1027.7965  1027.7947    34.1329    34.1308    8.11463         37 0.0000e+00
     80.000     79.202    -0.2629  28.199007    -0.2630  28.197464     6.8405     6.9304     0.2185    93.9831 3.8277e-01  -64.86222  -63.92190 344.536458      99.97 3.5434e+02    531.933      12767  1027.8011  1027.7996    34.1327    34.1308    8.11463         33 0.0000e+00
     81.000     80.188    -0.2606  28.203557    -0.2613  28.200878     6.8287     6.9085     0.1996    93.9971 3.5998e-01  -64.86222  -63.92190 344.536496      99.97 3.5434e+02    535.221      12846  1027.8080  1027.8058    34.1356    34.1329    8.11398         33 0.0000e+00
     82.000     81.182    -0.2608  28.203629    -0.2603  28.202978     6.8205     6.9085     0.2276    94.0090 3.3876e-01  -64.86222  -63.92190 344.536529      99.97 3.5434e+02    538.118      12916  1027.8126  1027.8114    34.1353    34.1339    8.11404         34 0.0000e+00
     83.000     82.171    -0.2562  28.210976    -0.2574  28.207404     6.6758     6.8063     0.1960    93.9878 3.2506e-01  -64.86220  -63.92192 344.536565      99.97 3.5434e+02    541.218      12990  1027.8203  1027.8177    34.1394    34.1360    8.11283         37 0.0000e+00
     84.000     83.160    -0.2469  28.226806    -0.2467  28.225467     6.5961     6.7364     0.1615    94.0013 3.1141e-01  -64.86220  -63.92192 344.536588      99.97 3.5316e+02    543.236      13039  1027.8324  1027.8309    34.1494    34.1475    8.11027         37 0.0000e+00
     85.000     84.149    -0.2414  28.235614    -0.2421  28.233107     6.5301     6.6938     0.1572    94.0816 2.9391e-01  -64.86220  -63.92192 344.536617      99.97 3.5375e+02    545.687      13097  1027.8410  1027.8390    34.1545    34.1519    8.10883         31 0.0000e+00
     86.000     85.140    -0.2071  28.282635    -0.2078  28.280079     6.2867     6.4796     0.1686    94.1213 2.7434e-01  -64.86220  -63.92192 344.536672      99.97 3.5434e+02    550.468      13212  1027.8626  1027.8605    34.1781    34.1754    8.10019         32 0.0000e+00
     87.000     86.129    -0.1966  28.295600    -0.1968  28.293743     6.3132     6.4518     0.1652    94.1827 2.6040e-01  -64.86220  -63.92192 344.536699      99.97 3.5434e+02    552.828      13269  1027.8707  1027.8689    34.1830    34.1807    8.09768         43 0.0000e+00
     88.000     87.121    -0.1961  28.296366    -0.1959  28.295055     6.3595     6.4553     0.1632    94.1586 2.4868e-01  -64.86220  -63.92192 344.536725      99.97 3.5572e+02    555.054      13322  1027.8756  1027.8740    34.1828    34.1809    8.09758         34 0.0000e+00
     89.000     88.110    -0.1965  28.296220    -0.1957  28.295589     6.3629     6.4500     0.1277    94.2001 2.3873e-01  -64.86220  -63.92192 344.536770      99.97 3.5530e+02    558.965      13416  1027.8804  1027.8789    34.1825    34.1807    8.09768         39 0.0000e+00
     90.000     89.098    -0.1951  28.297908    -0.1955  28.295969     6.3490     6.4147     0.1162    94.2166 2.2781e-01  -64.86218  -63.92192 344.536793      99.97 3.5513e+02    560.885      13462  1027.8852  1027.8835    34.1826    34.1804    8.09739         40 0.0000e+00
     91.000     90.094    -0.1867  28.306185    -0.1853  28.306968     6.2848     6.3942     0.1294    94.2249 2.1374e-01  -64.86218  -63.92193 344.536828      99.97 3.5614e+02    563.901      13535  1027.8903  1027.8895    34.1835    34.1830    8.09554         17 0.0000e+00
     92.000     91.081    -0.1697  28.326732    -0.1695  28.325304     6.2165     6.3239     0.1444    94.2216 1.9958e-01  -64.86218  -63.92192 344.536879      99.98 3.5610e+02    568.370      13642  1027.9002  1027.8985    34.1913    34.1891    8.09150         34 0.0000e+00
     93.000     92.068    -0.1634  28.334388    -0.1626  28.333574     6.1963     6.2999     0.1319    94.2410 1.9208e-01  -64.86218  -63.92192 344.536905      99.97 3.5615e+02    570.620      13696  1027.9066  1027.9050    34.1937    34.1918    8.09001         36 0.0000e+00
     94.000     93.057    -0.1523  28.347778    -0.1521  28.346647     6.2035     6.2899     0.1358    94.2359 1.8362e-01  -64.86218  -63.92192 344.536924      99.97 3.5620e+02    572.195      13734  1027.9146  1027.9131    34.1986    34.1968    8.08740         34 0.0000e+00
     95.000     94.050    -0.1486  28.354279    -0.1480  28.353366     6.2324     6.3069     0.1274    94.2397 1.7283e-01  -64.86216  -63.92193 344.536962      99.97 3.5773e+02    575.483      13813  1027.9224  1027.9209    34.2024    34.2006    8.08639         26 0.0000e+00
     96.000     95.037    -0.1496  28.355823    -0.1485  28.355672     6.2663     6.3287     0.1313    94.2621 1.5902e-01  -64.86216  -63.92193 344.537016      99.97 3.5786e+02    580.204      13926  1027.9297  1027.9284    34.2050    34.2036    8.08646         42 0.0000e+00
     97.000     96.028    -0.1458  28.360955    -0.1462  28.359379     6.2684     6.3332     0.1246    94.2578 1.5080e-01  -64.86216  -63.92192 344.537043      99.97 3.5786e+02    582.522      13982  1027.9358  1027.9344    34.2070    34.2053    8.08554         41 0.0000e+00
     98.000     97.017    -0.1445  28.363660    -0.1447  28.362209     6.2734     6.3345     0.1199    94.2608 1.4442e-01  -64.86216  -63.92192 344.537066      99.97 3.5786e+02    584.528      14030  1027.9417  1027.9404    34.2085    34.2068    8.08517         39 0.0000e+00
     99.000     98.008    -0.1449  28.363926    -0.1446  28.362761     6.2757     6.3439     0.1073    94.2805 1.3838e-01  -64.86216  -63.92192 344.537095      99.97 3.5786e+02    586.978      14088  1027.9467  1027.9452    34.2086    34.2068    8.08525         36 0.0000e+00
    100.000     98.999    -0.1436  28.366030    -0.1432  28.365097     6.2759     6.3388     0.1233    94.2924 1.2931e-01  -64.86216  -63.92193 344.537133      99.97 3.5786e+02    590.329      14169  1027.9520  1027.9506    34.2094    34.2077    8.08493         32 0.0000e+00
    101.000     99.986    -0.1411  28.369363    -0.1411  28.367936     6.2908     6.3534     0.1082    94.2942 1.1696e-01  -64.86215  -63.92193 344.537197      99.97 3.5786e+02    595.802      14300  1027.9575  1027.9560    34.2104    34.2085    8.08434         36 0.0000e+00
    102.000    100.976    -0.1335  28.378324    -0.1327  28.378306     6.2813     6.3572     0.0975    94.2969 1.1220e-01  -64.86214  -63.92192 344.537212      99.97 3.5737e+02    597.132      14332  1027.9640  1027.9632    34.2133    34.2123    8.08258         29 0.0000e+00
    103.000    101.966    -0.1283  28.384616    -0.1296  28.382202     6.2705     6.3456     0.1091    94.2961 1.0689e-01  -64.86214  -63.92192 344.537226      99.97 3.5614e+02    598.356      14362  1027.9699  1027.9686    34.2152    34.2134    8.08137         32 0.0000e+00
    104.000    102.957    -0.1254  28.388757    -0.1252  28.387439     6.2672     6.3390     0.1017    94.2931 1.0023e-01  -64.86214  -63.92192 344.537260      99.97 3.5714e+02    601.250      14431  1027.9760  1027.9743    34.2169    34.2148    8.08067         33 0.0000e+00
    105.000    103.945    -0.1161  28.398600    -0.1174  28.395485     6.2155     6.2977     0.0881    94.2997 8.9013e-02  -64.86214  -63.92193 344.537334      99.97 3.5618e+02    607.619      14584  1027.9817  1027.9796    34.2189    34.2162    8.07858         39 0.0000e+00
    106.000    104.936    -0.0884  28.430972    -0.0892  28.429001     6.0884     6.2091     0.0975    94.3049 8.4234e-02  -64.86214  -63.92192 344.537351      99.97 3.5610e+02    609.158      14621  1027.9936  1027.9923    34.2303    34.2286    8.07208         36 0.0000e+00
    107.000    105.925    -0.0530  28.468516    -0.0547  28.465025     5.9492     6.1177     0.1093    94.3199 7.9989e-02  -64.86213  -63.92192 344.537369      99.97 3.5610e+02    610.637      14656  1028.0034  1028.0014    34.2398    34.2371    8.06408         37 0.0000e+00
    108.000    106.915    -0.0072  28.523798    -0.0010  28.529107     5.9057     6.0803     0.1069    94.3055 7.6512e-02  -64.86212  -63.92192 344.537388      99.97 3.5610e+02    612.313      14697  1028.0224  1028.0218    34.2613    34.2613    8.05322         39 0.0000e+00
    109.000    107.903     0.0074  28.540404     0.0065  28.537627     5.9350     6.0565     0.0999    94.3102 7.0648e-02  -64.86212  -63.92194 344.537418      99.97 3.5610e+02    614.908      14759  1028.0306  1028.0287    34.2663    34.2637    8.04986         37 0.0000e+00
    110.000    108.895     0.0136  28.546542     0.0118  28.543619     5.9205     6.0151     0.0923    94.3348 6.2358e-02  -64.86212  -63.92194 344.537450      99.97 3.5610e+02    617.657      14825  1028.0362  1028.0348    34.2669    34.2650    8.04853         43 0.0000e+00
    111.000    109.885     0.0257  28.559068     0.0231  28.554938     5.6865     5.8628     0.0783    94.3989 5.5693e-02  -64.86212  -63.92194 344.537472      99.97 3.5458e+02    619.587      14871  1028.0423  1028.0406    34.2694    34.2669    8.04585         32 0.0000e+00
    112.000    110.872     0.0857  28.623591     0.0825  28.619232     5.5200     5.7431     0.0655    94.3810 5.1392e-02  -64.86212  -63.92193 344.537485      99.97 3.5434e+02    620.736      14899  1028.0565  1028.0549    34.2869    34.2848    8.03227         24 0.0000e+00
    113.000    111.863     0.1866  28.735147     0.1819  28.729045     5.4813     5.7019     0.0586    94.4186 4.7424e-02  -64.86212  -63.92192 344.537496      99.98 3.5434e+02    621.622      14920  1028.0806  1028.0787    34.3208    34.3180    8.00930         19 0.0000e+00
    114.000    112.853     0.2231  28.782716     0.2233  28.781478     5.4906     5.6872     0.0567    94.4482 4.4484e-02  -64.86212  -63.92192 344.537505      99.97 3.5434e+02    622.407      14939  1028.0999  1028.0983    34.3421    34.3402    8.00051         19 0.0000e+00
    115.000    113.843     0.2367  28.799194     0.2366  28.797968     5.5136     5.6793     0.0729    94.4870 4.1110e-02  -64.86212  -63.92192 344.537514      99.97 3.5434e+02    623.168      14957  1028.1088  1028.1076    34.3479    34.3464    7.99734         18 0.0000e+00
    116.000    114.832     0.2412  28.804995     0.2404  28.802920     5.5353     5.6830     0.0620    94.4928 3.7780e-02  -64.86212  -63.92192 344.537523      99.97 3.5434e+02    623.969      14976  1028.1154  1028.1139    34.3500    34.3482    7.99630         20 0.0000e+00
    117.000    115.821     0.2412  28.805879     0.2410  28.804350     5.5473     5.6886     0.0607    94.4854 3.4911e-02  -64.86212  -63.92193 344.537533      99.97 3.5434e+02    624.865      14998  1028.1212  1028.1197    34.3505    34.3488    7.99626         24 0.0000e+00
    118.000    116.810     0.2416  28.806348     0.2411  28.804722     5.5823     5.6902     0.0654    94.5052 3.1273e-02  -64.86212  -63.92194 344.537546      99.97 3.5434e+02    625.982      15025  1028.1262  1028.1249    34.3501    34.3485    7.99620         29 0.0000e+00
    119.000    117.802     0.2435  28.808193     0.2452  28.808547     5.5906     5.6846     0.0543    94.5720 2.7616e-02  -64.86212  -63.92194 344.537563      99.97 3.5434e+02    627.452      15060  1028.1312  1028.1299    34.3498    34.3484    7.99583         40 0.0000e+00
