NBP2113_155081_ctd/data/dnbp2113_053.cnv
* Sea-Bird SBE 9 Data File:
* FileName = D:\Data\raw\NBP2113_053.hex
* Software Version Seasave V 7.26.7.121
* Temperature SN = 2438
* Conductivity SN = 2067
* Number of Bytes Per Scan = 40
* Number of Voltage Words = 5
* Number of Scans Averaged by the Deck Unit = 1
* NMEA Latitude = 64 53.78 S
* NMEA Longitude = 064 39.15 W
* NMEA UTC (Time) = Dec 11 2021  18:56:20
* NMEA baud rate = 9600
** Ship: RVIB N.B. Palmer
** Cruise: NBP2113 LTER
** Station: 595.052
** Operator: S. Blackman
# nquan = 25
# nvalues = 482                         
# units = specified
# name 0 = prDM: Pressure, Digiquartz [db]
# name 1 = depSM: Depth [salt water, m]
# name 2 = t090C: Temperature [ITS-90, deg C]
# name 3 = c0mS/cm: Conductivity [mS/cm]
# name 4 = t190C: Temperature, 2 [ITS-90, deg C]
# name 5 = c1mS/cm: Conductivity, 2 [mS/cm]
# name 6 = sbeox0ML/L: Oxygen, SBE 43 [ml/l]
# name 7 = sbeox1ML/L: Oxygen, SBE 43, 2 [ml/l]
# name 8 = flECO-AFL: Fluorescence, WET Labs ECO-AFL/FL [mg/m^3]
# name 9 = CStarTr0: Beam Transmission, WET Labs C-Star [%]
# name 10 = par: PAR/Irradiance, Biospherical/Licor
# name 11 = latitude: Latitude [deg]
# name 12 = longitude: Longitude [deg]
# name 13 = timeJ: Julian Days
# name 14 = altM: Altimeter [m]
# name 15 = spar: SPAR, Biospherical/Licor
# name 16 = timeS: Time, Elapsed [seconds]
# name 17 = scan: Scan Count
# name 18 = density00: Density [density, kg/m^3]
# name 19 = density11: Density, 2 [density, kg/m^3]
# name 20 = sal00: Salinity, Practical [PSU]
# name 21 = sal11: Salinity, Practical, 2 [PSU]
# name 22 = oxsolML/L: Oxygen Saturation, Garcia & Gordon [ml/l]
# name 23 = nbin: number of scans per bin
# name 24 = flag: flag
# span 0 =      5.000,    486.000       
# span 1 =      4.951,    480.674       
# span 2 =    -0.1364,     1.4451       
# span 3 =  28.051441,  30.257408       
# span 4 =    -0.1368,     1.4445       
# span 5 =  28.049584,  30.255726       
# span 6 =     4.1180,     8.0589       
# span 7 =     4.1722,     8.0572       
# span 8 =    -0.0225,     1.8801       
# span 9 =    85.7510,    92.1333       
# span 10 = -8.602e-05, 2.9904e+02      
# span 11 =  -64.89646,  -64.89638      
# span 12 =  -64.65308,  -64.65220      
# span 13 = 345.792762, 345.802051      
# span 14 =       1.63,     103.90      
# span 15 = 8.3912e+02, 9.2235e+02      
# span 16 =    314.674,   1117.244      
# span 17 =       7553,      26815      
# span 18 =  1027.2032,  1030.0388      
# span 19 =  1027.2017,  1030.0375      
# span 20 =    33.8393,    34.6764      
# span 21 =    33.8373,    34.6751      
# span 22 =    7.73524,    8.10444      
# span 23 =         11,         53      
# span 24 = 0.0000e+00, 0.0000e+00      
# interval = decibars: 1                
# start_time = Dec 11 2021 18:56:20 [NMEA time, header]
# bad_flag = -9.990e-29
*END*
[from data line 58]
     63.000     62.374    -0.0305  28.418439    -0.0315  28.418948     6.9517     7.0335     0.1619    90.7794 2.8303e+00  -64.89640  -64.65242 345.794654      99.97 8.8284e+02    478.096      11475  1027.7422  1027.7438    34.1749    34.1767    8.06300         35 0.0000e+00
     64.000     63.363    -0.0300  28.419561    -0.0311  28.418441     6.8571     6.9885     0.1780    90.6961 2.7176e+00  -64.89640  -64.65244 345.794714      99.97 8.7983e+02    483.277      11600  1027.7473  1027.7472    34.1752    34.1750    8.06288         25 0.0000e+00
     65.000     64.353    -0.0372  28.419130    -0.0367  28.417947     6.8722     6.9802     0.1445    90.7805 2.5725e+00  -64.89640  -64.65244 345.794728      99.97 8.8224e+02    484.465      11628  1027.7581  1027.7563    34.1821    34.1800    8.06401         35 0.0000e+00
     66.000     65.343    -0.0383  28.418643    -0.0390  28.416954     6.8813     6.9653     0.1484    90.8668 2.4793e+00  -64.89640  -64.65244 345.794760      99.97 8.8488e+02    487.240      11695  1027.7628  1027.7617    34.1821    34.1806    8.06424         47 0.0000e+00
     67.000     66.333    -0.0456  28.416791    -0.0455  28.415168     6.8724     6.9568     0.1632    90.8509 2.4077e+00  -64.89640  -64.65244 345.794792      99.96 8.8112e+02    490.067      11763  1027.7722  1027.7704    34.1872    34.1850    8.06549         40 0.0000e+00
     68.000     67.325    -0.0482  28.416710    -0.0494  28.414827     6.8593     6.9214     0.1537    90.8850 2.2678e+00  -64.89641  -64.65247 345.794840      97.92 8.8171e+02    494.167      11861  1027.7788  1027.7780    34.1894    34.1882    8.06591         37 0.0000e+00
     69.000     68.312    -0.0521  28.419176    -0.0523  28.417714     6.8375     6.8833     0.1407    90.9091 2.1064e+00  -64.89640  -64.65246 345.794878      64.44 8.8396e+02    497.475      11940  1027.7895  1027.7880    34.1965    34.1947    8.06634         34 0.0000e+00
     70.000     69.303    -0.0534  28.420377    -0.0537  28.418710     6.7404     6.8476     0.1273    90.9401 2.0058e+00  -64.89640  -64.65245 345.794891     100.48 8.8237e+02    498.623      11968  1027.7963  1027.7947    34.1989    34.1970    8.06648         26 0.0000e+00
     71.000     70.292    -0.0563  28.420039    -0.0565  28.418525     6.6597     6.8113     0.1160    90.9389 1.9387e+00  -64.89641  -64.65244 345.794903      99.97 8.8147e+02    499.638      11992  1027.8030  1027.8016    34.2010    34.1993    8.06696         25 0.0000e+00
     72.000     71.284    -0.0598  28.428737    -0.0599  28.426800     6.6963     6.8246     0.1288    90.9488 1.8886e+00  -64.89642  -64.65244 345.794922      99.97 8.8084e+02    501.258      12031  1027.8200  1027.8179    34.2160    34.2134    8.06687         37 0.0000e+00
     73.000     72.271    -0.0553  28.425929    -0.0557  28.424958     6.4341     6.6442     0.1153    90.9044 1.7411e+00  -64.89642  -64.65248 345.795003      99.97 8.8144e+02    508.269      12199  1027.8167  1027.8162    34.2065    34.2057    8.06644         20 0.0000e+00
     74.000     73.263    -0.0499  28.455332    -0.0499  28.453871     6.4342     6.6206     0.1270    90.9250 1.6423e+00  -64.89642  -64.65246 345.795012      99.97 8.8070e+02    509.062      12218  1027.8471  1027.8455    34.2389    34.2370    8.06347         21 0.0000e+00
     75.000     74.251    -0.0414  28.469633    -0.0414  28.468121     6.4875     6.6306     0.1231    90.9389 1.5744e+00  -64.89642  -64.65246 345.795026      99.97 8.7955e+02    510.213      12246  1027.8584  1027.8568    34.2478    34.2458    8.06118         30 0.0000e+00
     76.000     75.242    -0.0460  28.456783    -0.0438  28.456091     6.6620     6.6222     0.1348    90.9472 1.6384e+00  -64.89642  -64.65249 345.795084      99.97 8.7794e+02    515.261      12367  1027.8536  1027.8507    34.2353    34.2319    8.06286         23 0.0000e+00
     77.000     76.231    -0.0312  28.477688    -0.0324  28.477970     6.3321     6.4825     0.1593    90.9761 1.4867e+00  -64.89641  -64.65249 345.795135      99.97 8.7653e+02    519.649      12473  1027.8657  1027.8671    34.2458    34.2476    8.05914         32 0.0000e+00
     78.000     77.222    -0.0230  28.492554    -0.0189  28.498824     6.2480     6.4277     0.1093    91.0038 1.4188e+00  -64.89642  -64.65248 345.795150      99.97 8.7438e+02    520.962      12504  1027.8779  1027.8805    34.2557    34.2594    8.05685         25 0.0000e+00
     79.000     78.212    -0.0101  28.515585    -0.0106  28.513713     6.2928     6.4270     0.0791    91.0318 1.3596e+00  -64.89642  -64.65248 345.795161      99.97 8.7439e+02    521.953      12528  1027.8941  1027.8927    34.2712    34.2693    8.05326         24 0.0000e+00
     80.000     79.202    -0.0086  28.517544    -0.0121  28.509443     6.3808     6.4738     0.0974    91.0689 1.3183e+00  -64.89641  -64.65249 345.795192      99.97 8.7536e+02    524.568      12591  1027.8992  1027.8940    34.2715    34.2647    8.05293         36 0.0000e+00
     81.000     80.190    -0.0171  28.502155    -0.0180  28.497382     6.4978     6.5004     0.1210    91.0211 1.2583e+00  -64.89640  -64.65250 345.795247      99.97 8.7259e+02    529.374      12706  1027.8957  1027.8914    34.2601    34.2547    8.05538         40 0.0000e+00
     82.000     81.181    -0.0094  28.508629    -0.0090  28.509665     6.2947     6.3954     0.1165    91.0851 1.1989e+00  -64.89640  -64.65250 345.795280      99.97 8.7116e+02    532.187      12773  1027.8993  1027.9001    34.2594    34.2604    8.05379         42 0.0000e+00
     83.000     82.170     0.0218  28.553423     0.0229  28.552649     6.2406     6.3476     0.0807    91.0862 1.1575e+00  -64.89640  -64.65250 345.795301      99.97 8.7086e+02    533.985      12817  1027.9210  1027.9190    34.2833    34.2810    8.04589         37 0.0000e+00
     84.000     83.159     0.0257  28.556448     0.0282  28.559101     6.2958     6.3536     0.0688    91.1172 1.1067e+00  -64.89640  -64.65251 345.795328      99.96 8.7061e+02    536.367      12874  1027.9249  1027.9253    34.2822    34.2830    8.04512         30 0.0000e+00
     85.000     84.149     0.0300  28.562570     0.0304  28.562071     6.2834     6.3502     0.0773    91.1177 1.0541e+00  -64.89640  -64.65250 345.795369      99.97 8.6828e+02    539.855      12958  1027.9318  1027.9308    34.2850    34.2838    8.04407         40 0.0000e+00
     86.000     85.139     0.0308  28.564338     0.0307  28.562817     6.2975     6.3524     0.0672    91.0972 1.0009e+00  -64.89640  -64.65251 345.795391      99.97 8.6630e+02    541.794      13004  1027.9373  1027.9358    34.2858    34.2839    8.04385         39 0.0000e+00
     87.000     86.126     0.0331  28.566765     0.0317  28.563603     6.2779     6.3368     0.0835    91.1191 9.6164e-01  -64.89640  -64.65253 345.795440      99.97 8.6874e+02    546.059      13106  1027.9421  1027.9401    34.2859    34.2832    8.04337         29 0.0000e+00
     88.000     87.120     0.0382  28.572600     0.0374  28.570565     6.2851     6.3358     0.0663    91.1207 9.1353e-01  -64.89640  -64.65252 345.795466      99.97 8.6816e+02    548.264      13159  1027.9477  1027.9463    34.2873    34.2854    8.04222         38 0.0000e+00
     89.000     88.109     0.0386  28.574037     0.0384  28.572208     6.2806     6.3353     0.0762    91.1085 8.6848e-01  -64.89640  -64.65252 345.795485      99.97 8.6721e+02    549.950      13200  1027.9532  1027.9514    34.2881    34.2859    8.04208         29 0.0000e+00
     90.000     89.098     0.0391  28.574478     0.0391  28.573097     6.2542     6.3089     0.0746    91.1031 8.4159e-01  -64.89640  -64.65253 345.795532      99.97 8.6654e+02    553.986      13297  1027.9576  1027.9561    34.2875    34.2857    8.04201         33 0.0000e+00
     91.000     90.088     0.0506  28.588173     0.0507  28.586713     6.2222     6.2927     0.0638    91.1125 8.0033e-01  -64.89640  -64.65253 345.795554      99.97 8.6795e+02    555.903      13343  1027.9651  1027.9636    34.2921    34.2901    8.03933         34 0.0000e+00
     92.000     91.082     0.0600  28.599598     0.0629  28.600928     6.1587     6.2343     0.0672    91.1108 7.5906e-01  -64.89640  -64.65254 345.795597      99.98 8.6724e+02    559.592      13431  1027.9726  1027.9711    34.2961    34.2946    8.03715         24 0.0000e+00
     93.000     92.067     0.0852  28.631213     0.0855  28.630209     6.0832     6.1754     0.0628    91.1418 7.2758e-01  -64.89640  -64.65254 345.795627      99.97 8.6382e+02    562.205      13494  1027.9859  1027.9847    34.3091    34.3075    8.03113         37 0.0000e+00
     94.000     93.058     0.0930  28.641623     0.0925  28.639793     6.0799     6.1653     0.0495    91.1738 6.9601e-01  -64.89640  -64.65254 345.795645      99.97 8.6514e+02    563.717      13530  1027.9938  1027.9924    34.3135    34.3117    8.02924         35 0.0000e+00
     95.000     94.051     0.0909  28.640159     0.0922  28.639993     6.0992     6.1630     0.0583    91.1757 6.5692e-01  -64.89640  -64.65255 345.795696      99.97 8.6513e+02    568.144      13636  1027.9989  1027.9976    34.3133    34.3117    8.02970         40 0.0000e+00
     96.000     95.036     0.0990  28.649739     0.0947  28.642945     6.0624     6.1378     0.0520    91.2002 6.2776e-01  -64.89640  -64.65256 345.795732      99.97 8.6460e+02    571.232      13711  1028.0057  1028.0027    34.3163    34.3122    8.02784         31 0.0000e+00
     97.000     96.028     0.1068  28.659810     0.1063  28.657846     6.0617     6.1270     0.0570    91.1815 6.0526e-01  -64.89640  -64.65256 345.795747      99.97 8.6550e+02    572.552      13742  1028.0131  1028.0115    34.3203    34.3183    8.02598         35 0.0000e+00
     98.000     97.017     0.1075  28.661656     0.1072  28.660100     6.0635     6.1219     0.0672    91.2089 5.8493e-01  -64.89640  -64.65257 345.795767      99.97 8.6400e+02    574.298      13784  1028.0188  1028.0174    34.3214    34.3196    8.02578         36 0.0000e+00
     99.000     98.008     0.1045  28.660512     0.1060  28.661671     6.0114     6.0758     0.0597    91.1955 5.3836e-01  -64.89640  -64.65258 345.795833      99.96 8.6284e+02    579.994      13921  1028.0250  1028.0248    34.3226    34.3225    8.02633         34 0.0000e+00
    100.000     98.996     0.1107  28.669960     0.1133  28.674229     5.9295     6.0249     0.0673    91.2209 5.1705e-01  -64.89640  -64.65258 345.795868      99.97 8.5995e+02    582.978      13992  1028.0334  1028.0353    34.3276    34.3303    8.02476         31 0.0000e+00
    101.000     99.985     0.1186  28.682190     0.1181  28.680426     5.9285     6.0101     0.0449    91.2568 5.0332e-01  -64.89640  -64.65258 345.795879      99.97 8.5851e+02    583.964      14016  1028.0429  1028.0415    34.3342    34.3325    8.02273         21 0.0000e+00
    102.000    100.976     0.1190  28.686273     0.1187  28.684575     5.9259     6.0051     0.0444    91.2286 4.8589e-01  -64.89640  -64.65258 345.795889      99.97 8.5852e+02    584.787      14036  1028.0511  1028.0496    34.3386    34.3367    8.02240         19 0.0000e+00
    103.000    101.967     0.1156  28.684993     0.1154  28.683460     5.9357     6.0178     0.0449    91.2349 4.6628e-01  -64.89640  -64.65258 345.795900      99.97 8.6002e+02    585.727      14058  1028.0575  1028.0560    34.3401    34.3383    8.02303         28 0.0000e+00
    104.000    102.954     0.1131  28.677976     0.1120  28.675254     5.8928     5.9890     0.0417    91.2384 4.1661e-01  -64.89640  -64.65258 345.795980      99.97 8.5705e+02    592.702      14226  1028.0567  1028.0550    34.3330    34.3307    8.02394         21 0.0000e+00
    105.000    103.944     0.1158  28.683653     0.1147  28.680815     5.8559     5.9708     0.0458    91.2418 3.9899e-01  -64.89640  -64.65258 345.795994      99.97 8.5826e+02    593.865      14254  1028.0645  1028.0625    34.3370    34.3344    8.02317         22 0.0000e+00
    106.000    104.936     0.1314  28.704869     0.1304  28.702277     5.8945     5.9859     0.0481    91.2415 3.8526e-01  -64.89640  -64.65258 345.796007      99.97 8.5851e+02    594.986      14281  1028.0760  1028.0742    34.3469    34.3445    8.01935         32 0.0000e+00
    107.000    105.926     0.1304  28.704150     0.1259  28.696124     5.8687     5.9482     0.0452    91.2363 3.7751e-01  -64.89641  -64.65261 345.796050      99.97 8.5557e+02    598.695      14370  1028.0806  1028.0765    34.3465    34.3408    8.01959         27 0.0000e+00
    108.000    106.914     0.1449  28.721483     0.1409  28.715034     5.8372     5.9171     0.0449    91.2563 3.5596e-01  -64.89642  -64.65262 345.796073      99.97 8.5500e+02    600.668      14417  1028.0892  1028.0861    34.3525    34.3484    8.01621         33 0.0000e+00
    109.000    107.904     0.1507  28.728466     0.1498  28.726369     5.8139     5.8911     0.0452    91.2622 3.3492e-01  -64.89642  -64.65262 345.796088      99.97 8.5500e+02    601.977      14448  1028.0953  1028.0938    34.3546    34.3528    8.01489         31 0.0000e+00
    110.000    108.894     0.1569  28.735162     0.1562  28.733108     5.7524     5.8478     0.0561    91.2764 3.1742e-01  -64.89642  -64.65262 345.796103      99.97 8.5500e+02    603.290      14480  1028.1007  1028.0991    34.3559    34.3540    8.01353         31 0.0000e+00
    111.000    109.883     0.1811  28.762235     0.1809  28.760539     5.7240     5.8169     0.0498    91.2689 3.0289e-01  -64.89642  -64.65262 345.796118      99.97 8.5500e+02    604.583      14511  1028.1099  1028.1083    34.3639    34.3619    8.00802         30 0.0000e+00
    112.000    110.873     0.1947  28.778889     0.1944  28.777266     5.7066     5.7994     0.0623    91.2551 2.8971e-01  -64.89641  -64.65262 345.796132      99.97 8.5500e+02    605.795      14540  1028.1187  1028.1173    34.3700    34.3682    8.00485         28 0.0000e+00
    113.000    111.863     0.2056  28.791229     0.2052  28.789640     5.7032     5.7840     0.0342    91.2655 2.7614e-01  -64.89640  -64.65262 345.796146      99.97 8.5500e+02    606.986      14569  1028.1256  1028.1242    34.3735    34.3719    8.00239         31 0.0000e+00
    114.000    112.854     0.2149  28.801247     0.2159  28.801441     5.6884     5.7567     0.0464    91.2873 2.6143e-01  -64.89640  -64.65262 345.796167      99.97 8.5421e+02    608.797      14612  1028.1317  1028.1308    34.3757    34.3748    8.00033         38 0.0000e+00
    115.000    113.841     0.2468  28.833694     0.2470  28.832585     5.5673     5.6720     0.0410    91.3498 2.4861e-01  -64.89642  -64.65262 345.796195      99.97 8.5015e+02    611.274      14672  1028.1394  1028.1380    34.3821    34.3805    7.99334         31 0.0000e+00
    116.000    114.832     0.2849  28.875819     0.2849  28.874672     5.5407     5.6455     0.0414    91.3633 2.3781e-01  -64.89642  -64.65264 345.796207      99.97 8.4961e+02    612.296      14696  1028.1509  1028.1497    34.3943    34.3929    7.98475         20 0.0000e+00
    117.000    115.819     0.2922  28.884698     0.2923  28.883453     5.5040     5.6219     0.0347    91.3556 2.2727e-01  -64.89642  -64.65262 345.796215      99.97 8.4959e+02    613.010      14713  1028.1576  1028.1562    34.3972    34.3955    7.98308         15 0.0000e+00
    118.000    116.811     0.3024  28.894640     0.3030  28.894000     5.4550     5.5907     0.0294    91.3694 2.1689e-01  -64.89642  -64.65262 345.796223      99.97 8.4971e+02    613.625      14728  1028.1625  1028.1613    34.3983    34.3968    7.98090         15 0.0000e+00
    119.000    117.801     0.3177  28.910885     0.3172  28.909343     5.4375     5.5702     0.0317    91.4240 2.0640e-01  -64.89642  -64.65262 345.796229      99.97 8.4971e+02    614.227      14742  1028.1692  1028.1680    34.4020    34.4005    7.97754         15 0.0000e+00
