NBP2113_155081_ctd/data/dnbp2113_014.cnv
* Sea-Bird SBE 9 Data File:
* FileName = D:\Data\raw\NBP2113_014.hex
* Software Version Seasave V 7.26.7.121
* Temperature SN = 2438
* Conductivity SN = 2067
* Number of Bytes Per Scan = 40
* Number of Voltage Words = 5
* Number of Scans Averaged by the Deck Unit = 1
* NMEA Latitude = 65 28.72 S
* NMEA Longitude = 066 08.92 W
* NMEA UTC (Time) = Nov 27 2021  11:12:57
* NMEA baud rate = 9600
** Ship: RVIB N.B. Palmer
** Cruise: NBP2113 LTER
** Station: 500.060
** Operator: B. Urmston
# nquan = 25
# nvalues = 303                         
# units = specified
# name 0 = prDM: Pressure, Digiquartz [db]
# name 1 = depSM: Depth [salt water, m]
# name 2 = t090C: Temperature [ITS-90, deg C]
# name 3 = c0mS/cm: Conductivity [mS/cm]
# name 4 = t190C: Temperature, 2 [ITS-90, deg C]
# name 5 = c1mS/cm: Conductivity, 2 [mS/cm]
# name 6 = sbeox0ML/L: Oxygen, SBE 43 [ml/l]
# name 7 = sbeox1ML/L: Oxygen, SBE 43, 2 [ml/l]
# name 8 = flECO-AFL: Fluorescence, WET Labs ECO-AFL/FL [mg/m^3]
# name 9 = CStarTr0: Beam Transmission, WET Labs C-Star [%]
# name 10 = par: PAR/Irradiance, Biospherical/Licor
# name 11 = latitude: Latitude [deg]
# name 12 = longitude: Longitude [deg]
# name 13 = timeJ: Julian Days
# name 14 = altM: Altimeter [m]
# name 15 = spar: SPAR, Biospherical/Licor
# name 16 = timeS: Time, Elapsed [seconds]
# name 17 = scan: Scan Count
# name 18 = density00: Density [density, kg/m^3]
# name 19 = density11: Density, 2 [density, kg/m^3]
# name 20 = sal00: Salinity, Practical [PSU]
# name 21 = sal11: Salinity, Practical, 2 [PSU]
# name 22 = oxsolML/L: Oxygen Saturation, Garcia & Gordon [ml/l]
# name 23 = nbin: number of scans per bin
# name 24 = flag: flag
# span 0 =      4.000,    306.000       
# span 1 =      3.960,    302.767       
# span 2 =    -1.3368,     1.3198       
# span 3 =  27.166280,  30.049096       
# span 4 =    -1.3343,     1.3197       
# span 5 =  27.167017,  30.048324       
# span 6 =     4.3311,     8.2018       
# span 7 =     4.3192,     8.1328       
# span 8 =    -0.0147,     1.7164       
# span 9 =    89.3752,    97.4237       
# span 10 = 1.0000e-12, 6.7786e+01      
# span 11 =  -65.47880,  -65.47864      
# span 12 =  -66.14903,  -66.14826      
# span 13 = 331.471157, 331.478821      
# span 14 =       6.00,     102.37      
# span 15 = 1.6518e+02, 2.6974e+02      
# span 16 =    330.979,    993.137      
# span 17 =       7945,      23836      
# span 18 =  1027.1826,  1029.1865      
# span 19 =  1027.1804,  1029.1855      
# span 20 =    33.7853,    34.6526      
# span 21 =    33.7830,    34.6517      
# span 22 =    7.76119,    8.36013      
# span 23 =         12,         47      
# span 24 = 0.0000e+00, 0.0000e+00      
# interval = decibars: 1                
# start_time = Nov 27 2021 11:12:57 [NMEA time, header]
# bad_flag = -9.990e-29
*END*
[from data line 232]
    236.000    233.546     1.1322  29.816458     1.1325  29.815840     4.5392     4.5214     0.0073    96.9270 1.0000e-12  -65.47876  -66.14882 331.477349      79.35 2.5385e+02    865.955      20784  1028.8303  1028.8294    34.6024    34.6012    7.80112         21 0.0000e+00
    237.000    234.534     1.1404  29.825692     1.1398  29.824188     4.5350     4.5118    -0.0001    97.0324 1.0000e-12  -65.47876  -66.14882 331.477359      78.07 2.5385e+02    866.838      20805  1028.8360  1028.8351    34.6045    34.6033    7.79936         21 0.0000e+00
    238.000    235.524     1.1451  29.831077     1.1454  29.830463     4.5243     4.5091    -0.0055    97.0749 1.0000e-12  -65.47876  -66.14883 331.477370      77.13 2.5385e+02    867.756      20827  1028.8413  1028.8405    34.6056    34.6046    7.79836         23 0.0000e+00
    239.000    236.512     1.1506  29.837528     1.1504  29.836370     4.5209     4.5073    -0.0034    97.0730 1.0000e-12  -65.47876  -66.14884 331.477381      76.16 2.5482e+02    868.687      20849  1028.8469  1028.8460    34.6072    34.6060    7.79718         22 0.0000e+00
    240.000    237.501     1.1560  29.843742     1.1557  29.842450     4.5113     4.5040    -0.0004    97.0602 1.0000e-12  -65.47876  -66.14885 331.477391      75.12 2.5562e+02    869.599      20871  1028.8524  1028.8513    34.6087    34.6073    7.79603         22 0.0000e+00
    241.000    238.491     1.1642  29.853122     1.1637  29.851512     4.5035     4.4945     0.0023    97.0455 1.0000e-12  -65.47876  -66.14886 331.477403      74.24 2.5562e+02    870.631      20896  1028.8583  1028.8571    34.6110    34.6095    7.79426         29 0.0000e+00
    242.000    239.479     1.1737  29.863917     1.1741  29.863327     4.4981     4.4809     0.0017    97.0513 1.0000e-12  -65.47876  -66.14886 331.477423      72.91 2.5566e+02    872.378      20938  1028.8646  1028.8636    34.6138    34.6126    7.79224         39 0.0000e+00
    243.000    240.468     1.1833  29.874416     1.1833  29.873649     4.4889     4.4747    -0.0005    97.0466 1.0000e-12  -65.47876  -66.14886 331.477445      71.88 2.5719e+02    874.218      20982  1028.8704  1028.8696    34.6160    34.6150    7.79020         33 0.0000e+00
    244.000    241.457     1.1893  29.881420     1.1894  29.880578     4.4713     4.4626    -0.0048    97.0188 1.0000e-12  -65.47876  -66.14886 331.477457      71.09 2.5738e+02    875.283      21008  1028.8761  1028.8752    34.6178    34.6166    7.78892         22 0.0000e+00
    245.000    242.446     1.1999  29.893223     1.2003  29.892805     4.4697     4.4525    -0.0077    97.0296 1.0000e-12  -65.47876  -66.14886 331.477468      70.11 2.5738e+02    876.189      21030  1028.8821  1028.8812    34.6206    34.6195    7.78666         22 0.0000e+00
    246.000    243.436     1.2063  29.900486     1.2063  29.899446     4.4694     4.4512    -0.0051    96.9926 1.0000e-12  -65.47876  -66.14888 331.477479      69.01 2.5738e+02    877.176      21053  1028.8876  1028.8866    34.6222    34.6209    7.78529         27 0.0000e+00
    247.000    244.423     1.2086  29.903445     1.2090  29.902958     4.4570     4.4424    -0.0040    97.0194 1.0000e-12  -65.47876  -66.14888 331.477494      67.84 2.5738e+02    878.488      21085  1028.8928  1028.8920    34.6228    34.6218    7.78480         34 0.0000e+00
    248.000    245.414     1.2163  29.912119     1.2165  29.911397     4.4662     4.4376    -0.0078    97.0063 1.0000e-12  -65.47876  -66.14888 331.477509      66.91 2.5738e+02    879.760      21115  1028.8985  1028.8976    34.6248    34.6237    7.78316         26 0.0000e+00
    249.000    246.403     1.2192  29.915613     1.2193  29.915073     4.4511     4.4362    -0.0035    97.0012 1.0000e-12  -65.47876  -66.14888 331.477520      65.89 2.5738e+02    880.712      21138  1028.9037  1028.9030    34.6256    34.6247    7.78256         21 0.0000e+00
    250.000    247.391     1.2215  29.918381     1.2211  29.917323     4.4590     4.4332    -0.0004    97.0085 1.0000e-12  -65.47876  -66.14888 331.477529      64.83 2.5738e+02    881.551      21158  1028.9086  1028.9079    34.6260    34.6250    7.78208         20 0.0000e+00
    251.000    248.381     1.2234  29.921008     1.2236  29.920332     4.4621     4.4305    -0.0004    97.0249 1.0000e-12  -65.47876  -66.14890 331.477540      63.81 2.5738e+02    882.494      21181  1028.9137  1028.9129    34.6266    34.6256    7.78166         26 0.0000e+00
    252.000    249.369     1.2249  29.923127     1.2250  29.922281     4.4551     4.4349     0.0031    97.0005 1.0000e-12  -65.47876  -66.14890 331.477558      62.65 2.5827e+02    883.969      21216  1028.9189  1028.9179    34.6271    34.6259    7.78134         39 0.0000e+00
    253.000    250.357     1.2266  29.925292     1.2264  29.924202     4.4449     4.4246     0.0013    97.0251 1.0000e-12  -65.47876  -66.14891 331.477583      61.65 2.5903e+02    886.144      21268  1028.9239  1028.9229    34.6275    34.6262    7.78100         34 0.0000e+00
    254.000    251.347     1.2289  29.927971     1.2287  29.927075     4.4400     4.4203    -0.0025    97.0851 1.0000e-12  -65.47876  -66.14892 331.477598      60.71 2.5763e+02    887.489      21301  1028.9287  1028.9280    34.6277    34.6268    7.78052         25 0.0000e+00
    255.000    252.337     1.2343  29.934422     1.2340  29.933444     4.4424     4.4137    -0.0078    97.0710 1.0000e-12  -65.47876  -66.14892 331.477609      59.75 2.5738e+02    888.428      21323  1028.9343  1028.9336    34.6295    34.6285    7.77936         21 0.0000e+00
    256.000    253.326     1.2388  29.939715     1.2387  29.938845     4.4420     4.4159    -0.0058    97.0491 1.0000e-12  -65.47876  -66.14892 331.477619      58.90 2.5738e+02    889.257      21343  1028.9395  1028.9388    34.6306    34.6297    7.77839         19 0.0000e+00
    257.000    254.314     1.2381  29.939323     1.2381  29.938543     4.4403     4.4177    -0.0004    97.0342 1.0000e-12  -65.47876  -66.14892 331.477628      57.89 2.5611e+02    890.090      21363  1028.9441  1028.9434    34.6303    34.6294    7.77855         21 0.0000e+00
    258.000    255.302     1.2381  29.939903     1.2382  29.939101     4.4430     4.4141    -0.0076    97.0363 1.0000e-12  -65.47876  -66.14892 331.477639      56.71 2.5570e+02    891.031      21386  1028.9490  1028.9482    34.6305    34.6294    7.77854         25 0.0000e+00
    259.000    256.292     1.2388  29.940969     1.2390  29.940317     4.4401     4.4158    -0.0077    97.0570 1.0000e-12  -65.47876  -66.14892 331.477652      55.59 2.5562e+02    892.114      21412  1028.9537  1028.9530    34.6305    34.6295    7.77840         27 0.0000e+00
    260.000    257.281     1.2387  29.941202     1.2387  29.940413     4.4428     4.4160    -0.0077    97.0476 1.0000e-12  -65.47876  -66.14892 331.477665      54.56 2.5562e+02    893.293      21440  1028.9585  1028.9577    34.6304    34.6294    7.77844         29 0.0000e+00
    261.000    258.269     1.2397  29.942767     1.2397  29.941986     4.4383     4.4178    -0.0058    97.0353 1.0000e-12  -65.47876  -66.14892 331.477679      53.55 2.5562e+02    894.450      21468  1028.9633  1028.9625    34.6306    34.6296    7.77821         27 0.0000e+00
    262.000    259.260     1.2397  29.943230     1.2396  29.942316     4.4413     4.4172     0.0031    97.0389 1.0000e-12  -65.47876  -66.14894 331.477693      52.39 2.5403e+02    895.660      21497  1028.9681  1028.9673    34.6306    34.6296    7.77821         33 0.0000e+00
    263.000    260.247     1.2396  29.943541     1.2396  29.942732     4.4388     4.4143    -0.0078    97.0202 1.0000e-12  -65.47876  -66.14894 331.477718      51.15 2.5385e+02    897.811      21548  1028.9729  1028.9720    34.6306    34.6296    7.77824         42 0.0000e+00
    264.000    261.235     1.2408  29.945331     1.2407  29.944399     4.4347     4.4019    -0.0077    97.0107 1.0000e-12  -65.47877  -66.14894 331.477741      50.41 2.5292e+02    899.792      21596  1028.9777  1028.9769    34.6309    34.6299    7.77798         30 0.0000e+00
    265.000    262.225     1.2419  29.946957     1.2419  29.946227     4.4368     4.4032    -0.0008    97.0381 1.0000e-12  -65.47878  -66.14895 331.477751      49.38 2.5209e+02    900.726      21618  1028.9826  1028.9819    34.6313    34.6303    7.77775         20 0.0000e+00
    266.000    263.216     1.2445  29.950104     1.2444  29.949395     4.4403     4.4052    -0.0041    97.0101 1.0000e-12  -65.47878  -66.14896 331.477760      48.64 2.5209e+02    901.483      21637  1028.9876  1028.9869    34.6318    34.6310    7.77720         16 0.0000e+00
    267.000    264.202     1.2459  29.952260     1.2461  29.951642     4.4273     4.3983    -0.0078    97.0086 1.0000e-12  -65.47878  -66.14896 331.477768      47.66 2.5199e+02    902.176      21653  1028.9926  1028.9919    34.6324    34.6315    7.77688         17 0.0000e+00
    268.000    265.193     1.2490  29.955924     1.2487  29.954984     4.4083     4.3983    -0.0145    97.0099 1.0000e-12  -65.47878  -66.14895 331.477777      46.52 2.5045e+02    902.902      21671  1028.9976  1028.9969    34.6331    34.6322    7.77624         19 0.0000e+00
    269.000    266.180     1.2512  29.958794     1.2510  29.957909     4.4103     4.3961    -0.0103    97.0301 1.0000e-12  -65.47878  -66.14894 331.477787      45.27 2.5033e+02    903.773      21692  1029.0026  1029.0019    34.6338    34.6329    7.77576         24 0.0000e+00
    270.000    267.171     1.2573  29.965834     1.2565  29.964303     4.4062     4.3911    -0.0122    97.0343 1.0000e-12  -65.47878  -66.14894 331.477799      44.28 2.4946e+02    904.846      21717  1029.0081  1029.0073    34.6355    34.6344    7.77447         26 0.0000e+00
    271.000    268.158     1.2626  29.972066     1.2618  29.970506     4.4013     4.3874    -0.0070    97.0343 1.0000e-12  -65.47878  -66.14894 331.477811      43.10 2.4856e+02    905.882      21742  1029.0135  1029.0127    34.6370    34.6359    7.77333         23 0.0000e+00
    272.000    269.148     1.2641  29.974060     1.2645  29.973922     4.4020     4.3866    -0.0031    97.0343 1.0000e-12  -65.47878  -66.14894 331.477822      42.14 2.4857e+02    906.796      21764  1029.0184  1029.0179    34.6373    34.6367    7.77303         22 0.0000e+00
    273.000    270.136     1.2659  29.976534     1.2660  29.975870     4.4053     4.3880    -0.0026    97.0294 1.0000e-12  -65.47878  -66.14895 331.477837      40.95 2.4751e+02    908.096      21795  1029.0235  1029.0227    34.6379    34.6370    7.77264         30 0.0000e+00
    274.000    271.124     1.2664  29.977560     1.2666  29.977072     4.3928     4.3650    -0.0082    97.0289 1.0000e-12  -65.47878  -66.14896 331.477890      39.92 2.4482e+02    912.739      21907  1029.0284  1029.0278    34.6381    34.6372    7.77252         24 0.0000e+00
    275.000    272.113     1.2749  29.987097     1.2742  29.985895     4.3899     4.3658    -0.0068    97.0359 1.0000e-12  -65.47878  -66.14896 331.477896      39.17 2.4504e+02    913.215      21918  1029.0341  1029.0336    34.6403    34.6395    7.77072         17 0.0000e+00
    276.000    273.105     1.2783  29.991186     1.2781  29.990316     4.3791     4.3674     0.0084    97.0380 1.0000e-12  -65.47878  -66.14896 331.477903      38.25 2.4466e+02    913.852      21933  1029.0392  1029.0385    34.6412    34.6403    7.77000         14 0.0000e+00
    277.000    274.091     1.2832  29.996948     1.2828  29.995855     4.3743     4.3689     0.0034    97.0237 1.0000e-12  -65.47878  -66.14896 331.477910      37.14 2.4337e+02    914.470      21948  1029.0446  1029.0438    34.6426    34.6416    7.76897         15 0.0000e+00
    278.000    275.081     1.2841  29.998369     1.2836  29.997161     4.3840     4.3699    -0.0071    97.0088 1.0000e-12  -65.47878  -66.14896 331.477918      35.98 2.4328e+02    915.155      21965  1029.0493  1029.0486    34.6428    34.6418    7.76876         19 0.0000e+00
    279.000    276.070     1.2839  29.998594     1.2836  29.997662     4.3822     4.3627    -0.0077    97.0201 1.0000e-12  -65.47878  -66.14898 331.477929      34.86 2.4328e+02    916.100      21987  1029.0541  1029.0534    34.6427    34.6418    7.76881         26 0.0000e+00
    280.000    277.058     1.2833  29.998475     1.2835  29.997897     4.3773     4.3601    -0.0110    96.9949 1.0000e-12  -65.47878  -66.14897 331.477945      33.71 2.4233e+02    917.485      22021  1029.0589  1029.0582    34.6426    34.6417    7.76893         37 0.0000e+00
    281.000    278.046     1.2895  30.005750     1.2871  30.002330     4.3721     4.3638    -0.0004    97.0093 1.0000e-12  -65.47878  -66.14896 331.477963      32.53 2.4151e+02    919.019      22057  1029.0645  1029.0634    34.6445    34.6428    7.76760         36 0.0000e+00
    282.000    279.036     1.2897  30.006092     1.2919  30.007837     4.3770     4.3589    -0.0081    97.0228 1.0000e-12  -65.47878  -66.14896 331.477982      31.51 2.4141e+02    920.680      22097  1029.0691  1029.0686    34.6442    34.6439    7.76759         37 0.0000e+00
    283.000    280.025     1.2916  30.008832     1.2908  30.007236     4.3765     4.3542    -0.0103    97.0463 1.0000e-12  -65.47878  -66.14898 331.478011      30.39 2.4075e+02    923.185      22157  1029.0743  1029.0734    34.6449    34.6438    7.76716         39 0.0000e+00
    284.000    281.013     1.2951  30.013172     1.2955  30.012615     4.3665     4.3420    -0.0076    96.8384 1.0000e-12  -65.47878  -66.14898 331.478051      29.36 2.3972e+02    926.573      22239  1029.0796  1029.0787    34.6461    34.6449    7.76642         35 0.0000e+00
    285.000    282.001     1.2992  30.017738     1.2998  30.017815     4.3619     4.3475    -0.0053    97.0283 1.0000e-12  -65.47878  -66.14898 331.478063      28.62 2.3975e+02    927.675      22265  1029.0845  1029.0840    34.6468    34.6462    7.76557         19 0.0000e+00
    286.000    282.993     1.2989  30.018037     1.2994  30.017998     4.3560     4.3410    -0.0003    97.0542 1.0000e-12  -65.47878  -66.14898 331.478071      27.83 2.3975e+02    928.366      22282  1029.0894  1029.0888    34.6469    34.6463    7.76562         16 0.0000e+00
    287.000    283.980     1.2988  30.017963     1.2977  30.016101     4.3520     4.3393    -0.0004    97.0380 1.0000e-12  -65.47878  -66.14898 331.478078      26.85 2.3975e+02    928.977      22296  1029.0938  1029.0929    34.6464    34.6452    7.76568         14 0.0000e+00
    288.000    284.968     1.3055  30.026265     1.3043  30.024394     4.3518     4.3393    -0.0004    97.0327 1.0000e-12  -65.47878  -66.14898 331.478086      25.81 2.3975e+02    929.604      22311  1029.0998  1029.0992    34.6490    34.6480    7.76421         16 0.0000e+00
    289.000    285.958     1.3065  30.027511     1.3065  30.026864     4.3531     4.3397    -0.0046    97.0126 1.0000e-12  -65.47878  -66.14899 331.478105      24.42 2.4012e+02    931.253      22351  1029.1044  1029.1037    34.6489    34.6480    7.76401         31 0.0000e+00
    290.000    286.945     1.3042  30.025706     1.3058  30.026360     4.3564     4.3345    -0.0024    96.9855 1.0000e-12  -65.47878  -66.14898 331.478152      23.32 2.4157e+02    935.347      22449  1029.1092  1029.1083    34.6485    34.6476    7.76448         28 0.0000e+00
    291.000    287.936     1.3087  30.030747     1.3084  30.029821     4.3508     4.3365    -0.0077    96.9840 1.0000e-12  -65.47878  -66.14898 331.478162      22.37 2.4017e+02    936.207      22470  1029.1142  1029.1135    34.6495    34.6485    7.76355         21 0.0000e+00
    292.000    288.924     1.3087  30.031303     1.3086  30.030449     4.3488     4.3317    -0.0077    96.9801 1.0000e-12  -65.47878  -66.14898 331.478172      21.44 2.3975e+02    937.032      22490  1029.1189  1029.1182    34.6495    34.6486    7.76354         19 0.0000e+00
