NBP2113_155081_ctd/data/dnbp2113_004.cnv
* Sea-Bird SBE 9 Data File:
* FileName = D:\Data\raw\NBP2113_004.hex
* Software Version Seasave V 7.26.7.121
* Temperature SN = 2438
* Conductivity SN = 2067
* Number of Bytes Per Scan = 40
* Number of Voltage Words = 5
* Number of Scans Averaged by the Deck Unit = 1
* NMEA Latitude = 63 46.12 S
* NMEA Longitude = 062 51.59 W
* NMEA UTC (Time) = Nov 23 2021  06:30:17
* NMEA baud rate = 9600
** Ship: RVIB N.B. Palmer
** Cruise: NBP2113 LTER
** Station: 747.068
** Operator: B. Urmston
# nquan = 25
# nvalues = 366                         
# units = specified
# name 0 = prDM: Pressure, Digiquartz [db]
# name 1 = depSM: Depth [salt water, m]
# name 2 = t090C: Temperature [ITS-90, deg C]
# name 3 = c0mS/cm: Conductivity [mS/cm]
# name 4 = t190C: Temperature, 2 [ITS-90, deg C]
# name 5 = c1mS/cm: Conductivity, 2 [mS/cm]
# name 6 = sbeox0ML/L: Oxygen, SBE 43 [ml/l]
# name 7 = sbeox1ML/L: Oxygen, SBE 43, 2 [ml/l]
# name 8 = flECO-AFL: Fluorescence, WET Labs ECO-AFL/FL [mg/m^3]
# name 9 = CStarTr0: Beam Transmission, WET Labs C-Star [%]
# name 10 = par: PAR/Irradiance, Biospherical/Licor
# name 11 = latitude: Latitude [deg]
# name 12 = longitude: Longitude [deg]
# name 13 = timeJ: Julian Days
# name 14 = altM: Altimeter [m]
# name 15 = spar: SPAR, Biospherical/Licor
# name 16 = timeS: Time, Elapsed [seconds]
# name 17 = scan: Scan Count
# name 18 = density00: Density [density, kg/m^3]
# name 19 = density11: Density, 2 [density, kg/m^3]
# name 20 = sal00: Salinity, Practical [PSU]
# name 21 = sal11: Salinity, Practical, 2 [PSU]
# name 22 = oxsolML/L: Oxygen Saturation, Garcia & Gordon [ml/l]
# name 23 = nbin: number of scans per bin
# name 24 = flag: flag
# span 0 =      5.000,    370.000       
# span 1 =      4.952,    366.079       
# span 2 =    -0.7666,     1.5853       
# span 3 =  27.711966,  30.328580       
# span 4 =    -0.7657,     1.5853       
# span 5 =  27.710750,  30.327320       
# span 6 =     4.1705,     8.2106       
# span 7 =     4.1542,     8.1106       
# span 8 =    -0.0226,     1.6032       
# span 9 =    91.2574,    99.5002       
# span 10 = 1.0000e-12, 4.4470e+00      
# span 11 =  -63.76816,  -63.76792      
# span 12 =  -62.86066,  -62.86021      
# span 13 = 327.274866, 327.286078      
# span 14 =       5.50,     100.08      
# span 15 = 8.8144e+00, 3.1951e+01      
# span 16 =    331.414,   1300.157      
# span 17 =       7955,      31205      
# span 18 =  1027.3113,  1029.4992      
# span 19 =  1027.3088,  1029.4979      
# span 20 =    33.9536,    34.6942      
# span 21 =    33.9512,    34.6927      
# span 22 =    7.70742,    8.22704      
# span 23 =         13,         49      
# span 24 = 0.0000e+00, 0.0000e+00      
# interval = decibars: 1                
# start_time = Nov 23 2021 06:30:17 [NMEA time, header]
# bad_flag = -9.990e-29
*END*
[from data line 232]
    237.000    234.563     1.2979  29.975285     1.3022  29.978368     4.5202     4.4103    -0.0107    99.4505 1.0000e-12  -63.76794  -62.86060 327.281637      99.99 2.1155e+01    916.478      21996  1028.8433  1028.8422    34.6219    34.6210    7.76717         18 0.0000e+00
    238.000    235.553     1.3022  29.980520     1.3011  29.978070     4.4909     4.3959    -0.0124    99.4406 1.0000e-12  -63.76794  -62.86062 327.281647      99.98 2.1155e+01    917.292      22016  1028.8482  1028.8468    34.6233    34.6213    7.76625         24 0.0000e+00
    239.000    236.541     1.3212  29.999068     1.3194  29.996533     4.3457     4.3266    -0.0073    99.3915 1.0000e-12  -63.76794  -62.86061 327.281689      99.98 2.1155e+01    920.914      22103  1028.8514  1028.8506    34.6254    34.6241    7.76238         33 0.0000e+00
    240.000    237.529     1.3754  30.052064     1.3744  30.049738     4.2393     4.2626    -0.0073    99.3607 1.0000e-12  -63.76794  -62.86060 327.281708      99.99 2.1155e+01    922.583      22143  1028.8560  1028.8545    34.6326    34.6307    7.75130         18 0.0000e+00
    241.000    238.521     1.4069  30.083206     1.4048  30.080058     4.2081     4.2367    -0.0141    99.3516 1.0000e-12  -63.76794  -62.86060 327.281715      99.98 2.1155e+01    923.201      22158  1028.8608  1028.8597    34.6369    34.6352    7.74486         14 0.0000e+00
    242.000    239.508     1.4751  30.149357     1.4751  30.148313     4.1871     4.2235    -0.0150    99.3518 1.0000e-12  -63.76794  -62.86060 327.281722      99.99 2.1155e+01    923.775      22172  1028.8652  1028.8641    34.6453    34.6440    7.73101         14 0.0000e+00
    243.000    240.496     1.4857  30.158199     1.4872  30.158294     4.1750     4.2158    -0.0078    99.3518 1.0000e-12  -63.76794  -62.86060 327.281728      99.98 2.1155e+01    924.324      22185  1028.8683  1028.8668    34.6444    34.6427    7.72899         13 0.0000e+00
    244.000    241.489     1.4751  30.152269     1.4741  30.150366     4.1713     4.2114    -0.0087    99.3484 1.0000e-12  -63.76794  -62.86060 327.281735      99.98 2.1155e+01    924.907      22199  1028.8771  1028.8761    34.6479    34.6466    7.73088         15 0.0000e+00
    245.000    242.477     1.5110  30.186469     1.5108  30.184914     4.1744     4.2033    -0.0145    99.3439 1.0000e-12  -63.76794  -62.86060 327.281744      99.99 2.1155e+01    925.690      22218  1028.8809  1028.8796    34.6512    34.6495    7.72366         25 0.0000e+00
    246.000    243.466     1.5165  30.192493     1.5132  30.187596     4.2001     4.2064    -0.0110    99.4166 1.0000e-12  -63.76794  -62.86061 327.281769      99.98 2.1155e+01    927.862      22270  1028.8865  1028.8848    34.6522    34.6496    7.72253         33 0.0000e+00
    247.000    244.454     1.5210  30.196969     1.5194  30.195036     4.2152     4.1851     0.0011    99.4614 1.0000e-12  -63.76794  -62.86061 327.281809      99.98 2.1155e+01    931.259      22351  1028.8918  1028.8914    34.6524    34.6517    7.72164         32 0.0000e+00
    248.000    245.442     1.5240  30.200229     1.5238  30.198887     4.2106     4.1854    -0.0212    99.4738 1.0000e-12  -63.76794  -62.86060 327.281818      99.99 2.1155e+01    932.086      22371  1028.8966  1028.8954    34.6527    34.6512    7.72104         18 0.0000e+00
    249.000    246.434     1.5285  30.205421     1.5285  30.204299     4.2126     4.1887    -0.0199    99.4772 1.0000e-12  -63.76794  -62.86059 327.281826      99.98 2.1155e+01    932.763      22387  1028.9017  1028.9006    34.6537    34.6523    7.72010         15 0.0000e+00
    250.000    247.420     1.5323  30.209475     1.5335  30.209594     4.2110     4.1898    -0.0148    99.4693 1.0000e-12  -63.76794  -62.86058 327.281833      99.98 2.1155e+01    933.373      22402  1028.9064  1028.9054    34.6540    34.6529    7.71934         14 0.0000e+00
    251.000    248.412     1.5328  30.210345     1.5331  30.209584     4.2124     4.1896    -0.0066    99.4616 1.0000e-12  -63.76794  -62.86060 327.281840      99.99 2.1155e+01    933.966      22416  1028.9112  1028.9101    34.6541    34.6527    7.71924         15 0.0000e+00
    252.000    249.400     1.5325  30.210387     1.5324  30.209259     4.2163     4.1838     0.0003    99.4743 1.0000e-12  -63.76794  -62.86060 327.281847      99.98 2.1155e+01    934.611      22432  1028.9159  1028.9148    34.6539    34.6525    7.71932         17 0.0000e+00
    253.000    250.389     1.5339  30.212405     1.5342  30.211505     4.2234     4.1855    -0.0130    99.4759 1.0000e-12  -63.76794  -62.86060 327.281857      99.98 2.1155e+01    935.487      22453  1028.9210  1028.9197    34.6543    34.6528    7.71902         28 0.0000e+00
    254.000    251.379     1.5335  30.212361     1.5344  30.212018     4.2161     4.1881    -0.0108    99.4799 1.0000e-12  -63.76794  -62.86061 327.281882      99.99 2.1155e+01    937.599      22503  1028.9258  1028.9245    34.6541    34.6527    7.71910         41 0.0000e+00
    255.000    252.367     1.5342  30.213504     1.5344  30.212493     4.2119     4.1863    -0.0098    99.4681 1.0000e-12  -63.76794  -62.86060 327.281908      99.98 2.1155e+01    939.856      22558  1028.9307  1028.9294    34.6542    34.6527    7.71895         39 0.0000e+00
    256.000    253.356     1.5337  30.213865     1.5336  30.212615     4.2178     4.1872    -0.0153    99.4691 1.0000e-12  -63.76794  -62.86060 327.281926      99.99 2.1236e+01    941.369      22594  1028.9359  1028.9348    34.6547    34.6532    7.71904         29 0.0000e+00
    257.000    254.345     1.5337  30.214384     1.5334  30.213144     4.2215     4.1822    -0.0150    99.4807 1.0000e-12  -63.76794  -62.86060 327.281938      99.98 2.2933e+01    942.427      22619  1028.9407  1028.9397    34.6547    34.6535    7.71903         25 0.0000e+00
    258.000    255.334     1.5335  30.214870     1.5333  30.213545     4.2168     4.1809    -0.0135    99.4806 1.0000e-12  -63.76794  -62.86060 327.281950      99.98 2.2917e+01    943.460      22644  1028.9457  1028.9446    34.6549    34.6535    7.71905         25 0.0000e+00
    259.000    256.322     1.5332  30.215225     1.5329  30.213951     4.2118     4.1753    -0.0088    99.4806 1.0000e-12  -63.76795  -62.86060 327.281962      99.98 2.2917e+01    944.546      22670  1028.9507  1028.9496    34.6552    34.6539    7.71911         27 0.0000e+00
    260.000    257.314     1.5334  30.216650     1.5333  30.215630     4.2138     4.1801    -0.0157    99.4806 1.0000e-12  -63.76796  -62.86061 327.281974      99.99 2.2917e+01    945.595      22695  1028.9561  1028.9552    34.6562    34.6550    7.71901         23 0.0000e+00
    261.000    258.302     1.5339  30.218158     1.5339  30.217214     4.2128     4.1810    -0.0221    99.4806 1.0000e-12  -63.76796  -62.86062 327.281985      99.99 2.2917e+01    946.528      22718  1028.9615  1028.9605    34.6570    34.6558    7.71887         22 0.0000e+00
    262.000    259.290     1.5343  30.219442     1.5340  30.218221     4.2061     4.1804    -0.0088    99.4806 1.0000e-12  -63.76796  -62.86060 327.281996      99.99 2.2917e+01    947.415      22739  1028.9667  1028.9657    34.6576    34.6564    7.71876         21 0.0000e+00
    263.000    260.279     1.5399  30.226010     1.5399  30.224849     4.1992     4.1776    -0.0075    99.4806 1.0000e-12  -63.76796  -62.86062 327.282007      99.99 2.2917e+01    948.421      22763  1028.9720  1028.9709    34.6591    34.6578    7.71757         28 0.0000e+00
    264.000    261.269     1.5428  30.230383     1.5427  30.228897     4.2004     4.1774    -0.0100    99.4788 1.0000e-12  -63.76795  -62.86061 327.282025      99.99 2.2917e+01    949.976      22800  1028.9779  1028.9765    34.6609    34.6592    7.71691         44 0.0000e+00
    265.000    262.257     1.5367  30.225342     1.5368  30.224430     4.2015     4.1709    -0.0147    99.4799 1.0000e-12  -63.76794  -62.86061 327.282048      99.98 2.2917e+01    951.930      22847  1028.9831  1028.9821    34.6607    34.6594    7.71812         37 0.0000e+00
    266.000    263.247     1.5393  30.229609     1.5392  30.228459     4.2065     4.1774    -0.0080    99.5002 1.0000e-12  -63.76794  -62.86060 327.282062      99.98 2.2917e+01    953.171      22877  1028.9891  1028.9881    34.6626    34.6613    7.71750         25 0.0000e+00
    267.000    264.235     1.5421  30.233477     1.5420  30.232285     4.2063     4.1763    -0.0150    99.4875 1.0000e-12  -63.76796  -62.86062 327.282074      99.98 2.2917e+01    954.229      22902  1028.9946  1028.9935    34.6639    34.6625    7.71689         26 0.0000e+00
    268.000    265.225     1.5401  30.232557     1.5397  30.231141     4.2039     4.1724    -0.0150    99.4752 1.0000e-12  -63.76796  -62.86060 327.282089      99.98 2.2917e+01    955.450      22932  1028.9999  1028.9988    34.6644    34.6630    7.71727         33 0.0000e+00
    269.000    266.213     1.5368  30.230481     1.5366  30.229205     4.2106     4.1726    -0.0150    99.4705 1.0000e-12  -63.76796  -62.86060 327.282104      99.98 2.2917e+01    956.817      22965  1029.0053  1029.0042    34.6648    34.6634    7.71789         31 0.0000e+00
    270.000    267.202     1.5339  30.228538     1.5337  30.227264     4.2013     4.1761    -0.0092    99.4432 1.0000e-12  -63.76796  -62.86060 327.282118      99.98 2.2917e+01    957.976      22992  1029.0104  1029.0093    34.6650    34.6636    7.71844         24 0.0000e+00
    271.000    268.192     1.5330  30.228430     1.5327  30.227120     4.1953     4.1703    -0.0016    99.4718 1.0000e-12  -63.76796  -62.86060 327.282129      99.98 2.2917e+01    958.916      23015  1029.0154  1029.0144    34.6652    34.6639    7.71860         22 0.0000e+00
    272.000    269.180     1.5330  30.228999     1.5329  30.227757     4.1974     4.1655    -0.0073    99.4806 1.0000e-12  -63.76796  -62.86060 327.282139      99.98 2.2917e+01    959.789      23036  1029.0202  1029.0191    34.6654    34.6640    7.71859         21 0.0000e+00
    273.000    270.169     1.5330  30.229698     1.5328  30.228623     4.1947     4.1700    -0.0074    99.3766 1.0000e-12  -63.76796  -62.86060 327.282149      99.98 2.2917e+01    960.707      23058  1029.0251  1029.0242    34.6657    34.6645    7.71858         23 0.0000e+00
    274.000    271.159     1.5332  30.230848     1.5330  30.229674     4.2050     4.1694    -0.0142    99.4771 1.0000e-12  -63.76796  -62.86060 327.282162      99.99 2.2917e+01    961.783      23084  1029.0303  1029.0294    34.6664    34.6651    7.71851         29 0.0000e+00
    275.000    272.147     1.5356  30.234495     1.5355  30.233214     4.2039     4.1658    -0.0075    99.4601 1.0000e-12  -63.76796  -62.86061 327.282177      30.62 2.2917e+01    963.101      23115  1029.0359  1029.0347    34.6678    34.6663    7.71797         34 0.0000e+00
    276.000    273.137     1.5357  30.235311     1.5358  30.234074     4.1986     4.1694    -0.0077    99.4730 1.0000e-12  -63.76796  -62.86062 327.282194      98.66 2.2917e+01    964.584      23151  1029.0408  1029.0395    34.6681    34.6665    7.71792         35 0.0000e+00
    277.000    274.125     1.5349  30.235462     1.5349  30.234190     4.2068     4.1713    -0.0077    99.4791 1.0000e-12  -63.76796  -62.86062 327.282211      99.98 2.2917e+01    966.047      23186  1029.0460  1029.0448    34.6686    34.6670    7.71805         33 0.0000e+00
    278.000    275.114     1.5342  30.235578     1.5341  30.234453     4.2069     4.1697    -0.0137    99.4461 1.0000e-12  -63.76796  -62.86062 327.282226      99.83 2.2917e+01    967.328      23217  1029.0511  1029.0500    34.6690    34.6676    7.71818         29 0.0000e+00
    279.000    276.103     1.5311  30.233548     1.5306  30.231998     4.2064     4.1673    -0.0054    99.4729 1.0000e-12  -63.76796  -62.86062 327.282241      99.16 2.2917e+01    968.582      23247  1029.0564  1029.0553    34.6692    34.6678    7.71877         32 0.0000e+00
    280.000    277.092     1.5292  30.232695     1.5293  30.231566     4.2085     4.1714    -0.0169    99.4748 1.0000e-12  -63.76796  -62.86062 327.282256      98.14 2.2917e+01    969.937      23279  1029.0615  1029.0603    34.6696    34.6681    7.71911         31 0.0000e+00
    281.000    278.080     1.5302  30.234612     1.5302  30.233506     4.2063     4.1748    -0.0100    99.4697 1.0000e-12  -63.76796  -62.86062 327.282270      97.06 2.2917e+01    971.093      23307  1029.0667  1029.0656    34.6704    34.6690    7.71887         24 0.0000e+00
    282.000    279.070     1.5315  30.236440     1.5312  30.235140     4.2033     4.1742    -0.0142    99.4643 1.0000e-12  -63.76796  -62.86062 327.282280      96.10 2.2917e+01    971.962      23328  1029.0715  1029.0706    34.6707    34.6694    7.71861         19 0.0000e+00
    283.000    280.058     1.5327  30.238661     1.5323  30.237484     4.2013     4.1750    -0.0077    99.4060 1.0000e-12  -63.76796  -62.86061 327.282288      95.15 2.2917e+01    972.713      23346  1029.0768  1029.0759    34.6717    34.6705    7.71833         17 0.0000e+00
    284.000    281.049     1.5353  30.242408     1.5351  30.241341     4.2012     4.1739    -0.0070    99.4657 1.0000e-12  -63.76796  -62.86060 327.282297      93.90 2.2917e+01    973.470      23364  1029.0823  1029.0814    34.6730    34.6718    7.71775         20 0.0000e+00
    285.000    282.037     1.5368  30.244644     1.5376  30.244454     4.2027     4.1712    -0.0072    99.4621 1.0000e-12  -63.76796  -62.86062 327.282309      93.04 2.2917e+01    974.513      23389  1029.0873  1029.0864    34.6736    34.6725    7.71742         31 0.0000e+00
    286.000    283.024     1.5459  30.254447     1.5447  30.251762     4.1935     4.1673    -0.0058    99.4549 1.0000e-12  -63.76796  -62.86064 327.282335      91.83 2.3515e+01    976.763      23443  1029.0926  1029.0910    34.6754    34.6733    7.71555         35 0.0000e+00
    287.000    284.014     1.5547  30.263627     1.5540  30.261585     4.1890     4.1614    -0.0027    99.4548 1.0000e-12  -63.76796  -62.86063 327.282359      90.78 2.4747e+01    978.797      23492  1029.0975  1029.0961    34.6768    34.6750    7.71375         32 0.0000e+00
    288.000    285.003     1.5598  30.269208     1.5558  30.264268     4.1917     4.1637    -0.0071    99.4548 1.0000e-12  -63.76796  -62.86062 327.282370      89.79 2.4589e+01    979.804      23516  1029.1024  1029.1013    34.6776    34.6758    7.71270         20 0.0000e+00
    289.000    285.993     1.5707  30.280783     1.5693  30.278289     4.1861     4.1595    -0.0070    99.4548 1.0000e-12  -63.76796  -62.86061 327.282380      88.76 2.3172e+01    980.610      23536  1029.1077  1029.1065    34.6798    34.6782    7.71046         20 0.0000e+00
    290.000    286.979     1.5791  30.289167     1.5790  30.287964     4.1783     4.1546     0.0010    99.4548 1.0000e-12  -63.76796  -62.86060 327.282389      87.90 2.2920e+01    981.426      23555  1029.1121  1029.1111    34.6805    34.6792    7.70877         20 0.0000e+00
    291.000    287.972     1.5817  30.292203     1.5811  30.290678     4.1917     4.1579    -0.0104    99.4548 1.0000e-12  -63.76796  -62.86060 327.282399      86.97 2.3856e+01    982.292      23576  1029.1171  1029.1160    34.6810    34.6796    7.70826         22 0.0000e+00
    292.000    288.959     1.5828  30.293783     1.5823  30.292395     4.1941     4.1576    -0.0105    99.4548 1.0000e-12  -63.76796  -62.86060 327.282411      85.76 2.4658e+01    983.285      23600  1029.1219  1029.1209    34.6813    34.6800    7.70803         26 0.0000e+00
    293.000    289.949     1.5853  30.297440     1.5853  30.296024     4.1876     4.1595    -0.0160    99.4491 1.0000e-12  -63.76796  -62.86062 327.282428      84.48 2.4680e+01    984.810      23636  1029.1275  1029.1260    34.6825    34.6807    7.70747         41 0.0000e+00
