NBP2113_155081_ctd/data/dnbp2113_015.cnv
* Sea-Bird SBE 9 Data File:
* FileName = D:\Data\raw\NBP2113_015.hex
* Software Version Seasave V 7.26.7.121
* Temperature SN = 2438
* Conductivity SN = 2067
* Number of Bytes Per Scan = 40
* Number of Voltage Words = 5
* Number of Scans Averaged by the Deck Unit = 1
* NMEA Latitude = 66 15.27 S
* NMEA Longitude = 067 20.33 W
* NMEA UTC (Time) = Nov 27 2021  19:51:53
* NMEA baud rate = 9600
** Ship: RVIB N.B. Palmer
** Cruise: NBP2113 LTER
** Station: 500.040
** Operator: S. Blackman
# nquan = 25
# nvalues = 197                         
# units = specified
# name 0 = prDM: Pressure, Digiquartz [db]
# name 1 = depSM: Depth [salt water, m]
# name 2 = t090C: Temperature [ITS-90, deg C]
# name 3 = c0mS/cm: Conductivity [mS/cm]
# name 4 = t190C: Temperature, 2 [ITS-90, deg C]
# name 5 = c1mS/cm: Conductivity, 2 [mS/cm]
# name 6 = sbeox0ML/L: Oxygen, SBE 43 [ml/l]
# name 7 = sbeox1ML/L: Oxygen, SBE 43, 2 [ml/l]
# name 8 = flECO-AFL: Fluorescence, WET Labs ECO-AFL/FL [mg/m^3]
# name 9 = CStarTr0: Beam Transmission, WET Labs C-Star [%]
# name 10 = par: PAR/Irradiance, Biospherical/Licor
# name 11 = latitude: Latitude [deg]
# name 12 = longitude: Longitude [deg]
# name 13 = timeJ: Julian Days
# name 14 = altM: Altimeter [m]
# name 15 = spar: SPAR, Biospherical/Licor
# name 16 = timeS: Time, Elapsed [seconds]
# name 17 = scan: Scan Count
# name 18 = density00: Density [density, kg/m^3]
# name 19 = density11: Density, 2 [density, kg/m^3]
# name 20 = sal00: Salinity, Practical [PSU]
# name 21 = sal11: Salinity, Practical, 2 [PSU]
# name 22 = oxsolML/L: Oxygen Saturation, Garcia & Gordon [ml/l]
# name 23 = nbin: number of scans per bin
# name 24 = flag: flag
# span 0 =      5.000,    201.000       
# span 1 =      4.949,    198.916       
# span 2 =    -1.3985,     0.7608       
# span 3 =  27.034742,  29.401090       
# span 4 =    -1.4015,     0.7552       
# span 5 =  27.033585,  29.393253       
# span 6 =     4.5829,     8.2981       
# span 7 =     4.8026,     8.3178       
# span 8 =     0.0032,     1.5612       
# span 9 =    89.3874,    97.0095       
# span 10 = -1.852e-07, 2.2931e+02      
# span 11 =  -66.25470,  -66.25454      
# span 12 =  -67.33948,  -67.33886      
# span 13 = 331.831110, 331.835963      
# span 14 =       8.29,      99.99      
# span 15 = 3.4729e+02, 5.9685e+02      
# span 16 =    294.908,    714.223      
# span 17 =       7079,      17142      
# span 18 =  1027.1268,  1028.6072      
# span 19 =  1027.1243,  1028.6044      
# span 20 =    33.6981,    34.4989      
# span 21 =    33.6948,    34.4978      
# span 22 =    7.88143,    8.38037      
# span 23 =         14,         61      
# span 24 = 0.0000e+00, 0.0000e+00      
# interval = decibars: 1                
# start_time = Nov 27 2021 19:51:53 [NMEA time, header]
# bad_flag = -9.990e-29
*END*
[from data line 58]
     63.000     62.368    -1.3566  27.038534    -1.3536  27.039156     7.9100     7.9900     0.6906    94.2285 1.2520e+00  -66.25459  -67.33906 331.833062      99.97 4.9447e+02    463.513      11125  1027.4983  1027.4962    33.8023    33.7998    8.37312         50 0.0000e+00
     64.000     63.358    -1.3516  27.044807    -1.3498  27.043893     7.8843     7.9855     0.7739    94.5206 1.1569e+00  -66.25460  -67.33906 331.833096      99.97 4.9277e+02    466.517      11197  1027.5046  1027.5019    33.8046    33.8014    8.37185         42 0.0000e+00
     65.000     64.347    -1.3549  27.044036    -1.3530  27.043024     7.9084     7.9758     0.6823    94.7457 1.0186e+00  -66.25459  -67.33904 331.833146      99.97 4.9046e+02    470.781      11300  1027.5111  1027.5082    33.8067    33.8032    8.37247         37 0.0000e+00
     66.000     65.337    -1.3506  27.049965    -1.3497  27.048909     7.8949     7.9747     0.5425    94.7983 9.8118e-01  -66.25460  -67.33904 331.833158      99.97 4.8902e+02    471.879      11326  1027.5178  1027.5158    33.8093    33.8069    8.37135         26 0.0000e+00
     67.000     66.324    -1.3498  27.051508    -1.3487  27.050584     7.9028     7.9777     0.5779    94.8064 9.3600e-01  -66.25460  -67.33906 331.833183      99.97 4.8744e+02    473.974      11376  1027.5231  1027.5209    33.8100    33.8074    8.37114         41 0.0000e+00
     68.000     67.319    -1.3451  27.057805    -1.3441  27.056642     7.9473     7.9931     0.5903    94.7585 8.3247e-01  -66.25460  -67.33906 331.833240      99.97 4.8567e+02    478.968      11496  1027.5298  1027.5275    33.8127    33.8099    8.36992         37 0.0000e+00
     69.000     68.306    -1.3416  27.064751    -1.3406  27.063729     7.9317     7.9912     0.5476    94.8075 7.6776e-01  -66.25460  -67.33906 331.833260      99.97 4.8257e+02    480.662      11537  1027.5385  1027.5363    33.8177    33.8151    8.36885         42 0.0000e+00
     70.000     69.296    -1.3438  27.064594    -1.3428  27.063518     7.8759     7.9523     0.5972    94.8798 7.5393e-01  -66.25460  -67.33906 331.833289      99.97 4.8125e+02    483.188      11598  1027.5448  1027.5426    33.8193    33.8167    8.36924         39 0.0000e+00
     71.000     70.286    -1.3640  27.049972    -1.3634  27.048601     7.8544     7.9295     0.5278    94.9202 7.2979e-01  -66.25460  -67.33907 331.833314      99.97 4.8127e+02    485.360      11650  1027.5525  1027.5505    33.8214    33.8189    8.37365         51 0.0000e+00
     72.000     71.278    -1.3626  27.051919    -1.3635  27.049665     7.8338     7.9122     0.5314    94.9936 6.5315e-01  -66.25460  -67.33909 331.833362      99.97 4.7918e+02    489.521      11750  1027.5574  1027.5558    33.8219    33.8198    8.37330         27 0.0000e+00
     73.000     72.266    -1.3676  27.052919    -1.3666  27.051914     7.7466     7.8477     0.4815    95.0980 5.8789e-01  -66.25460  -67.33908 331.833403      99.97 4.7518e+02    493.030      11834  1027.5676  1027.5656    33.8283    33.8258    8.37404         42 0.0000e+00
     74.000     73.256    -1.3783  27.048493    -1.3768  27.047995     7.6691     7.7859     0.5204    95.1826 5.7151e-01  -66.25462  -67.33907 331.833427      99.98 4.7361e+02    495.051      11882  1027.5774  1027.5754    33.8338    33.8313    8.37614         40 0.0000e+00
     75.000     74.245    -1.3922  27.039751    -1.3911  27.038973     7.6609     7.7706     0.4404    95.2694 5.5135e-01  -66.25461  -67.33908 331.833444      99.97 4.7422e+02    496.598      11919  1027.5855  1027.5836    33.8369    33.8345    8.37908         34 0.0000e+00
     76.000     75.234    -1.3981  27.035987    -1.3974  27.034746     7.6784     7.7631     0.4308    95.4395 5.0966e-01  -66.25461  -67.33910 331.833480      99.98 4.7298e+02    499.686      11993  1027.5911  1027.5891    33.8377    33.8352    8.38035         45 0.0000e+00
     77.000     76.225    -1.3985  27.036934    -1.4015  27.033811     7.6350     7.7116     0.4203    95.5671 4.4830e-01  -66.25462  -67.33910 331.833533      99.97 4.6939e+02    504.253      12103  1027.5965  1027.5960    33.8388    33.8379    8.38037         40 0.0000e+00
     78.000     77.214    -1.3896  27.050298    -1.3887  27.049300     7.6072     7.7016     0.4627    95.6255 4.2624e-01  -66.25462  -67.33909 331.833555      99.97 4.6892e+02    506.141      12148  1027.6070  1027.6050    33.8465    33.8441    8.37791         37 0.0000e+00
     79.000     78.205    -1.3721  27.068400    -1.3715  27.067262     7.6214     7.6994     0.3966    95.7253 4.1335e-01  -66.25462  -67.33911 331.833571      99.97 4.6893e+02    507.536      12182  1027.6143  1027.6125    33.8510    33.8487    8.37371         30 0.0000e+00
     80.000     79.193    -1.3624  27.079540    -1.3648  27.074249     7.6220     7.6895     0.3887    95.7907 3.8427e-01  -66.25462  -67.33913 331.833623      99.97 4.6588e+02    512.057      12290  1027.6218  1027.6181    33.8547    33.8501    8.37131         42 0.0000e+00
     81.000     80.184    -1.3374  27.104023    -1.3484  27.091578     7.5920     7.6577     0.3558    95.8115 3.4680e-01  -66.25462  -67.33912 331.833662      99.97 4.6360e+02    515.401      12371  1027.6291  1027.6258    33.8595    33.8548    8.36543         35 0.0000e+00
     82.000     81.172    -1.2720  27.166527    -1.2715  27.164738     7.5979     7.6610     0.4036    95.8398 3.2598e-01  -66.25463  -67.33912 331.833680      99.98 4.6022e+02    516.950      12408  1027.6391  1027.6366    33.8706    33.8677    8.35011         39 0.0000e+00
     83.000     82.163    -1.2296  27.207683    -1.2289  27.206381     7.5378     7.6520     0.3765    95.8355 3.1957e-01  -66.25464  -67.33912 331.833701      99.98 4.6074e+02    518.728      12450  1027.6482  1027.6460    33.8784    33.8759    8.34017         45 0.0000e+00
     84.000     83.153    -1.2312  27.205909    -1.2384  27.196540     7.5385     7.6098     0.3575    95.7726 2.8753e-01  -66.25464  -67.33914 331.833764      99.98 4.5803e+02    524.171      12581  1027.6535  1027.6500    33.8772    33.8725    8.34061         41 0.0000e+00
     85.000     84.141    -1.2548  27.188392    -1.2608  27.182159     7.4468     7.5421     0.3093    95.7726 2.6343e-01  -66.25464  -67.33913 331.833804      99.97 4.5351e+02    527.680      12665  1027.6620  1027.6606    33.8793    33.8775    8.34575         32 0.0000e+00
     86.000     85.133    -1.2408  27.208596    -1.2393  27.208360     7.3971     7.5291     0.3200    95.7695 2.5563e-01  -66.25464  -67.33913 331.833817      99.98 4.5304e+02    528.815      12693  1027.6751  1027.6731    33.8905    33.8885    8.34196         26 0.0000e+00
     87.000     86.121    -1.2406  27.209011    -1.2394  27.208453     7.4417     7.5304     0.3133    95.7401 2.4542e-01  -66.25464  -67.33914 331.833830      99.97 4.5339e+02    529.877      12718  1027.6798  1027.6778    33.8902    33.8881    8.34193         27 0.0000e+00
     88.000     87.111    -1.2485  27.202037    -1.2460  27.202924     7.4319     7.5276     0.3276    95.7317 2.2675e-01  -66.25464  -67.33915 331.833860      99.97 4.5295e+02    532.459      12780  1027.6842  1027.6826    33.8890    33.8874    8.34377         34 0.0000e+00
     89.000     88.102    -1.2468  27.203626    -1.2480  27.200107     7.4196     7.5200     0.3304    95.7449 1.9512e-01  -66.25464  -67.33916 331.833931      99.98 4.4628e+02    538.677      12929  1027.6886  1027.6859    33.8887    33.8852    8.34342         35 0.0000e+00
     90.000     89.091    -1.2626  27.192496    -1.2599  27.193299     7.3746     7.4854     0.3846    95.7728 1.9218e-01  -66.25464  -67.33918 331.833958      99.97 4.4569e+02    540.945      12984  1027.6961  1027.6943    33.8906    33.8887    8.34683         43 0.0000e+00
     91.000     90.080    -1.2977  27.164652    -1.2971  27.163625     7.3497     7.4552     0.3820    95.8196 1.8646e-01  -66.25464  -67.33918 331.833978      99.97 4.4400e+02    542.703      13026  1027.7038  1027.7020    33.8916    33.8894    8.35463         33 0.0000e+00
     92.000     91.070    -1.3126  27.152547    -1.3123  27.151222     7.3673     7.4573     0.2986    95.9563 1.7068e-01  -66.25464  -67.33918 331.833993      99.97 4.4251e+02    543.999      13057  1027.7090  1027.7072    33.8912    33.8890    8.35798         32 0.0000e+00
     93.000     92.059    -1.3169  27.149485    -1.3151  27.149154     7.4186     7.4845     0.3162    95.9548 1.5172e-01  -66.25465  -67.33920 331.834042      99.98 4.3997e+02    548.243      13159  1027.7138  1027.7118    33.8912    33.8888    8.35893         32 0.0000e+00
     94.000     93.049    -1.3061  27.160906    -1.3071  27.157935     7.4403     7.4787     0.2574    95.9842 1.4128e-01  -66.25466  -67.33921 331.834095      99.97 4.3536e+02    552.800      13268  1027.7201  1027.7178    33.8940    33.8910    8.35635         20 0.0000e+00
     95.000     94.038    -1.2393  27.224312    -1.2418  27.221141     7.4417     7.4969     0.2750    96.0731 1.3160e-01  -66.25466  -67.33920 331.834104      99.97 4.3543e+02    553.573      13287  1027.7293  1027.7282    33.9048    33.9032    8.34079         21 0.0000e+00
     96.000     95.030    -1.2049  27.254591    -1.2042  27.253627     7.4354     7.4969     0.2763    96.0860 1.2281e-01  -66.25465  -67.33920 331.834115      99.98 4.3543e+02    554.553      13310  1027.7336  1027.7319    33.9067    33.9046    8.33299         27 0.0000e+00
     97.000     96.018    -1.2103  27.248376    -1.2151  27.241590     7.4332     7.4949     0.2855    96.1104 1.1088e-01  -66.25464  -67.33922 331.834162      99.98 4.3343e+02    558.580      13407  1027.7367  1027.7339    33.9036    33.8998    8.33438         37 0.0000e+00
     98.000     97.008    -1.2307  27.230591    -1.2357  27.224577     7.4621     7.4975     0.2782    96.0619 9.9854e-02  -66.25464  -67.33924 331.834219      99.97 4.3011e+02    563.484      13525  1027.7415  1027.7397    33.9018    33.8992    8.33904         28 0.0000e+00
     99.000     97.997    -1.1508  27.304815    -1.1683  27.288162     7.4235     7.5071     0.3267    96.0170 9.4541e-02  -66.25464  -67.33924 331.834231      99.97 4.3014e+02    564.579      13551  1027.7500  1027.7486    33.9124    33.9094    8.32062         27 0.0000e+00
    100.000     98.988    -1.1433  27.314943    -1.1418  27.314053     7.3951     7.4875     0.3646    96.0544 8.8962e-02  -66.25464  -67.33925 331.834246      99.98 4.3014e+02    565.877      13582  1027.7586  1027.7560    33.9172    33.9142    8.31868         34 0.0000e+00
    101.000     99.977    -1.1725  27.286207    -1.1794  27.278426     7.3742     7.4478     0.2938    95.9693 7.4844e-02  -66.25464  -67.33926 331.834317      99.98 4.2561e+02    571.980      13729  1027.7602  1027.7582    33.9103    33.9074    8.32558         22 0.0000e+00
    102.000    100.965    -1.1709  27.292140    -1.1682  27.292557     7.3595     7.4340     0.2821    95.9559 6.8543e-02  -66.25464  -67.33926 331.834327      99.98 4.2486e+02    572.847      13749  1027.7696  1027.7673    33.9159    33.9134    8.32488         18 0.0000e+00
    103.000    101.957    -1.1426  27.320767    -1.1433  27.318807     7.3575     7.4307     0.2888    95.9656 6.3082e-02  -66.25464  -67.33926 331.834336      99.98 4.2485e+02    573.591      13767  1027.7779  1027.7764    33.9225    33.9206    8.31821         18 0.0000e+00
    104.000    102.946    -1.1366  27.326495    -1.1360  27.325443     7.3474     7.4350     0.3145    95.9913 5.8105e-02  -66.25464  -67.33926 331.834345      99.98 4.2485e+02    574.437      13787  1027.7829  1027.7810    33.9228    33.9207    8.31685         24 0.0000e+00
    105.000    103.935    -1.1365  27.326327    -1.1338  27.327418     7.3399     7.4285     0.3023    96.0294 5.3324e-02  -66.25464  -67.33929 331.834371      99.98 4.2427e+02    576.678      13841  1027.7874  1027.7858    33.9220    33.9203    8.31689         29 0.0000e+00
    106.000    104.925    -1.1336  27.329827    -1.1342  27.327603     7.2064     7.3203     0.3325    96.1053 4.7110e-02  -66.25466  -67.33930 331.834408      99.98 4.2269e+02    579.877      13918  1027.7932  1027.7912    33.9228    33.9204    8.31619         31 0.0000e+00
    107.000    105.914    -1.1385  27.328020    -1.1377  27.326949     7.0520     7.2299     0.2709    96.0994 4.0839e-02  -66.25466  -67.33928 331.834422      99.97 4.2130e+02    581.027      13946  1027.8004  1027.7984    33.9252    33.9229    8.31713         23 0.0000e+00
    108.000    106.904    -1.1551  27.318488    -1.1543  27.317594     7.0160     7.1827     0.2523    96.0973 3.6087e-02  -66.25466  -67.33928 331.834432      99.98 4.2102e+02    581.969      13968  1027.8104  1027.8086    33.9303    33.9282    8.32051         23 0.0000e+00
    109.000    107.894    -1.1606  27.316352    -1.1597  27.315678     7.0089     7.1704     0.2678    96.1183 3.1659e-02  -66.25466  -67.33928 331.834443      99.82 4.2133e+02    582.869      13990  1027.8178  1027.8161    33.9331    33.9311    8.32159         21 0.0000e+00
    110.000    108.884    -1.1636  27.315888    -1.1631  27.314799     7.0106     7.1719     0.2581    96.1576 2.8635e-02  -66.25466  -67.33928 331.834453      99.10 4.2133e+02    583.750      14011  1027.8245  1027.8228    33.9352    33.9331    8.32213         21 0.0000e+00
    111.000    109.872    -1.1407  27.338085    -1.1392  27.338281     7.0566     7.1758     0.2079    96.1667 2.5631e-02  -66.25466  -67.33929 331.834464      98.74 4.2133e+02    584.661      14033  1027.8309  1027.8296    33.9390    33.9375    8.31681         23 0.0000e+00
    112.000    110.862    -1.1319  27.345969    -1.1323  27.344000     7.0995     7.1859     0.1904    96.2434 2.3116e-02  -66.25466  -67.33930 331.834479      97.10 4.2061e+02    586.019      14065  1027.8354  1027.8336    33.9392    33.9370    8.31484         44 0.0000e+00
    113.000    111.852    -1.1297  27.348479    -1.1251  27.350506     7.1163     7.1945     0.1750    96.5053 1.9480e-02  -66.25466  -67.33931 331.834512      96.23 4.1788e+02    588.858      14134  1027.8405  1027.8383    33.9395    33.9371    8.31433         43 0.0000e+00
    114.000    112.841    -1.1174  27.360757    -1.1161  27.360343     7.0668     7.1621     0.1904    96.5025 1.5491e-02  -66.25466  -67.33933 331.834532      95.12 4.1780e+02    590.575      14175  1027.8464  1027.8448    33.9418    33.9398    8.31147         31 0.0000e+00
    115.000    113.831    -1.1174  27.362661    -1.1167  27.361638     7.0138     7.1075     0.1748    96.4698 1.2506e-02  -66.25466  -67.33933 331.834546      94.45 4.1753e+02    591.731      14203  1027.8530  1027.8512    33.9438    33.9415    8.31136         26 0.0000e+00
    116.000    114.821    -1.1240  27.360507    -1.1233  27.359431     6.9381     7.0553     0.1724    96.4679 9.3136e-03  -66.25466  -67.33932 331.834557      93.50 4.1606e+02    592.715      14226  1027.8614  1027.8596    33.9476    33.9454    8.31259         22 0.0000e+00
    117.000    115.809    -1.1283  27.362115    -1.1271  27.361243     6.8839     7.0204     0.1673    96.4679 6.9241e-03  -66.25466  -67.33931 331.834567      92.14 4.1516e+02    593.607      14248  1027.8717  1027.8696    33.9541    33.9515    8.31316         20 0.0000e+00
    118.000    116.800    -1.1208  27.372923    -1.1201  27.371910     6.8830     7.0130     0.1508    96.4679 4.3713e-03  -66.25466  -67.33930 331.834577      91.32 4.1427e+02    594.469      14268  1027.8806  1027.8789    33.9597    33.9576    8.31117         21 0.0000e+00
    119.000    117.789    -1.1044  27.388858    -1.1042  27.387441     6.8856     7.0034     0.1315    96.4679 2.4232e-03  -66.25466  -67.33930 331.834587      90.50 4.1411e+02    595.333      14289  1027.8865  1027.8848    33.9624    33.9602    8.30739         21 0.0000e+00
