NBP2113_155081_ctd/data/dnbp2113_022.cnv
* Sea-Bird SBE 9 Data File:
* FileName = D:\Data\raw\NBP2113_022.hex
* Software Version Seasave V 7.26.7.121
* Temperature SN = 2438
* Conductivity SN = 2067
* Number of Bytes Per Scan = 40
* Number of Voltage Words = 5
* Number of Scans Averaged by the Deck Unit = 1
* NMEA Latitude = 68 01.86 S
* NMEA Longitude = 069 17.08 W
* NMEA UTC (Time) = Nov 30 2021  22:24:22
* NMEA baud rate = 9600
** Ship: RVIB N.B. Palmer
** Cruise: NBP2113 LTER
** Station: 200.-040
** Operator: S. Blackman
# nquan = 25
# nvalues = 454                         
# units = specified
# name 0 = prDM: Pressure, Digiquartz [db]
# name 1 = depSM: Depth [salt water, m]
# name 2 = t090C: Temperature [ITS-90, deg C]
# name 3 = c0mS/cm: Conductivity [mS/cm]
# name 4 = t190C: Temperature, 2 [ITS-90, deg C]
# name 5 = c1mS/cm: Conductivity, 2 [mS/cm]
# name 6 = sbeox0ML/L: Oxygen, SBE 43 [ml/l]
# name 7 = sbeox1ML/L: Oxygen, SBE 43, 2 [ml/l]
# name 8 = flECO-AFL: Fluorescence, WET Labs ECO-AFL/FL [mg/m^3]
# name 9 = CStarTr0: Beam Transmission, WET Labs C-Star [%]
# name 10 = par: PAR/Irradiance, Biospherical/Licor
# name 11 = latitude: Latitude [deg]
# name 12 = longitude: Longitude [deg]
# name 13 = timeJ: Julian Days
# name 14 = altM: Altimeter [m]
# name 15 = spar: SPAR, Biospherical/Licor
# name 16 = timeS: Time, Elapsed [seconds]
# name 17 = scan: Scan Count
# name 18 = density00: Density [density, kg/m^3]
# name 19 = density11: Density, 2 [density, kg/m^3]
# name 20 = sal00: Salinity, Practical [PSU]
# name 21 = sal11: Salinity, Practical, 2 [PSU]
# name 22 = oxsolML/L: Oxygen Saturation, Garcia & Gordon [ml/l]
# name 23 = nbin: number of scans per bin
# name 24 = flag: flag
# span 0 =      5.000,    458.000       
# span 1 =      4.950,    452.918       
# span 2 =    -1.4121,     1.3786       
# span 3 =  27.015910,  30.199186       
# span 4 =    -1.4114,     1.3780       
# span 5 =  27.015340,  30.197377       
# span 6 =     4.0053,     8.4448       
# span 7 =     4.0647,     8.5086       
# span 8 =    -0.0225,     2.4341       
# span 9 =    87.9199,    97.1943       
# span 10 = 1.0000e-12, 3.7768e+01      
# span 11 =  -68.03088,  -68.03053      
# span 12 =  -69.28594,  -69.28528      
# span 13 = 334.936542, 334.945467      
# span 14 =       1.60,     105.65      
# span 15 = 7.5795e+01, 1.1283e+02      
# span 16 =    255.199,   1026.319      
# span 17 =       6126,      24633      
# span 18 =  1027.1861,  1029.9252      
# span 19 =  1027.1844,  1029.9239      
# span 20 =    33.7833,    34.6909      
# span 21 =    33.7812,    34.6892      
# span 22 =    7.74754,    8.38345      
# span 23 =         11,         51      
# span 24 = 0.0000e+00, 0.0000e+00      
# interval = decibars: 1                
# start_time = Nov 30 2021 22:24:22 [NMEA time, header]
# bad_flag = -9.990e-29
*END*
[from data line 58]
     63.000     62.360    -1.2927  27.131501    -1.3022  27.120324     7.7589     7.8196     0.6107    94.1539 6.2335e-02  -68.03070  -69.28568 334.938549      99.97 1.1106e+02    428.654      10289  1027.5388  1027.5356    33.8579    33.8532    8.35550         39 0.0000e+00
     64.000     63.350    -1.3067  27.119760    -1.3176  27.107466     7.8248     7.8440     0.6764    94.0064 5.0461e-02  -68.03069  -69.28570 334.938622      99.97 1.1106e+02    434.940      10440  1027.5443  1027.5411    33.8569    33.8524    8.35869         51 0.0000e+00
     65.000     64.340    -1.2544  27.168910    -1.2630  27.159406     7.8766     7.8911     0.8394    94.0064 4.4489e-02  -68.03070  -69.28566 334.938650      99.97 1.1106e+02    437.345      10497  1027.5524  1027.5502    33.8646    33.8613    8.34654         42 0.0000e+00
     66.000     65.329    -1.2225  27.197637    -1.2236  27.195350     7.8631     7.9084     0.7327    93.9352 3.9203e-02  -68.03070  -69.28566 334.938668      99.97 1.1106e+02    438.950      10536  1027.5580  1027.5563    33.8673    33.8654    8.33926         35 0.0000e+00
     67.000     66.319    -1.2211  27.199501    -1.2191  27.199764     7.8339     7.9114     0.7929    93.7333 3.3708e-02  -68.03070  -69.28566 334.938706      99.97 1.1106e+02    442.162      10613  1027.5637  1027.5620    33.8676    33.8657    8.33892         41 0.0000e+00
     68.000     67.309    -1.2186  27.202107    -1.2179  27.201605     7.8273     7.9024     0.7544    93.3905 2.8890e-02  -68.03070  -69.28566 334.938741      99.97 1.1106e+02    445.211      10686  1027.5691  1027.5678    33.8678    33.8663    8.33836         34 0.0000e+00
     69.000     68.298    -1.2266  27.195246    -1.2247  27.195755     7.8193     7.8980     0.7450    93.4608 1.8771e-02  -68.03070  -69.28566 334.938788      99.97 1.1106e+02    449.258      10783  1027.5739  1027.5725    33.8668    33.8653    8.34020         39 0.0000e+00
     70.000     69.288    -1.2185  27.204271    -1.2183  27.203133     7.8382     7.8966     0.7413    93.4301 1.1031e-02  -68.03070  -69.28564 334.938822      99.97 1.1106e+02    452.206      10854  1027.5804  1027.5789    33.8693    33.8676    8.33824         31 0.0000e+00
     71.000     70.278    -1.2186  27.205914    -1.2182  27.204846     7.8073     7.8858     0.8636    93.2289 7.8255e-03  -68.03072  -69.28563 334.938844      99.97 1.1106e+02    454.111      10900  1027.5868  1027.5852    33.8711    33.8692    8.33816         45 0.0000e+00
     72.000     71.267    -1.2205  27.205875    -1.2197  27.205345     7.8077     7.8811     0.8401    93.2860 7.6146e-03  -68.03071  -69.28563 334.938874      99.97 1.1106e+02    456.696      10962  1027.5931  1027.5917    33.8726    33.8709    8.33850         44 0.0000e+00
     73.000     72.256    -1.2174  27.209278    -1.2202  27.204673     7.8032     7.8838     0.8179    93.3744 8.2826e-04  -68.03072  -69.28564 334.938933      99.97 1.1106e+02    461.797      11084  1027.5983  1027.5959    33.8732    33.8699    8.33778         42 0.0000e+00
     74.000     73.247    -1.2114  27.216945    -1.2115  27.215554     7.8134     7.8811     0.7563    93.3462 2.3466e-05  -68.03072  -69.28562 334.938956      99.97 1.1106e+02    463.764      11131  1027.6052  1027.6038    33.8761    33.8744    8.33624         32 0.0000e+00
     75.000     74.234    -1.2161  27.213868    -1.2159  27.212756     7.7902     7.8763     0.8347    93.3417 1.0000e-12  -68.03072  -69.28562 334.938983      99.97 1.1162e+02    466.140      11188  1027.6108  1027.6094    33.8766    33.8749    8.33727         25 0.0000e+00
     76.000     75.225    -1.2137  27.217207    -1.2130  27.216511     7.7781     7.8588     0.8718    93.3569 1.0000e-12  -68.03072  -69.28562 334.939027      99.97 1.1283e+02    469.915      11279  1027.6165  1027.6150    33.8779    33.8761    8.33666         39 0.0000e+00
     77.000     76.216    -1.2138  27.219337    -1.2136  27.218253     7.7804     7.8667     0.7568    93.2003 1.0000e-12  -68.03072  -69.28563 334.939049      99.97 1.1245e+02    471.856      11326  1027.6233  1027.6219    33.8803    33.8786    8.33654         43 0.0000e+00
     78.000     77.205    -1.2120  27.221471    -1.2120  27.219816     7.7743     7.8496     0.8156    93.4424 1.0000e-12  -68.03074  -69.28560 334.939110      99.97 1.1283e+02    477.123      11452  1027.6282  1027.6264    33.8805    33.8783    8.33612         34 0.0000e+00
     79.000     78.195    -1.2039  27.231760    -1.2055  27.229276     7.7666     7.8519     0.6713    93.4227 1.0000e-12  -68.03074  -69.28560 334.939125      99.97 1.1282e+02    478.381      11482  1027.6360  1027.6349    33.8849    33.8834    8.33407         31 0.0000e+00
     80.000     79.184    -1.1881  27.245899    -1.1835  27.248680     7.7789     7.8548     0.7480    93.4501 1.0000e-12  -68.03074  -69.28560 334.939143      99.97 1.1282e+02    479.991      11521  1027.6407  1027.6393    33.8858    33.8844    8.33049         38 0.0000e+00
     81.000     80.176    -1.1580  27.273590    -1.1544  27.275008     7.8925     7.9228     0.8321    93.4130 1.0000e-12  -68.03074  -69.28560 334.939209      99.97 1.1282e+02    485.677      11657  1027.6465  1027.6448    33.8891    33.8869    8.32361         31 0.0000e+00
     82.000     81.162    -1.0928  27.331804    -1.0921  27.331350     8.0193     8.0106     0.8742    93.3365 1.0000e-12  -68.03074  -69.28559 334.939249      99.97 1.1282e+02    489.141      11740  1027.6521  1027.6510    33.8943    33.8929    8.30882         33 0.0000e+00
     83.000     82.152    -1.0386  27.378348    -1.0392  27.376666     8.0499     8.0585     0.9133    92.9536 1.0000e-12  -68.03074  -69.28558 334.939273      99.97 1.1282e+02    491.151      11789  1027.6554  1027.6541    33.8960    33.8944    8.29671         34 0.0000e+00
     84.000     83.143    -1.0044  27.408663    -1.0089  27.403504     8.0575     8.0862     0.9346    92.7607 1.0000e-12  -68.03074  -69.28556 334.939287      99.97 1.1282e+02    492.389      11818  1027.6601  1027.6589    33.8981    33.8962    8.28902         29 0.0000e+00
     85.000     84.132    -1.0045  27.408884    -1.0022  27.409459     8.0037     8.0631     0.9949    92.4169 1.0000e-12  -68.03075  -69.28557 334.939328      99.97 1.1282e+02    495.958      11904  1027.6658  1027.6642    33.8979    33.8962    8.28906         38 0.0000e+00
     86.000     85.122    -1.0149  27.401518    -1.0152  27.400358     8.0117     8.0735     0.8937    92.1235 1.0000e-12  -68.03076  -69.28556 334.939375      99.97 1.1282e+02    500.028      12002  1027.6731  1027.6720    33.8991    33.8977    8.29130         28 0.0000e+00
     87.000     86.111    -1.0187  27.399424    -1.0199  27.397317     8.0108     8.0690     0.9913    91.8885 1.0000e-12  -68.03076  -69.28555 334.939406      99.97 1.1282e+02    502.719      12066  1027.6791  1027.6779    33.8998    33.8983    8.29209         41 0.0000e+00
     88.000     87.101    -1.0229  27.396397    -1.0222  27.396120     8.0006     8.0759     1.0673    92.0417 1.0000e-12  -68.03076  -69.28554 334.939451      99.97 1.1282e+02    506.573      12159  1027.6846  1027.6835    33.8999    33.8987    8.29302         40 0.0000e+00
     89.000     88.090    -1.0172  27.402875    -1.0163  27.402548     8.0248     8.0897     0.9260    91.9949 1.0000e-12  -68.03076  -69.28554 334.939469      99.97 1.1251e+02    508.128      12196  1027.6904  1027.6892    33.9016    33.9001    8.29165         39 0.0000e+00
     90.000     89.080    -0.9913  27.427517    -0.9860  27.431185     8.0330     8.0900     1.0357    92.0122 1.0000e-12  -68.03076  -69.28554 334.939491      99.97 1.1096e+02    510.022      12242  1027.6966  1027.6955    33.9053    33.9043    8.28572         36 0.0000e+00
     91.000     90.071    -0.9774  27.440315    -0.9775  27.438744     8.0638     8.1041     1.1793    91.9126 1.0000e-12  -68.03077  -69.28552 334.939562      99.97 1.1106e+02    516.116      12388  1027.7021  1027.7004    33.9065    33.9044    8.28259         31 0.0000e+00
     92.000     91.058    -0.9596  27.456011    -0.9629  27.451945     8.0772     8.1221     1.0017    91.7562 1.0000e-12  -68.03078  -69.28550 334.939587      99.97 1.1106e+02    518.357      12442  1027.7064  1027.7052    33.9071    33.9053    8.27861         31 0.0000e+00
     93.000     92.049    -0.9351  27.478643    -0.9363  27.476421     8.0581     8.1281     0.9671    91.7528 1.0000e-12  -68.03078  -69.28550 334.939600      99.97 1.1106e+02    519.427      12467  1027.7118  1027.7106    33.9096    33.9081    8.27307         25 0.0000e+00
     94.000     93.039    -0.9290  27.484487    -0.9304  27.482091     8.0638     8.1294     1.1039    91.6514 1.0000e-12  -68.03078  -69.28551 334.939639      99.97 1.1050e+02    522.820      12549  1027.7171  1027.7158    33.9102    33.9085    8.27171         38 0.0000e+00
     95.000     94.028    -0.9184  27.495080    -0.9188  27.493538     8.0743     8.1352     1.0746    91.4669 1.0000e-12  -68.03078  -69.28550 334.939679      99.97 1.0935e+02    526.260      12631  1027.7232  1027.7218    33.9120    33.9104    8.26927         40 0.0000e+00
     96.000     95.016    -0.9195  27.495444    -0.9190  27.494496     8.0664     8.1405     1.2174    91.2717 1.0000e-12  -68.03079  -69.28549 334.939716      99.97 1.0930e+02    529.449      12708  1027.7292  1027.7276    33.9131    33.9112    8.26944         35 0.0000e+00
     97.000     96.006    -0.9060  27.509457    -0.9053  27.508527     8.0568     8.1419     1.2654    91.3018 1.0000e-12  -68.03080  -69.28548 334.939747      99.97 1.0930e+02    532.143      12772  1027.7359  1027.7342    33.9163    33.9143    8.26628         37 0.0000e+00
     98.000     96.996    -0.8974  27.519015    -0.8970  27.518560     8.0238     8.1188     1.1856    91.2322 1.0000e-12  -68.03080  -69.28548 334.939791      99.97 1.0930e+02    535.957      12864  1027.7426  1027.7417    33.9190    33.9179    8.26424         38 0.0000e+00
     99.000     97.985    -0.9238  27.499274    -0.9243  27.497919     8.0039     8.0916     1.0835    91.2194 1.0000e-12  -68.03080  -69.28546 334.939827      99.97 1.0930e+02    539.048      12938  1027.7513  1027.7503    33.9213    33.9200    8.26990         28 0.0000e+00
    100.000     98.976    -0.9361  27.491032    -0.9353  27.490659     7.9973     8.0894     1.0182    91.2629 1.0000e-12  -68.03080  -69.28546 334.939839      99.97 1.0930e+02    540.126      12964  1027.7585  1027.7573    33.9233    33.9220    8.27249         27 0.0000e+00
    101.000     99.966    -0.9388  27.490824    -0.9425  27.487580     8.0067     8.0835     1.1279    91.5273 1.0000e-12  -68.03080  -69.28547 334.939872      99.97 1.0824e+02    542.925      13031  1027.7650  1027.7651    33.9254    33.9253    8.27296         30 0.0000e+00
    102.000    100.955    -0.9413  27.494004    -0.9411  27.493270     7.9844     8.0630     1.1890    91.7922 1.0000e-12  -68.03080  -69.28546 334.939917      99.97 1.0752e+02    546.816      13125  1027.7751  1027.7740    33.9320    33.9308    8.27314         38 0.0000e+00
    103.000    101.945    -0.9304  27.511240    -0.9305  27.510022     7.9311     8.0342     0.9606    91.8985 1.0000e-12  -68.03080  -69.28546 334.939934      99.97 1.0754e+02    548.312      13160  1027.7876  1027.7863    33.9425    33.9409    8.27011         38 0.0000e+00
    104.000    102.933    -0.9547  27.494460    -0.9554  27.492992     7.8603     7.9878     1.0529    92.0918 1.0000e-12  -68.03080  -69.28546 334.939956      99.97 1.0754e+02    550.234      13207  1027.7972  1027.7963    33.9465    33.9453    8.27523         43 0.0000e+00
    105.000    103.923    -0.9858  27.476581    -0.9874  27.474261     7.8660     7.9752     0.9307    92.3123 1.0000e-12  -68.03081  -69.28546 334.939976      99.97 1.0754e+02    551.954      13248  1027.8122  1027.8111    33.9567    33.9553    8.28150         31 0.0000e+00
    106.000    104.912    -0.9794  27.482500    -0.9800  27.481150     7.8713     7.9733     0.7771    92.5600 1.0000e-12  -68.03082  -69.28546 334.939988      99.97 1.0754e+02    553.001      13273  1027.8166  1027.8156    33.9569    33.9557    8.28007         22 0.0000e+00
    107.000    105.902    -0.9798  27.482923    -0.9798  27.481968     7.8833     7.9738     0.7106    92.5717 1.0000e-12  -68.03082  -69.28546 334.939998      99.97 1.0754e+02    553.844      13293  1027.8216  1027.8204    33.9573    33.9559    8.28014         20 0.0000e+00
    108.000    106.892    -0.9811  27.482641    -0.9808  27.482042     7.8811     7.9736     0.7512    92.8560 1.0000e-12  -68.03081  -69.28546 334.940009      99.97 1.0754e+02    554.784      13316  1027.8267  1027.8257    33.9577    33.9565    8.28039         26 0.0000e+00
    109.000    107.878    -0.9810  27.483436    -0.9808  27.482391     7.8509     7.9360     0.8092    93.2515 1.0000e-12  -68.03080  -69.28545 334.940032      99.97 1.0754e+02    556.805      13364  1027.8316  1027.8302    33.9581    33.9565    8.28036         28 0.0000e+00
    110.000    108.870    -1.0007  27.473059    -1.0003  27.472161     7.7163     7.8467     0.7775    93.5816 1.0000e-12  -68.03081  -69.28545 334.940066      99.97 1.0754e+02    559.710      13434  1027.8436  1027.8422    33.9656    33.9640    8.28426         30 0.0000e+00
    111.000    109.858    -1.0198  27.461648    -1.0196  27.460702     7.7114     7.8423     0.6918    93.5962 1.0000e-12  -68.03082  -69.28545 334.940078      99.97 1.0754e+02    560.762      13459  1027.8539  1027.8526    33.9710    33.9695    8.28816         22 0.0000e+00
    112.000    110.850    -1.0236  27.458156    -1.0229  27.458098     7.7203     7.8383     0.6219    93.6908 1.0000e-12  -68.03082  -69.28546 334.940088      99.97 1.0754e+02    561.639      13480  1027.8579  1027.8571    33.9699    33.9691    8.28906         21 0.0000e+00
    113.000    111.839    -1.0257  27.456129    -1.0252  27.455841     7.7268     7.8440     0.6099    93.8117 1.0000e-12  -68.03082  -69.28546 334.940098      99.97 1.0754e+02    562.501      13501  1027.8619  1027.8610    33.9689    33.9679    8.28958         22 0.0000e+00
    114.000    112.828    -1.0245  27.457774    -1.0247  27.456678     7.7475     7.8499     0.6344    93.8828 1.0000e-12  -68.03082  -69.28546 334.940110      99.97 1.0708e+02    563.476      13524  1027.8666  1027.8656    33.9692    33.9679    8.28930         26 0.0000e+00
    115.000    113.817    -1.0226  27.459828    -1.0262  27.455443     7.7415     7.8344     0.6025    94.1217 1.0000e-12  -68.03082  -69.28545 334.940132      99.97 1.0677e+02    565.373      13570  1027.8712  1027.8698    33.9692    33.9673    8.28888         39 0.0000e+00
    116.000    114.806    -1.0330  27.450965    -1.0325  27.450388     7.7504     7.8211     0.6088    94.4110 1.0000e-12  -68.03082  -69.28544 334.940159      99.97 1.0571e+02    567.761      13627  1027.8757  1027.8745    33.9683    33.9669    8.29124         29 0.0000e+00
    117.000    115.796    -1.0312  27.453536    -1.0318  27.452285     7.7220     7.8156     0.5438    94.3617 1.0000e-12  -68.03082  -69.28544 334.940169      99.97 1.0577e+02    568.616      13648  1027.8809  1027.8800    33.9691    33.9680    8.29079         18 0.0000e+00
    118.000    116.787    -1.0307  27.453977    -1.0312  27.452625     7.6937     7.8027     0.5312    94.4670 1.0000e-12  -68.03082  -69.28544 334.940178      99.97 1.0577e+02    569.345      13665  1027.8851  1027.8840    33.9685    33.9672    8.29071         17 0.0000e+00
    119.000    117.776    -1.0301  27.454929    -1.0310  27.453390     7.6806     7.7763     0.5262    94.3896 1.0000e-12  -68.03082  -69.28544 334.940187      99.97 1.0577e+02    570.111      13684  1027.8898  1027.8890    33.9685    33.9674    8.29057         21 0.0000e+00
