NBP2113_155081_ctd/data/dnbp2113_020.cnv
* Sea-Bird SBE 9 Data File:
* FileName = D:\Data\raw\NBP2113_020.hex
* Software Version Seasave V 7.26.7.121
* Temperature SN = 2438
* Conductivity SN = 2067
* Number of Bytes Per Scan = 40
* Number of Voltage Words = 5
* Number of Scans Averaged by the Deck Unit = 1
* NMEA Latitude = 66 30.70 S
* NMEA Longitude = 069 51.30 W
* NMEA UTC (Time) = Nov 29 2021  16:09:08
* NMEA baud rate = 9600
** Ship: RVIB N.B. Palmer
** Cruise: NBP2113 LTER
** Station: 300.100
** Operator: S. Blackman
# nquan = 25
# nvalues = 473                         
# units = specified
# name 0 = prDM: Pressure, Digiquartz [db]
# name 1 = depSM: Depth [salt water, m]
# name 2 = t090C: Temperature [ITS-90, deg C]
# name 3 = c0mS/cm: Conductivity [mS/cm]
# name 4 = t190C: Temperature, 2 [ITS-90, deg C]
# name 5 = c1mS/cm: Conductivity, 2 [mS/cm]
# name 6 = sbeox0ML/L: Oxygen, SBE 43 [ml/l]
# name 7 = sbeox1ML/L: Oxygen, SBE 43, 2 [ml/l]
# name 8 = flECO-AFL: Fluorescence, WET Labs ECO-AFL/FL [mg/m^3]
# name 9 = CStarTr0: Beam Transmission, WET Labs C-Star [%]
# name 10 = par: PAR/Irradiance, Biospherical/Licor
# name 11 = latitude: Latitude [deg]
# name 12 = longitude: Longitude [deg]
# name 13 = timeJ: Julian Days
# name 14 = altM: Altimeter [m]
# name 15 = spar: SPAR, Biospherical/Licor
# name 16 = timeS: Time, Elapsed [seconds]
# name 17 = scan: Scan Count
# name 18 = density00: Density [density, kg/m^3]
# name 19 = density11: Density, 2 [density, kg/m^3]
# name 20 = sal00: Salinity, Practical [PSU]
# name 21 = sal11: Salinity, Practical, 2 [PSU]
# name 22 = oxsolML/L: Oxygen Saturation, Garcia & Gordon [ml/l]
# name 23 = nbin: number of scans per bin
# name 24 = flag: flag
# span 0 =      4.000,    476.000       
# span 1 =      3.960,    470.742       
# span 2 =    -1.0407,     1.4954       
# span 3 =  27.504245,  30.242663       
# span 4 =    -1.0402,     1.4954       
# span 5 =  27.503563,  30.241760       
# span 6 =     3.9383,     8.1753       
# span 7 =     3.9984,     8.2315       
# span 8 =    -0.0225,     1.6450       
# span 9 =    92.0012,    97.4947       
# span 10 = 1.0000e-12, 4.0811e+02      
# span 11 =  -66.51185,  -66.51127      
# span 12 =  -69.86089,  -69.85710      
# span 13 = 333.676603, 333.686010      
# span 14 =       6.05,     102.80      
# span 15 = 9.8898e+02, 1.0912e+03      
# span 16 =    310.468,   1123.272      
# span 17 =       7452,      26960      
# span 18 =  1027.3592,  1030.0451      
# span 19 =  1027.3575,  1030.0443      
# span 20 =    34.0127,    34.7264      
# span 21 =    34.0098,    34.7255      
# span 22 =    7.72397,    8.28673      
# span 23 =         12,         49      
# span 24 = 0.0000e+00, 0.0000e+00      
# interval = decibars: 1                
# start_time = Nov 29 2021 16:09:08 [NMEA time, header]
# bad_flag = -9.990e-29
*END*
[from data line 116]
    120.000    118.776     0.3558  28.952211     0.3500  28.944117     4.4339     4.6501     0.0564    97.1534 2.1515e-01  -66.51168  -69.85868 333.680116      99.98 1.0013e+03    614.021      14738  1028.1755  1028.1726    34.4131    34.4088    7.96905         16 0.0000e+00
    121.000    119.767     0.4593  29.055562     0.4564  29.051609     4.4014     4.6341     0.0609    97.1613 2.0562e-01  -66.51168  -69.85868 333.680124      99.98 1.0018e+03    614.703      14754  1028.1873  1028.1859    34.4323    34.4304    7.94664         18 0.0000e+00
    122.000    120.756     0.4988  29.092935     0.4971  29.090094     4.4396     4.6592     0.0548    97.1621 1.9433e-01  -66.51168  -69.85868 333.680134      99.98 1.0028e+03    615.612      14776  1028.1932  1028.1918    34.4365    34.4346    7.93829         28 0.0000e+00
    123.000    121.746     0.4812  29.073975     0.4549  29.047070     4.5357     4.6735     0.0549    97.2032 1.7944e-01  -66.51168  -69.85868 333.680158      99.97 1.0016e+03    617.668      14825  1028.1973  1028.1946    34.4307    34.4248    7.94222         33 0.0000e+00
    124.000    122.735     0.5287  29.124373     0.4989  29.094270     4.3916     4.5451     0.0519    97.2211 1.6296e-01  -66.51166  -69.85869 333.680197      99.98 9.9843e+02    621.003      14905  1028.2101  1028.2072    34.4430    34.4370    7.93182         35 0.0000e+00
    125.000    123.725     0.6180  29.213344     0.6077  29.203084     4.3503     4.5038     0.0561    97.2515 1.5541e-01  -66.51166  -69.85872 333.680213      99.98 9.9778e+02    622.417      14939  1028.2207  1028.2198    34.4590    34.4571    7.91264         24 0.0000e+00
    126.000    124.712     0.6420  29.237710     0.6410  29.235628     4.3664     4.4907     0.0143    97.2514 1.4859e-01  -66.51166  -69.85872 333.680224      99.97 9.9779e+02    623.334      14961  1028.2276  1028.2261    34.4634    34.4618    7.90750         21 0.0000e+00
    127.000    125.701     0.6584  29.253925     0.6584  29.252878     4.3581     4.4710     0.0143    97.2331 1.4211e-01  -66.51166  -69.85872 333.680234      99.97 9.9779e+02    624.201      14982  1028.2335  1028.2321    34.4656    34.4643    7.90403         21 0.0000e+00
    128.000    126.695     0.6603  29.256624     0.6591  29.254527     4.3600     4.4593     0.0194    97.2644 1.3639e-01  -66.51168  -69.85872 333.680244      99.98 9.9904e+02    625.070      15003  1028.2394  1028.2382    34.4664    34.4651    7.90360         21 0.0000e+00
    129.000    127.682     0.6663  29.263047     0.6656  29.261519     4.3488     4.4429     0.0248    97.2924 1.3140e-01  -66.51168  -69.85872 333.680254      99.98 9.9956e+02    625.934      15023  1028.2451  1028.2440    34.4675    34.4664    7.90231         19 0.0000e+00
    130.000    128.672     0.6809  29.279766     0.6804  29.278697     4.2912     4.4141     0.0329    97.2918 1.2597e-01  -66.51168  -69.85872 333.680263      99.97 1.0002e+03    626.724      15042  1028.2531  1028.2522    34.4725    34.4716    7.89908         19 0.0000e+00
    131.000    129.662     0.7106  29.309134     0.7092  29.306775     4.2595     4.3909     0.0128    97.2918 1.2079e-01  -66.51168  -69.85872 333.680271      99.98 1.0013e+03    627.441      15060  1028.2592  1028.2579    34.4769    34.4755    7.89278         16 0.0000e+00
    132.000    130.650     0.7303  29.330112     0.7332  29.332297     4.2588     4.3868     0.0090    97.2918 1.1502e-01  -66.51168  -69.85874 333.680279      99.98 1.0013e+03    628.138      15076  1028.2664  1028.2656    34.4817    34.4814    7.88852         18 0.0000e+00
    133.000    131.640     0.7886  29.389315     0.7895  29.389193     4.2775     4.3961     0.0144    97.2872 1.0857e-01  -66.51168  -69.85874 333.680288      99.98 1.0013e+03    628.918      15095  1028.2755  1028.2743    34.4931    34.4919    7.87608         21 0.0000e+00
    134.000    132.630     0.7861  29.386314     0.7870  29.385846     4.2948     4.3847     0.0109    97.2814 1.0077e-01  -66.51167  -69.85875 333.680310      99.98 1.0008e+03    630.758      15139  1028.2803  1028.2789    34.4914    34.4898    7.87668         34 0.0000e+00
    135.000    133.619     0.7610  29.361971     0.7519  29.351650     4.2144     4.3259     0.0268    97.2848 9.2276e-02  -66.51166  -69.85876 333.680349      99.98 9.9947e+02    634.121      15220  1028.2858  1028.2839    34.4872    34.4839    7.88200         32 0.0000e+00
    136.000    134.607     0.8557  29.460183     0.8556  29.459586     4.1982     4.3073     0.0207    97.2773 8.8166e-02  -66.51166  -69.85876 333.680360      48.99 9.9955e+02    635.078      15243  1028.2992  1028.2986    34.5086    34.5080    7.86167         23 0.0000e+00
    137.000    135.599     0.8817  29.485028     0.8814  29.483748     4.1932     4.2961     0.0071    97.2789 8.0542e-02  -66.51166  -69.85878 333.680370      99.49 9.9955e+02    636.012      15265  1028.3043  1028.3031    34.5113    34.5099    7.85627         22 0.0000e+00
    138.000    136.587     0.8944  29.498754     0.8938  29.497339     4.1731     4.2759     0.0036    97.2874 7.5753e-02  -66.51166  -69.85878 333.680382      99.97 9.9955e+02    636.969      15288  1028.3109  1028.3098    34.5144    34.5131    7.85355         24 0.0000e+00
    139.000    137.578     0.9242  29.530030     0.9241  29.529449     4.1404     4.2466     0.0104    97.3095 7.0892e-02  -66.51166  -69.85878 333.680393      99.97 1.0002e+03    637.949      15312  1028.3188  1028.3182    34.5211    34.5204    7.84718         23 0.0000e+00
    140.000    138.565     0.9632  29.571384     0.9630  29.570595     4.1097     4.2277     0.0146    97.2942 6.7197e-02  -66.51166  -69.85878 333.680404      99.98 9.9955e+02    638.891      15334  1028.3280  1028.3273    34.5307    34.5298    7.83882         22 0.0000e+00
    141.000    139.555     1.0147  29.623220     1.0140  29.621648     4.1100     4.2189     0.0001    97.3162 6.3423e-02  -66.51166  -69.85879 333.680415      99.98 9.9993e+02    639.821      15357  1028.3358  1028.3349    34.5398    34.5386    7.82798         23 0.0000e+00
    142.000    140.545     1.0434  29.653413     1.0420  29.650550     4.1071     4.2100     0.0092    97.3149 6.0359e-02  -66.51166  -69.85879 333.680427      99.97 1.0012e+03    640.882      15382  1028.3438  1028.3422    34.5462    34.5441    7.82188         28 0.0000e+00
    143.000    141.535     1.0507  29.661016     1.0506  29.660038     4.1213     4.2094     0.0114    97.2470 5.7315e-02  -66.51166  -69.85880 333.680442      99.98 9.9986e+02    642.174      15413  1028.3497  1028.3487    34.5474    34.5462    7.82036         33 0.0000e+00
    144.000    142.524     1.0521  29.663383     1.0517  29.662095     4.1170     4.2056     0.0155    97.3085 5.4387e-02  -66.51166  -69.85880 333.680456      99.98 9.9954e+02    643.400      15443  1028.3558  1028.3548    34.5483    34.5470    7.82004         25 0.0000e+00
    145.000    143.513     1.0529  29.665258     1.0528  29.664343     4.0741     4.1786     0.0097    97.3151 5.0490e-02  -66.51166  -69.85880 333.680467      99.98 9.9829e+02    644.333      15465  1028.3618  1028.3608    34.5492    34.5481    7.81983         20 0.0000e+00
    146.000    144.502     1.0580  29.672472     1.0572  29.670645     4.0652     4.1767    -0.0063    97.3394 4.6647e-02  -66.51166  -69.85882 333.680476      99.98 9.9779e+02    645.130      15484  1028.3687  1028.3677    34.5522    34.5508    7.81863         19 0.0000e+00
    147.000    145.493     1.1077  29.726156     1.1014  29.718807     4.0823     4.1795    -0.0025    97.3282 4.2777e-02  -66.51166  -69.85882 333.680486      99.98 9.9806e+02    646.016      15505  1028.3798  1028.3785    34.5656    34.5632    7.80798         25 0.0000e+00
    148.000    146.483     1.0984  29.714568     1.0962  29.711131     4.0860     4.1621     0.0001    97.3369 3.6517e-02  -66.51166  -69.85884 333.680521      99.98 9.9807e+02    648.985      15577  1028.3825  1028.3812    34.5605    34.5584    7.81013         31 0.0000e+00
    149.000    147.470     1.1214  29.739342     1.1395  29.758843     4.0666     4.1434    -0.0074    97.3434 3.2237e-02  -66.51166  -69.85884 333.680544      99.98 9.9868e+02    650.964      15624  1028.3903  1028.3925    34.5662    34.5712    7.80522         20 0.0000e+00
    150.000    148.458     1.1639  29.781586     1.1632  29.779993     4.0700     4.1428    -0.0064    97.3433 2.9215e-02  -66.51166  -69.85884 333.680552      99.98 9.9953e+02    651.671      15641  1028.3964  1028.3955    34.5728    34.5716    7.79639         16 0.0000e+00
    151.000    149.452     1.1661  29.783822     1.1666  29.783610     4.0612     4.1363    -0.0072    97.3433 2.5919e-02  -66.51166  -69.85884 333.680559      99.98 9.9955e+02    652.314      15657  1028.4012  1028.4005    34.5727    34.5719    7.79597         15 0.0000e+00
    152.000    150.437     1.1696  29.788792     1.1686  29.786789     4.0545     4.1300    -0.0077    97.3433 2.3207e-02  -66.51166  -69.85884 333.680567      99.98 9.9955e+02    652.968      15672  1028.4074  1028.4063    34.5746    34.5732    7.79516         16 0.0000e+00
    153.000    151.429     1.1871  29.807794     1.1920  29.811347     4.0334     4.1167    -0.0008    97.3433 2.0585e-02  -66.51166  -69.85884 333.680576      99.97 9.9955e+02    653.759      15691  1028.4142  1028.4132    34.5790    34.5782    7.79144         22 0.0000e+00
    154.000    152.418     1.2237  29.845161     1.2244  29.844862     4.0151     4.1014     0.0092    97.3433 1.8465e-02  -66.51166  -69.85884 333.680589      99.98 9.9818e+02    654.899      15719  1028.4213  1028.4203    34.5859    34.5847    7.78381         33 0.0000e+00
    155.000    153.408     1.2352  29.861461     1.2357  29.860766     4.0148     4.0928     0.0109    97.3433 1.7342e-02  -66.51166  -69.85886 333.680605      99.98 9.9727e+02    656.309      15752  1028.4317  1028.4305    34.5934    34.5920    7.78111         30 0.0000e+00
    156.000    154.396     1.2350  29.863147     1.2349  29.862200     4.0126     4.0905    -0.0061    97.3433 1.5467e-02  -66.51166  -69.85887 333.680620      99.98 9.9600e+02    657.525      15782  1028.4384  1028.4375    34.5952    34.5942    7.78106         27 0.0000e+00
    157.000    155.384     1.2504  29.879937     1.2515  29.880027     4.0053     4.0903     0.0011    97.3324 1.4109e-02  -66.51166  -69.85888 333.680632      99.98 9.9603e+02    658.589      15807  1028.4451  1028.4441    34.5991    34.5981    7.77780         25 0.0000e+00
    158.000    156.375     1.2647  29.895298     1.2647  29.894409     4.0117     4.0864    -0.0058    97.3616 1.0693e-02  -66.51165  -69.85889 333.680644      99.98 9.9603e+02    659.682      15833  1028.4514  1028.4505    34.6024    34.6013    7.77479         28 0.0000e+00
    159.000    157.364     1.2667  29.897475     1.2663  29.896551     4.0147     4.0826    -0.0020    97.3443 7.5502e-03  -66.51164  -69.85890 333.680660      99.98 9.9603e+02    661.020      15865  1028.4563  1028.4558    34.6024    34.6016    7.77439         37 0.0000e+00
    160.000    158.355     1.2640  29.896402     1.2637  29.895432     4.0137     4.0800     0.0066    97.3196 4.4164e-03  -66.51164  -69.85889 333.680677      99.98 9.9698e+02    662.521      15902  1028.4626  1028.4619    34.6034    34.6025    7.77487         33 0.0000e+00
    161.000    159.342     1.2664  29.899666     1.2654  29.897812     4.0072     4.0796     0.0138    97.3203 1.8264e-03  -66.51164  -69.85889 333.680692      99.98 9.9694e+02    663.798      15932  1028.4680  1028.4672    34.6043    34.6030    7.77434         29 0.0000e+00
    162.000    160.332     1.2729  29.906599     1.2722  29.904974     4.0117     4.0754    -0.0051    97.3271 1.8282e-04  -66.51164  -69.85890 333.680707      99.98 9.9604e+02    665.043      15962  1028.4732  1028.4724    34.6054    34.6042    7.77299         32 0.0000e+00
    163.000    161.322     1.2742  29.908375     1.2736  29.906935     4.0110     4.0705    -0.0039    97.3637 1.6373e-06  -66.51164  -69.85892 333.680723      99.98 9.9533e+02    666.464      15996  1028.4784  1028.4775    34.6057    34.6045    7.77273         36 0.0000e+00
    164.000    162.311     1.2689  29.904302     1.2686  29.903176     4.0088     4.0726    -0.0031    97.3692 1.0000e-12  -66.51164  -69.85893 333.680740      99.98 9.9424e+02    667.938      16032  1028.4839  1028.4830    34.6058    34.6047    7.77378         32 0.0000e+00
    165.000    163.300     1.2670  29.905487     1.2670  29.904672     3.9966     4.0639    -0.0009    97.3413 1.0000e-12  -66.51164  -69.85894 333.680754      99.98 9.9427e+02    669.127      16060  1028.4913  1028.4905    34.6088    34.6078    7.77398         25 0.0000e+00
    166.000    164.289     1.3018  29.939901     1.3000  29.937230     4.0004     4.0610     0.0010    97.2524 1.0000e-12  -66.51164  -69.85894 333.680765      99.98 9.9427e+02    670.057      16082  1028.4967  1028.4957    34.6138    34.6124    7.76683         21 0.0000e+00
    167.000    165.279     1.3436  29.980814     1.3401  29.976884     4.0036     4.0625    -0.0004    97.3431 1.0000e-12  -66.51165  -69.85894 333.680774      99.98 9.9427e+02    670.853      16101  1028.5017  1028.5011    34.6192    34.6181    7.75828         18 0.0000e+00
    168.000    166.267     1.3553  29.991653     1.3548  29.990291     4.0003     4.0659    -0.0072    97.3660 1.0000e-12  -66.51165  -69.85894 333.680782      99.97 9.9427e+02    671.598      16119  1028.5058  1028.5049    34.6197    34.6184    7.75596         18 0.0000e+00
    169.000    167.259     1.3569  29.993887     1.3568  29.992983     3.9860     4.0624     0.0001    97.3466 1.0000e-12  -66.51164  -69.85894 333.680791      99.98 9.9517e+02    672.353      16137  1028.5110  1028.5101    34.6201    34.6191    7.75561         19 0.0000e+00
    170.000    168.247     1.3507  29.989109     1.3504  29.988065     3.9873     4.0620     0.0012    97.3510 1.0000e-12  -66.51164  -69.85894 333.680801      99.97 9.9600e+02    673.220      16158  1028.5167  1028.5159    34.6203    34.6193    7.75683         23 0.0000e+00
    171.000    169.236     1.3465  29.985712     1.3507  29.988762     4.0024     4.0623     0.0019    97.3516 1.0000e-12  -66.51164  -69.85894 333.680817      99.97 9.9516e+02    674.607      16192  1028.5219  1028.5209    34.6199    34.6193    7.75766         35 0.0000e+00
    172.000    170.225     1.3550  29.994144     1.3539  29.992280     3.9911     4.0591     0.0001    97.3683 1.0000e-12  -66.51164  -69.85897 333.680846      99.98 9.9431e+02    677.099      16251  1028.5268  1028.5260    34.6208    34.6196    7.75595         35 0.0000e+00
    173.000    171.214     1.3568  29.996779     1.3561  29.995301     3.9785     4.0454    -0.0025    97.3691 1.0000e-12  -66.51162  -69.85899 333.680864      99.98 9.9461e+02    678.682      16289  1028.5322  1028.5314    34.6215    34.6204    7.75555         31 0.0000e+00
    174.000    172.204     1.3296  29.972362     1.3286  29.970782     3.9656     4.0358     0.0087    97.3636 1.0000e-12  -66.51162  -69.85900 333.680878      99.98 9.9602e+02    679.889      16318  1028.5385  1028.5378    34.6198    34.6189    7.76101         28 0.0000e+00
    175.000    173.193     1.3248  29.970093     1.3244  29.968925     3.9694     4.0354     0.0121    97.3700 1.0000e-12  -66.51162  -69.85900 333.680892      99.97 9.9515e+02    681.108      16348  1028.5451  1028.5443    34.6217    34.6207    7.76186         30 0.0000e+00
    176.000    174.182     1.3163  29.962638     1.3156  29.961306     3.9719     4.0378     0.0040    97.3700 1.0000e-12  -66.51162  -69.85900 333.680907      99.98 9.9432e+02    682.356      16378  1028.5502  1028.5494    34.6210    34.6200    7.76358         29 0.0000e+00
