NBP2113_155081_ctd/data/dnbp2113_040.cnv
* Sea-Bird SBE 9 Data File:
* FileName = D:\Data\raw\NBP2113_040.hex
* Software Version Seasave V 7.26.7.121
* Temperature SN = 2438
* Conductivity SN = 2067
* Number of Bytes Per Scan = 40
* Number of Voltage Words = 5
* Number of Scans Averaged by the Deck Unit = 1
* NMEA Latitude = 64 51.74 S
* NMEA Longitude = 063 55.31 W
* NMEA UTC (Time) = Dec 10 2021  12:43:38
* NMEA baud rate = 9600
** Ship: RVIB N.B. Palmer
** Cruise: NBP2113 LTER
** Station: 621.028
** Operator: B. Urmston
# nquan = 25
# nvalues = 374                         
# units = specified
# name 0 = prDM: Pressure, Digiquartz [db]
# name 1 = depSM: Depth [salt water, m]
# name 2 = t090C: Temperature [ITS-90, deg C]
# name 3 = c0mS/cm: Conductivity [mS/cm]
# name 4 = t190C: Temperature, 2 [ITS-90, deg C]
# name 5 = c1mS/cm: Conductivity, 2 [mS/cm]
# name 6 = sbeox0ML/L: Oxygen, SBE 43 [ml/l]
# name 7 = sbeox1ML/L: Oxygen, SBE 43, 2 [ml/l]
# name 8 = flECO-AFL: Fluorescence, WET Labs ECO-AFL/FL [mg/m^3]
# name 9 = CStarTr0: Beam Transmission, WET Labs C-Star [%]
# name 10 = par: PAR/Irradiance, Biospherical/Licor
# name 11 = latitude: Latitude [deg]
# name 12 = longitude: Longitude [deg]
# name 13 = timeJ: Julian Days
# name 14 = altM: Altimeter [m]
# name 15 = spar: SPAR, Biospherical/Licor
# name 16 = timeS: Time, Elapsed [seconds]
# name 17 = scan: Scan Count
# name 18 = density00: Density [density, kg/m^3]
# name 19 = density11: Density, 2 [density, kg/m^3]
# name 20 = sal00: Salinity, Practical [PSU]
# name 21 = sal11: Salinity, Practical, 2 [PSU]
# name 22 = oxsolML/L: Oxygen Saturation, Garcia & Gordon [ml/l]
# name 23 = nbin: number of scans per bin
# name 24 = flag: flag
# span 0 =      5.000,    378.000       
# span 1 =      4.952,    373.956       
# span 2 =    -0.3370,     1.2701       
# span 3 =  27.887120,  30.018262       
# span 4 =    -0.3377,     1.2698       
# span 5 =  27.885225,  30.017028       
# span 6 =     4.3209,     8.0937       
# span 7 =     4.3952,     8.1120       
# span 8 =    -0.0184,     1.6729       
# span 9 =    88.0937,    94.7941       
# span 10 = -2.666e-06, 1.0416e+02      
# span 11 =  -64.86254,  -64.86210      
# span 12 =  -63.92198,  -63.92182      
# span 13 = 344.533863, 344.541795      
# span 14 =     -15.27,      99.98      
# span 15 = 3.2444e+02, 3.5786e+02      
# span 16 =    307.734,    993.110      
# span 17 =       7387,      23836      
# span 18 =  1027.1658,  1029.5114      
# span 19 =  1027.1638,  1029.5102      
# span 20 =    33.7839,    34.6318      
# span 21 =    33.7822,    34.6306      
# span 22 =    7.77215,    8.14011      
# span 23 =         11,         51      
# span 24 = 0.0000e+00, 0.0000e+00      
# interval = decibars: 1                
# start_time = Dec 10 2021 12:43:38 [NMEA time, header]
# bad_flag = -9.990e-29
*END*
      5.000      4.952    -0.2856  27.887945    -0.2866  27.885225     8.0884     8.1120     1.3084    88.0937 1.0416e+02  -64.86254  -63.92186 344.533863     -15.27 3.3411e+02    307.734       7387  1027.1658  1027.1638    33.7884    33.7859    8.13915         11 0.0000e+00
      6.000      5.942    -0.2856  27.887120    -0.2858  27.885435     8.0937     8.0977     1.2488    88.2916 8.8743e+01  -64.86253  -63.92185 344.533900      31.54 3.3646e+02    310.933       7463  1027.1692  1027.1676    33.7867    33.7847    8.13925         32 0.0000e+00
      7.000      6.931    -0.2861  27.887491    -0.2865  27.885779     8.0582     8.0921     1.2835    88.2386 7.8664e+01  -64.86252  -63.92186 344.533935      14.17 3.3673e+02    314.001       7537  1027.1744  1027.1728    33.7871    33.7852    8.13933         35 0.0000e+00
      8.000      7.921    -0.2859  27.888242    -0.2868  27.886150     8.0777     8.0982     1.2914    88.2485 6.7885e+01  -64.86252  -63.92188 344.533993      28.01 3.3846e+02    319.036       7658  1027.1793  1027.1779    33.7873    33.7855    8.13927         45 0.0000e+00
      9.000      8.910    -0.2869  27.887458    -0.2872  27.885882     8.0822     8.0992     1.2962    88.3147 5.8780e+01  -64.86252  -63.92187 344.534021      40.28 3.3847e+02    321.372       7714  1027.1837  1027.1822    33.7868    33.7850    8.13953         29 0.0000e+00
     10.000      9.902    -0.2853  27.888586    -0.2854  27.886978     8.0468     8.1023     1.3351    88.3164 5.4822e+01  -64.86252  -63.92184 344.534057      99.56 3.3847e+02    324.504       7789  1027.1876  1027.1860    33.7858    33.7838    8.13922         39 0.0000e+00
     11.000     10.890    -0.2844  27.889465    -0.2846  27.888088     8.0360     8.1015     1.3509    88.3805 4.9407e+01  -64.86252  -63.92186 344.534094      99.97 3.3847e+02    327.746       7867  1027.1920  1027.1907    33.7854    33.7838    8.13906         34 0.0000e+00
     12.000     11.882    -0.2854  27.888263    -0.2842  27.887676     8.0400     8.1031     1.3656    88.2879 4.3564e+01  -64.86252  -63.92188 344.534132      99.97 3.3847e+02    330.986       7945  1027.1960  1027.1942    33.7844    33.7822    8.13934         41 0.0000e+00
     13.000     12.871    -0.2849  27.888796    -0.2832  27.888902     8.0488     8.1030     1.3506    88.3347 3.7863e+01  -64.86252  -63.92186 344.534163      99.97 3.3847e+02    333.717       8010  1027.2004  1027.1989    33.7839    33.7822    8.13926         37 0.0000e+00
     14.000     13.863    -0.2844  27.889812    -0.2839  27.888796     8.0437     8.1074     1.3697    88.2101 3.5738e+01  -64.86251  -63.92184 344.534200      99.97 3.3881e+02    336.919       8087  1027.2052  1027.2037    33.7840    33.7822    8.13914         35 0.0000e+00
     15.000     14.852    -0.2819  27.892858    -0.2822  27.890974     8.0246     8.1054     1.3829    88.2994 3.1581e+01  -64.86250  -63.92185 344.534222      99.97 3.4037e+02    338.775       8132  1027.2104  1027.2087    33.7847    33.7825    8.13856         35 0.0000e+00
     16.000     15.843    -0.2860  27.892541    -0.2861  27.891086     8.0019     8.0994     1.4425    88.3227 2.8362e+01  -64.86250  -63.92186 344.534269      99.97 3.4044e+02    342.853       8229  1027.2184  1027.2169    33.7883    33.7864    8.13924         35 0.0000e+00
     17.000     16.835    -0.2832  27.894426    -0.2838  27.892578     8.0347     8.1021     1.4187    88.2974 2.5496e+01  -64.86250  -63.92186 344.534305      99.97 3.4161e+02    345.988       8305  1027.2220  1027.2205    33.7871    33.7853    8.13872         30 0.0000e+00
     18.000     17.823    -0.2859  27.895507    -0.2843  27.894217     8.0148     8.1004     1.3988    88.3363 2.3513e+01  -64.86250  -63.92184 344.534334      99.97 3.4025e+02    348.494       8365  1027.2300  1027.2271    33.7909    33.7874    8.13906         42 0.0000e+00
     19.000     18.812    -0.2842  27.896250    -0.2856  27.894323     7.9928     8.1026     1.4731    88.3665 2.1932e+01  -64.86248  -63.92184 344.534365      99.97 3.4189e+02    351.113       8428  1027.2335  1027.2328    33.7894    33.7884    8.13879         33 0.0000e+00
     20.000     19.802    -0.2862  27.896060    -0.2864  27.894546     8.0187     8.0982     1.4587    88.4334 1.8932e+01  -64.86248  -63.92186 344.534404      99.97 3.4246e+02    354.517       8509  1027.2395  1027.2381    33.7907    33.7890    8.13914         28 0.0000e+00
     21.000     20.793    -0.2892  27.896217    -0.2890  27.894359     8.0072     8.0930     1.4744    88.4472 1.7057e+01  -64.86248  -63.92184 344.534441      99.97 3.4202e+02    357.667       8585  1027.2468  1027.2447    33.7937    33.7910    8.13962         28 0.0000e+00
     22.000     21.785    -0.2920  27.896012    -0.2918  27.894026     8.0059     8.0885     1.4393    88.4075 1.6076e+01  -64.86248  -63.92184 344.534468      99.97 3.4382e+02    360.039       8642  1027.2536  1027.2513    33.7959    33.7931    8.14009         36 0.0000e+00
     23.000     22.767    -0.2919  27.896856    -0.2919  27.895296     8.0159     8.0887     1.5064    88.4418 1.4558e+01  -64.86248  -63.92185 344.534502      99.96 3.4376e+02    362.961       8712  1027.2587  1027.2569    33.7963    33.7943    8.14004         20 0.0000e+00
     24.000     23.763    -0.2919  27.897507    -0.2920  27.895815     7.9769     8.0907     1.4978    88.5078 1.2800e+01  -64.86248  -63.92186 344.534550      99.96 3.4524e+02    367.143       8812  1027.2636  1027.2619    33.7966    33.7944    8.14002         32 0.0000e+00
     25.000     24.754    -0.2920  27.897892    -0.2921  27.896241     7.9846     8.0997     1.4715    88.5375 1.1544e+01  -64.86246  -63.92186 344.534575      99.97 3.4552e+02    369.267       8863  1027.2684  1027.2667    33.7966    33.7945    8.14005         38 0.0000e+00
     26.000     25.742    -0.2924  27.898417    -0.2925  27.896765     8.0011     8.0915     1.5333    88.5253 1.0710e+01  -64.86246  -63.92185 344.534605      99.97 3.4552e+02    371.915       8927  1027.2737  1027.2720    33.7972    33.7951    8.14011         22 0.0000e+00
     27.000     26.731    -0.2918  27.898852    -0.2919  27.897316     8.0254     8.0862     1.5230    88.5017 1.0148e+01  -64.86246  -63.92185 344.534638      99.97 3.4578e+02    374.698       8994  1027.2778  1027.2762    33.7965    33.7945    8.14002         37 0.0000e+00
     28.000     27.724    -0.2890  27.903800    -0.2882  27.902693     7.9195     8.0329     1.6684    88.5331 8.8324e+00  -64.86246  -63.92186 344.534684      99.97 3.4720e+02    378.703       9090  1027.2847  1027.2828    33.7993    33.7969    8.13925         27 0.0000e+00
     29.000     28.714    -0.2386  28.005936    -0.2394  28.001534     7.7629     7.9280     1.6729    88.6094 8.0232e+00  -64.86244  -63.92186 344.534718      99.97 3.4729e+02    381.608       9160  1027.3501  1027.3460    33.8790    33.8740    8.12394         36 0.0000e+00
     30.000     29.705    -0.2277  28.044300    -0.2215  28.047108     7.6314     7.8338     1.6306    88.8846 7.5388e+00  -64.86244  -63.92186 344.534743      99.97 3.4729e+02    383.810       9212  1027.3856  1027.3827    33.9174    33.9143    8.11941         37 0.0000e+00
     31.000     30.692    -0.2926  28.005987    -0.2874  28.007635     7.5476     7.7358     1.4995    89.0880 6.9249e+00  -64.86244  -63.92186 344.534773      99.97 3.4859e+02    386.413       9275  1027.4121  1027.4089    33.9380    33.9344    8.13208         26 0.0000e+00
     32.000     31.684    -0.3021  28.027424    -0.3003  28.025249     7.4521     7.6001     1.4033    90.1116 6.1200e+00  -64.86244  -63.92186 344.534821      99.97 3.4902e+02    390.529       9374  1027.4485  1027.4444    33.9767    33.9718    8.13191         28 0.0000e+00
     33.000     32.674    -0.3194  28.017952    -0.3215  28.014821     7.4722     7.5812     1.0706    91.4512 5.6601e+00  -64.86244  -63.92186 344.534850      99.97 3.4905e+02    393.012       9433  1027.4591  1027.4578    33.9828    33.9809    8.13527         38 0.0000e+00
     34.000     33.664    -0.3210  28.015423    -0.3248  28.010866     7.4795     7.5762     0.9125    91.7096 5.3826e+00  -64.86244  -63.92186 344.534885      99.97 3.4905e+02    396.035       9506  1027.4618  1027.4608    33.9806    33.9788    8.13573         34 0.0000e+00
     35.000     34.653    -0.3354  28.006416    -0.3349  28.005336     7.4522     7.5522     0.8809    92.1545 4.9653e+00  -64.86244  -63.92186 344.534921      99.97 3.4905e+02    399.189       9582  1027.4703  1027.4686    33.9840    33.9820    8.13861         34 0.0000e+00
     36.000     35.643    -0.3171  28.027357    -0.3172  28.025066     7.4741     7.5650     0.8663    92.2877 4.6333e+00  -64.86242  -63.92186 344.534955      99.96 3.5071e+02    402.136       9652  1027.4790  1027.4768    33.9909    33.9880    8.13430         33 0.0000e+00
     37.000     36.635    -0.3027  28.041589    -0.3047  28.038029     7.4996     7.5745     0.8471    92.3148 4.3801e+00  -64.86242  -63.92186 344.534986      99.97 3.5081e+02    404.775       9716  1027.4848  1027.4828    33.9932    33.9907    8.13109         39 0.0000e+00
     38.000     37.625    -0.2802  28.070454    -0.2789  28.068232     7.4080     7.5220     0.8137    92.3279 4.1319e+00  -64.86242  -63.92186 344.535020      99.97 3.5081e+02    407.743       9787  1027.4984  1027.4948    34.0061    34.0017    8.12556         31 0.0000e+00
     39.000     38.614    -0.2867  28.079342    -0.2872  28.076984     7.3717     7.4538     0.7662    92.4870 3.8652e+00  -64.86242  -63.92186 344.535061      99.97 3.5081e+02    411.270       9871  1027.5189  1027.5168    34.0246    34.0220    8.12588         45 0.0000e+00
     40.000     39.603    -0.2880  28.080593    -0.2878  28.078789     7.3491     7.4459     0.7389    92.6407 3.6297e+00  -64.86242  -63.92186 344.535093      99.97 3.5081e+02    414.068       9939  1027.5258  1027.5238    34.0271    34.0244    8.12601         34 0.0000e+00
     41.000     40.595    -0.2878  28.083091    -0.2878  28.081388     7.3353     7.4450     0.7481    92.7060 3.4310e+00  -64.86241  -63.92186 344.535120      99.97 3.5081e+02    416.340       9993  1027.5328  1027.5309    34.0297    34.0273    8.12584         38 0.0000e+00
     42.000     41.585    -0.2877  28.083681    -0.2874  28.082383     7.3399     7.4426     0.7020    92.7730 3.2078e+00  -64.86240  -63.92186 344.535152      99.97 3.5081e+02    419.134      10060  1027.5376  1027.5360    34.0297    34.0276    8.12581         28 0.0000e+00
     43.000     42.576    -0.2833  28.090905    -0.2839  28.088800     7.3126     7.4066     0.7109    92.8587 2.9803e+00  -64.86240  -63.92186 344.535205      99.97 3.5081e+02    423.670      10169  1027.5454  1027.5436    34.0338    34.0316    8.12464         41 0.0000e+00
     44.000     43.564    -0.2491  28.131939    -0.2475  28.132014     7.2413     7.3548     0.6047    92.8923 2.7946e+00  -64.86240  -63.92186 344.535231      99.97 3.5081e+02    425.953      10224  1027.5606  1027.5591    34.0498    34.0481    8.11644         37 0.0000e+00
     45.000     44.555    -0.2367  28.156089    -0.2366  28.154646     7.2088     7.3341     0.6273    92.9514 2.6591e+00  -64.86239  -63.92186 344.535254      99.97 3.5081e+02    427.979      10272  1027.5790  1027.5774    34.0675    34.0655    8.11278         36 0.0000e+00
     46.000     45.545    -0.2449  28.150269    -0.2417  28.150087     7.2244     7.3296     0.6190    93.1236 2.4949e+00  -64.86238  -63.92186 344.535292      99.97 3.5148e+02    431.206      10350  1027.5854  1027.5820    34.0682    34.0644    8.11447         28 0.0000e+00
     47.000     46.535    -0.2471  28.149135    -0.2446  28.149592     7.2395     7.3160     0.5077    93.2019 2.3310e+00  -64.86238  -63.92186 344.535343      99.97 3.5098e+02    435.623      10456  1027.5908  1027.5889    34.0685    34.0664    8.11492         42 0.0000e+00
     48.000     47.524    -0.2462  28.150579    -0.2445  28.151061     7.2377     7.3123     0.4739    93.1885 2.1842e+00  -64.86238  -63.92186 344.535364      99.97 3.5085e+02    437.456      10500  1027.5958  1027.5947    34.0689    34.0676    8.11472         38 0.0000e+00
     49.000     48.516    -0.2493  28.148733    -0.2502  28.146019     7.2246     7.3047     0.4870    93.2101 2.0592e+00  -64.86238  -63.92186 344.535394      99.97 3.5258e+02    440.023      10562  1027.6012  1027.5992    34.0693    34.0667    8.11535         37 0.0000e+00
     50.000     49.505    -0.2544  28.144340    -0.2556  28.141798     7.2124     7.2957     0.4631    93.2633 1.9524e+00  -64.86236  -63.92184 344.535433      99.97 3.5188e+02    443.418      10643  1027.6058  1027.6041    34.0685    34.0665    8.11649         45 0.0000e+00
     51.000     50.496    -0.2588  28.141459    -0.2577  28.140814     7.2085     7.2945     0.4779    93.2389 1.8613e+00  -64.86236  -63.92185 344.535467      99.97 3.5258e+02    446.315      10713  1027.6113  1027.6094    34.0690    34.0669    8.11740         35 0.0000e+00
     52.000     51.483    -0.2594  28.141462    -0.2580  28.141207     7.2076     7.3000     0.5136    93.2753 1.7051e+00  -64.86236  -63.92186 344.535508      99.97 3.5258e+02    449.888      10798  1027.6160  1027.6142    34.0691    34.0672    8.11753         37 0.0000e+00
     53.000     52.474    -0.2581  28.143530    -0.2544  28.144880     7.2056     7.2902     0.4741    93.2282 1.6167e+00  -64.86236  -63.92184 344.535541      99.97 3.5258e+02    452.718      10866  1027.6211  1027.6190    34.0698    34.0674    8.11720         44 0.0000e+00
     54.000     53.466    -0.2637  28.139037    -0.2617  28.138983     7.1793     7.2756     0.4430    93.2520 1.5699e+00  -64.86235  -63.92184 344.535566      99.97 3.5258e+02    454.931      10919  1027.6261  1027.6241    34.0694    34.0671    8.11841         40 0.0000e+00
     55.000     54.452    -0.2881  28.118202    -0.2875  28.118724     7.1752     7.2661     0.4920    93.3250 1.4864e+00  -64.86234  -63.92184 344.535601      99.97 3.5384e+02    457.904      10991  1027.6314  1027.6317    34.0683    34.0684    8.12368         32 0.0000e+00
     56.000     55.445    -0.2872  28.118544    -0.2880  28.116695     7.1459     7.2573     0.5275    93.3287 1.3410e+00  -64.86233  -63.92184 344.535652      99.97 3.5435e+02    462.349      11097  1027.6352  1027.6340    34.0672    34.0656    8.12356         35 0.0000e+00
     57.000     56.434    -0.3011  28.108056    -0.2970  28.109844     7.1384     7.2355     0.4328    93.3213 1.2900e+00  -64.86232  -63.92182 344.535681      99.97 3.5316e+02    464.807      11156  1027.6416  1027.6395    34.0681    34.0659    8.12648         40 0.0000e+00
     58.000     57.424    -0.3147  28.096739    -0.3130  28.096679     7.1363     7.2188     0.4388    93.3612 1.2431e+00  -64.86232  -63.92182 344.535704      99.97 3.5411e+02    466.791      11204  1027.6468  1027.6451    34.0676    34.0656    8.12941         42 0.0000e+00
     59.000     58.414    -0.2998  28.110866    -0.2997  28.109891     7.1536     7.2311     0.4257    93.3797 1.1548e+00  -64.86232  -63.92183 344.535746      99.97 3.5434e+02    470.463      11292  1027.6515  1027.6503    34.0692    34.0678    8.12614         29 0.0000e+00
     60.000     59.404    -0.3103  28.103224    -0.3047  28.107622     7.1330     7.2140     0.3854    93.4282 1.0716e+00  -64.86230  -63.92183 344.535788      99.97 3.5434e+02    474.077      11379  1027.6581  1027.6568    34.0701    34.0697    8.12832         36 0.0000e+00
     61.000     60.393    -0.3219  28.095578    -0.3203  28.094261     7.0874     7.1851     0.4010    93.4520 1.0251e+00  -64.86230  -63.92182 344.535810      99.97 3.5434e+02    475.966      11424  1027.6651  1027.6621    34.0723    34.0687    8.13068         37 0.0000e+00
