NBP2113_155081_ctd/data/dnbp2113_003.cnv
* Sea-Bird SBE 9 Data File:
* FileName = D:\Data\raw\NBP2113_003.hex
* Software Version Seasave V 7.26.7.121
* Temperature SN = 2438
* Conductivity SN = 2067
* Number of Bytes Per Scan = 40
* Number of Voltage Words = 5
* Number of Scans Averaged by the Deck Unit = 1
* NMEA Latitude = 63 28.26 S
* NMEA Longitude = 061 47.09 W
* NMEA UTC (Time) = Nov 22 2021  19:16:03
* NMEA baud rate = 9600
** Ship: RVIB N.B. Palmer
** Cruise: NBP2113 LTER
** Station: 806.048
** Operator: S. Blackman
# nquan = 25
# nvalues = 550                         
# units = specified
# name 0 = prDM: Pressure, Digiquartz [db]
# name 1 = depSM: Depth [salt water, m]
# name 2 = t090C: Temperature [ITS-90, deg C]
# name 3 = c0mS/cm: Conductivity [mS/cm]
# name 4 = t190C: Temperature, 2 [ITS-90, deg C]
# name 5 = c1mS/cm: Conductivity, 2 [mS/cm]
# name 6 = sbeox0ML/L: Oxygen, SBE 43 [ml/l]
# name 7 = sbeox1ML/L: Oxygen, SBE 43, 2 [ml/l]
# name 8 = flECO-AFL: Fluorescence, WET Labs ECO-AFL/FL [mg/m^3]
# name 9 = CStarTr0: Beam Transmission, WET Labs C-Star [%]
# name 10 = par: PAR/Irradiance, Biospherical/Licor
# name 11 = latitude: Latitude [deg]
# name 12 = longitude: Longitude [deg]
# name 13 = timeJ: Julian Days
# name 14 = altM: Altimeter [m]
# name 15 = spar: SPAR, Biospherical/Licor
# name 16 = timeS: Time, Elapsed [seconds]
# name 17 = scan: Scan Count
# name 18 = density00: Density [density, kg/m^3]
# name 19 = density11: Density, 2 [density, kg/m^3]
# name 20 = sal00: Salinity, Practical [PSU]
# name 21 = sal11: Salinity, Practical, 2 [PSU]
# name 22 = oxsolML/L: Oxygen Saturation, Garcia & Gordon [ml/l]
# name 23 = nbin: number of scans per bin
# name 24 = flag: flag
# span 0 =      5.000,    554.000       
# span 1 =      4.951,    547.897       
# span 2 =    -0.6541,     0.0869       
# span 3 =  27.904550,  28.960806       
# span 4 =    -0.6535,     0.0869       
# span 5 =  27.903383,  28.959120       
# span 6 =     5.5418,     8.1345       
# span 7 =     5.5482,     8.0152       
# span 8 =    -0.0296,     1.6116       
# span 9 =    90.0592,    98.9360       
# span 10 = -2.096e-05, 9.3963e+02      
# span 11 =  -63.47120,  -63.47104      
# span 12 =  -61.78570,  -61.78515      
# span 13 = 326.806521, 326.816736      
# span 14 =       8.03,     101.78      
# span 15 = 1.8373e+03, 1.8656e+03      
# span 16 =    320.412,   1203.027      
# span 17 =       7691,      28874      
# span 18 =  1027.3281,  1030.3680      
# span 19 =  1027.3253,  1030.3667      
# span 20 =    33.9845,    34.5516      
# span 21 =    33.9811,    34.5508      
# span 22 =    8.01901,    8.19055      
# span 23 =         11,         61      
# span 24 = 0.0000e+00, 0.0000e+00      
# interval = decibars: 1                
# start_time = Nov 22 2021 19:16:03 [NMEA time, header]
# bad_flag = -9.990e-29
*END*
[from data line 116]
    121.000    119.792    -0.5171  28.101314    -0.5193  28.097786     6.7157     6.5749     0.1584    98.7081 3.8859e-02  -63.47110  -61.78538 326.810085      99.98 1.8534e+03    628.355      15082  1028.1190  1028.1173    34.2629    34.2606    8.16162         24 0.0000e+00
    122.000    120.783    -0.5251  28.095531    -0.5247  28.094297     6.6992     6.5603     0.1648    98.6958 3.3454e-02  -63.47110  -61.78538 326.810098      99.98 1.8525e+03    629.509      15109  1028.1242  1028.1224    34.2635    34.2614    8.16330         34 0.0000e+00
    123.000    121.772    -0.5236  28.098654    -0.5203  28.099944     6.6914     6.5628     0.1472    98.6142 2.8449e-02  -63.47110  -61.78538 326.810126      99.98 1.8560e+03    631.855      15166  1028.1293  1028.1275    34.2654    34.2634    8.16287         43 0.0000e+00
    124.000    122.762    -0.5446  28.082292    -0.5434  28.081619     6.7379     6.6054     0.1417    98.5272 2.5241e-02  -63.47110  -61.78538 326.810152      99.98 1.8598e+03    634.167      15221  1028.1356  1028.1337    34.2665    34.2642    8.16733         31 0.0000e+00
    125.000    123.751    -0.5940  28.043734    -0.5921  28.043350     6.7813     6.6339     0.1340    98.5481 2.2550e-02  -63.47110  -61.78536 326.810165      99.98 1.8568e+03    635.255      15247  1028.1463  1028.1442    34.2698    34.2672    8.17779         23 0.0000e+00
    126.000    124.740    -0.6161  28.025707    -0.6155  28.024571     6.8097     6.6556     0.1315    98.5322 1.9669e-02  -63.47110  -61.78536 326.810176      99.98 1.8530e+03    636.220      15270  1028.1523  1028.1506    34.2699    34.2677    8.18256         24 0.0000e+00
    127.000    125.731    -0.6441  28.004142    -0.6428  28.003368     6.8063     6.6607     0.1235    98.5272 1.7161e-02  -63.47110  -61.78538 326.810189      99.98 1.8499e+03    637.331      15297  1028.1602  1028.1581    34.2719    34.2694    8.18851         31 0.0000e+00
    128.000    126.720    -0.6541  27.997684    -0.6535  27.996620     6.7836     6.6573     0.1279    98.4880 1.4304e-02  -63.47111  -61.78538 326.810206      99.98 1.8507e+03    638.799      15332  1028.1666  1028.1649    34.2738    34.2718    8.19055         37 0.0000e+00
    129.000    127.711    -0.6514  28.003061    -0.6512  28.001764     6.7501     6.6399     0.1303    98.4942 1.0559e-02  -63.47112  -61.78536 326.810222      99.98 1.8564e+03    640.187      15365  1028.1735  1028.1719    34.2775    34.2756    8.18977         29 0.0000e+00
    130.000    128.699    -0.6484  28.009242    -0.6482  28.007848     6.7347     6.6315     0.1255    98.4540 7.3274e-03  -63.47112  -61.78536 326.810235      99.98 1.8595e+03    641.319      15393  1028.1811  1028.1794    34.2818    34.2797    8.18886         27 0.0000e+00
    131.000    129.692    -0.6462  28.012870    -0.6456  28.011684     6.7410     6.6311     0.1196    98.4411 3.0825e-03  -63.47112  -61.78537 326.810253      99.98 1.8554e+03    642.851      15429  1028.1867  1028.1849    34.2836    34.2814    8.18829         37 0.0000e+00
    132.000    130.679    -0.6449  28.014876    -0.6436  28.013856     6.7061     6.6165     0.1172    98.4260 7.3830e-04  -63.47112  -61.78537 326.810290      99.98 1.8492e+03    646.035      15506  1028.1912  1028.1889    34.2842    34.2814    8.18796         37 0.0000e+00
    133.000    131.668    -0.6384  28.023668    -0.6396  28.020920     6.6698     6.5874     0.1126    98.4343 -2.096e-05  -63.47112  -61.78536 326.810303      99.98 1.8560e+03    647.198      15534  1028.1985  1028.1967    34.2881    34.2858    8.18634         25 0.0000e+00
    134.000    132.657    -0.6237  28.040751    -0.6251  28.037969     6.6401     6.5664     0.1021    98.4185 1.0000e-12  -63.47112  -61.78534 326.810314      99.98 1.8581e+03    648.136      15556  1028.2067  1028.2051    34.2938    34.2917    8.18282         21 0.0000e+00
    135.000    133.648    -0.6132  28.052392    -0.6127  28.051131     6.6160     6.5566     0.1018    98.4335 1.0000e-12  -63.47112  -61.78536 326.810324      99.98 1.8565e+03    649.002      15577  1028.2133  1028.2114    34.2970    34.2948    8.18037         21 0.0000e+00
    136.000    134.638    -0.6078  28.059081    -0.6082  28.057123     6.5957     6.5431     0.1022    98.4227 1.0000e-12  -63.47112  -61.78535 326.810334      99.99 1.8544e+03    649.878      15598  1028.2195  1028.2178    34.2993    34.2972    8.17907         22 0.0000e+00
    137.000    135.626    -0.6012  28.067026    -0.6009  28.065782     6.6120     6.5358     0.1022    98.4047 1.0000e-12  -63.47112  -61.78535 326.810346      99.98 1.8521e+03    650.873      15622  1028.2260  1028.2243    34.3020    34.3000    8.17750         27 0.0000e+00
    138.000    136.615    -0.5929  28.076008    -0.5930  28.074311     6.5936     6.5159     0.1060    98.4408 1.0000e-12  -63.47112  -61.78536 326.810362      99.98 1.8508e+03    652.283      15656  1028.2318  1028.2301    34.3040    34.3019    8.17558         35 0.0000e+00
    139.000    137.607    -0.5746  28.095891    -0.5755  28.093334     6.4784     6.4387     0.1111    98.4313 1.0000e-12  -63.47112  -61.78536 326.810387      99.98 1.8560e+03    654.448      15708  1028.2398  1028.2380    34.3095    34.3071    8.17132         39 0.0000e+00
    140.000    138.595    -0.5275  28.143574    -0.5310  28.139779     6.4059     6.3639     0.1018    98.3833 1.0000e-12  -63.47112  -61.78536 326.810404      99.98 1.8575e+03    655.940      15744  1028.2494  1028.2489    34.3197    34.3187    8.16058         29 0.0000e+00
    141.000    139.586    -0.4706  28.196012    -0.4650  28.200311     6.3261     6.3217     0.1030    98.4496 1.0000e-12  -63.47112  -61.78536 326.810418      99.98 1.8582e+03    657.083      15771  1028.2548  1028.2539    34.3253    34.3247    8.14804         27 0.0000e+00
    142.000    140.576    -0.4446  28.220980    -0.4456  28.218225     6.2331     6.2558     0.1095    98.4780 1.0000e-12  -63.47112  -61.78534 326.810431      99.98 1.8588e+03    658.223      15798  1028.2608  1028.2589    34.3288    34.3263    8.14226         28 0.0000e+00
    143.000    141.565    -0.3785  28.281241    -0.3859  28.273601     6.1533     6.1734     0.1044    98.4919 1.0000e-12  -63.47112  -61.78534 326.810445      99.98 1.8571e+03    659.443      15828  1028.2655  1028.2645    34.3343    34.3324    8.12779         31 0.0000e+00
    144.000    142.555    -0.2841  28.368835    -0.2887  28.363761     6.0091     6.0768     0.1022    98.5137 1.0000e-12  -63.47112  -61.78534 326.810460      99.98 1.8531e+03    660.706      15858  1028.2718  1028.2708    34.3444    34.3427    8.10710         30 0.0000e+00
    145.000    143.544    -0.2214  28.429916    -0.2267  28.425012     5.9756     6.0301     0.0809    98.5113 1.0000e-12  -63.47112  -61.78534 326.810474      99.98 1.8511e+03    661.942      15888  1028.2809  1028.2808    34.3546    34.3540    8.09318         28 0.0000e+00
    146.000    144.534    -0.1616  28.487909    -0.1634  28.484709     6.0175     6.0319     0.0878    98.5384 1.0000e-12  -63.47112  -61.78534 326.810487      99.98 1.8533e+03    663.088      15915  1028.2895  1028.2878    34.3640    34.3617    8.07999         27 0.0000e+00
    147.000    145.522    -0.1776  28.475394    -0.1756  28.475405     6.0427     6.0250     0.0921    98.5677 1.0000e-12  -63.47114  -61.78534 326.810501      99.98 1.8560e+03    664.252      15943  1028.2972  1028.2952    34.3646    34.3624    8.08332         30 0.0000e+00
    148.000    146.514    -0.1816  28.472007    -0.1813  28.470744     6.0274     5.9881     0.0803    98.5912 1.0000e-12  -63.47114  -61.78534 326.810517      99.98 1.8556e+03    665.630      15976  1028.3028  1028.3011    34.3640    34.3620    8.08421         37 0.0000e+00
    149.000    147.502    -0.1458  28.504881    -0.1387  28.509482     5.9953     5.9719     0.0864    98.6502 1.0000e-12  -63.47114  -61.78534 326.810536      99.98 1.8554e+03    667.274      16016  1028.3080  1028.3059    34.3669    34.3650    8.07647         40 0.0000e+00
    150.000    148.492    -0.1209  28.528624    -0.1225  28.525597     5.9716     5.9487     0.0892    98.7234 1.0000e-12  -63.47114  -61.78534 326.810553      99.98 1.8555e+03    668.774      16052  1028.3141  1028.3125    34.3698    34.3677    8.07104         31 0.0000e+00
    151.000    149.481    -0.1275  28.524019    -0.1280  28.520902     5.9511     5.9131     0.0717    98.7235 1.0000e-12  -63.47114  -61.78534 326.810566      99.98 1.8563e+03    669.937      16079  1028.3206  1028.3179    34.3705    34.3669    8.07240         25 0.0000e+00
    152.000    150.472    -0.0829  28.567917    -0.0863  28.563868     5.9300     5.8974     0.0708    98.7766 1.0000e-12  -63.47114  -61.78534 326.810578      99.98 1.8563e+03    670.934      16103  1028.3282  1028.3272    34.3781    34.3765    8.06255         24 0.0000e+00
    153.000    151.461    -0.0617  28.585848    -0.0635  28.582273     5.9179     5.8768     0.0624    98.8054 1.0000e-12  -63.47114  -61.78534 326.810590      99.98 1.8563e+03    671.940      16128  1028.3314  1028.3294    34.3775    34.3748    8.05813         25 0.0000e+00
    154.000    152.451    -0.0572  28.590377    -0.0581  28.588039     5.8819     5.8479     0.0664    98.8231 1.0000e-12  -63.47114  -61.78534 326.810603      99.98 1.8577e+03    673.098      16155  1028.3367  1028.3351    34.3779    34.3757    8.05716         31 0.0000e+00
    155.000    153.439    -0.0236  28.622431    -0.0232  28.621524     5.8532     5.8271     0.0729    98.8511 1.0000e-12  -63.47114  -61.78534 326.810620      99.98 1.8548e+03    674.563      16191  1028.3427  1028.3414    34.3820    34.3804    8.04985         38 0.0000e+00
    156.000    154.430    -0.0041  28.643815    -0.0039  28.642129     5.8299     5.8078     0.0727    98.8509 1.0000e-12  -63.47114  -61.78534 326.810638      99.98 1.8506e+03    676.100      16227  1028.3514  1028.3494    34.3879    34.3854    8.04543         33 0.0000e+00
    157.000    155.419     0.0088  28.658338     0.0043  28.652277     5.8240     5.7892     0.0645    98.8769 1.0000e-12  -63.47114  -61.78534 326.810652      99.99 1.8514e+03    677.294      16256  1028.3590  1028.3569    34.3920    34.3889    8.04248         26 0.0000e+00
    158.000    156.408     0.0166  28.667160     0.0153  28.663993     5.8259     5.7857     0.0561    98.8636 1.0000e-12  -63.47114  -61.78534 326.810663      99.98 1.8541e+03    678.280      16280  1028.3654  1028.3632    34.3943    34.3915    8.04072         22 0.0000e+00
    159.000    157.397     0.0215  28.674082     0.0224  28.672991     5.8543     5.7998     0.0498    98.8911 1.0000e-12  -63.47114  -61.78534 326.810674      99.98 1.8568e+03    679.264      16303  1028.3727  1028.3705    34.3974    34.3949    8.03951         26 0.0000e+00
    160.000    158.389     0.0090  28.666224     0.0113  28.666229     5.8414     5.7953     0.0614    98.9055 1.0000e-12  -63.47114  -61.78534 326.810688      99.98 1.8576e+03    680.432      16331  1028.3812  1028.3790    34.4004    34.3978    8.04196         32 0.0000e+00
    161.000    159.378    -0.0110  28.652022    -0.0152  28.647374     5.9050     5.8184     0.0649    98.9247 1.0000e-12  -63.47114  -61.78534 326.810707      99.98 1.8532e+03    682.061      16370  1028.3905  1028.3897    34.4034    34.4020    8.04600         41 0.0000e+00
    162.000    160.366    -0.0299  28.636003    -0.0357  28.629048     5.9080     5.8203     0.0574    98.9062 1.0000e-12  -63.47114  -61.78534 326.810727      99.98 1.8514e+03    683.823      16413  1028.3967  1028.3949    34.4028    34.4002    8.05000         34 0.0000e+00
    163.000    161.357    -0.0432  28.624717    -0.0344  28.630906     5.9820     5.8579     0.0423    98.8981 1.0000e-12  -63.47114  -61.78536 326.810742      99.98 1.8545e+03    685.076      16443  1028.4020  1028.3999    34.4023    34.4005    8.05284         26 0.0000e+00
    164.000    162.346    -0.0685  28.602949    -0.0602  28.609369     6.0787     5.9185     0.0415    98.9030 1.0000e-12  -63.47114  -61.78534 326.810753      99.98 1.8566e+03    686.042      16466  1028.4080  1028.4067    34.4012    34.4003    8.05822         21 0.0000e+00
    165.000    163.335    -0.1083  28.565303    -0.0820  28.588534     6.1162     5.9545     0.0330    98.8999 1.0000e-12  -63.47114  -61.78534 326.810763      99.98 1.8566e+03    686.889      16486  1028.4113  1028.4103    34.3953    34.3966    8.06695         20 0.0000e+00
    166.000    164.325    -0.1928  28.495517    -0.1947  28.492344     6.1190     5.9727     0.0416    98.8695 1.0000e-12  -63.47114  -61.78534 326.810772      99.98 1.8563e+03    687.716      16506  1028.4241  1028.4225    34.3971    34.3949    8.08471         20 0.0000e+00
    167.000    165.314    -0.2043  28.485673    -0.2036  28.484831     6.1085     5.9810     0.0524    98.8389 1.0000e-12  -63.47114  -61.78534 326.810783      99.98 1.8563e+03    688.672      16529  1028.4287  1028.4272    34.3962    34.3943    8.08718         27 0.0000e+00
    168.000    166.303    -0.2064  28.484722    -0.2080  28.482223     6.0917     5.9790     0.0522    98.8046 1.0000e-12  -63.47114  -61.78534 326.810802      99.98 1.8563e+03    690.308      16568  1028.4333  1028.4322    34.3968    34.3952    8.08761         34 0.0000e+00
    169.000    167.293    -0.2104  28.482025    -0.2098  28.480764     6.0772     5.9800     0.0476    98.6976 1.0000e-12  -63.47114  -61.78534 326.810827      99.98 1.8563e+03    692.460      16620  1028.4378  1028.4360    34.3970    34.3948    8.08843         34 0.0000e+00
    170.000    168.282    -0.2062  28.486580    -0.2064  28.484615     6.0528     5.9767     0.0483    98.6762 1.0000e-12  -63.47114  -61.78534 326.810840      99.98 1.8577e+03    693.579      16647  1028.4425  1028.4407    34.3978    34.3954    8.08750         25 0.0000e+00
    171.000    169.273    -0.1986  28.492857    -0.1980  28.491810     6.0469     5.9739     0.0412    98.6780 1.0000e-12  -63.47114  -61.78534 326.810852      99.98 1.8581e+03    694.594      16671  1028.4458  1028.4441    34.3970    34.3949    8.08594         24 0.0000e+00
    172.000    170.262    -0.1956  28.496055    -0.1994  28.491255     6.0628     5.9764     0.0396    98.6713 1.0000e-12  -63.47114  -61.78534 326.810864      99.98 1.8577e+03    695.679      16697  1028.4503  1028.4490    34.3972    34.3952    8.08528         28 0.0000e+00
    173.000    171.251    -0.2060  28.487732    -0.2081  28.484491     6.0680     5.9799     0.0540    98.6682 1.0000e-12  -63.47114  -61.78534 326.810878      99.98 1.8540e+03    696.901      16727  1028.4557  1028.4543    34.3972    34.3953    8.08748         31 0.0000e+00
    174.000    172.241    -0.2180  28.479443    -0.2212  28.475371     6.0815     5.9856     0.0431    98.6837 1.0000e-12  -63.47114  -61.78534 326.810894      99.98 1.8494e+03    698.201      16758  1028.4628  1028.4616    34.3992    34.3973    8.08993         27 0.0000e+00
    175.000    173.231    -0.2262  28.474161    -0.2290  28.470654     6.0707     5.9888     0.0563    98.6889 1.0000e-12  -63.47114  -61.78534 326.810909      99.98 1.8502e+03    699.579      16791  1028.4692  1028.4683    34.4007    34.3993    8.09157         35 0.0000e+00
    176.000    174.219    -0.2313  28.471670    -0.2299  28.471199     6.0692     5.9894     0.0503    98.6821 1.0000e-12  -63.47114  -61.78534 326.810926      99.98 1.8571e+03    701.015      16825  1028.4757  1028.4737    34.4026    34.4003    8.09256         32 0.0000e+00
    177.000    175.209    -0.2323  28.472049    -0.2321  28.470616     6.0531     5.9736     0.0467    98.6643 1.0000e-12  -63.47114  -61.78534 326.810940      99.98 1.8609e+03    702.203      16854  1028.4812  1028.4794    34.4036    34.4015    8.09271         25 0.0000e+00
