NBP2113_155081_ctd/data/dnbp2113_055.cnv
* Sea-Bird SBE 9 Data File:
* FileName = D:\Data\raw\NBP2113_055.hex
* Software Version Seasave V 7.26.7.121
* Temperature SN = 2438
* Conductivity SN = 2067
* Number of Bytes Per Scan = 40
* Number of Voltage Words = 5
* Number of Scans Averaged by the Deck Unit = 1
* NMEA Latitude = 64 51.63 S
* NMEA Longitude = 064 56.94 W
* NMEA UTC (Time) = Dec 11 2021  21:26:08
* NMEA baud rate = 9600
** Ship: RVIB N.B. Palmer
** Cruise: NBP2113 LTER
** Station: 589.065
** Operator: S. Blackman
# nquan = 25
# nvalues = 443                         
# units = specified
# name 0 = prDM: Pressure, Digiquartz [db]
# name 1 = depSM: Depth [salt water, m]
# name 2 = t090C: Temperature [ITS-90, deg C]
# name 3 = c0mS/cm: Conductivity [mS/cm]
# name 4 = t190C: Temperature, 2 [ITS-90, deg C]
# name 5 = c1mS/cm: Conductivity, 2 [mS/cm]
# name 6 = sbeox0ML/L: Oxygen, SBE 43 [ml/l]
# name 7 = sbeox1ML/L: Oxygen, SBE 43, 2 [ml/l]
# name 8 = flECO-AFL: Fluorescence, WET Labs ECO-AFL/FL [mg/m^3]
# name 9 = CStarTr0: Beam Transmission, WET Labs C-Star [%]
# name 10 = par: PAR/Irradiance, Biospherical/Licor
# name 11 = latitude: Latitude [deg]
# name 12 = longitude: Longitude [deg]
# name 13 = timeJ: Julian Days
# name 14 = altM: Altimeter [m]
# name 15 = spar: SPAR, Biospherical/Licor
# name 16 = timeS: Time, Elapsed [seconds]
# name 17 = scan: Scan Count
# name 18 = density00: Density [density, kg/m^3]
# name 19 = density11: Density, 2 [density, kg/m^3]
# name 20 = sal00: Salinity, Practical [PSU]
# name 21 = sal11: Salinity, Practical, 2 [PSU]
# name 22 = oxsolML/L: Oxygen Saturation, Garcia & Gordon [ml/l]
# name 23 = nbin: number of scans per bin
# name 24 = flag: flag
# span 0 =      5.000,    447.000       
# span 1 =      4.951,    442.148       
# span 2 =    -0.5498,     1.4635       
# span 3 =  27.523945,  30.262477       
# span 4 =    -0.5608,     1.4631       
# span 5 =  27.512948,  30.260983       
# span 6 =     4.0874,     8.2213       
# span 7 =     4.1401,     8.1982       
# span 8 =    -0.0226,     1.8003       
# span 9 =    82.5439,    91.8275       
# span 10 = 1.0000e-12, 8.3956e+01      
# span 11 =  -64.86064,  -64.86054      
# span 12 =  -64.94917,  -64.94854      
# span 13 = 345.896197, 345.904426      
# span 14 =       8.52,      99.97      
# span 15 = 1.9850e+02, 2.8028e+02      
# span 16 =    263.443,    974.437      
# span 17 =       6324,      23387      
# span 18 =  1027.0247,  1029.8611      
# span 19 =  1027.0200,  1029.8599      
# span 20 =    33.5906,    34.6841      
# span 21 =    33.5818,    34.6828      
# span 22 =    7.73121,    8.20735      
# span 23 =         13,         46      
# span 24 = 0.0000e+00, 0.0000e+00      
# interval = decibars: 1                
# start_time = Dec 11 2021 21:26:08 [NMEA time, header]
# bad_flag = -9.990e-29
*END*
      5.000      4.951    -0.3898  27.762759    -0.3252  27.842700     8.0592     8.1328     1.4900    83.4699 8.3956e+01  -64.86055  -64.94907 345.896197      99.96 2.7501e+02    263.443       6324  1027.1381  1027.1627    33.7367    33.7721    8.16447         13 0.0000e+00
      6.000      5.941    -0.4491  27.604977    -0.4863  27.578357     8.2213     8.1958     1.3530    83.7094 6.7626e+01  -64.86058  -64.94906 345.896220      99.97 2.7501e+02    265.400       6371  1027.0247  1027.0322    33.5906    33.5961    8.18566         40 0.0000e+00
      7.000      6.930    -0.4820  27.578864    -0.4657  27.585172     8.1652     8.1826     1.4264    82.8978 6.1022e+01  -64.86057  -64.94908 345.896301      99.96 2.7549e+02    272.366       6538  1027.0283  1027.0200    33.5914    33.5818    8.19273         30 0.0000e+00
      8.000      7.922    -0.5498  27.523945    -0.5576  27.515359     8.1547     8.1982     1.4726    82.5439 5.1909e+01  -64.86056  -64.94908 345.896353      99.97 2.7855e+02    276.886       6646  1027.0372  1027.0354    33.5922    33.5894    8.20735         31 0.0000e+00
      9.000      8.912    -0.5492  27.526136    -0.5608  27.512948     8.1698     8.1771     1.4135    82.6113 4.9535e+01  -64.86056  -64.94908 345.896366      99.97 2.7854e+02    278.030       6674  1027.0427  1027.0395    33.5939    33.5890    8.20712         30 0.0000e+00
     10.000      9.902    -0.5266  27.559835    -0.5226  27.562084     8.1440     8.1526     1.4505    82.6607 4.6243e+01  -64.86056  -64.94909 345.896392      99.97 2.7867e+02    280.264       6727  1027.0604  1027.0593    33.6135    33.6120    8.20110         31 0.0000e+00
     11.000     10.890    -0.2412  27.929982    -0.2312  27.943990     7.9980     8.0644     1.4975    82.8533 3.9539e+01  -64.86056  -64.94912 345.896447      99.97 2.8028e+02    285.062       6842  1027.1889  1027.1933    33.7911    33.7988    8.12960         28 0.0000e+00
     12.000     11.883    -0.0609  28.174776    -0.0592  28.174270     8.0060     8.0425     1.4036    83.9504 3.5373e+01  -64.86056  -64.94910 345.896475      99.97 2.7857e+02    287.485       6901  1027.2834  1027.2812    33.9163    33.9138    8.08408         33 0.0000e+00
     13.000     12.873     0.0110  28.261111     0.0120  28.259997     7.9985     8.0457     1.4956    85.2739 3.2772e+01  -64.86056  -64.94910 345.896507      99.96 2.7666e+02    290.176       6965  1027.3131  1027.3109    33.9504    33.9478    8.06696         45 0.0000e+00
     14.000     13.863     0.0299  28.282056     0.0299  28.280259     8.0109     8.0311     1.6329    85.5137 3.1103e+01  -64.86056  -64.94911 345.896529      99.97 2.7667e+02    292.090       7011  1027.3231  1027.3211    33.9565    33.9541    8.06262         39 0.0000e+00
     15.000     14.852     0.0309  28.282515     0.0310  28.280818     7.9845     8.0127     1.8003    85.7374 2.5730e+01  -64.86056  -64.94912 345.896591      99.97 2.7677e+02    297.505       7141  1027.3302  1027.3281    33.9555    33.9530    8.06248         35 0.0000e+00
     16.000     15.843     0.0317  28.285679     0.0317  28.283954     7.9850     8.0052     1.7344    85.7398 2.2444e+01  -64.86056  -64.94912 345.896605      99.97 2.7677e+02    298.674       7169  1027.3374  1027.3355    33.9581    33.9558    8.06215         24 0.0000e+00
     17.000     16.832     0.0291  28.285068     0.0291  28.283410     7.9670     7.9978     1.6892    85.8553 2.0722e+01  -64.86056  -64.94912 345.896617      99.97 2.7677e+02    299.742       7195  1027.3439  1027.3420    33.9596    33.9573    8.06261         29 0.0000e+00
     18.000     17.823     0.0256  28.281889     0.0253  28.280435     7.9568     7.9938     1.7219    85.9018 1.9596e+01  -64.86056  -64.94913 345.896669      99.97 2.7677e+02    304.203       7302  1027.3491  1027.3478    33.9586    33.9571    8.06340         38 0.0000e+00
     19.000     18.813     0.0238  28.281905     0.0237  28.280240     7.9404     7.9837     1.5598    86.1450 1.7018e+01  -64.86056  -64.94912 345.896702      99.96 2.7744e+02    307.065       7371  1027.3556  1027.3538    33.9601    33.9580    8.06371         33 0.0000e+00
     20.000     19.803     0.0216  28.281163     0.0219  28.279731     7.9465     7.9825     1.4205    86.5873 1.6231e+01  -64.86056  -64.94913 345.896718      99.97 2.7846e+02    308.408       7403  1027.3612  1027.3594    33.9609    33.9587    8.06412         36 0.0000e+00
     21.000     20.796     0.0163  28.277551     0.0169  28.276367     7.9143     7.9538     1.4439    87.1529 1.4608e+01  -64.86056  -64.94915 345.896778      99.97 2.7679e+02    313.597       7527  1027.3671  1027.3652    33.9615    33.9592    8.06522         33 0.0000e+00
     22.000     21.784     0.0137  28.276239     0.0136  28.274674     7.9243     7.9496     1.2309    87.2938 1.2546e+01  -64.86056  -64.94913 345.896793      99.97 2.7677e+02    314.909       7559  1027.3725  1027.3709    33.9620    33.9599    8.06573         24 0.0000e+00
     23.000     22.774     0.0113  28.275159     0.0112  28.273405     7.8937     7.9497     1.0705    87.5637 1.1484e+01  -64.86056  -64.94912 345.896804      99.97 2.7677e+02    315.894       7582  1027.3779  1027.3762    33.9626    33.9604    8.06620         25 0.0000e+00
     24.000     23.763     0.0083  28.272886     0.0078  28.269747     7.9077     7.9444     1.0746    87.6794 1.1156e+01  -64.86056  -64.94913 345.896844      99.97 2.7349e+02    319.329       7665  1027.3827  1027.3798    33.9623    33.9587    8.06685         36 0.0000e+00
     25.000     24.754     0.0056  28.272367     0.0048  28.270146     7.8897     7.9338     1.1541    87.4403 1.0399e+01  -64.86056  -64.94916 345.896902      99.97 2.7144e+02    324.308       7784  1027.3890  1027.3874    33.9640    33.9620    8.06732         27 0.0000e+00
     26.000     25.744     0.0046  28.271989     0.0044  28.270361     7.9117     7.9278     1.0070    87.7004 9.4576e+00  -64.86056  -64.94916 345.896914      99.97 2.7148e+02    325.381       7810  1027.3938  1027.3923    33.9640    33.9621    8.06753         30 0.0000e+00
     27.000     26.736     0.0044  28.272373     0.0045  28.270732     7.8957     7.9216     1.1077    88.0503 8.8974e+00  -64.86056  -64.94915 345.896932      99.97 2.7188e+02    326.932       7847  1027.3987  1027.3969    33.9642    33.9619    8.06757         30 0.0000e+00
     28.000     27.721     0.0039  28.272617     0.0042  28.271041     7.9027     7.9287     0.8955    88.6452 8.7754e+00  -64.86056  -64.94915 345.896970      99.97 2.7318e+02    330.220       7926  1027.4037  1027.4017    33.9644    33.9620    8.06765         23 0.0000e+00
     29.000     28.714     0.0026  28.272450     0.0029  28.270963     7.8773     7.9067     0.8075    88.7766 8.2582e+00  -64.86056  -64.94916 345.897023      99.97 2.7325e+02    334.747       8035  1027.4090  1027.4071    33.9650    33.9627    8.06789         37 0.0000e+00
     30.000     29.705     0.0003  28.271751     0.0003  28.270276     7.8606     7.8808     0.7744    88.8000 7.5547e+00  -64.86056  -64.94916 345.897059      99.97 2.7325e+02    337.934       8111  1027.4148  1027.4131    33.9661    33.9641    8.06832         23 0.0000e+00
     31.000     30.693    -0.0066  28.268809    -0.0069  28.267125     7.8300     7.8857     0.7063    88.8216 7.0046e+00  -64.86056  -64.94916 345.897068      99.96 2.7325e+02    338.668       8129  1027.4227  1027.4211    33.9693    33.9673    8.06960         19 0.0000e+00
     32.000     31.685    -0.0200  28.260450    -0.0211  28.258004     7.8451     7.8915     0.7368    88.8777 6.4907e+00  -64.86055  -64.94916 345.897079      99.97 2.7325e+02    339.609       8152  1027.4310  1027.4294    33.9725    33.9704    8.07224         26 0.0000e+00
     33.000     32.673    -0.0260  28.256262    -0.0231  28.256592     7.8027     7.8714     0.7193    88.9155 6.4117e+00  -64.86056  -64.94917 345.897142      99.97 2.7277e+02    345.065       8283  1027.4364  1027.4338    33.9730    33.9702    8.07348         33 0.0000e+00
     34.000     33.664    -0.0872  28.209401    -0.0877  28.207310     7.7810     7.8232     0.6800    89.1626 5.8147e+00  -64.86056  -64.94917 345.897177      99.97 2.7266e+02    348.121       8356  1027.4498  1027.4481    33.9782    33.9760    8.08612         39 0.0000e+00
     35.000     34.654    -0.1366  28.173559    -0.1361  28.172236     7.7502     7.7970     0.5360    89.3830 5.4605e+00  -64.86055  -64.94916 345.897200      99.97 2.7148e+02    350.079       8403  1027.4633  1027.4614    33.9850    33.9827    8.09619         41 0.0000e+00
     36.000     35.645    -0.1601  28.157699    -0.1593  28.156402     7.7162     7.7738     0.5049    89.6282 5.1904e+00  -64.86055  -64.94916 345.897230      99.97 2.7026e+02    352.705       8466  1027.4726  1027.4705    33.9895    33.9868    8.10093         29 0.0000e+00
     37.000     36.633    -0.1599  28.162914    -0.1594  28.161748     7.6708     7.7346     0.4885    89.8847 5.0274e+00  -64.86056  -64.94916 345.897267      99.96 2.6971e+02    355.854       8541  1027.4814  1027.4796    33.9956    33.9935    8.10054         33 0.0000e+00
     38.000     37.623    -0.1411  28.188894    -0.1424  28.184084     7.6566     7.7203     0.4384    89.9716 4.6482e+00  -64.86056  -64.94917 345.897294      99.97 2.6883e+02    358.213       8598  1027.4950  1027.4911    34.0087    34.0036    8.09581         36 0.0000e+00
     39.000     38.614    -0.1444  28.188110    -0.1447  28.185653     7.6041     7.6774     0.4301    89.9433 4.1302e+00  -64.86056  -64.94915 345.897348      99.96 2.6607e+02    362.882       8710  1027.5013  1027.4988    34.0107    34.0077    8.09640         21 0.0000e+00
     40.000     39.604    -0.1477  28.191085    -0.1474  28.189805     7.6273     7.6752     0.3623    90.0312 3.8776e+00  -64.86056  -64.94914 345.897355      99.97 2.6479e+02    363.507       8725  1027.5119  1027.5102    34.0177    34.0157    8.09669         19 0.0000e+00
     41.000     40.595    -0.1587  28.183725    -0.1592  28.182066     7.6303     7.6801     0.3178    90.1108 3.6595e+00  -64.86056  -64.94914 345.897366      99.97 2.6444e+02    364.393       8746  1027.5191  1027.5177    34.0196    34.0179    8.09893         25 0.0000e+00
     42.000     41.583    -0.1584  28.183478    -0.1563  28.182772     7.5934     7.6636     0.3768    90.0532 3.6239e+00  -64.86056  -64.94916 345.897430      99.97 2.6132e+02    369.965       8880  1027.5225  1027.5197    34.0183    34.0150    8.09893         37 0.0000e+00
     43.000     42.578    -0.1569  28.189422    -0.1579  28.186663     7.5987     7.6460     0.3779    90.1092 3.2704e+00  -64.86056  -64.94916 345.897460      99.96 2.6089e+02    372.556       8942  1027.5316  1027.5296    34.0239    34.0213    8.09829         30 0.0000e+00
     44.000     43.564    -0.1218  28.229448    -0.1222  28.227477     7.5231     7.5917     0.3735    90.1807 3.1026e+00  -64.86056  -64.94914 345.897494      99.97 2.6091e+02    375.485       9013  1027.5446  1027.5429    34.0374    34.0352    8.09009         41 0.0000e+00
     45.000     44.554    -0.1162  28.244218    -0.1161  28.242739     7.4129     7.5049     0.2872    90.2930 3.0060e+00  -64.86055  -64.94914 345.897516      99.97 2.6091e+02    377.407       9059  1027.5594  1027.5578    34.0502    34.0481    8.08817         33 0.0000e+00
     46.000     45.545    -0.1146  28.262963    -0.1143  28.261884     7.3848     7.4816     0.2609    90.3456 2.9236e+00  -64.86054  -64.94914 345.897535      99.97 2.6091e+02    379.047       9098  1027.5824  1027.5810    34.0727    34.0710    8.08655         33 0.0000e+00
     47.000     46.535    -0.1133  28.267325    -0.1137  28.263062     7.3744     7.4455     0.2629    90.4703 2.6828e+00  -64.86056  -64.94915 345.897606      99.97 2.6091e+02    385.155       9245  1027.5904  1027.5863    34.0764    34.0713    8.08606         32 0.0000e+00
     48.000     47.524    -0.1131  28.273520    -0.1134  28.271391     7.3382     7.4235     0.2158    90.5236 2.4875e+00  -64.86056  -64.94914 345.897628      99.97 2.6091e+02    387.036       9290  1027.6012  1027.5992    34.0838    34.0814    8.08560         31 0.0000e+00
     49.000     48.515    -0.1124  28.279315    -0.1125  28.277555     7.3565     7.4132     0.2471    90.5635 2.3966e+00  -64.86054  -64.94912 345.897645      99.97 2.6091e+02    388.541       9326  1027.6111  1027.6093    34.0902    34.0880    8.08510         38 0.0000e+00
     50.000     49.505    -0.1126  28.280805    -0.1125  28.278963     7.3390     7.3968     0.2309    90.6164 2.4394e+00  -64.86054  -64.94914 345.897684      99.96 2.6091e+02    391.929       9407  1027.6172  1027.6152    34.0918    34.0893    8.08505         32 0.0000e+00
     51.000     50.495    -0.1119  28.286092    -0.1117  28.284584     7.3292     7.3860     0.2096    90.6322 2.3005e+00  -64.86054  -64.94914 345.897712      99.97 2.6091e+02    394.276       9464  1027.6264  1027.6247    34.0974    34.0952    8.08458         41 0.0000e+00
     52.000     51.485    -0.1119  28.286919    -0.1118  28.285092     7.3105     7.3504     0.2156    90.6148 2.1224e+00  -64.86055  -64.94914 345.897773      99.97 2.6266e+02    399.627       9592  1027.6317  1027.6297    34.0979    34.0954    8.08455         42 0.0000e+00
     53.000     52.474    -0.1112  28.289559    -0.1111  28.288489     7.2474     7.3193     0.1741    90.6229 2.0373e+00  -64.86054  -64.94912 345.897792      99.97 2.6267e+02    401.220       9630  1027.6381  1027.6369    34.1000    34.0985    8.08428         28 0.0000e+00
     54.000     53.464    -0.1090  28.298151    -0.1093  28.296417     7.2535     7.3092     0.1747    90.6227 1.9594e+00  -64.86054  -64.94912 345.897804      99.97 2.6267e+02    402.230       9655  1027.6495  1027.6479    34.1084    34.1064    8.08335         22 0.0000e+00
     55.000     54.454    -0.1078  28.302174    -0.1079  28.300524     7.2579     7.3067     0.1774    90.6381 1.8763e+00  -64.86054  -64.94912 345.897816      99.97 2.6267e+02    403.337       9681  1027.6569  1027.6553    34.1118    34.1097    8.08290         33 0.0000e+00
     56.000     55.445    -0.1084  28.299479    -0.1081  28.299646     7.1496     7.2477     0.1916    90.6272 1.7541e+00  -64.86054  -64.94912 345.897885      99.97 2.6267e+02    409.287       9824  1027.6590  1027.6587    34.1083    34.1081    8.08323         29 0.0000e+00
     57.000     56.433    -0.1056  28.314164    -0.1057  28.312595     7.0892     7.1964     0.1625    90.6081 1.6553e+00  -64.86054  -64.94912 345.897910      99.97 2.6267e+02    411.435       9875  1027.6762  1027.6747    34.1240    34.1221    8.08173         21 0.0000e+00
     58.000     57.426    -0.1053  28.324449    -0.1055  28.322827     7.0869     7.1887     0.1685    90.6334 1.5814e+00  -64.86056  -64.94912 345.897921      99.97 2.6267e+02    412.397       9899  1027.6913  1027.6897    34.1368    34.1348    8.08096         25 0.0000e+00
     59.000     58.416    -0.1057  28.323835    -0.1058  28.321175     7.0902     7.1902     0.1918    90.6568 1.5201e+00  -64.86055  -64.94913 345.897956      99.97 2.6267e+02    415.380       9970  1027.6953  1027.6926    34.1358    34.1324    8.08109         35 0.0000e+00
     60.000     59.403    -0.1048  28.327321    -0.1050  28.324314     7.0163     7.1348     0.1864    90.6609 1.4457e+00  -64.86054  -64.94912 345.898017      99.97 2.6267e+02    420.639      10096  1027.7024  1027.6995    34.1388    34.1351    8.08073         27 0.0000e+00
     61.000     60.394    -0.1028  28.337971    -0.1031  28.336325     7.0002     7.1069     0.1623    90.6660 1.3825e+00  -64.86054  -64.94912 345.898027      99.97 2.6203e+02    421.514      10117  1027.7162  1027.7147    34.1501    34.1483    8.07966         22 0.0000e+00
