NBP2113_155081_ctd/data/dnbp2113_008.cnv
* Sea-Bird SBE 9 Data File:
* FileName = D:\Data\raw\NBP2113_008.hex
* Software Version Seasave V 7.26.7.121
* Temperature SN = 2438
* Conductivity SN = 2067
* Number of Bytes Per Scan = 40
* Number of Voltage Words = 5
* Number of Scans Averaged by the Deck Unit = 1
* NMEA Latitude = 64 55.99 S
* NMEA Longitude = 064 24.05 W
* NMEA UTC (Time) = Nov 25 2021  04:33:36
* NMEA baud rate = 9600
** Ship: RVIB N.B. Palmer
** Cruise: NBP2113 LTER
** Station: 600.040
** Operator: B. Urmston
# nquan = 25
# nvalues = 1296                        
# units = specified
# name 0 = prDM: Pressure, Digiquartz [db]
# name 1 = depSM: Depth [salt water, m]
# name 2 = t090C: Temperature [ITS-90, deg C]
# name 3 = c0mS/cm: Conductivity [mS/cm]
# name 4 = t190C: Temperature, 2 [ITS-90, deg C]
# name 5 = c1mS/cm: Conductivity, 2 [mS/cm]
# name 6 = sbeox0ML/L: Oxygen, SBE 43 [ml/l]
# name 7 = sbeox1ML/L: Oxygen, SBE 43, 2 [ml/l]
# name 8 = flECO-AFL: Fluorescence, WET Labs ECO-AFL/FL [mg/m^3]
# name 9 = CStarTr0: Beam Transmission, WET Labs C-Star [%]
# name 10 = par: PAR/Irradiance, Biospherical/Licor
# name 11 = latitude: Latitude [deg]
# name 12 = longitude: Longitude [deg]
# name 13 = timeJ: Julian Days
# name 14 = altM: Altimeter [m]
# name 15 = spar: SPAR, Biospherical/Licor
# name 16 = timeS: Time, Elapsed [seconds]
# name 17 = scan: Scan Count
# name 18 = density00: Density [density, kg/m^3]
# name 19 = density11: Density, 2 [density, kg/m^3]
# name 20 = sal00: Salinity, Practical [PSU]
# name 21 = sal11: Salinity, Practical, 2 [PSU]
# name 22 = oxsolML/L: Oxygen Saturation, Garcia & Gordon [ml/l]
# name 23 = nbin: number of scans per bin
# name 24 = flag: flag
# span 0 =      1.000,   1296.000       
# span 1 =      0.993,   1279.310       
# span 2 =    -0.7217,     1.4983       
# span 3 =  27.579744,  30.658622       
# span 4 =    -0.7168,     1.4984       
# span 5 =  27.577733,  30.657683       
# span 6 =     4.0496,     8.2724       
# span 7 =     4.0874,     8.1826       
# span 8 =    -0.0226,     1.5457       
# span 9 =    91.7954,    98.1822       
# span 10 = 1.0000e-12, 2.4837e+00      
# span 11 =  -64.93316,  -64.93258      
# span 12 =  -64.40234,  -64.40134      
# span 13 = 329.193839, 329.215783      
# span 14 =       8.09,     100.04      
# span 15 = 0.0000e+00, 0.0000e+00      
# span 16 =    331.755,   2227.683      
# span 17 =       7963,      53465      
# span 18 =  1027.2065,  1033.7898      
# span 19 =  1027.2044,  1033.7883      
# span 20 =    33.8374,    34.6787      
# span 21 =    33.8342,    34.6773      
# span 22 =    7.72468,    8.22906      
# span 23 =          3,         50      
# span 24 = 0.0000e+00, 0.0000e+00      
# interval = decibars: 1                
# start_time = Nov 25 2021 04:33:36 [NMEA time, header]
# bad_flag = -9.990e-29
*END*
[from data line 928]
    929.000    917.845     1.4603  30.464218     1.4603  30.463177     4.1151     4.1357    -0.0033    97.9345 1.0000e-12  -64.93264  -64.40232 329.209029      99.98 0.0000e+00   1644.116      39460  1032.0967  1032.0957    34.6734    34.6721    7.73241         23 0.0000e+00
    930.000    918.829     1.4603  30.464578     1.4603  30.463538     4.1228     4.1387    -0.0067    97.9429 1.0000e-12  -64.93264  -64.40232 329.209040      99.98 0.0000e+00   1645.084      39483  1032.1013  1032.1002    34.6734    34.6720    7.73242         24 0.0000e+00
    931.000    919.813     1.4603  30.465025     1.4603  30.463960     4.1196     4.1407    -0.0123    97.9322 1.0000e-12  -64.93264  -64.40232 329.209054      99.98 0.0000e+00   1646.228      39510  1032.1059  1032.1048    34.6733    34.6720    7.73241         30 0.0000e+00
    932.000    920.803     1.4604  30.465602     1.4605  30.464540     4.1205     4.1425    -0.0131    97.9127 1.0000e-12  -64.93264  -64.40232 329.209069      99.98 0.0000e+00   1647.526      39542  1032.1106  1032.1094    34.6734    34.6720    7.73239         31 0.0000e+00
    933.000    921.786     1.4605  30.466109     1.4605  30.465063     4.1164     4.1417    -0.0059    97.9273 1.0000e-12  -64.93264  -64.40232 329.209083      99.97 0.0000e+00   1648.795      39572  1032.1152  1032.1141    34.6734    34.6720    7.73238         30 0.0000e+00
    934.000    922.772     1.4606  30.466768     1.4607  30.465672     4.1146     4.1377    -0.0038    97.9367 1.0000e-12  -64.93264  -64.40232 329.209097      99.98 0.0000e+00   1649.997      39601  1032.1199  1032.1187    34.6735    34.6721    7.73234         28 0.0000e+00
    935.000    923.759     1.4609  30.467376     1.4609  30.466278     4.1180     4.1381    -0.0047    97.9356 1.0000e-12  -64.93264  -64.40232 329.209110      99.97 0.0000e+00   1651.137      39628  1032.1245  1032.1233    34.6735    34.6721    7.73230         27 0.0000e+00
    936.000    924.743     1.4610  30.467953     1.4610  30.466938     4.1131     4.1369    -0.0107    97.9404 1.0000e-12  -64.93264  -64.40232 329.209123      99.98 0.0000e+00   1652.254      39655  1032.1291  1032.1280    34.6735    34.6722    7.73227         27 0.0000e+00
    937.000    925.730     1.4612  30.468489     1.4612  30.467463     4.1154     4.1390    -0.0037    97.9116 1.0000e-12  -64.93264  -64.40232 329.209137      99.98 0.0000e+00   1653.416      39683  1032.1337  1032.1326    34.6735    34.6721    7.73224         29 0.0000e+00
    938.000    926.716     1.4606  30.468337     1.4608  30.467319     4.1144     4.1424    -0.0132    97.9257 1.0000e-12  -64.93264  -64.40232 329.209151      99.98 0.0000e+00   1654.676      39713  1032.1383  1032.1371    34.6733    34.6719    7.73236         31 0.0000e+00
    939.000    927.701     1.4606  30.468861     1.4608  30.467780     4.1186     4.1412    -0.0096    97.9218 1.0000e-12  -64.93264  -64.40232 329.209166      99.98 0.0000e+00   1655.949      39744  1032.1430  1032.1417    34.6734    34.6719    7.73235         30 0.0000e+00
    940.000    928.686     1.4608  30.469463     1.4609  30.468467     4.1169     4.1425    -0.0064    97.9135 1.0000e-12  -64.93264  -64.40232 329.209180      99.98 0.0000e+00   1657.143      39772  1032.1476  1032.1465    34.6734    34.6721    7.73231         28 0.0000e+00
    941.000    929.673     1.4611  30.470125     1.4610  30.469020     4.1162     4.1433    -0.0091    97.9415 1.0000e-12  -64.93264  -64.40232 329.209193      99.97 0.0000e+00   1658.241      39799  1032.1522  1032.1511    34.6734    34.6721    7.73226         25 0.0000e+00
    942.000    930.658     1.4611  30.470648     1.4611  30.469590     4.1176     4.1394    -0.0051    97.9273 1.0000e-12  -64.93264  -64.40232 329.209205      99.98 0.0000e+00   1659.290      39824  1032.1568  1032.1558    34.6735    34.6721    7.73225         25 0.0000e+00
    943.000    931.644     1.4613  30.471203     1.4612  30.470185     4.1174     4.1370    -0.0097    97.9294 1.0000e-12  -64.93264  -64.40232 329.209217      99.98 0.0000e+00   1660.328      39849  1032.1615  1032.1605    34.6735    34.6722    7.73222         25 0.0000e+00
    944.000    932.629     1.4614  30.471797     1.4615  30.470824     4.1124     4.1339    -0.0055    97.9385 1.0000e-12  -64.93264  -64.40232 329.209229      99.98 0.0000e+00   1661.395      39874  1032.1661  1032.1651    34.6736    34.6723    7.73219         26 0.0000e+00
    945.000    933.616     1.4617  30.472483     1.4617  30.471403     4.1207     4.1379    -0.0096    97.8947 1.0000e-12  -64.93264  -64.40232 329.209243      99.98 0.0000e+00   1662.554      39902  1032.1707  1032.1696    34.6736    34.6722    7.73214         30 0.0000e+00
    946.000    934.601     1.4617  30.473102     1.4619  30.471985     4.1133     4.1360    -0.0024    97.9204 1.0000e-12  -64.93264  -64.40232 329.209258      99.98 0.0000e+00   1663.893      39934  1032.1755  1032.1742    34.6737    34.6721    7.73211         35 0.0000e+00
    947.000    935.587     1.4619  30.473593     1.4621  30.472596     4.1092     4.1322    -0.0113    97.9428 1.0000e-12  -64.93264  -64.40232 329.209275      99.97 0.0000e+00   1665.344      39969  1032.1800  1032.1788    34.6737    34.6722    7.73209         33 0.0000e+00
    948.000    936.573     1.4619  30.474093     1.4621  30.473003     4.1108     4.1348    -0.0134    97.8985 1.0000e-12  -64.93263  -64.40232 329.209289      99.98 0.0000e+00   1666.607      40000  1032.1847  1032.1835    34.6737    34.6722    7.73208         27 0.0000e+00
    949.000    937.558     1.4620  30.474685     1.4622  30.473599     4.1140     4.1342    -0.0023    97.9352 1.0000e-12  -64.93262  -64.40232 329.209302      99.98 0.0000e+00   1667.667      40025  1032.1894  1032.1882    34.6738    34.6722    7.73205         24 0.0000e+00
    950.000    938.544     1.4622  30.475184     1.4622  30.474093     4.1215     4.1372     0.0042    97.9162 1.0000e-12  -64.93262  -64.40232 329.209313      99.98 0.0000e+00   1668.641      40048  1032.1939  1032.1928    34.6737    34.6723    7.73203         23 0.0000e+00
    951.000    939.530     1.4624  30.475718     1.4623  30.474708     4.1163     4.1356    -0.0010    97.9206 1.0000e-12  -64.93263  -64.40232 329.209324      99.98 0.0000e+00   1669.612      40072  1032.1985  1032.1976    34.6736    34.6724    7.73200         24 0.0000e+00
    952.000    940.515     1.4624  30.476285     1.4624  30.475136     4.1183     4.1364    -0.0103    97.9377 1.0000e-12  -64.93264  -64.40232 329.209336      99.98 0.0000e+00   1670.653      40097  1032.2032  1032.2021    34.6737    34.6723    7.73198         26 0.0000e+00
    953.000    941.502     1.4626  30.476884     1.4627  30.475897     4.1158     4.1378    -0.0065    97.9424 1.0000e-12  -64.93264  -64.40232 329.209350      99.98 0.0000e+00   1671.807      40124  1032.2078  1032.2067    34.6737    34.6724    7.73194         30 0.0000e+00
    954.000    942.487     1.4626  30.477284     1.4627  30.476342     4.1137     4.1361    -0.0110    97.9436 1.0000e-12  -64.93264  -64.40232 329.209364      99.98 0.0000e+00   1673.082      40155  1032.2124  1032.2114    34.6736    34.6724    7.73194         32 0.0000e+00
    955.000    943.473     1.4629  30.478059     1.4630  30.476996     4.1155     4.1338     0.0094    97.9123 1.0000e-12  -64.93262  -64.40233 329.209381      99.98 0.0000e+00   1674.472      40188  1032.2171  1032.2159    34.6738    34.6723    7.73188         34 0.0000e+00
    956.000    944.456     1.4633  30.478818     1.4633  30.477804     4.1091     4.1369    -0.0085    97.9000 1.0000e-12  -64.93262  -64.40233 329.209397      99.98 0.0000e+00   1675.878      40222  1032.2217  1032.2206    34.6738    34.6725    7.73181         31 0.0000e+00
    957.000    945.444     1.4637  30.479683     1.4636  30.478736     4.1068     4.1319    -0.0127    97.9327 1.0000e-12  -64.93262  -64.40234 329.209412      99.98 0.0000e+00   1677.160      40253  1032.2264  1032.2254    34.6739    34.6728    7.73172         29 0.0000e+00
    958.000    946.429     1.4643  30.480885     1.4643  30.479912     4.1127     4.1325    -0.0127    97.9065 1.0000e-12  -64.93262  -64.40232 329.209425      99.98 0.0000e+00   1678.300      40280  1032.2311  1032.2301    34.6741    34.6729    7.73158         25 0.0000e+00
    959.000    947.417     1.4645  30.481540     1.4645  30.480515     4.1066     4.1291    -0.0063    97.8824 1.0000e-12  -64.93262  -64.40232 329.209437      98.45 0.0000e+00   1679.316      40305  1032.2358  1032.2348    34.6743    34.6729    7.73154         23 0.0000e+00
    960.000    948.400     1.4647  30.482202     1.4648  30.481224     4.1057     4.1318    -0.0077    97.9268 1.0000e-12  -64.93262  -64.40232 329.209447     100.01 0.0000e+00   1680.231      40327  1032.2405  1032.2394    34.6744    34.6730    7.73151         21 0.0000e+00
    961.000    949.387     1.4649  30.482866     1.4650  30.481767     4.1100     4.1303    -0.0130    97.9083 1.0000e-12  -64.93262  -64.40232 329.209457      99.98 0.0000e+00   1681.098      40347  1032.2451  1032.2440    34.6744    34.6729    7.73146         21 0.0000e+00
    962.000    950.373     1.4650  30.483449     1.4650  30.482311     4.1049     4.1316    -0.0128    97.9277 1.0000e-12  -64.93262  -64.40232 329.209468      99.98 0.0000e+00   1681.995      40369  1032.2498  1032.2486    34.6745    34.6730    7.73143         23 0.0000e+00
    963.000    951.357     1.4650  30.483728     1.4650  30.482728     4.1028     4.1344    -0.0034    97.9312 1.0000e-12  -64.93262  -64.40233 329.209480      99.98 0.0000e+00   1683.069      40395  1032.2543  1032.2533    34.6743    34.6730    7.73145         30 0.0000e+00
    964.000    952.343     1.4650  30.484204     1.4652  30.483173     4.1063     4.1348     0.0014    97.8779 1.0000e-12  -64.93262  -64.40233 329.209500      99.98 0.0000e+00   1684.792      40436  1032.2589  1032.2577    34.6743    34.6728    7.73144         42 0.0000e+00
    965.000    953.329     1.4651  30.484621     1.4651  30.483572     4.1087     4.1347    -0.0058    97.9158 1.0000e-12  -64.93262  -64.40233 329.209521      99.98 0.0000e+00   1686.627      40480  1032.2634  1032.2624    34.6742    34.6729    7.73143         35 0.0000e+00
    966.000    954.315     1.4651  30.485237     1.4651  30.484109     4.1039     4.1341    -0.0109    97.9356 1.0000e-12  -64.93262  -64.40233 329.209535      99.97 0.0000e+00   1687.833      40509  1032.2683  1032.2672    34.6744    34.6730    7.73142         25 0.0000e+00
    967.000    955.300     1.4653  30.485764     1.4653  30.484747     4.1076     4.1301    -0.0094    97.9430 1.0000e-12  -64.93262  -64.40232 329.209546      99.98 0.0000e+00   1688.799      40532  1032.2728  1032.2718    34.6743    34.6730    7.73138         21 0.0000e+00
    968.000    956.286     1.4654  30.486250     1.4654  30.485265     4.1085     4.1283     0.0048    97.9331 1.0000e-12  -64.93262  -64.40232 329.209556      99.98 0.0000e+00   1689.665      40553  1032.2774  1032.2764    34.6742    34.6730    7.73136         21 0.0000e+00
    969.000    957.273     1.4654  30.486779     1.4654  30.485742     4.1086     4.1288    -0.0026    97.8932 1.0000e-12  -64.93262  -64.40232 329.209566      99.98 0.0000e+00   1690.543      40574  1032.2821  1032.2811    34.6744    34.6731    7.73136         22 0.0000e+00
    970.000    958.255     1.4655  30.487255     1.4655  30.486228     4.1107     4.1309    -0.0033    97.9055 1.0000e-12  -64.93262  -64.40232 329.209578      99.97 0.0000e+00   1691.546      40598  1032.2867  1032.2856    34.6743    34.6730    7.73133         27 0.0000e+00
    971.000    959.244     1.4656  30.487639     1.4656  30.486636     4.1134     4.1312    -0.0017    97.9040 1.0000e-12  -64.93262  -64.40232 329.209593      99.98 0.0000e+00   1692.839      40629  1032.2912  1032.2901    34.6742    34.6729    7.73134         35 0.0000e+00
    972.000    960.228     1.4656  30.488097     1.4656  30.487035     4.1104     4.1342    -0.0006    97.8848 1.0000e-12  -64.93262  -64.40232 329.209610      99.97 0.0000e+00   1694.319      40665  1032.2958  1032.2947    34.6742    34.6729    7.73133         31 0.0000e+00
    973.000    961.214     1.4656  30.488564     1.4656  30.487606     4.1139     4.1332    -0.0094    97.9131 1.0000e-12  -64.93260  -64.40232 329.209625      99.98 0.0000e+00   1695.611      40696  1032.3005  1032.2995    34.6743    34.6731    7.73133         29 0.0000e+00
    974.000    962.200     1.4656  30.489123     1.4656  30.488033     4.1075     4.1274     0.0011    97.9057 1.0000e-12  -64.93260  -64.40232 329.209638      99.98 0.0000e+00   1696.708      40722  1032.3052  1032.3042    34.6744    34.6731    7.73131         25 0.0000e+00
    975.000    963.184     1.4657  30.489605     1.4657  30.488524     4.1086     4.1286     0.0032    97.9382 1.0000e-12  -64.93260  -64.40232 329.209649      99.98 0.0000e+00   1697.710      40746  1032.3099  1032.3087    34.6744    34.6730    7.73130         24 0.0000e+00
    976.000    964.172     1.4657  30.490080     1.4658  30.489015     4.1107     4.1355    -0.0027    97.9430 1.0000e-12  -64.93260  -64.40232 329.209661      99.98 0.0000e+00   1698.709      40770  1032.3145  1032.3133    34.6744    34.6729    7.73130         24 0.0000e+00
    977.000    965.156     1.4659  30.490541     1.4659  30.489534     4.1107     4.1314    -0.0032    97.9197 1.0000e-12  -64.93260  -64.40232 329.209674      99.98 0.0000e+00   1699.840      40797  1032.3190  1032.3179    34.6743    34.6730    7.73128         31 0.0000e+00
    978.000    966.142     1.4660  30.491028     1.4662  30.490140     4.1022     4.1314    -0.0085    97.9041 1.0000e-12  -64.93260  -64.40232 329.209690      99.98 0.0000e+00   1701.234      40831  1032.3236  1032.3224    34.6742    34.6728    7.73126         35 0.0000e+00
    979.000    967.129     1.4661  30.491721     1.4663  30.490795     4.1078     4.1349    -0.0048    97.9402 1.0000e-12  -64.93260  -64.40232 329.209707      99.97 0.0000e+00   1702.642      40864  1032.3283  1032.3272    34.6744    34.6730    7.73122         31 0.0000e+00
    980.000    968.112     1.4659  30.492005     1.4660  30.490977     4.1072     4.1335    -0.0033    97.9104 1.0000e-12  -64.93260  -64.40232 329.209720      99.97 0.0000e+00   1703.810      40892  1032.3330  1032.3318    34.6745    34.6730    7.73126         25 0.0000e+00
    981.000    969.099     1.4659  30.492468     1.4660  30.491413     4.1046     4.1332    -0.0042    97.9086 1.0000e-12  -64.93260  -64.40232 329.209732      99.98 0.0000e+00   1704.813      40917  1032.3376  1032.3365    34.6745    34.6731    7.73126         23 0.0000e+00
    982.000    970.084     1.4659  30.492827     1.4662  30.491983     4.1029     4.1322     0.0032    97.9098 1.0000e-12  -64.93260  -64.40232 329.209743      99.98 0.0000e+00   1705.763      40939  1032.3422  1032.3411    34.6744    34.6730    7.73126         23 0.0000e+00
    983.000    971.070     1.4658  30.493203     1.4659  30.492224     4.1000     4.1326    -0.0012    97.9294 1.0000e-12  -64.93260  -64.40232 329.209754      99.98 0.0000e+00   1706.758      40963  1032.3468  1032.3458    34.6744    34.6731    7.73128         26 0.0000e+00
    984.000    972.056     1.4659  30.493598     1.4660  30.492590     4.1014     4.1347    -0.0035    97.9152 1.0000e-12  -64.93260  -64.40232 329.209768      99.98 0.0000e+00   1707.934      40991  1032.3514  1032.3503    34.6743    34.6729    7.73127         32 0.0000e+00
    985.000    973.040     1.4661  30.494229     1.4662  30.493160     4.0947     4.1331    -0.0035    97.9018 1.0000e-12  -64.93260  -64.40232 329.209785      99.98 0.0000e+00   1709.432      41027  1032.3560  1032.3549    34.6743    34.6729    7.73123         38 0.0000e+00
