NBP2113_155081_ctd/data/dnbp2113_012.cnv
* Sea-Bird SBE 9 Data File:
* FileName = D:\Data\raw\NBP2113_012.hex
* Software Version Seasave V 7.26.7.121
* Temperature SN = 2438
* Conductivity SN = 2067
* Number of Bytes Per Scan = 40
* Number of Voltage Words = 5
* Number of Scans Averaged by the Deck Unit = 1
* NMEA Latitude = 64 36.38 S
* NMEA Longitude = 068 17.17 W
* NMEA UTC (Time) = Nov 26 2021  18:58:06
* NMEA baud rate = 9600
** Ship: RVIB N.B. Palmer
** Cruise: NBP2113 LTER
** Station: 500.200
** Operator: S. Blackman
# nquan = 25
# nvalues = 2717                        
# units = specified
# name 0 = prDM: Pressure, Digiquartz [db]
# name 1 = depSM: Depth [salt water, m]
# name 2 = t090C: Temperature [ITS-90, deg C]
# name 3 = c0mS/cm: Conductivity [mS/cm]
# name 4 = t190C: Temperature, 2 [ITS-90, deg C]
# name 5 = c1mS/cm: Conductivity, 2 [mS/cm]
# name 6 = sbeox0ML/L: Oxygen, SBE 43 [ml/l]
# name 7 = sbeox1ML/L: Oxygen, SBE 43, 2 [ml/l]
# name 8 = flECO-AFL: Fluorescence, WET Labs ECO-AFL/FL [mg/m^3]
# name 9 = CStarTr0: Beam Transmission, WET Labs C-Star [%]
# name 10 = par: PAR/Irradiance, Biospherical/Licor
# name 11 = latitude: Latitude [deg]
# name 12 = longitude: Longitude [deg]
# name 13 = timeJ: Julian Days
# name 14 = altM: Altimeter [m]
# name 15 = spar: SPAR, Biospherical/Licor
# name 16 = timeS: Time, Elapsed [seconds]
# name 17 = scan: Scan Count
# name 18 = density00: Density [density, kg/m^3]
# name 19 = density11: Density, 2 [density, kg/m^3]
# name 20 = sal00: Salinity, Practical [PSU]
# name 21 = sal11: Salinity, Practical, 2 [PSU]
# name 22 = oxsolML/L: Oxygen Saturation, Garcia & Gordon [ml/l]
# name 23 = nbin: number of scans per bin
# name 24 = flag: flag
# span 0 =      5.000,   2721.000       
# span 1 =      4.944,   2677.080       
# span 2 =    -1.1602,     1.6021       
# span 3 =  27.419715,  30.390712       
# span 4 =    -1.1596,     1.6020       
# span 5 =  27.417266,  30.389742       
# span 6 =     4.0436,     8.4721       
# span 7 =     4.0111,     8.3128       
# span 8 =    -0.0265,     2.6151       
# span 9 =    92.5167,    97.9563       
# span 10 = 1.0000e-12, 1.0000e-12      
# span 11 =  -64.60656,  -64.60634      
# span 12 =  -68.28784,  -68.28578      
# span 13 = 330.793814, 330.834317      
# span 14 =      -0.50,     119.67      
# span 15 = 1.9921e+02, 7.2973e+02      
# span 16 =    299.527,   3799.004      
# span 17 =       7190,      91177      
# span 18 =  1027.3553,  1040.3969      
# span 19 =  1027.3527,  1040.3961      
# span 20 =    33.9997,    34.7261      
# span 21 =    33.9972,    34.7252      
# span 22 =    7.70424,    8.31225      
# span 23 =          8,         54      
# span 24 = 0.0000e+00, 0.0000e+00      
# interval = decibars: 1                
# start_time = Nov 26 2021 18:58:06 [NMEA time, header]
# bad_flag = -9.990e-29
*END*
[from data line 1682]
   1687.000   1663.783     0.8006  30.243895     0.8011  30.243407     4.5290     4.5434    -0.0104    97.9364 1.0000e-12  -64.60642  -68.28672 330.819648      99.98 5.2126e+02   2531.611      60760  1035.6822  1035.6812    34.7097    34.7086    7.86179         32 0.0000e+00
   1688.000   1664.768     0.7994  30.243257     0.8000  30.242952     4.5311     4.5496    -0.0041    97.9375 1.0000e-12  -64.60642  -68.28672 330.819663      99.98 5.1984e+02   2532.843      60789  1035.6868  1035.6859    34.7097    34.7086    7.86203         27 0.0000e+00
   1689.000   1665.749     0.7983  30.242653     0.7984  30.241999     4.5228     4.5434    -0.0122    97.9356 1.0000e-12  -64.60642  -68.28672 330.819674      99.98 5.1827e+02   2533.822      60813  1035.6915  1035.6908    34.7097    34.7087    7.86227         20 0.0000e+00
   1690.000   1666.732     0.7981  30.242950     0.7982  30.242367     4.5178     4.5471    -0.0113    97.9356 1.0000e-12  -64.60642  -68.28671 330.819683      99.97 5.1809e+02   2534.619      60832  1035.6961  1035.6955    34.7097    34.7088    7.86230         18 0.0000e+00
   1691.000   1667.714     0.7978  30.243073     0.7979  30.242524     4.5108     4.5485    -0.0151    97.9356 1.0000e-12  -64.60642  -68.28670 330.819691      99.98 5.1672e+02   2535.337      60849  1035.7007  1035.7000    34.7096    34.7088    7.86236         17 0.0000e+00
   1692.000   1668.697     0.7974  30.243133     0.7976  30.242537     4.5171     4.5515    -0.0181    97.9356 1.0000e-12  -64.60642  -68.28670 330.819700      99.98 5.1662e+02   2536.069      60867  1035.7052  1035.7045    34.7096    34.7087    7.86243         19 0.0000e+00
   1693.000   1669.679     0.7962  30.242446     0.7965  30.241945     4.5217     4.5525    -0.0136    97.9366 1.0000e-12  -64.60642  -68.28670 330.819713      99.98 5.1840e+02   2537.183      60893  1035.7100  1035.7092    34.7096    34.7086    7.86269         28 0.0000e+00
   1694.000   1670.661     0.7962  30.242901     0.7971  30.242802     4.5262     4.5512    -0.0255    97.9376 1.0000e-12  -64.60644  -68.28670 330.819760      99.97 5.2207e+02   2541.226      60990  1035.7145  1035.7135    34.7096    34.7085    7.86269         26 0.0000e+00
   1695.000   1671.642     0.7932  30.240696     0.7935  30.240166     4.5213     4.5496    -0.0265    97.9370 1.0000e-12  -64.60644  -68.28670 330.819767      99.97 5.2181e+02   2541.863      61006  1035.7195  1035.7187    34.7096    34.7086    7.86330         18 0.0000e+00
   1696.000   1672.625     0.7913  30.239327     0.7917  30.238986     4.5225     4.5535    -0.0201    97.9097 1.0000e-12  -64.60644  -68.28670 330.819775      99.98 5.2358e+02   2542.564      61023  1035.7242  1035.7233    34.7094    34.7085    7.86370         16 0.0000e+00
   1697.000   1673.608     0.7901  30.238712     0.7904  30.238260     4.5220     4.5565    -0.0000    97.9098 1.0000e-12  -64.60644  -68.28672 330.819783      99.97 5.2358e+02   2543.227      61038  1035.7288  1035.7281    34.7094    34.7085    7.86393         16 0.0000e+00
   1698.000   1674.593     0.7896  30.238846     0.7898  30.238267     4.5200     4.5541    -0.0004    97.9267 1.0000e-12  -64.60644  -68.28672 330.819791      99.98 5.2358e+02   2543.925      61055  1035.7336  1035.7328    34.7096    34.7086    7.86402         18 0.0000e+00
   1699.000   1675.572     0.7890  30.238645     0.7895  30.238199     4.5252     4.5547    -0.0124    97.9298 1.0000e-12  -64.60644  -68.28673 330.819801      99.98 5.2358e+02   2544.850      61077  1035.7381  1035.7372    34.7094    34.7083    7.86414         27 0.0000e+00
   1700.000   1676.554     0.7900  30.239841     0.7901  30.239097     4.5254     4.5453    -0.0039    97.9361 1.0000e-12  -64.60644  -68.28673 330.819838      99.97 5.2358e+02   2547.983      61153  1035.7424  1035.7416    34.7094    34.7083    7.86396         30 0.0000e+00
   1701.000   1677.536     0.7894  30.239754     0.7895  30.239263     4.5190     4.5397    -0.0111    97.9356 1.0000e-12  -64.60644  -68.28671 330.819847      99.97 5.2358e+02   2548.798      61172  1035.7471  1035.7465    34.7094    34.7086    7.86408         18 0.0000e+00
   1702.000   1678.519     0.7889  30.239712     0.7893  30.239363     4.5191     4.5480    -0.0146    97.9356 1.0000e-12  -64.60644  -68.28670 330.819855      99.98 5.2358e+02   2549.490      61189  1035.7517  1035.7509    34.7093    34.7084    7.86418         16 0.0000e+00
   1703.000   1679.502     0.7884  30.239836     0.7889  30.239388     4.5204     4.5511    -0.0194    97.9356 1.0000e-12  -64.60644  -68.28670 330.819863      99.98 5.2358e+02   2550.117      61204  1035.7564  1035.7555    34.7095    34.7084    7.86426         15 0.0000e+00
   1704.000   1680.485     0.7870  30.238984     0.7870  30.238084     4.5211     4.5517    -0.0166    97.9338 1.0000e-12  -64.60644  -68.28670 330.819869      99.97 5.2433e+02   2550.723      61218  1035.7612  1035.7602    34.7095    34.7083    7.86456         14 0.0000e+00
   1705.000   1681.464     0.7873  30.239597     0.7877  30.239244     4.5266     4.5519    -0.0118    97.9229 1.0000e-12  -64.60644  -68.28670 330.819877      99.98 5.2552e+02   2551.386      61234  1035.7657  1035.7648    34.7094    34.7085    7.86450         18 0.0000e+00
   1706.000   1682.450     0.7865  30.239381     0.7869  30.238929     4.5225     4.5525    -0.0115    97.9222 1.0000e-12  -64.60644  -68.28672 330.819887      99.98 5.2726e+02   2552.238      61255  1035.7703  1035.7695    34.7095    34.7084    7.86465         25 0.0000e+00
   1707.000   1683.429     0.7881  30.241168     0.7879  30.239900     4.5316     4.5551    -0.0109    97.9291 1.0000e-12  -64.60644  -68.28674 330.819940      99.98 5.3087e+02   2556.786      61364  1035.7746  1035.7736    34.7095    34.7081    7.86433         29 0.0000e+00
   1708.000   1684.413     0.7854  30.239064     0.7855  30.238570     4.5288     4.5537    -0.0112    97.9343 1.0000e-12  -64.60644  -68.28674 330.819950      99.97 5.3241e+02   2557.721      61386  1035.7794  1035.7787    34.7092    34.7084    7.86488         19 0.0000e+00
   1709.000   1685.395     0.7847  30.239012     0.7847  30.238257     4.5314     4.5487    -0.0126    97.9327 1.0000e-12  -64.60644  -68.28674 330.819959      99.98 5.3239e+02   2558.479      61404  1035.7842  1035.7834    34.7093    34.7084    7.86502         18 0.0000e+00
   1710.000   1686.377     0.7844  30.239075     0.7844  30.238352     4.5322     4.5481    -0.0123    97.9356 1.0000e-12  -64.60644  -68.28672 330.819968      99.97 5.3239e+02   2559.250      61423  1035.7888  1035.7880    34.7093    34.7083    7.86510         19 0.0000e+00
   1711.000   1687.358     0.7835  30.238669     0.7841  30.238458     4.5251     4.5503    -0.0118    97.9356 1.0000e-12  -64.60644  -68.28672 330.819978      99.98 5.3307e+02   2560.109      61444  1035.7933  1035.7925    34.7092    34.7083    7.86527         23 0.0000e+00
   1712.000   1688.342     0.7850  30.240278     0.7852  30.239789     4.5312     4.5516    -0.0044    97.9356 1.0000e-12  -64.60644  -68.28672 330.819991      99.97 5.3442e+02   2561.184      61469  1035.7976  1035.7969    34.7091    34.7083    7.86498         29 0.0000e+00
   1713.000   1689.323     0.7845  30.240277     0.7847  30.239811     4.5236     4.5499    -0.0165    97.9356 1.0000e-12  -64.60644  -68.28672 330.820005      99.98 5.3596e+02   2562.408      61499  1035.8022  1035.8016    34.7091    34.7083    7.86508         27 0.0000e+00
   1714.000   1690.306     0.7833  30.239727     0.7835  30.239171     4.5288     4.5555    -0.0114    97.9356 1.0000e-12  -64.60644  -68.28672 330.820016      99.98 5.3592e+02   2563.410      61523  1035.8071  1035.8063    34.7092    34.7083    7.86531         21 0.0000e+00
   1715.000   1691.289     0.7831  30.240038     0.7834  30.239564     4.5135     4.5549    -0.0131    97.9356 1.0000e-12  -64.60644  -68.28672 330.820026      99.97 5.3611e+02   2564.224      61542  1035.8117  1035.8109    34.7093    34.7084    7.86535         19 0.0000e+00
   1716.000   1692.270     0.7830  30.240403     0.7833  30.239837     4.5215     4.5542    -0.0123    97.9356 1.0000e-12  -64.60644  -68.28672 330.820035      99.98 5.3766e+02   2564.990      61561  1035.8163  1035.8154    34.7093    34.7083    7.86537         19 0.0000e+00
   1717.000   1693.253     0.7828  30.240567     0.7829  30.239889     4.5245     4.5541    -0.0114    97.9356 1.0000e-12  -64.60644  -68.28673 330.820044      99.97 5.3776e+02   2565.826      61581  1035.8209  1035.8200    34.7093    34.7083    7.86542         22 0.0000e+00
   1718.000   1694.236     0.7827  30.240852     0.7830  30.240331     4.5296     4.5566    -0.0118    97.9356 1.0000e-12  -64.60644  -68.28675 330.820068      99.98 5.3965e+02   2567.906      61631  1035.8254  1035.8245    34.7092    34.7082    7.86544         37 0.0000e+00
   1719.000   1695.215     0.7823  30.240784     0.7827  30.240369     4.5271     4.5562    -0.0181    97.9366 1.0000e-12  -64.60644  -68.28675 330.820101      99.98 5.4125e+02   2570.700      61698  1035.8299  1035.8290    34.7091    34.7081    7.86553         28 0.0000e+00
   1720.000   1696.200     0.7803  30.239636     0.7809  30.239389     4.5335     4.5579    -0.0073    97.9065 1.0000e-12  -64.60644  -68.28674 330.820112      99.98 5.4220e+02   2571.720      61722  1035.8348  1035.8340    34.7092    34.7083    7.86591         25 0.0000e+00
   1721.000   1697.180     0.7796  30.239418     0.7800  30.238975     4.5312     4.5573    -0.0142    97.9121 1.0000e-12  -64.60644  -68.28673 330.820124      99.98 5.4298e+02   2572.719      61746  1035.8394  1035.8386    34.7092    34.7082    7.86606         23 0.0000e+00
   1722.000   1698.164     0.7790  30.239248     0.7793  30.238774     4.5315     4.5578    -0.0169    97.9349 1.0000e-12  -64.60644  -68.28672 330.820135      99.98 5.4392e+02   2573.649      61769  1035.8440  1035.8432    34.7091    34.7082    7.86619         21 0.0000e+00
   1723.000   1699.145     0.7782  30.238947     0.7784  30.238395     4.5290     4.5528    -0.0124    97.9356 1.0000e-12  -64.60644  -68.28672 330.820145      99.98 5.4474e+02   2574.487      61789  1035.8487  1035.8479    34.7091    34.7081    7.86635         20 0.0000e+00
   1724.000   1700.128     0.7783  30.239418     0.7784  30.238882     4.5330     4.5563    -0.0138    97.9356 1.0000e-12  -64.60644  -68.28672 330.820153      99.97 5.4473e+02   2575.266      61807  1035.8532  1035.8525    34.7091    34.7082    7.86633         18 0.0000e+00
   1725.000   1701.110     0.7780  30.239527     0.7782  30.239018     4.5218     4.5594    -0.0161    97.9356 1.0000e-12  -64.60644  -68.28672 330.820163      99.97 5.4587e+02   2576.061      61826  1035.8577  1035.8570    34.7090    34.7081    7.86639         20 0.0000e+00
   1726.000   1702.092     0.7771  30.239223     0.7773  30.238566     4.5334     4.5563    -0.0187    97.9356 1.0000e-12  -64.60644  -68.28672 330.820174      99.98 5.4701e+02   2577.069      61851  1035.8625  1035.8616    34.7091    34.7080    7.86657         32 0.0000e+00
   1727.000   1703.073     0.7767  30.239178     0.7771  30.238694     4.5292     4.5549    -0.0085    97.9356 1.0000e-12  -64.60644  -68.28672 330.820197      99.98 5.4884e+02   2579.034      61898  1035.8669  1035.8661    34.7089    34.7079    7.86666         33 0.0000e+00
   1728.000   1704.055     0.7762  30.239258     0.7765  30.238693     4.5250     4.5558    -0.0123    97.9356 1.0000e-12  -64.60644  -68.28674 330.820212      99.98 5.5006e+02   2580.290      61928  1035.8717  1035.8708    34.7090    34.7080    7.86675         21 0.0000e+00
   1729.000   1705.040     0.7759  30.239475     0.7762  30.238837     4.5315     4.5584    -0.0119    97.9356 1.0000e-12  -64.60644  -68.28676 330.820221      99.98 5.5002e+02   2581.080      61947  1035.8763  1035.8754    34.7091    34.7080    7.86681         19 0.0000e+00
   1730.000   1706.020     0.7758  30.239745     0.7761  30.239165     4.5257     4.5611    -0.0031    97.9356 1.0000e-12  -64.60644  -68.28676 330.820230      99.98 5.5011e+02   2581.843      61965  1035.8809  1035.8800    34.7090    34.7080    7.86683         19 0.0000e+00
   1731.000   1707.002     0.7756  30.239902     0.7761  30.239561     4.5291     4.5596    -0.0084    97.9356 1.0000e-12  -64.60644  -68.28676 330.820254      99.98 5.5232e+02   2583.920      62015  1035.8854  1035.8845    34.7090    34.7080    7.86689         24 0.0000e+00
   1732.000   1707.985     0.7762  30.240792     0.7765  30.240329     4.5331     4.5553    -0.0085    97.9356 1.0000e-12  -64.60644  -68.28675 330.820290      99.98 5.5428e+02   2587.021      62090  1035.8899  1035.8891    34.7090    34.7080    7.86677         18 0.0000e+00
   1733.000   1708.965     0.7758  30.240977     0.7760  30.240462     4.5332     4.5504    -0.0027    97.9356 1.0000e-12  -64.60644  -68.28673 330.820297      99.98 5.5531e+02   2587.645      62104  1035.8946  1035.8938    34.7091    34.7081    7.86684         16 0.0000e+00
   1734.000   1709.949     0.7757  30.241287     0.7760  30.240786     4.5236     4.5530    -0.0117    97.9356 1.0000e-12  -64.60644  -68.28672 330.820304      99.98 5.5607e+02   2588.306      62120  1035.8991  1035.8983    34.7090    34.7081    7.86686         16 0.0000e+00
   1735.000   1710.931     0.7759  30.241889     0.7762  30.241333     4.5184     4.5584    -0.0111    97.9356 1.0000e-12  -64.60644  -68.28672 330.820313      99.98 5.5707e+02   2589.000      62137  1035.9037  1035.9028    34.7091    34.7080    7.86682         17 0.0000e+00
   1736.000   1711.914     0.7756  30.241988     0.7760  30.241475     4.5237     4.5559    -0.0134    97.9356 1.0000e-12  -64.60644  -68.28671 330.820321      99.98 5.5836e+02   2589.744      62155  1035.9082  1035.9074    34.7090    34.7080    7.86688         19 0.0000e+00
   1737.000   1712.895     0.7754  30.242283     0.7755  30.241540     4.5242     4.5542    -0.0119    97.9356 1.0000e-12  -64.60644  -68.28670 330.820330      99.98 5.5947e+02   2590.535      62174  1035.9128  1035.9120    34.7090    34.7080    7.86691         19 0.0000e+00
   1738.000   1713.879     0.7751  30.242480     0.7757  30.242152     4.5307     4.5558    -0.0166    97.9356 1.0000e-12  -64.60644  -68.28670 330.820340      99.98 5.6060e+02   2591.332      62193  1035.9175  1035.9166    34.7091    34.7081    7.86697         19 0.0000e+00
   1739.000   1714.858     0.7747  30.242399     0.7751  30.241995     4.5305     4.5601    -0.0192    97.9356 1.0000e-12  -64.60644  -68.28672 330.820349      99.97 5.6078e+02   2592.111      62212  1035.9220  1035.9212    34.7090    34.7080    7.86707         19 0.0000e+00
   1740.000   1715.842     0.7743  30.242450     0.7749  30.242184     4.5253     4.5593    -0.0174    97.9356 1.0000e-12  -64.60644  -68.28672 330.820359      99.98 5.6220e+02   2593.002      62233  1035.9266  1035.9257    34.7090    34.7079    7.86715         26 0.0000e+00
   1741.000   1716.823     0.7747  30.243089     0.7750  30.242672     4.5350     4.5602    -0.0113    97.9163 1.0000e-12  -64.60644  -68.28675 330.820406      99.98 5.6236e+02   2597.086      62331  1035.9310  1035.9302    34.7088    34.7079    7.86707         28 0.0000e+00
   1742.000   1717.805     0.7749  30.243769     0.7750  30.243191     4.5356     4.5621    -0.0121    97.9334 1.0000e-12  -64.60644  -68.28674 330.820421      99.97 5.6236e+02   2598.387      62362  1035.9356  1035.9350    34.7089    34.7081    7.86703         20 0.0000e+00
   1743.000   1718.788     0.7750  30.244258     0.7751  30.243663     4.5283     4.5586    -0.0126    97.9284 1.0000e-12  -64.60644  -68.28672 330.820430      99.98 5.6236e+02   2599.144      62380  1035.9402  1035.9395    34.7089    34.7081    7.86702         18 0.0000e+00
