NBP2113_155081_ctd/data/dnbp2113_021.cnv
* Sea-Bird SBE 9 Data File:
* FileName = D:\Data\raw\NBP2113_021.hex
* Software Version Seasave V 7.26.7.121
* Temperature SN = 2438
* Conductivity SN = 2067
* Number of Bytes Per Scan = 40
* Number of Voltage Words = 5
* Number of Scans Averaged by the Deck Unit = 1
* NMEA Latitude = 68 01.86 S
* NMEA Longitude = 069 17.12 W
* NMEA UTC (Time) = Nov 30 2021  19:30:12
* NMEA baud rate = 9600
** Ship: RVIB N.B. Palmer
** Cruise: NBP2113 LTER
** Station: 200.-040
** Operator: S. Blackman
# nquan = 25
# nvalues = 456                         
# units = specified
# name 0 = prDM: Pressure, Digiquartz [db]
# name 1 = depSM: Depth [salt water, m]
# name 2 = t090C: Temperature [ITS-90, deg C]
# name 3 = c0mS/cm: Conductivity [mS/cm]
# name 4 = t190C: Temperature, 2 [ITS-90, deg C]
# name 5 = c1mS/cm: Conductivity, 2 [mS/cm]
# name 6 = sbeox0ML/L: Oxygen, SBE 43 [ml/l]
# name 7 = sbeox1ML/L: Oxygen, SBE 43, 2 [ml/l]
# name 8 = flECO-AFL: Fluorescence, WET Labs ECO-AFL/FL [mg/m^3]
# name 9 = CStarTr0: Beam Transmission, WET Labs C-Star [%]
# name 10 = par: PAR/Irradiance, Biospherical/Licor
# name 11 = latitude: Latitude [deg]
# name 12 = longitude: Longitude [deg]
# name 13 = timeJ: Julian Days
# name 14 = altM: Altimeter [m]
# name 15 = spar: SPAR, Biospherical/Licor
# name 16 = timeS: Time, Elapsed [seconds]
# name 17 = scan: Scan Count
# name 18 = density00: Density [density, kg/m^3]
# name 19 = density11: Density, 2 [density, kg/m^3]
# name 20 = sal00: Salinity, Practical [PSU]
# name 21 = sal11: Salinity, Practical, 2 [PSU]
# name 22 = oxsolML/L: Oxygen Saturation, Garcia & Gordon [ml/l]
# name 23 = nbin: number of scans per bin
# name 24 = flag: flag
# span 0 =      4.000,    459.000       
# span 1 =      3.960,    453.904       
# span 2 =    -1.2730,     1.3800       
# span 3 =  27.114130,  30.203759       
# span 4 =    -1.2737,     1.3800       
# span 5 =  27.113114,  30.202781       
# span 6 =     4.0011,     8.4642       
# span 7 =     4.0604,     8.5191       
# span 8 =    -0.0152,     3.5829       
# span 9 =    85.6744,    97.2905       
# span 10 = -8.041e-05, 1.1882e+02      
# span 11 =  -68.03110,  -68.03077      
# span 12 =  -69.28600,  -69.28527      
# span 13 = 334.815845, 334.824401      
# span 14 =     -30.96,     101.38      
# span 15 = 2.9970e+02, 3.2790e+02      
# span 16 =    277.038,   1016.234      
# span 17 =       6650,      24391      
# span 18 =  1027.1896,  1029.9327      
# span 19 =  1027.1884,  1029.9317      
# span 20 =    33.7977,    34.6952      
# span 21 =    33.7955,    34.6943      
# span 22 =    7.74705,    8.35298      
# span 23 =         11,         49      
# span 24 = 0.0000e+00, 0.0000e+00      
# interval = decibars: 1                
# start_time = Nov 30 2021 19:30:12 [NMEA time, header]
# bad_flag = -9.990e-29
*END*
[from data line 174]
    178.000    176.144    -0.6783  27.898979    -0.7114  27.859602     6.4228     6.7424     0.3004    95.7262 1.0000e-12  -68.03088  -69.28579 334.820207      99.97 3.2437e+02    653.860      15694  1028.2896  1028.2792    34.1372    34.1213    8.20371         16 0.0000e+00
    179.000    177.133    -0.6086  27.973541    -0.6158  27.966438     6.3465     6.6651     0.2937    95.7416 1.0000e-12  -68.03088  -69.28578 334.820214      99.98 3.2437e+02    654.493      15709  1028.3067  1028.3059    34.1586    34.1570    8.18738         15 0.0000e+00
    180.000    178.119    -0.5718  28.013151    -0.5717  28.011981     6.2715     6.6038     0.2702    95.8660 1.0000e-12  -68.03090  -69.28576 334.820221      99.98 3.2437e+02    655.102      15723  1028.3180  1028.3166    34.1698    34.1681    8.17877         14 0.0000e+00
    181.000    179.112    -0.5533  28.033493    -0.5518  28.034281     6.2040     6.5496     0.2572    95.8772 1.0000e-12  -68.03090  -69.28575 334.820228      99.98 3.2437e+02    655.701      15738  1028.3266  1028.3259    34.1757    34.1750    8.17443         15 0.0000e+00
    182.000    180.101    -0.5342  28.054352    -0.5339  28.053624     6.1573     6.4984     0.2334    95.8741 1.0000e-12  -68.03090  -69.28574 334.820235      99.98 3.2437e+02    656.346      15753  1028.3351  1028.3340    34.1816    34.1803    8.16997         16 0.0000e+00
    183.000    181.088    -0.5034  28.088289    -0.5040  28.086879     6.1247     6.4451     0.1952    95.9086 1.0000e-12  -68.03090  -69.28576 334.820244      99.98 3.2437e+02    657.121      15772  1028.3464  1028.3455    34.1918    34.1907    8.16275         21 0.0000e+00
    184.000    182.078    -0.4460  28.144817    -0.4473  28.142813     6.1017     6.3948     0.2130    96.0603 1.0000e-12  -68.03090  -69.28575 334.820258      99.98 3.2437e+02    658.277      15800  1028.3563  1028.3553    34.2025    34.2013    8.14981         37 0.0000e+00
    185.000    183.069    -0.4106  28.183577    -0.4103  28.181789     6.1611     6.3685     0.2132    96.2775 1.0000e-12  -68.03090  -69.28576 334.820279      99.97 3.2437e+02    660.123      15844  1028.3691  1028.3668    34.2140    34.2112    8.14155         39 0.0000e+00
    186.000    184.056    -0.4052  28.189022    -0.4044  28.189012     6.1582     6.3073     0.2324    96.2652 1.0000e-12  -68.03090  -69.28576 334.820307      99.98 3.2540e+02    662.551      15902  1028.3754  1028.3746    34.2146    34.2136    8.14035         38 0.0000e+00
    187.000    185.045    -0.3814  28.215906    -0.3790  28.217242     6.0735     6.2313     0.2156    96.2787 1.0000e-12  -68.03090  -69.28576 334.820327      99.98 3.2616e+02    664.250      15943  1028.3863  1028.3853    34.2232    34.2223    8.13477         30 0.0000e+00
    188.000    186.033    -0.3422  28.256951    -0.3432  28.255008     6.0412     6.1983     0.1594    96.3520 1.0000e-12  -68.03090  -69.28576 334.820339      99.98 3.2613e+02    665.278      15968  1028.3967  1028.3957    34.2334    34.2320    8.12581         21 0.0000e+00
    189.000    187.024    -0.3203  28.279266    -0.3209  28.277690     5.9679     6.1402     0.1019    96.3651 1.0000e-12  -68.03090  -69.28574 334.820349      99.98 3.2613e+02    666.113      15988  1028.4039  1028.4029    34.2380    34.2366    8.12086         20 0.0000e+00
    190.000    188.013    -0.3097  28.290795    -0.3100  28.289552     5.8884     6.0839     0.1274    96.4343 1.0000e-12  -68.03090  -69.28573 334.820358      99.98 3.2613e+02    666.921      16007  1028.4107  1028.4097    34.2409    34.2396    8.11844         19 0.0000e+00
    191.000    189.003    -0.2856  28.317692    -0.2851  28.318105     5.8359     6.0404     0.1336    96.4409 1.0000e-12  -68.03090  -69.28572 334.820368      99.97 3.2613e+02    667.752      16027  1028.4206  1028.4205    34.2491    34.2491    8.11283         21 0.0000e+00
    192.000    189.989    -0.2244  28.381175    -0.2247  28.379786     5.8165     6.0146     0.1283    96.4815 1.0000e-12  -68.03090  -69.28572 334.820378      99.97 3.2613e+02    668.629      16048  1028.4333  1028.4321    34.2644    34.2629    8.09895         21 0.0000e+00
    193.000    190.980    -0.2070  28.398611    -0.2064  28.398138     5.8189     6.0083     0.1481    96.5132 1.0000e-12  -68.03090  -69.28572 334.820389      99.97 3.2613e+02    669.571      16071  1028.4399  1028.4388    34.2675    34.2662    8.09508         24 0.0000e+00
    194.000    191.969    -0.2043  28.401806    -0.2042  28.400937     5.8532     6.0092     0.1207    96.4322 1.0000e-12  -68.03090  -69.28572 334.820401      99.97 3.2613e+02    670.673      16097  1028.4456  1028.4446    34.2681    34.2668    8.09447         31 0.0000e+00
    195.000    192.958    -0.2061  28.399410    -0.2060  28.398993     5.8226     5.9672     0.1654    96.4778 1.0000e-12  -68.03090  -69.28572 334.820421      99.98 3.2613e+02    672.339      16137  1028.4501  1028.4495    34.2663    34.2657    8.09495         44 0.0000e+00
    196.000    193.946    -0.1714  28.435736    -0.1711  28.434716     5.7616     5.9060     0.1713    96.4607 1.0000e-12  -68.03090  -69.28572 334.820442      99.98 3.2613e+02    674.221      16182  1028.4600  1028.4586    34.2752    34.2735    8.08710         39 0.0000e+00
    197.000    194.936    -0.1499  28.459921    -0.1500  28.458644     5.7542     5.8810     0.1179    96.5937 1.0000e-12  -68.03090  -69.28572 334.820459      99.97 3.2673e+02    675.629      16216  1028.4696  1028.4684    34.2826    34.2810    8.08212         30 0.0000e+00
    198.000    195.925    -0.1486  28.462201    -0.1486  28.461143     5.7658     5.8699     0.0896    96.5041 1.0000e-12  -68.03090  -69.28572 334.820472      99.97 3.2705e+02    676.805      16244  1028.4756  1028.4745    34.2836    34.2821    8.08179         27 0.0000e+00
    199.000    196.915    -0.1383  28.473787    -0.1383  28.472744     5.6735     5.7957     0.0821    96.4576 1.0000e-12  -68.03091  -69.28571 334.820485      99.97 3.2741e+02    677.897      16271  1028.4826  1028.4814    34.2868    34.2853    8.07943         25 0.0000e+00
    200.000    197.901    -0.1204  28.493447    -0.1192  28.493588     5.5240     5.7003     0.0931    96.6137 1.0000e-12  -68.03092  -69.28570 334.820496      99.98 3.2635e+02    678.874      16294  1028.4906  1028.4895    34.2922    34.2910    8.07533         22 0.0000e+00
    201.000    198.894    -0.0702  28.546293    -0.0673  28.548294     5.4042     5.6285     0.0898    96.5944 1.0000e-12  -68.03092  -69.28570 334.820507      99.98 3.2621e+02    679.792      16316  1028.5022  1028.5015    34.3055    34.3049    8.06399         23 0.0000e+00
    202.000    199.881     0.0043  28.621661     0.0048  28.620855     5.3111     5.5460     0.0770    96.6816 1.0000e-12  -68.03092  -69.28570 334.820518      99.98 3.2732e+02    680.777      16340  1028.5140  1028.5127    34.3213    34.3197    8.04741         26 0.0000e+00
    203.000    200.869     0.0471  28.665200     0.0470  28.664604     5.1554     5.4121     0.1011    96.6504 1.0000e-12  -68.03092  -69.28570 334.820534      99.98 3.2789e+02    682.177      16373  1028.5235  1028.5229    34.3303    34.3296    8.03792         40 0.0000e+00
    204.000    201.859     0.1318  28.754004     0.1323  28.752893     4.9734     5.2587     0.0865    96.6886 1.0000e-12  -68.03092  -69.28570 334.820553      99.97 3.2790e+02    683.804      16412  1028.5398  1028.5382    34.3522    34.3502    8.01896         30 0.0000e+00
    205.000    202.849     0.1769  28.803082     0.1750  28.800020     4.8535     5.1556     0.0649    96.7623 1.0000e-12  -68.03092  -69.28569 334.820565      99.98 3.2790e+02    684.801      16436  1028.5525  1028.5512    34.3658    34.3640    8.00879         20 0.0000e+00
    206.000    203.836     0.2009  28.829353     0.2014  28.829082     4.8249     5.1354     0.0544    96.7753 1.0000e-12  -68.03092  -69.28568 334.820573      99.97 3.2790e+02    685.535      16454  1028.5617  1028.5609    34.3730    34.3721    8.00339         17 0.0000e+00
    207.000    204.828     0.2617  28.892921     0.2605  28.890933     4.8545     5.1285     0.0495    96.8413 1.0000e-12  -68.03092  -69.28568 334.820582      99.98 3.2790e+02    686.241      16471  1028.5738  1028.5730    34.3881    34.3869    7.98991         18 0.0000e+00
    208.000    205.816     0.2811  28.910821     0.2831  28.911484     4.9098     5.1163     0.0417    96.9008 1.0000e-12  -68.03092  -69.28568 334.820599      99.98 3.2790e+02    687.728      16506  1028.5793  1028.5779    34.3894    34.3880    7.98582         32 0.0000e+00
    209.000    206.802     0.3005  28.935668     0.3137  28.946818     4.7040     4.9144     0.0319    96.9737 1.0000e-12  -68.03092  -69.28568 334.820639      99.98 3.2790e+02    691.169      16589  1028.5931  1028.5920    34.3997    34.3996    7.98125         27 0.0000e+00
    210.000    207.794     0.4650  29.108121     0.4545  29.098404     4.6077     4.8413     0.0399    96.9801 1.0000e-12  -68.03092  -69.28567 334.820646      99.98 3.2790e+02    691.819      16605  1028.6172  1028.6170    34.4415    34.4405    7.94494         17 0.0000e+00
    211.000    208.783     0.4890  29.133801     0.4887  29.132529     4.5528     4.7936     0.0288    96.9735 1.0000e-12  -68.03092  -69.28566 334.820653      99.97 3.2790e+02    692.446      16620  1028.6255  1028.6245    34.4477    34.4464    7.93967         14 0.0000e+00
    212.000    209.768     0.5295  29.178098     0.5300  29.178348     4.5256     4.7719     0.0128    96.9709 1.0000e-12  -68.03094  -69.28566 334.820660      99.98 3.2790e+02    693.013      16633  1028.6369  1028.6366    34.4598    34.4596    7.93070         13 0.0000e+00
    213.000    210.761     0.5822  29.232086     0.5821  29.231294     4.5332     4.7725    -0.0086    96.9955 1.0000e-12  -68.03094  -69.28566 334.820666      99.98 3.2790e+02    693.558      16646  1028.6464  1028.6456    34.4709    34.4699    7.91930         14 0.0000e+00
    214.000    211.750     0.5931  29.244820     0.5929  29.243465     4.5716     4.7815     0.0082    97.0161 1.0000e-12  -68.03094  -69.28566 334.820674      99.98 3.2790e+02    694.198      16662  1028.6540  1028.6528    34.4748    34.4732    7.91685         18 0.0000e+00
    215.000    212.739     0.5900  29.241332     0.5873  29.237517     4.6177     4.7713     0.0178    97.0047 1.0000e-12  -68.03094  -69.28566 334.820693      99.97 3.2790e+02    695.863      16702  1028.6595  1028.6582    34.4731    34.4711    7.91758         35 0.0000e+00
    216.000    213.727     0.6070  29.258409     0.6095  29.260288     4.6196     4.7418     0.0143    97.0174 1.0000e-12  -68.03094  -69.28566 334.820723      99.98 3.2790e+02    698.500      16765  1028.6671  1028.6666    34.4758    34.4754    7.91396         41 0.0000e+00
    217.000    214.716     0.6160  29.267560     0.6156  29.266264     4.6319     4.7318     0.0264    96.9853 1.0000e-12  -68.03094  -69.28566 334.820742      99.97 3.2618e+02    700.143      16804  1028.6733  1028.6723    34.4771    34.4759    7.91205         32 0.0000e+00
    218.000    215.704     0.6171  29.269134     0.6170  29.268067     4.6292     4.7205     0.0068    97.0221 1.0000e-12  -68.03094  -69.28566 334.820755      99.98 3.2613e+02    701.253      16831  1028.6787  1028.6777    34.4773    34.4760    7.91181         23 0.0000e+00
    219.000    216.694     0.6193  29.271783     0.6198  29.271284     4.5954     4.6977     0.0069    97.0563 1.0000e-12  -68.03094  -69.28564 334.820766      99.98 3.2613e+02    702.165      16853  1028.6840  1028.6830    34.4777    34.4765    7.91134         21 0.0000e+00
    220.000    217.683     0.6260  29.278912     0.6262  29.278268     4.5767     4.6830     0.0161    97.1055 1.0000e-12  -68.03094  -69.28564 334.820776      99.98 3.2613e+02    703.021      16873  1028.6896  1028.6887    34.4790    34.4779    7.90991         21 0.0000e+00
    221.000    218.672     0.6644  29.319871     0.6651  29.319207     4.5664     4.6717     0.0146    97.0945 1.0000e-12  -68.03094  -69.28563 334.820787      99.98 3.2613e+02    703.971      16896  1028.6990  1028.6977    34.4889    34.4873    7.90153         24 0.0000e+00
    222.000    219.660     0.6813  29.337338     0.6814  29.336161     4.5547     4.6578     0.0134    97.0838 1.0000e-12  -68.03094  -69.28563 334.820799      99.97 3.2613e+02    705.021      16922  1028.7053  1028.7041    34.4922    34.4906    7.89791         26 0.0000e+00
    223.000    220.650     0.6868  29.343360     0.6868  29.342169     4.5119     4.6283     0.0187    97.0755 1.0000e-12  -68.03094  -69.28562 334.820811      99.98 3.2613e+02    706.090      16947  1028.7110  1028.7098    34.4933    34.4918    7.89673         25 0.0000e+00
    224.000    221.639     0.6972  29.354685     0.6980  29.354269     4.4802     4.5988     0.0125    97.0745 1.0000e-12  -68.03094  -69.28562 334.820823      99.97 3.2613e+02    707.121      16972  1028.7173  1028.7160    34.4959    34.4944    7.89448         25 0.0000e+00
    225.000    222.628     0.7307  29.389268     0.7314  29.388553     4.4700     4.5829     0.0070    97.1003 1.0000e-12  -68.03094  -69.28562 334.820836      99.97 3.2613e+02    708.218      16998  1028.7249  1028.7235    34.5029    34.5012    7.88727         28 0.0000e+00
    226.000    223.616     0.7588  29.419715     0.7574  29.417572     4.4485     4.5603     0.0071    97.1101 1.0000e-12  -68.03096  -69.28562 334.820851      99.98 3.2613e+02    709.528      17030  1028.7338  1028.7330    34.5106    34.5094    7.88116         34 0.0000e+00
    227.000    224.605     0.7915  29.455136     0.7908  29.454396     4.4164     4.5388     0.0014    97.1179 1.0000e-12  -68.03096  -69.28562 334.820867      99.98 3.2613e+02    710.921      17063  1028.7433  1028.7432    34.5196    34.5194    7.87405         33 0.0000e+00
    228.000    225.595     0.8266  29.492857     0.8261  29.491747     4.4106     4.5278     0.0066    97.1506 1.0000e-12  -68.03096  -69.28562 334.820882      99.98 3.2613e+02    712.210      17094  1028.7528  1028.7520    34.5288    34.5279    7.86643         30 0.0000e+00
    229.000    226.584     0.8448  29.512615     0.8449  29.511970     4.3998     4.5113     0.0078    97.1366 1.0000e-12  -68.03096  -69.28562 334.820898      99.97 3.2489e+02    713.585      17127  1028.7603  1028.7596    34.5336    34.5327    7.86249         38 0.0000e+00
    230.000    227.571     0.8569  29.525972     0.8554  29.524166     4.4006     4.4955     0.0065    97.1738 1.0000e-12  -68.03096  -69.28562 334.820920      99.98 3.2440e+02    715.501      17173  1028.7674  1028.7669    34.5369    34.5362    7.85988         38 0.0000e+00
    231.000    228.561     0.8633  29.532856     0.8631  29.531910     4.3269     4.4380    -0.0027    97.1761 1.0000e-12  -68.03096  -69.28562 334.820937      99.98 3.2437e+02    716.948      17208  1028.7731  1028.7722    34.5381    34.5370    7.85852         26 0.0000e+00
    232.000    229.549     0.8669  29.537576     0.8644  29.534093     4.2709     4.4022    -0.0079    97.2088 1.0000e-12  -68.03096  -69.28562 334.820948      99.98 3.2437e+02    717.864      17230  1028.7790  1028.7778    34.5396    34.5378    7.85771         19 0.0000e+00
    233.000    230.537     0.9040  29.576061     0.9039  29.575078     4.2542     4.3902     0.0079    97.1885 1.0000e-12  -68.03096  -69.28562 334.820956      99.98 3.2437e+02    718.615      17248  1028.7868  1028.7858    34.5476    34.5464    7.84980         18 0.0000e+00
    234.000    231.529     0.9142  29.586025     0.9143  29.585197     4.2518     4.3828     0.0039    97.1888 1.0000e-12  -68.03096  -69.28562 334.820965      99.97 3.2437e+02    719.360      17266  1028.7915  1028.7906    34.5485    34.5473    7.84769         19 0.0000e+00
