NBP2113_155081_ctd/data/dnbp2113_054.cnv
* Sea-Bird SBE 9 Data File:
* FileName = D:\Data\raw\NBP2113_054.hex
* Software Version Seasave V 7.26.7.121
* Temperature SN = 2438
* Conductivity SN = 2067
* Number of Bytes Per Scan = 40
* Number of Voltage Words = 5
* Number of Scans Averaged by the Deck Unit = 1
* NMEA Latitude = 64 52.85 S
* NMEA Longitude = 064 38.20 W
* NMEA UTC (Time) = Dec 11 2021  19:48:22
* NMEA baud rate = 9600
** Ship: RVIB N.B. Palmer
** Cruise: NBP2113 LTER
** Station: 597.052
** Operator: S. Blackman
# nquan = 25
# nvalues = 442                         
# units = specified
# name 0 = prDM: Pressure, Digiquartz [db]
# name 1 = depSM: Depth [salt water, m]
# name 2 = t090C: Temperature [ITS-90, deg C]
# name 3 = c0mS/cm: Conductivity [mS/cm]
# name 4 = t190C: Temperature, 2 [ITS-90, deg C]
# name 5 = c1mS/cm: Conductivity, 2 [mS/cm]
# name 6 = sbeox0ML/L: Oxygen, SBE 43 [ml/l]
# name 7 = sbeox1ML/L: Oxygen, SBE 43, 2 [ml/l]
# name 8 = flECO-AFL: Fluorescence, WET Labs ECO-AFL/FL [mg/m^3]
# name 9 = CStarTr0: Beam Transmission, WET Labs C-Star [%]
# name 10 = par: PAR/Irradiance, Biospherical/Licor
# name 11 = latitude: Latitude [deg]
# name 12 = longitude: Longitude [deg]
# name 13 = timeJ: Julian Days
# name 14 = altM: Altimeter [m]
# name 15 = spar: SPAR, Biospherical/Licor
# name 16 = timeS: Time, Elapsed [seconds]
# name 17 = scan: Scan Count
# name 18 = density00: Density [density, kg/m^3]
# name 19 = density11: Density, 2 [density, kg/m^3]
# name 20 = sal00: Salinity, Practical [PSU]
# name 21 = sal11: Salinity, Practical, 2 [PSU]
# name 22 = oxsolML/L: Oxygen Saturation, Garcia & Gordon [ml/l]
# name 23 = nbin: number of scans per bin
# name 24 = flag: flag
# span 0 =      4.000,    445.000       
# span 1 =      3.957,    440.162       
# span 2 =    -0.7140,     1.3400       
# span 3 =  27.403304,  30.125620       
# span 4 =    -0.7123,     1.3395       
# span 5 =  27.404470,  30.124093       
# span 6 =     4.2431,     8.1464       
# span 7 =     4.3004,     8.0854       
# span 8 =    -0.0224,     1.8496       
# span 9 =    83.6567,    91.4209       
# span 10 = 1.0000e-12, 2.2836e+02      
# span 11 =  -64.88096,  -64.88090      
# span 12 =  -64.63753,  -64.63672      
# span 13 = 345.829168, 345.837807      
# span 14 =       7.39,     110.54      
# span 15 = 4.7768e+02, 5.8487e+02      
# span 16 =    338.111,   1084.502      
# span 17 =       8116,      26029      
# span 18 =  1027.0587,  1029.8330      
# span 19 =  1027.0462,  1029.8317      
# span 20 =    33.6122,    34.6478      
# span 21 =    33.6113,    34.6464      
# span 22 =    7.75747,    8.24194      
# span 23 =          6,         49      
# span 24 = 0.0000e+00, 0.0000e+00      
# interval = decibars: 1                
# start_time = Dec 11 2021 19:48:22 [NMEA time, header]
# bad_flag = -9.990e-29
*END*
[from data line 290]
    294.000    290.914     1.1803  29.889732     1.1804  29.888834     4.4564     4.5125    -0.0150    91.1548 1.0000e-12  -64.88092  -64.63676 345.835492      99.97 4.9535e+02    884.550      21230  1029.1060  1029.1050    34.6092    34.6080    7.79116         20 0.0000e+00
    295.000    291.902     1.1829  29.892794     1.1830  29.892122     4.4522     4.5026    -0.0062    91.1459 1.0000e-12  -64.88092  -64.63674 345.835502      99.97 4.9537e+02    885.367      21250  1029.1109  1029.1101    34.6098    34.6088    7.79063         19 0.0000e+00
    296.000    292.892     1.1846  29.895361     1.1840  29.893669     4.4385     4.4970    -0.0016    91.1647 1.0000e-12  -64.88092  -64.63674 345.835511      99.97 4.9615e+02    886.142      21268  1029.1161  1029.1149    34.6105    34.6090    7.79024         18 0.0000e+00
    297.000    293.879     1.1873  29.898285     1.1871  29.897275     4.4308     4.4951    -0.0078    91.1619 1.0000e-12  -64.88092  -64.63674 345.835520      99.97 4.9714e+02    886.903      21287  1029.1207  1029.1199    34.6108    34.6097    7.78970         18 0.0000e+00
    298.000    294.867     1.1931  29.904817     1.1923  29.903203     4.4272     4.4929    -0.0077    91.1505 1.0000e-12  -64.88092  -64.63674 345.835528      99.97 4.9713e+02    887.652      21305  1029.1260  1029.1251    34.6121    34.6110    7.78847         18 0.0000e+00
    299.000    295.859     1.1993  29.912259     1.1977  29.909768     4.4262     4.4884    -0.0046    91.1402 1.0000e-12  -64.88092  -64.63674 345.835538      99.97 4.9713e+02    888.482      21325  1029.1317  1029.1307    34.6142    34.6127    7.78712         23 0.0000e+00
    300.000    296.846     1.2033  29.916672     1.2044  29.916835     4.4281     4.4928    -0.0003    91.1507 1.0000e-12  -64.88090  -64.63675 345.835553      99.97 4.9779e+02    889.753      21355  1029.1366  1029.1357    34.6148    34.6138    7.78629         37 0.0000e+00
    301.000    297.836     1.2035  29.917342     1.2027  29.915625     4.4231     4.4890     0.0025    91.1390 1.0000e-12  -64.88091  -64.63677 345.835586      99.97 4.9885e+02    892.603      21423  1029.1416  1029.1405    34.6149    34.6135    7.78625         36 0.0000e+00
    302.000    298.822     1.2072  29.922114     1.2068  29.920656     4.4204     4.4813    -0.0058    91.1490 1.0000e-12  -64.88092  -64.63676 345.835609      99.97 4.9890e+02    894.649      21473  1029.1471  1029.1460    34.6163    34.6149    7.78543         33 0.0000e+00
    303.000    299.813     1.2073  29.922669     1.2066  29.921082     4.4195     4.4751    -0.0078    91.1362 1.0000e-12  -64.88092  -64.63675 345.835622      99.97 4.9890e+02    895.782      21500  1029.1519  1029.1509    34.6163    34.6151    7.78541         23 0.0000e+00
    304.000    300.802     1.2085  29.924150     1.2083  29.923279     4.4264     4.4802    -0.0151    91.1390 1.0000e-12  -64.88091  -64.63674 345.835633      99.97 4.9890e+02    896.660      21521  1029.1565  1029.1558    34.6164    34.6154    7.78518         20 0.0000e+00
    305.000    301.790     1.2092  29.925580     1.2086  29.924033     4.4304     4.4826    -0.0150    91.1561 1.0000e-12  -64.88090  -64.63674 345.835642      99.97 4.9890e+02    897.501      21541  1029.1616  1029.1606    34.6168    34.6155    7.78501         21 0.0000e+00
    306.000    302.779     1.2089  29.925717     1.2081  29.924039     4.4336     4.4796    -0.0150    91.1377 1.0000e-12  -64.88090  -64.63672 345.835652      99.97 4.9982e+02    898.373      21562  1029.1663  1029.1653    34.6167    34.6154    7.78508         21 0.0000e+00
    307.000    303.767     1.2067  29.923948     1.2070  29.923374     4.4349     4.4779    -0.0150    91.1341 1.0000e-12  -64.88090  -64.63672 345.835663      99.97 5.0067e+02    899.281      21584  1029.1709  1029.1700    34.6163    34.6153    7.78554         22 0.0000e+00
    308.000    304.755     1.2066  29.923993     1.2056  29.922101     4.4324     4.4787    -0.0134    91.1198 1.0000e-12  -64.88090  -64.63672 345.835674      99.97 5.0066e+02    900.204      21606  1029.1754  1029.1744    34.6159    34.6146    7.78558         23 0.0000e+00
    309.000    305.746     1.2083  29.926173     1.2068  29.923882     4.4213     4.4781     0.0085    91.1448 1.0000e-12  -64.88090  -64.63674 345.835685      99.97 5.0105e+02    901.199      21630  1029.1801  1029.1792    34.6162    34.6150    7.78522         26 0.0000e+00
    310.000    306.733     1.2109  29.929257     1.2109  29.928159     4.4151     4.4747    -0.0055    91.1378 1.0000e-12  -64.88090  -64.63675 345.835700      99.97 5.0229e+02    902.467      21660  1029.1850  1029.1839    34.6168    34.6154    7.78468         34 0.0000e+00
    311.000    307.723     1.2143  29.933255     1.2143  29.932437     4.4143     4.4730     0.0003    91.1446 1.0000e-12  -64.88092  -64.63676 345.835724      99.97 5.0242e+02    904.591      21711  1029.1900  1029.1891    34.6175    34.6164    7.78396         49 0.0000e+00
    312.000    308.712     1.2177  29.937465     1.2169  29.935772     4.4129     4.4673    -0.0109    91.1312 1.0000e-12  -64.88092  -64.63676 345.835746      99.97 5.0242e+02    906.441      21756  1029.1953  1029.1944    34.6185    34.6173    7.78323         33 0.0000e+00
    313.000    309.700     1.2163  29.936909     1.2158  29.935359     4.4131     4.4640    -0.0014    91.1288 1.0000e-12  -64.88090  -64.63675 345.835761      99.97 5.0242e+02    907.710      21786  1029.2003  1029.1993    34.6188    34.6174    7.78349         29 0.0000e+00
    314.000    310.688     1.2163  29.936891     1.2163  29.936016     4.4181     4.4679    -0.0145    91.1268 1.0000e-12  -64.88090  -64.63674 345.835774      99.97 5.0242e+02    908.833      21813  1029.2047  1029.2038    34.6183    34.6171    7.78353         26 0.0000e+00
    315.000    311.678     1.2169  29.938258     1.2174  29.937805     4.4053     4.4612     0.0006    91.1132 1.0000e-12  -64.88090  -64.63674 345.835788      99.97 5.0242e+02    910.062      21842  1029.2097  1029.2087    34.6187    34.6176    7.78338         30 0.0000e+00
    316.000    312.666     1.2179  29.939367     1.2180  29.938549     4.3922     4.4550    -0.0004    91.1604 1.0000e-12  -64.88090  -64.63674 345.835801      99.97 5.0242e+02    911.178      21869  1029.2141  1029.2132    34.6184    34.6173    7.78319         24 0.0000e+00
    317.000    313.653     1.2216  29.943847     1.2206  29.942141     4.3939     4.4537    -0.0004    91.1735 1.0000e-12  -64.88090  -64.63672 345.835811      99.97 5.0242e+02    912.052      21890  1029.2193  1029.2185    34.6196    34.6184    7.78241         20 0.0000e+00
    318.000    314.645     1.2241  29.946751     1.2245  29.946271     4.3946     4.4528    -0.0057    91.1160 1.0000e-12  -64.88090  -64.63673 345.835820      99.97 5.0413e+02    912.874      21910  1029.2241  1029.2232    34.6199    34.6189    7.78189         20 0.0000e+00
    319.000    315.632     1.2273  29.950996     1.2271  29.949828     4.3923     4.4520     0.0023    91.1363 1.0000e-12  -64.88090  -64.63674 345.835832      99.97 5.0418e+02    913.915      21935  1029.2295  1029.2284    34.6212    34.6199    7.78119         32 0.0000e+00
    320.000    316.620     1.2286  29.952685     1.2291  29.952206     4.3887     4.4514     0.0014    91.1242 1.0000e-12  -64.88090  -64.63674 345.835852      99.97 5.0525e+02    915.597      21975  1029.2343  1029.2333    34.6214    34.6203    7.78092         36 0.0000e+00
    321.000    317.609     1.2297  29.954273     1.2286  29.952372     4.3888     4.4501    -0.0046    91.1167 1.0000e-12  -64.88090  -64.63674 345.835870      99.97 5.0597e+02    917.210      22014  1029.2391  1029.2382    34.6216    34.6204    7.78069         31 0.0000e+00
    322.000    318.598     1.2317  29.956618     1.2334  29.957420     4.3836     4.4440    -0.0078    91.1492 1.0000e-12  -64.88090  -64.63674 345.835884      99.97 5.0595e+02    918.341      22041  1029.2438  1029.2429    34.6218    34.6210    7.78028         24 0.0000e+00
    323.000    319.586     1.2389  29.964903     1.2380  29.963008     4.3843     4.4384    -0.0032    91.1322 1.0000e-12  -64.88090  -64.63676 345.835895      99.97 5.0595e+02    919.291      22064  1029.2494  1029.2484    34.6239    34.6225    7.77875         25 0.0000e+00
    324.000    320.573     1.2392  29.965635     1.2375  29.962798     4.3810     4.4379    -0.0052    91.1340 1.0000e-12  -64.88090  -64.63675 345.835912      99.96 5.0685e+02    920.815      22101  1029.2541  1029.2529    34.6238    34.6221    7.77867         34 0.0000e+00
    325.000    321.564     1.2385  29.965411     1.2381  29.964171     4.3849     4.4366    -0.0124    91.1597 1.0000e-12  -64.88090  -64.63674 345.835940      99.97 5.0772e+02    923.175      22157  1029.2589  1029.2581    34.6238    34.6226    7.77882         33 0.0000e+00
    326.000    322.552     1.2398  29.966916     1.2382  29.964502     4.3784     4.4312    -0.0045    91.1342 1.0000e-12  -64.88090  -64.63674 345.835954      99.97 5.0771e+02    924.435      22187  1029.2635  1029.2626    34.6237    34.6224    7.77857         23 0.0000e+00
    327.000    323.542     1.2416  29.969371     1.2408  29.967452     4.3852     4.4363     0.0113    91.1322 1.0000e-12  -64.88090  -64.63674 345.835964      99.97 5.0771e+02    925.258      22207  1029.2685  1029.2674    34.6243    34.6228    7.77818         19 0.0000e+00
    328.000    324.530     1.2411  29.969464     1.2402  29.967610     4.3896     4.4383     0.0022    91.1095 1.0000e-12  -64.88090  -64.63674 345.835972      99.97 5.0771e+02    926.008      22225  1029.2733  1029.2723    34.6243    34.6230    7.77827         18 0.0000e+00
    329.000    325.518     1.2416  29.970239     1.2409  29.968843     4.3901     4.4330    -0.0019    91.1254 1.0000e-12  -64.88090  -64.63674 345.835981      99.97 5.0771e+02    926.790      22244  1029.2779  1029.2771    34.6242    34.6232    7.77819         19 0.0000e+00
    330.000    326.507     1.2406  29.969626     1.2393  29.967564     4.3818     4.4334    -0.0074    91.1366 1.0000e-12  -64.88090  -64.63674 345.835992      99.97 5.0917e+02    927.670      22265  1029.2826  1029.2816    34.6240    34.6227    7.77840         23 0.0000e+00
    331.000    327.496     1.2404  29.970037     1.2396  29.968142     4.3815     4.4374    -0.0077    91.1377 1.0000e-12  -64.88090  -64.63674 345.836002      99.97 5.0947e+02    928.602      22287  1029.2874  1029.2863    34.6241    34.6226    7.77842         22 0.0000e+00
    332.000    328.484     1.2416  29.971609     1.2411  29.970089     4.3759     4.4364    -0.0077    91.1427 1.0000e-12  -64.88090  -64.63674 345.836013      99.97 5.0947e+02    929.560      22310  1029.2920  1029.2910    34.6242    34.6228    7.77818         25 0.0000e+00
    333.000    329.474     1.2425  29.972953     1.2424  29.971787     4.3762     4.4321    -0.0114    91.1598 1.0000e-12  -64.88090  -64.63675 345.836030      99.97 5.0954e+02    930.969      22344  1029.2968  1029.2957    34.6244    34.6230    7.77800         47 0.0000e+00
    334.000    330.461     1.2443  29.975126     1.2440  29.973948     4.3810     4.4321    -0.0112    91.1705 1.0000e-12  -64.88090  -64.63675 345.836055      99.97 5.1126e+02    933.192      22398  1029.3016  1029.3006    34.6246    34.6235    7.77763         37 0.0000e+00
    335.000    331.451     1.2455  29.976825     1.2447  29.975231     4.3732     4.4349    -0.0077    91.1987 1.0000e-12  -64.88090  -64.63674 345.836073      99.97 5.1124e+02    934.710      22434  1029.3064  1029.3055    34.6249    34.6237    7.77738         34 0.0000e+00
    336.000    332.439     1.2458  29.977842     1.2455  29.976327     4.3751     4.4316    -0.0039    91.1697 1.0000e-12  -64.88090  -64.63676 345.836092      99.97 5.1124e+02    936.372      22474  1029.3113  1029.3101    34.6252    34.6237    7.77729         31 0.0000e+00
    337.000    333.427     1.2484  29.980826     1.2478  29.979326     4.3761     4.4267    -0.0076    91.1843 1.0000e-12  -64.88090  -64.63674 345.836113      99.97 5.1159e+02    938.206      22518  1029.3161  1029.3151    34.6256    34.6244    7.77676         33 0.0000e+00
    338.000    334.415     1.2487  29.981348     1.2481  29.980061     4.3753     4.4229    -0.0073    91.2283 1.0000e-12  -64.88090  -64.63674 345.836126      99.97 5.1209e+02    939.279      22544  1029.3207  1029.3198    34.6254    34.6244    7.77672         21 0.0000e+00
    339.000    335.404     1.2483  29.981596     1.2474  29.979793     4.3669     4.4209    -0.0111    91.2587 1.0000e-12  -64.88090  -64.63674 345.836135      99.97 5.1300e+02    940.039      22562  1029.3255  1029.3246    34.6256    34.6243    7.77678         17 0.0000e+00
    340.000    336.394     1.2489  29.982662     1.2486  29.981434     4.3660     4.4249    -0.0150    91.2115 1.0000e-12  -64.88090  -64.63674 345.836142      99.97 5.1394e+02    940.708      22578  1029.3302  1029.3293    34.6257    34.6245    7.77666         15 0.0000e+00
    341.000    337.382     1.2493  29.983304     1.2493  29.982648     4.3707     4.4280    -0.0086    91.1623 1.0000e-12  -64.88090  -64.63674 345.836150      99.97 5.1475e+02    941.369      22594  1029.3347  1029.3341    34.6254    34.6247    7.77658         17 0.0000e+00
    342.000    338.372     1.2488  29.983489     1.2490  29.982835     4.3751     4.4230    -0.0051    91.1568 1.0000e-12  -64.88090  -64.63674 345.836159      99.97 5.1476e+02    942.105      22612  1029.3397  1029.3388    34.6257    34.6246    7.77668         19 0.0000e+00
    343.000    339.360     1.2517  29.986620     1.2519  29.986005     4.3714     4.4188    -0.0031    91.0966 1.0000e-12  -64.88090  -64.63674 345.836171      99.97 5.1491e+02    943.167      22637  1029.3443  1029.3434    34.6260    34.6249    7.77610         34 0.0000e+00
    344.000    340.345     1.2541  29.989834     1.2539  29.988599     4.3603     4.4189    -0.0046    91.2013 1.0000e-12  -64.88091  -64.63675 345.836195      99.97 5.1656e+02    945.274      22688  1029.3495  1029.3484    34.6268    34.6255    7.77557         39 0.0000e+00
    345.000    341.335     1.2553  29.991623     1.2551  29.990498     4.3623     4.4206    -0.0024    91.2154 1.0000e-12  -64.88090  -64.63676 345.836227      99.97 5.1669e+02    948.027      22754  1029.3544  1029.3534    34.6272    34.6260    7.77531         30 0.0000e+00
    346.000    342.325     1.2540  29.990666     1.2542  29.989925     4.3713     4.4142    -0.0001    91.2349 1.0000e-12  -64.88090  -64.63674 345.836243      99.97 5.1833e+02    949.363      22786  1029.3589  1029.3580    34.6268    34.6256    7.77559         25 0.0000e+00
    347.000    343.313     1.2554  29.992528     1.2550  29.991206     4.3690     4.4142     0.0003    91.2473 1.0000e-12  -64.88090  -64.63674 345.836253      99.97 5.1829e+02    950.286      22808  1029.3637  1029.3628    34.6271    34.6258    7.77530         20 0.0000e+00
    348.000    344.300     1.2553  29.992928     1.2550  29.991724     4.3633     4.4140    -0.0004    91.2422 1.0000e-12  -64.88090  -64.63674 345.836262      99.97 5.1829e+02    951.035      22826  1029.3684  1029.3675    34.6271    34.6259    7.77531         17 0.0000e+00
    349.000    345.291     1.2551  29.992919     1.2547  29.991794     4.3576     4.4153    -0.0004    91.2483 1.0000e-12  -64.88090  -64.63674 345.836270      99.97 5.1850e+02    951.755      22843  1029.3730  1029.3721    34.6268    34.6257    7.77538         17 0.0000e+00
    350.000    346.280     1.2553  29.993710     1.2547  29.992255     4.3613     4.4163    -0.0224    91.2407 1.0000e-12  -64.88090  -64.63674 345.836279      99.97 5.2005e+02    952.500      22861  1029.3778  1029.3768    34.6270    34.6257    7.77532         19 0.0000e+00
