NBP2113_155081_ctd/data/dnbp2113_005.cnv
* Sea-Bird SBE 9 Data File:
* FileName = D:\Data\raw\NBP2113_005.hex
* Software Version Seasave V 7.26.7.121
* Temperature SN = 2438
* Conductivity SN = 2067
* Number of Bytes Per Scan = 40
* Number of Voltage Words = 5
* Number of Scans Averaged by the Deck Unit = 1
* NMEA Latitude = 64 04.86 S
* NMEA Longitude = 063 46.34 W
* NMEA UTC (Time) = Nov 23 2021  13:58:01
* NMEA baud rate = 9600
** Ship: RVIB N.B. Palmer
** Cruise: NBP2113 LTER
** Station: 692.080
** Operator: B. Urmston
# nquan = 25
# nvalues = 517                         
# units = specified
# name 0 = prDM: Pressure, Digiquartz [db]
# name 1 = depSM: Depth [salt water, m]
# name 2 = t090C: Temperature [ITS-90, deg C]
# name 3 = c0mS/cm: Conductivity [mS/cm]
# name 4 = t190C: Temperature, 2 [ITS-90, deg C]
# name 5 = c1mS/cm: Conductivity, 2 [mS/cm]
# name 6 = sbeox0ML/L: Oxygen, SBE 43 [ml/l]
# name 7 = sbeox1ML/L: Oxygen, SBE 43, 2 [ml/l]
# name 8 = flECO-AFL: Fluorescence, WET Labs ECO-AFL/FL [mg/m^3]
# name 9 = CStarTr0: Beam Transmission, WET Labs C-Star [%]
# name 10 = par: PAR/Irradiance, Biospherical/Licor
# name 11 = latitude: Latitude [deg]
# name 12 = longitude: Longitude [deg]
# name 13 = timeJ: Julian Days
# name 14 = altM: Altimeter [m]
# name 15 = spar: SPAR, Biospherical/Licor
# name 16 = timeS: Time, Elapsed [seconds]
# name 17 = scan: Scan Count
# name 18 = density00: Density [density, kg/m^3]
# name 19 = density11: Density, 2 [density, kg/m^3]
# name 20 = sal00: Salinity, Practical [PSU]
# name 21 = sal11: Salinity, Practical, 2 [PSU]
# name 22 = oxsolML/L: Oxygen Saturation, Garcia & Gordon [ml/l]
# name 23 = nbin: number of scans per bin
# name 24 = flag: flag
# span 0 =      5.000,    521.000       
# span 1 =      4.951,    515.278       
# span 2 =    -0.2835,     1.5253       
# span 3 =  28.038852,  30.367240       
# span 4 =    -0.2829,     1.5253       
# span 5 =  28.037343,  30.366045       
# span 6 =     4.1824,     8.1652       
# span 7 =     4.1711,     8.0379       
# span 8 =    -0.0217,     1.8137       
# span 9 =    87.1227,    98.9778       
# span 10 = 1.0000e-12, 1.7793e+02      
# span 11 =  -64.08163,  -64.08136      
# span 12 =  -63.77211,  -63.77180      
# span 13 = 327.585846, 327.599882      
# span 14 =       7.80,      99.99      
# span 15 = 3.4903e+02, 4.7064e+02      
# span 16 =    336.088,   1548.806      
# span 17 =       8067,      37172      
# span 18 =  1027.2349,  1030.2230      
# span 19 =  1027.2323,  1030.2217      
# span 20 =    33.8799,    34.7106      
# span 21 =    33.8767,    34.7092      
# span 22 =    7.71803,    8.12410      
# span 23 =          9,         51      
# span 24 = 0.0000e+00, 0.0000e+00      
# interval = decibars: 1                
# start_time = Nov 23 2021 13:58:01 [NMEA time, header]
# bad_flag = -9.990e-29
*END*
      5.000      4.951    -0.1663  28.056854    -0.1666  28.054147     8.0989     8.0357     0.7886    87.5680 1.7793e+02  -64.08136  -63.77210 327.585846      99.43 4.7064e+02    336.088       8067  1027.2349  1027.2323    33.8810    33.8777    8.10842         28 0.0000e+00
      6.000      5.943    -0.1675  28.056184    -0.1665  28.054549     8.0973     8.0379     0.7824    87.5477 1.4755e+02  -64.08136  -63.77211 327.585878      79.57 4.6889e+02    338.863       8134  1027.2396  1027.2369    33.8808    33.8775    8.10868         31 0.0000e+00
      7.000      6.932    -0.1675  28.056313    -0.1664  28.054738     8.1230     8.0270     0.7303    87.7683 1.3078e+02  -64.08136  -63.77210 327.586077      99.72 4.6113e+02    356.028       8546  1027.2440  1027.2414    33.8804    33.8771    8.10870         40 0.0000e+00
      8.000      7.922    -0.1682  28.055912    -0.1672  28.054416     8.1071     8.0199     0.7325    87.7859 1.1306e+02  -64.08138  -63.77210 327.586169      99.96 4.5878e+02    364.031       8738  1027.2486  1027.2461    33.8800    33.8769    8.10887         30 0.0000e+00
      9.000      8.913    -0.1718  28.053271    -0.1706  28.051940     8.1085     8.0170     0.8285    87.7325 9.7782e+01  -64.08138  -63.77209 327.586242      99.96 4.5576e+02    370.349       8889  1027.2535  1027.2509    33.8799    33.8767    8.10965         38 0.0000e+00
     10.000      9.902    -0.1779  28.049205    -0.1777  28.046918     8.1117     8.0235     1.0420    87.6904 8.6678e+01  -64.08138  -63.77210 327.586302      99.96 4.5413e+02    375.480       9013  1027.2593  1027.2567    33.8807    33.8774    8.11091         44 0.0000e+00
     11.000     10.895    -0.1772  28.050066    -0.1761  28.048793     8.1152     8.0307     1.2140    87.6598 7.5501e+01  -64.08138  -63.77210 327.586368      99.97 4.5165e+02    381.169       9149  1027.2638  1027.2613    33.8805    33.8775    8.11078         31 0.0000e+00
     12.000     11.880    -0.1795  28.048854    -0.1775  28.047977     8.1096     8.0222     1.2617    87.5998 6.6297e+01  -64.08138  -63.77209 327.586439      99.96 4.4799e+02    387.372       9298  1027.2689  1027.2661    33.8807    33.8774    8.11123         28 0.0000e+00
     13.000     12.871    -0.1876  28.044646    -0.1857  28.043707     8.1025     8.0315     1.3439    87.5529 5.7465e+01  -64.08138  -63.77209 327.586491      99.97 4.4621e+02    391.853       9405  1027.2765  1027.2737    33.8836    33.8802    8.11281         29 0.0000e+00
     14.000     13.861    -0.1894  28.044227    -0.1885  28.042592     8.1189     8.0276     1.4383    87.4787 5.1216e+01  -64.08138  -63.77208 327.586568      99.97 4.4453e+02    398.452       9564  1027.2819  1027.2794    33.8844    33.8812    8.11313         23 0.0000e+00
     15.000     14.852    -0.1935  28.042235    -0.1925  28.040746     8.1220     8.0223     1.4642    87.4534 4.5128e+01  -64.08138  -63.77208 327.586631      99.96 4.4344e+02    403.958       9696  1027.2880  1027.2855    33.8857    33.8826    8.11393         24 0.0000e+00
     16.000     15.846    -0.1968  28.040699    -0.1959  28.039250     8.1204     8.0276     1.4934    87.4566 3.9550e+01  -64.08138  -63.77208 327.586688      99.97 4.4228e+02    408.891       9814  1027.2938  1027.2913    33.8868    33.8838    8.11459         30 0.0000e+00
     17.000     16.835    -0.2016  28.039531    -0.2002  28.037984     8.1267     8.0232     1.5323    87.2990 3.5000e+01  -64.08138  -63.77208 327.586765      99.96 4.4023e+02    415.528       9974  1027.3012  1027.2984    33.8898    33.8863    8.11542         17 0.0000e+00
     18.000     17.819    -0.2051  28.038852    -0.2044  28.037343     8.1400     8.0193     1.5161    87.3721 3.1705e+01  -64.08138  -63.77208 327.586816      99.96 4.3886e+02    419.930      10079  1027.3083  1027.3059    33.8923    33.8895    8.11603         21 0.0000e+00
     19.000     18.816    -0.2069  28.039541    -0.2061  28.037947     8.1509     8.0302     1.5483    87.2942 2.7928e+01  -64.08138  -63.77206 327.586895      99.96 4.3738e+02    426.689      10242  1027.3149  1027.3124    33.8946    33.8916    8.11629         33 0.0000e+00
     20.000     19.806    -0.2070  28.040699    -0.2065  28.038869     8.1434     8.0303     1.5547    87.3159 2.4903e+01  -64.08139  -63.77206 327.586952      99.97 4.3649e+02    431.672      10361  1027.3205  1027.3180    33.8957    33.8927    8.11625         31 0.0000e+00
     21.000     20.794    -0.2089  28.042097    -0.2080  28.040484     8.1485     8.0223     1.5898    87.3134 2.1422e+01  -64.08139  -63.77206 327.587017      99.97 4.3492e+02    437.252      10495  1027.3281  1027.3255    33.8990    33.8958    8.11645         31 0.0000e+00
     22.000     21.782    -0.2102  28.043189    -0.2091  28.041556     8.1639     8.0246     1.6757    87.1956 1.9108e+01  -64.08140  -63.77206 327.587086      99.97 4.3225e+02    443.254      10639  1027.3346  1027.3319    33.9013    33.8979    8.11660          9 0.0000e+00
     23.000     22.773    -0.2118  28.044052    -0.2110  28.042523     8.1223     8.0240     1.6424    87.2369 1.7258e+01  -64.08140  -63.77204 327.587147      99.97 4.3031e+02    448.517      10765  1027.3415  1027.3391    33.9037    33.9007    8.11682         28 0.0000e+00
     24.000     23.766    -0.2162  28.045589    -0.2154  28.043968     8.1652     8.0262     1.6106    87.2431 1.5242e+01  -64.08140  -63.77204 327.587216      99.97 4.2829e+02    454.485      10909  1027.3516  1027.3492    33.9100    33.9069    8.11739         37 0.0000e+00
     25.000     24.754    -0.2191  28.046637    -0.2181  28.044959     8.1390     8.0220     1.6473    87.1946 1.3613e+01  -64.08140  -63.77204 327.587280      99.97 4.2613e+02    460.033      11042  1027.3598  1027.3571    33.9139    33.9106    8.11777         38 0.0000e+00
     26.000     25.745    -0.2233  28.047770    -0.2219  28.046116     8.1572     8.0203     1.6343    87.1633 1.2064e+01  -64.08140  -63.77204 327.587346      99.96 4.2477e+02    465.701      11178  1027.3693  1027.3662    33.9196    33.9158    8.11836         37 0.0000e+00
     27.000     26.738    -0.2278  28.048785    -0.2281  28.047274     8.1345     8.0118     1.6598    87.1227 1.0912e+01  -64.08140  -63.77204 327.587408      99.97 4.2251e+02    471.078      11307  1027.3790  1027.3777    33.9253    33.9237    8.11898         23 0.0000e+00
     28.000     27.719    -0.2354  28.049437    -0.2347  28.047912     8.1353     8.0175     1.7083    87.1537 9.1803e+00  -64.08140  -63.77204 327.587484      99.96 4.2107e+02    477.594      11463  1027.3913  1027.3889    33.9341    33.9312    8.12011         18 0.0000e+00
     29.000     28.715    -0.2436  28.049770    -0.2429  28.048224     8.1597     8.0113     1.7682    87.1855 8.7271e+00  -64.08140  -63.77202 327.587540      99.97 4.1949e+02    482.413      11579  1027.4037  1027.4014    33.9430    33.9402    8.12134         31 0.0000e+00
     30.000     29.706    -0.2531  28.049698    -0.2521  28.048208     8.1462     8.0066     1.8028    87.3829 7.4453e+00  -64.08140  -63.77202 327.587612      99.97 4.1957e+02    488.651      11729  1027.4169  1027.4145    33.9529    33.9499    8.12280         22 0.0000e+00
     31.000     30.693    -0.2577  28.050648    -0.2570  28.049012     8.1039     7.9934     1.8137    87.6226 7.0900e+00  -64.08140  -63.77202 327.587668      99.97 4.1778e+02    493.489      11845  1027.4266  1027.4242    33.9587    33.9557    8.12346         35 0.0000e+00
     32.000     31.685    -0.2616  28.052789    -0.2605  28.051071     8.1197     7.9851     1.6806    88.0927 6.2108e+00  -64.08140  -63.77200 327.587753      99.97 4.1622e+02    500.843      12021  1027.4369  1027.4339    33.9654    33.9618    8.12391         33 0.0000e+00
     33.000     32.676    -0.2650  28.057433    -0.2642  28.055821     8.0976     7.9775     1.5479    88.2263 5.6127e+00  -64.08140  -63.77202 327.587784      99.97 4.1693e+02    503.523      12086  1027.4494  1027.4468    33.9747    33.9716    8.12410         40 0.0000e+00
     34.000     33.664    -0.2634  28.060009    -0.2627  28.058511     8.1184     7.9770     1.6613    88.3975 4.8852e+00  -64.08142  -63.77201 327.587876      99.97 4.1602e+02    511.488      12277  1027.4548  1027.4524    33.9758    33.9730    8.12370         37 0.0000e+00
     35.000     34.657    -0.2622  28.063895    -0.2615  28.062308     8.0976     7.9766     1.7434    88.5801 4.6105e+00  -64.08142  -63.77201 327.587927      99.96 4.1604e+02    515.881      12382  1027.4621  1027.4597    33.9790    33.9761    8.12325         32 0.0000e+00
     36.000     35.646    -0.2600  28.067243    -0.2592  28.065798     8.1029     7.9673     1.5690    88.7836 4.0241e+00  -64.08142  -63.77201 327.588001      99.97 4.1604e+02    522.275      12536  1027.4678  1027.4655    33.9804    33.9776    8.12270         42 0.0000e+00
     37.000     36.636    -0.2580  28.070076    -0.2575  28.068356     8.0917     7.9693     1.6736    88.8383 3.7281e+00  -64.08142  -63.77201 327.588066      99.96 4.1604e+02    527.922      12671  1027.4733  1027.4709    33.9814    33.9785    8.12223         28 0.0000e+00
     38.000     37.627    -0.2564  28.072659    -0.2556  28.071157     8.0891     7.9710     1.5052    88.8923 3.4109e+00  -64.08142  -63.77200 327.588127      99.97 4.1604e+02    533.183      12797  1027.4788  1027.4764    33.9824    33.9795    8.12183         42 0.0000e+00
     39.000     38.617    -0.2545  28.075965    -0.2539  28.074420     8.0960     7.9557     1.7071    88.9262 3.0195e+00  -64.08142  -63.77201 327.588192      99.97 4.1654e+02    538.748      12931  1027.4848  1027.4825    33.9841    33.9813    8.12133         22 0.0000e+00
     40.000     39.605    -0.2546  28.082011    -0.2539  28.080445     8.0468     7.9282     1.6195    89.0118 2.7645e+00  -64.08142  -63.77200 327.588254      99.97 4.1621e+02    544.133      13060  1027.4957  1027.4934    33.9916    33.9887    8.12091         37 0.0000e+00
     41.000     40.596    -0.2590  28.085083    -0.2591  28.084241     7.9844     7.8817     1.5388    89.5534 2.4395e+00  -64.08142  -63.77200 327.588329      99.97 4.1709e+02    550.641      13216  1027.5077  1027.5069    34.0001    33.9991    8.12138         22 0.0000e+00
     42.000     41.587    -0.2664  28.089539    -0.2658  28.088120     7.9532     7.8412     1.5215    90.2254 2.3465e+00  -64.08142  -63.77200 327.588379      99.97 4.1763e+02    554.939      13320  1027.5239  1027.5218    34.0137    34.0111    8.12218         31 0.0000e+00
     43.000     42.576    -0.2690  28.093869    -0.2684  28.092267     7.8825     7.7866     1.3761    90.5574 2.1221e+00  -64.08142  -63.77199 327.588453      99.97 4.1780e+02    561.331      13473  1027.5352  1027.5330    34.0217    34.0190    8.12227         37 0.0000e+00
     44.000     43.568    -0.2759  28.106946    -0.2754  28.105806     7.7756     7.7246     1.2825    90.9848 1.9381e+00  -64.08142  -63.77199 327.588501      99.97 4.1780e+02    565.521      13573  1027.5603  1027.5586    34.0463    34.0442    8.12233         41 0.0000e+00
     45.000     44.559    -0.2779  28.113213    -0.2765  28.110256     7.7901     7.6793     1.2280    92.4790 1.7793e+00  -64.08144  -63.77198 327.588590      99.97 4.1644e+02    573.211      13758  1027.5732  1027.5686    34.0563    34.0508    8.12219         35 0.0000e+00
     46.000     45.547    -0.2785  28.118762    -0.2777  28.117546     7.7754     7.6622     1.0764    92.6400 1.6551e+00  -64.08144  -63.77199 327.588633      99.97 4.1606e+02    576.874      13846  1027.5840  1027.5819    34.0638    34.0613    8.12189         43 0.0000e+00
     47.000     46.537    -0.2775  28.121278    -0.2767  28.119797     7.7363     7.6414     0.9637    92.8283 1.5104e+00  -64.08144  -63.77198 327.588710      99.97 4.1604e+02    583.547      14006  1027.5900  1027.5876    34.0654    34.0626    8.12159         45 0.0000e+00
     48.000     47.528    -0.2791  28.128371    -0.2789  28.127597     7.7333     7.6146     0.9979    93.0023 1.3824e+00  -64.08144  -63.77198 327.588769      99.97 4.1483e+02    588.663      14129  1027.6034  1027.6024    34.0761    34.0748    8.12132         41 0.0000e+00
     49.000     48.517    -0.2822  28.131843    -0.2817  28.130312     7.6790     7.5790     1.0528    93.3139 1.2805e+00  -64.08145  -63.77198 327.588837      99.97 4.1431e+02    594.552      14270  1027.6144  1027.6123    34.0836    34.0810    8.12155         22 0.0000e+00
     50.000     49.506    -0.2835  28.134603    -0.2829  28.132928     7.6343     7.5304     0.9968    93.5615 1.1691e+00  -64.08146  -63.77198 327.588909      99.97 4.1328e+02    600.718      14418  1027.6229  1027.6206    34.0881    34.0852    8.12156         27 0.0000e+00
     51.000     50.497    -0.2782  28.149432    -0.2778  28.147660     7.5226     7.4660     0.8377    93.7557 1.0920e+00  -64.08146  -63.77198 327.588956      99.97 4.1254e+02    604.833      14517  1027.6380  1027.6357    34.1014    34.0986    8.11969         46 0.0000e+00
     52.000     51.489    -0.2686  28.168061    -0.2682  28.166406     7.4937     7.4027     0.8503    94.0196 9.8909e-01  -64.08146  -63.77198 327.589023      99.97 4.1102e+02    610.609      14656  1027.6531  1027.6509    34.1150    34.1123    8.11687         42 0.0000e+00
     53.000     52.479    -0.2660  28.173526    -0.2654  28.172202     7.4894     7.3778     0.7262    94.3554 9.2841e-01  -64.08146  -63.77198 327.589061      99.97 4.1076e+02    613.876      14734  1027.6608  1027.6588    34.1187    34.1162    8.11610         42 0.0000e+00
     54.000     53.467    -0.2655  28.175410    -0.2648  28.173834     7.4628     7.3676     0.6873    94.5526 8.7326e-01  -64.08146  -63.77198 327.589090      99.97 4.1044e+02    616.409      14795  1027.6667  1027.6644    34.1200    34.1172    8.11591         41 0.0000e+00
     55.000     54.456    -0.2620  28.183760    -0.2617  28.181881     7.4030     7.3151     0.7306    94.8071 8.0686e-01  -64.08146  -63.77198 327.589138      99.97 4.0904e+02    620.539      14894  1027.6766  1027.6743    34.1266    34.1238    8.11479         46 0.0000e+00
     56.000     55.447    -0.2572  28.192890    -0.2567  28.191344     7.3844     7.2856     0.5948    94.9363 7.4932e-01  -64.08146  -63.77196 327.589163      99.97 4.0899e+02    622.696      14946  1027.6861  1027.6840    34.1328    34.1302    8.11341         46 0.0000e+00
     57.000     56.438    -0.2539  28.202047    -0.2539  28.199357     7.3472     7.2499     0.6148    95.1090 6.9919e-01  -64.08146  -63.77198 327.589205      99.97 4.0854e+02    626.321      15033  1027.6971  1027.6942    34.1407    34.1371    8.11226         33 0.0000e+00
     58.000     57.427    -0.2512  28.209374    -0.2508  28.207898     7.3557     7.2275     0.5649    95.2372 6.5732e-01  -64.08146  -63.77198 327.589236      99.97 4.0717e+02    628.949      15096  1027.7067  1027.7047    34.1469    34.1444    8.11134         42 0.0000e+00
     59.000     58.417    -0.2478  28.214797    -0.2474  28.213269     7.3159     7.2120     0.6102    95.4338 6.0112e-01  -64.08146  -63.77198 327.589279      99.97 4.0723e+02    632.704      15186  1027.7137  1027.7116    34.1498    34.1473    8.11046         42 0.0000e+00
     60.000     59.407    -0.2427  28.223184    -0.2426  28.221245     7.3067     7.1962     0.4955    95.4942 5.5809e-01  -64.08146  -63.77196 327.589303      99.97 4.0590e+02    634.745      15235  1027.7220  1027.7198    34.1546    34.1519    8.10909         42 0.0000e+00
     61.000     60.397    -0.2414  28.226031    -0.2411  28.224145     7.3007     7.1904     0.5512    95.5797 5.3089e-01  -64.08148  -63.77197 327.589329      99.98 4.0546e+02    637.042      15290  1027.7282  1027.7259    34.1563    34.1535    8.10872         36 0.0000e+00
