NBP2113_155081_ctd/data/dnbp2113_005.cnv
* Sea-Bird SBE 9 Data File:
* FileName = D:\Data\raw\NBP2113_005.hex
* Software Version Seasave V 7.26.7.121
* Temperature SN = 2438
* Conductivity SN = 2067
* Number of Bytes Per Scan = 40
* Number of Voltage Words = 5
* Number of Scans Averaged by the Deck Unit = 1
* NMEA Latitude = 64 04.86 S
* NMEA Longitude = 063 46.34 W
* NMEA UTC (Time) = Nov 23 2021  13:58:01
* NMEA baud rate = 9600
** Ship: RVIB N.B. Palmer
** Cruise: NBP2113 LTER
** Station: 692.080
** Operator: B. Urmston
# nquan = 25
# nvalues = 517                         
# units = specified
# name 0 = prDM: Pressure, Digiquartz [db]
# name 1 = depSM: Depth [salt water, m]
# name 2 = t090C: Temperature [ITS-90, deg C]
# name 3 = c0mS/cm: Conductivity [mS/cm]
# name 4 = t190C: Temperature, 2 [ITS-90, deg C]
# name 5 = c1mS/cm: Conductivity, 2 [mS/cm]
# name 6 = sbeox0ML/L: Oxygen, SBE 43 [ml/l]
# name 7 = sbeox1ML/L: Oxygen, SBE 43, 2 [ml/l]
# name 8 = flECO-AFL: Fluorescence, WET Labs ECO-AFL/FL [mg/m^3]
# name 9 = CStarTr0: Beam Transmission, WET Labs C-Star [%]
# name 10 = par: PAR/Irradiance, Biospherical/Licor
# name 11 = latitude: Latitude [deg]
# name 12 = longitude: Longitude [deg]
# name 13 = timeJ: Julian Days
# name 14 = altM: Altimeter [m]
# name 15 = spar: SPAR, Biospherical/Licor
# name 16 = timeS: Time, Elapsed [seconds]
# name 17 = scan: Scan Count
# name 18 = density00: Density [density, kg/m^3]
# name 19 = density11: Density, 2 [density, kg/m^3]
# name 20 = sal00: Salinity, Practical [PSU]
# name 21 = sal11: Salinity, Practical, 2 [PSU]
# name 22 = oxsolML/L: Oxygen Saturation, Garcia & Gordon [ml/l]
# name 23 = nbin: number of scans per bin
# name 24 = flag: flag
# span 0 =      5.000,    521.000       
# span 1 =      4.951,    515.278       
# span 2 =    -0.2835,     1.5253       
# span 3 =  28.038852,  30.367240       
# span 4 =    -0.2829,     1.5253       
# span 5 =  28.037343,  30.366045       
# span 6 =     4.1824,     8.1652       
# span 7 =     4.1711,     8.0379       
# span 8 =    -0.0217,     1.8137       
# span 9 =    87.1227,    98.9778       
# span 10 = 1.0000e-12, 1.7793e+02      
# span 11 =  -64.08163,  -64.08136      
# span 12 =  -63.77211,  -63.77180      
# span 13 = 327.585846, 327.599882      
# span 14 =       7.80,      99.99      
# span 15 = 3.4903e+02, 4.7064e+02      
# span 16 =    336.088,   1548.806      
# span 17 =       8067,      37172      
# span 18 =  1027.2349,  1030.2230      
# span 19 =  1027.2323,  1030.2217      
# span 20 =    33.8799,    34.7106      
# span 21 =    33.8767,    34.7092      
# span 22 =    7.71803,    8.12410      
# span 23 =          9,         51      
# span 24 = 0.0000e+00, 0.0000e+00      
# interval = decibars: 1                
# start_time = Nov 23 2021 13:58:01 [NMEA time, header]
# bad_flag = -9.990e-29
*END*
[from data line 290]
    295.000    291.918     1.3696  30.088099     1.3697  30.086938     4.3379     4.3053    -0.0081    98.7800 1.0000e-12  -64.08154  -63.77190 327.593357      99.99 4.2485e+02    985.052      23642  1029.1311  1029.1298    34.6531    34.6515    7.75135         29 0.0000e+00
    296.000    292.909     1.3747  30.094005     1.3748  30.092947     4.3334     4.3008    -0.0150    98.7755 1.0000e-12  -64.08154  -63.77190 327.593369      99.98 4.2485e+02    986.042      23666  1029.1363  1029.1351    34.6543    34.6529    7.75026         21 0.0000e+00
    297.000    293.895     1.3761  30.096737     1.3758  30.095115     4.3248     4.2962    -0.0019    98.7795 1.0000e-12  -64.08154  -63.77190 327.593379      99.98 4.2485e+02    986.947      23688  1029.1420  1029.1407    34.6557    34.6540    7.74991         22 0.0000e+00
    298.000    294.886     1.3829  30.104575     1.3827  30.102924     4.3139     4.2892    -0.0054    98.7750 1.0000e-12  -64.08154  -63.77190 327.593390      99.98 4.2485e+02    987.914      23711  1029.1475  1029.1462    34.6576    34.6558    7.74847         25 0.0000e+00
    299.000    295.876     1.3894  30.111592     1.3891  30.110051     4.3141     4.2822    -0.0028    98.8109 1.0000e-12  -64.08154  -63.77190 327.593402      99.98 4.2485e+02    988.952      23736  1029.1526  1029.1513    34.6588    34.6571    7.74713         25 0.0000e+00
    300.000    296.863     1.3953  30.118036     1.3953  30.116770     4.3094     4.2789    -0.0050    98.8178 1.0000e-12  -64.08154  -63.77190 327.593415      99.98 4.2485e+02    990.043      23762  1029.1577  1029.1563    34.6599    34.6583    7.74591         27 0.0000e+00
    301.000    297.852     1.3992  30.122201     1.3985  30.120226     4.3129     4.2760    -0.0127    98.8103 1.0000e-12  -64.08154  -63.77190 327.593428      99.98 4.2472e+02    991.215      23790  1029.1624  1029.1611    34.6604    34.6587    7.74512         30 0.0000e+00
    302.000    298.841     1.4031  30.126468     1.4023  30.124750     4.2884     4.2676    -0.0087    98.7867 1.0000e-12  -64.08154  -63.77192 327.593444      99.98 4.2308e+02    992.590      23823  1029.1673  1029.1663    34.6609    34.6596    7.74433         35 0.0000e+00
    303.000    299.829     1.4129  30.137068     1.4116  30.134810     4.2766     4.2544    -0.0053    98.8216 1.0000e-12  -64.08154  -63.77191 327.593461      99.98 4.2309e+02    994.051      23858  1029.1727  1029.1716    34.6630    34.6615    7.74228         34 0.0000e+00
    304.000    300.818     1.4186  30.143236     1.4178  30.141318     4.2821     4.2581    -0.0072    98.7980 1.0000e-12  -64.08154  -63.77190 327.593476      99.98 4.2309e+02    995.321      23889  1029.1778  1029.1766    34.6640    34.6624    7.74111         28 0.0000e+00
    305.000    301.808     1.4186  30.143825     1.4186  30.142653     4.2920     4.2579    -0.0117    98.8197 1.0000e-12  -64.08154  -63.77190 327.593488      99.98 4.2309e+02    996.397      23915  1029.1827  1029.1815    34.6642    34.6627    7.74110         24 0.0000e+00
    306.000    302.796     1.4197  30.145418     1.4189  30.143370     4.2855     4.2576    -0.0076    98.8316 1.0000e-12  -64.08154  -63.77190 327.593500      99.98 4.2309e+02    997.411      23939  1029.1875  1029.1863    34.6644    34.6627    7.74087         24 0.0000e+00
    307.000    303.785     1.4244  30.150774     1.4239  30.149088     4.2840     4.2575    -0.0074    98.8304 1.0000e-12  -64.08154  -63.77192 327.593512      99.98 4.2309e+02    998.478      23964  1029.1926  1029.1914    34.6654    34.6638    7.73988         28 0.0000e+00
    308.000    304.774     1.4252  30.151959     1.4252  30.150759     4.2857     4.2573    -0.0108    98.8076 1.0000e-12  -64.08154  -63.77192 327.593526      99.98 4.2239e+02    999.638      23992  1029.1974  1029.1962    34.6655    34.6640    7.73973         28 0.0000e+00
    309.000    305.762     1.4256  30.153071     1.4254  30.151664     4.2909     4.2573    -0.0118    98.8622 1.0000e-12  -64.08154  -63.77192 327.593539      99.98 4.2132e+02   1000.804      24020  1029.2025  1029.2012    34.6659    34.6644    7.73963         27 0.0000e+00
    310.000    306.752     1.4226  30.151462     1.4226  30.150195     4.2932     4.2616    -0.0115    98.8768 1.0000e-12  -64.08154  -63.77192 327.593553      99.98 4.2133e+02   1001.960      24048  1029.2081  1029.2067    34.6666    34.6649    7.74018         29 0.0000e+00
    311.000    307.740     1.4214  30.151045     1.4212  30.149731     4.3052     4.2630    -0.0150    98.8771 1.0000e-12  -64.08154  -63.77192 327.593568      99.98 4.2133e+02   1003.235      24079  1029.2132  1029.2120    34.6669    34.6654    7.74041         32 0.0000e+00
    312.000    308.729     1.4177  30.148657     1.4176  30.147254     4.2963     4.2639    -0.0146    98.8854 1.0000e-12  -64.08154  -63.77192 327.593584      99.98 4.1954e+02   1004.629      24112  1029.2186  1029.2173    34.6672    34.6656    7.74110         34 0.0000e+00
    313.000    309.717     1.4170  30.148536     1.4168  30.147216     4.3020     4.2637    -0.0066    98.8865 1.0000e-12  -64.08154  -63.77192 327.593598      99.98 4.1957e+02   1005.905      24143  1029.2235  1029.2223    34.6673    34.6658    7.74125         28 0.0000e+00
    314.000    310.706     1.4166  30.148928     1.4165  30.147782     4.2973     4.2646    -0.0004    98.8434 1.0000e-12  -64.08154  -63.77192 327.593611      99.98 4.1957e+02   1006.962      24168  1029.2285  1029.2274    34.6677    34.6663    7.74131         23 0.0000e+00
    315.000    311.695     1.4184  30.151963     1.4184  30.150722     4.2995     4.2639    -0.0077    98.8535 1.0000e-12  -64.08154  -63.77192 327.593622      99.98 4.1934e+02   1007.910      24191  1029.2340  1029.2327    34.6690    34.6674    7.74088         23 0.0000e+00
    316.000    312.684     1.4210  30.155205     1.4208  30.153764     4.2984     4.2647    -0.0140    98.8704 1.0000e-12  -64.08154  -63.77192 327.593633      99.98 4.1783e+02   1008.894      24214  1029.2390  1029.2377    34.6696    34.6680    7.74033         25 0.0000e+00
    317.000    313.672     1.4210  30.155809     1.4210  30.154490     4.2892     4.2628    -0.0088    98.8543 1.0000e-12  -64.08154  -63.77192 327.593646      99.98 4.1780e+02   1010.040      24242  1029.2439  1029.2426    34.6698    34.6682    7.74032         30 0.0000e+00
    318.000    314.661     1.4227  30.158319     1.4232  30.157660     4.2891     4.2581    -0.0144    98.8370 1.0000e-12  -64.08154  -63.77192 327.593661      99.98 4.1780e+02   1011.279      24272  1029.2490  1029.2478    34.6705    34.6692    7.73994         29 0.0000e+00
    319.000    315.651     1.4265  30.162714     1.4266  30.161610     4.2830     4.2537    -0.0069    98.8321 1.0000e-12  -64.08154  -63.77192 327.593674      99.98 4.1618e+02   1012.449      24300  1029.2540  1029.2528    34.6714    34.6699    7.73915         27 0.0000e+00
    320.000    316.639     1.4285  30.165161     1.4284  30.163890     4.2857     4.2585    -0.0012    98.8267 1.0000e-12  -64.08154  -63.77194 327.593687      99.98 4.1604e+02   1013.594      24327  1029.2588  1029.2575    34.6718    34.6702    7.73875         28 0.0000e+00
    321.000    317.628     1.4311  30.168152     1.4310  30.166945     4.2740     4.2524    -0.0047    98.8090 1.0000e-12  -64.08154  -63.77194 327.593702      99.98 4.1604e+02   1014.881      24358  1029.2635  1029.2624    34.6721    34.6707    7.73822         34 0.0000e+00
    322.000    318.616     1.4361  30.173820     1.4363  30.172900     4.2648     4.2427    -0.0095    98.7989 1.0000e-12  -64.08154  -63.77192 327.593719      99.98 4.1452e+02   1016.356      24394  1029.2686  1029.2675    34.6732    34.6719    7.73717         36 0.0000e+00
    323.000    319.605     1.4435  30.181547     1.4437  30.180676     4.2578     4.2338    -0.0017    98.7868 1.0000e-12  -64.08154  -63.77192 327.593736      99.98 4.1428e+02   1017.751      24427  1029.2734  1029.2724    34.6743    34.6730    7.73566         30 0.0000e+00
    324.000    320.593     1.4458  30.184293     1.4459  30.183253     4.2625     4.2338    -0.0068    98.8081 1.0000e-12  -64.08154  -63.77192 327.593749      99.98 4.1428e+02   1018.881      24454  1029.2782  1029.2771    34.6747    34.6733    7.73519         25 0.0000e+00
    325.000    321.583     1.4465  30.185538     1.4462  30.184058     4.2495     4.2268    -0.0007    98.7902 1.0000e-12  -64.08154  -63.77192 327.593760      99.98 4.1284e+02   1019.836      24477  1029.2831  1029.2819    34.6749    34.6733    7.73503         21 0.0000e+00
    326.000    322.570     1.4477  30.187213     1.4482  30.186583     4.2413     4.2222    -0.0106    98.8051 1.0000e-12  -64.08154  -63.77192 327.593770      99.98 4.1251e+02   1020.720      24498  1029.2879  1029.2868    34.6751    34.6738    7.73479         21 0.0000e+00
    327.000    323.560     1.4565  30.196758     1.4543  30.193267     4.2234     4.2119    -0.0081    98.8121 1.0000e-12  -64.08154  -63.77193 327.593780      99.98 4.1251e+02   1021.611      24520  1029.2932  1029.2918    34.6770    34.6750    7.73297         23 0.0000e+00
    328.000    324.548     1.4697  30.210356     1.4689  30.208454     4.2196     4.2065    -0.0004    98.8254 1.0000e-12  -64.08154  -63.77194 327.593792      99.98 4.1251e+02   1022.606      24544  1029.2984  1029.2972    34.6792    34.6777    7.73027         26 0.0000e+00
    329.000    325.538     1.4768  30.218048     1.4773  30.217228     4.2242     4.2082    -0.0038    98.8262 1.0000e-12  -64.08154  -63.77194 327.593806      99.98 4.1119e+02   1023.873      24574  1029.3035  1029.3022    34.6806    34.6790    7.72880         34 0.0000e+00
    330.000    326.526     1.4795  30.221318     1.4793  30.219964     4.2313     4.2098    -0.0110    98.8419 1.0000e-12  -64.08154  -63.77194 327.593827      99.99 4.1076e+02   1025.621      24616  1029.3086  1029.3074    34.6812    34.6797    7.72824         39 0.0000e+00
    331.000    327.514     1.4816  30.224296     1.4811  30.222510     4.2346     4.2057    -0.0075    98.9086 1.0000e-12  -64.08154  -63.77192 327.593847      99.98 4.0941e+02   1027.384      24658  1029.3139  1029.3126    34.6820    34.6803    7.72777         34 0.0000e+00
    332.000    328.503     1.4810  30.224124     1.4798  30.221883     4.2354     4.2097    -0.0077    98.8926 1.0000e-12  -64.08154  -63.77192 327.593863      99.99 4.0897e+02   1028.739      24691  1029.3186  1029.3176    34.6819    34.6804    7.72789         26 0.0000e+00
    333.000    329.492     1.4783  30.222183     1.4784  30.221155     4.2428     4.2128    -0.0073    98.8883 1.0000e-12  -64.08154  -63.77192 327.593873      99.99 4.0899e+02   1029.648      24713  1029.3237  1029.3225    34.6819    34.6804    7.72844         20 0.0000e+00
    334.000    330.480     1.4758  30.220317     1.4753  30.218649     4.2521     4.2123    -0.0077    98.9127 1.0000e-12  -64.08154  -63.77192 327.593883      99.98 4.0899e+02   1030.476      24732  1029.3285  1029.3273    34.6817    34.6801    7.72893         20 0.0000e+00
    335.000    331.470     1.4732  30.218433     1.4730  30.217013     4.2367     4.2145    -0.0103    98.9334 1.0000e-12  -64.08154  -63.77194 327.593894      99.98 4.0802e+02   1031.404      24755  1029.3334  1029.3322    34.6815    34.6800    7.72944         25 0.0000e+00
    336.000    332.458     1.4735  30.219170     1.4735  30.217845     4.2430     4.2154    -0.0062    98.9308 1.0000e-12  -64.08154  -63.77194 327.593911      99.98 4.0723e+02   1032.902      24791  1029.3381  1029.3367    34.6816    34.6799    7.72938         43 0.0000e+00
    337.000    333.446     1.4745  30.220342     1.4742  30.218881     4.2407     4.2148    -0.0123    98.9168 1.0000e-12  -64.08154  -63.77193 327.593932      99.98 4.0660e+02   1034.715      24834  1029.3426  1029.3414    34.6814    34.6799    7.72920         32 0.0000e+00
    338.000    334.434     1.4748  30.221289     1.4747  30.220040     4.2420     4.2181    -0.0097    98.9077 1.0000e-12  -64.08154  -63.77192 327.593944      99.98 4.0542e+02   1035.785      24860  1029.3475  1029.3463    34.6817    34.6802    7.72912         21 0.0000e+00
    339.000    335.425     1.4749  30.222153     1.4750  30.220990     4.2535     4.2176    -0.0150    98.8925 1.0000e-12  -64.08154  -63.77192 327.593953      99.98 4.0546e+02   1036.566      24879  1029.3525  1029.3513    34.6821    34.6806    7.72908         18 0.0000e+00
    340.000    336.412     1.4748  30.222504     1.4746  30.221155     4.2490     4.2165    -0.0078    98.9091 1.0000e-12  -64.08154  -63.77192 327.593963      99.98 4.0546e+02   1037.366      24898  1029.3573  1029.3561    34.6821    34.6806    7.72911         21 0.0000e+00
    341.000    337.401     1.4728  30.221380     1.4727  30.219999     4.2492     4.2178    -0.0075    98.8893 1.0000e-12  -64.08154  -63.77194 327.593977      99.98 4.0512e+02   1038.605      24928  1029.3623  1029.3611    34.6823    34.6807    7.72948         39 0.0000e+00
    342.000    338.389     1.4722  30.221346     1.4723  30.220149     4.2520     4.2162    -0.0135    98.8883 1.0000e-12  -64.08154  -63.77193 327.594003      99.98 4.0371e+02   1040.854      24981  1029.3671  1029.3658    34.6823    34.6807    7.72960         35 0.0000e+00
    343.000    339.378     1.4709  30.220574     1.4708  30.219254     4.2526     4.2155    -0.0150    98.8711 1.0000e-12  -64.08152  -63.77192 327.594020      99.98 4.0335e+02   1042.305      25016  1029.3719  1029.3706    34.6822    34.6806    7.72986         26 0.0000e+00
    344.000    340.367     1.4707  30.221019     1.4705  30.219767     4.2553     4.2127    -0.0146    98.8366 1.0000e-12  -64.08152  -63.77192 327.594030      99.98 4.0193e+02   1043.215      25038  1029.3768  1029.3756    34.6824    34.6810    7.72989         19 0.0000e+00
    345.000    341.355     1.4685  30.219537     1.4692  30.218963     4.2449     4.2128    -0.0077    98.8463 1.0000e-12  -64.08152  -63.77192 327.594039      99.98 4.0194e+02   1043.998      25057  1029.3817  1029.3804    34.6824    34.6809    7.73033         19 0.0000e+00
    346.000    342.345     1.4678  30.219645     1.4675  30.218177     4.2382     4.2163    -0.0121    98.8370 1.0000e-12  -64.08152  -63.77192 327.594049      99.98 4.0194e+02   1044.818      25077  1029.3866  1029.3854    34.6827    34.6812    7.73044         21 0.0000e+00
    347.000    343.332     1.4711  30.223775     1.4705  30.221920     4.2355     4.2197    -0.0147    98.8496 1.0000e-12  -64.08152  -63.77192 327.594060      99.98 4.0194e+02   1045.786      25100  1029.3918  1029.3905    34.6838    34.6821    7.72975         25 0.0000e+00
    348.000    344.322     1.4741  30.227636     1.4742  30.226434     4.2432     4.2206    -0.0056    98.8372 1.0000e-12  -64.08152  -63.77192 327.594074      99.98 4.0194e+02   1046.983      25129  1029.3969  1029.3956    34.6848    34.6831    7.72909         34 0.0000e+00
    349.000    345.310     1.4748  30.228824     1.4750  30.227640     4.2436     4.2211    -0.0084    98.8368 1.0000e-12  -64.08152  -63.77192 327.594093      99.98 4.0150e+02   1048.609      25168  1029.4017  1029.4004    34.6849    34.6833    7.72895         40 0.0000e+00
    350.000    346.299     1.4756  30.229949     1.4756  30.228717     4.2439     4.2169    -0.0144    98.8349 1.0000e-12  -64.08152  -63.77192 327.594115      99.98 4.0015e+02   1050.512      25213  1029.4064  1029.4051    34.6850    34.6834    7.72880         41 0.0000e+00
    351.000    347.287     1.4769  30.231830     1.4767  30.230390     4.2433     4.2173    -0.0028    98.8225 1.0000e-12  -64.08152  -63.77192 327.594133      99.98 4.0017e+02   1052.049      25250  1029.4113  1029.4099    34.6853    34.6837    7.72853         30 0.0000e+00
