NBP2113_155081_ctd/data/dnbp2113_049.cnv
* Sea-Bird SBE 9 Data File:
* FileName = D:\Data\raw\NBP2113_049.hex
* Software Version Seasave V 7.26.7.121
* Temperature SN = 2438
* Conductivity SN = 2067
* Number of Bytes Per Scan = 40
* Number of Voltage Words = 5
* Number of Scans Averaged by the Deck Unit = 1
* NMEA Latitude = 64 50.72 S
* NMEA Longitude = 064 06.15 W
* NMEA UTC (Time) = Dec 11 2021  08:50:11
* NMEA baud rate = 9600
** Ship: RVIB N.B. Palmer
** Cruise: NBP2113 LTER
** Station: 617.036
** Operator: B. Urmston
# nquan = 25
# nvalues = 629                         
# units = specified
# name 0 = prDM: Pressure, Digiquartz [db]
# name 1 = depSM: Depth [salt water, m]
# name 2 = t090C: Temperature [ITS-90, deg C]
# name 3 = c0mS/cm: Conductivity [mS/cm]
# name 4 = t190C: Temperature, 2 [ITS-90, deg C]
# name 5 = c1mS/cm: Conductivity, 2 [mS/cm]
# name 6 = sbeox0ML/L: Oxygen, SBE 43 [ml/l]
# name 7 = sbeox1ML/L: Oxygen, SBE 43, 2 [ml/l]
# name 8 = flECO-AFL: Fluorescence, WET Labs ECO-AFL/FL [mg/m^3]
# name 9 = CStarTr0: Beam Transmission, WET Labs C-Star [%]
# name 10 = par: PAR/Irradiance, Biospherical/Licor
# name 11 = latitude: Latitude [deg]
# name 12 = longitude: Longitude [deg]
# name 13 = timeJ: Julian Days
# name 14 = altM: Altimeter [m]
# name 15 = spar: SPAR, Biospherical/Licor
# name 16 = timeS: Time, Elapsed [seconds]
# name 17 = scan: Scan Count
# name 18 = density00: Density [density, kg/m^3]
# name 19 = density11: Density, 2 [density, kg/m^3]
# name 20 = sal00: Salinity, Practical [PSU]
# name 21 = sal11: Salinity, Practical, 2 [PSU]
# name 22 = oxsolML/L: Oxygen Saturation, Garcia & Gordon [ml/l]
# name 23 = nbin: number of scans per bin
# name 24 = flag: flag
# span 0 =      5.000,    633.000       
# span 1 =      4.945,    625.849       
# span 2 =    -0.2465,     1.4170       
# span 3 =  28.059718,  30.279825       
# span 4 =    -0.2471,     1.4158       
# span 5 =  28.057637,  30.277188       
# span 6 =     4.1527,     7.9991       
# span 7 =     4.2004,     7.9845       
# span 8 =    -0.0226,     1.4585       
# span 9 =    86.6742,    91.3490       
# span 10 = -1.261e-06, 1.7366e+01      
# span 11 =  -64.84556,  -64.84524      
# span 12 =  -64.10277,  -64.10222      
# span 13 = 345.371415, 345.382423      
# span 14 =       8.24,     101.20      
# span 15 = 4.9361e+01, 6.8752e+01      
# span 16 =    279.222,   1230.368      
# span 17 =       6702,      29530      
# span 18 =  1027.2621,  1030.7179      
# span 19 =  1027.2590,  1030.7166      
# span 20 =    33.9089,    34.6669      
# span 21 =    33.9057,    34.6655      
# span 22 =    7.74127,    8.12092      
# span 23 =         14,         46      
# span 24 = 0.0000e+00, 0.0000e+00      
# interval = decibars: 1                
# start_time = Dec 11 2021 08:50:11 [NMEA time, header]
# bad_flag = -9.990e-29
*END*
[from data line 522]
    527.000    521.176     1.4022  30.229036     1.4019  30.227759     4.1745     4.2245    -0.0121    91.2816 1.0000e-12  -64.84556  -64.10276 345.380535      99.97 6.5227e+01   1067.257      25615  1030.2240  1030.2230    34.6635    34.6622    7.74435         27 0.0000e+00
    528.000    522.164     1.4025  30.229675     1.4022  30.228356     4.1747     4.2220     0.0047    91.2802 1.0000e-12  -64.84556  -64.10276 345.380549      99.97 6.5227e+01   1068.430      25643  1030.2287  1030.2276    34.6635    34.6621    7.74431         30 0.0000e+00
    529.000    523.152     1.4023  30.230032     1.4020  30.228570     4.1757     4.2177    -0.0035    91.2672 1.0000e-12  -64.84556  -64.10276 345.380563      99.97 6.5227e+01   1069.677      25673  1030.2334  1030.2322    34.6635    34.6621    7.74433         29 0.0000e+00
    530.000    524.139     1.4023  30.230418     1.4019  30.229025     4.1700     4.2204    -0.0069    91.2324 1.0000e-12  -64.84556  -64.10275 345.380577      99.97 6.5227e+01   1070.824      25701  1030.2380  1030.2370    34.6634    34.6622    7.74434         26 0.0000e+00
    531.000    525.127     1.4023  30.230922     1.4020  30.229552     4.1755     4.2248     0.0015    91.2615 1.0000e-12  -64.84556  -64.10275 345.380588      99.97 6.5227e+01   1071.804      25724  1030.2428  1030.2417    34.6635    34.6622    7.74433         22 0.0000e+00
    532.000    526.115     1.4027  30.231741     1.4023  30.230311     4.1792     4.2257     0.0091    91.2792 1.0000e-12  -64.84556  -64.10275 345.380598      99.97 6.5227e+01   1072.685      25745  1030.2474  1030.2463    34.6636    34.6622    7.74426         20 0.0000e+00
    533.000    527.102     1.4029  30.232391     1.4023  30.230789     4.1723     4.2255     0.0074    91.2303 1.0000e-12  -64.84556  -64.10274 345.380608      39.02 6.5227e+01   1073.493      25765  1030.2521  1030.2510    34.6636    34.6623    7.74422         19 0.0000e+00
    534.000    528.089     1.4026  30.232613     1.4022  30.231197     4.1693     4.2250    -0.0068    91.2679 1.0000e-12  -64.84556  -64.10276 345.380618      97.54 6.5227e+01   1074.380      25786  1030.2568  1030.2557    34.6636    34.6623    7.74427         25 0.0000e+00
    535.000    529.079     1.4024  30.232806     1.4022  30.231416     4.1791     4.2251    -0.0118    91.2785 1.0000e-12  -64.84556  -64.10277 345.380634      99.97 6.5227e+01   1075.761      25819  1030.2615  1030.2602    34.6636    34.6621    7.74431         34 0.0000e+00
    536.000    530.065     1.4031  30.233913     1.4029  30.232617     4.1740     4.2236    -0.0142    91.2263 1.0000e-12  -64.84556  -64.10277 345.380659      99.97 6.5227e+01   1077.925      25871  1030.2661  1030.2650    34.6636    34.6622    7.74418         42 0.0000e+00
    537.000    531.052     1.4043  30.235603     1.4039  30.234205     4.1734     4.2256    -0.0083    91.2438 1.0000e-12  -64.84556  -64.10276 345.380676      54.63 6.5227e+01   1079.432      25907  1030.2708  1030.2698    34.6639    34.6625    7.74392         28 0.0000e+00
    538.000    532.040     1.4044  30.236164     1.4039  30.234793     4.1709     4.2210    -0.0123    91.2899 1.0000e-12  -64.84556  -64.10276 345.380689      87.89 6.5227e+01   1080.502      25933  1030.2755  1030.2746    34.6639    34.6627    7.74390         24 0.0000e+00
    539.000    533.028     1.4043  30.236606     1.4039  30.235176     4.1720     4.2207    -0.0189    91.2843 1.0000e-12  -64.84556  -64.10276 345.380700      62.27 6.5227e+01   1081.466      25956  1030.2802  1030.2793    34.6640    34.6627    7.74391         23 0.0000e+00
    540.000    534.015     1.4042  30.236917     1.4038  30.235394     4.1678     4.2293    -0.0181    91.2803 1.0000e-12  -64.84556  -64.10276 345.380711     100.41 6.5227e+01   1082.449      25980  1030.2849  1030.2838    34.6640    34.6625    7.74394         24 0.0000e+00
    541.000    535.004     1.4041  30.237137     1.4037  30.235828     4.1708     4.2245    -0.0144    91.2663 1.0000e-12  -64.84556  -64.10276 345.380723      99.97 6.5227e+01   1083.489      26005  1030.2895  1030.2885    34.6638    34.6625    7.74397         26 0.0000e+00
    542.000    535.990     1.4039  30.237326     1.4035  30.236048     4.1769     4.2252    -0.0070    91.2589 1.0000e-12  -64.84556  -64.10276 345.380736      74.22 6.5356e+01   1084.573      26031  1030.2941  1030.2932    34.6637    34.6625    7.74402         27 0.0000e+00
    543.000    536.979     1.4036  30.237421     1.4032  30.236005     4.1718     4.2250    -0.0061    91.2683 1.0000e-12  -64.84556  -64.10276 345.380749      82.94 6.6240e+01   1085.737      26059  1030.2988  1030.2977    34.6636    34.6623    7.74409         28 0.0000e+00
    544.000    537.966     1.4035  30.237849     1.4032  30.236462     4.1714     4.2260    -0.0141    91.2743 1.0000e-12  -64.84556  -64.10276 345.380765      99.12 6.6970e+01   1087.104      26092  1030.3035  1030.3024    34.6637    34.6623    7.74410         32 0.0000e+00
    545.000    538.954     1.4038  30.238569     1.4035  30.237183     4.1620     4.2225    -0.0124    91.2924 1.0000e-12  -64.84556  -64.10276 345.380781      99.16 6.6989e+01   1088.476      26124  1030.3081  1030.3070    34.6637    34.6622    7.74403         31 0.0000e+00
    546.000    539.941     1.4038  30.239022     1.4035  30.237662     4.1666     4.2264     0.0013    91.2595 1.0000e-12  -64.84556  -64.10276 345.380794      98.24 6.6989e+01   1089.644      26152  1030.3127  1030.3118    34.6637    34.6623    7.74403         26 0.0000e+00
    547.000    540.929     1.4039  30.239531     1.4034  30.237984     4.1786     4.2213    -0.0053    91.2463 1.0000e-12  -64.84556  -64.10276 345.380807      97.25 6.6989e+01   1090.766      26179  1030.3174  1030.3164    34.6636    34.6623    7.74401         28 0.0000e+00
    548.000    541.916     1.4041  30.240332     1.4039  30.238930     4.1773     4.2183    -0.0009    91.2436 1.0000e-12  -64.84556  -64.10276 345.380823      95.91 6.6989e+01   1092.066      26211  1030.3223  1030.3211    34.6639    34.6623    7.74396         36 0.0000e+00
    549.000    542.905     1.4042  30.240846     1.4040  30.239449     4.1775     4.2151    -0.0021    91.2801 1.0000e-12  -64.84556  -64.10276 345.380839      95.01 6.6989e+01   1093.515      26245  1030.3269  1030.3257    34.6639    34.6623    7.74395         31 0.0000e+00
    550.000    543.891     1.4045  30.241442     1.4041  30.240081     4.1802     4.2204    -0.0039    91.2684 1.0000e-12  -64.84556  -64.10275 345.380852      93.26 6.6989e+01   1094.647      26273  1030.3315  1030.3304    34.6638    34.6624    7.74390         23 0.0000e+00
    551.000    544.880     1.4046  30.242054     1.4042  30.240714     4.1708     4.2248    -0.0066    91.2414 1.0000e-12  -64.84556  -64.10274 345.380863      92.81 6.6989e+01   1095.522      26294  1030.3361  1030.3352    34.6638    34.6625    7.74387         19 0.0000e+00
    552.000    545.864     1.4049  30.242676     1.4044  30.241326     4.1718     4.2256    -0.0069    91.2653 1.0000e-12  -64.84556  -64.10276 345.380871      91.65 6.6989e+01   1096.281      26312  1030.3408  1030.3398    34.6638    34.6626    7.74382         18 0.0000e+00
    553.000    546.856     1.4047  30.242946     1.4042  30.241623     4.1738     4.2248    -0.0141    91.2664 1.0000e-12  -64.84556  -64.10276 345.380880      91.35 6.6989e+01   1097.010      26329  1030.3455  1030.3445    34.6638    34.6625    7.74386         18 0.0000e+00
    554.000    547.843     1.4045  30.243409     1.4043  30.242055     4.1682     4.2207    -0.0145    91.2803 1.0000e-12  -64.84556  -64.10276 345.380891      90.13 6.6989e+01   1097.978      26352  1030.3502  1030.3492    34.6639    34.6625    7.74388         31 0.0000e+00
    555.000    548.827     1.4046  30.243967     1.4044  30.242499     4.1669     4.2184    -0.0080    91.2774 1.0000e-12  -64.84556  -64.10277 345.380922      88.43 6.6989e+01   1100.669      26417  1030.3550  1030.3537    34.6640    34.6623    7.74386         33 0.0000e+00
    556.000    549.817     1.4069  30.246436     1.4060  30.244343     4.1549     4.2118    -0.0148    91.2736 1.0000e-12  -64.84554  -64.10276 345.380939      87.34 6.6989e+01   1102.148      26453  1030.3594  1030.3582    34.6640    34.6624    7.74340         25 0.0000e+00
    557.000    550.806     1.4103  30.250849     1.4103  30.249866     4.1547     4.2151    -0.0150    91.2664 1.0000e-12  -64.84554  -64.10274 345.380950      86.03 6.6989e+01   1103.044      26474  1030.3648  1030.3637    34.6654    34.6641    7.74267         19 0.0000e+00
    558.000    551.792     1.4106  30.251199     1.4119  30.251748     4.1626     4.2159    -0.0146    91.2495 1.0000e-12  -64.84554  -64.10275 345.380958      85.68 6.6989e+01   1103.805      26492  1030.3691  1030.3683    34.6649    34.6641    7.74264         17 0.0000e+00
    559.000    552.780     1.4136  30.255306     1.4134  30.254198     4.1702     4.2104    -0.0072    91.2253 1.0000e-12  -64.84554  -64.10276 345.380966      88.08 6.6989e+01   1104.506      26509  1030.3745  1030.3736    34.6662    34.6650    7.74197         17 0.0000e+00
    560.000    553.767     1.4117  30.253698     1.4115  30.252775     4.1633     4.2102    -0.0080    91.2415 1.0000e-12  -64.84554  -64.10274 345.380975      88.11 6.6989e+01   1105.251      26527  1030.3790  1030.3782    34.6657    34.6647    7.74237         20 0.0000e+00
    561.000    554.755     1.4130  30.255443     1.4126  30.253999     4.1527     4.2135    -0.0063    91.2640 1.0000e-12  -64.84554  -64.10276 345.380986      85.00 6.6989e+01   1106.225      26550  1030.3837  1030.3827    34.6660    34.6646    7.74211         29 0.0000e+00
    562.000    555.742     1.4138  30.256857     1.4137  30.255651     4.1603     4.2158    -0.0028    91.2700 1.0000e-12  -64.84556  -64.10276 345.381004      81.96 6.6989e+01   1107.742      26587  1030.3886  1030.3874    34.6663    34.6648    7.74193         36 0.0000e+00
    563.000    556.729     1.4142  30.257755     1.4142  30.256491     4.1564     4.2151    -0.0080    91.2594 1.0000e-12  -64.84554  -64.10276 345.381022      80.70 6.6989e+01   1109.297      26624  1030.3934  1030.3921    34.6664    34.6648    7.74184         34 0.0000e+00
    564.000    557.717     1.4136  30.257553     1.4136  30.256384     4.1556     4.2076    -0.0120    91.2647 1.0000e-12  -64.84554  -64.10276 345.381037      80.19 6.6989e+01   1110.630      26656  1030.3979  1030.3968    34.6662    34.6648    7.74197         32 0.0000e+00
    565.000    558.705     1.4143  30.258576     1.4141  30.257151     4.1638     4.2119    -0.0104    91.2800 1.0000e-12  -64.84554  -64.10276 345.381053      78.64 6.6989e+01   1112.009      26689  1030.4026  1030.4013    34.6663    34.6646    7.74184         30 0.0000e+00
    566.000    559.694     1.4151  30.260053     1.4145  30.258291     4.1529     4.2149    -0.0015    91.3160 1.0000e-12  -64.84554  -64.10276 345.381069      77.90 6.6989e+01   1113.362      26722  1030.4075  1030.4063    34.6667    34.6651    7.74165         29 0.0000e+00
    567.000    560.678     1.4132  30.258385     1.4134  30.257454     4.1610     4.2095    -0.0043    91.3066 1.0000e-12  -64.84554  -64.10274 345.381081      77.61 6.6989e+01   1114.436      26747  1030.4119  1030.4108    34.6660    34.6647    7.74205         23 0.0000e+00
    568.000    561.668     1.4163  30.261982     1.4158  30.260532     4.1652     4.2004    -0.0114    91.2815 1.0000e-12  -64.84554  -64.10274 345.381092      76.94 6.6989e+01   1115.325      26769  1030.4167  1030.4157    34.6666    34.6654    7.74142         20 0.0000e+00
    569.000    562.654     1.4156  30.261845     1.4149  30.260278     4.1560     4.2040    -0.0127    91.2661 1.0000e-12  -64.84554  -64.10274 345.381101      77.68 6.6989e+01   1116.143      26788  1030.4215  1030.4206    34.6666    34.6655    7.74155         19 0.0000e+00
    570.000    563.644     1.4141  30.260653     1.4145  30.260143     4.1621     4.2100    -0.0066    91.2745 1.0000e-12  -64.84554  -64.10274 345.381110      76.50 6.6989e+01   1116.910      26807  1030.4260  1030.4250    34.6663    34.6651    7.74187         19 0.0000e+00
    571.000    564.630     1.4157  30.262713     1.4145  30.260593     4.1579     4.2086    -0.0130    91.2687 1.0000e-12  -64.84554  -64.10274 345.381120      76.50 6.6989e+01   1117.807      26828  1030.4307  1030.4297    34.6666    34.6652    7.74154         26 0.0000e+00
    572.000    565.618     1.4160  30.263361     1.4143  30.260723     4.1570     4.2090    -0.0107    91.2747 1.0000e-12  -64.84554  -64.10275 345.381139      72.41 6.6989e+01   1119.397      26867  1030.4353  1030.4343    34.6664    34.6650    7.74148         40 0.0000e+00
    573.000    566.604     1.4170  30.264995     1.4144  30.261225     4.1638     4.2109    -0.0070    91.2793 1.0000e-12  -64.84554  -64.10274 345.381160      71.29 6.6989e+01   1121.226      26910  1030.4402  1030.4389    34.6669    34.6649    7.74127         34 0.0000e+00
    574.000    567.594     1.4134  30.261747     1.4130  30.260174     4.1735     4.2122    -0.0074    91.3068 1.0000e-12  -64.84554  -64.10274 345.381175      72.70 6.6989e+01   1122.519      26941  1030.4447  1030.4435    34.6662    34.6646    7.74202         28 0.0000e+00
    575.000    568.580     1.4117  30.260249     1.4105  30.258083     4.1659     4.2134    -0.0130    91.3018 1.0000e-12  -64.84554  -64.10274 345.381188      70.24 6.6989e+01   1123.651      26969  1030.4490  1030.4480    34.6655    34.6641    7.74238         27 0.0000e+00
    576.000    569.567     1.4112  30.259862     1.4109  30.258606     4.1640     4.2147    -0.0059    91.2983 1.0000e-12  -64.84554  -64.10273 345.381201      68.58 6.6989e+01   1124.757      26995  1030.4535  1030.4524    34.6651    34.6638    7.74251         25 0.0000e+00
    577.000    570.556     1.4114  30.260509     1.4112  30.259535     4.1595     4.2131    -0.0056    91.2922 1.0000e-12  -64.84554  -64.10273 345.381213      69.33 6.6989e+01   1125.777      27020  1030.4581  1030.4572    34.6651    34.6641    7.74247         24 0.0000e+00
    578.000    571.542     1.4118  30.261585     1.4112  30.259979     4.1647     4.2143    -0.0070    91.2922 1.0000e-12  -64.84554  -64.10273 345.381224      67.35 6.6989e+01   1126.725      27042  1030.4629  1030.4620    34.6654    34.6641    7.74236         22 0.0000e+00
    579.000    572.530     1.4120  30.262238     1.4116  30.260954     4.1655     4.2182    -0.0136    91.2922 1.0000e-12  -64.84554  -64.10273 345.381234      66.89 6.6989e+01   1127.636      27064  1030.4676  1030.4667    34.6654    34.6642    7.74232         22 0.0000e+00
    580.000    573.516     1.4117  30.262253     1.4109  30.260592     4.1684     4.2168    -0.0095    91.2922 1.0000e-12  -64.84554  -64.10274 345.381246      66.66 6.6989e+01   1128.615      27088  1030.4722  1030.4713    34.6653    34.6641    7.74240         26 0.0000e+00
    581.000    574.505     1.4098  30.260716     1.4097  30.259545     4.1667     4.2168    -0.0133    91.2800 1.0000e-12  -64.84554  -64.10274 345.381263      64.55 6.6989e+01   1130.102      27123  1030.4766  1030.4756    34.6648    34.6635    7.74279         41 0.0000e+00
    582.000    575.492     1.4107  30.261967     1.4101  30.260425     4.1640     4.2154    -0.0085    91.2772 1.0000e-12  -64.84554  -64.10274 345.381287      62.69 6.6989e+01   1132.159      27173  1030.4813  1030.4803    34.6649    34.6636    7.74262         33 0.0000e+00
    583.000    576.480     1.4092  30.260968     1.4090  30.259810     4.1624     4.2177    -0.0057    91.2788 1.0000e-12  -64.84554  -64.10272 345.381299      63.05 6.6989e+01   1133.271      27199  1030.4859  1030.4849    34.6646    34.6634    7.74291         23 0.0000e+00
