NBP2113_155081_ctd/data/dnbp2113_023.cnv
* Sea-Bird SBE 9 Data File:
* FileName = D:\Data\raw\NBP2113_023.hex
* Software Version Seasave V 7.26.7.121
* Temperature SN = 2438
* Conductivity SN = 2067
* Number of Bytes Per Scan = 40
* Number of Voltage Words = 5
* Number of Scans Averaged by the Deck Unit = 1
* NMEA Latitude = 67 30.61 S
* NMEA Longitude = 070 35.52 W
* NMEA UTC (Time) = Dec 02 2021  00:50:18
* NMEA baud rate = 9600
** Ship: RVIB N.B. Palmer
** Cruise: NBP2113 LTER
** Station: 200.040
** Operator: S. Blackman
# nquan = 25
# nvalues = 743                         
# units = specified
# name 0 = prDM: Pressure, Digiquartz [db]
# name 1 = depSM: Depth [salt water, m]
# name 2 = t090C: Temperature [ITS-90, deg C]
# name 3 = c0mS/cm: Conductivity [mS/cm]
# name 4 = t190C: Temperature, 2 [ITS-90, deg C]
# name 5 = c1mS/cm: Conductivity, 2 [mS/cm]
# name 6 = sbeox0ML/L: Oxygen, SBE 43 [ml/l]
# name 7 = sbeox1ML/L: Oxygen, SBE 43, 2 [ml/l]
# name 8 = flECO-AFL: Fluorescence, WET Labs ECO-AFL/FL [mg/m^3]
# name 9 = CStarTr0: Beam Transmission, WET Labs C-Star [%]
# name 10 = par: PAR/Irradiance, Biospherical/Licor
# name 11 = latitude: Latitude [deg]
# name 12 = longitude: Longitude [deg]
# name 13 = timeJ: Julian Days
# name 14 = altM: Altimeter [m]
# name 15 = spar: SPAR, Biospherical/Licor
# name 16 = timeS: Time, Elapsed [seconds]
# name 17 = scan: Scan Count
# name 18 = density00: Density [density, kg/m^3]
# name 19 = density11: Density, 2 [density, kg/m^3]
# name 20 = sal00: Salinity, Practical [PSU]
# name 21 = sal11: Salinity, Practical, 2 [PSU]
# name 22 = oxsolML/L: Oxygen Saturation, Garcia & Gordon [ml/l]
# name 23 = nbin: number of scans per bin
# name 24 = flag: flag
# span 0 =      6.000,    748.000       
# span 1 =      5.937,    739.207       
# span 2 =    -0.8252,     1.4753       
# span 3 =  27.673319,  30.294976       
# span 4 =    -0.8251,     1.4750       
# span 5 =  27.671917,  30.293303       
# span 6 =     3.9693,     8.0537       
# span 7 =     4.0237,     8.1088       
# span 8 =    -0.0216,     2.2036       
# span 9 =    89.3069,    97.1568       
# span 10 = 1.0000e-12, 1.3419e+01      
# span 11 =  -67.51056,  -67.51024      
# span 12 =  -70.59102,  -70.58575      
# span 13 = 336.038478, 336.051158      
# span 14 =       5.89,     104.05      
# span 15 = 2.8191e+01, 4.0782e+01      
# span 16 =    306.499,   1402.014      
# span 17 =       7357,      33649      
# span 18 =  1027.3408,  1031.3032      
# span 19 =  1027.3384,  1031.3016      
# span 20 =    33.9779,    34.7152      
# span 21 =    33.9750,    34.7133      
# span 22 =    7.72879,    8.24049      
# span 23 =         11,         47      
# span 24 = 0.0000e+00, 0.0000e+00      
# interval = decibars: 1                
# start_time = Dec 02 2021 00:50:18 [NMEA time, header]
# bad_flag = -9.990e-29
*END*
[from data line 232]
    238.000    235.490     1.3447  30.023676     1.3444  30.022007     4.0321     4.0935     0.0013    97.0964 1.0000e-12  -67.51052  -70.58816 336.043556      99.98 3.5258e+01    745.245      17887  1028.8475  1028.8462    34.6314    34.6296    7.75741         17 0.0000e+00
    239.000    236.481     1.3466  30.026204     1.3463  30.024525     4.0309     4.0939    -0.0071    97.0896 1.0000e-12  -67.51052  -70.58815 336.043564      99.97 3.5258e+01    745.925      17903  1028.8526  1028.8512    34.6320    34.6302    7.75701         16 0.0000e+00
    240.000    237.469     1.3492  30.029839     1.3489  30.028216     4.0293     4.0951    -0.0068    97.0859 1.0000e-12  -67.51052  -70.58813 336.043572      99.97 3.5258e+01    746.587      17919  1028.8580  1028.8566    34.6331    34.6314    7.75643         16 0.0000e+00
    241.000    238.458     1.3564  30.038441     1.3558  30.036617     4.0326     4.0925    -0.0072    97.0858 1.0000e-12  -67.51054  -70.58810 336.043579      99.97 3.5258e+01    747.259      17935  1028.8639  1028.8627    34.6356    34.6339    7.75488         16 0.0000e+00
    242.000    239.447     1.3597  30.042481     1.3594  30.040847     4.0296     4.0893     0.0010    97.0858 1.0000e-12  -67.51052  -70.58808 336.043588      99.98 3.5258e+01    748.011      17953  1028.8691  1028.8678    34.6365    34.6348    7.75417         20 0.0000e+00
    243.000    240.435     1.3631  30.045868     1.3634  30.045501     4.0183     4.0913    -0.0033    97.0858 1.0000e-12  -67.51052  -70.58808 336.043601      99.98 3.5258e+01    749.125      17980  1028.8736  1028.8729    34.6365    34.6357    7.75351         31 0.0000e+00
    244.000    241.426     1.3666  30.050906     1.3682  30.051369     4.0155     4.0889    -0.0133    97.0858 1.0000e-12  -67.51052  -70.58808 336.043642      99.97 3.5258e+01    752.656      18065  1028.8797  1028.8786    34.6384    34.6373    7.75271         34 0.0000e+00
    245.000    242.412     1.3752  30.061348     1.3747  30.059638     4.0260     4.0898    -0.0119    97.0823 1.0000e-12  -67.51052  -70.58808 336.043660      99.98 3.5258e+01    754.189      18102  1028.8862  1028.8850    34.6417    34.6401    7.75084         24 0.0000e+00
    246.000    243.402     1.3781  30.065461     1.3779  30.063685     4.0327     4.0910    -0.0064    97.0610 1.0000e-12  -67.51052  -70.58808 336.043669      99.98 3.5258e+01    755.042      18122  1028.8919  1028.8903    34.6432    34.6412    7.75020         18 0.0000e+00
    247.000    244.390     1.3824  30.070845     1.3820  30.068991     4.0326     4.0894    -0.0136    97.0601 1.0000e-12  -67.51052  -70.58808 336.043677      99.98 3.5258e+01    755.727      18138  1028.8975  1028.8960    34.6448    34.6428    7.74927         16 0.0000e+00
    248.000    245.378     1.3838  30.072742     1.3835  30.071022     4.0381     4.0880    -0.0145    97.0785 1.0000e-12  -67.51052  -70.58808 336.043685      99.98 3.5258e+01    756.359      18154  1028.9023  1028.9009    34.6450    34.6432    7.74897         15 0.0000e+00
    249.000    246.369     1.3855  30.075050     1.3849  30.073299     4.0350     4.0867    -0.0150    97.0753 1.0000e-12  -67.51052  -70.58806 336.043692      99.98 3.5258e+01    757.020      18169  1028.9073  1028.9061    34.6455    34.6439    7.74862         17 0.0000e+00
    250.000    247.359     1.3872  30.077491     1.3873  30.076317     4.0268     4.0843    -0.0072    97.0695 1.0000e-12  -67.51052  -70.58805 336.043702      99.98 3.5258e+01    757.866      18190  1028.9123  1028.9111    34.6461    34.6446    7.74824         26 0.0000e+00
    251.000    248.343     1.3887  30.078987     1.3889  30.078141     4.0250     4.0881    -0.0079    97.0797 1.0000e-12  -67.51052  -70.58801 336.043721      99.98 3.5258e+01    759.521      18230  1028.9168  1028.9156    34.6458    34.6445    7.74797         31 0.0000e+00
    252.000    249.334     1.3905  30.081800     1.3902  30.080266     4.0249     4.0817    -0.0088    97.0612 1.0000e-12  -67.51052  -70.58798 336.043764      99.97 3.5258e+01    763.228      18318  1028.9223  1028.9210    34.6468    34.6452    7.74755         32 0.0000e+00
    253.000    250.324     1.3920  30.084223     1.3915  30.082462     4.0096     4.0763    -0.0146    97.0601 1.0000e-12  -67.51052  -70.58798 336.043779      99.98 3.5258e+01    764.500      18349  1028.9276  1028.9263    34.6477    34.6459    7.74721         23 0.0000e+00
    254.000    251.313     1.3967  30.090099     1.3963  30.088427     4.0073     4.0714    -0.0146    97.0601 1.0000e-12  -67.51052  -70.58798 336.043788      99.97 3.5258e+01    765.314      18369  1028.9333  1028.9319    34.6494    34.6478    7.74620         17 0.0000e+00
    255.000    252.300     1.3999  30.094066     1.3997  30.092773     4.0147     4.0778    -0.0150    97.0601 1.0000e-12  -67.51050  -70.58798 336.043796      99.98 3.5258e+01    765.985      18385  1028.9384  1028.9372    34.6504    34.6489    7.74551         16 0.0000e+00
    256.000    253.290     1.4057  30.101110     1.4053  30.099503     4.0193     4.0799     0.0018    97.0618 1.0000e-12  -67.51050  -70.58798 336.043804      99.98 3.5258e+01    766.642      18400  1028.9441  1028.9429    34.6524    34.6508    7.74427         16 0.0000e+00
    257.000    254.279     1.4082  30.104410     1.4077  30.102574     4.0140     4.0777    -0.0034    97.0601 1.0000e-12  -67.51050  -70.58798 336.043812      99.98 3.5258e+01    767.363      18418  1028.9493  1028.9479    34.6532    34.6514    7.74372         19 0.0000e+00
    258.000    255.268     1.4088  30.105192     1.4083  30.103520     4.0104     4.0725    -0.0138    97.0713 1.0000e-12  -67.51050  -70.58796 336.043824      99.98 3.5258e+01    768.365      18442  1028.9538  1028.9526    34.6529    34.6514    7.74362         32 0.0000e+00
    259.000    256.257     1.4095  30.106401     1.4101  30.105590     4.0096     4.0744    -0.0032    97.0774 1.0000e-12  -67.51050  -70.58792 336.043846      99.98 3.5258e+01    770.264      18487  1028.9587  1028.9573    34.6532    34.6515    7.74348         33 0.0000e+00
    260.000    257.245     1.4131  30.110928     1.4123  30.109132     4.0057     4.0665    -0.0113    97.0667 1.0000e-12  -67.51050  -70.58792 336.043866      99.97 3.5258e+01    771.999      18529  1028.9642  1028.9631    34.6544    34.6530    7.74271         26 0.0000e+00
    261.000    258.235     1.4138  30.112518     1.4135  30.110860     3.9986     4.0684    -0.0105    97.0801 1.0000e-12  -67.51050  -70.58792 336.043877      99.98 3.5258e+01    772.952      18552  1028.9693  1028.9680    34.6550    34.6533    7.74253         21 0.0000e+00
    262.000    259.222     1.4141  30.113387     1.4137  30.111678     4.0009     4.0656    -0.0061    97.0804 1.0000e-12  -67.51050  -70.58792 336.043886      99.98 3.5258e+01    773.768      18571  1028.9742  1028.9729    34.6552    34.6536    7.74246         19 0.0000e+00
    263.000    260.213     1.4143  30.114115     1.4139  30.112398     3.9960     4.0633    -0.0142    97.0761 1.0000e-12  -67.51050  -70.58792 336.043896      99.98 3.5258e+01    774.571      18591  1028.9790  1028.9776    34.6553    34.6536    7.74241         21 0.0000e+00
    264.000    261.201     1.4142  30.114524     1.4138  30.112760     4.0018     4.0659    -0.0141    97.0751 1.0000e-12  -67.51050  -70.58791 336.043907      99.98 3.5258e+01    775.598      18615  1028.9839  1028.9824    34.6555    34.6537    7.74244         31 0.0000e+00
    265.000    262.191     1.4144  30.115206     1.4142  30.113594     4.0079     4.0645    -0.0069    97.0793 1.0000e-12  -67.51050  -70.58788 336.043939      99.98 3.5258e+01    778.286      18680  1028.9886  1028.9872    34.6555    34.6537    7.74239         32 0.0000e+00
    266.000    263.177     1.4152  30.116732     1.4147  30.115026     4.0067     4.0586    -0.0048    97.0860 1.0000e-12  -67.51050  -70.58786 336.043962      99.98 3.5258e+01    780.292      18728  1028.9936  1028.9924    34.6559    34.6543    7.74220         26 0.0000e+00
    267.000    264.167     1.4170  30.119544     1.4166  30.117811     3.9998     4.0558     0.0028    97.0858 1.0000e-12  -67.51050  -70.58786 336.043972      99.98 3.5258e+01    781.187      18749  1028.9990  1028.9976    34.6570    34.6552    7.74180         19 0.0000e+00
    268.000    265.156     1.4178  30.120838     1.4175  30.119101     4.0042     4.0582    -0.0044    97.0843 1.0000e-12  -67.51050  -70.58785 336.043981      99.98 3.5258e+01    781.927      18767  1029.0039  1029.0023    34.6572    34.6553    7.74164         17 0.0000e+00
    269.000    266.144     1.4185  30.122233     1.4182  30.120470     4.0036     4.0550    -0.0040    97.0502 1.0000e-12  -67.51050  -70.58784 336.043989      99.98 3.5258e+01    782.609      18784  1029.0088  1029.0073    34.6576    34.6557    7.74147         16 0.0000e+00
    270.000    267.132     1.4212  30.125682     1.4209  30.124098     3.9942     4.0543     0.0028    97.0728 1.0000e-12  -67.51050  -70.58784 336.043997      99.98 3.5258e+01    783.309      18800  1029.0139  1029.0126    34.6584    34.6568    7.74090         18 0.0000e+00
    271.000    268.122     1.4228  30.127998     1.4226  30.126359     3.9918     4.0591    -0.0094    97.0783 1.0000e-12  -67.51050  -70.58784 336.044006      99.98 3.5258e+01    784.100      18819  1029.0190  1029.0174    34.6591    34.6572    7.74055         21 0.0000e+00
    272.000    269.111     1.4239  30.129553     1.4236  30.127980     3.9945     4.0593    -0.0145    97.0802 1.0000e-12  -67.51050  -70.58782 336.044017      99.98 3.5258e+01    785.107      18844  1029.0237  1029.0224    34.6592    34.6576    7.74032         28 0.0000e+00
    273.000    270.099     1.4249  30.131072     1.4249  30.129657     3.9980     4.0588    -0.0065    97.0616 1.0000e-12  -67.51050  -70.58782 336.044034      99.98 3.5258e+01    786.555      18878  1029.0286  1029.0271    34.6595    34.6577    7.74011         40 0.0000e+00
    274.000    271.088     1.4271  30.133921     1.4275  30.132891     3.9929     4.0591    -0.0060    97.0783 1.0000e-12  -67.51050  -70.58781 336.044058      99.97 3.5258e+01    788.606      18928  1029.0336  1029.0321    34.6601    34.6584    7.73965         38 0.0000e+00
    275.000    272.076     1.4319  30.140140     1.4314  30.138474     3.9947     4.0559    -0.0094    97.0635 1.0000e-12  -67.51050  -70.58780 336.044078      99.97 3.5258e+01    790.347      18969  1029.0394  1029.0382    34.6621    34.6606    7.73859         32 0.0000e+00
    276.000    273.065     1.4354  30.144722     1.4350  30.143111     3.9953     4.0516    -0.0065    97.0674 1.0000e-12  -67.51050  -70.58778 336.044091      99.97 3.5258e+01    791.481      18997  1029.0449  1029.0437    34.6635    34.6619    7.73783         25 0.0000e+00
    277.000    274.053     1.4365  30.146697     1.4361  30.144813     3.9986     4.0552    -0.0003    97.0801 1.0000e-12  -67.51050  -70.58778 336.044102      99.98 3.5258e+01    792.448      19020  1029.0501  1029.0486    34.6642    34.6623    7.73757         22 0.0000e+00
    278.000    275.043     1.4373  30.147992     1.4371  30.146343     3.9928     4.0562    -0.0060    97.0698 1.0000e-12  -67.51050  -70.58778 336.044113      99.98 3.5258e+01    793.339      19041  1029.0549  1029.0534    34.6644    34.6626    7.73740         21 0.0000e+00
    279.000    276.031     1.4383  30.149570     1.4381  30.148038     3.9890     4.0535     0.0021    97.0741 1.0000e-12  -67.51050  -70.58778 336.044123      99.98 3.5258e+01    794.215      19062  1029.0598  1029.0585    34.6647    34.6630    7.73719         22 0.0000e+00
    280.000    277.021     1.4394  30.151435     1.4393  30.149754     3.9855     4.0556     0.0021    97.0852 1.0000e-12  -67.51050  -70.58776 336.044134      99.98 3.5258e+01    795.180      19085  1029.0649  1029.0633    34.6653    34.6634    7.73694         26 0.0000e+00
    281.000    278.009     1.4407  30.152990     1.4409  30.151806     3.9902     4.0509    -0.0057    97.0651 1.0000e-12  -67.51050  -70.58774 336.044155      99.97 3.5258e+01    797.015      19129  1029.0695  1029.0681    34.6653    34.6635    7.73669         41 0.0000e+00
    282.000    278.997     1.4430  30.156425     1.4425  30.154638     4.0003     4.0463    -0.0065    97.0862 1.0000e-12  -67.51050  -70.58772 336.044179      99.98 3.5258e+01    799.073      19179  1029.0751  1029.0737    34.6666    34.6648    7.73618         25 0.0000e+00
    283.000    279.987     1.4436  30.157724     1.4433  30.156141     3.9910     4.0447    -0.0073    97.0872 1.0000e-12  -67.51050  -70.58770 336.044190      99.98 3.5258e+01    799.981      19201  1029.0801  1029.0787    34.6670    34.6653    7.73604         19 0.0000e+00
    284.000    280.974     1.4441  30.158688     1.4438  30.157098     3.9926     4.0497    -0.0069    97.0670 1.0000e-12  -67.51050  -70.58770 336.044198      99.98 3.5258e+01    800.745      19219  1029.0848  1029.0834    34.6671    34.6654    7.73594         19 0.0000e+00
    285.000    281.964     1.4464  30.161987     1.4460  30.160171     3.9955     4.0520    -0.0006    97.0434 1.0000e-12  -67.51050  -70.58770 336.044208      99.98 3.5258e+01    801.574      19239  1029.0901  1029.0886    34.6681    34.6663    7.73542         22 0.0000e+00
    286.000    282.953     1.4476  30.163377     1.4472  30.161682     3.9852     4.0455    -0.0042    97.0753 1.0000e-12  -67.51050  -70.58770 336.044221      99.98 3.5258e+01    802.728      19266  1029.0947  1029.0933    34.6681    34.6663    7.73520         32 0.0000e+00
    287.000    283.940     1.4482  30.164499     1.4477  30.162773     3.9896     4.0440    -0.0067    97.0681 1.0000e-12  -67.51050  -70.58770 336.044239      99.98 3.5258e+01    804.228      19302  1029.0995  1029.0982    34.6683    34.6665    7.73507         35 0.0000e+00
    288.000    284.929     1.4498  30.167067     1.4496  30.165529     3.9860     4.0457    -0.0128    97.0841 1.0000e-12  -67.51050  -70.58770 336.044253      99.98 3.5258e+01    805.487      19333  1029.1048  1029.1034    34.6691    34.6674    7.73470         25 0.0000e+00
    289.000    285.917     1.4541  30.172472     1.4538  30.170847     3.9894     4.0465    -0.0064    97.0802 1.0000e-12  -67.51050  -70.58770 336.044265      99.98 3.5258e+01    806.460      19356  1029.1103  1029.1089    34.6707    34.6689    7.73378         23 0.0000e+00
    290.000    286.907     1.4567  30.176107     1.4564  30.174487     3.9789     4.0435    -0.0148    97.0678 1.0000e-12  -67.51050  -70.58768 336.044275      99.98 3.5258e+01    807.350      19377  1029.1156  1029.1143    34.6718    34.6702    7.73319         21 0.0000e+00
    291.000    287.896     1.4576  30.177757     1.4574  30.176042     3.9814     4.0448    -0.0147    97.0803 1.0000e-12  -67.51050  -70.58768 336.044286      99.98 3.5258e+01    808.304      19400  1029.1207  1029.1192    34.6724    34.6705    7.73299         25 0.0000e+00
    292.000    288.884     1.4588  30.179322     1.4586  30.177543     3.9847     4.0443    -0.0068    97.0651 1.0000e-12  -67.51048  -70.58765 336.044301      99.98 3.5258e+01    809.602      19431  1029.1254  1029.1238    34.6725    34.6705    7.73276         35 0.0000e+00
    293.000    289.871     1.4608  30.182193     1.4609  30.180721     3.9817     4.0431     0.0012    97.0708 1.0000e-12  -67.51048  -70.58763 336.044324      99.98 3.5258e+01    811.615      19480  1029.1307  1029.1291    34.6734    34.6714    7.73232         39 0.0000e+00
    294.000    290.861     1.4636  30.186480     1.4633  30.184737     3.9859     4.0421     0.0075    97.0821 1.0000e-12  -67.51048  -70.58760 336.044343      99.98 3.5258e+01    813.232      19519  1029.1365  1029.1350    34.6751    34.6732    7.73167         33 0.0000e+00
