NBP2113_155081_ctd/data/dnbp2113_064.cnv
* Sea-Bird SBE 9 Data File:
* FileName = D:\Data\raw\NBP2113_064.hex
* Software Version Seasave V 7.26.7.121
* Temperature SN = 2438
* Conductivity SN = 2067
* Number of Bytes Per Scan = 40
* Number of Voltage Words = 5
* Number of Scans Averaged by the Deck Unit = 1
* NMEA Latitude = 64 10.41 S
* NMEA Longitude = 061 58.85 W
* NMEA UTC (Time) = Dec 14 2021  13:32:28
* NMEA baud rate = 9600
** Ship: RVIB N.B. Palmer
** Cruise: NBP2113 LTER
** Station: 739.006
** Operator: B. Urmston
# nquan = 25
# nvalues = 796                         
# units = specified
# name 0 = prDM: Pressure, Digiquartz [db]
# name 1 = depSM: Depth [salt water, m]
# name 2 = t090C: Temperature [ITS-90, deg C]
# name 3 = c0mS/cm: Conductivity [mS/cm]
# name 4 = t190C: Temperature, 2 [ITS-90, deg C]
# name 5 = c1mS/cm: Conductivity, 2 [mS/cm]
# name 6 = sbeox0ML/L: Oxygen, SBE 43 [ml/l]
# name 7 = sbeox1ML/L: Oxygen, SBE 43, 2 [ml/l]
# name 8 = flECO-AFL: Fluorescence, WET Labs ECO-AFL/FL [mg/m^3]
# name 9 = CStarTr0: Beam Transmission, WET Labs C-Star [%]
# name 10 = par: PAR/Irradiance, Biospherical/Licor
# name 11 = latitude: Latitude [deg]
# name 12 = longitude: Longitude [deg]
# name 13 = timeJ: Julian Days
# name 14 = altM: Altimeter [m]
# name 15 = spar: SPAR, Biospherical/Licor
# name 16 = timeS: Time, Elapsed [seconds]
# name 17 = scan: Scan Count
# name 18 = density00: Density [density, kg/m^3]
# name 19 = density11: Density, 2 [density, kg/m^3]
# name 20 = sal00: Salinity, Practical [PSU]
# name 21 = sal11: Salinity, Practical, 2 [PSU]
# name 22 = oxsolML/L: Oxygen Saturation, Garcia & Gordon [ml/l]
# name 23 = nbin: number of scans per bin
# name 24 = flag: flag
# span 0 =      5.000,    800.000       
# span 1 =      4.945,    790.676       
# span 2 =    -0.6690,     0.4215       
# span 3 =  28.308071,  28.962639       
# span 4 =    -0.6691,     0.4221       
# span 5 =  28.306287,  28.961151       
# span 6 =     5.4044,     7.4772       
# span 7 =     5.4875,     7.5317       
# span 8 =    -0.0298,     1.5418       
# span 9 =    83.2524,    91.2341       
# span 10 = 1.0000e-12, 1.2956e+02      
# span 11 =  -64.17366,  -64.17347      
# span 12 =  -61.98110,  -61.97989      
# span 13 = 348.567728, 348.581622      
# span 14 =       9.88,      99.98      
# span 15 = 4.0017e+02, 5.0066e+02      
# span 16 =    303.725,   1504.131      
# span 17 =       7290,      36100      
# span 18 =  1027.2608,  1031.5571      
# span 19 =  1027.2591,  1031.5560      
# span 20 =    33.9469,    34.5366      
# span 21 =    33.9456,    34.5350      
# span 22 =    7.98122,    8.17887      
# span 23 =          7,         56      
# span 24 = 0.0000e+00, 0.0000e+00      
# interval = decibars: 1                
# start_time = Dec 14 2021 13:32:28 [NMEA time, header]
# bad_flag = -9.990e-29
*END*
[from data line 696]
    701.000    692.997    -0.6269  28.471154    -0.6267  28.470220     6.0228     6.0827    -0.0217    91.0929 1.0000e-12  -64.17350  -61.98000 348.579504      99.97 4.1026e+02   1321.164      31709  1031.0895  1031.0884    34.5336    34.5322    8.16969         30 0.0000e+00
    702.000    693.984    -0.6267  28.471667    -0.6267  28.470637     6.0134     6.0820    -0.0222    91.0727 1.0000e-12  -64.17350  -61.98000 348.579519      99.97 4.1075e+02   1322.470      31740  1031.0941  1031.0930    34.5335    34.5321    8.16965         31 0.0000e+00
    703.000    694.971    -0.6264  28.472337    -0.6266  28.471201     6.0215     6.0880    -0.0145    91.0795 1.0000e-12  -64.17350  -61.98000 348.579534      99.97 4.1224e+02   1323.719      31770  1031.0988  1031.0977    34.5335    34.5322    8.16959         27 0.0000e+00
    704.000    695.958    -0.6262  28.473068    -0.6264  28.471782     6.0209     6.0903    -0.0140    91.0705 1.0000e-12  -64.17350  -61.98000 348.579548      99.97 4.1251e+02   1324.907      31799  1031.1035  1031.1024    34.5336    34.5321    8.16954         28 0.0000e+00
    705.000    696.944    -0.6262  28.473426    -0.6265  28.472296     6.0295     6.0880    -0.0174    91.0972 1.0000e-12  -64.17350  -61.98000 348.579561      99.97 4.1257e+02   1326.063      31827  1031.1082  1031.1072    34.5335    34.5323    8.16955         28 0.0000e+00
    706.000    697.931    -0.6264  28.473599    -0.6268  28.472449     6.0307     6.0909    -0.0246    91.0747 1.0000e-12  -64.17350  -61.98000 348.579574      99.97 4.1400e+02   1327.206      31854  1031.1128  1031.1119    34.5334    34.5322    8.16960         28 0.0000e+00
    707.000    698.918    -0.6265  28.474156    -0.6267  28.472941     6.0284     6.0884    -0.0291    91.0682 1.0000e-12  -64.17350  -61.98000 348.579588      99.97 4.1428e+02   1328.417      31883  1031.1177  1031.1166    34.5336    34.5322    8.16960         30 0.0000e+00
    708.000    699.906    -0.6265  28.474547    -0.6267  28.473233     6.0281     6.0888    -0.0165    91.0720 1.0000e-12  -64.17350  -61.98000 348.579603      99.97 4.1428e+02   1329.705      31914  1031.1224  1031.1212    34.5336    34.5321    8.16961         31 0.0000e+00
    709.000    700.892    -0.6264  28.474932    -0.6266  28.473874     6.0179     6.0858    -0.0294    91.0767 1.0000e-12  -64.17350  -61.98000 348.579618      99.97 4.1428e+02   1330.976      31944  1031.1270  1031.1260    34.5334    34.5322    8.16960         30 0.0000e+00
    710.000    701.880    -0.6263  28.475573    -0.6265  28.474365     6.0179     6.0841    -0.0231    91.0714 1.0000e-12  -64.17350  -61.98000 348.579632      99.97 4.1428e+02   1332.196      31974  1031.1317  1031.1306    34.5335    34.5321    8.16957         28 0.0000e+00
    711.000    702.865    -0.6256  28.476580    -0.6259  28.475284     6.0202     6.0879    -0.0106    91.0475 1.0000e-12  -64.17350  -61.98000 348.579645      99.53 4.1428e+02   1333.358      32002  1031.1364  1031.1353    34.5335    34.5322    8.16942         28 0.0000e+00
    712.000    703.854    -0.6258  28.476857    -0.6260  28.475649     6.0168     6.0892    -0.0199    91.0517 1.0000e-12  -64.17350  -61.98000 348.579659      99.10 4.1428e+02   1334.532      32030  1031.1411  1031.1400    34.5335    34.5321    8.16946         26 0.0000e+00
    713.000    704.839    -0.6259  28.477288    -0.6260  28.475995     6.0212     6.0888    -0.0203    91.0560 1.0000e-12  -64.17350  -61.98000 348.579673      97.92 4.1428e+02   1335.720      32058  1031.1459  1031.1447    34.5336    34.5320    8.16947         29 0.0000e+00
    714.000    705.827    -0.6259  28.477741    -0.6259  28.476579     6.0253     6.0906    -0.0218    91.0524 1.0000e-12  -64.17350  -61.98000 348.579687      97.11 4.1428e+02   1336.920      32087  1031.1506  1031.1495    34.5336    34.5321    8.16947         29 0.0000e+00
    715.000    706.814    -0.6259  28.478094    -0.6261  28.476843     6.0241     6.0923    -0.0188    91.0799 1.0000e-12  -64.17350  -61.98000 348.579700      95.81 4.1428e+02   1338.122      32116  1031.1553  1031.1542    34.5336    34.5321    8.16949         29 0.0000e+00
    716.000    707.799    -0.6257  28.478759    -0.6258  28.477542     6.0315     6.0917    -0.0216    91.0614 1.0000e-12  -64.17350  -61.98000 348.579714      94.90 4.1428e+02   1339.310      32144  1031.1601  1031.1589    34.5336    34.5321    8.16944         28 0.0000e+00
    717.000    708.788    -0.6259  28.478968    -0.6260  28.477916     6.0210     6.0842    -0.0165    91.0887 1.0000e-12  -64.17350  -61.98000 348.579728      93.75 4.1428e+02   1340.520      32173  1031.1647  1031.1636    34.5336    34.5322    8.16949         30 0.0000e+00
    718.000    709.774    -0.6257  28.479561    -0.6258  28.478464     6.0173     6.0833    -0.0185    91.0862 1.0000e-12  -64.17350  -61.98000 348.579743      92.70 4.1428e+02   1341.805      32204  1031.1694  1031.1683    34.5335    34.5321    8.16945         32 0.0000e+00
    719.000    710.761    -0.6257  28.480015    -0.6259  28.478845     6.0244     6.0886    -0.0161    91.0724 1.0000e-12  -64.17350  -61.98000 348.579758      91.73 4.1428e+02   1343.064      32235  1031.1741  1031.1730    34.5335    34.5322    8.16945         28 0.0000e+00
    720.000    711.748    -0.6255  28.480671    -0.6260  28.479204     6.0227     6.0843    -0.0279    91.0776 1.0000e-12  -64.17350  -61.98000 348.579771      90.84 4.1428e+02   1344.215      32262  1031.1788  1031.1778    34.5336    34.5322    8.16940         27 0.0000e+00
    721.000    712.735    -0.6254  28.481164    -0.6258  28.479774     6.0308     6.0817    -0.0216    91.0603 1.0000e-12  -64.17350  -61.98000 348.579784      89.80 4.1428e+02   1345.338      32289  1031.1835  1031.1824    34.5335    34.5322    8.16938         27 0.0000e+00
    722.000    713.721    -0.6257  28.481370    -0.6258  28.480241     6.0269     6.0844    -0.0201    91.0586 1.0000e-12  -64.17350  -61.98000 348.579797      88.78 4.1428e+02   1346.493      32317  1031.1883  1031.1872    34.5336    34.5322    8.16945         29 0.0000e+00
    723.000    714.708    -0.6260  28.481499    -0.6262  28.480329     6.0187     6.0887    -0.0143    91.0604 1.0000e-12  -64.17350  -61.98000 348.579812      87.78 4.1428e+02   1347.746      32347  1031.1930  1031.1918    34.5335    34.5321    8.16951         31 0.0000e+00
    724.000    715.695    -0.6260  28.482017    -0.6261  28.480831     6.0284     6.0865    -0.0095    91.0507 1.0000e-12  -64.17350  -61.98000 348.579827      86.90 4.1428e+02   1349.055      32378  1031.1977  1031.1965    34.5335    34.5321    8.16950         30 0.0000e+00
    725.000    716.682    -0.6259  28.482513    -0.6260  28.481343     6.0134     6.0915    -0.0168    91.0522 1.0000e-12  -64.17350  -61.98000 348.579841      85.56 4.1434e+02   1350.255      32407  1031.2024  1031.2013    34.5335    34.5321    8.16948         28 0.0000e+00
    726.000    717.669    -0.6261  28.482826    -0.6265  28.481447     6.0190     6.0892    -0.0219    91.0423 1.0000e-12  -64.17350  -61.98000 348.579854      84.56 4.1539e+02   1351.380      32434  1031.2072  1031.2061    34.5336    34.5322    8.16953         27 0.0000e+00
    727.000    718.655    -0.6262  28.483133    -0.6265  28.481843     6.0188     6.0797    -0.0214    91.0628 1.0000e-12  -64.17350  -61.98000 348.579867      83.67 4.1603e+02   1352.500      32461  1031.2118  1031.2107    34.5335    34.5321    8.16955         28 0.0000e+00
    728.000    719.643    -0.6264  28.483368    -0.6265  28.482246     6.0158     6.0816    -0.0278    91.0689 1.0000e-12  -64.17350  -61.98000 348.579881      82.70 4.1604e+02   1353.699      32490  1031.2165  1031.2155    34.5335    34.5321    8.16960         30 0.0000e+00
    729.000    720.629    -0.6261  28.484037    -0.6261  28.482913     6.0284     6.0814    -0.0072    91.0489 1.0000e-12  -64.17350  -61.98000 348.579896      81.77 4.1604e+02   1355.036      32522  1031.2212  1031.2200    34.5335    34.5320    8.16954         32 0.0000e+00
    730.000    721.615    -0.6259  28.484685    -0.6261  28.483449     6.0232     6.0803    -0.0172    91.0606 1.0000e-12  -64.17350  -61.98000 348.579911      80.80 4.1604e+02   1356.310      32552  1031.2259  1031.2248    34.5335    34.5321    8.16948         29 0.0000e+00
    731.000    722.603    -0.6257  28.485217    -0.6258  28.484131     6.0136     6.0870    -0.0242    91.0522 1.0000e-12  -64.17350  -61.98000 348.579924      79.83 4.1604e+02   1357.475      32580  1031.2305  1031.2295    34.5334    34.5321    8.16945         28 0.0000e+00
    732.000    723.589    -0.6260  28.485536    -0.6263  28.484297     6.0183     6.0869    -0.0139    91.0595 1.0000e-12  -64.17350  -61.98000 348.579938      78.51 4.1604e+02   1358.631      32608  1031.2354  1031.2343    34.5336    34.5322    8.16951         27 0.0000e+00
    733.000    724.577    -0.6263  28.485708    -0.6265  28.484394     6.0221     6.0852    -0.0178    91.0774 1.0000e-12  -64.17350  -61.98000 348.579951      77.64 4.1598e+02   1359.796      32636  1031.2402  1031.2389    34.5336    34.5320    8.16958         29 0.0000e+00
    734.000    725.563    -0.6266  28.485859    -0.6268  28.484628     6.0204     6.0881    -0.0206    91.0614 1.0000e-12  -64.17350  -61.98000 348.579965      76.62 4.1465e+02   1360.994      32665  1031.2448  1031.2437    34.5335    34.5321    8.16964         29 0.0000e+00
    735.000    726.549    -0.6267  28.486292    -0.6267  28.485089     6.0187     6.0882    -0.0169    91.0467 1.0000e-12  -64.17350  -61.98000 348.579979      75.47 4.1428e+02   1362.185      32693  1031.2496  1031.2484    34.5336    34.5320    8.16965         28 0.0000e+00
    736.000    727.536    -0.6265  28.486742    -0.6267  28.485628     6.0199     6.0874    -0.0195    91.0502 1.0000e-12  -64.17350  -61.98000 348.579992      74.51 4.1428e+02   1363.336      32721  1031.2542  1031.2531    34.5334    34.5321    8.16963         28 0.0000e+00
    737.000    728.523    -0.6265  28.487262    -0.6267  28.486009     6.0163     6.0850    -0.0206    91.0515 1.0000e-12  -64.17350  -61.97999 348.580006      73.60 4.1428e+02   1364.518      32749  1031.2589  1031.2578    34.5335    34.5320    8.16962         29 0.0000e+00
    738.000    729.511    -0.6264  28.487748    -0.6266  28.486611     6.0260     6.0803    -0.0087    91.0602 1.0000e-12  -64.17350  -61.97999 348.580020      72.37 4.1428e+02   1365.726      32778  1031.2636  1031.2626    34.5335    34.5321    8.16960         29 0.0000e+00
    739.000    730.497    -0.6266  28.488048    -0.6267  28.486888     6.0235     6.0833    -0.0132    91.0543 1.0000e-12  -64.17350  -61.97998 348.580034      71.41 4.1428e+02   1366.936      32807  1031.2683  1031.2672    34.5335    34.5320    8.16964         29 0.0000e+00
    740.000    731.483    -0.6266  28.488460    -0.6267  28.487245     6.0232     6.0861    -0.0221    91.0544 1.0000e-12  -64.17350  -61.97998 348.580048      70.45 4.1428e+02   1368.183      32837  1031.2730  1031.2719    34.5334    34.5320    8.16964         30 0.0000e+00
    741.000    732.470    -0.6267  28.488885    -0.6268  28.487672     6.0249     6.0875    -0.0274    91.0540 1.0000e-12  -64.17350  -61.97998 348.580063      69.39 4.1428e+02   1369.406      32867  1031.2778  1031.2767    34.5335    34.5321    8.16965         28 0.0000e+00
    742.000    733.457    -0.6268  28.489210    -0.6269  28.488097     6.0179     6.0895    -0.0182    91.0432 1.0000e-12  -64.17350  -61.97998 348.580076      68.38 4.1505e+02   1370.606      32896  1031.2825  1031.2814    34.5335    34.5321    8.16968         30 0.0000e+00
    743.000    734.444    -0.6272  28.489279    -0.6272  28.488159     6.0110     6.0870    -0.0166    91.0337 1.0000e-12  -64.17350  -61.97998 348.580090      67.30 4.1604e+02   1371.794      32924  1031.2872  1031.2860    34.5334    34.5319    8.16977         27 0.0000e+00
    744.000    735.430    -0.6273  28.489578    -0.6275  28.488368     6.0143     6.0827    -0.0216    91.0550 1.0000e-12  -64.17350  -61.97998 348.580104      66.71 4.1683e+02   1372.955      32952  1031.2918  1031.2908    34.5333    34.5320    8.16979         29 0.0000e+00
    745.000    736.416    -0.6273  28.490078    -0.6274  28.488831     6.0167     6.0802    -0.0166    91.0682 1.0000e-12  -64.17350  -61.97998 348.580117      65.50 4.1781e+02   1374.139      32980  1031.2966  1031.2954    34.5334    34.5319    8.16979         27 0.0000e+00
    746.000    737.405    -0.6275  28.490374    -0.6277  28.489140     6.0121     6.0866    -0.0142    91.0037 1.0000e-12  -64.17350  -61.97998 348.580131      64.35 4.1902e+02   1375.283      33008  1031.3014  1031.3003    34.5334    34.5321    8.16983         28 0.0000e+00
    747.000    738.390    -0.6274  28.490842    -0.6275  28.489591     6.0224     6.0853    -0.0188    91.0464 1.0000e-12  -64.17350  -61.97998 348.580144      63.43 4.1956e+02   1376.399      33035  1031.3060  1031.3048    34.5334    34.5319    8.16982         27 0.0000e+00
    748.000    739.378    -0.6274  28.491331    -0.6275  28.490107     6.0181     6.0740    -0.0208    91.0393 1.0000e-12  -64.17350  -61.97998 348.580157      62.47 4.1957e+02   1377.553      33062  1031.3108  1031.3096    34.5334    34.5319    8.16981         28 0.0000e+00
    749.000    740.364    -0.6274  28.491793    -0.6275  28.490544     6.0193     6.0789    -0.0268    91.0307 1.0000e-12  -64.17350  -61.97998 348.580171      61.20 4.1957e+02   1378.774      33092  1031.3155  1031.3142    34.5335    34.5319    8.16980         31 0.0000e+00
    750.000    741.350    -0.6274  28.492216    -0.6274  28.491052     6.0286     6.0791    -0.0167    91.0429 1.0000e-12  -64.17350  -61.97998 348.580186      60.20 4.2098e+02   1380.073      33123  1031.3202  1031.3189    34.5335    34.5319    8.16981         31 0.0000e+00
    751.000    742.338    -0.6276  28.492363    -0.6278  28.491239     6.0256     6.0763    -0.0218    91.0180 1.0000e-12  -64.17350  -61.97998 348.580200      59.40 4.2133e+02   1381.323      33153  1031.3248  1031.3238    34.5333    34.5320    8.16986         29 0.0000e+00
    752.000    743.323    -0.6279  28.492533    -0.6281  28.491451     6.0090     6.0824    -0.0213    91.0090 1.0000e-12  -64.17350  -61.97998 348.580214      58.10 4.2226e+02   1382.506      33181  1031.3296  1031.3285    34.5333    34.5320    8.16994         28 0.0000e+00
    753.000    744.312    -0.6312  28.490355    -0.6310  28.489459     6.0116     6.0832    -0.0209    91.0321 1.0000e-12  -64.17350  -61.97998 348.580228      57.04 4.2309e+02   1383.732      33211  1031.3347  1031.3335    34.5335    34.5320    8.17063         30 0.0000e+00
    754.000    745.297    -0.6298  28.491747    -0.6297  28.490702     6.0149     6.0851    -0.0214    91.0399 1.0000e-12  -64.17350  -61.97998 348.580242      56.08 4.2309e+02   1384.948      33240  1031.3390  1031.3378    34.5331    34.5317    8.17034         29 0.0000e+00
    755.000    746.284    -0.6298  28.492351    -0.6302  28.490962     6.0106     6.0856    -0.0210    91.0078 1.0000e-12  -64.17350  -61.97998 348.580256      55.01 4.2309e+02   1386.109      33268  1031.3439  1031.3428    34.5335    34.5320    8.17034         26 0.0000e+00
    756.000    747.271    -0.6308  28.491808    -0.6312  28.490441     6.0176     6.0865    -0.0250    90.9848 1.0000e-12  -64.17350  -61.97998 348.580269      53.99 4.2309e+02   1387.241      33295  1031.3485  1031.3474    34.5332    34.5318    8.17055         28 0.0000e+00
    757.000    748.256    -0.6309  28.492224    -0.6313  28.490800     6.0158     6.0855    -0.0291    91.0334 1.0000e-12  -64.17350  -61.97998 348.580282      52.99 4.2309e+02   1388.387      33322  1031.3534  1031.3522    34.5334    34.5319    8.17058         28 0.0000e+00
