NBP2113_155081_ctd/data/dnbp2113_011.cnv
* Sea-Bird SBE 9 Data File:
* FileName = D:\Data\raw\NBP2113_011.hex
* Software Version Seasave V 7.26.7.121
* Temperature SN = 2438
* Conductivity SN = 2067
* Number of Bytes Per Scan = 40
* Number of Voltage Words = 5
* Number of Scans Averaged by the Deck Unit = 1
* NMEA Latitude = 63 57.92 S
* NMEA Longitude = 066 51.27 W
* NMEA UTC (Time) = Nov 26 2021  05:08:42
* NMEA baud rate = 9600
** Ship: RVIB N.B. Palmer
** Cruise: NBP2113 LTER
** Station: 600.200
** Operator: B. Urmston
# nquan = 25
# nvalues = 3095                        
# units = specified
# name 0 = prDM: Pressure, Digiquartz [db]
# name 1 = depSM: Depth [salt water, m]
# name 2 = t090C: Temperature [ITS-90, deg C]
# name 3 = c0mS/cm: Conductivity [mS/cm]
# name 4 = t190C: Temperature, 2 [ITS-90, deg C]
# name 5 = c1mS/cm: Conductivity, 2 [mS/cm]
# name 6 = sbeox0ML/L: Oxygen, SBE 43 [ml/l]
# name 7 = sbeox1ML/L: Oxygen, SBE 43, 2 [ml/l]
# name 8 = flECO-AFL: Fluorescence, WET Labs ECO-AFL/FL [mg/m^3]
# name 9 = CStarTr0: Beam Transmission, WET Labs C-Star [%]
# name 10 = par: PAR/Irradiance, Biospherical/Licor
# name 11 = latitude: Latitude [deg]
# name 12 = longitude: Longitude [deg]
# name 13 = timeJ: Julian Days
# name 14 = altM: Altimeter [m]
# name 15 = spar: SPAR, Biospherical/Licor
# name 16 = timeS: Time, Elapsed [seconds]
# name 17 = scan: Scan Count
# name 18 = density00: Density [density, kg/m^3]
# name 19 = density11: Density, 2 [density, kg/m^3]
# name 20 = sal00: Salinity, Practical [PSU]
# name 21 = sal11: Salinity, Practical, 2 [PSU]
# name 22 = oxsolML/L: Oxygen Saturation, Garcia & Gordon [ml/l]
# name 23 = nbin: number of scans per bin
# name 24 = flag: flag
# span 0 =      4.000,   3098.000       
# span 1 =      3.960,   3045.486       
# span 2 =    -1.0118,     2.0379       
# span 3 =  27.485453,  30.709976       
# span 4 =    -1.0103,     2.0382       
# span 5 =  27.484568,  30.708923       
# span 6 =     3.9809,     8.4829       
# span 7 =     3.9843,     8.4819       
# span 8 =    -0.0226,     7.5176       
# span 9 =    88.4704,    97.9357       
# span 10 = 1.0000e-12, 1.0000e-12      
# span 11 =  -63.96602,  -63.96546      
# span 12 =  -66.85634,  -66.85472      
# span 13 = 330.217781, 330.264640      
# span 14 =       6.63,     100.02      
# span 15 = 0.0000e+00, 7.0544e+00      
# span 16 =    294.277,   4342.849      
# span 17 =       7064,     104229      
# span 18 =  1027.2646,  1042.0775      
# span 19 =  1027.2617,  1042.0764      
# span 20 =    33.8964,    34.7289      
# span 21 =    33.8927,    34.7274      
# span 22 =    7.62144,    8.28060      
# span 23 =         15,         49      
# span 24 = 0.0000e+00, 0.0000e+00      
# interval = decibars: 1                
# start_time = Nov 26 2021 05:08:42 [NMEA time, header]
# bad_flag = -9.990e-29
*END*
[from data line 2435]
   2439.000   2401.315     0.5804  30.351781     0.5808  30.351303     4.5752     4.6213    -0.0099    97.8772 1.0000e-12  -63.96578  -66.85588 330.254207      99.97 1.7629e+00   3441.455      82596  1039.1167  1039.1158    34.7040    34.7029    7.90681         33 0.0000e+00
   2440.000   2402.296     0.5796  30.351525     0.5801  30.351123     4.5749     4.6235    -0.0158    97.8700 1.0000e-12  -63.96578  -66.85588 330.254220      99.98 1.7629e+00   3442.634      82624  1039.1214  1039.1205    34.7040    34.7029    7.90697         24 0.0000e+00
   2441.000   2403.273     0.5792  30.351606     0.5798  30.351245     4.5774     4.6240    -0.0097    97.8759 1.0000e-12  -63.96578  -66.85588 330.254231      99.98 1.7629e+00   3443.559      82646  1039.1259  1039.1250    34.7040    34.7030    7.90704         22 0.0000e+00
   2442.000   2404.253     0.5795  30.352140     0.5801  30.351952     4.5673     4.6254    -0.0153    97.8724 1.0000e-12  -63.96578  -66.85588 330.254241      99.97 1.7629e+00   3444.466      82668  1039.1303  1039.1295    34.7039    34.7030    7.90700         22 0.0000e+00
   2443.000   2405.232     0.5794  30.352462     0.5800  30.352172     4.5740     4.6208    -0.0168    97.8685 1.0000e-12  -63.96578  -66.85588 330.254253      99.98 1.7629e+00   3445.494      82693  1039.1348  1039.1339    34.7040    34.7029    7.90702         28 0.0000e+00
   2444.000   2406.210     0.5788  30.352335     0.5798  30.352255     4.5623     4.6148    -0.0161    97.8689 1.0000e-12  -63.96578  -66.85588 330.254268      99.98 1.7629e+00   3446.782      82724  1039.1394  1039.1384    34.7039    34.7028    7.90713         34 0.0000e+00
   2445.000   2407.188     0.5776  30.351662     0.5785  30.351613     4.5722     4.6210    -0.0139    97.8685 1.0000e-12  -63.96580  -66.85588 330.254285      99.97 1.7629e+00   3448.237      82759  1039.1440  1039.1431    34.7039    34.7028    7.90738         33 0.0000e+00
   2446.000   2408.167     0.5767  30.351277     0.5771  30.350860     4.5815     4.6178    -0.0049    97.8762 1.0000e-12  -63.96580  -66.85588 330.254300      99.98 1.7629e+00   3449.508      82789  1039.1486  1039.1478    34.7038    34.7029    7.90756         26 0.0000e+00
   2447.000   2409.147     0.5755  30.350667     0.5759  30.350223     4.5811     4.6199    -0.0045    97.8707 1.0000e-12  -63.96580  -66.85588 330.254313      99.98 1.7629e+00   3450.635      82816  1039.1533  1039.1525    34.7039    34.7029    7.90780         27 0.0000e+00
   2448.000   2410.126     0.5752  30.350838     0.5756  30.350374     4.5732     4.6219    -0.0091    97.8799 1.0000e-12  -63.96580  -66.85587 330.254325      99.97 1.7629e+00   3451.702      82842  1039.1579  1039.1571    34.7039    34.7029    7.90786         25 0.0000e+00
   2449.000   2411.104     0.5751  30.351164     0.5755  30.350683     4.5852     4.6248    -0.0121    97.8634 1.0000e-12  -63.96580  -66.85586 330.254337      99.98 1.7629e+00   3452.755      82867  1039.1625  1039.1616    34.7040    34.7029    7.90788         25 0.0000e+00
   2450.000   2412.085     0.5752  30.351571     0.5757  30.351185     4.5776     4.6222    -0.0130    97.8759 1.0000e-12  -63.96580  -66.85586 330.254349      99.98 1.7629e+00   3453.793      82892  1039.1668  1039.1660    34.7039    34.7029    7.90787         25 0.0000e+00
   2451.000   2413.061     0.5738  30.350709     0.5743  30.350357     4.5761     4.6226    -0.0101    97.8701 1.0000e-12  -63.96580  -66.85586 330.254361      99.97 1.7629e+00   3454.809      82916  1039.1716  1039.1707    34.7039    34.7029    7.90816         24 0.0000e+00
   2452.000   2414.043     0.5736  30.350947     0.5742  30.350638     4.5748     4.6243    -0.0150    97.8584 1.0000e-12  -63.96580  -66.85587 330.254373      99.97 1.7629e+00   3455.784      82940  1039.1761  1039.1753    34.7039    34.7029    7.90820         23 0.0000e+00
   2453.000   2415.019     0.5743  30.351872     0.5747  30.351452     4.5766     4.6193    -0.0080    97.8741 1.0000e-12  -63.96580  -66.85588 330.254384      99.98 1.7629e+00   3456.754      82963  1039.1805  1039.1796    34.7038    34.7028    7.90806         23 0.0000e+00
   2454.000   2416.000     0.5722  30.350526     0.5726  30.349887     4.5752     4.6211    -0.0084    97.8726 1.0000e-12  -63.96580  -66.85589 330.254396      99.98 1.7629e+00   3457.805      82988  1039.1853  1039.1843    34.7038    34.7026    7.90848         29 0.0000e+00
   2455.000   2416.979     0.5717  30.350508     0.5725  30.350176     4.5714     4.6278    -0.0093    97.8655 1.0000e-12  -63.96580  -66.85590 330.254416      99.98 1.7629e+00   3459.551      83030  1039.1899  1039.1888    34.7039    34.7027    7.90858         32 0.0000e+00
   2456.000   2417.957     0.5717  30.350732     0.5720  30.350228     4.5835     4.6160    -0.0039    97.8524 1.0000e-12  -63.96580  -66.85589 330.254452      99.98 1.7629e+00   3462.664      83105  1039.1942  1039.1934    34.7037    34.7027    7.90860         32 0.0000e+00
   2457.000   2418.935     0.5719  30.351452     0.5722  30.350967     4.5784     4.6204    -0.0084    97.8763 1.0000e-12  -63.96580  -66.85588 330.254465      99.98 1.7629e+00   3463.755      83131  1039.1988  1039.1980    34.7039    34.7029    7.90854         23 0.0000e+00
   2458.000   2419.916     0.5727  30.352518     0.5731  30.352053     4.5744     4.6253    -0.0077    97.8733 1.0000e-12  -63.96580  -66.85588 330.254475      99.98 1.7629e+00   3464.615      83152  1039.2032  1039.2024    34.7039    34.7029    7.90838         19 0.0000e+00
   2459.000   2420.893     0.5724  30.352629     0.5729  30.352309     4.5750     4.6233    -0.0089    97.8787 1.0000e-12  -63.96580  -66.85588 330.254484      99.98 1.7629e+00   3465.416      83171  1039.2077  1039.2069    34.7039    34.7030    7.90845         19 0.0000e+00
   2460.000   2421.872     0.5723  30.352926     0.5725  30.352189     4.5771     4.6233    -0.0136    97.8691 1.0000e-12  -63.96580  -66.85588 330.254494      99.97 1.7629e+00   3466.253      83191  1039.2122  1039.2113    34.7039    34.7027    7.90847         22 0.0000e+00
   2461.000   2422.852     0.5717  30.352796     0.5723  30.352403     4.5728     4.6230    -0.0116    97.8626 1.0000e-12  -63.96580  -66.85588 330.254505      99.98 1.7629e+00   3467.217      83214  1039.2168  1039.2159    34.7039    34.7027    7.90859         25 0.0000e+00
   2462.000   2423.830     0.5719  30.353346     0.5726  30.353023     4.5702     4.6235    -0.0131    97.8698 1.0000e-12  -63.96580  -66.85588 330.254518      99.98 1.7629e+00   3468.345      83241  1039.2212  1039.2203    34.7038    34.7027    7.90854         27 0.0000e+00
   2463.000   2424.808     0.5720  30.353865     0.5723  30.353373     4.5733     4.6199    -0.0110    97.8635 1.0000e-12  -63.96580  -66.85588 330.254530      99.97 1.7629e+00   3469.420      83267  1039.2257  1039.2249    34.7039    34.7029    7.90852         24 0.0000e+00
   2464.000   2425.789     0.5715  30.353780     0.5720  30.353428     4.5793     4.6194    -0.0119    97.8718 1.0000e-12  -63.96580  -66.85588 330.254541      99.97 1.7629e+00   3470.336      83289  1039.2303  1039.2295    34.7038    34.7028    7.90863         21 0.0000e+00
   2465.000   2426.766     0.5712  30.353949     0.5719  30.353782     4.5658     4.6208    -0.0129    97.8585 1.0000e-12  -63.96580  -66.85588 330.254551      99.97 1.7629e+00   3471.196      83310  1039.2349  1039.2340    34.7039    34.7029    7.90869         21 0.0000e+00
   2466.000   2427.746     0.5711  30.354122     0.5719  30.354043     4.5693     4.6277    -0.0028    97.8713 1.0000e-12  -63.96580  -66.85588 330.254562      99.98 1.7629e+00   3472.134      83332  1039.2393  1039.2384    34.7038    34.7027    7.90872         25 0.0000e+00
   2467.000   2428.725     0.5706  30.354085     0.5709  30.353498     4.5785     4.6223    -0.0166    97.8712 1.0000e-12  -63.96580  -66.85590 330.254580      99.98 1.7629e+00   3473.721      83370  1039.2439  1039.2430    34.7038    34.7027    7.90883         30 0.0000e+00
   2468.000   2429.702     0.5676  30.351728     0.5681  30.351237     4.5819     4.6256    -0.0103    97.8775 1.0000e-12  -63.96580  -66.85590 330.254612      99.97 1.7629e+00   3476.492      83437  1039.2487  1039.2477    34.7035    34.7024    7.90945         37 0.0000e+00
   2469.000   2430.683     0.5672  30.351877     0.5675  30.351461     4.5780     4.6211    -0.0137    97.8640 1.0000e-12  -63.96580  -66.85590 330.254626      99.98 1.7629e+00   3477.673      83465  1039.2533  1039.2525    34.7036    34.7027    7.90952         26 0.0000e+00
   2470.000   2431.661     0.5674  30.352481     0.5676  30.351950     4.5814     4.6247    -0.0005    97.8594 1.0000e-12  -63.96580  -66.85590 330.254637      99.98 1.7629e+00   3478.680      83489  1039.2578  1039.2570    34.7037    34.7028    7.90948         23 0.0000e+00
   2471.000   2432.639     0.5672  30.352662     0.5676  30.352305     4.5892     4.6243    -0.0157    97.8729 1.0000e-12  -63.96580  -66.85590 330.254648      99.98 1.7629e+00   3479.628      83512  1039.2623  1039.2615    34.7036    34.7027    7.90952         23 0.0000e+00
   2472.000   2433.619     0.5679  30.353659     0.5682  30.353182     4.5728     4.6267    -0.0092    97.8584 1.0000e-12  -63.96580  -66.85590 330.254660      99.98 1.7629e+00   3480.619      83536  1039.2667  1039.2659    34.7037    34.7027    7.90938         25 0.0000e+00
   2473.000   2434.598     0.5673  30.353563     0.5677  30.353096     4.5799     4.6238    -0.0141    97.8656 1.0000e-12  -63.96580  -66.85589 330.254673      99.98 1.7629e+00   3481.712      83562  1039.2713  1039.2705    34.7037    34.7027    7.90950         28 0.0000e+00
   2474.000   2435.576     0.5671  30.353751     0.5676  30.353451     4.5766     4.6201    -0.0152    97.8683 1.0000e-12  -63.96580  -66.85589 330.254687      99.97 1.7629e+00   3482.960      83592  1039.2758  1039.2750    34.7036    34.7028    7.90954         31 0.0000e+00
   2475.000   2436.556     0.5667  30.353756     0.5671  30.353346     4.5753     4.6220    -0.0103    97.8756 1.0000e-12  -63.96580  -66.85588 330.254703      99.98 1.7629e+00   3484.312      83624  1039.2803  1039.2794    34.7036    34.7026    7.90962         33 0.0000e+00
   2476.000   2437.533     0.5664  30.353916     0.5669  30.353609     4.5824     4.6176    -0.0153    97.8637 1.0000e-12  -63.96580  -66.85588 330.254717      99.97 1.7629e+00   3485.574      83655  1039.2848  1039.2840    34.7036    34.7027    7.90968         28 0.0000e+00
   2477.000   2438.514     0.5663  30.354248     0.5666  30.353848     4.5828     4.6233    -0.0104    97.8669 1.0000e-12  -63.96580  -66.85588 330.254730      99.98 1.7629e+00   3486.646      83681  1039.2893  1039.2887    34.7036    34.7028    7.90969         24 0.0000e+00
   2478.000   2439.490     0.5659  30.354346     0.5662  30.353816     4.5734     4.6263    -0.0021    97.8706 1.0000e-12  -63.96580  -66.85588 330.254741      99.98 1.7629e+00   3487.583      83703  1039.2940  1039.2932    34.7037    34.7028    7.90978         21 0.0000e+00
   2479.000   2440.471     0.5659  30.354649     0.5662  30.354288     4.5787     4.6276    -0.0161    97.8706 1.0000e-12  -63.96580  -66.85588 330.254751      99.97 1.7629e+00   3488.460      83724  1039.2985  1039.2978    34.7037    34.7028    7.90979         21 0.0000e+00
   2480.000   2441.448     0.5662  30.355332     0.5664  30.354821     4.5810     4.6248    -0.0160    97.8684 1.0000e-12  -63.96580  -66.85590 330.254761      99.98 1.7629e+00   3489.358      83746  1039.3029  1039.3022    34.7037    34.7028    7.90972         23 0.0000e+00
   2481.000   2442.428     0.5661  30.355618     0.5664  30.355184     4.5791     4.6262    -0.0158    97.8720 1.0000e-12  -63.96580  -66.85590 330.254773      99.98 1.7629e+00   3490.394      83770  1039.3074  1039.3066    34.7037    34.7027    7.90975         28 0.0000e+00
   2482.000   2443.408     0.5656  30.355614     0.5661  30.355198     4.5770     4.6273    -0.0116    97.8596 1.0000e-12  -63.96580  -66.85590 330.254793      99.97 1.7629e+00   3492.089      83811  1039.3120  1039.3110    34.7037    34.7026    7.90985         39 0.0000e+00
   2483.000   2444.385     0.5655  30.355947     0.5661  30.355607     4.5737     4.6268    -0.0087    97.8583 1.0000e-12  -63.96580  -66.85592 330.254819      99.98 1.7629e+00   3494.334      83865  1039.3165  1039.3155    34.7037    34.7026    7.90986         35 0.0000e+00
   2484.000   2445.365     0.5652  30.356093     0.5657  30.355631     4.5789     4.6245    -0.0126    97.8681 1.0000e-12  -63.96580  -66.85591 330.254834      99.98 1.7629e+00   3495.690      83898  1039.3211  1039.3201    34.7037    34.7026    7.90992         30 0.0000e+00
   2485.000   2446.343     0.5646  30.355977     0.5651  30.355508     4.5804     4.6263    -0.0058    97.8660 1.0000e-12  -63.96580  -66.85590 330.254848      99.98 1.7629e+00   3496.872      83926  1039.3256  1039.3248    34.7037    34.7026    7.91004         27 0.0000e+00
   2486.000   2447.320     0.5647  30.356463     0.5652  30.356121     4.5790     4.6239    -0.0114    97.8603 1.0000e-12  -63.96580  -66.85590 330.254861      99.98 1.7629e+00   3497.978      83952  1039.3302  1039.3294    34.7038    34.7028    7.91002         26 0.0000e+00
   2487.000   2448.300     0.5644  30.356577     0.5650  30.356288     4.5777     4.6183    -0.0156    97.8583 1.0000e-12  -63.96580  -66.85590 330.254873      99.97 1.7629e+00   3498.991      83977  1039.3347  1039.3339    34.7037    34.7028    7.91008         23 0.0000e+00
   2488.000   2449.280     0.5644  30.356901     0.5647  30.356393     4.5780     4.6211    -0.0122    97.8725 1.0000e-12  -63.96580  -66.85589 330.254883      99.97 1.7629e+00   3499.910      83999  1039.3391  1039.3383    34.7036    34.7027    7.91008         21 0.0000e+00
   2489.000   2450.256     0.5635  30.356523     0.5636  30.355936     4.5760     4.6260    -0.0078    97.8585 1.0000e-12  -63.96580  -66.85589 330.254893      99.97 1.7629e+00   3500.781      84020  1039.3438  1039.3431    34.7037    34.7028    7.91027         21 0.0000e+00
   2490.000   2451.238     0.5631  30.356507     0.5633  30.355996     4.5793     4.6249    -0.0077    97.8583 1.0000e-12  -63.96580  -66.85590 330.254904      99.98 1.7629e+00   3501.680      84041  1039.3483  1039.3475    34.7036    34.7027    7.91036         23 0.0000e+00
   2491.000   2452.215     0.5631  30.356793     0.5634  30.356560     4.5816     4.6270    -0.0077    97.8583 1.0000e-12  -63.96580  -66.85590 330.254916      99.98 1.7629e+00   3502.714      84066  1039.3526  1039.3521    34.7035    34.7028    7.91037         27 0.0000e+00
   2492.000   2453.194     0.5631  30.357247     0.5635  30.356796     4.5753     4.6281    -0.0059    97.8606 1.0000e-12  -63.96581  -66.85590 330.254930      99.97 1.7629e+00   3503.973      84096  1039.3573  1039.3564    34.7036    34.7026    7.91036         33 0.0000e+00
   2493.000   2454.172     0.5621  30.356845     0.5626  30.356443     4.5784     4.6280    -0.0041    97.8681 1.0000e-12  -63.96582  -66.85592 330.254947      99.98 1.7629e+00   3505.390      84130  1039.3619  1039.3610    34.7036    34.7025    7.91056         34 0.0000e+00
   2494.000   2455.151     0.5606  30.356046     0.5612  30.355539     4.5767     4.6319    -0.0031    97.8605 1.0000e-12  -63.96582  -66.85592 330.254965      99.98 1.7629e+00   3506.936      84167  1039.3667  1039.3657    34.7037    34.7025    7.91085         38 0.0000e+00
   2495.000   2456.129     0.5592  30.355164     0.5599  30.354728     4.5774     4.6282    -0.0086    97.8583 1.0000e-12  -63.96582  -66.85590 330.254987      99.98 1.7629e+00   3508.903      84215  1039.3713  1039.3702    34.7036    34.7024    7.91115         38 0.0000e+00
