NBP2113_155081_ctd/data/dnbp2113_011.cnv
* Sea-Bird SBE 9 Data File:
* FileName = D:\Data\raw\NBP2113_011.hex
* Software Version Seasave V 7.26.7.121
* Temperature SN = 2438
* Conductivity SN = 2067
* Number of Bytes Per Scan = 40
* Number of Voltage Words = 5
* Number of Scans Averaged by the Deck Unit = 1
* NMEA Latitude = 63 57.92 S
* NMEA Longitude = 066 51.27 W
* NMEA UTC (Time) = Nov 26 2021  05:08:42
* NMEA baud rate = 9600
** Ship: RVIB N.B. Palmer
** Cruise: NBP2113 LTER
** Station: 600.200
** Operator: B. Urmston
# nquan = 25
# nvalues = 3095                        
# units = specified
# name 0 = prDM: Pressure, Digiquartz [db]
# name 1 = depSM: Depth [salt water, m]
# name 2 = t090C: Temperature [ITS-90, deg C]
# name 3 = c0mS/cm: Conductivity [mS/cm]
# name 4 = t190C: Temperature, 2 [ITS-90, deg C]
# name 5 = c1mS/cm: Conductivity, 2 [mS/cm]
# name 6 = sbeox0ML/L: Oxygen, SBE 43 [ml/l]
# name 7 = sbeox1ML/L: Oxygen, SBE 43, 2 [ml/l]
# name 8 = flECO-AFL: Fluorescence, WET Labs ECO-AFL/FL [mg/m^3]
# name 9 = CStarTr0: Beam Transmission, WET Labs C-Star [%]
# name 10 = par: PAR/Irradiance, Biospherical/Licor
# name 11 = latitude: Latitude [deg]
# name 12 = longitude: Longitude [deg]
# name 13 = timeJ: Julian Days
# name 14 = altM: Altimeter [m]
# name 15 = spar: SPAR, Biospherical/Licor
# name 16 = timeS: Time, Elapsed [seconds]
# name 17 = scan: Scan Count
# name 18 = density00: Density [density, kg/m^3]
# name 19 = density11: Density, 2 [density, kg/m^3]
# name 20 = sal00: Salinity, Practical [PSU]
# name 21 = sal11: Salinity, Practical, 2 [PSU]
# name 22 = oxsolML/L: Oxygen Saturation, Garcia & Gordon [ml/l]
# name 23 = nbin: number of scans per bin
# name 24 = flag: flag
# span 0 =      4.000,   3098.000       
# span 1 =      3.960,   3045.486       
# span 2 =    -1.0118,     2.0379       
# span 3 =  27.485453,  30.709976       
# span 4 =    -1.0103,     2.0382       
# span 5 =  27.484568,  30.708923       
# span 6 =     3.9809,     8.4829       
# span 7 =     3.9843,     8.4819       
# span 8 =    -0.0226,     7.5176       
# span 9 =    88.4704,    97.9357       
# span 10 = 1.0000e-12, 1.0000e-12      
# span 11 =  -63.96602,  -63.96546      
# span 12 =  -66.85634,  -66.85472      
# span 13 = 330.217781, 330.264640      
# span 14 =       6.63,     100.02      
# span 15 = 0.0000e+00, 7.0544e+00      
# span 16 =    294.277,   4342.849      
# span 17 =       7064,     104229      
# span 18 =  1027.2646,  1042.0775      
# span 19 =  1027.2617,  1042.0764      
# span 20 =    33.8964,    34.7289      
# span 21 =    33.8927,    34.7274      
# span 22 =    7.62144,    8.28060      
# span 23 =         15,         49      
# span 24 = 0.0000e+00, 0.0000e+00      
# interval = decibars: 1                
# start_time = Nov 26 2021 05:08:42 [NMEA time, header]
# bad_flag = -9.990e-29
*END*
[from data line 1160]
   1164.000   1149.458     1.3358  30.498920     1.3361  30.498151     4.3210     4.3617    -0.0085    97.9098 1.0000e-12  -63.96560  -66.85560 330.236140      99.98 0.0000e+00   1880.505      45133  1033.2367  1033.2356    34.7255    34.7242    7.75411         25 0.0000e+00
   1165.000   1150.442     1.3353  30.498914     1.3356  30.498102     4.3224     4.3621    -0.0069    97.9098 1.0000e-12  -63.96560  -66.85560 330.236160      99.98 0.0000e+00   1882.188      45174  1033.2414  1033.2402    34.7256    34.7242    7.75421         36 0.0000e+00
   1166.000   1151.428     1.3353  30.499225     1.3354  30.498366     4.3212     4.3626    -0.0130    97.9098 1.0000e-12  -63.96560  -66.85560 330.236181      99.97 0.0000e+00   1884.037      45218  1033.2458  1033.2448    34.7254    34.7242    7.75422         29 0.0000e+00
   1167.000   1152.411     1.3340  30.498717     1.3343  30.497778     4.3112     4.3623    -0.0044    97.9098 1.0000e-12  -63.96560  -66.85560 330.236193      99.98 0.0000e+00   1885.063      45243  1033.2507  1033.2495    34.7256    34.7242    7.75445         23 0.0000e+00
   1168.000   1153.396     1.3327  30.497991     1.3330  30.497072     4.3108     4.3620    -0.0083    97.9098 1.0000e-12  -63.96560  -66.85560 330.236204      99.98 0.0000e+00   1885.999      45265  1033.2555  1033.2542    34.7256    34.7241    7.75472         23 0.0000e+00
   1169.000   1154.381     1.3316  30.497417     1.3319  30.496530     4.3171     4.3591    -0.0120    97.9098 1.0000e-12  -63.96560  -66.85560 330.236217      99.98 0.0000e+00   1887.186      45293  1033.2601  1033.2590    34.7255    34.7241    7.75493         35 0.0000e+00
   1170.000   1155.365     1.3313  30.497510     1.3316  30.496721     4.3221     4.3564    -0.0119    97.9098 1.0000e-12  -63.96560  -66.85560 330.236240      99.98 0.0000e+00   1889.168      45341  1033.2646  1033.2636    34.7254    34.7241    7.75500         35 0.0000e+00
   1171.000   1156.352     1.3309  30.497528     1.3310  30.496699     4.3207     4.3603    -0.0160    97.9098 1.0000e-12  -63.96560  -66.85560 330.236253      99.97 0.0000e+00   1890.301      45368  1033.2693  1033.2683    34.7254    34.7242    7.75509         23 0.0000e+00
   1172.000   1157.335     1.3300  30.497369     1.3303  30.496555     4.3207     4.3615    -0.0150    97.9098 1.0000e-12  -63.96560  -66.85560 330.236264      99.97 0.0000e+00   1891.169      45389  1033.2741  1033.2730    34.7256    34.7242    7.75525         19 0.0000e+00
   1173.000   1158.320     1.3293  30.497237     1.3298  30.496500     4.3252     4.3618    -0.0204    97.9112 1.0000e-12  -63.96560  -66.85560 330.236273      99.98 0.0000e+00   1891.958      45408  1033.2788  1033.2776    34.7256    34.7242    7.75538         19 0.0000e+00
   1174.000   1159.305     1.3287  30.497041     1.3292  30.496348     4.3243     4.3615    -0.0139    97.9119 1.0000e-12  -63.96560  -66.85561 330.236283      99.98 0.0000e+00   1892.841      45429  1033.2834  1033.2823    34.7256    34.7242    7.75551         24 0.0000e+00
   1175.000   1160.290     1.3287  30.497507     1.3290  30.496611     4.3218     4.3638    -0.0142    97.8982 1.0000e-12  -63.96559  -66.85562 330.236301      99.97 0.0000e+00   1894.383      45466  1033.2880  1033.2868    34.7256    34.7241    7.75551         35 0.0000e+00
   1176.000   1161.273     1.3289  30.497990     1.3289  30.496955     4.3205     4.3585    -0.0034    97.9108 1.0000e-12  -63.96560  -66.85562 330.236329      99.98 0.0000e+00   1896.825      45525  1033.2924  1033.2914    34.7254    34.7241    7.75548         32 0.0000e+00
   1177.000   1162.259     1.3292  30.498737     1.3290  30.497475     4.3251     4.3612    -0.0119    97.9098 1.0000e-12  -63.96560  -66.85561 330.236341      99.98 0.0000e+00   1897.847      45549  1033.2971  1033.2960    34.7255    34.7241    7.75541         22 0.0000e+00
   1178.000   1163.243     1.3289  30.499023     1.3292  30.498074     4.3203     4.3577    -0.0217    97.9098 1.0000e-12  -63.96560  -66.85561 330.236350      99.97 0.0000e+00   1898.657      45569  1033.3017  1033.3006    34.7256    34.7242    7.75546         18 0.0000e+00
   1179.000   1164.229     1.3286  30.499073     1.3290  30.498349     4.3250     4.3612    -0.0133    97.9098 1.0000e-12  -63.96560  -66.85562 330.236358      99.98 0.0000e+00   1899.371      45586  1033.3064  1033.3053    34.7256    34.7242    7.75554         17 0.0000e+00
   1180.000   1165.212     1.3284  30.499341     1.3287  30.498555     4.3280     4.3624    -0.0122    97.9098 1.0000e-12  -63.96560  -66.85560 330.236367      99.98 0.0000e+00   1900.096      45603  1033.3110  1033.3099    34.7256    34.7242    7.75557         18 0.0000e+00
   1181.000   1166.199     1.3282  30.499591     1.3286  30.498782     4.3275     4.3589    -0.0132    97.9098 1.0000e-12  -63.96560  -66.85561 330.236378      99.97 0.0000e+00   1901.018      45625  1033.3156  1033.3145    34.7255    34.7241    7.75561         29 0.0000e+00
   1182.000   1167.181     1.3280  30.499823     1.3284  30.498970     4.3202     4.3622    -0.0082    97.8866 1.0000e-12  -63.96560  -66.85561 330.236401      99.98 0.0000e+00   1903.028      45674  1033.3202  1033.3189    34.7255    34.7240    7.75565         38 0.0000e+00
   1183.000   1168.168     1.3287  30.500710     1.3291  30.500146     4.3228     4.3616    -0.0179    97.9101 1.0000e-12  -63.96560  -66.85562 330.236418      99.98 0.0000e+00   1904.521      45710  1033.3246  1033.3236    34.7253    34.7242    7.75552         27 0.0000e+00
   1184.000   1169.151     1.3289  30.501459     1.3293  30.500662     4.3181     4.3612    -0.0177    97.9098 1.0000e-12  -63.96560  -66.85562 330.236430      99.98 0.0000e+00   1905.528      45734  1033.3293  1033.3282    34.7255    34.7241    7.75548         22 0.0000e+00
   1185.000   1170.135     1.3285  30.501612     1.3288  30.500681     4.3146     4.3626    -0.0122    97.9098 1.0000e-12  -63.96560  -66.85562 330.236441      99.98 0.0000e+00   1906.485      45757  1033.3340  1033.3328    34.7256    34.7241    7.75554         25 0.0000e+00
   1186.000   1171.121     1.3273  30.500821     1.3276  30.500087     4.3218     4.3640    -0.0138    97.9098 1.0000e-12  -63.96560  -66.85562 330.236455      99.98 0.0000e+00   1907.688      45786  1033.3387  1033.3375    34.7254    34.7241    7.75580         34 0.0000e+00
   1187.000   1172.106     1.3265  30.500538     1.3267  30.499690     4.3258     4.3634    -0.0139    97.9098 1.0000e-12  -63.96560  -66.85562 330.236478      99.98 0.0000e+00   1909.677      45833  1033.3433  1033.3422    34.7254    34.7240    7.75596         39 0.0000e+00
   1188.000   1173.091     1.3262  30.500714     1.3265  30.499898     4.3196     4.3595    -0.0108    97.9098 1.0000e-12  -63.96560  -66.85562 330.236492      99.98 0.0000e+00   1910.947      45864  1033.3479  1033.3468    34.7253    34.7240    7.75601         23 0.0000e+00
   1189.000   1174.075     1.3248  30.499928     1.3255  30.499491     4.3240     4.3639    -0.0070    97.9098 1.0000e-12  -63.96560  -66.85562 330.236503      99.97 0.0000e+00   1911.817      45885  1033.3527  1033.3516    34.7254    34.7241    7.75629         20 0.0000e+00
   1190.000   1175.059     1.3239  30.499587     1.3244  30.498943     4.3251     4.3646    -0.0204    97.9098 1.0000e-12  -63.96560  -66.85562 330.236512      99.98 0.0000e+00   1912.622      45904  1033.3575  1033.3563    34.7254    34.7240    7.75647         19 0.0000e+00
   1191.000   1176.044     1.3227  30.499018     1.3231  30.498201     4.3259     4.3643    -0.0086    97.9098 1.0000e-12  -63.96560  -66.85562 330.236523      99.98 0.0000e+00   1913.600      45927  1033.3623  1033.3610    34.7254    34.7239    7.75670         29 0.0000e+00
   1192.000   1177.027     1.3216  30.498310     1.3220  30.497473     4.3241     4.3636     0.0018    97.9098 1.0000e-12  -63.96560  -66.85562 330.236546      99.98 0.0000e+00   1915.553      45974  1033.3668  1033.3656    34.7253    34.7238    7.75694         29 0.0000e+00
   1193.000   1178.014     1.3210  30.498362     1.3214  30.497466     4.3244     4.3648    -0.0089    97.9098 1.0000e-12  -63.96560  -66.85562 330.236560      99.98 0.0000e+00   1916.797      46004  1033.3716  1033.3703    34.7254    34.7239    7.75704         22 0.0000e+00
   1194.000   1178.998     1.3212  30.498917     1.3213  30.498012     4.3230     4.3654    -0.0085    97.9098 1.0000e-12  -63.96560  -66.85562 330.236570      99.98 0.0000e+00   1917.615      46024  1033.3761  1033.3751    34.7254    34.7241    7.75701         18 0.0000e+00
   1195.000   1179.982     1.3206  30.498740     1.3208  30.497874     4.3267     4.3663    -0.0050    97.9098 1.0000e-12  -63.96560  -66.85562 330.236578      99.98 0.0000e+00   1918.371      46042  1033.3808  1033.3797    34.7253    34.7240    7.75713         19 0.0000e+00
   1196.000   1180.968     1.3203  30.498995     1.3208  30.498198     4.3251     4.3668    -0.0130    97.9098 1.0000e-12  -63.96560  -66.85562 330.236588      99.98 0.0000e+00   1919.212      46062  1033.3854  1033.3842    34.7253    34.7238    7.75718         23 0.0000e+00
   1197.000   1181.953     1.3199  30.498992     1.3202  30.498160     4.3196     4.3656    -0.0083    97.9098 1.0000e-12  -63.96560  -66.85562 330.236604      99.98 0.0000e+00   1920.549      46094  1033.3901  1033.3889    34.7253    34.7238    7.75727         41 0.0000e+00
   1198.000   1182.937     1.3202  30.499573     1.3204  30.498797     4.3243     4.3633    -0.0134    97.9098 1.0000e-12  -63.96560  -66.85562 330.236625      99.98 0.0000e+00   1922.360      46138  1033.3945  1033.3934    34.7252    34.7239    7.75722         34 0.0000e+00
   1199.000   1183.921     1.3191  30.498968     1.3192  30.498048     4.3219     4.3632    -0.0137    97.9098 1.0000e-12  -63.96560  -66.85562 330.236639      99.98 0.0000e+00   1923.611      46168  1033.3992  1033.3981    34.7251    34.7237    7.75744         28 0.0000e+00
   1200.000   1184.906     1.3193  30.499633     1.3196  30.498823     4.3268     4.3651    -0.0058    97.9098 1.0000e-12  -63.96560  -66.85563 330.236652      99.98 0.0000e+00   1924.768      46195  1033.4038  1033.4027    34.7251    34.7238    7.75740         29 0.0000e+00
   1201.000   1185.890     1.3188  30.499657     1.3188  30.498549     4.3215     4.3677    -0.0073    97.9098 1.0000e-12  -63.96560  -66.85563 330.236668      99.98 0.0000e+00   1926.137      46228  1033.4084  1033.4073    34.7251    34.7237    7.75749         36 0.0000e+00
   1202.000   1186.875     1.3168  30.498349     1.3171  30.497456     4.3275     4.3627    -0.0081    97.9098 1.0000e-12  -63.96560  -66.85563 330.236692      99.98 0.0000e+00   1928.180      46277  1033.4133  1033.4121    34.7252    34.7237    7.75789         39 0.0000e+00
   1203.000   1187.860     1.3164  30.498527     1.3168  30.497563     4.3187     4.3664    -0.0119    97.9098 1.0000e-12  -63.96560  -66.85564 330.236707      99.98 0.0000e+00   1929.437      46307  1033.4180  1033.4167    34.7252    34.7236    7.75795         23 0.0000e+00
   1204.000   1188.846     1.3161  30.498674     1.3164  30.497859     4.3180     4.3641    -0.0052    97.9098 1.0000e-12  -63.96560  -66.85562 330.236716      99.97 0.0000e+00   1930.285      46328  1033.4226  1033.4215    34.7252    34.7239    7.75802         18 0.0000e+00
   1205.000   1189.829     1.3154  30.498558     1.3157  30.497811     4.3256     4.3666    -0.0049    97.9098 1.0000e-12  -63.96560  -66.85562 330.236725      99.98 0.0000e+00   1931.018      46345  1033.4274  1033.4263    34.7253    34.7240    7.75815         18 0.0000e+00
   1206.000   1190.813     1.3145  30.498134     1.3147  30.497134     4.3289     4.3692    -0.0080    97.9098 1.0000e-12  -63.96560  -66.85562 330.236733      99.98 0.0000e+00   1931.755      46363  1033.4321  1033.4309    34.7253    34.7238    7.75834         18 0.0000e+00
   1207.000   1191.799     1.3128  30.497036     1.3131  30.496130     4.3274     4.3634    -0.0117    97.9098 1.0000e-12  -63.96560  -66.85562 330.236743      99.98 0.0000e+00   1932.603      46383  1033.4368  1033.4356    34.7252    34.7237    7.75868         23 0.0000e+00
   1208.000   1192.784     1.3122  30.496883     1.3126  30.496052     4.3296     4.3657    -0.0043    97.9090 1.0000e-12  -63.96560  -66.85562 330.236757      99.98 0.0000e+00   1933.766      46411  1033.4414  1033.4401    34.7251    34.7236    7.75880         33 0.0000e+00
   1209.000   1193.767     1.3114  30.496563     1.3118  30.495776     4.3285     4.3645    -0.0083    97.8617 1.0000e-12  -63.96560  -66.85562 330.236772      99.97 0.0000e+00   1935.096      46443  1033.4460  1033.4448    34.7250    34.7236    7.75895         28 0.0000e+00
   1210.000   1194.752     1.3108  30.496498     1.3111  30.495568     4.3235     4.3651    -0.0139    97.9010 1.0000e-12  -63.96560  -66.85562 330.236785      99.98 0.0000e+00   1936.190      46470  1033.4507  1033.4495    34.7251    34.7236    7.75908         26 0.0000e+00
   1211.000   1195.737     1.3101  30.496387     1.3106  30.495527     4.3233     4.3653    -0.0141    97.9096 1.0000e-12  -63.96560  -66.85564 330.236797      99.98 0.0000e+00   1937.241      46495  1033.4554  1033.4541    34.7251    34.7235    7.75920         26 0.0000e+00
   1212.000   1196.721     1.3081  30.494841     1.3086  30.494098     4.3265     4.3678    -0.0085    97.9098 1.0000e-12  -63.96560  -66.85563 330.236811      99.98 0.0000e+00   1938.465      46524  1033.4601  1033.4588    34.7248    34.7234    7.75962         32 0.0000e+00
   1213.000   1197.706     1.3024  30.490312     1.3029  30.489542     4.3349     4.3703    -0.0102    97.9098 1.0000e-12  -63.96560  -66.85563 330.236841      99.98 0.0000e+00   1941.069      46587  1033.4653  1033.4641    34.7249    34.7233    7.76075         38 0.0000e+00
   1214.000   1198.690     1.3007  30.489171     1.3011  30.488369     4.3328     4.3702    -0.0131    97.9098 1.0000e-12  -63.96560  -66.85563 330.236861      99.98 0.0000e+00   1942.807      46628  1033.4700  1033.4688    34.7247    34.7233    7.76109         26 0.0000e+00
   1215.000   1199.675     1.2995  30.488538     1.2997  30.487718     4.3292     4.3723    -0.0112    97.9098 1.0000e-12  -63.96560  -66.85563 330.236872      99.98 0.0000e+00   1943.701      46650  1033.4747  1033.4737    34.7247    34.7234    7.76133         19 0.0000e+00
   1216.000   1200.660     1.2970  30.486899     1.2975  30.486193     4.3346     4.3729    -0.0049    97.9098 1.0000e-12  -63.96560  -66.85562 330.236880      99.98 0.0000e+00   1944.477      46668  1033.4797  1033.4785    34.7248    34.7234    7.76181         18 0.0000e+00
   1217.000   1201.644     1.2965  30.486856     1.2969  30.486205     4.3368     4.3729    -0.0130    97.9098 1.0000e-12  -63.96560  -66.85564 330.236890      99.98 0.0000e+00   1945.271      46688  1033.4843  1033.4832    34.7248    34.7235    7.76192         21 0.0000e+00
   1218.000   1202.629     1.2943  30.485266     1.2946  30.484520     4.3309     4.3736    -0.0198    97.9098 1.0000e-12  -63.96560  -66.85562 330.236901      99.97 0.0000e+00   1946.227      46710  1033.4891  1033.4880    34.7246    34.7233    7.76236         26 0.0000e+00
   1219.000   1203.613     1.2931  30.484760     1.2936  30.483960     4.3364     4.3742    -0.0193    97.9098 1.0000e-12  -63.96560  -66.85562 330.236917      99.98 0.0000e+00   1947.650      46745  1033.4939  1033.4926    34.7247    34.7232    7.76258         40 0.0000e+00
   1220.000   1204.597     1.2921  30.484105     1.2925  30.483442     4.3336     4.3752    -0.0047    97.9098 1.0000e-12  -63.96560  -66.85562 330.236935      99.98 0.0000e+00   1949.168      46781  1033.4984  1033.4973    34.7245    34.7232    7.76280         31 0.0000e+00
