NBP2113_155081_ctd/data/dnbp2113_058.cnv
* Sea-Bird SBE 9 Data File:
* FileName = D:\Data\raw\NBP2113_058.hex
* Software Version Seasave V 7.26.7.121
* Temperature SN = 2438
* Conductivity SN = 2067
* Number of Bytes Per Scan = 40
* Number of Voltage Words = 5
* Number of Scans Averaged by the Deck Unit = 1
* NMEA Latitude = 64 56.50 S
* NMEA Longitude = 064 28.63 W
* NMEA UTC (Time) = Dec 12 2021  02:31:22
* NMEA baud rate = 9600
** Ship: RVIB N.B. Palmer
** Cruise: NBP2113 LTER
** Station: 597.042
** Operator: S. Blackman
# nquan = 25
# nvalues = 1145                        
# units = specified
# name 0 = prDM: Pressure, Digiquartz [db]
# name 1 = depSM: Depth [salt water, m]
# name 2 = t090C: Temperature [ITS-90, deg C]
# name 3 = c0mS/cm: Conductivity [mS/cm]
# name 4 = t190C: Temperature, 2 [ITS-90, deg C]
# name 5 = c1mS/cm: Conductivity, 2 [mS/cm]
# name 6 = sbeox0ML/L: Oxygen, SBE 43 [ml/l]
# name 7 = sbeox1ML/L: Oxygen, SBE 43, 2 [ml/l]
# name 8 = flECO-AFL: Fluorescence, WET Labs ECO-AFL/FL [mg/m^3]
# name 9 = CStarTr0: Beam Transmission, WET Labs C-Star [%]
# name 10 = par: PAR/Irradiance, Biospherical/Licor
# name 11 = latitude: Latitude [deg]
# name 12 = longitude: Longitude [deg]
# name 13 = timeJ: Julian Days
# name 14 = altM: Altimeter [m]
# name 15 = spar: SPAR, Biospherical/Licor
# name 16 = timeS: Time, Elapsed [seconds]
# name 17 = scan: Scan Count
# name 18 = density00: Density [density, kg/m^3]
# name 19 = density11: Density, 2 [density, kg/m^3]
# name 20 = sal00: Salinity, Practical [PSU]
# name 21 = sal11: Salinity, Practical, 2 [PSU]
# name 22 = oxsolML/L: Oxygen Saturation, Garcia & Gordon [ml/l]
# name 23 = nbin: number of scans per bin
# name 24 = flag: flag
# span 0 =      4.000,   1148.000       
# span 1 =      4.042,   1133.622       
# span 2 =    -0.6686,     1.4839       
# span 3 =  27.438820,  30.582023       
# span 4 =    -0.6680,     1.4838       
# span 5 =  27.436811,  30.580881       
# span 6 =     4.0495,     8.1665       
# span 7 =     4.1004,     8.2237       
# span 8 =    -0.0224,     2.4104       
# span 9 =    80.2960,    91.2131       
# span 10 = 1.0000e-12, 2.2112e+00      
# span 11 =  -64.94184,  -64.94172      
# span 12 =  -64.47740,  -64.47626      
# span 13 = 346.108846, 346.128541      
# span 14 =       8.10,     104.56      
# span 15 = 0.0000e+00, 1.7629e+00      
# span 16 =    322.326,   2023.931      
# span 17 =       7737,      48575      
# span 18 =  1027.0114,  1033.1090      
# span 19 =  1027.0096,  1033.1080      
# span 20 =    33.5826,    34.6773      
# span 21 =    33.5809,    34.6759      
# span 22 =    7.72758,    8.22904      
# span 23 =          1,         67      
# span 24 = 0.0000e+00, 0.0000e+00      
# interval = decibars: 1                
# start_time = Dec 12 2021 02:31:22 [NMEA time, header]
# bad_flag = -9.990e-29
*END*
[from data line 580]
    584.000    577.463     1.4177  30.271060     1.4172  30.269770     4.1412     4.1759    -0.0009    91.1526 1.0000e-12  -64.94176  -64.47680 346.119830      99.97 0.0000e+00   1271.302      30512  1030.4921  1030.4913    34.6676    34.6665    7.74110         14 0.0000e+00
    585.000    578.450     1.4179  30.271851     1.4177  30.270784     4.1373     4.1757    -0.0061    91.1251 1.0000e-12  -64.94176  -64.47680 346.119837      58.07 0.0000e+00   1271.889      30526  1030.4968  1030.4960    34.6678    34.6667    7.74103         14 0.0000e+00
    586.000    579.440     1.4181  30.272521     1.4178  30.271364     4.1338     4.1768    -0.0113    91.1328 1.0000e-12  -64.94176  -64.47680 346.119844       9.75 0.0000e+00   1272.514      30541  1030.5016  1030.5007    34.6678    34.6667    7.74100         16 0.0000e+00
    587.000    580.425     1.4181  30.273046     1.4177  30.271676     4.1304     4.1758    -0.0105    91.1273 1.0000e-12  -64.94174  -64.47682 346.119858      29.85 0.0000e+00   1273.716      30570  1030.5063  1030.5053    34.6679    34.6666    7.74099         29 0.0000e+00
    588.000    581.411     1.4183  30.273473     1.4179  30.272066     4.1321     4.1743    -0.0148    91.1412 1.0000e-12  -64.94174  -64.47683 346.119896     101.25 0.0000e+00   1277.045      30650  1030.5108  1030.5098    34.6678    34.6664    7.74097         31 0.0000e+00
    589.000    582.400     1.4183  30.274163     1.4180  30.272821     4.1311     4.1741    -0.0093    91.1626 1.0000e-12  -64.94174  -64.47684 346.119910      99.97 0.0000e+00   1278.260      30679  1030.5157  1030.5147    34.6680    34.6667    7.74094         27 0.0000e+00
    590.000    583.387     1.4185  30.274738     1.4181  30.273405     4.1317     4.1774    -0.0066    91.1583 1.0000e-12  -64.94174  -64.47684 346.119923      99.97 0.0000e+00   1279.325      30705  1030.5204  1030.5194    34.6680    34.6668    7.74092         25 0.0000e+00
    591.000    584.375     1.4188  30.275641     1.4185  30.274184     4.1305     4.1754    -0.0121    91.1449 1.0000e-12  -64.94174  -64.47682 346.119935      99.97 0.0000e+00   1280.372      30730  1030.5251  1030.5240    34.6682    34.6667    7.74084         25 0.0000e+00
    592.000    585.362     1.4193  30.276349     1.4189  30.275066     4.1269     4.1754    -0.0150    91.1571 1.0000e-12  -64.94174  -64.47682 346.119947      99.97 0.0000e+00   1281.402      30755  1030.5296  1030.5288    34.6680    34.6669    7.74075         25 0.0000e+00
    593.000    586.350     1.4199  30.277615     1.4195  30.276136     4.1304     4.1783    -0.0150    91.1600 1.0000e-12  -64.94174  -64.47682 346.119958      99.97 0.0000e+00   1282.401      30779  1030.5345  1030.5334    34.6684    34.6670    7.74061         23 0.0000e+00
    594.000    587.337     1.4200  30.278093     1.4197  30.276832     4.1306     4.1775    -0.0109    91.1452 1.0000e-12  -64.94174  -64.47682 346.119971      99.97 0.0000e+00   1283.466      30804  1030.5391  1030.5381    34.6683    34.6670    7.74059         28 0.0000e+00
    595.000    588.324     1.4203  30.278682     1.4198  30.277380     4.1277     4.1730    -0.0119    91.1665 1.0000e-12  -64.94174  -64.47683 346.119985      99.97 0.0000e+00   1284.693      30834  1030.5437  1030.5428    34.6682    34.6671    7.74055         31 0.0000e+00
    596.000    589.311     1.4203  30.279212     1.4199  30.277798     4.1268     4.1730    -0.0081    91.1721 1.0000e-12  -64.94174  -64.47684 346.120001      99.97 0.0000e+00   1286.056      30866  1030.5484  1030.5474    34.6682    34.6670    7.74054         33 0.0000e+00
    597.000    590.299     1.4206  30.279869     1.4202  30.278550     4.1270     4.1759    -0.0140    91.1486 1.0000e-12  -64.94174  -64.47684 346.120015      99.97 0.0000e+00   1287.318      30897  1030.5530  1030.5521    34.6683    34.6670    7.74049         28 0.0000e+00
    598.000    591.287     1.4208  30.280644     1.4203  30.279259     4.1292     4.1739    -0.0059    91.1388 1.0000e-12  -64.94174  -64.47684 346.120028      99.97 0.0000e+00   1288.440      30924  1030.5579  1030.5568    34.6684    34.6672    7.74044         27 0.0000e+00
    599.000    592.274     1.4210  30.281175     1.4205  30.279829     4.1244     4.1761    -0.0066    91.1537 1.0000e-12  -64.94174  -64.47686 346.120044      99.97 0.0000e+00   1289.841      30957  1030.5624  1030.5615    34.6684    34.6672    7.74041         34 0.0000e+00
    600.000    593.259     1.4212  30.281722     1.4207  30.280352     4.1245     4.1691     0.0025    91.1634 1.0000e-12  -64.94174  -64.47686 346.120071      99.97 0.0000e+00   1292.158      31013  1030.5670  1030.5661    34.6683    34.6671    7.74038         34 0.0000e+00
    601.000    594.248     1.4213  30.282345     1.4208  30.281011     4.1316     4.1650    -0.0071    91.1333 1.0000e-12  -64.94174  -64.47686 346.120086      99.97 0.0000e+00   1293.442      31044  1030.5718  1030.5708    34.6684    34.6672    7.74035         24 0.0000e+00
    602.000    595.237     1.4219  30.283494     1.4213  30.282059     4.1260     4.1641    -0.0031    91.1554 1.0000e-12  -64.94174  -64.47684 346.120096      99.97 0.0000e+00   1294.339      31065  1030.5765  1030.5756    34.6686    34.6674    7.74021         19 0.0000e+00
    603.000    596.223     1.4221  30.284142     1.4216  30.282826     4.1235     4.1650     0.0006    91.1652 1.0000e-12  -64.94174  -64.47684 346.120105      99.97 0.0000e+00   1295.077      31083  1030.5812  1030.5803    34.6686    34.6675    7.74017         16 0.0000e+00
    604.000    597.210     1.4222  30.284675     1.4218  30.283399     4.1205     4.1672    -0.0064    91.1634 1.0000e-12  -64.94174  -64.47684 346.120112      99.97 0.0000e+00   1295.726      31098  1030.5858  1030.5849    34.6687    34.6675    7.74015         15 0.0000e+00
    605.000    598.197     1.4223  30.285284     1.4218  30.283881     4.1212     4.1714    -0.0077    91.1634 1.0000e-12  -64.94174  -64.47684 346.120120      99.97 0.0000e+00   1296.364      31114  1030.5906  1030.5896    34.6687    34.6675    7.74013         16 0.0000e+00
    606.000    599.186     1.4224  30.285714     1.4220  30.284518     4.1216     4.1747    -0.0145    91.1466 1.0000e-12  -64.94174  -64.47686 346.120128      41.90 0.0000e+00   1297.050      31130  1030.5951  1030.5943    34.6686    34.6675    7.74011         18 0.0000e+00
    607.000    600.173     1.4223  30.286130     1.4220  30.284953     4.1224     4.1771    -0.0194    91.1625 1.0000e-12  -64.94174  -64.47686 346.120141     104.56 0.0000e+00   1298.141      31156  1030.5998  1030.5989    34.6686    34.6675    7.74012         24 0.0000e+00
    608.000    601.160     1.4225  30.286764     1.4222  30.285422     4.1284     4.1682    -0.0065    91.1543 1.0000e-12  -64.94174  -64.47690 346.120188      99.98 0.0000e+00   1302.263      31255  1030.6045  1030.6035    34.6687    34.6673    7.74009         35 0.0000e+00
    609.000    602.146     1.4230  30.287726     1.4225  30.286352     4.1281     4.1709    -0.0069    91.1585 1.0000e-12  -64.94174  -64.47689 346.120202      99.97 0.0000e+00   1303.418      31283  1030.6092  1030.6083    34.6688    34.6676    7.73998         26 0.0000e+00
    610.000    603.136     1.4234  30.288493     1.4230  30.287169     4.1247     4.1688    -0.0118    91.1648 1.0000e-12  -64.94174  -64.47686 346.120213      99.97 0.0000e+00   1304.367      31306  1030.6138  1030.6129    34.6688    34.6676    7.73991         20 0.0000e+00
    611.000    604.120     1.4236  30.289198     1.4232  30.287971     4.1309     4.1641    -0.0119    91.1798 1.0000e-12  -64.94174  -64.47686 346.120222      99.97 0.0000e+00   1305.170      31325  1030.6186  1030.6178    34.6689    34.6678    7.73987         19 0.0000e+00
    612.000    605.110     1.4238  30.289815     1.4233  30.288444     4.1273     4.1654    -0.0068    91.1731 1.0000e-12  -64.94174  -64.47686 346.120230      99.97 0.0000e+00   1305.891      31342  1030.6232  1030.6223    34.6689    34.6677    7.73983         16 0.0000e+00
    613.000    606.095     1.4240  30.290492     1.4236  30.289174     4.1213     4.1691    -0.0063    91.1584 1.0000e-12  -64.94174  -64.47686 346.120238      99.97 0.0000e+00   1306.569      31359  1030.6279  1030.6270    34.6690    34.6677    7.73978         16 0.0000e+00
    614.000    607.084     1.4242  30.291155     1.4238  30.289783     4.1256     4.1693    -0.0085    91.1549 1.0000e-12  -64.94174  -64.47686 346.120246      99.97 0.0000e+00   1307.262      31375  1030.6326  1030.6316    34.6690    34.6677    7.73974         18 0.0000e+00
    615.000    608.071     1.4242  30.291703     1.4238  30.290269     4.1247     4.1703    -0.0141    91.1630 1.0000e-12  -64.94174  -64.47686 346.120256      99.97 0.0000e+00   1308.102      31395  1030.6374  1030.6363    34.6691    34.6678    7.73973         24 0.0000e+00
    616.000    609.060     1.4242  30.292171     1.4239  30.290796     4.1241     4.1707    -0.0065    91.1634 1.0000e-12  -64.94174  -64.47690 346.120275      99.97 0.0000e+00   1309.730      31435  1030.6421  1030.6410    34.6692    34.6678    7.73973         32 0.0000e+00
    617.000    610.046     1.4245  30.292858     1.4241  30.291502     4.1242     4.1668    -0.0100    91.1664 1.0000e-12  -64.94174  -64.47692 346.120301      99.97 0.0000e+00   1312.042      31490  1030.6467  1030.6457    34.6692    34.6678    7.73967         45 0.0000e+00
    618.000    611.033     1.4248  30.293399     1.4242  30.292034     4.1248     4.1695    -0.0065    91.1712 1.0000e-12  -64.94174  -64.47692 346.120323      99.97 0.0000e+00   1313.876      31534  1030.6512  1030.6503    34.6690    34.6678    7.73963         32 0.0000e+00
    619.000    612.019     1.4249  30.293985     1.4244  30.292583     4.1221     4.1695    -0.0062    91.1785 1.0000e-12  -64.94174  -64.47692 346.120340      60.53 0.0000e+00   1315.367      31570  1030.6559  1030.6549    34.6690    34.6678    7.73960         29 0.0000e+00
    620.000    613.008     1.4251  30.294685     1.4246  30.293327     4.1217     4.1670    -0.0064    91.1848 1.0000e-12  -64.94174  -64.47690 346.120353     100.80 0.0000e+00   1316.481      31597  1030.6606  1030.6597    34.6692    34.6680    7.73956         23 0.0000e+00
    621.000    613.994     1.4253  30.295508     1.4249  30.294117     4.1219     4.1692    -0.0097    91.1617 1.0000e-12  -64.94174  -64.47690 346.120363      99.97 0.0000e+00   1317.346      31617  1030.6654  1030.6644    34.6693    34.6681    7.73949         19 0.0000e+00
    622.000    614.980     1.4256  30.296114     1.4251  30.294711     4.1151     4.1685    -0.0146    91.1482 1.0000e-12  -64.94174  -64.47690 346.120371      99.97 0.0000e+00   1318.087      31635  1030.6700  1030.6690    34.6693    34.6680    7.73945         17 0.0000e+00
    623.000    615.967     1.4258  30.296737     1.4253  30.295270     4.1174     4.1658    -0.0077    91.1616 1.0000e-12  -64.94174  -64.47690 346.120379      99.97 0.0000e+00   1318.747      31651  1030.6746  1030.6737    34.6693    34.6680    7.73941         15 0.0000e+00
    624.000    616.956     1.4260  30.297287     1.4254  30.295984     4.1247     4.1675    -0.0077    91.1600 1.0000e-12  -64.94174  -64.47690 346.120386      99.97 0.0000e+00   1319.379      31666  1030.6792  1030.6785    34.6692    34.6682    7.73938         15 0.0000e+00
    625.000    617.944     1.4261  30.297788     1.4256  30.296460     4.1244     4.1710    -0.0141    91.1263 1.0000e-12  -64.94174  -64.47690 346.120394      42.68 0.0000e+00   1320.023      31682  1030.6839  1030.6830    34.6692    34.6681    7.73936         16 0.0000e+00
    626.000    618.931     1.4259  30.298191     1.4255  30.296924     4.1233     4.1704    -0.0150    91.1135 1.0000e-12  -64.94174  -64.47690 346.120403      10.56 0.0000e+00   1320.851      31701  1030.6887  1030.6877    34.6693    34.6681    7.73938         25 0.0000e+00
    627.000    619.917     1.4258  30.298627     1.4256  30.297271     4.1207     4.1637    -0.0079    91.1587 1.0000e-12  -64.94174  -64.47694 346.120456      92.30 0.0000e+00   1325.418      31811  1030.6934  1030.6922    34.6694    34.6679    7.73940         32 0.0000e+00
    628.000    620.906     1.4265  30.299505     1.4261  30.298317     4.1169     4.1618    -0.0058    91.1635 1.0000e-12  -64.94174  -64.47693 346.120474     100.10 0.0000e+00   1326.983      31849  1030.6978  1030.6970    34.6692    34.6681    7.73927         23 0.0000e+00
    629.000    621.891     1.4270  30.300581     1.4265  30.299240     4.1187     4.1573    -0.0061    91.1634 1.0000e-12  -64.94175  -64.47692 346.120484      99.97 0.0000e+00   1327.820      31869  1030.7027  1030.7018    34.6695    34.6683    7.73917         18 0.0000e+00
    630.000    622.878     1.4272  30.301177     1.4267  30.299897     4.1187     4.1603    -0.0132    91.1634 1.0000e-12  -64.94176  -64.47692 346.120492      99.97 0.0000e+00   1328.516      31885  1030.7073  1030.7065    34.6695    34.6684    7.73913         15 0.0000e+00
    631.000    623.868     1.4274  30.301903     1.4268  30.300453     4.1200     4.1634    -0.0140    91.1538 1.0000e-12  -64.94176  -64.47692 346.120499      99.97 0.0000e+00   1329.123      31900  1030.7121  1030.7111    34.6696    34.6683    7.73908         14 0.0000e+00
    632.000    624.854     1.4275  30.302423     1.4270  30.301091     4.1189     4.1633    -0.0150    91.1576 1.0000e-12  -64.94175  -64.47692 346.120506      99.97 0.0000e+00   1329.686      31913  1030.7166  1030.7158    34.6695    34.6684    7.73906         13 0.0000e+00
    633.000    625.842     1.4278  30.303184     1.4273  30.301853     4.1187     4.1650    -0.0140    91.1523 1.0000e-12  -64.94174  -64.47692 346.120512      84.82 0.0000e+00   1330.233      31927  1030.7214  1030.7205    34.6697    34.6685    7.73900         14 0.0000e+00
    634.000    626.828     1.4280  30.303816     1.4276  30.302518     4.1122     4.1657    -0.0054    91.1257 1.0000e-12  -64.94174  -64.47692 346.120518      31.65 0.0000e+00   1330.793      31940  1030.7260  1030.7251    34.6697    34.6685    7.73896         14 0.0000e+00
    635.000    627.817     1.4280  30.304466     1.4276  30.303095     4.1094     4.1671    -0.0092    91.1357 1.0000e-12  -64.94174  -64.47692 346.120526      96.87 0.0000e+00   1331.430      31955  1030.7309  1030.7299    34.6700    34.6686    7.73895         17 0.0000e+00
    636.000    628.802     1.4280  30.304804     1.4277  30.303515     4.1148     4.1598    -0.0155    91.1392 1.0000e-12  -64.94174  -64.47693 346.120569      99.96 0.0000e+00   1335.123      32044  1030.7354  1030.7345    34.6697    34.6685    7.73894         22 0.0000e+00
    637.000    629.791     1.4285  30.305625     1.4282  30.304344     4.1191     4.1540    -0.0059    91.1176 1.0000e-12  -64.94175  -64.47693 346.120599      84.86 0.0000e+00   1337.793      32108  1030.7400  1030.7390    34.6697    34.6684    7.73885         13 0.0000e+00
    638.000    630.776     1.4294  30.307153     1.4290  30.305824     4.1189     4.1547    -0.0004    91.0862 1.0000e-12  -64.94176  -64.47692 346.120605       9.07 0.0000e+00   1338.271      32119  1030.7449  1030.7439    34.6701    34.6688    7.73866         12 0.0000e+00
    639.000    631.765     1.4298  30.307856     1.4293  30.306598     4.1150     4.1585     0.0026    91.0968 1.0000e-12  -64.94176  -64.47692 346.120611      21.97 0.0000e+00   1338.765      32131  1030.7494  1030.7486    34.6700    34.6689    7.73859         12 0.0000e+00
    640.000    632.750     1.4299  30.308572     1.4295  30.307226     4.1123     4.1589    -0.0033    91.1177 1.0000e-12  -64.94176  -64.47692 346.120616      97.66 0.0000e+00   1339.256      32143  1030.7543  1030.7533    34.6702    34.6690    7.73855         12 0.0000e+00
