NBP2113_155081_ctd/data/dnbp2113_028.cnv
* Sea-Bird SBE 9 Data File:
* FileName = D:\Data\raw\NBP2113_028.hex
* Software Version Seasave V 7.26.7.121
* Temperature SN = 2438
* Conductivity SN = 2067
* Number of Bytes Per Scan = 40
* Number of Voltage Words = 5
* Number of Scans Averaged by the Deck Unit = 1
* NMEA Latitude = 68 01.84 S
* NMEA Longitude = 069 17.14 W
* NMEA UTC (Time) = Dec 04 2021  16:43:12
* NMEA baud rate = 9600
** Ship: RVIB N.B. Palmer
** Cruise: NBP2113 LTER
** Station: 200.-040
** Operator: S. Blackman
# nquan = 25
# nvalues = 204                         
# units = specified
# name 0 = prDM: Pressure, Digiquartz [db]
# name 1 = depSM: Depth [salt water, m]
# name 2 = t090C: Temperature [ITS-90, deg C]
# name 3 = c0mS/cm: Conductivity [mS/cm]
# name 4 = t190C: Temperature, 2 [ITS-90, deg C]
# name 5 = c1mS/cm: Conductivity, 2 [mS/cm]
# name 6 = sbeox0ML/L: Oxygen, SBE 43 [ml/l]
# name 7 = sbeox1ML/L: Oxygen, SBE 43, 2 [ml/l]
# name 8 = flECO-AFL: Fluorescence, WET Labs ECO-AFL/FL [mg/m^3]
# name 9 = CStarTr0: Beam Transmission, WET Labs C-Star [%]
# name 10 = par: PAR/Irradiance, Biospherical/Licor
# name 11 = latitude: Latitude [deg]
# name 12 = longitude: Longitude [deg]
# name 13 = timeJ: Julian Days
# name 14 = altM: Altimeter [m]
# name 15 = spar: SPAR, Biospherical/Licor
# name 16 = timeS: Time, Elapsed [seconds]
# name 17 = scan: Scan Count
# name 18 = density00: Density [density, kg/m^3]
# name 19 = density11: Density, 2 [density, kg/m^3]
# name 20 = sal00: Salinity, Practical [PSU]
# name 21 = sal11: Salinity, Practical, 2 [PSU]
# name 22 = oxsolML/L: Oxygen Saturation, Garcia & Gordon [ml/l]
# name 23 = nbin: number of scans per bin
# name 24 = flag: flag
# span 0 =      4.000,    207.000       
# span 1 =      3.959,    204.827       
# span 2 =    -1.2248,    -0.2025       
# span 3 =  27.201273,  28.409158       
# span 4 =    -1.2238,    -0.2029       
# span 5 =  27.200496,  28.407635       
# span 6 =     5.9636,     8.3809       
# span 7 =     6.0713,     8.4106       
# span 8 =     0.1003,     1.8335       
# span 9 =    88.9739,    95.7307       
# span 10 = -1.102e-05, 2.8839e+02      
# span 11 =  -68.03098,  -68.03091      
# span 12 =  -69.28572,  -69.28564      
# span 13 = 338.700202, 338.705204      
# span 14 =      99.97,      99.99      
# span 15 = 1.0362e+03, 1.0947e+03      
# span 16 =    305.444,    737.635      
# span 17 =       7332,      17704      
# span 18 =  1027.2090,  1028.5095      
# span 19 =  1027.2061,  1028.5084      
# span 20 =    33.8181,    34.2686      
# span 21 =    33.8146,    34.2671      
# span 22 =    8.09406,    8.33884      
# span 23 =          1,         70      
# span 24 = 0.0000e+00, 0.0000e+00      
# interval = decibars: 1                
# start_time = Dec 04 2021 16:43:12 [NMEA time, header]
# bad_flag = -9.990e-29
*END*
      4.000      3.959    -0.8514  27.439941    -0.8462  27.441748     8.3737     8.4106     1.0234    88.9931 2.8839e+02  -68.03096  -69.28564 338.700202      99.99 1.0577e+03    305.444       7332  1027.2090  1027.2061    33.8181    33.8146    8.26003          1 0.0000e+00
      5.000      4.952    -0.8607  27.433314    -0.8601  27.432099     8.3418     8.4045     0.8366    89.1206 2.6282e+02  -68.03096  -69.28568 338.700275      99.97 1.0577e+03    311.801       7484  1027.2151  1027.2131    33.8189    33.8166    8.26203         28 0.0000e+00
      6.000      5.941    -0.8632  27.432119    -0.8621  27.431079     8.3519     8.3975     0.9374    89.1769 2.3306e+02  -68.03096  -69.28567 338.700322      99.97 1.0577e+03    315.787       7580  1027.2204  1027.2182    33.8195    33.8168    8.26255         36 0.0000e+00
      7.000      6.931    -0.8621  27.433307    -0.8617  27.431846     8.3430     8.3985     0.8832    89.1553 2.0297e+02  -68.03096  -69.28567 338.700350      99.97 1.0572e+03    318.222       7638  1027.2249  1027.2229    33.8192    33.8168    8.26232         42 0.0000e+00
      8.000      7.919    -0.8604  27.435009    -0.8600  27.433523     8.3809     8.4000     0.9930    89.0686 1.7997e+02  -68.03096  -69.28567 338.700383      99.97 1.0560e+03    321.091       7707  1027.2294  1027.2274    33.8190    33.8165    8.26195         40 0.0000e+00
      9.000      8.911    -0.8559  27.438760    -0.8559  27.437159     8.3759     8.3972     0.9907    89.1618 1.5850e+02  -68.03096  -69.28567 338.700407      99.97 1.0553e+03    323.153       7757  1027.2334  1027.2317    33.8185    33.8162    8.26101         34 0.0000e+00
     10.000      9.899    -0.8575  27.438272    -0.8564  27.437159     8.3211     8.3754     1.2497    89.0466 1.3681e+02  -68.03096  -69.28569 338.700444      99.97 1.0542e+03    326.382       7834  1027.2388  1027.2365    33.8189    33.8162    8.26132         47 0.0000e+00
     11.000     10.890    -0.8676  27.430725    -0.8712  27.426208     8.3620     8.3675     1.2211    89.1345 1.1718e+02  -68.03097  -69.28567 338.700471      99.97 1.0542e+03    328.676       7889  1027.2447  1027.2432    33.8195    33.8173    8.26352         46 0.0000e+00
     12.000     11.881    -0.8675  27.431225    -0.8661  27.430352     8.3305     8.3723     1.2218    89.0752 1.0783e+02  -68.03098  -69.28566 338.700498      99.97 1.0540e+03    331.047       7946  1027.2492  1027.2470    33.8193    33.8166    8.26349         32 0.0000e+00
     13.000     12.870    -0.8608  27.436647    -0.8607  27.435090     8.3541     8.3715     1.2243    89.1682 9.5060e+01  -68.03096  -69.28570 338.700552      99.97 1.0524e+03    335.709       8058  1027.2529  1027.2512    33.8185    33.8163    8.26206         44 0.0000e+00
     14.000     13.860    -0.8632  27.435305    -0.8627  27.434051     8.3322     8.3809     1.2773    88.9739 8.1202e+01  -68.03098  -69.28569 338.700573      99.97 1.0524e+03    337.507       8101  1027.2582  1027.2562    33.8189    33.8165    8.26259         40 0.0000e+00
     15.000     14.848    -0.8636  27.435413    -0.8635  27.433712     8.3234     8.3743     1.3912    89.0549 7.3944e+01  -68.03098  -69.28567 338.700612      99.97 1.0524e+03    340.854       8181  1027.2629  1027.2610    33.8187    33.8164    8.26266         31 0.0000e+00
     16.000     15.841    -0.8661  27.434086    -0.8656  27.432996     8.3317     8.3636     1.4126    89.0955 6.8455e+01  -68.03098  -69.28568 338.700658      99.97 1.0510e+03    344.869       8278  1027.2682  1027.2665    33.8192    33.8171    8.26319         31 0.0000e+00
     17.000     16.830    -0.8746  27.428545    -0.8726  27.428103     8.3192     8.3556     1.5039    88.9915 5.9996e+01  -68.03098  -69.28570 338.700690      99.97 1.0494e+03    347.648       8345  1027.2746  1027.2722    33.8206    33.8177    8.26498         37 0.0000e+00
     18.000     17.817    -0.8729  27.429926    -0.8736  27.427864     8.3343     8.3596     1.4717    89.1503 5.0656e+01  -68.03098  -69.28570 338.700724      99.97 1.0496e+03    350.537       8414  1027.2788  1027.2771    33.8200    33.8179    8.26465         32 0.0000e+00
     19.000     18.811    -0.8616  27.438759    -0.8633  27.435518     8.3509     8.3721     1.4505    89.2121 4.7387e+01  -68.03098  -69.28567 338.700764      99.97 1.0504e+03    354.006       8497  1027.2816  1027.2798    33.8186    33.8161    8.26223         29 0.0000e+00
     20.000     19.795    -0.8597  27.440773    -0.8576  27.440715     8.3237     8.3765     1.5008    89.1597 4.4030e+01  -68.03098  -69.28568 338.700800      99.97 1.0482e+03    357.109       8572  1027.2863  1027.2843    33.8186    33.8161    8.26182         26 0.0000e+00
     21.000     20.791    -0.8617  27.439474    -0.8612  27.438325     8.3321     8.3773     1.5683    89.0160 3.6568e+01  -68.03098  -69.28570 338.700840      99.97 1.0472e+03    360.571       8655  1027.2914  1027.2896    33.8185    33.8163    8.26228         29 0.0000e+00
     22.000     21.779    -0.8616  27.439969    -0.8609  27.438931     8.3255     8.3766     1.5240    89.1223 3.3547e+01  -68.03098  -69.28569 338.700873      99.97 1.0472e+03    363.452       8724  1027.2961  1027.2942    33.8184    33.8161    8.26225         35 0.0000e+00
     23.000     22.769    -0.8663  27.436339    -0.8659  27.435193     8.3436     8.3651     1.6246    89.1217 3.1778e+01  -68.03098  -69.28568 338.700898      99.97 1.0472e+03    365.563       8775  1027.3010  1027.2993    33.8182    33.8161    8.26330         44 0.0000e+00
     24.000     23.756    -0.8708  27.433577    -0.8798  27.425247     8.3442     8.3617     1.6167    89.1872 2.8859e+01  -68.03098  -69.28568 338.700922      99.97 1.0472e+03    367.689       8826  1027.3065  1027.3062    33.8188    33.8176    8.26425         33 0.0000e+00
     25.000     24.749    -0.8665  27.437533    -0.8866  27.420709     8.2643     8.3388     1.5950    89.2026 2.4851e+01  -68.03098  -69.28568 338.700956      99.97 1.0457e+03    370.561       8894  1027.3110  1027.3121    33.8187    33.8184    8.26331         33 0.0000e+00
     26.000     25.738    -0.8939  27.418551    -0.8921  27.418105     8.2886     8.3231     1.6111    89.1951 2.1948e+01  -68.03098  -69.28569 338.700980      99.97 1.0454e+03    372.681       8945  1027.3211  1027.3187    33.8231    33.8205    8.26907         40 0.0000e+00
     27.000     26.730    -0.8980  27.416085    -0.8978  27.414727     8.2633     8.3188     1.7995    89.2210 2.0620e+01  -68.03098  -69.28568 338.701009      99.97 1.0454e+03    375.153       9005  1027.3265  1027.3246    33.8238    33.8217    8.26994         32 0.0000e+00
     28.000     27.717    -0.8963  27.418591    -0.8969  27.416885     8.2382     8.2975     1.8023    89.3288 1.9009e+01  -68.03098  -69.28568 338.701042      99.97 1.0454e+03    378.053       9074  1027.3317  1027.3302    33.8247    33.8229    8.26952         32 0.0000e+00
     29.000     28.709    -0.8970  27.420752    -0.8946  27.420359     8.2048     8.2809     1.6972    89.3802 1.6348e+01  -68.03098  -69.28570 338.701085      99.97 1.0440e+03    381.713       9162  1027.3389  1027.3361    33.8277    33.8245    8.26948         27 0.0000e+00
     30.000     29.697    -0.9053  27.418377    -0.9048  27.416736     8.1448     8.2289     1.8326    89.6051 1.5075e+01  -68.03098  -69.28568 338.701123      99.97 1.0450e+03    385.013       9241  1027.3486  1027.3462    33.8333    33.8304    8.27099         42 0.0000e+00
     31.000     30.685    -0.9048  27.422669    -0.9014  27.424123     8.1229     8.2060     1.8335    89.8030 1.3707e+01  -68.03098  -69.28568 338.701150      99.97 1.0443e+03    387.339       9297  1027.3569  1027.3553    33.8379    33.8361    8.27060         42 0.0000e+00
     32.000     31.680    -0.8929  27.435373    -0.8911  27.435033     8.0972     8.2040     1.5878    89.7700 1.2525e+01  -68.03098  -69.28568 338.701174      99.97 1.0434e+03    389.451       9348  1027.3635  1027.3615    33.8411    33.8387    8.26780         35 0.0000e+00
     33.000     32.668    -0.8708  27.459148    -0.8719  27.455398     8.0832     8.1591     1.6872    90.1006 1.1064e+01  -68.03098  -69.28570 338.701237      99.97 1.0430e+03    394.864       9478  1027.3725  1027.3695    33.8479    33.8441    8.26254         39 0.0000e+00
     34.000     33.657    -0.8074  27.519262    -0.8066  27.517875     8.0496     8.1463     1.3962    90.0425 1.0051e+01  -68.03098  -69.28568 338.701263      99.97 1.0436e+03    397.126       9532  1027.3812  1027.3789    33.8576    33.8549    8.24808         46 0.0000e+00
     35.000     34.647    -0.7979  27.528197    -0.7971  27.527168     8.0972     8.1472     1.5311    90.2661 9.5473e+00  -68.03098  -69.28566 338.701291      99.97 1.0431e+03    399.511       9589  1027.3867  1027.3848    33.8585    33.8562    8.24596         45 0.0000e+00
     36.000     35.637    -0.7839  27.541517    -0.7836  27.540070     8.1000     8.1435     1.5890    90.3187 8.9792e+00  -68.03098  -69.28568 338.701318      99.97 1.0418e+03    401.893       9646  1027.3924  1027.3905    33.8602    33.8578    8.24279         47 0.0000e+00
     37.000     36.627    -0.7697  27.554344    -0.7713  27.550646     8.0851     8.1429     1.4177    90.3802 8.0338e+00  -68.03098  -69.28570 338.701376      99.97 1.0403e+03    406.920       9767  1027.3977  1027.3953    33.8610    33.8578    8.23964         20 0.0000e+00
     38.000     37.617    -0.7576  27.566132    -0.7565  27.565325     8.0832     8.1315     1.3882    90.4019 7.3761e+00  -68.03098  -69.28568 338.701406      99.97 1.0419e+03    409.510       9829  1027.4035  1027.4015    33.8627    33.8604    8.23690         41 0.0000e+00
     39.000     38.607    -0.7699  27.556404    -0.7691  27.555643     8.0341     8.1263     1.6337    90.4233 6.8782e+00  -68.03098  -69.28566 338.701427      99.97 1.0419e+03    411.304       9872  1027.4094  1027.4077    33.8628    33.8609    8.23959         37 0.0000e+00
     40.000     39.598    -0.7876  27.542890    -0.7847  27.543520     8.0302     8.1121     1.3776    90.4390 6.4546e+00  -68.03098  -69.28567 338.701468      99.97 1.0403e+03    414.858       9958  1027.4162  1027.4141    33.8637    33.8613    8.24339         22 0.0000e+00
     41.000     40.586    -0.8161  27.521824    -0.8160  27.520734     8.0161     8.0847     1.2867    90.5943 5.8932e+00  -68.03098  -69.28568 338.701510      99.97 1.0401e+03    418.503      10045  1027.4251  1027.4239    33.8665    33.8650    8.24946         48 0.0000e+00
     42.000     41.575    -0.8612  27.486146    -0.8599  27.485345     7.9861     8.0575     1.2267    90.7852 5.5311e+00  -68.03098  -69.28567 338.701543      99.97 1.0401e+03    421.305      10112  1027.4339  1027.4318    33.8683    33.8657    8.25926         44 0.0000e+00
     43.000     42.565    -0.9053  27.452747    -0.9045  27.451048     7.9562     8.0196     1.1567    91.0266 5.1870e+00  -68.03098  -69.28566 338.701572      99.97 1.0386e+03    423.858      10174  1027.4440  1027.4414    33.8719    33.8687    8.26873         45 0.0000e+00
     44.000     43.557    -0.9116  27.451711    -0.9097  27.451659     7.9196     8.0142     1.1035    91.0292 4.7769e+00  -68.03098  -69.28566 338.701603      99.97 1.0383e+03    426.477      10236  1027.4526  1027.4508    33.8770    33.8748    8.26982         28 0.0000e+00
     45.000     44.544    -0.9566  27.414382    -0.9527  27.415536     7.8629     7.9492     1.1314    91.5740 4.4465e+00  -68.03098  -69.28567 338.701656      99.97 1.0383e+03    431.095      10347  1027.4588  1027.4565    33.8762    33.8735    8.27976         32 0.0000e+00
     46.000     45.535    -1.0332  27.351378    -1.0305  27.352018     7.8418     7.9100     0.8391    91.9728 4.1324e+00  -68.03098  -69.28567 338.701682      99.97 1.0383e+03    433.289      10400  1027.4680  1027.4661    33.8762    33.8739    8.29669         44 0.0000e+00
     47.000     46.525    -1.0518  27.336147    -1.0508  27.335441     7.8018     7.9115     0.9915    92.2546 3.8811e+00  -68.03098  -69.28566 338.701706      99.97 1.0383e+03    435.373      10450  1027.4727  1027.4711    33.8757    33.8736    8.30082         39 0.0000e+00
     48.000     47.517    -1.0698  27.321915    -1.0690  27.321348     7.8229     7.8910     0.8639    92.5350 3.6393e+00  -68.03098  -69.28566 338.701748      99.97 1.0375e+03    438.990      10537  1027.4777  1027.4762    33.8760    33.8743    8.30480         27 0.0000e+00
     49.000     48.506    -1.1114  27.287424    -1.1122  27.284933     7.7685     7.8477     0.7396    92.7396 3.3562e+00  -68.03098  -69.28567 338.701792      99.97 1.0366e+03    442.827      10629  1027.4834  1027.4814    33.8752    33.8727    8.31407         32 0.0000e+00
     50.000     49.494    -1.1718  27.239110    -1.1700  27.238718     7.7213     7.8358     0.6362    92.9874 3.1515e+00  -68.03098  -69.28566 338.701817      99.97 1.0366e+03    444.954      10680  1027.4925  1027.4904    33.8767    33.8743    8.32739         35 0.0000e+00
     51.000     50.481    -1.1794  27.233114    -1.1792  27.232046     7.7489     7.8116     0.6361    93.2912 3.0109e+00  -68.03098  -69.28566 338.701851      99.97 1.0366e+03    447.908      10751  1027.4966  1027.4952    33.8765    33.8748    8.32910         32 0.0000e+00
     52.000     51.472    -1.2140  27.206743    -1.2132  27.206194     7.7046     7.7828     0.5165    93.5407 2.8705e+00  -68.03098  -69.28566 338.701885      99.97 1.0366e+03    450.847      10821  1027.5046  1027.5032    33.8789    33.8772    8.33667         41 0.0000e+00
     53.000     52.463    -1.2248  27.201273    -1.2238  27.200496     7.7060     7.7718     0.4916    93.7815 2.6342e+00  -68.03098  -69.28567 338.701917      99.97 1.0366e+03    453.648      10889  1027.5125  1027.5107    33.8830    33.8808    8.33884         37 0.0000e+00
     54.000     53.452    -1.2035  27.224739    -1.2038  27.222558     7.7785     7.7928     0.5166    93.9039 2.4664e+00  -68.03098  -69.28566 338.701963      99.97 1.0366e+03    457.609      10984  1027.5213  1027.5192    33.8904    33.8877    8.33365         38 0.0000e+00
     55.000     54.444    -1.1435  27.280335    -1.1422  27.279260     7.7781     7.8184     0.4369    93.9971 2.4102e+00  -68.03096  -69.28566 338.701993      99.97 1.0366e+03    460.201      11046  1027.5285  1027.5261    33.8981    33.8951    8.31985         34 0.0000e+00
     56.000     55.432    -1.1109  27.311094    -1.1101  27.310225     7.7998     7.8191     0.5074    93.8652 2.3023e+00  -68.03096  -69.28566 338.702014      99.97 1.0366e+03    462.014      11089  1027.5353  1027.5335    33.9027    33.9005    8.31234         35 0.0000e+00
     57.000     56.423    -1.1171  27.305516    -1.1174  27.303545     7.7714     7.8126     0.5347    93.8341 2.1043e+00  -68.03096  -69.28567 338.702060      99.97 1.0362e+03    465.984      11185  1027.5401  1027.5382    33.9014    33.8991    8.31379         40 0.0000e+00
     58.000     57.411    -1.1285  27.295815    -1.1286  27.294209     7.7696     7.7981     0.4875    93.7882 1.9473e+00  -68.03097  -69.28567 338.702106      99.97 1.0366e+03    469.968      11280  1027.5451  1027.5435    33.9004    33.8983    8.31637         32 0.0000e+00
     59.000     58.401    -1.1274  27.297553    -1.1285  27.295077     7.7433     7.8022     0.4628    93.8273 1.8519e+00  -68.03098  -69.28566 338.702121      99.97 1.0366e+03    471.230      11311  1027.5504  1027.5487    33.9010    33.8988    8.31611         34 0.0000e+00
     60.000     59.392    -1.1299  27.296271    -1.1283  27.295790     7.7630     7.7973     0.5103    93.8458 1.7872e+00  -68.03097  -69.28566 338.702151      99.97 1.0366e+03    473.841      11373  1027.5557  1027.5536    33.9013    33.8989    8.31662         34 0.0000e+00
