NBP2113_155081_ctd/data/dnbp2113_057.cnv
* Sea-Bird SBE 9 Data File:
* FileName = D:\Data\raw\NBP2113_057.hex
* Software Version Seasave V 7.26.7.121
* Temperature SN = 2438
* Conductivity SN = 2067
* Number of Bytes Per Scan = 40
* Number of Voltage Words = 5
* Number of Scans Averaged by the Deck Unit = 1
* NMEA Latitude = 64 55.49 S
* NMEA Longitude = 064 36.97 W
* NMEA UTC (Time) = Dec 12 2021  00:03:38
* NMEA baud rate = 9600
** Ship: RVIB N.B. Palmer
** Cruise: NBP2113 LTER
** Station: 594.048
** Operator: S. Blackman
# nquan = 25
# nvalues = 1062                        
# units = specified
# name 0 = prDM: Pressure, Digiquartz [db]
# name 1 = depSM: Depth [salt water, m]
# name 2 = t090C: Temperature [ITS-90, deg C]
# name 3 = c0mS/cm: Conductivity [mS/cm]
# name 4 = t190C: Temperature, 2 [ITS-90, deg C]
# name 5 = c1mS/cm: Conductivity, 2 [mS/cm]
# name 6 = sbeox0ML/L: Oxygen, SBE 43 [ml/l]
# name 7 = sbeox1ML/L: Oxygen, SBE 43, 2 [ml/l]
# name 8 = flECO-AFL: Fluorescence, WET Labs ECO-AFL/FL [mg/m^3]
# name 9 = CStarTr0: Beam Transmission, WET Labs C-Star [%]
# name 10 = par: PAR/Irradiance, Biospherical/Licor
# name 11 = latitude: Latitude [deg]
# name 12 = longitude: Longitude [deg]
# name 13 = timeJ: Julian Days
# name 14 = altM: Altimeter [m]
# name 15 = spar: SPAR, Biospherical/Licor
# name 16 = timeS: Time, Elapsed [seconds]
# name 17 = scan: Scan Count
# name 18 = density00: Density [density, kg/m^3]
# name 19 = density11: Density, 2 [density, kg/m^3]
# name 20 = sal00: Salinity, Practical [PSU]
# name 21 = sal11: Salinity, Practical, 2 [PSU]
# name 22 = oxsolML/L: Oxygen Saturation, Garcia & Gordon [ml/l]
# name 23 = nbin: number of scans per bin
# name 24 = flag: flag
# span 0 =      5.000,   1066.000       
# span 1 =      4.951,   1052.856       
# span 2 =    -0.7269,     1.4774       
# span 3 =  27.403068,  30.540986       
# span 4 =    -0.7244,     1.4771       
# span 5 =  27.403682,  30.539651       
# span 6 =     4.0482,     8.1302       
# span 7 =     4.1003,     8.1365       
# span 8 =    -0.0224,     1.8303       
# span 9 =    81.6141,    90.8032       
# span 10 = 1.0000e-12, 2.2659e+01      
# span 11 =  -64.92486,  -64.92480      
# span 12 =  -64.61628,  -64.61592      
# span 13 = 346.005971, 346.022881      
# span 14 =       8.33,      99.99      
# span 15 = 4.7588e+01, 7.7567e+01      
# span 16 =    297.893,   1758.899      
# span 17 =       7150,      42215      
# span 18 =  1027.0289,  1032.7314      
# span 19 =  1027.0279,  1032.7303      
# span 20 =    33.5922,    34.6771      
# span 21 =    33.5900,    34.6757      
# span 22 =    7.72887,    8.24382      
# span 23 =         12,         49      
# span 24 = 0.0000e+00, 0.0000e+00      
# interval = decibars: 1                
# start_time = Dec 12 2021 00:03:38 [NMEA time, header]
# bad_flag = -9.990e-29
*END*
[from data line 696]
    701.000    692.959     1.4396  30.345351     1.4392  30.343983     4.1066     4.1521    -0.0031    90.7259 1.0000e-12  -64.92482  -64.61598 346.017378      99.97 5.2886e+01   1283.453      30804  1031.0390  1031.0379    34.6720    34.6707    7.73656         30 0.0000e+00
    702.000    693.947     1.4399  30.346012     1.4393  30.344570     4.1042     4.1551     0.0023    90.7164 1.0000e-12  -64.92482  -64.61598 346.017390      99.97 5.2886e+01   1284.494      30829  1031.0436  1031.0426    34.6720    34.6707    7.73650         23 0.0000e+00
    703.000    694.933     1.4399  30.346530     1.4394  30.345114     4.1066     4.1535    -0.0040    90.7133 1.0000e-12  -64.92482  -64.61596 346.017400      99.97 5.2800e+01   1285.393      30850  1031.0482  1031.0474    34.6720    34.6708    7.73648         21 0.0000e+00
    704.000    695.920     1.4400  30.346912     1.4395  30.345608     4.1109     4.1527    -0.0117    90.6641 1.0000e-12  -64.92482  -64.61596 346.017410      99.97 5.2009e+01   1286.225      30870  1031.0527  1031.0520    34.6718    34.6708    7.73648         20 0.0000e+00
    705.000    696.908     1.4401  30.347574     1.4397  30.346279     4.1094     4.1577    -0.0146    90.6660 1.0000e-12  -64.92482  -64.61596 346.017419      99.97 5.1229e+01   1287.029      30890  1031.0576  1031.0566    34.6720    34.6708    7.73645         19 0.0000e+00
    706.000    697.893     1.4403  30.348222     1.4397  30.346766     4.1106     4.1545    -0.0135    90.7253 1.0000e-12  -64.92483  -64.61596 346.017429      99.97 5.1125e+01   1287.828      30909  1031.0623  1031.0613    34.6721    34.6709    7.73642         19 0.0000e+00
    707.000    698.882     1.4402  30.348627     1.4397  30.347199     4.1136     4.1501    -0.0126    90.7257 1.0000e-12  -64.92483  -64.61597 346.017438      99.97 5.1124e+01   1288.650      30929  1031.0669  1031.0659    34.6721    34.6708    7.73643         21 0.0000e+00
    708.000    699.868     1.4402  30.349147     1.4399  30.347720     4.1059     4.1511    -0.0056    90.7257 1.0000e-12  -64.92482  -64.61598 346.017450      99.97 5.1124e+01   1289.685      30953  1031.0716  1031.0705    34.6722    34.6708    7.73642         31 0.0000e+00
    709.000    700.854     1.4403  30.349587     1.4400  30.348250     4.1100     4.1546    -0.0125    90.7257 1.0000e-12  -64.92482  -64.61598 346.017476      99.97 5.1124e+01   1291.957      31008  1031.0763  1031.0751    34.6722    34.6707    7.73641         43 0.0000e+00
    710.000    701.841     1.4404  30.350125     1.4401  30.348755     4.1097     4.1547    -0.0135    90.7257 1.0000e-12  -64.92482  -64.61598 346.017503      99.97 5.1124e+01   1294.227      31062  1031.0809  1031.0798    34.6721    34.6707    7.73638         37 0.0000e+00
    711.000    702.828     1.4408  30.350892     1.4403  30.349540     4.1107     4.1514    -0.0076    90.7169 1.0000e-12  -64.92483  -64.61598 346.017518      99.97 5.1124e+01   1295.546      31094  1031.0855  1031.0845    34.6721    34.6709    7.73631         26 0.0000e+00
    712.000    703.816     1.4410  30.351518     1.4405  30.350155     4.1076     4.1502     0.0030    90.7367 1.0000e-12  -64.92484  -64.61598 346.017529      99.97 5.1124e+01   1296.533      31118  1031.0902  1031.0893    34.6722    34.6709    7.73628         23 0.0000e+00
    713.000    704.801     1.4410  30.352076     1.4406  30.350699     4.1104     4.1506    -0.0138    90.7104 1.0000e-12  -64.92484  -64.61598 346.017540      99.96 5.1124e+01   1297.430      31139  1031.0949  1031.0939    34.6722    34.6710    7.73626         20 0.0000e+00
    714.000    705.790     1.4412  30.352701     1.4408  30.351324     4.1038     4.1501     0.0014    90.7211 1.0000e-12  -64.92484  -64.61598 346.017550      99.97 5.1124e+01   1298.318      31161  1031.0995  1031.0985    34.6723    34.6710    7.73622         22 0.0000e+00
    715.000    706.775     1.4412  30.353205     1.4408  30.351833     4.1070     4.1519    -0.0010    90.7312 1.0000e-12  -64.92482  -64.61598 346.017561      99.97 5.1124e+01   1299.245      31183  1031.1042  1031.1032    34.6724    34.6710    7.73622         23 0.0000e+00
    716.000    707.762     1.4412  30.353581     1.4409  30.352353     4.1101     4.1482     0.0006    90.7279 1.0000e-12  -64.92482  -64.61596 346.017572      99.97 5.1124e+01   1300.210      31206  1031.1088  1031.1079    34.6723    34.6710    7.73622         23 0.0000e+00
    717.000    708.749     1.4415  30.354267     1.4410  30.352869     4.1062     4.1496     0.0009    90.7268 1.0000e-12  -64.92482  -64.61598 346.017583      99.97 5.1124e+01   1301.178      31229  1031.1134  1031.1126    34.6723    34.6711    7.73617         23 0.0000e+00
    718.000    709.736     1.4421  30.355440     1.4417  30.353986     4.1059     4.1481    -0.0054    90.7056 1.0000e-12  -64.92482  -64.61598 346.017594      99.97 5.1124e+01   1302.120      31252  1031.1183  1031.1172    34.6726    34.6711    7.73604         23 0.0000e+00
    719.000    710.722     1.4421  30.355811     1.4418  30.354616     4.1062     4.1511    -0.0068    90.7249 1.0000e-12  -64.92482  -64.61598 346.017606      99.97 5.1124e+01   1303.127      31276  1031.1228  1031.1220    34.6725    34.6713    7.73604         27 0.0000e+00
    720.000    711.708     1.4420  30.356310     1.4418  30.354972     4.1059     4.1531    -0.0081    90.7200 1.0000e-12  -64.92482  -64.61600 346.017633      99.97 5.1124e+01   1305.454      31332  1031.1276  1031.1265    34.6726    34.6711    7.73605         31 0.0000e+00
    721.000    712.695     1.4422  30.356915     1.4421  30.355620     4.1080     4.1427    -0.0113    90.7293 1.0000e-12  -64.92482  -64.61600 346.017667      99.96 5.1124e+01   1308.459      31404  1031.1322  1031.1311    34.6726    34.6711    7.73600         35 0.0000e+00
    722.000    713.683     1.4425  30.357649     1.4421  30.356192     4.1032     4.1445     0.0030    90.7098 1.0000e-12  -64.92482  -64.61598 346.017679      99.97 5.1124e+01   1309.477      31428  1031.1370  1031.1359    34.6727    34.6713    7.73595         22 0.0000e+00
    723.000    714.669     1.4424  30.357887     1.4421  30.356663     4.1035     4.1473    -0.0168    90.7108 1.0000e-12  -64.92482  -64.61598 346.017689      99.97 5.1124e+01   1310.320      31449  1031.1415  1031.1405    34.6725    34.6713    7.73597         19 0.0000e+00
    724.000    715.657     1.4426  30.358466     1.4423  30.357218     4.1010     4.1468    -0.0132    90.7161 1.0000e-12  -64.92482  -64.61598 346.017697      99.97 5.1124e+01   1311.031      31466  1031.1461  1031.1451    34.6724    34.6712    7.73593         16 0.0000e+00
    725.000    716.642     1.4429  30.359259     1.4425  30.357858     4.0978     4.1487    -0.0049    90.7033 1.0000e-12  -64.92482  -64.61598 346.017704      99.97 5.1124e+01   1311.659      31481  1031.1508  1031.1497    34.6725    34.6712    7.73586         14 0.0000e+00
    726.000    717.631     1.4431  30.359855     1.4427  30.358555     4.1011     4.1517     0.0007    90.7017 1.0000e-12  -64.92482  -64.61598 346.017711      99.97 5.1124e+01   1312.234      31495  1031.1554  1031.1545    34.6726    34.6714    7.73584         14 0.0000e+00
    727.000    718.617     1.4430  30.360274     1.4427  30.358952     4.1044     4.1494     0.0030    90.6999 1.0000e-12  -64.92482  -64.61598 346.017717      99.97 5.1124e+01   1312.793      31508  1031.1601  1031.1591    34.6726    34.6713    7.73585         13 0.0000e+00
    728.000    719.603     1.4430  30.360679     1.4426  30.359253     4.1110     4.1484    -0.0066    90.6999 1.0000e-12  -64.92482  -64.61598 346.017724      99.97 5.1124e+01   1313.351      31521  1031.1647  1031.1637    34.6726    34.6712    7.73585         14 0.0000e+00
    729.000    720.590     1.4429  30.361134     1.4426  30.359830     4.1128     4.1473    -0.0134    90.6999 1.0000e-12  -64.92482  -64.61600 346.017731      99.96 5.1124e+01   1313.959      31536  1031.1695  1031.1686    34.6727    34.6715    7.73586         16 0.0000e+00
    730.000    721.575     1.4430  30.361595     1.4427  30.360260     4.1037     4.1506    -0.0034    90.6910 1.0000e-12  -64.92482  -64.61601 346.017757      99.97 5.1124e+01   1316.178      31589  1031.1742  1031.1730    34.6727    34.6713    7.73586         27 0.0000e+00
    731.000    722.563     1.4432  30.362153     1.4429  30.360736     4.1067     4.1442    -0.0149    90.6746 1.0000e-12  -64.92482  -64.61602 346.017806      99.97 5.1124e+01   1320.457      31692  1031.1787  1031.1775    34.6726    34.6711    7.73581         25 0.0000e+00
    732.000    723.549     1.4435  30.362843     1.4431  30.361536     4.1043     4.1389     0.0014    90.6842 1.0000e-12  -64.92482  -64.61600 346.017816      99.97 5.1124e+01   1321.277      31712  1031.1833  1031.1823    34.6725    34.6713    7.73575         21 0.0000e+00
    733.000    724.536     1.4440  30.363845     1.4435  30.362458     4.1008     4.1403    -0.0012    90.6870 1.0000e-12  -64.92482  -64.61600 346.017825      99.97 5.1124e+01   1322.057      31730  1031.1881  1031.1871    34.6728    34.6715    7.73565         18 0.0000e+00
    734.000    725.526     1.4444  30.364813     1.4440  30.363292     4.1021     4.1395    -0.0045    90.6998 1.0000e-12  -64.92482  -64.61599 346.017833      99.97 5.1124e+01   1322.767      31747  1031.1928  1031.1916    34.6730    34.6715    7.73556         16 0.0000e+00
    735.000    726.511     1.4446  30.365327     1.4442  30.363905     4.0954     4.1420    -0.0033    90.6828 1.0000e-12  -64.92482  -64.61598 346.017840      99.97 5.1124e+01   1323.414      31763  1031.1974  1031.1963    34.6729    34.6715    7.73553         15 0.0000e+00
    736.000    727.496     1.4448  30.365927     1.4444  30.364650     4.0925     4.1436    -0.0082    90.6815 1.0000e-12  -64.92482  -64.61598 346.017847      99.96 5.1124e+01   1324.020      31777  1031.2020  1031.2011    34.6728    34.6716    7.73549         14 0.0000e+00
    737.000    728.485     1.4449  30.366560     1.4446  30.365324     4.0948     4.1443    -0.0134    90.6998 1.0000e-12  -64.92482  -64.61598 346.017854      99.97 5.1124e+01   1324.602      31791  1031.2067  1031.2057    34.6729    34.6718    7.73546         14 0.0000e+00
    738.000    729.469     1.4449  30.367100     1.4446  30.365780     4.0971     4.1459    -0.0107    90.6982 1.0000e-12  -64.92482  -64.61600 346.017861      99.97 5.1124e+01   1325.199      31806  1031.2114  1031.2104    34.6730    34.6717    7.73545         15 0.0000e+00
    739.000    730.458     1.4449  30.367571     1.4446  30.366170     4.0985     4.1493    -0.0041    90.6984 1.0000e-12  -64.92482  -64.61601 346.017869      99.97 5.1124e+01   1325.847      31821  1031.2161  1031.2150    34.6731    34.6717    7.73545         17 0.0000e+00
    740.000    731.445     1.4450  30.368020     1.4446  30.366682     4.0999     4.1484    -0.0084    90.6638 1.0000e-12  -64.92483  -64.61602 346.017893      99.97 5.1038e+01   1327.928      31871  1031.2207  1031.2197    34.6730    34.6717    7.73544         26 0.0000e+00
    741.000    732.431     1.4452  30.368466     1.4448  30.367215     4.0937     4.1456    -0.0110    90.6744 1.0000e-12  -64.92484  -64.61602 346.017936      99.97 5.0498e+01   1331.664      31961  1031.2251  1031.2243    34.6728    34.6717    7.73541         20 0.0000e+00
    742.000    733.417     1.4454  30.369298     1.4451  30.367973     4.0942     4.1466     0.0045    90.6742 1.0000e-12  -64.92484  -64.61602 346.017945      99.96 5.0197e+01   1332.414      31979  1031.2300  1031.2290    34.6731    34.6718    7.73535         19 0.0000e+00
    743.000    734.404     1.4456  30.370018     1.4451  30.368598     4.0941     4.1415    -0.0096    90.6729 1.0000e-12  -64.92484  -64.61602 346.017954      99.97 5.0069e+01   1333.212      31998  1031.2347  1031.2338    34.6732    34.6719    7.73531         20 0.0000e+00
    744.000    735.391     1.4460  30.370907     1.4456  30.369543     4.0902     4.1436    -0.0101    90.6705 1.0000e-12  -64.92484  -64.61602 346.017964      99.97 4.9369e+01   1334.073      32019  1031.2395  1031.2385    34.6734    34.6721    7.73523         21 0.0000e+00
    745.000    736.377     1.4460  30.371467     1.4457  30.369983     4.0962     4.1440    -0.0077    90.6730 1.0000e-12  -64.92483  -64.61602 346.017974      99.97 4.9361e+01   1334.988      32041  1031.2442  1031.2430    34.6735    34.6719    7.73522         23 0.0000e+00
    746.000    737.364     1.4461  30.371851     1.4457  30.370613     4.0995     4.1441    -0.0133    90.6587 1.0000e-12  -64.92482  -64.61602 346.017985      99.97 4.9361e+01   1335.943      32064  1031.2488  1031.2478    34.6734    34.6721    7.73521         23 0.0000e+00
    747.000    738.351     1.4461  30.372412     1.4458  30.370947     4.0963     4.1400    -0.0118    90.6673 1.0000e-12  -64.92482  -64.61602 346.017997      99.97 4.9361e+01   1336.975      32088  1031.2535  1031.2523    34.6734    34.6719    7.73519         27 0.0000e+00
    748.000    739.338     1.4462  30.372887     1.4460  30.371507     4.0979     4.1433    -0.0034    90.6622 1.0000e-12  -64.92482  -64.61602 346.018012      99.97 4.9361e+01   1338.245      32119  1031.2581  1031.2570    34.6734    34.6719    7.73518         34 0.0000e+00
    749.000    740.324     1.4463  30.373441     1.4460  30.372046     4.1013     4.1431    -0.0033    90.6705 1.0000e-12  -64.92482  -64.61604 346.018029      99.97 4.9361e+01   1339.709      32154  1031.2628  1031.2617    34.6735    34.6720    7.73516         35 0.0000e+00
    750.000    741.311     1.4463  30.373820     1.4461  30.372460     4.0991     4.1425    -0.0115    90.6668 1.0000e-12  -64.92482  -64.61604 346.018046      99.97 4.9361e+01   1341.192      32190  1031.2674  1031.2663    34.6734    34.6719    7.73517         38 0.0000e+00
    751.000    742.296     1.4465  30.374433     1.4462  30.373003     4.0902     4.1447    -0.0089    90.6435 1.0000e-12  -64.92484  -64.61604 346.018065      99.97 4.9361e+01   1342.777      32228  1031.2720  1031.2709    34.6734    34.6719    7.73513         33 0.0000e+00
    752.000    743.285     1.4467  30.374974     1.4463  30.373641     4.0999     4.1449    -0.0033    90.6430 1.0000e-12  -64.92484  -64.61604 346.018078      99.97 4.9361e+01   1343.929      32255  1031.2766  1031.2757    34.6733    34.6721    7.73510         24 0.0000e+00
    753.000    744.270     1.4468  30.375619     1.4464  30.374277     4.1005     4.1437    -0.0039    90.6735 1.0000e-12  -64.92484  -64.61604 346.018088      99.97 4.9361e+01   1344.851      32277  1031.2813  1031.2803    34.6734    34.6722    7.73506         21 0.0000e+00
    754.000    745.257     1.4469  30.376244     1.4466  30.374878     4.0965     4.1429    -0.0044    90.6506 1.0000e-12  -64.92484  -64.61604 346.018099      99.97 4.9361e+01   1345.737      32299  1031.2860  1031.2850    34.6735    34.6721    7.73503         22 0.0000e+00
    755.000    746.244     1.4471  30.376829     1.4468  30.375507     4.0959     4.1415    -0.0042    90.6484 1.0000e-12  -64.92483  -64.61604 346.018110      99.96 4.9361e+01   1346.732      32323  1031.2906  1031.2896    34.6734    34.6721    7.73499         27 0.0000e+00
    756.000    747.231     1.4474  30.377529     1.4471  30.376266     4.0978     4.1420     0.0008    90.6484 1.0000e-12  -64.92483  -64.61604 346.018124      99.97 4.9361e+01   1347.896      32351  1031.2953  1031.2943    34.6735    34.6723    7.73494         29 0.0000e+00
    757.000    748.216     1.4477  30.378374     1.4474  30.377010     4.0970     4.1452    -0.0118    90.6484 1.0000e-12  -64.92482  -64.61606 346.018138      99.97 4.9361e+01   1349.120      32380  1031.3000  1031.2989    34.6736    34.6723    7.73487         28 0.0000e+00
