NBP2113_155081_ctd/data/dnbp2113_034.cnv
* Sea-Bird SBE 9 Data File:
* FileName = D:\Data\raw\NBP2113_034.hex
* Software Version Seasave V 7.26.7.121
* Temperature SN = 2438
* Conductivity SN = 2067
* Number of Bytes Per Scan = 40
* Number of Voltage Words = 5
* Number of Scans Averaged by the Deck Unit = 1
* NMEA Latitude = 64 56.01 S
* NMEA Longitude = 064 23.98 W
* NMEA UTC (Time) = Dec 08 2021  22:30:19
* NMEA baud rate = 9600
** Ship: RVIB N.B. Palmer
** Cruise: NBP2113 LTER
** Station: 600.040
** Operator: S. Blackman
# nquan = 25
# nvalues = 1312                        
# units = specified
# name 0 = prDM: Pressure, Digiquartz [db]
# name 1 = depSM: Depth [salt water, m]
# name 2 = t090C: Temperature [ITS-90, deg C]
# name 3 = c0mS/cm: Conductivity [mS/cm]
# name 4 = t190C: Temperature, 2 [ITS-90, deg C]
# name 5 = c1mS/cm: Conductivity, 2 [mS/cm]
# name 6 = sbeox0ML/L: Oxygen, SBE 43 [ml/l]
# name 7 = sbeox1ML/L: Oxygen, SBE 43, 2 [ml/l]
# name 8 = flECO-AFL: Fluorescence, WET Labs ECO-AFL/FL [mg/m^3]
# name 9 = CStarTr0: Beam Transmission, WET Labs C-Star [%]
# name 10 = par: PAR/Irradiance, Biospherical/Licor
# name 11 = latitude: Latitude [deg]
# name 12 = longitude: Longitude [deg]
# name 13 = timeJ: Julian Days
# name 14 = altM: Altimeter [m]
# name 15 = spar: SPAR, Biospherical/Licor
# name 16 = timeS: Time, Elapsed [seconds]
# name 17 = scan: Scan Count
# name 18 = density00: Density [density, kg/m^3]
# name 19 = density11: Density, 2 [density, kg/m^3]
# name 20 = sal00: Salinity, Practical [PSU]
# name 21 = sal11: Salinity, Practical, 2 [PSU]
# name 22 = oxsolML/L: Oxygen Saturation, Garcia & Gordon [ml/l]
# name 23 = nbin: number of scans per bin
# name 24 = flag: flag
# span 0 =      6.000,   1317.000       
# span 1 =      5.944,   1299.982       
# span 2 =    -1.0262,     1.4955       
# span 3 =  27.106680,  30.664402       
# span 4 =    -1.0257,     1.4954       
# span 5 =  27.105153,  30.663411       
# span 6 =     4.0372,     8.0717       
# span 7 =     4.0860,     8.0934       
# span 8 =    -0.0223,     1.7667       
# span 9 =    87.1900,    96.0513       
# span 10 = 1.0000e-12, 3.4378e+01      
# span 11 =  -64.93358,  -64.93318      
# span 12 =  -64.39988,  -64.39906      
# span 13 = 342.941235, 342.962500      
# span 14 =       6.77,     105.13      
# span 15 = 7.9150e+01, 1.3222e+02      
# span 16 =    303.694,   2140.997      
# span 17 =       7290,      51385      
# span 18 =  1027.0114,  1033.8858      
# span 19 =  1027.0098,  1033.8848      
# span 20 =    33.5529,    34.6780      
# span 21 =    33.5505,    34.6769      
# span 22 =    7.72527,    8.31412      
# span 23 =         11,         45      
# span 24 = 0.0000e+00, 0.0000e+00      
# interval = decibars: 1                
# start_time = Dec 08 2021 22:30:19 [NMEA time, header]
# bad_flag = -9.990e-29
*END*
[from data line 812]
    818.000    808.389     1.4525  30.410103     1.4524  30.409054     4.0973     4.1303    -0.0133    95.9072 1.0000e-12  -64.93342  -64.39949 342.954836      99.97 1.0048e+02   1478.798      35492  1031.5837  1031.5828    34.6747    34.6735    7.73387         22 0.0000e+00
    819.000    809.379     1.4527  30.410641     1.4525  30.409560     4.0979     4.1326     0.0029    95.9165 1.0000e-12  -64.93342  -64.39948 342.954845      99.97 1.0048e+02   1479.578      35511  1031.5884  1031.5875    34.6746    34.6735    7.73384         17 0.0000e+00
    820.000    810.364     1.4531  30.411381     1.4527  30.410519     4.0959     4.1283     0.0048    95.9014 1.0000e-12  -64.93342  -64.39948 342.954852      99.97 1.0048e+02   1480.231      35527  1031.5930  1031.5924    34.6746    34.6739    7.73377         14 0.0000e+00
    821.000    811.348     1.4532  30.412105     1.4531  30.411095     4.0975     4.1313     0.0029    95.9136 1.0000e-12  -64.93342  -64.39948 342.954859      99.97 1.0048e+02   1480.808      35540  1031.5977  1031.5969    34.6748    34.6737    7.73373         13 0.0000e+00
    822.000    812.334     1.4533  30.412599     1.4532  30.411724     4.0944     4.1318     0.0038    95.9124 1.0000e-12  -64.93342  -64.39948 342.954865      99.97 1.0048e+02   1481.362      35554  1031.6023  1031.6016    34.6748    34.6738    7.73372         14 0.0000e+00
    823.000    813.322     1.4534  30.412979     1.4531  30.411971     4.0949     4.1372     0.0030    95.9014 1.0000e-12  -64.93342  -64.39948 342.954872      99.97 1.0048e+02   1481.916      35567  1031.6068  1031.6061    34.6746    34.6736    7.73370         13 0.0000e+00
    824.000    814.310     1.4532  30.413373     1.4531  30.412461     4.0922     4.1413    -0.0043    95.8791 1.0000e-12  -64.93342  -64.39948 342.954878      99.97 1.0048e+02   1482.499      35581  1031.6116  1031.6108    34.6748    34.6737    7.73373         15 0.0000e+00
    825.000    815.296     1.4533  30.413947     1.4531  30.412936     4.0890     4.1433    -0.0131    95.8758 1.0000e-12  -64.93342  -64.39950 342.954887      99.97 1.0048e+02   1483.195      35598  1031.6163  1031.6155    34.6749    34.6738    7.73371         20 0.0000e+00
    826.000    816.282     1.4533  30.414315     1.4531  30.413262     4.0939     4.1390    -0.0084    95.8813 1.0000e-12  -64.93342  -64.39952 342.954923      99.97 1.0048e+02   1486.313      35673  1031.6209  1031.6200    34.6748    34.6736    7.73372         36 0.0000e+00
    827.000    817.267     1.4535  30.414829     1.4533  30.413771     4.0906     4.1322    -0.0198    95.8805 1.0000e-12  -64.93342  -64.39952 342.954960      99.97 1.0048e+02   1489.585      35751  1031.6255  1031.6246    34.6746    34.6735    7.73369         26 0.0000e+00
    828.000    818.254     1.4535  30.415205     1.4531  30.414192     4.0947     4.1317    -0.0082    95.8900 1.0000e-12  -64.93342  -64.39950 342.954970      99.97 1.0048e+02   1490.416      35771  1031.6300  1031.6293    34.6746    34.6737    7.73369         20 0.0000e+00
    829.000    819.241     1.4536  30.415786     1.4534  30.414779     4.1049     4.1316    -0.0047    95.8755 1.0000e-12  -64.93342  -64.39950 342.954979      99.97 1.0048e+02   1491.170      35789  1031.6347  1031.6339    34.6746    34.6736    7.73366         17 0.0000e+00
    830.000    820.223     1.4538  30.416441     1.4535  30.415411     4.1003     4.1296    -0.0043    95.8756 1.0000e-12  -64.93342  -64.39950 342.954986      99.97 1.0048e+02   1491.835      35805  1031.6393  1031.6385    34.6746    34.6737    7.73362         15 0.0000e+00
    831.000    821.213     1.4541  30.417043     1.4537  30.416029     4.0924     4.1303    -0.0046    95.8756 1.0000e-12  -64.93342  -64.39950 342.954993      99.98 1.0048e+02   1492.434      35819  1031.6439  1031.6432    34.6745    34.6737    7.73357         14 0.0000e+00
    832.000    822.198     1.4541  30.417598     1.4537  30.416542     4.0955     4.1314    -0.0049    95.8796 1.0000e-12  -64.93342  -64.39950 342.955000      99.97 1.0048e+02   1493.005      35833  1031.6487  1031.6479    34.6747    34.6737    7.73356         13 0.0000e+00
    833.000    823.186     1.4542  30.418000     1.4537  30.416868     4.0972     4.1354    -0.0046    95.9015 1.0000e-12  -64.93342  -64.39950 342.955007      99.97 1.0048e+02   1493.566      35847  1031.6532  1031.6524    34.6746    34.6736    7.73355         14 0.0000e+00
    834.000    824.173     1.4542  30.418590     1.4540  30.417616     4.0898     4.1380    -0.0036    95.8834 1.0000e-12  -64.93342  -64.39952 342.955013      99.97 1.0048e+02   1494.133      35860  1031.6579  1031.6572    34.6747    34.6738    7.73354         14 0.0000e+00
    835.000    825.158     1.4540  30.418922     1.4537  30.417895     4.0864     4.1375    -0.0037    95.8761 1.0000e-12  -64.93342  -64.39952 342.955021      99.97 1.0048e+02   1494.809      35876  1031.6626  1031.6619    34.6748    34.6738    7.73357         20 0.0000e+00
    836.000    826.144     1.4542  30.419536     1.4540  30.418350     4.0937     4.1319    -0.0088    95.8634 1.0000e-12  -64.93342  -64.39952 342.955069      99.97 1.0048e+02   1498.982      35977  1031.6673  1031.6663    34.6748    34.6736    7.73353         25 0.0000e+00
    837.000    827.129     1.4543  30.419923     1.4540  30.418921     4.0951     4.1307    -0.0034    95.8757 1.0000e-12  -64.93342  -64.39951 342.955089      99.97 1.0048e+02   1500.685      36017  1031.6718  1031.6710    34.6747    34.6737    7.73352         19 0.0000e+00
    838.000    828.116     1.4544  30.420481     1.4540  30.419525     4.0925     4.1336    -0.0025    95.8756 1.0000e-12  -64.93342  -64.39950 342.955098      99.97 1.0048e+02   1501.431      36035  1031.6764  1031.6758    34.6747    34.6739    7.73350         17 0.0000e+00
    839.000    829.103     1.4545  30.421127     1.4541  30.420018     4.0898     4.1357    -0.0043    95.8756 1.0000e-12  -64.93342  -64.39950 342.955106      99.97 1.0048e+02   1502.141      36052  1031.6812  1031.6804    34.6749    34.6738    7.73347         17 0.0000e+00
    840.000    830.087     1.4546  30.421537     1.4542  30.420461     4.0893     4.1357    -0.0030    95.8756 1.0000e-12  -64.93342  -64.39950 342.955114      99.98 1.0048e+02   1502.829      36069  1031.6858  1031.6850    34.6747    34.6738    7.73347         17 0.0000e+00
    841.000    831.076     1.4545  30.421948     1.4541  30.420885     4.0930     4.1358    -0.0036    95.8756 1.0000e-12  -64.93342  -64.39950 342.955122      99.98 1.0048e+02   1503.543      36086  1031.6905  1031.6897    34.6748    34.6739    7.73348         18 0.0000e+00
    842.000    832.060     1.4545  30.422348     1.4541  30.421337     4.0955     4.1359    -0.0086    95.8936 1.0000e-12  -64.93342  -64.39952 342.955131      99.97 1.0048e+02   1504.354      36106  1031.6951  1031.6943    34.6748    34.6739    7.73348         21 0.0000e+00
    843.000    833.048     1.4545  30.422782     1.4542  30.421716     4.0949     4.1362    -0.0164    95.8838 1.0000e-12  -64.93342  -64.39952 342.955143      99.97 1.0048e+02   1505.393      36130  1031.6997  1031.6988    34.6747    34.6737    7.73348         30 0.0000e+00
    844.000    834.032     1.4545  30.423322     1.4544  30.422209     4.0927     4.1373    -0.0080    95.9034 1.0000e-12  -64.93342  -64.39954 342.955176      99.98 1.0048e+02   1508.217      36198  1031.7044  1031.7034    34.6748    34.6735    7.73347         28 0.0000e+00
    845.000    835.020     1.4548  30.423916     1.4545  30.422873     4.0889     4.1367    -0.0126    95.9239 1.0000e-12  -64.93342  -64.39952 342.955204      99.97 1.0048e+02   1510.608      36256  1031.7089  1031.7081    34.6748    34.6737    7.73342         30 0.0000e+00
    846.000    836.005     1.4550  30.424656     1.4547  30.423574     4.0929     4.1344    -0.0026    95.8983 1.0000e-12  -64.93342  -64.39952 342.955215      99.97 1.0048e+02   1511.569      36279  1031.7136  1031.7129    34.6749    34.6739    7.73338         21 0.0000e+00
    847.000    836.992     1.4553  30.425414     1.4550  30.424364     4.0875     4.1299    -0.0030    95.8664 1.0000e-12  -64.93340  -64.39952 342.955224      99.97 1.0048e+02   1512.337      36297  1031.7182  1031.7176    34.6749    34.6740    7.73331         17 0.0000e+00
    848.000    837.979     1.4554  30.425902     1.4552  30.424927     4.0908     4.1323    -0.0058    95.8756 1.0000e-12  -64.93340  -64.39952 342.955231      99.97 1.0048e+02   1513.000      36313  1031.7229  1031.7222    34.6749    34.6740    7.73330         15 0.0000e+00
    849.000    838.962     1.4555  30.426445     1.4552  30.425399     4.0928     4.1340    -0.0131    95.8945 1.0000e-12  -64.93340  -64.39952 342.955239      99.98 1.0048e+02   1513.626      36328  1031.7276  1031.7268    34.6750    34.6739    7.73328         15 0.0000e+00
    850.000    839.953     1.4555  30.426877     1.4552  30.425780     4.0944     4.1331    -0.0077    95.9014 1.0000e-12  -64.93340  -64.39952 342.955246      99.97 1.0048e+02   1514.269      36343  1031.7322  1031.7313    34.6750    34.6739    7.73328         16 0.0000e+00
    851.000    840.936     1.4554  30.427231     1.4551  30.426233     4.0961     4.1351    -0.0042    95.8915 1.0000e-12  -64.93342  -64.39952 342.955255      99.97 1.0048e+02   1514.992      36361  1031.7369  1031.7361    34.6750    34.6740    7.73330         20 0.0000e+00
    852.000    841.924     1.4554  30.427711     1.4553  30.426630     4.0909     4.1338    -0.0085    95.8830 1.0000e-12  -64.93342  -64.39953 342.955268      99.97 1.0048e+02   1516.143      36388  1031.7415  1031.7406    34.6750    34.6738    7.73329         34 0.0000e+00
    853.000    842.908     1.4556  30.428219     1.4554  30.427100     4.0867     4.1313    -0.0143    95.9020 1.0000e-12  -64.93342  -64.39956 342.955293      99.97 1.0048e+02   1518.347      36441  1031.7461  1031.7451    34.6749    34.6736    7.73326         41 0.0000e+00
    854.000    843.895     1.4557  30.428843     1.4554  30.427759     4.0896     4.1320    -0.0030    95.9014 1.0000e-12  -64.93341  -64.39955 342.955313      99.97 1.0048e+02   1520.003      36481  1031.7507  1031.7499    34.6750    34.6739    7.73322         32 0.0000e+00
    855.000    844.881     1.4557  30.429357     1.4554  30.428186     4.0874     4.1332    -0.0112    95.9198 1.0000e-12  -64.93340  -64.39954 342.955326      99.97 1.0048e+02   1521.206      36510  1031.7554  1031.7546    34.6750    34.6739    7.73322         28 0.0000e+00
    856.000    845.868     1.4559  30.429808     1.4556  30.428807     4.0963     4.1332     0.0009    95.9211 1.0000e-12  -64.93340  -64.39954 342.955340      99.97 1.0048e+02   1522.403      36539  1031.7600  1031.7592    34.6749    34.6739    7.73320         30 0.0000e+00
    857.000    846.853     1.4561  30.430336     1.4557  30.429291     4.0958     4.1324    -0.0133    95.9005 1.0000e-12  -64.93340  -64.39952 342.955356      99.98 1.0048e+02   1523.759      36571  1031.7645  1031.7638    34.6749    34.6739    7.73317         33 0.0000e+00
    858.000    847.841     1.4561  30.430902     1.4558  30.429859     4.0829     4.1240    -0.0130    95.8891 1.0000e-12  -64.93340  -64.39952 342.955371      99.97 1.0048e+02   1525.023      36602  1031.7692  1031.7685    34.6749    34.6739    7.73315         26 0.0000e+00
    859.000    848.826     1.4562  30.431473     1.4563  30.430831     4.0874     4.1271    -0.0135    95.8859 1.0000e-12  -64.93340  -64.39952 342.955381      99.97 1.0048e+02   1525.953      36624  1031.7739  1031.7732    34.6750    34.6741    7.73312         20 0.0000e+00
    860.000    849.813     1.4567  30.432326     1.4564  30.431346     4.0874     4.1302    -0.0132    95.9033 1.0000e-12  -64.93340  -64.39952 342.955390      99.97 1.0048e+02   1526.700      36642  1031.7785  1031.7778    34.6750    34.6741    7.73304         16 0.0000e+00
    861.000    850.795     1.4567  30.432820     1.4565  30.431899     4.0859     4.1320    -0.0121    95.9189 1.0000e-12  -64.93340  -64.39952 342.955397      99.98 1.0048e+02   1527.348      36657  1031.7831  1031.7824    34.6750    34.6741    7.73302         15 0.0000e+00
    862.000    851.785     1.4570  30.433451     1.4567  30.432403     4.0885     4.1322    -0.0124    95.9049 1.0000e-12  -64.93340  -64.39954 342.955405      99.98 1.0048e+02   1527.945      36672  1031.7878  1031.7870    34.6750    34.6740    7.73298         14 0.0000e+00
    863.000    852.771     1.4569  30.434027     1.4567  30.432938     4.0915     4.1293    -0.0073    95.8895 1.0000e-12  -64.93340  -64.39954 342.955411      99.97 1.0048e+02   1528.537      36686  1031.7926  1031.7917    34.6752    34.6742    7.73297         15 0.0000e+00
    864.000    853.757     1.4568  30.434323     1.4565  30.433158     4.0882     4.1298    -0.0040    95.8763 1.0000e-12  -64.93340  -64.39954 342.955419      99.97 1.0048e+02   1529.212      36702  1031.7972  1031.7963    34.6752    34.6741    7.73300         19 0.0000e+00
    865.000    854.741     1.4571  30.434888     1.4567  30.433792     4.0897     4.1283    -0.0080    95.8586 1.0000e-12  -64.93340  -64.39953 342.955466      99.97 1.0048e+02   1533.264      36799  1031.8017  1031.8009    34.6751    34.6741    7.73296         24 0.0000e+00
    866.000    855.729     1.4572  30.435373     1.4569  30.434311     4.0869     4.1246    -0.0189    95.8501 1.0000e-12  -64.93340  -64.39952 342.955491      99.98 1.0048e+02   1535.391      36850  1031.8063  1031.8055    34.6750    34.6739    7.73293         16 0.0000e+00
    867.000    856.716     1.4572  30.435951     1.4571  30.434911     4.0869     4.1264    -0.0187    95.8499 1.0000e-12  -64.93340  -64.39950 342.955498      99.98 1.0048e+02   1536.040      36866  1031.8110  1031.8102    34.6752    34.6740    7.73292         14 0.0000e+00
    868.000    857.700     1.4574  30.436514     1.4572  30.435504     4.0930     4.1280    -0.0128    95.8499 1.0000e-12  -64.93340  -64.39950 342.955505      99.97 1.0048e+02   1536.620      36880  1031.8156  1031.8148    34.6751    34.6741    7.73289         13 0.0000e+00
    869.000    858.688     1.4575  30.437079     1.4572  30.436052     4.1000     4.1292    -0.0122    95.8499 1.0000e-12  -64.93340  -64.39950 342.955511      99.97 1.0048e+02   1537.179      36893  1031.8203  1031.8195    34.6751    34.6741    7.73286         13 0.0000e+00
    870.000    859.672     1.4575  30.437369     1.4572  30.436413     4.0920     4.1329    -0.0124    95.8319 1.0000e-12  -64.93340  -64.39950 342.955518      99.97 1.0048e+02   1537.734      36907  1031.8248  1031.8241    34.6750    34.6741    7.73288         14 0.0000e+00
    871.000    860.660     1.4574  30.437930     1.4572  30.436938     4.0851     4.1324    -0.0088    95.8499 1.0000e-12  -64.93340  -64.39950 342.955524      99.97 1.0048e+02   1538.311      36920  1031.8297  1031.8288    34.6753    34.6742    7.73288         14 0.0000e+00
    872.000    861.648     1.4574  30.438299     1.4572  30.437333     4.0843     4.1359    -0.0050    95.8483 1.0000e-12  -64.93340  -64.39951 342.955532      99.97 1.0048e+02   1538.932      36935  1031.8343  1031.8334    34.6752    34.6742    7.73289         16 0.0000e+00
    873.000    862.631     1.4572  30.438628     1.4571  30.437489     4.0823     4.1323    -0.0114    95.8518 1.0000e-12  -64.93340  -64.39952 342.955541      99.97 1.0048e+02   1539.745      36955  1031.8389  1031.8379    34.6752    34.6740    7.73292         25 0.0000e+00
    874.000    863.617     1.4574  30.439163     1.4574  30.438176     4.0893     4.1320    -0.0097    95.8648 1.0000e-12  -64.93338  -64.39954 342.955588      99.98 1.0048e+02   1543.807      37052  1031.8434  1031.8425    34.6751    34.6739    7.73288         34 0.0000e+00
