NBP2113_155081_ctd/data/dnbp2113_002.cnv
* Sea-Bird SBE 9 Data File:
* FileName = D:\Data\raw\NBP2113_002.hex
* Software Version Seasave V 7.26.7.121
* Temperature SN = 2438
* Conductivity SN = 2067
* Number of Bytes Per Scan = 40
* Number of Voltage Words = 5
* Number of Scans Averaged by the Deck Unit = 1
* NMEA Latitude = 63 34.52 S
* NMEA Longitude = 060 42.00 W
* NMEA UTC (Time) = Nov 22 2021  11:46:05
* NMEA baud rate = 9600
** Ship: RVIB N.B. Palmer
** Cruise: NBP2113 LTER
** Station: 831.-002
** Operator: B. Urmston
# nquan = 25
# nvalues = 597                         
# units = specified
# name 0 = prDM: Pressure, Digiquartz [db]
# name 1 = depSM: Depth [salt water, m]
# name 2 = t090C: Temperature [ITS-90, deg C]
# name 3 = c0mS/cm: Conductivity [mS/cm]
# name 4 = t190C: Temperature, 2 [ITS-90, deg C]
# name 5 = c1mS/cm: Conductivity, 2 [mS/cm]
# name 6 = sbeox0ML/L: Oxygen, SBE 43 [ml/l]
# name 7 = sbeox1ML/L: Oxygen, SBE 43, 2 [ml/l]
# name 8 = flECO-AFL: Fluorescence, WET Labs ECO-AFL/FL [mg/m^3]
# name 9 = CStarTr0: Beam Transmission, WET Labs C-Star [%]
# name 10 = par: PAR/Irradiance, Biospherical/Licor
# name 11 = latitude: Latitude [deg]
# name 12 = longitude: Longitude [deg]
# name 13 = timeJ: Julian Days
# name 14 = altM: Altimeter [m]
# name 15 = spar: SPAR, Biospherical/Licor
# name 16 = timeS: Time, Elapsed [seconds]
# name 17 = scan: Scan Count
# name 18 = density00: Density [density, kg/m^3]
# name 19 = density11: Density, 2 [density, kg/m^3]
# name 20 = sal00: Salinity, Practical [PSU]
# name 21 = sal11: Salinity, Practical, 2 [PSU]
# name 22 = oxsolML/L: Oxygen Saturation, Garcia & Gordon [ml/l]
# name 23 = nbin: number of scans per bin
# name 24 = flag: flag
# span 0 =      5.000,    601.000       
# span 1 =      4.949,    594.304       
# span 2 =    -1.3531,    -0.6563       
# span 3 =  27.600342,  27.980004       
# span 4 =    -1.3527,    -0.6577       
# span 5 =  27.599064,  27.976372       
# span 6 =     6.7881,     7.5258       
# span 7 =     6.7594,     7.5568       
# span 8 =    -0.0151,     0.9223       
# span 9 =    93.7468,    98.7498       
# span 10 = 1.0000e-12, 8.2726e+01      
# span 11 =  -63.57548,  -63.57544      
# span 12 =  -60.69966,  -60.69924      
# span 13 = 326.494048, 326.504749      
# span 14 =     -10.52,     102.48      
# span 15 = 1.7682e+03, 1.7931e+03      
# span 16 =    320.726,   1245.368      
# span 17 =       7698,      29890      
# span 18 =  1027.6195,  1030.6286      
# span 19 =  1027.6169,  1030.6271      
# span 20 =    34.3275,    34.5027      
# span 21 =    34.3239,    34.5008      
# span 22 =    8.18786,    8.33442      
# span 23 =         11,         51      
# span 24 = 0.0000e+00, 0.0000e+00      
# interval = decibars: 1                
# start_time = Nov 22 2021 11:46:05 [NMEA time, header]
# bad_flag = -9.990e-29
*END*
[from data line 174]
    179.000    177.186    -1.2618  27.616434    -1.2611  27.615144     7.3183     7.2112     0.1431    97.7038 1.0000e-12  -63.57548  -60.69940 326.498380      99.98 1.7787e+03    695.053      16682  1028.5491  1028.5470    34.4162    34.4137    8.31558         17 0.0000e+00
    180.000    178.176    -1.2615  27.617056    -1.2612  27.615571     7.3300     7.2130     0.1430    97.7038 1.0000e-12  -63.57548  -60.69940 326.498389      99.98 1.7770e+03    695.780      16700  1028.5538  1028.5518    34.4162    34.4137    8.31553         19 0.0000e+00
    181.000    179.166    -1.2621  27.617248    -1.2613  27.616065     7.3287     7.2139     0.1454    97.7190 1.0000e-12  -63.57548  -60.69940 326.498400      99.98 1.7772e+03    696.743      16723  1028.5588  1028.5567    34.4165    34.4140    8.31565         31 0.0000e+00
    182.000    180.154    -1.2630  27.617263    -1.2621  27.616052     7.3132     7.2032     0.1672    97.7369 1.0000e-12  -63.57548  -60.69940 326.498429      99.98 1.7820e+03    699.238      16783  1028.5638  1028.5616    34.4169    34.4142    8.31582         36 0.0000e+00
    183.000    181.144    -1.2619  27.618504    -1.2613  27.617322     7.3144     7.2008     0.1598    97.7036 1.0000e-12  -63.57548  -60.69940 326.498447      99.98 1.7838e+03    700.846      16821  1028.5683  1028.5664    34.4168    34.4144    8.31558         23 0.0000e+00
    184.000    182.135    -1.2616  27.619411    -1.2610  27.618072     7.3155     7.2082     0.1463    97.7165 1.0000e-12  -63.57548  -60.69940 326.498457      99.98 1.7819e+03    701.677      16841  1028.5732  1028.5711    34.4169    34.4144    8.31549         18 0.0000e+00
    185.000    183.124    -1.2650  27.617499    -1.2643  27.616243     7.3083     7.2109     0.1444    97.7341 1.0000e-12  -63.57548  -60.69940 326.498465      99.98 1.7801e+03    702.417      16859  1028.5787  1028.5767    34.4176    34.4151    8.31621         17 0.0000e+00
    186.000    184.113    -1.2693  27.615194    -1.2682  27.614209     7.3117     7.2125     0.1497    97.7169 1.0000e-12  -63.57548  -60.69940 326.498475      99.98 1.7776e+03    703.257      16879  1028.5848  1028.5825    34.4188    34.4161    8.31710         25 0.0000e+00
    187.000    185.104    -1.2672  27.616910    -1.2661  27.615841     7.3146     7.2046     0.1692    97.7450 1.0000e-12  -63.57548  -60.69940 326.498499      99.97 1.7777e+03    705.318      16929  1028.5888  1028.5865    34.4180    34.4153    8.31667         31 0.0000e+00
    188.000    186.091    -1.2736  27.612811    -1.2726  27.611768     7.3239     7.1987     0.1471    97.7783 1.0000e-12  -63.57548  -60.69940 326.498520      99.98 1.7805e+03    707.112      16972  1028.5948  1028.5927    34.4191    34.4166    8.31803         23 0.0000e+00
    189.000    187.081    -1.2753  27.612288    -1.2742  27.611294     7.3286     7.1990     0.1338    97.7565 1.0000e-12  -63.57548  -60.69940 326.498530      99.98 1.7808e+03    707.947      16992  1028.6002  1028.5980    34.4198    34.4172    8.31837         18 0.0000e+00
    190.000    188.070    -1.2750  27.613184    -1.2744  27.611820     7.3171     7.2053     0.1146    97.7338 1.0000e-12  -63.57548  -60.69940 326.498538      99.98 1.7823e+03    708.704      17010  1028.6051  1028.6030    34.4200    34.4175    8.31829         19 0.0000e+00
    191.000    189.059    -1.2758  27.613274    -1.2746  27.612148     7.3107     7.2095     0.1211    97.7621 1.0000e-12  -63.57548  -60.69940 326.498548      99.98 1.7823e+03    709.520      17029  1028.6102  1028.6079    34.4204    34.4176    8.31844         22 0.0000e+00
    192.000    190.049    -1.2784  27.612234    -1.2765  27.611659     7.3204     7.2080     0.1501    97.7691 1.0000e-12  -63.57548  -60.69940 326.498562      99.97 1.7821e+03    710.758      17059  1028.6159  1028.6134    34.4214    34.4184    8.31897         37 0.0000e+00
    193.000    191.039    -1.2778  27.612927    -1.2759  27.612338     7.3185     7.2024     0.1776    97.8003 1.0000e-12  -63.57548  -60.69939 326.498582      99.98 1.7802e+03    712.519      17101  1028.6203  1028.6178    34.4211    34.4181    8.31886         35 0.0000e+00
    194.000    192.028    -1.2800  27.611890    -1.2766  27.612514     7.3101     7.2028     0.1571    97.8049 1.0000e-12  -63.57548  -60.69939 326.498598      99.98 1.7782e+03    713.847      17133  1028.6256  1028.6229    34.4216    34.4185    8.31933         27 0.0000e+00
    195.000    193.017    -1.2786  27.613615    -1.2771  27.612798     7.3010     7.2094     0.1287    97.7843 1.0000e-12  -63.57548  -60.69939 326.498610      99.98 1.7770e+03    714.895      17158  1028.6304  1028.6280    34.4217    34.4187    8.31901         24 0.0000e+00
    196.000    194.007    -1.2819  27.612021    -1.2821  27.610127     7.3097     7.2087     0.1216    97.7964 1.0000e-12  -63.57548  -60.69939 326.498622      99.98 1.7770e+03    715.957      17184  1028.6361  1028.6343    34.4226    34.4203    8.31968         28 0.0000e+00
    197.000    194.995    -1.2838  27.611210    -1.2837  27.609460     7.3089     7.2099     0.1456    97.7896 1.0000e-12  -63.57548  -60.69940 326.498639      99.98 1.7793e+03    717.436      17219  1028.6414  1028.6393    34.4231    34.4205    8.32008         41 0.0000e+00
    198.000    195.985    -1.2854  27.610290    -1.2847  27.609090     7.3078     7.2026     0.1546    97.8054 1.0000e-12  -63.57548  -60.69940 326.498660      99.98 1.7822e+03    719.206      17262  1028.6461  1028.6441    34.4230    34.4205    8.32043         35 0.0000e+00
    199.000    196.974    -1.2852  27.611057    -1.2845  27.609899     7.3137     7.2076     0.1339    97.8081 1.0000e-12  -63.57548  -60.69940 326.498673      99.98 1.7829e+03    720.348      17289  1028.6510  1028.6491    34.4232    34.4208    8.32038         22 0.0000e+00
    200.000    197.964    -1.2857  27.611140    -1.2850  27.609933     7.3089     7.2099     0.1227    97.8317 1.0000e-12  -63.57548  -60.69940 326.498682      99.98 1.7840e+03    721.166      17309  1028.6558  1028.6539    34.4232    34.4208    8.32048         18 0.0000e+00
    201.000    198.950    -1.2852  27.611895    -1.2848  27.610423     7.3214     7.2072     0.1155    97.8427 1.0000e-12  -63.57548  -60.69939 326.498691      99.98 1.7828e+03    721.902      17327  1028.6604  1028.6584    34.4231    34.4206    8.32038         18 0.0000e+00
    202.000    199.946    -1.2848  27.611962    -1.2843  27.610703     7.3191     7.2082     0.1220    97.8500 1.0000e-12  -63.57548  -60.69938 326.498700      99.98 1.7811e+03    722.647      17345  1028.6644  1028.6625    34.4221    34.4198    8.32036         19 0.0000e+00
    203.000    200.933    -1.2853  27.611945    -1.2847  27.610697     7.3272     7.2132     0.1375    97.8237 1.0000e-12  -63.57548  -60.69938 326.498711      99.98 1.7784e+03    723.601      17367  1028.6691  1028.6672    34.4220    34.4196    8.32046         28 0.0000e+00
    204.000    201.921    -1.2852  27.612442    -1.2845  27.611161     7.3160     7.2136     0.1482    97.8354 1.0000e-12  -63.57548  -60.69939 326.498739      99.98 1.7779e+03    726.077      17427  1028.6738  1028.6717    34.4219    34.4194    8.32045         35 0.0000e+00
    205.000    202.911    -1.2851  27.613557    -1.2846  27.612258     7.3155     7.2122     0.1403    97.8536 1.0000e-12  -63.57548  -60.69940 326.498762      99.98 1.7805e+03    728.050      17474  1028.6792  1028.6773    34.4227    34.4204    8.32038         25 0.0000e+00
    206.000    203.899    -1.2852  27.613777    -1.2846  27.612457     7.3156     7.2109     0.1207    97.8352 1.0000e-12  -63.57548  -60.69939 326.498772      99.98 1.7805e+03    728.906      17495  1028.6838  1028.6818    34.4225    34.4200    8.32041         18 0.0000e+00
    207.000    204.889    -1.2859  27.613518    -1.2854  27.612104     7.3271     7.2018     0.1051    97.8325 1.0000e-12  -63.57548  -60.69938 326.498781      99.98 1.7789e+03    729.665      17513  1028.6886  1028.6865    34.4224    34.4199    8.32059         18 0.0000e+00
    208.000    205.880    -1.2864  27.613459    -1.2859  27.612116     7.3206     7.1956     0.1201    97.8315 1.0000e-12  -63.57548  -60.69938 326.498790      99.98 1.7783e+03    730.459      17532  1028.6932  1028.6913    34.4222    34.4198    8.32070         22 0.0000e+00
    209.000    206.867    -1.2866  27.613433    -1.2859  27.612346     7.3106     7.2044     0.1366    97.8207 1.0000e-12  -63.57548  -60.69939 326.498805      99.98 1.7783e+03    731.784      17564  1028.6977  1028.6958    34.4218    34.4195    8.32077         38 0.0000e+00
    210.000    207.857    -1.2866  27.613980    -1.2860  27.612783     7.3179     7.2120     0.1760    97.8469 1.0000e-12  -63.57548  -60.69940 326.498828      99.98 1.7835e+03    733.766      17611  1028.7025  1028.7007    34.4219    34.4196    8.32076         34 0.0000e+00
    211.000    208.846    -1.2893  27.612665    -1.2882  27.611717     7.3174     7.2113     0.1298    97.8377 1.0000e-12  -63.57548  -60.69939 326.498842      99.98 1.7870e+03    734.922      17639  1028.7080  1028.7059    34.4226    34.4200    8.32133         25 0.0000e+00
    212.000    209.836    -1.2907  27.612454    -1.2904  27.610845     7.3222     7.2124     0.1134    97.8473 1.0000e-12  -63.57548  -60.69939 326.498854      99.98 1.7869e+03    735.962      17664  1028.7134  1028.7114    34.4232    34.4207    8.32159         26 0.0000e+00
    213.000    210.826    -1.2894  27.613651    -1.2896  27.611811     7.3175     7.2154     0.1262    97.8344 1.0000e-12  -63.57548  -60.69938 326.498868      99.98 1.7828e+03    737.233      17695  1028.7177  1028.7159    34.4227    34.4205    8.32133         36 0.0000e+00
    214.000    211.813    -1.2894  27.613976    -1.2894  27.612433     7.3101     7.2071     0.1444    97.8548 1.0000e-12  -63.57548  -60.69938 326.498887      99.98 1.7769e+03    738.816      17733  1028.7224  1028.7207    34.4226    34.4205    8.32135         35 0.0000e+00
    215.000    212.804    -1.2884  27.615270    -1.2881  27.613795     7.3199     7.2056     0.1288    97.8524 1.0000e-12  -63.57548  -60.69938 326.498900      99.98 1.7752e+03    739.966      17760  1028.7271  1028.7252    34.4227    34.4203    8.32113         22 0.0000e+00
    216.000    213.792    -1.2895  27.615066    -1.2891  27.613473     7.3204     7.2100     0.1190    97.8281 1.0000e-12  -63.57548  -60.69937 326.498909      99.98 1.7752e+03    740.749      17779  1028.7322  1028.7301    34.4230    34.4203    8.32135         17 0.0000e+00
    217.000    214.784    -1.2922  27.613462    -1.2915  27.612062     7.3183     7.2110     0.1136    97.8289 1.0000e-12  -63.57548  -60.69936 326.498917      99.98 1.7764e+03    741.402      17795  1028.7375  1028.7351    34.4233    34.4205    8.32194         14 0.0000e+00
    218.000    215.769    -1.2966  27.610852    -1.2959  27.609611     7.3365     7.2118     0.1109    97.8343 1.0000e-12  -63.57548  -60.69938 326.498924      99.98 1.7771e+03    742.003      17809  1028.7432  1028.7411    34.4241    34.4216    8.32287         15 0.0000e+00
    219.000    216.760    -1.2958  27.611974    -1.2955  27.610558     7.3284     7.2170     0.1137    97.8415 1.0000e-12  -63.57548  -60.69938 326.498931      99.97 1.7787e+03    742.648      17825  1028.7479  1028.7460    34.4241    34.4218    8.32269         17 0.0000e+00
    220.000    217.754    -1.2955  27.612548    -1.2957  27.610671     7.3189     7.2075     0.1228    97.8272 1.0000e-12  -63.57548  -60.69937 326.498967      99.97 1.7835e+03    745.726      17898  1028.7524  1028.7506    34.4239    34.4216    8.32263         23 0.0000e+00
    221.000    218.739    -1.2959  27.612711    -1.2960  27.611016     7.3055     7.1924     0.0889    97.8205 1.0000e-12  -63.57548  -60.69936 326.499004      99.97 1.7877e+03    748.974      17976  1028.7574  1028.7554    34.4240    34.4217    8.32272         13 0.0000e+00
    222.000    219.728    -1.2994  27.610759    -1.2986  27.609583     7.3189     7.2000     0.0912    97.8331 1.0000e-12  -63.57548  -60.69936 326.499009      99.98 1.7857e+03    749.418      17987  1028.7628  1028.7608    34.4247    34.4221    8.32345         12 0.0000e+00
    223.000    220.716    -1.2983  27.611815    -1.2966  27.611251     7.3352     7.2100     0.1051    97.8326 1.0000e-12  -63.57548  -60.69936 326.499015      99.98 1.7835e+03    749.920      17999  1028.7673  1028.7650    34.4243    34.4215    8.32324         13 0.0000e+00
    224.000    221.709    -1.2975  27.612821    -1.2964  27.611849     7.3298     7.2145     0.1082    97.8326 1.0000e-12  -63.57548  -60.69936 326.499021      99.98 1.7812e+03    750.417      18011  1028.7718  1028.7696    34.4241    34.4215    8.32306         12 0.0000e+00
    225.000    222.694    -1.2983  27.612678    -1.2982  27.611074     7.3234     7.2199     0.1115    97.8373 1.0000e-12  -63.57548  -60.69936 326.499027      99.98 1.7786e+03    750.916      18023  1028.7768  1028.7748    34.4242    34.4219    8.32324         11 0.0000e+00
    226.000    223.687    -1.2975  27.613760    -1.2969  27.612541     7.3393     7.2211     0.1133    97.8210 1.0000e-12  -63.57548  -60.69936 326.499033      99.98 1.7762e+03    751.444      18036  1028.7814  1028.7794    34.4241    34.4217    8.32306         15 0.0000e+00
    227.000    224.673    -1.2978  27.613940    -1.2970  27.612620     7.3330     7.2203     0.1194    97.6310 1.0000e-12  -63.57548  -60.69938 326.499059      99.98 1.7725e+03    753.732      18091  1028.7861  1028.7839    34.4241    34.4213    8.32313         38 0.0000e+00
    228.000    225.666    -1.2980  27.614241    -1.2974  27.612952     7.3495     7.2266     0.1302    97.5988 1.0000e-12  -63.57548  -60.69938 326.499078      99.98 1.7738e+03    755.379      18130  1028.7909  1028.7889    34.4241    34.4216    8.32317         23 0.0000e+00
    229.000    226.653    -1.3003  27.613042    -1.3005  27.611252     7.3377     7.2246     0.1211    97.7384 1.0000e-12  -63.57548  -60.69938 326.499089      99.98 1.7760e+03    756.309      18152  1028.7961  1028.7944    34.4245    34.4222    8.32367         25 0.0000e+00
    230.000    227.643    -1.3036  27.611248    -1.3030  27.609963     7.3279     7.2244     0.1240    97.8327 1.0000e-12  -63.57548  -60.69938 326.499108      99.98 1.7805e+03    757.951      18192  1028.8017  1028.7997    34.4251    34.4227    8.32435         24 0.0000e+00
    231.000    228.630    -1.3042  27.611284    -1.3033  27.610269     7.3131     7.2193     0.1384    97.8772 1.0000e-12  -63.57548  -60.69936 326.499141      99.98 1.7877e+03    760.749      18259  1028.8066  1028.8045    34.4253    34.4228    8.32449         29 0.0000e+00
    232.000    229.621    -1.3057  27.610965    -1.3052  27.609733     7.3329     7.2194     0.1118    97.9030 1.0000e-12  -63.57548  -60.69936 326.499150      99.98 1.7876e+03    761.583      18279  1028.8119  1028.8101    34.4259    34.4237    8.32478         19 0.0000e+00
    233.000    230.609    -1.3058  27.611440    -1.3054  27.610090     7.3409     7.2186     0.0898    97.9081 1.0000e-12  -63.57548  -60.69936 326.499158      99.97 1.7876e+03    762.296      18296  1028.8168  1028.8150    34.4261    34.4238    8.32480         16 0.0000e+00
    234.000    231.599    -1.3064  27.611649    -1.3057  27.610269     7.3311     7.2198     0.0894    97.8998 1.0000e-12  -63.57548  -60.69936 326.499166      99.98 1.7867e+03    762.937      18311  1028.8219  1028.8197    34.4264    34.4237    8.32491         15 0.0000e+00
    235.000    232.589    -1.3069  27.611798    -1.3063  27.610402     7.3274     7.2249     0.0916    97.8641 1.0000e-12  -63.57548  -60.69936 326.499173      99.98 1.7852e+03    763.588      18327  1028.8268  1028.8247    34.4265    34.4239    8.32500         16 0.0000e+00
