NBP2113_155081_ctd/data/dnbp2113_043.cnv
* Sea-Bird SBE 9 Data File:
* FileName = D:\Data\raw\NBP2113_043.hex
* Software Version Seasave V 7.26.7.121
* Temperature SN = 2438
* Conductivity SN = 2067
* Number of Bytes Per Scan = 40
* Number of Voltage Words = 5
* Number of Scans Averaged by the Deck Unit = 1
* NMEA Latitude = 64 55.34 S
* NMEA Longitude = 064 19.20 W
* NMEA UTC (Time) = Dec 10 2021  20:08:03
* NMEA baud rate = 9600
** Ship: RVIB N.B. Palmer
** Cruise: NBP2113 LTER
** Station: 600.040
** Operator: S. Blackman
# nquan = 25
# nvalues = 98                          
# units = specified
# name 0 = prDM: Pressure, Digiquartz [db]
# name 1 = depSM: Depth [salt water, m]
# name 2 = t090C: Temperature [ITS-90, deg C]
# name 3 = c0mS/cm: Conductivity [mS/cm]
# name 4 = t190C: Temperature, 2 [ITS-90, deg C]
# name 5 = c1mS/cm: Conductivity, 2 [mS/cm]
# name 6 = sbeox0ML/L: Oxygen, SBE 43 [ml/l]
# name 7 = sbeox1ML/L: Oxygen, SBE 43, 2 [ml/l]
# name 8 = flECO-AFL: Fluorescence, WET Labs ECO-AFL/FL [mg/m^3]
# name 9 = CStarTr0: Beam Transmission, WET Labs C-Star [%]
# name 10 = par: PAR/Irradiance, Biospherical/Licor
# name 11 = latitude: Latitude [deg]
# name 12 = longitude: Longitude [deg]
# name 13 = timeJ: Julian Days
# name 14 = altM: Altimeter [m]
# name 15 = spar: SPAR, Biospherical/Licor
# name 16 = timeS: Time, Elapsed [seconds]
# name 17 = scan: Scan Count
# name 18 = density00: Density [density, kg/m^3]
# name 19 = density11: Density, 2 [density, kg/m^3]
# name 20 = sal00: Salinity, Practical [PSU]
# name 21 = sal11: Salinity, Practical, 2 [PSU]
# name 22 = oxsolML/L: Oxygen Saturation, Garcia & Gordon [ml/l]
# name 23 = nbin: number of scans per bin
# name 24 = flag: flag
# span 0 =      5.000,    102.000       
# span 1 =      4.953,    100.974       
# span 2 =    -0.6243,     0.3461       
# span 3 =  27.514775,  28.893306       
# span 4 =    -0.6057,     0.3491       
# span 5 =  27.528797,  28.896053       
# span 6 =     5.3215,     8.1204       
# span 7 =     5.4145,     8.1377       
# span 8 =     0.0658,     1.1987       
# span 9 =    84.8875,    92.0983       
# span 10 = 4.3046e-01, 2.8504e+02      
# span 11 =  -64.92249,  -64.92239      
# span 12 =  -64.31990,  -64.31980      
# span 13 = 344.842857, 344.846093      
# span 14 =      99.96,      99.97      
# span 15 = 7.2383e+02, 8.7968e+02      
# span 16 =    339.856,    619.406      
# span 17 =       8158,      14867      
# span 18 =  1027.0957,  1028.0545      
# span 19 =  1027.0970,  1028.0520      
# span 20 =    33.6627,    34.3590      
# span 21 =    33.6603,    34.3582      
# span 22 =    7.97411,    8.21945      
# span 23 =          8,         48      
# span 24 = 0.0000e+00, 0.0000e+00      
# interval = decibars: 1                
# start_time = Dec 10 2021 20:08:03 [NMEA time, header]
# bad_flag = -9.990e-29
*END*
[from data line 58]
     63.000     62.373     0.2940  28.702514     0.2939  28.700636     6.8664     7.0206     0.3322    90.8010 3.1407e+00  -64.92242  -64.31988 344.844707      99.97 7.9153e+02    499.709      11994  1027.7326  1027.7307    34.1881    34.1858    7.99438         27 0.0000e+00
     64.000     63.364     0.2809  28.696180     0.2809  28.694358     6.8986     7.0213     0.3437    90.8151 2.9865e+00  -64.92242  -64.31988 344.844722      99.97 7.9175e+02    500.948      12024  1027.7433  1027.7414    34.1938    34.1914    7.99678         37 0.0000e+00
     65.000     64.352     0.2777  28.690025     0.2737  28.683363     6.9022     7.0209     0.3565    90.8553 2.8292e+00  -64.92243  -64.31988 344.844784      99.97 7.8954e+02    506.357      12154  1027.7451  1027.7419    34.1887    34.1844    7.99774         41 0.0000e+00
     66.000     65.343     0.2791  28.696848     0.2783  28.692608     6.8535     6.9686     0.3114    90.8599 2.6801e+00  -64.92244  -64.31987 344.844813      99.97 7.8511e+02    508.852      12213  1027.7554  1027.7517    34.1954    34.1908    7.99706         34 0.0000e+00
     67.000     66.333     0.2717  28.695376     0.2714  28.693316     6.8490     6.9522     0.3038    90.8940 2.5324e+00  -64.92244  -64.31986 344.844828      99.97 7.8574e+02    510.122      12244  1027.7655  1027.7635    34.2012    34.1988    7.99828         32 0.0000e+00
     68.000     67.322     0.2734  28.698343     0.2734  28.696839     6.8725     6.9591     0.2829    90.9358 2.3875e+00  -64.92243  -64.31987 344.844846      99.97 7.8775e+02    511.714      12282  1027.7712  1027.7697    34.2025    34.2006    7.99784         38 0.0000e+00
     69.000     68.308     0.2603  28.689976     0.2629  28.690148     6.7884     6.9037     0.2848    90.9822 2.2682e+00  -64.92243  -64.31988 344.844899      99.97 7.8275e+02    516.230      12391  1027.7796  1027.7773    34.2055    34.2030    8.00040         39 0.0000e+00
     70.000     69.301     0.2471  28.682576     0.2467  28.680615     6.7597     6.8700     0.2585    91.0175 2.1645e+00  -64.92244  -64.31987 344.844929      99.97 7.8099e+02    518.849      12453  1027.7889  1027.7872    34.2100    34.2078    8.00291         36 0.0000e+00
     71.000     70.294     0.2478  28.686452     0.2477  28.684715     6.7642     6.8596     0.2156    91.0159 2.0486e+00  -64.92244  -64.31987 344.844954      99.97 7.8096e+02    521.000      12505  1027.7964  1027.7948    34.2136    34.2115    8.00255         40 0.0000e+00
     72.000     71.283     0.2420  28.682809     0.2423  28.681444     6.7573     6.8405     0.2561    91.0918 1.9179e+00  -64.92243  -64.31988 344.844992      99.97 7.7975e+02    524.337      12585  1027.8024  1027.8007    34.2147    34.2125    8.00370         41 0.0000e+00
     73.000     72.271     0.2287  28.672965     0.2287  28.671373     6.7302     6.8194     0.2001    91.1376 1.8152e+00  -64.92242  -64.31987 344.845018      99.97 7.7774e+02    526.585      12639  1027.8092  1027.8075    34.2159    34.2139    8.00639         40 0.0000e+00
     74.000     73.262     0.2393  28.685124     0.2389  28.683102     6.6888     6.8009     0.1986    91.1672 1.7337e+00  -64.92244  -64.31985 344.845040      99.97 7.7453e+02    528.501      12685  1027.8159  1027.8141    34.2196    34.2174    8.00399         41 0.0000e+00
     75.000     74.254     0.2156  28.670500     0.2146  28.668131     6.5966     6.7196     0.2193    91.1901 1.6819e+00  -64.92244  -64.31987 344.845076      99.97 7.7549e+02    531.523      12758  1027.8277  1027.8262    34.2261    34.2241    8.00856         41 0.0000e+00
     76.000     75.241     0.1759  28.642726     0.1748  28.640417     6.4371     6.5827     0.1652    91.2120 1.5827e+00  -64.92244  -64.31988 344.845104      99.97 7.7407e+02    533.961      12816  1027.8412  1027.8398    34.2332    34.2314    8.01644         43 0.0000e+00
     77.000     76.234     0.1264  28.607716     0.1206  28.600479     6.2854     6.4463     0.1712    91.2588 1.4582e+00  -64.92244  -64.31988 344.845146      99.97 7.7149e+02    537.604      12903  1027.8562  1027.8540    34.2417    34.2386    8.02631         29 0.0000e+00
     78.000     77.222     0.1006  28.589964     0.1007  28.588226     6.3269     6.4345     0.1412    91.4194 1.3846e+00  -64.92244  -64.31986 344.845181      99.97 7.6875e+02    540.610      12976  1027.8660  1027.8639    34.2465    34.2440    8.03144         40 0.0000e+00
     79.000     78.211     0.1144  28.609324     0.1144  28.607763     6.3367     6.4256     0.1214    91.4642 1.3442e+00  -64.92244  -64.31984 344.845205      99.97 7.6686e+02    542.707      13026  1027.8769  1027.8752    34.2560    34.2539    8.02801         42 0.0000e+00
     80.000     79.201     0.1144  28.610814     0.1141  28.609126     6.2926     6.4005     0.1126    91.4874 1.3102e+00  -64.92244  -64.31984 344.845223      99.97 7.6685e+02    544.300      13064  1027.8825  1027.8809    34.2573    34.2554    8.02793         33 0.0000e+00
     81.000     80.189     0.1145  28.613296     0.1144  28.611646     6.2352     6.3772     0.1052    91.4975 1.2610e+00  -64.92244  -64.31986 344.845239      99.97 7.6607e+02    545.665      13097  1027.8891  1027.8875    34.2599    34.2578    8.02776         30 0.0000e+00
     82.000     81.180     0.1057  28.605970     0.1079  28.606056     5.8940     6.1307     0.1187    91.4705 1.1338e+00  -64.92244  -64.31986 344.845308      99.97 7.6017e+02    551.633      13240  1027.8939  1027.8919    34.2594    34.2571    8.02963         36 0.0000e+00
     83.000     82.171     0.1053  28.608137     0.1032  28.605102     5.3862     5.8069     0.0942    91.4881 1.0728e+00  -64.92244  -64.31984 344.845341      99.97 7.5618e+02    554.444      13308  1027.9008  1027.8995    34.2622    34.2605    8.02957         27 0.0000e+00
     84.000     83.160     0.1088  28.620794     0.1092  28.619764     5.3355     5.7291     0.0948    91.5337 1.0434e+00  -64.92244  -64.31984 344.845352      99.97 7.5837e+02    555.445      13332  1027.9150  1027.9135    34.2743    34.2726    8.02814         25 0.0000e+00
     85.000     84.150     0.1135  28.627450     0.1136  28.626115     5.4111     5.7062     0.0987    91.6186 1.0156e+00  -64.92244  -64.31984 344.845367      99.97 7.5994e+02    556.728      13362  1027.9217  1027.9202    34.2773    34.2754    8.02700         37 0.0000e+00
     86.000     85.136     0.1159  28.630675     0.1160  28.629166     5.5364     5.7061     0.1210    91.7428 9.8489e-01  -64.92244  -64.31985 344.845391      99.97 7.5984e+02    558.749      13411  1027.9270  1027.9254    34.2782    34.2762    8.02644         32 0.0000e+00
     87.000     86.121     0.1220  28.637569     0.1165  28.629274     5.5864     5.7331     0.1242    91.8022 8.8868e-01  -64.92244  -64.31985 344.845454      99.97 7.5577e+02    564.264      13543  1027.9327  1027.9293    34.2800    34.2752    8.02508         25 0.0000e+00
     88.000     87.120     0.1317  28.648755     0.1299  28.644363     5.5376     5.6472     0.1098    91.8345 8.4786e-01  -64.92244  -64.31984 344.845488      99.97 7.5295e+02    567.197      13614  1027.9393  1027.9364    34.2833    34.2795    8.02285         42 0.0000e+00
     89.000     88.108     0.1578  28.676592     0.1599  28.677535     5.4694     5.6002     0.0844    91.8874 8.2014e-01  -64.92244  -64.31984 344.845505      99.97 7.5275e+02    568.616      13648  1027.9476  1027.9464    34.2902    34.2892    8.01701         30 0.0000e+00
     90.000     89.099     0.2027  28.728207     0.2041  28.727950     5.4585     5.5783     0.0817    91.9207 7.8761e-01  -64.92244  -64.31984 344.845519      99.97 7.5125e+02    569.831      13677  1027.9628  1027.9612    34.3075    34.3056    8.00668         30 0.0000e+00
     91.000     90.088     0.2096  28.738243     0.2095  28.736653     5.4854     5.5924     0.1005    91.9360 7.5022e-01  -64.92244  -64.31985 344.845544      99.97 7.5055e+02    572.031      13730  1027.9714  1027.9698    34.3124    34.3104    8.00497         35 0.0000e+00
     92.000     91.078     0.2024  28.729565     0.2012  28.726354     5.4487     5.5478     0.0960    91.9420 7.0106e-01  -64.92244  -64.31986 344.845611      99.97 7.4669e+02    577.758      13867  1027.9745  1027.9721    34.3085    34.3055    8.00670         43 0.0000e+00
     93.000     92.068     0.2464  28.777682     0.2452  28.775009     5.4006     5.5081     0.0913    91.9653 6.6694e-01  -64.92244  -64.31986 344.845633      99.97 7.4570e+02    579.659      13913  1027.9866  1027.9849    34.3221    34.3199    7.99679         42 0.0000e+00
     94.000     93.056     0.2597  28.794994     0.2595  28.793362     5.4253     5.5074     0.0792    91.9902 6.3947e-01  -64.92244  -64.31986 344.845653      99.97 7.4470e+02    581.419      13955  1027.9965  1027.9950    34.3294    34.3275    7.99360         33 0.0000e+00
     95.000     94.047     0.2604  28.796189     0.2603  28.794628     5.4341     5.5105     0.0714    92.0185 6.1409e-01  -64.92244  -64.31986 344.845673      99.97 7.4229e+02    583.116      13996  1028.0017  1028.0002    34.3296    34.3277    7.99346         40 0.0000e+00
     96.000     95.039     0.2572  28.792341     0.2573  28.791288     5.4332     5.5081     0.0861    92.0254 5.8294e-01  -64.92245  -64.31987 344.845720      99.97 7.4158e+02    587.187      14093  1028.0054  1028.0042    34.3275    34.3261    7.99423         24 0.0000e+00
     97.000     96.028     0.2631  28.799047     0.2630  28.797778     5.3807     5.4752     0.0781    92.0382 5.4809e-01  -64.92246  -64.31987 344.845756      99.97 7.3825e+02    590.297      14168  1028.0113  1028.0100    34.3291    34.3276    7.99292         39 0.0000e+00
     98.000     97.017     0.2963  28.834378     0.2958  28.831465     5.3298     5.4350     0.0658    92.0165 5.1937e-01  -64.92246  -64.31986 344.845778      99.97 7.3865e+02    592.212      14214  1028.0205  1028.0180    34.3380    34.3347    7.98554         41 0.0000e+00
     99.000     98.006     0.3364  28.880689     0.3352  28.877390     5.3215     5.4153     0.0745    92.0344 4.9761e-01  -64.92246  -64.31986 344.845799      99.97 7.3755e+02    594.056      14258  1028.0347  1028.0324    34.3534    34.3504    7.97637         40 0.0000e+00
    100.000     98.997     0.3434  28.889527     0.3445  28.889724     5.3288     5.4145     0.0864    92.0357 4.8060e-01  -64.92246  -64.31986 344.845834      99.97 7.3532e+02    597.043      14330  1028.0421  1028.0412    34.3566    34.3556    7.97474         32 0.0000e+00
    101.000     99.985     0.3461  28.893306     0.3491  28.896053     5.3319     5.4147     0.0702    92.0711 4.5892e-01  -64.92247  -64.31987 344.845945      99.97 7.2990e+02    606.670      14561  1028.0482  1028.0481    34.3579    34.3582    7.97411         37 0.0000e+00
    102.000    100.974     0.3379  28.887629     0.3420  28.888624     5.3957     5.4538     0.0747    92.0983 4.3046e-01  -64.92249  -64.31987 344.846093      99.96 7.2383e+02    619.406      14867  1028.0545  1028.0520    34.3590    34.3558    7.97574          8 0.0000e+00
