NBP2113_155081_ctd/data/dnbp2113_057.cnv
* Sea-Bird SBE 9 Data File:
* FileName = D:\Data\raw\NBP2113_057.hex
* Software Version Seasave V 7.26.7.121
* Temperature SN = 2438
* Conductivity SN = 2067
* Number of Bytes Per Scan = 40
* Number of Voltage Words = 5
* Number of Scans Averaged by the Deck Unit = 1
* NMEA Latitude = 64 55.49 S
* NMEA Longitude = 064 36.97 W
* NMEA UTC (Time) = Dec 12 2021  00:03:38
* NMEA baud rate = 9600
** Ship: RVIB N.B. Palmer
** Cruise: NBP2113 LTER
** Station: 594.048
** Operator: S. Blackman
# nquan = 25
# nvalues = 1062                        
# units = specified
# name 0 = prDM: Pressure, Digiquartz [db]
# name 1 = depSM: Depth [salt water, m]
# name 2 = t090C: Temperature [ITS-90, deg C]
# name 3 = c0mS/cm: Conductivity [mS/cm]
# name 4 = t190C: Temperature, 2 [ITS-90, deg C]
# name 5 = c1mS/cm: Conductivity, 2 [mS/cm]
# name 6 = sbeox0ML/L: Oxygen, SBE 43 [ml/l]
# name 7 = sbeox1ML/L: Oxygen, SBE 43, 2 [ml/l]
# name 8 = flECO-AFL: Fluorescence, WET Labs ECO-AFL/FL [mg/m^3]
# name 9 = CStarTr0: Beam Transmission, WET Labs C-Star [%]
# name 10 = par: PAR/Irradiance, Biospherical/Licor
# name 11 = latitude: Latitude [deg]
# name 12 = longitude: Longitude [deg]
# name 13 = timeJ: Julian Days
# name 14 = altM: Altimeter [m]
# name 15 = spar: SPAR, Biospherical/Licor
# name 16 = timeS: Time, Elapsed [seconds]
# name 17 = scan: Scan Count
# name 18 = density00: Density [density, kg/m^3]
# name 19 = density11: Density, 2 [density, kg/m^3]
# name 20 = sal00: Salinity, Practical [PSU]
# name 21 = sal11: Salinity, Practical, 2 [PSU]
# name 22 = oxsolML/L: Oxygen Saturation, Garcia & Gordon [ml/l]
# name 23 = nbin: number of scans per bin
# name 24 = flag: flag
# span 0 =      5.000,   1066.000       
# span 1 =      4.951,   1052.856       
# span 2 =    -0.7269,     1.4774       
# span 3 =  27.403068,  30.540986       
# span 4 =    -0.7244,     1.4771       
# span 5 =  27.403682,  30.539651       
# span 6 =     4.0482,     8.1302       
# span 7 =     4.1003,     8.1365       
# span 8 =    -0.0224,     1.8303       
# span 9 =    81.6141,    90.8032       
# span 10 = 1.0000e-12, 2.2659e+01      
# span 11 =  -64.92486,  -64.92480      
# span 12 =  -64.61628,  -64.61592      
# span 13 = 346.005971, 346.022881      
# span 14 =       8.33,      99.99      
# span 15 = 4.7588e+01, 7.7567e+01      
# span 16 =    297.893,   1758.899      
# span 17 =       7150,      42215      
# span 18 =  1027.0289,  1032.7314      
# span 19 =  1027.0279,  1032.7303      
# span 20 =    33.5922,    34.6771      
# span 21 =    33.5900,    34.6757      
# span 22 =    7.72887,    8.24382      
# span 23 =         12,         49      
# span 24 = 0.0000e+00, 0.0000e+00      
# interval = decibars: 1                
# start_time = Dec 12 2021 00:03:38 [NMEA time, header]
# bad_flag = -9.990e-29
*END*
      5.000      4.951    -0.6907  27.416002    -0.6935  27.406624     8.1302     8.1365     1.7103    82.0949 2.2659e+01  -64.92486  -64.61592 346.005971      99.96 6.8752e+01    297.893       7150  1027.0371  1027.0294    33.6052    33.5957    8.23725         24 0.0000e+00
      6.000      5.943    -0.6599  27.432184    -0.6714  27.421101     8.0825     8.1342     1.7052    81.8437 1.9602e+01  -64.92486  -64.61594 346.005989      99.96 6.8752e+01    299.443       7188  1027.0289  1027.0279    33.5922    33.5900    8.23129         32 0.0000e+00
      7.000      6.932    -0.6999  27.406015    -0.6950  27.409399     8.0797     8.1072     1.8155    81.7022 1.6522e+01  -64.92486  -64.61594 346.006035      99.97 6.8752e+01    303.413       7283  1027.0429  1027.0418    33.6007    33.5999    8.23952         42 0.0000e+00
      8.000      7.923    -0.7088  27.409717    -0.7082  27.409215     8.0171     8.0754     1.8303    81.6141 1.4514e+01  -64.92486  -64.61595 346.006065      99.96 6.8752e+01    305.999       7345  1027.0594  1027.0583    33.6151    33.6137    8.24064         34 0.0000e+00
      9.000      8.913    -0.7269  27.406659    -0.7244  27.404346     8.0117     8.0533     1.8086    81.7819 1.2922e+01  -64.92486  -64.61596 346.006115      99.97 6.8752e+01    310.323       7449  1027.0773  1027.0725    33.6306    33.6246    8.24370         39 0.0000e+00
     10.000      9.903    -0.7225  27.415284    -0.7164  27.420251     8.0002     8.0477     1.6998    82.0150 1.1045e+01  -64.92486  -64.61596 346.006138      99.97 6.8752e+01    312.310       7496  1027.0867  1027.0861    33.6367    33.6366    8.24237         35 0.0000e+00
     11.000     10.894    -0.7179  27.425233    -0.7183  27.421998     8.0189     8.0555     1.7547    82.2694 9.8546e+00  -64.92486  -64.61596 346.006166      99.97 6.8229e+01    314.771       7556  1027.0969  1027.0939    33.6444    33.6404    8.24093         29 0.0000e+00
     12.000     11.880    -0.7126  27.413501    -0.7161  27.409490     8.0621     8.0646     1.8302    82.2889 8.8554e+00  -64.92486  -64.61598 346.006221      99.96 6.7081e+01    319.474       7668  1027.0832  1027.0823    33.6219    33.6204    8.24106         34 0.0000e+00
     13.000     12.873    -0.7230  27.406915    -0.7220  27.403988     8.0698     8.0804     1.7536    82.2076 7.3938e+00  -64.92486  -64.61598 346.006246      99.97 6.6989e+01    321.684       7721  1027.0905  1027.0861    33.6240    33.6189    8.24321         35 0.0000e+00
     14.000     13.863    -0.7247  27.403068    -0.7217  27.403682     7.9971     8.0389     1.7175    82.1983 6.7316e+00  -64.92486  -64.61597 346.006263      99.97 6.6989e+01    323.092       7755  1027.0921  1027.0898    33.6202    33.6176    8.24382         35 0.0000e+00
     15.000     14.853    -0.6279  27.540367    -0.6230  27.540198     7.9348     7.9678     1.8097    82.1673 6.4497e+00  -64.92485  -64.61599 346.006301      99.97 6.6881e+01    326.432       7835  1027.1524  1027.1472    33.6968    33.6911    8.21830         42 0.0000e+00
     16.000     15.842    -0.3213  27.894593    -0.2967  27.910062     7.9396     7.9670     1.7102    82.3891 5.3996e+00  -64.92484  -64.61600 346.006345      99.97 6.5217e+01    330.169       7925  1027.2440  1027.2367    33.8301    33.8233    8.14452         26 0.0000e+00
     17.000     16.833    -0.1370  28.082426    -0.1306  28.087010     7.9206     7.9631     1.6104    83.1691 4.7213e+00  -64.92486  -64.61598 346.006357      99.96 6.5227e+01    331.217       7950  1027.2733  1027.2720    33.8751    33.8741    8.10253         27 0.0000e+00
     18.000     17.820    -0.1171  28.103863    -0.1156  28.103749     7.9465     7.9699     1.7721    84.0997 4.4539e+00  -64.92486  -64.61599 346.006378      99.97 6.5227e+01    333.073       7995  1027.2844  1027.2828    33.8809    33.8792    8.09797         32 0.0000e+00
     19.000     18.813    -0.1057  28.114401    -0.1056  28.112822     7.9417     7.9692     1.7748    85.3360 4.1687e+00  -64.92484  -64.61602 346.006436      99.97 6.3668e+01    338.028       8114  1027.2939  1027.2920    33.8817    33.8795    8.09552         35 0.0000e+00
     20.000     19.804    -0.1023  28.117714    -0.1017  28.116360     7.9552     7.9650     1.7299    85.5821 3.5301e+00  -64.92484  -64.61602 346.006467      99.97 6.3469e+01    340.765       8179  1027.3003  1027.2983    33.8817    33.8793    8.09479         30 0.0000e+00
     21.000     20.793    -0.0923  28.127783    -0.0914  28.126305     7.9230     7.9710     1.6358    85.5618 3.2541e+00  -64.92486  -64.61602 346.006483      99.97 6.3464e+01    342.152       8213  1027.3063  1027.3039    33.8834    33.8805    8.09258         28 0.0000e+00
     22.000     21.782    -0.0793  28.141493    -0.0787  28.140166     7.9242     7.9690     1.6208    85.5655 3.0574e+00  -64.92486  -64.61602 346.006501      99.97 6.3404e+01    343.724       8250  1027.3134  1027.3114    33.8866    33.8841    8.08965         30 0.0000e+00
     23.000     22.774    -0.0680  28.153469    -0.0686  28.150452     7.9580     7.9684     1.6614    85.5428 2.6552e+00  -64.92486  -64.61602 346.006565      99.97 6.1667e+01    349.210       8382  1027.3211  1027.3185    33.8893    33.8860    8.08710         34 0.0000e+00
     24.000     23.763    -0.0404  28.181491    -0.0379  28.181413     7.9352     7.9629     1.5746    85.6008 2.4107e+00  -64.92486  -64.61602 346.006577      99.97 6.1702e+01    350.235       8407  1027.3288  1027.3262    33.8953    33.8923    8.08093         30 0.0000e+00
     25.000     24.756    -0.0153  28.209215    -0.0151  28.207403     7.9188     7.9664     1.6340    85.6214 2.2688e+00  -64.92485  -64.61603 346.006602      99.96 6.1701e+01    352.419       8459  1027.3389  1027.3368    33.9035    33.9009    8.07515         24 0.0000e+00
     26.000     25.741    -0.0012  28.223577    -0.0016  28.221385     7.9067     7.9609     1.8275    85.6848 2.1760e+00  -64.92484  -64.61606 346.006643      99.97 6.1701e+01    355.931       8543  1027.3458  1027.3439    33.9063    33.9039    8.07202         33 0.0000e+00
     27.000     26.734     0.0048  28.229972     0.0043  28.227596     7.9478     7.9668     1.6114    85.8022 1.8104e+00  -64.92486  -64.61606 346.006690      99.96 6.1244e+01    360.033       8642  1027.3518  1027.3497    33.9075    33.9049    8.07068         30 0.0000e+00
     28.000     27.723     0.0122  28.237352     0.0122  28.235701     7.9076     7.9672     1.5976    85.8118 1.6319e+00  -64.92486  -64.61606 346.006706      99.97 6.0891e+01    361.361       8674  1027.3570  1027.3552    33.9085    33.9062    8.06907         24 0.0000e+00
     29.000     28.713     0.0236  28.248817     0.0239  28.247296     7.9278     7.9727     1.5836    85.8129 1.5097e+00  -64.92486  -64.61606 346.006717      99.97 6.0519e+01    362.382       8698  1027.3626  1027.3606    33.9104    33.9080    8.06656         28 0.0000e+00
     30.000     29.703     0.0296  28.255580     0.0287  28.253297     7.9301     7.9643     1.6636    85.8141 1.4268e+00  -64.92485  -64.61607 346.006765      99.96 6.0968e+01    366.538       8798  1027.3687  1027.3672    33.9121    33.9101    8.06519         39 0.0000e+00
     31.000     30.695     0.0415  28.268811     0.0383  28.263169     7.9254     7.9619     1.6165    85.8960 1.2954e+00  -64.92484  -64.61608 346.006799      99.97 6.1641e+01    369.444       8868  1027.3759  1027.3730    33.9158    33.9119    8.06248         31 0.0000e+00
     32.000     31.682     0.0522  28.281203     0.0518  28.279114     7.9244     7.9641     1.6089    86.0828 1.2048e+00  -64.92485  -64.61608 346.006825      99.97 6.1703e+01    371.677       8921  1027.3832  1027.3813    33.9198    33.9174    8.06001         27 0.0000e+00
     33.000     32.675     0.0603  28.290594     0.0603  28.288869     7.9296     7.9601     1.6164    86.2902 1.1394e+00  -64.92486  -64.61608 346.006862      99.97 6.1701e+01    374.849       8997  1027.3900  1027.3881    33.9226    33.9203    8.05814         35 0.0000e+00
     34.000     33.663     0.0663  28.298499     0.0661  28.296331     7.9233     7.9603     1.6322    86.3567 1.0212e+00  -64.92486  -64.61608 346.006882      99.97 6.1701e+01    376.601       9039  1027.3970  1027.3949    33.9258    33.9231    8.05670         38 0.0000e+00
     35.000     34.655     0.0723  28.305415     0.0711  28.302369     7.9292     7.9591     1.5073    86.5645 9.4242e-01  -64.92485  -64.61611 346.006949      99.96 6.1701e+01    382.384       9178  1027.4033  1027.4012    33.9277    33.9250    8.05533         33 0.0000e+00
     36.000     35.644     0.0764  28.311680     0.0764  28.309927     7.9018     7.9592     1.4108    86.6029 8.5869e-01  -64.92486  -64.61610 346.006965      99.97 6.1701e+01    383.797       9212  1027.4104  1027.4085    33.9308    33.9285    8.05429         22 0.0000e+00
     37.000     36.635     0.0765  28.314831     0.0764  28.313122     7.9243     7.9578     1.4100    86.5755 7.9499e-01  -64.92486  -64.61609 346.006976      99.97 6.1701e+01    384.710       9234  1027.4180  1027.4162    33.9343    33.9321    8.05408         23 0.0000e+00
     38.000     37.624     0.0714  28.313712     0.0713  28.311969     7.9167     7.9562     1.4549    86.5604 7.4223e-01  -64.92486  -64.61609 346.006988      99.97 6.1701e+01    385.747       9259  1027.4261  1027.4243    33.9378    33.9356    8.05494         31 0.0000e+00
     39.000     38.615     0.0693  28.313311     0.0699  28.311250     7.8891     7.9496     1.3809    86.5698 6.6421e-01  -64.92485  -64.61611 346.007051      99.96 6.1701e+01    391.200       9390  1027.4321  1027.4293    33.9390    33.9356    8.05532         31 0.0000e+00
     40.000     39.604     0.0610  28.309546     0.0615  28.308236     7.8842     7.9437     1.3696    86.6822 6.0790e-01  -64.92486  -64.61611 346.007078      99.96 6.1701e+01    393.518       9445  1027.4405  1027.4385    33.9426    33.9403    8.05686         25 0.0000e+00
     41.000     40.595     0.0490  28.302276     0.0491  28.300764     7.8834     7.9399     1.4465    86.7441 5.8403e-01  -64.92486  -64.61612 346.007092      99.97 6.1701e+01    394.750       9475  1027.4486  1027.4469    33.9457    33.9436    8.05921         33 0.0000e+00
     42.000     41.583     0.0425  28.300333     0.0473  28.300179     7.8605     7.9218     1.2008    87.3056 5.3640e-01  -64.92485  -64.61612 346.007141      99.97 6.1701e+01    398.945       9576  1027.4568  1027.4522    33.9497    33.9442    8.06034         22 0.0000e+00
     43.000     42.575     0.0223  28.294423     0.0230  28.293145     7.8060     7.8818     1.1318    87.6324 4.8389e-01  -64.92485  -64.61612 346.007176      99.97 6.1701e+01    402.039       9650  1027.4744  1027.4724    33.9638    33.9613    8.06381         39 0.0000e+00
     44.000     43.564     0.0159  28.295517     0.0163  28.293960     7.7901     7.8683     1.0350    87.7553 4.6896e-01  -64.92484  -64.61613 346.007197      99.97 6.1701e+01    403.826       9693  1027.4859  1027.4839    33.9717    33.9692    8.06471         38 0.0000e+00
     45.000     44.556    -0.0005  28.287680     0.0006  28.286685     7.7870     7.8585     1.0164    88.0401 4.5227e-01  -64.92484  -64.61614 346.007226      99.97 6.1701e+01    406.299       9752  1027.4975  1027.4955    33.9790    33.9765    8.06776         29 0.0000e+00
     46.000     45.544    -0.0060  28.286321    -0.0065  28.284505     7.7708     7.8228     0.8052    88.6009 3.9740e-01  -64.92485  -64.61614 346.007285      99.97 6.1701e+01    411.422       9875  1027.5053  1027.5038    33.9827    33.9808    8.06871         35 0.0000e+00
     47.000     46.534    -0.0099  28.286230    -0.0097  28.284648     7.7041     7.7834     0.5994    88.6400 3.7674e-01  -64.92484  -64.61614 346.007309      99.97 6.1701e+01    413.456       9924  1027.5131  1027.5112    33.9863    33.9840    8.06933         33 0.0000e+00
     48.000     47.524    -0.0230  28.281688    -0.0231  28.279992     7.6447     7.7592     0.6118    88.6390 3.6064e-01  -64.92484  -64.61614 346.007323      99.97 6.1701e+01    414.672       9953  1027.5252  1027.5235    33.9942    33.9921    8.07164         28 0.0000e+00
     49.000     48.515    -0.0400  28.270390    -0.0421  28.268096     7.6051     7.7471     0.5332    88.7010 3.4071e-01  -64.92484  -64.61614 346.007349      99.97 6.1701e+01    416.962      10008  1027.5338  1027.5332    33.9976    33.9968    8.07504         35 0.0000e+00
     50.000     49.503    -0.0790  28.240248    -0.0626  28.251865     7.5004     7.6441     0.5352    88.8496 3.0053e-01  -64.92484  -64.61616 346.007409      99.97 6.1701e+01    422.171      10133  1027.5431  1027.5397    34.0004    33.9976    8.08312         36 0.0000e+00
     51.000     50.495    -0.1199  28.207207    -0.1176  28.207678     7.3642     7.5504     0.4562    88.9941 2.7762e-01  -64.92484  -64.61616 346.007430      99.97 6.1701e+01    423.934      10175  1027.5514  1027.5500    34.0014    33.9995    8.09172         33 0.0000e+00
     52.000     51.485    -0.1693  28.169286    -0.1631  28.172771     6.9604     7.2509     0.4893    88.9954 2.7523e-01  -64.92484  -64.61615 346.007457      99.97 6.1701e+01    426.297      10232  1027.5626  1027.5607    34.0055    34.0032    8.10199         35 0.0000e+00
     53.000     52.474    -0.2730  28.090139    -0.2735  28.089356     6.7624     7.0821     0.4372    89.0867 2.6934e-01  -64.92484  -64.61615 346.007477      99.97 6.1701e+01    428.044      10274  1027.5824  1027.5823    34.0152    34.0147    8.12350         35 0.0000e+00
     54.000     53.466    -0.3413  28.038469    -0.3353  28.041179     6.8504     7.1145     0.3606    89.1429 2.4581e-01  -64.92484  -64.61616 346.007513      99.97 6.2218e+01    431.120      10348  1027.5963  1027.5937    34.0219    34.0188    8.13771         30 0.0000e+00
     55.000     54.454    -0.3518  28.033379    -0.3472  28.036053     6.6093     6.9035     0.3026    89.2262 2.1835e-01  -64.92484  -64.61615 346.007565      99.97 6.3452e+01    435.579      10455  1027.6040  1027.6030    34.0262    34.0247    8.13970         15 0.0000e+00
     56.000     55.442    -0.3419  28.048218    -0.3425  28.045980     6.5959     6.8964     0.3117    89.2754 2.0428e-01  -64.92484  -64.61614 346.007572      99.97 6.3464e+01    436.254      10471  1027.6144  1027.6129    34.0344    34.0320    8.13712         15 0.0000e+00
     57.000     56.436    -0.3272  28.078402    -0.3295  28.075099     6.6554     6.9194     0.3146    89.3152 1.9360e-01  -64.92484  -64.61614 346.007581      99.96 6.3464e+01    436.967      10488  1027.6364  1027.6355    34.0576    34.0558    8.13264         20 0.0000e+00
     58.000     57.423    -0.3046  28.112733    -0.3015  28.106227     6.6712     6.8838     0.3269    89.3419 1.8536e-01  -64.92484  -64.61615 346.007633      99.97 6.3464e+01    441.473      10596  1027.6550  1027.6450    34.0776    34.0655    8.12667         32 0.0000e+00
     59.000     58.414    -0.3008  28.118508    -0.2967  28.115968     6.5604     6.7788     0.3321    89.3918 1.7447e-01  -64.92484  -64.61616 346.007685      99.97 6.3464e+01    445.988      10705  1027.6614  1027.6549    34.0805    34.0725    8.12570         28 0.0000e+00
     60.000     59.404    -0.2995  28.128021    -0.2997  28.126427     6.6366     6.7811     0.2977    89.4889 1.6809e-01  -64.92484  -64.61616 346.007700      99.97 6.3464e+01    447.272      10736  1027.6745  1027.6731    34.0911    34.0892    8.12481         31 0.0000e+00
     61.000     60.393    -0.2807  28.146319    -0.2813  28.144096     6.7053     6.7987     0.3282    89.5363 1.6367e-01  -64.92484  -64.61616 346.007718      99.97 6.3464e+01    448.833      10773  1027.6800  1027.6782    34.0939    34.0916    8.12064         39 0.0000e+00
