NBP2113_155081_ctd/data/dnbp2113_041.cnv
* Sea-Bird SBE 9 Data File:
* FileName = D:\Data\raw\NBP2113_041.hex
* Software Version Seasave V 7.26.7.121
* Temperature SN = 2438
* Conductivity SN = 2067
* Number of Bytes Per Scan = 40
* Number of Voltage Words = 5
* Number of Scans Averaged by the Deck Unit = 1
* NMEA Latitude = 64 50.77 S
* NMEA Longitude = 063 54.70 W
* NMEA UTC (Time) = Dec 10 2021  14:38:32
* NMEA baud rate = 9600
** Ship: RVIB N.B. Palmer
** Cruise: NBP2113 LTER
** Station: 622.029
** Operator: B. Urmston
# nquan = 25
# nvalues = 251                         
# units = specified
# name 0 = prDM: Pressure, Digiquartz [db]
# name 1 = depSM: Depth [salt water, m]
# name 2 = t090C: Temperature [ITS-90, deg C]
# name 3 = c0mS/cm: Conductivity [mS/cm]
# name 4 = t190C: Temperature, 2 [ITS-90, deg C]
# name 5 = c1mS/cm: Conductivity, 2 [mS/cm]
# name 6 = sbeox0ML/L: Oxygen, SBE 43 [ml/l]
# name 7 = sbeox1ML/L: Oxygen, SBE 43, 2 [ml/l]
# name 8 = flECO-AFL: Fluorescence, WET Labs ECO-AFL/FL [mg/m^3]
# name 9 = CStarTr0: Beam Transmission, WET Labs C-Star [%]
# name 10 = par: PAR/Irradiance, Biospherical/Licor
# name 11 = latitude: Latitude [deg]
# name 12 = longitude: Longitude [deg]
# name 13 = timeJ: Julian Days
# name 14 = altM: Altimeter [m]
# name 15 = spar: SPAR, Biospherical/Licor
# name 16 = timeS: Time, Elapsed [seconds]
# name 17 = scan: Scan Count
# name 18 = density00: Density [density, kg/m^3]
# name 19 = density11: Density, 2 [density, kg/m^3]
# name 20 = sal00: Salinity, Practical [PSU]
# name 21 = sal11: Salinity, Practical, 2 [PSU]
# name 22 = oxsolML/L: Oxygen Saturation, Garcia & Gordon [ml/l]
# name 23 = nbin: number of scans per bin
# name 24 = flag: flag
# span 0 =      5.000,    255.000       
# span 1 =      4.952,    252.347       
# span 2 =    -0.3342,     1.1612       
# span 3 =  27.846434,  29.853625       
# span 4 =    -0.3335,     1.1602       
# span 5 =  27.846288,  29.851297       
# span 6 =     4.4808,     8.0790       
# span 7 =     4.5582,     8.1103       
# span 8 =    -0.0099,     1.6655       
# span 9 =    87.6435,    94.6611       
# span 10 = -3.414e-06, 2.7938e+02      
# span 11 =  -64.84634,  -64.84624      
# span 12 =  -63.91180,  -63.91174      
# span 13 = 344.613792, 344.620188      
# span 14 =       7.25,     100.27      
# span 15 = 8.8310e+02, 1.0311e+03      
# span 16 =    319.642,    872.265      
# span 17 =       7672,      20935      
# span 18 =  1027.1587,  1028.9220      
# span 19 =  1027.1566,  1028.9206      
# span 20 =    33.7660,    34.6068      
# span 21 =    33.7641,    34.6050      
# span 22 =    7.79510,    8.14809      
# span 23 =         20,         49      
# span 24 = 0.0000e+00, 0.0000e+00      
# interval = decibars: 1                
# start_time = Dec 10 2021 14:38:32 [NMEA time, header]
# bad_flag = -9.990e-29
*END*
[from data line 174]
    179.000    177.170     0.5739  29.195298     0.5736  29.193903     5.3473     5.4204     0.0289    94.0491 1.0000e-12  -64.84628  -63.91176 344.618078      85.98 9.6030e+02    689.963      16560  1028.4805  1028.4793    34.4525    34.4510    7.92202         29 0.0000e+00
    180.000    178.161     0.5751  29.197377     0.5746  29.195564     5.3410     5.4143     0.0286    94.0502 1.0000e-12  -64.84628  -63.91178 344.618100      84.75 9.6337e+02    691.829      16605  1028.4858  1028.4843    34.4532    34.4513    7.92173         28 0.0000e+00
    181.000    179.149     0.5795  29.202457     0.5792  29.201022     5.3323     5.3988     0.0384    94.0154 1.0000e-12  -64.84628  -63.91178 344.618146      83.92 9.6511e+02    695.828      16701  1028.4912  1028.4899    34.4543    34.4527    7.92076         39 0.0000e+00
    182.000    180.139     0.5834  29.206970     0.5830  29.205102     5.3151     5.3796     0.0323    94.0550 1.0000e-12  -64.84628  -63.91177 344.618169      82.94 9.6427e+02    697.759      16747  1028.4965  1028.4948    34.4553    34.4533    7.91992         34 0.0000e+00
    183.000    181.128     0.5912  29.216198     0.5899  29.213107     5.3007     5.3800     0.0230    94.0733 1.0000e-12  -64.84628  -63.91176 344.618182      81.94 9.6430e+02    698.929      16775  1028.5027  1028.5008    34.4581    34.4554    7.91818         25 0.0000e+00
    184.000    182.117     0.5915  29.217244     0.5933  29.218214     5.2918     5.3820     0.0277    94.0559 1.0000e-12  -64.84628  -63.91176 344.618194      80.91 9.6430e+02    699.943      16800  1028.5078  1028.5070    34.4585    34.4577    7.91809         24 0.0000e+00
    185.000    183.107     0.5951  29.221156     0.5944  29.219212     5.3007     5.3785     0.0258    93.9053 1.0000e-12  -64.84628  -63.91176 344.618207      79.90 9.6584e+02    701.065      16827  1028.5128  1028.5113    34.4590    34.4572    7.91733         32 0.0000e+00
    186.000    184.094     0.5968  29.223969     0.5966  29.222389     5.2989     5.3724     0.0314    94.0590 1.0000e-12  -64.84628  -63.91177 344.618233      78.59 9.6759e+02    703.352      16881  1028.5183  1028.5169    34.4601    34.4583    7.91691         25 0.0000e+00
    187.000    185.086     0.6053  29.233502     0.6047  29.231563     5.2700     5.3484     0.0333    94.0479 1.0000e-12  -64.84628  -63.91178 344.618276      77.51 9.6782e+02    707.042      16970  1028.5244  1028.5228    34.4625    34.4606    7.91505         45 0.0000e+00
    188.000    186.075     0.6163  29.245628     0.6160  29.243848     5.2551     5.3331     0.0251    94.0750 1.0000e-12  -64.84628  -63.91178 344.618298      76.64 9.6957e+02    708.983      17017  1028.5305  1028.5290    34.4654    34.4635    7.91263         38 0.0000e+00
    189.000    187.064     0.6237  29.253926     0.6234  29.252092     5.2458     5.3269     0.0304    94.0968 1.0000e-12  -64.84628  -63.91176 344.618317      75.66 9.6958e+02    710.550      17054  1028.5363  1028.5346    34.4674    34.4653    7.91101         35 0.0000e+00
    190.000    188.053     0.6322  29.263209     0.6322  29.261469     5.2356     5.3200     0.0265    94.0953 1.0000e-12  -64.84628  -63.91176 344.618334      74.59 9.7004e+02    712.019      17089  1028.5420  1028.5402    34.4694    34.4672    7.90917         36 0.0000e+00
    191.000    189.042     0.6353  29.267273     0.6354  29.265940     5.2300     5.3169     0.0257    94.0808 1.0000e-12  -64.84628  -63.91176 344.618352      73.48 9.7134e+02    713.590      17127  1028.5476  1028.5461    34.4706    34.4688    7.90846         34 0.0000e+00
    192.000    190.032     0.6351  29.267554     0.6355  29.266605     5.2371     5.3149     0.0400    94.0902 1.0000e-12  -64.84628  -63.91178 344.618372      72.51 9.7293e+02    715.353      17169  1028.5525  1028.5510    34.4707    34.4689    7.90852         45 0.0000e+00
    193.000    191.020     0.6373  29.270287     0.6379  29.269514     5.2378     5.3135     0.0318    94.1073 1.0000e-12  -64.84628  -63.91178 344.618395      71.43 9.7453e+02    717.291      17216  1028.5575  1028.5561    34.4711    34.4695    7.90802         40 0.0000e+00
    194.000    192.011     0.6407  29.273915     0.6401  29.272010     5.2337     5.3107     0.0350    94.0964 1.0000e-12  -64.84628  -63.91178 344.618418      70.38 9.7409e+02    719.273      17264  1028.5624  1028.5610    34.4715    34.4697    7.90732         43 0.0000e+00
    195.000    192.998     0.6441  29.277944     0.6442  29.276628     5.2292     5.3000     0.0249    94.0928 1.0000e-12  -64.84628  -63.91176 344.618439      69.37 9.7311e+02    721.120      17308  1028.5676  1028.5661    34.4724    34.4705    7.90658         38 0.0000e+00
    196.000    193.990     0.6484  29.283494     0.6485  29.282104     5.2168     5.2936     0.0274    94.0950 1.0000e-12  -64.84628  -63.91177 344.618456      68.40 9.7470e+02    722.632      17344  1028.5735  1028.5719    34.4743    34.4723    7.90560         34 0.0000e+00
    197.000    194.978     0.6485  29.284282     0.6487  29.282947     5.2153     5.2919     0.0314    94.1125 1.0000e-12  -64.84628  -63.91177 344.618474      67.34 9.7604e+02    724.114      17380  1028.5785  1028.5769    34.4745    34.4726    7.90556         37 0.0000e+00
    198.000    195.968     0.6482  29.284595     0.6482  29.283147     5.2126     5.2830     0.0290    94.1165 1.0000e-12  -64.84628  -63.91178 344.618495      66.28 9.7661e+02    725.971      17424  1028.5835  1028.5820    34.4747    34.4729    7.90562         39 0.0000e+00
    199.000    196.957     0.6480  29.285151     0.6481  29.283803     5.2169     5.2821     0.0289    94.1056 1.0000e-12  -64.84628  -63.91178 344.618518      65.28 9.7786e+02    727.956      17472  1028.5887  1028.5871    34.4751    34.4732    7.90564         41 0.0000e+00
    200.000    197.946     0.6491  29.286636     0.6493  29.285381     5.2076     5.2728     0.0289    94.1378 1.0000e-12  -64.84628  -63.91178 344.618536      64.36 9.7841e+02    729.494      17509  1028.5934  1028.5918    34.4752    34.4733    7.90541         32 0.0000e+00
    201.000    198.935     0.6485  29.287046     0.6486  29.285754     5.1855     5.2634     0.0289    94.1473 1.0000e-12  -64.84628  -63.91177 344.618551      63.28 9.7840e+02    730.836      17541  1028.5987  1028.5972    34.4758    34.4740    7.90550         32 0.0000e+00
    202.000    199.924     0.6478  29.287067     0.6477  29.285545     5.1323     5.2226     0.0289    94.1374 1.0000e-12  -64.84628  -63.91176 344.618566      62.31 9.7840e+02    732.119      17572  1028.6036  1028.6022    34.4759    34.4741    7.90562         30 0.0000e+00
    203.000    200.914     0.6509  29.292124     0.6507  29.290886     5.0759     5.1812     0.0289    94.1195 1.0000e-12  -64.84628  -63.91176 344.618579      61.32 9.7840e+02    733.253      17599  1028.6101  1028.6091    34.4785    34.4772    7.90485         25 0.0000e+00
    204.000    201.902     0.6655  29.308363     0.6651  29.306924     5.0496     5.1577     0.0289    94.1734 1.0000e-12  -64.84628  -63.91176 344.618591      60.37 9.7840e+02    734.261      17623  1028.6169  1028.6158    34.4828    34.4814    7.90164         23 0.0000e+00
    205.000    202.893     0.6814  29.326377     0.6812  29.325271     5.0495     5.1519     0.0257    94.1953 1.0000e-12  -64.84628  -63.91176 344.618602      59.27 9.7902e+02    735.216      17646  1028.6244  1028.6234    34.4879    34.4867    7.89813         23 0.0000e+00
    206.000    203.881     0.6887  29.336021     0.6877  29.333771     5.0014     5.1200     0.0247    94.1707 1.0000e-12  -64.84628  -63.91178 344.618614      58.18 9.8066e+02    736.258      17671  1028.6316  1028.6302    34.4917    34.4899    7.89643         29 0.0000e+00
    207.000    204.870     0.7087  29.355095     0.7050  29.347470     4.9078     5.0560     0.0322    94.1808 1.0000e-12  -64.84630  -63.91178 344.618631      57.10 9.8200e+02    737.715      17706  1028.6362  1028.6319    34.4936    34.4879    7.89225         40 0.0000e+00
    208.000    205.859     0.7646  29.415185     0.7673  29.414135     4.8801     5.0100     0.0149    94.3042 1.0000e-12  -64.84630  -63.91178 344.618654      55.99 9.8370e+02    739.734      17755  1028.6484  1028.6446    34.5089    34.5045    7.88007         37 0.0000e+00
    209.000    206.849     0.7736  29.424724     0.7742  29.423786     4.8844     4.9946     0.0134    94.4157 1.0000e-12  -64.84630  -63.91178 344.618673      55.03 9.8369e+02    741.381      17794  1028.6542  1028.6526    34.5107    34.5089    7.87816         35 0.0000e+00
    210.000    207.838     0.7803  29.431818     0.7796  29.429734     4.8482     4.9620     0.0092    94.4257 1.0000e-12  -64.84630  -63.91178 344.618690      54.12 9.8369e+02    742.783      17828  1028.6595  1028.6581    34.5118    34.5099    7.87673         32 0.0000e+00
    211.000    208.827     0.7880  29.439216     0.7870  29.437121     4.8016     4.9224     0.0106    94.5026 1.0000e-12  -64.84630  -63.91177 344.618704      53.06 9.8369e+02    744.067      17859  1028.6643  1028.6630    34.5123    34.5106    7.87515         30 0.0000e+00
    212.000    209.817     0.8196  29.473269     0.8192  29.471893     4.7832     4.9069     0.0107    94.4985 1.0000e-12  -64.84628  -63.91176 344.618718      52.04 9.8369e+02    745.198      17886  1028.6729  1028.6719    34.5207    34.5194    7.86830         25 0.0000e+00
    213.000    210.804     0.8265  29.481867     0.8257  29.479871     4.7871     4.8993     0.0083    94.5283 1.0000e-12  -64.84628  -63.91176 344.618729      51.07 9.8369e+02    746.183      17909  1028.6796  1028.6783    34.5236    34.5219    7.86674         22 0.0000e+00
    214.000    211.793     0.8345  29.491110     0.8340  29.489415     4.7925     4.8986     0.0069    94.5365 1.0000e-12  -64.84630  -63.91178 344.618740      50.06 9.8505e+02    747.112      17932  1028.6858  1028.6846    34.5260    34.5244    7.86498         23 0.0000e+00
    215.000    212.786     0.8396  29.496731     0.8388  29.494776     4.7968     4.8958     0.0069    94.5375 1.0000e-12  -64.84630  -63.91178 344.618751      49.14 9.8569e+02    748.129      17956  1028.6911  1028.6899    34.5270    34.5254    7.86390         27 0.0000e+00
    216.000    213.774     0.8432  29.501132     0.8432  29.499523     4.8143     4.8975     0.0048    94.5612 1.0000e-12  -64.84630  -63.91178 344.618770      47.78 9.8717e+02    749.753      17995  1028.6968  1028.6952    34.5281    34.5261    7.86311         42 0.0000e+00
    217.000    214.762     0.8461  29.504553     0.8467  29.503500     4.8314     4.9023    -0.0020    94.6367 1.0000e-12  -64.84630  -63.91178 344.618801      46.73 9.8804e+02    752.425      18059  1028.7023  1028.7006    34.5288    34.5268    7.86250         39 0.0000e+00
    218.000    215.751     0.8455  29.504053     0.8460  29.503563     4.8393     4.9034     0.0015    94.6611 1.0000e-12  -64.84630  -63.91178 344.618824      45.75 9.8898e+02    754.355      18106  1028.7069  1028.7059    34.5282    34.5271    7.86265         35 0.0000e+00
    219.000    216.740     0.8455  29.504721     0.8456  29.503572     4.8414     4.9073    -0.0029    94.6551 1.0000e-12  -64.84630  -63.91178 344.618841      45.00 9.8898e+02    755.866      18142  1028.7120  1028.7108    34.5285    34.5270    7.86263         33 0.0000e+00
    220.000    217.730     0.8480  29.507300     0.8482  29.506382     4.8406     4.9134    -0.0045    94.6386 1.0000e-12  -64.84630  -63.91178 344.618857      43.77 9.8752e+02    757.204      18174  1028.7166  1028.7155    34.5285    34.5271    7.86213         32 0.0000e+00
    221.000    218.718     0.8534  29.513217     0.8543  29.513699     4.8318     4.9024    -0.0054    94.6379 1.0000e-12  -64.84630  -63.91176 344.618872      42.82 9.8877e+02    758.517      18205  1028.7217  1028.7213    34.5295    34.5291    7.86098         31 0.0000e+00
    222.000    219.710     0.8793  29.539678     0.8757  29.534766     4.8186     4.8945     0.0038    94.5996 1.0000e-12  -64.84630  -63.91177 344.618887      41.84 9.9016e+02    759.840      18237  1028.7280  1028.7265    34.5344    34.5321    7.85549         33 0.0000e+00
    223.000    220.698     0.8907  29.554206     0.8920  29.554369     4.8156     4.8953    -0.0045    94.6002 1.0000e-12  -64.84630  -63.91178 344.618903      40.84 9.9189e+02    761.246      18271  1028.7363  1028.7353    34.5400    34.5387    7.85289         34 0.0000e+00
    224.000    221.687     0.8934  29.557769     0.8930  29.555094     4.8134     4.8841     0.0040    94.5954 1.0000e-12  -64.84630  -63.91178 344.618927      39.57 9.9252e+02    763.322      18321  1028.7418  1028.7395    34.5409    34.5379    7.85229         38 0.0000e+00
    225.000    222.678     0.9069  29.571679     0.9075  29.570113     4.7956     4.8646    -0.0012    94.5650 1.0000e-12  -64.84630  -63.91178 344.618958      38.57 9.9263e+02    765.926      18383  1028.7476  1028.7454    34.5433    34.5407    7.84944         38 0.0000e+00
    226.000    223.664     0.9155  29.581688     0.9166  29.581735     4.7922     4.8547     0.0014    94.5333 1.0000e-12  -64.84630  -63.91178 344.618975      37.75 9.9428e+02    767.424      18419  1028.7539  1028.7529    34.5462    34.5450    7.84756         33 0.0000e+00
    227.000    224.654     0.9207  29.587430     0.9225  29.587721     4.7696     4.8500     0.0066    94.5078 1.0000e-12  -64.84630  -63.91178 344.618991      36.58 9.9427e+02    768.800      18452  1028.7592  1028.7577    34.5472    34.5456    7.84645         35 0.0000e+00
    228.000    225.643     0.9322  29.598397     0.9311  29.596780     4.7625     4.8429     0.0069    94.4918 1.0000e-12  -64.84630  -63.91178 344.619012      35.47 9.9427e+02    770.673      18497  1028.7637  1028.7631    34.5480    34.5471    7.84410         44 0.0000e+00
    229.000    226.633     0.9401  29.607862     0.9394  29.606061     4.7471     4.8280    -0.0019    94.4405 1.0000e-12  -64.84630  -63.91178 344.619036      34.48 9.9592e+02    772.667      18545  1028.7703  1028.7690    34.5509    34.5493    7.84236         37 0.0000e+00
    230.000    227.621     0.9490  29.618020     0.9479  29.615959     4.7446     4.8202     0.0018    94.4803 1.0000e-12  -64.84630  -63.91178 344.619054      33.61 9.9735e+02    774.257      18583  1028.7764  1028.7753    34.5535    34.5520    7.84041         39 0.0000e+00
    231.000    228.610     0.9521  29.622057     0.9519  29.620509     4.7449     4.8186     0.0127    94.4837 1.0000e-12  -64.84630  -63.91178 344.619076      32.40 9.9778e+02    776.196      18630  1028.7820  1028.7805    34.5547    34.5529    7.83973         37 0.0000e+00
    232.000    229.601     0.9540  29.624279     0.9536  29.622656     4.7185     4.8047     0.0057    94.4913 1.0000e-12  -64.84630  -63.91178 344.619103      31.39 9.9784e+02    778.480      18685  1028.7869  1028.7856    34.5549    34.5532    7.83934         40 0.0000e+00
    233.000    230.588     0.9612  29.632112     0.9615  29.631165     4.7108     4.7959     0.0076    94.5054 1.0000e-12  -64.84630  -63.91178 344.619125      30.40 9.9960e+02    780.391      18730  1028.7923  1028.7910    34.5564    34.5549    7.83781         39 0.0000e+00
    234.000    231.574     0.9665  29.637785     0.9660  29.636464     4.7093     4.7868     0.0040    94.4633 1.0000e-12  -64.84630  -63.91178 344.619157      29.31 9.9955e+02    783.195      18798  1028.7975  1028.7966    34.5573    34.5561    7.83670         20 0.0000e+00
    235.000    232.569     0.9726  29.645700     0.9725  29.644407     4.6912     4.7674     0.0038    94.5315 1.0000e-12  -64.84630  -63.91178 344.619192      28.39 1.0013e+03    786.147      18869  1028.8040  1028.8027    34.5601    34.5585    7.83533         38 0.0000e+00
