NBP2113_155081_ctd/data/dnbp2113_038.cnv
* Sea-Bird SBE 9 Data File:
* FileName = D:\Data\raw\NBP2113_038.hex
* Software Version Seasave V 7.26.7.121
* Temperature SN = 2438
* Conductivity SN = 2067
* Number of Bytes Per Scan = 40
* Number of Voltage Words = 5
* Number of Scans Averaged by the Deck Unit = 1
* NMEA Latitude = 64 56.00 S
* NMEA Longitude = 064 24.10 W
* NMEA UTC (Time) = Dec 10 2021  10:01:33
* NMEA baud rate = 9600
** Ship: RVIB N.B. Palmer
** Cruise: NBP2113 LTER
** Station: 600.040
** Operator: B. Urmston
# nquan = 25
# nvalues = 98                          
# units = specified
# name 0 = prDM: Pressure, Digiquartz [db]
# name 1 = depSM: Depth [salt water, m]
# name 2 = t090C: Temperature [ITS-90, deg C]
# name 3 = c0mS/cm: Conductivity [mS/cm]
# name 4 = t190C: Temperature, 2 [ITS-90, deg C]
# name 5 = c1mS/cm: Conductivity, 2 [mS/cm]
# name 6 = sbeox0ML/L: Oxygen, SBE 43 [ml/l]
# name 7 = sbeox1ML/L: Oxygen, SBE 43, 2 [ml/l]
# name 8 = flECO-AFL: Fluorescence, WET Labs ECO-AFL/FL [mg/m^3]
# name 9 = CStarTr0: Beam Transmission, WET Labs C-Star [%]
# name 10 = par: PAR/Irradiance, Biospherical/Licor
# name 11 = latitude: Latitude [deg]
# name 12 = longitude: Longitude [deg]
# name 13 = timeJ: Julian Days
# name 14 = altM: Altimeter [m]
# name 15 = spar: SPAR, Biospherical/Licor
# name 16 = timeS: Time, Elapsed [seconds]
# name 17 = scan: Scan Count
# name 18 = density00: Density [density, kg/m^3]
# name 19 = density11: Density, 2 [density, kg/m^3]
# name 20 = sal00: Salinity, Practical [PSU]
# name 21 = sal11: Salinity, Practical, 2 [PSU]
# name 22 = oxsolML/L: Oxygen Saturation, Garcia & Gordon [ml/l]
# name 23 = nbin: number of scans per bin
# name 24 = flag: flag
# span 0 =      6.000,    103.000       
# span 1 =      5.948,    101.969       
# span 2 =    -0.7186,     0.3191       
# span 3 =  27.394431,  28.874895       
# span 4 =    -0.7180,     0.3190       
# span 5 =  27.393224,  28.873231       
# span 6 =     5.3836,     8.1251       
# span 7 =     5.4727,     8.1530       
# span 8 =     0.0596,     1.6114       
# span 9 =    87.2336,    95.3582       
# span 10 = 9.0961e-02, 5.6567e+01      
# span 11 =  -64.93344,  -64.93320      
# span 12 =  -64.40141,  -64.40098      
# span 13 = 344.420969, 344.424105      
# span 14 =      73.81,      99.98      
# span 15 = 2.1695e+02, 2.6620e+02      
# span 16 =    278.748,    549.637      
# span 17 =       6691,      13192      
# span 18 =  1027.0420,  1028.0621      
# span 19 =  1027.0399,  1028.0611      
# span 20 =    33.6018,    34.3633      
# span 21 =    33.5993,    34.3612      
# span 22 =    7.97939,    8.24355      
# span 23 =          4,         47      
# span 24 = 0.0000e+00, 0.0000e+00      
# interval = decibars: 1                
# start_time = Dec 10 2021 10:01:33 [NMEA time, header]
# bad_flag = -9.990e-29
*END*
[from data line 58]
     64.000     63.362    -0.3615  28.071043    -0.3614  28.069627     6.2457     6.3516     0.3342    94.5553 9.3353e-01  -64.93330  -64.40106 344.422923      99.97 2.5703e+02    447.520      10741  1027.6873  1027.6857    34.0820    34.0800    8.13859         36 0.0000e+00
     65.000     64.352    -0.3440  28.096081    -0.3440  28.093964     6.1708     6.2782     0.3531    94.5918 8.4879e-01  -64.93328  -64.40106 344.422962      99.97 2.5417e+02    450.884      10822  1027.7021  1027.6999    34.0953    34.0925    8.13409         35 0.0000e+00
     66.000     65.343    -0.3129  28.136847    -0.3121  28.134818     6.0603     6.1956     0.3070    94.6592 8.0217e-01  -64.93328  -64.40105 344.422989      99.97 2.5373e+02    453.269      10879  1027.7203  1027.7173    34.1143    34.1107    8.12635         37 0.0000e+00
     67.000     66.333    -0.2320  28.224461    -0.2333  28.221692     6.0022     6.1475     0.3126    94.6933 7.7021e-01  -64.93328  -64.40104 344.423016      99.97 2.5140e+02    455.548      10934  1027.7403  1027.7386    34.1400    34.1378    8.10765         38 0.0000e+00
     68.000     67.323    -0.1650  28.303102    -0.1740  28.289863     5.9553     6.0735     0.2615    94.7728 7.1288e-01  -64.93328  -64.40104 344.423060      99.97 2.4871e+02    459.357      11026  1027.7652  1027.7595    34.1692    34.1616    8.09177         45 0.0000e+00
     69.000     68.313    -0.1528  28.319753    -0.1528  28.317436     5.9451     6.0541     0.1903    94.8672 6.7053e-01  -64.93328  -64.40103 344.423084      99.97 2.4668e+02    461.433      11075  1027.7761  1027.7736    34.1770    34.1740    8.08873         36 0.0000e+00
     70.000     69.303    -0.1369  28.337679    -0.1364  28.335853     5.8545     5.9831     0.2199    94.9234 6.4044e-01  -64.93328  -64.40102 344.423106      99.97 2.4464e+02    463.393      11122  1027.7847  1027.7821    34.1824    34.1794    8.08505         42 0.0000e+00
     71.000     70.292    -0.0750  28.407311    -0.0742  28.405563     5.8012     5.9520     0.1881    94.9555 6.0712e-01  -64.93328  -64.40102 344.423126      99.97 2.4329e+02    465.089      11163  1027.8034  1027.8007    34.2051    34.2019    8.07068         36 0.0000e+00
     72.000     71.282    -0.0492  28.433975    -0.0548  28.425091     5.7644     5.9103     0.1702    94.9696 5.5476e-01  -64.93328  -64.40101 344.423178      99.97 2.3905e+02    469.613      11272  1027.8122  1027.8083    34.2110    34.2055    8.06491         23 0.0000e+00
     73.000     72.271    -0.0177  28.471627    -0.0190  28.468310     5.7056     5.8483     0.1294    94.9987 5.1971e-01  -64.93328  -64.40098 344.423211      99.97 2.3613e+02    472.398      11339  1027.8265  1027.8238    34.2251    34.2221    8.05747         18 0.0000e+00
     74.000     73.263    -0.0045  28.487930    -0.0045  28.486199     5.6903     5.8319     0.1356    95.0086 4.9559e-01  -64.93328  -64.40098 344.423220      99.97 2.3531e+02    473.198      11358  1027.8355  1027.8335    34.2313    34.2290    8.05434         21 0.0000e+00
     75.000     74.251     0.0085  28.503161     0.0087  28.500768     5.7022     5.8334     0.1533    95.0278 4.7345e-01  -64.93328  -64.40099 344.423235      99.98 2.3458e+02    474.465      11388  1027.8438  1027.8409    34.2363    34.2330    8.05132         34 0.0000e+00
     76.000     75.241    -0.0141  28.477444    -0.0023  28.487564     5.6552     5.7699     0.1700    94.9542 4.2233e-01  -64.93326  -64.40100 344.423300      99.97 2.2923e+02    480.135      11524  1027.8442  1027.8432    34.2270    34.2272    8.05662         36 0.0000e+00
     77.000     76.231     0.0845  28.586815     0.0888  28.590319     5.5857     5.7134     0.1453    95.0223 3.9330e-01  -64.93328  -64.40098 344.423329      99.97 2.2738e+02    482.608      11584  1027.8687  1027.8681    34.2608    34.2607    8.03399         30 0.0000e+00
     78.000     77.221     0.1001  28.607928     0.1001  28.606297     5.5905     5.7101     0.1192    95.0695 3.7132e-01  -64.93328  -64.40098 344.423343      99.98 2.2741e+02    483.818      11613  1027.8808  1027.8788    34.2708    34.2686    8.03018         32 0.0000e+00
     79.000     78.212     0.0984  28.606828     0.0998  28.606431     5.6131     5.7146     0.1298    95.1119 3.5127e-01  -64.93327  -64.40099 344.423374      99.98 2.2655e+02    486.515      11677  1027.8864  1027.8846    34.2706    34.2685    8.03054         35 0.0000e+00
     80.000     79.200     0.1030  28.611971     0.1031  28.610587     5.5794     5.6882     0.1367    95.1363 3.3162e-01  -64.93326  -64.40100 344.423408      99.97 2.2416e+02    489.472      11748  1027.8924  1027.8907    34.2716    34.2697    8.02952         36 0.0000e+00
     81.000     80.192     0.1298  28.641345     0.1295  28.638654     5.5768     5.6664     0.1274    95.1435 3.1106e-01  -64.93326  -64.40100 344.423428      99.97 2.2388e+02    491.213      11790  1027.9019  1027.8993    34.2799    34.2766    8.02345         36 0.0000e+00
     82.000     81.182     0.1394  28.654693     0.1363  28.648206     5.5738     5.6564     0.1230    95.1912 2.9653e-01  -64.93326  -64.40100 344.423472      99.98 2.2378e+02    494.940      11880  1027.9117  1027.9079    34.2861    34.2811    8.02109         29 0.0000e+00
     83.000     82.170     0.1506  28.668443     0.1508  28.667116     5.5627     5.6470     0.1013    95.2198 2.8112e-01  -64.93326  -64.40101 344.423501      99.98 2.2211e+02    497.482      11941  1027.9201  1027.9184    34.2912    34.2892    8.01847         36 0.0000e+00
     84.000     83.160     0.1583  28.680558     0.1587  28.679199     5.5787     5.6565     0.0959    95.1874 2.6205e-01  -64.93326  -64.40102 344.423522      99.98 2.2261e+02    499.303      11984  1027.9299  1027.9281    34.2979    34.2958    8.01647         34 0.0000e+00
     85.000     84.151     0.1629  28.688386     0.1614  28.684416     5.5729     5.6428     0.1004    95.2690 2.5138e-01  -64.93324  -64.40102 344.423565      99.97 2.2391e+02    503.044      12074  1027.9384  1027.9356    34.3025    34.2989    8.01526         28 0.0000e+00
     86.000     85.141     0.1856  28.715525     0.1856  28.714047     5.5500     5.6271     0.0794    95.3058 2.4221e-01  -64.93324  -64.40101 344.423587      99.97 2.2231e+02    504.914      12119  1027.9494  1027.9478    34.3123    34.3104    8.00998         35 0.0000e+00
     87.000     86.127     0.1912  28.722268     0.1911  28.720513     5.5388     5.6216     0.0895    95.2979 2.3300e-01  -64.93324  -64.40100 344.423610      99.97 2.2362e+02    506.864      12166  1027.9557  1027.9539    34.3144    34.3122    8.00870         33 0.0000e+00
     88.000     87.118     0.2013  28.732778     0.2011  28.730999     5.5392     5.6135     0.0885    95.3201 2.2514e-01  -64.93324  -64.40101 344.423643      99.97 2.2386e+02    509.751      12235  1027.9615  1027.9598    34.3164    34.3142    8.00649         32 0.0000e+00
     89.000     88.109     0.2052  28.737034     0.2051  28.735437     5.5398     5.6088     0.0838    95.3017 2.1343e-01  -64.93324  -64.40102 344.423672      99.98 2.2389e+02    512.249      12295  1027.9668  1027.9651    34.3170    34.3150    8.00564         40 0.0000e+00
     90.000     89.096     0.2038  28.735974     0.2030  28.733729     5.5272     5.6064     0.0888    95.3162 1.9852e-01  -64.93322  -64.40103 344.423714      99.98 2.2389e+02    515.859      12382  1027.9716  1027.9699    34.3166    34.3145    8.00596         35 0.0000e+00
     91.000     90.088     0.2085  28.741982     0.2086  28.740496     5.5277     5.5963     0.0793    95.3258 1.8992e-01  -64.93322  -64.40100 344.423747      99.98 2.2389e+02    518.720      12450  1027.9777  1027.9760    34.3187    34.3165    8.00486         44 0.0000e+00
     92.000     91.079     0.2118  28.745893     0.2118  28.744471     5.5354     5.5906     0.0809    95.2979 1.8435e-01  -64.93322  -64.40100 344.423766      99.97 2.2389e+02    520.348      12489  1027.9830  1027.9814    34.3195    34.3176    8.00413         35 0.0000e+00
     93.000     92.069     0.2194  28.754395     0.2192  28.752799     5.5095     5.5814     0.0862    95.2738 1.7757e-01  -64.93322  -64.40100 344.423782      99.97 2.2389e+02    521.744      12523  1027.9888  1027.9873    34.3216    34.3197    8.00243         36 0.0000e+00
     94.000     93.057     0.2246  28.760450     0.2279  28.761534     5.4794     5.5643     0.0730    95.3184 1.6898e-01  -64.93322  -64.40101 344.423815      99.97 2.2437e+02    524.640      12592  1027.9945  1027.9925    34.3231    34.3209    8.00125         34 0.0000e+00
     95.000     94.048     0.2543  28.792110     0.2551  28.790654     5.4547     5.5349     0.0832    95.3230 1.5570e-01  -64.93322  -64.40102 344.423857      99.98 2.2387e+02    528.269      12679  1028.0034  1028.0012    34.3311    34.3283    7.99464         34 0.0000e+00
     96.000     95.039     0.2592  28.797811     0.2652  28.803145     5.4237     5.5030     0.0764    95.3014 1.4725e-01  -64.93322  -64.40100 344.423906      99.97 2.2389e+02    532.501      12781  1028.0094  1028.0091    34.3325    34.3328    7.99354         36 0.0000e+00
     97.000     96.026     0.2709  28.811867     0.2710  28.810469     5.4095     5.4955     0.0615    95.3137 1.4051e-01  -64.93322  -64.40099 344.423920      99.97 2.2389e+02    533.676      12809  1028.0171  1028.0156    34.3372    34.3354    7.99083         24 0.0000e+00
     98.000     97.018     0.2757  28.817054     0.2753  28.815239     5.4009     5.4911     0.0681    95.3299 1.3384e-01  -64.93322  -64.40098 344.423930      99.98 2.2389e+02    534.587      12831  1028.0223  1028.0208    34.3381    34.3362    7.98979         22 0.0000e+00
     99.000     98.009     0.2921  28.835637     0.2911  28.833061     5.4016     5.4923     0.0689    95.3245 1.2686e-01  -64.93321  -64.40098 344.423946      99.97 2.2389e+02    535.912      12863  1028.0303  1028.0285    34.3437    34.3414    7.98609         33 0.0000e+00
    100.000     98.993     0.2828  28.825825     0.2880  28.829274     5.3970     5.4770     0.0700    95.3312 1.1492e-01  -64.93320  -64.40100 344.424015      99.97 2.2094e+02    541.906      13007  1028.0339  1028.0325    34.3405    34.3393    7.98818         27 0.0000e+00
    101.000     99.987     0.3127  28.864338     0.3147  28.865580     5.3836     5.4727     0.0596    95.3350 1.0660e-01  -64.93320  -64.40098 344.424048      99.97 2.1856e+02    544.744      13075  1028.0496  1028.0489    34.3571    34.3565    7.98106         37 0.0000e+00
    102.000    100.975     0.3191  28.874895     0.3190  28.873231     5.3865     5.4787     0.0699    95.3582 1.0064e-01  -64.93320  -64.40098 344.424067      99.97 2.1860e+02    546.376      13114  1028.0590  1028.0573    34.3633    34.3612    7.97939         41 0.0000e+00
    103.000    101.969     0.3069  28.861560     0.3112  28.865077     5.4734     5.5040     0.0616    95.3266 9.0961e-02  -64.93320  -64.40098 344.424105      99.97 2.1695e+02    549.637      13192  1028.0621  1028.0611    34.3588    34.3586    7.98217          4 0.0000e+00
