NBP2113_155081_ctd/data/dnbp2113_008.cnv
* Sea-Bird SBE 9 Data File:
* FileName = D:\Data\raw\NBP2113_008.hex
* Software Version Seasave V 7.26.7.121
* Temperature SN = 2438
* Conductivity SN = 2067
* Number of Bytes Per Scan = 40
* Number of Voltage Words = 5
* Number of Scans Averaged by the Deck Unit = 1
* NMEA Latitude = 64 55.99 S
* NMEA Longitude = 064 24.05 W
* NMEA UTC (Time) = Nov 25 2021  04:33:36
* NMEA baud rate = 9600
** Ship: RVIB N.B. Palmer
** Cruise: NBP2113 LTER
** Station: 600.040
** Operator: B. Urmston
# nquan = 25
# nvalues = 1296                        
# units = specified
# name 0 = prDM: Pressure, Digiquartz [db]
# name 1 = depSM: Depth [salt water, m]
# name 2 = t090C: Temperature [ITS-90, deg C]
# name 3 = c0mS/cm: Conductivity [mS/cm]
# name 4 = t190C: Temperature, 2 [ITS-90, deg C]
# name 5 = c1mS/cm: Conductivity, 2 [mS/cm]
# name 6 = sbeox0ML/L: Oxygen, SBE 43 [ml/l]
# name 7 = sbeox1ML/L: Oxygen, SBE 43, 2 [ml/l]
# name 8 = flECO-AFL: Fluorescence, WET Labs ECO-AFL/FL [mg/m^3]
# name 9 = CStarTr0: Beam Transmission, WET Labs C-Star [%]
# name 10 = par: PAR/Irradiance, Biospherical/Licor
# name 11 = latitude: Latitude [deg]
# name 12 = longitude: Longitude [deg]
# name 13 = timeJ: Julian Days
# name 14 = altM: Altimeter [m]
# name 15 = spar: SPAR, Biospherical/Licor
# name 16 = timeS: Time, Elapsed [seconds]
# name 17 = scan: Scan Count
# name 18 = density00: Density [density, kg/m^3]
# name 19 = density11: Density, 2 [density, kg/m^3]
# name 20 = sal00: Salinity, Practical [PSU]
# name 21 = sal11: Salinity, Practical, 2 [PSU]
# name 22 = oxsolML/L: Oxygen Saturation, Garcia & Gordon [ml/l]
# name 23 = nbin: number of scans per bin
# name 24 = flag: flag
# span 0 =      1.000,   1296.000       
# span 1 =      0.993,   1279.310       
# span 2 =    -0.7217,     1.4983       
# span 3 =  27.579744,  30.658622       
# span 4 =    -0.7168,     1.4984       
# span 5 =  27.577733,  30.657683       
# span 6 =     4.0496,     8.2724       
# span 7 =     4.0874,     8.1826       
# span 8 =    -0.0226,     1.5457       
# span 9 =    91.7954,    98.1822       
# span 10 = 1.0000e-12, 2.4837e+00      
# span 11 =  -64.93316,  -64.93258      
# span 12 =  -64.40234,  -64.40134      
# span 13 = 329.193839, 329.215783      
# span 14 =       8.09,     100.04      
# span 15 = 0.0000e+00, 0.0000e+00      
# span 16 =    331.755,   2227.683      
# span 17 =       7963,      53465      
# span 18 =  1027.2065,  1033.7898      
# span 19 =  1027.2044,  1033.7883      
# span 20 =    33.8374,    34.6787      
# span 21 =    33.8342,    34.6773      
# span 22 =    7.72468,    8.22906      
# span 23 =          3,         50      
# span 24 = 0.0000e+00, 0.0000e+00      
# interval = decibars: 1                
# start_time = Nov 25 2021 04:33:36 [NMEA time, header]
# bad_flag = -9.990e-29
*END*
[from data line 1044]
   1045.000   1032.165     1.4710  30.524815     1.4709  30.523601     4.1038     4.1271    -0.0113    97.8566 1.0000e-12  -64.93258  -64.40228 329.210585      99.98 0.0000e+00   1778.525      42686  1032.6333  1032.6322    34.6749    34.6734    7.73024         21 0.0000e+00
   1046.000   1033.150     1.4706  30.524900     1.4708  30.523771     4.1020     4.1306     0.0032    97.8574 1.0000e-12  -64.93258  -64.40228 329.210596      99.98 0.0000e+00   1779.537      42710  1032.6379  1032.6366    34.6748    34.6732    7.73031         29 0.0000e+00
   1047.000   1034.135     1.4706  30.525289     1.4708  30.524220     4.1024     4.1291    -0.0079    97.8331 1.0000e-12  -64.93258  -64.40229 329.210617      99.97 0.0000e+00   1781.283      42752  1032.6425  1032.6413    34.6748    34.6733    7.73032         39 0.0000e+00
   1048.000   1035.120     1.4709  30.525859     1.4710  30.524816     4.0994     4.1239     0.0046    97.8862 1.0000e-12  -64.93258  -64.40230 329.210639      99.98 0.0000e+00   1783.236      42799  1032.6470  1032.6458    34.6747    34.6732    7.73027         36 0.0000e+00
   1049.000   1036.106     1.4711  30.526499     1.4713  30.525609     4.0993     4.1254    -0.0005    97.8940 1.0000e-12  -64.93258  -64.40230 329.210655      99.98 0.0000e+00   1784.601      42831  1032.6517  1032.6505    34.6747    34.6734    7.73023         29 0.0000e+00
   1050.000   1037.091     1.4708  30.526750     1.4709  30.525748     4.1012     4.1253    -0.0039    97.8785 1.0000e-12  -64.93258  -64.40229 329.210667      99.97 0.0000e+00   1785.667      42857  1032.6564  1032.6553    34.6748    34.6734    7.73028         23 0.0000e+00
   1051.000   1038.075     1.4711  30.527496     1.4713  30.526570     4.0993     4.1262    -0.0081    97.8804 1.0000e-12  -64.93258  -64.40228 329.210678      99.98 0.0000e+00   1786.588      42879  1032.6610  1032.6599    34.6748    34.6735    7.73021         21 0.0000e+00
   1052.000   1039.063     1.4715  30.528422     1.4716  30.527318     4.0972     4.1218    -0.0110    97.8238 1.0000e-12  -64.93258  -64.40228 329.210688      99.97 0.0000e+00   1787.434      42899  1032.6657  1032.6645    34.6750    34.6735    7.73013         20 0.0000e+00
   1053.000   1040.047     1.4715  30.528793     1.4716  30.527710     4.0974     4.1212    -0.0031    97.8655 1.0000e-12  -64.93258  -64.40228 329.210697      99.98 0.0000e+00   1788.260      42919  1032.6703  1032.6691    34.6750    34.6735    7.73013         20 0.0000e+00
   1054.000   1041.032     1.4720  30.529714     1.4720  30.528554     4.0975     4.1229    -0.0111    97.8645 1.0000e-12  -64.93258  -64.40228 329.210707      99.98 0.0000e+00   1789.117      42940  1032.6749  1032.6737    34.6751    34.6735    7.73003         21 0.0000e+00
   1055.000   1042.017     1.4725  30.530612     1.4726  30.529660     4.0942     4.1227    -0.0124    97.8774 1.0000e-12  -64.93258  -64.40228 329.210719      99.98 0.0000e+00   1790.129      42964  1032.6795  1032.6784    34.6752    34.6738    7.72993         28 0.0000e+00
   1056.000   1043.003     1.4725  30.531206     1.4728  30.530158     4.0975     4.1237    -0.0010    97.8449 1.0000e-12  -64.93258  -64.40230 329.210737      99.98 0.0000e+00   1791.688      43002  1032.6842  1032.6829    34.6753    34.6736    7.72991         42 0.0000e+00
   1057.000   1043.988     1.4729  30.531895     1.4731  30.530797     4.0948     4.1257    -0.0091    97.8712 1.0000e-12  -64.93258  -64.40230 329.210759      99.98 0.0000e+00   1793.612      43048  1032.6887  1032.6875    34.6752    34.6736    7.72984         35 0.0000e+00
   1058.000   1044.972     1.4731  30.532541     1.4732  30.531497     4.0896     4.1157    -0.0125    97.8994 1.0000e-12  -64.93258  -64.40230 329.210774      99.98 0.0000e+00   1794.875      43078  1032.6934  1032.6922    34.6752    34.6738    7.72980         25 0.0000e+00
   1059.000   1045.959     1.4732  30.533182     1.4733  30.532207     4.0919     4.1162    -0.0029    97.9026 1.0000e-12  -64.93258  -64.40230 329.210785      99.98 0.0000e+00   1795.822      43101  1032.6981  1032.6970    34.6754    34.6740    7.72977         21 0.0000e+00
   1060.000   1046.943     1.4734  30.533741     1.4734  30.532813     4.0890     4.1235    -0.0030    97.8644 1.0000e-12  -64.93258  -64.40230 329.210795      99.98 0.0000e+00   1796.653      43121  1032.7027  1032.7017    34.6754    34.6741    7.72975         20 0.0000e+00
   1061.000   1047.928     1.4735  30.534249     1.4735  30.533157     4.0878     4.1257    -0.0080    97.8595 1.0000e-12  -64.93258  -64.40230 329.210804      99.98 0.0000e+00   1797.498      43141  1032.7073  1032.7062    34.6753    34.6739    7.72972         21 0.0000e+00
   1062.000   1048.914     1.4735  30.534719     1.4736  30.533683     4.0942     4.1227    -0.0043    97.8532 1.0000e-12  -64.93258  -64.40229 329.210816      99.98 0.0000e+00   1798.510      43165  1032.7119  1032.7108    34.6754    34.6739    7.72971         29 0.0000e+00
   1063.000   1049.898     1.4730  30.534680     1.4732  30.533571     4.0968     4.1238    -0.0014    97.8451 1.0000e-12  -64.93258  -64.40230 329.210833      99.97 0.0000e+00   1799.969      43200  1032.7166  1032.7153    34.6753    34.6737    7.72981         37 0.0000e+00
   1064.000   1050.885     1.4731  30.535064     1.4733  30.534006     4.0973     4.1234    -0.0185    97.8319 1.0000e-12  -64.93258  -64.40230 329.210852      99.98 0.0000e+00   1801.625      43240  1032.7210  1032.7198    34.6751    34.6737    7.72980         33 0.0000e+00
   1065.000   1051.870     1.4730  30.535312     1.4731  30.534248     4.1058     4.1258    -0.0066    97.8560 1.0000e-12  -64.93258  -64.40230 329.210867      99.98 0.0000e+00   1802.905      43271  1032.7256  1032.7245    34.6750    34.6736    7.72983         27 0.0000e+00
   1066.000   1052.853     1.4731  30.535917     1.4732  30.534832     4.1005     4.1261    -0.0003    97.8583 1.0000e-12  -64.93258  -64.40230 329.210879      99.98 0.0000e+00   1803.952      43296  1032.7303  1032.7291    34.6752    34.6737    7.72981         24 0.0000e+00
   1067.000   1053.841     1.4731  30.536203     1.4731  30.535132     4.0991     4.1213     0.0042    97.8432 1.0000e-12  -64.93258  -64.40230 329.210890      99.98 0.0000e+00   1804.888      43318  1032.7348  1032.7337    34.6750    34.6737    7.72982         22 0.0000e+00
   1068.000   1054.823     1.4731  30.536747     1.4731  30.535617     4.0921     4.1249    -0.0023    97.8339 1.0000e-12  -64.93258  -64.40229 329.210900      99.98 0.0000e+00   1805.803      43340  1032.7395  1032.7384    34.6751    34.6737    7.72981         22 0.0000e+00
   1069.000   1055.811     1.4731  30.537170     1.4732  30.536199     4.1011     4.1231    -0.0024    97.8628 1.0000e-12  -64.93258  -64.40229 329.210912      99.98 0.0000e+00   1806.769      43363  1032.7441  1032.7430    34.6751    34.6738    7.72980         25 0.0000e+00
   1070.000   1056.795     1.4732  30.537698     1.4732  30.536565     4.0968     4.1225    -0.0037    97.8625 1.0000e-12  -64.93258  -64.40230 329.210925      99.98 0.0000e+00   1807.915      43391  1032.7487  1032.7475    34.6751    34.6737    7.72978         31 0.0000e+00
   1071.000   1057.780     1.4732  30.538191     1.4734  30.537151     4.0839     4.1219    -0.0080    97.8686 1.0000e-12  -64.93258  -64.40230 329.210942      99.98 0.0000e+00   1809.402      43427  1032.7534  1032.7521    34.6752    34.6737    7.72978         37 0.0000e+00
   1072.000   1058.765     1.4736  30.538934     1.4738  30.537993     4.0889     4.1245    -0.0104    97.8507 1.0000e-12  -64.93258  -64.40230 329.210961      99.98 0.0000e+00   1811.018      43465  1032.7580  1032.7568    34.6752    34.6737    7.72971         36 0.0000e+00
   1073.000   1059.750     1.4743  30.540199     1.4744  30.539145     4.0927     4.1241    -0.0035    97.8798 1.0000e-12  -64.93258  -64.40230 329.210976      99.97 0.0000e+00   1812.327      43497  1032.7627  1032.7616    34.6754    34.6740    7.72956         28 0.0000e+00
   1074.000   1060.735     1.4747  30.540946     1.4745  30.539770     4.0970     4.1208    -0.0120    97.8422 1.0000e-12  -64.93258  -64.40230 329.210988      99.98 0.0000e+00   1813.397      43523  1032.7672  1032.7662    34.6754    34.6741    7.72948         24 0.0000e+00
   1075.000   1061.720     1.4746  30.541295     1.4746  30.540243     4.1019     4.1209    -0.0024    97.8559 1.0000e-12  -64.93258  -64.40230 329.211000      99.97 0.0000e+00   1814.365      43546  1032.7718  1032.7708    34.6754    34.6741    7.72949         23 0.0000e+00
   1076.000   1062.706     1.4750  30.542165     1.4750  30.541016     4.0993     4.1174    -0.0093    97.8818 1.0000e-12  -64.93258  -64.40230 329.211011      99.98 0.0000e+00   1815.331      43569  1032.7765  1032.7754    34.6755    34.6741    7.72941         23 0.0000e+00
   1077.000   1063.691     1.4751  30.542694     1.4752  30.541709     4.0966     4.1198    -0.0128    97.8642 1.0000e-12  -64.93258  -64.40228 329.211023      99.97 0.0000e+00   1816.357      43594  1032.7811  1032.7801    34.6755    34.6742    7.72939         26 0.0000e+00
   1078.000   1064.676     1.4751  30.543123     1.4752  30.542144     4.0926     4.1229    -0.0110    97.8530 1.0000e-12  -64.93258  -64.40229 329.211036      99.98 0.0000e+00   1817.500      43621  1032.7858  1032.7847    34.6755    34.6742    7.72939         29 0.0000e+00
   1079.000   1065.660     1.4750  30.543462     1.4753  30.542552     4.0937     4.1205    -0.0112    97.8271 1.0000e-12  -64.93258  -64.40229 329.211050      99.98 0.0000e+00   1818.733      43651  1032.7904  1032.7892    34.6755    34.6741    7.72941         31 0.0000e+00
   1080.000   1066.646     1.4751  30.544039     1.4754  30.543105     4.0921     4.1177    -0.0033    97.8412 1.0000e-12  -64.93258  -64.40230 329.211065      99.98 0.0000e+00   1820.044      43682  1032.7951  1032.7938    34.6756    34.6741    7.72939         32 0.0000e+00
   1081.000   1067.630     1.4752  30.544661     1.4756  30.543568     4.0958     4.1196     0.0059    97.8724 1.0000e-12  -64.93258  -64.40230 329.211082      99.98 0.0000e+00   1821.467      43716  1032.7997  1032.7984    34.6757    34.6740    7.72936         36 0.0000e+00
   1082.000   1068.617     1.4754  30.545205     1.4758  30.544176     4.0936     4.1201    -0.0023    97.8474 1.0000e-12  -64.93258  -64.40230 329.211098      99.98 0.0000e+00   1822.881      43750  1032.8043  1032.8029    34.6756    34.6740    7.72932         31 0.0000e+00
   1083.000   1069.601     1.4750  30.545129     1.4749  30.543717     4.0944     4.1233    -0.0057    97.8565 1.0000e-12  -64.93258  -64.40230 329.211112      99.97 0.0000e+00   1824.073      43779  1032.8088  1032.8076    34.6755    34.6739    7.72941         25 0.0000e+00
   1084.000   1070.586     1.4747  30.545217     1.4748  30.544202     4.0962     4.1214    -0.0077    97.8160 1.0000e-12  -64.93258  -64.40230 329.211123      99.98 0.0000e+00   1825.065      43803  1032.8133  1032.8123    34.6753    34.6740    7.72948         23 0.0000e+00
   1085.000   1071.571     1.4749  30.545837     1.4748  30.544713     4.0915     4.1205    -0.0027    97.8422 1.0000e-12  -64.93258  -64.40229 329.211134      99.97 0.0000e+00   1825.988      43825  1032.8180  1032.8169    34.6754    34.6741    7.72944         22 0.0000e+00
   1086.000   1072.557     1.4752  30.546486     1.4753  30.545552     4.0945     4.1215     0.0048    97.8412 1.0000e-12  -64.93258  -64.40229 329.211145      99.98 0.0000e+00   1826.937      43847  1032.8225  1032.8215    34.6753    34.6741    7.72938         24 0.0000e+00
   1087.000   1073.541     1.4755  30.547280     1.4757  30.546421     4.0972     4.1223     0.0026    97.8547 1.0000e-12  -64.93258  -64.40229 329.211158      99.98 0.0000e+00   1828.033      43874  1032.8272  1032.8262    34.6755    34.6741    7.72932         29 0.0000e+00
   1088.000   1074.527     1.4761  30.548346     1.4762  30.547256     4.0946     4.1171    -0.0015    97.8682 1.0000e-12  -64.93258  -64.40230 329.211173      99.97 0.0000e+00   1829.361      43906  1032.8319  1032.8307    34.6757    34.6741    7.72920         34 0.0000e+00
   1089.000   1075.511     1.4761  30.548730     1.4764  30.547930     4.0932     4.1129    -0.0088    97.8513 1.0000e-12  -64.93258  -64.40230 329.211189      99.98 0.0000e+00   1830.742      43939  1032.8365  1032.8354    34.6756    34.6743    7.72920         31 0.0000e+00
   1090.000   1076.497     1.4762  30.549284     1.4763  30.548338     4.0961     4.1181    -0.0036    97.8377 1.0000e-12  -64.93258  -64.40230 329.211203      99.98 0.0000e+00   1831.976      43968  1032.8412  1032.8400    34.6757    34.6743    7.72918         29 0.0000e+00
   1091.000   1077.481     1.4763  30.549893     1.4764  30.548852     4.0896     4.1200     0.0048    97.8728 1.0000e-12  -64.93258  -64.40228 329.211217      99.98 0.0000e+00   1833.139      43996  1032.8458  1032.8446    34.6757    34.6743    7.72915         28 0.0000e+00
   1092.000   1078.466     1.4767  30.550649     1.4769  30.549675     4.0890     4.1206    -0.0033    97.8840 1.0000e-12  -64.93258  -64.40228 329.211231      99.97 0.0000e+00   1834.346      44025  1032.8504  1032.8492    34.6758    34.6743    7.72908         30 0.0000e+00
   1093.000   1079.452     1.4767  30.551114     1.4769  30.550100     4.0926     4.1180    -0.0084    97.8639 1.0000e-12  -64.93258  -64.40229 329.211246      99.98 0.0000e+00   1835.651      44057  1032.8550  1032.8539    34.6757    34.6743    7.72906         32 0.0000e+00
   1094.000   1080.437     1.4767  30.551556     1.4769  30.550558     4.0936     4.1137     0.0027    97.8717 1.0000e-12  -64.93258  -64.40230 329.211261      99.98 0.0000e+00   1836.925      44087  1032.8596  1032.8584    34.6758    34.6743    7.72907         29 0.0000e+00
   1095.000   1081.422     1.4768  30.552108     1.4769  30.551036     4.0910     4.1157    -0.0025    97.8416 1.0000e-12  -64.93258  -64.40230 329.211274      99.98 0.0000e+00   1838.051      44114  1032.8643  1032.8631    34.6758    34.6744    7.72905         25 0.0000e+00
   1096.000   1082.407     1.4769  30.552610     1.4769  30.551549     4.0935     4.1174    -0.0004    97.8719 1.0000e-12  -64.93258  -64.40230 329.211285      99.98 0.0000e+00   1839.046      44138  1032.8689  1032.8678    34.6758    34.6744    7.72903         23 0.0000e+00
   1097.000   1083.393     1.4769  30.553068     1.4770  30.552002     4.0917     4.1182     0.0123    97.8700 1.0000e-12  -64.93258  -64.40230 329.211296      99.97 0.0000e+00   1839.982      44161  1032.8735  1032.8724    34.6758    34.6744    7.72903         22 0.0000e+00
   1098.000   1084.377     1.4769  30.553369     1.4770  30.552368     4.0913     4.1186     0.0045    97.8157 1.0000e-12  -64.93258  -64.40230 329.211307      99.97 0.0000e+00   1840.933      44183  1032.8780  1032.8769    34.6756    34.6744    7.72903         24 0.0000e+00
   1099.000   1085.361     1.4770  30.553846     1.4769  30.552575     4.0856     4.1186    -0.0005    97.8369 1.0000e-12  -64.93258  -64.40229 329.211320      99.98 0.0000e+00   1842.050      44210  1032.8826  1032.8814    34.6756    34.6741    7.72901         31 0.0000e+00
   1100.000   1086.347     1.4770  30.554313     1.4772  30.553240     4.0870     4.1201     0.0056    97.8466 1.0000e-12  -64.93258  -64.40230 329.211338      99.98 0.0000e+00   1843.585      44247  1032.8872  1032.8859    34.6756    34.6741    7.72901         42 0.0000e+00
   1101.000   1087.332     1.4771  30.554788     1.4772  30.553720     4.0931     4.1150    -0.0085    97.8540 1.0000e-12  -64.93258  -64.40230 329.211357      99.98 0.0000e+00   1845.232      44287  1032.8918  1032.8907    34.6756    34.6742    7.72900         35 0.0000e+00
