NBP2113_155081_ctd/data/dnbp2113_025.cnv
* Sea-Bird SBE 9 Data File:
* FileName = D:\Data\raw\NBP2113_025.hex
* Software Version Seasave V 7.26.7.121
* Temperature SN = 2438
* Conductivity SN = 2067
* Number of Bytes Per Scan = 40
* Number of Voltage Words = 5
* Number of Scans Averaged by the Deck Unit = 1
* NMEA Latitude = 66 26.47 S
* NMEA Longitude = 073 01.98 W
* NMEA UTC (Time) = Dec 02 2021  19:32:09
* NMEA baud rate = 9600
** Ship: RVIB N.B. Palmer
** Cruise: NBP2113 LTER
** Station: 200.200
** Operator: S. Blackman
# nquan = 25
# nvalues = 3710                        
# units = specified
# name 0 = prDM: Pressure, Digiquartz [db]
# name 1 = depSM: Depth [salt water, m]
# name 2 = t090C: Temperature [ITS-90, deg C]
# name 3 = c0mS/cm: Conductivity [mS/cm]
# name 4 = t190C: Temperature, 2 [ITS-90, deg C]
# name 5 = c1mS/cm: Conductivity, 2 [mS/cm]
# name 6 = sbeox0ML/L: Oxygen, SBE 43 [ml/l]
# name 7 = sbeox1ML/L: Oxygen, SBE 43, 2 [ml/l]
# name 8 = flECO-AFL: Fluorescence, WET Labs ECO-AFL/FL [mg/m^3]
# name 9 = CStarTr0: Beam Transmission, WET Labs C-Star [%]
# name 10 = par: PAR/Irradiance, Biospherical/Licor
# name 11 = latitude: Latitude [deg]
# name 12 = longitude: Longitude [deg]
# name 13 = timeJ: Julian Days
# name 14 = altM: Altimeter [m]
# name 15 = spar: SPAR, Biospherical/Licor
# name 16 = timeS: Time, Elapsed [seconds]
# name 17 = scan: Scan Count
# name 18 = density00: Density [density, kg/m^3]
# name 19 = density11: Density, 2 [density, kg/m^3]
# name 20 = sal00: Salinity, Practical [PSU]
# name 21 = sal11: Salinity, Practical, 2 [PSU]
# name 22 = oxsolML/L: Oxygen Saturation, Garcia & Gordon [ml/l]
# name 23 = nbin: number of scans per bin
# name 24 = flag: flag
# span 0 =      7.000,   3716.000       
# span 1 =      6.931,   3647.210       
# span 2 =    -0.8567,     2.0059       
# span 3 =  27.620544,  30.705827       
# span 4 =    -0.8581,     2.0055       
# span 5 =  27.618989,  30.704902       
# span 6 =     3.8898,     8.3494       
# span 7 =     3.9443,     8.3998       
# span 8 =    -0.0225,     8.3829       
# span 9 =    85.4774,    97.6524       
# span 10 = 1.0000e-12, 1.0000e-12      
# span 11 =  -66.44178,  -66.44124      
# span 12 =  -73.03301,  -73.03222      
# span 13 = 336.815519, 336.868248      
# span 14 =       6.24,     107.41      
# span 15 = 4.6715e+02, 2.4844e+03      
# span 16 =    131.802,   4687.621      
# span 17 =       3164,     112504      
# span 18 =  1027.3234,  1044.8165      
# span 19 =  1027.3221,  1044.8156      
# span 20 =    33.9596,    34.7296      
# span 21 =    33.9579,    34.7284      
# span 22 =    7.62736,    8.24846      
# span 23 =         11,         46      
# span 24 = 0.0000e+00, 0.0000e+00      
# interval = decibars: 1                
# start_time = Dec 02 2021 19:32:09 [NMEA time, header]
# bad_flag = -9.990e-29
*END*
[from data line 2145]
   2152.000   2119.798     0.8137  30.443982     0.8138  30.443341     4.5068     4.5507    -0.0007    97.6286 1.0000e-12  -66.44136  -73.03232 336.846593      99.98 8.5876e+02   2816.670      67601  1037.7966  1037.7958    34.7102    34.7093    7.85913         31 0.0000e+00
   2153.000   2120.780     0.8135  30.444300     0.8136  30.443689     4.5048     4.5445    -0.0081    97.6301 1.0000e-12  -66.44136  -73.03232 336.846605      99.98 8.5852e+02   2817.661      67625  1037.8011  1037.8005    34.7102    34.7094    7.85915         22 0.0000e+00
   2154.000   2121.758     0.8136  30.444673     0.8135  30.443951     4.5060     4.5485    -0.0025    97.6311 1.0000e-12  -66.44136  -73.03232 336.846614      99.98 8.5988e+02   2818.463      67644  1037.8056  1037.8049    34.7101    34.7093    7.85914         17 0.0000e+00
   2155.000   2122.739     0.8129  30.444490     0.8129  30.443890     4.4996     4.5525    -0.0046    97.6314 1.0000e-12  -66.44136  -73.03232 336.846622      99.97 8.6076e+02   2819.169      67661  1037.8102  1037.8096    34.7102    34.7094    7.85929         16 0.0000e+00
   2156.000   2123.720     0.8129  30.444870     0.8128  30.444215     4.4908     4.5517    -0.0104    97.6342 1.0000e-12  -66.44136  -73.03232 336.846630      99.97 8.6208e+02   2819.848      67677  1037.8147  1037.8142    34.7102    34.7094    7.85929         17 0.0000e+00
   2157.000   2124.701     0.8127  30.445083     0.8126  30.444421     4.4870     4.5518    -0.0146    97.6320 1.0000e-12  -66.44136  -73.03232 336.846639      99.97 8.6205e+02   2820.578      67695  1037.8193  1037.8187    34.7102    34.7094    7.85933         19 0.0000e+00
   2158.000   2125.681     0.8125  30.445406     0.8126  30.444694     4.4973     4.5522    -0.0170    97.6270 1.0000e-12  -66.44136  -73.03231 336.846649      99.98 8.6352e+02   2821.498      67717  1037.8239  1037.8231    34.7102    34.7093    7.85936         28 0.0000e+00
   2159.000   2126.660     0.8125  30.445786     0.8127  30.445033     4.5065     4.5467    -0.0152    97.6274 1.0000e-12  -66.44136  -73.03229 336.846682      99.97 8.6864e+02   2824.296      67784  1037.8284  1037.8275    34.7102    34.7091    7.85936         39 0.0000e+00
   2160.000   2127.641     0.8110  30.444745     0.8110  30.444129     4.4929     4.5470    -0.0117    97.6309 1.0000e-12  -66.44136  -73.03228 336.846701      99.97 8.7404e+02   2825.985      67825  1037.8330  1037.8324    34.7101    34.7093    7.85968         24 0.0000e+00
   2161.000   2128.621     0.8103  30.444573     0.8103  30.443916     4.4929     4.5513    -0.0050    97.6291 1.0000e-12  -66.44136  -73.03229 336.846712      99.98 8.7727e+02   2826.899      67847  1037.8377  1037.8370    34.7101    34.7093    7.85981         21 0.0000e+00
   2162.000   2129.599     0.8102  30.444851     0.8101  30.444131     4.4932     4.5497    -0.0026    97.6417 1.0000e-12  -66.44136  -73.03230 336.846722      99.97 8.8031e+02   2827.751      67867  1037.8422  1037.8415    34.7100    34.7092    7.85984         20 0.0000e+00
   2163.000   2130.582     0.8099  30.444927     0.8098  30.444355     4.5072     4.5466    -0.0084    97.6327 1.0000e-12  -66.44136  -73.03230 336.846732      99.98 8.8227e+02   2828.623      67888  1037.8467  1037.8462    34.7100    34.7093    7.85991         21 0.0000e+00
   2164.000   2131.561     0.8091  30.444694     0.8091  30.444108     4.5043     4.5522    -0.0161    97.6296 1.0000e-12  -66.44135  -73.03230 336.846743      99.98 8.8422e+02   2829.603      67911  1037.8513  1037.8507    34.7100    34.7092    7.86006         26 0.0000e+00
   2165.000   2132.540     0.8086  30.444635     0.8088  30.444013     4.5020     4.5510    -0.0141    97.6320 1.0000e-12  -66.44134  -73.03230 336.846758      99.98 8.8660e+02   2830.878      67942  1037.8559  1037.8551    34.7100    34.7090    7.86017         33 0.0000e+00
   2166.000   2133.522     0.8084  30.444937     0.8086  30.444237     4.5046     4.5495    -0.0137    97.6365 1.0000e-12  -66.44134  -73.03228 336.846779      99.98 8.8557e+02   2832.700      67986  1037.8605  1037.8596    34.7101    34.7090    7.86020         34 0.0000e+00
   2167.000   2134.499     0.8076  30.444559     0.8079  30.444172     4.5028     4.5488    -0.0090    97.6351 1.0000e-12  -66.44134  -73.03228 336.846794      99.97 8.8317e+02   2834.038      68018  1037.8651  1037.8643    34.7100    34.7091    7.86037         24 0.0000e+00
   2168.000   2135.481     0.8072  30.444693     0.8068  30.443747     4.5015     4.5501    -0.0152    97.6440 1.0000e-12  -66.44134  -73.03228 336.846804      99.98 8.8320e+02   2834.882      68038  1037.8697  1037.8691    34.7100    34.7092    7.86043         18 0.0000e+00
   2169.000   2136.458     0.8062  30.444101     0.8062  30.443470     4.4965     4.5473    -0.0150    97.6296 1.0000e-12  -66.44134  -73.03228 336.846812      99.98 8.8320e+02   2835.574      68055  1037.8742  1037.8736    34.7099    34.7091    7.86065         16 0.0000e+00
   2170.000   2137.440     0.8049  30.443358     0.8049  30.442829     4.4911     4.5500    -0.0107    97.6419 1.0000e-12  -66.44134  -73.03228 336.846820      99.98 8.8239e+02   2836.202      68070  1037.8789  1037.8784    34.7099    34.7092    7.86091         15 0.0000e+00
   2171.000   2138.422     0.8036  30.442692     0.8038  30.442138     4.4933     4.5579    -0.0087    97.6352 1.0000e-12  -66.44134  -73.03228 336.846827      99.98 8.8144e+02   2836.833      68085  1037.8836  1037.8829    34.7099    34.7091    7.86117         15 0.0000e+00
   2172.000   2139.400     0.8029  30.442447     0.8029  30.441825     4.4905     4.5605    -0.0094    97.6282 1.0000e-12  -66.44134  -73.03228 336.846835      93.40 8.8168e+02   2837.553      68102  1037.8882  1037.8876    34.7099    34.7091    7.86132         21 0.0000e+00
   2173.000   2140.381     0.8038  30.443579     0.8038  30.442970     4.4955     4.5559    -0.0093    97.6265 1.0000e-12  -66.44134  -73.03228 336.846877      55.15 8.8741e+02   2841.153      68189  1037.8925  1037.8920    34.7099    34.7091    7.86114         23 0.0000e+00
   2174.000   2141.359     0.8032  30.443470     0.8032  30.442958     4.5061     4.5513    -0.0088    97.6266 1.0000e-12  -66.44134  -73.03228 336.846907     100.47 8.9057e+02   2843.743      68251  1037.8972  1037.8966    34.7099    34.7092    7.86127         13 0.0000e+00
   2175.000   2142.340     0.8023  30.443090     0.8023  30.442474     4.5018     4.5451    -0.0106    97.6266 1.0000e-12  -66.44134  -73.03228 336.846913      99.97 8.9207e+02   2844.267      68263  1037.9018  1037.9012    34.7099    34.7090    7.86144         13 0.0000e+00
   2176.000   2143.322     0.8024  30.443634     0.8025  30.443031     4.4973     4.5472    -0.0111    97.6266 1.0000e-12  -66.44134  -73.03228 336.846919      99.98 8.9202e+02   2844.793      68276  1037.9064  1037.9057    34.7099    34.7091    7.86142         13 0.0000e+00
   2177.000   2144.299     0.8018  30.443520     0.8022  30.443088     4.4900     4.5486    -0.0095    97.6266 1.0000e-12  -66.44134  -73.03228 336.846925      99.97 8.9202e+02   2845.315      68289  1037.9110  1037.9102    34.7099    34.7090    7.86153         12 0.0000e+00
   2178.000   2145.278     0.8011  30.443313     0.8011  30.442543     4.4948     4.5540    -0.0088    97.6266 1.0000e-12  -66.44134  -73.03228 336.846931      99.98 8.9202e+02   2845.844      68301  1037.9157  1037.9148    34.7099    34.7090    7.86168         13 0.0000e+00
   2179.000   2146.261     0.8005  30.443147     0.8006  30.442530     4.4974     4.5524    -0.0093    97.6266 1.0000e-12  -66.44134  -73.03228 336.846937      99.98 8.9265e+02   2846.395      68314  1037.9201  1037.9194    34.7098    34.7090    7.86180         14 0.0000e+00
   2180.000   2147.240     0.8000  30.443077     0.8002  30.442584     4.5073     4.5611    -0.0016    97.6266 1.0000e-12  -66.44134  -73.03230 336.846945      99.98 8.9403e+02   2847.017      68329  1037.9247  1037.9240    34.7098    34.7089    7.86190         17 0.0000e+00
   2181.000   2148.220     0.7998  30.443255     0.7999  30.442621     4.5061     4.5552    -0.0062    97.6266 1.0000e-12  -66.44134  -73.03229 336.846971      99.98 8.9976e+02   2849.313      68385  1037.9292  1037.9285    34.7098    34.7089    7.86195         27 0.0000e+00
   2182.000   2149.199     0.7992  30.442953     0.7998  30.442991     4.4988     4.5529    -0.0150    97.6266 1.0000e-12  -66.44134  -73.03228 336.847007      99.98 9.0688e+02   2852.384      68458  1037.9337  1037.9330    34.7096    34.7089    7.86209         19 0.0000e+00
   2183.000   2150.180     0.7967  30.441331     0.7968  30.440816     4.5090     4.5559    -0.0167    97.6266 1.0000e-12  -66.44134  -73.03228 336.847015      99.98 9.0871e+02   2853.123      68476  1037.9386  1037.9380    34.7097    34.7089    7.86258         17 0.0000e+00
   2184.000   2151.160     0.7949  30.440091     0.7948  30.439381     4.5179     4.5545    -0.0187    97.6266 1.0000e-12  -66.44134  -73.03229 336.847024      99.98 9.1137e+02   2853.844      68493  1037.9433  1037.9427    34.7096    34.7088    7.86295         18 0.0000e+00
   2185.000   2152.139     0.7940  30.439659     0.7940  30.439062     4.5069     4.5550    -0.0033    97.6266 1.0000e-12  -66.44134  -73.03230 336.847033      99.98 9.1581e+02   2854.643      68512  1037.9479  1037.9473    34.7095    34.7088    7.86313         21 0.0000e+00
   2186.000   2153.120     0.7941  30.440113     0.7942  30.439498     4.4992     4.5562    -0.0059    97.6266 1.0000e-12  -66.44134  -73.03230 336.847044      99.98 9.2195e+02   2855.608      68536  1037.9523  1037.9517    34.7095    34.7086    7.86311         25 0.0000e+00
   2187.000   2154.099     0.7934  30.439970     0.7937  30.439592     4.5116     4.5548    -0.0138    97.6266 1.0000e-12  -66.44134  -73.03230 336.847057      99.98 9.2848e+02   2856.724      68562  1037.9571  1037.9563    34.7096    34.7087    7.86326         27 0.0000e+00
   2188.000   2155.081     0.7918  30.438904     0.7916  30.438096     4.5071     4.5600    -0.0123    97.6266 1.0000e-12  -66.44134  -73.03229 336.847069      99.97 9.3492e+02   2857.784      68588  1037.9617  1037.9611    34.7095    34.7086    7.86359         24 0.0000e+00
   2189.000   2156.060     0.7913  30.438811     0.7912  30.438178     4.4958     4.5589    -0.0144    97.6433 1.0000e-12  -66.44134  -73.03229 336.847080      99.97 9.3822e+02   2858.746      68611  1037.9661  1037.9657    34.7093    34.7087    7.86369         23 0.0000e+00
   2190.000   2157.040     0.7903  30.438387     0.7903  30.437845     4.5084     4.5564    -0.0106    97.6466 1.0000e-12  -66.44133  -73.03230 336.847091      99.98 9.3606e+02   2859.688      68634  1037.9709  1037.9703    34.7094    34.7087    7.86389         23 0.0000e+00
   2191.000   2158.016     0.7894  30.437953     0.7895  30.437413     4.5063     4.5596    -0.0067    97.6435 1.0000e-12  -66.44132  -73.03230 336.847104      99.97 9.3153e+02   2860.781      68660  1037.9755  1037.9748    34.7094    34.7085    7.86408         29 0.0000e+00
   2192.000   2159.003     0.7890  30.438134     0.7893  30.437542     4.5080     4.5546    -0.0140    97.6324 1.0000e-12  -66.44132  -73.03232 336.847128      99.98 9.2283e+02   2862.898      68711  1037.9801  1037.9792    34.7096    34.7084    7.86415         28 0.0000e+00
   2193.000   2159.977     0.7880  30.437677     0.7884  30.437085     4.5121     4.5544    -0.0110    97.6338 1.0000e-12  -66.44132  -73.03231 336.847159      99.97 9.1298e+02   2865.510      68773  1037.9847  1037.9838    34.7095    34.7083    7.86435         32 0.0000e+00
   2194.000   2160.959     0.7878  30.437859     0.7880  30.437289     4.5075     4.5553    -0.0081    97.6299 1.0000e-12  -66.44132  -73.03230 336.847177      99.98 9.0691e+02   2867.095      68811  1037.9893  1037.9885    34.7095    34.7085    7.86440         28 0.0000e+00
   2195.000   2161.938     0.7876  30.438222     0.7878  30.437513     4.5120     4.5554    -0.0085    97.6266 1.0000e-12  -66.44134  -73.03230 336.847187      99.98 9.0389e+02   2867.974      68832  1037.9938  1037.9931    34.7096    34.7085    7.86442         18 0.0000e+00
   2196.000   2162.921     0.7878  30.438642     0.7877  30.437884     4.5079     4.5481    -0.0082    97.6266 1.0000e-12  -66.44133  -73.03230 336.847195      99.98 9.0181e+02   2868.657      68849  1037.9983  1037.9975    34.7095    34.7086    7.86440         14 0.0000e+00
   2197.000   2163.897     0.7877  30.438951     0.7878  30.438417     4.5067     4.5536    -0.0077    97.6266 1.0000e-12  -66.44132  -73.03230 336.847202      99.98 8.9989e+02   2869.249      68863  1038.0027  1038.0022    34.7094    34.7086    7.86441         14 0.0000e+00
   2198.000   2164.877     0.7878  30.439562     0.7879  30.438891     4.5036     4.5574    -0.0145    97.6266 1.0000e-12  -66.44132  -73.03230 336.847208      99.98 8.9839e+02   2869.793      68876  1038.0073  1038.0067    34.7096    34.7086    7.86438         13 0.0000e+00
   2199.000   2165.859     0.7877  30.439822     0.7878  30.439200     4.5061     4.5506    -0.0156    97.6266 1.0000e-12  -66.44132  -73.03230 336.847214      99.98 8.9732e+02   2870.326      68889  1038.0118  1038.0112    34.7095    34.7086    7.86440         13 0.0000e+00
   2200.000   2166.839     0.7876  30.440100     0.7877  30.439464     4.4982     4.5468    -0.0116    97.6266 1.0000e-12  -66.44132  -73.03230 336.847221      99.97 8.9553e+02   2870.877      68902  1038.0164  1038.0157    34.7095    34.7086    7.86444         13 0.0000e+00
   2201.000   2167.816     0.7871  30.440126     0.7872  30.439473     4.4937     4.5581    -0.0095    97.6378 1.0000e-12  -66.44132  -73.03230 336.847228      99.97 8.9478e+02   2871.475      68916  1038.0210  1038.0203    34.7095    34.7086    7.86452         16 0.0000e+00
   2202.000   2168.798     0.7870  30.440335     0.7870  30.439665     4.5003     4.5646    -0.0160    97.6364 1.0000e-12  -66.44130  -73.03230 336.847242      99.97 8.9253e+02   2872.734      68947  1038.0255  1038.0248    34.7095    34.7086    7.86456         21 0.0000e+00
   2203.000   2169.779     0.7879  30.441572     0.7881  30.441084     4.5083     4.5523    -0.0163    97.6264 1.0000e-12  -66.44132  -73.03230 336.847305      99.97 8.8417e+02   2878.155      69077  1038.0298  1038.0293    34.7095    34.7087    7.86436         17 0.0000e+00
   2204.000   2170.756     0.7872  30.441301     0.7873  30.440850     4.4980     4.5501    -0.0092    97.6266 1.0000e-12  -66.44132  -73.03230 336.847311      99.98 8.8319e+02   2878.695      69090  1038.0345  1038.0339    34.7094    34.7087    7.86452         14 0.0000e+00
   2205.000   2171.739     0.7867  30.441344     0.7868  30.440743     4.5076     4.5505    -0.0098    97.6266 1.0000e-12  -66.44132  -73.03230 336.847318      99.98 8.8218e+02   2879.278      69104  1038.0391  1038.0385    34.7095    34.7087    7.86461         14 0.0000e+00
   2206.000   2172.717     0.7867  30.441771     0.7868  30.441141     4.5091     4.5567    -0.0087    97.6266 1.0000e-12  -66.44132  -73.03230 336.847325      99.98 8.8098e+02   2879.872      69118  1038.0436  1038.0429    34.7095    34.7087    7.86460         15 0.0000e+00
   2207.000   2173.696     0.7865  30.441894     0.7865  30.441245     4.4996     4.5641    -0.0087    97.6266 1.0000e-12  -66.44132  -73.03230 336.847332      99.98 8.7947e+02   2880.464      69132  1038.0482  1038.0475    34.7095    34.7086    7.86466         14 0.0000e+00
   2208.000   2174.676     0.7861  30.441888     0.7861  30.441291     4.4963     4.5615    -0.0087    97.6266 1.0000e-12  -66.44130  -73.03228 336.847339      99.98 8.7803e+02   2881.088      69147  1038.0527  1038.0520    34.7094    34.7086    7.86474         15 0.0000e+00
