NBP2113_155081_ctd/data/dnbp2113_010.cnv
* Sea-Bird SBE 9 Data File:
* FileName = D:\Data\raw\NBP2113_010.hex
* Software Version Seasave V 7.26.7.121
* Temperature SN = 2438
* Conductivity SN = 2067
* Number of Bytes Per Scan = 40
* Number of Voltage Words = 5
* Number of Scans Averaged by the Deck Unit = 1
* NMEA Latitude = 64 34.40 S
* NMEA Longitude = 065 21.00 W
* NMEA UTC (Time) = Nov 25 2021  20:37:57
* NMEA baud rate = 9600
** Ship: RVIB N.B. Palmer
** Cruise: NBP2113 LTER
** Station: 600.100
** Operator: S. Blackman
# nquan = 25
# nvalues = 601                         
# units = specified
# name 0 = prDM: Pressure, Digiquartz [db]
# name 1 = depSM: Depth [salt water, m]
# name 2 = t090C: Temperature [ITS-90, deg C]
# name 3 = c0mS/cm: Conductivity [mS/cm]
# name 4 = t190C: Temperature, 2 [ITS-90, deg C]
# name 5 = c1mS/cm: Conductivity, 2 [mS/cm]
# name 6 = sbeox0ML/L: Oxygen, SBE 43 [ml/l]
# name 7 = sbeox1ML/L: Oxygen, SBE 43, 2 [ml/l]
# name 8 = flECO-AFL: Fluorescence, WET Labs ECO-AFL/FL [mg/m^3]
# name 9 = CStarTr0: Beam Transmission, WET Labs C-Star [%]
# name 10 = par: PAR/Irradiance, Biospherical/Licor
# name 11 = latitude: Latitude [deg]
# name 12 = longitude: Longitude [deg]
# name 13 = timeJ: Julian Days
# name 14 = altM: Altimeter [m]
# name 15 = spar: SPAR, Biospherical/Licor
# name 16 = timeS: Time, Elapsed [seconds]
# name 17 = scan: Scan Count
# name 18 = density00: Density [density, kg/m^3]
# name 19 = density11: Density, 2 [density, kg/m^3]
# name 20 = sal00: Salinity, Practical [PSU]
# name 21 = sal11: Salinity, Practical, 2 [PSU]
# name 22 = oxsolML/L: Oxygen Saturation, Garcia & Gordon [ml/l]
# name 23 = nbin: number of scans per bin
# name 24 = flag: flag
# span 0 =      5.000,    605.000       
# span 1 =      4.951,    598.213       
# span 2 =    -0.4515,     1.5125       
# span 3 =  27.988996,  30.388462       
# span 4 =    -0.4464,     1.5128       
# span 5 =  27.986799,  30.387347       
# span 6 =     4.0671,     8.3030       
# span 7 =     4.0790,     8.1573       
# span 8 =    -0.0206,     1.3915       
# span 9 =    89.3584,    97.3921       
# span 10 = -7.456e-06, 1.8321e+02      
# span 11 =  -64.57386,  -64.57355      
# span 12 =  -65.34937,  -65.34828      
# span 13 = 329.863143, 329.874157      
# span 14 =       1.28,     101.65      
# span 15 = 4.1601e+02, 4.9322e+02      
# span 16 =    298.573,   1250.123      
# span 17 =       7167,      30004      
# span 18 =  1027.3334,  1030.6078      
# span 19 =  1027.3304,  1030.6064      
# span 20 =    33.9916,    34.7005      
# span 21 =    33.9879,    34.6987      
# span 22 =    7.72074,    8.15281      
# span 23 =         14,         69      
# span 24 = 0.0000e+00, 0.0000e+00      
# interval = decibars: 1                
# start_time = Nov 25 2021 20:37:57 [NMEA time, header]
# bad_flag = -9.990e-29
*END*
[from data line 406]
    411.000    406.579     1.4230  30.198141     1.4232  30.197161     4.2198     4.2028    -0.0073    97.3408 1.0000e-12  -64.57384  -65.34836 329.870795      99.98 4.3896e+02    959.696      23034  1029.6825  1029.6813    34.6675    34.6660    7.74005         17 0.0000e+00
    412.000    407.568     1.4232  30.198868     1.4235  30.197870     4.2171     4.2094    -0.0149    97.3238 1.0000e-12  -64.57384  -65.34836 329.870803      99.98 4.3896e+02    960.369      23050  1029.6873  1029.6860    34.6676    34.6660    7.74000         17 0.0000e+00
    413.000    408.557     1.4238  30.200101     1.4241  30.199070     4.2124     4.2114    -0.0110    97.3347 1.0000e-12  -64.57384  -65.34836 329.870811      99.98 4.3896e+02    961.092      23067  1029.6922  1029.6909    34.6679    34.6664    7.73987         19 0.0000e+00
    414.000    409.545     1.4241  30.201016     1.4245  30.199933     4.2209     4.2050    -0.0072    97.3425 1.0000e-12  -64.57384  -65.34836 329.870825      99.98 4.3896e+02    962.319      23097  1029.6971  1029.6956    34.6681    34.6664    7.73979         29 0.0000e+00
    415.000    410.533     1.4246  30.201959     1.4250  30.200910     4.2030     4.2030    -0.0125    97.3326 1.0000e-12  -64.57384  -65.34836 329.870858      99.98 4.3896e+02    965.154      23165  1029.7018  1029.7004    34.6682    34.6665    7.73969         35 0.0000e+00
    416.000    411.520     1.4252  30.202918     1.4255  30.201964     4.2098     4.1966    -0.0077    97.3328 1.0000e-12  -64.57384  -65.34836 329.870872      99.98 4.3896e+02    966.330      23193  1029.7065  1029.7052    34.6683    34.6667    7.73958         25 0.0000e+00
    417.000    412.509     1.4254  30.203709     1.4257  30.202501     4.2093     4.1985    -0.0073    97.3180 1.0000e-12  -64.57384  -65.34836 329.870882      99.98 4.3896e+02    967.224      23214  1029.7113  1029.7098    34.6684    34.6666    7.73952         19 0.0000e+00
    418.000    413.496     1.4256  30.204257     1.4258  30.203213     4.2048     4.2014    -0.0002    97.3176 1.0000e-12  -64.57384  -65.34834 329.870891      99.97 4.3906e+02    967.981      23233  1029.7160  1029.7147    34.6684    34.6669    7.73950         17 0.0000e+00
    419.000    414.486     1.4255  30.204697     1.4258  30.203694     4.1985     4.1987    -0.0067    97.3176 1.0000e-12  -64.57385  -65.34834 329.870900      99.98 4.4013e+02    968.727      23250  1029.7206  1029.7194    34.6684    34.6669    7.73950         19 0.0000e+00
    420.000    415.474     1.4255  30.205173     1.4258  30.204050     4.1996     4.1970    -0.0116    97.3176 1.0000e-12  -64.57386  -65.34834 329.870910      99.98 4.4071e+02    969.584      23271  1029.7254  1029.7240    34.6685    34.6667    7.73951         22 0.0000e+00
    421.000    416.462     1.4257  30.205753     1.4261  30.204727     4.2006     4.1948    -0.0027    97.3193 1.0000e-12  -64.57386  -65.34834 329.870922      99.97 4.4072e+02    970.686      23297  1029.7300  1029.7286    34.6685    34.6667    7.73947         31 0.0000e+00
    422.000    417.450     1.4271  30.207727     1.4276  30.206776     4.1985     4.1945    -0.0150    97.3116 1.0000e-12  -64.57385  -65.34835 329.870942      99.98 4.4144e+02    972.419      23339  1029.7349  1029.7335    34.6688    34.6671    7.73917         35 0.0000e+00
    423.000    418.438     1.4286  30.209661     1.4290  30.208701     4.1958     4.1862    -0.0088    97.3543 1.0000e-12  -64.57384  -65.34836 329.870968      99.98 4.4251e+02    974.611      23392  1029.7396  1029.7383    34.6691    34.6674    7.73887         34 0.0000e+00
    424.000    419.425     1.4325  30.214176     1.4327  30.213067     4.1917     4.1793    -0.0061    97.3752 1.0000e-12  -64.57385  -65.34835 329.870984      99.98 4.4248e+02    975.976      23424  1029.7446  1029.7433    34.6700    34.6683    7.73806         28 0.0000e+00
    425.000    420.415     1.4340  30.216299     1.4342  30.215201     4.1817     4.1786    -0.0068    97.3524 1.0000e-12  -64.57386  -65.34834 329.870996      99.98 4.4248e+02    977.051      23450  1029.7495  1029.7482    34.6704    34.6688    7.73773         24 0.0000e+00
    426.000    421.403     1.4339  30.216739     1.4342  30.215681     4.1847     4.1837     0.0007    97.3568 1.0000e-12  -64.57386  -65.34832 329.871007      99.98 4.4115e+02    978.021      23474  1029.7543  1029.7530    34.6705    34.6689    7.73774         23 0.0000e+00
    427.000    422.391     1.4337  30.217006     1.4340  30.215974     4.1832     4.1819     0.0108    97.3669 1.0000e-12  -64.57386  -65.34832 329.871018      99.98 4.4072e+02    978.964      23496  1029.7590  1029.7577    34.6705    34.6689    7.73779         23 0.0000e+00
    428.000    423.378     1.4340  30.217787     1.4342  30.216702     4.1857     4.1807    -0.0074    97.3691 1.0000e-12  -64.57386  -65.34832 329.871030      99.98 4.4072e+02    979.964      23520  1029.7638  1029.7624    34.6706    34.6690    7.73773         26 0.0000e+00
    429.000    424.368     1.4352  30.219653     1.4356  30.218611     4.1858     4.1808    -0.0084    97.3691 1.0000e-12  -64.57386  -65.34832 329.871044      99.97 4.3975e+02    981.161      23549  1029.7687  1029.7673    34.6711    34.6694    7.73746         32 0.0000e+00
    430.000    425.355     1.4366  30.221682     1.4369  30.220625     4.1759     4.1818     0.0003    97.3691 1.0000e-12  -64.57386  -65.34833 329.871061      99.98 4.3823e+02    982.703      23586  1029.7737  1029.7723    34.6716    34.6699    7.73717         41 0.0000e+00
    431.000    426.344     1.4373  30.222729     1.4377  30.221852     4.1786     4.1757    -0.0080    97.3764 1.0000e-12  -64.57386  -65.34832 329.871079      99.97 4.3712e+02    984.244      23623  1029.7783  1029.7770    34.6716    34.6700    7.73703         32 0.0000e+00
    432.000    427.332     1.4388  30.224856     1.4391  30.223953     4.1800     4.1796    -0.0083    97.3921 1.0000e-12  -64.57386  -65.34832 329.871093      99.98 4.3554e+02    985.461      23652  1029.7832  1029.7820    34.6720    34.6705    7.73671         26 0.0000e+00
    433.000    428.320     1.4396  30.226141     1.4398  30.225129     4.1842     4.1762    -0.0066    97.3699 1.0000e-12  -64.57386  -65.34832 329.871106      99.98 4.3543e+02    986.528      23678  1029.7879  1029.7868    34.6721    34.6707    7.73653         26 0.0000e+00
    434.000    429.307     1.4400  30.227037     1.4402  30.226060     4.1845     4.1745    -0.0014    97.3571 1.0000e-12  -64.57386  -65.34832 329.871119      99.98 4.3543e+02    987.647      23705  1029.7928  1029.7916    34.6724    34.6709    7.73646         28 0.0000e+00
    435.000    430.297     1.4403  30.228026     1.4406  30.227010     4.1770     4.1759     0.0002    97.3803 1.0000e-12  -64.57386  -65.34832 329.871134      99.98 4.3384e+02    988.965      23736  1029.7977  1029.7963    34.6727    34.6710    7.73638         34 0.0000e+00
    436.000    431.285     1.4407  30.228921     1.4410  30.227918     4.1796     4.1723     0.0019    97.3829 1.0000e-12  -64.57386  -65.34832 329.871152      99.97 4.3367e+02    990.578      23775  1029.8024  1029.8011    34.6728    34.6712    7.73629         41 0.0000e+00
    437.000    432.272     1.4413  30.229916     1.4416  30.228852     4.1755     4.1713     0.0055    97.3869 1.0000e-12  -64.57386  -65.34832 329.871171      99.98 4.3367e+02    992.161      23813  1029.8071  1029.8058    34.6728    34.6712    7.73617         32 0.0000e+00
    438.000    433.261     1.4418  30.230801     1.4420  30.229779     4.1759     4.1738     0.0015    97.3684 1.0000e-12  -64.57386  -65.34832 329.871184      99.98 4.3447e+02    993.338      23841  1029.8118  1029.8105    34.6728    34.6713    7.73607         25 0.0000e+00
    439.000    434.249     1.4431  30.232823     1.4433  30.231813     4.1837     4.1710    -0.0121    97.3609 1.0000e-12  -64.57386  -65.34832 329.871195      99.98 4.3543e+02    994.274      23864  1029.8167  1029.8155    34.6734    34.6719    7.73579         22 0.0000e+00
    440.000    435.236     1.4450  30.235416     1.4452  30.234375     4.1848     4.1692    -0.0100    97.3689 1.0000e-12  -64.57386  -65.34832 329.871205      99.97 4.3543e+02    995.108      23884  1029.8217  1029.8205    34.6740    34.6725    7.73538         19 0.0000e+00
    441.000    436.226     1.4450  30.235781     1.4452  30.234740     4.1811     4.1701    -0.0039    97.3682 1.0000e-12  -64.57386  -65.34831 329.871215      99.98 4.3611e+02    996.014      23905  1029.8263  1029.8251    34.6739    34.6724    7.73539         27 0.0000e+00
    442.000    437.214     1.4451  30.236479     1.4455  30.235451     4.1752     4.1694    -0.0063    97.3691 1.0000e-12  -64.57386  -65.34831 329.871236      99.97 4.3716e+02    997.810      23948  1029.8313  1029.8298    34.6742    34.6724    7.73536         33 0.0000e+00
    443.000    438.201     1.4462  30.238118     1.4465  30.237078     4.1703     4.1661    -0.0070    97.3691 1.0000e-12  -64.57386  -65.34832 329.871258      99.98 4.3719e+02    999.662      23993  1029.8360  1029.8347    34.6744    34.6728    7.73512         29 0.0000e+00
    444.000    439.188     1.4468  30.239205     1.4470  30.238151     4.1716     4.1706    -0.0057    97.3679 1.0000e-12  -64.57386  -65.34832 329.871269      99.98 4.3759e+02   1000.650      24017  1029.8408  1029.8396    34.6746    34.6731    7.73500         22 0.0000e+00
    445.000    440.178     1.4469  30.239825     1.4471  30.238814     4.1721     4.1716    -0.0089    97.3691 1.0000e-12  -64.57386  -65.34832 329.871279      99.97 4.3896e+02   1001.477      24036  1029.8456  1029.8444    34.6747    34.6732    7.73497         18 0.0000e+00
    446.000    441.166     1.4469  30.240404     1.4471  30.239358     4.1779     4.1709    -0.0148    97.3529 1.0000e-12  -64.57386  -65.34830 329.871288      99.98 4.3896e+02   1002.243      24055  1029.8504  1029.8492    34.6748    34.6734    7.73496         20 0.0000e+00
    447.000    442.154     1.4453  30.239668     1.4459  30.238903     4.1719     4.1689     0.0082    97.3568 1.0000e-12  -64.57386  -65.34830 329.871300      99.98 4.3917e+02   1003.308      24080  1029.8555  1029.8541    34.6751    34.6735    7.73527         32 0.0000e+00
    448.000    443.142     1.4445  30.239373     1.4448  30.238476     4.1724     4.1676    -0.0066    97.3423 1.0000e-12  -64.57386  -65.34830 329.871317      99.98 4.4073e+02   1004.799      24116  1029.8602  1029.8590    34.6751    34.6735    7.73543         37 0.0000e+00
    449.000    444.129     1.4447  30.240100     1.4450  30.239080     4.1671     4.1651    -0.0063    97.3433 1.0000e-12  -64.57386  -65.34830 329.871334      99.97 4.4072e+02   1006.241      24151  1029.8649  1029.8636    34.6751    34.6735    7.73537         32 0.0000e+00
    450.000    445.118     1.4453  30.241189     1.4457  30.240133     4.1677     4.1670    -0.0196    97.3433 1.0000e-12  -64.57386  -65.34830 329.871349      99.98 4.4072e+02   1007.538      24182  1029.8697  1029.8683    34.6753    34.6736    7.73525         30 0.0000e+00
    451.000    446.107     1.4455  30.241749     1.4458  30.240742     4.1639     4.1670    -0.0143    97.3572 1.0000e-12  -64.57386  -65.34830 329.871363      99.98 4.4072e+02   1008.768      24211  1029.8743  1029.8730    34.6753    34.6737    7.73523         30 0.0000e+00
    452.000    447.094     1.4456  30.242370     1.4459  30.241337     4.1647     4.1682    -0.0055    97.3462 1.0000e-12  -64.57386  -65.34830 329.871377      99.98 4.4072e+02   1009.964      24240  1029.8791  1029.8777    34.6754    34.6737    7.73520         28 0.0000e+00
    453.000    448.082     1.4458  30.242990     1.4461  30.242013     4.1696     4.1644    -0.0015    97.3423 1.0000e-12  -64.57386  -65.34830 329.871390      99.97 4.4072e+02   1011.098      24267  1029.8837  1029.8825    34.6754    34.6738    7.73516         26 0.0000e+00
    454.000    449.071     1.4456  30.243267     1.4459  30.242294     4.1665     4.1601    -0.0141    97.3509 1.0000e-12  -64.57386  -65.34830 329.871403      99.98 4.4064e+02   1012.201      24294  1029.8884  1029.8871    34.6753    34.6738    7.73519         27 0.0000e+00
    455.000    450.058     1.4455  30.243781     1.4459  30.242706     4.1698     4.1647    -0.0058    97.3459 1.0000e-12  -64.57386  -65.34830 329.871417      99.97 4.3900e+02   1013.407      24323  1029.8932  1029.8918    34.6755    34.6738    7.73520         32 0.0000e+00
    456.000    451.047     1.4457  30.244512     1.4462  30.243473     4.1694     4.1663    -0.0045    97.3378 1.0000e-12  -64.57386  -65.34830 329.871434      99.98 4.3896e+02   1014.933      24359  1029.8980  1029.8965    34.6757    34.6739    7.73515         36 0.0000e+00
    457.000    452.034     1.4456  30.244907     1.4461  30.243968     4.1685     4.1600    -0.0004    97.3576 1.0000e-12  -64.57386  -65.34830 329.871453      99.97 4.3799e+02   1016.534      24398  1029.9028  1029.9013    34.6758    34.6740    7.73518         33 0.0000e+00
    458.000    453.023     1.4460  30.245668     1.4462  30.244745     4.1702     4.1618    -0.0062    97.3347 1.0000e-12  -64.57386  -65.34830 329.871467      99.98 4.3716e+02   1017.726      24426  1029.9074  1029.9062    34.6757    34.6743    7.73510         26 0.0000e+00
    459.000    454.011     1.4472  30.247634     1.4475  30.246630     4.1695     4.1627    -0.0064    97.3534 1.0000e-12  -64.57386  -65.34830 329.871478      99.98 4.3719e+02   1018.709      24450  1029.9124  1029.9111    34.6763    34.6747    7.73483         23 0.0000e+00
    460.000    454.999     1.4478  30.248782     1.4481  30.247802     4.1658     4.1633    -0.0060    97.3526 1.0000e-12  -64.57386  -65.34830 329.871489      99.98 4.3719e+02   1019.683      24473  1029.9171  1029.9159    34.6765    34.6750    7.73469         25 0.0000e+00
    461.000    455.987     1.4481  30.249588     1.4483  30.248525     4.1680     4.1623    -0.0130    97.3436 1.0000e-12  -64.57386  -65.34830 329.871503      99.98 4.3719e+02   1020.863      24502  1029.9220  1029.9206    34.6767    34.6750    7.73464         32 0.0000e+00
    462.000    456.974     1.4497  30.251737     1.4500  30.250576     4.1582     4.1558    -0.0083    97.3433 1.0000e-12  -64.57386  -65.34828 329.871519      99.97 4.3719e+02   1022.255      24535  1029.9268  1029.9253    34.6771    34.6752    7.73430         33 0.0000e+00
    463.000    457.963     1.4503  30.252780     1.4506  30.251803     4.1556     4.1583    -0.0143    97.3433 1.0000e-12  -64.57386  -65.34828 329.871534      99.98 4.3719e+02   1023.552      24566  1029.9315  1029.9302    34.6772    34.6755    7.73418         29 0.0000e+00
    464.000    458.950     1.4507  30.253679     1.4510  30.252752     4.1683     4.1602    -0.0105    97.3433 1.0000e-12  -64.57386  -65.34828 329.871548      99.97 4.3719e+02   1024.741      24595  1029.9363  1029.9350    34.6773    34.6758    7.73409         29 0.0000e+00
    465.000    459.938     1.4511  30.254585     1.4515  30.253645     4.1616     4.1537    -0.0118    97.3449 1.0000e-12  -64.57386  -65.34828 329.871563      99.98 4.3840e+02   1026.015      24625  1029.9410  1029.9397    34.6774    34.6758    7.73401         32 0.0000e+00
    466.000    460.927     1.4514  30.255424     1.4517  30.254468     4.1599     4.1550    -0.0064    97.2993 1.0000e-12  -64.57386  -65.34828 329.871579      99.98 4.3977e+02   1027.395      24658  1029.9458  1029.9444    34.6776    34.6760    7.73394         32 0.0000e+00
    467.000    461.915     1.4517  30.256176     1.4520  30.255128     4.1663     4.1577     0.0012    97.3161 1.0000e-12  -64.57386  -65.34829 329.871593      99.98 4.4082e+02   1028.619      24688  1029.9505  1029.9492    34.6776    34.6760    7.73387         27 0.0000e+00
