NBP2113_155081_ctd/data/dnbp2113_067.cnv
* Sea-Bird SBE 9 Data File:
* FileName = D:\Data\raw\NBP2113_067.hex
* Software Version Seasave V 7.26.7.121
* Temperature SN = 2438
* Conductivity SN = 2067
* Number of Bytes Per Scan = 40
* Number of Voltage Words = 5
* Number of Scans Averaged by the Deck Unit = 1
* NMEA Latitude = 64 09.64 S
* NMEA Longitude = 061 49.92 W
* NMEA UTC (Time) = Dec 14 2021  19:29:58
* NMEA baud rate = 9600
** Ship: RVIB N.B. Palmer
** Cruise: NBP2113 LTER
** Station: 744.002
** Operator: S. Blackman
# nquan = 25
# nvalues = 471                         
# units = specified
# name 0 = prDM: Pressure, Digiquartz [db]
# name 1 = depSM: Depth [salt water, m]
# name 2 = t090C: Temperature [ITS-90, deg C]
# name 3 = c0mS/cm: Conductivity [mS/cm]
# name 4 = t190C: Temperature, 2 [ITS-90, deg C]
# name 5 = c1mS/cm: Conductivity, 2 [mS/cm]
# name 6 = sbeox0ML/L: Oxygen, SBE 43 [ml/l]
# name 7 = sbeox1ML/L: Oxygen, SBE 43, 2 [ml/l]
# name 8 = flECO-AFL: Fluorescence, WET Labs ECO-AFL/FL [mg/m^3]
# name 9 = CStarTr0: Beam Transmission, WET Labs C-Star [%]
# name 10 = par: PAR/Irradiance, Biospherical/Licor
# name 11 = latitude: Latitude [deg]
# name 12 = longitude: Longitude [deg]
# name 13 = timeJ: Julian Days
# name 14 = altM: Altimeter [m]
# name 15 = spar: SPAR, Biospherical/Licor
# name 16 = timeS: Time, Elapsed [seconds]
# name 17 = scan: Scan Count
# name 18 = density00: Density [density, kg/m^3]
# name 19 = density11: Density, 2 [density, kg/m^3]
# name 20 = sal00: Salinity, Practical [PSU]
# name 21 = sal11: Salinity, Practical, 2 [PSU]
# name 22 = oxsolML/L: Oxygen Saturation, Garcia & Gordon [ml/l]
# name 23 = nbin: number of scans per bin
# name 24 = flag: flag
# span 0 =      6.000,    476.000       
# span 1 =      5.951,    470.818       
# span 2 =    -0.7137,     0.3608       
# span 3 =  28.126937,  28.719224       
# span 4 =    -0.7135,     0.3602       
# span 5 =  28.125652,  28.717903       
# span 6 =     5.7148,     7.2970       
# span 7 =     5.8807,     7.3654       
# span 8 =    -0.0222,     1.0609       
# span 9 =    84.3543,    90.3031       
# span 10 = -4.386e-05, 1.2927e+02      
# span 11 =  -64.16166,  -64.16103      
# span 12 =  -61.83263,  -61.83203      
# span 13 = 348.815793, 348.824597      
# span 14 =       8.94,     100.17      
# span 15 = 6.7695e+02, 8.7793e+02      
# span 16 =    286.482,   1047.158      
# span 17 =       6877,      25133      
# span 18 =  1027.3697,  1030.0097      
# span 19 =  1027.3657,  1030.0080      
# span 20 =    34.0631,    34.5208      
# span 21 =    34.0603,    34.5193      
# span 22 =    7.98751,    8.19334      
# span 23 =          9,         49      
# span 24 = 0.0000e+00, 0.0000e+00      
# interval = decibars: 1                
# start_time = Dec 14 2021 19:29:58 [NMEA time, header]
# bad_flag = -9.990e-29
*END*
[from data line 348]
    354.000    350.250    -0.5234  28.383410    -0.5232  28.382378     6.1113     6.1822    -0.0070    90.2625 1.0000e-12  -64.16148  -61.83242 348.822524      99.97 8.5865e+02    868.097      20835  1029.4202  1029.4189    34.5067    34.5051    8.14896         27 0.0000e+00
    355.000    351.240    -0.5246  28.382718    -0.5250  28.381217     6.1135     6.1790    -0.0142    90.2439 1.0000e-12  -64.16148  -61.83242 348.822537      99.97 8.5977e+02    869.219      20862  1029.4249  1029.4237    34.5066    34.5050    8.14924         28 0.0000e+00
    356.000    352.228    -0.5245  28.383196    -0.5247  28.381880     6.1125     6.1797    -0.0150    90.2016 1.0000e-12  -64.16148  -61.83242 348.822551      99.97 8.6029e+02    870.428      20891  1029.4296  1029.4284    34.5064    34.5049    8.14922         30 0.0000e+00
    357.000    353.216    -0.5232  28.384905    -0.5235  28.383429     6.1136     6.1781    -0.0142    90.2306 1.0000e-12  -64.16148  -61.83242 348.822567      99.97 8.6029e+02    871.761      20923  1029.4345  1029.4331    34.5067    34.5049    8.14893         35 0.0000e+00
    358.000    354.206    -0.5241  28.384624    -0.5242  28.383361     6.1096     6.1713    -0.0150    90.2196 1.0000e-12  -64.16148  -61.83242 348.822584      99.97 8.6029e+02    873.226      20958  1029.4393  1029.4380    34.5067    34.5051    8.14912         33 0.0000e+00
    359.000    355.193    -0.5246  28.384817    -0.5249  28.383255     6.1157     6.1700    -0.0077    90.2455 1.0000e-12  -64.16148  -61.83242 348.822601      99.97 8.6029e+02    874.685      20993  1029.4443  1029.4428    34.5069    34.5051    8.14921         34 0.0000e+00
    360.000    356.183    -0.5250  28.384988    -0.5253  28.383514     6.1119     6.1694    -0.0095    90.2421 1.0000e-12  -64.16148  -61.83242 348.822616      99.97 8.6089e+02    876.044      21026  1029.4491  1029.4478    34.5070    34.5053    8.14929         32 0.0000e+00
    361.000    357.172    -0.5247  28.385983    -0.5243  28.385093     6.1155     6.1724    -0.0149    90.2439 1.0000e-12  -64.16148  -61.83242 348.822632      99.97 8.6207e+02    877.435      21059  1029.4542  1029.4528    34.5074    34.5057    8.14921         31 0.0000e+00
    362.000    358.160    -0.5239  28.387426    -0.5238  28.386180     6.1108     6.1765    -0.0044    90.2715 1.0000e-12  -64.16148  -61.83242 348.822650      99.97 8.6205e+02    878.973      21096  1029.4591  1029.4577    34.5077    34.5060    8.14900         37 0.0000e+00
    363.000    359.147    -0.5238  28.387925    -0.5237  28.386740     6.1105     6.1763    -0.0150    90.2716 1.0000e-12  -64.16148  -61.83242 348.822667      99.97 8.6205e+02    880.443      21132  1029.4639  1029.4625    34.5077    34.5060    8.14899         33 0.0000e+00
    364.000    360.137    -0.5236  28.388603    -0.5235  28.387541     6.1153     6.1764    -0.0098    90.2881 1.0000e-12  -64.16148  -61.83242 348.822682      99.97 8.6231e+02    881.685      21161  1029.4686  1029.4675    34.5078    34.5063    8.14893         27 0.0000e+00
    365.000    361.124    -0.5232  28.389413    -0.5235  28.388045     6.1094     6.1735    -0.0027    90.2479 1.0000e-12  -64.16148  -61.83242 348.822694      99.97 8.6379e+02    882.756      21187  1029.4734  1029.4722    34.5078    34.5063    8.14885         26 0.0000e+00
    366.000    362.115    -0.5228  28.390299    -0.5230  28.388922     6.1005     6.1730    -0.0122    90.2612 1.0000e-12  -64.16148  -61.83242 348.822707      99.97 8.6381e+02    883.855      21214  1029.4783  1029.4770    34.5080    34.5064    8.14877         26 0.0000e+00
    367.000    363.102    -0.5224  28.391482    -0.5226  28.390157     6.0980     6.1751    -0.0196    90.2763 1.0000e-12  -64.16149  -61.83242 348.822720      99.97 8.6381e+02    884.997      21241  1029.4834  1029.4821    34.5085    34.5069    8.14864         29 0.0000e+00
    368.000    364.090    -0.5222  28.392060    -0.5223  28.390805     6.0974     6.1761    -0.0072    90.2947 1.0000e-12  -64.16150  -61.83242 348.822734      99.97 8.6438e+02    886.258      21271  1029.4881  1029.4868    34.5084    34.5069    8.14860         31 0.0000e+00
    369.000    365.079    -0.5221  28.392770    -0.5222  28.391374     6.1057     6.1764    -0.0106    90.2815 1.0000e-12  -64.16150  -61.83244 348.822750      99.97 8.6556e+02    887.609      21304  1029.4930  1029.4916    34.5086    34.5069    8.14856         35 0.0000e+00
    370.000    366.067    -0.5221  28.393292    -0.5220  28.391949     6.1106     6.1733    -0.0092    90.2650 1.0000e-12  -64.16150  -61.83244 348.822768      99.97 8.6639e+02    889.140      21340  1029.4978  1029.4963    34.5088    34.5068    8.14856         33 0.0000e+00
    371.000    367.056    -0.5218  28.393936    -0.5218  28.392621     6.1070     6.1648    -0.0152    90.2792 1.0000e-12  -64.16150  -61.83244 348.822785      99.97 8.6737e+02    890.587      21375  1029.5025  1029.5010    34.5087    34.5069    8.14851         31 0.0000e+00
    372.000    368.043    -0.5209  28.395184    -0.5209  28.394018     6.0951     6.1671    -0.0111    90.2665 1.0000e-12  -64.16150  -61.83244 348.822797      99.97 8.6734e+02    891.684      21401  1029.5072  1029.5060    34.5087    34.5072    8.14831         23 0.0000e+00
    373.000    369.034    -0.5195  28.396833    -0.5195  28.395899     6.0937     6.1633    -0.0098    90.2633 1.0000e-12  -64.16150  -61.83244 348.822808      99.97 8.6734e+02    892.643      21424  1029.5119  1029.5108    34.5088    34.5075    8.14801         25 0.0000e+00
    374.000    370.021    -0.5168  28.400272    -0.5170  28.398980     6.0973     6.1653    -0.0149    90.2669 1.0000e-12  -64.16150  -61.83244 348.822823      64.84 8.6859e+02    893.907      21455  1029.5172  1029.5159    34.5098    34.5081    8.14738         33 0.0000e+00
    375.000    371.009    -0.5177  28.400325    -0.5177  28.399038     6.1046     6.1591    -0.0150    90.2394 1.0000e-12  -64.16150  -61.83244 348.822841      99.93 8.6910e+02    895.456      21492  1029.5224  1029.5210    34.5102    34.5085    8.14753         35 0.0000e+00
    376.000    371.999    -0.5178  28.400706    -0.5180  28.399411     6.0995     6.1642    -0.0150    90.2885 1.0000e-12  -64.16150  -61.83244 348.822857      99.97 8.6910e+02    896.847      21525  1029.5272  1029.5260    34.5103    34.5087    8.14756         33 0.0000e+00
    377.000    372.986    -0.5188  28.400398    -0.5187  28.399186     6.0947     6.1647    -0.0111    90.2734 1.0000e-12  -64.16150  -61.83244 348.822873      99.97 8.7028e+02    898.266      21559  1029.5321  1029.5307    34.5104    34.5086    8.14777         36 0.0000e+00
    378.000    373.975    -0.5187  28.400977    -0.5185  28.399817     6.0948     6.1584    -0.0131    90.2896 1.0000e-12  -64.16150  -61.83245 348.822891      99.97 8.7087e+02    899.785      21596  1029.5369  1029.5354    34.5104    34.5086    8.14774         34 0.0000e+00
    379.000    374.964    -0.5182  28.401736    -0.5183  28.400538     6.0955     6.1636    -0.0151    90.2858 1.0000e-12  -64.16150  -61.83245 348.822906      99.97 8.7086e+02    901.063      21627  1029.5415  1029.5403    34.5103    34.5088    8.14765         26 0.0000e+00
    380.000    375.951    -0.5184  28.402066    -0.5186  28.400745     6.0986     6.1683    -0.0150    90.2846 1.0000e-12  -64.16150  -61.83246 348.822917      99.97 8.7094e+02    902.039      21650  1029.5462  1029.5451    34.5102    34.5088    8.14767         23 0.0000e+00
    381.000    376.940    -0.5186  28.402286    -0.5188  28.400996     6.0969     6.1640    -0.0150    90.2917 1.0000e-12  -64.16150  -61.83246 348.822929      99.97 8.7219e+02    903.079      21675  1029.5510  1029.5498    34.5102    34.5087    8.14774         30 0.0000e+00
    382.000    377.929    -0.5180  28.403447    -0.5181  28.402049     6.1004     6.1620    -0.0178    90.2966 1.0000e-12  -64.16150  -61.83246 348.822948      99.97 8.7264e+02    904.715      21714  1029.5559  1029.5545    34.5105    34.5087    8.14758         39 0.0000e+00
    383.000    378.917    -0.5156  28.406139    -0.5156  28.404915     6.0896     6.1545    -0.0221    90.3031 1.0000e-12  -64.16150  -61.83246 348.822967      99.80 8.7263e+02    906.349      21753  1029.5607  1029.5593    34.5107    34.5091    8.14705         31 0.0000e+00
    384.000    379.905    -0.5138  28.408251    -0.5140  28.406892     6.0862     6.1610    -0.0155    90.2500 1.0000e-12  -64.16150  -61.83246 348.822980      99.77 8.7396e+02    907.438      21780  1029.5654  1029.5642    34.5109    34.5094    8.14665         23 0.0000e+00
    385.000    380.895    -0.5112  28.411465    -0.5115  28.410178     6.0864     6.1519    -0.0093    90.2355 1.0000e-12  -64.16150  -61.83246 348.822991      98.83 8.7438e+02    908.384      21802  1029.5706  1029.5695    34.5117    34.5104    8.14606         24 0.0000e+00
    386.000    381.882    -0.5104  28.412873    -0.5106  28.411635     6.0775     6.1491    -0.0009    90.2865 1.0000e-12  -64.16150  -61.83246 348.823004      97.83 8.7439e+02    909.550      21830  1029.5756  1029.5745    34.5121    34.5107    8.14586         32 0.0000e+00
    387.000    382.870    -0.5101  28.413930    -0.5101  28.412524     6.0845     6.1493    -0.0140    90.2743 1.0000e-12  -64.16150  -61.83246 348.823021      97.60 8.7439e+02    910.981      21865  1029.5807  1029.5792    34.5125    34.5106    8.14577         36 0.0000e+00
    388.000    383.859    -0.5098  28.414569    -0.5097  28.413360     6.0798     6.1510    -0.0150    90.2809 1.0000e-12  -64.16150  -61.83246 348.823038      96.63 8.7554e+02    912.476      21900  1029.5855  1029.5840    34.5125    34.5107    8.14571         33 0.0000e+00
    389.000    384.848    -0.5086  28.416300    -0.5085  28.414991     6.0817     6.1448    -0.0150    90.2762 1.0000e-12  -64.16150  -61.83246 348.823054      96.07 8.7616e+02    913.860      21934  1029.5903  1029.5888    34.5128    34.5110    8.14543         31 0.0000e+00
    390.000    385.837    -0.5078  28.417538    -0.5078  28.416413     6.0797     6.1494    -0.0087    90.2891 1.0000e-12  -64.16150  -61.83247 348.823068      94.40 8.7615e+02    915.040      21962  1029.5952  1029.5940    34.5130    34.5115    8.14526         26 0.0000e+00
    391.000    386.825    -0.5067  28.419265    -0.5067  28.418128     6.0745     6.1474    -0.0136    90.2708 1.0000e-12  -64.16150  -61.83248 348.823082      93.32 8.7615e+02    916.256      21991  1029.6002  1029.5989    34.5134    34.5119    8.14499         35 0.0000e+00
    392.000    387.812    -0.5083  28.418583    -0.5081  28.417446     6.0746     6.1447    -0.0089    90.2628 1.0000e-12  -64.16150  -61.83248 348.823100      92.23 8.7663e+02    917.796      22028  1029.6054  1029.6039    34.5138    34.5120    8.14532         37 0.0000e+00
    393.000    388.802    -0.5094  28.417998    -0.5093  28.416910     6.0758     6.1478    -0.0091    90.2773 1.0000e-12  -64.16150  -61.83248 348.823116      91.73 8.7793e+02    919.225      22062  1029.6101  1029.6088    34.5136    34.5120    8.14557         31 0.0000e+00
    394.000    389.787    -0.5144  28.414474    -0.5144  28.413321     6.0847     6.1464    -0.0092    90.2584 1.0000e-12  -64.16150  -61.83248 348.823131      91.10 8.7792e+02    920.477      22092  1029.6155  1029.6143    34.5139    34.5124    8.14661         29 0.0000e+00
    395.000    390.782    -0.5178  28.411694    -0.5171  28.411026     6.0839     6.1451    -0.0131    90.2651 1.0000e-12  -64.16151  -61.83248 348.823146      89.94 8.7792e+02    921.789      22124  1029.6201  1029.6187    34.5134    34.5118    8.14737         33 0.0000e+00
    396.000    391.765    -0.5174  28.412453    -0.5179  28.410796     6.0931     6.1471    -0.0075    90.2593 1.0000e-12  -64.16152  -61.83248 348.823163      88.74 8.7792e+02    923.247      22159  1029.6248  1029.6234    34.5134    34.5117    8.14729         35 0.0000e+00
    397.000    392.755    -0.5171  28.413172    -0.5169  28.411931     6.0764     6.1451    -0.0109    90.2569 1.0000e-12  -64.16152  -61.83248 348.823179      87.73 8.7792e+02    924.680      22193  1029.6295  1029.6280    34.5134    34.5115    8.14723         34 0.0000e+00
    398.000    393.744    -0.5082  28.421319    -0.5085  28.419846     6.0613     6.1374    -0.0092    90.2599 1.0000e-12  -64.16152  -61.83248 348.823196      87.59 8.7792e+02    926.100      22227  1029.6336  1029.6324    34.5136    34.5120    8.14529         34 0.0000e+00
    399.000    394.732    -0.5042  28.425885    -0.5038  28.425168     6.0678     6.1397    -0.0104    90.2184 1.0000e-12  -64.16152  -61.83248 348.823212      85.80 8.7792e+02    927.529      22262  1029.6389  1029.6378    34.5147    34.5133    8.14439         33 0.0000e+00
    400.000    395.719    -0.5040  28.426729    -0.5040  28.425521     6.0684     6.1349    -0.0022    90.2140 1.0000e-12  -64.16152  -61.83248 348.823227      85.01 8.7792e+02    928.839      22293  1029.6439  1029.6426    34.5149    34.5133    8.14432         31 0.0000e+00
    401.000    396.709    -0.5040  28.427278    -0.5038  28.426353     6.0698     6.1372    -0.0027    90.2358 1.0000e-12  -64.16152  -61.83248 348.823243      84.06 8.7792e+02    930.170      22325  1029.6488  1029.6475    34.5150    34.5136    8.14431         35 0.0000e+00
    402.000    397.694    -0.5103  28.422943    -0.5080  28.423565     6.0757     6.1366    -0.0080    90.2364 1.0000e-12  -64.16152  -61.83248 348.823262      83.13 8.7792e+02    931.794      22364  1029.6547  1029.6531    34.5159    34.5141    8.14563         32 0.0000e+00
    403.000    398.688    -0.5188  28.415133    -0.5185  28.414513     6.0851     6.1420    -0.0151    90.2490 1.0000e-12  -64.16152  -61.83248 348.823280      82.90 8.7792e+02    933.357      22402  1029.6590  1029.6580    34.5144    34.5132    8.14754         31 0.0000e+00
    404.000    399.672    -0.5195  28.415337    -0.5204  28.413372     6.0778     6.1439    -0.0150    90.2434 1.0000e-12  -64.16152  -61.83248 348.823293      81.44 8.7792e+02    934.541      22430  1029.6641  1029.6629    34.5148    34.5132    8.14766         25 0.0000e+00
    405.000    400.663    -0.5222  28.413447    -0.5224  28.412190     6.0795     6.1385    -0.0147    90.2397 1.0000e-12  -64.16152  -61.83248 348.823305      80.55 8.7792e+02    935.510      22453  1029.6689  1029.6678    34.5147    34.5132    8.14824         24 0.0000e+00
    406.000    401.649    -0.5236  28.412473    -0.5241  28.410937     6.0806     6.1381    -0.0106    90.2158 1.0000e-12  -64.16152  -61.83249 348.823318      79.15 8.7792e+02    936.701      22482  1029.6735  1029.6724    34.5144    34.5129    8.14856         34 0.0000e+00
    407.000    402.638    -0.5252  28.411718    -0.5256  28.410308     6.0863     6.1449    -0.0032    90.2031 1.0000e-12  -64.16152  -61.83249 348.823336      78.19 8.7792e+02    938.213      22518  1029.6785  1029.6773    34.5146    34.5132    8.14889         35 0.0000e+00
    408.000    403.627    -0.5306  28.407219    -0.5309  28.405706     6.0815     6.1471    -0.0129    90.2194 1.0000e-12  -64.16154  -61.83249 348.823352      77.74 8.7792e+02    939.634      22552  1029.6832  1029.6820    34.5141    34.5124    8.15008         30 0.0000e+00
    409.000    404.615    -0.5336  28.405470    -0.5341  28.403911     6.0896     6.1539    -0.0143    90.2074 1.0000e-12  -64.16154  -61.83249 348.823367      76.36 8.7792e+02    940.951      22584  1029.6885  1029.6873    34.5146    34.5130    8.15070         31 0.0000e+00
    410.000    405.603    -0.5430  28.398265    -0.5458  28.394284     6.0972     6.1617    -0.0175    90.1835 1.0000e-12  -64.16154  -61.83250 348.823383      75.06 8.7748e+02    942.260      22615  1029.6943  1029.6928    34.5150    34.5128    8.15271         32 0.0000e+00
