NBP2113_155081_ctd/data/dnbp2113_003.cnv
* Sea-Bird SBE 9 Data File:
* FileName = D:\Data\raw\NBP2113_003.hex
* Software Version Seasave V 7.26.7.121
* Temperature SN = 2438
* Conductivity SN = 2067
* Number of Bytes Per Scan = 40
* Number of Voltage Words = 5
* Number of Scans Averaged by the Deck Unit = 1
* NMEA Latitude = 63 28.26 S
* NMEA Longitude = 061 47.09 W
* NMEA UTC (Time) = Nov 22 2021  19:16:03
* NMEA baud rate = 9600
** Ship: RVIB N.B. Palmer
** Cruise: NBP2113 LTER
** Station: 806.048
** Operator: S. Blackman
# nquan = 25
# nvalues = 550                         
# units = specified
# name 0 = prDM: Pressure, Digiquartz [db]
# name 1 = depSM: Depth [salt water, m]
# name 2 = t090C: Temperature [ITS-90, deg C]
# name 3 = c0mS/cm: Conductivity [mS/cm]
# name 4 = t190C: Temperature, 2 [ITS-90, deg C]
# name 5 = c1mS/cm: Conductivity, 2 [mS/cm]
# name 6 = sbeox0ML/L: Oxygen, SBE 43 [ml/l]
# name 7 = sbeox1ML/L: Oxygen, SBE 43, 2 [ml/l]
# name 8 = flECO-AFL: Fluorescence, WET Labs ECO-AFL/FL [mg/m^3]
# name 9 = CStarTr0: Beam Transmission, WET Labs C-Star [%]
# name 10 = par: PAR/Irradiance, Biospherical/Licor
# name 11 = latitude: Latitude [deg]
# name 12 = longitude: Longitude [deg]
# name 13 = timeJ: Julian Days
# name 14 = altM: Altimeter [m]
# name 15 = spar: SPAR, Biospherical/Licor
# name 16 = timeS: Time, Elapsed [seconds]
# name 17 = scan: Scan Count
# name 18 = density00: Density [density, kg/m^3]
# name 19 = density11: Density, 2 [density, kg/m^3]
# name 20 = sal00: Salinity, Practical [PSU]
# name 21 = sal11: Salinity, Practical, 2 [PSU]
# name 22 = oxsolML/L: Oxygen Saturation, Garcia & Gordon [ml/l]
# name 23 = nbin: number of scans per bin
# name 24 = flag: flag
# span 0 =      5.000,    554.000       
# span 1 =      4.951,    547.897       
# span 2 =    -0.6541,     0.0869       
# span 3 =  27.904550,  28.960806       
# span 4 =    -0.6535,     0.0869       
# span 5 =  27.903383,  28.959120       
# span 6 =     5.5418,     8.1345       
# span 7 =     5.5482,     8.0152       
# span 8 =    -0.0296,     1.6116       
# span 9 =    90.0592,    98.9360       
# span 10 = -2.096e-05, 9.3963e+02      
# span 11 =  -63.47120,  -63.47104      
# span 12 =  -61.78570,  -61.78515      
# span 13 = 326.806521, 326.816736      
# span 14 =       8.03,     101.78      
# span 15 = 1.8373e+03, 1.8656e+03      
# span 16 =    320.412,   1203.027      
# span 17 =       7691,      28874      
# span 18 =  1027.3281,  1030.3680      
# span 19 =  1027.3253,  1030.3667      
# span 20 =    33.9845,    34.5516      
# span 21 =    33.9811,    34.5508      
# span 22 =    8.01901,    8.19055      
# span 23 =         11,         61      
# span 24 = 0.0000e+00, 0.0000e+00      
# interval = decibars: 1                
# start_time = Nov 22 2021 19:16:03 [NMEA time, header]
# bad_flag = -9.990e-29
*END*
[from data line 348]
    353.000    349.279    -0.1630  28.705475    -0.1654  28.702250     5.7758     5.7380    -0.0190    98.6150 1.0000e-12  -63.47116  -61.78542 326.813495      99.98 1.8598e+03    923.004      22153  1029.4134  1029.4123    34.5298    34.5282    8.07088         23 0.0000e+00
    354.000    350.268    -0.1652  28.704291    -0.1646  28.703437     5.7815     5.7398    -0.0137    98.6281 1.0000e-12  -63.47116  -61.78542 326.813505      99.98 1.8598e+03    923.824      22173  1029.4185  1029.4170    34.5300    34.5282    8.07132         18 0.0000e+00
    355.000    351.258    -0.1645  28.705236    -0.1637  28.704576     5.7838     5.7407    -0.0048    98.6337 1.0000e-12  -63.47116  -61.78542 326.813514      99.98 1.8594e+03    924.568      22191  1029.4231  1029.4216    34.5298    34.5282    8.07118         18 0.0000e+00
    356.000    352.247    -0.1643  28.706081    -0.1644  28.704622     5.7764     5.7427    -0.0107    98.6082 1.0000e-12  -63.47116  -61.78542 326.813524      99.98 1.8575e+03    925.457      22212  1029.4280  1029.4266    34.5302    34.5284    8.07112         27 0.0000e+00
    357.000    353.233    -0.1639  28.706728    -0.1640  28.705302     5.7802     5.7385    -0.0129    98.6184 1.0000e-12  -63.47116  -61.78544 326.813547      99.98 1.8526e+03    927.428      22259  1029.4325  1029.4310    34.5300    34.5282    8.07105         41 0.0000e+00
    358.000    354.223    -0.1636  28.707812    -0.1631  28.706808     5.7759     5.7328    -0.0181    98.6483 1.0000e-12  -63.47116  -61.78545 326.813574      99.98 1.8549e+03    929.795      22316  1029.4376  1029.4360    34.5305    34.5286    8.07095         33 0.0000e+00
    359.000    355.211    -0.1636  28.708688    -0.1633  28.707523     5.7762     5.7353    -0.0040    98.6383 1.0000e-12  -63.47116  -61.78546 326.813587      99.98 1.8582e+03    930.920      22343  1029.4427  1029.4412    34.5310    34.5291    8.07092         23 0.0000e+00
    360.000    356.201    -0.1644  28.707868    -0.1644  28.706550     5.7755     5.7374    -0.0007    98.6278 1.0000e-12  -63.47116  -61.78546 326.813597      99.98 1.8583e+03    931.746      22363  1029.4470  1029.4456    34.5303    34.5286    8.07115         18 0.0000e+00
    361.000    357.188    -0.1634  28.709815    -0.1643  28.707613     5.7756     5.7377    -0.0138    98.6052 1.0000e-12  -63.47116  -61.78546 326.813605      99.98 1.8581e+03    932.498      22381  1029.4523  1029.4508    34.5311    34.5293    8.07088         19 0.0000e+00
    362.000    358.178    -0.1642  28.709594    -0.1645  28.707866     5.7740     5.7372    -0.0274    98.5811 1.0000e-12  -63.47116  -61.78546 326.813615      99.98 1.8577e+03    933.351      22401  1029.4570  1029.4555    34.5311    34.5292    8.07105         23 0.0000e+00
    363.000    359.166    -0.1657  28.708680    -0.1647  28.708239     5.7694     5.7369    -0.0175    98.6018 1.0000e-12  -63.47116  -61.78546 326.813628      99.98 1.8565e+03    934.445      22428  1029.4618  1029.4604    34.5310    34.5293    8.07137         30 0.0000e+00
    364.000    360.156    -0.1641  28.710260    -0.1650  28.708173     5.7715     5.7361    -0.0148    98.6157 1.0000e-12  -63.47116  -61.78547 326.813645      99.98 1.8557e+03    935.916      22463  1029.4662  1029.4648    34.5307    34.5290    8.07106         36 0.0000e+00
    365.000    361.143    -0.1634  28.711372    -0.1627  28.710429     5.7801     5.7359    -0.0075    98.6251 1.0000e-12  -63.47116  -61.78549 326.813668      99.98 1.8542e+03    937.952      22512  1029.4709  1029.4692    34.5309    34.5288    8.07091         47 0.0000e+00
    366.000    362.132    -0.1646  28.710810    -0.1644  28.709715     5.7748     5.7363    -0.0173    98.6190 1.0000e-12  -63.47116  -61.78549 326.813694      99.98 1.8563e+03    940.155      22565  1029.4758  1029.4744    34.5309    34.5291    8.07116         38 0.0000e+00
    367.000    363.120    -0.1647  28.711552    -0.1641  28.710513     5.7780     5.7360    -0.0125    98.6378 1.0000e-12  -63.47116  -61.78548 326.813709      99.99 1.8577e+03    941.434      22595  1029.4808  1029.4792    34.5313    34.5293    8.07114         25 0.0000e+00
    368.000    364.108    -0.1638  28.712859    -0.1619  28.713159     5.7780     5.7320    -0.0061    98.6828 1.0000e-12  -63.47116  -61.78550 326.813719      99.98 1.8576e+03    942.303      22616  1029.4856  1029.4840    34.5314    34.5296    8.07095         19 0.0000e+00
    369.000    365.096    -0.1621  28.714421    -0.1616  28.713437     5.7775     5.7307    -0.0250    98.6342 1.0000e-12  -63.47116  -61.78550 326.813727      99.98 1.8563e+03    943.054      22634  1029.4898  1029.4883    34.5310    34.5291    8.07061         18 0.0000e+00
    370.000    366.086    -0.1625  28.714769    -0.1616  28.714131     5.7649     5.7326    -0.0200    98.6110 1.0000e-12  -63.47116  -61.78551 326.813736      99.98 1.8546e+03    943.827      22653  1029.4948  1029.4933    34.5313    34.5294    8.07068         20 0.0000e+00
    371.000    367.075    -0.1598  28.717591    -0.1603  28.715614     5.7716     5.7314    -0.0075    98.6255 1.0000e-12  -63.47116  -61.78552 326.813748      99.98 1.8522e+03    944.842      22677  1029.4994  1029.4978    34.5314    34.5293    8.07011         31 0.0000e+00
    372.000    368.064    -0.1588  28.718693    -0.1582  28.717953     5.7685     5.7304    -0.0125    98.6246 1.0000e-12  -63.47116  -61.78553 326.813769      99.98 1.8503e+03    946.612      22720  1029.5039  1029.5025    34.5311    34.5294    8.06991         46 0.0000e+00
    373.000    369.051    -0.1570  28.721218    -0.1561  28.720537     5.7623     5.7280    -0.0130    98.6171 1.0000e-12  -63.47116  -61.78554 326.813790      99.98 1.8536e+03    948.438      22764  1029.5091  1029.5075    34.5318    34.5299    8.06948         36 0.0000e+00
    374.000    370.040    -0.1591  28.719776    -0.1595  28.718060     5.7583     5.7259    -0.0068    98.6273 1.0000e-12  -63.47116  -61.78554 326.813805      99.99 1.8562e+03    949.761      22795  1029.5139  1029.5125    34.5317    34.5299    8.06994         30 0.0000e+00
    375.000    371.028    -0.1582  28.721250    -0.1583  28.719691     5.7601     5.7231    -0.0066    98.6020 1.0000e-12  -63.47116  -61.78554 326.813820      99.98 1.8563e+03    951.055      22826  1029.5188  1029.5172    34.5320    34.5301    8.06973         32 0.0000e+00
    376.000    372.018    -0.1560  28.723399    -0.1555  28.722499     5.7572     5.7278    -0.0138    98.5922 1.0000e-12  -63.47116  -61.78554 326.813836      99.98 1.8544e+03    952.452      22860  1029.5232  1029.5218    34.5318    34.5301    8.06928         32 0.0000e+00
    377.000    373.005    -0.1544  28.725604    -0.1556  28.723092     5.7515     5.7227    -0.0177    98.6044 1.0000e-12  -63.47116  -61.78554 326.813852      99.98 1.8528e+03    953.843      22893  1029.5282  1029.5268    34.5323    34.5304    8.06891         33 0.0000e+00
    378.000    373.994    -0.1536  28.726814    -0.1539  28.725278     5.7542     5.7240    -0.0160    98.5809 1.0000e-12  -63.47116  -61.78554 326.813867      99.98 1.8546e+03    955.137      22924  1029.5330  1029.5316    34.5325    34.5307    8.06874         29 0.0000e+00
    379.000    374.982    -0.1542  28.726804    -0.1534  28.726262     5.7580     5.7242    -0.0194    98.5972 1.0000e-12  -63.47116  -61.78556 326.813881      99.98 1.8546e+03    956.338      22953  1029.5379  1029.5364    34.5326    34.5308    8.06887         29 0.0000e+00
    380.000    375.971    -0.1530  28.728432    -0.1527  28.727099     5.7571     5.7258    -0.0137    98.6042 1.0000e-12  -63.47116  -61.78556 326.813896      99.98 1.8528e+03    957.591      22983  1029.5427  1029.5410    34.5328    34.5307    8.06860         32 0.0000e+00
    381.000    376.960    -0.1507  28.730986    -0.1515  28.728681     5.7556     5.7238    -0.0115    98.6135 1.0000e-12  -63.47116  -61.78556 326.813913      99.98 1.8533e+03    959.058      23018  1029.5474  1029.5457    34.5329    34.5307    8.06809         39 0.0000e+00
    382.000    377.949    -0.1492  28.732457    -0.1501  28.730205     5.7617     5.7233    -0.0161    98.6085 1.0000e-12  -63.47116  -61.78556 326.813932      99.98 1.8532e+03    960.704      23058  1029.5517  1029.5503    34.5326    34.5307    8.06780         38 0.0000e+00
    383.000    378.936    -0.1519  28.730284    -0.1520  28.728858     5.7624     5.7260    -0.0157    98.6502 1.0000e-12  -63.47116  -61.78556 326.813951      99.98 1.8472e+03    962.365      23098  1029.5564  1029.5549    34.5322    34.5303    8.06840         36 0.0000e+00
    384.000    379.925    -0.1532  28.729839    -0.1531  28.728555     5.7525     5.7209    -0.0101    98.6568 1.0000e-12  -63.47116  -61.78556 326.813967      99.98 1.8467e+03    963.784      23132  1029.5615  1029.5601    34.5325    34.5307    8.06866         29 0.0000e+00
    385.000    380.913    -0.1543  28.729739    -0.1530  28.730044     5.7495     5.7172    -0.0177    98.6612 1.0000e-12  -63.47116  -61.78555 326.813980      99.98 1.8526e+03    964.853      23157  1029.5667  1029.5657    34.5329    34.5318    8.06886         23 0.0000e+00
    386.000    381.902    -0.1517  28.732816    -0.1485  28.733906     5.7595     5.7205    -0.0181    98.6113 1.0000e-12  -63.47116  -61.78555 326.813990      99.98 1.8568e+03    965.695      23178  1029.5717  1029.5697    34.5335    34.5314    8.06828         19 0.0000e+00
    387.000    382.891    -0.1530  28.732009    -0.1534  28.730289     5.7575     5.7243    -0.0143    98.5957 1.0000e-12  -63.47116  -61.78556 326.813999      99.98 1.8581e+03    966.493      23197  1029.5763  1029.5749    34.5332    34.5315    8.06856         19 0.0000e+00
    388.000    383.879    -0.1556  28.730795    -0.1557  28.729435     5.7572     5.7228    -0.0045    98.6030 1.0000e-12  -63.47116  -61.78557 326.814010      99.98 1.8539e+03    967.464      23220  1029.5819  1029.5805    34.5340    34.5323    8.06907         29 0.0000e+00
    389.000    384.867    -0.1557  28.730828    -0.1551  28.729931     5.7570     5.7236    -0.0021    98.6141 1.0000e-12  -63.47116  -61.78558 326.814032      99.98 1.8373e+03    969.336      23265  1029.5863  1029.5847    34.5336    34.5317    8.06912         36 0.0000e+00
    390.000    385.856    -0.1540  28.733183    -0.1539  28.731879     5.7505     5.7207    -0.0157    98.6369 1.0000e-12  -63.47116  -61.78556 326.814058      99.98 1.8430e+03    971.589      23319  1029.5913  1029.5899    34.5342    34.5324    8.06872         36 0.0000e+00
    391.000    386.844    -0.1549  28.732929    -0.1549  28.731611     5.7612     5.7184    -0.0150    98.5802 1.0000e-12  -63.47116  -61.78555 326.814071      99.98 1.8533e+03    972.758      23347  1029.5962  1029.5948    34.5343    34.5325    8.06892         24 0.0000e+00
    392.000    387.832    -0.1536  28.734690    -0.1534  28.733617     5.7623     5.7229    -0.0143    98.5950 1.0000e-12  -63.47116  -61.78554 326.814082      99.98 1.8561e+03    973.661      23369  1029.6011  1029.5997    34.5345    34.5329    8.06862         20 0.0000e+00
    393.000    388.821    -0.1536  28.735036    -0.1526  28.734517     5.7540     5.7253    -0.0134    98.6455 1.0000e-12  -63.47116  -61.78554 326.814091      99.98 1.8554e+03    974.443      23388  1029.6056  1029.6041    34.5344    34.5326    8.06863         18 0.0000e+00
    394.000    389.811    -0.1538  28.735330    -0.1538  28.733884     5.7534     5.7213    -0.0128    98.6058 1.0000e-12  -63.47116  -61.78554 326.814100      99.98 1.8524e+03    975.241      23407  1029.6105  1029.6089    34.5344    34.5325    8.06867         20 0.0000e+00
    395.000    390.797    -0.1529  28.736543    -0.1524  28.735240     5.7686     5.7242    -0.0137    98.6120 1.0000e-12  -63.47116  -61.78554 326.814110      99.98 1.8487e+03    976.092      23427  1029.6151  1029.6132    34.5344    34.5321    8.06847         22 0.0000e+00
    396.000    391.786    -0.1589  28.731350    -0.1578  28.730845     5.7639     5.7282    -0.0191    98.5956 1.0000e-12  -63.47116  -61.78554 326.814121      99.98 1.8446e+03    977.078      23451  1029.6197  1029.6182    34.5336    34.5318    8.06978         26 0.0000e+00
    397.000    392.775    -0.1611  28.729390    -0.1615  28.727838     5.7538     5.7269    -0.0168    98.5926 1.0000e-12  -63.47116  -61.78554 326.814137      99.98 1.8462e+03    978.424      23483  1029.6241  1029.6229    34.5330    34.5314    8.07029         39 0.0000e+00
    398.000    393.764    -0.1540  28.736543    -0.1539  28.735223     5.7474     5.7218    -0.0095    98.6211 1.0000e-12  -63.47116  -61.78554 326.814157      99.98 1.8490e+03    980.142      23524  1029.6289  1029.6274    34.5339    34.5320    8.06875         40 0.0000e+00
    399.000    394.751    -0.1522  28.738677    -0.1525  28.737038     5.7527     5.7203    -0.0125    98.6257 1.0000e-12  -63.47116  -61.78554 326.814176      99.98 1.8452e+03    981.802      23564  1029.6337  1029.6322    34.5341    34.5322    8.06836         35 0.0000e+00
    400.000    395.740    -0.1565  28.735255    -0.1578  28.732618     5.7496     5.7239    -0.0115    98.5787 1.0000e-12  -63.47116  -61.78554 326.814192      99.98 1.8444e+03    983.228      23598  1029.6386  1029.6370    34.5338    34.5317    8.06928         31 0.0000e+00
    401.000    396.729    -0.1571  28.735123    -0.1579  28.733033     5.7658     5.7242    -0.0127    98.5469 1.0000e-12  -63.47116  -61.78554 326.814207      99.98 1.8479e+03    984.446      23628  1029.6432  1029.6418    34.5337    34.5318    8.06941         28 0.0000e+00
    402.000    397.716    -0.1617  28.731555    -0.1606  28.730974     5.7653     5.7261    -0.0134    98.6172 1.0000e-12  -63.47116  -61.78554 326.814220      99.98 1.8493e+03    985.595      23655  1029.6482  1029.6465    34.5335    34.5315    8.07039         27 0.0000e+00
    403.000    398.706    -0.1620  28.731545    -0.1614  28.730814     5.7554     5.7230    -0.0216    98.6410 1.0000e-12  -63.47116  -61.78554 326.814233      99.98 1.8486e+03    986.731      23683  1029.6527  1029.6514    34.5333    34.5316    8.07047         28 0.0000e+00
    404.000    399.694    -0.1545  28.739048    -0.1544  28.737588     5.7472     5.7164    -0.0155    98.6270 1.0000e-12  -63.47116  -61.78554 326.814247      99.98 1.8462e+03    987.909      23711  1029.6575  1029.6559    34.5341    34.5321    8.06883         28 0.0000e+00
    405.000    400.683    -0.1496  28.744010    -0.1517  28.740743     5.7425     5.7218    -0.0195    98.6421 1.0000e-12  -63.47116  -61.78554 326.814262      99.98 1.8471e+03    989.222      23742  1029.6622  1029.6608    34.5346    34.5326    8.06777         30 0.0000e+00
    406.000    401.669    -0.1556  28.739542    -0.1555  28.738171     5.7505     5.7237    -0.0144    98.6307 1.0000e-12  -63.47116  -61.78556 326.814281      99.98 1.8475e+03    990.891      23782  1029.6677  1029.6661    34.5349    34.5329    8.06902         38 0.0000e+00
    407.000    402.658    -0.1586  28.737277    -0.1580  28.736463     5.7603     5.7256    -0.0182    98.6308 1.0000e-12  -63.47116  -61.78556 326.814301      99.98 1.8459e+03    992.587      23823  1029.6725  1029.6710    34.5347    34.5328    8.06968         33 0.0000e+00
    408.000    403.647    -0.1585  28.738323    -0.1584  28.737057     5.7508     5.7232    -0.0188    98.6559 1.0000e-12  -63.47116  -61.78556 326.814315      99.98 1.8488e+03    993.846      23853  1029.6778  1029.6763    34.5353    34.5335    8.06961         27 0.0000e+00
    409.000    404.634    -0.1584  28.739023    -0.1583  28.737816     5.7453     5.7165    -0.0125    98.6414 1.0000e-12  -63.47116  -61.78555 326.814328      99.98 1.8525e+03    994.909      23879  1029.6826  1029.6812    34.5355    34.5338    8.06957         24 0.0000e+00
