NBP2113_155081_ctd/data/dnbp2113_063.cnv
* Sea-Bird SBE 9 Data File:
* FileName = D:\Data\raw\NBP2113_063.hex
* Software Version Seasave V 7.26.7.121
* Temperature SN = 2438
* Conductivity SN = 2067
* Number of Bytes Per Scan = 40
* Number of Voltage Words = 5
* Number of Scans Averaged by the Deck Unit = 1
* NMEA Latitude = 64 46.92 S
* NMEA Longitude = 063 01.99 W
* NMEA UTC (Time) = Dec 14 2021  04:14:20
* NMEA baud rate = 9600
** Ship: RVIB N.B. Palmer
** Cruise: NBP2113 LTER
** Station: 655.002
** Operator: B. Urmston
# nquan = 25
# nvalues = 220                         
# units = specified
# name 0 = prDM: Pressure, Digiquartz [db]
# name 1 = depSM: Depth [salt water, m]
# name 2 = t090C: Temperature [ITS-90, deg C]
# name 3 = c0mS/cm: Conductivity [mS/cm]
# name 4 = t190C: Temperature, 2 [ITS-90, deg C]
# name 5 = c1mS/cm: Conductivity, 2 [mS/cm]
# name 6 = sbeox0ML/L: Oxygen, SBE 43 [ml/l]
# name 7 = sbeox1ML/L: Oxygen, SBE 43, 2 [ml/l]
# name 8 = flECO-AFL: Fluorescence, WET Labs ECO-AFL/FL [mg/m^3]
# name 9 = CStarTr0: Beam Transmission, WET Labs C-Star [%]
# name 10 = par: PAR/Irradiance, Biospherical/Licor
# name 11 = latitude: Latitude [deg]
# name 12 = longitude: Longitude [deg]
# name 13 = timeJ: Julian Days
# name 14 = altM: Altimeter [m]
# name 15 = spar: SPAR, Biospherical/Licor
# name 16 = timeS: Time, Elapsed [seconds]
# name 17 = scan: Scan Count
# name 18 = density00: Density [density, kg/m^3]
# name 19 = density11: Density, 2 [density, kg/m^3]
# name 20 = sal00: Salinity, Practical [PSU]
# name 21 = sal11: Salinity, Practical, 2 [PSU]
# name 22 = oxsolML/L: Oxygen Saturation, Garcia & Gordon [ml/l]
# name 23 = nbin: number of scans per bin
# name 24 = flag: flag
# span 0 =      3.000,    222.000       
# span 1 =      2.964,    219.695       
# span 2 =    -0.3258,     0.5582       
# span 3 =  28.469366,  29.174599       
# span 4 =    -0.3256,     0.5582       
# span 5 =  28.468112,  29.173267       
# span 6 =     5.2031,     6.9007       
# span 7 =     5.2963,     6.9439       
# span 8 =    -0.0202,     1.7173       
# span 9 =    83.5232,    90.0909       
# span 10 = 1.0000e-12, 9.6206e-01      
# span 11 =  -64.78200,  -64.78197      
# span 12 =  -63.03356,  -63.03342      
# span 13 = 348.180086, 348.185957      
# span 14 =       9.10,      99.97      
# span 15 = 0.0000e+00, 0.0000e+00      
# span 16 =    299.433,    806.738      
# span 17 =       7187,      19363      
# span 18 =  1027.3640,  1028.7651      
# span 19 =  1027.3620,  1028.7642      
# span 20 =    34.0726,    34.4934      
# span 21 =    34.0703,    34.4927      
# span 22 =    7.92319,    8.10788      
# span 23 =          9,         51      
# span 24 = 0.0000e+00, 0.0000e+00      
# interval = decibars: 1                
# start_time = Dec 14 2021 04:14:20 [NMEA time, header]
# bad_flag = -9.990e-29
*END*
[from data line 58]
     61.000     60.393     0.3410  28.912935     0.3416  28.912067     5.5386     5.6301     0.2036    89.6744 1.0000e-12  -64.78200  -63.03346 348.182013      99.97 0.0000e+00    465.913      11183  1027.9036  1027.9021    34.4135    34.4118    7.97206         42 0.0000e+00
     62.000     61.383     0.3500  28.923564     0.3467  28.918161     5.5304     5.6194     0.1944    89.6994 1.0000e-12  -64.78200  -63.03346 348.182044      99.97 0.0000e+00    468.626      11248  1027.9105  1027.9081    34.4169    34.4134    7.97002         45 0.0000e+00
     63.000     62.373     0.3594  28.933985     0.3604  28.932662     5.5400     5.6147     0.1816    89.6822 1.0000e-12  -64.78200  -63.03346 348.182076      99.97 0.0000e+00    471.333      11313  1027.9168  1027.9144    34.4194    34.4166    7.96794         45 0.0000e+00
     64.000     63.366     0.3592  28.933814     0.3602  28.933249     5.5398     5.6171     0.1726    89.7280 1.0000e-12  -64.78200  -63.03346 348.182107      99.97 0.0000e+00    474.082      11379  1027.9213  1027.9198    34.4188    34.4170    7.96801         35 0.0000e+00
     65.000     64.353     0.3615  28.936910     0.3623  28.936172     5.5436     5.6139     0.1661    89.7242 1.0000e-12  -64.78200  -63.03346 348.182139      99.97 0.0000e+00    476.792      11444  1027.9267  1027.9252    34.4197    34.4179    7.96749         46 0.0000e+00
     66.000     65.343     0.3634  28.939519     0.3642  28.938571     5.5418     5.6109     0.1592    89.7247 1.0000e-12  -64.78200  -63.03346 348.182171      99.97 0.0000e+00    479.578      11511  1027.9320  1027.9302    34.4204    34.4182    7.96705         39 0.0000e+00
     67.000     66.333     0.3640  28.940640     0.3638  28.939015     5.5349     5.6090     0.1726    89.7760 1.0000e-12  -64.78200  -63.03346 348.182203      99.97 0.0000e+00    482.316      11577  1027.9369  1027.9354    34.4205    34.4187    7.96691         48 0.0000e+00
     68.000     67.325     0.3641  28.941175     0.3641  28.939413     5.5332     5.6050     0.1454    89.7572 1.0000e-12  -64.78200  -63.03346 348.182235      99.97 0.0000e+00    485.061      11642  1027.9418  1027.9399    34.4206    34.4182    7.96690         37 0.0000e+00
     69.000     68.314     0.3666  28.944864     0.3662  28.942518     5.5138     5.5918     0.1483    89.8169 1.0000e-12  -64.78200  -63.03346 348.182266      85.98 0.0000e+00    487.773      11708  1027.9474  1027.9454    34.4220    34.4194    7.96630         47 0.0000e+00
     70.000     69.303     0.3877  28.965787     0.3865  28.961416     5.4912     5.5648     0.1412    89.8069 1.0000e-12  -64.78200  -63.03346 348.182297      99.25 0.0000e+00    490.472      11772  1027.9533  1027.9497    34.4253    34.4210    7.96176         43 0.0000e+00
     71.000     70.293     0.3976  28.976269     0.3990  28.976137     5.4464     5.5315     0.1416    89.8123 1.0000e-12  -64.78200  -63.03346 348.182328      99.97 0.0000e+00    493.131      11836  1027.9590  1027.9575    34.4274    34.4257    7.95961         47 0.0000e+00
     72.000     71.283     0.4254  29.003474     0.4251  29.001014     5.3687     5.4768     0.1231    89.8497 1.0000e-12  -64.78200  -63.03346 348.182350      99.97 0.0000e+00    495.004      11881  1027.9647  1027.9625    34.4313    34.4285    7.95365         35 0.0000e+00
     73.000     72.273     0.4704  29.051691     0.4707  29.050489     5.3639     5.4622     0.1126    89.8744 1.0000e-12  -64.78200  -63.03346 348.182367      99.97 0.0000e+00    496.498      11917  1027.9757  1027.9742    34.4436    34.4418    7.94371         35 0.0000e+00
     74.000     73.262     0.4786  29.061666     0.4780  29.059812     5.3728     5.4598     0.1142    89.8600 1.0000e-12  -64.78200  -63.03346 348.182384      99.97 0.0000e+00    497.950      11952  1027.9828  1027.9815    34.4469    34.4452    7.94185         33 0.0000e+00
     75.000     74.253     0.4783  29.061692     0.4770  29.059454     5.3845     5.4563     0.1022    89.9305 1.0000e-12  -64.78200  -63.03346 348.182400      99.97 0.0000e+00    499.375      11986  1027.9878  1027.9867    34.4468    34.4453    7.94193         33 0.0000e+00
     76.000     75.242     0.4785  29.062656     0.4782  29.060915     5.3846     5.4600     0.1331    89.9404 1.0000e-12  -64.78200  -63.03346 348.182416      99.97 0.0000e+00    500.738      12019  1027.9931  1027.9916    34.4472    34.4452    7.94186         32 0.0000e+00
     77.000     76.232     0.4780  29.062915     0.4784  29.061857     5.3794     5.4545     0.1076    89.9282 1.0000e-12  -64.78200  -63.03346 348.182431      99.97 0.0000e+00    502.043      12050  1027.9983  1027.9969    34.4474    34.4456    7.94194         31 0.0000e+00
     78.000     77.222     0.4736  29.061901     0.4740  29.060518     5.4039     5.4688     0.1076    89.9274 1.0000e-12  -64.78200  -63.03346 348.182446      99.97 0.0000e+00    503.311      12080  1028.0061  1028.0043    34.4504    34.4482    7.94268         30 0.0000e+00
     79.000     78.212     0.4470  29.044386     0.4510  29.046131     5.4147     5.4760     0.1168    89.9258 1.0000e-12  -64.78200  -63.03346 348.182460      99.97 0.0000e+00    504.577      12111  1028.0183  1028.0161    34.4567    34.4544    7.94782         31 0.0000e+00
     80.000     79.201     0.4263  29.027266     0.4246  29.024987     5.4113     5.4741     0.1168    89.9468 1.0000e-12  -64.78200  -63.03346 348.182475      99.97 0.0000e+00    505.825      12141  1028.0249  1028.0242    34.4567    34.4557    7.95206         29 0.0000e+00
     81.000     80.191     0.4259  29.027273     0.4250  29.025556     5.4083     5.4725     0.1056    89.9833 1.0000e-12  -64.78200  -63.03347 348.182489      99.97 0.0000e+00    507.066      12171  1028.0295  1028.0285    34.4566    34.4553    7.95216         30 0.0000e+00
     82.000     81.182     0.4285  29.029505     0.4284  29.028342     5.4079     5.4727     0.0822    89.9958 1.0000e-12  -64.78200  -63.03346 348.182503      99.97 0.0000e+00    508.293      12200  1028.0335  1028.0323    34.4561    34.4546    7.95166         29 0.0000e+00
     83.000     82.170     0.4281  29.030576     0.4283  29.029424     5.3952     5.4714     0.0941    89.9673 1.0000e-12  -64.78200  -63.03347 348.182517      99.97 0.0000e+00    509.504      12229  1028.0391  1028.0378    34.4572    34.4556    7.95166         29 0.0000e+00
     84.000     83.161     0.4302  29.032227     0.4311  29.031697     5.3979     5.4688     0.0935    89.9761 1.0000e-12  -64.78200  -63.03347 348.182531      99.97 0.0000e+00    510.680      12257  1028.0431  1028.0416    34.4565    34.4548    7.95127         28 0.0000e+00
     85.000     84.151     0.4292  29.032793     0.4300  29.032039     5.4066     5.4679     0.0882    89.9799 1.0000e-12  -64.78200  -63.03347 348.182545      99.97 0.0000e+00    511.866      12286  1028.0488  1028.0473    34.4577    34.4559    7.95141         28 0.0000e+00
     86.000     85.141     0.4235  29.029487     0.4216  29.027044     5.4168     5.4691     0.0923    89.9942 1.0000e-12  -64.78200  -63.03347 348.182559      99.97 0.0000e+00    513.057      12314  1028.0551  1028.0545    34.4591    34.4581    7.95250         29 0.0000e+00
     87.000     86.130     0.4211  29.027987     0.4192  29.025481     5.4093     5.4681     0.0875    89.9799 1.0000e-12  -64.78200  -63.03346 348.182572      99.97 0.0000e+00    514.244      12343  1028.0603  1028.0594    34.4593    34.4581    7.95300         29 0.0000e+00
     88.000     87.120     0.4137  29.022805     0.4134  29.021448     5.3999     5.4630     0.0872    89.9643 1.0000e-12  -64.78200  -63.03348 348.182586      99.97 0.0000e+00    515.434      12371  1028.0662  1028.0651    34.4602    34.4587    7.95447         28 0.0000e+00
     89.000     88.109     0.4115  29.021508     0.4113  29.019978     5.4037     5.4641     0.0837    89.9497 1.0000e-12  -64.78200  -63.03347 348.182600      99.97 0.0000e+00    516.624      12400  1028.0712  1028.0698    34.4603    34.4585    7.95491         29 0.0000e+00
     90.000     89.100     0.4121  29.022299     0.4123  29.021127     5.3686     5.4428     0.0794    89.9385 1.0000e-12  -64.78200  -63.03348 348.182614      99.97 0.0000e+00    517.809      12428  1028.0757  1028.0742    34.4601    34.4583    7.95480         28 0.0000e+00
     91.000     90.089     0.4179  29.027302     0.4201  29.028594     5.3383     5.4190     0.0754    89.9744 1.0000e-12  -64.78200  -63.03348 348.182627      99.97 0.0000e+00    518.997      12457  1028.0795  1028.0786    34.4595    34.4587    7.95363         29 0.0000e+00
     92.000     91.080     0.4512  29.060366     0.4526  29.061150     5.3186     5.4002     0.0729    89.9569 1.0000e-12  -64.78200  -63.03348 348.182641      99.97 0.0000e+00    520.183      12485  1028.0855  1028.0852    34.4650    34.4645    7.94648         28 0.0000e+00
     93.000     92.069     0.4689  29.079542     0.4644  29.074188     5.3075     5.3848     0.0671    89.9790 1.0000e-12  -64.78200  -63.03348 348.182655      99.97 0.0000e+00    521.361      12514  1028.0928  1028.0915    34.4698    34.4678    7.94258         28 0.0000e+00
     94.000     93.057     0.4764  29.087397     0.4767  29.086188     5.2855     5.3696     0.0785    89.9798 1.0000e-12  -64.78200  -63.03348 348.182668      99.97 0.0000e+00    522.554      12542  1028.0981  1028.0966    34.4710    34.4691    7.94096         29 0.0000e+00
     95.000     94.050     0.4837  29.096087     0.4844  29.095601     5.2507     5.3435     0.0663    89.9295 1.0000e-12  -64.78200  -63.03348 348.182682      99.97 0.0000e+00    523.742      12571  1028.1045  1028.1034    34.4736    34.4723    7.93932         29 0.0000e+00
     96.000     95.038     0.5070  29.118178     0.5105  29.120254     5.2083     5.3221     0.0663    89.9666 1.0000e-12  -64.78200  -63.03348 348.182696      99.97 0.0000e+00    524.926      12599  1028.1091  1028.1079    34.4759    34.4748    7.93441         28 0.0000e+00
     97.000     96.028     0.5337  29.144821     0.5378  29.148531     5.2031     5.3060     0.0658    89.9441 1.0000e-12  -64.78200  -63.03348 348.182709      99.97 0.0000e+00    526.098      12627  1028.1155  1028.1153    34.4804    34.4806    7.92870         28 0.0000e+00
     98.000     97.018     0.5515  29.165110     0.5508  29.163026     5.2120     5.3006     0.0624    89.9943 1.0000e-12  -64.78200  -63.03348 348.182723      99.97 0.0000e+00    527.266      12655  1028.1237  1028.1222    34.4864    34.4844    7.92472         28 0.0000e+00
     99.000     98.008     0.5565  29.171043     0.5566  29.169939     5.2147     5.2975     0.0530    90.0075 1.0000e-12  -64.78200  -63.03348 348.182737      99.97 0.0000e+00    528.440      12684  1028.1296  1028.1284    34.4879    34.4863    7.92361         28 0.0000e+00
    100.000     98.997     0.5580  29.173393     0.5582  29.172414     5.2189     5.2963     0.0609    90.0197 1.0000e-12  -64.78200  -63.03348 348.182750      99.97 0.0000e+00    529.621      12712  1028.1352  1028.1340    34.4888    34.4873    7.92326         29 0.0000e+00
    101.000     99.987     0.5582  29.174504     0.5582  29.173082     5.2302     5.2971     0.0523    90.0250 1.0000e-12  -64.78200  -63.03348 348.182764      99.97 0.0000e+00    530.814      12741  1028.1407  1028.1392    34.4894    34.4876    7.92319         29 0.0000e+00
    102.000    100.977     0.5581  29.174599     0.5580  29.173125     5.2327     5.3003     0.0362    90.0403 1.0000e-12  -64.78200  -63.03348 348.182778      99.97 0.0000e+00    532.002      12769  1028.1453  1028.1439    34.4890    34.4872    7.92322         28 0.0000e+00
    103.000    101.966     0.5567  29.174040     0.5572  29.173232     5.2382     5.3062     0.0407    90.0278 1.0000e-12  -64.78200  -63.03348 348.182791      99.97 0.0000e+00    533.179      12797  1028.1506  1028.1492    34.4893    34.4876    7.92351         28 0.0000e+00
    104.000    102.956     0.5562  29.173990     0.5566  29.173267     5.2479     5.3035     0.0436    90.0269 1.0000e-12  -64.78200  -63.03348 348.182805      99.97 0.0000e+00    534.359      12826  1028.1554  1028.1543    34.4891    34.4878    7.92360         29 0.0000e+00
    105.000    103.946     0.5489  29.168518     0.5499  29.167996     5.2517     5.3015     0.0436    90.0579 1.0000e-12  -64.78200  -63.03348 348.182819      99.97 0.0000e+00    535.533      12854  1028.1612  1028.1597    34.4895    34.4877    7.92507         27 0.0000e+00
    106.000    104.935     0.5443  29.164781     0.5452  29.164062     5.2742     5.3164     0.0436    90.0633 1.0000e-12  -64.78200  -63.03348 348.182832      59.35 0.0000e+00    536.706      12882  1028.1662  1028.1646    34.4892    34.4873    7.92604         29 0.0000e+00
    107.000    105.925     0.5276  29.152743     0.5269  29.150752     5.2892     5.3328     0.0371    90.0380 1.0000e-12  -64.78200  -63.03348 348.182846      99.67 0.0000e+00    537.887      12910  1028.1743  1028.1730    34.4915    34.4897    7.92933         28 0.0000e+00
    108.000    106.915     0.5079  29.133910     0.5073  29.132300     5.3063     5.3462     0.0495    90.0586 1.0000e-12  -64.78200  -63.03348 348.182860      99.97 0.0000e+00    539.073      12939  1028.1782  1028.1770    34.4883    34.4868    7.93355         29 0.0000e+00
    109.000    107.905     0.4900  29.117722     0.4904  29.116822     5.3159     5.3530     0.0365    90.0238 1.0000e-12  -64.78200  -63.03348 348.182873      99.97 0.0000e+00    540.248      12967  1028.1830  1028.1817    34.4866    34.4849    7.93732         28 0.0000e+00
    110.000    108.894     0.4822  29.112013     0.4796  29.108614     5.3106     5.3627     0.0373    90.0909 1.0000e-12  -64.78200  -63.03348 348.182887      99.97 0.0000e+00    541.434      12995  1028.1889  1028.1878    34.4872    34.4856    7.93889         28 0.0000e+00
    111.000    109.884     0.4726  29.103162     0.4730  29.102259     5.3015     5.3550     0.0417    90.0526 1.0000e-12  -64.78200  -63.03348 348.182900      99.97 0.0000e+00    542.600      13023  1028.1930  1028.1917    34.4857    34.4841    7.94093         28 0.0000e+00
    112.000    110.874     0.4733  29.104992     0.4741  29.104364     5.2885     5.3505     0.0362    90.0553 1.0000e-12  -64.78200  -63.03348 348.182914      99.97 0.0000e+00    543.763      13051  1028.1984  1028.1968    34.4867    34.4850    7.94073         28 0.0000e+00
    113.000    111.863     0.4812  29.112429     0.4823  29.112208     5.2736     5.3377     0.0390    90.0430 1.0000e-12  -64.78200  -63.03348 348.182928      99.97 0.0000e+00    544.941      13080  1028.2025  1028.2012    34.4870    34.4855    7.93909         29 0.0000e+00
    114.000    112.853     0.4916  29.124526     0.4911  29.122945     5.2756     5.3379     0.0401    90.0533 1.0000e-12  -64.78200  -63.03348 348.182941      99.97 0.0000e+00    546.131      13108  1028.2091  1028.2080    34.4906    34.4891    7.93676         28 0.0000e+00
    115.000    113.843     0.4886  29.123153     0.4884  29.121489     5.3050     5.3507     0.0359    90.0432 1.0000e-12  -64.78200  -63.03348 348.182955      99.97 0.0000e+00    547.320      13137  1028.2149  1028.2133    34.4916    34.4896    7.93733         28 0.0000e+00
    116.000    114.832     0.4704  29.108656     0.4679  29.105422     5.3373     5.3631     0.0402    90.0311 1.0000e-12  -64.78200  -63.03348 348.182969      99.97 0.0000e+00    548.501      13165  1028.2218  1028.2209    34.4924    34.4910    7.94101         28 0.0000e+00
    117.000    115.823     0.4505  29.091089     0.4487  29.088344     5.3424     5.3671     0.0387    90.0241 1.0000e-12  -64.78200  -63.03348 348.182982      99.97 0.0000e+00    549.675      13193  1028.2271  1028.2260    34.4910    34.4895    7.94518         29 0.0000e+00
