NBP2113_155081_ctd/data/dnbp2113_069.cnv
* Sea-Bird SBE 9 Data File:
* FileName = D:\Data\raw\NBP2113_069.hex
* Software Version Seasave V 7.26.7.121
* Temperature SN = 2438
* Conductivity SN = 2067
* Number of Bytes Per Scan = 40
* Number of Voltage Words = 5
* Number of Scans Averaged by the Deck Unit = 1
* NMEA Latitude = 63 45.12 S
* NMEA Longitude = 061 34.51 W
* NMEA UTC (Time) = Dec 15 2021  06:13:07
* NMEA baud rate = 9600
** Ship: RVIB N.B. Palmer
** Cruise: NBP2113 LTER
** Station: 788.019
** Operator: B. Urmston
# nquan = 25
# nvalues = 585                         
# units = specified
# name 0 = prDM: Pressure, Digiquartz [db]
# name 1 = depSM: Depth [salt water, m]
# name 2 = t090C: Temperature [ITS-90, deg C]
# name 3 = c0mS/cm: Conductivity [mS/cm]
# name 4 = t190C: Temperature, 2 [ITS-90, deg C]
# name 5 = c1mS/cm: Conductivity, 2 [mS/cm]
# name 6 = sbeox0ML/L: Oxygen, SBE 43 [ml/l]
# name 7 = sbeox1ML/L: Oxygen, SBE 43, 2 [ml/l]
# name 8 = flECO-AFL: Fluorescence, WET Labs ECO-AFL/FL [mg/m^3]
# name 9 = CStarTr0: Beam Transmission, WET Labs C-Star [%]
# name 10 = par: PAR/Irradiance, Biospherical/Licor
# name 11 = latitude: Latitude [deg]
# name 12 = longitude: Longitude [deg]
# name 13 = timeJ: Julian Days
# name 14 = altM: Altimeter [m]
# name 15 = spar: SPAR, Biospherical/Licor
# name 16 = timeS: Time, Elapsed [seconds]
# name 17 = scan: Scan Count
# name 18 = density00: Density [density, kg/m^3]
# name 19 = density11: Density, 2 [density, kg/m^3]
# name 20 = sal00: Salinity, Practical [PSU]
# name 21 = sal11: Salinity, Practical, 2 [PSU]
# name 22 = oxsolML/L: Oxygen Saturation, Garcia & Gordon [ml/l]
# name 23 = nbin: number of scans per bin
# name 24 = flag: flag
# span 0 =      4.000,    588.000       
# span 1 =      3.965,    581.461       
# span 2 =    -0.6570,     0.3781       
# span 3 =  28.245708,  28.639358       
# span 4 =    -0.6568,     0.3724       
# span 5 =  28.244446,  28.633981       
# span 6 =     6.0279,     7.5680       
# span 7 =     6.0917,     7.6147       
# span 8 =    -0.0296,     1.8456       
# span 9 =    82.5033,    90.4481       
# span 10 = 1.0000e-12, 3.7398e+00      
# span 11 =  -63.75190,  -63.75144      
# span 12 =  -61.57544,  -61.57533      
# span 13 = 349.262050, 349.273168      
# span 14 =     -32.06,     100.45      
# span 15 = 1.7629e+00, 5.2902e+00      
# span 16 =    254.081,   1214.701      
# span 17 =       6099,      29154      
# span 18 =  1027.3397,  1030.5459      
# span 19 =  1027.3349,  1030.5445      
# span 20 =    34.0467,    34.5270      
# span 21 =    34.0442,    34.5254      
# span 22 =    7.98483,    8.17925      
# span 23 =          9,         45      
# span 24 = 0.0000e+00, 0.0000e+00      
# interval = decibars: 1                
# start_time = Dec 15 2021 06:13:07 [NMEA time, header]
# bad_flag = -9.990e-29
*END*
[from data line 522]
    526.000    520.230    -0.5748  28.426262    -0.5749  28.425036     6.0839     6.1366    -0.0145    90.3821 1.0000e-12  -63.75144  -61.57542 349.271634      72.50 5.2886e+00   1082.197      25974  1030.2478  1030.2466    34.5187    34.5171    8.15932         31 0.0000e+00
    527.000    521.217    -0.5746  28.426906    -0.5748  28.425645     6.0874     6.1308    -0.0193    90.4297 1.0000e-12  -63.75144  -61.57542 349.271648      71.64 5.2886e+00   1083.408      26003  1030.2526  1030.2514    34.5188    34.5173    8.15928         27 0.0000e+00
    528.000    522.203    -0.5745  28.427378    -0.5747  28.426178     6.0884     6.1330    -0.0170    90.4165 1.0000e-12  -63.75144  -61.57542 349.271661      70.73 5.2886e+00   1084.516      26029  1030.2573  1030.2562    34.5187    34.5173    8.15927         25 0.0000e+00
    529.000    523.195    -0.5744  28.428026    -0.5746  28.426803     6.0861     6.1354    -0.0187    90.4080 1.0000e-12  -63.75144  -61.57542 349.271673      69.50 5.2886e+00   1085.534      26054  1030.2621  1030.2610    34.5188    34.5174    8.15923         24 0.0000e+00
    530.000    524.181    -0.5743  28.428563    -0.5746  28.427283     6.0816     6.1330    -0.0223    90.4324 1.0000e-12  -63.75144  -61.57542 349.271684      68.63 5.2886e+00   1086.505      26077  1030.2669  1030.2657    34.5189    34.5174    8.15922         24 0.0000e+00
    531.000    525.169    -0.5744  28.428861    -0.5746  28.427603     6.0777     6.1390    -0.0213    90.4182 1.0000e-12  -63.75144  -61.57542 349.271696      67.44 5.2886e+00   1087.546      26102  1030.2715  1030.2704    34.5188    34.5173    8.15924         27 0.0000e+00
    532.000    526.154    -0.5747  28.429128    -0.5745  28.428007     6.0775     6.1375    -0.0118    90.4037 1.0000e-12  -63.75144  -61.57542 349.271716      66.45 5.2886e+00   1089.291      26144  1030.2764  1030.2750    34.5188    34.5171    8.15929         34 0.0000e+00
    533.000    527.143    -0.5743  28.429808    -0.5743  28.428643     6.0842     6.1287    -0.0150    90.4159 1.0000e-12  -63.75144  -61.57542 349.271741      65.52 5.2886e+00   1091.437      26195  1030.2809  1030.2798    34.5187    34.5172    8.15922         32 0.0000e+00
    534.000    528.132    -0.5743  28.430309    -0.5744  28.429151     6.0792     6.1365    -0.0214    90.3550 1.0000e-12  -63.75144  -61.57542 349.271756      64.57 5.2886e+00   1092.680      26225  1030.2858  1030.2846    34.5188    34.5173    8.15922         27 0.0000e+00
    535.000    529.119    -0.5744  28.430649    -0.5744  28.429553     6.0775     6.1363    -0.0151    90.4105 1.0000e-12  -63.75144  -61.57542 349.271769      63.39 5.2886e+00   1093.815      26253  1030.2904  1030.2893    34.5187    34.5173    8.15923         29 0.0000e+00
    536.000    530.107    -0.5745  28.431151    -0.5744  28.429937     6.0691     6.1288    -0.0150    90.4067 1.0000e-12  -63.75144  -61.57542 349.271786      62.29 5.2886e+00   1095.284      26288  1030.2954  1030.2940    34.5189    34.5172    8.15925         41 0.0000e+00
    537.000    531.094    -0.5743  28.431611    -0.5743  28.430402     6.0837     6.1311    -0.0216    90.4231 1.0000e-12  -63.75146  -61.57542 349.271806      61.13 5.1263e+00   1097.022      26330  1030.2999  1030.2986    34.5187    34.5171    8.15922         33 0.0000e+00
    538.000    532.082    -0.5741  28.432213    -0.5742  28.431031     6.0805     6.1314    -0.0217    90.4002 1.0000e-12  -63.75144  -61.57542 349.271819      60.34 4.8875e+00   1098.148      26357  1030.3046  1030.3035    34.5187    34.5172    8.15918         22 0.0000e+00
    539.000    533.069    -0.5739  28.432920    -0.5740  28.431740     6.0785     6.1283    -0.0220    90.3910 1.0000e-12  -63.75144  -61.57542 349.271829      59.44 3.8844e+00   1099.016      26377  1030.3094  1030.3083    34.5188    34.5174    8.15912         20 0.0000e+00
    540.000    534.058    -0.5738  28.433501    -0.5739  28.432264     6.0795     6.1306    -0.0128    90.3909 1.0000e-12  -63.75144  -61.57542 349.271838      58.41 3.8209e+00   1099.795      26396  1030.3142  1030.3130    34.5189    34.5173    8.15910         18 0.0000e+00
    541.000    535.046    -0.5738  28.433954    -0.5739  28.432785     6.0745     6.1344    -0.0126    90.3899 1.0000e-12  -63.75144  -61.57542 349.271848      57.30 3.5372e+00   1100.654      26417  1030.3190  1030.3178    34.5189    34.5174    8.15910         24 0.0000e+00
    542.000    536.033    -0.5740  28.434389    -0.5738  28.433242     6.0773     6.1282    -0.0186    90.3948 1.0000e-12  -63.75144  -61.57542 349.271874      56.06 3.5258e+00   1102.942      26472  1030.3239  1030.3224    34.5191    34.5174    8.15913         26 0.0000e+00
    543.000    537.020    -0.5736  28.435104    -0.5736  28.433858     6.0792     6.1251    -0.0078    90.3756 1.0000e-12  -63.75145  -61.57542 349.271908      55.07 3.5258e+00   1105.836      26541  1030.3285  1030.3272    34.5190    34.5174    8.15905         35 0.0000e+00
    544.000    538.009    -0.5732  28.436097    -0.5733  28.434880     6.0816     6.1315    -0.0151    90.3786 1.0000e-12  -63.75146  -61.57542 349.271922      54.14 3.5258e+00   1107.061      26570  1030.3334  1030.3322    34.5193    34.5178    8.15895         27 0.0000e+00
    545.000    538.995    -0.5728  28.437057    -0.5731  28.435671     6.0740     6.1306    -0.0147    90.4002 1.0000e-12  -63.75146  -61.57542 349.271934      53.13 3.5258e+00   1108.127      26596  1030.3383  1030.3371    34.5195    34.5180    8.15885         25 0.0000e+00
    546.000    539.985    -0.5726  28.437833    -0.5727  28.436635     6.0610     6.1233    -0.0144    90.4142 1.0000e-12  -63.75146  -61.57542 349.271946      52.28 3.5258e+00   1109.109      26620  1030.3432  1030.3420    34.5197    34.5182    8.15879         23 0.0000e+00
    547.000    540.972    -0.5721  28.438844    -0.5723  28.437665     6.0712     6.1213     0.0005    90.3708 1.0000e-12  -63.75146  -61.57542 349.271957      51.14 3.5258e+00   1110.083      26643  1030.3481  1030.3470    34.5199    34.5186    8.15868         23 0.0000e+00
    548.000    541.959    -0.5719  28.440042    -0.5720  28.438856     6.0715     6.1254    -0.0191    90.3436 1.0000e-12  -63.75146  -61.57542 349.271969      50.06 3.5258e+00   1111.082      26667  1030.3533  1030.3522    34.5207    34.5192    8.15858         25 0.0000e+00
    549.000    542.947    -0.5720  28.440272    -0.5721  28.438997     6.0642     6.1286    -0.0211    90.3825 1.0000e-12  -63.75146  -61.57542 349.271981      48.91 3.5258e+00   1112.186      26693  1030.3580  1030.3567    34.5206    34.5190    8.15862         30 0.0000e+00
    550.000    543.935    -0.5720  28.440898    -0.5719  28.439621     6.0734     6.1277    -0.0166    90.3869 1.0000e-12  -63.75144  -61.57542 349.272002      47.90 3.5258e+00   1113.933      26735  1030.3629  1030.3614    34.5208    34.5190    8.15861         39 0.0000e+00
    551.000    544.921    -0.5721  28.440873    -0.5722  28.439617     6.0805     6.1233    -0.0194    90.3878 1.0000e-12  -63.75146  -61.57542 349.272030      46.94 3.5258e+00   1116.387      26794  1030.3672  1030.3660    34.5203    34.5187    8.15866         33 0.0000e+00
    552.000    545.910    -0.5729  28.440013    -0.5729  28.438861     6.0748     6.1229    -0.0080    90.3950 1.0000e-12  -63.75146  -61.57542 349.272045      46.09 3.5258e+00   1117.720      26826  1030.3713  1030.3701    34.5194    34.5179    8.15887         26 0.0000e+00
    553.000    546.898    -0.5722  28.441406    -0.5724  28.440130     6.0749     6.1282    -0.0068    90.4049 1.0000e-12  -63.75146  -61.57542 349.272058      45.07 3.5258e+00   1118.780      26852  1030.3764  1030.3752    34.5199    34.5184    8.15870         26 0.0000e+00
    554.000    547.885    -0.5728  28.441074    -0.5728  28.439909     6.0743     6.1330    -0.0188    90.3721 1.0000e-12  -63.75146  -61.57542 349.272071      43.84 3.5258e+00   1119.949      26880  1030.3809  1030.3797    34.5196    34.5180    8.15885         33 0.0000e+00
    555.000    548.873    -0.5730  28.441360    -0.5728  28.440297     6.0786     6.1299    -0.0150    90.3704 1.0000e-12  -63.75146  -61.57543 349.272091      42.70 3.5258e+00   1121.686      26921  1030.3856  1030.3843    34.5196    34.5179    8.15889         40 0.0000e+00
    556.000    549.860    -0.5727  28.442022    -0.5726  28.441033     6.0659     6.1284    -0.0141    90.3899 1.0000e-12  -63.75146  -61.57542 349.272110      41.79 3.5258e+00   1123.319      26961  1030.3903  1030.3891    34.5195    34.5180    8.15883         32 0.0000e+00
    557.000    550.848    -0.5724  28.442997    -0.5725  28.441806     6.0603     6.1283    -0.0087    90.3989 1.0000e-12  -63.75146  -61.57542 349.272124      40.79 3.5258e+00   1124.547      26990  1030.3953  1030.3941    34.5199    34.5183    8.15875         29 0.0000e+00
    558.000    551.837    -0.5725  28.443484    -0.5723  28.442471     6.0675     6.1310    -0.0172    90.3585 1.0000e-12  -63.75146  -61.57542 349.272140      39.75 3.5258e+00   1125.903      27023  1030.4002  1030.3989    34.5200    34.5184    8.15875         36 0.0000e+00
    559.000    552.824    -0.5724  28.444024    -0.5722  28.442975     6.0692     6.1268    -0.0223    90.3582 1.0000e-12  -63.75144  -61.57542 349.272172      38.66 3.5258e+00   1128.645      27088  1030.4049  1030.4036    34.5201    34.5185    8.15874         37 0.0000e+00
    560.000    553.811    -0.5722  28.444529    -0.5723  28.443288     6.0766     6.1228    -0.0146    90.3747 1.0000e-12  -63.75146  -61.57543 349.272193      37.85 3.5258e+00   1130.498      27133  1030.4095  1030.4083    34.5199    34.5184    8.15870         29 0.0000e+00
    561.000    554.798    -0.5721  28.445172    -0.5722  28.443864     6.0791     6.1273    -0.0066    90.3958 1.0000e-12  -63.75146  -61.57543 349.272208      36.76 3.5258e+00   1131.757      27163  1030.4143  1030.4130    34.5201    34.5184    8.15867         30 0.0000e+00
    562.000    555.787    -0.5726  28.444949    -0.5726  28.443744     6.0751     6.1249    -0.0174    90.3515 1.0000e-12  -63.75146  -61.57542 349.272225      35.65 3.5258e+00   1133.207      27198  1030.4189  1030.4175    34.5197    34.5181    8.15879         32 0.0000e+00
    563.000    556.774    -0.5726  28.445361    -0.5723  28.444569     6.0721     6.1250    -0.0107    90.3763 1.0000e-12  -63.75145  -61.57542 349.272250      34.70 3.5258e+00   1135.424      27251  1030.4236  1030.4224    34.5197    34.5183    8.15880         45 0.0000e+00
    564.000    557.762    -0.5717  28.446842    -0.5720  28.445232     6.0566     6.1221    -0.0147    90.3822 1.0000e-12  -63.75146  -61.57542 349.272271      33.59 3.5258e+00   1137.248      27295  1030.4284  1030.4271    34.5200    34.5182    8.15858         35 0.0000e+00
    565.000    558.749    -0.5700  28.449683    -0.5703  28.448276     6.0603     6.1208    -0.0218    90.4135 1.0000e-12  -63.75146  -61.57542 349.272286      32.77 3.5258e+00   1138.471      27324  1030.4341  1030.4329    34.5213    34.5198    8.15814         26 0.0000e+00
    566.000    559.738    -0.5689  28.451565    -0.5686  28.450877     6.0636     6.1238    -0.0155    90.3916 1.0000e-12  -63.75146  -61.57542 349.272298      31.76 3.5258e+00   1139.552      27350  1030.4393  1030.4382    34.5220    34.5207    8.15786         27 0.0000e+00
    567.000    560.725    -0.5679  28.453376    -0.5677  28.452376     6.0516     6.1129    -0.0145    90.3593 1.0000e-12  -63.75146  -61.57542 349.272332      30.58 3.1864e+00   1142.513      27421  1030.4445  1030.4432    34.5227    34.5212    8.15761         41 0.0000e+00
    568.000    561.712    -0.5653  28.456299    -0.5643  28.456387     6.0457     6.0994    -0.0150    90.3490 1.0000e-12  -63.75146  -61.57542 349.272365      29.74 2.2756e+00   1145.320      27489  1030.4493  1030.4484    34.5231    34.5220    8.15703         26 0.0000e+00
    569.000    562.701    -0.5619  28.461202    -0.5617  28.460332     6.0417     6.0980    -0.0224    90.3566 1.0000e-12  -63.75146  -61.57542 349.272376      28.87 1.7632e+00   1146.270      27511  1030.4554  1030.4544    34.5252    34.5239    8.15617         24 0.0000e+00
    570.000    563.687    -0.5614  28.462301    -0.5615  28.461065     6.0447     6.1005    -0.0200    90.3164 1.0000e-12  -63.75146  -61.57542 349.272389      27.64 1.7629e+00   1147.397      27539  1030.4604  1030.4592    34.5255    34.5240    8.15604         32 0.0000e+00
    571.000    564.676    -0.5616  28.462535    -0.5616  28.461251     6.0387     6.1015    -0.0171    90.3336 1.0000e-12  -63.75146  -61.57542 349.272416      26.51 1.7629e+00   1149.722      27594  1030.4652  1030.4638    34.5255    34.5238    8.15610         41 0.0000e+00
    572.000    565.662    -0.5613  28.463245    -0.5612  28.462011     6.0461     6.1006    -0.0158    90.3351 1.0000e-12  -63.75146  -61.57542 349.272439      25.57 1.7629e+00   1151.697      27642  1030.4699  1030.4685    34.5255    34.5237    8.15604         36 0.0000e+00
    573.000    566.651    -0.5613  28.463691    -0.5612  28.462453     6.0479     6.1026    -0.0199    90.3371 1.0000e-12  -63.75146  -61.57543 349.272487      24.54 1.7629e+00   1155.846      27741  1030.4746  1030.4733    34.5254    34.5237    8.15603         33 0.0000e+00
    574.000    567.637    -0.5614  28.463919    -0.5614  28.462744     6.0464     6.1024    -0.0148    90.2974 1.0000e-12  -63.75146  -61.57542 349.272522      23.59 1.7629e+00   1158.896      27814  1030.4792  1030.4780    34.5252    34.5237    8.15606         38 0.0000e+00
    575.000    568.625    -0.5618  28.463913    -0.5621  28.462445     6.0425     6.1064    -0.0150    90.3375 1.0000e-12  -63.75146  -61.57543 349.272541      22.50 1.7629e+00   1160.557      27854  1030.4840  1030.4826    34.5252    34.5235    8.15616         41 0.0000e+00
    576.000    569.613    -0.5616  28.464626    -0.5617  28.463255     6.0421     6.1062    -0.0183    90.3394 1.0000e-12  -63.75145  -61.57544 349.272577      21.42 1.7629e+00   1163.689      27930  1030.4888  1030.4873    34.5253    34.5235    8.15611         29 0.0000e+00
    577.000    570.599    -0.5605  28.466153    -0.5606  28.464864     6.0403     6.1022    -0.0170    90.3629 1.0000e-12  -63.75146  -61.57542 349.272623      20.44 1.7629e+00   1167.634      28024  1030.4936  1030.4923    34.5255    34.5238    8.15587         44 0.0000e+00
    578.000    571.588    -0.5611  28.466030    -0.5610  28.464811     6.0462     6.1005    -0.0168    90.3500 1.0000e-12  -63.75146  -61.57544 349.272646      19.52 1.7629e+00   1169.652      28073  1030.4982  1030.4969    34.5253    34.5237    8.15599         33 0.0000e+00
    579.000    572.575    -0.5610  28.466601    -0.5609  28.465357     6.0518     6.1001    -0.0065    90.3440 1.0000e-12  -63.75145  -61.57543 349.272701      18.39 1.7629e+00   1174.356      28186  1030.5030  1030.5016    34.5254    34.5237    8.15596         37 0.0000e+00
    580.000    573.561    -0.5612  28.466744    -0.5612  28.465433     6.0462     6.1008    -0.0167    90.3267 1.0000e-12  -63.75144  -61.57542 349.272740      17.47 1.7629e+00   1177.717      28266  1030.5076  1030.5063    34.5253    34.5236    8.15602         38 0.0000e+00
    581.000    574.550    -0.5607  28.467837    -0.5606  28.466532     6.0439     6.0989    -0.0061    90.3457 1.0000e-12  -63.75144  -61.57542 349.272785      16.43 1.7629e+00   1181.596      28359  1030.5125  1030.5111    34.5255    34.5237    8.15589         37 0.0000e+00
    582.000    575.538    -0.5596  28.469257    -0.5597  28.467928     6.0384     6.1004    -0.0098    90.3396 1.0000e-12  -63.75144  -61.57542 349.272808      15.53 1.7629e+00   1183.637      28408  1030.5172  1030.5159    34.5256    34.5239    8.15565         36 0.0000e+00
