NBP2113_155081_ctd/data/dnbp2113_013.cnv
* Sea-Bird SBE 9 Data File:
* FileName = D:\Data\raw\NBP2113_013.hex
* Software Version Seasave V 7.26.7.121
* Temperature SN = 2438
* Conductivity SN = 2067
* Number of Bytes Per Scan = 40
* Number of Voltage Words = 5
* Number of Scans Averaged by the Deck Unit = 1
* NMEA Latitude = 65 13.99 S
* NMEA Longitude = 066 46.43 W
* NMEA UTC (Time) = Nov 27 2021  04:09:52
* NMEA baud rate = 9600
** Ship: RVIB N.B. Palmer
** Cruise: NBP2113 LTER
** Station: 500.100
** Operator: B. Urmston
# nquan = 25
# nvalues = 430                         
# units = specified
# name 0 = prDM: Pressure, Digiquartz [db]
# name 1 = depSM: Depth [salt water, m]
# name 2 = t090C: Temperature [ITS-90, deg C]
# name 3 = c0mS/cm: Conductivity [mS/cm]
# name 4 = t190C: Temperature, 2 [ITS-90, deg C]
# name 5 = c1mS/cm: Conductivity, 2 [mS/cm]
# name 6 = sbeox0ML/L: Oxygen, SBE 43 [ml/l]
# name 7 = sbeox1ML/L: Oxygen, SBE 43, 2 [ml/l]
# name 8 = flECO-AFL: Fluorescence, WET Labs ECO-AFL/FL [mg/m^3]
# name 9 = CStarTr0: Beam Transmission, WET Labs C-Star [%]
# name 10 = par: PAR/Irradiance, Biospherical/Licor
# name 11 = latitude: Latitude [deg]
# name 12 = longitude: Longitude [deg]
# name 13 = timeJ: Julian Days
# name 14 = altM: Altimeter [m]
# name 15 = spar: SPAR, Biospherical/Licor
# name 16 = timeS: Time, Elapsed [seconds]
# name 17 = scan: Scan Count
# name 18 = density00: Density [density, kg/m^3]
# name 19 = density11: Density, 2 [density, kg/m^3]
# name 20 = sal00: Salinity, Practical [PSU]
# name 21 = sal11: Salinity, Practical, 2 [PSU]
# name 22 = oxsolML/L: Oxygen Saturation, Garcia & Gordon [ml/l]
# name 23 = nbin: number of scans per bin
# name 24 = flag: flag
# span 0 =      4.000,    433.000       
# span 1 =      3.961,    428.300       
# span 2 =    -0.6342,     1.5349       
# span 3 =  27.803952,  30.327301       
# span 4 =    -0.6332,     1.5349       
# span 5 =  27.803014,  30.326560       
# span 6 =     4.1589,     8.6523       
# span 7 =     4.1218,     8.2409       
# span 8 =    -0.0176,     2.0389       
# span 9 =    87.5796,    97.7794       
# span 10 = 1.0000e-12, 3.8911e-01      
# span 11 =  -65.23322,  -65.23310      
# span 12 =  -66.77565,  -66.77434      
# span 13 = 331.176039, 331.185519      
# span 14 =       6.10,     101.52      
# span 15 = 0.0000e+00, 0.0000e+00      
# span 16 =    217.782,   1036.818      
# span 17 =       5228,      24885      
# span 18 =  1027.3161,  1029.8104      
# span 19 =  1027.3134,  1029.8094      
# span 20 =    33.9697,    34.7091      
# span 21 =    33.9672,    34.7079      
# span 22 =    7.71619,    8.19759      
# span 23 =         11,         47      
# span 24 = 0.0000e+00, 0.0000e+00      
# interval = decibars: 1                
# start_time = Nov 27 2021 04:09:52 [NMEA time, header]
# bad_flag = -9.990e-29
*END*
[from data line 406]
    410.000    405.572     1.5209  30.315275     1.5212  30.314453     4.1641     4.1524    -0.0085    97.6786 1.0000e-12  -65.23312  -66.77549 331.184520      29.85 0.0000e+00    950.568      22815  1029.7030  1029.7018    34.7089    34.7075    7.71864         43 0.0000e+00
    411.000    406.561     1.5211  30.315819     1.5211  30.314738     4.1641     4.1469    -0.0016    97.6929 1.0000e-12  -65.23311  -66.77550 331.184549      28.85 0.0000e+00    953.067      22875  1029.7075  1029.7065    34.7089    34.7074    7.71861         45 0.0000e+00
    412.000    407.548     1.5209  30.316089     1.5211  30.315058     4.1611     4.1495    -0.0033    97.6779 1.0000e-12  -65.23310  -66.77552 331.184571      27.88 0.0000e+00    954.921      22919  1029.7122  1029.7111    34.7088    34.7073    7.71864         38 0.0000e+00
    413.000    408.534     1.5220  30.317692     1.5221  30.316696     4.1696     4.1506    -0.0073    97.6935 1.0000e-12  -65.23310  -66.77552 331.184591      26.85 0.0000e+00    956.641      22960  1029.7170  1029.7158    34.7091    34.7077    7.71842         38 0.0000e+00
    414.000    409.524     1.5220  30.318088     1.5221  30.317127     4.1726     4.1454    -0.0025    97.6903 1.0000e-12  -65.23310  -66.77552 331.184627      25.73 0.0000e+00    959.811      23036  1029.7217  1029.7206    34.7090    34.7077    7.71842         38 0.0000e+00
    415.000    410.513     1.5218  30.318341     1.5218  30.317366     4.1655     4.1460    -0.0068    97.7039 1.0000e-12  -65.23310  -66.77550 331.184646      24.95 0.0000e+00    961.428      23075  1029.7263  1029.7253    34.7090    34.7077    7.71846         31 0.0000e+00
    416.000    411.502     1.5223  30.319259     1.5221  30.318031     4.1626     4.1493    -0.0107    97.6976 1.0000e-12  -65.23310  -66.77550 331.184660      23.91 0.0000e+00    962.608      23104  1029.7310  1029.7299    34.7090    34.7076    7.71836         28 0.0000e+00
    417.000    412.490     1.5223  30.319723     1.5225  30.318839     4.1615     4.1503    -0.0116    97.6880 1.0000e-12  -65.23310  -66.77551 331.184697      22.75 0.0000e+00    965.817      23181  1029.7357  1029.7346    34.7091    34.7077    7.71836         34 0.0000e+00
    418.000    413.478     1.5230  30.320773     1.5229  30.319681     4.1636     4.1488    -0.0016    97.6626 1.0000e-12  -65.23310  -66.77552 331.184750      21.66 0.0000e+00    970.416      23291  1029.7403  1029.7393    34.7091    34.7078    7.71823         25 0.0000e+00
    419.000    414.465     1.5224  30.320611     1.5220  30.319430     4.1664     4.1497    -0.0092    97.6737 1.0000e-12  -65.23310  -66.77552 331.184762      20.81 0.0000e+00    971.429      23315  1029.7450  1029.7441    34.7090    34.7078    7.71835         24 0.0000e+00
    420.000    415.455     1.5227  30.321530     1.5230  30.320780     4.1611     4.1485    -0.0113    97.6757 1.0000e-12  -65.23310  -66.77553 331.184775      19.65 0.0000e+00    972.592      23343  1029.7498  1029.7488    34.7091    34.7079    7.71827         34 0.0000e+00
    421.000    416.442     1.5226  30.321698     1.5227  30.320769     4.1633     4.1475    -0.0069    97.6782 1.0000e-12  -65.23310  -66.77552 331.184865      18.41 0.0000e+00    980.312      23528  1029.7544  1029.7533    34.7090    34.7077    7.71831         32 0.0000e+00
    422.000    417.430     1.5231  30.322731     1.5229  30.321608     4.1666     4.1474    -0.0148    97.6781 1.0000e-12  -65.23312  -66.77552 331.184885      17.54 0.0000e+00    982.083      23571  1029.7591  1029.7581    34.7091    34.7079    7.71820         24 0.0000e+00
    423.000    418.419     1.5219  30.321954     1.5218  30.320942     4.1657     4.1447    -0.0070    97.6781 1.0000e-12  -65.23310  -66.77554 331.184897      16.57 0.0000e+00    983.105      23596  1029.7637  1029.7627    34.7089    34.7077    7.71845         28 0.0000e+00
    424.000    419.406     1.5225  30.322966     1.5224  30.321862     4.1642     4.1513    -0.0036    97.6781 1.0000e-12  -65.23311  -66.77553 331.184957      15.41 0.0000e+00    988.314      23721  1029.7684  1029.7673    34.7090    34.7076    7.71833         30 0.0000e+00
    425.000    420.395     1.5227  30.323608     1.5226  30.322588     4.1644     4.1509    -0.0119    97.6781 1.0000e-12  -65.23312  -66.77552 331.184994      14.47 0.0000e+00    991.444      23796  1029.7731  1029.7721    34.7090    34.7078    7.71829         25 0.0000e+00
    426.000    421.385     1.5226  30.323887     1.5227  30.322990     4.1667     4.1525    -0.0069    97.6754 1.0000e-12  -65.23312  -66.77555 331.185037      13.41 0.0000e+00    995.186      23885  1029.7777  1029.7767    34.7089    34.7076    7.71832         27 0.0000e+00
    427.000    422.371     1.5232  30.325118     1.5231  30.324085     4.1655     4.1468     0.0128    97.6740 1.0000e-12  -65.23312  -66.77556 331.185086      12.55 0.0000e+00    999.397      23987  1029.7825  1029.7816    34.7091    34.7079    7.71817         19 0.0000e+00
    428.000    423.360     1.5229  30.325097     1.5228  30.324080     4.1633     4.1484    -0.0006    97.6689 1.0000e-12  -65.23312  -66.77556 331.185097      11.49 0.0000e+00   1000.359      24010  1029.7871  1029.7861    34.7090    34.7078    7.71826         27 0.0000e+00
    429.000    424.347     1.5227  30.325502     1.5229  30.324458     4.1667     4.1470    -0.0069    97.6560 1.0000e-12  -65.23312  -66.77557 331.185167      10.46 0.0000e+00   1006.460      24156  1029.7918  1029.7907    34.7091    34.7076    7.71828         34 0.0000e+00
    430.000    425.337     1.5223  30.325443     1.5227  30.324695     4.1619     4.1516    -0.0063    97.6649 1.0000e-12  -65.23312  -66.77558 331.185228       9.27 0.0000e+00   1011.675      24281  1029.7965  1029.7953    34.7089    34.7075    7.71837         42 0.0000e+00
    431.000    426.323     1.5222  30.325784     1.5224  30.325043     4.1675     4.1483    -0.0176    97.6698 1.0000e-12  -65.23312  -66.77559 331.185253       8.38 0.0000e+00   1013.838      24333  1029.8011  1029.8001    34.7088    34.7076    7.71839         35 0.0000e+00
    432.000    427.313     1.5228  30.326784     1.5229  30.325972     4.1640     4.1487    -0.0066    97.6776 1.0000e-12  -65.23312  -66.77561 331.185386       7.39 0.0000e+00   1025.334      24609  1029.8058  1029.8048    34.7089    34.7077    7.71828         31 0.0000e+00
    433.000    428.300     1.5229  30.327301     1.5232  30.326560     4.1589     4.1525    -0.0082    97.6782 1.0000e-12  -65.23311  -66.77565 331.185519       6.10 0.0000e+00   1036.818      24885  1029.8104  1029.8094    34.7088    34.7076    7.71825         41 0.0000e+00
