NBP2113_155081_ctd/data/dnbp2113_051.cnv
* Sea-Bird SBE 9 Data File:
* FileName = D:\Data\raw\NBP2113_051.hex
* Software Version Seasave V 7.26.7.121
* Temperature SN = 2438
* Conductivity SN = 2067
* Number of Bytes Per Scan = 40
* Number of Voltage Words = 5
* Number of Scans Averaged by the Deck Unit = 1
* NMEA Latitude = 64 55.61 S
* NMEA Longitude = 064 41.14 W
* NMEA UTC (Time) = Dec 11 2021  14:40:45
* NMEA baud rate = 9600
** Ship: RVIB N.B. Palmer
** Cruise: NBP2113 LTER
** Station: 592.051
** Operator: B. Urmston
# nquan = 25
# nvalues = 867                         
# units = specified
# name 0 = prDM: Pressure, Digiquartz [db]
# name 1 = depSM: Depth [salt water, m]
# name 2 = t090C: Temperature [ITS-90, deg C]
# name 3 = c0mS/cm: Conductivity [mS/cm]
# name 4 = t190C: Temperature, 2 [ITS-90, deg C]
# name 5 = c1mS/cm: Conductivity, 2 [mS/cm]
# name 6 = sbeox0ML/L: Oxygen, SBE 43 [ml/l]
# name 7 = sbeox1ML/L: Oxygen, SBE 43, 2 [ml/l]
# name 8 = flECO-AFL: Fluorescence, WET Labs ECO-AFL/FL [mg/m^3]
# name 9 = CStarTr0: Beam Transmission, WET Labs C-Star [%]
# name 10 = par: PAR/Irradiance, Biospherical/Licor
# name 11 = latitude: Latitude [deg]
# name 12 = longitude: Longitude [deg]
# name 13 = timeJ: Julian Days
# name 14 = altM: Altimeter [m]
# name 15 = spar: SPAR, Biospherical/Licor
# name 16 = timeS: Time, Elapsed [seconds]
# name 17 = scan: Scan Count
# name 18 = density00: Density [density, kg/m^3]
# name 19 = density11: Density, 2 [density, kg/m^3]
# name 20 = sal00: Salinity, Practical [PSU]
# name 21 = sal11: Salinity, Practical, 2 [PSU]
# name 22 = oxsolML/L: Oxygen Saturation, Garcia & Gordon [ml/l]
# name 23 = nbin: number of scans per bin
# name 24 = flag: flag
# span 0 =      4.000,    870.000       
# span 1 =      3.963,    859.797       
# span 2 =    -0.9392,     1.4631       
# span 3 =  27.264566,  30.443423       
# span 4 =    -0.9359,     1.4632       
# span 5 =  27.264695,  30.441672       
# span 6 =     4.0743,     8.1607       
# span 7 =     4.1285,     8.2116       
# span 8 =    -0.0223,     1.5452       
# span 9 =    80.9521,    91.7288       
# span 10 = 1.0000e-12, 3.4845e+02      
# span 11 =  -64.92710,  -64.92654      
# span 12 =  -64.68566,  -64.68490      
# span 13 = 345.614749, 345.632384      
# span 14 =       7.01,     101.29      
# span 15 = 7.1452e+02, 1.0507e+03      
# span 16 =    269.281,   1792.994      
# span 17 =       6464,      43033      
# span 18 =  1027.0324,  1031.8252      
# span 19 =  1027.0303,  1031.8239      
# span 20 =    33.5890,    34.6765      
# span 21 =    33.5865,    34.6750      
# span 22 =    7.73169,    8.28780      
# span 23 =          1,         47      
# span 24 = 0.0000e+00, 0.0000e+00      
# interval = decibars: 1                
# start_time = Dec 11 2021 14:40:45 [NMEA time, header]
# bad_flag = -9.990e-29
*END*
[from data line 464]
    468.000    462.890     1.3847  30.185464     1.3845  30.183981     4.1809     4.2232    -0.0094    91.7058 1.0000e-12  -64.92702  -64.68553 345.624289      99.97 8.5552e+02   1093.607      26248  1029.9475  1029.9462    34.6610    34.6593    7.74794         34 0.0000e+00
    469.000    463.879     1.3856  30.186711     1.3852  30.185224     4.1740     4.2237    -0.0064    91.7218 1.0000e-12  -64.92702  -64.68552 345.624304      99.97 8.5709e+02   1094.845      26277  1029.9521  1029.9511    34.6610    34.6596    7.74776         24 0.0000e+00
    470.000    464.867     1.3861  30.187681     1.3857  30.186340     4.1783     4.2261    -0.0185    91.7288 1.0000e-12  -64.92702  -64.68552 345.624314      99.97 8.5857e+02   1095.737      26299  1029.9569  1029.9559    34.6611    34.6599    7.74766         19 0.0000e+00
    471.000    465.856     1.3867  30.188807     1.3863  30.187482     4.1776     4.2253    -0.0201    91.7250 1.0000e-12  -64.92702  -64.68552 345.624322      99.97 8.5852e+02   1096.449      26316  1029.9616  1029.9607    34.6613    34.6601    7.74752         16 0.0000e+00
    472.000    466.840     1.3873  30.189859     1.3868  30.188417     4.1721     4.2222    -0.0150    91.7074 1.0000e-12  -64.92702  -64.68552 345.624330      99.97 8.5863e+02   1097.106      26332  1029.9663  1029.9653    34.6614    34.6601    7.74740         16 0.0000e+00
    473.000    467.832     1.3877  30.190826     1.3872  30.189353     4.1699     4.2205    -0.0187    91.7160 1.0000e-12  -64.92702  -64.68552 345.624338      99.97 8.5987e+02   1097.806      26348  1029.9712  1029.9701    34.6617    34.6603    7.74732         19 0.0000e+00
    474.000    468.818     1.3874  30.191043     1.3871  30.189623     4.1725     4.2258    -0.0162    91.7149 1.0000e-12  -64.92702  -64.68553 345.624360      99.97 8.6115e+02   1099.683      26393  1029.9759  1029.9748    34.6617    34.6602    7.74737         29 0.0000e+00
    475.000    469.808     1.3874  30.191389     1.3871  30.189938     4.1698     4.2252    -0.0108    91.7067 1.0000e-12  -64.92702  -64.68554 345.624402      99.97 8.6394e+02   1103.295      26480  1029.9806  1029.9793    34.6616    34.6600    7.74738         35 0.0000e+00
    476.000    470.795     1.3876  30.191959     1.3872  30.190515     4.1756     4.2246    -0.0077    91.7162 1.0000e-12  -64.92704  -64.68554 345.624420      99.97 8.6381e+02   1104.925      26519  1029.9851  1029.9841    34.6615    34.6601    7.74734         32 0.0000e+00
    477.000    471.783     1.3877  30.192536     1.3872  30.191029     4.1782     4.2222    -0.0077    91.7067 1.0000e-12  -64.92704  -64.68552 345.624436      99.97 8.6287e+02   1106.250      26551  1029.9899  1029.9888    34.6615    34.6602    7.74732         27 0.0000e+00
    478.000    472.770     1.3881  30.193400     1.3876  30.191984     4.1773     4.2221    -0.0077    91.6905 1.0000e-12  -64.92704  -64.68552 345.624447      99.97 8.6382e+02   1107.220      26574  1029.9946  1029.9936    34.6616    34.6603    7.74723         21 0.0000e+00
    479.000    473.758     1.3886  30.194211     1.3882  30.192913     4.1765     4.2228    -0.0077    91.7227 1.0000e-12  -64.92704  -64.68552 345.624456      99.97 8.6579e+02   1108.031      26594  1029.9992  1029.9982    34.6616    34.6604    7.74715         18 0.0000e+00
    480.000    474.746     1.3885  30.194742     1.3881  30.193384     4.1764     4.2249    -0.0094    91.7045 1.0000e-12  -64.92704  -64.68552 345.624465      99.97 8.6732e+02   1108.739      26611  1030.0039  1030.0030    34.6617    34.6605    7.74714         17 0.0000e+00
    481.000    475.734     1.3883  30.194878     1.3878  30.193485     4.1769     4.2240    -0.0129    91.7042 1.0000e-12  -64.92704  -64.68552 345.624473      99.97 8.6850e+02   1109.471      26628  1030.0086  1030.0076    34.6616    34.6603    7.74720         19 0.0000e+00
    482.000    476.723     1.3882  30.195295     1.3879  30.193858     4.1729     4.2230    -0.0033    91.6952 1.0000e-12  -64.92704  -64.68554 345.624496      99.97 8.6913e+02   1111.417      26675  1030.0133  1030.0122    34.6616    34.6602    7.74721         35 0.0000e+00
    483.000    477.710     1.3884  30.195825     1.3880  30.194477     4.1652     4.2170    -0.0026    91.7034 1.0000e-12  -64.92704  -64.68554 345.624546      99.97 8.7094e+02   1115.767      26779  1030.0178  1030.0169    34.6615    34.6603    7.74718         23 0.0000e+00
    484.000    478.697     1.3889  30.196799     1.3884  30.195294     4.1722     4.2209    -0.0110    91.6901 1.0000e-12  -64.92704  -64.68554 345.624554      99.97 8.7258e+02   1116.444      26796  1030.0226  1030.0216    34.6617    34.6603    7.74707         17 0.0000e+00
    485.000    479.686     1.3890  30.197401     1.3886  30.196014     4.1718     4.2211    -0.0151    91.7028 1.0000e-12  -64.92704  -64.68554 345.624562      99.97 8.7263e+02   1117.116      26812  1030.0273  1030.0263    34.6617    34.6604    7.74705         16 0.0000e+00
    486.000    480.673     1.3893  30.198166     1.3888  30.196651     4.1721     4.2169    -0.0150    91.7042 1.0000e-12  -64.92704  -64.68554 345.624569      99.97 8.7416e+02   1117.752      26827  1030.0321  1030.0310    34.6618    34.6604    7.74699         15 0.0000e+00
    487.000    481.662     1.3892  30.198565     1.3889  30.197275     4.1747     4.2204    -0.0142    91.6938 1.0000e-12  -64.92704  -64.68554 345.624577      99.97 8.7439e+02   1118.405      26843  1030.0368  1030.0358    34.6618    34.6606    7.74700         17 0.0000e+00
    488.000    482.650     1.3895  30.199251     1.3890  30.197807     4.1736     4.2245    -0.0128    91.6902 1.0000e-12  -64.92704  -64.68554 345.624587      99.97 8.7439e+02   1119.312      26864  1030.0414  1030.0404    34.6619    34.6605    7.74695         29 0.0000e+00
    489.000    483.638     1.3893  30.199540     1.3891  30.198175     4.1675     4.2250    -0.0102    91.6886 1.0000e-12  -64.92704  -64.68555 345.624628      99.97 8.7662e+02   1122.855      26950  1030.0461  1030.0449    34.6618    34.6603    7.74698         33 0.0000e+00
    490.000    484.625     1.3897  30.200282     1.3894  30.199014     4.1575     4.2169    -0.0069    91.6905 1.0000e-12  -64.92704  -64.68556 345.624661      99.97 8.7796e+02   1125.696      27018  1030.0507  1030.0497    34.6618    34.6605    7.74692         30 0.0000e+00
    491.000    485.613     1.3900  30.201086     1.3896  30.199840     4.1681     4.2206    -0.0151    91.7069 1.0000e-12  -64.92705  -64.68556 345.624672      99.97 8.7792e+02   1126.684      27041  1030.0555  1030.0546    34.6620    34.6608    7.74685         21 0.0000e+00
    492.000    486.601     1.3905  30.202002     1.3900  30.200589     4.1725     4.2225    -0.0084    91.7184 1.0000e-12  -64.92706  -64.68556 345.624682      99.97 8.7907e+02   1127.528      27062  1030.0602  1030.0591    34.6620    34.6607    7.74675         20 0.0000e+00
    493.000    487.589     1.3913  30.203280     1.3909  30.202058     4.1725     4.2228    -0.0069    91.7017 1.0000e-12  -64.92706  -64.68556 345.624691      99.97 8.7967e+02   1128.296      27080  1030.0648  1030.0640    34.6621    34.6610    7.74658         18 0.0000e+00
    494.000    488.576     1.3915  30.203997     1.3911  30.202634     4.1693     4.2225    -0.0070    91.7055 1.0000e-12  -64.92706  -64.68556 345.624700      99.97 8.8081e+02   1129.038      27098  1030.0696  1030.0687    34.6623    34.6610    7.74653         18 0.0000e+00
    495.000    489.565     1.3916  30.204585     1.3912  30.203295     4.1704     4.2239    -0.0146    91.7043 1.0000e-12  -64.92706  -64.68556 345.624709      99.97 8.8141e+02   1129.851      27117  1030.0744  1030.0734    34.6623    34.6611    7.74651         22 0.0000e+00
    496.000    490.552     1.3914  30.204748     1.3910  30.203381     4.1674     4.2243    -0.0150    91.7042 1.0000e-12  -64.92706  -64.68556 345.624724      99.97 8.8318e+02   1131.152      27149  1030.0790  1030.0780    34.6622    34.6609    7.74656         36 0.0000e+00
    497.000    491.539     1.3915  30.205275     1.3912  30.203913     4.1728     4.2161    -0.0090    91.7042 1.0000e-12  -64.92706  -64.68558 345.624770      99.97 8.8645e+02   1135.157      27245  1030.0836  1030.0825    34.6621    34.6607    7.74653         33 0.0000e+00
    498.000    492.528     1.3916  30.205969     1.3912  30.204556     4.1691     4.2179    -0.0071    91.7042 1.0000e-12  -64.92706  -64.68558 345.624786      99.97 8.8795e+02   1136.549      27278  1030.0884  1030.0874    34.6623    34.6610    7.74650         28 0.0000e+00
    499.000    493.516     1.3913  30.206209     1.3910  30.204784     4.1669     4.2221    -0.0074    91.7042 1.0000e-12  -64.92706  -64.68558 345.624799      99.97 8.8849e+02   1137.643      27304  1030.0932  1030.0921    34.6624    34.6610    7.74656         26 0.0000e+00
    500.000    494.503     1.3916  30.206809     1.3912  30.205348     4.1706     4.2192    -0.0069    91.7042 1.0000e-12  -64.92706  -64.68558 345.624812      99.97 8.8849e+02   1138.728      27330  1030.0977  1030.0967    34.6623    34.6609    7.74651         26 0.0000e+00
    501.000    495.492     1.3920  30.207672     1.3916  30.206226     4.1713     4.2223    -0.0140    91.7042 1.0000e-12  -64.92706  -64.68558 345.624825      99.97 8.8894e+02   1139.862      27358  1030.1024  1030.1013    34.6623    34.6610    7.74642         28 0.0000e+00
    502.000    496.479     1.3927  30.208843     1.3922  30.207253     4.1718     4.2166    -0.0145    91.7042 1.0000e-12  -64.92706  -64.68558 345.624838      99.97 8.9069e+02   1141.015      27385  1030.1072  1030.1060    34.6625    34.6611    7.74628         28 0.0000e+00
    503.000    497.467     1.3937  30.210248     1.3933  30.208720     4.1680     4.2149    -0.0095    91.6918 1.0000e-12  -64.92706  -64.68558 345.624852      99.97 8.9201e+02   1142.221      27414  1030.1118  1030.1107    34.6626    34.6612    7.74608         30 0.0000e+00
    504.000    498.455     1.3953  30.212458     1.3950  30.211051     4.1701     4.2170    -0.0154    91.7144 1.0000e-12  -64.92706  -64.68558 345.624868      99.97 8.9329e+02   1143.613      27448  1030.1167  1030.1155    34.6631    34.6616    7.74573         37 0.0000e+00
    505.000    499.443     1.3958  30.213452     1.3954  30.211923     4.1580     4.2160    -0.0005    91.7087 1.0000e-12  -64.92706  -64.68560 345.624887      99.97 8.9215e+02   1145.235      27487  1030.1215  1030.1203    34.6632    34.6618    7.74563         40 0.0000e+00
    506.000    500.430     1.3960  30.214020     1.3957  30.212680     4.1663     4.2138    -0.0047    91.7042 1.0000e-12  -64.92707  -64.68560 345.624906      99.97 8.9334e+02   1146.890      27526  1030.1261  1030.1250    34.6632    34.6618    7.74559         39 0.0000e+00
    507.000    501.419     1.3968  30.215344     1.3964  30.213890     4.1652     4.2146    -0.0091    91.7196 1.0000e-12  -64.92708  -64.68560 345.624926      99.97 8.9751e+02   1148.614      27568  1030.1309  1030.1297    34.6634    34.6620    7.74542         42 0.0000e+00
    508.000    502.406     1.3970  30.215994     1.3967  30.214635     4.1578     4.2145    -0.0190    91.7150 1.0000e-12  -64.92708  -64.68560 345.624948      99.97 8.9908e+02   1150.476      27612  1030.1355  1030.1345    34.6635    34.6621    7.74538         38 0.0000e+00
    509.000    503.393     1.3973  30.216851     1.3970  30.215437     4.1569     4.2123    -0.0217    91.7214 1.0000e-12  -64.92708  -64.68560 345.624965      99.97 8.9907e+02   1151.949      27648  1030.1404  1030.1392    34.6637    34.6622    7.74532         30 0.0000e+00
    510.000    504.382     1.3980  30.218094     1.3977  30.216762     4.1607     4.2117    -0.0147    91.7043 1.0000e-12  -64.92708  -64.68560 345.624977      99.97 8.9907e+02   1153.057      27674  1030.1452  1030.1441    34.6639    34.6625    7.74516         24 0.0000e+00
    511.000    505.370     1.3983  30.218760     1.3976  30.216907     4.1567     4.2140    -0.0070    91.7171 1.0000e-12  -64.92708  -64.68560 345.624989      99.97 9.0084e+02   1154.024      27698  1030.1498  1030.1486    34.6639    34.6623    7.74511         22 0.0000e+00
    512.000    506.357     1.3985  30.219466     1.3981  30.218009     4.1585     4.2124    -0.0068    91.6926 1.0000e-12  -64.92708  -64.68560 345.625000      99.97 9.0273e+02   1154.970      27720  1030.1545  1030.1534    34.6640    34.6625    7.74506         24 0.0000e+00
    513.000    507.345     1.3986  30.219918     1.3982  30.218438     4.1602     4.2158    -0.0121    91.7030 1.0000e-12  -64.92708  -64.68560 345.625012      99.97 9.0431e+02   1156.068      27747  1030.1591  1030.1580    34.6639    34.6624    7.74505         30 0.0000e+00
    514.000    508.331     1.3987  30.220493     1.3985  30.219198     4.1593     4.2159    -0.0071    91.6895 1.0000e-12  -64.92708  -64.68561 345.625033      99.97 9.0466e+02   1157.871      27790  1030.1638  1030.1627    34.6639    34.6625    7.74503         36 0.0000e+00
    515.000    509.320     1.3993  30.221477     1.3988  30.219909     4.1677     4.2100    -0.0064    91.6994 1.0000e-12  -64.92708  -64.68562 345.625067      99.97 9.0806e+02   1160.824      27861  1030.1685  1030.1674    34.6639    34.6625    7.74490         40 0.0000e+00
    516.000    510.308     1.4001  30.222687     1.3995  30.221017     4.1636     4.2074    -0.0068    91.7195 1.0000e-12  -64.92708  -64.68562 345.625088      99.97 9.1084e+02   1162.589      27903  1030.1732  1030.1720    34.6641    34.6626    7.74475         32 0.0000e+00
    517.000    511.294     1.4005  30.223780     1.4001  30.222321     4.1544     4.2107    -0.0074    91.6870 1.0000e-12  -64.92708  -64.68562 345.625101      99.97 9.1143e+02   1163.730      27931  1030.1781  1030.1769    34.6644    34.6629    7.74465         24 0.0000e+00
    518.000    512.284     1.4011  30.224890     1.4007  30.223464     4.1514     4.2043    -0.0070    91.7161 1.0000e-12  -64.92708  -64.68561 345.625112      99.97 9.1141e+02   1164.652      27953  1030.1828  1030.1818    34.6646    34.6632    7.74451         22 0.0000e+00
    519.000    513.272     1.4014  30.225628     1.4011  30.224195     4.1496     4.2020    -0.0104    91.6958 1.0000e-12  -64.92708  -64.68560 345.625122      99.97 9.1141e+02   1165.532      27974  1030.1875  1030.1864    34.6646    34.6632    7.74445         21 0.0000e+00
    520.000    514.259     1.4016  30.226341     1.4014  30.224870     4.1555     4.2063    -0.0124    91.6787 1.0000e-12  -64.92708  -64.68560 345.625133      99.97 9.1274e+02   1166.504      27997  1030.1923  1030.1910    34.6647    34.6631    7.74441         26 0.0000e+00
    521.000    515.246     1.4020  30.227020     1.4017  30.225574     4.1630     4.2105    -0.0071    91.6973 1.0000e-12  -64.92708  -64.68561 345.625148      99.97 9.1431e+02   1167.809      28028  1030.1968  1030.1957    34.6646    34.6631    7.74434         35 0.0000e+00
    522.000    516.235     1.4021  30.227550     1.4019  30.226183     4.1571     4.2096    -0.0108    91.6711 1.0000e-12  -64.92708  -64.68563 345.625176      99.97 9.1833e+02   1170.231      28087  1030.2015  1030.2003    34.6646    34.6631    7.74432         35 0.0000e+00
    523.000    517.221     1.4029  30.228752     1.4025  30.227382     4.1540     4.2058     0.0000    91.7006 1.0000e-12  -64.92708  -64.68562 345.625210      99.97 9.2035e+02   1173.117      28156  1030.2061  1030.2052    34.6647    34.6634    7.74416         34 0.0000e+00
    524.000    518.210     1.4033  30.229891     1.4029  30.228383     4.1514     4.1968    -0.0068    91.7031 1.0000e-12  -64.92708  -64.68560 345.625221      99.97 9.2022e+02   1174.128      28180  1030.2111  1030.2099    34.6651    34.6636    7.74405         22 0.0000e+00
