NBP2113_155081_ctd/data/dnbp2113_028.cnv
* Sea-Bird SBE 9 Data File:
* FileName = D:\Data\raw\NBP2113_028.hex
* Software Version Seasave V 7.26.7.121
* Temperature SN = 2438
* Conductivity SN = 2067
* Number of Bytes Per Scan = 40
* Number of Voltage Words = 5
* Number of Scans Averaged by the Deck Unit = 1
* NMEA Latitude = 68 01.84 S
* NMEA Longitude = 069 17.14 W
* NMEA UTC (Time) = Dec 04 2021  16:43:12
* NMEA baud rate = 9600
** Ship: RVIB N.B. Palmer
** Cruise: NBP2113 LTER
** Station: 200.-040
** Operator: S. Blackman
# nquan = 25
# nvalues = 204                         
# units = specified
# name 0 = prDM: Pressure, Digiquartz [db]
# name 1 = depSM: Depth [salt water, m]
# name 2 = t090C: Temperature [ITS-90, deg C]
# name 3 = c0mS/cm: Conductivity [mS/cm]
# name 4 = t190C: Temperature, 2 [ITS-90, deg C]
# name 5 = c1mS/cm: Conductivity, 2 [mS/cm]
# name 6 = sbeox0ML/L: Oxygen, SBE 43 [ml/l]
# name 7 = sbeox1ML/L: Oxygen, SBE 43, 2 [ml/l]
# name 8 = flECO-AFL: Fluorescence, WET Labs ECO-AFL/FL [mg/m^3]
# name 9 = CStarTr0: Beam Transmission, WET Labs C-Star [%]
# name 10 = par: PAR/Irradiance, Biospherical/Licor
# name 11 = latitude: Latitude [deg]
# name 12 = longitude: Longitude [deg]
# name 13 = timeJ: Julian Days
# name 14 = altM: Altimeter [m]
# name 15 = spar: SPAR, Biospherical/Licor
# name 16 = timeS: Time, Elapsed [seconds]
# name 17 = scan: Scan Count
# name 18 = density00: Density [density, kg/m^3]
# name 19 = density11: Density, 2 [density, kg/m^3]
# name 20 = sal00: Salinity, Practical [PSU]
# name 21 = sal11: Salinity, Practical, 2 [PSU]
# name 22 = oxsolML/L: Oxygen Saturation, Garcia & Gordon [ml/l]
# name 23 = nbin: number of scans per bin
# name 24 = flag: flag
# span 0 =      4.000,    207.000       
# span 1 =      3.959,    204.827       
# span 2 =    -1.2248,    -0.2025       
# span 3 =  27.201273,  28.409158       
# span 4 =    -1.2238,    -0.2029       
# span 5 =  27.200496,  28.407635       
# span 6 =     5.9636,     8.3809       
# span 7 =     6.0713,     8.4106       
# span 8 =     0.1003,     1.8335       
# span 9 =    88.9739,    95.7307       
# span 10 = -1.102e-05, 2.8839e+02      
# span 11 =  -68.03098,  -68.03091      
# span 12 =  -69.28572,  -69.28564      
# span 13 = 338.700202, 338.705204      
# span 14 =      99.97,      99.99      
# span 15 = 1.0362e+03, 1.0947e+03      
# span 16 =    305.444,    737.635      
# span 17 =       7332,      17704      
# span 18 =  1027.2090,  1028.5095      
# span 19 =  1027.2061,  1028.5084      
# span 20 =    33.8181,    34.2686      
# span 21 =    33.8146,    34.2671      
# span 22 =    8.09406,    8.33884      
# span 23 =          1,         70      
# span 24 = 0.0000e+00, 0.0000e+00      
# interval = decibars: 1                
# start_time = Dec 04 2021 16:43:12 [NMEA time, header]
# bad_flag = -9.990e-29
*END*
[from data line 58]
     62.000     61.368    -1.1329  27.294071    -1.1352  27.290376     7.7534     7.7955     0.5589    93.8935 1.5177e+00  -68.03096  -69.28567 338.702232      99.97 1.0366e+03    480.871      11542  1027.5648  1027.5630    33.9005    33.8980    8.31734         41 0.0000e+00
     63.000     62.361    -1.1420  27.286021    -1.1419  27.284441     7.7526     7.7953     0.4986    93.8881 1.4586e+00  -68.03096  -69.28567 338.702265      99.97 1.0366e+03    483.684      11609  1027.5691  1027.5673    33.8992    33.8969    8.31945         43 0.0000e+00
     64.000     63.350    -1.1438  27.284204    -1.1440  27.282515     7.7198     7.7786     0.5158    93.9180 1.4048e+00  -68.03096  -69.28566 338.702296      99.97 1.0366e+03    486.348      11673  1027.5731  1027.5714    33.8981    33.8960    8.31991         41 0.0000e+00
     65.000     64.340    -1.1461  27.282731    -1.1451  27.281683     7.8063     7.8144     0.4999    93.8798 1.3250e+00  -68.03096  -69.28566 338.702323      99.97 1.0366e+03    488.678      11729  1027.5779  1027.5758    33.8981    33.8955    8.32043         37 0.0000e+00
     66.000     65.330    -1.0235  27.393426    -1.0512  27.368806     7.9615     7.9213     0.5735    93.7088 1.2145e+00  -68.03096  -69.28568 338.702365      99.97 1.0366e+03    492.358      11818  1027.5848  1027.5847    33.9100    33.9077    8.29257         39 0.0000e+00
     67.000     66.320    -0.8546  27.543973    -0.8587  27.539533     7.9885     7.9788     0.7812    93.1551 1.1203e+00  -68.03096  -69.28568 338.702402      99.97 1.0366e+03    495.558      11894  1027.5916  1027.5901    33.9239    33.9224    8.25457         37 0.0000e+00
     68.000     67.307    -0.8395  27.557539    -0.8417  27.553847     8.0095     8.0022     0.9298    92.9946 1.0807e+00  -68.03096  -69.28566 338.702436      99.97 1.0366e+03    498.489      11965  1027.5978  1027.5957    33.9247    33.9222    8.25121         43 0.0000e+00
     69.000     68.299    -0.8134  27.581300    -0.8154  27.577366     8.0031     8.0163     0.9269    92.7135 1.0297e+00  -68.03096  -69.28566 338.702458      99.97 1.0366e+03    500.373      12010  1027.6036  1027.6011    33.9269    33.9238    8.24537         35 0.0000e+00
     70.000     69.286    -0.7850  27.606997    -0.7872  27.603609     7.9867     8.0238     0.9890    92.4899 9.5593e-01  -68.03096  -69.28567 338.702483      99.97 1.0366e+03    502.520      12061  1027.6093  1027.6075    33.9291    33.9269    8.23902         36 0.0000e+00
     71.000     70.275    -0.7711  27.620655    -0.7725  27.617606     8.0072     8.0351     1.0812    92.1215 8.5805e-01  -68.03096  -69.28568 338.702546      99.97 1.0368e+03    507.941      12192  1027.6167  1027.6147    33.9314    33.9288    8.23585         29 0.0000e+00
     72.000     71.267    -0.7557  27.635595    -0.7563  27.633367     7.9911     8.0439     1.0679    92.0061 8.0539e-01  -68.03096  -69.28566 338.702575      99.97 1.0381e+03    510.510      12253  1027.6229  1027.6211    33.9336    33.9313    8.23236         35 0.0000e+00
     73.000     72.257    -0.7525  27.639001    -0.7536  27.636383     7.9877     8.0416     1.0393    91.9465 7.6871e-01  -68.03096  -69.28566 338.702592      99.97 1.0382e+03    511.918      12287  1027.6282  1027.6263    33.9341    33.9318    8.23164         35 0.0000e+00
     74.000     73.246    -0.7512  27.640789    -0.7505  27.639594     8.0068     8.0378     1.1714    91.7990 7.1765e-01  -68.03096  -69.28567 338.702620      99.97 1.0376e+03    514.401      12347  1027.6335  1027.6316    33.9343    33.9320    8.23133         37 0.0000e+00
     75.000     74.238    -0.7450  27.647040    -0.7444  27.645948     8.0001     8.0515     1.2714    91.7208 6.4529e-01  -68.03096  -69.28569 338.702667      99.97 1.0391e+03    518.428      12443  1027.6391  1027.6373    33.9352    33.9331    8.22993         32 0.0000e+00
     76.000     75.226    -0.7403  27.652434    -0.7394  27.651656     7.9892     8.0571     1.1863    91.7616 5.8061e-01  -68.03096  -69.28569 338.702711      99.97 1.0401e+03    522.191      12534  1027.6450  1027.6433    33.9366    33.9346    8.22882         38 0.0000e+00
     77.000     76.214    -0.7379  27.655849    -0.7375  27.654618     8.0148     8.0506     1.1016    91.6617 5.5623e-01  -68.03096  -69.28567 338.702737      99.97 1.0407e+03    524.473      12588  1027.6509  1027.6492    33.9380    33.9359    8.22823         35 0.0000e+00
     78.000     77.205    -0.7412  27.653342    -0.7405  27.652355     8.0004     8.0439     1.1045    91.7022 5.2765e-01  -68.03096  -69.28567 338.702756      99.97 1.0419e+03    526.157      12629  1027.6557  1027.6540    33.9376    33.9355    8.22896         40 0.0000e+00
     79.000     78.192    -0.7387  27.657488    -0.7383  27.656251     7.9993     8.0450     1.2069    91.7132 4.8351e-01  -68.03096  -69.28569 338.702786      99.97 1.0411e+03    528.714      12690  1027.6623  1027.6605    33.9398    33.9377    8.22829         25 0.0000e+00
     80.000     79.184    -0.7369  27.660955    -0.7371  27.658964     8.0189     8.0491     1.2109    91.7515 4.2557e-01  -68.03096  -69.28569 338.702842      99.97 1.0415e+03    533.589      12807  1027.6687  1027.6667    33.9419    33.9394    8.22778         37 0.0000e+00
     81.000     80.175    -0.7366  27.663150    -0.7355  27.662611     7.9872     8.0521     1.0824    91.6479 3.9599e-01  -68.03096  -69.28566 338.702868      99.97 1.0419e+03    535.770      12859  1027.6751  1027.6734    33.9439    33.9419    8.22760         34 0.0000e+00
     82.000     81.163    -0.7390  27.661266    -0.7392  27.659264     8.0004     8.0553     1.2646    91.7748 3.7339e-01  -68.03096  -69.28567 338.702896      99.97 1.0419e+03    538.221      12918  1027.6797  1027.6777    33.9434    33.9410    8.22815         45 0.0000e+00
     83.000     82.153    -0.7498  27.652062    -0.7470  27.653179     8.0018     8.0563     1.1436    91.7643 3.4921e-01  -68.03096  -69.28568 338.702927      99.97 1.0419e+03    540.878      12982  1027.6846  1027.6830    33.9425    33.9409    8.23056         46 0.0000e+00
     84.000     83.143    -0.7542  27.648599    -0.7486  27.652461     8.0055     8.0465     1.1293    91.8190 3.1387e-01  -68.03096  -69.28569 338.702963      99.97 1.0430e+03    544.042      13058  1027.6893  1027.6880    33.9422    33.9410    8.23154         28 0.0000e+00
     85.000     84.133    -0.7634  27.642578    -0.7628  27.641744     8.0042     8.0470     1.1088    91.8087 2.8451e-01  -68.03096  -69.28568 338.702998      99.97 1.0436e+03    547.004      13129  1027.6958  1027.6944    33.9438    33.9419    8.23346         43 0.0000e+00
     86.000     85.120    -0.7593  27.648104    -0.7566  27.649263     7.9894     8.0458     1.0599    91.9916 2.6347e-01  -68.03096  -69.28568 338.703033      99.97 1.0446e+03    550.044      13202  1027.7019  1027.7006    33.9460    33.9445    8.23242         25 0.0000e+00
     87.000     86.111    -0.7481  27.660969    -0.7484  27.659391     7.9843     8.0366     1.0934    92.1303 2.4960e-01  -68.03096  -69.28568 338.703066      99.97 1.0454e+03    552.912      13271  1027.7094  1027.7080    33.9502    33.9484    8.22974         36 0.0000e+00
     88.000     87.101    -0.7448  27.664570    -0.7444  27.663425     7.9797     8.0407     1.0209    92.2149 2.2753e-01  -68.03096  -69.28568 338.703083      99.97 1.0465e+03    554.359      13306  1027.7144  1027.7128    33.9507    33.9488    8.22899         37 0.0000e+00
     89.000     88.090    -0.7452  27.664976    -0.7443  27.664538     7.9847     8.0303     1.1010    92.2306 2.0363e-01  -68.03094  -69.28568 338.703139      99.97 1.0500e+03    559.252      13423  1027.7196  1027.7183    33.9511    33.9495    8.22905         31 0.0000e+00
     90.000     89.081    -0.7409  27.670095    -0.7407  27.668826     7.9704     8.0204     0.9160    92.3122 1.8517e-01  -68.03096  -69.28568 338.703165      99.97 1.0519e+03    561.430      13475  1027.7253  1027.7237    33.9526    33.9506    8.22803         40 0.0000e+00
     91.000     90.069    -0.7384  27.673160    -0.7384  27.671583     7.9654     8.0300     1.0383    92.3253 1.6994e-01  -68.03096  -69.28568 338.703186      99.97 1.0532e+03    563.257      13519  1027.7306  1027.7289    33.9533    33.9512    8.22744         38 0.0000e+00
     92.000     91.059    -0.7391  27.672889    -0.7389  27.671645     7.9973     8.0321     1.2635    92.4127 1.5475e-01  -68.03095  -69.28568 338.703233      99.97 1.0541e+03    567.343      13617  1027.7353  1027.7338    33.9531    33.9511    8.22761         30 0.0000e+00
     93.000     92.048    -0.7374  27.675566    -0.7372  27.674346     7.9848     8.0306     0.9725    92.3985 1.3841e-01  -68.03094  -69.28568 338.703267      99.97 1.0542e+03    570.282      13688  1027.7410  1027.7394    33.9542    33.9524    8.22718         41 0.0000e+00
     94.000     93.039    -0.7362  27.678813    -0.7358  27.677705     7.9688     8.0285     1.0174    92.4485 1.2602e-01  -68.03094  -69.28568 338.703292      99.97 1.0542e+03    572.404      13739  1027.7475  1027.7460    33.9566    33.9546    8.22676         36 0.0000e+00
     95.000     94.028    -0.7364  27.679386    -0.7365  27.677864     7.9563     8.0310     1.0379    92.5077 1.1726e-01  -68.03095  -69.28568 338.703321      99.97 1.0527e+03    574.951      13800  1027.7528  1027.7512    33.9570    33.9550    8.22679         41 0.0000e+00
     96.000     95.018    -0.7382  27.679689    -0.7380  27.678306     7.9590     8.0239     0.9864    92.5288 1.0464e-01  -68.03094  -69.28568 338.703354      99.97 1.0478e+03    577.740      13867  1027.7592  1027.7574    33.9588    33.9567    8.22707         32 0.0000e+00
     97.000     96.008    -0.7449  27.676320    -0.7446  27.675090     7.9134     8.0005     1.0327    92.6103 9.2157e-02  -68.03094  -69.28568 338.703398      99.97 1.0472e+03    581.560      13958  1027.7663  1027.7647    33.9612    33.9592    8.22840         35 0.0000e+00
     98.000     96.996    -0.7955  27.632836    -0.7772  27.648200     7.7509     7.8817     0.8850    92.7085 8.2952e-02  -68.03094  -69.28568 338.703425      99.97 1.0472e+03    583.932      14015  1027.7726  1027.7713    33.9586    33.9588    8.23962         45 0.0000e+00
     99.000     97.986    -0.9364  27.511025    -0.9516  27.497510     7.5612     7.7501     0.8921    92.8191 7.6176e-02  -68.03094  -69.28568 338.703454      99.97 1.0459e+03    586.383      14074  1027.7807  1027.7808    33.9515    33.9503    8.27093         39 0.0000e+00
    100.000     98.975    -1.0168  27.444335    -1.0193  27.440825     7.4858     7.6537     0.6295    93.0499 6.8967e-02  -68.03094  -69.28568 338.703479      99.97 1.0437e+03    588.550      14126  1027.7887  1027.7874    33.9508    33.9489    8.28867         42 0.0000e+00
    101.000     99.970    -1.0988  27.377854    -1.0986  27.376762     7.4888     7.6045     0.8175    93.6203 6.1398e-02  -68.03094  -69.28568 338.703517      99.97 1.0439e+03    591.837      14205  1027.7976  1027.7962    33.9522    33.9504    8.30674         29 0.0000e+00
    102.000    100.953    -1.0902  27.388176    -1.0899  27.386929     7.6356     7.6769     0.4823    93.9666 5.3888e-02  -68.03094  -69.28568 338.703558      99.97 1.0445e+03    595.412      14291  1027.8028  1027.8012    33.9559    33.9539    8.30461         33 0.0000e+00
    103.000    101.943    -1.0393  27.435394    -1.0320  27.439968     7.7891     7.7687     0.3532    94.3996 4.8405e-02  -68.03094  -69.28568 338.703585      99.98 1.0458e+03    597.713      14346  1027.8086  1027.8065    33.9622    33.9602    8.29298         39 0.0000e+00
    104.000    102.934    -1.0061  27.466249    -1.0067  27.464212     7.7200     7.7525     0.4132    94.6623 4.4472e-02  -68.03094  -69.28568 338.703612      99.97 1.0473e+03    600.084      14403  1027.8144  1027.8127    33.9662    33.9641    8.28542         34 0.0000e+00
    105.000    103.924    -1.0255  27.450446    -1.0237  27.450515     7.6414     7.7126     0.4292    94.6271 4.0372e-02  -68.03094  -69.28568 338.703640      99.97 1.0472e+03    602.540      14462  1027.8202  1027.8186    33.9659    33.9640    8.28971         41 0.0000e+00
    106.000    104.911    -1.0399  27.438381    -1.0400  27.437123     7.5531     7.6414     0.4055    94.5869 3.4838e-02  -68.03094  -69.28568 338.703668      99.97 1.0484e+03    604.950      14520  1027.8253  1027.8240    33.9651    33.9635    8.29294         34 0.0000e+00
    107.000    105.903    -1.0658  27.419978    -1.0645  27.419181     7.6657     7.6920     0.3945    94.6481 2.9438e-02  -68.03094  -69.28568 338.703698      99.97 1.0520e+03    607.506      14581  1027.8344  1027.8322    33.9687    33.9661    8.29847         36 0.0000e+00
    108.000    106.892    -1.0077  27.473437    -1.0109  27.469081     7.7675     7.7571     0.3006    94.6879 2.5043e-02  -68.03094  -69.28568 338.703717      99.97 1.0577e+03    609.144      14620  1027.8405  1027.8388    33.9752    33.9729    8.28523         35 0.0000e+00
    109.000    107.880    -1.0087  27.473004    -1.0074  27.473114     7.8679     7.8259     0.3363    94.8084 2.1193e-02  -68.03094  -69.28568 338.703732      99.97 1.0647e+03    610.485      14653  1027.8454  1027.8442    33.9752    33.9738    8.28546         30 0.0000e+00
    110.000    108.871    -0.9793  27.500161    -0.9767  27.501640     7.9100     7.8552     0.3832    94.6593 1.7590e-02  -68.03094  -69.28568 338.703746      99.97 1.0702e+03    611.654      14681  1027.8509  1027.8499    33.9784    33.9774    8.27880         26 0.0000e+00
    111.000    109.859    -0.9573  27.521250    -0.9564  27.521004     7.8656     7.8494     0.3522    94.7049 1.4240e-02  -68.03094  -69.28569 338.703758      99.97 1.0722e+03    612.718      14706  1027.8570  1027.8558    33.9816    33.9801    8.27376         25 0.0000e+00
    112.000    110.849    -0.9535  27.525842    -0.9537  27.524583     7.7903     7.8261     0.3740    94.8241 1.0410e-02  -68.03094  -69.28570 338.703771      99.97 1.0729e+03    613.782      14732  1027.8628  1027.8616    33.9829    33.9814    8.27285         26 0.0000e+00
    113.000    111.839    -0.9670  27.515194    -0.9647  27.515899     7.7249     7.7903     0.4705    94.8608 7.0205e-03  -68.03094  -69.28570 338.703784      99.97 1.0718e+03    614.929      14759  1027.8689  1027.8674    33.9831    33.9814    8.27581         30 0.0000e+00
    114.000    112.828    -0.9814  27.503768    -0.9805  27.503294     7.6912     7.7587     0.4489    94.7172 3.1610e-03  -68.03094  -69.28570 338.703800      99.97 1.0710e+03    616.304      14792  1027.8748  1027.8734    33.9831    33.9814    8.27897         35 0.0000e+00
    115.000    113.818    -0.9819  27.504234    -0.9824  27.502435     7.6851     7.7428     0.4433    94.6621 5.8632e-04  -68.03094  -69.28570 338.703818      99.97 1.0691e+03    617.904      14831  1027.8802  1027.8788    33.9837    33.9819    8.27904         37 0.0000e+00
    116.000    114.807    -0.9791  27.508189    -0.9805  27.505575     7.6873     7.7490     0.4494    94.6192 -1.102e-05  -68.03094  -69.28569 338.703836      99.97 1.0683e+03    619.465      14868  1027.8861  1027.8846    33.9853    33.9833    8.27833         34 0.0000e+00
    117.000    115.797    -0.9778  27.509776    -0.9777  27.508718     7.7261     7.7705     0.3798    94.4654 1.0000e-12  -68.03094  -69.28569 338.703851      99.97 1.0683e+03    620.702      14898  1027.8909  1027.8897    33.9854    33.9838    8.27804         25 0.0000e+00
    118.000    116.784    -0.9821  27.506818    -0.9797  27.507782     7.7754     7.7921     0.3541    94.7042 1.0000e-12  -68.03094  -69.28570 338.703862      99.97 1.0683e+03    621.677      14921  1027.8962  1027.8949    33.9855    33.9841    8.27898         22 0.0000e+00
