NBP2113_155081_ctd/data/dnbp2113_045.cnv
* Sea-Bird SBE 9 Data File:
* FileName = D:\Data\raw\NBP2113_045.hex
* Software Version Seasave V 7.26.7.121
* Temperature SN = 2438
* Conductivity SN = 2067
* Number of Bytes Per Scan = 40
* Number of Voltage Words = 5
* Number of Scans Averaged by the Deck Unit = 1
* NMEA Latitude = 64 53.15 S
* NMEA Longitude = 063 45.53 W
* NMEA UTC (Time) = Dec 11 2021  03:56:53
* NMEA baud rate = 9600
** Ship: RVIB N.B. Palmer
** Cruise: NBP2113 LTER
** Station: 624.021
** Operator: B. Urmston
# nquan = 25
# nvalues = 613                         
# units = specified
# name 0 = prDM: Pressure, Digiquartz [db]
# name 1 = depSM: Depth [salt water, m]
# name 2 = t090C: Temperature [ITS-90, deg C]
# name 3 = c0mS/cm: Conductivity [mS/cm]
# name 4 = t190C: Temperature, 2 [ITS-90, deg C]
# name 5 = c1mS/cm: Conductivity, 2 [mS/cm]
# name 6 = sbeox0ML/L: Oxygen, SBE 43 [ml/l]
# name 7 = sbeox1ML/L: Oxygen, SBE 43, 2 [ml/l]
# name 8 = flECO-AFL: Fluorescence, WET Labs ECO-AFL/FL [mg/m^3]
# name 9 = CStarTr0: Beam Transmission, WET Labs C-Star [%]
# name 10 = par: PAR/Irradiance, Biospherical/Licor
# name 11 = latitude: Latitude [deg]
# name 12 = longitude: Longitude [deg]
# name 13 = timeJ: Julian Days
# name 14 = altM: Altimeter [m]
# name 15 = spar: SPAR, Biospherical/Licor
# name 16 = timeS: Time, Elapsed [seconds]
# name 17 = scan: Scan Count
# name 18 = density00: Density [density, kg/m^3]
# name 19 = density11: Density, 2 [density, kg/m^3]
# name 20 = sal00: Salinity, Practical [PSU]
# name 21 = sal11: Salinity, Practical, 2 [PSU]
# name 22 = oxsolML/L: Oxygen Saturation, Garcia & Gordon [ml/l]
# name 23 = nbin: number of scans per bin
# name 24 = flag: flag
# span 0 =      5.000,    617.000       
# span 1 =      4.953,    610.041       
# span 2 =    -0.3111,     1.2253       
# span 3 =  27.900097,  30.078503       
# span 4 =    -0.3126,     1.2246       
# span 5 =  27.898620,  30.076976       
# span 6 =     4.3785,     8.1472       
# span 7 =     4.4391,     8.1675       
# span 8 =    -0.0151,     2.1224       
# span 9 =    84.9451,    91.7533       
# span 10 = -1.125e-05, 3.2111e-01      
# span 11 =  -64.88606,  -64.88566      
# span 12 =  -63.75908,  -63.75828      
# span 13 = 345.167817, 345.180026      
# span 14 =       8.36,     100.12      
# span 15 = 0.0000e+00, 0.0000e+00      
# span 16 =    286.406,   1341.214      
# span 17 =       6875,      32190      
# span 18 =  1027.1464,  1030.6218      
# span 19 =  1027.1450,  1030.6206      
# span 20 =    33.7601,    34.6169      
# span 21 =    33.7571,    34.6154      
# span 22 =    7.78182,    8.14250      
# span 23 =          8,         48      
# span 24 = 0.0000e+00, 0.0000e+00      
# interval = decibars: 1                
# start_time = Dec 11 2021 03:56:53 [NMEA time, header]
# bad_flag = -9.990e-29
*END*
[from data line 580]
    585.000    578.453     1.2197  30.059426     1.2194  30.057933     4.3846     4.4489    -0.0005    91.5698 1.0000e-12  -64.88604  -63.75904 345.178730      31.48 0.0000e+00   1229.230      29503  1030.4723  1030.4711    34.6156    34.6141    7.78299         43 0.0000e+00
    586.000    579.439     1.2222  30.062632     1.2225  30.061538     4.3897     4.4456    -0.0049    91.5783 1.0000e-12  -64.88604  -63.75904 345.178759      30.38 0.0000e+00   1231.816      29565  1030.4774  1030.4760    34.6164    34.6147    7.78246         35 0.0000e+00
    587.000    580.427     1.2221  30.062998     1.2199  30.059282     4.3888     4.4481     0.0100    91.5677 1.0000e-12  -64.88604  -63.75904 345.178794      29.49 0.0000e+00   1234.808      29636  1030.4821  1030.4805    34.6164    34.6141    7.78247         41 0.0000e+00
    588.000    581.416     1.2240  30.065316     1.2233  30.063302     4.3785     4.4424    -0.0061    91.5130 1.0000e-12  -64.88604  -63.75904 345.178819      28.55 0.0000e+00   1237.000      29689  1030.4868  1030.4855    34.6167    34.6150    7.78208         36 0.0000e+00
    589.000    582.402     1.2235  30.065207     1.2245  30.065107     4.3847     4.4445    -0.0025    91.5586 1.0000e-12  -64.88604  -63.75906 345.178861      27.43 0.0000e+00   1240.556      29774  1030.4915  1030.4904    34.6166    34.6154    7.78219         30 0.0000e+00
    590.000    583.390     1.2253  30.067439     1.2239  30.064870     4.3866     4.4450    -0.0124    91.5323 1.0000e-12  -64.88604  -63.75904 345.178900      26.53 0.0000e+00   1243.972      29856  1030.4962  1030.4950    34.6169    34.6152    7.78182         40 0.0000e+00
    591.000    584.377     1.2215  30.064203     1.2226  30.064037     4.3982     4.4481     0.0004    91.5886 1.0000e-12  -64.88604  -63.75904 345.178920      25.79 0.0000e+00   1245.731      29899  1030.5009  1030.4996    34.6164    34.6150    7.78260         38 0.0000e+00
    592.000    585.364     1.2191  30.061621     1.2190  30.060430     4.3982     4.4476    -0.0039    91.5356 1.0000e-12  -64.88604  -63.75904 345.178944      24.64 0.0000e+00   1247.799      29948  1030.5049  1030.5038    34.6152    34.6138    7.78315         35 0.0000e+00
    593.000    586.355     1.2188  30.061934     1.2184  30.060404     4.3883     4.4488    -0.0062    91.5285 1.0000e-12  -64.88604  -63.75906 345.178996      23.63 0.0000e+00   1252.281      30056  1030.5096  1030.5084    34.6153    34.6138    7.78320         27 0.0000e+00
    594.000    587.339     1.2200  30.063547     1.2193  30.061737     4.4004     4.4551    -0.0093    91.5487 1.0000e-12  -64.88604  -63.75906 345.179025      22.72 0.0000e+00   1254.778      30116  1030.5143  1030.5132    34.6155    34.6139    7.78295         38 0.0000e+00
    595.000    588.325     1.2158  30.059680     1.2158  30.058481     4.4094     4.4594    -0.0025    91.5370 1.0000e-12  -64.88604  -63.75905 345.179047      21.90 0.0000e+00   1256.685      30161  1030.5188  1030.5175    34.6146    34.6131    7.78383         39 0.0000e+00
    596.000    589.318     1.2130  30.057134     1.2127  30.055488     4.3994     4.4563     0.0001    91.5168 1.0000e-12  -64.88604  -63.75906 345.179079      20.74 0.0000e+00   1259.440      30228  1030.5231  1030.5217    34.6138    34.6121    7.78442         21 0.0000e+00
    597.000    590.302     1.2073  30.052060     1.2068  30.050051     4.4169     4.4723    -0.0021    91.4374 1.0000e-12  -64.88604  -63.75906 345.179123      27.40 0.0000e+00   1263.248      30319  1030.5277  1030.5262    34.6131    34.6111    7.78559         26 0.0000e+00
    598.000    591.290     1.1997  30.043523     1.1990  30.041706     4.4208     4.4718    -0.0058    91.5359 1.0000e-12  -64.88604  -63.75906 345.179152      25.28 0.0000e+00   1265.744      30379  1030.5307  1030.5295    34.6101    34.6084    7.78727         40 0.0000e+00
    599.000    592.277     1.2008  30.045398     1.2015  30.044827     4.4237     4.4709    -0.0046    91.5513 1.0000e-12  -64.88604  -63.75906 345.179179      28.21 0.0000e+00   1268.027      30434  1030.5356  1030.5344    34.6106    34.6091    7.78701         27 0.0000e+00
    600.000    593.264     1.2025  30.047480     1.2005  30.043708     4.4142     4.4684    -0.0038    91.5359 1.0000e-12  -64.88604  -63.75906 345.179218      26.76 0.0000e+00   1271.425      30515  1030.5403  1030.5384    34.6108    34.6083    7.78667         37 0.0000e+00
    601.000    594.251     1.2024  30.048124     1.2006  30.045109     4.4126     4.4722    -0.0015    91.5095 1.0000e-12  -64.88604  -63.75906 345.179246      24.94 0.0000e+00   1273.827      30573  1030.5451  1030.5438    34.6112    34.6093    7.78666         38 0.0000e+00
    602.000    595.237     1.2024  30.048464     1.2014  30.046191     4.4193     4.4711    -0.0074    91.4687 1.0000e-12  -64.88604  -63.75906 345.179270      24.13 0.0000e+00   1275.955      30624  1030.5497  1030.5483    34.6111    34.6093    7.78668         36 0.0000e+00
    603.000    596.224     1.2001  30.046368     1.1997  30.044749     4.4196     4.4701     0.0015    91.5200 1.0000e-12  -64.88604  -63.75907 345.179323      23.09 0.0000e+00   1280.544      30734  1030.5541  1030.5527    34.6104    34.6087    7.78717         25 0.0000e+00
    604.000    597.212     1.1998  30.045979     1.1989  30.044371     4.4174     4.4687     0.0000    91.4955 1.0000e-12  -64.88604  -63.75906 345.179353      22.91 0.0000e+00   1283.101      30795  1030.5582  1030.5574    34.6097    34.6086    7.78727         35 0.0000e+00
    605.000    598.201     1.2029  30.050170     1.2018  30.047955     4.4072     4.4658    -0.0076    91.4942 1.0000e-12  -64.88604  -63.75906 345.179369      21.90 0.0000e+00   1284.502      30829  1030.5635  1030.5623    34.6110    34.6094    7.78658         32 0.0000e+00
    606.000    599.186     1.2043  30.051878     1.2048  30.051374     4.4065     4.4660    -0.0077    91.5062 1.0000e-12  -64.88604  -63.75907 345.179420      20.18 0.0000e+00   1288.861      30934  1030.5682  1030.5672    34.6111    34.6099    7.78630         37 0.0000e+00
    607.000    600.175     1.2070  30.055127     1.2049  30.052289     4.4145     4.4686    -0.0038    91.4996 1.0000e-12  -64.88606  -63.75907 345.179477      18.82 0.0000e+00   1293.833      31053  1030.5731  1030.5722    34.6117    34.6104    7.78573         36 0.0000e+00
    608.000    601.162     1.2043  30.052950     1.2044  30.052086     4.4071     4.4677    -0.0055    91.5153 1.0000e-12  -64.88606  -63.75906 345.179494      18.86 0.0000e+00   1295.243      31087  1030.5777  1030.5767    34.6113    34.6101    7.78628         34 0.0000e+00
    609.000    602.151     1.2065  30.055591     1.2057  30.053647     4.4095     4.4692     0.0055    91.5021 1.0000e-12  -64.88606  -63.75907 345.179520      17.53 0.0000e+00   1297.489      31141  1030.5824  1030.5813    34.6116    34.6101    7.78582         38 0.0000e+00
    610.000    603.139     1.2030  30.052440     1.2036  30.051725     4.4166     4.4597    -0.0030    91.4965 1.0000e-12  -64.88606  -63.75908 345.179590      15.73 0.0000e+00   1303.567      31287  1030.5869  1030.5857    34.6110    34.6094    7.78657         31 0.0000e+00
    611.000    604.124     1.2039  30.052893     1.2051  30.053823     4.3980     4.4556     0.0111    91.5353 1.0000e-12  -64.88606  -63.75908 345.179609      15.39 0.0000e+00   1305.207      31326  1030.5908  1030.5904    34.6100    34.6099    7.78644         34 0.0000e+00
    612.000    605.114     1.2134  30.064511     1.2152  30.065001     4.3894     4.4487    -0.0125    91.4969 1.0000e-12  -64.88606  -63.75908 345.179634      14.08 0.0000e+00   1307.381      31378  1030.5974  1030.5961    34.6138    34.6124    7.78435         35 0.0000e+00
    613.000    606.098     1.2162  30.067788     1.2167  30.066988     4.3874     4.4453    -0.0004    91.5377 1.0000e-12  -64.88606  -63.75908 345.179668      13.16 0.0000e+00   1310.280      31448  1030.6023  1030.6010    34.6143    34.6128    7.78376         39 0.0000e+00
    614.000    607.088     1.2208  30.073137     1.2213  30.072427     4.3856     4.4458     0.0020    91.5611 1.0000e-12  -64.88606  -63.75908 345.179714      12.19 0.0000e+00   1314.315      31545  1030.6075  1030.6063    34.6155    34.6141    7.78278         24 0.0000e+00
    615.000    608.074     1.2246  30.077490     1.2235  30.075309     4.3840     4.4391    -0.0034    91.5245 1.0000e-12  -64.88606  -63.75908 345.179755      11.23 0.0000e+00   1317.857      31630  1030.6124  1030.6113    34.6163    34.6147    7.78199         39 0.0000e+00
    616.000    609.060     1.2251  30.078503     1.2246  30.076976     4.3872     4.4398    -0.0006    91.4843 1.0000e-12  -64.88606  -63.75908 345.179777      10.15 0.0000e+00   1319.711      31674  1030.6172  1030.6162    34.6165    34.6151    7.78188         42 0.0000e+00
    617.000    610.041     1.2217  30.075485     1.2223  30.074769     4.3844     4.4431    -0.0033    91.5130 1.0000e-12  -64.88606  -63.75908 345.180026       8.36 0.0000e+00   1341.214      32190  1030.6218  1030.6206    34.6158    34.6143    7.78259         47 0.0000e+00
