NBP2113_155081_ctd/data/dnbp2113_041.cnv
* Sea-Bird SBE 9 Data File:
* FileName = D:\Data\raw\NBP2113_041.hex
* Software Version Seasave V 7.26.7.121
* Temperature SN = 2438
* Conductivity SN = 2067
* Number of Bytes Per Scan = 40
* Number of Voltage Words = 5
* Number of Scans Averaged by the Deck Unit = 1
* NMEA Latitude = 64 50.77 S
* NMEA Longitude = 063 54.70 W
* NMEA UTC (Time) = Dec 10 2021  14:38:32
* NMEA baud rate = 9600
** Ship: RVIB N.B. Palmer
** Cruise: NBP2113 LTER
** Station: 622.029
** Operator: B. Urmston
# nquan = 25
# nvalues = 251                         
# units = specified
# name 0 = prDM: Pressure, Digiquartz [db]
# name 1 = depSM: Depth [salt water, m]
# name 2 = t090C: Temperature [ITS-90, deg C]
# name 3 = c0mS/cm: Conductivity [mS/cm]
# name 4 = t190C: Temperature, 2 [ITS-90, deg C]
# name 5 = c1mS/cm: Conductivity, 2 [mS/cm]
# name 6 = sbeox0ML/L: Oxygen, SBE 43 [ml/l]
# name 7 = sbeox1ML/L: Oxygen, SBE 43, 2 [ml/l]
# name 8 = flECO-AFL: Fluorescence, WET Labs ECO-AFL/FL [mg/m^3]
# name 9 = CStarTr0: Beam Transmission, WET Labs C-Star [%]
# name 10 = par: PAR/Irradiance, Biospherical/Licor
# name 11 = latitude: Latitude [deg]
# name 12 = longitude: Longitude [deg]
# name 13 = timeJ: Julian Days
# name 14 = altM: Altimeter [m]
# name 15 = spar: SPAR, Biospherical/Licor
# name 16 = timeS: Time, Elapsed [seconds]
# name 17 = scan: Scan Count
# name 18 = density00: Density [density, kg/m^3]
# name 19 = density11: Density, 2 [density, kg/m^3]
# name 20 = sal00: Salinity, Practical [PSU]
# name 21 = sal11: Salinity, Practical, 2 [PSU]
# name 22 = oxsolML/L: Oxygen Saturation, Garcia & Gordon [ml/l]
# name 23 = nbin: number of scans per bin
# name 24 = flag: flag
# span 0 =      5.000,    255.000       
# span 1 =      4.952,    252.347       
# span 2 =    -0.3342,     1.1612       
# span 3 =  27.846434,  29.853625       
# span 4 =    -0.3335,     1.1602       
# span 5 =  27.846288,  29.851297       
# span 6 =     4.4808,     8.0790       
# span 7 =     4.5582,     8.1103       
# span 8 =    -0.0099,     1.6655       
# span 9 =    87.6435,    94.6611       
# span 10 = -3.414e-06, 2.7938e+02      
# span 11 =  -64.84634,  -64.84624      
# span 12 =  -63.91180,  -63.91174      
# span 13 = 344.613792, 344.620188      
# span 14 =       7.25,     100.27      
# span 15 = 8.8310e+02, 1.0311e+03      
# span 16 =    319.642,    872.265      
# span 17 =       7672,      20935      
# span 18 =  1027.1587,  1028.9220      
# span 19 =  1027.1566,  1028.9206      
# span 20 =    33.7660,    34.6068      
# span 21 =    33.7641,    34.6050      
# span 22 =    7.79510,    8.14809      
# span 23 =         20,         49      
# span 24 = 0.0000e+00, 0.0000e+00      
# interval = decibars: 1                
# start_time = Dec 10 2021 14:38:32 [NMEA time, header]
# bad_flag = -9.990e-29
*END*
[from data line 58]
     63.000     62.374    -0.3001  28.143666    -0.3006  28.141242     6.8294     6.9035     0.2390    93.6691 2.5992e+00  -64.84628  -63.91176 344.615687      99.97 8.9104e+02    483.330      11601  1027.7040  1027.7020    34.1109    34.1082    8.12381         48 0.0000e+00
     64.000     63.363    -0.2926  28.152451    -0.2922  28.151415     6.8369     6.8959     0.2396    93.6652 2.5323e+00  -64.84628  -63.91174 344.615707      99.97 8.8874e+02    485.045      11642  1027.7105  1027.7090    34.1136    34.1118    8.12205         38 0.0000e+00
     65.000     64.354    -0.2874  28.159706    -0.2879  28.157347     6.8347     6.8852     0.2679    93.6219 2.4672e+00  -64.84628  -63.91175 344.615725      99.97 8.9022e+02    486.619      11680  1027.7175  1027.7155    34.1168    34.1143    8.12076         39 0.0000e+00
     66.000     65.342    -0.2860  28.161925    -0.2861  28.160257     6.7875     6.8820     0.2578    93.6523 2.2722e+00  -64.84628  -63.91176 344.615774      99.97 8.9314e+02    490.911      11783  1027.7231  1027.7213    34.1177    34.1155    8.12042         35 0.0000e+00
     67.000     66.333    -0.2790  28.170939    -0.2805  28.167477     6.7327     6.8501     0.2426    93.6434 2.0954e+00  -64.84628  -63.91175 344.615817      99.97 8.8990e+02    494.590      11871  1027.7303  1027.7280    34.1213    34.1183    8.11873         38 0.0000e+00
     68.000     67.323    -0.2761  28.175745    -0.2756  28.174795     6.7212     6.8360     0.2399    93.6679 2.0322e+00  -64.84628  -63.91174 344.615834      99.97 8.8857e+02    496.053      11906  1027.7369  1027.7354    34.1238    34.1220    8.11795         29 0.0000e+00
     69.000     68.314    -0.2729  28.179955    -0.2724  28.179416     6.7219     6.8280     0.2290    93.7016 1.9803e+00  -64.84628  -63.91174 344.615849      99.97 8.9116e+02    497.380      11938  1027.7427  1027.7416    34.1253    34.1239    8.11720         34 0.0000e+00
     70.000     69.303    -0.2708  28.183948    -0.2694  28.183775     6.7432     6.8349     0.2643    93.6927 1.9033e+00  -64.84628  -63.91176 344.615878      99.97 8.9497e+02    499.894      11998  1027.7493  1027.7477    34.1276    34.1258    8.11661         32 0.0000e+00
     71.000     70.294    -0.2699  28.185134    -0.2702  28.182932     6.6864     6.8057     0.2442    93.6970 1.7196e+00  -64.84627  -63.91177 344.615940      99.97 8.9477e+02    505.190      12126  1027.7541  1027.7521    34.1275    34.1250    8.11642         41 0.0000e+00
     72.000     71.283    -0.2595  28.198246    -0.2606  28.195205     6.6741     6.7747     0.2039    93.6843 1.6439e+00  -64.84626  -63.91176 344.615962      99.97 8.9375e+02    507.127      12172  1027.7624  1027.7602    34.1328    34.1300    8.11390         35 0.0000e+00
     73.000     72.272    -0.2495  28.211109    -0.2499  28.209120     6.6651     6.7615     0.2159    93.6990 1.5853e+00  -64.84626  -63.91176 344.615979      99.97 8.9383e+02    508.559      12206  1027.7708  1027.7690    34.1382    34.1359    8.11148         34 0.0000e+00
     74.000     73.266    -0.2466  28.215113    -0.2458  28.214135     6.6755     6.7686     0.2395    93.7134 1.5248e+00  -64.84626  -63.91176 344.615998      99.97 8.9607e+02    510.210      12246  1027.7767  1027.7749    34.1397    34.1375    8.11078         35 0.0000e+00
     75.000     74.250    -0.2427  28.220701    -0.2460  28.214599     6.6274     6.7248     0.2117    93.7448 1.4092e+00  -64.84626  -63.91178 344.616054      99.97 8.9720e+02    515.079      12363  1027.7834  1027.7800    34.1422    34.1377    8.10981         41 0.0000e+00
     76.000     75.242    -0.1987  28.272651    -0.1989  28.270566     6.6007     6.6842     0.2085    93.7622 1.3096e+00  -64.84626  -63.91176 344.616084      99.97 8.9579e+02    517.645      12424  1027.8004  1027.7985    34.1615    34.1589    8.09935         38 0.0000e+00
     77.000     76.232    -0.1725  28.303881    -0.1711  28.303751     6.6129     6.6977     0.1722    93.7647 1.2535e+00  -64.84626  -63.91176 344.616107      99.97 8.9729e+02    519.605      12472  1027.8131  1027.8115    34.1731    34.1713    8.09312         38 0.0000e+00
     78.000     77.222    -0.1270  28.353024    -0.1340  28.343301     6.5735     6.6674     0.2149    93.7585 1.2075e+00  -64.84626  -63.91176 344.616130      99.97 8.9864e+02    521.655      12521  1027.8258  1027.8223    34.1869    34.1818    8.08271         31 0.0000e+00
     79.000     78.211    -0.0612  28.424073    -0.0610  28.422701     6.5657     6.6558     0.2037    93.8079 1.1459e+00  -64.84626  -63.91178 344.616158      99.97 8.9985e+02    524.030      12578  1027.8426  1027.8409    34.2070    34.2049    8.06766         49 0.0000e+00
     80.000     79.200    -0.0499  28.435414    -0.0420  28.440072     6.5620     6.6426     0.1972    93.8061 1.0418e+00  -64.84626  -63.91178 344.616196      99.97 9.0160e+02    527.295      12656  1027.8491  1027.8465    34.2089    34.2062    8.06518         30 0.0000e+00
     81.000     80.192    -0.0015  28.481435     0.0044  28.484506     6.5546     6.6266     0.1663    93.7804 9.6303e-01  -64.84626  -63.91177 344.616237      99.97 9.0057e+02    530.856      12742  1027.8561  1027.8537    34.2151    34.2125    8.05462         43 0.0000e+00
     82.000     81.180     0.0239  28.505680     0.0275  28.507872     6.5422     6.6107     0.1412    93.7072 9.3226e-01  -64.84626  -63.91176 344.616260      99.97 8.9903e+02    532.860      12790  1027.8621  1027.8610    34.2182    34.2171    8.04911         36 0.0000e+00
     83.000     82.171     0.0611  28.543096     0.0617  28.542108     6.5082     6.5994     0.1515    93.7036 8.9792e-01  -64.84626  -63.91176 344.616276      99.97 9.0104e+02    534.268      12823  1027.8703  1027.8688    34.2256    34.2236    8.04089         34 0.0000e+00
     84.000     83.161     0.0810  28.565150     0.0815  28.563685     6.5271     6.6026     0.1640    93.6918 8.4860e-01  -64.84626  -63.91178 344.616296      99.97 9.0364e+02    535.986      12865  1027.8792  1027.8772    34.2319    34.2293    8.03636         37 0.0000e+00
     85.000     84.150     0.0489  28.533064     0.0447  28.527857     6.5006     6.6070     0.1686    93.6853 7.3446e-01  -64.84626  -63.91176 344.616370      99.97 9.0438e+02    542.340      13017  1027.8821  1027.8807    34.2247    34.2225    8.04349         37 0.0000e+00
     86.000     85.140     0.0782  28.562924     0.0701  28.552164     6.4978     6.5977     0.1670    93.6487 7.0007e-01  -64.84626  -63.91176 344.616386      99.97 9.0500e+02    543.707      13050  1027.8896  1027.8860    34.2309    34.2256    8.03701         33 0.0000e+00
     87.000     86.130     0.0839  28.572935     0.0841  28.571496     6.5112     6.5992     0.1626    93.6097 6.7277e-01  -64.84626  -63.91176 344.616402      99.97 9.0608e+02    545.157      13085  1027.8991  1027.8974    34.2371    34.2350    8.03545         39 0.0000e+00
     88.000     87.122     0.0759  28.566503     0.0764  28.565407     6.4934     6.5807     0.1478    93.6319 6.5080e-01  -64.84626  -63.91177 344.616427      99.97 9.0695e+02    547.274      13136  1027.9047  1027.9030    34.2369    34.2349    8.03714         38 0.0000e+00
     89.000     88.110     0.0705  28.567538     0.0734  28.568303     6.4858     6.5692     0.1704    93.6280 6.1192e-01  -64.84626  -63.91178 344.616458      99.97 9.0962e+02    549.935      13199  1027.9157  1027.9136    34.2437    34.2415    8.03788         38 0.0000e+00
     90.000     89.099     0.1002  28.596361     0.0829  28.572688     6.3243     6.4663     0.1451    93.6695 5.5542e-01  -64.84626  -63.91178 344.616511      99.97 9.0965e+02    554.584      13311  1027.9219  1027.9136    34.2480    34.2361    8.03143         29 0.0000e+00
     91.000     90.089     0.1048  28.615626     0.1037  28.612374     6.2322     6.3944     0.1201    93.6733 5.2507e-01  -64.84626  -63.91177 344.616537      99.97 9.0965e+02    556.824      13365  1027.9422  1027.9396    34.2678    34.2647    8.02936         36 0.0000e+00
     92.000     91.078     0.1236  28.636792     0.1258  28.637462     6.2635     6.3711     0.1541    93.7266 4.9986e-01  -64.84626  -63.91176 344.616556      99.97 9.1005e+02    558.416      13403  1027.9507  1027.9492    34.2741    34.2726    8.02507         40 0.0000e+00
     93.000     92.068     0.1302  28.646918     0.1307  28.645654     6.2304     6.3582     0.1223    93.7620 4.7844e-01  -64.84626  -63.91178 344.616582      99.97 9.1235e+02    560.700      13458  1027.9596  1027.9577    34.2796    34.2772    8.02339         34 0.0000e+00
     94.000     93.058     0.1187  28.636938     0.1202  28.637246     6.2503     6.3443     0.1174    93.7981 4.4878e-01  -64.84625  -63.91178 344.616617      99.97 9.1321e+02    563.725      13530  1027.9648  1027.9637    34.2786    34.2774    8.02584         35 0.0000e+00
     95.000     94.049     0.1157  28.636919     0.1150  28.634564     6.1988     6.3052     0.1216    93.8552 4.2363e-01  -64.84624  -63.91178 344.616653      99.97 9.1317e+02    566.801      13604  1027.9721  1027.9703    34.2813    34.2790    8.02631         37 0.0000e+00
     96.000     95.037     0.1599  28.678911     0.1618  28.678454     6.1999     6.2931     0.1030    93.8821 4.0491e-01  -64.84624  -63.91178 344.616672      99.97 9.1463e+02    568.469      13644  1027.9775  1027.9753    34.2867    34.2840    8.01677         37 0.0000e+00
     97.000     96.027     0.1859  28.707842     0.1862  28.705497     6.2112     6.2956     0.0919    93.9097 3.8262e-01  -64.84624  -63.91178 344.616705      99.97 9.1592e+02    571.339      13713  1027.9878  1027.9850    34.2952    34.2918    8.01087         35 0.0000e+00
     98.000     97.017     0.2084  28.729090     0.2081  28.726864     6.1812     6.2729     0.1044    93.8505 3.5787e-01  -64.84624  -63.91178 344.616746      99.97 9.1745e+02    574.861      13798  1027.9931  1027.9908    34.2975    34.2949    8.00607         44 0.0000e+00
     99.000     98.006     0.2644  28.790370     0.2616  28.785438     6.0920     6.2084     0.1128    93.8100 3.4154e-01  -64.84624  -63.91178 344.616775      99.97 9.1842e+02    577.399      13859  1028.0077  1028.0052    34.3151    34.3116    7.99344         36 0.0000e+00
    100.000     98.998     0.2646  28.795705     0.2677  28.796547     6.0803     6.1852     0.0922    93.7868 3.2901e-01  -64.84624  -63.91176 344.616797      99.97 9.1846e+02    579.250      13903  1028.0180  1028.0158    34.3213    34.3189    7.99305         41 0.0000e+00
    101.000     99.986     0.2606  28.793391     0.2621  28.793276     6.0552     6.1696     0.0806    93.7708 3.1521e-01  -64.84624  -63.91176 344.616816      99.97 9.1846e+02    580.870      13942  1028.0241  1028.0225    34.3221    34.3202    7.99383         40 0.0000e+00
    102.000    100.977     0.2461  28.782094     0.2463  28.780939     6.0731     6.1718     0.0987    93.7898 2.9960e-01  -64.84624  -63.91177 344.616836      99.97 9.1884e+02    582.668      13985  1028.0309  1028.0295    34.3228    34.3211    7.99680         40 0.0000e+00
    103.000    101.967     0.2457  28.780970     0.2466  28.780758     6.0407     6.1433     0.0832    93.8194 2.7494e-01  -64.84624  -63.91177 344.616907      99.97 9.2029e+02    588.760      14131  1028.0348  1028.0337    34.3212    34.3199    7.99698         34 0.0000e+00
    104.000    102.955     0.2306  28.771003     0.2284  28.767738     6.0267     6.1266     0.0764    93.7934 2.6181e-01  -64.84624  -63.91176 344.616930      99.97 9.1846e+02    590.792      14180  1028.0434  1028.0421    34.3244    34.3225    7.99995         29 0.0000e+00
    105.000    103.946     0.2214  28.763504     0.2204  28.761442     6.0362     6.1250     0.0730    93.8362 2.5149e-01  -64.84624  -63.91176 344.616944      99.97 9.2013e+02    591.980      14209  1028.0487  1028.0475    34.3241    34.3225    8.00187         29 0.0000e+00
    106.000    104.936     0.2235  28.765851     0.2215  28.763004     6.0455     6.1265     0.0735    93.8691 2.4170e-01  -64.84624  -63.91176 344.616960      99.97 9.2337e+02    593.317      14241  1028.0533  1028.0523    34.3242    34.3227    8.00142         36 0.0000e+00
    107.000    105.922     0.2271  28.769372     0.2256  28.766540     6.0504     6.1250     0.0783    93.9296 2.2923e-01  -64.84624  -63.91177 344.617002      99.97 9.2553e+02    596.998      14329  1028.0577  1028.0561    34.3243    34.3222    8.00067         30 0.0000e+00
    108.000    106.915     0.2172  28.761257     0.2188  28.761309     6.0447     6.1181     0.0742    93.9493 2.1640e-01  -64.84624  -63.91178 344.617047      99.97 9.2556e+02    600.894      14422  1028.0630  1028.0615    34.3240    34.3223    8.00274         35 0.0000e+00
    109.000    107.905     0.2207  28.764862     0.2212  28.763773     6.0410     6.1161     0.0698    93.9342 2.0599e-01  -64.84624  -63.91177 344.617067      99.97 9.2717e+02    602.589      14463  1028.0676  1028.0660    34.3242    34.3223    8.00200         42 0.0000e+00
    110.000    108.891     0.2254  28.770660     0.2246  28.768509     6.0427     6.1107     0.0809    93.9485 1.9546e-01  -64.84624  -63.91177 344.617093      99.97 9.2773e+02    604.799      14516  1028.0734  1028.0719    34.3260    34.3241    8.00092         40 0.0000e+00
    111.000    109.884     0.2226  28.768717     0.2213  28.766154     6.0379     6.1094     0.0734    93.9444 1.8631e-01  -64.84624  -63.91178 344.617118      99.97 9.2957e+02    606.965      14568  1028.0784  1028.0769    34.3261    34.3241    8.00152         33 0.0000e+00
    112.000    110.873     0.2182  28.764986     0.2185  28.763957     6.0187     6.1055     0.0627    93.9385 1.7760e-01  -64.84624  -63.91178 344.617134      99.97 9.3081e+02    608.365      14602  1028.0830  1028.0816    34.3255    34.3237    8.00246         32 0.0000e+00
    113.000    111.864     0.2241  28.771059     0.2236  28.769030     5.9829     6.0798     0.0609    93.9464 1.6921e-01  -64.84624  -63.91178 344.617150      99.97 9.3080e+02    609.761      14635  1028.0878  1028.0862    34.3262    34.3241    8.00118         36 0.0000e+00
    114.000    112.852     0.2252  28.775968     0.2232  28.771454     5.9835     6.0600     0.0733    93.9492 1.6138e-01  -64.84624  -63.91178 344.617168      99.97 9.3080e+02    611.293      14672  1028.0962  1028.0934    34.3308    34.3271    8.00069         37 0.0000e+00
    115.000    113.842     0.2239  28.773920     0.2254  28.775175     5.9059     6.0106     0.0668    93.9354 1.5432e-01  -64.84625  -63.91178 344.617184      99.97 9.3080e+02    612.726      14706  1028.0996  1028.0995    34.3290    34.3289    8.00107         30 0.0000e+00
    116.000    114.832     0.2345  28.787394     0.2361  28.788392     5.7972     5.9485     0.0586    93.9556 1.4656e-01  -64.84626  -63.91178 344.617198      99.97 9.3080e+02    613.877      14734  1028.1077  1028.1073    34.3343    34.3338    7.99857         26 0.0000e+00
    117.000    115.821     0.2520  28.811057     0.2523  28.810360     5.7537     5.9124     0.0605    93.9712 1.3849e-01  -64.84626  -63.91178 344.617210      99.97 9.3080e+02    614.945      14760  1028.1199  1028.1189    34.3453    34.3441    7.99431         26 0.0000e+00
    118.000    116.813     0.2659  28.830694     0.2651  28.828401     5.7330     5.8892     0.0746    93.9891 1.2989e-01  -64.84626  -63.91178 344.617224      99.97 9.3223e+02    616.162      14789  1028.1314  1028.1298    34.3550    34.3529    7.99089         31 0.0000e+00
    119.000    117.801     0.2749  28.841702     0.2746  28.839983     5.7444     5.8715     0.0713    94.0217 1.2142e-01  -64.84626  -63.91178 344.617241      99.97 9.3433e+02    617.649      14825  1028.1387  1028.1371    34.3589    34.3569    7.98882         38 0.0000e+00
