NBP2113_155081_ctd/data/dnbp2113_012.cnv
* Sea-Bird SBE 9 Data File:
* FileName = D:\Data\raw\NBP2113_012.hex
* Software Version Seasave V 7.26.7.121
* Temperature SN = 2438
* Conductivity SN = 2067
* Number of Bytes Per Scan = 40
* Number of Voltage Words = 5
* Number of Scans Averaged by the Deck Unit = 1
* NMEA Latitude = 64 36.38 S
* NMEA Longitude = 068 17.17 W
* NMEA UTC (Time) = Nov 26 2021  18:58:06
* NMEA baud rate = 9600
** Ship: RVIB N.B. Palmer
** Cruise: NBP2113 LTER
** Station: 500.200
** Operator: S. Blackman
# nquan = 25
# nvalues = 2717                        
# units = specified
# name 0 = prDM: Pressure, Digiquartz [db]
# name 1 = depSM: Depth [salt water, m]
# name 2 = t090C: Temperature [ITS-90, deg C]
# name 3 = c0mS/cm: Conductivity [mS/cm]
# name 4 = t190C: Temperature, 2 [ITS-90, deg C]
# name 5 = c1mS/cm: Conductivity, 2 [mS/cm]
# name 6 = sbeox0ML/L: Oxygen, SBE 43 [ml/l]
# name 7 = sbeox1ML/L: Oxygen, SBE 43, 2 [ml/l]
# name 8 = flECO-AFL: Fluorescence, WET Labs ECO-AFL/FL [mg/m^3]
# name 9 = CStarTr0: Beam Transmission, WET Labs C-Star [%]
# name 10 = par: PAR/Irradiance, Biospherical/Licor
# name 11 = latitude: Latitude [deg]
# name 12 = longitude: Longitude [deg]
# name 13 = timeJ: Julian Days
# name 14 = altM: Altimeter [m]
# name 15 = spar: SPAR, Biospherical/Licor
# name 16 = timeS: Time, Elapsed [seconds]
# name 17 = scan: Scan Count
# name 18 = density00: Density [density, kg/m^3]
# name 19 = density11: Density, 2 [density, kg/m^3]
# name 20 = sal00: Salinity, Practical [PSU]
# name 21 = sal11: Salinity, Practical, 2 [PSU]
# name 22 = oxsolML/L: Oxygen Saturation, Garcia & Gordon [ml/l]
# name 23 = nbin: number of scans per bin
# name 24 = flag: flag
# span 0 =      5.000,   2721.000       
# span 1 =      4.944,   2677.080       
# span 2 =    -1.1602,     1.6021       
# span 3 =  27.419715,  30.390712       
# span 4 =    -1.1596,     1.6020       
# span 5 =  27.417266,  30.389742       
# span 6 =     4.0436,     8.4721       
# span 7 =     4.0111,     8.3128       
# span 8 =    -0.0265,     2.6151       
# span 9 =    92.5167,    97.9563       
# span 10 = 1.0000e-12, 1.0000e-12      
# span 11 =  -64.60656,  -64.60634      
# span 12 =  -68.28784,  -68.28578      
# span 13 = 330.793814, 330.834317      
# span 14 =      -0.50,     119.67      
# span 15 = 1.9921e+02, 7.2973e+02      
# span 16 =    299.527,   3799.004      
# span 17 =       7190,      91177      
# span 18 =  1027.3553,  1040.3969      
# span 19 =  1027.3527,  1040.3961      
# span 20 =    33.9997,    34.7261      
# span 21 =    33.9972,    34.7252      
# span 22 =    7.70424,    8.31225      
# span 23 =          8,         54      
# span 24 = 0.0000e+00, 0.0000e+00      
# interval = decibars: 1                
# start_time = Nov 26 2021 18:58:06 [NMEA time, header]
# bad_flag = -9.990e-29
*END*
[from data line 174]
    179.000    177.173     1.0759  29.700269     1.0761  29.699066     4.2565     4.2230     0.0533    97.2375 1.0000e-12  -64.60652  -68.28600 330.798572      99.98 5.7645e+02    710.643      17056  1028.5224  1028.5210    34.5488    34.5470    7.81525         23 0.0000e+00
    180.000    178.162     1.0945  29.719855     1.0949  29.718281     4.2574     4.2138     0.0339    97.6674 1.0000e-12  -64.60652  -68.28599 330.798584      99.98 5.7646e+02    711.686      17081  1028.5287  1028.5266    34.5528    34.5503    7.81132         30 0.0000e+00
    181.000    179.153     1.1066  29.731929     1.1220  29.744327     4.2228     4.1938     0.0257    97.7370 1.0000e-12  -64.60652  -68.28598 330.798606      99.98 5.7803e+02    713.578      17127  1028.5339  1028.5315    34.5543    34.5532    7.80882         45 0.0000e+00
    182.000    180.142     1.1529  29.777959     1.1521  29.776008     4.2239     4.1930     0.0321    97.7303 1.0000e-12  -64.60652  -68.28598 330.798626      99.98 5.7867e+02    715.254      17167  1028.5403  1028.5392    34.5616    34.5600    7.79919         29 0.0000e+00
    183.000    181.129     1.1507  29.776796     1.1507  29.775759     4.1991     4.1681     0.0299    97.7506 1.0000e-12  -64.60652  -68.28596 330.798638      99.98 5.7998e+02    716.280      17192  1028.5459  1028.5449    34.5620    34.5606    7.79961         23 0.0000e+00
    184.000    182.122     1.1614  29.788109     1.1649  29.789752     4.1952     4.1629     0.0489    97.7102 1.0000e-12  -64.60650  -68.28596 330.798649      99.98 5.7999e+02    717.231      17215  1028.5514  1028.5498    34.5641    34.5623    7.79737         23 0.0000e+00
    185.000    183.109     1.2118  29.838041     1.2138  29.838197     4.1733     4.1509     0.0218    97.7223 1.0000e-12  -64.60650  -68.28594 330.798661      99.98 5.7999e+02    718.317      17241  1028.5575  1028.5559    34.5717    34.5697    7.78693         28 0.0000e+00
    186.000    184.098     1.2384  29.863340     1.2418  29.865271     4.1586     4.1343     0.0387    97.7149 1.0000e-12  -64.60650  -68.28596 330.798674      99.98 5.7999e+02    719.462      17268  1028.5622  1028.5609    34.5742    34.5729    7.78153         25 0.0000e+00
    187.000    185.089     1.2427  29.869757     1.2467  29.872267     4.1404     4.1211     0.0155    97.7287 1.0000e-12  -64.60650  -68.28594 330.798685      99.98 5.7999e+02    720.379      17290  1028.5690  1028.5678    34.5770    34.5759    7.78051         20 0.0000e+00
    188.000    186.077     1.2845  29.910960     1.2863  29.911196     4.1370     4.1200     0.0011    97.7335 1.0000e-12  -64.60650  -68.28594 330.798694      99.98 5.7999e+02    721.188      17310  1028.5747  1028.5733    34.5830    34.5814    7.77191         20 0.0000e+00
    189.000    187.067     1.2941  29.921060     1.2941  29.919722     4.1459     4.1213     0.0061    97.7436 1.0000e-12  -64.60650  -68.28594 330.798704      99.98 5.7999e+02    722.009      17329  1028.5802  1028.5790    34.5847    34.5830    7.76991         20 0.0000e+00
    190.000    188.057     1.2957  29.923236     1.2948  29.921240     4.1610     4.1238     0.0123    97.7505 1.0000e-12  -64.60650  -68.28594 330.798715      99.98 5.7999e+02    722.993      17353  1028.5856  1028.5845    34.5852    34.5836    7.76958         28 0.0000e+00
    191.000    189.045     1.2929  29.920714     1.2938  29.920210     4.1543     4.1214     0.0797    97.7682 1.0000e-12  -64.60650  -68.28594 330.798733      99.98 5.7999e+02    724.570      17391  1028.5907  1028.5893    34.5845    34.5828    7.77018         40 0.0000e+00
    192.000    190.035     1.2807  29.910124     1.2766  29.905298     4.1539     4.1140     0.0197    97.7535 1.0000e-12  -64.60650  -68.28594 330.798760      99.98 5.7999e+02    726.895      17446  1028.5967  1028.5959    34.5838    34.5822    7.77262         38 0.0000e+00
    193.000    191.025     1.2624  29.894261     1.2630  29.893632     4.1466     4.1098     0.0075    97.7433 1.0000e-12  -64.60650  -68.28592 330.798780      99.98 5.7840e+02    728.603      17487  1028.6031  1028.6018    34.5831    34.5817    7.77628         31 0.0000e+00
    194.000    192.014     1.2666  29.899754     1.2669  29.898905     4.1435     4.1009     0.0003    97.6751 1.0000e-12  -64.60650  -68.28591 330.798792      99.98 5.7823e+02    729.660      17513  1028.6089  1028.6077    34.5850    34.5836    7.77535         23 0.0000e+00
    195.000    193.002     1.2822  29.916553     1.2810  29.913734     4.1287     4.0967     0.0052    97.7541 1.0000e-12  -64.60650  -68.28590 330.798803      99.97 5.7823e+02    730.583      17535  1028.6150  1028.6134    34.5886    34.5864    7.77206         21 0.0000e+00
    196.000    193.994     1.3026  29.937007     1.3026  29.935732     4.1347     4.0898     0.0089    97.7787 1.0000e-12  -64.60650  -68.28590 330.798813      99.98 5.7823e+02    731.477      17556  1028.6202  1028.6189    34.5916    34.5900    7.76786         22 0.0000e+00
    197.000    194.980     1.3263  29.960126     1.3251  29.957816     4.1306     4.0838     0.0088    97.7824 1.0000e-12  -64.60650  -68.28588 330.798823      99.98 5.7823e+02    732.354      17577  1028.6250  1028.6238    34.5945    34.5928    7.76303         20 0.0000e+00
    198.000    195.967     1.3313  29.965479     1.3315  29.964488     4.1139     4.0811     0.0242    97.8033 1.0000e-12  -64.60650  -68.28588 330.798834      99.98 5.7752e+02    733.216      17598  1028.6300  1028.6288    34.5952    34.5937    7.76201         21 0.0000e+00
    199.000    196.962     1.3362  29.971052     1.3366  29.970229     4.1072     4.0765     0.0150    97.7699 1.0000e-12  -64.60650  -68.28588 330.798844      99.98 5.7648e+02    734.129      17620  1028.6353  1028.6341    34.5963    34.5948    7.76098         24 0.0000e+00
    200.000    197.950     1.3581  29.992971     1.3584  29.992243     4.1067     4.0746     0.0110    97.7512 1.0000e-12  -64.60650  -68.28590 330.798857      99.98 5.7479e+02    735.232      17647  1028.6407  1028.6396    34.5996    34.5983    7.75648         29 0.0000e+00
    201.000    198.938     1.3756  30.011020     1.3759  30.009940     4.1022     4.0681     0.0292    97.7527 1.0000e-12  -64.60650  -68.28591 330.798871      99.98 5.7610e+02    736.469      17676  1028.6464  1028.6450    34.6027    34.6009    7.75286         30 0.0000e+00
    202.000    199.927     1.3854  30.021289     1.3857  30.020402     4.1132     4.0746     0.0147    97.7708 1.0000e-12  -64.60650  -68.28592 330.798885      99.97 5.7646e+02    737.674      17705  1028.6518  1028.6506    34.6043    34.6029    7.75083         28 0.0000e+00
    203.000    200.917     1.3834  30.019695     1.3839  30.019018     4.1170     4.0794     0.0037    97.7292 1.0000e-12  -64.60650  -68.28592 330.798901      99.98 5.7646e+02    739.074      17739  1028.6567  1028.6556    34.6040    34.6025    7.75126         38 0.0000e+00
    204.000    201.905     1.3740  30.010887     1.3780  30.014086     4.1070     4.0618     0.0200    97.7792 1.0000e-12  -64.60650  -68.28589 330.798934      99.98 5.7510e+02    741.938      17808  1028.6617  1028.6610    34.6025    34.6021    7.75318         35 0.0000e+00
    205.000    202.894     1.3830  30.022020     1.3832  30.021057     4.1051     4.0541     0.0102    97.8092 1.0000e-12  -64.60650  -68.28586 330.798951      99.98 5.7468e+02    743.327      17841  1028.6687  1028.6675    34.6062    34.6048    7.75122         22 0.0000e+00
    206.000    203.885     1.3934  30.033500     1.3940  30.033119     4.0979     4.0494     0.0015    97.7572 1.0000e-12  -64.60650  -68.28586 330.798959      99.98 5.7514e+02    744.057      17858  1028.6745  1028.6735    34.6088    34.6076    7.74903         16 0.0000e+00
    207.000    204.872     1.3997  30.040756     1.4000  30.039757     4.0907     4.0448     0.0022    97.7719 1.0000e-12  -64.60650  -68.28586 330.798966      99.97 5.7633e+02    744.687      17873  1028.6799  1028.6786    34.6105    34.6088    7.74769         14 0.0000e+00
    208.000    205.865     1.4047  30.046293     1.4045  30.044968     4.0809     4.0438     0.0117    97.7826 1.0000e-12  -64.60650  -68.28586 330.798973      99.98 5.7646e+02    745.282      17888  1028.6851  1028.6839    34.6115    34.6100    7.74666         15 0.0000e+00
    209.000    206.852     1.4174  30.060374     1.4175  30.059446     4.0779     4.0423     0.0015    97.7811 1.0000e-12  -64.60650  -68.28584 330.798981      99.98 5.7551e+02    745.961      17904  1028.6913  1028.6902    34.6149    34.6136    7.74398         18 0.0000e+00
    210.000    207.842     1.4289  30.071575     1.4287  30.070184     4.0878     4.0464     0.0008    97.7054 1.0000e-12  -64.60650  -68.28584 330.798993      99.98 5.7443e+02    746.999      17929  1028.6957  1028.6946    34.6158    34.6143    7.74166         33 0.0000e+00
    211.000    208.831     1.4303  30.073499     1.4305  30.072645     4.0825     4.0481     0.0129    97.7232 1.0000e-12  -64.60650  -68.28585 330.799013      99.97 5.7218e+02    748.740      17971  1028.7009  1028.6999    34.6161    34.6149    7.74136         38 0.0000e+00
    212.000    209.820     1.4357  30.079714     1.4355  30.078281     4.1027     4.0442     0.0109    97.7762 1.0000e-12  -64.60650  -68.28586 330.799028      99.98 5.7116e+02    749.990      18001  1028.7063  1028.7051    34.6175    34.6159    7.74023         24 0.0000e+00
    213.000    210.810     1.4383  30.082852     1.4385  30.081924     4.0879     4.0464     0.0005    97.7075 1.0000e-12  -64.60650  -68.28586 330.799038      99.98 5.7117e+02    750.900      18023  1028.7114  1028.7103    34.6181    34.6167    7.73969         21 0.0000e+00
    214.000    211.798     1.4391  30.084069     1.4393  30.083131     4.0834     4.0450     0.0004    97.7801 1.0000e-12  -64.60650  -68.28586 330.799049      99.98 5.7024e+02    751.865      18046  1028.7162  1028.7150    34.6182    34.6167    7.73953         28 0.0000e+00
    215.000    212.788     1.4381  30.083447     1.4390  30.082962     4.0833     4.0460     0.0096    97.7311 1.0000e-12  -64.60648  -68.28586 330.799074      99.98 5.6877e+02    753.974      18096  1028.7210  1028.7197    34.6178    34.6163    7.73974         38 0.0000e+00
    216.000    213.776     1.4424  30.088704     1.4424  30.087743     4.0729     4.0367     0.0133    97.7951 1.0000e-12  -64.60648  -68.28586 330.799100      99.98 5.6589e+02    756.228      18150  1028.7266  1028.7256    34.6192    34.6180    7.73882         32 0.0000e+00
    217.000    214.767     1.4501  30.098326     1.4503  30.097306     4.0735     4.0325     0.0024    97.7934 1.0000e-12  -64.60648  -68.28584 330.799112      99.98 5.6353e+02    757.248      18175  1028.7331  1028.7319    34.6224    34.6209    7.73714         21 0.0000e+00
    218.000    215.755     1.4556  30.104729     1.4562  30.104575     4.0788     4.0325     0.0004    97.7978 1.0000e-12  -64.60648  -68.28582 330.799120      99.98 5.6233e+02    758.016      18193  1028.7386  1028.7378    34.6240    34.6231    7.73598         17 0.0000e+00
    219.000    216.743     1.4637  30.113683     1.4645  30.113457     4.0729     4.0329     0.0019    97.7972 1.0000e-12  -64.60648  -68.28582 330.799128      99.98 5.6236e+02    758.697      18210  1028.7440  1028.7430    34.6258    34.6247    7.73428         16 0.0000e+00
    220.000    217.734     1.4651  30.115539     1.4653  30.114766     4.0696     4.0309     0.0008    97.7840 1.0000e-12  -64.60648  -68.28582 330.799136      99.98 5.6236e+02    759.391      18226  1028.7489  1028.7479    34.6261    34.6249    7.73401         18 0.0000e+00
    221.000    218.723     1.4639  30.115237     1.4640  30.114243     4.0679     4.0307    -0.0000    97.7718 1.0000e-12  -64.60648  -68.28578 330.799145      99.98 5.6227e+02    760.154      18245  1028.7541  1028.7530    34.6264    34.6251    7.73422         19 0.0000e+00
    222.000    219.712     1.4720  30.124765     1.4723  30.123861     4.0663     4.0298     0.0005    97.8026 1.0000e-12  -64.60648  -68.28578 330.799156      99.98 5.6082e+02    761.064      18267  1028.7601  1028.7589    34.6291    34.6276    7.73249         24 0.0000e+00
    223.000    220.701     1.4820  30.135210     1.4821  30.134242     4.0662     4.0247     0.0170    97.7441 1.0000e-12  -64.60648  -68.28578 330.799168      99.98 5.5875e+02    762.144      18292  1028.7652  1028.7642    34.6307    34.6294    7.73043         29 0.0000e+00
    224.000    221.690     1.4829  30.136784     1.4835  30.136334     4.0725     4.0382     0.0340    97.7348 1.0000e-12  -64.60648  -68.28581 330.799184      99.98 5.5544e+02    763.511      18325  1028.7703  1028.7693    34.6311    34.6299    7.73023         35 0.0000e+00
    225.000    222.678     1.4855  30.139742     1.4894  30.142845     4.0653     4.0226     0.0002    97.5954 1.0000e-12  -64.60647  -68.28584 330.799215      99.98 5.5330e+02    766.192      18390  1028.7753  1028.7747    34.6315    34.6312    7.72971         42 0.0000e+00
    226.000    223.669     1.5064  30.162196     1.5063  30.161085     4.0492     4.0221     0.0008    97.8076 1.0000e-12  -64.60646  -68.28584 330.799238      99.98 5.5091e+02    768.121      18436  1028.7820  1028.7810    34.6365    34.6351    7.72536         27 0.0000e+00
    227.000    224.656     1.5175  30.173905     1.5175  30.172906     4.0519     4.0132     0.0022    97.8045 1.0000e-12  -64.60646  -68.28582 330.799248      99.98 5.4873e+02    769.003      18457  1028.7873  1028.7863    34.6385    34.6372    7.72307         20 0.0000e+00
    228.000    225.647     1.5254  30.182775     1.5257  30.181989     4.0634     4.0129     0.0120    97.7858 1.0000e-12  -64.60646  -68.28582 330.799256      99.98 5.4670e+02    769.733      18475  1028.7928  1028.7918    34.6405    34.6392    7.72141         16 0.0000e+00
    229.000    226.636     1.5459  30.203822     1.5458  30.202616     4.0532     4.0129     0.0126    97.7503 1.0000e-12  -64.60646  -68.28582 330.799264      99.98 5.4492e+02    770.425      18491  1028.7984  1028.7973    34.6441    34.6426    7.71721         17 0.0000e+00
    230.000    227.624     1.5617  30.220039     1.5616  30.219037     4.0525     4.0111     0.0120    97.7827 1.0000e-12  -64.60646  -68.28580 330.799273      99.98 5.4473e+02    771.173      18509  1028.8036  1028.8028    34.6466    34.6455    7.71398         19 0.0000e+00
    231.000    228.615     1.5753  30.233805     1.5758  30.233174     4.0509     4.0164     0.0114    97.7788 1.0000e-12  -64.60646  -68.28578 330.799283      99.97 5.4504e+02    772.047      18530  1028.8087  1028.8076    34.6486    34.6473    7.71123         23 0.0000e+00
    232.000    229.603     1.5804  30.239393     1.5802  30.238182     4.0532     4.0157     0.0053    97.7879 1.0000e-12  -64.60646  -68.28578 330.799295      99.98 5.4648e+02    773.054      18554  1028.8138  1028.8128    34.6495    34.6481    7.71018         26 0.0000e+00
    233.000    230.593     1.5746  30.234732     1.5745  30.233634     4.0518     4.0186    -0.0069    97.7541 1.0000e-12  -64.60646  -68.28578 330.799307      99.98 5.4649e+02    774.161      18581  1028.8194  1028.8184    34.6494    34.6481    7.71132         29 0.0000e+00
    234.000    231.582     1.5690  30.229702     1.5698  30.229350     4.0536     4.0189     0.0102    97.7274 1.0000e-12  -64.60646  -68.28579 330.799325      99.98 5.4399e+02    775.667      18617  1028.8242  1028.8231    34.6485    34.6472    7.71245         39 0.0000e+00
    235.000    232.569     1.5669  30.228521     1.5675  30.228307     4.0613     4.0120     0.0011    97.7933 1.0000e-12  -64.60646  -68.28582 330.799353      99.98 5.4267e+02    778.085      18675  1028.8296  1028.8289    34.6488    34.6479    7.71285         36 0.0000e+00
