NBP2113_155081_ctd/data/dnbp2113_009.cnv
* Sea-Bird SBE 9 Data File:
* FileName = D:\Data\raw\NBP2113_009.hex
* Software Version Seasave V 7.26.7.121
* Temperature SN = 2438
* Conductivity SN = 2067
* Number of Bytes Per Scan = 40
* Number of Voltage Words = 5
* Number of Scans Averaged by the Deck Unit = 1
* NMEA Latitude = 64 41.94 S
* NMEA Longitude = 065 01.96 W
* NMEA UTC (Time) = Nov 25 2021  18:20:06
* NMEA baud rate = 9600
** Ship: RVIB N.B. Palmer
** Cruise: NBP2113 LTER
** Station: 600.080
** Operator: S. Blackman
# nquan = 25
# nvalues = 99                          
# units = specified
# name 0 = prDM: Pressure, Digiquartz [db]
# name 1 = depSM: Depth [salt water, m]
# name 2 = t090C: Temperature [ITS-90, deg C]
# name 3 = c0mS/cm: Conductivity [mS/cm]
# name 4 = t190C: Temperature, 2 [ITS-90, deg C]
# name 5 = c1mS/cm: Conductivity, 2 [mS/cm]
# name 6 = sbeox0ML/L: Oxygen, SBE 43 [ml/l]
# name 7 = sbeox1ML/L: Oxygen, SBE 43, 2 [ml/l]
# name 8 = flECO-AFL: Fluorescence, WET Labs ECO-AFL/FL [mg/m^3]
# name 9 = CStarTr0: Beam Transmission, WET Labs C-Star [%]
# name 10 = par: PAR/Irradiance, Biospherical/Licor
# name 11 = latitude: Latitude [deg]
# name 12 = longitude: Longitude [deg]
# name 13 = timeJ: Julian Days
# name 14 = altM: Altimeter [m]
# name 15 = spar: SPAR, Biospherical/Licor
# name 16 = timeS: Time, Elapsed [seconds]
# name 17 = scan: Scan Count
# name 18 = density00: Density [density, kg/m^3]
# name 19 = density11: Density, 2 [density, kg/m^3]
# name 20 = sal00: Salinity, Practical [PSU]
# name 21 = sal11: Salinity, Practical, 2 [PSU]
# name 22 = oxsolML/L: Oxygen Saturation, Garcia & Gordon [ml/l]
# name 23 = nbin: number of scans per bin
# name 24 = flag: flag
# span 0 =      4.000,    102.000       
# span 1 =      3.961,    100.988       
# span 2 =    -0.4511,    -0.1387       
# span 3 =  28.039009,  28.441224       
# span 4 =    -0.4503,    -0.1355       
# span 5 =  28.037764,  28.437597       
# span 6 =     6.2828,     8.2275       
# span 7 =     6.3085,     8.1556       
# span 8 =     0.1313,     1.6562       
# span 9 =    88.6214,    97.0639       
# span 10 = 1.0111e-01, 2.1941e+02      
# span 11 =  -64.69912,  -64.69886      
# span 12 =  -65.03373,  -65.03292      
# span 13 = 329.767751, 329.771160      
# span 14 =       1.22,     100.31      
# span 15 = 5.3063e+02, 5.6766e+02      
# span 16 =    327.705,    622.242      
# span 17 =       7866,      14935      
# span 18 =  1027.3331,  1028.0321      
# span 19 =  1027.3300,  1028.0266      
# span 20 =    34.0027,    34.3028      
# span 21 =    33.9989,    34.2960      
# span 22 =    8.07863,    8.15457      
# span 23 =          7,         49      
# span 24 = 0.0000e+00, 0.0000e+00      
# interval = decibars: 1                
# start_time = Nov 25 2021 18:20:06 [NMEA time, header]
# bad_flag = -9.990e-29
*END*
      4.000      3.961    -0.2613  28.068329    -0.2615  28.065145     8.2119     8.1410     0.6258    88.6214 2.1941e+02  -64.69886  -65.03373 329.767751       6.70 5.3063e+02    327.705       7866  1027.3331  1027.3300    34.0028    33.9989    8.12170         17 0.0000e+00
      5.000      4.951    -0.2626  28.067560    -0.2618  28.065672     8.1647     8.1481     0.6875    88.9504 1.9000e+02  -64.69886  -65.03371 329.767800       6.20 5.3063e+02    331.903       7967  1027.3379  1027.3351    34.0027    33.9992    8.12199         43 0.0000e+00
      6.000      5.941    -0.2624  28.068276    -0.2606  28.067319     8.1945     8.1494     0.6958    89.5868 1.6894e+02  -64.69886  -65.03372 329.767881       7.77 5.3063e+02    338.878       8134  1027.3428  1027.3400    34.0028    33.9995    8.12195         42 0.0000e+00
      7.000      6.931    -0.2650  28.066598    -0.2658  28.063459     8.1566     8.1543     0.6907    89.5334 1.4650e+02  -64.69886  -65.03371 329.767905       5.55 5.3068e+02    340.951       8184  1027.3477  1027.3452    34.0028    33.9995    8.12249         44 0.0000e+00
      8.000      7.923    -0.2671  28.065612    -0.2687  28.061625     8.1575     8.1494     0.7178    89.5669 1.2941e+02  -64.69886  -65.03371 329.767942       4.53 5.3235e+02    344.224       8262  1027.3530  1027.3503    34.0032    33.9998    8.12291         35 0.0000e+00
      9.000      8.912    -0.2706  28.063226    -0.2693  28.061618     8.1572     8.1498     0.7179    89.5978 1.1434e+02  -64.69886  -65.03371 329.767973       1.39 5.3239e+02    346.838       8325  1027.3581  1027.3551    34.0034    33.9998    8.12366         45 0.0000e+00
     10.000      9.900    -0.2665  28.066723    -0.2663  28.064457     8.1787     8.1556     0.7149    89.6249 9.7724e+01  -64.69886  -65.03370 329.767995       1.22 5.3239e+02    348.779       8372  1027.3622  1027.3594    34.0029    33.9996    8.12282         32 0.0000e+00
     11.000     10.891    -0.2667  28.067143    -0.2655  28.065471     8.1790     8.1506     0.7629    89.6132 9.2141e+01  -64.69886  -65.03371 329.768036       1.46 5.3239e+02    352.350       8457  1027.3670  1027.3641    34.0030    33.9994    8.12284         33 0.0000e+00
     12.000     11.883    -0.2671  28.067161    -0.2659  28.065382     8.1982     8.1408     0.7761    89.6413 8.0740e+01  -64.69886  -65.03371 329.768066      46.78 5.3239e+02    354.873       8518  1027.3718  1027.3687    34.0029    33.9992    8.12294         42 0.0000e+00
     13.000     12.873    -0.2682  28.066718    -0.2703  28.062615     8.1539     8.1429     0.7604    89.6713 7.2864e+01  -64.69886  -65.03371 329.768088     100.31 5.3239e+02    356.781       8564  1027.3766  1027.3743    34.0029    33.9998    8.12317         44 0.0000e+00
     14.000     13.862    -0.2688  28.066647    -0.2692  28.063953     8.1877     8.1542     0.7821    89.6608 6.9195e+01  -64.69886  -65.03370 329.768124      99.97 5.3239e+02    359.932       8639  1027.3814  1027.3789    34.0029    33.9997    8.12330         36 0.0000e+00
     15.000     14.850    -0.2698  28.066408    -0.2686  28.064784     8.1889     8.1462     0.7632    89.6757 6.3825e+01  -64.69886  -65.03372 329.768153      99.97 5.3239e+02    362.442       8700  1027.3864  1027.3834    34.0031    33.9995    8.12351         40 0.0000e+00
     16.000     15.844    -0.2691  28.067320    -0.2674  28.066066     8.2073     8.1472     0.7864    89.6898 5.4174e+01  -64.69886  -65.03370 329.768192      99.97 5.3239e+02    365.812       8780  1027.3909  1027.3880    34.0029    33.9993    8.12336         34 0.0000e+00
     17.000     16.833    -0.2707  28.066596    -0.2691  28.065286     8.1904     8.1389     0.7998    89.6853 4.8163e+01  -64.69886  -65.03370 329.768216      99.97 5.3239e+02    367.864       8830  1027.3960  1027.3931    34.0031    33.9996    8.12370         35 0.0000e+00
     18.000     17.823    -0.2713  28.066686    -0.2698  28.065250     8.1921     8.1438     0.8284    89.6475 4.5237e+01  -64.69886  -65.03370 329.768234      99.97 5.3239e+02    369.412       8867  1027.4009  1027.3979    34.0033    33.9996    8.12381         33 0.0000e+00
     19.000     18.814    -0.2712  28.067144    -0.2701  28.065565     8.1959     8.1425     0.8470    89.6716 4.1318e+01  -64.69886  -65.03370 329.768287      99.97 5.3239e+02    373.968       8976  1027.4057  1027.4028    34.0032    33.9998    8.12380         35 0.0000e+00
     20.000     19.803    -0.2727  28.066551    -0.2718  28.064860     8.2275     8.1473     0.9594    89.7002 3.5483e+01  -64.69887  -65.03370 329.768310      99.97 5.3253e+02    375.967       9024  1027.4107  1027.4081    34.0034    34.0002    8.12410         39 0.0000e+00
     21.000     20.793    -0.2744  28.065970    -0.2742  28.063572     8.1643     8.1443     0.9972    89.7064 3.3030e+01  -64.69888  -65.03370 329.768333      99.97 5.3383e+02    378.006       9073  1027.4160  1027.4133    34.0039    34.0006    8.12443         30 0.0000e+00
     22.000     21.782    -0.2763  28.065156    -0.2747  28.063898     8.1964     8.1337     1.0321    89.7218 3.2223e+01  -64.69886  -65.03370 329.768373      99.97 5.3390e+02    381.431       9155  1027.4212  1027.4184    34.0043    34.0010    8.12481         22 0.0000e+00
     23.000     22.773    -0.2816  28.062126    -0.2801  28.060832     8.1549     8.1274     1.0922    89.7549 2.7785e+01  -64.69888  -65.03369 329.768410      99.97 5.3415e+02    384.585       9231  1027.4274  1027.4246    34.0057    34.0023    8.12588         39 0.0000e+00
     24.000     23.764    -0.2823  28.062189    -0.2810  28.060668     8.1960     8.1207     1.4096    89.7899 2.5341e+01  -64.69888  -65.03368 329.768432      99.97 5.3415e+02    386.545       9278  1027.4324  1027.4295    34.0059    34.0025    8.12600         45 0.0000e+00
     25.000     24.753    -0.2826  28.062325    -0.2813  28.060940     8.1811     8.1255     1.4510    89.9123 2.4053e+01  -64.69888  -65.03368 329.768472      99.97 5.3415e+02    389.978       9360  1027.4371  1027.4343    34.0059    34.0025    8.12608         27 0.0000e+00
     26.000     25.745    -0.2828  28.062678    -0.2817  28.061095     8.2052     8.1357     1.4563    89.9210 2.1702e+01  -64.69888  -65.03367 329.768505      99.97 5.3415e+02    392.873       9430  1027.4419  1027.4391    34.0059    34.0025    8.12612         36 0.0000e+00
     27.000     26.733    -0.2831  28.063037    -0.2818  28.061553     8.1844     8.1287     1.5259    89.9142 1.9478e+01  -64.69888  -65.03367 329.768541      99.97 5.3415e+02    395.931       9503  1027.4468  1027.4439    34.0061    34.0026    8.12616         29 0.0000e+00
     28.000     27.725    -0.2833  28.063339    -0.2819  28.061913     8.1898     8.1260     1.5466    89.8968 1.7952e+01  -64.69888  -65.03366 329.768577      99.97 5.3415e+02    399.064       9579  1027.4516  1027.4487    34.0061    34.0026    8.12621         41 0.0000e+00
     29.000     28.713    -0.2829  28.064029    -0.2814  28.062692     8.2049     8.1287     1.4850    89.9065 1.6514e+01  -64.69888  -65.03366 329.768605      99.97 5.3488e+02    401.492       9637  1027.4563  1027.4533    34.0060    34.0025    8.12613         40 0.0000e+00
     30.000     29.703    -0.2835  28.064102    -0.2822  28.062510     8.1882     8.1246     1.5428    89.9544 1.5019e+01  -64.69888  -65.03366 329.768648      99.97 5.3587e+02    405.159       9725  1027.4611  1027.4582    34.0061    34.0025    8.12625         30 0.0000e+00
     31.000     30.695    -0.2831  28.064824    -0.2817  28.063363     8.1967     8.1278     1.5222    89.9358 1.3609e+01  -64.69888  -65.03365 329.768681      99.97 5.3592e+02    408.057       9794  1027.4659  1027.4629    34.0061    34.0025    8.12618         43 0.0000e+00
     32.000     31.684    -0.2826  28.065661    -0.2814  28.063999     8.1771     8.1169     1.5286    89.9964 1.2515e+01  -64.69888  -65.03364 329.768715      99.97 5.3592e+02    410.989       9865  1027.4705  1027.4676    34.0059    34.0025    8.12606         47 0.0000e+00
     33.000     32.674    -0.2843  28.065031    -0.2821  28.063993     8.2076     8.1278     1.4678    90.0128 1.1623e+01  -64.69888  -65.03364 329.768743      99.97 5.3742e+02    413.418       9923  1027.4757  1027.4726    34.0064    34.0026    8.12640         38 0.0000e+00
     34.000     33.667    -0.2833  28.066022    -0.2820  28.064552     8.1982     8.1240     1.5425    89.9593 1.0638e+01  -64.69890  -65.03364 329.768790      99.97 5.3766e+02    417.437      10019  1027.4802  1027.4774    34.0061    34.0027    8.12622         31 0.0000e+00
     35.000     34.655    -0.2847  28.065688    -0.2826  28.064596     8.1812     8.1236     1.4908    89.9689 9.7730e+00  -64.69890  -65.03362 329.768822      99.97 5.3768e+02    420.238      10087  1027.4854  1027.4823    34.0065    34.0027    8.12648         47 0.0000e+00
     36.000     35.646    -0.2900  28.062350    -0.2890  28.061209     8.1789     8.0980     1.4834    89.9358 8.9735e+00  -64.69890  -65.03361 329.768851      99.97 5.3826e+02    422.756      10147  1027.4912  1027.4891    34.0074    34.0048    8.12756         41 0.0000e+00
     37.000     36.636    -0.3054  28.052734    -0.3044  28.051039     8.1484     8.0803     1.5771    90.0271 8.3208e+00  -64.69890  -65.03360 329.768890      99.97 5.3940e+02    426.124      10228  1027.5001  1027.4973    34.0111    34.0078    8.13064         42 0.0000e+00
     38.000     37.625    -0.3068  28.051894    -0.3044  28.051114     8.1549     8.0800     1.6085    90.1683 7.6676e+00  -64.69890  -65.03360 329.768926      99.97 5.3944e+02    429.173      10301  1027.5047  1027.5015    34.0110    34.0072    8.13095         34 0.0000e+00
     39.000     38.614    -0.3048  28.053500    -0.3031  28.052425     8.1376     8.0782     1.5848    90.2753 7.0437e+00  -64.69890  -65.03358 329.768962      99.97 5.4076e+02    432.356      10378  1027.5087  1027.5059    34.0103    34.0070    8.13056         38 0.0000e+00
     40.000     39.604    -0.3072  28.052298    -0.3053  28.051334     8.1682     8.0743     1.4331    90.3957 6.4910e+00  -64.69890  -65.03358 329.768990      82.48 5.4120e+02    434.736      10435  1027.5140  1027.5111    34.0108    34.0074    8.13105         47 0.0000e+00
     41.000     40.595    -0.3093  28.051302    -0.3079  28.050231     8.1434     8.0666     1.5252    90.5190 5.9855e+00  -64.69890  -65.03357 329.769035      99.12 5.4220e+02    438.619      10528  1027.5191  1027.5167    34.0112    34.0082    8.13148         27 0.0000e+00
     42.000     41.585    -0.3139  28.048591    -0.3127  28.047281     8.1319     8.0536     1.4752    90.6308 5.4752e+00  -64.69890  -65.03356 329.769070      99.97 5.4297e+02    441.651      10601  1027.5249  1027.5224    34.0121    34.0090    8.13241         41 0.0000e+00
     43.000     42.575    -0.3142  28.048955    -0.3130  28.047679     8.1332     8.0498     1.4910    90.8073 5.0735e+00  -64.69890  -65.03356 329.769094      99.97 5.4297e+02    443.729      10650  1027.5298  1027.5273    34.0123    34.0092    8.13247         41 0.0000e+00
     44.000     43.566    -0.3133  28.050501    -0.3122  28.049043     8.1281     8.0460     1.4831    91.0730 4.7960e+00  -64.69890  -65.03356 329.769134      99.97 5.4366e+02    447.215      10734  1027.5349  1027.5322    34.0128    34.0095    8.13225         28 0.0000e+00
     45.000     44.555    -0.3124  28.052024    -0.3112  28.050603     8.1314     8.0541     1.4325    91.1615 4.4308e+00  -64.69891  -65.03355 329.769174      99.97 5.4474e+02    450.630      10816  1027.5399  1027.5372    34.0131    34.0100    8.13202         42 0.0000e+00
     46.000     45.545    -0.3111  28.053738    -0.3100  28.052335     8.1302     8.0459     1.5737    91.2130 4.0485e+00  -64.69892  -65.03354 329.769206      99.97 5.4473e+02    453.392      10882  1027.5447  1027.5422    34.0134    34.0103    8.13173         35 0.0000e+00
     47.000     46.534    -0.3118  28.053717    -0.3106  28.052456     8.1259     8.0481     1.6562    91.1717 3.7625e+00  -64.69892  -65.03353 329.769230      99.97 5.4473e+02    455.454      10932  1027.5497  1027.5471    34.0135    34.0104    8.13187         42 0.0000e+00
     48.000     47.526    -0.3115  28.054443    -0.3106  28.052779     8.1315     8.0317     1.4924    91.2170 3.5171e+00  -64.69892  -65.03352 329.769289      99.97 5.4632e+02    460.602      11055  1027.5545  1027.5518    34.0135    34.0103    8.13181         37 0.0000e+00
     49.000     48.514    -0.3129  28.053990    -0.3119  28.052617     8.0568     8.0223     1.3299    91.3798 3.2548e+00  -64.69892  -65.03351 329.769317      99.97 5.4649e+02    462.958      11112  1027.5596  1027.5572    34.0139    34.0109    8.13209         34 0.0000e+00
     50.000     49.505    -0.3132  28.054903    -0.3123  28.053539     8.1314     8.0189     1.3268    91.4494 3.0028e+00  -64.69892  -65.03350 329.769332      99.97 5.4763e+02    464.301      11144  1027.5652  1027.5628    34.0149    34.0120    8.13210         35 0.0000e+00
     51.000     50.496    -0.3128  28.055536    -0.3116  28.054090     8.0995     8.0190     1.4042    91.5281 2.8127e+00  -64.69892  -65.03350 329.769387      99.97 5.4827e+02    469.001      11257  1027.5698  1027.5671    34.0147    34.0114    8.13203         33 0.0000e+00
     52.000     51.484    -0.3127  28.056363    -0.3116  28.054942     8.1074     8.0241     1.1210    91.6683 2.5895e+00  -64.69892  -65.03348 329.769418      99.97 5.4826e+02    471.687      11321  1027.5748  1027.5722    34.0150    34.0119    8.13198         28 0.0000e+00
     53.000     52.475    -0.3122  28.057408    -0.3112  28.055873     8.1014     8.0215     1.3085    91.7452 2.4194e+00  -64.69892  -65.03348 329.769442      99.97 5.4867e+02    473.801      11372  1027.5797  1027.5771    34.0152    34.0121    8.13186         39 0.0000e+00
     54.000     53.465    -0.3123  28.057693    -0.3119  28.056015     8.0853     8.0115     1.2917    91.7920 2.3279e+00  -64.69894  -65.03348 329.769493      99.97 5.5002e+02    478.225      11478  1027.5844  1027.5822    34.0151    34.0124    8.13189         49 0.0000e+00
     55.000     54.455    -0.3141  28.057469    -0.3129  28.056178     8.0942     8.0011     1.2970    91.9550 2.1245e+00  -64.69894  -65.03347 329.769530      99.97 5.5002e+02    481.397      11555  1027.5902  1027.5876    34.0162    34.0131    8.13222         38 0.0000e+00
     56.000     55.445    -0.3150  28.057355    -0.3141  28.056026     8.1070     7.9937     1.1352    92.1332 1.9839e+00  -64.69894  -65.03345 329.769561      99.97 5.5002e+02    484.089      11619  1027.5953  1027.5929    34.0165    34.0136    8.13240         39 0.0000e+00
     57.000     56.435    -0.3167  28.056917    -0.3156  28.055549     8.0949     7.9884     1.1380    92.1825 1.8413e+00  -64.69894  -65.03344 329.769585      99.97 5.5017e+02    486.102      11667  1027.6007  1027.5982    34.0172    34.0141    8.13271         36 0.0000e+00
     58.000     57.424    -0.3172  28.057177    -0.3161  28.055723     8.0916     7.9915     1.2142    92.1959 1.7395e+00  -64.69894  -65.03344 329.769632      99.97 5.5168e+02    490.173      11765  1027.6057  1027.6031    34.0174    34.0143    8.13280         37 0.0000e+00
     59.000     58.410    -0.3173  28.057643    -0.3163  28.056216     8.0905     7.9908     1.2261    92.2302 1.5982e+00  -64.69895  -65.03343 329.769667      99.97 5.5178e+02    493.220      11838  1027.6105  1027.6081    34.0175    34.0146    8.13281         29 0.0000e+00
     60.000     59.405    -0.3184  28.057427    -0.3174  28.055984     8.0674     7.9746     1.1675    92.2396 1.4985e+00  -64.69896  -65.03341 329.769706      99.97 5.5178e+02    496.628      11920  1027.6157  1027.6131    34.0180    34.0148    8.13304         41 0.0000e+00
