NBP2113_155081_ctd/data/dnbp2113_018.cnv
* Sea-Bird SBE 9 Data File:
* FileName = D:\Data\raw\NBP2113_018.hex
* Software Version Seasave V 7.26.7.121
* Temperature SN = 2438
* Conductivity SN = 2067
* Number of Bytes Per Scan = 40
* Number of Voltage Words = 5
* Number of Scans Averaged by the Deck Unit = 1
* NMEA Latitude = 65 50.87 S
* NMEA Longitude = 071 22.66 W
* NMEA UTC (Time) = Nov 28 2021  20:11:54
* NMEA baud rate = 9600
** Ship: RVIB N.B. Palmer
** Cruise: NBP2113 LTER
** Station: 300.200
** Operator: S. Blackman
# nquan = 25
# nvalues = 3098                        
# units = specified
# name 0 = prDM: Pressure, Digiquartz [db]
# name 1 = depSM: Depth [salt water, m]
# name 2 = t090C: Temperature [ITS-90, deg C]
# name 3 = c0mS/cm: Conductivity [mS/cm]
# name 4 = t190C: Temperature, 2 [ITS-90, deg C]
# name 5 = c1mS/cm: Conductivity, 2 [mS/cm]
# name 6 = sbeox0ML/L: Oxygen, SBE 43 [ml/l]
# name 7 = sbeox1ML/L: Oxygen, SBE 43, 2 [ml/l]
# name 8 = flECO-AFL: Fluorescence, WET Labs ECO-AFL/FL [mg/m^3]
# name 9 = CStarTr0: Beam Transmission, WET Labs C-Star [%]
# name 10 = par: PAR/Irradiance, Biospherical/Licor
# name 11 = latitude: Latitude [deg]
# name 12 = longitude: Longitude [deg]
# name 13 = timeJ: Julian Days
# name 14 = altM: Altimeter [m]
# name 15 = spar: SPAR, Biospherical/Licor
# name 16 = timeS: Time, Elapsed [seconds]
# name 17 = scan: Scan Count
# name 18 = density00: Density [density, kg/m^3]
# name 19 = density11: Density, 2 [density, kg/m^3]
# name 20 = sal00: Salinity, Practical [PSU]
# name 21 = sal11: Salinity, Practical, 2 [PSU]
# name 22 = oxsolML/L: Oxygen Saturation, Garcia & Gordon [ml/l]
# name 23 = nbin: number of scans per bin
# name 24 = flag: flag
# span 0 =      5.000,   3102.000       
# span 1 =      4.951,   3048.984       
# span 2 =    -0.9604,     1.9798       
# span 3 =  27.559609,  30.705951       
# span 4 =    -0.9587,     1.9795       
# span 5 =  27.559233,  30.705150       
# span 6 =     3.9066,     8.4230       
# span 7 =     3.9540,     8.4608       
# span 8 =    -0.0220,    10.1452       
# span 9 =    85.2241,    97.8607       
# span 10 = 1.0000e-12, 1.0000e-12      
# span 11 =  -65.84838,  -65.84752      
# span 12 =  -71.37858,  -71.37718      
# span 13 = 332.844803, 332.889189      
# span 14 =       1.14,     108.25      
# span 15 = 2.0217e+02, 6.2851e+02      
# span 16 =    276.952,   4111.969      
# span 17 =       6648,      98688      
# span 18 =  1027.3162,  1042.0975      
# span 19 =  1027.3144,  1042.0969      
# span 20 =    33.9566,    34.7290      
# span 21 =    33.9548,    34.7281      
# span 22 =    7.63195,    8.26876      
# span 23 =         12,         69      
# span 24 = 0.0000e+00, 0.0000e+00      
# interval = decibars: 1                
# start_time = Nov 28 2021 20:11:54 [NMEA time, header]
# bad_flag = -9.990e-29
*END*
[from data line 2725]
   2730.000   2685.648     0.5125  30.404049     0.5127  30.403835     4.5920     4.6486    -0.0090    97.7962 1.0000e-12  -65.84796  -71.37806 332.883905      99.98 3.0900e+02   3655.387      87730  1040.4308  1040.4304    34.7017    34.7012    7.92080         17 0.0000e+00
   2731.000   2686.621     0.5123  30.404266     0.5126  30.404122     4.5941     4.6541    -0.0103    97.7992 1.0000e-12  -65.84796  -71.37806 332.883913      99.97 3.0851e+02   3656.073      87747  1040.4353  1040.4349    34.7016    34.7012    7.92084         17 0.0000e+00
   2732.000   2687.601     0.5122  30.404454     0.5124  30.404249     4.5915     4.6503    -0.0149    97.8066 1.0000e-12  -65.84796  -71.37805 332.883921      99.98 3.0850e+02   3656.795      87764  1040.4397  1040.4394    34.7016    34.7011    7.92087         18 0.0000e+00
   2733.000   2688.580     0.5116  30.404455     0.5120  30.404330     4.5950     4.6485    -0.0096    97.7977 1.0000e-12  -65.84796  -71.37804 332.883933      99.97 3.0833e+02   3657.836      87789  1040.4444  1040.4439    34.7017    34.7011    7.92098         30 0.0000e+00
   2734.000   2689.556     0.5119  30.404966     0.5123  30.404922     4.5941     4.6517    -0.0111    97.8041 1.0000e-12  -65.84796  -71.37804 332.883966      99.97 3.0585e+02   3660.665      87857  1040.4487  1040.4483    34.7016    34.7011    7.92094         28 0.0000e+00
   2735.000   2690.533     0.5118  30.405259     0.5120  30.405154     4.5930     4.6526    -0.0040    97.7868 1.0000e-12  -65.84796  -71.37803 332.883979      99.98 3.0497e+02   3661.778      87884  1040.4532  1040.4530    34.7016    34.7012    7.92096         22 0.0000e+00
   2736.000   2691.511     0.5114  30.405406     0.5116  30.405183     4.5928     4.6554    -0.0044    97.7953 1.0000e-12  -65.84796  -71.37803 332.883989      99.97 3.0498e+02   3662.656      87905  1040.4579  1040.4574    34.7017    34.7012    7.92103         20 0.0000e+00
   2737.000   2692.489     0.5107  30.405181     0.5110  30.404965     4.5972     4.6495    -0.0146    97.7887 1.0000e-12  -65.84796  -71.37803 332.883999      99.98 3.0498e+02   3663.552      87926  1040.4624  1040.4619    34.7017    34.7011    7.92117         24 0.0000e+00
   2738.000   2693.467     0.5104  30.405233     0.5106  30.405005     4.5894     4.6502    -0.0082    97.7933 1.0000e-12  -65.84796  -71.37802 332.884011      99.98 3.0498e+02   3664.588      87951  1040.4669  1040.4664    34.7016    34.7010    7.92124         27 0.0000e+00
   2739.000   2694.443     0.5104  30.405571     0.5106  30.405391     4.5990     4.6525    -0.0061    97.7952 1.0000e-12  -65.84796  -71.37802 332.884026      99.97 3.0498e+02   3665.823      87981  1040.4713  1040.4709    34.7015    34.7010    7.92124         31 0.0000e+00
   2740.000   2695.421     0.5103  30.405915     0.5106  30.405709     4.5995     4.6491    -0.0004    97.7995 1.0000e-12  -65.84798  -71.37802 332.884040      99.97 3.0321e+02   3667.068      88011  1040.4758  1040.4753    34.7016    34.7010    7.92126         28 0.0000e+00
   2741.000   2696.398     0.5102  30.406304     0.5105  30.406066     4.5985     4.6543    -0.0033    97.7965 1.0000e-12  -65.84798  -71.37802 332.884053      99.98 3.0322e+02   3668.159      88037  1040.4804  1040.4799    34.7017    34.7011    7.92127         25 0.0000e+00
   2742.000   2697.374     0.5101  30.406551     0.5104  30.406428     4.5942     4.6513    -0.0099    97.7890 1.0000e-12  -65.84798  -71.37802 332.884064      99.98 3.0322e+02   3669.157      88061  1040.4848  1040.4844    34.7016    34.7012    7.92129         23 0.0000e+00
   2743.000   2698.354     0.5097  30.406626     0.5100  30.406341     4.5964     4.6498    -0.0155    97.7939 1.0000e-12  -65.84798  -71.37800 332.884076      99.98 3.0322e+02   3670.132      88084  1040.4894  1040.4889    34.7016    34.7011    7.92137         24 0.0000e+00
   2744.000   2699.331     0.5099  30.407064     0.5101  30.406858     4.6019     4.6506    -0.0145    97.8000 1.0000e-12  -65.84798  -71.37802 332.884088      99.97 3.0322e+02   3671.179      88109  1040.4938  1040.4933    34.7015    34.7010    7.92134         27 0.0000e+00
   2745.000   2700.312     0.5100  30.407616     0.5102  30.407279     4.5940     4.6564    -0.0077    97.7939 1.0000e-12  -65.84798  -71.37800 332.884105      99.98 3.0322e+02   3672.660      88145  1040.4983  1040.4977    34.7016    34.7010    7.92131         31 0.0000e+00
   2746.000   2701.285     0.5103  30.408168     0.5106  30.408040     4.6063     4.6552    -0.0077    97.7980 1.0000e-12  -65.84798  -71.37802 332.884137      99.98 3.0260e+02   3675.413      88211  1040.5026  1040.5022    34.7015    34.7010    7.92126         29 0.0000e+00
   2747.000   2702.261     0.5103  30.408539     0.5105  30.408390     4.5929     4.6496    -0.0080    97.7951 1.0000e-12  -65.84798  -71.37800 332.884149      99.97 3.0143e+02   3676.453      88236  1040.5071  1040.5067    34.7015    34.7011    7.92126         22 0.0000e+00
   2748.000   2703.242     0.5102  30.408859     0.5104  30.408610     4.5987     4.6560    -0.0133    97.8010 1.0000e-12  -65.84800  -71.37802 332.884158      99.98 3.0145e+02   3677.251      88255  1040.5116  1040.5112    34.7016    34.7011    7.92128         18 0.0000e+00
   2749.000   2704.217     0.5100  30.409045     0.5103  30.409022     4.6014     4.6568    -0.0136    97.7972 1.0000e-12  -65.84800  -71.37800 332.884166      99.97 3.0200e+02   3677.976      88272  1040.5161  1040.5158    34.7015    34.7012    7.92132         16 0.0000e+00
   2750.000   2705.195     0.5093  30.408843     0.5094  30.408542     4.5922     4.6564    -0.0086    97.7926 1.0000e-12  -65.84800  -71.37801 332.884174      99.97 3.0320e+02   3678.676      88289  1040.5207  1040.5203    34.7015    34.7010    7.92146         18 0.0000e+00
   2751.000   2706.173     0.5089  30.408992     0.5090  30.408603     4.5897     4.6565    -0.0027    97.8015 1.0000e-12  -65.84800  -71.37802 332.884184      99.98 3.0322e+02   3679.461      88308  1040.5253  1040.5249    34.7016    34.7011    7.92153         20 0.0000e+00
   2752.000   2707.149     0.5087  30.409121     0.5090  30.408879     4.5947     4.6529    -0.0054    97.7991 1.0000e-12  -65.84800  -71.37801 332.884197      99.98 3.0322e+02   3680.600      88335  1040.5298  1040.5292    34.7016    34.7009    7.92159         33 0.0000e+00
   2753.000   2708.127     0.5086  30.409386     0.5090  30.409097     4.5989     4.6555    -0.0090    97.7823 1.0000e-12  -65.84800  -71.37801 332.884224      99.98 3.0322e+02   3682.967      88392  1040.5343  1040.5336    34.7016    34.7008    7.92162         35 0.0000e+00
   2754.000   2709.104     0.5082  30.409458     0.5084  30.409160     4.5995     4.6539    -0.0126    97.7965 1.0000e-12  -65.84800  -71.37802 332.884241      99.98 3.0322e+02   3684.395      88426  1040.5388  1040.5383    34.7016    34.7010    7.92169         27 0.0000e+00
   2755.000   2710.083     0.5080  30.409609     0.5081  30.409294     4.5944     4.6520    -0.0021    97.7821 1.0000e-12  -65.84800  -71.37802 332.884253      99.97 3.0322e+02   3685.496      88453  1040.5433  1040.5428    34.7015    34.7010    7.92174         27 0.0000e+00
   2756.000   2711.060     0.5084  30.410297     0.5086  30.410076     4.5992     4.6510    -0.0100    97.7828 1.0000e-12  -65.84800  -71.37802 332.884267      99.98 3.0322e+02   3686.664      88481  1040.5476  1040.5472    34.7015    34.7010    7.92166         30 0.0000e+00
   2757.000   2712.038     0.5082  30.410617     0.5089  30.410781     4.6031     4.6573    -0.0151    97.7830 1.0000e-12  -65.84800  -71.37802 332.884281      99.98 3.0255e+02   3687.899      88511  1040.5522  1040.5517    34.7016    34.7011    7.92168         27 0.0000e+00
   2758.000   2713.014     0.5078  30.410696     0.5081  30.410538     4.5972     4.6497    -0.0134    97.7845 1.0000e-12  -65.84800  -71.37802 332.884293      99.97 3.0141e+02   3688.953      88536  1040.5568  1040.5563    34.7016    34.7011    7.92176         23 0.0000e+00
   2759.000   2713.993     0.5080  30.411218     0.5081  30.410895     4.5950     4.6537    -0.0088    97.7976 1.0000e-12  -65.84800  -71.37802 332.884303      99.98 3.0145e+02   3689.809      88556  1040.5612  1040.5608    34.7016    34.7011    7.92173         19 0.0000e+00
   2760.000   2714.970     0.5079  30.411428     0.5080  30.411206     4.5930     4.6553    -0.0006    97.7960 1.0000e-12  -65.84800  -71.37802 332.884312      99.97 3.0098e+02   3690.597      88575  1040.5657  1040.5653    34.7016    34.7011    7.92176         19 0.0000e+00
   2761.000   2715.947     0.5075  30.411421     0.5077  30.411286     4.5875     4.6566    -0.0049    97.7909 1.0000e-12  -65.84800  -71.37802 332.884322      99.97 2.9969e+02   3691.419      88595  1040.5701  1040.5698    34.7015    34.7011    7.92184         21 0.0000e+00
   2762.000   2716.924     0.5075  30.411930     0.5078  30.411686     4.5962     4.6576    -0.0118    97.7935 1.0000e-12  -65.84801  -71.37802 332.884334      99.98 2.9969e+02   3692.485      88621  1040.5747  1040.5742    34.7016    34.7010    7.92182         31 0.0000e+00
   2763.000   2717.902     0.5072  30.412000     0.5076  30.411759     4.5996     4.6528    -0.0123    97.7835 1.0000e-12  -65.84802  -71.37802 332.884359      99.98 2.9837e+02   3694.623      88672  1040.5792  1040.5786    34.7016    34.7008    7.92190         32 0.0000e+00
   2764.000   2718.878     0.5073  30.412245     0.5074  30.411997     4.6011     4.6505    -0.0087    97.7830 1.0000e-12  -65.84802  -71.37802 332.884378      99.97 2.9792e+02   3696.253      88711  1040.5834  1040.5831    34.7013    34.7008    7.92189         28 0.0000e+00
   2765.000   2719.857     0.5070  30.412519     0.5072  30.412298     4.5984     4.6514    -0.0003    97.7811 1.0000e-12  -65.84802  -71.37802 332.884391      99.97 2.9793e+02   3697.349      88737  1040.5880  1040.5877    34.7014    34.7010    7.92193         25 0.0000e+00
   2766.000   2720.834     0.5065  30.412516     0.5066  30.412186     4.5999     4.6521    -0.0149    97.7811 1.0000e-12  -65.84802  -71.37800 332.884403      99.98 2.9793e+02   3698.392      88762  1040.5927  1040.5922    34.7015    34.7009    7.92204         26 0.0000e+00
   2767.000   2721.812     0.5060  30.412415     0.5063  30.412293     4.5989     4.6518    -0.0150    97.7811 1.0000e-12  -65.84802  -71.37800 332.884415      99.98 2.9793e+02   3699.451      88788  1040.5972  1040.5967    34.7015    34.7010    7.92215         25 0.0000e+00
   2768.000   2722.788     0.5055  30.412317     0.5057  30.412145     4.6022     4.6536    -0.0150    97.7949 1.0000e-12  -65.84802  -71.37800 332.884428      99.98 2.9793e+02   3700.566      88815  1040.6016  1040.6013    34.7014    34.7010    7.92225         28 0.0000e+00
   2769.000   2723.767     0.5050  30.412307     0.5052  30.412053     4.5940     4.6560    -0.0012    97.7832 1.0000e-12  -65.84802  -71.37800 332.884441      99.97 2.9754e+02   3701.690      88842  1040.6063  1040.6058    34.7015    34.7009    7.92236         27 0.0000e+00
   2770.000   2724.743     0.5048  30.412528     0.5051  30.412365     4.5931     4.6508    -0.0076    97.7803 1.0000e-12  -65.84802  -71.37801 332.884454      99.98 2.9631e+02   3702.853      88869  1040.6107  1040.6103    34.7014    34.7009    7.92239         29 0.0000e+00
   2771.000   2725.719     0.5043  30.412457     0.5046  30.412266     4.5985     4.6542    -0.0099    97.7885 1.0000e-12  -65.84802  -71.37800 332.884470      99.98 2.9621e+02   3704.177      88901  1040.6153  1040.6148    34.7015    34.7008    7.92250         33 0.0000e+00
   2772.000   2726.699     0.5037  30.412170     0.5041  30.412129     4.5936     4.6470    -0.0118    97.7810 1.0000e-12  -65.84802  -71.37800 332.884486      99.98 2.9728e+02   3705.624      88936  1040.6197  1040.6192    34.7013    34.7007    7.92264         32 0.0000e+00
   2773.000   2727.674     0.5027  30.411730     0.5028  30.411554     4.6009     4.6483    -0.0079    97.7811 1.0000e-12  -65.84802  -71.37800 332.884500      99.98 2.9652e+02   3706.790      88964  1040.6244  1040.6241    34.7013    34.7009    7.92284         24 0.0000e+00
   2774.000   2728.654     0.5022  30.411759     0.5023  30.411552     4.6012     4.6497    -0.0081    97.7811 1.0000e-12  -65.84802  -71.37799 332.884510      99.98 2.9616e+02   3707.693      88986  1040.6290  1040.6287    34.7014    34.7010    7.92294         20 0.0000e+00
   2775.000   2729.630     0.5022  30.412080     0.5024  30.412037     4.5898     4.6576    -0.0077    97.7811 1.0000e-12  -65.84802  -71.37798 332.884520      99.98 2.9616e+02   3708.505      89005  1040.6334  1040.6331    34.7014    34.7010    7.92294         19 0.0000e+00
   2776.000   2730.608     0.5017  30.412058     0.5020  30.411974     4.5924     4.6558    -0.0077    97.7811 1.0000e-12  -65.84802  -71.37798 332.884530      99.97 2.9616e+02   3709.358      89026  1040.6379  1040.6375    34.7013    34.7009    7.92303         23 0.0000e+00
   2777.000   2731.586     0.5017  30.412487     0.5021  30.412288     4.6014     4.6546    -0.0077    97.7811 1.0000e-12  -65.84802  -71.37798 332.884550      99.97 2.9616e+02   3711.107      89068  1040.6424  1040.6419    34.7014    34.7007    7.92303         32 0.0000e+00
   2778.000   2732.561     0.5021  30.413108     0.5023  30.412914     4.5940     4.6561    -0.0077    97.7811 1.0000e-12  -65.84803  -71.37797 332.884582      99.97 2.9523e+02   3713.912      89135  1040.6467  1040.6463    34.7012    34.7008    7.92295         24 0.0000e+00
   2779.000   2733.540     0.5008  30.412471     0.5010  30.412263     4.5814     4.6532    -0.0008    97.7811 1.0000e-12  -65.84804  -71.37796 332.884591      99.98 2.9439e+02   3714.634      89152  1040.6515  1040.6511    34.7014    34.7009    7.92321         17 0.0000e+00
   2780.000   2734.517     0.5009  30.412892     0.5011  30.412698     4.5916     4.6539    -0.0034    97.7811 1.0000e-12  -65.84804  -71.37796 332.884599      99.98 2.9440e+02   3715.332      89169  1040.6559  1040.6556    34.7013    34.7009    7.92320         17 0.0000e+00
   2781.000   2735.494     0.5007  30.413096     0.5010  30.412923     4.6021     4.6487    -0.0081    97.7811 1.0000e-12  -65.84804  -71.37796 332.884607      99.97 2.9374e+02   3716.016      89185  1040.6604  1040.6600    34.7013    34.7008    7.92324         16 0.0000e+00
   2782.000   2736.472     0.5003  30.413147     0.5005  30.412986     4.5939     4.6556     0.0038    97.7811 1.0000e-12  -65.84804  -71.37796 332.884615      99.98 2.9283e+02   3716.772      89204  1040.6649  1040.6646    34.7013    34.7009    7.92331         21 0.0000e+00
   2783.000   2737.449     0.4994  30.412789     0.4998  30.412588     4.5968     4.6535    -0.0039    97.7811 1.0000e-12  -65.84803  -71.37796 332.884628      99.98 2.9265e+02   3717.894      89230  1040.6696  1040.6690    34.7014    34.7007    7.92351         34 0.0000e+00
   2784.000   2738.425     0.4992  30.412897     0.4996  30.412703     4.6039     4.6580    -0.0057    97.7811 1.0000e-12  -65.84802  -71.37796 332.884652      99.98 2.9264e+02   3719.952      89280  1040.6740  1040.6734    34.7013    34.7006    7.92356         34 0.0000e+00
   2785.000   2739.403     0.4992  30.413285     0.4995  30.413067     4.6019     4.6550    -0.0082    97.7739 1.0000e-12  -65.84802  -71.37796 332.884669      99.98 2.9264e+02   3721.441      89316  1040.6785  1040.6780    34.7013    34.7007    7.92355         29 0.0000e+00
   2786.000   2740.381     0.4988  30.413354     0.4991  30.413185     4.6000     4.6472    -0.0158    97.7791 1.0000e-12  -65.84804  -71.37796 332.884682      99.98 2.9264e+02   3722.561      89342  1040.6830  1040.6826    34.7013    34.7008    7.92363         26 0.0000e+00
