NBP2113_155081_ctd/data/dnbp2113_028.cnv
* Sea-Bird SBE 9 Data File:
* FileName = D:\Data\raw\NBP2113_028.hex
* Software Version Seasave V 7.26.7.121
* Temperature SN = 2438
* Conductivity SN = 2067
* Number of Bytes Per Scan = 40
* Number of Voltage Words = 5
* Number of Scans Averaged by the Deck Unit = 1
* NMEA Latitude = 68 01.84 S
* NMEA Longitude = 069 17.14 W
* NMEA UTC (Time) = Dec 04 2021  16:43:12
* NMEA baud rate = 9600
** Ship: RVIB N.B. Palmer
** Cruise: NBP2113 LTER
** Station: 200.-040
** Operator: S. Blackman
# nquan = 25
# nvalues = 204                         
# units = specified
# name 0 = prDM: Pressure, Digiquartz [db]
# name 1 = depSM: Depth [salt water, m]
# name 2 = t090C: Temperature [ITS-90, deg C]
# name 3 = c0mS/cm: Conductivity [mS/cm]
# name 4 = t190C: Temperature, 2 [ITS-90, deg C]
# name 5 = c1mS/cm: Conductivity, 2 [mS/cm]
# name 6 = sbeox0ML/L: Oxygen, SBE 43 [ml/l]
# name 7 = sbeox1ML/L: Oxygen, SBE 43, 2 [ml/l]
# name 8 = flECO-AFL: Fluorescence, WET Labs ECO-AFL/FL [mg/m^3]
# name 9 = CStarTr0: Beam Transmission, WET Labs C-Star [%]
# name 10 = par: PAR/Irradiance, Biospherical/Licor
# name 11 = latitude: Latitude [deg]
# name 12 = longitude: Longitude [deg]
# name 13 = timeJ: Julian Days
# name 14 = altM: Altimeter [m]
# name 15 = spar: SPAR, Biospherical/Licor
# name 16 = timeS: Time, Elapsed [seconds]
# name 17 = scan: Scan Count
# name 18 = density00: Density [density, kg/m^3]
# name 19 = density11: Density, 2 [density, kg/m^3]
# name 20 = sal00: Salinity, Practical [PSU]
# name 21 = sal11: Salinity, Practical, 2 [PSU]
# name 22 = oxsolML/L: Oxygen Saturation, Garcia & Gordon [ml/l]
# name 23 = nbin: number of scans per bin
# name 24 = flag: flag
# span 0 =      4.000,    207.000       
# span 1 =      3.959,    204.827       
# span 2 =    -1.2248,    -0.2025       
# span 3 =  27.201273,  28.409158       
# span 4 =    -1.2238,    -0.2029       
# span 5 =  27.200496,  28.407635       
# span 6 =     5.9636,     8.3809       
# span 7 =     6.0713,     8.4106       
# span 8 =     0.1003,     1.8335       
# span 9 =    88.9739,    95.7307       
# span 10 = -1.102e-05, 2.8839e+02      
# span 11 =  -68.03098,  -68.03091      
# span 12 =  -69.28572,  -69.28564      
# span 13 = 338.700202, 338.705204      
# span 14 =      99.97,      99.99      
# span 15 = 1.0362e+03, 1.0947e+03      
# span 16 =    305.444,    737.635      
# span 17 =       7332,      17704      
# span 18 =  1027.2090,  1028.5095      
# span 19 =  1027.2061,  1028.5084      
# span 20 =    33.8181,    34.2686      
# span 21 =    33.8146,    34.2671      
# span 22 =    8.09406,    8.33884      
# span 23 =          1,         70      
# span 24 = 0.0000e+00, 0.0000e+00      
# interval = decibars: 1                
# start_time = Dec 04 2021 16:43:12 [NMEA time, header]
# bad_flag = -9.990e-29
*END*
[from data line 174]
    178.000    176.143    -0.6925  27.885244    -0.6921  27.884207     6.8081     6.8963     0.2084    95.6019 1.0000e-12  -68.03092  -69.28570 338.704698      99.97 1.0436e+03    693.906      16655  1028.2898  1028.2882    34.1348    34.1328    8.20694         38 0.0000e+00
    179.000    177.132    -0.6830  27.895981    -0.6835  27.894569     6.7656     6.8432     0.2025    95.6390 1.0000e-12  -68.03092  -69.28570 338.704714      99.97 1.0436e+03    695.298      16688  1028.2967  1028.2956    34.1379    34.1365    8.20469         25 0.0000e+00
    180.000    178.122    -0.6724  27.907825    -0.6727  27.906627     6.7073     6.8092     0.1867    95.6452 1.0000e-12  -68.03092  -69.28570 338.704725      99.97 1.0450e+03    696.194      16710  1028.3035  1028.3025    34.1413    34.1400    8.20219         20 0.0000e+00
    181.000    179.111    -0.6509  27.931097    -0.6507  27.930339     6.6302     6.7593     0.1753    95.6913 1.0000e-12  -68.03092  -69.28570 338.704733      99.97 1.0464e+03    696.966      16728  1028.3122  1028.3111    34.1478    34.1465    8.19714         17 0.0000e+00
    182.000    180.100    -0.6325  27.951228    -0.6314  27.951407     6.5603     6.7119     0.1754    95.6940 1.0000e-12  -68.03092  -69.28570 338.704742      99.98 1.0479e+03    697.697      16746  1028.3205  1028.3195    34.1536    34.1526    8.19283         18 0.0000e+00
    183.000    181.088    -0.6143  27.971115    -0.6131  27.971195     6.4887     6.6739     0.1858    95.6758 1.0000e-12  -68.03092  -69.28570 338.704751      99.97 1.0498e+03    698.498      16765  1028.3286  1028.3276    34.1592    34.1580    8.18856         21 0.0000e+00
    184.000    182.079    -0.5591  28.027915    -0.5562  28.029172     6.4342     6.6253     0.2034    95.6869 1.0000e-12  -68.03092  -69.28570 338.704763      99.97 1.0522e+03    699.560      16790  1028.3406  1028.3391    34.1729    34.1713    8.17585         33 0.0000e+00
    185.000    183.066    -0.5223  28.066003    -0.5232  28.063326     6.4011     6.5680     0.2101    95.6821 1.0000e-12  -68.03092  -69.28571 338.704787      99.97 1.0576e+03    701.582      16839  1028.3509  1028.3490    34.1820    34.1795    8.16739         39 0.0000e+00
    186.000    184.056    -0.5026  28.085650    -0.5007  28.086372     6.3658     6.5020     0.2038    95.6614 1.0000e-12  -68.03092  -69.28571 338.704809      99.97 1.0621e+03    703.521      16886  1028.3580  1028.3570    34.1856    34.1845    8.16293         30 0.0000e+00
    187.000    185.045    -0.4803  28.108216    -0.4808  28.106733     6.2828     6.4434     0.1299    95.6590 1.0000e-12  -68.03092  -69.28570 338.704822      99.97 1.0630e+03    704.587      16911  1028.3652  1028.3641    34.1902    34.1887    8.15788         22 0.0000e+00
    188.000    186.035    -0.4523  28.139026    -0.4555  28.134852     6.2538     6.4131     0.1258    95.6785 1.0000e-12  -68.03092  -69.28570 338.704832      99.97 1.0636e+03    705.472      16932  1028.3756  1028.3743    34.1993    34.1974    8.15133         21 0.0000e+00
    189.000    187.023    -0.4135  28.180058    -0.4152  28.177279     6.2218     6.3763     0.1448    95.6410 1.0000e-12  -68.03092  -69.28570 338.704842      99.97 1.0630e+03    706.340      16953  1028.3864  1028.3851    34.2101    34.2082    8.14239         22 0.0000e+00
    190.000    188.013    -0.3998  28.194689    -0.4006  28.192801     6.1626     6.3252     0.1530    95.6384 1.0000e-12  -68.03092  -69.28570 338.704854      99.98 1.0623e+03    707.372      16978  1028.3937  1028.3923    34.2137    34.2120    8.13926         28 0.0000e+00
    191.000    189.001    -0.3658  28.230625    -0.3652  28.230894     6.1067     6.2791     0.1690    95.5997 1.0000e-12  -68.03092  -69.28570 338.704868      99.97 1.0613e+03    708.616      17008  1028.4038  1028.4035    34.2229    34.2226    8.13145         30 0.0000e+00
    192.000    189.991    -0.3289  28.270796    -0.3297  28.268950     6.1105     6.2562     0.1687    95.6566 1.0000e-12  -68.03092  -69.28570 338.704882      99.97 1.0597e+03    709.788      17036  1028.4158  1028.4145    34.2346    34.2329    8.12290         26 0.0000e+00
    193.000    190.980    -0.3235  28.277101    -0.3250  28.274566     6.1189     6.2454     0.1610    95.7027 1.0000e-12  -68.03092  -69.28571 338.704894      99.97 1.0595e+03    710.804      17060  1028.4221  1028.4209    34.2363    34.2346    8.12165         23 0.0000e+00
    194.000    191.970    -0.3182  28.282889    -0.3178  28.282269     6.1155     6.2374     0.1484    95.7045 1.0000e-12  -68.03092  -69.28571 338.704906      99.97 1.0597e+03    711.837      17085  1028.4279  1028.4269    34.2374    34.2361    8.12044         28 0.0000e+00
    195.000    192.957    -0.3081  28.294196    -0.3075  28.293371     6.1037     6.2112     0.1324    95.6968 1.0000e-12  -68.03092  -69.28571 338.704922      99.97 1.0612e+03    713.243      17119  1028.4351  1028.4336    34.2406    34.2388    8.11811         40 0.0000e+00
    196.000    193.947    -0.2895  28.313978    -0.2910  28.311407     6.0383     6.1536     0.1375    95.7236 1.0000e-12  -68.03092  -69.28571 338.704941      99.97 1.0597e+03    714.879      17158  1028.4431  1028.4418    34.2456    34.2438    8.11388         33 0.0000e+00
    197.000    194.937    -0.2642  28.341164    -0.2643  28.340339     5.9732     6.1130     0.1413    95.7307 1.0000e-12  -68.03092  -69.28570 338.704955      99.97 1.0588e+03    716.140      17188  1028.4521  1028.4514    34.2527    34.2518    8.10807         27 0.0000e+00
    198.000    195.924    -0.2304  28.377328    -0.2308  28.375926     5.9636     6.1004     0.1003    95.6128 1.0000e-12  -68.03092  -69.28572 338.704967      99.97 1.0577e+03    717.164      17213  1028.4623  1028.4613    34.2623    34.2610    8.10033         23 0.0000e+00
    199.000    196.914    -0.2174  28.391091    -0.2177  28.389744     5.9701     6.0959     0.1094    95.7209 1.0000e-12  -68.03092  -69.28570 338.704979      99.97 1.0569e+03    718.176      17237  1028.4691  1028.4679    34.2655    34.2640    8.09740         26 0.0000e+00
    200.000    197.902    -0.2164  28.392509    -0.2165  28.391221     5.9873     6.0914     0.1380    95.6811 1.0000e-12  -68.03092  -69.28571 338.704993      99.97 1.0560e+03    719.423      17267  1028.4745  1028.4732    34.2656    34.2641    8.09717         35 0.0000e+00
    201.000    198.894    -0.2156  28.393539    -0.2158  28.392307     6.0088     6.0828     0.1092    95.7104 1.0000e-12  -68.03092  -69.28570 338.705010      99.98 1.0560e+03    720.871      17302  1028.4796  1028.4785    34.2655    34.2641    8.09701         30 0.0000e+00
    202.000    199.882    -0.2148  28.394556    -0.2153  28.393246     6.0028     6.0814     0.1020    95.7038 1.0000e-12  -68.03092  -69.28570 338.705024      99.97 1.0560e+03    722.047      17330  1028.4846  1028.4836    34.2654    34.2642    8.09686         24 0.0000e+00
    203.000    200.870    -0.2158  28.394038    -0.2160  28.392843     6.0050     6.0813     0.1022    95.6681 1.0000e-12  -68.03092  -69.28570 338.705035      99.97 1.0549e+03    722.988      17353  1028.4896  1028.4885    34.2653    34.2639    8.09708         22 0.0000e+00
    204.000    201.857    -0.2133  28.397075    -0.2142  28.395250     6.0036     6.0785     0.1022    95.7100 1.0000e-12  -68.03092  -69.28570 338.705045      99.97 1.0542e+03    723.884      17374  1028.4948  1028.4937    34.2658    34.2644    8.09651         22 0.0000e+00
    205.000    202.850    -0.2097  28.401243    -0.2100  28.399802     5.9951     6.0713     0.1058    95.6548 1.0000e-12  -68.03092  -69.28571 338.705056      99.97 1.0526e+03    724.879      17398  1028.5002  1028.4990    34.2668    34.2652    8.09569         26 0.0000e+00
    206.000    203.836    -0.2025  28.409158    -0.2029  28.407635     6.0104     6.0722     0.1070    95.6825 1.0000e-12  -68.03091  -69.28572 338.705071      99.98 1.0524e+03    726.108      17428  1028.5062  1028.5049    34.2686    34.2671    8.09406         33 0.0000e+00
    207.000    204.827    -0.2197  28.391775    -0.2194  28.390993     6.0279     6.0920     0.1031    95.7004 1.0000e-12  -68.03091  -69.28570 338.705204      99.97 1.0465e+03    737.635      17704  1028.5095  1028.5084    34.2642    34.2628    8.09796         70 0.0000e+00
