NBP2113_155081_ctd/data/dnbp2113_002.cnv
* Sea-Bird SBE 9 Data File:
* FileName = D:\Data\raw\NBP2113_002.hex
* Software Version Seasave V 7.26.7.121
* Temperature SN = 2438
* Conductivity SN = 2067
* Number of Bytes Per Scan = 40
* Number of Voltage Words = 5
* Number of Scans Averaged by the Deck Unit = 1
* NMEA Latitude = 63 34.52 S
* NMEA Longitude = 060 42.00 W
* NMEA UTC (Time) = Nov 22 2021  11:46:05
* NMEA baud rate = 9600
** Ship: RVIB N.B. Palmer
** Cruise: NBP2113 LTER
** Station: 831.-002
** Operator: B. Urmston
# nquan = 25
# nvalues = 597                         
# units = specified
# name 0 = prDM: Pressure, Digiquartz [db]
# name 1 = depSM: Depth [salt water, m]
# name 2 = t090C: Temperature [ITS-90, deg C]
# name 3 = c0mS/cm: Conductivity [mS/cm]
# name 4 = t190C: Temperature, 2 [ITS-90, deg C]
# name 5 = c1mS/cm: Conductivity, 2 [mS/cm]
# name 6 = sbeox0ML/L: Oxygen, SBE 43 [ml/l]
# name 7 = sbeox1ML/L: Oxygen, SBE 43, 2 [ml/l]
# name 8 = flECO-AFL: Fluorescence, WET Labs ECO-AFL/FL [mg/m^3]
# name 9 = CStarTr0: Beam Transmission, WET Labs C-Star [%]
# name 10 = par: PAR/Irradiance, Biospherical/Licor
# name 11 = latitude: Latitude [deg]
# name 12 = longitude: Longitude [deg]
# name 13 = timeJ: Julian Days
# name 14 = altM: Altimeter [m]
# name 15 = spar: SPAR, Biospherical/Licor
# name 16 = timeS: Time, Elapsed [seconds]
# name 17 = scan: Scan Count
# name 18 = density00: Density [density, kg/m^3]
# name 19 = density11: Density, 2 [density, kg/m^3]
# name 20 = sal00: Salinity, Practical [PSU]
# name 21 = sal11: Salinity, Practical, 2 [PSU]
# name 22 = oxsolML/L: Oxygen Saturation, Garcia & Gordon [ml/l]
# name 23 = nbin: number of scans per bin
# name 24 = flag: flag
# span 0 =      5.000,    601.000       
# span 1 =      4.949,    594.304       
# span 2 =    -1.3531,    -0.6563       
# span 3 =  27.600342,  27.980004       
# span 4 =    -1.3527,    -0.6577       
# span 5 =  27.599064,  27.976372       
# span 6 =     6.7881,     7.5258       
# span 7 =     6.7594,     7.5568       
# span 8 =    -0.0151,     0.9223       
# span 9 =    93.7468,    98.7498       
# span 10 = 1.0000e-12, 8.2726e+01      
# span 11 =  -63.57548,  -63.57544      
# span 12 =  -60.69966,  -60.69924      
# span 13 = 326.494048, 326.504749      
# span 14 =     -10.52,     102.48      
# span 15 = 1.7682e+03, 1.7931e+03      
# span 16 =    320.726,   1245.368      
# span 17 =       7698,      29890      
# span 18 =  1027.6195,  1030.6286      
# span 19 =  1027.6169,  1030.6271      
# span 20 =    34.3275,    34.5027      
# span 21 =    34.3239,    34.5008      
# span 22 =    8.18786,    8.33442      
# span 23 =         11,         51      
# span 24 = 0.0000e+00, 0.0000e+00      
# interval = decibars: 1                
# start_time = Nov 22 2021 11:46:05 [NMEA time, header]
# bad_flag = -9.990e-29
*END*
[from data line 406]
    411.000    406.608    -1.3270  27.710188    -1.3269  27.708881     7.0700     6.9912     0.0362    98.3162 1.0000e-12  -63.57548  -60.69926 326.501738      99.98 1.7876e+03    985.130      23644  1029.7072  1029.7056    34.4753    34.4734    8.32662         22 0.0000e+00
    412.000    407.598    -1.3264  27.711772    -1.3262  27.710407     7.0717     6.9950     0.0343    98.2922 1.0000e-12  -63.57548  -60.69926 326.501747      99.98 1.7876e+03    985.952      23664  1029.7125  1029.7108    34.4761    34.4740    8.32643         19 0.0000e+00
    413.000    408.585    -1.3257  27.713110    -1.3253  27.711975     7.0645     6.9944     0.0217    98.3688 1.0000e-12  -63.57548  -60.69926 326.501756      99.98 1.7876e+03    986.764      23683  1029.7177  1029.7159    34.4766    34.4745    8.32625         20 0.0000e+00
    414.000    409.572    -1.3259  27.713176    -1.3254  27.712255     7.0570     6.9955     0.0335    98.3622 1.0000e-12  -63.57548  -60.69926 326.501768      99.98 1.7868e+03    987.729      23706  1029.7221  1029.7206    34.4762    34.4743    8.32631         27 0.0000e+00
    415.000    410.564    -1.3256  27.713789    -1.3254  27.712461     7.0622     6.9892     0.0429    98.3733 1.0000e-12  -63.57548  -60.69926 326.501782      99.98 1.7857e+03    988.976      23736  1029.7268  1029.7252    34.4761    34.4741    8.32625         32 0.0000e+00
    416.000    411.550    -1.3256  27.714186    -1.3253  27.713024     7.0706     6.9940     0.0414    98.3733 1.0000e-12  -63.57548  -60.69926 326.501798      99.98 1.7848e+03    990.373      23770  1029.7315  1029.7299    34.4760    34.4740    8.32626         31 0.0000e+00
    417.000    412.539    -1.3259  27.714457    -1.3256  27.713210     7.0600     6.9937     0.0394    98.3778 1.0000e-12  -63.57548  -60.69927 326.501813      99.98 1.7867e+03    991.663      23801  1029.7364  1029.7346    34.4761    34.4740    8.32631         30 0.0000e+00
    418.000    413.527    -1.3259  27.714686    -1.3256  27.713318     7.0608     6.9897     0.0435    98.4238 1.0000e-12  -63.57548  -60.69928 326.501829      99.98 1.7887e+03    993.012      23833  1029.7409  1029.7391    34.4758    34.4736    8.32634         37 0.0000e+00
    419.000    414.516    -1.3254  27.715752    -1.3249  27.714453     7.0605     6.9881     0.0343    98.3970 1.0000e-12  -63.57548  -60.69928 326.501853      99.98 1.7910e+03    995.124      23884  1029.7458  1029.7439    34.4760    34.4737    8.32620         42 0.0000e+00
    420.000    415.503    -1.3248  27.716693    -1.3246  27.715480     7.0442     6.9810     0.0375    98.3527 1.0000e-12  -63.57548  -60.69926 326.501878      99.98 1.7894e+03    997.217      23934  1029.7505  1029.7490    34.4760    34.4741    8.32607         34 0.0000e+00
    421.000    416.491    -1.3232  27.718760    -1.3232  27.717147     7.0410     6.9779     0.0286    98.4244 1.0000e-12  -63.57548  -60.69926 326.501890      99.98 1.7859e+03    998.285      23960  1029.7555  1029.7537    34.4765    34.4742    8.32570         21 0.0000e+00
    422.000    417.481    -1.3222  27.719939    -1.3223  27.718429     7.0431     6.9802     0.0289    98.4248 1.0000e-12  -63.57548  -60.69924 326.501898      99.98 1.7836e+03    999.020      23977  1029.7602  1029.7585    34.4764    34.4744    8.32549         16 0.0000e+00
    423.000    418.469    -1.3224  27.720224    -1.3222  27.718885     7.0436     6.9801     0.0223    98.3942 1.0000e-12  -63.57548  -60.69924 326.501905      99.98 1.7823e+03    999.634      23992  1029.7648  1029.7631    34.4763    34.4742    8.32552         14 0.0000e+00
    424.000    419.456    -1.3214  27.721818    -1.3214  27.720162     7.0399     6.9820     0.0216    98.3482 1.0000e-12  -63.57548  -60.69924 326.501912      99.98 1.7805e+03   1000.201      24006  1029.7700  1029.7681    34.4768    34.4744    8.32528         13 0.0000e+00
    425.000    420.446    -1.3215  27.722143    -1.3208  27.721153     7.0467     6.9823     0.0284    98.3439 1.0000e-12  -63.57548  -60.69924 326.501919      99.98 1.7805e+03   1000.775      24020  1029.7746  1029.7728    34.4766    34.4745    8.32530         14 0.0000e+00
    426.000    421.434    -1.3213  27.722726    -1.3211  27.721252     7.0505     6.9858     0.0289    98.3160 1.0000e-12  -63.57548  -60.69924 326.501926      99.98 1.7805e+03   1001.435      24035  1029.7793  1029.7775    34.4766    34.4744    8.32525         19 0.0000e+00
    427.000    422.425    -1.3206  27.723725    -1.3204  27.722187     7.0573     6.9862     0.0247    98.2790 1.0000e-12  -63.57548  -60.69927 326.501950      99.98 1.7859e+03   1003.493      24085  1029.7840  1029.7821    34.4766    34.4742    8.32511         31 0.0000e+00
    428.000    423.409    -1.3207  27.724068    -1.3202  27.722836     7.0459     6.9806     0.0267    98.3506 1.0000e-12  -63.57548  -60.69928 326.501983      99.98 1.7899e+03   1006.369      24154  1029.7888  1029.7869    34.4766    34.4743    8.32514         36 0.0000e+00
    429.000    424.398    -1.3194  27.725706    -1.3191  27.724456     7.0486     6.9781     0.0324    98.3539 1.0000e-12  -63.57548  -60.69927 326.502003      99.98 1.7902e+03   1008.061      24194  1029.7936  1029.7919    34.4767    34.4746    8.32484         40 0.0000e+00
    430.000    425.386    -1.3198  27.725677    -1.3185  27.725565     7.0177     6.9641     0.0367    98.3638 1.0000e-12  -63.57548  -60.69926 326.502024      99.98 1.7930e+03   1009.910      24239  1029.7983  1029.7968    34.4765    34.4748    8.32494         33 0.0000e+00
    431.000    426.374    -1.3164  27.729673    -1.3164  27.728078     6.9999     6.9496     0.0362    98.4411 1.0000e-12  -63.57548  -60.69925 326.502036      99.98 1.7911e+03   1010.927      24263  1029.8035  1029.8018    34.4774    34.4753    8.32411         20 0.0000e+00
    432.000    427.363    -1.3118  27.734948    -1.3145  27.730611     6.9857     6.9425     0.0310    98.3921 1.0000e-12  -63.57548  -60.69924 326.502044      99.98 1.7890e+03   1011.598      24279  1029.8090  1029.8070    34.4788    34.4760    8.32302         14 0.0000e+00
    433.000    428.348    -1.3087  27.738042    -1.3086  27.736407     6.9776     6.9403     0.0289    98.3734 1.0000e-12  -63.57548  -60.69924 326.502051      99.98 1.7864e+03   1012.163      24293  1029.8136  1029.8118    34.4788    34.4765    8.32232         13 0.0000e+00
    434.000    429.339    -1.3079  27.739045    -1.3076  27.737850     6.9938     6.9419     0.0289    98.3775 1.0000e-12  -63.57548  -60.69924 326.502056      99.98 1.7831e+03   1012.678      24305  1029.8183  1029.8166    34.4787    34.4767    8.32216         12 0.0000e+00
    435.000    430.328    -1.3077  27.739526    -1.3075  27.738324     7.0054     6.9433     0.0289    98.3585 1.0000e-12  -63.57548  -60.69924 326.502062      99.98 1.7801e+03   1013.184      24317  1029.8229  1029.8213    34.4786    34.4766    8.32213         12 0.0000e+00
    436.000    431.318    -1.3067  27.741318    -1.3065  27.739909     7.0070     6.9454     0.0289    98.3479 1.0000e-12  -63.57548  -60.69925 326.502068      99.97 1.7777e+03   1013.694      24330  1029.8281  1029.8264    34.4792    34.4771    8.32186         13 0.0000e+00
    437.000    432.303    -1.3062  27.742456    -1.3057  27.741446     7.0058     6.9478     0.0289    98.3491 1.0000e-12  -63.57548  -60.69926 326.502075      99.98 1.7755e+03   1014.281      24344  1029.8331  1029.8315    34.4795    34.4775    8.32172         16 0.0000e+00
    438.000    433.292    -1.3088  27.740035    -1.3088  27.738338     7.0084     6.9501     0.0420    98.2494 1.0000e-12  -63.57548  -60.69927 326.502122      99.98 1.7882e+03   1018.388      24442  1029.8375  1029.8356    34.4787    34.4763    8.32237         38 0.0000e+00
    439.000    434.280    -1.3076  27.741960    -1.3065  27.741359     7.0049     6.9456     0.0287    98.2192 1.0000e-12  -63.57548  -60.69927 326.502152      99.98 1.7905e+03   1020.894      24502  1029.8427  1029.8409    34.4792    34.4772    8.32205         30 0.0000e+00
    440.000    435.269    -1.3051  27.745082    -1.3040  27.744966     6.9809     6.9343     0.0289    98.3121 1.0000e-12  -63.57548  -60.69926 326.502164      99.98 1.7877e+03   1021.961      24528  1029.8479  1029.8467    34.4801    34.4787    8.32145         22 0.0000e+00
    441.000    436.256    -1.3038  27.746994    -1.3049  27.743898     6.9767     6.9303     0.0289    98.3779 1.0000e-12  -63.57548  -60.69925 326.502173      99.98 1.7869e+03   1022.769      24547  1029.8530  1029.8507    34.4805    34.4775    8.32113         17 0.0000e+00
    442.000    437.246    -1.3016  27.750400    -1.3026  27.747561     6.9813     6.9237     0.0205    98.3577 1.0000e-12  -63.57548  -60.69924 326.502181      99.98 1.7858e+03   1023.423      24563  1029.8589  1029.8567    34.4821    34.4794    8.32056         15 0.0000e+00
    443.000    438.232    -1.3016  27.750901    -1.3011  27.749808     6.9839     6.9180     0.0071    98.3663 1.0000e-12  -63.57548  -60.69924 326.502188      99.98 1.7841e+03   1024.031      24578  1029.8637  1029.8620    34.4822    34.4801    8.32056         15 0.0000e+00
    444.000    439.222    -1.3005  27.752730    -1.3001  27.751556     6.9818     6.9192     0.0154    98.3992 1.0000e-12  -63.57548  -60.69925 326.502195      99.98 1.7823e+03   1024.616      24592  1029.8689  1029.8672    34.4828    34.4808    8.32027         14 0.0000e+00
    445.000    440.210    -1.3015  27.751810    -1.3008  27.751218     6.9929     6.9223     0.0215    98.4220 1.0000e-12  -63.57548  -60.69926 326.502202      99.98 1.7805e+03   1025.216      24606  1029.8732  1029.8718    34.4821    34.4804    8.32053         14 0.0000e+00
    446.000    441.197    -1.3015  27.752332    -1.3010  27.751249     6.9909     6.9258     0.0273    98.4248 1.0000e-12  -63.57548  -60.69926 326.502210      99.98 1.7780e+03   1025.908      24623  1029.8780  1029.8763    34.4822    34.4801    8.32053         19 0.0000e+00
    447.000    442.186    -1.3021  27.751857    -1.3018  27.750468     6.9924     6.9242     0.0370    98.4248 1.0000e-12  -63.57548  -60.69927 326.502223      99.98 1.7759e+03   1027.067      24651  1029.8824  1029.8806    34.4816    34.4793    8.32070         33 0.0000e+00
    448.000    443.173    -1.3020  27.752537    -1.3016  27.751181     6.9954     6.9254     0.0339    98.4495 1.0000e-12  -63.57548  -60.69928 326.502264      99.98 1.7851e+03   1030.653      24737  1029.8873  1029.8854    34.4817    34.4794    8.32065         34 0.0000e+00
    449.000    444.163    -1.3019  27.752621    -1.3018  27.751297     6.9897     6.9266     0.0315    98.4405 1.0000e-12  -63.57548  -60.69927 326.502286      99.98 1.7876e+03   1032.478      24780  1029.8917  1029.8901    34.4812    34.4792    8.32068         31 0.0000e+00
    450.000    445.149    -1.3017  27.753500    -1.3017  27.752030     6.9824     6.9263     0.0122    98.4783 1.0000e-12  -63.57548  -60.69926 326.502299      99.98 1.7880e+03   1033.633      24808  1029.8967  1029.8950    34.4815    34.4795    8.32061         24 0.0000e+00
    451.000    446.139    -1.3020  27.753877    -1.3010  27.753456     6.9909     6.9269     0.0147    98.4556 1.0000e-12  -63.57548  -60.69926 326.502309      99.98 1.7903e+03   1034.510      24829  1029.9016  1029.9002    34.4817    34.4801    8.32065         18 0.0000e+00
    452.000    447.125    -1.3020  27.754106    -1.3017  27.752777     7.0041     6.9259     0.0217    98.4705 1.0000e-12  -63.57548  -60.69926 326.502317      99.98 1.7911e+03   1035.219      24846  1029.9062  1029.9044    34.4814    34.4793    8.32067         17 0.0000e+00
    453.000    448.116    -1.3019  27.754671    -1.3016  27.753336     6.9967     6.9244     0.0145    98.4747 1.0000e-12  -63.57548  -60.69927 326.502325      99.98 1.7906e+03   1035.898      24863  1029.9110  1029.9092    34.4816    34.4793    8.32066         17 0.0000e+00
    454.000    449.103    -1.3013  27.755908    -1.3009  27.754680     6.9884     6.9281     0.0226    98.4384 1.0000e-12  -63.57548  -60.69928 326.502334      99.98 1.7879e+03   1036.699      24882  1029.9160  1029.9143    34.4819    34.4798    8.32050         23 0.0000e+00
    455.000    450.091    -1.3000  27.757829    -1.2999  27.756453     6.9845     6.9283     0.0290    98.4302 1.0000e-12  -63.57548  -60.69928 326.502350      99.98 1.7816e+03   1038.022      24914  1029.9211  1029.9194    34.4825    34.4804    8.32018         39 0.0000e+00
    456.000    451.080    -1.3004  27.757636    -1.3003  27.756452     6.9833     6.9274     0.0440    98.4585 1.0000e-12  -63.57548  -60.69928 326.502369      99.98 1.7769e+03   1039.673      24953  1029.9256  1029.9241    34.4820    34.4802    8.32029         33 0.0000e+00
    457.000    452.067    -1.3009  27.757539    -1.3006  27.756463     6.9969     6.9290     0.0366    98.5012 1.0000e-12  -63.57548  -60.69928 326.502383      99.98 1.7794e+03   1040.887      24982  1029.9302  1029.9287    34.4818    34.4800    8.32040         26 0.0000e+00
    458.000    453.055    -1.3024  27.756136    -1.3022  27.754780     6.9857     6.9261     0.0215    98.5033 1.0000e-12  -63.57548  -60.69928 326.502394      99.98 1.7817e+03   1041.838      25005  1029.9344  1029.9327    34.4810    34.4789    8.32079         21 0.0000e+00
    459.000    454.044    -1.3021  27.757180    -1.3016  27.756108     6.9851     6.9251     0.0216    98.4630 1.0000e-12  -63.57548  -60.69928 326.502404      99.98 1.7823e+03   1042.669      25025  1029.9396  1029.9379    34.4815    34.4794    8.32070         20 0.0000e+00
    460.000    455.032    -1.3019  27.757769    -1.3013  27.756981     6.9918     6.9270     0.0313    98.4516 1.0000e-12  -63.57548  -60.69928 326.502416      99.98 1.7828e+03   1043.736      25051  1029.9443  1029.9427    34.4814    34.4796    8.32065         35 0.0000e+00
    461.000    456.019    -1.3011  27.759445    -1.3005  27.758505     6.9878     6.9261     0.0424    98.4521 1.0000e-12  -63.57548  -60.69928 326.502443      99.98 1.7853e+03   1046.034      25106  1029.9495  1029.9479    34.4822    34.4802    8.32043         33 0.0000e+00
    462.000    457.008    -1.3002  27.760769    -1.3002  27.759540     6.9928     6.9316     0.0069    98.4646 1.0000e-12  -63.57548  -60.69928 326.502466      99.98 1.7908e+03   1048.092      25155  1029.9544  1029.9530    34.4824    34.4806    8.32022         36 0.0000e+00
    463.000    457.995    -1.3023  27.758226    -1.3022  27.756887     6.9992     6.9271     0.0145    98.5107 1.0000e-12  -63.57548  -60.69928 326.502481      99.98 1.7930e+03   1049.333      25185  1029.9580  1029.9564    34.4807    34.4788    8.32080         25 0.0000e+00
    464.000    458.984    -1.3036  27.757069    -1.3035  27.755422     7.0075     6.9285     0.0067    98.4816 1.0000e-12  -63.57548  -60.69928 326.502492      99.98 1.7916e+03   1050.281      25208  1029.9622  1029.9603    34.4799    34.4776    8.32112         21 0.0000e+00
    465.000    459.972    -1.3031  27.758176    -1.3029  27.756746     6.9954     6.9310     0.0121    98.4491 1.0000e-12  -63.57548  -60.69928 326.502500      99.98 1.7888e+03   1051.040      25226  1029.9672  1029.9655    34.4802    34.4781    8.32098         17 0.0000e+00
    466.000    460.960    -1.3033  27.758268    -1.3029  27.757056     6.9927     6.9346     0.0165    98.4695 1.0000e-12  -63.57548  -60.69928 326.502508      99.98 1.7864e+03   1051.717      25242  1029.9718  1029.9701    34.4800    34.4779    8.32105         16 0.0000e+00
    467.000    461.948    -1.3036  27.758213    -1.3032  27.757103     7.0037     6.9348     0.0288    98.4475 1.0000e-12  -63.57548  -60.69928 326.502516      99.98 1.7842e+03   1052.391      25258  1029.9764  1029.9746    34.4797    34.4777    8.32114         16 0.0000e+00
