NBP2113_155081_ctd/data/dnbp2113_032.cnv
* Sea-Bird SBE 9 Data File:
* FileName = D:\Data\raw\NBP2113_032.hex
* Software Version Seasave V 7.26.7.121
* Temperature SN = 2438
* Conductivity SN = 2067
* Number of Bytes Per Scan = 40
* Number of Voltage Words = 5
* Number of Scans Averaged by the Deck Unit = 1
* NMEA Latitude = 65 50.96 S
* NMEA Longitude = 071 22.70 W
* NMEA UTC (Time) = Dec 07 2021  06:49:20
* NMEA baud rate = 9600
** Ship: RVIB N.B. Palmer
** Cruise: NBP2113 LTER
** Station: 300.200
** Operator: B. Urmston
# nquan = 25
# nvalues = 3093                        
# units = specified
# name 0 = prDM: Pressure, Digiquartz [db]
# name 1 = depSM: Depth [salt water, m]
# name 2 = t090C: Temperature [ITS-90, deg C]
# name 3 = c0mS/cm: Conductivity [mS/cm]
# name 4 = t190C: Temperature, 2 [ITS-90, deg C]
# name 5 = c1mS/cm: Conductivity, 2 [mS/cm]
# name 6 = sbeox0ML/L: Oxygen, SBE 43 [ml/l]
# name 7 = sbeox1ML/L: Oxygen, SBE 43, 2 [ml/l]
# name 8 = flECO-AFL: Fluorescence, WET Labs ECO-AFL/FL [mg/m^3]
# name 9 = CStarTr0: Beam Transmission, WET Labs C-Star [%]
# name 10 = par: PAR/Irradiance, Biospherical/Licor
# name 11 = latitude: Latitude [deg]
# name 12 = longitude: Longitude [deg]
# name 13 = timeJ: Julian Days
# name 14 = altM: Altimeter [m]
# name 15 = spar: SPAR, Biospherical/Licor
# name 16 = timeS: Time, Elapsed [seconds]
# name 17 = scan: Scan Count
# name 18 = density00: Density [density, kg/m^3]
# name 19 = density11: Density, 2 [density, kg/m^3]
# name 20 = sal00: Salinity, Practical [PSU]
# name 21 = sal11: Salinity, Practical, 2 [PSU]
# name 22 = oxsolML/L: Oxygen Saturation, Garcia & Gordon [ml/l]
# name 23 = nbin: number of scans per bin
# name 24 = flag: flag
# span 0 =      9.000,   3101.000       
# span 1 =      8.909,   3048.007       
# span 2 =    -0.7633,     2.0337       
# span 3 =  27.690335,  30.764586       
# span 4 =    -0.7634,     2.0332       
# span 5 =  27.688916,  30.763305       
# span 6 =     3.8990,     8.1765       
# span 7 =     3.9450,     8.1945       
# span 8 =    -0.0250,     2.0418       
# span 9 =    90.3146,    96.2388       
# span 10 = 1.0000e-12, 1.0000e-12      
# span 11 =  -65.84928,  -65.84890      
# span 12 =  -71.37840,  -71.37776      
# span 13 = 341.286521, 341.332222      
# span 14 =      -5.76,     102.01      
# span 15 = 2.1537e+01, 7.7567e+01      
# span 16 =    195.450,   4143.939      
# span 17 =       4692,      99456      
# span 18 =  1027.2670,  1042.0899      
# span 19 =  1027.2651,  1042.0891      
# span 20 =    33.8768,    34.7304      
# span 21 =    33.8744,    34.7291      
# span 22 =    7.62252,    8.22958      
# span 23 =         12,         67      
# span 24 = 0.0000e+00, 0.0000e+00      
# interval = decibars: 1                
# start_time = Dec 07 2021 06:49:20 [NMEA time, header]
# bad_flag = -9.990e-29
*END*
[from data line 580]
    589.000    582.363     1.9444  30.763748     1.9442  30.762456     4.0500     4.0898    -0.0060    96.0794 1.0000e-12  -65.84906  -71.37816 341.296933      99.97 7.7567e+01   1095.051      26282  1030.5003  1030.4993    34.7087    34.7074    7.63656         20 0.0000e+00
    590.000    583.350     1.9427  30.762751     1.9424  30.761646     4.0522     4.0901    -0.0020    96.0917 1.0000e-12  -65.84906  -71.37816 341.296942      99.98 7.7567e+01   1095.814      26301  1030.5053  1030.5044    34.7088    34.7077    7.63689         18 0.0000e+00
    591.000    584.338     1.9414  30.762313     1.9412  30.760962     4.0527     4.0905    -0.0004    96.1099 1.0000e-12  -65.84906  -71.37816 341.296951      99.97 7.7567e+01   1096.520      26317  1030.5103  1030.5092    34.7091    34.7076    7.63712         17 0.0000e+00
    592.000    585.325     1.9398  30.761466     1.9396  30.760295     4.0533     4.0897    -0.0138    96.1248 1.0000e-12  -65.84906  -71.37816 341.296959      99.98 7.7567e+01   1097.284      26336  1030.5152  1030.5143    34.7092    34.7080    7.63742         20 0.0000e+00
    593.000    586.313     1.9376  30.760209     1.9374  30.759002     4.0490     4.0878    -0.0078    96.0574 1.0000e-12  -65.84906  -71.37816 341.296972      99.98 7.7567e+01   1098.358      26362  1030.5203  1030.5193    34.7095    34.7082    7.63783         33 0.0000e+00
    594.000    587.300     1.9359  30.759347     1.9358  30.758086     4.0485     4.0897    -0.0073    96.0171 1.0000e-12  -65.84906  -71.37816 341.296991      99.97 7.7567e+01   1099.986      26401  1030.5253  1030.5242    34.7097    34.7083    7.63814         39 0.0000e+00
    595.000    588.287     1.9348  30.758848     1.9347  30.757617     4.0524     4.0902    -0.0094    96.1300 1.0000e-12  -65.84906  -71.37816 341.297008      99.97 7.7567e+01   1101.506      26437  1030.5301  1030.5290    34.7097    34.7083    7.63836         31 0.0000e+00
    596.000    589.274     1.9341  30.758832     1.9339  30.757545     4.0555     4.0895    -0.0150    96.1517 1.0000e-12  -65.84906  -71.37816 341.297021      99.97 7.7285e+01   1102.626      26464  1030.5350  1030.5339    34.7099    34.7085    7.63848         25 0.0000e+00
    597.000    590.261     1.9335  30.758756     1.9332  30.757625     4.0537     4.0896    -0.0022    96.1612 1.0000e-12  -65.84906  -71.37816 341.297033      99.98 7.6103e+01   1103.631      26488  1030.5396  1030.5388    34.7099    34.7088    7.63860         23 0.0000e+00
    598.000    591.249     1.9326  30.758496     1.9324  30.757371     4.0523     4.0877    -0.0074    96.0913 1.0000e-12  -65.84906  -71.37816 341.297045      99.97 7.7394e+01   1104.649      26513  1030.5445  1030.5436    34.7100    34.7089    7.63877         26 0.0000e+00
    599.000    592.237     1.9302  30.757140     1.9300  30.755981     4.0560     4.0916    -0.0042    96.0122 1.0000e-12  -65.84906  -71.37816 341.297057      99.97 7.7566e+01   1105.699      26538  1030.5497  1030.5487    34.7104    34.7091    7.63921         25 0.0000e+00
    600.000    593.223     1.9266  30.754818     1.9263  30.753557     4.0553     4.0938    -0.0068    96.1401 1.0000e-12  -65.84906  -71.37816 341.297069      99.97 7.7567e+01   1106.748      26563  1030.5551  1030.5541    34.7109    34.7096    7.63987         25 0.0000e+00
    601.000    594.212     1.9262  30.755077     1.9260  30.753870     4.0583     4.0939    -0.0144    96.1305 1.0000e-12  -65.84906  -71.37816 341.297082      99.97 7.7567e+01   1107.844      26589  1030.5598  1030.5589    34.7110    34.7098    7.63994         28 0.0000e+00
    602.000    595.198     1.9260  30.755265     1.9258  30.754194     4.0533     4.0931    -0.0141    95.9893 1.0000e-12  -65.84906  -71.37816 341.297096      99.98 7.7011e+01   1109.056      26618  1030.5644  1030.5636    34.7109    34.7098    7.63998         31 0.0000e+00
    603.000    596.186     1.9257  30.755532     1.9256  30.754452     4.0528     4.0928    -0.0027    96.1037 1.0000e-12  -65.84906  -71.37816 341.297112      99.97 7.6403e+01   1110.452      26652  1030.5692  1030.5683    34.7111    34.7099    7.64004         36 0.0000e+00
    604.000    597.172     1.9237  30.754317     1.9236  30.753157     4.0529     4.0927    -0.0116    96.1145 1.0000e-12  -65.84906  -71.37816 341.297129      99.97 7.6076e+01   1111.932      26687  1030.5741  1030.5731    34.7112    34.7098    7.64041         33 0.0000e+00
    605.000    598.159     1.9227  30.753994     1.9224  30.752806     4.0571     4.0905    -0.0054    96.1643 1.0000e-12  -65.84906  -71.37816 341.297143      99.97 7.5798e+01   1113.131      26716  1030.5790  1030.5781    34.7113    34.7101    7.64060         24 0.0000e+00
    606.000    599.147     1.9222  30.754132     1.9220  30.752997     4.0558     4.0926    -0.0060    96.1313 1.0000e-12  -65.84908  -71.37816 341.297153      99.97 7.5804e+01   1114.061      26738  1030.5838  1030.5829    34.7115    34.7103    7.64069         21 0.0000e+00
    607.000    600.136     1.9223  30.754698     1.9220  30.753482     4.0595     4.0990    -0.0221    96.0076 1.0000e-12  -65.84908  -71.37816 341.297163      99.97 7.5804e+01   1114.861      26758  1030.5884  1030.5876    34.7115    34.7104    7.64067         18 0.0000e+00
    608.000    601.122     1.9225  30.755236     1.9221  30.754088     4.0576     4.0987    -0.0103    96.0402 1.0000e-12  -65.84908  -71.37816 341.297171      99.97 7.5804e+01   1115.606      26776  1030.5930  1030.5922    34.7114    34.7104    7.64064         19 0.0000e+00
    609.000    602.108     1.9225  30.755763     1.9221  30.754707     4.0584     4.0954     0.0452    96.1316 1.0000e-12  -65.84908  -71.37816 341.297182      99.97 7.5804e+01   1116.486      26797  1030.5977  1030.5970    34.7115    34.7106    7.64062         23 0.0000e+00
    610.000    603.098     1.9225  30.756239     1.9222  30.755049     4.0603     4.0978     0.0586    96.1331 1.0000e-12  -65.84908  -71.37816 341.297194      99.97 7.5804e+01   1117.548      26822  1030.6023  1030.6015    34.7115    34.7104    7.64062         27 0.0000e+00
    611.000    604.083     1.9226  30.756832     1.9223  30.755583     4.0617     4.0981    -0.0058    96.1338 1.0000e-12  -65.84908  -71.37816 341.297208      99.97 7.5804e+01   1118.813      26853  1030.6071  1030.6061    34.7116    34.7104    7.64060         36 0.0000e+00
    612.000    605.070     1.9230  30.757730     1.9229  30.756578     4.0675     4.0972     0.0146    96.0857 1.0000e-12  -65.84908  -71.37817 341.297234      99.97 7.5804e+01   1121.024      26906  1030.6117  1030.6107    34.7118    34.7104    7.64052         47 0.0000e+00
    613.000    606.057     1.9230  30.758275     1.9229  30.757101     4.0657     4.0956    -0.0120    96.0981 1.0000e-12  -65.84908  -71.37816 341.297256      99.97 7.5804e+01   1122.905      26951  1030.6165  1030.6154    34.7119    34.7105    7.64051         29 0.0000e+00
    614.000    607.045     1.9224  30.758434     1.9222  30.757330     4.0648     4.0959    -0.0080    96.0682 1.0000e-12  -65.84908  -71.37816 341.297268      99.97 7.5804e+01   1123.914      26975  1030.6214  1030.6205    34.7121    34.7110    7.64061         22 0.0000e+00
    615.000    608.032     1.9220  30.758520     1.9217  30.757445     4.0675     4.0967    -0.0205    95.2955 1.0000e-12  -65.84908  -71.37815 341.297277      99.97 7.5804e+01   1124.697      26994  1030.6261  1030.6254    34.7122    34.7112    7.64069         17 0.0000e+00
    616.000    609.021     1.9215  30.758687     1.9213  30.757691     4.0709     4.0995    -0.0119    95.9546 1.0000e-12  -65.84908  -71.37814 341.297284      99.97 7.5804e+01   1125.358      27010  1030.6309  1030.6301    34.7123    34.7113    7.64077         15 0.0000e+00
    617.000    610.006     1.9207  30.758561     1.9205  30.757443     4.0770     4.1026    -0.0054    96.1236 1.0000e-12  -65.84908  -71.37816 341.297292      99.97 7.5804e+01   1125.989      27025  1030.6358  1030.6349    34.7125    34.7113    7.64091         15 0.0000e+00
    618.000    610.994     1.9201  30.758528     1.9198  30.757323     4.0749     4.1070    -0.0124    96.0758 1.0000e-12  -65.84908  -71.37815 341.297299      99.97 7.5804e+01   1126.612      27040  1030.6406  1030.6398    34.7126    34.7115    7.64104         15 0.0000e+00
    619.000    611.981     1.9196  30.758651     1.9193  30.757437     4.0744     4.1098    -0.0120    95.7173 1.0000e-12  -65.84908  -71.37814 341.297307      64.89 7.5804e+01   1127.276      27056  1030.6454  1030.6445    34.7128    34.7115    7.64112         17 0.0000e+00
    620.000    612.969     1.9189  30.758632     1.9186  30.757421     4.0724     4.1105    -0.0050    96.0575 1.0000e-12  -65.84908  -71.37816 341.297316      11.22 7.5804e+01   1128.074      27075  1030.6503  1030.6494    34.7129    34.7117    7.64124         22 0.0000e+00
    621.000    613.958     1.9162  30.756933     1.9162  30.755987     4.0675     4.1123    -0.0103    96.1161 1.0000e-12  -65.84908  -71.37817 341.297331      79.83 7.5804e+01   1129.418      27107  1030.6554  1030.6545    34.7131    34.7120    7.64175         36 0.0000e+00
    622.000    614.942     1.9163  30.757281     1.9168  30.756606     4.0708     4.1110    -0.0005    96.1044 1.0000e-12  -65.84908  -71.37816 341.297372      99.31 7.5804e+01   1132.896      27191  1030.6599  1030.6588    34.7129    34.7116    7.64174         30 0.0000e+00
    623.000    615.929     1.9144  30.756513     1.9142  30.755268     4.0735     4.1081    -0.0110    96.0894 1.0000e-12  -65.84910  -71.37816 341.297388      99.97 7.5804e+01   1134.351      27225  1030.6651  1030.6641    34.7135    34.7122    7.64207         22 0.0000e+00
    624.000    616.917     1.9141  30.756692     1.9139  30.755444     4.0734     4.1018    -0.0051    96.1313 1.0000e-12  -65.84910  -71.37814 341.297398      99.97 7.5804e+01   1135.168      27245  1030.6698  1030.6688    34.7135    34.7122    7.64214         18 0.0000e+00
    625.000    617.904     1.9136  30.756662     1.9134  30.755488     4.0745     4.1062     0.0028    96.1147 1.0000e-12  -65.84910  -71.37815 341.297405      99.97 7.5804e+01   1135.815      27261  1030.6745  1030.6736    34.7135    34.7123    7.64224         14 0.0000e+00
    626.000    618.891     1.9131  30.756767     1.9130  30.755592     4.0755     4.1147     0.0027    96.1572 1.0000e-12  -65.84910  -71.37816 341.297412      99.97 7.5804e+01   1136.398      27275  1030.6793  1030.6782    34.7135    34.7122    7.64232         14 0.0000e+00
    627.000    619.876     1.9130  30.757166     1.9129  30.755971     4.0715     4.1169     0.0024    96.1569 1.0000e-12  -65.84910  -71.37814 341.297419      99.97 7.5804e+01   1136.965      27288  1030.6839  1030.6830    34.7136    34.7123    7.64234         13 0.0000e+00
    628.000    620.868     1.9129  30.757549     1.9127  30.756288     4.0713     4.1145    -0.0039    96.1537 1.0000e-12  -65.84910  -71.37814 341.297425      99.97 7.5804e+01   1137.551      27302  1030.6887  1030.6876    34.7137    34.7123    7.64237         15 0.0000e+00
    629.000    621.853     1.9125  30.757523     1.9122  30.756335     4.0726     4.1132    -0.0030    96.1090 1.0000e-12  -65.84910  -71.37816 341.297433      99.98 7.5804e+01   1138.246      27319  1030.6933  1030.6924    34.7135    34.7124    7.64245         20 0.0000e+00
    630.000    622.841     1.9126  30.758000     1.9124  30.756783     4.0653     4.1113    -0.0055    96.0964 1.0000e-12  -65.84909  -71.37817 341.297453      99.97 7.5804e+01   1139.968      27360  1030.6979  1030.6968    34.7135    34.7121    7.64243         36 0.0000e+00
    631.000    623.827     1.9122  30.758054     1.9120  30.756808     4.0670     4.1129    -0.0084    96.1258 1.0000e-12  -65.84910  -71.37818 341.297483      99.97 7.5804e+01   1142.532      27422  1030.7024  1030.7014    34.7134    34.7121    7.64250         38 0.0000e+00
    632.000    624.813     1.9113  30.757853     1.9111  30.756728     4.0740     4.1113     0.0064    96.1405 1.0000e-12  -65.84910  -71.37818 341.297498      99.97 7.5804e+01   1143.812      27452  1030.7073  1030.7064    34.7136    34.7124    7.64267         29 0.0000e+00
    633.000    625.801     1.9108  30.757980     1.9105  30.756739     4.0785     4.1113     0.0024    96.1370 1.0000e-12  -65.84910  -71.37817 341.297511      99.97 7.5804e+01   1144.948      27480  1030.7121  1030.7112    34.7137    34.7125    7.64276         26 0.0000e+00
    634.000    626.788     1.9104  30.758136     1.9101  30.756895     4.0756     4.1119     0.0064    96.1152 1.0000e-12  -65.84910  -71.37816 341.297523      99.97 7.5804e+01   1146.027      27506  1030.7169  1030.7159    34.7138    34.7126    7.64283         26 0.0000e+00
    635.000    627.775     1.9079  30.756487     1.9076  30.755433     4.0739     4.1115    -0.0057    96.0910 1.0000e-12  -65.84910  -71.37816 341.297536      99.97 7.5804e+01   1147.074      27531  1030.7219  1030.7211    34.7139    34.7129    7.64331         24 0.0000e+00
    636.000    628.764     1.9063  30.755717     1.9061  30.754681     4.0732     4.1123    -0.0019    96.1151 1.0000e-12  -65.84910  -71.37816 341.297547      99.98 7.5804e+01   1148.073      27555  1030.7269  1030.7261    34.7141    34.7131    7.64360         24 0.0000e+00
    637.000    629.749     1.9063  30.756162     1.9058  30.754934     4.0761     4.1126     0.0008    96.1481 1.0000e-12  -65.84910  -71.37816 341.297559      99.97 7.5804e+01   1149.061      27578  1030.7315  1030.7307    34.7141    34.7131    7.64361         24 0.0000e+00
    638.000    630.737     1.9054  30.755822     1.9051  30.754766     4.0740     4.1151     0.0001    96.1266 1.0000e-12  -65.84910  -71.37816 341.297571      99.97 7.5804e+01   1150.136      27604  1030.7363  1030.7355    34.7141    34.7131    7.64378         29 0.0000e+00
    639.000    631.724     1.9042  30.755377     1.9040  30.754270     4.0783     4.1166    -0.0088    96.1485 1.0000e-12  -65.84910  -71.37816 341.297586      99.97 7.5804e+01   1151.450      27636  1030.7412  1030.7403    34.7144    34.7132    7.64400         34 0.0000e+00
    640.000    632.711     1.9035  30.755346     1.9032  30.754197     4.0762     4.1167    -0.0136    96.1226 1.0000e-12  -65.84910  -71.37817 341.297602      99.97 7.5804e+01   1152.828      27669  1030.7461  1030.7452    34.7145    34.7134    7.64413         29 0.0000e+00
    641.000    633.698     1.9023  30.754956     1.9020  30.753813     4.0783     4.1198    -0.0085    96.1531 1.0000e-12  -65.84910  -71.37818 341.297615      99.97 7.5804e+01   1153.946      27696  1030.7510  1030.7502    34.7148    34.7136    7.64434         26 0.0000e+00
    642.000    634.685     1.9018  30.755077     1.9016  30.753949     4.0806     4.1196    -0.0109    96.1638 1.0000e-12  -65.84910  -71.37818 341.297627      99.97 7.5804e+01   1154.978      27720  1030.7557  1030.7549    34.7149    34.7138    7.64442         25 0.0000e+00
    643.000    635.672     1.9003  30.754335     1.9001  30.753200     4.0827     4.1208    -0.0085    96.1552 1.0000e-12  -65.84910  -71.37818 341.297640      99.97 7.5804e+01   1156.115      27748  1030.7608  1030.7599    34.7151    34.7139    7.64471         28 0.0000e+00
    644.000    636.660     1.8980  30.753064     1.8979  30.751938     4.0891     4.1243    -0.0054    96.0443 1.0000e-12  -65.84910  -71.37818 341.297657      99.97 7.5804e+01   1157.569      27783  1030.7659  1030.7649    34.7154    34.7142    7.64513         37 0.0000e+00
    645.000    637.646     1.8976  30.753354     1.8975  30.752104     4.0870     4.1203    -0.0080    96.1109 1.0000e-12  -65.84910  -71.37818 341.297675      99.97 7.5804e+01   1159.110      27820  1030.7708  1030.7696    34.7157    34.7142    7.64519         33 0.0000e+00
