NBP2113_155081_ctd/data/dnbp2113_060.cnv
* Sea-Bird SBE 9 Data File:
* FileName = D:\Data\raw\NBP2113_060.hex
* Software Version Seasave V 7.26.7.121
* Temperature SN = 2438
* Conductivity SN = 2067
* Number of Bytes Per Scan = 40
* Number of Voltage Words = 5
* Number of Scans Averaged by the Deck Unit = 1
* NMEA Latitude = 64 45.87 S
* NMEA Longitude = 063 07.32 W
* NMEA UTC (Time) = Dec 13 2021  22:33:21
* NMEA baud rate = 9600
** Ship: RVIB N.B. Palmer
** Cruise: NBP2113 LTER
** Station: 654.006
** Operator: S. Blackman
# nquan = 25
# nvalues = 274                         
# units = specified
# name 0 = prDM: Pressure, Digiquartz [db]
# name 1 = depSM: Depth [salt water, m]
# name 2 = t090C: Temperature [ITS-90, deg C]
# name 3 = c0mS/cm: Conductivity [mS/cm]
# name 4 = t190C: Temperature, 2 [ITS-90, deg C]
# name 5 = c1mS/cm: Conductivity, 2 [mS/cm]
# name 6 = sbeox0ML/L: Oxygen, SBE 43 [ml/l]
# name 7 = sbeox1ML/L: Oxygen, SBE 43, 2 [ml/l]
# name 8 = flECO-AFL: Fluorescence, WET Labs ECO-AFL/FL [mg/m^3]
# name 9 = CStarTr0: Beam Transmission, WET Labs C-Star [%]
# name 10 = par: PAR/Irradiance, Biospherical/Licor
# name 11 = latitude: Latitude [deg]
# name 12 = longitude: Longitude [deg]
# name 13 = timeJ: Julian Days
# name 14 = altM: Altimeter [m]
# name 15 = spar: SPAR, Biospherical/Licor
# name 16 = timeS: Time, Elapsed [seconds]
# name 17 = scan: Scan Count
# name 18 = density00: Density [density, kg/m^3]
# name 19 = density11: Density, 2 [density, kg/m^3]
# name 20 = sal00: Salinity, Practical [PSU]
# name 21 = sal11: Salinity, Practical, 2 [PSU]
# name 22 = oxsolML/L: Oxygen Saturation, Garcia & Gordon [ml/l]
# name 23 = nbin: number of scans per bin
# name 24 = flag: flag
# span 0 =      4.000,    277.000       
# span 1 =      3.954,    274.113       
# span 2 =    -0.3468,     0.8052       
# span 3 =  27.892186,  29.440041       
# span 4 =    -0.3376,     0.8045       
# span 5 =  27.890806,  29.438590       
# span 6 =     4.9793,     7.4652       
# span 7 =     5.0589,     7.5318       
# span 8 =    -0.0118,     1.4490       
# span 9 =    85.1715,    90.7313       
# span 10 = -1.643e-06, 4.6229e+02      
# span 11 =  -64.76436,  -64.76416      
# span 12 =  -63.12226,  -63.12212      
# span 13 = 347.942980, 347.948550      
# span 14 =       8.60,     100.15      
# span 15 = 1.7464e+03, 1.8483e+03      
# span 16 =    272.496,    753.703      
# span 17 =       6541,      18090      
# span 18 =  1027.1850,  1029.0461      
# span 19 =  1027.1853,  1029.0431      
# span 20 =    33.8127,    34.5180      
# span 21 =    33.8110,    34.5176      
# span 22 =    7.87213,    8.14227      
# span 23 =          3,         47      
# span 24 = 0.0000e+00, 0.0000e+00      
# interval = decibars: 1                
# start_time = Dec 13 2021 22:33:21 [NMEA time, header]
# bad_flag = -9.990e-29
*END*
[from data line 174]
    178.000    176.182     0.7641  29.390620     0.7635  29.389157     5.0482     5.1206     0.0328    90.5864 1.0000e-12  -64.76434  -63.12214 347.946544      99.86 1.8097e+03    580.385      13930  1028.4980  1028.4970    34.4953    34.4941    7.88091         28 0.0000e+00
    179.000    177.172     0.7643  29.391197     0.7634  29.389577     5.0410     5.1166     0.0410    90.5969 1.0000e-12  -64.76434  -63.12214 347.946558      99.97 1.8134e+03    581.578      13959  1028.5027  1028.5018    34.4953    34.4942    7.88088         29 0.0000e+00
    180.000    178.162     0.7650  29.392283     0.7651  29.391615     5.0389     5.1131     0.0391    90.5718 1.0000e-12  -64.76434  -63.12214 347.946572      99.97 1.8153e+03    582.780      13988  1028.5073  1028.5066    34.4953    34.4944    7.88073         26 0.0000e+00
    181.000    179.150     0.7662  29.393940     0.7664  29.393338     5.0530     5.1065     0.0288    90.5451 1.0000e-12  -64.76434  -63.12214 347.946585      99.97 1.8202e+03    583.973      14016  1028.5122  1028.5113    34.4956    34.4945    7.88049         29 0.0000e+00
    182.000    180.139     0.7680  29.396141     0.7684  29.395708     5.0249     5.0971     0.0289    90.5665 1.0000e-12  -64.76434  -63.12214 347.946599      99.97 1.8239e+03    585.155      14045  1028.5169  1028.5161    34.4958    34.4948    7.88010         29 0.0000e+00
    183.000    181.129     0.7744  29.402468     0.7740  29.401364     4.9987     5.0822     0.0289    90.5802 1.0000e-12  -64.76434  -63.12214 347.946613      99.97 1.8220e+03    586.336      14073  1028.5214  1028.5207    34.4963    34.4953    7.87877         28 0.0000e+00
    184.000    182.118     0.7949  29.422730     0.7933  29.420390     4.9912     5.0768     0.0296    90.5695 1.0000e-12  -64.76436  -63.12212 347.946626      99.97 1.8249e+03    587.528      14102  1028.5266  1028.5258    34.4992    34.4980    7.87447         29 0.0000e+00
    185.000    183.109     0.8000  29.429344     0.7995  29.428046     4.9900     5.0702     0.0349    90.5200 1.0000e-12  -64.76436  -63.12212 347.946640      55.76 1.8263e+03    588.722      14130  1028.5329  1028.5319    34.5016    34.5004    7.87331         28 0.0000e+00
    186.000    184.096     0.8021  29.432035     0.8014  29.430561     4.9793     5.0627     0.0307    90.5636 1.0000e-12  -64.76436  -63.12212 347.946654      99.50 1.8263e+03    589.904      14159  1028.5379  1028.5371    34.5021    34.5010    7.87285         29 0.0000e+00
    187.000    185.087     0.8035  29.434168     0.8028  29.432622     4.9836     5.0589     0.0338    90.5575 1.0000e-12  -64.76436  -63.12212 347.946668      99.96 1.8276e+03    591.088      14187  1028.5432  1028.5422    34.5027    34.5015    7.87254         28 0.0000e+00
    188.000    186.075     0.8052  29.436988     0.8045  29.435553     4.9914     5.0608     0.0318    90.5657 1.0000e-12  -64.76436  -63.12212 347.946681      99.33 1.8302e+03    592.268      14215  1028.5488  1028.5479    34.5039    34.5028    7.87213         28 0.0000e+00
    189.000    187.065     0.8047  29.437570     0.8042  29.436176     4.9918     5.0618     0.0299    90.5573 1.0000e-12  -64.76436  -63.12212 347.946695      98.90 1.8316e+03    593.451      14244  1028.5542  1028.5532    34.5046    34.5034    7.87219         28 0.0000e+00
    190.000    188.054     0.8046  29.438151     0.8040  29.436706     4.9977     5.0628     0.0255    90.6125 1.0000e-12  -64.76436  -63.12212 347.946709      97.61 1.8335e+03    594.648      14273  1028.5591  1028.5583    34.5048    34.5036    7.87219         30 0.0000e+00
    191.000    189.043     0.8044  29.438679     0.8037  29.437372     4.9882     5.0621     0.0242    90.5804 1.0000e-12  -64.76436  -63.12212 347.946723      96.60 1.8352e+03    595.855      14302  1028.5642  1028.5635    34.5051    34.5042    7.87221         28 0.0000e+00
    192.000    190.033     0.8042  29.439190     0.8036  29.437782     4.9899     5.0611     0.0269    90.5972 1.0000e-12  -64.76436  -63.12212 347.946737      95.47 1.8352e+03    597.060      14330  1028.5692  1028.5684    34.5054    34.5044    7.87224         29 0.0000e+00
    193.000    191.022     0.8046  29.440041     0.8039  29.438590     4.9946     5.0595     0.0289    90.6023 1.0000e-12  -64.76436  -63.12212 347.946751      94.70 1.8352e+03    598.271      14360  1028.5740  1028.5732    34.5055    34.5044    7.87215         29 0.0000e+00
    194.000    192.012     0.8029  29.439277     0.8023  29.437845     4.9990     5.0618     0.0289    90.6058 1.0000e-12  -64.76436  -63.12212 347.946765      93.41 1.8350e+03    599.469      14388  1028.5793  1028.5784    34.5059    34.5047    7.87249         29 0.0000e+00
    195.000    193.000     0.7938  29.432711     0.7937  29.431560     5.0166     5.0704     0.0282    90.5795 1.0000e-12  -64.76436  -63.12212 347.946778      92.38 1.8347e+03    600.654      14417  1028.5857  1028.5845    34.5069    34.5055    7.87427         29 0.0000e+00
    196.000    193.991     0.7795  29.420560     0.7799  29.420246     5.0248     5.0844     0.0226    90.5583 1.0000e-12  -64.76436  -63.12212 347.946792      91.31 1.8330e+03    601.854      14445  1028.5914  1028.5906    34.5064    34.5056    7.87719         28 0.0000e+00
    197.000    194.979     0.7673  29.410085     0.7666  29.408488     5.0340     5.0842     0.0290    90.5852 1.0000e-12  -64.76436  -63.12212 347.946806      90.03 1.8324e+03    603.075      14475  1028.5967  1028.5957    34.5058    34.5045    7.87969         30 0.0000e+00
    198.000    195.968     0.7641  29.407190     0.7626  29.405087     5.0435     5.0907     0.0264    90.5942 1.0000e-12  -64.76436  -63.12212 347.946820      89.37 1.8334e+03    604.285      14504  1028.6010  1028.6002    34.5050    34.5039    7.88039         29 0.0000e+00
    199.000    196.957     0.7573  29.402195     0.7566  29.400659     5.0422     5.0982     0.0186    90.5660 1.0000e-12  -64.76436  -63.12212 347.946834      88.26 1.8321e+03    605.465      14532  1028.6066  1028.6056    34.5055    34.5043    7.88174         28 0.0000e+00
    200.000    197.948     0.7466  29.393396     0.7457  29.391703     5.0454     5.1003     0.0178    90.5892 1.0000e-12  -64.76436  -63.12212 347.946847      87.28 1.8329e+03    606.623      14560  1028.6121  1028.6112    34.5054    34.5042    7.88391         27 0.0000e+00
    201.000    198.936     0.7383  29.386239     0.7374  29.384512     5.0375     5.1024     0.0216    90.5978 1.0000e-12  -64.76436  -63.12212 347.946861      85.94 1.8327e+03    607.775      14588  1028.6169  1028.6161    34.5047    34.5035    7.88563         28 0.0000e+00
    202.000    199.924     0.7344  29.383770     0.7337  29.382140     5.0359     5.1023     0.0172    90.5978 1.0000e-12  -64.76436  -63.12212 347.946874      85.09 1.8290e+03    608.925      14615  1028.6224  1028.6214    34.5053    34.5040    7.88640         28 0.0000e+00
    203.000    200.914     0.7319  29.381907     0.7311  29.380397     5.0392     5.0987     0.0284    90.6078 1.0000e-12  -64.76436  -63.12212 347.946888      84.31 1.8281e+03    610.084      14643  1028.6270  1028.6262    34.5051    34.5039    7.88692         28 0.0000e+00
    204.000    201.905     0.7321  29.382567     0.7316  29.381353     5.0450     5.1077     0.0258    90.5425 1.0000e-12  -64.76436  -63.12212 347.946901      83.32 1.8276e+03    611.275      14672  1028.6317  1028.6308    34.5052    34.5041    7.88688         28 0.0000e+00
    205.000    202.894     0.7315  29.382663     0.7319  29.382225     5.0446     5.1046     0.0157    90.4879 1.0000e-12  -64.76436  -63.12212 347.946915      82.21 1.8263e+03    612.474      14700  1028.6365  1028.6356    34.5053    34.5043    7.88699         29 0.0000e+00
    206.000    203.882     0.7296  29.381674     0.7303  29.381407     5.0413     5.1032     0.0272    90.5720 1.0000e-12  -64.76436  -63.12212 347.946929      80.94 1.8253e+03    613.657      14729  1028.6414  1028.6405    34.5055    34.5045    7.88735         28 0.0000e+00
    207.000    204.871     0.7315  29.383540     0.7309  29.382167     5.0548     5.1145     0.0284    90.5296 1.0000e-12  -64.76436  -63.12212 347.946942      79.90 1.8235e+03    614.830      14757  1028.6457  1028.6448    34.5053    34.5042    7.88699         29 0.0000e+00
    208.000    205.861     0.7258  29.379515     0.7209  29.375092     5.0665     5.1236     0.0162    90.5189 1.0000e-12  -64.76436  -63.12212 347.946956      79.12 1.8217e+03    616.029      14786  1028.6513  1028.6514    34.5058    34.5055    7.88812         29 0.0000e+00
    209.000    206.850     0.7043  29.361729     0.7034  29.358992     5.0767     5.1326     0.0274    90.5453 1.0000e-12  -64.76436  -63.12212 347.946970      78.09 1.8210e+03    617.247      14815  1028.6581  1028.6562    34.5060    34.5035    7.89247         29 0.0000e+00
    210.000    207.839     0.6985  29.356335     0.6930  29.350546     5.0811     5.1378     0.0239    90.5163 1.0000e-12  -64.76436  -63.12212 347.946984      77.14 1.8192e+03    618.453      14844  1028.6623  1028.6617    34.5049    34.5035    7.89372         29 0.0000e+00
    211.000    208.828     0.6879  29.346763     0.6886  29.346760     5.0782     5.1369     0.0288    90.5021 1.0000e-12  -64.76436  -63.12212 347.946998      76.12 1.8180e+03    619.652      14873  1028.6668  1028.6662    34.5037    34.5029    7.89594         29 0.0000e+00
    212.000    209.818     0.6896  29.348785     0.6868  29.345513     5.0823     5.1361     0.0289    90.4404 1.0000e-12  -64.76436  -63.12213 347.947012      74.99 1.8162e+03    620.840      14901  1028.6714  1028.6707    34.5038    34.5027    7.89558         28 0.0000e+00
    213.000    210.807     0.6854  29.345886     0.6848  29.344413     5.0933     5.1416     0.0246    90.4867 1.0000e-12  -64.76436  -63.12214 347.947026      74.17 1.8143e+03    622.040      14930  1028.6766  1028.6757    34.5041    34.5028    7.89642         29 0.0000e+00
    214.000    211.794     0.6811  29.342286     0.6806  29.340974     5.0822     5.1434     0.0168    90.4895 1.0000e-12  -64.76436  -63.12214 347.947040      72.81 1.8137e+03    623.254      14959  1028.6812  1028.6804    34.5036    34.5025    7.89732         29 0.0000e+00
    215.000    212.786     0.6802  29.342110     0.6784  29.339400     5.0942     5.1427     0.0196    90.4684 1.0000e-12  -64.76436  -63.12214 347.947054      72.00 1.8112e+03    624.446      14988  1028.6860  1028.6850    34.5038    34.5023    7.89749         29 0.0000e+00
    216.000    213.775     0.6742  29.337013     0.6750  29.336923     5.1010     5.1556     0.0216    90.4376 1.0000e-12  -64.76436  -63.12213 347.947067      70.89 1.8096e+03    625.621      15016  1028.6909  1028.6899    34.5033    34.5022    7.89875         28 0.0000e+00
    217.000    214.763     0.6590  29.325353     0.6595  29.324881     5.0965     5.1525     0.0216    90.4815 1.0000e-12  -64.76436  -63.12213 347.947081      69.82 1.8087e+03    626.792      15044  1028.6978  1028.6967    34.5045    34.5032    7.90178         27 0.0000e+00
    218.000    215.753     0.6541  29.320501     0.6535  29.319135     5.1037     5.1579     0.0216    90.4353 1.0000e-12  -64.76436  -63.12213 347.947094      68.86 1.8086e+03    627.956      15072  1028.7016  1028.7008    34.5030    34.5019    7.90285         28 0.0000e+00
    219.000    216.742     0.6545  29.321772     0.6539  29.320103     5.1149     5.1677     0.0163    90.3923 1.0000e-12  -64.76436  -63.12212 347.947108      67.68 1.8066e+03    629.136      15100  1028.7066  1028.7054    34.5036    34.5021    7.90274         29 0.0000e+00
    220.000    217.732     0.6440  29.312667     0.6446  29.312415     5.1202     5.1726     0.0271    90.4500 1.0000e-12  -64.76436  -63.12212 347.947122      66.90 1.8052e+03    630.317      15129  1028.7116  1028.7109    34.5028    34.5019    7.90491         28 0.0000e+00
    221.000    218.720     0.6440  29.312399     0.6398  29.308275     5.1061     5.1694     0.0176    90.4522 1.0000e-12  -64.76436  -63.12212 347.947135      65.94 1.8052e+03    631.495      15157  1028.7155  1028.7153    34.5019    34.5013    7.90497         29 0.0000e+00
    222.000    219.710     0.6461  29.315700     0.6420  29.311048     5.1222     5.1798     0.0288    90.4162 1.0000e-12  -64.76436  -63.12212 347.947149      64.86 1.8038e+03    632.694      15186  1028.7209  1028.7201    34.5033    34.5017    7.90446         29 0.0000e+00
    223.000    220.698     0.6376  29.309076     0.6361  29.306704     5.1444     5.1936     0.0289    90.4074 1.0000e-12  -64.76436  -63.12213 347.947163      63.73 1.8016e+03    633.903      15215  1028.7266  1028.7256    34.5035    34.5022    7.90619         28 0.0000e+00
    224.000    221.688     0.6101  29.285260     0.6088  29.283008     5.1698     5.2024     0.0289    90.4396 1.0000e-12  -64.76436  -63.12214 347.947177      62.68 1.7989e+03    635.079      15243  1028.7330  1028.7319    34.5026    34.5011    7.91186         29 0.0000e+00
    225.000    222.677     0.5945  29.271009     0.5938  29.269593     5.1596     5.2018     0.0207    90.4231 1.0000e-12  -64.76436  -63.12214 347.947191      61.80 1.7975e+03    636.276      15272  1028.7375  1028.7366    34.5008    34.4997    7.91513         29 0.0000e+00
    226.000    223.666     0.5943  29.270876     0.5942  29.270011     5.1510     5.2069     0.0191    90.3913 1.0000e-12  -64.76436  -63.12214 347.947205      60.68 1.7979e+03    637.485      15301  1028.7416  1028.7407    34.5003    34.4992    7.91520         29 0.0000e+00
    227.000    224.655     0.6018  29.277990     0.6022  29.277450     5.1464     5.2099     0.0216    90.3974 1.0000e-12  -64.76436  -63.12214 347.947219      59.50 1.7971e+03    638.694      15330  1028.7456  1028.7447    34.5006    34.4994    7.91365         28 0.0000e+00
    228.000    225.645     0.5996  29.277476     0.6010  29.277784     5.1655     5.2209     0.0216    90.4034 1.0000e-12  -64.76436  -63.12214 347.947233      58.71 1.7949e+03    639.894      15358  1028.7514  1028.7503    34.5018    34.5006    7.91404         29 0.0000e+00
    229.000    226.634     0.5843  29.264049     0.5862  29.265233     5.2111     5.2514     0.0216    90.3479 1.0000e-12  -64.76436  -63.12214 347.947246      57.52 1.7936e+03    641.092      15387  1028.7566  1028.7560    34.5007    34.5002    7.91722         29 0.0000e+00
    230.000    227.621     0.5499  29.236708     0.5482  29.233862     5.2398     5.2726     0.0284    90.3246 1.0000e-12  -64.76436  -63.12214 347.947260      56.37 1.7911e+03    642.277      15416  1028.7660  1028.7647    34.5029    34.5011    7.92414         28 0.0000e+00
    231.000    228.612     0.5113  29.202707     0.5140  29.204011     5.2851     5.3117     0.0210    90.3637 1.0000e-12  -64.76436  -63.12214 347.947274      55.71 1.7911e+03    643.450      15444  1028.7725  1028.7712    34.5009    34.4996    7.93214         28 0.0000e+00
    232.000    229.600     0.4803  29.177080     0.4836  29.178345     5.3436     5.3410     0.0216    90.3456 1.0000e-12  -64.76436  -63.12214 347.947287      54.74 1.7911e+03    644.618      15472  1028.7800  1028.7782    34.5014    34.4995    7.93847         28 0.0000e+00
    233.000    230.590     0.4123  29.118198     0.4100  29.115429     5.3552     5.3582     0.0216    90.3474 1.0000e-12  -64.76436  -63.12214 347.947301      53.51 1.7907e+03    645.789      15500  1028.7894  1028.7887    34.4998    34.4987    7.95255         29 0.0000e+00
    234.000    231.578     0.3859  29.094843     0.3855  29.093285     5.3612     5.3717     0.0242    90.2933 1.0000e-12  -64.76436  -63.12214 347.947314      52.75 1.7893e+03    646.962      15528  1028.7943  1028.7930    34.4982    34.4966    7.95809         28 0.0000e+00
