NBP2113_155081_ctd/data/dnbp2113_061.cnv
* Sea-Bird SBE 9 Data File:
* FileName = D:\Data\raw\NBP2113_061.hex
* Software Version Seasave V 7.26.7.121
* Temperature SN = 2438
* Conductivity SN = 2067
* Number of Bytes Per Scan = 40
* Number of Voltage Words = 5
* Number of Scans Averaged by the Deck Unit = 1
* NMEA Latitude = 64 46.21 S
* NMEA Longitude = 063 05.90 W
* NMEA UTC (Time) = Dec 13 2021  23:26:08
* NMEA baud rate = 9600
** Ship: RVIB N.B. Palmer
** Cruise: NBP2113 LTER
** Station: 654.005
** Operator: S. Blackman
# nquan = 25
# nvalues = 336                         
# units = specified
# name 0 = prDM: Pressure, Digiquartz [db]
# name 1 = depSM: Depth [salt water, m]
# name 2 = t090C: Temperature [ITS-90, deg C]
# name 3 = c0mS/cm: Conductivity [mS/cm]
# name 4 = t190C: Temperature, 2 [ITS-90, deg C]
# name 5 = c1mS/cm: Conductivity, 2 [mS/cm]
# name 6 = sbeox0ML/L: Oxygen, SBE 43 [ml/l]
# name 7 = sbeox1ML/L: Oxygen, SBE 43, 2 [ml/l]
# name 8 = flECO-AFL: Fluorescence, WET Labs ECO-AFL/FL [mg/m^3]
# name 9 = CStarTr0: Beam Transmission, WET Labs C-Star [%]
# name 10 = par: PAR/Irradiance, Biospherical/Licor
# name 11 = latitude: Latitude [deg]
# name 12 = longitude: Longitude [deg]
# name 13 = timeJ: Julian Days
# name 14 = altM: Altimeter [m]
# name 15 = spar: SPAR, Biospherical/Licor
# name 16 = timeS: Time, Elapsed [seconds]
# name 17 = scan: Scan Count
# name 18 = density00: Density [density, kg/m^3]
# name 19 = density11: Density, 2 [density, kg/m^3]
# name 20 = sal00: Salinity, Practical [PSU]
# name 21 = sal11: Salinity, Practical, 2 [PSU]
# name 22 = oxsolML/L: Oxygen Saturation, Garcia & Gordon [ml/l]
# name 23 = nbin: number of scans per bin
# name 24 = flag: flag
# span 0 =      4.000,    339.000       
# span 1 =      3.958,    335.408       
# span 2 =    -0.4926,     0.7998       
# span 3 =  27.948527,  29.429385       
# span 4 =    -0.4928,     0.7991       
# span 5 =  27.947194,  29.427788       
# span 6 =     4.9905,     7.4001       
# span 7 =     5.0632,     7.4620       
# span 8 =    -0.0210,     1.3296       
# span 9 =    83.6290,    90.1940       
# span 10 = 1.0000e-12, 9.2479e+01      
# span 11 =  -64.77050,  -64.77024      
# span 12 =  -63.09850,  -63.09826      
# span 13 = 347.980016, 347.986441      
# span 14 =       9.04,      99.97      
# span 15 = 3.4020e+02, 1.2836e+03      
# span 16 =    305.348,    860.470      
# span 17 =       7329,      20652      
# span 18 =  1027.1723,  1029.3503      
# span 19 =  1027.1711,  1029.3490      
# span 20 =    33.8064,    34.5120      
# span 21 =    33.8032,    34.5104      
# span 22 =    7.87322,    8.14211      
# span 23 =         11,         51      
# span 24 = 0.0000e+00, 0.0000e+00      
# interval = decibars: 1                
# start_time = Dec 13 2021 23:26:08 [NMEA time, header]
# bad_flag = -9.990e-29
*END*
[from data line 290]
    294.000    290.916    -0.3046  28.538301    -0.3050  28.536987     5.7930     5.8563    -0.0069    89.4868 1.0000e-12  -64.77048  -63.09828 347.985049      54.29 1.1984e+03    740.257      17767  1029.1203  1029.1192    34.5026    34.5013    8.10244         29 0.0000e+00
    295.000    291.905    -0.3039  28.539135    -0.3048  28.537787     5.7986     5.8552    -0.0007    89.4786 1.0000e-12  -64.77048  -63.09828 347.985063      53.35 1.2009e+03    741.468      17796  1029.1247  1029.1241    34.5023    34.5015    8.10230         30 0.0000e+00
    296.000    292.894    -0.3023  28.541046    -0.3028  28.539717     5.8067     5.8651    -0.0076    89.4862 1.0000e-12  -64.77048  -63.09828 347.985078      52.41 1.2030e+03    742.714      17826  1029.1294  1029.1284    34.5025    34.5012    8.10195         30 0.0000e+00
    297.000    293.882    -0.3154  28.531869    -0.3187  28.528214     5.8156     5.8678    -0.0039    89.4714 1.0000e-12  -64.77048  -63.09828 347.985093      51.44 1.2057e+03    743.995      17857  1029.1368  1029.1360    34.5044    34.5032    8.10463         31 0.0000e+00
    298.000    294.871    -0.3290  28.520174    -0.3285  28.519901     5.8215     5.8733    -0.0088    89.4514 1.0000e-12  -64.77048  -63.09828 347.985108      50.34 1.2093e+03    745.372      17890  1029.1418  1029.1410    34.5036    34.5026    8.10757         36 0.0000e+00
    299.000    295.860    -0.3386  28.513805    -0.3431  28.508600     5.8286     5.8847     0.0066    89.4662 1.0000e-12  -64.77048  -63.09828 347.985126      49.18 1.2117e+03    746.903      17927  1029.1487  1029.1474    34.5053    34.5034    8.10952         35 0.0000e+00
    300.000    296.849    -0.3592  28.496611    -0.3571  28.497878     5.8593     5.9086    -0.0147    89.4653 1.0000e-12  -64.77048  -63.09828 347.985144      48.35 1.2144e+03    748.474      17964  1029.1547  1029.1539    34.5050    34.5044    8.11392         38 0.0000e+00
    301.000    297.837    -0.3953  28.469513    -0.3948  28.467792     5.8686     5.9167    -0.0092    89.4427 1.0000e-12  -64.77048  -63.09828 347.985163      47.37 1.2173e+03    750.051      18002  1029.1653  1029.1630    34.5091    34.5062    8.12139         35 0.0000e+00
    302.000    298.826    -0.4086  28.457494    -0.4088  28.456201     5.8972     5.9343    -0.0103    89.3780 1.0000e-12  -64.77048  -63.09828 347.985181      46.25 1.2202e+03    751.653      18041  1029.1695  1029.1683    34.5074    34.5059    8.12432         40 0.0000e+00
    303.000    299.813    -0.4483  28.427786    -0.4489  28.425510     5.9143     5.9441    -0.0094    89.3001 1.0000e-12  -64.77048  -63.09828 347.985199      45.23 1.2225e+03    753.230      18079  1029.1808  1029.1788    34.5120    34.5096    8.13255         35 0.0000e+00
    304.000    300.804    -0.4677  28.409968    -0.4673  28.409147     5.9128     5.9541    -0.0149    89.2831 1.0000e-12  -64.77048  -63.09828 347.985217      44.30 1.2243e+03    754.777      18116  1029.1847  1029.1833    34.5096    34.5080    8.13686         37 0.0000e+00
    305.000    301.792    -0.4606  28.415646    -0.4634  28.413014     5.8900     5.9464    -0.0150    89.2022 1.0000e-12  -64.77048  -63.09828 347.985236      43.26 1.2260e+03    756.367      18154  1029.1874  1029.1874    34.5085    34.5081    8.13539         39 0.0000e+00
    306.000    302.781    -0.4475  28.426239    -0.4428  28.429352     5.8812     5.9404    -0.0128    88.9424 1.0000e-12  -64.77048  -63.09828 347.985255      42.37 1.2294e+03    758.015      18193  1029.1897  1029.1884    34.5072    34.5061    8.13265         37 0.0000e+00
    307.000    303.771    -0.4432  28.430807    -0.4445  28.429012     5.8731     5.9378    -0.0035    88.9043 1.0000e-12  -64.77048  -63.09828 347.985273      41.26 1.2326e+03    759.605      18232  1029.1945  1029.1938    34.5078    34.5070    8.13170         36 0.0000e+00
    308.000    304.759    -0.4365  28.438238    -0.4355  28.437616     5.8776     5.9416    -0.0116    88.8924 1.0000e-12  -64.77048  -63.09828 347.985291      40.20 1.2372e+03    761.170      18269  1029.1999  1029.1983    34.5096    34.5077    8.13017         35 0.0000e+00
    309.000    305.747    -0.4370  28.436898    -0.4412  28.433106     5.8753     5.9359    -0.0122    88.7547 1.0000e-12  -64.77048  -63.09827 347.985309      39.17 1.2415e+03    762.736      18307  1029.2031  1029.2032    34.5078    34.5074    8.13038         36 0.0000e+00
    310.000    306.736    -0.4334  28.441479    -0.4284  28.443760     5.8787     5.9305    -0.0150    88.7974 1.0000e-12  -64.77048  -63.09827 347.985328      38.25 1.2452e+03    764.324      18345  1029.2087  1029.2061    34.5093    34.5066    8.12953         38 0.0000e+00
    311.000    307.724    -0.4381  28.437222    -0.4355  28.438966     5.8917     5.9431    -0.0153    88.8074 1.0000e-12  -64.77048  -63.09828 347.985346      37.22 1.2464e+03    765.910      18383  1029.2130  1029.2123    34.5083    34.5076    8.13059         36 0.0000e+00
    312.000    308.713    -0.4450  28.433307    -0.4451  28.431966     5.8856     5.9425    -0.0116    88.6808 1.0000e-12  -64.77048  -63.09828 347.985365      36.19 1.2456e+03    767.509      18421  1029.2198  1029.2185    34.5102    34.5085    8.13195         39 0.0000e+00
    313.000    309.702    -0.4403  28.436658    -0.4397  28.436157     5.8670     5.9417    -0.0151    88.7934 1.0000e-12  -64.77048  -63.09828 347.985383      35.27 1.2460e+03    769.124      18460  1029.2230  1029.2218    34.5088    34.5075    8.13103         36 0.0000e+00
    314.000    310.692    -0.4428  28.434840    -0.4445  28.432584     5.8723     5.9380    -0.0099    88.8236 1.0000e-12  -64.77048  -63.09828 347.985401      34.18 1.2464e+03    770.687      18497  1029.2276  1029.2269    34.5086    34.5074    8.13158         36 0.0000e+00
    315.000    311.679    -0.4423  28.436857    -0.4349  28.441584     5.8797     5.9456    -0.0121    88.8824 1.0000e-12  -64.77048  -63.09828 347.985420      33.26 1.2458e+03    772.297      18536  1029.2336  1029.2313    34.5101    34.5080    8.13138         38 0.0000e+00
    316.000    312.668    -0.4507  28.429249    -0.4517  28.427989     5.8786     5.9488    -0.0172    88.9100 1.0000e-12  -64.77048  -63.09828 347.985440      32.24 1.2431e+03    774.001      18577  1029.2380  1029.2376    34.5089    34.5082    8.13326         42 0.0000e+00
    317.000    313.658    -0.4451  28.435147    -0.4489  28.430775     5.8799     5.9421    -0.0121    88.8952 1.0000e-12  -64.77048  -63.09828 347.985460      31.19 1.2399e+03    775.785      18620  1029.2429  1029.2420    34.5098    34.5082    8.13200         39 0.0000e+00
    318.000    314.646    -0.4465  28.434088    -0.4461  28.433552     5.8813     5.9458    -0.0014    88.9385 1.0000e-12  -64.77048  -63.09828 347.985482      30.12 1.2359e+03    777.617      18664  1029.2473  1029.2463    34.5093    34.5081    8.13232         41 0.0000e+00
    319.000    315.635    -0.4439  28.435873    -0.4456  28.433680     5.8849     5.9498    -0.0104    88.9521 1.0000e-12  -64.77048  -63.09828 347.985503      29.11 1.2324e+03    779.486      18709  1029.2510  1029.2503    34.5082    34.5072    8.13184         42 0.0000e+00
    320.000    316.624    -0.4521  28.430997    -0.4522  28.429538     5.8823     5.9437    -0.0210    88.8523 1.0000e-12  -64.77048  -63.09828 347.985528      27.96 1.2290e+03    781.593      18759  1029.2582  1029.2567    34.5104    34.5085    8.13347         45 0.0000e+00
    321.000    317.612    -0.4386  28.440822    -0.4352  28.442455     5.8553     5.9345    -0.0041    88.8156 1.0000e-12  -64.77048  -63.09828 347.985553      27.01 1.2256e+03    783.811      18812  1029.2594  1029.2578    34.5075    34.5059    8.13073         44 0.0000e+00
    322.000    318.600    -0.4369  28.443868    -0.4320  28.447145     5.8720     5.9437    -0.0063    88.8176 1.0000e-12  -64.77048  -63.09828 347.985580      25.92 1.2221e+03    786.074      18867  1029.2654  1029.2642    34.5091    34.5079    8.13028         31 0.0000e+00
    323.000    319.589    -0.4539  28.429523    -0.4526  28.430900     5.8832     5.9474    -0.0097    88.8118 1.0000e-12  -64.77048  -63.09828 347.985607      24.95 1.2243e+03    788.416      18923  1029.2712  1029.2714    34.5086    34.5089    8.13396         40 0.0000e+00
    324.000    320.579    -0.4405  28.440867    -0.4393  28.440333     5.8670     5.9350    -0.0133    88.8477 1.0000e-12  -64.77048  -63.09828 347.985634      23.93 1.2284e+03    790.784      18980  1029.2742  1029.2725    34.5080    34.5058    8.13112         38 0.0000e+00
    325.000    321.567    -0.4301  28.450162    -0.4303  28.449266     5.8673     5.9344    -0.0176    88.8380 1.0000e-12  -64.77048  -63.09828 347.985662      22.98 1.2301e+03    793.215      19038  1029.2783  1029.2774    34.5081    34.5070    8.12890         34 0.0000e+00
    326.000    322.556    -0.4344  28.447455    -0.4345  28.446521     5.8780     5.9420    -0.0138    88.8709 1.0000e-12  -64.77049  -63.09828 347.985693      21.97 1.2345e+03    795.850      19101  1029.2838  1029.2830    34.5086    34.5075    8.12977         32 0.0000e+00
    327.000    323.544    -0.4512  28.434619    -0.4484  28.435945     5.8920     5.9529    -0.0140    88.8401 1.0000e-12  -64.77049  -63.09828 347.985730      21.04 1.2463e+03    799.045      19178  1029.2911  1029.2897    34.5099    34.5085    8.13330         40 0.0000e+00
    328.000    324.533    -0.4662  28.422585    -0.4659  28.421683     5.9022     5.9564    -0.0071    88.6947 1.0000e-12  -64.77049  -63.09828 347.985762      19.98 1.2542e+03    801.845      19245  1029.2971  1029.2959    34.5102    34.5086    8.13650         43 0.0000e+00
    329.000    325.520    -0.4624  28.425436    -0.4617  28.425191     5.8835     5.9519    -0.0150    88.5619 1.0000e-12  -64.77049  -63.09828 347.985790      19.08 1.2541e+03    804.244      19303  1029.3005  1029.2995    34.5090    34.5080    8.13574         34 0.0000e+00
    330.000    326.509    -0.4542  28.433354    -0.4550  28.431250     5.8860     5.9553    -0.0078    88.5923 1.0000e-12  -64.77050  -63.09828 347.985817      17.91 1.2534e+03    806.560      19358  1029.3051  1029.3037    34.5097    34.5079    8.13394         40 0.0000e+00
    331.000    327.499    -0.4704  28.420996    -0.4682  28.421179     5.9074     5.9585    -0.0107    88.7393 1.0000e-12  -64.77050  -63.09827 347.985844      17.02 1.2557e+03    808.963      19416  1029.3120  1029.3101    34.5110    34.5088    8.13735         40 0.0000e+00
    332.000    328.488    -0.4828  28.411234    -0.4813  28.411807     5.9146     5.9721    -0.0133    88.6304 1.0000e-12  -64.77050  -63.09827 347.985873      16.06 1.2612e+03    811.386      19474  1029.3179  1029.3171    34.5113    34.5104    8.13998         34 0.0000e+00
    333.000    329.476    -0.4903  28.405076    -0.4891  28.404481     5.9089     5.9709    -0.0181    88.6800 1.0000e-12  -64.77050  -63.09827 347.985901      14.93 1.2692e+03    813.884      19534  1029.3227  1029.3210    34.5109    34.5088    8.14161         44 0.0000e+00
    334.000    330.463    -0.4874  28.408106    -0.4862  28.408066     5.9055     5.9723    -0.0148    88.6484 1.0000e-12  -64.77050  -63.09827 347.985929      13.98 1.2727e+03    816.291      19592  1029.3273  1029.3261    34.5112    34.5097    8.14098         40 0.0000e+00
    335.000    331.453    -0.4926  28.404081    -0.4928  28.402685     5.9124     5.9763    -0.0041    88.6297 1.0000e-12  -64.77050  -63.09827 347.985957      12.85 1.2748e+03    818.667      19649  1029.3324  1029.3311    34.5111    34.5094    8.14211         50 0.0000e+00
    336.000    332.442    -0.4923  28.404626    -0.4926  28.403315     5.9117     5.9746    -0.0100    88.4919 1.0000e-12  -64.77050  -63.09827 347.985984      11.83 1.2795e+03    821.026      19706  1029.3368  1029.3356    34.5109    34.5094    8.14206         30 0.0000e+00
    337.000    333.430    -0.4910  28.406120    -0.4911  28.404976     5.9089     5.9690    -0.0166    88.5414 1.0000e-12  -64.77050  -63.09828 347.986012      10.78 1.2833e+03    823.465      19764  1029.3413  1029.3401    34.5108    34.5093    8.14178         36 0.0000e+00
    338.000    334.418    -0.4905  28.407168    -0.4907  28.405815     5.9046     5.9734    -0.0107    88.5266 1.0000e-12  -64.77050  -63.09827 347.986040       9.77 1.2836e+03    825.881      19822  1029.3461  1029.3448    34.5109    34.5093    8.14165         45 0.0000e+00
    339.000    335.408    -0.4850  28.412242    -0.4848  28.411200     5.9025     5.9716    -0.0098    88.5616 1.0000e-12  -64.77050  -63.09826 347.986441       9.04 1.2643e+03    860.470      20652  1029.3503  1029.3490    34.5110    34.5093    8.14048         50 0.0000e+00
