NBP2113_155081_ctd/data/dnbp2113_060.cnv
* Sea-Bird SBE 9 Data File:
* FileName = D:\Data\raw\NBP2113_060.hex
* Software Version Seasave V 7.26.7.121
* Temperature SN = 2438
* Conductivity SN = 2067
* Number of Bytes Per Scan = 40
* Number of Voltage Words = 5
* Number of Scans Averaged by the Deck Unit = 1
* NMEA Latitude = 64 45.87 S
* NMEA Longitude = 063 07.32 W
* NMEA UTC (Time) = Dec 13 2021  22:33:21
* NMEA baud rate = 9600
** Ship: RVIB N.B. Palmer
** Cruise: NBP2113 LTER
** Station: 654.006
** Operator: S. Blackman
# nquan = 25
# nvalues = 274                         
# units = specified
# name 0 = prDM: Pressure, Digiquartz [db]
# name 1 = depSM: Depth [salt water, m]
# name 2 = t090C: Temperature [ITS-90, deg C]
# name 3 = c0mS/cm: Conductivity [mS/cm]
# name 4 = t190C: Temperature, 2 [ITS-90, deg C]
# name 5 = c1mS/cm: Conductivity, 2 [mS/cm]
# name 6 = sbeox0ML/L: Oxygen, SBE 43 [ml/l]
# name 7 = sbeox1ML/L: Oxygen, SBE 43, 2 [ml/l]
# name 8 = flECO-AFL: Fluorescence, WET Labs ECO-AFL/FL [mg/m^3]
# name 9 = CStarTr0: Beam Transmission, WET Labs C-Star [%]
# name 10 = par: PAR/Irradiance, Biospherical/Licor
# name 11 = latitude: Latitude [deg]
# name 12 = longitude: Longitude [deg]
# name 13 = timeJ: Julian Days
# name 14 = altM: Altimeter [m]
# name 15 = spar: SPAR, Biospherical/Licor
# name 16 = timeS: Time, Elapsed [seconds]
# name 17 = scan: Scan Count
# name 18 = density00: Density [density, kg/m^3]
# name 19 = density11: Density, 2 [density, kg/m^3]
# name 20 = sal00: Salinity, Practical [PSU]
# name 21 = sal11: Salinity, Practical, 2 [PSU]
# name 22 = oxsolML/L: Oxygen Saturation, Garcia & Gordon [ml/l]
# name 23 = nbin: number of scans per bin
# name 24 = flag: flag
# span 0 =      4.000,    277.000       
# span 1 =      3.954,    274.113       
# span 2 =    -0.3468,     0.8052       
# span 3 =  27.892186,  29.440041       
# span 4 =    -0.3376,     0.8045       
# span 5 =  27.890806,  29.438590       
# span 6 =     4.9793,     7.4652       
# span 7 =     5.0589,     7.5318       
# span 8 =    -0.0118,     1.4490       
# span 9 =    85.1715,    90.7313       
# span 10 = -1.643e-06, 4.6229e+02      
# span 11 =  -64.76436,  -64.76416      
# span 12 =  -63.12226,  -63.12212      
# span 13 = 347.942980, 347.948550      
# span 14 =       8.60,     100.15      
# span 15 = 1.7464e+03, 1.8483e+03      
# span 16 =    272.496,    753.703      
# span 17 =       6541,      18090      
# span 18 =  1027.1850,  1029.0461      
# span 19 =  1027.1853,  1029.0431      
# span 20 =    33.8127,    34.5180      
# span 21 =    33.8110,    34.5176      
# span 22 =    7.87213,    8.14227      
# span 23 =          3,         47      
# span 24 = 0.0000e+00, 0.0000e+00      
# interval = decibars: 1                
# start_time = Dec 13 2021 22:33:21 [NMEA time, header]
# bad_flag = -9.990e-29
*END*
[from data line 58]
     62.000     61.385     0.0881  28.501190     0.0878  28.500037     6.6440     6.7271     0.4950    89.4371 2.0454e+00  -64.76430  -63.12216 347.944928      99.97 1.8463e+03    440.787      10580  1027.7126  1027.7116    34.1527    34.1514    8.03933         35 0.0000e+00
     63.000     62.373     0.0957  28.509944     0.0952  28.508463     6.6192     6.7127     0.4772    89.4042 1.9299e+00  -64.76430  -63.12216 347.944945      99.97 1.8471e+03    442.257      10615  1027.7189  1027.7178    34.1552    34.1538    8.03760         35 0.0000e+00
     64.000     63.365     0.1073  28.523157     0.1063  28.521030     6.5236     6.6418     0.5170    89.2766 1.8201e+00  -64.76430  -63.12216 347.944961      99.97 1.8468e+03    443.653      10649  1027.7259  1027.7247    34.1591    34.1574    8.03494         32 0.0000e+00
     65.000     64.353     0.1370  28.558425     0.1360  28.556482     6.4351     6.5795     0.4492    89.4400 1.7161e+00  -64.76430  -63.12216 347.944977      99.97 1.8475e+03    444.980      10681  1027.7388  1027.7377    34.1720    34.1705    8.02801         31 0.0000e+00
     66.000     65.344     0.1679  28.607293     0.1672  28.605634     6.4199     6.5552     0.4258    89.4429 1.6159e+00  -64.76430  -63.12216 347.944992      99.97 1.8483e+03    446.291      10712  1027.7650  1027.7639    34.2014    34.2000    8.01989         33 0.0000e+00
     67.000     66.334     0.1672  28.609869     0.1664  28.608277     6.4121     6.5378     0.4159    89.4424 1.5206e+00  -64.76431  -63.12216 347.945007      99.97 1.8472e+03    447.604      10744  1027.7731  1027.7721    34.2050    34.2037    8.01984         31 0.0000e+00
     68.000     67.322     0.1612  28.605930     0.1590  28.602980     6.4243     6.5212     0.3833    89.4990 1.4340e+00  -64.76432  -63.12216 347.945022      99.97 1.8458e+03    448.884      10774  1027.7794  1027.7784    34.2059    34.2044    8.02105         29 0.0000e+00
     69.000     68.314     0.1572  28.602965     0.1568  28.601512     6.4091     6.5091     0.3392    89.4653 1.3537e+00  -64.76432  -63.12216 347.945036      99.97 1.8443e+03    450.137      10804  1027.7845  1027.7834    34.2058    34.2043    8.02188         31 0.0000e+00
     70.000     69.303     0.1579  28.604438     0.1575  28.602947     6.3462     6.4658     0.3113    89.5353 1.2788e+00  -64.76432  -63.12216 347.945051      99.97 1.8450e+03    451.416      10835  1027.7898  1027.7886    34.2063    34.2048    8.02170         31 0.0000e+00
     71.000     70.293     0.1607  28.609657     0.1600  28.607689     6.1966     6.3712     0.2819    89.6078 1.2074e+00  -64.76432  -63.12216 347.945065      99.97 1.8440e+03    452.653      10865  1027.7970  1027.7956    34.2095    34.2077    8.02094         29 0.0000e+00
     72.000     71.283     0.2102  28.664247     0.2090  28.662141     6.0801     6.2854     0.3755    89.6376 1.1421e+00  -64.76432  -63.12216 347.945079      99.97 1.8432e+03    453.862      10894  1027.8109  1027.8097    34.2257    34.2242    8.00972         29 0.0000e+00
     73.000     72.273     0.2754  28.744408     0.2741  28.741684     6.0336     6.2324     0.2891    89.6396 1.0802e+00  -64.76432  -63.12216 347.945093      99.97 1.8409e+03    455.068      10923  1027.8366  1027.8349    34.2580    34.2559    7.99434         28 0.0000e+00
     74.000     73.262     0.2884  28.765541     0.2878  28.763777     6.0148     6.1974     0.2688    89.5928 1.0221e+00  -64.76432  -63.12216 347.945107      99.97 1.8387e+03    456.250      10951  1027.8510  1027.8497    34.2707    34.2690    7.99094         28 0.0000e+00
     75.000     74.253     0.2959  28.777758     0.2952  28.776038     6.0052     6.1688     0.2493    89.7332 9.6715e-01  -64.76432  -63.12216 347.945121      99.97 1.8387e+03    457.426      10979  1027.8613  1027.8601    34.2777    34.2763    7.98897         29 0.0000e+00
     76.000     75.242     0.3040  28.792153     0.3039  28.791436     5.9753     6.1311     0.2280    89.7877 9.1725e-01  -64.76432  -63.12216 347.945135      99.97 1.8372e+03    458.637      11008  1027.8733  1027.8726    34.2870    34.2863    7.98678         29 0.0000e+00
     77.000     76.232     0.3110  28.805124     0.3107  28.804182     5.9573     6.1057     0.2259    89.8325 8.6932e-01  -64.76432  -63.12216 347.945149      99.97 1.8375e+03    459.836      11037  1027.8848  1027.8841    34.2957    34.2948    7.98485         29 0.0000e+00
     78.000     77.223     0.3232  28.825613     0.3224  28.823867     5.9667     6.0982     0.1946    89.8236 8.2789e-01  -64.76432  -63.12215 347.945162      99.97 1.8387e+03    461.007      11065  1027.8992  1027.8981    34.3084    34.3071    7.98161         28 0.0000e+00
     79.000     78.211     0.3239  28.827685     0.3234  28.826099     5.9822     6.0901     0.1891    89.9337 7.8705e-01  -64.76432  -63.12216 347.945176      99.97 1.8401e+03    462.198      11094  1027.9053  1027.9041    34.3097    34.3083    7.98139         27 0.0000e+00
     80.000     79.202     0.3243  28.828490     0.3239  28.827126     5.9906     6.0868     0.1628    89.9302 7.4555e-01  -64.76432  -63.12214 347.945190      99.97 1.8382e+03    463.401      11123  1027.9103  1027.9092    34.3098    34.3084    7.98131         28 0.0000e+00
     81.000     80.192     0.3252  28.830061     0.3251  28.829028     6.0023     6.0921     0.1542    90.0400 7.0324e-01  -64.76432  -63.12215 347.945204      99.97 1.8359e+03    464.591      11151  1027.9156  1027.9146    34.3102    34.3090    7.98109         29 0.0000e+00
     82.000     81.181     0.3256  28.830934     0.3251  28.829443     6.0159     6.0963     0.1349    90.0490 6.6704e-01  -64.76432  -63.12215 347.945217      99.97 1.8334e+03    465.786      11180  1027.9206  1027.9196    34.3103    34.3090    7.98100         29 0.0000e+00
     83.000     82.172     0.3253  28.830926     0.3249  28.829610     6.0107     6.0942     0.1531    90.0121 6.3309e-01  -64.76432  -63.12215 347.945231      99.97 1.8322e+03    466.992      11209  1027.9254  1027.9243    34.3101    34.3087    7.98108         29 0.0000e+00
     84.000     83.161     0.3253  28.831404     0.3247  28.829850     6.0106     6.0958     0.1367    90.1263 6.0119e-01  -64.76432  -63.12214 347.945245      99.97 1.8333e+03    468.199      11238  1027.9303  1027.9292    34.3101    34.3087    7.98108         29 0.0000e+00
     85.000     84.151     0.3254  28.831813     0.3247  28.830119     6.0076     6.0962     0.1203    90.2067 5.7034e-01  -64.76432  -63.12214 347.945259      99.97 1.8330e+03    469.392      11266  1027.9351  1027.9339    34.3099    34.3084    7.98107         28 0.0000e+00
     86.000     85.141     0.3255  28.832370     0.3250  28.830808     6.0109     6.0911     0.1281    90.1996 5.4151e-01  -64.76432  -63.12214 347.945273      99.97 1.8313e+03    470.570      11295  1027.9400  1027.9388    34.3100    34.3085    7.98105         28 0.0000e+00
     87.000     86.130     0.3258  28.833018     0.3252  28.831464     6.0279     6.0919     0.1198    90.1938 5.1388e-01  -64.76432  -63.12214 347.945287      99.97 1.8307e+03    471.757      11323  1027.9446  1027.9436    34.3098    34.3085    7.98099         29 0.0000e+00
     88.000     87.120     0.3257  28.833366     0.3253  28.831996     6.0335     6.0947     0.1211    90.2162 4.8676e-01  -64.76432  -63.12214 347.945301      99.97 1.8296e+03    472.967      11352  1027.9495  1027.9484    34.3098    34.3084    7.98101         29 0.0000e+00
     89.000     88.110     0.3257  28.833695     0.3253  28.832357     6.0160     6.0901     0.1247    90.2097 4.6183e-01  -64.76432  -63.12214 347.945314      99.97 1.8270e+03    474.160      11381  1027.9542  1027.9532    34.3096    34.3084    7.98102         28 0.0000e+00
     90.000     89.100     0.3261  28.834549     0.3253  28.832781     6.0026     6.0733     0.1228    90.2425 4.3717e-01  -64.76432  -63.12214 347.945328      99.97 1.8235e+03    475.335      11409  1027.9590  1027.9579    34.3097    34.3083    7.98094         28 0.0000e+00
     91.000     90.089     0.3309  28.840883     0.3314  28.840501     5.9763     6.0609     0.1119    90.2490 4.1401e-01  -64.76432  -63.12214 347.945342      99.97 1.8197e+03    476.517      11437  1027.9653  1027.9644    34.3121    34.3110    7.97981         29 0.0000e+00
     92.000     91.080     0.3372  28.849479     0.3361  28.847368     5.9678     6.0524     0.1322    90.2123 3.9185e-01  -64.76432  -63.12214 347.945356      99.97 1.8174e+03    477.718      11466  1027.9725  1027.9714    34.3157    34.3142    7.97830         27 0.0000e+00
     93.000     92.069     0.3410  28.854859     0.3411  28.854329     5.9570     6.0424     0.1275    90.2081 3.7082e-01  -64.76432  -63.12214 347.945370      99.97 1.8160e+03    478.936      11495  1027.9789  1027.9782    34.3180    34.3172    7.97739         30 0.0000e+00
     94.000     93.058     0.3438  28.859157     0.3431  28.857560     5.9588     6.0390     0.1320    90.2417 3.5053e-01  -64.76432  -63.12214 347.945383      99.97 1.8161e+03    480.136      11524  1027.9850  1027.9840    34.3199    34.3186    7.97671         28 0.0000e+00
     95.000     94.050     0.3445  28.860830     0.3439  28.859082     5.9684     6.0408     0.1257    90.2318 3.3148e-01  -64.76432  -63.12214 347.945397      99.97 1.8175e+03    481.313      11553  1027.9904  1027.9892    34.3206    34.3191    7.97651         28 0.0000e+00
     96.000     95.039     0.3440  28.860591     0.3437  28.859366     5.9731     6.0469     0.1224    90.2650 3.1300e-01  -64.76432  -63.12214 347.945411      99.97 1.8189e+03    482.487      11581  1027.9950  1027.9940    34.3204    34.3191    7.97664         26 0.0000e+00
     97.000     96.027     0.3436  28.860391     0.3430  28.858726     5.9412     6.0328     0.1020    90.2622 2.9547e-01  -64.76433  -63.12214 347.945425      99.97 1.8196e+03    483.677      11609  1027.9995  1027.9983    34.3200    34.3184    7.97675         29 0.0000e+00
     98.000     97.018     0.3476  28.865396     0.3465  28.863455     5.9359     6.0223     0.1179    90.2479 2.7908e-01  -64.76434  -63.12214 347.945438      99.97 1.8204e+03    484.878      11638  1028.0052  1028.0041    34.3215    34.3201    7.97584         29 0.0000e+00
     99.000     98.007     0.3529  28.872947     0.3517  28.870590     5.9253     6.0141     0.1312    90.2807 2.6285e-01  -64.76434  -63.12214 347.945452      99.97 1.8211e+03    486.080      11667  1028.0122  1028.0109    34.3248    34.3231    7.97455         29 0.0000e+00
    100.000     98.998     0.3536  28.874562     0.3532  28.872948     5.9103     6.0029     0.1070    90.2624 2.4808e-01  -64.76434  -63.12214 347.945466      99.97 1.8211e+03    487.280      11696  1028.0176  1028.0163    34.3255    34.3239    7.97435         29 0.0000e+00
    101.000     99.988     0.3579  28.880174     0.3577  28.879109     5.8942     5.9918     0.1069    90.2694 2.3338e-01  -64.76434  -63.12214 347.945480      99.97 1.8193e+03    488.463      11724  1028.0236  1028.0227    34.3275    34.3263    7.97336         28 0.0000e+00
    102.000    100.978     0.3601  28.883585     0.3598  28.882396     5.9008     5.9857     0.1102    90.3053 2.1983e-01  -64.76434  -63.12214 347.945494      99.97 1.8186e+03    489.652      11753  1028.0294  1028.0284    34.3289    34.3277    7.97282         29 0.0000e+00
    103.000    101.966     0.3619  28.886382     0.3613  28.884765     5.9031     5.9825     0.1232    90.3074 2.0639e-01  -64.76434  -63.12214 347.945508      99.97 1.8153e+03    490.861      11782  1028.0348  1028.0338    34.3300    34.3286    7.97239         29 0.0000e+00
    104.000    102.956     0.3634  28.888855     0.3633  28.887746     5.8919     5.9716     0.1186    90.3268 1.9406e-01  -64.76434  -63.12214 347.945522      99.97 1.8111e+03    492.071      11811  1028.0404  1028.0393    34.3310    34.3296    7.97203         29 0.0000e+00
    105.000    103.946     0.3663  28.893182     0.3656  28.891445     5.8906     5.9620     0.1030    90.3385 1.8230e-01  -64.76434  -63.12214 347.945536      99.97 1.8039e+03    493.271      11840  1028.0463  1028.0453    34.3328    34.3314    7.97132         28 0.0000e+00
    106.000    104.936     0.3674  28.894957     0.3668  28.893379     5.8815     5.9582     0.0885    90.3226 1.7141e-01  -64.76434  -63.12214 347.945549      99.97 1.7963e+03    494.456      11868  1028.0515  1028.0505    34.3334    34.3320    7.97108         29 0.0000e+00
    107.000    105.925     0.3704  28.899257     0.3697  28.897616     5.8135     5.9153     0.0952    90.2939 1.6078e-01  -64.76434  -63.12214 347.945563      99.97 1.7900e+03    495.627      11896  1028.0574  1028.0563    34.3351    34.3336    7.97036         28 0.0000e+00
    108.000    106.915     0.3795  28.909155     0.3781  28.906801     5.7314     5.8672     0.0956    90.3243 1.5121e-01  -64.76434  -63.12214 347.945576      99.97 1.7830e+03    496.798      11924  1028.0633  1028.0621    34.3373    34.3357    7.96836         28 0.0000e+00
    109.000    107.906     0.4112  28.947827     0.4097  28.945183     5.7043     5.8403     0.0974    90.3156 1.4169e-01  -64.76434  -63.12214 347.945590      99.97 1.7745e+03    497.977      11952  1028.0773  1028.0759    34.3520    34.3503    7.96100         28 0.0000e+00
    110.000    108.893     0.4216  28.962643     0.4210  28.961328     5.7144     5.8325     0.1054    90.3394 1.3266e-01  -64.76434  -63.12214 347.945604      99.97 1.7673e+03    499.162      11981  1028.0872  1028.0863    34.3593    34.3582    7.95845         29 0.0000e+00
    111.000    109.884     0.4222  28.964791     0.4218  28.963480     5.7168     5.8242     0.1107    90.3421 1.2403e-01  -64.76434  -63.12216 347.945618      99.97 1.7637e+03    500.367      12010  1028.0933  1028.0922    34.3608    34.3595    7.95823         29 0.0000e+00
    112.000    110.875     0.4227  28.966488     0.4221  28.964939     5.7204     5.8106     0.1017    90.3563 1.1572e-01  -64.76434  -63.12215 347.945632      99.97 1.7618e+03    501.582      12039  1028.0990  1028.0979    34.3618    34.3605    7.95807         29 0.0000e+00
    113.000    111.863     0.4272  28.972068     0.4267  28.970465     5.7094     5.8065     0.0867    90.3795 1.0796e-01  -64.76434  -63.12215 347.945646      99.97 1.7629e+03    502.800      12068  1028.1049  1028.1037    34.3635    34.3620    7.95705         30 0.0000e+00
    114.000    112.854     0.4311  28.977241     0.4303  28.975525     5.7031     5.7965     0.0745    90.3753 1.0038e-01  -64.76434  -63.12215 347.945660      99.97 1.7645e+03    504.016      12097  1028.1110  1028.1099    34.3654    34.3640    7.95615         28 0.0000e+00
    115.000    113.844     0.4340  28.981358     0.4331  28.979461     5.7041     5.7897     0.0797    90.2473 9.3156e-02  -64.76434  -63.12214 347.945674      99.97 1.7646e+03    505.206      12126  1028.1168  1028.1157    34.3669    34.3655    7.95546         29 0.0000e+00
    116.000    114.832     0.4352  28.983398     0.4347  28.982073     5.6957     5.7833     0.1031    90.3161 8.6293e-02  -64.76434  -63.12216 347.945687      99.97 1.7649e+03    506.390      12154  1028.1222  1028.1213    34.3677    34.3665    7.95518         28 0.0000e+00
    117.000    115.822     0.4353  28.985040     0.4347  28.983763     5.6902     5.7716     0.0836    90.3892 8.0064e-02  -64.76434  -63.12216 347.945701      99.97 1.7677e+03    507.590      12183  1028.1282  1028.1274    34.3691    34.3681    7.95507         30 0.0000e+00
    118.000    116.813     0.4361  28.987802     0.4354  28.986216     5.6824     5.7610     0.0753    90.3845 7.3661e-02  -64.76434  -63.12216 347.945715      99.97 1.7710e+03    508.806      12212  1028.1347  1028.1337    34.3712    34.3700    7.95479         28 0.0000e+00
