NBP2113_155081_ctd/data/dnbp2113_031.cnv
* Sea-Bird SBE 9 Data File:
* FileName = D:\Data\raw\NBP2113_031.hex
* Software Version Seasave V 7.26.7.121
* Temperature SN = 2438
* Conductivity SN = 2067
* Number of Bytes Per Scan = 40
* Number of Voltage Words = 5
* Number of Scans Averaged by the Deck Unit = 1
* NMEA Latitude = 66 30.40 S
* NMEA Longitude = 069 53.27 W
* NMEA UTC (Time) = Dec 06 2021  01:15:18
* NMEA baud rate = 9600
** Ship: RVIB N.B. Palmer
** Cruise: NBP2113 LTER
** Station: 300.100
** Operator: S. Blackman
# nquan = 25
# nvalues = 475                         
# units = specified
# name 0 = prDM: Pressure, Digiquartz [db]
# name 1 = depSM: Depth [salt water, m]
# name 2 = t090C: Temperature [ITS-90, deg C]
# name 3 = c0mS/cm: Conductivity [mS/cm]
# name 4 = t190C: Temperature, 2 [ITS-90, deg C]
# name 5 = c1mS/cm: Conductivity, 2 [mS/cm]
# name 6 = sbeox0ML/L: Oxygen, SBE 43 [ml/l]
# name 7 = sbeox1ML/L: Oxygen, SBE 43, 2 [ml/l]
# name 8 = flECO-AFL: Fluorescence, WET Labs ECO-AFL/FL [mg/m^3]
# name 9 = CStarTr0: Beam Transmission, WET Labs C-Star [%]
# name 10 = par: PAR/Irradiance, Biospherical/Licor
# name 11 = latitude: Latitude [deg]
# name 12 = longitude: Longitude [deg]
# name 13 = timeJ: Julian Days
# name 14 = altM: Altimeter [m]
# name 15 = spar: SPAR, Biospherical/Licor
# name 16 = timeS: Time, Elapsed [seconds]
# name 17 = scan: Scan Count
# name 18 = density00: Density [density, kg/m^3]
# name 19 = density11: Density, 2 [density, kg/m^3]
# name 20 = sal00: Salinity, Practical [PSU]
# name 21 = sal11: Salinity, Practical, 2 [PSU]
# name 22 = oxsolML/L: Oxygen Saturation, Garcia & Gordon [ml/l]
# name 23 = nbin: number of scans per bin
# name 24 = flag: flag
# span 0 =      4.000,    478.000       
# span 1 =      3.960,    472.716       
# span 2 =    -0.5134,     1.5678       
# span 3 =  27.885304,  30.271055       
# span 4 =    -0.5131,     1.5678       
# span 5 =  27.884039,  30.270034       
# span 6 =     3.9460,     8.1187       
# span 7 =     3.9825,     8.1526       
# span 8 =    -0.0223,     2.1117       
# span 9 =    89.1895,    96.6147       
# span 10 = 1.0000e-12, 1.2369e+01      
# span 11 =  -66.50692,  -66.50669      
# span 12 =  -69.88852,  -69.88842      
# span 13 = 340.056536, 340.065932      
# span 14 =       8.03,      99.98      
# span 15 = 2.4680e+01, 5.1127e+01      
# span 16 =    366.676,   1178.548      
# span 17 =       8801,      28286      
# span 18 =  1027.3418,  1030.0538      
# span 19 =  1027.3401,  1030.0528      
# span 20 =    34.0068,    34.7262      
# span 21 =    34.0048,    34.7251      
# span 22 =    7.71019,    8.17525      
# span 23 =         12,         44      
# span 24 = 0.0000e+00, 0.0000e+00      
# interval = decibars: 1                
# start_time = Dec 06 2021 01:15:18 [NMEA time, header]
# bad_flag = -9.990e-29
*END*
      4.000      3.960    -0.3588  27.990494    -0.3583  27.989364     8.1055     8.1363     1.4502    89.1895 1.2369e+01  -66.50686  -69.88850 340.056536      99.97 2.6443e+01    366.676       8801  1027.3418  1027.3401    34.0078    34.0059    8.14225         18 0.0000e+00
      5.000      4.950    -0.3590  27.990529    -0.3586  27.989416     8.1011     8.1388     1.4218    89.3130 1.0816e+01  -66.50686  -69.88850 340.056550      99.97 2.6443e+01    367.905       8831  1027.3463  1027.3447    34.0075    34.0056    8.14232         29 0.0000e+00
      6.000      5.941    -0.3599  27.990216    -0.3599  27.988752     8.0864     8.1410     1.4605    89.2877 9.6460e+00  -66.50686  -69.88849 340.056599      99.97 2.6443e+01    372.158       8933  1027.3512  1027.3496    34.0076    34.0055    8.14252         39 0.0000e+00
      7.000      6.932    -0.3598  27.991073    -0.3594  27.989713     8.1086     8.1433     1.5710    89.3625 8.4890e+00  -66.50686  -69.88848 340.056646      99.97 2.6443e+01    376.184       9029  1027.3563  1027.3544    34.0079    34.0056    8.14247         40 0.0000e+00
      8.000      7.920    -0.3594  27.991838    -0.3589  27.990518     8.1108     8.1444     1.6238    89.3248 7.6950e+00  -66.50686  -69.88849 340.056672      99.97 2.6309e+01    378.494       9085  1027.3610  1027.3591    34.0079    34.0056    8.14239         42 0.0000e+00
      9.000      8.909    -0.3611  27.990743    -0.3606  27.989438     8.1089     8.1439     1.5693    89.3024 6.6127e+00  -66.50685  -69.88850 340.056701      99.97 2.5565e+01    380.937       9143  1027.3657  1027.3639    34.0077    34.0054    8.14275         36 0.0000e+00
     10.000      9.901    -0.3608  27.991322    -0.3603  27.990117     8.1023     8.1461     1.5698    89.3159 6.1082e+00  -66.50685  -69.88848 340.056749      99.97 2.5164e+01    385.104       9243  1027.3703  1027.3685    34.0075    34.0053    8.14271         40 0.0000e+00
     11.000     10.889    -0.3611  27.991143    -0.3608  27.990125     8.0928     8.1526     1.5815    89.3710 5.8258e+00  -66.50684  -69.88848 340.056779      99.97 2.4738e+01    387.725       9306  1027.3747  1027.3733    34.0071    34.0053    8.14280         29 0.0000e+00
     12.000     11.882    -0.3610  27.991793    -0.3608  27.990626     8.1017     8.1505     1.5765    89.3419 5.3106e+00  -66.50684  -69.88848 340.056793      99.97 2.4682e+01    388.875       9334  1027.3796  1027.3781    34.0071    34.0054    8.14276         31 0.0000e+00
     13.000     12.872    -0.3605  27.992709    -0.3599  27.991528     8.1086     8.1433     1.5282    89.3514 4.5286e+00  -66.50684  -69.88848 340.056824      99.97 2.4680e+01    391.569       9399  1027.3843  1027.3825    34.0072    34.0050    8.14265         34 0.0000e+00
     14.000     13.861    -0.3603  27.993150    -0.3600  27.991873     8.1080     8.1459     1.5496    89.3661 3.9784e+00  -66.50684  -69.88848 340.056860      99.97 2.4680e+01    394.671       9473  1027.3890  1027.3873    34.0070    34.0049    8.14263         44 0.0000e+00
     15.000     14.852    -0.3601  27.993891    -0.3597  27.992736     8.1187     8.1413     1.6019    89.3841 3.6892e+00  -66.50684  -69.88848 340.056885      99.97 2.4680e+01    396.849       9525  1027.3939  1027.3922    34.0072    34.0052    8.14258         38 0.0000e+00
     16.000     15.840    -0.3600  27.994616    -0.3596  27.993231     8.1035     8.1395     1.5784    89.4099 3.3091e+00  -66.50684  -69.88848 340.056910      99.97 2.4680e+01    399.032       9578  1027.3989  1027.3969    34.0074    34.0050    8.14255         38 0.0000e+00
     17.000     16.833    -0.3599  27.995053    -0.3594  27.993836     8.1009     8.1460     1.6002    89.3620 2.9974e+00  -66.50683  -69.88848 340.056937      99.98 2.4680e+01    401.329       9633  1027.4035  1027.4017    34.0072    34.0050    8.14253         33 0.0000e+00
     18.000     17.820    -0.3601  27.995431    -0.3596  27.994152     8.0936     8.1450     1.5569    89.3947 2.7287e+00  -66.50682  -69.88848 340.056975      99.97 2.4680e+01    404.645       9712  1027.4084  1027.4065    34.0074    34.0051    8.14257         41 0.0000e+00
     19.000     18.810    -0.3603  27.995618    -0.3598  27.994541     8.1115     8.1451     1.5842    89.3446 2.3874e+00  -66.50682  -69.88848 340.057002      99.97 2.4680e+01    406.939       9768  1027.4131  1027.4114    34.0072    34.0052    8.14262         38 0.0000e+00
     20.000     19.800    -0.3603  27.996217    -0.3598  27.995049     8.1084     8.1389     1.6069    89.3404 2.2669e+00  -66.50682  -69.88847 340.057048      99.97 2.4680e+01    410.986       9865  1027.4180  1027.4162    34.0074    34.0052    8.14260         33 0.0000e+00
     21.000     20.791    -0.3603  27.996731    -0.3600  27.995631     8.1092     8.1420     1.5255    89.3421 2.0808e+00  -66.50682  -69.88847 340.057069      99.97 2.4680e+01    412.724       9906  1027.4228  1027.4213    34.0075    34.0056    8.14260         30 0.0000e+00
     22.000     21.781    -0.3604  27.997007    -0.3599  27.995992     8.1022     8.1417     1.5921    89.3000 1.8772e+00  -66.50682  -69.88848 340.057083      99.97 2.4680e+01    413.991       9937  1027.4275  1027.4260    34.0074    34.0055    8.14263         35 0.0000e+00
     23.000     22.773    -0.3599  27.997899    -0.3589  27.996975     8.1068     8.1420     1.5973    89.3469 1.6617e+00  -66.50682  -69.88848 340.057123      99.97 2.4680e+01    417.419      10019  1027.4323  1027.4303    34.0073    34.0050    8.14252         14 0.0000e+00
     24.000     23.759    -0.3601  27.998174    -0.3596  27.997074     8.1147     8.1428     1.6897    89.3795 1.5142e+00  -66.50680  -69.88848 340.057178      99.97 2.4680e+01    422.198      10134  1027.4370  1027.4354    34.0073    34.0053    8.14256         35 0.0000e+00
     25.000     24.751    -0.3596  27.998858    -0.3593  27.997442     8.1140     8.1378     1.6843    89.3809 1.3947e+00  -66.50680  -69.88848 340.057204      99.97 2.4680e+01    424.395      10186  1027.4416  1027.4398    34.0071    34.0049    8.14247         40 0.0000e+00
     26.000     25.740    -0.3599  27.999173    -0.3593  27.998032     8.1137     8.1368     1.6006    89.4299 1.2875e+00  -66.50680  -69.88848 340.057253      99.97 2.4680e+01    428.693      10290  1027.4466  1027.4447    34.0073    34.0051    8.14253         33 0.0000e+00
     27.000     26.730    -0.3601  27.999288    -0.3596  27.998214     8.0974     8.1381     1.5658    89.4099 1.2090e+00  -66.50680  -69.88848 340.057279      99.97 2.4680e+01    430.905      10343  1027.4511  1027.4495    34.0070    34.0050    8.14258         36 0.0000e+00
     28.000     27.725    -0.3603  27.999697    -0.3598  27.998353     8.0966     8.1498     1.5536    89.3633 1.0763e+00  -66.50680  -69.88848 340.057306      99.97 2.4680e+01    433.246      10399  1027.4561  1027.4542    34.0071    34.0048    8.14262         22 0.0000e+00
     29.000     28.707    -0.3596  28.000503    -0.3592  27.999333     8.1089     8.1466     1.6309    89.3354 9.9525e-01  -66.50680  -69.88848 340.057374      99.97 2.4680e+01    439.155      10541  1027.4605  1027.4589    34.0068    34.0049    8.14249         29 0.0000e+00
     30.000     29.699    -0.3652  27.996387    -0.3621  27.997524     8.1000     8.1466     1.6593    89.3654 9.2689e-01  -66.50680  -69.88848 340.057404      99.97 2.5709e+01    441.676      10601  1027.4659  1027.4640    34.0070    34.0050    8.14369         35 0.0000e+00
     31.000     30.691    -0.3663  27.996478    -0.3614  27.998560     8.1010     8.1455     1.8057    89.2734 8.2862e-01  -66.50680  -69.88848 340.057425      99.97 2.6439e+01    443.488      10645  1027.4712  1027.4687    34.0077    34.0050    8.14387         38 0.0000e+00
     32.000     31.681    -0.3696  27.994124    -0.3681  27.993710     8.0921     8.1352     1.6470    89.3809 7.8188e-01  -66.50678  -69.88847 340.057483      99.97 2.6443e+01    448.567      10767  1027.4762  1027.4743    34.0077    34.0055    8.14459         26 0.0000e+00
     33.000     32.670    -0.3793  27.986935    -0.3780  27.986517     8.0944     8.1376     1.5832    89.4284 7.3256e-01  -66.50678  -69.88847 340.057512      99.97 2.6443e+01    451.046      10826  1027.4822  1027.4804    34.0083    34.0063    8.14663         29 0.0000e+00
     34.000     33.660    -0.3809  27.986047    -0.3807  27.984769     8.0923     8.1365     1.5996    89.4137 6.4799e-01  -66.50678  -69.88848 340.057526      99.97 2.6443e+01    452.232      10855  1027.4870  1027.4854    34.0083    34.0063    8.14697         32 0.0000e+00
     35.000     34.650    -0.3833  27.984622    -0.3819  27.984158     8.0997     8.1303     1.6574    89.5180 5.8896e-01  -66.50678  -69.88849 340.057573      99.97 2.6443e+01    456.342      10953  1027.4919  1027.4900    34.0084    34.0062    8.14747         30 0.0000e+00
     36.000     35.640    -0.3904  27.979125    -0.3894  27.978272     8.1029     8.1335     1.6197    89.5340 5.5082e-01  -66.50678  -69.88848 340.057601      99.97 2.6443e+01    458.730      11011  1027.4971  1027.4952    34.0084    34.0062    8.14899         33 0.0000e+00
     37.000     36.630    -0.4169  27.957619    -0.4161  27.956308     8.0987     8.1306     1.5586    89.5565 5.0418e-01  -66.50678  -69.88848 340.057620      99.97 2.6528e+01    460.348      11049  1027.5039  1027.5017    34.0087    34.0060    8.15468         40 0.0000e+00
     38.000     37.620    -0.4287  27.947941    -0.4317  27.944089     8.0750     8.1218     1.5468    89.5136 4.6866e-01  -66.50677  -69.88848 340.057649      99.97 2.7989e+01    462.886      11110  1027.5089  1027.5077    34.0083    34.0064    8.15723         38 0.0000e+00
     39.000     38.610    -0.4469  27.933148    -0.4487  27.930041     8.0927     8.1293     1.6119    89.5830 4.3875e-01  -66.50676  -69.88848 340.057670      99.96 2.8212e+01    464.666      11153  1027.5147  1027.5131    34.0083    34.0061    8.16115         34 0.0000e+00
     40.000     39.600    -0.4825  27.903854    -0.4822  27.902562     8.0804     8.1283     1.7201    89.6135 4.0143e-01  -66.50676  -69.88849 340.057699      99.97 2.8206e+01    467.207      11214  1027.5216  1027.5200    34.0082    34.0062    8.16880         39 0.0000e+00
     41.000     40.590    -0.4872  27.900572    -0.4849  27.900867     8.0822     8.1132     1.6463    89.6219 3.8966e-01  -66.50676  -69.88848 340.057757      99.97 2.8206e+01    472.195      11334  1027.5261  1027.5243    34.0085    34.0063    8.16981         24 0.0000e+00
     42.000     41.580    -0.4925  27.896767    -0.4915  27.896075     8.0847     8.1120     1.6473    89.7560 3.6164e-01  -66.50676  -69.88848 340.057767      99.97 2.8206e+01    473.040      11354  1027.5313  1027.5297    34.0087    34.0066    8.17093         23 0.0000e+00
     43.000     42.570    -0.4971  27.893441    -0.4966  27.892465     8.0816     8.1118     1.8229    89.7375 3.3216e-01  -66.50676  -69.88848 340.057779      99.97 2.8206e+01    474.103      11379  1027.5364  1027.5349    34.0088    34.0069    8.17192         31 0.0000e+00
     44.000     43.562    -0.4979  27.893675    -0.4970  27.892720     8.0809     8.1127     1.7394    89.8389 2.9809e-01  -66.50676  -69.88848 340.057810      99.97 3.0032e+01    476.822      11445  1027.5414  1027.5395    34.0094    34.0070    8.17207         25 0.0000e+00
     45.000     44.548    -0.5008  27.891738    -0.5016  27.889661     8.0637     8.0993     1.8635    90.0409 2.7950e-01  -66.50676  -69.88850 340.057866      99.97 2.9971e+01    481.649      11561  1027.5460  1027.5445    34.0094    34.0074    8.17268         36 0.0000e+00
     46.000     45.539    -0.5076  27.887082    -0.5073  27.885819     8.0668     8.0911     1.8438    90.0825 2.6582e-01  -66.50676  -69.88850 340.057882      99.97 2.9969e+01    483.030      11594  1027.5518  1027.5502    34.0101    34.0081    8.17411         26 0.0000e+00
     47.000     46.529    -0.5103  27.885912    -0.5100  27.884640     8.0583     8.0914     1.9760    90.0175 2.4536e-01  -66.50676  -69.88850 340.057894      99.97 2.9969e+01    484.010      11617  1027.5574  1027.5558    34.0110    34.0090    8.17464         23 0.0000e+00
     48.000     47.520    -0.5118  27.885304    -0.5115  27.884039     8.0483     8.0968     2.1117    90.1634 2.2257e-01  -66.50676  -69.88850 340.057905      99.97 2.9969e+01    485.015      11641  1027.5625  1027.5608    34.0113    34.0093    8.17495         28 0.0000e+00
     49.000     48.508    -0.5100  27.887176    -0.5097  27.885901     8.0470     8.0880     1.6687    90.2546 2.0741e-01  -66.50676  -69.88850 340.057970      99.97 3.1485e+01    490.578      11775  1027.5668  1027.5652    34.0112    34.0091    8.17457         26 0.0000e+00
     50.000     49.498    -0.5134  27.885504    -0.5131  27.884290     8.0314     8.0795     1.6397    90.4196 1.8948e-01  -66.50675  -69.88850 340.057995      99.97 3.1730e+01    492.775      11828  1027.5725  1027.5709    34.0121    34.0101    8.17525         25 0.0000e+00
     51.000     50.490    -0.5131  27.886762    -0.5129  27.885643     8.0330     8.0757     1.8461    90.4518 1.7006e-01  -66.50674  -69.88850 340.058008      99.96 3.1790e+01    493.873      11854  1027.5778  1027.5764    34.0128    34.0111    8.17514         29 0.0000e+00
     52.000     51.477    -0.5112  27.889407    -0.5109  27.888204     8.0424     8.0814     1.8127    90.4612 1.5297e-01  -66.50674  -69.88849 340.058030      99.97 3.3321e+01    495.770      11899  1027.5831  1027.5815    34.0136    34.0116    8.17468         33 0.0000e+00
     53.000     52.469    -0.5097  27.891477    -0.5095  27.890238     8.0299     8.0625     1.9227    90.7572 1.5284e-01  -66.50674  -69.88849 340.058087      99.97 3.3496e+01    500.757      12019  1027.5881  1027.5865    34.0141    34.0122    8.17434         37 0.0000e+00
     54.000     53.458    -0.5092  27.893013    -0.5090  27.891750     8.0235     8.0609     1.6504    90.9542 1.4033e-01  -66.50674  -69.88848 340.058105      99.97 3.3495e+01    502.245      12055  1027.5936  1027.5920    34.0150    34.0131    8.17417         31 0.0000e+00
     55.000     54.449    -0.5113  27.891992    -0.5111  27.890753     8.0265     8.0658     1.7327    90.9874 1.2322e-01  -66.50674  -69.88848 340.058121      99.97 3.3495e+01    503.635      12088  1027.5988  1027.5973    34.0154    34.0135    8.17461         40 0.0000e+00
     56.000     55.436    -0.5108  27.892919    -0.5105  27.891696     8.0428     8.0569     1.7569    91.0765 1.1176e-01  -66.50673  -69.88849 340.058182      99.97 3.5052e+01    508.902      12215  1027.6036  1027.6020    34.0155    34.0135    8.17450         40 0.0000e+00
     57.000     56.427    -0.5115  27.892974    -0.5113  27.891768     8.0333     8.0559     1.6128    91.1531 1.0502e-01  -66.50674  -69.88848 340.058203      99.97 3.5262e+01    510.740      12259  1027.6086  1027.6071    34.0157    34.0138    8.17463         29 0.0000e+00
     58.000     57.418    -0.5114  27.893520    -0.5112  27.892344     8.0338     8.0599     1.7332    91.1501 9.5551e-02  -66.50674  -69.88848 340.058217      99.97 3.5258e+01    511.948      12288  1027.6134  1027.6119    34.0157    34.0139    8.17461         31 0.0000e+00
     59.000     58.407    -0.5117  27.893712    -0.5114  27.892474     8.0316     8.0617     1.6688    91.1887 8.5310e-02  -66.50673  -69.88848 340.058236      99.97 3.5258e+01    513.553      12326  1027.6181  1027.6165    34.0157    34.0136    8.17467         38 0.0000e+00
     60.000     59.397    -0.5117  27.894143    -0.5113  27.893083     8.0316     8.0597     1.5418    91.2062 7.5631e-02  -66.50672  -69.88850 340.058277      99.97 3.6481e+01    517.100      12411  1027.6228  1027.6213    34.0156    34.0137    8.17467         30 0.0000e+00
