NBP2113_155081_ctd/data/dnbp2113_032.cnv
* Sea-Bird SBE 9 Data File:
* FileName = D:\Data\raw\NBP2113_032.hex
* Software Version Seasave V 7.26.7.121
* Temperature SN = 2438
* Conductivity SN = 2067
* Number of Bytes Per Scan = 40
* Number of Voltage Words = 5
* Number of Scans Averaged by the Deck Unit = 1
* NMEA Latitude = 65 50.96 S
* NMEA Longitude = 071 22.70 W
* NMEA UTC (Time) = Dec 07 2021  06:49:20
* NMEA baud rate = 9600
** Ship: RVIB N.B. Palmer
** Cruise: NBP2113 LTER
** Station: 300.200
** Operator: B. Urmston
# nquan = 25
# nvalues = 3093                        
# units = specified
# name 0 = prDM: Pressure, Digiquartz [db]
# name 1 = depSM: Depth [salt water, m]
# name 2 = t090C: Temperature [ITS-90, deg C]
# name 3 = c0mS/cm: Conductivity [mS/cm]
# name 4 = t190C: Temperature, 2 [ITS-90, deg C]
# name 5 = c1mS/cm: Conductivity, 2 [mS/cm]
# name 6 = sbeox0ML/L: Oxygen, SBE 43 [ml/l]
# name 7 = sbeox1ML/L: Oxygen, SBE 43, 2 [ml/l]
# name 8 = flECO-AFL: Fluorescence, WET Labs ECO-AFL/FL [mg/m^3]
# name 9 = CStarTr0: Beam Transmission, WET Labs C-Star [%]
# name 10 = par: PAR/Irradiance, Biospherical/Licor
# name 11 = latitude: Latitude [deg]
# name 12 = longitude: Longitude [deg]
# name 13 = timeJ: Julian Days
# name 14 = altM: Altimeter [m]
# name 15 = spar: SPAR, Biospherical/Licor
# name 16 = timeS: Time, Elapsed [seconds]
# name 17 = scan: Scan Count
# name 18 = density00: Density [density, kg/m^3]
# name 19 = density11: Density, 2 [density, kg/m^3]
# name 20 = sal00: Salinity, Practical [PSU]
# name 21 = sal11: Salinity, Practical, 2 [PSU]
# name 22 = oxsolML/L: Oxygen Saturation, Garcia & Gordon [ml/l]
# name 23 = nbin: number of scans per bin
# name 24 = flag: flag
# span 0 =      9.000,   3101.000       
# span 1 =      8.909,   3048.007       
# span 2 =    -0.7633,     2.0337       
# span 3 =  27.690335,  30.764586       
# span 4 =    -0.7634,     2.0332       
# span 5 =  27.688916,  30.763305       
# span 6 =     3.8990,     8.1765       
# span 7 =     3.9450,     8.1945       
# span 8 =    -0.0250,     2.0418       
# span 9 =    90.3146,    96.2388       
# span 10 = 1.0000e-12, 1.0000e-12      
# span 11 =  -65.84928,  -65.84890      
# span 12 =  -71.37840,  -71.37776      
# span 13 = 341.286521, 341.332222      
# span 14 =      -5.76,     102.01      
# span 15 = 2.1537e+01, 7.7567e+01      
# span 16 =    195.450,   4143.939      
# span 17 =       4692,      99456      
# span 18 =  1027.2670,  1042.0899      
# span 19 =  1027.2651,  1042.0891      
# span 20 =    33.8768,    34.7304      
# span 21 =    33.8744,    34.7291      
# span 22 =    7.62252,    8.22958      
# span 23 =         12,         67      
# span 24 = 0.0000e+00, 0.0000e+00      
# interval = decibars: 1                
# start_time = Dec 07 2021 06:49:20 [NMEA time, header]
# bad_flag = -9.990e-29
*END*
[from data line 2087]
   2096.000   2064.990     0.7991  30.409288     0.7991  30.408552     4.4971     4.5458    -0.0091    96.1846 1.0000e-12  -65.84922  -71.37830 341.317732      99.97 2.8206e+01   2892.072      69411  1037.5449  1037.5441    34.7105    34.7095    7.86206         17 0.0000e+00
   2097.000   2065.975     0.7987  30.409311     0.7990  30.408652     4.4961     4.5458    -0.0145    96.1846 1.0000e-12  -65.84922  -71.37830 341.317742      99.98 2.8206e+01   2892.874      69430  1037.5494  1037.5485    34.7104    34.7093    7.86214         22 0.0000e+00
   2098.000   2066.952     0.7988  30.409719     0.7989  30.409025     4.5086     4.5507    -0.0068    96.1846 1.0000e-12  -65.84922  -71.37829 341.317755      99.97 2.8206e+01   2894.071      69459  1037.5539  1037.5530    34.7103    34.7093    7.86212         34 0.0000e+00
   2099.000   2067.933     0.7986  30.409872     0.7986  30.409180     4.5054     4.5480    -0.0094    96.1846 1.0000e-12  -65.84922  -71.37830 341.317775      99.98 2.8206e+01   2895.727      69498  1037.5583  1037.5577    34.7102    34.7094    7.86217         30 0.0000e+00
   2100.000   2068.913     0.7978  30.409720     0.7976  30.408650     4.4986     4.5495    -0.0083    96.1846 1.0000e-12  -65.84922  -71.37830 341.317788      99.97 2.8206e+01   2896.854      69525  1037.5631  1037.5622    34.7104    34.7092    7.86232         23 0.0000e+00
   2101.000   2069.892     0.7967  30.409147     0.7967  30.408417     4.4982     4.5499    -0.0084    96.1846 1.0000e-12  -65.84922  -71.37830 341.317798      99.97 2.8206e+01   2897.770      69547  1037.5678  1037.5670    34.7104    34.7094    7.86255         21 0.0000e+00
   2102.000   2070.875     0.7965  30.409333     0.7965  30.408567     4.4940     4.5486    -0.0084    96.1846 1.0000e-12  -65.84922  -71.37830 341.317808      99.98 2.8206e+01   2898.648      69569  1037.5723  1037.5715    34.7103    34.7093    7.86260         22 0.0000e+00
   2103.000   2071.854     0.7952  30.408610     0.7954  30.407884     4.5039     4.5518    -0.0141    96.1846 1.0000e-12  -65.84922  -71.37830 341.317821      99.97 2.8206e+01   2899.721      69594  1037.5769  1037.5761    34.7103    34.7092    7.86285         31 0.0000e+00
   2104.000   2072.835     0.7936  30.407465     0.7937  30.406753     4.5100     4.5448    -0.0110    96.1820 1.0000e-12  -65.84922  -71.37830 341.317848      99.97 2.8206e+01   2902.022      69650  1037.5816  1037.5807    34.7101    34.7091    7.86319         28 0.0000e+00
   2105.000   2073.814     0.7933  30.407593     0.7934  30.406910     4.5038     4.5486    -0.0145    96.1698 1.0000e-12  -65.84922  -71.37830 341.317864      99.97 2.8206e+01   2903.450      69684  1037.5862  1037.5853    34.7101    34.7091    7.86325         23 0.0000e+00
   2106.000   2074.796     0.7933  30.408036     0.7935  30.407466     4.4951     4.5493    -0.0085    96.1732 1.0000e-12  -65.84922  -71.37830 341.317874      99.98 2.6577e+01   2904.272      69704  1037.5907  1037.5898    34.7102    34.7092    7.86325         18 0.0000e+00
   2107.000   2075.775     0.7933  30.408432     0.7932  30.407641     4.5024     4.5436    -0.0155    96.1831 1.0000e-12  -65.84922  -71.37828 341.317882      99.97 2.6443e+01   2905.002      69721  1037.5952  1037.5945    34.7102    34.7092    7.86325         17 0.0000e+00
   2108.000   2076.756     0.7930  30.408693     0.7931  30.407923     4.5040     4.5478    -0.0170    96.1804 1.0000e-12  -65.84922  -71.37828 341.317890      99.97 2.6443e+01   2905.718      69738  1037.5999  1037.5990    34.7102    34.7092    7.86329         18 0.0000e+00
   2109.000   2077.735     0.7929  30.408825     0.7929  30.408197     4.4955     4.5496    -0.0161    96.1694 1.0000e-12  -65.84922  -71.37828 341.317899      99.97 2.6443e+01   2906.506      69757  1037.6043  1037.6036    34.7101    34.7093    7.86333         20 0.0000e+00
   2110.000   2078.716     0.7926  30.409072     0.7928  30.408349     4.4990     4.5494    -0.0084    96.1686 1.0000e-12  -65.84922  -71.37829 341.317913      99.97 2.6443e+01   2907.644      69784  1037.6090  1037.6080    34.7102    34.7091    7.86339         29 0.0000e+00
   2111.000   2079.696     0.7927  30.409614     0.7929  30.408800     4.5084     4.5505    -0.0154    96.1690 1.0000e-12  -65.84922  -71.37830 341.317937      99.97 2.6443e+01   2909.770      69835  1037.6134  1037.6125    34.7102    34.7090    7.86335         33 0.0000e+00
   2112.000   2080.677     0.7930  30.410160     0.7930  30.409372     4.5050     4.5548    -0.0150    96.1586 1.0000e-12  -65.84922  -71.37830 341.317952      99.97 2.6443e+01   2911.036      69866  1037.6178  1037.6171    34.7101    34.7091    7.86331         25 0.0000e+00
   2113.000   2081.658     0.7929  30.410465     0.7928  30.409679     4.5080     4.5515    -0.0014    96.1701 1.0000e-12  -65.84922  -71.37830 341.317963      99.97 2.6443e+01   2911.999      69889  1037.6224  1037.6216    34.7101    34.7091    7.86333         23 0.0000e+00
   2114.000   2082.637     0.7924  30.410441     0.7926  30.409782     4.5079     4.5498    -0.0096    96.1787 1.0000e-12  -65.84922  -71.37829 341.317975      99.97 2.6443e+01   2913.015      69913  1037.6269  1037.6261    34.7101    34.7090    7.86342         27 0.0000e+00
   2115.000   2083.618     0.7916  30.410238     0.7919  30.409601     4.5064     4.5457    -0.0047    96.1720 1.0000e-12  -65.84922  -71.37828 341.317991      99.97 2.6443e+01   2914.429      69947  1037.6316  1037.6307    34.7102    34.7091    7.86358         39 0.0000e+00
   2116.000   2084.596     0.7917  30.410696     0.7918  30.409967     4.5027     4.5380    -0.0060    96.1851 1.0000e-12  -65.84922  -71.37829 341.318007      99.97 2.6443e+01   2915.805      69980  1037.6361  1037.6353    34.7101    34.7091    7.86356         25 0.0000e+00
   2117.000   2085.578     0.7912  30.410598     0.7912  30.409891     4.5101     4.5461    -0.0062    96.1846 1.0000e-12  -65.84922  -71.37830 341.318017      99.97 2.6443e+01   2916.682      70001  1037.6407  1037.6400    34.7101    34.7092    7.86367         19 0.0000e+00
   2118.000   2086.560     0.7910  30.410847     0.7910  30.410050     4.5036     4.5495    -0.0151    96.1846 1.0000e-12  -65.84922  -71.37830 341.318026      99.97 2.6443e+01   2917.424      70019  1037.6452  1037.6445    34.7101    34.7092    7.86370         17 0.0000e+00
   2119.000   2087.540     0.7906  30.410900     0.7905  30.410076     4.4994     4.5512    -0.0157    96.1846 1.0000e-12  -65.84922  -71.37830 341.318034      99.97 2.6443e+01   2918.174      70037  1037.6498  1037.6491    34.7101    34.7091    7.86379         20 0.0000e+00
   2120.000   2088.520     0.7903  30.411023     0.7904  30.410252     4.5022     4.5505    -0.0116    96.1846 1.0000e-12  -65.84922  -71.37830 341.318048      99.97 2.6443e+01   2919.357      70066  1037.6544  1037.6535    34.7101    34.7090    7.86386         29 0.0000e+00
   2121.000   2089.498     0.7898  30.410932     0.7898  30.410151     4.5054     4.5368    -0.0116    96.1846 1.0000e-12  -65.84922  -71.37828 341.318081      99.97 2.6443e+01   2922.218      70134  1037.6589  1037.6581    34.7100    34.7090    7.86395         26 0.0000e+00
   2122.000   2090.480     0.7886  30.410280     0.7884  30.409481     4.4992     4.5394    -0.0174    96.1846 1.0000e-12  -65.84922  -71.37828 341.318091      99.97 2.6443e+01   2923.093      70155  1037.6636  1037.6629    34.7100    34.7092    7.86420         19 0.0000e+00
   2123.000   2091.460     0.7880  30.410206     0.7880  30.409457     4.5038     4.5463    -0.0159    96.1846 1.0000e-12  -65.84922  -71.37828 341.318100      99.98 2.6443e+01   2923.810      70172  1037.6682  1037.6675    34.7100    34.7091    7.86432         16 0.0000e+00
   2124.000   2092.439     0.7877  30.410268     0.7876  30.409449     4.5019     4.5529    -0.0169    96.1846 1.0000e-12  -65.84922  -71.37828 341.318108      99.97 2.6443e+01   2924.487      70189  1037.6727  1037.6721    34.7100    34.7090    7.86439         16 0.0000e+00
   2125.000   2093.422     0.7868  30.409874     0.7867  30.409127     4.5040     4.5519    -0.0162    96.1846 1.0000e-12  -65.84922  -71.37828 341.318116      99.97 2.6443e+01   2925.201      70206  1037.6774  1037.6768    34.7100    34.7091    7.86458         19 0.0000e+00
   2126.000   2094.400     0.7855  30.409079     0.7855  30.408404     4.5074     4.5481    -0.0163    96.1846 1.0000e-12  -65.84922  -71.37828 341.318126      99.97 2.6443e+01   2926.124      70228  1037.6820  1037.6813    34.7098    34.7089    7.86484         28 0.0000e+00
   2127.000   2095.382     0.7850  30.409139     0.7852  30.408356     4.5108     4.5511    -0.0054    96.1846 1.0000e-12  -65.84922  -71.37829 341.318151      99.97 2.6443e+01   2928.209      70278  1037.6867  1037.6857    34.7099    34.7088    7.86493         40 0.0000e+00
   2128.000   2096.363     0.7848  30.409299     0.7847  30.408531     4.5034     4.5507    -0.0017    96.1846 1.0000e-12  -65.84922  -71.37829 341.318170      99.97 2.6443e+01   2929.865      70318  1037.6911  1037.6905    34.7098    34.7090    7.86497         26 0.0000e+00
   2129.000   2097.340     0.7848  30.409661     0.7846  30.408864     4.5081     4.5495    -0.0173    96.1846 1.0000e-12  -65.84922  -71.37828 341.318181      99.97 2.6443e+01   2930.834      70341  1037.6957  1037.6950    34.7098    34.7090    7.86498         23 0.0000e+00
   2130.000   2098.324     0.7846  30.409943     0.7846  30.409257     4.5082     4.5514    -0.0175    96.1846 1.0000e-12  -65.84922  -71.37828 341.318192      99.97 2.6443e+01   2931.783      70364  1037.7002  1037.6996    34.7099    34.7090    7.86501         24 0.0000e+00
   2131.000   2099.301     0.7843  30.410076     0.7843  30.409304     4.5069     4.5505    -0.0173    96.1846 1.0000e-12  -65.84922  -71.37828 341.318205      99.97 2.5905e+01   2932.941      70392  1037.7048  1037.7040    34.7099    34.7088    7.86508         32 0.0000e+00
   2132.000   2100.282     0.7837  30.409949     0.7842  30.409612     4.5092     4.5528    -0.0147    96.1846 1.0000e-12  -65.84922  -71.37828 341.318222      99.97 2.4622e+01   2934.377      70426  1037.7094  1037.7085    34.7099    34.7089    7.86520         32 0.0000e+00
   2133.000   2101.260     0.7827  30.409528     0.7829  30.408872     4.5023     4.5486    -0.0018    96.1846 1.0000e-12  -65.84922  -71.37828 341.318235      99.97 2.4680e+01   2935.479      70452  1037.7141  1037.7133    34.7099    34.7089    7.86540         23 0.0000e+00
   2134.000   2102.243     0.7828  30.410038     0.7827  30.409222     4.5155     4.5493    -0.0012    96.1846 1.0000e-12  -65.84922  -71.37828 341.318245      99.98 2.4680e+01   2936.345      70473  1037.7186  1037.7179    34.7099    34.7090    7.86537         20 0.0000e+00
   2135.000   2103.224     0.7824  30.409918     0.7822  30.409130     4.5193     4.5490    -0.0179    96.1846 1.0000e-12  -65.84922  -71.37828 341.318254      99.97 2.4680e+01   2937.158      70493  1037.7231  1037.7225    34.7098    34.7090    7.86548         19 0.0000e+00
   2136.000   2104.202     0.7811  30.409218     0.7811  30.408487     4.5079     4.5582    -0.0026    96.1846 1.0000e-12  -65.84922  -71.37828 341.318265      99.97 2.4680e+01   2938.071      70515  1037.7277  1037.7270    34.7097    34.7088    7.86573         26 0.0000e+00
   2137.000   2105.184     0.7799  30.408653     0.7801  30.407950     4.5083     4.5520    -0.0101    96.1846 1.0000e-12  -65.84922  -71.37828 341.318281      99.98 2.4680e+01   2939.492      70549  1037.7325  1037.7316    34.7098    34.7087    7.86597         33 0.0000e+00
   2138.000   2106.162     0.7794  30.408582     0.7794  30.407713     4.5090     4.5536    -0.0040    96.1846 1.0000e-12  -65.84922  -71.37828 341.318302      99.97 2.4680e+01   2941.274      70592  1037.7371  1037.7362    34.7098    34.7087    7.86608         32 0.0000e+00
   2139.000   2107.144     0.7791  30.408835     0.7792  30.408118     4.5181     4.5538    -0.0145    96.1846 1.0000e-12  -65.84922  -71.37828 341.318314      99.98 2.4680e+01   2942.348      70617  1037.7417  1037.7409    34.7099    34.7089    7.86612         23 0.0000e+00
   2140.000   2108.122     0.7794  30.409526     0.7794  30.408646     4.5120     4.5513    -0.0182    96.1846 1.0000e-12  -65.84922  -71.37828 341.318325      99.97 2.4680e+01   2943.258      70639  1037.7462  1037.7453    34.7099    34.7088    7.86606         21 0.0000e+00
   2141.000   2109.105     0.7799  30.410235     0.7797  30.409303     4.5026     4.5505    -0.0131    96.1846 1.0000e-12  -65.84922  -71.37828 341.318335      99.97 2.4680e+01   2944.173      70661  1037.7505  1037.7498    34.7098    34.7088    7.86597         23 0.0000e+00
   2142.000   2110.084     0.7811  30.411660     0.7819  30.411613     4.5060     4.5539    -0.0136    96.1846 1.0000e-12  -65.84922  -71.37826 341.318348      99.97 2.4680e+01   2945.296      70688  1037.7548  1037.7540    34.7098    34.7088    7.86572         32 0.0000e+00
   2143.000   2111.064     0.7812  30.412094     0.7813  30.411311     4.5111     4.5514    -0.0110    96.1846 1.0000e-12  -65.84922  -71.37826 341.318369      99.97 2.4680e+01   2947.091      70731  1037.7594  1037.7585    34.7098    34.7087    7.86572         41 0.0000e+00
   2144.000   2112.043     0.7788  30.410547     0.7788  30.409709     4.5015     4.5442    -0.0123    96.1846 1.0000e-12  -65.84922  -71.37828 341.318385      99.98 2.4680e+01   2948.459      70764  1037.7643  1037.7635    34.7098    34.7088    7.86618         24 0.0000e+00
   2145.000   2113.024     0.7785  30.410757     0.7786  30.409938     4.4994     4.5476    -0.0169    96.1846 1.0000e-12  -65.84922  -71.37828 341.318395      99.97 2.4680e+01   2949.325      70785  1037.7689  1037.7681    34.7099    34.7088    7.86624         19 0.0000e+00
   2146.000   2114.005     0.7788  30.411272     0.7786  30.410409     4.4992     4.5511    -0.0163    96.1831 1.0000e-12  -65.84922  -71.37828 341.318404      99.97 2.4680e+01   2950.081      70803  1037.7734  1037.7726    34.7098    34.7089    7.86620         17 0.0000e+00
   2147.000   2114.985     0.7788  30.411731     0.7788  30.410863     4.4945     4.5524    -0.0120    96.1819 1.0000e-12  -65.84922  -71.37828 341.318412      99.98 2.4680e+01   2950.829      70821  1037.7779  1037.7770    34.7099    34.7087    7.86619         19 0.0000e+00
   2148.000   2115.964     0.7784  30.411659     0.7783  30.410863     4.4986     4.5520    -0.0136    96.1620 1.0000e-12  -65.84922  -71.37828 341.318424      99.97 2.4680e+01   2951.790      70844  1037.7824  1037.7817    34.7098    34.7088    7.86629         29 0.0000e+00
   2149.000   2116.945     0.7785  30.412260     0.7789  30.411561     4.5067     4.5539    -0.0049    96.1840 1.0000e-12  -65.84922  -71.37826 341.318462      99.97 2.4680e+01   2955.100      70923  1037.7869  1037.7859    34.7098    34.7086    7.86625         28 0.0000e+00
   2150.000   2117.925     0.7781  30.412233     0.7783  30.411654     4.5079     4.5559    -0.0127    96.1846 1.0000e-12  -65.84922  -71.37826 341.318474      99.97 2.4680e+01   2956.178      70949  1037.7914  1037.7907    34.7097    34.7088    7.86633         19 0.0000e+00
   2151.000   2118.905     0.7773  30.411991     0.7779  30.411520     4.5059     4.5555    -0.0186    96.1846 1.0000e-12  -65.84922  -71.37826 341.318482      99.97 2.4680e+01   2956.894      70966  1037.7961  1037.7951    34.7098    34.7085    7.86649         17 0.0000e+00
   2152.000   2119.886     0.7753  30.410496     0.7753  30.409751     4.5069     4.5522    -0.0180    96.1846 1.0000e-12  -65.84922  -71.37826 341.318490      99.97 2.4680e+01   2957.535      70982  1037.8008  1037.8000    34.7096    34.7086    7.86691         15 0.0000e+00
