NBP2113_155081_ctd/data/dnbp2113_024.cnv
* Sea-Bird SBE 9 Data File:
* FileName = D:\Data\raw\NBP2113_024.hex
* Software Version Seasave V 7.26.7.121
* Temperature SN = 2438
* Conductivity SN = 2067
* Number of Bytes Per Scan = 40
* Number of Voltage Words = 5
* Number of Scans Averaged by the Deck Unit = 1
* NMEA Latitude = 67 06.83 S
* NMEA Longitude = 071 31.86 W
* NMEA UTC (Time) = Dec 02 2021  07:40:38
* NMEA baud rate = 9600
** Ship: RVIB N.B. Palmer
** Cruise: NBP2113 LTER
** Station: 200.100
** Operator: B. Urmston
# nquan = 25
# nvalues = 417                         
# units = specified
# name 0 = prDM: Pressure, Digiquartz [db]
# name 1 = depSM: Depth [salt water, m]
# name 2 = t090C: Temperature [ITS-90, deg C]
# name 3 = c0mS/cm: Conductivity [mS/cm]
# name 4 = t190C: Temperature, 2 [ITS-90, deg C]
# name 5 = c1mS/cm: Conductivity, 2 [mS/cm]
# name 6 = sbeox0ML/L: Oxygen, SBE 43 [ml/l]
# name 7 = sbeox1ML/L: Oxygen, SBE 43, 2 [ml/l]
# name 8 = flECO-AFL: Fluorescence, WET Labs ECO-AFL/FL [mg/m^3]
# name 9 = CStarTr0: Beam Transmission, WET Labs C-Star [%]
# name 10 = par: PAR/Irradiance, Biospherical/Licor
# name 11 = latitude: Latitude [deg]
# name 12 = longitude: Longitude [deg]
# name 13 = timeJ: Julian Days
# name 14 = altM: Altimeter [m]
# name 15 = spar: SPAR, Biospherical/Licor
# name 16 = timeS: Time, Elapsed [seconds]
# name 17 = scan: Scan Count
# name 18 = density00: Density [density, kg/m^3]
# name 19 = density11: Density, 2 [density, kg/m^3]
# name 20 = sal00: Salinity, Practical [PSU]
# name 21 = sal11: Salinity, Practical, 2 [PSU]
# name 22 = oxsolML/L: Oxygen Saturation, Garcia & Gordon [ml/l]
# name 23 = nbin: number of scans per bin
# name 24 = flag: flag
# span 0 =      6.000,    422.000       
# span 1 =      5.909,    417.380       
# span 2 =    -0.4946,     1.4783       
# span 3 =  27.887660,  30.208013       
# span 4 =    -0.4944,     1.4779       
# span 5 =  27.885890,  30.206382       
# span 6 =     3.5096,     8.1688       
# span 7 =     3.9289,     8.2170       
# span 8 =    -0.0112,     3.0782       
# span 9 =    87.7795,    97.3027       
# span 10 = -7.718e-06, 8.7252e+00      
# span 11 =  -67.11402,  -67.11380      
# span 12 =  -71.53071,  -71.52968      
# span 13 = 336.323486, 336.331940      
# span 14 =       8.43,     101.37      
# span 15 = 2.8141e+01, 6.5242e+01      
# span 16 =    311.291,   1041.647      
# span 17 =       7472,      25001      
# span 18 =  1027.3649,  1029.7721      
# span 19 =  1027.3626,  1029.7706      
# span 20 =    34.0156,    34.7102      
# span 21 =    34.0131,    34.7084      
# span 22 =    7.72767,    8.17094      
# span 23 =          1,         45      
# span 24 = 0.0000e+00, 0.0000e+00      
# interval = decibars: 1                
# start_time = Dec 02 2021 07:40:38 [NMEA time, header]
# bad_flag = -9.990e-29
*END*
      6.000      5.909    -0.4895  27.888942    -0.4904  27.886393     8.1372     8.2051     2.5139    87.8066 8.7252e+00  -67.11392  -71.53027 336.323486      99.99 3.3495e+01    311.291       7472  1027.3649  1027.3626    34.0169    34.0145    8.16981          1 0.0000e+00
      7.000      6.930    -0.4910  27.888305    -0.4913  27.886113     8.1353     8.2049     2.7085    87.8261 8.5594e+00  -67.11392  -71.53029 336.323527      99.97 3.3495e+01    314.750       7555  1027.3696  1027.3675    34.0171    34.0145    8.17012         44 0.0000e+00
      8.000      7.921    -0.4924  27.887660    -0.4921  27.885890     8.1390     8.2120     2.9616    87.8674 7.6695e+00  -67.11392  -71.53031 336.323559      99.97 3.3495e+01    317.481       7621  1027.3746  1027.3724    34.0173    34.0146    8.17043         37 0.0000e+00
      9.000      8.909    -0.4929  27.887822    -0.4922  27.886250     8.1500     8.2041     2.8676    87.8314 6.3155e+00  -67.11390  -71.53029 336.323598      99.97 3.3495e+01    320.860       7702  1027.3795  1027.3772    34.0174    34.0145    8.17052         31 0.0000e+00
     10.000      9.900    -0.4931  27.888129    -0.4925  27.886470     8.1375     8.2145     2.7035    87.8202 5.7684e+00  -67.11390  -71.53028 336.323617      99.97 3.3495e+01    322.533       7742  1027.3843  1027.3820    34.0174    34.0146    8.17056         32 0.0000e+00
     11.000     10.891    -0.4927  27.888913    -0.4924  27.887163     8.1473     8.2035     2.4974    87.8472 5.3253e+00  -67.11390  -71.53029 336.323680      99.96 3.2059e+01    327.964       7872  1027.3891  1027.3869    34.0174    34.0147    8.17047         26 0.0000e+00
     12.000     11.879    -0.4942  27.887884    -0.4938  27.886276     8.1591     8.2087     2.6399    87.8428 4.6676e+00  -67.11390  -71.53030 336.323702      99.97 3.1752e+01    329.850       7917  1027.3937  1027.3916    34.0171    34.0145    8.17081         29 0.0000e+00
     13.000     12.870    -0.4921  27.890193    -0.4918  27.888314     8.1369     8.2068     2.7993    87.7994 3.7122e+00  -67.11390  -71.53025 336.323756      99.97 3.0259e+01    334.501       8029  1027.3985  1027.3962    34.0173    34.0144    8.17036         36 0.0000e+00
     14.000     13.862    -0.4933  27.889534    -0.4922  27.888442     8.1344     8.2089     2.8693    87.8444 3.2520e+00  -67.11390  -71.53025 336.323796      99.96 2.9969e+01    338.009       8113  1027.4032  1027.4009    34.0171    34.0144    8.17062         30 0.0000e+00
     15.000     14.852    -0.4935  27.889861    -0.4928  27.888304     8.1487     8.2085     2.9640    87.8169 2.7554e+00  -67.11390  -71.53025 336.323846      99.97 2.9517e+01    342.319       8217  1027.4080  1027.4057    34.0171    34.0143    8.17066         34 0.0000e+00
     16.000     15.840    -0.4942  27.889435    -0.4938  27.887846     8.1614     8.2093     3.0421    87.8261 2.5854e+00  -67.11390  -71.53023 336.323896      99.97 2.8141e+01    346.592       8319  1027.4125  1027.4104    34.0167    34.0141    8.17083         32 0.0000e+00
     17.000     16.830    -0.4946  27.889414    -0.4944  27.887775     8.1513     8.2119     2.6439    87.8082 2.1415e+00  -67.11390  -71.53022 336.323908      99.97 2.8206e+01    347.627       8344  1027.4172  1027.4152    34.0166    34.0141    8.17094         30 0.0000e+00
     18.000     17.819    -0.4942  27.890230    -0.4940  27.888589     8.1427     8.2077     2.6719    87.8298 1.8684e+00  -67.11390  -71.53022 336.323965      99.97 2.8206e+01    352.594       8463  1027.4220  1027.4199    34.0166    34.0141    8.17085         28 0.0000e+00
     19.000     18.810    -0.4943  27.890589    -0.4941  27.888917     8.1460     8.2100     2.5976    87.8593 1.6931e+00  -67.11390  -71.53022 336.323993      99.97 2.8206e+01    355.028       8522  1027.4267  1027.4248    34.0166    34.0141    8.17087         35 0.0000e+00
     20.000     19.802    -0.4943  27.891240    -0.4936  27.889713     8.1343     8.2065     2.8589    87.8736 1.4932e+00  -67.11390  -71.53022 336.324040      99.97 2.8206e+01    359.016       8617  1027.4317  1027.4294    34.0168    34.0139    8.17085         32 0.0000e+00
     21.000     20.790    -0.4942  27.891737    -0.4938  27.889992     8.1409     8.2094     2.8360    87.8185 1.3068e+00  -67.11390  -71.53019 336.324082      99.97 2.8206e+01    362.726       8706  1027.4365  1027.4342    34.0168    34.0139    8.17084         25 0.0000e+00
     22.000     21.780    -0.4943  27.892033    -0.4940  27.890373     8.1449     8.2079     2.6318    87.8301 1.2497e+00  -67.11390  -71.53020 336.324121      99.97 2.8206e+01    366.065       8787  1027.4411  1027.4391    34.0166    34.0141    8.17086         25 0.0000e+00
     23.000     22.771    -0.4942  27.892586    -0.4939  27.890626     8.1512     8.2073     2.7397    87.8651 1.1101e+00  -67.11390  -71.53020 336.324145      99.96 2.8206e+01    368.104       8836  1027.4459  1027.4436    34.0167    34.0137    8.17084         26 0.0000e+00
     24.000     23.755    -0.4944  27.892800    -0.4940  27.891034     8.1392     8.2106     3.0782    87.8199 9.4064e-01  -67.11390  -71.53018 336.324210      99.97 2.8296e+01    373.746       8971  1027.4506  1027.4484    34.0165    34.0138    8.17089         19 0.0000e+00
     25.000     24.750    -0.4945  27.893255    -0.4940  27.891462     8.1614     8.2000     2.9486    87.8339 9.3271e-01  -67.11390  -71.53018 336.324255      99.97 2.9839e+01    377.624       9064  1027.4555  1027.4531    34.0166    34.0137    8.17090         38 0.0000e+00
     26.000     25.741    -0.4944  27.893647    -0.4940  27.891960     8.1371     8.2080     2.8319    87.8055 7.8000e-01  -67.11389  -71.53016 336.324276      75.05 2.9970e+01    379.429       9107  1027.4601  1027.4579    34.0164    34.0138    8.17089         38 0.0000e+00
     27.000     26.730    -0.4940  27.894429    -0.4939  27.892667     8.1594     8.2100     2.6858    87.8021 7.2381e-01  -67.11389  -71.53017 336.324339     100.33 2.9969e+01    384.855       9238  1027.4649  1027.4629    34.0164    34.0140    8.17081         28 0.0000e+00
     28.000     27.722    -0.4943  27.894560    -0.4940  27.892872     8.1334     8.2043     2.7446    87.8320 6.2891e-01  -67.11390  -71.53015 336.324374      99.97 2.9969e+01    387.884       9310  1027.4696  1027.4675    34.0163    34.0137    8.17088         33 0.0000e+00
     29.000     28.709    -0.4945  27.894842    -0.4942  27.893087     8.1346     8.2062     2.9212    87.8381 6.1491e-01  -67.11390  -71.53012 336.324393      99.97 3.0901e+01    389.554       9350  1027.4744  1027.4722    34.0163    34.0136    8.17092         44 0.0000e+00
     30.000     29.699    -0.4943  27.895415    -0.4941  27.893789     8.1428     8.2121     2.9386    87.8203 5.9347e-01  -67.11388  -71.53012 336.324456      99.96 3.1769e+01    395.039       9482  1027.4791  1027.4771    34.0162    34.0138    8.17088         30 0.0000e+00
     31.000     30.689    -0.4939  27.896329    -0.4938  27.894572     8.1688     8.2122     2.5774    87.8242 5.0542e-01  -67.11389  -71.53011 336.324501      99.97 3.1732e+01    398.916       9575  1027.4839  1027.4820    34.0164    34.0139    8.17078         25 0.0000e+00
     32.000     31.679    -0.4942  27.896359    -0.4941  27.894596     8.1423     8.2113     2.8458    87.7990 4.6533e-01  -67.11389  -71.53010 336.324515      99.97 3.1732e+01    400.069       9603  1027.4886  1027.4866    34.0162    34.0137    8.17087         35 0.0000e+00
     33.000     32.670    -0.4943  27.896816    -0.4940  27.895077     8.1312     8.2058     2.9310    87.8217 4.7130e-01  -67.11388  -71.53012 336.324565      99.97 3.1837e+01    404.450       9708  1027.4935  1027.4913    34.0163    34.0136    8.17088         34 0.0000e+00
     34.000     33.660    -0.4943  27.897222    -0.4939  27.895582     8.1248     8.2091     2.9785    87.8213 4.1096e-01  -67.11388  -71.53010 336.324608      99.97 3.3058e+01    408.137       9796  1027.4982  1027.4961    34.0162    34.0136    8.17089         34 0.0000e+00
     35.000     34.648    -0.4941  27.897814    -0.4938  27.896089     8.1312     8.2113     2.9933    87.7966 3.9987e-01  -67.11388  -71.53009 336.324678      99.97 3.3523e+01    414.174       9941  1027.5029  1027.5008    34.0162    34.0136    8.17085         33 0.0000e+00
     36.000     35.638    -0.4940  27.898308    -0.4940  27.896522     8.1279     8.2108     2.6897    87.8390 3.7857e-01  -67.11388  -71.53012 336.324688      99.97 3.3495e+01    415.003       9961  1027.5077  1027.5057    34.0162    34.0137    8.17084         22 0.0000e+00
     37.000     36.629    -0.4942  27.898635    -0.4941  27.896946     8.1353     8.2069     2.7288    87.8307 3.2849e-01  -67.11388  -71.53012 336.324698      99.97 3.3495e+01    415.919       9983  1027.5125  1027.5106    34.0162    34.0138    8.17088         25 0.0000e+00
     38.000     37.623    -0.4938  27.899393    -0.4937  27.897618     8.1390     8.2025     2.6591    87.8650 2.5921e-01  -67.11389  -71.53007 336.324755      99.97 3.3495e+01    420.809      10100  1027.5173  1027.5152    34.0162    34.0136    8.17079         22 0.0000e+00
     39.000     38.609    -0.4937  27.899909    -0.4938  27.898097     8.1483     8.2044     2.5686    87.8763 2.3446e-01  -67.11390  -71.53004 336.324796      99.97 3.3495e+01    424.415      10187  1027.5220  1027.5201    34.0161    34.0138    8.17077         20 0.0000e+00
     40.000     39.598    -0.4938  27.900208    -0.4937  27.898585     8.1287     8.2080     2.7697    87.8168 2.1718e-01  -67.11390  -71.53004 336.324808      99.97 3.3495e+01    425.401      10211  1027.5267  1027.5248    34.0160    34.0137    8.17080         27 0.0000e+00
     41.000     40.587    -0.4933  27.901169    -0.4932  27.899470     8.1290     8.2126     2.6874    87.8509 1.7704e-01  -67.11390  -71.53005 336.324883      99.96 3.4763e+01    431.911      10367  1027.5315  1027.5296    34.0161    34.0137    8.17068         24 0.0000e+00
     42.000     41.578    -0.4938  27.901163    -0.4936  27.899485     8.1186     8.2170     2.7630    87.8019 1.4632e-01  -67.11390  -71.53004 336.324917      99.97 3.5244e+01    434.831      10437  1027.5363  1027.5343    34.0160    34.0135    8.17079         27 0.0000e+00
     43.000     42.567    -0.4942  27.901380    -0.4938  27.899707     8.1277     8.2095     2.8765    87.8539 1.4394e-01  -67.11390  -71.53002 336.324945      99.97 3.5258e+01    437.237      10495  1027.5411  1027.5390    34.0161    34.0135    8.17087         35 0.0000e+00
     44.000     43.557    -0.4939  27.902022    -0.4936  27.900208     8.1413     8.2039     2.8697    87.8450 1.4560e-01  -67.11389  -71.53003 336.325002      99.96 3.5777e+01    442.158      10613  1027.5459  1027.5437    34.0161    34.0134    8.17081         38 0.0000e+00
     45.000     44.546    -0.4938  27.902534    -0.4935  27.900949     8.1361     8.2033     2.7360    87.8243 1.1614e-01  -67.11388  -71.53005 336.325063      99.97 3.7020e+01    447.476      10740  1027.5506  1027.5487    34.0160    34.0136    8.17079         28 0.0000e+00
     46.000     45.538    -0.4940  27.902775    -0.4937  27.901107     8.1425     8.2058     2.9699    87.7925 1.0246e-01  -67.11388  -71.53004 336.325078      99.97 3.7021e+01    448.740      10771  1027.5554  1027.5533    34.0159    34.0134    8.17083         34 0.0000e+00
     47.000     46.529    -0.4937  27.903418    -0.4934  27.901833     8.1380     8.2055     2.9273    87.8161 9.8639e-02  -67.11390  -71.53004 336.325113      99.97 3.7021e+01    451.753      10843  1027.5601  1027.5581    34.0159    34.0135    8.17079         25 0.0000e+00
     48.000     47.518    -0.4938  27.903751    -0.4938  27.901912     8.1437     8.2069     2.9356    87.8379 8.8725e-02  -67.11390  -71.53006 336.325164      99.96 3.7021e+01    456.145      10948  1027.5648  1027.5628    34.0158    34.0133    8.17080         37 0.0000e+00
     49.000     48.506    -0.4938  27.904244    -0.4938  27.902326     8.1474     8.1939     2.4853    87.8228 6.7989e-02  -67.11390  -71.53009 336.325239      99.97 3.7021e+01    462.662      11105  1027.5696  1027.5676    34.0159    34.0133    8.17080         19 0.0000e+00
     50.000     49.497    -0.4943  27.904282    -0.4941  27.902526     8.1438     8.1959     2.4759    87.8360 6.0281e-02  -67.11390  -71.53008 336.325249      99.96 3.7021e+01    463.486      11125  1027.5745  1027.5724    34.0159    34.0133    8.17091         19 0.0000e+00
     51.000     50.487    -0.4943  27.904714    -0.4942  27.902997     8.1501     8.2003     2.5582    87.8557 5.3344e-02  -67.11390  -71.53006 336.325258      99.97 3.7117e+01    464.257      11143  1027.5792  1027.5772    34.0158    34.0134    8.17091         18 0.0000e+00
     52.000     51.476    -0.4942  27.905264    -0.4942  27.903467     8.1519     8.2000     2.6220    87.7795 4.6414e-02  -67.11390  -71.53006 336.325267      99.97 3.7458e+01    465.054      11162  1027.5840  1027.5820    34.0158    34.0134    8.17088         20 0.0000e+00
     53.000     52.467    -0.4937  27.905961    -0.4938  27.904313     8.1523     8.2048     2.7216    87.8312 3.8917e-02  -67.11390  -71.53006 336.325278      99.97 3.8217e+01    466.054      11186  1027.5886  1027.5868    34.0157    34.0135    8.17080         32 0.0000e+00
     54.000     53.458    -0.4936  27.906664    -0.4937  27.904903     8.1605     8.2060     2.4440    87.8630 2.4837e-02  -67.11390  -71.53006 336.325381      99.97 3.8789e+01    474.922      11399  1027.5936  1027.5917    34.0159    34.0136    8.17077         16 0.0000e+00
     55.000     54.445    -0.4937  27.907003    -0.4937  27.905215     8.1550     8.2050     2.5280    87.8818 2.2463e-02  -67.11390  -71.53007 336.325400      99.97 3.8783e+01    476.541      11438  1027.5983  1027.5964    34.0158    34.0134    8.17079         20 0.0000e+00
     56.000     55.438    -0.4935  27.907487    -0.4934  27.905810     8.1271     8.2071     2.7004    87.8838 1.6580e-02  -67.11390  -71.53009 336.325458      99.97 3.9540e+01    481.596      11559  1027.6030  1027.6009    34.0157    34.0132    8.17076         41 0.0000e+00
     57.000     56.428    -0.4934  27.908013    -0.4932  27.906328     8.1385     8.1949     3.0605    87.8247 1.1953e-02  -67.11390  -71.53013 336.325552      99.97 4.1476e+01    489.736      11755  1027.6077  1027.6057    34.0156    34.0131    8.17073         31 0.0000e+00
     58.000     57.414    -0.4936  27.908457    -0.4936  27.906676     8.1333     8.1882     2.8366    87.8514 9.7874e-03  -67.11390  -71.53014 336.325573      99.97 4.2326e+01    491.489      11797  1027.6126  1027.6107    34.0157    34.0134    8.17076         23 0.0000e+00
     59.000     58.406    -0.4935  27.908924    -0.4935  27.907264     8.1255     8.1978     2.5027    87.8698 4.4501e-03  -67.11390  -71.53014 336.325582      99.97 4.2309e+01    492.289      11816  1027.6173  1027.6155    34.0157    34.0135    8.17075         18 0.0000e+00
     60.000     59.394    -0.4935  27.909385    -0.4936  27.907630     8.1193     8.2045     2.7083    87.8738 4.5289e-04  -67.11390  -71.53012 336.325591      99.96 4.2309e+01    493.076      11835  1027.6221  1027.6203    34.0157    34.0135    8.17075         20 0.0000e+00
     61.000     60.385    -0.4935  27.909791    -0.4935  27.908018     8.1278     8.2107     2.7610    87.9265 -7.718e-06  -67.11390  -71.53012 336.325619      99.97 4.2426e+01    495.457      11892  1027.6268  1027.6249    34.0156    34.0133    8.17075         33 0.0000e+00
     62.000     61.375    -0.4928  27.910839    -0.4928  27.909196     8.1243     8.1832     2.4416    87.8336 1.0000e-12  -67.11388  -71.53016 336.325721      99.97 4.4026e+01    504.266      12103  1027.6316  1027.6298    34.0157    34.0135    8.17061         12 0.0000e+00
