NBP2113_155081_ctd/data/dnbp2113_036.cnv
* Sea-Bird SBE 9 Data File:
* FileName = D:\Data\raw\NBP2113_036.hex
* Software Version Seasave V 7.26.7.121
* Temperature SN = 2438
* Conductivity SN = 2067
* Number of Bytes Per Scan = 40
* Number of Voltage Words = 5
* Number of Scans Averaged by the Deck Unit = 1
* NMEA Latitude = 64 56.01 S
* NMEA Longitude = 064 24.02 W
* NMEA UTC (Time) = Dec 09 2021  08:52:43
* NMEA baud rate = 9600
** Ship: RVIB N.B. Palmer
** Cruise: NBP2113 LTER
** Station: 600.040
** Operator: B. Urmston
# nquan = 25
# nvalues = 1316                        
# units = specified
# name 0 = prDM: Pressure, Digiquartz [db]
# name 1 = depSM: Depth [salt water, m]
# name 2 = t090C: Temperature [ITS-90, deg C]
# name 3 = c0mS/cm: Conductivity [mS/cm]
# name 4 = t190C: Temperature, 2 [ITS-90, deg C]
# name 5 = c1mS/cm: Conductivity, 2 [mS/cm]
# name 6 = sbeox0ML/L: Oxygen, SBE 43 [ml/l]
# name 7 = sbeox1ML/L: Oxygen, SBE 43, 2 [ml/l]
# name 8 = flECO-AFL: Fluorescence, WET Labs ECO-AFL/FL [mg/m^3]
# name 9 = CStarTr0: Beam Transmission, WET Labs C-Star [%]
# name 10 = par: PAR/Irradiance, Biospherical/Licor
# name 11 = latitude: Latitude [deg]
# name 12 = longitude: Longitude [deg]
# name 13 = timeJ: Julian Days
# name 14 = altM: Altimeter [m]
# name 15 = spar: SPAR, Biospherical/Licor
# name 16 = timeS: Time, Elapsed [seconds]
# name 17 = scan: Scan Count
# name 18 = density00: Density [density, kg/m^3]
# name 19 = density11: Density, 2 [density, kg/m^3]
# name 20 = sal00: Salinity, Practical [PSU]
# name 21 = sal11: Salinity, Practical, 2 [PSU]
# name 22 = oxsolML/L: Oxygen Saturation, Garcia & Gordon [ml/l]
# name 23 = nbin: number of scans per bin
# name 24 = flag: flag
# span 0 =      6.000,   1321.000       
# span 1 =      5.940,   1303.919       
# span 2 =    -0.9824,     1.4951       
# span 3 =  27.143103,  30.665104       
# span 4 =    -0.9815,     1.4950       
# span 5 =  27.141909,  30.664081       
# span 6 =     4.0394,     8.0475       
# span 7 =     4.0860,     8.0623       
# span 8 =    -0.0225,     1.6711       
# span 9 =    87.6167,    95.7305       
# span 10 = -8.325e-06, 3.0568e+01      
# span 11 =  -64.93358,  -64.93348      
# span 12 =  -64.40046,  -64.39938      
# span 13 = 343.373968, 343.398057      
# span 14 =       7.62,     101.38      
# span 15 = 1.0570e+02, 2.0626e+02      
# span 16 =    347.870,   2429.092      
# span 17 =       8350,      58299      
# span 18 =  1027.0161,  1033.9040      
# span 19 =  1027.0156,  1033.9031      
# span 20 =    33.5538,    34.6776      
# span 21 =    33.5516,    34.6766      
# span 22 =    7.72537,    8.30415      
# span 23 =         11,         47      
# span 24 = 0.0000e+00, 0.0000e+00      
# interval = decibars: 1                
# start_time = Dec 09 2021 08:52:43 [NMEA time, header]
# bad_flag = -9.990e-29
*END*
[from data line 1276]
   1282.000   1265.541     1.4920  30.646188     1.4918  30.645295     4.0511     4.0959    -0.0106    95.4558 1.0000e-12  -64.93352  -64.39982 343.397122      47.01 1.2869e+02   2348.361      56362  1033.7249  1033.7242    34.6773    34.6764    7.72598         29 0.0000e+00
   1283.000   1266.523     1.4921  30.646732     1.4918  30.645772     4.0486     4.0968    -0.0028    95.4283 1.0000e-12  -64.93352  -64.39981 343.397135      45.78 1.2869e+02   2349.501      56389  1033.7295  1033.7289    34.6773    34.6765    7.72597         27 0.0000e+00
   1284.000   1267.510     1.4921  30.647114     1.4918  30.646204     4.0543     4.0970    -0.0099    95.4493 1.0000e-12  -64.93352  -64.39980 343.397150      44.61 1.2869e+02   2350.770      56419  1033.7341  1033.7334    34.6773    34.6764    7.72596         35 0.0000e+00
   1285.000   1268.492     1.4921  30.647563     1.4919  30.646585     4.0560     4.0956    -0.0054    95.4397 1.0000e-12  -64.93352  -64.39978 343.397168      43.79 1.2869e+02   2352.307      56456  1033.7388  1033.7379    34.6773    34.6763    7.72597         35 0.0000e+00
   1286.000   1269.477     1.4923  30.648153     1.4921  30.647174     4.0511     4.0899    -0.0015    95.4359 1.0000e-12  -64.93352  -64.39978 343.397182      43.15 1.2869e+02   2353.526      56486  1033.7433  1033.7425    34.6773    34.6763    7.72593         26 0.0000e+00
   1287.000   1270.462     1.4924  30.648682     1.4922  30.647731     4.0554     4.0879    -0.0073    95.4332 1.0000e-12  -64.93352  -64.39978 343.397193      42.07 1.2706e+02   2354.507      56509  1033.7479  1033.7472    34.6773    34.6764    7.72590         22 0.0000e+00
   1288.000   1271.444     1.4924  30.649128     1.4922  30.648172     4.0516     4.0891    -0.0054    95.4506 1.0000e-12  -64.93352  -64.39980 343.397204      41.06 1.2693e+02   2355.431      56531  1033.7525  1033.7517    34.6774    34.6764    7.72591         22 0.0000e+00
   1289.000   1272.430     1.4924  30.649486     1.4922  30.648503     4.0471     4.0925    -0.0018    95.4400 1.0000e-12  -64.93352  -64.39981 343.397216      39.77 1.2693e+02   2356.468      56556  1033.7571  1033.7563    34.6773    34.6763    7.72591         29 0.0000e+00
   1290.000   1273.416     1.4923  30.649921     1.4923  30.648947     4.0536     4.0929    -0.0079    95.4386 1.0000e-12  -64.93352  -64.39982 343.397249      38.59 1.2693e+02   2359.278      56624  1033.7618  1033.7607    34.6774    34.6762    7.72593         36 0.0000e+00
   1291.000   1274.396     1.4925  30.650453     1.4924  30.649489     4.0570     4.0945    -0.0070    95.4291 1.0000e-12  -64.93352  -64.39982 343.397279      37.55 1.2693e+02   2361.922      56687  1033.7662  1033.7654    34.6773    34.6763    7.72589         30 0.0000e+00
   1292.000   1275.382     1.4928  30.651079     1.4925  30.650057     4.0526     4.0955    -0.0056    95.3972 1.0000e-12  -64.93352  -64.39982 343.397291      36.85 1.2686e+02   2362.974      56712  1033.7708  1033.7701    34.6773    34.6763    7.72584         24 0.0000e+00
   1293.000   1276.365     1.4928  30.651594     1.4925  30.650562     4.0561     4.0917    -0.0086    95.4009 1.0000e-12  -64.93352  -64.39981 343.397303      35.84 1.2616e+02   2363.957      56736  1033.7754  1033.7747    34.6774    34.6764    7.72583         23 0.0000e+00
   1294.000   1277.351     1.4928  30.651973     1.4925  30.651012     4.0531     4.0964    -0.0036    95.4192 1.0000e-12  -64.93352  -64.39980 343.397314      34.93 1.2517e+02   2364.953      56760  1033.7799  1033.7793    34.6773    34.6764    7.72583         25 0.0000e+00
   1295.000   1278.333     1.4929  30.652466     1.4927  30.651508     4.0543     4.0960    -0.0063    95.4260 1.0000e-12  -64.93352  -64.39980 343.397327      33.70 1.2516e+02   2366.017      56785  1033.7845  1033.7838    34.6773    34.6763    7.72581         26 0.0000e+00
   1296.000   1279.318     1.4929  30.652896     1.4927  30.651998     4.0516     4.0973     0.0080    95.4027 1.0000e-12  -64.93352  -64.39980 343.397340      32.82 1.2516e+02   2367.152      56813  1033.7891  1033.7884    34.6773    34.6764    7.72581         29 0.0000e+00
   1297.000   1280.303     1.4929  30.653373     1.4926  30.652317     4.0562     4.0972    -0.0067    95.3962 1.0000e-12  -64.93352  -64.39980 343.397354      31.76 1.2516e+02   2368.357      56842  1033.7938  1033.7930    34.6774    34.6763    7.72581         29 0.0000e+00
   1298.000   1281.287     1.4928  30.653677     1.4926  30.652684     4.0501     4.0963    -0.0018    95.3983 1.0000e-12  -64.93352  -64.39981 343.397369      30.94 1.2516e+02   2369.651      56873  1033.7984  1033.7975    34.6773    34.6763    7.72583         32 0.0000e+00
   1299.000   1282.270     1.4928  30.654173     1.4929  30.653247     4.0482     4.0923     0.0010    95.4280 1.0000e-12  -64.93352  -64.39982 343.397407      29.64 1.2612e+02   2372.950      56952  1033.8030  1033.8020    34.6774    34.6762    7.72582         34 0.0000e+00
   1300.000   1283.256     1.4930  30.654661     1.4929  30.653761     4.0528     4.0941    -0.0089    95.3941 1.0000e-12  -64.93352  -64.39982 343.397442      28.70 1.2694e+02   2375.985      57025  1033.8075  1033.8067    34.6773    34.6762    7.72579         28 0.0000e+00
   1301.000   1284.238     1.4932  30.655320     1.4930  30.654356     4.0555     4.0881    -0.0051    95.4234 1.0000e-12  -64.93352  -64.39982 343.397455      28.13 1.2693e+02   2377.076      57051  1033.8121  1033.8114    34.6774    34.6764    7.72575         26 0.0000e+00
   1302.000   1285.223     1.4934  30.655916     1.4932  30.654904     4.0513     4.0860     0.0057    95.4171 1.0000e-12  -64.93352  -64.39980 343.397466      27.11 1.2693e+02   2378.028      57074  1033.8167  1033.8159    34.6774    34.6763    7.72572         21 0.0000e+00
   1303.000   1286.206     1.4934  30.656338     1.4933  30.655405     4.0506     4.0887    -0.0003    95.4084 1.0000e-12  -64.93352  -64.39980 343.397475      25.90 1.2693e+02   2378.883      57094  1033.8213  1033.8204    34.6774    34.6763    7.72571         20 0.0000e+00
   1304.000   1287.191     1.4934  30.656792     1.4933  30.655916     4.0520     4.0913    -0.0004    95.4120 1.0000e-12  -64.93352  -64.39980 343.397485      24.96 1.2693e+02   2379.722      57114  1033.8259  1033.8251    34.6774    34.6764    7.72571         21 0.0000e+00
   1305.000   1288.176     1.4934  30.657316     1.4934  30.656304     4.0470     4.0952    -0.0004    95.4082 1.0000e-12  -64.93352  -64.39981 343.397503      23.93 1.2693e+02   2381.256      57151  1033.8305  1033.8296    34.6775    34.6763    7.72570         27 0.0000e+00
   1306.000   1289.160     1.4939  30.658030     1.4937  30.657093     4.0510     4.0944    -0.0013    95.3620 1.0000e-12  -64.93352  -64.39980 343.397588      22.94 1.2693e+02   2388.610      57328  1033.8350  1033.8342    34.6773    34.6764    7.72561         15 0.0000e+00
   1307.000   1290.142     1.4937  30.658405     1.4936  30.657528     4.0564     4.0933    -0.0008    95.3606 1.0000e-12  -64.93352  -64.39980 343.397598      21.95 1.2693e+02   2389.486      57349  1033.8397  1033.8389    34.6775    34.6765    7.72565         18 0.0000e+00
   1308.000   1291.128     1.4936  30.658723     1.4937  30.657823     4.0527     4.0941    -0.0045    95.3606 1.0000e-12  -64.93352  -64.39981 343.397626      20.93 1.2749e+02   2391.880      57406  1033.8443  1033.8434    34.6775    34.6763    7.72566         29 0.0000e+00
   1309.000   1292.111     1.4941  30.659559     1.4941  30.658623     4.0564     4.0925     0.0011    95.3606 1.0000e-12  -64.93352  -64.39982 343.397718      20.05 1.2913e+02   2399.859      57598  1033.8488  1033.8479    34.6774    34.6762    7.72556         34 0.0000e+00
   1310.000   1293.094     1.4940  30.659938     1.4940  30.658990     4.0437     4.0940    -0.0072    95.3749 1.0000e-12  -64.93352  -64.39980 343.397740      19.02 1.2962e+02   2401.714      57642  1033.8534  1033.8525    34.6775    34.6763    7.72558         38 0.0000e+00
   1311.000   1294.079     1.4939  30.660019     1.4938  30.659124     4.0545     4.0923    -0.0104    95.3849 1.0000e-12  -64.93352  -64.39980 343.397757      18.09 1.3048e+02   2403.194      57678  1033.8579  1033.8571    34.6772    34.6762    7.72563         28 0.0000e+00
   1312.000   1295.063     1.4938  30.660490     1.4936  30.659551     4.0514     4.0949    -0.0094    95.3864 1.0000e-12  -64.93352  -64.39982 343.397769      17.11 1.3045e+02   2404.269      57703  1033.8626  1033.8619    34.6774    34.6764    7.72564         26 0.0000e+00
   1313.000   1296.049     1.4939  30.661017     1.4938  30.660045     4.0395     4.0926    -0.0087    95.3658 1.0000e-12  -64.93352  -64.39981 343.397799      16.05 1.3077e+02   2406.813      57765  1033.8671  1033.8663    34.6773    34.6762    7.72561         29 0.0000e+00
   1314.000   1297.032     1.4945  30.661912     1.4943  30.660942     4.0444     4.0912    -0.0010    95.3709 1.0000e-12  -64.93352  -64.39978 343.397877      15.52 1.3220e+02   2413.554      57926  1033.8717  1033.8709    34.6774    34.6764    7.72550         15 0.0000e+00
   1315.000   1298.014     1.4943  30.662239     1.4941  30.661273     4.0424     4.0897    -0.0017    95.3734 1.0000e-12  -64.93352  -64.39978 343.397885      14.50 1.3222e+02   2414.287      57944  1033.8764  1033.8756    34.6774    34.6764    7.72553         16 0.0000e+00
   1316.000   1298.998     1.4941  30.662441     1.4939  30.661585     4.0401     4.0926    -0.0098    95.3804 1.0000e-12  -64.93352  -64.39978 343.397895      13.24 1.3222e+02   2415.104      57963  1033.8810  1033.8802    34.6774    34.6765    7.72558         23 0.0000e+00
   1317.000   1299.983     1.4951  30.663706     1.4950  30.662829     4.0548     4.0927    -0.0076    95.3733 1.0000e-12  -64.93352  -64.39978 343.398018      12.55 1.3403e+02   2425.756      58219  1033.8853  1033.8846    34.6773    34.6764    7.72537         16 0.0000e+00
   1318.000   1300.966     1.4950  30.664151     1.4948  30.663135     4.0551     4.0915    -0.0002    95.3829 1.0000e-12  -64.93352  -64.39976 343.398022      11.68 1.3398e+02   2426.078      58227  1033.8901  1033.8893    34.6775    34.6765    7.72539         14 0.0000e+00
   1319.000   1301.953     1.4949  30.664384     1.4946  30.663323     4.0523     4.0894    -0.0067    95.3846 1.0000e-12  -64.93352  -64.39976 343.398028      10.74 1.3398e+02   2426.652      58241  1033.8946  1033.8938    34.6774    34.6763    7.72542         14 0.0000e+00
   1320.000   1302.935     1.4946  30.664681     1.4945  30.663730     4.0478     4.0915    -0.0102    95.3819 1.0000e-12  -64.93352  -64.39976 343.398036       9.61 1.3398e+02   2427.279      58256  1033.8993  1033.8985    34.6775    34.6764    7.72546         17 0.0000e+00
   1321.000   1303.919     1.4946  30.665104     1.4945  30.664081     4.0408     4.0960     0.0027    95.3786 1.0000e-12  -64.93352  -64.39977 343.398057       7.62 1.3398e+02   2429.092      58299  1033.9040  1033.9031    34.6776    34.6764    7.72547         33 0.0000e+00
