NBP2113_155081_ctd/data/dnbp2113_022.cnv
* Sea-Bird SBE 9 Data File:
* FileName = D:\Data\raw\NBP2113_022.hex
* Software Version Seasave V 7.26.7.121
* Temperature SN = 2438
* Conductivity SN = 2067
* Number of Bytes Per Scan = 40
* Number of Voltage Words = 5
* Number of Scans Averaged by the Deck Unit = 1
* NMEA Latitude = 68 01.86 S
* NMEA Longitude = 069 17.08 W
* NMEA UTC (Time) = Nov 30 2021  22:24:22
* NMEA baud rate = 9600
** Ship: RVIB N.B. Palmer
** Cruise: NBP2113 LTER
** Station: 200.-040
** Operator: S. Blackman
# nquan = 25
# nvalues = 454                         
# units = specified
# name 0 = prDM: Pressure, Digiquartz [db]
# name 1 = depSM: Depth [salt water, m]
# name 2 = t090C: Temperature [ITS-90, deg C]
# name 3 = c0mS/cm: Conductivity [mS/cm]
# name 4 = t190C: Temperature, 2 [ITS-90, deg C]
# name 5 = c1mS/cm: Conductivity, 2 [mS/cm]
# name 6 = sbeox0ML/L: Oxygen, SBE 43 [ml/l]
# name 7 = sbeox1ML/L: Oxygen, SBE 43, 2 [ml/l]
# name 8 = flECO-AFL: Fluorescence, WET Labs ECO-AFL/FL [mg/m^3]
# name 9 = CStarTr0: Beam Transmission, WET Labs C-Star [%]
# name 10 = par: PAR/Irradiance, Biospherical/Licor
# name 11 = latitude: Latitude [deg]
# name 12 = longitude: Longitude [deg]
# name 13 = timeJ: Julian Days
# name 14 = altM: Altimeter [m]
# name 15 = spar: SPAR, Biospherical/Licor
# name 16 = timeS: Time, Elapsed [seconds]
# name 17 = scan: Scan Count
# name 18 = density00: Density [density, kg/m^3]
# name 19 = density11: Density, 2 [density, kg/m^3]
# name 20 = sal00: Salinity, Practical [PSU]
# name 21 = sal11: Salinity, Practical, 2 [PSU]
# name 22 = oxsolML/L: Oxygen Saturation, Garcia & Gordon [ml/l]
# name 23 = nbin: number of scans per bin
# name 24 = flag: flag
# span 0 =      5.000,    458.000       
# span 1 =      4.950,    452.918       
# span 2 =    -1.4121,     1.3786       
# span 3 =  27.015910,  30.199186       
# span 4 =    -1.4114,     1.3780       
# span 5 =  27.015340,  30.197377       
# span 6 =     4.0053,     8.4448       
# span 7 =     4.0647,     8.5086       
# span 8 =    -0.0225,     2.4341       
# span 9 =    87.9199,    97.1943       
# span 10 = 1.0000e-12, 3.7768e+01      
# span 11 =  -68.03088,  -68.03053      
# span 12 =  -69.28594,  -69.28528      
# span 13 = 334.936542, 334.945467      
# span 14 =       1.60,     105.65      
# span 15 = 7.5795e+01, 1.1283e+02      
# span 16 =    255.199,   1026.319      
# span 17 =       6126,      24633      
# span 18 =  1027.1861,  1029.9252      
# span 19 =  1027.1844,  1029.9239      
# span 20 =    33.7833,    34.6909      
# span 21 =    33.7812,    34.6892      
# span 22 =    7.74754,    8.38345      
# span 23 =         11,         51      
# span 24 = 0.0000e+00, 0.0000e+00      
# interval = decibars: 1                
# start_time = Nov 30 2021 22:24:22 [NMEA time, header]
# bad_flag = -9.990e-29
*END*
      5.000      4.950    -0.8577  27.409691    -0.8583  27.407608     8.4241     8.4950     2.0744    87.9470 3.7768e+01  -68.03078  -69.28548 334.936542       1.86 1.1106e+02    255.199       6126  1027.1861  1027.1844    33.7834    33.7812    8.26343         34 0.0000e+00
      6.000      5.940    -0.8608  27.407664    -0.8601  27.406588     8.4342     8.5019     2.1855    87.9588 3.2724e+01  -68.03076  -69.28550 334.936624       2.14 1.1106e+02    262.321       6297  1027.1911  1027.1893    33.7836    33.7813    8.26411         39 0.0000e+00
      7.000      6.929    -0.8608  27.407944    -0.8600  27.407112     8.4263     8.5086     2.2191    87.9199 2.7892e+01  -68.03076  -69.28550 334.936652       1.60 1.1106e+02    264.707       6354  1027.1957  1027.1940    33.7833    33.7812    8.26412         40 0.0000e+00
      8.000      7.920    -0.8580  27.411216    -0.8580  27.409652     8.4187     8.5009     2.1900    88.0003 2.4430e+01  -68.03077  -69.28552 334.936697      51.74 1.1106e+02    268.618       6448  1027.2008  1027.1992    33.7840    33.7818    8.26347         34 0.0000e+00
      9.000      8.909    -0.8538  27.415710    -0.8531  27.414687     8.4118     8.4978     2.2914    88.0947 2.1180e+01  -68.03076  -69.28552 334.936722     105.65 1.1069e+02    270.795       6500  1027.2060  1027.2043    33.7847    33.7826    8.26250         32 0.0000e+00
     10.000      9.900    -0.8549  27.415623    -0.8541  27.414697     8.4118     8.4869     2.1997    88.0596 1.8148e+01  -68.03076  -69.28554 334.936770      99.97 1.0930e+02    274.933       6599  1027.2114  1027.2096    33.7853    33.7831    8.26272         37 0.0000e+00
     11.000     10.888    -0.8562  27.415149    -0.8550  27.414609     8.4106     8.4880     2.0796    88.0948 1.6014e+01  -68.03076  -69.28554 334.936797      99.96 1.0930e+02    277.271       6656  1027.2164  1027.2147    33.7855    33.7834    8.26299         32 0.0000e+00
     12.000     11.880    -0.8580  27.413976    -0.8580  27.412532     8.4192     8.4925     2.0829    88.1523 1.4398e+01  -68.03076  -69.28554 334.936837      99.97 1.0930e+02    280.754       6739  1027.2212  1027.2196    33.7853    33.7833    8.26340         43 0.0000e+00
     13.000     12.870    -0.8580  27.414418    -0.8572  27.413416     8.4100     8.4963     2.1567    88.1556 1.2130e+01  -68.03076  -69.28554 334.936857      99.97 1.0930e+02    282.480       6781  1027.2260  1027.2241    33.7853    33.7830    8.26341         47 0.0000e+00
     14.000     13.860    -0.8575  27.414874    -0.8569  27.413916     8.4289     8.4988     2.1732    88.0985 1.1122e+01  -68.03074  -69.28557 334.936915      99.97 1.0930e+02    287.495       6901  1027.2303  1027.2287    33.7847    33.7827    8.26332         29 0.0000e+00
     15.000     14.849    -0.8574  27.415222    -0.8568  27.414171     8.4345     8.5010     2.1137    88.0386 9.2182e+00  -68.03074  -69.28556 334.936945      99.97 1.0930e+02    290.078       6963  1027.2348  1027.2331    33.7844    33.7823    8.26331         32 0.0000e+00
     16.000     15.840    -0.8574  27.415591    -0.8570  27.414564     8.4448     8.4989     2.0367    88.0317 8.4452e+00  -68.03074  -69.28558 334.936958      99.97 1.0930e+02    291.135       6988  1027.2395  1027.2380    33.7843    33.7824    8.26332         24 0.0000e+00
     17.000     16.829    -0.8571  27.416389    -0.8564  27.415436     8.4365     8.4909     2.1116    88.0543 7.9337e+00  -68.03073  -69.28559 334.936988      99.97 1.0930e+02    293.762       7051  1027.2444  1027.2427    33.7844    33.7823    8.26324         37 0.0000e+00
     18.000     17.819    -0.8556  27.418220    -0.8553  27.416972     8.4058     8.4999     2.2054    88.0905 6.8200e+00  -68.03072  -69.28560 334.937041      99.97 1.0930e+02    298.383       7162  1027.2493  1027.2476    33.7846    33.7826    8.26291         33 0.0000e+00
     19.000     18.808    -0.8525  27.421482    -0.8526  27.419682     8.4097     8.4867     2.3090    88.0760 6.2858e+00  -68.03072  -69.28561 334.937072      99.97 1.0930e+02    300.995       7225  1027.2541  1027.2524    33.7849    33.7826    8.26220         24 0.0000e+00
     20.000     19.798    -0.8540  27.420387    -0.8534  27.419449     8.4193     8.4888     2.2343    88.0551 5.6970e+00  -68.03072  -69.28564 334.937113      99.97 1.0930e+02    304.596       7311  1027.2588  1027.2571    33.7846    33.7826    8.26257         42 0.0000e+00
     21.000     20.789    -0.8553  27.419732    -0.8546  27.419078     8.4260     8.4992     2.3572    88.1368 4.8808e+00  -68.03072  -69.28564 334.937142      99.97 1.0930e+02    307.089       7371  1027.2636  1027.2622    33.7845    33.7828    8.26285         42 0.0000e+00
     22.000     21.777    -0.8556  27.419685    -0.8548  27.419024     8.4233     8.4977     2.1785    88.1420 4.3590e+00  -68.03072  -69.28565 334.937187      99.97 1.0930e+02    310.926       7463  1027.2682  1027.2666    33.7841    33.7823    8.26294         32 0.0000e+00
     23.000     22.769    -0.8553  27.420629    -0.8546  27.419725     8.4426     8.4973     2.2201    88.1144 3.7354e+00  -68.03072  -69.28566 334.937224      99.97 1.0930e+02    314.117       7540  1027.2732  1027.2715    33.7845    33.7824    8.26285         25 0.0000e+00
     24.000     23.759    -0.8549  27.421481    -0.8539  27.420966     8.4085     8.4979     2.3417    88.1189 3.3606e+00  -68.03070  -69.28566 334.937235      99.97 1.0930e+02    315.129       7564  1027.2780  1027.2764    33.7845    33.7827    8.26276         26 0.0000e+00
     25.000     24.748    -0.8539  27.422733    -0.8530  27.422175     8.4222     8.4962     2.2371    88.1007 3.0349e+00  -68.03070  -69.28568 334.937297      99.97 1.0930e+02    320.470       7692  1027.2828  1027.2812    33.7845    33.7827    8.26254         35 0.0000e+00
     26.000     25.739    -0.8545  27.422680    -0.8533  27.422311     8.4309     8.4931     2.2567    88.0599 2.5624e+00  -68.03070  -69.28568 334.937325      99.97 1.0930e+02    322.841       7749  1027.2875  1027.2860    33.7844    33.7826    8.26267         25 0.0000e+00
     27.000     26.728    -0.8533  27.424164    -0.8526  27.423205     8.4303     8.4926     2.2468    88.0777 2.2761e+00  -68.03070  -69.28568 334.937337      99.97 1.0930e+02    323.919       7775  1027.2923  1027.2906    33.7845    33.7825    8.26240         28 0.0000e+00
     28.000     27.715    -0.8550  27.422940    -0.8547  27.421672     8.4180     8.4916     2.3215    88.0664 2.1562e+00  -68.03069  -69.28571 334.937388      99.97 1.0930e+02    328.288       7880  1027.2969  1027.2952    33.7842    33.7821    8.26280         33 0.0000e+00
     29.000     28.710    -0.8557  27.422872    -0.8557  27.421626     8.3972     8.4774     2.2866    88.0684 1.8696e+00  -68.03068  -69.28572 334.937437      99.97 1.0930e+02    332.524       7982  1027.3018  1027.3004    33.7842    33.7825    8.26296         36 0.0000e+00
     30.000     29.696    -0.8607  27.420328    -0.8604  27.419207     8.4073     8.4658     2.4341    88.0149 1.7082e+00  -68.03068  -69.28572 334.937459      99.97 1.0930e+02    334.484       8029  1027.3082  1027.3066    33.7858    33.7839    8.26396         33 0.0000e+00
     31.000     30.688    -0.8716  27.413198    -0.8673  27.414943     8.3374     8.4433     2.1857    88.3560 1.6106e+00  -68.03068  -69.28572 334.937487      99.97 1.0996e+02    336.906       8087  1027.3152  1027.3129    33.7877    33.7852    8.26624         34 0.0000e+00
     32.000     31.677    -1.0534  27.268231    -1.0262  27.288655     8.0541     8.2571     2.1633    89.1905 1.4478e+00  -68.03068  -69.28573 334.937535      99.97 1.1109e+02    341.060       8186  1027.3369  1027.3329    33.7941    33.7914    8.30600         34 0.0000e+00
     33.000     32.665    -1.1435  27.198859    -1.1420  27.200079     8.0959     8.2388     1.7854    90.2647 1.3120e+00  -68.03068  -69.28575 334.937562      99.97 1.1106e+02    343.320       8241  1027.3506  1027.3507    33.8002    33.8003    8.32560         32 0.0000e+00
     34.000     33.657    -1.1132  27.223170    -1.1061  27.227168     8.1730     8.2559     1.4826    90.9648 1.2275e+00  -68.03067  -69.28576 334.937612      99.97 1.1106e+02    347.643       8344  1027.3497  1027.3473    33.7987    33.7962    8.31897         37 0.0000e+00
     35.000     34.647    -1.1147  27.222226    -1.1150  27.220625     8.1907     8.2606     1.4504    90.7521 1.1396e+00  -68.03066  -69.28576 334.937634      99.97 1.1106e+02    349.603       8391  1027.3537  1027.3524    33.7985    33.7966    8.31931         32 0.0000e+00
     36.000     35.636    -1.1040  27.231308    -1.1009  27.232641     8.1684     8.2622     1.4514    90.8148 1.0492e+00  -68.03066  -69.28576 334.937654      99.97 1.1106e+02    351.297       8432  1027.3573  1027.3558    33.7982    33.7965    8.31695         35 0.0000e+00
     37.000     36.626    -1.1086  27.227929    -1.1003  27.233399     8.0666     8.1723     1.3379    90.7604 8.9688e-01  -68.03066  -69.28578 334.937714      99.97 1.1106e+02    356.465       8556  1027.3618  1027.3597    33.7982    33.7963    8.31798         25 0.0000e+00
     38.000     37.616    -1.1982  27.155771    -1.1973  27.155151     8.0727     8.1983     1.3695    90.6510 8.1419e-01  -68.03066  -69.28578 334.937723      99.97 1.1121e+02    357.247       8575  1027.3735  1027.3720    33.7998    33.7981    8.33782         23 0.0000e+00
     39.000     38.606    -1.2605  27.111799    -1.2542  27.115097     8.0493     8.1589     1.3928    90.8212 7.5419e-01  -68.03066  -69.28577 334.937757      99.97 1.1202e+02    360.189       8646  1027.3889  1027.3865    33.8093    33.8067    8.35116         33 0.0000e+00
     40.000     39.598    -1.2782  27.102723    -1.2770  27.102240     7.9656     8.0962     1.1263    91.1098 6.7373e-01  -68.03066  -69.28576 334.937795      99.97 1.1107e+02    363.516       8725  1027.3996  1027.3980    33.8163    33.8143    8.35472         19 0.0000e+00
     41.000     40.586    -1.2830  27.100312    -1.2832  27.098800     8.0211     8.1226     1.1764    91.5587 6.0010e-01  -68.03066  -69.28576 334.937806      99.97 1.1137e+02    364.440       8748  1027.4054  1027.4040    33.8178    33.8159    8.35571         27 0.0000e+00
     42.000     41.574    -1.2815  27.103302    -1.2805  27.102945     7.9670     8.0774     1.1470    91.5537 5.2552e-01  -68.03066  -69.28578 334.937869      99.97 1.1149e+02    369.921       8879  1027.4106  1027.4094    33.8195    33.8179    8.35526         21 0.0000e+00
     43.000     42.566    -1.2734  27.113337    -1.2731  27.112462     7.9525     8.0646     1.1052    91.7303 4.6246e-01  -68.03066  -69.28577 334.937891      99.97 1.1106e+02    371.735       8923  1027.4178  1027.4168    33.8236    33.8220    8.35321         16 0.0000e+00
     44.000     43.554    -1.2607  27.128381    -1.2600  27.127817     7.9903     8.0825     1.0847    91.8748 4.2374e-01  -68.03066  -69.28576 334.937899      99.97 1.1106e+02    372.444       8940  1027.4263  1027.4252    33.8292    33.8277    8.35004         19 0.0000e+00
     45.000     44.545    -1.2587  27.129936    -1.2565  27.130276     7.9391     8.0645     1.1454    91.8302 3.9514e-01  -68.03066  -69.28576 334.937947      99.97 1.1189e+02    376.598       9039  1027.4300  1027.4284    33.8285    33.8265    8.34963         29 0.0000e+00
     46.000     45.535    -1.2649  27.127086    -1.2641  27.126241     7.8668     8.0295     1.1107    92.0701 3.5959e-01  -68.03066  -69.28576 334.937994      99.97 1.1278e+02    380.713       9138  1027.4370  1027.4353    33.8309    33.8289    8.35087         26 0.0000e+00
     47.000     46.524    -1.2824  27.115084    -1.2803  27.115512     7.8990     8.0222     1.1028    92.1836 3.4567e-01  -68.03066  -69.28576 334.938011      99.97 1.1282e+02    382.194       9174  1027.4449  1027.4435    33.8337    33.8319    8.35463         26 0.0000e+00
     48.000     47.514    -1.2852  27.113069    -1.2829  27.113183     7.8736     7.9835     1.0647    92.7691 3.0687e-01  -68.03066  -69.28574 334.938067      99.97 1.1282e+02    387.001       9289  1027.4492  1027.4472    33.8334    33.8309    8.35526         34 0.0000e+00
     49.000     48.504    -1.3058  27.097528    -1.3061  27.096303     7.8412     7.9553     1.1155    92.8071 2.6943e-01  -68.03066  -69.28573 334.938093      99.97 1.1282e+02    389.259       9343  1027.4562  1027.4551    33.8348    33.8334    8.35980         43 0.0000e+00
     50.000     49.493    -1.3299  27.079160    -1.3280  27.079253     7.7964     7.9164     1.0499    93.0445 2.6003e-01  -68.03066  -69.28574 334.938138      99.97 1.1282e+02    393.123       9436  1027.4630  1027.4613    33.8361    33.8341    8.36512         26 0.0000e+00
     51.000     50.483    -1.3502  27.062800    -1.3506  27.061366     7.6733     7.8131     0.9355    93.3496 2.3099e-01  -68.03066  -69.28573 334.938188      99.97 1.1282e+02    397.435       9539  1027.4684  1027.4671    33.8360    33.8344    8.36968         40 0.0000e+00
     52.000     51.473    -1.3915  27.029741    -1.3887  27.030910     7.6314     7.7765     0.8024    93.4425 2.1214e-01  -68.03066  -69.28572 334.938203      99.97 1.1282e+02    398.725       9570  1027.4760  1027.4745    33.8367    33.8351    8.37892         23 0.0000e+00
     53.000     52.463    -1.4030  27.021294    -1.4032  27.020057     7.6644     7.7921     0.7359    93.4756 1.9357e-01  -68.03066  -69.28572 334.938213      99.97 1.1282e+02    399.621       9592  1027.4819  1027.4807    33.8375    33.8359    8.38147         24 0.0000e+00
     54.000     53.453    -1.3979  27.026013    -1.3990  27.024123     7.6989     7.7906     0.7106    93.5319 1.7217e-01  -68.03067  -69.28571 334.938253      99.97 1.1282e+02    403.082       9675  1027.4860  1027.4849    33.8376    33.8362    8.38031         26 0.0000e+00
     55.000     54.442    -1.4048  27.021336    -1.4078  27.017616     7.6475     7.7671     0.6355    93.6724 1.5412e-01  -68.03068  -69.28570 334.938290      99.97 1.1282e+02    406.268       9751  1027.4915  1027.4903    33.8383    33.8366    8.38182         19 0.0000e+00
     56.000     55.432    -1.4121  27.015910    -1.4114  27.015340     7.6598     7.7811     0.7327    93.7229 1.3851e-01  -68.03068  -69.28572 334.938312      99.97 1.1282e+02    408.187       9797  1027.4967  1027.4954    33.8385    33.8369    8.38345         25 0.0000e+00
     57.000     56.422    -1.4093  27.019091    -1.4075  27.019330     7.6691     7.7578     0.6319    93.7903 1.2160e-01  -68.03068  -69.28571 334.938366      99.97 1.1282e+02    412.828       9909  1027.5016  1027.5001    33.8390    33.8373    8.38279         18 0.0000e+00
     58.000     57.411    -1.3920  27.037235    -1.3934  27.034981     7.6616     7.7726     0.6574    93.8067 1.0400e-01  -68.03068  -69.28570 334.938377      99.97 1.1282e+02    413.757       9931  1027.5091  1027.5079    33.8438    33.8422    8.37861         25 0.0000e+00
     59.000     58.402    -1.3814  27.047551    -1.3806  27.046603     7.6909     7.7759     0.7081    93.8938 1.0765e-01  -68.03068  -69.28570 334.938434      99.97 1.1219e+02    418.671      10049  1027.5144  1027.5126    33.8454    33.8431    8.37614         41 0.0000e+00
     60.000     59.389    -1.3662  27.062915    -1.3695  27.057864     7.7427     7.7884     0.6827    94.0247 8.8151e-02  -68.03068  -69.28570 334.938486      99.97 1.1110e+02    423.232      10159  1027.5210  1027.5186    33.8487    33.8455    8.37253         36 0.0000e+00
     61.000     60.381    -1.3561  27.073120    -1.3555  27.072454     7.7798     7.8104     0.6648    94.0770 7.7271e-02  -68.03068  -69.28568 334.938512      99.97 1.1106e+02    425.402      10211  1027.5269  1027.5256    33.8507    33.8491    8.37014         28 0.0000e+00
