NBP2113_155081_ctd/data/dnbp2113_046.cnv
* Sea-Bird SBE 9 Data File:
* FileName = D:\Data\raw\NBP2113_046.hex
* Software Version Seasave V 7.26.7.121
* Temperature SN = 2438
* Conductivity SN = 2067
* Number of Bytes Per Scan = 40
* Number of Voltage Words = 5
* Number of Scans Averaged by the Deck Unit = 1
* NMEA Latitude = 64 52.22 S
* NMEA Longitude = 063 49.73 W
* NMEA UTC (Time) = Dec 11 2021  05:17:37
* NMEA baud rate = 9600
** Ship: RVIB N.B. Palmer
** Cruise: NBP2113 LTER
** Station: 623.024
** Operator: B. Urmston
# nquan = 25
# nvalues = 571                         
# units = specified
# name 0 = prDM: Pressure, Digiquartz [db]
# name 1 = depSM: Depth [salt water, m]
# name 2 = t090C: Temperature [ITS-90, deg C]
# name 3 = c0mS/cm: Conductivity [mS/cm]
# name 4 = t190C: Temperature, 2 [ITS-90, deg C]
# name 5 = c1mS/cm: Conductivity, 2 [mS/cm]
# name 6 = sbeox0ML/L: Oxygen, SBE 43 [ml/l]
# name 7 = sbeox1ML/L: Oxygen, SBE 43, 2 [ml/l]
# name 8 = flECO-AFL: Fluorescence, WET Labs ECO-AFL/FL [mg/m^3]
# name 9 = CStarTr0: Beam Transmission, WET Labs C-Star [%]
# name 10 = par: PAR/Irradiance, Biospherical/Licor
# name 11 = latitude: Latitude [deg]
# name 12 = longitude: Longitude [deg]
# name 13 = timeJ: Julian Days
# name 14 = altM: Altimeter [m]
# name 15 = spar: SPAR, Biospherical/Licor
# name 16 = timeS: Time, Elapsed [seconds]
# name 17 = scan: Scan Count
# name 18 = density00: Density [density, kg/m^3]
# name 19 = density11: Density, 2 [density, kg/m^3]
# name 20 = sal00: Salinity, Practical [PSU]
# name 21 = sal11: Salinity, Practical, 2 [PSU]
# name 22 = oxsolML/L: Oxygen Saturation, Garcia & Gordon [ml/l]
# name 23 = nbin: number of scans per bin
# name 24 = flag: flag
# span 0 =      4.000,    574.000       
# span 1 =      3.946,    567.591       
# span 2 =    -0.2109,     1.2923       
# span 3 =  27.947628,  30.131306       
# span 4 =    -0.2107,     1.2921       
# span 5 =  27.945905,  30.129918       
# span 6 =     4.2966,     8.1644       
# span 7 =     4.3574,     8.1729       
# span 8 =    -0.0199,     1.9017       
# span 9 =    84.9137,    91.2789       
# span 10 = -2.077e-05, 1.1590e+00      
# span 11 =  -64.87076,  -64.87040      
# span 12 =  -63.82952,  -63.82888      
# span 13 = 345.224746, 345.235905      
# span 14 =       7.81,      99.97      
# span 15 = 0.0000e+00, 0.0000e+00      
# span 16 =    360.995,   1325.161      
# span 17 =       8665,      31805      
# span 18 =  1027.1723,  1030.4296      
# span 19 =  1027.1711,  1030.4284      
# span 20 =    33.7783,    34.6348      
# span 21 =    33.7759,    34.6334      
# span 22 =    7.76760,    8.12376      
# span 23 =          5,         49      
# span 24 = 0.0000e+00, 0.0000e+00      
# interval = decibars: 1                
# start_time = Dec 11 2021 05:17:37 [NMEA time, header]
# bad_flag = -9.990e-29
*END*
[from data line 290]
    294.000    290.913     1.0821  29.787363     1.0818  29.786127     4.5674     4.6310     0.0021    91.2030 1.0000e-12  -64.87068  -63.82934 345.231144      99.97 0.0000e+00    913.878      21934  1029.0949  1029.0939    34.5866    34.5854    7.81196         34 0.0000e+00
    295.000    291.902     1.0798  29.785407     1.0807  29.785279     4.5802     4.6357    -0.0002    91.2001 1.0000e-12  -64.87068  -63.82934 345.231160      99.97 0.0000e+00    915.180      21965  1029.0995  1029.0984    34.5860    34.5849    7.81244         28 0.0000e+00
    296.000    292.892     1.0755  29.781602     1.0763  29.781456     4.5749     4.6377     0.0031    91.2025 1.0000e-12  -64.87068  -63.82932 345.231172      99.97 0.0000e+00    916.275      21992  1029.1041  1029.1032    34.5853    34.5842    7.81334         27 0.0000e+00
    297.000    293.880     1.0754  29.781319     1.0754  29.780611     4.5709     4.6320    -0.0050    91.2159 1.0000e-12  -64.87068  -63.82932 345.231187      99.97 0.0000e+00    917.516      22021  1029.1082  1029.1075    34.5845    34.5836    7.81341         31 0.0000e+00
    298.000    294.868     1.0783  29.784372     1.0777  29.782868     4.5590     4.6274     0.0039    91.2225 1.0000e-12  -64.87068  -63.82932 345.231203      99.97 0.0000e+00    918.945      22056  1029.1128  1029.1119    34.5846    34.5834    7.81282         34 0.0000e+00
    299.000    295.859     1.0852  29.792574     1.0838  29.789896     4.5562     4.6258    -0.0078    91.2006 1.0000e-12  -64.87068  -63.82932 345.231219      99.97 0.0000e+00    920.303      22088  1029.1187  1029.1174    34.5869    34.5851    7.81131         31 0.0000e+00
    300.000    296.845     1.0893  29.797888     1.0847  29.792142     4.5744     4.6318    -0.0077    91.2162 1.0000e-12  -64.87068  -63.82932 345.231234      99.97 0.0000e+00    921.578      22119  1029.1244  1029.1231    34.5886    34.5863    7.81040         32 0.0000e+00
    301.000    297.835     1.0774  29.785808     1.0777  29.784540     4.5708     4.6245    -0.0036    91.2108 1.0000e-12  -64.87068  -63.82932 345.231251      99.97 0.0000e+00    923.103      22155  1029.1281  1029.1265    34.5858    34.5837    7.81295         42 0.0000e+00
    302.000    298.823     1.0777  29.785968     1.0773  29.784522     4.5745     4.6259    -0.0081    91.2178 1.0000e-12  -64.87068  -63.82932 345.231272      99.97 0.0000e+00    924.936      22199  1029.1322  1029.1311    34.5850    34.5835    7.81292         37 0.0000e+00
    303.000    299.812     1.0814  29.790300     1.0793  29.787168     4.5615     4.6254    -0.0053    91.2101 1.0000e-12  -64.87068  -63.82930 345.231289      99.97 0.0000e+00    926.354      22233  1029.1373  1029.1362    34.5859    34.5842    7.81213         28 0.0000e+00
    304.000    300.801     1.0803  29.789884     1.0791  29.787418     4.5618     4.6194    -0.0077    91.2346 1.0000e-12  -64.87066  -63.82930 345.231300      99.97 0.0000e+00    927.327      22257  1029.1422  1029.1409    34.5860    34.5842    7.81235         20 0.0000e+00
    305.000    301.791     1.0841  29.794022     1.0850  29.793629     4.5584     4.6199    -0.0055    91.2008 1.0000e-12  -64.87066  -63.82930 345.231310      99.96 0.0000e+00    928.146      22277  1029.1470  1029.1456    34.5865    34.5850    7.81156         20 0.0000e+00
    306.000    302.779     1.0880  29.799060     1.0877  29.797820     4.5468     4.6187    -0.0005    91.2146 1.0000e-12  -64.87066  -63.82930 345.231320      99.97 0.0000e+00    929.024      22298  1029.1526  1029.1516    34.5881    34.5869    7.81070         23 0.0000e+00
    307.000    303.768     1.0900  29.801056     1.0882  29.798172     4.5476     4.6175    -0.0004    91.2127 1.0000e-12  -64.87066  -63.82930 345.231334      99.97 0.0000e+00    930.279      22328  1029.1569  1029.1557    34.5879    34.5861    7.81031         34 0.0000e+00
    308.000    304.755     1.0937  29.805211     1.0909  29.801761     4.5527     4.6111    -0.0004    91.1998 1.0000e-12  -64.87066  -63.82931 345.231357      99.97 0.0000e+00    932.234      22375  1029.1619  1029.1610    34.5885    34.5871    7.80953         39 0.0000e+00
    309.000    305.744     1.0923  29.804675     1.0938  29.804883     4.5474     4.6148    -0.0076    91.2372 1.0000e-12  -64.87066  -63.82930 345.231376      99.97 0.0000e+00    933.899      22415  1029.1670  1029.1657    34.5888    34.5874    7.80980         33 0.0000e+00
    310.000    306.734     1.0926  29.806119     1.0951  29.807501     4.5547     4.6154     0.0037    91.2171 1.0000e-12  -64.87066  -63.82930 345.231392      99.97 0.0000e+00    935.255      22447  1029.1724  1029.1714    34.5897    34.5887    7.80969         33 0.0000e+00
    311.000    307.723     1.0886  29.801616     1.0878  29.799793     4.5522     4.6115    -0.0076    91.2192 1.0000e-12  -64.87066  -63.82928 345.231409      99.97 0.0000e+00    936.714      22482  1029.1760  1029.1749    34.5878    34.5863    7.81059         36 0.0000e+00
    312.000    308.711     1.0912  29.804716     1.0900  29.802557     4.5505     4.6073    -0.0005    91.2157 1.0000e-12  -64.87066  -63.82928 345.231425      99.97 0.0000e+00    938.155      22517  1029.1809  1029.1798    34.5883    34.5868    7.81004         31 0.0000e+00
    313.000    309.700     1.0909  29.805341     1.0902  29.803470     4.5504     4.6094    -0.0004    91.2172 1.0000e-12  -64.87066  -63.82928 345.231438      99.97 0.0000e+00    939.272      22544  1029.1861  1029.1849    34.5889    34.5873    7.81008         23 0.0000e+00
    314.000    310.688     1.0911  29.805703     1.0906  29.804029     4.5485     4.6144    -0.0077    91.2392 1.0000e-12  -64.87066  -63.82928 345.231448      99.96 0.0000e+00    940.101      22563  1029.1905  1029.1893    34.5885    34.5870    7.81005         18 0.0000e+00
    315.000    311.678     1.0915  29.806583     1.0913  29.805302     4.5483     4.6127    -0.0077    91.2147 1.0000e-12  -64.87066  -63.82928 345.231457      99.97 0.0000e+00    940.881      22582  1029.1953  1029.1942    34.5887    34.5873    7.80997         19 0.0000e+00
    316.000    312.667     1.0914  29.807188     1.0910  29.805527     4.5512     4.6119    -0.0138    91.2149 1.0000e-12  -64.87066  -63.82928 345.231467      99.97 0.0000e+00    941.721      22602  1029.2002  1029.1990    34.5889    34.5873    7.80997         23 0.0000e+00
    317.000    313.654     1.0925  29.808466     1.0920  29.806753     4.5527     4.6096    -0.0135    91.2149 1.0000e-12  -64.87066  -63.82929 345.231482      99.97 0.0000e+00    943.033      22634  1029.2047  1029.2035    34.5888    34.5872    7.80976         30 0.0000e+00
    318.000    314.644     1.0925  29.808879     1.0922  29.807478     4.5306     4.5932    -0.0083    91.2149 1.0000e-12  -64.87066  -63.82928 345.231517      99.97 0.0000e+00    946.087      22707  1029.2094  1029.2083    34.5887    34.5873    7.80976         34 0.0000e+00
    319.000    315.632     1.1068  29.823030     1.1058  29.821321     4.5068     4.5744    -0.0150    91.2149 1.0000e-12  -64.87066  -63.82927 345.231535      99.97 0.0000e+00    947.583      22743  1029.2141  1029.2134    34.5905    34.5894    7.80681         26 0.0000e+00
    320.000    316.622     1.1194  29.838611     1.1199  29.837686     4.5061     4.5709    -0.0077    91.2149 1.0000e-12  -64.87066  -63.82926 345.231545      99.97 0.0000e+00    948.439      22764  1029.2220  1029.2205    34.5960    34.5943    7.80401         18 0.0000e+00
    321.000    317.607     1.1173  29.836474     1.1173  29.835651     4.5124     4.5736    -0.0077    91.2149 1.0000e-12  -64.87066  -63.82926 345.231553      99.97 0.0000e+00    949.180      22781  1029.2261  1029.2253    34.5949    34.5940    7.80447         18 0.0000e+00
    322.000    318.599     1.1191  29.839418     1.1196  29.838600     4.5017     4.5731    -0.0092    91.1962 1.0000e-12  -64.87066  -63.82926 345.231562      99.97 0.0000e+00    949.933      22799  1029.2317  1029.2304    34.5962    34.5946    7.80405         19 0.0000e+00
    323.000    319.587     1.1212  29.841717     1.1208  29.840049     4.5025     4.5694    -0.0149    91.2008 1.0000e-12  -64.87066  -63.82926 345.231572      99.97 0.0000e+00    950.799      22820  1029.2363  1029.2349    34.5962    34.5945    7.80363         22 0.0000e+00
    324.000    320.575     1.1211  29.842241     1.1212  29.841208     4.5105     4.5753    -0.0015    91.1957 1.0000e-12  -64.87066  -63.82926 345.231584      99.97 0.0000e+00    951.848      22845  1029.2412  1029.2400    34.5964    34.5949    7.80364         28 0.0000e+00
    325.000    321.565     1.1211  29.842283     1.1208  29.841067     4.5101     4.5777    -0.0129    91.1893 1.0000e-12  -64.87065  -63.82926 345.231598      99.97 0.0000e+00    953.092      22875  1029.2456  1029.2446    34.5959    34.5947    7.80367         33 0.0000e+00
    326.000    322.553     1.1208  29.842223     1.1207  29.841356     4.5186     4.5780    -0.0095    91.1899 1.0000e-12  -64.87064  -63.82926 345.231618      99.97 0.0000e+00    954.809      22916  1029.2501  1029.2493    34.5955    34.5945    7.80374         35 0.0000e+00
    327.000    323.541     1.1202  29.842269     1.1200  29.840865     4.5199     4.5726    -0.0047    91.1879 1.0000e-12  -64.87064  -63.82926 345.231644      99.97 0.0000e+00    957.084      22971  1029.2551  1029.2539    34.5957    34.5942    7.80387         44 0.0000e+00
    328.000    324.531     1.1200  29.842321     1.1192  29.840711     4.5250     4.5736    -0.0059    91.1399 1.0000e-12  -64.87064  -63.82924 345.231663      99.97 0.0000e+00    958.692      23010  1029.2596  1029.2587    34.5954    34.5942    7.80392         31 0.0000e+00
    329.000    325.518     1.1210  29.843923     1.1205  29.842521     4.5220     4.5770    -0.0007    91.1350 1.0000e-12  -64.87064  -63.82924 345.231675      99.97 0.0000e+00    959.700      23034  1029.2645  1029.2635    34.5958    34.5945    7.80369         20 0.0000e+00
    330.000    326.508     1.1185  29.842162     1.1189  29.841585     4.5182     4.5775    -0.0078    91.1897 1.0000e-12  -64.87064  -63.82924 345.231684      99.97 0.0000e+00    960.487      23053  1029.2694  1029.2684    34.5957    34.5945    7.80420         18 0.0000e+00
    331.000    327.495     1.1193  29.843064     1.1182  29.840839     4.5158     4.5766    -0.0123    91.1905 1.0000e-12  -64.87064  -63.82924 345.231693      99.97 0.0000e+00    961.240      23071  1029.2738  1029.2726    34.5954    34.5937    7.80406         19 0.0000e+00
    332.000    328.485     1.1216  29.846303     1.1209  29.843965     4.5136     4.5696    -0.0126    91.1834 1.0000e-12  -64.87064  -63.82924 345.231702      99.97 0.0000e+00    962.050      23090  1029.2791  1029.2774    34.5964    34.5942    7.80354         21 0.0000e+00
    333.000    329.473     1.1232  29.847676     1.1229  29.846337     4.5117     4.5685    -0.0080    91.1646 1.0000e-12  -64.87064  -63.82924 345.231715      99.97 0.0000e+00    963.159      23117  1029.2832  1029.2821    34.5959    34.5944    7.80326         34 0.0000e+00
    334.000    330.463     1.1250  29.850287     1.1247  29.848956     4.5089     4.5706    -0.0114    91.1817 1.0000e-12  -64.87064  -63.82924 345.231734      99.97 0.0000e+00    964.837      23157  1029.2883  1029.2873    34.5966    34.5952    7.80285         39 0.0000e+00
    335.000    331.451     1.1251  29.850749     1.1248  29.849561     4.5106     4.5664    -0.0036    91.1851 1.0000e-12  -64.87064  -63.82924 345.231754      99.97 0.0000e+00    966.543      23198  1029.2931  1029.2920    34.5966    34.5953    7.80285         38 0.0000e+00
    336.000    332.439     1.1249  29.851076     1.1245  29.849622     4.5177     4.5708    -0.0077    91.1520 1.0000e-12  -64.87064  -63.82924 345.231771      99.97 0.0000e+00    968.025      23234  1029.2978  1029.2968    34.5966    34.5952    7.80288         34 0.0000e+00
    337.000    333.428     1.1251  29.851560     1.1244  29.849871     4.5096     4.5716    -0.0077    91.1338 1.0000e-12  -64.87062  -63.82923 345.231789      99.97 0.0000e+00    969.542      23270  1029.3024  1029.3013    34.5964    34.5950    7.80285         36 0.0000e+00
    338.000    334.416     1.1258  29.852675     1.1253  29.851203     4.5023     4.5728    -0.0118    91.1421 1.0000e-12  -64.87062  -63.82922 345.231807      99.97 0.0000e+00    971.089      23307  1029.3071  1029.3061    34.5965    34.5951    7.80270         36 0.0000e+00
    339.000    335.405     1.1270  29.854767     1.1265  29.853108     4.5105     4.5716    -0.0095    91.2130 1.0000e-12  -64.87062  -63.82922 345.231822      99.97 0.0000e+00    972.413      23339  1029.3123  1029.3111    34.5973    34.5957    7.80242         29 0.0000e+00
    340.000    336.393     1.1255  29.853721     1.1258  29.852829     4.5119     4.5710    -0.0199    91.1773 1.0000e-12  -64.87062  -63.82921 345.231835      99.97 0.0000e+00    973.562      23366  1029.3170  1029.3157    34.5970    34.5956    7.80273         26 0.0000e+00
    341.000    337.382     1.1264  29.854873     1.1255  29.852992     4.5148     4.5659    -0.0161    91.1574 1.0000e-12  -64.87062  -63.82921 345.231848      99.97 0.0000e+00    974.698      23394  1029.3215  1029.3204    34.5969    34.5955    7.80256         29 0.0000e+00
    342.000    338.371     1.1276  29.856667     1.1276  29.855497     4.5114     4.5677    -0.0067    91.1519 1.0000e-12  -64.87062  -63.82921 345.231863      99.97 0.0000e+00    975.939      23424  1029.3264  1029.3252    34.5973    34.5958    7.80230         31 0.0000e+00
    343.000    339.359     1.1301  29.859307     1.1296  29.857932     4.5093     4.5693     0.0052    91.1672 1.0000e-12  -64.87062  -63.82921 345.231878      99.97 0.0000e+00    977.279      23456  1029.3309  1029.3299    34.5974    34.5961    7.80180         33 0.0000e+00
    344.000    340.347     1.1294  29.859519     1.1284  29.857423     4.5174     4.5710    -0.0043    91.1573 1.0000e-12  -64.87062  -63.82921 345.231895      99.97 0.0000e+00    978.703      23490  1029.3361  1029.3349    34.5978    34.5962    7.80192         34 0.0000e+00
    345.000    341.337     1.1282  29.858061     1.1277  29.856660     4.5140     4.5713    -0.0036    91.1349 1.0000e-12  -64.87062  -63.82920 345.231915      99.97 0.0000e+00    980.470      23532  1029.3400  1029.3391    34.5967    34.5955    7.80222         39 0.0000e+00
    346.000    342.324     1.1289  29.859633     1.1295  29.858983     4.5062     4.5595    -0.0032    91.1164 1.0000e-12  -64.87062  -63.82918 345.231937      99.97 0.0000e+00    982.388      23578  1029.3451  1029.3439    34.5973    34.5959    7.80204         37 0.0000e+00
    347.000    343.314     1.1329  29.864441     1.1323  29.862673     4.5077     4.5673    -0.0078    91.1118 1.0000e-12  -64.87062  -63.82918 345.231954      99.97 0.0000e+00    983.824      23613  1029.3503  1029.3492    34.5985    34.5969    7.80118         29 0.0000e+00
    348.000    344.301     1.1305  29.862313     1.1304  29.861092     4.5017     4.5605    -0.0077    91.1583 1.0000e-12  -64.87062  -63.82918 345.231966      99.97 0.0000e+00    984.843      23637  1029.3549  1029.3537    34.5979    34.5964    7.80169         20 0.0000e+00
    349.000    345.290     1.1294  29.861629     1.1286  29.859862     4.4841     4.5505    -0.0003    91.1128 1.0000e-12  -64.87062  -63.82918 345.231975      99.97 0.0000e+00    985.654      23657  1029.3595  1029.3584    34.5977    34.5962    7.80193         20 0.0000e+00
    350.000    346.278     1.1372  29.869980     1.1362  29.868111     4.4826     4.5499    -0.0050    91.1094 1.0000e-12  -64.87062  -63.82918 345.231984      99.97 0.0000e+00    986.460      23676  1029.3646  1029.3637    34.5991    34.5978    7.80029         20 0.0000e+00
