NBP2113_155081_ctd/data/dnbp2113_064.cnv
* Sea-Bird SBE 9 Data File:
* FileName = D:\Data\raw\NBP2113_064.hex
* Software Version Seasave V 7.26.7.121
* Temperature SN = 2438
* Conductivity SN = 2067
* Number of Bytes Per Scan = 40
* Number of Voltage Words = 5
* Number of Scans Averaged by the Deck Unit = 1
* NMEA Latitude = 64 10.41 S
* NMEA Longitude = 061 58.85 W
* NMEA UTC (Time) = Dec 14 2021  13:32:28
* NMEA baud rate = 9600
** Ship: RVIB N.B. Palmer
** Cruise: NBP2113 LTER
** Station: 739.006
** Operator: B. Urmston
# nquan = 25
# nvalues = 796                         
# units = specified
# name 0 = prDM: Pressure, Digiquartz [db]
# name 1 = depSM: Depth [salt water, m]
# name 2 = t090C: Temperature [ITS-90, deg C]
# name 3 = c0mS/cm: Conductivity [mS/cm]
# name 4 = t190C: Temperature, 2 [ITS-90, deg C]
# name 5 = c1mS/cm: Conductivity, 2 [mS/cm]
# name 6 = sbeox0ML/L: Oxygen, SBE 43 [ml/l]
# name 7 = sbeox1ML/L: Oxygen, SBE 43, 2 [ml/l]
# name 8 = flECO-AFL: Fluorescence, WET Labs ECO-AFL/FL [mg/m^3]
# name 9 = CStarTr0: Beam Transmission, WET Labs C-Star [%]
# name 10 = par: PAR/Irradiance, Biospherical/Licor
# name 11 = latitude: Latitude [deg]
# name 12 = longitude: Longitude [deg]
# name 13 = timeJ: Julian Days
# name 14 = altM: Altimeter [m]
# name 15 = spar: SPAR, Biospherical/Licor
# name 16 = timeS: Time, Elapsed [seconds]
# name 17 = scan: Scan Count
# name 18 = density00: Density [density, kg/m^3]
# name 19 = density11: Density, 2 [density, kg/m^3]
# name 20 = sal00: Salinity, Practical [PSU]
# name 21 = sal11: Salinity, Practical, 2 [PSU]
# name 22 = oxsolML/L: Oxygen Saturation, Garcia & Gordon [ml/l]
# name 23 = nbin: number of scans per bin
# name 24 = flag: flag
# span 0 =      5.000,    800.000       
# span 1 =      4.945,    790.676       
# span 2 =    -0.6690,     0.4215       
# span 3 =  28.308071,  28.962639       
# span 4 =    -0.6691,     0.4221       
# span 5 =  28.306287,  28.961151       
# span 6 =     5.4044,     7.4772       
# span 7 =     5.4875,     7.5317       
# span 8 =    -0.0298,     1.5418       
# span 9 =    83.2524,    91.2341       
# span 10 = 1.0000e-12, 1.2956e+02      
# span 11 =  -64.17366,  -64.17347      
# span 12 =  -61.98110,  -61.97989      
# span 13 = 348.567728, 348.581622      
# span 14 =       9.88,      99.98      
# span 15 = 4.0017e+02, 5.0066e+02      
# span 16 =    303.725,   1504.131      
# span 17 =       7290,      36100      
# span 18 =  1027.2608,  1031.5571      
# span 19 =  1027.2591,  1031.5560      
# span 20 =    33.9469,    34.5366      
# span 21 =    33.9456,    34.5350      
# span 22 =    7.98122,    8.17887      
# span 23 =          7,         56      
# span 24 = 0.0000e+00, 0.0000e+00      
# interval = decibars: 1                
# start_time = Dec 14 2021 13:32:28 [NMEA time, header]
# bad_flag = -9.990e-29
*END*
[from data line 638]
    643.000    635.748    -0.6123  28.458056    -0.6125  28.456722     6.0128     6.0842    -0.0216    91.1140 1.0000e-12  -64.17350  -61.98002 348.578673      99.97 4.0899e+02   1249.389      29986  1030.8152  1030.8141    34.5339    34.5324    8.16652         28 0.0000e+00
    644.000    636.735    -0.6121  28.458602    -0.6123  28.457375     6.0244     6.0856    -0.0214    91.1356 1.0000e-12  -64.17350  -61.98002 348.578687      99.97 4.0899e+02   1250.585      30015  1030.8199  1030.8188    34.5339    34.5325    8.16649         30 0.0000e+00
    645.000    637.722    -0.6117  28.459444    -0.6121  28.458126     6.0234     6.0812    -0.0146    91.1277 1.0000e-12  -64.17350  -61.98002 348.578702      99.97 4.0899e+02   1251.868      30046  1030.8247  1030.8236    34.5340    34.5326    8.16640         31 0.0000e+00
    646.000    638.709    -0.6141  28.457812    -0.6143  28.456678     6.0257     6.0785    -0.0152    91.1716 1.0000e-12  -64.17350  -61.98002 348.578717      99.97 4.0899e+02   1253.193      30078  1030.8295  1030.8285    34.5339    34.5326    8.16692         32 0.0000e+00
    647.000    639.698    -0.6150  28.457359    -0.6152  28.456209     6.0167     6.0821    -0.0231    91.1325 1.0000e-12  -64.17350  -61.98002 348.578732      99.97 4.0899e+02   1254.453      30108  1030.8342  1030.8332    34.5337    34.5324    8.16712         29 0.0000e+00
    648.000    640.684    -0.6162  28.456885    -0.6163  28.455760     6.0272     6.0865    -0.0270    91.1253 1.0000e-12  -64.17350  -61.98002 348.578746      99.97 4.0899e+02   1255.614      30136  1030.8391  1030.8380    34.5338    34.5325    8.16737         27 0.0000e+00
    649.000    641.670    -0.6157  28.457624    -0.6161  28.456392     6.0256     6.0884    -0.0215    91.1418 1.0000e-12  -64.17350  -61.98002 348.578759      99.97 4.0899e+02   1256.737      30163  1030.8436  1030.8426    34.5337    34.5324    8.16728         28 0.0000e+00
    650.000    642.658    -0.6152  28.458571    -0.6154  28.457373     6.0313     6.0887    -0.0210    91.1622 1.0000e-12  -64.17350  -61.98002 348.578773      99.97 4.0899e+02   1257.998      30193  1030.8484  1030.8473    34.5338    34.5324    8.16716         32 0.0000e+00
    651.000    643.645    -0.6151  28.459122    -0.6153  28.457905     6.0192     6.0863    -0.0217    91.0875 1.0000e-12  -64.17350  -61.98002 348.578789      99.97 4.0899e+02   1259.345      30225  1030.8531  1030.8520    34.5338    34.5324    8.16714         32 0.0000e+00
    652.000    644.632    -0.6162  28.458679    -0.6162  28.457734     6.0183     6.0892    -0.0219    91.1131 1.0000e-12  -64.17350  -61.98002 348.578804      99.97 4.0899e+02   1260.668      30257  1030.8579  1030.8569    34.5339    34.5326    8.16737         32 0.0000e+00
    653.000    645.619    -0.6173  28.458122    -0.6176  28.456936     6.0145     6.0887    -0.0294    91.1094 1.0000e-12  -64.17350  -61.98002 348.578819      99.97 4.0899e+02   1261.973      30288  1030.8627  1030.8617    34.5338    34.5325    8.16762         30 0.0000e+00
    654.000    646.605    -0.6164  28.459281    -0.6167  28.458140     6.0236     6.0902    -0.0279    91.1298 1.0000e-12  -64.17350  -61.98002 348.578834      99.97 4.0899e+02   1263.214      30318  1030.8673  1030.8663    34.5337    34.5325    8.16742         29 0.0000e+00
    655.000    647.594    -0.6159  28.460369    -0.6163  28.459063     6.0239     6.0915    -0.0183    91.1378 1.0000e-12  -64.17350  -61.98002 348.578848      99.97 4.0899e+02   1264.457      30348  1030.8721  1030.8711    34.5340    34.5327    8.16729         30 0.0000e+00
    656.000    648.580    -0.6167  28.460080    -0.6172  28.458688     6.0165     6.0926    -0.0143    91.1310 1.0000e-12  -64.17350  -61.98002 348.578862      84.58 4.0899e+02   1265.715      30378  1030.8769  1030.8759    34.5339    34.5327    8.16748         31 0.0000e+00
    657.000    649.569    -0.6168  28.460343    -0.6172  28.459073     6.0289     6.0892    -0.0185    91.1288 1.0000e-12  -64.17350  -61.98002 348.578877      89.53 4.0899e+02   1266.939      30408  1030.8815  1030.8805    34.5337    34.5325    8.16750         29 0.0000e+00
    658.000    650.555    -0.6158  28.461626    -0.6165  28.460052     6.0200     6.0859    -0.0272    91.1368 1.0000e-12  -64.17350  -61.98002 348.578891      99.82 4.0899e+02   1268.190      30438  1030.8861  1030.8852    34.5338    34.5325    8.16728         31 0.0000e+00
    659.000    651.541    -0.6152  28.462712    -0.6155  28.461492     6.0192     6.0858    -0.0219    91.1164 1.0000e-12  -64.17350  -61.98002 348.578906      99.97 4.0899e+02   1269.457      30468  1030.8910  1030.8899    34.5340    34.5327    8.16715         29 0.0000e+00
    660.000    652.530    -0.6148  28.463449    -0.6151  28.462252     6.0143     6.0883    -0.0285    91.1110 1.0000e-12  -64.17350  -61.98002 348.578920      99.97 4.0868e+02   1270.675      30497  1030.8956  1030.8946    34.5339    34.5327    8.16707         29 0.0000e+00
    661.000    653.516    -0.6149  28.463849    -0.6152  28.462795     6.0229     6.0904    -0.0158    91.1288 1.0000e-12  -64.17350  -61.98002 348.578934      99.97 4.0759e+02   1271.876      30526  1030.9004  1030.8995    34.5340    34.5329    8.16709         29 0.0000e+00
    662.000    654.503    -0.6150  28.464217    -0.6153  28.463123     6.0221     6.0878    -0.0217    91.0963 1.0000e-12  -64.17350  -61.98002 348.578948      99.97 4.0794e+02   1273.108      30556  1030.9051  1030.9042    34.5340    34.5328    8.16710         30 0.0000e+00
    663.000    655.491    -0.6151  28.464521    -0.6155  28.463229     6.0245     6.0841    -0.0180    91.0942 1.0000e-12  -64.17350  -61.98002 348.578963      99.97 4.0750e+02   1274.411      30587  1030.9098  1030.9088    34.5339    34.5326    8.16713         32 0.0000e+00
    664.000    656.478    -0.6151  28.464946    -0.6155  28.463750     6.0154     6.0850    -0.0236    91.1012 1.0000e-12  -64.17350  -61.98002 348.578978      99.97 4.0723e+02   1275.717      30618  1030.9145  1030.9135    34.5339    34.5327    8.16714         31 0.0000e+00
    665.000    657.464    -0.6148  28.465684    -0.6151  28.464488     6.0197     6.0912    -0.0241    91.0731 1.0000e-12  -64.17350  -61.98002 348.578993      99.97 4.0723e+02   1276.988      30649  1030.9192  1030.9182    34.5339    34.5327    8.16706         30 0.0000e+00
    666.000    658.452    -0.6148  28.466258    -0.6153  28.464932     6.0155     6.0885    -0.0155    91.1184 1.0000e-12  -64.17350  -61.98002 348.579007      99.97 4.0723e+02   1278.214      30678  1030.9240  1030.9231    34.5341    34.5329    8.16705         29 0.0000e+00
    667.000    659.439    -0.6165  28.465153    -0.6168  28.463904     6.0191     6.0910    -0.0208    91.0990 1.0000e-12  -64.17350  -61.98002 348.579021      99.97 4.0723e+02   1279.401      30707  1030.9288  1030.9277    34.5339    34.5326    8.16742         28 0.0000e+00
    668.000    660.425    -0.6161  28.465954    -0.6159  28.465026     6.0192     6.0910    -0.0075    91.1193 1.0000e-12  -64.17350  -61.98002 348.579035      99.97 4.0723e+02   1280.618      30736  1030.9334  1030.9323    34.5340    34.5325    8.16734         31 0.0000e+00
    669.000    661.414    -0.6157  28.466747    -0.6157  28.465622     6.0260     6.0879    -0.0145    91.0779 1.0000e-12  -64.17350  -61.98002 348.579050      99.97 4.0723e+02   1281.916      30767  1030.9382  1030.9370    34.5340    34.5326    8.16725         31 0.0000e+00
    670.000    662.400    -0.6161  28.466865    -0.6163  28.465715     6.0264     6.0827    -0.0214    91.0690 1.0000e-12  -64.17350  -61.98002 348.579065      99.97 4.0723e+02   1283.191      30798  1030.9429  1030.9419    34.5340    34.5327    8.16734         30 0.0000e+00
    671.000    663.386    -0.6165  28.466971    -0.6166  28.465838     6.0196     6.0870    -0.0209    91.0647 1.0000e-12  -64.17350  -61.98002 348.579079      99.97 4.0723e+02   1284.433      30827  1030.9476  1030.9466    34.5340    34.5326    8.16742         30 0.0000e+00
    672.000    664.375    -0.6166  28.467199    -0.6170  28.465946     6.0249     6.0900    -0.0249    91.1301 1.0000e-12  -64.17350  -61.98002 348.579093      99.97 4.0717e+02   1285.675      30857  1030.9523  1030.9513    34.5339    34.5326    8.16746         29 0.0000e+00
    673.000    665.362    -0.6172  28.467378    -0.6179  28.465759     6.0264     6.0919    -0.0182    91.1092 1.0000e-12  -64.17350  -61.98002 348.579107      99.97 4.0590e+02   1286.853      30885  1030.9573  1030.9563    34.5342    34.5328    8.16757         28 0.0000e+00
    674.000    666.348    -0.6206  28.464585    -0.6212  28.463148     6.0286     6.0901    -0.0150    91.0941 1.0000e-12  -64.17350  -61.98002 348.579121      99.97 4.0547e+02   1288.045      30914  1030.9620  1030.9610    34.5337    34.5325    8.16833         30 0.0000e+00
    675.000    667.336    -0.6202  28.465296    -0.6206  28.464034     6.0318     6.0929    -0.0150    91.1118 1.0000e-12  -64.17350  -61.98002 348.579136      99.97 4.0546e+02   1289.326      30945  1030.9666  1030.9656    34.5336    34.5324    8.16825         31 0.0000e+00
    676.000    668.322    -0.6210  28.465144    -0.6213  28.463975     6.0286     6.0850    -0.0150    91.0667 1.0000e-12  -64.17350  -61.98002 348.579150      99.97 4.0546e+02   1290.581      30975  1030.9714  1030.9704    34.5337    34.5325    8.16842         29 0.0000e+00
    677.000    669.309    -0.6214  28.465147    -0.6218  28.463978     6.0234     6.0848    -0.0169    91.0756 1.0000e-12  -64.17350  -61.98002 348.579164      99.97 4.0546e+02   1291.796      31004  1030.9761  1030.9751    34.5336    34.5324    8.16851         29 0.0000e+00
    678.000    670.296    -0.6216  28.465518    -0.6218  28.464464     6.0223     6.0882    -0.0219    91.0861 1.0000e-12  -64.17350  -61.98002 348.579179      99.97 4.0546e+02   1293.032      31034  1030.9808  1030.9799    34.5336    34.5325    8.16854         31 0.0000e+00
    679.000    671.284    -0.6218  28.465719    -0.6221  28.464539     6.0224     6.0852    -0.0265    91.0854 1.0000e-12  -64.17350  -61.98002 348.579193      99.97 4.0546e+02   1294.290      31064  1030.9855  1030.9845    34.5336    34.5323    8.16860         30 0.0000e+00
    680.000    672.271    -0.6222  28.465938    -0.6223  28.464791     6.0196     6.0857    -0.0193    91.0715 1.0000e-12  -64.17350  -61.98002 348.579208      99.97 4.0546e+02   1295.572      31095  1030.9903  1030.9892    34.5337    34.5323    8.16867         30 0.0000e+00
    681.000    673.257    -0.6221  28.466381    -0.6225  28.465097     6.0298     6.0865    -0.0150    91.0862 1.0000e-12  -64.17350  -61.98002 348.579222      99.97 4.0546e+02   1296.812      31124  1030.9949  1030.9939    34.5336    34.5323    8.16866         30 0.0000e+00
    682.000    674.244    -0.6219  28.467059    -0.6222  28.465797     6.0243     6.0870    -0.0150    91.0776 1.0000e-12  -64.17350  -61.98002 348.579236      99.96 4.0546e+02   1298.000      31153  1030.9997  1030.9987    34.5337    34.5324    8.16861         27 0.0000e+00
    683.000    675.233    -0.6222  28.467273    -0.6229  28.465723     6.0252     6.0868    -0.0150    91.0552 1.0000e-12  -64.17350  -61.98002 348.579250      61.15 4.0546e+02   1299.194      31182  1031.0044  1031.0035    34.5338    34.5325    8.16867         30 0.0000e+00
    684.000    676.217    -0.6236  28.466392    -0.6240  28.465090     6.0229     6.0873    -0.0237    91.0578 1.0000e-12  -64.17350  -61.98002 348.579264      99.80 4.0546e+02   1300.432      31211  1031.0091  1031.0081    34.5335    34.5323    8.16898         30 0.0000e+00
    685.000    677.206    -0.6227  28.467710    -0.6233  28.466166     6.0262     6.0878    -0.0243    91.0861 1.0000e-12  -64.17350  -61.98002 348.579279      99.97 4.0528e+02   1301.685      31241  1031.0138  1031.0128    34.5337    34.5324    8.16877         30 0.0000e+00
    686.000    678.193    -0.6228  28.467999    -0.6231  28.466840     6.0246     6.0869    -0.0176    91.0880 1.0000e-12  -64.17350  -61.98002 348.579293      99.96 4.0413e+02   1302.911      31271  1031.0185  1031.0176    34.5336    34.5324    8.16881         29 0.0000e+00
    687.000    679.179    -0.6229  28.468326    -0.6232  28.467187     6.0281     6.0889    -0.0214    91.0647 1.0000e-12  -64.17350  -61.98000 348.579307      99.97 4.0370e+02   1304.131      31300  1031.0232  1031.0223    34.5337    34.5324    8.16884         29 0.0000e+00
    688.000    680.167    -0.6235  28.468242    -0.6239  28.467034     6.0303     6.0877    -0.0219    91.0891 1.0000e-12  -64.17350  -61.98002 348.579321      99.97 4.0370e+02   1305.374      31330  1031.0280  1031.0270    34.5336    34.5324    8.16897         30 0.0000e+00
    689.000    681.153    -0.6233  28.468901    -0.6236  28.467642     6.0185     6.0889    -0.0159    91.1055 1.0000e-12  -64.17350  -61.98000 348.579336      99.97 4.0370e+02   1306.642      31360  1031.0327  1031.0316    34.5336    34.5323    8.16891         31 0.0000e+00
    690.000    682.140    -0.6232  28.469438    -0.6235  28.468289     6.0170     6.0864    -0.0215    91.0723 1.0000e-12  -64.17350  -61.98000 348.579351      99.97 4.0370e+02   1307.898      31391  1031.0374  1031.0364    34.5336    34.5325    8.16889         29 0.0000e+00
    691.000    683.128    -0.6231  28.469908    -0.6235  28.468667     6.0280     6.0788    -0.0206    91.0612 1.0000e-12  -64.17350  -61.98000 348.579364      99.97 4.0547e+02   1309.088      31419  1031.0421  1031.0411    34.5336    34.5323    8.16888         29 0.0000e+00
    692.000    684.115    -0.6227  28.470754    -0.6229  28.469589     6.0304     6.0834    -0.0137    91.0622 1.0000e-12  -64.17350  -61.98000 348.579378      99.97 4.0546e+02   1310.272      31448  1031.0468  1031.0458    34.5337    34.5324    8.16879         28 0.0000e+00
    693.000    685.102    -0.6226  28.471265    -0.6229  28.470095     6.0289     6.0830    -0.0169    91.0963 1.0000e-12  -64.17350  -61.98000 348.579392      99.97 4.0546e+02   1311.439      31476  1031.0515  1031.0505    34.5337    34.5324    8.16877         28 0.0000e+00
    694.000    686.088    -0.6228  28.471548    -0.6231  28.470419     6.0262     6.0847    -0.0218    91.0800 1.0000e-12  -64.17350  -61.98000 348.579405      99.97 4.0546e+02   1312.586      31503  1031.0562  1031.0553    34.5337    34.5324    8.16881         28 0.0000e+00
    695.000    687.076    -0.6229  28.471927    -0.6232  28.470631     6.0206     6.0887    -0.0185    91.0716 1.0000e-12  -64.17350  -61.98000 348.579419      99.97 4.0552e+02   1313.805      31532  1031.0610  1031.0599    34.5337    34.5323    8.16883         30 0.0000e+00
    696.000    688.063    -0.6245  28.471021    -0.6247  28.469823     6.0270     6.0916    -0.0185    91.0375 1.0000e-12  -64.17350  -61.98000 348.579434      99.97 4.0725e+02   1315.120      31564  1031.0659  1031.0648    34.5337    34.5324    8.16917         32 0.0000e+00
    697.000    689.049    -0.6257  28.470365    -0.6260  28.469044     6.0148     6.0847    -0.0214    91.0653 1.0000e-12  -64.17350  -61.98000 348.579450      99.96 4.0723e+02   1316.438      31596  1031.0705  1031.0695    34.5336    34.5322    8.16944         32 0.0000e+00
    698.000    690.037    -0.6259  28.470596    -0.6264  28.469246     6.0221     6.0873    -0.0150    91.0458 1.0000e-12  -64.17350  -61.98000 348.579464      99.97 4.0742e+02   1317.681      31625  1031.0752  1031.0742    34.5335    34.5322    8.16948         28 0.0000e+00
    699.000    691.023    -0.6258  28.471100    -0.6260  28.469946     6.0215     6.0881    -0.0150    91.0594 1.0000e-12  -64.17350  -61.98000 348.579477      99.97 4.0891e+02   1318.825      31653  1031.0800  1031.0789    34.5335    34.5322    8.16947         27 0.0000e+00
