NBP2113_155081_ctd/data/dnbp2113_061.cnv
* Sea-Bird SBE 9 Data File:
* FileName = D:\Data\raw\NBP2113_061.hex
* Software Version Seasave V 7.26.7.121
* Temperature SN = 2438
* Conductivity SN = 2067
* Number of Bytes Per Scan = 40
* Number of Voltage Words = 5
* Number of Scans Averaged by the Deck Unit = 1
* NMEA Latitude = 64 46.21 S
* NMEA Longitude = 063 05.90 W
* NMEA UTC (Time) = Dec 13 2021  23:26:08
* NMEA baud rate = 9600
** Ship: RVIB N.B. Palmer
** Cruise: NBP2113 LTER
** Station: 654.005
** Operator: S. Blackman
# nquan = 25
# nvalues = 336                         
# units = specified
# name 0 = prDM: Pressure, Digiquartz [db]
# name 1 = depSM: Depth [salt water, m]
# name 2 = t090C: Temperature [ITS-90, deg C]
# name 3 = c0mS/cm: Conductivity [mS/cm]
# name 4 = t190C: Temperature, 2 [ITS-90, deg C]
# name 5 = c1mS/cm: Conductivity, 2 [mS/cm]
# name 6 = sbeox0ML/L: Oxygen, SBE 43 [ml/l]
# name 7 = sbeox1ML/L: Oxygen, SBE 43, 2 [ml/l]
# name 8 = flECO-AFL: Fluorescence, WET Labs ECO-AFL/FL [mg/m^3]
# name 9 = CStarTr0: Beam Transmission, WET Labs C-Star [%]
# name 10 = par: PAR/Irradiance, Biospherical/Licor
# name 11 = latitude: Latitude [deg]
# name 12 = longitude: Longitude [deg]
# name 13 = timeJ: Julian Days
# name 14 = altM: Altimeter [m]
# name 15 = spar: SPAR, Biospherical/Licor
# name 16 = timeS: Time, Elapsed [seconds]
# name 17 = scan: Scan Count
# name 18 = density00: Density [density, kg/m^3]
# name 19 = density11: Density, 2 [density, kg/m^3]
# name 20 = sal00: Salinity, Practical [PSU]
# name 21 = sal11: Salinity, Practical, 2 [PSU]
# name 22 = oxsolML/L: Oxygen Saturation, Garcia & Gordon [ml/l]
# name 23 = nbin: number of scans per bin
# name 24 = flag: flag
# span 0 =      4.000,    339.000       
# span 1 =      3.958,    335.408       
# span 2 =    -0.4926,     0.7998       
# span 3 =  27.948527,  29.429385       
# span 4 =    -0.4928,     0.7991       
# span 5 =  27.947194,  29.427788       
# span 6 =     4.9905,     7.4001       
# span 7 =     5.0632,     7.4620       
# span 8 =    -0.0210,     1.3296       
# span 9 =    83.6290,    90.1940       
# span 10 = 1.0000e-12, 9.2479e+01      
# span 11 =  -64.77050,  -64.77024      
# span 12 =  -63.09850,  -63.09826      
# span 13 = 347.980016, 347.986441      
# span 14 =       9.04,      99.97      
# span 15 = 3.4020e+02, 1.2836e+03      
# span 16 =    305.348,    860.470      
# span 17 =       7329,      20652      
# span 18 =  1027.1723,  1029.3503      
# span 19 =  1027.1711,  1029.3490      
# span 20 =    33.8064,    34.5120      
# span 21 =    33.8032,    34.5104      
# span 22 =    7.87322,    8.14211      
# span 23 =         11,         51      
# span 24 = 0.0000e+00, 0.0000e+00      
# interval = decibars: 1                
# start_time = Dec 13 2021 23:26:08 [NMEA time, header]
# bad_flag = -9.990e-29
*END*
[from data line 116]
    120.000    118.792     0.5392  29.117739     0.5388  29.116299     5.4235     5.5024     0.0433    90.0196 1.0000e-12  -64.77038  -63.09838 347.982647      99.97 3.4200e+02    532.675      12785  1028.1810  1028.1799    34.4250    34.4236    7.93062         28 0.0000e+00
    121.000    119.780     0.5400  29.119150     0.5398  29.117986     5.4315     5.5020     0.0395    90.0511 1.0000e-12  -64.77038  -63.09838 347.982661      99.97 3.4200e+02    533.883      12814  1028.1861  1028.1851    34.4255    34.4242    7.93045         29 0.0000e+00
    122.000    120.771     0.5400  29.119577     0.5395  29.118137     5.4334     5.5054     0.0395    90.0562 1.0000e-12  -64.77038  -63.09838 347.982674      99.97 3.4200e+02    535.075      12843  1028.1909  1028.1899    34.4254    34.4240    7.93045         29 0.0000e+00
    123.000    121.760     0.5399  29.119885     0.5395  29.118465     5.4320     5.4982     0.0370    90.0488 1.0000e-12  -64.77038  -63.09838 347.982688      99.97 3.4200e+02    536.268      12871  1028.1957  1028.1946    34.4253    34.4239    7.93048         28 0.0000e+00
    124.000    122.749     0.5418  29.122443     0.5415  29.121020     5.4258     5.4926     0.0467    90.0804 1.0000e-12  -64.77038  -63.09838 347.982702      99.97 3.4200e+02    537.469      12900  1028.2007  1028.1996    34.4259    34.4244    7.93005         29 0.0000e+00
    125.000    123.739     0.5451  29.126811     0.5447  29.125379     5.4183     5.4889     0.0444    90.0819 1.0000e-12  -64.77038  -63.09838 347.982716      99.97 3.4200e+02    538.666      12929  1028.2063  1028.2054    34.4273    34.4260    7.92929         29 0.0000e+00
    126.000    124.729     0.5469  29.129215     0.5463  29.127631     5.4196     5.4874     0.0436    90.0965 1.0000e-12  -64.77038  -63.09838 347.982730      99.97 3.4200e+02    539.846      12957  1028.2115  1028.2104    34.4279    34.4265    7.92890         28 0.0000e+00
    127.000    125.718     0.5483  29.131164     0.5477  29.129601     5.4172     5.4828     0.0423    90.0917 1.0000e-12  -64.77038  -63.09838 347.982743      99.97 3.4200e+02    541.031      12986  1028.2164  1028.2154    34.4282    34.4269    7.92858         29 0.0000e+00
    128.000    126.708     0.5498  29.133467     0.5493  29.131952     5.4131     5.4799     0.0354    90.1258 1.0000e-12  -64.77038  -63.09838 347.982757      99.97 3.4200e+02    542.208      13014  1028.2217  1028.2206    34.4290    34.4276    7.92824         27 0.0000e+00
    129.000    127.698     0.5497  29.133782     0.5493  29.132416     5.3904     5.4680     0.0332    90.1397 1.0000e-12  -64.77038  -63.09838 347.982771      99.97 3.4200e+02    543.378      13042  1028.2264  1028.2254    34.4289    34.4276    7.92826         29 0.0000e+00
    130.000    128.687     0.5549  29.139327     0.5552  29.138675     5.3730     5.4558     0.0294    90.1317 1.0000e-12  -64.77038  -63.09838 347.982784      99.97 3.4200e+02    544.578      13071  1028.2314  1028.2304    34.4298    34.4286    7.92715         29 0.0000e+00
    131.000    129.676     0.5629  29.149392     0.5625  29.147871     5.3702     5.4515     0.0319    90.1228 1.0000e-12  -64.77038  -63.09837 347.982798      99.97 3.4200e+02    545.789      13100  1028.2384  1028.2372    34.4333    34.4318    7.92531         29 0.0000e+00
    132.000    130.666     0.5645  29.151403     0.5645  29.150610     5.3665     5.4487     0.0323    90.1326 1.0000e-12  -64.77038  -63.09837 347.982812      99.97 3.4200e+02    546.990      13129  1028.2433  1028.2424    34.4337    34.4326    7.92498         28 0.0000e+00
    133.000    131.656     0.5679  29.155502     0.5677  29.154363     5.3516     5.4362     0.0304    90.1550 1.0000e-12  -64.77038  -63.09836 347.982826      99.97 3.4200e+02    548.193      13158  1028.2485  1028.2476    34.4346    34.4334    7.92422         30 0.0000e+00
    134.000    132.645     0.5755  29.164218     0.5751  29.162854     5.3248     5.4217     0.0279    90.1546 1.0000e-12  -64.77038  -63.09838 347.982840      99.97 3.4200e+02    549.396      13187  1028.2546  1028.2536    34.4369    34.4356    7.92254         28 0.0000e+00
    135.000    133.637     0.5844  29.174847     0.5833  29.172771     5.3244     5.4121     0.0329    90.1256 1.0000e-12  -64.77038  -63.09837 347.982854      99.97 3.4200e+02    550.578      13215  1028.2613  1028.2602    34.4403    34.4387    7.92054         29 0.0000e+00
    136.000    134.624     0.5868  29.177890     0.5858  29.176187     5.3200     5.4011     0.0287    90.1494 1.0000e-12  -64.77038  -63.09837 347.982868      99.97 3.4200e+02    551.789      13244  1028.2665  1028.2657    34.4410    34.4399    7.92001         29 0.0000e+00
    137.000    135.614     0.5915  29.183640     0.5899  29.180911     5.3133     5.3915     0.0210    90.1629 1.0000e-12  -64.77038  -63.09837 347.982882      99.97 3.4200e+02    552.984      13273  1028.2722  1028.2710    34.4426    34.4409    7.91895         28 0.0000e+00
    138.000    136.604     0.5933  29.186014     0.5928  29.184700     5.2790     5.3673     0.0284    90.1239 1.0000e-12  -64.77038  -63.09836 347.982895      99.97 3.4200e+02    554.156      13301  1028.2774  1028.2764    34.4431    34.4419    7.91856         28 0.0000e+00
    139.000    137.593     0.6058  29.199847     0.6045  29.197563     5.2599     5.3490     0.0354    90.1694 1.0000e-12  -64.77038  -63.09836 347.982909      99.97 3.4200e+02    555.316      13329  1028.2839  1028.2827    34.4467    34.4451    7.91582         28 0.0000e+00
    140.000    138.583     0.6174  29.212958     0.6157  29.210135     5.2527     5.3465     0.0285    90.1672 1.0000e-12  -64.77038  -63.09836 347.982922      99.97 3.4200e+02    556.490      13357  1028.2905  1028.2892    34.4502    34.4484    7.91324         29 0.0000e+00
    141.000    139.572     0.6237  29.220614     0.6234  29.219296     5.2636     5.3391     0.0284    90.1671 1.0000e-12  -64.77038  -63.09836 347.982936      99.97 3.4200e+02    557.683      13385  1028.2968  1028.2956    34.4526    34.4511    7.91183         29 0.0000e+00
    142.000    140.562     0.6262  29.223886     0.6259  29.222411     5.2464     5.3224     0.0336    90.1489 1.0000e-12  -64.77038  -63.09836 347.982950      99.97 3.4230e+02    558.894      13414  1028.3021  1028.3010    34.4534    34.4519    7.91127         29 0.0000e+00
    143.000    141.552     0.6318  29.229896     0.6318  29.228639     5.2235     5.3136     0.0401    90.1454 1.0000e-12  -64.77038  -63.09836 347.982964      99.97 3.4344e+02    560.094      13443  1028.3074  1028.3061    34.4545    34.4529    7.91008         28 0.0000e+00
    144.000    142.540     0.6401  29.239447     0.6410  29.239212     5.2104     5.3037     0.0362    90.1758 1.0000e-12  -64.77038  -63.09836 347.982978      99.97 3.4376e+02    561.282      13472  1028.3135  1028.3124    34.4570    34.4557    7.90823         29 0.0000e+00
    145.000    143.530     0.6461  29.246325     0.6453  29.244604     5.2056     5.2919     0.0360    90.1655 1.0000e-12  -64.77038  -63.09836 347.982992      99.97 3.4376e+02    562.484      13501  1028.3193  1028.3183    34.4587    34.4574    7.90692         29 0.0000e+00
    146.000    144.521     0.6527  29.253703     0.6528  29.252753     5.2007     5.2872     0.0362    90.1940 1.0000e-12  -64.77038  -63.09836 347.983006      99.97 3.4376e+02    563.682      13529  1028.3249  1028.3238    34.4604    34.4590    7.90549         28 0.0000e+00
    147.000    145.510     0.6591  29.261202     0.6585  29.259770     5.2157     5.2884     0.0302    90.1876 1.0000e-12  -64.77038  -63.09836 347.983019      99.97 3.4376e+02    564.876      13558  1028.3308  1028.3299    34.4624    34.4612    7.90407         29 0.0000e+00
    148.000    146.500     0.6591  29.261727     0.6588  29.260501     5.2145     5.2866     0.0351    90.1786 1.0000e-12  -64.77038  -63.09836 347.983033      99.97 3.4376e+02    566.069      13587  1028.3358  1028.3348    34.4625    34.4612    7.90406         29 0.0000e+00
    149.000    147.488     0.6599  29.262870     0.6591  29.261118     5.1999     5.2770     0.0354    90.1849 1.0000e-12  -64.77038  -63.09836 347.983047      99.97 3.4426e+02    567.264      13615  1028.3406  1028.3396    34.4625    34.4611    7.90390         28 0.0000e+00
    150.000    148.479     0.6633  29.266378     0.6631  29.265299     5.1860     5.2680     0.0294    90.1849 1.0000e-12  -64.77038  -63.09836 347.983061      99.97 3.4553e+02    568.443      13644  1028.3453  1028.3443    34.4626    34.4615    7.90319         28 0.0000e+00
    151.000    149.466     0.6727  29.276883     0.6730  29.276239     5.1600     5.2516     0.0363    90.1849 1.0000e-12  -64.77038  -63.09836 347.983074      99.97 3.4552e+02    569.619      13672  1028.3514  1028.3504    34.4653    34.4642    7.90114         28 0.0000e+00
    152.000    150.458     0.6811  29.286211     0.6807  29.284840     5.1339     5.2249     0.0382    90.1840 1.0000e-12  -64.77038  -63.09836 347.983088      99.97 3.4552e+02    570.810      13700  1028.3573  1028.3562    34.4675    34.4662    7.89931         30 0.0000e+00
    153.000    151.447     0.7017  29.306672     0.7009  29.304897     5.1044     5.2073     0.0409    90.1393 1.0000e-12  -64.77038  -63.09836 347.983102      99.97 3.4552e+02    572.012      13729  1028.3627  1028.3616    34.4706    34.4692    7.89495         28 0.0000e+00
    154.000    152.436     0.7230  29.330207     0.7223  29.328793     5.1007     5.1946     0.0391    90.1557 1.0000e-12  -64.77038  -63.09836 347.983116      99.97 3.4571e+02    573.203      13758  1028.3708  1028.3699    34.4769    34.4758    7.89027         28 0.0000e+00
    155.000    153.426     0.7311  29.338901     0.7309  29.337782     5.0872     5.1779     0.0400    90.1637 1.0000e-12  -64.77040  -63.09836 347.983129      99.97 3.4724e+02    574.383      13786  1028.3764  1028.3754    34.4786    34.4773    7.88854         29 0.0000e+00
    156.000    154.416     0.7432  29.351907     0.7427  29.350390     5.0456     5.1527     0.0405    90.1804 1.0000e-12  -64.77039  -63.09836 347.983143      99.97 3.4729e+02    575.579      13815  1028.3825  1028.3814    34.4814    34.4800    7.88593         29 0.0000e+00
    157.000    155.405     0.7642  29.374443     0.7639  29.373029     5.0330     5.1371     0.0436    90.1673 1.0000e-12  -64.77040  -63.09836 347.983157      99.97 3.4729e+02    576.782      13844  1028.3898  1028.3886    34.4867    34.4852    7.88137         29 0.0000e+00
    158.000    156.394     0.7762  29.388926     0.7756  29.387441     5.0255     5.1212     0.0381    90.1759 1.0000e-12  -64.77040  -63.09836 347.983171      99.97 3.4837e+02    577.985      13873  1028.3977  1028.3967    34.4916    34.4903    7.87868         29 0.0000e+00
    159.000    157.383     0.7821  29.395825     0.7817  29.394595     5.0275     5.1140     0.0362    90.1595 1.0000e-12  -64.77040  -63.09836 347.983185      99.97 3.4904e+02    579.185      13901  1028.4036  1028.4027    34.4934    34.4922    7.87739         29 0.0000e+00
    160.000    158.373     0.7861  29.400762     0.7856  29.399347     5.0332     5.1102     0.0294    90.1207 1.0000e-12  -64.77040  -63.09836 347.983199      99.97 3.4905e+02    580.392      13930  1028.4093  1028.4083    34.4947    34.4934    7.87649         28 0.0000e+00
    161.000    159.363     0.7896  29.404885     0.7891  29.403600     5.0245     5.1082     0.0369    90.1882 1.0000e-12  -64.77040  -63.09836 347.983213      99.97 3.4905e+02    581.587      13959  1028.4147  1028.4138    34.4956    34.4945    7.87574         28 0.0000e+00
    162.000    160.351     0.7914  29.407269     0.7912  29.406323     5.0202     5.1013     0.0435    90.1883 1.0000e-12  -64.77040  -63.09836 347.983226      99.97 3.4913e+02    582.755      13987  1028.4198  1028.4190    34.4961    34.4950    7.87534         30 0.0000e+00
    163.000    161.342     0.7938  29.410184     0.7934  29.408876     5.0192     5.0947     0.0441    90.1746 1.0000e-12  -64.77040  -63.09836 347.983240      99.97 3.5079e+02    583.941      14016  1028.4249  1028.4240    34.4965    34.4954    7.87483         27 0.0000e+00
    164.000    162.330     0.7997  29.417286     0.7991  29.415831     5.0121     5.0895     0.0415    90.1757 1.0000e-12  -64.77040  -63.09836 347.983254      99.97 3.5081e+02    585.114      14044  1028.4309  1028.4300    34.4986    34.4974    7.87352         28 0.0000e+00
    165.000    163.320     0.7991  29.418018     0.7988  29.416837     5.0116     5.0848     0.0362    90.1504 1.0000e-12  -64.77040  -63.09836 347.983267      99.97 3.5081e+02    586.285      14072  1028.4368  1028.4357    34.4997    34.4984    7.87360         29 0.0000e+00
    166.000    164.310     0.7965  29.416370     0.7961  29.415172     5.0194     5.0894     0.0362    90.1591 1.0000e-12  -64.77040  -63.09836 347.983281      99.97 3.5081e+02    587.471      14100  1028.4419  1028.4411    34.4998    34.4988    7.87410         28 0.0000e+00
    167.000    165.298     0.7954  29.415879     0.7946  29.414169     5.0146     5.0903     0.0362    90.1708 1.0000e-12  -64.77040  -63.09836 347.983295      99.97 3.5259e+02    588.674      14129  1028.4469  1028.4459    34.4999    34.4985    7.87433         29 0.0000e+00
    168.000    166.289     0.7943  29.415352     0.7939  29.414012     5.0138     5.0902     0.0408    90.1761 1.0000e-12  -64.77040  -63.09836 347.983309      99.97 3.5258e+02    589.879      14158  1028.4518  1028.4508    34.4998    34.4985    7.87456         29 0.0000e+00
    169.000    167.276     0.7932  29.414658     0.7929  29.413659     5.0169     5.0874     0.0388    90.1813 1.0000e-12  -64.77040  -63.09836 347.983323      99.97 3.5258e+02    591.073      14187  1028.4565  1028.4557    34.4996    34.4985    7.87480         29 0.0000e+00
    170.000    168.268     0.7929  29.415050     0.7927  29.413946     5.0307     5.0926     0.0487    90.1438 1.0000e-12  -64.77040  -63.09836 347.983336      99.97 3.5258e+02    592.264      14215  1028.4615  1028.4605    34.4997    34.4986    7.87484         28 0.0000e+00
    171.000    169.256     0.7863  29.410210     0.7868  29.409733     5.0346     5.0976     0.0451    90.1398 1.0000e-12  -64.77040  -63.09836 347.983350      99.97 3.5392e+02    593.455      14244  1028.4672  1028.4662    34.5002    34.4991    7.87615         28 0.0000e+00
    172.000    170.246     0.7675  29.394770     0.7672  29.393414     5.0309     5.0962     0.0511    90.1442 1.0000e-12  -64.77040  -63.09836 347.983364      99.97 3.5435e+02    594.656      14273  1028.4740  1028.4728    34.5006    34.4991    7.87995         29 0.0000e+00
    173.000    171.235     0.7630  29.390138     0.7606  29.387122     5.0252     5.0947     0.0364    90.1326 1.0000e-12  -64.77040  -63.09835 347.983378      99.97 3.5446e+02    595.858      14302  1028.4777  1028.4770    34.4989    34.4977    7.88094         30 0.0000e+00
    174.000    172.225     0.7715  29.398285     0.7709  29.397180     5.0209     5.0860     0.0380    90.1298 1.0000e-12  -64.77040  -63.09835 347.983392      99.97 3.5609e+02    597.053      14330  1028.4821  1028.4814    34.4995    34.4987    7.87920         28 0.0000e+00
    175.000    173.214     0.7773  29.404882     0.7763  29.403236     5.0077     5.0811     0.0510    90.1232 1.0000e-12  -64.77040  -63.09834 347.983406      99.97 3.5610e+02    598.240      14359  1028.4874  1028.4867    34.5010    34.5000    7.87794         28 0.0000e+00
    176.000    174.203     0.7798  29.407438     0.7795  29.405987     4.9976     5.0705     0.0704    90.0736 1.0000e-12  -64.77040  -63.09834 347.983419      99.97 3.5610e+02    599.419      14387  1028.4919  1028.4907    34.5009    34.4994    7.87744         28 0.0000e+00
