NBP2113_155081_ctd/data/dnbp2113_002.cnv
* Sea-Bird SBE 9 Data File:
* FileName = D:\Data\raw\NBP2113_002.hex
* Software Version Seasave V 7.26.7.121
* Temperature SN = 2438
* Conductivity SN = 2067
* Number of Bytes Per Scan = 40
* Number of Voltage Words = 5
* Number of Scans Averaged by the Deck Unit = 1
* NMEA Latitude = 63 34.52 S
* NMEA Longitude = 060 42.00 W
* NMEA UTC (Time) = Nov 22 2021  11:46:05
* NMEA baud rate = 9600
** Ship: RVIB N.B. Palmer
** Cruise: NBP2113 LTER
** Station: 831.-002
** Operator: B. Urmston
# nquan = 25
# nvalues = 597                         
# units = specified
# name 0 = prDM: Pressure, Digiquartz [db]
# name 1 = depSM: Depth [salt water, m]
# name 2 = t090C: Temperature [ITS-90, deg C]
# name 3 = c0mS/cm: Conductivity [mS/cm]
# name 4 = t190C: Temperature, 2 [ITS-90, deg C]
# name 5 = c1mS/cm: Conductivity, 2 [mS/cm]
# name 6 = sbeox0ML/L: Oxygen, SBE 43 [ml/l]
# name 7 = sbeox1ML/L: Oxygen, SBE 43, 2 [ml/l]
# name 8 = flECO-AFL: Fluorescence, WET Labs ECO-AFL/FL [mg/m^3]
# name 9 = CStarTr0: Beam Transmission, WET Labs C-Star [%]
# name 10 = par: PAR/Irradiance, Biospherical/Licor
# name 11 = latitude: Latitude [deg]
# name 12 = longitude: Longitude [deg]
# name 13 = timeJ: Julian Days
# name 14 = altM: Altimeter [m]
# name 15 = spar: SPAR, Biospherical/Licor
# name 16 = timeS: Time, Elapsed [seconds]
# name 17 = scan: Scan Count
# name 18 = density00: Density [density, kg/m^3]
# name 19 = density11: Density, 2 [density, kg/m^3]
# name 20 = sal00: Salinity, Practical [PSU]
# name 21 = sal11: Salinity, Practical, 2 [PSU]
# name 22 = oxsolML/L: Oxygen Saturation, Garcia & Gordon [ml/l]
# name 23 = nbin: number of scans per bin
# name 24 = flag: flag
# span 0 =      5.000,    601.000       
# span 1 =      4.949,    594.304       
# span 2 =    -1.3531,    -0.6563       
# span 3 =  27.600342,  27.980004       
# span 4 =    -1.3527,    -0.6577       
# span 5 =  27.599064,  27.976372       
# span 6 =     6.7881,     7.5258       
# span 7 =     6.7594,     7.5568       
# span 8 =    -0.0151,     0.9223       
# span 9 =    93.7468,    98.7498       
# span 10 = 1.0000e-12, 8.2726e+01      
# span 11 =  -63.57548,  -63.57544      
# span 12 =  -60.69966,  -60.69924      
# span 13 = 326.494048, 326.504749      
# span 14 =     -10.52,     102.48      
# span 15 = 1.7682e+03, 1.7931e+03      
# span 16 =    320.726,   1245.368      
# span 17 =       7698,      29890      
# span 18 =  1027.6195,  1030.6286      
# span 19 =  1027.6169,  1030.6271      
# span 20 =    34.3275,    34.5027      
# span 21 =    34.3239,    34.5008      
# span 22 =    8.18786,    8.33442      
# span 23 =         11,         51      
# span 24 = 0.0000e+00, 0.0000e+00      
# interval = decibars: 1                
# start_time = Nov 22 2021 11:46:05 [NMEA time, header]
# bad_flag = -9.990e-29
*END*
[from data line 464]
    469.000    463.924    -1.3035  27.759238    -1.3030  27.758086     7.0014     6.9364     0.0282    98.4125 1.0000e-12  -63.57548  -60.69929 326.502546      99.98 1.7839e+03   1055.014      25321  1029.9858  1029.9841    34.4797    34.4776    8.32111         35 0.0000e+00
    470.000    464.913    -1.3033  27.759850    -1.3033  27.758257     6.9850     6.9282     0.0272    98.4461 1.0000e-12  -63.57548  -60.69930 326.502577      99.98 1.7859e+03   1057.690      25386  1029.9905  1029.9889    34.4797    34.4776    8.32106         31 0.0000e+00
    471.000    465.899    -1.3022  27.761891    -1.3019  27.760729     6.9784     6.9339     0.0215    98.4317 1.0000e-12  -63.57548  -60.69929 326.502589      99.98 1.7849e+03   1058.699      25410  1029.9960  1029.9944    34.4806    34.4788    8.32077         22 0.0000e+00
    472.000    466.890    -1.3026  27.762044    -1.3020  27.760914     6.9784     6.9278     0.0216    98.4196 1.0000e-12  -63.57548  -60.69928 326.502599      99.98 1.7837e+03   1059.530      25430  1030.0008  1029.9990    34.4807    34.4785    8.32085         19 0.0000e+00
    473.000    467.877    -1.3025  27.762663    -1.3021  27.761324     6.9568     6.9130     0.0216    98.2234 1.0000e-12  -63.57548  -60.69928 326.502608      99.98 1.7823e+03   1060.305      25448  1030.0056  1030.0038    34.4808    34.4786    8.32082         19 0.0000e+00
    474.000    468.864    -1.3024  27.763091    -1.3007  27.763809     6.9445     6.9005     0.0216    98.2565 1.0000e-12  -63.57548  -60.69928 326.502618      99.98 1.7837e+03   1061.187      25469  1030.0103  1030.0094    34.4807    34.4797    8.32082         24 0.0000e+00
    475.000    469.853    -1.2948  27.774984    -1.2937  27.774718     6.9315     6.8919     0.0409    98.4096 1.0000e-12  -63.57548  -60.69928 326.502631      99.98 1.7853e+03   1062.342      25497  1030.0200  1030.0187    34.4876    34.4860    8.31871         31 0.0000e+00
    476.000    470.841    -1.2936  27.777216    -1.2931  27.776271     6.9322     6.8883     0.0304    98.4417 1.0000e-12  -63.57548  -60.69930 326.502648      99.98 1.7876e+03   1063.805      25532  1030.0257  1030.0242    34.4887    34.4869    8.31838         36 0.0000e+00
    477.000    471.828    -1.2926  27.778898    -1.2925  27.777518     6.9332     6.8894     0.0264    98.4722 1.0000e-12  -63.57548  -60.69930 326.502667      99.98 1.7869e+03   1065.399      25571  1030.0308  1030.0292    34.4893    34.4872    8.31813         36 0.0000e+00
    478.000    472.817    -1.2925  27.779783    -1.2923  27.778566     6.9228     6.8867     0.0086    98.4945 1.0000e-12  -63.57548  -60.69930 326.502682      99.98 1.7848e+03   1066.743      25603  1030.0360  1030.0344    34.4898    34.4878    8.31808         28 0.0000e+00
    479.000    473.805    -1.2926  27.780328    -1.2922  27.779121     6.9318     6.8850     0.0066    98.5298 1.0000e-12  -63.57548  -60.69930 326.502696      99.98 1.7840e+03   1067.897      25631  1030.0409  1030.0393    34.4900    34.4879    8.31808         26 0.0000e+00
    480.000    474.792    -1.2925  27.781165    -1.2921  27.779927     6.9294     6.8804     0.0072    98.5468 1.0000e-12  -63.57548  -60.69930 326.502708      99.98 1.7853e+03   1068.987      25657  1030.0461  1030.0443    34.4904    34.4883    8.31803         26 0.0000e+00
    481.000    475.781    -1.2920  27.782184    -1.2917  27.781084     6.9356     6.8804     0.0205    98.5812 1.0000e-12  -63.57548  -60.69930 326.502721      99.98 1.7858e+03   1070.083      25683  1030.0510  1030.0495    34.4906    34.4887    8.31791         27 0.0000e+00
    482.000    476.769    -1.2913  27.783503    -1.2912  27.781994     6.9333     6.8793     0.0019    98.5930 1.0000e-12  -63.57548  -60.69930 326.502735      99.98 1.7859e+03   1071.266      25711  1030.0560  1030.0542    34.4910    34.4888    8.31773         30 0.0000e+00
    483.000    477.757    -1.2915  27.783688    -1.2913  27.782328     6.9291     6.8789     0.0142    98.6093 1.0000e-12  -63.57548  -60.69931 326.502750      99.98 1.7875e+03   1072.639      25744  1030.0608  1030.0591    34.4909    34.4888    8.31779         36 0.0000e+00
    484.000    478.745    -1.2907  27.785063    -1.2910  27.783223     6.9304     6.8808     0.0091    98.6050 1.0000e-12  -63.57548  -60.69930 326.502769      99.98 1.7891e+03   1074.221      25782  1030.0657  1030.0640    34.4913    34.4890    8.31759         38 0.0000e+00
    485.000    479.732    -1.2915  27.784317    -1.2914  27.782918     6.9329     6.8840     0.0069    98.6745 1.0000e-12  -63.57548  -60.69930 326.502785      99.98 1.7875e+03   1075.621      25816  1030.0700  1030.0683    34.4905    34.4885    8.31780         30 0.0000e+00
    486.000    480.721    -1.2912  27.785295    -1.2910  27.783938     6.9289     6.8819     0.0069    98.6493 1.0000e-12  -63.57548  -60.69930 326.502799      99.98 1.7847e+03   1076.807      25844  1030.0750  1030.0733    34.4909    34.4888    8.31772         28 0.0000e+00
    487.000    481.708    -1.2900  27.787480    -1.2899  27.786114     6.9150     6.8698     0.0100    98.6368 1.0000e-12  -63.57548  -60.69930 326.502814      99.98 1.7844e+03   1078.124      25876  1030.0805  1030.0788    34.4919    34.4899    8.31739         37 0.0000e+00
    488.000    482.696    -1.2889  27.789554    -1.2887  27.788341     6.9134     6.8652     0.0198    98.6486 1.0000e-12  -63.57548  -60.69930 326.502832      99.98 1.7878e+03   1079.693      25914  1030.0859  1030.0844    34.4929    34.4910    8.31709         34 0.0000e+00
    489.000    483.685    -1.2885  27.790514    -1.2882  27.789388     6.9072     6.8611     0.0081    98.6662 1.0000e-12  -63.57548  -60.69930 326.502846      99.98 1.7908e+03   1080.901      25943  1030.0909  1030.0893    34.4931    34.4912    8.31699         25 0.0000e+00
    490.000    484.673    -1.2883  27.791311    -1.2880  27.790032     6.9195     6.8642     0.0069    98.6630 1.0000e-12  -63.57548  -60.69930 326.502857      99.98 1.7894e+03   1081.825      25965  1030.0958  1030.0941    34.4934    34.4912    8.31693         20 0.0000e+00
    491.000    485.660    -1.2882  27.791763    -1.2879  27.790606     6.9228     6.8657     0.0069    98.6808 1.0000e-12  -63.57548  -60.69931 326.502866      99.98 1.7880e+03   1082.636      25984  1030.1005  1030.0990    34.4933    34.4914    8.31692         20 0.0000e+00
    492.000    486.648    -1.2883  27.792054    -1.2880  27.790813     6.9044     6.8648     0.0069    98.6843 1.0000e-12  -63.57548  -60.69932 326.502876      99.98 1.7872e+03   1083.526      26006  1030.1052  1030.1035    34.4932    34.4911    8.31695         24 0.0000e+00
    493.000    487.637    -1.2882  27.792528    -1.2880  27.791240     6.9141     6.8692     0.0098    98.6790 1.0000e-12  -63.57548  -60.69932 326.502890      99.98 1.7858e+03   1084.705      26034  1030.1099  1030.1082    34.4930    34.4911    8.31692         31 0.0000e+00
    494.000    488.623    -1.2879  27.793180    -1.2878  27.791940     6.9205     6.8636     0.0143    98.6847 1.0000e-12  -63.57548  -60.69932 326.502906      99.98 1.7842e+03   1086.052      26066  1030.1146  1030.1131    34.4930    34.4912    8.31686         33 0.0000e+00
    495.000    489.612    -1.2881  27.793444    -1.2878  27.792350     6.9209     6.8643     0.0149    98.6982 1.0000e-12  -63.57548  -60.69932 326.502922      99.98 1.7823e+03   1087.469      26100  1030.1194  1030.1178    34.4930    34.4911    8.31691         34 0.0000e+00
    496.000    490.600    -1.2887  27.793333    -1.2881  27.792407     6.9230     6.8693     0.0180    98.6908 1.0000e-12  -63.57548  -60.69932 326.502942      94.32 1.7852e+03   1089.191      26142  1030.1241  1030.1224    34.4929    34.4909    8.31704         42 0.0000e+00
    497.000    491.589    -1.2886  27.793714    -1.2882  27.792632     6.9107     6.8617     0.0082    98.6966 1.0000e-12  -63.57548  -60.69932 326.502965      77.83 1.7893e+03   1091.155      26189  1030.1286  1030.1270    34.4927    34.4907    8.31703         35 0.0000e+00
    498.000    492.576    -1.2878  27.795090    -1.2876  27.793838     6.9049     6.8524     0.0125    98.7188 1.0000e-12  -63.57548  -60.69930 326.502978     100.60 1.7884e+03   1092.285      26216  1030.1337  1030.1321    34.4931    34.4911    8.31684         23 0.0000e+00
    499.000    493.563    -1.2876  27.795941    -1.2874  27.794561     6.9145     6.8556     0.0068    98.7279 1.0000e-12  -63.57548  -60.69930 326.502987      99.98 1.7872e+03   1093.094      26235  1030.1387  1030.1369    34.4934    34.4912    8.31677         17 0.0000e+00
    500.000    494.552    -1.2875  27.796460    -1.2873  27.795122     6.9192     6.8596     0.0069    98.6874 1.0000e-12  -63.57548  -60.69930 326.502995      99.98 1.7858e+03   1093.751      26251  1030.1434  1030.1417    34.4933    34.4912    8.31675         15 0.0000e+00
    501.000    495.540    -1.2876  27.796610    -1.2873  27.795556     6.9194     6.8615     0.0069    98.7307 1.0000e-12  -63.57548  -60.69930 326.503002      99.98 1.7858e+03   1094.380      26266  1030.1480  1030.1464    34.4931    34.4912    8.31680         15 0.0000e+00
    502.000    496.528    -1.2877  27.797068    -1.2874  27.795856     6.9156     6.8615     0.0069    98.7112 1.0000e-12  -63.57548  -60.69932 326.503010      99.98 1.7858e+03   1095.053      26282  1030.1528  1030.1511    34.4932    34.4911    8.31680         18 0.0000e+00
    503.000    497.514    -1.2878  27.797432    -1.2874  27.796267     6.9129     6.8614     0.0119    98.6918 1.0000e-12  -63.57548  -60.69932 326.503026      99.98 1.7861e+03   1096.480      26317  1030.1576  1030.1559    34.4932    34.4911    8.31683         26 0.0000e+00
    504.000    498.503    -1.2876  27.798035    -1.2873  27.796697     6.9122     6.8599     0.0074    98.7202 1.0000e-12  -63.57548  -60.69932 326.503064      99.98 1.7877e+03   1099.697      26394  1030.1623  1030.1605    34.4932    34.4910    8.31678         29 0.0000e+00
    505.000    499.491    -1.2876  27.798520    -1.2873  27.797282     6.9071     6.8627     0.0069    98.6813 1.0000e-12  -63.57548  -60.69932 326.503074      99.98 1.7876e+03   1100.613      26416  1030.1670  1030.1654    34.4932    34.4912    8.31677         21 0.0000e+00
    506.000    500.481    -1.2876  27.799039    -1.2873  27.797685     6.9163     6.8583     0.0069    98.6912 1.0000e-12  -63.57548  -60.69932 326.503084      99.98 1.7876e+03   1101.426      26435  1030.1719  1030.1702    34.4933    34.4911    8.31677         18 0.0000e+00
    507.000    501.467    -1.2876  27.799506    -1.2874  27.798020     6.9195     6.8532     0.0047    98.6797 1.0000e-12  -63.57548  -60.69932 326.503093      99.98 1.7876e+03   1102.189      26454  1030.1767  1030.1749    34.4933    34.4911    8.31677         20 0.0000e+00
    508.000    502.456    -1.2877  27.799731    -1.2874  27.798353     6.9210     6.8568     0.0042    98.6438 1.0000e-12  -63.57548  -60.69932 326.503104      99.92 1.7876e+03   1103.170      26477  1030.1813  1030.1795    34.4931    34.4909    8.31680         29 0.0000e+00
    509.000    503.443    -1.2876  27.800212    -1.2871  27.799163     6.9048     6.8557     0.0112    98.6862 1.0000e-12  -63.57548  -60.69932 326.503119      99.34 1.7892e+03   1104.499      26509  1030.1860  1030.1844    34.4931    34.4911    8.31679         32 0.0000e+00
    510.000    504.431    -1.2874  27.800987    -1.2871  27.799692     6.9057     6.8557     0.0030    98.6962 1.0000e-12  -63.57548  -60.69932 326.503133      98.33 1.7881e+03   1105.688      26538  1030.1909  1030.1891    34.4932    34.4911    8.31672         26 0.0000e+00
    511.000    505.418    -1.2874  27.801291    -1.2871  27.800049     6.9037     6.8577     0.0031    98.7024 1.0000e-12  -63.57548  -60.69932 326.503145      97.43 1.7854e+03   1106.693      26562  1030.1955  1030.1938    34.4931    34.4910    8.31675         23 0.0000e+00
    512.000    506.408    -1.2875  27.801731    -1.2871  27.800446     6.9205     6.8622     0.0068    98.7203 1.0000e-12  -63.57548  -60.69932 326.503157      96.26 1.7821e+03   1107.735      26587  1030.2003  1030.1985    34.4932    34.4910    8.31676         28 0.0000e+00
    513.000    507.394    -1.2874  27.802286    -1.2871  27.801016     6.9155     6.8598     0.0099    98.7176 1.0000e-12  -63.57548  -60.69932 326.503175      95.16 1.7814e+03   1109.345      26625  1030.2052  1030.2034    34.4933    34.4911    8.31674         41 0.0000e+00
    514.000    508.382    -1.2871  27.803003    -1.2868  27.801668     6.9102     6.8580     0.0068    98.7021 1.0000e-12  -63.57548  -60.69932 326.503197      94.24 1.7869e+03   1111.218      26670  1030.2098  1030.2081    34.4933    34.4911    8.31667         34 0.0000e+00
    515.000    509.370    -1.2865  27.804102    -1.2864  27.802669     6.9094     6.8620     0.0069    98.7456 1.0000e-12  -63.57548  -60.69932 326.503211      93.31 1.7908e+03   1112.425      26699  1030.2147  1030.2131    34.4935    34.4914    8.31652         27 0.0000e+00
    516.000    510.357    -1.2865  27.804626    -1.2863  27.803304     6.9024     6.8550     0.0069    98.7021 1.0000e-12  -63.57548  -60.69932 326.503223      92.32 1.7904e+03   1113.468      26724  1030.2196  1030.2179    34.4936    34.4915    8.31651         24 0.0000e+00
    517.000    511.346    -1.2866  27.804878    -1.2864  27.803575     6.9099     6.8594     0.0069    98.6503 1.0000e-12  -63.57548  -60.69932 326.503235      91.07 1.7869e+03   1114.534      26750  1030.2242  1030.2225    34.4934    34.4914    8.31655         27 0.0000e+00
    518.000    512.334    -1.2868  27.805152    -1.2865  27.803786     6.9082     6.8605     0.0120    98.7224 1.0000e-12  -63.57548  -60.69932 326.503249      90.25 1.7829e+03   1115.710      26778  1030.2290  1030.2272    34.4935    34.4912    8.31660         29 0.0000e+00
    519.000    513.322    -1.2865  27.805939    -1.2862  27.804654     6.9024     6.8570     0.0087    98.7161 1.0000e-12  -63.57548  -60.69932 326.503263      89.23 1.7827e+03   1116.906      26807  1030.2338  1030.2321    34.4935    34.4915    8.31652         29 0.0000e+00
    520.000    514.309    -1.2864  27.806490    -1.2862  27.805218     6.9034     6.8600     0.0005    98.6933 1.0000e-12  -63.57548  -60.69932 326.503276      88.21 1.7858e+03   1118.055      26834  1030.2385  1030.2369    34.4935    34.4915    8.31649         26 0.0000e+00
    521.000    515.297    -1.2864  27.806883    -1.2862  27.805691     6.9061     6.8571     0.0058    98.7251 1.0000e-12  -63.57548  -60.69934 326.503289      87.17 1.7876e+03   1119.163      26861  1030.2433  1030.2417    34.4935    34.4916    8.31650         27 0.0000e+00
    522.000    516.284    -1.2866  27.807168    -1.2862  27.805956     6.9076     6.8539     0.0129    98.7418 1.0000e-12  -63.57548  -60.69934 326.503303      86.14 1.7876e+03   1120.398      26891  1030.2480  1030.2463    34.4935    34.4914    8.31654         32 0.0000e+00
    523.000    517.273    -1.2865  27.807845    -1.2861  27.806555     6.9027     6.8557     0.0104    98.7498 1.0000e-12  -63.57548  -60.69934 326.503322      85.06 1.7858e+03   1122.034      26930  1030.2529  1030.2511    34.4937    34.4915    8.31650         42 0.0000e+00
    524.000    518.261    -1.2861  27.808571    -1.2858  27.807291     6.8910     6.8559     0.0144    98.7445 1.0000e-12  -63.57548  -60.69933 326.503340      84.08 1.7837e+03   1123.570      26967  1030.2576  1030.2559    34.4936    34.4915    8.31642         31 0.0000e+00
    525.000    519.248    -1.2861  27.808959    -1.2859  27.807741     6.8944     6.8528     0.0143    98.7418 1.0000e-12  -63.57548  -60.69932 326.503354      82.97 1.7844e+03   1124.798      26996  1030.2623  1030.2607    34.4935    34.4916    8.31643         29 0.0000e+00
