NBP2113_155081_ctd/data/dnbp2113_005.cnv
* Sea-Bird SBE 9 Data File:
* FileName = D:\Data\raw\NBP2113_005.hex
* Software Version Seasave V 7.26.7.121
* Temperature SN = 2438
* Conductivity SN = 2067
* Number of Bytes Per Scan = 40
* Number of Voltage Words = 5
* Number of Scans Averaged by the Deck Unit = 1
* NMEA Latitude = 64 04.86 S
* NMEA Longitude = 063 46.34 W
* NMEA UTC (Time) = Nov 23 2021  13:58:01
* NMEA baud rate = 9600
** Ship: RVIB N.B. Palmer
** Cruise: NBP2113 LTER
** Station: 692.080
** Operator: B. Urmston
# nquan = 25
# nvalues = 517                         
# units = specified
# name 0 = prDM: Pressure, Digiquartz [db]
# name 1 = depSM: Depth [salt water, m]
# name 2 = t090C: Temperature [ITS-90, deg C]
# name 3 = c0mS/cm: Conductivity [mS/cm]
# name 4 = t190C: Temperature, 2 [ITS-90, deg C]
# name 5 = c1mS/cm: Conductivity, 2 [mS/cm]
# name 6 = sbeox0ML/L: Oxygen, SBE 43 [ml/l]
# name 7 = sbeox1ML/L: Oxygen, SBE 43, 2 [ml/l]
# name 8 = flECO-AFL: Fluorescence, WET Labs ECO-AFL/FL [mg/m^3]
# name 9 = CStarTr0: Beam Transmission, WET Labs C-Star [%]
# name 10 = par: PAR/Irradiance, Biospherical/Licor
# name 11 = latitude: Latitude [deg]
# name 12 = longitude: Longitude [deg]
# name 13 = timeJ: Julian Days
# name 14 = altM: Altimeter [m]
# name 15 = spar: SPAR, Biospherical/Licor
# name 16 = timeS: Time, Elapsed [seconds]
# name 17 = scan: Scan Count
# name 18 = density00: Density [density, kg/m^3]
# name 19 = density11: Density, 2 [density, kg/m^3]
# name 20 = sal00: Salinity, Practical [PSU]
# name 21 = sal11: Salinity, Practical, 2 [PSU]
# name 22 = oxsolML/L: Oxygen Saturation, Garcia & Gordon [ml/l]
# name 23 = nbin: number of scans per bin
# name 24 = flag: flag
# span 0 =      5.000,    521.000       
# span 1 =      4.951,    515.278       
# span 2 =    -0.2835,     1.5253       
# span 3 =  28.038852,  30.367240       
# span 4 =    -0.2829,     1.5253       
# span 5 =  28.037343,  30.366045       
# span 6 =     4.1824,     8.1652       
# span 7 =     4.1711,     8.0379       
# span 8 =    -0.0217,     1.8137       
# span 9 =    87.1227,    98.9778       
# span 10 = 1.0000e-12, 1.7793e+02      
# span 11 =  -64.08163,  -64.08136      
# span 12 =  -63.77211,  -63.77180      
# span 13 = 327.585846, 327.599882      
# span 14 =       7.80,      99.99      
# span 15 = 3.4903e+02, 4.7064e+02      
# span 16 =    336.088,   1548.806      
# span 17 =       8067,      37172      
# span 18 =  1027.2349,  1030.2230      
# span 19 =  1027.2323,  1030.2217      
# span 20 =    33.8799,    34.7106      
# span 21 =    33.8767,    34.7092      
# span 22 =    7.71803,    8.12410      
# span 23 =          9,         51      
# span 24 = 0.0000e+00, 0.0000e+00      
# interval = decibars: 1                
# start_time = Nov 23 2021 13:58:01 [NMEA time, header]
# bad_flag = -9.990e-29
*END*
[from data line 464]
    469.000    463.906     1.5189  30.341167     1.5189  30.339989     4.1991     4.1830    -0.0150    98.7873 1.0000e-12  -64.08150  -63.77192 327.595824      59.91 3.5963e+02   1198.157      28757  1029.9803  1029.9790    34.7103    34.7088    7.71895         28 0.0000e+00
    470.000    464.895     1.5195  30.341923     1.5196  30.340859     4.1934     4.1816    -0.0150    98.7986 1.0000e-12  -64.08150  -63.77192 327.595837      58.96 3.5963e+02   1199.282      28784  1029.9847  1029.9836    34.7101    34.7087    7.71885         27 0.0000e+00
    471.000    465.884     1.5199  30.342627     1.5197  30.341495     4.1865     4.1862    -0.0145    98.7911 1.0000e-12  -64.08150  -63.77192 327.595850      57.96 3.6072e+02   1200.403      28811  1029.9893  1029.9883    34.7099    34.7087    7.71878         27 0.0000e+00
    472.000    466.872     1.5198  30.343038     1.5199  30.341920     4.1932     4.1844    -0.0084    98.8064 1.0000e-12  -64.08150  -63.77192 327.595864      56.85 3.6139e+02   1201.680      28841  1029.9940  1029.9928    34.7100    34.7085    7.71880         34 0.0000e+00
    473.000    467.859     1.5192  30.343203     1.5193  30.342038     4.1991     4.1832    -0.0071    98.8012 1.0000e-12  -64.08150  -63.77192 327.595882      55.80 3.6139e+02   1203.200      28878  1029.9989  1029.9976    34.7103    34.7087    7.71890         39 0.0000e+00
    474.000    468.847     1.5188  30.343311     1.5189  30.342252     4.1918     4.1752    -0.0016    98.8089 1.0000e-12  -64.08150  -63.77192 327.595900      54.83 3.6139e+02   1204.740      28915  1030.0037  1030.0025    34.7104    34.7088    7.71898         33 0.0000e+00
    475.000    469.835     1.5188  30.343863     1.5188  30.342709     4.1956     4.1799    -0.0113    98.7592 1.0000e-12  -64.08150  -63.77192 327.595913      53.90 3.6309e+02   1205.925      28943  1030.0084  1030.0072    34.7104    34.7090    7.71897         25 0.0000e+00
    476.000    470.823     1.5191  30.344584     1.5191  30.343382     4.1976     4.1796    -0.0146    98.7647 1.0000e-12  -64.08150  -63.77192 327.595924      53.03 3.6315e+02   1206.840      28965  1030.0131  1030.0119    34.7104    34.7090    7.71891         20 0.0000e+00
    477.000    471.811     1.5193  30.345106     1.5192  30.343977     4.1986     4.1796    -0.0150    98.7660 1.0000e-12  -64.08150  -63.77192 327.595934      51.96 3.6315e+02   1207.664      28985  1030.0177  1030.0166    34.7103    34.7090    7.71888         20 0.0000e+00
    478.000    472.799     1.5193  30.345519     1.5192  30.344406     4.2016     4.1816    -0.0112    98.7608 1.0000e-12  -64.08150  -63.77192 327.595945      50.88 3.6315e+02   1208.688      29010  1030.0223  1030.0213    34.7103    34.7090    7.71888         31 0.0000e+00
    479.000    473.788     1.5192  30.345965     1.5192  30.344749     4.1987     4.1796    -0.0113    98.7608 1.0000e-12  -64.08150  -63.77192 327.595963      49.72 3.6315e+02   1210.216      29046  1030.0271  1030.0258    34.7104    34.7088    7.71890         40 0.0000e+00
    480.000    474.776     1.5194  30.346539     1.5194  30.345367     4.1948     4.1795    -0.0133    98.7476 1.0000e-12  -64.08150  -63.77192 327.595981      48.72 3.6451e+02   1211.777      29084  1030.0317  1030.0305    34.7104    34.7089    7.71886         33 0.0000e+00
    481.000    475.763     1.5196  30.347182     1.5195  30.345928     4.1974     4.1797    -0.0039    98.7376 1.0000e-12  -64.08150  -63.77192 327.595995      47.84 3.6493e+02   1212.999      29113  1030.0364  1030.0352    34.7104    34.7089    7.71882         26 0.0000e+00
    482.000    476.751     1.5197  30.347725     1.5195  30.346502     4.1946     4.1801     0.0003    98.7567 1.0000e-12  -64.08150  -63.77192 327.596007      46.90 3.6492e+02   1214.026      29138  1030.0411  1030.0400    34.7104    34.7090    7.71880         23 0.0000e+00
    483.000    477.739     1.5198  30.348274     1.5196  30.347098     4.1902     4.1818     0.0008    98.7597 1.0000e-12  -64.08150  -63.77192 327.596017      45.87 3.6492e+02   1214.901      29159  1030.0457  1030.0446    34.7104    34.7091    7.71878         19 0.0000e+00
    484.000    478.726     1.5198  30.348688     1.5196  30.347486     4.1947     4.1825    -0.0108    98.6851 1.0000e-12  -64.08150  -63.77192 327.596027      44.91 3.6492e+02   1215.699      29178  1030.0504  1030.0493    34.7104    34.7091    7.71878         20 0.0000e+00
    485.000    479.716     1.5196  30.348929     1.5194  30.347726     4.1950     4.1833    -0.0101    98.7098 1.0000e-12  -64.08150  -63.77192 327.596037      43.80 3.6500e+02   1216.586      29199  1030.0550  1030.0540    34.7103    34.7090    7.71882         24 0.0000e+00
    486.000    480.703     1.5195  30.349372     1.5195  30.348213     4.1942     4.1827    -0.0067    98.7055 1.0000e-12  -64.08150  -63.77192 327.596051      42.63 3.6573e+02   1217.847      29229  1030.0598  1030.0586    34.7104    34.7089    7.71883         38 0.0000e+00
    487.000    481.690     1.5199  30.350117     1.5200  30.348920     4.1891     4.1808    -0.0036    98.7177 1.0000e-12  -64.08150  -63.77192 327.596072      41.58 3.6673e+02   1219.601      29271  1030.0644  1030.0630    34.7104    34.7087    7.71877         37 0.0000e+00
    488.000    482.679     1.5200  30.350629     1.5201  30.349509     4.1955     4.1748    -0.0027    98.7031 1.0000e-12  -64.08150  -63.77192 327.596089      40.63 3.6668e+02   1221.074      29307  1030.0690  1030.0678    34.7103    34.7088    7.71874         32 0.0000e+00
    489.000    483.667     1.5201  30.351216     1.5200  30.349990     4.1895     4.1784    -0.0068    98.7456 1.0000e-12  -64.08150  -63.77192 327.596103      39.67 3.6668e+02   1222.268      29335  1030.0738  1030.0725    34.7104    34.7089    7.71872         26 0.0000e+00
    490.000    484.654     1.5201  30.351648     1.5200  30.350499     4.1945     4.1818    -0.0125    98.7348 1.0000e-12  -64.08150  -63.77192 327.596115      38.63 3.6668e+02   1223.357      29362  1030.0784  1030.0772    34.7104    34.7090    7.71872         26 0.0000e+00
    491.000    485.641     1.5201  30.352035     1.5200  30.350906     4.1857     4.1845    -0.0198    98.7301 1.0000e-12  -64.08150  -63.77192 327.596128      37.61 3.6668e+02   1224.445      29388  1030.0830  1030.0819    34.7103    34.7090    7.71872         27 0.0000e+00
    492.000    486.631     1.5203  30.352691     1.5201  30.351422     4.1861     4.1832    -0.0170    98.6400 1.0000e-12  -64.08150  -63.77192 327.596141      36.61 3.6668e+02   1225.564      29415  1030.0877  1030.0866    34.7104    34.7089    7.71869         27 0.0000e+00
    493.000    487.619     1.5203  30.353165     1.5202  30.351921     4.1903     4.1816    -0.0145    98.6870 1.0000e-12  -64.08151  -63.77192 327.596154      35.66 3.6668e+02   1226.735      29443  1030.0923  1030.0912    34.7103    34.7089    7.71868         29 0.0000e+00
    494.000    488.606     1.5206  30.353755     1.5205  30.352526     4.1950     4.1830    -0.0075    98.7284 1.0000e-12  -64.08152  -63.77192 327.596170      34.50 3.6668e+02   1228.077      29475  1030.0969  1030.0958    34.7102    34.7088    7.71863         35 0.0000e+00
    495.000    489.593     1.5206  30.354217     1.5206  30.353052     4.1948     4.1797    -0.0060    98.7010 1.0000e-12  -64.08152  -63.77192 327.596187      33.53 3.6668e+02   1229.534      29510  1030.1016  1030.1004    34.7103    34.7088    7.71864         34 0.0000e+00
    496.000    490.582     1.5205  30.354669     1.5205  30.353461     4.1948     4.1759    -0.0098    98.7183 1.0000e-12  -64.08151  -63.77192 327.596202      32.62 3.6668e+02   1230.823      29541  1030.1063  1030.1052    34.7103    34.7089    7.71864         28 0.0000e+00
    497.000    491.570     1.5206  30.355173     1.5205  30.353985     4.1900     4.1770    -0.0049    98.7166 1.0000e-12  -64.08150  -63.77192 327.596215      31.59 3.6668e+02   1231.978      29568  1030.1110  1030.1098    34.7103    34.7089    7.71863         27 0.0000e+00
    498.000    492.559     1.5207  30.355696     1.5206  30.354517     4.1965     4.1797    -0.0082    98.7301 1.0000e-12  -64.08150  -63.77192 327.596228      30.54 3.6668e+02   1233.116      29596  1030.1157  1030.1145    34.7103    34.7089    7.71861         29 0.0000e+00
    499.000    493.546     1.5207  30.356216     1.5207  30.355083     4.1892     4.1817    -0.0079    98.7329 1.0000e-12  -64.08150  -63.77192 327.596242      29.53 3.6668e+02   1234.333      29625  1030.1203  1030.1192    34.7104    34.7090    7.71860         30 0.0000e+00
    500.000    494.534     1.5203  30.356315     1.5203  30.355212     4.1918     4.1819    -0.0063    98.7354 1.0000e-12  -64.08151  -63.77192 327.596257      28.54 3.6668e+02   1235.616      29656  1030.1251  1030.1240    34.7103    34.7090    7.71868         31 0.0000e+00
    501.000    495.521     1.5207  30.356972     1.5208  30.355960     4.1898     4.1783    -0.0004    98.6778 1.0000e-12  -64.08152  -63.77192 327.596272      27.56 3.6668e+02   1236.906      29687  1030.1296  1030.1285    34.7102    34.7089    7.71861         31 0.0000e+00
    502.000    496.510     1.5203  30.357278     1.5202  30.356079     4.1836     4.1762    -0.0091    98.6964 1.0000e-12  -64.08152  -63.77192 327.596287      26.58 3.6668e+02   1238.201      29718  1030.1345  1030.1334    34.7105    34.7091    7.71868         32 0.0000e+00
    503.000    497.497     1.5204  30.357752     1.5204  30.356691     4.1889     4.1774    -0.0150    98.7247 1.0000e-12  -64.08152  -63.77192 327.596303      25.50 3.6628e+02   1239.541      29750  1030.1391  1030.1380    34.7104    34.7090    7.71866         31 0.0000e+00
    504.000    498.485     1.5209  30.358547     1.5208  30.357361     4.1950     4.1783    -0.0150    98.7258 1.0000e-12  -64.08152  -63.77192 327.596318      24.57 3.6495e+02   1240.875      29782  1030.1436  1030.1425    34.7103    34.7089    7.71857         32 0.0000e+00
    505.000    499.473     1.5208  30.359005     1.5208  30.357884     4.1956     4.1812    -0.0082    98.7532 1.0000e-12  -64.08152  -63.77192 327.596332      23.54 3.6492e+02   1242.117      29812  1030.1484  1030.1473    34.7104    34.7090    7.71858         29 0.0000e+00
    506.000    500.461     1.5202  30.359005     1.5200  30.357785     4.1906     4.1827     0.0002    98.7341 1.0000e-12  -64.08152  -63.77192 327.596346      22.55 3.6492e+02   1243.315      29841  1030.1532  1030.1522    34.7105    34.7091    7.71870         29 0.0000e+00
    507.000    501.448     1.5201  30.359303     1.5199  30.358161     4.1844     4.1863    -0.0184    98.6560 1.0000e-12  -64.08151  -63.77192 327.596361      21.57 3.6492e+02   1244.597      29871  1030.1579  1030.1569    34.7105    34.7092    7.71873         33 0.0000e+00
    508.000    502.437     1.5197  30.359508     1.5196  30.358344     4.1870     4.1804    -0.0063    98.7221 1.0000e-12  -64.08151  -63.77192 327.596378      20.45 3.6414e+02   1246.041      29906  1030.1627  1030.1616    34.7106    34.7092    7.71879         36 0.0000e+00
    509.000    503.424     1.5196  30.359915     1.5196  30.358756     4.1917     4.1804    -0.0049    98.6785 1.0000e-12  -64.08152  -63.77192 327.596398      19.42 3.6315e+02   1247.756      29947  1030.1674  1030.1662    34.7106    34.7091    7.71881         39 0.0000e+00
    510.000    504.412     1.5198  30.360538     1.5199  30.359323     4.1929     4.1824    -0.0067    98.7293 1.0000e-12  -64.08152  -63.77192 327.596425      18.38 3.6315e+02   1250.151      30005  1030.1721  1030.1708    34.7106    34.7090    7.71877         46 0.0000e+00
    511.000    505.400     1.5199  30.360986     1.5198  30.359862     4.1949     4.1833    -0.0109    98.7298 1.0000e-12  -64.08152  -63.77192 327.596449      17.45 3.6288e+02   1252.187      30053  1030.1766  1030.1756    34.7105    34.7092    7.71875         39 0.0000e+00
    512.000    506.388     1.5205  30.361971     1.5205  30.360813     4.1855     4.1805    -0.0144    98.7054 1.0000e-12  -64.08152  -63.77192 327.596467      16.49 3.6140e+02   1253.760      30091  1030.1813  1030.1801    34.7106    34.7090    7.71864         36 0.0000e+00
    513.000    507.375     1.5207  30.362629     1.5208  30.361369     4.1900     4.1787    -0.0067    98.7442 1.0000e-12  -64.08151  -63.77192 327.596486      15.43 3.6139e+02   1255.351      30129  1030.1860  1030.1846    34.7106    34.7088    7.71860         36 0.0000e+00
    514.000    508.366     1.5205  30.362870     1.5205  30.361640     4.1833     4.1776    -0.0091    98.7393 1.0000e-12  -64.08152  -63.77192 327.596530      14.33 3.5997e+02   1259.183      30221  1030.1906  1030.1893    34.7105    34.7090    7.71863         26 0.0000e+00
    515.000    509.351     1.5208  30.363564     1.5205  30.362145     4.1851     4.1762    -0.0070    98.7319 1.0000e-12  -64.08152  -63.77192 327.596557      13.43 3.5963e+02   1261.556      30278  1030.1952  1030.1941    34.7105    34.7090    7.71858         39 0.0000e+00
    516.000    510.339     1.5215  30.364462     1.5215  30.363290     4.1912     4.1749    -0.0057    98.7195 1.0000e-12  -64.08152  -63.77192 327.596579      12.38 3.5959e+02   1263.445      30324  1030.1996  1030.1984    34.7103    34.7088    7.71845         47 0.0000e+00
    517.000    511.326     1.5215  30.364964     1.5216  30.363756     4.1905     4.1827    -0.0147    98.7344 1.0000e-12  -64.08152  -63.77192 327.596609      11.31 3.5806e+02   1265.982      30385  1030.2044  1030.2030    34.7104    34.7087    7.71845         34 0.0000e+00
    518.000    512.311     1.5215  30.365460     1.5216  30.364219     4.1872     4.1815    -0.0080    98.7685 1.0000e-12  -64.08152  -63.77191 327.596679      10.28 3.5713e+02   1272.085      30531  1030.2091  1030.2078    34.7104    34.7088    7.71844         38 0.0000e+00
    519.000    513.303     1.5219  30.366157     1.5219  30.364908     4.1909     4.1809     0.0050    98.7668 1.0000e-12  -64.08152  -63.77192 327.596712       9.40 3.5609e+02   1274.894      30598  1030.2137  1030.2123    34.7104    34.7087    7.71838         39 0.0000e+00
    520.000    514.291     1.5219  30.366626     1.5220  30.365428     4.1861     4.1786    -0.0087    98.7315 1.0000e-12  -64.08152  -63.77191 327.596981       8.39 3.5422e+02   1298.183      31157  1030.2183  1030.2170    34.7103    34.7087    7.71837         41 0.0000e+00
    521.000    515.278     1.5220  30.367240     1.5222  30.366045     4.1824     4.1804    -0.0087    98.7388 1.0000e-12  -64.08163  -63.77180 327.599882       7.80 3.9541e+02   1548.806      37172  1030.2230  1030.2217    34.7104    34.7087    7.71834         42 0.0000e+00
