NBP2113_155081_ctd/data/dnbp2113_018.cnv
* Sea-Bird SBE 9 Data File:
* FileName = D:\Data\raw\NBP2113_018.hex
* Software Version Seasave V 7.26.7.121
* Temperature SN = 2438
* Conductivity SN = 2067
* Number of Bytes Per Scan = 40
* Number of Voltage Words = 5
* Number of Scans Averaged by the Deck Unit = 1
* NMEA Latitude = 65 50.87 S
* NMEA Longitude = 071 22.66 W
* NMEA UTC (Time) = Nov 28 2021  20:11:54
* NMEA baud rate = 9600
** Ship: RVIB N.B. Palmer
** Cruise: NBP2113 LTER
** Station: 300.200
** Operator: S. Blackman
# nquan = 25
# nvalues = 3098                        
# units = specified
# name 0 = prDM: Pressure, Digiquartz [db]
# name 1 = depSM: Depth [salt water, m]
# name 2 = t090C: Temperature [ITS-90, deg C]
# name 3 = c0mS/cm: Conductivity [mS/cm]
# name 4 = t190C: Temperature, 2 [ITS-90, deg C]
# name 5 = c1mS/cm: Conductivity, 2 [mS/cm]
# name 6 = sbeox0ML/L: Oxygen, SBE 43 [ml/l]
# name 7 = sbeox1ML/L: Oxygen, SBE 43, 2 [ml/l]
# name 8 = flECO-AFL: Fluorescence, WET Labs ECO-AFL/FL [mg/m^3]
# name 9 = CStarTr0: Beam Transmission, WET Labs C-Star [%]
# name 10 = par: PAR/Irradiance, Biospherical/Licor
# name 11 = latitude: Latitude [deg]
# name 12 = longitude: Longitude [deg]
# name 13 = timeJ: Julian Days
# name 14 = altM: Altimeter [m]
# name 15 = spar: SPAR, Biospherical/Licor
# name 16 = timeS: Time, Elapsed [seconds]
# name 17 = scan: Scan Count
# name 18 = density00: Density [density, kg/m^3]
# name 19 = density11: Density, 2 [density, kg/m^3]
# name 20 = sal00: Salinity, Practical [PSU]
# name 21 = sal11: Salinity, Practical, 2 [PSU]
# name 22 = oxsolML/L: Oxygen Saturation, Garcia & Gordon [ml/l]
# name 23 = nbin: number of scans per bin
# name 24 = flag: flag
# span 0 =      5.000,   3102.000       
# span 1 =      4.951,   3048.984       
# span 2 =    -0.9604,     1.9798       
# span 3 =  27.559609,  30.705951       
# span 4 =    -0.9587,     1.9795       
# span 5 =  27.559233,  30.705150       
# span 6 =     3.9066,     8.4230       
# span 7 =     3.9540,     8.4608       
# span 8 =    -0.0220,    10.1452       
# span 9 =    85.2241,    97.8607       
# span 10 = 1.0000e-12, 1.0000e-12      
# span 11 =  -65.84838,  -65.84752      
# span 12 =  -71.37858,  -71.37718      
# span 13 = 332.844803, 332.889189      
# span 14 =       1.14,     108.25      
# span 15 = 2.0217e+02, 6.2851e+02      
# span 16 =    276.952,   4111.969      
# span 17 =       6648,      98688      
# span 18 =  1027.3162,  1042.0975      
# span 19 =  1027.3144,  1042.0969      
# span 20 =    33.9566,    34.7290      
# span 21 =    33.9548,    34.7281      
# span 22 =    7.63195,    8.26876      
# span 23 =         12,         69      
# span 24 = 0.0000e+00, 0.0000e+00      
# interval = decibars: 1                
# start_time = Nov 28 2021 20:11:54 [NMEA time, header]
# bad_flag = -9.990e-29
*END*
[from data line 290]
    295.000    291.883     1.9372  30.571355     1.9368  30.570531     3.9121     3.9591    -0.0053    97.7397 1.0000e-12  -65.84770  -71.37812 332.850988      99.98 5.3879e+02    811.404      19475  1029.0747  1029.0743    34.6409    34.6403    7.64152         33 0.0000e+00
    296.000    292.871     1.9379  30.573136     1.9376  30.572259     3.9117     3.9563     0.0007    97.7571 1.0000e-12  -65.84771  -71.37811 332.851002      99.98 5.4057e+02    812.551      19502  1029.0801  1029.0795    34.6418    34.6410    7.64133         26 0.0000e+00
    297.000    293.860     1.9374  30.573254     1.9371  30.572415     3.9175     3.9584     0.0046    97.7399 1.0000e-12  -65.84772  -71.37811 332.851014      99.98 5.4255e+02    813.625      19528  1029.0849  1029.0843    34.6419    34.6412    7.64143         25 0.0000e+00
    298.000    294.848     1.9353  30.571875     1.9349  30.570936     3.9193     3.9604     0.0027    97.7415 1.0000e-12  -65.84772  -71.37812 332.851027      99.98 5.4297e+02    814.698      19554  1029.0898  1029.0892    34.6419    34.6412    7.64183         26 0.0000e+00
    299.000    295.838     1.9371  30.574469     1.9371  30.573896     3.9217     3.9625     0.0039    97.7478 1.0000e-12  -65.84772  -71.37812 332.851038      99.97 5.4399e+02    815.723      19578  1029.0948  1029.0942    34.6426    34.6419    7.64144         24 0.0000e+00
    300.000    296.825     1.9336  30.572617     1.9332  30.571752     3.9226     3.9641    -0.0070    97.7308 1.0000e-12  -65.84772  -71.37812 332.851050      99.98 5.4569e+02    816.687      19601  1029.1007  1029.1001    34.6436    34.6429    7.64207         22 0.0000e+00
    301.000    297.815     1.9432  30.583627     1.9437  30.583436     3.9221     3.9616    -0.0051    97.7554 1.0000e-12  -65.84772  -71.37811 332.851061      99.98 5.4770e+02    817.670      19625  1029.1064  1029.1057    34.6463    34.6455    7.64008         25 0.0000e+00
    302.000    298.803     1.9403  30.581634     1.9401  30.580806     3.9238     3.9620    -0.0012    97.7500 1.0000e-12  -65.84772  -71.37810 332.851075      99.98 5.4933e+02    818.840      19653  1029.1116  1029.1109    34.6464    34.6456    7.64064         33 0.0000e+00
    303.000    299.792     1.9420  30.584134     1.9419  30.583397     3.9107     3.9686     0.0140    97.7435 1.0000e-12  -65.84772  -71.37810 332.851094      99.98 5.5158e+02    820.512      19693  1029.1166  1029.1160    34.6471    34.6464    7.64026         45 0.0000e+00
    304.000    300.780     1.9443  30.587074     1.9439  30.586165     3.9127     3.9573     0.0068    97.7247 1.0000e-12  -65.84772  -71.37810 332.851118      99.98 5.5362e+02    822.608      19744  1029.1215  1029.1210    34.6477    34.6471    7.63979         42 0.0000e+00
    305.000    301.770     1.9535  30.597550     1.9532  30.596622     3.9139     3.9602     0.0138    97.7272 1.0000e-12  -65.84772  -71.37810 332.851132      99.98 5.5469e+02    823.843      19773  1029.1272  1029.1265    34.6503    34.6494    7.63789         22 0.0000e+00
    306.000    302.758     1.9591  30.603808     1.9587  30.602806     3.9204     3.9634    -0.0050    97.7635 1.0000e-12  -65.84772  -71.37810 332.851142      99.98 5.5605e+02    824.668      19793  1029.1323  1029.1316    34.6514    34.6505    7.63676         19 0.0000e+00
    307.000    303.747     1.9600  30.605144     1.9596  30.604240     3.9182     3.9631     0.0040    97.7571 1.0000e-12  -65.84772  -71.37810 332.851150      99.97 5.5705e+02    825.381      19810  1029.1369  1029.1364    34.6516    34.6508    7.63658         16 0.0000e+00
    308.000    304.734     1.9608  30.606476     1.9605  30.605613     3.9178     3.9615     0.0138    97.7313 1.0000e-12  -65.84772  -71.37810 332.851158      99.98 5.5707e+02    826.079      19827  1029.1418  1029.1412    34.6517    34.6510    7.63641         17 0.0000e+00
    309.000    305.725     1.9610  30.607138     1.9606  30.606308     3.9204     3.9603    -0.0036    97.7556 1.0000e-12  -65.84772  -71.37809 332.851168      99.98 5.5787e+02    826.943      19848  1029.1465  1029.1460    34.6518    34.6512    7.63638         27 0.0000e+00
    310.000    306.713     1.9612  30.607645     1.9610  30.606861     3.9156     3.9580     0.0005    97.7358 1.0000e-12  -65.84772  -71.37808 332.851190      99.98 5.5974e+02    828.834      19893  1029.1511  1029.1505    34.6516    34.6509    7.63634         44 0.0000e+00
    311.000    307.700     1.9620  30.609041     1.9618  30.608288     3.9179     3.9602     0.0069    97.7431 1.0000e-12  -65.84772  -71.37808 332.851211      99.98 5.6063e+02    830.637      19936  1029.1560  1029.1554    34.6520    34.6512    7.63618         29 0.0000e+00
    312.000    308.692     1.9614  30.609065     1.9612  30.608237     3.9179     3.9580    -0.0112    97.7703 1.0000e-12  -65.84772  -71.37808 332.851223      99.98 5.6060e+02    831.636      19960  1029.1609  1029.1602    34.6520    34.6512    7.63628         22 0.0000e+00
    313.000    309.678     1.9614  30.609455     1.9610  30.608615     3.9117     3.9549    -0.0055    97.7590 1.0000e-12  -65.84772  -71.37808 332.851233      99.98 5.6060e+02    832.550      19982  1029.1655  1029.1650    34.6520    34.6513    7.63628         22 0.0000e+00
    314.000    310.669     1.9615  30.610175     1.9613  30.609264     3.9136     3.9540     0.0126    97.7507 1.0000e-12  -65.84772  -71.37807 332.851245      99.98 5.6233e+02    833.565      20007  1029.1704  1029.1697    34.6522    34.6514    7.63625         27 0.0000e+00
    315.000    311.655     1.9614  30.610847     1.9611  30.609952     3.9119     3.9578     0.0072    97.7299 1.0000e-12  -65.84772  -71.37806 332.851260      99.98 5.6236e+02    834.877      20038  1029.1754  1029.1748    34.6526    34.6518    7.63625         36 0.0000e+00
    316.000    312.645     1.9620  30.612463     1.9617  30.611572     3.9066     3.9591     0.0046    97.7623 1.0000e-12  -65.84772  -71.37806 332.851278      99.98 5.6236e+02    836.393      20074  1029.1807  1029.1801    34.6534    34.6526    7.63609         35 0.0000e+00
    317.000    313.634     1.9625  30.613827     1.9622  30.613004     3.9103     3.9592     0.0004    97.7192 1.0000e-12  -65.84772  -71.37806 332.851292      99.98 5.6253e+02    837.661      20105  1029.1859  1029.1852    34.6541    34.6533    7.63597         26 0.0000e+00
    318.000    314.621     1.9629  30.615087     1.9626  30.614284     3.9130     3.9596     0.0016    97.7574 1.0000e-12  -65.84772  -71.37806 332.851304      99.98 5.6301e+02    838.670      20129  1029.1909  1029.1904    34.6546    34.6540    7.63586         22 0.0000e+00
    319.000    315.611     1.9626  30.615660     1.9623  30.614869     3.9115     3.9587    -0.0039    97.7652 1.0000e-12  -65.84772  -71.37806 332.851314      99.98 5.6413e+02    839.551      20150  1029.1960  1029.1955    34.6551    34.6544    7.63590         21 0.0000e+00
    320.000    316.597     1.9636  30.617388     1.9633  30.616483     3.9116     3.9604    -0.0121    97.7388 1.0000e-12  -65.84772  -71.37806 332.851325      99.98 5.6518e+02    840.449      20172  1029.2011  1029.2004    34.6556    34.6548    7.63568         23 0.0000e+00
    321.000    317.589     1.9649  30.619321     1.9646  30.618387     3.9125     3.9606    -0.0057    97.7547 1.0000e-12  -65.84774  -71.37804 332.851338      99.98 5.6616e+02    841.582      20199  1029.2059  1029.2053    34.6560    34.6552    7.63539         33 0.0000e+00
    322.000    318.576     1.9667  30.621816     1.9663  30.621035     3.9142     3.9625     0.0127    97.7498 1.0000e-12  -65.84774  -71.37802 332.851358      99.98 5.6776e+02    843.337      20241  1029.2109  1029.2104    34.6566    34.6560    7.63503         43 0.0000e+00
    323.000    319.566     1.9656  30.622191     1.9652  30.621256     3.9202     3.9635    -0.0083    97.7583 1.0000e-12  -65.84774  -71.37802 332.851381      99.98 5.6948e+02    845.349      20289  1029.2166  1029.2160    34.6577    34.6569    7.63517         40 0.0000e+00
    324.000    320.553     1.9649  30.623147     1.9646  30.622156     3.9175     3.9604    -0.0046    97.7553 1.0000e-12  -65.84774  -71.37803 332.851396      99.98 5.6941e+02    846.619      20320  1029.2225  1029.2218    34.6591    34.6582    7.63523         24 0.0000e+00
    325.000    321.542     1.9670  30.625894     1.9667  30.625075     3.9156     3.9592    -0.0110    97.7553 1.0000e-12  -65.84774  -71.37804 332.851407      99.98 5.6941e+02    847.566      20343  1029.2274  1029.2268    34.6596    34.6589    7.63480         21 0.0000e+00
    326.000    322.531     1.9740  30.633951     1.9736  30.633032     3.9157     3.9589    -0.0130    97.7553 1.0000e-12  -65.84774  -71.37804 332.851416      99.98 5.6941e+02    848.369      20362  1029.2328  1029.2323    34.6616    34.6609    7.63336         18 0.0000e+00
    327.000    323.520     1.9776  30.638356     1.9772  30.637536     3.9176     3.9577    -0.0121    97.7553 1.0000e-12  -65.84774  -71.37802 332.851425      99.98 5.6941e+02    849.118      20380  1029.2379  1029.2375    34.6626    34.6620    7.63262         18 0.0000e+00
    328.000    324.508     1.9762  30.638297     1.9760  30.637395     3.9157     3.9578     0.0355    97.7553 1.0000e-12  -65.84774  -71.37802 332.851434      99.98 5.7024e+02    849.910      20399  1029.2435  1029.2428    34.6635    34.6626    7.63284         21 0.0000e+00
    329.000    325.496     1.9755  30.638611     1.9753  30.637828     3.9157     3.9572     0.0121    97.7553 1.0000e-12  -65.84774  -71.37802 332.851446      99.98 5.7111e+02    850.947      20424  1029.2487  1029.2482    34.6641    34.6633    7.63294         32 0.0000e+00
    330.000    326.485     1.9752  30.638791     1.9750  30.637913     3.9161     3.9610     0.0477    97.7608 1.0000e-12  -65.84774  -71.37800 332.851472      99.98 5.7108e+02    853.183      20477  1029.2535  1029.2529    34.6641    34.6632    7.63300         41 0.0000e+00
    331.000    327.473     1.9747  30.639327     1.9744  30.638491     3.9188     3.9640     0.0198    97.7449 1.0000e-12  -65.84774  -71.37801 332.851500      99.98 5.6849e+02    855.575      20535  1029.2587  1029.2583    34.6647    34.6640    7.63306         33 0.0000e+00
    332.000    328.463     1.9763  30.642323     1.9761  30.641390     3.9239     3.9604    -0.0049    97.7388 1.0000e-12  -65.84774  -71.37802 332.851511      99.98 5.6763e+02    856.585      20559  1029.2645  1029.2637    34.6661    34.6652    7.63268         22 0.0000e+00
    333.000    329.451     1.9770  30.643596     1.9767  30.642761     3.9187     3.9582    -0.0131    97.7653 1.0000e-12  -65.84774  -71.37802 332.851521      99.97 5.6616e+02    857.426      20579  1029.2693  1029.2687    34.6665    34.6657    7.63254         20 0.0000e+00
    334.000    330.439     1.9772  30.644267     1.9768  30.643427     3.9206     3.9601     0.0005    97.7781 1.0000e-12  -65.84774  -71.37802 332.851531      99.98 5.6589e+02    858.231      20599  1029.2740  1029.2735    34.6665    34.6658    7.63249         19 0.0000e+00
    335.000    331.427     1.9774  30.645058     1.9771  30.644202     3.9242     3.9593     0.0104    97.7747 1.0000e-12  -65.84774  -71.37802 332.851540      99.98 5.6588e+02    859.042      20618  1029.2788  1029.2782    34.6666    34.6659    7.63244         20 0.0000e+00
    336.000    332.418     1.9773  30.645452     1.9770  30.644634     3.9209     3.9613     0.0017    97.7695 1.0000e-12  -65.84774  -71.37802 332.851550      99.98 5.6423e+02    859.923      20639  1029.2836  1029.2830    34.6667    34.6660    7.63246         22 0.0000e+00
    337.000    333.405     1.9769  30.645847     1.9767  30.645019     3.9188     3.9650    -0.0043    97.7721 1.0000e-12  -65.84774  -71.37801 332.851562      99.98 5.6371e+02    860.977      20664  1029.2885  1029.2879    34.6670    34.6662    7.63251         29 0.0000e+00
    338.000    334.394     1.9769  30.646699     1.9767  30.645936     3.9201     3.9657    -0.0034    97.7570 1.0000e-12  -65.84774  -71.37800 332.851582      99.98 5.6236e+02    862.668      20705  1029.2936  1029.2931    34.6675    34.6668    7.63249         47 0.0000e+00
    339.000    335.381     1.9774  30.648207     1.9769  30.647248     3.9296     3.9677     0.0017    97.7673 1.0000e-12  -65.84774  -71.37800 332.851605      99.98 5.6076e+02    864.710      20754  1029.2989  1029.2984    34.6684    34.6677    7.63235         36 0.0000e+00
    340.000    336.372     1.9725  30.644690     1.9723  30.643947     3.9284     3.9738    -0.0084    97.7109 1.0000e-12  -65.84774  -71.37800 332.851618      99.97 5.6060e+02    865.812      20780  1029.3044  1029.3039    34.6687    34.6680    7.63327         22 0.0000e+00
    341.000    337.359     1.9721  30.645203     1.9718  30.644328     3.9213     3.9703    -0.0140    97.7183 1.0000e-12  -65.84774  -71.37800 332.851629      99.98 5.6060e+02    866.741      20803  1029.3096  1029.3090    34.6693    34.6685    7.63333         23 0.0000e+00
    342.000    338.347     1.9718  30.645346     1.9716  30.644419     3.9275     3.9695    -0.0134    97.7245 1.0000e-12  -65.84774  -71.37801 332.851642      99.98 5.6060e+02    867.867      20830  1029.3143  1029.3135    34.6692    34.6683    7.63339         31 0.0000e+00
    343.000    339.336     1.9710  30.645260     1.9707  30.644319     3.9263     3.9738    -0.0084    97.7815 1.0000e-12  -65.84774  -71.37802 332.851660      99.98 5.6133e+02    869.383      20866  1029.3191  1029.3185    34.6694    34.6686    7.63352         35 0.0000e+00
    344.000    340.325     1.9694  30.644734     1.9691  30.643796     3.9261     3.9701    -0.0060    97.7955 1.0000e-12  -65.84774  -71.37800 332.851673      99.98 5.6239e+02    870.554      20894  1029.3244  1029.3237    34.6699    34.6690    7.63380         22 0.0000e+00
    345.000    341.311     1.9693  30.645157     1.9690  30.644257     3.9269     3.9665     0.0174    97.7688 1.0000e-12  -65.84774  -71.37800 332.851683      99.97 5.6236e+02    871.380      20914  1029.3292  1029.3286    34.6700    34.6692    7.63382         18 0.0000e+00
    346.000    342.302     1.9693  30.645745     1.9690  30.644897     3.9283     3.9698     0.0437    97.7796 1.0000e-12  -65.84774  -71.37800 332.851691      99.99 5.6236e+02    872.086      20931  1029.3340  1029.3334    34.6702    34.6694    7.63381         17 0.0000e+00
    347.000    343.291     1.9691  30.646279     1.9689  30.645405     3.9271     3.9737    -0.0005    97.7732 1.0000e-12  -65.84774  -71.37800 332.851700      99.98 5.6366e+02    872.857      20950  1029.3389  1029.3382    34.6704    34.6696    7.63383         22 0.0000e+00
    348.000    344.277     1.9693  30.646750     1.9691  30.645853     3.9256     3.9705     0.0068    97.7736 1.0000e-12  -65.84775  -71.37800 332.851727      99.97 5.6411e+02    875.257      21007  1029.3434  1029.3427    34.6703    34.6694    7.63381         31 0.0000e+00
    349.000    345.267     1.9692  30.647490     1.9688  30.646647     3.9275     3.9721    -0.0029    97.7362 1.0000e-12  -65.84776  -71.37800 332.851751      99.98 5.6412e+02    877.247      21055  1029.3485  1029.3479    34.6708    34.6701    7.63380         20 0.0000e+00
    350.000    346.255     1.9694  30.648184     1.9690  30.647318     3.9356     3.9716    -0.0092    97.7671 1.0000e-12  -65.84776  -71.37800 332.851759      99.97 5.6412e+02    877.950      21072  1029.3532  1029.3526    34.6709    34.6702    7.63376         16 0.0000e+00
    351.000    347.244     1.9694  30.648943     1.9691  30.648087     3.9401     3.9713    -0.0141    97.7743 1.0000e-12  -65.84776  -71.37800 332.851766      99.98 5.6412e+02    878.587      21087  1029.3581  1029.3575    34.6712    34.6705    7.63374         15 0.0000e+00
