NBP2113_155081_ctd/data/dnbp2113_022.cnv
* Sea-Bird SBE 9 Data File:
* FileName = D:\Data\raw\NBP2113_022.hex
* Software Version Seasave V 7.26.7.121
* Temperature SN = 2438
* Conductivity SN = 2067
* Number of Bytes Per Scan = 40
* Number of Voltage Words = 5
* Number of Scans Averaged by the Deck Unit = 1
* NMEA Latitude = 68 01.86 S
* NMEA Longitude = 069 17.08 W
* NMEA UTC (Time) = Nov 30 2021  22:24:22
* NMEA baud rate = 9600
** Ship: RVIB N.B. Palmer
** Cruise: NBP2113 LTER
** Station: 200.-040
** Operator: S. Blackman
# nquan = 25
# nvalues = 454                         
# units = specified
# name 0 = prDM: Pressure, Digiquartz [db]
# name 1 = depSM: Depth [salt water, m]
# name 2 = t090C: Temperature [ITS-90, deg C]
# name 3 = c0mS/cm: Conductivity [mS/cm]
# name 4 = t190C: Temperature, 2 [ITS-90, deg C]
# name 5 = c1mS/cm: Conductivity, 2 [mS/cm]
# name 6 = sbeox0ML/L: Oxygen, SBE 43 [ml/l]
# name 7 = sbeox1ML/L: Oxygen, SBE 43, 2 [ml/l]
# name 8 = flECO-AFL: Fluorescence, WET Labs ECO-AFL/FL [mg/m^3]
# name 9 = CStarTr0: Beam Transmission, WET Labs C-Star [%]
# name 10 = par: PAR/Irradiance, Biospherical/Licor
# name 11 = latitude: Latitude [deg]
# name 12 = longitude: Longitude [deg]
# name 13 = timeJ: Julian Days
# name 14 = altM: Altimeter [m]
# name 15 = spar: SPAR, Biospherical/Licor
# name 16 = timeS: Time, Elapsed [seconds]
# name 17 = scan: Scan Count
# name 18 = density00: Density [density, kg/m^3]
# name 19 = density11: Density, 2 [density, kg/m^3]
# name 20 = sal00: Salinity, Practical [PSU]
# name 21 = sal11: Salinity, Practical, 2 [PSU]
# name 22 = oxsolML/L: Oxygen Saturation, Garcia & Gordon [ml/l]
# name 23 = nbin: number of scans per bin
# name 24 = flag: flag
# span 0 =      5.000,    458.000       
# span 1 =      4.950,    452.918       
# span 2 =    -1.4121,     1.3786       
# span 3 =  27.015910,  30.199186       
# span 4 =    -1.4114,     1.3780       
# span 5 =  27.015340,  30.197377       
# span 6 =     4.0053,     8.4448       
# span 7 =     4.0647,     8.5086       
# span 8 =    -0.0225,     2.4341       
# span 9 =    87.9199,    97.1943       
# span 10 = 1.0000e-12, 3.7768e+01      
# span 11 =  -68.03088,  -68.03053      
# span 12 =  -69.28594,  -69.28528      
# span 13 = 334.936542, 334.945467      
# span 14 =       1.60,     105.65      
# span 15 = 7.5795e+01, 1.1283e+02      
# span 16 =    255.199,   1026.319      
# span 17 =       6126,      24633      
# span 18 =  1027.1861,  1029.9252      
# span 19 =  1027.1844,  1029.9239      
# span 20 =    33.7833,    34.6909      
# span 21 =    33.7812,    34.6892      
# span 22 =    7.74754,    8.38345      
# span 23 =         11,         51      
# span 24 = 0.0000e+00, 0.0000e+00      
# interval = decibars: 1                
# start_time = Nov 30 2021 22:24:22 [NMEA time, header]
# bad_flag = -9.990e-29
*END*
[from data line 290]
    295.000    291.839     1.2302  29.954018     1.2297  29.952809     4.1047     4.1635     0.0066    97.1563 1.0000e-12  -68.03082  -69.28537 334.942648      99.97 9.1670e+01    782.796      18788  1029.1281  1029.1274    34.6358    34.6348    7.77982         19 0.0000e+00
    296.000    292.830     1.2304  29.954659     1.2299  29.953564     4.1032     4.1625    -0.0072    97.1541 1.0000e-12  -68.03082  -69.28538 334.942657      99.98 9.1670e+01    783.596      18807  1029.1329  1029.1322    34.6358    34.6350    7.77978         20 0.0000e+00
    297.000    293.817     1.2317  29.956815     1.2317  29.956039     4.1040     4.1595    -0.0071    97.1305 1.0000e-12  -68.03082  -69.28538 334.942668      99.98 9.1670e+01    784.519      18829  1029.1380  1029.1372    34.6365    34.6356    7.77948         26 0.0000e+00
    298.000    294.805     1.2333  29.958657     1.2330  29.958027     4.1038     4.1588    -0.0022    97.1384 1.0000e-12  -68.03082  -69.28538 334.942686      99.98 9.1670e+01    786.107      18868  1029.1427  1029.1423    34.6366    34.6361    7.77917         33 0.0000e+00
    299.000    295.795     1.2348  29.961091     1.2338  29.959376     4.0981     4.1586    -0.0079    97.1403 1.0000e-12  -68.03082  -69.28538 334.942717      99.98 9.1670e+01    788.745      18931  1029.1479  1029.1472    34.6374    34.6363    7.77882         36 0.0000e+00
    300.000    296.783     1.2385  29.966093     1.2386  29.965665     4.0963     4.1531    -0.0077    97.1108 1.0000e-12  -68.03082  -69.28537 334.942732      99.98 9.1670e+01    790.036      18962  1029.1538  1029.1531    34.6392    34.6385    7.77800         25 0.0000e+00
    301.000    297.772     1.2458  29.974541     1.2448  29.972849     4.0883     4.1473    -0.0077    97.1261 1.0000e-12  -68.03082  -69.28536 334.942743      99.98 9.1670e+01    790.961      18984  1029.1594  1029.1587    34.6413    34.6403    7.77643         20 0.0000e+00
    302.000    298.759     1.2497  29.978900     1.2489  29.977646     4.0809     4.1397    -0.0023    97.1580 1.0000e-12  -68.03082  -69.28536 334.942752      99.97 9.1670e+01    791.773      19004  1029.1643  1029.1638    34.6420    34.6413    7.77563         20 0.0000e+00
    303.000    299.749     1.2523  29.982146     1.2518  29.981162     4.0716     4.1396    -0.0016    97.1375 1.0000e-12  -68.03082  -69.28537 334.942761      99.97 9.1670e+01    792.576      19023  1029.1694  1029.1689    34.6427    34.6420    7.77507         19 0.0000e+00
    304.000    300.738     1.2581  29.989036     1.2579  29.988346     4.0679     4.1412    -0.0076    97.1385 1.0000e-12  -68.03082  -69.28538 334.942771      99.97 9.1276e+01    793.423      19043  1029.1750  1029.1745    34.6445    34.6439    7.77383         22 0.0000e+00
    305.000    301.725     1.2635  29.995212     1.2631  29.994217     4.0719     4.1411     0.0094    97.1587 1.0000e-12  -68.03082  -69.28538 334.942783      99.97 9.0533e+01    794.416      19067  1029.1802  1029.1796    34.6458    34.6450    7.77268         26 0.0000e+00
    306.000    302.715     1.2647  29.996784     1.2643  29.995737     4.0844     4.1427    -0.0059    97.1297 1.0000e-12  -68.03082  -69.28538 334.942797      99.97 8.9915e+01    795.631      19096  1029.1851  1029.1843    34.6460    34.6451    7.77244         32 0.0000e+00
    307.000    303.702     1.2659  29.998690     1.2652  29.997239     4.0966     4.1444     0.0001    97.1332 1.0000e-12  -68.03082  -69.28539 334.942812      99.97 8.9907e+01    796.961      19128  1029.1902  1029.1893    34.6465    34.6454    7.77218         31 0.0000e+00
    308.000    304.692     1.2670  30.000587     1.2666  29.999604     4.1006     4.1535    -0.0022    97.1511 1.0000e-12  -68.03082  -69.28538 334.942826      99.98 8.9907e+01    798.188      19158  1029.1954  1029.1947    34.6471    34.6463    7.77192         28 0.0000e+00
    309.000    305.680     1.2666  30.001077     1.2663  30.000161     4.1073     4.1586    -0.0026    97.1331 1.0000e-12  -68.03080  -69.28539 334.942841      99.98 8.9907e+01    799.468      19188  1029.2005  1029.1999    34.6476    34.6467    7.77198         36 0.0000e+00
    310.000    306.668     1.2660  30.000990     1.2662  30.000712     4.0951     4.1505     0.0039    97.1507 1.0000e-12  -68.03081  -69.28538 334.942874      99.97 8.9907e+01    802.301      19256  1029.2054  1029.2049    34.6476    34.6470    7.77209         34 0.0000e+00
    311.000    307.657     1.2698  30.006174     1.2694  30.005167     4.0833     4.1423     0.0006    97.1541 1.0000e-12  -68.03082  -69.28538 334.942892      99.98 8.9907e+01    803.890      19294  1029.2112  1029.2106    34.6494    34.6486    7.77124         20 0.0000e+00
    312.000    308.643     1.2726  30.009488     1.2722  30.008710     4.0737     4.1390    -0.0060    97.1305 1.0000e-12  -68.03082  -69.28538 334.942901      99.97 8.9907e+01    804.617      19312  1029.2162  1029.2157    34.6500    34.6494    7.77066         16 0.0000e+00
    313.000    309.634     1.2796  30.017458     1.2785  30.015783     4.0698     4.1345     0.0121    97.0879 1.0000e-12  -68.03082  -69.28538 334.942908      99.98 8.9907e+01    805.225      19326  1029.2216  1029.2209    34.6519    34.6509    7.76917         14 0.0000e+00
    314.000    310.622     1.2905  30.029681     1.2896  30.028364     4.0694     4.1318     0.0077    97.0973 1.0000e-12  -68.03082  -69.28538 334.942914      99.97 8.9907e+01    805.771      19339  1029.2276  1029.2271    34.6549    34.6542    7.76686         13 0.0000e+00
    315.000    311.612     1.2972  30.037541     1.2969  30.036824     4.0679     4.1336    -0.0145    97.0900 1.0000e-12  -68.03082  -69.28538 334.942920      99.98 8.9907e+01    806.321      19353  1029.2333  1029.2328    34.6569    34.6563    7.76542         13 0.0000e+00
    316.000    312.600     1.3011  30.042449     1.3006  30.041490     4.0747     4.1357    -0.0106    97.0859 1.0000e-12  -68.03082  -69.28538 334.942927      99.98 8.9907e+01    806.915      19367  1029.2387  1029.2382    34.6583    34.6576    7.76457         16 0.0000e+00
    317.000    313.589     1.3009  30.042584     1.3010  30.042279     4.0718     4.1336    -0.0010    97.1087 1.0000e-12  -68.03081  -69.28538 334.942939      99.98 8.9907e+01    807.973      19392  1029.2434  1029.2429    34.6581    34.6576    7.76462         27 0.0000e+00
    318.000    314.577     1.2988  30.040730     1.3002  30.041661     4.0642     4.1267    -0.0098    97.1324 1.0000e-12  -68.03080  -69.28540 334.942980      99.97 8.9907e+01    811.485      19477  1029.2481  1029.2477    34.6575    34.6571    7.76508         35 0.0000e+00
    319.000    315.565     1.3021  30.044811     1.3021  30.044230     4.0591     4.1191    -0.0082    97.0915 1.0000e-12  -68.03080  -69.28540 334.942999      99.98 8.9907e+01    813.076      19515  1029.2533  1029.2527    34.6584    34.6577    7.76436         31 0.0000e+00
    320.000    316.553     1.3061  30.049818     1.3053  30.048382     4.0458     4.1115    -0.0077    97.0655 1.0000e-12  -68.03080  -69.28540 334.943011      99.98 8.9907e+01    814.175      19541  1029.2588  1029.2581    34.6599    34.6589    7.76350         23 0.0000e+00
    321.000    317.540     1.3067  30.050787     1.3078  30.051713     4.0451     4.1024    -0.0077    97.1521 1.0000e-12  -68.03080  -69.28538 334.943021      99.98 8.9907e+01    815.026      19562  1029.2636  1029.2633    34.6599    34.6598    7.76339         18 0.0000e+00
    322.000    318.530     1.3163  30.061408     1.3165  30.061047     4.0473     4.1009    -0.0077    97.1509 1.0000e-12  -68.03080  -69.28538 334.943030      99.97 8.9907e+01    815.763      19579  1029.2691  1029.2685    34.6623    34.6615    7.76137         17 0.0000e+00
    323.000    319.519     1.3220  30.067458     1.3225  30.067237     4.0411     4.1051    -0.0073    97.1426 1.0000e-12  -68.03080  -69.28538 334.943038      99.97 8.9907e+01    816.510      19597  1029.2739  1029.2732    34.6630    34.6622    7.76019         20 0.0000e+00
    324.000    320.508     1.3262  30.071655     1.3256  30.070328     4.0372     4.1033    -0.0013    97.1426 1.0000e-12  -68.03080  -69.28538 334.943049      99.97 8.9907e+01    817.476      19620  1029.2784  1029.2777    34.6632    34.6622    7.75935         29 0.0000e+00
    325.000    321.494     1.3351  30.080864     1.3345  30.079629     4.0314     4.1013    -0.0111    97.1537 1.0000e-12  -68.03080  -69.28539 334.943068      99.98 8.9907e+01    819.063      19659  1029.2834  1029.2828    34.6646    34.6637    7.75753         41 0.0000e+00
    326.000    322.484     1.3368  30.082884     1.3362  30.081893     4.0362     4.1101    -0.0132    97.1732 1.0000e-12  -68.03080  -69.28541 334.943086      99.98 8.9907e+01    820.642      19696  1029.2881  1029.2877    34.6646    34.6640    7.75718         32 0.0000e+00
    327.000    323.471     1.3334  30.080299     1.3306  30.077167     4.0577     4.1096    -0.0001    97.1897 1.0000e-12  -68.03080  -69.28542 334.943100      99.98 8.9907e+01    821.878      19726  1029.2933  1029.2928    34.6645    34.6636    7.75786         29 0.0000e+00
    328.000    324.461     1.3228  30.071160     1.3219  30.069860     4.0627     4.1116    -0.0068    97.1943 1.0000e-12  -68.03080  -69.28542 334.943115      99.97 8.9907e+01    823.166      19757  1029.2987  1029.2982    34.6640    34.6633    7.75998         33 0.0000e+00
    329.000    325.449     1.3204  30.069601     1.3200  30.068756     4.0549     4.1101    -0.0069    97.1805 1.0000e-12  -68.03080  -69.28540 334.943131      99.98 8.9907e+01    824.487      19789  1029.3038  1029.3033    34.6641    34.6635    7.76045         29 0.0000e+00
    330.000    326.438     1.3196  30.069337     1.3190  30.068189     4.0477     4.1124    -0.0074    97.1864 1.0000e-12  -68.03080  -69.28540 334.943142      99.98 8.9907e+01    825.507      19813  1029.3085  1029.3080    34.6641    34.6633    7.76061         21 0.0000e+00
    331.000    327.426     1.3210  30.071390     1.3201  30.069811     4.0503     4.1139    -0.0077    97.1630 1.0000e-12  -68.03080  -69.28540 334.943152      99.98 8.9907e+01    826.339      19833  1029.3134  1029.3127    34.6646    34.6635    7.76031         19 0.0000e+00
    332.000    328.415     1.3235  30.074326     1.3231  30.073246     4.0553     4.1129     0.0013    97.1707 1.0000e-12  -68.03080  -69.28542 334.943161      99.98 8.9907e+01    827.133      19852  1029.3182  1029.3175    34.6650    34.6641    7.75979         20 0.0000e+00
    333.000    329.403     1.3206  30.072274     1.3194  30.070583     4.0585     4.1191    -0.0052    97.1766 1.0000e-12  -68.03080  -69.28542 334.943174      99.97 8.9907e+01    828.277      19880  1029.3232  1029.3227    34.6650    34.6641    7.76036         32 0.0000e+00
    334.000    330.391     1.3187  30.071011     1.3167  30.068563     4.0718     4.1160    -0.0080    97.1625 1.0000e-12  -68.03079  -69.28544 334.943203      99.98 8.9907e+01    830.730      19939  1029.3281  1029.3275    34.6649    34.6639    7.76075         36 0.0000e+00
    335.000    331.379     1.3186  30.071470     1.3178  30.070214     4.0669     4.1120    -0.0050    97.1631 1.0000e-12  -68.03078  -69.28544 334.943217      99.98 8.9907e+01    831.938      19968  1029.3328  1029.3323    34.6650    34.6643    7.76075         25 0.0000e+00
    336.000    332.369     1.3187  30.071988     1.3189  30.071677     4.0655     4.1153     0.0012    97.1631 1.0000e-12  -68.03078  -69.28544 334.943228      99.98 8.9907e+01    832.887      19990  1029.3375  1029.3369    34.6650    34.6643    7.76074         22 0.0000e+00
    337.000    333.356     1.3202  30.073672     1.3195  30.072681     4.0648     4.1170     0.0014    97.1204 1.0000e-12  -68.03078  -69.28544 334.943239      99.98 8.9907e+01    833.827      20013  1029.3420  1029.3416    34.6649    34.6644    7.76045         24 0.0000e+00
    338.000    334.345     1.3195  30.073516     1.3189  30.072541     4.0635     4.1183    -0.0122    97.1366 1.0000e-12  -68.03078  -69.28544 334.943253      99.97 8.9907e+01    835.037      20042  1029.3467  1029.3463    34.6649    34.6643    7.76058         35 0.0000e+00
    339.000    335.333     1.3180  30.072785     1.3174  30.071752     4.0662     4.1231    -0.0106    97.1366 1.0000e-12  -68.03078  -69.28546 334.943270      99.98 8.9907e+01    836.573      20079  1029.3517  1029.3512    34.6650    34.6644    7.76087         35 0.0000e+00
    340.000    336.321     1.3181  30.073660     1.3176  30.072624     4.0628     4.1206    -0.0103    97.1373 1.0000e-12  -68.03078  -69.28546 334.943286      99.97 8.9907e+01    837.887      20110  1029.3567  1029.3562    34.6654    34.6647    7.76083         28 0.0000e+00
    341.000    337.309     1.3187  30.074823     1.3184  30.074100     4.0694     4.1195    -0.0016    97.1127 1.0000e-12  -68.03078  -69.28547 334.943298      99.97 8.9907e+01    838.937      20135  1029.3616  1029.3611    34.6657    34.6651    7.76070         24 0.0000e+00
    342.000    338.298     1.3195  30.076134     1.3189  30.075043     4.0697     4.1187    -0.0023    97.1470 1.0000e-12  -68.03078  -69.28548 334.943309      99.97 8.9907e+01    839.906      20159  1029.3664  1029.3658    34.6660    34.6652    7.76054         23 0.0000e+00
    343.000    339.287     1.3198  30.076872     1.3194  30.076002     4.0729     4.1202    -0.0090    97.1303 1.0000e-12  -68.03078  -69.28548 334.943320      99.98 8.9907e+01    840.855      20182  1029.3711  1029.3705    34.6660    34.6652    7.76047         22 0.0000e+00
    344.000    340.274     1.3202  30.077883     1.3197  30.076878     4.0736     4.1169    -0.0108    97.1050 1.0000e-12  -68.03077  -69.28548 334.943331      99.98 8.9907e+01    841.818      20205  1029.3759  1029.3753    34.6662    34.6655    7.76037         24 0.0000e+00
    345.000    341.264     1.3208  30.079022     1.3206  30.078148     4.0708     4.1195     0.0001    97.1014 1.0000e-12  -68.03076  -69.28548 334.943344      99.97 8.9907e+01    842.915      20231  1029.3806  1029.3800    34.6664    34.6656    7.76024         30 0.0000e+00
    346.000    342.251     1.3212  30.079846     1.3208  30.078837     4.0643     4.1210    -0.0040    97.0984 1.0000e-12  -68.03076  -69.28550 334.943363      99.98 8.9907e+01    844.601      20271  1029.3854  1029.3847    34.6665    34.6657    7.76017         37 0.0000e+00
    347.000    343.240     1.3217  30.080622     1.3211  30.079759     4.0645     4.1216    -0.0120    97.0848 1.0000e-12  -68.03076  -69.28550 334.943388      99.97 8.9907e+01    846.742      20323  1029.3900  1029.3896    34.6664    34.6659    7.76008         39 0.0000e+00
    348.000    344.228     1.3224  30.081949     1.3220  30.081129     4.0534     4.1228    -0.0007    97.0858 1.0000e-12  -68.03076  -69.28550 334.943402      99.98 8.9907e+01    847.934      20351  1029.3949  1029.3944    34.6667    34.6661    7.75992         24 0.0000e+00
    349.000    345.215     1.3232  30.083363     1.3228  30.082526     4.0593     4.1189    -0.0031    97.0858 1.0000e-12  -68.03076  -69.28551 334.943412      99.97 8.9907e+01    848.802      20372  1029.3997  1029.3992    34.6670    34.6664    7.75973         19 0.0000e+00
    350.000    346.206     1.3238  30.084422     1.3233  30.083339     4.0582     4.1191    -0.0070    97.0858 1.0000e-12  -68.03076  -69.28552 334.943421      99.98 8.9907e+01    849.593      20391  1029.4044  1029.4038    34.6671    34.6663    7.75961         19 0.0000e+00
    351.000    347.194     1.3244  30.085553     1.3241  30.084686     4.0555     4.1151    -0.0074    97.0858 1.0000e-12  -68.03076  -69.28552 334.943431      99.98 8.9907e+01    850.428      20411  1029.4093  1029.4087    34.6674    34.6666    7.75949         22 0.0000e+00
