NBP2113_155081_ctd/data/dnbp2113_049.cnv
* Sea-Bird SBE 9 Data File:
* FileName = D:\Data\raw\NBP2113_049.hex
* Software Version Seasave V 7.26.7.121
* Temperature SN = 2438
* Conductivity SN = 2067
* Number of Bytes Per Scan = 40
* Number of Voltage Words = 5
* Number of Scans Averaged by the Deck Unit = 1
* NMEA Latitude = 64 50.72 S
* NMEA Longitude = 064 06.15 W
* NMEA UTC (Time) = Dec 11 2021  08:50:11
* NMEA baud rate = 9600
** Ship: RVIB N.B. Palmer
** Cruise: NBP2113 LTER
** Station: 617.036
** Operator: B. Urmston
# nquan = 25
# nvalues = 629                         
# units = specified
# name 0 = prDM: Pressure, Digiquartz [db]
# name 1 = depSM: Depth [salt water, m]
# name 2 = t090C: Temperature [ITS-90, deg C]
# name 3 = c0mS/cm: Conductivity [mS/cm]
# name 4 = t190C: Temperature, 2 [ITS-90, deg C]
# name 5 = c1mS/cm: Conductivity, 2 [mS/cm]
# name 6 = sbeox0ML/L: Oxygen, SBE 43 [ml/l]
# name 7 = sbeox1ML/L: Oxygen, SBE 43, 2 [ml/l]
# name 8 = flECO-AFL: Fluorescence, WET Labs ECO-AFL/FL [mg/m^3]
# name 9 = CStarTr0: Beam Transmission, WET Labs C-Star [%]
# name 10 = par: PAR/Irradiance, Biospherical/Licor
# name 11 = latitude: Latitude [deg]
# name 12 = longitude: Longitude [deg]
# name 13 = timeJ: Julian Days
# name 14 = altM: Altimeter [m]
# name 15 = spar: SPAR, Biospherical/Licor
# name 16 = timeS: Time, Elapsed [seconds]
# name 17 = scan: Scan Count
# name 18 = density00: Density [density, kg/m^3]
# name 19 = density11: Density, 2 [density, kg/m^3]
# name 20 = sal00: Salinity, Practical [PSU]
# name 21 = sal11: Salinity, Practical, 2 [PSU]
# name 22 = oxsolML/L: Oxygen Saturation, Garcia & Gordon [ml/l]
# name 23 = nbin: number of scans per bin
# name 24 = flag: flag
# span 0 =      5.000,    633.000       
# span 1 =      4.945,    625.849       
# span 2 =    -0.2465,     1.4170       
# span 3 =  28.059718,  30.279825       
# span 4 =    -0.2471,     1.4158       
# span 5 =  28.057637,  30.277188       
# span 6 =     4.1527,     7.9991       
# span 7 =     4.2004,     7.9845       
# span 8 =    -0.0226,     1.4585       
# span 9 =    86.6742,    91.3490       
# span 10 = -1.261e-06, 1.7366e+01      
# span 11 =  -64.84556,  -64.84524      
# span 12 =  -64.10277,  -64.10222      
# span 13 = 345.371415, 345.382423      
# span 14 =       8.24,     101.20      
# span 15 = 4.9361e+01, 6.8752e+01      
# span 16 =    279.222,   1230.368      
# span 17 =       6702,      29530      
# span 18 =  1027.2621,  1030.7179      
# span 19 =  1027.2590,  1030.7166      
# span 20 =    33.9089,    34.6669      
# span 21 =    33.9057,    34.6655      
# span 22 =    7.74127,    8.12092      
# span 23 =         14,         46      
# span 24 = 0.0000e+00, 0.0000e+00      
# interval = decibars: 1                
# start_time = Dec 11 2021 08:50:11 [NMEA time, header]
# bad_flag = -9.990e-29
*END*
[from data line 406]
    411.000    406.572     1.3550  30.127855     1.3548  30.126432     4.2312     4.2869    -0.0076    91.3093 1.0000e-12  -64.84552  -64.10268 345.378917      99.97 6.5227e+01    927.411      22259  1029.6766  1029.6753    34.6530    34.6514    7.75422         28 0.0000e+00
    412.000    407.560     1.3567  30.130148     1.3563  30.128688     4.2259     4.2857    -0.0139    91.3047 1.0000e-12  -64.84552  -64.10268 345.378931      99.97 6.5227e+01    928.609      22288  1029.6815  1029.6804    34.6534    34.6521    7.75385         29 0.0000e+00
    413.000    408.547     1.3571  30.131050     1.3566  30.129410     4.2274     4.2839    -0.0077    91.2767 1.0000e-12  -64.84552  -64.10268 345.378944      99.97 6.5227e+01    929.798      22316  1029.6862  1029.6851    34.6536    34.6520    7.75377         27 0.0000e+00
    414.000    409.537     1.3578  30.132068     1.3573  30.130512     4.2235     4.2841    -0.0077    91.3007 1.0000e-12  -64.84552  -64.10268 345.378958      99.97 6.5227e+01    930.978      22344  1029.6909  1029.6898    34.6536    34.6522    7.75364         30 0.0000e+00
    415.000    410.523     1.3583  30.133058     1.3578  30.131523     4.2288     4.2864    -0.0077    91.3091 1.0000e-12  -64.84552  -64.10269 345.378975      99.97 6.5175e+01    932.432      22379  1029.6956  1029.6945    34.6537    34.6522    7.75353         35 0.0000e+00
    416.000    411.512     1.3589  30.134035     1.3583  30.132474     4.2265     4.2782    -0.0142    91.3138 1.0000e-12  -64.84552  -64.10268 345.378998      99.97 6.4537e+01    934.399      22427  1029.7003  1029.6994    34.6537    34.6524    7.75342         38 0.0000e+00
    417.000    412.501     1.3602  30.135671     1.3594  30.134020     4.2183     4.2802    -0.0101    91.3053 1.0000e-12  -64.84552  -64.10268 345.379015      99.97 6.3625e+01    935.868      22462  1029.7049  1029.7040    34.6538    34.6525    7.75316         29 0.0000e+00
    418.000    413.490     1.3639  30.140503     1.3636  30.139111     4.2191     4.2753    -0.0117    91.3116 1.0000e-12  -64.84552  -64.10268 345.379026      99.97 6.3461e+01    936.868      22486  1029.7104  1029.7093    34.6553    34.6538    7.75234         20 0.0000e+00
    419.000    414.476     1.3631  30.140210     1.3629  30.139079     4.2213     4.2791    -0.0122    91.2993 1.0000e-12  -64.84552  -64.10268 345.379035      99.97 6.3568e+01    937.648      22505  1029.7151  1029.7142    34.6551    34.6539    7.75250         18 0.0000e+00
    420.000    415.466     1.3618  30.139163     1.3610  30.137457     4.2273     4.2812     0.0006    91.2968 1.0000e-12  -64.84552  -64.10268 345.379044      99.97 6.3466e+01    938.361      22522  1029.7197  1029.7186    34.6547    34.6534    7.75279         17 0.0000e+00
    421.000    416.454     1.3632  30.141212     1.3624  30.139277     4.2245     4.2828    -0.0000    91.3029 1.0000e-12  -64.84552  -64.10268 345.379052      99.97 6.3464e+01    939.114      22540  1029.7246  1029.7233    34.6553    34.6536    7.75249         19 0.0000e+00
    422.000    417.442     1.3621  30.140322     1.3616  30.138973     4.2267     4.2868     0.0003    91.2976 1.0000e-12  -64.84552  -64.10268 345.379064      99.97 6.3464e+01    940.098      22563  1029.7290  1029.7281    34.6548    34.6536    7.75273         30 0.0000e+00
    423.000    418.430     1.3614  30.139785     1.3608  30.138277     4.2277     4.2860    -0.0054    91.3005 1.0000e-12  -64.84552  -64.10268 345.379080      99.97 6.3464e+01    941.513      22597  1029.7334  1029.7324    34.6543    34.6529    7.75289         37 0.0000e+00
    424.000    419.418     1.3617  30.140581     1.3597  30.137616     4.2322     4.2824    -0.0148    91.2928 1.0000e-12  -64.84552  -64.10268 345.379098      99.97 6.3464e+01    943.059      22634  1029.7382  1029.7371    34.6543    34.6528    7.75282         34 0.0000e+00
    425.000    420.407     1.3599  30.139182     1.3592  30.137450     4.2352     4.2778    -0.0104    91.3308 1.0000e-12  -64.84552  -64.10270 345.379114      99.97 6.3464e+01    944.486      22669  1029.7427  1029.7416    34.6540    34.6525    7.75320         33 0.0000e+00
    426.000    421.395     1.3602  30.139700     1.3597  30.138334     4.2294     4.2728    -0.0127    91.2876 1.0000e-12  -64.84552  -64.10270 345.379130      99.97 6.3464e+01    945.871      22702  1029.7472  1029.7463    34.6538    34.6526    7.75316         32 0.0000e+00
    427.000    422.382     1.3592  30.139338     1.3587  30.137962     4.2181     4.2777    -0.0079    91.3079 1.0000e-12  -64.84552  -64.10270 345.379145      99.97 6.3464e+01    947.113      22732  1029.7521  1029.7511    34.6538    34.6526    7.75335         28 0.0000e+00
    428.000    423.371     1.3609  30.141491     1.3616  30.141269     4.2037     4.2706     0.0002    91.2954 1.0000e-12  -64.84552  -64.10270 345.379157      99.97 6.3464e+01    948.192      22758  1029.7568  1029.7558    34.6542    34.6530    7.75300         24 0.0000e+00
    429.000    424.359     1.3679  30.148881     1.3666  30.146274     4.1964     4.2630    -0.0060    91.2714 1.0000e-12  -64.84554  -64.10270 345.379169      99.97 6.3464e+01    949.217      22782  1029.7616  1029.7603    34.6552    34.6534    7.75156         25 0.0000e+00
    430.000    425.348     1.3777  30.160374     1.3773  30.158940     4.1925     4.2597    -0.0196    91.3084 1.0000e-12  -64.84554  -64.10270 345.379182      99.97 6.3464e+01    950.315      22809  1029.7678  1029.7667    34.6585    34.6571    7.74945         29 0.0000e+00
    431.000    426.335     1.3800  30.163159     1.3790  30.161140     4.1888     4.2562    -0.0198    91.3019 1.0000e-12  -64.84554  -64.10270 345.379198      99.97 6.3464e+01    951.691      22842  1029.7728  1029.7717    34.6590    34.6575    7.74898         34 0.0000e+00
    432.000    427.324     1.3842  30.167889     1.3838  30.166835     4.1848     4.2508    -0.0073    91.3116 1.0000e-12  -64.84554  -64.10270 345.379217      99.97 6.3464e+01    953.375      22882  1029.7777  1029.7770    34.6598    34.6588    7.74811         36 0.0000e+00
    433.000    428.312     1.3857  30.170362     1.3850  30.168700     4.1933     4.2497    -0.0067    91.3108 1.0000e-12  -64.84554  -64.10269 345.379233      99.97 6.3464e+01    954.738      22915  1029.7830  1029.7820    34.6607    34.6593    7.74776         29 0.0000e+00
    434.000    429.301     1.3857  30.170870     1.3849  30.169208     4.1933     4.2477    -0.0140    91.2909 1.0000e-12  -64.84554  -64.10268 345.379245      99.97 6.3464e+01    955.777      22940  1029.7879  1029.7869    34.6608    34.6595    7.74776         22 0.0000e+00
    435.000    430.287     1.3852  30.170753     1.3840  30.168449     4.1983     4.2515    -0.0150    91.2549 1.0000e-12  -64.84554  -64.10268 345.379255      99.97 6.3464e+01    956.642      22960  1029.7925  1029.7913    34.6606    34.6589    7.74787         19 0.0000e+00
    436.000    431.277     1.3859  30.172049     1.3852  30.170283     4.2058     4.2547    -0.0124    91.3023 1.0000e-12  -64.84554  -64.10268 345.379264      99.97 6.3464e+01    957.404      22979  1029.7973  1029.7962    34.6608    34.6595    7.74770         19 0.0000e+00
    437.000    432.264     1.3857  30.172195     1.3852  30.170558     4.2086     4.2561    -0.0072    91.3042 1.0000e-12  -64.84554  -64.10270 345.379273      99.97 6.3464e+01    958.220      22998  1029.8020  1029.8008    34.6608    34.6592    7.74776         21 0.0000e+00
    438.000    433.252     1.3815  30.168439     1.3809  30.166695     4.2131     4.2574    -0.0126    91.2927 1.0000e-12  -64.84554  -64.10269 345.379286      99.97 6.3464e+01    959.347      23025  1029.8065  1029.8054    34.6600    34.6585    7.74862         34 0.0000e+00
    439.000    434.242     1.3792  30.166071     1.3790  30.164844     4.2128     4.2623    -0.0112    91.2922 1.0000e-12  -64.84554  -64.10271 345.379308      99.97 6.3464e+01    961.180      23069  1029.8106  1029.8095    34.6589    34.6575    7.74913         41 0.0000e+00
    440.000    435.228     1.3794  30.166497     1.3789  30.165071     4.1964     4.2553    -0.0091    91.2968 1.0000e-12  -64.84554  -64.10271 345.379334      99.97 6.3464e+01    963.473      23124  1029.8151  1029.8141    34.6586    34.6574    7.74910         40 0.0000e+00
    441.000    436.216     1.3806  30.168402     1.3820  30.168844     4.1921     4.2514    -0.0079    91.3186 1.0000e-12  -64.84554  -64.10270 345.379350      99.97 6.3464e+01    964.816      23157  1029.8201  1029.8191    34.6592    34.6583    7.74883         26 0.0000e+00
    442.000    437.204     1.3802  30.168975     1.3806  30.167927     4.1850     4.2454    -0.0226    91.2788 1.0000e-12  -64.84554  -64.10269 345.379360      99.97 6.3464e+01    965.742      23179  1029.8253  1029.8238    34.6598    34.6580    7.74889         20 0.0000e+00
    443.000    438.193     1.3821  30.170069     1.3818  30.169094     4.1858     4.2449    -0.0174    91.2666 1.0000e-12  -64.84554  -64.10268 345.379369      99.97 6.3464e+01    966.465      23196  1029.8287  1029.8280    34.6585    34.6576    7.74858         16 0.0000e+00
    444.000    439.180     1.3878  30.177399     1.3869  30.175680     4.1859     4.2452    -0.0145    91.2646 1.0000e-12  -64.84554  -64.10268 345.379376      99.97 6.3464e+01    967.100      23211  1029.8348  1029.8339    34.6610    34.6598    7.74733         14 0.0000e+00
    445.000    440.168     1.3912  30.181097     1.3898  30.178645     4.1863     4.2439    -0.0078    91.2545 1.0000e-12  -64.84554  -64.10268 345.379383      99.97 6.3464e+01    967.702      23226  1029.8395  1029.8384    34.6614    34.6598    7.74664         15 0.0000e+00
    446.000    441.160     1.3922  30.183188     1.3919  30.181688     4.1897     4.2461    -0.0059    91.2885 1.0000e-12  -64.84554  -64.10268 345.379391      99.97 6.3464e+01    968.345      23241  1029.8448  1029.8436    34.6624    34.6608    7.74639         16 0.0000e+00
    447.000    442.146     1.3920  30.183480     1.3923  30.182494     4.1907     4.2496    -0.0009    91.2875 1.0000e-12  -64.84554  -64.10270 345.379401      99.97 6.3837e+01    969.223      23262  1029.8496  1029.8482    34.6624    34.6608    7.74643         27 0.0000e+00
    448.000    443.135     1.3915  30.183041     1.3914  30.181993     4.1820     4.2409    -0.0130    91.2691 1.0000e-12  -64.84554  -64.10270 345.379437      99.97 6.5106e+01    972.382      23338  1029.8539  1029.8529    34.6618    34.6606    7.74655         28 0.0000e+00
    449.000    444.121     1.3936  30.185636     1.3930  30.184162     4.1863     4.2379    -0.0122    91.2805 1.0000e-12  -64.84554  -64.10270 345.379455      99.97 6.5227e+01    973.877      23374  1029.8588  1029.8578    34.6623    34.6610    7.74613         26 0.0000e+00
    450.000    445.108     1.3935  30.186186     1.3929  30.184513     4.1886     4.2371    -0.0090    91.2901 1.0000e-12  -64.84554  -64.10270 345.379466      99.97 6.5227e+01    974.876      23398  1029.8636  1029.8626    34.6625    34.6610    7.74613         22 0.0000e+00
    451.000    446.098     1.3928  30.185866     1.3928  30.184737     4.1838     4.2417    -0.0150    91.1504 1.0000e-12  -64.84554  -64.10270 345.379476      99.97 6.5227e+01    975.755      23419  1029.8683  1029.8672    34.6623    34.6609    7.74627         21 0.0000e+00
    452.000    447.086     1.3939  30.187452     1.3934  30.185964     4.1832     4.2416    -0.0074    91.2202 1.0000e-12  -64.84555  -64.10270 345.379487      99.97 6.5227e+01    976.669      23441  1029.8731  1029.8720    34.6626    34.6611    7.74605         25 0.0000e+00
    453.000    448.072     1.3945  30.188373     1.3940  30.186953     4.1864     4.2386    -0.0142    91.2938 1.0000e-12  -64.84556  -64.10270 345.379500      99.97 6.5227e+01    977.831      23469  1029.8776  1029.8766    34.6625    34.6611    7.74593         29 0.0000e+00
    454.000    449.061     1.3948  30.189260     1.3942  30.187686     4.1888     4.2407    -0.0056    91.2780 1.0000e-12  -64.84556  -64.10270 345.379515      99.97 6.5227e+01    979.086      23499  1029.8825  1029.8815    34.6627    34.6614    7.74586         31 0.0000e+00
    455.000    450.050     1.3942  30.189194     1.3937  30.187613     4.1905     4.2445     0.0003    91.2666 1.0000e-12  -64.84556  -64.10270 345.379529      99.97 6.5227e+01    980.275      23528  1029.8872  1029.8861    34.6626    34.6612    7.74597         27 0.0000e+00
    456.000    451.039     1.3937  30.189006     1.3934  30.187634     4.1952     4.2431    -0.0022    91.2754 1.0000e-12  -64.84556  -64.10270 345.379542      99.97 6.5227e+01    981.409      23555  1029.8917  1029.8907    34.6624    34.6610    7.74609         28 0.0000e+00
    457.000    452.026     1.3929  30.188477     1.3926  30.187346     4.1906     4.2422    -0.0071    91.2753 1.0000e-12  -64.84555  -64.10270 345.379556      99.97 6.5227e+01    982.606      23584  1029.8963  1029.8954    34.6621    34.6609    7.74627         29 0.0000e+00
    458.000    453.014     1.3922  30.188137     1.3918  30.186656     4.1882     4.2397    -0.0074    91.2907 1.0000e-12  -64.84555  -64.10270 345.379570      99.97 6.5227e+01    983.839      23613  1029.9008  1029.8997    34.6618    34.6604    7.74641         28 0.0000e+00
    459.000    454.001     1.3937  30.190240     1.3936  30.189203     4.1871     4.2392    -0.0143    91.2693 1.0000e-12  -64.84554  -64.10270 345.379583      99.97 6.5227e+01    984.946      23640  1029.9057  1029.9047    34.6623    34.6610    7.74610         26 0.0000e+00
    460.000    454.989     1.3932  30.190226     1.3931  30.189081     4.1803     4.2340    -0.0193    91.3029 1.0000e-12  -64.84555  -64.10270 345.379595      99.97 6.5227e+01    985.980      23665  1029.9104  1029.9094    34.6622    34.6609    7.74619         24 0.0000e+00
    461.000    455.979     1.3950  30.192414     1.3943  30.190580     4.1795     4.2377    -0.0113    91.2822 1.0000e-12  -64.84556  -64.10270 345.379608      99.97 6.5227e+01    987.119      23692  1029.9151  1029.9139    34.6625    34.6609    7.74583         32 0.0000e+00
    462.000    456.965     1.3971  30.195358     1.3969  30.194001     4.1773     4.2406    -0.0072    91.2854 1.0000e-12  -64.84556  -64.10272 345.379627      99.97 6.5227e+01    988.730      23731  1029.9202  1029.9190    34.6633    34.6618    7.74536         42 0.0000e+00
    463.000    457.955     1.3972  30.195718     1.3967  30.194222     4.1811     4.2357    -0.0118    91.2874 1.0000e-12  -64.84556  -64.10272 345.379647      99.97 6.5227e+01    990.521      23774  1029.9247  1029.9237    34.6631    34.6617    7.74536         32 0.0000e+00
    464.000    458.941     1.3981  30.197079     1.3977  30.195576     4.1803     4.2328    -0.0199    91.2903 1.0000e-12  -64.84556  -64.10271 345.379662      99.97 6.5227e+01    991.784      23804  1029.9294  1029.9284    34.6632    34.6618    7.74517         27 0.0000e+00
    465.000    459.930     1.3981  30.197613     1.3978  30.196272     4.1758     4.2376    -0.0171    91.3075 1.0000e-12  -64.84556  -64.10270 345.379674      99.97 6.5227e+01    992.862      23830  1029.9342  1029.9332    34.6633    34.6620    7.74517         26 0.0000e+00
    466.000    460.919     1.3983  30.198261     1.3981  30.197075     4.1772     4.2373    -0.0097    91.2763 1.0000e-12  -64.84556  -64.10270 345.379687      99.97 6.5227e+01    993.996      23857  1029.9389  1029.9379    34.6634    34.6621    7.74513         28 0.0000e+00
    467.000    461.905     1.3986  30.198978     1.3983  30.197719     4.1785     4.2343    -0.0134    91.2738 1.0000e-12  -64.84554  -64.10270 345.379701      99.97 6.5227e+01    995.191      23886  1029.9436  1029.9427    34.6634    34.6622    7.74507         28 0.0000e+00
