NBP2113_155081_ctd/data/dnbp2113_049.cnv
* Sea-Bird SBE 9 Data File:
* FileName = D:\Data\raw\NBP2113_049.hex
* Software Version Seasave V 7.26.7.121
* Temperature SN = 2438
* Conductivity SN = 2067
* Number of Bytes Per Scan = 40
* Number of Voltage Words = 5
* Number of Scans Averaged by the Deck Unit = 1
* NMEA Latitude = 64 50.72 S
* NMEA Longitude = 064 06.15 W
* NMEA UTC (Time) = Dec 11 2021  08:50:11
* NMEA baud rate = 9600
** Ship: RVIB N.B. Palmer
** Cruise: NBP2113 LTER
** Station: 617.036
** Operator: B. Urmston
# nquan = 25
# nvalues = 629                         
# units = specified
# name 0 = prDM: Pressure, Digiquartz [db]
# name 1 = depSM: Depth [salt water, m]
# name 2 = t090C: Temperature [ITS-90, deg C]
# name 3 = c0mS/cm: Conductivity [mS/cm]
# name 4 = t190C: Temperature, 2 [ITS-90, deg C]
# name 5 = c1mS/cm: Conductivity, 2 [mS/cm]
# name 6 = sbeox0ML/L: Oxygen, SBE 43 [ml/l]
# name 7 = sbeox1ML/L: Oxygen, SBE 43, 2 [ml/l]
# name 8 = flECO-AFL: Fluorescence, WET Labs ECO-AFL/FL [mg/m^3]
# name 9 = CStarTr0: Beam Transmission, WET Labs C-Star [%]
# name 10 = par: PAR/Irradiance, Biospherical/Licor
# name 11 = latitude: Latitude [deg]
# name 12 = longitude: Longitude [deg]
# name 13 = timeJ: Julian Days
# name 14 = altM: Altimeter [m]
# name 15 = spar: SPAR, Biospherical/Licor
# name 16 = timeS: Time, Elapsed [seconds]
# name 17 = scan: Scan Count
# name 18 = density00: Density [density, kg/m^3]
# name 19 = density11: Density, 2 [density, kg/m^3]
# name 20 = sal00: Salinity, Practical [PSU]
# name 21 = sal11: Salinity, Practical, 2 [PSU]
# name 22 = oxsolML/L: Oxygen Saturation, Garcia & Gordon [ml/l]
# name 23 = nbin: number of scans per bin
# name 24 = flag: flag
# span 0 =      5.000,    633.000       
# span 1 =      4.945,    625.849       
# span 2 =    -0.2465,     1.4170       
# span 3 =  28.059718,  30.279825       
# span 4 =    -0.2471,     1.4158       
# span 5 =  28.057637,  30.277188       
# span 6 =     4.1527,     7.9991       
# span 7 =     4.2004,     7.9845       
# span 8 =    -0.0226,     1.4585       
# span 9 =    86.6742,    91.3490       
# span 10 = -1.261e-06, 1.7366e+01      
# span 11 =  -64.84556,  -64.84524      
# span 12 =  -64.10277,  -64.10222      
# span 13 = 345.371415, 345.382423      
# span 14 =       8.24,     101.20      
# span 15 = 4.9361e+01, 6.8752e+01      
# span 16 =    279.222,   1230.368      
# span 17 =       6702,      29530      
# span 18 =  1027.2621,  1030.7179      
# span 19 =  1027.2590,  1030.7166      
# span 20 =    33.9089,    34.6669      
# span 21 =    33.9057,    34.6655      
# span 22 =    7.74127,    8.12092      
# span 23 =         14,         46      
# span 24 = 0.0000e+00, 0.0000e+00      
# interval = decibars: 1                
# start_time = Dec 11 2021 08:50:11 [NMEA time, header]
# bad_flag = -9.990e-29
*END*
[from data line 116]
    121.000    119.779     0.4394  28.977875     0.4347  28.971938     5.9283     6.0347     0.0444    90.2424 1.0000e-12  -64.84526  -64.10224 345.374835      99.97 5.6412e+01    574.710      13794  1028.1330  1028.1312    34.3528    34.3502    7.95514         17 0.0000e+00
    122.000    120.772     0.4506  28.992320     0.4466  28.986094     5.9184     6.0261     0.0641    90.2560 1.0000e-12  -64.84526  -64.10224 345.374843      99.97 5.6507e+01    575.414      13811  1028.1415  1028.1390    34.3586    34.3550    7.95251         18 0.0000e+00
    123.000    121.759     0.4516  28.994011     0.4505  28.991460     5.9090     6.0154     0.0787    90.2382 1.0000e-12  -64.84526  -64.10224 345.374852      99.97 5.7229e+01    576.225      13830  1028.1468  1028.1451    34.3591    34.3570    7.95227         21 0.0000e+00
    124.000    122.749     0.4592  29.002140     0.4598  29.001262     5.9026     6.0026     0.0777    90.2607 1.0000e-12  -64.84526  -64.10224 345.374865      99.97 5.7597e+01    577.304      13856  1028.1523  1028.1508    34.3607    34.3589    7.95063         31 0.0000e+00
    125.000    123.739     0.4681  29.012816     0.4687  29.012188     5.9066     5.9971     0.0835    90.2711 1.0000e-12  -64.84526  -64.10226 345.374885      99.97 5.7337e+01    579.032      13898  1028.1593  1028.1580    34.3641    34.3626    7.94859         38 0.0000e+00
    126.000    124.728     0.4769  29.021892     0.4741  29.017866     5.8411     5.9447     0.0784    90.2910 1.0000e-12  -64.84526  -64.10227 345.374915      99.97 5.7066e+01    581.683      13961  1028.1650  1028.1634    34.3657    34.3634    7.94672         37 0.0000e+00
    127.000    125.718     0.4983  29.047579     0.4976  29.045497     5.8223     5.9368     0.0679    90.2807 1.0000e-12  -64.84526  -64.10227 345.374929      99.97 5.7825e+01    582.880      13990  1028.1753  1028.1738    34.3748    34.3728    7.94181         25 0.0000e+00
    128.000    126.708     0.5013  29.051928     0.5011  29.050356     5.8316     5.9388     0.0553    90.2879 1.0000e-12  -64.84526  -64.10227 345.374940      99.97 5.8173e+01    583.848      14013  1028.1814  1028.1799    34.3765    34.3747    7.94109         22 0.0000e+00
    129.000    127.698     0.4999  29.051377     0.4987  29.049159     5.8497     5.9443     0.0612    90.2879 1.0000e-12  -64.84526  -64.10228 345.374952      99.97 5.8175e+01    584.878      14038  1028.1867  1028.1855    34.3768    34.3751    7.94137         28 0.0000e+00
    130.000    128.686     0.4969  29.048549     0.4960  29.045845     5.8493     5.9339     0.0775    90.2879 1.0000e-12  -64.84526  -64.10228 345.374968      99.97 5.8175e+01    586.226      14070  1028.1910  1028.1892    34.3757    34.3733    7.94203         37 0.0000e+00
    131.000    129.675     0.4978  29.049342     0.4971  29.047272     5.8385     5.9204     0.0729    90.2849 1.0000e-12  -64.84526  -64.10228 345.374986      99.97 5.8175e+01    587.824      14109  1028.1955  1028.1940    34.3753    34.3733    7.94189         36 0.0000e+00
    132.000    130.667     0.5008  29.053358     0.5016  29.053357     5.8417     5.9100     0.0729    90.3309 1.0000e-12  -64.84526  -64.10228 345.375001      99.97 5.8175e+01    589.103      14139  1028.2011  1028.2004    34.3765    34.3757    7.94119         26 0.0000e+00
    133.000    131.653     0.5039  29.057893     0.5037  29.056184     5.8122     5.8868     0.0572    90.3348 1.0000e-12  -64.84526  -64.10226 345.375013      99.97 5.8175e+01    590.082      14163  1028.2072  1028.2056    34.3784    34.3764    7.94045         22 0.0000e+00
    134.000    132.645     0.5043  29.058674     0.5041  29.057145     5.7854     5.8817     0.0558    90.3235 1.0000e-12  -64.84526  -64.10226 345.375023      99.97 5.8175e+01    590.959      14184  1028.2120  1028.2106    34.3784    34.3767    7.94038         21 0.0000e+00
    135.000    133.635     0.5185  29.075756     0.5169  29.072671     5.7788     5.8762     0.0668    90.3138 1.0000e-12  -64.84526  -64.10227 345.375033      99.97 5.8175e+01    591.848      14205  1028.2203  1028.2186    34.3843    34.3820    7.93713         22 0.0000e+00
    136.000    134.626     0.5176  29.076767     0.5163  29.073943     5.7786     5.8683     0.0775    90.3301 1.0000e-12  -64.84526  -64.10228 345.375045      99.97 5.8175e+01    592.887      14230  1028.2266  1028.2249    34.3860    34.3838    7.93721         28 0.0000e+00
    137.000    135.612     0.5210  29.080610     0.5192  29.077315     5.7706     5.8616     0.0760    90.3138 1.0000e-12  -64.84526  -64.10228 345.375060      99.97 5.8175e+01    594.196      14262  1028.2318  1028.2300    34.3867    34.3844    7.93649         35 0.0000e+00
    138.000    136.603     0.5228  29.083909     0.5217  29.081013     5.7739     5.8612     0.0715    90.3038 1.0000e-12  -64.84526  -64.10230 345.375078      99.97 5.8175e+01    595.769      14299  1028.2377  1028.2359    34.3883    34.3858    7.93602         41 0.0000e+00
    139.000    137.594     0.5232  29.084282     0.5227  29.082410     5.7848     5.8476     0.0605    90.3301 1.0000e-12  -64.84528  -64.10230 345.375099      99.97 5.8175e+01    597.574      14343  1028.2422  1028.2407    34.3879    34.3859    7.93598         39 0.0000e+00
    140.000    138.582     0.5247  29.086161     0.5245  29.084742     5.7435     5.8093     0.0577    90.2884 1.0000e-12  -64.84528  -64.10230 345.375121      99.97 5.8175e+01    599.424      14387  1028.2470  1028.2458    34.3880    34.3864    7.93565         34 0.0000e+00
    141.000    139.572     0.5311  29.096180     0.5302  29.094165     5.7081     5.7853     0.0468    90.3343 1.0000e-12  -64.84528  -64.10229 345.375136      99.97 5.8175e+01    600.742      14419  1028.2557  1028.2544    34.3934    34.3917    7.93405         26 0.0000e+00
    142.000    140.562     0.5318  29.098533     0.5343  29.101119     5.5766     5.7066     0.0439    90.3340 1.0000e-12  -64.84528  -64.10228 345.375146      99.97 5.8175e+01    601.646      14441  1028.2617  1028.2619    34.3951    34.3956    7.93381         19 0.0000e+00
    143.000    141.549     0.5311  29.096608     0.5315  29.096424     5.4679     5.6378     0.0475    90.3623 1.0000e-12  -64.84528  -64.10228 345.375155      99.97 5.8175e+01    602.379      14458  1028.2647  1028.2641    34.3927    34.3920    7.93407         17 0.0000e+00
    144.000    142.540     0.5459  29.114667     0.5465  29.114303     5.4164     5.5976     0.0490    90.3384 1.0000e-12  -64.84528  -64.10228 345.375163      99.97 5.8175e+01    603.047      14474  1028.2734  1028.2724    34.3992    34.3981    7.93068         16 0.0000e+00
    145.000    143.532     0.5868  29.168561     0.5840  29.163538     5.3908     5.5753     0.0495    90.3600 1.0000e-12  -64.84528  -64.10229 345.375170      99.97 5.8175e+01    603.718      14490  1028.2940  1028.2914    34.4234    34.4200    7.92098         16 0.0000e+00
    146.000    144.519     0.6017  29.190945     0.6010  29.188887     5.3832     5.5626     0.0495    90.3469 1.0000e-12  -64.84528  -64.10230 345.375179      99.97 5.8175e+01    604.492      14509  1028.3072  1028.3057    34.4355    34.4335    7.91728         21 0.0000e+00
    147.000    145.509     0.6023  29.193179     0.6020  29.191312     5.4028     5.5587     0.0591    90.3678 1.0000e-12  -64.84528  -64.10230 345.375193      99.97 5.8175e+01    605.654      14537  1028.3135  1028.3118    34.4371    34.4350    7.91706         34 0.0000e+00
    148.000    146.498     0.6045  29.196023     0.6043  29.194437     5.4519     5.5525     0.0600    90.4589 1.0000e-12  -64.84528  -64.10231 345.375219      99.97 5.8175e+01    607.956      14592  1028.3190  1028.3176    34.4378    34.4359    7.91657         42 0.0000e+00
    149.000    147.488     0.6065  29.198346     0.6055  29.196304     5.4578     5.5451     0.0331    90.4759 1.0000e-12  -64.84528  -64.10232 345.375238      99.97 5.8175e+01    609.572      14631  1028.3240  1028.3228    34.4380    34.4364    7.91616         32 0.0000e+00
    150.000    148.478     0.6090  29.202221     0.6082  29.200148     5.3931     5.5077     0.0211    90.5047 1.0000e-12  -64.84528  -64.10232 345.375255      99.97 5.8175e+01    611.006      14665  1028.3300  1028.3287    34.4396    34.4378    7.91554         35 0.0000e+00
    151.000    149.466     0.6168  29.211203     0.6159  29.209540     5.3233     5.4581     0.0278    90.5086 1.0000e-12  -64.84528  -64.10232 345.375273      99.97 5.8175e+01    612.546      14702  1028.3362  1028.3353    34.4420    34.4409    7.91382         30 0.0000e+00
    152.000    150.453     0.6330  29.235145     0.6324  29.233017     5.3276     5.4364     0.0282    90.4984 1.0000e-12  -64.84528  -64.10231 345.375285      99.97 5.8175e+01    613.632      14728  1028.3497  1028.3481    34.4546    34.4525    7.90982         21 0.0000e+00
    153.000    151.447     0.6346  29.238424     0.6339  29.236223     5.3350     5.4307     0.0285    90.5160 1.0000e-12  -64.84528  -64.10230 345.375294      99.97 5.8175e+01    614.425      14747  1028.3559  1028.3543    34.4564    34.4544    7.90939         18 0.0000e+00
    154.000    152.436     0.6346  29.238996     0.6343  29.237377     5.3293     5.4293     0.0188    90.5181 1.0000e-12  -64.84528  -64.10230 345.375302      99.97 5.8175e+01    615.106      14764  1028.3609  1028.3594    34.4566    34.4548    7.90938         16 0.0000e+00
    155.000    153.425     0.6353  29.239986     0.6344  29.237709     5.3254     5.4271     0.0216    90.5456 1.0000e-12  -64.84528  -64.10230 345.375310      99.97 5.8175e+01    615.776      14780  1028.3656  1028.3641    34.4566    34.4546    7.90925         16 0.0000e+00
    156.000    154.413     0.6362  29.241824     0.6359  29.239918     5.3299     5.4241     0.0281    90.5442 1.0000e-12  -64.84528  -64.10230 345.375319      99.97 5.8175e+01    616.524      14798  1028.3710  1028.3693    34.4573    34.4552    7.90902         21 0.0000e+00
    157.000    155.404     0.6376  29.244358     0.6373  29.242614     5.3451     5.4228     0.0300    90.5524 1.0000e-12  -64.84529  -64.10232 345.375331      99.97 5.8175e+01    617.639      14824  1028.3767  1028.3751    34.4585    34.4566    7.90867         32 0.0000e+00
    158.000    156.396     0.6378  29.245108     0.6375  29.243316     5.3409     5.4211     0.0278    90.5636 1.0000e-12  -64.84530  -64.10232 345.375364      99.96 5.8175e+01    620.440      14892  1028.3818  1028.3802    34.4586    34.4567    7.90862         32 0.0000e+00
    159.000    157.381     0.6381  29.245606     0.6377  29.244110     5.3370     5.4169     0.0211    90.5926 1.0000e-12  -64.84530  -64.10232 345.375386      99.97 5.8175e+01    622.348      14937  1028.3863  1028.3852    34.4583    34.4569    7.90857         28 0.0000e+00
    160.000    158.373     0.6383  29.246237     0.6378  29.244518     5.3492     5.4234     0.0240    90.6197 1.0000e-12  -64.84530  -64.10232 345.375397      99.97 5.8175e+01    623.333      14961  1028.3912  1028.3898    34.4584    34.4567    7.90854         22 0.0000e+00
    161.000    159.362     0.6377  29.246155     0.6374  29.244636     5.3643     5.4197     0.0358    90.6017 1.0000e-12  -64.84530  -64.10232 345.375408      99.97 5.8175e+01    624.225      14982  1028.3959  1028.3947    34.4583    34.4567    7.90866         22 0.0000e+00
    162.000    160.350     0.6367  29.245570     0.6365  29.243992     5.3702     5.4178     0.0212    90.6162 1.0000e-12  -64.84530  -64.10232 345.375418      99.97 5.8175e+01    625.106      15004  1028.4006  1028.3991    34.4581    34.4563    7.90887         21 0.0000e+00
    163.000    161.340     0.6368  29.245896     0.6360  29.243675     5.3514     5.4186     0.0328    90.5873 1.0000e-12  -64.84530  -64.10232 345.375429      99.97 5.8175e+01    626.060      15026  1028.4051  1028.4036    34.4578    34.4558    7.90887         24 0.0000e+00
    164.000    162.330     0.6376  29.247358     0.6374  29.245869     5.3411     5.4176     0.0249    90.5883 1.0000e-12  -64.84530  -64.10232 345.375441      99.97 5.8175e+01    627.123      15052  1028.4102  1028.4088    34.4582    34.4565    7.90869         27 0.0000e+00
    165.000    163.320     0.6367  29.246668     0.6362  29.244790     5.3475     5.4166     0.0211    90.5968 1.0000e-12  -64.84530  -64.10232 345.375454      99.97 5.8175e+01    628.239      15079  1028.4146  1028.4132    34.4577    34.4559    7.90890         27 0.0000e+00
    166.000    164.308     0.6360  29.246343     0.6357  29.244707     5.3557     5.4244     0.0269    90.5959 1.0000e-12  -64.84530  -64.10232 345.375467      99.97 5.8175e+01    629.348      15105  1028.4191  1028.4178    34.4574    34.4557    7.90904         26 0.0000e+00
    167.000    165.298     0.6359  29.246444     0.6357  29.244951     5.3602     5.4203     0.0289    90.5811 1.0000e-12  -64.84530  -64.10232 345.375480      99.97 5.8175e+01    630.486      15133  1028.4237  1028.4224    34.4572    34.4554    7.90909         29 0.0000e+00
    168.000    166.287     0.6365  29.247673     0.6360  29.245924     5.3680     5.4137     0.0289    90.5752 1.0000e-12  -64.84530  -64.10233 345.375495      99.97 5.8175e+01    631.768      15163  1028.4287  1028.4273    34.4575    34.4557    7.90895         34 0.0000e+00
    169.000    167.277     0.6363  29.247937     0.6362  29.246528     5.3526     5.4134     0.0246    90.5857 1.0000e-12  -64.84530  -64.10233 345.375514      99.97 5.8175e+01    633.433      15203  1028.4334  1028.4321    34.4575    34.4557    7.90899         39 0.0000e+00
    170.000    168.266     0.6365  29.248377     0.6362  29.246872     5.3557     5.4125     0.0283    90.5954 1.0000e-12  -64.84530  -64.10232 345.375534      99.97 5.8175e+01    635.154      15245  1028.4379  1028.4366    34.4572    34.4556    7.90896         31 0.0000e+00
    171.000    169.255     0.6366  29.248894     0.6359  29.247018     5.3599     5.4167     0.0286    90.6147 1.0000e-12  -64.84530  -64.10234 345.375547      99.97 5.8175e+01    636.240      15271  1028.4427  1028.4414    34.4572    34.4555    7.90895         22 0.0000e+00
    172.000    170.246     0.6375  29.250555     0.6366  29.248423     5.3578     5.4142     0.0208    90.6084 1.0000e-12  -64.84530  -64.10232 345.375556      99.97 5.8175e+01    637.056      15290  1028.4478  1028.4464    34.4578    34.4560    7.90874         18 0.0000e+00
    173.000    171.234     0.6381  29.251891     0.6376  29.250146     5.3534     5.4085     0.0169    90.5817 1.0000e-12  -64.84530  -64.10232 345.375565      99.97 5.8175e+01    637.793      15308  1028.4529  1028.4515    34.4582    34.4565    7.90858         17 0.0000e+00
    174.000    172.223     0.6392  29.253072     0.6392  29.251875     5.3493     5.4118     0.0139    90.5970 1.0000e-12  -64.84530  -64.10232 345.375573      99.97 5.8175e+01    638.546      15326  1028.4572  1028.4560    34.4579    34.4564    7.90837         19 0.0000e+00
    175.000    173.213     0.6420  29.256077     0.6423  29.255219     5.3498     5.4221     0.0205    90.5925 1.0000e-12  -64.84530  -64.10232 345.375584      99.97 5.8175e+01    639.481      15349  1028.4619  1028.4607    34.4581    34.4567    7.90779         28 0.0000e+00
    176.000    174.202     0.6410  29.255168     0.6412  29.254314     5.3567     5.4232     0.0281    90.5823 1.0000e-12  -64.84530  -64.10233 345.375604      99.97 5.8175e+01    641.218      15390  1028.4663  1028.4651    34.4575    34.4561    7.90803         36 0.0000e+00
    177.000    175.192     0.6401  29.254510     0.6396  29.252626     5.3807     5.4222     0.0320    90.5497 1.0000e-12  -64.84530  -64.10234 345.375630      99.97 5.8175e+01    643.440      15444  1028.4707  1028.4693    34.4570    34.4552    7.90824         32 0.0000e+00
