NBP2113_155081_ctd/data/dnbp2113_051.cnv
* Sea-Bird SBE 9 Data File:
* FileName = D:\Data\raw\NBP2113_051.hex
* Software Version Seasave V 7.26.7.121
* Temperature SN = 2438
* Conductivity SN = 2067
* Number of Bytes Per Scan = 40
* Number of Voltage Words = 5
* Number of Scans Averaged by the Deck Unit = 1
* NMEA Latitude = 64 55.61 S
* NMEA Longitude = 064 41.14 W
* NMEA UTC (Time) = Dec 11 2021  14:40:45
* NMEA baud rate = 9600
** Ship: RVIB N.B. Palmer
** Cruise: NBP2113 LTER
** Station: 592.051
** Operator: B. Urmston
# nquan = 25
# nvalues = 867                         
# units = specified
# name 0 = prDM: Pressure, Digiquartz [db]
# name 1 = depSM: Depth [salt water, m]
# name 2 = t090C: Temperature [ITS-90, deg C]
# name 3 = c0mS/cm: Conductivity [mS/cm]
# name 4 = t190C: Temperature, 2 [ITS-90, deg C]
# name 5 = c1mS/cm: Conductivity, 2 [mS/cm]
# name 6 = sbeox0ML/L: Oxygen, SBE 43 [ml/l]
# name 7 = sbeox1ML/L: Oxygen, SBE 43, 2 [ml/l]
# name 8 = flECO-AFL: Fluorescence, WET Labs ECO-AFL/FL [mg/m^3]
# name 9 = CStarTr0: Beam Transmission, WET Labs C-Star [%]
# name 10 = par: PAR/Irradiance, Biospherical/Licor
# name 11 = latitude: Latitude [deg]
# name 12 = longitude: Longitude [deg]
# name 13 = timeJ: Julian Days
# name 14 = altM: Altimeter [m]
# name 15 = spar: SPAR, Biospherical/Licor
# name 16 = timeS: Time, Elapsed [seconds]
# name 17 = scan: Scan Count
# name 18 = density00: Density [density, kg/m^3]
# name 19 = density11: Density, 2 [density, kg/m^3]
# name 20 = sal00: Salinity, Practical [PSU]
# name 21 = sal11: Salinity, Practical, 2 [PSU]
# name 22 = oxsolML/L: Oxygen Saturation, Garcia & Gordon [ml/l]
# name 23 = nbin: number of scans per bin
# name 24 = flag: flag
# span 0 =      4.000,    870.000       
# span 1 =      3.963,    859.797       
# span 2 =    -0.9392,     1.4631       
# span 3 =  27.264566,  30.443423       
# span 4 =    -0.9359,     1.4632       
# span 5 =  27.264695,  30.441672       
# span 6 =     4.0743,     8.1607       
# span 7 =     4.1285,     8.2116       
# span 8 =    -0.0223,     1.5452       
# span 9 =    80.9521,    91.7288       
# span 10 = 1.0000e-12, 3.4845e+02      
# span 11 =  -64.92710,  -64.92654      
# span 12 =  -64.68566,  -64.68490      
# span 13 = 345.614749, 345.632384      
# span 14 =       7.01,     101.29      
# span 15 = 7.1452e+02, 1.0507e+03      
# span 16 =    269.281,   1792.994      
# span 17 =       6464,      43033      
# span 18 =  1027.0324,  1031.8252      
# span 19 =  1027.0303,  1031.8239      
# span 20 =    33.5890,    34.6765      
# span 21 =    33.5865,    34.6750      
# span 22 =    7.73169,    8.28780      
# span 23 =          1,         47      
# span 24 = 0.0000e+00, 0.0000e+00      
# interval = decibars: 1                
# start_time = Dec 11 2021 14:40:45 [NMEA time, header]
# bad_flag = -9.990e-29
*END*
[from data line 696]
    700.000    691.973     1.4463  30.352564     1.4459  30.351143     4.1056     4.1499    -0.0089    91.5621 1.0000e-12  -64.92710  -64.68562 345.628292      99.97 9.6785e+02   1439.448      34548  1031.0356  1031.0345    34.6744    34.6730    7.73512         19 0.0000e+00
    701.000    692.958     1.4462  30.352933     1.4458  30.351529     4.1027     4.1483    -0.0054    91.5499 1.0000e-12  -64.92710  -64.68564 345.628301      99.97 9.6883e+02   1440.240      34567  1031.0402  1031.0391    34.6744    34.6730    7.73513         19 0.0000e+00
    702.000    693.948     1.4461  30.353351     1.4459  30.351923     4.1004     4.1473    -0.0058    91.5672 1.0000e-12  -64.92710  -64.68564 345.628311      99.97 9.7084e+02   1441.106      34588  1031.0449  1031.0437    34.6744    34.6728    7.73514         23 0.0000e+00
    703.000    694.932     1.4462  30.353851     1.4461  30.352570     4.0987     4.1545    -0.0062    91.5694 1.0000e-12  -64.92710  -64.68564 345.628324      99.97 9.7134e+02   1442.230      34615  1031.0495  1031.0484    34.6744    34.6729    7.73512         30 0.0000e+00
    704.000    695.920     1.4463  30.354282     1.4461  30.352930     4.1034     4.1519    -0.0096    91.5364 1.0000e-12  -64.92710  -64.68564 345.628368      99.97 9.6871e+02   1446.002      34705  1031.0541  1031.0530    34.6743    34.6728    7.73512         30 0.0000e+00
    705.000    696.907     1.4469  30.355194     1.4464  30.353811     4.1064     4.1541    -0.0119    91.5324 1.0000e-12  -64.92710  -64.68564 345.628392      99.97 9.6780e+02   1448.088      34755  1031.0587  1031.0577    34.6743    34.6730    7.73501         27 0.0000e+00
    706.000    697.892     1.4469  30.355824     1.4465  30.354419     4.0988     4.1541     0.0023    91.5336 1.0000e-12  -64.92710  -64.68564 345.628404      99.97 9.6782e+02   1449.102      34779  1031.0635  1031.0624    34.6744    34.6731    7.73498         24 0.0000e+00
    707.000    698.881     1.4471  30.356428     1.4468  30.354977     4.0962     4.1537    -0.0022    91.5204 1.0000e-12  -64.92710  -64.68564 345.628416      99.97 9.6749e+02   1450.115      34804  1031.0682  1031.0670    34.6745    34.6730    7.73496         26 0.0000e+00
    708.000    699.868     1.4472  30.357033     1.4470  30.355765     4.0999     4.1533     0.0029    91.5245 1.0000e-12  -64.92710  -64.68564 345.628432      99.97 9.6488e+02   1451.513      34837  1031.0729  1031.0717    34.6746    34.6731    7.73493         36 0.0000e+00
    709.000    700.855     1.4474  30.357614     1.4472  30.356326     4.1007     4.1506    -0.0118    91.5224 1.0000e-12  -64.92710  -64.68564 345.628454      99.97 9.6176e+02   1453.432      34883  1031.0775  1031.0763    34.6745    34.6730    7.73489         34 0.0000e+00
    710.000    701.841     1.4478  30.358513     1.4475  30.357122     4.0978     4.1489    -0.0065    91.5506 1.0000e-12  -64.92710  -64.68564 345.628472      99.97 9.6074e+02   1454.939      34920  1031.0822  1031.0811    34.6746    34.6732    7.73480         30 0.0000e+00
    711.000    702.827     1.4476  30.358733     1.4472  30.357341     4.1039     4.1494    -0.0044    91.5497 1.0000e-12  -64.92710  -64.68564 345.628485      99.97 9.6178e+02   1456.068      34947  1031.0869  1031.0858    34.6746    34.6732    7.73485         25 0.0000e+00
    712.000    703.815     1.4472  30.358720     1.4470  30.357431     4.1010     4.1518    -0.0044    91.5497 1.0000e-12  -64.92710  -64.68564 345.628497      99.97 9.6228e+02   1457.143      34972  1031.0914  1031.0903    34.6745    34.6730    7.73493         29 0.0000e+00
    713.000    704.802     1.4468  30.358767     1.4464  30.357238     4.1047     4.1575    -0.0083    91.5497 1.0000e-12  -64.92708  -64.68564 345.628515      99.97 9.6069e+02   1458.660      35009  1031.0961  1031.0949    34.6744    34.6728    7.73502         35 0.0000e+00
    714.000    705.788     1.4468  30.359165     1.4466  30.357730     4.1006     4.1563    -0.0069    91.5549 1.0000e-12  -64.92709  -64.68564 345.628552      99.97 9.5837e+02   1461.912      35087  1031.1006  1031.0994    34.6743    34.6727    7.73501         37 0.0000e+00
    715.000    706.774     1.4475  30.360122     1.4471  30.358850     4.0983     4.1519    -0.0002    91.5496 1.0000e-12  -64.92710  -64.68564 345.628583      99.97 9.5547e+02   1464.602      35151  1031.1052  1031.1043    34.6742    34.6731    7.73489         22 0.0000e+00
    716.000    707.763     1.4475  30.360614     1.4470  30.359161     4.1044     4.1521     0.0049    91.5559 1.0000e-12  -64.92710  -64.68562 345.628592      99.97 9.5379e+02   1465.351      35169  1031.1099  1031.1089    34.6743    34.6730    7.73489         17 0.0000e+00
    717.000    708.748     1.4481  30.361621     1.4476  30.360225     4.1046     4.1475    -0.0040    91.5565 1.0000e-12  -64.92708  -64.68562 345.628600      99.97 9.5372e+02   1466.012      35185  1031.1145  1031.1135    34.6744    34.6731    7.73476         15 0.0000e+00
    718.000    709.734     1.4482  30.362338     1.4478  30.360972     4.1057     4.1467    -0.0048    91.5246 1.0000e-12  -64.92708  -64.68562 345.628607      99.97 9.5372e+02   1466.612      35200  1031.1193  1031.1183    34.6745    34.6733    7.73472         15 0.0000e+00
    719.000    710.724     1.4482  30.362789     1.4478  30.361408     4.1026     4.1490    -0.0041    91.5257 1.0000e-12  -64.92708  -64.68562 345.628613      99.97 9.5372e+02   1467.201      35214  1031.1239  1031.1230    34.6745    34.6732    7.73472         14 0.0000e+00
    720.000    711.710     1.4479  30.363050     1.4476  30.361621     4.0927     4.1519    -0.0086    91.5215 1.0000e-12  -64.92708  -64.68562 345.628621      99.97 9.5486e+02   1467.878      35230  1031.1287  1031.1276    34.6746    34.6732    7.73477         19 0.0000e+00
    721.000    712.698     1.4482  30.363493     1.4478  30.362114     4.0985     4.1518    -0.0066    91.5019 1.0000e-12  -64.92709  -64.68562 345.628676      99.97 9.5020e+02   1472.611      35344  1031.1332  1031.1321    34.6744    34.6730    7.73474         26 0.0000e+00
    722.000    713.681     1.4482  30.364022     1.4479  30.362592     4.1060     4.1534     0.0026    91.4969 1.0000e-12  -64.92710  -64.68562 345.628701      99.97 9.4674e+02   1474.743      35395  1031.1379  1031.1367    34.6745    34.6730    7.73473         20 0.0000e+00
    723.000    714.670     1.4480  30.364453     1.4476  30.362832     4.1026     4.1519     0.0015    91.4982 1.0000e-12  -64.92710  -64.68562 345.628710      99.97 9.4795e+02   1475.529      35414  1031.1427  1031.1415    34.6746    34.6731    7.73475         19 0.0000e+00
    724.000    715.657     1.4480  30.364639     1.4476  30.363290     4.1043     4.1504    -0.0066    91.5112 1.0000e-12  -64.92708  -64.68562 345.628720      99.97 9.4951e+02   1476.434      35435  1031.1471  1031.1461    34.6744    34.6731    7.73478         25 0.0000e+00
    725.000    716.644     1.4479  30.365159     1.4477  30.363760     4.1021     4.1476    -0.0126    91.5210 1.0000e-12  -64.92708  -64.68562 345.628735      99.96 9.5160e+02   1477.744      35467  1031.1519  1031.1507    34.6746    34.6730    7.73478         37 0.0000e+00
    726.000    717.629     1.4480  30.365542     1.4478  30.364227     4.1051     4.1502    -0.0129    91.5232 1.0000e-12  -64.92708  -64.68562 345.628757      99.97 9.4974e+02   1479.575      35511  1031.1565  1031.1554    34.6744    34.6730    7.73478         39 0.0000e+00
    727.000    718.616     1.4485  30.366568     1.4482  30.365176     4.1036     4.1518    -0.0062    91.5442 1.0000e-12  -64.92708  -64.68562 345.628774      99.97 9.4771e+02   1481.068      35547  1031.1611  1031.1600    34.6745    34.6731    7.73466         31 0.0000e+00
    728.000    719.604     1.4487  30.367166     1.4484  30.365838     4.0992     4.1535    -0.0037    91.5471 1.0000e-12  -64.92708  -64.68562 345.628788      99.97 9.4501e+02   1482.308      35576  1031.1658  1031.1648    34.6745    34.6732    7.73463         31 0.0000e+00
    729.000    720.588     1.4486  30.367631     1.4484  30.366210     4.0994     4.1499    -0.0017    91.5467 1.0000e-12  -64.92708  -64.68561 345.628811      99.97 9.4516e+02   1484.285      35624  1031.1706  1031.1693    34.6747    34.6731    7.73464         34 0.0000e+00
    730.000    721.576     1.4487  30.368068     1.4485  30.366707     4.0914     4.1527    -0.0029    91.5694 1.0000e-12  -64.92708  -64.68562 345.628842      99.97 9.4624e+02   1486.947      35688  1031.1751  1031.1739    34.6746    34.6731    7.73462         38 0.0000e+00
    731.000    722.563     1.4491  30.368876     1.4487  30.367503     4.1001     4.1535    -0.0043    91.5755 1.0000e-12  -64.92708  -64.68560 345.628857      99.97 9.4488e+02   1488.253      35719  1031.1797  1031.1787    34.6746    34.6733    7.73455         28 0.0000e+00
    732.000    723.551     1.4490  30.369259     1.4488  30.367922     4.0971     4.1531    -0.0132    91.5062 1.0000e-12  -64.92708  -64.68560 345.628870      99.97 9.4307e+02   1489.400      35747  1031.1844  1031.1833    34.6746    34.6732    7.73456         28 0.0000e+00
    733.000    724.537     1.4490  30.369742     1.4488  30.368384     4.1045     4.1527    -0.0116    91.5232 1.0000e-12  -64.92708  -64.68560 345.628885      99.97 9.4138e+02   1490.648      35777  1031.1891  1031.1879    34.6747    34.6732    7.73456         32 0.0000e+00
    734.000    725.524     1.4490  30.370092     1.4487  30.368638     4.1045     4.1516    -0.0045    91.5368 1.0000e-12  -64.92708  -64.68560 345.628901      99.97 9.4138e+02   1492.023      35810  1031.1937  1031.1925    34.6746    34.6731    7.73456         34 0.0000e+00
    735.000    726.510     1.4489  30.370390     1.4486  30.369005     4.1070     4.1518    -0.0086    91.5416 1.0000e-12  -64.92708  -64.68560 345.628917      99.97 9.4138e+02   1493.387      35842  1031.1984  1031.1972    34.6746    34.6731    7.73460         32 0.0000e+00
    736.000    727.498     1.4488  30.370824     1.4487  30.369489     4.1005     4.1465    -0.0134    91.5151 1.0000e-12  -64.92708  -64.68560 345.628935      99.97 9.4138e+02   1494.952      35880  1031.2031  1031.2018    34.6746    34.6731    7.73461         42 0.0000e+00
    737.000    728.483     1.4489  30.371335     1.4488  30.370001     4.0960     4.1494    -0.0013    91.5372 1.0000e-12  -64.92708  -64.68560 345.628956      99.97 9.4129e+02   1496.765      35923  1031.2076  1031.2064    34.6746    34.6730    7.73458         39 0.0000e+00
    738.000    729.471     1.4491  30.371870     1.4488  30.370476     4.0930     4.1527    -0.0006    91.5319 1.0000e-12  -64.92708  -64.68560 345.628973      99.97 9.3971e+02   1498.285      35960  1031.2123  1031.2111    34.6745    34.6730    7.73456         36 0.0000e+00
    739.000    730.456     1.4490  30.372343     1.4488  30.370894     4.1002     4.1461    -0.0028    91.5396 1.0000e-12  -64.92708  -64.68560 345.629002      99.97 9.3828e+02   1500.790      36020  1031.2170  1031.2157    34.6746    34.6730    7.73456         39 0.0000e+00
    740.000    731.444     1.4494  30.373035     1.4491  30.371615     4.0891     4.1449    -0.0111    91.5252 1.0000e-12  -64.92708  -64.68559 345.629023      99.97 9.3784e+02   1502.570      36063  1031.2215  1031.2204    34.6745    34.6731    7.73449         30 0.0000e+00
    741.000    732.430     1.4494  30.373554     1.4491  30.372189     4.0956     4.1484    -0.0041    91.5319 1.0000e-12  -64.92708  -64.68559 345.629035      99.97 9.3785e+02   1503.644      36088  1031.2262  1031.2251    34.6746    34.6732    7.73448         23 0.0000e+00
    742.000    733.417     1.4495  30.373820     1.4490  30.372424     4.1028     4.1511    -0.0129    91.5220 1.0000e-12  -64.92708  -64.68560 345.629046      99.97 9.3785e+02   1504.599      36111  1031.2307  1031.2297    34.6743    34.6731    7.73449         23 0.0000e+00
    743.000    734.406     1.4495  30.374436     1.4491  30.372970     4.1036     4.1503     0.0129    91.5239 1.0000e-12  -64.92708  -64.68560 345.629057      99.97 9.3668e+02   1505.557      36134  1031.2355  1031.2343    34.6745    34.6731    7.73447         24 0.0000e+00
    744.000    735.390     1.4498  30.375109     1.4492  30.373489     4.1052     4.1498    -0.0094    91.5239 1.0000e-12  -64.92708  -64.68560 345.629070      99.97 9.3611e+02   1506.652      36161  1031.2401  1031.2390    34.6745    34.6731    7.73442         30 0.0000e+00
    745.000    736.375     1.4501  30.376029     1.4498  30.374604     4.1014     4.1486    -0.0038    91.5183 1.0000e-12  -64.92708  -64.68560 345.629100      99.97 9.3500e+02   1509.205      36222  1031.2449  1031.2437    34.6748    34.6733    7.73434         27 0.0000e+00
    746.000    737.363     1.4500  30.376224     1.4499  30.375030     4.0969     4.1474    -0.0106    91.5019 1.0000e-12  -64.92708  -64.68560 345.629129      99.97 9.3431e+02   1511.766      36283  1031.2494  1031.2483    34.6746    34.6731    7.73437         30 0.0000e+00
    747.000    738.351     1.4506  30.377417     1.4499  30.375649     4.0987     4.1473    -0.0046    91.5160 1.0000e-12  -64.92707  -64.68560 345.629142      99.97 9.3433e+02   1512.854      36309  1031.2542  1031.2531    34.6748    34.6733    7.73423         26 0.0000e+00
    748.000    739.337     1.4506  30.377825     1.4501  30.376109     4.1018     4.1454    -0.0036    91.5003 1.0000e-12  -64.92706  -64.68559 345.629157      99.97 9.3360e+02   1514.146      36341  1031.2588  1031.2576    34.6748    34.6732    7.73424         37 0.0000e+00
    749.000    740.325     1.4507  30.378319     1.4501  30.376497     4.0974     4.1476    -0.0028    91.5169 1.0000e-12  -64.92706  -64.68558 345.629177      99.97 9.3112e+02   1515.851      36381  1031.2634  1031.2622    34.6748    34.6731    7.73422         36 0.0000e+00
    750.000    741.310     1.4527  30.380659     1.4521  30.379215     4.0919     4.1455    -0.0042    91.5157 1.0000e-12  -64.92706  -64.68558 345.629190      99.97 9.3087e+02   1517.045      36410  1031.2680  1031.2671    34.6749    34.6738    7.73381         25 0.0000e+00
    751.000    742.297     1.4539  30.382486     1.4535  30.381156     4.0929     4.1437    -0.0050    91.5450 1.0000e-12  -64.92706  -64.68560 345.629202      99.97 9.3256e+02   1518.020      36433  1031.2729  1031.2720    34.6755    34.6742    7.73356         22 0.0000e+00
    752.000    743.284     1.4540  30.383244     1.4537  30.381875     4.0929     4.1471    -0.0029    91.5150 1.0000e-12  -64.92706  -64.68560 345.629214      99.97 9.3256e+02   1519.124      36460  1031.2778  1031.2767    34.6758    34.6744    7.73353         33 0.0000e+00
    753.000    744.272     1.4539  30.383751     1.4538  30.382333     4.0946     4.1441     0.0001    91.5049 1.0000e-12  -64.92706  -64.68559 345.629240      99.97 9.3137e+02   1521.293      36512  1031.2826  1031.2813    34.6759    34.6743    7.73353         30 0.0000e+00
    754.000    745.257     1.4525  30.382549     1.4525  30.381404     4.1027     4.1458    -0.0036    91.5135 1.0000e-12  -64.92706  -64.68558 345.629270      99.97 9.2876e+02   1523.960      36576  1031.2871  1031.2859    34.6754    34.6740    7.73384         40 0.0000e+00
    755.000    746.244     1.4508  30.381030     1.4505  30.379628     4.0969     4.1473    -0.0032    91.5250 1.0000e-12  -64.92706  -64.68558 345.629293      99.97 9.2585e+02   1525.907      36623  1031.2914  1031.2903    34.6747    34.6733    7.73420         34 0.0000e+00
    756.000    747.230     1.4507  30.381226     1.4502  30.379870     4.0921     4.1452    -0.0023    91.5330 1.0000e-12  -64.92706  -64.68558 345.629306      99.97 9.2698e+02   1527.056      36650  1031.2959  1031.2949    34.6746    34.6734    7.73423         23 0.0000e+00
