NBP2113_155081_ctd/data/dnbp2113_037.cnv
* Sea-Bird SBE 9 Data File:
* FileName = D:\Data\raw\NBP2113_037.hex
* Software Version Seasave V 7.26.7.121
* Temperature SN = 2438
* Conductivity SN = 2067
* Number of Bytes Per Scan = 40
* Number of Voltage Words = 5
* Number of Scans Averaged by the Deck Unit = 1
* NMEA Latitude = 64 56.01 S
* NMEA Longitude = 064 23.97 W
* NMEA UTC (Time) = Dec 10 2021  04:27:53
* NMEA baud rate = 9600
** Ship: RVIB N.B. Palmer
** Cruise: NBP2113 LTER
** Station: 600.040
** Operator: B. Urmston
# nquan = 25
# nvalues = 99                          
# units = specified
# name 0 = prDM: Pressure, Digiquartz [db]
# name 1 = depSM: Depth [salt water, m]
# name 2 = t090C: Temperature [ITS-90, deg C]
# name 3 = c0mS/cm: Conductivity [mS/cm]
# name 4 = t190C: Temperature, 2 [ITS-90, deg C]
# name 5 = c1mS/cm: Conductivity, 2 [mS/cm]
# name 6 = sbeox0ML/L: Oxygen, SBE 43 [ml/l]
# name 7 = sbeox1ML/L: Oxygen, SBE 43, 2 [ml/l]
# name 8 = flECO-AFL: Fluorescence, WET Labs ECO-AFL/FL [mg/m^3]
# name 9 = CStarTr0: Beam Transmission, WET Labs C-Star [%]
# name 10 = par: PAR/Irradiance, Biospherical/Licor
# name 11 = latitude: Latitude [deg]
# name 12 = longitude: Longitude [deg]
# name 13 = timeJ: Julian Days
# name 14 = altM: Altimeter [m]
# name 15 = spar: SPAR, Biospherical/Licor
# name 16 = timeS: Time, Elapsed [seconds]
# name 17 = scan: Scan Count
# name 18 = density00: Density [density, kg/m^3]
# name 19 = density11: Density, 2 [density, kg/m^3]
# name 20 = sal00: Salinity, Practical [PSU]
# name 21 = sal11: Salinity, Practical, 2 [PSU]
# name 22 = oxsolML/L: Oxygen Saturation, Garcia & Gordon [ml/l]
# name 23 = nbin: number of scans per bin
# name 24 = flag: flag
# span 0 =      5.000,    103.000       
# span 1 =      4.952,    101.968       
# span 2 =    -0.9911,     0.3730       
# span 3 =  27.122709,  28.927564       
# span 4 =    -0.9924,     0.3777       
# span 5 =  27.119575,  28.933295       
# span 6 =     5.2120,     8.1682       
# span 7 =     5.3713,     8.1567       
# span 8 =     0.0509,     1.8302       
# span 9 =    87.3407,    95.4428       
# span 10 = -1.938e-05, 9.0743e-01      
# span 11 =  -64.93358,  -64.93342      
# span 12 =  -64.39966,  -64.39958      
# span 13 = 344.189617, 344.193050      
# span 14 =      99.97,      99.98      
# span 15 = 0.0000e+00, 0.0000e+00      
# span 16 =    309.891,    606.513      
# span 17 =       7438,      14557      
# span 18 =  1027.0181,  1028.0685      
# span 19 =  1027.0159,  1028.0675      
# span 20 =    33.5389,    34.3739      
# span 21 =    33.5352,    34.3739      
# span 22 =    7.96775,    8.30718      
# span 23 =         17,         46      
# span 24 = 0.0000e+00, 0.0000e+00      
# interval = decibars: 1                
# start_time = Dec 10 2021 04:27:53 [NMEA time, header]
# bad_flag = -9.990e-29
*END*
      5.000      4.952    -0.9103  27.212242    -0.9128  27.207398     8.0546     8.1214     1.5967    87.7910 9.0743e-01  -64.93346  -64.39958 344.189617      99.97 0.0000e+00    309.891       7438  1027.0188  1027.0159    33.5741    33.5703    8.28724         29 0.0000e+00
      6.000      5.941    -0.8300  27.302287    -0.8407  27.290084     8.0736     8.0995     1.5977    88.0474 8.1338e-01  -64.93346  -64.39958 344.189725      99.97 0.0000e+00    319.245       7663  1027.0445  1027.0416    33.6060    33.6014    8.26771         34 0.0000e+00
      7.000      6.931    -0.7745  27.367216    -0.7734  27.371505     8.1329     8.1384     1.5574    88.1643 6.5268e-01  -64.93346  -64.39958 344.189770      99.97 0.0000e+00    323.150       7757  1027.0678  1027.0704    33.6314    33.6360    8.25405         38 0.0000e+00
      8.000      7.921    -0.9087  27.225093    -0.9129  27.218322     8.1682     8.1486     1.5261    88.3617 5.3952e-01  -64.93344  -64.39958 344.189821      99.97 0.0000e+00    327.539       7862  1027.0462  1027.0429    33.5878    33.5833    8.28615         36 0.0000e+00
      9.000      8.911    -0.9841  27.129849    -0.9838  27.128433     8.1508     8.1522     1.5588    88.0081 5.0150e-01  -64.93344  -64.39958 344.189840      99.97 0.0000e+00    329.178       7901  1027.0181  1027.0161    33.5420    33.5397    8.30546         38 0.0000e+00
     10.000      9.903    -0.9861  27.128595    -0.9908  27.120120     8.1341     8.1532     1.5830    87.5441 4.1922e-01  -64.93344  -64.39958 344.189887      99.97 0.0000e+00    333.206       7998  1027.0212  1027.0164    33.5420    33.5356    8.30590         37 0.0000e+00
     11.000     10.891    -0.9911  27.122709    -0.9907  27.120365     8.1424     8.1540     1.6433    87.4417 3.7109e-01  -64.93344  -64.39958 344.189916      99.97 0.0000e+00    335.711       8058  1027.0233  1027.0203    33.5389    33.5352    8.30718         38 0.0000e+00
     12.000     11.882    -0.9866  27.127982    -0.9924  27.119575     8.1297     8.1567     1.7294    87.3407 3.3635e-01  -64.93344  -64.39958 344.189956      99.97 0.0000e+00    339.201       8142  1027.0284  1027.0248    33.5404    33.5355    8.30609         33 0.0000e+00
     13.000     12.874    -0.9782  27.138944    -0.9784  27.135920     8.1179     8.1463     1.6086    87.3509 2.8539e-01  -64.93344  -64.39958 344.189972      99.97 0.0000e+00    340.581       8175  1027.0365  1027.0334    33.5453    33.5414    8.30394         36 0.0000e+00
     14.000     13.862    -0.9771  27.140714    -0.9727  27.142959     8.1141     8.1456     1.6683    87.3502 2.4389e-01  -64.93344  -64.39958 344.190006      99.97 0.0000e+00    343.545       8246  1027.0416  1027.0398    33.5459    33.5441    8.30367         34 0.0000e+00
     15.000     14.852    -0.9741  27.144942    -0.9658  27.151780     8.1505     8.1481     1.6807    87.3911 2.0910e-01  -64.93344  -64.39958 344.190039      99.97 0.0000e+00    346.352       8313  1027.0475  1027.0471    33.5477    33.5477    8.30291         40 0.0000e+00
     16.000     15.842    -0.9684  27.151556    -0.9627  27.155876     8.0843     8.1152     1.8302    87.3981 1.8897e-01  -64.93344  -64.39958 344.190085      99.97 0.0000e+00    350.312       8408  1027.0535  1027.0530    33.5497    33.5492    8.30152         32 0.0000e+00
     17.000     16.833    -0.8384  27.293605    -0.8390  27.286437     8.0211     8.0900     1.6187    87.4288 1.6890e-01  -64.93344  -64.39958 344.190124      99.97 0.0000e+00    353.749       8491  1027.0883  1027.0810    33.5968    33.5877    8.27015         31 0.0000e+00
     18.000     17.823    -0.7305  27.429950    -0.7387  27.419331     8.0544     8.1125     1.4709    87.5335 1.4089e-01  -64.93344  -64.39958 344.190138      99.97 0.0000e+00    354.896       8519  1027.1382  1027.1345    33.6604    33.6552    8.24274         30 0.0000e+00
     19.000     18.814    -0.7949  27.360405    -0.8002  27.346804     8.0550     8.1026     1.5560    87.8209 1.1613e-01  -64.93342  -64.39959 344.190165      99.97 0.0000e+00    357.276       8576  1027.1297  1027.1208    33.6376    33.6251    8.25817         38 0.0000e+00
     20.000     19.803    -0.8345  27.311331    -0.8809  27.248795     8.0622     8.0697     1.6395    88.0996 1.0273e-01  -64.93342  -64.39962 344.190223      99.97 0.0000e+00    362.285       8696  1027.1200  1027.0975    33.6147    33.5816    8.26822         33 0.0000e+00
     21.000     20.794    -0.6937  27.465093    -0.6433  27.513922     7.9507     8.0063     1.7740    88.0978 9.0244e-02  -64.93344  -64.39960 344.190274      99.97 0.0000e+00    366.675       8801  1027.1544  1027.1602    33.6644    33.6742    8.23469         36 0.0000e+00
     22.000     21.783    -0.3506  27.884306    -0.3502  27.883010     7.8918     7.9973     1.3953    88.3006 7.2586e-02  -64.93344  -64.39960 344.190292      99.97 0.0000e+00    368.250       8839  1027.2837  1027.2826    33.8455    33.8433    8.14980         37 0.0000e+00
     23.000     22.769    -0.3909  27.836185    -0.3807  27.846127     7.9432     7.9897     1.6018    89.3701 6.3161e-02  -64.93342  -64.39962 344.190321      99.97 0.0000e+00    370.730       8899  1027.2790  1027.2797    33.8253    33.8273    8.15960         25 0.0000e+00
     24.000     23.765    -0.2873  27.958493    -0.2769  27.968554     7.8971     7.9664     1.5041    90.0384 5.7343e-02  -64.93342  -64.39964 344.190351      99.97 0.0000e+00    373.305       8960  1027.3169  1027.3182    33.8730    33.8748    8.13468         36 0.0000e+00
     25.000     24.752    -0.2205  28.030934    -0.2080  28.039628     7.9203     7.9712     1.4034    90.2143 4.6973e-02  -64.93344  -64.39963 344.190417      99.97 0.0000e+00    379.019       9097  1027.3384  1027.3363    33.8945    33.8923    8.11919         31 0.0000e+00
     26.000     25.744    -0.1192  28.144786    -0.1188  28.142834     7.9247     7.9782     1.2806    90.4127 3.8922e-02  -64.93344  -64.39964 344.190439      99.97 0.0000e+00    380.927       9143  1027.3682  1027.3660    33.9329    33.9298    8.09548         35 0.0000e+00
     27.000     26.731    -0.1097  28.162046    -0.1067  28.163666     7.8306     7.9122     1.3105    91.1824 2.9134e-02  -64.93344  -64.39966 344.190483      99.97 0.0000e+00    384.700       9234  1027.3842  1027.3834    33.9446    33.9434    8.09279         30 0.0000e+00
     28.000     27.723    -0.1162  28.170148    -0.1155  28.168121     7.7989     7.8902     1.0547    91.4148 2.2228e-02  -64.93344  -64.39965 344.190506      99.97 0.0000e+00    386.712       9282  1027.4048  1027.4021    33.9620    33.9585    8.09319         32 0.0000e+00
     29.000     28.715    -0.1185  28.173798    -0.1185  28.173059     7.7933     7.8893     0.9515    91.7941 1.6184e-02  -64.93344  -64.39965 344.190545      99.97 0.0000e+00    390.063       9363  1027.4162  1027.4156    33.9688    33.9679    8.09328         32 0.0000e+00
     30.000     29.704    -0.1318  28.166737    -0.1318  28.163290     7.7396     7.8424     0.8619    92.1488 1.0258e-02  -64.93344  -64.39966 344.190595      99.97 0.0000e+00    394.420       9467  1027.4268  1027.4233    33.9736    33.9691    8.09582         46 0.0000e+00
     31.000     30.694    -0.1708  28.142473    -0.1701  28.140928     7.6661     7.7706     0.7873    92.3889 3.9405e-03  -64.93344  -64.39966 344.190622      99.97 0.0000e+00    396.773       9524  1027.4432  1027.4409    33.9843    33.9814    8.10351         46 0.0000e+00
     32.000     31.683    -0.2031  28.120663    -0.2104  28.113454     7.6234     7.7233     0.6904    92.8459 9.2493e-04  -64.93344  -64.39966 344.190660      99.97 0.0000e+00    400.047       9602  1027.4552  1027.4546    33.9906    33.9891    8.11001         29 0.0000e+00
     33.000     32.675    -0.2472  28.091726    -0.2445  28.091704     7.4195     7.5907     0.6490    93.2838 -1.938e-05  -64.93344  -64.39966 344.190706      99.97 0.0000e+00    404.032       9698  1027.4711  1027.4683    34.0007    33.9976    8.11883         45 0.0000e+00
     34.000     33.664    -0.2708  28.078326    -0.2702  28.077047     7.4531     7.5639     0.6385    93.5811 1.0000e-12  -64.93345  -64.39964 344.190735      99.97 0.0000e+00    406.511       9757  1027.4834  1027.4813    34.0085    34.0061    8.12341         45 0.0000e+00
     35.000     34.654    -0.2677  28.082875    -0.2676  28.081255     7.5064     7.5752     0.4944    93.9370 1.0000e-12  -64.93345  -64.39964 344.190757      99.97 0.0000e+00    408.399       9803  1027.4891  1027.4872    34.0105    34.0082    8.12263         39 0.0000e+00
     36.000     35.644    -0.2629  28.087461    -0.2638  28.084449     7.4005     7.4977     0.5269    93.9916 1.0000e-12  -64.93345  -64.39965 344.190820      99.97 0.0000e+00    413.836       9933  1027.4930  1027.4905    34.0106    34.0076    8.12160         39 0.0000e+00
     37.000     36.634    -0.2980  28.064842    -0.2980  28.062474     7.2307     7.3895     0.3941    94.1021 1.0000e-12  -64.93345  -64.39964 344.190848      99.97 0.0000e+00    416.309       9992  1027.5069  1027.5044    34.0190    34.0159    8.12861         36 0.0000e+00
     38.000     37.624    -0.3459  28.026016    -0.3449  28.024758     7.1277     7.2995     0.4107    94.2468 1.0000e-12  -64.93345  -64.39963 344.190880      99.97 0.0000e+00    418.994      10057  1027.5155  1027.5133    34.0201    34.0173    8.13879         31 0.0000e+00
     39.000     38.614    -0.3578  28.018665    -0.3585  28.015984     6.9101     7.1488     0.3950    94.3269 1.0000e-12  -64.93346  -64.39963 344.190911      99.97 0.0000e+00    421.746      10123  1027.5229  1027.5207    34.0230    34.0202    8.14118         37 0.0000e+00
     40.000     39.603    -0.3711  28.010972    -0.3779  28.004662     6.9825     7.1152     0.3610    94.3473 1.0000e-12  -64.93346  -64.39964 344.190944      99.97 0.0000e+00    424.583      10191  1027.5315  1027.5311    34.0270    34.0262    8.14380         38 0.0000e+00
     41.000     40.595    -0.3717  28.011691    -0.3878  27.999216     6.5551     6.8064     0.3565    94.3181 1.0000e-12  -64.93346  -64.39962 344.191004      99.97 0.0000e+00    429.762      10315  1027.5364  1027.5385    34.0280    34.0293    8.14387         41 0.0000e+00
     42.000     41.583    -0.4260  27.975728    -0.4257  27.974120     6.4357     6.6942     0.4207    94.3525 1.0000e-12  -64.93346  -64.39961 344.191025      99.97 0.0000e+00    431.535      10358  1027.5546  1027.5524    34.0401    34.0376    8.15483         38 0.0000e+00
     43.000     42.575    -0.4221  27.984559    -0.4219  27.982679     6.4694     6.6785     0.3801    94.4524 1.0000e-12  -64.93346  -64.39962 344.191044      99.97 0.0000e+00    433.167      10397  1027.5642  1027.5618    34.0470    34.0442    8.15360         41 0.0000e+00
     44.000     43.565    -0.4210  27.984626    -0.4208  27.984196     6.5480     6.6768     0.3797    94.4303 1.0000e-12  -64.93346  -64.39964 344.191103      99.97 0.0000e+00    438.299      10520  1027.5668  1027.5661    34.0452    34.0444    8.15346         40 0.0000e+00
     45.000     44.556    -0.4111  27.999879    -0.4084  27.999501     6.5124     6.6148     0.3852    94.4900 1.0000e-12  -64.93347  -64.39962 344.191156      99.97 0.0000e+00    442.854      10630  1027.5776  1027.5745    34.0539    34.0504    8.15083         33 0.0000e+00
     46.000     45.544    -0.3912  28.026251    -0.3911  28.024612     6.5033     6.5978     0.3016    94.5250 1.0000e-12  -64.93348  -64.39962 344.191176      99.97 0.0000e+00    444.585      10671  1027.5909  1027.5890    34.0664    34.0640    8.14585         32 0.0000e+00
     47.000     46.534    -0.3825  28.035668    -0.3820  28.034258     6.5251     6.6028     0.3104    94.5461 1.0000e-12  -64.93348  -64.39962 344.191191      99.97 0.0000e+00    445.877      10702  1027.5969  1027.5949    34.0685    34.0661    8.14385         33 0.0000e+00
     48.000     47.524    -0.3797  28.039167    -0.3771  28.039394     6.5326     6.5969     0.3363    94.5273 1.0000e-12  -64.93348  -64.39963 344.191233      99.97 0.0000e+00    449.573      10791  1027.6025  1027.6002    34.0695    34.0669    8.14320         45 0.0000e+00
     49.000     48.515    -0.3764  28.043962    -0.3756  28.043056     6.5054     6.5695     0.3227    94.5466 1.0000e-12  -64.93348  -64.39963 344.191291      99.97 0.0000e+00    454.530      10910  1027.6089  1027.6072    34.0716    34.0696    8.14238         42 0.0000e+00
     50.000     49.506    -0.3511  28.075842    -0.3535  28.071336     6.3072     6.4213     0.3546    94.5823 1.0000e-12  -64.93348  -64.39962 344.191327      99.97 0.0000e+00    457.622      10984  1027.6229  1027.6206    34.0853    34.0819    8.13617         37 0.0000e+00
     51.000     50.494    -0.3276  28.107285    -0.3273  28.105642     6.2232     6.3658     0.2671    94.6349 1.0000e-12  -64.93348  -64.39962 344.191347      99.97 0.0000e+00    459.383      11026  1027.6385  1027.6364    34.1004    34.0979    8.13029         32 0.0000e+00
     52.000     51.484    -0.3192  28.119410    -0.3190  28.117677     6.2037     6.3474     0.2438    94.6899 1.0000e-12  -64.93348  -64.39962 344.191362      99.97 0.0000e+00    460.637      11056  1027.6478  1027.6457    34.1066    34.1041    8.12813         30 0.0000e+00
     53.000     52.475    -0.3151  28.124768    -0.3165  28.120438     6.2233     6.3562     0.2782    94.7258 1.0000e-12  -64.93348  -64.39962 344.191391      99.97 0.0000e+00    463.185      11117  1027.6541  1027.6509    34.1086    34.1044    8.12715         40 0.0000e+00
     54.000     53.463    -0.3180  28.121255    -0.3194  28.116649     6.1733     6.3091     0.2321    94.7203 1.0000e-12  -64.93348  -64.39962 344.191454      99.97 0.0000e+00    468.612      11248  1027.6579  1027.6543    34.1065    34.1019    8.12788         30 0.0000e+00
     55.000     54.455    -0.3002  28.142344    -0.3018  28.138230     6.1459     6.2641     0.2369    94.7427 1.0000e-12  -64.93348  -64.39962 344.191468      99.97 0.0000e+00    469.841      11277  1027.6677  1027.6647    34.1142    34.1104    8.12365         31 0.0000e+00
     56.000     55.443    -0.2713  28.178208    -0.2707  28.176396     6.1282     6.2330     0.2845    94.7648 1.0000e-12  -64.93348  -64.39962 344.191488      99.97 0.0000e+00    471.569      11319  1027.6825  1027.6800    34.1290    34.1259    8.11663         44 0.0000e+00
     57.000     56.434    -0.2569  28.196332    -0.2565  28.194690     6.0924     6.1987     0.2911    94.7856 1.0000e-12  -64.93348  -64.39962 344.191511      99.97 0.0000e+00    473.590      11367  1027.6926  1027.6905    34.1365    34.1339    8.11314         43 0.0000e+00
     58.000     57.423    -0.2301  28.227027    -0.2304  28.225250     6.0636     6.1675     0.2521    94.7995 1.0000e-12  -64.93348  -64.39962 344.191530      99.97 0.0000e+00    475.223      11406  1027.7040  1027.7023    34.1468    34.1447    8.10686         38 0.0000e+00
     59.000     58.412    -0.2216  28.239404    -0.2182  28.240732     6.1057     6.1972     0.2552    94.8418 1.0000e-12  -64.93349  -64.39962 344.191560      99.97 0.0000e+00    477.760      11467  1027.7137  1027.7119    34.1532    34.1512    8.10468         31 0.0000e+00
     60.000     59.403    -0.2297  28.229612    -0.2341  28.221557     6.0787     6.1486     0.2259    94.8516 1.0000e-12  -64.93348  -64.39962 344.191625      99.97 0.0000e+00    483.366      11602  1027.7162  1027.7118    34.1486    34.1427    8.10667         40 0.0000e+00
     61.000     60.394    -0.2091  28.254741    -0.2090  28.252638     6.0753     6.1347     0.1960    94.8956 1.0000e-12  -64.93350  -64.39962 344.191641      99.97 0.0000e+00    484.758      11635  1027.7273  1027.7249    34.1584    34.1555    8.10173         29 0.0000e+00
