NBP2113_155081_ctd/data/dnbp2113_046.cnv
* Sea-Bird SBE 9 Data File:
* FileName = D:\Data\raw\NBP2113_046.hex
* Software Version Seasave V 7.26.7.121
* Temperature SN = 2438
* Conductivity SN = 2067
* Number of Bytes Per Scan = 40
* Number of Voltage Words = 5
* Number of Scans Averaged by the Deck Unit = 1
* NMEA Latitude = 64 52.22 S
* NMEA Longitude = 063 49.73 W
* NMEA UTC (Time) = Dec 11 2021  05:17:37
* NMEA baud rate = 9600
** Ship: RVIB N.B. Palmer
** Cruise: NBP2113 LTER
** Station: 623.024
** Operator: B. Urmston
# nquan = 25
# nvalues = 571                         
# units = specified
# name 0 = prDM: Pressure, Digiquartz [db]
# name 1 = depSM: Depth [salt water, m]
# name 2 = t090C: Temperature [ITS-90, deg C]
# name 3 = c0mS/cm: Conductivity [mS/cm]
# name 4 = t190C: Temperature, 2 [ITS-90, deg C]
# name 5 = c1mS/cm: Conductivity, 2 [mS/cm]
# name 6 = sbeox0ML/L: Oxygen, SBE 43 [ml/l]
# name 7 = sbeox1ML/L: Oxygen, SBE 43, 2 [ml/l]
# name 8 = flECO-AFL: Fluorescence, WET Labs ECO-AFL/FL [mg/m^3]
# name 9 = CStarTr0: Beam Transmission, WET Labs C-Star [%]
# name 10 = par: PAR/Irradiance, Biospherical/Licor
# name 11 = latitude: Latitude [deg]
# name 12 = longitude: Longitude [deg]
# name 13 = timeJ: Julian Days
# name 14 = altM: Altimeter [m]
# name 15 = spar: SPAR, Biospherical/Licor
# name 16 = timeS: Time, Elapsed [seconds]
# name 17 = scan: Scan Count
# name 18 = density00: Density [density, kg/m^3]
# name 19 = density11: Density, 2 [density, kg/m^3]
# name 20 = sal00: Salinity, Practical [PSU]
# name 21 = sal11: Salinity, Practical, 2 [PSU]
# name 22 = oxsolML/L: Oxygen Saturation, Garcia & Gordon [ml/l]
# name 23 = nbin: number of scans per bin
# name 24 = flag: flag
# span 0 =      4.000,    574.000       
# span 1 =      3.946,    567.591       
# span 2 =    -0.2109,     1.2923       
# span 3 =  27.947628,  30.131306       
# span 4 =    -0.2107,     1.2921       
# span 5 =  27.945905,  30.129918       
# span 6 =     4.2966,     8.1644       
# span 7 =     4.3574,     8.1729       
# span 8 =    -0.0199,     1.9017       
# span 9 =    84.9137,    91.2789       
# span 10 = -2.077e-05, 1.1590e+00      
# span 11 =  -64.87076,  -64.87040      
# span 12 =  -63.82952,  -63.82888      
# span 13 = 345.224746, 345.235905      
# span 14 =       7.81,      99.97      
# span 15 = 0.0000e+00, 0.0000e+00      
# span 16 =    360.995,   1325.161      
# span 17 =       8665,      31805      
# span 18 =  1027.1723,  1030.4296      
# span 19 =  1027.1711,  1030.4284      
# span 20 =    33.7783,    34.6348      
# span 21 =    33.7759,    34.6334      
# span 22 =    7.76760,    8.12376      
# span 23 =          5,         49      
# span 24 = 0.0000e+00, 0.0000e+00      
# interval = decibars: 1                
# start_time = Dec 11 2021 05:17:37 [NMEA time, header]
# bad_flag = -9.990e-29
*END*
[from data line 406]
    410.000    405.582     1.1810  29.943597     1.1816  29.942947     4.4432     4.4938    -0.0023    91.2243 1.0000e-12  -64.87052  -63.82908 345.232912      99.97 0.0000e+00   1066.554      25598  1029.6518  1029.6506    34.6104    34.6088    7.79097         28 0.0000e+00
    411.000    406.570     1.1768  29.939229     1.1771  29.938927     4.4468     4.4963    -0.0061    91.2405 1.0000e-12  -64.87052  -63.82908 345.232925      99.97 0.0000e+00   1067.737      25627  1029.6558  1029.6552    34.6088    34.6082    7.79189         29 0.0000e+00
    412.000    407.560     1.1767  29.939310     1.1766  29.938368     4.4422     4.5007    -0.0142    91.2407 1.0000e-12  -64.87052  -63.82908 345.232940      99.97 0.0000e+00   1068.989      25657  1029.6602  1029.6593    34.6084    34.6073    7.79192         31 0.0000e+00
    413.000    408.547     1.1756  29.938868     1.1755  29.937837     4.4457     4.5025    -0.0133    91.2418 1.0000e-12  -64.87052  -63.82908 345.232955      99.97 0.0000e+00   1070.333      25689  1029.6650  1029.6641    34.6085    34.6073    7.79213         31 0.0000e+00
    414.000    409.536     1.1759  29.939165     1.1756  29.938028     4.4424     4.4994    -0.0077    91.2400 1.0000e-12  -64.87052  -63.82908 345.232972      99.97 0.0000e+00   1071.785      25724  1029.6694  1029.6684    34.6080    34.6068    7.79211         37 0.0000e+00
    415.000    410.523     1.1757  29.939444     1.1757  29.938659     4.4395     4.4987    -0.0077    91.2541 1.0000e-12  -64.87052  -63.82908 345.232990      99.97 0.0000e+00   1073.326      25761  1029.6741  1029.6732    34.6081    34.6069    7.79215         33 0.0000e+00
    416.000    411.512     1.1781  29.942833     1.1777  29.941398     4.4346     4.4928    -0.0077    91.1958 1.0000e-12  -64.87052  -63.82908 345.233007      99.97 0.0000e+00   1074.783      25796  1029.6793  1029.6783    34.6091    34.6078    7.79161         33 0.0000e+00
    417.000    412.501     1.1794  29.944248     1.1789  29.942980     4.4339     4.4912    -0.0077    91.2415 1.0000e-12  -64.87052  -63.82908 345.233022      99.97 0.0000e+00   1076.082      25827  1029.6838  1029.6829    34.6089    34.6078    7.79136         29 0.0000e+00
    418.000    413.487     1.1828  29.948369     1.1824  29.947096     4.4283     4.4883    -0.0077    91.2599 1.0000e-12  -64.87052  -63.82908 345.233035      99.97 0.0000e+00   1077.259      25855  1029.6888  1029.6880    34.6098    34.6087    7.79063         27 0.0000e+00
    419.000    414.476     1.1844  29.950558     1.1852  29.950771     4.4219     4.4820    -0.0077    91.2611 1.0000e-12  -64.87052  -63.82906 345.233048      99.97 0.0000e+00   1078.325      25881  1029.6938  1029.6932    34.6103    34.6097    7.79029         24 0.0000e+00
    420.000    415.465     1.1905  29.957561     1.1893  29.955237     4.4203     4.4796    -0.0055    91.2639 1.0000e-12  -64.87052  -63.82906 345.233058      99.97 0.0000e+00   1079.240      25903  1029.6992  1029.6980    34.6120    34.6103    7.78900         20 0.0000e+00
    421.000    416.453     1.1906  29.957982     1.1913  29.957659     4.4181     4.4754    -0.0001    91.2432 1.0000e-12  -64.87052  -63.82906 345.233068      99.97 0.0000e+00   1080.081      25923  1029.7038  1029.7028    34.6118    34.6107    7.78898         21 0.0000e+00
    422.000    417.441     1.1948  29.962852     1.1942  29.961139     4.4285     4.4801    -0.0072    91.2271 1.0000e-12  -64.87052  -63.82907 345.233079      99.97 0.0000e+00   1081.000      25945  1029.7088  1029.7076    34.6128    34.6113    7.78808         24 0.0000e+00
    423.000    418.429     1.1937  29.962254     1.1925  29.960226     4.4303     4.4843    -0.0096    91.2530 1.0000e-12  -64.87052  -63.82908 345.233093      99.97 0.0000e+00   1082.236      25975  1029.7137  1029.7127    34.6128    34.6114    7.78832         33 0.0000e+00
    424.000    419.417     1.1923  29.960447     1.1903  29.957595     4.4211     4.4834    -0.0149    91.2310 1.0000e-12  -64.87052  -63.82908 345.233114      99.97 0.0000e+00   1084.050      26018  1029.7174  1029.7165    34.6113    34.6099    7.78866         39 0.0000e+00
    425.000    420.405     1.1994  29.968507     1.1980  29.966118     4.4173     4.4740    -0.0072    91.2222 1.0000e-12  -64.87052  -63.82907 345.233133      99.97 0.0000e+00   1085.699      26058  1029.7230  1029.7219    34.6133    34.6117    7.78716         34 0.0000e+00
    426.000    421.394     1.2000  29.970340     1.2000  29.969224     4.4178     4.4767    -0.0103    91.1856 1.0000e-12  -64.87051  -63.82906 345.233147      99.97 0.0000e+00   1086.915      26087  1029.7285  1029.7273    34.6144    34.6129    7.78697         26 0.0000e+00
    427.000    422.382     1.2007  29.971041     1.2003  29.969710     4.4211     4.4745    -0.0126    91.2156 1.0000e-12  -64.87050  -63.82906 345.233158      99.97 0.0000e+00   1087.897      26111  1029.7328  1029.7318    34.6139    34.6127    7.78686         21 0.0000e+00
    428.000    423.369     1.1986  29.969779     1.1983  29.968269     4.4182     4.4715    -0.0003    91.2040 1.0000e-12  -64.87050  -63.82906 345.233168      99.97 0.0000e+00   1088.715      26130  1029.7378  1029.7366    34.6140    34.6124    7.78726         19 0.0000e+00
    429.000    424.360     1.1976  29.968889     1.1969  29.967128     4.4156     4.4686    -0.0060    91.1892 1.0000e-12  -64.87050  -63.82906 345.233178      99.97 0.0000e+00   1089.541      26150  1029.7421  1029.7410    34.6134    34.6119    7.78750         21 0.0000e+00
    430.000    425.345     1.2025  29.973872     1.2020  29.972342     4.4077     4.4632    -0.0124    91.1882 1.0000e-12  -64.87050  -63.82906 345.233189      99.97 0.0000e+00   1090.504      26173  1029.7467  1029.7455    34.6139    34.6124    7.78651         26 0.0000e+00
    431.000    426.334     1.2096  29.982128     1.2104  29.982220     4.4018     4.4631    -0.0098    91.1907 1.0000e-12  -64.87050  -63.82906 345.233203      99.97 0.0000e+00   1091.721      26202  1029.7523  1029.7516    34.6160    34.6152    7.78498         33 0.0000e+00
    432.000    427.323     1.2095  29.982575     1.2089  29.980916     4.4197     4.4700    -0.0022    91.1884 1.0000e-12  -64.87050  -63.82906 345.233219      99.97 0.0000e+00   1093.123      26236  1029.7573  1029.7561    34.6161    34.6146    7.78500         32 0.0000e+00
    433.000    428.312     1.2020  29.975175     1.2062  29.978297     4.4101     4.4695    -0.0075    91.1654 1.0000e-12  -64.87050  -63.82906 345.233236      99.97 0.0000e+00   1094.611      26272  1029.7613  1029.7604    34.6143    34.6137    7.78658         34 0.0000e+00
    434.000    429.298     1.2084  29.981821     1.2084  29.981154     4.4155     4.4703    -0.0077    91.2079 1.0000e-12  -64.87050  -63.82906 345.233253      99.97 0.0000e+00   1096.095      26307  1029.7660  1029.7653    34.6151    34.6143    7.78526         35 0.0000e+00
    435.000    430.287     1.2075  29.982038     1.2079  29.981393     4.4135     4.4634    -0.0077    91.1906 1.0000e-12  -64.87050  -63.82906 345.233269      99.97 0.0000e+00   1097.479      26340  1029.7714  1029.7704    34.6158    34.6146    7.78540         31 0.0000e+00
    436.000    431.276     1.2065  29.980656     1.2062  29.979420     4.3895     4.4561    -0.0077    91.1731 1.0000e-12  -64.87050  -63.82905 345.233284      99.97 0.0000e+00   1098.716      26370  1029.7753  1029.7743    34.6147    34.6134    7.78567         29 0.0000e+00
    437.000    432.262     1.2173  29.992744     1.2172  29.991620     4.3979     4.4563    -0.0071    91.1699 1.0000e-12  -64.87050  -63.82904 345.233296      99.97 0.0000e+00   1099.809      26396  1029.7811  1029.7801    34.6176    34.6162    7.78337         24 0.0000e+00
    438.000    433.252     1.2190  29.994880     1.2196  29.994439     4.4090     4.4641    -0.0003    91.1644 1.0000e-12  -64.87050  -63.82904 345.233308      99.97 0.0000e+00   1100.823      26421  1029.7860  1029.7850    34.6179    34.6167    7.78302         24 0.0000e+00
    439.000    434.239     1.2137  29.990319     1.2131  29.988698     4.4109     4.4644    -0.0076    91.1478 1.0000e-12  -64.87050  -63.82904 345.233320      99.97 0.0000e+00   1101.844      26445  1029.7908  1029.7897    34.6173    34.6159    7.78409         26 0.0000e+00
    440.000    435.228     1.2089  29.985290     1.2089  29.984113     4.4078     4.4653    -0.0146    91.1622 1.0000e-12  -64.87050  -63.82904 345.233333      99.97 0.0000e+00   1102.997      26473  1029.7946  1029.7935    34.6156    34.6142    7.78513         30 0.0000e+00
    441.000    436.216     1.2122  29.989035     1.2118  29.987411     4.4131     4.4659    -0.0122    91.1570 1.0000e-12  -64.87050  -63.82906 345.233350      99.97 0.0000e+00   1104.402      26507  1029.7995  1029.7982    34.6162    34.6146    7.78445         35 0.0000e+00
    442.000    437.204     1.2127  29.990095     1.2136  29.989809     4.4122     4.4646    -0.0123    91.1338 1.0000e-12  -64.87050  -63.82906 345.233369      99.97 0.0000e+00   1106.045      26546  1029.8043  1029.8032    34.6164    34.6151    7.78434         41 0.0000e+00
    443.000    438.192     1.2095  29.987269     1.2092  29.986106     4.4098     4.4625    -0.0055    91.1563 1.0000e-12  -64.87050  -63.82904 345.233386      99.97 0.0000e+00   1107.578      26583  1029.8089  1029.8080    34.6158    34.6146    7.78501         33 0.0000e+00
    444.000    439.180     1.2082  29.986502     1.2088  29.985838     4.4171     4.4633     0.0039    91.1865 1.0000e-12  -64.87050  -63.82904 345.233401      99.97 0.0000e+00   1108.875      26614  1029.8135  1029.8123    34.6156    34.6142    7.78527         29 0.0000e+00
    445.000    440.167     1.2079  29.986450     1.2072  29.984687     4.4080     4.4703     0.0021    91.1395 1.0000e-12  -64.87050  -63.82904 345.233415      99.97 0.0000e+00   1110.025      26642  1029.8180  1029.8169    34.6153    34.6138    7.78535         26 0.0000e+00
    446.000    441.156     1.2088  29.987771     1.2083  29.986280     4.4129     4.4739    -0.0077    91.1580 1.0000e-12  -64.87050  -63.82904 345.233427      99.97 0.0000e+00   1111.061      26666  1029.8227  1029.8217    34.6155    34.6141    7.78517         24 0.0000e+00
    447.000    442.144     1.2082  29.987669     1.2082  29.986670     4.4125     4.4728    -0.0097    91.1633 1.0000e-12  -64.87050  -63.82904 345.233438      99.97 0.0000e+00   1112.064      26691  1029.8274  1029.8264    34.6154    34.6141    7.78528         25 0.0000e+00
    448.000    443.133     1.2068  29.986694     1.2069  29.985726     4.4224     4.4741    -0.0149    91.1625 1.0000e-12  -64.87050  -63.82904 345.233451      99.97 0.0000e+00   1113.158      26717  1029.8320  1029.8310    34.6152    34.6138    7.78558         28 0.0000e+00
    449.000    444.121     1.2047  29.984802     1.2044  29.983335     4.4215     4.4730    -0.0067    91.1527 1.0000e-12  -64.87050  -63.82904 345.233467      99.97 0.0000e+00   1114.539      26750  1029.8363  1029.8352    34.6144    34.6129    7.78603         38 0.0000e+00
    450.000    445.108     1.2038  29.983992     1.2035  29.982757     4.4039     4.4701    -0.0115    91.1433 1.0000e-12  -64.87050  -63.82904 345.233487      99.97 0.0000e+00   1116.259      26791  1029.8407  1029.8397    34.6139    34.6127    7.78625         40 0.0000e+00
    451.000    446.097     1.2048  29.985545     1.2031  29.982992     4.4174     4.4689    -0.0034    91.1284 1.0000e-12  -64.87050  -63.82903 345.233505      99.97 0.0000e+00   1117.866      26830  1029.8455  1029.8445    34.6141    34.6128    7.78603         33 0.0000e+00
    452.000    447.085     1.2025  29.983892     1.2010  29.981114     4.3898     4.4501    -0.0003    91.1419 1.0000e-12  -64.87050  -63.82902 345.233519      99.97 0.0000e+00   1119.053      26858  1029.8502  1029.8489    34.6140    34.6121    7.78649         26 0.0000e+00
    453.000    448.071     1.2070  29.988524     1.2049  29.986127     4.3686     4.4369    -0.0000    91.1563 1.0000e-12  -64.87050  -63.82902 345.233530      99.97 0.0000e+00   1120.017      26881  1029.8548  1029.8545    34.6144    34.6137    7.78558         21 0.0000e+00
    454.000    449.061     1.2260  30.008335     1.2287  30.010371     4.3640     4.4358    -0.0026    91.1577 1.0000e-12  -64.87050  -63.82902 345.233539      99.97 0.0000e+00   1120.811      26900  1029.8605  1029.8597    34.6182    34.6177    7.78161         18 0.0000e+00
    455.000    450.051     1.2320  30.015802     1.2317  30.014508     4.3621     4.4325    -0.0076    91.1461 1.0000e-12  -64.87050  -63.82902 345.233548      99.97 0.0000e+00   1121.565      26919  1029.8664  1029.8654    34.6205    34.6192    7.78029         19 0.0000e+00
    456.000    451.036     1.2373  30.022312     1.2369  30.020961     4.3665     4.4376    -0.0077    91.1520 1.0000e-12  -64.87050  -63.82902 345.233558      99.97 0.0000e+00   1122.422      26939  1029.8721  1029.8711    34.6224    34.6211    7.77913         23 0.0000e+00
    457.000    452.024     1.2337  30.019057     1.2315  30.016402     4.3892     4.4503    -0.0077    91.1394 1.0000e-12  -64.87050  -63.82903 345.233573      99.97 0.0000e+00   1123.685      26969  1029.8768  1029.8761    34.6217    34.6206    7.77990         36 0.0000e+00
    458.000    453.013     1.2211  30.006364     1.2192  30.002833     4.3744     4.4404    -0.0032    91.1376 1.0000e-12  -64.87050  -63.82902 345.233595      99.96 0.0000e+00   1125.641      27016  1029.8804  1029.8787    34.6187    34.6164    7.78254         35 0.0000e+00
    459.000    454.002     1.2389  30.024650     1.2394  30.023659     4.3667     4.4274    -0.0077    91.1068 1.0000e-12  -64.87050  -63.82902 345.233613      99.97 0.0000e+00   1127.203      27054  1029.8858  1029.8843    34.6219    34.6201    7.77884         32 0.0000e+00
    460.000    454.989     1.2417  30.028879     1.2413  30.027391     4.3682     4.4279    -0.0094    91.1536 1.0000e-12  -64.87050  -63.82902 345.233627      99.97 0.0000e+00   1128.398      27083  1029.8916  1029.8905    34.6236    34.6222    7.77819         26 0.0000e+00
    461.000    455.977     1.2421  30.029608     1.2414  30.027942     4.3678     4.4302    -0.0129    91.1419 1.0000e-12  -64.87048  -63.82900 345.233639      99.97 0.0000e+00   1129.446      27108  1029.8963  1029.8953    34.6236    34.6222    7.77813         24 0.0000e+00
    462.000    456.964     1.2420  30.030140     1.2409  30.027769     4.3689     4.4326    -0.0003    91.1568 1.0000e-12  -64.87048  -63.82900 345.233651      99.97 0.0000e+00   1130.426      27131  1029.9012  1029.8999    34.6237    34.6220    7.77812         23 0.0000e+00
    463.000    457.954     1.2417  30.030166     1.2407  30.027987     4.3698     4.4286    -0.0001    91.1209 1.0000e-12  -64.87048  -63.82900 345.233662      99.97 0.0000e+00   1131.425      27155  1029.9059  1029.9046    34.6236    34.6219    7.77821         25 0.0000e+00
    464.000    458.939     1.2410  30.029522     1.2405  30.028132     4.3686     4.4274    -0.0012    91.1076 1.0000e-12  -64.87048  -63.82902 345.233675      99.97 0.0000e+00   1132.536      27182  1029.9102  1029.9092    34.6230    34.6218    7.77838         29 0.0000e+00
    465.000    459.930     1.2427  30.031656     1.2421  30.030042     4.3652     4.4232    -0.0113    91.1187 1.0000e-12  -64.87048  -63.82902 345.233690      99.97 0.0000e+00   1133.826      27213  1029.9149  1029.9138    34.6232    34.6218    7.77802         31 0.0000e+00
    466.000    460.917     1.2433  30.033148     1.2430  30.031673     4.3627     4.4258    -0.0036    91.1216 1.0000e-12  -64.87048  -63.82902 345.233706      99.97 0.0000e+00   1135.191      27246  1029.9201  1029.9188    34.6239    34.6223    7.77787         32 0.0000e+00
