NBP2113_155081_ctd/data/dnbp2113_013.cnv
* Sea-Bird SBE 9 Data File:
* FileName = D:\Data\raw\NBP2113_013.hex
* Software Version Seasave V 7.26.7.121
* Temperature SN = 2438
* Conductivity SN = 2067
* Number of Bytes Per Scan = 40
* Number of Voltage Words = 5
* Number of Scans Averaged by the Deck Unit = 1
* NMEA Latitude = 65 13.99 S
* NMEA Longitude = 066 46.43 W
* NMEA UTC (Time) = Nov 27 2021  04:09:52
* NMEA baud rate = 9600
** Ship: RVIB N.B. Palmer
** Cruise: NBP2113 LTER
** Station: 500.100
** Operator: B. Urmston
# nquan = 25
# nvalues = 430                         
# units = specified
# name 0 = prDM: Pressure, Digiquartz [db]
# name 1 = depSM: Depth [salt water, m]
# name 2 = t090C: Temperature [ITS-90, deg C]
# name 3 = c0mS/cm: Conductivity [mS/cm]
# name 4 = t190C: Temperature, 2 [ITS-90, deg C]
# name 5 = c1mS/cm: Conductivity, 2 [mS/cm]
# name 6 = sbeox0ML/L: Oxygen, SBE 43 [ml/l]
# name 7 = sbeox1ML/L: Oxygen, SBE 43, 2 [ml/l]
# name 8 = flECO-AFL: Fluorescence, WET Labs ECO-AFL/FL [mg/m^3]
# name 9 = CStarTr0: Beam Transmission, WET Labs C-Star [%]
# name 10 = par: PAR/Irradiance, Biospherical/Licor
# name 11 = latitude: Latitude [deg]
# name 12 = longitude: Longitude [deg]
# name 13 = timeJ: Julian Days
# name 14 = altM: Altimeter [m]
# name 15 = spar: SPAR, Biospherical/Licor
# name 16 = timeS: Time, Elapsed [seconds]
# name 17 = scan: Scan Count
# name 18 = density00: Density [density, kg/m^3]
# name 19 = density11: Density, 2 [density, kg/m^3]
# name 20 = sal00: Salinity, Practical [PSU]
# name 21 = sal11: Salinity, Practical, 2 [PSU]
# name 22 = oxsolML/L: Oxygen Saturation, Garcia & Gordon [ml/l]
# name 23 = nbin: number of scans per bin
# name 24 = flag: flag
# span 0 =      4.000,    433.000       
# span 1 =      3.961,    428.300       
# span 2 =    -0.6342,     1.5349       
# span 3 =  27.803952,  30.327301       
# span 4 =    -0.6332,     1.5349       
# span 5 =  27.803014,  30.326560       
# span 6 =     4.1589,     8.6523       
# span 7 =     4.1218,     8.2409       
# span 8 =    -0.0176,     2.0389       
# span 9 =    87.5796,    97.7794       
# span 10 = 1.0000e-12, 3.8911e-01      
# span 11 =  -65.23322,  -65.23310      
# span 12 =  -66.77565,  -66.77434      
# span 13 = 331.176039, 331.185519      
# span 14 =       6.10,     101.52      
# span 15 = 0.0000e+00, 0.0000e+00      
# span 16 =    217.782,   1036.818      
# span 17 =       5228,      24885      
# span 18 =  1027.3161,  1029.8104      
# span 19 =  1027.3134,  1029.8094      
# span 20 =    33.9697,    34.7091      
# span 21 =    33.9672,    34.7079      
# span 22 =    7.71619,    8.19759      
# span 23 =         11,         47      
# span 24 = 0.0000e+00, 0.0000e+00      
# interval = decibars: 1                
# start_time = Nov 27 2021 04:09:52 [NMEA time, header]
# bad_flag = -9.990e-29
*END*
[from data line 290]
    294.000    290.911     1.5152  30.242681     1.5154  30.241734     4.1741     4.1288    -0.0117    97.7294 1.0000e-12  -65.23314  -66.77530 331.182565      99.98 0.0000e+00    781.623      18760  1029.1442  1029.1430    34.6897    34.6882    7.72079         30 0.0000e+00
    295.000    291.893     1.5153  30.243160     1.5154  30.242392     4.1743     4.1321    -0.0055    97.7275 1.0000e-12  -65.23314  -66.77530 331.182586      99.98 0.0000e+00    783.454      18804  1029.1488  1029.1479    34.6896    34.6885    7.72077         25 0.0000e+00
    296.000    292.884     1.5159  30.244400     1.5159  30.243412     4.1621     4.1320    -0.0037    97.7439 1.0000e-12  -65.23314  -66.77530 331.182597      99.98 0.0000e+00    784.363      18826  1029.1538  1029.1528    34.6900    34.6887    7.72064         20 0.0000e+00
    297.000    293.873     1.5161  30.245139     1.5164  30.244390     4.1674     4.1308    -0.0078    97.7352 1.0000e-12  -65.23314  -66.77528 331.182606      99.98 0.0000e+00    785.159      18845  1029.1585  1029.1575    34.6900    34.6888    7.72058         18 0.0000e+00
    298.000    294.861     1.5172  30.246882     1.5174  30.246171     4.1726     4.1295    -0.0151    97.7339 1.0000e-12  -65.23314  -66.77527 331.182615      99.98 0.0000e+00    785.907      18863  1029.1634  1029.1626    34.6905    34.6894    7.72034         18 0.0000e+00
    299.000    295.850     1.5173  30.247494     1.5175  30.246619     4.1720     4.1278    -0.0150    97.7252 1.0000e-12  -65.23314  -66.77526 331.182623      99.98 0.0000e+00    786.651      18881  1029.1682  1029.1672    34.6905    34.6893    7.72032         18 0.0000e+00
    300.000    296.838     1.5176  30.248273     1.5176  30.247232     4.1736     4.1261    -0.0138    97.7324 1.0000e-12  -65.23314  -66.77526 331.182632      99.98 0.0000e+00    787.396      18898  1029.1729  1029.1719    34.6907    34.6894    7.72026         18 0.0000e+00
    301.000    297.827     1.5183  30.249502     1.5181  30.248252     4.1762     4.1296     0.0007    97.7472 1.0000e-12  -65.23314  -66.77526 331.182641      99.98 0.0000e+00    788.166      18917  1029.1777  1029.1767    34.6909    34.6895    7.72011         19 0.0000e+00
    302.000    298.817     1.5194  30.251266     1.5195  30.250234     4.1719     4.1348    -0.0057    97.7292 1.0000e-12  -65.23314  -66.77528 331.182652      99.98 0.0000e+00    789.118      18940  1029.1827  1029.1816    34.6913    34.6900    7.71987         28 0.0000e+00
    303.000    299.804     1.5186  30.250853     1.5185  30.249496     4.1667     4.1276    -0.0022    97.7340 1.0000e-12  -65.23314  -66.77530 331.182695      99.98 0.0000e+00    792.812      19028  1029.1873  1029.1861    34.6911    34.6895    7.72004         29 0.0000e+00
    304.000    300.794     1.5211  30.254103     1.5202  30.252118     4.1663     4.1295    -0.0036    97.7473 1.0000e-12  -65.23314  -66.77530 331.182713      99.98 0.0000e+00    794.397      19067  1029.1925  1029.1913    34.6920    34.6903    7.71952         21 0.0000e+00
    305.000    301.782     1.5249  30.259211     1.5247  30.258058     4.1687     4.1289    -0.0074    97.7319 1.0000e-12  -65.23314  -66.77528 331.182722      99.98 0.0000e+00    795.189      19086  1029.1981  1029.1971    34.6937    34.6924    7.71868         19 0.0000e+00
    306.000    302.771     1.5258  30.261137     1.5258  30.260162     4.1739     4.1269    -0.0073    97.7339 1.0000e-12  -65.23314  -66.77528 331.182731      99.98 0.0000e+00    795.952      19104  1029.2034  1029.2024    34.6945    34.6933    7.71845         18 0.0000e+00
    307.000    303.760     1.5254  30.261408     1.5252  30.260153     4.1662     4.1274    -0.0073    97.7353 1.0000e-12  -65.23314  -66.77528 331.182739      99.98 0.0000e+00    796.685      19121  1029.2084  1029.2073    34.6947    34.6934    7.71852         18 0.0000e+00
    308.000    304.749     1.5256  30.262166     1.5255  30.261211     4.1705     4.1291    -0.0097    97.7452 1.0000e-12  -65.23314  -66.77528 331.182748      99.98 0.0000e+00    797.428      19139  1029.2132  1029.2123    34.6949    34.6938    7.71847         18 0.0000e+00
    309.000    305.738     1.5257  30.262754     1.5253  30.261381     4.1783     4.1305    -0.0139    97.7528 1.0000e-12  -65.23314  -66.77528 331.182758      99.98 0.0000e+00    798.257      19159  1029.2179  1029.2169    34.6950    34.6936    7.71845         22 0.0000e+00
    310.000    306.725     1.5249  30.262300     1.5253  30.261757     4.1638     4.1342    -0.0074    97.7474 1.0000e-12  -65.23314  -66.77528 331.182770      99.98 0.0000e+00    799.368      19186  1029.2225  1029.2215    34.6946    34.6935    7.71862         32 0.0000e+00
    311.000    307.716     1.5265  30.265073     1.5268  30.264119     4.1666     4.1360    -0.0077    97.7356 1.0000e-12  -65.23314  -66.77530 331.182796      99.98 0.0000e+00    801.572      19239  1029.2279  1029.2267    34.6958    34.6943    7.71824         42 0.0000e+00
    312.000    308.702     1.5277  30.267005     1.5278  30.266090     4.1687     4.1272    -0.0070    97.6942 1.0000e-12  -65.23314  -66.77530 331.182826      99.98 0.0000e+00    804.162      19301  1029.2330  1029.2320    34.6964    34.6951    7.71798         32 0.0000e+00
    313.000    309.693     1.5288  30.269131     1.5289  30.268134     4.1730     4.1303    -0.0108    97.2173 1.0000e-12  -65.23314  -66.77530 331.182838      99.98 0.0000e+00    805.228      19326  1029.2383  1029.2373    34.6973    34.6960    7.71771         22 0.0000e+00
    314.000    310.681     1.5292  30.270031     1.5292  30.268973     4.1764     4.1293    -0.0130    97.2563 1.0000e-12  -65.23314  -66.77530 331.182848      99.98 0.0000e+00    806.029      19346  1029.2432  1029.2420    34.6974    34.6961    7.71763         18 0.0000e+00
    315.000    311.667     1.5294  30.270654     1.5294  30.269741     4.1676     4.1218     0.0003    97.7380 1.0000e-12  -65.23314  -66.77530 331.182855      99.98 0.0000e+00    806.720      19362  1029.2478  1029.2468    34.6975    34.6963    7.71759         15 0.0000e+00
    316.000    312.658     1.5295  30.271300     1.5296  30.270340     4.1669     4.1230    -0.0025    97.7296 1.0000e-12  -65.23314  -66.77530 331.182863      99.97 0.0000e+00    807.374      19378  1029.2526  1029.2516    34.6976    34.6963    7.71757         17 0.0000e+00
    317.000    313.649     1.5299  30.272232     1.5299  30.271333     4.1724     4.1273    -0.0060    97.7324 1.0000e-12  -65.23314  -66.77530 331.182871      99.98 0.0000e+00    808.084      19395  1029.2574  1029.2564    34.6978    34.6965    7.71748         18 0.0000e+00
    318.000    314.636     1.5303  30.273374     1.5305  30.272481     4.1697     4.1333    -0.0081    97.7447 1.0000e-12  -65.23314  -66.77530 331.182882      99.98 0.0000e+00    809.028      19418  1029.2623  1029.2612    34.6981    34.6968    7.71737         29 0.0000e+00
    319.000    315.620     1.5299  30.273277     1.5303  30.272582     4.1679     4.1320    -0.0085    97.7475 1.0000e-12  -65.23314  -66.77532 331.182922      99.98 0.0000e+00    812.421      19499  1029.2670  1029.2658    34.6980    34.6966    7.71747         27 0.0000e+00
    320.000    316.614     1.5321  30.276778     1.5325  30.276389     4.1667     4.1375    -0.0077    97.7358 1.0000e-12  -65.23314  -66.77530 331.182942      99.98 0.0000e+00    814.187      19541  1029.2725  1029.2718    34.6994    34.6985    7.71696         23 0.0000e+00
    321.000    317.600     1.5335  30.279430     1.5336  30.278395     4.1720     4.1317    -0.0077    97.7526 1.0000e-12  -65.23314  -66.77530 331.182951      99.98 0.0000e+00    814.999      19561  1029.2781  1029.2769    34.7006    34.6992    7.71661         19 0.0000e+00
    322.000    318.590     1.5338  30.280365     1.5338  30.279342     4.1743     4.1285    -0.0077    97.7472 1.0000e-12  -65.23314  -66.77530 331.182960      99.98 0.0000e+00    815.737      19579  1029.2830  1029.2819    34.7009    34.6996    7.71655         16 0.0000e+00
    323.000    319.579     1.5339  30.281297     1.5339  30.280284     4.1797     4.1315    -0.0114    97.7308 1.0000e-12  -65.23314  -66.77530 331.182968      99.98 0.0000e+00    816.432      19595  1029.2881  1029.2871    34.7014    34.7001    7.71650         17 0.0000e+00
    324.000    320.568     1.5342  30.282457     1.5342  30.281450     4.1736     4.1344    -0.0081    97.7447 1.0000e-12  -65.23314  -66.77530 331.182977      99.98 0.0000e+00    817.172      19613  1029.2933  1029.2923    34.7020    34.7007    7.71642         20 0.0000e+00
    325.000    321.556     1.5341  30.282923     1.5342  30.281975     4.1692     4.1358     0.0004    97.7452 1.0000e-12  -65.23314  -66.77530 331.182988      99.98 0.0000e+00    818.127      19636  1029.2980  1029.2970    34.7020    34.7008    7.71642         28 0.0000e+00
    326.000    322.544     1.5342  30.283383     1.5343  30.282458     4.1700     4.1386    -0.0042    97.7392 1.0000e-12  -65.23314  -66.77532 331.183005      99.98 0.0000e+00    819.657      19673  1029.3027  1029.3016    34.7020    34.7007    7.71642         40 0.0000e+00
    327.000    323.533     1.5342  30.283974     1.5344  30.283088     4.1680     4.1385    -0.0103    97.7539 1.0000e-12  -65.23314  -66.77533 331.183028      99.98 0.0000e+00    821.587      19719  1029.3075  1029.3064    34.7022    34.7008    7.71640         43 0.0000e+00
    328.000    324.522     1.5344  30.284830     1.5346  30.284003     4.1769     4.1390    -0.0075    97.7588 1.0000e-12  -65.23314  -66.77532 331.183048      99.98 0.0000e+00    823.319      19761  1029.3124  1029.3114    34.7024    34.7012    7.71634         32 0.0000e+00
    329.000    325.508     1.5348  30.286452     1.5349  30.285482     4.1776     4.1393    -0.0077    97.7794 1.0000e-12  -65.23314  -66.77532 331.183060      99.98 0.0000e+00    824.359      19786  1029.3179  1029.3168    34.7035    34.7021    7.71621         20 0.0000e+00
    330.000    326.499     1.5347  30.286920     1.5347  30.285989     4.1711     4.1356    -0.0073    97.7715 1.0000e-12  -65.23314  -66.77532 331.183069      99.97 0.0000e+00    825.132      19804  1029.3227  1029.3218    34.7036    34.7024    7.71623         19 0.0000e+00
    331.000    327.489     1.5346  30.287399     1.5346  30.286388     4.1741     4.1398    -0.0077    97.7558 1.0000e-12  -65.23314  -66.77532 331.183078      99.97 0.0000e+00    825.912      19823  1029.3275  1029.3265    34.7038    34.7024    7.71624         20 0.0000e+00
    332.000    328.476     1.5346  30.287727     1.5347  30.286781     4.1708     4.1402    -0.0093    97.7488 1.0000e-12  -65.23314  -66.77532 331.183099      99.98 0.0000e+00    827.752      19867  1029.3321  1029.3311    34.7036    34.7023    7.71625         28 0.0000e+00
    333.000    329.463     1.5349  30.288429     1.5349  30.287380     4.1684     4.1345    -0.0042    97.7522 1.0000e-12  -65.23314  -66.77532 331.183134      99.98 0.0000e+00    830.747      19939  1029.3368  1029.3357    34.7036    34.7023    7.71619         23 0.0000e+00
    334.000    330.454     1.5347  30.289236     1.5347  30.288273     4.1681     4.1374    -0.0040    97.7408 1.0000e-12  -65.23314  -66.77532 331.183141      99.98 0.0000e+00    831.361      19954  1029.3420  1029.3411    34.7042    34.7030    7.71619         16 0.0000e+00
    335.000    331.442     1.5344  30.289723     1.5344  30.288802     4.1668     4.1372    -0.0145    97.7332 1.0000e-12  -65.23314  -66.77532 331.183148      99.98 0.0000e+00    831.982      19969  1029.3471  1029.3461    34.7047    34.7034    7.71624         14 0.0000e+00
    336.000    332.431     1.5342  30.290137     1.5342  30.289086     4.1677     4.1391    -0.0119    97.7550 1.0000e-12  -65.23314  -66.77532 331.183154      99.98 0.0000e+00    832.555      19982  1029.3519  1029.3508    34.7048    34.7035    7.71626         14 0.0000e+00
    337.000    333.419     1.5341  30.290564     1.5341  30.289422     4.1704     4.1355    -0.0074    97.7522 1.0000e-12  -65.23314  -66.77532 331.183162      99.98 0.0000e+00    833.164      19997  1029.3567  1029.3555    34.7049    34.7034    7.71628         16 0.0000e+00
    338.000    334.409     1.5338  30.290783     1.5339  30.289824     4.1777     4.1346    -0.0019    97.7372 1.0000e-12  -65.23314  -66.77532 331.183172      99.98 0.0000e+00    834.089      20019  1029.3614  1029.3603    34.7049    34.7036    7.71634         30 0.0000e+00
    339.000    335.396     1.5340  30.291349     1.5340  30.290309     4.1756     4.1401    -0.0123    97.7362 1.0000e-12  -65.23314  -66.77534 331.183199      99.98 0.0000e+00    836.428      20075  1029.3660  1029.3649    34.7049    34.7035    7.71630         39 0.0000e+00
    340.000    336.385     1.5335  30.291750     1.5336  30.290764     4.1807     4.1461    -0.0083    97.7558 1.0000e-12  -65.23314  -66.77534 331.183214      99.98 0.0000e+00    837.701      20106  1029.3712  1029.3701    34.7054    34.7040    7.71638         23 0.0000e+00
    341.000    337.373     1.5319  30.291220     1.5321  30.290303     4.1798     4.1479    -0.0148    97.7553 1.0000e-12  -65.23313  -66.77534 331.183224      99.97 0.0000e+00    838.558      20126  1029.3764  1029.3752    34.7058    34.7044    7.71665         21 0.0000e+00
    342.000    338.363     1.5317  30.291481     1.5319  30.290549     4.1802     4.1444    -0.0110    97.7553 1.0000e-12  -65.23312  -66.77534 331.183238      99.54 0.0000e+00    839.765      20155  1029.3811  1029.3799    34.7058    34.7044    7.71669         33 0.0000e+00
    343.000    339.349     1.5316  30.291851     1.5315  30.290748     4.1693     4.1350    -0.0101    97.7545 1.0000e-12  -65.23314  -66.77534 331.183270      98.56 0.0000e+00    842.512      20221  1029.3857  1029.3848    34.7058    34.7046    7.71671         33 0.0000e+00
    344.000    340.339     1.5313  30.292293     1.5313  30.291320     4.1734     4.1416    -0.0116    97.7371 1.0000e-12  -65.23314  -66.77534 331.183281      97.52 0.0000e+00    843.501      20245  1029.3907  1029.3898    34.7061    34.7049    7.71676         19 0.0000e+00
    345.000    341.329     1.5315  30.293007     1.5315  30.292060     4.1768     4.1463    -0.0072    97.7457 1.0000e-12  -65.23314  -66.77534 331.183289      96.87 0.0000e+00    844.194      20262  1029.3955  1029.3945    34.7062    34.7050    7.71671         16 0.0000e+00
    346.000    342.316     1.5316  30.293643     1.5316  30.292535     4.1793     4.1467    -0.0077    97.7450 1.0000e-12  -65.23314  -66.77534 331.183297      95.97 0.0000e+00    844.821      20277  1029.4002  1029.3991    34.7064    34.7049    7.71669         15 0.0000e+00
    347.000    343.305     1.5316  30.294130     1.5317  30.293011     4.1799     4.1460    -0.0077    97.7426 1.0000e-12  -65.23314  -66.77534 331.183304      94.97 0.0000e+00    845.452      20292  1029.4050  1029.4038    34.7064    34.7049    7.71669         16 0.0000e+00
    348.000    344.294     1.5316  30.294472     1.5316  30.293492     4.1780     4.1458    -0.0077    97.7302 1.0000e-12  -65.23314  -66.77534 331.183312      94.21 0.0000e+00    846.172      20309  1029.4096  1029.4085    34.7063    34.7050    7.71669         19 0.0000e+00
    349.000    345.282     1.5314  30.294793     1.5316  30.293819     4.1726     4.1406    -0.0075    97.7296 1.0000e-12  -65.23313  -66.77535 331.183326      92.82 0.0000e+00    847.365      20338  1029.4143  1029.4131    34.7063    34.7049    7.71673         40 0.0000e+00
    350.000    346.268     1.5316  30.295430     1.5317  30.294331     4.1720     4.1405    -0.0067    97.7350 1.0000e-12  -65.23313  -66.77536 331.183369      91.48 0.0000e+00    851.049      20426  1029.4190  1029.4178    34.7064    34.7048    7.71669         28 0.0000e+00
