NBP2113_155081_ctd/data/dnbp2113_023.cnv
* Sea-Bird SBE 9 Data File:
* FileName = D:\Data\raw\NBP2113_023.hex
* Software Version Seasave V 7.26.7.121
* Temperature SN = 2438
* Conductivity SN = 2067
* Number of Bytes Per Scan = 40
* Number of Voltage Words = 5
* Number of Scans Averaged by the Deck Unit = 1
* NMEA Latitude = 67 30.61 S
* NMEA Longitude = 070 35.52 W
* NMEA UTC (Time) = Dec 02 2021  00:50:18
* NMEA baud rate = 9600
** Ship: RVIB N.B. Palmer
** Cruise: NBP2113 LTER
** Station: 200.040
** Operator: S. Blackman
# nquan = 25
# nvalues = 743                         
# units = specified
# name 0 = prDM: Pressure, Digiquartz [db]
# name 1 = depSM: Depth [salt water, m]
# name 2 = t090C: Temperature [ITS-90, deg C]
# name 3 = c0mS/cm: Conductivity [mS/cm]
# name 4 = t190C: Temperature, 2 [ITS-90, deg C]
# name 5 = c1mS/cm: Conductivity, 2 [mS/cm]
# name 6 = sbeox0ML/L: Oxygen, SBE 43 [ml/l]
# name 7 = sbeox1ML/L: Oxygen, SBE 43, 2 [ml/l]
# name 8 = flECO-AFL: Fluorescence, WET Labs ECO-AFL/FL [mg/m^3]
# name 9 = CStarTr0: Beam Transmission, WET Labs C-Star [%]
# name 10 = par: PAR/Irradiance, Biospherical/Licor
# name 11 = latitude: Latitude [deg]
# name 12 = longitude: Longitude [deg]
# name 13 = timeJ: Julian Days
# name 14 = altM: Altimeter [m]
# name 15 = spar: SPAR, Biospherical/Licor
# name 16 = timeS: Time, Elapsed [seconds]
# name 17 = scan: Scan Count
# name 18 = density00: Density [density, kg/m^3]
# name 19 = density11: Density, 2 [density, kg/m^3]
# name 20 = sal00: Salinity, Practical [PSU]
# name 21 = sal11: Salinity, Practical, 2 [PSU]
# name 22 = oxsolML/L: Oxygen Saturation, Garcia & Gordon [ml/l]
# name 23 = nbin: number of scans per bin
# name 24 = flag: flag
# span 0 =      6.000,    748.000       
# span 1 =      5.937,    739.207       
# span 2 =    -0.8252,     1.4753       
# span 3 =  27.673319,  30.294976       
# span 4 =    -0.8251,     1.4750       
# span 5 =  27.671917,  30.293303       
# span 6 =     3.9693,     8.0537       
# span 7 =     4.0237,     8.1088       
# span 8 =    -0.0216,     2.2036       
# span 9 =    89.3069,    97.1568       
# span 10 = 1.0000e-12, 1.3419e+01      
# span 11 =  -67.51056,  -67.51024      
# span 12 =  -70.59102,  -70.58575      
# span 13 = 336.038478, 336.051158      
# span 14 =       5.89,     104.05      
# span 15 = 2.8191e+01, 4.0782e+01      
# span 16 =    306.499,   1402.014      
# span 17 =       7357,      33649      
# span 18 =  1027.3408,  1031.3032      
# span 19 =  1027.3384,  1031.3016      
# span 20 =    33.9779,    34.7152      
# span 21 =    33.9750,    34.7133      
# span 22 =    7.72879,    8.24049      
# span 23 =         11,         47      
# span 24 = 0.0000e+00, 0.0000e+00      
# interval = decibars: 1                
# start_time = Dec 02 2021 00:50:18 [NMEA time, header]
# bad_flag = -9.990e-29
*END*
[from data line 522]
    528.000    522.069     1.3620  30.226678     1.3615  30.224947     3.9910     4.0399    -0.0026    97.1037 1.0000e-12  -67.51028  -70.58606 336.047667      99.98 2.9969e+01   1100.458      26412  1030.2647  1030.2634    34.7043    34.7025    7.75010         13 0.0000e+00
    529.000    523.055     1.3609  30.226290     1.3605  30.224514     3.9944     4.0397    -0.0028    97.0859 1.0000e-12  -67.51028  -70.58606 336.047673      99.98 2.9969e+01   1100.977      26424  1030.2696  1030.2682    34.7044    34.7026    7.75030         12 0.0000e+00
    530.000    524.044     1.3602  30.226173     1.3600  30.224496     3.9905     4.0417    -0.0053    97.0686 1.0000e-12  -67.51028  -70.58606 336.047679      99.97 2.9969e+01   1101.482      26437  1030.2744  1030.2729    34.7045    34.7025    7.75044         12 0.0000e+00
    531.000    525.032     1.3599  30.226455     1.3599  30.224850     3.9870     4.0459    -0.0036    97.0602 1.0000e-12  -67.51028  -70.58604 336.047685      99.97 2.9969e+01   1102.011      26449  1030.2792  1030.2776    34.7046    34.7026    7.75049         14 0.0000e+00
    532.000    526.024     1.3604  30.227252     1.3599  30.225323     3.9851     4.0453    -0.0060    97.0497 1.0000e-12  -67.51028  -70.58604 336.047712      99.98 2.9969e+01   1104.344      26505  1030.2837  1030.2822    34.7044    34.7025    7.75039         22 0.0000e+00
    533.000    527.006     1.3606  30.227757     1.3599  30.225623     3.9919     4.0432    -0.0055    97.0342 1.0000e-12  -67.51028  -70.58604 336.047749      99.98 2.9969e+01   1107.530      26582  1030.2882  1030.2868    34.7043    34.7024    7.75036         17 0.0000e+00
    534.000    527.994     1.3598  30.227563     1.3596  30.225922     3.9936     4.0379    -0.0038    97.0418 1.0000e-12  -67.51028  -70.58604 336.047757      99.98 2.9863e+01   1108.221      26598  1030.2930  1030.2916    34.7044    34.7025    7.75052         17 0.0000e+00
    535.000    528.980     1.3581  30.226443     1.3580  30.224922     3.9893     4.0362    -0.0015    97.0602 1.0000e-12  -67.51028  -70.58604 336.047766      99.98 2.9597e+01   1108.961      26616  1030.2978  1030.2964    34.7043    34.7025    7.75086         19 0.0000e+00
    536.000    529.970     1.3567  30.225668     1.3564  30.224030     3.9876     4.0409     0.0040    97.0601 1.0000e-12  -67.51028  -70.58604 336.047775      99.98 2.8826e+01   1109.767      26635  1030.3027  1030.3013    34.7043    34.7025    7.75114         20 0.0000e+00
    537.000    530.956     1.3565  30.226051     1.3562  30.224338     3.9830     4.0429    -0.0128    97.0601 1.0000e-12  -67.51028  -70.58604 336.047785      99.98 2.8823e+01   1110.622      26656  1030.3074  1030.3059    34.7044    34.7025    7.75116         20 0.0000e+00
    538.000    531.943     1.3540  30.224217     1.3536  30.222493     3.9819     4.0431    -0.0135    97.0601 1.0000e-12  -67.51028  -70.58604 336.047794      99.98 2.9328e+01   1111.431      26675  1030.3122  1030.3108    34.7042    34.7025    7.75166         19 0.0000e+00
    539.000    532.932     1.3525  30.223486     1.3525  30.222058     3.9855     4.0456    -0.0124    97.0601 1.0000e-12  -67.51028  -70.58606 336.047803      99.97 2.9140e+01   1112.166      26693  1030.3172  1030.3157    34.7043    34.7025    7.75195         17 0.0000e+00
    540.000    533.917     1.3517  30.222885     1.3517  30.221682     3.9906     4.0432    -0.0132    97.0601 1.0000e-12  -67.51028  -70.58606 336.047811      99.97 2.9630e+01   1112.842      26709  1030.3216  1030.3203    34.7039    34.7024    7.75214         16 0.0000e+00
    541.000    534.908     1.3516  30.223433     1.3514  30.221957     3.9891     4.0410    -0.0172    97.0601 1.0000e-12  -67.51028  -70.58606 336.047819      99.98 2.9452e+01   1113.536      26726  1030.3265  1030.3251    34.7042    34.7025    7.75215         17 0.0000e+00
    542.000    535.894     1.3517  30.223916     1.3510  30.221983     3.9887     4.0422    -0.0159    97.0601 1.0000e-12  -67.51026  -70.58605 336.047843      99.97 2.8811e+01   1115.613      26776  1030.3310  1030.3297    34.7041    34.7024    7.75213         26 0.0000e+00
    543.000    536.880     1.3516  30.224513     1.3512  30.222817     3.9820     4.0333    -0.0046    97.0601 1.0000e-12  -67.51028  -70.58602 336.047899      99.97 2.8528e+01   1120.464      26892  1030.3359  1030.3346    34.7044    34.7027    7.75212         16 0.0000e+00
    544.000    537.868     1.3517  30.225028     1.3514  30.223423     3.9762     4.0297    -0.0040    97.0601 1.0000e-12  -67.51030  -70.58602 336.047905      99.98 2.8191e+01   1120.967      26904  1030.3405  1030.3392    34.7044    34.7027    7.75210         14 0.0000e+00
    545.000    538.854     1.3519  30.225595     1.3516  30.223947     3.9803     4.0305    -0.0032    97.0539 1.0000e-12  -67.51030  -70.58602 336.047911      99.98 2.8206e+01   1121.523      26918  1030.3452  1030.3438    34.7044    34.7026    7.75208         13 0.0000e+00
    546.000    539.845     1.3516  30.225894     1.3515  30.224315     3.9871     4.0369    -0.0038    97.0342 1.0000e-12  -67.51030  -70.58602 336.047917      99.98 2.8206e+01   1122.043      26930  1030.3499  1030.3485    34.7045    34.7026    7.75213         13 0.0000e+00
    547.000    540.829     1.3513  30.226048     1.3511  30.224409     3.9908     4.0394    -0.0031    97.0366 1.0000e-12  -67.51030  -70.58602 336.047923      99.97 2.8206e+01   1122.539      26942  1030.3546  1030.3531    34.7044    34.7026    7.75219         11 0.0000e+00
    548.000    541.817     1.3507  30.226041     1.3505  30.224364     3.9913     4.0402    -0.0047    97.0364 1.0000e-12  -67.51030  -70.58602 336.047929      99.97 2.8206e+01   1123.029      26954  1030.3595  1030.3579    34.7046    34.7027    7.75231         12 0.0000e+00
    549.000    542.806     1.3501  30.226158     1.3499  30.224439     3.9944     4.0408     0.0028    97.0343 1.0000e-12  -67.51030  -70.58602 336.047934      99.98 2.8206e+01   1123.530      26966  1030.3643  1030.3628    34.7047    34.7028    7.75240         12 0.0000e+00
    550.000    543.791     1.3486  30.225151     1.3483  30.223325     3.9944     4.0436     0.0041    97.0242 1.0000e-12  -67.51030  -70.58602 336.047940      68.29 2.8206e+01   1124.053      26978  1030.3691  1030.3675    34.7046    34.7026    7.75272         13 0.0000e+00
    551.000    544.782     1.3465  30.223767     1.3460  30.222021     3.9961     4.0455    -0.0033    97.0222 1.0000e-12  -67.51029  -70.58603 336.047947      56.62 2.8206e+01   1124.657      26993  1030.3740  1030.3726    34.7046    34.7028    7.75313         17 0.0000e+00
    552.000    545.767     1.3480  30.225419     1.3472  30.223245     3.9926     4.0429    -0.0045    97.0110 1.0000e-12  -67.51028  -70.58603 336.047987     101.26 2.8206e+01   1128.045      27074  1030.3782  1030.3768    34.7044    34.7025    7.75283         29 0.0000e+00
    553.000    546.755     1.3484  30.226147     1.3472  30.223671     3.9894     4.0411    -0.0040    96.9955 1.0000e-12  -67.51029  -70.58602 336.048030      99.98 2.8206e+01   1131.780      27164  1030.3828  1030.3815    34.7044    34.7025    7.75277         20 0.0000e+00
    554.000    547.743     1.3460  30.224706     1.3459  30.223138     3.9802     4.0443    -0.0060    97.0115 1.0000e-12  -67.51030  -70.58602 336.048038      99.98 2.8206e+01   1132.492      27181  1030.3880  1030.3865    34.7046    34.7028    7.75323         17 0.0000e+00
    555.000    548.727     1.3461  30.225184     1.3457  30.223519     3.9837     4.0454    -0.0008    97.0238 1.0000e-12  -67.51030  -70.58600 336.048046      99.97 2.8206e+01   1133.214      27198  1030.3925  1030.3913    34.7046    34.7029    7.75321         17 0.0000e+00
    556.000    549.719     1.3457  30.225360     1.3453  30.223593     3.9857     4.0388     0.0029    97.0292 1.0000e-12  -67.51030  -70.58600 336.048055      99.98 2.8206e+01   1133.982      27217  1030.3973  1030.3959    34.7046    34.7028    7.75328         20 0.0000e+00
    557.000    550.705     1.3456  30.225722     1.3453  30.223900     3.9862     4.0350    -0.0134    97.0127 1.0000e-12  -67.51030  -70.58600 336.048065      99.97 2.8206e+01   1134.788      27236  1030.4020  1030.4004    34.7047    34.7026    7.75331         19 0.0000e+00
    558.000    551.690     1.3454  30.225975     1.3452  30.224332     3.9811     4.0426    -0.0072    97.0329 1.0000e-12  -67.51030  -70.58600 336.048073      99.98 2.8206e+01   1135.527      27254  1030.4067  1030.4052    34.7046    34.7028    7.75335         16 0.0000e+00
    559.000    552.679     1.3450  30.226112     1.3446  30.224349     3.9821     4.0427    -0.0052    97.0343 1.0000e-12  -67.51030  -70.58602 336.048081      99.98 2.8206e+01   1136.180      27269  1030.4114  1030.4100    34.7046    34.7029    7.75342         15 0.0000e+00
    560.000    553.666     1.3441  30.225859     1.3438  30.223990     3.9888     4.0410    -0.0033    97.0343 1.0000e-12  -67.51030  -70.58603 336.048088      99.97 2.8206e+01   1136.785      27284  1030.4162  1030.4147    34.7047    34.7027    7.75358         15 0.0000e+00
    561.000    554.656     1.3436  30.225840     1.3433  30.224196     3.9957     4.0400    -0.0027    97.0343 1.0000e-12  -67.51030  -70.58604 336.048095      99.97 2.8206e+01   1137.366      27298  1030.4209  1030.4195    34.7047    34.7029    7.75369         13 0.0000e+00
    562.000    555.642     1.3429  30.225801     1.3427  30.224058     3.9967     4.0437    -0.0059    97.0262 1.0000e-12  -67.51030  -70.58606 336.048102      74.93 2.8206e+01   1137.982      27313  1030.4258  1030.4242    34.7049    34.7028    7.75382         16 0.0000e+00
    563.000    556.629     1.3425  30.225862     1.3423  30.224168     3.9907     4.0439     0.0009    97.0151 1.0000e-12  -67.51030  -70.58606 336.048111      33.29 2.8206e+01   1138.831      27333  1030.4305  1030.4290    34.7048    34.7029    7.75390         26 0.0000e+00
    564.000    557.617     1.3438  30.227414     1.3428  30.225192     3.9920     4.0438    -0.0052    97.0355 1.0000e-12  -67.51030  -70.58606 336.048187     104.05 2.8206e+01   1145.384      27490  1030.4350  1030.4336    34.7048    34.7031    7.75365         18 0.0000e+00
    565.000    558.601     1.3424  30.226864     1.3421  30.225081     3.9932     4.0419    -0.0029    97.0343 1.0000e-12  -67.51030  -70.58606 336.048191      99.98 2.8206e+01   1145.716      27498  1030.4400  1030.4385    34.7050    34.7032    7.75390         14 0.0000e+00
    566.000    559.593     1.3417  30.226832     1.3415  30.225176     3.9920     4.0408    -0.0061    97.0261 1.0000e-12  -67.51030  -70.58606 336.048197      99.98 2.8206e+01   1146.273      27512  1030.4449  1030.4434    34.7053    34.7034    7.75404         13 0.0000e+00
    567.000    560.578     1.3429  30.228389     1.3426  30.226907     3.9935     4.0423    -0.0049    97.0204 1.0000e-12  -67.51030  -70.58605 336.048204      99.97 2.8206e+01   1146.801      27524  1030.4494  1030.4482    34.7053    34.7037    7.75379         13 0.0000e+00
    568.000    561.562     1.3437  30.229862     1.3435  30.228166     3.9933     4.0488    -0.0016    97.0166 1.0000e-12  -67.51030  -70.58604 336.048210      99.98 2.8206e+01   1147.327      27537  1030.4544  1030.4528    34.7057    34.7038    7.75362         13 0.0000e+00
    569.000    562.554     1.3437  30.230356     1.3435  30.228712     3.9936     4.0505     0.0035    97.0274 1.0000e-12  -67.51030  -70.58604 336.048217      99.98 2.8206e+01   1147.914      27551  1030.4591  1030.4576    34.7058    34.7039    7.75362         15 0.0000e+00
    570.000    563.541     1.3436  30.230734     1.3434  30.229126     3.9931     4.0475    -0.0011    97.0163 1.0000e-12  -67.51030  -70.58604 336.048226      99.98 2.8206e+01   1148.714      27570  1030.4638  1030.4623    34.7059    34.7040    7.75364         25 0.0000e+00
    571.000    564.527     1.3439  30.231350     1.3436  30.229694     4.0005     4.0479    -0.0048    97.0132 1.0000e-12  -67.51030  -70.58604 336.048240      99.97 2.8206e+01   1149.915      27599  1030.4683  1030.4670    34.7057    34.7040    7.75357         30 0.0000e+00
    572.000    565.515     1.3437  30.231683     1.3432  30.229994     3.9945     4.0413    -0.0031    97.0343 1.0000e-12  -67.51030  -70.58606 336.048253      99.98 2.8206e+01   1151.082      27627  1030.4731  1030.4719    34.7058    34.7042    7.75362         27 0.0000e+00
    573.000    566.502     1.3434  30.232094     1.3431  30.230362     3.9927     4.0426     0.0110    97.0343 1.0000e-12  -67.51028  -70.58606 336.048266      99.98 2.8206e+01   1152.172      27653  1030.4780  1030.4766    34.7060    34.7042    7.75365         26 0.0000e+00
    574.000    567.490     1.3434  30.232503     1.3430  30.230795     3.9945     4.0491    -0.0014    97.0343 1.0000e-12  -67.51028  -70.58606 336.048279      99.98 2.8206e+01   1153.283      27680  1030.4827  1030.4813    34.7060    34.7044    7.75366         28 0.0000e+00
    575.000    568.473     1.3432  30.232983     1.3431  30.231324     3.9967     4.0475    -0.0087    97.0442 1.0000e-12  -67.51028  -70.58606 336.048299      99.97 2.8206e+01   1155.048      27722  1030.4876  1030.4860    34.7063    34.7043    7.75369         30 0.0000e+00
    576.000    569.467     1.3433  30.233595     1.3432  30.231926     3.9935     4.0483    -0.0015    97.0409 1.0000e-12  -67.51026  -70.58607 336.048334      99.98 2.8206e+01   1158.065      27795  1030.4923  1030.4907    34.7064    34.7044    7.75367         35 0.0000e+00
    577.000    570.449     1.3434  30.234114     1.3432  30.232453     3.9986     4.0449    -0.0087    97.0501 1.0000e-12  -67.51028  -70.58606 336.048352      99.98 2.8206e+01   1159.655      27833  1030.4969  1030.4954    34.7064    34.7045    7.75364         30 0.0000e+00
    578.000    571.438     1.3436  30.234605     1.3431  30.232796     3.9930     4.0422    -0.0096    97.0349 1.0000e-12  -67.51028  -70.58606 336.048367      99.97 2.8206e+01   1160.867      27862  1030.5015  1030.5001    34.7062    34.7044    7.75361         27 0.0000e+00
    579.000    572.425     1.3433  30.234820     1.3429  30.233153     3.9942     4.0388    -0.0087    97.0531 1.0000e-12  -67.51028  -70.58606 336.048378      99.97 2.8206e+01   1161.856      27886  1030.5062  1030.5048    34.7063    34.7045    7.75367         21 0.0000e+00
    580.000    573.412     1.3432  30.235412     1.3429  30.233730     3.9935     4.0430    -0.0055    97.0572 1.0000e-12  -67.51028  -70.58605 336.048387      99.97 2.8206e+01   1162.644      27904  1030.5112  1030.5096    34.7066    34.7047    7.75368         17 0.0000e+00
    581.000    574.400     1.3432  30.235896     1.3429  30.234310     3.9903     4.0450    -0.0027    97.0317 1.0000e-12  -67.51028  -70.58604 336.048395      99.98 2.8206e+01   1163.316      27921  1030.5158  1030.5145    34.7066    34.7049    7.75367         15 0.0000e+00
    582.000    575.389     1.3431  30.236349     1.3428  30.234711     3.9885     4.0460    -0.0043    97.0308 1.0000e-12  -67.51028  -70.58606 336.048402      86.75 2.8206e+01   1163.937      27935  1030.5206  1030.5191    34.7067    34.7049    7.75368         15 0.0000e+00
    583.000    576.374     1.3430  30.236769     1.3428  30.235043     3.9929     4.0482    -0.0028    96.9961 1.0000e-12  -67.51028  -70.58606 336.048409       8.04 2.8206e+01   1164.549      27950  1030.5253  1030.5238    34.7067    34.7049    7.75369         15 0.0000e+00
    584.000    577.362     1.3429  30.237151     1.3428  30.235485     3.9941     4.0484    -0.0040    96.9845 1.0000e-12  -67.51028  -70.58606 336.048416       9.21 2.8206e+01   1165.183      27965  1030.5301  1030.5285    34.7069    34.7049    7.75372         16 0.0000e+00
