NBP2113_155081_ctd/data/dnbp2113_021.cnv
* Sea-Bird SBE 9 Data File:
* FileName = D:\Data\raw\NBP2113_021.hex
* Software Version Seasave V 7.26.7.121
* Temperature SN = 2438
* Conductivity SN = 2067
* Number of Bytes Per Scan = 40
* Number of Voltage Words = 5
* Number of Scans Averaged by the Deck Unit = 1
* NMEA Latitude = 68 01.86 S
* NMEA Longitude = 069 17.12 W
* NMEA UTC (Time) = Nov 30 2021  19:30:12
* NMEA baud rate = 9600
** Ship: RVIB N.B. Palmer
** Cruise: NBP2113 LTER
** Station: 200.-040
** Operator: S. Blackman
# nquan = 25
# nvalues = 456                         
# units = specified
# name 0 = prDM: Pressure, Digiquartz [db]
# name 1 = depSM: Depth [salt water, m]
# name 2 = t090C: Temperature [ITS-90, deg C]
# name 3 = c0mS/cm: Conductivity [mS/cm]
# name 4 = t190C: Temperature, 2 [ITS-90, deg C]
# name 5 = c1mS/cm: Conductivity, 2 [mS/cm]
# name 6 = sbeox0ML/L: Oxygen, SBE 43 [ml/l]
# name 7 = sbeox1ML/L: Oxygen, SBE 43, 2 [ml/l]
# name 8 = flECO-AFL: Fluorescence, WET Labs ECO-AFL/FL [mg/m^3]
# name 9 = CStarTr0: Beam Transmission, WET Labs C-Star [%]
# name 10 = par: PAR/Irradiance, Biospherical/Licor
# name 11 = latitude: Latitude [deg]
# name 12 = longitude: Longitude [deg]
# name 13 = timeJ: Julian Days
# name 14 = altM: Altimeter [m]
# name 15 = spar: SPAR, Biospherical/Licor
# name 16 = timeS: Time, Elapsed [seconds]
# name 17 = scan: Scan Count
# name 18 = density00: Density [density, kg/m^3]
# name 19 = density11: Density, 2 [density, kg/m^3]
# name 20 = sal00: Salinity, Practical [PSU]
# name 21 = sal11: Salinity, Practical, 2 [PSU]
# name 22 = oxsolML/L: Oxygen Saturation, Garcia & Gordon [ml/l]
# name 23 = nbin: number of scans per bin
# name 24 = flag: flag
# span 0 =      4.000,    459.000       
# span 1 =      3.960,    453.904       
# span 2 =    -1.2730,     1.3800       
# span 3 =  27.114130,  30.203759       
# span 4 =    -1.2737,     1.3800       
# span 5 =  27.113114,  30.202781       
# span 6 =     4.0011,     8.4642       
# span 7 =     4.0604,     8.5191       
# span 8 =    -0.0152,     3.5829       
# span 9 =    85.6744,    97.2905       
# span 10 = -8.041e-05, 1.1882e+02      
# span 11 =  -68.03110,  -68.03077      
# span 12 =  -69.28600,  -69.28527      
# span 13 = 334.815845, 334.824401      
# span 14 =     -30.96,     101.38      
# span 15 = 2.9970e+02, 3.2790e+02      
# span 16 =    277.038,   1016.234      
# span 17 =       6650,      24391      
# span 18 =  1027.1896,  1029.9327      
# span 19 =  1027.1884,  1029.9317      
# span 20 =    33.7977,    34.6952      
# span 21 =    33.7955,    34.6943      
# span 22 =    7.74705,    8.35298      
# span 23 =         11,         49      
# span 24 = 0.0000e+00, 0.0000e+00      
# interval = decibars: 1                
# start_time = Nov 30 2021 19:30:12 [NMEA time, header]
# bad_flag = -9.990e-29
*END*
[from data line 406]
    410.000    405.494     1.3729  30.168149     1.3726  30.167139     4.0204     4.0757     0.0028    97.1765 1.0000e-12  -68.03089  -69.28570 334.823424      57.57 3.1379e+02    931.800      22364  1029.6963  1029.6955    34.6852    34.6842    7.74897         18 0.0000e+00
    411.000    406.485     1.3729  30.168702     1.3727  30.167883     4.0238     4.0744    -0.0009    97.2438 1.0000e-12  -68.03088  -69.28570 334.823433      56.67 3.1379e+02    932.627      22384  1029.7010  1029.7003    34.6852    34.6844    7.74895         23 0.0000e+00
    412.000    407.471     1.3730  30.169050     1.3728  30.168126     4.0192     4.0733    -0.0059    97.2335 1.0000e-12  -68.03088  -69.28571 334.823449      55.91 3.1379e+02    933.994      22417  1029.7055  1029.7048    34.6850    34.6840    7.74895         39 0.0000e+00
    413.000    408.461     1.3731  30.169566     1.3728  30.168656     4.0218     4.0703    -0.0058    97.2463 1.0000e-12  -68.03088  -69.28572 334.823470      55.16 3.1379e+02    935.776      22460  1029.7102  1029.7095    34.6850    34.6841    7.74894         35 0.0000e+00
    414.000    409.447     1.3732  30.170190     1.3729  30.169335     4.0131     4.0740    -0.0060    97.2560 1.0000e-12  -68.03088  -69.28572 334.823483      53.48 3.1379e+02    936.944      22488  1029.7150  1029.7144    34.6851    34.6843    7.74891         25 0.0000e+00
    415.000    410.434     1.3733  30.170846     1.3730  30.169868     4.0225     4.0753    -0.0063    97.2563 1.0000e-12  -68.03088  -69.28572 334.823494      52.32 3.1379e+02    937.862      22510  1029.7197  1029.7190    34.6852    34.6843    7.74888         21 0.0000e+00
    416.000    411.424     1.3733  30.171110     1.3729  30.170161     4.0225     4.0759     0.0027    97.2474 1.0000e-12  -68.03088  -69.28572 334.823504      51.79 3.1379e+02    938.754      22531  1029.7243  1029.7237    34.6851    34.6843    7.74890         23 0.0000e+00
    417.000    412.412     1.3733  30.171444     1.3729  30.170483     4.0214     4.0744    -0.0041    97.1585 1.0000e-12  -68.03088  -69.28573 334.823518      50.74 3.1379e+02    939.930      22559  1029.7288  1029.7282    34.6849    34.6841    7.74891         33 0.0000e+00
    418.000    413.400     1.3734  30.172031     1.3731  30.171051     4.0182     4.0687    -0.0017    97.2384 1.0000e-12  -68.03086  -69.28574 334.823537      49.82 3.1379e+02    941.560      22598  1029.7336  1029.7329    34.6850    34.6840    7.74888         35 0.0000e+00
    419.000    414.388     1.3735  30.172711     1.3731  30.171729     4.0146     4.0665    -0.0033    97.2572 1.0000e-12  -68.03086  -69.28574 334.823553      48.49 3.1366e+02    942.962      22632  1029.7384  1029.7378    34.6851    34.6843    7.74885         28 0.0000e+00
    420.000    415.376     1.3741  30.174124     1.3736  30.173270     4.0182     4.0679    -0.0007    97.2650 1.0000e-12  -68.03086  -69.28574 334.823564      47.25 3.1217e+02    943.965      22656  1029.7435  1029.7430    34.6857    34.6851    7.74871         20 0.0000e+00
    421.000    416.363     1.3757  30.177362     1.3752  30.176350     4.0216     4.0655    -0.0004    97.2661 1.0000e-12  -68.03086  -69.28574 334.823574      46.52 3.1202e+02    944.774      22676  1029.7494  1029.7488    34.6875    34.6867    7.74830         19 0.0000e+00
    422.000    417.353     1.3769  30.179768     1.3763  30.178497     4.0225     4.0724    -0.0057    97.2445 1.0000e-12  -68.03086  -69.28574 334.823583      45.34 3.1203e+02    945.525      22694  1029.7549  1029.7542    34.6887    34.6877    7.74800         18 0.0000e+00
    423.000    418.340     1.3767  30.179879     1.3759  30.178388     4.0195     4.0754     0.0014    97.2393 1.0000e-12  -68.03086  -69.28574 334.823592      44.56 3.1203e+02    946.327      22713  1029.7594  1029.7587    34.6884    34.6874    7.74804         22 0.0000e+00
    424.000    419.325     1.3768  30.180174     1.3757  30.178110     4.0175     4.0731    -0.0049    97.2245 1.0000e-12  -68.03086  -69.28576 334.823609      43.13 3.1203e+02    947.776      22748  1029.7639  1029.7628    34.6881    34.6867    7.74805         34 0.0000e+00
    425.000    420.317     1.3776  30.182195     1.3773  30.181477     4.0145     4.0637    -0.0107    97.2601 1.0000e-12  -68.03086  -69.28578 334.823644      42.05 3.1203e+02    950.860      22822  1029.7694  1029.7689    34.6893    34.6886    7.74783         30 0.0000e+00
    426.000    421.305     1.3784  30.184374     1.3780  30.183479     4.0155     4.0633    -0.0065    97.2532 1.0000e-12  -68.03086  -69.28578 334.823659      40.99 3.1203e+02    952.112      22852  1029.7751  1029.7745    34.6906    34.6898    7.74760         24 0.0000e+00
    427.000    422.292     1.3786  30.185025     1.3783  30.184112     4.0211     4.0623     0.0119    97.2493 1.0000e-12  -68.03086  -69.28576 334.823669      40.28 3.1203e+02    953.033      22874  1029.7798  1029.7791    34.6906    34.6898    7.74755         20 0.0000e+00
    428.000    423.278     1.3787  30.185662     1.3784  30.184617     4.0213     4.0663     0.0008    97.2446 1.0000e-12  -68.03086  -69.28576 334.823678      39.52 3.1203e+02    953.813      22893  1029.7845  1029.7838    34.6907    34.6897    7.74752         18 0.0000e+00
    429.000    424.268     1.3786  30.186070     1.3783  30.185178     4.0138     4.0689    -0.0062    97.2341 1.0000e-12  -68.03086  -69.28576 334.823686      38.67 3.1203e+02    954.509      22909  1029.7893  1029.7887    34.6908    34.6900    7.74755         16 0.0000e+00
    430.000    425.256     1.3782  30.186311     1.3778  30.185479     4.0061     4.0707    -0.0053    97.2284 1.0000e-12  -68.03086  -69.28578 334.823694      37.48 3.1191e+02    955.158      22925  1029.7942  1029.7936    34.6909    34.6903    7.74761         15 0.0000e+00
    431.000    426.245     1.3781  30.186921     1.3776  30.185851     4.0095     4.0677    -0.0026    97.2148 1.0000e-12  -68.03086  -69.28578 334.823702      36.48 3.1050e+02    955.823      22941  1029.7991  1029.7985    34.6912    34.6904    7.74761         17 0.0000e+00
    432.000    427.232     1.3779  30.187243     1.3775  30.186302     4.0100     4.0698     0.0012    97.2158 1.0000e-12  -68.03086  -69.28579 334.823710      35.55 3.1028e+02    956.589      22959  1029.8039  1029.8032    34.6913    34.6905    7.74765         21 0.0000e+00
    433.000    428.218     1.3779  30.187641     1.3777  30.186689     4.0149     4.0712     0.0354    97.2172 1.0000e-12  -68.03085  -69.28581 334.823740      34.09 3.1040e+02    959.096      23019  1029.8085  1029.8077    34.6913    34.6903    7.74766         40 0.0000e+00
    434.000    429.207     1.3782  30.188449     1.3779  30.187626     4.0157     4.0682     0.1009    97.2355 1.0000e-12  -68.03084  -69.28582 334.823779      33.20 3.1026e+02    962.483      23101  1029.8133  1029.8127    34.6914    34.6906    7.74759         23 0.0000e+00
    435.000    430.197     1.3783  30.189246     1.3780  30.188327     4.0165     4.0633     0.0022    97.2388 1.0000e-12  -68.03084  -69.28582 334.823787      32.70 3.1027e+02    963.163      23117  1029.8182  1029.8175    34.6917    34.6908    7.74755         16 0.0000e+00
    436.000    431.182     1.3785  30.189973     1.3783  30.189047     4.0192     4.0604    -0.0059    97.2247 1.0000e-12  -68.03085  -69.28582 334.823794      31.67 3.1027e+02    963.800      23132  1029.8230  1029.8222    34.6919    34.6909    7.74751         15 0.0000e+00
    437.000    432.170     1.3785  30.190742     1.3785  30.190020     4.0227     4.0621    -0.0060    97.2265 1.0000e-12  -68.03086  -69.28582 334.823801      30.65 3.1027e+02    964.380      23146  1029.8280  1029.8272    34.6922    34.6914    7.74748         13 0.0000e+00
    438.000    433.161     1.3786  30.191270     1.3783  30.190366     4.0162     4.0643    -0.0134    97.2110 1.0000e-12  -68.03086  -69.28582 334.823807      29.45 3.1027e+02    964.935      23159  1029.8326  1029.8319    34.6922    34.6914    7.74747         14 0.0000e+00
    439.000    434.146     1.3787  30.191940     1.3785  30.191082     4.0057     4.0678    -0.0107    97.2112 1.0000e-12  -68.03086  -69.28582 334.823814      28.44 3.1027e+02    965.526      23174  1029.8374  1029.8367    34.6924    34.6915    7.74744         15 0.0000e+00
    440.000    435.134     1.3789  30.192646     1.3787  30.191785     4.0029     4.0674     0.0004    97.2095 1.0000e-12  -68.03084  -69.28582 334.823824      27.32 3.1027e+02    966.382      23194  1029.8422  1029.8415    34.6925    34.6916    7.74739         25 0.0000e+00
    441.000    436.124     1.3790  30.193095     1.3789  30.192280     4.0125     4.0677    -0.0100    97.2145 1.0000e-12  -68.03084  -69.28585 334.823851      26.07 3.0995e+02    968.744      23251  1029.8468  1029.8461    34.6924    34.6915    7.74738         33 0.0000e+00
    442.000    437.111     1.3791  30.194675     1.3789  30.193691     4.0190     4.0737    -0.0056    97.2146 1.0000e-12  -68.03084  -69.28586 334.823866      25.22 3.0846e+02    970.058      23282  1029.8525  1029.8517    34.6937    34.6926    7.74729         22 0.0000e+00
    443.000    438.097     1.3791  30.195841     1.3789  30.194966     4.0168     4.0734    -0.0042    97.1957 1.0000e-12  -68.03084  -69.28586 334.823876      24.39 3.0850e+02    970.873      23302  1029.8579  1029.8572    34.6947    34.6937    7.74724         19 0.0000e+00
    444.000    439.087     1.3791  30.196335     1.3788  30.195441     4.0184     4.0731     0.0026    97.2065 1.0000e-12  -68.03084  -69.28586 334.823885      23.38 3.0850e+02    971.660      23321  1029.8626  1029.8620    34.6947    34.6939    7.74724         20 0.0000e+00
    445.000    440.073     1.3793  30.196715     1.3790  30.195562     4.0147     4.0662    -0.0088    97.2116 1.0000e-12  -68.03084  -69.28587 334.823918      22.27 3.0850e+02    974.468      23388  1029.8671  1029.8662    34.6944    34.6933    7.74722         33 0.0000e+00
    446.000    441.062     1.3794  30.197552     1.3791  30.196555     4.0126     4.0646    -0.0037    97.2063 1.0000e-12  -68.03084  -69.28588 334.823945      21.47 3.0850e+02    976.816      23445  1029.8720  1029.8713    34.6948    34.6938    7.74717         19 0.0000e+00
    447.000    442.048     1.3797  30.198348     1.3794  30.197476     4.0122     4.0666     0.0011    97.1982 1.0000e-12  -68.03084  -69.28588 334.823952      20.73 3.0850e+02    977.424      23459  1029.8768  1029.8762    34.6949    34.6941    7.74711         14 0.0000e+00
    448.000    443.039     1.3798  30.198509     1.3796  30.197764     4.0084     4.0681    -0.0118    97.1910 1.0000e-12  -68.03084  -69.28586 334.823958      20.12 3.0850e+02    977.985      23473  1029.8810  1029.8805    34.6943    34.6937    7.74711         13 0.0000e+00
    449.000    444.024     1.3799  30.198673     1.3797  30.198103     4.0078     4.0659    -0.0126    97.1931 1.0000e-12  -68.03084  -69.28586 334.823964      19.00 3.0850e+02    978.512      23485  1029.8854  1029.8850    34.6939    34.6934    7.74712         12 0.0000e+00
    450.000    445.015     1.3798  30.199622     1.3797  30.198630     4.0090     4.0675     0.0074    97.2032 1.0000e-12  -68.03084  -69.28588 334.823970      18.13 3.0850e+02    979.047      23498  1029.8907  1029.8898    34.6947    34.6935    7.74710         14 0.0000e+00
    451.000    445.999     1.3795  30.200181     1.3793  30.199334     4.0084     4.0690     0.0101    97.2086 1.0000e-12  -68.03084  -69.28588 334.823978      16.87 3.0850e+02    979.694      23514  1029.8957  1029.8951    34.6951    34.6943    7.74713         18 0.0000e+00
    452.000    446.992     1.3796  30.200447     1.3796  30.199531     4.0091     4.0688    -0.0017    97.2017 1.0000e-12  -68.03082  -69.28590 334.824019      15.22 3.0850e+02    983.214      23598  1029.9001  1029.8992    34.6948    34.6936    7.74713         36 0.0000e+00
    453.000    447.977     1.3798  30.200887     1.3796  30.199925     4.0136     4.0653    -0.0043    97.1923 1.0000e-12  -68.03082  -69.28592 334.824063      14.59 3.0845e+02    987.036      23690  1029.9046  1029.9038    34.6946    34.6935    7.74710         33 0.0000e+00
    454.000    448.964     1.3797  30.201584     1.3795  30.200653     4.0011     4.0632    -0.0110    97.2278 1.0000e-12  -68.03082  -69.28590 334.824093      13.82 3.0726e+02    989.663      23753  1029.9096  1029.9089    34.6949    34.6940    7.74709         30 0.0000e+00
    455.000    449.952     1.3799  30.202339     1.3796  30.201459     4.0104     4.0649     0.0028    97.2185 1.0000e-12  -68.03082  -69.28590 334.824104      13.06 3.0675e+02    990.553      23774  1029.9145  1029.9138    34.6952    34.6943    7.74705         20 0.0000e+00
    456.000    450.943     1.3800  30.202647     1.3797  30.201791     4.0096     4.0660    -0.0055    97.2403 1.0000e-12  -68.03082  -69.28590 334.824113      12.15 3.0674e+02    991.332      23793  1029.9189  1029.9183    34.6949    34.6941    7.74705         17 0.0000e+00
    457.000    451.928     1.3799  30.202902     1.3797  30.201999     4.0101     4.0673    -0.0066    97.2379 1.0000e-12  -68.03082  -69.28590 334.824122      11.21 3.0674e+02    992.115      23812  1029.9235  1029.9227    34.6948    34.6938    7.74708         21 0.0000e+00
    458.000    452.916     1.3800  30.203264     1.3798  30.202366     4.0102     4.0679    -0.0037    97.2178 1.0000e-12  -68.03080  -69.28592 334.824203      10.16 3.0674e+02    999.134      23980  1029.9280  1029.9273    34.6945    34.6936    7.74707         34 0.0000e+00
    459.000    453.904     1.3800  30.203759     1.3800  30.202781     4.0085     4.0664    -0.0034    97.2441 1.0000e-12  -68.03077  -69.28596 334.824401      10.01 3.0522e+02   1016.234      24391  1029.9327  1029.9317    34.6946    34.6933    7.74707         40 0.0000e+00
