NBP2113_155081_ctd/data/dnbp2113_060.cnv
* Sea-Bird SBE 9 Data File:
* FileName = D:\Data\raw\NBP2113_060.hex
* Software Version Seasave V 7.26.7.121
* Temperature SN = 2438
* Conductivity SN = 2067
* Number of Bytes Per Scan = 40
* Number of Voltage Words = 5
* Number of Scans Averaged by the Deck Unit = 1
* NMEA Latitude = 64 45.87 S
* NMEA Longitude = 063 07.32 W
* NMEA UTC (Time) = Dec 13 2021  22:33:21
* NMEA baud rate = 9600
** Ship: RVIB N.B. Palmer
** Cruise: NBP2113 LTER
** Station: 654.006
** Operator: S. Blackman
# nquan = 25
# nvalues = 274                         
# units = specified
# name 0 = prDM: Pressure, Digiquartz [db]
# name 1 = depSM: Depth [salt water, m]
# name 2 = t090C: Temperature [ITS-90, deg C]
# name 3 = c0mS/cm: Conductivity [mS/cm]
# name 4 = t190C: Temperature, 2 [ITS-90, deg C]
# name 5 = c1mS/cm: Conductivity, 2 [mS/cm]
# name 6 = sbeox0ML/L: Oxygen, SBE 43 [ml/l]
# name 7 = sbeox1ML/L: Oxygen, SBE 43, 2 [ml/l]
# name 8 = flECO-AFL: Fluorescence, WET Labs ECO-AFL/FL [mg/m^3]
# name 9 = CStarTr0: Beam Transmission, WET Labs C-Star [%]
# name 10 = par: PAR/Irradiance, Biospherical/Licor
# name 11 = latitude: Latitude [deg]
# name 12 = longitude: Longitude [deg]
# name 13 = timeJ: Julian Days
# name 14 = altM: Altimeter [m]
# name 15 = spar: SPAR, Biospherical/Licor
# name 16 = timeS: Time, Elapsed [seconds]
# name 17 = scan: Scan Count
# name 18 = density00: Density [density, kg/m^3]
# name 19 = density11: Density, 2 [density, kg/m^3]
# name 20 = sal00: Salinity, Practical [PSU]
# name 21 = sal11: Salinity, Practical, 2 [PSU]
# name 22 = oxsolML/L: Oxygen Saturation, Garcia & Gordon [ml/l]
# name 23 = nbin: number of scans per bin
# name 24 = flag: flag
# span 0 =      4.000,    277.000       
# span 1 =      3.954,    274.113       
# span 2 =    -0.3468,     0.8052       
# span 3 =  27.892186,  29.440041       
# span 4 =    -0.3376,     0.8045       
# span 5 =  27.890806,  29.438590       
# span 6 =     4.9793,     7.4652       
# span 7 =     5.0589,     7.5318       
# span 8 =    -0.0118,     1.4490       
# span 9 =    85.1715,    90.7313       
# span 10 = -1.643e-06, 4.6229e+02      
# span 11 =  -64.76436,  -64.76416      
# span 12 =  -63.12226,  -63.12212      
# span 13 = 347.942980, 347.948550      
# span 14 =       8.60,     100.15      
# span 15 = 1.7464e+03, 1.8483e+03      
# span 16 =    272.496,    753.703      
# span 17 =       6541,      18090      
# span 18 =  1027.1850,  1029.0461      
# span 19 =  1027.1853,  1029.0431      
# span 20 =    33.8127,    34.5180      
# span 21 =    33.8110,    34.5176      
# span 22 =    7.87213,    8.14227      
# span 23 =          3,         47      
# span 24 = 0.0000e+00, 0.0000e+00      
# interval = decibars: 1                
# start_time = Dec 13 2021 22:33:21 [NMEA time, header]
# bad_flag = -9.990e-29
*END*
[from data line 232]
    236.000    233.556     0.3699  29.080804     0.3709  29.080576     5.3449     5.3773     0.0174    90.2784 1.0000e-12  -64.76436  -63.12214 347.947342      50.60 1.7900e+03    649.327      15585  1028.8026  1028.8014    34.4965    34.4951    7.96148         28 0.0000e+00
    237.000    234.546     0.3694  29.080597     0.3690  29.079583     5.3409     5.3863     0.0174    90.2350 1.0000e-12  -64.76436  -63.12214 347.947355      49.45 1.7884e+03    650.494      15613  1028.8066  1028.8060    34.4962    34.4953    7.96160         28 0.0000e+00
    238.000    235.536     0.3535  29.068519     0.3561  29.069616     5.3604     5.3980     0.0140    90.2032 1.0000e-12  -64.76435  -63.12214 347.947369      48.56 1.7876e+03    651.649      15641  1028.8135  1028.8121    34.4976    34.4961    7.96481         28 0.0000e+00
    239.000    236.524     0.3513  29.066263     0.3508  29.065399     5.3477     5.3929     0.0140    90.1831 1.0000e-12  -64.76434  -63.12214 347.947382      47.49 1.7863e+03    652.833      15669  1028.8171  1028.8167    34.4964    34.4959    7.96532         29 0.0000e+00
    240.000    237.513     0.3290  29.048527     0.3369  29.054053     5.3826     5.4245     0.0190    90.1561 1.0000e-12  -64.76434  -63.12214 347.947396      46.51 1.7869e+03    654.032      15698  1028.8243  1028.8224    34.4975    34.4959    7.96987         28 0.0000e+00
    241.000    238.503     0.3256  29.046587     0.3243  29.044606     5.4228     5.4523     0.0275    90.1314 1.0000e-12  -64.76434  -63.12214 347.947410      45.45 1.7855e+03    655.220      15726  1028.8293  1028.8286    34.4982    34.4971    7.97054         29 0.0000e+00
    242.000    239.492     0.2498  28.982717     0.2474  28.980467     5.4535     5.4747     0.0216    90.1254 1.0000e-12  -64.76434  -63.12214 347.947424      44.38 1.7832e+03    656.420      15755  1028.8411  1028.8408    34.4986    34.4983    7.98622         29 0.0000e+00
    243.000    240.480     0.2402  28.974073     0.2323  28.964643     5.4702     5.4942     0.0196    90.1051 1.0000e-12  -64.76434  -63.12214 347.947438      43.24 1.7790e+03    657.620      15784  1028.8448  1028.8429    34.4974    34.4938    7.98828         29 0.0000e+00
    244.000    241.470     0.2055  28.944356     0.2126  28.949289     5.4541     5.4925     0.0050    90.0609 1.0000e-12  -64.76434  -63.12214 347.947452      42.38 1.7752e+03    658.827      15813  1028.8514  1028.8496    34.4965    34.4951    7.99552         29 0.0000e+00
    245.000    242.458     0.2033  28.941133     0.2014  28.938876     5.4725     5.5077     0.0075    90.0313 1.0000e-12  -64.76434  -63.12214 347.947466      41.44 1.7735e+03    660.025      15842  1028.8540  1028.8534    34.4942    34.4933    7.99612         28 0.0000e+00
    246.000    243.448     0.2001  28.940641     0.1951  28.935818     5.5155     5.5300     0.0189    89.9550 1.0000e-12  -64.76434  -63.12214 347.947479      40.39 1.7735e+03    661.202      15870  1028.8604  1028.8601    34.4966    34.4958    7.99665         28 0.0000e+00
    247.000    244.436     0.1366  28.889881     0.1479  28.897268     5.5258     5.5468     0.0256    90.0210 1.0000e-12  -64.76434  -63.12214 347.947493      39.39 1.7741e+03    662.367      15898  1028.8730  1028.8699    34.5003    34.4974    8.00965         28 0.0000e+00
    248.000    245.426     0.1282  28.880588     0.1278  28.879874     5.5151     5.5521     0.0134    90.0166 1.0000e-12  -64.76434  -63.12215 347.947506      38.35 1.7737e+03    663.529      15926  1028.8753  1028.8749    34.4969    34.4963    8.01160         28 0.0000e+00
    249.000    246.415     0.1211  28.874667     0.1176  28.870977     5.5126     5.5527     0.0041    89.9832 1.0000e-12  -64.76433  -63.12216 347.947520      37.29 1.7751e+03    664.712      15954  1028.8798  1028.8793    34.4965    34.4955    8.01311         29 0.0000e+00
    250.000    247.404     0.1190  28.874257     0.1179  28.871724     5.5314     5.5721     0.0093    89.9531 1.0000e-12  -64.76432  -63.12216 347.947534      36.37 1.7752e+03    665.899      15983  1028.8850  1028.8835    34.4976    34.4956    8.01347         28 0.0000e+00
    251.000    248.392     0.1024  28.860467     0.1094  28.865844     5.5272     5.5714     0.0181    89.9364 1.0000e-12  -64.76432  -63.12216 347.947547      35.42 1.7735e+03    667.079      16011  1028.8907  1028.8895    34.4975    34.4968    8.01695         28 0.0000e+00
    252.000    249.383     0.0827  28.844920     0.0840  28.845106     5.5362     5.5803     0.0081    89.9369 1.0000e-12  -64.76432  -63.12216 347.947561      34.30 1.7751e+03    668.273      16040  1028.8975  1028.8965    34.4985    34.4973    8.02101         30 0.0000e+00
    253.000    250.371     0.0816  28.843435     0.0795  28.840816     5.5780     5.6010     0.0124    89.9105 1.0000e-12  -64.76432  -63.12216 347.947575      33.31 1.7749e+03    669.450      16068  1028.9008  1028.9002    34.4971    34.4961    8.02131         27 0.0000e+00
    254.000    251.359     0.0524  28.822006     0.0527  28.820870     5.5948     5.6167     0.0141    89.8384 1.0000e-12  -64.76432  -63.12216 347.947588      32.31 1.7735e+03    670.616      16096  1028.9109  1028.9094    34.5011    34.4993    8.02720         28 0.0000e+00
    255.000    252.350     0.0140  28.786747     0.0137  28.785658     5.6101     5.6324     0.0143    89.8537 1.0000e-12  -64.76432  -63.12216 347.947602      31.16 1.7735e+03    671.821      16125  1028.9151  1028.9144    34.4970    34.4960    8.03547         30 0.0000e+00
    256.000    253.337     0.0046  28.780515     0.0062  28.780795     5.6113     5.6417     0.0143    89.8281 1.0000e-12  -64.76432  -63.12216 347.947616      30.26 1.7735e+03    673.019      16153  1028.9215  1028.9203    34.4987    34.4973    8.03734         28 0.0000e+00
    257.000    254.326    -0.0107  28.766848    -0.0061  28.769630     5.5996     5.6421     0.0143    89.8209 1.0000e-12  -64.76432  -63.12216 347.947630      29.25 1.7735e+03    674.203      16182  1028.9261  1028.9244    34.4973    34.4958    8.04064         29 0.0000e+00
    258.000    255.316    -0.0101  28.766574    -0.0102  28.765802     5.6312     5.6755     0.0105    89.7732 1.0000e-12  -64.76432  -63.12216 347.947644      28.21 1.7720e+03    675.409      16211  1028.9289  1028.9281    34.4956    34.4947    8.04061         29 0.0000e+00
    259.000    256.305    -0.0106  28.768588    -0.0063  28.770997     5.5682     5.6405     0.0041    89.6874 1.0000e-12  -64.76432  -63.12216 347.947658      27.22 1.7735e+03    676.630      16240  1028.9353  1028.9337    34.4983    34.4966    8.04056         29 0.0000e+00
    260.000    257.293    -0.0161  28.763234    -0.0173  28.761662     5.6515     5.7022     0.0082    89.6850 1.0000e-12  -64.76432  -63.12216 347.947672      26.24 1.7756e+03    677.832      16269  1028.9390  1028.9385    34.4968    34.4960    8.04180         29 0.0000e+00
    261.000    258.283    -0.0183  28.762544    -0.0156  28.764034     5.7961     5.7822     0.0080    89.6363 1.0000e-12  -64.76432  -63.12216 347.947685      25.14 1.7763e+03    679.006      16297  1028.9449  1028.9433    34.4978    34.4966    8.04222         27 0.0000e+00
    262.000    259.271    -0.2389  28.591004    -0.2309  28.597482     5.8334     5.8002     0.0097    89.6335 1.0000e-12  -64.76432  -63.12216 347.947699      24.18 1.7763e+03    680.176      16325  1028.9835  1028.9831    34.5180    34.5176    8.08763         29 0.0000e+00
    263.000    260.262    -0.2814  28.543429    -0.2834  28.540629     5.8358     5.8225     0.0006    89.6193 1.0000e-12  -64.76432  -63.12216 347.947712      23.15 1.7752e+03    681.358      16354  1028.9782  1028.9771    34.5020    34.5005    8.09754         28 0.0000e+00
    264.000    261.249    -0.2754  28.549677    -0.2672  28.555932     5.8079     5.8265     0.0001    89.5742 1.0000e-12  -64.76432  -63.12216 347.947726      22.17 1.7764e+03    682.537      16382  1028.9820  1028.9806    34.5029    34.5020    8.09620         29 0.0000e+00
    265.000    262.239    -0.2762  28.550224    -0.2811  28.545686     5.7606     5.8112    -0.0046    89.4760 1.0000e-12  -64.76432  -63.12216 347.947740      21.15 1.7756e+03    683.732      16411  1028.9867  1028.9869    34.5040    34.5035    8.09632         29 0.0000e+00
    266.000    263.227    -0.2452  28.573139    -0.2556  28.563750     5.7572     5.8087     0.0014    89.3699 1.0000e-12  -64.76432  -63.12216 347.947754      20.10 1.7738e+03    684.940      16440  1028.9840  1028.9844    34.4988    34.4981    8.09002         28 0.0000e+00
    267.000    264.216    -0.2394  28.582422    -0.2467  28.575523     5.7756     5.8204     0.0008    89.2203 1.0000e-12  -64.76430  -63.12216 347.947768      19.17 1.7735e+03    686.144      16468  1028.9920  1028.9918    34.5041    34.5032    8.08850         30 0.0000e+00
    268.000    265.206    -0.2681  28.559145    -0.2657  28.559926     5.7713     5.8148     0.0012    89.2876 1.0000e-12  -64.76430  -63.12216 347.947782      18.08 1.7726e+03    687.396      16499  1028.9993  1028.9977    34.5049    34.5033    8.09455         31 0.0000e+00
    269.000    266.193    -0.2649  28.561769    -0.2615  28.563856     5.7241     5.7922    -0.0023    89.1908 1.0000e-12  -64.76430  -63.12216 347.947798      17.09 1.7703e+03    688.706      16530  1029.0027  1029.0015    34.5042    34.5031    8.09391         31 0.0000e+00
    270.000    267.183    -0.2223  28.596192    -0.2178  28.598883     5.7222     5.7951    -0.0008    89.1123 1.0000e-12  -64.76430  -63.12216 347.947813      16.06 1.7688e+03    690.066      16563  1029.0012  1028.9997    34.5013    34.4999    8.08503         34 0.0000e+00
    271.000    268.173    -0.2230  28.598954    -0.2305  28.592456     5.7642     5.8120     0.0014    89.0248 1.0000e-12  -64.76430  -63.12216 347.947830      14.95 1.7683e+03    691.531      16598  1029.0089  1029.0093    34.5052    34.5050    8.08496         36 0.0000e+00
    272.000    269.161    -0.2794  28.553350    -0.2695  28.559843     5.7778     5.8196     0.0010    88.9458 1.0000e-12  -64.76430  -63.12216 347.947849      13.97 1.7690e+03    693.198      16638  1029.0199  1029.0170    34.5076    34.5050    8.09680         36 0.0000e+00
    273.000    270.150    -0.2649  28.563867    -0.2672  28.561166     5.7639     5.8184     0.0010    88.9970 1.0000e-12  -64.76430  -63.12216 347.947870      12.96 1.7694e+03    694.952      16680  1029.0207  1029.0202    34.5045    34.5036    8.09388         37 0.0000e+00
    274.000    271.139    -0.2729  28.559073    -0.2704  28.559635     5.7851     5.8371    -0.0032    88.9846 1.0000e-12  -64.76430  -63.12216 347.947890      11.94 1.7699e+03    696.734      16723  1029.0275  1029.0257    34.5066    34.5046    8.09546         40 0.0000e+00
    275.000    272.127    -0.3040  28.533155    -0.3003  28.535228     5.8028     5.8536    -0.0066    89.0413 1.0000e-12  -64.76430  -63.12216 347.947912      10.95 1.7699e+03    698.562      16766  1029.0345  1029.0332    34.5066    34.5052    8.10208         42 0.0000e+00
    276.000    273.116    -0.3180  28.521346    -0.3183  28.520239     5.7931     5.8574    -0.0039    89.0431 1.0000e-12  -64.76428  -63.12216 347.947933       9.94 1.7702e+03    700.385      16810  1029.0396  1029.0387    34.5060    34.5049    8.10509         38 0.0000e+00
    277.000    274.113    -0.3468  28.499612    -0.3376  28.505335     5.8349     5.8928    -0.0118    89.0683 1.0000e-12  -64.76428  -63.12219 347.948550       8.60 1.7701e+03    753.703      18090  1029.0461  1029.0431    34.5090    34.5062    8.11105         17 0.0000e+00
