NBP2113_155081_ctd/data/dnbp2113_051.cnv
* Sea-Bird SBE 9 Data File:
* FileName = D:\Data\raw\NBP2113_051.hex
* Software Version Seasave V 7.26.7.121
* Temperature SN = 2438
* Conductivity SN = 2067
* Number of Bytes Per Scan = 40
* Number of Voltage Words = 5
* Number of Scans Averaged by the Deck Unit = 1
* NMEA Latitude = 64 55.61 S
* NMEA Longitude = 064 41.14 W
* NMEA UTC (Time) = Dec 11 2021  14:40:45
* NMEA baud rate = 9600
** Ship: RVIB N.B. Palmer
** Cruise: NBP2113 LTER
** Station: 592.051
** Operator: B. Urmston
# nquan = 25
# nvalues = 867                         
# units = specified
# name 0 = prDM: Pressure, Digiquartz [db]
# name 1 = depSM: Depth [salt water, m]
# name 2 = t090C: Temperature [ITS-90, deg C]
# name 3 = c0mS/cm: Conductivity [mS/cm]
# name 4 = t190C: Temperature, 2 [ITS-90, deg C]
# name 5 = c1mS/cm: Conductivity, 2 [mS/cm]
# name 6 = sbeox0ML/L: Oxygen, SBE 43 [ml/l]
# name 7 = sbeox1ML/L: Oxygen, SBE 43, 2 [ml/l]
# name 8 = flECO-AFL: Fluorescence, WET Labs ECO-AFL/FL [mg/m^3]
# name 9 = CStarTr0: Beam Transmission, WET Labs C-Star [%]
# name 10 = par: PAR/Irradiance, Biospherical/Licor
# name 11 = latitude: Latitude [deg]
# name 12 = longitude: Longitude [deg]
# name 13 = timeJ: Julian Days
# name 14 = altM: Altimeter [m]
# name 15 = spar: SPAR, Biospherical/Licor
# name 16 = timeS: Time, Elapsed [seconds]
# name 17 = scan: Scan Count
# name 18 = density00: Density [density, kg/m^3]
# name 19 = density11: Density, 2 [density, kg/m^3]
# name 20 = sal00: Salinity, Practical [PSU]
# name 21 = sal11: Salinity, Practical, 2 [PSU]
# name 22 = oxsolML/L: Oxygen Saturation, Garcia & Gordon [ml/l]
# name 23 = nbin: number of scans per bin
# name 24 = flag: flag
# span 0 =      4.000,    870.000       
# span 1 =      3.963,    859.797       
# span 2 =    -0.9392,     1.4631       
# span 3 =  27.264566,  30.443423       
# span 4 =    -0.9359,     1.4632       
# span 5 =  27.264695,  30.441672       
# span 6 =     4.0743,     8.1607       
# span 7 =     4.1285,     8.2116       
# span 8 =    -0.0223,     1.5452       
# span 9 =    80.9521,    91.7288       
# span 10 = 1.0000e-12, 3.4845e+02      
# span 11 =  -64.92710,  -64.92654      
# span 12 =  -64.68566,  -64.68490      
# span 13 = 345.614749, 345.632384      
# span 14 =       7.01,     101.29      
# span 15 = 7.1452e+02, 1.0507e+03      
# span 16 =    269.281,   1792.994      
# span 17 =       6464,      43033      
# span 18 =  1027.0324,  1031.8252      
# span 19 =  1027.0303,  1031.8239      
# span 20 =    33.5890,    34.6765      
# span 21 =    33.5865,    34.6750      
# span 22 =    7.73169,    8.28780      
# span 23 =          1,         47      
# span 24 = 0.0000e+00, 0.0000e+00      
# interval = decibars: 1                
# start_time = Dec 11 2021 14:40:45 [NMEA time, header]
# bad_flag = -9.990e-29
*END*
[from data line 290]
    294.000    290.914     1.1815  29.890192     1.1809  29.888528     4.4341     4.4939    -0.0102    91.6058 1.0000e-12  -64.92677  -64.68518 345.621274      99.97 7.5032e+02    833.095      19995  1029.1054  1029.1043    34.6085    34.6071    7.79096         36 0.0000e+00
    295.000    291.901     1.1852  29.894497     1.1847  29.892953     4.4409     4.4935    -0.0152    91.5855 1.0000e-12  -64.92678  -64.68518 345.621289      99.97 7.4918e+02    834.395      20026  1029.1105  1029.1094    34.6094    34.6080    7.79018         24 0.0000e+00
    296.000    292.891     1.1867  29.896607     1.1862  29.895150     4.4427     4.4948    -0.0150    91.6237 1.0000e-12  -64.92678  -64.68518 345.621299      99.97 7.5096e+02    835.255      20047  1029.1153  1029.1143    34.6098    34.6085    7.78986         20 0.0000e+00
    297.000    293.879     1.1891  29.899572     1.1886  29.898070     4.4399     4.4952    -0.0106    91.6018 1.0000e-12  -64.92678  -64.68520 345.621309      99.97 7.5197e+02    836.103      20067  1029.1203  1029.1193    34.6103    34.6091    7.78935         21 0.0000e+00
    298.000    294.866     1.1895  29.900465     1.1892  29.899103     4.4409     4.4986    -0.0114    91.6157 1.0000e-12  -64.92678  -64.68520 345.621326      99.97 7.5276e+02    837.521      20102  1029.1252  1029.1241    34.6105    34.6091    7.78927         34 0.0000e+00
    299.000    295.859     1.1895  29.900892     1.1892  29.899455     4.4302     4.4967    -0.0105    91.6266 1.0000e-12  -64.92678  -64.68521 345.621360      99.97 7.5170e+02    840.525      20174  1029.1299  1029.1287    34.6105    34.6090    7.78927         26 0.0000e+00
    300.000    296.844     1.1896  29.901413     1.1891  29.899876     4.4489     4.4962    -0.0108    91.5690 1.0000e-12  -64.92678  -64.68520 345.621384      99.97 7.5108e+02    842.556      20222  1029.1347  1029.1336    34.6105    34.6091    7.78925         31 0.0000e+00
    301.000    297.835     1.1893  29.901775     1.1889  29.900295     4.4505     4.4944    -0.0177    91.6219 1.0000e-12  -64.92678  -64.68520 345.621399      99.97 7.5278e+02    843.838      20253  1029.1396  1029.1384    34.6106    34.6092    7.78929         26 0.0000e+00
    302.000    298.821     1.1911  29.904374     1.1901  29.902184     4.4182     4.4805    -0.0112    91.6110 1.0000e-12  -64.92678  -64.68520 345.621410      99.97 7.5275e+02    844.794      20276  1029.1447  1029.1435    34.6114    34.6097    7.78889         21 0.0000e+00
    303.000    299.812     1.1964  29.910086     1.1958  29.908333     4.3933     4.4656    -0.0077    91.5833 1.0000e-12  -64.92678  -64.68520 345.621420      99.97 7.5275e+02    845.717      20298  1029.1496  1029.1484    34.6123    34.6108    7.78780         24 0.0000e+00
    304.000    300.802     1.2193  29.932997     1.2191  29.931761     4.3833     4.4548    -0.0110    91.5738 1.0000e-12  -64.92678  -64.68520 345.621436      99.97 7.5216e+02    847.047      20330  1029.1547  1029.1537    34.6157    34.6143    7.78306         33 0.0000e+00
    305.000    301.791     1.2292  29.944783     1.2287  29.943614     4.3772     4.4477    -0.0072    91.5326 1.0000e-12  -64.92679  -64.68520 345.621465      99.97 7.5032e+02    849.616      20392  1029.1615  1029.1607    34.6192    34.6183    7.78091         32 0.0000e+00
    306.000    302.779     1.2303  29.946984     1.2298  29.945249     4.3874     4.4473    -0.0072    91.6076 1.0000e-12  -64.92680  -64.68520 345.621484      99.97 7.5097e+02    851.253      20431  1029.1671  1029.1660    34.6203    34.6186    7.78063         31 0.0000e+00
    307.000    303.767     1.2298  29.946738     1.2293  29.945212     4.3855     4.4468    -0.0147    91.6098 1.0000e-12  -64.92679  -64.68522 345.621500      99.97 7.5175e+02    852.640      20464  1029.1718  1029.1706    34.6200    34.6185    7.78076         36 0.0000e+00
    308.000    304.755     1.2326  29.950101     1.2322  29.948699     4.3723     4.4328    -0.0104    91.6070 1.0000e-12  -64.92678  -64.68522 345.621520      99.97 7.5276e+02    854.295      20504  1029.1767  1029.1757    34.6205    34.6192    7.78016         35 0.0000e+00
    309.000    305.744     1.2394  29.957649     1.2390  29.956211     4.3633     4.4275    -0.0045    91.6255 1.0000e-12  -64.92678  -64.68522 345.621538      99.97 7.5275e+02    855.862      20542  1029.1821  1029.1810    34.6222    34.6208    7.77874         34 0.0000e+00
    310.000    306.733     1.2415  29.960388     1.2409  29.958712     4.3742     4.4275    -0.0078    91.6200 1.0000e-12  -64.92680  -64.68522 345.621553      99.97 7.5119e+02    857.212      20574  1029.1872  1029.1861    34.6228    34.6213    7.77829         33 0.0000e+00
    311.000    307.722     1.2416  29.960785     1.2415  29.959697     4.3654     4.4265    -0.0125    91.6360 1.0000e-12  -64.92680  -64.68522 345.621579      99.97 7.5099e+02    859.398      20627  1029.1919  1029.1908    34.6226    34.6213    7.77828         43 0.0000e+00
    312.000    308.709     1.2428  29.962619     1.2423  29.960982     4.3605     4.4184    -0.0079    91.6481 1.0000e-12  -64.92681  -64.68522 345.621605      99.97 7.5099e+02    861.686      20681  1029.1968  1029.1957    34.6230    34.6215    7.77801         33 0.0000e+00
    313.000    309.699     1.2452  29.965642     1.2448  29.964129     4.3570     4.4157    -0.0152    91.6715 1.0000e-12  -64.92682  -64.68522 345.621619      99.97 7.4970e+02    862.884      20710  1029.2019  1029.2007    34.6237    34.6221    7.77751         24 0.0000e+00
    314.000    310.688     1.2470  29.968088     1.2465  29.966625     4.3434     4.4117    -0.0150    91.6656 1.0000e-12  -64.92682  -64.68522 345.621630      99.97 7.4922e+02    863.812      20732  1029.2068  1029.2058    34.6242    34.6229    7.77712         22 0.0000e+00
    315.000    311.676     1.2492  29.971413     1.2484  29.969458     4.3373     4.4055    -0.0091    91.6738 1.0000e-12  -64.92682  -64.68522 345.621642      99.97 7.4970e+02    864.848      20757  1029.2124  1029.2112    34.6255    34.6239    7.77662         29 0.0000e+00
    316.000    312.665     1.2547  29.978749     1.2544  29.977276     4.3316     4.3980    -0.0055    91.6691 1.0000e-12  -64.92680  -64.68524 345.621658      99.97 7.5158e+02    866.290      20792  1029.2188  1029.2175    34.6282    34.6266    7.77538         41 0.0000e+00
    317.000    313.656     1.2566  29.981213     1.2562  29.979777     4.3452     4.4034     0.0013    91.6460 1.0000e-12  -64.92680  -64.68524 345.621683      99.97 7.5186e+02    868.375      20842  1029.2237  1029.2226    34.6286    34.6272    7.77498         35 0.0000e+00
    318.000    314.643     1.2576  29.982626     1.2574  29.981500     4.3422     4.3945    -0.0106    91.6762 1.0000e-12  -64.92682  -64.68524 345.621712      99.97 7.5013e+02    870.912      20903  1029.2286  1029.2275    34.6288    34.6275    7.77478         39 0.0000e+00
    319.000    315.630     1.2593  29.984927     1.2588  29.983476     4.3324     4.3933    -0.0171    91.7109 1.0000e-12  -64.92683  -64.68522 345.621731      99.97 7.4741e+02    872.521      20942  1029.2335  1029.2325    34.6292    34.6279    7.77441         29 0.0000e+00
    320.000    316.621     1.2612  29.987649     1.2606  29.986068     4.3264     4.3886    -0.0164    91.6817 1.0000e-12  -64.92684  -64.68522 345.621742      99.97 7.4771e+02    873.514      20965  1029.2387  1029.2376    34.6301    34.6287    7.77399         21 0.0000e+00
    321.000    317.608     1.2609  29.987878     1.2607  29.986647     4.3185     4.3866    -0.0110    91.6681 1.0000e-12  -64.92682  -64.68522 345.621752      99.97 7.4985e+02    874.357      20986  1029.2435  1029.2424    34.6301    34.6287    7.77405         20 0.0000e+00
    322.000    318.597     1.2660  29.993153     1.2650  29.991063     4.3111     4.3861    -0.0103    91.6702 1.0000e-12  -64.92682  -64.68522 345.621763      99.97 7.5220e+02    875.280      21008  1029.2480  1029.2469    34.6306    34.6291    7.77300         25 0.0000e+00
    323.000    319.586     1.2710  29.999392     1.2706  29.997817     4.3230     4.3876    -0.0110    91.6572 1.0000e-12  -64.92682  -64.68524 345.621777      99.97 7.5275e+02    876.536      21038  1029.2538  1029.2526    34.6325    34.6309    7.77192         35 0.0000e+00
    324.000    320.576     1.2720  30.000847     1.2720  29.999936     4.3236     4.3844    -0.0076    91.6696 1.0000e-12  -64.92683  -64.68526 345.621807      99.97 7.5185e+02    879.124      21100  1029.2586  1029.2577    34.6327    34.6315    7.77171         34 0.0000e+00
    325.000    321.563     1.2750  30.004514     1.2746  30.003321     4.3181     4.3690    -0.0077    91.6551 1.0000e-12  -64.92684  -64.68524 345.621839      99.97 7.4984e+02    881.869      21166  1029.2638  1029.2629    34.6335    34.6323    7.77108         37 0.0000e+00
    326.000    322.551     1.2756  30.005915     1.2753  30.004575     4.3182     4.3666    -0.0105    91.6882 1.0000e-12  -64.92684  -64.68524 345.621854      99.97 7.4919e+02    883.155      21197  1029.2689  1029.2679    34.6340    34.6327    7.77092         24 0.0000e+00
    327.000    323.539     1.2763  30.007043     1.2758  30.005529     4.3253     4.3694    -0.0137    91.6997 1.0000e-12  -64.92684  -64.68524 345.621863      99.97 7.4964e+02    883.964      21216  1029.2736  1029.2726    34.6341    34.6328    7.77078         17 0.0000e+00
    328.000    324.529     1.2773  30.008511     1.2766  30.006747     4.3228     4.3745    -0.0077    91.6887 1.0000e-12  -64.92684  -64.68524 345.621871      99.97 7.5100e+02    884.628      21232  1029.2783  1029.2773    34.6342    34.6328    7.77057         15 0.0000e+00
    329.000    325.518     1.2770  30.008714     1.2765  30.007134     4.3202     4.3758    -0.0038    91.6784 1.0000e-12  -64.92684  -64.68524 345.621878      99.97 7.5244e+02    885.292      21248  1029.2831  1029.2821    34.6343    34.6329    7.77063         17 0.0000e+00
    330.000    326.507     1.2778  30.009781     1.2772  30.008373     4.3216     4.3738    -0.0027    91.6688 1.0000e-12  -64.92684  -64.68525 345.621900      99.97 7.5273e+02    887.185      21293  1029.2878  1029.2869    34.6343    34.6330    7.77049         33 0.0000e+00
    331.000    327.494     1.2780  30.010331     1.2771  30.008420     4.3168     4.3715    -0.0035    91.6695 1.0000e-12  -64.92684  -64.68527 345.621942      99.97 7.5275e+02    890.808      21380  1029.2924  1029.2913    34.6341    34.6326    7.77045         26 0.0000e+00
    332.000    328.483     1.2803  30.013505     1.2798  30.012023     4.3086     4.3699    -0.0096    91.6772 1.0000e-12  -64.92685  -64.68526 345.621952      99.97 7.5275e+02    891.654      21401  1029.2976  1029.2966    34.6351    34.6337    7.76994         20 0.0000e+00
    333.000    329.472     1.2807  30.014581     1.2802  30.013074     4.3069     4.3638    -0.0150    91.6772 1.0000e-12  -64.92686  -64.68526 345.621962      99.97 7.5242e+02    892.497      21421  1029.3025  1029.3015    34.6353    34.6340    7.76983         21 0.0000e+00
    334.000    330.461     1.2826  30.016685     1.2820  30.015098     4.3003     4.3653    -0.0202    91.6727 1.0000e-12  -64.92686  -64.68526 345.621974      99.97 7.5101e+02    893.564      21447  1029.3071  1029.3060    34.6354    34.6340    7.76946         31 0.0000e+00
    335.000    331.448     1.2867  30.021601     1.2859  30.019826     4.2915     4.3643    -0.0076    91.6568 1.0000e-12  -64.92686  -64.68526 345.621989      99.97 7.5099e+02    894.869      21478  1029.3123  1029.3113    34.6366    34.6352    7.76859         30 0.0000e+00
    336.000    332.439     1.2876  30.023130     1.2871  30.021586     4.2940     4.3589    -0.0074    91.6751 1.0000e-12  -64.92686  -64.68528 345.622003      99.97 7.5308e+02    896.099      21507  1029.3173  1029.3162    34.6370    34.6356    7.76839         29 0.0000e+00
    337.000    333.426     1.2873  30.023425     1.2867  30.021757     4.3064     4.3577    -0.0079    91.6689 1.0000e-12  -64.92686  -64.68528 345.622027      99.97 7.5401e+02    898.161      21557  1029.3222  1029.3211    34.6371    34.6357    7.76844         35 0.0000e+00
    338.000    334.415     1.2877  30.024081     1.2874  30.022715     4.2986     4.3516    -0.0077    91.6691 1.0000e-12  -64.92686  -64.68528 345.622070      99.97 7.5423e+02    901.858      21646  1029.3267  1029.3257    34.6369    34.6355    7.76837         36 0.0000e+00
    339.000    335.405     1.2941  30.031365     1.2934  30.029701     4.2959     4.3473    -0.0077    91.6798 1.0000e-12  -64.92687  -64.68528 345.622083      99.97 7.5452e+02    902.974      21672  1029.3322  1029.3311    34.6386    34.6372    7.76703         24 0.0000e+00
    340.000    336.392     1.2961  30.034253     1.2955  30.032647     4.2897     4.3449    -0.0077    91.6798 1.0000e-12  -64.92688  -64.68528 345.622093      99.97 7.5451e+02    903.837      21693  1029.3374  1029.3362    34.6395    34.6380    7.76658         19 0.0000e+00
    341.000    337.380     1.2967  30.035447     1.2962  30.033916     4.2885     4.3445    -0.0070    91.6796 1.0000e-12  -64.92688  -64.68528 345.622103      99.97 7.5443e+02    904.671      21713  1029.3423  1029.3412    34.6398    34.6384    7.76644         21 0.0000e+00
    342.000    338.369     1.2972  30.036425     1.2968  30.034940     4.2900     4.3454    -0.0077    91.6912 1.0000e-12  -64.92688  -64.68528 345.622113      99.97 7.5283e+02    905.598      21735  1029.3471  1029.3459    34.6399    34.6384    7.76634         24 0.0000e+00
    343.000    339.358     1.2980  30.037644     1.2975  30.036174     4.2933     4.3462    -0.0079    91.7014 1.0000e-12  -64.92688  -64.68528 345.622126      99.97 7.5275e+02    906.708      21762  1029.3518  1029.3507    34.6400    34.6386    7.76618         30 0.0000e+00
    344.000    340.346     1.2983  30.038389     1.2978  30.036978     4.2902     4.3443    -0.0085    91.6784 1.0000e-12  -64.92688  -64.68529 345.622143      99.97 7.5372e+02    908.148      21797  1029.3566  1029.3555    34.6401    34.6387    7.76612         38 0.0000e+00
    345.000    341.335     1.2993  30.040050     1.2990  30.038761     4.2862     4.3461    -0.0033    91.6893 1.0000e-12  -64.92688  -64.68531 345.622167      99.97 7.5597e+02    910.243      21847  1029.3615  1029.3605    34.6405    34.6392    7.76589         43 0.0000e+00
    346.000    342.322     1.3001  30.041446     1.2997  30.040066     4.2856     4.3438    -0.0074    91.6710 1.0000e-12  -64.92688  -64.68534 345.622193      99.97 7.5455e+02    912.450      21900  1029.3664  1029.3653    34.6408    34.6394    7.76572         36 0.0000e+00
    347.000    343.313     1.3011  30.043028     1.3018  30.042687     4.2873     4.3435    -0.0075    91.6797 1.0000e-12  -64.92688  -64.68532 345.622215      99.97 7.5451e+02    914.352      21945  1029.3713  1029.3702    34.6411    34.6399    7.76550         39 0.0000e+00
    348.000    344.300     1.3015  30.043701     1.3006  30.041961     4.2767     4.3412    -0.0021    91.7108 1.0000e-12  -64.92688  -64.68532 345.622237      99.97 7.5451e+02    916.248      21991  1029.3758  1029.3749    34.6409    34.6397    7.76542         35 0.0000e+00
    349.000    345.289     1.3023  30.045026     1.3019  30.043473     4.2772     4.3395    -0.0074    91.6922 1.0000e-12  -64.92688  -64.68530 345.622252      99.97 7.5533e+02    917.610      22024  1029.3806  1029.3795    34.6411    34.6396    7.76525         26 0.0000e+00
    350.000    346.278     1.3041  30.047038     1.3037  30.045777     4.2758     4.3345    -0.0153    91.6766 1.0000e-12  -64.92688  -64.68531 345.622264      99.97 7.5614e+02    918.618      22048  1029.3851  1029.3843    34.6412    34.6401    7.76490         21 0.0000e+00
