NBP2113_155081_ctd/data/dnbp2113_039.cnv
* Sea-Bird SBE 9 Data File:
* FileName = D:\Data\raw\NBP2113_039.hex
* Software Version Seasave V 7.26.7.121
* Temperature SN = 2438
* Conductivity SN = 2067
* Number of Bytes Per Scan = 40
* Number of Voltage Words = 5
* Number of Scans Averaged by the Deck Unit = 1
* NMEA Latitude = 64 52.75 S
* NMEA Longitude = 063 56.20 W
* NMEA UTC (Time) = Dec 10 2021  11:48:20
* NMEA baud rate = 9600
** Ship: RVIB N.B. Palmer
** Cruise: NBP2113 LTER
** Station: 619.027
** Operator: B. Urmston
# nquan = 25
# nvalues = 265                         
# units = specified
# name 0 = prDM: Pressure, Digiquartz [db]
# name 1 = depSM: Depth [salt water, m]
# name 2 = t090C: Temperature [ITS-90, deg C]
# name 3 = c0mS/cm: Conductivity [mS/cm]
# name 4 = t190C: Temperature, 2 [ITS-90, deg C]
# name 5 = c1mS/cm: Conductivity, 2 [mS/cm]
# name 6 = sbeox0ML/L: Oxygen, SBE 43 [ml/l]
# name 7 = sbeox1ML/L: Oxygen, SBE 43, 2 [ml/l]
# name 8 = flECO-AFL: Fluorescence, WET Labs ECO-AFL/FL [mg/m^3]
# name 9 = CStarTr0: Beam Transmission, WET Labs C-Star [%]
# name 10 = par: PAR/Irradiance, Biospherical/Licor
# name 11 = latitude: Latitude [deg]
# name 12 = longitude: Longitude [deg]
# name 13 = timeJ: Julian Days
# name 14 = altM: Altimeter [m]
# name 15 = spar: SPAR, Biospherical/Licor
# name 16 = timeS: Time, Elapsed [seconds]
# name 17 = scan: Scan Count
# name 18 = density00: Density [density, kg/m^3]
# name 19 = density11: Density, 2 [density, kg/m^3]
# name 20 = sal00: Salinity, Practical [PSU]
# name 21 = sal11: Salinity, Practical, 2 [PSU]
# name 22 = oxsolML/L: Oxygen Saturation, Garcia & Gordon [ml/l]
# name 23 = nbin: number of scans per bin
# name 24 = flag: flag
# span 0 =      6.000,    270.000       
# span 1 =      5.940,    267.165       
# span 2 =    -0.3465,     1.2209       
# span 3 =  27.883225,  29.922690       
# span 4 =    -0.3459,     1.2252       
# span 5 =  27.881657,  29.926205       
# span 6 =     4.3942,     7.9137       
# span 7 =     4.4689,     7.9864       
# span 8 =    -0.0063,     1.6014       
# span 9 =    89.2247,    94.9670       
# span 10 = -1.202e-05, 1.0683e+02      
# span 11 =  -64.87890,  -64.87876      
# span 12 =  -63.93682,  -63.93677      
# span 13 = 344.494863, 344.501909      
# span 14 =       8.02,      99.98      
# span 15 = 3.1620e+02, 3.7061e+02      
# span 16 =    256.167,    864.913      
# span 17 =       6149,      20759      
# span 18 =  1027.2198,  1028.9998      
# span 19 =  1027.2177,  1028.9986      
# span 20 =    33.8452,    34.6208      
# span 21 =    33.8426,    34.6203      
# span 22 =    7.78250,    8.14895      
# span 23 =          9,         48      
# span 24 = 0.0000e+00, 0.0000e+00      
# interval = decibars: 1                
# start_time = Dec 10 2021 11:48:20 [NMEA time, header]
# bad_flag = -9.990e-29
*END*
[from data line 58]
     64.000     63.364    -0.0386  28.352049    -0.0374  28.351383     7.3492     7.4591     0.3867    93.2306 8.7140e-01  -64.87876  -63.93679 344.496967      99.97 3.6844e+02    437.909      10511  1027.6837  1027.6818    34.0953    34.0930    8.06922         30 0.0000e+00
     65.000     64.359    -0.0397  28.352587    -0.0392  28.351040     7.3505     7.4550     0.3967    93.2502 8.2586e-01  -64.87876  -63.93680 344.496992      99.97 3.6928e+02    440.105      10564  1027.6894  1027.6873    34.0966    34.0939    8.06937         24 0.0000e+00
     66.000     65.342    -0.0380  28.354714    -0.0410  28.351692     7.2520     7.3798     0.4535    93.2621 7.3920e-01  -64.87876  -63.93679 344.497063      99.97 3.6794e+02    446.287      10712  1027.6942  1027.6939    34.0970    34.0962    8.06900         36 0.0000e+00
     67.000     66.332    -0.0698  28.338401    -0.0697  28.336943     7.2135     7.3529     0.3384    93.3360 7.1731e-01  -64.87876  -63.93678 344.497081      99.97 3.6709e+02    447.825      10749  1027.7120  1027.7102    34.1102    34.1081    8.07496         29 0.0000e+00
     68.000     67.324    -0.0721  28.336457    -0.0712  28.335522     7.2448     7.3576     0.3095    93.4346 6.8914e-01  -64.87876  -63.93679 344.497094      99.97 3.6841e+02    448.955      10776  1027.7163  1027.7143    34.1096    34.1072    8.07548         28 0.0000e+00
     69.000     68.311    -0.0712  28.337330    -0.0707  28.336139     7.2685     7.3564     0.3593    93.5299 6.5120e-01  -64.87876  -63.93680 344.497121      99.97 3.6863e+02    451.259      10831  1027.7204  1027.7186    34.1090    34.1069    8.07531         29 0.0000e+00
     70.000     69.305    -0.0718  28.337663    -0.0712  28.336373     7.2434     7.3389     0.4041    93.5557 5.8328e-01  -64.87876  -63.93680 344.497181      99.97 3.6844e+02    456.472      10956  1027.7252  1027.7233    34.1096    34.1072    8.07541         43 0.0000e+00
     71.000     70.293    -0.0749  28.336117    -0.0743  28.334895     7.2609     7.3436     0.3416    93.5359 5.5839e-01  -64.87877  -63.93680 344.497212      99.97 3.6844e+02    459.075      11019  1027.7309  1027.7290    34.1104    34.1082    8.07602         40 0.0000e+00
     72.000     71.282    -0.0759  28.335963    -0.0755  28.334719     7.2436     7.3338     0.3045    93.6273 5.4509e-01  -64.87878  -63.93678 344.497233      99.97 3.6844e+02    460.893      11062  1027.7358  1027.7341    34.1107    34.1087    8.07622         37 0.0000e+00
     73.000     72.272    -0.0778  28.335171    -0.0771  28.334166     7.2516     7.3261     0.3210    93.6920 5.2412e-01  -64.87878  -63.93678 344.497250      99.97 3.6844e+02    462.389      11098  1027.7410  1027.7393    34.1111    34.1090    8.07659         34 0.0000e+00
     74.000     73.262    -0.0817  28.333109    -0.0818  28.331545     7.2480     7.3306     0.3577    93.7427 4.9134e-01  -64.87878  -63.93680 344.497274      99.97 3.6844e+02    464.437      11147  1027.7469  1027.7453    34.1122    34.1102    8.07736         40 0.0000e+00
     75.000     74.251    -0.0836  28.332418    -0.0832  28.330985     7.2084     7.3082     0.3106    93.7458 4.3903e-01  -64.87878  -63.93680 344.497342      99.97 3.6844e+02    470.353      11289  1027.7522  1027.7503    34.1128    34.1104    8.07773         34 0.0000e+00
     76.000     75.241    -0.0941  28.325964    -0.0937  28.324716     7.1645     7.2749     0.3122    93.7645 4.2279e-01  -64.87878  -63.93678 344.497364      99.97 3.6765e+02    472.262      11335  1027.7597  1027.7580    34.1153    34.1132    8.07980         35 0.0000e+00
     77.000     76.231    -0.1058  28.318654    -0.1049  28.317633     7.0978     7.2316     0.2953    93.7324 4.1116e-01  -64.87878  -63.93678 344.497382      99.97 3.6668e+02    473.767      11371  1027.7676  1027.7656    34.1181    34.1158    8.08212         34 0.0000e+00
     78.000     77.222    -0.1256  28.308159    -0.1244  28.307424     7.0797     7.2125     0.2775    93.7932 3.9509e-01  -64.87878  -63.93680 344.497398      99.97 3.6736e+02    475.173      11405  1027.7799  1027.7779    34.1257    34.1234    8.08588         36 0.0000e+00
     79.000     78.211    -0.1217  28.312425    -0.1242  28.309825     6.9589     7.1211     0.3037    93.8451 3.5603e-01  -64.87878  -63.93679 344.497457      99.97 3.6725e+02    480.248      11527  1027.7844  1027.7842    34.1263    34.1257    8.08501         37 0.0000e+00
     80.000     79.201    -0.1261  28.318840    -0.1263  28.316958     6.7922     6.9865     0.2242    93.8818 3.3409e-01  -64.87878  -63.93678 344.497493      99.97 3.6667e+02    483.427      11603  1027.7997  1027.7979    34.1392    34.1370    8.08521         31 0.0000e+00
     81.000     80.191    -0.1162  28.333256    -0.1159  28.331946     6.7581     6.9504     0.2159    94.0090 3.2367e-01  -64.87878  -63.93679 344.497508      99.97 3.6685e+02    484.657      11633  1027.8098  1027.8080    34.1467    34.1446    8.08270         31 0.0000e+00
     82.000     81.180    -0.1096  28.341568    -0.1090  28.340529     6.7967     6.9585     0.2234    94.0554 3.1144e-01  -64.87878  -63.93680 344.497525      99.97 3.6844e+02    486.120      11668  1027.8164  1027.8147    34.1497    34.1477    8.08112         35 0.0000e+00
     83.000     82.170    -0.1110  28.339576    -0.1087  28.340831     6.8184     6.9378     0.2482    94.0932 2.8035e-01  -64.87878  -63.93679 344.497581      99.97 3.6706e+02    490.961      11784  1027.8200  1027.8190    34.1481    34.1471    8.08152         36 0.0000e+00
     84.000     83.161    -0.1025  28.350147    -0.1020  28.349063     6.7939     6.9140     0.2228    94.0346 2.6392e-01  -64.87878  -63.93678 344.497609      99.97 3.6668e+02    493.375      11842  1027.8273  1027.8256    34.1520    34.1500    8.07950         39 0.0000e+00
     85.000     84.149    -0.1021  28.352086    -0.1019  28.350612     6.8126     6.9045     0.2574    94.0863 2.5482e-01  -64.87879  -63.93679 344.497630      99.97 3.6668e+02    495.190      11886  1027.8332  1027.8315    34.1535    34.1514    8.07932         35 0.0000e+00
     86.000     85.139    -0.1023  28.353070    -0.1018  28.351829     6.8208     6.8977     0.2734    94.0708 2.4356e-01  -64.87880  -63.93680 344.497658      99.98 3.6700e+02    497.687      11945  1027.8388  1027.8370    34.1544    34.1523    8.07931         27 0.0000e+00
     87.000     86.131    -0.0986  28.358062    -0.0984  28.356579     6.8049     6.8899     0.2602    94.0453 2.2237e-01  -64.87880  -63.93680 344.497704      99.97 3.6669e+02    501.625      12040  1027.8449  1027.8431    34.1563    34.1541    8.07842         33 0.0000e+00
     88.000     87.119    -0.0995  28.358397    -0.0987  28.357540     6.8031     6.8859     0.2386    94.0617 2.0925e-01  -64.87880  -63.93679 344.497729      99.97 3.6668e+02    503.760      12091  1027.8505  1027.8487    34.1572    34.1551    8.07857         41 0.0000e+00
     89.000     88.110    -0.1002  28.358616    -0.0992  28.357805     6.7821     6.8784     0.2051    94.1046 1.9986e-01  -64.87880  -63.93680 344.497748      99.97 3.6668e+02    505.407      12131  1027.8556  1027.8539    34.1576    34.1555    8.07869         40 0.0000e+00
     90.000     89.101    -0.0994  28.360717    -0.0988  28.359337     6.7728     6.8677     0.2262    94.1211 1.8767e-01  -64.87880  -63.93680 344.497783      99.97 3.6668e+02    508.443      12204  1027.8615  1027.8594    34.1590    34.1565    8.07845         31 0.0000e+00
     91.000     90.089    -0.1015  28.360167    -0.1023  28.358133     6.7038     6.8256     0.2374    94.1304 1.7204e-01  -64.87880  -63.93680 344.497833      99.97 3.6585e+02    512.788      12308  1027.8673  1027.8658    34.1600    34.1581    8.07884         35 0.0000e+00
     92.000     91.078    -0.1062  28.358856    -0.1058  28.357137     6.7020     6.8107     0.2205    94.0854 1.6314e-01  -64.87880  -63.93680 344.497852      99.97 3.6670e+02    514.373      12346  1027.8747  1027.8725    34.1629    34.1602    8.07967         35 0.0000e+00
     93.000     92.069    -0.1040  28.362237    -0.1048  28.359453     6.6546     6.7731     0.2418    94.0753 1.5493e-01  -64.87880  -63.93680 344.497870      99.97 3.6668e+02    515.943      12384  1027.8804  1027.8782    34.1643    34.1615    8.07912         37 0.0000e+00
     94.000     93.057    -0.0974  28.372774    -0.0957  28.373058     6.6210     6.7342     0.2449    94.1297 1.4389e-01  -64.87880  -63.93680 344.497904      99.97 3.6668e+02    518.945      12456  1027.8895  1027.8882    34.1703    34.1688    8.07739         34 0.0000e+00
     95.000     94.049    -0.0733  28.407202    -0.0717  28.407873     6.4074     6.5778     0.2290    94.2239 1.3224e-01  -64.87880  -63.93680 344.497951      99.97 3.6637e+02    522.950      12552  1027.9070  1027.9062    34.1884    34.1876    8.07126         40 0.0000e+00
     96.000     95.037    -0.0184  28.472499    -0.0190  28.469946     6.3062     6.5018     0.1898    94.2153 1.2421e-01  -64.87880  -63.93680 344.497971      99.97 3.6590e+02    524.665      12593  1027.9275  1027.9254    34.2130    34.2104    8.05829         39 0.0000e+00
     97.000     96.028     0.0309  28.530368     0.0299  28.527544     6.2799     6.4621     0.1725    94.2243 1.1735e-01  -64.87880  -63.93680 344.497990      99.97 3.6667e+02    526.362      12634  1027.9456  1027.9435    34.2340    34.2313    8.04675         40 0.0000e+00
     98.000     97.016     0.0470  28.549636     0.0493  28.549887     6.3677     6.4712     0.1821    94.3165 1.0856e-01  -64.87880  -63.93680 344.498026      99.97 3.6668e+02    529.476      12708  1027.9554  1027.9536    34.2409    34.2386    8.04299         33 0.0000e+00
     99.000     98.006     0.0533  28.555884     0.0556  28.557175     6.3567     6.4511     0.1654    94.4044 9.9936e-02  -64.87880  -63.93680 344.498076      99.97 3.6593e+02    533.783      12812  1027.9613  1027.9604    34.2415    34.2406    8.04162         35 0.0000e+00
    100.000     98.998     0.0586  28.562303     0.0588  28.560634     6.3523     6.4478     0.1386    94.3879 9.4177e-02  -64.87880  -63.93680 344.498093      99.97 3.6491e+02    535.208      12846  1027.9675  1027.9655    34.2435    34.2410    8.04040         31 0.0000e+00
    101.000     99.986     0.0790  28.581481     0.0839  28.584304     6.3473     6.4429     0.1909    94.3793 8.8195e-02  -64.87880  -63.93680 344.498112      99.97 3.6501e+02    536.919      12887  1027.9725  1027.9706    34.2454    34.2437    8.03602         45 0.0000e+00
    102.000    100.976     0.0882  28.590364     0.0899  28.590555     6.3689     6.4456     0.1745    94.3871 8.0497e-02  -64.87880  -63.93681 344.498154      99.97 3.6658e+02    540.472      12972  1027.9778  1027.9764    34.2463    34.2447    8.03405         28 0.0000e+00
    103.000    101.966     0.0933  28.595753     0.0933  28.594097     6.3629     6.4444     0.1717    94.3388 7.3592e-02  -64.87880  -63.93680 344.498188      99.97 3.6530e+02    543.423      13043  1027.9832  1027.9815    34.2471    34.2450    8.03292         41 0.0000e+00
    104.000    102.955     0.0974  28.600012     0.0957  28.596581     6.3515     6.4317     0.1597    94.2546 6.8725e-02  -64.87880  -63.93680 344.498212      99.97 3.6491e+02    545.490      13093  1027.9882  1027.9862    34.2476    34.2449    8.03204         41 0.0000e+00
    105.000    103.944     0.1050  28.609217     0.1047  28.606979     6.3392     6.4239     0.1620    94.1643 6.4463e-02  -64.87880  -63.93680 344.498231      99.97 3.6492e+02    547.132      13132  1027.9949  1027.9929    34.2506    34.2480    8.03027         35 0.0000e+00
    106.000    104.937     0.1119  28.616497     0.1158  28.619241     6.3208     6.3991     0.1626    94.2881 5.7696e-02  -64.87880  -63.93680 344.498269      99.97 3.6492e+02    550.471      13212  1028.0005  1027.9997    34.2519    34.2512    8.02876         20 0.0000e+00
    107.000    105.924     0.1286  28.636193     0.1295  28.635287     6.2763     6.3775     0.1764    94.3141 5.1454e-02  -64.87880  -63.93680 344.498303      99.97 3.6492e+02    553.388      13282  1028.0095  1028.0077    34.2587    34.2564    8.02489         35 0.0000e+00
    108.000    106.915     0.1345  28.642851     0.1344  28.641620     6.2731     6.3691     0.1511    94.2571 4.6487e-02  -64.87880  -63.93680 344.498317      99.97 3.6492e+02    554.605      13312  1028.0153  1028.0141    34.2602    34.2588    8.02356         27 0.0000e+00
    109.000    107.904     0.1354  28.645379     0.1352  28.643711     6.2624     6.3593     0.1462    94.3153 4.2431e-02  -64.87880  -63.93680 344.498330      99.97 3.6492e+02    555.702      13338  1028.0215  1028.0200    34.2620    34.2600    8.02328         26 0.0000e+00
    110.000    108.894     0.1343  28.645915     0.1326  28.642752     6.2366     6.3410     0.1500    94.2778 3.8728e-02  -64.87880  -63.93680 344.498343      99.97 3.6492e+02    556.838      13365  1028.0275  1028.0258    34.2634    34.2610    8.02344         28 0.0000e+00
    111.000    109.883     0.1431  28.655222     0.1431  28.653705     6.2183     6.3252     0.1545    94.3048 3.5106e-02  -64.87880  -63.93680 344.498357      99.97 3.6492e+02    558.038      13394  1028.0331  1028.0315    34.2652    34.2632    8.02149         29 0.0000e+00
    112.000    110.872     0.1706  28.684697     0.1719  28.684260     6.2137     6.3098     0.1953    94.2750 3.1535e-02  -64.87880  -63.93680 344.498372      99.97 3.6492e+02    559.360      13426  1028.0418  1028.0401    34.2728    34.2708    8.01533         33 0.0000e+00
    113.000    111.863     0.1746  28.690996     0.1755  28.690325     6.1836     6.2879     0.1906    94.2806 2.7100e-02  -64.87880  -63.93680 344.498391      99.97 3.6492e+02    560.976      13464  1028.0491  1028.0476    34.2760    34.2741    8.01431         38 0.0000e+00
    114.000    112.853     0.1844  28.702653     0.1841  28.700455     6.1409     6.2573     0.1839    94.2872 2.2670e-02  -64.87880  -63.93682 344.498411      99.97 3.6492e+02    562.750      13507  1028.0564  1028.0544    34.2798    34.2772    8.01205         39 0.0000e+00
    115.000    113.842     0.1927  28.714578     0.1928  28.712980     6.1244     6.2298     0.1594    94.2815 1.8575e-02  -64.87880  -63.93680 344.498429      99.97 3.6492e+02    564.230      13543  1028.0654  1028.0636    34.2857    34.2835    8.01000         30 0.0000e+00
    116.000    114.831     0.1957  28.719499     0.1957  28.718076     6.1159     6.2121     0.1173    94.2926 1.5071e-02  -64.87880  -63.93680 344.498441      99.97 3.6492e+02    565.294      13568  1028.0721  1028.0706    34.2882    34.2864    8.00923         23 0.0000e+00
    117.000    115.821     0.1987  28.723425     0.1987  28.722103     6.1065     6.2038     0.1252    94.2816 1.1289e-02  -64.87880  -63.93680 344.498451      99.97 3.6492e+02    566.209      13590  1028.0777  1028.0764    34.2894    34.2877    8.00854         21 0.0000e+00
    118.000    116.811     0.2013  28.727303     0.2015  28.726271     6.1089     6.2096     0.1251    94.3696 8.1728e-03  -64.87880  -63.93680 344.498462      99.97 3.6349e+02    567.096      13611  1028.0836  1028.0823    34.2910    34.2894    8.00790         22 0.0000e+00
    119.000    117.800     0.2072  28.734131     0.2075  28.733112     6.1216     6.2106     0.1349    94.3383 5.6747e-03  -64.87880  -63.93680 344.498473      99.97 3.6362e+02    568.082      13635  1028.0895  1028.0881    34.2928    34.2912    8.00657         26 0.0000e+00
    120.000    118.791     0.2104  28.737740     0.2112  28.736982     6.1368     6.2088     0.1635    94.3779 3.1341e-03  -64.87880  -63.93680 344.498487      99.97 3.6489e+02    569.267      13663  1028.0945  1028.0930    34.2934    34.2915    8.00587         31 0.0000e+00
