NBP2113_155081_ctd/data/dnbp2113_058.cnv
* Sea-Bird SBE 9 Data File:
* FileName = D:\Data\raw\NBP2113_058.hex
* Software Version Seasave V 7.26.7.121
* Temperature SN = 2438
* Conductivity SN = 2067
* Number of Bytes Per Scan = 40
* Number of Voltage Words = 5
* Number of Scans Averaged by the Deck Unit = 1
* NMEA Latitude = 64 56.50 S
* NMEA Longitude = 064 28.63 W
* NMEA UTC (Time) = Dec 12 2021  02:31:22
* NMEA baud rate = 9600
** Ship: RVIB N.B. Palmer
** Cruise: NBP2113 LTER
** Station: 597.042
** Operator: S. Blackman
# nquan = 25
# nvalues = 1145                        
# units = specified
# name 0 = prDM: Pressure, Digiquartz [db]
# name 1 = depSM: Depth [salt water, m]
# name 2 = t090C: Temperature [ITS-90, deg C]
# name 3 = c0mS/cm: Conductivity [mS/cm]
# name 4 = t190C: Temperature, 2 [ITS-90, deg C]
# name 5 = c1mS/cm: Conductivity, 2 [mS/cm]
# name 6 = sbeox0ML/L: Oxygen, SBE 43 [ml/l]
# name 7 = sbeox1ML/L: Oxygen, SBE 43, 2 [ml/l]
# name 8 = flECO-AFL: Fluorescence, WET Labs ECO-AFL/FL [mg/m^3]
# name 9 = CStarTr0: Beam Transmission, WET Labs C-Star [%]
# name 10 = par: PAR/Irradiance, Biospherical/Licor
# name 11 = latitude: Latitude [deg]
# name 12 = longitude: Longitude [deg]
# name 13 = timeJ: Julian Days
# name 14 = altM: Altimeter [m]
# name 15 = spar: SPAR, Biospherical/Licor
# name 16 = timeS: Time, Elapsed [seconds]
# name 17 = scan: Scan Count
# name 18 = density00: Density [density, kg/m^3]
# name 19 = density11: Density, 2 [density, kg/m^3]
# name 20 = sal00: Salinity, Practical [PSU]
# name 21 = sal11: Salinity, Practical, 2 [PSU]
# name 22 = oxsolML/L: Oxygen Saturation, Garcia & Gordon [ml/l]
# name 23 = nbin: number of scans per bin
# name 24 = flag: flag
# span 0 =      4.000,   1148.000       
# span 1 =      4.042,   1133.622       
# span 2 =    -0.6686,     1.4839       
# span 3 =  27.438820,  30.582023       
# span 4 =    -0.6680,     1.4838       
# span 5 =  27.436811,  30.580881       
# span 6 =     4.0495,     8.1665       
# span 7 =     4.1004,     8.2237       
# span 8 =    -0.0224,     2.4104       
# span 9 =    80.2960,    91.2131       
# span 10 = 1.0000e-12, 2.2112e+00      
# span 11 =  -64.94184,  -64.94172      
# span 12 =  -64.47740,  -64.47626      
# span 13 = 346.108846, 346.128541      
# span 14 =       8.10,     104.56      
# span 15 = 0.0000e+00, 1.7629e+00      
# span 16 =    322.326,   2023.931      
# span 17 =       7737,      48575      
# span 18 =  1027.0114,  1033.1090      
# span 19 =  1027.0096,  1033.1080      
# span 20 =    33.5826,    34.6773      
# span 21 =    33.5809,    34.6759      
# span 22 =    7.72758,    8.22904      
# span 23 =          1,         67      
# span 24 = 0.0000e+00, 0.0000e+00      
# interval = decibars: 1                
# start_time = Dec 12 2021 02:31:22 [NMEA time, header]
# bad_flag = -9.990e-29
*END*
[from data line 348]
    352.000    348.255     1.2912  30.034823     1.2906  30.033521     4.2844     4.3283    -0.0115    91.1813 1.0000e-12  -64.94174  -64.47716 346.116482      99.97 0.0000e+00    982.090      23571  1029.3937  1029.3930    34.6387    34.6377    7.76759         19 0.0000e+00
    353.000    349.242     1.2920  30.036039     1.2912  30.034543     4.2847     4.3263    -0.0004    91.1664 1.0000e-12  -64.94174  -64.47716 346.116491      99.97 0.0000e+00    982.834      23589  1029.3983  1029.3975    34.6388    34.6377    7.76742         17 0.0000e+00
    354.000    350.231     1.2928  30.037381     1.2922  30.036050     4.2787     4.3310     0.0001    91.1549 1.0000e-12  -64.94174  -64.47716 346.116499      99.97 0.0000e+00    983.498      23605  1029.4032  1029.4024    34.6390    34.6380    7.76725         15 0.0000e+00
    355.000    351.220     1.2924  30.037472     1.2919  30.036308     4.2760     4.3287    -0.0004    91.1482 1.0000e-12  -64.94174  -64.47716 346.116506      99.97 0.0000e+00    984.108      23620  1029.4079  1029.4072    34.6390    34.6381    7.76733         15 0.0000e+00
    356.000    352.209     1.2923  30.037964     1.2915  30.036249     4.2756     4.3296    -0.0070    91.1529 1.0000e-12  -64.94174  -64.47716 346.116513      99.97 0.0000e+00    984.729      23635  1029.4127  1029.4118    34.6391    34.6378    7.76734         15 0.0000e+00
    357.000    353.198     1.2931  30.039242     1.2926  30.037856     4.2792     4.3323    -0.0071    91.1383 1.0000e-12  -64.94174  -64.47717 346.116524      99.97 0.0000e+00    985.662      23657  1029.4174  1029.4165    34.6393    34.6381    7.76717         26 0.0000e+00
    358.000    354.184     1.2925  30.038796     1.2918  30.037416     4.2686     4.3222    -0.0002    91.1190 1.0000e-12  -64.94174  -64.47718 346.116581      99.97 0.0000e+00    990.607      23776  1029.4219  1029.4211    34.6389    34.6378    7.76732         20 0.0000e+00
    359.000    355.174     1.2943  30.041087     1.2936  30.039614     4.2699     4.3263    -0.0107    91.1327 1.0000e-12  -64.94174  -64.47716 346.116588      99.96 0.0000e+00    991.173      23789  1029.4267  1029.4259    34.6392    34.6381    7.76694         15 0.0000e+00
    360.000    356.162     1.2954  30.042761     1.2946  30.041257     4.2793     4.3263    -0.0145    91.1359 1.0000e-12  -64.94174  -64.47716 346.116595      99.97 0.0000e+00    991.785      23804  1029.4316  1029.4308    34.6396    34.6385    7.76671         15 0.0000e+00
    361.000    357.149     1.2959  30.043770     1.2952  30.042443     4.2810     4.3253    -0.0082    91.1212 1.0000e-12  -64.94174  -64.47716 346.116602      59.27 0.0000e+00    992.394      23818  1029.4363  1029.4356    34.6397    34.6388    7.76660         14 0.0000e+00
    362.000    358.142     1.2960  30.044517     1.2955  30.043083     4.2764     4.3250    -0.0077    91.1104 1.0000e-12  -64.94174  -64.47716 346.116609      67.48 0.0000e+00    993.015      23833  1029.4412  1029.4402    34.6400    34.6387    7.76656         16 0.0000e+00
    363.000    359.128     1.2962  30.045037     1.2956  30.043680     4.2762     4.3252    -0.0085    91.1050 1.0000e-12  -64.94174  -64.47716 346.116618      18.24 0.0000e+00    993.828      23853  1029.4458  1029.4450    34.6399    34.6387    7.76654         25 0.0000e+00
    364.000    360.116     1.2965  30.045899     1.2961  30.044506     4.2729     4.3283    -0.0184    91.1428 1.0000e-12  -64.94174  -64.47716 346.116636      96.71 0.0000e+00    995.382      23890  1029.4506  1029.4496    34.6400    34.6387    7.76647         42 0.0000e+00
    365.000    361.104     1.2965  30.046315     1.2961  30.044960     4.2753     4.3264    -0.0080    91.1485 1.0000e-12  -64.94174  -64.47716 346.116660      99.94 0.0000e+00    997.397      23939  1029.4553  1029.4543    34.6400    34.6387    7.76647         40 0.0000e+00
    366.000    362.092     1.2969  30.047065     1.2964  30.045730     4.2705     4.3236    -0.0017    91.1612 1.0000e-12  -64.94174  -64.47716 346.116682      99.97 0.0000e+00    999.299      23984  1029.4600  1029.4591    34.6400    34.6388    7.76640         40 0.0000e+00
    367.000    363.083     1.2994  30.049955     1.2988  30.048504     4.2692     4.3179    -0.0066    91.1634 1.0000e-12  -64.94174  -64.47716 346.116699      99.97 0.0000e+00   1000.836      24021  1029.4646  1029.4638    34.6403    34.6391    7.76588         30 0.0000e+00
    368.000    364.069     1.3043  30.055332     1.3035  30.053822     4.2641     4.3151    -0.0150    91.1634 1.0000e-12  -64.94174  -64.47716 346.116712      99.97 0.0000e+00   1001.919      24047  1029.4696  1029.4688    34.6412    34.6401    7.76486         23 0.0000e+00
    369.000    365.059     1.3056  30.057403     1.3048  30.055947     4.2594     4.3141    -0.0083    91.1634 1.0000e-12  -64.94174  -64.47716 346.116723      99.97 0.0000e+00   1002.838      24069  1029.4746  1029.4739    34.6418    34.6408    7.76457         23 0.0000e+00
    370.000    366.047     1.3063  30.058524     1.3055  30.057075     4.2596     4.3174     0.0074    91.1491 1.0000e-12  -64.94174  -64.47717 346.116735      99.97 0.0000e+00   1003.872      24094  1029.4794  1029.4786    34.6419    34.6409    7.76444         26 0.0000e+00
    371.000    367.035     1.3060  30.058817     1.3055  30.057455     4.2659     4.3124    -0.0050    91.1466 1.0000e-12  -64.94174  -64.47717 346.116748      99.97 0.0000e+00   1004.987      24121  1029.4842  1029.4833    34.6420    34.6408    7.76448         26 0.0000e+00
    372.000    368.024     1.3059  30.059097     1.3054  30.057773     4.2733     4.3113    -0.0196    91.1561 1.0000e-12  -64.94174  -64.47716 346.116760      99.97 0.0000e+00   1006.040      24146  1029.4888  1029.4880    34.6419    34.6408    7.76450         24 0.0000e+00
    373.000    369.012     1.3060  30.059614     1.3053  30.058212     4.2707     4.3175    -0.0001    91.1645 1.0000e-12  -64.94174  -64.47716 346.116771      99.97 0.0000e+00   1006.998      24169  1029.4935  1029.4928    34.6419    34.6408    7.76449         23 0.0000e+00
    374.000    370.002     1.3059  30.060081     1.3054  30.058813     4.2701     4.3196    -0.0137    91.1453 1.0000e-12  -64.94174  -64.47716 346.116782      99.97 0.0000e+00   1008.002      24193  1029.4983  1029.4975    34.6420    34.6409    7.76450         28 0.0000e+00
    375.000    370.986     1.3058  30.060383     1.3054  30.059023     4.2695     4.3154    -0.0093    91.1529 1.0000e-12  -64.94174  -64.47716 346.116812      99.97 0.0000e+00   1010.551      24254  1029.5031  1029.5020    34.6419    34.6406    7.76453         32 0.0000e+00
    376.000    371.978     1.3064  30.061308     1.3058  30.059924     4.2705     4.3087    -0.0152    91.1649 1.0000e-12  -64.94174  -64.47716 346.116836      99.97 0.0000e+00   1012.666      24305  1029.5076  1029.5068    34.6419    34.6408    7.76441         25 0.0000e+00
    377.000    372.964     1.3066  30.061775     1.3059  30.060523     4.2616     4.3145    -0.0150    91.1663 1.0000e-12  -64.94174  -64.47716 346.116846      99.97 0.0000e+00   1013.505      24325  1029.5122  1029.5116    34.6417    34.6409    7.76439         18 0.0000e+00
    378.000    373.954     1.3069  30.062635     1.3063  30.061447     4.2546     4.3155    -0.0100    91.1633 1.0000e-12  -64.94174  -64.47714 346.116854      99.97 0.0000e+00   1014.190      24342  1029.5170  1029.5164    34.6418    34.6410    7.76431         15 0.0000e+00
    379.000    374.943     1.3072  30.063529     1.3066  30.062104     4.2555     4.3147    -0.0077    91.1442 1.0000e-12  -64.94174  -64.47714 346.116861      99.97 0.0000e+00   1014.802      24356  1029.5218  1029.5210    34.6421    34.6409    7.76424         15 0.0000e+00
    380.000    375.930     1.3076  30.064197     1.3068  30.062793     4.2532     4.3121    -0.0009    91.1377 1.0000e-12  -64.94174  -64.47714 346.116868      99.97 0.0000e+00   1015.433      24371  1029.5263  1029.5257    34.6419    34.6410    7.76417         16 0.0000e+00
    381.000    376.920     1.3122  30.069411     1.3117  30.067915     4.2585     4.3116    -0.0046    91.1121 1.0000e-12  -64.94174  -64.47714 346.116879      99.97 0.0000e+00   1016.312      24392  1029.5313  1029.5303    34.6429    34.6415    7.76321         27 0.0000e+00
    382.000    377.908     1.3125  30.070190     1.3126  30.069597     4.2652     4.3088    -0.0109    91.1549 1.0000e-12  -64.94174  -64.47716 346.116905      99.97 0.0000e+00   1018.619      24448  1029.5362  1029.5354    34.6430    34.6421    7.76314         32 0.0000e+00
    383.000    378.897     1.3153  30.073423     1.3147  30.071966     4.2539     4.3043    -0.0003    91.1375 1.0000e-12  -64.94174  -64.47716 346.116926      99.97 0.0000e+00   1020.393      24490  1029.5409  1029.5400    34.6435    34.6422    7.76257         33 0.0000e+00
    384.000    379.884     1.3161  30.074662     1.3156  30.073335     4.2510     4.3056    -0.0072    91.1624 1.0000e-12  -64.94174  -64.47715 346.116941      99.97 0.0000e+00   1021.681      24521  1029.5457  1029.5447    34.6436    34.6424    7.76241         30 0.0000e+00
    385.000    380.874     1.3175  30.076789     1.3171  30.075346     4.2511     4.3087    -0.0186    91.1659 1.0000e-12  -64.94174  -64.47716 346.116957      99.97 0.0000e+00   1023.118      24556  1029.5507  1029.5496    34.6442    34.6428    7.76209         40 0.0000e+00
    386.000    381.860     1.3190  30.078629     1.3182  30.076824     4.2408     4.2988    -0.0139    91.1568 1.0000e-12  -64.94174  -64.47715 346.116979      99.97 0.0000e+00   1024.954      24600  1029.5554  1029.5543    34.6443    34.6429    7.76179         36 0.0000e+00
    387.000    382.849     1.3212  30.081228     1.3207  30.080032     4.2528     4.2994    -0.0126    91.1883 1.0000e-12  -64.94174  -64.47714 346.116995      99.97 0.0000e+00   1026.337      24633  1029.5601  1029.5593    34.6447    34.6436    7.76134         27 0.0000e+00
    388.000    383.837     1.3211  30.081637     1.3205  30.080103     4.2490     4.2946    -0.0159    91.1619 1.0000e-12  -64.94174  -64.47712 346.117005      99.97 0.0000e+00   1027.259      24655  1029.5649  1029.5640    34.6447    34.6434    7.76136         19 0.0000e+00
    389.000    384.828     1.3215  30.082493     1.3210  30.081152     4.2387     4.2954    -0.0212    91.1476 1.0000e-12  -64.94174  -64.47712 346.117014      99.96 0.0000e+00   1028.025      24674  1029.5695  1029.5688    34.6447    34.6436    7.76127         18 0.0000e+00
    390.000    385.814     1.3231  30.084174     1.3226  30.083000     4.2344     4.2980    -0.0151    91.1662 1.0000e-12  -64.94174  -64.47712 346.117022      99.97 0.0000e+00   1028.742      24691  1029.5740  1029.5732    34.6446    34.6436    7.76097         17 0.0000e+00
    391.000    386.804     1.3280  30.089747     1.3274  30.088432     4.2376     4.2951    -0.0150    91.1761 1.0000e-12  -64.94174  -64.47712 346.117031      99.97 0.0000e+00   1029.461      24708  1029.5790  1029.5783    34.6457    34.6447    7.75994         18 0.0000e+00
    392.000    387.792     1.3299  30.092304     1.3293  30.090958     4.2397     4.2916    -0.0130    91.1640 1.0000e-12  -64.94174  -64.47712 346.117040      99.97 0.0000e+00   1030.252      24727  1029.5840  1029.5832    34.6462    34.6452    7.75953         21 0.0000e+00
    393.000    388.779     1.3284  30.091411     1.3277  30.089635     4.2415     4.2918    -0.0078    91.1641 1.0000e-12  -64.94174  -64.47714 346.117071      99.97 0.0000e+00   1032.916      24791  1029.5889  1029.5878    34.6462    34.6447    7.75983         37 0.0000e+00
    394.000    389.767     1.3288  30.091942     1.3286  30.090958     4.2380     4.2804    -0.0077    91.1634 1.0000e-12  -64.94174  -64.47714 346.117110      99.97 0.0000e+00   1036.279      24872  1029.5934  1029.5926    34.6459    34.6449    7.75977         21 0.0000e+00
    395.000    390.757     1.3316  30.095459     1.3305  30.093607     4.2393     4.2841    -0.0090    91.1634 1.0000e-12  -64.94174  -64.47713 346.117117      99.97 0.0000e+00   1036.929      24887  1029.5984  1029.5976    34.6467    34.6455    7.75918         17 0.0000e+00
    396.000    391.744     1.3323  30.096598     1.3315  30.095136     4.2404     4.2894    -0.0150    91.1616 1.0000e-12  -64.94174  -64.47712 346.117125      99.97 0.0000e+00   1037.567      24903  1029.6032  1029.6025    34.6468    34.6458    7.75903         14 0.0000e+00
    397.000    392.734     1.3328  30.097597     1.3320  30.096080     4.2459     4.2872    -0.0150    91.1597 1.0000e-12  -64.94174  -64.47712 346.117132      96.04 0.0000e+00   1038.159      24917  1029.6079  1029.6071    34.6469    34.6459    7.75892         14 0.0000e+00
    398.000    393.719     1.3330  30.098399     1.3325  30.097013     4.2475     4.2897    -0.0150    91.1115 1.0000e-12  -64.94174  -64.47711 346.117138       8.35 0.0000e+00   1038.734      24931  1029.6127  1029.6118    34.6471    34.6459    7.75887         14 0.0000e+00
    399.000    394.710     1.3330  30.098926     1.3324  30.097414     4.2441     4.2896    -0.0101    91.1246 1.0000e-12  -64.94174  -64.47710 346.117145       9.28 0.0000e+00   1039.344      24945  1029.6176  1029.6166    34.6473    34.6460    7.75887         16 0.0000e+00
    400.000    395.699     1.3329  30.099285     1.3322  30.097714     4.2382     4.2898    -0.0100    91.1358 1.0000e-12  -64.94174  -64.47710 346.117154       9.23 0.0000e+00   1040.145      24964  1029.6223  1029.6213    34.6473    34.6460    7.75889         25 0.0000e+00
    401.000    396.685     1.3326  30.099454     1.3321  30.097876     4.2430     4.2929    -0.0104    91.1643 1.0000e-12  -64.94174  -64.47711 346.117176      66.53 0.0000e+00   1042.019      25009  1029.6270  1029.6258    34.6472    34.6458    7.75894         38 0.0000e+00
    402.000    397.674     1.3306  30.097954     1.3302  30.096611     4.2367     4.2854    -0.0141    91.1802 1.0000e-12  -64.94174  -64.47712 346.117205     100.07 0.0000e+00   1044.472      25068  1029.6317  1029.6307    34.6470    34.6456    7.75936         40 0.0000e+00
    403.000    398.663     1.3322  30.099944     1.3318  30.098501     4.2371     4.2859    -0.0146    91.1777 1.0000e-12  -64.94174  -64.47712 346.117224      99.97 0.0000e+00   1046.189      25110  1029.6364  1029.6353    34.6471    34.6458    7.75903         38 0.0000e+00
    404.000    399.651     1.3348  30.102894     1.3342  30.101519     4.2257     4.2790    -0.0073    91.1724 1.0000e-12  -64.94174  -64.47712 346.117242      99.97 0.0000e+00   1047.725      25146  1029.6411  1029.6403    34.6475    34.6464    7.75850         34 0.0000e+00
    405.000    400.640     1.3371  30.105691     1.3364  30.104279     4.2215     4.2719    -0.0077    91.1839 1.0000e-12  -64.94174  -64.47711 346.117256      99.97 0.0000e+00   1048.904      25175  1029.6459  1029.6451    34.6480    34.6469    7.75803         23 0.0000e+00
    406.000    401.625     1.3392  30.108203     1.3387  30.106976     4.2223     4.2753    -0.0077    91.1692 1.0000e-12  -64.94174  -64.47710 346.117265      99.97 0.0000e+00   1049.724      25194  1029.6506  1029.6499    34.6482    34.6473    7.75759         17 0.0000e+00
    407.000    402.616     1.3417  30.111603     1.3411  30.110261     4.2198     4.2771    -0.0132    91.2071 1.0000e-12  -64.94174  -64.47710 346.117273      99.97 0.0000e+00   1050.400      25211  1029.6559  1029.6551    34.6493    34.6482    7.75705         16 0.0000e+00
    408.000    403.603     1.3427  30.112992     1.3419  30.111464     4.2194     4.2736    -0.0140    91.1912 1.0000e-12  -64.94174  -64.47710 346.117281      99.97 0.0000e+00   1051.030      25226  1029.6606  1029.6598    34.6494    34.6483    7.75684         15 0.0000e+00
