NBP2113_155081_ctd/data/dnbp2113_041.cnv
* Sea-Bird SBE 9 Data File:
* FileName = D:\Data\raw\NBP2113_041.hex
* Software Version Seasave V 7.26.7.121
* Temperature SN = 2438
* Conductivity SN = 2067
* Number of Bytes Per Scan = 40
* Number of Voltage Words = 5
* Number of Scans Averaged by the Deck Unit = 1
* NMEA Latitude = 64 50.77 S
* NMEA Longitude = 063 54.70 W
* NMEA UTC (Time) = Dec 10 2021  14:38:32
* NMEA baud rate = 9600
** Ship: RVIB N.B. Palmer
** Cruise: NBP2113 LTER
** Station: 622.029
** Operator: B. Urmston
# nquan = 25
# nvalues = 251                         
# units = specified
# name 0 = prDM: Pressure, Digiquartz [db]
# name 1 = depSM: Depth [salt water, m]
# name 2 = t090C: Temperature [ITS-90, deg C]
# name 3 = c0mS/cm: Conductivity [mS/cm]
# name 4 = t190C: Temperature, 2 [ITS-90, deg C]
# name 5 = c1mS/cm: Conductivity, 2 [mS/cm]
# name 6 = sbeox0ML/L: Oxygen, SBE 43 [ml/l]
# name 7 = sbeox1ML/L: Oxygen, SBE 43, 2 [ml/l]
# name 8 = flECO-AFL: Fluorescence, WET Labs ECO-AFL/FL [mg/m^3]
# name 9 = CStarTr0: Beam Transmission, WET Labs C-Star [%]
# name 10 = par: PAR/Irradiance, Biospherical/Licor
# name 11 = latitude: Latitude [deg]
# name 12 = longitude: Longitude [deg]
# name 13 = timeJ: Julian Days
# name 14 = altM: Altimeter [m]
# name 15 = spar: SPAR, Biospherical/Licor
# name 16 = timeS: Time, Elapsed [seconds]
# name 17 = scan: Scan Count
# name 18 = density00: Density [density, kg/m^3]
# name 19 = density11: Density, 2 [density, kg/m^3]
# name 20 = sal00: Salinity, Practical [PSU]
# name 21 = sal11: Salinity, Practical, 2 [PSU]
# name 22 = oxsolML/L: Oxygen Saturation, Garcia & Gordon [ml/l]
# name 23 = nbin: number of scans per bin
# name 24 = flag: flag
# span 0 =      5.000,    255.000       
# span 1 =      4.952,    252.347       
# span 2 =    -0.3342,     1.1612       
# span 3 =  27.846434,  29.853625       
# span 4 =    -0.3335,     1.1602       
# span 5 =  27.846288,  29.851297       
# span 6 =     4.4808,     8.0790       
# span 7 =     4.5582,     8.1103       
# span 8 =    -0.0099,     1.6655       
# span 9 =    87.6435,    94.6611       
# span 10 = -3.414e-06, 2.7938e+02      
# span 11 =  -64.84634,  -64.84624      
# span 12 =  -63.91180,  -63.91174      
# span 13 = 344.613792, 344.620188      
# span 14 =       7.25,     100.27      
# span 15 = 8.8310e+02, 1.0311e+03      
# span 16 =    319.642,    872.265      
# span 17 =       7672,      20935      
# span 18 =  1027.1587,  1028.9220      
# span 19 =  1027.1566,  1028.9206      
# span 20 =    33.7660,    34.6068      
# span 21 =    33.7641,    34.6050      
# span 22 =    7.79510,    8.14809      
# span 23 =         20,         49      
# span 24 = 0.0000e+00, 0.0000e+00      
# interval = decibars: 1                
# start_time = Dec 10 2021 14:38:32 [NMEA time, header]
# bad_flag = -9.990e-29
*END*
[from data line 116]
    121.000    119.780     0.2756  28.843683     0.2756  28.842612     5.7516     5.8417     0.0539    94.0216 1.0763e-01  -64.84626  -63.91178 344.617272      99.97 9.3433e+02    620.285      14888  1028.1489  1028.1478    34.3594    34.3580    7.98862         26 0.0000e+00
    122.000    120.769     0.2761  28.844617     0.2755  28.842661     5.7100     5.8193     0.0409    94.0665 1.0120e-01  -64.84626  -63.91178 344.617284      99.97 9.3433e+02    621.308      14912  1028.1538  1028.1523    34.3595    34.3576    7.98852         24 0.0000e+00
    123.000    121.760     0.2950  28.864595     0.2909  28.858667     5.6956     5.8062     0.0360    94.0776 9.5836e-02  -64.84626  -63.91178 344.617295      99.97 9.3433e+02    622.257      14935  1028.1607  1028.1584    34.3641    34.3609    7.98435         22 0.0000e+00
    124.000    122.750     0.3122  28.885648     0.3130  28.885122     5.6977     5.7957     0.0486    94.0731 9.0481e-02  -64.84626  -63.91178 344.617305      99.97 9.3433e+02    623.190      14958  1028.1704  1028.1690    34.3719    34.3703    7.98034         22 0.0000e+00
    125.000    123.738     0.3165  28.891015     0.3165  28.889750     5.6944     5.7920     0.0423    94.0731 8.5577e-02  -64.84626  -63.91178 344.617317      99.97 9.3433e+02    624.156      14981  1028.1763  1028.1749    34.3736    34.3719    7.97937         24 0.0000e+00
    126.000    124.727     0.3173  28.892558     0.3170  28.890981     5.6892     5.7921     0.0495    94.0731 8.0599e-02  -64.84626  -63.91178 344.617329      99.97 9.3610e+02    625.196      15006  1028.1816  1028.1802    34.3741    34.3724    7.97917         26 0.0000e+00
    127.000    125.718     0.3168  28.892915     0.3161  28.890877     5.7069     5.7903     0.0504    94.0824 7.6446e-02  -64.84626  -63.91178 344.617342      99.97 9.3609e+02    626.317      15033  1028.1869  1028.1853    34.3745    34.3726    7.97925         28 0.0000e+00
    128.000    126.706     0.3163  28.892560     0.3158  28.890672     5.6894     5.7732     0.0513    94.1164 7.1555e-02  -64.84626  -63.91178 344.617356      99.97 9.3659e+02    627.515      15061  1028.1914  1028.1899    34.3741    34.3721    7.97939         31 0.0000e+00
    129.000    127.698     0.3137  28.890799     0.3132  28.889201     5.6283     5.7444     0.0579    94.1104 6.6311e-02  -64.84626  -63.91178 344.617370      99.97 9.3780e+02    628.803      15092  1028.1964  1028.1952    34.3740    34.3724    7.97991         32 0.0000e+00
    130.000    128.687     0.3061  28.885477     0.3075  28.884899     5.6354     5.7259     0.0503    94.0877 6.1011e-02  -64.84626  -63.91178 344.617387      99.97 9.3811e+02    630.219      15126  1028.2026  1028.2007    34.3749    34.3726    7.98144         34 0.0000e+00
    131.000    129.677     0.3031  28.883696     0.3030  28.882335     5.6274     5.7117     0.0432    94.1134 5.5939e-02  -64.84626  -63.91178 344.617403      99.97 9.3965e+02    631.607      15160  1028.2081  1028.2068    34.3753    34.3737    7.98204         31 0.0000e+00
    132.000    130.665     0.3006  28.882177     0.3002  28.880484     5.5652     5.6769     0.0283    94.1475 5.1749e-02  -64.84626  -63.91178 344.617416      99.97 9.3962e+02    632.755      15187  1028.2132  1028.2118    34.3755    34.3737    7.98254         25 0.0000e+00
    133.000    131.654     0.3037  28.885952     0.3038  28.884622     5.5224     5.6365     0.0324    94.1516 4.7651e-02  -64.84626  -63.91178 344.617428      99.97 9.3962e+02    633.761      15211  1028.2184  1028.2169    34.3764    34.3746    7.98185         23 0.0000e+00
    134.000    132.645     0.3183  28.903079     0.3184  28.901820     5.4428     5.5787     0.0345    94.1586 4.3778e-02  -64.84626  -63.91178 344.617439      99.97 9.3962e+02    634.752      15235  1028.2264  1028.2250    34.3820    34.3802    7.97851         25 0.0000e+00
    135.000    133.634     0.3226  28.908070     0.3227  28.906488     5.3426     5.5172     0.0406    94.1714 4.0304e-02  -64.84626  -63.91178 344.617452      99.97 9.3962e+02    635.839      15261  1028.2317  1028.2300    34.3831    34.3810    7.97756         27 0.0000e+00
    136.000    134.623     0.3636  28.948105     0.3668  28.949989     5.3015     5.4762     0.0380    94.1837 3.6978e-02  -64.84626  -63.91178 344.617465      99.97 9.3968e+02    637.002      15289  1028.2381  1028.2369    34.3893    34.3883    7.96874         28 0.0000e+00
    137.000    135.614     0.3787  28.965437     0.3763  28.961293     5.2871     5.4495     0.0354    94.2246 3.3804e-02  -64.84626  -63.91178 344.617479      99.97 9.4135e+02    638.166      15317  1028.2460  1028.2440    34.3946    34.3918    7.96534         28 0.0000e+00
    138.000    136.604     0.3939  28.982428     0.3925  28.979533     5.2737     5.4280     0.0348    94.2334 3.1008e-02  -64.84626  -63.91178 344.617493      99.97 9.4275e+02    639.379      15346  1028.2535  1028.2518    34.3993    34.3971    7.96193         31 0.0000e+00
    139.000    137.592     0.4083  28.998297     0.4070  28.995494     5.2856     5.4072     0.0334    94.2692 2.7696e-02  -64.84626  -63.91179 344.617509      99.97 9.4315e+02    640.767      15379  1028.2605  1028.2589    34.4034    34.4012    7.95873         34 0.0000e+00
    140.000    138.582     0.4219  29.013116     0.4212  29.011101     5.2976     5.4047     0.0327    94.2761 2.4186e-02  -64.84626  -63.91178 344.617527      99.97 9.4314e+02    642.316      15417  1028.2675  1028.2660    34.4071    34.4052    7.95574         35 0.0000e+00
    141.000    139.572     0.4328  29.025076     0.4337  29.024963     5.3252     5.4122     0.0233    94.3393 2.1137e-02  -64.84626  -63.91178 344.617543      99.97 9.4314e+02    643.682      15449  1028.2739  1028.2728    34.4100    34.4088    7.95333         29 0.0000e+00
    142.000    140.560     0.4389  29.033492     0.4385  29.031612     5.3359     5.4136     0.0146    94.3532 1.7827e-02  -64.84626  -63.91178 344.617555      99.97 9.4314e+02    644.787      15476  1028.2813  1028.2796    34.4136    34.4115    7.95187         25 0.0000e+00
    143.000    141.550     0.4389  29.034199     0.4380  29.031944     5.3334     5.4109     0.0137    94.3807 1.4850e-02  -64.84626  -63.91178 344.617568      99.97 9.4487e+02    645.836      15501  1028.2865  1028.2849    34.4139    34.4119    7.95184         26 0.0000e+00
    144.000    142.541     0.4478  29.043365     0.4480  29.042106     5.3285     5.4098     0.0255    94.4065 1.2330e-02  -64.84626  -63.91178 344.617581      99.97 9.4490e+02    646.996      15529  1028.2919  1028.2903    34.4153    34.4135    7.94993         30 0.0000e+00
    145.000    143.531     0.4506  29.047741     0.4502  29.046118     5.3261     5.3984     0.0300    94.4212 9.8159e-03  -64.84626  -63.91178 344.617596      99.97 9.4490e+02    648.335      15561  1028.2982  1028.2969    34.4174    34.4157    7.94924         33 0.0000e+00
    146.000    144.518     0.4523  29.049742     0.4526  29.048644     5.4064     5.4187     0.0296    94.4067 7.6542e-03  -64.84626  -63.91178 344.617612      99.97 9.4490e+02    649.670      15593  1028.3032  1028.3017    34.4175    34.4157    7.94889         30 0.0000e+00
    147.000    145.509     0.4545  29.052621     0.4546  29.051428     5.4986     5.4730     0.0160    94.4340 5.7770e-03  -64.84626  -63.91178 344.617626      99.97 9.4490e+02    650.852      15621  1028.3084  1028.3071    34.4182    34.4166    7.94840         27 0.0000e+00
    148.000    146.499     0.4513  29.050789     0.4526  29.050488     5.5082     5.5028     0.0211    94.4336 3.3384e-03  -64.84626  -63.91178 344.617638      99.97 9.4579e+02    651.947      15648  1028.3141  1028.3124    34.4188    34.4169    7.94902         26 0.0000e+00
    149.000    147.487     0.4509  29.050595     0.4507  29.049205     5.4862     5.5140     0.0245    94.4336 1.1943e-03  -64.84626  -63.91178 344.617652      99.97 9.4695e+02    653.092      15675  1028.3186  1028.3173    34.4183    34.4168    7.94912         30 0.0000e+00
    150.000    148.477     0.4501  29.050092     0.4498  29.048504     5.4959     5.5212     0.0287    94.4253 -3.414e-06  -64.84626  -63.91178 344.617667      99.97 9.4843e+02    654.402      15707  1028.3233  1028.3219    34.4181    34.4163    7.94932         32 0.0000e+00
    151.000    149.468     0.4507  29.051496     0.4504  29.049985     5.5014     5.5340     0.0350    94.4222 1.0000e-12  -64.84626  -63.91179 344.617684      99.97 9.4921e+02    655.914      15743  1028.3285  1028.3272    34.4186    34.4170    7.94916         36 0.0000e+00
    152.000    150.456     0.4526  29.053859     0.4520  29.052033     5.4860     5.5309     0.0331    94.4070 1.0000e-12  -64.84626  -63.91178 344.617702      99.97 9.4912e+02    657.430      15779  1028.3335  1028.3321    34.4190    34.4173    7.94875         33 0.0000e+00
    153.000    151.445     0.4521  29.053906     0.4522  29.052835     5.4611     5.5229     0.0286    94.3377 1.0000e-12  -64.84626  -63.91178 344.617717      57.35 9.4842e+02    658.710      15810  1028.3383  1028.3370    34.4189    34.4174    7.94884         28 0.0000e+00
    154.000    152.436     0.4521  29.054623     0.4519  29.053181     5.4608     5.5166     0.0286    94.3294 1.0000e-12  -64.84626  -63.91178 344.617728     100.02 9.4843e+02    659.737      15835  1028.3434  1028.3420    34.4193    34.4176    7.94883         22 0.0000e+00
    155.000    153.425     0.4512  29.053973     0.4510  29.052595     5.4577     5.5255     0.0279    94.3133 1.0000e-12  -64.84626  -63.91178 344.617739      99.97 9.4843e+02    660.631      15856  1028.3479  1028.3466    34.4189    34.4174    7.94905         21 0.0000e+00
    156.000    154.413     0.4516  29.054927     0.4513  29.053194     5.4626     5.5301     0.0286    94.2343 1.0000e-12  -64.84626  -63.91178 344.617749      99.97 9.4978e+02    661.511      15877  1028.3527  1028.3512    34.4191    34.4172    7.94894         22 0.0000e+00
    157.000    155.405     0.4536  29.057235     0.4526  29.055027     5.4694     5.5328     0.0212    94.2530 1.0000e-12  -64.84626  -63.91178 344.617761      99.97 9.5179e+02    662.541      15902  1028.3575  1028.3561    34.4193    34.4175    7.94852         28 0.0000e+00
    158.000    156.392     0.4583  29.062466     0.4593  29.061963     5.4735     5.5403     0.0270    94.2391 1.0000e-12  -64.84626  -63.91178 344.617778      99.97 9.5201e+02    663.995      15937  1028.3626  1028.3611    34.4202    34.4185    7.94749         38 0.0000e+00
    159.000    157.383     0.4576  29.062477     0.4569  29.060070     5.4729     5.5340     0.0360    94.2252 1.0000e-12  -64.84626  -63.91180 344.617799      99.97 9.5303e+02    665.849      15981  1028.3676  1028.3658    34.4205    34.4181    7.94763         41 0.0000e+00
    160.000    158.373     0.4748  29.080975     0.4733  29.077819     5.4620     5.5268     0.0278    94.2318 1.0000e-12  -64.84626  -63.91179 344.617818      99.97 9.5374e+02    667.474      16020  1028.3744  1028.3726    34.4249    34.4224    7.94385         32 0.0000e+00
    161.000    159.361     0.4861  29.092420     0.4867  29.091855     5.4642     5.5232     0.0265    94.2319 1.0000e-12  -64.84626  -63.91178 344.617834      99.97 9.5372e+02    668.821      16053  1028.3798  1028.3786    34.4267    34.4253    7.94144         30 0.0000e+00
    162.000    160.350     0.5025  29.110068     0.5009  29.107280     5.4189     5.4995     0.0273    94.2085 1.0000e-12  -64.84626  -63.91178 344.617847      99.97 9.5372e+02    670.003      16081  1028.3865  1028.3851    34.4308    34.4290    7.93783         27 0.0000e+00
    163.000    161.341     0.5143  29.121953     0.5111  29.117617     5.3813     5.4779     0.0283    94.1584 1.0000e-12  -64.84626  -63.91178 344.617860      99.97 9.5503e+02    671.087      16107  1028.3918  1028.3904    34.4326    34.4305    7.93532         25 0.0000e+00
    164.000    162.329     0.5450  29.154762     0.5432  29.151613     5.3647     5.4672     0.0289    94.1473 1.0000e-12  -64.84626  -63.91178 344.617871      99.97 9.5497e+02    672.090      16131  1028.4004  1028.3989    34.4407    34.4386    7.92859         24 0.0000e+00
    165.000    163.319     0.5547  29.167798     0.5542  29.165938     5.3620     5.4600     0.0289    94.1434 1.0000e-12  -64.84626  -63.91178 344.617882      99.96 9.5375e+02    673.041      16154  1028.4090  1028.4075    34.4463    34.4444    7.92629         22 0.0000e+00
    166.000    164.309     0.5565  29.170366     0.5563  29.169119     5.3832     5.4605     0.0322    94.1418 1.0000e-12  -64.84626  -63.91178 344.617894      99.42 9.5372e+02    674.009      16177  1028.4144  1028.4132    34.4470    34.4456    7.92588         24 0.0000e+00
    167.000    165.299     0.5569  29.171234     0.5575  29.171022     5.3806     5.4571     0.0359    94.0992 1.0000e-12  -64.84626  -63.91178 344.617906      98.34 9.5493e+02    675.055      16202  1028.4194  1028.4186    34.4471    34.4462    7.92579         26 0.0000e+00
    168.000    166.287     0.5560  29.170888     0.5563  29.170064     5.3708     5.4495     0.0320    94.0914 1.0000e-12  -64.84626  -63.91178 344.617919      97.40 9.5729e+02    676.245      16231  1028.4244  1028.4232    34.4470    34.4456    7.92597         31 0.0000e+00
    169.000    167.277     0.5595  29.175233     0.5588  29.173311     5.3811     5.4493     0.0402    94.0604 1.0000e-12  -64.84626  -63.91179 344.617937      96.35 9.5902e+02    677.734      16267  1028.4300  1028.4286    34.4482    34.4465    7.92519         39 0.0000e+00
    170.000    168.267     0.5575  29.173423     0.5573  29.171970     5.3711     5.4466     0.0358    94.0820 1.0000e-12  -64.84626  -63.91180 344.617957      95.34 9.5901e+02    679.521      16310  1028.4345  1028.4332    34.4474    34.4458    7.92563         40 0.0000e+00
    171.000    169.255     0.5596  29.176113     0.5597  29.174711     5.3559     5.4386     0.0217    94.0374 1.0000e-12  -64.84626  -63.91180 344.617974      94.37 9.5901e+02    680.989      16345  1028.4397  1028.4381    34.4480    34.4461    7.92518         32 0.0000e+00
    172.000    170.245     0.5642  29.181675     0.5640  29.180178     5.3571     5.4336     0.0288    94.0463 1.0000e-12  -64.84626  -63.91178 344.617989      93.19 9.5901e+02    682.246      16375  1028.4454  1028.4440    34.4496    34.4478    7.92416         30 0.0000e+00
    173.000    171.233     0.5656  29.183749     0.5665  29.183377     5.3618     5.4290     0.0339    94.0689 1.0000e-12  -64.84627  -63.91178 344.618004      92.13 9.6076e+02    683.552      16406  1028.4505  1028.4492    34.4501    34.4486    7.92383         32 0.0000e+00
    174.000    172.224     0.5681  29.186882     0.5687  29.186245     5.3542     5.4231     0.0254    94.0636 1.0000e-12  -64.84628  -63.91178 344.618019      91.09 9.6077e+02    684.867      16438  1028.4557  1028.4545    34.4509    34.4494    7.92328         30 0.0000e+00
    175.000    173.212     0.5702  29.189571     0.5702  29.188247     5.3447     5.4193     0.0210    94.0362 1.0000e-12  -64.84628  -63.91178 344.618033      90.29 9.6056e+02    686.033      16466  1028.4608  1028.4595    34.4514    34.4497    7.92282         26 0.0000e+00
    176.000    174.203     0.5748  29.194881     0.5746  29.193790     5.3527     5.4211     0.0242    94.0339 1.0000e-12  -64.84626  -63.91176 344.618045      89.25 9.5900e+02    687.049      16490  1028.4662  1028.4652    34.4526    34.4514    7.92181         23 0.0000e+00
    177.000    175.193     0.5736  29.194235     0.5731  29.192577     5.3580     5.4218     0.0290    94.0464 1.0000e-12  -64.84627  -63.91176 344.618055      88.21 9.5901e+02    687.994      16513  1028.4710  1028.4698    34.4526    34.4510    7.92207         22 0.0000e+00
