NBP2113_155081_ctd/data/nbp2113_066.ros
* Sea-Bird SBE 9 Data File:
* FileName = D:\Data\raw\NBP2113_066.hex
* Software Version Seasave V 7.26.7.121
* Temperature SN = 2438
* Conductivity SN = 2067
* Number of Bytes Per Scan = 40
* Number of Voltage Words = 5
* Number of Scans Averaged by the Deck Unit = 1
* NMEA Latitude = 64 10.22 S
* NMEA Longitude = 061 54.36 W
* NMEA UTC (Time) = Dec 14 2021  16:02:10
* NMEA baud rate = 9600
** Ship: RVIB N.B. Palmer
** Cruise: NBP2113 LTER
** Station: 742.003
** Operator: S. Blackman
# nquan = 20
# nvalues = 1176                                  
# units = specified
# name 0 = prDM: Pressure, Digiquartz [db]
# name 1 = depSM: Depth [salt water, m]
# name 2 = t090C: Temperature [ITS-90, deg C]
# name 3 = c0mS/cm: Conductivity [mS/cm]
# name 4 = t190C: Temperature, 2 [ITS-90, deg C]
# name 5 = c1mS/cm: Conductivity, 2 [mS/cm]
# name 6 = sbeox0ML/L: Oxygen, SBE 43 [ml/l]
# name 7 = sbeox1ML/L: Oxygen, SBE 43, 2 [ml/l]
# name 8 = flECO-AFL: Fluorescence, WET Labs ECO-AFL/FL [mg/m^3]
# name 9 = CStarTr0: Beam Transmission, WET Labs C-Star [%]
# name 10 = par: PAR/Irradiance, Biospherical/Licor
# name 11 = latitude: Latitude [deg]
# name 12 = longitude: Longitude [deg]
# name 13 = timeJ: Julian Days
# name 14 = altM: Altimeter [m]
# name 15 = spar: SPAR, Biospherical/Licor
# name 16 = timeS: Time, Elapsed [seconds]
# name 17 = scan: Scan Count
# name 18 = nbf: Bottles Fired
# name 19 = flag:  0.000e+00
# interval = seconds: 0.0416667
# start_time = Dec 14 2021 16:02:10 [NMEA time, header]
# bad_flag = -9.990e-29
*END*
[from data line 1159]
      4.389      4.346     0.4678  28.707535     0.4663  28.705146     7.3957     7.4750     0.6150    83.4643 3.1311e+02  -64.16754  -61.90642 348.704766      99.98 9.4843e+02   3161.792      75884         24  0.000e+00
      4.389      4.346     0.4676  28.708000     0.4665  28.705430     7.4019     7.4754     0.6150    83.4643 3.1311e+02  -64.16754  -61.90642 348.704767      99.98 9.4843e+02   3161.833      75885         24  0.000e+00
      4.389      4.346     0.4675  28.707535     0.4670  28.705146     7.3982     7.4758     0.6150    83.4385 3.1311e+02  -64.16754  -61.90642 348.704767      99.95 9.4843e+02   3161.875      75886         24  0.000e+00
      4.382      4.339     0.4672  28.707767     0.4676  28.705714     7.3975     7.4761     0.6150    83.4643 3.1311e+02  -64.16754  -61.90642 348.704768      99.93 9.4843e+02   3161.917      75887         24  0.000e+00
      4.389      4.346     0.4670  28.707476     0.4682  28.705714     7.3967     7.4765     0.6223    83.4643 3.1311e+02  -64.16754  -61.90642 348.704768      99.98 9.4843e+02   3161.958      75888         24  0.000e+00
      4.443      4.400     0.4670  28.707244     0.4682  28.706510     7.4028     7.4769     0.6443    83.4643 3.1311e+02  -64.16754  -61.90642 348.704769      99.98 9.4843e+02   3162.000      75889         24  0.000e+00
      4.341      4.298     0.4670  28.706953     0.4687  28.706510     7.4044     7.4772     0.6516    83.4643 3.1311e+02  -64.16754  -61.90642 348.704769      99.98 9.4843e+02   3162.042      75890         24  0.000e+00
      4.382      4.339     0.4672  28.707476     0.4685  28.706680     7.4047     7.4769     0.6589    83.4643 3.1311e+02  -64.16754  -61.90642 348.704769      99.98 9.4843e+02   3162.083      75891         24  0.000e+00
      4.389      4.346     0.4673  28.706953     0.4685  28.706794     7.4049     7.4773     0.6516    83.4643 3.1311e+02  -64.16754  -61.90642 348.704770      99.98 9.4843e+02   3162.125      75892         24  0.000e+00
      4.389      4.346     0.4673  28.707535     0.4676  28.706510     7.4050     7.4779     0.6516    83.4643 3.1311e+02  -64.16754  -61.90642 348.704770      99.98 9.4843e+02   3162.167      75893         24  0.000e+00
      4.389      4.346     0.4672  28.707476     0.4670  28.706226     7.3995     7.4785     0.6516    83.4643 3.1311e+02  -64.16754  -61.90642 348.704771      99.95 9.4843e+02   3162.208      75894         24  0.000e+00
      4.382      4.339     0.4670  28.707244     0.4668  28.705714     7.3995     7.4790     0.6516    83.4643 3.1311e+02  -64.16754  -61.90642 348.704771      99.95 9.4843e+02   3162.250      75895         24  0.000e+00
      4.389      4.346     0.4667  28.707477     0.4668  28.705430     7.4038     7.4786     0.6516    83.4643 3.1400e+02  -64.16754  -61.90642 348.704772      99.95 9.4843e+02   3162.292      75896         24  0.000e+00
      4.341      4.298     0.4659  28.706953     0.4665  28.705714     7.4051     7.4842     0.6516    83.4643 3.1400e+02  -64.16754  -61.90642 348.704772      99.98 9.4843e+02   3162.333      75897         24  0.000e+00
      4.389      4.346     0.4650  28.706720     0.4657  28.705146     7.4064     7.4795     0.6589    83.4643 3.1488e+02  -64.16754  -61.90642 348.704773      99.95 9.4843e+02   3162.375      75898         24  0.000e+00
      4.382      4.339     0.4652  28.706895     0.4652  28.705430     7.4061     7.4791     0.6516    83.4643 3.1488e+02  -64.16754  -61.90642 348.704773      99.93 9.4843e+02   3162.417      75899         24  0.000e+00
      4.341      4.299     0.4655  28.706429     0.4654  28.705146     7.4069     7.4785     0.6516    83.4643 3.1488e+02  -64.16754  -61.90642 348.704774      99.95 9.4843e+02   3162.458      75900         24  0.000e+00
