NBP2113_155081_ctd/data/nbp2113_023.ros
* Sea-Bird SBE 9 Data File:
* FileName = D:\Data\raw\NBP2113_023.hex
* Software Version Seasave V 7.26.7.121
* Temperature SN = 2438
* Conductivity SN = 2067
* Number of Bytes Per Scan = 40
* Number of Voltage Words = 5
* Number of Scans Averaged by the Deck Unit = 1
* NMEA Latitude = 67 30.61 S
* NMEA Longitude = 070 35.52 W
* NMEA UTC (Time) = Dec 02 2021  00:50:18
* NMEA baud rate = 9600
** Ship: RVIB N.B. Palmer
** Cruise: NBP2113 LTER
** Station: 200.040
** Operator: S. Blackman
# nquan = 20
# nvalues = 1147                                  
# units = specified
# name 0 = prDM: Pressure, Digiquartz [db]
# name 1 = depSM: Depth [salt water, m]
# name 2 = t090C: Temperature [ITS-90, deg C]
# name 3 = c0mS/cm: Conductivity [mS/cm]
# name 4 = t190C: Temperature, 2 [ITS-90, deg C]
# name 5 = c1mS/cm: Conductivity, 2 [mS/cm]
# name 6 = sbeox0ML/L: Oxygen, SBE 43 [ml/l]
# name 7 = sbeox1ML/L: Oxygen, SBE 43, 2 [ml/l]
# name 8 = flECO-AFL: Fluorescence, WET Labs ECO-AFL/FL [mg/m^3]
# name 9 = CStarTr0: Beam Transmission, WET Labs C-Star [%]
# name 10 = par: PAR/Irradiance, Biospherical/Licor
# name 11 = latitude: Latitude [deg]
# name 12 = longitude: Longitude [deg]
# name 13 = timeJ: Julian Days
# name 14 = altM: Altimeter [m]
# name 15 = spar: SPAR, Biospherical/Licor
# name 16 = timeS: Time, Elapsed [seconds]
# name 17 = scan: Scan Count
# name 18 = nbf: Bottles Fired
# name 19 = flag:  0.000e+00
# interval = seconds: 0.0416667
# start_time = Dec 02 2021 00:50:18 [NMEA time, header]
# bad_flag = -9.990e-29
*END*
[from data line 724]
     61.243     60.623    -0.6894  27.719318    -0.6894  27.717607     7.9685     8.0454     1.5527    89.9532 1.0000e-12  -67.51062  -70.58924 336.063771      99.98 2.6443e+01   2491.833      59805         15  0.000e+00
     61.291     60.671    -0.6891  27.719088    -0.6895  27.717607     7.9718     8.0459     1.5600    89.9532 1.0000e-12  -67.51062  -70.58924 336.063772      99.98 2.6443e+01   2491.875      59806         15  0.000e+00
     61.291     60.671    -0.6891  27.719203    -0.6895  27.717495     7.9809     8.0464     1.5527    89.9532 1.0000e-12  -67.51062  -70.58924 336.063772      99.93 2.6443e+01   2491.917      59807         15  0.000e+00
     61.291     60.671    -0.6896  27.719318    -0.6895  27.717551     7.9855     8.0468     1.5600    89.9532 1.0000e-12  -67.51062  -70.58924 336.063773      99.95 2.6443e+01   2491.958      59808         15  0.000e+00
     61.291     60.671    -0.6893  27.719490    -0.6896  27.717214     7.9839     8.0473     1.5527    89.9789 1.0000e-12  -67.51062  -70.58924 336.063773      99.98 2.6443e+01   2492.000      59809         15  0.000e+00
     61.291     60.671    -0.6895  27.719088    -0.6894  27.717383     7.9869     8.0477     1.5527    89.9532 1.0000e-12  -67.51062  -70.58924 336.063774      99.98 2.6443e+01   2492.042      59810         15  0.000e+00
     61.346     60.725    -0.6893  27.719203    -0.6896  27.717327     7.9898     8.0482     1.5600    89.9532 1.0000e-12  -67.51062  -70.58924 336.063774      99.95 2.6443e+01   2492.083      59811         15  0.000e+00
     61.346     60.725    -0.6894  27.719318    -0.6895  27.717495     7.9926     8.0486     1.5600    89.9532 1.0000e-12  -67.51062  -70.58924 336.063775      99.93 2.6443e+01   2492.125      59812         15  0.000e+00
     61.346     60.725    -0.6893  27.719318    -0.6895  27.717383     7.9881     8.0482     1.5600    89.9532 1.0000e-12  -67.51062  -70.58924 336.063775      99.95 2.6443e+01   2492.167      59813         15  0.000e+00
     61.394     60.773    -0.6894  27.719318    -0.6895  27.717663     7.9821     8.0532     1.5600    89.9532 1.0000e-12  -67.51062  -70.58924 336.063776      99.98 2.6443e+01   2492.208      59814         15  0.000e+00
     61.346     60.725    -0.6893  27.719490    -0.6896  27.717439     7.9864     8.0480     1.5600    89.9532 1.0000e-12  -67.51062  -70.58924 336.063776      99.98 2.6443e+01   2492.250      59815         15  0.000e+00
     61.503     60.880    -0.6837  27.722936    -0.6874  27.719178     7.9557     8.0466     1.7139    89.9274 1.0000e-12  -67.51060  -70.58934 336.063910      99.98 2.6443e+01   2503.833      60093         16  0.000e+00
     61.503     60.880    -0.6837  27.723108    -0.6875  27.719290     7.9547     8.0472     1.7139    89.9274 1.0000e-12  -67.51060  -70.58934 336.063911      99.98 2.6443e+01   2503.875      60094         16  0.000e+00
     61.503     60.880    -0.6837  27.723051    -0.6872  27.719402     7.9656     8.0422     1.7139    89.9274 1.0000e-12  -67.51060  -70.58934 336.063911      99.95 2.6443e+01   2503.917      60095         16  0.000e+00
     61.503     60.880    -0.6838  27.722993    -0.6870  27.719626     7.9689     8.0418     1.7139    89.9274 1.0000e-12  -67.51060  -70.58934 336.063912      99.95 2.6443e+01   2503.958      60096         16  0.000e+00
     61.551     60.928    -0.6837  27.723165    -0.6866  27.719851     7.9648     8.0414     1.7139    89.9274 1.0000e-12  -67.51060  -70.58934 336.063912      99.98 2.6443e+01   2504.000      60097         16  0.000e+00
     61.503     60.880    -0.6834  27.723452    -0.6865  27.720243     7.9636     8.0410     1.7139    89.9274 1.0000e-12  -67.51060  -70.58934 336.063913      99.98 2.6443e+01   2504.042      60098         16  0.000e+00
     61.503     60.880    -0.6835  27.723452    -0.6861  27.720019     7.9611     8.0406     1.7139    89.9274 1.0000e-12  -67.51060  -70.58934 336.063913      99.95 2.6443e+01   2504.083      60099         16  0.000e+00
     61.503     60.880    -0.6834  27.723280    -0.6860  27.720131     7.9613     8.0402     1.7139    89.9274 1.0000e-12  -67.51060  -70.58934 336.063913      99.95 2.6443e+01   2504.125      60100         16  0.000e+00
     61.551     60.928    -0.6836  27.723280    -0.6863  27.720019     7.9558     8.0456     1.7139    89.9274 1.0000e-12  -67.51060  -70.58934 336.063914      99.98 2.6443e+01   2504.167      60101         16  0.000e+00
     61.503     60.880    -0.6834  27.723452    -0.6863  27.719626     7.9501     8.0461     1.7139    89.9274 1.0000e-12  -67.51060  -70.58934 336.063914      99.98 2.6443e+01   2504.208      60102         16  0.000e+00
     61.551     60.928    -0.6832  27.723510    -0.6866  27.719626     7.9551     8.0411     1.7139    89.9532 1.0000e-12  -67.51060  -70.58934 336.063915      99.98 2.6443e+01   2504.250      60103         16  0.000e+00
     61.551     60.928    -0.6834  27.723510    -0.6863  27.719851     7.9499     8.0406     1.7139    89.9789 1.0000e-12  -67.51060  -70.58934 336.063915      99.98 2.6443e+01   2504.292      60104         16  0.000e+00
     61.551     60.928    -0.6834  27.723682    -0.6858  27.720131     7.9479     8.0401     1.7139    89.9789 1.0000e-12  -67.51060  -70.58934 336.063916      99.98 2.6443e+01   2504.333      60105         16  0.000e+00
     61.551     60.928    -0.6829  27.723797    -0.6854  27.720524     7.9459     8.0405     1.7139    89.9789 1.0000e-12  -67.51060  -70.58934 336.063916      99.98 2.6443e+01   2504.375      60106         16  0.000e+00
     61.551     60.928    -0.6831  27.723740    -0.6850  27.720692     7.9559     8.0401     1.7139    89.9789 1.0000e-12  -67.51060  -70.58934 336.063917      99.95 2.6443e+01   2504.417      60107         16  0.000e+00
     61.551     60.928    -0.6831  27.723740    -0.6847  27.721084     7.9598     8.0396     1.7139    89.9789 1.0000e-12  -67.51060  -70.58934 336.063917      99.98 2.6443e+01   2504.458      60108         16  0.000e+00
     61.551     60.928    -0.6831  27.723567    -0.6845  27.720860     7.9623     8.0392     1.7066    89.9789 1.0000e-12  -67.51060  -70.58934 336.063918      99.98 2.6443e+01   2504.500      60109         16  0.000e+00
     61.606     60.982    -0.6829  27.723682    -0.6845  27.721028     7.9635     8.0389     1.7066    89.9789 1.0000e-12  -67.51060  -70.58934 336.063918      99.98 2.6443e+01   2504.542      60110         16  0.000e+00
     61.551     60.928    -0.6829  27.723797    -0.6843  27.721028     7.9690     8.0384     1.7066    89.9789 1.0000e-12  -67.51060  -70.58934 336.063919      99.95 2.6443e+01   2504.583      60111         16  0.000e+00
     61.606     60.982    -0.6831  27.723568    -0.6845  27.721197     7.9642     8.0391     1.7066    89.9789 1.0000e-12  -67.51060  -70.58934 336.063919      99.93 2.6443e+01   2504.625      60112         16  0.000e+00
     61.606     60.982    -0.6831  27.723682    -0.6847  27.720860     7.9593     8.0388     1.7066    89.9789 1.0000e-12  -67.51060  -70.58934 336.063920      99.95 2.6443e+01   2504.667      60113         16  0.000e+00
     61.551     60.928    -0.6832  27.723797    -0.6846  27.721253     7.9589     8.0384     1.7066    89.9789 1.0000e-12  -67.51060  -70.58934 336.063920      99.98 2.6443e+01   2504.708      60114         16  0.000e+00
     61.606     60.982    -0.6829  27.723970    -0.6846  27.721085     7.9659     8.0381     1.7066    89.9789 1.0000e-12  -67.51060  -70.58934 336.063921      99.98 2.6443e+01   2504.750      60115         16  0.000e+00
     61.606     60.982    -0.6819  27.724199    -0.6846  27.721197     7.9625     8.0377     1.7066    89.9789 1.0000e-12  -67.51060  -70.58934 336.063921      99.98 2.6443e+01   2504.792      60116         16  0.000e+00
     61.654     61.030    -0.6819  27.724084    -0.6846  27.721141     7.9624     8.0384     1.7066    89.9789 1.0000e-12  -67.51060  -70.58934 336.063922      99.98 2.6443e+01   2504.833      60117         16  0.000e+00
     61.606     60.982    -0.6821  27.724084    -0.6846  27.721028     7.9550     8.0381     1.7066    89.9789 1.0000e-12  -67.51060  -70.58934 336.063922      99.98 2.6443e+01   2504.875      60118         16  0.000e+00
     61.654     61.030    -0.6816  27.724084    -0.6841  27.721197     7.9521     8.0386     1.7066    89.9789 1.0000e-12  -67.51060  -70.58934 336.063923      99.95 2.6443e+01   2504.917      60119         16  0.000e+00
     61.654     61.030    -0.6816  27.724429    -0.6843  27.721253     7.9567     8.0393     1.7066    89.9789 1.0000e-12  -67.51060  -70.58934 336.063923      99.95 2.6443e+01   2504.958      60120         16  0.000e+00
     61.654     61.030    -0.6818  27.724199    -0.6843  27.721141     7.9568     8.0400     1.7066    89.9789 1.0000e-12  -67.51060  -70.58934 336.063924      99.98 2.6443e+01   2505.000      60121         16  0.000e+00
     61.654     61.030    -0.6818  27.724257    -0.6840  27.721645     7.9615     8.0398     1.7066    89.9532 1.0000e-12  -67.51060  -70.58934 336.063924      99.98 2.6443e+01   2505.042      60122         16  0.000e+00
     61.654     61.030    -0.6818  27.724659    -0.6832  27.721982     7.9733     8.0394     1.7066    89.7729 1.0000e-12  -67.51060  -70.58934 336.063925      99.95 2.6443e+01   2505.083      60123         16  0.000e+00
     61.654     61.030    -0.6819  27.724544    -0.6824  27.722430     7.9715     8.0390     1.7066    89.6699 1.0000e-12  -67.51060  -70.58934 336.063925      99.95 2.6443e+01   2505.125      60124         16  0.000e+00
     61.702     61.077    -0.6819  27.724544    -0.6823  27.722823     7.9669     8.0388     1.7066    89.6699 1.0000e-12  -67.51060  -70.58934 336.063926      99.98 2.6443e+01   2505.167      60125         16  0.000e+00
     61.709     61.084    -0.6821  27.724372    -0.6820  27.722431     7.9608     8.0386     1.7066    89.6699 1.0000e-12  -67.51060  -70.58934 336.063926      99.98 2.6443e+01   2505.208      60126         16  0.000e+00
     61.702     61.077    -0.6818  27.724314    -0.6824  27.722487     7.9591     8.0385     1.7066    89.6957 1.0000e-12  -67.51060  -70.58934 336.063927      99.98 2.6443e+01   2505.250      60127         16  0.000e+00
     61.709     61.084    -0.6821  27.724314    -0.6828  27.722150     7.9605     8.0384     1.7066    89.6957 1.0000e-12  -67.51060  -70.58934 336.063927      99.98 2.6443e+01   2505.292      60128         16  0.000e+00
     61.757     61.132    -0.6824  27.724314    -0.6831  27.721926     7.9560     8.0384     1.7066    89.6957 1.0000e-12  -67.51060  -70.58934 336.063927      99.98 2.6443e+01   2505.333      60129         16  0.000e+00
     61.702     61.077    -0.6821  27.724142    -0.6833  27.721814     7.9547     8.0382     1.7066    89.6957 1.0000e-12  -67.51060  -70.58934 336.063928      99.98 2.6443e+01   2505.375      60130         16  0.000e+00
     61.805     61.179    -0.6813  27.724602    -0.6832  27.721982     7.9579     8.0381     1.7066    89.6699 1.0000e-12  -67.51060  -70.58934 336.063928      99.95 2.6443e+01   2505.417      60131         16  0.000e+00
     61.757     61.132    -0.6803  27.725750    -0.6828  27.722038     7.9534     8.0378     1.7066    89.6699 1.0000e-12  -67.51060  -70.58934 336.063929      99.95 2.6443e+01   2505.458      60132         16  0.000e+00
     61.805     61.179    -0.6801  27.726095    -0.6828  27.722150     7.9597     8.0321     1.7066    89.6957 1.0000e-12  -67.51060  -70.58934 336.063929      99.98 2.6443e+01   2505.500      60133         16  0.000e+00
     61.757     61.132    -0.6798  27.726152    -0.6822  27.723216     7.9615     8.0363     1.7139    89.6699 1.0000e-12  -67.51060  -70.58934 336.063930      99.98 2.6443e+01   2505.542      60134         16  0.000e+00
     61.805     61.179    -0.6795  27.726152    -0.6818  27.723777     7.9666     8.0361     1.8091    89.6699 1.0000e-12  -67.51060  -70.58934 336.063930      99.95 2.6443e+01   2505.583      60135         16  0.000e+00
     61.805     61.179    -0.6792  27.726324    -0.6817  27.724169     7.9685     8.0359     1.8531    89.6699 1.0000e-12  -67.51060  -70.58934 336.063931      99.95 2.6443e+01   2505.625      60136         16  0.000e+00
     61.859     61.233    -0.6788  27.726439    -0.6814  27.724170     7.9690     8.0358     1.8531    89.6957 1.0000e-12  -67.51060  -70.58934 336.063931      99.95 2.6443e+01   2505.667      60137         16  0.000e+00
     61.859     61.233    -0.6790  27.726611    -0.6812  27.724338     7.9695     8.0356     1.8458    89.6957 1.0000e-12  -67.51060  -70.58934 336.063932      99.98 2.6443e+01   2505.708      60138         16  0.000e+00
     61.859     61.233    -0.6790  27.726497    -0.6806  27.724562     7.9744     8.0353     1.8458    89.6699 1.0000e-12  -67.51060  -70.58934 336.063932      99.98 2.6443e+01   2505.750      60139         16  0.000e+00
     61.907     61.281    -0.6793  27.726210    -0.6803  27.724506     7.9702     8.0361     1.8458    89.6699 1.0000e-12  -67.51060  -70.58934 336.063933      99.98 2.6443e+01   2505.792      60140         16  0.000e+00
     61.860     61.233    -0.6790  27.726324    -0.6799  27.724618     7.9644     8.0358     1.8458    89.6699 1.0000e-12  -67.51060  -70.58934 336.063933      99.98 2.6443e+01   2505.833      60141         16  0.000e+00
     45.085     44.631    -0.6753  27.721111    -0.6778  27.718180     7.9931     8.0594     1.9263    89.5927 1.6562e-01  -67.51062  -70.58970 336.064698      99.95 2.4680e+01   2571.875      61726         17  0.000e+00
     45.085     44.631    -0.6754  27.721226    -0.6774  27.718685     7.9888     8.0587     1.9263    89.5927 1.6562e-01  -67.51062  -70.58970 336.064698      99.95 2.4680e+01   2571.917      61727         17  0.000e+00
     45.140     44.685    -0.6753  27.721341    -0.6768  27.719189     7.9890     8.0635     1.9263    89.5927 1.6328e-01  -67.51062  -70.58970 336.064699      99.95 2.4680e+01   2571.958      61728         17  0.000e+00
     45.099     44.644    -0.6751  27.721571    -0.6766  27.719358     7.9876     8.0637     1.9263    89.5927 1.6328e-01  -67.51062  -70.58970 336.064699      99.98 2.4680e+01   2572.000      61729         17  0.000e+00
     45.188     44.732    -0.6753  27.721628    -0.6767  27.719414     7.9864     8.0641     1.9263    89.5927 1.6328e-01  -67.51062  -70.58970 336.064700      99.98 2.4680e+01   2572.042      61730         17  0.000e+00
     45.140     44.685    -0.6750  27.721628    -0.6761  27.719582     7.9791     8.0587     1.9263    89.5927 1.6328e-01  -67.51062  -70.58970 336.064700      99.95 2.4680e+01   2572.083      61731         17  0.000e+00
     45.188     44.732    -0.6748  27.721801    -0.6757  27.719750     7.9763     8.0636     1.9263    89.6184 1.6094e-01  -67.51062  -70.58970 336.064701      99.93 2.4680e+01   2572.125      61732         17  0.000e+00
     45.202     44.746    -0.6750  27.721915    -0.6759  27.719862     7.9809     8.0585     1.9263    89.5927 1.6094e-01  -67.51062  -70.58970 336.064701      99.98 2.4680e+01   2572.167      61733         17  0.000e+00
     45.188     44.732    -0.6750  27.721686    -0.6756  27.719918     7.9897     8.0634     1.9263    89.5927 1.6094e-01  -67.51062  -70.58970 336.064701      99.98 2.4680e+01   2572.208      61734         17  0.000e+00
     45.236     44.780    -0.6750  27.721571    -0.6752  27.720087     7.9911     8.0638     1.9263    89.5927 1.6094e-01  -67.51062  -70.58970 336.064702      99.98 2.4680e+01   2572.250      61735         17  0.000e+00
     45.236     44.780    -0.6751  27.721801    -0.6751  27.720031     7.9899     8.0641     1.9263    89.5927 1.5861e-01  -67.51062  -70.58970 336.064702      99.98 2.4680e+01   2572.292      61736         17  0.000e+00
     45.250     44.793    -0.6753  27.721686    -0.6750  27.720143     7.9920     8.0645     1.9263    89.5927 1.5861e-01  -67.51062  -70.58970 336.064703      99.98 2.4680e+01   2572.333      61737         17  0.000e+00
