NBP2113_155081_ctd/data/nbp2113_068.ros
* Sea-Bird SBE 9 Data File:
* FileName = D:\Data\raw\NBP2113_068.hex
* Software Version Seasave V 7.26.7.121
* Temperature SN = 2438
* Conductivity SN = 2067
* Number of Bytes Per Scan = 40
* Number of Voltage Words = 5
* Number of Scans Averaged by the Deck Unit = 1
* NMEA Latitude = 63 34.55 S
* NMEA Longitude = 060 41.64 W
* NMEA UTC (Time) = Dec 15 2021  00:43:21
* NMEA baud rate = 9600
** Ship: RVIB N.B. Palmer
** Cruise: NBP2113 LTER
** Station: 831.-002
** Operator: S. Blackman
# nquan = 20
# nvalues = 1125                                  
# units = specified
# name 0 = prDM: Pressure, Digiquartz [db]
# name 1 = depSM: Depth [salt water, m]
# name 2 = t090C: Temperature [ITS-90, deg C]
# name 3 = c0mS/cm: Conductivity [mS/cm]
# name 4 = t190C: Temperature, 2 [ITS-90, deg C]
# name 5 = c1mS/cm: Conductivity, 2 [mS/cm]
# name 6 = sbeox0ML/L: Oxygen, SBE 43 [ml/l]
# name 7 = sbeox1ML/L: Oxygen, SBE 43, 2 [ml/l]
# name 8 = flECO-AFL: Fluorescence, WET Labs ECO-AFL/FL [mg/m^3]
# name 9 = CStarTr0: Beam Transmission, WET Labs C-Star [%]
# name 10 = par: PAR/Irradiance, Biospherical/Licor
# name 11 = latitude: Latitude [deg]
# name 12 = longitude: Longitude [deg]
# name 13 = timeJ: Julian Days
# name 14 = altM: Altimeter [m]
# name 15 = spar: SPAR, Biospherical/Licor
# name 16 = timeS: Time, Elapsed [seconds]
# name 17 = scan: Scan Count
# name 18 = nbf: Bottles Fired
# name 19 = flag:  0.000e+00
# interval = seconds: 0.0416667
# start_time = Dec 15 2021 00:43:21 [NMEA time, header]
# bad_flag = -9.990e-29
*END*
[from data line 724]
     40.777     40.377    -0.0519  28.421496    -0.0522  28.420036     7.4831     7.5549     1.3549    82.3313 8.7396e-02  -63.57552  -60.69390 349.056129      99.98 1.7629e+01   2248.542      53966         15  0.000e+00
     40.777     40.377    -0.0519  28.421496    -0.0522  28.420206     7.4824     7.5541     1.3549    82.3055 8.7396e-02  -63.57552  -60.69390 349.056129      99.98 1.7629e+01   2248.583      53967         15  0.000e+00
     40.777     40.377    -0.0518  28.421496    -0.0521  28.419923     7.4872     7.5542     1.3549    82.3055 8.9526e-02  -63.57552  -60.69390 349.056130      99.95 1.7629e+01   2248.625      53968         15  0.000e+00
     40.777     40.377    -0.0514  28.421728    -0.0522  28.419923     7.4875     7.5544     1.3622    82.3055 8.7396e-02  -63.57552  -60.69390 349.056130      99.93 1.7629e+01   2248.667      53969         15  0.000e+00
     40.688     40.289    -0.0516  28.421496    -0.0524  28.420036     7.4821     7.5544     1.3549    82.3313 8.7396e-02  -63.57552  -60.69390 349.056131      99.95 1.7629e+01   2248.708      53970         15  0.000e+00
     40.729     40.330    -0.0524  28.421786    -0.0524  28.419640     7.4811     7.5546     1.3549    82.3055 8.7396e-02  -63.57552  -60.69390 349.056131      99.98 1.7629e+01   2248.750      53971         15  0.000e+00
     40.729     40.330    -0.0526  28.421496    -0.0522  28.419640     7.4857     7.5538     1.3622    82.3055 8.7396e-02  -63.57552  -60.69390 349.056132      99.98 1.7629e+01   2248.792      53972         15  0.000e+00
     40.674     40.276    -0.0519  28.421206    -0.0519  28.419527     7.4870     7.5583     1.3622    82.3313 8.9526e-02  -63.57552  -60.69390 349.056132      99.95 1.7629e+01   2248.833      53973         15  0.000e+00
     40.674     40.276    -0.0513  28.421206    -0.0521  28.420206     7.4812     7.5537     1.3549    82.3055 8.7396e-02  -63.57552  -60.69390 349.056133      99.95 1.7629e+01   2248.875      53974         15  0.000e+00
     40.626     40.228    -0.0507  28.422017    -0.0519  28.419923     7.4796     7.5590     1.3549    82.3313 8.7396e-02  -63.57552  -60.69390 349.056133      99.98 1.7629e+01   2248.917      53975         15  0.000e+00
     40.640     40.242    -0.0503  28.422017    -0.0519  28.420206     7.4866     7.5544     1.3549    82.4085 8.7396e-02  -63.57552  -60.69390 349.056134      99.98 1.7629e+01   2248.958      53976         15  0.000e+00
     39.970     39.579    -0.0629  28.415584    -0.0625  28.413809     7.4745     7.5600     1.4208    82.6403 8.9526e-02  -63.57552  -60.69392 349.056157      99.98 1.7629e+01   2250.958      54024         16  0.000e+00
     39.970     39.579    -0.0626  28.415526    -0.0621  28.414205     7.4787     7.5640     1.4208    82.6403 8.9526e-02  -63.57552  -60.69392 349.056157      99.98 1.7629e+01   2251.000      54025         16  0.000e+00
     39.929     39.538    -0.0626  28.415352    -0.0623  28.414318     7.4786     7.5635     1.4208    82.6403 8.9526e-02  -63.57552  -60.69392 349.056158      99.98 1.7629e+01   2251.042      54026         16  0.000e+00
     39.915     39.524    -0.0623  28.415873    -0.0620  28.414035     7.4770     7.5638     1.4208    82.6403 8.9526e-02  -63.57552  -60.69392 349.056158      99.98 1.7629e+01   2251.083      54027         16  0.000e+00
     39.915     39.524    -0.0626  28.415584    -0.0621  28.414035     7.4698     7.5633     1.4208    82.6403 8.9526e-02  -63.57552  -60.69392 349.056159      99.95 1.7629e+01   2251.125      54028         16  0.000e+00
     39.970     39.579    -0.0622  28.415584    -0.0619  28.414488     7.4741     7.5627     1.4208    82.6403 8.9526e-02  -63.57552  -60.69392 349.056159      99.98 1.7629e+01   2251.167      54029         16  0.000e+00
     39.915     39.524    -0.0618  28.415873    -0.0618  28.414318     7.4738     7.5621     1.4208    82.6403 8.9526e-02  -63.57552  -60.69392 349.056160      99.98 1.7629e+01   2251.208      54030         16  0.000e+00
     39.970     39.579    -0.0609  28.416105    -0.0620  28.413809     7.4721     7.5616     1.4208    82.6403 8.9526e-02  -63.57552  -60.69392 349.056160      99.98 1.7629e+01   2251.250      54031         16  0.000e+00
     39.881     39.491    -0.0592  28.415873    -0.0619  28.414205     7.4645     7.5607     1.4208    82.6403 8.9526e-02  -63.57552  -60.69392 349.056161      99.95 1.7629e+01   2251.292      54032         16  0.000e+00
     39.970     39.579    -0.0577  28.416974    -0.0620  28.414884     7.4684     7.5601     1.4208    82.6403 8.9526e-02  -63.57552  -60.69392 349.056161      99.93 1.7629e+01   2251.333      54033         16  0.000e+00
     39.916     39.525    -0.0555  28.417495    -0.0617  28.414318     7.4677     7.5593     1.4208    82.6403 8.9526e-02  -63.57552  -60.69392 349.056162      99.95 1.7629e+01   2251.375      54034         16  0.000e+00
     39.916     39.525    -0.0548  28.418828    -0.0617  28.414318     7.4616     7.5586     1.4208    82.6403 8.9526e-02  -63.57552  -60.69392 349.056162      99.98 1.7629e+01   2251.417      54035         16  0.000e+00
     39.970     39.579    -0.0530  28.419060    -0.0612  28.414714     7.4642     7.5586     1.4208    82.6403 8.9526e-02  -63.57552  -60.69392 349.056163      99.98 1.7629e+01   2251.458      54036         16  0.000e+00
     39.916     39.525    -0.0518  28.420103    -0.0610  28.414884     7.4707     7.5585     1.4208    82.6403 8.9526e-02  -63.57552  -60.69392 349.056163      99.98 1.7629e+01   2251.500      54037         16  0.000e+00
     39.916     39.525    -0.0502  28.420972    -0.0610  28.415110     7.4658     7.5586     1.4208    82.6403 8.7396e-02  -63.57552  -60.69392 349.056164      99.98 1.7629e+01   2251.542      54038         16  0.000e+00
     39.984     39.592    -0.0488  28.422015    -0.0608  28.414884     7.4653     7.5587     1.4208    82.6403 8.7396e-02  -63.57552  -60.69392 349.056164      99.98 1.7629e+01   2251.583      54039         16  0.000e+00
     39.916     39.525    -0.0485  28.422595    -0.0606  28.414997     7.4592     7.5587     1.4208    82.6403 8.7396e-02  -63.57552  -60.69392 349.056165      99.95 1.7629e+01   2251.625      54040         16  0.000e+00
     39.970     39.579    -0.0479  28.423116    -0.0608  28.415394     7.4647     7.5588     1.5381    82.6403 8.7396e-02  -63.57552  -60.69392 349.056165      99.95 1.7629e+01   2251.667      54041         16  0.000e+00
     39.970     39.579    -0.0473  28.423638    -0.0613  28.414884     7.4588     7.5581     1.6406    82.6403 8.7396e-02  -63.57552  -60.69392 349.056166      99.98 1.7629e+01   2251.708      54042         16  0.000e+00
     39.970     39.579    -0.0473  28.423348    -0.0613  28.414601     7.4574     7.5582     1.6626    82.6403 8.7396e-02  -63.57552  -60.69392 349.056166      99.98 1.7629e+01   2251.750      54043         16  0.000e+00
     39.971     39.579    -0.0473  28.423348    -0.0616  28.414997     7.4561     7.5582     1.6553    82.6403 8.7396e-02  -63.57552  -60.69392 349.056167      99.98 1.7629e+01   2251.792      54044         16  0.000e+00
     39.984     39.593    -0.0469  28.423638    -0.0613  28.414318     7.4619     7.5583     1.6480    82.6660 8.7396e-02  -63.57552  -60.69392 349.056167      99.95 1.7629e+01   2251.833      54045         16  0.000e+00
     40.018     39.626    -0.0469  28.423928    -0.0614  28.415394     7.4577     7.5583     1.6480    82.6403 8.7396e-02  -63.57552  -60.69392 349.056168      99.95 1.7629e+01   2251.875      54046         16  0.000e+00
     40.019     39.626    -0.0467  28.423928    -0.0603  28.414714     7.4565     7.5582     1.6480    82.6403 8.7396e-02  -63.57552  -60.69392 349.056168      99.98 1.7629e+01   2251.917      54047         16  0.000e+00
     40.019     39.626    -0.0465  28.424160    -0.0579  28.415393     7.4555     7.5577     1.6480    82.6660 8.7396e-02  -63.57552  -60.69392 349.056168      99.98 1.7629e+01   2251.958      54048         16  0.000e+00
     40.019     39.626    -0.0463  28.424160    -0.0586  28.416186     7.4615     7.5579     1.6480    82.6403 8.7396e-02  -63.57552  -60.69392 349.056169      99.98 1.7629e+01   2252.000      54049         16  0.000e+00
     40.019     39.626    -0.0460  28.424160    -0.0584  28.416695     7.4618     7.5578     1.6480    82.6403 8.7396e-02  -63.57552  -60.69392 349.056169      99.98 1.7629e+01   2252.042      54050         16  0.000e+00
     40.032     39.640    -0.0456  28.424449    -0.0562  28.417884     7.4622     7.5574     1.6480    82.6403 8.7396e-02  -63.57552  -60.69392 349.056170      99.98 1.7629e+01   2252.083      54051         16  0.000e+00
     40.019     39.627    -0.0453  28.424449    -0.0532  28.417261     7.4567     7.5623     1.6480    82.6660 8.7396e-02  -63.57552  -60.69392 349.056170      99.95 1.7629e+01   2252.125      54052         16  0.000e+00
     40.073     39.681    -0.0454  28.424739    -0.0516  28.418563     7.4616     7.5575     1.6480    82.6660 8.5272e-02  -63.57552  -60.69392 349.056171      99.93 1.7629e+01   2252.167      54053         16  0.000e+00
     40.073     39.681    -0.0460  28.424449    -0.0496  28.420204     7.4622     7.5570     1.6480    82.6403 8.7396e-02  -63.57552  -60.69392 349.056171      99.95 1.7629e+01   2252.208      54054         16  0.000e+00
     40.073     39.681    -0.0463  28.424160    -0.0485  28.420827     7.4627     7.5568     1.6480    82.6403 8.5272e-02  -63.57552  -60.69392 349.056172      99.98 1.7629e+01   2252.250      54055         16  0.000e+00
     40.121     39.728    -0.0469  28.424450    -0.0477  28.421789     7.4633     7.5566     1.6480    82.6403 8.5272e-02  -63.57552  -60.69392 349.056172      99.98 1.7629e+01   2252.292      54056         16  0.000e+00
     40.073     39.681    -0.0471  28.424450    -0.0473  28.422072     7.4694     7.5565     1.6480    82.6145 8.7396e-02  -63.57552  -60.69392 349.056173      99.95 1.7629e+01   2252.333      54057         16  0.000e+00
     40.135     39.742    -0.0471  28.423870    -0.0479  28.422129     7.4712     7.5566     1.6480    82.6145 8.5272e-02  -63.57552  -60.69392 349.056173      99.95 1.7629e+01   2252.375      54058         16  0.000e+00
     40.121     39.728    -0.0473  28.423928    -0.0479  28.422298     7.4671     7.5566     1.6480    82.6145 8.5272e-02  -63.57552  -60.69392 349.056174      99.98 1.7629e+01   2252.417      54059         16  0.000e+00
     40.121     39.728    -0.0469  28.423638    -0.0479  28.422072     7.4674     7.5566     1.6480    82.6145 8.5272e-02  -63.57552  -60.69392 349.056174      99.98 1.7629e+01   2252.458      54060         16  0.000e+00
     40.169     39.776    -0.0467  28.424160    -0.0481  28.421789     7.4748     7.5567     1.6480    82.6145 8.5272e-02  -63.57552  -60.69392 349.056175      99.98 1.7629e+01   2252.500      54061         16  0.000e+00
     40.121     39.728    -0.0466  28.424450    -0.0482  28.421619     7.4706     7.5567     1.6480    82.6145 8.5272e-02  -63.57552  -60.69392 349.056175      99.98 1.7629e+01   2252.542      54062         16  0.000e+00
     40.224     39.830    -0.0465  28.424740    -0.0481  28.421789     7.4710     7.5568     1.6480    82.6145 8.5272e-02  -63.57552  -60.69392 349.056176      99.98 1.7629e+01   2252.583      54063         16  0.000e+00
     40.135     39.742    -0.0468  28.424160    -0.0482  28.422072     7.4713     7.5567     1.6480    82.6403 8.5272e-02  -63.57552  -60.69392 349.056176      99.95 1.7629e+01   2252.625      54064         16  0.000e+00
     40.224     39.830    -0.0467  28.424450    -0.0481  28.421620     7.4788     7.5568     1.6480    82.6145 8.3154e-02  -63.57552  -60.69392 349.056177      99.95 1.7629e+01   2252.667      54065         16  0.000e+00
     40.169     39.776    -0.0466  28.424450    -0.0470  28.422299     7.4760     7.5565     1.6480    82.6145 8.5272e-02  -63.57552  -60.69392 349.056177      99.98 1.7629e+01   2252.708      54066         16  0.000e+00
     40.224     39.830    -0.0463  28.424450    -0.0464  28.422299     7.4764     7.5564     1.6333    82.6145 8.3154e-02  -63.57552  -60.69392 349.056178      99.98 1.7629e+01   2252.750      54067         16  0.000e+00
     40.170     39.776    -0.0466  28.424740    -0.0469  28.422865     7.4767     7.5564     1.6040    82.6145 8.3154e-02  -63.57552  -60.69392 349.056178      99.95 1.7629e+01   2252.792      54068         16  0.000e+00
     40.272     39.878    -0.0463  28.424740    -0.0467  28.422921     7.4772     7.5565     1.5967    82.6403 8.3154e-02  -63.57552  -60.69392 349.056179      99.93 1.7629e+01   2252.833      54069         16  0.000e+00
     40.238     39.844    -0.0458  28.424450    -0.0465  28.423374     7.4832     7.5510     1.5967    82.6145 8.3154e-02  -63.57552  -60.69392 349.056179      99.95 1.7629e+01   2252.875      54070         16  0.000e+00
     40.272     39.878    -0.0454  28.425261    -0.0469  28.423091     7.4790     7.5557     1.5967    82.6145 8.3154e-02  -63.57552  -60.69392 349.056180      99.98 1.7629e+01   2252.917      54071         16  0.000e+00
     40.224     39.830    -0.0451  28.424971    -0.0467  28.422695     7.4792     7.5557     1.5967    82.6145 8.3154e-02  -63.57552  -60.69392 349.056180      99.98 1.7629e+01   2252.958      54072         16  0.000e+00
     40.376     39.980    -0.0445  28.426595    -0.0449  28.424167     7.4767     7.5482     1.6553    82.3313 8.3154e-02  -63.57554  -60.69392 349.056200      99.98 1.7629e+01   2254.708      54114         17  0.000e+00
     40.328     39.933    -0.0446  28.425493    -0.0451  28.423940     7.4769     7.5529     1.6553    82.3313 8.3154e-02  -63.57554  -60.69392 349.056201      99.98 1.7629e+01   2254.750      54115         17  0.000e+00
     40.424     40.028    -0.0446  28.425493    -0.0449  28.423714     7.4772     7.5478     1.6553    82.3313 8.3154e-02  -63.57554  -60.69392 349.056201      99.95 1.7629e+01   2254.792      54116         17  0.000e+00
     40.328     39.933    -0.0440  28.425493    -0.0450  28.423657     7.4714     7.5526     1.6553    82.2540 8.3154e-02  -63.57554  -60.69392 349.056202      99.93 1.7629e+01   2254.833      54117         17  0.000e+00
     40.376     39.980    -0.0438  28.425783    -0.0448  28.423941     7.4759     7.5474     1.6553    82.2025 8.3154e-02  -63.57554  -60.69392 349.056202      99.95 1.7629e+01   2254.875      54118         17  0.000e+00
     40.287     39.892    -0.0438  28.425783    -0.0444  28.423657     7.4772     7.5458     1.6553    82.1768 8.3154e-02  -63.57554  -60.69392 349.056203      99.98 1.7629e+01   2254.917      54119         17  0.000e+00
     40.328     39.933    -0.0438  28.425783    -0.0444  28.423714     7.4773     7.5507     1.5381    82.2025 8.3154e-02  -63.57554  -60.69392 349.056203      99.98 1.7629e+01   2254.958      54120         17  0.000e+00
     40.273     39.879    -0.0435  28.426073    -0.0445  28.424167     7.4715     7.5455     1.4502    82.1768 8.3154e-02  -63.57554  -60.69392 349.056204      99.98 1.7629e+01   2255.000      54121         17  0.000e+00
     40.273     39.879    -0.0439  28.425783    -0.0441  28.423940     7.4773     7.5503     1.4355    82.1768 8.3154e-02  -63.57554  -60.69392 349.056204      99.98 1.7629e+01   2255.042      54122         17  0.000e+00
     40.273     39.879    -0.0437  28.425783    -0.0438  28.423997     7.4786     7.5506     1.4428    82.2025 8.5272e-02  -63.57554  -60.69392 349.056205      99.98 1.7629e+01   2255.083      54123         17  0.000e+00
     40.273     39.879    -0.0437  28.425493    -0.0436  28.424733     7.4787     7.5508     1.4428    82.2025 8.5272e-02  -63.57554  -60.69392 349.056205      99.95 1.7629e+01   2255.125      54124         17  0.000e+00
     40.239     39.845    -0.0437  28.425783    -0.0433  28.424449     7.4786     7.5511     1.4428    82.1768 8.5272e-02  -63.57554  -60.69392 349.056206      99.95 1.7629e+01   2255.167      54125         17  0.000e+00
