NBP2113_155081_ctd/data/nbp2113_014.cnv
* Sea-Bird SBE 9 Data File:
* FileName = D:\Data\raw\NBP2113_014.hex
* Software Version Seasave V 7.26.7.121
* Temperature SN = 2438
* Conductivity SN = 2067
* Number of Bytes Per Scan = 40
* Number of Voltage Words = 5
* Number of Scans Averaged by the Deck Unit = 1
* NMEA Latitude = 65 28.72 S
* NMEA Longitude = 066 08.92 W
* NMEA UTC (Time) = Nov 27 2021  11:12:57
* NMEA baud rate = 9600
** Ship: RVIB N.B. Palmer
** Cruise: NBP2113 LTER
** Station: 500.060
** Operator: B. Urmston
# nquan = 25
# nvalues = 608                         
# units = specified
# name 0 = prDM: Pressure, Digiquartz [db]
# name 1 = depSM: Depth [salt water, m]
# name 2 = t090C: Temperature [ITS-90, deg C]
# name 3 = c0mS/cm: Conductivity [mS/cm]
# name 4 = t190C: Temperature, 2 [ITS-90, deg C]
# name 5 = c1mS/cm: Conductivity, 2 [mS/cm]
# name 6 = sbeox0ML/L: Oxygen, SBE 43 [ml/l]
# name 7 = sbeox1ML/L: Oxygen, SBE 43, 2 [ml/l]
# name 8 = flECO-AFL: Fluorescence, WET Labs ECO-AFL/FL [mg/m^3]
# name 9 = CStarTr0: Beam Transmission, WET Labs C-Star [%]
# name 10 = par: PAR/Irradiance, Biospherical/Licor
# name 11 = latitude: Latitude [deg]
# name 12 = longitude: Longitude [deg]
# name 13 = timeJ: Julian Days
# name 14 = altM: Altimeter [m]
# name 15 = spar: SPAR, Biospherical/Licor
# name 16 = timeS: Time, Elapsed [seconds]
# name 17 = scan: Scan Count
# name 18 = density00: Density [density, kg/m^3]
# name 19 = density11: Density, 2 [density, kg/m^3]
# name 20 = sal00: Salinity, Practical [PSU]
# name 21 = sal11: Salinity, Practical, 2 [PSU]
# name 22 = oxsolML/L: Oxygen Saturation, Garcia & Gordon [ml/l]
# name 23 = nbin: number of scans per bin
# name 24 = flag: flag
# span 0 =      1.000,    306.000       
# span 1 =      0.988,    302.767       
# span 2 =    -1.3368,     1.3198       
# span 3 =  27.166280,  30.049096       
# span 4 =    -1.3343,     1.3197       
# span 5 =  27.167017,  30.048324       
# span 6 =     4.3260,     9.7249       
# span 7 =     4.3164,     9.5421       
# span 8 =    -0.0172,     1.7164       
# span 9 =    89.3752,    97.4266       
# span 10 = 1.0000e-12, 1.8249e+02      
# span 11 =  -65.47883,  -65.47864      
# span 12 =  -66.14942,  -66.14826      
# span 13 = 331.471157, 331.489994      
# span 14 =       6.00,     102.37      
# span 15 = 1.6518e+02, 2.6974e+02      
# span 16 =    330.979,   1958.469      
# span 17 =       7945,      47004      
# span 18 =  1027.1715,  1029.1865      
# span 19 =  1027.1675,  1029.1855      
# span 20 =    33.7853,    34.6526      
# span 21 =    33.7830,    34.6517      
# span 22 =    7.76119,    8.36013      
# span 23 =         11,         50      
# span 24 = 0.0000e+00, 0.0000e+00      
# interval = decibars: 1                
# start_time = Nov 27 2021 11:12:57 [NMEA time, header]
# bad_flag = -9.990e-29
*END*
      4.000      3.960    -0.8229  27.440506    -0.8227  27.438544     8.1307     8.1138     1.4127    89.3752 6.7786e+01  -65.47870  -66.14899 331.471157      92.03 1.6518e+02    330.979       7945  1027.1826  1027.1804    33.7868    33.7840    8.25560         30 0.0000e+00
      5.000      4.950    -0.8232  27.440793    -0.8229  27.439067     8.1587     8.1244     1.3545    89.5230 5.7396e+01  -65.47870  -66.14898 331.471170     100.26 1.6523e+02    332.103       7971  1027.1875  1027.1854    33.7869    33.7843    8.25566         22 0.0000e+00
      6.000      5.940    -0.8236  27.440946    -0.8233  27.439334     8.1486     8.1256     1.3711    89.5169 5.0207e+01  -65.47871  -66.14897 331.471179      99.97 1.6561e+02    332.889       7990  1027.1924  1027.1903    33.7869    33.7844    8.25574         17 0.0000e+00
      7.000      6.961    -0.8290  27.436881    -0.8280  27.435785     8.1629     8.1231     1.3836    89.5273 4.3955e+01  -65.47872  -66.14896 331.471187      99.97 1.6571e+02    333.544       8006  1027.1975  1027.1954    33.7869    33.7843    8.25694         15 0.0000e+00
      8.000      7.927    -0.8305  27.436115    -0.8287  27.435698     8.1450     8.1266     1.6094    89.5576 4.0303e+01  -65.47870  -66.14898 331.471253      99.97 1.6595e+02    339.267       8143  1027.2024  1027.2002    33.7870    33.7843    8.25727         36 0.0000e+00
      9.000      8.911    -0.8244  27.441514    -0.8237  27.440327     8.1604     8.1297     1.7046    89.5219 3.3839e+01  -65.47872  -66.14897 331.471311      99.97 1.6745e+02    344.247       8263  1027.2066  1027.2046    33.7868    33.7844    8.25594         38 0.0000e+00
     10.000      9.901    -0.8235  27.442606    -0.8226  27.441705     8.1575     8.1299     1.7164    89.4959 2.9483e+01  -65.47872  -66.14894 331.471334      99.97 1.6747e+02    346.284       8312  1027.2113  1027.2094    33.7866    33.7843    8.25575         37 0.0000e+00
     11.000     10.892    -0.8245  27.442128    -0.8237  27.441120     8.1608     8.1237     1.6447    89.5287 2.5959e+01  -65.47872  -66.14893 331.471440      99.97 1.6899e+02    355.444       8532  1027.2160  1027.2142    33.7865    33.7843    8.25598         39 0.0000e+00
     12.000     11.881    -0.8245  27.442582    -0.8227  27.442360     8.1433     8.1271     1.6002    89.5136 2.2106e+01  -65.47872  -66.14889 331.471476      99.97 1.6813e+02    358.493       8605  1027.2209  1027.2188    33.7865    33.7841    8.25598         31 0.0000e+00
     13.000     12.872    -0.8244  27.443287    -0.8232  27.442452     8.1441     8.1300     1.6028    89.5038 2.0800e+01  -65.47872  -66.14888 331.471528      99.96 1.6834e+02    363.058       8714  1027.2258  1027.2237    33.7867    33.7842    8.25593         40 0.0000e+00
     14.000     13.856    -0.8238  27.444082    -0.8226  27.443370     8.1720     8.1246     1.6268    89.5177 2.0331e+01  -65.47872  -66.14887 331.471603      99.06 1.7046e+02    369.494       8869  1027.2304  1027.2284    33.7865    33.7842    8.25582         29 0.0000e+00
     15.000     14.854    -0.8250  27.443496    -0.8244  27.442407     8.1517     8.1233     1.6464    89.4884 1.8659e+01  -65.47872  -66.14885 331.471639      99.89 1.7103e+02    372.608       8944  1027.2352  1027.2335    33.7865    33.7843    8.25609         38 0.0000e+00
     16.000     15.841    -0.8254  27.443702    -0.8242  27.443041     8.1786     8.1328     1.5958    89.4517 1.6774e+01  -65.47872  -66.14884 331.471703      99.30 1.7381e+02    378.148       9077  1027.2401  1027.2382    33.7865    33.7843    8.25617         24 0.0000e+00
     17.000     16.829    -0.8201  27.448107    -0.8190  27.447282     8.1672     8.1318     1.6166    89.4117 1.4677e+01  -65.47870  -66.14882 331.471751      99.91 1.7469e+02    382.259       9175  1027.2441  1027.2422    33.7859    33.7836    8.25504         33 0.0000e+00
     18.000     17.820    -0.8212  27.447764    -0.8200  27.447066     8.2018     8.1282     1.5839    89.4366 1.3141e+01  -65.47871  -66.14880 331.471797      99.97 1.7616e+02    386.290       9272  1027.2492  1027.2472    33.7861    33.7838    8.25528         26 0.0000e+00
     19.000     18.813    -0.8229  27.446996    -0.8213  27.446605     8.1559     8.1225     1.6038    89.4581 1.1893e+01  -65.47870  -66.14878 331.471834      99.97 1.7629e+02    389.493       9349  1027.2542  1027.2523    33.7863    33.7841    8.25563         32 0.0000e+00
     20.000     19.801    -0.8246  27.445992    -0.8238  27.444861     8.1697     8.1266     1.5586    89.5071 1.0924e+01  -65.47870  -66.14877 331.471899      99.97 1.7629e+02    395.046       9482  1027.2591  1027.2571    33.7862    33.7838    8.25601         28 0.0000e+00
     21.000     20.792    -0.8323  27.440086    -0.8308  27.439632     8.1609     8.1222     1.5374    89.5140 9.6784e+00  -65.47870  -66.14876 331.471930      99.97 1.7629e+02    397.726       9546  1027.2644  1027.2624    33.7863    33.7839    8.25770         22 0.0000e+00
     22.000     21.782    -0.8306  27.441791    -0.8294  27.441041     8.1576     8.1197     1.5535    89.5521 9.0788e+00  -65.47870  -66.14876 331.471976      99.97 1.7629e+02    401.742       9643  1027.2688  1027.2668    33.7860    33.7837    8.25733         38 0.0000e+00
     23.000     22.772    -0.8259  27.445704    -0.8244  27.445101     8.1576     8.1278     1.6077    89.5089 8.6026e+00  -65.47869  -66.14874 331.472049      99.97 1.7744e+02    408.041       9794  1027.2728  1027.2708    33.7855    33.7830    8.25634         24 0.0000e+00
     24.000     23.763    -0.8287  27.443699    -0.8301  27.441065     8.1774     8.1256     1.6376    89.4769 7.4621e+00  -65.47870  -66.14871 331.472091      99.97 1.7802e+02    411.650       9881  1027.2777  1027.2762    33.7853    33.7833    8.25697         43 0.0000e+00
     25.000     24.749    -0.8294  27.443709    -0.8285  27.442709     8.1594     8.1260     1.6759    89.5599 6.7150e+00  -65.47870  -66.14870 331.472120      99.96 1.7876e+02    414.179       9941  1027.2826  1027.2807    33.7855    33.7831    8.25712         25 0.0000e+00
     26.000     25.742    -0.8364  27.438361    -0.8343  27.438476     8.1418     8.1096     1.6538    89.6144 6.3712e+00  -65.47870  -66.14868 331.472205      99.97 1.8148e+02    421.513      10117  1027.2879  1027.2859    33.7855    33.7832    8.25865         36 0.0000e+00
     27.000     26.733    -0.8485  27.429357    -0.8484  27.427768     8.1517     8.1053     1.5168    89.6658 5.8948e+00  -65.47870  -66.14866 331.472227      99.97 1.8158e+02    423.440      10164  1027.2940  1027.2921    33.7862    33.7839    8.26126         38 0.0000e+00
     28.000     27.725    -0.8511  27.427868    -0.8500  27.427108     8.1442     8.1056     1.5754    89.8276 5.8968e+00  -65.47870  -66.14867 331.472302      99.97 1.8420e+02    429.929      10319  1027.2989  1027.2969    33.7865    33.7842    8.26181         25 0.0000e+00
     29.000     28.711    -0.8532  27.426648    -0.8513  27.426442     8.1485     8.0997     1.6250    89.8762 5.4231e+00  -65.47870  -66.14866 331.472353      99.97 1.8573e+02    434.320      10425  1027.3037  1027.3017    33.7865    33.7842    8.26226         36 0.0000e+00
     30.000     29.703    -0.8626  27.419672    -0.8628  27.417759     8.1484     8.0944     1.7062    89.9084 4.5394e+00  -65.47870  -66.14862 331.472385      99.97 1.8684e+02    437.031      10490  1027.3094  1027.3075    33.7870    33.7846    8.26430         41 0.0000e+00
     31.000     30.693    -0.8633  27.419589    -0.8624  27.418516     8.1375     8.0905     1.7118    90.0024 4.2649e+00  -65.47870  -66.14860 331.472478      99.97 1.8815e+02    445.086      10683  1027.3141  1027.3121    33.7870    33.7846    8.26445         41 0.0000e+00
     32.000     31.682    -0.8651  27.418440    -0.8655  27.416376     8.1794     8.0872     1.5978    90.0687 3.7958e+00  -65.47870  -66.14859 331.472512      99.97 1.8685e+02    448.044      10754  1027.3188  1027.3170    33.7869    33.7846    8.26486         29 0.0000e+00
     33.000     32.673    -0.8701  27.414782    -0.8690  27.414071     8.1273     8.0942     1.4998    90.0236 3.6205e+00  -65.47870  -66.14858 331.472525      99.97 1.8759e+02    449.194      10782  1027.3240  1027.3221    33.7870    33.7847    8.26596         32 0.0000e+00
     34.000     33.662    -0.8723  27.413684    -0.8699  27.413878     8.1352     8.0919     1.5137    90.0547 3.4432e+00  -65.47870  -66.14858 331.472618      99.97 1.9019e+02    457.219      10974  1027.3290  1027.3270    33.7873    33.7849    8.26641         38 0.0000e+00
     35.000     34.652    -0.8763  27.410661    -0.8794  27.406763     8.1346     8.0831     1.5406    90.1765 3.2064e+00  -65.47868  -66.14856 331.472701      99.97 1.9328e+02    464.390      11146  1027.3338  1027.3325    33.7871    33.7852    8.26732         42 0.0000e+00
     36.000     35.641    -0.8956  27.396008    -0.8949  27.395354     8.1252     8.0543     1.5252    90.5053 3.0443e+00  -65.47868  -66.14856 331.472765      99.97 1.9524e+02    469.867      11278  1027.3405  1027.3391    33.7882    33.7865    8.27149         34 0.0000e+00
     37.000     36.633    -0.9217  27.376313    -0.9299  27.369133     8.1544     8.0608     1.5156    90.6735 2.8047e+00  -65.47868  -66.14856 331.472802      99.97 1.9634e+02    473.049      11354  1027.3482  1027.3485    33.7901    33.7896    8.27713         37 0.0000e+00
     38.000     37.624    -0.8946  27.397576    -0.9012  27.390972     8.1336     8.0591     1.5495    90.4901 2.6450e+00  -65.47867  -66.14853 331.472862      99.97 1.9860e+02    478.300      11480  1027.3497  1027.3487    33.7879    33.7864    8.27128         38 0.0000e+00
     39.000     38.612    -0.9265  27.374042    -0.9331  27.367395     8.0830     8.0517     1.4844    90.6477 2.4394e+00  -65.47866  -66.14852 331.472898      99.97 1.9919e+02    481.347      11553  1027.3592  1027.3582    33.7912    33.7895    8.27812         33 0.0000e+00
     40.000     39.603    -0.9301  27.371656    -0.9321  27.369083     8.0851     8.0512     1.3804    90.9273 2.2622e+00  -65.47866  -66.14853 331.472962      99.97 2.0156e+02    486.912      11687  1027.3638  1027.3628    33.7913    33.7901    8.27889         36 0.0000e+00
     41.000     40.594    -0.9584  27.351254    -0.9513  27.355755     8.0656     8.0219     1.3918    91.1908 2.0769e+00  -65.47866  -66.14852 331.473008      99.97 2.0298e+02    490.877      11782  1027.3729  1027.3711    33.7948    33.7930    8.28493         33 0.0000e+00
     42.000     41.582    -0.9701  27.342362    -0.9708  27.340125     8.0953     8.0141     1.3491    91.6105 2.0286e+00  -65.47866  -66.14852 331.473069      99.97 2.0449e+02    496.172      11909  1027.3779  1027.3764    33.7953    33.7930    8.28749         27 0.0000e+00
     43.000     42.570    -0.9805  27.336549    -0.9765  27.336737     8.0836     8.0147     1.3839    91.5441 1.8183e+00  -65.47866  -66.14852 331.473143      99.97 2.0578e+02    502.525      12062  1027.3858  1027.3822    33.7983    33.7942    8.28959         24 0.0000e+00
     44.000     43.564    -1.0131  27.311914    -1.0127  27.310857     8.0984     8.0235     1.3451    91.6335 1.7123e+00  -65.47866  -66.14850 331.473179      99.97 2.0625e+02    505.707      12138  1027.3944  1027.3929    33.8009    33.7990    8.29666         27 0.0000e+00
     45.000     44.553    -1.0231  27.307645    -1.0206  27.307935     8.0925     8.0263     1.2635    91.9643 1.6165e+00  -65.47866  -66.14850 331.473210      99.97 2.0626e+02    508.317      12201  1027.4035  1027.4014    33.8057    33.8033    8.29858         37 0.0000e+00
     46.000     45.543    -1.0103  27.333085    -1.0089  27.329160     8.1039     8.0178     1.1100    92.9288 1.4764e+00  -65.47866  -66.14852 331.473298      99.97 2.0609e+02    515.911      12383  1027.4229  1027.4172    33.8254    33.8185    8.29461         27 0.0000e+00
     47.000     46.532    -1.0083  27.348064    -1.0066  27.347253     8.0453     7.9829     0.9356    94.9644 1.3481e+00  -65.47866  -66.14850 331.473345      99.97 2.0415e+02    519.996      12481  1027.4418  1027.4393    33.8429    33.8399    8.29312         37 0.0000e+00
     48.000     47.521    -1.0043  27.355122    -1.0032  27.354408     8.0244     7.9738     0.4909    95.0737 1.2832e+00  -65.47866  -66.14850 331.473383      99.97 2.0272e+02    523.254      12559  1027.4500  1027.4480    33.8474    33.8452    8.29198         46 0.0000e+00
     49.000     48.512    -1.0022  27.358538    -1.0014  27.357600     8.0375     7.9655     0.4908    95.2263 1.1881e+00  -65.47866  -66.14849 331.473455      99.97 2.0340e+02    529.508      12709  1027.4559  1027.4541    33.8491    33.8469    8.29142         35 0.0000e+00
     50.000     49.502    -1.0027  27.361465    -1.0020  27.360474     8.0243     7.9436     0.4239    95.3469 1.1163e+00  -65.47866  -66.14848 331.473499      99.98 2.0447e+02    533.313      12801  1027.4639  1027.4621    33.8530    33.8509    8.29129         43 0.0000e+00
     51.000     50.492    -1.0061  27.363138    -1.0056  27.361725     7.9675     7.9181     0.4232    95.3782 1.0916e+00  -65.47866  -66.14848 331.473538      99.98 2.0604e+02    536.657      12881  1027.4733  1027.4713    33.8585    33.8560    8.29173         29 0.0000e+00
     52.000     51.482    -1.0111  27.367372    -1.0098  27.365579     7.7643     7.7627     0.3764    95.3561 1.0366e+00  -65.47866  -66.14846 331.473621      99.97 2.0964e+02    543.844      13053  1027.4872  1027.4840    33.8693    33.8654    8.29219         23 0.0000e+00
     53.000     52.473    -1.0530  27.348122    -1.0531  27.346248     7.7162     7.7430     0.3544    95.3832 9.9078e-01  -65.47866  -66.14846 331.473635      99.97 2.0977e+02    545.092      13083  1027.5112  1027.5092    33.8897    33.8872    8.30027         22 0.0000e+00
     54.000     53.462    -1.0343  27.360315    -1.0293  27.358454     7.7453     7.7504     0.3761    95.2800 9.3782e-01  -65.47866  -66.14845 331.473683      99.97 2.1273e+02    549.226      13182  1027.5104  1027.5035    33.8846    33.8764    8.29643         39 0.0000e+00
     55.000     54.451    -1.0661  27.344155    -1.0562  27.348669     7.5669     7.6197     0.3795    95.4801 8.8671e-01  -65.47866  -66.14843 331.473738      99.97 2.1584e+02    553.980      13297  1027.5277  1027.5230    33.8978    33.8928    8.30269         43 0.0000e+00
     56.000     55.442    -1.1397  27.290116    -1.1387  27.289907     7.5074     7.5297     0.4032    95.8120 8.6226e-01  -65.47866  -66.14842 331.473765      99.98 2.1688e+02    556.326      13353  1027.5439  1027.5427    33.9066    33.9051    8.31851         35 0.0000e+00
     57.000     56.432    -1.1477  27.285919    -1.1469  27.285199     7.5679     7.5396     0.2834    95.9784 8.2359e-01  -65.47866  -66.14841 331.473779      99.98 2.1833e+02    557.492      13381  1027.5509  1027.5494    33.9093    33.9073    8.32013         27 0.0000e+00
     58.000     57.421    -1.1573  27.279875    -1.1505  27.283169     7.5547     7.5339     0.2744    96.0362 7.7312e-01  -65.47866  -66.14840 331.473844      99.98 2.2002e+02    563.084      13515  1027.5569  1027.5541    33.9112    33.9080    8.32214         47 0.0000e+00
     59.000     58.411    -1.1684  27.272153    -1.1673  27.271725     7.5349     7.4935     0.2942    96.1880 7.2612e-01  -65.47866  -66.14838 331.473886      99.97 2.2210e+02    566.738      13603  1027.5630  1027.5616    33.9126    33.9107    8.32453         38 0.0000e+00
     60.000     59.402    -1.1977  27.250255    -1.1948  27.250903     7.5156     7.4743     0.2940    96.2290 7.0439e-01  -65.47866  -66.14836 331.473907      99.98 2.2257e+02    568.548      13646  1027.5713  1027.5694    33.9151    33.9128    8.33089         43 0.0000e+00
