NBP2113_155081_ctd/data/nbp2113_027.cnv
* Sea-Bird SBE 9 Data File:
* FileName = D:\Data\raw\NBP2113_027.hex
* Software Version Seasave V 7.26.7.121
* Temperature SN = 2438
* Conductivity SN = 2067
* Number of Bytes Per Scan = 40
* Number of Voltage Words = 5
* Number of Scans Averaged by the Deck Unit = 1
* NMEA Latitude = 68 01.82 S
* NMEA Longitude = 069 17.07 W
* NMEA UTC (Time) = Dec 04 2021  08:59:20
* NMEA baud rate = 9600
** Ship: RVIB N.B. Palmer
** Cruise: NBP2113 LTER
** Station: 200.-040
** Operator: B. Urmston
# nquan = 25
# nvalues = 853                         
# units = specified
# name 0 = prDM: Pressure, Digiquartz [db]
# name 1 = depSM: Depth [salt water, m]
# name 2 = t090C: Temperature [ITS-90, deg C]
# name 3 = c0mS/cm: Conductivity [mS/cm]
# name 4 = t190C: Temperature, 2 [ITS-90, deg C]
# name 5 = c1mS/cm: Conductivity, 2 [mS/cm]
# name 6 = sbeox0ML/L: Oxygen, SBE 43 [ml/l]
# name 7 = sbeox1ML/L: Oxygen, SBE 43, 2 [ml/l]
# name 8 = flECO-AFL: Fluorescence, WET Labs ECO-AFL/FL [mg/m^3]
# name 9 = CStarTr0: Beam Transmission, WET Labs C-Star [%]
# name 10 = par: PAR/Irradiance, Biospherical/Licor
# name 11 = latitude: Latitude [deg]
# name 12 = longitude: Longitude [deg]
# name 13 = timeJ: Julian Days
# name 14 = altM: Altimeter [m]
# name 15 = spar: SPAR, Biospherical/Licor
# name 16 = timeS: Time, Elapsed [seconds]
# name 17 = scan: Scan Count
# name 18 = density00: Density [density, kg/m^3]
# name 19 = density11: Density, 2 [density, kg/m^3]
# name 20 = sal00: Salinity, Practical [PSU]
# name 21 = sal11: Salinity, Practical, 2 [PSU]
# name 22 = oxsolML/L: Oxygen Saturation, Garcia & Gordon [ml/l]
# name 23 = nbin: number of scans per bin
# name 24 = flag: flag
# span 0 =      1.000,    429.000       
# span 1 =      0.990,    424.269       
# span 2 =    -1.1608,     1.3729       
# span 3 =  27.229793,  30.161229       
# span 4 =    -1.1648,     1.3721       
# span 5 =  27.229728,  30.160289       
# span 6 =     4.0084,     9.6185       
# span 7 =     4.0664,    10.1505       
# span 8 =    -0.0179,     2.4802       
# span 9 =    88.6156,    96.6807       
# span 10 = -5.397e-06, 1.3894e+02      
# span 11 =  -68.03038,  -68.02988      
# span 12 =  -69.28466,  -69.28402      
# span 13 = 338.377040, 338.398510      
# span 14 =       0.97,     103.54      
# span 15 = 1.3220e+02, 1.4489e+02      
# span 16 =    216.292,   2071.290      
# span 17 =       5192,      49712      
# span 18 =  1027.1866,  1029.7783      
# span 19 =  1027.1855,  1029.7774      
# span 20 =    33.8026,    34.6756      
# span 21 =    33.8003,    34.6743      
# span 22 =    7.74955,    8.32648      
# span 23 =         14,         49      
# span 24 = 0.0000e+00, 0.0000e+00      
# interval = decibars: 1                
# start_time = Dec 04 2021 08:59:20 [NMEA time, header]
# bad_flag = -9.990e-29
*END*
[from data line 116]
    121.000    119.754    -0.9905  27.504189    -0.9905  27.503155     7.6717     7.7210     0.4350    94.6775 1.0000e-12  -68.02988  -69.28406 338.380868      99.97 1.3574e+02    547.004      13129  1027.9143  1027.9132    33.9896    33.9883    8.28059         35 0.0000e+00
    122.000    120.744    -0.9900  27.506184    -0.9901  27.504859     7.6351     7.7047     0.3924    94.7117 1.0000e-12  -68.02988  -69.28406 338.380884      99.97 1.3574e+02    548.405      13163  1027.9203  1027.9189    33.9911    33.9895    8.28039         28 0.0000e+00
    123.000    121.733    -0.9901  27.507012    -0.9902  27.505950     7.6659     7.6990     0.3649    94.7427 1.0000e-12  -68.02988  -69.28406 338.380896      99.97 1.3574e+02    549.442      13188  1027.9256  1027.9246    33.9918    33.9905    8.28038         24 0.0000e+00
    124.000    122.722    -0.9908  27.507776    -0.9907  27.506708     7.6441     7.6987     0.3516    94.7163 1.0000e-12  -68.02988  -69.28406 338.380907      99.97 1.3574e+02    550.374      13210  1027.9314  1027.9302    33.9930    33.9915    8.28046         22 0.0000e+00
    125.000    123.712    -0.9911  27.508423    -0.9911  27.507432     7.6207     7.6897     0.3649    94.7348 1.0000e-12  -68.02990  -69.28404 338.380918      99.97 1.3574e+02    551.345      13233  1027.9367  1027.9356    33.9936    33.9923    8.28050         25 0.0000e+00
    126.000    124.701    -0.9916  27.509597    -0.9915  27.508325     7.6152     7.6725     0.4162    94.7476 1.0000e-12  -68.02990  -69.28405 338.380933      99.97 1.3574e+02    552.599      13263  1027.9428  1027.9413    33.9951    33.9933    8.28051         34 0.0000e+00
    127.000    125.692    -0.9922  27.510502    -0.9918  27.509686     7.5904     7.6609     0.4790    94.7897 1.0000e-12  -68.02988  -69.28406 338.380952      99.97 1.3574e+02    554.271      13304  1027.9487  1027.9474    33.9965    33.9949    8.28057         38 0.0000e+00
    128.000    126.680    -0.9891  27.516367    -0.9894  27.515025     7.6101     7.6672     0.3574    94.9155 1.0000e-12  -68.02988  -69.28406 338.380972      99.97 1.3574e+02    555.949      13344  1027.9564  1027.9552    34.0003    33.9988    8.27966         37 0.0000e+00
    129.000    127.668    -0.9773  27.527964    -0.9805  27.524064     7.6302     7.6757     0.3708    94.9053 1.0000e-12  -68.02988  -69.28406 338.380988      99.97 1.3574e+02    557.353      13377  1027.9619  1027.9607    34.0021    34.0004    8.27695         31 0.0000e+00
    130.000    128.660    -0.9769  27.529221    -0.9763  27.528788     7.6308     7.6692     0.3236    94.9573 1.0000e-12  -68.02988  -69.28406 338.381001      99.97 1.3574e+02    558.510      13405  1027.9673  1027.9662    34.0028    34.0015    8.27684         25 0.0000e+00
    131.000    129.647    -0.9806  27.527080    -0.9799  27.526665     7.6517     7.6728     0.2920    94.9945 1.0000e-12  -68.02988  -69.28404 338.381013      99.97 1.3482e+02    559.499      13429  1027.9728  1027.9717    34.0034    34.0021    8.27761         23 0.0000e+00
    132.000    130.638    -0.9747  27.533051    -0.9744  27.532285     7.6372     7.6703     0.2974    94.9879 1.0000e-12  -68.02988  -69.28404 338.381024      99.97 1.3399e+02    560.451      13452  1027.9779  1027.9769    34.0042    34.0029    8.27625         23 0.0000e+00
    133.000    131.627    -0.9732  27.535165    -0.9733  27.533972     7.6466     7.6734     0.3147    94.9745 1.0000e-12  -68.02988  -69.28404 338.381036      99.97 1.3479e+02    561.511      13477  1027.9831  1027.9819    34.0048    34.0033    8.27589         28 0.0000e+00
    134.000    132.616    -0.9710  27.538341    -0.9705  27.537790     7.6345     7.6759     0.3108    94.9695 1.0000e-12  -68.02988  -69.28404 338.381053      73.66 1.3571e+02    563.024      13514  1027.9888  1027.9878    34.0061    34.0048    8.27534         41 0.0000e+00
    135.000    133.606    -0.9713  27.538722    -0.9710  27.537966     7.6186     7.6733     0.3454    95.0592 1.0000e-12  -68.02988  -69.28406 338.381074      99.73 1.3574e+02    564.813      13557  1027.9939  1027.9927    34.0063    34.0049    8.27539         37 0.0000e+00
    136.000    134.595    -0.9698  27.540785    -0.9701  27.539382     7.6183     7.6740     0.3407    95.1232 1.0000e-12  -68.02988  -69.28406 338.381091      99.97 1.3546e+02    566.257      13591  1027.9990  1027.9977    34.0068    34.0052    8.27503         30 0.0000e+00
    137.000    135.584    -0.9679  27.544110    -0.9679  27.543015     7.6148     7.6643     0.3025    95.1534 1.0000e-12  -68.02988  -69.28404 338.381104      99.97 1.3394e+02    567.424      13619  1028.0051  1028.0040    34.0085    34.0071    8.27450         26 0.0000e+00
    138.000    136.575    -0.9684  27.544285    -0.9685  27.543227     7.5959     7.6546     0.2933    95.1667 1.0000e-12  -68.02988  -69.28404 338.381116      99.97 1.3398e+02    568.458      13644  1028.0102  1028.0090    34.0087    34.0074    8.27461         24 0.0000e+00
    139.000    137.562    -0.9676  27.546050    -0.9674  27.545393     7.6176     7.6616     0.3039    95.1263 1.0000e-12  -68.02988  -69.28404 338.381128      99.97 1.3398e+02    569.424      13667  1028.0156  1028.0147    34.0097    34.0085    8.27439         23 0.0000e+00
    140.000    138.553    -0.9676  27.546721    -0.9678  27.545565     7.6024     7.6565     0.2982    95.1554 1.0000e-12  -68.02988  -69.28404 338.381139      99.97 1.3398e+02    570.384      13690  1028.0207  1028.0196    34.0099    34.0086    8.27437         24 0.0000e+00
    141.000    139.540    -0.9681  27.546667    -0.9664  27.547294     7.5892     7.6594     0.2927    95.1799 1.0000e-12  -68.02988  -69.28402 338.381151      99.98 1.3444e+02    571.415      13715  1028.0254  1028.0244    34.0098    34.0088    8.27449         26 0.0000e+00
    142.000    140.532    -0.9652  27.550200    -0.9651  27.549263     7.6021     7.6533     0.3200    95.1639 1.0000e-12  -68.02988  -69.28404 338.381164      99.97 1.3505e+02    572.615      13744  1028.0307  1028.0296    34.0107    34.0093    8.27379         31 0.0000e+00
    143.000    141.519    -0.9609  27.555207    -0.9612  27.553762     7.6084     7.6506     0.4001    95.1041 1.0000e-12  -68.02988  -69.28404 338.381181      99.97 1.3412e+02    574.012      13777  1028.0364  1028.0351    34.0121    34.0104    8.27277         35 0.0000e+00
    144.000    142.510    -0.9598  27.557026    -0.9596  27.556056     7.5929     7.6416     0.3662    95.1771 1.0000e-12  -68.02988  -69.28404 338.381197      99.97 1.3398e+02    575.393      13810  1028.0416  1028.0403    34.0126    34.0111    8.27249         31 0.0000e+00
    145.000    143.500    -0.9525  27.566534    -0.9520  27.565934     7.5662     7.6333     0.3007    95.1380 1.0000e-12  -68.02988  -69.28404 338.381211      99.97 1.3398e+02    576.616      13840  1028.0492  1028.0481    34.0167    34.0154    8.27064         29 0.0000e+00
    146.000    144.488    -0.9491  27.571547    -0.9489  27.570560     7.5615     7.6148     0.2859    95.1780 1.0000e-12  -68.02988  -69.28404 338.381226      99.97 1.3398e+02    577.911      13871  1028.0557  1028.0544    34.0190    34.0175    8.26975         34 0.0000e+00
    147.000    145.477    -0.9452  27.576949    -0.9440  27.577440     7.5352     7.5954     0.3212    95.1811 1.0000e-12  -68.02988  -69.28404 338.381243      99.97 1.3398e+02    579.402      13907  1028.0623  1028.0616    34.0214    34.0207    8.26877         34 0.0000e+00
    148.000    146.467    -0.9396  27.584628    -0.9391  27.584079     7.5267     7.5926     0.2882    95.1969 1.0000e-12  -68.02988  -69.28404 338.381258      99.97 1.3398e+02    580.726      13938  1028.0696  1028.0685    34.0250    34.0236    8.26733         28 0.0000e+00
    149.000    147.456    -0.9374  27.587849    -0.9376  27.586565     7.5127     7.5741     0.2346    95.2569 1.0000e-12  -68.02988  -69.28404 338.381271      99.97 1.3398e+02    581.800      13964  1028.0752  1028.0741    34.0261    34.0246    8.26676         24 0.0000e+00
    150.000    148.446    -0.9362  27.589774    -0.9363  27.588632     7.4996     7.5613     0.2412    95.2744 1.0000e-12  -68.02988  -69.28404 338.381282      99.97 1.3398e+02    582.792      13988  1028.0805  1028.0795    34.0267    34.0254    8.26646         24 0.0000e+00
    151.000    149.434    -0.9306  27.597492    -0.9267  27.601726     7.4933     7.5520     0.2674    95.2265 1.0000e-12  -68.02988  -69.28404 338.381294      99.97 1.3398e+02    583.818      14013  1028.0879  1028.0886    34.0304    34.0317    8.26504         25 0.0000e+00
    152.000    150.424    -0.9236  27.606587    -0.9224  27.606619     7.4781     7.5376     0.2768    95.1955 1.0000e-12  -68.02988  -69.28403 338.381307      99.97 1.3398e+02    584.885      14038  1028.0954  1028.0943    34.0342    34.0329    8.26327         26 0.0000e+00
    153.000    151.413    -0.9225  27.608754    -0.9224  27.607726     7.4416     7.5243     0.3025    95.1975 1.0000e-12  -68.02988  -69.28403 338.381319      99.97 1.3398e+02    585.930      14063  1028.1010  1028.0999    34.0352    34.0338    8.26296         24 0.0000e+00
    154.000    152.402    -0.9134  27.620259    -0.9130  27.619709     7.4287     7.5169     0.2696    95.3120 1.0000e-12  -68.02988  -69.28403 338.381330      99.97 1.3398e+02    586.947      14088  1028.1091  1028.1082    34.0400    34.0389    8.26069         25 0.0000e+00
    155.000    153.392    -0.9126  27.621754    -0.9123  27.620959     7.4158     7.5089     0.2775    95.2867 1.0000e-12  -68.02988  -69.28402 338.381343      99.97 1.3398e+02    588.055      14114  1028.1143  1028.1132    34.0405    34.0391    8.26047         29 0.0000e+00
    156.000    154.381    -0.9102  27.625193    -0.9113  27.622737     7.3825     7.4850     0.2772    95.3038 1.0000e-12  -68.02988  -69.28403 338.381359      99.97 1.3398e+02    589.413      14147  1028.1202  1028.1185    34.0419    34.0397    8.25988         36 0.0000e+00
    157.000    155.370    -0.8971  27.640884    -0.8991  27.637533     7.3906     7.4612     0.3319    95.2937 1.0000e-12  -68.02988  -69.28404 338.381376      99.97 1.3398e+02    590.919      14183  1028.1289  1028.1272    34.0478    34.0454    8.25666         35 0.0000e+00
    158.000    156.361    -0.8941  27.644752    -0.8948  27.642872     7.3960     7.4601     0.3051    95.2453 1.0000e-12  -68.02988  -69.28406 338.381393      99.97 1.3398e+02    592.353      14217  1028.1347  1028.1332    34.0490    34.0472    8.25593         32 0.0000e+00
    159.000    157.348    -0.8944  27.644957    -0.8940  27.644390     7.3517     7.4340     0.2682    95.2714 1.0000e-12  -68.02989  -69.28406 338.381409      99.97 1.3398e+02    593.779      14252  1028.1396  1028.1386    34.0490    34.0478    8.25599         33 0.0000e+00
    160.000    158.337    -0.8869  27.654997    -0.8870  27.653865     7.3237     7.4086     0.2746    95.1979 1.0000e-12  -68.02990  -69.28405 338.381424      99.97 1.3398e+02    595.028      14282  1028.1477  1028.1464    34.0536    34.0521    8.25409         27 0.0000e+00
    161.000    159.327    -0.8781  27.665658    -0.8782  27.664479     7.3109     7.4017     0.2342    95.2773 1.0000e-12  -68.02990  -69.28404 338.381436      99.97 1.3398e+02    596.036      14306  1028.1551  1028.1539    34.0575    34.0560    8.25193         23 0.0000e+00
    162.000    160.318    -0.8741  27.670450    -0.8741  27.669634     7.3057     7.3905     0.2413    95.3075 1.0000e-12  -68.02990  -69.28404 338.381447      99.97 1.3398e+02    596.984      14329  1028.1608  1028.1599    34.0588    34.0578    8.25097         23 0.0000e+00
    163.000    161.305    -0.8747  27.670310    -0.8743  27.669749     7.3113     7.3801     0.2666    95.3485 1.0000e-12  -68.02989  -69.28404 338.381459      99.97 1.3398e+02    598.015      14353  1028.1656  1028.1646    34.0587    34.0574    8.25111         26 0.0000e+00
    164.000    162.295    -0.8706  27.675629    -0.8694  27.675687     7.2839     7.3544     0.3399    95.2687 1.0000e-12  -68.02988  -69.28404 338.381472      99.97 1.3398e+02    599.188      14382  1028.1718  1028.1707    34.0607    34.0594    8.25009         30 0.0000e+00
    165.000    163.284    -0.8597  27.688209    -0.8590  27.687626     7.2564     7.3427     0.2474    95.2548 1.0000e-12  -68.02988  -69.28404 338.381486      99.97 1.3398e+02    600.371      14410  1028.1793  1028.1780    34.0648    34.0633    8.24746         27 0.0000e+00
    166.000    164.274    -0.8558  27.692947    -0.8552  27.692559     7.2211     7.3170     0.2348    95.2743 1.0000e-12  -68.02988  -69.28404 338.381498      99.97 1.3398e+02    601.468      14436  1028.1851  1028.1840    34.0663    34.0650    8.24653         25 0.0000e+00
    167.000    165.262    -0.8452  27.705122    -0.8463  27.702989     7.1355     7.2537     0.2363    95.2647 1.0000e-12  -68.02988  -69.28404 338.381511      99.97 1.3398e+02    602.582      14463  1028.1924  1028.1912    34.0702    34.0685    8.24398         29 0.0000e+00
    168.000    166.251    -0.8214  27.732955    -0.8203  27.732741     7.0627     7.2004     0.2805    95.3637 1.0000e-12  -68.02989  -69.28404 338.381526      99.97 1.3398e+02    603.830      14493  1028.2039  1028.2026    34.0803    34.0789    8.23818         31 0.0000e+00
    169.000    167.241    -0.7934  27.764398    -0.7938  27.762902     7.0401     7.1763     0.2842    95.3160 1.0000e-12  -68.02990  -69.28404 338.381540      99.97 1.3398e+02    605.066      14523  1028.2153  1028.2141    34.0907    34.0892    8.23146         29 0.0000e+00
    170.000    168.228    -0.7920  27.766545    -0.7916  27.765741     7.0607     7.1603     0.2709    95.2404 1.0000e-12  -68.02990  -69.28404 338.381554      99.97 1.3398e+02    606.269      14551  1028.2209  1028.2196    34.0914    34.0899    8.23111         29 0.0000e+00
    171.000    169.220    -0.7865  27.773071    -0.7870  27.771285     7.0156     7.1196     0.2586    95.3646 1.0000e-12  -68.02990  -69.28405 338.381570      99.97 1.3398e+02    607.627      14584  1028.2272  1028.2257    34.0934    34.0916    8.22979         36 0.0000e+00
    172.000    170.208    -0.7739  27.787342    -0.7737  27.786522     6.8980     7.0326     0.2997    95.3233 1.0000e-12  -68.02990  -69.28406 338.381588      99.97 1.3398e+02    609.176      14621  1028.2351  1028.2339    34.0980    34.0966    8.22679         36 0.0000e+00
    173.000    171.197    -0.7299  27.836800    -0.7289  27.836434     6.7977     6.9673     0.2349    95.2306 1.0000e-12  -68.02990  -69.28404 338.381603      99.97 1.3398e+02    610.483      14653  1028.2502  1028.2489    34.1145    34.1129    8.21623         28 0.0000e+00
    174.000    172.186    -0.7136  27.856330    -0.7137  27.854857     6.7449     6.9159     0.2212    95.2319 1.0000e-12  -68.02990  -69.28404 338.381615      99.97 1.3398e+02    611.563      14679  1028.2602  1028.2587    34.1219    34.1200    8.21226         24 0.0000e+00
    175.000    173.175    -0.6928  27.882121    -0.6933  27.880422     6.7289     6.8921     0.2092    95.2638 1.0000e-12  -68.02990  -69.28404 338.381627      99.97 1.3398e+02    612.582      14703  1028.2724  1028.2710    34.1326    34.1309    8.20711         25 0.0000e+00
    176.000    174.165    -0.6801  27.897548    -0.6806  27.895960     6.7206     6.8672     0.2120    95.3064 1.0000e-12  -68.02990  -69.28404 338.381639      99.97 1.3398e+02    613.610      14728  1028.2814  1028.2802    34.1385    34.1370    8.20401         25 0.0000e+00
    177.000    175.155    -0.6755  27.903145    -0.6752  27.902294     6.6679     6.8207     0.2404    95.3704 1.0000e-12  -68.02990  -69.28404 338.381651      99.97 1.3398e+02    614.674      14753  1028.2877  1028.2865    34.1403    34.1388    8.20293         25 0.0000e+00
