NBP2113_155081_ctd/data/nbp2113_019.ros
* Sea-Bird SBE 9 Data File:
* FileName = D:\Data\raw\NBP2113_019.hex
* Software Version Seasave V 7.26.7.121
* Temperature SN = 2438
* Conductivity SN = 2067
* Number of Bytes Per Scan = 40
* Number of Voltage Words = 5
* Number of Scans Averaged by the Deck Unit = 1
* NMEA Latitude = 66 53.46 S
* NMEA Longitude = 068 55.21 W
* NMEA UTC (Time) = Nov 29 2021  09:39:46
* NMEA baud rate = 9600
** Ship: RVIB N.B. Palmer
** Cruise: NBP2113 LTER
** Station: 300.040
** Operator: B. Urmston
# nquan = 20
# nvalues = 1145                                  
# units = specified
# name 0 = prDM: Pressure, Digiquartz [db]
# name 1 = depSM: Depth [salt water, m]
# name 2 = t090C: Temperature [ITS-90, deg C]
# name 3 = c0mS/cm: Conductivity [mS/cm]
# name 4 = t190C: Temperature, 2 [ITS-90, deg C]
# name 5 = c1mS/cm: Conductivity, 2 [mS/cm]
# name 6 = sbeox0ML/L: Oxygen, SBE 43 [ml/l]
# name 7 = sbeox1ML/L: Oxygen, SBE 43, 2 [ml/l]
# name 8 = flECO-AFL: Fluorescence, WET Labs ECO-AFL/FL [mg/m^3]
# name 9 = CStarTr0: Beam Transmission, WET Labs C-Star [%]
# name 10 = par: PAR/Irradiance, Biospherical/Licor
# name 11 = latitude: Latitude [deg]
# name 12 = longitude: Longitude [deg]
# name 13 = timeJ: Julian Days
# name 14 = altM: Altimeter [m]
# name 15 = spar: SPAR, Biospherical/Licor
# name 16 = timeS: Time, Elapsed [seconds]
# name 17 = scan: Scan Count
# name 18 = nbf: Bottles Fired
# name 19 = flag:  0.000e+00
# interval = seconds: 0.0416667
# start_time = Nov 29 2021 09:39:46 [NMEA time, header]
# bad_flag = -9.990e-29
*END*
[from data line 362]
    149.016    147.483     0.1381  28.720994     0.1489  28.730861     5.1877     5.2813     0.0362    96.6481 1.0000e-12  -66.89126  -68.92400 333.428238      99.98 5.3944e+02   2213.750      53131          8  0.000e+00
    148.962    147.429     0.1375  28.720877     0.1479  28.730179     5.1841     5.2827     0.0362    96.6481 1.0000e-12  -66.89126  -68.92400 333.428238      99.98 5.3944e+02   2213.792      53132          8  0.000e+00
    148.859    147.327     0.1374  28.720703     0.1475  28.729781     5.1910     5.2786     0.0362    96.6481 1.0000e-12  -66.89126  -68.92400 333.428239      99.95 5.3944e+02   2213.833      53133          8  0.000e+00
    148.824    147.293     0.1378  28.720412     0.1473  28.729554     5.1939     5.2848     0.0362    96.6481 1.0000e-12  -66.89126  -68.92400 333.428239      99.98 5.3944e+02   2213.875      53134          8  0.000e+00
    148.811    147.280     0.1373  28.719946     0.1470  28.729838     5.1971     5.2866     0.0362    96.6481 1.0000e-12  -66.89126  -68.92400 333.428240      99.98 5.3944e+02   2213.917      53135          8  0.000e+00
    148.763    147.232     0.1366  28.719830     0.1469  28.729610     5.1950     5.2885     0.0362    96.6481 1.0000e-12  -66.89126  -68.92400 333.428240      99.98 5.3944e+02   2213.958      53136          8  0.000e+00
    148.667    147.137     0.1370  28.720586     0.1467  28.729667     5.2018     5.2850     0.0655    96.6481 1.0000e-12  -66.89126  -68.92400 333.428241      99.95 5.3944e+02   2214.000      53137          8  0.000e+00
    148.660    147.130     0.1384  28.722098     0.1465  28.730122     5.2044     5.2909     0.0948    96.6481 1.0000e-12  -66.89126  -68.92400 333.428241      99.95 5.3944e+02   2214.042      53138          8  0.000e+00
    148.557    147.029     0.1399  28.726753     0.1464  28.732509     5.2013     5.2921     0.0948    96.6481 1.0000e-12  -66.89126  -68.92400 333.428242      99.98 5.3944e+02   2214.083      53139          8  0.000e+00
    148.571    147.042     0.1454  28.734898     0.1495  28.737453     5.2024     5.2931     0.0948    96.6224 1.0000e-12  -66.89126  -68.92400 333.428242      99.98 5.3944e+02   2214.125      53140          8  0.000e+00
    148.454    146.927     0.1562  28.742928     0.1573  28.744899     5.2089     5.2933     0.0948    96.6481 1.0000e-12  -66.89126  -68.92400 333.428243      99.98 5.3944e+02   2214.167      53141          8  0.000e+00
    148.454    146.927     0.1634  28.747641     0.1638  28.749105     5.2075     5.2941     0.0948    96.6481 1.0000e-12  -66.89126  -68.92400 333.428243      99.98 5.3944e+02   2214.208      53142          8  0.000e+00
    148.406    146.879     0.1659  28.749038     0.1665  28.750014     5.2088     5.2946     0.0948    96.6481 1.0000e-12  -66.89126  -68.92400 333.428244      99.98 5.3944e+02   2214.250      53143          8  0.000e+00
    148.413    146.886     0.1664  28.749038     0.1675  28.750298     5.2107     5.2955     0.0948    96.6996 1.0000e-12  -66.89126  -68.92400 333.428244      99.98 5.3944e+02   2214.292      53144          8  0.000e+00
    148.303    146.777     0.1671  28.749154     0.1680  28.750014     5.2115     5.2965     0.0948    96.6996 1.0000e-12  -66.89126  -68.92400 333.428245      99.95 5.3944e+02   2214.333      53145          8  0.000e+00
    148.303    146.777     0.1664  28.749095     0.1675  28.749047     5.2140     5.2978     0.0948    96.6996 1.0000e-12  -66.89126  -68.92400 333.428245      99.98 5.3944e+02   2214.375      53146          8  0.000e+00
    148.262    146.737     0.1661  28.748979     0.1658  28.747171     5.2168     5.2993     0.0948    96.6996 1.0000e-12  -66.89126  -68.92400 333.428246      99.98 5.3944e+02   2214.417      53147          8  0.000e+00
    148.248    146.723     0.1662  28.748106     0.1632  28.744784     5.2185     5.3064     0.0948    96.6996 1.0000e-12  -66.89126  -68.92400 333.428246      99.98 5.3944e+02   2214.458      53148          8  0.000e+00
    148.200    146.676     0.1653  28.747058     0.1610  28.742624     5.2263     5.3035     0.0948    96.6996 1.0000e-12  -66.89126  -68.92400 333.428247      99.95 5.3944e+02   2214.500      53149          8  0.000e+00
    148.159    146.635     0.1642  28.745021     0.1593  28.741260     5.2299     5.3052     0.0948    96.6996 1.0000e-12  -66.89126  -68.92400 333.428247      99.95 5.3944e+02   2214.542      53150          8  0.000e+00
    148.145    146.621     0.1601  28.742170     0.1584  28.740350     5.2398     5.3068     0.0948    96.6996 1.0000e-12  -66.89126  -68.92400 333.428247      99.98 5.3944e+02   2214.583      53151          8  0.000e+00
    148.097    146.574     0.1577  28.739318     0.1583  28.740578     5.2380     5.3075     0.0948    96.6996 1.0000e-12  -66.89126  -68.92400 333.428248      99.98 5.3944e+02   2214.625      53152          8  0.000e+00
    148.111    146.587     0.1543  28.735420     0.1576  28.739100     5.2525     5.3138     0.0948    96.6996 1.0000e-12  -66.89126  -68.92400 333.428248      99.98 5.3944e+02   2214.667      53153          8  0.000e+00
    148.097    146.574     0.1515  28.733383     0.1558  28.737167     5.2522     5.3156     0.0948    96.6996 1.0000e-12  -66.89126  -68.92400 333.428249      99.98 5.3944e+02   2214.708      53154          8  0.000e+00
    148.049    146.526     0.1504  28.733034     0.1552  28.736712     5.2561     5.3173     0.0948    96.6996 1.0000e-12  -66.89126  -68.92400 333.428249      99.98 5.3944e+02   2214.750      53155          8  0.000e+00
    148.049    146.526     0.1512  28.734023     0.1553  28.736883     5.2598     5.3188     0.0948    96.6996 1.0000e-12  -66.89126  -68.92400 333.428250      99.98 5.3944e+02   2214.792      53156          8  0.000e+00
    148.056    146.533     0.1532  28.736235     0.1552  28.736997     5.2677     5.3204     0.0948    96.6996 1.0000e-12  -66.89126  -68.92400 333.428250      99.95 5.3944e+02   2214.833      53157          8  0.000e+00
    147.994    146.472     0.1550  28.738038     0.1547  28.736371     5.2739     5.3211     0.0948    96.6996 1.0000e-12  -66.89126  -68.92400 333.428251      99.98 5.3944e+02   2214.875      53158          8  0.000e+00
    147.994    146.472     0.1556  28.738213     0.1538  28.735519     5.2732     5.3282     0.0948    96.6996 1.0000e-12  -66.89126  -68.92400 333.428251      99.98 5.3944e+02   2214.917      53159          8  0.000e+00
    148.008    146.486     0.1559  28.738155     0.1532  28.735746     5.2772     5.3297     0.0948    96.6996 1.0000e-12  -66.89126  -68.92400 333.428252      99.98 5.3944e+02   2214.958      53160          8  0.000e+00
     92.160     91.225    -0.8266  27.654611    -0.8294  27.650659     7.3211     7.2977     0.4245    95.5409 2.0158e-01  -66.89126  -68.92404 333.429520      99.95 5.4120e+02   2324.500      55789          9  0.000e+00
     92.188     91.252    -0.8260  27.654668    -0.8281  27.652564     7.3252     7.2968     0.4245    95.5151 2.0158e-01  -66.89126  -68.92404 333.429520      99.95 5.4120e+02   2324.542      55790          9  0.000e+00
     92.263     91.326    -0.8256  27.655529    -0.8268  27.654413     7.3240     7.2898     0.4245    95.5151 2.0158e-01  -66.89126  -68.92404 333.429521      99.98 5.4120e+02   2324.583      55791          9  0.000e+00
     92.311     91.374    -0.8238  27.657594    -0.8259  27.655309     7.3186     7.2937     0.4245    95.5151 2.0158e-01  -66.89126  -68.92404 333.429521      99.98 5.4120e+02   2324.625      55792          9  0.000e+00
     92.339     91.401    -0.8227  27.659086    -0.8255  27.654749     7.3173     7.2926     0.4099    95.5151 1.9913e-01  -66.89126  -68.92404 333.429522      99.98 5.4120e+02   2324.667      55793          9  0.000e+00
     92.359     91.421    -0.8220  27.659889    -0.8263  27.653685     7.3230     7.2914     0.4025    95.5151 1.9913e-01  -66.89126  -68.92404 333.429522      99.98 5.4120e+02   2324.708      55794          9  0.000e+00
     92.414     91.476    -0.8227  27.658455    -0.8265  27.653068     7.3285     7.2905     0.4025    95.5151 1.9913e-01  -66.89126  -68.92404 333.429523      99.98 5.4120e+02   2324.750      55795          9  0.000e+00
     92.441     91.503    -0.8249  27.656046    -0.8271  27.652732     7.3290     7.2939     0.4025    95.5151 1.9913e-01  -66.89126  -68.92404 333.429523      99.98 5.4120e+02   2324.792      55796          9  0.000e+00
     92.414     91.476    -0.8262  27.654152    -0.8274  27.651892     7.3316     7.2939     0.4025    95.5151 1.9913e-01  -66.89126  -68.92404 333.429524      99.95 5.4120e+02   2324.833      55797          9  0.000e+00
     92.517     91.578    -0.8268  27.653751    -0.8278  27.651220     7.3301     7.2917     0.4025    95.5151 1.9913e-01  -66.89126  -68.92404 333.429524      99.98 5.4120e+02   2324.875      55798          9  0.000e+00
     92.490     91.550    -0.8275  27.652948    -0.8285  27.650940     7.3218     7.2909     0.4025    95.5151 1.9669e-01  -66.89126  -68.92404 333.429524      99.98 5.4120e+02   2324.917      55799          9  0.000e+00
     92.565     91.625    -0.8275  27.652547    -0.8282  27.651220     7.3067     7.2885     0.4025    95.5151 1.9669e-01  -66.89126  -68.92404 333.429525      99.98 5.4120e+02   2324.958      55800          9  0.000e+00
     92.544     91.605    -0.8278  27.652432    -0.8286  27.650548     7.3016     7.2868     0.4025    95.5151 1.9669e-01  -66.89126  -68.92404 333.429525      99.95 5.4120e+02   2325.000      55801          9  0.000e+00
     92.565     91.625    -0.8276  27.652604    -0.8300  27.649147     7.3018     7.2849     0.4025    95.5151 1.9669e-01  -66.89126  -68.92404 333.429526      99.95 5.4120e+02   2325.042      55802          9  0.000e+00
     92.620     91.679    -0.8283  27.652203    -0.8312  27.648363     7.2986     7.2891     0.4025    95.5151 1.9669e-01  -66.89126  -68.92404 333.429526      99.98 5.4120e+02   2325.083      55803          9  0.000e+00
     92.592     91.652    -0.8280  27.652317    -0.8311  27.649035     7.2961     7.2821     0.4025    95.5151 1.9669e-01  -66.89126  -68.92404 333.429527      99.98 5.4120e+02   2325.125      55804          9  0.000e+00
     92.620     91.679    -0.8281  27.652604    -0.8307  27.649652     7.2872     7.2870     0.4025    95.5151 1.9669e-01  -66.89126  -68.92404 333.429527      99.98 5.4120e+02   2325.167      55805          9  0.000e+00
     92.620     91.679    -0.8275  27.653178    -0.8299  27.649035     7.2882     7.2859     0.4025    95.5151 1.9669e-01  -66.89126  -68.92404 333.429528      99.98 5.4120e+02   2325.208      55806          9  0.000e+00
     92.647     91.707    -0.8274  27.653407    -0.8314  27.647803     7.2918     7.2858     0.4025    95.5151 1.9669e-01  -66.89126  -68.92404 333.429528      99.98 5.4120e+02   2325.250      55807          9  0.000e+00
     92.668     91.727    -0.8272  27.653465    -0.8328  27.647074     7.2859     7.2844     0.4025    95.5151 1.9426e-01  -66.89126  -68.92404 333.429529      99.98 5.4120e+02   2325.292      55808          9  0.000e+00
     92.695     91.754    -0.8269  27.653981    -0.8339  27.645562     7.2856     7.2826     0.4025    95.5151 1.9669e-01  -66.89126  -68.92404 333.429529      99.95 5.4120e+02   2325.333      55809          9  0.000e+00
     92.668     91.727    -0.8264  27.653981    -0.8354  27.643713     7.2895     7.2815     0.4025    95.5151 1.9669e-01  -66.89126  -68.92404 333.429530      99.98 5.4120e+02   2325.375      55810          9  0.000e+00
     92.668     91.727    -0.8264  27.654153    -0.8388  27.641697     7.2870     7.2803     0.4025    95.4379 1.9669e-01  -66.89126  -68.92404 333.429530      99.98 5.4120e+02   2325.417      55811          9  0.000e+00
     92.695     91.754    -0.8267  27.653924    -0.8407  27.640632     7.2782     7.2785     0.4025    95.4121 1.9426e-01  -66.89126  -68.92404 333.429531      99.98 5.4120e+02   2325.458      55812          9  0.000e+00
     92.716     91.775    -0.8274  27.653178    -0.8406  27.639848     7.2676     7.2769     0.4025    95.4121 1.9669e-01  -66.89126  -68.92404 333.429531      99.93 5.4120e+02   2325.500      55813          9  0.000e+00
     92.668     91.727    -0.8278  27.652776    -0.8417  27.639680     7.2671     7.2808     0.4025    95.4121 1.9426e-01  -66.89126  -68.92404 333.429532      99.95 5.4120e+02   2325.542      55814          9  0.000e+00
     92.696     91.754    -0.8280  27.652203    -0.8400  27.638840     7.2602     7.2736     0.4025    95.4121 1.9669e-01  -66.89126  -68.92404 333.429532      99.98 5.4120e+02   2325.583      55815          9  0.000e+00
     92.716     91.775    -0.8279  27.651170    -0.8401  27.637999     7.2543     7.2721     0.4025    95.4121 1.9426e-01  -66.89126  -68.92404 333.429533      99.98 5.4120e+02   2325.625      55816          9  0.000e+00
     92.696     91.754    -0.8290  27.649449    -0.8417  27.637999     7.2496     7.2751     0.4025    95.4121 1.9669e-01  -66.89126  -68.92404 333.429533      99.98 5.4120e+02   2325.667      55817          9  0.000e+00
     92.716     91.775    -0.8295  27.648474    -0.8413  27.638672     7.2505     7.2681     0.4025    95.4121 1.9669e-01  -66.89126  -68.92404 333.429534      99.98 5.4120e+02   2325.708      55818          9  0.000e+00
     92.716     91.775    -0.8300  27.647843    -0.8401  27.640072     7.2448     7.2653     0.4099    95.4121 1.9669e-01  -66.89126  -68.92404 333.429534      99.98 5.4120e+02   2325.750      55819          9  0.000e+00
     92.696     91.754    -0.8304  27.647728    -0.8388  27.640800     7.2475     7.2632     0.4099    95.4121 1.9669e-01  -66.89126  -68.92404 333.429535      99.98 5.4297e+02   2325.792      55820          9  0.000e+00
     92.716     91.775    -0.8315  27.647958    -0.8383  27.641304     7.2469     7.2667     0.4099    95.4121 1.9669e-01  -66.89126  -68.92404 333.429535      99.95 5.4120e+02   2325.833      55821          9  0.000e+00
     92.668     91.727    -0.8312  27.648761    -0.8380  27.642257     7.2516     7.2595     0.4099    95.4121 1.9669e-01  -66.89126  -68.92404 333.429536      99.98 5.4297e+02   2325.875      55822          9  0.000e+00
     92.696     91.755    -0.8313  27.649392    -0.8372  27.642873     7.2514     7.2624     0.4099    95.4121 1.9669e-01  -66.89126  -68.92404 333.429536      99.98 5.4297e+02   2325.917      55823          9  0.000e+00
     92.716     91.775    -0.8304  27.650023    -0.8362  27.643377     7.2521     7.2604     0.4099    95.4121 1.9669e-01  -66.89126  -68.92404 333.429537      99.98 5.4297e+02   2325.958      55824          9  0.000e+00
     92.716     91.775    -0.8300  27.650252    -0.8349  27.644329     7.2451     7.2579     0.4099    95.4121 1.9669e-01  -66.89126  -68.92404 333.429537      99.95 5.4297e+02   2326.000      55825          9  0.000e+00
     92.696     91.755    -0.8300  27.650482    -0.8340  27.645562     7.2468     7.2562     0.4099    95.4121 1.9669e-01  -66.89126  -68.92404 333.429538      99.95 5.4297e+02   2326.042      55826          9  0.000e+00
     92.668     91.727    -0.8297  27.650252    -0.8337  27.646066     7.2376     7.2544     0.4099    95.4121 1.9669e-01  -66.89126  -68.92404 333.429538      99.98 5.4297e+02   2326.083      55827          9  0.000e+00
     92.696     91.755    -0.8297  27.649851    -0.8335  27.646178     7.2340     7.2525     0.4099    95.4121 1.9669e-01  -66.89126  -68.92404 333.429538      99.98 5.4297e+02   2326.125      55828          9  0.000e+00
     92.716     91.775    -0.8302  27.649966    -0.8327  27.646346     7.2242     7.2511     0.4099    95.4121 1.9669e-01  -66.89126  -68.92404 333.429539      99.98 5.4297e+02   2326.167      55829          9  0.000e+00
     92.668     91.728    -0.8299  27.649736    -0.8322  27.646626     7.2259     7.2496     0.4099    95.4121 1.9669e-01  -66.89126  -68.92404 333.429539      99.98 5.4297e+02   2326.208      55830          9  0.000e+00
