NBP2113_155081_ctd/data/nbp2113_042.ros
* Sea-Bird SBE 9 Data File:
* FileName = D:\Data\raw\NBP2113_042.hex
* Software Version Seasave V 7.26.7.121
* Temperature SN = 2438
* Conductivity SN = 2067
* Number of Bytes Per Scan = 40
* Number of Voltage Words = 5
* Number of Scans Averaged by the Deck Unit = 1
* NMEA Latitude = 64 49.83 S
* NMEA Longitude = 063 54.10 W
* NMEA UTC (Time) = Dec 10 2021  15:52:47
* NMEA baud rate = 9600
** Ship: RVIB N.B. Palmer
** Cruise: NBP2113 LTER
** Station: 624.030
** Operator: S. Blackman
# nquan = 20
# nvalues = 1176                                  
# units = specified
# name 0 = prDM: Pressure, Digiquartz [db]
# name 1 = depSM: Depth [salt water, m]
# name 2 = t090C: Temperature [ITS-90, deg C]
# name 3 = c0mS/cm: Conductivity [mS/cm]
# name 4 = t190C: Temperature, 2 [ITS-90, deg C]
# name 5 = c1mS/cm: Conductivity, 2 [mS/cm]
# name 6 = sbeox0ML/L: Oxygen, SBE 43 [ml/l]
# name 7 = sbeox1ML/L: Oxygen, SBE 43, 2 [ml/l]
# name 8 = flECO-AFL: Fluorescence, WET Labs ECO-AFL/FL [mg/m^3]
# name 9 = CStarTr0: Beam Transmission, WET Labs C-Star [%]
# name 10 = par: PAR/Irradiance, Biospherical/Licor
# name 11 = latitude: Latitude [deg]
# name 12 = longitude: Longitude [deg]
# name 13 = timeJ: Julian Days
# name 14 = altM: Altimeter [m]
# name 15 = spar: SPAR, Biospherical/Licor
# name 16 = timeS: Time, Elapsed [seconds]
# name 17 = scan: Scan Count
# name 18 = nbf: Bottles Fired
# name 19 = flag:  0.000e+00
# interval = seconds: 0.0416667
# start_time = Dec 10 2021 15:52:47 [NMEA time, header]
# bad_flag = -9.990e-29
*END*
[from data line 218]
    202.789    200.705     0.7986  29.447231     0.8015  29.448885     4.9752     5.0189     0.0289    91.7557 1.0000e-12  -64.83108  -63.90170 344.676867      99.98 1.5390e+03   1314.333      31545          5  0.000e+00
    202.789    200.705     0.7983  29.446467     0.8017  29.448598     4.9747     5.0182     0.0289    91.7557 1.0000e-12  -64.83108  -63.90170 344.676868      99.98 1.5390e+03   1314.375      31546          5  0.000e+00
    202.789    200.705     0.7983  29.446702     0.8012  29.448656     4.9740     5.0176     0.0289    91.7299 1.0000e-12  -64.83108  -63.90170 344.676868      99.98 1.5390e+03   1314.417      31547          5  0.000e+00
    202.789    200.705     0.7981  29.445586     0.8012  29.448598     4.9676     5.0168     0.0289    91.7557 1.0000e-12  -64.83108  -63.90170 344.676869      99.98 1.5390e+03   1314.458      31548          5  0.000e+00
    202.741    200.658     0.7981  29.445645     0.8012  29.448598     4.9782     5.0169     0.0289    91.7557 1.0000e-12  -64.83108  -63.90170 344.676869      99.98 1.5390e+03   1314.500      31549          5  0.000e+00
    202.789    200.705     0.7980  29.446115     0.8015  29.448598     4.9787     5.0170     0.0289    91.7557 1.0000e-12  -64.83108  -63.90170 344.676870      99.95 1.5390e+03   1314.542      31550          5  0.000e+00
    202.741    200.658     0.7976  29.446408     0.8010  29.448369     4.9734     5.0171     0.0289    91.7557 1.0000e-12  -64.83108  -63.90170 344.676870      99.95 1.5390e+03   1314.583      31551          5  0.000e+00
    202.741    200.658     0.7969  29.445645     0.8010  29.448139     4.9739     5.0173     0.0289    91.7557 1.0000e-12  -64.83108  -63.90170 344.676871      99.98 1.5390e+03   1314.625      31552          5  0.000e+00
    202.790    200.705     0.7965  29.444764     0.8010  29.448082     4.9801     5.0174     0.0289    91.7557 1.0000e-12  -64.83108  -63.90170 344.676871      99.98 1.5390e+03   1314.667      31553          5  0.000e+00
    202.741    200.658     0.7959  29.444236     0.7998  29.448082     4.9804     5.0176     0.0289    91.7557 1.0000e-12  -64.83108  -63.90170 344.676872      99.98 1.5390e+03   1314.708      31554          5  0.000e+00
    202.742    200.658     0.7955  29.444236     0.7983  29.447509     4.9749     5.0179     0.0216    91.7557 1.0000e-12  -64.83108  -63.90170 344.676872      99.95 1.5390e+03   1314.750      31555          5  0.000e+00
    202.687    200.604     0.7956  29.443707     0.7976  29.445960     4.9807     5.0226     0.0069    91.7557 1.0000e-12  -64.83108  -63.90172 344.676873      99.95 1.5390e+03   1314.792      31556          5  0.000e+00
    202.742    200.658     0.7956  29.443414     0.7978  29.445042     4.9765     5.0182     0.0069    91.7557 1.0000e-12  -64.83108  -63.90172 344.676873      99.98 1.5390e+03   1314.833      31557          5  0.000e+00
    202.687    200.604     0.7955  29.443649     0.7979  29.445042     4.9753     5.0182     0.0069    91.7557 1.0000e-12  -64.83108  -63.90172 344.676874      99.98 1.5408e+03   1314.875      31558          5  0.000e+00
    202.687    200.604     0.7958  29.443707     0.7973  29.445329     4.9809     5.0182     0.0069    91.7557 1.0000e-12  -64.83108  -63.90172 344.676874      99.98 1.5390e+03   1314.917      31559          5  0.000e+00
    202.742    200.658     0.7961  29.443414     0.7970  29.444526     4.9822     5.0184     0.0069    91.7557 1.0000e-12  -64.83108  -63.90172 344.676875      99.98 1.5408e+03   1314.958      31560          5  0.000e+00
    202.687    200.604     0.7959  29.443942     0.7970  29.444353     4.9764     5.0184     0.0069    91.7557 1.0000e-12  -64.83108  -63.90172 344.676875      99.98 1.5408e+03   1315.000      31561          5  0.000e+00
    202.687    200.604     0.7959  29.443942     0.7973  29.444239     4.9750     5.0237     0.0069    91.7299 1.0000e-12  -64.83108  -63.90172 344.676875      99.95 1.5408e+03   1315.042      31562          5  0.000e+00
    202.639    200.556     0.7959  29.444236     0.7972  29.444239     4.9804     5.0246     0.0069    91.7814 1.0000e-12  -64.83108  -63.90172 344.676876      99.95 1.5408e+03   1315.083      31563          5  0.000e+00
    202.687    200.604     0.7962  29.444471     0.7968  29.444239     4.9758     5.0254    -0.0004    91.7814 1.0000e-12  -64.83108  -63.90172 344.676876      99.98 1.5408e+03   1315.125      31564          5  0.000e+00
    202.687    200.604     0.7962  29.444471     0.7970  29.444239     4.9743     5.0262     0.0069    91.8072 1.0000e-12  -64.83108  -63.90172 344.676877      99.98 1.5408e+03   1315.167      31565          5  0.000e+00
    202.639    200.556     0.7961  29.444236     0.7972  29.444067     4.9740     5.0260     0.0069    91.8072 1.0000e-12  -64.83108  -63.90172 344.676877      99.98 1.5408e+03   1315.208      31566          5  0.000e+00
    202.639    200.556     0.7961  29.444470     0.7970  29.443722     4.9780     5.0258     0.0069    91.8072 1.0000e-12  -64.83108  -63.90172 344.676878      99.93 1.5408e+03   1315.250      31567          5  0.000e+00
    202.639    200.556     0.7959  29.443648     0.7972  29.444239     4.9720     5.0201     0.0069    91.8072 1.0000e-12  -64.83108  -63.90172 344.676878      99.95 1.5408e+03   1315.292      31568          5  0.000e+00
    202.639    200.556     0.7959  29.444236     0.7972  29.444525     4.9702     5.0198     0.0069    91.8072 1.0000e-12  -64.83108  -63.90172 344.676879      99.98 1.5408e+03   1315.333      31569          5  0.000e+00
    202.639    200.556     0.7955  29.443942     0.7973  29.444525     4.9755     5.0196     0.0069    91.8072 1.0000e-12  -64.83108  -63.90172 344.676879      99.98 1.5408e+03   1315.375      31570          5  0.000e+00
    202.639    200.556     0.7951  29.443414     0.7972  29.444353     4.9763     5.0193     0.0069    91.8072 1.0000e-12  -64.83108  -63.90172 344.676880      99.98 1.5408e+03   1315.417      31571          5  0.000e+00
    202.386    200.307     0.7988  29.446114     0.7976  29.444525     4.9627     5.0281     0.0143    91.7814 1.0000e-12  -64.83108  -63.90172 344.676922      99.95 1.5425e+03   1319.083      31659          6  0.000e+00
    202.386    200.307     0.7984  29.446466     0.7979  29.444238     4.9684     5.0232     0.0143    91.8072 1.0000e-12  -64.83108  -63.90172 344.676923      99.98 1.5425e+03   1319.125      31660          6  0.000e+00
    202.331    200.252     0.7984  29.446114     0.7974  29.444352     4.9696     5.0282     0.0143    91.8072 1.0000e-12  -64.83108  -63.90172 344.676923      99.98 1.5425e+03   1319.167      31661          6  0.000e+00
    202.386    200.307     0.7975  29.445879     0.7973  29.444238     4.9653     5.0233     0.0143    91.8072 1.0000e-12  -64.83108  -63.90172 344.676924      99.98 1.5425e+03   1319.208      31662          6  0.000e+00
    202.332    200.252     0.7961  29.446114     0.7974  29.444525     4.9653     5.0282     0.0143    91.7814 1.0000e-12  -64.83108  -63.90172 344.676924      99.93 1.5425e+03   1319.250      31663          6  0.000e+00
    202.386    200.307     0.7953  29.445351     0.7985  29.443951     4.9710     5.0285     0.0143    91.7814 1.0000e-12  -64.83108  -63.90172 344.676925      99.95 1.5425e+03   1319.292      31664          6  0.000e+00
    202.386    200.307     0.7958  29.445292     0.7995  29.443951     4.9664     5.0287     0.0143    91.7557 1.0000e-12  -64.83108  -63.90172 344.676925      99.98 1.5425e+03   1319.333      31665          6  0.000e+00
    202.387    200.307     0.7961  29.444763     0.7989  29.444066     4.9662     5.0238     0.0143    91.7557 1.0000e-12  -64.83108  -63.90172 344.676926      99.98 1.5425e+03   1319.375      31666          6  0.000e+00
    202.435    200.354     0.7958  29.444822     0.7990  29.444525     4.9732     5.0295     0.0143    91.7557 1.0000e-12  -64.83108  -63.90172 344.676926      99.98 1.5425e+03   1319.417      31667          6  0.000e+00
    202.435    200.354     0.7955  29.444235     0.7984  29.444525     4.9687     5.0298     0.0143    91.7557 1.0000e-12  -64.83108  -63.90172 344.676927      99.98 1.5425e+03   1319.458      31668          6  0.000e+00
    202.387    200.307     0.7956  29.443941     0.7984  29.444238     4.9685     5.0301     0.0143    91.7557 1.0000e-12  -64.83108  -63.90172 344.676927      99.98 1.5425e+03   1319.500      31669          6  0.000e+00
    202.435    200.354     0.7958  29.443941     0.7991  29.444525     4.9613     5.0303     0.0143    91.7557 1.0000e-12  -64.83108  -63.90172 344.676928      99.95 1.5425e+03   1319.542      31670          6  0.000e+00
    202.435    200.354     0.7959  29.444235     0.7990  29.444869     4.9655     5.0251     0.0143    91.7557 1.0000e-12  -64.83108  -63.90172 344.676928      99.95 1.5425e+03   1319.583      31671          6  0.000e+00
    202.435    200.354     0.7958  29.443941     0.7990  29.445328     4.9654     5.0245     0.0143    91.7814 1.0000e-12  -64.83108  -63.90172 344.676929      99.98 1.5425e+03   1319.625      31672          6  0.000e+00
    202.435    200.354     0.7952  29.443648     0.7987  29.444812     4.9653     5.0293     0.0143    91.7557 1.0000e-12  -64.83108  -63.90172 344.676929      99.98 1.5425e+03   1319.667      31673          6  0.000e+00
    202.435    200.354     0.7949  29.443707     0.7984  29.445328     4.9665     5.0295     0.0143    91.7557 1.0000e-12  -64.83108  -63.90172 344.676929      99.98 1.5425e+03   1319.708      31674          6  0.000e+00
    202.490    200.409     0.7946  29.443413     0.7984  29.445041     4.9665     5.0243     0.0143    91.7557 1.0000e-12  -64.83108  -63.90172 344.676930      99.95 1.5425e+03   1319.750      31675          6  0.000e+00
    202.435    200.355     0.7950  29.443413     0.7987  29.445672     4.9663     5.0289     0.0143    91.7557 1.0000e-12  -64.83110  -63.90170 344.676930      99.95 1.5425e+03   1319.792      31676          6  0.000e+00
    202.490    200.409     0.7952  29.443413     0.7990  29.445328     4.9649     5.0290     0.0143    91.7557 1.0000e-12  -64.83110  -63.90170 344.676931      99.98 1.5425e+03   1319.833      31677          6  0.000e+00
    202.490    200.409     0.7947  29.443120     0.7989  29.445328     4.9704     5.0237     0.0143    91.7557 1.0000e-12  -64.83110  -63.90170 344.676931      99.98 1.5425e+03   1319.875      31678          6  0.000e+00
    202.490    200.409     0.7949  29.443413     0.7982  29.445328     4.9658     5.0284     0.0143    91.7557 1.0000e-12  -64.83110  -63.90170 344.676932      99.98 1.5425e+03   1319.917      31679          6  0.000e+00
    202.538    200.456     0.7949  29.442826     0.7976  29.445041     4.9657     5.0285     0.0143    91.7557 1.0000e-12  -64.83110  -63.90170 344.676932      99.98 1.5425e+03   1319.958      31680          6  0.000e+00
    202.490    200.409     0.7950  29.443413     0.7970  29.444582     4.9724     5.0286     0.0143    91.7814 1.0000e-12  -64.83110  -63.90170 344.676933      99.98 1.5425e+03   1320.000      31681          6  0.000e+00
    202.538    200.457     0.7950  29.442826     0.7965  29.444238     4.9678     5.0287     0.0143    91.7557 1.0000e-12  -64.83110  -63.90170 344.676933      99.98 1.5425e+03   1320.042      31682          6  0.000e+00
    202.490    200.409     0.7950  29.442591     0.7964  29.443951     4.9676     5.0286     0.0143    91.7557 1.0000e-12  -64.83110  -63.90170 344.676934      99.95 1.5425e+03   1320.083      31683          6  0.000e+00
    202.538    200.457     0.7953  29.442885     0.7964  29.443722     4.9674     5.0285     0.0143    91.7557 1.0000e-12  -64.83110  -63.90170 344.676934      99.98 1.5425e+03   1320.125      31684          6  0.000e+00
    202.538    200.457     0.7958  29.443413     0.7957  29.443149     4.9684     5.0240     0.0143    91.7814 1.0000e-12  -64.83110  -63.90170 344.676935      99.98 1.5425e+03   1320.167      31685          6  0.000e+00
    202.593    200.511     0.7956  29.443942     0.7961  29.442977     4.9683     5.0239     0.0143    91.8072 1.0000e-12  -64.83110  -63.90170 344.676935      99.98 1.5425e+03   1320.208      31686          6  0.000e+00
    202.538    200.457     0.7955  29.443413     0.7962  29.442632     4.9668     5.0230     0.0216    91.8072 1.0000e-12  -64.83110  -63.90170 344.676936      99.93 1.5425e+03   1320.250      31687          6  0.000e+00
    202.593    200.511     0.7955  29.443413     0.7956  29.442346     4.9736     5.0222     0.0216    91.8072 1.0000e-12  -64.83110  -63.90170 344.676936      99.95 1.5425e+03   1320.292      31688          6  0.000e+00
    202.593    200.511     0.7953  29.443413     0.7957  29.442346     4.9747     5.0275     0.0216    91.7814 1.0000e-12  -64.83110  -63.90170 344.676937      99.98 1.5425e+03   1320.333      31689          6  0.000e+00
    202.593    200.511     0.7950  29.443707     0.7955  29.442403     4.9701     5.0221     0.0216    91.7814 1.0000e-12  -64.83110  -63.90170 344.676937      99.98 1.5425e+03   1320.375      31690          6  0.000e+00
    202.593    200.511     0.7952  29.443120     0.7953  29.442633     4.9685     5.0266     0.0216    91.7814 1.0000e-12  -64.83110  -63.90170 344.676938      99.98 1.5425e+03   1320.417      31691          6  0.000e+00
    202.593    200.511     0.7950  29.443120     0.7953  29.442633     4.9682     5.0265     0.0216    91.8072 1.0000e-12  -64.83110  -63.90170 344.676938      99.98 1.5425e+03   1320.458      31692          6  0.000e+00
    202.641    200.559     0.7949  29.443120     0.7956  29.442059     4.9679     5.0210     0.0216    91.8072 1.0000e-12  -64.83110  -63.90170 344.676939      99.98 1.5425e+03   1320.500      31693          6  0.000e+00
    202.593    200.511     0.7949  29.442885     0.7961  29.442632     4.9676     5.0262     0.0216    91.8072 1.0000e-12  -64.83110  -63.90170 344.676939      99.95 1.5425e+03   1320.542      31694          6  0.000e+00
    202.641    200.559     0.7953  29.442826     0.7959  29.442403     4.9729     5.0270     0.0216    91.8072 1.0000e-12  -64.83110  -63.90170 344.676940      99.95 1.5425e+03   1320.583      31695          6  0.000e+00
    202.689    200.606     0.7952  29.443120     0.7961  29.443149     4.9739     5.0277     0.0216    91.8072 1.0000e-12  -64.83110  -63.90170 344.676940      99.98 1.5443e+03   1320.625      31696          6  0.000e+00
    202.641    200.559     0.7955  29.443120     0.7957  29.443436     4.9690     5.0222     0.0216    91.7814 1.0000e-12  -64.83110  -63.90170 344.676941      99.98 1.5443e+03   1320.667      31697          6  0.000e+00
    202.641    200.559     0.7952  29.443120     0.7957  29.442862     4.9672     5.0212     0.0216    91.7814 1.0000e-12  -64.83110  -63.90170 344.676941      99.98 1.5443e+03   1320.708      31698          6  0.000e+00
    202.689    200.606     0.7955  29.443649     0.7952  29.442862     4.9724     5.0257     0.0216    91.7814 1.0000e-12  -64.83110  -63.90170 344.676942      99.95 1.5443e+03   1320.750      31699          6  0.000e+00
    202.689    200.606     0.7956  29.443414     0.7953  29.442174     4.9675     5.0264     0.0216    91.7814 1.0000e-12  -64.83110  -63.90170 344.676942      99.95 1.5443e+03   1320.792      31700          6  0.000e+00
    202.641    200.559     0.7956  29.443413     0.7950  29.441772     4.9669     5.0263     0.0216    91.8072 1.0000e-12  -64.83110  -63.90170 344.676943      99.98 1.5443e+03   1320.833      31701          6  0.000e+00
    202.744    200.661     0.7955  29.443649     0.7947  29.441543     4.9721     5.0262     0.0216    91.7814 1.0000e-12  -64.83110  -63.90170 344.676943      99.98 1.5443e+03   1320.875      31702          6  0.000e+00
