NBP2113_155081_ctd/data/nbp2113_057.cnv
* Sea-Bird SBE 9 Data File:
* FileName = D:\Data\raw\NBP2113_057.hex
* Software Version Seasave V 7.26.7.121
* Temperature SN = 2438
* Conductivity SN = 2067
* Number of Bytes Per Scan = 40
* Number of Voltage Words = 5
* Number of Scans Averaged by the Deck Unit = 1
* NMEA Latitude = 64 55.49 S
* NMEA Longitude = 064 36.97 W
* NMEA UTC (Time) = Dec 12 2021  00:03:38
* NMEA baud rate = 9600
** Ship: RVIB N.B. Palmer
** Cruise: NBP2113 LTER
** Station: 594.048
** Operator: S. Blackman
# nquan = 25
# nvalues = 2127                        
# units = specified
# name 0 = prDM: Pressure, Digiquartz [db]
# name 1 = depSM: Depth [salt water, m]
# name 2 = t090C: Temperature [ITS-90, deg C]
# name 3 = c0mS/cm: Conductivity [mS/cm]
# name 4 = t190C: Temperature, 2 [ITS-90, deg C]
# name 5 = c1mS/cm: Conductivity, 2 [mS/cm]
# name 6 = sbeox0ML/L: Oxygen, SBE 43 [ml/l]
# name 7 = sbeox1ML/L: Oxygen, SBE 43, 2 [ml/l]
# name 8 = flECO-AFL: Fluorescence, WET Labs ECO-AFL/FL [mg/m^3]
# name 9 = CStarTr0: Beam Transmission, WET Labs C-Star [%]
# name 10 = par: PAR/Irradiance, Biospherical/Licor
# name 11 = latitude: Latitude [deg]
# name 12 = longitude: Longitude [deg]
# name 13 = timeJ: Julian Days
# name 14 = altM: Altimeter [m]
# name 15 = spar: SPAR, Biospherical/Licor
# name 16 = timeS: Time, Elapsed [seconds]
# name 17 = scan: Scan Count
# name 18 = density00: Density [density, kg/m^3]
# name 19 = density11: Density, 2 [density, kg/m^3]
# name 20 = sal00: Salinity, Practical [PSU]
# name 21 = sal11: Salinity, Practical, 2 [PSU]
# name 22 = oxsolML/L: Oxygen Saturation, Garcia & Gordon [ml/l]
# name 23 = nbin: number of scans per bin
# name 24 = flag: flag
# span 0 =      1.000,   1066.000       
# span 1 =      0.994,   1052.856       
# span 2 =    -0.7269,     1.4777       
# span 3 =  27.403068,  30.540986       
# span 4 =    -0.7244,     1.4775       
# span 5 =  27.403682,  30.539651       
# span 6 =     4.0429,    10.2282       
# span 7 =     4.1003,     9.3255       
# span 8 =    -0.0224,     1.9702       
# span 9 =    81.6141,    90.8032       
# span 10 = 1.0000e-12, 2.2659e+01      
# span 11 =  -64.92494,  -64.92480      
# span 12 =  -64.61658,  -64.61486      
# span 13 = 346.005971, 346.049533      
# span 14 =       1.12,     101.33      
# span 15 = 1.2340e+01, 7.7567e+01      
# span 16 =    297.893,   4061.627      
# span 17 =       7150,      97480      
# span 18 =  1027.0289,  1032.7314      
# span 19 =  1027.0279,  1032.7303      
# span 20 =    33.5922,    34.6771      
# span 21 =    33.5900,    34.6757      
# span 22 =    7.72881,    8.24382      
# span 23 =         10,         49      
# span 24 = 0.0000e+00, 0.0000e+00      
# interval = decibars: 1                
# start_time = Dec 12 2021 00:03:38 [NMEA time, header]
# bad_flag = -9.990e-29
*END*
[from data line 348]
    353.000    349.244     1.3149  30.058833     1.3144  30.057391     4.2632     4.3100    -0.0074    90.7526 1.0000e-12  -64.92482  -64.61614 346.012560      99.97 7.0442e+01    867.221      20814  1029.3994  1029.3984    34.6425    34.6412    7.76269         24 0.0000e+00
    354.000    350.230     1.3159  30.060191     1.3153  30.058673     4.2662     4.3062    -0.0067    90.7582 1.0000e-12  -64.92482  -64.61614 346.012572      99.97 6.9202e+01    868.216      20838  1029.4041  1029.4032    34.6427    34.6414    7.76250         23 0.0000e+00
    355.000    351.221     1.3168  30.061635     1.3161  30.060108     4.2670     4.3121    -0.0224    90.7801 1.0000e-12  -64.92482  -64.61612 346.012583      99.97 6.8742e+01    869.145      20860  1029.4089  1029.4081    34.6429    34.6417    7.76230         21 0.0000e+00
    356.000    352.207     1.3172  30.062626     1.3167  30.061177     4.2689     4.3126    -0.0114    90.7895 1.0000e-12  -64.92482  -64.61612 346.012592      99.97 6.8752e+01    869.968      20880  1029.4138  1029.4129    34.6432    34.6419    7.76221         19 0.0000e+00
    357.000    353.199     1.3176  30.063373     1.3171  30.061982     4.2652     4.3141    -0.0103    90.7565 1.0000e-12  -64.92482  -64.61612 346.012602      99.97 6.8752e+01    870.774      20900  1029.4184  1029.4175    34.6431    34.6418    7.76213         20 0.0000e+00
    358.000    354.186     1.3180  30.064303     1.3174  30.062742     4.2656     4.3168    -0.0146    90.7347 1.0000e-12  -64.92482  -64.61613 346.012612      99.97 6.8752e+01    871.675      20921  1029.4232  1029.4222    34.6432    34.6420    7.76204         25 0.0000e+00
    359.000    355.175     1.3195  30.066317     1.3190  30.064693     4.2569     4.3131    -0.0140    90.7682 1.0000e-12  -64.92482  -64.61614 346.012629      99.96 6.8752e+01    873.176      20957  1029.4281  1029.4269    34.6436    34.6421    7.76173         39 0.0000e+00
    360.000    356.162     1.3208  30.068246     1.3204  30.066676     4.2568     4.3044    -0.0058    90.7649 1.0000e-12  -64.92482  -64.61614 346.012660      99.97 6.8752e+01    875.856      21022  1029.4331  1029.4319    34.6440    34.6425    7.76145         40 0.0000e+00
    361.000    357.151     1.3231  30.071068     1.3225  30.069604     4.2549     4.3000    -0.0024    90.7890 1.0000e-12  -64.92482  -64.61614 346.012676      99.97 6.8752e+01    877.211      21054  1029.4379  1029.4370    34.6445    34.6433    7.76096         24 0.0000e+00
    362.000    358.139     1.3239  30.072402     1.3233  30.070981     4.2554     4.3054    -0.0152    90.7935 1.0000e-12  -64.92482  -64.61614 346.012686      99.97 6.8752e+01    878.055      21074  1029.4427  1029.4419    34.6448    34.6436    7.76079         19 0.0000e+00
    363.000    359.129     1.3242  30.073149     1.3236  30.071600     4.2571     4.3077    -0.0082    90.7774 1.0000e-12  -64.92482  -64.61613 346.012694      99.97 6.8752e+01    878.784      21092  1029.4475  1029.4465    34.6449    34.6435    7.76074         17 0.0000e+00
    364.000    360.116     1.3241  30.073554     1.3237  30.072172     4.2524     4.3090    -0.0056    90.7712 1.0000e-12  -64.92482  -64.61612 346.012702      99.97 6.8752e+01    879.486      21109  1029.4522  1029.4512    34.6449    34.6436    7.76076         17 0.0000e+00
    365.000    361.105     1.3236  30.073546     1.3231  30.072089     4.2526     4.3040     0.0012    90.7670 1.0000e-12  -64.92482  -64.61612 346.012711      99.97 6.8752e+01    880.249      21127  1029.4570  1029.4559    34.6448    34.6435    7.76085         20 0.0000e+00
    366.000    362.095     1.3239  30.074188     1.3234  30.072700     4.2542     4.2989    -0.0120    90.7744 1.0000e-12  -64.92482  -64.61612 346.012723      99.97 6.8752e+01    881.305      21152  1029.4616  1029.4605    34.6448    34.6434    7.76080         32 0.0000e+00
    367.000    363.083     1.3246  30.075539     1.3242  30.074016     4.2441     4.3058    -0.0108    90.7678 1.0000e-12  -64.92482  -64.61612 346.012748      99.97 6.8752e+01    883.453      21204  1029.4665  1029.4653    34.6451    34.6436    7.76064         49 0.0000e+00
    368.000    364.070     1.3255  30.076650     1.3250  30.075208     4.2402     4.2949    -0.0124    90.7670 1.0000e-12  -64.92482  -64.61612 346.012772      99.97 6.8752e+01    885.500      21253  1029.4710  1029.4700    34.6450    34.6437    7.76047         38 0.0000e+00
    369.000    365.059     1.3280  30.079805     1.3273  30.078220     4.2519     4.2932    -0.0063    90.7488 1.0000e-12  -64.92482  -64.61612 346.012787      99.97 6.8752e+01    886.764      21283  1029.4761  1029.4751    34.6457    34.6445    7.75995         24 0.0000e+00
    370.000    366.046     1.3290  30.081260     1.3283  30.079818     4.2503     4.2935    -0.0139    90.5980 1.0000e-12  -64.92482  -64.61612 346.012797      99.97 6.8752e+01    887.615      21304  1029.4808  1029.4799    34.6459    34.6447    7.75974         18 0.0000e+00
    371.000    367.035     1.3295  30.082245     1.3289  30.080823     4.2497     4.2975    -0.0123    90.7525 1.0000e-12  -64.92482  -64.61612 346.012805      99.97 6.8752e+01    888.317      21321  1029.4855  1029.4847    34.6460    34.6448    7.75963         16 0.0000e+00
    372.000    368.025     1.3296  30.082894     1.3290  30.081418     4.2531     4.2978    -0.0077    90.7755 1.0000e-12  -64.92482  -64.61612 346.012812      99.97 6.8752e+01    888.996      21337  1029.4903  1029.4894    34.6461    34.6449    7.75960         17 0.0000e+00
    373.000    369.013     1.3312  30.085001     1.3305  30.083489     4.2495     4.2979    -0.0062    90.7718 1.0000e-12  -64.92482  -64.61613 346.012822      99.97 6.8752e+01    889.784      21356  1029.4951  1029.4942    34.6465    34.6452    7.75927         23 0.0000e+00
    374.000    370.001     1.3310  30.085326     1.3306  30.083897     4.2425     4.2936    -0.0090    90.7688 1.0000e-12  -64.92482  -64.61613 346.012846      99.97 6.8752e+01    891.924      21407  1029.4999  1029.4988    34.6465    34.6451    7.75931         40 0.0000e+00
    375.000    370.989     1.3326  30.087233     1.3321  30.085999     4.2411     4.2891    -0.0076    90.7682 1.0000e-12  -64.92482  -64.61611 346.012871      99.97 6.8752e+01    894.073      21459  1029.5046  1029.5038    34.6466    34.6456    7.75898         26 0.0000e+00
    376.000    371.978     1.3336  30.088776     1.3329  30.087293     4.2420     4.2832    -0.0102    90.7966 1.0000e-12  -64.92482  -64.61610 346.012881      99.97 6.8752e+01    894.924      21479  1029.5094  1029.5085    34.6469    34.6457    7.75877         18 0.0000e+00
    377.000    372.965     1.3357  30.091693     1.3353  30.090158     4.2413     4.2838    -0.0151    90.7802 1.0000e-12  -64.92483  -64.61610 346.012889      99.97 6.8752e+01    895.614      21496  1029.5145  1029.5133    34.6477    34.6462    7.75831         16 0.0000e+00
    378.000    373.956     1.3366  30.092968     1.3361  30.091573     4.2391     4.2842    -0.0150    90.7755 1.0000e-12  -64.92484  -64.61610 346.012896      99.97 6.8752e+01    896.247      21511  1029.5192  1029.5182    34.6478    34.6466    7.75813         15 0.0000e+00
    379.000    374.943     1.3374  30.094472     1.3369  30.093035     4.2338     4.2847    -0.0129    90.7722 1.0000e-12  -64.92484  -64.61610 346.012904      99.97 6.8752e+01    896.943      21528  1029.5242  1029.5232    34.6483    34.6470    7.75795         20 0.0000e+00
    380.000    375.933     1.3369  30.094524     1.3368  30.093197     4.2289     4.2805    -0.0077    90.7533 1.0000e-12  -64.92483  -64.61611 346.012928      99.97 6.8752e+01    898.973      21576  1029.5289  1029.5278    34.6482    34.6467    7.75804         28 0.0000e+00
    381.000    376.921     1.3399  30.097686     1.3393  30.096279     4.2229     4.2747    -0.0077    90.6588 1.0000e-12  -64.92482  -64.61612 346.012951      99.97 6.8752e+01    900.971      21624  1029.5335  1029.5327    34.6484    34.6473    7.75744         24 0.0000e+00
    382.000    377.907     1.3425  30.101090     1.3419  30.099565     4.2247     4.2739    -0.0077    90.7650 1.0000e-12  -64.92482  -64.61611 346.012960      99.97 6.8752e+01    901.765      21643  1029.5387  1029.5377    34.6494    34.6480    7.75689         18 0.0000e+00
    383.000    378.896     1.3440  30.103379     1.3436  30.101973     4.2217     4.2754    -0.0077    90.7516 1.0000e-12  -64.92482  -64.61610 346.012968      99.97 6.8752e+01    902.471      21660  1029.5437  1029.5427    34.6500    34.6487    7.75654         16 0.0000e+00
    384.000    379.885     1.3448  30.104771     1.3443  30.103225     4.2164     4.2781    -0.0077    90.7527 1.0000e-12  -64.92482  -64.61610 346.012977      99.97 6.8752e+01    903.187      21677  1029.5486  1029.5475    34.6504    34.6489    7.75638         19 0.0000e+00
    385.000    380.875     1.3460  30.106573     1.3456  30.105209     4.2215     4.2730    -0.0071    90.7514 1.0000e-12  -64.92482  -64.61610 346.012990      99.97 6.8752e+01    904.371      21706  1029.5535  1029.5525    34.6507    34.6494    7.75611         27 0.0000e+00
    386.000    381.862     1.3468  30.107940     1.3466  30.106740     4.2164     4.2702    -0.0118    90.7721 1.0000e-12  -64.92483  -64.61608 346.013016      99.97 6.8752e+01    906.597      21759  1029.5585  1029.5575    34.6511    34.6497    7.75595         38 0.0000e+00
    387.000    382.849     1.3473  30.109229     1.3468  30.107694     4.2196     4.2717    -0.0066    90.8032 1.0000e-12  -64.92483  -64.61608 346.013031      99.97 6.8752e+01    907.892      21790  1029.5636  1029.5625    34.6516    34.6502    7.75582         25 0.0000e+00
    388.000    383.839     1.3474  30.109764     1.3469  30.108317     4.2193     4.2723    -0.0077    90.7960 1.0000e-12  -64.92483  -64.61608 346.013041      99.97 6.8752e+01    908.773      21812  1029.5683  1029.5672    34.6516    34.6502    7.75580         19 0.0000e+00
    389.000    384.826     1.3475  30.110371     1.3471  30.108936     4.2185     4.2725    -0.0067    90.7808 1.0000e-12  -64.92482  -64.61608 346.013051      99.97 6.8752e+01    909.587      21831  1029.5730  1029.5720    34.6516    34.6503    7.75578         21 0.0000e+00
    390.000    385.814     1.3476  30.110873     1.3471  30.109334     4.2184     4.2699    -0.0066    90.7905 1.0000e-12  -64.92482  -64.61608 346.013064      99.97 6.8752e+01    910.697      21858  1029.5777  1029.5766    34.6516    34.6502    7.75576         34 0.0000e+00
    391.000    386.805     1.3478  30.111522     1.3475  30.110123     4.2177     4.2695    -0.0029    90.7757 1.0000e-12  -64.92484  -64.61608 346.013084      99.97 6.8752e+01    912.424      21899  1029.5823  1029.5813    34.6516    34.6502    7.75571         37 0.0000e+00
    392.000    387.791     1.3490  30.113059     1.3484  30.111477     4.2126     4.2685    -0.0078    90.7675 1.0000e-12  -64.92484  -64.61608 346.013099      99.97 6.8752e+01    913.776      21932  1029.5870  1029.5859    34.6517    34.6502    7.75548         27 0.0000e+00
    393.000    388.781     1.3496  30.114255     1.3492  30.112755     4.2181     4.2634    -0.0118    90.7510 1.0000e-12  -64.92484  -64.61608 346.013111      99.97 6.8752e+01    914.752      21955  1029.5918  1029.5908    34.6519    34.6505    7.75534         20 0.0000e+00
    394.000    389.768     1.3498  30.114960     1.3494  30.113480     4.2231     4.2620    -0.0151    90.7606 1.0000e-12  -64.92484  -64.61608 346.013120      99.97 6.8752e+01    915.575      21975  1029.5966  1029.5955    34.6520    34.6506    7.75529         20 0.0000e+00
    395.000    390.757     1.3502  30.115817     1.3498  30.114459     4.2195     4.2670    -0.0147    90.7661 1.0000e-12  -64.92484  -64.61608 346.013130      99.97 6.8752e+01    916.405      21995  1029.6013  1029.6004    34.6521    34.6508    7.75521         21 0.0000e+00
    396.000    391.745     1.3507  30.116929     1.3504  30.115582     4.2195     4.2665    -0.0072    90.7605 1.0000e-12  -64.92482  -64.61608 346.013140      99.97 6.8752e+01    917.320      22017  1029.6062  1029.6052    34.6524    34.6511    7.75510         23 0.0000e+00
    397.000    392.734     1.3504  30.117113     1.3501  30.115750     4.2194     4.2636    -0.0077    90.7650 1.0000e-12  -64.92482  -64.61608 346.013154      99.97 6.8752e+01    918.474      22044  1029.6109  1029.6099    34.6524    34.6510    7.75516         32 0.0000e+00
    398.000    393.723     1.3505  30.117651     1.3502  30.116196     4.2154     4.2658    -0.0148    90.7741 1.0000e-12  -64.92483  -64.61608 346.013190      99.97 6.8752e+01    921.645      22120  1029.6157  1029.6145    34.6524    34.6509    7.75514         37 0.0000e+00
    399.000    394.709     1.3503  30.117950     1.3500  30.116629     4.2170     4.2600    -0.0201    90.7729 1.0000e-12  -64.92484  -64.61606 346.013209      99.97 6.8752e+01    923.276      22160  1029.6204  1029.6194    34.6524    34.6511    7.75517         24 0.0000e+00
    400.000    395.699     1.3501  30.118215     1.3497  30.116813     4.2120     4.2578    -0.0150    90.7591 1.0000e-12  -64.92484  -64.61606 346.013219      99.97 6.8752e+01    924.079      22179  1029.6251  1029.6241    34.6524    34.6511    7.75521         17 0.0000e+00
    401.000    396.686     1.3504  30.118895     1.3498  30.117388     4.2111     4.2617    -0.0077    90.7514 1.0000e-12  -64.92484  -64.61605 346.013226      99.97 6.8752e+01    924.725      22194  1029.6297  1029.6287    34.6524    34.6511    7.75516         14 0.0000e+00
    402.000    397.676     1.3504  30.119423     1.3500  30.117957     4.2104     4.2633    -0.0060    90.7514 1.0000e-12  -64.92484  -64.61604 346.013233      99.97 6.8752e+01    925.290      22208  1029.6344  1029.6334    34.6524    34.6511    7.75515         13 0.0000e+00
    403.000    398.660     1.3505  30.120068     1.3500  30.118508     4.2131     4.2667    -0.0003    90.7514 1.0000e-12  -64.92484  -64.61604 346.013239      99.96 6.8752e+01    925.838      22221  1029.6393  1029.6382    34.6526    34.6512    7.75512         13 0.0000e+00
    404.000    399.654     1.3499  30.119974     1.3494  30.118578     4.2124     4.2664     0.0001    90.7514 1.0000e-12  -64.92484  -64.61604 346.013245      99.97 6.8752e+01    926.396      22234  1029.6440  1029.6430    34.6526    34.6513    7.75525         14 0.0000e+00
    405.000    400.641     1.3496  30.120125     1.3491  30.118665     4.2165     4.2683    -0.0131    90.7514 1.0000e-12  -64.92484  -64.61604 346.013253      99.97 6.8752e+01    927.081      22251  1029.6487  1029.6477    34.6526    34.6513    7.75532         21 0.0000e+00
    406.000    401.628     1.3498  30.120665     1.3493  30.119100     4.2127     4.2642    -0.0137    90.7514 1.0000e-12  -64.92484  -64.61606 346.013289      99.97 6.9737e+01    930.186      22325  1029.6533  1029.6522    34.6525    34.6510    7.75528         38 0.0000e+00
    407.000    402.616     1.3496  30.120903     1.3491  30.119492     4.2174     4.2625    -0.0195    90.7514 1.0000e-12  -64.92484  -64.61606 346.013314      99.97 7.0534e+01    932.363      22378  1029.6579  1029.6570    34.6523    34.6511    7.75531         32 0.0000e+00
    408.000    403.605     1.3499  30.121798     1.3493  30.120255     4.2135     4.2571    -0.0108    90.7547 1.0000e-12  -64.92482  -64.61604 346.013328      99.97 7.0515e+01    933.510      22405  1029.6628  1029.6618    34.6526    34.6513    7.75524         24 0.0000e+00
    409.000    404.591     1.3504  30.122764     1.3500  30.121404     4.2097     4.2614    -0.0029    90.7579 1.0000e-12  -64.92484  -64.61602 346.013338      99.97 7.0515e+01    934.404      22427  1029.6675  1029.6665    34.6527    34.6514    7.75514         20 0.0000e+00
