NBP2113_155081_ctd/data/nbp2113_037.ros
* Sea-Bird SBE 9 Data File:
* FileName = D:\Data\raw\NBP2113_037.hex
* Software Version Seasave V 7.26.7.121
* Temperature SN = 2438
* Conductivity SN = 2067
* Number of Bytes Per Scan = 40
* Number of Voltage Words = 5
* Number of Scans Averaged by the Deck Unit = 1
* NMEA Latitude = 64 56.01 S
* NMEA Longitude = 064 23.97 W
* NMEA UTC (Time) = Dec 10 2021  04:27:53
* NMEA baud rate = 9600
** Ship: RVIB N.B. Palmer
** Cruise: NBP2113 LTER
** Station: 600.040
** Operator: B. Urmston
# nquan = 20
# nvalues = 1174                                  
# units = specified
# name 0 = prDM: Pressure, Digiquartz [db]
# name 1 = depSM: Depth [salt water, m]
# name 2 = t090C: Temperature [ITS-90, deg C]
# name 3 = c0mS/cm: Conductivity [mS/cm]
# name 4 = t190C: Temperature, 2 [ITS-90, deg C]
# name 5 = c1mS/cm: Conductivity, 2 [mS/cm]
# name 6 = sbeox0ML/L: Oxygen, SBE 43 [ml/l]
# name 7 = sbeox1ML/L: Oxygen, SBE 43, 2 [ml/l]
# name 8 = flECO-AFL: Fluorescence, WET Labs ECO-AFL/FL [mg/m^3]
# name 9 = CStarTr0: Beam Transmission, WET Labs C-Star [%]
# name 10 = par: PAR/Irradiance, Biospherical/Licor
# name 11 = latitude: Latitude [deg]
# name 12 = longitude: Longitude [deg]
# name 13 = timeJ: Julian Days
# name 14 = altM: Altimeter [m]
# name 15 = spar: SPAR, Biospherical/Licor
# name 16 = timeS: Time, Elapsed [seconds]
# name 17 = scan: Scan Count
# name 18 = nbf: Bottles Fired
# name 19 = flag:  0.000e+00
# interval = seconds: 0.0416667
# start_time = Dec 10 2021 04:27:53 [NMEA time, header]
# bad_flag = -9.990e-29
*END*
[from data line 290]
     15.893     15.737    -0.9413  27.180536    -0.9368  27.183969     8.0786     8.1282     1.7285    87.6100 1.1777e-01  -64.93370  -64.39966 344.196611      99.95 0.0000e+00    914.208      21942          6  0.000e+00
     15.893     15.737    -0.9406  27.180536    -0.9366  27.184749     8.0721     8.1286     1.7285    87.6100 1.1777e-01  -64.93370  -64.39966 344.196612      99.98 0.0000e+00    914.250      21943          6  0.000e+00
     15.866     15.710    -0.9405  27.180535    -0.9368  27.184470     8.0701     8.1290     1.7285    87.6100 1.1777e-01  -64.93370  -64.39966 344.196612      99.98 0.0000e+00    914.292      21944          6  0.000e+00
     15.845     15.689    -0.9399  27.181333    -0.9367  27.184192     8.0725     8.1294     1.7285    87.6100 1.1777e-01  -64.93370  -64.39966 344.196613      99.93 0.0000e+00    914.333      21945          6  0.000e+00
     15.189     15.040    -0.9252  27.193190    -0.9275  27.194769     8.0773     8.1293     1.7945    87.8932 1.3340e-01  -64.93370  -64.39962 344.196648      99.98 0.0000e+00    917.417      22019          7  0.000e+00
     15.210     15.060    -0.9236  27.194843    -0.9277  27.193711     8.0705     8.1298     1.8018    87.8675 1.3340e-01  -64.93370  -64.39962 344.196649      99.98 0.0000e+00    917.458      22020          7  0.000e+00
     15.189     15.040    -0.9224  27.196154    -0.9277  27.192987     8.0741     8.1301     1.8018    87.8932 1.3340e-01  -64.93370  -64.39962 344.196649      99.98 0.0000e+00    917.500      22021          7  0.000e+00
     15.155     15.006    -0.9245  27.196839    -0.9272  27.192207     8.0753     8.1302     1.7945    87.8932 1.3340e-01  -64.93370  -64.39962 344.196650      99.98 0.0000e+00    917.542      22022          7  0.000e+00
     15.189     15.040    -0.9252  27.196668    -0.9272  27.192709     8.0762     8.1304     1.7945    87.8932 1.3340e-01  -64.93370  -64.39962 344.196650      99.98 0.0000e+00    917.583      22023          7  0.000e+00
     15.134     14.986    -0.9234  27.195527    -0.9274  27.193210     8.0810     8.1305     1.7945    87.8675 1.3340e-01  -64.93370  -64.39962 344.196651      99.95 0.0000e+00    917.625      22024          7  0.000e+00
     15.210     15.060    -0.9257  27.195642    -0.9274  27.192207     8.0761     8.1308     1.7945    87.8932 1.3340e-01  -64.93370  -64.39962 344.196651      99.95 0.0000e+00    917.667      22025          7  0.000e+00
     15.135     14.986    -0.9280  27.195071    -0.9275  27.192430     8.0814     8.1308     1.8018    87.8675 1.3340e-01  -64.93370  -64.39962 344.196652      99.98 0.0000e+00    917.708      22026          7  0.000e+00
     15.210     15.060    -0.9289  27.193760    -0.9282  27.192709     8.0834     8.1310     1.7945    87.8675 1.3340e-01  -64.93370  -64.39962 344.196652      99.98 0.0000e+00    917.750      22027          7  0.000e+00
     15.135     14.986    -0.9292  27.193019    -0.9288  27.192207     8.0790     8.1311     1.7945    87.8675 1.3340e-01  -64.93372  -64.39962 344.196653      99.95 0.0000e+00    917.792      22028          7  0.000e+00
     15.189     15.040    -0.9296  27.191993    -0.9297  27.191651     8.0793     8.1313     1.7945    87.8932 1.3566e-01  -64.93372  -64.39962 344.196653      99.93 0.0000e+00    917.833      22029          7  0.000e+00
     15.155     15.006    -0.9298  27.191422    -0.9303  27.190648     8.0779     8.1323     1.7945    87.8675 1.3566e-01  -64.93372  -64.39962 344.196654      99.95 0.0000e+00    917.875      22030          7  0.000e+00
     15.189     15.040    -0.9301  27.191194    -0.9304  27.190147     8.0764     8.1323     1.8018    87.8932 1.3566e-01  -64.93372  -64.39962 344.196654      99.98 0.0000e+00    917.917      22031          7  0.000e+00
     15.210     15.060    -0.9299  27.191651    -0.9303  27.190649     8.0761     8.1322     1.7945    87.8932 1.3566e-01  -64.93372  -64.39962 344.196655      99.98 0.0000e+00    917.958      22032          7  0.000e+00
     15.135     14.986    -0.9298  27.191479    -0.9303  27.190871     8.0757     8.1319     1.7945    87.8675 1.3566e-01  -64.93372  -64.39962 344.196655      99.98 0.0000e+00    918.000      22033          7  0.000e+00
     15.210     15.060    -0.9284  27.192221    -0.9304  27.190147     8.0692     8.1319     1.7945    87.8932 1.3566e-01  -64.93372  -64.39962 344.196656      99.98 0.0000e+00    918.042      22034          7  0.000e+00
     15.237     15.087    -0.9268  27.193190    -0.9303  27.190426     8.0731     8.1317     1.7945    87.8675 1.3566e-01  -64.93372  -64.39962 344.196656      99.98 0.0000e+00    918.083      22035          7  0.000e+00
     15.135     14.986    -0.9272  27.195071    -0.9307  27.190648     8.0710     8.1314     1.7945    87.8675 1.3566e-01  -64.93372  -64.39962 344.196657      99.95 0.0000e+00    918.125      22036          7  0.000e+00
     15.210     15.060    -0.9278  27.196668    -0.9312  27.190370     8.0646     8.1322     1.7945    87.8932 1.3566e-01  -64.93372  -64.39962 344.196657      99.95 0.0000e+00    918.167      22037          7  0.000e+00
     15.237     15.087    -0.9272  27.195813    -0.9314  27.189368     8.0627     8.1320     1.7945    87.8675 1.3566e-01  -64.93372  -64.39962 344.196658      99.98 0.0000e+00    918.208      22038          7  0.000e+00
     15.210     15.060    -0.9258  27.195356    -0.9318  27.189090     8.0605     8.1318     1.7945    87.8932 1.3566e-01  -64.93372  -64.39962 344.196658      99.98 0.0000e+00    918.250      22039          7  0.000e+00
     15.237     15.087    -0.9260  27.196326    -0.9323  27.189090     8.0645     8.1315     1.7945    87.8675 1.3566e-01  -64.93372  -64.39962 344.196658      99.95 0.0000e+00    918.292      22040          7  0.000e+00
     15.189     15.040    -0.9265  27.196896    -0.9323  27.188310     8.0640     8.1311     1.7945    87.8932 1.3566e-01  -64.93372  -64.39962 344.196659      99.93 0.0000e+00    918.333      22041          7  0.000e+00
     15.258     15.108    -0.9283  27.195357    -0.9318  27.188589     8.0594     8.1306     1.7945    87.8675 1.3566e-01  -64.93372  -64.39962 344.196659      99.95 0.0000e+00    918.375      22042          7  0.000e+00
     15.237     15.087    -0.9299  27.193988    -0.9323  27.188087     8.0607     8.1303     1.8018    87.8675 1.3340e-01  -64.93372  -64.39962 344.196660      99.98 0.0000e+00    918.417      22043          7  0.000e+00
     15.258     15.108    -0.9313  27.191993    -0.9327  27.188087     8.0607     8.1299     1.7945    87.8932 1.3340e-01  -64.93372  -64.39962 344.196660      99.98 0.0000e+00    918.458      22044          7  0.000e+00
     15.237     15.087    -0.9329  27.190396    -0.9344  27.187809     8.0667     8.1306     1.7945    87.8675 1.3340e-01  -64.93372  -64.39962 344.196661      99.98 0.0000e+00    918.500      22045          7  0.000e+00
     15.292     15.142    -0.9326  27.189598    -0.9359  27.187308     8.0678     8.1304     1.7945    87.8675 1.3340e-01  -64.93372  -64.39962 344.196661      99.98 0.0000e+00    918.542      22046          7  0.000e+00
     15.258     15.108    -0.9319  27.189655    -0.9368  27.186028     8.0628     8.1300     1.7945    87.8675 1.3340e-01  -64.93372  -64.39962 344.196662      99.98 0.0000e+00    918.583      22047          7  0.000e+00
     15.292     15.142    -0.9321  27.189655    -0.9373  27.183968     8.0611     8.1306     1.7945    87.7645 1.3340e-01  -64.93372  -64.39962 344.196662      99.95 0.0000e+00    918.625      22048          7  0.000e+00
     15.306     15.155    -0.9332  27.189313    -0.9378  27.183188     8.0537     8.1311     1.7945    87.6872 1.3340e-01  -64.93372  -64.39962 344.196663      99.95 0.0000e+00    918.667      22049          7  0.000e+00
     15.292     15.142    -0.9335  27.189142    -0.9381  27.183188     8.0566     8.1314     1.7945    87.6872 1.3115e-01  -64.93372  -64.39962 344.196663      99.98 0.0000e+00    918.708      22050          7  0.000e+00
     15.306     15.155    -0.9344  27.188800    -0.9381  27.182409     8.0566     8.1253     1.7945    87.7130 1.3340e-01  -64.93372  -64.39962 344.196664      99.98 0.0000e+00    918.750      22051          7  0.000e+00
     15.340     15.189    -0.9340  27.188572    -0.9385  27.182409     8.0549     8.1248     1.7945    87.7130 1.3115e-01  -64.93372  -64.39962 344.196664      99.98 0.0000e+00    918.792      22052          7  0.000e+00
     15.292     15.142    -0.9335  27.188344    -0.9379  27.182130     8.0532     8.1241     1.7945    87.7130 1.3115e-01  -64.93372  -64.39962 344.196665      99.95 0.0000e+00    918.833      22053          7  0.000e+00
     15.361     15.210    -0.9338  27.188800    -0.9378  27.182130     8.0517     8.1237     1.7945    87.7130 1.3115e-01  -64.93372  -64.39962 344.196665      99.95 0.0000e+00    918.875      22054          7  0.000e+00
     15.388     15.237    -0.9335  27.188857    -0.9376  27.182130     8.0500     8.1222     1.7945    87.7130 1.3115e-01  -64.93372  -64.39962 344.196666      99.98 0.0000e+00    918.917      22055          7  0.000e+00
     15.361     15.210    -0.9328  27.188344    -0.9359  27.182409     8.0497     8.1260     1.8018    87.6872 1.3115e-01  -64.93372  -64.39962 344.196666      99.98 0.0000e+00    918.958      22056          7  0.000e+00
     15.388     15.237    -0.9326  27.189085    -0.9358  27.182687     8.0481     8.1254     1.7945    87.7130 1.3115e-01  -64.93372  -64.39962 344.196667      99.98 0.0000e+00    919.000      22057          7  0.000e+00
     15.388     15.237    -0.9309  27.190169    -0.9352  27.184190     8.0461     8.1256     1.7945    87.6872 1.3115e-01  -64.93372  -64.39962 344.196667      99.98 0.0000e+00    919.042      22058          7  0.000e+00
     15.409     15.257    -0.9312  27.190169    -0.9347  27.185471     8.0505     8.1257     1.8018    87.7130 1.3115e-01  -64.93372  -64.39962 344.196668      99.98 0.0000e+00    919.083      22059          7  0.000e+00
     15.388     15.237    -0.9332  27.190625    -0.9352  27.186028     8.0447     8.1251     1.7945    87.6872 1.3115e-01  -64.93372  -64.39962 344.196668      99.95 0.0000e+00    919.125      22060          7  0.000e+00
     15.463     15.311    -0.9341  27.188858    -0.9358  27.185471     8.0449     8.1248     1.7945    87.7130 1.3115e-01  -64.93372  -64.39962 344.196669      99.95 0.0000e+00    919.167      22061          7  0.000e+00
     15.443     15.291    -0.9357  27.187775    -0.9366  27.185249     8.0452     8.1242     1.7945    87.6872 1.3115e-01  -64.93372  -64.39962 344.196669      99.98 0.0000e+00    919.208      22062          7  0.000e+00
     15.491     15.338    -0.9379  27.186806    -0.9371  27.183968     8.0442     8.1238     1.7945    87.6872 1.3115e-01  -64.93372  -64.39962 344.196670      99.98 0.0000e+00    919.250      22063          7  0.000e+00
     15.463     15.311    -0.9400  27.184183    -0.9373  27.182687     8.0433     8.1241     1.8018    87.6872 1.3115e-01  -64.93372  -64.39962 344.196670      99.98 0.0000e+00    919.292      22064          7  0.000e+00
     15.491     15.338    -0.9424  27.180820    -0.9375  27.182910     8.0440     8.1243     1.7945    87.7130 1.3115e-01  -64.93372  -64.39962 344.196671      99.95 0.0000e+00    919.333      22065          7  0.000e+00
     15.559     15.406    -0.9447  27.178711    -0.9375  27.183189     8.0387     8.1245     1.6553    87.7130 1.3115e-01  -64.93372  -64.39962 344.196671      99.95 0.0000e+00    919.375      22066          7  0.000e+00
     15.491     15.338    -0.9455  27.176658    -0.9378  27.183189     8.0377     8.1247     1.5820    87.7130 1.3115e-01  -64.93372  -64.39962 344.196671      99.98 0.0000e+00    919.417      22067          7  0.000e+00
     16.052     15.894    -0.9635  27.153007    -0.9376  27.182912     8.0454     8.1159     1.8165    87.6357 1.2890e-01  -64.93372  -64.39962 344.196688      99.95 0.0000e+00    920.875      22102          8  0.000e+00
     15.895     15.738    -0.9674  27.154033    -0.9375  27.182911     8.0466     8.1147     1.8238    87.6357 1.2890e-01  -64.93372  -64.39962 344.196689      99.98 0.0000e+00    920.917      22103          8  0.000e+00
     16.018     15.860    -0.9717  27.154319    -0.9373  27.183190     8.0424     8.1138     1.8165    87.6357 1.2666e-01  -64.93372  -64.39962 344.196689      99.98 0.0000e+00    920.958      22104          8  0.000e+00
     15.950     15.793    -0.9742  27.150558    -0.9373  27.183468     8.0425     8.1192     1.8165    87.6357 1.2666e-01  -64.93372  -64.39962 344.196690      99.98 0.0000e+00    921.000      22105          8  0.000e+00
     16.073     15.915    -0.9748  27.147025    -0.9373  27.183469     8.0427     8.1201     1.8165    87.6357 1.2666e-01  -64.93372  -64.39962 344.196690      99.98 0.0000e+00    921.042      22106          8  0.000e+00
     15.997     15.840    -0.9718  27.145201    -0.9370  27.183190     8.0478     8.1208     1.8238    87.6357 1.2666e-01  -64.93372  -64.39962 344.196691      99.98 0.0000e+00    921.083      22107          8  0.000e+00
     15.998     15.840    -0.9647  27.144687    -0.9370  27.183691     8.0491     8.1160     1.8165    87.6100 1.2666e-01  -64.93372  -64.39962 344.196691      99.95 0.0000e+00    921.125      22108          8  0.000e+00
     16.073     15.915    -0.9609  27.147480    -0.9367  27.183468     8.0495     8.1160     1.8238    87.6100 1.2666e-01  -64.93372  -64.39962 344.196692      99.95 0.0000e+00    921.167      22109          8  0.000e+00
     15.998     15.840    -0.9583  27.153292    -0.9367  27.183969     8.0439     8.1159     1.8165    87.6100 1.2666e-01  -64.93372  -64.39962 344.196692      99.98 0.0000e+00    921.208      22110          8  0.000e+00
     16.073     15.915    -0.9552  27.157965    -0.9368  27.183970     8.0431     8.1161     1.8165    87.6100 1.2666e-01  -64.93372  -64.39962 344.196693      99.98 0.0000e+00    921.250      22111          8  0.000e+00
     16.052     15.894    -0.9543  27.158991    -0.9373  27.184192     8.0489     8.1162     1.8165    87.6100 1.2666e-01  -64.93372  -64.39962 344.196693      99.98 0.0000e+00    921.292      22112          8  0.000e+00
     16.100     15.942    -0.9546  27.160644    -0.9376  27.183691     8.0446     8.1220     1.8165    87.5842 1.2666e-01  -64.93372  -64.39962 344.196694      99.93 0.0000e+00    921.333      22113          8  0.000e+00
     16.018     15.861    -0.9548  27.161555    -0.9376  27.183190     8.0448     8.1174     1.8165    87.6100 1.2666e-01  -64.93372  -64.39962 344.196694      99.95 0.0000e+00    921.375      22114          8  0.000e+00
     16.148     15.989    -0.9552  27.162126    -0.9378  27.182912     8.0440     8.1177     1.8165    87.6100 1.2666e-01  -64.93372  -64.39962 344.196695      99.98 0.0000e+00    921.417      22115          8  0.000e+00
     16.018     15.861    -0.9536  27.162638    -0.9378  27.182689     8.0367     8.1234     1.8165    87.6100 1.2666e-01  -64.93372  -64.39962 344.196695      99.98 0.0000e+00    921.458      22116          8  0.000e+00
     16.100     15.942    -0.9483  27.163208    -0.9382  27.182633     8.0394     8.1246     1.8165    87.6100 1.2666e-01  -64.93372  -64.39962 344.196696      99.98 0.0000e+00    921.500      22117          8  0.000e+00
     16.100     15.942    -0.9453  27.165487    -0.9422  27.182912     8.0394     8.1209     1.7945    87.6100 1.2666e-01  -64.93372  -64.39962 344.196696      99.98 0.0000e+00    921.542      22118          8  0.000e+00
     16.121     15.962    -0.9445  27.170161    -0.9467  27.181910     8.0397     8.1276     1.7285    87.6100 1.2666e-01  -64.93372  -64.39962 344.196697      99.98 0.0000e+00    921.583      22119          8  0.000e+00
