NBP2113_155081_ctd/data/nbp2113_007.ros
* Sea-Bird SBE 9 Data File:
* FileName = D:\Data\raw\NBP2113_007.hex
* Software Version Seasave V 7.26.7.121
* Temperature SN = 2438
* Conductivity SN = 2067
* Number of Bytes Per Scan = 40
* Number of Voltage Words = 5
* Number of Scans Averaged by the Deck Unit = 1
* NMEA Latitude = 64 56.06 S
* NMEA Longitude = 064 23.87 W
* NMEA UTC (Time) = Nov 25 2021  03:27:42
* NMEA baud rate = 9600
** Ship: RVIB N.B. Palmer
** Cruise: NBP2113 LTER
** Station: 600.040
** Operator: B. Urmston
# nquan = 20
# nvalues = 1151                                  
# units = specified
# name 0 = prDM: Pressure, Digiquartz [db]
# name 1 = depSM: Depth [salt water, m]
# name 2 = t090C: Temperature [ITS-90, deg C]
# name 3 = c0mS/cm: Conductivity [mS/cm]
# name 4 = t190C: Temperature, 2 [ITS-90, deg C]
# name 5 = c1mS/cm: Conductivity, 2 [mS/cm]
# name 6 = sbeox0ML/L: Oxygen, SBE 43 [ml/l]
# name 7 = sbeox1ML/L: Oxygen, SBE 43, 2 [ml/l]
# name 8 = flECO-AFL: Fluorescence, WET Labs ECO-AFL/FL [mg/m^3]
# name 9 = CStarTr0: Beam Transmission, WET Labs C-Star [%]
# name 10 = par: PAR/Irradiance, Biospherical/Licor
# name 11 = latitude: Latitude [deg]
# name 12 = longitude: Longitude [deg]
# name 13 = timeJ: Julian Days
# name 14 = altM: Altimeter [m]
# name 15 = spar: SPAR, Biospherical/Licor
# name 16 = timeS: Time, Elapsed [seconds]
# name 17 = scan: Scan Count
# name 18 = nbf: Bottles Fired
# name 19 = flag:  0.000e+00
# interval = seconds: 0.0416667
# start_time = Nov 25 2021 03:27:42 [NMEA time, header]
# bad_flag = -9.990e-29
*END*
[from data line 1086]
     38.947     38.562    -0.5873  27.757847    -0.5695  27.773807     8.0456     7.9354     1.3183    92.8371 1.0000e-12  -64.93332  -64.39874 329.154366      99.95 0.0000e+00    875.250      21007         23  0.000e+00
     38.947     38.562    -0.5896  27.759915    -0.5695  27.773807     8.0493     7.9357     1.3110    92.8371 1.0000e-12  -64.93332  -64.39874 329.154367      99.98 0.0000e+00    875.292      21008         23  0.000e+00
     38.913     38.528    -0.5889  27.762558    -0.5695  27.773695     8.0569     7.9304     1.3110    92.8371 1.0000e-12  -64.93332  -64.39874 329.154367      99.98 0.0000e+00    875.333      21009         23  0.000e+00
     38.947     38.562    -0.5821  27.764970    -0.5703  27.773358     8.0635     7.9299     1.3110    92.8371 1.0000e-12  -64.93332  -64.39874 329.154368      99.98 0.0000e+00    875.375      21010         23  0.000e+00
     38.947     38.562    -0.5802  27.766579    -0.5730  27.772629     8.0606     7.9354     1.3110    92.8371 1.0000e-12  -64.93332  -64.39874 329.154368      99.98 0.0000e+00    875.417      21011         23  0.000e+00
     38.947     38.562    -0.5776  27.768303    -0.5734  27.772236     8.0490     7.9310     1.3110    92.8371 1.0000e-12  -64.93332  -64.39874 329.154369      99.98 0.0000e+00    875.458      21012         23  0.000e+00
     38.947     38.562    -0.5761  27.770141    -0.5716  27.772348     8.0407     7.9300     1.3110    92.8114 1.0000e-12  -64.93332  -64.39874 329.154369      99.98 0.0000e+00    875.500      21013         23  0.000e+00
     38.947     38.562    -0.5768  27.770371    -0.5720  27.772236     8.0304     7.9295     1.3110    92.7856 1.0000e-12  -64.93332  -64.39874 329.154370      99.95 0.0000e+00    875.542      21014         23  0.000e+00
     38.947     38.562    -0.5798  27.768303    -0.5741  27.771843     8.0369     7.9292     1.3110    92.7856 1.0000e-12  -64.93332  -64.39874 329.154370      99.95 0.0000e+00    875.583      21015         23  0.000e+00
     38.961     38.576    -0.5782  27.764855    -0.5755  27.772236     8.0395     7.9297     1.3110    92.7856 1.0000e-12  -64.93332  -64.39874 329.154371      99.98 0.0000e+00    875.625      21016         23  0.000e+00
     38.995     38.609    -0.5791  27.761408    -0.5758  27.772461     8.0381     7.9292     1.3110    92.7856 1.0000e-12  -64.93332  -64.39874 329.154371      99.98 0.0000e+00    875.667      21017         23  0.000e+00
     38.947     38.562    -0.5816  27.758593    -0.5760  27.772573     8.0310     7.9285     1.3110    92.7856 1.0000e-12  -64.93332  -64.39874 329.154372      99.95 0.0000e+00    875.708      21018         23  0.000e+00
     38.947     38.562    -0.5864  27.757329    -0.5756  27.772910     8.0345     7.9333     1.3110    92.7856 1.0000e-12  -64.93332  -64.39874 329.154372      99.95 0.0000e+00    875.750      21019         23  0.000e+00
     38.995     38.609    -0.5878  27.756525    -0.5756  27.773022     8.0343     7.9336     1.3110    92.7856 1.0000e-12  -64.93332  -64.39872 329.154373      99.98 0.0000e+00    875.792      21020         23  0.000e+00
     38.995     38.609    -0.5883  27.756181    -0.5737  27.772685     8.0353     7.9279     1.3110    92.7856 1.0000e-12  -64.93332  -64.39872 329.154373      99.98 0.0000e+00    875.833      21021         23  0.000e+00
     38.995     38.609    -0.5870  27.756468    -0.5710  27.772292     8.0359     7.9332     1.3110    92.7856 1.0000e-12  -64.93332  -64.39872 329.154374      99.98 0.0000e+00    875.875      21022         23  0.000e+00
     39.050     38.664    -0.5850  27.755376    -0.5732  27.771787     8.0261     7.9358     1.3110    92.7856 1.0000e-12  -64.93332  -64.39872 329.154376      99.95 0.0000e+00    876.083      21027         24  0.000e+00
     38.995     38.610    -0.5842  27.755089    -0.5737  27.771282     8.0302     7.9306     1.3110    92.7856 1.0000e-12  -64.93332  -64.39872 329.154376      99.98 0.0000e+00    876.125      21028         24  0.000e+00
     39.050     38.664    -0.5863  27.755032    -0.5737  27.770946     8.0365     7.9310     1.3110    92.7856 1.0000e-12  -64.93332  -64.39872 329.154377      99.98 0.0000e+00    876.167      21029         24  0.000e+00
     39.009     38.623    -0.5877  27.754859    -0.5732  27.770272     8.0382     7.9313     1.3036    92.7856 1.0000e-12  -64.93332  -64.39872 329.154377      99.98 0.0000e+00    876.208      21030         24  0.000e+00
     39.050     38.664    -0.5886  27.754572    -0.5718  27.769879     8.0443     7.9305     1.2450    92.7856 1.0000e-12  -64.93332  -64.39872 329.154378      99.95 0.0000e+00    876.250      21031         24  0.000e+00
     39.050     38.664    -0.5895  27.754113    -0.5729  27.769486     8.0400     7.9357     1.2084    92.7856 1.0000e-12  -64.93332  -64.39872 329.154378      99.95 0.0000e+00    876.292      21032         24  0.000e+00
     39.050     38.664    -0.5924  27.752620    -0.5737  27.768869     8.0334     7.9316     1.2011    92.8114 1.0000e-12  -64.93332  -64.39872 329.154379      99.98 0.0000e+00    876.333      21033         24  0.000e+00
     39.050     38.664    -0.5961  27.749518    -0.5749  27.768589     8.0374     7.9377     1.2084    92.8886 1.0000e-12  -64.93332  -64.39872 329.154379      99.98 0.0000e+00    876.375      21034         24  0.000e+00
     39.050     38.664    -0.5971  27.746531    -0.5756  27.768084     8.0378     7.9336     1.2084    92.9144 1.0000e-12  -64.93332  -64.39872 329.154380      99.98 0.0000e+00    876.417      21035         24  0.000e+00
     39.064     38.677    -0.5976  27.744463    -0.5752  27.767635     8.0263     7.9395     1.2084    92.9144 1.0000e-12  -64.93332  -64.39872 329.154380      99.98 0.0000e+00    876.458      21036         24  0.000e+00
     39.050     38.664    -0.5970  27.744176    -0.5744  27.768476     8.0235     7.9341     1.2084    92.9144 1.0000e-12  -64.93332  -64.39872 329.154381      99.98 0.0000e+00    876.500      21037         24  0.000e+00
     39.098     38.711    -0.5957  27.744405    -0.5747  27.768925     8.0266     7.9337     1.2084    92.9144 1.0000e-12  -64.93332  -64.39872 329.154381      99.95 0.0000e+00    876.542      21038         24  0.000e+00
     39.050     38.664    -0.5995  27.744118    -0.5753  27.769430     8.0378     7.9387     1.2084    92.9144 1.0000e-12  -64.93332  -64.39872 329.154382      99.95 0.0000e+00    876.583      21039         24  0.000e+00
     39.098     38.711    -0.6001  27.744578    -0.5757  27.769318     8.0395     7.9392     1.2084    92.9144 1.0000e-12  -64.93332  -64.39872 329.154382      99.98 0.0000e+00    876.625      21040         24  0.000e+00
     39.098     38.711    -0.6020  27.742798    -0.5756  27.769318     8.0532     7.9339     1.2084    92.9144 1.0000e-12  -64.93332  -64.39872 329.154383      99.98 0.0000e+00    876.667      21041         24  0.000e+00
     39.098     38.711    -0.6098  27.739927    -0.5761  27.769936     8.0648     7.9334     1.2084    92.9144 1.0000e-12  -64.93332  -64.39872 329.154383      99.98 0.0000e+00    876.708      21042         24  0.000e+00
     39.112     38.725    -0.6090  27.739065    -0.5766  27.771002     8.0699     7.9383     1.2084    92.9144 1.0000e-12  -64.93332  -64.39872 329.154384      99.95 0.0000e+00    876.750      21043         24  0.000e+00
     39.098     38.711    -0.6060  27.738605    -0.5747  27.772180     8.0830     7.9326     1.2084    92.9144 1.0000e-12  -64.93332  -64.39874 329.154384      99.98 0.0000e+00    876.792      21044         24  0.000e+00
     39.098     38.711    -0.6037  27.736882    -0.5720  27.772573     8.0858     7.9315     1.2084    92.9144 1.0000e-12  -64.93332  -64.39874 329.154385      99.98 0.0000e+00    876.833      21045         24  0.000e+00
     39.098     38.711    -0.6029  27.734355    -0.5743  27.772517     8.0933     7.9313     1.2084    92.9144 1.0000e-12  -64.93332  -64.39874 329.154385      99.98 0.0000e+00    876.875      21046         24  0.000e+00
     39.153     38.766    -0.6048  27.732345    -0.5766  27.771114     8.0896     7.9313     1.2084    92.9144 1.0000e-12  -64.93332  -64.39874 329.154386      99.98 0.0000e+00    876.917      21047         24  0.000e+00
     39.098     38.711    -0.6052  27.731656    -0.5747  27.771002     8.0754     7.9358     1.2084    92.9144 1.0000e-12  -64.93332  -64.39874 329.154386      99.98 0.0000e+00    876.958      21048         24  0.000e+00
     39.050     38.664    -0.6029  27.731770    -0.5732  27.771563     8.0697     7.9365     1.2084    92.9144 1.0000e-12  -64.93332  -64.39874 329.154387      99.98 0.0000e+00    877.000      21049         24  0.000e+00
     39.214     38.827    -0.6023  27.733608    -0.5703  27.773190     8.0619     7.9363     1.2084    92.9144 1.0000e-12  -64.93332  -64.39874 329.154387      99.95 0.0000e+00    877.042      21050         24  0.000e+00
     39.153     38.766    -0.6013  27.735388    -0.5672  27.775154     8.0512     7.9356     1.2084    92.9144 1.0000e-12  -64.93332  -64.39874 329.154388      99.95 0.0000e+00    877.083      21051         24  0.000e+00
     39.153     38.766    -0.6034  27.736193    -0.5660  27.775828     8.0387     7.9300     1.2084    92.9144 1.0000e-12  -64.93332  -64.39874 329.154388      99.98 0.0000e+00    877.125      21052         24  0.000e+00
     39.153     38.766    -0.6057  27.736365    -0.5658  27.775379     8.0354     7.9302     1.2084    92.8886 1.0000e-12  -64.93332  -64.39874 329.154389      99.98 0.0000e+00    877.167      21053         24  0.000e+00
     39.153     38.766    -0.6082  27.735332    -0.5687  27.773751     8.0410     7.9311     1.2084    92.8629 1.0000e-12  -64.93332  -64.39874 329.154389      99.98 0.0000e+00    877.208      21054         24  0.000e+00
     39.201     38.813    -0.6105  27.733839    -0.5746  27.771395     8.0450     7.9372     1.2084    92.8629 1.0000e-12  -64.93332  -64.39874 329.154389      99.93 0.0000e+00    877.250      21055         24  0.000e+00
     39.167     38.779    -0.6099  27.732058    -0.5789  27.769712     8.0498     7.9392     1.2084    92.8629 1.0000e-12  -64.93332  -64.39874 329.154390      99.95 0.0000e+00    877.292      21056         24  0.000e+00
     39.153     38.766    -0.6090  27.730393    -0.5826  27.768870     8.0501     7.9410     1.1718    92.8629 1.0000e-12  -64.93332  -64.39874 329.154390      99.98 0.0000e+00    877.333      21057         24  0.000e+00
     39.153     38.766    -0.6108  27.729244    -0.5887  27.767804     8.0582     7.9424     1.1278    92.8629 1.0000e-12  -64.93332  -64.39874 329.154391      99.98 0.0000e+00    877.375      21058         24  0.000e+00
     39.201     38.813    -0.6155  27.727981    -0.5879  27.766682     8.0696     7.9426     1.1205    92.8629 1.0000e-12  -64.93332  -64.39874 329.154391      99.98 0.0000e+00    877.417      21059         24  0.000e+00
     39.153     38.766    -0.6191  27.726833    -0.5859  27.765447     8.0690     7.9433     1.1205    92.8629 1.0000e-12  -64.93332  -64.39874 329.154392      99.98 0.0000e+00    877.458      21060         24  0.000e+00
     39.201     38.813    -0.6208  27.725742    -0.5829  27.763932     8.0638     7.9375     1.1205    92.8629 1.0000e-12  -64.93332  -64.39874 329.154392      99.98 0.0000e+00    877.500      21061         24  0.000e+00
     39.153     38.766    -0.6227  27.724938    -0.5835  27.763371     8.0499     7.9423     1.1205    92.8629 1.0000e-12  -64.93332  -64.39874 329.154393      99.95 0.0000e+00    877.542      21062         24  0.000e+00
     39.215     38.827    -0.6234  27.724192    -0.5870  27.763091     8.0376     7.9376     1.1205    92.8629 1.0000e-12  -64.93332  -64.39874 329.154393      99.95 0.0000e+00    877.583      21063         24  0.000e+00
     39.201     38.813    -0.6217  27.724192    -0.5882  27.762473     8.0262     7.9371     1.1205    92.8629 1.0000e-12  -64.93332  -64.39874 329.154394      99.98 0.0000e+00    877.625      21064         24  0.000e+00
     39.201     38.813    -0.6205  27.723445    -0.5875  27.761071     8.0210     7.9418     1.1205    92.8629 1.0000e-12  -64.93332  -64.39874 329.154394      99.98 0.0000e+00    877.667      21065         24  0.000e+00
     39.201     38.813    -0.6214  27.723790    -0.5859  27.759668     8.0164     7.9361     1.1205    92.8629 1.0000e-12  -64.93332  -64.39874 329.154395      99.95 0.0000e+00    877.708      21066         24  0.000e+00
     39.201     38.813    -0.6220  27.724192    -0.5858  27.758994     8.0105     7.9408     1.1205    92.8629 1.0000e-12  -64.93332  -64.39874 329.154395      99.95 0.0000e+00    877.750      21067         24  0.000e+00
     39.201     38.813    -0.6220  27.724594    -0.5824  27.759218     8.0178     7.9411     1.1278    92.8629 1.0000e-12  -64.93332  -64.39874 329.154396      99.98 0.0000e+00    877.792      21068         24  0.000e+00
     39.215     38.827    -0.6211  27.724938    -0.5778  27.759386     8.0161     7.9411     1.1205    92.8629 1.0000e-12  -64.93332  -64.39874 329.154396      99.98 0.0000e+00    877.833      21069         24  0.000e+00
     39.201     38.813    -0.6208  27.725570    -0.5795  27.759779     8.0145     7.9414     1.1205    92.8629 1.0000e-12  -64.93332  -64.39874 329.154397      99.98 0.0000e+00    877.875      21070         24  0.000e+00
     39.201     38.813    -0.6209  27.725972    -0.5896  27.759275     8.0073     7.9442     1.1205    92.8629 1.0000e-12  -64.93332  -64.39874 329.154397      99.98 0.0000e+00    877.917      21071         24  0.000e+00
     39.201     38.813    -0.6211  27.726259    -0.5937  27.759107     8.0107     7.9458     1.1205    92.8629 1.0000e-12  -64.93332  -64.39874 329.154398      99.98 0.0000e+00    877.958      21072         24  0.000e+00
     39.201     38.813    -0.6208  27.726546    -0.5942  27.758714     8.0110     7.9459     1.1205    92.8629 1.0000e-12  -64.93332  -64.39874 329.154398      99.98 0.0000e+00    878.000      21073         24  0.000e+00
     39.201     38.813    -0.6209  27.726776    -0.5941  27.757424     8.0043     7.9459     1.1205    92.8629 1.0000e-12  -64.93332  -64.39874 329.154399      99.95 0.0000e+00    878.042      21074         24  0.000e+00
     39.201     38.813    -0.6215  27.727465    -0.5950  27.756414     7.9951     7.9461     1.1205    92.8629 1.0000e-12  -64.93332  -64.39874 329.154399      99.95 0.0000e+00    878.083      21075         24  0.000e+00
