NBP2113_155081_ctd/data/nbp2113_022.ros
* Sea-Bird SBE 9 Data File:
* FileName = D:\Data\raw\NBP2113_022.hex
* Software Version Seasave V 7.26.7.121
* Temperature SN = 2438
* Conductivity SN = 2067
* Number of Bytes Per Scan = 40
* Number of Voltage Words = 5
* Number of Scans Averaged by the Deck Unit = 1
* NMEA Latitude = 68 01.86 S
* NMEA Longitude = 069 17.08 W
* NMEA UTC (Time) = Nov 30 2021  22:24:22
* NMEA baud rate = 9600
** Ship: RVIB N.B. Palmer
** Cruise: NBP2113 LTER
** Station: 200.-040
** Operator: S. Blackman
# nquan = 20
# nvalues = 1170                                  
# units = specified
# name 0 = prDM: Pressure, Digiquartz [db]
# name 1 = depSM: Depth [salt water, m]
# name 2 = t090C: Temperature [ITS-90, deg C]
# name 3 = c0mS/cm: Conductivity [mS/cm]
# name 4 = t190C: Temperature, 2 [ITS-90, deg C]
# name 5 = c1mS/cm: Conductivity, 2 [mS/cm]
# name 6 = sbeox0ML/L: Oxygen, SBE 43 [ml/l]
# name 7 = sbeox1ML/L: Oxygen, SBE 43, 2 [ml/l]
# name 8 = flECO-AFL: Fluorescence, WET Labs ECO-AFL/FL [mg/m^3]
# name 9 = CStarTr0: Beam Transmission, WET Labs C-Star [%]
# name 10 = par: PAR/Irradiance, Biospherical/Licor
# name 11 = latitude: Latitude [deg]
# name 12 = longitude: Longitude [deg]
# name 13 = timeJ: Julian Days
# name 14 = altM: Altimeter [m]
# name 15 = spar: SPAR, Biospherical/Licor
# name 16 = timeS: Time, Elapsed [seconds]
# name 17 = scan: Scan Count
# name 18 = nbf: Bottles Fired
# name 19 = flag:  0.000e+00
# interval = seconds: 0.0416667
# start_time = Nov 30 2021 22:24:22 [NMEA time, header]
# bad_flag = -9.990e-29
*END*
[from data line 362]
    131.314    129.959    -0.9745  27.528213    -0.9745  27.527497     7.6643     7.7321     0.6443    94.6911 1.0000e-12  -68.03078  -69.28542 334.952027      99.98 8.1093e+01   1593.167      38237          8  0.000e+00
    131.362    130.006    -0.9748  27.528270    -0.9745  27.527609     7.6679     7.7319     0.6443    94.6911 1.0000e-12  -68.03078  -69.28542 334.952028      99.98 8.1093e+01   1593.208      38238          8  0.000e+00
    131.314    129.959    -0.9748  27.528442    -0.9745  27.527497     7.6681     7.7315     0.6443    94.6911 1.0000e-12  -68.03078  -69.28542 334.952028     100.00 8.1093e+01   1593.250      38239          8  0.000e+00
    131.314    129.959    -0.9747  27.528327    -0.9746  27.527441     7.6683     7.7313     0.6370    94.6654 1.0000e-12  -68.03078  -69.28542 334.952029      99.98 8.1093e+01   1593.292      38240          8  0.000e+00
    131.362    130.006    -0.9743  27.528442    -0.9745  27.527441     7.6700     7.7310     0.6370    94.6911 1.0000e-12  -68.03078  -69.28542 334.952029      99.98 8.1093e+01   1593.333      38241          8  0.000e+00
    131.314    129.959    -0.9742  27.528728    -0.9746  27.527274     7.6640     7.7307     0.6443    94.6911 1.0000e-12  -68.03078  -69.28542 334.952030      99.95 8.1093e+01   1593.375      38242          8  0.000e+00
    131.362    130.006    -0.9742  27.528786    -0.9748  27.526379     7.6689     7.7305     0.6223    94.6911 1.0000e-12  -68.03078  -69.28542 334.952030      99.98 8.1093e+01   1593.417      38243          8  0.000e+00
    131.314    129.959    -0.9743  27.528614    -0.9751  27.526155     7.6690     7.7302     0.5857    94.6911 1.0000e-12  -68.03078  -69.28542 334.952031      99.98 8.1093e+01   1593.458      38244          8  0.000e+00
    131.362    130.006    -0.9742  27.528900    -0.9756  27.525763     7.6766     7.7310     0.5710    94.6911 1.0000e-12  -68.03078  -69.28542 334.952031      99.98 8.1093e+01   1593.500      38245          8  0.000e+00
    131.314    129.959    -0.9743  27.528843    -0.9759  27.525651     7.6735     7.7308     0.5710    94.6654 1.0000e-12  -68.03078  -69.28542 334.952032      99.95 8.1093e+01   1593.542      38246          8  0.000e+00
    131.369    130.013    -0.9742  27.528614    -0.9760  27.525428     7.6735     7.7306     0.5710    94.6911 1.0000e-12  -68.03078  -69.28542 334.952032      99.95 8.1093e+01   1593.583      38247          8  0.000e+00
    131.314    129.959    -0.9745  27.528728    -0.9760  27.525540     7.6614     7.7303     0.5784    94.6911 1.0000e-12  -68.03078  -69.28542 334.952033      99.98 8.1093e+01   1593.625      38248          8  0.000e+00
    131.362    130.006    -0.9744  27.528786    -0.9762  27.525987     7.6661     7.7300     0.5784    94.6911 1.0000e-12  -68.03078  -69.28542 334.952033      99.98 8.1093e+01   1593.667      38249          8  0.000e+00
    131.362    130.006    -0.9739  27.528786    -0.9760  27.525931     7.6585     7.7307     0.5784    94.6911 1.0000e-12  -68.03078  -69.28542 334.952034      99.98 8.1093e+01   1593.708      38250          8  0.000e+00
    131.369    130.013    -0.9742  27.528843    -0.9760  27.526043     7.6558     7.7314     0.5710    94.6911 1.0000e-12  -68.03078  -69.28542 334.952034      99.98 8.1093e+01   1593.750      38251          8  0.000e+00
    131.314    129.959    -0.9741  27.529186    -0.9760  27.526155     7.6545     7.7312     0.5784    94.6911 1.0000e-12  -68.03078  -69.28542 334.952035      99.98 8.1093e+01   1593.792      38252          8  0.000e+00
    131.362    130.007    -0.9741  27.528728    -0.9760  27.526155     7.6656     7.7310     0.5784    94.6654 1.0000e-12  -68.03078  -69.28542 334.952035      99.98 8.1093e+01   1593.833      38253          8  0.000e+00
    131.362    130.007    -0.9741  27.528900    -0.9757  27.526155     7.6613     7.7308     0.5784    94.6396 1.0000e-12  -68.03078  -69.28542 334.952036      99.95 8.1093e+01   1593.875      38254          8  0.000e+00
    131.369    130.013    -0.9740  27.529015    -0.9759  27.526714     7.6602     7.7306     0.5784    94.6139 1.0000e-12  -68.03078  -69.28542 334.952036      99.98 8.1093e+01   1593.917      38255          8  0.000e+00
    131.362    130.007    -0.9739  27.528671    -0.9757  27.526547     7.6622     7.7313     0.5710    94.6139 1.0000e-12  -68.03078  -69.28542 334.952037      99.98 8.1093e+01   1593.958      38256          8  0.000e+00
    131.417    130.061    -0.9739  27.528728    -0.9757  27.525987     7.6643     7.7313     0.5784    94.5881 1.0000e-12  -68.03078  -69.28542 334.952037      99.98 8.1093e+01   1594.000      38257          8  0.000e+00
    131.369    130.013    -0.9743  27.528957    -0.9760  27.525708     7.6649     7.7312     0.5784    94.5881 1.0000e-12  -68.03078  -69.28542 334.952038      99.95 8.1093e+01   1594.042      38258          8  0.000e+00
    131.362    130.007    -0.9739  27.528671    -0.9759  27.525428     7.6641     7.7320     0.5710    94.6139 1.0000e-12  -68.03078  -69.28542 334.952038      99.95 8.1093e+01   1594.083      38259          8  0.000e+00
    131.362    130.007    -0.9742  27.528327    -0.9763  27.525148     7.6709     7.7319     0.5784    94.5881 1.0000e-12  -68.03078  -69.28542 334.952038      99.98 8.1093e+01   1594.125      38260          8  0.000e+00
    131.417    130.061    -0.9741  27.528442    -0.9765  27.524925     7.6732     7.7319     0.5784    94.6139 1.0000e-12  -68.03078  -69.28542 334.952039      99.98 8.1093e+01   1594.167      38261          8  0.000e+00
    131.369    130.013    -0.9742  27.528728    -0.9763  27.524869     7.6692     7.7317     0.5784    94.6139 1.0000e-12  -68.03078  -69.28542 334.952039      99.98 8.1093e+01   1594.208      38262          8  0.000e+00
    131.417    130.061    -0.9744  27.528385    -0.9765  27.525428     7.6641     7.7326     0.5784    94.6139 1.0000e-12  -68.03078  -69.28542 334.952040      99.98 8.1093e+01   1594.250      38263          8  0.000e+00
    131.417    130.061    -0.9743  27.528614    -0.9763  27.525204     7.6756     7.7335     0.5784    94.6139 1.0000e-12  -68.03078  -69.28542 334.952040      99.98 8.1093e+01   1594.292      38264          8  0.000e+00
    131.417    130.061    -0.9745  27.528385    -0.9763  27.525260     7.6795     7.7335     0.5784    94.6139 1.0000e-12  -68.03078  -69.28542 334.952041      99.98 8.1093e+01   1594.333      38265          8  0.000e+00
    131.369    130.013    -0.9745  27.528442    -0.9763  27.524980     7.6803     7.7334     0.5784    94.5881 1.0000e-12  -68.03078  -69.28542 334.952041      99.95 8.1093e+01   1594.375      38266          8  0.000e+00
     96.088     95.104    -0.9390  27.496507    -0.9443  27.493287     7.9426     8.0124     0.8641    92.6312 1.0000e-12  -68.03078  -69.28542 334.953073      99.95 8.4618e+01   1683.542      40406          9  0.000e+00
     96.061     95.077    -0.9399  27.496278    -0.9445  27.492784     7.9426     8.0124     0.8641    92.6312 1.0000e-12  -68.03078  -69.28542 334.953074      99.95 8.4618e+01   1683.583      40407          9  0.000e+00
     96.088     95.104    -0.9407  27.495992    -0.9442  27.493287     7.9351     8.0123     0.8641    92.6054 1.0000e-12  -68.03078  -69.28542 334.953074      99.98 8.4618e+01   1683.625      40408          9  0.000e+00
     95.958     94.976    -0.9405  27.495934    -0.9433  27.493399     7.9319     8.0118     0.8641    92.6054 1.0000e-12  -68.03078  -69.28542 334.953075      99.98 8.4618e+01   1683.667      40409          9  0.000e+00
     96.088     95.104    -0.9396  27.496393    -0.9425  27.493231     7.9362     8.0117     0.8641    92.6312 1.0000e-12  -68.03078  -69.28542 334.953075      99.98 8.4618e+01   1683.708      40410          9  0.000e+00
     95.958     94.976    -0.9378  27.497251    -0.9432  27.493119     7.9340     8.0115     0.8641    92.6054 1.0000e-12  -68.03078  -69.28542 334.953076      99.98 8.4618e+01   1683.750      40411          9  0.000e+00
     95.958     94.976    -0.9349  27.498281    -0.9439  27.493287     7.9316     8.0114     0.8641    92.6312 1.0000e-12  -68.03078  -69.28542 334.953076      99.98 8.4618e+01   1683.792      40412          9  0.000e+00
     95.937     94.955    -0.9323  27.498739    -0.9448  27.493231     7.9308     8.0122     0.8641    92.6054 1.0000e-12  -68.03078  -69.28542 334.953077      99.98 8.4618e+01   1683.833      40413          9  0.000e+00
     95.910     94.928    -0.9324  27.498510    -0.9451  27.492952     7.9365     8.0130     0.8641    92.6312 1.0000e-12  -68.03078  -69.28542 334.953077      99.95 8.4618e+01   1683.875      40414          9  0.000e+00
     95.882     94.901    -0.9342  27.497937    -0.9450  27.492951     7.9379     8.0126     0.8641    92.6054 1.0000e-12  -68.03078  -69.28542 334.953078      99.98 8.4618e+01   1683.917      40415          9  0.000e+00
     95.855     94.874    -0.9369  27.496621    -0.9454  27.492895     7.9320     8.0124     0.8641    92.4252 1.0000e-12  -68.03078  -69.28542 334.953078      99.98 8.4618e+01   1683.958      40416          9  0.000e+00
     95.882     94.901    -0.9378  27.496564    -0.9451  27.493063     7.9378     8.0120     0.8641    92.2707 1.0000e-12  -68.03078  -69.28542 334.953079      99.98 8.4618e+01   1684.000      40417          9  0.000e+00
     95.807     94.826    -0.9390  27.496392    -0.9453  27.492784     7.9388     8.0116     0.8641    92.2449 1.0000e-12  -68.03078  -69.28542 334.953079      99.95 8.4618e+01   1684.042      40418          9  0.000e+00
     95.807     94.826    -0.9404  27.495819    -0.9453  27.493007     7.9399     8.0168     0.8641    92.2449 1.0000e-12  -68.03078  -69.28542 334.953080      99.95 8.4618e+01   1684.083      40419          9  0.000e+00
     95.779     94.799    -0.9421  27.495304    -0.9453  27.493007     7.9396     8.0172     0.8641    92.2707 1.0000e-12  -68.03078  -69.28542 334.953080      99.98 8.4618e+01   1684.125      40420          9  0.000e+00
     95.759     94.779    -0.9432  27.494961    -0.9453  27.492895     7.9464     8.0185     0.8641    92.2707 1.0000e-12  -68.03078  -69.28542 334.953081      99.98 8.4618e+01   1684.167      40421          9  0.000e+00
     95.731     94.752    -0.9444  27.494503    -0.9448  27.492895     7.9426     8.0196     0.8641    92.2449 1.0000e-12  -68.03078  -69.28542 334.953081      99.98 8.4618e+01   1684.208      40422          9  0.000e+00
     95.704     94.725    -0.9452  27.494617    -0.9443  27.492951     7.9372     8.0198     0.8641    92.2707 1.0000e-12  -68.03078  -69.28542 334.953082      99.98 8.4618e+01   1684.250      40423          9  0.000e+00
     95.629     94.650    -0.9453  27.494674    -0.9442  27.492895     7.9302     8.0142     0.8641    92.2707 1.0000e-12  -68.03078  -69.28542 334.953082      99.98 8.4618e+01   1684.292      40424          9  0.000e+00
     95.704     94.725    -0.9456  27.494675    -0.9443  27.493119     7.9355     8.0192     0.8641    92.2449 1.0000e-12  -68.03078  -69.28542 334.953083      99.95 8.4618e+01   1684.333      40425          9  0.000e+00
     95.601     94.623    -0.9458  27.494445    -0.9445  27.492951     7.9301     8.0192     0.8641    92.2707 1.0000e-12  -68.03078  -69.28542 334.953083      99.95 8.4618e+01   1684.375      40426          9  0.000e+00
     95.581     94.602    -0.9458  27.494617    -0.9450  27.493062     7.9294     8.0192     0.8201    92.2449 1.0000e-12  -68.03078  -69.28542 334.953084      99.98 8.4618e+01   1684.417      40427          9  0.000e+00
     95.601     94.623    -0.9453  27.494846    -0.9445  27.493007     7.9363     8.0191     0.7835    92.2707 1.0000e-12  -68.03078  -69.28542 334.953084      99.98 8.4618e+01   1684.458      40428          9  0.000e+00
     95.526     94.548    -0.9450  27.495075    -0.9443  27.493510     7.9431     8.0197     0.7762    92.2707 1.0000e-12  -68.03078  -69.28542 334.953084      99.98 8.4618e+01   1684.500      40429          9  0.000e+00
     95.498     94.521    -0.9445  27.495361    -0.9436  27.493509     7.9439     8.0147     0.7762    92.2707 1.0000e-12  -68.03078  -69.28542 334.953085      99.95 8.4618e+01   1684.542      40430          9  0.000e+00
     95.526     94.548    -0.9441  27.495475    -0.9436  27.493621     7.9373     8.0193     0.7835    92.2707 1.0000e-12  -68.03078  -69.28542 334.953085      99.95 8.4618e+01   1684.583      40431          9  0.000e+00
     95.451     94.474    -0.9433  27.495647    -0.9436  27.493453     7.9364     8.0189     0.7835    92.2449 1.0000e-12  -68.03078  -69.28542 334.953086      99.98 8.4618e+01   1684.625      40432          9  0.000e+00
     95.403     94.426    -0.9428  27.496048    -0.9439  27.493677     7.9357     8.0195     0.7835    92.2707 1.0000e-12  -68.03078  -69.28542 334.953086      99.98 8.4618e+01   1684.667      40433          9  0.000e+00
     95.430     94.453    -0.9427  27.495990    -0.9439  27.493845     7.9336     8.0201     0.7835    92.2449 1.0000e-12  -68.03078  -69.28542 334.953087      99.98 8.4618e+01   1684.708      40434          9  0.000e+00
     95.403     94.426    -0.9425  27.496105    -0.9437  27.494404     7.9374     8.0205     0.7835    92.2449 1.0000e-12  -68.03078  -69.28542 334.953087      99.98 8.4618e+01   1684.750      40435          9  0.000e+00
     95.375     94.399    -0.9421  27.496276    -0.9432  27.494404     7.9379     8.0209     0.7835    92.2449 1.0000e-12  -68.03076  -69.28542 334.953088      99.98 8.4618e+01   1684.792      40436          9  0.000e+00
     95.300     94.324    -0.9421  27.496219    -0.9428  27.494403     7.9384     8.0212     0.7835    92.2192 1.0000e-12  -68.03076  -69.28542 334.953088      99.95 8.4618e+01   1684.833      40437          9  0.000e+00
     95.348     94.372    -0.9418  27.496391    -0.9425  27.494907     7.9329     8.0216     0.7835    92.2192 1.0000e-12  -68.03076  -69.28542 334.953089      99.95 8.4618e+01   1684.875      40438          9  0.000e+00
     95.272     94.297    -0.9415  27.496505    -0.9422  27.494962     7.9304     8.0218     0.7835    92.2192 1.0000e-12  -68.03076  -69.28542 334.953089      99.95 8.4618e+01   1684.917      40439          9  0.000e+00
     95.245     94.270    -0.9410  27.496734    -0.9420  27.495018     7.9353     8.0221     0.7835    92.2192 1.0000e-12  -68.03076  -69.28542 334.953090      99.98 8.4618e+01   1684.958      40440          9  0.000e+00
     95.224     94.250    -0.9404  27.496963    -0.9416  27.494962     7.9371     8.0223     0.7835    92.2192 1.0000e-12  -68.03076  -69.28542 334.953090      99.98 8.4618e+01   1685.000      40441          9  0.000e+00
     95.197     94.223    -0.9399  27.497192    -0.9421  27.495298     7.9388     8.0216     0.7835    92.2192 1.0000e-12  -68.03076  -69.28542 334.953091      99.95 8.4618e+01   1685.042      40442          9  0.000e+00
     95.224     94.250    -0.9392  27.497249    -0.9416  27.495354     7.9346     8.0208     0.7835    92.2192 1.0000e-12  -68.03076  -69.28542 334.953091      99.95 8.4618e+01   1685.083      40443          9  0.000e+00
     95.149     94.175    -0.9385  27.497077    -0.9413  27.495633     7.9425     8.0198     0.7835    92.2192 1.0000e-12  -68.03076  -69.28542 334.953092      99.98 8.4618e+01   1685.125      40444          9  0.000e+00
     95.149     94.175    -0.9380  27.497592    -0.9410  27.495409     7.9458     8.0198     0.7835    92.2192 1.0000e-12  -68.03076  -69.28542 334.953092      99.98 8.4618e+01   1685.167      40445          9  0.000e+00
     95.122     94.148    -0.9375  27.497993    -0.9407  27.495409     7.9463     8.0254     0.7835    92.2192 1.0000e-12  -68.03076  -69.28542 334.953093      99.98 8.4618e+01   1685.208      40446          9  0.000e+00
     95.094     94.121    -0.9374  27.497878    -0.9407  27.495241     7.9483     8.0252     0.7835    92.2192 1.0000e-12  -68.03076  -69.28542 334.953093      99.98 8.4618e+01   1685.250      40447          9  0.000e+00
