NBP2113_155081_ctd/data/nbp2113_063.ros
* Sea-Bird SBE 9 Data File:
* FileName = D:\Data\raw\NBP2113_063.hex
* Software Version Seasave V 7.26.7.121
* Temperature SN = 2438
* Conductivity SN = 2067
* Number of Bytes Per Scan = 40
* Number of Voltage Words = 5
* Number of Scans Averaged by the Deck Unit = 1
* NMEA Latitude = 64 46.92 S
* NMEA Longitude = 063 01.99 W
* NMEA UTC (Time) = Dec 14 2021  04:14:20
* NMEA baud rate = 9600
** Ship: RVIB N.B. Palmer
** Cruise: NBP2113 LTER
** Station: 655.002
** Operator: B. Urmston
# nquan = 20
# nvalues = 579                                   
# units = specified
# name 0 = prDM: Pressure, Digiquartz [db]
# name 1 = depSM: Depth [salt water, m]
# name 2 = t090C: Temperature [ITS-90, deg C]
# name 3 = c0mS/cm: Conductivity [mS/cm]
# name 4 = t190C: Temperature, 2 [ITS-90, deg C]
# name 5 = c1mS/cm: Conductivity, 2 [mS/cm]
# name 6 = sbeox0ML/L: Oxygen, SBE 43 [ml/l]
# name 7 = sbeox1ML/L: Oxygen, SBE 43, 2 [ml/l]
# name 8 = flECO-AFL: Fluorescence, WET Labs ECO-AFL/FL [mg/m^3]
# name 9 = CStarTr0: Beam Transmission, WET Labs C-Star [%]
# name 10 = par: PAR/Irradiance, Biospherical/Licor
# name 11 = latitude: Latitude [deg]
# name 12 = longitude: Longitude [deg]
# name 13 = timeJ: Julian Days
# name 14 = altM: Altimeter [m]
# name 15 = spar: SPAR, Biospherical/Licor
# name 16 = timeS: Time, Elapsed [seconds]
# name 17 = scan: Scan Count
# name 18 = nbf: Bottles Fired
# name 19 = flag:  0.000e+00
# interval = seconds: 0.0416667
# start_time = Dec 14 2021 04:14:20 [NMEA time, header]
# bad_flag = -9.990e-29
*END*
[from data line 507]
      3.207      3.176     0.1548  28.454648     0.1546  28.452583     6.8597     6.9276     1.3403    84.6745 1.1650e+00  -64.78200  -63.03338 348.192586      99.95 0.0000e+00   1379.417      33107         11  0.000e+00
      3.105      3.074     0.1552  28.454357     0.1546  28.452300     6.8729     6.9278     1.3403    84.5457 1.1650e+00  -64.78200  -63.03338 348.192586      99.93 0.0000e+00   1379.458      33108         11  0.000e+00
      3.200      3.169     0.1552  28.454358     0.1545  28.452300     6.8786     6.9279     1.3403    84.3140 1.1598e+00  -64.78200  -63.03338 348.192587      99.98 0.0000e+00   1379.500      33109         11  0.000e+00
      3.105      3.074     0.1557  28.454647     0.1546  28.452300     6.8861     6.9277     1.3403    84.2368 1.1496e+00  -64.78200  -63.03338 348.192587      99.98 0.0000e+00   1379.542      33110         11  0.000e+00
      3.207      3.176     0.1557  28.454068     0.1547  28.452527     6.8904     6.9282     1.3403    84.2368 1.1343e+00  -64.78200  -63.03338 348.192588      99.98 0.0000e+00   1379.583      33111         11  0.000e+00
      3.057      3.027     0.1557  28.453835     0.1546  28.452073     6.8928     6.9284     1.3403    84.2625 1.1242e+00  -64.78200  -63.03338 348.192588      99.95 0.0000e+00   1379.625      33112         11  0.000e+00
      3.248      3.216     0.1556  28.454068     0.1545  28.452527     6.8882     6.9287     1.3476    84.2625 1.1192e+00  -64.78200  -63.03338 348.192589      99.95 0.0000e+00   1379.667      33113         11  0.000e+00
      3.152      3.122     0.1558  28.454357     0.1547  28.452300     6.8898     6.9339     1.3403    84.2625 1.1343e+00  -64.78200  -63.03338 348.192589      99.98 0.0000e+00   1379.708      33114         11  0.000e+00
      3.152      3.122     0.1559  28.454647     0.1546  28.452074     6.8856     6.9345     1.3696    84.2625 1.1702e+00  -64.78200  -63.03338 348.192590      99.98 0.0000e+00   1379.750      33115         11  0.000e+00
      3.152      3.122     0.1557  28.453836     0.1547  28.452300     6.8898     6.9348     1.4355    84.2625 1.2014e+00  -64.78200  -63.03338 348.192590      99.98 0.0000e+00   1379.792      33116         11  0.000e+00
      3.105      3.074     0.1558  28.454067     0.1546  28.451790     6.8879     6.9350     1.4575    84.2625 1.2067e+00  -64.78200  -63.03338 348.192591      99.98 0.0000e+00   1379.833      33117         11  0.000e+00
      3.200      3.169     0.1560  28.454358     0.1546  28.451507     6.8870     6.9351     1.4575    84.2625 1.1962e+00  -64.78200  -63.03338 348.192591      99.98 0.0000e+00   1379.875      33118         11  0.000e+00
      3.153      3.122     0.1557  28.454068     0.1549  28.452300     6.8870     6.9347     1.4502    84.2625 1.1805e+00  -64.78200  -63.03338 348.192592      99.95 0.0000e+00   1379.917      33119         11  0.000e+00
      3.153      3.122     0.1560  28.454068     0.1545  28.452074     6.8923     6.9343     1.4502    84.2625 1.1598e+00  -64.78200  -63.03338 348.192592      99.95 0.0000e+00   1379.958      33120         11  0.000e+00
      3.153      3.122     0.1563  28.454183     0.1547  28.451734     6.8915     6.9345     1.4502    84.2625 1.1394e+00  -64.78200  -63.03338 348.192593      99.98 0.0000e+00   1380.000      33121         11  0.000e+00
      3.146      3.115     0.1563  28.454067     0.1549  28.452074     6.9016     6.9390     1.4502    84.2883 1.1292e+00  -64.78200  -63.03338 348.192593      99.98 0.0000e+00   1380.042      33122         11  0.000e+00
      3.207      3.176     0.1561  28.454647     0.1547  28.451791     6.9008     6.9397     1.4502    84.2625 1.1141e+00  -64.78200  -63.03338 348.192594      99.95 0.0000e+00   1380.083      33123         11  0.000e+00
      3.105      3.074     0.1559  28.453836     0.1550  28.452300     6.9083     6.9452     1.4502    84.2625 1.0992e+00  -64.78200  -63.03338 348.192594      99.93 0.0000e+00   1380.125      33124         11  0.000e+00
      3.153      3.122     0.1560  28.454068     0.1546  28.452300     6.9111     6.9410     1.4502    84.2625 1.1041e+00  -64.78200  -63.03338 348.192595      99.95 0.0000e+00   1380.167      33125         11  0.000e+00
      3.153      3.122     0.1561  28.454357     0.1546  28.452074     6.9078     6.9463     1.4502    84.2625 1.1242e+00  -64.78200  -63.03338 348.192595      99.98 0.0000e+00   1380.208      33126         11  0.000e+00
      3.200      3.169     0.1559  28.454068     0.1547  28.452527     6.8986     6.9468     1.4502    84.2625 1.1650e+00  -64.78200  -63.03338 348.192595      99.98 0.0000e+00   1380.250      33127         11  0.000e+00
      3.153      3.122     0.1557  28.454068     0.1547  28.451790     6.9118     6.9472     1.4502    84.1080 1.1910e+00  -64.78200  -63.03338 348.192596      99.98 0.0000e+00   1380.292      33128         11  0.000e+00
      3.105      3.074     0.1553  28.454067     0.1549  28.452017     6.9147     6.9480     1.4502    83.6703 1.1910e+00  -64.78200  -63.03338 348.192596      99.98 0.0000e+00   1380.333      33129         11  0.000e+00
      3.207      3.176     0.1551  28.454648     0.1546  28.452300     6.9148     6.9488     1.4502    83.5158 1.1753e+00  -64.78200  -63.03338 348.192597      99.98 0.0000e+00   1380.375      33130         12  0.000e+00
      3.146      3.115     0.1551  28.454647     0.1548  28.452300     6.9061     6.9484     1.4502    83.5158 1.1598e+00  -64.78200  -63.03338 348.192597      99.95 0.0000e+00   1380.417      33131         12  0.000e+00
      3.207      3.176     0.1551  28.454358     0.1549  28.452300     6.8972     6.9479     1.4502    83.5415 1.1496e+00  -64.78200  -63.03338 348.192598      99.95 0.0000e+00   1380.458      33132         12  0.000e+00
      3.105      3.074     0.1552  28.454647     0.1547  28.452073     6.9089     6.9478     1.4502    83.5415 1.1394e+00  -64.78200  -63.03338 348.192598      99.98 0.0000e+00   1380.500      33133         12  0.000e+00
      3.153      3.122     0.1552  28.454358     0.1547  28.452074     6.9130     6.9477     1.4502    83.5415 1.1292e+00  -64.78200  -63.03338 348.192599      99.98 0.0000e+00   1380.542      33134         12  0.000e+00
      3.153      3.122     0.1552  28.454358     0.1548  28.452017     6.9134     6.9473     1.4502    83.5415 1.1141e+00  -64.78200  -63.03338 348.192599      99.98 0.0000e+00   1380.583      33135         12  0.000e+00
      3.146      3.115     0.1550  28.454068     0.1546  28.452300     6.9160     6.9521     1.4502    83.5415 1.1041e+00  -64.78200  -63.03338 348.192600      99.95 0.0000e+00   1380.625      33136         12  0.000e+00
      3.207      3.176     0.1552  28.454184     0.1549  28.452300     6.9309     6.9521     1.4502    83.5415 1.1041e+00  -64.78200  -63.03338 348.192600      99.95 0.0000e+00   1380.667      33137         12  0.000e+00
      3.105      3.074     0.1552  28.453836     0.1547  28.452300     6.9322     6.9518     1.4502    83.5415 1.1242e+00  -64.78200  -63.03338 348.192601      99.98 0.0000e+00   1380.708      33138         12  0.000e+00
      3.207      3.176     0.1552  28.454068     0.1547  28.452300     6.9350     6.9523     1.4502    83.5415 1.1547e+00  -64.78200  -63.03338 348.192601      99.98 0.0000e+00   1380.750      33139         12  0.000e+00
      3.146      3.115     0.1552  28.453836     0.1549  28.452300     6.9303     6.9568     1.4502    83.5415 1.1650e+00  -64.78200  -63.03338 348.192602      99.98 0.0000e+00   1380.792      33140         12  0.000e+00
      3.153      3.122     0.1554  28.454357     0.1547  28.452300     6.9352     6.9575     1.4575    83.5415 1.1598e+00  -64.78200  -63.03338 348.192602      99.98 0.0000e+00   1380.833      33141         12  0.000e+00
      3.153      3.122     0.1557  28.454068     0.1544  28.451790     6.9310     6.9581     1.5454    83.5415 1.1496e+00  -64.78200  -63.03338 348.192603      99.98 0.0000e+00   1380.875      33142         12  0.000e+00
      3.153      3.122     0.1554  28.454068     0.1545  28.452017     6.9252     6.9583     1.5893    83.5415 1.1496e+00  -64.78200  -63.03338 348.192603      99.95 0.0000e+00   1380.917      33143         12  0.000e+00
      3.153      3.122     0.1554  28.453836     0.1546  28.452583     6.9290     6.9583     1.5967    83.5415 1.1445e+00  -64.78200  -63.03338 348.192604      99.93 0.0000e+00   1380.958      33144         12  0.000e+00
      3.201      3.169     0.1558  28.454358     0.1544  28.452017     6.9324     6.9635     1.5893    83.5415 1.1445e+00  -64.78200  -63.03338 348.192604      99.95 0.0000e+00   1381.000      33145         12  0.000e+00
      3.153      3.122     0.1559  28.453836     0.1544  28.452074     6.9352     6.9637     1.5893    83.5415 1.1496e+00  -64.78200  -63.03338 348.192605      99.98 0.0000e+00   1381.042      33146         12  0.000e+00
      3.153      3.122     0.1557  28.454068     0.1546  28.452300     6.9345     6.9592     1.5893    83.5415 1.1496e+00  -64.78200  -63.03338 348.192605      99.98 0.0000e+00   1381.083      33147         12  0.000e+00
      3.153      3.122     0.1557  28.454357     0.1546  28.452017     6.9345     6.9644     1.5893    83.5158 1.1445e+00  -64.78200  -63.03338 348.192606      99.93 0.0000e+00   1381.125      33148         12  0.000e+00
      3.153      3.122     0.1559  28.454068     0.1546  28.452074     6.9341     6.9649     1.5893    83.3355 1.1445e+00  -64.78200  -63.03338 348.192606      99.95 0.0000e+00   1381.167      33149         12  0.000e+00
      3.201      3.169     0.1559  28.454358     0.1548  28.452074     6.9346     6.9651     1.5893    83.2325 1.1547e+00  -64.78200  -63.03338 348.192607      99.95 0.0000e+00   1381.208      33150         12  0.000e+00
      3.153      3.122     0.1557  28.454068     0.1544  28.452017     6.9346     6.9704     1.5893    83.2068 1.1598e+00  -64.78200  -63.03338 348.192607      99.98 0.0000e+00   1381.250      33151         12  0.000e+00
      3.153      3.122     0.1556  28.454068     0.1549  28.452300     6.9424     6.9708     1.5893    83.2325 1.1496e+00  -64.78200  -63.03338 348.192608      99.98 0.0000e+00   1381.292      33152         12  0.000e+00
      3.208      3.176     0.1556  28.454358     0.1546  28.452300     6.9555     6.9711     1.5893    83.2325 1.1394e+00  -64.78200  -63.03338 348.192608      99.98 0.0000e+00   1381.333      33153         12  0.000e+00
      3.098      3.068     0.1552  28.454183     0.1547  28.452583     6.9567     6.9718     1.5893    83.2325 1.1292e+00  -64.78200  -63.03338 348.192609      99.98 0.0000e+00   1381.375      33154         12  0.000e+00
      3.208      3.176     0.1553  28.454358     0.1544  28.452074     6.9546     6.9726     1.5893    83.2325 1.1292e+00  -64.78200  -63.03338 348.192609      99.95 0.0000e+00   1381.417      33155         12  0.000e+00
      3.153      3.122     0.1554  28.454357     0.1544  28.452300     6.9530     6.9728     1.5893    83.2325 1.1394e+00  -64.78200  -63.03338 348.192609      99.95 0.0000e+00   1381.458      33156         12  0.000e+00
      3.153      3.122     0.1554  28.454068     0.1545  28.452300     6.9491     6.9782     1.5893    83.2325 1.1445e+00  -64.78200  -63.03338 348.192610      99.98 0.0000e+00   1381.500      33157         12  0.000e+00
      3.208      3.176     0.1552  28.454358     0.1544  28.451791     6.9562     6.9790     1.5893    83.2325 1.1445e+00  -64.78200  -63.03338 348.192610      99.98 0.0000e+00   1381.542      33158         12  0.000e+00
      3.146      3.115     0.1552  28.454068     0.1540  28.452300     6.9596     6.9793     1.5893    83.2325 1.1394e+00  -64.78200  -63.03338 348.192611      99.95 0.0000e+00   1381.583      33159         12  0.000e+00
      3.208      3.176     0.1549  28.454648     0.1541  28.452300     6.9570     6.9795     1.5893    83.2325 1.1242e+00  -64.78200  -63.03338 348.192611      99.93 0.0000e+00   1381.625      33160         12  0.000e+00
      3.153      3.122     0.1552  28.454068     0.1544  28.452017     6.9527     6.9792     1.5893    83.2325 1.1141e+00  -64.78200  -63.03338 348.192612      99.95 0.0000e+00   1381.667      33161         12  0.000e+00
      3.153      3.122     0.1552  28.454358     0.1541  28.452866     6.9568     6.9788     1.5893    83.2325 1.1041e+00  -64.78200  -63.03338 348.192612      99.98 0.0000e+00   1381.708      33162         12  0.000e+00
      3.146      3.115     0.1551  28.454357     0.1544  28.452074     6.9505     6.9842     1.5893    83.2325 1.0992e+00  -64.78200  -63.03338 348.192613      99.98 0.0000e+00   1381.750      33163         12  0.000e+00
      3.208      3.176     0.1553  28.454068     0.1542  28.452300     6.9525     6.9850     1.5893    83.2325 1.1141e+00  -64.78200  -63.03338 348.192613      99.98 0.0000e+00   1381.792      33164         12  0.000e+00
      3.153      3.122     0.1551  28.454068     0.1544  28.452583     6.9509     6.9853     1.5893    83.2325 1.1292e+00  -64.78200  -63.03338 348.192614      99.98 0.0000e+00   1381.833      33165         12  0.000e+00
      3.153      3.122     0.1551  28.454879     0.1546  28.452074     6.9602     6.9854     1.5893    83.2325 1.1292e+00  -64.78200  -63.03338 348.192614      99.98 0.0000e+00   1381.875      33166         12  0.000e+00
      3.208      3.176     0.1549  28.454358     0.1544  28.452017     6.9604     6.9854     1.5893    83.2325 1.1343e+00  -64.78200  -63.03338 348.192615      99.95 0.0000e+00   1381.917      33167         12  0.000e+00
      3.146      3.115     0.1549  28.454358     0.1544  28.451790     6.9598     6.9849     1.7359    83.2325 1.1343e+00  -64.78200  -63.03338 348.192615      99.95 0.0000e+00   1381.958      33168         12  0.000e+00
      3.208      3.176     0.1548  28.454068     0.1545  28.451507     6.9546     6.9843     1.8824    83.1553 1.1394e+00  -64.78200  -63.03338 348.192616      99.98 0.0000e+00   1382.000      33169         12  0.000e+00
      3.153      3.122     0.1550  28.454068     0.1546  28.451790     6.9531     6.9833     1.9117    83.1038 1.1343e+00  -64.78200  -63.03338 348.192616      99.98 0.0000e+00   1382.042      33170         12  0.000e+00
      3.153      3.122     0.1549  28.453952     0.1544  28.451790     6.9540     6.9883     1.9044    83.0780 1.1343e+00  -64.78200  -63.03338 348.192617      99.98 0.0000e+00   1382.083      33171         12  0.000e+00
      3.146      3.115     0.1546  28.454068     0.1547  28.452017     6.9589     6.9884     1.8970    83.1038 1.1292e+00  -64.78200  -63.03338 348.192617      99.95 0.0000e+00   1382.125      33172         12  0.000e+00
      3.208      3.176     0.1547  28.454068     0.1544  28.452074     6.9603     6.9892     1.8970    83.1038 1.1192e+00  -64.78200  -63.03338 348.192618      99.95 0.0000e+00   1382.167      33173         12  0.000e+00
      3.153      3.122     0.1548  28.454068     0.1544  28.451790     6.9725     6.9888     1.8970    83.0780 1.1192e+00  -64.78200  -63.03338 348.192618      99.98 0.0000e+00   1382.208      33174         12  0.000e+00
      3.153      3.122     0.1549  28.453836     0.1542  28.452017     6.9686     6.9891     1.8970    83.1038 1.1394e+00  -64.78200  -63.03338 348.192619      99.98 0.0000e+00   1382.250      33175         12  0.000e+00
      3.208      3.176     0.1546  28.454068     0.1545  28.452300     6.9661     6.9944     1.8970    83.1038 1.1702e+00  -64.78200  -63.03338 348.192619      99.98 0.0000e+00   1382.292      33176         12  0.000e+00
      3.146      3.115     0.1552  28.453836     0.1541  28.451734     6.9653     6.9950     1.8970    83.1038 1.1910e+00  -64.78200  -63.03338 348.192620      99.98 0.0000e+00   1382.333      33177         12  0.000e+00
      3.153      3.122     0.1551  28.454068     0.1542  28.452583     6.9699     6.9952     1.8970    83.1038 1.1910e+00  -64.78200  -63.03338 348.192620      99.98 0.0000e+00   1382.375      33178         12  0.000e+00
