NBP2113_155081_ctd/data/nbp2113_024.cnv
* Sea-Bird SBE 9 Data File:
* FileName = D:\Data\raw\NBP2113_024.hex
* Software Version Seasave V 7.26.7.121
* Temperature SN = 2438
* Conductivity SN = 2067
* Number of Bytes Per Scan = 40
* Number of Voltage Words = 5
* Number of Scans Averaged by the Deck Unit = 1
* NMEA Latitude = 67 06.83 S
* NMEA Longitude = 071 31.86 W
* NMEA UTC (Time) = Dec 02 2021  07:40:38
* NMEA baud rate = 9600
** Ship: RVIB N.B. Palmer
** Cruise: NBP2113 LTER
** Station: 200.100
** Operator: B. Urmston
# nquan = 25
# nvalues = 838                         
# units = specified
# name 0 = prDM: Pressure, Digiquartz [db]
# name 1 = depSM: Depth [salt water, m]
# name 2 = t090C: Temperature [ITS-90, deg C]
# name 3 = c0mS/cm: Conductivity [mS/cm]
# name 4 = t190C: Temperature, 2 [ITS-90, deg C]
# name 5 = c1mS/cm: Conductivity, 2 [mS/cm]
# name 6 = sbeox0ML/L: Oxygen, SBE 43 [ml/l]
# name 7 = sbeox1ML/L: Oxygen, SBE 43, 2 [ml/l]
# name 8 = flECO-AFL: Fluorescence, WET Labs ECO-AFL/FL [mg/m^3]
# name 9 = CStarTr0: Beam Transmission, WET Labs C-Star [%]
# name 10 = par: PAR/Irradiance, Biospherical/Licor
# name 11 = latitude: Latitude [deg]
# name 12 = longitude: Longitude [deg]
# name 13 = timeJ: Julian Days
# name 14 = altM: Altimeter [m]
# name 15 = spar: SPAR, Biospherical/Licor
# name 16 = timeS: Time, Elapsed [seconds]
# name 17 = scan: Scan Count
# name 18 = density00: Density [density, kg/m^3]
# name 19 = density11: Density, 2 [density, kg/m^3]
# name 20 = sal00: Salinity, Practical [PSU]
# name 21 = sal11: Salinity, Practical, 2 [PSU]
# name 22 = oxsolML/L: Oxygen Saturation, Garcia & Gordon [ml/l]
# name 23 = nbin: number of scans per bin
# name 24 = flag: flag
# span 0 =      1.000,    422.000       
# span 1 =      0.990,    417.380       
# span 2 =    -0.4946,     1.4783       
# span 3 =  27.886151,  30.208013       
# span 4 =    -0.4946,     1.4779       
# span 5 =  27.882935,  30.206382       
# span 6 =     3.5096,    17.6668       
# span 7 =     3.9074,     9.9644       
# span 8 =    -0.0148,     3.2440       
# span 9 =    87.7380,    97.3027       
# span 10 = -7.718e-06, 5.7867e+01      
# span 11 =  -67.11402,  -67.11380      
# span 12 =  -71.53106,  -71.52968      
# span 13 = 336.323486, 336.344568      
# span 14 =       8.43,     101.37      
# span 15 = 2.8141e+01, 6.5242e+01      
# span 16 =    311.291,   2132.679      
# span 17 =       7472,      51185      
# span 18 =  1027.3386,  1029.7721      
# span 19 =  1027.3372,  1029.7706      
# span 20 =    34.0145,    34.7102      
# span 21 =    34.0122,    34.7084      
# span 22 =    7.72767,    8.17097      
# span 23 =          1,         45      
# span 24 = 0.0000e+00, 0.0000e+00      
# interval = decibars: 1                
# start_time = Dec 02 2021 07:40:38 [NMEA time, header]
# bad_flag = -9.990e-29
*END*
[from data line 174]
    180.000    178.132     1.4036  30.072883     1.4032  30.071144     3.9697     4.0220    -0.0071    97.2403 1.0000e-12  -67.11382  -71.52972 336.328266     101.33 6.5227e+01    724.193      17382  1028.5953  1028.5939    34.6629    34.6611    7.74412         17 0.0000e+00
    181.000    179.119     1.4032  30.072997     1.4028  30.071308     3.9760     4.0238    -0.0022    97.2403 1.0000e-12  -67.11382  -71.52972 336.328274      99.98 6.5227e+01    724.859      17398  1028.6001  1028.5988    34.6629    34.6612    7.74419         16 0.0000e+00
    182.000    180.112     1.4007  30.071535     1.4004  30.069825     3.9772     4.0261     0.0009    97.2419 1.0000e-12  -67.11382  -71.52972 336.328281      99.98 6.5227e+01    725.515      17413  1028.6053  1028.6040    34.6632    34.6614    7.74467         16 0.0000e+00
    183.000    181.100     1.4000  30.071469     1.3997  30.069706     3.9738     4.0257    -0.0049    97.2552 1.0000e-12  -67.11382  -71.52972 336.328290      99.98 6.5227e+01    726.292      17432  1028.6102  1028.6088    34.6633    34.6614    7.74480         22 0.0000e+00
    184.000    182.088     1.3991  30.071085     1.3988  30.069361     3.9672     4.0229    -0.0095    97.2423 1.0000e-12  -67.11382  -71.52971 336.328309      99.98 6.5227e+01    727.903      17471  1028.6151  1028.6136    34.6633    34.6614    7.74499         31 0.0000e+00
    185.000    183.078     1.3993  30.071685     1.3994  30.070257     3.9683     4.0145    -0.0069    97.2652 1.0000e-12  -67.11382  -71.52972 336.328348      99.98 6.5227e+01    731.256      17551  1028.6197  1028.6182    34.6631    34.6612    7.74494         30 0.0000e+00
    186.000    184.065     1.4025  30.076228     1.4019  30.074414     3.9825     4.0175    -0.0073    97.2492 1.0000e-12  -67.11382  -71.52972 336.328359      99.98 6.5227e+01    732.196      17574  1028.6255  1028.6243    34.6648    34.6632    7.74422         20 0.0000e+00
    187.000    185.056     1.3974  30.072539     1.3968  30.070838     3.9818     4.0215     0.0118    97.2455 1.0000e-12  -67.11382  -71.52971 336.328367      99.98 6.5227e+01    732.915      17591  1028.6310  1028.6298    34.6652    34.6637    7.74521         15 0.0000e+00
    188.000    186.045     1.3946  30.070772     1.3945  30.069301     3.9692     4.0261     0.0127    97.2403 1.0000e-12  -67.11382  -71.52970 336.328374      99.97 6.5227e+01    733.526      17606  1028.6362  1028.6348    34.6655    34.6637    7.74575         14 0.0000e+00
    189.000    187.035     1.3949  30.071660     1.3945  30.069972     3.9678     4.0251     0.0127    97.2403 1.0000e-12  -67.11382  -71.52970 336.328381      99.98 6.5227e+01    734.092      17619  1028.6411  1028.6398    34.6657    34.6640    7.74568         14 0.0000e+00
    190.000    188.024     1.3975  30.075048     1.3971  30.073344     3.9703     4.0281     0.0051    97.2403 1.0000e-12  -67.11382  -71.52970 336.328387      99.98 6.5227e+01    734.666      17633  1028.6462  1028.6448    34.6665    34.6648    7.74512         14 0.0000e+00
    191.000    189.014     1.3985  30.076517     1.3981  30.074832     3.9736     4.0258    -0.0064    97.2403 1.0000e-12  -67.11382  -71.52970 336.328395      99.98 6.5227e+01    735.308      17648  1028.6510  1028.6496    34.6668    34.6651    7.74492         17 0.0000e+00
    192.000    190.003     1.3988  30.077121     1.3984  30.075480     3.9737     4.0228    -0.0014    97.2403 1.0000e-12  -67.11384  -71.52970 336.328407      99.98 6.5227e+01    736.340      17673  1028.6555  1028.6542    34.6665    34.6649    7.74486         35 0.0000e+00
    193.000    190.991     1.3994  30.078346     1.3994  30.076871     3.9701     4.0218    -0.0028    97.2255 1.0000e-12  -67.11384  -71.52970 336.328437      99.98 6.5227e+01    738.997      17737  1028.6604  1028.6590    34.6669    34.6650    7.74472         42 0.0000e+00
    194.000    191.980     1.4031  30.082381     1.4015  30.079568     3.9633     4.0141     0.0124    97.2392 1.0000e-12  -67.11384  -71.52968 336.328464      99.98 6.5227e+01    741.290      17792  1028.6652  1028.6639    34.6674    34.6656    7.74398         45 0.0000e+00
    195.000    192.969     1.4084  30.088280     1.4082  30.086996     3.9595     4.0093     0.0014    97.2403 1.0000e-12  -67.11384  -71.52968 336.328485      99.98 6.5227e+01    743.074      17835  1028.6702  1028.6691    34.6685    34.6671    7.74287         34 0.0000e+00
    196.000    193.958     1.4099  30.090595     1.4096  30.089018     3.9492     4.0029    -0.0056    97.2403 1.0000e-12  -67.11384  -71.52970 336.328498      99.97 6.5227e+01    744.228      17862  1028.6754  1028.6741    34.6692    34.6675    7.74254         22 0.0000e+00
    197.000    194.948     1.4124  30.093803     1.4120  30.092184     3.9398     4.0020     0.0010    97.2403 1.0000e-12  -67.11384  -71.52970 336.328507      99.98 6.5227e+01    745.040      17882  1028.6805  1028.6792    34.6699    34.6683    7.74201         18 0.0000e+00
    198.000    195.936     1.4148  30.096960     1.4146  30.095406     3.9425     3.9997     0.0006    97.2424 1.0000e-12  -67.11384  -71.52970 336.328515      99.98 6.5227e+01    745.700      17898  1028.6856  1028.6841    34.6707    34.6689    7.74149         15 0.0000e+00
    199.000    196.927     1.4237  30.106983     1.4242  30.106257     3.9411     3.9929     0.0006    97.2349 1.0000e-12  -67.11384  -71.52970 336.328522      99.98 6.5227e+01    746.305      17912  1028.6913  1028.6900    34.6731    34.6716    7.73962         14 0.0000e+00
    200.000    197.915     1.4304  30.114102     1.4299  30.112415     3.9386     3.9909     0.0006    97.2301 1.0000e-12  -67.11384  -71.52970 336.328529      99.98 6.5227e+01    746.905      17927  1028.6962  1028.6949    34.6742    34.6725    7.73825         15 0.0000e+00
    201.000    198.903     1.4325  30.116717     1.4322  30.115031     3.9425     3.9930     0.0017    97.2312 1.0000e-12  -67.11384  -71.52970 336.328537      99.97 6.5227e+01    747.560      17942  1028.7012  1028.6997    34.6746    34.6728    7.73782         17 0.0000e+00
    202.000    199.894     1.4330  30.117927     1.4327  30.116331     3.9470     3.9948    -0.0066    97.2310 1.0000e-12  -67.11384  -71.52970 336.328546      99.98 6.5227e+01    748.359      17962  1028.7061  1028.7048    34.6750    34.6733    7.73768         22 0.0000e+00
    203.000    200.882     1.4334  30.118695     1.4331  30.117050     3.9388     3.9972     0.0068    97.2295 1.0000e-12  -67.11384  -71.52972 336.328561      99.98 6.5227e+01    749.696      17994  1028.7109  1028.7095    34.6750    34.6732    7.73762         38 0.0000e+00
    204.000    201.871     1.4334  30.119241     1.4332  30.117674     3.9400     3.9984    -0.0000    97.2525 1.0000e-12  -67.11384  -71.52970 336.328587      99.98 6.5227e+01    751.920      18047  1028.7158  1028.7144    34.6750    34.6733    7.73760         40 0.0000e+00
    205.000    202.861     1.4337  30.119875     1.4331  30.118117     3.9428     3.9981    -0.0046    97.2595 1.0000e-12  -67.11384  -71.52970 336.328608      99.98 6.5227e+01    753.768      18091  1028.7205  1028.7192    34.6749    34.6733    7.73755         36 0.0000e+00
    206.000    203.850     1.4337  30.120412     1.4332  30.118685     3.9471     3.9947     0.0009    97.2336 1.0000e-12  -67.11384  -71.52970 336.328627      99.98 6.5227e+01    755.388      18130  1028.7253  1028.7241    34.6750    34.6734    7.73754         35 0.0000e+00
    207.000    204.837     1.4332  30.120524     1.4329  30.118843     3.9534     3.9978     0.0083    97.2663 1.0000e-12  -67.11384  -71.52973 336.328642      99.98 6.4910e+01    756.653      18161  1028.7302  1028.7288    34.6752    34.6734    7.73764         28 0.0000e+00
    208.000    205.829     1.4334  30.121284     1.4331  30.119642     3.9458     3.9974     0.0017    97.2661 1.0000e-12  -67.11384  -71.52974 336.328654      99.98 6.3883e+01    757.668      18185  1028.7350  1028.7336    34.6753    34.6735    7.73759         21 0.0000e+00
    209.000    206.816     1.4343  30.122726     1.4340  30.121072     3.9478     3.9948     0.0003    97.2636 1.0000e-12  -67.11384  -71.52974 336.328664      99.98 6.3455e+01    758.561      18206  1028.7399  1028.7385    34.6757    34.6739    7.73741         21 0.0000e+00
    210.000    207.806     1.4365  30.125886     1.4359  30.123877     3.9457     3.9932    -0.0057    97.2574 1.0000e-12  -67.11384  -71.52976 336.328674      99.98 6.3464e+01    759.432      18227  1028.7451  1028.7437    34.6766    34.6747    7.73691         21 0.0000e+00
    211.000    208.794     1.4390  30.129291     1.4388  30.127642     3.9466     3.9955    -0.0007    97.2600 1.0000e-12  -67.11382  -71.52976 336.328684      99.98 6.3464e+01    760.297      18248  1028.7505  1028.7489    34.6776    34.6757    7.73637         21 0.0000e+00
    212.000    209.783     1.4387  30.129526     1.4384  30.127862     3.9459     3.9954    -0.0018    97.2508 1.0000e-12  -67.11382  -71.52978 336.328694      99.98 6.3464e+01    761.134      18268  1028.7552  1028.7538    34.6777    34.6758    7.73643         20 0.0000e+00
    213.000    210.773     1.4388  30.130085     1.4383  30.128227     3.9347     3.9931    -0.0027    97.2458 1.0000e-12  -67.11382  -71.52978 336.328703      99.98 6.3464e+01    761.949      18288  1028.7600  1028.7586    34.6777    34.6759    7.73640         19 0.0000e+00
    214.000    211.762     1.4385  30.130258     1.4382  30.128592     3.9384     3.9952     0.0089    97.2558 1.0000e-12  -67.11381  -71.52978 336.328714      99.98 6.3464e+01    762.914      18311  1028.7647  1028.7634    34.6776    34.6759    7.73647         29 0.0000e+00
    215.000    212.752     1.4383  30.130466     1.4380  30.128839     3.9425     3.9929    -0.0042    97.2503 1.0000e-12  -67.11381  -71.52976 336.328738      99.97 6.3464e+01    764.985      18361  1028.7695  1028.7680    34.6776    34.6758    7.73652         40 0.0000e+00
    216.000    213.740     1.4384  30.131181     1.4380  30.129605     3.9416     3.9918     0.0088    97.2692 1.0000e-12  -67.11382  -71.52974 336.328766      99.97 6.3464e+01    767.388      18418  1028.7743  1028.7731    34.6778    34.6761    7.73648         34 0.0000e+00
    217.000    214.728     1.4394  30.133076     1.4390  30.131327     3.9383     3.9925    -0.0059    97.2672 1.0000e-12  -67.11384  -71.52974 336.328779      99.98 6.3464e+01    768.491      18445  1028.7795  1028.7781    34.6784    34.6767    7.73624         23 0.0000e+00
    218.000    215.718     1.4409  30.135052     1.4405  30.133384     3.9386     3.9906     0.0026    97.2661 1.0000e-12  -67.11384  -71.52976 336.328789      99.98 6.3464e+01    769.325      18465  1028.7843  1028.7830    34.6788    34.6771    7.73594         18 0.0000e+00
    219.000    216.707     1.4427  30.137458     1.4424  30.135692     3.9417     3.9902    -0.0053    97.2444 1.0000e-12  -67.11384  -71.52978 336.328797      99.98 6.3464e+01    770.070      18483  1028.7892  1028.7878    34.6792    34.6774    7.73555         18 0.0000e+00
    220.000    217.697     1.4425  30.137741     1.4421  30.136074     3.9443     3.9874    -0.0063    97.2537 1.0000e-12  -67.11383  -71.52979 336.328806      99.97 6.3464e+01    770.862      18502  1028.7939  1028.7926    34.6793    34.6775    7.73559         21 0.0000e+00
    221.000    218.684     1.4422  30.137999     1.4419  30.136364     3.9388     3.9913     0.0000    97.2580 1.0000e-12  -67.11382  -71.52981 336.328817      99.98 6.3464e+01    771.826      18525  1028.7988  1028.7974    34.6794    34.6776    7.73565         26 0.0000e+00
    222.000    219.674     1.4420  30.138568     1.4417  30.136860     3.9415     3.9900     0.0073    97.2752 1.0000e-12  -67.11380  -71.52984 336.328833      99.98 6.3464e+01    773.182      18557  1028.8038  1028.8023    34.6798    34.6778    7.73567         35 0.0000e+00
    223.000    220.663     1.4414  30.138792     1.4411  30.137174     3.9355     3.9833     0.0120    97.2636 1.0000e-12  -67.11380  -71.52983 336.328852      99.98 6.3464e+01    774.816      18597  1028.8089  1028.8075    34.6801    34.6784    7.73577         36 0.0000e+00
    224.000    221.652     1.4400  30.138527     1.4397  30.136792     3.9329     3.9863     0.0095    97.2690 1.0000e-12  -67.11380  -71.52982 336.328867      99.98 6.3464e+01    776.144      18628  1028.8143  1028.8128    34.6808    34.6788    7.73601         28 0.0000e+00
    225.000    222.640     1.4394  30.138636     1.4391  30.137001     3.9285     3.9842     0.0013    97.2651 1.0000e-12  -67.11380  -71.52980 336.328880      99.98 6.3464e+01    777.209      18654  1028.8192  1028.8178    34.6809    34.6792    7.73611         25 0.0000e+00
    226.000    223.630     1.4396  30.139481     1.4393  30.137709     3.9362     3.9822    -0.0004    97.2724 1.0000e-12  -67.11382  -71.52980 336.328891      99.98 6.3464e+01    778.218      18678  1028.8241  1028.8226    34.6812    34.6793    7.73606         24 0.0000e+00
    227.000    224.619     1.4385  30.139349     1.4379  30.137502     3.9316     3.9879    -0.0074    97.2717 1.0000e-12  -67.11382  -71.52978 336.328903      99.98 6.3464e+01    779.209      18702  1028.8293  1028.8280    34.6817    34.6800    7.73625         23 0.0000e+00
    228.000    225.608     1.4354  30.137471     1.4352  30.135712     3.9362     3.9948     0.0106    97.2731 1.0000e-12  -67.11382  -71.52980 336.328915      60.10 6.3464e+01    780.266      18727  1028.8346  1028.8331    34.6821    34.6801    7.73683         29 0.0000e+00
    229.000    226.597     1.4339  30.136623     1.4336  30.134981     3.9437     3.9933     0.0059    97.2862 1.0000e-12  -67.11382  -71.52980 336.328931      98.88 6.3464e+01    781.670      18761  1028.8396  1028.8382    34.6822    34.6804    7.73713         39 0.0000e+00
    230.000    227.586     1.4338  30.137194     1.4334  30.135495     3.9430     3.9884     0.0125    97.2890 1.0000e-12  -67.11382  -71.52982 336.328950      99.98 6.3464e+01    783.292      18800  1028.8444  1028.8430    34.6824    34.6806    7.73714         36 0.0000e+00
    231.000    228.574     1.4338  30.137675     1.4335  30.135988     3.9407     3.9883     0.0007    97.2700 1.0000e-12  -67.11380  -71.52984 336.328966      99.98 6.3464e+01    784.693      18834  1028.8491  1028.8477    34.6824    34.6806    7.73713         32 0.0000e+00
    232.000    229.563     1.4338  30.138296     1.4335  30.136672     3.9373     3.9876    -0.0042    97.2844 1.0000e-12  -67.11380  -71.52984 336.328982      99.98 6.2721e+01    786.007      18865  1028.8540  1028.8526    34.6826    34.6809    7.73712         31 0.0000e+00
    233.000    230.553     1.4335  30.138542     1.4331  30.136884     3.9395     3.9838    -0.0018    97.2849 1.0000e-12  -67.11380  -71.52984 336.328996      99.98 6.1681e+01    787.211      18894  1028.8587  1028.8574    34.6827    34.6810    7.73718         26 0.0000e+00
    234.000    231.540     1.4338  30.139226     1.4333  30.137498     3.9472     3.9853    -0.0063    97.2615 1.0000e-12  -67.11382  -71.52984 336.329006      99.97 6.1701e+01    788.145      18916  1028.8634  1028.8621    34.6827    34.6810    7.73713         19 0.0000e+00
    235.000    232.532     1.4336  30.139577     1.4331  30.137931     3.9450     3.9888     0.0010    97.2645 1.0000e-12  -67.11382  -71.52984 336.329015      99.98 6.1701e+01    788.859      18934  1028.8682  1028.8670    34.6827    34.6812    7.73716         16 0.0000e+00
    236.000    233.516     1.4337  30.140221     1.4335  30.138731     3.9404     3.9878     0.0068    97.2913 1.0000e-12  -67.11382  -71.52984 336.329022      99.98 6.1701e+01    789.468      18948  1028.8729  1028.8716    34.6828    34.6811    7.73712         14 0.0000e+00
