NBP2113_155081_ctd/data/nbp2113_006.cnv
* Sea-Bird SBE 9 Data File:
* FileName = D:\Data\raw\NBP2113_006.hex
* Software Version Seasave V 7.26.7.121
* Temperature SN = 2438
* Conductivity SN = 2067
* Number of Bytes Per Scan = 40
* Number of Voltage Words = 5
* Number of Scans Averaged by the Deck Unit = 1
* NMEA Latitude = 64 34.93 S
* NMEA Longitude = 064 20.17 W
* NMEA UTC (Time) = Nov 24 2021  19:52:36
* NMEA baud rate = 9600
** Ship: RVIB N.B. Palmer
** Cruise: NBP2113 LTER
** Station: 625.073
** Operator: S.Blackman
# nquan = 25
# nvalues = 393                         
# units = specified
# name 0 = prDM: Pressure, Digiquartz [db]
# name 1 = depSM: Depth [salt water, m]
# name 2 = t090C: Temperature [ITS-90, deg C]
# name 3 = c0mS/cm: Conductivity [mS/cm]
# name 4 = t190C: Temperature, 2 [ITS-90, deg C]
# name 5 = c1mS/cm: Conductivity, 2 [mS/cm]
# name 6 = sbeox0ML/L: Oxygen, SBE 43 [ml/l]
# name 7 = sbeox1ML/L: Oxygen, SBE 43, 2 [ml/l]
# name 8 = flECO-AFL: Fluorescence, WET Labs ECO-AFL/FL [mg/m^3]
# name 9 = CStarTr0: Beam Transmission, WET Labs C-Star [%]
# name 10 = par: PAR/Irradiance, Biospherical/Licor
# name 11 = latitude: Latitude [deg]
# name 12 = longitude: Longitude [deg]
# name 13 = timeJ: Julian Days
# name 14 = altM: Altimeter [m]
# name 15 = spar: SPAR, Biospherical/Licor
# name 16 = timeS: Time, Elapsed [seconds]
# name 17 = scan: Scan Count
# name 18 = density00: Density [density, kg/m^3]
# name 19 = density11: Density, 2 [density, kg/m^3]
# name 20 = sal00: Salinity, Practical [PSU]
# name 21 = sal11: Salinity, Practical, 2 [PSU]
# name 22 = oxsolML/L: Oxygen Saturation, Garcia & Gordon [ml/l]
# name 23 = nbin: number of scans per bin
# name 24 = flag: flag
# span 0 =      1.000,    199.000       
# span 1 =      0.993,    196.960       
# span 2 =    -0.0529,     1.0214       
# span 3 =  28.368240,  29.675541       
# span 4 =    -0.0528,     1.0218       
# span 5 =  28.366063,  29.674467       
# span 6 =     4.8213,     7.5985       
# span 7 =     4.7879,     7.4468       
# span 8 =     0.0300,     0.9418       
# span 9 =    92.5500,    97.4183       
# span 10 = -2.816e-05, 7.0859e+02      
# span 11 =  -64.58226,  -64.58194      
# span 12 =  -64.33790,  -64.33564      
# span 13 = 328.832803, 328.840902      
# span 14 =       8.38,     121.58      
# span 15 = 3.7697e+02, 4.2332e+02      
# span 16 =    398.183,   1097.937      
# span 17 =       9557,      26351      
# span 18 =  1027.4249,  1028.6364      
# span 19 =  1027.4223,  1028.6346      
# span 20 =    34.1479,    34.5673      
# span 21 =    34.1432,    34.5655      
# span 22 =    7.82514,    8.06871      
# span 23 =         17,         49      
# span 24 = 0.0000e+00, 0.0000e+00      
# interval = decibars: 1                
# start_time = Nov 24 2021 19:52:36 [NMEA time, header]
# bad_flag = -9.990e-29
*END*
[from data line 174]
    179.000    177.173     0.8712  29.509831     0.8722  29.509457     5.0104     4.9783     0.0587    97.1533 1.0000e-12  -64.58212  -64.33696 328.837343      30.33 4.0723e+02    790.417      18971  1028.5217  1028.5204    34.5301    34.5286    7.85735         22 0.0000e+00
    180.000    178.165     0.8813  29.520338     0.8823  29.519840     4.9887     4.9680     0.0693    97.1681 1.0000e-12  -64.58211  -64.33696 328.837356      28.90 4.0723e+02    791.557      18998  1028.5272  1028.5257    34.5320    34.5302    7.85523         35 0.0000e+00
    181.000    179.152     0.8961  29.536404     0.8962  29.534856     4.9602     4.9380     0.0636    97.1715 1.0000e-12  -64.58210  -64.33698 328.837376      27.61 4.0690e+02    793.254      19039  1028.5339  1028.5321    34.5357    34.5335    7.85204         43 0.0000e+00
    182.000    180.142     0.9137  29.556217     0.9150  29.555385     4.8894     4.8860     0.0715    97.1860 1.0000e-12  -64.58210  -64.33699 328.837395      26.69 4.0550e+02    794.929      19079  1028.5417  1028.5395    34.5412    34.5386    7.84819         35 0.0000e+00
    183.000    181.131     0.9580  29.603323     0.9585  29.601851     4.8831     4.8772     0.0713    97.2153 1.0000e-12  -64.58210  -64.33700 328.837411      25.77 4.0546e+02    796.351      19113  1028.5514  1028.5494    34.5522    34.5498    7.83868         32 0.0000e+00
    184.000    182.120     0.9616  29.607503     0.9612  29.605358     4.8956     4.8751     0.0608    97.2504 1.0000e-12  -64.58210  -64.33700 328.837426      24.81 4.0546e+02    797.604      19143  1028.5568  1028.5550    34.5531    34.5507    7.83792         28 0.0000e+00
    185.000    183.110     0.9561  29.602234     0.9563  29.600943     4.9072     4.8667     0.0473    97.2489 1.0000e-12  -64.58210  -64.33700 328.837438      23.85 4.0546e+02    798.685      19169  1028.5614  1028.5599    34.5518    34.5499    7.83909         24 0.0000e+00
    186.000    184.100     0.9577  29.604300     0.9572  29.602134     4.9014     4.8649     0.0406    97.1393 1.0000e-12  -64.58210  -64.33700 328.837450      22.89 4.0546e+02    799.689      19194  1028.5664  1028.5647    34.5520    34.5498    7.83875         23 0.0000e+00
    187.000    185.088     0.9646  29.611930     0.9638  29.609865     4.9020     4.8652     0.0383    97.2183 1.0000e-12  -64.58210  -64.33701 328.837461      21.87 4.0546e+02    800.652      19217  1028.5720  1028.5706    34.5537    34.5518    7.83728         24 0.0000e+00
    188.000    186.078     0.9687  29.616555     0.9693  29.615842     4.8916     4.8601     0.0463    97.2807 1.0000e-12  -64.58210  -64.33702 328.837474      20.66 4.0546e+02    801.712      19242  1028.5772  1028.5758    34.5545    34.5528    7.83641         29 0.0000e+00
    189.000    187.068     0.9698  29.618153     0.9715  29.617828     4.8949     4.8552     0.0444    97.2707 1.0000e-12  -64.58210  -64.33704 328.837497      19.42 4.0615e+02    803.739      19291  1028.5823  1028.5803    34.5547    34.5525    7.83617         36 0.0000e+00
    190.000    188.056     0.9763  29.625339     0.9755  29.622973     4.8741     4.8383     0.0453    97.3161 1.0000e-12  -64.58210  -64.33704 328.837527      18.26 4.0694e+02    806.373      19354  1028.5879  1028.5863    34.5562    34.5540    7.83479         37 0.0000e+00
    191.000    189.047     0.9880  29.638271     0.9885  29.637240     4.8554     4.8201     0.0464    97.3557 1.0000e-12  -64.58210  -64.33704 328.837543      17.38 4.0581e+02    807.706      19386  1028.5941  1028.5926    34.5593    34.5574    7.83227         24 0.0000e+00
    192.000    190.035     0.9899  29.640622     0.9905  29.639823     4.8435     4.8072     0.0393    97.3423 1.0000e-12  -64.58210  -64.33704 328.837554      16.47 4.0546e+02    808.684      19409  1028.5990  1028.5977    34.5596    34.5580    7.83187         24 0.0000e+00
    193.000    191.025     1.0011  29.653293     1.0031  29.653557     4.8492     4.8121     0.0368    97.3209 1.0000e-12  -64.58210  -64.33705 328.837567      15.32 4.0546e+02    809.791      19436  1028.6055  1028.6039    34.5629    34.5611    7.82944         31 0.0000e+00
    194.000    192.010     1.0005  29.652521     1.0027  29.653595     4.8556     4.8070     0.0407    97.3175 1.0000e-12  -64.58210  -64.33707 328.837589      14.04 4.0546e+02    811.677      19481  1028.6099  1028.6088    34.5621    34.5610    7.82962         36 0.0000e+00
    195.000    193.002     1.0111  29.663827     1.0113  29.662651     4.8213     4.7912     0.0390    97.2690 1.0000e-12  -64.58210  -64.33708 328.837623      12.96 4.0610e+02    814.643      19552  1028.6156  1028.6142    34.5643    34.5625    7.82737         37 0.0000e+00
    196.000    193.993     1.0214  29.675541     1.0218  29.674467     4.8240     4.7902     0.0406    97.3499 1.0000e-12  -64.58210  -64.33708 328.837644      12.00 4.0723e+02    816.405      19595  1028.6219  1028.6205    34.5673    34.5655    7.82514         39 0.0000e+00
    197.000    194.980     1.0178  29.671964     1.0175  29.670126     4.8327     4.7895     0.0419    97.3062 1.0000e-12  -64.58210  -64.33708 328.837666      10.83 4.0723e+02    818.323      19641  1028.6264  1028.6247    34.5662    34.5641    7.82593         37 0.0000e+00
    198.000    195.971     1.0188  29.673296     1.0193  29.672268     4.8328     4.7879     0.0409    97.3861 1.0000e-12  -64.58210  -64.33710 328.837691       9.82 4.0603e+02    820.522      19694  1028.6311  1028.6296    34.5662    34.5643    7.82572         49 0.0000e+00
    199.000    196.960     1.0175  29.672818     1.0169  29.670504     4.8344     4.7930     0.0405    97.4183 1.0000e-12  -64.58208  -64.33716 328.837869       8.38 4.0712e+02    835.834      20061  1028.6364  1028.6346    34.5664    34.5640    7.82597         37 0.0000e+00
    198.000    195.971     1.0086  29.662976     1.0087  29.661554     4.8448     4.8026     0.0408    97.3390 1.0000e-12  -64.58208  -64.33719 328.837958       9.32 4.0726e+02    843.566      20247  1028.6308  1028.6292    34.5642    34.5623    7.82788         39 0.0000e+00
    197.000    194.982     1.0097  29.663720     1.0097  29.662082     4.8428     4.7998     0.0461    97.3681 1.0000e-12  -64.58208  -64.33721 328.837970      10.39 4.0723e+02    844.603      20271  1028.6262  1028.6246    34.5645    34.5624    7.82764         39 0.0000e+00
    196.000    193.994     1.0096  29.663020     1.0100  29.661853     4.8399     4.7981     0.0411    97.3648 1.0000e-12  -64.58208  -64.33722 328.837995      11.38 4.0723e+02    846.788      20324  1028.6214  1028.6198    34.5644    34.5624    7.82768         42 0.0000e+00
    195.000    193.003     1.0085  29.661539     1.0085  29.659859     4.8341     4.8017     0.0490    97.3555 1.0000e-12  -64.58208  -64.33722 328.838014      12.26 4.0723e+02    848.428      20363  1028.6166  1028.6149    34.5642    34.5621    7.82789         36 0.0000e+00
    194.000    192.014     1.0105  29.663138     1.0101  29.661304     4.8333     4.8024     0.0413    97.3907 1.0000e-12  -64.58208  -64.33722 328.838033      13.31 4.0723e+02    850.061      20402  1028.6121  1028.6105    34.5647    34.5627    7.82748         39 0.0000e+00
    193.000    191.025     1.0103  29.662515     1.0102  29.660918     4.8405     4.8031     0.0526    97.3409 1.0000e-12  -64.58206  -64.33723 328.838053      14.25 4.0723e+02    851.746      20443  1028.6073  1028.6058    34.5646    34.5627    7.82751         33 0.0000e+00
    192.000    190.034     1.0085  29.659994     1.0080  29.658101     4.8698     4.8089     0.0373    97.3468 1.0000e-12  -64.58206  -64.33724 328.838066      15.05 4.0723e+02    852.873      20470  1028.6023  1028.6008    34.5640    34.5620    7.82791         23 0.0000e+00
    191.000    189.047     1.0030  29.653639     1.0028  29.652201     4.8584     4.8130     0.0300    97.3666 1.0000e-12  -64.58206  -64.33724 328.838076      16.12 4.0723e+02    853.747      20491  1028.5969  1028.5956    34.5625    34.5608    7.82910         21 0.0000e+00
    190.000    188.056     0.9966  29.646881     0.9975  29.646310     4.8690     4.8140     0.0340    97.3594 1.0000e-12  -64.58206  -64.33724 328.838086      17.19 4.0723e+02    854.608      20512  1028.5919  1028.5905    34.5614    34.5597    7.83043         21 0.0000e+00
    189.000    187.068     0.9969  29.646611     0.9955  29.643993     4.8621     4.8167     0.0418    97.3571 1.0000e-12  -64.58206  -64.33724 328.838098      18.20 4.0723e+02    855.709      20538  1028.5871  1028.5857    34.5614    34.5595    7.83038         32 0.0000e+00
    188.000    186.078     0.9969  29.646276     0.9979  29.645802     4.8630     4.8169     0.0380    97.3352 1.0000e-12  -64.58206  -64.33724 328.838121      19.59 4.0723e+02    857.689      20586  1028.5824  1028.5810    34.5616    34.5598    7.83037         39 0.0000e+00
    187.000    185.089     0.9974  29.646344     0.9970  29.644460     4.8551     4.8214     0.0403    97.3597 1.0000e-12  -64.58206  -64.33726 328.838144      20.63 4.0723e+02    859.611      20632  1028.5777  1028.5761    34.5617    34.5597    7.83027         36 0.0000e+00
    186.000    184.100     0.9950  29.643219     0.9937  29.640483     4.8806     4.8304     0.0462    97.3599 1.0000e-12  -64.58206  -64.33727 328.838159      21.66 4.0723e+02    860.907      20663  1028.5726  1028.5710    34.5609    34.5588    7.83079         28 0.0000e+00
    185.000    183.110     0.9833  29.630435     0.9839  29.629529     4.8964     4.8403     0.0330    97.3430 1.0000e-12  -64.58206  -64.33728 328.838171      22.58 4.0723e+02    861.998      20689  1028.5666  1028.5651    34.5579    34.5561    7.83329         24 0.0000e+00
    184.000    182.120     0.9774  29.623886     0.9775  29.622477     4.9063     4.8454     0.0443    97.3456 1.0000e-12  -64.58206  -64.33728 328.838182      23.67 4.0723e+02    862.961      20712  1028.5614  1028.5598    34.5567    34.5547    7.83455         23 0.0000e+00
    183.000    181.130     0.9744  29.620331     0.9743  29.618671     4.8974     4.8468     0.0436    97.3678 1.0000e-12  -64.58206  -64.33728 328.838193      24.69 4.0723e+02    863.853      20733  1028.5563  1028.5547    34.5559    34.5539    7.83518         20 0.0000e+00
    182.000    180.144     0.9720  29.617288     0.9720  29.615708     4.9151     4.8504     0.0383    97.3691 1.0000e-12  -64.58206  -64.33729 328.838203      25.78 4.0723e+02    864.716      20754  1028.5512  1028.5495    34.5553    34.5533    7.83570         21 0.0000e+00
    181.000    179.151     0.9686  29.613108     0.9700  29.613078     4.9119     4.8501     0.0413    97.3480 1.0000e-12  -64.58206  -64.33730 328.838213      26.63 4.0723e+02    865.615      20776  1028.5459  1028.5445    34.5543    34.5527    7.83644         23 0.0000e+00
    180.000    178.164     0.9647  29.608702     0.9645  29.606749     4.9070     4.8490     0.0497    97.3030 1.0000e-12  -64.58206  -64.33730 328.838225      27.76 4.0723e+02    866.664      20801  1028.5409  1028.5391    34.5535    34.5512    7.83726         28 0.0000e+00
    179.000    177.173     0.9674  29.611589     0.9692  29.611513     4.9083     4.8601     0.0441    97.3079 1.0000e-12  -64.58206  -64.33729 328.838242      29.01 4.0723e+02    868.099      20835  1028.5368  1028.5349    34.5548    34.5527    7.83665         35 0.0000e+00
    178.000    176.185     0.9674  29.610447     0.9679  29.609748     4.9157     4.8677     0.0568    97.2790 1.0000e-12  -64.58206  -64.33730 328.838262      30.10 4.0723e+02    869.850      20877  1028.5314  1028.5301    34.5540    34.5525    7.83670         39 0.0000e+00
    177.000    175.196     0.9637  29.605956     0.9690  29.609922     5.0108     4.9337     0.0543    97.2982 1.0000e-12  -64.58206  -64.33730 328.838278      31.10 4.0723e+02    871.256      20911  1028.5260  1028.5249    34.5529    34.5521    7.83751         30 0.0000e+00
    176.000    174.205     0.9386  29.577241     0.9243  29.560755     5.0789     4.9759     0.0530    97.2819 1.0000e-12  -64.58206  -64.33732 328.838291      32.06 4.0723e+02    872.371      20938  1028.5168  1028.5138    34.5443    34.5388    7.84302         24 0.0000e+00
    175.000    173.216     0.8917  29.528160     0.8854  29.520117     5.1043     4.9983     0.0526    97.2571 1.0000e-12  -64.58206  -64.33732 328.838302      32.76 4.0723e+02    873.308      20960  1028.5078  1028.5056    34.5335    34.5301    7.85305         21 0.0000e+00
    174.000    172.226     0.8728  29.507671     0.8703  29.503727     5.1192     5.0067     0.0549    97.2313 1.0000e-12  -64.58206  -64.33732 328.838312      34.16 4.0723e+02    874.147      20981  1028.5007  1028.4990    34.5286    34.5263    7.85713         20 0.0000e+00
    173.000    171.238     0.8621  29.496272     0.8633  29.495979     5.1079     4.9976     0.0615    97.2005 1.0000e-12  -64.58206  -64.33733 328.838321      34.96 4.0723e+02    874.977      21000  1028.4948  1028.4934    34.5262    34.5246    7.85940         20 0.0000e+00
    172.000    170.249     0.8578  29.491271     0.8580  29.489944     5.0929     4.9861     0.0752    97.1752 1.0000e-12  -64.58206  -64.33734 328.838332      36.00 4.0723e+02    875.885      21022  1028.4893  1028.4878    34.5252    34.5232    7.86033         24 0.0000e+00
    171.000    169.258     0.8518  29.484915     0.8753  29.507193     5.0686     4.9868     0.0777    97.1717 1.0000e-12  -64.58206  -64.33734 328.838345      37.28 4.0723e+02    877.000      21049  1028.4841  1028.4840    34.5243    34.5269    7.86160         30 0.0000e+00
    170.000    168.269     0.8667  29.500053     0.8756  29.507425     5.0559     4.9902     0.0577    97.1546 1.0000e-12  -64.58206  -64.33734 328.838361      38.29 4.0723e+02    878.389      21082  1028.4806  1028.4795    34.5279    34.5275    7.85839         36 0.0000e+00
    169.000    167.281     0.8634  29.495570     0.8714  29.503203     5.0921     5.0201     0.0767    97.1215 1.0000e-12  -64.58206  -64.33734 328.838379      39.35 4.0723e+02    879.940      21120  1028.4746  1028.4748    34.5263    34.5273    7.85914         37 0.0000e+00
    168.000    166.290     0.8540  29.485638     0.8652  29.495677     5.1426     5.0675     0.0806    97.1077 1.0000e-12  -64.58206  -64.33734 328.838395      40.73 4.0723e+02    881.326      21153  1028.4692  1028.4686    34.5245    34.5250    7.86114         29 0.0000e+00
    167.000    165.301     0.8225  29.451324     0.8176  29.444667     5.1754     5.0924     0.0744    97.1851 1.0000e-12  -64.58206  -64.33734 328.838407      41.83 4.0723e+02    882.386      21178  1028.4602  1028.4582    34.5157    34.5125    7.86799         23 0.0000e+00
    166.000    164.312     0.8065  29.434727     0.8043  29.431167     5.2066     5.1106     0.0708    97.1683 1.0000e-12  -64.58206  -64.33736 328.838418      42.77 4.0723e+02    883.277      21200  1028.4541  1028.4528    34.5125    34.5104    7.87138         21 0.0000e+00
    165.000    163.321     0.7993  29.426727     0.7944  29.419848     5.1959     5.1064     0.0598    97.1824 1.0000e-12  -64.58206  -64.33736 328.838428      43.84 4.0723e+02    884.149      21221  1028.4485  1028.4463    34.5108    34.5073    7.87295         21 0.0000e+00
    164.000    162.333     0.7854  29.411188     0.7836  29.408352     5.2191     5.1118     0.0720    97.1523 1.0000e-12  -64.58206  -64.33738 328.838439      45.01 4.0723e+02    885.144      21244  1028.4415  1028.4403    34.5067    34.5049    7.87599         27 0.0000e+00
    163.000    161.344     0.7749  29.400637     0.7922  29.415458     5.2244     5.1135     0.0943    97.1200 1.0000e-12  -64.58204  -64.33738 328.838453      46.08 4.0723e+02    886.365      21274  1028.4363  1028.4348    34.5053    34.5053    7.87819         30 0.0000e+00
