NBP2113_155081_ctd/data/nbp2113_022.ros
* Sea-Bird SBE 9 Data File:
* FileName = D:\Data\raw\NBP2113_022.hex
* Software Version Seasave V 7.26.7.121
* Temperature SN = 2438
* Conductivity SN = 2067
* Number of Bytes Per Scan = 40
* Number of Voltage Words = 5
* Number of Scans Averaged by the Deck Unit = 1
* NMEA Latitude = 68 01.86 S
* NMEA Longitude = 069 17.08 W
* NMEA UTC (Time) = Nov 30 2021  22:24:22
* NMEA baud rate = 9600
** Ship: RVIB N.B. Palmer
** Cruise: NBP2113 LTER
** Station: 200.-040
** Operator: S. Blackman
# nquan = 20
# nvalues = 1170                                  
# units = specified
# name 0 = prDM: Pressure, Digiquartz [db]
# name 1 = depSM: Depth [salt water, m]
# name 2 = t090C: Temperature [ITS-90, deg C]
# name 3 = c0mS/cm: Conductivity [mS/cm]
# name 4 = t190C: Temperature, 2 [ITS-90, deg C]
# name 5 = c1mS/cm: Conductivity, 2 [mS/cm]
# name 6 = sbeox0ML/L: Oxygen, SBE 43 [ml/l]
# name 7 = sbeox1ML/L: Oxygen, SBE 43, 2 [ml/l]
# name 8 = flECO-AFL: Fluorescence, WET Labs ECO-AFL/FL [mg/m^3]
# name 9 = CStarTr0: Beam Transmission, WET Labs C-Star [%]
# name 10 = par: PAR/Irradiance, Biospherical/Licor
# name 11 = latitude: Latitude [deg]
# name 12 = longitude: Longitude [deg]
# name 13 = timeJ: Julian Days
# name 14 = altM: Altimeter [m]
# name 15 = spar: SPAR, Biospherical/Licor
# name 16 = timeS: Time, Elapsed [seconds]
# name 17 = scan: Scan Count
# name 18 = nbf: Bottles Fired
# name 19 = flag:  0.000e+00
# interval = seconds: 0.0416667
# start_time = Nov 30 2021 22:24:22 [NMEA time, header]
# bad_flag = -9.990e-29
*END*
[from data line 869]
     30.525     30.218    -0.9738  27.325180    -1.1267  27.210866     8.0477     8.1331     1.2084    91.0604 8.9341e-01  -68.03080  -69.28538 334.955752      99.98 7.7567e+01   1914.958      45960         18  0.000e+00
     30.580     30.272    -0.9601  27.334147    -1.1100  27.230864     8.0455     8.1285     1.2084    91.0604 8.8902e-01  -68.03080  -69.28538 334.955752      99.98 7.7567e+01   1915.000      45961         18  0.000e+00
     30.628     30.319    -0.9563  27.336089    -1.0739  27.248580     8.0484     8.1203     1.2084    91.0604 8.8465e-01  -68.03080  -69.28538 334.955753      99.93 7.7567e+01   1915.042      45962         18  0.000e+00
     30.607     30.299    -0.9565  27.334775    -1.0617  27.253427     8.0462     8.1176     1.2084    91.0604 8.8029e-01  -68.03080  -69.28538 334.955753      99.95 7.7567e+01   1915.083      45963         18  0.000e+00
     30.628     30.319    -0.9595  27.332262    -1.0636  27.246963     8.0477     8.1185     1.2084    91.0604 8.7594e-01  -68.03080  -69.28538 334.955754      99.98 7.7567e+01   1915.125      45964         18  0.000e+00
     30.683     30.374    -0.9662  27.318040    -1.0882  27.231363     8.0448     8.1246     1.2084    91.0604 8.7160e-01  -68.03080  -69.28538 334.955754      99.98 7.7567e+01   1915.167      45965         18  0.000e+00
     30.731     30.421    -0.9993  27.281498    -1.0957  27.223230     8.0620     8.1267     1.2084    91.0604 8.6727e-01  -68.03080  -69.28538 334.955755      99.98 7.7567e+01   1915.208      45966         18  0.000e+00
     30.731     30.421    -1.0542  27.242922    -1.1082  27.210809     8.0805     8.1300     1.2084    91.0604 8.6296e-01  -68.03080  -69.28538 334.955755      99.98 7.7567e+01   1915.250      45967         18  0.000e+00
     30.779     30.468    -1.0921  27.217197    -1.1349  27.192990     8.1010     8.1431     1.2084    91.0604 8.5866e-01  -68.03080  -69.28538 334.955756      99.98 7.7567e+01   1915.292      45968         18  0.000e+00
     30.779     30.468    -1.1167  27.203682    -1.1523  27.182579     8.1118     8.1490     1.2084    91.0604 8.5437e-01  -68.03080  -69.28538 334.955756      99.95 7.7567e+01   1915.333      45969         18  0.000e+00
     30.834     30.523    -1.1304  27.195244    -1.1596  27.177514     8.1261     8.1460     1.2084    91.0604 8.5009e-01  -68.03080  -69.28538 334.955757      99.95 7.7567e+01   1915.375      45970         18  0.000e+00
     30.813     30.502    -1.1422  27.188460    -1.1674  27.171891     8.1516     8.1533     1.2084    91.0604 8.4583e-01  -68.03080  -69.28538 334.955757      99.95 7.7567e+01   1915.417      45971         18  0.000e+00
     30.881     30.570    -1.1510  27.184071    -1.1716  27.167661     8.1729     8.1552     1.2084    91.0089 8.4157e-01  -68.03080  -69.28538 334.955758      99.98 7.7567e+01   1915.458      45972         18  0.000e+00
     16.633     16.466    -0.8758  27.398170    -0.8789  27.395403     8.3779     8.4742     2.2121    88.0220 5.4062e+00  -68.03076  -69.28542 334.956562      99.98 7.7567e+01   1984.917      47639         19  0.000e+00
     16.613     16.446    -0.8763  27.397827    -0.8784  27.395626     8.3752     8.4792     2.2121    88.0220 5.3891e+00  -68.03076  -69.28542 334.956562      99.98 7.7567e+01   1984.958      47640         19  0.000e+00
     16.633     16.466    -0.8771  27.397484    -0.8780  27.396017     8.3801     8.4795     2.2121    88.0220 5.3551e+00  -68.03076  -69.28542 334.956563      99.98 7.7567e+01   1985.000      47641         19  0.000e+00
     16.716     16.548    -0.8780  27.396627    -0.8779  27.395738     8.3747     8.4800     2.2121    88.0220 5.3382e+00  -68.03076  -69.28542 334.956563      99.93 7.7567e+01   1985.042      47642         19  0.000e+00
     16.668     16.500    -0.8782  27.396227    -0.8779  27.395849     8.3736     8.4747     2.2121    88.0220 5.3214e+00  -68.03076  -69.28542 334.956563      99.95 7.7567e+01   1985.083      47643         19  0.000e+00
     16.736     16.568    -0.8781  27.396170    -0.8779  27.395459     8.3713     8.4798     2.2121    88.0220 5.3045e+00  -68.03076  -69.28542 334.956564      99.98 7.7567e+01   1985.125      47644         19  0.000e+00
     16.668     16.500    -0.8782  27.396513    -0.8784  27.395347     8.3761     8.4746     2.2121    88.0220 5.2710e+00  -68.03076  -69.28542 334.956564      99.98 7.7567e+01   1985.167      47645         19  0.000e+00
     16.784     16.615    -0.8778  27.396684    -0.8791  27.394845     8.3767     8.4743     2.2121    88.0220 5.2544e+00  -68.03076  -69.28542 334.956565      99.98 7.7567e+01   1985.208      47646         19  0.000e+00
     16.716     16.548    -0.8772  27.397199    -0.8795  27.394789     8.3770     8.4746     2.2121    88.0220 5.2377e+00  -68.03076  -69.28542 334.956565      99.98 7.7567e+01   1985.250      47647         19  0.000e+00
     16.736     16.568    -0.8770  27.397828    -0.8793  27.394677     8.3821     8.4805     2.2121    88.0220 5.2212e+00  -68.03076  -69.28542 334.956566      99.98 7.7567e+01   1985.292      47648         19  0.000e+00
     16.763     16.595    -0.8772  27.397542    -0.8794  27.395012     8.3841     8.4753     2.2121    88.0220 5.2046e+00  -68.03076  -69.28542 334.956566      99.98 7.7567e+01   1985.333      47649         19  0.000e+00
     16.784     16.615    -0.8773  27.397828    -0.8791  27.395515     8.3802     8.4747     2.2121    88.0220 5.1881e+00  -68.03076  -69.28542 334.956567      99.95 7.7567e+01   1985.375      47650         19  0.000e+00
     16.763     16.595    -0.8774  27.397771    -0.8786  27.395235     8.3808     8.4796     2.2121    88.0220 5.1717e+00  -68.03076  -69.28542 334.956567      99.95 7.7567e+01   1985.417      47651         19  0.000e+00
     16.818     16.649    -0.8773  27.397485    -0.8793  27.394398     8.3861     8.4746     2.2121    88.0477 5.1553e+00  -68.03076  -69.28542 334.956568      99.98 7.7567e+01   1985.458      47652         19  0.000e+00
     16.832     16.663    -0.8771  27.397428    -0.8797  27.394677     8.3822     8.4750     2.2121    88.0220 5.1389e+00  -68.03076  -69.28542 334.956568      99.98 7.7567e+01   1985.500      47653         19  0.000e+00
     16.818     16.649    -0.8771  27.397428    -0.8795  27.394677     8.3814     8.4744     2.2121    88.0220 5.1226e+00  -68.03076  -69.28542 334.956569      99.93 7.7567e+01   1985.542      47654         19  0.000e+00
     16.832     16.663    -0.8777  27.397256    -0.8794  27.394957     8.3793     8.4738     2.2121    88.0477 5.1064e+00  -68.03076  -69.28542 334.956569      99.95 7.7567e+01   1985.583      47655         19  0.000e+00
     16.818     16.649    -0.8780  27.396799    -0.8789  27.395124     8.3860     8.4732     2.2121    88.0477 5.0902e+00  -68.03076  -69.28542 334.956570      99.98 7.7567e+01   1985.625      47656         19  0.000e+00
     16.832     16.663    -0.8782  27.397028    -0.8788  27.395291     8.3880     8.4726     2.2121    88.0477 5.0740e+00  -68.03076  -69.28542 334.956570      99.98 7.7567e+01   1985.667      47657         19  0.000e+00
     16.921     16.751    -0.8778  27.396971    -0.8786  27.395738     8.3886     8.4721     2.2121    88.0220 5.0579e+00  -68.03076  -69.28542 334.956571      99.98 7.7567e+01   1985.708      47658         19  0.000e+00
     16.832     16.663    -0.8777  27.396913    -0.8785  27.395738     8.3831     8.4769     2.2121    88.0220 5.0579e+00  -68.03076  -69.28542 334.956571      99.98 7.7567e+01   1985.750      47659         19  0.000e+00
     16.866     16.697    -0.8780  27.397085    -0.8786  27.395627     8.3882     8.4782     2.2121    88.0220 5.0418e+00  -68.03076  -69.28542 334.956572      99.98 7.7567e+01   1985.792      47660         19  0.000e+00
     16.887     16.717    -0.8777  27.396742    -0.8785  27.395627     8.3887     8.4730     2.2121    88.0477 5.0418e+00  -68.03076  -69.28542 334.956572      99.95 7.7567e+01   1985.833      47661         19  0.000e+00
     16.921     16.751    -0.8779  27.397028    -0.8784  27.395850     8.3833     8.4724     2.2121    88.0220 5.0257e+00  -68.03076  -69.28542 334.956573      99.93 7.7567e+01   1985.875      47662         19  0.000e+00
     16.921     16.751    -0.8777  27.397199    -0.8784  27.396297     8.3881     8.4717     2.3073    88.0220 5.0098e+00  -68.03076  -69.28542 334.956573      99.98 7.7567e+01   1985.917      47663         19  0.000e+00
     16.887     16.717    -0.8778  27.396971    -0.8776  27.396576     8.3899     8.4718     2.3806    88.0477 5.0098e+00  -68.03076  -69.28542 334.956574      99.98 7.7567e+01   1985.958      47664         19  0.000e+00
     16.969     16.798    -0.8776  27.396914    -0.8774  27.396855     8.3844     8.4723     2.3952    88.0220 4.9938e+00  -68.03076  -69.28542 334.956574      99.98 7.7567e+01   1986.000      47665         19  0.000e+00
     16.887     16.717    -0.8778  27.397085    -0.8771  27.396911     8.3819     8.4725     2.3879    88.0477 4.9938e+00  -68.03076  -69.28542 334.956575      99.95 7.7567e+01   1986.042      47666         19  0.000e+00
     16.969     16.798    -0.8779  27.396799    -0.8768  27.396743     8.3795     8.4721     2.3879    88.0220 4.9779e+00  -68.03076  -69.28542 334.956575      99.95 7.7567e+01   1986.083      47667         19  0.000e+00
     16.935     16.764    -0.8780  27.397028    -0.8771  27.396688     8.3856     8.4716     2.3879    88.0220 4.9779e+00  -68.03076  -69.28542 334.956576      99.98 7.7567e+01   1986.125      47668         19  0.000e+00
     16.921     16.751    -0.8778  27.396971    -0.8774  27.396464     8.3872     8.4712     2.3806    88.0220 4.9621e+00  -68.03076  -69.28542 334.956576      99.98 7.7567e+01   1986.167      47669         19  0.000e+00
     16.989     16.819    -0.8782  27.396742    -0.8776  27.395794     8.3891     8.4709     2.3879    88.0477 4.9621e+00  -68.03076  -69.28542 334.956576      99.98 7.7567e+01   1986.208      47670         19  0.000e+00
     16.969     16.798    -0.8783  27.396685    -0.8779  27.395627     8.4040     8.4705     2.3879    88.0477 4.9621e+00  -68.03076  -69.28542 334.956577      99.98 7.7567e+01   1986.250      47671         19  0.000e+00
     16.866     16.697    -0.8783  27.396456    -0.8780  27.395850     8.4083     8.4708     2.3879    88.0477 4.9621e+00  -68.03076  -69.28542 334.956577      99.98 7.7567e+01   1986.292      47672         19  0.000e+00
     17.037     16.866    -0.8783  27.396742    -0.8782  27.395683     8.4009     8.4706     2.3879    88.0477 4.9621e+00  -68.03076  -69.28542 334.956578      99.95 7.7567e+01   1986.333      47673         19  0.000e+00
     16.969     16.798    -0.8783  27.396742    -0.8782  27.395459     8.3891     8.4701     2.3879    88.0477 4.9463e+00  -68.03076  -69.28542 334.956578      99.93 7.7567e+01   1986.375      47674         19  0.000e+00
     16.989     16.819    -0.8783  27.396685    -0.8782  27.395348     8.3938     8.4706     2.3879    88.0477 4.9621e+00  -68.03076  -69.28542 334.956579      99.95 7.7567e+01   1986.417      47675         19  0.000e+00
     17.017     16.846    -0.8785  27.396685    -0.8782  27.395515     8.3882     8.4711     2.3879    88.0477 4.9621e+00  -68.03076  -69.28542 334.956579      99.98 7.7567e+01   1986.458      47676         19  0.000e+00
     16.989     16.819    -0.8786  27.396285    -0.8782  27.395404     8.3872     8.4717     2.3879    88.0477 4.9621e+00  -68.03076  -69.28542 334.956580      99.98 7.7567e+01   1986.500      47677         19  0.000e+00
     16.969     16.798    -0.8786  27.396342    -0.8785  27.395013     8.3922     8.4714     2.3879    88.0477 4.9621e+00  -68.03076  -69.28542 334.956580      99.95 7.7567e+01   1986.542      47678         19  0.000e+00
     17.037     16.866    -0.8788  27.396571    -0.8789  27.395069     8.3869     8.4712     2.3879    88.0477 4.9621e+00  -68.03076  -69.28542 334.956581      99.93 7.7567e+01   1986.583      47679         19  0.000e+00
     16.969     16.798    -0.8785  27.396857    -0.8792  27.395292     8.3860     8.4709     2.3879    88.0477 4.9779e+00  -68.03076  -69.28542 334.956581      99.95 7.7567e+01   1986.625      47680         19  0.000e+00
     17.017     16.846    -0.8785  27.396914    -0.8794  27.395404     8.3854     8.4706     2.3879    88.0477 4.9779e+00  -68.03076  -69.28542 334.956582      99.98 7.7567e+01   1986.667      47681         19  0.000e+00
     17.037     16.866    -0.8783  27.397085    -0.8791  27.395348     8.3907     8.4702     2.3879    88.0477 4.9779e+00  -68.03076  -69.28542 334.956582      99.98 7.7567e+01   1986.708      47682         19  0.000e+00
     16.969     16.798    -0.8780  27.397200    -0.8786  27.395180     8.3901     8.4698     2.3879    88.0477 4.9779e+00  -68.03076  -69.28542 334.956583      99.98 7.7567e+01   1986.750      47683         19  0.000e+00
     17.037     16.866    -0.8780  27.397200    -0.8788  27.395348     8.3896     8.4760     2.3879    88.0477 4.9938e+00  -68.03076  -69.28544 334.956583      99.98 7.7567e+01   1986.792      47684         19  0.000e+00
     17.017     16.846    -0.8780  27.397200    -0.8786  27.395571     8.3876     8.4709     2.3806    88.0477 4.9938e+00  -68.03076  -69.28544 334.956584      99.95 7.7567e+01   1986.833      47685         19  0.000e+00
     16.989     16.819    -0.8780  27.396799    -0.8786  27.395627     8.4003     8.4706     2.3879    88.0477 4.9938e+00  -68.03076  -69.28544 334.956584      99.95 7.7567e+01   1986.875      47686         19  0.000e+00
     17.017     16.846    -0.8783  27.396456    -0.8786  27.396241     8.3967     8.4702     2.3879    88.0477 5.0098e+00  -68.03076  -69.28544 334.956585      99.95 7.7567e+01   1986.917      47687         19  0.000e+00
     16.682     16.515    -0.8791  27.396970    -0.8807  27.394398     8.3875     8.4531     2.2047    88.3310 5.1881e+00  -68.03074  -69.28546 334.956766      99.95 7.5804e+01   2002.583      48063         20  0.000e+00
     16.867     16.698    -0.8793  27.396913    -0.8808  27.394901     8.3884     8.4585     2.2047    88.3310 5.1881e+00  -68.03074  -69.28546 334.956766      99.98 7.5804e+01   2002.625      48064         20  0.000e+00
     16.737     16.569    -0.8789  27.397485    -0.8802  27.395124     8.3831     8.4531     2.2047    88.3310 5.1881e+00  -68.03074  -69.28546 334.956767      99.98 7.5804e+01   2002.667      48065         20  0.000e+00
     16.765     16.596    -0.8791  27.397085    -0.8803  27.395124     8.3874     8.4527     2.2121    88.3310 5.2046e+00  -68.03074  -69.28546 334.956767      99.98 7.5804e+01   2002.708      48066         20  0.000e+00
     16.819     16.650    -0.8791  27.397085    -0.8803  27.395124     8.3813     8.4532     2.2047    88.3310 5.2046e+00  -68.03074  -69.28546 334.956768      99.98 7.5804e+01   2002.750      48067         20  0.000e+00
     16.682     16.515    -0.8786  27.397199    -0.8805  27.394956     8.3841     8.4527     2.2047    88.3310 5.2046e+00  -68.03074  -69.28546 334.956768      99.98 7.5804e+01   2002.792      48068         20  0.000e+00
     16.765     16.596    -0.8788  27.397371    -0.8805  27.395068     8.3754     8.4533     2.2047    88.3310 5.2046e+00  -68.03074  -69.28546 334.956769      99.98 7.5804e+01   2002.833      48069         20  0.000e+00
     16.737     16.569    -0.8781  27.397599    -0.8802  27.395291     8.3828     8.4528     2.2047    88.3310 5.2212e+00  -68.03074  -69.28546 334.956769      99.95 7.5804e+01   2002.875      48070         20  0.000e+00
     16.765     16.596    -0.8780  27.397885    -0.8797  27.395180     8.3813     8.4524     2.2047    88.3310 5.2212e+00  -68.03074  -69.28546 334.956770      99.98 7.5804e+01   2002.917      48071         20  0.000e+00
     16.737     16.569    -0.8776  27.398342    -0.8795  27.395850     8.3782     8.4575     2.2047    88.3310 5.2377e+00  -68.03074  -69.28546 334.956770      99.98 7.5804e+01   2002.958      48072         20  0.000e+00
