NBP2113_155081_ctd/data/nbp2113_027.ros
* Sea-Bird SBE 9 Data File:
* FileName = D:\Data\raw\NBP2113_027.hex
* Software Version Seasave V 7.26.7.121
* Temperature SN = 2438
* Conductivity SN = 2067
* Number of Bytes Per Scan = 40
* Number of Voltage Words = 5
* Number of Scans Averaged by the Deck Unit = 1
* NMEA Latitude = 68 01.82 S
* NMEA Longitude = 069 17.07 W
* NMEA UTC (Time) = Dec 04 2021  08:59:20
* NMEA baud rate = 9600
** Ship: RVIB N.B. Palmer
** Cruise: NBP2113 LTER
** Station: 200.-040
** Operator: B. Urmston
# nquan = 20
# nvalues = 1156                                  
# units = specified
# name 0 = prDM: Pressure, Digiquartz [db]
# name 1 = depSM: Depth [salt water, m]
# name 2 = t090C: Temperature [ITS-90, deg C]
# name 3 = c0mS/cm: Conductivity [mS/cm]
# name 4 = t190C: Temperature, 2 [ITS-90, deg C]
# name 5 = c1mS/cm: Conductivity, 2 [mS/cm]
# name 6 = sbeox0ML/L: Oxygen, SBE 43 [ml/l]
# name 7 = sbeox1ML/L: Oxygen, SBE 43, 2 [ml/l]
# name 8 = flECO-AFL: Fluorescence, WET Labs ECO-AFL/FL [mg/m^3]
# name 9 = CStarTr0: Beam Transmission, WET Labs C-Star [%]
# name 10 = par: PAR/Irradiance, Biospherical/Licor
# name 11 = latitude: Latitude [deg]
# name 12 = longitude: Longitude [deg]
# name 13 = timeJ: Julian Days
# name 14 = altM: Altimeter [m]
# name 15 = spar: SPAR, Biospherical/Licor
# name 16 = timeS: Time, Elapsed [seconds]
# name 17 = scan: Scan Count
# name 18 = nbf: Bottles Fired
# name 19 = flag:  0.000e+00
# interval = seconds: 0.0416667
# start_time = Dec 04 2021 08:59:20 [NMEA time, header]
# bad_flag = -9.990e-29
*END*
[from data line 1086]
      3.735      3.698    -0.9051  27.386476    -0.9051  27.385433     8.2124     8.2973     2.1974    88.7429 5.7411e+01  -68.03012  -69.28442 338.398214      99.95 1.3927e+02   2045.708      49098         23  0.000e+00
      3.797      3.759    -0.9052  27.386248    -0.9050  27.385098     8.2132     8.3020     2.1974    88.8202 5.6762e+01  -68.03012  -69.28442 338.398215      99.95 1.3927e+02   2045.750      49099         23  0.000e+00
      3.797      3.759    -0.9052  27.386133    -0.9050  27.385042     8.2093     8.3039     2.1974    88.8459 5.6119e+01  -68.03012  -69.28442 338.398215      99.98 1.3927e+02   2045.792      49100         23  0.000e+00
      3.845      3.806    -0.9050  27.386133    -0.9050  27.384986     8.2218     8.2994     2.1974    88.8459 5.5484e+01  -68.03012  -69.28442 338.398216      99.98 1.3927e+02   2045.833      49101         23  0.000e+00
      3.838      3.799    -0.9051  27.386362    -0.9051  27.385321     8.2193     8.2985     2.1974    88.8459 5.4856e+01  -68.03012  -69.28442 338.398216      99.93 1.3927e+02   2045.875      49102         23  0.000e+00
      3.845      3.806    -0.9053  27.386076    -0.9051  27.385265     8.2228     8.3088     2.1974    88.8202 5.4235e+01  -68.03012  -69.28442 338.398217      99.95 1.3927e+02   2045.917      49103         23  0.000e+00
      3.899      3.860    -0.9051  27.386305    -0.9053  27.384875     8.2292     8.2987     2.1535    88.8459 5.3469e+01  -68.03012  -69.28442 338.398217      99.98 1.3927e+02   2045.958      49104         23  0.000e+00
      3.899      3.860    -0.9050  27.386820    -0.9051  27.384931     8.2402     8.2923     1.9996    88.8459 5.2713e+01  -68.03012  -69.28442 338.398218      99.98 1.3927e+02   2046.000      49105         23  0.000e+00
      3.838      3.799    -0.9048  27.387162    -0.9055  27.384763     8.2452     8.3081     1.9337    88.8459 5.2116e+01  -68.03012  -69.28442 338.398218      99.98 1.3927e+02   2046.042      49106         23  0.000e+00
      3.947      3.908    -0.9043  27.387449    -0.9055  27.384987     8.2444     8.3045     1.9337    88.8459 5.1526e+01  -68.03012  -69.28442 338.398219      99.98 1.3927e+02   2046.083      49107         23  0.000e+00
      3.899      3.860    -0.9042  27.387506    -0.9053  27.385154     8.2467     8.2988     1.9410    88.8202 5.0798e+01  -68.03012  -69.28442 338.398219      99.98 1.3927e+02   2046.125      49108         23  0.000e+00
      3.947      3.908    -0.9032  27.387506    -0.9050  27.385210     8.2489     8.3035     1.9410    88.8202 5.0222e+01  -68.03012  -69.28442 338.398220      99.98 1.3927e+02   2046.167      49109         23  0.000e+00
      3.941      3.901    -0.9032  27.388077    -0.9050  27.385210     8.2527     8.3034     1.9410    88.8202 4.9653e+01  -68.03012  -69.28442 338.398220      99.95 1.3927e+02   2046.208      49110         23  0.000e+00
      3.947      3.908    -0.9032  27.388077    -0.9050  27.385712     8.2520     8.2996     1.9410    88.8202 4.9090e+01  -68.03012  -69.28442 338.398220      99.95 1.3927e+02   2046.250      49111         23  0.000e+00
      3.947      3.908    -0.9030  27.388192    -0.9047  27.385768     8.2547     8.3107     1.9410    88.8202 4.8534e+01  -68.03012  -69.28442 338.398221      99.98 1.3927e+02   2046.292      49112         23  0.000e+00
      3.995      3.955    -0.9027  27.388249    -0.9045  27.385936     8.2574     8.3060     1.9410    88.8202 4.8120e+01  -68.03012  -69.28442 338.398221      99.98 1.3927e+02   2046.333      49113         23  0.000e+00
      3.989      3.949    -0.9027  27.388249    -0.9045  27.385880     8.2529     8.2994     1.9410    88.8202 4.7847e+01  -68.03012  -69.28442 338.398222      99.95 1.3927e+02   2046.375      49114         23  0.000e+00
      3.995      3.955    -0.9030  27.387906    -0.9041  27.386382     8.2547     8.3048     1.9410    88.8459 4.7439e+01  -68.03012  -69.28442 338.398222      99.95 1.3927e+02   2046.417      49115         23  0.000e+00
      3.995      3.955    -0.9032  27.387563    -0.9038  27.386550     8.2581     8.3056     1.9410    88.8459 4.7170e+01  -68.03012  -69.28442 338.398223      99.98 1.3927e+02   2046.458      49116         23  0.000e+00
      4.043      4.003    -0.9032  27.387849    -0.9040  27.386717     8.2555     8.3000     1.9410    88.8459 4.6901e+01  -68.03012  -69.28442 338.398223      99.98 1.3927e+02   2046.500      49117         23  0.000e+00
      3.996      3.955    -0.9030  27.387849    -0.9036  27.386438     8.2526     8.3035     1.9410    88.8459 4.6768e+01  -68.03012  -69.28442 338.398224      99.98 1.3927e+02   2046.542      49118         23  0.000e+00
      4.091      4.050    -0.9030  27.388078    -0.9045  27.385657     8.2587     8.2996     1.9410    88.9232 4.6635e+01  -68.03012  -69.28442 338.398225      99.95 1.3927e+02   2046.667      49121         24  0.000e+00
      3.996      3.956    -0.9029  27.388192    -0.9051  27.385098     8.2559     8.2987     1.9410    88.9232 4.6635e+01  -68.03012  -69.28442 338.398226      99.95 1.3927e+02   2046.708      49122         24  0.000e+00
      4.098      4.057    -0.9030  27.388078    -0.9061  27.384540     8.2581     8.3082     1.9410    88.9232 4.6768e+01  -68.03012  -69.28442 338.398226      99.98 1.3927e+02   2046.750      49123         24  0.000e+00
      4.098      4.057    -0.9029  27.388363    -0.9066  27.384708     8.2632     8.3043     1.9410    88.9232 4.6768e+01  -68.03012  -69.28442 338.398227      99.98 1.3927e+02   2046.792      49124         24  0.000e+00
      4.044      4.003    -0.9026  27.388706    -0.9068  27.384708     8.2565     8.2995     1.9410    88.9232 4.6901e+01  -68.03012  -69.28442 338.398227      99.98 1.3927e+02   2046.833      49125         24  0.000e+00
      4.050      4.010    -0.9027  27.388363    -0.9064  27.384484     8.2529     8.3039     1.9410    88.9232 4.7035e+01  -68.03012  -69.28442 338.398228      99.93 1.3927e+02   2046.875      49126         24  0.000e+00
      4.098      4.057    -0.9023  27.388421    -0.9061  27.384429     8.2507     8.3092     1.9410    88.9232 4.7170e+01  -68.03012  -69.28442 338.398228      99.95 1.3927e+02   2046.917      49127         24  0.000e+00
      4.098      4.057    -0.9022  27.388535    -0.9059  27.384317     8.2603     8.2987     1.9410    88.9232 4.7304e+01  -68.03012  -69.28442 338.398229      99.98 1.3927e+02   2046.958      49128         24  0.000e+00
      4.044      4.003    -0.9024  27.388706    -0.9061  27.384373     8.2607     8.2993     1.9410    88.9232 4.7439e+01  -68.03012  -69.28442 338.398229      99.98 1.3927e+02   2047.000      49129         24  0.000e+00
      4.098      4.057    -0.9024  27.388421    -0.9063  27.384429     8.2612     8.3103     1.9410    88.9232 4.7575e+01  -68.03012  -69.28442 338.398230      99.98 1.3927e+02   2047.042      49130         24  0.000e+00
      4.051      4.010    -0.9020  27.388649    -0.9066  27.384261     8.2568     8.3054     2.0582    88.9232 4.7847e+01  -68.03012  -69.28442 338.398230      99.95 1.3927e+02   2047.083      49131         24  0.000e+00
      4.092      4.051    -0.9021  27.388192    -0.9067  27.384261     8.2543     8.2987     2.1388    88.9232 4.7983e+01  -68.03012  -69.28442 338.398231      99.98 1.3927e+02   2047.125      49132         24  0.000e+00
      4.099      4.057    -0.9022  27.388592    -0.9068  27.384205     8.2516     8.2985     2.1535    88.9232 4.8120e+01  -68.03012  -69.28442 338.398231      99.98 1.3927e+02   2047.167      49133         24  0.000e+00
      4.051      4.010    -0.9024  27.388592    -0.9072  27.384373     8.2502     8.3102     2.1461    88.9232 4.8396e+01  -68.03012  -69.28442 338.398232      99.95 1.3927e+02   2047.208      49134         24  0.000e+00
      4.099      4.058    -0.9024  27.388535    -0.9072  27.384094     8.2488     8.2998     2.1388    88.9232 4.8534e+01  -68.03012  -69.28442 338.398232      99.95 1.3927e+02   2047.250      49135         24  0.000e+00
      4.044      4.003    -0.9024  27.388706    -0.9069  27.384149     8.2458     8.2985     2.1388    88.9232 4.8811e+01  -68.03012  -69.28442 338.398233      99.98 1.3927e+02   2047.292      49136         24  0.000e+00
      4.099      4.058    -0.9024  27.388421    -0.9070  27.383982     8.2428     8.2937     2.1461    88.9232 4.9090e+01  -68.03012  -69.28442 338.398233      99.98 1.3927e+02   2047.333      49137         24  0.000e+00
      4.051      4.010    -0.9024  27.388649    -0.9073  27.383535     8.2425     8.2973     2.1388    88.9232 4.9371e+01  -68.03012  -69.28442 338.398234      99.95 1.3927e+02   2047.375      49138         24  0.000e+00
      4.051      4.010    -0.9029  27.388192    -0.9075  27.383703     8.2423     8.3065     2.1388    88.6657 4.9653e+01  -68.03012  -69.28442 338.398234      99.95 1.3927e+02   2047.417      49139         24  0.000e+00
      4.044      4.003    -0.9029  27.387963    -0.9068  27.384484     8.2406     8.3022     2.1388    88.5112 4.9795e+01  -68.03012  -69.28442 338.398234      99.98 1.3927e+02   2047.458      49140         24  0.000e+00
      4.051      4.010    -0.9030  27.387963    -0.9066  27.384484     8.2388     8.2982     2.1388    88.5112 5.0079e+01  -68.03012  -69.28442 338.398235      99.98 1.3927e+02   2047.500      49141         24  0.000e+00
      4.051      4.010    -0.9030  27.388192    -0.9060  27.384540     8.2325     8.2914     2.1461    88.5112 5.0509e+01  -68.03012  -69.28442 338.398235      99.98 1.3927e+02   2047.542      49142         24  0.000e+00
      4.051      4.010    -0.9029  27.388078    -0.9055  27.384875     8.2426     8.2940     2.1388    88.5112 5.0653e+01  -68.03012  -69.28442 338.398236      99.98 1.3927e+02   2047.583      49143         24  0.000e+00
      3.989      3.949    -0.9029  27.387849    -0.9053  27.384987     8.2421     8.3048     2.1461    88.5112 5.0942e+01  -68.03012  -69.28442 338.398236      99.98 1.3927e+02   2047.625      49144         24  0.000e+00
      4.051      4.010    -0.9029  27.388306    -0.9053  27.384987     8.2342     8.3018     2.1388    88.5369 5.1233e+01  -68.03012  -69.28442 338.398237      99.98 1.3927e+02   2047.667      49145         24  0.000e+00
      3.996      3.956    -0.9030  27.388135    -0.9051  27.385042     8.2335     8.2959     2.1388    88.5369 5.1380e+01  -68.03012  -69.28442 338.398237      99.93 1.3927e+02   2047.708      49146         24  0.000e+00
      3.996      3.956    -0.9032  27.387620    -0.9051  27.384987     8.2344     8.2948     2.1388    88.5369 5.1673e+01  -68.03012  -69.28442 338.398238      99.95 1.3927e+02   2047.750      49147         24  0.000e+00
      3.989      3.949    -0.9034  27.387677    -0.9051  27.385154     8.2412     8.2946     2.1388    88.5112 5.1820e+01  -68.03012  -69.28442 338.398238      99.98 1.3927e+02   2047.792      49148         24  0.000e+00
      3.948      3.909    -0.9034  27.387563    -0.9053  27.385266     8.2361     8.3000     2.1388    88.5112 5.2116e+01  -68.03012  -69.28442 338.398239      99.98 1.3927e+02   2047.833      49149         24  0.000e+00
      3.948      3.909    -0.9032  27.387849    -0.9050  27.385042     8.2383     8.2997     2.1388    88.5112 5.2265e+01  -68.03012  -69.28442 338.398239      99.95 1.3927e+02   2047.875      49150         24  0.000e+00
      3.989      3.950    -0.9029  27.387849    -0.9047  27.385322     8.2511     8.2939     2.1461    88.5369 5.2414e+01  -68.03012  -69.28442 338.398240      99.95 1.3927e+02   2047.917      49151         24  0.000e+00
      3.948      3.909    -0.9033  27.387563    -0.9049  27.385098     8.2489     8.2947     2.1388    88.5369 5.2414e+01  -68.03012  -69.28442 338.398240      99.95 1.3927e+02   2047.958      49152         24  0.000e+00
      3.901      3.862    -0.9034  27.387620    -0.9051  27.385042     8.2453     8.2936     2.1388    88.5112 5.2563e+01  -68.03012  -69.28442 338.398241      99.98 1.3927e+02   2048.000      49153         24  0.000e+00
      3.901      3.862    -0.9032  27.387734    -0.9050  27.385377     8.2476     8.2916     2.1388    88.5369 5.2563e+01  -68.03012  -69.28442 338.398241      99.98 1.3927e+02   2048.042      49154         24  0.000e+00
      3.887      3.848    -0.9032  27.387963    -0.9049  27.385098     8.2560     8.3035     2.1388    88.5369 5.2563e+01  -68.03012  -69.28442 338.398242      99.98 1.3927e+02   2048.083      49155         24  0.000e+00
      3.846      3.807    -0.9027  27.388020    -0.9047  27.385433     8.2525     8.2995     2.1388    88.5112 5.2563e+01  -68.03012  -69.28442 338.398242      99.98 1.3927e+02   2048.125      49156         24  0.000e+00
      3.901      3.862    -0.9027  27.388020    -0.9047  27.385489     8.2538     8.2938     2.0802    88.5369 5.2563e+01  -68.03012  -69.28442 338.398243      99.95 1.3927e+02   2048.167      49157         24  0.000e+00
      3.846      3.807    -0.9027  27.388020    -0.9046  27.385656     8.2550     8.2935     1.9996    88.5369 5.2414e+01  -68.03012  -69.28442 338.398243      99.95 1.3927e+02   2048.208      49158         24  0.000e+00
      3.839      3.801    -0.9026  27.388191    -0.9044  27.385768     8.2563     8.2934     1.9776    88.6399 5.2265e+01  -68.03012  -69.28442 338.398244      99.98 1.3927e+02   2048.250      49159         24  0.000e+00
      3.798      3.760    -0.9027  27.388477    -0.9041  27.385824     8.2562     8.2923     1.9776    88.7429 5.2116e+01  -68.03012  -69.28442 338.398244      99.98 1.3927e+02   2048.292      49160         24  0.000e+00
      3.798      3.760    -0.9026  27.388134    -0.9042  27.385768     8.2561     8.2876     1.9850    88.7944 5.1968e+01  -68.03012  -69.28442 338.398245      99.98 1.3927e+02   2048.333      49161         24  0.000e+00
      3.743      3.706    -0.9027  27.388020    -0.9044  27.385768     8.2619     8.2923     1.9850    88.7687 5.1820e+01  -68.03012  -69.28442 338.398245      99.93 1.3927e+02   2048.375      49162         24  0.000e+00
      3.737      3.699    -0.9022  27.388191    -0.9041  27.385600     8.2558     8.2914     1.9850    88.7687 5.1820e+01  -68.03012  -69.28442 338.398246      99.95 1.3927e+02   2048.417      49163         24  0.000e+00
      3.743      3.706    -0.9023  27.388305    -0.9038  27.386102     8.2542     8.2914     1.9850    88.7687 5.1673e+01  -68.03012  -69.28442 338.398246      99.98 1.3927e+02   2048.458      49164         24  0.000e+00
      3.743      3.706    -0.9019  27.388477    -0.9038  27.386047     8.2479     8.2970     1.9850    88.7687 5.1673e+01  -68.03012  -69.28442 338.398247      99.98 1.3927e+02   2048.500      49165         24  0.000e+00
      3.648      3.611    -0.9021  27.388534    -0.9036  27.385991     8.2522     8.3025     1.9850    88.7687 5.1673e+01  -68.03012  -69.28442 338.398247      99.98 1.3927e+02   2048.542      49166         24  0.000e+00
      3.689      3.652    -0.9016  27.388477    -0.9038  27.386047     8.2461     8.2933     1.9850    88.7687 5.1673e+01  -68.03012  -69.28442 338.398247      99.98 1.3927e+02   2048.583      49167         24  0.000e+00
      3.648      3.611    -0.9018  27.388305    -0.9035  27.386214     8.2432     8.2932     1.9850    88.7687 5.1820e+01  -68.03012  -69.28442 338.398248      99.98 1.3927e+02   2048.625      49168         24  0.000e+00
      3.648      3.611    -0.9017  27.388648    -0.9033  27.386270     8.2416     8.2868     1.9850    88.7687 5.1820e+01  -68.03012  -69.28442 338.398248      99.98 1.3927e+02   2048.667      49169         24  0.000e+00
