NBP2113_155081_ctd/data/nbp2113_063.cnv
* Sea-Bird SBE 9 Data File:
* FileName = D:\Data\raw\NBP2113_063.hex
* Software Version Seasave V 7.26.7.121
* Temperature SN = 2438
* Conductivity SN = 2067
* Number of Bytes Per Scan = 40
* Number of Voltage Words = 5
* Number of Scans Averaged by the Deck Unit = 1
* NMEA Latitude = 64 46.92 S
* NMEA Longitude = 063 01.99 W
* NMEA UTC (Time) = Dec 14 2021  04:14:20
* NMEA baud rate = 9600
** Ship: RVIB N.B. Palmer
** Cruise: NBP2113 LTER
** Station: 655.002
** Operator: B. Urmston
# nquan = 25
# nvalues = 441                         
# units = specified
# name 0 = prDM: Pressure, Digiquartz [db]
# name 1 = depSM: Depth [salt water, m]
# name 2 = t090C: Temperature [ITS-90, deg C]
# name 3 = c0mS/cm: Conductivity [mS/cm]
# name 4 = t190C: Temperature, 2 [ITS-90, deg C]
# name 5 = c1mS/cm: Conductivity, 2 [mS/cm]
# name 6 = sbeox0ML/L: Oxygen, SBE 43 [ml/l]
# name 7 = sbeox1ML/L: Oxygen, SBE 43, 2 [ml/l]
# name 8 = flECO-AFL: Fluorescence, WET Labs ECO-AFL/FL [mg/m^3]
# name 9 = CStarTr0: Beam Transmission, WET Labs C-Star [%]
# name 10 = par: PAR/Irradiance, Biospherical/Licor
# name 11 = latitude: Latitude [deg]
# name 12 = longitude: Longitude [deg]
# name 13 = timeJ: Julian Days
# name 14 = altM: Altimeter [m]
# name 15 = spar: SPAR, Biospherical/Licor
# name 16 = timeS: Time, Elapsed [seconds]
# name 17 = scan: Scan Count
# name 18 = density00: Density [density, kg/m^3]
# name 19 = density11: Density, 2 [density, kg/m^3]
# name 20 = sal00: Salinity, Practical [PSU]
# name 21 = sal11: Salinity, Practical, 2 [PSU]
# name 22 = oxsolML/L: Oxygen Saturation, Garcia & Gordon [ml/l]
# name 23 = nbin: number of scans per bin
# name 24 = flag: flag
# span 0 =      1.000,    222.000       
# span 1 =      0.991,    219.695       
# span 2 =    -0.3258,     0.5582       
# span 3 =  28.454438,  29.174599       
# span 4 =    -0.3256,     0.5582       
# span 5 =  28.450925,  29.173267       
# span 6 =     5.2015,     7.8973       
# span 7 =     5.2963,     8.4972       
# span 8 =    -0.0202,     1.7303       
# span 9 =    83.4172,    90.0986       
# span 10 = 1.0000e-12, 3.7797e+00      
# span 11 =  -64.78200,  -64.78197      
# span 12 =  -63.03356,  -63.03338      
# span 13 = 348.180086, 348.192724      
# span 14 =       9.10,     100.09      
# span 15 = 0.0000e+00, 0.0000e+00      
# span 16 =    299.433,   1391.315      
# span 17 =       7187,      33393      
# span 18 =  1027.3359,  1028.7651      
# span 19 =  1027.3329,  1028.7642      
# span 20 =    34.0502,    34.4934      
# span 21 =    34.0464,    34.4927      
# span 22 =    7.92319,    8.10788      
# span 23 =          9,         51      
# span 24 = 0.0000e+00, 0.0000e+00      
# interval = decibars: 1                
# start_time = Dec 14 2021 04:14:20 [NMEA time, header]
# bad_flag = -9.990e-29
*END*
[from data line 406]
     35.000     34.654     0.1413  28.551843     0.1410  28.550056     6.4646     6.5082     0.7349    87.1447 1.0000e-12  -64.78200  -63.03340 348.191719      99.97 0.0000e+00   1304.556      31310  1027.6009  1027.5993    34.1766    34.1746    8.02684         37 0.0000e+00
     34.000     33.664     0.1418  28.551168     0.1414  28.549477     6.4570     6.5139     0.7618    87.0973 1.0000e-12  -64.78200  -63.03340 348.191737      99.97 0.0000e+00   1306.096      31347  1027.5954  1027.5940    34.1757    34.1740    8.02678         36 0.0000e+00
     33.000     32.675     0.1424  28.550584     0.1419  28.548880     6.4445     6.5175     0.7856    86.9988 1.0000e-12  -64.78200  -63.03340 348.191755      99.97 0.0000e+00   1307.628      31384  1027.5899  1027.5886    34.1749    34.1733    8.02670         35 0.0000e+00
     32.000     31.684     0.1426  28.549911     0.1422  28.548217     6.4350     6.5144     0.7901    86.9055 1.0000e-12  -64.78200  -63.03340 348.191773      99.97 0.0000e+00   1309.182      31421  1027.5848  1027.5834    34.1745    34.1727    8.02670         37 0.0000e+00
     31.000     30.694     0.1427  28.549255     0.1422  28.547533     6.4507     6.5134     0.8084    86.9255 6.9892e-05  -64.78200  -63.03340 348.191791      99.97 0.0000e+00   1310.743      31459  1027.5797  1027.5784    34.1741    34.1724    8.02669         36 0.0000e+00
     30.000     29.704     0.1422  28.548687     0.1418  28.547008     6.4402     6.5155     0.8106    86.9039 2.8491e-03  -64.78200  -63.03340 348.191809      99.97 0.0000e+00   1312.289      31496  1027.5753  1027.5739    34.1744    34.1728    8.02677         35 0.0000e+00
     29.000     28.714     0.1416  28.548388     0.1413  28.546717     6.4452     6.5209     0.8269    86.8891 7.4947e-03  -64.78200  -63.03340 348.191827      99.97 0.0000e+00   1313.822      31533  1027.5713  1027.5698    34.1754    34.1735    8.02685         35 0.0000e+00
     28.000     27.725     0.1417  28.547687     0.1412  28.545895     6.4475     6.5187     0.8721    86.8782 1.2932e-02  -64.78200  -63.03340 348.191844      99.97 0.0000e+00   1315.356      31570  1027.5662  1027.5648    34.1749    34.1732    8.02686         36 0.0000e+00
     27.000     26.734     0.1418  28.546904     0.1414  28.545083     6.4422     6.5217     0.9041    86.8707 1.8100e-02  -64.78200  -63.03340 348.191862      99.97 0.0000e+00   1316.902      31607  1027.5610  1027.5594    34.1744    34.1725    8.02687         38 0.0000e+00
     26.000     25.744     0.1417  28.545798     0.1412  28.544176     6.4475     6.5268     0.8668    86.8784 2.3963e-02  -64.78200  -63.03340 348.191880      99.97 0.0000e+00   1318.460      31644  1027.5556  1027.5543    34.1737    34.1720    8.02693         36 0.0000e+00
     25.000     24.753     0.1416  28.545000     0.1411  28.543311     6.4638     6.5284     0.8505    86.8657 3.0775e-02  -64.78200  -63.03340 348.191898      99.97 0.0000e+00   1320.008      31681  1027.5506  1027.5492    34.1733    34.1716    8.02697         38 0.0000e+00
     24.000     23.764     0.1424  28.544552     0.1418  28.542845     6.4596     6.5363     0.8635    86.8388 3.8231e-02  -64.78200  -63.03340 348.191916      99.97 0.0000e+00   1321.548      31718  1027.5451  1027.5438    34.1725    34.1708    8.02685         37 0.0000e+00
     23.000     22.773     0.1426  28.543721     0.1420  28.541476     6.4627     6.5386     0.8841    86.8249 4.5822e-02  -64.78200  -63.03340 348.191934      99.97 0.0000e+00   1323.084      31755  1027.5397  1027.5379    34.1717    34.1694    8.02685         37 0.0000e+00
     22.000     21.784     0.1419  28.541653     0.1412  28.539469     6.4741     6.5395     0.8774    86.7951 5.4272e-02  -64.78200  -63.03340 348.191952      99.97 0.0000e+00   1324.622      31792  1027.5339  1027.5322    34.1704    34.1683    8.02707         37 0.0000e+00
     21.000     20.793     0.1418  28.540380     0.1414  28.538761     6.4755     6.5447     0.8436    86.7902 6.2963e-02  -64.78200  -63.03340 348.191969      99.97 0.0000e+00   1326.151      31829  1027.5284  1027.5271    34.1695    34.1678    8.02715         36 0.0000e+00
     20.000     19.802     0.1389  28.536800     0.1380  28.534902     6.4846     6.5596     0.8656    86.7423 7.1451e-02  -64.78200  -63.03340 348.191987      99.97 0.0000e+00   1327.686      31865  1027.5231  1027.5219    34.1685    34.1670    8.02780         35 0.0000e+00
     19.000     18.813     0.1344  28.531214     0.1288  28.523882     6.4946     6.5586     0.9412    86.7167 8.5428e-02  -64.78200  -63.03340 348.192005      99.97 0.0000e+00   1329.228      31902  1027.5173  1027.5150    34.1668    34.1634    8.02884         37 0.0000e+00
     18.000     17.823     0.1263  28.520856     0.1254  28.518573     6.5177     6.5828     0.8898    86.6878 9.9095e-02  -64.78200  -63.03340 348.192023      99.97 0.0000e+00   1330.780      31940  1027.5098  1027.5082    34.1627    34.1607    8.03076         36 0.0000e+00
     17.000     16.835     0.1259  28.514630     0.1258  28.514355     6.5356     6.5960     0.8761    86.6472 1.1395e-01  -64.78200  -63.03340 348.192041      99.97 0.0000e+00   1332.319      31977  1027.4992  1027.4990    34.1555    34.1553    8.03124         34 0.0000e+00
     16.000     15.842     0.1262  28.510033     0.1265  28.508228     6.5454     6.6066     0.8425    86.6218 1.3046e-01  -64.78200  -63.03340 348.192059      99.97 0.0000e+00   1333.861      32014  1027.4897  1027.4876    34.1497    34.1471    8.03151         36 0.0000e+00
     15.000     14.853     0.1268  28.506238     0.1254  28.501668     6.5321     6.5906     0.8938    86.5590 1.4917e-01  -64.78200  -63.03340 348.192079      99.97 0.0000e+00   1335.585      32055  1027.4808  1027.4772    34.1446    34.1402    8.03167         38 0.0000e+00
     14.000     13.861     0.1210  28.495075     0.1241  28.502276     6.5478     6.6042     0.8856    86.6825 1.7269e-01  -64.78200  -63.03340 348.192113      99.97 0.0000e+00   1338.557      32126  1027.4702  1027.4748    34.1370    34.1430    8.03332         33 0.0000e+00
     13.000     12.878     0.1156  28.481729     0.1165  28.483223     6.5480     6.6152     0.9085    86.7041 2.0235e-01  -64.78200  -63.03340 348.192165      87.05 0.0000e+00   1343.029      32234  1027.4568  1027.4575    34.1260    34.1269    8.03507         30 0.0000e+00
     12.000     11.883     0.1180  28.486136     0.1177  28.485620     6.5384     6.6201     0.8590    86.7407 2.3337e-01  -64.78200  -63.03340 348.192212     100.09 0.0000e+00   1347.134      32332  1027.4547  1027.4545    34.1297    34.1293    8.03435         35 0.0000e+00
     11.000     10.892     0.1182  28.486329     0.1184  28.486255     6.5497     6.6189     0.9163    86.8875 2.6875e-01  -64.78200  -63.03340 348.192255      99.97 0.0000e+00   1350.801      32420  1027.4505  1027.4502    34.1304    34.1301    8.03428         35 0.0000e+00
     10.000      9.901     0.1170  28.482327     0.1172  28.480915     6.5675     6.6380     0.8743    86.8344 3.1048e-01  -64.78200  -63.03340 348.192292      99.97 0.0000e+00   1354.007      32497  1027.4431  1027.4414    34.1270    34.1249    8.03472         33 0.0000e+00
      9.000      8.912     0.1182  28.479682     0.1206  28.476379     6.6393     6.6925     0.9007    86.6587 3.6370e-01  -64.78200  -63.03339 348.192326      99.97 0.0000e+00   1356.933      32567  1027.4349  1027.4289    34.1228    34.1157    8.03471         32 0.0000e+00
      8.000      7.924     0.1313  28.476257     0.1289  28.474034     6.7394     6.7472     0.9326    86.5001 4.2735e-01  -64.78200  -63.03338 348.192360      99.96 0.0000e+00   1359.876      32638  1027.4140  1027.4141    34.1043    34.1040    8.03300         35 0.0000e+00
      7.000      6.932     0.1372  28.475640     0.1366  28.473396     6.7594     6.7793     1.0268    86.1032 5.0838e-01  -64.78200  -63.03338 348.192393      99.96 0.0000e+00   1362.763      32707  1027.4036  1027.4017    34.0974    34.0952    8.03214         41 0.0000e+00
      6.000      5.941     0.1418  28.474848     0.1418  28.473040     6.7670     6.8176     1.1776    85.4221 6.1138e-01  -64.78200  -63.03338 348.192427      99.97 0.0000e+00   1365.697      32778  1027.3940  1027.3922    34.0920    34.0896    8.03150         36 0.0000e+00
      5.000      4.951     0.1407  28.473694     0.1500  28.471140     6.8479     6.8736     1.3512    84.9326 7.4230e-01  -64.78200  -63.03338 348.192461      99.97 0.0000e+00   1368.606      32848  1027.3897  1027.3779    34.0923    34.0785    8.03171         42 0.0000e+00
      4.000      3.962     0.1536  28.468929     0.1530  28.467257     6.8109     6.8949     1.4477    84.4687 9.2426e-01  -64.78200  -63.03338 348.192497      99.96 0.0000e+00   1371.758      32923  1027.3679  1027.3668    34.0722    34.0706    8.03014         37 0.0000e+00
      3.000      2.970     0.1545  28.457898     0.1525  28.456275     7.3199     7.1851     1.7303    83.4172 1.1426e+00  -64.78200  -63.03338 348.192641      99.97 0.0000e+00   1384.175      33221  1027.3513  1027.3514    34.0573    34.0573    8.03080         40 0.0000e+00
      2.000      1.981     0.1503  28.463873     0.1497  28.462810     7.8973     8.4972     1.3807    83.7328 1.5472e+00  -64.78200  -63.03338 348.192705      99.97 0.0000e+00   1389.669      33353  1027.3576  1027.3570    34.0704    34.0697    8.03093         40 0.0000e+00
      1.000      0.991     0.1578  28.454438     0.1570  28.450925     7.6118     7.9135     1.3875    83.4509 3.7797e+00  -64.78200  -63.03338 348.192724      99.97 0.0000e+00   1391.315      33393  1027.3359  1027.3329    34.0502    34.0464    8.03050         35 0.0000e+00
