NBP2113_155081_ctd/data/nbp2113_050.cnv
* Sea-Bird SBE 9 Data File:
* FileName = D:\Data\raw\NBP2113_050.hex
* Software Version Seasave V 7.26.7.121
* Temperature SN = 2438
* Conductivity SN = 2067
* Number of Bytes Per Scan = 40
* Number of Voltage Words = 5
* Number of Scans Averaged by the Deck Unit = 1
* NMEA Latitude = 64 56.46 S
* NMEA Longitude = 064 42.01 W
* NMEA UTC (Time) = Dec 11 2021  13:44:32
* NMEA baud rate = 9600
** Ship: RVIB N.B. Palmer
** Cruise: NBP2113 LTER
** Station: 590.050
** Operator: B. Urmston
# nquan = 25
# nvalues = 785                         
# units = specified
# name 0 = prDM: Pressure, Digiquartz [db]
# name 1 = depSM: Depth [salt water, m]
# name 2 = t090C: Temperature [ITS-90, deg C]
# name 3 = c0mS/cm: Conductivity [mS/cm]
# name 4 = t190C: Temperature, 2 [ITS-90, deg C]
# name 5 = c1mS/cm: Conductivity, 2 [mS/cm]
# name 6 = sbeox0ML/L: Oxygen, SBE 43 [ml/l]
# name 7 = sbeox1ML/L: Oxygen, SBE 43, 2 [ml/l]
# name 8 = flECO-AFL: Fluorescence, WET Labs ECO-AFL/FL [mg/m^3]
# name 9 = CStarTr0: Beam Transmission, WET Labs C-Star [%]
# name 10 = par: PAR/Irradiance, Biospherical/Licor
# name 11 = latitude: Latitude [deg]
# name 12 = longitude: Longitude [deg]
# name 13 = timeJ: Julian Days
# name 14 = altM: Altimeter [m]
# name 15 = spar: SPAR, Biospherical/Licor
# name 16 = timeS: Time, Elapsed [seconds]
# name 17 = scan: Scan Count
# name 18 = density00: Density [density, kg/m^3]
# name 19 = density11: Density, 2 [density, kg/m^3]
# name 20 = sal00: Salinity, Practical [PSU]
# name 21 = sal11: Salinity, Practical, 2 [PSU]
# name 22 = oxsolML/L: Oxygen Saturation, Garcia & Gordon [ml/l]
# name 23 = nbin: number of scans per bin
# name 24 = flag: flag
# span 0 =      1.000,    395.000       
# span 1 =      0.989,    390.758       
# span 2 =    -1.0765,     1.3610       
# span 3 =  27.240222,  30.127988       
# span 4 =    -1.0824,     1.3607       
# span 5 =  27.232573,  30.126457       
# span 6 =     4.1804,     8.6449       
# span 7 =     4.2428,     8.5360       
# span 8 =    -0.0227,     1.3956       
# span 9 =    82.1989,    92.0056       
# span 10 = -5.919e-06, 1.0082e+03      
# span 11 =  -64.94108,  -64.94064      
# span 12 =  -64.70039,  -64.69981      
# span 13 = 345.575836, 345.593043      
# span 14 =       6.93,      99.99      
# span 15 = 9.3079e+02, 1.0489e+03      
# span 16 =    280.262,   1766.881      
# span 17 =       6727,      42406      
# span 18 =  1026.9964,  1029.6041      
# span 19 =  1026.9957,  1029.6027      
# span 20 =    33.5517,    34.6569      
# span 21 =    33.5445,    34.6553      
# span 22 =    7.75283,    8.31167      
# span 23 =         10,         47      
# span 24 = 0.0000e+00, 0.0000e+00      
# interval = decibars: 1                
# start_time = Dec 11 2021 13:44:32 [NMEA time, header]
# bad_flag = -9.990e-29
*END*
[from data line 464]
    321.000    317.609     1.2470  29.974210     1.2467  29.972966     4.3427     4.3841    -0.0103    91.9514 1.0000e-12  -64.94106  -64.70033 345.585401      76.08 9.8238e+02   1106.670      26561  1029.2433  1029.2423    34.6280    34.6267    7.77692         25 0.0000e+00
    320.000    316.619     1.2406  29.967778     1.2398  29.965706     4.3449     4.3923    -0.0069    91.9858 1.0000e-12  -64.94106  -64.70034 345.585412      76.46 9.8192e+02   1107.608      26584  1029.2388  1029.2374    34.6274    34.6256    7.77822         21 0.0000e+00
    319.000    315.630     1.2331  29.958688     1.2315  29.955775     4.3465     4.4008    -0.0073    91.9874 1.0000e-12  -64.94106  -64.70034 345.585422      77.20 9.8193e+02   1108.442      26604  1029.2327  1029.2313    34.6247    34.6227    7.77985         20 0.0000e+00
    318.000    314.643     1.2269  29.951878     1.2244  29.948204     4.3534     4.4062     0.0011    91.9887 1.0000e-12  -64.94106  -64.70034 345.585431      78.44 9.8193e+02   1109.274      26624  1029.2274  1029.2262    34.6233    34.6214    7.78114         20 0.0000e+00
    317.000    313.654     1.2194  29.943508     1.2158  29.938435     4.3702     4.4129    -0.0004    91.9630 1.0000e-12  -64.94106  -64.70034 345.585442      80.14 9.8284e+02   1110.160      26645  1029.2220  1029.2204    34.6215    34.6190    7.78274         23 0.0000e+00
    316.000    312.664     1.2122  29.935119     1.2097  29.931245     4.3771     4.4153    -0.0095    91.9639 1.0000e-12  -64.94106  -64.70034 345.585453      80.80 9.8368e+02   1111.110      26668  1029.2162  1029.2147    34.6193    34.6171    7.78428         23 0.0000e+00
    315.000    311.677     1.2056  29.927687     1.2043  29.924933     4.3798     4.4182    -0.0113    91.9617 1.0000e-12  -64.94106  -64.70034 345.585464      82.46 9.8369e+02   1112.095      26691  1029.2107  1029.2092    34.6177    34.6156    7.78568         24 0.0000e+00
    314.000    310.686     1.1977  29.918593     1.2003  29.919629     4.3801     4.4183    -0.0106    91.9648 1.0000e-12  -64.94106  -64.70034 345.585476      83.63 9.8369e+02   1113.117      26716  1029.2049  1029.2034    34.6153    34.6138    7.78737         25 0.0000e+00
    313.000    309.699     1.1983  29.918388     1.1998  29.918984     4.3702     4.4148    -0.0106    91.9702 1.0000e-12  -64.94106  -64.70033 345.585492      84.17 9.8360e+02   1114.544      26750  1029.1997  1029.1987    34.6150    34.6141    7.78728         38 0.0000e+00
    312.000    308.711     1.2202  29.942432     1.2199  29.940818     4.3733     4.4347    -0.0054    91.9609 1.0000e-12  -64.94106  -64.70032 345.585540      85.14 9.8179e+02   1118.697      26850  1029.1982  1029.1969    34.6221    34.6205    7.78254         31 0.0000e+00
    311.000    307.721     1.2041  29.925090     1.2027  29.922241     4.3994     4.4527    -0.0003    91.9617 1.0000e-12  -64.94106  -64.70034 345.585548      85.83 9.8256e+02   1119.389      26866  1029.1921  1029.1906    34.6183    34.6163    7.78594         17 0.0000e+00
    310.000    306.732     1.1881  29.907979     1.1884  29.907250     4.4151     4.4557    -0.0072    91.9617 1.0000e-12  -64.94106  -64.70036 345.585556      86.12 9.8370e+02   1120.027      26882  1029.1861  1029.1849    34.6147    34.6134    7.78932         14 0.0000e+00
    309.000    305.742     1.1761  29.894183     1.1772  29.894168     4.4213     4.4528    -0.0066    91.9617 1.0000e-12  -64.94106  -64.70036 345.585562      87.00 9.8369e+02   1120.599      26895  1029.1795  1029.1785    34.6109    34.6096    7.79191         13 0.0000e+00
    308.000    304.755     1.1714  29.887721     1.1701  29.885552     4.4199     4.4541    -0.0151    91.9617 1.0000e-12  -64.94106  -64.70036 345.585569      87.84 9.8369e+02   1121.152      26909  1029.1733  1029.1723    34.6084    34.6070    7.79298         14 0.0000e+00
    307.000    303.769     1.1675  29.883195     1.1674  29.882002     4.4144     4.4557    -0.0150    91.9348 1.0000e-12  -64.94106  -64.70037 345.585575      89.47 9.8369e+02   1121.714      26922  1029.1681  1029.1671    34.6074    34.6061    7.79380         14 0.0000e+00
    306.000    302.777     1.1656  29.880525     1.1654  29.879123     4.4099     4.4585    -0.0150    91.9325 1.0000e-12  -64.94106  -64.70038 345.585582      90.19 9.8369e+02   1122.310      26936  1029.1629  1029.1617    34.6067    34.6051    7.79422         15 0.0000e+00
    305.000    301.787     1.1711  29.884243     1.1686  29.881280     4.4058     4.4536    -0.0079    91.9279 1.0000e-12  -64.94106  -64.70036 345.585590      90.43 9.8369e+02   1123.020      26953  1029.1570  1029.1563    34.6061    34.6050    7.79317         19 0.0000e+00
    304.000    300.801     1.1748  29.889742     1.1715  29.884514     4.4009     4.4528    -0.0024    91.9172 1.0000e-12  -64.94106  -64.70034 345.585610      92.63 9.8298e+02   1124.739      26995  1029.1545  1029.1525    34.6096    34.6065    7.79225         34 0.0000e+00
    303.000    299.812     1.1798  29.894633     1.1763  29.889288     4.3970     4.4567    -0.0002    91.9375 1.0000e-12  -64.94106  -64.70030 345.585658      93.66 9.8177e+02   1128.882      27094  1029.1502  1029.1481    34.6108    34.6079    7.79117         28 0.0000e+00
    302.000    298.821     1.1757  29.889893     1.1746  29.887629     4.4097     4.4599    -0.0031    91.9277 1.0000e-12  -64.94106  -64.70033 345.585667      94.91 9.8370e+02   1129.592      27111  1029.1451  1029.1437    34.6099    34.6082    7.79205         19 0.0000e+00
    301.000    297.834     1.1688  29.882111     1.1687  29.880903     4.4181     4.4684    -0.0078    91.9346 1.0000e-12  -64.94106  -64.70034 345.585676      94.76 9.8369e+02   1130.369      27130  1029.1397  1029.1385    34.6082    34.6067    7.79351         18 0.0000e+00
    300.000    296.845     1.1629  29.875390     1.1642  29.875534     4.4295     4.4766    -0.0077    91.9359 1.0000e-12  -64.94106  -64.70036 345.585684      96.17 9.8369e+02   1131.134      27148  1029.1344  1029.1331    34.6067    34.6054    7.79477         20 0.0000e+00
    299.000    295.855     1.1543  29.865793     1.1589  29.869711     4.4332     4.4808    -0.0026    91.9325 1.0000e-12  -64.94106  -64.70036 345.585694      96.94 9.8369e+02   1131.989      27169  1029.1287  1029.1281    34.6045    34.6044    7.79660         22 0.0000e+00
    298.000    294.867     1.1514  29.861846     1.1507  29.859998     4.4315     4.4820     0.0048    91.9114 1.0000e-12  -64.94106  -64.70036 345.585705      98.59 9.8369e+02   1132.916      27191  1029.1231  1029.1219    34.6031    34.6015    7.79724         21 0.0000e+00
    297.000    293.879     1.1495  29.859498     1.1498  29.858596     4.4311     4.4827     0.0066    91.9339 1.0000e-12  -64.94106  -64.70036 345.585715      98.66 9.8369e+02   1133.809      27212  1029.1183  1029.1171    34.6028    34.6014    7.79764         21 0.0000e+00
    296.000    292.890     1.1475  29.856733     1.1475  29.855746     4.4299     4.4783    -0.0000    91.9140 1.0000e-12  -64.94106  -64.70035 345.585725      98.53 9.8369e+02   1134.663      27233  1029.1131  1029.1121    34.6021    34.6008    7.79808         21 0.0000e+00
    295.000    291.901     1.1474  29.856110     1.1473  29.854624     4.4283     4.4741    -0.0071    91.9104 1.0000e-12  -64.94106  -64.70034 345.585737      99.14 9.8289e+02   1135.653      27257  1029.1083  1029.1068    34.6020    34.6002    7.79811         29 0.0000e+00
    294.000    290.912     1.1523  29.860859     1.1533  29.860786     4.4214     4.4739    -0.0084    91.9174 1.0000e-12  -64.94106  -64.70034 345.585767      99.92 9.8199e+02   1138.245      27319  1029.1039  1029.1028    34.6032    34.6020    7.79706         32 0.0000e+00
    293.000    289.923     1.1520  29.860367     1.1518  29.859155     4.4327     4.4796     0.0001    91.9352 1.0000e-12  -64.94106  -64.70034 345.585792      99.97 9.8342e+02   1140.468      27372  1029.0993  1029.0983    34.6034    34.6021    7.79710         23 0.0000e+00
    292.000    288.935     1.1487  29.856558     1.1487  29.855245     4.4305     4.4844    -0.0004    91.9345 1.0000e-12  -64.94106  -64.70034 345.585802      99.97 9.8360e+02   1141.312      27392  1029.0945  1029.0932    34.6028    34.6012    7.79779         19 0.0000e+00
    291.000    287.947     1.1457  29.852831     1.1454  29.851409     4.4263     4.4824    -0.0004    91.8956 1.0000e-12  -64.94106  -64.70036 345.585811      99.97 9.8358e+02   1142.022      27410  1029.0894  1029.0881    34.6020    34.6004    7.79845         16 0.0000e+00
    290.000    286.956     1.1448  29.851268     1.1445  29.849929     4.4240     4.4789    -0.0068    91.9043 1.0000e-12  -64.94106  -64.70035 345.585818      99.97 9.8369e+02   1142.715      27426  1029.0844  1029.0832    34.6016    34.6002    7.79865         18 0.0000e+00
    289.000    285.968     1.1442  29.850269     1.1440  29.848936     4.4258     4.4829    -0.0141    91.9063 1.0000e-12  -64.94106  -64.70034 345.585828      99.97 9.8369e+02   1143.503      27445  1029.0796  1029.0785    34.6015    34.6000    7.79876         20 0.0000e+00
    288.000    284.979     1.1447  29.850261     1.1446  29.848930     4.4223     4.4866    -0.0078    91.8914 1.0000e-12  -64.94106  -64.70034 345.585839      99.97 9.8312e+02   1144.479      27469  1029.0749  1029.0736    34.6015    34.5999    7.79866         27 0.0000e+00
    287.000    283.993     1.1457  29.850936     1.1455  29.849516     4.4316     4.4832    -0.0048    91.8852 1.0000e-12  -64.94106  -64.70034 345.585854      99.97 9.8193e+02   1145.805      27500  1029.0703  1029.0690    34.6019    34.6002    7.79845         33 0.0000e+00
    286.000    283.002     1.1448  29.849584     1.1446  29.848172     4.4312     4.4859    -0.0007    91.9086 1.0000e-12  -64.94106  -64.70034 345.585874      99.97 9.8193e+02   1147.503      27541  1029.0655  1029.0643    34.6017    34.6002    7.79863         41 0.0000e+00
    285.000    282.013     1.1446  29.848915     1.1444  29.847541     4.4277     4.4898    -0.0079    91.8838 1.0000e-12  -64.94106  -64.70034 345.585893      99.97 9.8193e+02   1149.127      27580  1029.0607  1029.0596    34.6016    34.6002    7.79867         33 0.0000e+00
    284.000    281.026     1.1440  29.847788     1.1428  29.845474     4.4406     4.4980    -0.0015    91.8833 1.0000e-12  -64.94106  -64.70036 345.585906      99.97 9.8193e+02   1150.276      27608  1029.0559  1029.0547    34.6015    34.5998    7.79881         23 0.0000e+00
    283.000    280.034     1.1362  29.839943     1.1349  29.837207     4.4382     4.5008     0.0073    91.8832 1.0000e-12  -64.94106  -64.70036 345.585916      99.97 9.8193e+02   1151.169      27629  1029.0513  1029.0498    34.6006    34.5986    7.80040         21 0.0000e+00
    282.000    279.047     1.1299  29.831928     1.1293  29.830128     4.4333     4.5009    -0.0070    91.8819 1.0000e-12  -64.94106  -64.70036 345.585926      99.97 9.8193e+02   1152.000      27649  1029.0451  1029.0437    34.5979    34.5962    7.80181         20 0.0000e+00
    281.000    278.057     1.1288  29.830076     1.1279  29.828137     4.4403     4.4951    -0.0018    91.8646 1.0000e-12  -64.94106  -64.70035 345.585937      99.97 9.8145e+02   1152.920      27671  1029.0399  1029.0388    34.5973    34.5958    7.80207         25 0.0000e+00
    280.000    277.068     1.1307  29.831909     1.1296  29.829404     4.4429     4.4980    -0.0075    91.8700 1.0000e-12  -64.94106  -64.70034 345.585952      99.97 9.8021e+02   1154.221      27702  1029.0356  1029.0341    34.5981    34.5961    7.80163         38 0.0000e+00
    279.000    276.081     1.1290  29.829367     1.1299  29.829332     4.4420     4.4981    -0.0119    91.8617 1.0000e-12  -64.94106  -64.70034 345.585972      99.97 9.8016e+02   1155.938      27744  1029.0304  1029.0295    34.5974    34.5963    7.80202         37 0.0000e+00
    278.000    275.092     1.1270  29.827065     1.1287  29.827536     4.4484     4.5033    -0.0076    91.8577 1.0000e-12  -64.94106  -64.70034 345.585988      99.97 9.8016e+02   1157.340      27777  1029.0257  1029.0245    34.5972    34.5959    7.80243         29 0.0000e+00
    277.000    274.101     1.1258  29.825098     1.1257  29.824054     4.4414     4.5057    -0.0018    91.8500 1.0000e-12  -64.94106  -64.70034 345.586000      99.97 9.8016e+02   1158.416      27803  1029.0206  1029.0196    34.5965    34.5953    7.80270         24 0.0000e+00
    276.000    273.112     1.1247  29.823690     1.1244  29.822194     4.4469     4.5004    -0.0104    91.8576 1.0000e-12  -64.94106  -64.70036 345.586011      99.97 9.8016e+02   1159.365      27826  1029.0159  1029.0147    34.5966    34.5949    7.80292         22 0.0000e+00
    275.000    272.124     1.1242  29.822653     1.1240  29.821204     4.4528     4.5053    -0.0112    91.8648 1.0000e-12  -64.94106  -64.70038 345.586022      99.97 9.8016e+02   1160.320      27849  1029.0111  1029.0098    34.5963    34.5947    7.80303         25 0.0000e+00
    274.000    271.136     1.1242  29.822152     1.1248  29.821491     4.4506     4.5055    -0.0078    91.8667 1.0000e-12  -64.94106  -64.70038 345.586036      99.97 9.8016e+02   1161.495      27877  1029.0063  1029.0051    34.5963    34.5948    7.80303         32 0.0000e+00
    273.000    270.147     1.1241  29.821601     1.1234  29.819591     4.4459     4.5060    -0.0077    91.8617 1.0000e-12  -64.94106  -64.70038 345.586052      99.97 9.8016e+02   1162.893      27910  1029.0015  1029.0002    34.5962    34.5945    7.80305         32 0.0000e+00
    272.000    269.157     1.1225  29.819427     1.1225  29.818136     4.4455     4.5083    -0.0077    91.8803 1.0000e-12  -64.94106  -64.70036 345.586065      99.97 9.8016e+02   1164.018      27937  1028.9967  1028.9954    34.5959    34.5942    7.80340         22 0.0000e+00
    271.000    268.169     1.1218  29.818366     1.1216  29.816896     4.4485     4.5069    -0.0129    91.8580 1.0000e-12  -64.94106  -64.70035 345.586075      99.97 9.8016e+02   1164.864      27958  1028.9920  1028.9906    34.5958    34.5941    7.80353         19 0.0000e+00
    270.000    267.180     1.1209  29.816854     1.1205  29.815221     4.4506     4.5059    -0.0122    91.8806 1.0000e-12  -64.94106  -64.70034 345.586084      99.97 9.7858e+02   1165.661      27977  1028.9871  1028.9858    34.5955    34.5938    7.80374         21 0.0000e+00
    269.000    266.190     1.1210  29.816366     1.1204  29.814701     4.4565     4.5065    -0.0106    91.8808 1.0000e-12  -64.94106  -64.70034 345.586096      99.97 9.7841e+02   1166.656      28001  1028.9822  1028.9811    34.5954    34.5939    7.80372         29 0.0000e+00
    268.000    265.202     1.1220  29.817103     1.1213  29.815286     4.4440     4.5097    -0.0056    91.8730 1.0000e-12  -64.94106  -64.70035 345.586131      99.97 9.7840e+02   1169.757      28075  1028.9777  1028.9764    34.5957    34.5942    7.80350         37 0.0000e+00
    267.000    264.213     1.1214  29.815942     1.1209  29.814336     4.4478     4.5120    -0.0044    91.8559 1.0000e-12  -64.94106  -64.70036 345.586148      99.97 9.7840e+02   1171.222      28110  1028.9728  1028.9716    34.5955    34.5940    7.80363         22 0.0000e+00
    266.000    263.224     1.1200  29.814290     1.1199  29.812969     4.4554     4.5086    -0.0004    91.8732 1.0000e-12  -64.94106  -64.70038 345.586157      99.97 9.7675e+02   1171.981      28129  1028.9682  1028.9670    34.5955    34.5940    7.80391         16 0.0000e+00
    265.000    262.235     1.1175  29.811298     1.1174  29.810035     4.4536     4.5084    -0.0148    91.8759 1.0000e-12  -64.94106  -64.70038 345.586165      99.97 9.7664e+02   1172.637      28144  1028.9634  1028.9622    34.5950    34.5935    7.80443         15 0.0000e+00
