NBP2113_155081_ctd/data/nbp2113_018.ros
* Sea-Bird SBE 9 Data File:
* FileName = D:\Data\raw\NBP2113_018.hex
* Software Version Seasave V 7.26.7.121
* Temperature SN = 2438
* Conductivity SN = 2067
* Number of Bytes Per Scan = 40
* Number of Voltage Words = 5
* Number of Scans Averaged by the Deck Unit = 1
* NMEA Latitude = 65 50.87 S
* NMEA Longitude = 071 22.66 W
* NMEA UTC (Time) = Nov 28 2021  20:11:54
* NMEA baud rate = 9600
** Ship: RVIB N.B. Palmer
** Cruise: NBP2113 LTER
** Station: 300.200
** Operator: S. Blackman
# nquan = 20
# nvalues = 1144                                  
# units = specified
# name 0 = prDM: Pressure, Digiquartz [db]
# name 1 = depSM: Depth [salt water, m]
# name 2 = t090C: Temperature [ITS-90, deg C]
# name 3 = c0mS/cm: Conductivity [mS/cm]
# name 4 = t190C: Temperature, 2 [ITS-90, deg C]
# name 5 = c1mS/cm: Conductivity, 2 [mS/cm]
# name 6 = sbeox0ML/L: Oxygen, SBE 43 [ml/l]
# name 7 = sbeox1ML/L: Oxygen, SBE 43, 2 [ml/l]
# name 8 = flECO-AFL: Fluorescence, WET Labs ECO-AFL/FL [mg/m^3]
# name 9 = CStarTr0: Beam Transmission, WET Labs C-Star [%]
# name 10 = par: PAR/Irradiance, Biospherical/Licor
# name 11 = latitude: Latitude [deg]
# name 12 = longitude: Longitude [deg]
# name 13 = timeJ: Julian Days
# name 14 = altM: Altimeter [m]
# name 15 = spar: SPAR, Biospherical/Licor
# name 16 = timeS: Time, Elapsed [seconds]
# name 17 = scan: Scan Count
# name 18 = nbf: Bottles Fired
# name 19 = flag:  0.000e+00
# interval = seconds: 0.0416667
# start_time = Nov 28 2021 20:11:54 [NMEA time, header]
# bad_flag = -9.990e-29
*END*
[from data line 73]
   3100.713   3047.726     0.4575  30.495987     0.4585  30.496098     4.5921     4.6601    -0.0150    97.6266 1.0000e-12  -65.84780  -71.37822 332.889290       8.42 1.9921e+02   4120.625      98896          2  0.000e+00
   3100.698   3047.712     0.4577  30.496225     0.4585  30.496214     4.5973     4.6601    -0.0150    97.6266 1.0000e-12  -65.84780  -71.37822 332.889290       8.42 1.9921e+02   4120.667      98897          2  0.000e+00
   3100.655   3047.670     0.4577  30.496225     0.4581  30.496098     4.5993     4.6601    -0.0150    97.6266 1.0000e-12  -65.84780  -71.37822 332.889291       8.42 1.9921e+02   4120.708      98898          2  0.000e+00
   3100.597   3047.613     0.4577  30.496165     0.4581  30.495865     4.6013     4.6601    -0.0150    97.6266 1.0000e-12  -65.84780  -71.37822 332.889291       8.42 1.9921e+02   4120.750      98899          2  0.000e+00
   3100.597   3047.613     0.4578  30.496165     0.4585  30.496214     4.5896     4.6509    -0.0150    97.6008 1.0000e-12  -65.84780  -71.37824 332.889292       8.57 1.9921e+02   4120.792      98900          2  0.000e+00
   3100.539   3047.557     0.4577  30.496344     0.4583  30.496098     4.5946     4.6579    -0.0150    97.6266 1.0000e-12  -65.84780  -71.37824 332.889292       8.77 1.9921e+02   4120.833      98901          2  0.000e+00
   3100.589   3047.606     0.4577  30.495987     0.4581  30.496214     4.5965     4.6580    -0.0150    97.6266 1.0000e-12  -65.84780  -71.37824 332.889293       8.82 1.9921e+02   4120.875      98902          2  0.000e+00
   3100.481   3047.500     0.4575  30.495867     0.4581  30.495865     4.5948     4.6490    -0.0150    97.6008 1.0000e-12  -65.84780  -71.37824 332.889293       8.82 1.9921e+02   4120.917      98903          2  0.000e+00
   3100.481   3047.500     0.4573  30.495867     0.4584  30.495749     4.5929     4.6469    -0.0150    97.6008 1.0000e-12  -65.84780  -71.37824 332.889293       8.82 1.9921e+02   4120.958      98904          2  0.000e+00
   3100.481   3047.500     0.4575  30.496046     0.4581  30.495632     4.6046     4.6541    -0.0150    97.6266 1.0000e-12  -65.84780  -71.37824 332.889294       8.82 1.9921e+02   4121.000      98905          2  0.000e+00
   3100.430   3047.451     0.4575  30.495689     0.4581  30.496155     4.5994     4.6543    -0.0150    97.6266 1.0000e-12  -65.84780  -71.37824 332.889294       8.82 1.9921e+02   4121.042      98906          2  0.000e+00
   3100.416   3047.436     0.4577  30.495986     0.4583  30.495632     4.5907     4.6546    -0.0150    97.6008 1.0000e-12  -65.84780  -71.37824 332.889295       8.82 1.9921e+02   4121.083      98907          2  0.000e+00
   3100.430   3047.451     0.4574  30.495927     0.4580  30.495458     4.5852     4.6549    -0.0150    97.6266 1.0000e-12  -65.84780  -71.37824 332.889295       8.82 1.9921e+02   4121.125      98908          2  0.000e+00
   3100.372   3047.394     0.4573  30.496046     0.4580  30.495632     4.5934     4.6552    -0.0150    97.6266 1.0000e-12  -65.84780  -71.37824 332.889296       8.82 1.9921e+02   4121.167      98909          2  0.000e+00
   3100.314   3047.337     0.4575  30.495926     0.4581  30.495748     4.5885     4.6554    -0.0150    97.6266 1.0000e-12  -65.84780  -71.37824 332.889296       8.82 1.9921e+02   4121.208      98910          2  0.000e+00
   3100.365   3047.387     0.4575  30.495867     0.4580  30.495748     4.5869     4.6557    -0.0150    97.6008 1.0000e-12  -65.84780  -71.37824 332.889297       8.82 1.9921e+02   4121.250      98911          2  0.000e+00
   3100.314   3047.337     0.4577  30.495629     0.4580  30.495399     4.5919     4.6560    -0.0150    97.6266 1.0000e-12  -65.84780  -71.37824 332.889297       8.99 1.9921e+02   4121.292      98912          2  0.000e+00
   3100.314   3047.338     0.4578  30.495986     0.4580  30.495632     4.5938     4.6563    -0.0150    97.6266 1.0000e-12  -65.84780  -71.37824 332.889298       9.16 1.9921e+02   4121.333      98913          2  0.000e+00
   3100.256   3047.281     0.4577  30.495926     0.4581  30.495515     4.5956     4.6565    -0.0150    97.6266 1.0000e-12  -65.84780  -71.37824 332.889298       9.18 1.9921e+02   4121.375      98914          2  0.000e+00
   3100.256   3047.281     0.4577  30.495867     0.4578  30.495457     4.5874     4.6568    -0.0150    97.6266 1.0000e-12  -65.84780  -71.37824 332.889299       9.18 1.9921e+02   4121.417      98915          2  0.000e+00
   3100.307   3047.330     0.4578  30.495867     0.4580  30.495864     4.5925     4.6571    -0.0150    97.6266 1.0000e-12  -65.84780  -71.37824 332.889299       9.18 1.9921e+02   4121.458      98916          2  0.000e+00
   3100.206   3047.231     0.4577  30.495866     0.4578  30.495806     4.5943     4.6573    -0.0150    97.6266 1.0000e-12  -65.84780  -71.37824 332.889300       9.16 1.9921e+02   4121.500      98917          2  0.000e+00
   3100.256   3047.281     0.4577  30.495867     0.4578  30.495515     4.5861     4.6576    -0.0150    97.6266 1.0000e-12  -65.84780  -71.37824 332.889300       9.18 1.9921e+02   4121.542      98918          2  0.000e+00
   3100.206   3047.231     0.4578  30.496045     0.4583  30.495341     4.5810     4.6578    -0.0150    97.6266 1.0000e-12  -65.84780  -71.37824 332.889301       9.18 1.9921e+02   4121.583      98919          2  0.000e+00
   3100.191   3047.217     0.4578  30.495688     0.4580  30.495632     4.5897     4.6581    -0.0150    97.6266 1.0000e-12  -65.84780  -71.37824 332.889301       9.18 1.9921e+02   4121.625      98920          2  0.000e+00
   2031.032   2001.290     0.7981  30.381336     0.7978  30.380763     4.4847     4.5505    -0.0077    97.8583 1.0000e-12  -65.84774  -71.37842 332.904097      99.98 3.2437e+02   5400.000     129601          3  0.000e+00
   2030.954   2001.213     0.7983  30.381335     0.7979  30.380821     4.4835     4.5575    -0.0077    97.8583 1.0000e-12  -65.84774  -71.37842 332.904098      99.98 3.2437e+02   5400.042     129602          3  0.000e+00
   2031.089   2001.345     0.7983  30.381098     0.7978  30.380821     4.4825     4.5515    -0.0150    97.8583 1.0000e-12  -65.84774  -71.37842 332.904098      99.95 3.2437e+02   5400.083     129603          3  0.000e+00
   2030.954   2001.213     0.7981  30.381395     0.7979  30.380647     4.4894     4.5511    -0.0077    97.8583 1.0000e-12  -65.84774  -71.37842 332.904099      99.98 3.2437e+02   5400.125     129604          3  0.000e+00
   2031.089   2001.345     0.7981  30.381574     0.7978  30.380589     4.4851     4.5524    -0.0077    97.8583 1.0000e-12  -65.84774  -71.37842 332.904099      99.98 3.2437e+02   5400.167     129605          3  0.000e+00
   2031.004   2001.262     0.7983  30.381633     0.7979  30.380937     4.4864     4.5521    -0.0150    97.8583 1.0000e-12  -65.84774  -71.37842 332.904100     100.00 3.2437e+02   5400.208     129606          3  0.000e+00
   2030.983   2001.241     0.7981  30.381395     0.7979  30.380879     4.4854     4.5518    -0.0077    97.8583 1.0000e-12  -65.84774  -71.37842 332.904100      99.95 3.2437e+02   5400.250     129607          3  0.000e+00
   2031.061   2001.318     0.7981  30.381455     0.7979  30.380821     4.4925     4.5516    -0.0150    97.8583 1.0000e-12  -65.84774  -71.37842 332.904101      99.95 3.2437e+02   5400.292     129608          3  0.000e+00
   2030.983   2001.241     0.7983  30.381336     0.7978  30.380821     4.4857     4.5514    -0.0077    97.8583 1.0000e-12  -65.84774  -71.37842 332.904101      99.98 3.2437e+02   5400.333     129609          3  0.000e+00
   2031.004   2001.262     0.7981  30.381336     0.7981  30.380821     4.4846     4.5511    -0.0077    97.8583 1.0000e-12  -65.84774  -71.37842 332.904102      99.98 3.2437e+02   5400.375     129610          3  0.000e+00
   2030.983   2001.241     0.7980  30.381336     0.7979  30.380821     4.4916     4.5508    -0.0077    97.8583 1.0000e-12  -65.84774  -71.37842 332.904102     100.00 3.2437e+02   5400.417     129611          3  0.000e+00
   2031.004   2001.262     0.7981  30.381454     0.7978  30.380531     4.4847     4.5522    -0.0077    97.8583 1.0000e-12  -65.84774  -71.37842 332.904103      99.98 3.2437e+02   5400.458     129612          3  0.000e+00
   2030.983   2001.241     0.7983  30.381157     0.7979  30.380937     4.4835     4.5520    -0.0150    97.8583 1.0000e-12  -65.84774  -71.37842 332.904103      99.98 3.2437e+02   5400.500     129613          3  0.000e+00
   2030.954   2001.213     0.7983  30.381454     0.7981  30.380879     4.4823     4.5517    -0.0077    97.8583 1.0000e-12  -65.84774  -71.37842 332.904103      99.98 3.2437e+02   5400.542     129614          3  0.000e+00
   2030.926   2001.185     0.7983  30.381335     0.7981  30.380821     4.4891     4.5515    -0.0077    97.8583 1.0000e-12  -65.84774  -71.37842 332.904104      99.95 3.2437e+02   5400.583     129615          3  0.000e+00
   2030.954   2001.213     0.7983  30.381514     0.7981  30.380995     4.4847     4.5514    -0.0150    97.8583 1.0000e-12  -65.84774  -71.37842 332.904104      99.98 3.2437e+02   5400.625     129616          3  0.000e+00
   2030.869   2001.129     0.7983  30.381157     0.7981  30.380879     4.4835     4.5511    -0.0077    97.8583 1.0000e-12  -65.84774  -71.37842 332.904105      99.98 3.2437e+02   5400.667     129617          3  0.000e+00
   2030.954   2001.213     0.7981  30.381217     0.7982  30.380995     4.4824     4.5510    -0.0150    97.8326 1.0000e-12  -65.84774  -71.37842 332.904105     100.00 3.2437e+02   5400.708     129618          3  0.000e+00
   2030.897   2001.157     0.7984  30.381276     0.7978  30.381285     4.4891     4.5508    -0.0150    97.8583 1.0000e-12  -65.84774  -71.37842 332.904106      99.95 3.2437e+02   5400.750     129619          3  0.000e+00
   2030.869   2001.129     0.7981  30.381098     0.7984  30.380937     4.4822     4.5505    -0.0150    97.8583 1.0000e-12  -65.84774  -71.37842 332.904106      99.95 3.2437e+02   5400.792     129620          3  0.000e+00
   2030.840   2001.101     0.7983  30.381038     0.7982  30.380995     4.4834     4.5503    -0.0224    97.8583 1.0000e-12  -65.84774  -71.37842 332.904107      99.98 3.2437e+02   5400.833     129621          3  0.000e+00
   2030.819   2001.081     0.7983  30.381216     0.7984  30.380878     4.4902     4.5501    -0.0224    97.8583 1.0000e-12  -65.84774  -71.37842 332.904107      99.98 3.2437e+02   5400.875     129622          3  0.000e+00
   2030.841   2001.101     0.7986  30.381454     0.7987  30.380820     4.4857     4.5499    -0.0150    97.8583 1.0000e-12  -65.84774  -71.37842 332.904108     100.00 3.2437e+02   5400.917     129623          3  0.000e+00
   2030.762   2001.025     0.7984  30.381751     0.7985  30.380762     4.4869     4.5497    -0.0224    97.8583 1.0000e-12  -65.84774  -71.37842 332.904108      99.98 3.2437e+02   5400.958     129624          3  0.000e+00
   2030.791   2001.053     0.7986  30.381216     0.7989  30.380994     4.4858     4.5511    -0.0150    97.8583 1.0000e-12  -65.84774  -71.37842 332.904109      99.98 3.2437e+02   5401.000     129625          3  0.000e+00
   2030.705   2000.969     0.7986  30.381216     0.7984  30.380704     4.4847     4.5509    -0.0224    97.8583 1.0000e-12  -65.84774  -71.37842 332.904109      99.98 3.2437e+02   5401.042     129626          3  0.000e+00
   2030.677   2000.941     0.7986  30.381513     0.7982  30.380936     4.4861     4.5508    -0.0150    97.8583 1.0000e-12  -65.84774  -71.37842 332.904110      99.95 3.2437e+02   5401.083     129627          3  0.000e+00
   2030.705   2000.969     0.7984  30.381394     0.7982  30.381285     4.4876     4.5507    -0.0150    97.8583 1.0000e-12  -65.84774  -71.37842 332.904110      99.98 3.2437e+02   5401.125     129628          3  0.000e+00
   2030.627   2000.892     0.7984  30.381335     0.7983  30.380936     4.4866     4.5505    -0.0224    97.8583 1.0000e-12  -65.84774  -71.37842 332.904111      99.98 3.2437e+02   5401.167     129629          3  0.000e+00
   2030.656   2000.920     0.7984  30.381453     0.7982  30.380994     4.4938     4.5504    -0.0224    97.8583 1.0000e-12  -65.84774  -71.37842 332.904111      99.98 3.2437e+02   5401.208     129630          3  0.000e+00
   2030.570   2000.837     0.7983  30.381334     0.7982  30.381284     4.4976     4.5502    -0.0150    97.8583 1.0000e-12  -65.84774  -71.37842 332.904112      99.95 3.2437e+02   5401.250     129631          3  0.000e+00
   2030.599   2000.864     0.7986  30.381097     0.7984  30.381168     4.4909     4.5501    -0.0224    97.8583 1.0000e-12  -65.84774  -71.37842 332.904112      99.95 3.2437e+02   5401.292     129632          3  0.000e+00
   2030.514   2000.781     0.7984  30.381215     0.7984  30.380878     4.4819     4.5499    -0.0224    97.8583 1.0000e-12  -65.84774  -71.37842 332.904113      99.98 3.2437e+02   5401.333     129633          3  0.000e+00
   2030.492   2000.760     0.7983  30.381453     0.7983  30.380994     4.4971     4.5498    -0.0150    97.8583 1.0000e-12  -65.84774  -71.37842 332.904113      99.98 3.2437e+02   5401.375     129634          3  0.000e+00
   2030.514   2000.781     0.7981  30.381156     0.7985  30.380878     4.4906     4.5497    -0.0224    97.8583 1.0000e-12  -65.84774  -71.37842 332.904114      99.98 3.2437e+02   5401.417     129635          3  0.000e+00
   2030.435   2000.704     0.7984  30.381215     0.7982  30.380993     4.4897     4.5495    -0.0150    97.8326 1.0000e-12  -65.84774  -71.37842 332.904114      99.98 3.2437e+02   5401.458     129636          3  0.000e+00
   2030.407   2000.676     0.7984  30.380858     0.7984  30.380877     4.4943     4.5509    -0.0150    97.8583 1.0000e-12  -65.84774  -71.37842 332.904115      99.98 3.2437e+02   5401.500     129637          3  0.000e+00
   2030.378   2000.648     0.7983  30.381512     0.7982  30.380819     4.4956     4.5509    -0.0150    97.8583 1.0000e-12  -65.84774  -71.37842 332.904115      99.98 3.2437e+02   5401.542     129638          3  0.000e+00
   2030.357   2000.627     0.7984  30.381453     0.7985  30.380819     4.4967     4.5508    -0.0150    97.8583 1.0000e-12  -65.84774  -71.37842 332.904116      99.95 3.2437e+02   5401.583     129639          3  0.000e+00
   2030.329   2000.600     0.7984  30.381334     0.7981  30.380645     4.4898     4.5507    -0.0150    97.8583 1.0000e-12  -65.84774  -71.37842 332.904116      99.98 3.2437e+02   5401.625     129640          3  0.000e+00
   2030.243   2000.516     0.7984  30.381274     0.7982  30.380935     4.4965     4.5506    -0.0224    97.8583 1.0000e-12  -65.84774  -71.37842 332.904117      99.98 3.2437e+02   5401.667     129641          3  0.000e+00
   2030.272   2000.544     0.7986  30.381274     0.7981  30.380819     4.4975     4.5506    -0.0150    97.8583 1.0000e-12  -65.84774  -71.37842 332.904117      99.98 3.2437e+02   5401.708     129642          3  0.000e+00
   2030.194   2000.467     0.7984  30.381333     0.7984  30.380993     4.4903     4.5504    -0.0224    97.8583 1.0000e-12  -65.84774  -71.37842 332.904117      99.95 3.2437e+02   5401.750     129643          3  0.000e+00
   2030.165   2000.439     0.7986  30.381511     0.7984  30.380702     4.4888     4.5503    -0.0224    97.8326 1.0000e-12  -65.84774  -71.37842 332.904118      99.95 3.2437e+02   5401.792     129644          3  0.000e+00
   2030.137   2000.411     0.7986  30.381333     0.7982  30.380760     4.4953     4.5503    -0.0224    97.8583 1.0000e-12  -65.84774  -71.37842 332.904118      99.98 3.2437e+02   5401.833     129645          3  0.000e+00
   2030.108   2000.383     0.7988  30.381689     0.7981  30.380818     4.4985     4.5502    -0.0150    97.8583 1.0000e-12  -65.84774  -71.37842 332.904119      99.98 3.2437e+02   5401.875     129646          3  0.000e+00
