NBP2113_155081_ctd/data/nbp2113_029.ros
* Sea-Bird SBE 9 Data File:
* FileName = D:\Data\raw\NBP2113_029.hex
* Software Version Seasave V 7.26.7.121
* Temperature SN = 2438
* Conductivity SN = 2067
* Number of Bytes Per Scan = 40
* Number of Voltage Words = 5
* Number of Scans Averaged by the Deck Unit = 1
* NMEA Latitude = 66 51.18 S
* NMEA Longitude = 068 36.27 W
* NMEA UTC (Time) = Dec 05 2021  02:21:18
* NMEA baud rate = 9600
** Ship: RVIB N.B. Palmer
** Cruise: NBP2113 LTER
** Station: AS01
** Operator: S. Blackman
# nquan = 20
# nvalues = 343                                   
# units = specified
# name 0 = prDM: Pressure, Digiquartz [db]
# name 1 = depSM: Depth [salt water, m]
# name 2 = t090C: Temperature [ITS-90, deg C]
# name 3 = c0mS/cm: Conductivity [mS/cm]
# name 4 = t190C: Temperature, 2 [ITS-90, deg C]
# name 5 = c1mS/cm: Conductivity, 2 [mS/cm]
# name 6 = sbeox0ML/L: Oxygen, SBE 43 [ml/l]
# name 7 = sbeox1ML/L: Oxygen, SBE 43, 2 [ml/l]
# name 8 = flECO-AFL: Fluorescence, WET Labs ECO-AFL/FL [mg/m^3]
# name 9 = CStarTr0: Beam Transmission, WET Labs C-Star [%]
# name 10 = par: PAR/Irradiance, Biospherical/Licor
# name 11 = latitude: Latitude [deg]
# name 12 = longitude: Longitude [deg]
# name 13 = timeJ: Julian Days
# name 14 = altM: Altimeter [m]
# name 15 = spar: SPAR, Biospherical/Licor
# name 16 = timeS: Time, Elapsed [seconds]
# name 17 = scan: Scan Count
# name 18 = nbf: Bottles Fired
# name 19 = flag:  0.000e+00
# interval = seconds: 0.0416667
# start_time = Dec 05 2021 02:21:18 [NMEA time, header]
# bad_flag = -9.990e-29
*END*
[from data line 145]
    183.890    181.983     0.2770  28.885727     0.2762  28.885469     5.4110     5.4129     0.0509    94.9486 1.0000e-12  -66.85270  -68.60334 339.109464      51.48 8.8144e+00    979.708      23514          3  0.000e+00
    183.787    181.881     0.2772  28.885785     0.2767  28.885754     5.4061     5.4092     0.0509    94.9486 1.0000e-12  -66.85270  -68.60334 339.109465      51.50 8.8144e+00    979.750      23515          3  0.000e+00
    162.474    160.797    -0.4594  28.089579    -0.4647  28.081413     6.5605     6.5387     0.2121    95.3091 1.0000e-12  -66.85270  -68.60338 339.110331      69.23 7.0515e+00   1054.583      25311          4  0.000e+00
    162.474    160.797    -0.4617  28.090676    -0.4587  28.087048     6.5621     6.5397     0.2121    95.3091 1.0000e-12  -66.85270  -68.60338 339.110331      69.23 7.0515e+00   1054.625      25312          4  0.000e+00
    162.529    160.852    -0.4541  28.103487    -0.4544  28.092177     6.5627     6.5400     0.2121    95.3091 1.0000e-12  -66.85270  -68.60338 339.110332      69.23 7.0515e+00   1054.667      25313          4  0.000e+00
    162.529    160.852    -0.4346  28.120685    -0.4396  28.106662     6.5595     6.5380     0.2121    95.3091 1.0000e-12  -66.85270  -68.60338 339.110332      69.21 7.0515e+00   1054.708      25314          4  0.000e+00
    162.529    160.852    -0.4201  28.129286    -0.4239  28.121657     6.5572     6.5358     0.2121    95.3091 1.0000e-12  -66.85270  -68.60338 339.110333      69.21 7.0515e+00   1054.750      25315          4  0.000e+00
    162.556    160.879    -0.4269  28.121435    -0.4189  28.121487     6.5619     6.5370     0.2121    95.3091 1.0000e-12  -66.85270  -68.60336 339.110333      69.23 7.0515e+00   1054.792      25316          4  0.000e+00
    162.529    160.852    -0.4434  28.107006    -0.4331  28.107225     6.5669     6.5465     0.2194    95.3091 1.0000e-12  -66.85270  -68.60336 339.110334      69.23 7.0515e+00   1054.833      25317          4  0.000e+00
    162.632    160.954    -0.4506  28.098639    -0.4462  28.095953     6.5684     6.5511     0.2194    95.2834 1.0000e-12  -66.85270  -68.60336 339.110334      69.21 7.0515e+00   1054.875      25318          4  0.000e+00
    162.632    160.954    -0.4515  28.093503    -0.4499  28.093868     6.5743     6.5544     0.2121    95.3091 1.0000e-12  -66.85270  -68.60336 339.110335      69.21 7.0515e+00   1054.917      25319          4  0.000e+00
    162.632    160.954    -0.4586  28.086752    -0.4477  28.095953     6.5794     6.5555     0.2121    95.2834 1.0000e-12  -66.85270  -68.60336 339.110335      69.11 7.0515e+00   1054.958      25320          4  0.000e+00
    162.632    160.954    -0.4654  28.083348    -0.4447  28.099560     6.5825     6.5562     0.2121    95.3091 1.0000e-12  -66.85270  -68.60336 339.110336      68.47 7.0515e+00   1055.000      25321          4  0.000e+00
    162.680    161.001    -0.4647  28.081617    -0.4408  28.103675     6.5840     6.5568     0.2121    95.3091 1.0000e-12  -66.85270  -68.60336 339.110336      68.18 7.0515e+00   1055.042      25322          4  0.000e+00
    162.680    161.001    -0.4710  28.077983    -0.4401  28.102547     6.5983     6.5636     0.2121    95.3091 1.0000e-12  -66.85270  -68.60336 339.110337      68.16 7.0515e+00   1055.083      25323          4  0.000e+00
    162.680    161.001    -0.4735  28.078733    -0.4508  28.091951     6.5964     6.5679     0.2121    95.3091 1.0000e-12  -66.85270  -68.60336 339.110337      68.18 7.0515e+00   1055.125      25324          4  0.000e+00
    162.728    161.049    -0.4651  28.083926    -0.4650  28.078258     6.5981     6.5728     0.2121    95.3091 1.0000e-12  -66.85270  -68.60336 339.110338      68.18 7.0515e+00   1055.167      25325          4  0.000e+00
    162.728    161.049    -0.4619  28.085252    -0.4787  28.066145     6.5991     6.5773     0.2121    95.3349 1.0000e-12  -66.85270  -68.60336 339.110338      68.18 7.0515e+00   1055.208      25326          4  0.000e+00
    162.728    161.049    -0.4653  28.079598    -0.4859  28.059554     6.6072     6.5804     0.2121    95.3349 1.0000e-12  -66.85270  -68.60336 339.110339      68.18 7.0515e+00   1055.250      25327          4  0.000e+00
    162.728    161.049    -0.4746  28.071118    -0.4870  28.057695     6.6128     6.5821     0.2121    95.3349 1.0000e-12  -66.85270  -68.60336 339.110339      68.21 7.0515e+00   1055.292      25328          4  0.000e+00
    162.831    161.150    -0.4789  28.068292    -0.4890  28.056062     6.6112     6.5838     0.2121    95.3349 1.0000e-12  -66.85270  -68.60336 339.110340      68.18 7.0515e+00   1055.333      25329          4  0.000e+00
    162.728    161.049    -0.4750  28.069330    -0.4909  28.054484     6.6106     6.5908     0.2121    95.3349 1.0000e-12  -66.85270  -68.60336 339.110340      68.18 7.0515e+00   1055.375      25330          4  0.000e+00
    162.831    161.150    -0.4756  28.069388    -0.4919  28.053527     6.6225     6.5920     0.2121    95.3349 1.0000e-12  -66.85270  -68.60336 339.110340      68.16 7.0515e+00   1055.417      25331          4  0.000e+00
    162.831    161.150    -0.4764  28.067427    -0.4951  28.050316     6.6264     6.5942     0.2121    95.3349 1.0000e-12  -66.85270  -68.60336 339.110341      68.16 7.0515e+00   1055.458      25332          4  0.000e+00
    162.831    161.150    -0.4793  28.064024    -0.4976  28.048965     6.6303     6.6017     0.2047    95.3349 1.0000e-12  -66.85270  -68.60336 339.110341      68.03 7.0515e+00   1055.500      25333          4  0.000e+00
    162.886    161.205    -0.4848  28.058948    -0.4942  28.050204     6.6329     6.6032     0.1901    95.3349 1.0000e-12  -66.85270  -68.60336 339.110342      67.99 7.0515e+00   1055.542      25334          4  0.000e+00
    162.831    161.150    -0.4931  28.053066    -0.4967  28.047500     6.6413     6.6056     0.1901    95.3349 1.0000e-12  -66.85270  -68.60336 339.110342      67.99 7.0515e+00   1055.583      25335          4  0.000e+00
    162.831    161.150    -0.4998  28.046722    -0.5002  28.043276     6.6445     6.6080     0.1901    95.3349 1.0000e-12  -66.85270  -68.60336 339.110343      67.99 7.0515e+00   1055.625      25336          4  0.000e+00
    162.961    161.280    -0.5031  28.041071    -0.5001  28.045980     6.6468     6.6093     0.1901    95.3349 1.0000e-12  -66.85270  -68.60336 339.110343      67.99 7.0515e+00   1055.667      25337          4  0.000e+00
    162.886    161.205    -0.5009  28.039802    -0.4928  28.053414     6.6486     6.6088     0.1901    95.3349 1.0000e-12  -66.85270  -68.60336 339.110344      67.99 7.0515e+00   1055.708      25338          4  0.000e+00
    162.934    161.252    -0.5044  28.038188    -0.4850  28.059892     6.6496     6.6137     0.1901    95.3349 1.0000e-12  -66.85270  -68.60336 339.110344      67.99 7.0515e+00   1055.750      25339          4  0.000e+00
    162.934    161.252    -0.5062  28.037669    -0.4811  28.060455     6.6570     6.6091     0.1901    95.3349 1.0000e-12  -66.85268  -68.60336 339.110345      67.99 7.0515e+00   1055.792      25340          4  0.000e+00
    162.989    161.307    -0.5066  28.038650    -0.4841  28.054372     6.6532     6.6160     0.1901    95.3349 1.0000e-12  -66.85268  -68.60336 339.110345      67.99 7.0515e+00   1055.833      25341          4  0.000e+00
    162.934    161.252    -0.5030  28.041187    -0.4924  28.047162     6.6525     6.6188     0.1901    95.3349 1.0000e-12  -66.85268  -68.60336 339.110346      67.99 7.0515e+00   1055.875      25342          4  0.000e+00
    162.989    161.307    -0.5015  28.041706    -0.4964  28.044966     6.6580     6.6205     0.1901    95.3349 1.0000e-12  -66.85268  -68.60336 339.110346      67.96 7.0515e+00   1055.917      25343          4  0.000e+00
    162.989    161.307    -0.5027  28.040264    -0.4944  28.047444     6.6588     6.6271     0.1901    95.3349 1.0000e-12  -66.85268  -68.60336 339.110347      68.01 7.0515e+00   1055.958      25344          4  0.000e+00
    162.989    161.307    -0.5041  28.040207    -0.4930  28.050880     6.6606     6.6223     0.1901    95.3091 1.0000e-12  -66.85268  -68.60336 339.110347      68.35 7.0515e+00   1056.000      25345          4  0.000e+00
    163.037    161.354    -0.5024  28.041129    -0.4888  28.056062     6.6554     6.6214     0.1901    95.3091 1.0000e-12  -66.85268  -68.60336 339.110348      68.52 7.0515e+00   1056.042      25346          4  0.000e+00
    162.989    161.307    -0.5004  28.041417    -0.4832  28.060230     6.6647     6.6255     0.1901    95.3091 1.0000e-12  -66.85268  -68.60336 339.110348      68.52 7.0515e+00   1056.083      25347          4  0.000e+00
    163.037    161.354    -0.5009  28.041244    -0.4775  28.061582     6.6604     6.6250     0.1901    95.3091 1.0000e-12  -66.85268  -68.60336 339.110349      68.52 7.0515e+00   1056.125      25348          4  0.000e+00
    163.037    161.354    -0.5015  28.041129    -0.4799  28.057582     6.6601     6.6257     0.1901    95.3091 1.0000e-12  -66.85268  -68.60336 339.110349      68.52 7.0515e+00   1056.167      25349          4  0.000e+00
    163.037    161.354    -0.5023  28.041129    -0.4875  28.052231     6.6533     6.6270     0.1901    95.3091 1.0000e-12  -66.85268  -68.60336 339.110350      68.50 7.0515e+00   1056.208      25350          4  0.000e+00
    163.085    161.402    -0.5028  28.041302    -0.4932  28.046768     6.6567     6.6277     0.1901    95.3091 1.0000e-12  -66.85268  -68.60336 339.110350      68.50 7.0515e+00   1056.250      25351          4  0.000e+00
    163.037    161.354    -0.4998  28.043147    -0.5004  28.040235     6.6558     6.6293     0.1901    95.3091 1.0000e-12  -66.85268  -68.60336 339.110351      68.50 7.0515e+00   1056.292      25352          4  0.000e+00
    163.085    161.402    -0.4959  28.044243    -0.5074  28.036350     6.6544     6.6306     0.1901    95.3091 1.0000e-12  -66.85268  -68.60336 339.110351      68.50 7.0515e+00   1056.333      25353          4  0.000e+00
    163.064    161.381    -0.4988  28.043147    -0.5079  28.037025     6.6538     6.6302     0.1901    95.3091 1.0000e-12  -66.85268  -68.60336 339.110352      68.50 7.0515e+00   1056.375      25354          4  0.000e+00
    163.085    161.402    -0.5035  28.042513    -0.5059  28.042657     6.6576     6.6289     0.1901    95.3091 1.0000e-12  -66.85268  -68.60336 339.110352      68.50 7.0515e+00   1056.417      25355          4  0.000e+00
    163.085    161.402    -0.5015  28.047646    -0.4987  28.048064     6.6504     6.6265     0.1901    95.3091 1.0000e-12  -66.85268  -68.60336 339.110353      68.33 7.0515e+00   1056.458      25356          4  0.000e+00
    163.037    161.354    -0.4964  28.060103    -0.5001  28.045924     6.6463     6.6312     0.1901    95.3091 1.0000e-12  -66.85268  -68.60336 339.110353      67.84 7.0515e+00   1056.500      25357          4  0.000e+00
    163.140    161.456    -0.4806  28.068812    -0.5051  28.039898     6.6345     6.6318     0.1901    95.3091 1.0000e-12  -66.85268  -68.60336 339.110353      67.67 7.0515e+00   1056.542      25358          4  0.000e+00
    163.037    161.354    -0.4675  28.069965    -0.5091  28.037476     6.6395     6.6326     0.2194    95.3091 1.0000e-12  -66.85268  -68.60336 339.110354      67.69 7.0515e+00   1056.583      25359          4  0.000e+00
    121.412    120.171    -0.7432  27.682052    -0.7422  27.681944     7.8322     7.8767     0.5930    93.3006 1.0000e-12  -66.85270  -68.60330 339.111307      99.93 7.0515e+00   1138.917      27335          5  0.000e+00
    121.460    120.219    -0.7430  27.681938    -0.7425  27.682000     7.8366     7.8766     0.5930    93.3264 1.0000e-12  -66.85270  -68.60330 339.111307      99.95 7.0515e+00   1138.958      27336          5  0.000e+00
    121.412    120.171    -0.7433  27.681708    -0.7427  27.681776     7.8380     7.8763     0.5930    93.3006 1.0000e-12  -66.85270  -68.60330 339.111308      99.98 7.0515e+00   1139.000      27337          5  0.000e+00
    121.460    120.219    -0.7437  27.681249    -0.7430  27.681496     7.8379     7.8761     0.5930    93.3006 1.0000e-12  -66.85270  -68.60330 339.111308      99.98 7.0515e+00   1139.042      27338          5  0.000e+00
    121.412    120.171    -0.7440  27.681134    -0.7433  27.681271     7.8317     7.8700     0.6003    93.3006 1.0000e-12  -66.85270  -68.60330 339.111309      99.98 7.0515e+00   1139.083      27339          5  0.000e+00
    121.412    120.171    -0.7442  27.680675    -0.7430  27.680991     7.8361     7.8695     0.6003    93.3006 1.0000e-12  -66.85270  -68.60330 339.111309      99.98 7.0515e+00   1139.125      27340          5  0.000e+00
    121.460    120.219    -0.7446  27.680159    -0.7433  27.680543     7.8300     7.8739     0.6003    93.3006 1.0000e-12  -66.85270  -68.60330 339.111310      99.98 7.0515e+00   1139.167      27341          5  0.000e+00
    121.460    120.219    -0.7449  27.679872    -0.7439  27.680263     7.8284     7.8744     0.5930    93.3006 1.0000e-12  -66.85270  -68.60330 339.111310      99.95 7.0515e+00   1139.208      27342          5  0.000e+00
    121.460    120.219    -0.7451  27.679585    -0.7440  27.680151     7.8207     7.8748     0.5930    93.3006 1.0000e-12  -66.85270  -68.60330 339.111311      99.95 7.0515e+00   1139.250      27343          5  0.000e+00
    121.460    120.219    -0.7452  27.679527    -0.7436  27.680487     7.8222     7.8750     0.6003    93.3006 1.0000e-12  -66.85270  -68.60330 339.111311      99.98 7.0515e+00   1139.292      27344          5  0.000e+00
    121.515    120.273    -0.7449  27.680102    -0.7435  27.680823     7.8219     7.8752     0.5930    93.3264 1.0000e-12  -66.85270  -68.60330 339.111312      99.98 7.0515e+00   1139.333      27345          5  0.000e+00
    121.412    120.171    -0.7443  27.680675    -0.7434  27.680711     7.8200     7.8754     0.6003    93.3264 1.0000e-12  -66.85270  -68.60330 339.111312      99.98 7.0515e+00   1139.375      27346          5  0.000e+00
    121.515    120.273    -0.7440  27.680618    -0.7431  27.681216     7.8184     7.8746     0.5930    93.3521 1.0000e-12  -66.85270  -68.60330 339.111313      99.95 7.0515e+00   1139.417      27347          5  0.000e+00
    121.467    120.226    -0.7446  27.680159    -0.7430  27.681440     7.8288     7.8737     0.6003    93.3521 1.0000e-12  -66.85270  -68.60330 339.111313      99.95 7.0515e+00   1139.458      27348          5  0.000e+00
    121.515    120.273    -0.7448  27.680044    -0.7428  27.681440     7.8314     7.8738     0.6003    93.3521 1.0000e-12  -66.85270  -68.60330 339.111314      99.98 7.0515e+00   1139.500      27349          5  0.000e+00
    121.515    120.273    -0.7443  27.681249    -0.7431  27.681272     7.8323     7.8729     0.5930    93.3521 1.0000e-12  -66.85270  -68.60330 339.111314      99.98 7.0515e+00   1139.542      27350          5  0.000e+00
    121.515    120.273    -0.7433  27.682168    -0.7428  27.681552     7.8269     7.8727     0.5930    93.3521 1.0000e-12  -66.85270  -68.60330 339.111315      99.98 7.0515e+00   1139.583      27351          5  0.000e+00
    121.515    120.273    -0.7429  27.682799    -0.7428  27.681496     7.8322     7.8736     0.6003    93.3521 1.0000e-12  -66.85270  -68.60330 339.111315      99.98 7.0515e+00   1139.625      27352          5  0.000e+00
    121.563    120.321    -0.7426  27.683143    -0.7433  27.681048     7.8329     7.8736     0.6003    93.3521 1.0000e-12  -66.85270  -68.60330 339.111316      99.98 7.0515e+00   1139.667      27353          5  0.000e+00
    121.515    120.273    -0.7424  27.682799    -0.7438  27.680711     7.8274     7.8735     0.5930    93.3521 1.0000e-12  -66.85270  -68.60330 339.111316      99.98 7.0515e+00   1139.708      27354          5  0.000e+00
    121.618    120.375    -0.7426  27.682856    -0.7438  27.680655     7.8267     7.8735     0.6003    93.3521 1.0000e-12  -66.85270  -68.60330 339.111317      99.95 7.0515e+00   1139.750      27355          5  0.000e+00
