NBP2113_155081_ctd/data/nbp2113_004.cnv
* Sea-Bird SBE 9 Data File:
* FileName = D:\Data\raw\NBP2113_004.hex
* Software Version Seasave V 7.26.7.121
* Temperature SN = 2438
* Conductivity SN = 2067
* Number of Bytes Per Scan = 40
* Number of Voltage Words = 5
* Number of Scans Averaged by the Deck Unit = 1
* NMEA Latitude = 63 46.12 S
* NMEA Longitude = 062 51.59 W
* NMEA UTC (Time) = Nov 23 2021  06:30:17
* NMEA baud rate = 9600
** Ship: RVIB N.B. Palmer
** Cruise: NBP2113 LTER
** Station: 747.068
** Operator: B. Urmston
# nquan = 25
# nvalues = 735                         
# units = specified
# name 0 = prDM: Pressure, Digiquartz [db]
# name 1 = depSM: Depth [salt water, m]
# name 2 = t090C: Temperature [ITS-90, deg C]
# name 3 = c0mS/cm: Conductivity [mS/cm]
# name 4 = t190C: Temperature, 2 [ITS-90, deg C]
# name 5 = c1mS/cm: Conductivity, 2 [mS/cm]
# name 6 = sbeox0ML/L: Oxygen, SBE 43 [ml/l]
# name 7 = sbeox1ML/L: Oxygen, SBE 43, 2 [ml/l]
# name 8 = flECO-AFL: Fluorescence, WET Labs ECO-AFL/FL [mg/m^3]
# name 9 = CStarTr0: Beam Transmission, WET Labs C-Star [%]
# name 10 = par: PAR/Irradiance, Biospherical/Licor
# name 11 = latitude: Latitude [deg]
# name 12 = longitude: Longitude [deg]
# name 13 = timeJ: Julian Days
# name 14 = altM: Altimeter [m]
# name 15 = spar: SPAR, Biospherical/Licor
# name 16 = timeS: Time, Elapsed [seconds]
# name 17 = scan: Scan Count
# name 18 = density00: Density [density, kg/m^3]
# name 19 = density11: Density, 2 [density, kg/m^3]
# name 20 = sal00: Salinity, Practical [PSU]
# name 21 = sal11: Salinity, Practical, 2 [PSU]
# name 22 = oxsolML/L: Oxygen Saturation, Garcia & Gordon [ml/l]
# name 23 = nbin: number of scans per bin
# name 24 = flag: flag
# span 0 =      1.000,    370.000       
# span 1 =      0.991,    366.079       
# span 2 =    -0.7666,     1.5853       
# span 3 =  27.711966,  30.328580       
# span 4 =    -0.7657,     1.5853       
# span 5 =  27.710750,  30.327320       
# span 6 =     4.1580,    10.2392       
# span 7 =     4.1428,    10.0637       
# span 8 =    -0.0226,     1.6032       
# span 9 =    91.2574,    99.5002       
# span 10 = 1.0000e-12, 4.7478e+01      
# span 11 =  -63.76816,  -63.76768      
# span 12 =  -62.86104,  -62.86021      
# span 13 = 327.274866, 327.296999      
# span 14 =       5.50,     100.73      
# span 15 = 8.8144e+00, 3.4837e+01      
# span 16 =    331.414,   2243.714      
# span 17 =       7955,      53850      
# span 18 =  1027.2892,  1029.4992      
# span 19 =  1027.2860,  1029.4979      
# span 20 =    33.9501,    34.6944      
# span 21 =    33.9463,    34.6929      
# span 22 =    7.70742,    8.22704      
# span 23 =         13,         50      
# span 24 = 0.0000e+00, 0.0000e+00      
# interval = decibars: 1                
# start_time = Nov 23 2021 06:30:17 [NMEA time, header]
# bad_flag = -9.990e-29
*END*
[from data line 174]
    179.000    177.186     0.8556  29.501284     0.8558  29.500218     4.9486     4.9030    -0.0004    99.2144 1.0000e-12  -63.76792  -62.86064 327.280844      99.98 1.7629e+01    847.898      20351  1028.5287  1028.5274    34.5364    34.5348    7.86015         18 0.0000e+00
    180.000    178.171     0.8630  29.509352     0.8627  29.508019     4.9315     4.8913    -0.0060    99.2200 1.0000e-12  -63.76792  -62.86064 327.280852      99.99 1.7629e+01    848.625      20368  1028.5341  1028.5330    34.5381    34.5367    7.85858         16 0.0000e+00
    181.000    179.165     0.8670  29.513769     0.8669  29.512300     4.9233     4.8857    -0.0082    99.2231 1.0000e-12  -63.76792  -62.86064 327.280860      99.98 1.7629e+01    849.299      20384  1028.5391  1028.5376    34.5387    34.5369    7.85773         17 0.0000e+00
    182.000    180.153     0.8790  29.527134     0.8781  29.525261     4.9139     4.8770    -0.0085    99.2245 1.0000e-12  -63.76792  -62.86064 327.280868      99.98 1.7629e+01    850.035      20402  1028.5455  1028.5444    34.5422    34.5407    7.85514         19 0.0000e+00
    183.000    181.142     0.8902  29.540837     0.8898  29.539080     4.9047     4.8683    -0.0035    99.2231 1.0000e-12  -63.76792  -62.86064 327.280879      99.98 1.7629e+01    850.927      20423  1028.5530  1028.5516    34.5468    34.5450    7.85262         25 0.0000e+00
    184.000    182.131     0.9030  29.553607     0.9024  29.552234     4.9029     4.8605    -0.0064    99.2231 1.0000e-12  -63.76792  -62.86064 327.280894      99.98 1.7629e+01    852.202      20454  1028.5581  1028.5573    34.5485    34.5474    7.84994         37 0.0000e+00
    185.000    183.121     0.9108  29.562007     0.9103  29.561058     4.8911     4.8554    -0.0084    99.2323 1.0000e-12  -63.76792  -62.86065 327.280915      99.98 1.7629e+01    854.030      20498  1028.5637  1028.5632    34.5501    34.5494    7.84829         39 0.0000e+00
    186.000    184.110     0.9158  29.567674     0.9157  29.566729     4.8902     4.8434    -0.0032    99.2382 1.0000e-12  -63.76792  -62.86066 327.280935      99.98 1.7629e+01    855.757      20539  1028.5692  1028.5682    34.5513    34.5502    7.84722         34 0.0000e+00
    187.000    185.099     0.9223  29.575098     0.9219  29.573259     4.8821     4.8372    -0.0083    99.2450 1.0000e-12  -63.76792  -62.86065 327.280950      99.99 1.7629e+01    857.042      20570  1028.5749  1028.5734    34.5531    34.5512    7.84581         26 0.0000e+00
    188.000    186.088     0.9302  29.583131     0.9292  29.580895     4.8705     4.8281    -0.0077    99.2477 1.0000e-12  -63.76792  -62.86064 327.280961      99.99 1.7629e+01    858.028      20594  1028.5798  1028.5785    34.5541    34.5523    7.84417         22 0.0000e+00
    189.000    187.078     0.9308  29.584208     0.9320  29.584083     4.8551     4.8196    -0.0004    99.2420 1.0000e-12  -63.76792  -62.86064 327.280971      99.98 1.7629e+01    858.873      20614  1028.5848  1028.5834    34.5542    34.5528    7.84404         19 0.0000e+00
    190.000    188.067     0.9403  29.594299     0.9381  29.590949     4.8351     4.8114    -0.0004    99.2449 1.0000e-12  -63.76792  -62.86064 327.280980      99.98 1.7629e+01    859.687      20633  1028.5901  1028.5888    34.5561    34.5542    7.84202         20 0.0000e+00
    191.000    189.058     0.9501  29.604284     0.9498  29.602599     4.8378     4.8020    -0.0058    99.2367 1.0000e-12  -63.76792  -62.86064 327.280991      99.98 1.7629e+01    860.595      20655  1028.5952  1028.5938    34.5575    34.5557    7.83998         25 0.0000e+00
    192.000    190.046     0.9596  29.613404     0.9599  29.612994     4.8391     4.7964    -0.0036    99.2327 1.0000e-12  -63.76792  -62.86065 327.281006      99.98 1.8175e+01    861.950      20688  1028.5997  1028.5990    34.5581    34.5573    7.83803         38 0.0000e+00
    193.000    191.036     0.9680  29.622406     0.9678  29.621624     4.7712     4.7423    -0.0039    99.2374 1.0000e-12  -63.76792  -62.86064 327.281035      99.98 1.9415e+01    864.424      20747  1028.6054  1028.6048    34.5599    34.5591    7.83626         38 0.0000e+00
    194.000    192.025     1.0070  29.662631     1.0071  29.661034     4.7460     4.7205    -0.0143    99.2375 1.0000e-12  -63.76792  -62.86064 327.281051      99.99 1.9392e+01    865.808      20780  1028.6129  1028.6112    34.5678    34.5657    7.82799         25 0.0000e+00
    195.000    193.013     1.0334  29.688905     1.0333  29.687527     4.7260     4.7097    -0.0090    99.2415 1.0000e-12  -63.76792  -62.86063 327.281062      99.98 1.9392e+01    866.771      20803  1028.6186  1028.6173    34.5719    34.5702    7.82250         21 0.0000e+00
    196.000    194.004     1.0345  29.691678     1.0343  29.690289     4.7391     4.7054    -0.0081    99.2295 1.0000e-12  -63.76792  -62.86062 327.281072      99.99 1.9392e+01    867.606      20824  1028.6248  1028.6236    34.5736    34.5720    7.82218         20 0.0000e+00
    197.000    194.994     1.0412  29.699869     1.0412  29.698614     4.7296     4.7064    -0.0084    99.2231 1.0000e-12  -63.76792  -62.86062 327.281081      99.99 1.9392e+01    868.434      20843  1028.6312  1028.6299    34.5761    34.5745    7.82070         20 0.0000e+00
    198.000    195.982     1.0481  29.708227     1.0491  29.707787     4.7306     4.6981    -0.0041    99.1929 1.0000e-12  -63.76792  -62.86064 327.281092      99.98 1.9392e+01    869.380      20866  1028.6375  1028.6361    34.5787    34.5770    7.81919         26 0.0000e+00
    199.000    196.973     1.0551  29.715101     1.0552  29.714193     4.7306     4.6961     0.0021    99.2483 1.0000e-12  -63.76792  -62.86064 327.281109      99.98 1.9392e+01    870.817      20901  1028.6423  1028.6413    34.5791    34.5779    7.81776         33 0.0000e+00
    200.000    197.962     1.0614  29.721539     1.0592  29.718503     4.6686     4.6520    -0.0091    99.2235 1.0000e-12  -63.76792  -62.86065 327.281136      99.98 1.9392e+01    873.139      20956  1028.6475  1028.6466    34.5799    34.5784    7.81646         38 0.0000e+00
    201.000    198.949     1.1013  29.761318     1.1007  29.759340     4.6477     4.6316    -0.0154    99.2602 1.0000e-12  -63.76792  -62.86064 327.281151      99.98 1.9392e+01    874.434      20987  1028.6536  1028.6521    34.5862    34.5843    7.80814         22 0.0000e+00
    202.000    199.940     1.1111  29.770689     1.1113  29.769527     4.6376     4.6282    -0.0075    99.2515 1.0000e-12  -63.76792  -62.86064 327.281160      99.98 1.9392e+01    875.213      21006  1028.6581  1028.6567    34.5868    34.5852    7.80615         18 0.0000e+00
    203.000    200.931     1.1165  29.776479     1.1161  29.774958     4.6413     4.6263    -0.0077    99.2579 1.0000e-12  -63.76792  -62.86063 327.281168      99.98 1.9392e+01    875.919      21023  1028.6632  1028.6620    34.5877    34.5862    7.80504         17 0.0000e+00
    204.000    201.917     1.1203  29.780432     1.1207  29.779584     4.6483     4.6239    -0.0077    99.2488 1.0000e-12  -63.76792  -62.86062 327.281176      99.98 1.9392e+01    876.643      21040  1028.6680  1028.6666    34.5880    34.5864    7.80427         18 0.0000e+00
    205.000    202.909     1.1230  29.783510     1.1246  29.783798     4.6530     4.6229    -0.0077    99.2683 1.0000e-12  -63.76792  -62.86063 327.281187      99.98 1.9392e+01    877.579      21063  1028.6730  1028.6716    34.5884    34.5869    7.80370         29 0.0000e+00
    206.000    203.896     1.1249  29.785517     1.1272  29.786535     4.6557     4.6148    -0.0119    99.2567 1.0000e-12  -63.76792  -62.86064 327.281210      99.98 1.9392e+01    879.534      21110  1028.6777  1028.6766    34.5882    34.5870    7.80332         34 0.0000e+00
    207.000    204.885     1.1375  29.798108     1.1331  29.793015     4.5585     4.5353    -0.0073    99.2603 1.0000e-12  -63.76792  -62.86064 327.281245      99.98 1.9392e+01    882.534      21182  1028.6831  1028.6822    34.5898    34.5881    7.80072         37 0.0000e+00
    208.000    205.876     1.1771  29.836108     1.1760  29.833878     4.4980     4.4895    -0.0077    99.2500 1.0000e-12  -63.76792  -62.86064 327.281255      99.98 1.9392e+01    883.475      21204  1028.6875  1028.6863    34.5942    34.5925    7.79261         19 0.0000e+00
    209.000    206.863     1.1949  29.853610     1.1965  29.853891     4.4386     4.4579    -0.0077    99.2728 1.0000e-12  -63.76792  -62.86062 327.281264      99.98 1.9392e+01    884.181      21221  1028.6924  1028.6911    34.5963    34.5949    7.78896         16 0.0000e+00
    210.000    207.854     1.2287  29.887908     1.2294  29.887097     4.3925     4.4386    -0.0132    99.2628 1.0000e-12  -63.76792  -62.86062 327.281271      99.98 1.9392e+01    884.783      21236  1028.6986  1028.6971    34.6023    34.6005    7.78192         13 0.0000e+00
    211.000    208.845     1.2531  29.911245     1.2510  29.908186     4.3849     4.4295    -0.0150    99.2617 1.0000e-12  -63.76792  -62.86062 327.281277      99.98 1.9392e+01    885.356      21250  1028.7030  1028.7020    34.6046    34.6031    7.77696         14 0.0000e+00
    212.000    209.832     1.2825  29.940486     1.2824  29.939272     4.4157     4.4238    -0.0028    99.2460 1.0000e-12  -63.76792  -62.86062 327.281285      99.98 1.9392e+01    885.989      21265  1028.7085  1028.7074    34.6089    34.6075    7.77090         17 0.0000e+00
    213.000    210.823     1.2999  29.956760     1.3009  29.956863     4.4544     4.4265    -0.0091    99.2787 1.0000e-12  -63.76792  -62.86062 327.281297      99.98 1.9392e+01    887.063      21291  1028.7127  1028.7118    34.6099    34.6089    7.76741         29 0.0000e+00
    214.000    211.812     1.2991  29.956319     1.2934  29.950066     4.3947     4.3963    -0.0022    99.3320 1.0000e-12  -63.76792  -62.86064 327.281336      99.98 1.9392e+01    890.466      21372  1028.7187  1028.7180    34.6097    34.6080    7.76758         35 0.0000e+00
    215.000    212.800     1.3211  29.978609     1.3204  29.976994     4.3449     4.3511    -0.0110    99.3408 1.0000e-12  -63.76792  -62.86064 327.281355      99.98 1.9392e+01    892.056      21410  1028.7246  1028.7236    34.6133    34.6120    7.76304         25 0.0000e+00
    216.000    213.790     1.3563  30.013285     1.3537  30.009422     4.3191     4.3250    -0.0220    99.3341 1.0000e-12  -63.76792  -62.86063 327.281366      99.98 1.9392e+01    893.000      21433  1028.7299  1028.7284    34.6181    34.6160    7.75584         22 0.0000e+00
    217.000    214.777     1.3807  30.036400     1.3772  30.031931     4.2920     4.3024    -0.0002    99.3274 1.0000e-12  -63.76792  -62.86062 327.281375      99.98 1.9392e+01    893.841      21453  1028.7341  1028.7329    34.6201    34.6183    7.75093         19 0.0000e+00
    218.000    215.768     1.3927  30.049223     1.3932  30.048136     4.2648     4.2830    -0.0097    99.3417 1.0000e-12  -63.76792  -62.86061 327.281384      99.98 1.9392e+01    894.600      21471  1028.7398  1028.7383    34.6226    34.6207    7.74842         18 0.0000e+00
    219.000    216.757     1.4128  30.069362     1.4112  30.066322     4.2511     4.2706    -0.0132    99.3516 1.0000e-12  -63.76792  -62.86060 327.281393      99.98 1.9392e+01    895.321      21489  1028.7451  1028.7437    34.6255    34.6235    7.74430         17 0.0000e+00
    220.000    217.748     1.4423  30.098223     1.4404  30.095301     4.2560     4.2638    -0.0006    99.3629 1.0000e-12  -63.76792  -62.86062 327.281401      99.98 1.9392e+01    896.012      21505  1028.7501  1028.7489    34.6292    34.6275    7.73832         16 0.0000e+00
    221.000    218.736     1.4542  30.109889     1.4542  30.108576     4.2682     4.2686    -0.0092    99.3617 1.0000e-12  -63.76792  -62.86062 327.281409      99.98 1.9392e+01    896.774      21524  1028.7548  1028.7535    34.6303    34.6287    7.73591         21 0.0000e+00
    222.000    219.723     1.4504  30.106292     1.4550  30.109680     4.2808     4.2680    -0.0111    99.3875 1.0000e-12  -63.76792  -62.86063 327.281435      99.98 1.9392e+01    898.966      21576  1028.7601  1028.7590    34.6293    34.6286    7.73671         35 0.0000e+00
    223.000    220.713     1.4640  30.119941     1.4601  30.115303     4.2736     4.2489    -0.0115    99.4119 1.0000e-12  -63.76792  -62.86062 327.281473      99.98 1.9392e+01    902.313      21657  1028.7659  1028.7650    34.6311    34.6296    7.73395         25 0.0000e+00
    224.000    221.703     1.4781  30.134732     1.4781  30.133314     4.2681     4.2436    -0.0076    99.4186 1.0000e-12  -63.76792  -62.86060 327.281482      99.98 1.9392e+01    903.013      21673  1028.7714  1028.7701    34.6338    34.6321    7.73103         17 0.0000e+00
    225.000    222.692     1.4803  30.137463     1.4800  30.135969     4.2654     4.2404    -0.0077    99.4396 1.0000e-12  -63.76792  -62.86060 327.281489      99.98 1.9392e+01    903.674      21689  1028.7765  1028.7753    34.6343    34.6327    7.73058         15 0.0000e+00
    226.000    223.682     1.4790  30.137178     1.4789  30.135856     4.2712     4.2416    -0.0093    99.4272 1.0000e-12  -63.76792  -62.86060 327.281496      99.98 2.0990e+01    904.275      21704  1028.7819  1028.7807    34.6348    34.6332    7.73080         14 0.0000e+00
    227.000    224.672     1.4812  30.140371     1.4808  30.138654     4.2616     4.2408    -0.0150    99.4427 1.0000e-12  -63.76792  -62.86060 327.281503      99.98 2.1154e+01    904.872      21718  1028.7873  1028.7860    34.6358    34.6341    7.73031         15 0.0000e+00
    228.000    225.661     1.4867  30.146429     1.4868  30.145422     4.2628     4.2440    -0.0108    99.4397 1.0000e-12  -63.76792  -62.86060 327.281511      99.98 2.1155e+01    905.525      21734  1028.7925  1028.7913    34.6369    34.6355    7.72918         17 0.0000e+00
    229.000    226.650     1.4865  30.146916     1.4866  30.145628     4.2711     4.2460    -0.0111    99.4331 1.0000e-12  -63.76792  -62.86062 327.281521      99.98 2.1155e+01    906.441      21756  1028.7977  1028.7962    34.6372    34.6354    7.72921         30 0.0000e+00
    230.000    227.637     1.4819  30.142630     1.4837  30.142948     4.2810     4.2476    -0.0096    99.4505 1.0000e-12  -63.76794  -62.86063 327.281560      99.99 2.1155e+01    909.764      21835  1028.8027  1028.8012    34.6363    34.6347    7.73017         32 0.0000e+00
    231.000    228.627     1.4740  30.136368     1.4743  30.135493     4.3127     4.2652    -0.0077    99.4413 1.0000e-12  -63.76794  -62.86062 327.281579      99.98 2.1155e+01    911.386      21874  1028.8085  1028.8073    34.6364    34.6349    7.73170         23 0.0000e+00
    232.000    229.617     1.4726  30.136181     1.4730  30.135364     4.3282     4.2788    -0.0077    99.4466 1.0000e-12  -63.76794  -62.86062 327.281589      99.98 2.1155e+01    912.313      21897  1028.8140  1028.8128    34.6372    34.6357    7.73194         22 0.0000e+00
    233.000    230.606     1.4688  30.133216     1.4709  30.134145     4.3421     4.2934    -0.0077    99.4549 1.0000e-12  -63.76794  -62.86060 327.281600      99.99 2.1155e+01    913.236      21919  1028.8191  1028.8179    34.6370    34.6358    7.73270         22 0.0000e+00
    234.000    231.596     1.4548  30.120646     1.4504  30.115633     4.4330     4.3471    -0.0077    99.4548 1.0000e-12  -63.76794  -62.86060 327.281611      99.98 2.1155e+01    914.168      21941  1028.8243  1028.8236    34.6358    34.6343    7.73550         22 0.0000e+00
    235.000    232.584     1.4359  30.104398     1.4372  30.104596     4.5088     4.3971    -0.0077    99.4548 1.0000e-12  -63.76794  -62.86060 327.281621      99.98 2.1155e+01    915.023      21962  1028.8306  1028.8295    34.6354    34.6342    7.73924         19 0.0000e+00
