NBP2113_155081_ctd/data/nbp2113_059.cnv
* Sea-Bird SBE 9 Data File:
* FileName = D:\Data\raw\NBP2113_059.hex
* Software Version Seasave V 7.26.7.121
* Temperature SN = 2438
* Conductivity SN = 2067
* Number of Bytes Per Scan = 40
* Number of Voltage Words = 5
* Number of Scans Averaged by the Deck Unit = 1
* NMEA Latitude = 64 45.55 S
* NMEA Longitude = 063 08.87 W
* NMEA UTC (Time) = Dec 13 2021  21:27:01
* NMEA baud rate = 9600
** Ship: RVIB N.B. Palmer
** Cruise: NBP2113 LTER
** Station: 653.008
** Operator: S. Blackman
# nquan = 25
# nvalues = 264                         
# units = specified
# name 0 = prDM: Pressure, Digiquartz [db]
# name 1 = depSM: Depth [salt water, m]
# name 2 = t090C: Temperature [ITS-90, deg C]
# name 3 = c0mS/cm: Conductivity [mS/cm]
# name 4 = t190C: Temperature, 2 [ITS-90, deg C]
# name 5 = c1mS/cm: Conductivity, 2 [mS/cm]
# name 6 = sbeox0ML/L: Oxygen, SBE 43 [ml/l]
# name 7 = sbeox1ML/L: Oxygen, SBE 43, 2 [ml/l]
# name 8 = flECO-AFL: Fluorescence, WET Labs ECO-AFL/FL [mg/m^3]
# name 9 = CStarTr0: Beam Transmission, WET Labs C-Star [%]
# name 10 = par: PAR/Irradiance, Biospherical/Licor
# name 11 = latitude: Latitude [deg]
# name 12 = longitude: Longitude [deg]
# name 13 = timeJ: Julian Days
# name 14 = altM: Altimeter [m]
# name 15 = spar: SPAR, Biospherical/Licor
# name 16 = timeS: Time, Elapsed [seconds]
# name 17 = scan: Scan Count
# name 18 = density00: Density [density, kg/m^3]
# name 19 = density11: Density, 2 [density, kg/m^3]
# name 20 = sal00: Salinity, Practical [PSU]
# name 21 = sal11: Salinity, Practical, 2 [PSU]
# name 22 = oxsolML/L: Oxygen Saturation, Garcia & Gordon [ml/l]
# name 23 = nbin: number of scans per bin
# name 24 = flag: flag
# span 0 =      1.000,    134.000       
# span 1 =      0.990,    132.646       
# span 2 =    -0.2079,     0.5495       
# span 3 =  27.999031,  29.118359       
# span 4 =    -0.2076,     0.5508       
# span 5 =  27.997554,  29.118023       
# span 6 =     5.4528,     7.7340       
# span 7 =     5.5893,     7.6146       
# span 8 =     0.0724,     1.8711       
# span 9 =    85.1674,    90.6678       
# span 10 = 1.0000e-12, 7.4583e+02      
# span 11 =  -64.75944,  -64.75928      
# span 12 =  -63.14776,  -63.14768      
# span 13 = 347.903869, 347.911775      
# span 14 =      10.00,     100.89      
# span 15 = 4.8467e+02, 5.3592e+02      
# span 16 =    873.265,   1556.376      
# span 17 =      20959,      37354      
# span 18 =  1027.1913,  1028.2320      
# span 19 =  1027.1895,  1028.2304      
# span 20 =    33.8434,    34.4061      
# span 21 =    33.8460,    34.4041      
# span 22 =    7.92958,    8.11914      
# span 23 =         13,         49      
# span 24 = 0.0000e+00, 0.0000e+00      
# interval = decibars: 1                
# start_time = Dec 13 2021 21:27:01 [NMEA time, header]
# bad_flag = -9.990e-29
*END*
      4.000      3.971    -0.1908  28.016773    -0.1938  28.011333     7.4825     7.5992     0.7732    85.4103 2.0226e+02  -64.75928  -63.14776 347.903869      99.96 5.0702e+02    873.265      20959  1027.2118  1027.2091    33.8554    33.8515    8.11509         13 0.0000e+00
      5.000      4.951    -0.1924  28.015514    -0.1915  28.014242     7.4916     7.6116     0.8068    85.2980 1.7457e+02  -64.75929  -63.14776 347.903906      99.97 5.0508e+02    876.512      21037  1027.2158  1027.2136    33.8549    33.8522    8.11545         38 0.0000e+00
      6.000      5.940    -0.1463  28.055078    -0.1657  28.037920     7.4643     7.5998     0.8049    85.3612 1.5133e+02  -64.75930  -63.14776 347.903935      99.97 5.0356e+02    878.975      21096  1027.2175  1027.2179    33.8558    33.8545    8.10560         44 0.0000e+00
      7.000      6.932    -0.1885  28.020330    -0.1806  28.024442     7.4777     7.6116     0.8458    85.3131 1.3220e+02  -64.75930  -63.14776 347.903965      99.97 5.0206e+02    881.556      21158  1027.2258  1027.2226    33.8559    33.8525    8.11458         43 0.0000e+00
      8.000      7.922    -0.2004  28.009305    -0.2000  28.007781     7.4765     7.6146     0.8964    85.3366 1.1775e+02  -64.75930  -63.14776 347.903994      99.97 5.0065e+02    884.046      21218  1027.2297  1027.2275    33.8538    33.8512    8.11723         45 0.0000e+00
      9.000      8.912    -0.1997  28.010398    -0.1991  28.008969     7.4779     7.6064     0.9880    85.3473 1.0542e+02  -64.75930  -63.14776 347.904025      99.97 4.9897e+02    886.788      21284  1027.2342  1027.2321    33.8538    33.8513    8.11707         41 0.0000e+00
     10.000      9.903    -0.1990  28.011440    -0.1991  28.009599     7.4765     7.6092     1.0915    85.2801 9.4036e+01  -64.75930  -63.14776 347.904057      99.97 4.9731e+02    889.527      21350  1027.2388  1027.2369    33.8538    33.8515    8.11693         40 0.0000e+00
     11.000     10.893    -0.1981  28.012627    -0.1977  28.011187     7.4757     7.6066     1.0958    85.2932 8.2533e+01  -64.75930  -63.14775 347.904102      99.97 4.9637e+02    893.418      21443  1027.2434  1027.2414    33.8538    33.8514    8.11673         32 0.0000e+00
     12.000     11.881    -0.1979  28.013197    -0.1975  28.011760     7.4698     7.6066     1.1564    85.2760 7.3003e+01  -64.75930  -63.14774 347.904153      99.97 4.9538e+02    897.779      21548  1027.2480  1027.2461    33.8537    33.8514    8.11669         42 0.0000e+00
     13.000     12.874    -0.1975  28.013967    -0.1972  28.012541     7.4773     7.6038     1.0965    85.2817 6.4800e+01  -64.75930  -63.14774 347.904186      99.97 4.9537e+02    900.669      21617  1027.2528  1027.2509    33.8538    33.8515    8.11662         35 0.0000e+00
     14.000     13.863    -0.1984  28.013718    -0.1978  28.012533     7.4789     7.6088     1.1681    85.2921 5.8320e+01  -64.75930  -63.14774 347.904219      99.97 4.9497e+02    903.515      21685  1027.2576  1027.2557    33.8537    33.8515    8.11680         37 0.0000e+00
     15.000     14.851    -0.1977  28.014930    -0.1974  28.013444     7.4705     7.6047     1.1797    85.2711 5.2261e+01  -64.75930  -63.14774 347.904252      99.97 4.9355e+02    906.346      21753  1027.2625  1027.2606    33.8540    33.8517    8.11665         39 0.0000e+00
     16.000     15.844    -0.1976  28.015372    -0.1972  28.013921     7.4717     7.6044     1.2255    85.2833 4.7022e+01  -64.75930  -63.14774 347.904285      99.97 4.9361e+02    909.205      21822  1027.2671  1027.2652    33.8538    33.8515    8.11662         40 0.0000e+00
     17.000     16.833    -0.1976  28.015844    -0.1973  28.014365     7.4746     7.6033     1.2115    85.3137 4.2463e+01  -64.75930  -63.14774 347.904315      99.97 4.9361e+02    911.831      21885  1027.2719  1027.2700    33.8539    33.8516    8.11662         36 0.0000e+00
     18.000     17.822    -0.1973  28.016782    -0.1970  28.015232     7.4699     7.6064     1.2417    85.3173 3.8217e+01  -64.75930  -63.14774 347.904347      99.97 4.9361e+02    914.589      21951  1027.2769  1027.2750    33.8542    33.8518    8.11654         35 0.0000e+00
     19.000     18.813    -0.1974  28.017359    -0.1970  28.015612     7.4621     7.6050     1.3371    85.2780 3.4376e+01  -64.75930  -63.14774 347.904380      99.97 4.9361e+02    917.445      22020  1027.2819  1027.2797    33.8544    33.8517    8.11654         31 0.0000e+00
     20.000     19.804    -0.1967  28.019010    -0.1965  28.017201     7.4621     7.6005     1.2190    85.2956 3.0971e+01  -64.75930  -63.14774 347.904414      99.97 4.9361e+02    920.394      22090  1027.2873  1027.2851    33.8553    33.8526    8.11635         37 0.0000e+00
     21.000     20.795    -0.1912  28.026477    -0.1913  28.024572     7.4644     7.5994     1.3396    85.3394 2.7786e+01  -64.75932  -63.14774 347.904448      99.97 4.9361e+02    923.348      22161  1027.2944  1027.2923    33.8585    33.8561    8.11500         35 0.0000e+00
     22.000     21.782    -0.1793  28.041484    -0.1784  28.040779     7.4617     7.5913     1.3806    85.2367 2.5002e+01  -64.75932  -63.14774 347.904480      99.97 4.9361e+02    926.090      22227  1027.3032  1027.3015    33.8646    33.8627    8.11211         31 0.0000e+00
     23.000     22.772    -0.1706  28.053105    -0.1712  28.050286     7.4474     7.5945     1.4855    85.2486 2.2496e+01  -64.75932  -63.14774 347.904512      99.97 4.9361e+02    928.881      22294  1027.3117  1027.3092    33.8698    33.8667    8.10996         30 0.0000e+00
     24.000     23.764    -0.1656  28.059111    -0.1652  28.057660     7.4534     7.5932     1.5170    85.2793 2.0152e+01  -64.75932  -63.14774 347.904543      99.96 4.9361e+02    931.542      22358  1027.3177  1027.3158    33.8716    33.8693    8.10879         35 0.0000e+00
     25.000     24.753    -0.1643  28.060131    -0.1641  28.058538     7.4612     7.5950     1.5057    85.2064 1.8165e+01  -64.75932  -63.14774 347.904575      99.96 4.9361e+02    934.290      22424  1027.3220  1027.3202    33.8710    33.8687    8.10857         28 0.0000e+00
     26.000     25.744    -0.1620  28.062645    -0.1596  28.063151     7.4572     7.5939     1.6714    85.1674 1.6362e+01  -64.75932  -63.14774 347.904609      99.97 4.9248e+02    937.186      22493  1027.3268  1027.3250    33.8712    33.8692    8.10806         26 0.0000e+00
     27.000     26.732    -0.1542  28.071100    -0.1526  28.070425     7.4525     7.5886     1.5732    85.2156 1.4727e+01  -64.75932  -63.14774 347.904642      99.97 4.9182e+02    940.032      22562  1027.3327  1027.3306    33.8731    33.8704    8.10629         33 0.0000e+00
     28.000     27.728    -0.1584  28.067416    -0.1609  28.063023     7.4573     7.5885     1.8711    85.2108 1.3216e+01  -64.75932  -63.14774 347.904675      99.97 4.9184e+02    942.902      22631  1027.3372  1027.3349    33.8723    33.8692    8.10724         34 0.0000e+00
     29.000     28.712    -0.1541  28.071879    -0.1540  28.070065     7.4555     7.5945     1.7232    85.2075 1.1841e+01  -64.75934  -63.14774 347.904707      99.97 4.9184e+02    945.719      22698  1027.3422  1027.3402    33.8728    33.8703    8.10629         37 0.0000e+00
     30.000     29.705    -0.1559  28.070746    -0.1547  28.070119     7.4599     7.5926     1.5815    85.2673 1.0684e+01  -64.75934  -63.14774 347.904740      99.97 4.9098e+02    948.522      22766  1027.3471  1027.3452    33.8727    33.8706    8.10667         39 0.0000e+00
     31.000     30.693    -0.1542  28.073063    -0.1552  28.069916     7.4626     7.5972     1.6029    85.1957 9.7230e+00  -64.75934  -63.14773 347.904771      99.97 4.9008e+02    951.184      22829  1027.3523  1027.3499    33.8734    33.8703    8.10629         43 0.0000e+00
     32.000     31.684    -0.1438  28.084041    -0.1470  28.078748     7.4538     7.5929     1.6867    85.2440 8.7896e+00  -64.75934  -63.14772 347.904803      99.97 4.9008e+02    953.953      22896  1027.3582  1027.3557    33.8757    33.8722    8.10393         40 0.0000e+00
     33.000     32.674    -0.1495  28.078746    -0.1479  28.078521     7.4620     7.5850     1.6686    85.1990 7.9526e+00  -64.75934  -63.14772 347.904835      99.97 4.9008e+02    956.726      22962  1027.3625  1027.3607    33.8745    33.8724    8.10523         45 0.0000e+00
     34.000     33.664    -0.1535  28.074741    -0.1503  28.076171     7.4631     7.5967     1.8224    85.2270 7.1777e+00  -64.75934  -63.14772 347.904867      99.97 4.9008e+02    959.497      23029  1027.3666  1027.3649    33.8729    33.8713    8.10616         37 0.0000e+00
     35.000     34.653    -0.1303  28.097521    -0.1297  28.096030     7.4751     7.6000     1.6353    85.1997 6.4729e+00  -64.75934  -63.14772 347.904900      99.97 4.8945e+02    962.345      23097  1027.3726  1027.3704    33.8769    33.8742    8.10101         41 0.0000e+00
     36.000     35.642    -0.1130  28.115619    -0.1120  28.114505     7.4669     7.5949     1.6468    85.2361 5.8387e+00  -64.75934  -63.14772 347.904933      89.30 4.8834e+02    965.230      23167  1027.3796  1027.3775    33.8811    33.8785    8.09709         41 0.0000e+00
     37.000     36.635    -0.1046  28.124203    -0.1034  28.123603     7.4674     7.6018     1.6663    85.2621 5.2658e+00  -64.75934  -63.14772 347.904965      99.90 4.8832e+02    968.007      23233  1027.3853  1027.3835    33.8826    33.8804    8.09523         46 0.0000e+00
     38.000     37.623    -0.1012  28.128327    -0.1017  28.125895     7.4602     7.6032     1.7868    85.2265 4.7460e+00  -64.75934  -63.14772 347.904998      99.97 4.8832e+02    970.856      23302  1027.3909  1027.3888    33.8837    33.8810    8.09445         39 0.0000e+00
     39.000     38.615    -0.1025  28.131620    -0.0997  28.132027     7.4487     7.5866     1.8286    85.2992 4.2910e+00  -64.75934  -63.14772 347.905030      99.97 4.8923e+02    973.611      23368  1027.4000  1027.3979    33.8888    33.8863    8.09442         37 0.0000e+00
     40.000     39.607    -0.0835  28.154531    -0.0839  28.152052     7.4360     7.5770     1.8522    85.3359 3.8819e+00  -64.75934  -63.14772 347.905061      98.61 4.9004e+02    976.301      23432  1027.4108  1027.4085    33.8976    33.8948    8.08991         38 0.0000e+00
     41.000     40.595    -0.0559  28.190258    -0.0564  28.187431     7.3409     7.5209     1.5636    85.4567 3.5084e+00  -64.75934  -63.14772 347.905094      99.94 4.9008e+02    979.097      23499  1027.4267  1027.4241    33.9137    33.9105    8.08315         41 0.0000e+00
     42.000     41.583    -0.0224  28.237999    -0.0227  28.235482     7.3186     7.4853     1.7107    85.7148 3.1653e+00  -64.75934  -63.14772 347.905126      99.93 4.9144e+02    981.908      23567  1027.4499  1027.4476    33.9393    33.9363    8.07462         41 0.0000e+00
     43.000     42.575    -0.0191  28.243928    -0.0187  28.242387     7.3300     7.4734     1.7284    85.8035 2.8678e+00  -64.75934  -63.14772 347.905161      99.68 4.9189e+02    984.889      23638  1027.4579  1027.4559    33.9428    33.9404    8.07372         36 0.0000e+00
     44.000     43.566    -0.0188  28.245118    -0.0188  28.243472     7.3297     7.4772     1.4882    85.9940 2.6014e+00  -64.75934  -63.14772 347.905194      99.47 4.9361e+02    987.777      23708  1027.4635  1027.4617    33.9435    33.9413    8.07362         40 0.0000e+00
     45.000     44.555    -0.0192  28.245722    -0.0190  28.244000     7.3259     7.4709     1.4822    86.1414 2.3594e+00  -64.75934  -63.14772 347.905226      99.25 4.9471e+02    990.533      23774  1027.4691  1027.4670    33.9442    33.9417    8.07367         41 0.0000e+00
     46.000     45.545    -0.0185  28.249053    -0.0183  28.246947     7.3165     7.4567     1.5239    86.1823 2.1413e+00  -64.75935  -63.14772 347.905257      97.94 4.9617e+02    993.162      23837  1027.4764  1027.4739    33.9472    33.9441    8.07336         39 0.0000e+00
     47.000     46.533    -0.0210  28.247879    -0.0208  28.246238     7.3253     7.4603     1.5664    86.3751 1.9448e+00  -64.75936  -63.14772 347.905288      97.61 4.9748e+02    995.895      23902  1027.4819  1027.4800    33.9477    33.9454    8.07384         32 0.0000e+00
     48.000     47.526    -0.0218  28.247849    -0.0214  28.246435     7.3018     7.4338     1.5289    86.3725 1.7687e+00  -64.75936  -63.14772 347.905322      96.51 4.9892e+02    998.828      23973  1027.4870  1027.4851    33.9481    33.9457    8.07400         35 0.0000e+00
     49.000     48.513    -0.0279  28.247334    -0.0308  28.245317     7.2650     7.4063     1.4643    86.4731 1.6143e+00  -64.75936  -63.14772 347.905353      95.34 5.0072e+02   1001.459      24036  1027.4967  1027.4974    33.9536    33.9541    8.07498         35 0.0000e+00
     50.000     49.507    -0.0346  28.249031    -0.0340  28.247754     7.2221     7.3824     1.5748    86.7096 1.4746e+00  -64.75936  -63.14772 347.905375      94.43 5.0066e+02   1003.439      24084  1027.5093  1027.5073    33.9626    33.9602    8.07588         35 0.0000e+00
     51.000     50.495    -0.0293  28.262188    -0.0290  28.260286     7.1642     7.3344     1.4863    86.7474 1.3455e+00  -64.75936  -63.14772 347.905397      93.45 5.0220e+02   1005.337      24129  1027.5224  1027.5201    33.9735    33.9707    8.07413         40 0.0000e+00
     52.000     51.484    -0.0241  28.275940    -0.0239  28.273578     7.1031     7.2855     1.5388    86.8271 1.2316e+00  -64.75936  -63.14772 347.905417      92.72 5.0256e+02   1007.060      24170  1027.5364  1027.5336    33.9854    33.9821    8.07237         39 0.0000e+00
     53.000     52.475    -0.0204  28.290211    -0.0200  28.288319     7.0644     7.2473     1.3826    87.0616 1.1257e+00  -64.75936  -63.14772 347.905436      91.57 5.0415e+02   1008.689      24210  1027.5523  1027.5499    33.9996    33.9967    8.07079         35 0.0000e+00
     54.000     53.464    -0.0201  28.298399    -0.0199  28.296631     7.0309     7.2117     1.4243    87.1260 1.0277e+00  -64.75936  -63.14772 347.905455      90.26 5.0526e+02   1010.288      24248  1027.5651  1027.5630    34.0096    34.0070    8.07017         34 0.0000e+00
     55.000     54.455    -0.0207  28.303512    -0.0203  28.302706     6.9649     7.1629     1.3115    87.4277 9.4100e-01  -64.75936  -63.14772 347.905472      89.05 5.0595e+02   1011.772      24284  1027.5755  1027.5742    34.0164    34.0149    8.06991         34 0.0000e+00
     56.000     55.444    -0.0143  28.321927    -0.0137  28.320965     6.9376     7.1303     1.4206    87.4912 8.6323e-01  -64.75936  -63.14772 347.905488      87.74 5.0771e+02   1013.190      24318  1027.5932  1027.5916    34.0331    34.0312    8.06761         34 0.0000e+00
     57.000     56.434    -0.0088  28.333735    -0.0084  28.332863     6.9113     7.0992     1.3438    87.5272 7.9292e-01  -64.75936  -63.14772 347.905504      87.13 5.0771e+02   1014.579      24351  1027.6048  1027.6034    34.0420    34.0404    8.06594         33 0.0000e+00
     58.000     57.424    -0.0061  28.341296    -0.0063  28.339320     6.8475     7.0553     1.1184    87.4005 7.3078e-01  -64.75936  -63.14772 347.905520      85.56 5.0771e+02   1015.937      24383  1027.6146  1027.6126    34.0484    34.0460    8.06501         33 0.0000e+00
     59.000     58.415     0.0031  28.361097     0.0016  28.356485     6.8052     7.0117     1.0755    87.5868 6.7416e-01  -64.75936  -63.14772 347.905536      84.74 5.0944e+02   1017.307      24416  1027.6310  1027.6276    34.0637    34.0593    8.06220         33 0.0000e+00
     60.000     59.404     0.0116  28.377328     0.0110  28.374059     6.7804     6.9746     1.2683    87.7366 6.2326e-01  -64.75936  -63.14770 347.905552      83.26 5.0947e+02   1018.696      24450  1027.6445  1027.6416    34.0753    34.0715    8.05977         33 0.0000e+00
