NBP2113_155081_ctd/data/nbp2113_009.cnv
* Sea-Bird SBE 9 Data File:
* FileName = D:\Data\raw\NBP2113_009.hex
* Software Version Seasave V 7.26.7.121
* Temperature SN = 2438
* Conductivity SN = 2067
* Number of Bytes Per Scan = 40
* Number of Voltage Words = 5
* Number of Scans Averaged by the Deck Unit = 1
* NMEA Latitude = 64 41.94 S
* NMEA Longitude = 065 01.96 W
* NMEA UTC (Time) = Nov 25 2021  18:20:06
* NMEA baud rate = 9600
** Ship: RVIB N.B. Palmer
** Cruise: NBP2113 LTER
** Station: 600.080
** Operator: S. Blackman
# nquan = 25
# nvalues = 200                         
# units = specified
# name 0 = prDM: Pressure, Digiquartz [db]
# name 1 = depSM: Depth [salt water, m]
# name 2 = t090C: Temperature [ITS-90, deg C]
# name 3 = c0mS/cm: Conductivity [mS/cm]
# name 4 = t190C: Temperature, 2 [ITS-90, deg C]
# name 5 = c1mS/cm: Conductivity, 2 [mS/cm]
# name 6 = sbeox0ML/L: Oxygen, SBE 43 [ml/l]
# name 7 = sbeox1ML/L: Oxygen, SBE 43, 2 [ml/l]
# name 8 = flECO-AFL: Fluorescence, WET Labs ECO-AFL/FL [mg/m^3]
# name 9 = CStarTr0: Beam Transmission, WET Labs C-Star [%]
# name 10 = par: PAR/Irradiance, Biospherical/Licor
# name 11 = latitude: Latitude [deg]
# name 12 = longitude: Longitude [deg]
# name 13 = timeJ: Julian Days
# name 14 = altM: Altimeter [m]
# name 15 = spar: SPAR, Biospherical/Licor
# name 16 = timeS: Time, Elapsed [seconds]
# name 17 = scan: Scan Count
# name 18 = density00: Density [density, kg/m^3]
# name 19 = density11: Density, 2 [density, kg/m^3]
# name 20 = sal00: Salinity, Practical [PSU]
# name 21 = sal11: Salinity, Practical, 2 [PSU]
# name 22 = oxsolML/L: Oxygen Saturation, Garcia & Gordon [ml/l]
# name 23 = nbin: number of scans per bin
# name 24 = flag: flag
# span 0 =      1.000,    102.000       
# span 1 =      0.989,    100.988       
# span 2 =    -0.4511,    -0.1387       
# span 3 =  28.038343,  28.441224       
# span 4 =    -0.4503,    -0.1355       
# span 5 =  28.036996,  28.437597       
# span 6 =     6.2828,     8.2505       
# span 7 =     6.3085,     8.1556       
# span 8 =     0.1313,     1.7078       
# span 9 =    88.6214,    97.0784       
# span 10 = 1.0111e-01, 6.8748e+02      
# span 11 =  -64.69916,  -64.69886      
# span 12 =  -65.03373,  -65.03271      
# span 13 = 329.767751, 329.774605      
# span 14 =       1.22,     100.31      
# span 15 = 4.6709e+02, 5.6920e+02      
# span 16 =    327.705,    919.860      
# span 17 =       7866,      22078      
# span 18 =  1027.3171,  1028.0321      
# span 19 =  1027.3073,  1028.0266      
# span 20 =    33.9997,    34.3028      
# span 21 =    33.9935,    34.2960      
# span 22 =    8.07863,    8.15457      
# span 23 =          7,         49      
# span 24 = 0.0000e+00, 0.0000e+00      
# interval = decibars: 1                
# start_time = Nov 25 2021 18:20:06 [NMEA time, header]
# bad_flag = -9.990e-29
*END*
[from data line 174]
     26.000     25.744    -0.2924  28.053474    -0.2912  28.052541     8.2156     8.0971     1.5131    90.3279 2.0013e+01  -64.69916  -65.03272 329.773777      99.86 4.9780e+02    848.305      20360  1027.4407  1027.4386    34.0043    34.0018    8.12825         40 0.0000e+00
     25.000     24.756    -0.2913  28.053899    -0.2944  28.050006     8.1813     8.0951     1.5173    90.0524 2.1666e+01  -64.69916  -65.03272 329.773802      99.97 4.9678e+02    850.463      20412  1027.4359  1027.4347    34.0043    34.0026    8.12802         26 0.0000e+00
     24.000     23.765    -0.2918  28.052966    -0.2925  28.050661     8.2110     8.0956     1.5553    90.0893 2.2788e+01  -64.69916  -65.03271 329.773848      99.97 4.9442e+02    854.481      20509  1027.4312  1027.4294    34.0042    34.0020    8.12813         28 0.0000e+00
     23.000     22.774    -0.2883  28.054957    -0.2897  28.052177     8.2237     8.1105     1.5849    90.0302 2.5619e+01  -64.69916  -65.03272 329.773883      99.97 4.9325e+02    857.480      20581  1027.4257  1027.4240    34.0036    34.0014    8.12742         28 0.0000e+00
     22.000     21.783    -0.2852  28.056563    -0.2853  28.054761     8.2263     8.1115     1.6443    90.0084 2.8006e+01  -64.69916  -65.03272 329.773911      99.97 4.9174e+02    859.908      20639  1027.4202  1027.4182    34.0029    34.0005    8.12680         37 0.0000e+00
     21.000     20.796    -0.2795  28.059769    -0.2856  28.053755     8.2227     8.1194     1.5967    89.8468 3.0350e+01  -64.69916  -65.03271 329.773946      99.97 4.9042e+02    862.910      20711  1027.4138  1027.4131    34.0014    34.0002    8.12567         20 0.0000e+00
     20.000     19.804    -0.2780  28.060232    -0.2787  28.057867     8.2505     8.1307     1.7078    89.7435 3.4123e+01  -64.69916  -65.03272 329.773982      99.97 4.8905e+02    866.063      20787  1027.4087  1027.4068    34.0009    33.9986    8.12537         35 0.0000e+00
     19.000     18.813    -0.2767  28.060514    -0.2764  28.058904     8.2268     8.1289     1.5844    89.7281 3.6815e+01  -64.69916  -65.03272 329.774010      96.53 4.8832e+02    868.431      20843  1027.4035  1027.4014    34.0005    33.9980    8.12513         42 0.0000e+00
     18.000     17.822    -0.2774  28.059332    -0.2775  28.057563     8.2135     8.1355     1.6091    89.7548 4.0712e+01  -64.69916  -65.03272 329.774051      99.81 4.8671e+02    871.996      20929  1027.3987  1027.3969    34.0003    33.9981    8.12528         26 0.0000e+00
     17.000     16.833    -0.2783  28.058612    -0.2758  28.058422     8.2193     8.1300     1.5515    89.7508 4.5868e+01  -64.69916  -65.03272 329.774088      99.97 4.8451e+02    875.169      21005  1027.3945  1027.3918    34.0009    33.9979    8.12543         35 0.0000e+00
     16.000     15.842    -0.2750  28.060244    -0.2737  28.059215     8.2272     8.1371     1.4984    89.7099 4.9516e+01  -64.69916  -65.03272 329.774112      99.97 4.8300e+02    877.254      21055  1027.3888  1027.3864    34.0001    33.9972    8.12479         41 0.0000e+00
     15.000     14.850    -0.2746  28.060010    -0.2734  28.058951     8.2183     8.1376     1.5075    89.5926 5.4068e+01  -64.69916  -65.03272 329.774152      99.97 4.8206e+02    880.774      21140  1027.3840  1027.3816    33.9999    33.9972    8.12471         36 0.0000e+00
     14.000     13.863    -0.2741  28.059815    -0.2739  28.058014     8.2389     8.1343     1.4673    89.7112 6.1136e+01  -64.69916  -65.03272 329.774188      99.97 4.7971e+02    883.839      21213  1027.3790  1027.3744    33.9997    33.9969    8.12461         32 0.0000e+00
     13.000     12.873    -0.2750  28.058823    -0.2749  28.056833     8.2111     8.1328     1.4681    89.6715 6.6798e+01  -64.69916  -65.03272 329.774206      99.97 4.7949e+02    885.374      21250  1027.3745  1027.3724    34.0000    33.9972    8.12479         32 0.0000e+00
     12.000     11.884    -0.2750  28.058400    -0.2750  28.056442     8.2262     8.1391     1.4394    89.6957 7.1694e+01  -64.69916  -65.03272 329.774262      99.97 4.7778e+02    890.229      21366  1027.3697  1027.3677    34.0000    33.9974    8.12479         42 0.0000e+00
     11.000     10.892    -0.2760  28.057301    -0.2753  28.055759     8.1960     8.1337     1.4313    89.7192 8.1486e+01  -64.69916  -65.03272 329.774285      99.97 4.7643e+02    892.259      21415  1027.3652  1027.3629    34.0002    33.9974    8.12498         48 0.0000e+00
     10.000      9.901    -0.2760  28.056816    -0.2760  28.054782     8.2024     8.1346     1.3715    89.7414 8.9838e+01  -64.69916  -65.03273 329.774319      99.97 4.7592e+02    895.202      21486  1027.3605  1027.3583    34.0003    33.9975    8.12499         34 0.0000e+00
      9.000      8.912    -0.2768  28.055872    -0.2769  28.053834     8.2111     8.1333     1.3082    89.7341 1.0013e+02  -64.69916  -65.03272 329.774352      99.97 4.7458e+02    898.032      21554  1027.3559  1027.3538    34.0005    33.9979    8.12514         43 0.0000e+00
      8.000      7.921    -0.2771  28.055219    -0.2768  28.053423     8.2049     8.1298     1.3099    89.7476 1.1293e+02  -64.69916  -65.03272 329.774392      99.97 4.7348e+02    901.440      21636  1027.3512  1027.3490    34.0006    33.9978    8.12521         32 0.0000e+00
      7.000      6.932    -0.2770  28.054764    -0.2765  28.052986     8.1825     8.1291     1.2732    89.7353 1.3008e+02  -64.69915  -65.03274 329.774426      99.97 4.7246e+02    904.373      21706  1027.3464  1027.3439    34.0005    33.9975    8.12520         43 0.0000e+00
      6.000      5.942    -0.2766  28.054570    -0.2765  28.052574     8.1870     8.1343     1.2281    89.7410 1.4522e+02  -64.69914  -65.03274 329.774452      84.91 4.7185e+02    906.627      21760  1027.3415  1027.3392    34.0004    33.9976    8.12511         40 0.0000e+00
      5.000      4.951    -0.2764  28.054226    -0.2763  28.052140     8.1866     8.1364     1.2071    89.7201 1.6753e+02  -64.69914  -65.03274 329.774489      80.23 4.7055e+02    909.881      21838  1027.3366  1027.3343    34.0003    33.9974    8.12508         35 0.0000e+00
      4.000      3.960    -0.2763  28.053712    -0.2760  28.051819     8.1920     8.1373     1.1695    89.7493 1.9871e+02  -64.69914  -65.03274 329.774528      98.80 4.6903e+02    913.259      21919  1027.3317  1027.3293    34.0001    33.9973    8.12506         32 0.0000e+00
      3.000      2.971    -0.2763  28.053199    -0.2759  28.051030     8.1873     8.1398     1.0246    89.6357 2.3553e+02  -64.69914  -65.03274 329.774556      99.97 4.6798e+02    915.594      21975  1027.3268  1027.3241    34.0000    33.9967    8.12506         37 0.0000e+00
      2.000      1.980    -0.2760  28.052923    -0.2757  28.050314 -9.990e-29 -9.990e-29     1.0403    89.6784 2.7267e+02  -64.69914  -65.03274 329.774587      99.97 4.6715e+02    918.349      22041  1027.3220  1027.3189    34.0000    33.9961    8.12501         36 0.0000e+00
      1.000      0.989    -0.2756  28.052750    -0.2752  28.048267 -9.990e-29 -9.990e-29     0.8140    89.6637 6.8748e+02  -64.69914  -65.03274 329.774605      28.01 4.6709e+02    919.860      22078  1027.3171  1027.3073    33.9999    33.9935    8.12493         36 0.0000e+00
