NBP2113_155081_ctd/data/nbp2113_046.cnv
* Sea-Bird SBE 9 Data File:
* FileName = D:\Data\raw\NBP2113_046.hex
* Software Version Seasave V 7.26.7.121
* Temperature SN = 2438
* Conductivity SN = 2067
* Number of Bytes Per Scan = 40
* Number of Voltage Words = 5
* Number of Scans Averaged by the Deck Unit = 1
* NMEA Latitude = 64 52.22 S
* NMEA Longitude = 063 49.73 W
* NMEA UTC (Time) = Dec 11 2021  05:17:37
* NMEA baud rate = 9600
** Ship: RVIB N.B. Palmer
** Cruise: NBP2113 LTER
** Station: 623.024
** Operator: B. Urmston
# nquan = 25
# nvalues = 1144                        
# units = specified
# name 0 = prDM: Pressure, Digiquartz [db]
# name 1 = depSM: Depth [salt water, m]
# name 2 = t090C: Temperature [ITS-90, deg C]
# name 3 = c0mS/cm: Conductivity [mS/cm]
# name 4 = t190C: Temperature, 2 [ITS-90, deg C]
# name 5 = c1mS/cm: Conductivity, 2 [mS/cm]
# name 6 = sbeox0ML/L: Oxygen, SBE 43 [ml/l]
# name 7 = sbeox1ML/L: Oxygen, SBE 43, 2 [ml/l]
# name 8 = flECO-AFL: Fluorescence, WET Labs ECO-AFL/FL [mg/m^3]
# name 9 = CStarTr0: Beam Transmission, WET Labs C-Star [%]
# name 10 = par: PAR/Irradiance, Biospherical/Licor
# name 11 = latitude: Latitude [deg]
# name 12 = longitude: Longitude [deg]
# name 13 = timeJ: Julian Days
# name 14 = altM: Altimeter [m]
# name 15 = spar: SPAR, Biospherical/Licor
# name 16 = timeS: Time, Elapsed [seconds]
# name 17 = scan: Scan Count
# name 18 = density00: Density [density, kg/m^3]
# name 19 = density11: Density, 2 [density, kg/m^3]
# name 20 = sal00: Salinity, Practical [PSU]
# name 21 = sal11: Salinity, Practical, 2 [PSU]
# name 22 = oxsolML/L: Oxygen Saturation, Garcia & Gordon [ml/l]
# name 23 = nbin: number of scans per bin
# name 24 = flag: flag
# span 0 =      1.000,    574.000       
# span 1 =      0.990,    567.591       
# span 2 =    -0.2124,     1.2926       
# span 3 =  27.935586,  30.131306       
# span 4 =    -0.2127,     1.2926       
# span 5 =  27.933862,  30.129918       
# span 6 =     4.2881,     8.7092       
# span 7 =     4.3574,    10.0201       
# span 8 =    -0.0199,     1.9964       
# span 9 =    84.7222,    91.2789       
# span 10 = -2.077e-05, 5.9547e+00      
# span 11 =  -64.87088,  -64.87040      
# span 12 =  -63.82976,  -63.82888      
# span 13 = 345.224746, 345.250665      
# span 14 =       1.05,     100.92      
# span 15 = 0.0000e+00, 0.0000e+00      
# span 16 =    360.995,   2600.416      
# span 17 =       8665,      62411      
# span 18 =  1027.1315,  1030.4296      
# span 19 =  1027.1299,  1030.4284      
# span 20 =    33.7684,    34.6351      
# span 21 =    33.7666,    34.6334      
# span 22 =    7.76753,    8.12465      
# span 23 =          5,         50      
# span 24 = 0.0000e+00, 0.0000e+00      
# interval = decibars: 1                
# start_time = Dec 11 2021 05:17:37 [NMEA time, header]
# bad_flag = -9.990e-29
*END*
[from data line 754]
    390.000    385.816     1.1697  29.922475     1.1695  29.921093     4.4526     4.5042    -0.0040    91.2094 1.0000e-12  -64.87066  -63.82932 345.239715      99.97 0.0000e+00   1654.356      39706  1029.5568  1029.5556    34.6073    34.6058    7.79338         28 0.0000e+00
    389.000    384.829     1.1691  29.921536     1.1695  29.920565     4.4595     4.5134    -0.0045    91.2140 1.0000e-12  -64.87066  -63.82934 345.239728      99.97 0.0000e+00   1655.503      39733  1029.5522  1029.5508    34.6074    34.6057    7.79350         27 0.0000e+00
    388.000    383.839     1.1614  29.913163     1.1660  29.916813     4.4638     4.5127    -0.0121    91.1966 1.0000e-12  -64.87066  -63.82934 345.239741      99.97 0.0000e+00   1656.639      39760  1029.5470  1029.5462    34.6058    34.6053    7.79512         27 0.0000e+00
    387.000    382.852     1.1571  29.907973     1.1592  29.909059     4.4708     4.5184    -0.0101    91.1819 1.0000e-12  -64.87066  -63.82933 345.239755      99.97 0.0000e+00   1657.808      39788  1029.5415  1029.5406    34.6044    34.6034    7.79604         28 0.0000e+00
    386.000    381.863     1.1531  29.903277     1.1575  29.907060     4.4650     4.5164    -0.0077    91.1787 1.0000e-12  -64.87066  -63.82932 345.239769      99.97 0.0000e+00   1659.049      39818  1029.5364  1029.5360    34.6034    34.6034    7.79689         32 0.0000e+00
    385.000    380.874     1.1578  29.907869     1.1586  29.906622     4.4634     4.5156    -0.0131    91.2131 1.0000e-12  -64.87068  -63.82932 345.239785      99.97 0.0000e+00   1660.444      39852  1029.5322  1029.5302    34.6046    34.6022    7.79588         35 0.0000e+00
    384.000    379.887     1.1576  29.906705     1.1601  29.908913     4.4701     4.5247    -0.0076    91.2172 1.0000e-12  -64.87068  -63.82932 345.239803      99.97 0.0000e+00   1661.941      39888  1029.5269  1029.5268    34.6040    34.6040    7.79596         35 0.0000e+00
    383.000    378.899     1.1522  29.901007     1.1553  29.903097     4.4658     4.5166    -0.0077    91.2233 1.0000e-12  -64.87068  -63.82934 345.239818      99.97 0.0000e+00   1663.313      39921  1029.5222  1029.5214    34.6033    34.6025    7.79709         31 0.0000e+00
    382.000    377.909     1.1499  29.897986     1.1513  29.898361     4.4675     4.5238    -0.0077    91.1989 1.0000e-12  -64.87068  -63.82934 345.239832      99.97 0.0000e+00   1664.493      39949  1029.5171  1029.5162    34.6025    34.6014    7.79758         27 0.0000e+00
    381.000    376.922     1.1492  29.897096     1.1493  29.895760     4.4688     4.5248    -0.0077    91.1892 1.0000e-12  -64.87068  -63.82934 345.239845      99.97 0.0000e+00   1665.586      39975  1029.5126  1029.5112    34.6027    34.6009    7.79771         25 0.0000e+00
    380.000    375.933     1.1478  29.894986     1.1478  29.893817     4.4686     4.5271    -0.0126    91.1950 1.0000e-12  -64.87068  -63.82934 345.239857      99.97 0.0000e+00   1666.675      40001  1029.5075  1029.5064    34.6021    34.6006    7.79802         27 0.0000e+00
    379.000    374.944     1.1469  29.893650     1.1476  29.892955     4.4747     4.5291    -0.0094    91.2068 1.0000e-12  -64.87068  -63.82934 345.239870      99.97 0.0000e+00   1667.802      40028  1029.5027  1029.5015    34.6020    34.6003    7.79821         26 0.0000e+00
    378.000    373.956     1.1471  29.893249     1.1470  29.892117     4.4717     4.5293    -0.0077    91.1922 1.0000e-12  -64.87068  -63.82934 345.239884      99.97 0.0000e+00   1668.934      40055  1029.4979  1029.4969    34.6018    34.6005    7.79817         26 0.0000e+00
    377.000    372.968     1.1466  29.892536     1.1463  29.890851     4.4725     4.5339    -0.0139    91.1975 1.0000e-12  -64.87068  -63.82934 345.239896      99.97 0.0000e+00   1670.015      40081  1029.4933  1029.4920    34.6020    34.6002    7.79825         25 0.0000e+00
    376.000    371.979     1.1463  29.891697     1.1456  29.889789     4.4702     4.5286    -0.0150    91.1931 1.0000e-12  -64.87068  -63.82934 345.239908      99.97 0.0000e+00   1671.063      40107  1029.4886  1029.4873    34.6018    34.6002    7.79833         26 0.0000e+00
    375.000    370.990     1.1459  29.890792     1.1444  29.888139     4.4672     4.5315    -0.0094    91.1979 1.0000e-12  -64.87068  -63.82934 345.239921      99.97 0.0000e+00   1672.178      40133  1029.4838  1029.4825    34.6017    34.6000    7.79841         29 0.0000e+00
    374.000    370.002     1.1445  29.889091     1.1444  29.887750     4.4757     4.5344    -0.0124    91.2010 1.0000e-12  -64.87068  -63.82932 345.239938      99.97 0.0000e+00   1673.598      40167  1029.4791  1029.4778    34.6016    34.6000    7.79870         37 0.0000e+00
    373.000    369.015     1.1422  29.886198     1.1422  29.885078     4.4698     4.5330    -0.0110    91.2154 1.0000e-12  -64.87068  -63.82934 345.239960      99.97 0.0000e+00   1675.538      40214  1029.4741  1029.4730    34.6010    34.5996    7.79918         39 0.0000e+00
    372.000    368.026     1.1414  29.884628     1.1423  29.884347     4.4586     4.5409    -0.0015    91.2149 1.0000e-12  -64.87068  -63.82934 345.239977      99.96 0.0000e+00   1677.047      40250  1029.4692  1029.4679    34.6006    34.5991    7.79938         25 0.0000e+00
    371.000    367.036     1.1415  29.884511     1.1402  29.882035     4.4809     4.5442    -0.0078    91.1974 1.0000e-12  -64.87068  -63.82934 345.239989      99.97 0.0000e+00   1678.024      40274  1029.4646  1029.4634    34.6009    34.5991    7.79934         21 0.0000e+00
    370.000    366.050     1.1395  29.882039     1.1382  29.879515     4.4832     4.5451     0.0091    91.2028 1.0000e-12  -64.87068  -63.82935 345.239998      99.97 0.0000e+00   1678.844      40293  1029.4598  1029.4585    34.6004    34.5987    7.79976         19 0.0000e+00
    369.000    365.060     1.1389  29.880880     1.1370  29.877862     4.4813     4.5412    -0.0024    91.2150 1.0000e-12  -64.87068  -63.82936 345.240007      99.97 0.0000e+00   1679.628      40312  1029.4550  1029.4537    34.6002    34.5984    7.79990         19 0.0000e+00
    368.000    364.072     1.1377  29.879359     1.1360  29.876297     4.4845     4.5418    -0.0076    91.2149 1.0000e-12  -64.87068  -63.82936 345.240017      99.97 0.0000e+00   1680.450      40332  1029.4503  1029.4488    34.6001    34.5981    7.80013         21 0.0000e+00
    367.000    363.084     1.1369  29.877917     1.1361  29.875905     4.4812     4.5429    -0.0092    91.2149 1.0000e-12  -64.87070  -63.82936 345.240027      99.97 0.0000e+00   1681.376      40354  1029.4454  1029.4441    34.5998    34.5981    7.80032         24 0.0000e+00
    366.000    362.095     1.1379  29.878404     1.1373  29.876603     4.4804     4.5435    -0.0148    91.2149 1.0000e-12  -64.87070  -63.82935 345.240041      99.97 0.0000e+00   1682.504      40381  1029.4406  1029.4394    34.5999    34.5983    7.80011         31 0.0000e+00
    365.000    361.107     1.1379  29.878115     1.1369  29.875897     4.4789     4.5400    -0.0069    91.2129 1.0000e-12  -64.87070  -63.82934 345.240058      99.97 0.0000e+00   1683.998      40417  1029.4360  1029.4348    34.6001    34.5984    7.80010         39 0.0000e+00
    364.000    360.121     1.1389  29.878648     1.1375  29.875961     4.4768     4.5409    -0.0075    91.2051 1.0000e-12  -64.87070  -63.82934 345.240086      99.97 0.0000e+00   1686.399      40475  1029.4313  1029.4300    34.6002    34.5983    7.79989         32 0.0000e+00
    363.000    359.130     1.1385  29.877757     1.1382  29.876417     4.4750     4.5406    -0.0116    91.2009 1.0000e-12  -64.87070  -63.82934 345.240109      99.97 0.0000e+00   1688.391      40522  1029.4266  1029.4255    34.6002    34.5987    7.79998         30 0.0000e+00
    362.000    358.142     1.1382  29.877027     1.1374  29.874983     4.4746     4.5312    -0.0151    91.2034 1.0000e-12  -64.87070  -63.82936 345.240120      99.97 0.0000e+00   1689.346      40545  1029.4219  1029.4206    34.6001    34.5984    7.80004         20 0.0000e+00
    361.000    357.154     1.1375  29.875947     1.1372  29.874414     4.4693     4.5341    -0.0150    91.2151 1.0000e-12  -64.87070  -63.82938 345.240128      99.97 0.0000e+00   1690.093      40563  1029.4172  1029.4159    34.6000    34.5984    7.80017         17 0.0000e+00
    360.000    356.162     1.1375  29.875366     1.1381  29.874657     4.4729     4.5365    -0.0082    91.2037 1.0000e-12  -64.87070  -63.82938 345.240136      99.97 0.0000e+00   1690.766      40579  1029.4124  1029.4111    34.5999    34.5984    7.80019         16 0.0000e+00
    359.000    355.175     1.1384  29.875704     1.1382  29.874372     4.4779     4.5364    -0.0077    91.1957 1.0000e-12  -64.87070  -63.82938 345.240144      99.97 0.0000e+00   1691.429      40595  1029.4076  1029.4065    34.5999    34.5984    7.80001         16 0.0000e+00
    358.000    354.188     1.1393  29.876334     1.1394  29.875138     4.4813     4.5354    -0.0077    91.1782 1.0000e-12  -64.87070  -63.82936 345.240152      99.96 0.0000e+00   1692.128      40612  1029.4031  1029.4019    34.6003    34.5987    7.79980         18 0.0000e+00
    357.000    353.197     1.1393  29.875870     1.1392  29.874668     4.4812     4.5348    -0.0077    91.1713 1.0000e-12  -64.87070  -63.82936 345.240162      99.97 0.0000e+00   1692.979      40632  1029.3985  1029.3973    34.6003    34.5988    7.79981         24 0.0000e+00
    356.000    352.210     1.1389  29.875014     1.1388  29.873687     4.4788     4.5406    -0.0077    91.1838 1.0000e-12  -64.87070  -63.82935 345.240178      99.97 0.0000e+00   1694.418      40667  1029.3938  1029.3925    34.6003    34.5987    7.79990         41 0.0000e+00
    355.000    351.222     1.1366  29.872324     1.1380  29.872577     4.4859     4.5385    -0.0010    91.1893 1.0000e-12  -64.87070  -63.82936 345.240212      99.97 0.0000e+00   1697.344      40737  1029.3890  1029.3879    34.5998    34.5987    7.80036         43 0.0000e+00
    354.000    350.233     1.1374  29.872679     1.1375  29.871597     4.4728     4.5425    -0.0077    91.1892 1.0000e-12  -64.87070  -63.82937 345.240230      99.97 0.0000e+00   1698.859      40774  1029.3843  1029.3831    34.6000    34.5986    7.80019         25 0.0000e+00
    353.000    349.245     1.1367  29.871543     1.1371  29.870785     4.4772     4.5438    -0.0077    91.1892 1.0000e-12  -64.87071  -63.82938 345.240240      99.97 0.0000e+00   1699.738      40795  1029.3796  1029.3784    34.5999    34.5985    7.80034         20 0.0000e+00
    352.000    348.256     1.1371  29.871476     1.1371  29.870253     4.4736     4.5428    -0.0077    91.1892 1.0000e-12  -64.87072  -63.82938 345.240249      99.97 0.0000e+00   1700.496      40813  1029.3749  1029.3737    34.6000    34.5984    7.80026         17 0.0000e+00
    351.000    347.267     1.1370  29.870918     1.1366  29.869335     4.4779     4.5424    -0.0077    91.1892 1.0000e-12  -64.87072  -63.82938 345.240257      99.97 0.0000e+00   1701.234      40831  1029.3702  1029.3690    34.6000    34.5984    7.80029         18 0.0000e+00
    350.000    346.279     1.1370  29.870562     1.1362  29.868592     4.4851     4.5424    -0.0077    91.1928 1.0000e-12  -64.87072  -63.82938 345.240267      99.97 0.0000e+00   1702.035      40850  1029.3655  1029.3643    34.6000    34.5984    7.80027         21 0.0000e+00
    349.000    345.290     1.1360  29.869105     1.1348  29.866486     4.4853     4.5458    -0.0077    91.1815 1.0000e-12  -64.87072  -63.82938 345.240278      99.97 0.0000e+00   1703.003      40873  1029.3609  1029.3594    34.5999    34.5979    7.80049         26 0.0000e+00
    348.000    344.301     1.1356  29.868104     1.1356  29.867007     4.4910     4.5480    -0.0101    91.1639 1.0000e-12  -64.87072  -63.82936 345.240295      99.97 0.0000e+00   1704.513      40909  1029.3560  1029.3548    34.5996    34.5982    7.80058         34 0.0000e+00
    347.000    343.314     1.1338  29.865765     1.1335  29.864313     4.4797     4.5434    -0.0116    91.1739 1.0000e-12  -64.87072  -63.82937 345.240321      99.97 0.0000e+00   1706.740      40963  1029.3511  1029.3499    34.5992    34.5977    7.80096         40 0.0000e+00
    346.000    342.325     1.1340  29.865339     1.1343  29.864424     4.4789     4.5486    -0.0098    91.1640 1.0000e-12  -64.87072  -63.82938 345.240339      99.97 0.0000e+00   1708.267      40999  1029.3462  1029.3450    34.5990    34.5975    7.80093         27 0.0000e+00
    345.000    341.337     1.1335  29.864657     1.1319  29.861885     4.4831     4.5481     0.0039    91.1646 1.0000e-12  -64.87072  -63.82940 345.240350      99.97 0.0000e+00   1709.250      41023  1029.3418  1029.3405    34.5993    34.5975    7.80102         22 0.0000e+00
    344.000    340.349     1.1324  29.862773     1.1321  29.861281     4.4821     4.5474     0.0020    91.1621 1.0000e-12  -64.87072  -63.82940 345.240359      99.97 0.0000e+00   1710.061      41042  1029.3366  1029.3354    34.5986    34.5970    7.80126         19 0.0000e+00
    343.000    339.357     1.1328  29.862649     1.1336  29.862234     4.4800     4.5501    -0.0076    91.1499 1.0000e-12  -64.87072  -63.82940 345.240368      99.97 0.0000e+00   1710.827      41061  1029.3319  1029.3307    34.5987    34.5972    7.80120         17 0.0000e+00
    342.000    338.372     1.1340  29.863594     1.1352  29.863535     4.4868     4.5484    -0.0077    91.1241 1.0000e-12  -64.87072  -63.82939 345.240378      99.97 0.0000e+00   1711.628      41080  1029.3274  1029.3262    34.5991    34.5977    7.80092         21 0.0000e+00
    341.000    337.382     1.1347  29.864004     1.1352  29.863391     4.4877     4.5519    -0.0077    91.1277 1.0000e-12  -64.87072  -63.82939 345.240389      99.97 0.0000e+00   1712.599      41103  1029.3229  1029.3218    34.5994    34.5981    7.80077         26 0.0000e+00
    340.000    336.393     1.1348  29.863480     1.1341  29.861658     4.4895     4.5492    -0.0116    91.1271 1.0000e-12  -64.87072  -63.82939 345.240406      99.97 0.0000e+00   1714.110      41140  1029.3181  1029.3169    34.5992    34.5977    7.80076         46 0.0000e+00
    339.000    335.406     1.1342  29.862439     1.1342  29.861339     4.4893     4.5457    -0.0075    91.1456 1.0000e-12  -64.87072  -63.82938 345.240429      99.97 0.0000e+00   1716.042      41186  1029.3134  1029.3123    34.5992    34.5978    7.80089         35 0.0000e+00
    338.000    334.416     1.1338  29.861577     1.1336  29.860200     4.4902     4.5455    -0.0077    91.1642 1.0000e-12  -64.87072  -63.82940 345.240445      99.97 0.0000e+00   1717.412      41219  1029.3086  1029.3074    34.5990    34.5975    7.80097         24 0.0000e+00
    337.000    333.427     1.1340  29.861551     1.1338  29.859842     4.4962     4.5458    -0.0077    91.1468 1.0000e-12  -64.87072  -63.82940 345.240457      99.97 0.0000e+00   1718.467      41244  1029.3041  1029.3026    34.5993    34.5974    7.80091         25 0.0000e+00
    336.000    332.439     1.1344  29.861249     1.1341  29.859858     4.4908     4.5489    -0.0077    91.1476 1.0000e-12  -64.87072  -63.82940 345.240469      99.97 0.0000e+00   1719.511      41269  1029.2993  1029.2981    34.5992    34.5977    7.80085         26 0.0000e+00
    335.000    331.450     1.1344  29.860832     1.1340  29.859296     4.4925     4.5528    -0.0005    91.1338 1.0000e-12  -64.87072  -63.82941 345.240483      99.97 0.0000e+00   1720.717      41298  1029.2946  1029.2934    34.5992    34.5977    7.80085         32 0.0000e+00
    334.000    330.461     1.1308  29.856848     1.1333  29.858234     4.4998     4.5594    -0.0029    91.1151 1.0000e-12  -64.87072  -63.82942 345.240498      99.97 0.0000e+00   1722.037      41330  1029.2898  1029.2887    34.5987    34.5976    7.80159         30 0.0000e+00
