NBP2113_155081_ctd/data/nbp2113_016.ros
* Sea-Bird SBE 9 Data File:
* FileName = D:\Data\raw\NBP2113_016.hex
* Software Version Seasave V 7.26.7.121
* Temperature SN = 2438
* Conductivity SN = 2067
* Number of Bytes Per Scan = 40
* Number of Voltage Words = 5
* Number of Scans Averaged by the Deck Unit = 1
* NMEA Latitude = 65 52.76 S
* NMEA Longitude = 068 17.29 W
* NMEA UTC (Time) = Nov 28 2021  02:04:04
* NMEA baud rate = 9600
** Ship: RVIB N.B. Palmer
** Cruise: NBP2113 LTER
** Station: 400.100
** Operator: S. Blackman
# nquan = 20
# nvalues = 1166                                  
# units = specified
# name 0 = prDM: Pressure, Digiquartz [db]
# name 1 = depSM: Depth [salt water, m]
# name 2 = t090C: Temperature [ITS-90, deg C]
# name 3 = c0mS/cm: Conductivity [mS/cm]
# name 4 = t190C: Temperature, 2 [ITS-90, deg C]
# name 5 = c1mS/cm: Conductivity, 2 [mS/cm]
# name 6 = sbeox0ML/L: Oxygen, SBE 43 [ml/l]
# name 7 = sbeox1ML/L: Oxygen, SBE 43, 2 [ml/l]
# name 8 = flECO-AFL: Fluorescence, WET Labs ECO-AFL/FL [mg/m^3]
# name 9 = CStarTr0: Beam Transmission, WET Labs C-Star [%]
# name 10 = par: PAR/Irradiance, Biospherical/Licor
# name 11 = latitude: Latitude [deg]
# name 12 = longitude: Longitude [deg]
# name 13 = timeJ: Julian Days
# name 14 = altM: Altimeter [m]
# name 15 = spar: SPAR, Biospherical/Licor
# name 16 = timeS: Time, Elapsed [seconds]
# name 17 = scan: Scan Count
# name 18 = nbf: Bottles Fired
# name 19 = flag:  0.000e+00
# interval = seconds: 0.0416667
# start_time = Nov 28 2021 02:04:04 [NMEA time, header]
# bad_flag = -9.990e-29
*END*
[from data line 869]
     29.739     29.443    -0.5015  27.905435    -0.5013  27.904601     8.1040     8.1920     2.4392    90.3909 1.6797e-01  -65.88304  -68.28580 332.105682      99.98 3.5258e+00   1686.958      40488         18  0.000e+00
     29.787     29.491    -0.5018  27.905377    -0.5013  27.904432     8.1091     8.1915     2.4318    90.3909 1.6797e-01  -65.88304  -68.28580 332.105683      99.98 3.5258e+00   1687.000      40489         18  0.000e+00
     29.787     29.491    -0.5018  27.905377    -0.5018  27.904432     8.1096     8.1965     2.4392    90.3909 1.6562e-01  -65.88304  -68.28580 332.105683      99.98 3.5258e+00   1687.042      40490         18  0.000e+00
     29.814     29.518    -0.5018  27.905550    -0.5018  27.904432     8.1159     8.1968     2.4392    90.3909 1.6797e-01  -65.88304  -68.28580 332.105684      99.93 3.5258e+00   1687.083      40491         18  0.000e+00
     29.835     29.538    -0.5017  27.905435    -0.5018  27.903983     8.1178     8.1915     2.2853    90.3909 1.6562e-01  -65.88304  -68.28580 332.105684      99.95 3.5258e+00   1687.125      40492         18  0.000e+00
     29.835     29.538    -0.5021  27.905378    -0.5021  27.904376     8.1166     8.1908     2.0802    90.3909 1.6562e-01  -65.88304  -68.28580 332.105685      99.98 3.5258e+00   1687.167      40493         18  0.000e+00
     29.890     29.593    -0.5018  27.905550    -0.5019  27.904264     8.1185     8.1909     2.0289    90.3909 1.6562e-01  -65.88304  -68.28580 332.105685      99.98 3.5258e+00   1687.208      40494         18  0.000e+00
     29.890     29.593    -0.5018  27.905435    -0.5019  27.903927     8.1132     8.1911     2.0362    90.3909 1.6562e-01  -65.88304  -68.28580 332.105686      99.98 3.5258e+00   1687.250      40495         18  0.000e+00
     29.938     29.640    -0.5017  27.905378    -0.5019  27.904039     8.1183     8.1903     2.0509    90.3394 1.6562e-01  -65.88304  -68.28580 332.105686      99.98 3.5258e+00   1687.292      40496         18  0.000e+00
     29.992     29.694    -0.5017  27.905378    -0.5019  27.904320     8.1146     8.1904     2.0509    90.2622 1.6328e-01  -65.88304  -68.28580 332.105687      99.98 3.5258e+00   1687.333      40497         18  0.000e+00
     29.890     29.593    -0.5018  27.905550    -0.5019  27.904320     8.1109     8.1904     2.0509    90.2622 1.6562e-01  -65.88304  -68.28580 332.105687      99.95 3.5258e+00   1687.375      40498         18  0.000e+00
     30.095     29.796    -0.5015  27.905436    -0.5019  27.904377     8.1121     8.1907     2.0509    90.2622 1.6328e-01  -65.88304  -68.28580 332.105688      99.95 3.5258e+00   1687.417      40499         18  0.000e+00
     30.040     29.742    -0.5017  27.904918    -0.5019  27.904208     8.1179     8.1962     2.0509    90.2622 1.6328e-01  -65.88304  -68.28580 332.105688      99.98 3.5258e+00   1687.458      40500         18  0.000e+00
     16.051     15.892    -0.5018  27.899297    -0.5019  27.897930     8.1003     8.1987     2.3879    90.3652 7.9969e-01  -65.88314  -68.28576 332.106463      99.95 3.5258e+00   1754.417      42107         19  0.000e+00
     16.133     15.973    -0.5018  27.899240    -0.5019  27.897818     8.0977     8.1931     2.3879    90.3652 7.9969e-01  -65.88314  -68.28576 332.106464      99.98 3.5258e+00   1754.458      42108         19  0.000e+00
     16.181     16.020    -0.5015  27.899067    -0.5021  27.897706     8.1009     8.1938     2.3879    90.3652 7.9557e-01  -65.88314  -68.28576 332.106464      99.98 3.5258e+00   1754.500      42109         19  0.000e+00
     16.146     15.987    -0.5018  27.899355    -0.5021  27.897762     8.0925     8.1989     2.3879    90.3652 7.8736e-01  -65.88314  -68.28576 332.106465      99.98 3.5258e+00   1754.542      42110         19  0.000e+00
     16.181     16.020    -0.5015  27.899067    -0.5021  27.897818     8.0887     8.1895     2.3879    90.3652 7.8736e-01  -65.88314  -68.28576 332.106465      99.93 3.5258e+00   1754.583      42111         19  0.000e+00
     16.249     16.088    -0.5018  27.899182    -0.5019  27.897819     8.0878     8.1985     2.3879    90.3652 7.7919e-01  -65.88314  -68.28576 332.106466      99.95 3.5258e+00   1754.625      42112         19  0.000e+00
     16.181     16.021    -0.5020  27.899240    -0.5021  27.898324     8.0913     8.1944     2.3879    90.3652 7.7919e-01  -65.88314  -68.28576 332.106466      99.98 3.5258e+00   1754.667      42113         19  0.000e+00
     16.283     16.122    -0.5020  27.899240    -0.5021  27.898156     8.0964     8.1998     2.3879    90.3652 7.7513e-01  -65.88314  -68.28576 332.106467      99.98 3.5258e+00   1754.708      42114         19  0.000e+00
     16.304     16.143    -0.5020  27.899010    -0.5021  27.897875     8.0955     8.1904     2.3879    90.3652 7.7107e-01  -65.88314  -68.28576 332.106467      99.98 3.5258e+00   1754.750      42115         19  0.000e+00
     16.331     16.170    -0.5018  27.898952    -0.5021  27.897987     8.0974     8.2011     2.3879    90.3909 7.6703e-01  -65.88314  -68.28576 332.106467      99.98 3.5258e+00   1754.792      42116         19  0.000e+00
     16.352     16.190    -0.5020  27.899355    -0.5021  27.897875     8.0993     8.1909     2.3879    90.3909 7.6300e-01  -65.88314  -68.28576 332.106468      99.98 3.5258e+00   1754.833      42117         19  0.000e+00
     16.331     16.170    -0.5018  27.899067    -0.5021  27.897931     8.1012     8.1962     2.3879    90.3652 7.5898e-01  -65.88314  -68.28576 332.106468      99.95 3.5258e+00   1754.875      42118         19  0.000e+00
     16.386     16.224    -0.5018  27.898952    -0.5019  27.897819     8.1033     8.2015     2.3879    90.3909 7.5497e-01  -65.88314  -68.28576 332.106469      99.95 3.5258e+00   1754.917      42119         19  0.000e+00
     16.455     16.292    -0.5020  27.899183    -0.5022  27.897594     8.0997     8.1978     2.3879    90.3909 7.5097e-01  -65.88314  -68.28576 332.106469      99.98 3.5258e+00   1754.958      42120         19  0.000e+00
     16.434     16.271    -0.5020  27.898780    -0.5024  27.897931     8.1005     8.1976     2.3879    90.3652 7.4301e-01  -65.88314  -68.28576 332.106470      99.98 3.5258e+00   1755.000      42121         19  0.000e+00
     16.455     16.292    -0.5021  27.898665    -0.5019  27.897763     8.1059     8.1920     2.3879    90.3652 7.3904e-01  -65.88314  -68.28576 332.106470      99.98 3.5258e+00   1755.042      42122         19  0.000e+00
     16.482     16.319    -0.5018  27.898895    -0.5022  27.897988     8.1054     8.2020     2.3879    90.3652 7.3509e-01  -65.88314  -68.28576 332.106471      99.93 3.5258e+00   1755.083      42123         19  0.000e+00
     16.482     16.319    -0.5020  27.898722    -0.5021  27.897651     8.1063     8.1918     2.3219    90.3652 7.3115e-01  -65.88314  -68.28576 332.106471      99.95 3.5258e+00   1755.125      42124         19  0.000e+00
     16.557     16.393    -0.5021  27.899126    -0.5023  27.897538     8.1058     8.2019     2.2560    90.3652 7.2721e-01  -65.88314  -68.28576 332.106472      99.98 3.5258e+00   1755.167      42125         19  0.000e+00
     16.537     16.373    -0.5018  27.899241    -0.5024  27.897707     8.1109     8.1971     2.2487    90.3909 7.2329e-01  -65.88314  -68.28576 332.106472      99.98 3.5258e+00   1755.208      42126         19  0.000e+00
     16.605     16.441    -0.5021  27.899011    -0.5024  27.897482     8.1116     8.1916     2.2487    90.3652 7.1938e-01  -65.88314  -68.28576 332.106473      99.98 3.5258e+00   1755.250      42127         19  0.000e+00
     16.585     16.421    -0.5018  27.899356    -0.5023  27.898101     8.1120     8.1960     2.2560    90.3652 7.1549e-01  -65.88314  -68.28576 332.106473      99.98 3.5258e+00   1755.292      42128         19  0.000e+00
     16.585     16.421    -0.5020  27.899068    -0.5027  27.897707     8.1139     8.1960     2.2487    90.3652 7.1160e-01  -65.88314  -68.28576 332.106474      99.98 3.5258e+00   1755.333      42129         19  0.000e+00
     16.660     16.495    -0.5020  27.899183    -0.5024  27.897370     8.1157     8.1905     2.2560    90.3909 7.0772e-01  -65.88314  -68.28576 332.106474      99.95 3.5258e+00   1755.375      42130         19  0.000e+00
     16.640     16.475    -0.5021  27.899011    -0.5025  27.897820     8.1116     8.1895     2.2487    90.3652 7.0772e-01  -65.88314  -68.28576 332.106475      99.95 3.5258e+00   1755.417      42131         19  0.000e+00
     16.660     16.495    -0.5021  27.898723    -0.5024  27.898045     8.1062     8.1986     2.2487    90.3909 7.0386e-01  -65.88314  -68.28576 332.106475      99.98 3.5258e+00   1755.458      42132         19  0.000e+00
     16.688     16.522    -0.5020  27.899299    -0.5027  27.897651     8.1066     8.1895     2.2560    90.3909 7.0000e-01  -65.88314  -68.28576 332.106476      99.98 3.5258e+00   1755.500      42133         19  0.000e+00
     16.688     16.522    -0.5021  27.898838    -0.5025  27.897707     8.1174     8.1986     2.2487    90.5197 6.9616e-01  -65.88314  -68.28576 332.106476      99.98 3.5258e+00   1755.542      42134         19  0.000e+00
     16.708     16.543    -0.5022  27.898896    -0.5024  27.897820     8.1134     8.1930     2.2487    90.5969 6.9233e-01  -65.88314  -68.28576 332.106477      99.93 3.5258e+00   1755.583      42135         19  0.000e+00
     16.736     16.570    -0.5021  27.899356    -0.5023  27.897932     8.1196     8.1883     2.2487    90.5969 6.8850e-01  -65.88314  -68.28576 332.106477      99.95 3.5258e+00   1755.625      42136         19  0.000e+00
     16.756     16.590    -0.5022  27.899299    -0.5022  27.898045     8.1228     8.1983     2.2487    90.5969 6.8850e-01  -65.88314  -68.28576 332.106478      99.98 3.5258e+00   1755.667      42137         19  0.000e+00
     16.736     16.570    -0.5023  27.899241    -0.5021  27.898101     8.1246     8.1880     2.2487    90.5712 6.8469e-01  -65.88314  -68.28576 332.106478      99.98 3.5258e+00   1755.708      42138         19  0.000e+00
     16.736     16.570    -0.5023  27.899011    -0.5023  27.898101     8.1334     8.1871     2.2560    90.5969 6.8089e-01  -65.88314  -68.28576 332.106479      99.98 3.5258e+00   1755.750      42139         19  0.000e+00
     16.811     16.644    -0.5022  27.898551    -0.5022  27.897764     8.1365     8.1973     2.2560    90.5712 6.8089e-01  -65.88314  -68.28576 332.106479      99.98 3.5258e+00   1755.792      42140         19  0.000e+00
     16.790     16.624    -0.5023  27.899069    -0.5022  27.897764     8.1291     8.1871     2.2487    90.5712 6.7710e-01  -65.88314  -68.28576 332.106480      99.98 3.5258e+00   1755.833      42141         19  0.000e+00
     16.756     16.590    -0.5022  27.899011    -0.5024  27.897989     8.1307     8.1862     2.2560    90.5712 6.7332e-01  -65.88314  -68.28576 332.106480      99.95 3.5258e+00   1755.875      42142         19  0.000e+00
     16.791     16.624    -0.5023  27.898954    -0.5024  27.897651     8.1310     8.1972     2.2560    90.5969 6.7332e-01  -65.88314  -68.28576 332.106481      99.95 3.5258e+00   1755.917      42143         19  0.000e+00
     16.838     16.672    -0.5020  27.898954    -0.5024  27.897651     8.1313     8.1863     2.2487    90.5712 6.6955e-01  -65.88314  -68.28576 332.106481      99.98 3.5258e+00   1755.958      42144         19  0.000e+00
     16.811     16.645    -0.5023  27.898954    -0.5023  27.897539     8.1330     8.1863     2.2560    90.5712 6.6580e-01  -65.88314  -68.28576 332.106481      99.98 3.5258e+00   1756.000      42145         19  0.000e+00
     16.838     16.672    -0.5023  27.898954    -0.5024  27.897708     8.1334     8.1965     2.2487    90.5969 6.6205e-01  -65.88314  -68.28576 332.106482      99.98 3.5258e+00   1756.042      42146         19  0.000e+00
     16.811     16.645    -0.5023  27.898723    -0.5022  27.897989     8.1337     8.1872     2.2560    90.5712 6.6205e-01  -65.88314  -68.28576 332.106482      99.93 3.5258e+00   1756.083      42147         19  0.000e+00
     16.839     16.672    -0.5023  27.898839    -0.5024  27.897876     8.1355     8.1857     2.2487    90.5712 6.5831e-01  -65.88314  -68.28576 332.106483      99.95 3.5258e+00   1756.125      42148         19  0.000e+00
     16.839     16.672    -0.5022  27.898954    -0.5024  27.897933     8.1358     8.1913     2.2487    90.5712 6.5458e-01  -65.88314  -68.28576 332.106483      99.98 3.5258e+00   1756.167      42149         19  0.000e+00
     16.811     16.645    -0.5023  27.898723    -0.5021  27.897820     8.1376     8.1913     2.3000    90.5712 6.5087e-01  -65.88314  -68.28576 332.106484      99.98 3.5258e+00   1756.208      42150         19  0.000e+00
     16.839     16.672    -0.5021  27.898896    -0.5025  27.897820     8.1496     8.1870     2.4099    90.5969 6.5087e-01  -65.88314  -68.28576 332.106484      99.98 3.5258e+00   1756.250      42151         19  0.000e+00
     16.811     16.645    -0.5022  27.899184    -0.5025  27.897595     8.1454     8.1918     2.4465    90.5712 6.4716e-01  -65.88314  -68.28576 332.106485      99.98 3.5258e+00   1756.292      42152         19  0.000e+00
     16.839     16.672    -0.5024  27.899011    -0.5024  27.897876     8.1443     8.1911     2.4465    90.5712 6.4347e-01  -65.88314  -68.28576 332.106485      99.98 3.5258e+00   1756.333      42153         19  0.000e+00
     16.839     16.672    -0.5020  27.898781    -0.5024  27.897820     8.1384     8.1867     2.4392    90.4682 6.4347e-01  -65.88314  -68.28576 332.106486      99.95 3.5258e+00   1756.375      42154         19  0.000e+00
     16.757     16.591    -0.5024  27.899069    -0.5024  27.897820     8.1428     8.1906     2.4392    90.4167 6.3978e-01  -65.88314  -68.28576 332.106486      99.95 3.5258e+00   1756.417      42155         19  0.000e+00
     14.528     14.384    -0.5017  27.898429    -0.5018  27.897308     8.1310     8.1823     2.5930    90.5454 8.8902e-01  -65.88314  -68.28572 332.106539      99.98 3.5258e+00   1760.958      42264         20  0.000e+00
     14.562     14.418    -0.5017  27.898602    -0.5018  27.897308     8.1291     8.1823     2.5930    90.5454 8.9341e-01  -65.88314  -68.28572 332.106539      99.98 3.5258e+00   1761.000      42265         20  0.000e+00
     14.528     14.384    -0.5015  27.898487    -0.5018  27.896858     8.1213     8.1813     2.5930    90.5454 8.9341e-01  -65.88314  -68.28572 332.106540      99.98 3.5258e+00   1761.042      42266         20  0.000e+00
     14.562     14.418    -0.5017  27.898602    -0.5021  27.896915     8.1123     8.1713     2.5930    90.5454 8.9781e-01  -65.88314  -68.28572 332.106540      99.93 3.5258e+00   1761.083      42267         20  0.000e+00
     14.528     14.384    -0.5015  27.898257    -0.5018  27.897027     8.1092     8.1704     2.5930    90.5454 8.9341e-01  -65.88314  -68.28572 332.106541      99.95 3.5258e+00   1761.125      42268         20  0.000e+00
     14.562     14.418    -0.5018  27.898545    -0.5019  27.897139     8.1107     8.1798     2.5857    90.5454 8.9781e-01  -65.88314  -68.28572 332.106541      99.98 3.5258e+00   1761.167      42269         20  0.000e+00
     14.582     14.438    -0.5017  27.898487    -0.5019  27.897252     8.1078     8.1800     2.5930    90.5454 8.9781e-01  -65.88314  -68.28572 332.106542      99.98 3.5258e+00   1761.208      42270         20  0.000e+00
     14.617     14.472    -0.5015  27.898027    -0.5019  27.897308     8.1050     8.1811     2.5930    90.5454 8.9781e-01  -65.88314  -68.28572 332.106542      99.98 3.5258e+00   1761.250      42271         20  0.000e+00
     14.582     14.438    -0.5017  27.898084    -0.5016  27.897308     8.1108     8.1711     2.5930    90.5454 8.9781e-01  -65.88314  -68.28572 332.106543      99.98 3.5258e+00   1761.292      42272         20  0.000e+00
     14.617     14.472    -0.5014  27.898372    -0.5021  27.897364     8.1180     8.1698     2.5930    90.5454 8.9781e-01  -65.88314  -68.28572 332.106543      99.98 3.5258e+00   1761.333      42273         20  0.000e+00
