NBP2113_155081_ctd/data/nbp2113_028.cnv
* Sea-Bird SBE 9 Data File:
* FileName = D:\Data\raw\NBP2113_028.hex
* Software Version Seasave V 7.26.7.121
* Temperature SN = 2438
* Conductivity SN = 2067
* Number of Bytes Per Scan = 40
* Number of Voltage Words = 5
* Number of Scans Averaged by the Deck Unit = 1
* NMEA Latitude = 68 01.84 S
* NMEA Longitude = 069 17.14 W
* NMEA UTC (Time) = Dec 04 2021  16:43:12
* NMEA baud rate = 9600
** Ship: RVIB N.B. Palmer
** Cruise: NBP2113 LTER
** Station: 200.-040
** Operator: S. Blackman
# nquan = 25
# nvalues = 410                         
# units = specified
# name 0 = prDM: Pressure, Digiquartz [db]
# name 1 = depSM: Depth [salt water, m]
# name 2 = t090C: Temperature [ITS-90, deg C]
# name 3 = c0mS/cm: Conductivity [mS/cm]
# name 4 = t190C: Temperature, 2 [ITS-90, deg C]
# name 5 = c1mS/cm: Conductivity, 2 [mS/cm]
# name 6 = sbeox0ML/L: Oxygen, SBE 43 [ml/l]
# name 7 = sbeox1ML/L: Oxygen, SBE 43, 2 [ml/l]
# name 8 = flECO-AFL: Fluorescence, WET Labs ECO-AFL/FL [mg/m^3]
# name 9 = CStarTr0: Beam Transmission, WET Labs C-Star [%]
# name 10 = par: PAR/Irradiance, Biospherical/Licor
# name 11 = latitude: Latitude [deg]
# name 12 = longitude: Longitude [deg]
# name 13 = timeJ: Julian Days
# name 14 = altM: Altimeter [m]
# name 15 = spar: SPAR, Biospherical/Licor
# name 16 = timeS: Time, Elapsed [seconds]
# name 17 = scan: Scan Count
# name 18 = density00: Density [density, kg/m^3]
# name 19 = density11: Density, 2 [density, kg/m^3]
# name 20 = sal00: Salinity, Practical [PSU]
# name 21 = sal11: Salinity, Practical, 2 [PSU]
# name 22 = oxsolML/L: Oxygen Saturation, Garcia & Gordon [ml/l]
# name 23 = nbin: number of scans per bin
# name 24 = flag: flag
# span 0 =      1.000,    207.000       
# span 1 =      0.991,    204.827       
# span 2 =    -1.2248,    -0.2025       
# span 3 =  27.201273,  28.409158       
# span 4 =    -1.2238,    -0.2029       
# span 5 =  27.200496,  28.407635       
# span 6 =     5.9636,     9.0651       
# span 7 =     6.0680,     8.4106       
# span 8 =     0.0809,     1.8335       
# span 9 =    88.4744,    95.7307       
# span 10 = -1.102e-05, 7.6171e+02      
# span 11 =  -68.03098,  -68.03058      
# span 12 =  -69.28598,  -69.28564      
# span 13 = 338.700202, 338.709903      
# span 14 =       9.40,     102.00      
# span 15 = 1.0154e+03, 1.1309e+03      
# span 16 =    305.444,   1143.637      
# span 17 =       7332,      27448      
# span 18 =  1027.1902,  1028.5095      
# span 19 =  1027.1888,  1028.5084      
# span 20 =    33.8144,    34.2686      
# span 21 =    33.8125,    34.2671      
# span 22 =    8.09406,    8.33884      
# span 23 =          1,         70      
# span 24 = 0.0000e+00, 0.0000e+00      
# interval = decibars: 1                
# start_time = Dec 04 2021 16:43:12 [NMEA time, header]
# bad_flag = -9.990e-29
*END*
[from data line 290]
    120.000    118.765    -0.9430  27.546648    -0.9470  27.541268     7.7710     7.8184     0.4431    94.8355 1.0000e-12  -68.03084  -69.28578 338.706638      99.97 1.1183e+03    861.562      20678  1027.9116  1027.9096    33.9944    33.9915    8.26986         26 0.0000e+00
    119.000    117.776    -0.9426  27.546723    -0.9445  27.543567     7.7474     7.8229     0.4670    94.7958 1.0000e-12  -68.03085  -69.28578 338.706655      99.97 1.1090e+03    863.005      20713  1027.9070  1027.9054    33.9947    33.9925    8.26976         42 0.0000e+00
    118.000    116.786    -0.9446  27.544232    -0.9427  27.544907     7.7872     7.8234     0.4586    94.8405 1.0000e-12  -68.03086  -69.28578 338.706680      99.97 1.0946e+03    865.152      20765  1027.9019  1027.9007    33.9941    33.9929    8.27022         39 0.0000e+00
    117.000    115.796    -0.9441  27.543994    -0.9437  27.543072     7.7685     7.8128     0.4808    94.8303 1.0000e-12  -68.03086  -69.28576 338.706700      99.97 1.0905e+03    866.901      20807  1027.8969  1027.8955    33.9939    33.9922    8.27013         36 0.0000e+00
    116.000    114.807    -0.9488  27.538443    -0.9501  27.535749     7.7054     7.7877     0.4510    94.7783 1.0000e-12  -68.03086  -69.28576 338.706715      99.97 1.0921e+03    868.170      20837  1027.8910  1027.8894    33.9922    33.9901    8.27125         26 0.0000e+00
    115.000    113.819    -0.9576  27.528178    -0.9565  27.527987     7.6502     7.7524     0.3655    94.8142 1.0000e-12  -68.03084  -69.28578 338.706726      99.97 1.0916e+03    869.137      20860  1027.8841  1027.8828    33.9889    33.9873    8.27340         21 0.0000e+00
    114.000    112.828    -0.9613  27.523194    -0.9612  27.522347     7.6129     7.7310     0.3925    94.8160 2.4945e-04  -68.03084  -69.28578 338.706736      99.97 1.0901e+03    869.975      20880  1027.8779  1027.8769    33.9869    33.9856    8.27433         20 0.0000e+00
    113.000    111.838    -0.9731  27.511966    -0.9790  27.505643     7.5939     7.7199     0.4071    94.8033 2.2627e-03  -68.03084  -69.28578 338.706745      99.97 1.0874e+03    870.801      20900  1027.8728  1027.8716    33.9855    33.9836    8.27700         20 0.0000e+00
    112.000    110.849    -0.9854  27.500638    -0.9879  27.497247     7.6090     7.7280     0.4326    94.8153 5.0967e-03  -68.03084  -69.28578 338.706756      99.97 1.0839e+03    871.702      20922  1027.8680  1027.8667    33.9846    33.9828    8.27977         23 0.0000e+00
    111.000    109.859    -0.9907  27.495228    -0.9887  27.496745     7.6764     7.7363     0.4913    94.8463 7.9618e-03  -68.03084  -69.28579 338.706768      99.97 1.0787e+03    872.784      20948  1027.8628  1027.8625    33.9839    33.9837    8.28098         29 0.0000e+00
    110.000    108.871    -0.9801  27.504489    -0.9722  27.510882     7.6784     7.7400     0.5335    94.8076 1.0567e-02  -68.03084  -69.28580 338.706784      99.97 1.0757e+03    874.118      20980  1027.8581  1027.8574    33.9851    33.9849    8.27857         35 0.0000e+00
    109.000    107.882    -0.9786  27.504922    -0.9748  27.507502     7.6780     7.7566     0.5098    94.7297 1.4346e-02  -68.03084  -69.28579 338.706801      99.97 1.0783e+03    875.605      21016  1027.8528  1027.8519    33.9846    33.9838    8.27827         33 0.0000e+00
    108.000    106.891    -0.9832  27.499556    -0.9793  27.502744     7.7148     7.7841     0.4986    94.7545 1.8482e-02  -68.03084  -69.28578 338.706817      99.97 1.0792e+03    877.016      21049  1027.8470  1027.8468    33.9831    33.9831    8.27936         32 0.0000e+00
    107.000    105.902    -0.9810  27.501179    -0.9764  27.502664     7.7377     7.7939     0.4554    94.8012 2.3141e-02  -68.03084  -69.28578 338.706831      99.97 1.0769e+03    878.218      21078  1027.8423  1027.8395    33.9835    33.9804    8.27886         27 0.0000e+00
    106.000    104.913    -0.9755  27.503018    -0.9732  27.502409     7.7202     7.7848     0.4047    94.7382 2.8863e-02  -68.03084  -69.28578 338.706844      99.97 1.0729e+03    879.327      21105  1027.8346  1027.8317    33.9803    33.9770    8.27783         27 0.0000e+00
    105.000    103.922    -0.9785  27.498140    -0.9816  27.494030     7.7047     7.7533     0.4157    94.6244 3.4662e-02  -68.03084  -69.28578 338.706857      99.97 1.0718e+03    880.484      21133  1027.8278  1027.8265    33.9777    33.9757    8.27864         28 0.0000e+00
    104.000    102.934    -0.9898  27.487195    -0.9967  27.479660     7.6741     7.7299     0.5224    94.6451 4.0449e-02  -68.03084  -69.28578 338.706872      99.97 1.0731e+03    881.749      21163  1027.8225  1027.8210    33.9762    33.9738    8.28122         33 0.0000e+00
    103.000    101.944    -1.0022  27.475161    -1.0064  27.470265     7.6505     7.7136     0.5095    94.6317 4.5723e-02  -68.03084  -69.28578 338.706888      99.97 1.0728e+03    883.145      21196  1027.8171  1027.8158    33.9745    33.9726    8.28406         35 0.0000e+00
    102.000    100.955    -1.0237  27.454484    -1.0332  27.444810     7.6105     7.6898     0.5710    94.7506 5.0210e-02  -68.03084  -69.28580 338.706905      99.98 1.0699e+03    884.566      21231  1027.8110  1027.8096    33.9713    33.9688    8.28901         31 0.0000e+00
    101.000     99.965    -1.0186  27.456923    -1.0214  27.452416     7.5533     7.6754     0.4978    94.7317 5.4415e-02  -68.03084  -69.28580 338.706918      99.97 1.0693e+03    885.698      21258  1027.8041  1027.8018    33.9694    33.9664    8.28798         24 0.0000e+00
    100.000     98.976    -1.0192  27.451313    -1.0204  27.449327     7.5317     7.6421     0.4149    94.6387 5.9684e-02  -68.03084  -69.28580 338.706928      99.97 1.0701e+03    886.579      21279  1027.7941  1027.7931    33.9630    33.9617    8.28849         19 0.0000e+00
     99.000     97.986    -1.0511  27.420719    -1.0585  27.413105     7.4848     7.6162     0.3719    94.6153 6.5640e-02  -68.03084  -69.28580 338.706937      99.97 1.0701e+03    887.356      21298  1027.7874  1027.7862    33.9580    33.9560    8.29584         18 0.0000e+00
     98.000     96.997    -1.0809  27.394178    -1.0873  27.387003     7.4989     7.6227     0.3480    94.6421 7.2328e-02  -68.03084  -69.28580 338.706946      99.97 1.0701e+03    888.144      21316  1027.7828  1027.7811    33.9560    33.9536    8.30253         20 0.0000e+00
     97.000     96.006    -1.0909  27.384429    -1.0863  27.387759     7.5269     7.6262     0.3688    94.7511 8.0254e-02  -68.03084  -69.28580 338.706957      99.97 1.0701e+03    889.123      21340  1027.7772  1027.7764    33.9547    33.9541    8.30483         29 0.0000e+00
     96.000     95.018    -1.0784  27.395996    -1.0711  27.401432     7.5371     7.6168     0.3685    94.7052 8.9329e-02  -68.03084  -69.28579 338.706980      99.97 1.0673e+03    891.084      21387  1027.7730  1027.7718    33.9570    33.9561    8.30194         37 0.0000e+00
     95.000     94.028    -1.0747  27.399008    -1.0733  27.398223     7.7587     7.7306     0.3867    94.6508 9.8964e-02  -68.03084  -69.28580 338.707004      99.97 1.0609e+03    893.157      21437  1027.7681  1027.7658    33.9576    33.9549    8.30109         31 0.0000e+00
     94.000     93.038    -1.0659  27.405439    -1.0636  27.405665     7.9713     7.8502     0.3497    94.6663 1.1031e-01  -68.03084  -69.28580 338.707017      99.97 1.0549e+03    894.285      21464  1027.7621  1027.7601    33.9570    33.9547    8.29917         25 0.0000e+00
     93.000     92.049    -0.9180  27.534145    -0.9260  27.525593     8.0602     7.9456     0.3293    94.3906 1.2285e-01  -68.03082  -69.28580 338.707028      99.97 1.0501e+03    895.250      21487  1027.7545  1027.7528    33.9659    33.9633    8.26607         21 0.0000e+00
     92.000     91.060    -0.7848  27.641518    -0.8015  27.625720     8.0376     7.9722     0.4237    94.0254 1.3568e-01  -68.03082  -69.28580 338.707039      99.97 1.0463e+03    896.154      21509  1027.7379  1027.7370    33.9620    33.9594    8.23705         22 0.0000e+00
     91.000     90.069    -0.7642  27.657978    -0.7543  27.664574     8.0155     7.9810     0.5396    93.7069 1.4901e-01  -68.03082  -69.28580 338.707049      99.97 1.0445e+03    897.046      21530  1027.7323  1027.7298    33.9617    33.9596    8.23257         22 0.0000e+00
     90.000     89.080    -0.7528  27.666561    -0.7494  27.667786     7.9630     7.9700     0.6995    93.2588 1.6225e-01  -68.03082  -69.28580 338.707060      99.97 1.0433e+03    897.991      21553  1027.7271  1027.7251    33.9612    33.9590    8.23012         23 0.0000e+00
     89.000     88.090    -0.7765  27.645326    -0.7500  27.665929     7.9276     7.9486     0.9519    92.9164 1.7547e-01  -68.03082  -69.28580 338.707073      99.97 1.0415e+03    899.110      21580  1027.7237  1027.7202    33.9597    33.9578    8.23539         32 0.0000e+00
     88.000     87.100    -0.7936  27.629480    -0.7865  27.635147     7.9463     7.9696     0.9545    92.9227 1.8734e-01  -68.03082  -69.28580 338.707092      99.97 1.0388e+03    900.762      21619  1027.7196  1027.7191    33.9581    33.9579    8.23921         36 0.0000e+00
     87.000     86.112    -0.7963  27.627923    -0.7927  27.629439     7.9935     7.9984     0.8929    93.0938 2.0147e-01  -68.03082  -69.28580 338.707111      99.97 1.0389e+03    902.356      21658  1027.7169  1027.7152    33.9597    33.9577    8.23972         28 0.0000e+00
     86.000     85.122    -0.7695  27.648404    -0.7612  27.653354     8.0060     8.0114     0.9304    92.6599 2.2144e-01  -68.03082  -69.28580 338.707122      99.97 1.0415e+03    903.324      21681  1027.7091  1027.7065    33.9579    33.9552    8.23396         21 0.0000e+00
     85.000     84.132    -0.7553  27.655110    -0.7524  27.654219     7.9868     8.0149     0.8566    92.6040 2.4587e-01  -68.03082  -69.28580 338.707132      99.97 1.0451e+03    904.168      21701  1027.6985  1027.6949    33.9516    33.9471    8.23123         21 0.0000e+00
     84.000     83.142    -0.7501  27.655519    -0.7491  27.654914     7.9770     8.0104     0.9493    92.3371 2.7506e-01  -68.03082  -69.28580 338.707143      99.97 1.0496e+03    905.127      21724  1027.6900  1027.6885    33.9469    33.9449    8.23037         27 0.0000e+00
     83.000     82.153    -0.7572  27.650609    -0.7574  27.649520     7.9853     8.0169     1.0458    92.1721 3.0793e-01  -68.03082  -69.28580 338.707163      99.97 1.0546e+03    906.887      21766  1027.6878  1027.6869    33.9489    33.9477    8.23180         40 0.0000e+00
     82.000     81.162    -0.7559  27.651248    -0.7543  27.651324     8.0181     8.0313     0.9905    92.2076 3.2960e-01  -68.03082  -69.28580 338.707186      99.97 1.0600e+03    908.869      21814  1027.6834  1027.6820    33.9488    33.9472    8.23151         28 0.0000e+00
     81.000     80.175    -0.7356  27.665568    -0.7354  27.664472     7.9923     8.0359     1.0016    92.1867 3.5330e-01  -68.03082  -69.28581 338.707197      99.97 1.0658e+03    909.828      21837  1027.6752  1027.6738    33.9461    33.9443    8.22725         20 0.0000e+00
     80.000     79.185    -0.7179  27.679052    -0.7197  27.676477     7.9897     8.0342     0.9515    92.0283 3.8166e-01  -68.03082  -69.28582 338.707206      99.97 1.0724e+03    910.591      21855  1027.6684  1027.6675    33.9449    33.9436    8.22345         17 0.0000e+00
     79.000     78.195    -0.7159  27.678779    -0.7159  27.677327     7.9808     8.0351     1.0000    91.8615 4.1427e-01  -68.03080  -69.28582 338.707214      99.97 1.0784e+03    911.313      21873  1027.6621  1027.6606    33.9430    33.9411    8.22314         18 0.0000e+00
     78.000     77.205    -0.7168  27.676779    -0.7171  27.675375     7.9714     8.0335     1.0627    91.7374 4.5088e-01  -68.03080  -69.28582 338.707223      99.97 1.0831e+03    912.071      21891  1027.6568  1027.6555    33.9420    33.9403    8.22340         19 0.0000e+00
     77.000     76.216    -0.7189  27.673826    -0.7217  27.671214     7.9713     8.0307     1.1872    91.6311 4.9063e-01  -68.03080  -69.28582 338.707234      99.97 1.0857e+03    912.994      21913  1027.6515  1027.6514    33.9409    33.9405    8.22391         26 0.0000e+00
     76.000     75.225    -0.7209  27.672499    -0.7233  27.669933     8.0042     8.0360     1.1834    91.6307 5.3541e-01  -68.03082  -69.28581 338.707250      99.97 1.0790e+03    914.439      21948  1027.6479  1027.6475    33.9419    33.9412    8.22428         40 0.0000e+00
     75.000     74.235    -0.7219  27.672267    -0.7196  27.672199     7.9451     8.0293     1.1995    91.6531 5.8476e-01  -68.03082  -69.28580 338.707279      99.97 1.0514e+03    916.875      22006  1027.6447  1027.6424    33.9434    33.9407    8.22442         35 0.0000e+00
     74.000     73.246    -0.7219  27.670008    -0.7229  27.667479     7.8987     8.0085     1.1717    91.6303 6.3388e-01  -68.03082  -69.28580 338.707296      99.97 1.0388e+03    918.349      22041  1027.6382  1027.6363    33.9410    33.9387    8.22457         26 0.0000e+00
     73.000     72.258    -0.7276  27.662488    -0.7277  27.661111     7.9095     7.9923     1.0779    91.6048 6.8521e-01  -68.03080  -69.28580 338.707307      99.97 1.0351e+03    919.279      22064  1027.6313  1027.6299    33.9378    33.9361    8.22599         20 0.0000e+00
     72.000     71.268    -0.7821  27.608332    -0.7772  27.611818     7.9039     7.9743     1.0718    91.6273 7.3846e-01  -68.03080  -69.28582 338.707316      99.97 1.0326e+03    920.099      22083  1027.6211  1027.6201    33.9265    33.9256    8.23855         19 0.0000e+00
     71.000     70.276    -0.8142  27.577923    -0.8187  27.572758     7.8717     7.9557     1.0654    91.7350 7.9114e-01  -68.03080  -69.28582 338.707325      99.97 1.0309e+03    920.872      22102  1027.6148  1027.6136    33.9220    33.9200    8.24583         19 0.0000e+00
     70.000     69.289    -0.8356  27.557990    -0.8452  27.547754     7.8971     7.9629     1.0543    91.9171 8.4452e-01  -68.03080  -69.28582 338.707334      99.97 1.0292e+03    921.657      22121  1027.6094  1027.6076    33.9196    33.9166    8.25065         18 0.0000e+00
     69.000     68.298    -0.8661  27.531439    -0.8822  27.514346     7.9179     7.9817     1.0744    92.1490 8.9677e-01  -68.03080  -69.28582 338.707345      99.97 1.0273e+03    922.584      22143  1027.6054  1027.6025    33.9186    33.9135    8.25740         25 0.0000e+00
     68.000     67.309    -0.8338  27.560849    -0.8469  27.547838     7.9411     8.0008     1.0056    92.3743 9.5034e-01  -68.03080  -69.28582 338.707364      99.97 1.0250e+03    924.248      22183  1027.6012  1027.5998    33.9227    33.9198    8.25007         31 0.0000e+00
     67.000     66.319    -0.8068  27.584645    -0.7933  27.594828     7.7674     7.9243     1.0524    92.3917 1.0245e+00  -68.03080  -69.28580 338.707394      99.97 1.0236e+03    926.822      22245  1027.5964  1027.5943    33.9252    33.9239    8.24401         35 0.0000e+00
     66.000     65.329    -0.8601  27.532205    -0.8702  27.523349     7.7145     7.8541     0.9636    92.2327 1.1110e+00  -68.03080  -69.28580 338.707406      99.97 1.0225e+03    927.919      22271  1027.5868  1027.5869    33.9147    33.9141    8.25632         23 0.0000e+00
     65.000     64.340    -0.9595  27.441912    -0.9902  27.413752     7.6376     7.8200     0.8784    92.4534 1.1948e+00  -68.03080  -69.28580 338.707416      99.97 1.0225e+03    928.771      22291  1027.5802  1027.5791    33.9046    33.9008    8.27877         20 0.0000e+00
     64.000     63.350    -1.0930  27.326483    -1.0910  27.326985     7.6768     7.8016     0.8032    93.0179 1.2801e+00  -68.03080  -69.28581 338.707426      99.97 1.0215e+03    929.597      22311  1027.5786  1027.5772    33.8984    33.8969    8.30861         20 0.0000e+00
