NBP2113_155081_ctd/data/nbp2113_047.cnv
* Sea-Bird SBE 9 Data File:
* FileName = D:\Data\raw\NBP2113_047.hex
* Software Version Seasave V 7.26.7.121
* Temperature SN = 2438
* Conductivity SN = 2067
* Number of Bytes Per Scan = 40
* Number of Voltage Words = 5
* Number of Scans Averaged by the Deck Unit = 1
* NMEA Latitude = 64 51.26 S
* NMEA Longitude = 063 55.07 W
* NMEA UTC (Time) = Dec 11 2021  06:38:06
* NMEA baud rate = 9600
** Ship: RVIB N.B. Palmer
** Cruise: NBP2113 LTER
** Station: 622.029
** Operator: B. Urmston
# nquan = 25
# nvalues = 793                         
# units = specified
# name 0 = prDM: Pressure, Digiquartz [db]
# name 1 = depSM: Depth [salt water, m]
# name 2 = t090C: Temperature [ITS-90, deg C]
# name 3 = c0mS/cm: Conductivity [mS/cm]
# name 4 = t190C: Temperature, 2 [ITS-90, deg C]
# name 5 = c1mS/cm: Conductivity, 2 [mS/cm]
# name 6 = sbeox0ML/L: Oxygen, SBE 43 [ml/l]
# name 7 = sbeox1ML/L: Oxygen, SBE 43, 2 [ml/l]
# name 8 = flECO-AFL: Fluorescence, WET Labs ECO-AFL/FL [mg/m^3]
# name 9 = CStarTr0: Beam Transmission, WET Labs C-Star [%]
# name 10 = par: PAR/Irradiance, Biospherical/Licor
# name 11 = latitude: Latitude [deg]
# name 12 = longitude: Longitude [deg]
# name 13 = timeJ: Julian Days
# name 14 = altM: Altimeter [m]
# name 15 = spar: SPAR, Biospherical/Licor
# name 16 = timeS: Time, Elapsed [seconds]
# name 17 = scan: Scan Count
# name 18 = density00: Density [density, kg/m^3]
# name 19 = density11: Density, 2 [density, kg/m^3]
# name 20 = sal00: Salinity, Practical [PSU]
# name 21 = sal11: Salinity, Practical, 2 [PSU]
# name 22 = oxsolML/L: Oxygen Saturation, Garcia & Gordon [ml/l]
# name 23 = nbin: number of scans per bin
# name 24 = flag: flag
# span 0 =      1.000,    399.000       
# span 1 =      0.990,    394.723       
# span 2 =    -0.3214,     1.2997       
# span 3 =  27.879018,  30.062850       
# span 4 =    -0.3228,     1.2991       
# span 5 =  27.875411,  30.061451       
# span 6 =     4.2878,     9.8897       
# span 7 =     4.3552,     9.8871       
# span 8 =    -0.0194,     1.7769       
# span 9 =    85.4527,    91.4664       
# span 10 = 1.0000e-12, 1.8963e+01      
# span 11 =  -64.85496,  -64.85434      
# span 12 =  -63.91856,  -63.91769      
# span 13 = 345.279326, 345.298250      
# span 14 =      -0.08,     100.19      
# span 15 = 3.5258e+00, 1.0577e+01      
# span 16 =    247.770,   1882.797      
# span 17 =       5947,      45188      
# span 18 =  1027.1750,  1029.6134      
# span 19 =  1027.1731,  1029.6121      
# span 20 =    33.8162,    34.6386      
# span 21 =    33.8130,    34.6375      
# span 22 =    7.76591,    8.14521      
# span 23 =         12,         47      
# span 24 = 0.0000e+00, 0.0000e+00      
# interval = decibars: 1                
# start_time = Dec 11 2021 06:38:06 [NMEA time, header]
# bad_flag = -9.990e-29
*END*
[from data line 116]
    121.000    119.779     0.3973  28.953129     0.3967  28.951534     5.6649     5.7597     0.0887    90.7722 1.0000e-12  -64.85458  -63.91798 345.283153      99.97 7.0515e+00    578.378      13882  1028.1476  1028.1464    34.3673    34.3658    7.96302         31 0.0000e+00
    122.000    120.770     0.4017  28.959761     0.4014  28.958365     5.6566     5.7486     0.0776    90.7806 1.0000e-12  -64.85458  -63.91798 345.283167      99.97 7.0515e+00    579.637      13912  1028.1546  1028.1535    34.3704    34.3690    7.96192         30 0.0000e+00
    123.000    121.760     0.4034  28.962031     0.4030  28.960258     5.6588     5.7396     0.0869    90.7667 1.0000e-12  -64.85459  -63.91799 345.283183      99.97 7.0515e+00    580.983      13945  1028.1599  1028.1583    34.3710    34.3691    7.96155         37 0.0000e+00
    124.000    122.748     0.4049  28.964458     0.4048  28.962876     5.6519     5.7245     0.0900    90.7924 1.0000e-12  -64.85460  -63.91800 345.283204      99.96 7.0515e+00    582.867      13990  1028.1654  1028.1638    34.3719    34.3699    7.96119         35 0.0000e+00
    125.000    123.738     0.4099  28.970030     0.4091  28.968261     5.5897     5.6840     0.0843    90.8286 1.0000e-12  -64.85460  -63.91798 345.283224      99.97 7.0515e+00    584.519      14029  1028.1708  1028.1696    34.3730    34.3715    7.96010         28 0.0000e+00
    126.000    124.727     0.4180  28.980711     0.4178  28.979324     5.5757     5.6645     0.0654    90.8551 1.0000e-12  -64.85460  -63.91798 345.283235      99.97 7.0515e+00    585.463      14052  1028.1783  1028.1770    34.3773    34.3758    7.95818         20 0.0000e+00
    127.000    125.718     0.4409  29.005511     0.4372  28.999596     5.5678     5.6588     0.0730    90.8807 1.0000e-12  -64.85460  -63.91798 345.283243      99.97 7.0515e+00    586.223      14070  1028.1863  1028.1837    34.3836    34.3800    7.95311         17 0.0000e+00
    128.000    126.707     0.4481  29.015549     0.4471  29.013286     5.5617     5.6546     0.0682    90.8802 1.0000e-12  -64.85460  -63.91798 345.283252      99.97 7.0515e+00    586.961      14088  1028.1942  1028.1928    34.3883    34.3864    7.95139         19 0.0000e+00
    129.000    127.697     0.4474  29.015427     0.4469  29.013558     5.5477     5.6449     0.0656    90.8736 1.0000e-12  -64.85460  -63.91798 345.283262      99.97 7.0515e+00    587.851      14109  1028.1991  1028.1977    34.3882    34.3864    7.95152         26 0.0000e+00
    130.000    128.687     0.4556  29.024623     0.4593  29.026701     5.5437     5.6434     0.0719    90.8933 1.0000e-12  -64.85460  -63.91800 345.283279      99.97 7.0515e+00    589.284      14144  1028.2052  1028.2038    34.3905    34.3891    7.94970         36 0.0000e+00
    131.000    129.676     0.4610  29.031207     0.4606  29.030354     5.5660     5.6430     0.0891    90.9089 1.0000e-12  -64.85460  -63.91800 345.283300      99.97 7.0515e+00    591.117      14188  1028.2114  1028.2109    34.3926    34.3918    7.94849         32 0.0000e+00
    132.000    130.666     0.4620  29.032958     0.4617  29.031245     5.5613     5.6386     0.0746    90.9157 1.0000e-12  -64.85460  -63.91800 345.283320      99.97 7.0515e+00    592.833      14229  1028.2168  1028.2153    34.3931    34.3912    7.94825         35 0.0000e+00
    133.000    131.656     0.4633  29.034433     0.4641  29.033957     5.5665     5.6274     0.0655    90.9180 1.0000e-12  -64.85462  -63.91800 345.283341      99.97 7.0515e+00    594.645      14272  1028.2215  1028.2202    34.3930    34.3915    7.94799         32 0.0000e+00
    134.000    132.645     0.4678  29.040215     0.4658  29.036479     5.5623     5.6243     0.0602    90.9288 1.0000e-12  -64.85462  -63.91800 345.283355      99.97 7.0515e+00    595.886      14302  1028.2275  1028.2256    34.3949    34.3923    7.94695         24 0.0000e+00
    135.000    133.634     0.4686  29.041532     0.4699  29.041739     5.5556     5.6242     0.0582    90.9317 1.0000e-12  -64.85462  -63.91799 345.283365      99.97 7.0515e+00    596.749      14323  1028.2324  1028.2313    34.3952    34.3940    7.94678         19 0.0000e+00
    136.000    134.622     0.4689  29.042738     0.4690  29.041445     5.5573     5.6221     0.0582    90.9253 1.0000e-12  -64.85462  -63.91798 345.283373      99.97 7.0515e+00    597.474      14340  1028.2377  1028.2362    34.3958    34.3940    7.94668         16 0.0000e+00
    137.000    135.616     0.4724  29.046531     0.4711  29.043506     5.5574     5.6223     0.0651    90.9074 1.0000e-12  -64.85462  -63.91798 345.283382      99.97 7.0515e+00    598.167      14357  1028.2427  1028.2408    34.3963    34.3938    7.94594         17 0.0000e+00
    138.000    136.602     0.4628  29.038552     0.4633  29.037618     5.5621     5.6303     0.0619    90.9198 1.0000e-12  -64.85462  -63.91799 345.283390      99.97 7.0515e+00    598.919      14375  1028.2479  1028.2465    34.3960    34.3942    7.94793         20 0.0000e+00
    139.000    137.593     0.4528  29.027217     0.4531  29.026298     5.5574     5.6211     0.0611    90.8977 1.0000e-12  -64.85462  -63.91800 345.283402      99.97 7.0515e+00    599.908      14399  1028.2503  1028.2489    34.3917    34.3901    7.95023         28 0.0000e+00
    140.000    138.581     0.4516  29.025691     0.4533  29.025460     5.5158     5.5852     0.0675    90.9151 1.0000e-12  -64.85462  -63.91801 345.283423      99.97 7.0515e+00    601.731      14443  1028.2540  1028.2521    34.3904    34.3882    7.95054         37 0.0000e+00
    141.000    139.571     0.4911  29.067155     0.4916  29.066526     5.3670     5.4993     0.0666    90.9271 1.0000e-12  -64.85462  -63.91802 345.283450      99.97 7.0515e+00    604.053      14498  1028.2630  1028.2619    34.4000    34.3986    7.94189         33 0.0000e+00
    142.000    140.561     0.5406  29.125319     0.5422  29.125327     5.3684     5.4832     0.0591    90.9356 1.0000e-12  -64.85462  -63.91800 345.283466      99.97 7.0515e+00    605.471      14532  1028.2798  1028.2783    34.4203    34.4185    7.93061         28 0.0000e+00
    143.000    141.550     0.5482  29.134465     0.5481  29.133204     5.3664     5.4651     0.0508    90.9577 1.0000e-12  -64.85462  -63.91800 345.283478      99.97 7.0515e+00    606.535      14558  1028.2865  1028.2853    34.4231    34.4216    7.92889         24 0.0000e+00
    144.000    142.540     0.5548  29.141724     0.5546  29.140179     5.3674     5.4553     0.0509    90.9652 1.0000e-12  -64.85462  -63.91800 345.283489      99.97 7.0515e+00    607.438      14580  1028.2922  1028.2907    34.4247    34.4228    7.92746         20 0.0000e+00
    145.000    143.529     0.5630  29.149622     0.5609  29.145945     5.3721     5.4532     0.0509    90.9114 1.0000e-12  -64.85462  -63.91800 345.283498      99.97 7.0515e+00    608.249      14599  1028.2968  1028.2950    34.4253    34.4227    7.92575         19 0.0000e+00
    146.000    144.520     0.5802  29.169547     0.5806  29.168608     5.3735     5.4542     0.0509    90.9889 1.0000e-12  -64.85462  -63.91800 345.283507      99.97 7.0515e+00    609.018      14617  1028.3052  1028.3038    34.4315    34.4297    7.92188         19 0.0000e+00
    147.000    145.509     0.5791  29.169158     0.5782  29.166754     5.3723     5.4549     0.0509    91.0073 1.0000e-12  -64.85462  -63.91800 345.283517      99.97 7.0515e+00    609.836      14637  1028.3104  1028.3087    34.4316    34.4294    7.92211         20 0.0000e+00
    148.000    146.498     0.5755  29.165729     0.5753  29.164250     5.3816     5.4552     0.0509    91.0004 1.0000e-12  -64.85462  -63.91800 345.283528      99.97 7.0515e+00    610.842      14661  1028.3148  1028.3134    34.4305    34.4288    7.92290         27 0.0000e+00
    149.000    147.488     0.5745  29.164884     0.5742  29.163192     5.3956     5.4618     0.0598    90.9762 1.0000e-12  -64.85464  -63.91802 345.283545      99.97 7.0515e+00    612.305      14696  1028.3194  1028.3180    34.4299    34.4281    7.92313         35 0.0000e+00
    150.000    148.477     0.5741  29.164596     0.5742  29.163502     5.3629     5.4521     0.0704    90.9497 1.0000e-12  -64.85464  -63.91802 345.283570      99.97 7.0515e+00    614.475      14748  1028.3241  1028.3229    34.4294    34.4279    7.92324         47 0.0000e+00
    151.000    149.465     0.5783  29.170312     0.5781  29.169292     5.3806     5.4423     0.0531    90.9694 1.0000e-12  -64.85464  -63.91802 345.283592      99.97 7.0515e+00    616.324      14793  1028.3305  1028.3296    34.4316    34.4305    7.92227         29 0.0000e+00
    152.000    150.457     0.5776  29.170316     0.5770  29.168267     5.3696     5.4380     0.0558    90.9627 1.0000e-12  -64.85464  -63.91802 345.283604      99.97 7.0515e+00    617.401      14819  1028.3355  1028.3340    34.4318    34.4297    7.92240         24 0.0000e+00
    153.000    151.446     0.5778  29.170920     0.5784  29.170248     5.3767     5.4325     0.0505    90.9844 1.0000e-12  -64.85464  -63.91800 345.283615      99.97 7.0515e+00    618.310      14840  1028.3402  1028.3390    34.4317    34.4302    7.92235         20 0.0000e+00
    154.000    152.435     0.5802  29.174226     0.5803  29.173125     5.3748     5.4317     0.0436    91.0021 1.0000e-12  -64.85464  -63.91800 345.283624      99.97 7.0515e+00    619.124      14860  1028.3457  1028.3445    34.4327    34.4313    7.92180         19 0.0000e+00
    155.000    153.423     0.5800  29.174487     0.5798  29.173101     5.3618     5.4293     0.0484    90.9836 1.0000e-12  -64.85464  -63.91800 345.283633      99.97 7.0515e+00    619.881      14878  1028.3505  1028.3492    34.4328    34.4311    7.92186         18 0.0000e+00
    156.000    154.415     0.5798  29.174715     0.5794  29.173077     5.3572     5.4270     0.0490    90.9805 1.0000e-12  -64.85464  -63.91801 345.283642      99.97 7.0515e+00    620.661      14897  1028.3552  1028.3539    34.4326    34.4310    7.92189         19 0.0000e+00
    157.000    155.404     0.5810  29.176095     0.5817  29.176044     5.3694     5.4314     0.0437    90.9956 1.0000e-12  -64.85465  -63.91802 345.283652      99.97 7.0515e+00    621.538      14918  1028.3599  1028.3590    34.4326    34.4317    7.92167         24 0.0000e+00
    158.000    156.394     0.5838  29.180042     0.5835  29.178371     5.3643     5.4365     0.0462    90.9591 1.0000e-12  -64.85466  -63.91802 345.283668      99.97 7.0515e+00    622.946      14952  1028.3655  1028.3641    34.4340    34.4322    7.92101         34 0.0000e+00
    159.000    157.381     0.5838  29.180194     0.5837  29.178940     5.3646     5.4142     0.0461    90.9868 1.0000e-12  -64.85466  -63.91803 345.283700      99.97 7.0515e+00    625.712      15018  1028.3701  1028.3688    34.4335    34.4321    7.92102         38 0.0000e+00
    160.000    158.373     0.5858  29.183402     0.5869  29.183453     5.3530     5.4007     0.0507    90.9448 1.0000e-12  -64.85466  -63.91802 345.283715      99.97 7.0515e+00    627.008      15049  1028.3758  1028.3747    34.4349    34.4338    7.92054         23 0.0000e+00
    161.000    159.360     0.5899  29.188335     0.5903  29.188117     5.3141     5.3849     0.0509    90.9748 1.0000e-12  -64.85466  -63.91802 345.283725      99.97 7.0515e+00    627.874      15070  1028.3812  1028.3806    34.4362    34.4355    7.91964         20 0.0000e+00
    162.000    160.351     0.5930  29.193206     0.5915  29.189931     5.2638     5.3597     0.0399    91.0062 1.0000e-12  -64.85466  -63.91802 345.283735      99.97 7.0515e+00    628.684      15089  1028.3876  1028.3856    34.4386    34.4359    7.91888         20 0.0000e+00
    163.000    161.340     0.5961  29.196324     0.5973  29.196221     5.2322     5.3417     0.0431    90.9857 1.0000e-12  -64.85466  -63.91802 345.283745      99.97 7.0515e+00    629.578      15111  1028.3922  1028.3908    34.4386    34.4370    7.91825         24 0.0000e+00
    164.000    162.330     0.6137  29.218910     0.6165  29.221140     5.2138     5.3242     0.0542    90.9832 1.0000e-12  -64.85466  -63.91803 345.283758      99.97 7.0515e+00    630.687      15137  1028.4027  1028.4023    34.4477    34.4476    7.91413         29 0.0000e+00
    165.000    163.318     0.6263  29.234442     0.6224  29.228995     5.1944     5.3027     0.0497    90.9832 1.0000e-12  -64.85466  -63.91804 345.283772      99.97 7.0515e+00    631.931      15167  1028.4109  1028.4092    34.4534    34.4507    7.91125         27 0.0000e+00
    166.000    164.308     0.6207  29.228692     0.6216  29.228192     5.1618     5.2752     0.0385    90.9796 1.0000e-12  -64.85466  -63.91804 345.283786      99.97 7.0515e+00    633.100      15195  1028.4149  1028.4134    34.4515    34.4499    7.91249         27 0.0000e+00
    167.000    165.298     0.6364  29.246822     0.6359  29.244855     5.1373     5.2530     0.0362    90.9680 1.0000e-12  -64.85466  -63.91804 345.283799      99.97 7.0515e+00    634.251      15223  1028.4227  1028.4212    34.4571    34.4551    7.90900         29 0.0000e+00
    168.000    166.287     0.6493  29.262466     0.6459  29.257476     5.0878     5.2033     0.0376    91.0199 1.0000e-12  -64.85466  -63.91804 345.283814      99.97 7.0515e+00    635.574      15255  1028.4308  1028.4290    34.4625    34.4598    7.90606         36 0.0000e+00
    169.000    167.277     0.6572  29.272936     0.6607  29.275357     4.9957     5.1320     0.0461    91.0333 1.0000e-12  -64.85466  -63.91805 345.283832      99.97 7.0515e+00    637.091      15291  1028.4384  1028.4374    34.4667    34.4660    7.90422         35 0.0000e+00
    170.000    168.267     0.6902  29.309325     0.6914  29.310123     4.9600     5.1011     0.0321    90.3139 1.0000e-12  -64.85466  -63.91804 345.283848      99.97 7.0515e+00    638.428      15323  1028.4484  1028.4481    34.4768    34.4764    7.89696         29 0.0000e+00
    171.000    169.254     0.7007  29.324062     0.7009  29.323215     4.9676     5.0955     0.0206    90.3199 1.0000e-12  -64.85467  -63.91805 345.283860      99.97 7.0515e+00    639.529      15350  1028.4579  1028.4568    34.4836    34.4822    7.89443         25 0.0000e+00
    172.000    170.245     0.7051  29.329451     0.7045  29.327589     4.9832     5.0954     0.0108    91.0743 1.0000e-12  -64.85468  -63.91805 345.283872      99.97 7.0515e+00    640.547      15374  1028.4637  1028.4624    34.4851    34.4834    7.89345         24 0.0000e+00
    173.000    171.233     0.7069  29.331927     0.7057  29.329419     5.0020     5.0981     0.0094    91.1220 1.0000e-12  -64.85468  -63.91806 345.283884      99.97 7.0515e+00    641.545      15398  1028.4690  1028.4675    34.4858    34.4838    7.89306         24 0.0000e+00
    174.000    172.223     0.7068  29.332614     0.7057  29.329736     5.0213     5.0975     0.0139    91.1141 1.0000e-12  -64.85468  -63.91806 345.283895      99.97 7.0515e+00    642.567      15423  1028.4743  1028.4724    34.4861    34.4837    7.89306         25 0.0000e+00
    175.000    173.213     0.7035  29.329014     0.7030  29.327211     5.0258     5.0969     0.0122    91.1211 1.0000e-12  -64.85468  -63.91806 345.283908      99.97 7.0515e+00    643.613      15448  1028.4781  1028.4768    34.4845    34.4828    7.89382         25 0.0000e+00
    176.000    174.203     0.7057  29.331739     0.7049  29.329723     5.0233     5.1056     0.0084    91.1628 1.0000e-12  -64.85468  -63.91807 345.283920      99.97 7.0515e+00    644.672      15473  1028.4833  1028.4819    34.4851    34.4833    7.89334         26 0.0000e+00
    177.000    175.191     0.7049  29.331325     0.7041  29.329203     5.0457     5.1071     0.0141    91.2062 1.0000e-12  -64.85468  -63.91808 345.283933      99.97 7.0515e+00    645.779      15500  1028.4880  1028.4866    34.4848    34.4830    7.89352         28 0.0000e+00
