NBP2113_155081_ctd/data/nbp2113_012.cnv
* Sea-Bird SBE 9 Data File:
* FileName = D:\Data\raw\NBP2113_012.hex
* Software Version Seasave V 7.26.7.121
* Temperature SN = 2438
* Conductivity SN = 2067
* Number of Bytes Per Scan = 40
* Number of Voltage Words = 5
* Number of Scans Averaged by the Deck Unit = 1
* NMEA Latitude = 64 36.38 S
* NMEA Longitude = 068 17.17 W
* NMEA UTC (Time) = Nov 26 2021  18:58:06
* NMEA baud rate = 9600
** Ship: RVIB N.B. Palmer
** Cruise: NBP2113 LTER
** Station: 500.200
** Operator: S. Blackman
# nquan = 25
# nvalues = 5437                        
# units = specified
# name 0 = prDM: Pressure, Digiquartz [db]
# name 1 = depSM: Depth [salt water, m]
# name 2 = t090C: Temperature [ITS-90, deg C]
# name 3 = c0mS/cm: Conductivity [mS/cm]
# name 4 = t190C: Temperature, 2 [ITS-90, deg C]
# name 5 = c1mS/cm: Conductivity, 2 [mS/cm]
# name 6 = sbeox0ML/L: Oxygen, SBE 43 [ml/l]
# name 7 = sbeox1ML/L: Oxygen, SBE 43, 2 [ml/l]
# name 8 = flECO-AFL: Fluorescence, WET Labs ECO-AFL/FL [mg/m^3]
# name 9 = CStarTr0: Beam Transmission, WET Labs C-Star [%]
# name 10 = par: PAR/Irradiance, Biospherical/Licor
# name 11 = latitude: Latitude [deg]
# name 12 = longitude: Longitude [deg]
# name 13 = timeJ: Julian Days
# name 14 = altM: Altimeter [m]
# name 15 = spar: SPAR, Biospherical/Licor
# name 16 = timeS: Time, Elapsed [seconds]
# name 17 = scan: Scan Count
# name 18 = density00: Density [density, kg/m^3]
# name 19 = density11: Density, 2 [density, kg/m^3]
# name 20 = sal00: Salinity, Practical [PSU]
# name 21 = sal11: Salinity, Practical, 2 [PSU]
# name 22 = oxsolML/L: Oxygen Saturation, Garcia & Gordon [ml/l]
# name 23 = nbin: number of scans per bin
# name 24 = flag: flag
# span 0 =      1.000,   2721.000       
# span 1 =      0.990,   2677.080       
# span 2 =    -1.1602,     1.6798       
# span 3 =  27.419715,  30.390712       
# span 4 =    -1.1596,     1.6799       
# span 5 =  27.417266,  30.389742       
# span 6 =     4.0033,    10.1592       
# span 7 =     3.9771,    10.1780       
# span 8 =    -0.0265,     2.6151       
# span 9 =    92.5167,    97.9563       
# span 10 = 1.0000e-12, 1.0000e-12      
# span 11 =  -64.60656,  -64.60628      
# span 12 =  -68.28784,  -68.28560      
# span 13 = 330.793814, 330.877154      
# span 14 =      -0.50,     119.67      
# span 15 = 1.9921e+02, 2.3179e+03      
# span 16 =    299.527,   7500.111      
# span 17 =       7190,     180004      
# span 18 =  1027.3209,  1040.3969      
# span 19 =  1027.3198,  1040.3961      
# span 20 =    33.9865,    34.7266      
# span 21 =    33.9853,    34.7257      
# span 22 =    7.69066,    8.31225      
# span 23 =          8,         54      
# span 24 = 0.0000e+00, 0.0000e+00      
# interval = decibars: 1                
# start_time = Nov 26 2021 18:58:06 [NMEA time, header]
# bad_flag = -9.990e-29
*END*
[from data line 3479]
   1958.000   1929.827     0.6579  30.228745     0.6579  30.228075     4.5832     4.6067    -0.0137    97.9098 1.0000e-12  -64.60644  -68.28688 330.845434      99.98 2.1558e+03   4759.505     114229  1036.9309  1036.9302    34.7058    34.7049    7.89092         17 0.0000e+00
   1957.000   1928.845     0.6596  30.229788     0.6588  30.228501     4.5815     4.5968    -0.0133    97.9098 1.0000e-12  -64.60644  -68.28686 330.845443      99.98 2.1640e+03   4760.235     114247  1036.9261  1036.9256    34.7057    34.7051    7.89057         17 0.0000e+00
   1956.000   1927.863     0.6608  30.230356     0.6609  30.230020     4.5788     4.5923    -0.0188    97.9098 1.0000e-12  -64.60644  -68.28686 330.845451      99.98 2.1759e+03   4760.982     114265  1036.9213  1036.9209    34.7057    34.7052    7.89034         19 0.0000e+00
   1955.000   1926.882     0.6605  30.229674     0.6610  30.229605     4.5776     4.5974    -0.0128    97.9098 1.0000e-12  -64.60644  -68.28685 330.845462      99.98 2.1861e+03   4761.925     114287  1036.9168  1036.9163    34.7057    34.7051    7.89040         28 0.0000e+00
   1954.000   1925.900     0.6563  30.225602     0.6565  30.225149     4.5806     4.6075    -0.0174    97.9251 1.0000e-12  -64.60644  -68.28684 330.845513      99.98 2.1950e+03   4766.286     114392  1036.9129  1036.9122    34.7057    34.7048    7.89126         28 0.0000e+00
   1953.000   1924.921     0.6580  30.226662     0.6584  30.226343     4.5888     4.6028    -0.0107    97.9097 1.0000e-12  -64.60644  -68.28686 330.845525      99.98 2.1966e+03   4767.382     114418  1036.9082  1036.9074    34.7057    34.7048    7.89092         19 0.0000e+00
   1952.000   1923.940     0.6605  30.228486     0.6607  30.228082     4.5808     4.6016    -0.0150    97.9098 1.0000e-12  -64.60644  -68.28686 330.845534      99.98 2.1957e+03   4768.168     114437  1036.9033  1036.9027    34.7057    34.7050    7.89040         19 0.0000e+00
   1951.000   1922.958     0.6614  30.228854     0.6614  30.228265     4.5825     4.5991    -0.0161    97.9098 1.0000e-12  -64.60644  -68.28686 330.845544      99.98 2.1921e+03   4768.965     114456  1036.8986  1036.8981    34.7057    34.7050    7.89021         20 0.0000e+00
   1950.000   1921.976     0.6619  30.228949     0.6620  30.228431     4.5833     4.5999    -0.0118    97.9098 1.0000e-12  -64.60644  -68.28687 330.845554      99.97 2.1854e+03   4769.839     114477  1036.8941  1036.8935    34.7058    34.7050    7.89011         22 0.0000e+00
   1949.000   1920.996     0.6620  30.228578     0.6619  30.227916     4.5797     4.5987    -0.0190    97.9159 1.0000e-12  -64.60644  -68.28687 330.845565      99.98 2.1754e+03   4770.818     114501  1036.8895  1036.8889    34.7057    34.7050    7.89009         25 0.0000e+00
   1948.000   1920.014     0.6616  30.227881     0.6619  30.227597     4.5761     4.5978    -0.0123    97.9173 1.0000e-12  -64.60644  -68.28686 330.845577      99.98 2.1633e+03   4771.847     114525  1036.8851  1036.8844    34.7058    34.7051    7.89017         24 0.0000e+00
   1947.000   1919.035     0.6624  30.228068     0.6626  30.227576     4.5896     4.5978    -0.0180    97.9279 1.0000e-12  -64.60644  -68.28686 330.845588      99.97 2.1571e+03   4772.779     114548  1036.8804  1036.8797    34.7057    34.7049    7.89002         20 0.0000e+00
   1946.000   1918.052     0.6621  30.227422     0.6624  30.227087     4.5826     4.5978    -0.0154    97.9261 1.0000e-12  -64.60644  -68.28686 330.845597      99.98 2.1559e+03   4773.598     114567  1036.8759  1036.8752    34.7057    34.7049    7.89007         19 0.0000e+00
   1945.000   1917.070     0.6624  30.227307     0.6626  30.226886     4.5799     4.5977    -0.0102    97.9248 1.0000e-12  -64.60644  -68.28686 330.845606      99.98 2.1578e+03   4774.394     114586  1036.8713  1036.8707    34.7057    34.7050    7.89001         19 0.0000e+00
   1944.000   1916.090     0.6623  30.226775     0.6626  30.226580     4.5806     4.5974    -0.0127    97.9125 1.0000e-12  -64.60644  -68.28684 330.845617      99.98 2.1630e+03   4775.330     114609  1036.8667  1036.8662    34.7057    34.7051    7.89003         27 0.0000e+00
   1943.000   1915.108     0.6617  30.225894     0.6620  30.225587     4.5849     4.5995    -0.0176    97.9164 1.0000e-12  -64.60644  -68.28682 330.845651      99.98 2.1819e+03   4778.258     114679  1036.8624  1036.8617    34.7058    34.7051    7.89015         34 0.0000e+00
   1942.000   1914.128     0.6616  30.225501     0.6618  30.224907     4.5804     4.6032    -0.0122    97.8814 1.0000e-12  -64.60644  -68.28683 330.845682      99.98 2.1909e+03   4780.924     114743  1036.8579  1036.8571    34.7058    34.7049    7.89016         29 0.0000e+00
   1941.000   1913.146     0.6620  30.225318     0.6622  30.224910     4.5795     4.5999    -0.0194    97.9208 1.0000e-12  -64.60644  -68.28684 330.845693      99.98 2.1891e+03   4781.867     114766  1036.8532  1036.8525    34.7057    34.7050    7.89010         21 0.0000e+00
   1940.000   1912.164     0.6628  30.225615     0.6630  30.225299     4.5818     4.6013    -0.0116    97.9174 1.0000e-12  -64.60644  -68.28685 330.845702      99.97 2.1861e+03   4782.664     114785  1036.8485  1036.8480    34.7057    34.7052    7.88993         17 0.0000e+00
   1939.000   1911.185     0.6645  30.226703     0.6644  30.226082     4.5812     4.5973    -0.0077    97.9235 1.0000e-12  -64.60644  -68.28686 330.845710      99.98 2.1839e+03   4783.384     114802  1036.8438  1036.8432    34.7058    34.7051    7.88959         17 0.0000e+00
   1938.000   1910.202     0.6649  30.226590     0.6650  30.226181     4.5819     4.5980    -0.0020    97.9142 1.0000e-12  -64.60644  -68.28686 330.845719      99.97 2.1803e+03   4784.092     114819  1036.8392  1036.8385    34.7058    34.7050    7.88951         17 0.0000e+00
   1937.000   1909.222     0.6652  30.226528     0.6653  30.226147     4.5750     4.5984    -0.0139    97.9330 1.0000e-12  -64.60644  -68.28686 330.845727      99.98 2.1768e+03   4784.838     114837  1036.8346  1036.8341    34.7058    34.7052    7.88943         19 0.0000e+00
   1936.000   1908.239     0.6652  30.226143     0.6655  30.225804     4.5781     4.5975    -0.0147    97.9258 1.0000e-12  -64.60644  -68.28686 330.845737      99.98 2.1703e+03   4785.664     114857  1036.8301  1036.8294    34.7058    34.7050    7.88943         21 0.0000e+00
   1935.000   1907.259     0.6653  30.225825     0.6656  30.225506     4.5866     4.5971    -0.0112    97.9277 1.0000e-12  -64.60644  -68.28685 330.845747      99.98 2.1626e+03   4786.574     114879  1036.8255  1036.8249    34.7058    34.7051    7.88941         23 0.0000e+00
   1934.000   1906.278     0.6655  30.225623     0.6655  30.225029     4.5795     4.5963    -0.0115    97.9256 1.0000e-12  -64.60644  -68.28684 330.845758      99.98 2.1578e+03   4787.521     114902  1036.8210  1036.8204    34.7059    34.7051    7.88938         23 0.0000e+00
   1933.000   1905.297     0.6654  30.225064     0.6655  30.224580     4.5816     4.5956    -0.0115    97.9267 1.0000e-12  -64.60644  -68.28683 330.845771      99.98 2.1561e+03   4788.580     114927  1036.8165  1036.8159    34.7059    34.7051    7.88940         29 0.0000e+00
   1932.000   1904.316     0.6641  30.223527     0.6637  30.222569     4.5763     4.5967    -0.0121    97.9170 1.0000e-12  -64.60644  -68.28682 330.845805      99.98 2.1705e+03   4791.563     114999  1036.8120  1036.8115    34.7058    34.7050    7.88966         32 0.0000e+00
   1931.000   1903.334     0.6642  30.223184     0.6646  30.222973     4.5751     4.6037    -0.0018    97.9119 1.0000e-12  -64.60644  -68.28682 330.845825      99.97 2.1755e+03   4793.245     115039  1036.8074  1036.8068    34.7057    34.7051    7.88964         23 0.0000e+00
   1930.000   1902.353     0.6650  30.223679     0.6652  30.223240     4.5796     4.5999    -0.0040    97.9156 1.0000e-12  -64.60644  -68.28684 330.845835      99.97 2.1754e+03   4794.136     115060  1036.8030  1036.8023    34.7060    34.7052    7.88946         22 0.0000e+00
   1929.000   1901.373     0.6659  30.223960     0.6661  30.223573     4.5827     4.6005    -0.0107    97.9152 1.0000e-12  -64.60644  -68.28684 330.845846      99.98 2.1776e+03   4795.133     115084  1036.7983  1036.7976    34.7059    34.7052    7.88930         24 0.0000e+00
   1928.000   1900.390     0.6662  30.223803     0.6664  30.223494     4.5820     4.6001    -0.0136    97.9119 1.0000e-12  -64.60644  -68.28684 330.845860      99.97 2.1853e+03   4796.335     115113  1036.7937  1036.7931    34.7059    34.7052    7.88923         31 0.0000e+00
   1927.000   1899.410     0.6664  30.223610     0.6666  30.223112     4.5738     4.5982    -0.0047    97.9098 1.0000e-12  -64.60644  -68.28686 330.845874      99.98 2.1900e+03   4797.552     115142  1036.7891  1036.7884    34.7059    34.7051    7.88918         27 0.0000e+00
   1926.000   1898.429     0.6666  30.223182     0.6668  30.222945     4.5776     4.5963    -0.0131    97.9098 1.0000e-12  -64.60644  -68.28686 330.845886      99.97 2.1847e+03   4798.581     115167  1036.7844  1036.7839    34.7057    34.7051    7.88917         23 0.0000e+00
   1925.000   1897.447     0.6669  30.223216     0.6672  30.222840     4.5756     4.5975    -0.0176    97.9098 1.0000e-12  -64.60644  -68.28686 330.845897      99.98 2.1750e+03   4799.488     115189  1036.7799  1036.7792    34.7059    34.7051    7.88908         20 0.0000e+00
   1924.000   1896.467     0.6671  30.222907     0.6672  30.222381     4.5826     4.6014    -0.0023    97.9181 1.0000e-12  -64.60644  -68.28686 330.845906      99.97 2.1644e+03   4800.312     115208  1036.7752  1036.7746    34.7058    34.7050    7.88905         19 0.0000e+00
   1923.000   1895.485     0.6671  30.222551     0.6674  30.222105     4.5798     4.6003    -0.0065    97.9302 1.0000e-12  -64.60644  -68.28686 330.845915      99.98 2.1555e+03   4801.082     115227  1036.7708  1036.7701    34.7059    34.7051    7.88905         19 0.0000e+00
   1922.000   1894.502     0.6671  30.222220     0.6674  30.221832     4.5804     4.5939    -0.0104    97.9285 1.0000e-12  -64.60644  -68.28685 330.845924      99.98 2.1502e+03   4801.830     115245  1036.7663  1036.7657    34.7060    34.7052    7.88904         18 0.0000e+00
   1921.000   1893.524     0.6672  30.221760     0.6675  30.221534     4.5834     4.5930    -0.0117    97.9149 1.0000e-12  -64.60644  -68.28683 330.845934      99.98 2.1491e+03   4802.664     115265  1036.7616  1036.7611    34.7058    34.7053    7.88903         22 0.0000e+00
   1920.000   1892.540     0.6666  30.220900     0.6669  30.220639     4.5810     4.5981    -0.0055    97.9166 1.0000e-12  -64.60644  -68.28682 330.845966      99.98 2.1663e+03   4805.485     115333  1036.7572  1036.7566    34.7059    34.7052    7.88914         31 0.0000e+00
   1919.000   1891.562     0.6667  30.220549     0.6668  30.220127     4.5769     4.6013    -0.0027    97.9170 1.0000e-12  -64.60644  -68.28682 330.845996      99.98 2.1784e+03   4808.101     115395  1036.7526  1036.7521    34.7058    34.7052    7.88913         18 0.0000e+00
   1918.000   1890.579     0.6670  30.220475     0.6672  30.220033     4.5820     4.5981    -0.0064    97.9128 1.0000e-12  -64.60644  -68.28683 330.846004      99.97 2.1738e+03   4808.757     115411  1036.7481  1036.7475    34.7059    34.7052    7.88906         17 0.0000e+00
   1917.000   1889.595     0.6673  30.220217     0.6675  30.219824     4.5787     4.5977    -0.0116    97.9149 1.0000e-12  -64.60644  -68.28684 330.846012      99.98 2.1668e+03   4809.413     115427  1036.7435  1036.7429    34.7059    34.7051    7.88902         15 0.0000e+00
   1916.000   1888.617     0.6676  30.220083     0.6677  30.219563     4.5761     4.5948    -0.0197    97.9342 1.0000e-12  -64.60644  -68.28684 330.846019      99.97 2.1606e+03   4810.070     115443  1036.7388  1036.7381    34.7059    34.7051    7.88895         16 0.0000e+00
   1915.000   1887.635     0.6677  30.219834     0.6679  30.219381     4.5774     4.5977    -0.0143    97.9129 1.0000e-12  -64.60644  -68.28685 330.846028      99.98 2.1581e+03   4810.779     115460  1036.7343  1036.7336    34.7060    34.7051    7.88893         19 0.0000e+00
   1914.000   1886.653     0.6678  30.219561     0.6678  30.218941     4.5806     4.5990    -0.0130    97.9246 1.0000e-12  -64.60644  -68.28686 330.846038      99.98 2.1567e+03   4811.661     115481  1036.7298  1036.7291    34.7060    34.7052    7.88890         25 0.0000e+00
   1913.000   1885.672     0.6673  30.218627     0.6674  30.218227     4.5831     4.6002    -0.0137    97.9208 1.0000e-12  -64.60644  -68.28685 330.846055      99.98 2.1572e+03   4813.163     115517  1036.7252  1036.7247    34.7059    34.7052    7.88901         40 0.0000e+00
   1912.000   1884.691     0.6671  30.218097     0.6672  30.217521     4.5739     4.5936    -0.0177    97.9166 1.0000e-12  -64.60644  -68.28683 330.846073      99.97 2.1565e+03   4814.739     115555  1036.7207  1036.7201    34.7059    34.7051    7.88904         26 0.0000e+00
   1911.000   1883.710     0.6678  30.218398     0.6680  30.217872     4.5841     4.5939    -0.0110    97.9130 1.0000e-12  -64.60644  -68.28682 330.846085      99.97 2.1499e+03   4815.737     115579  1036.7162  1036.7154    34.7061    34.7051    7.88890         24 0.0000e+00
   1910.000   1882.727     0.6678  30.217948     0.6681  30.217634     4.5832     4.5956    -0.0119    97.9182 1.0000e-12  -64.60644  -68.28682 330.846099      99.98 2.1446e+03   4816.974     115608  1036.7116  1036.7109    34.7060    34.7052    7.88890         33 0.0000e+00
   1909.000   1881.745     0.6671  30.216901     0.6669  30.216173     4.5783     4.5974    -0.0144    97.9138 1.0000e-12  -64.60644  -68.28682 330.846129      99.98 2.1651e+03   4819.514     115669  1036.7071  1036.7066    34.7059    34.7052    7.88905         31 0.0000e+00
   1908.000   1880.767     0.6681  30.217421     0.6684  30.217074     4.5784     4.5955    -0.0110    97.9201 1.0000e-12  -64.60644  -68.28682 330.846141      99.97 2.1736e+03   4820.610     115696  1036.7025  1036.7018    34.7060    34.7052    7.88884         20 0.0000e+00
   1907.000   1879.784     0.6690  30.217823     0.6692  30.217421     4.5692     4.5974    -0.0107    97.9219 1.0000e-12  -64.60644  -68.28682 330.846150      99.98 2.1733e+03   4821.368     115714  1036.6978  1036.6972    34.7060    34.7053    7.88865         17 0.0000e+00
   1906.000   1878.804     0.6696  30.218006     0.6698  30.217481     4.5710     4.5969    -0.0176    97.9290 1.0000e-12  -64.60644  -68.28682 330.846158      99.98 2.1709e+03   4822.045     115730  1036.6933  1036.6925    34.7062    34.7052    7.88853         16 0.0000e+00
   1905.000   1877.820     0.6698  30.217676     0.6701  30.217330     4.5832     4.5962    -0.0165    97.9287 1.0000e-12  -64.60644  -68.28683 330.846166      99.98 2.1669e+03   4822.707     115746  1036.6886  1036.6879    34.7060    34.7052    7.88849         15 0.0000e+00
   1904.000   1876.841     0.6708  30.218220     0.6714  30.218042     4.5848     4.5945    -0.0124    97.9205 1.0000e-12  -64.60644  -68.28684 330.846173      99.97 2.1635e+03   4823.372     115762  1036.6840  1036.6832    34.7062    34.7053    7.88828         17 0.0000e+00
   1903.000   1875.859     0.6716  30.218399     0.6720  30.218099     4.5803     4.5941    -0.0146    97.9101 1.0000e-12  -64.60644  -68.28684 330.846182      99.98 2.1596e+03   4824.105     115780  1036.6792  1036.6786    34.7060    34.7053    7.88813         19 0.0000e+00
   1902.000   1874.877     0.6707  30.217207     0.6713  30.217189     4.5843     4.5937    -0.0086    97.9052 1.0000e-12  -64.60644  -68.28684 330.846194      99.98 2.1538e+03   4825.156     115805  1036.6748  1036.6741    34.7060    34.7053    7.88831         31 0.0000e+00
