NBP2113_155081_ctd/data/nbp2113_014.ros
* Sea-Bird SBE 9 Data File:
* FileName = D:\Data\raw\NBP2113_014.hex
* Software Version Seasave V 7.26.7.121
* Temperature SN = 2438
* Conductivity SN = 2067
* Number of Bytes Per Scan = 40
* Number of Voltage Words = 5
* Number of Scans Averaged by the Deck Unit = 1
* NMEA Latitude = 65 28.72 S
* NMEA Longitude = 066 08.92 W
* NMEA UTC (Time) = Nov 27 2021  11:12:57
* NMEA baud rate = 9600
** Ship: RVIB N.B. Palmer
** Cruise: NBP2113 LTER
** Station: 500.060
** Operator: B. Urmston
# nquan = 20
# nvalues = 1131                                  
# units = specified
# name 0 = prDM: Pressure, Digiquartz [db]
# name 1 = depSM: Depth [salt water, m]
# name 2 = t090C: Temperature [ITS-90, deg C]
# name 3 = c0mS/cm: Conductivity [mS/cm]
# name 4 = t190C: Temperature, 2 [ITS-90, deg C]
# name 5 = c1mS/cm: Conductivity, 2 [mS/cm]
# name 6 = sbeox0ML/L: Oxygen, SBE 43 [ml/l]
# name 7 = sbeox1ML/L: Oxygen, SBE 43, 2 [ml/l]
# name 8 = flECO-AFL: Fluorescence, WET Labs ECO-AFL/FL [mg/m^3]
# name 9 = CStarTr0: Beam Transmission, WET Labs C-Star [%]
# name 10 = par: PAR/Irradiance, Biospherical/Licor
# name 11 = latitude: Latitude [deg]
# name 12 = longitude: Longitude [deg]
# name 13 = timeJ: Julian Days
# name 14 = altM: Altimeter [m]
# name 15 = spar: SPAR, Biospherical/Licor
# name 16 = timeS: Time, Elapsed [seconds]
# name 17 = scan: Scan Count
# name 18 = nbf: Bottles Fired
# name 19 = flag:  0.000e+00
# interval = seconds: 0.0416667
# start_time = Nov 27 2021 11:12:57 [NMEA time, header]
# bad_flag = -9.990e-29
*END*
[from data line 218]
    177.120    175.303     0.6749  29.304366     0.6799  29.306686     5.0686     5.0402    -0.0077    97.3433 1.0000e-12  -65.47882  -66.14940 331.483085      99.98 2.3094e+02   1361.542      32678          5  0.000e+00
    177.141    175.323     0.6815  29.308527     0.6788  29.303880     5.0747     5.0359    -0.0004    97.3433 1.0000e-12  -65.47882  -66.14940 331.483085      99.98 2.3094e+02   1361.583      32679          5  0.000e+00
    177.223    175.405     0.6812  29.310345     0.6755  29.301648     5.0772     5.0371    -0.0004    97.3433 1.0000e-12  -65.47882  -66.14940 331.483086      99.98 2.3094e+02   1361.625      32680          5  0.000e+00
    177.175    175.357     0.6866  29.317262     0.6757  29.301991     5.0717     5.0370    -0.0004    97.3433 1.0000e-12  -65.47882  -66.14940 331.483086      99.98 2.3094e+02   1361.667      32681          5  0.000e+00
    177.244    175.425     0.6933  29.323476     0.6765  29.302736     5.0705     5.0376    -0.0004    97.3176 1.0000e-12  -65.47882  -66.14940 331.483087      99.98 2.3094e+02   1361.708      32682          5  0.000e+00
    177.326    175.507     0.6963  29.325469     0.6768  29.303996     5.0712     5.0383    -0.0004    97.3176 1.0000e-12  -65.47882  -66.14940 331.483087      99.98 2.3094e+02   1361.750      32683          5  0.000e+00
    177.292    175.473     0.6960  29.324473     0.6792  29.306343     5.0780     5.0386    -0.0004    97.3176 1.0000e-12  -65.47882  -66.14940 331.483088      99.98 2.3094e+02   1361.792      32684          5  0.000e+00
    177.381    175.561     0.6941  29.321952     0.6802  29.306801     5.0850     5.0438    -0.0004    97.3176 1.0000e-12  -65.47882  -66.14940 331.483088      99.95 2.3094e+02   1361.833      32685          5  0.000e+00
    177.395    175.575     0.6925  29.320252     0.6785  29.304568     5.0874     5.0393    -0.0004    97.3176 1.0000e-12  -65.47882  -66.14940 331.483089      99.98 2.3094e+02   1361.875      32686          5  0.000e+00
    177.477    175.656     0.6913  29.318904     0.6757  29.300732     5.0966     5.0459    -0.0004    97.3176 1.0000e-12  -65.47882  -66.14940 331.483089      99.98 2.3094e+02   1361.917      32687          5  0.000e+00
    177.477    175.656     0.6892  29.316676     0.6715  29.295981     5.1013     5.0471    -0.0004    97.3176 1.0000e-12  -65.47882  -66.14940 331.483090      99.98 2.3094e+02   1361.958      32688          5  0.000e+00
    177.498    175.677     0.6878  29.314683     0.6685  29.293748     5.1045     5.0489    -0.0004    97.3176 1.0000e-12  -65.47882  -66.14940 331.483090      99.98 2.3094e+02   1362.000      32689          5  0.000e+00
    177.532    175.711     0.6846  29.311869     0.6694  29.295065     5.1020     5.0501    -0.0004    97.3176 1.0000e-12  -65.47882  -66.14940 331.483091      99.98 2.3094e+02   1362.042      32690          5  0.000e+00
    177.601    175.779     0.6835  29.311342     0.6697  29.295638     5.0978     5.0505    -0.0004    97.3176 1.0000e-12  -65.47882  -66.14940 331.483091      99.98 2.3094e+02   1362.083      32691          5  0.000e+00
    177.635    175.813     0.6859  29.314508     0.6705  29.297641     5.0986     5.0507    -0.0004    97.3176 1.0000e-12  -65.47882  -66.14940 331.483092      99.98 2.3094e+02   1362.125      32692          5  0.000e+00
    177.649    175.826     0.6886  29.318201     0.6740  29.301993     5.1035     5.0503    -0.0004    97.3176 1.0000e-12  -65.47882  -66.14940 331.483092      99.95 2.3094e+02   1362.167      32693          5  0.000e+00
    177.738    175.914     0.6913  29.320546     0.6785  29.306058     5.1041     5.0553    -0.0004    97.3176 1.0000e-12  -65.47882  -66.14940 331.483093      99.98 2.3094e+02   1362.208      32694          5  0.000e+00
    177.683    175.860     0.6930  29.322656     0.6813  29.309436     5.0989     5.0503    -0.0004    97.3176 1.0000e-12  -65.47882  -66.14940 331.483093      99.98 2.3094e+02   1362.250      32695          5  0.000e+00
    177.800    175.976     0.6951  29.324298     0.6836  29.312185     5.0980     5.0501    -0.0004    97.3176 1.0000e-12  -65.47882  -66.14940 331.483094      99.98 2.3094e+02   1362.292      32696          5  0.000e+00
    177.835    176.010     0.6957  29.324650     0.6862  29.314189     5.0985     5.0550    -0.0004    97.3176 1.0000e-12  -65.47882  -66.14940 331.483094      99.95 2.3094e+02   1362.333      32697          5  0.000e+00
    177.855    176.030     0.6954  29.323947     0.6875  29.315678     5.1035     5.0555    -0.0004    97.3176 1.0000e-12  -65.47882  -66.14940 331.483095      99.98 2.3094e+02   1362.375      32698          5  0.000e+00
    177.889    176.064     0.6947  29.323126     0.6877  29.315563     5.1096     5.0561    -0.0004    97.3176 1.0000e-12  -65.47882  -66.14940 331.483095      99.98 2.3094e+02   1362.417      32699          5  0.000e+00
    177.903    176.077     0.6939  29.322774     0.6870  29.314418     5.1111     5.0567    -0.0077    97.3176 1.0000e-12  -65.47882  -66.14940 331.483096      99.98 2.3094e+02   1362.458      32700          5  0.000e+00
    177.992    176.166     0.6941  29.323243     0.6864  29.313903     5.1136     5.0572    -0.0004    97.3176 1.0000e-12  -65.47882  -66.14940 331.483096      99.98 2.3094e+02   1362.500      32701          5  0.000e+00
    177.958    176.132     0.6947  29.323712     0.6868  29.314533     5.1259     5.0574     0.0069    97.3433 1.0000e-12  -65.47882  -66.14940 331.483097      99.98 2.3094e+02   1362.542      32702          5  0.000e+00
    178.041    176.213     0.6946  29.323361     0.6885  29.316709     5.1306     5.0573     0.0143    97.3433 1.0000e-12  -65.47882  -66.14940 331.483097      99.98 2.3094e+02   1362.583      32703          5  0.000e+00
    178.061    176.234     0.6943  29.323420     0.6897  29.317568     5.1280     5.0573     0.0143    97.3433 1.0000e-12  -65.47882  -66.14940 331.483098      99.98 2.3094e+02   1362.625      32704          5  0.000e+00
    176.381    174.572     0.6485  29.272368     0.6455  29.268160     5.0697     5.0392    -0.0004    97.3691 1.0000e-12  -65.47882  -66.14938 331.483161      99.98 2.3270e+02   1368.083      32835          6  0.000e+00
    176.313    174.504     0.6486  29.272602     0.6455  29.268217     5.0697     5.0447     0.0069    97.3433 1.0000e-12  -65.47882  -66.14938 331.483161      99.98 2.3270e+02   1368.125      32836          6  0.000e+00
    176.381    174.572     0.6486  29.272485     0.6458  29.268331     5.0641     5.0457     0.0069    97.3691 1.0000e-12  -65.47882  -66.14938 331.483162      99.98 2.3270e+02   1368.167      32837          6  0.000e+00
    176.409    174.599     0.6488  29.272661     0.6460  29.268789     5.0642     5.0467     0.0069    97.3433 1.0000e-12  -65.47882  -66.14938 331.483162      99.98 2.3270e+02   1368.208      32838          6  0.000e+00
    176.361    174.551     0.6489  29.272719     0.6459  29.268732     5.0688     5.0423     0.0069    97.3433 1.0000e-12  -65.47882  -66.14938 331.483163      99.98 2.3270e+02   1368.250      32839          6  0.000e+00
    176.381    174.572     0.6486  29.272719     0.6456  29.268846     5.0691     5.0479     0.0069    97.3433 1.0000e-12  -65.47882  -66.14938 331.483163      99.98 2.3270e+02   1368.292      32840          6  0.000e+00
    176.409    174.599     0.6485  29.272426     0.6470  29.270392     5.0707     5.0487     0.0069    97.3433 1.0000e-12  -65.47882  -66.14938 331.483164      99.95 2.3270e+02   1368.333      32841          6  0.000e+00
    176.381    174.572     0.6483  29.272192     0.6490  29.272108     5.0680     5.0494     0.0069    97.3691 1.0000e-12  -65.47882  -66.14938 331.483164      99.95 2.3270e+02   1368.375      32842          6  0.000e+00
    176.464    174.653     0.6483  29.271958     0.6497  29.272910     5.0685     5.0504     0.0069    97.3433 1.0000e-12  -65.47882  -66.14938 331.483165      99.98 2.3270e+02   1368.417      32843          6  0.000e+00
    176.409    174.599     0.6480  29.272309     0.6503  29.273425     5.0748     5.0513     0.0069    97.3691 1.0000e-12  -65.47882  -66.14938 331.483165     100.00 2.3270e+02   1368.458      32844          6  0.000e+00
    176.429    174.619     0.6484  29.272602     0.6511  29.274627     5.0823     5.0514     0.0069    97.3691 1.0000e-12  -65.47882  -66.14938 331.483166      99.98 2.3270e+02   1368.500      32845          6  0.000e+00
    176.464    174.653     0.6488  29.273540     0.6516  29.274913     5.0841     5.0523     0.0069    97.3691 1.0000e-12  -65.47882  -66.14938 331.483166      99.98 2.3270e+02   1368.542      32846          6  0.000e+00
    176.477    174.667     0.6495  29.274009     0.6510  29.273711     5.0816     5.0588     0.0069    97.3691 1.0000e-12  -65.47882  -66.14938 331.483166      99.98 2.3270e+02   1368.583      32847          6  0.000e+00
    176.512    174.701     0.6503  29.274477     0.6498  29.272452     5.0904     5.0600     0.0069    97.3691 1.0000e-12  -65.47882  -66.14938 331.483167      99.95 2.3270e+02   1368.625      32848          6  0.000e+00
    176.532    174.721     0.6506  29.275005     0.6487  29.271823     5.0866     5.0556     0.0069    97.3691 1.0000e-12  -65.47882  -66.14938 331.483167      99.98 2.3270e+02   1368.667      32849          6  0.000e+00
    176.512    174.701     0.6507  29.275122     0.6480  29.270850     5.0816     5.0557     0.0069    97.3691 1.0000e-12  -65.47882  -66.14938 331.483168      99.98 2.3270e+02   1368.708      32850          6  0.000e+00
    176.567    174.755     0.6509  29.275181     0.6480  29.271422     5.0797     5.0611     0.0069    97.3691 1.0000e-12  -65.47882  -66.14938 331.483168      99.98 2.3270e+02   1368.750      32851          6  0.000e+00
    176.532    174.721     0.6504  29.274360     0.6480  29.271079     5.0791     5.0618     0.0069    97.3691 1.0000e-12  -65.47882  -66.14938 331.483169      99.98 2.3270e+02   1368.792      32852          6  0.000e+00
    176.615    174.803     0.6495  29.273482     0.6469  29.269820     5.0845     5.0582     0.0069    97.3691 1.0000e-12  -65.47882  -66.14938 331.483169      99.95 2.3270e+02   1368.833      32853          6  0.000e+00
    176.635    174.823     0.6493  29.273423     0.6459  29.269305     5.0853     5.0582     0.0069    97.3691 1.0000e-12  -65.47882  -66.14938 331.483170      99.98 2.3270e+02   1368.875      32854          6  0.000e+00
    176.615    174.803     0.6501  29.274360     0.6469  29.270449     5.0845     5.0640     0.0069    97.3691 1.0000e-12  -65.47882  -66.14938 331.483170      99.98 2.3270e+02   1368.917      32855          6  0.000e+00
    176.670    174.857     0.6507  29.274829     0.6476  29.271423     5.0922     5.0645     0.0069    97.3691 1.0000e-12  -65.47882  -66.14938 331.483171     100.00 2.3270e+02   1368.958      32856          6  0.000e+00
    176.684    174.871     0.6510  29.275122     0.6484  29.272281     5.0941     5.0649     0.0069    97.3691 1.0000e-12  -65.47882  -66.14938 331.483171      99.98 2.3270e+02   1369.000      32857          6  0.000e+00
    176.718    174.905     0.6507  29.275122     0.6493  29.272682     5.0905     5.0652     0.0069    97.3691 1.0000e-12  -65.47882  -66.14938 331.483172      99.98 2.3270e+02   1369.042      32858          6  0.000e+00
    176.738    174.925     0.6504  29.274537     0.6497  29.273140     5.0969     5.0664     0.0069    97.3691 1.0000e-12  -65.47882  -66.14938 331.483172      99.98 2.3270e+02   1369.083      32859          6  0.000e+00
    176.766    174.952     0.6506  29.274361     0.6499  29.273483     5.0917     5.0668     0.0143    97.3691 1.0000e-12  -65.47882  -66.14938 331.483173      99.95 2.3270e+02   1369.125      32860          6  0.000e+00
    176.787    174.973     0.6503  29.274361     0.6504  29.274399     5.0923     5.0669     0.0143    97.3691 1.0000e-12  -65.47882  -66.14938 331.483173      99.98 2.3270e+02   1369.167      32861          6  0.000e+00
    176.821    175.007     0.6501  29.275123     0.6516  29.275887     5.0985     5.0670     0.0143    97.3691 1.0000e-12  -65.47882  -66.14938 331.483174      99.98 2.3270e+02   1369.208      32862          6  0.000e+00
    176.821    175.007     0.6518  29.276880     0.6521  29.275658     5.0944     5.0679     0.0143    97.3691 1.0000e-12  -65.47882  -66.14938 331.483174      99.98 2.3270e+02   1369.250      32863          6  0.000e+00
    176.890    175.075     0.6540  29.279635     0.6516  29.274628     5.0932     5.0682     0.0143    97.3433 1.0000e-12  -65.47882  -66.14938 331.483175      99.98 2.3270e+02   1369.292      32864          6  0.000e+00
    176.924    175.109     0.6554  29.280221     0.6509  29.273999     5.0934     5.0683     0.0143    97.3433 1.0000e-12  -65.47882  -66.14938 331.483175      99.95 2.3270e+02   1369.333      32865          6  0.000e+00
    176.938    175.122     0.6555  29.280514     0.6505  29.274457     5.0995     5.0683     0.0143    97.3433 1.0000e-12  -65.47882  -66.14938 331.483176      99.95 2.3270e+02   1369.375      32866          6  0.000e+00
    176.972    175.156     0.6557  29.280338     0.6510  29.275029     5.0999     5.0682     0.0143    97.3433 1.0000e-12  -65.47882  -66.14938 331.483176      99.98 2.3270e+02   1369.417      32867          6  0.000e+00
    176.972    175.156     0.6552  29.279928     0.6514  29.275029     5.1045     5.0680     0.0143    97.3433 1.0000e-12  -65.47882  -66.14938 331.483177     100.00 2.3270e+02   1369.458      32868          6  0.000e+00
    177.041    175.224     0.6557  29.281100     0.6520  29.275315     5.1057     5.0677     0.0143    97.3433 1.0000e-12  -65.47882  -66.14938 331.483177      99.98 2.3270e+02   1369.500      32869          6  0.000e+00
    177.075    175.258     0.6577  29.283151     0.6514  29.274858     5.1022     5.0728     0.0143    97.3433 1.0000e-12  -65.47882  -66.14938 331.483178      99.98 2.3270e+02   1369.542      32870          6  0.000e+00
    177.096    175.279     0.6591  29.284440     0.6508  29.274228     5.1075     5.0680     0.0143    97.3433 1.0000e-12  -65.47882  -66.14938 331.483178      99.98 2.3270e+02   1369.583      32871          6  0.000e+00
    177.178    175.360     0.6592  29.284147     0.6501  29.273942     5.1041     5.0685     0.0143    97.3433 1.0000e-12  -65.47882  -66.14938 331.483179      99.98 2.3270e+02   1369.625      32872          6  0.000e+00
    177.144    175.326     0.6581  29.283971     0.6510  29.275087     5.0995     5.0687     0.0143    97.3433 1.0000e-12  -65.47882  -66.14938 331.483179      99.98 2.3270e+02   1369.667      32873          6  0.000e+00
    177.178    175.360     0.6591  29.284850     0.6533  29.277548     5.1060     5.0678     0.0143    97.3433 1.0000e-12  -65.47882  -66.14938 331.483179      99.98 2.3270e+02   1369.708      32874          6  0.000e+00
    177.226    175.408     0.6611  29.286550     0.6552  29.280238     5.1123     5.0677     0.0143    97.3433 1.0000e-12  -65.47882  -66.14938 331.483180     100.00 2.3270e+02   1369.750      32875          6  0.000e+00
    177.295    175.476     0.6628  29.288249     0.6586  29.283558     5.1128     5.0666     0.0143    97.3433 1.0000e-12  -65.47882  -66.14938 331.483180      99.98 2.3270e+02   1369.792      32876          6  0.000e+00
    177.281    175.462     0.6639  29.289011     0.6621  29.287908     5.1189     5.0653     0.0143    97.3433 1.0000e-12  -65.47882  -66.14938 331.483181      99.95 2.3270e+02   1369.833      32877          6  0.000e+00
    177.295    175.476     0.6636  29.289480     0.6671  29.291916     5.1149     5.0646     0.0143    97.3433 1.0000e-12  -65.47882  -66.14938 331.483181      99.98 2.3270e+02   1369.875      32878          6  0.000e+00
