NBP2113_155081_ctd/data/nbp2113_017.cnv
* Sea-Bird SBE 9 Data File:
* FileName = D:\Data\raw\NBP2113_017.hex
* Software Version Seasave V 7.26.7.121
* Temperature SN = 2438
* Conductivity SN = 2067
* Number of Bytes Per Scan = 40
* Number of Voltage Words = 5
* Number of Scans Averaged by the Deck Unit = 1
* NMEA Latitude = 65 14.32 S
* NMEA Longitude = 069 47.72 W
* NMEA UTC (Time) = Nov 28 2021  09:59:52
* NMEA baud rate = 9600
** Ship: RVIB N.B. Palmer
** Cruise: NBP2113 LTER
** Station: 400.200
** Operator: B. Urmston
# nquan = 25
# nvalues = 5507                        
# units = specified
# name 0 = prDM: Pressure, Digiquartz [db]
# name 1 = depSM: Depth [salt water, m]
# name 2 = t090C: Temperature [ITS-90, deg C]
# name 3 = c0mS/cm: Conductivity [mS/cm]
# name 4 = t190C: Temperature, 2 [ITS-90, deg C]
# name 5 = c1mS/cm: Conductivity, 2 [mS/cm]
# name 6 = sbeox0ML/L: Oxygen, SBE 43 [ml/l]
# name 7 = sbeox1ML/L: Oxygen, SBE 43, 2 [ml/l]
# name 8 = flECO-AFL: Fluorescence, WET Labs ECO-AFL/FL [mg/m^3]
# name 9 = CStarTr0: Beam Transmission, WET Labs C-Star [%]
# name 10 = par: PAR/Irradiance, Biospherical/Licor
# name 11 = latitude: Latitude [deg]
# name 12 = longitude: Longitude [deg]
# name 13 = timeJ: Julian Days
# name 14 = altM: Altimeter [m]
# name 15 = spar: SPAR, Biospherical/Licor
# name 16 = timeS: Time, Elapsed [seconds]
# name 17 = scan: Scan Count
# name 18 = density00: Density [density, kg/m^3]
# name 19 = density11: Density, 2 [density, kg/m^3]
# name 20 = sal00: Salinity, Practical [PSU]
# name 21 = sal11: Salinity, Practical, 2 [PSU]
# name 22 = oxsolML/L: Oxygen Saturation, Garcia & Gordon [ml/l]
# name 23 = nbin: number of scans per bin
# name 24 = flag: flag
# span 0 =      1.000,   2756.000       
# span 1 =      0.992,   2711.176       
# span 2 =    -0.9020,     2.0064       
# span 3 =  27.572589,  30.675109       
# span 4 =    -0.9006,     2.0062       
# span 5 =  27.573360,  30.674174       
# span 6 =     3.8706,     9.4211       
# span 7 =     3.9241,    10.0093       
# span 8 =    -0.0226,     9.2023       
# span 9 =    87.1214,    97.9881       
# span 10 = 1.0000e-12, 1.0000e-12      
# span 11 =  -65.23835,  -65.23662      
# span 12 =  -69.79936,  -69.79608      
# span 13 = 332.420197, 332.506389      
# span 14 =       1.07,     104.15      
# span 15 = 2.6267e+02, 1.2819e+03      
# span 16 =    313.043,   7760.045      
# span 17 =       7514,     186242      
# span 18 =  1027.3210,  1040.5508      
# span 19 =  1027.3201,  1040.5502      
# span 20 =    33.9856,    34.7283      
# span 21 =    33.9839,    34.7276      
# span 22 =    7.62748,    8.25910      
# span 23 =         11,         57      
# span 24 = 0.0000e+00, 0.0000e+00      
# interval = decibars: 1                
# start_time = Nov 28 2021 09:59:52 [NMEA time, header]
# bad_flag = -9.990e-29
*END*
[from data line 3479]
   2028.000   1998.401     0.7532  30.340488     0.7529  30.339980     4.4968     4.5703    -0.0058    97.9776 1.0000e-12  -65.23694  -69.79846 332.472930      99.98 5.3767e+02   4869.145     116860  1037.2398  1037.2394    34.7079    34.7075    7.87149         27 0.0000e+00
   2027.000   1997.420     0.7532  30.340112     0.7533  30.339786     4.4987     4.5757    -0.0058    97.9725 1.0000e-12  -65.23694  -69.79846 332.472942      99.97 5.3768e+02   4870.176     116885  1037.2353  1037.2348    34.7079    34.7074    7.87148         23 0.0000e+00
   2026.000   1996.439     0.7556  30.341843     0.7559  30.341614     4.5002     4.5716    -0.0148    97.9771 1.0000e-12  -65.23694  -69.79846 332.472953      99.97 5.3636e+02   4871.136     116908  1037.2304  1037.2299    34.7079    34.7074    7.87098         23 0.0000e+00
   2025.000   1995.459     0.7559  30.341689     0.7559  30.341422     4.4964     4.5704    -0.0090    97.9753 1.0000e-12  -65.23694  -69.79844 332.472964      99.98 5.3592e+02   4872.097     116931  1037.2258  1037.2255    34.7079    34.7076    7.87092         24 0.0000e+00
   2024.000   1994.478     0.7564  30.341585     0.7564  30.341378     4.4997     4.5683    -0.0083    97.9748 1.0000e-12  -65.23694  -69.79846 332.472975      99.98 5.3500e+02   4873.079     116955  1037.2212  1037.2209    34.7079    34.7075    7.87084         23 0.0000e+00
   2023.000   1993.498     0.7576  30.342348     0.7572  30.341511     4.4947     4.5664    -0.0013    97.9766 1.0000e-12  -65.23694  -69.79846 332.472986      99.98 5.3414e+02   4874.032     116978  1037.2166  1037.2161    34.7080    34.7074    7.87059         22 0.0000e+00
   2022.000   1992.516     0.7592  30.343391     0.7591  30.342833     4.4971     4.5715    -0.0070    97.9754 1.0000e-12  -65.23694  -69.79846 332.472997      99.97 5.3359e+02   4874.940     117000  1037.2118  1037.2114    34.7081    34.7075    7.87026         22 0.0000e+00
   2021.000   1991.534     0.7609  30.344567     0.7608  30.344036     4.5039     4.5681    -0.0121    97.9781 1.0000e-12  -65.23694  -69.79846 332.473008      99.98 5.3241e+02   4875.859     117022  1037.2072  1037.2067    34.7082    34.7077    7.86990         23 0.0000e+00
   2020.000   1990.555     0.7603  30.343508     0.7612  30.343892     4.5016     4.5668    -0.0126    97.9730 1.0000e-12  -65.23694  -69.79846 332.473021      99.98 5.3104e+02   4876.995     117049  1037.2026  1037.2021    34.7080    34.7076    7.87003         31 0.0000e+00
   2019.000   1989.573     0.7579  30.341081     0.7580  30.340862     4.4941     4.5724    -0.0107    97.9615 1.0000e-12  -65.23694  -69.79846 332.473061      99.98 5.2778e+02   4880.480     117133  1037.1985  1037.1981    34.7080    34.7077    7.87051         25 0.0000e+00
   2018.000   1988.593     0.7601  30.342623     0.7603  30.342430     4.4922     4.5730    -0.0167    97.9700 1.0000e-12  -65.23694  -69.79846 332.473073      99.98 5.2710e+02   4881.527     117158  1037.1937  1037.1933    34.7082    34.7077    7.87007         18 0.0000e+00
   2017.000   1987.612     0.7626  30.344346     0.7630  30.344347     4.4915     4.5674    -0.0145    97.9784 1.0000e-12  -65.23694  -69.79846 332.473081      99.98 5.2710e+02   4882.203     117174  1037.1888  1037.1884    34.7081    34.7077    7.86956         15 0.0000e+00
   2016.000   1986.634     0.7650  30.346015     0.7650  30.345724     4.4890     4.5712    -0.0098    97.9651 1.0000e-12  -65.23694  -69.79846 332.473088      99.97 5.2598e+02   4882.808     117188  1037.1839  1037.1836    34.7081    34.7077    7.86908         14 0.0000e+00
   2015.000   1985.649     0.7656  30.346295     0.7658  30.345991     4.4909     4.5702    -0.0066    97.9705 1.0000e-12  -65.23694  -69.79846 332.473095      99.98 5.2534e+02   4883.399     117203  1037.1795  1037.1790    34.7083    34.7077    7.86894         14 0.0000e+00
   2014.000   1984.672     0.7667  30.346770     0.7666  30.346319     4.5024     4.5657    -0.0013    97.9710 1.0000e-12  -65.23694  -69.79846 332.473102      99.97 5.2534e+02   4884.024     117218  1037.1747  1037.1744    34.7082    34.7078    7.86872         16 0.0000e+00
   2013.000   1983.689     0.7664  30.346075     0.7666  30.345885     4.5017     4.5635    -0.0125    97.9662 1.0000e-12  -65.23694  -69.79846 332.473111      99.98 5.2534e+02   4884.780     117236  1037.1702  1037.1698    34.7082    34.7077    7.86878         22 0.0000e+00
   2012.000   1982.709     0.7653  30.344622     0.7649  30.344051     4.4994     4.5670    -0.0144    97.9719 1.0000e-12  -65.23694  -69.79846 332.473132      99.98 5.2411e+02   4886.565     117279  1037.1658  1037.1656    34.7081    34.7078    7.86902         34 0.0000e+00
   2011.000   1981.728     0.7644  30.343528     0.7644  30.343090     4.4952     4.5673     0.0000    97.9630 1.0000e-12  -65.23694  -69.79846 332.473155      99.98 5.2355e+02   4888.580     117327  1037.1615  1037.1610    34.7082    34.7077    7.86920         24 0.0000e+00
   2010.000   1980.748     0.7658  30.344402     0.7662  30.344348     4.4971     4.5655    -0.0089    97.9695 1.0000e-12  -65.23694  -69.79846 332.473164      99.98 5.2188e+02   4889.386     117346  1037.1568  1037.1563    34.7082    34.7077    7.86890         19 0.0000e+00
   2009.000   1979.767     0.7675  30.345538     0.7676  30.345184     4.4923     4.5629    -0.0042    97.9777 1.0000e-12  -65.23694  -69.79846 332.473174      99.98 5.2181e+02   4890.196     117366  1037.1520  1037.1516    34.7083    34.7078    7.86855         20 0.0000e+00
   2008.000   1978.785     0.7684  30.345963     0.7682  30.345375     4.4997     4.5638    -0.0045    97.9788 1.0000e-12  -65.23694  -69.79846 332.473184      99.98 5.2181e+02   4891.130     117388  1037.1474  1037.1471    34.7084    34.7079    7.86837         25 0.0000e+00
   2007.000   1977.805     0.7680  30.345043     0.7682  30.344909     4.4952     4.5633    -0.0082    97.9755 1.0000e-12  -65.23694  -69.79846 332.473202      99.98 5.2124e+02   4892.612     117424  1037.1428  1037.1425    34.7082    34.7078    7.86847         40 0.0000e+00
   2006.000   1976.823     0.7677  30.344442     0.7679  30.344198     4.4955     4.5655    -0.0129    97.9662 1.0000e-12  -65.23694  -69.79846 332.473223      99.98 5.1997e+02   4894.489     117469  1037.1384  1037.1380    34.7083    34.7078    7.86853         33 0.0000e+00
   2005.000   1975.844     0.7688  30.344918     0.7686  30.344537     4.4917     4.5614    -0.0128    97.9714 1.0000e-12  -65.23694  -69.79846 332.473235      99.98 5.1860e+02   4895.543     117494  1037.1336  1037.1335    34.7082    34.7079    7.86830         23 0.0000e+00
   2004.000   1974.862     0.7703  30.345982     0.7698  30.345121     4.4943     4.5598    -0.0070    97.9639 1.0000e-12  -65.23694  -69.79846 332.473246      99.98 5.1829e+02   4896.438     117516  1037.1291  1037.1288    34.7085    34.7079    7.86799         20 0.0000e+00
   2003.000   1973.882     0.7729  30.347819     0.7721  30.346697     4.4919     4.5604    -0.0022    97.9807 1.0000e-12  -65.23694  -69.79846 332.473256      99.98 5.1696e+02   4897.280     117536  1037.1241  1037.1239    34.7084    34.7079    7.86745         21 0.0000e+00
   2002.000   1972.900     0.7737  30.348108     0.7736  30.347677     4.4873     4.5590    -0.0166    97.9730 1.0000e-12  -65.23694  -69.79846 332.473265      99.98 5.1653e+02   4898.133     117556  1037.1196  1037.1192    34.7084    34.7080    7.86730         20 0.0000e+00
   2001.000   1971.919     0.7741  30.348035     0.7744  30.348072     4.4956     4.5597    -0.0174    97.9648 1.0000e-12  -65.23694  -69.79846 332.473276      99.98 5.1516e+02   4899.020     117577  1037.1150  1037.1147    34.7084    34.7081    7.86722         22 0.0000e+00
   2000.000   1970.939     0.7743  30.347783     0.7742  30.347444     4.5007     4.5603    -0.0074    97.9750 1.0000e-12  -65.23694  -69.79846 332.473287      99.98 5.1457e+02   4900.000     117601  1037.1104  1037.1101    34.7084    34.7080    7.86719         26 0.0000e+00
   1999.000   1969.958     0.7733  30.346618     0.7730  30.345836     4.5004     4.5598    -0.0053    97.9735 1.0000e-12  -65.23694  -69.79846 332.473303      99.98 5.1296e+02   4901.405     117635  1037.1061  1037.1057    34.7085    34.7079    7.86737         36 0.0000e+00
   1998.000   1968.977     0.7727  30.345716     0.7731  30.345629     4.4967     4.5633    -0.0077    97.9629 1.0000e-12  -65.23694  -69.79846 332.473334      99.98 5.1123e+02   4904.042     117698  1037.1016  1037.1011    34.7085    34.7080    7.86749         31 0.0000e+00
   1997.000   1967.997     0.7738  30.346150     0.7740  30.345989     4.4941     4.5654    -0.0095    97.9763 1.0000e-12  -65.23694  -69.79848 332.473347      99.98 5.1004e+02   4905.185     117725  1037.0969  1037.0965    34.7085    34.7080    7.86729         21 0.0000e+00
   1996.000   1967.015     0.7746  30.346484     0.7746  30.346148     4.4882     4.5660    -0.0169    97.9780 1.0000e-12  -65.23694  -69.79848 332.473356      99.97 5.0946e+02   4905.974     117744  1037.0924  1037.0920    34.7085    34.7081    7.86712         17 0.0000e+00
   1995.000   1966.035     0.7768  30.347973     0.7768  30.347725     4.4858     4.5643    -0.0159    97.9687 1.0000e-12  -65.23694  -69.79848 332.473364      99.98 5.0947e+02   4906.683     117761  1037.0875  1037.0872    34.7085    34.7082    7.86668         17 0.0000e+00
   1994.000   1965.053     0.7782  30.348842     0.7783  30.348687     4.4898     4.5630    -0.0163    97.9613 1.0000e-12  -65.23694  -69.79848 332.473372      99.97 5.0947e+02   4907.377     117778  1037.0827  1037.0825    34.7085    34.7082    7.86638         17 0.0000e+00
   1993.000   1964.073     0.7790  30.349176     0.7790  30.348794     4.4927     4.5613    -0.0150    97.9613 1.0000e-12  -65.23694  -69.79846 332.473381      99.98 5.0935e+02   4908.118     117796  1037.0782  1037.0778    34.7087    34.7082    7.86623         19 0.0000e+00
   1992.000   1963.091     0.7782  30.348072     0.7786  30.347936     4.4995     4.5616    -0.0158    97.9670 1.0000e-12  -65.23694  -69.79846 332.473392      99.98 5.0777e+02   4909.028     117818  1037.0738  1037.0732    34.7086    34.7080    7.86638         26 0.0000e+00
   1991.000   1962.110     0.7780  30.347487     0.7778  30.346979     4.4954     4.5660    -0.0133    97.9776 1.0000e-12  -65.23694  -69.79846 332.473412      99.98 5.0771e+02   4910.770     117859  1037.0692  1037.0690    34.7086    34.7082    7.86642         38 0.0000e+00
   1990.000   1961.131     0.7778  30.346879     0.7776  30.346342     4.4896     4.5613    -0.0154    97.9795 1.0000e-12  -65.23694  -69.79846 332.473433      99.98 5.0610e+02   4912.576     117903  1037.0646  1037.0644    34.7085    34.7080    7.86646         27 0.0000e+00
   1989.000   1960.149     0.7783  30.346929     0.7788  30.347009     4.4956     4.5630    -0.0083    97.9796 1.0000e-12  -65.23694  -69.79846 332.473444      99.98 5.0551e+02   4913.565     117927  1037.0602  1037.0597    34.7086    34.7081    7.86637         24 0.0000e+00
   1988.000   1959.168     0.7786  30.346908     0.7784  30.346259     4.4987     4.5622    -0.0088    97.9666 1.0000e-12  -65.23694  -69.79846 332.473457      99.98 5.0413e+02   4914.701     117954  1037.0556  1037.0552    34.7087    34.7081    7.86629         33 0.0000e+00
   1987.000   1958.188     0.7794  30.347094     0.7782  30.345667     4.4875     4.5605    -0.0086    97.9730 1.0000e-12  -65.23694  -69.79846 332.473475      99.98 5.0242e+02   4916.201     117990  1037.0510  1037.0507    34.7086    34.7081    7.86614         31 0.0000e+00
   1986.000   1957.207     0.7806  30.347700     0.7807  30.347443     4.4900     4.5582    -0.0114    97.9694 1.0000e-12  -65.23694  -69.79846 332.473488      99.98 5.0069e+02   4917.388     118018  1037.0462  1037.0459    34.7086    34.7082    7.86590         22 0.0000e+00
   1985.000   1956.226     0.7818  30.348389     0.7815  30.347952     4.4910     4.5621    -0.0167    97.9742 1.0000e-12  -65.23694  -69.79846 332.473498      99.98 5.0066e+02   4918.191     118038  1037.0416  1037.0414    34.7087    34.7084    7.86566         18 0.0000e+00
   1984.000   1955.244     0.7836  30.349593     0.7837  30.349321     4.4898     4.5643    -0.0088    97.9789 1.0000e-12  -65.23694  -69.79847 332.473506      99.97 4.9947e+02   4918.882     118054  1037.0369  1037.0365    34.7087    34.7083    7.86528         16 0.0000e+00
   1983.000   1954.264     0.7844  30.349773     0.7846  30.349600     4.4807     4.5600    -0.0059    97.9712 1.0000e-12  -65.23694  -69.79848 332.473513      99.98 4.9848e+02   4919.547     118070  1037.0321  1037.0318    34.7086    34.7082    7.86512         16 0.0000e+00
   1982.000   1953.283     0.7846  30.349642     0.7846  30.349233     4.4905     4.5572    -0.0014    97.9763 1.0000e-12  -65.23694  -69.79846 332.473521      99.98 4.9717e+02   4920.232     118087  1037.0277  1037.0273    34.7088    34.7082    7.86509         17 0.0000e+00
   1981.000   1952.302     0.7849  30.349632     0.7845  30.348829     4.4985     4.5589    -0.0132    97.9802 1.0000e-12  -65.23694  -69.79846 332.473531      99.98 4.9633e+02   4921.045     118106  1037.0232  1037.0228    34.7089    34.7083    7.86501         23 0.0000e+00
   1980.000   1951.321     0.7837  30.348009     0.7832  30.347207     4.4914     4.5598    -0.0165    97.9789 1.0000e-12  -65.23694  -69.79845 332.473561      99.97 4.9302e+02   4923.646     118169  1037.0187  1037.0184    34.7087    34.7082    7.86527         28 0.0000e+00
   1979.000   1950.341     0.7829  30.346936     0.7825  30.346203     4.4905     4.5606    -0.0099    97.9125 1.0000e-12  -65.23694  -69.79844 332.473595      99.98 4.8937e+02   4926.576     118239  1037.0143  1037.0140    34.7086    34.7082    7.86542         26 0.0000e+00
   1978.000   1949.359     0.7832  30.346750     0.7835  30.346744     4.4877     4.5629    -0.0043    97.9711 1.0000e-12  -65.23694  -69.79846 332.473604      99.97 4.8829e+02   4927.375     118258  1037.0097  1037.0093    34.7087    34.7083    7.86537         18 0.0000e+00
   1977.000   1948.378     0.7844  30.347522     0.7846  30.347248     4.4755     4.5639    -0.0014    97.9773 1.0000e-12  -65.23694  -69.79846 332.473612      99.98 4.8746e+02   4928.087     118275  1037.0051  1037.0047    34.7088    34.7083    7.86511         16 0.0000e+00
   1976.000   1947.398     0.7860  30.348447     0.7859  30.348098     4.4811     4.5605    -0.0099    97.9779 1.0000e-12  -65.23694  -69.79846 332.473620      99.98 4.8655e+02   4928.734     118291  1037.0003  1037.0000    34.7087    34.7084    7.86479         14 0.0000e+00
   1975.000   1946.418     0.7875  30.349486     0.7884  30.349673     4.4869     4.5599    -0.0093    97.9723 1.0000e-12  -65.23694  -69.79846 332.473626      99.97 4.8656e+02   4929.321     118305  1036.9957  1036.9950    34.7089    34.7082    7.86448         14 0.0000e+00
   1974.000   1945.433     0.7893  30.350609     0.7893  30.350179     4.4863     4.5595    -0.0103    97.9814 1.0000e-12  -65.23694  -69.79846 332.473633      99.98 4.8506e+02   4929.888     118318  1036.9908  1036.9904    34.7089    34.7083    7.86412         14 0.0000e+00
   1973.000   1944.455     0.7896  30.350505     0.7895  30.350008     4.4878     4.5571    -0.0119    97.9723 1.0000e-12  -65.23694  -69.79846 332.473640      99.97 4.8479e+02   4930.482     118333  1036.9863  1036.9859    34.7090    34.7084    7.86405         14 0.0000e+00
   1972.000   1943.472     0.7897  30.350162     0.7899  30.349911     4.4944     4.5555    -0.0167    97.9734 1.0000e-12  -65.23694  -69.79846 332.473647      99.98 4.8479e+02   4931.119     118348  1036.9818  1036.9813    34.7090    34.7084    7.86404         17 0.0000e+00
