NBP2113_155081_ctd/data/nbp2113_029.ros
* Sea-Bird SBE 9 Data File:
* FileName = D:\Data\raw\NBP2113_029.hex
* Software Version Seasave V 7.26.7.121
* Temperature SN = 2438
* Conductivity SN = 2067
* Number of Bytes Per Scan = 40
* Number of Voltage Words = 5
* Number of Scans Averaged by the Deck Unit = 1
* NMEA Latitude = 66 51.18 S
* NMEA Longitude = 068 36.27 W
* NMEA UTC (Time) = Dec 05 2021  02:21:18
* NMEA baud rate = 9600
** Ship: RVIB N.B. Palmer
** Cruise: NBP2113 LTER
** Station: AS01
** Operator: S. Blackman
# nquan = 20
# nvalues = 343                                   
# units = specified
# name 0 = prDM: Pressure, Digiquartz [db]
# name 1 = depSM: Depth [salt water, m]
# name 2 = t090C: Temperature [ITS-90, deg C]
# name 3 = c0mS/cm: Conductivity [mS/cm]
# name 4 = t190C: Temperature, 2 [ITS-90, deg C]
# name 5 = c1mS/cm: Conductivity, 2 [mS/cm]
# name 6 = sbeox0ML/L: Oxygen, SBE 43 [ml/l]
# name 7 = sbeox1ML/L: Oxygen, SBE 43, 2 [ml/l]
# name 8 = flECO-AFL: Fluorescence, WET Labs ECO-AFL/FL [mg/m^3]
# name 9 = CStarTr0: Beam Transmission, WET Labs C-Star [%]
# name 10 = par: PAR/Irradiance, Biospherical/Licor
# name 11 = latitude: Latitude [deg]
# name 12 = longitude: Longitude [deg]
# name 13 = timeJ: Julian Days
# name 14 = altM: Altimeter [m]
# name 15 = spar: SPAR, Biospherical/Licor
# name 16 = timeS: Time, Elapsed [seconds]
# name 17 = scan: Scan Count
# name 18 = nbf: Bottles Fired
# name 19 = flag:  0.000e+00
# interval = seconds: 0.0416667
# start_time = Dec 05 2021 02:21:18 [NMEA time, header]
# bad_flag = -9.990e-29
*END*
[from data line 73]
    203.000    200.886     0.8788  29.540415     0.8804  29.540833     4.6293     4.6802     0.0143    94.5881 1.0000e-12  -66.85278  -68.60342 339.108459      34.51 8.8144e+00    892.875      21430          2  0.000e+00
    202.945    200.831     0.8785  29.540062     0.8798  29.540488     4.6269     4.6804     0.0143    94.5624 1.0000e-12  -66.85278  -68.60342 339.108460      34.51 8.8144e+00    892.917      21431          2  0.000e+00
    203.000    200.886     0.8786  29.540415     0.8788  29.539857     4.6245     4.6807     0.0143    94.5624 1.0000e-12  -66.85278  -68.60342 339.108460      34.51 8.8144e+00    892.958      21432          2  0.000e+00
    203.048    200.933     0.8786  29.539533     0.8787  29.539397     4.6248     4.6817     0.0143    94.5881 1.0000e-12  -66.85278  -68.60342 339.108461      34.46 8.8144e+00    893.000      21433          2  0.000e+00
    203.048    200.933     0.8776  29.538122     0.8784  29.539225     4.6183     4.6817     0.0143    94.5624 1.0000e-12  -66.85278  -68.60342 339.108461      34.43 8.8144e+00    893.042      21434          2  0.000e+00
    203.048    200.933     0.8765  29.537828     0.8787  29.539225     4.6274     4.6816     0.0143    94.5624 1.0000e-12  -66.85278  -68.60342 339.108462      34.43 8.8144e+00    893.083      21435          2  0.000e+00
    203.048    200.933     0.8762  29.537358     0.8792  29.539627     4.6220     4.6822     0.0143    94.5624 1.0000e-12  -66.85278  -68.60342 339.108462      34.43 8.8144e+00    893.125      21436          2  0.000e+00
    203.103    200.988     0.8759  29.537064     0.8801  29.541235     4.6224     4.6828     0.0143    94.5624 1.0000e-12  -66.85278  -68.60342 339.108463      34.43 8.8144e+00    893.167      21437          2  0.000e+00
    203.103    200.988     0.8744  29.535536     0.8819  29.542269     4.6159     4.6824     0.0143    94.5624 1.0000e-12  -66.85278  -68.60342 339.108463      34.43 8.8144e+00    893.208      21438          2  0.000e+00
    203.103    200.988     0.8730  29.534419     0.8816  29.542154     4.6252     4.6830     0.0143    94.5624 1.0000e-12  -66.85278  -68.60342 339.108464      34.43 8.8144e+00    893.250      21439          2  0.000e+00
    203.103    200.988     0.8730  29.534419     0.8813  29.542614     4.6198     4.6835     0.0143    94.5881 1.0000e-12  -66.85278  -68.60342 339.108464      34.43 8.8144e+00    893.292      21440          2  0.000e+00
    203.151    201.035     0.8741  29.536359     0.8824  29.544222     4.6199     4.6839     0.0143    94.5624 1.0000e-12  -66.85278  -68.60342 339.108465      34.43 8.8144e+00    893.333      21441          2  0.000e+00
    203.151    201.035     0.8774  29.539651     0.8851  29.546577     4.6142     4.6831     0.0143    94.5624 1.0000e-12  -66.85278  -68.60342 339.108465      34.43 8.8144e+00    893.375      21442          2  0.000e+00
    203.199    201.083     0.8801  29.542826     0.8873  29.548587     4.6173     4.6833     0.0362    94.5624 1.0000e-12  -66.85278  -68.60342 339.108465      34.43 8.8144e+00    893.417      21443          2  0.000e+00
    203.151    201.035     0.8815  29.542179     0.8888  29.549735     4.6177     4.6834     0.0362    94.5881 1.0000e-12  -66.85278  -68.60342 339.108466      34.21 8.8144e+00    893.458      21444          2  0.000e+00
    203.199    201.083     0.8776  29.537241     0.8884  29.548012     4.6188     4.6839     0.0362    94.5624 1.0000e-12  -66.85278  -68.60342 339.108466      33.92 8.8144e+00    893.500      21445          2  0.000e+00
    203.199    201.083     0.8733  29.533949     0.8833  29.544165     4.6200     4.6840     0.0436    94.5624 1.0000e-12  -66.85278  -68.60342 339.108467      33.85 8.8144e+00    893.542      21446          2  0.000e+00
    203.254    201.137     0.8723  29.532950     0.8799  29.540776     4.6251     4.6840     0.0362    94.5624 1.0000e-12  -66.85278  -68.60342 339.108467      33.85 8.8144e+00    893.583      21447          2  0.000e+00
    203.254    201.137     0.8705  29.530951     0.8775  29.538824     4.6273     4.6836     0.0436    94.5624 1.0000e-12  -66.85278  -68.60342 339.108468      33.87 8.8144e+00    893.625      21448          2  0.000e+00
    203.254    201.137     0.8683  29.528894     0.8770  29.537962     4.6294     4.6838     0.0436    94.5624 1.0000e-12  -66.85278  -68.60342 339.108468      33.87 8.8144e+00    893.667      21449          2  0.000e+00
    203.254    201.137     0.8667  29.527366     0.8764  29.537503     4.6259     4.6839     0.0436    94.5366 1.0000e-12  -66.85278  -68.60342 339.108469      33.85 8.8144e+00    893.708      21450          2  0.000e+00
    203.302    201.185     0.8661  29.526660     0.8758  29.536297     4.6310     4.6841     0.0436    94.5624 1.0000e-12  -66.85278  -68.60342 339.108469      33.85 8.8144e+00    893.750      21451          2  0.000e+00
    203.357    201.239     0.8653  29.525661     0.8742  29.534517     4.6273     4.6897     0.0362    94.5624 1.0000e-12  -66.85278  -68.60340 339.108470      33.85 8.8144e+00    893.792      21452          2  0.000e+00
    203.302    201.185     0.8650  29.525779     0.8742  29.535264     4.6280     4.6904     0.0436    94.5624 1.0000e-12  -66.85278  -68.60340 339.108470      33.85 8.8144e+00    893.833      21453          2  0.000e+00
    203.302    201.185     0.8667  29.529482     0.8756  29.536929     4.6270     4.6909     0.0436    94.5624 1.0000e-12  -66.85278  -68.60340 339.108471      33.85 8.8144e+00    893.875      21454          2  0.000e+00
    181.734    179.850     0.4545  29.071683     0.4393  29.050840     5.3783     5.3615     0.0509    94.9229 1.0000e-12  -66.85270  -68.60336 339.109442      50.84 8.8144e+00    977.750      23467          3  0.000e+00
    181.748    179.864     0.4563  29.073202     0.4339  29.045305     5.3849     5.3699     0.0509    94.9229 1.0000e-12  -66.85270  -68.60336 339.109442      50.84 8.8144e+00    977.792      23468          3  0.000e+00
    181.782    179.898     0.4567  29.072910     0.4286  29.038571     5.3981     5.3788     0.0509    94.9229 1.0000e-12  -66.85270  -68.60336 339.109443      50.84 8.8144e+00    977.833      23469          3  0.000e+00
    181.851    179.966     0.4552  29.066540     0.4180  29.022083     5.3998     5.3839     0.0509    94.9229 1.0000e-12  -66.85270  -68.60336 339.109443      50.84 8.8144e+00    977.875      23470          3  0.000e+00
    181.933    180.047     0.4358  29.042936     0.4004  29.005085     5.4199     5.3905     0.0509    94.9229 1.0000e-12  -66.85270  -68.60336 339.109443      50.84 8.8144e+00    977.917      23471          3  0.000e+00
    181.947    180.061     0.4094  29.017121     0.3908  28.999496     5.4327     5.3942     0.0509    94.9229 1.0000e-12  -66.85270  -68.60336 339.109444      50.84 8.8144e+00    977.958      23472          3  0.000e+00
    181.988    180.102     0.3948  29.004625     0.3888  29.002006     5.4413     5.4025     0.0509    94.9229 1.0000e-12  -66.85270  -68.60336 339.109444      50.57 8.8144e+00    978.000      23473          3  0.000e+00
    182.050    180.163     0.3904  29.002524     0.3887  29.001151     5.4473     5.4049     0.0509    94.9229 1.0000e-12  -66.85270  -68.60336 339.109445      50.33 8.8144e+00    978.042      23474          3  0.000e+00
    182.139    180.251     0.3904  29.004334     0.3875  28.997501     5.4575     5.4134     0.0509    94.9229 1.0000e-12  -66.85270  -68.60336 339.109445      50.26 8.8144e+00    978.083      23475          3  0.000e+00
    182.105    180.217     0.3934  29.007429     0.3870  28.990999     5.4633     5.4161     0.0509    94.9229 1.0000e-12  -66.85270  -68.60336 339.109446      50.28 8.8144e+00    978.125      23476          3  0.000e+00
    182.194    180.305     0.3960  29.012159     0.3758  28.976859     5.4671     5.4255     0.0509    94.9229 1.0000e-12  -66.85270  -68.60336 339.109446      50.28 8.8144e+00    978.167      23477          3  0.000e+00
    182.256    180.367     0.3993  29.012801     0.3624  28.965685     5.4758     5.4300     0.0509    94.8971 1.0000e-12  -66.85270  -68.60336 339.109447      50.28 8.8144e+00    978.208      23478          3  0.000e+00
    182.242    180.353     0.3926  29.001940     0.3547  28.962494     5.4868     5.4337     0.0509    94.9229 1.0000e-12  -66.85270  -68.60336 339.109447      50.28 8.8144e+00    978.250      23479          3  0.000e+00
    182.359    180.468     0.3796  28.984660     0.3525  28.963235     5.4951     5.4353     0.0509    94.8971 1.0000e-12  -66.85270  -68.60336 339.109448      50.28 8.8144e+00    978.292      23480          3  0.000e+00
    182.345    180.455     0.3593  28.964174     0.3518  28.963406     5.5022     5.4370     0.0509    94.9229 1.0000e-12  -66.85270  -68.60336 339.109448      50.28 8.8144e+00    978.333      23481          3  0.000e+00
    182.407    180.516     0.3461  28.950519     0.3508  28.961069     5.5071     5.4376     0.0509    94.9229 1.0000e-12  -66.85270  -68.60336 339.109449      50.28 8.8144e+00    978.375      23482          3  0.000e+00
    182.448    180.557     0.3307  28.928525     0.3477  28.957079     5.5162     5.4380     0.0509    94.9229 1.0000e-12  -66.85270  -68.60336 339.109449      50.28 8.8144e+00    978.417      23483          3  0.000e+00
    182.565    180.672     0.3015  28.900357     0.3451  28.956396     5.5248     5.4440     0.0509    94.9229 1.0000e-12  -66.85270  -68.60336 339.109450      50.31 8.8144e+00    978.458      23484          3  0.000e+00
    182.565    180.672     0.2797  28.882750     0.3463  28.956966     5.5309     5.4435     0.0509    94.9229 1.0000e-12  -66.85270  -68.60336 339.109450      51.04 8.8144e+00    978.500      23485          3  0.000e+00
    182.599    180.706     0.2744  28.884616     0.3451  28.956966     5.5328     5.4437     0.0509    94.9229 1.0000e-12  -66.85270  -68.60336 339.109451      51.45 8.8144e+00    978.542      23486          3  0.000e+00
    182.661    180.767     0.2834  28.893886     0.3438  28.957878     5.5373     5.4497     0.0509    94.9486 1.0000e-12  -66.85270  -68.60336 339.109451      51.50 8.8144e+00    978.583      23487          3  0.000e+00
    182.702    180.808     0.2882  28.904966     0.3460  28.957194     5.5381     5.4502     0.0509    94.9486 1.0000e-12  -66.85270  -68.60336 339.109452      51.45 8.8144e+00    978.625      23488          3  0.000e+00
    182.764    180.869     0.3128  28.930278     0.3408  28.943914     5.5347     5.4527     0.0509    94.9486 1.0000e-12  -66.85270  -68.60336 339.109452      51.45 8.8144e+00    978.667      23489          3  0.000e+00
    182.805    180.910     0.3336  28.945678     0.3239  28.924597     5.5299     5.4557     0.0509    94.9486 1.0000e-12  -66.85270  -68.60336 339.109453      51.43 8.8144e+00    978.708      23490          3  0.000e+00
    182.819    180.924     0.3326  28.940136     0.3028  28.904146     5.5339     5.4587     0.0509    94.9486 1.0000e-12  -66.85270  -68.60336 339.109453      51.43 8.8144e+00    978.750      23491          3  0.000e+00
    182.908    181.012     0.3153  28.919603     0.2849  28.889054     5.5368     5.4615     0.0509    94.9486 1.0000e-12  -66.85270  -68.60334 339.109454      51.45 8.8144e+00    978.792      23492          3  0.000e+00
    182.970    181.073     0.2924  28.897618     0.2748  28.881423     5.5409     5.4616     0.0509    94.9486 1.0000e-12  -66.85270  -68.60334 339.109454      51.45 8.8144e+00    978.833      23493          3  0.000e+00
    182.956    181.059     0.2773  28.883801     0.2734  28.887973     5.5353     5.4602     0.0509    94.9486 1.0000e-12  -66.85270  -68.60334 339.109455      51.45 8.8144e+00    978.875      23494          3  0.000e+00
    183.018    181.121     0.2690  28.875815     0.2877  28.905572     5.5379     5.4612     0.0509    94.9486 1.0000e-12  -66.85270  -68.60334 339.109455      51.43 8.8144e+00    978.917      23495          3  0.000e+00
    183.059    181.161     0.2638  28.871618     0.3018  28.919814     5.5416     5.4573     0.0509    94.9486 1.0000e-12  -66.85270  -68.60334 339.109456      51.38 8.8144e+00    978.958      23496          3  0.000e+00
    183.121    181.222     0.2611  28.869228     0.3111  28.928987     5.5350     5.4538     0.0509    94.9486 1.0000e-12  -66.85270  -68.60334 339.109456      49.96 8.8144e+00    979.000      23497          3  0.000e+00
    183.162    181.263     0.2600  28.867830     0.3201  28.934855     5.5317     5.4500     0.0509    94.9486 1.0000e-12  -66.85270  -68.60334 339.109457      49.11 8.8144e+00    979.042      23498          3  0.000e+00
    183.224    181.324     0.2584  28.866373     0.3255  28.938046     5.5320     5.4472     0.0509    94.9486 1.0000e-12  -66.85270  -68.60334 339.109457      49.01 8.8144e+00    979.083      23499          3  0.000e+00
    183.265    181.365     0.2575  28.868005     0.3270  28.936907     5.5279     5.4447     0.0509    94.9486 1.0000e-12  -66.85270  -68.60334 339.109457      49.08 8.8144e+00    979.125      23500          3  0.000e+00
    183.327    181.426     0.2691  28.882753     0.3234  28.933944     5.5162     5.4433     0.0509    94.9486 1.0000e-12  -66.85270  -68.60334 339.109458      49.11 8.8144e+00    979.167      23501          3  0.000e+00
    183.279    181.379     0.2891  28.898611     0.3194  28.926650     5.5055     5.4417     0.0509    94.9486 1.0000e-12  -66.85270  -68.60334 339.109458      49.11 8.8144e+00    979.208      23502          3  0.000e+00
    183.416    181.514     0.2885  28.896628     0.3059  28.912351     5.5049     5.4414     0.0509    94.9486 1.0000e-12  -66.85270  -68.60334 339.109459      49.11 8.8144e+00    979.250      23503          3  0.000e+00
    183.375    181.474     0.2812  28.888407     0.2917  28.898281     5.4956     5.4415     0.0509    94.9486 1.0000e-12  -66.85270  -68.60334 339.109459      49.11 8.8144e+00    979.292      23504          3  0.000e+00
    183.519    181.616     0.2761  28.883044     0.2814  28.888486     5.4896     5.4406     0.0509    94.9486 1.0000e-12  -66.85270  -68.60334 339.109460      49.11 8.8144e+00    979.333      23505          3  0.000e+00
    183.478    181.576     0.2732  28.880946     0.2756  28.884443     5.4765     5.4392     0.0509    94.9486 1.0000e-12  -66.85270  -68.60334 339.109460      49.11 8.8144e+00    979.375      23506          3  0.000e+00
    183.519    181.616     0.2727  28.881237     0.2738  28.883304     5.4783     5.4368     0.0509    94.9486 1.0000e-12  -66.85270  -68.60334 339.109461      49.08 8.8144e+00    979.417      23507          3  0.000e+00
    183.581    181.677     0.2724  28.881471     0.2733  28.882393     5.4674     5.4340     0.0509    94.9486 1.0000e-12  -66.85270  -68.60334 339.109461      49.13 8.8144e+00    979.458      23508          3  0.000e+00
    183.622    181.718     0.2729  28.881704     0.2730  28.881653     5.4601     5.4307     0.0509    94.9486 1.0000e-12  -66.85270  -68.60334 339.109462      50.60 8.8144e+00    979.500      23509          3  0.000e+00
    183.629    181.725     0.2738  28.882753     0.2728  28.882336     5.4463     5.4279     0.0509    94.9486 1.0000e-12  -66.85270  -68.60334 339.109462      51.48 8.8144e+00    979.542      23510          3  0.000e+00
    183.670    181.766     0.2747  28.883686     0.2740  28.883475     5.4493     5.4245     0.0509    94.9229 1.0000e-12  -66.85270  -68.60334 339.109463      51.60 8.8144e+00    979.583      23511          3  0.000e+00
    183.732    181.827     0.2756  28.884503     0.2747  28.883703     5.4383     5.4210     0.0509    94.9486 1.0000e-12  -66.85270  -68.60334 339.109463      51.53 8.8144e+00    979.625      23512          3  0.000e+00
