NBP2113_155081_ctd/data/nbp2113_028.ros
* Sea-Bird SBE 9 Data File:
* FileName = D:\Data\raw\NBP2113_028.hex
* Software Version Seasave V 7.26.7.121
* Temperature SN = 2438
* Conductivity SN = 2067
* Number of Bytes Per Scan = 40
* Number of Voltage Words = 5
* Number of Scans Averaged by the Deck Unit = 1
* NMEA Latitude = 68 01.84 S
* NMEA Longitude = 069 17.14 W
* NMEA UTC (Time) = Dec 04 2021  16:43:12
* NMEA baud rate = 9600
** Ship: RVIB N.B. Palmer
** Cruise: NBP2113 LTER
** Station: 200.-040
** Operator: S. Blackman
# nquan = 20
# nvalues = 1176                                  
# units = specified
# name 0 = prDM: Pressure, Digiquartz [db]
# name 1 = depSM: Depth [salt water, m]
# name 2 = t090C: Temperature [ITS-90, deg C]
# name 3 = c0mS/cm: Conductivity [mS/cm]
# name 4 = t190C: Temperature, 2 [ITS-90, deg C]
# name 5 = c1mS/cm: Conductivity, 2 [mS/cm]
# name 6 = sbeox0ML/L: Oxygen, SBE 43 [ml/l]
# name 7 = sbeox1ML/L: Oxygen, SBE 43, 2 [ml/l]
# name 8 = flECO-AFL: Fluorescence, WET Labs ECO-AFL/FL [mg/m^3]
# name 9 = CStarTr0: Beam Transmission, WET Labs C-Star [%]
# name 10 = par: PAR/Irradiance, Biospherical/Licor
# name 11 = latitude: Latitude [deg]
# name 12 = longitude: Longitude [deg]
# name 13 = timeJ: Julian Days
# name 14 = altM: Altimeter [m]
# name 15 = spar: SPAR, Biospherical/Licor
# name 16 = timeS: Time, Elapsed [seconds]
# name 17 = scan: Scan Count
# name 18 = nbf: Bottles Fired
# name 19 = flag:  0.000e+00
# interval = seconds: 0.0416667
# start_time = Dec 04 2021 16:43:12 [NMEA time, header]
# bad_flag = -9.990e-29
*END*
[from data line 73]
     15.399     15.245    -0.8464  27.448096    -0.8492  27.444216     8.2869     8.3774     1.3915    89.0519 5.6600e+01  -68.03072  -69.28588 338.708492      99.95 1.1565e+03   1021.708      24522          2  0.000e+00
     15.331     15.177    -0.8448  27.448725    -0.8517  27.443322     8.2885     8.3834     1.3915    89.0519 5.6600e+01  -68.03072  -69.28588 338.708492      99.93 1.1565e+03   1021.750      24523          2  0.000e+00
     15.447     15.292    -0.8444  27.449240    -0.8506  27.443489     8.2907     8.3841     1.3989    89.0519 5.6600e+01  -68.03072  -69.28586 338.708493      99.95 1.1565e+03   1021.792      24524          2  0.000e+00
     15.379     15.224    -0.8444  27.449584    -0.8492  27.443657     8.2872     8.3844     1.3915    89.0519 5.6440e+01  -68.03072  -69.28586 338.708493      99.98 1.1565e+03   1021.833      24525          2  0.000e+00
     15.399     15.245    -0.8448  27.449469    -0.8492  27.444048     8.2858     8.3796     1.3915    89.0519 5.6600e+01  -68.03072  -69.28586 338.708494      99.98 1.1565e+03   1021.875      24526          2  0.000e+00
     15.427     15.272    -0.8445  27.449755    -0.8497  27.443657     8.2962     8.3786     1.4208    89.0519 5.6440e+01  -68.03072  -69.28586 338.708494      99.98 1.1565e+03   1021.917      24527          2  0.000e+00
     15.427     15.272    -0.8445  27.449355    -0.8506  27.443154     8.2963     8.3786     1.5381    89.0519 5.6440e+01  -68.03072  -69.28586 338.708495      99.98 1.1565e+03   1021.958      24528          2  0.000e+00
     15.399     15.245    -0.8462  27.448153    -0.8515  27.442595     8.3027     8.3777     1.5820    89.0519 5.6440e+01  -68.03072  -69.28586 338.708495      99.98 1.1565e+03   1022.000      24529          2  0.000e+00
     15.481     15.326    -0.8479  27.446666    -0.8519  27.442316     8.3046     8.3776     1.5820    89.0519 5.6440e+01  -68.03072  -69.28586 338.708496      99.95 1.1565e+03   1022.042      24530          2  0.000e+00
     15.447     15.292    -0.8486  27.446094    -0.8519  27.442372     8.3089     8.3829     1.5747    89.0519 5.6279e+01  -68.03072  -69.28586 338.708496      99.95 1.1565e+03   1022.083      24531          2  0.000e+00
     15.427     15.272    -0.8490  27.445636    -0.8523  27.442149     8.3118     8.3835     1.5747    89.0519 5.6279e+01  -68.03072  -69.28586 338.708497      99.98 1.1565e+03   1022.125      24532          2  0.000e+00
     15.495     15.340    -0.8486  27.445865    -0.8521  27.442763     8.3088     8.3841     1.5747    89.0519 5.6279e+01  -68.03072  -69.28586 338.708497      99.98 1.1565e+03   1022.167      24533          2  0.000e+00
     15.482     15.326    -0.8485  27.446209    -0.8515  27.442875     8.3102     8.3844     1.5747    89.0519 5.6279e+01  -68.03072  -69.28586 338.708498      99.95 1.1565e+03   1022.208      24534          2  0.000e+00
     15.482     15.326    -0.8486  27.446094    -0.8515  27.443043     8.3147     8.3794     1.5747    89.0519 5.6119e+01  -68.03072  -69.28586 338.708498      99.93 1.1565e+03   1022.250      24535          2  0.000e+00
     15.495     15.340    -0.8495  27.445637    -0.8515  27.443378     8.3107     8.3789     1.5747    89.0519 5.6119e+01  -68.03072  -69.28586 338.708499      99.95 1.1565e+03   1022.292      24536          2  0.000e+00
     15.482     15.326    -0.8517  27.445522    -0.8506  27.444160     8.3116     8.3783     1.5747    89.0519 5.6119e+01  -68.03072  -69.28586 338.708499      99.98 1.1565e+03   1022.333      24537          2  0.000e+00
     15.495     15.340    -0.8510  27.445522    -0.8496  27.444272     8.3121     8.3777     1.5747    89.0519 5.5960e+01  -68.03072  -69.28586 338.708500      99.98 1.1565e+03   1022.375      24538          2  0.000e+00
     15.529     15.374    -0.8504  27.445351    -0.8491  27.444942     8.3186     8.3827     1.5747    89.0519 5.5960e+01  -68.03072  -69.28586 338.708500      99.98 1.1565e+03   1022.417      24539          2  0.000e+00
     15.550     15.394    -0.8498  27.445808    -0.8484  27.445445     8.3132     8.3830     1.5747    89.0519 5.5960e+01  -68.03072  -69.28586 338.708501      99.98 1.1565e+03   1022.458      24540          2  0.000e+00
     15.529     15.374    -0.8496  27.445808    -0.8483  27.445222     8.3111     8.3834     1.5747    89.0777 5.5960e+01  -68.03072  -69.28586 338.708501      99.98 1.1565e+03   1022.500      24541          2  0.000e+00
     15.550     15.394    -0.8493  27.445923    -0.8486  27.444831     8.3149     8.3839     1.5747    89.0777 5.5801e+01  -68.03072  -69.28586 338.708502      99.95 1.1565e+03   1022.542      24542          2  0.000e+00
     15.584     15.428    -0.8494  27.446037    -0.8489  27.445054     8.3215     8.3787     1.5820    89.0777 5.5801e+01  -68.03072  -69.28586 338.708502      99.95 1.1565e+03   1022.583      24543          2  0.000e+00
     15.584     15.428    -0.8496  27.445637    -0.8488  27.444831     8.3236     8.3782     1.5747    89.0777 5.5801e+01  -68.03072  -69.28586 338.708503      99.98 1.1565e+03   1022.625      24544          2  0.000e+00
     15.598     15.441    -0.8499  27.445522    -0.8491  27.444887     8.3197     8.3832     1.5747    89.0777 5.5801e+01  -68.03072  -69.28586 338.708503      99.98 1.1565e+03   1022.667      24545          2  0.000e+00
     15.584     15.428    -0.8498  27.445522    -0.8491  27.444942     8.3130     8.3789     1.5747    89.0777 5.5642e+01  -68.03072  -69.28586 338.708504      99.95 1.1565e+03   1022.708      24546          2  0.000e+00
     15.783     15.625    -0.8445  27.449985    -0.8474  27.446731     8.3288     8.3835     1.3842    89.0519 5.5484e+01  -68.03072  -69.28586 338.708519      99.95 1.1582e+03   1024.042      24578          3  0.000e+00
     15.804     15.645    -0.8448  27.449756    -0.8456  27.448016     8.3274     8.3771     1.3915    89.0519 5.5484e+01  -68.03072  -69.28586 338.708519      99.95 1.1582e+03   1024.083      24579          3  0.000e+00
     15.735     15.577    -0.8454  27.449470    -0.8446  27.448519     8.3362     8.3819     1.4062    89.0519 5.5642e+01  -68.03072  -69.28586 338.708520      99.98 1.1582e+03   1024.125      24580          3  0.000e+00
     15.783     15.625    -0.8460  27.448612    -0.8441  27.449022     8.3290     8.3768     1.4355    89.1034 5.5642e+01  -68.03072  -69.28586 338.708520      99.98 1.1582e+03   1024.167      24581          3  0.000e+00
     15.749     15.591    -0.8466  27.448383    -0.8436  27.449468     8.3233     8.3818     1.4502    89.1549 5.5642e+01  -68.03072  -69.28586 338.708521      99.95 1.1582e+03   1024.208      24582          3  0.000e+00
     15.735     15.577    -0.8468  27.448383    -0.8435  27.449413     8.3221     8.3823     1.4428    89.1549 5.5642e+01  -68.03072  -69.28586 338.708521      99.93 1.1582e+03   1024.250      24583          3  0.000e+00
     15.804     15.645    -0.8465  27.448155    -0.8434  27.449357     8.3269     8.3819     1.4428    89.1549 5.5642e+01  -68.03072  -69.28586 338.708522      99.95 1.1582e+03   1024.292      24584          3  0.000e+00
     15.735     15.577    -0.8466  27.448269    -0.8438  27.449189     8.3256     8.3815     1.4428    89.1549 5.5642e+01  -68.03072  -69.28586 338.708522      99.98 1.1582e+03   1024.333      24585          3  0.000e+00
     15.749     15.591    -0.8468  27.448383    -0.8446  27.448519     8.3303     8.3812     1.4428    89.1549 5.5801e+01  -68.03072  -69.28586 338.708523      99.98 1.1582e+03   1024.375      24586          3  0.000e+00
     15.783     15.625    -0.8462  27.448955    -0.8457  27.447122     8.3301     8.3811     1.4428    89.1549 5.5801e+01  -68.03072  -69.28586 338.708523      99.98 1.1582e+03   1024.417      24587          3  0.000e+00
     15.735     15.577    -0.8453  27.448955    -0.8470  27.447010     8.3371     8.3817     1.4428    89.1549 5.5801e+01  -68.03072  -69.28586 338.708524      99.98 1.1582e+03   1024.458      24588          3  0.000e+00
     15.749     15.591    -0.8450  27.449470    -0.8475  27.446619     8.3323     8.3822     1.4428    89.1549 5.5801e+01  -68.03072  -69.28586 338.708524      99.98 1.1582e+03   1024.500      24589          3  0.000e+00
     15.735     15.577    -0.8447  27.449699    -0.8474  27.446731     8.3319     8.3825     1.4428    89.1549 5.5960e+01  -68.03072  -69.28586 338.708525      99.95 1.1582e+03   1024.542      24590          3  0.000e+00
     15.749     15.591    -0.8445  27.449871    -0.8470  27.446731     8.3328     8.3828     1.4428    89.1549 5.5960e+01  -68.03072  -69.28586 338.708525      99.95 1.1582e+03   1024.583      24591          3  0.000e+00
     15.735     15.577    -0.8444  27.449356    -0.8470  27.446228     8.3352     8.3823     1.4428    89.1549 5.5960e+01  -68.03072  -69.28586 338.708526      99.98 1.1582e+03   1024.625      24592          3  0.000e+00
     15.749     15.591    -0.8456  27.448726    -0.8477  27.445949     8.3319     8.3763     1.4428    89.1549 5.5960e+01  -68.03072  -69.28586 338.708526      99.98 1.1600e+03   1024.667      24593          3  0.000e+00
     15.735     15.577    -0.8465  27.448212    -0.8483  27.445446     8.3317     8.3815     1.4428    89.1549 5.5960e+01  -68.03072  -69.28586 338.708527      99.95 1.1600e+03   1024.708      24594          3  0.000e+00
     15.735     15.577    -0.8480  27.447296    -0.8497  27.444440     8.3244     8.3812     1.4428    89.1549 5.5960e+01  -68.03072  -69.28586 338.708527      99.95 1.1600e+03   1024.750      24595          3  0.000e+00
     15.701     15.543    -0.8493  27.445866    -0.8506  27.443658     8.3302     8.3808     1.4428    89.1549 5.5960e+01  -68.03070  -69.28586 338.708528      99.98 1.1600e+03   1024.792      24596          3  0.000e+00
     15.681     15.523    -0.8510  27.444665    -0.8510  27.443770     8.3318     8.3811     1.4428    89.1549 5.6119e+01  -68.03070  -69.28586 338.708528      99.98 1.1600e+03   1024.833      24597          3  0.000e+00
     15.749     15.591    -0.8501  27.444779    -0.8509  27.443937     8.3314     8.3814     1.4428    89.1549 5.6119e+01  -68.03070  -69.28586 338.708529      99.98 1.1600e+03   1024.875      24598          3  0.000e+00
     15.681     15.523    -0.8493  27.445122    -0.8508  27.443881     8.3294     8.3806     1.4428    89.1549 5.6119e+01  -68.03070  -69.28586 338.708529      99.98 1.1600e+03   1024.917      24599          3  0.000e+00
     15.701     15.543    -0.8499  27.444836    -0.8508  27.444272     8.3351     8.3799     1.4428    89.1549 5.6119e+01  -68.03070  -69.28586 338.708530      99.98 1.1600e+03   1024.958      24600          3  0.000e+00
     15.735     15.577    -0.8497  27.444493    -0.8500  27.444887     8.3288     8.3800     1.4428    89.1034 5.6119e+01  -68.03070  -69.28586 338.708530      99.98 1.1600e+03   1025.000      24601          3  0.000e+00
     15.633     15.476    -0.8508  27.444264    -0.8488  27.445725     8.3270     8.3797     1.4428    89.0519 5.6279e+01  -68.03070  -69.28586 338.708531      99.95 1.1600e+03   1025.042      24602          3  0.000e+00
     15.701     15.544    -0.8514  27.444035    -0.8475  27.446395     8.3252     8.3797     1.4428    89.0519 5.6279e+01  -68.03070  -69.28586 338.708531      99.95 1.1600e+03   1025.083      24603          3  0.000e+00
     15.681     15.523    -0.8517  27.443520    -0.8460  27.447680     8.3306     8.3794     1.4428    89.0519 5.6279e+01  -68.03070  -69.28586 338.708532      99.98 1.1600e+03   1025.125      24604          3  0.000e+00
     15.653     15.496    -0.8526  27.443749    -0.8453  27.448463     8.3329     8.3794     1.4428    89.0519 5.6279e+01  -68.03070  -69.28586 338.708532      99.98 1.1600e+03   1025.167      24605          3  0.000e+00
     15.681     15.523    -0.8521  27.444264    -0.8452  27.448574     8.3336     8.3796     1.5088    89.0519 5.6440e+01  -68.03070  -69.28586 338.708533      99.95 1.1600e+03   1025.208      24606          3  0.000e+00
     15.653     15.496    -0.8517  27.445237    -0.8447  27.448574     8.3282     8.3796     1.7432    89.0519 5.6440e+01  -68.03070  -69.28586 338.708533      99.93 1.1600e+03   1025.250      24607          3  0.000e+00
     15.633     15.476    -0.8501  27.446037    -0.8442  27.449133     8.3257     8.3797     1.8384    89.0519 5.6440e+01  -68.03070  -69.28586 338.708533      99.95 1.1600e+03   1025.292      24608          3  0.000e+00
     15.653     15.496    -0.8488  27.446266    -0.8444  27.448630     8.3306     8.3790     1.8384    89.0777 5.6600e+01  -68.03070  -69.28586 338.708534      99.98 1.1600e+03   1025.333      24609          3  0.000e+00
     15.585     15.428    -0.8486  27.446838    -0.8451  27.448127     8.3236     8.3793     1.8238    89.0519 5.6600e+01  -68.03070  -69.28586 338.708534      99.98 1.1600e+03   1025.375      24610          3  0.000e+00
     15.633     15.476    -0.8484  27.446667    -0.8455  27.447345     8.3155     8.3796     1.8238    89.0777 5.6600e+01  -68.03070  -69.28586 338.708535      99.98 1.1600e+03   1025.417      24611          3  0.000e+00
     15.599     15.442    -0.8486  27.446724    -0.8461  27.446786     8.3118     8.3799     1.8238    89.0777 5.6762e+01  -68.03070  -69.28586 338.708535      99.98 1.1600e+03   1025.458      24612          3  0.000e+00
     15.633     15.476    -0.8489  27.446610    -0.8468  27.446563     8.3155     8.3747     1.8238    89.0777 5.6762e+01  -68.03070  -69.28586 338.708536      99.98 1.1600e+03   1025.500      24613          3  0.000e+00
     15.599     15.442    -0.8486  27.446552    -0.8468  27.446898     8.3087     8.3785     1.8238    89.0519 5.6762e+01  -68.03070  -69.28586 338.708536      99.95 1.1600e+03   1025.542      24614          3  0.000e+00
     15.585     15.428    -0.8486  27.446552    -0.8464  27.446786     8.3109     8.3786     1.8238    89.0519 5.6923e+01  -68.03070  -69.28586 338.708537      99.95 1.1600e+03   1025.583      24615          3  0.000e+00
     15.599     15.442    -0.8485  27.446552    -0.8473  27.446395     8.3027     8.3790     1.8238    89.0519 5.6923e+01  -68.03070  -69.28586 338.708537      99.98 1.1600e+03   1025.625      24616          3  0.000e+00
     15.530     15.374    -0.8485  27.446724    -0.8468  27.446842     8.3136     8.3789     1.8238    89.0519 5.6923e+01  -68.03070  -69.28586 338.708538      99.98 1.1600e+03   1025.667      24617          3  0.000e+00
     15.585     15.428    -0.8484  27.446953    -0.8469  27.446674     8.3142     8.3791     1.8238    89.0519 5.7086e+01  -68.03070  -69.28586 338.708538      99.95 1.1600e+03   1025.708      24618          3  0.000e+00
     15.551     15.395    -0.8483  27.446666    -0.8474  27.446674     8.3087     8.3794     1.8238    89.0519 5.7086e+01  -68.03070  -69.28586 338.708539      99.95 1.1600e+03   1025.750      24619          3  0.000e+00
     15.585     15.429    -0.8482  27.446552    -0.8464  27.447010     8.3078     8.3793     1.8238    89.0519 5.7248e+01  -68.03070  -69.28584 338.708539      99.98 1.1600e+03   1025.792      24620          3  0.000e+00
     15.496     15.340    -0.8485  27.446895    -0.8452  27.447792     8.3127     8.3791     1.8238    89.0777 5.7248e+01  -68.03070  -69.28584 338.708540      99.98 1.1600e+03   1025.833      24621          3  0.000e+00
     15.585     15.429    -0.8485  27.446667    -0.8447  27.447904     8.3132     8.3792     1.8238    89.1292 5.7411e+01  -68.03070  -69.28584 338.708540      99.98 1.1600e+03   1025.875      24622          3  0.000e+00
     15.496     15.340    -0.8482  27.446724    -0.8447  27.447568     8.3075     8.3793     1.8238    89.1549 5.7411e+01  -68.03070  -69.28584 338.708541      99.98 1.1600e+03   1025.917      24623          3  0.000e+00
