NBP2113_155081_ctd/data/nbp2113_008.cnv
* Sea-Bird SBE 9 Data File:
* FileName = D:\Data\raw\NBP2113_008.hex
* Software Version Seasave V 7.26.7.121
* Temperature SN = 2438
* Conductivity SN = 2067
* Number of Bytes Per Scan = 40
* Number of Voltage Words = 5
* Number of Scans Averaged by the Deck Unit = 1
* NMEA Latitude = 64 55.99 S
* NMEA Longitude = 064 24.05 W
* NMEA UTC (Time) = Nov 25 2021  04:33:36
* NMEA baud rate = 9600
** Ship: RVIB N.B. Palmer
** Cruise: NBP2113 LTER
** Station: 600.040
** Operator: B. Urmston
# nquan = 25
# nvalues = 2591                        
# units = specified
# name 0 = prDM: Pressure, Digiquartz [db]
# name 1 = depSM: Depth [salt water, m]
# name 2 = t090C: Temperature [ITS-90, deg C]
# name 3 = c0mS/cm: Conductivity [mS/cm]
# name 4 = t190C: Temperature, 2 [ITS-90, deg C]
# name 5 = c1mS/cm: Conductivity, 2 [mS/cm]
# name 6 = sbeox0ML/L: Oxygen, SBE 43 [ml/l]
# name 7 = sbeox1ML/L: Oxygen, SBE 43, 2 [ml/l]
# name 8 = flECO-AFL: Fluorescence, WET Labs ECO-AFL/FL [mg/m^3]
# name 9 = CStarTr0: Beam Transmission, WET Labs C-Star [%]
# name 10 = par: PAR/Irradiance, Biospherical/Licor
# name 11 = latitude: Latitude [deg]
# name 12 = longitude: Longitude [deg]
# name 13 = timeJ: Julian Days
# name 14 = altM: Altimeter [m]
# name 15 = spar: SPAR, Biospherical/Licor
# name 16 = timeS: Time, Elapsed [seconds]
# name 17 = scan: Scan Count
# name 18 = density00: Density [density, kg/m^3]
# name 19 = density11: Density, 2 [density, kg/m^3]
# name 20 = sal00: Salinity, Practical [PSU]
# name 21 = sal11: Salinity, Practical, 2 [PSU]
# name 22 = oxsolML/L: Oxygen Saturation, Garcia & Gordon [ml/l]
# name 23 = nbin: number of scans per bin
# name 24 = flag: flag
# span 0 =      1.000,   1296.000       
# span 1 =      0.991,   1279.310       
# span 2 =    -0.7757,     1.4983       
# span 3 =  27.458468,  30.658622       
# span 4 =    -0.7751,     1.4984       
# span 5 =  27.458170,  30.657683       
# span 6 =     4.0496,     8.2724       
# span 7 =     4.0872,     8.1826       
# span 8 =    -0.0226,     1.5457       
# span 9 =    91.7954,    98.1822       
# span 10 = 1.0000e-12, 5.7581e+00      
# span 11 =  -64.93344,  -64.93258      
# span 12 =  -64.40234,  -64.40134      
# span 13 = 329.193839, 329.241351      
# span 14 =       8.09,     100.21      
# span 15 = 0.0000e+00, 0.0000e+00      
# span 16 =    331.755,   4436.767      
# span 17 =       7963,     106483      
# span 18 =  1027.1448,  1033.7898      
# span 19 =  1027.1439,  1033.7883      
# span 20 =    33.7600,    34.6787      
# span 21 =    33.7590,    34.6773      
# span 22 =    7.72468,    8.24682      
# span 23 =          3,         51      
# span 24 = 0.0000e+00, 0.0000e+00      
# interval = decibars: 1                
# start_time = Nov 25 2021 04:33:36 [NMEA time, header]
# bad_flag = -9.990e-29
*END*
[from data line 580]
    581.000    574.501     1.4075  30.258321     1.4076  30.257147     4.1962     4.2004    -0.0109    98.1472 1.0000e-12  -64.93276  -64.40221 329.204290      99.98 0.0000e+00   1234.628      29632  1030.4763  1030.4751    34.6643    34.6628    7.74327         23 0.0000e+00
    582.000    575.488     1.4076  30.258810     1.4076  30.257673     4.1919     4.2018    -0.0036    98.1597 1.0000e-12  -64.93276  -64.40220 329.204300      99.98 0.0000e+00   1235.527      29654  1030.4810  1030.4798    34.6643    34.6628    7.74325         21 0.0000e+00
    583.000    576.477     1.4083  30.259988     1.4085  30.259040     4.1942     4.2028     0.0009    98.1421 1.0000e-12  -64.93276  -64.40220 329.204310      99.98 0.0000e+00   1236.394      29674  1030.4857  1030.4845    34.6644    34.6630    7.74311         21 0.0000e+00
    584.000    577.463     1.4090  30.261184     1.4093  30.260265     4.2036     4.2029     0.0008    98.1306 1.0000e-12  -64.93276  -64.40220 329.204321      99.98 0.0000e+00   1237.343      29697  1030.4905  1030.4893    34.6647    34.6632    7.74297         25 0.0000e+00
    585.000    578.451     1.4093  30.261949     1.4095  30.260819     4.1932     4.1974    -0.0051    98.1139 1.0000e-12  -64.93275  -64.40221 329.204335      99.98 0.0000e+00   1238.578      29727  1030.4951  1030.4939    34.6647    34.6631    7.74290         33 0.0000e+00
    586.000    579.438     1.4094  30.262513     1.4095  30.261344     4.1989     4.2019    -0.0049    98.1230 1.0000e-12  -64.93274  -64.40222 329.204359      99.98 0.0000e+00   1240.648      29777  1030.4998  1030.4986    34.6647    34.6631    7.74287         42 0.0000e+00
    587.000    580.426     1.4098  30.263227     1.4097  30.261991     4.1997     4.1989    -0.0116    98.1172 1.0000e-12  -64.93274  -64.40222 329.204379      99.98 0.0000e+00   1242.379      29818  1030.5044  1030.5033    34.6646    34.6632    7.74280         32 0.0000e+00
    588.000    581.413     1.4099  30.263879     1.4099  30.262785     4.1874     4.1963    -0.0095    98.1638 1.0000e-12  -64.93274  -64.40222 329.204392      99.98 0.0000e+00   1243.500      29845  1030.5092  1030.5080    34.6648    34.6634    7.74277         24 0.0000e+00
    589.000    582.400     1.4098  30.264094     1.4097  30.262897     4.1858     4.1973    -0.0074    98.1438 1.0000e-12  -64.93276  -64.40220 329.204403      99.98 0.0000e+00   1244.462      29868  1030.5138  1030.5126    34.6646    34.6632    7.74281         23 0.0000e+00
    590.000    583.387     1.4100  30.264805     1.4100  30.263707     4.1880     4.2002    -0.0040    98.1404 1.0000e-12  -64.93276  -64.40220 329.204414      99.98 0.0000e+00   1245.400      29891  1030.5185  1030.5173    34.6647    34.6633    7.74276         22 0.0000e+00
    591.000    584.375     1.4103  30.265590     1.4103  30.264458     4.1915     4.1992     0.0008    98.0572 1.0000e-12  -64.93276  -64.40220 329.204426      99.97 0.0000e+00   1246.374      29914  1030.5232  1030.5220    34.6649    34.6634    7.74270         25 0.0000e+00
    592.000    585.363     1.4104  30.266211     1.4105  30.265012     4.1914     4.1966    -0.0004    98.1103 1.0000e-12  -64.93276  -64.40220 329.204438      99.98 0.0000e+00   1247.425      29939  1030.5280  1030.5267    34.6649    34.6633    7.74267         26 0.0000e+00
    593.000    586.350     1.4105  30.266650     1.4106  30.265433     4.1953     4.1949    -0.0068    98.0956 1.0000e-12  -64.93274  -64.40221 329.204451      99.98 0.0000e+00   1248.565      29967  1030.5325  1030.5312    34.6648    34.6632    7.74266         29 0.0000e+00
    594.000    587.338     1.4107  30.267306     1.4106  30.266027     4.1953     4.1993     0.0007    98.0817 1.0000e-12  -64.93274  -64.40221 329.204465      99.98 0.0000e+00   1249.790      29996  1030.5372  1030.5360    34.6649    34.6633    7.74261         30 0.0000e+00
    595.000    588.324     1.4107  30.267788     1.4108  30.266660     4.1938     4.1958     0.0053    98.1413 1.0000e-12  -64.93274  -64.40222 329.204482      99.98 0.0000e+00   1251.230      30031  1030.5419  1030.5407    34.6649    34.6634    7.74261         38 0.0000e+00
    596.000    589.312     1.4119  30.269533     1.4118  30.268199     4.1940     4.1965    -0.0124    98.1092 1.0000e-12  -64.93274  -64.40222 329.204502      99.98 0.0000e+00   1252.953      30072  1030.5467  1030.5454    34.6652    34.6636    7.74235         39 0.0000e+00
    597.000    590.299     1.4123  30.270295     1.4123  30.269051     4.1878     4.1973    -0.0151    98.1150 1.0000e-12  -64.93274  -64.40222 329.204518      99.98 0.0000e+00   1254.332      30105  1030.5513  1030.5501    34.6652    34.6637    7.74228         28 0.0000e+00
    598.000    591.287     1.4123  30.270889     1.4124  30.269685     4.1823     4.1926    -0.0150    98.1111 1.0000e-12  -64.93274  -64.40222 329.204529      99.98 0.0000e+00   1255.349      30129  1030.5561  1030.5548    34.6653    34.6638    7.74226         22 0.0000e+00
    599.000    592.274     1.4126  30.271517     1.4126  30.270316     4.1795     4.1928    -0.0070    98.1364 1.0000e-12  -64.93276  -64.40220 329.204540      99.98 0.0000e+00   1256.228      30150  1030.5607  1030.5595    34.6653    34.6638    7.74222         20 0.0000e+00
    600.000    593.262     1.4126  30.272001     1.4126  30.270873     4.1845     4.1970    -0.0055    98.1403 1.0000e-12  -64.93276  -64.40222 329.204549      99.98 0.0000e+00   1257.070      30171  1030.5654  1030.5642    34.6654    34.6639    7.74221         20 0.0000e+00
    601.000    594.249     1.4127  30.272506     1.4127  30.271355     4.1949     4.1966    -0.0205    98.1192 1.0000e-12  -64.93275  -64.40221 329.204560      99.98 0.0000e+00   1257.973      30192  1030.5700  1030.5688    34.6653    34.6639    7.74220         24 0.0000e+00
    602.000    595.237     1.4127  30.272968     1.4128  30.271730     4.1945     4.1952    -0.0092    98.1184 1.0000e-12  -64.93274  -64.40222 329.204574      99.98 0.0000e+00   1259.156      30221  1030.5748  1030.5734    34.6654    34.6637    7.74220         30 0.0000e+00
    603.000    596.223     1.4128  30.273444     1.4128  30.272320     4.1934     4.1908    -0.0084    98.1375 1.0000e-12  -64.93274  -64.40222 329.204599      99.98 0.0000e+00   1261.375      30274  1030.5793  1030.5781    34.6653    34.6638    7.74217         40 0.0000e+00
    604.000    597.211     1.4131  30.274125     1.4131  30.272955     4.1918     4.1953    -0.0031    98.1218 1.0000e-12  -64.93274  -64.40222 329.204618      99.98 0.0000e+00   1262.983      30313  1030.5839  1030.5828    34.6652    34.6638    7.74212         28 0.0000e+00
    605.000    598.198     1.4131  30.274698     1.4131  30.273495     4.1851     4.1972    -0.0007    98.1650 1.0000e-12  -64.93274  -64.40221 329.204630      99.98 0.0000e+00   1264.010      30337  1030.5888  1030.5875    34.6654    34.6639    7.74211         22 0.0000e+00
    606.000    599.185     1.4132  30.275166     1.4132  30.274061     4.1867     4.1918    -0.0064    98.1411 1.0000e-12  -64.93274  -64.40221 329.204640      99.98 0.0000e+00   1264.894      30358  1030.5934  1030.5923    34.6654    34.6640    7.74210         21 0.0000e+00
    607.000    600.174     1.4132  30.275663     1.4132  30.274445     4.1924     4.1955    -0.0070    98.1229 1.0000e-12  -64.93275  -64.40221 329.204650      99.98 0.0000e+00   1265.771      30380  1030.5981  1030.5968    34.6654    34.6638    7.74210         22 0.0000e+00
    608.000    601.160     1.4131  30.276088     1.4134  30.274944     4.1880     4.1954    -0.0133    98.0828 1.0000e-12  -64.93275  -64.40221 329.204662      99.98 0.0000e+00   1266.789      30404  1030.6028  1030.6014    34.6654    34.6638    7.74210         28 0.0000e+00
    609.000    602.147     1.4132  30.276598     1.4134  30.275448     4.1866     4.1967    -0.0150    98.1358 1.0000e-12  -64.93274  -64.40222 329.204677      99.98 0.0000e+00   1268.075      30435  1030.6074  1030.6061    34.6654    34.6638    7.74209         34 0.0000e+00
    610.000    603.135     1.4134  30.277169     1.4135  30.276028     4.1888     4.1960    -0.0116    98.1440 1.0000e-12  -64.93274  -64.40222 329.204694      99.98 0.0000e+00   1269.584      30471  1030.6121  1030.6108    34.6654    34.6638    7.74205         35 0.0000e+00
    611.000    604.122     1.4134  30.277621     1.4135  30.276419     4.1868     4.1946    -0.0073    98.1233 1.0000e-12  -64.93274  -64.40222 329.204710      99.98 0.0000e+00   1270.911      30503  1030.6167  1030.6154    34.6654    34.6638    7.74205         29 0.0000e+00
    612.000    605.110     1.4133  30.277907     1.4133  30.276791     4.1827     4.2001    -0.0077    98.1225 1.0000e-12  -64.93274  -64.40221 329.204723      99.98 0.0000e+00   1272.051      30530  1030.6213  1030.6202    34.6653    34.6639    7.74208         27 0.0000e+00
    613.000    606.096     1.4133  30.278411     1.4134  30.277277     4.1771     4.1947    -0.0077    98.1332 1.0000e-12  -64.93274  -64.40222 329.204735      99.97 0.0000e+00   1273.109      30556  1030.6260  1030.6248    34.6654    34.6638    7.74207         25 0.0000e+00
    614.000    607.084     1.4133  30.278806     1.4135  30.277689     4.1835     4.1969    -0.0077    97.9234 1.0000e-12  -64.93274  -64.40222 329.204747      99.98 0.0000e+00   1274.174      30581  1030.6306  1030.6294    34.6653    34.6638    7.74207         26 0.0000e+00
    615.000    608.071     1.4137  30.279650     1.4138  30.278456     4.1837     4.1928    -0.0070    98.0967 1.0000e-12  -64.93274  -64.40222 329.204761      99.98 0.0000e+00   1275.324      30609  1030.6354  1030.6341    34.6654    34.6638    7.74200         29 0.0000e+00
    616.000    609.059     1.4140  30.280378     1.4141  30.279192     4.1860     4.1974    -0.0063    98.1197 1.0000e-12  -64.93274  -64.40222 329.204775      99.98 0.0000e+00   1276.570      30639  1030.6400  1030.6387    34.6655    34.6639    7.74194         31 0.0000e+00
    617.000    610.045     1.4143  30.281078     1.4143  30.279932     4.1902     4.1952    -0.0077    98.1158 1.0000e-12  -64.93274  -64.40222 329.204790      99.98 0.0000e+00   1277.867      30670  1030.6447  1030.6434    34.6655    34.6640    7.74188         31 0.0000e+00
    618.000    611.033     1.4142  30.281644     1.4143  30.280381     4.1892     4.1966    -0.0201    98.0997 1.0000e-12  -64.93274  -64.40222 329.204804      99.98 0.0000e+00   1279.075      30699  1030.6495  1030.6481    34.6657    34.6640    7.74188         27 0.0000e+00
    619.000    612.019     1.4143  30.282028     1.4143  30.280795     4.1827     4.1929    -0.0074    98.1490 1.0000e-12  -64.93274  -64.40222 329.204817      99.98 0.0000e+00   1280.170      30725  1030.6541  1030.6527    34.6655    34.6639    7.74187         25 0.0000e+00
    620.000    613.009     1.4145  30.282702     1.4144  30.281432     4.1826     4.1856    -0.0131    98.1525 1.0000e-12  -64.93274  -64.40222 329.204829      99.98 0.0000e+00   1281.243      30751  1030.6588  1030.6575    34.6656    34.6640    7.74183         26 0.0000e+00
    621.000    613.994     1.4147  30.283346     1.4146  30.282061     4.1851     4.1923    -0.0001    98.1300 1.0000e-12  -64.93274  -64.40220 329.204842      99.98 0.0000e+00   1282.379      30778  1030.6634  1030.6621    34.6656    34.6640    7.74179         29 0.0000e+00
    622.000    614.982     1.4148  30.283790     1.4149  30.282750     4.1893     4.1950    -0.0074    98.1062 1.0000e-12  -64.93274  -64.40221 329.204856      99.98 0.0000e+00   1283.574      30807  1030.6679  1030.6668    34.6655    34.6641    7.74177         29 0.0000e+00
    623.000    615.969     1.4147  30.284276     1.4149  30.283120     4.1854     4.1944    -0.0094    98.1069 1.0000e-12  -64.93274  -64.40221 329.204870      99.98 0.0000e+00   1284.778      30836  1030.6727  1030.6714    34.6656    34.6640    7.74178         29 0.0000e+00
    624.000    616.957     1.4152  30.285137     1.4153  30.284055     4.1849     4.1916    -0.0112    98.1139 1.0000e-12  -64.93274  -64.40222 329.204884      99.98 0.0000e+00   1285.951      30864  1030.6773  1030.6762    34.6657    34.6642    7.74169         27 0.0000e+00
    625.000    617.944     1.4152  30.285648     1.4152  30.284478     4.1841     4.1953    -0.0099    98.1139 1.0000e-12  -64.93274  -64.40222 329.204897      99.98 0.0000e+00   1287.089      30891  1030.6820  1030.6809    34.6657    34.6642    7.74168         27 0.0000e+00
    626.000    618.930     1.4151  30.285991     1.4152  30.284830     4.1836     4.1916    -0.0150    98.1225 1.0000e-12  -64.93274  -64.40222 329.204910      99.98 0.0000e+00   1288.204      30918  1030.6867  1030.6855    34.6657    34.6641    7.74170         27 0.0000e+00
    627.000    619.919     1.4155  30.286715     1.4154  30.285424     4.1824     4.1905    -0.0103    98.1094 1.0000e-12  -64.93274  -64.40222 329.204923      99.98 0.0000e+00   1289.351      30945  1030.6913  1030.6901    34.6657    34.6641    7.74163         28 0.0000e+00
    628.000    620.905     1.4161  30.287841     1.4161  30.286663     4.1838     4.1944    -0.0116    98.1177 1.0000e-12  -64.93274  -64.40222 329.204937      99.98 0.0000e+00   1290.525      30974  1030.6960  1030.6948    34.6658    34.6643    7.74150         28 0.0000e+00
    629.000    621.893     1.4169  30.289090     1.4168  30.287781     4.1844     4.1942    -0.0092    98.1196 1.0000e-12  -64.93274  -64.40222 329.204950      99.98 0.0000e+00   1291.708      31002  1030.7008  1030.6995    34.6660    34.6644    7.74133         29 0.0000e+00
    630.000    622.880     1.4169  30.289575     1.4169  30.288409     4.1827     4.1922    -0.0069    98.1158 1.0000e-12  -64.93274  -64.40222 329.204964      99.98 0.0000e+00   1292.884      31030  1030.7055  1030.7043    34.6660    34.6645    7.74132         28 0.0000e+00
    631.000    623.867     1.4169  30.289995     1.4169  30.288841     4.1868     4.1950    -0.0125    98.1158 1.0000e-12  -64.93274  -64.40222 329.204977      99.98 0.0000e+00   1294.026      31058  1030.7102  1030.7089    34.6660    34.6645    7.74133         27 0.0000e+00
    632.000    624.854     1.4171  30.290619     1.4171  30.289380     4.1820     4.1943    -0.0080    98.1158 1.0000e-12  -64.93274  -64.40222 329.204990      99.98 0.0000e+00   1295.170      31085  1030.7148  1030.7135    34.6660    34.6645    7.74129         28 0.0000e+00
    633.000    625.841     1.4173  30.291334     1.4174  30.290157     4.1828     4.1950    -0.0074    98.1361 1.0000e-12  -64.93274  -64.40222 329.205005      99.98 0.0000e+00   1296.389      31114  1030.7195  1030.7182    34.6661    34.6646    7.74125         28 0.0000e+00
    634.000    626.828     1.4174  30.291775     1.4175  30.290617     4.1727     4.1877    -0.0077    98.1234 1.0000e-12  -64.93274  -64.40222 329.205019      99.98 0.0000e+00   1297.655      31145  1030.7241  1030.7228    34.6661    34.6645    7.74124         30 0.0000e+00
    635.000    627.816     1.4176  30.292544     1.4177  30.291420     4.1761     4.1863    -0.0077    98.1250 1.0000e-12  -64.93274  -64.40222 329.205033      99.98 0.0000e+00   1298.856      31174  1030.7288  1030.7277    34.6662    34.6647    7.74118         28 0.0000e+00
    636.000    628.802     1.4177  30.292978     1.4177  30.291801     4.1825     4.1926    -0.0068    98.0934 1.0000e-12  -64.93274  -64.40222 329.205046      99.98 0.0000e+00   1299.952      31200  1030.7335  1030.7322    34.6661    34.6646    7.74118         25 0.0000e+00
    637.000    629.790     1.4177  30.293498     1.4177  30.292205     4.1842     4.1906    -0.0071    98.1335 1.0000e-12  -64.93274  -64.40222 329.205057      99.98 0.0000e+00   1300.965      31224  1030.7382  1030.7369    34.6662    34.6646    7.74116         24 0.0000e+00
