NBP2113_155081_ctd/data/nbp2113_053.ros
* Sea-Bird SBE 9 Data File:
* FileName = D:\Data\raw\NBP2113_053.hex
* Software Version Seasave V 7.26.7.121
* Temperature SN = 2438
* Conductivity SN = 2067
* Number of Bytes Per Scan = 40
* Number of Voltage Words = 5
* Number of Scans Averaged by the Deck Unit = 1
* NMEA Latitude = 64 53.78 S
* NMEA Longitude = 064 39.15 W
* NMEA UTC (Time) = Dec 11 2021  18:56:20
* NMEA baud rate = 9600
** Ship: RVIB N.B. Palmer
** Cruise: NBP2113 LTER
** Station: 595.052
** Operator: S. Blackman
# nquan = 20
# nvalues = 490                                   
# units = specified
# name 0 = prDM: Pressure, Digiquartz [db]
# name 1 = depSM: Depth [salt water, m]
# name 2 = t090C: Temperature [ITS-90, deg C]
# name 3 = c0mS/cm: Conductivity [mS/cm]
# name 4 = t190C: Temperature, 2 [ITS-90, deg C]
# name 5 = c1mS/cm: Conductivity, 2 [mS/cm]
# name 6 = sbeox0ML/L: Oxygen, SBE 43 [ml/l]
# name 7 = sbeox1ML/L: Oxygen, SBE 43, 2 [ml/l]
# name 8 = flECO-AFL: Fluorescence, WET Labs ECO-AFL/FL [mg/m^3]
# name 9 = CStarTr0: Beam Transmission, WET Labs C-Star [%]
# name 10 = par: PAR/Irradiance, Biospherical/Licor
# name 11 = latitude: Latitude [deg]
# name 12 = longitude: Longitude [deg]
# name 13 = timeJ: Julian Days
# name 14 = altM: Altimeter [m]
# name 15 = spar: SPAR, Biospherical/Licor
# name 16 = timeS: Time, Elapsed [seconds]
# name 17 = scan: Scan Count
# name 18 = nbf: Bottles Fired
# name 19 = flag:  0.000e+00
# interval = seconds: 0.0416667
# start_time = Dec 11 2021 18:56:20 [NMEA time, header]
# bad_flag = -9.990e-29
*END*
[from data line 218]
    102.311    101.284     0.1589  28.734013     0.1589  28.733346     5.8044     5.8351     0.0436    91.3179 3.5867e-01  -64.89644  -64.65292 345.808446      99.98 6.7518e+02   1669.708      40074          5  0.000e+00
    102.284    101.257     0.1590  28.734246     0.1591  28.734199     5.8054     5.8352     0.0509    91.3179 3.5578e-01  -64.89644  -64.65292 345.808446      99.98 6.7518e+02   1669.750      40075          5  0.000e+00
    102.311    101.284     0.1594  28.734595     0.1596  28.733119     5.8064     5.8353     0.0509    91.3179 3.5578e-01  -64.89644  -64.65292 345.808447      99.98 6.7518e+02   1669.792      40076          5  0.000e+00
    102.284    101.257     0.1585  28.735061     0.1606  28.733630     5.8061     5.8415     0.0509    91.3437 3.5578e-01  -64.89644  -64.65292 345.808447      99.98 6.7518e+02   1669.833      40077          5  0.000e+00
    102.414    101.386     0.1585  28.735352     0.1607  28.734426     5.8015     5.8424     0.0509    91.3179 3.5578e-01  -64.89644  -64.65292 345.808448      99.95 6.7518e+02   1669.875      40078          5  0.000e+00
    102.339    101.311     0.1587  28.734537     0.1599  28.734426     5.8055     5.8432     0.0436    91.3437 3.5578e-01  -64.89644  -64.65292 345.808448      99.95 6.7518e+02   1669.917      40079          5  0.000e+00
    102.435    101.406     0.1587  28.733781     0.1592  28.733119     5.8053     5.8442     0.0509    91.3437 3.5578e-01  -64.89644  -64.65292 345.808449      99.98 6.7518e+02   1669.958      40080          5  0.000e+00
    102.414    101.386     0.1582  28.733432     0.1573  28.732040     5.8049     5.8452     0.0509    91.3179 3.5578e-01  -64.89644  -64.65292 345.808449      99.98 6.7518e+02   1670.000      40081          5  0.000e+00
    102.435    101.406     0.1568  28.733432     0.1564  28.730960     5.8003     5.8406     0.0509    91.3179 3.5578e-01  -64.89644  -64.65292 345.808450      99.98 6.7518e+02   1670.042      40082          5  0.000e+00
    102.414    101.386     0.1557  28.732676     0.1562  28.730676     5.8101     5.8403     0.0509    91.3437 3.5290e-01  -64.89644  -64.65292 345.808450      99.95 6.7518e+02   1670.083      40083          5  0.000e+00
    102.490    101.461     0.1535  28.731279     0.1558  28.729880     5.8056     5.8402     0.0509    91.3179 3.5290e-01  -64.89644  -64.65292 345.808451      99.95 6.7518e+02   1670.125      40084          5  0.000e+00
    102.517    101.488     0.1528  28.729650     0.1552  28.730392     5.7981     5.8453     0.0509    91.3437 3.5290e-01  -64.89644  -64.65292 345.808451      99.98 6.7518e+02   1670.167      40085          5  0.000e+00
    102.490    101.461     0.1531  28.728079     0.1556  28.729653     5.8076     5.8457     0.0509    91.3437 3.5290e-01  -64.89644  -64.65292 345.808451      99.98 6.7518e+02   1670.208      40086          5  0.000e+00
    102.490    101.461     0.1538  28.728370     0.1558  28.729369     5.8080     5.8469     0.0509    91.3437 3.5290e-01  -64.89644  -64.65292 345.808452      99.98 6.7518e+02   1670.250      40087          5  0.000e+00
    102.565    101.535     0.1538  28.728079     0.1563  28.729880     5.8028     5.8471     0.0436    91.3437 3.5290e-01  -64.89644  -64.65292 345.808452      99.98 6.7518e+02   1670.292      40088          5  0.000e+00
    102.538    101.508     0.1542  28.728079     0.1561  28.730164     5.8032     5.8482     0.0436    91.3179 3.5290e-01  -64.89644  -64.65292 345.808453      99.98 6.7518e+02   1670.333      40089          5  0.000e+00
    102.565    101.535     0.1549  28.728603     0.1562  28.730676     5.8079     5.8484     0.0509    91.3179 3.5004e-01  -64.89644  -64.65292 345.808453      99.98 6.7518e+02   1670.375      40090          5  0.000e+00
    102.538    101.508     0.1557  28.729650     0.1555  28.730392     5.8023     5.8487     0.0509    91.3179 3.5004e-01  -64.89644  -64.65292 345.808454      99.95 6.7518e+02   1670.417      40091          5  0.000e+00
    102.565    101.535     0.1557  28.730756     0.1536  28.729937     5.8011     5.8490     0.0509    91.3179 3.5004e-01  -64.89644  -64.65292 345.808454      99.98 6.7518e+02   1670.458      40092          5  0.000e+00
    102.593    101.562     0.1557  28.731047     0.1532  28.728005     5.7943     5.8492     0.0509    91.3179 3.5004e-01  -64.89644  -64.65292 345.808455      99.98 6.7518e+02   1670.500      40093          5  0.000e+00
    102.641    101.610     0.1559  28.730814     0.1532  28.726925     5.8033     5.8492     0.0509    91.3179 3.5004e-01  -64.89644  -64.65292 345.808455      99.98 6.7518e+02   1670.542      40094          5  0.000e+00
    102.565    101.535     0.1557  28.730756     0.1527  28.727209     5.8019     5.8491     0.0509    91.3179 3.5004e-01  -64.89644  -64.65292 345.808456      99.95 6.7518e+02   1670.583      40095          5  0.000e+00
    102.641    101.610     0.1558  28.730232     0.1509  28.726641     5.8005     5.8501     0.0509    91.3179 3.5004e-01  -64.89644  -64.65292 345.808456      99.95 6.7518e+02   1670.625      40096          5  0.000e+00
    102.620    101.590     0.1549  28.729418     0.1507  28.723686     5.7947     5.8509     0.0509    91.3179 3.5004e-01  -64.89644  -64.65292 345.808457      99.98 6.7518e+02   1670.667      40097          5  0.000e+00
    102.641    101.610     0.1548  28.729127     0.1513  28.721924     5.8002     5.8506     0.0436    91.3179 3.5004e-01  -64.89644  -64.65292 345.808457      99.98 6.7518e+02   1670.708      40098          5  0.000e+00
    102.620    101.590     0.1547  28.728836     0.1506  28.723459     5.8069     5.8503     0.0509    91.3179 3.5004e-01  -64.89644  -64.65292 345.808458      99.98 6.7518e+02   1670.750      40099          5  0.000e+00
    102.641    101.610     0.1549  28.728836     0.1498  28.723175     5.8020     5.8500     0.0509    91.3179 3.5004e-01  -64.89644  -64.65292 345.808458      99.98 6.7518e+02   1670.792      40100          5  0.000e+00
    100.586     99.576     0.1416  28.708818     0.1394  28.705441     5.8616     5.8895     0.0509    91.2922 3.7322e-01  -64.89644  -64.65294 345.808526      99.95 6.8224e+02   1676.625      40240          6  0.000e+00
    100.661     99.651     0.1429  28.710505     0.1408  28.705214     5.8566     5.8941     0.0509    91.2922 3.7322e-01  -64.89644  -64.65294 345.808526      99.98 6.8224e+02   1676.667      40241          6  0.000e+00
    100.634     99.624     0.1442  28.710796     0.1424  28.705611     5.8559     5.8940     0.0509    91.2922 3.7322e-01  -64.89644  -64.65294 345.808527      99.98 6.8224e+02   1676.708      40242          6  0.000e+00
    100.607     99.597     0.1476  28.711028     0.1416  28.707089     5.8561     5.8940     0.0509    91.2922 3.7322e-01  -64.89644  -64.65294 345.808527      99.98 6.8224e+02   1676.750      40243          6  0.000e+00
    100.689     99.678     0.1473  28.712425     0.1418  28.708680     5.8612     5.8938     0.0509    91.2922 3.7322e-01  -64.89644  -64.65294 345.808528      99.98 6.8224e+02   1676.792      40244          6  0.000e+00
    100.661     99.651     0.1459  28.713995     0.1415  28.708396     5.8561     5.8937     0.0509    91.2922 3.7322e-01  -64.89644  -64.65294 345.808528      99.98 6.8224e+02   1676.833      40245          6  0.000e+00
    100.607     99.597     0.1453  28.714810     0.1424  28.707089     5.8551     5.8933     0.0509    91.2922 3.7322e-01  -64.89644  -64.65294 345.808529      99.98 6.8224e+02   1676.875      40246          6  0.000e+00
    100.689     99.678     0.1449  28.713763     0.1439  28.706805     5.8600     5.8981     0.0509    91.2922 3.7322e-01  -64.89644  -64.65294 345.808529      99.95 6.8224e+02   1676.917      40247          6  0.000e+00
    100.607     99.597     0.1454  28.712657     0.1445  28.707884     5.8600     5.8982     0.0436    91.2922 3.7322e-01  -64.89644  -64.65294 345.808530      99.98 6.8224e+02   1676.958      40248          6  0.000e+00
    100.634     99.624     0.1453  28.712366     0.1450  28.710838     5.8600     5.8990     0.0509    91.2922 3.7322e-01  -64.89644  -64.65294 345.808530      99.98 6.8224e+02   1677.000      40249          6  0.000e+00
    100.709     99.699     0.1452  28.712425     0.1450  28.712146     5.8599     5.8999     0.0509    91.2922 3.7322e-01  -64.89644  -64.65294 345.808531      99.98 6.8224e+02   1677.042      40250          6  0.000e+00
    100.634     99.624     0.1449  28.712425     0.1441  28.712316     5.8608     5.8999     0.0509    91.2922 3.7322e-01  -64.89644  -64.65294 345.808531      99.93 6.8224e+02   1677.083      40251          6  0.000e+00
    100.710     99.699     0.1442  28.712076     0.1412  28.711123     5.8676     5.9011     0.0509    91.2922 3.7322e-01  -64.89644  -64.65294 345.808532      99.95 6.8224e+02   1677.125      40252          6  0.000e+00
    100.634     99.624     0.1432  28.711320     0.1387  28.707884     5.8684     5.9021     0.0509    91.2664 3.7322e-01  -64.89644  -64.65294 345.808532      99.98 6.8224e+02   1677.167      40253          6  0.000e+00
    100.710     99.699     0.1438  28.710796     0.1394  28.704646     5.8702     5.9027     0.0509    91.2922 3.7322e-01  -64.89644  -64.65294 345.808533      99.98 6.8224e+02   1677.208      40254          6  0.000e+00
    100.737     99.726     0.1443  28.710447     0.1398  28.702544     5.8718     5.9085     0.0509    91.2922 3.7322e-01  -64.89644  -64.65294 345.808533      99.98 6.8224e+02   1677.250      40255          6  0.000e+00
    100.710     99.699     0.1445  28.711320     0.1384  28.704419     5.8789     5.9096     0.0509    91.2922 3.7322e-01  -64.89644  -64.65294 345.808533      99.98 6.8224e+02   1677.292      40256          6  0.000e+00
    100.737     99.726     0.1438  28.712134     0.1362  28.703851     5.8815     5.9109     0.0436    91.2922 3.7322e-01  -64.89644  -64.65294 345.808534      99.98 6.8224e+02   1677.333      40257          6  0.000e+00
    100.710     99.699     0.1437  28.711262     0.1363  28.701180     5.8910     5.9063     0.0289    91.2922 3.7322e-01  -64.89644  -64.65294 345.808534      99.95 6.8224e+02   1677.375      40258          6  0.000e+00
    100.792     99.780     0.1436  28.710796     0.1360  28.700385     5.8902     5.9063     0.0289    91.2922 3.7322e-01  -64.89644  -64.65294 345.808535      99.95 6.8224e+02   1677.417      40259          6  0.000e+00
    100.764     99.753     0.1434  28.711029     0.1353  28.700101     5.8979     5.9115     0.0362    91.2922 3.7322e-01  -64.89644  -64.65294 345.808535      99.98 6.8224e+02   1677.458      40260          6  0.000e+00
    100.737     99.726     0.1434  28.711262     0.1354  28.699306     5.8938     5.9120     0.0289    91.2922 3.7322e-01  -64.89644  -64.65294 345.808536      99.98 6.8224e+02   1677.500      40261          6  0.000e+00
    100.813     99.801     0.1430  28.710797     0.1348  28.698681     5.8896     5.9124     0.0362    91.2922 3.7029e-01  -64.89644  -64.65294 345.808536      99.98 6.8224e+02   1677.542      40262          6  0.000e+00
    100.813     99.801     0.1427  28.710215     0.1349  28.698795     5.9011     5.9125     0.0362    91.2922 3.7029e-01  -64.89644  -64.65294 345.808537      99.93 6.8224e+02   1677.583      40263          6  0.000e+00
    100.840     99.828     0.1423  28.709401     0.1367  28.697942     5.9021     5.9132     0.0289    91.2922 3.7029e-01  -64.89644  -64.65294 345.808537      99.95 6.8224e+02   1677.625      40264          6  0.000e+00
    100.813     99.801     0.1410  28.708644     0.1385  28.699590     5.8986     5.9136     0.0362    91.2922 3.7029e-01  -64.89644  -64.65294 345.808538      99.98 6.8224e+02   1677.667      40265          6  0.000e+00
    100.840     99.828     0.1405  28.708005     0.1396  28.702260     5.8934     5.9132     0.0289    91.2922 3.7029e-01  -64.89644  -64.65294 345.808538      99.98 6.8224e+02   1677.708      40266          6  0.000e+00
    100.867     99.855     0.1393  28.707016     0.1379  28.705215     5.9040     5.9138     0.0289    91.2922 3.7029e-01  -64.89644  -64.65294 345.808539      99.98 6.8224e+02   1677.750      40267          6  0.000e+00
    100.943     99.930     0.1367  28.706726     0.1360  28.704420     5.9058     5.9137     0.0289    91.2922 3.7029e-01  -64.89644  -64.65292 345.808539      99.98 6.8224e+02   1677.792      40268          6  0.000e+00
    100.915     99.903     0.1370  28.704224     0.1351  28.701465     5.8955     5.9196     0.0289    91.2922 3.7029e-01  -64.89644  -64.65292 345.808540      99.98 6.8224e+02   1677.833      40269          6  0.000e+00
    100.943     99.930     0.1383  28.701897     0.1337  28.699306     5.8950     5.9209     0.0289    91.2922 3.7029e-01  -64.89644  -64.65292 345.808540      99.95 6.8224e+02   1677.875      40270          6  0.000e+00
    100.915     99.903     0.1390  28.703235     0.1321  28.697148     5.9102     5.9221     0.0289    91.2922 3.7029e-01  -64.89644  -64.65292 345.808541      99.95 6.8224e+02   1677.917      40271          6  0.000e+00
    100.991     99.977     0.1389  28.705039     0.1314  28.695557     5.9062     5.9230     0.0362    91.2922 3.7029e-01  -64.89644  -64.65292 345.808541      99.98 6.8224e+02   1677.958      40272          6  0.000e+00
    101.018    100.004     0.1356  28.704574     0.1311  28.693967     5.9126     5.9237     0.0362    91.2664 3.6737e-01  -64.89644  -64.65292 345.808542      99.98 6.8224e+02   1678.000      40273          6  0.000e+00
    101.046    100.031     0.1320  28.701898     0.1302  28.693626     5.9157     5.9243     0.0362    91.2922 3.6737e-01  -64.89644  -64.65292 345.808542      99.98 6.8224e+02   1678.042      40274          6  0.000e+00
    101.018    100.004     0.1296  28.696664     0.1291  28.692888     5.9186     5.9239     0.0289    91.2922 3.6737e-01  -64.89644  -64.65292 345.808543      99.93 6.8224e+02   1678.083      40275          6  0.000e+00
    101.094    100.079     0.1310  28.693000     0.1294  28.691524     5.9250     5.9241     0.0362    91.2664 3.6737e-01  -64.89644  -64.65292 345.808543      99.95 6.8224e+02   1678.125      40276          6  0.000e+00
    101.066    100.052     0.1318  28.692883     0.1300  28.691013     5.9163     5.9240     0.0289    91.2922 3.6737e-01  -64.89644  -64.65292 345.808544      99.98 6.8224e+02   1678.167      40277          6  0.000e+00
    101.121    100.106     0.1304  28.695966     0.1307  28.693115     5.9278     5.9291     0.0362    91.2922 3.6737e-01  -64.89644  -64.65292 345.808544      99.98 6.8224e+02   1678.208      40278          6  0.000e+00
    101.149    100.133     0.1260  28.695152     0.1313  28.693683     5.9238     5.9295     0.0289    91.2922 3.6737e-01  -64.89644  -64.65292 345.808545      99.98 6.8224e+02   1678.250      40279          6  0.000e+00
    101.169    100.154     0.1228  28.690965     0.1327  28.693967     5.9238     5.9305     0.0289    91.2922 3.6446e-01  -64.89644  -64.65292 345.808545      99.98 6.8224e+02   1678.292      40280          6  0.000e+00
    101.197    100.181     0.1233  28.685150     0.1331  28.695842     5.9245     5.9314     0.0289    91.2922 3.6737e-01  -64.89644  -64.65292 345.808546      99.98 6.8224e+02   1678.333      40281          6  0.000e+00
    101.217    100.201     0.1278  28.683114     0.1316  28.697433     5.9241     5.9315     0.0362    91.2922 3.6446e-01  -64.89644  -64.65292 345.808546      99.95 6.8224e+02   1678.375      40282          6  0.000e+00
    101.300    100.283     0.1285  28.687883     0.1301  28.695558     5.9294     5.9372     0.0362    91.2664 3.6446e-01  -64.89644  -64.65292 345.808546      99.98 6.8224e+02   1678.417      40283          6  0.000e+00
