NBP2113_155081_ctd/data/nbp2113_005.cnv
* Sea-Bird SBE 9 Data File:
* FileName = D:\Data\raw\NBP2113_005.hex
* Software Version Seasave V 7.26.7.121
* Temperature SN = 2438
* Conductivity SN = 2067
* Number of Bytes Per Scan = 40
* Number of Voltage Words = 5
* Number of Scans Averaged by the Deck Unit = 1
* NMEA Latitude = 64 04.86 S
* NMEA Longitude = 063 46.34 W
* NMEA UTC (Time) = Nov 23 2021  13:58:01
* NMEA baud rate = 9600
** Ship: RVIB N.B. Palmer
** Cruise: NBP2113 LTER
** Station: 692.080
** Operator: B. Urmston
# nquan = 25
# nvalues = 1037                        
# units = specified
# name 0 = prDM: Pressure, Digiquartz [db]
# name 1 = depSM: Depth [salt water, m]
# name 2 = t090C: Temperature [ITS-90, deg C]
# name 3 = c0mS/cm: Conductivity [mS/cm]
# name 4 = t190C: Temperature, 2 [ITS-90, deg C]
# name 5 = c1mS/cm: Conductivity, 2 [mS/cm]
# name 6 = sbeox0ML/L: Oxygen, SBE 43 [ml/l]
# name 7 = sbeox1ML/L: Oxygen, SBE 43, 2 [ml/l]
# name 8 = flECO-AFL: Fluorescence, WET Labs ECO-AFL/FL [mg/m^3]
# name 9 = CStarTr0: Beam Transmission, WET Labs C-Star [%]
# name 10 = par: PAR/Irradiance, Biospherical/Licor
# name 11 = latitude: Latitude [deg]
# name 12 = longitude: Longitude [deg]
# name 13 = timeJ: Julian Days
# name 14 = altM: Altimeter [m]
# name 15 = spar: SPAR, Biospherical/Licor
# name 16 = timeS: Time, Elapsed [seconds]
# name 17 = scan: Scan Count
# name 18 = density00: Density [density, kg/m^3]
# name 19 = density11: Density, 2 [density, kg/m^3]
# name 20 = sal00: Salinity, Practical [PSU]
# name 21 = sal11: Salinity, Practical, 2 [PSU]
# name 22 = oxsolML/L: Oxygen Saturation, Garcia & Gordon [ml/l]
# name 23 = nbin: number of scans per bin
# name 24 = flag: flag
# span 0 =      1.000,    521.000       
# span 1 =      0.990,    515.278       
# span 2 =    -0.2835,     1.5253       
# span 3 =  28.027077,  30.367240       
# span 4 =    -0.2829,     1.5253       
# span 5 =  28.023703,  30.366045       
# span 6 =     4.1730,     9.4463       
# span 7 =     4.1632,     9.1059       
# span 8 =    -0.0226,     1.8547       
# span 9 =    86.9965,    98.9778       
# span 10 = 1.0000e-12, 6.4146e+02      
# span 11 =  -64.08194,  -64.08136      
# span 12 =  -63.77211,  -63.77140      
# span 13 = 327.585846, 327.612468      
# span 14 =       7.80,      99.99      
# span 15 = 3.3847e+02, 4.9541e+02      
# span 16 =    336.088,   2636.194      
# span 17 =       8067,      63270      
# span 18 =  1027.2244,  1030.2230      
# span 19 =  1027.2204,  1030.2217      
# span 20 =    33.8799,    34.7106      
# span 21 =    33.8767,    34.7092      
# span 22 =    7.71803,    8.12410      
# span 23 =          9,         51      
# span 24 = 0.0000e+00, 0.0000e+00      
# interval = decibars: 1                
# start_time = Nov 23 2021 13:58:01 [NMEA time, header]
# bad_flag = -9.990e-29
*END*
[from data line 522]
    515.000    509.352     1.5218  30.364249     1.5219  30.363188     4.1804     4.1784    -0.0012    98.7073 1.0000e-12  -64.08164  -63.77178 327.600268      13.52 3.8240e+02   1582.134      37972  1030.1950  1030.1938    34.7103    34.7088    7.71840         31 0.0000e+00
    514.000    508.365     1.5217  30.363776     1.5217  30.362550     4.1782     4.1756    -0.0134    98.7291 1.0000e-12  -64.08164  -63.77177 327.600295      14.70 3.7988e+02   1584.494      38029  1030.1904  1030.1891    34.7104    34.7088    7.71841         39 0.0000e+00
    513.000    507.376     1.5217  30.363223     1.5217  30.362110     4.1821     4.1738    -0.0005    98.7018 1.0000e-12  -64.08164  -63.77176 327.600318      15.59 3.7811e+02   1586.434      38075  1030.1856  1030.1844    34.7103    34.7088    7.71842         36 0.0000e+00
    512.000    506.388     1.5214  30.362722     1.5215  30.361482     4.1801     4.1758     0.0007    98.7121 1.0000e-12  -64.08164  -63.77178 327.600333      16.49 3.7687e+02   1587.775      38108  1030.1811  1030.1798    34.7105    34.7088    7.71846         29 0.0000e+00
    511.000    505.400     1.5212  30.362080     1.5213  30.360889     4.1827     4.1806    -0.0115    98.7081 1.0000e-12  -64.08164  -63.77178 327.600346      17.43 3.7547e+02   1588.866      38134  1030.1764  1030.1751    34.7104    34.7088    7.71850         24 0.0000e+00
    510.000    504.413     1.5212  30.361569     1.5213  30.360391     4.1816     4.1789    -0.0112    98.7081 1.0000e-12  -64.08164  -63.77178 327.600356      18.38 3.7499e+02   1589.782      38156  1030.1717  1030.1705    34.7104    34.7088    7.71851         21 0.0000e+00
    509.000    503.424     1.5210  30.360934     1.5211  30.359775     4.1872     4.1794    -0.0212    98.7081 1.0000e-12  -64.08164  -63.77178 327.600366      19.36 3.7374e+02   1590.637      38176  1030.1671  1030.1659    34.7103    34.7088    7.71855         20 0.0000e+00
    508.000    502.436     1.5208  30.360456     1.5210  30.359166     4.1920     4.1786    -0.0150    98.7142 1.0000e-12  -64.08164  -63.77178 327.600376      20.35 3.7373e+02   1591.515      38197  1030.1625  1030.1611    34.7105    34.7087    7.71857         22 0.0000e+00
    507.000    501.449     1.5208  30.359953     1.5209  30.358765     4.1891     4.1770    -0.0150    98.7119 1.0000e-12  -64.08164  -63.77177 327.600388      21.50 3.7219e+02   1592.525      38222  1030.1578  1030.1565    34.7104    34.7088    7.71858         27 0.0000e+00
    506.000    500.462     1.5210  30.359579     1.5210  30.358327     4.1831     4.1749    -0.0052    98.7184 1.0000e-12  -64.08164  -63.77176 327.600406      22.64 3.7117e+02   1594.050      38258  1030.1530  1030.1518    34.7104    34.7088    7.71855         38 0.0000e+00
    505.000    499.473     1.5207  30.359013     1.5208  30.357779     4.1848     4.1742     0.0005    98.7178 1.0000e-12  -64.08164  -63.77176 327.600429      23.70 3.6855e+02   1596.103      38307  1030.1485  1030.1472    34.7105    34.7089    7.71860         37 0.0000e+00
    504.000    498.486     1.5208  30.358559     1.5209  30.357418     4.1818     4.1746    -0.0147    98.7090 1.0000e-12  -64.08164  -63.77178 327.600443      24.48 3.6742e+02   1597.279      38336  1030.1438  1030.1425    34.7104    34.7088    7.71858         23 0.0000e+00
    503.000    497.497     1.5209  30.358090     1.5209  30.356895     4.1796     4.1806    -0.0073    98.7143 1.0000e-12  -64.08164  -63.77178 327.600453      25.43 3.6667e+02   1598.177      38357  1030.1390  1030.1378    34.7103    34.7087    7.71858         21 0.0000e+00
    502.000    496.509     1.5209  30.357706     1.5210  30.356519     4.1928     4.1849    -0.0135    98.7326 1.0000e-12  -64.08164  -63.77178 327.600463      26.39 3.6649e+02   1599.007      38377  1030.1343  1030.1331    34.7104    34.7087    7.71857         19 0.0000e+00
    501.000    495.522     1.5210  30.357306     1.5211  30.356083     4.1919     4.1803    -0.0115    98.7234 1.0000e-12  -64.08164  -63.77178 327.600473      27.38 3.6491e+02   1599.820      38397  1030.1297  1030.1284    34.7103    34.7087    7.71855         20 0.0000e+00
    500.000    494.534     1.5208  30.356758     1.5209  30.355561     4.1836     4.1758    -0.0078    98.7095 1.0000e-12  -64.08164  -63.77177 327.600482      28.40 3.6492e+02   1600.672      38417  1030.1251  1030.1238    34.7104    34.7088    7.71859         22 0.0000e+00
    499.000    493.545     1.5208  30.356276     1.5208  30.355041     4.1860     4.1760    -0.0077    98.7081 1.0000e-12  -64.08164  -63.77176 327.600495      29.49 3.6361e+02   1601.745      38443  1030.1204  1030.1191    34.7104    34.7088    7.71859         31 0.0000e+00
    498.000    492.558     1.5207  30.355775     1.5208  30.354588     4.1879     4.1757    -0.0075    98.6974 1.0000e-12  -64.08164  -63.77176 327.600516      30.69 3.6174e+02   1603.579      38487  1030.1157  1030.1144    34.7104    34.7088    7.71860         45 0.0000e+00
    497.000    491.570     1.5206  30.355246     1.5207  30.354043     4.1825     4.1760    -0.0015    98.6846 1.0000e-12  -64.08164  -63.77176 327.600537      31.64 3.5972e+02   1605.413      38531  1030.1111  1030.1098    34.7104    34.7088    7.71862         32 0.0000e+00
    496.000    490.582     1.5206  30.354735     1.5207  30.353568     4.1831     4.1774    -0.0033    98.6080 1.0000e-12  -64.08164  -63.77176 327.600551      32.50 3.5864e+02   1606.586      38559  1030.1064  1030.1051    34.7103    34.7088    7.71863         25 0.0000e+00
    495.000    489.595     1.5205  30.354309     1.5206  30.353021     4.1859     4.1814    -0.0037    98.7167 1.0000e-12  -64.08164  -63.77176 327.600561      33.40 3.5786e+02   1607.517      38581  1030.1018  1030.1003    34.7105    34.7087    7.71864         20 0.0000e+00
    494.000    488.606     1.5204  30.353700     1.5205  30.352501     4.1871     4.1796    -0.0001    98.7298 1.0000e-12  -64.08164  -63.77176 327.600571      34.45 3.5786e+02   1608.347      38601  1030.0970  1030.0958    34.7104    34.7087    7.71866         20 0.0000e+00
    493.000    487.619     1.5203  30.353147     1.5202  30.351939     4.1852     4.1772    -0.0065    98.7242 1.0000e-12  -64.08164  -63.77176 327.600581      35.46 3.5729e+02   1609.182      38621  1030.0924  1030.0912    34.7103    34.7089    7.71868         21 0.0000e+00
    492.000    486.630     1.5201  30.352587     1.5201  30.351366     4.1893     4.1758    -0.0066    98.7086 1.0000e-12  -64.08164  -63.77174 327.600592      36.47 3.5613e+02   1610.160      38645  1030.0878  1030.0866    34.7104    34.7089    7.71872         26 0.0000e+00
    491.000    485.643     1.5201  30.352056     1.5200  30.350887     4.1828     4.1708    -0.0067    98.6887 1.0000e-12  -64.08164  -63.77174 327.600606      37.53 3.5458e+02   1611.318      38673  1030.0831  1030.0819    34.7104    34.7089    7.71873         28 0.0000e+00
    490.000    484.654     1.5200  30.351599     1.5200  30.350363     4.1867     4.1703    -0.0080    98.6975 1.0000e-12  -64.08164  -63.77174 327.600619      38.58 3.5434e+02   1612.507      38701  1030.0785  1030.0772    34.7104    34.7088    7.71874         29 0.0000e+00
    489.000    483.666     1.5199  30.351057     1.5198  30.349798     4.1874     4.1710    -0.0146    98.7248 1.0000e-12  -64.08164  -63.77174 327.600634      39.63 3.5308e+02   1613.781      38732  1030.0738  1030.0726    34.7104    34.7089    7.71876         34 0.0000e+00
    488.000    482.679     1.5200  30.350773     1.5201  30.349503     4.1928     4.1744    -0.0189    98.7218 1.0000e-12  -64.08164  -63.77175 327.600654      40.77 3.5177e+02   1615.526      38774  1030.0691  1030.0678    34.7105    34.7088    7.71873         43 0.0000e+00
    487.000    481.691     1.5199  30.350061     1.5199  30.348990     4.1884     4.1797    -0.0067    98.7343 1.0000e-12  -64.08164  -63.77176 327.600672      41.60 3.5077e+02   1617.036      38810  1030.0643  1030.0632    34.7103    34.7089    7.71877         28 0.0000e+00
    486.000    480.704     1.5198  30.349634     1.5198  30.348389     4.1850     4.1747    -0.0065    98.7146 1.0000e-12  -64.08164  -63.77175 327.600682      42.45 3.5081e+02   1617.970      38832  1030.0598  1030.0585    34.7104    34.7088    7.71878         19 0.0000e+00
    485.000    479.713     1.5195  30.348919     1.5195  30.347777     4.1853     4.1789    -0.0068    98.7249 1.0000e-12  -64.08164  -63.77174 327.600691      43.47 3.4965e+02   1618.721      38850  1030.0551  1030.0539    34.7104    34.7089    7.71883         17 0.0000e+00
    484.000    478.728     1.5193  30.348424     1.5194  30.347138     4.1875     4.1816    -0.0098    98.7209 1.0000e-12  -64.08164  -63.77174 327.600700      44.36 3.4904e+02   1619.443      38868  1030.0506  1030.0492    34.7105    34.7088    7.71886         18 0.0000e+00
    483.000    477.739     1.5194  30.347999     1.5194  30.346786     4.1880     4.1792    -0.0118    98.7088 1.0000e-12  -64.08164  -63.77174 327.600710      45.63 3.4905e+02   1620.342      38889  1030.0458  1030.0446    34.7105    34.7089    7.71885         28 0.0000e+00
    482.000    476.751     1.5193  30.347440     1.5194  30.346285     4.1838     4.1766    -0.0067    98.7191 1.0000e-12  -64.08164  -63.77174 327.600730      46.81 3.4755e+02   1622.084      38931  1030.0411  1030.0399    34.7104    34.7089    7.71887         38 0.0000e+00
    481.000    475.764     1.5193  30.346889     1.5192  30.345769     4.1860     4.1800    -0.0080    98.7038 1.0000e-12  -64.08165  -63.77174 327.600748      47.70 3.4708e+02   1623.628      38968  1030.0364  1030.0353    34.7104    34.7090    7.71888         27 0.0000e+00
    480.000    474.773     1.5192  30.346513     1.5192  30.345241     4.1882     4.1774    -0.0140    98.6999 1.0000e-12  -64.08166  -63.77174 327.600759      48.59 3.4551e+02   1624.609      38992  1030.0318  1030.0305    34.7105    34.7089    7.71889         22 0.0000e+00
    479.000    473.787     1.5190  30.345924     1.5191  30.344717     4.1897     4.1793    -0.0058    98.7088 1.0000e-12  -64.08166  -63.77174 327.600771      49.68 3.4552e+02   1625.593      39015  1030.0272  1030.0259    34.7105    34.7090    7.71892         27 0.0000e+00
    478.000    472.799     1.5191  30.345508     1.5191  30.344274     4.1821     4.1830    -0.0070    98.7330 1.0000e-12  -64.08166  -63.77174 327.600787      50.84 3.4508e+02   1627.009      39049  1030.0225  1030.0212    34.7105    34.7089    7.71891         40 0.0000e+00
    477.000    471.812     1.5190  30.344952     1.5190  30.343755     4.1923     4.1780    -0.0012    98.7117 1.0000e-12  -64.08166  -63.77174 327.600805      51.75 3.4371e+02   1628.512      39085  1030.0178  1030.0166    34.7105    34.7090    7.71893         29 0.0000e+00
    476.000    470.823     1.5190  30.344429     1.5189  30.343248     4.1943     4.1781    -0.0077    98.7203 1.0000e-12  -64.08166  -63.77174 327.600816      52.64 3.4376e+02   1629.501      39109  1030.0131  1030.0119    34.7104    34.7090    7.71894         21 0.0000e+00
    475.000    469.834     1.5189  30.343938     1.5188  30.342687     4.1911     4.1779    -0.0126    98.7181 1.0000e-12  -64.08166  -63.77174 327.600825      53.61 3.4376e+02   1630.311      39128  1030.0084  1030.0072    34.7104    34.7089    7.71895         18 0.0000e+00
    474.000    468.849     1.5187  30.343407     1.5188  30.342297     4.1866     4.1780    -0.0069    98.7243 1.0000e-12  -64.08166  -63.77174 327.600834      54.56 3.4348e+02   1631.081      39147  1030.0038  1030.0026    34.7105    34.7090    7.71898         19 0.0000e+00
    473.000    467.858     1.5187  30.342907     1.5188  30.341778     4.1839     4.1801    -0.0132    98.6989 1.0000e-12  -64.08166  -63.77174 327.600844      55.70 3.4212e+02   1631.929      39167  1029.9991  1029.9979    34.7104    34.7090    7.71898         23 0.0000e+00
    472.000    466.871     1.5188  30.342496     1.5188  30.341277     4.1816     4.1800    -0.0077    98.6994 1.0000e-12  -64.08166  -63.77174 327.600859      56.91 3.4200e+02   1633.194      39198  1029.9944  1029.9931    34.7105    34.7089    7.71898         39 0.0000e+00
    471.000    465.883     1.5186  30.341922     1.5186  30.340716     4.1827     4.1817    -0.0065    98.7134 1.0000e-12  -64.08166  -63.77174 327.600881      58.01 3.4141e+02   1635.084      39243  1029.9898  1029.9886    34.7105    34.7089    7.71901         37 0.0000e+00
    470.000    464.896     1.5186  30.341493     1.5187  30.340299     4.1844     4.1781     0.0011    98.7221 1.0000e-12  -64.08166  -63.77174 327.600897      58.87 3.4021e+02   1636.511      39277  1029.9851  1029.9839    34.7105    34.7089    7.71901         28 0.0000e+00
    469.000    463.907     1.5185  30.341035     1.5186  30.339792     4.1833     4.1781    -0.0066    98.7140 1.0000e-12  -64.08166  -63.77174 327.600910      59.84 3.4024e+02   1637.605      39304  1029.9806  1029.9792    34.7106    34.7089    7.71902         26 0.0000e+00
    468.000    462.920     1.5187  30.340584     1.5188  30.339416     4.1893     4.1778    -0.0138    98.7138 1.0000e-12  -64.08166  -63.77174 327.600922      60.90 3.4024e+02   1638.696      39330  1029.9756  1029.9744    34.7103    34.7088    7.71899         27 0.0000e+00
    467.000    461.931     1.5187  30.340186     1.5188  30.338947     4.1893     4.1798    -0.0051    98.7508 1.0000e-12  -64.08166  -63.77174 327.600937      62.01 3.3928e+02   1639.919      39359  1029.9711  1029.9697    34.7105    34.7088    7.71899         30 0.0000e+00
    466.000    460.943     1.5187  30.339645     1.5188  30.338496     4.1868     4.1776     0.0028    98.7375 1.0000e-12  -64.08166  -63.77174 327.600950      63.03 3.3852e+02   1641.078      39387  1029.9663  1029.9650    34.7104    34.7088    7.71900         25 0.0000e+00
    465.000    459.955     1.5188  30.339264     1.5188  30.338045     4.1938     4.1733     0.0020    98.7438 1.0000e-12  -64.08166  -63.77174 327.600961      63.81 3.3847e+02   1642.025      39410  1029.9616  1029.9603    34.7104    34.7087    7.71898         21 0.0000e+00
    464.000    458.967     1.5188  30.338808     1.5189  30.337665     4.1885     4.1773    -0.0116    98.7481 1.0000e-12  -64.08166  -63.77174 327.600971      64.88 3.3847e+02   1642.872      39430  1029.9569  1029.9556    34.7103    34.7087    7.71898         20 0.0000e+00
    463.000    457.978     1.5189  30.338478     1.5190  30.337345     4.1892     4.1748    -0.0090    98.7736 1.0000e-12  -64.08166  -63.77174 327.600981      65.89 3.3847e+02   1643.730      39451  1029.9522  1029.9510    34.7104    34.7088    7.71896         22 0.0000e+00
    462.000    456.991     1.5188  30.337901     1.5188  30.336724     4.1886     4.1767    -0.0021    98.7609 1.0000e-12  -64.08166  -63.77174 327.600993      67.10 3.3847e+02   1644.759      39475  1029.9475  1029.9464    34.7103    34.7088    7.71898         29 0.0000e+00
    461.000    456.003     1.5187  30.337361     1.5187  30.336200     4.1886     4.1809    -0.0059    98.7807 1.0000e-12  -64.08167  -63.77174 327.601011      68.17 3.3847e+02   1646.342      39513  1029.9429  1029.9416    34.7103    34.7088    7.71900         44 0.0000e+00
    460.000    455.014     1.5186  30.336962     1.5187  30.335731     4.1921     4.1781    -0.0148    98.7606 1.0000e-12  -64.08168  -63.77174 327.601032      69.20 3.3847e+02   1648.122      39556  1029.9383  1029.9370    34.7104    34.7088    7.71900         35 0.0000e+00
    459.000    454.027     1.5187  30.336460     1.5187  30.335187     4.1871     4.1790    -0.0082    98.7785 1.0000e-12  -64.08168  -63.77174 327.601046      70.18 3.3847e+02   1649.364      39586  1029.9335  1029.9323    34.7103    34.7087    7.71900         26 0.0000e+00
