NBP2113_155081_ctd/data/nbp2113_030.ros
* Sea-Bird SBE 9 Data File:
* FileName = D:\Data\raw\NBP2113_030.hex
* Software Version Seasave V 7.26.7.121
* Temperature SN = 2438
* Conductivity SN = 2067
* Number of Bytes Per Scan = 40
* Number of Voltage Words = 5
* Number of Scans Averaged by the Deck Unit = 1
* NMEA Latitude = 66 50.58 S
* NMEA Longitude = 068 39.78 W
* NMEA UTC (Time) = Dec 05 2021  03:50:51
* NMEA baud rate = 9600
** Ship: RVIB N.B. Palmer
** Cruise: NBP2113 LTER
** Station: AS02
** Operator: B. Urmston
# nquan = 20
# nvalues = 343                                   
# units = specified
# name 0 = prDM: Pressure, Digiquartz [db]
# name 1 = depSM: Depth [salt water, m]
# name 2 = t090C: Temperature [ITS-90, deg C]
# name 3 = c0mS/cm: Conductivity [mS/cm]
# name 4 = t190C: Temperature, 2 [ITS-90, deg C]
# name 5 = c1mS/cm: Conductivity, 2 [mS/cm]
# name 6 = sbeox0ML/L: Oxygen, SBE 43 [ml/l]
# name 7 = sbeox1ML/L: Oxygen, SBE 43, 2 [ml/l]
# name 8 = flECO-AFL: Fluorescence, WET Labs ECO-AFL/FL [mg/m^3]
# name 9 = CStarTr0: Beam Transmission, WET Labs C-Star [%]
# name 10 = par: PAR/Irradiance, Biospherical/Licor
# name 11 = latitude: Latitude [deg]
# name 12 = longitude: Longitude [deg]
# name 13 = timeJ: Julian Days
# name 14 = altM: Altimeter [m]
# name 15 = spar: SPAR, Biospherical/Licor
# name 16 = timeS: Time, Elapsed [seconds]
# name 17 = scan: Scan Count
# name 18 = nbf: Bottles Fired
# name 19 = flag:  0.000e+00
# interval = seconds: 0.0416667
# start_time = Dec 05 2021 03:50:51 [NMEA time, header]
# bad_flag = -9.990e-29
*END*
    239.823    237.304     1.0926  29.783277     1.0906  29.783433     4.2636     4.3347     0.0143    94.9744 1.0000e-12  -66.84292  -68.66274 339.170481      12.09 0.0000e+00    878.583      21087          1  0.000e+00
    239.823    237.304     1.0891  29.779974     1.0906  29.782684     4.2618     4.3361     0.0216    94.9744 1.0000e-12  -66.84292  -68.66274 339.170482      12.11 0.0000e+00    878.625      21088          1  0.000e+00
    239.803    237.284     1.0874  29.778795     1.0895  29.781589     4.2630     4.3377     0.0143    94.9744 1.0000e-12  -66.84292  -68.66274 339.170482      12.11 0.0000e+00    878.667      21089          1  0.000e+00
    239.775    237.257     1.0869  29.778736     1.0875  29.779227     4.2655     4.3395     0.0143    94.9744 1.0000e-12  -66.84292  -68.66274 339.170483      12.11 0.0000e+00    878.708      21090          1  0.000e+00
    239.775    237.257     1.0860  29.778264     1.0863  29.778363     4.2682     4.3465     0.0143    94.9486 1.0000e-12  -66.84292  -68.66274 339.170483      12.11 0.0000e+00    878.750      21091          1  0.000e+00
    239.878    237.359     1.0855  29.778383     1.0860  29.778479     4.2698     4.3437     0.0143    94.9744 1.0000e-12  -66.84292  -68.66274 339.170484      12.09 0.0000e+00    878.792      21092          1  0.000e+00
    239.775    237.257     1.0855  29.778323     1.0861  29.778306     4.2726     4.3453     0.0143    94.9744 1.0000e-12  -66.84292  -68.66274 339.170484      12.11 0.0000e+00    878.833      21093          1  0.000e+00
    239.823    237.304     1.0843  29.776083     1.0855  29.777442     4.2745     4.3471     0.0069    94.9486 1.0000e-12  -66.84292  -68.66274 339.170485      12.09 0.0000e+00    878.875      21094          1  0.000e+00
    239.803    237.284     1.0812  29.773135     1.0843  29.776175     4.2767     4.3491     0.0069    94.9744 1.0000e-12  -66.84292  -68.66274 339.170485      12.11 0.0000e+00    878.917      21095          1  0.000e+00
    239.878    237.359     1.0795  29.772310     1.0830  29.774965     4.2775     4.3503     0.0143    94.9744 1.0000e-12  -66.84292  -68.66274 339.170486      12.11 0.0000e+00    878.958      21096          1  0.000e+00
    239.823    237.304     1.0804  29.772604     1.0829  29.775311     4.2850     4.3566     0.0069    94.9744 1.0000e-12  -66.84292  -68.66274 339.170486      12.09 0.0000e+00    879.000      21097          1  0.000e+00
    239.878    237.359     1.0799  29.772074     1.0839  29.776751     4.2884     4.3531     0.0143    94.9744 1.0000e-12  -66.84292  -68.66274 339.170487      12.11 0.0000e+00    879.042      21098          1  0.000e+00
    239.878    237.359     1.0791  29.771130     1.0841  29.776578     4.2905     4.3595     0.0069    94.9744 1.0000e-12  -66.84292  -68.66274 339.170487      12.14 0.0000e+00    879.083      21099          1  0.000e+00
    239.878    237.359     1.0777  29.769538     1.0830  29.775541     4.2927     4.3615     0.0143    94.9486 1.0000e-12  -66.84292  -68.66274 339.170488      12.14 0.0000e+00    879.125      21100          1  0.000e+00
    239.878    237.359     1.0763  29.768359     1.0829  29.775080     4.2949     4.3635     0.0069    94.9229 1.0000e-12  -66.84292  -68.66274 339.170488      12.14 0.0000e+00    879.167      21101          1  0.000e+00
    239.954    237.434     1.0755  29.766944     1.0823  29.773986     4.2971     4.3647     0.0069    94.9229 1.0000e-12  -66.84292  -68.66274 339.170489      12.14 0.0000e+00    879.208      21102          1  0.000e+00
    239.981    237.461     1.0730  29.764940     1.0810  29.772777     4.2995     4.3712     0.0069    94.9229 1.0000e-12  -66.84292  -68.66274 339.170489      12.14 0.0000e+00    879.250      21103          1  0.000e+00
    239.981    237.461     1.0719  29.763643     1.0804  29.772719     4.3073     4.3677     0.0069    94.9486 1.0000e-12  -66.84292  -68.66274 339.170489      12.14 0.0000e+00    879.292      21104          1  0.000e+00
    239.982    237.461     1.0713  29.763525     1.0812  29.773180     4.3106     4.3685     0.0069    94.9229 1.0000e-12  -66.84292  -68.66274 339.170490      12.14 0.0000e+00    879.333      21105          1  0.000e+00
    239.982    237.461     1.0712  29.763230     1.0818  29.774562     4.3068     4.3746     0.0069    94.9229 1.0000e-12  -66.84292  -68.66274 339.170490      12.14 0.0000e+00    879.375      21106          1  0.000e+00
    240.030    237.509     1.0715  29.764233     1.0832  29.775772     4.3156     4.3761     0.0069    94.9486 1.0000e-12  -66.84292  -68.66274 339.170491      12.14 0.0000e+00    879.417      21107          1  0.000e+00
    240.105    237.583     1.0728  29.765884     1.0835  29.775023     4.3186     4.3777     0.0069    94.9486 1.0000e-12  -66.84292  -68.66274 339.170491      12.14 0.0000e+00    879.458      21108          1  0.000e+00
    240.085    237.563     1.0754  29.769952     1.0821  29.773238     4.3199     4.3794     0.0069    94.9229 1.0000e-12  -66.84292  -68.66274 339.170492      12.14 0.0000e+00    879.500      21109          1  0.000e+00
    240.085    237.563     1.0807  29.775199     1.0802  29.772604     4.3222     4.3810     0.0143    94.9229 1.0000e-12  -66.84292  -68.66274 339.170492      12.11 0.0000e+00    879.542      21110          1  0.000e+00
    240.181    237.658     1.0847  29.779563     1.0807  29.773757     4.3303     4.3823     0.0143    94.9486 1.0000e-12  -66.84292  -68.66274 339.170493      12.04 0.0000e+00    879.583      21111          1  0.000e+00
    240.133    237.611     1.0874  29.782570     1.0826  29.775369     4.3326     4.3834     0.0143    94.9229 1.0000e-12  -66.84292  -68.66274 339.170493      12.01 0.0000e+00    879.625      21112          1  0.000e+00
    240.181    237.658     1.0909  29.785519     1.0839  29.777213     4.3305     4.3844     0.0069    94.9486 1.0000e-12  -66.84292  -68.66274 339.170494      12.01 0.0000e+00    879.667      21113          1  0.000e+00
    240.263    237.740     1.0927  29.787052     1.0861  29.779747     4.3429     4.3853     0.0069    94.9486 1.0000e-12  -66.84292  -68.66274 339.170494      12.01 0.0000e+00    879.708      21114          1  0.000e+00
    240.236    237.713     1.0932  29.786285     1.0883  29.781936     4.3408     4.3852     0.0143    94.9229 1.0000e-12  -66.84292  -68.66274 339.170495      12.01 0.0000e+00    879.750      21115          1  0.000e+00
    240.339    237.815     1.0927  29.785755     1.0897  29.782801     4.3444     4.3861     0.0143    94.9486 1.0000e-12  -66.84292  -68.66276 339.170495      12.01 0.0000e+00    879.792      21116          1  0.000e+00
    240.284    237.760     1.0921  29.785873     1.0908  29.784644     4.3522     4.3868     0.0069    94.9486 1.0000e-12  -66.84292  -68.66276 339.170496      12.01 0.0000e+00    879.833      21117          1  0.000e+00
    240.339    237.815     1.0933  29.788881     1.0919  29.785393     4.3551     4.3867     0.0069    94.9229 1.0000e-12  -66.84292  -68.66276 339.170496      12.04 0.0000e+00    879.875      21118          1  0.000e+00
    240.442    237.917     1.0973  29.792183     1.0917  29.784241     4.3506     4.3867     0.0143    94.9229 1.0000e-12  -66.84292  -68.66276 339.170497      12.01 0.0000e+00    879.917      21119          1  0.000e+00
    240.442    237.917     1.0996  29.794130     1.0911  29.783953     4.3517     4.3919     0.0069    94.9229 1.0000e-12  -66.84292  -68.66276 339.170497      12.01 0.0000e+00    879.958      21120          1  0.000e+00
    240.463    237.937     1.1006  29.794366     1.0920  29.785278     4.3572     4.3923     0.0143    94.9229 1.0000e-12  -66.84292  -68.66276 339.170498      12.01 0.0000e+00    880.000      21121          1  0.000e+00
    240.539    238.012     1.1007  29.794897     1.0937  29.787986     4.3595     4.3924     0.0069    94.9229 1.0000e-12  -66.84292  -68.66276 339.170498      11.84 0.0000e+00    880.042      21122          1  0.000e+00
    240.490    237.964     1.1009  29.794896     1.0961  29.790002     4.3615     4.3922     0.0069    94.9229 1.0000e-12  -66.84292  -68.66276 339.170499      11.62 0.0000e+00    880.083      21123          1  0.000e+00
    240.594    238.066     1.1012  29.796253     1.0976  29.791270     4.3634     4.3922     0.0069    94.9229 1.0000e-12  -66.84292  -68.66276 339.170499      11.58 0.0000e+00    880.125      21124          1  0.000e+00
    240.642    238.114     1.1040  29.800146     1.0985  29.792941     4.3689     4.3928     0.0069    94.9229 1.0000e-12  -66.84292  -68.66276 339.170500      11.58 0.0000e+00    880.167      21125          1  0.000e+00
    240.642    238.114     1.1073  29.803095     1.1009  29.795188     4.3641     4.3923     0.0143    94.9229 1.0000e-12  -66.84292  -68.66276 339.170500      11.58 0.0000e+00    880.208      21126          1  0.000e+00
    240.745    238.216     1.1091  29.804570     1.1022  29.796744     4.3706     4.3919     0.0143    94.9229 1.0000e-12  -66.84292  -68.66276 339.170501      11.58 0.0000e+00    880.250      21127          1  0.000e+00
    240.772    238.243     1.1102  29.805868     1.1038  29.798703     4.3712     4.3912     0.0143    94.9229 1.0000e-12  -66.84292  -68.66276 339.170501      11.58 0.0000e+00    880.292      21128          1  0.000e+00
    240.800    238.270     1.1106  29.806399     1.1055  29.800892     4.3716     4.3957     0.0069    94.9229 1.0000e-12  -66.84292  -68.66276 339.170502      11.58 0.0000e+00    880.333      21129          1  0.000e+00
    240.848    238.318     1.1123  29.808169     1.1078  29.803024     4.3729     4.3964     0.0069    94.9229 1.0000e-12  -66.84292  -68.66276 339.170502      11.58 0.0000e+00    880.375      21130          1  0.000e+00
    240.903    238.372     1.1140  29.810174     1.1098  29.804868     4.3738     4.3969     0.0143    94.9229 1.0000e-12  -66.84292  -68.66276 339.170503      11.58 0.0000e+00    880.417      21131          1  0.000e+00
    240.951    238.420     1.1157  29.811944     1.1109  29.805733     4.3801     4.3921     0.0069    94.9229 1.0000e-12  -66.84292  -68.66276 339.170503      11.58 0.0000e+00    880.458      21132          1  0.000e+00
    240.999    238.467     1.1176  29.813832     1.1118  29.806943     4.3774     4.3917     0.0143    94.9229 1.0000e-12  -66.84292  -68.66276 339.170503      11.58 0.0000e+00    880.500      21133          1  0.000e+00
    240.999    238.467     1.1187  29.814717     1.1134  29.808499     4.3820     4.3965     0.0069    94.9229 1.0000e-12  -66.84292  -68.66276 339.170504      11.43 0.0000e+00    880.542      21134          1  0.000e+00
    241.082    238.549     1.1195  29.815661     1.1156  29.812245     4.3832     4.3965     0.0069    94.9229 1.0000e-12  -66.84292  -68.66276 339.170504      11.21 0.0000e+00    880.583      21135          1  0.000e+00
    201.304    199.208     0.6458  29.281403     0.6336  29.275728     4.7363     4.8163     0.0216    95.1031 1.0000e-12  -66.84290  -68.66270 339.171596      51.50 0.0000e+00    974.917      23399          2  0.000e+00
    201.304    199.208     0.6421  29.278181     0.6306  29.271779     4.7453     4.8152     0.0216    95.1289 1.0000e-12  -66.84290  -68.66270 339.171597      51.50 0.0000e+00    974.958      23400          2  0.000e+00
    201.256    199.161     0.6400  29.278708     0.6261  29.265770     4.7409     4.8151     0.0216    95.1289 1.0000e-12  -66.84290  -68.66270 339.171597      51.48 0.0000e+00    975.000      23401          2  0.000e+00
    201.201    199.106     0.6392  29.279938     0.6215  29.261306     4.7339     4.8150     0.0216    95.1031 1.0000e-12  -66.84290  -68.66270 339.171598      51.58 0.0000e+00    975.042      23402          2  0.000e+00
    201.256    199.161     0.6378  29.281638     0.6210  29.264340     4.7372     4.8142     0.0216    95.0774 1.0000e-12  -66.84290  -68.66270 339.171598      51.77 0.0000e+00    975.083      23403          2  0.000e+00
    201.153    199.059     0.6383  29.281814     0.6268  29.272294     4.7360     4.8125     0.0216    95.0516 1.0000e-12  -66.84290  -68.66270 339.171599      51.84 0.0000e+00    975.125      23404          2  0.000e+00
    201.201    199.106     0.6351  29.279939     0.6419  29.285917     4.7297     4.8096     0.0289    95.0259 1.0000e-12  -66.84290  -68.66270 339.171599      51.84 0.0000e+00    975.167      23405          2  0.000e+00
    201.153    199.059     0.6316  29.275837     0.6630  29.300285     4.7338     4.8061     0.0436    95.0516 1.0000e-12  -66.84290  -68.66270 339.171600      51.84 0.0000e+00    975.208      23406          2  0.000e+00
    201.098    199.004     0.6268  29.271795     0.6757  29.312194     4.7395     4.8036     0.0436    95.0516 1.0000e-12  -66.84290  -68.66270 339.171600      51.84 0.0000e+00    975.250      23407          2  0.000e+00
    201.050    198.957     0.6226  29.266932     0.6820  29.321070     4.7364     4.8019     0.0436    95.0259 1.0000e-12  -66.84290  -68.66270 339.171601      51.82 0.0000e+00    975.292      23408          2  0.000e+00
    201.098    199.004     0.6185  29.259082     0.6876  29.327427     4.7367     4.8006     0.0436    95.0259 1.0000e-12  -66.84290  -68.66270 339.171601      51.82 0.0000e+00    975.333      23409          2  0.000e+00
    200.995    198.903     0.6138  29.251525     0.6933  29.331092     4.7384     4.7992     0.0436    95.0516 1.0000e-12  -66.84290  -68.66270 339.171602      51.82 0.0000e+00    975.375      23410          2  0.000e+00
    201.050    198.957     0.6095  29.247484     0.6917  29.331665     4.7402     4.7990     0.0436    95.0516 1.0000e-12  -66.84290  -68.66270 339.171602      51.84 0.0000e+00    975.417      23411          2  0.000e+00
    200.995    198.903     0.6072  29.247367     0.6928  29.331951     4.7417     4.7984     0.0436    95.0259 1.0000e-12  -66.84290  -68.66270 339.171603      51.84 0.0000e+00    975.458      23412          2  0.000e+00
    200.947    198.855     0.6074  29.248831     0.7019  29.339225     4.7474     4.7976     0.0509    95.0516 1.0000e-12  -66.84290  -68.66270 339.171603      51.82 0.0000e+00    975.500      23413          2  0.000e+00
    200.892    198.801     0.6080  29.250646     0.7097  29.347760     4.7430     4.7969     0.0509    95.0516 1.0000e-12  -66.84290  -68.66270 339.171603      51.89 0.0000e+00    975.542      23414          2  0.000e+00
    201.050    198.957     0.6079  29.250530     0.7084  29.353891     4.7448     4.7975     0.0436    95.0516 1.0000e-12  -66.84290  -68.66270 339.171604      52.06 0.0000e+00    975.583      23415          2  0.000e+00
    200.899    198.808     0.6077  29.249065     0.7127  29.360136     4.7509     4.7973     0.0436    95.0516 1.0000e-12  -66.84290  -68.66270 339.171604      52.09 0.0000e+00    975.625      23416          2  0.000e+00
    200.899    198.808     0.6070  29.247601     0.7166  29.363001     4.7471     4.7967     0.0509    95.0516 1.0000e-12  -66.84290  -68.66270 339.171605      52.09 0.0000e+00    975.667      23417          2  0.000e+00
    200.899    198.808     0.6061  29.246078     0.7188  29.364261     4.7492     4.7963     0.0509    95.0516 1.0000e-12  -66.84290  -68.66270 339.171605      52.09 0.0000e+00    975.708      23418          2  0.000e+00
    200.796    198.706     0.6066  29.245667     0.7203  29.363516     4.7442     4.7961     0.0436    95.0516 1.0000e-12  -66.84290  -68.66270 339.171606      52.09 0.0000e+00    975.750      23419          2  0.000e+00
    200.844    198.753     0.6064  29.246663     0.7171  29.360880     4.7539     4.7966     0.0436    95.0516 1.0000e-12  -66.84290  -68.66272 339.171606      52.09 0.0000e+00    975.792      23420          2  0.000e+00
    200.844    198.753     0.6054  29.248245     0.7123  29.358531     4.7504     4.7972     0.0509    95.0516 1.0000e-12  -66.84290  -68.66272 339.171607      52.06 0.0000e+00    975.833      23421          2  0.000e+00
