NBP2113_155081_ctd/data/nbp2113_067.ros
* Sea-Bird SBE 9 Data File:
* FileName = D:\Data\raw\NBP2113_067.hex
* Software Version Seasave V 7.26.7.121
* Temperature SN = 2438
* Conductivity SN = 2067
* Number of Bytes Per Scan = 40
* Number of Voltage Words = 5
* Number of Scans Averaged by the Deck Unit = 1
* NMEA Latitude = 64 09.64 S
* NMEA Longitude = 061 49.92 W
* NMEA UTC (Time) = Dec 14 2021  19:29:58
* NMEA baud rate = 9600
** Ship: RVIB N.B. Palmer
** Cruise: NBP2113 LTER
** Station: 744.002
** Operator: S. Blackman
# nquan = 20
# nvalues = 476                                   
# units = specified
# name 0 = prDM: Pressure, Digiquartz [db]
# name 1 = depSM: Depth [salt water, m]
# name 2 = t090C: Temperature [ITS-90, deg C]
# name 3 = c0mS/cm: Conductivity [mS/cm]
# name 4 = t190C: Temperature, 2 [ITS-90, deg C]
# name 5 = c1mS/cm: Conductivity, 2 [mS/cm]
# name 6 = sbeox0ML/L: Oxygen, SBE 43 [ml/l]
# name 7 = sbeox1ML/L: Oxygen, SBE 43, 2 [ml/l]
# name 8 = flECO-AFL: Fluorescence, WET Labs ECO-AFL/FL [mg/m^3]
# name 9 = CStarTr0: Beam Transmission, WET Labs C-Star [%]
# name 10 = par: PAR/Irradiance, Biospherical/Licor
# name 11 = latitude: Latitude [deg]
# name 12 = longitude: Longitude [deg]
# name 13 = timeJ: Julian Days
# name 14 = altM: Altimeter [m]
# name 15 = spar: SPAR, Biospherical/Licor
# name 16 = timeS: Time, Elapsed [seconds]
# name 17 = scan: Scan Count
# name 18 = nbf: Bottles Fired
# name 19 = flag:  0.000e+00
# interval = seconds: 0.0416667
# start_time = Dec 14 2021 19:29:58 [NMEA time, header]
# bad_flag = -9.990e-29
*END*
[from data line 73]
    475.724    470.548    -0.5245  28.447416    -0.5234  28.446741     6.0483     6.1227    -0.0077    90.1077 1.0000e-12  -64.16166  -61.83264 348.824785       9.87 8.4971e+02   1063.458      25524          2  0.000e+00
    475.621    470.446    -0.5246  28.447416    -0.5234  28.447250     6.0510     6.1229    -0.0150    90.0819 1.0000e-12  -64.16166  -61.83264 348.824786       9.87 8.4971e+02   1063.500      25525          2  0.000e+00
    475.676    470.500    -0.5245  28.447126    -0.5234  28.446458     6.0460     6.1232    -0.0150    90.0819 1.0000e-12  -64.16166  -61.83264 348.824786       9.87 8.4971e+02   1063.542      25526          2  0.000e+00
    475.669    470.494    -0.5246  28.447416    -0.5234  28.446967     6.0456     6.1234    -0.0150    90.0562 1.0000e-12  -64.16166  -61.83264 348.824787       9.87 8.4971e+02   1063.583      25527          2  0.000e+00
    475.628    470.453    -0.5241  28.447416    -0.5233  28.446967     6.0451     6.1226    -0.0150    90.0562 1.0000e-12  -64.16166  -61.83264 348.824787       9.87 8.4971e+02   1063.625      25528          2  0.000e+00
    475.669    470.494    -0.5246  28.446836    -0.5234  28.447250     6.0511     6.1159    -0.0077    90.0562 1.0000e-12  -64.16166  -61.83264 348.824788       9.87 8.4971e+02   1063.667      25529          2  0.000e+00
    475.628    470.453    -0.5244  28.446836    -0.5236  28.446741     6.0475     6.1200    -0.0150    90.0562 1.0000e-12  -64.16166  -61.83264 348.824788       9.87 8.4971e+02   1063.708      25530          2  0.000e+00
    475.669    470.494    -0.5247  28.447648    -0.5236  28.446741     6.0471     6.1202    -0.0150    90.0562 1.0000e-12  -64.16166  -61.83264 348.824789       9.87 8.4971e+02   1063.750      25531          2  0.000e+00
    475.628    470.453    -0.5244  28.447184    -0.5239  28.446741     6.0467     6.1203    -0.0150    90.0562 1.0000e-12  -64.16166  -61.83264 348.824789       9.87 8.4971e+02   1063.792      25532          2  0.000e+00
    475.621    470.446    -0.5247  28.447126    -0.5241  28.446741     6.0526     6.1205    -0.0077    90.0562 1.0000e-12  -64.16166  -61.83264 348.824790       9.89 8.4971e+02   1063.833      25533          2  0.000e+00
    475.628    470.453    -0.5244  28.447126    -0.5239  28.446174     6.0553     6.1207    -0.0150    90.0562 1.0000e-12  -64.16166  -61.83264 348.824790       9.87 8.4971e+02   1063.875      25534          2  0.000e+00
    475.621    470.446    -0.5247  28.447126    -0.5239  28.446741     6.0502     6.1208    -0.0150    90.0562 1.0000e-12  -64.16166  -61.83264 348.824791       9.89 8.4971e+02   1063.917      25535          2  0.000e+00
    475.669    470.494    -0.5246  28.447126    -0.5234  28.446741     6.0497     6.1210    -0.0150    90.0562 1.0000e-12  -64.16166  -61.83264 348.824791       9.89 8.4971e+02   1063.958      25536          2  0.000e+00
    475.572    470.398    -0.5247  28.446836    -0.5233  28.446457     6.0492     6.1152    -0.0150    90.0562 1.0000e-12  -64.16166  -61.83264 348.824792       9.89 8.4971e+02   1064.000      25537          2  0.000e+00
    475.621    470.446    -0.5246  28.446836    -0.5233  28.446967     6.0567     6.1144    -0.0077    90.0562 1.0000e-12  -64.16166  -61.83264 348.824792       9.89 8.4971e+02   1064.042      25538          2  0.000e+00
    475.628    470.453    -0.5245  28.446836    -0.5233  28.446457     6.0578     6.1196    -0.0150    90.0562 1.0000e-12  -64.16166  -61.83264 348.824793       9.87 8.4971e+02   1064.083      25539          2  0.000e+00
    475.566    470.391    -0.5247  28.447126    -0.5231  28.446740     6.0525     6.1197    -0.0150    90.0819 1.0000e-12  -64.16166  -61.83264 348.824793       9.89 8.4971e+02   1064.125      25540          2  0.000e+00
    475.572    470.398    -0.5248  28.446604    -0.5231  28.446967     6.0458     6.1200    -0.0150    90.0562 1.0000e-12  -64.16166  -61.83264 348.824794       9.87 8.4971e+02   1064.167      25541          2  0.000e+00
    475.621    470.446    -0.5246  28.446836    -0.5232  28.446740     6.0484     6.1203    -0.0150    90.0562 1.0000e-12  -64.16166  -61.83264 348.824794       9.87 8.4971e+02   1064.208      25542          2  0.000e+00
    475.572    470.398    -0.5248  28.446836    -0.5231  28.447533     6.0479     6.1145    -0.0150    90.0819 1.0000e-12  -64.16166  -61.83264 348.824795       9.94 8.4971e+02   1064.250      25543          2  0.000e+00
    475.621    470.446    -0.5247  28.447184    -0.5230  28.446967     6.0474     6.1198    -0.0150    90.0562 1.0000e-12  -64.16166  -61.83264 348.824795      10.04 8.4971e+02   1064.292      25544          2  0.000e+00
    475.566    470.391    -0.5245  28.447126    -0.5232  28.447250     6.0468     6.1200    -0.0150    90.0562 1.0000e-12  -64.16166  -61.83264 348.824796      10.06 8.4971e+02   1064.333      25545          2  0.000e+00
    475.572    470.398    -0.5246  28.447126    -0.5231  28.447250     6.0510     6.1203    -0.0150    90.0819 1.0000e-12  -64.16166  -61.83264 348.824796      10.09 8.4971e+02   1064.375      25546          2  0.000e+00
    475.566    470.391    -0.5244  28.447126    -0.5231  28.446740     6.0535     6.1206    -0.0150    90.1077 1.0000e-12  -64.16166  -61.83264 348.824796      10.09 8.4971e+02   1064.417      25547          2  0.000e+00
    475.572    470.398    -0.5243  28.447126    -0.5231  28.447250     6.0481     6.1150    -0.0150    90.1077 1.0000e-12  -64.16166  -61.83264 348.824797      10.06 8.4971e+02   1064.458      25548          2  0.000e+00
    253.079    250.459    -0.6918  28.159120    -0.6919  28.157681     6.3020     6.3812    -0.0004    90.0819 1.0000e-12  -64.16142  -61.83234 348.828397       9.30 7.3688e+02   1375.458      33012          3  0.000e+00
    252.989    250.371    -0.6918  28.158889    -0.6921  28.157455     6.3024     6.3803    -0.0004    90.0562 1.0000e-12  -64.16142  -61.83234 348.828397       9.30 7.3688e+02   1375.500      33013          3  0.000e+00
    253.024    250.405    -0.6914  28.159409    -0.6922  28.157681     6.3029     6.3795    -0.0004    90.0819 1.0000e-12  -64.16142  -61.83234 348.828397       9.21 7.3688e+02   1375.542      33014          3  0.000e+00
    253.024    250.405    -0.6913  28.158889    -0.6922  28.157737     6.3095     6.3786    -0.0004    90.0819 1.0000e-12  -64.16142  -61.83234 348.828398       9.21 7.3688e+02   1375.583      33015          3  0.000e+00
    253.079    250.459    -0.6918  28.159120    -0.6923  28.157455     6.3054     6.3835    -0.0004    90.0819 1.0000e-12  -64.16142  -61.83234 348.828398       9.18 7.3688e+02   1375.625      33016          3  0.000e+00
    253.024    250.405    -0.6918  28.158889    -0.6926  28.157455     6.3058     6.3845    -0.0004    90.0562 1.0000e-12  -64.16142  -61.83234 348.828399       9.21 7.3688e+02   1375.667      33017          3  0.000e+00
    253.044    250.425    -0.6918  28.159062    -0.6924  28.157173     6.3062     6.3846    -0.0004    90.0819 1.0000e-12  -64.16142  -61.83234 348.828399       9.18 7.3688e+02   1375.708      33018          3  0.000e+00
    253.079    250.459    -0.6919  28.158600    -0.6926  28.157173     6.3113     6.3789    -0.0077    90.0819 1.0000e-12  -64.16142  -61.83234 348.828400       9.21 7.3688e+02   1375.750      33019          3  0.000e+00
    252.975    250.357    -0.6921  28.158600    -0.6922  28.157737     6.3054     6.3835    -0.0150    90.0819 1.0000e-12  -64.16142  -61.83234 348.828400       9.23 7.3688e+02   1375.792      33020          3  0.000e+00
    253.127    250.507    -0.6919  28.158600    -0.6923  28.157681     6.3072     6.3836    -0.0150    90.0819 1.0000e-12  -64.16142  -61.83234 348.828401       9.23 7.3688e+02   1375.833      33021          3  0.000e+00
    253.024    250.405    -0.6919  28.158889    -0.6922  28.157455     6.3074     6.3845    -0.0150    90.0819 1.0000e-12  -64.16142  -61.83234 348.828401       9.23 7.3688e+02   1375.875      33022          3  0.000e+00
    253.092    250.473    -0.6918  28.159120    -0.6924  28.157456     6.3017     6.3854    -0.0150    90.0819 1.0000e-12  -64.16142  -61.83234 348.828402       9.23 7.3688e+02   1375.917      33023          3  0.000e+00
    253.024    250.405    -0.6921  28.159120    -0.6922  28.157173     6.3112     6.3796    -0.0150    90.0819 1.0000e-12  -64.16142  -61.83234 348.828402       9.23 7.3688e+02   1375.958      33024          3  0.000e+00
    253.079    250.459    -0.6919  28.158889    -0.6922  28.157455     6.3130     6.3796    -0.0150    90.0819 1.0000e-12  -64.16142  -61.83234 348.828403       9.23 7.3688e+02   1376.000      33025          3  0.000e+00
    253.127    250.507    -0.6918  28.158600    -0.6922  28.157456     6.3086     6.3796    -0.0150    90.0819 1.0000e-12  -64.16142  -61.83234 348.828403       9.23 7.3688e+02   1376.042      33026          3  0.000e+00
    253.024    250.405    -0.6918  28.158600    -0.6922  28.157455     6.3087     6.3786    -0.0150    90.0819 1.0000e-12  -64.16142  -61.83234 348.828404       9.23 7.3688e+02   1376.083      33027          3  0.000e+00
    253.127    250.507    -0.6922  28.159062    -0.6921  28.157456     6.3135     6.3834    -0.0150    90.0819 1.0000e-12  -64.16142  -61.83234 348.828404       9.23 7.3688e+02   1376.125      33028          3  0.000e+00
    253.092    250.473    -0.6918  28.158600    -0.6924  28.157456     6.3135     6.3777    -0.0150    90.0819 1.0000e-12  -64.16142  -61.83234 348.828405       9.23 7.3688e+02   1376.167      33029          3  0.000e+00
    253.079    250.459    -0.6919  28.158600    -0.6921  28.157738     6.3088     6.3833    -0.0150    90.0819 1.0000e-12  -64.16142  -61.83234 348.828405       9.23 7.3688e+02   1376.208      33030          3  0.000e+00
    253.079    250.459    -0.6918  28.159120    -0.6922  28.157455     6.3087     6.3833    -0.0150    90.0819 1.0000e-12  -64.16142  -61.83234 348.828406       9.23 7.3688e+02   1376.250      33031          3  0.000e+00
    253.127    250.507    -0.6916  28.159409    -0.6921  28.157456     6.3147     6.3785    -0.0150    90.0819 1.0000e-12  -64.16142  -61.83234 348.828406       9.21 7.3688e+02   1376.292      33032          3  0.000e+00
    253.079    250.459    -0.6918  28.158600    -0.6921  28.157455     6.3146     6.3832    -0.0150    90.0819 1.0000e-12  -64.16142  -61.83234 348.828407       9.18 7.3688e+02   1376.333      33033          3  0.000e+00
    253.093    250.473    -0.6918  28.159120    -0.6922  28.157456     6.3097     6.3785    -0.0150    90.0819 1.0000e-12  -64.16142  -61.83234 348.828407       9.18 7.3688e+02   1376.375      33034          3  0.000e+00
    253.127    250.507    -0.6921  28.158889    -0.6920  28.157174     6.3095     6.3832    -0.0150    90.0819 1.0000e-12  -64.16142  -61.83234 348.828408       9.18 7.3688e+02   1376.417      33035          3  0.000e+00
    253.079    250.460    -0.6921  28.158600    -0.6922  28.157173     6.3093     6.3774    -0.0150    90.0819 1.0000e-12  -64.16142  -61.83234 348.828408       9.18 7.3688e+02   1376.458      33036          3  0.000e+00
    253.182    250.562    -0.6921  28.158543    -0.6921  28.157681     6.3137     6.3764    -0.0150    90.0819 1.0000e-12  -64.16142  -61.83234 348.828409       9.18 7.3688e+02   1376.500      33037          3  0.000e+00
    253.079    250.460    -0.6919  28.158600    -0.6919  28.157681     6.3146     6.3753    -0.0150    90.0819 1.0000e-12  -64.16142  -61.83234 348.828409       9.18 7.3688e+02   1376.542      33038          3  0.000e+00
    253.093    250.473    -0.6921  28.158889    -0.6919  28.157455     6.3096     6.3743    -0.0150    90.0819 1.0000e-12  -64.16142  -61.83234 348.828410       9.21 7.3688e+02   1376.583      33039          3  0.000e+00
    253.127    250.507    -0.6921  28.159120    -0.6923  28.157681     6.3092     6.3743    -0.0150    90.0819 1.0000e-12  -64.16142  -61.83234 348.828410       9.18 7.3688e+02   1376.625      33040          3  0.000e+00
    253.182    250.562    -0.6919  28.158889    -0.6921  28.157456     6.3149     6.3734    -0.0150    90.0819 1.0000e-12  -64.16142  -61.83234 348.828410       9.18 7.3688e+02   1376.667      33041          3  0.000e+00
    253.079    250.460    -0.6921  28.158889    -0.6922  28.157681     6.3158     6.3780    -0.0150    90.0819 1.0000e-12  -64.16142  -61.83234 348.828411       9.18 7.3688e+02   1376.708      33042          3  0.000e+00
    253.127    250.507    -0.6919  28.158889    -0.6924  28.157738     6.3122     6.3790    -0.0150    90.0819 1.0000e-12  -64.16142  -61.83234 348.828411      37.51 7.3688e+02   1376.750      33043          3  0.000e+00
    253.141    250.521    -0.6919  28.158600    -0.6922  28.157681     6.3117     6.3799    -0.0150    90.1077 1.0000e-12  -64.16142  -61.83234 348.828412      88.86 7.3688e+02   1376.792      33044          3  0.000e+00
    253.127    250.507    -0.6921  28.158889    -0.6923  28.157456     6.3173     6.3751    -0.0077    90.1077 1.0000e-12  -64.16142  -61.83234 348.828412     100.00 7.3688e+02   1376.833      33045          3  0.000e+00
    253.127    250.507    -0.6919  28.159062    -0.6922  28.157174     6.3182     6.3798     0.0069    90.1077 1.0000e-12  -64.16142  -61.83234 348.828413     100.00 7.3688e+02   1376.875      33046          3  0.000e+00
    253.182    250.562    -0.6919  28.158601    -0.6924  28.157738     6.3130     6.3741     0.0069    90.1077 1.0000e-12  -64.16142  -61.83234 348.828413     100.00 7.3512e+02   1376.917      33047          3  0.000e+00
    253.079    250.460    -0.6921  28.158889    -0.6922  28.157173     6.3124     6.3730     0.0069    90.1077 1.0000e-12  -64.16142  -61.83234 348.828414     100.00 7.3688e+02   1376.958      33048          3  0.000e+00
    253.127    250.507    -0.6918  28.158889    -0.6922  28.157738     6.3102     6.3729     0.0069    90.1077 1.0000e-12  -64.16142  -61.83234 348.828414      99.88 7.3512e+02   1377.000      33049          3  0.000e+00
    253.141    250.521    -0.6924  28.158889    -0.6923  28.157174     6.3142     6.3730     0.0069    90.1077 1.0000e-12  -64.16142  -61.83234 348.828415      99.93 7.3512e+02   1377.042      33050          3  0.000e+00
    253.127    250.507    -0.6921  28.158889    -0.6924  28.157456     6.3148     6.3730     0.0143    90.1077 1.0000e-12  -64.16142  -61.83234 348.828415      99.95 7.3512e+02   1377.083      33051          3  0.000e+00
    253.182    250.562    -0.6921  28.158889    -0.6924  28.157681     6.3094     6.3789     0.0069    90.1077 1.0000e-12  -64.16142  -61.83234 348.828416      99.98 7.3512e+02   1377.125      33052          3  0.000e+00
    253.127    250.507    -0.6919  28.159120    -0.6924  28.157456     6.3084     6.3741     0.0143    90.1077 1.0000e-12  -64.16142  -61.83234 348.828416      99.95 7.3512e+02   1377.167      33053          3  0.000e+00
    253.182    250.562    -0.6918  28.158370    -0.6922  28.156892     6.3137     6.3743     0.0069    90.1077 1.0000e-12  -64.16142  -61.83234 348.828417      99.93 7.3512e+02   1377.208      33054          3  0.000e+00
    253.093    250.473    -0.6919  28.159120    -0.6925  28.157456     6.3127     6.3791     0.0069    90.1077 1.0000e-12  -64.16142  -61.83234 348.828417      99.95 7.3512e+02   1377.250      33055          3  0.000e+00
    253.182    250.562    -0.6919  28.158543    -0.6924  28.157456     6.3071     6.3745     0.0069    90.1077 1.0000e-12  -64.16142  -61.83234 348.828418      99.98 7.3512e+02   1377.292      33056          3  0.000e+00
    253.182    250.562    -0.6919  28.158889    -0.6924  28.157456     6.3061     6.3747     0.0069    90.1077 1.0000e-12  -64.16142  -61.83234 348.828418      99.98 7.3512e+02   1377.333      33057          3  0.000e+00
