NBP2113_155081_ctd/data/nbp2113_027.ros
* Sea-Bird SBE 9 Data File:
* FileName = D:\Data\raw\NBP2113_027.hex
* Software Version Seasave V 7.26.7.121
* Temperature SN = 2438
* Conductivity SN = 2067
* Number of Bytes Per Scan = 40
* Number of Voltage Words = 5
* Number of Scans Averaged by the Deck Unit = 1
* NMEA Latitude = 68 01.82 S
* NMEA Longitude = 069 17.07 W
* NMEA UTC (Time) = Dec 04 2021  08:59:20
* NMEA baud rate = 9600
** Ship: RVIB N.B. Palmer
** Cruise: NBP2113 LTER
** Station: 200.-040
** Operator: B. Urmston
# nquan = 20
# nvalues = 1156                                  
# units = specified
# name 0 = prDM: Pressure, Digiquartz [db]
# name 1 = depSM: Depth [salt water, m]
# name 2 = t090C: Temperature [ITS-90, deg C]
# name 3 = c0mS/cm: Conductivity [mS/cm]
# name 4 = t190C: Temperature, 2 [ITS-90, deg C]
# name 5 = c1mS/cm: Conductivity, 2 [mS/cm]
# name 6 = sbeox0ML/L: Oxygen, SBE 43 [ml/l]
# name 7 = sbeox1ML/L: Oxygen, SBE 43, 2 [ml/l]
# name 8 = flECO-AFL: Fluorescence, WET Labs ECO-AFL/FL [mg/m^3]
# name 9 = CStarTr0: Beam Transmission, WET Labs C-Star [%]
# name 10 = par: PAR/Irradiance, Biospherical/Licor
# name 11 = latitude: Latitude [deg]
# name 12 = longitude: Longitude [deg]
# name 13 = timeJ: Julian Days
# name 14 = altM: Altimeter [m]
# name 15 = spar: SPAR, Biospherical/Licor
# name 16 = timeS: Time, Elapsed [seconds]
# name 17 = scan: Scan Count
# name 18 = nbf: Bottles Fired
# name 19 = flag:  0.000e+00
# interval = seconds: 0.0416667
# start_time = Dec 04 2021 08:59:20 [NMEA time, header]
# bad_flag = -9.990e-29
*END*
[from data line 580]
     47.800     47.316    -1.1086  27.263629    -1.1138  27.259830     7.9842     8.0115     0.9520    92.2707 2.1639e-01  -68.03010  -69.28440 338.395820      99.98 1.4103e+02   1838.833      44133         13  0.000e+00
     47.800     47.316    -1.1085  27.263972    -1.1140  27.259552     7.9759     8.0116     0.9520    92.2707 2.1639e-01  -68.03010  -69.28440 338.395820      99.95 1.4103e+02   1838.875      44134         13  0.000e+00
     47.759     47.276    -1.1088  27.264428    -1.1140  27.259496     7.9797     8.0115     0.9520    92.2707 2.1639e-01  -68.03010  -69.28440 338.395821      99.95 1.4103e+02   1838.917      44135         13  0.000e+00
     47.752     47.269    -1.1091  27.264485    -1.1142  27.259830     7.9804     8.0113     0.9520    92.2707 2.1639e-01  -68.03010  -69.28440 338.395821      99.98 1.4103e+02   1838.958      44136         13  0.000e+00
     47.752     47.269    -1.1093  27.263800    -1.1118  27.260945     7.9961     8.0105     0.9520    92.2707 2.1639e-01  -68.03010  -69.28440 338.395822      99.98 1.4103e+02   1839.000      44137         13  0.000e+00
     47.752     47.269    -1.1089  27.263800    -1.1089  27.263007     8.0025     8.0093     0.9520    92.2707 2.1639e-01  -68.03010  -69.28440 338.395822      99.98 1.4103e+02   1839.042      44138         13  0.000e+00
     47.711     47.228    -1.1088  27.264028    -1.1045  27.265737     8.0149     8.0021     0.9520    92.2707 2.1639e-01  -68.03010  -69.28440 338.395823      99.98 1.4103e+02   1839.083      44139         13  0.000e+00
     47.752     47.269    -1.1079  27.264143    -1.1052  27.267187     8.0256     8.0062     0.9520    92.2707 2.1639e-01  -68.03010  -69.28440 338.395823      99.98 1.4103e+02   1839.125      44140         13  0.000e+00
     47.704     47.222    -1.1069  27.264485    -1.1053  27.267800     8.0299     8.0064     0.9520    92.2707 2.1639e-01  -68.03010  -69.28440 338.395824      99.98 1.4103e+02   1839.167      44141         13  0.000e+00
     47.711     47.228    -1.1071  27.264371    -1.1053  27.268525     8.0193     8.0055     0.9520    92.2707 2.1888e-01  -68.03010  -69.28440 338.395824      99.95 1.4103e+02   1839.208      44142         13  0.000e+00
     47.704     47.222    -1.1073  27.264199    -1.1026  27.269416     8.0114     8.0050     0.9520    92.2707 2.1888e-01  -68.03010  -69.28440 338.395825      99.98 1.4103e+02   1839.250      44143         13  0.000e+00
     47.704     47.222    -1.1076  27.264257    -1.0996  27.270364     8.0155     8.0034     0.9520    92.2707 2.1888e-01  -68.03010  -69.28440 338.395825      99.98 1.4103e+02   1839.292      44144         13  0.000e+00
     47.663     47.181    -1.1082  27.264428    -1.0983  27.270921     8.0087     8.0019     0.9520    92.2707 2.1888e-01  -68.03010  -69.28440 338.395826      99.98 1.4103e+02   1839.333      44145         13  0.000e+00
     47.650     47.167    -1.1083  27.264142    -1.0954  27.272035     8.0003     8.0000     0.9520    92.2707 2.2138e-01  -68.03010  -69.28440 338.395826      99.93 1.4103e+02   1839.375      44146         13  0.000e+00
     47.704     47.222    -1.1074  27.264770    -1.0946  27.272147     7.9962     7.9986     0.9520    92.2707 2.2138e-01  -68.03010  -69.28440 338.395827      99.95 1.4103e+02   1839.417      44147         13  0.000e+00
     47.609     47.127    -1.1053  27.266197    -1.0957  27.272091     7.9915     7.9982     0.9520    92.2707 2.2138e-01  -68.03010  -69.28440 338.395827      99.98 1.4103e+02   1839.458      44148         13  0.000e+00
     47.650     47.168    -1.1043  27.266025    -1.0969  27.272091     7.9811     7.9979     0.9520    92.2707 2.2138e-01  -68.03010  -69.28440 338.395828      99.98 1.4103e+02   1839.500      44149         13  0.000e+00
     47.602     47.120    -1.1040  27.266368    -1.0960  27.271924     7.9738     7.9914     0.9520    92.2707 2.2138e-01  -68.03010  -69.28440 338.395828      99.98 1.4103e+02   1839.542      44150         13  0.000e+00
     47.602     47.120    -1.1036  27.267224    -1.0954  27.271645     7.9693     7.9954     0.9520    92.2707 2.2138e-01  -68.03010  -69.28440 338.395829      99.98 1.4103e+02   1839.583      44151         13  0.000e+00
     47.609     47.127    -1.1020  27.268708    -1.0964  27.270029     7.9706     7.9950     0.9520    92.2707 2.2389e-01  -68.03010  -69.28440 338.395829      99.98 1.4103e+02   1839.625      44152         13  0.000e+00
     47.602     47.120    -1.0991  27.271162    -1.1003  27.267966     7.9594     7.9950     0.9520    92.2707 2.2389e-01  -68.03010  -69.28440 338.395829      99.98 1.4103e+02   1839.667      44153         13  0.000e+00
     47.602     47.120    -1.0978  27.272988    -1.1031  27.266294     7.9606     7.9957     0.9520    92.2707 2.2640e-01  -68.03010  -69.28440 338.395830      99.95 1.4103e+02   1839.708      44154         13  0.000e+00
     47.506     47.025    -1.0946  27.275442    -1.1042  27.265347     7.9626     7.9959     0.9520    92.2707 2.2640e-01  -68.03010  -69.28440 338.395830      99.98 1.4103e+02   1839.750      44155         13  0.000e+00
     47.547     47.066    -1.0933  27.276584    -1.1046  27.265347     7.9665     7.9960     0.9447    92.2707 2.2640e-01  -68.03010  -69.28440 338.395831      99.98 1.4103e+02   1839.792      44156         13  0.000e+00
     47.547     47.066    -1.0927  27.277098    -1.1048  27.266183     7.9718     7.9959     0.9007    92.2707 2.2640e-01  -68.03010  -69.28440 338.395831      99.98 1.4103e+02   1839.833      44157         13  0.000e+00
     47.506     47.025    -1.0909  27.276869    -1.1041  27.266629     7.9736     7.9955     0.8861    92.2707 2.2640e-01  -68.03010  -69.28440 338.395832      99.95 1.4103e+02   1839.875      44158         13  0.000e+00
     47.547     47.066    -1.0910  27.276926    -1.1040  27.266685     7.9651     7.9954     0.8787    92.2707 2.2640e-01  -68.03010  -69.28440 338.395832      99.95 1.4103e+02   1839.917      44159         13  0.000e+00
     47.499     47.019    -1.0910  27.276755    -1.1039  27.266294     7.9656     7.9942     0.8861    92.2707 2.2640e-01  -68.03010  -69.28440 338.395833      99.98 1.4103e+02   1839.958      44160         13  0.000e+00
     47.499     47.019    -1.0912  27.275956    -1.1048  27.266350     7.9603     7.9941     0.8861    92.2707 2.2892e-01  -68.03010  -69.28440 338.395833      99.98 1.4103e+02   1840.000      44161         13  0.000e+00
     47.458     46.978    -1.0923  27.275442    -1.1053  27.266517     7.9493     7.9939     0.8861    92.2707 2.2892e-01  -68.03010  -69.28440 338.395834      99.98 1.4103e+02   1840.042      44162         13  0.000e+00
     47.451     46.971    -1.0932  27.274700    -1.1039  27.267242     7.9461     7.9932     0.8861    92.2707 2.2892e-01  -68.03010  -69.28440 338.395834      99.98 1.4103e+02   1840.083      44163         13  0.000e+00
     47.452     46.971    -1.0941  27.273844    -1.1037  27.268022     7.9492     7.9927     0.8861    92.2707 2.3145e-01  -68.03010  -69.28440 338.395835      99.98 1.4103e+02   1840.125      44164         13  0.000e+00
     47.458     46.978    -1.0954  27.273159    -1.1027  27.269583     7.9478     7.9920     0.8861    92.2707 2.3145e-01  -68.03010  -69.28440 338.395835      99.98 1.4103e+02   1840.167      44165         13  0.000e+00
     47.452     46.971    -1.0958  27.273501    -1.1002  27.272537     7.9478     7.9918     0.8861    92.2449 2.3145e-01  -68.03010  -69.28440 338.395836      99.95 1.4103e+02   1840.208      44166         13  0.000e+00
     47.397     46.917    -1.0964  27.272816    -1.0969  27.274934     7.9405     7.9914     0.8861    92.1419 2.3145e-01  -68.03010  -69.28440 338.395836      99.98 1.4103e+02   1840.250      44167         13  0.000e+00
     47.411     46.931    -1.0977  27.271618    -1.0942  27.276439     7.9428     7.9903     0.8861    92.0904 2.3399e-01  -68.03010  -69.28440 338.395837      99.98 1.4103e+02   1840.292      44168         13  0.000e+00
     47.397     46.917    -1.0978  27.271104    -1.0917  27.277944     7.9387     7.9892     0.8861    92.0904 2.3399e-01  -68.03010  -69.28440 338.395837      99.98 1.4103e+02   1840.333      44169         13  0.000e+00
     47.349     46.870    -1.0978  27.271561    -1.0911  27.277721     7.9360     7.9885     0.8861    92.0904 2.3399e-01  -68.03010  -69.28440 338.395838      99.93 1.4103e+02   1840.375      44170         13  0.000e+00
     47.349     46.870    -1.0977  27.272017    -1.0911  27.277553     7.9274     7.9824     0.8861    92.0904 2.3399e-01  -68.03010  -69.28440 338.395838      99.95 1.4103e+02   1840.417      44171         13  0.000e+00
     47.411     46.931    -1.0977  27.272017    -1.0890  27.278111     7.9296     7.9861     0.8861    92.0904 2.3653e-01  -68.03010  -69.28440 338.395839      99.98 1.4103e+02   1840.458      44172         13  0.000e+00
     47.349     46.870    -1.0972  27.272474    -1.0873  27.278501     7.9286     7.9851     0.8861    92.0904 2.3653e-01  -68.03010  -69.28440 338.395839      99.98 1.4103e+02   1840.500      44173         13  0.000e+00
     47.294     46.816    -1.0966  27.272816    -1.0865  27.278891     7.9291     7.9842     0.8861    92.0904 2.3653e-01  -68.03010  -69.28440 338.395840      99.98 1.4103e+02   1840.542      44174         13  0.000e+00
     47.308     46.829    -1.0959  27.274186    -1.0865  27.278668     7.9298     7.9836     0.8861    92.0904 2.3908e-01  -68.03010  -69.28440 338.395840      99.98 1.4103e+02   1840.583      44175         13  0.000e+00
     47.349     46.870    -1.0946  27.275042    -1.0871  27.278891     7.9350     7.9839     0.8861    92.0904 2.3908e-01  -68.03010  -69.28440 338.395841      99.98 1.4103e+02   1840.625      44176         14  0.000e+00
     47.246     46.768    -1.0930  27.275727    -1.0864  27.279448     7.9342     7.9829     0.8861    92.0904 2.3908e-01  -68.03010  -69.28440 338.395841      99.95 1.4103e+02   1840.667      44177         14  0.000e+00
     47.308     46.829    -1.0926  27.275384    -1.0840  27.280563     7.9338     7.9817     0.8861    92.0904 2.4164e-01  -68.03010  -69.28440 338.395842      99.95 1.4103e+02   1840.708      44178         14  0.000e+00
     47.246     46.768    -1.0927  27.275384    -1.0821  27.281845     7.9393     7.9804     0.8861    92.0904 2.3908e-01  -68.03010  -69.28440 338.395842      99.98 1.4103e+02   1840.750      44179         14  0.000e+00
     47.246     46.768    -1.0929  27.275213    -1.0815  27.281789     7.9388     7.9804     0.8861    92.0904 2.4164e-01  -68.03010  -69.28438 338.395842      99.98 1.4103e+02   1840.792      44180         14  0.000e+00
     47.294     46.816    -1.0923  27.275556    -1.0831  27.280842     7.9381     7.9809     0.8861    92.0904 2.4164e-01  -68.03010  -69.28438 338.395843      99.98 1.4103e+02   1840.833      44181         14  0.000e+00
     47.253     46.775    -1.0924  27.275441    -1.0830  27.280953     7.9388     7.9810     0.8861    92.0904 2.4164e-01  -68.03010  -69.28438 338.395843      99.93 1.4103e+02   1840.875      44182         14  0.000e+00
     47.199     46.721    -1.0923  27.275612    -1.0821  27.281287     7.9378     7.9808     0.8934    92.0904 2.4164e-01  -68.03010  -69.28438 338.395844      99.95 1.4103e+02   1840.917      44183         14  0.000e+00
     47.199     46.721    -1.0923  27.275555    -1.0814  27.282179     7.9384     7.9807     0.9007    92.0904 2.4420e-01  -68.03010  -69.28438 338.395844      99.98 1.4103e+02   1840.958      44184         14  0.000e+00
     47.253     46.775    -1.0918  27.275384    -1.0797  27.282625     7.9329     7.9805     0.9007    92.0904 2.4420e-01  -68.03010  -69.28438 338.395845      99.98 1.4103e+02   1841.000      44185         14  0.000e+00
     47.199     46.721    -1.0919  27.275612    -1.0797  27.282681     7.9288     7.9806     0.9007    92.0904 2.4420e-01  -68.03010  -69.28438 338.395845      99.98 1.4103e+02   1841.042      44186         14  0.000e+00
     47.199     46.721    -1.0923  27.275270    -1.0805  27.282848     7.9417     7.9809     0.9007    92.0389 2.4677e-01  -68.03010  -69.28438 338.395846      99.98 1.4103e+02   1841.083      44187         14  0.000e+00
     47.144     46.667    -1.0924  27.275784    -1.0814  27.282737     7.9468     7.9801     0.9007    92.0132 2.4677e-01  -68.03010  -69.28438 338.395846      99.98 1.4103e+02   1841.125      44188         14  0.000e+00
     47.206     46.728    -1.0919  27.276183    -1.0817  27.282291     7.9475     7.9804     0.9007    91.9874 2.4677e-01  -68.03010  -69.28438 338.395847      99.98 1.4103e+02   1841.167      44189         14  0.000e+00
     47.199     46.721    -1.0906  27.276411    -1.0813  27.282514     7.9468     7.9803     0.9007    91.9874 2.4677e-01  -68.03010  -69.28438 338.395847      99.95 1.4103e+02   1841.208      44190         14  0.000e+00
     47.144     46.667    -1.0893  27.277096    -1.0812  27.282681     7.9479     7.9803     0.9007    91.9874 2.4935e-01  -68.03010  -69.28438 338.395848      99.98 1.4103e+02   1841.250      44191         14  0.000e+00
     47.158     46.681    -1.0883  27.277439    -1.0808  27.282848     7.9419     7.9803     0.9007    91.9874 2.4935e-01  -68.03010  -69.28438 338.395848      99.98 1.4103e+02   1841.292      44192         14  0.000e+00
     47.144     46.667    -1.0878  27.277496    -1.0801  27.283294     7.9362     7.9802     0.9007    92.0132 2.4935e-01  -68.03010  -69.28438 338.395849      99.98 1.4103e+02   1841.333      44193         14  0.000e+00
     47.144     46.667    -1.0873  27.277724    -1.0788  27.284019     7.9279     7.9800     0.9007    91.9874 2.4935e-01  -68.03010  -69.28438 338.395849      99.93 1.4103e+02   1841.375      44194         14  0.000e+00
     47.103     46.626    -1.0868  27.278181    -1.0783  27.284019     7.9349     7.9799     0.9007    91.9874 2.4935e-01  -68.03010  -69.28438 338.395850      99.95 1.4103e+02   1841.417      44195         14  0.000e+00
     47.144     46.667    -1.0864  27.278466    -1.0787  27.283796     7.9270     7.9801     0.9007    92.0132 2.4935e-01  -68.03010  -69.28438 338.395850      99.98 1.4103e+02   1841.458      44196         14  0.000e+00
     47.144     46.667    -1.0858  27.278523    -1.0782  27.283907     7.9238     7.9801     0.9007    91.9874 2.5193e-01  -68.03010  -69.28438 338.395851      99.98 1.4103e+02   1841.500      44197         14  0.000e+00
     47.096     46.620    -1.0864  27.279151    -1.0783  27.283796     7.9195     7.9802     0.9007    91.9874 2.5193e-01  -68.03010  -69.28438 338.395851      99.98 1.4103e+02   1841.542      44198         14  0.000e+00
     47.103     46.627    -1.0870  27.280749    -1.0784  27.283517     7.9212     7.9793     0.9007    92.0132 2.5193e-01  -68.03010  -69.28438 338.395852      99.98 1.4103e+02   1841.583      44199         14  0.000e+00
     47.144     46.667    -1.0871  27.283090    -1.0786  27.283461     7.9243     7.9795     0.9007    91.9874 2.5193e-01  -68.03010  -69.28438 338.395852      99.98 1.4103e+02   1841.625      44200         14  0.000e+00
     47.096     46.620    -1.0851  27.285488    -1.0791  27.283238     7.9298     7.9796     0.9007    91.9874 2.5193e-01  -68.03010  -69.28438 338.395853      99.95 1.4103e+02   1841.667      44201         14  0.000e+00
     47.103     46.627    -1.0766  27.287828    -1.0803  27.282792     7.9281     7.9799     0.9007    91.9874 2.5193e-01  -68.03010  -69.28438 338.395853      99.95 1.4103e+02   1841.708      44202         14  0.000e+00
     47.042     46.566    -1.0687  27.289597    -1.0811  27.282067     7.9398     7.9801     0.9007    91.9874 2.5453e-01  -68.03010  -69.28438 338.395854      99.98 1.4103e+02   1841.750      44203         14  0.000e+00
