NBP2113_155081_ctd/data/nbp2113_066.cnv
* Sea-Bird SBE 9 Data File:
* FileName = D:\Data\raw\NBP2113_066.hex
* Software Version Seasave V 7.26.7.121
* Temperature SN = 2438
* Conductivity SN = 2067
* Number of Bytes Per Scan = 40
* Number of Voltage Words = 5
* Number of Scans Averaged by the Deck Unit = 1
* NMEA Latitude = 64 10.22 S
* NMEA Longitude = 061 54.36 W
* NMEA UTC (Time) = Dec 14 2021  16:02:10
* NMEA baud rate = 9600
** Ship: RVIB N.B. Palmer
** Cruise: NBP2113 LTER
** Station: 742.003
** Operator: S. Blackman
# nquan = 25
# nvalues = 1546                        
# units = specified
# name 0 = prDM: Pressure, Digiquartz [db]
# name 1 = depSM: Depth [salt water, m]
# name 2 = t090C: Temperature [ITS-90, deg C]
# name 3 = c0mS/cm: Conductivity [mS/cm]
# name 4 = t190C: Temperature, 2 [ITS-90, deg C]
# name 5 = c1mS/cm: Conductivity, 2 [mS/cm]
# name 6 = sbeox0ML/L: Oxygen, SBE 43 [ml/l]
# name 7 = sbeox1ML/L: Oxygen, SBE 43, 2 [ml/l]
# name 8 = flECO-AFL: Fluorescence, WET Labs ECO-AFL/FL [mg/m^3]
# name 9 = CStarTr0: Beam Transmission, WET Labs C-Star [%]
# name 10 = par: PAR/Irradiance, Biospherical/Licor
# name 11 = latitude: Latitude [deg]
# name 12 = longitude: Longitude [deg]
# name 13 = timeJ: Julian Days
# name 14 = altM: Altimeter [m]
# name 15 = spar: SPAR, Biospherical/Licor
# name 16 = timeS: Time, Elapsed [seconds]
# name 17 = scan: Scan Count
# name 18 = density00: Density [density, kg/m^3]
# name 19 = density11: Density, 2 [density, kg/m^3]
# name 20 = sal00: Salinity, Practical [PSU]
# name 21 = sal11: Salinity, Practical, 2 [PSU]
# name 22 = oxsolML/L: Oxygen Saturation, Garcia & Gordon [ml/l]
# name 23 = nbin: number of scans per bin
# name 24 = flag: flag
# span 0 =      1.000,    775.000       
# span 1 =      0.991,    766.018       
# span 2 =    -0.7053,     0.5043       
# span 3 =  28.146436,  29.050659       
# span 4 =    -0.7051,     0.5053       
# span 5 =  28.145917,  29.049858       
# span 6 =     5.3905,     7.7348       
# span 7 =     5.4708,     7.6224       
# span 8 =    -0.0297,     1.0918       
# span 9 =    82.2938,    90.0732       
# span 10 = 1.0000e-12, 9.6430e+02      
# span 11 =  -64.17042,  -64.16752      
# span 12 =  -61.90650,  -61.90474      
# span 13 = 348.671590, 348.704916      
# span 14 =       9.42,     100.46      
# span 15 = 7.8250e+02, 2.4575e+03      
# span 16 =    295.381,   3174.784      
# span 17 =       7090,      76196      
# span 18 =  1027.3111,  1031.4359      
# span 19 =  1027.3106,  1031.4348      
# span 20 =    34.0285,    34.5482      
# span 21 =    34.0265,    34.5470      
# span 22 =    7.95974,    8.19137      
# span 23 =         12,         63      
# span 24 = 0.0000e+00, 0.0000e+00      
# interval = decibars: 1                
# start_time = Dec 14 2021 16:02:10 [NMEA time, header]
# bad_flag = -9.990e-29
*END*
[from data line 638]
    642.000    634.760    -0.4631  28.589804    -0.4666  28.586042     5.9110     5.9819    -0.0288    89.7987 1.0000e-12  -64.16970  -61.90522 348.681587      99.97 9.2904e+02   1159.145      27820  1030.8081  1030.8076    34.5421    34.5410    8.13400         26 0.0000e+00
    643.000    635.747    -0.4441  28.607897    -0.4489  28.601737     5.9205     5.9850    -0.0212    89.8193 1.0000e-12  -64.16970  -61.90522 348.681600      99.97 9.2904e+02   1160.208      27846  1030.8127  1030.8109    34.5441    34.5414    8.12982         25 0.0000e+00
    644.000    636.736    -0.4411  28.612857    -0.4395  28.612202     5.9301     5.9884    -0.0123    89.8059 1.0000e-12  -64.16970  -61.90522 348.681612      99.97 9.3010e+02   1161.253      27871  1030.8192  1030.8169    34.5468    34.5441    8.12902         25 0.0000e+00
    645.000    637.721    -0.4616  28.593717    -0.4600  28.595452     5.9396     5.9914    -0.0284    89.8428 1.0000e-12  -64.16970  -61.90522 348.681624      99.97 9.3079e+02   1162.299      27896  1030.8234  1030.8236    34.5438    34.5443    8.13358         26 0.0000e+00
    646.000    638.710    -0.4650  28.590607    -0.4606  28.594109     5.9561     6.0030    -0.0064    89.8346 1.0000e-12  -64.16970  -61.90522 348.681637      99.97 9.3080e+02   1163.426      27923  1030.8278  1030.8270    34.5430    34.5426    8.13437         28 0.0000e+00
    647.000    639.696    -0.4749  28.583104    -0.4750  28.581983     5.9615     6.0005    -0.0183    89.8396 1.0000e-12  -64.16970  -61.90522 348.681652      99.97 9.3080e+02   1164.732      27955  1030.8337  1030.8326    34.5435    34.5421    8.13646         34 0.0000e+00
    648.000    640.684    -0.4811  28.577164    -0.4810  28.576180     5.9604     6.0038    -0.0152    89.8275 1.0000e-12  -64.16970  -61.90522 348.681668      99.97 9.3080e+02   1166.108      27988  1030.8376  1030.8364    34.5420    34.5405    8.13786         31 0.0000e+00
    649.000    641.671    -0.4811  28.577484    -0.4802  28.577657     5.9495     6.0116    -0.0201    89.8253 1.0000e-12  -64.16970  -61.90522 348.681682      99.97 9.3080e+02   1167.326      28017  1030.8421  1030.8413    34.5418    34.5410    8.13788         28 0.0000e+00
    650.000    642.658    -0.4820  28.577667    -0.4831  28.575577     5.9540     6.0134    -0.0077    89.8353 1.0000e-12  -64.16970  -61.90522 348.681695      99.97 9.3080e+02   1168.441      28044  1030.8473  1030.8462    34.5425    34.5410    8.13803         26 0.0000e+00
    651.000    643.645    -0.4838  28.575943    -0.4841  28.575040     5.9409     6.0099    -0.0053    89.8311 1.0000e-12  -64.16970  -61.90522 348.681708      99.97 9.3099e+02   1169.535      28070  1030.8514  1030.8507    34.5416    34.5407    8.13846         27 0.0000e+00
    652.000    644.632    -0.4828  28.577434    -0.4824  28.576995     5.9424     6.0099    -0.0166    89.8309 1.0000e-12  -64.16970  -61.90522 348.681721      99.97 9.3252e+02   1170.658      28097  1030.8562  1030.8553    34.5419    34.5408    8.13823         28 0.0000e+00
    653.000    645.620    -0.4860  28.575378    -0.4864  28.573979     5.9546     6.0157    -0.0213    89.7973 1.0000e-12  -64.16970  -61.90522 348.681734      99.97 9.3256e+02   1171.839      28125  1030.8613  1030.8603    34.5421    34.5408    8.13890         28 0.0000e+00
    654.000    646.607    -0.4872  28.574390    -0.4868  28.574040     5.9583     6.0199    -0.0212    89.8369 1.0000e-12  -64.16970  -61.90521 348.681748      99.97 9.3256e+02   1173.051      28154  1030.8657  1030.8649    34.5416    34.5407    8.13920         30 0.0000e+00
    655.000    647.593    -0.4887  28.573475    -0.4893  28.571954     5.9554     6.0165    -0.0199    89.8475 1.0000e-12  -64.16970  -61.90522 348.681763      99.97 9.3256e+02   1174.287      28184  1030.8703  1030.8694    34.5415    34.5402    8.13952         29 0.0000e+00
    656.000    648.582    -0.4871  28.575355    -0.4875  28.574295     5.9567     6.0246    -0.0205    89.8456 1.0000e-12  -64.16970  -61.90521 348.681776      99.97 9.3433e+02   1175.478      28212  1030.8749  1030.8742    34.5416    34.5406    8.13917         28 0.0000e+00
    657.000    649.569    -0.4899  28.573722    -0.4917  28.571155     5.9515     6.0215    -0.0139    89.8302 1.0000e-12  -64.16970  -61.90521 348.681790      99.97 9.3433e+02   1176.623      28240  1030.8801  1030.8793    34.5420    34.5406    8.13975         27 0.0000e+00
    658.000    650.554    -0.4961  28.568306    -0.4978  28.566189     5.9543     6.0223    -0.0150    89.8492 1.0000e-12  -64.16970  -61.90520 348.681803      99.97 9.3433e+02   1177.746      28267  1030.8847  1030.8842    34.5411    34.5403    8.14112         27 0.0000e+00
    659.000    651.544    -0.4955  28.569082    -0.4956  28.568220     5.9644     6.0244    -0.0211    89.8502 1.0000e-12  -64.16970  -61.90520 348.681816      99.96 9.3433e+02   1178.915      28295  1030.8892  1030.8884    34.5409    34.5399    8.14101         29 0.0000e+00
    660.000    652.528    -0.4969  28.568825    -0.4974  28.567345     5.9667     6.0223    -0.0195    89.8502 1.0000e-12  -64.16970  -61.90520 348.681831      99.97 9.3433e+02   1180.166      28325  1030.8945  1030.8933    34.5416    34.5401    8.14127         31 0.0000e+00
    661.000    653.518    -0.5080  28.559321    -0.5051  28.560925     5.9700     6.0247    -0.0148    89.8456 1.0000e-12  -64.16970  -61.90520 348.681845      99.97 9.3439e+02   1181.386      28354  1030.8995  1030.8983    34.5408    34.5397    8.14370         28 0.0000e+00
    662.000    654.505    -0.5011  28.564485    -0.5020  28.563365     5.9821     6.0308    -0.0150    89.8398 1.0000e-12  -64.16970  -61.90520 348.681858      99.97 9.3581e+02   1182.523      28382  1030.9024  1030.9021    34.5393    34.5389    8.14230         27 0.0000e+00
    663.000    655.489    -0.5128  28.556620    -0.5137  28.554717     5.9871     6.0347    -0.0147    89.8500 1.0000e-12  -64.16970  -61.90520 348.681871      99.97 9.3609e+02   1183.670      28409  1030.9098  1030.9087    34.5414    34.5400    8.14469         28 0.0000e+00
    664.000    656.479    -0.5167  28.552182    -0.5169  28.551039     5.9714     6.0363    -0.0098    89.8318 1.0000e-12  -64.16970  -61.90520 348.681885      99.97 9.3609e+02   1184.850      28437  1030.9130  1030.9121    34.5393    34.5381    8.14565         28 0.0000e+00
    665.000    657.464    -0.5157  28.553087    -0.5170  28.551480     5.9559     6.0358    -0.0055    89.8214 1.0000e-12  -64.16970  -61.90520 348.681898      99.97 9.3609e+02   1186.015      28465  1030.9172  1030.9168    34.5388    34.5382    8.14546         27 0.0000e+00
    666.000    658.453    -0.5123  28.557385    -0.5146  28.554197     5.9693     6.0386    -0.0116    89.8055 1.0000e-12  -64.16970  -61.90520 348.681912      99.97 9.3609e+02   1187.192      28494  1030.9225  1030.9215    34.5401    34.5385    8.14466         30 0.0000e+00
    667.000    659.439    -0.5081  28.561352    -0.5111  28.558325     5.9783     6.0386    -0.0201    89.8451 1.0000e-12  -64.16970  -61.90520 348.681926      99.97 9.3609e+02   1188.393      28522  1030.9269  1030.9265    34.5401    34.5395    8.14376         27 0.0000e+00
    668.000    660.427    -0.5217  28.549278    -0.5212  28.548649     5.9789     6.0393    -0.0211    89.8377 1.0000e-12  -64.16970  -61.90520 348.681939      99.97 9.3609e+02   1189.551      28550  1030.9317  1030.9306    34.5388    34.5374    8.14676         29 0.0000e+00
    669.000    661.413    -0.5133  28.557644    -0.5146  28.555615     5.9699     6.0375    -0.0214    89.8305 1.0000e-12  -64.16970  -61.90520 348.681953      99.97 9.3609e+02   1190.757      28579  1030.9364  1030.9356    34.5398    34.5386    8.14489         30 0.0000e+00
    670.000    662.400    -0.5156  28.555775    -0.5166  28.554343     5.9767     6.0437    -0.0209    89.8162 1.0000e-12  -64.16969  -61.90520 348.681968      99.97 9.3621e+02   1192.017      28609  1030.9409  1030.9404    34.5394    34.5386    8.14541         29 0.0000e+00
    671.000    663.387    -0.5220  28.550904    -0.5222  28.549950     5.9787     6.0403    -0.0141    89.8245 1.0000e-12  -64.16968  -61.90520 348.681981      99.97 9.3773e+02   1193.161      28637  1030.9463  1030.9454    34.5395    34.5384    8.14678         26 0.0000e+00
    672.000    664.375    -0.5276  28.546165    -0.5288  28.544373     5.9872     6.0465    -0.0147    89.8244 1.0000e-12  -64.16968  -61.90520 348.681994      99.97 9.3785e+02   1194.260      28663  1030.9510  1030.9502    34.5389    34.5378    8.14801         28 0.0000e+00
    673.000    665.362    -0.5297  28.544641    -0.5298  28.543711     5.9918     6.0471    -0.0211    89.8350 1.0000e-12  -64.16968  -61.90518 348.682008      99.97 9.3785e+02   1195.450      28692  1030.9556  1030.9547    34.5386    34.5375    8.14848         29 0.0000e+00
    674.000    666.349    -0.5309  28.543964    -0.5317  28.542182     5.9940     6.0499    -0.0191    89.8100 1.0000e-12  -64.16968  -61.90518 348.682022      99.97 9.3785e+02   1196.676      28721  1030.9603  1030.9591    34.5385    34.5370    8.14875         29 0.0000e+00
    675.000    667.336    -0.5299  28.545202    -0.5284  28.545744     5.9871     6.0538    -0.0170    89.8176 1.0000e-12  -64.16968  -61.90518 348.682036      99.97 9.3809e+02   1197.893      28750  1030.9647  1030.9639    34.5384    34.5375    8.14853         30 0.0000e+00
    676.000    668.323    -0.5340  28.542378    -0.5366  28.539316     6.0001     6.0561    -0.0175    89.8446 1.0000e-12  -64.16968  -61.90518 348.682050      99.97 9.3956e+02   1199.090      28779  1030.9700  1030.9693    34.5387    34.5375    8.14940         27 0.0000e+00
    677.000    669.308    -0.5367  28.539995    -0.5359  28.539757     6.0011     6.0577    -0.0097    89.8522 1.0000e-12  -64.16968  -61.90518 348.682062      99.97 9.3962e+02   1200.187      28805  1030.9744  1030.9733    34.5380    34.5367    8.15003         26 0.0000e+00
    678.000    670.298    -0.5426  28.535616    -0.5420  28.535263     5.9995     6.0570    -0.0128    89.8502 1.0000e-12  -64.16968  -61.90518 348.682075      99.80 9.3962e+02   1201.269      28831  1030.9797  1030.9788    34.5381    34.5371    8.15127         26 0.0000e+00
    679.000    671.284    -0.5427  28.535436    -0.5430  28.534270     5.9979     6.0589    -0.0168    89.8322 1.0000e-12  -64.16968  -61.90518 348.682088      99.56 9.3962e+02   1202.430      28859  1030.9837  1030.9829    34.5374    34.5362    8.15133         29 0.0000e+00
    680.000    672.271    -0.5461  28.533366    -0.5468  28.531733     6.0043     6.0588    -0.0138    89.8062 1.0000e-12  -64.16968  -61.90518 348.682102      99.38 9.3962e+02   1203.655      28889  1030.9892  1030.9881    34.5380    34.5366    8.15205         30 0.0000e+00
    681.000    673.258    -0.5479  28.531794    -0.5483  28.530552     6.0041     6.0602    -0.0184    89.8023 1.0000e-12  -64.16968  -61.90518 348.682116      99.19 9.3962e+02   1204.854      28917  1030.9935  1030.9924    34.5373    34.5360    8.15248         28 0.0000e+00
    682.000    674.245    -0.5486  28.531798    -0.5484  28.530960     6.0022     6.0615    -0.0150    89.8049 1.0000e-12  -64.16968  -61.90518 348.682130      98.16 9.4004e+02   1206.042      28946  1030.9983  1030.9972    34.5375    34.5362    8.15260         29 0.0000e+00
    683.000    675.231    -0.5484  28.532247    -0.5486  28.531082     5.9853     6.0611    -0.0205    89.8194 1.0000e-12  -64.16968  -61.90518 348.682144      96.86 9.4139e+02   1207.282      28976  1031.0028  1031.0017    34.5373    34.5360    8.15258         30 0.0000e+00
    684.000    676.219    -0.5484  28.532667    -0.5486  28.531679     5.9938     6.0623    -0.0160    89.8367 1.0000e-12  -64.16968  -61.90518 348.682159      97.13 9.4138e+02   1208.500      29005  1031.0074  1031.0065    34.5373    34.5361    8.15258         28 0.0000e+00
    685.000    677.205    -0.5482  28.533467    -0.5484  28.532215     5.9942     6.0641    -0.0291    89.7668 1.0000e-12  -64.16968  -61.90518 348.682171      94.99 9.4138e+02   1209.616      29032  1031.0122  1031.0111    34.5375    34.5361    8.15252         27 0.0000e+00
    686.000    678.193    -0.5487  28.533384    -0.5494  28.531888     5.9943     6.0630    -0.0280    89.7973 1.0000e-12  -64.16968  -61.90518 348.682184      94.19 9.4191e+02   1210.714      29058  1031.0169  1031.0160    34.5374    34.5362    8.15264         26 0.0000e+00
    687.000    679.179    -0.5501  28.532645    -0.5501  28.531409     5.9839     6.0648    -0.0181    89.8154 1.0000e-12  -64.16968  -61.90518 348.682198      93.08 9.4315e+02   1211.867      29086  1031.0217  1031.0204    34.5373    34.5357    8.15293         28 0.0000e+00
    688.000    680.168    -0.5494  28.533730    -0.5497  28.532460     5.9842     6.0658    -0.0103    89.7950 1.0000e-12  -64.16968  -61.90518 348.682211      92.56 9.4314e+02   1213.074      29115  1031.0264  1031.0253    34.5374    34.5360    8.15279         30 0.0000e+00
    689.000    681.152    -0.5528  28.531352    -0.5534  28.529789     6.0012     6.0637    -0.0217    89.8211 1.0000e-12  -64.16968  -61.90518 348.682226      91.45 9.4314e+02   1214.316      29145  1031.0314  1031.0303    34.5375    34.5361    8.15351         30 0.0000e+00
    690.000    682.141    -0.5536  28.530861    -0.5538  28.529683     6.0032     6.0645    -0.0216    89.8291 1.0000e-12  -64.16968  -61.90518 348.682240      90.00 9.4466e+02   1215.527      29174  1031.0359  1031.0349    34.5372    34.5359    8.15371         28 0.0000e+00
    691.000    683.129    -0.5536  28.531129    -0.5539  28.530131     5.9979     6.0634    -0.0079    89.8115 1.0000e-12  -64.16968  -61.90518 348.682253      89.35 9.4490e+02   1216.652      29201  1031.0405  1031.0396    34.5370    34.5359    8.15372         26 0.0000e+00
    692.000    684.114    -0.5533  28.531894    -0.5535  28.530835     5.9936     6.0608    -0.0097    89.8165 1.0000e-12  -64.16968  -61.90518 348.682265      88.07 9.4490e+02   1217.727      29226  1031.0451  1031.0441    34.5371    34.5358    8.15365         26 0.0000e+00
    693.000    685.102    -0.5539  28.531958    -0.5535  28.531309     6.0001     6.0620    -0.0213    89.7891 1.0000e-12  -64.16968  -61.90518 348.682279      87.69 9.4490e+02   1218.868      29254  1031.0500  1031.0489    34.5372    34.5359    8.15376         29 0.0000e+00
    694.000    686.089    -0.5544  28.531866    -0.5545  28.530797     6.0062     6.0662    -0.0167    89.7953 1.0000e-12  -64.16968  -61.90518 348.682293      86.25 9.4490e+02   1220.118      29284  1031.0546  1031.0536    34.5370    34.5358    8.15388         31 0.0000e+00
    695.000    687.076    -0.5546  28.532154    -0.5554  28.530556     6.0002     6.0664    -0.0132    89.8173 1.0000e-12  -64.16968  -61.90518 348.682308      85.60 9.4629e+02   1221.377      29314  1031.0593  1031.0584    34.5370    34.5358    8.15392         29 0.0000e+00
    696.000    688.062    -0.5554  28.531890    -0.5563  28.530099     6.0009     6.0678    -0.0145    89.8189 1.0000e-12  -64.16968  -61.90518 348.682321      84.91 9.4667e+02   1222.572      29343  1031.0641  1031.0630    34.5371    34.5356    8.15410         28 0.0000e+00
    697.000    689.049    -0.5562  28.531580    -0.5563  28.530765     5.9984     6.0682    -0.0189    89.8063 1.0000e-12  -64.16968  -61.90518 348.682335      84.18 9.4680e+02   1223.714      29370  1031.0688  1031.0680    34.5370    34.5360    8.15428         27 0.0000e+00
    698.000    690.037    -0.5568  28.531521    -0.5570  28.530411     6.0027     6.0657    -0.0145    89.8363 1.0000e-12  -64.16968  -61.90518 348.682348      83.10 9.4842e+02   1224.850      29397  1031.0735  1031.0725    34.5369    34.5356    8.15440         28 0.0000e+00
