NBP2113_155081_ctd/data/nbp2113_004.ros
* Sea-Bird SBE 9 Data File:
* FileName = D:\Data\raw\NBP2113_004.hex
* Software Version Seasave V 7.26.7.121
* Temperature SN = 2438
* Conductivity SN = 2067
* Number of Bytes Per Scan = 40
* Number of Voltage Words = 5
* Number of Scans Averaged by the Deck Unit = 1
* NMEA Latitude = 63 46.12 S
* NMEA Longitude = 062 51.59 W
* NMEA UTC (Time) = Nov 23 2021  06:30:17
* NMEA baud rate = 9600
** Ship: RVIB N.B. Palmer
** Cruise: NBP2113 LTER
** Station: 747.068
** Operator: B. Urmston
# nquan = 20
# nvalues = 1127                                  
# units = specified
# name 0 = prDM: Pressure, Digiquartz [db]
# name 1 = depSM: Depth [salt water, m]
# name 2 = t090C: Temperature [ITS-90, deg C]
# name 3 = c0mS/cm: Conductivity [mS/cm]
# name 4 = t190C: Temperature, 2 [ITS-90, deg C]
# name 5 = c1mS/cm: Conductivity, 2 [mS/cm]
# name 6 = sbeox0ML/L: Oxygen, SBE 43 [ml/l]
# name 7 = sbeox1ML/L: Oxygen, SBE 43, 2 [ml/l]
# name 8 = flECO-AFL: Fluorescence, WET Labs ECO-AFL/FL [mg/m^3]
# name 9 = CStarTr0: Beam Transmission, WET Labs C-Star [%]
# name 10 = par: PAR/Irradiance, Biospherical/Licor
# name 11 = latitude: Latitude [deg]
# name 12 = longitude: Longitude [deg]
# name 13 = timeJ: Julian Days
# name 14 = altM: Altimeter [m]
# name 15 = spar: SPAR, Biospherical/Licor
# name 16 = timeS: Time, Elapsed [seconds]
# name 17 = scan: Scan Count
# name 18 = nbf: Bottles Fired
# name 19 = flag:  0.000e+00
# interval = seconds: 0.0416667
# start_time = Nov 23 2021 06:30:17 [NMEA time, header]
# bad_flag = -9.990e-29
*END*
[from data line 869]
     39.665     39.276    -0.5272  27.824228    -0.5294  27.820626     8.2406     8.0726     1.3989    91.6784 4.5226e-01  -63.76778  -62.86086 327.295456      99.98 3.3495e+01   2110.375      50650         18  0.000e+00
     39.652     39.263    -0.5271  27.824171    -0.5293  27.820907     8.2351     8.0725     1.3915    91.6527 4.5226e-01  -63.76778  -62.86086 327.295456      99.95 3.3495e+01   2110.417      50651         18  0.000e+00
     39.652     39.263    -0.5270  27.824171    -0.5294  27.820963     8.2322     8.0725     1.3915    91.6784 4.5226e-01  -63.76778  -62.86086 327.295457      99.98 3.3495e+01   2110.458      50652         18  0.000e+00
     39.604     39.215    -0.5273  27.824170    -0.5292  27.820963     8.2349     8.0724     1.3915    91.6784 4.5226e-01  -63.76778  -62.86086 327.295457      99.98 3.3495e+01   2110.500      50653         18  0.000e+00
     39.604     39.215    -0.5275  27.823768    -0.5293  27.820963     8.2447     8.0724     1.3915    91.7042 4.5226e-01  -63.76778  -62.86086 327.295458      99.98 3.3495e+01   2110.542      50654         18  0.000e+00
     39.604     39.215    -0.5277  27.823998    -0.5293  27.820795     8.2509     8.0725     1.3915    91.7042 4.5542e-01  -63.76778  -62.86086 327.295458      99.95 3.3495e+01   2110.583      50655         18  0.000e+00
     39.604     39.215    -0.5278  27.824055    -0.5293  27.821076     8.2537     8.0724     1.3915    91.7042 4.5542e-01  -63.76778  -62.86086 327.295459      99.95 3.3495e+01   2110.625      50656         18  0.000e+00
     39.563     39.175    -0.5276  27.823538    -0.5292  27.821019     8.2444     8.0724     1.3915    91.7042 4.5858e-01  -63.76778  -62.86086 327.295459      99.98 3.3495e+01   2110.667      50657         18  0.000e+00
     39.604     39.215    -0.5271  27.823710    -0.5293  27.820963     8.2452     8.0724     1.3989    91.7042 4.5858e-01  -63.76778  -62.86086 327.295460      99.98 3.3495e+01   2110.708      50658         18  0.000e+00
     39.549     39.161    -0.5268  27.823883    -0.5291  27.820795     8.2342     8.0779     1.3915    91.7042 4.5858e-01  -63.76778  -62.86086 327.295460      99.98 3.3495e+01   2110.750      50659         18  0.000e+00
     39.549     39.161    -0.5268  27.823883    -0.5290  27.821075     8.2277     8.0732     1.3989    91.7042 4.5858e-01  -63.76778  -62.86086 327.295461      99.98 3.3495e+01   2110.792      50660         18  0.000e+00
     39.549     39.161    -0.5268  27.824055    -0.5288  27.821244     8.2141     8.0731     1.3915    91.7042 4.5858e-01  -63.76778  -62.86086 327.295461      99.98 3.3495e+01   2110.833      50661         18  0.000e+00
     39.501     39.114    -0.5270  27.824055    -0.5286  27.821412     8.2141     8.0729     1.3989    91.7042 4.6176e-01  -63.76778  -62.86086 327.295462      99.98 3.3495e+01   2110.875      50662         18  0.000e+00
     25.484     25.235    -0.5293  27.816026    -0.5251  27.818174     8.2161     8.0799     1.4428    91.5239 1.4959e+00  -63.76782  -62.86076 327.296149      99.98 3.3495e+01   2170.292      52088         19  0.000e+00
     25.334     25.086    -0.5290  27.816370    -0.5250  27.818117     8.2256     8.0796     1.4428    91.5239 1.4959e+00  -63.76782  -62.86076 327.296150      99.98 3.3495e+01   2170.333      52089         19  0.000e+00
     25.484     25.235    -0.5291  27.816256    -0.5251  27.818061     8.2194     8.0796     1.4428    91.5239 1.4959e+00  -63.76782  -62.86076 327.296150      99.95 3.3495e+01   2170.375      52090         19  0.000e+00
     25.382     25.134    -0.5291  27.816198    -0.5251  27.818454     8.2146     8.0793     1.4428    91.5239 1.4959e+00  -63.76782  -62.86076 327.296151      99.95 3.3495e+01   2170.417      52091         19  0.000e+00
     25.409     25.161    -0.5289  27.816543    -0.5251  27.818566     8.2040     8.0792     1.4428    91.5239 1.4959e+00  -63.76782  -62.86076 327.296151      99.98 3.3495e+01   2170.458      52092         19  0.000e+00
     25.382     25.134    -0.5290  27.816543    -0.5248  27.818735     8.2124     8.0790     1.4428    91.5239 1.4959e+00  -63.76782  -62.86076 327.296152      99.98 3.3495e+01   2170.500      52093         19  0.000e+00
     25.382     25.134    -0.5285  27.816773    -0.5245  27.818791     8.2159     8.0788     1.4428    91.5239 1.4959e+00  -63.76782  -62.86076 327.296152      99.98 3.3495e+01   2170.542      52094         19  0.000e+00
     25.382     25.134    -0.5281  27.817118    -0.5243  27.818791     8.2197     8.0786     1.3476    91.5239 1.4959e+00  -63.76782  -62.86076 327.296153      99.95 3.3495e+01   2170.583      52095         19  0.000e+00
     25.382     25.134    -0.5280  27.817405    -0.5241  27.818791     8.2236     8.0784     1.2743    91.5239 1.4959e+00  -63.76782  -62.86076 327.296153      99.95 3.3495e+01   2170.625      52096         19  0.000e+00
     25.382     25.134    -0.5281  27.817118    -0.5245  27.818398     8.2336     8.0784     1.2670    91.5239 1.4959e+00  -63.76782  -62.86076 327.296154      99.98 3.3495e+01   2170.667      52097         19  0.000e+00
     25.355     25.107    -0.5279  27.817003    -0.5248  27.818510     8.2364     8.0782     1.2670    91.5239 1.4959e+00  -63.76782  -62.86076 327.296154      99.98 3.3495e+01   2170.708      52098         19  0.000e+00
     25.382     25.134    -0.5281  27.816600    -0.5248  27.818735     8.2307     8.0781     1.2743    91.5239 1.4959e+00  -63.76782  -62.86076 327.296155      99.98 3.3495e+01   2170.750      52099         19  0.000e+00
     25.334     25.087    -0.5283  27.817175    -0.5247  27.818622     8.2278     8.0779     1.2743    91.5239 1.4959e+00  -63.76782  -62.86076 327.296155      99.98 3.3495e+01   2170.792      52100         19  0.000e+00
     25.334     25.087    -0.5281  27.816888    -0.5250  27.818342     8.2248     8.0778     1.2743    91.5239 1.4959e+00  -63.76782  -62.86076 327.296155      99.98 3.3495e+01   2170.833      52101         19  0.000e+00
     25.334     25.087    -0.5274  27.817693    -0.5253  27.818117     8.2216     8.0778     1.2670    91.5239 1.4959e+00  -63.76782  -62.86076 327.296156      99.95 3.3495e+01   2170.875      52102         19  0.000e+00
     25.307     25.059    -0.5275  27.817003    -0.5255  27.817836     8.2185     8.0776     1.2743    91.5239 1.4959e+00  -63.76782  -62.86076 327.296156      99.95 3.3495e+01   2170.917      52103         19  0.000e+00
     25.382     25.134    -0.5280  27.816083    -0.5253  27.817612     8.2155     8.0776     1.2743    91.5497 1.4959e+00  -63.76782  -62.86076 327.296157      99.95 3.3495e+01   2170.958      52104         19  0.000e+00
     25.280     25.032    -0.5285  27.815508    -0.5248  27.818061     8.2136     8.0772     1.2670    91.5239 1.4959e+00  -63.76782  -62.86076 327.296157      99.98 3.3495e+01   2171.000      52105         19  0.000e+00
     25.334     25.087    -0.5291  27.815393    -0.5243  27.818454     8.2175     8.0779     1.2743    91.5239 1.4959e+00  -63.76782  -62.86076 327.296158      99.98 3.3495e+01   2171.042      52106         19  0.000e+00
     25.280     25.032    -0.5290  27.816370    -0.5245  27.818173     8.2166     8.0787     1.2743    91.5497 1.4959e+00  -63.76782  -62.86076 327.296158      99.95 3.3495e+01   2171.083      52107         19  0.000e+00
     25.307     25.060    -0.5282  27.817233    -0.5256  27.817443     8.2083     8.0789     1.2670    91.5754 1.4959e+00  -63.76782  -62.86076 327.296159      99.95 3.3495e+01   2171.125      52108         19  0.000e+00
     25.334     25.087    -0.5282  27.817463    -0.5265  27.816882     8.2001     8.0790     1.2743    91.6012 1.4959e+00  -63.76782  -62.86076 327.296159      99.98 3.3495e+01   2171.167      52109         19  0.000e+00
     25.280     25.033    -0.5270  27.818497    -0.5270  27.816320     8.2046     8.0736     1.2743    91.6012 1.4959e+00  -63.76782  -62.86076 327.296160      99.98 3.3495e+01   2171.208      52110         19  0.000e+00
     25.232     24.985    -0.5265  27.818842    -0.5273  27.816039     8.2050     8.0782     1.2743    91.6012 1.4959e+00  -63.76782  -62.86076 327.296160      99.98 3.3495e+01   2171.250      52111         19  0.000e+00
     25.280     25.033    -0.5260  27.818612    -0.5274  27.815759     8.2041     8.0782     1.2743    91.6012 1.4959e+00  -63.76782  -62.86076 327.296161      99.98 3.3495e+01   2171.292      52112         19  0.000e+00
     25.280     25.033    -0.5262  27.818727    -0.5279  27.815702     8.2119     8.0783     1.2743    91.6012 1.4959e+00  -63.76782  -62.86076 327.296161      99.98 3.3495e+01   2171.333      52113         19  0.000e+00
     25.252     25.006    -0.5263  27.818325    -0.5279  27.815871     8.2270     8.0782     1.2743    91.6012 1.4959e+00  -63.76782  -62.86076 327.296162      99.98 3.3495e+01   2171.375      52114         19  0.000e+00
     25.280     25.033    -0.5262  27.818440    -0.5274  27.815759     8.2316     8.0781     1.2743    91.6012 1.4959e+00  -63.76782  -62.86076 327.296162      99.95 3.3495e+01   2171.417      52115         19  0.000e+00
     25.232     24.985    -0.5260  27.818727    -0.5276  27.815478     8.2287     8.0781     1.2743    91.6012 1.4959e+00  -63.76782  -62.86076 327.296163      99.98 3.3495e+01   2171.458      52116         19  0.000e+00
     25.232     24.985    -0.5260  27.818842    -0.5282  27.815197     8.2246     8.0782     1.2743    91.6012 1.4959e+00  -63.76782  -62.86076 327.296163      99.98 3.3495e+01   2171.500      52117         19  0.000e+00
     25.280     25.033    -0.5259  27.818037    -0.5288  27.815141     8.2351     8.0783     1.2743    91.6012 1.4959e+00  -63.76782  -62.86076 327.296164      99.98 3.3495e+01   2171.542      52118         19  0.000e+00
     25.205     24.958    -0.5262  27.817577    -0.5296  27.814748     8.2306     8.0784     1.2743    91.6012 1.4959e+00  -63.76782  -62.86076 327.296164      99.95 3.3495e+01   2171.583      52119         19  0.000e+00
     25.280     25.033    -0.5265  27.817865    -0.5297  27.814636     8.2247     8.0785     1.2670    91.6012 1.4959e+00  -63.76782  -62.86076 327.296165      99.95 3.3495e+01   2171.625      52120         19  0.000e+00
     25.177     24.931    -0.5267  27.818152    -0.5293  27.814860     8.2170     8.0727     1.2597    91.6012 1.4959e+00  -63.76782  -62.86076 327.296165      99.98 3.3495e+01   2171.667      52121         19  0.000e+00
     25.232     24.985    -0.5265  27.817865    -0.5286  27.814916     8.2168     8.0718     1.2377    91.6012 1.4959e+00  -63.76782  -62.86076 327.296166      99.98 3.3495e+01   2171.708      52122         19  0.000e+00
     25.232     24.985    -0.5270  27.817577    -0.5285  27.815085     8.2153     8.0764     1.2304    91.6012 1.4959e+00  -63.76782  -62.86076 327.296166      99.98 3.3495e+01   2171.750      52123         19  0.000e+00
     25.205     24.958    -0.5267  27.817865    -0.5279  27.815758     8.2136     8.0763     1.2304    91.6012 1.4959e+00  -63.76782  -62.86076 327.296167      99.98 3.3495e+01   2171.792      52124         19  0.000e+00
     25.232     24.985    -0.5268  27.818037    -0.5273  27.816488     8.2061     8.0762     1.2304    91.6012 1.4959e+00  -63.76782  -62.86076 327.296167      99.98 3.3495e+01   2171.833      52125         19  0.000e+00
     25.177     24.931    -0.5268  27.817635    -0.5265  27.817106     8.2104     8.0759     1.2377    91.5754 1.4959e+00  -63.76782  -62.86076 327.296168      99.98 3.3495e+01   2171.875      52126         19  0.000e+00
     25.177     24.931    -0.5273  27.817290    -0.5259  27.817443     8.2162     8.0758     1.2377    91.6012 1.4959e+00  -63.76782  -62.86076 327.296168      99.95 3.3495e+01   2171.917      52127         19  0.000e+00
     25.232     24.986    -0.5273  27.817347    -0.5255  27.817724     8.2292     8.0758     1.2304    91.6269 1.4959e+00  -63.76782  -62.86076 327.296168      99.98 3.3495e+01   2171.958      52128         19  0.000e+00
     25.157     24.911    -0.5277  27.816887    -0.5253  27.817555     8.2330     8.0712     1.2304    91.6269 1.4959e+00  -63.76782  -62.86076 327.296169      99.98 3.3495e+01   2172.000      52129         19  0.000e+00
     25.177     24.931    -0.5279  27.816887    -0.5255  27.817667     8.2338     8.0714     1.2377    91.6269 1.4959e+00  -63.76782  -62.86076 327.296169      99.98 3.3495e+01   2172.042      52130         19  0.000e+00
     25.177     24.931    -0.5282  27.817002    -0.5257  27.817387     8.2405     8.0762     1.2377    91.6269 1.4959e+00  -63.76782  -62.86076 327.296170      99.93 3.3495e+01   2172.083      52131         19  0.000e+00
     25.178     24.931    -0.5281  27.817002    -0.5259  27.817274     8.2342     8.0765     1.2377    91.6012 1.4959e+00  -63.76782  -62.86076 327.296170      99.95 3.3495e+01   2172.125      52132         19  0.000e+00
     25.178     24.931    -0.5277  27.816600    -0.5259  27.817274     8.2355     8.0712     1.2377    91.6269 1.4959e+00  -63.76782  -62.86076 327.296171      99.98 3.3495e+01   2172.167      52133         19  0.000e+00
     25.178     24.931    -0.5281  27.816485    -0.5257  27.817050     8.2299     8.0760     1.2304    91.6269 1.4959e+00  -63.76782  -62.86076 327.296171      99.98 3.3495e+01   2172.208      52134         19  0.000e+00
     25.157     24.911    -0.5280  27.816370    -0.5253  27.817387     8.2332     8.0761     1.2377    91.6269 1.4959e+00  -63.76782  -62.86076 327.296172      99.98 3.3495e+01   2172.250      52135         19  0.000e+00
     25.178     24.931    -0.5282  27.816197    -0.5255  27.817724     8.2307     8.0763     1.2377    91.6269 1.4959e+00  -63.76782  -62.86076 327.296172      99.98 3.3495e+01   2172.292      52136         20  0.000e+00
     25.130     24.884    -0.5283  27.815967    -0.5255  27.817780     8.2208     8.0765     1.2377    91.6012 1.4959e+00  -63.76782  -62.86076 327.296173      99.98 3.3495e+01   2172.333      52137         20  0.000e+00
     25.130     24.884    -0.5282  27.816312    -0.5254  27.817555     8.2181     8.0767     1.2304    91.6269 1.4959e+00  -63.76782  -62.86076 327.296173      99.98 3.3495e+01   2172.375      52138         20  0.000e+00
     25.130     24.884    -0.5286  27.816255    -0.5256  27.817499     8.2142     8.0769     1.2377    91.6012 1.4959e+00  -63.76782  -62.86076 327.296174      99.95 3.3495e+01   2172.417      52139         20  0.000e+00
     25.157     24.911    -0.5285  27.816197    -0.5255  27.817892     8.2102     8.0771     1.2377    91.6269 1.4959e+00  -63.76782  -62.86076 327.296174      99.95 3.3495e+01   2172.458      52140         20  0.000e+00
     25.130     24.884    -0.5293  27.815795    -0.5251  27.817892     8.2108     8.0773     1.2377    91.6269 1.4959e+00  -63.76782  -62.86076 327.296175      99.98 3.3495e+01   2172.500      52141         20  0.000e+00
     25.130     24.884    -0.5294  27.815565    -0.5247  27.818173     8.2095     8.0774     1.2377    91.6269 1.4959e+00  -63.76782  -62.86076 327.296175      99.98 3.3495e+01   2172.542      52142         20  0.000e+00
     25.130     24.884    -0.5294  27.815795    -0.5247  27.818285     8.2139     8.0776     1.2377    91.6269 1.4959e+00  -63.76782  -62.86076 327.296176      99.95 3.3495e+01   2172.583      52143         20  0.000e+00
     25.075     24.830    -0.5293  27.816082    -0.5245  27.818509     8.2079     8.0777     1.2377    91.6012 1.4959e+00  -63.76782  -62.86076 327.296176      99.95 3.3495e+01   2172.625      52144         20  0.000e+00
     25.157     24.911    -0.5288  27.816542    -0.5242  27.819127     8.2065     8.0779     1.2304    91.6269 1.4959e+00  -63.76782  -62.86076 327.296177      99.98 3.3495e+01   2172.667      52145         20  0.000e+00
     25.075     24.830    -0.5290  27.816542    -0.5236  27.819352     8.2064     8.0724     1.2377    91.6269 1.4959e+00  -63.76782  -62.86076 327.296177      99.98 3.3495e+01   2172.708      52146         20  0.000e+00
