NBP2113_155081_ctd/data/nbp2113_006.cnv
* Sea-Bird SBE 9 Data File:
* FileName = D:\Data\raw\NBP2113_006.hex
* Software Version Seasave V 7.26.7.121
* Temperature SN = 2438
* Conductivity SN = 2067
* Number of Bytes Per Scan = 40
* Number of Voltage Words = 5
* Number of Scans Averaged by the Deck Unit = 1
* NMEA Latitude = 64 34.93 S
* NMEA Longitude = 064 20.17 W
* NMEA UTC (Time) = Nov 24 2021  19:52:36
* NMEA baud rate = 9600
** Ship: RVIB N.B. Palmer
** Cruise: NBP2113 LTER
** Station: 625.073
** Operator: S.Blackman
# nquan = 25
# nvalues = 393                         
# units = specified
# name 0 = prDM: Pressure, Digiquartz [db]
# name 1 = depSM: Depth [salt water, m]
# name 2 = t090C: Temperature [ITS-90, deg C]
# name 3 = c0mS/cm: Conductivity [mS/cm]
# name 4 = t190C: Temperature, 2 [ITS-90, deg C]
# name 5 = c1mS/cm: Conductivity, 2 [mS/cm]
# name 6 = sbeox0ML/L: Oxygen, SBE 43 [ml/l]
# name 7 = sbeox1ML/L: Oxygen, SBE 43, 2 [ml/l]
# name 8 = flECO-AFL: Fluorescence, WET Labs ECO-AFL/FL [mg/m^3]
# name 9 = CStarTr0: Beam Transmission, WET Labs C-Star [%]
# name 10 = par: PAR/Irradiance, Biospherical/Licor
# name 11 = latitude: Latitude [deg]
# name 12 = longitude: Longitude [deg]
# name 13 = timeJ: Julian Days
# name 14 = altM: Altimeter [m]
# name 15 = spar: SPAR, Biospherical/Licor
# name 16 = timeS: Time, Elapsed [seconds]
# name 17 = scan: Scan Count
# name 18 = density00: Density [density, kg/m^3]
# name 19 = density11: Density, 2 [density, kg/m^3]
# name 20 = sal00: Salinity, Practical [PSU]
# name 21 = sal11: Salinity, Practical, 2 [PSU]
# name 22 = oxsolML/L: Oxygen Saturation, Garcia & Gordon [ml/l]
# name 23 = nbin: number of scans per bin
# name 24 = flag: flag
# span 0 =      1.000,    199.000       
# span 1 =      0.993,    196.960       
# span 2 =    -0.0529,     1.0214       
# span 3 =  28.368240,  29.675541       
# span 4 =    -0.0528,     1.0218       
# span 5 =  28.366063,  29.674467       
# span 6 =     4.8213,     7.5985       
# span 7 =     4.7879,     7.4468       
# span 8 =     0.0300,     0.9418       
# span 9 =    92.5500,    97.4183       
# span 10 = -2.816e-05, 7.0859e+02      
# span 11 =  -64.58226,  -64.58194      
# span 12 =  -64.33790,  -64.33564      
# span 13 = 328.832803, 328.840902      
# span 14 =       8.38,     121.58      
# span 15 = 3.7697e+02, 4.2332e+02      
# span 16 =    398.183,   1097.937      
# span 17 =       9557,      26351      
# span 18 =  1027.4249,  1028.6364      
# span 19 =  1027.4223,  1028.6346      
# span 20 =    34.1479,    34.5673      
# span 21 =    34.1432,    34.5655      
# span 22 =    7.82514,    8.06871      
# span 23 =         17,         49      
# span 24 = 0.0000e+00, 0.0000e+00      
# interval = decibars: 1                
# start_time = Nov 24 2021 19:52:36 [NMEA time, header]
# bad_flag = -9.990e-29
*END*
[from data line 116]
    121.000    119.782     0.3985  28.976312     0.3942  28.970681     5.6477     5.7139     0.3527    96.1695 4.9410e-02  -64.58216  -64.33660 328.836541      90.18 4.1134e+02    721.111      17308  1028.1696  1028.1679    34.3963    34.3938    7.96115         29 0.0000e+00
    122.000    120.772     0.4378  29.020423     0.4363  29.017505     5.6419     5.6788     0.3474    96.1609 4.5051e-02  -64.58216  -64.33660 328.836553      89.35 4.1138e+02    722.213      17334  1028.1820  1028.1804    34.4097    34.4075    7.95231         25 0.0000e+00
    123.000    121.762     0.4509  29.035186     0.4508  29.033724     5.6103     5.6479     0.2941    96.2120 4.0326e-02  -64.58216  -64.33662 328.836565      88.31 4.1105e+02    723.219      17358  1028.1893  1028.1879    34.4138    34.4120    7.94939         24 0.0000e+00
    124.000    122.751     0.4667  29.053095     0.4652  29.049937     5.6065     5.6244     0.2753    96.3012 3.6033e-02  -64.58216  -64.33662 328.836577      87.26 4.1076e+02    724.261      17383  1028.1972  1028.1955    34.4189    34.4166    7.94584         27 0.0000e+00
    125.000    123.742     0.4869  29.075165     0.4849  29.071656     5.6165     5.6160     0.2778    96.3091 3.1633e-02  -64.58216  -64.33664 328.836592      86.20 4.1075e+02    725.562      17414  1028.2054  1028.2036    34.4247    34.4224    7.94137         30 0.0000e+00
    126.000    124.730     0.4895  29.078598     0.4894  29.076922     5.6516     5.6157     0.2780    96.5141 2.7986e-02  -64.58216  -64.33664 328.836612      85.06 4.1075e+02    727.248      17455  1028.2113  1028.2096    34.4257    34.4236    7.94079         41 0.0000e+00
    127.000    125.720     0.4897  29.079405     0.4896  29.077735     5.6476     5.6025     0.2473    96.6660 2.4241e-02  -64.58216  -64.33664 328.836629      84.22 4.1075e+02    728.720      17490  1028.2167  1028.2150    34.4259    34.4239    7.94073         30 0.0000e+00
    128.000    126.710     0.4906  29.080599     0.4909  29.079853     5.6025     5.5648     0.2213    96.6600 2.0895e-02  -64.58216  -64.33665 328.836642      83.16 4.1075e+02    729.906      17519  1028.2217  1028.2205    34.4260    34.4246    7.94055         28 0.0000e+00
    129.000    127.700     0.5037  29.095673     0.5064  29.097419     5.5517     5.5347     0.2512    96.6904 1.7720e-02  -64.58216  -64.33666 328.836655      82.12 4.1075e+02    731.010      17545  1028.2290  1028.2282    34.4304    34.4297    7.93761         26 0.0000e+00
    130.000    128.688     0.5352  29.130134     0.5358  29.129578     5.5443     5.5178     0.2165    96.7142 1.4863e-02  -64.58216  -64.33666 328.836668      81.11 4.1075e+02    732.092      17571  1028.2387  1028.2376    34.4397    34.4384    7.93064         25 0.0000e+00
    131.000    129.678     0.5490  29.144822     0.5500  29.144431     5.5198     5.5029     0.1875    96.6758 1.1766e-02  -64.58216  -64.33668 328.836680      80.05 4.1075e+02    733.149      17597  1028.2451  1028.2437    34.4429    34.4413    7.92763         26 0.0000e+00
    132.000    130.670     0.5561  29.152666     0.5562  29.151586     5.5109     5.4875     0.1778    96.7122 9.0093e-03  -64.58216  -64.33668 328.836692      79.05 4.1075e+02    734.219      17622  1028.2510  1028.2497    34.4447    34.4431    7.92609         26 0.0000e+00
    133.000    131.657     0.5630  29.160409     0.5622  29.158242     5.5027     5.4781     0.1754    96.6944 6.3628e-03  -64.58216  -64.33668 328.836706      78.14 4.1075e+02    735.366      17650  1028.2568  1028.2554    34.4464    34.4445    7.92457         29 0.0000e+00
    134.000    132.646     0.5735  29.171691     0.5740  29.170934     5.4883     5.4578     0.1738    96.7403 3.5356e-03  -64.58216  -64.33670 328.836721      76.94 4.1075e+02    736.690      17682  1028.2630  1028.2617    34.4489    34.4473    7.92229         33 0.0000e+00
    135.000    133.637     0.5862  29.185476     0.5863  29.184718     5.4851     5.4391     0.1709    96.7856 1.0486e-03  -64.58216  -64.33670 328.836739      75.93 4.1075e+02    738.220      17718  1028.2696  1028.2686    34.4521    34.4510    7.91952         37 0.0000e+00
    136.000    134.627     0.5945  29.195419     0.5931  29.192615     5.4626     5.4168     0.1742    96.8116 -2.816e-05  -64.58216  -64.33670 328.836755      75.02 4.1075e+02    739.598      17751  1028.2764  1028.2749    34.4552    34.4531    7.91764         28 0.0000e+00
    137.000    135.616     0.6003  29.202364     0.6001  29.200719     5.4551     5.4069     0.1618    96.8213 1.0000e-12  -64.58216  -64.33671 328.836767      74.08 4.1075e+02    740.677      17777  1028.2825  1028.2809    34.4572    34.4553    7.91635         25 0.0000e+00
    138.000    136.605     0.6069  29.210466     0.6068  29.208740     5.4480     5.4002     0.1782    96.8478 1.0000e-12  -64.58216  -64.33672 328.836778      73.01 4.1075e+02    741.631      17800  1028.2889  1028.2872    34.4598    34.4577    7.91485         22 0.0000e+00
    139.000    137.596     0.6138  29.217787     0.6142  29.216613     5.4330     5.3916     0.1749    96.8530 1.0000e-12  -64.58216  -64.33672 328.836789      72.03 4.1075e+02    742.590      17823  1028.2942  1028.2927    34.4611    34.4591    7.91338         24 0.0000e+00
    140.000    138.585     0.6220  29.226364     0.6222  29.225213     5.4160     5.3832     0.1539    96.8671 1.0000e-12  -64.58216  -64.33673 328.836802      70.92 4.0992e+02    743.726      17850  1028.2997  1028.2983    34.4626    34.4608    7.91163         31 0.0000e+00
    141.000    139.574     0.6324  29.237578     0.6316  29.235529     5.4168     5.3709     0.1713    96.9036 1.0000e-12  -64.58214  -64.33674 328.836820      69.76 4.0900e+02    745.261      17887  1028.3057  1028.3044    34.4649    34.4632    7.90937         42 0.0000e+00
    142.000    140.563     0.6355  29.241973     0.6353  29.240202     5.3894     5.3570     0.1378    96.9650 1.0000e-12  -64.58214  -64.33675 328.836839      68.89 4.0899e+02    746.864      17926  1028.3118  1028.3101    34.4666    34.4645    7.90864         30 0.0000e+00
    143.000    141.555     0.6416  29.249277     0.6410  29.247366     5.3913     5.3401     0.1453    96.9790 1.0000e-12  -64.58214  -64.33676 328.836853      67.85 4.0899e+02    748.130      17956  1028.3180  1028.3165    34.4688    34.4669    7.90729         28 0.0000e+00
    144.000    142.542     0.6498  29.259462     0.6495  29.257430     5.3710     5.3247     0.1317    96.9777 1.0000e-12  -64.58214  -64.33676 328.836866      66.84 4.0899e+02    749.234      17983  1028.3249  1028.3232    34.4723    34.4700    7.90542         25 0.0000e+00
    145.000    143.532     0.6504  29.260619     0.6505  29.259140     5.3639     5.3182     0.1254    96.9509 1.0000e-12  -64.58214  -64.33676 328.836878      65.90 4.0899e+02    750.264      18007  1028.3300  1028.3283    34.4725    34.4705    7.90528         24 0.0000e+00
    146.000    144.522     0.6522  29.263099     0.6523  29.261681     5.3708     5.3140     0.1075    96.9592 1.0000e-12  -64.58214  -64.33676 328.836889      64.91 4.0899e+02    751.239      18031  1028.3352  1028.3336    34.4732    34.4712    7.90489         23 0.0000e+00
    147.000    145.512     0.6559  29.267853     0.6558  29.266248     5.3538     5.3035     0.0950    96.9736 1.0000e-12  -64.58214  -64.33678 328.836900      63.91 4.0899e+02    752.192      18054  1028.3409  1028.3393    34.4746    34.4726    7.90404         23 0.0000e+00
    148.000    146.501     0.6623  29.275124     0.6622  29.273754     5.3354     5.2951     0.1089    96.9977 1.0000e-12  -64.58214  -64.33678 328.836912      62.85 4.0899e+02    753.186      18077  1028.3466  1028.3452    34.4764    34.4747    7.90265         25 0.0000e+00
    149.000    147.490     0.6727  29.286382     0.6729  29.285200     5.3437     5.2924     0.1208    96.9943 1.0000e-12  -64.58214  -64.33678 328.836925      61.68 4.0899e+02    754.343      18105  1028.3526  1028.3511    34.4789    34.4771    7.90040         32 0.0000e+00
    150.000    148.481     0.6758  29.289666     0.6770  29.289015     5.3444     5.2875     0.1163    97.0054 1.0000e-12  -64.58214  -64.33680 328.836945      60.52 4.0899e+02    756.081      18147  1028.3574  1028.3555    34.4791    34.4769    7.89975         37 0.0000e+00
    151.000    149.469     0.6773  29.291947     0.6774  29.290653     5.3292     5.2805     0.1186    97.0195 1.0000e-12  -64.58214  -64.33680 328.836969      59.48 4.0899e+02    758.088      18195  1028.3628  1028.3614    34.4798    34.4780    7.89941         35 0.0000e+00
    152.000    150.460     0.6787  29.294126     0.6786  29.292592     5.3225     5.2695     0.0959    97.0745 1.0000e-12  -64.58214  -64.33680 328.836982      58.57 4.0899e+02    759.221      18222  1028.3681  1028.3665    34.4805    34.4785    7.89909         22 0.0000e+00
    153.000    151.447     0.6815  29.298016     0.6832  29.298603     5.3292     5.2671     0.0808    97.0417 1.0000e-12  -64.58214  -64.33680 328.836992      57.55 4.0899e+02    760.071      18243  1028.3737  1028.3726    34.4818    34.4807    7.89844         20 0.0000e+00
    154.000    152.440     0.6964  29.313680     0.6980  29.313952     5.3121     5.2661     0.0945    97.0345 1.0000e-12  -64.58214  -64.33681 328.837001      56.81 4.0899e+02    760.858      18262  1028.3797  1028.3784    34.4850    34.4835    7.89524         19 0.0000e+00
    155.000    153.427     0.6890  29.306085     0.6904  29.306147     5.3105     5.2652     0.0833    97.0307 1.0000e-12  -64.58214  -64.33683 328.837010      55.75 4.0899e+02    761.687      18281  1028.3835  1028.3821    34.4828    34.4813    7.89687         21 0.0000e+00
    156.000    154.418     0.6929  29.310766     0.6891  29.305321     5.3210     5.2702     0.0900    97.0757 1.0000e-12  -64.58214  -64.33684 328.837023      54.41 4.0899e+02    762.748      18307  1028.3889  1028.3869    34.4840    34.4811    7.89601         32 0.0000e+00
    157.000    155.406     0.6914  29.309262     0.6871  29.303418     5.3246     5.2604     0.1124    97.0607 1.0000e-12  -64.58214  -64.33684 328.837041      53.17 4.0899e+02    764.299      18344  1028.3931  1028.3912    34.4830    34.4802    7.89636         37 0.0000e+00
    158.000    156.396     0.6922  29.310974     0.6892  29.306260     5.2861     5.2396     0.1053    97.0700 1.0000e-12  -64.58214  -64.33684 328.837059      52.23 4.0899e+02    765.911      18383  1028.3984  1028.3965    34.4837    34.4810    7.89615         34 0.0000e+00
    159.000    157.385     0.7068  29.327084     0.7077  29.326400     5.2718     5.2316     0.0970    97.0775 1.0000e-12  -64.58214  -64.33686 328.837074      51.29 4.0734e+02    767.172      18413  1028.4053  1028.4036    34.4879    34.4860    7.89297         28 0.0000e+00
    160.000    158.375     0.7165  29.337485     0.7144  29.333920     5.2783     5.2329     0.0833    97.1101 1.0000e-12  -64.58214  -64.33686 328.837087      49.89 4.0723e+02    768.332      18441  1028.4109  1028.4092    34.4901    34.4877    7.89088         28 0.0000e+00
    161.000    159.364     0.7154  29.336910     0.7154  29.335326     5.2758     5.2295     0.0985    97.1007 1.0000e-12  -64.58214  -64.33686 328.837100      48.83 4.0723e+02    769.477      18468  1028.4158  1028.4141    34.4899    34.4879    7.89111         26 0.0000e+00
    162.000    160.355     0.7152  29.337211     0.7151  29.335549     5.2696     5.2243     0.1022    97.1023 1.0000e-12  -64.58214  -64.33686 328.837113      47.42 4.0723e+02    770.547      18494  1028.4206  1028.4190    34.4899    34.4879    7.89114         25 0.0000e+00
    163.000    161.343     0.7173  29.339772     0.7167  29.337620     5.2695     5.2195     0.0851    97.1114 1.0000e-12  -64.58214  -64.33686 328.837124      46.89 4.0723e+02    771.544      18518  1028.4255  1028.4239    34.4903    34.4881    7.89069         24 0.0000e+00
    164.000    162.332     0.7178  29.340789     0.7166  29.337982     5.2673     5.2062     0.0903    97.0868 1.0000e-12  -64.58214  -64.33687 328.837136      45.56 4.0723e+02    772.583      18543  1028.4305  1028.4287    34.4905    34.4882    7.89058         27 0.0000e+00
    165.000    163.322     0.7231  29.346368     0.7235  29.345526     5.2375     5.1949     0.0947    97.0851 1.0000e-12  -64.58214  -64.33689 328.837151      44.33 4.0723e+02    773.847      18573  1028.4355  1028.4341    34.4913    34.4897    7.88947         33 0.0000e+00
    166.000    164.312     0.7372  29.362069     0.7381  29.361125     5.2129     5.1740     0.1074    97.0893 1.0000e-12  -64.58212  -64.33690 328.837169      43.39 4.0723e+02    775.376      18610  1028.4422  1028.4404    34.4953    34.4931    7.88637         38 0.0000e+00
    167.000    165.301     0.7460  29.372146     0.7464  29.371037     5.1974     5.1576     0.1022    97.0491 1.0000e-12  -64.58212  -64.33690 328.837186      42.22 4.0723e+02    776.835      18645  1028.4485  1028.4469    34.4980    34.4961    7.88444         33 0.0000e+00
    168.000    166.291     0.7554  29.383324     0.7574  29.383553     5.1697     5.1361     0.1022    97.1269 1.0000e-12  -64.58212  -64.33690 328.837201      40.97 4.0723e+02    778.144      18676  1028.4552  1028.4535    34.5015    34.4996    7.88235         30 0.0000e+00
    169.000    167.281     0.7618  29.390051     0.7636  29.390626     5.1447     5.1169     0.0900    97.0432 1.0000e-12  -64.58212  -64.33690 328.837214      40.17 4.0723e+02    779.297      18704  1028.4604  1028.4592    34.5026    34.5013    7.88100         24 0.0000e+00
    170.000    168.269     0.7817  29.412336     0.7796  29.408464     5.1228     5.0991     0.0823    97.0705 1.0000e-12  -64.58212  -64.33690 328.837225      39.24 4.0723e+02    780.266      18727  1028.4683  1028.4663    34.5087    34.5060    7.87662         23 0.0000e+00
    171.000    169.258     0.7920  29.422643     0.7928  29.422203     5.1075     5.0907     0.0802    96.9935 1.0000e-12  -64.58212  -64.33692 328.837235      38.60 4.0723e+02    781.141      18748  1028.4734  1028.4721    34.5101    34.5085    7.87447         20 0.0000e+00
    172.000    170.249     0.8017  29.434190     0.8017  29.432598     5.1056     5.0804     0.0802    97.0532 1.0000e-12  -64.58212  -64.33692 328.837246      37.34 4.0723e+02    782.022      18770  1028.4802  1028.4785    34.5136    34.5115    7.87230         22 0.0000e+00
    173.000    171.237     0.8100  29.442786     0.8105  29.441694     5.1123     5.0778     0.0777    97.1084 1.0000e-12  -64.58212  -64.33693 328.837258      36.38 4.0723e+02    783.105      18796  1028.4854  1028.4838    34.5149    34.5129    7.87055         33 0.0000e+00
    174.000    172.226     0.8184  29.451348     0.8190  29.449985     5.0770     5.0520     0.0817    97.1243 1.0000e-12  -64.58212  -64.33695 328.837281      34.72 4.0723e+02    785.107      18844  1028.4907  1028.4886    34.5161    34.5136    7.86879         34 0.0000e+00
    175.000    173.217     0.8450  29.480878     0.8412  29.475673     5.0364     5.0171     0.0942    97.1118 1.0000e-12  -64.58212  -64.33696 328.837305      33.93 4.0723e+02    787.174      18893  1028.4998  1028.4981    34.5242    34.5216    7.86298         30 0.0000e+00
    176.000    174.205     0.8552  29.491810     0.8554  29.490496     5.0308     5.0097     0.0693    97.1645 1.0000e-12  -64.58212  -64.33694 328.837316      33.28 4.0723e+02    788.133      18916  1028.5055  1028.5040    34.5264    34.5245    7.86079         20 0.0000e+00
    177.000    175.196     0.8624  29.499658     0.8620  29.497768     5.0228     5.0019     0.0595    97.1588 1.0000e-12  -64.58212  -64.33695 328.837325      32.68 4.0723e+02    788.893      18934  1028.5111  1028.5095    34.5280    34.5260    7.85926         18 0.0000e+00
