NBP2113_155081_ctd/data/nbp2113_028.cnv
* Sea-Bird SBE 9 Data File:
* FileName = D:\Data\raw\NBP2113_028.hex
* Software Version Seasave V 7.26.7.121
* Temperature SN = 2438
* Conductivity SN = 2067
* Number of Bytes Per Scan = 40
* Number of Voltage Words = 5
* Number of Scans Averaged by the Deck Unit = 1
* NMEA Latitude = 68 01.84 S
* NMEA Longitude = 069 17.14 W
* NMEA UTC (Time) = Dec 04 2021  16:43:12
* NMEA baud rate = 9600
** Ship: RVIB N.B. Palmer
** Cruise: NBP2113 LTER
** Station: 200.-040
** Operator: S. Blackman
# nquan = 25
# nvalues = 410                         
# units = specified
# name 0 = prDM: Pressure, Digiquartz [db]
# name 1 = depSM: Depth [salt water, m]
# name 2 = t090C: Temperature [ITS-90, deg C]
# name 3 = c0mS/cm: Conductivity [mS/cm]
# name 4 = t190C: Temperature, 2 [ITS-90, deg C]
# name 5 = c1mS/cm: Conductivity, 2 [mS/cm]
# name 6 = sbeox0ML/L: Oxygen, SBE 43 [ml/l]
# name 7 = sbeox1ML/L: Oxygen, SBE 43, 2 [ml/l]
# name 8 = flECO-AFL: Fluorescence, WET Labs ECO-AFL/FL [mg/m^3]
# name 9 = CStarTr0: Beam Transmission, WET Labs C-Star [%]
# name 10 = par: PAR/Irradiance, Biospherical/Licor
# name 11 = latitude: Latitude [deg]
# name 12 = longitude: Longitude [deg]
# name 13 = timeJ: Julian Days
# name 14 = altM: Altimeter [m]
# name 15 = spar: SPAR, Biospherical/Licor
# name 16 = timeS: Time, Elapsed [seconds]
# name 17 = scan: Scan Count
# name 18 = density00: Density [density, kg/m^3]
# name 19 = density11: Density, 2 [density, kg/m^3]
# name 20 = sal00: Salinity, Practical [PSU]
# name 21 = sal11: Salinity, Practical, 2 [PSU]
# name 22 = oxsolML/L: Oxygen Saturation, Garcia & Gordon [ml/l]
# name 23 = nbin: number of scans per bin
# name 24 = flag: flag
# span 0 =      1.000,    207.000       
# span 1 =      0.991,    204.827       
# span 2 =    -1.2248,    -0.2025       
# span 3 =  27.201273,  28.409158       
# span 4 =    -1.2238,    -0.2029       
# span 5 =  27.200496,  28.407635       
# span 6 =     5.9636,     9.0651       
# span 7 =     6.0680,     8.4106       
# span 8 =     0.0809,     1.8335       
# span 9 =    88.4744,    95.7307       
# span 10 = -1.102e-05, 7.6171e+02      
# span 11 =  -68.03098,  -68.03058      
# span 12 =  -69.28598,  -69.28564      
# span 13 = 338.700202, 338.709903      
# span 14 =       9.40,     102.00      
# span 15 = 1.0154e+03, 1.1309e+03      
# span 16 =    305.444,   1143.637      
# span 17 =       7332,      27448      
# span 18 =  1027.1902,  1028.5095      
# span 19 =  1027.1888,  1028.5084      
# span 20 =    33.8144,    34.2686      
# span 21 =    33.8125,    34.2671      
# span 22 =    8.09406,    8.33884      
# span 23 =          1,         70      
# span 24 = 0.0000e+00, 0.0000e+00      
# interval = decibars: 1                
# start_time = Dec 04 2021 16:43:12 [NMEA time, header]
# bad_flag = -9.990e-29
*END*
[from data line 348]
     62.000     61.371    -1.1070  27.312241    -1.1221  27.298521     7.6933     7.7943     0.5873    93.5599 1.4255e+00  -68.03080  -69.28582 338.707448      99.97 1.0195e+03    931.507      22357  1027.5663  1027.5658    33.8960    33.8944    8.31185         26 0.0000e+00
     61.000     60.381    -1.1196  27.301135    -1.1236  27.296812     7.7084     7.7995     0.5857    93.6675 1.4842e+00  -68.03080  -69.28582 338.707460      99.97 1.0189e+03    932.565      22383  1027.5612  1027.5601    33.8957    33.8944    8.31467         25 0.0000e+00
     60.000     59.390    -1.1262  27.295071    -1.1260  27.294130     7.7028     7.7929     0.5953    93.7545 1.5516e+00  -68.03080  -69.28582 338.707473      99.97 1.0189e+03    933.626      22408  1027.5558  1027.5545    33.8955    33.8940    8.31614         26 0.0000e+00
     59.000     58.402    -1.1241  27.297066    -1.1241  27.296006     7.6978     7.8001     0.5872    93.7810 1.6478e+00  -68.03080  -69.28582 338.707486      99.97 1.0189e+03    934.793      22436  1027.5510  1027.5497    33.8966    33.8951    8.31563         29 0.0000e+00
     58.000     57.411    -1.1135  27.306403    -1.1055  27.312116     7.7298     7.8001     0.6014    93.7723 1.7878e+00  -68.03080  -69.28582 338.707505      99.97 1.0176e+03    936.404      22475  1027.5458  1027.5443    33.8979    33.8967    8.31319         41 0.0000e+00
     57.000     56.422    -1.1073  27.311709    -1.1133  27.306141     7.7448     7.8099     0.5954    93.6898 1.9455e+00  -68.03080  -69.28580 338.707528      99.97 1.0172e+03    938.390      22522  1027.5405  1027.5402    33.8988    33.8980    8.31176         33 0.0000e+00
     56.000     55.432    -1.1148  27.304094    -1.1230  27.296158     7.7238     7.7970     0.5497    93.7941 2.0755e+00  -68.03080  -69.28581 338.707543      99.97 1.0172e+03    939.738      22555  1027.5349  1027.5340    33.8975    33.8959    8.31351         27 0.0000e+00
     55.000     54.442    -1.1116  27.307594    -1.1073  27.310156     7.7098     7.7902     0.5060    93.7946 2.2152e+00  -68.03080  -69.28582 338.707555      99.97 1.0165e+03    940.732      22579  1027.5310  1027.5296    33.8992    33.8979    8.31268         22 0.0000e+00
     54.000     53.453    -1.1143  27.302500    -1.1255  27.291152     7.6971     7.7861     0.4934    93.7641 2.3594e+00  -68.03080  -69.28582 338.707565      99.97 1.0154e+03    941.604      22600  1027.5236  1027.5219    33.8960    33.8931    8.31348         20 0.0000e+00
     53.000     52.462    -1.1671  27.253650    -1.1760  27.244458     7.7139     7.7789     0.4683    93.7493 2.5072e+00  -68.03080  -69.28582 338.707575      99.97 1.0154e+03    942.467      22620  1027.5167  1027.5151    33.8895    33.8869    8.32560         21 0.0000e+00
     52.000     51.473    -1.1965  27.224516    -1.1930  27.226073     7.7314     7.7876     0.4685    93.8228 2.6481e+00  -68.03078  -69.28582 338.707586      99.97 1.0154e+03    943.403      22643  1027.5085  1027.5066    33.8835    33.8816    8.33250         25 0.0000e+00
     51.000     50.483    -1.1938  27.223974    -1.1948  27.221588     7.7417     7.8009     0.5244    93.9128 2.7814e+00  -68.03078  -69.28582 338.707599      99.97 1.0154e+03    944.514      22669  1027.5005  1027.4987    33.8803    33.8782    8.33209         29 0.0000e+00
     50.000     49.495    -1.1813  27.232877    -1.1714  27.238933     7.7938     7.8208     0.4782    93.8060 2.9218e+00  -68.03078  -69.28582 338.707614      99.97 1.0154e+03    945.822      22701  1027.4934  1027.4903    33.8790    33.8760    8.32938         32 0.0000e+00
     49.000     48.503    -1.1632  27.246439    -1.1484  27.256719     7.7843     7.8410     0.4888    93.6715 3.1169e+00  -68.03078  -69.28582 338.707628      99.97 1.0154e+03    947.086      22731  1027.4860  1027.4830    33.8776    33.8751    8.32542         28 0.0000e+00
     48.000     47.514    -1.1479  27.258641    -1.1359  27.267190     7.7667     7.8431     0.5353    93.6371 3.3767e+00  -68.03078  -69.28582 338.707642      99.97 1.0154e+03    948.247      22759  1027.4801  1027.4779    33.8777    33.8759    8.32202         28 0.0000e+00
     47.000     46.524    -1.1035  27.294207    -1.0988  27.297079     7.8060     7.8586     0.5440    93.6204 3.6882e+00  -68.03078  -69.28582 338.707657      99.97 1.0154e+03    949.542      22790  1027.4718  1027.4704    33.8768    33.8754    8.31221         35 0.0000e+00
     46.000     45.535    -1.1346  27.273244    -1.0818  27.310119     7.8904     7.9165     0.5578    93.4555 3.9802e+00  -68.03078  -69.28582 338.707677      99.97 1.0155e+03    951.285      22832  1027.4747  1027.4641    33.8839    33.8747    8.31870         35 0.0000e+00
     45.000     44.545    -1.0769  27.316800    -1.0562  27.331663     7.9227     7.9627     0.5827    93.3654 4.2109e+00  -68.03078  -69.28582 338.707694      99.97 1.0166e+03    952.740      22867  1027.4623  1027.4588    33.8789    33.8758    8.30620         27 0.0000e+00
     44.000     43.556    -1.0274  27.356904    -0.9816  27.393914     7.9651     7.9833     0.5820    93.1053 4.4923e+00  -68.03078  -69.28582 338.707705      99.97 1.0155e+03    953.701      22890  1027.4540  1027.4506    33.8783    33.8772    8.29527         20 0.0000e+00
     43.000     42.565    -0.9446  27.424727    -0.9269  27.437445     8.0155     7.9986     0.5897    92.8420 4.8335e+00  -68.03078  -69.28582 338.707714      99.97 1.0154e+03    954.518      22909  1027.4438  1027.4410    33.8780    33.8754    8.27702         20 0.0000e+00
     42.000     41.574    -0.9177  27.444495    -0.9132  27.446125     7.9803     7.9939     0.7237    92.2008 5.2191e+00  -68.03078  -69.28582 338.707724      99.97 1.0154e+03    955.333      22929  1027.4355  1027.4334    33.8752    33.8724    8.27126         20 0.0000e+00
     41.000     40.587    -0.9119  27.447493    -0.9150  27.443233     7.9215     7.9920     0.8021    91.7793 5.6441e+00  -68.03078  -69.28582 338.707735      99.97 1.0161e+03    956.281      22952  1027.4294  1027.4283    33.8734    33.8711    8.27009         26 0.0000e+00
     40.000     39.596    -0.9482  27.417340    -0.9310  27.428496     7.9317     7.9968     0.9800    91.5576 6.0806e+00  -68.03078  -69.28582 338.707750      99.97 1.0172e+03    957.557      22982  1027.4282  1027.4240    33.8739    33.8698    8.27805         36 0.0000e+00
     39.000     38.608    -0.9505  27.416063    -0.9201  27.437398     8.0122     8.0232     0.9177    91.8637 6.5456e+00  -68.03078  -69.28582 338.707768      99.97 1.0181e+03    959.145      23020  1027.4252  1027.4194    33.8754    33.8702    8.27848         32 0.0000e+00
     38.000     37.616    -0.9209  27.438895    -0.8991  27.454071     8.0238     8.0689     1.0249    91.5905 7.1059e+00  -68.03077  -69.28582 338.707785      99.97 1.0189e+03    960.646      23056  1027.4175  1027.4134    33.8737    33.8698    8.27205         33 0.0000e+00
     37.000     36.627    -0.8621  27.483066    -0.8462  27.493911     8.0698     8.0985     0.9991    91.3593 7.7178e+00  -68.03076  -69.28582 338.707800      99.97 1.0188e+03    961.894      23086  1027.4047  1027.4017    33.8681    33.8650    8.25945         27 0.0000e+00
     36.000     35.637    -0.8261  27.509543    -0.8228  27.512718     8.0644     8.1129     0.9928    91.3862 8.3205e+00  -68.03076  -69.28582 338.707812      99.97 1.0174e+03    962.915      23111  1027.3949  1027.3956    33.8642    33.8648    8.25179         23 0.0000e+00
     35.000     34.647    -0.8078  27.524266    -0.7737  27.549547     8.0676     8.1104     1.0293    91.2104 8.9115e+00  -68.03076  -69.28583 338.707823      99.97 1.0173e+03    963.881      23134  1027.3894  1027.3843    33.8643    33.8602    8.24779         23 0.0000e+00
     34.000     33.656    -0.7864  27.540706    -0.7719  27.550028     8.0584     8.1153     1.1827    90.7658 9.4832e+00  -68.03076  -69.28584 338.707835      99.97 1.0189e+03    964.923      23159  1027.3828  1027.3794    33.8631    33.8595    8.24316         28 0.0000e+00
     33.000     32.668    -0.7884  27.536864    -0.7756  27.545947     8.0685     8.1199     1.3794    90.5703 1.0110e+01  -68.03076  -69.28582 338.707850      99.97 1.0198e+03    966.208      23190  1027.3769  1027.3749    33.8607    33.8587    8.24374         32 0.0000e+00
     32.000     31.677    -0.7889  27.536984    -0.7791  27.541757     8.1053     8.1373     1.2791    90.5406 1.0875e+01  -68.03076  -69.28582 338.707866      99.97 1.0208e+03    967.633      23224  1027.3738  1027.3700    33.8622    33.8576    8.24378         33 0.0000e+00
     31.000     30.687    -0.7884  27.533844    -0.7907  27.528937     8.1279     8.1619     1.3537    90.5704 1.2023e+01  -68.03076  -69.28582 338.707881      99.97 1.0224e+03    968.882      23254  1027.3661  1027.3634    33.8579    33.8539    8.24391         27 0.0000e+00
     30.000     29.699    -0.8062  27.513259    -0.8127  27.505056     8.1555     8.1892     1.4724    90.4703 1.3473e+01  -68.03076  -69.28582 338.707893      99.97 1.0225e+03    969.958      23280  1027.3569  1027.3547    33.8506    33.8469    8.24823         25 0.0000e+00
     29.000     28.708    -0.8292  27.489559    -0.8370  27.480000     8.1729     8.2296     1.1994    90.4322 1.5074e+01  -68.03076  -69.28582 338.707905      99.97 1.0225e+03    970.962      23304  1027.3492  1027.3466    33.8449    33.8407    8.25359         23 0.0000e+00
     28.000     27.718    -0.8408  27.476560    -0.8546  27.461337     8.1517     8.2254     1.2703    90.2676 1.6669e+01  -68.03076  -69.28582 338.707916      99.97 1.0225e+03    971.937      23327  1027.3421  1027.3390    33.8409    33.8358    8.25637         24 0.0000e+00
     27.000     26.728    -0.8530  27.464270    -0.8764  27.438224     8.1397     8.2123     1.3799    90.0753 1.8247e+01  -68.03076  -69.28582 338.707928      99.97 1.0236e+03    972.996      23353  1027.3362  1027.3305    33.8386    33.8296    8.25918         28 0.0000e+00
     26.000     25.738    -0.8445  27.472722    -0.8510  27.464313     8.1480     8.2031     1.5425    89.9012 1.9832e+01  -68.03076  -69.28583 338.707944      99.97 1.0242e+03    974.389      23386  1027.3329  1027.3300    33.8412    33.8370    8.25718         35 0.0000e+00
     25.000     24.746    -0.8567  27.460242    -0.8437  27.472560     8.2000     8.2036     1.4977    89.8960 2.1728e+01  -68.03076  -69.28584 338.707969      99.97 1.0248e+03    976.484      23437  1027.3267  1027.3278    33.8386    33.8407    8.26000         36 0.0000e+00
     24.000     23.759    -0.8723  27.441430    -0.8474  27.466728     8.2415     8.2539     1.5768    89.9641 2.4265e+01  -68.03076  -69.28584 338.707989      99.96 1.0261e+03    978.273      23480  1027.3171  1027.3206    33.8312    33.8375    8.26386         30 0.0000e+00
     23.000     22.769    -0.8829  27.429540    -0.8836  27.427624     8.2605     8.2804     1.4751    89.9004 2.6714e+01  -68.03076  -69.28584 338.708001      99.97 1.0263e+03    979.317      23505  1027.3099  1027.3086    33.8275    33.8257    8.26640         24 0.0000e+00
     22.000     21.778    -0.8950  27.417039    -0.8984  27.410398     8.2479     8.2834     1.4951    89.6789 2.9301e+01  -68.03076  -69.28584 338.708014      99.97 1.0278e+03    980.422      23531  1027.3035  1027.2997    33.8248    33.8196    8.26922         29 0.0000e+00
     21.000     20.788    -0.8768  27.434084    -0.8772  27.433429     8.2683     8.2835     1.6194    89.7500 3.2508e+01  -68.03076  -69.28583 338.708059      99.96 1.0317e+03    984.250      23623  1027.3001  1027.2997    33.8281    33.8276    8.26502         29 0.0000e+00
     20.000     19.798    -0.8900  27.415861    -0.8841  27.422745     8.3014     8.3185     1.5990    89.7333 3.7420e+01  -68.03074  -69.28584 338.708096      99.97 1.0361e+03    987.506      23701  1027.2885  1027.2903    33.8188    33.8216    8.26846         32 0.0000e+00
     19.000     18.809    -0.8860  27.419678    -0.8878  27.418734     8.2651     8.3108     1.7482    89.6621 3.8079e+01  -68.03074  -69.28586 338.708138      99.97 1.0409e+03    991.162      23789  1027.2843  1027.2850    33.8202    33.8209    8.26752         26 0.0000e+00
     18.000     17.816    -0.8855  27.420128    -0.8874  27.418027     8.2689     8.3362     1.6163    89.6455 4.2405e+01  -68.03074  -69.28585 338.708193      99.97 1.0557e+03    995.860      23902  1027.2798  1027.2794    33.8207    33.8201    8.26736         22 0.0000e+00
     17.000     16.830    -0.8837  27.420112    -0.8807  27.420521     8.3019     8.3526     1.4933    89.5958 4.8644e+01  -68.03074  -69.28583 338.708226      99.97 1.0691e+03    998.708      23970  1027.2738  1027.2712    33.8194    33.8165    8.26705         39 0.0000e+00
     16.000     15.839    -0.8807  27.421310    -0.8742  27.425643     8.2951     8.3539     1.5910    89.5244 5.5116e+01  -68.03074  -69.28585 338.708249      99.96 1.0845e+03   1000.745      24019  1027.2679  1027.2663    33.8183    33.8168    8.26646         32 0.0000e+00
     15.000     14.849    -0.8542  27.440879    -0.8536  27.440228     8.3241     8.3948     1.5239    88.6965 6.0141e+01  -68.03063  -69.28592 338.709353      99.97 1.1309e+03   1096.131      26308  1027.2600  1027.2587    33.8156    33.8141    8.26079         36 0.0000e+00
     14.000     13.860    -0.8525  27.441644    -0.8536  27.439511     8.3562     8.3982     1.4659    88.8479 6.5819e+01  -68.03060  -69.28594 338.709666      99.96 1.1154e+03   1123.148      26957  1027.2549  1027.2536    33.8154    33.8138    8.26043         41 0.0000e+00
     13.000     12.870    -0.8526  27.441210    -0.8529  27.439606     8.3623     8.4036     1.4422    88.7762 7.4526e+01  -68.03060  -69.28594 338.709691      99.97 1.1159e+03   1125.260      27007  1027.2502  1027.2487    33.8155    33.8137    8.26044         37 0.0000e+00
     12.000     11.879    -0.8502  27.442819    -0.8531  27.438811     8.3324     8.4007     1.4409    88.6708 8.8471e+01  -68.03060  -69.28595 338.709707      99.97 1.1174e+03   1126.661      27041  1027.2454  1027.2437    33.8157    33.8135    8.25992         28 0.0000e+00
     11.000     10.889    -0.8166  27.470162    -0.8313  27.456710     8.3342     8.4025     1.2520    88.6073 1.0175e+02  -68.03060  -69.28596 338.709719      99.97 1.1177e+03   1127.728      27066  1027.2383  1027.2378    33.8157    33.8139    8.25255         26 0.0000e+00
     10.000      9.900    -0.7994  27.483086    -0.8080  27.474980     8.4074     8.4007     1.2576    88.5534 1.1421e+02  -68.03060  -69.28596 338.709733      99.97 1.1177e+03   1128.948      27096  1027.2317  1027.2310    33.8145    33.8131    8.24884         34 0.0000e+00
      9.000      8.909    -0.8059  27.477418    -0.8023  27.478797     8.5174     8.3927     1.0437    88.6074 1.2991e+02  -68.03060  -69.28596 338.709755      99.96 1.1194e+03   1130.824      27141  1027.2276  1027.2257    33.8147    33.8125    8.25026         34 0.0000e+00
      8.000      7.920    -0.7935  27.486991    -0.7967  27.483190     8.3527     8.3955     0.9167    88.4744 1.4807e+02  -68.03058  -69.28596 338.709777      99.97 1.1194e+03   1132.728      27186  1027.2221  1027.2210    33.8144    33.8129    8.24757         38 0.0000e+00
      7.000      6.930    -0.7974  27.483348    -0.7948  27.484224     8.3833     8.3900     0.6892    88.5106 1.7232e+02  -68.03058  -69.28596 338.709793      99.96 1.1194e+03   1134.118      27220  1027.2178  1027.2161    33.8145    33.8127    8.24841         32 0.0000e+00
      6.000      5.940    -0.8056  27.476239    -0.8034  27.476748     8.3476     8.3910     0.7440    88.6029 2.0320e+02  -68.03058  -69.28596 338.709809      99.96 1.1194e+03   1135.527      27254  1027.2138  1027.2122    33.8147    33.8129    8.25020         35 0.0000e+00
