NBP2113_155081_ctd/data/nbp2113_058.cnv
* Sea-Bird SBE 9 Data File:
* FileName = D:\Data\raw\NBP2113_058.hex
* Software Version Seasave V 7.26.7.121
* Temperature SN = 2438
* Conductivity SN = 2067
* Number of Bytes Per Scan = 40
* Number of Voltage Words = 5
* Number of Scans Averaged by the Deck Unit = 1
* NMEA Latitude = 64 56.50 S
* NMEA Longitude = 064 28.63 W
* NMEA UTC (Time) = Dec 12 2021  02:31:22
* NMEA baud rate = 9600
** Ship: RVIB N.B. Palmer
** Cruise: NBP2113 LTER
** Station: 597.042
** Operator: S. Blackman
# nquan = 25
# nvalues = 2292                        
# units = specified
# name 0 = prDM: Pressure, Digiquartz [db]
# name 1 = depSM: Depth [salt water, m]
# name 2 = t090C: Temperature [ITS-90, deg C]
# name 3 = c0mS/cm: Conductivity [mS/cm]
# name 4 = t190C: Temperature, 2 [ITS-90, deg C]
# name 5 = c1mS/cm: Conductivity, 2 [mS/cm]
# name 6 = sbeox0ML/L: Oxygen, SBE 43 [ml/l]
# name 7 = sbeox1ML/L: Oxygen, SBE 43, 2 [ml/l]
# name 8 = flECO-AFL: Fluorescence, WET Labs ECO-AFL/FL [mg/m^3]
# name 9 = CStarTr0: Beam Transmission, WET Labs C-Star [%]
# name 10 = par: PAR/Irradiance, Biospherical/Licor
# name 11 = latitude: Latitude [deg]
# name 12 = longitude: Longitude [deg]
# name 13 = timeJ: Julian Days
# name 14 = altM: Altimeter [m]
# name 15 = spar: SPAR, Biospherical/Licor
# name 16 = timeS: Time, Elapsed [seconds]
# name 17 = scan: Scan Count
# name 18 = density00: Density [density, kg/m^3]
# name 19 = density11: Density, 2 [density, kg/m^3]
# name 20 = sal00: Salinity, Practical [PSU]
# name 21 = sal11: Salinity, Practical, 2 [PSU]
# name 22 = oxsolML/L: Oxygen Saturation, Garcia & Gordon [ml/l]
# name 23 = nbin: number of scans per bin
# name 24 = flag: flag
# span 0 =      1.000,   1148.000       
# span 1 =      0.991,   1133.622       
# span 2 =    -0.6686,     1.4843       
# span 3 =  27.430063,  30.582023       
# span 4 =    -0.6680,     1.4841       
# span 5 =  27.427957,  30.580881       
# span 6 =     4.0402,     9.6974       
# span 7 =     4.1004,     9.9460       
# span 8 =    -0.0227,     2.4104       
# span 9 =    80.2960,    91.2146       
# span 10 = 1.0000e-12, 2.2112e+00      
# span 11 =  -64.94192,  -64.94172      
# span 12 =  -64.47760,  -64.47527      
# span 13 = 346.108846, 346.147547      
# span 14 =       8.10,     104.56      
# span 15 = 0.0000e+00, 1.7629e+00      
# span 16 =    322.326,   3666.074      
# span 17 =       7737,      87987      
# span 18 =  1026.9999,  1033.1090      
# span 19 =  1026.9982,  1033.1080      
# span 20 =    33.5826,    34.6773      
# span 21 =    33.5809,    34.6759      
# span 22 =    7.72750,    8.23053      
# span 23 =          1,         67      
# span 24 = 0.0000e+00, 0.0000e+00      
# interval = decibars: 1                
# start_time = Dec 12 2021 02:31:22 [NMEA time, header]
# bad_flag = -9.990e-29
*END*
[from data line 1160]
   1132.000   1117.864     1.4830  30.574432     1.4829  30.573222     4.0591     4.1007    -0.0021    90.9319 1.0000e-12  -64.94186  -64.47611 346.129178      24.24 0.0000e+00   2078.947      49896  1033.0354  1033.0343    34.6772    34.6758    7.72776         25 0.0000e+00
   1131.000   1116.878     1.4830  30.573945     1.4828  30.572712     4.0506     4.1072     0.0041    90.9317 1.0000e-12  -64.94186  -64.47609 346.129202      25.57 0.0000e+00   2081.011      49945  1033.0308  1033.0297    34.6771    34.6757    7.72776         30 0.0000e+00
   1130.000   1115.894     1.4829  30.573423     1.4828  30.572245     4.0402     4.1079    -0.0018    90.9317 1.0000e-12  -64.94187  -64.47607 346.129223      26.34 0.0000e+00   2082.846      49989  1033.0261  1033.0250    34.6771    34.6757    7.72778         25 0.0000e+00
   1129.000   1114.909     1.4828  30.572919     1.4827  30.571746     4.0510     4.1046    -0.0021    90.9305 1.0000e-12  -64.94188  -64.47606 346.129233      27.26 0.0000e+00   2083.768      50011  1033.0216  1033.0205    34.6771    34.6757    7.72780         22 0.0000e+00
   1128.000   1113.924     1.4826  30.572358     1.4825  30.571151     4.0482     4.1082    -0.0008    90.9317 1.0000e-12  -64.94188  -64.47606 346.129244      28.27 0.0000e+00   2084.683      50033  1033.0170  1033.0159    34.6772    34.6757    7.72784         23 0.0000e+00
   1127.000   1112.940     1.4824  30.571783     1.4823  30.570506     4.0570     4.1105     0.0000    90.9589 1.0000e-12  -64.94188  -64.47606 346.129257      29.32 0.0000e+00   2085.795      50060  1033.0124  1033.0112    34.6772    34.6757    7.72787         31 0.0000e+00
   1126.000   1111.955     1.4824  30.571305     1.4824  30.570107     4.0466     4.1129    -0.0167    90.9773 1.0000e-12  -64.94188  -64.47606 346.129273      30.52 0.0000e+00   2087.187      50093  1033.0078  1033.0066    34.6771    34.6756    7.72788         32 0.0000e+00
   1125.000   1110.969     1.4824  30.570753     1.4822  30.569484     4.0570     4.1101    -0.0140    91.0059 1.0000e-12  -64.94188  -64.47608 346.129286      31.25 0.0000e+00   2088.291      50120  1033.0031  1033.0020    34.6770    34.6756    7.72789         22 0.0000e+00
   1124.000   1109.985     1.4823  30.570301     1.4821  30.568979     4.0521     4.1096    -0.0191    91.0089 1.0000e-12  -64.94188  -64.47606 346.129295      32.17 0.0000e+00   2089.110      50140  1032.9985  1032.9974    34.6771    34.6756    7.72791         18 0.0000e+00
   1123.000   1109.001     1.4822  30.569798     1.4821  30.568480     4.0496     4.1088    -0.0017    90.9933 1.0000e-12  -64.94188  -64.47606 346.129304      33.14 0.0000e+00   2089.849      50157  1032.9939  1032.9927    34.6771    34.6756    7.72792         18 0.0000e+00
   1122.000   1108.014     1.4820  30.569265     1.4819  30.568136     4.0554     4.1082    -0.0027    90.9993 1.0000e-12  -64.94188  -64.47606 346.129313      34.23 0.0000e+00   2090.660      50177  1032.9894  1032.9884    34.6771    34.6759    7.72795         22 0.0000e+00
   1121.000   1107.032     1.4820  30.568794     1.4819  30.567596     4.0565     4.1090    -0.0018    90.9894 1.0000e-12  -64.94188  -64.47605 346.129336      35.50 0.0000e+00   2092.615      50224  1032.9847  1032.9836    34.6771    34.6757    7.72795         37 0.0000e+00
   1120.000   1106.045     1.4820  30.568286     1.4819  30.567086     4.0494     4.1107     0.0020    90.9806 1.0000e-12  -64.94188  -64.47604 346.129361      36.30 0.0000e+00   2094.784      50276  1032.9800  1032.9790    34.6770    34.6756    7.72796         23 0.0000e+00
   1119.000   1105.060     1.4819  30.567902     1.4817  30.566688     4.0516     4.1105    -0.0120    90.9832 1.0000e-12  -64.94188  -64.47604 346.129370      37.07 0.0000e+00   2095.580      50295  1032.9755  1032.9745    34.6771    34.6758    7.72797         18 0.0000e+00
   1118.000   1104.075     1.4819  30.567280     1.4817  30.566152     4.0535     4.1088    -0.0117    90.9832 1.0000e-12  -64.94188  -64.47604 346.129379      38.21 0.0000e+00   2096.346      50313  1032.9708  1032.9699    34.6770    34.6758    7.72799         20 0.0000e+00
   1117.000   1103.089     1.4817  30.566780     1.4815  30.565474     4.0575     4.1038    -0.0056    90.9832 1.0000e-12  -64.94188  -64.47604 346.129389      39.28 0.0000e+00   2097.235      50335  1032.9663  1032.9652    34.6771    34.6757    7.72803         23 0.0000e+00
   1116.000   1102.106     1.4816  30.566298     1.4815  30.565154     4.0541     4.1088    -0.0021    90.9945 1.0000e-12  -64.94188  -64.47602 346.129405      40.48 0.0000e+00   2098.612      50368  1032.9618  1032.9606    34.6772    34.6758    7.72804         36 0.0000e+00
   1115.000   1101.121     1.4816  30.565804     1.4815  30.564594     4.0497     4.1098    -0.0006    90.9892 1.0000e-12  -64.94188  -64.47602 346.129421      41.31 0.0000e+00   2099.961      50400  1032.9570  1032.9560    34.6770    34.6757    7.72804         25 0.0000e+00
   1114.000   1100.137     1.4813  30.565185     1.4813  30.563940     4.0519     4.1083    -0.0024    91.0065 1.0000e-12  -64.94188  -64.47602 346.129431      42.19 0.0000e+00   2100.850      50421  1032.9525  1032.9513    34.6771    34.6756    7.72809         19 0.0000e+00
   1113.000   1099.151     1.4812  30.564694     1.4810  30.563461     4.0577     4.1065    -0.0077    90.9610 1.0000e-12  -64.94188  -64.47602 346.129440      43.08 0.0000e+00   2101.651      50441  1032.9480  1032.9468    34.6772    34.6758    7.72812         20 0.0000e+00
   1112.000   1098.166     1.4812  30.564112     1.4809  30.562851     4.0626     4.1056    -0.0074    90.9985 1.0000e-12  -64.94188  -64.47602 346.129451      44.23 0.0000e+00   2102.544      50462  1032.9432  1032.9422    34.6770    34.6756    7.72813         24 0.0000e+00
   1111.000   1097.180     1.4811  30.563655     1.4809  30.562387     4.0578     4.1102    -0.0030    90.9671 1.0000e-12  -64.94188  -64.47601 346.129469      45.57 0.0000e+00   2104.109      50500  1032.9386  1032.9375    34.6770    34.6756    7.72813         39 0.0000e+00
   1110.000   1096.197     1.4810  30.563130     1.4809  30.561915     4.0449     4.1121    -0.0021    91.0141 1.0000e-12  -64.94188  -64.47601 346.129490      46.47 0.0000e+00   2105.975      50544  1032.9340  1032.9329    34.6770    34.6756    7.72816         29 0.0000e+00
   1109.000   1095.210     1.4809  30.562674     1.4807  30.561332     4.0572     4.1104     0.0009    91.0077 1.0000e-12  -64.94188  -64.47601 346.129502      47.34 0.0000e+00   2106.977      50568  1032.9295  1032.9283    34.6771    34.6756    7.72818         23 0.0000e+00
   1108.000   1094.225     1.4807  30.562058     1.4807  30.560833     4.0572     4.1090     0.0005    91.0149 1.0000e-12  -64.94188  -64.47600 346.129513      48.42 0.0000e+00   2107.935      50591  1032.9248  1032.9237    34.6770    34.6756    7.72821         25 0.0000e+00
   1107.000   1093.241     1.4806  30.561564     1.4806  30.560394     4.0568     4.1091    -0.0032    91.0091 1.0000e-12  -64.94188  -64.47600 346.129526      49.54 0.0000e+00   2109.076      50619  1032.9202  1032.9191    34.6771    34.6756    7.72823         30 0.0000e+00
   1106.000   1092.256     1.4807  30.561186     1.4805  30.559895     4.0597     4.1098     0.0017    91.0209 1.0000e-12  -64.94188  -64.47600 346.129542      50.56 0.0000e+00   2110.449      50652  1032.9156  1032.9146    34.6770    34.6757    7.72821         33 0.0000e+00
   1105.000   1091.271     1.4806  30.560564     1.4803  30.559288     4.0530     4.1074     0.0033    91.0296 1.0000e-12  -64.94188  -64.47599 346.129556      51.39 0.0000e+00   2111.645      50680  1032.9109  1032.9099    34.6770    34.6756    7.72825         24 0.0000e+00
   1104.000   1090.286     1.4804  30.560019     1.4802  30.558754     4.0455     4.1094    -0.0000    91.0130 1.0000e-12  -64.94188  -64.47600 346.129566      52.25 0.0000e+00   2112.542      50702  1032.9064  1032.9053    34.6769    34.6756    7.72827         19 0.0000e+00
   1103.000   1089.301     1.4802  30.559448     1.4801  30.558219     4.0467     4.1091    -0.0029    91.0118 1.0000e-12  -64.94188  -64.47598 346.129576      53.28 0.0000e+00   2113.319      50721  1032.9018  1032.9007    34.6770    34.6756    7.72831         18 0.0000e+00
   1102.000   1088.316     1.4800  30.558777     1.4799  30.557532     4.0502     4.1088    -0.0122    91.0223 1.0000e-12  -64.94188  -64.47598 346.129584      54.19 0.0000e+00   2114.073      50739  1032.8972  1032.8961    34.6769    34.6755    7.72836         19 0.0000e+00
   1101.000   1087.331     1.4798  30.558142     1.4796  30.556880     4.0593     4.1084    -0.0173    91.0229 1.0000e-12  -64.94188  -64.47597 346.129594      55.36 0.0000e+00   2114.952      50760  1032.8926  1032.8915    34.6769    34.6755    7.72840         24 0.0000e+00
   1100.000   1086.346     1.4801  30.558071     1.4800  30.556813     4.0566     4.1079    -0.0104    91.0236 1.0000e-12  -64.94188  -64.47596 346.129633      56.52 0.0000e+00   2118.252      50839  1032.8880  1032.8869    34.6770    34.6756    7.72833         31 0.0000e+00
   1099.000   1085.363     1.4800  30.557413     1.4797  30.556171     4.0500     4.1107    -0.0094    91.0088 1.0000e-12  -64.94188  -64.47596 346.129651      57.23 0.0000e+00   2119.843      50877  1032.8833  1032.8823    34.6769    34.6757    7.72837         17 0.0000e+00
   1098.000   1084.377     1.4798  30.556785     1.4795  30.555522     4.0579     4.1120     0.0049    91.0089 1.0000e-12  -64.94188  -64.47596 346.129658      58.30 0.0000e+00   2120.484      50893  1032.8787  1032.8776    34.6768    34.6755    7.72841         14 0.0000e+00
   1097.000   1083.390     1.4796  30.556177     1.4794  30.555056     4.0595     4.1053     0.0054    91.0146 1.0000e-12  -64.94188  -64.47596 346.129665      59.32 0.0000e+00   2121.081      50907  1032.8741  1032.8731    34.6768    34.6756    7.72845         14 0.0000e+00
   1096.000   1082.408     1.4794  30.555694     1.4794  30.554492     4.0532     4.1035     0.0045    91.0313 1.0000e-12  -64.94188  -64.47596 346.129672      60.12 0.0000e+00   2121.669      50921  1032.8696  1032.8684    34.6769    34.6755    7.72847         15 0.0000e+00
   1095.000   1081.420     1.4794  30.555178     1.4793  30.553947     4.0550     4.1088     0.0028    91.0236 1.0000e-12  -64.94188  -64.47596 346.129679      61.29 0.0000e+00   2122.295      50936  1032.8649  1032.8638    34.6768    34.6754    7.72848         16 0.0000e+00
   1094.000   1080.436     1.4792  30.554595     1.4792  30.553398     4.0578     4.1095    -0.0017    91.0083 1.0000e-12  -64.94188  -64.47596 346.129688      62.44 0.0000e+00   2123.031      50954  1032.8603  1032.8591    34.6768    34.6754    7.72852         20 0.0000e+00
   1093.000   1079.451     1.4792  30.554153     1.4792  30.553107     4.0526     4.1077    -0.0041    91.0088 1.0000e-12  -64.94188  -64.47594 346.129700      63.64 0.0000e+00   2124.068      50979  1032.8556  1032.8546    34.6768    34.6755    7.72851         32 0.0000e+00
   1092.000   1078.464     1.4793  30.553768     1.4792  30.552615     4.0574     4.1079    -0.0153    91.0096 1.0000e-12  -64.94188  -64.47592 346.129721      64.83 0.0000e+00   2125.899      51023  1032.8510  1032.8500    34.6768    34.6755    7.72850         36 0.0000e+00
   1091.000   1077.481     1.4789  30.552989     1.4787  30.551818     4.0559     4.1115    -0.0045    91.0326 1.0000e-12  -64.94188  -64.47590 346.129757      65.87 0.0000e+00   2129.014      51097  1032.8464  1032.8454    34.6768    34.6755    7.72858         29 0.0000e+00
   1090.000   1076.496     1.4792  30.552710     1.4789  30.551584     4.0545     4.1157    -0.0039    91.0347 1.0000e-12  -64.94188  -64.47592 346.129772      66.60 0.0000e+00   2130.313      51129  1032.8417  1032.8408    34.6767    34.6755    7.72853         19 0.0000e+00
   1089.000   1075.513     1.4789  30.552249     1.4790  30.551079     4.0528     4.1120    -0.0012    91.0347 1.0000e-12  -64.94188  -64.47592 346.129781      67.39 0.0000e+00   2131.041      51146  1032.8373  1032.8361    34.6769    34.6754    7.72857         16 0.0000e+00
   1088.000   1074.523     1.4786  30.551497     1.4786  30.550220     4.0570     4.1096    -0.0020    91.0347 1.0000e-12  -64.94188  -64.47592 346.129788      68.10 0.0000e+00   2131.655      51161  1032.8326  1032.8314    34.6768    34.6753    7.72863         14 0.0000e+00
   1087.000   1073.541     1.4786  30.551008     1.4785  30.549751     4.0592     4.1118    -0.0035    91.0347 1.0000e-12  -64.94188  -64.47592 346.129795      69.42 0.0000e+00   2132.256      51175  1032.8280  1032.8268    34.6768    34.6753    7.72864         14 0.0000e+00
   1086.000   1072.555     1.4784  30.550434     1.4783  30.549189     4.0595     4.1118    -0.0036    91.0347 1.0000e-12  -64.94188  -64.47592 346.129802      70.34 0.0000e+00   2132.890      51190  1032.8234  1032.8222    34.6768    34.6753    7.72867         16 0.0000e+00
   1085.000   1071.571     1.4783  30.549875     1.4782  30.548659     4.0590     4.1122    -0.0021    91.0165 1.0000e-12  -64.94188  -64.47592 346.129811      71.56 0.0000e+00   2133.662      51209  1032.8187  1032.8177    34.6767    34.6754    7.72870         22 0.0000e+00
   1084.000   1070.585     1.4784  30.549457     1.4782  30.548267     4.0564     4.1113    -0.0049    91.0241 1.0000e-12  -64.94188  -64.47591 346.129826      72.78 0.0000e+00   2134.969      51240  1032.8141  1032.8130    34.6767    34.6754    7.72869         38 0.0000e+00
   1083.000   1069.601     1.4782  30.549022     1.4781  30.547704     4.0515     4.1110    -0.0104    91.0313 1.0000e-12  -64.94188  -64.47589 346.129845      73.75 0.0000e+00   2136.602      51279  1032.8096  1032.8085    34.6769    34.6754    7.72872         30 0.0000e+00
   1082.000   1068.614     1.4782  30.548514     1.4781  30.547307     4.0594     4.1126    -0.0120    91.0102 1.0000e-12  -64.94188  -64.47587 346.129862      74.80 0.0000e+00   2138.097      51315  1032.8049  1032.8039    34.6768    34.6754    7.72872         40 0.0000e+00
   1081.000   1067.630     1.4780  30.547881     1.4780  30.546765     4.0563     4.1077    -0.0039    91.0386 1.0000e-12  -64.94188  -64.47586 346.129890      75.78 0.0000e+00   2140.526      51374  1032.8003  1032.7993    34.6768    34.6754    7.72876         33 0.0000e+00
   1080.000   1066.646     1.4778  30.547327     1.4778  30.546119     4.0483     4.1127    -0.0033    91.0359 1.0000e-12  -64.94188  -64.47587 346.129904      76.54 0.0000e+00   2141.672      51401  1032.7957  1032.7946    34.6768    34.6753    7.72880         20 0.0000e+00
   1079.000   1065.660     1.4776  30.546748     1.4775  30.545490     4.0505     4.1100    -0.0141    91.0363 1.0000e-12  -64.94188  -64.47588 346.129912      77.34 0.0000e+00   2142.395      51418  1032.7911  1032.7900    34.6768    34.6753    7.72883         16 0.0000e+00
   1078.000   1064.675     1.4775  30.546193     1.4775  30.545010     4.0565     4.1099    -0.0103    91.0583 1.0000e-12  -64.94188  -64.47588 346.129919      78.21 0.0000e+00   2143.014      51433  1032.7865  1032.7854    34.6768    34.6753    7.72885         14 0.0000e+00
   1077.000   1063.691     1.4775  30.545676     1.4775  30.544516     4.0586     4.1093    -0.0022    91.0526 1.0000e-12  -64.94188  -64.47588 346.129926      79.30 0.0000e+00   2143.576      51447  1032.7819  1032.7807    34.6767    34.6752    7.72887         13 0.0000e+00
   1076.000   1062.705     1.4775  30.545302     1.4774  30.544034     4.0555     4.1086    -0.0062    91.0434 1.0000e-12  -64.94188  -64.47588 346.129932      80.41 0.0000e+00   2144.157      51461  1032.7773  1032.7762    34.6768    34.6753    7.72886         15 0.0000e+00
