NBP2113_155081_ctd/data/nbp2113_042.cnv
* Sea-Bird SBE 9 Data File:
* FileName = D:\Data\raw\NBP2113_042.hex
* Software Version Seasave V 7.26.7.121
* Temperature SN = 2438
* Conductivity SN = 2067
* Number of Bytes Per Scan = 40
* Number of Voltage Words = 5
* Number of Scans Averaged by the Deck Unit = 1
* NMEA Latitude = 64 49.83 S
* NMEA Longitude = 063 54.10 W
* NMEA UTC (Time) = Dec 10 2021  15:52:47
* NMEA baud rate = 9600
** Ship: RVIB N.B. Palmer
** Cruise: NBP2113 LTER
** Station: 624.030
** Operator: S. Blackman
# nquan = 25
# nvalues = 811                         
# units = specified
# name 0 = prDM: Pressure, Digiquartz [db]
# name 1 = depSM: Depth [salt water, m]
# name 2 = t090C: Temperature [ITS-90, deg C]
# name 3 = c0mS/cm: Conductivity [mS/cm]
# name 4 = t190C: Temperature, 2 [ITS-90, deg C]
# name 5 = c1mS/cm: Conductivity, 2 [mS/cm]
# name 6 = sbeox0ML/L: Oxygen, SBE 43 [ml/l]
# name 7 = sbeox1ML/L: Oxygen, SBE 43, 2 [ml/l]
# name 8 = flECO-AFL: Fluorescence, WET Labs ECO-AFL/FL [mg/m^3]
# name 9 = CStarTr0: Beam Transmission, WET Labs C-Star [%]
# name 10 = par: PAR/Irradiance, Biospherical/Licor
# name 11 = latitude: Latitude [deg]
# name 12 = longitude: Longitude [deg]
# name 13 = timeJ: Julian Days
# name 14 = altM: Altimeter [m]
# name 15 = spar: SPAR, Biospherical/Licor
# name 16 = timeS: Time, Elapsed [seconds]
# name 17 = scan: Scan Count
# name 18 = density00: Density [density, kg/m^3]
# name 19 = density11: Density, 2 [density, kg/m^3]
# name 20 = sal00: Salinity, Practical [PSU]
# name 21 = sal11: Salinity, Practical, 2 [PSU]
# name 22 = oxsolML/L: Oxygen Saturation, Garcia & Gordon [ml/l]
# name 23 = nbin: number of scans per bin
# name 24 = flag: flag
# span 0 =      1.000,    408.000       
# span 1 =      0.989,    403.610       
# span 2 =    -0.3913,     1.1590       
# span 3 =  27.879212,  29.918450       
# span 4 =    -0.3903,     1.1593       
# span 5 =  27.877804,  29.917722       
# span 6 =     4.4699,     9.5381       
# span 7 =     4.5359,     9.8822       
# span 8 =    -0.0180,     1.8733       
# span 9 =    84.7100,    91.9981       
# span 10 = -2.251e-06, 2.4163e+03      
# span 11 =  -64.83128,  -64.83080      
# span 12 =  -63.90174,  -63.90162      
# span 13 = 344.664334, 344.684065      
# span 14 =       6.12,     100.70      
# span 15 = 1.2127e+03, 1.5964e+03      
# span 16 =    231.448,   1936.228      
# span 17 =       5556,      46470      
# span 18 =  1027.1171,  1029.6390      
# span 19 =  1027.1155,  1029.6379      
# span 20 =    33.7531,    34.6037      
# span 21 =    33.7512,    34.6023      
# span 22 =    7.79569,    8.14915      
# span 23 =         10,         49      
# span 24 = 0.0000e+00, 0.0000e+00      
# interval = decibars: 1                
# start_time = Dec 10 2021 15:52:47 [NMEA time, header]
# bad_flag = -9.990e-29
*END*
[from data line 232]
    237.000    234.545     0.9695  29.642225     0.9694  29.640944     4.7409     4.8048     0.0092    91.8891 1.0000e-12  -64.83116  -63.90168 344.669088      99.97 1.4983e+03    642.205      15414  1028.8121  1028.8108    34.5579    34.5564    7.83607         31 0.0000e+00
    238.000    235.533     0.9719  29.644967     0.9718  29.644008     4.7259     4.7954     0.0015    91.9075 1.0000e-12  -64.83116  -63.90168 344.669120      99.97 1.4963e+03    644.964      15480  1028.8168  1028.8160    34.5582    34.5571    7.83556         37 0.0000e+00
    239.000    236.522     0.9776  29.651904     0.9768  29.650380     4.7214     4.7970    -0.0005    91.8781 1.0000e-12  -64.83116  -63.90168 344.669137      99.97 1.4936e+03    646.423      15515  1028.8227  1028.8219    34.5602    34.5591    7.83431         26 0.0000e+00
    240.000    237.512     0.9763  29.651150     0.9756  29.649620     4.7242     4.7949    -0.0004    91.9297 1.0000e-12  -64.83116  -63.90168 344.669148      99.97 1.4920e+03    647.363      15538  1028.8275  1028.8266    34.5601    34.5589    7.83458         23 0.0000e+00
    241.000    238.500     0.9765  29.651675     0.9759  29.650303     4.7251     4.7912    -0.0004    91.9151 1.0000e-12  -64.83116  -63.90166 344.669158      99.97 1.4914e+03    648.290      15560  1028.8321  1028.8313    34.5600    34.5589    7.83454         21 0.0000e+00
    242.000    239.490     0.9773  29.652900     0.9766  29.651315     4.7193     4.7890     0.0053    91.9078 1.0000e-12  -64.83116  -63.90166 344.669169      99.97 1.4914e+03    649.197      15582  1028.8369  1028.8360    34.5600    34.5589    7.83438         22 0.0000e+00
    243.000    240.480     0.9785  29.654435     0.9771  29.652327     4.7214     4.7935     0.0069    91.9102 1.0000e-12  -64.83116  -63.90166 344.669179      99.97 1.4914e+03    650.054      15602  1028.8416  1028.8408    34.5602    34.5590    7.83414         20 0.0000e+00
    244.000    241.469     0.9795  29.656068     0.9788  29.654528     4.7260     4.7866     0.0054    91.9222 1.0000e-12  -64.83116  -63.90166 344.669188      99.97 1.4914e+03    650.863      15622  1028.8465  1028.8456    34.5605    34.5593    7.83391         19 0.0000e+00
    245.000    242.457     0.9799  29.656943     0.9792  29.655439     4.7241     4.7833    -0.0004    91.9224 1.0000e-12  -64.83116  -63.90167 344.669197      99.97 1.4914e+03    651.661      15641  1028.8514  1028.8505    34.5607    34.5595    7.83383         19 0.0000e+00
    246.000    243.447     0.9799  29.657398     0.9794  29.656121     4.7198     4.7852     0.0056    91.8973 1.0000e-12  -64.83116  -63.90168 344.669208      99.97 1.4929e+03    652.564      15663  1028.8561  1028.8553    34.5606    34.5596    7.83382         25 0.0000e+00
    247.000    244.437     0.9832  29.661192     0.9824  29.659375     4.7060     4.7766     0.0031    91.8950 1.0000e-12  -64.83116  -63.90168 344.669226      99.97 1.4925e+03    654.109      15700  1028.8610  1028.8599    34.5613    34.5598    7.83313         39 0.0000e+00
    248.000    245.424     0.9976  29.676545     0.9962  29.674000     4.6666     4.7503    -0.0003    91.9013 1.0000e-12  -64.83116  -63.90168 344.669255      99.97 1.4868e+03    656.596      15759  1028.8670  1028.8657    34.5646    34.5628    7.83007         40 0.0000e+00
    249.000    246.412     1.0101  29.690446     1.0096  29.689054     4.6636     4.7355    -0.0004    91.9243 1.0000e-12  -64.83116  -63.90168 344.669275      99.97 1.4834e+03    658.347      15801  1028.8734  1028.8724    34.5680    34.5667    7.82738         37 0.0000e+00
    250.000    247.403     1.0151  29.696330     1.0145  29.694909     4.6403     4.7176     0.0027    91.9155 1.0000e-12  -64.83116  -63.90168 344.669292      99.97 1.4815e+03    659.815      15837  1028.8789  1028.8780    34.5694    34.5682    7.82629         33 0.0000e+00
    251.000    248.392     1.0254  29.706906     1.0245  29.705339     4.6287     4.7093     0.0108    91.9471 1.0000e-12  -64.83116  -63.90168 344.669305      99.97 1.4807e+03    660.961      15864  1028.8840  1028.8833    34.5711    34.5700    7.82414         22 0.0000e+00
    252.000    249.380     1.0348  29.718182     1.0343  29.716873     4.6270     4.7041     0.0116    91.9386 1.0000e-12  -64.83116  -63.90168 344.669315      99.97 1.4791e+03    661.800      15884  1028.8907  1028.8899    34.5745    34.5735    7.82207         19 0.0000e+00
    253.000    250.371     1.0367  29.720626     1.0361  29.719094     4.6250     4.7012    -0.0077    91.9103 1.0000e-12  -64.83116  -63.90168 344.669324      99.97 1.4791e+03    662.561      15902  1028.8957  1028.8947    34.5750    34.5737    7.82166         18 0.0000e+00
    254.000    251.357     1.0390  29.723437     1.0383  29.721916     4.6190     4.6991    -0.0077    91.9144 1.0000e-12  -64.83116  -63.90168 344.669332      99.97 1.4791e+03    663.305      15920  1028.9007  1028.8998    34.5755    34.5743    7.82117         18 0.0000e+00
    255.000    252.348     1.0425  29.727725     1.0418  29.726263     4.6179     4.6968    -0.0057    91.9342 1.0000e-12  -64.83116  -63.90168 344.669342      99.97 1.4797e+03    664.107      15940  1028.9059  1028.9051    34.5765    34.5754    7.82041         21 0.0000e+00
    256.000    253.337     1.0445  29.730337     1.0440  29.728846     4.6214     4.6998    -0.0006    91.9263 1.0000e-12  -64.83116  -63.90168 344.669354      99.97 1.4791e+03    665.159      15965  1028.9110  1028.9100    34.5770    34.5758    7.81998         31 0.0000e+00
    257.000    254.324     1.0459  29.732417     1.0454  29.730849     4.6236     4.6965     0.0008    91.9396 1.0000e-12  -64.83116  -63.90168 344.669373      99.97 1.4770e+03    666.842      16005  1028.9162  1028.9151    34.5777    34.5762    7.81968         36 0.0000e+00
    258.000    255.314     1.0467  29.733484     1.0463  29.732104     4.6320     4.6973    -0.0010    91.9183 1.0000e-12  -64.83116  -63.90168 344.669395      99.97 1.4750e+03    668.765      16051  1028.9210  1028.9200    34.5776    34.5763    7.81953         42 0.0000e+00
    259.000    256.304     1.0471  29.734314     1.0466  29.732920     4.6357     4.6947     0.0063    91.9546 1.0000e-12  -64.83116  -63.90168 344.669414      99.97 1.4729e+03    670.360      16090  1028.9258  1028.9248    34.5776    34.5763    7.81945         36 0.0000e+00
    260.000    257.293     1.0475  29.735073     1.0470  29.733648     4.6297     4.6972     0.0042    91.9255 1.0000e-12  -64.83116  -63.90168 344.669431      99.97 1.4702e+03    671.810      16124  1028.9305  1028.9295    34.5776    34.5763    7.81937         30 0.0000e+00
    261.000    258.281     1.0488  29.736816     1.0484  29.735583     4.6297     4.6948     0.0049    91.9526 1.0000e-12  -64.83116  -63.90168 344.669447      99.97 1.4702e+03    673.214      16158  1028.9354  1028.9345    34.5778    34.5766    7.81910         32 0.0000e+00
    262.000    259.270     1.0502  29.738721     1.0501  29.737890     4.6261     4.6926     0.0013    91.9688 1.0000e-12  -64.83116  -63.90168 344.669461      99.97 1.4702e+03    674.407      16187  1028.9402  1028.9394    34.5781    34.5771    7.81880         26 0.0000e+00
    263.000    260.260     1.0508  29.739950     1.0503  29.738518     4.6214     4.6903    -0.0004    91.9516 1.0000e-12  -64.83116  -63.90168 344.669473      99.97 1.4692e+03    675.462      16212  1028.9451  1028.9442    34.5784    34.5772    7.81865         24 0.0000e+00
    264.000    261.249     1.0510  29.740460     1.0504  29.739048     4.6268     4.6912    -0.0048    91.8690 1.0000e-12  -64.83116  -63.90168 344.669484      99.97 1.4668e+03    676.412      16235  1028.9498  1028.9489    34.5783    34.5771    7.81863         22 0.0000e+00
    265.000    262.237     1.0514  29.741366     1.0507  29.739859     4.6273     4.6914    -0.0050    91.9415 1.0000e-12  -64.83116  -63.90168 344.669494      99.97 1.4638e+03    677.308      16256  1028.9546  1028.9536    34.5784    34.5772    7.81854         22 0.0000e+00
    266.000    263.226     1.0520  29.742421     1.0517  29.741212     4.6178     4.6835     0.0015    91.9216 1.0000e-12  -64.83116  -63.90168 344.669505      99.97 1.4618e+03    678.239      16279  1028.9594  1028.9584    34.5785    34.5773    7.81842         24 0.0000e+00
    267.000    264.215     1.0560  29.746771     1.0554  29.745279     4.6115     4.6800     0.0018    91.9456 1.0000e-12  -64.83116  -63.90168 344.669518      99.97 1.4602e+03    679.400      16307  1028.9642  1028.9632    34.5791    34.5778    7.81759         33 0.0000e+00
    268.000    265.204     1.0629  29.754953     1.0618  29.752682     4.6029     4.6744     0.0027    91.9128 1.0000e-12  -64.83116  -63.90168 344.669537      99.97 1.4570e+03    681.034      16346  1028.9701  1028.9688    34.5814    34.5797    7.81608         40 0.0000e+00
    269.000    266.192     1.0667  29.759303     1.0654  29.756998     4.5951     4.6665     0.0052    91.9187 1.0000e-12  -64.83116  -63.90168 344.669555      99.97 1.4547e+03    682.577      16383  1028.9751  1028.9740    34.5822    34.5806    7.81528         30 0.0000e+00
    270.000    267.182     1.0700  29.763296     1.0694  29.761778     4.5900     4.6682    -0.0029    91.9683 1.0000e-12  -64.83116  -63.90168 344.669570      99.97 1.4530e+03    683.812      16412  1028.9803  1028.9793    34.5830    34.5818    7.81456         26 0.0000e+00
    271.000    268.170     1.0718  29.765607     1.0710  29.763974     4.5790     4.6585    -0.0077    91.8521 1.0000e-12  -64.83116  -63.90168 344.669582      99.97 1.4508e+03    684.865      16438  1028.9852  1028.9843    34.5835    34.5822    7.81419         27 0.0000e+00
    272.000    269.160     1.0763  29.770626     1.0753  29.768740     4.5504     4.6343     0.0009    91.9694 1.0000e-12  -64.83116  -63.90168 344.669597      99.97 1.4486e+03    686.186      16469  1028.9903  1028.9892    34.5844    34.5830    7.81324         35 0.0000e+00
    273.000    270.148     1.0998  29.795299     1.0977  29.792022     4.5266     4.6185     0.0004    91.9441 1.0000e-12  -64.83116  -63.90168 344.669615      99.97 1.4467e+03    687.759      16507  1028.9968  1028.9955    34.5895    34.5876    7.80828         37 0.0000e+00
    274.000    271.138     1.1048  29.802015     1.1034  29.799985     4.5204     4.6052    -0.0032    91.9693 1.0000e-12  -64.83116  -63.90168 344.669632      99.97 1.4444e+03    689.210      16542  1029.0032  1029.0024    34.5920    34.5908    7.80714         32 0.0000e+00
    275.000    272.124     1.1147  29.812113     1.1139  29.810227     4.5195     4.6028     0.0034    91.9714 1.0000e-12  -64.83116  -63.90168 344.669646      99.97 1.4420e+03    690.372      16570  1029.0081  1029.0069    34.5933    34.5918    7.80508         24 0.0000e+00
    276.000    273.116     1.1144  29.812822     1.1143  29.812097     4.5279     4.6066    -0.0063    91.9850 1.0000e-12  -64.83116  -63.90168 344.669657      99.97 1.4414e+03    691.332      16593  1029.0136  1029.0129    34.5941    34.5932    7.80512         24 0.0000e+00
    277.000    274.104     1.1164  29.815511     1.1152  29.813722     4.5337     4.6041    -0.0005    91.9510 1.0000e-12  -64.83116  -63.90168 344.669669      99.97 1.4403e+03    692.356      16618  1029.0187  1029.0180    34.5947    34.5937    7.80468         25 0.0000e+00
    278.000    275.094     1.1156  29.814856     1.1115  29.809690     4.5380     4.6024    -0.0023    91.9830 1.0000e-12  -64.83116  -63.90168 344.669682      99.97 1.4386e+03    693.532      16646  1029.0232  1029.0219    34.5941    34.5920    7.80487         31 0.0000e+00
    279.000    276.082     1.1171  29.817227     1.1151  29.813930     4.5369     4.5959    -0.0077    91.9659 1.0000e-12  -64.83116  -63.90168 344.669699      99.97 1.4353e+03    694.955      16680  1029.0285  1029.0271    34.5949    34.5929    7.80452         37 0.0000e+00
    280.000    277.071     1.1187  29.819125     1.1174  29.816609     4.5441     4.5967    -0.0077    91.9624 1.0000e-12  -64.83114  -63.90168 344.669715      99.97 1.4320e+03    696.394      16714  1029.0332  1029.0319    34.5950    34.5932    7.80419         31 0.0000e+00
    281.000    278.059     1.1189  29.819616     1.1181  29.818028     4.5424     4.6016    -0.0011    91.9535 1.0000e-12  -64.83114  -63.90168 344.669728      99.97 1.4297e+03    697.474      16740  1029.0379  1029.0370    34.5948    34.5937    7.80417         22 0.0000e+00
    282.000    279.048     1.1178  29.819296     1.1169  29.817552     4.5332     4.5994    -0.0051    91.9896 1.0000e-12  -64.83114  -63.90168 344.669738      99.97 1.4297e+03    698.346      16761  1029.0429  1029.0419    34.5951    34.5938    7.80438         20 0.0000e+00
    283.000    280.038     1.1181  29.819634     1.1177  29.818461     4.5331     4.5970    -0.0077    91.9692 1.0000e-12  -64.83114  -63.90168 344.669749      99.97 1.4297e+03    699.280      16784  1029.0472  1029.0464    34.5946    34.5935    7.80434         25 0.0000e+00
    284.000    281.027     1.1197  29.821828     1.1203  29.821552     4.5345     4.5941    -0.0036    91.9981 1.0000e-12  -64.83114  -63.90168 344.669762      99.97 1.4286e+03    700.459      16812  1029.0522  1029.0513    34.5951    34.5940    7.80400         33 0.0000e+00
    285.000    282.015     1.1217  29.824540     1.1212  29.823079     4.5317     4.5968     0.0045    91.9816 1.0000e-12  -64.83114  -63.90168 344.669780      99.97 1.4258e+03    701.999      16849  1029.0573  1029.0562    34.5957    34.5944    7.80356         38 0.0000e+00
    286.000    283.003     1.1214  29.824606     1.1211  29.823273     4.5298     4.5949    -0.0075    91.9684 1.0000e-12  -64.83116  -63.90170 344.669799      99.97 1.4244e+03    703.652      16889  1029.0620  1029.0609    34.5955    34.5942    7.80363         36 0.0000e+00
    287.000    283.993     1.1214  29.824845     1.1223  29.824852     4.5248     4.5914    -0.0026    91.9631 1.0000e-12  -64.83114  -63.90168 344.669817      99.97 1.4222e+03    705.225      16926  1029.0665  1029.0656    34.5952    34.5943    7.80364         36 0.0000e+00
    288.000    284.981     1.1257  29.829999     1.1252  29.828675     4.5306     4.5970    -0.0076    91.9734 1.0000e-12  -64.83114  -63.90168 344.669835      99.97 1.4193e+03    706.730      16963  1029.0718  1029.0709    34.5965    34.5954    7.80272         30 0.0000e+00
    289.000    285.969     1.1249  29.829699     1.1238  29.827927     4.5383     4.5938     0.0006    91.9617 1.0000e-12  -64.83114  -63.90168 344.669851      99.97 1.4152e+03    708.095      16995  1029.0766  1029.0758    34.5964    34.5954    7.80288         28 0.0000e+00
    290.000    286.959     1.1198  29.824773     1.1192  29.823123     4.5454     4.5974    -0.0024    91.9804 1.0000e-12  -64.83114  -63.90168 344.669863      99.97 1.4138e+03    709.148      17021  1029.0809  1029.0797    34.5953    34.5937    7.80397         22 0.0000e+00
    291.000    287.947     1.1194  29.824620     1.1187  29.823153     4.5346     4.5996    -0.0150    91.9440 1.0000e-12  -64.83114  -63.90168 344.669873      99.97 1.4138e+03    710.001      17041  1029.0853  1029.0845    34.5949    34.5937    7.80406         19 0.0000e+00
    292.000    288.937     1.1197  29.825348     1.1192  29.824146     4.5344     4.5974    -0.0150    91.9358 1.0000e-12  -64.83114  -63.90168 344.669882      99.97 1.4144e+03    710.821      17061  1029.0900  1029.0892    34.5949    34.5939    7.80401         20 0.0000e+00
    293.000    289.927     1.1206  29.826646     1.1195  29.824820     4.5334     4.5993    -0.0088    91.9174 1.0000e-12  -64.83114  -63.90168 344.669892      99.97 1.4156e+03    711.679      17081  1029.0948  1029.0939    34.5950    34.5938    7.80382         22 0.0000e+00
