NBP2113_155081_ctd/data/nbp2113_039.cnv
* Sea-Bird SBE 9 Data File:
* FileName = D:\Data\raw\NBP2113_039.hex
* Software Version Seasave V 7.26.7.121
* Temperature SN = 2438
* Conductivity SN = 2067
* Number of Bytes Per Scan = 40
* Number of Voltage Words = 5
* Number of Scans Averaged by the Deck Unit = 1
* NMEA Latitude = 64 52.75 S
* NMEA Longitude = 063 56.20 W
* NMEA UTC (Time) = Dec 10 2021  11:48:20
* NMEA baud rate = 9600
** Ship: RVIB N.B. Palmer
** Cruise: NBP2113 LTER
** Station: 619.027
** Operator: B. Urmston
# nquan = 25
# nvalues = 534                         
# units = specified
# name 0 = prDM: Pressure, Digiquartz [db]
# name 1 = depSM: Depth [salt water, m]
# name 2 = t090C: Temperature [ITS-90, deg C]
# name 3 = c0mS/cm: Conductivity [mS/cm]
# name 4 = t190C: Temperature, 2 [ITS-90, deg C]
# name 5 = c1mS/cm: Conductivity, 2 [mS/cm]
# name 6 = sbeox0ML/L: Oxygen, SBE 43 [ml/l]
# name 7 = sbeox1ML/L: Oxygen, SBE 43, 2 [ml/l]
# name 8 = flECO-AFL: Fluorescence, WET Labs ECO-AFL/FL [mg/m^3]
# name 9 = CStarTr0: Beam Transmission, WET Labs C-Star [%]
# name 10 = par: PAR/Irradiance, Biospherical/Licor
# name 11 = latitude: Latitude [deg]
# name 12 = longitude: Longitude [deg]
# name 13 = timeJ: Julian Days
# name 14 = altM: Altimeter [m]
# name 15 = spar: SPAR, Biospherical/Licor
# name 16 = timeS: Time, Elapsed [seconds]
# name 17 = scan: Scan Count
# name 18 = density00: Density [density, kg/m^3]
# name 19 = density11: Density, 2 [density, kg/m^3]
# name 20 = sal00: Salinity, Practical [PSU]
# name 21 = sal11: Salinity, Practical, 2 [PSU]
# name 22 = oxsolML/L: Oxygen Saturation, Garcia & Gordon [ml/l]
# name 23 = nbin: number of scans per bin
# name 24 = flag: flag
# span 0 =      1.000,    270.000       
# span 1 =      0.990,    267.165       
# span 2 =    -0.3465,     1.2209       
# span 3 =  27.883225,  29.922690       
# span 4 =    -0.3459,     1.2252       
# span 5 =  27.881627,  29.926205       
# span 6 =     4.3942,     9.6375       
# span 7 =     4.4689,     9.8454       
# span 8 =    -0.0077,     1.6014       
# span 9 =    89.2247,    94.9695       
# span 10 = -1.202e-05, 3.9893e+02      
# span 11 =  -64.87890,  -64.87844      
# span 12 =  -63.93684,  -63.93677      
# span 13 = 344.494863, 344.510098      
# span 14 =       8.02,      99.98      
# span 15 = 2.9088e+02, 3.7061e+02      
# span 16 =    256.167,   1572.441      
# span 17 =       6149,      37740      
# span 18 =  1027.1954,  1028.9998      
# span 19 =  1027.1938,  1028.9986      
# span 20 =    33.8452,    34.6208      
# span 21 =    33.8426,    34.6203      
# span 22 =    7.78250,    8.14895      
# span 23 =          9,         48      
# span 24 = 0.0000e+00, 0.0000e+00      
# interval = decibars: 1                
# start_time = Dec 10 2021 11:48:20 [NMEA time, header]
# bad_flag = -9.990e-29
*END*
[from data line 348]
    186.000    184.095     0.7982  29.427000     0.8002  29.427365     5.0858     5.1364     0.0354    94.8159 1.0000e-12  -64.87886  -63.93681 344.504398      93.16 2.9264e+02   1080.024      25922  1028.5373  1028.5358    34.4998    34.4982    7.87376         27 0.0000e+00
    185.000    183.104     0.7879  29.415506     0.7918  29.418695     5.1093     5.1509     0.0289    94.8280 1.0000e-12  -64.87886  -63.93682 344.504410      93.66 2.9264e+02   1081.015      25945  1028.5312  1028.5307    34.4970    34.4969    7.87600         22 0.0000e+00
    184.000    182.119     0.7722  29.396844     0.7743  29.398303     5.1325     5.1720     0.0148    94.8320 1.0000e-12  -64.87886  -63.93682 344.504420      94.69 2.9264e+02   1081.868      25966  1028.5230  1028.5225    34.4909    34.4905    7.87952         19 0.0000e+00
    183.000    181.127     0.7658  29.389844     0.7663  29.388804     5.1456     5.1824     0.0223    94.8200 1.0000e-12  -64.87886  -63.93683 344.504429      95.74 2.9264e+02   1082.662      25985  1028.5177  1028.5161    34.4895    34.4876    7.88089         19 0.0000e+00
    182.000    180.137     0.7538  29.376050     0.7569  29.378515     5.1380     5.1800     0.0303    94.8039 1.0000e-12  -64.87886  -63.93684 344.504438      96.92 2.9264e+02   1083.444      26004  1028.5109  1028.5104    34.4856    34.4853    7.88355         19 0.0000e+00
    181.000    179.150     0.7474  29.368291     0.7492  29.369202     5.1268     5.1720     0.0365    94.7783 1.0000e-12  -64.87886  -63.93682 344.504448      97.24 2.9256e+02   1084.286      26024  1028.5046  1028.5038    34.4831    34.4823    7.88497         21 0.0000e+00
    180.000    178.158     0.7477  29.366990     0.7501  29.368339     5.1339     5.1724     0.0430    94.7684 1.0000e-12  -64.87886  -63.93682 344.504459      99.17 2.9121e+02   1085.289      26048  1028.4986  1028.4977    34.4817    34.4809    7.88499         27 0.0000e+00
    179.000    177.171     0.7518  29.373055     0.7655  29.385722     5.1563     5.1881     0.0418    94.8270 1.0000e-12  -64.87886  -63.93682 344.504474      99.68 2.9088e+02   1086.593      26079  1028.4965  1028.4961    34.4857    34.4868    7.88395         33 0.0000e+00
    178.000    176.181     0.7373  29.355241     0.7519  29.371579     5.1719     5.2096     0.0361    94.8469 1.0000e-12  -64.87886  -63.93682 344.504491      99.76 2.9088e+02   1088.012      26113  1028.4878  1028.4905    34.4793    34.4842    7.88724         32 0.0000e+00
    177.000    175.192     0.7231  29.340191     0.7318  29.348474     5.1903     5.2291     0.0438    94.8252 1.0000e-12  -64.87886  -63.93682 344.504505      99.98 2.9088e+02   1089.250      26143  1028.4818  1028.4820    34.4761    34.4772    7.89030         26 0.0000e+00
    176.000    174.202     0.7229  29.340169     0.7146  29.330006     5.2038     5.2500     0.0422    94.7976 1.0000e-12  -64.87886  -63.93682 344.504519      99.97 2.9088e+02   1090.406      26171  1028.4774  1028.4751    34.4769    34.4729    7.89029         28 0.0000e+00
    175.000    173.212     0.6987  29.313869     0.7001  29.314156     5.2052     5.2505     0.0363    94.8131 1.0000e-12  -64.87886  -63.93682 344.504533      99.97 2.9088e+02   1091.612      26200  1028.4695  1028.4685    34.4703    34.4691    7.89558         31 0.0000e+00
    174.000    172.224     0.6948  29.308752     0.6957  29.308887     5.2006     5.2519     0.0486    94.8173 1.0000e-12  -64.87886  -63.93682 344.504547      99.97 2.9088e+02   1092.898      26231  1028.4635  1028.4628    34.4685    34.4676    7.89646         31 0.0000e+00
    173.000    171.233     0.6950  29.308961     0.6957  29.308214     5.2044     5.2546     0.0567    94.8233 1.0000e-12  -64.87886  -63.93682 344.504562      99.97 2.9088e+02   1094.179      26261  1028.4590  1028.4576    34.4691    34.4674    7.89639         30 0.0000e+00
    172.000    170.245     0.6897  29.302736     0.6921  29.304090     5.1957     5.2601     0.0416    94.8473 1.0000e-12  -64.87886  -63.93682 344.504577      99.97 2.9088e+02   1095.438      26292  1028.4533  1028.4524    34.4675    34.4666    7.89756         30 0.0000e+00
    171.000    169.256     0.6891  29.301779     0.6901  29.301635     5.1928     5.2627     0.0361    94.8595 1.0000e-12  -64.87886  -63.93682 344.504592      99.97 2.9088e+02   1096.750      26323  1028.4484  1028.4473    34.4675    34.4662    7.89767         32 0.0000e+00
    170.000    168.265     0.6896  29.301934     0.6898  29.301011     5.1962     5.2629     0.0406    94.8365 1.0000e-12  -64.87886  -63.93682 344.504607      99.97 2.9244e+02   1098.076      26355  1028.4437  1028.4426    34.4678    34.4663    7.89756         32 0.0000e+00
    169.000    167.277     0.6904  29.302282     0.6898  29.300522     5.1867     5.2611     0.0385    94.8536 1.0000e-12  -64.87886  -63.93684 344.504621      99.97 2.9264e+02   1099.278      26384  1028.4389  1028.4377    34.4680    34.4663    7.89740         26 0.0000e+00
    168.000    166.287     0.6904  29.302163     0.6898  29.300307     5.1962     5.2637     0.0362    94.8446 1.0000e-12  -64.87886  -63.93684 344.504633      99.97 2.9264e+02   1100.308      26408  1028.4344  1028.4332    34.4683    34.4666    7.89736         24 0.0000e+00
    167.000    165.297     0.6885  29.299957     0.6873  29.297486     5.2246     5.2951     0.0405    94.8445 1.0000e-12  -64.87886  -63.93684 344.504645      99.97 2.9264e+02   1101.305      26432  1028.4297  1028.4284    34.4682    34.4664    7.89776         24 0.0000e+00
    166.000    164.308     0.6724  29.283302     0.6761  29.286055     5.2664     5.2990     0.0393    94.8430 1.0000e-12  -64.87886  -63.93684 344.504657      99.97 2.9264e+02   1102.401      26459  1028.4238  1028.4231    34.4650    34.4645    7.90121         29 0.0000e+00
    165.000    163.319     0.6592  29.267568     0.6511  29.256913     5.2480     5.2838     0.0468    94.8158 1.0000e-12  -64.87885  -63.93683 344.504673      99.97 2.9270e+02   1103.725      26490  1028.4160  1028.4129    34.4599    34.4551    7.90419         36 0.0000e+00
    164.000    162.330     0.6615  29.267826     0.6788  29.284361     5.2104     5.2826     0.0502    94.8141 1.0000e-12  -64.87884  -63.93681 344.504694      99.97 2.9444e+02   1105.555      26534  1028.4097  1028.4098    34.4583    34.4605    7.90381         31 0.0000e+00
    163.000    161.339     0.6783  29.287935     0.6852  29.292667     5.2503     5.2923     0.0436    94.8247 1.0000e-12  -64.87884  -63.93681 344.504732      99.98 2.9500e+02   1108.802      26612  1028.4096  1028.4078    34.4663    34.4648    7.89995         39 0.0000e+00
    162.000    160.351     0.6505  29.256491     0.6668  29.273227     5.3038     5.3352     0.0436    94.8368 1.0000e-12  -64.87884  -63.93682 344.504755      99.97 2.9622e+02   1110.812      26660  1028.3998  1028.4014    34.4569    34.4606    7.90612         33 0.0000e+00
    161.000    159.361     0.6357  29.239485     0.6387  29.241240     5.3048     5.3480     0.0436    94.8340 1.0000e-12  -64.87884  -63.93684 344.504770      99.97 2.9616e+02   1112.105      26692  1028.3922  1028.3913    34.4518    34.4508    7.90942         29 0.0000e+00
    160.000    158.371     0.6316  29.233958     0.6330  29.234462     5.2969     5.3498     0.0396    94.8237 1.0000e-12  -64.87884  -63.93684 344.504784      99.97 2.9789e+02   1113.307      26720  1028.3861  1028.3853    34.4499    34.4490    7.91037         29 0.0000e+00
    159.000    157.382     0.6327  29.234560     0.6326  29.233393     5.2896     5.3482     0.0411    94.8200 1.0000e-12  -64.87884  -63.93684 344.504798      99.97 2.9793e+02   1114.579      26751  1028.3811  1028.3801    34.4500    34.4486    7.91013         33 0.0000e+00
    158.000    156.392     0.6370  29.238158     0.6360  29.236631     5.2716     5.3462     0.0501    94.7872 1.0000e-12  -64.87884  -63.93683 344.504817      99.98 2.9793e+02   1116.185      26789  1028.3763  1028.3758    34.4505    34.4496    7.90924         40 0.0000e+00
    157.000    155.402     0.6394  29.241409     0.6399  29.240228     5.2754     5.3456     0.0482    94.7992 1.0000e-12  -64.87884  -63.93681 344.504857      99.98 2.9950e+02   1119.620      26872  1028.3729  1028.3711    34.4526    34.4505    7.90862         28 0.0000e+00
    156.000    154.414     0.6359  29.237011     0.6373  29.237198     5.2851     5.3518     0.0494    94.8178 1.0000e-12  -64.87884  -63.93682 344.504900      99.98 3.0220e+02   1123.381      26962  1028.3673  1028.3663    34.4514    34.4501    7.90940         39 0.0000e+00
    155.000    153.425     0.6350  29.235046     0.6346  29.233169     5.2807     5.3628     0.0588    94.8127 1.0000e-12  -64.87884  -63.93682 344.504918      99.97 3.0322e+02   1124.925      26999  1028.3619  1028.3604    34.4505    34.4485    7.90965         36 0.0000e+00
    154.000    152.433     0.6337  29.232906     0.6338  29.231983     5.2967     5.3628     0.0519    94.8054 1.0000e-12  -64.87884  -63.93682 344.504951      99.97 3.0363e+02   1127.806      27068  1028.3566  1028.3555    34.4497    34.4483    7.90995         27 0.0000e+00
    153.000    151.443     0.6318  29.229972     0.6276  29.223529     5.3161     5.3851     0.0538    94.7942 1.0000e-12  -64.87884  -63.93682 344.504994      99.97 3.0601e+02   1131.474      27156  1028.3511  1028.3485    34.4486    34.4449    7.91040         35 0.0000e+00
    152.000    150.457     0.6275  29.224319     0.6246  29.219363     5.3103     5.3880     0.0613    94.7825 1.0000e-12  -64.87884  -63.93682 344.505028      99.97 3.0728e+02   1134.402      27227  1028.3451  1028.3427    34.4466    34.4434    7.91138         45 0.0000e+00
    151.000    149.467     0.6258  29.221521     0.6246  29.218790     5.3190     5.3925     0.0519    94.7760 1.0000e-12  -64.87880  -63.93682 344.505373      99.97 3.1626e+02   1164.239      27943  1028.3393  1028.3376    34.4454    34.4432    7.91179         28 0.0000e+00
    150.000    148.476     0.6245  29.219521     0.6232  29.216783     5.3238     5.3926     0.0474    94.7939 1.0000e-12  -64.87880  -63.93682 344.505429      99.98 3.1731e+02   1169.082      28059  1028.3342  1028.3326    34.4449    34.4428    7.91209         25 0.0000e+00
    149.000    147.488     0.6237  29.218171     0.6224  29.215442     5.3357     5.4025     0.0465    94.7941 1.0000e-12  -64.87880  -63.93682 344.505442      99.97 3.1732e+02   1170.163      28085  1028.3293  1028.3277    34.4446    34.4425    7.91226         25 0.0000e+00
    148.000    146.498     0.6215  29.215149     0.6205  29.212776     5.3307     5.4008     0.0544    94.7782 1.0000e-12  -64.87880  -63.93682 344.505455      99.97 3.1732e+02   1171.329      28113  1028.3241  1028.3225    34.4438    34.4417    7.91277         30 0.0000e+00
    147.000    145.508     0.6206  29.213150     0.6184  29.209805     5.3303     5.4026     0.0624    94.7826 1.0000e-12  -64.87880  -63.93681 344.505472      99.97 3.1732e+02   1172.818      28149  1028.3186  1028.3173    34.4427    34.4408    7.91301         38 0.0000e+00
    146.000    144.519     0.6212  29.213753     0.6208  29.212046     5.3308     5.4113     0.0642    94.7743 1.0000e-12  -64.87880  -63.93680 344.505501      99.97 3.1732e+02   1175.309      28208  1028.3144  1028.3130    34.4434    34.4417    7.91285         43 0.0000e+00
    145.000    143.529     0.6183  29.210231     0.6176  29.208049     5.4091     5.4627     0.0578    94.7691 1.0000e-12  -64.87880  -63.93680 344.505525      99.97 3.1811e+02   1177.359      28258  1028.3092  1028.3076    34.4427    34.4406    7.91348         32 0.0000e+00
    144.000    142.541     0.6109  29.201657     0.6112  29.201326     5.4843     5.4981     0.0351    94.7672 1.0000e-12  -64.87880  -63.93682 344.505538      99.97 3.1911e+02   1178.475      28284  1028.3033  1028.3025    34.4403    34.4396    7.91512         22 0.0000e+00
    143.000    141.549     0.5775  29.165388     0.5707  29.156045     5.5111     5.5144     0.0362    94.7532 1.0000e-12  -64.87880  -63.93682 344.505547      99.98 3.1908e+02   1179.306      28304  1028.2939  1028.2910    34.4309    34.4262    7.92248         19 0.0000e+00
    142.000    140.561     0.5668  29.150872     0.5648  29.147692     5.5148     5.5248     0.0362    94.7427 1.0000e-12  -64.87880  -63.93682 344.505556      99.97 3.1908e+02   1180.038      28322  1028.2849  1028.2835    34.4244    34.4225    7.92501         17 0.0000e+00
    141.000    139.573     0.5585  29.141794     0.5569  29.138600     5.4998     5.5254     0.0362    94.7124 1.0000e-12  -64.87880  -63.93682 344.505565      99.97 3.1908e+02   1180.776      28340  1028.2792  1028.2773    34.4224    34.4200    7.92683         18 0.0000e+00
    140.000    138.580     0.5450  29.125767     0.5484  29.128398     5.4885     5.5228     0.0569    94.7168 1.0000e-12  -64.87880  -63.93682 344.505574      99.98 3.1908e+02   1181.593      28359  1028.2712  1028.2706    34.4171    34.4167    7.92988         22 0.0000e+00
    139.000    137.591     0.5518  29.130674     0.5526  29.133138     5.4897     5.5280     0.0641    94.7059 1.0000e-12  -64.87880  -63.93681 344.505586      99.97 3.1908e+02   1182.671      28385  1028.2652  1028.2670    34.4166    34.4189    7.92852         30 0.0000e+00
    138.000    136.603     0.5511  29.131463     0.5509  29.129602     5.4684     5.5186     0.0655    94.6978 1.0000e-12  -64.87880  -63.93680 344.505607      99.97 3.1908e+02   1184.462      28428  1028.2622  1028.2604    34.4190    34.4167    7.92853         42 0.0000e+00
    137.000    135.613     0.5592  29.139121     0.5638  29.143129     5.4764     5.5387     0.0694    94.7230 1.0000e-12  -64.87880  -63.93680 344.505633      99.97 3.1908e+02   1186.648      28481  1028.2577  1028.2573    34.4205    34.4206    7.92678         44 0.0000e+00
    136.000    134.625     0.5466  29.125951     0.5534  29.133310     5.6097     5.6278     0.0720    94.7227 1.0000e-12  -64.87880  -63.93680 344.505652      99.97 3.1908e+02   1188.373      28522  1028.2520  1028.2528    34.4180    34.4200    7.92951         31 0.0000e+00
    135.000    133.633     0.5278  29.106232     0.5297  29.104901     5.8286     5.7683     0.0654    94.6908 1.0000e-12  -64.87880  -63.93682 344.505667      99.97 3.1908e+02   1189.597      28551  1028.2454  1028.2423    34.4138    34.4099    7.93360         27 0.0000e+00
    134.000    132.646     0.4289  28.998527     0.4346  29.006456     5.9319     5.8421     0.0655    94.6709 1.0000e-12  -64.87880  -63.93682 344.505679      99.97 3.1908e+02   1190.629      28576  1028.2251  1028.2278    34.3837    34.3877    7.95558         23 0.0000e+00
    133.000    131.654     0.3787  28.937221     0.3803  28.938019     5.9653     5.8856     0.0655    94.6689 1.0000e-12  -64.87880  -63.93682 344.505689      99.97 3.1943e+02   1191.566      28599  1028.2052  1028.2046    34.3600    34.3592    7.96726         22 0.0000e+00
    132.000    130.665     0.3595  28.913677     0.3632  28.916216     5.9803     5.9335     0.0759    94.6435 1.0000e-12  -64.87880  -63.93682 344.505700      99.97 3.2083e+02   1192.449      28620  1028.1944  1028.1936    34.3511    34.3504    7.97172         21 0.0000e+00
    131.000    129.677     0.3470  28.898431     0.3474  28.898678     5.9906     5.9384     0.0780    94.6169 1.0000e-12  -64.87880  -63.93682 344.505709      99.97 3.2084e+02   1193.299      28640  1028.1859  1028.1859    34.3456    34.3456    7.97461         20 0.0000e+00
    130.000    128.686     0.3363  28.885314     0.3367  28.884718     5.9790     5.9102     0.0802    94.5691 1.0000e-12  -64.87880  -63.93682 344.505719      99.98 3.2084e+02   1194.156      28661  1028.1778  1028.1769    34.3410    34.3398    7.97709         21 0.0000e+00
