NBP2113_155081_ctd/data/nbp2113_013.ros
* Sea-Bird SBE 9 Data File:
* FileName = D:\Data\raw\NBP2113_013.hex
* Software Version Seasave V 7.26.7.121
* Temperature SN = 2438
* Conductivity SN = 2067
* Number of Bytes Per Scan = 40
* Number of Voltage Words = 5
* Number of Scans Averaged by the Deck Unit = 1
* NMEA Latitude = 65 13.99 S
* NMEA Longitude = 066 46.43 W
* NMEA UTC (Time) = Nov 27 2021  04:09:52
* NMEA baud rate = 9600
** Ship: RVIB N.B. Palmer
** Cruise: NBP2113 LTER
** Station: 500.100
** Operator: B. Urmston
# nquan = 20
# nvalues = 1142                                  
# units = specified
# name 0 = prDM: Pressure, Digiquartz [db]
# name 1 = depSM: Depth [salt water, m]
# name 2 = t090C: Temperature [ITS-90, deg C]
# name 3 = c0mS/cm: Conductivity [mS/cm]
# name 4 = t190C: Temperature, 2 [ITS-90, deg C]
# name 5 = c1mS/cm: Conductivity, 2 [mS/cm]
# name 6 = sbeox0ML/L: Oxygen, SBE 43 [ml/l]
# name 7 = sbeox1ML/L: Oxygen, SBE 43, 2 [ml/l]
# name 8 = flECO-AFL: Fluorescence, WET Labs ECO-AFL/FL [mg/m^3]
# name 9 = CStarTr0: Beam Transmission, WET Labs C-Star [%]
# name 10 = par: PAR/Irradiance, Biospherical/Licor
# name 11 = latitude: Latitude [deg]
# name 12 = longitude: Longitude [deg]
# name 13 = timeJ: Julian Days
# name 14 = altM: Altimeter [m]
# name 15 = spar: SPAR, Biospherical/Licor
# name 16 = timeS: Time, Elapsed [seconds]
# name 17 = scan: Scan Count
# name 18 = nbf: Bottles Fired
# name 19 = flag:  0.000e+00
# interval = seconds: 0.0416667
# start_time = Nov 27 2021 04:09:52 [NMEA time, header]
# bad_flag = -9.990e-29
*END*
[from data line 73]
    433.187    428.485     1.5229  30.327617     1.5233  30.326259     4.1557     4.1447    -0.0077    97.6781 1.0000e-12  -65.23312  -66.77566 331.185503       5.89 0.0000e+00   1035.458      24852          2  0.000e+00
    433.125    428.423     1.5231  30.327379     1.5234  30.326491     4.1504     4.1438    -0.0077    97.6781 1.0000e-12  -65.23312  -66.77566 331.185503       5.86 0.0000e+00   1035.500      24853          2  0.000e+00
    433.083    428.382     1.5232  30.327676     1.5234  30.326665     4.1552     4.1438    -0.0077    97.6781 1.0000e-12  -65.23312  -66.77566 331.185504       5.86 0.0000e+00   1035.542      24854          2  0.000e+00
    433.125    428.423     1.5231  30.327438     1.5235  30.326491     4.1543     4.1430    -0.0077    97.6781 1.0000e-12  -65.23312  -66.77566 331.185504       5.86 0.0000e+00   1035.583      24855          2  0.000e+00
    433.084    428.382     1.5231  30.327616     1.5232  30.326433     4.1503     4.1431    -0.0077    97.6781 1.0000e-12  -65.23312  -66.77566 331.185505       5.86 0.0000e+00   1035.625      24856          2  0.000e+00
    433.070    428.369     1.5234  30.327379     1.5234  30.326607     4.1508     4.1431    -0.0077    97.6781 1.0000e-12  -65.23312  -66.77566 331.185505       5.89 0.0000e+00   1035.667      24857          2  0.000e+00
    433.035    428.335     1.5229  30.327082     1.5231  30.326723     4.1558     4.1433    -0.0004    97.6781 1.0000e-12  -65.23312  -66.77566 331.185506       5.89 0.0000e+00   1035.708      24858          2  0.000e+00
    433.021    428.321     1.5228  30.327379     1.5234  30.326665     4.1507     4.1434    -0.0077    97.6781 1.0000e-12  -65.23312  -66.77566 331.185506       5.89 0.0000e+00   1035.750      24859          2  0.000e+00
    432.980    428.280     1.5229  30.326904     1.5234  30.326259     4.1487     4.1436    -0.0077    97.6781 1.0000e-12  -65.23310  -66.77566 331.185507       5.86 0.0000e+00   1035.792      24860          2  0.000e+00
    433.021    428.321     1.5228  30.326904     1.5233  30.326549     4.1481     4.1439    -0.0077    97.6781 1.0000e-12  -65.23310  -66.77566 331.185507       5.89 0.0000e+00   1035.833      24861          2  0.000e+00
    432.932    428.233     1.5229  30.327200     1.5234  30.326491     4.1474     4.1432    -0.0077    97.6781 1.0000e-12  -65.23310  -66.77566 331.185508       5.89 0.0000e+00   1035.875      24862          2  0.000e+00
    432.918    428.219     1.5229  30.327319     1.5232  30.326607     4.1525     4.1427    -0.0077    97.6781 1.0000e-12  -65.23310  -66.77566 331.185508       5.89 0.0000e+00   1035.917      24863          2  0.000e+00
    432.932    428.233     1.5228  30.327379     1.5231  30.326259     4.1520     4.1430    -0.0077    97.6523 1.0000e-12  -65.23310  -66.77566 331.185509       5.89 0.0000e+00   1035.958      24864          2  0.000e+00
    432.870    428.171     1.5229  30.327081     1.5231  30.326316     4.1513     4.1424    -0.0077    97.6781 1.0000e-12  -65.23310  -66.77566 331.185509       5.89 0.0000e+00   1036.000      24865          2  0.000e+00
    432.877    428.178     1.5228  30.327200     1.5227  30.326433     4.1462     4.1418    -0.0077    97.6781 1.0000e-12  -65.23310  -66.77566 331.185510       5.86 0.0000e+00   1036.042      24866          2  0.000e+00
    432.815    428.117     1.5226  30.327497     1.5229  30.325968     4.1456     4.1421    -0.0077    97.6781 1.0000e-12  -65.23310  -66.77566 331.185510       5.89 0.0000e+00   1036.083      24867          2  0.000e+00
    432.780    428.083     1.5229  30.327378     1.5232  30.326026     4.1507     4.1424    -0.0077    97.6523 1.0000e-12  -65.23310  -66.77566 331.185511       5.89 0.0000e+00   1036.125      24868          2  0.000e+00
    432.780    428.083     1.5228  30.327319     1.5229  30.326142     4.1515     4.1428    -0.0077    97.6781 1.0000e-12  -65.23310  -66.77566 331.185511       5.98 0.0000e+00   1036.167      24869          2  0.000e+00
    432.711    428.015     1.5229  30.327081     1.5231  30.326316     4.1492     4.1423    -0.0077    97.6523 1.0000e-12  -65.23310  -66.77566 331.185512       6.08 0.0000e+00   1036.208      24870          2  0.000e+00
    432.725    428.028     1.5229  30.327378     1.5232  30.326432     4.1502     4.1419    -0.0077    97.6523 1.0000e-12  -65.23310  -66.77566 331.185512       6.08 0.0000e+00   1036.250      24871          2  0.000e+00
    432.608    427.912     1.5229  30.327199     1.5232  30.326432     4.1570     4.1467    -0.0150    97.6523 1.0000e-12  -65.23310  -66.77566 331.185513       6.08 0.0000e+00   1036.292      24872          2  0.000e+00
    432.622    427.926     1.5229  30.327259     1.5231  30.326606     4.1523     4.1417    -0.0150    97.6523 1.0000e-12  -65.23310  -66.77566 331.185513       6.08 0.0000e+00   1036.333      24873          2  0.000e+00
    432.559    427.865     1.5228  30.327318     1.5232  30.326722     4.1579     4.1474    -0.0150    97.6523 1.0000e-12  -65.23310  -66.77566 331.185514       6.08 0.0000e+00   1036.375      24874          2  0.000e+00
    432.518    427.824     1.5231  30.327318     1.5235  30.326895     4.1590     4.1432    -0.0150    97.6523 1.0000e-12  -65.23310  -66.77566 331.185514       6.08 0.0000e+00   1036.417      24875          2  0.000e+00
    432.504    427.810     1.5231  30.327496     1.5235  30.326547     4.1601     4.1436    -0.0150    97.6523 1.0000e-12  -65.23310  -66.77566 331.185515       6.08 0.0000e+00   1036.458      24876          2  0.000e+00
    302.704    299.513     1.5285  30.261831     1.5283  30.260881     4.1476     4.1181    -0.0077    97.7038 1.0000e-12  -65.23310  -66.77562 331.189216     100.00 0.0000e+00   1356.250      32551          3  0.000e+00
    302.684    299.492     1.5285  30.262127     1.5285  30.261054     4.1436     4.1182    -0.0077    97.7038 1.0000e-12  -65.23310  -66.77562 331.189216      99.98 0.0000e+00   1356.292      32552          3  0.000e+00
    302.704    299.513     1.5283  30.262009     1.5286  30.261344     4.1496     4.1183    -0.0077    97.7038 1.0000e-12  -65.23310  -66.77562 331.189217      99.98 0.0000e+00   1356.333      32553          3  0.000e+00
    302.705    299.513     1.5283  30.261950     1.5283  30.260765     4.1513     4.1184    -0.0077    97.7038 1.0000e-12  -65.23310  -66.77562 331.189217      99.98 0.0000e+00   1356.375      32554          3  0.000e+00
    302.684    299.492     1.5283  30.261712     1.5284  30.260939     4.1517     4.1176    -0.0077    97.7038 1.0000e-12  -65.23310  -66.77562 331.189218      99.98 0.0000e+00   1356.417      32555          3  0.000e+00
    302.705    299.513     1.5285  30.261831     1.5285  30.260707     4.1451     4.1169    -0.0077    97.7038 1.0000e-12  -65.23310  -66.77562 331.189218      99.95 0.0000e+00   1356.458      32556          3  0.000e+00
    302.739    299.547     1.5286  30.261950     1.5285  30.260997     4.1441     4.1169    -0.0077    97.7038 1.0000e-12  -65.23310  -66.77562 331.189219      99.98 0.0000e+00   1356.500      32557          3  0.000e+00
    302.705    299.513     1.5285  30.261949     1.5285  30.261112     4.1487     4.1116    -0.0077    97.7038 1.0000e-12  -65.23310  -66.77562 331.189219      99.98 0.0000e+00   1356.542      32558          3  0.000e+00
    302.705    299.513     1.5285  30.262127     1.5284  30.261112     4.1476     4.1162    -0.0077    97.7038 1.0000e-12  -65.23310  -66.77562 331.189220     100.00 0.0000e+00   1356.583      32559          3  0.000e+00
    302.739    299.547     1.5286  30.262246     1.5289  30.261344     4.1477     4.1154    -0.0004    97.7038 1.0000e-12  -65.23310  -66.77562 331.189220      99.95 0.0000e+00   1356.625      32560          3  0.000e+00
    302.760    299.567     1.5286  30.262009     1.5285  30.261576     4.1408     4.1155    -0.0077    97.7038 1.0000e-12  -65.23310  -66.77562 331.189221      99.95 0.0000e+00   1356.667      32561          3  0.000e+00
    302.739    299.547     1.5288  30.262365     1.5286  30.261460     4.1395     4.1155    -0.0077    97.7038 1.0000e-12  -65.23310  -66.77562 331.189221      99.98 0.0000e+00   1356.708      32562          3  0.000e+00
    302.760    299.567     1.5288  30.262306     1.5287  30.261576     4.1452     4.1147    -0.0077    97.7038 1.0000e-12  -65.23310  -66.77562 331.189222      99.98 0.0000e+00   1356.750      32563          3  0.000e+00
    302.808    299.615     1.5288  30.262424     1.5288  30.261229     4.1396     4.1147    -0.0004    97.7296 1.0000e-12  -65.23312  -66.77560 331.189222     100.00 0.0000e+00   1356.792      32564          3  0.000e+00
    302.787    299.595     1.5286  30.262068     1.5286  30.261287     4.1384     4.1147    -0.0077    97.7038 1.0000e-12  -65.23312  -66.77560 331.189223      99.98 0.0000e+00   1356.833      32565          3  0.000e+00
    302.808    299.615     1.5286  30.262128     1.5286  30.261171     4.1328     4.1200    -0.0077    97.7038 1.0000e-12  -65.23312  -66.77560 331.189223      99.98 0.0000e+00   1356.875      32566          3  0.000e+00
    302.808    299.615     1.5288  30.262246     1.5284  30.260939     4.1373     4.1155    -0.0077    97.7038 1.0000e-12  -65.23312  -66.77560 331.189224      99.98 0.0000e+00   1356.917      32567          3  0.000e+00
    302.835    299.642     1.5286  30.262069     1.5283  30.261055     4.1363     4.1155    -0.0077    97.7038 1.0000e-12  -65.23312  -66.77560 331.189224      99.98 0.0000e+00   1356.958      32568          3  0.000e+00
    302.863    299.670     1.5286  30.262603     1.5282  30.261113     4.1296     4.1155    -0.0077    97.7038 1.0000e-12  -65.23312  -66.77560 331.189225      99.98 0.0000e+00   1357.000      32569          3  0.000e+00
    302.891    299.697     1.5286  30.262365     1.5284  30.261113     4.1273     4.1155    -0.0077    97.7296 1.0000e-12  -65.23312  -66.77560 331.189225      99.98 0.0000e+00   1357.042      32570          3  0.000e+00
    302.863    299.670     1.5288  30.261772     1.5283  30.260939     4.1263     4.1154    -0.0077    97.7038 1.0000e-12  -65.23312  -66.77560 331.189226      99.95 0.0000e+00   1357.083      32571          3  0.000e+00
    302.911    299.717     1.5286  30.262306     1.5284  30.260823     4.1367     4.1154    -0.0077    97.7038 1.0000e-12  -65.23312  -66.77560 331.189226      99.95 0.0000e+00   1357.125      32572          3  0.000e+00
    302.939    299.744     1.5289  30.262306     1.5284  30.261229     4.1384     4.1154    -0.0077    97.7038 1.0000e-12  -65.23312  -66.77560 331.189226      99.98 0.0000e+00   1357.167      32573          3  0.000e+00
    302.959    299.765     1.5285  30.262247     1.5283  30.261171     4.1388     4.1154    -0.0077    97.7038 1.0000e-12  -65.23312  -66.77560 331.189227      99.98 0.0000e+00   1357.208      32574          3  0.000e+00
    302.939    299.744     1.5285  30.262010     1.5284  30.261287     4.1348     4.1206    -0.0077    97.7296 1.0000e-12  -65.23312  -66.77560 331.189227     100.00 0.0000e+00   1357.250      32575          3  0.000e+00
    303.015    299.819     1.5286  30.262128     1.5286  30.261171     4.1409     4.1161    -0.0077    97.7038 1.0000e-12  -65.23312  -66.77560 331.189228      99.98 0.0000e+00   1357.292      32576          3  0.000e+00
    303.015    299.819     1.5285  30.262247     1.5285  30.261287     4.1356     4.1213    -0.0077    97.7038 1.0000e-12  -65.23312  -66.77560 331.189228      99.98 0.0000e+00   1357.333      32577          3  0.000e+00
    303.042    299.847     1.5286  30.262840     1.5285  30.261403     4.1360     4.1167    -0.0004    97.7038 1.0000e-12  -65.23312  -66.77560 331.189229      99.98 0.0000e+00   1357.375      32578          3  0.000e+00
    303.063    299.867     1.5291  30.262840     1.5284  30.261577     4.1352     4.1167    -0.0077    97.7038 1.0000e-12  -65.23312  -66.77560 331.189229      99.98 0.0000e+00   1357.417      32579          3  0.000e+00
    303.097    299.901     1.5289  30.262603     1.5286  30.261461     4.1301     4.1166    -0.0077    97.7038 1.0000e-12  -65.23312  -66.77560 331.189230      99.98 0.0000e+00   1357.458      32580          3  0.000e+00
    303.063    299.867     1.5288  30.262722     1.5284  30.261403     4.1350     4.1165    -0.0077    97.7038 1.0000e-12  -65.23312  -66.77560 331.189230      99.98 0.0000e+00   1357.500      32581          3  0.000e+00
    303.166    299.969     1.5292  30.262781     1.5286  30.261809     4.1343     4.1217    -0.0077    97.7038 1.0000e-12  -65.23312  -66.77560 331.189231      99.98 0.0000e+00   1357.542      32582          3  0.000e+00
    303.145    299.949     1.5288  30.262959     1.5287  30.261983     4.1281     4.1223    -0.0077    97.7038 1.0000e-12  -65.23312  -66.77560 331.189231      99.98 0.0000e+00   1357.583      32583          3  0.000e+00
    303.221    300.024     1.5291  30.262663     1.5288  30.261983     4.1275     4.1230    -0.0077    97.7038 1.0000e-12  -65.23312  -66.77560 331.189232      99.95 0.0000e+00   1357.625      32584          3  0.000e+00
    303.194    299.996     1.5289  30.262722     1.5289  30.261751     4.1326     4.1183    -0.0077    97.7038 1.0000e-12  -65.23312  -66.77560 331.189232      99.95 0.0000e+00   1357.667      32585          3  0.000e+00
    303.269    300.071     1.5291  30.262604     1.5288  30.261868     4.1335     4.1181    -0.0077    97.7038 1.0000e-12  -65.23312  -66.77560 331.189233      99.98 0.0000e+00   1357.708      32586          3  0.000e+00
    303.221    300.024     1.5291  30.262900     1.5290  30.261983     4.1330     4.1179    -0.0004    97.7038 1.0000e-12  -65.23312  -66.77560 331.189233     100.00 0.0000e+00   1357.750      32587          3  0.000e+00
    303.400    300.201     1.5291  30.263079     1.5287  30.261984     4.1327     4.1178    -0.0077    97.7038 1.0000e-12  -65.23312  -66.77558 331.189234      99.98 0.0000e+00   1357.792      32588          3  0.000e+00
    303.324    300.126     1.5292  30.263078     1.5290  30.261984     4.1266     4.1175    -0.0077    97.7038 1.0000e-12  -65.23312  -66.77558 331.189234      99.98 0.0000e+00   1357.833      32589          3  0.000e+00
    303.400    300.201     1.5292  30.263079     1.5288  30.261984     4.1307     4.1174    -0.0077    97.7038 1.0000e-12  -65.23312  -66.77558 331.189235      99.98 0.0000e+00   1357.875      32590          3  0.000e+00
    303.373    300.173     1.5292  30.263138     1.5289  30.261984     4.1303     4.1172    -0.0077    97.7038 1.0000e-12  -65.23312  -66.77558 331.189235      99.95 0.0000e+00   1357.917      32591          3  0.000e+00
    303.455    300.255     1.5292  30.263553     1.5290  30.261984     4.1243     4.1170    -0.0077    97.7038 1.0000e-12  -65.23312  -66.77558 331.189236      99.98 0.0000e+00   1357.958      32592          3  0.000e+00
    303.476    300.275     1.5292  30.263435     1.5288  30.261984     4.1241     4.1168    -0.0077    97.7038 1.0000e-12  -65.23312  -66.77558 331.189236      99.98 0.0000e+00   1358.000      32593          3  0.000e+00
    303.524    300.323     1.5292  30.263376     1.5287  30.262332     4.1352     4.1167    -0.0004    97.7038 1.0000e-12  -65.23312  -66.77558 331.189237     100.00 0.0000e+00   1358.042      32594          3  0.000e+00
    303.503    300.303     1.5292  30.263376     1.5290  30.262100     4.1362     4.1164    -0.0077    97.7038 1.0000e-12  -65.23312  -66.77558 331.189237      99.98 0.0000e+00   1358.083      32595          3  0.000e+00
    303.579    300.378     1.5292  30.263732     1.5290  30.262158     4.1372     4.1171    -0.0077    97.7038 1.0000e-12  -65.23312  -66.77558 331.189238      99.95 0.0000e+00   1358.125      32596          3  0.000e+00
