NBP2113_155081_ctd/data/nbp2113_063.ros
* Sea-Bird SBE 9 Data File:
* FileName = D:\Data\raw\NBP2113_063.hex
* Software Version Seasave V 7.26.7.121
* Temperature SN = 2438
* Conductivity SN = 2067
* Number of Bytes Per Scan = 40
* Number of Voltage Words = 5
* Number of Scans Averaged by the Deck Unit = 1
* NMEA Latitude = 64 46.92 S
* NMEA Longitude = 063 01.99 W
* NMEA UTC (Time) = Dec 14 2021  04:14:20
* NMEA baud rate = 9600
** Ship: RVIB N.B. Palmer
** Cruise: NBP2113 LTER
** Station: 655.002
** Operator: B. Urmston
# nquan = 20
# nvalues = 579                                   
# units = specified
# name 0 = prDM: Pressure, Digiquartz [db]
# name 1 = depSM: Depth [salt water, m]
# name 2 = t090C: Temperature [ITS-90, deg C]
# name 3 = c0mS/cm: Conductivity [mS/cm]
# name 4 = t190C: Temperature, 2 [ITS-90, deg C]
# name 5 = c1mS/cm: Conductivity, 2 [mS/cm]
# name 6 = sbeox0ML/L: Oxygen, SBE 43 [ml/l]
# name 7 = sbeox1ML/L: Oxygen, SBE 43, 2 [ml/l]
# name 8 = flECO-AFL: Fluorescence, WET Labs ECO-AFL/FL [mg/m^3]
# name 9 = CStarTr0: Beam Transmission, WET Labs C-Star [%]
# name 10 = par: PAR/Irradiance, Biospherical/Licor
# name 11 = latitude: Latitude [deg]
# name 12 = longitude: Longitude [deg]
# name 13 = timeJ: Julian Days
# name 14 = altM: Altimeter [m]
# name 15 = spar: SPAR, Biospherical/Licor
# name 16 = timeS: Time, Elapsed [seconds]
# name 17 = scan: Scan Count
# name 18 = nbf: Bottles Fired
# name 19 = flag:  0.000e+00
# interval = seconds: 0.0416667
# start_time = Dec 14 2021 04:14:20 [NMEA time, header]
# bad_flag = -9.990e-29
*END*
[from data line 73]
    221.505    219.220    -0.3215  28.478888    -0.3205  28.477634     5.8258     5.9006     0.0069    89.2064 1.0000e-12  -64.78198  -63.03356 348.185178       9.74 0.0000e+00    739.417      17747          2  0.000e+00
    221.560    219.274    -0.3215  28.478598    -0.3200  28.477747     5.8321     5.9004    -0.0004    89.2322 1.0000e-12  -64.78198  -63.03356 348.185179       9.74 0.0000e+00    739.458      17748          2  0.000e+00
    221.595    219.308    -0.3215  28.478888    -0.3194  28.477634     5.8279     5.9001    -0.0004    89.2322 1.0000e-12  -64.78198  -63.03356 348.185179       9.74 0.0000e+00    739.500      17749          2  0.000e+00
    221.505    219.220    -0.3217  28.478366    -0.3195  28.477520     5.8268     5.8998    -0.0004    89.2322 1.0000e-12  -64.78198  -63.03356 348.185180       9.74 0.0000e+00    739.542      17750          2  0.000e+00
    221.547    219.261    -0.3218  28.478598    -0.3193  28.477520     5.8257     5.9052     0.0069    89.2322 1.0000e-12  -64.78198  -63.03356 348.185180       9.74 0.0000e+00    739.583      17751          2  0.000e+00
    221.560    219.274    -0.3217  28.478598    -0.3197  28.477634     5.8320     5.9003    -0.0004    89.2322 1.0000e-12  -64.78198  -63.03356 348.185181       9.74 0.0000e+00    739.625      17752          2  0.000e+00
    221.457    219.172    -0.3212  28.478887    -0.3202  28.477520     5.8276     5.9000    -0.0004    89.2322 1.0000e-12  -64.78198  -63.03356 348.185181       9.74 0.0000e+00    739.667      17753          2  0.000e+00
    221.650    219.363    -0.3213  28.478598    -0.3208  28.477861     5.8268     5.9009    -0.0004    89.2322 1.0000e-12  -64.78198  -63.03356 348.185182       9.77 0.0000e+00    739.708      17754          2  0.000e+00
    221.560    219.274    -0.3213  28.479120    -0.3209  28.478030     5.8256     5.9062    -0.0004    89.2322 1.0000e-12  -64.78198  -63.03356 348.185182       9.74 0.0000e+00    739.750      17755          2  0.000e+00
    221.547    219.261    -0.3212  28.478598    -0.3202  28.478143     5.8245     5.9012     0.0069    89.2322 1.0000e-12  -64.78198  -63.03354 348.185183       9.77 0.0000e+00    739.792      17756          2  0.000e+00
    221.560    219.274    -0.3215  28.478598    -0.3200  28.478030     5.8235     5.9009    -0.0004    89.2322 1.0000e-12  -64.78198  -63.03354 348.185183       9.77 0.0000e+00    739.833      17757          2  0.000e+00
    221.547    219.261    -0.3217  28.478366    -0.3195  28.477860     5.8225     5.9006    -0.0004    89.2322 1.0000e-12  -64.78198  -63.03354 348.185184       9.74 0.0000e+00    739.875      17758          2  0.000e+00
    221.560    219.274    -0.3220  28.478076    -0.3195  28.478030     5.8215     5.9059    -0.0004    89.2322 1.0000e-12  -64.78198  -63.03354 348.185184       9.74 0.0000e+00    739.917      17759          2  0.000e+00
    221.560    219.274    -0.3220  28.478076    -0.3199  28.478030     5.8219     5.9066    -0.0004    89.2322 1.0000e-12  -64.78198  -63.03354 348.185185       9.74 0.0000e+00    739.958      17760          2  0.000e+00
    221.492    219.206    -0.3218  28.477786    -0.3199  28.477633     5.8223     5.9015    -0.0004    89.2322 1.0000e-12  -64.78198  -63.03354 348.185185       9.74 0.0000e+00    740.000      17761          2  0.000e+00
    221.609    219.322    -0.3223  28.478076    -0.3203  28.477747     5.8230     5.9013    -0.0077    89.2322 1.0000e-12  -64.78198  -63.03354 348.185186       9.77 0.0000e+00    740.042      17762          2  0.000e+00
    221.547    219.261    -0.3220  28.477786    -0.3213  28.477860     5.8220     5.9010    -0.0077    89.2322 1.0000e-12  -64.78198  -63.03354 348.185186       9.74 0.0000e+00    740.083      17763          2  0.000e+00
    221.560    219.274    -0.3218  28.478076    -0.3219  28.477747     5.8226     5.9008    -0.0077    89.2322 1.0000e-12  -64.78198  -63.03354 348.185187       9.74 0.0000e+00    740.125      17764          2  0.000e+00
    221.505    219.220    -0.3215  28.478076    -0.3223  28.477860     5.8276     5.9005    -0.0077    89.2322 1.0000e-12  -64.78198  -63.03354 348.185187       9.74 0.0000e+00    740.167      17765          2  0.000e+00
    221.595    219.308    -0.3220  28.478076    -0.3223  28.478030     5.8224     5.9002    -0.0077    89.2322 1.0000e-12  -64.78198  -63.03354 348.185188       9.72 0.0000e+00    740.208      17766          2  0.000e+00
    221.505    219.220    -0.3223  28.477786    -0.3223  28.477634     5.8215     5.8998    -0.0077    89.2064 1.0000e-12  -64.78198  -63.03354 348.185188       9.72 0.0000e+00    740.250      17767          2  0.000e+00
    221.547    219.261    -0.3228  28.477554    -0.3220  28.478314     5.8162     5.9004    -0.0077    89.0777 1.0000e-12  -64.78198  -63.03354 348.185189       9.72 0.0000e+00    740.292      17768          2  0.000e+00
    221.560    219.274    -0.3228  28.477554    -0.3220  28.477747     5.8274     5.9001    -0.0004    89.0004 1.0000e-12  -64.78198  -63.03354 348.185189       9.72 0.0000e+00    740.333      17769          2  0.000e+00
    221.560    219.274    -0.3229  28.477554    -0.3223  28.477860     5.8221     5.8998    -0.0077    89.0004 1.0000e-12  -64.78198  -63.03354 348.185190       9.72 0.0000e+00    740.375      17770          2  0.000e+00
    221.547    219.261    -0.3231  28.477264    -0.3220  28.478030     5.8214     5.9051    -0.0077    89.0004 1.0000e-12  -64.78198  -63.03354 348.185190       9.72 0.0000e+00    740.417      17771          2  0.000e+00
    176.488    174.685    -0.1878  28.570211    -0.1916  28.566149     5.7496     5.8077    -0.0077    89.4382 1.0000e-12  -64.78198  -63.03354 348.187463      55.56 0.0000e+00    936.792      22484          3  0.000e+00
    176.419    174.618    -0.1878  28.570443    -0.1916  28.566149     5.7446     5.8075    -0.0077    89.4382 1.0000e-12  -64.78198  -63.03354 348.187463      55.56 0.0000e+00    936.833      22485          3  0.000e+00
    176.515    174.713    -0.1872  28.570444    -0.1926  28.565072     5.7442     5.8085    -0.0077    89.4382 1.0000e-12  -64.78198  -63.03354 348.187464      55.56 0.0000e+00    936.875      22486          3  0.000e+00
    176.433    174.631    -0.1875  28.570327    -0.1932  28.564788     5.7438     5.8029    -0.0077    89.4382 1.0000e-12  -64.78198  -63.03354 348.187464      55.53 0.0000e+00    936.917      22487          3  0.000e+00
    176.419    174.618    -0.1878  28.570734    -0.1928  28.563994     5.7493     5.8019    -0.0077    89.4382 1.0000e-12  -64.78198  -63.03354 348.187465      55.53 0.0000e+00    936.958      22488          3  0.000e+00
    176.467    174.665    -0.1884  28.570444    -0.1923  28.563483     5.7445     5.8018    -0.0077    89.4382 1.0000e-12  -64.78198  -63.03354 348.187465      55.56 0.0000e+00    937.000      22489          3  0.000e+00
    176.433    174.631    -0.1882  28.570443    -0.1915  28.563710     5.7440     5.8063    -0.0077    89.4382 1.0000e-12  -64.78198  -63.03354 348.187466      55.56 0.0000e+00    937.042      22490          3  0.000e+00
    176.515    174.713    -0.1883  28.569805    -0.1912  28.563710     5.7436     5.8008    -0.0077    89.4382 1.0000e-12  -64.78198  -63.03354 348.187466      55.56 0.0000e+00    937.083      22491          3  0.000e+00
    176.467    174.665    -0.1888  28.569398    -0.1908  28.565071     5.7491     5.8053    -0.0077    89.4382 1.0000e-12  -64.78198  -63.03354 348.187467      55.53 0.0000e+00    937.125      22492          3  0.000e+00
    176.433    174.631    -0.1878  28.569108    -0.1905  28.565865     5.7498     5.8053    -0.0077    89.4382 1.0000e-12  -64.78198  -63.03354 348.187467      55.53 0.0000e+00    937.167      22493          3  0.000e+00
    176.467    174.665    -0.1879  28.569398    -0.1898  28.566149     5.7433     5.8052    -0.0077    89.4382 1.0000e-12  -64.78198  -63.03354 348.187468      55.53 0.0000e+00    937.208      22494          3  0.000e+00
    176.467    174.665    -0.1882  28.569282    -0.1900  28.566659     5.7442     5.8062    -0.0077    89.4382 1.0000e-12  -64.78198  -63.03354 348.187468      55.56 0.0000e+00    937.250      22495          3  0.000e+00
    176.433    174.631    -0.1877  28.569108    -0.1896  28.567169     5.7494     5.8015    -0.0077    89.4382 1.0000e-12  -64.78198  -63.03354 348.187469      55.53 0.0000e+00    937.292      22496          3  0.000e+00
    176.419    174.618    -0.1876  28.569689    -0.1895  28.567737     5.7501     5.8007    -0.0077    89.4897 1.0000e-12  -64.78198  -63.03354 348.187469      55.56 0.0000e+00    937.333      22497          3  0.000e+00
    176.515    174.713    -0.1872  28.570211    -0.1900  28.567737     5.7508     5.8057    -0.0077    89.5669 1.0000e-12  -64.78198  -63.03354 348.187470      55.53 0.0000e+00    937.375      22498          3  0.000e+00
    176.433    174.631    -0.1865  28.570095    -0.1898  28.567453     5.7454     5.8003    -0.0077    89.5927 1.0000e-12  -64.78198  -63.03354 348.187470      55.53 0.0000e+00    937.417      22499          3  0.000e+00
    176.467    174.665    -0.1866  28.570443    -0.1894  28.567737     5.7461     5.8051    -0.0077    89.5927 1.0000e-12  -64.78198  -63.03354 348.187471      55.53 0.0000e+00    937.458      22500          3  0.000e+00
    176.467    174.665    -0.1867  28.570734    -0.1894  28.568020     5.7513     5.7998    -0.0077    89.5927 1.0000e-12  -64.78198  -63.03354 348.187471      55.53 0.0000e+00    937.500      22501          3  0.000e+00
    176.433    174.631    -0.1862  28.571140    -0.1892  28.567453     5.7445     5.7991    -0.0077    89.5927 1.0000e-12  -64.78198  -63.03354 348.187472      55.53 0.0000e+00    937.542      22502          3  0.000e+00
    176.467    174.665    -0.1863  28.570734    -0.1888  28.568247     5.7437     5.7985    -0.0077    89.5927 1.0000e-12  -64.78198  -63.03354 348.187472      55.53 0.0000e+00    937.583      22503          3  0.000e+00
    176.419    174.618    -0.1855  28.571256    -0.1891  28.568531     5.7442     5.7988    -0.0077    89.5927 1.0000e-12  -64.78198  -63.03354 348.187473      55.53 0.0000e+00    937.625      22504          3  0.000e+00
    176.488    174.685    -0.1860  28.570734    -0.1885  28.569325     5.7450     5.7983    -0.0004    89.5927 1.0000e-12  -64.78198  -63.03354 348.187473      55.53 0.0000e+00    937.667      22505          3  0.000e+00
    176.467    174.665    -0.1870  28.570908    -0.1885  28.569608     5.7444     5.7978    -0.0077    89.5927 1.0000e-12  -64.78198  -63.03354 348.187473      55.56 0.0000e+00    937.708      22506          3  0.000e+00
    176.467    174.665    -0.1876  28.570734    -0.1885  28.569892     5.7424     5.7974    -0.0077    89.5927 1.0000e-12  -64.78198  -63.03354 348.187474      55.56 0.0000e+00    937.750      22507          3  0.000e+00
    176.433    174.631    -0.1878  28.571024    -0.1882  28.570402     5.7416     5.7969    -0.0077    89.5927 1.0000e-12  -64.78198  -63.03354 348.187474      55.56 0.0000e+00    937.792      22508          3  0.000e+00
    176.467    174.665    -0.1882  28.570734    -0.1874  28.569835     5.7469     5.8021    -0.0077    89.5927 1.0000e-12  -64.78198  -63.03354 348.187475      55.56 0.0000e+00    937.833      22509          3  0.000e+00
    176.419    174.618    -0.1881  28.570908    -0.1874  28.570118     5.7415     5.8026    -0.0077    89.5927 1.0000e-12  -64.78198  -63.03354 348.187475      55.56 0.0000e+00    937.875      22510          3  0.000e+00
    176.488    174.685    -0.1884  28.570734    -0.1874  28.569381     5.7408     5.8032    -0.0077    89.5927 1.0000e-12  -64.78198  -63.03354 348.187476      55.56 0.0000e+00    937.917      22511          3  0.000e+00
    176.419    174.618    -0.1884  28.570734    -0.1872  28.569324     5.7399     5.7982    -0.0077    89.5927 1.0000e-12  -64.78198  -63.03354 348.187476      55.56 0.0000e+00    937.958      22512          3  0.000e+00
    176.467    174.665    -0.1883  28.570734    -0.1874  28.569325     5.7465     5.7979    -0.0077    89.5927 1.0000e-12  -64.78198  -63.03354 348.187477      55.56 0.0000e+00    938.000      22513          3  0.000e+00
    176.433    174.631    -0.1882  28.570327    -0.1876  28.569381     5.7470     5.7977    -0.0077    89.5927 1.0000e-12  -64.78198  -63.03354 348.187477      55.56 0.0000e+00    938.042      22514          3  0.000e+00
    176.467    174.665    -0.1885  28.570444    -0.1876  28.568814     5.7417     5.7975    -0.0077    89.5927 1.0000e-12  -64.78198  -63.03354 348.187478      55.56 0.0000e+00    938.083      22515          3  0.000e+00
    176.467    174.665    -0.1891  28.571024    -0.1877  28.568814     5.7350     5.7974    -0.0077    89.5927 1.0000e-12  -64.78198  -63.03354 348.187478      55.53 0.0000e+00    938.125      22516          3  0.000e+00
    176.433    174.631    -0.1902  28.570328    -0.1874  28.568814     5.7462     5.7971    -0.0077    89.5927 1.0000e-12  -64.78198  -63.03354 348.187479      55.53 0.0000e+00    938.167      22517          3  0.000e+00
    176.467    174.665    -0.1900  28.569689    -0.1872  28.568814     5.7409     5.8026    -0.0077    89.5927 1.0000e-12  -64.78198  -63.03354 348.187479      55.56 0.0000e+00    938.208      22518          3  0.000e+00
    176.419    174.618    -0.1893  28.569398    -0.1874  28.568814     5.7400     5.8033    -0.0077    89.5927 1.0000e-12  -64.78198  -63.03354 348.187480      55.56 0.0000e+00    938.250      22519          3  0.000e+00
    176.488    174.685    -0.1892  28.569108    -0.1878  28.568531     5.7407     5.7987    -0.0004    89.5927 1.0000e-12  -64.78198  -63.03354 348.187480      55.56 0.0000e+00    938.292      22520          3  0.000e+00
    176.467    174.665    -0.1893  28.568992    -0.1878  28.568814     5.7458     5.7986     0.0069    89.5927 1.0000e-12  -64.78198  -63.03354 348.187481      55.56 0.0000e+00    938.333      22521          3  0.000e+00
    176.419    174.618    -0.1889  28.569108    -0.1890  28.568247     5.7405     5.8042    -0.0004    89.5927 1.0000e-12  -64.78198  -63.03354 348.187481      55.56 0.0000e+00    938.375      22522          3  0.000e+00
    176.433    174.631    -0.1884  28.569108    -0.1905  28.567737     5.7381     5.8053    -0.0004    89.5927 1.0000e-12  -64.78198  -63.03354 348.187482      55.56 0.0000e+00    938.417      22523          3  0.000e+00
    176.467    174.665    -0.1882  28.569398    -0.1912  28.566943     5.7358     5.8008    -0.0004    89.5927 1.0000e-12  -64.78198  -63.03354 348.187482      55.53 0.0000e+00    938.458      22524          3  0.000e+00
    176.419    174.618    -0.1889  28.569282    -0.1916  28.566659     5.7364     5.8008    -0.0004    89.5927 1.0000e-12  -64.78198  -63.03354 348.187483      55.56 0.0000e+00    938.500      22525          3  0.000e+00
    176.488    174.685    -0.1896  28.569108    -0.1923  28.565582     5.7357     5.8011    -0.0004    89.5927 1.0000e-12  -64.78198  -63.03354 348.187483      55.56 0.0000e+00    938.542      22526          3  0.000e+00
    176.467    174.665    -0.1897  28.569108    -0.1929  28.565865     5.7349     5.8067    -0.0004    89.5927 1.0000e-12  -64.78198  -63.03354 348.187484      55.56 0.0000e+00    938.583      22527          3  0.000e+00
    176.419    174.618    -0.1898  28.569108    -0.1932  28.565355     5.7281     5.8022    -0.0004    89.5927 1.0000e-12  -64.78198  -63.03354 348.187484      55.53 0.0000e+00    938.625      22528          3  0.000e+00
    176.488    174.685    -0.1901  28.568992    -0.1934  28.565355     5.7274     5.8024    -0.0004    89.5927 1.0000e-12  -64.78198  -63.03354 348.187485      55.53 0.0000e+00    938.667      22529          3  0.000e+00
