NBP2113_155081_ctd/data/nbp2113_065.cnv
* Sea-Bird SBE 9 Data File:
* FileName = D:\Data\raw\NBP2113_065.hex
* Software Version Seasave V 7.26.7.121
* Temperature SN = 2438
* Conductivity SN = 2067
* Number of Bytes Per Scan = 40
* Number of Voltage Words = 5
* Number of Scans Averaged by the Deck Unit = 1
* NMEA Latitude = 64 10.49 S
* NMEA Longitude = 061 56.61 W
* NMEA UTC (Time) = Dec 14 2021  14:58:16
* NMEA baud rate = 9600
** Ship: RVIB N.B. Palmer
** Cruise: NBP2113 LTER
** Station: 741.005
** Operator: B. Urmston
# nquan = 25
# nvalues = 1339                        
# units = specified
# name 0 = prDM: Pressure, Digiquartz [db]
# name 1 = depSM: Depth [salt water, m]
# name 2 = t090C: Temperature [ITS-90, deg C]
# name 3 = c0mS/cm: Conductivity [mS/cm]
# name 4 = t190C: Temperature, 2 [ITS-90, deg C]
# name 5 = c1mS/cm: Conductivity, 2 [mS/cm]
# name 6 = sbeox0ML/L: Oxygen, SBE 43 [ml/l]
# name 7 = sbeox1ML/L: Oxygen, SBE 43, 2 [ml/l]
# name 8 = flECO-AFL: Fluorescence, WET Labs ECO-AFL/FL [mg/m^3]
# name 9 = CStarTr0: Beam Transmission, WET Labs C-Star [%]
# name 10 = par: PAR/Irradiance, Biospherical/Licor
# name 11 = latitude: Latitude [deg]
# name 12 = longitude: Longitude [deg]
# name 13 = timeJ: Julian Days
# name 14 = altM: Altimeter [m]
# name 15 = spar: SPAR, Biospherical/Licor
# name 16 = timeS: Time, Elapsed [seconds]
# name 17 = scan: Scan Count
# name 18 = density00: Density [density, kg/m^3]
# name 19 = density11: Density, 2 [density, kg/m^3]
# name 20 = sal00: Salinity, Practical [PSU]
# name 21 = sal11: Salinity, Practical, 2 [PSU]
# name 22 = oxsolML/L: Oxygen Saturation, Garcia & Gordon [ml/l]
# name 23 = nbin: number of scans per bin
# name 24 = flag: flag
# span 0 =      1.000,    672.000       
# span 1 =      0.991,    664.374       
# span 2 =    -0.6483,     0.4539       
# span 3 =  28.425707,  29.126307       
# span 4 =    -0.6485,     0.4538       
# span 5 =  28.424814,  29.124899       
# span 6 =     5.2592,    20.6485       
# span 7 =     5.3832,     7.5813       
# span 8 =    -0.0298,     1.3733       
# span 9 =    83.5157,    89.7301       
# span 10 = 1.0000e-12, 6.9565e+02      
# span 11 =  -64.17472,  -64.17414      
# span 12 =  -61.94314,  -61.94192      
# span 13 = 348.626801, 348.648197      
# span 14 =       9.52,      99.97      
# span 15 = 4.8127e+02, 7.1198e+02      
# span 16 =    259.583,   2108.263      
# span 17 =       6231,      50599      
# span 18 =  1027.3291,  1030.9535      
# span 19 =  1027.3279,  1030.9522      
# span 20 =    34.0527,    34.5358      
# span 21 =    34.0512,    34.5343      
# span 22 =    7.94530,    8.17435      
# span 23 =         11,         53      
# span 24 = 0.0000e+00, 0.0000e+00      
# interval = decibars: 1                
# start_time = Dec 14 2021 14:58:16 [NMEA time, header]
# bad_flag = -9.990e-29
*END*
[from data line 754]
    585.000    578.483    -0.5775  28.461959    -0.5779  28.460533     6.0057     6.0776    -0.0198    89.5926 1.0000e-12  -64.17434  -61.94228 348.639758      96.73 4.8624e+02   1379.109      33100  1030.5396  1030.5384    34.5343    34.5328    8.15900         28 0.0000e+00
    584.000    577.494    -0.5778  28.461179    -0.5788  28.459194     6.0005     6.0863    -0.0224    89.6148 1.0000e-12  -64.17434  -61.94228 348.639772      98.00 4.8479e+02   1380.317      33129  1030.5349  1030.5337    34.5343    34.5327    8.15908         28 0.0000e+00
    583.000    576.507    -0.5790  28.459617    -0.5793  28.458376     6.0004     6.0845    -0.0206    89.6166 1.0000e-12  -64.17434  -61.94228 348.639786      97.94 4.8383e+02   1381.532      33158  1030.5301  1030.5290    34.5341    34.5327    8.15935         29 0.0000e+00
    582.000    575.520    -0.5791  28.459024    -0.5793  28.457748     5.9973     6.0871    -0.0145    89.6184 1.0000e-12  -64.17434  -61.94228 348.639800      98.35 4.8304e+02   1382.740      33187  1030.5253  1030.5241    34.5340    34.5325    8.15937         29 0.0000e+00
    581.000    574.533    -0.5787  28.458944    -0.5790  28.457591     5.9971     6.0823    -0.0173    89.6043 1.0000e-12  -64.17434  -61.94228 348.639814      98.22 4.8128e+02   1383.953      33216  1030.5205  1030.5194    34.5340    34.5326    8.15928         29 0.0000e+00
    580.000    573.544    -0.5781  28.458939    -0.5785  28.457543     5.9948     6.0810    -0.0221    89.6041 1.0000e-12  -64.17434  -61.94228 348.639828      99.37 4.8127e+02   1385.120      33244  1030.5157  1030.5145    34.5340    34.5325    8.15916         27 0.0000e+00
    579.000    572.558    -0.5775  28.458948    -0.5778  28.457604     5.9960     6.0790    -0.0167    89.6095 1.0000e-12  -64.17434  -61.94228 348.639841      99.75 4.8127e+02   1386.235      33271  1030.5109  1030.5097    34.5339    34.5324    8.15904         26 0.0000e+00
    578.000    571.569    -0.5772  28.458843    -0.5773  28.457641     5.9864     6.0784    -0.0147    89.6273 1.0000e-12  -64.17434  -61.94228 348.639854      99.97 4.8127e+02   1387.377      33298  1030.5062  1030.5050    34.5340    34.5325    8.15896         29 0.0000e+00
    577.000    570.581    -0.5766  28.458935    -0.5767  28.457691     5.9994     6.0769    -0.0230    89.6245 1.0000e-12  -64.17434  -61.94228 348.639868      99.97 4.8127e+02   1388.586      33327  1030.5015  1030.5002    34.5340    34.5325    8.15883         30 0.0000e+00
    576.000    569.596    -0.5762  28.458736    -0.5768  28.457195     5.9955     6.0759    -0.0182    89.6217 1.0000e-12  -64.17434  -61.94228 348.639883      99.97 4.8127e+02   1389.889      33358  1030.4966  1030.4955    34.5339    34.5325    8.15875         32 0.0000e+00
    575.000    568.607    -0.5756  28.458786    -0.5759  28.457424     5.9963     6.0749    -0.0202    89.6167 1.0000e-12  -64.17434  -61.94228 348.639898      99.97 4.8127e+02   1391.175      33389  1030.4919  1030.4906    34.5340    34.5324    8.15863         30 0.0000e+00
    574.000    567.619    -0.5751  28.458734    -0.5753  28.457513     5.9939     6.0740    -0.0156    89.6439 1.0000e-12  -64.17434  -61.94228 348.639912      99.97 4.8127e+02   1392.383      33418  1030.4870  1030.4859    34.5338    34.5325    8.15852         28 0.0000e+00
    573.000    566.632    -0.5741  28.459224    -0.5741  28.457989     5.9911     6.0719    -0.0280    89.6442 1.0000e-12  -64.17434  -61.94228 348.639925      99.97 4.8127e+02   1393.553      33446  1030.4823  1030.4810    34.5340    34.5323    8.15829         28 0.0000e+00
    572.000    565.645    -0.5734  28.459325    -0.5735  28.458089     5.9902     6.0729    -0.0235    89.6442 1.0000e-12  -64.17434  -61.94228 348.639939      99.97 4.8127e+02   1394.708      33474  1030.4775  1030.4763    34.5339    34.5324    8.15814         28 0.0000e+00
    571.000    564.657    -0.5726  28.459483    -0.5730  28.458068     5.9896     6.0734    -0.0256    89.6452 1.0000e-12  -64.17434  -61.94228 348.639952      99.97 4.8127e+02   1395.878      33502  1030.4727  1030.4715    34.5339    34.5324    8.15799         27 0.0000e+00
    570.000    563.669    -0.5721  28.459489    -0.5724  28.458155     5.9873     6.0738    -0.0140    89.6405 1.0000e-12  -64.17434  -61.94228 348.639966      99.97 4.8127e+02   1397.055      33530  1030.4679  1030.4667    34.5338    34.5324    8.15787         28 0.0000e+00
    569.000    562.682    -0.5716  28.459435    -0.5720  28.457996     5.9848     6.0730    -0.0142    89.6089 1.0000e-12  -64.17434  -61.94228 348.639980      99.97 4.8184e+02   1398.242      33559  1030.4631  1030.4619    34.5338    34.5323    8.15777         28 0.0000e+00
    568.000    561.695    -0.5716  28.459019    -0.5717  28.457831     5.9872     6.0750    -0.0183    89.6143 1.0000e-12  -64.17434  -61.94228 348.639994      99.97 4.8306e+02   1399.468      33588  1030.4584  1030.4573    34.5339    34.5324    8.15777         30 0.0000e+00
    567.000    560.706    -0.5711  28.458947    -0.5714  28.457525     5.9909     6.0730    -0.0125    89.6576 1.0000e-12  -64.17434  -61.94229 348.640008      99.97 4.8349e+02   1400.707      33618  1030.4536  1030.4524    34.5338    34.5322    8.15766         28 0.0000e+00
    566.000    559.720    -0.5702  28.459183    -0.5704  28.457865     5.9963     6.0658    -0.0184    89.6622 1.0000e-12  -64.17434  -61.94229 348.640022      99.97 4.8478e+02   1401.929      33647  1030.4488  1030.4476    34.5337    34.5322    8.15748         30 0.0000e+00
    565.000    558.732    -0.5687  28.459886    -0.5690  28.458560     5.9928     6.0634    -0.0282    89.6504 1.0000e-12  -64.17434  -61.94228 348.640037      99.97 4.8503e+02   1403.163      33677  1030.4438  1030.4426    34.5335    34.5320    8.15716         29 0.0000e+00
    564.000    557.744    -0.5687  28.459497    -0.5683  28.458709     5.9922     6.0672    -0.0287    89.6495 1.0000e-12  -64.17434  -61.94230 348.640051      99.97 4.8638e+02   1404.381      33706  1030.4392  1030.4379    34.5336    34.5321    8.15716         29 0.0000e+00
    563.000    556.756    -0.5683  28.459346    -0.5681  28.458456     5.9937     6.0690    -0.0206    89.6619 1.0000e-12  -64.17434  -61.94229 348.640065      99.97 4.8656e+02   1405.582      33735  1030.4343  1030.4331    34.5335    34.5321    8.15707         29 0.0000e+00
    562.000    555.771    -0.5681  28.459003    -0.5682  28.457931     5.9919     6.0659    -0.0164    89.6419 1.0000e-12  -64.17434  -61.94229 348.640078      99.97 4.8656e+02   1406.743      33763  1030.4296  1030.4284    34.5335    34.5321    8.15704         25 0.0000e+00
    561.000    554.782    -0.5676  28.458942    -0.5678  28.457738     5.9838     6.0672    -0.0224    89.6613 1.0000e-12  -64.17434  -61.94229 348.640091      99.97 4.8663e+02   1407.874      33790  1030.4248  1030.4236    34.5335    34.5320    8.15694         27 0.0000e+00
    560.000    553.794    -0.5673  28.458687    -0.5672  28.457661     5.9873     6.0665    -0.0197    89.6613 1.0000e-12  -64.17434  -61.94229 348.640105      99.97 4.8832e+02   1409.062      33818  1030.4199  1030.4187    34.5334    34.5318    8.15687         30 0.0000e+00
    559.000    552.807    -0.5664  28.459012    -0.5660  28.458274     5.9858     6.0646    -0.0213    89.6548 1.0000e-12  -64.17434  -61.94230 348.640119      99.97 4.8850e+02   1410.295      33848  1030.4151  1030.4140    34.5333    34.5319    8.15667         29 0.0000e+00
    558.000    551.819    -0.5655  28.459371    -0.5657  28.458119     5.9850     6.0630    -0.0258    89.6690 1.0000e-12  -64.17434  -61.94229 348.640133      99.97 4.9007e+02   1411.515      33877  1030.4104  1030.4093    34.5333    34.5320    8.15647         30 0.0000e+00
    557.000    550.832    -0.5658  28.458637    -0.5657  28.457634     5.9843     6.0665    -0.0267    89.6699 1.0000e-12  -64.17434  -61.94230 348.640148      99.97 4.9008e+02   1412.758      33907  1030.4057  1030.4045    34.5333    34.5319    8.15654         27 0.0000e+00
    556.000    549.844    -0.5656  28.458351    -0.5660  28.456956     5.9882     6.0675    -0.0238    89.6699 1.0000e-12  -64.17434  -61.94230 348.640162      99.97 4.9026e+02   1413.987      33937  1030.4010  1030.3998    34.5333    34.5319    8.15650         30 0.0000e+00
    555.000    548.857    -0.5658  28.457634    -0.5660  28.456317     5.9863     6.0651    -0.0286    89.6699 1.0000e-12  -64.17434  -61.94230 348.640176      99.97 4.9183e+02   1415.162      33965  1030.3962  1030.3949    34.5332    34.5317    8.15656         27 0.0000e+00
    554.000    547.869    -0.5646  28.458337    -0.5649  28.456946     5.9829     6.0661    -0.0226    89.6699 1.0000e-12  -64.17434  -61.94230 348.640189      99.97 4.9251e+02   1416.339      33993  1030.3915  1030.3902    34.5334    34.5318    8.15629         29 0.0000e+00
    553.000    546.881    -0.5637  28.458564    -0.5642  28.457103     5.9861     6.0680    -0.0216    89.6624 1.0000e-12  -64.17434  -61.94230 348.640203      99.97 4.9363e+02   1417.540      34022  1030.3866  1030.3855    34.5333    34.5319    8.15610         28 0.0000e+00
    552.000    545.893    -0.5632  28.458587    -0.5631  28.457570     5.9832     6.0632    -0.0224    89.6727 1.0000e-12  -64.17434  -61.94230 348.640217      99.97 4.9373e+02   1418.719      34050  1030.3819  1030.3807    34.5334    34.5319    8.15599         29 0.0000e+00
    551.000    544.906    -0.5626  28.458614    -0.5623  28.457771     5.9844     6.0664    -0.0294    89.6886 1.0000e-12  -64.17434  -61.94230 348.640231      99.97 4.9537e+02   1419.917      34079  1030.3770  1030.3759    34.5333    34.5318    8.15586         29 0.0000e+00
    550.000    543.919    -0.5618  28.458801    -0.5622  28.457419     5.9808     6.0603    -0.0258    89.6937 1.0000e-12  -64.17434  -61.94230 348.640245      99.97 4.9537e+02   1421.136      34108  1030.3722  1030.3711    34.5332    34.5318    8.15569         29 0.0000e+00
    549.000    542.930    -0.5618  28.458388    -0.5621  28.457047     5.9845     6.0636    -0.0224    89.6957 1.0000e-12  -64.17434  -61.94230 348.640259      99.97 4.9625e+02   1422.352      34137  1030.3675  1030.3664    34.5332    34.5318    8.15568         30 0.0000e+00
    548.000    541.944    -0.5618  28.457795    -0.5622  28.456481     5.9909     6.0628    -0.0224    89.6957 1.0000e-12  -64.17434  -61.94230 348.640273      99.97 4.9714e+02   1423.593      34167  1030.3627  1030.3616    34.5331    34.5317    8.15571         29 0.0000e+00
    547.000    540.954    -0.5620  28.457207    -0.5621  28.455974     5.9905     6.0661    -0.0221    89.6939 1.0000e-12  -64.17434  -61.94230 348.640287      99.97 4.9757e+02   1424.822      34197  1030.3579  1030.3568    34.5331    34.5316    8.15573         29 0.0000e+00
    546.000    539.967    -0.5620  28.456601    -0.5623  28.455338     5.9837     6.0706    -0.0274    89.6892 1.0000e-12  -64.17434  -61.94230 348.640301      99.97 4.9892e+02   1426.000      34225  1030.3532  1030.3520    34.5329    34.5315    8.15576         28 0.0000e+00
    545.000    538.980    -0.5625  28.455632    -0.5628  28.454383     5.9844     6.0659    -0.0229    89.6948 1.0000e-12  -64.17434  -61.94230 348.640314      99.97 4.9890e+02   1427.141      34252  1030.3484  1030.3472    34.5328    34.5314    8.15587         28 0.0000e+00
    544.000    537.992    -0.5630  28.454725    -0.5630  28.453693     5.9822     6.0656    -0.0219    89.6919 1.0000e-12  -64.17434  -61.94230 348.640327      99.97 4.9961e+02   1428.283      34280  1030.3437  1030.3425    34.5328    34.5314    8.15599         27 0.0000e+00
    543.000    537.005    -0.5633  28.453950    -0.5635  28.452699     5.9834     6.0641    -0.0152    89.6714 1.0000e-12  -64.17434  -61.94230 348.640341      99.97 5.0067e+02   1429.494      34309  1030.3389  1030.3377    34.5326    34.5311    8.15605         30 0.0000e+00
    542.000    536.016    -0.5634  28.453359    -0.5636  28.452166     5.9804     6.0633    -0.0215    89.6666 1.0000e-12  -64.17434  -61.94230 348.640356      99.97 5.0066e+02   1430.755      34339  1030.3340  1030.3330    34.5325    34.5312    8.15607         31 0.0000e+00
    541.000    535.029    -0.5638  28.452621    -0.5638  28.451431     5.9825     6.0701    -0.0221    89.6498 1.0000e-12  -64.17434  -61.94230 348.640370      99.97 5.0066e+02   1431.974      34368  1030.3294  1030.3281    34.5326    34.5310    8.15616         28 0.0000e+00
    540.000    534.042    -0.5650  28.450876    -0.5650  28.449903     5.9914     6.0687    -0.0245    89.6680 1.0000e-12  -64.17434  -61.94230 348.640384      99.97 5.0225e+02   1433.141      34396  1030.3244  1030.3234    34.5322    34.5309    8.15643         28 0.0000e+00
    539.000    533.054    -0.5659  28.449409    -0.5660  28.448258     5.9879     6.0669    -0.0236    89.6699 1.0000e-12  -64.17434  -61.94230 348.640397      99.97 5.0242e+02   1434.317      34425  1030.3196  1030.3184    34.5319    34.5305    8.15665         29 0.0000e+00
    538.000    532.066    -0.5666  28.448050    -0.5668  28.446868     5.9880     6.0627    -0.0144    89.6586 1.0000e-12  -64.17434  -61.94230 348.640411      99.97 5.0331e+02   1435.516      34453  1030.3145  1030.3135    34.5315    34.5301    8.15683         29 0.0000e+00
    537.000    531.078    -0.5670  28.447223    -0.5671  28.445996     5.9851     6.0623    -0.0182    89.6391 1.0000e-12  -64.17434  -61.94230 348.640426      99.97 5.0418e+02   1436.769      34483  1030.3097  1030.3085    34.5313    34.5298    8.15691         30 0.0000e+00
    536.000    530.089    -0.5667  28.446721    -0.5671  28.445428     5.9768     6.0630    -0.0219    89.6271 1.0000e-12  -64.17434  -61.94231 348.640440      99.97 5.0443e+02   1438.018      34513  1030.3047  1030.3037    34.5310    34.5297    8.15688         29 0.0000e+00
    535.000    529.105    -0.5654  28.447333    -0.5658  28.445925     5.9777     6.0607    -0.0276    89.6213 1.0000e-12  -64.17434  -61.94232 348.640453      99.97 5.0589e+02   1439.169      34541  1030.2998  1030.2986    34.5309    34.5294    8.15661         27 0.0000e+00
    534.000    528.114    -0.5641  28.448056    -0.5645  28.446604     5.9814     6.0617    -0.0297    89.6402 1.0000e-12  -64.17434  -61.94232 348.640466      99.97 5.0595e+02   1440.282      34568  1030.2950  1030.2938    34.5310    34.5295    8.15632         27 0.0000e+00
    533.000    527.128    -0.5636  28.447956    -0.5632  28.447268     5.9815     6.0625    -0.0230    89.6380 1.0000e-12  -64.17434  -61.94232 348.640480      99.97 5.0757e+02   1441.444      34596  1030.2901  1030.2890    34.5309    34.5295    8.15622         29 0.0000e+00
    532.000    526.140    -0.5579  28.452397    -0.5595  28.449830     5.9770     6.0590    -0.0287    89.6102 1.0000e-12  -64.17434  -61.94232 348.640494      99.97 5.0771e+02   1442.672      34625  1030.2850  1030.2839    34.5310    34.5294    8.15497         30 0.0000e+00
    531.000    525.152    -0.5558  28.453908    -0.5564  28.452329     5.9744     6.0566    -0.0221    89.6434 1.0000e-12  -64.17434  -61.94232 348.640509      99.97 5.0834e+02   1443.961      34656  1030.2804  1030.2792    34.5313    34.5298    8.15452         31 0.0000e+00
    530.000    524.164    -0.5532  28.455801    -0.5540  28.454024     5.9725     6.0574    -0.0194    89.6589 1.0000e-12  -64.17434  -61.94232 348.640524      99.97 5.0948e+02   1445.242      34687  1030.2756  1030.2744    34.5315    34.5300    8.15395         30 0.0000e+00
    529.000    523.177    -0.5519  28.456464    -0.5539  28.453727     5.9754     6.0520    -0.0175    89.6556 1.0000e-12  -64.17434  -61.94232 348.640537      99.97 5.1019e+02   1446.422      34715  1030.2708  1030.2698    34.5314    34.5300    8.15366         27 0.0000e+00
