NBP2113_155081_ctd/data/nbp2113_034.ros
* Sea-Bird SBE 9 Data File:
* FileName = D:\Data\raw\NBP2113_034.hex
* Software Version Seasave V 7.26.7.121
* Temperature SN = 2438
* Conductivity SN = 2067
* Number of Bytes Per Scan = 40
* Number of Voltage Words = 5
* Number of Scans Averaged by the Deck Unit = 1
* NMEA Latitude = 64 56.01 S
* NMEA Longitude = 064 23.98 W
* NMEA UTC (Time) = Dec 08 2021  22:30:19
* NMEA baud rate = 9600
** Ship: RVIB N.B. Palmer
** Cruise: NBP2113 LTER
** Station: 600.040
** Operator: S. Blackman
# nquan = 20
# nvalues = 1150                                  
# units = specified
# name 0 = prDM: Pressure, Digiquartz [db]
# name 1 = depSM: Depth [salt water, m]
# name 2 = t090C: Temperature [ITS-90, deg C]
# name 3 = c0mS/cm: Conductivity [mS/cm]
# name 4 = t190C: Temperature, 2 [ITS-90, deg C]
# name 5 = c1mS/cm: Conductivity, 2 [mS/cm]
# name 6 = sbeox0ML/L: Oxygen, SBE 43 [ml/l]
# name 7 = sbeox1ML/L: Oxygen, SBE 43, 2 [ml/l]
# name 8 = flECO-AFL: Fluorescence, WET Labs ECO-AFL/FL [mg/m^3]
# name 9 = CStarTr0: Beam Transmission, WET Labs C-Star [%]
# name 10 = par: PAR/Irradiance, Biospherical/Licor
# name 11 = latitude: Latitude [deg]
# name 12 = longitude: Longitude [deg]
# name 13 = timeJ: Julian Days
# name 14 = altM: Altimeter [m]
# name 15 = spar: SPAR, Biospherical/Licor
# name 16 = timeS: Time, Elapsed [seconds]
# name 17 = scan: Scan Count
# name 18 = nbf: Bottles Fired
# name 19 = flag:  0.000e+00
# interval = seconds: 0.0416667
# start_time = Dec 08 2021 22:30:19 [NMEA time, header]
# bad_flag = -9.990e-29
*END*
[from data line 1086]
      3.062      3.032    -1.0069  27.119761    -1.0092  27.116268     8.4694     8.0430     1.4575    87.6872 2.0859e+01  -64.93350  -64.39974 342.985469       9.21 4.2309e+01   4125.542      99014         23  0.000e+00
      3.008      2.978    -1.0080  27.119305    -1.0099  27.115711     8.5035     8.0425     1.4575    87.6872 2.1042e+01  -64.93350  -64.39974 342.985470       9.21 4.4072e+01   4125.583      99015         23  0.000e+00
      2.898      2.870    -1.0101  27.118222    -1.0104  27.114654     8.5385     8.0419     1.4575    87.6872 2.1226e+01  -64.93350  -64.39974 342.985470       9.23 4.4072e+01   4125.625      99016         23  0.000e+00
      2.857      2.829    -1.0120  27.117425    -1.0115  27.114098     8.5710     8.0414     1.4575    87.6872 2.1349e+01  -64.93350  -64.39974 342.985471       9.23 4.4072e+01   4125.667      99017         23  0.000e+00
      2.809      2.782    -1.0134  27.115090    -1.0119  27.113709     8.5980     8.0416     1.4575    87.6872 2.1473e+01  -64.93350  -64.39974 342.985471       9.23 4.2309e+01   4125.708      99018         23  0.000e+00
      2.707      2.680    -1.0144  27.113836    -1.0125  27.113096     8.6178     8.0418     1.4575    87.6615 2.1536e+01  -64.93350  -64.39974 342.985472       9.21 4.2309e+01   4125.750      99019         23  0.000e+00
      2.707      2.680    -1.0147  27.112754    -1.0130  27.112818     8.6352     8.0412     1.4575    87.6615 2.1598e+01  -64.93350  -64.39974 342.985472       9.23 4.2309e+01   4125.792      99020         23  0.000e+00
      2.597      2.572    -1.0145  27.112811    -1.0133  27.112540     8.6633     8.0413     1.4575    87.6615 2.1536e+01  -64.93350  -64.39974 342.985473       9.23 4.2309e+01   4125.833      99021         23  0.000e+00
      2.556      2.531    -1.0146  27.113039    -1.0139  27.112317     8.6814     8.0415     1.4575    87.6615 2.1473e+01  -64.93350  -64.39974 342.985473       9.23 4.4072e+01   4125.875      99022         23  0.000e+00
      2.454      2.430    -1.0144  27.112526    -1.0141  27.111817     8.6970     8.0417     1.4575    87.6615 2.1473e+01  -64.93350  -64.39974 342.985474       9.23 4.4072e+01   4125.917      99023         23  0.000e+00
      2.454      2.430    -1.0149  27.112754    -1.0147  27.111538     8.7178     8.0475     1.4575    87.6615 2.1411e+01  -64.93350  -64.39974 342.985474       9.21 4.4072e+01   4125.958      99024         23  0.000e+00
      2.351      2.328    -1.0149  27.113038    -1.0151  27.111260     8.7478     8.0429     1.4575    87.6615 2.1411e+01  -64.93350  -64.39974 342.985475       9.21 4.4072e+01   4126.000      99025         23  0.000e+00
      2.296      2.274    -1.0150  27.112241    -1.0150  27.111260     8.7678     8.0430     1.4575    87.6615 2.1473e+01  -64.93350  -64.39974 342.985475       9.23 4.4072e+01   4126.042      99026         23  0.000e+00
      2.303      2.281    -1.0152  27.112525    -1.0153  27.110982     8.7686     8.0432     1.4575    87.6615 2.1598e+01  -64.93350  -64.39974 342.985476       9.23 4.2309e+01   4126.083      99027         23  0.000e+00
      2.146      2.125    -1.0152  27.112297    -1.0153  27.110982     8.7608     8.0431     1.4575    87.6615 2.1787e+01  -64.93350  -64.39974 342.985476       9.23 4.2309e+01   4126.125      99028         23  0.000e+00
      2.050      2.030    -1.0152  27.111727    -1.0150  27.111148     8.7586     8.0430     1.4575    87.6615 2.1977e+01  -64.93350  -64.39974 342.985476       9.23 4.2309e+01   4126.167      99029         24  0.000e+00
      2.098      2.077    -1.0152  27.112012    -1.0150  27.111037     8.7543     8.0432     1.4575    87.6615 2.2298e+01  -64.93350  -64.39974 342.985477       9.23 4.2309e+01   4126.208      99030         24  0.000e+00
      1.989      1.969    -1.0149  27.111727    -1.0151  27.110925     8.7582     8.0432     1.4575    87.6615 2.2557e+01  -64.93350  -64.39974 342.985477       9.23 4.2309e+01   4126.250      99031         24  0.000e+00
      1.948      1.928    -1.0150  27.111727    -1.0149  27.110592     8.7556     8.0423     1.4575    87.6615 2.2886e+01  -64.93350  -64.39974 342.985478       9.23 4.2309e+01   4126.292      99032         24  0.000e+00
      1.948      1.928    -1.0147  27.111727    -1.0150  27.110647     8.7434     8.0415     1.4575    87.6615 2.3153e+01  -64.93350  -64.39974 342.985478       9.23 4.2309e+01   4126.333      99033         24  0.000e+00
      1.845      1.827    -1.0150  27.112012    -1.0150  27.110925     8.7202     8.0414     1.4575    87.6615 2.3354e+01  -64.93350  -64.39974 342.985479       9.23 4.4072e+01   4126.375      99034         24  0.000e+00
      1.797      1.779    -1.0150  27.111499    -1.0150  27.111147     8.6922     8.0404     1.4575    87.6615 2.3558e+01  -64.93350  -64.39974 342.985479       9.23 4.2309e+01   4126.417      99035         24  0.000e+00
      1.736      1.719    -1.0150  27.111783    -1.0149  27.110869     8.6668     8.0404     1.4575    87.6615 2.3763e+01  -64.93350  -64.39974 342.985480       9.23 4.2309e+01   4126.458      99036         24  0.000e+00
      1.742      1.725    -1.0149  27.111499    -1.0150  27.110702     8.6455     8.0395     1.4575    87.6615 2.3901e+01  -64.93350  -64.39974 342.985480       9.82 4.4072e+01   4126.500      99037         24  0.000e+00
      1.695      1.678    -1.0150  27.111726    -1.0151  27.110702     8.6180     8.0394     1.4721    87.6872 2.4179e+01  -64.93350  -64.39974 342.985481      63.27 4.2309e+01   4126.542      99038         24  0.000e+00
      1.640      1.624    -1.0149  27.112011    -1.0150  27.110869     8.5695     8.0393     1.4721    87.6872 2.4601e+01  -64.93350  -64.39974 342.985481      98.56 4.4072e+01   4126.583      99039         24  0.000e+00
      1.544      1.529    -1.0149  27.111498    -1.0141  27.111925     8.5406     8.0389     1.4795    87.7130 2.4959e+01  -64.93350  -64.39974 342.985482     100.00 4.2309e+01   4126.625      99040         24  0.000e+00
      1.585      1.570    -1.0145  27.112011    -1.0108  27.115485     8.5045     8.0380     1.4795    87.6872 2.5322e+01  -64.93350  -64.39974 342.985482     100.00 4.4072e+01   4126.667      99041         24  0.000e+00
      1.544      1.529    -1.0147  27.112011    -1.0062  27.118767     8.4658     8.0368     1.4795    87.6872 2.5616e+01  -64.93350  -64.39974 342.985483     100.00 4.2309e+01   4126.708      99042         24  0.000e+00
      1.489      1.475    -1.0149  27.112068    -1.0037  27.120380     8.4245     8.0361     1.4795    87.6872 2.5913e+01  -64.93350  -64.39974 342.985483      99.93 4.4072e+01   4126.750      99043         24  0.000e+00
      1.442      1.427    -1.0150  27.111726    -1.0023  27.120380     8.3968     8.0357     1.4795    87.6872 2.6289e+01  -64.93350  -64.39974 342.985484      99.88 4.2309e+01   4126.792      99044         24  0.000e+00
      1.387      1.373    -1.0152  27.112010    -1.0014  27.120435     8.3605     8.0354     1.4795    87.7130 2.6980e+01  -64.93350  -64.39974 342.985484      99.93 4.2309e+01   4126.833      99045         24  0.000e+00
      1.442      1.427    -1.0153  27.111498    -1.0020  27.120101     8.3220     8.0356     1.4721    87.6872 2.9668e+01  -64.93350  -64.39974 342.985485      99.95 4.2309e+01   4126.875      99046         24  0.000e+00
      1.332      1.319    -1.0155  27.111498    -1.0036  27.119155     8.2753     8.0414     1.4721    87.7130 3.4841e+01  -64.93350  -64.39974 342.985485      99.98 4.2309e+01   4126.917      99047         24  0.000e+00
      1.291      1.278    -1.0154  27.111213    -1.0038  27.119322     8.2355     8.0366     1.4795    87.7130 4.0663e+01  -64.93350  -64.39974 342.985486      99.98 4.4072e+01   4126.958      99048         24  0.000e+00
      1.291      1.278    -1.0153  27.110985    -1.0026  27.119990     8.2009     8.0363     1.4795    87.7130 4.5843e+01  -64.93350  -64.39974 342.985486      99.93 4.2309e+01   4127.000      99049         24  0.000e+00
      1.189      1.177    -1.0150  27.111269    -1.0023  27.120045     8.1622     8.0360     1.4795    87.6872 5.0079e+01  -64.93350  -64.39974 342.985487      99.95 4.2309e+01   4127.042      99050         24  0.000e+00
      1.189      1.177    -1.0149  27.111212    -1.0027  27.120490     8.1230     8.0360     1.4795    87.7130 5.3621e+01  -64.93350  -64.39974 342.985487      99.98 4.4072e+01   4127.083      99051         24  0.000e+00
      1.134      1.123    -1.0140  27.111725    -1.0029  27.119767     8.0886     8.0360     1.4795    87.6872 5.6762e+01  -64.93350  -64.39974 342.985488      99.98 4.2309e+01   4127.125      99052         24  0.000e+00
      1.079      1.069    -1.0134  27.111725    -1.0060  27.117486     8.0550     8.0422     1.4795    87.6872 5.9404e+01  -64.93350  -64.39974 342.985488      99.98 4.2309e+01   4127.167      99053         24  0.000e+00
      1.086      1.075    -1.0133  27.112009    -1.0095  27.114149     8.0175     8.0383     1.4795    87.6872 6.1465e+01  -64.93350  -64.39974 342.985489      99.98 4.2309e+01   4127.208      99054         24  0.000e+00
      0.983      0.974    -1.0140  27.112750    -1.0123  27.111924     7.9851     8.0388     1.4795    87.6872 6.3417e+01  -64.93350  -64.39974 342.985489      99.98 4.2309e+01   4127.250      99055         24  0.000e+00
      0.983      0.974    -1.0144  27.112522    -1.0136  27.111145     7.9653     8.0390     1.4795    87.7130 6.5059e+01  -64.93350  -64.39974 342.985489      99.95 4.2309e+01   4127.292      99056         24  0.000e+00
      0.881      0.872    -1.0145  27.112294    -1.0147  27.110533     7.9494     8.0390     1.4795    87.7130 6.6366e+01  -64.93350  -64.39974 342.985490      99.95 4.2309e+01   4127.333      99057         24  0.000e+00
      0.881      0.872    -1.0149  27.111724    -1.0153  27.110088     7.9317     8.0446     1.4795    87.6872 6.7315e+01  -64.93350  -64.39974 342.985490      99.98 4.2309e+01   4127.375      99058         24  0.000e+00
      0.826      0.818    -1.0149  27.111496    -1.0155  27.109921     7.9181     8.0398     1.4795    87.6872 6.8277e+01  -64.93350  -64.39974 342.985491      99.98 4.2309e+01   4127.417      99059         24  0.000e+00
      0.730      0.723    -1.0147  27.111724    -1.0158  27.109587     7.9265     8.0396     1.4795    87.6872 6.9057e+01  -64.93350  -64.39974 342.985491      99.95 4.2309e+01   4127.458      99060         24  0.000e+00
      0.730      0.723    -1.0149  27.111496    -1.0156  27.109810     7.9215     8.0450     1.4795    87.6872 6.9845e+01  -64.93350  -64.39974 342.985492      99.93 4.2309e+01   4127.500      99061         24  0.000e+00
      0.730      0.723    -1.0149  27.111211    -1.0158  27.109754     7.9135     8.0457     1.4795    87.6872 7.0243e+01  -64.93350  -64.39974 342.985492      56.73 4.2309e+01   4127.542      99062         24  0.000e+00
      0.628      0.622    -1.0147  27.111211    -1.0154  27.110088     7.9186     8.0406     1.4795    87.6615 7.0643e+01  -64.93350  -64.39974 342.985493       8.38 4.2309e+01   4127.583      99063         24  0.000e+00
      0.580      0.574    -1.0145  27.111496    -1.0154  27.110032     7.9307     8.0459     1.4721    87.6615 7.0844e+01  -64.93350  -64.39974 342.985493       0.00 4.2309e+01   4127.625      99064         24  0.000e+00
      0.573      0.567    -1.0141  27.111780    -1.0153  27.109531     7.9439     8.0466     1.4648    87.6615 7.0844e+01  -64.93350  -64.39974 342.985494       0.00 4.2309e+01   4127.667      99065         24  0.000e+00
      0.477      0.473    -1.0140  27.111723    -1.0153  27.109865     7.9555     8.0470     1.4648    87.6615 7.1247e+01  -64.93350  -64.39974 342.985494       1.17 4.2309e+01   4127.708      99066         24  0.000e+00
      0.477      0.473    -1.0139  27.111723    -1.0156  27.109531     7.9747     8.0477     1.4648    87.6615 7.2060e+01  -64.93350  -64.39974 342.985495       1.76 4.2309e+01   4127.750      99067         24  0.000e+00
      0.429      0.425    -1.0142  27.111495    -1.0158  27.109420     7.9954     8.0482     1.4648    87.6615 7.2470e+01  -64.93350  -64.39974 342.985495       1.78 4.2309e+01   4127.792      99068         24  0.000e+00
      0.430      0.425    -1.0144  27.112008    -1.0156  27.109809     8.0175     8.0486     1.4648    87.6615 7.2676e+01  -64.93350  -64.39974 342.985496       1.73 4.2309e+01   4127.833      99069         24  0.000e+00
      0.327      0.324    -1.0145  27.112008    -1.0158  27.109531     8.0439     8.0490     1.4648    87.6615 7.2883e+01  -64.93350  -64.39974 342.985496       1.73 4.2309e+01   4127.875      99070         24  0.000e+00
      0.272      0.270    -1.0144  27.111723    -1.0160  27.109419     8.0835     8.0494     1.4648    87.6615 7.3090e+01  -64.93350  -64.39974 342.985497       1.71 4.2309e+01   4127.917      99071         24  0.000e+00
      0.320      0.317    -1.0142  27.112064    -1.0158  27.109586     8.1214     8.0497     1.4648    87.6615 7.3297e+01  -64.93350  -64.39974 342.985497       1.71 4.2309e+01   4127.958      99072         24  0.000e+00
      0.176      0.175    -1.0143  27.111495    -1.0158  27.109308     8.1632     8.0509     1.4648    87.6615 7.3506e+01  -64.93350  -64.39974 342.985498       1.71 4.2309e+01   4128.000      99073         24  0.000e+00
      0.176      0.175    -1.0140  27.111722    -1.0159  27.109141     8.2119     8.0513     1.4648    87.6615 7.3506e+01  -64.93350  -64.39974 342.985498       4.42 4.2309e+01   4128.042      99074         24  0.000e+00
      0.122      0.121    -1.0140  27.111494    -1.0159  27.109196     8.2705     8.0515     1.4648    87.6615 7.2883e+01  -64.93350  -64.39974 342.985499       8.45 4.2309e+01   4128.083      99075         24  0.000e+00
      0.074      0.073    -1.0139  27.111722    -1.0159  27.108918     8.3301     8.0517     1.4648    87.6615 7.2883e+01  -64.93350  -64.39974 342.985499       9.52 4.2309e+01   4128.125      99076         24  0.000e+00
      0.019      0.019    -1.0140  27.112007    -1.0159  27.109307     8.3888     8.0518     1.4648    87.6615 7.3714e+01  -64.93350  -64.39974 342.985500       9.40 4.2309e+01   4128.167      99077         24  0.000e+00
