NBP2113_155081_ctd/data/nbp2113_059.ros
* Sea-Bird SBE 9 Data File:
* FileName = D:\Data\raw\NBP2113_059.hex
* Software Version Seasave V 7.26.7.121
* Temperature SN = 2438
* Conductivity SN = 2067
* Number of Bytes Per Scan = 40
* Number of Voltage Words = 5
* Number of Scans Averaged by the Deck Unit = 1
* NMEA Latitude = 64 45.55 S
* NMEA Longitude = 063 08.87 W
* NMEA UTC (Time) = Dec 13 2021  21:27:01
* NMEA baud rate = 9600
** Ship: RVIB N.B. Palmer
** Cruise: NBP2113 LTER
** Station: 653.008
** Operator: S. Blackman
# nquan = 20
# nvalues = 588                                   
# units = specified
# name 0 = prDM: Pressure, Digiquartz [db]
# name 1 = depSM: Depth [salt water, m]
# name 2 = t090C: Temperature [ITS-90, deg C]
# name 3 = c0mS/cm: Conductivity [mS/cm]
# name 4 = t190C: Temperature, 2 [ITS-90, deg C]
# name 5 = c1mS/cm: Conductivity, 2 [mS/cm]
# name 6 = sbeox0ML/L: Oxygen, SBE 43 [ml/l]
# name 7 = sbeox1ML/L: Oxygen, SBE 43, 2 [ml/l]
# name 8 = flECO-AFL: Fluorescence, WET Labs ECO-AFL/FL [mg/m^3]
# name 9 = CStarTr0: Beam Transmission, WET Labs C-Star [%]
# name 10 = par: PAR/Irradiance, Biospherical/Licor
# name 11 = latitude: Latitude [deg]
# name 12 = longitude: Longitude [deg]
# name 13 = timeJ: Julian Days
# name 14 = altM: Altimeter [m]
# name 15 = spar: SPAR, Biospherical/Licor
# name 16 = timeS: Time, Elapsed [seconds]
# name 17 = scan: Scan Count
# name 18 = nbf: Bottles Fired
# name 19 = flag:  0.000e+00
# interval = seconds: 0.0416667
# start_time = Dec 13 2021 21:27:01 [NMEA time, header]
# bad_flag = -9.990e-29
*END*
[from data line 435]
     40.328     39.929    -0.0101  28.312441    -0.0195  28.269328     6.9592     7.1633     1.0985    87.4812 3.5820e+00  -64.75938  -63.14770 347.910415      99.98 4.8656e+02   1438.875      34534          9  0.000e+00
     40.376     39.977    -0.0138  28.307349    -0.0195  28.273565     6.9582     7.1625     1.0985    87.4297 3.5820e+00  -64.75938  -63.14770 347.910416      99.98 4.8656e+02   1438.917      34535          9  0.000e+00
     40.341     39.943    -0.0168  28.294446    -0.0210  28.277012     6.9536     7.1567     1.1864    87.4297 3.5820e+00  -64.75938  -63.14770 347.910416      99.98 4.8656e+02   1438.958      34536          9  0.000e+00
     40.376     39.977    -0.0184  28.278421    -0.0218  28.273340     6.9583     7.1615     1.2963    87.4555 3.5820e+00  -64.75938  -63.14770 347.910417      99.98 4.8656e+02   1439.000      34537          9  0.000e+00
     40.280     39.882    -0.0187  28.271364    -0.0229  28.264583     6.9582     7.1632     1.3183    87.4555 3.5820e+00  -64.75938  -63.14770 347.910417      99.98 4.8656e+02   1439.042      34538          9  0.000e+00
     40.376     39.977    -0.0193  28.270902    -0.0238  28.258483     6.9526     7.1641     1.3183    87.4555 3.5820e+00  -64.75938  -63.14770 347.910418      99.95 4.8656e+02   1439.083      34539          9  0.000e+00
     40.329     39.930    -0.0238  28.243664    -0.0237  28.244193     7.3249     7.3668     1.2450    87.1465 3.5700e+00  -64.75938  -63.14770 347.910472       1.71 4.8832e+02   1443.792      34652         10  0.000e+00
     40.329     39.930    -0.0238  28.243664    -0.0237  28.243403     7.3255     7.3729     1.2450    87.1465 3.5700e+00  -64.75938  -63.14770 347.910473      25.93 4.8832e+02   1443.833      34653         10  0.000e+00
     40.329     39.930    -0.0238  28.243895    -0.0240  28.243007     7.3321     7.3742     1.2450    87.1722 3.5820e+00  -64.75938  -63.14770 347.910473      84.47 4.8832e+02   1443.875      34654         10  0.000e+00
     40.342     39.944    -0.0237  28.243664    -0.0237  28.242894     7.3334     7.3804     1.2450    87.0692 3.5700e+00  -64.75938  -63.14770 347.910474     100.00 4.8832e+02   1443.917      34655         10  0.000e+00
     40.377     39.978    -0.0238  28.243086    -0.0240  28.243685     7.3394     7.3816     1.2450    86.9920 3.5700e+00  -64.75938  -63.14770 347.910474     100.00 4.8832e+02   1443.958      34656         10  0.000e+00
     40.329     39.930    -0.0236  28.242855    -0.0237  28.243911     7.3399     7.3823     1.2450    86.9662 3.5700e+00  -64.75938  -63.14770 347.910475     100.00 4.8832e+02   1444.000      34657         10  0.000e+00
     40.329     39.930    -0.0238  28.242913    -0.0238  28.243572     7.3422     7.3827     1.2450    86.9920 3.5700e+00  -64.75938  -63.14770 347.910475     100.00 4.8832e+02   1444.042      34658         10  0.000e+00
     40.329     39.930    -0.0238  28.242566    -0.0235  28.243911     7.3479     7.3826     1.2450    86.9920 3.5700e+00  -64.75938  -63.14770 347.910476      99.88 4.8832e+02   1444.083      34659         10  0.000e+00
     40.329     39.930    -0.0238  28.242855    -0.0237  28.244193     7.3494     7.3876     1.2450    86.9920 3.5700e+00  -64.75938  -63.14770 347.910476      99.90 4.8832e+02   1444.125      34660         10  0.000e+00
     40.343     39.944    -0.0235  28.243953    -0.0233  28.244476     7.3486     7.3874     1.2450    86.9920 3.5700e+00  -64.75938  -63.14770 347.910476      99.95 4.8832e+02   1444.167      34661         10  0.000e+00
     40.329     39.930    -0.0235  28.245225    -0.0235  28.244193     7.3466     7.3878     1.2450    86.9920 3.5700e+00  -64.75938  -63.14770 347.910477      99.98 4.8832e+02   1444.208      34662         10  0.000e+00
     40.329     39.930    -0.0236  28.246093    -0.0235  28.245436     7.3579     7.3930     1.2450    86.9920 3.5700e+00  -64.75938  -63.14770 347.910477      99.98 4.8832e+02   1444.250      34663         10  0.000e+00
     40.377     39.978    -0.0235  28.245746    -0.0235  28.245266     7.3594     7.3934     1.2450    86.9920 3.5700e+00  -64.75938  -63.14770 347.910478      99.93 4.8832e+02   1444.292      34664         10  0.000e+00
     40.281     39.883    -0.0236  28.245225    -0.0237  28.245548     7.3599     7.3941     1.2450    86.9920 3.5700e+00  -64.75938  -63.14770 347.910478      99.95 4.8832e+02   1444.333      34665         10  0.000e+00
     40.329     39.930    -0.0238  28.244242    -0.0235  28.245774     7.3594     7.3944     1.2450    86.9920 3.5700e+00  -64.75938  -63.14770 347.910479      99.98 4.8832e+02   1444.375      34666         10  0.000e+00
     40.343     39.944    -0.0237  28.244185    -0.0233  28.245436     7.3591     7.3943     1.2597    86.9920 3.5700e+00  -64.75938  -63.14770 347.910479      99.98 4.8832e+02   1444.417      34667         10  0.000e+00
     40.329     39.930    -0.0236  28.243375    -0.0238  28.244984     7.3636     7.3993     1.4282    86.9920 3.5700e+00  -64.75938  -63.14770 347.910480      99.98 4.8832e+02   1444.458      34668         10  0.000e+00
     40.329     39.930    -0.0238  28.242334    -0.0237  28.243685     7.3627     7.4000     1.5088    86.9920 3.5700e+00  -64.75938  -63.14770 347.910480      99.98 4.8832e+02   1444.500      34669         10  0.000e+00
     40.329     39.930    -0.0236  28.242045    -0.0238  28.243120     7.3621     7.4004     1.5161    86.9920 3.5700e+00  -64.75938  -63.14770 347.910481      99.98 4.8832e+02   1444.542      34670         10  0.000e+00
     40.329     39.930    -0.0235  28.242045    -0.0240  28.242894     7.3591     7.4057     1.5088    86.9920 3.5700e+00  -64.75938  -63.14770 347.910481      99.95 4.8832e+02   1444.583      34671         10  0.000e+00
     40.377     39.978    -0.0238  28.242103    -0.0238  28.242499     7.3693     7.4061     1.5088    86.9920 3.5700e+00  -64.75938  -63.14770 347.910482      99.95 4.8832e+02   1444.625      34672         10  0.000e+00
     40.329     39.930    -0.0236  28.242276    -0.0238  28.242104     7.3695     7.4068     1.5014    86.9920 3.5700e+00  -64.75938  -63.14770 347.910482      99.98 4.8832e+02   1444.667      34673         10  0.000e+00
     40.295     39.896    -0.0235  28.242276    -0.0240  28.242104     7.3687     7.4070     1.5014    86.9920 3.5700e+00  -64.75938  -63.14770 347.910483      99.98 4.8832e+02   1444.708      34674         10  0.000e+00
     40.377     39.978    -0.0235  28.242913    -0.0238  28.242104     7.3726     7.4069     1.5014    86.9405 3.5700e+00  -64.75938  -63.14770 347.910483      99.95 4.8832e+02   1444.750      34675         10  0.000e+00
     40.281     39.883    -0.0238  28.242855    -0.0240  28.241934     7.3666     7.4063     1.5014    86.8890 3.5700e+00  -64.75938  -63.14770 347.910484      99.95 4.8832e+02   1444.792      34676         10  0.000e+00
     40.377     39.978    -0.0238  28.242277    -0.0238  28.241821     7.3771     7.4108     1.5088    86.8890 3.5700e+00  -64.75938  -63.14770 347.910484      99.95 4.8832e+02   1444.833      34677         10  0.000e+00
     40.329     39.930    -0.0238  28.242623    -0.0240  28.241539     7.3774     7.4102     1.5088    86.8890 3.5700e+00  -64.75938  -63.14770 347.910485      99.98 4.8832e+02   1444.875      34678         10  0.000e+00
     40.329     39.930    -0.0238  28.242855    -0.0238  28.242104     7.3711     7.4091     1.5088    86.8890 3.5700e+00  -64.75938  -63.14770 347.910485      99.98 4.8832e+02   1444.917      34679         10  0.000e+00
     40.295     39.897    -0.0238  28.242276    -0.0237  28.242216     7.3739     7.4084     1.5088    86.8890 3.5700e+00  -64.75938  -63.14770 347.910486      99.98 4.8832e+02   1444.958      34680         10  0.000e+00
     40.329     39.930    -0.0238  28.242623    -0.0238  28.241821     7.3798     7.4128     1.5014    86.8890 3.5700e+00  -64.75938  -63.14770 347.910486      99.98 4.8832e+02   1445.000      34681         10  0.000e+00
     40.329     39.930    -0.0236  28.242566    -0.0238  28.242330     7.3802     7.4122     1.5088    86.8890 3.5700e+00  -64.75938  -63.14770 347.910487      99.98 4.8832e+02   1445.042      34682         10  0.000e+00
     40.329     39.930    -0.0241  28.242277    -0.0237  28.241821     7.3797     7.4111     1.5088    86.8890 3.5700e+00  -64.75938  -63.14770 347.910487      99.95 4.8832e+02   1445.083      34683         10  0.000e+00
     40.329     39.930    -0.0238  28.242623    -0.0238  28.241821     7.3768     7.4158     1.5088    86.8890 3.5700e+00  -64.75938  -63.14770 347.910488      99.93 4.8832e+02   1445.125      34684         10  0.000e+00
     40.329     39.930    -0.0235  28.242855    -0.0238  28.241426     7.3755     7.4155     1.5088    86.8632 3.5700e+00  -64.75938  -63.14770 347.910488      99.98 4.8832e+02   1445.167      34685         10  0.000e+00
     40.343     39.944    -0.0235  28.243144    -0.0238  28.241313     7.3848     7.4147     1.5014    86.8890 3.5700e+00  -64.75938  -63.14770 347.910489      99.98 4.8832e+02   1445.208      34686         10  0.000e+00
     40.329     39.930    -0.0236  28.243086    -0.0238  28.241313     7.3856     7.4198     1.5014    86.8890 3.5700e+00  -64.75938  -63.14770 347.910489      99.98 4.8832e+02   1445.250      34687         10  0.000e+00
     40.329     39.930    -0.0235  28.243086    -0.0238  28.241539     7.3841     7.4198     1.5088    86.8890 3.5700e+00  -64.75938  -63.14770 347.910489      99.95 4.8832e+02   1445.292      34688         10  0.000e+00
     40.329     39.931    -0.0235  28.243144    -0.0236  28.241708     7.3829     7.4202     1.5088    86.8632 3.5700e+00  -64.75938  -63.14770 347.910490      99.95 4.8832e+02   1445.333      34689         10  0.000e+00
     40.329     39.931    -0.0235  28.243086    -0.0238  28.241821     7.3821     7.4203     1.5014    86.8890 3.5700e+00  -64.75938  -63.14770 347.910490      99.98 4.8832e+02   1445.375      34690         10  0.000e+00
     40.329     39.931    -0.0235  28.243664    -0.0237  28.241821     7.3860     7.4199     1.5088    86.8632 3.5700e+00  -64.75938  -63.14770 347.910491      99.98 4.8832e+02   1445.417      34691         10  0.000e+00
     40.329     39.931    -0.0233  28.243144    -0.0240  28.242104     7.3846     7.4191     1.5088    86.8632 3.5700e+00  -64.75938  -63.14770 347.910491      99.98 4.8832e+02   1445.458      34692         10  0.000e+00
     40.295     39.897    -0.0235  28.242855    -0.0240  28.241934     7.3822     7.4178     1.5014    86.8890 3.5820e+00  -64.75938  -63.14770 347.910492      99.98 4.8832e+02   1445.500      34693         10  0.000e+00
     40.329     39.931    -0.0236  28.242276    -0.0238  28.241539     7.3817     7.4171     1.5234    86.8890 3.5700e+00  -64.75938  -63.14770 347.910492      99.98 4.8832e+02   1445.542      34694         10  0.000e+00
     40.329     39.931    -0.0236  28.242103    -0.0237  28.241539     7.3859     7.4213     1.5454    86.9147 3.5700e+00  -64.75938  -63.14770 347.910493      99.95 4.8832e+02   1445.583      34695         10  0.000e+00
     40.329     39.931    -0.0235  28.242566    -0.0241  28.240522     7.3833     7.4207     1.5527    86.9662 3.5820e+00  -64.75938  -63.14770 347.910493      99.95 4.8832e+02   1445.625      34696         10  0.000e+00
     40.329     39.931    -0.0235  28.242276    -0.0241  28.240240     7.3812     7.4196     1.5527    86.9920 3.5700e+00  -64.75938  -63.14770 347.910494      99.98 4.8832e+02   1445.667      34697         10  0.000e+00
     40.329     39.931    -0.0233  28.242334    -0.0240  28.240353     7.3781     7.4189     1.5527    86.9920 3.5700e+00  -64.75938  -63.14770 347.910494      99.98 4.8832e+02   1445.708      34698         10  0.000e+00
     40.343     39.944    -0.0234  28.242855    -0.0241  28.239958     7.3812     7.4179     1.5527    86.9920 3.5700e+00  -64.75938  -63.14770 347.910495      99.98 4.8832e+02   1445.750      34699         10  0.000e+00
     40.329     39.931    -0.0235  28.242855    -0.0243  28.239732     7.3847     7.4218     1.5527    86.9920 3.5820e+00  -64.75938  -63.14770 347.910495      99.93 4.8832e+02   1445.792      34700         10  0.000e+00
      3.703      3.667    -0.2078  27.997668    -0.2072  27.995694     7.4756     7.5813     1.0765    85.4212 1.9389e+02  -64.75932  -63.14772 347.911460      99.98 5.0947e+02   1529.167      36701         11  0.000e+00
      3.614      3.579    -0.2077  27.997207    -0.2070  27.996256     7.4816     7.5815     1.0765    85.4470 1.9444e+02  -64.75932  -63.14772 347.911461      99.98 5.0947e+02   1529.208      36702         11  0.000e+00
      3.717      3.680    -0.2081  27.997784    -0.2071  27.996482     7.4838     7.5821     1.0765    85.4470 1.9499e+02  -64.75932  -63.14772 347.911461      99.98 5.0947e+02   1529.250      36703         11  0.000e+00
      3.662      3.626    -0.2080  27.997092    -0.2070  27.996256     7.4834     7.5825     1.0765    85.4470 1.9609e+02  -64.75932  -63.14772 347.911462      99.93 5.0947e+02   1529.292      36704         11  0.000e+00
      3.655      3.619    -0.2081  27.997495    -0.2072  27.996481     7.4833     7.5831     1.0765    85.4470 1.9665e+02  -64.75932  -63.14772 347.911462      99.95 5.1124e+02   1529.333      36705         11  0.000e+00
      3.717      3.680    -0.2083  27.997495    -0.2076  27.996482     7.4793     7.5838     1.0765    85.4212 1.9720e+02  -64.75932  -63.14772 347.911463      99.98 5.0947e+02   1529.375      36706         11  0.000e+00
      3.662      3.626    -0.2081  27.997092    -0.2078  27.996256     7.4856     7.5835     1.0765    85.4470 1.9776e+02  -64.75932  -63.14772 347.911463      99.98 5.0947e+02   1529.417      36707         11  0.000e+00
      3.703      3.667    -0.2083  27.996977    -0.2077  27.996256     7.4866     7.5832     1.0692    85.4470 1.9832e+02  -64.75932  -63.14772 347.911464      99.98 5.0947e+02   1529.458      36708         11  0.000e+00
      3.662      3.626    -0.2084  27.996977    -0.2078  27.995693     7.4878     7.5830     1.0765    85.4470 1.9832e+02  -64.75932  -63.14772 347.911464      99.98 5.0947e+02   1529.500      36709         11  0.000e+00
      3.662      3.626    -0.2083  27.996861    -0.2074  27.995919     7.4879     7.5826     1.0765    85.4470 1.9888e+02  -64.75932  -63.14772 347.911465      99.98 5.1124e+02   1529.542      36710         11  0.000e+00
      3.717      3.680    -0.2085  27.996977    -0.2072  27.996256     7.4954     7.5823     1.0765    85.4470 1.9888e+02  -64.75932  -63.14772 347.911465      99.95 5.1124e+02   1529.583      36711         11  0.000e+00
      3.655      3.619    -0.2084  27.996688    -0.2072  27.996481     7.4928     7.5828     1.0765    85.4470 1.9832e+02  -64.75932  -63.14772 347.911466      99.95 5.0947e+02   1529.625      36712         11  0.000e+00
      3.662      3.626    -0.2083  27.997092    -0.2074  27.996481     7.4936     7.5889     1.0765    85.4470 1.9832e+02  -64.75932  -63.14772 347.911466      99.98 5.1124e+02   1529.667      36713         11  0.000e+00
      3.662      3.626    -0.2083  27.996977    -0.2071  27.996481     7.4889     7.5894     1.0765    85.4470 1.9776e+02  -64.75932  -63.14772 347.911467      99.98 5.1124e+02   1529.708      36714         11  0.000e+00
      3.758      3.721    -0.2083  27.996977    -0.2072  27.996257     7.4904     7.5856     1.0765    85.4470 1.9720e+02  -64.75932  -63.14772 347.911467      99.98 5.1124e+02   1529.750      36715         11  0.000e+00
      3.614      3.579    -0.2086  27.996573    -0.2070  27.996481     7.4907     7.5860     1.0765    85.4470 1.9609e+02  -64.75932  -63.14772 347.911467      99.85 5.0947e+02   1529.792      36716         11  0.000e+00
