NBP2113_155081_ctd/data/nbp2113_025.cnv
* Sea-Bird SBE 9 Data File:
* FileName = D:\Data\raw\NBP2113_025.hex
* Software Version Seasave V 7.26.7.121
* Temperature SN = 2438
* Conductivity SN = 2067
* Number of Bytes Per Scan = 40
* Number of Voltage Words = 5
* Number of Scans Averaged by the Deck Unit = 1
* NMEA Latitude = 66 26.47 S
* NMEA Longitude = 073 01.98 W
* NMEA UTC (Time) = Dec 02 2021  19:32:09
* NMEA baud rate = 9600
** Ship: RVIB N.B. Palmer
** Cruise: NBP2113 LTER
** Station: 200.200
** Operator: S. Blackman
# nquan = 25
# nvalues = 7425                        
# units = specified
# name 0 = prDM: Pressure, Digiquartz [db]
# name 1 = depSM: Depth [salt water, m]
# name 2 = t090C: Temperature [ITS-90, deg C]
# name 3 = c0mS/cm: Conductivity [mS/cm]
# name 4 = t190C: Temperature, 2 [ITS-90, deg C]
# name 5 = c1mS/cm: Conductivity, 2 [mS/cm]
# name 6 = sbeox0ML/L: Oxygen, SBE 43 [ml/l]
# name 7 = sbeox1ML/L: Oxygen, SBE 43, 2 [ml/l]
# name 8 = flECO-AFL: Fluorescence, WET Labs ECO-AFL/FL [mg/m^3]
# name 9 = CStarTr0: Beam Transmission, WET Labs C-Star [%]
# name 10 = par: PAR/Irradiance, Biospherical/Licor
# name 11 = latitude: Latitude [deg]
# name 12 = longitude: Longitude [deg]
# name 13 = timeJ: Julian Days
# name 14 = altM: Altimeter [m]
# name 15 = spar: SPAR, Biospherical/Licor
# name 16 = timeS: Time, Elapsed [seconds]
# name 17 = scan: Scan Count
# name 18 = density00: Density [density, kg/m^3]
# name 19 = density11: Density, 2 [density, kg/m^3]
# name 20 = sal00: Salinity, Practical [PSU]
# name 21 = sal11: Salinity, Practical, 2 [PSU]
# name 22 = oxsolML/L: Oxygen Saturation, Garcia & Gordon [ml/l]
# name 23 = nbin: number of scans per bin
# name 24 = flag: flag
# span 0 =      1.000,   3716.000       
# span 1 =      0.989,   3647.210       
# span 2 =    -0.8567,     2.0059       
# span 3 =  27.620544,  30.705827       
# span 4 =    -0.8581,     2.0055       
# span 5 =  27.618989,  30.704902       
# span 6 =     3.8858,     9.2472       
# span 7 =     3.9361,     8.3998       
# span 8 =    -0.0233,    11.1216       
# span 9 =    82.8527,    97.6524       
# span 10 = 1.0000e-12, 1.0000e-12      
# span 11 =  -66.44200,  -66.44120      
# span 12 =  -73.03301,  -73.03208      
# span 13 = 336.815519, 336.923772      
# span 14 =       6.24,     107.41      
# span 15 = 3.5258e+02, 2.4844e+03      
# span 16 =    131.802,   9484.925      
# span 17 =       3164,     227639      
# span 18 =  1027.3022,  1044.8165      
# span 19 =  1027.3010,  1044.8156      
# span 20 =    33.9596,    34.7297      
# span 21 =    33.9579,    34.7288      
# span 22 =    7.62736,    8.24846      
# span 23 =          8,         51      
# span 24 = 0.0000e+00, 0.0000e+00      
# interval = decibars: 1                
# start_time = Dec 02 2021 19:32:09 [NMEA time, header]
# bad_flag = -9.990e-29
*END*
[from data line 6551]
    874.000    863.527     1.5996  30.604854     1.5989  30.603639     4.1588     4.2203    -0.0104    97.6008 1.0000e-12  -66.44127  -73.03215 336.908377      99.97 6.9756e+02   8154.769     195715  1031.8718  1031.8714    34.7284    34.7277    7.70223         16 0.0000e+00
    873.000    862.540     1.5998  30.604535     1.5981  30.602527     4.1625     4.2221    -0.0126    97.6008 1.0000e-12  -66.44128  -73.03214 336.908386      99.97 6.9433e+02   8155.526     195734  1031.8672  1031.8668    34.7284    34.7277    7.70219         22 0.0000e+00
    872.000    861.557     1.5973  30.601966     1.5978  30.601753     4.1655     4.2205    -0.0096    97.6008 1.0000e-12  -66.44126  -73.03216 336.908423      99.98 6.7617e+02   8158.782     195812  1031.8630  1031.8623    34.7285    34.7277    7.70268         35 0.0000e+00
    871.000    860.569     1.5971  30.601363     1.5972  30.600890     4.1632     4.2170    -0.0074    97.6008 1.0000e-12  -66.44126  -73.03216 336.908444      99.98 6.6312e+02   8160.591     195855  1031.8584  1031.8578    34.7284    34.7277    7.70272         22 0.0000e+00
    870.000    859.584     1.5983  30.602076     1.5983  30.601447     4.1607     4.2161    -0.0198    97.6008 1.0000e-12  -66.44126  -73.03216 336.908455      99.98 6.6026e+02   8161.485     195877  1031.8538  1031.8531    34.7286    34.7278    7.70248         22 0.0000e+00
    869.000    858.597     1.6017  30.604500     1.6014  30.603414     4.1582     4.2172    -0.0110    97.6008 1.0000e-12  -66.44126  -73.03216 336.908465      99.97 6.5930e+02   8162.347     195897  1031.8486  1031.8479    34.7284    34.7275    7.70182         19 0.0000e+00
    868.000    857.610     1.6050  30.606770     1.6031  30.604723     4.1600     4.2156    -0.0168    97.6008 1.0000e-12  -66.44128  -73.03216 336.908474      99.97 6.5974e+02   8163.173     195917  1031.8434  1031.8432    34.7282    34.7277    7.70119         21 0.0000e+00
    867.000    856.626     1.6064  30.607694     1.6043  30.605337     4.1596     4.2145    -0.0125    97.6008 1.0000e-12  -66.44128  -73.03216 336.908484      99.97 6.6104e+02   8164.038     195938  1031.8388  1031.8385    34.7285    34.7278    7.70091         22 0.0000e+00
    866.000    855.638     1.6076  30.608255     1.6038  30.604406     4.1626     4.2165    -0.0069    97.6008 1.0000e-12  -66.44128  -73.03216 336.908496      99.98 6.6184e+02   8165.085     195963  1031.8340  1031.8339    34.7283    34.7277    7.70067         29 0.0000e+00
    865.000    854.654     1.6056  30.606173     1.6052  30.605203     4.1600     4.2183    -0.0127    97.6008 1.0000e-12  -66.44128  -73.03215 336.908513      99.98 6.6384e+02   8166.513     195997  1031.8297  1031.8291    34.7285    34.7277    7.70106         35 0.0000e+00
    864.000    853.667     1.6085  30.608246     1.6084  30.607570     4.1598     4.2138    -0.0046    97.6008 1.0000e-12  -66.44128  -73.03214 336.908529      99.97 6.6917e+02   8167.921     196031  1031.8247  1031.8242    34.7285    34.7278    7.70049         31 0.0000e+00
    863.000    852.681     1.6104  30.609355     1.6105  30.608688     4.1632     4.2132    -0.0118    97.6008 1.0000e-12  -66.44128  -73.03214 336.908544      99.98 6.7607e+02   8169.231     196063  1031.8198  1031.8191    34.7283    34.7274    7.70013         32 0.0000e+00
    862.000    851.695     1.6110  30.609336     1.6098  30.607632     4.1560     4.2119    -0.0120    97.6008 1.0000e-12  -66.44128  -73.03214 336.908561      99.98 6.8342e+02   8170.633     196096  1031.8151  1031.8146    34.7283    34.7274    7.70003         32 0.0000e+00
    861.000    850.709     1.6135  30.611102     1.6106  30.608081     4.1524     4.2180    -0.0128    97.6008 1.0000e-12  -66.44128  -73.03215 336.908576      99.98 6.8757e+02   8171.971     196128  1031.8102  1031.8100    34.7283    34.7276    7.69954         30 0.0000e+00
    860.000    849.723     1.6145  30.611424     1.6125  30.608954     4.1494     4.2177    -0.0054    97.6008 1.0000e-12  -66.44128  -73.03216 336.908589      99.97 6.8606e+02   8173.050     196154  1031.8054  1031.8049    34.7281    34.7273    7.69935         23 0.0000e+00
    859.000    848.738     1.6159  30.612204     1.6145  30.610521     4.1499     4.2123    -0.0015    97.6008 1.0000e-12  -66.44128  -73.03216 336.908599      99.98 6.8735e+02   8173.911     196175  1031.8006  1031.8002    34.7282    34.7275    7.69908         18 0.0000e+00
    858.000    847.750     1.6171  30.612795     1.6160  30.611271     4.1521     4.2100    -0.0021    97.6008 1.0000e-12  -66.44128  -73.03216 336.908607      99.97 6.9010e+02   8174.647     196193  1031.7958  1031.7953    34.7282    34.7274    7.69885         17 0.0000e+00
    857.000    846.767     1.6175  30.612719     1.6166  30.611339     4.1549     4.2086    -0.0037    97.6008 1.0000e-12  -66.44128  -73.03216 336.908615      99.98 6.9376e+02   8175.367     196210  1031.7911  1031.7907    34.7281    34.7274    7.69876         18 0.0000e+00
    856.000    845.778     1.6176  30.612381     1.6164  30.610683     4.1556     4.2107    -0.0085    97.6008 1.0000e-12  -66.44128  -73.03216 336.908625      99.98 7.0044e+02   8176.185     196229  1031.7865  1031.7860    34.7281    34.7273    7.69874         23 0.0000e+00
    855.000    844.793     1.6165  30.610874     1.6157  30.609613     4.1553     4.2120    -0.0107    97.6008 1.0000e-12  -66.44130  -73.03213 336.908651      99.98 7.1799e+02   8178.426     196283  1031.7820  1031.7815    34.7280    34.7273    7.69897         37 0.0000e+00
    854.000    843.807     1.6166  30.610640     1.6159  30.609287     4.1558     4.2116    -0.0104    97.6008 1.0000e-12  -66.44130  -73.03212 336.908675      99.98 7.1939e+02   8180.541     196334  1031.7775  1031.7768    34.7282    34.7272    7.69894         22 0.0000e+00
    853.000    842.823     1.6169  30.610461     1.6166  30.609526     4.1541     4.2107    -0.0202    97.6008 1.0000e-12  -66.44130  -73.03212 336.908684      99.98 7.1439e+02   8181.291     196352  1031.7728  1031.7721    34.7282    34.7273    7.69888         17 0.0000e+00
    852.000    841.833     1.6181  30.611141     1.6176  30.609913     4.1585     4.2104    -0.0209    97.6008 1.0000e-12  -66.44130  -73.03212 336.908692      99.97 7.1058e+02   8181.955     196368  1031.7681  1031.7673    34.7282    34.7272    7.69863         15 0.0000e+00
    851.000    840.850     1.6187  30.611058     1.6180  30.609866     4.1544     4.2099    -0.0180    97.6008 1.0000e-12  -66.44130  -73.03212 336.908699      99.98 7.0772e+02   8182.632     196384  1031.7633  1031.7628    34.7280    34.7273    7.69853         17 0.0000e+00
    850.000    839.863     1.6190  30.610935     1.6181  30.609545     4.1561     4.2084    -0.0113    97.6008 1.0000e-12  -66.44130  -73.03212 336.908709      99.98 7.0694e+02   8183.442     196404  1031.7587  1031.7581    34.7281    34.7273    7.69848         23 0.0000e+00
    849.000    838.877     1.6182  30.609769     1.6181  30.609070     4.1547     4.2081    -0.0056    97.6008 1.0000e-12  -66.44130  -73.03214 336.908730      99.98 7.0781e+02   8185.249     196447  1031.7541  1031.7534    34.7280    34.7272    7.69862         32 0.0000e+00
    848.000    837.892     1.6183  30.609542     1.6181  30.608517     4.1462     4.2077    -0.0156    97.6008 1.0000e-12  -66.44130  -73.03213 336.908749      99.98 7.0871e+02   8186.948     196488  1031.7495  1031.7488    34.7282    34.7272    7.69860         24 0.0000e+00
    847.000    836.905     1.6194  30.609954     1.6190  30.608971     4.1469     4.2077    -0.0199    97.6008 1.0000e-12  -66.44130  -73.03212 336.908759      99.98 7.0888e+02   8187.774     196508  1031.7447  1031.7441    34.7281    34.7273    7.69840         18 0.0000e+00
    846.000    835.917     1.6217  30.611473     1.6210  30.610291     4.1496     4.2072    -0.0058    97.6008 1.0000e-12  -66.44130  -73.03212 336.908767      99.98 7.1057e+02   8188.512     196525  1031.7398  1031.7392    34.7280    34.7272    7.69795         17 0.0000e+00
    845.000    834.931     1.6227  30.611849     1.6220  30.610525     4.1529     4.2066    -0.0077    97.5924 1.0000e-12  -66.44130  -73.03212 336.908776      99.98 7.1217e+02   8189.279     196544  1031.7350  1031.7343    34.7279    34.7270    7.69776         21 0.0000e+00
    844.000    833.946     1.6213  30.610183     1.6207  30.609088     4.1544     4.2086    -0.0073    97.5821 1.0000e-12  -66.44131  -73.03211 336.908799      99.98 7.1078e+02   8191.236     196591  1031.7305  1031.7300    34.7279    34.7272    7.69803         34 0.0000e+00
    843.000    832.961     1.6209  30.609497     1.6202  30.608144     4.1404     4.2026    -0.0080    97.6011 1.0000e-12  -66.44132  -73.03210 336.908826      99.98 7.0722e+02   8193.535     196646  1031.7260  1031.7254    34.7280    34.7271    7.69810         25 0.0000e+00
    842.000    831.972     1.6221  30.610039     1.6212  30.608577     4.1376     4.1966    -0.0145    97.6008 1.0000e-12  -66.44132  -73.03212 336.908836      99.97 7.0518e+02   8194.402     196667  1031.7212  1031.7206    34.7280    34.7271    7.69788         19 0.0000e+00
    841.000    830.989     1.6259  30.612839     1.6242  30.610775     4.1338     4.1988    -0.0134    97.6008 1.0000e-12  -66.44132  -73.03212 336.908845      99.97 7.0515e+02   8195.187     196685  1031.7160  1031.7156    34.7279    34.7271    7.69714         18 0.0000e+00
    840.000    830.002     1.6286  30.614478     1.6275  30.612906     4.1386     4.2008    -0.0183    97.6008 1.0000e-12  -66.44132  -73.03212 336.908854      99.98 7.0515e+02   8195.940     196704  1031.7109  1031.7103    34.7276    34.7268    7.69663         18 0.0000e+00
    839.000    829.017     1.6293  30.614704     1.6287  30.613538     4.1421     4.2005    -0.0195    97.6008 1.0000e-12  -66.44132  -73.03212 336.908862      99.97 7.0515e+02   8196.695     196722  1031.7061  1031.7056    34.7276    34.7268    7.69649         18 0.0000e+00
    838.000    828.030     1.6294  30.614337     1.6287  30.613095     4.1449     4.1968    -0.0138    97.6008 1.0000e-12  -66.44132  -73.03212 336.908871      99.97 7.0637e+02   8197.462     196740  1031.7016  1031.7010    34.7276    34.7268    7.69648         19 0.0000e+00
    837.000    827.042     1.6297  30.614085     1.6287  30.612741     4.1440     4.1910    -0.0126    97.6008 1.0000e-12  -66.44132  -73.03212 336.908881      99.98 7.0692e+02   8198.288     196760  1031.6968  1031.6964    34.7275    34.7269    7.69642         21 0.0000e+00
    836.000    826.058     1.6285  30.612760     1.6279  30.611457     4.1405     4.1910    -0.0091    97.6008 1.0000e-12  -66.44132  -73.03212 336.908893      99.98 7.0792e+02   8199.359     196786  1031.6925  1031.6918    34.7277    34.7267    7.69664         29 0.0000e+00
    835.000    825.075     1.6284  30.612125     1.6281  30.611187     4.1326     4.2004    -0.0119    97.6008 1.0000e-12  -66.44134  -73.03212 336.908934      99.98 7.0869e+02   8202.941     196872  1031.6878  1031.6872    34.7276    34.7267    7.69667         32 0.0000e+00
    834.000    824.084     1.6286  30.611853     1.6286  30.611059     4.1308     4.1969    -0.0123    97.6008 1.0000e-12  -66.44134  -73.03212 336.908949      99.97 7.0741e+02   8204.181     196901  1031.6831  1031.6824    34.7275    34.7266    7.69663         19 0.0000e+00
    833.000    823.099     1.6301  30.612860     1.6298  30.611763     4.1354     4.1971    -0.0131    97.6008 1.0000e-12  -66.44134  -73.03212 336.908957      99.98 7.0544e+02   8204.899     196919  1031.6785  1031.6777    34.7278    34.7267    7.69633         15 0.0000e+00
    832.000    822.112     1.6331  30.614664     1.6319  30.613036     4.1367     4.1939    -0.0086    97.6008 1.0000e-12  -66.44134  -73.03212 336.908964      99.98 7.0394e+02   8205.514     196933  1031.6732  1031.6727    34.7273    34.7266    7.69577         15 0.0000e+00
    831.000    821.128     1.6346  30.615544     1.6337  30.614212     4.1334     4.1936     0.0138    97.5991 1.0000e-12  -66.44134  -73.03214 336.908971      99.98 7.0340e+02   8206.111     196948  1031.6684  1031.6679    34.7273    34.7266    7.69548         15 0.0000e+00
    830.000    820.141     1.6359  30.616390     1.6352  30.615029     4.1334     4.1908     0.0110    97.5909 1.0000e-12  -66.44134  -73.03214 336.908978      99.97 7.0452e+02   8206.726     196962  1031.6637  1031.6630    34.7274    34.7265    7.69521         15 0.0000e+00
    829.000    819.154     1.6366  30.616400     1.6356  30.614888     4.1349     4.1914     0.0051    97.5807 1.0000e-12  -66.44134  -73.03214 336.908987      99.98 7.0697e+02   8207.447     196980  1031.6589  1031.6583    34.7272    34.7265    7.69508         19 0.0000e+00
    828.000    818.166     1.6347  30.614260     1.6332  30.612497     4.1374     4.1929    -0.0106    97.6017 1.0000e-12  -66.44134  -73.03213 336.909001      99.98 7.0982e+02   8208.681     197009  1031.6544  1031.6541    34.7272    34.7266    7.69546         26 0.0000e+00
    827.000    817.182     1.6356  30.614557     1.6355  30.613931     4.1385     4.1939     0.0087    97.6008 1.0000e-12  -66.44134  -73.03213 336.909037      99.98 7.0845e+02   8211.841     197085  1031.6497  1031.6491    34.7272    34.7264    7.69529         38 0.0000e+00
    826.000    816.197     1.6338  30.612585     1.6336  30.611910     4.1387     4.1944     0.0295    97.6008 1.0000e-12  -66.44134  -73.03216 336.909054      99.98 7.0422e+02   8213.227     197118  1031.6454  1031.6449    34.7272    34.7266    7.69564         24 0.0000e+00
    825.000    815.209     1.6353  30.613621     1.6351  30.612834     4.1278     4.1917    -0.0037    97.6008 1.0000e-12  -66.44134  -73.03216 336.909064      99.97 7.0457e+02   8214.087     197139  1031.6406  1031.6400    34.7274    34.7266    7.69533         18 0.0000e+00
    824.000    814.225     1.6384  30.615706     1.6376  30.614445     4.1248     4.1908    -0.0133    97.6008 1.0000e-12  -66.44135  -73.03216 336.909072      99.98 7.0605e+02   8214.780     197156  1031.6355  1031.6349    34.7272    34.7264    7.69474         16 0.0000e+00
    823.000    813.237     1.6390  30.615786     1.6381  30.614346     4.1279     4.1903    -0.0105    97.6008 1.0000e-12  -66.44136  -73.03216 336.909079      99.98 7.0787e+02   8215.425     197171  1031.6307  1031.6302    34.7271    34.7263    7.69462         16 0.0000e+00
    822.000    812.250     1.6392  30.615622     1.6388  30.614493     4.1334     4.1921    -0.0053    97.6008 1.0000e-12  -66.44136  -73.03216 336.909087      99.98 7.0914e+02   8216.078     197187  1031.6262  1031.6255    34.7273    34.7264    7.69457         15 0.0000e+00
    821.000    811.265     1.6393  30.615219     1.6388  30.614018     4.1401     4.1925    -0.0107    97.5954 1.0000e-12  -66.44136  -73.03216 336.909095      99.98 7.1089e+02   8216.786     197204  1031.6215  1031.6208    34.7272    34.7263    7.69456         19 0.0000e+00
    820.000    810.279     1.6388  30.614269     1.6381  30.613107     4.1388     4.1901    -0.0125    97.5897 1.0000e-12  -66.44136  -73.03215 336.909109      99.98 7.1231e+02   8218.007     197233  1031.6169  1031.6164    34.7272    34.7264    7.69467         31 0.0000e+00
    819.000    809.293     1.6382  30.613332     1.6375  30.612050     4.1247     4.1873    -0.0099    97.6018 1.0000e-12  -66.44136  -73.03214 336.909158      99.97 7.1176e+02   8222.284     197336  1031.6124  1031.6118    34.7272    34.7263    7.69478         27 0.0000e+00
    818.000    808.307     1.6381  30.612791     1.6378  30.611886     4.1286     4.1868    -0.0021    97.6008 1.0000e-12  -66.44136  -73.03215 336.909165      99.98 7.1044e+02   8222.874     197350  1031.6078  1031.6072    34.7272    34.7264    7.69481         17 0.0000e+00
