NBP2113_155081_ctd/data/nbp2113_016.ros
* Sea-Bird SBE 9 Data File:
* FileName = D:\Data\raw\NBP2113_016.hex
* Software Version Seasave V 7.26.7.121
* Temperature SN = 2438
* Conductivity SN = 2067
* Number of Bytes Per Scan = 40
* Number of Voltage Words = 5
* Number of Scans Averaged by the Deck Unit = 1
* NMEA Latitude = 65 52.76 S
* NMEA Longitude = 068 17.29 W
* NMEA UTC (Time) = Nov 28 2021  02:04:04
* NMEA baud rate = 9600
** Ship: RVIB N.B. Palmer
** Cruise: NBP2113 LTER
** Station: 400.100
** Operator: S. Blackman
# nquan = 20
# nvalues = 1166                                  
# units = specified
# name 0 = prDM: Pressure, Digiquartz [db]
# name 1 = depSM: Depth [salt water, m]
# name 2 = t090C: Temperature [ITS-90, deg C]
# name 3 = c0mS/cm: Conductivity [mS/cm]
# name 4 = t190C: Temperature, 2 [ITS-90, deg C]
# name 5 = c1mS/cm: Conductivity, 2 [mS/cm]
# name 6 = sbeox0ML/L: Oxygen, SBE 43 [ml/l]
# name 7 = sbeox1ML/L: Oxygen, SBE 43, 2 [ml/l]
# name 8 = flECO-AFL: Fluorescence, WET Labs ECO-AFL/FL [mg/m^3]
# name 9 = CStarTr0: Beam Transmission, WET Labs C-Star [%]
# name 10 = par: PAR/Irradiance, Biospherical/Licor
# name 11 = latitude: Latitude [deg]
# name 12 = longitude: Longitude [deg]
# name 13 = timeJ: Julian Days
# name 14 = altM: Altimeter [m]
# name 15 = spar: SPAR, Biospherical/Licor
# name 16 = timeS: Time, Elapsed [seconds]
# name 17 = scan: Scan Count
# name 18 = nbf: Bottles Fired
# name 19 = flag:  0.000e+00
# interval = seconds: 0.0416667
# start_time = Nov 28 2021 02:04:04 [NMEA time, header]
# bad_flag = -9.990e-29
*END*
[from data line 942]
     14.630     14.486    -0.5015  27.898660    -0.5019  27.897477     8.1238     8.1798     2.5930    90.4939 8.9781e-01  -65.88314  -68.28572 332.106544      99.95 3.5258e+00   1761.417      42275         20  0.000e+00
     14.665     14.519    -0.5015  27.898487    -0.5021  27.897533     8.1268     8.1702     2.5930    90.4167 8.9341e-01  -65.88314  -68.28572 332.106545      99.98 3.5258e+00   1761.458      42276         20  0.000e+00
     14.685     14.540    -0.5014  27.898430    -0.5018  27.897252     8.1226     8.1690     2.5930    90.4167 8.9341e-01  -65.88314  -68.28572 332.106545      99.98 3.5258e+00   1761.500      42277         20  0.000e+00
     14.713     14.567    -0.5015  27.898200    -0.5021  27.897027     8.1275     8.1781     2.5930    90.4167 8.9341e-01  -65.88314  -68.28572 332.106546      99.95 3.5258e+00   1761.542      42278         20  0.000e+00
     14.733     14.587    -0.5015  27.898488    -0.5019  27.897196     8.1205     8.1786     2.5930    90.4167 8.9341e-01  -65.88314  -68.28572 332.106546      99.93 3.5258e+00   1761.583      42279         20  0.000e+00
     14.713     14.567    -0.5015  27.898660    -0.5016  27.897646     8.1135     8.1791     2.5930    90.4167 8.8902e-01  -65.88314  -68.28572 332.106547      99.95 3.5258e+00   1761.625      42280         20  0.000e+00
     14.781     14.635    -0.5015  27.898257    -0.5018  27.897421     8.1097     8.1634     2.5930    90.4167 8.8902e-01  -65.88314  -68.28572 332.106547      99.98 3.5258e+00   1761.667      42281         20  0.000e+00
     14.767     14.621    -0.5020  27.898545    -0.5019  27.897365     8.1073     8.1742     2.4245    90.4167 8.8465e-01  -65.88314  -68.28572 332.106548      99.98 3.5258e+00   1761.708      42282         20  0.000e+00
     14.870     14.723    -0.5017  27.898661    -0.5016  27.897478     8.1050     8.1797     2.2853    90.4167 8.8465e-01  -65.88314  -68.28572 332.106548      99.98 3.5258e+00   1761.750      42283         20  0.000e+00
     14.836     14.689    -0.5017  27.898488    -0.5019  27.897365     8.1040     8.1805     2.2560    90.4167 8.8465e-01  -65.88314  -68.28572 332.106549      99.98 3.5258e+00   1761.792      42284         20  0.000e+00
     14.870     14.723    -0.5017  27.898603    -0.5019  27.897478     8.1032     8.1649     2.2707    90.4167 8.8465e-01  -65.88314  -68.28572 332.106549      99.98 3.5258e+00   1761.833      42285         20  0.000e+00
     14.884     14.736    -0.5017  27.898488    -0.5018  27.897646     8.1083     8.1741     2.2780    90.3909 8.8029e-01  -65.88314  -68.28572 332.106549      99.95 3.5258e+00   1761.875      42286         20  0.000e+00
     14.966     14.818    -0.5015  27.898776    -0.5019  27.897984     8.1090     8.1798     2.2707    90.4167 8.8029e-01  -65.88314  -68.28572 332.106550      99.95 3.5258e+00   1761.917      42287         20  0.000e+00
     14.939     14.791    -0.5015  27.898776    -0.5021  27.897646     8.1083     8.1825     2.2707    90.4167 8.8029e-01  -65.88314  -68.28572 332.106550      99.98 3.5258e+00   1761.958      42288         20  0.000e+00
     15.021     14.872    -0.5015  27.898661    -0.5019  27.897534     8.1033     8.1781     2.2707    90.4167 8.7594e-01  -65.88314  -68.28572 332.106551      99.98 3.5258e+00   1762.000      42289         20  0.000e+00
     15.021     14.872    -0.5017  27.898891    -0.5019  27.897366     8.1086     8.1728     2.2707    90.4167 8.7160e-01  -65.88314  -68.28572 332.106551      99.98 3.5258e+00   1762.042      42290         20  0.000e+00
     15.089     14.940    -0.5015  27.898719    -0.5019  27.897591     8.1038     8.1778     2.2707    90.3909 8.7160e-01  -65.88314  -68.28572 332.106552      99.93 3.5258e+00   1762.083      42291         20  0.000e+00
     15.069     14.919    -0.5015  27.898661    -0.5019  27.897534     8.1034     8.1780     2.2780    90.4167 8.6727e-01  -65.88314  -68.28572 332.106552      99.95 3.5258e+00   1762.125      42292         20  0.000e+00
     15.137     14.987    -0.5015  27.898661    -0.5019  27.897703     8.1033     8.1729     2.2780    90.4167 8.6727e-01  -65.88314  -68.28572 332.106553      99.98 3.5258e+00   1762.167      42293         20  0.000e+00
     15.171     15.021    -0.5017  27.898489    -0.5019  27.897422     8.1018     8.1771     2.2707    90.4167 8.6727e-01  -65.88314  -68.28572 332.106553      99.98 3.5258e+00   1762.208      42294         20  0.000e+00
     15.192     15.041    -0.5015  27.898604    -0.5019  27.897591     8.1062     8.1775     2.2780    90.4167 8.6296e-01  -65.88314  -68.28572 332.106554      99.98 3.5258e+00   1762.250      42295         20  0.000e+00
     15.171     15.021    -0.5015  27.899122    -0.5021  27.897759     8.1046     8.1725     2.2707    90.4167 8.5866e-01  -65.88314  -68.28572 332.106554      99.98 3.5258e+00   1762.292      42296         20  0.000e+00
     15.288     15.136    -0.5015  27.898604    -0.5019  27.897591     8.0974     8.1777     2.2780    90.4167 8.5866e-01  -65.88314  -68.28572 332.106555      99.98 3.5258e+00   1762.333      42297         20  0.000e+00
     15.322     15.170    -0.5015  27.898834    -0.5019  27.897535     8.0945     8.1837     2.2707    90.4167 8.5437e-01  -65.88314  -68.28572 332.106555      99.95 3.5258e+00   1762.375      42298         20  0.000e+00
     15.322     15.170    -0.5015  27.898950    -0.5019  27.897535     8.0916     8.1742     2.2780    90.4167 8.5437e-01  -65.88314  -68.28572 332.106556      99.95 3.5258e+00   1762.417      42299         20  0.000e+00
     15.390     15.238    -0.5015  27.898950    -0.5019  27.897648     8.0946     8.1795     2.2707    90.4167 8.5009e-01  -65.88314  -68.28572 332.106556      99.98 3.5258e+00   1762.458      42300         20  0.000e+00
     15.377     15.224    -0.5015  27.899180    -0.5018  27.897535     8.0957     8.1855     2.2707    90.4167 8.4583e-01  -65.88314  -68.28572 332.106557      99.98 3.5258e+00   1762.500      42301         20  0.000e+00
     15.493     15.340    -0.5017  27.898777    -0.5019  27.897704     8.0913     8.1791     2.2780    90.4167 8.4157e-01  -65.88314  -68.28572 332.106557      99.98 3.5258e+00   1762.542      42302         20  0.000e+00
     15.473     15.319    -0.5017  27.898662    -0.5018  27.897816     8.0913     8.1732     2.2707    90.4424 8.4157e-01  -65.88314  -68.28572 332.106558      99.93 3.5258e+00   1762.583      42303         20  0.000e+00
     15.548     15.394    -0.5014  27.898893    -0.5019  27.897704     8.0914     8.1785     2.2707    90.4167 8.3733e-01  -65.88314  -68.28572 332.106558      99.95 3.5258e+00   1762.625      42304         20  0.000e+00
     15.527     15.374    -0.5020  27.898720    -0.5018  27.897760     8.0918     8.1846     2.2780    90.4167 8.3310e-01  -65.88314  -68.28572 332.106559      99.98 3.5258e+00   1762.667      42305         20  0.000e+00
     15.575     15.421    -0.5018  27.898893    -0.5018  27.897592     8.0935     8.1807     2.2780    90.4167 8.2889e-01  -65.88314  -68.28572 332.106559      99.98 3.5258e+00   1762.708      42306         20  0.000e+00
     15.644     15.489    -0.5018  27.898950    -0.5018  27.897704     8.1013     8.1760     2.2780    90.4167 8.2889e-01  -65.88314  -68.28572 332.106560      99.98 3.5258e+00   1762.750      42307         20  0.000e+00
     15.678     15.523    -0.5018  27.898548    -0.5019  27.897480     8.1003     8.1805     2.1974    90.4167 8.2468e-01  -65.88316  -68.28574 332.106560      99.98 3.5258e+00   1762.792      42308         20  0.000e+00
     15.746     15.590    -0.5020  27.898836    -0.5018  27.897705     8.0968     8.1804     2.0582    90.4167 8.2049e-01  -65.88316  -68.28574 332.106561      99.98 3.5258e+00   1762.833      42309         20  0.000e+00
     15.726     15.570    -0.5020  27.898951    -0.5021  27.897592     8.0993     8.1757     2.0143    90.4167 8.1631e-01  -65.88316  -68.28574 332.106561      99.95 3.5258e+00   1762.875      42310         20  0.000e+00
     15.781     15.624    -0.5020  27.898548    -0.5021  27.897705     8.1080     8.1812     2.0216    90.4167 8.1214e-01  -65.88316  -68.28574 332.106562      99.95 3.5258e+00   1762.917      42311         20  0.000e+00
     15.801     15.645    -0.5020  27.898606    -0.5022  27.897592     8.1096     8.1821     2.0216    90.4167 8.0798e-01  -65.88316  -68.28574 332.106562      99.98 3.5258e+00   1762.958      42312         20  0.000e+00
      5.208      5.157    -0.4872  27.905829    -0.4964  27.896439     8.1357     8.2029     2.3586    90.4424 2.6224e+00  -65.88320  -68.28572 332.106921      99.98 3.5258e+00   1794.000      43057         21  0.000e+00
      5.215      5.164    -0.4872  27.906174    -0.4974  27.895990     8.1361     8.2030     2.3586    90.4424 2.6316e+00  -65.88320  -68.28572 332.106922      99.95 3.5258e+00   1794.042      43058         21  0.000e+00
      5.167      5.116    -0.4871  27.905944    -0.4978  27.895765     8.1350     8.2029     2.3586    90.4424 2.6502e+00  -65.88320  -68.28572 332.106922      99.93 3.5258e+00   1794.083      43059         21  0.000e+00
      5.154      5.103    -0.4869  27.905828    -0.4978  27.895990     8.1453     8.2027     2.3586    90.4167 2.6502e+00  -65.88320  -68.28572 332.106923      99.95 3.5258e+00   1794.125      43060         21  0.000e+00
      5.167      5.116    -0.4871  27.906001    -0.4972  27.895933     8.1453     8.2024     2.3586    90.4424 2.6596e+00  -65.88320  -68.28572 332.106923      99.98 3.5258e+00   1794.167      43061         21  0.000e+00
      5.167      5.116    -0.4871  27.905886    -0.4981  27.895540     8.1507     8.2023     2.3586    90.4424 2.6689e+00  -65.88320  -68.28572 332.106924      99.98 3.5258e+00   1794.208      43062         21  0.000e+00
      5.154      5.103    -0.4874  27.906404    -0.4979  27.895596     8.1469     8.2020     2.3586    90.4167 2.6783e+00  -65.88320  -68.28572 332.106924      99.98 3.5258e+00   1794.250      43063         21  0.000e+00
      5.168      5.116    -0.4871  27.906174    -0.4972  27.896271     8.1473     8.2024     2.3586    90.3137 2.6972e+00  -65.88320  -68.28572 332.106925      99.98 3.5258e+00   1794.292      43064         21  0.000e+00
      5.120      5.069    -0.4872  27.905886    -0.4967  27.896552     8.1417     8.2028     2.3586    90.2879 2.7067e+00  -65.88320  -68.28572 332.106925      99.98 3.5258e+00   1794.333      43065         21  0.000e+00
      5.154      5.103    -0.4871  27.905828    -0.4959  27.897282     8.1347     8.2023     2.3586    90.2879 2.7162e+00  -65.88320  -68.28572 332.106926      99.95 3.5258e+00   1794.375      43066         21  0.000e+00
      5.120      5.069    -0.4871  27.905598    -0.4958  27.896889     8.1391     8.2019     2.3586    90.2879 2.7353e+00  -65.88320  -68.28572 332.106926      99.95 3.5258e+00   1794.417      43067         21  0.000e+00
      5.120      5.069    -0.4877  27.905138    -0.4962  27.896720     8.1507     8.2016     2.3586    90.2879 2.7449e+00  -65.88320  -68.28572 332.106927      99.98 3.5258e+00   1794.458      43068         21  0.000e+00
      5.106      5.056    -0.4893  27.904620    -0.4960  27.897057     8.1476     8.2011     2.3586    90.2879 2.7545e+00  -65.88320  -68.28572 332.106927      99.98 3.5258e+00   1794.500      43069         21  0.000e+00
      5.120      5.069    -0.4896  27.904102    -0.4962  27.896664     8.1414     8.2007     2.3586    90.2879 2.7835e+00  -65.88320  -68.28572 332.106928      99.95 3.5258e+00   1794.542      43070         21  0.000e+00
      5.120      5.069    -0.4895  27.904159    -0.4964  27.896495     8.1349     8.2003     2.3439    90.2879 2.8030e+00  -65.88320  -68.28572 332.106928      99.93 3.5258e+00   1794.583      43071         21  0.000e+00
      5.106      5.056    -0.4894  27.904044    -0.4972  27.895652     8.1328     8.1999     2.2926    90.3137 2.8422e+00  -65.88320  -68.28572 332.106929      75.16 3.5258e+00   1794.625      43072         21  0.000e+00
      5.065      5.015    -0.4892  27.904562    -0.4983  27.895090     8.1248     8.2005     2.2633    90.2622 2.8521e+00  -65.88320  -68.28572 332.106929      17.75 3.5258e+00   1794.667      43073         21  0.000e+00
      5.120      5.069    -0.4891  27.904562    -0.4981  27.895315     8.1214     8.2053     2.2633    90.2622 2.8720e+00  -65.88320  -68.28572 332.106929       0.00 3.5258e+00   1794.708      43074         21  0.000e+00
      5.058      5.008    -0.4891  27.904504    -0.4983  27.895427     8.1135     8.2010     2.2707    90.2622 2.8819e+00  -65.88320  -68.28572 332.106930       0.10 3.5258e+00   1794.750      43075         21  0.000e+00
      5.065      5.015    -0.4894  27.904677    -0.4982  27.895202     8.1102     8.2012     2.2633    90.2622 2.8819e+00  -65.88320  -68.28572 332.106930       2.25 3.5258e+00   1794.792      43076         21  0.000e+00
      5.120      5.069    -0.4891  27.904562    -0.4984  27.894753     8.1129     8.2016     2.2707    90.2622 2.8819e+00  -65.88320  -68.28572 332.106931       3.00 3.5258e+00   1794.833      43077         21  0.000e+00
      5.058      5.008    -0.4887  27.904677    -0.4990  27.894528     8.1096     8.2019     2.2633    90.2622 2.8819e+00  -65.88320  -68.28572 332.106931       3.00 3.5258e+00   1794.875      43078         21  0.000e+00
      5.065      5.015    -0.4887  27.905138    -0.4995  27.894359     8.1077     8.2014     2.2633    90.2622 2.8720e+00  -65.88320  -68.28572 332.106932       2.91 3.5258e+00   1794.917      43079         21  0.000e+00
      5.065      5.015    -0.4884  27.905080    -0.4999  27.893966     8.1046     8.2008     2.2707    90.2622 2.8819e+00  -65.88320  -68.28572 332.106932       2.88 3.5258e+00   1794.958      43080         21  0.000e+00
      5.058      5.008    -0.4884  27.905195    -0.4998  27.894022     8.1072     8.2010     2.2707    90.2622 2.8720e+00  -65.88320  -68.28572 332.106933       2.88 3.5258e+00   1795.000      43081         21  0.000e+00
      5.065      5.015    -0.4881  27.905080    -0.5002  27.893797     8.1067     8.2004     2.2707    90.2622 2.8720e+00  -65.88320  -68.28572 332.106933       2.88 3.5258e+00   1795.042      43082         21  0.000e+00
      5.017      4.968    -0.4877  27.905598    -0.5004  27.893572     8.1003     8.2005     2.2707    90.2622 2.8819e+00  -65.88320  -68.28572 332.106934       2.88 3.5258e+00   1795.083      43083         21  0.000e+00
      5.058      5.008    -0.4875  27.906174    -0.5009  27.893179     8.1000     8.2008     2.2707    90.2879 2.8919e+00  -65.88320  -68.28572 332.106934       2.64 3.5258e+00   1795.125      43084         21  0.000e+00
      5.065      5.015    -0.4871  27.906346    -0.5010  27.893235     8.1068     8.2001     2.2707    90.2879 2.9120e+00  -65.88320  -68.28572 332.106935       1.76 3.5258e+00   1795.167      43085         21  0.000e+00
      5.017      4.968    -0.4867  27.906519    -0.5010  27.893010     8.1021     8.1993     2.2633    90.2879 2.9221e+00  -65.88320  -68.28572 332.106935       1.47 3.5258e+00   1795.208      43086         21  0.000e+00
      5.058      5.008    -0.4866  27.906404    -0.5015  27.892786     8.1080     8.1995     2.2707    90.2879 2.9322e+00  -65.88320  -68.28572 332.106936       1.47 3.5258e+00   1795.250      43087         21  0.000e+00
      5.017      4.968    -0.4865  27.906691    -0.5013  27.892954     8.1093     8.1986     2.2633    90.2879 2.9423e+00  -65.88320  -68.28572 332.106936       1.49 3.5258e+00   1795.292      43088         21  0.000e+00
      5.017      4.968    -0.4866  27.906864    -0.5012  27.893235     8.1093     8.1986     2.2707    90.2879 2.9423e+00  -65.88320  -68.28572 332.106937       1.51 3.5258e+00   1795.333      43089         21  0.000e+00
