NBP2113_155081_ctd/data/nbp2113_064.ros
* Sea-Bird SBE 9 Data File:
* FileName = D:\Data\raw\NBP2113_064.hex
* Software Version Seasave V 7.26.7.121
* Temperature SN = 2438
* Conductivity SN = 2067
* Number of Bytes Per Scan = 40
* Number of Voltage Words = 5
* Number of Scans Averaged by the Deck Unit = 1
* NMEA Latitude = 64 10.41 S
* NMEA Longitude = 061 58.85 W
* NMEA UTC (Time) = Dec 14 2021  13:32:28
* NMEA baud rate = 9600
** Ship: RVIB N.B. Palmer
** Cruise: NBP2113 LTER
** Station: 739.006
** Operator: B. Urmston
# nquan = 20
# nvalues = 580                                   
# units = specified
# name 0 = prDM: Pressure, Digiquartz [db]
# name 1 = depSM: Depth [salt water, m]
# name 2 = t090C: Temperature [ITS-90, deg C]
# name 3 = c0mS/cm: Conductivity [mS/cm]
# name 4 = t190C: Temperature, 2 [ITS-90, deg C]
# name 5 = c1mS/cm: Conductivity, 2 [mS/cm]
# name 6 = sbeox0ML/L: Oxygen, SBE 43 [ml/l]
# name 7 = sbeox1ML/L: Oxygen, SBE 43, 2 [ml/l]
# name 8 = flECO-AFL: Fluorescence, WET Labs ECO-AFL/FL [mg/m^3]
# name 9 = CStarTr0: Beam Transmission, WET Labs C-Star [%]
# name 10 = par: PAR/Irradiance, Biospherical/Licor
# name 11 = latitude: Latitude [deg]
# name 12 = longitude: Longitude [deg]
# name 13 = timeJ: Julian Days
# name 14 = altM: Altimeter [m]
# name 15 = spar: SPAR, Biospherical/Licor
# name 16 = timeS: Time, Elapsed [seconds]
# name 17 = scan: Scan Count
# name 18 = nbf: Bottles Fired
# name 19 = flag:  0.000e+00
# interval = seconds: 0.0416667
# start_time = Dec 14 2021 13:32:28 [NMEA time, header]
# bad_flag = -9.990e-29
*END*
[from data line 290]
    404.310    399.979    -0.2383  28.658571    -0.2386  28.657859     5.6923     5.7767    -0.0224    91.0604 1.0000e-12  -64.17362  -61.98066 348.588878      99.95 4.2485e+02   2131.042      51146          6  0.000e+00
    404.268    399.938    -0.2381  28.658571    -0.2386  28.657575     5.6911     5.7772    -0.0224    91.0604 1.0000e-12  -64.17362  -61.98066 348.588878      99.98 4.2485e+02   2131.083      51147          6  0.000e+00
    404.268    399.938    -0.2383  28.658571    -0.2386  28.657859     5.6915     5.7777    -0.0224    91.0604 1.0000e-12  -64.17362  -61.98066 348.588879      99.98 4.2485e+02   2131.125      51148          6  0.000e+00
    404.268    399.938    -0.2386  28.658571    -0.2387  28.657291     5.6921     5.7726    -0.0224    91.0604 1.0000e-12  -64.17362  -61.98066 348.588879      99.98 4.2485e+02   2131.167      51149          6  0.000e+00
    202.285    200.216    -0.3148  28.438827    -0.3620  28.397752     5.9959     6.1341     0.0143    91.0089 1.0000e-12  -64.17384  -61.98118 348.592374      99.98 3.9841e+02   2433.125      58396          7  0.000e+00
    202.237    200.169    -0.3151  28.438595    -0.3602  28.400128     5.9967     6.1336     0.0069    91.0089 1.0000e-12  -64.17384  -61.98118 348.592375      99.98 3.9841e+02   2433.167      58397          7  0.000e+00
    202.285    200.216    -0.3159  28.436682    -0.3591  28.399902     6.0039     6.1335     0.0069    91.0089 1.0000e-12  -64.17384  -61.98118 348.592375      99.98 3.9841e+02   2433.208      58398          7  0.000e+00
    202.237    200.169    -0.3173  28.434015    -0.3547  28.400354     6.0054     6.1330     0.0069    90.9832 1.0000e-12  -64.17384  -61.98118 348.592376      99.98 3.9841e+02   2433.250      58399          7  0.000e+00
    202.237    200.169    -0.3190  28.432451    -0.3499  28.401203     6.0072     6.1324     0.0069    90.9832 1.0000e-12  -64.17384  -61.98118 348.592376      99.95 3.9841e+02   2433.292      58400          7  0.000e+00
    202.237    200.169    -0.3193  28.430828    -0.3470  28.403070     6.0163     6.1322     0.0143    90.9832 1.0000e-12  -64.17384  -61.98118 348.592377      99.95 3.9841e+02   2433.333      58401          7  0.000e+00
    202.237    200.169    -0.3182  28.430016    -0.3417  28.406295     6.0134     6.1316     0.0069    90.9832 1.0000e-12  -64.17384  -61.98118 348.592377      99.98 3.9841e+02   2433.375      58402          7  0.000e+00
    202.237    200.169    -0.3180  28.431059    -0.3361  28.410936     6.0138     6.1309     0.0069    90.9832 1.0000e-12  -64.17384  -61.98118 348.592378      99.98 3.9841e+02   2433.417      58403          7  0.000e+00
    202.237    200.169    -0.3184  28.432393    -0.3346  28.415068     6.0098     6.1310     0.0069    90.9832 1.0000e-12  -64.17384  -61.98118 348.592378      99.98 3.9841e+02   2433.458      58404          7  0.000e+00
    202.237    200.169    -0.3167  28.433204    -0.3364  28.419030     6.0164     6.1315     0.0069    90.9832 1.0000e-12  -64.17384  -61.98118 348.592378      99.93 3.9841e+02   2433.500      58405          7  0.000e+00
    202.237    200.169    -0.3159  28.434537    -0.3397  28.420106     6.0187     6.1326     0.0143    90.9832 1.0000e-12  -64.17384  -61.98118 348.592379      99.95 3.9841e+02   2433.542      58406          7  0.000e+00
    202.237    200.169    -0.3187  28.435117    -0.3452  28.414672     6.0202     6.1344     0.0069    90.9832 1.0000e-12  -64.17384  -61.98118 348.592379      99.98 3.9841e+02   2433.583      58407          7  0.000e+00
    202.238    200.169    -0.3145  28.436971    -0.3519  28.403636     6.0222     6.1368     0.0069    90.9832 1.0000e-12  -64.17384  -61.98118 348.592380      99.98 3.9841e+02   2433.625      58408          7  0.000e+00
    202.238    200.169    -0.3142  28.439696    -0.3607  28.393791     6.0294     6.1385     0.0069    90.9832 1.0000e-12  -64.17384  -61.98118 348.592380      99.98 3.9841e+02   2433.667      58409          7  0.000e+00
    202.189    200.121    -0.3173  28.438073    -0.3744  28.385757     6.0269     6.1408     0.0069    90.9832 1.0000e-12  -64.17384  -61.98118 348.592381      99.98 3.9841e+02   2433.708      58410          7  0.000e+00
    202.238    200.169    -0.3198  28.434016    -0.3865  28.378063     6.0292     6.1431     0.0143    90.9832 1.0000e-12  -64.17384  -61.98118 348.592381      99.98 3.9841e+02   2433.750      58411          7  0.000e+00
    202.190    200.121    -0.3218  28.431349    -0.3924  28.372011     6.0328     6.1442     0.0069    90.9832 1.0000e-12  -64.17384  -61.98118 348.592382      99.95 3.9841e+02   2433.792      58412          7  0.000e+00
    202.238    200.169    -0.3217  28.429495    -0.3905  28.369295     6.0408     6.1442     0.0069    90.9832 1.0000e-12  -64.17384  -61.98118 348.592382      99.95 3.9841e+02   2433.833      58413          7  0.000e+00
    202.238    200.169    -0.3202  28.431060    -0.3888  28.368786     6.0379     6.1441     0.0069    90.9832 1.0000e-12  -64.17384  -61.98118 348.592383      99.98 3.9841e+02   2433.875      58414          7  0.000e+00
    202.190    200.121    -0.3186  28.432392    -0.3853  28.369012     6.0397     6.1437     0.0069    90.9832 1.0000e-12  -64.17384  -61.98118 348.592383      99.98 3.9841e+02   2433.917      58415          7  0.000e+00
    202.238    200.169    -0.3196  28.431871    -0.3842  28.370087     6.0436     6.1438     0.0069    90.9832 1.0000e-12  -64.17384  -61.98118 348.592384      99.98 3.9841e+02   2433.958      58416          7  0.000e+00
    202.190    200.121    -0.3213  28.430538    -0.3829  28.372745     6.0522     6.1380     0.0069    90.9832 1.0000e-12  -64.17384  -61.98118 348.592384      99.95 3.9841e+02   2434.000      58417          7  0.000e+00
    202.238    200.169    -0.3200  28.428104    -0.3822  28.374329     6.0546     6.1428     0.0069    90.9832 1.0000e-12  -64.17384  -61.98118 348.592385      99.95 3.9841e+02   2434.042      58418          7  0.000e+00
    202.190    200.121    -0.3130  28.428682    -0.3842  28.375178     6.0559     6.1434     0.0069    90.9832 1.0000e-12  -64.17384  -61.98118 348.592385      99.98 3.9841e+02   2434.083      58419          7  0.000e+00
    202.238    200.169    -0.3141  28.430827    -0.3882  28.374104     6.0539     6.1444     0.0069    91.0089 1.0000e-12  -64.17384  -61.98118 348.592386      99.98 3.9841e+02   2434.125      58420          7  0.000e+00
    202.190    200.122    -0.3215  28.430248    -0.3891  28.371954     6.0620     6.1450     0.0069    91.0089 1.0000e-12  -64.17384  -61.98118 348.592386      99.98 3.9841e+02   2434.167      58421          7  0.000e+00
    202.238    200.169    -0.3234  28.427872    -0.3894  28.370879     6.0650     6.1456     0.0143    91.0089 1.0000e-12  -64.17384  -61.98118 348.592387      99.98 3.9841e+02   2434.208      58422          7  0.000e+00
    202.190    200.122    -0.3228  28.422772    -0.3849  28.373028     6.0662     6.1444     0.0143    91.0089 1.0000e-12  -64.17384  -61.98118 348.592387      99.98 3.9841e+02   2434.250      58423          7  0.000e+00
    202.238    200.169    -0.3243  28.422192    -0.3833  28.377271     6.0689     6.1379     0.0143    91.0089 1.0000e-12  -64.17384  -61.98118 348.592388      99.95 3.9841e+02   2434.292      58424          7  0.000e+00
    202.190    200.122    -0.3176  28.430016    -0.3879  28.381288     6.0759     6.1426     0.0143    91.0089 1.0000e-12  -64.17384  -61.98118 348.592388      99.95 3.9841e+02   2434.333      58425          7  0.000e+00
    202.190    200.122    -0.3173  28.438305    -0.3905  28.378912     6.0718     6.1380     0.0143    91.0089 1.0000e-12  -64.17384  -61.98118 348.592389      99.98 3.9841e+02   2434.375      58426          7  0.000e+00
    202.190    200.122    -0.3130  28.444217    -0.3950  28.372746     6.0732     6.1378     0.0143    91.0089 1.0000e-12  -64.17384  -61.98118 348.592389      99.98 3.9841e+02   2434.417      58427          7  0.000e+00
    202.238    200.169    -0.3097  28.445840    -0.3978  28.368221     6.0735     6.1373     0.0143    91.0089 1.0000e-12  -64.17384  -61.98118 348.592390      99.98 3.9841e+02   2434.458      58428          7  0.000e+00
    202.190    200.122    -0.3142  28.445551    -0.3969  28.365845     6.0750     6.1370     0.0143    91.0089 1.0000e-12  -64.17384  -61.98118 348.592390      99.95 3.9841e+02   2434.500      58429          7  0.000e+00
    202.190    200.122    -0.3147  28.440217    -0.3944  28.362904     6.0761     6.1367     0.0143    91.0089 1.0000e-12  -64.17384  -61.98118 348.592391      99.95 3.9841e+02   2434.542      58430          7  0.000e+00
    202.190    200.122    -0.3262  28.429495    -0.3944  28.360811     6.0790     6.1367     0.0143    91.0089 1.0000e-12  -64.17384  -61.98118 348.592391      99.98 3.9841e+02   2434.583      58431          7  0.000e+00
    202.238    200.169    -0.3341  28.422483    -0.3972  28.359227     6.0812     6.1372     0.0143    91.0089 1.0000e-12  -64.17384  -61.98118 348.592391      99.98 3.9841e+02   2434.625      58432          7  0.000e+00
    202.135    200.067    -0.3445  28.417384    -0.3990  28.358153     6.0835     6.1375     0.0143    91.0089 1.0000e-12  -64.17384  -61.98118 348.592392      99.98 3.9841e+02   2434.667      58433          7  0.000e+00
    202.190    200.122    -0.3573  28.411532    -0.4007  28.357474     6.0862     6.1380     0.0143    91.0089 1.0000e-12  -64.17384  -61.98118 348.592392      99.98 3.9841e+02   2434.708      58434          7  0.000e+00
    202.190    200.122    -0.3667  28.402436    -0.4001  28.357870     6.0841     6.1381     0.0143    91.0089 1.0000e-12  -64.17384  -61.98118 348.592393      99.98 3.9841e+02   2434.750      58435          7  0.000e+00
    202.238    200.169    -0.3749  28.393051    -0.3991  28.357361     6.0909     6.1374     0.0143    91.0089 1.0000e-12  -64.17384  -61.98118 348.592393      99.95 3.9841e+02   2434.792      58436          7  0.000e+00
    202.190    200.122    -0.3790  28.383956    -0.4002  28.357587     6.0924     6.1379     0.0143    91.0089 1.0000e-12  -64.17384  -61.98118 348.592394      99.95 3.9841e+02   2434.833      58437          7  0.000e+00
    202.135    200.067    -0.3766  28.379438    -0.4001  28.358153     6.0912     6.1382     0.0143    91.0089 1.0000e-12  -64.17384  -61.98118 348.592394      99.98 3.9841e+02   2434.875      58438          7  0.000e+00
    202.238    200.169    -0.3777  28.376484    -0.4009  28.359454     6.0860     6.1388     0.0143    90.9832 1.0000e-12  -64.17384  -61.98118 348.592395      99.98 3.9841e+02   2434.917      58439          7  0.000e+00
    202.135    200.067    -0.3794  28.375673    -0.4011  28.359454     6.0910     6.1337     0.0143    90.9832 1.0000e-12  -64.17384  -61.98118 348.592395      99.98 3.9841e+02   2434.958      58440          7  0.000e+00
    202.190    200.122    -0.3821  28.374342    -0.4028  28.358153     6.0903     6.1338     0.0143    90.9832 1.0000e-12  -64.17384  -61.98118 348.592396      99.93 3.9841e+02   2435.000      58441          7  0.000e+00
    202.190    200.122    -0.3836  28.373762    -0.4044  28.356287     6.0832     6.1331     0.0143    90.9574 1.0000e-12  -64.17384  -61.98118 348.592396      99.95 3.9841e+02   2435.042      58442          7  0.000e+00
    202.190    200.122    -0.3811  28.374341    -0.4048  28.356287     6.0815     6.1322     0.0143    90.9832 1.0000e-12  -64.17384  -61.98118 348.592397      99.98 3.9841e+02   2435.083      58443          7  0.000e+00
    202.190    200.122    -0.3871  28.374574    -0.4049  28.355891     6.0869     6.1313     0.0143    90.9832 1.0000e-12  -64.17384  -61.98118 348.592397      99.98 3.9841e+02   2435.125      58444          7  0.000e+00
    202.190    200.122    -0.3144  28.440449    -0.3915  28.365562     6.0412     6.1213     0.0069    90.9832 1.0000e-12  -64.17384  -61.98118 348.592404      99.98 3.9841e+02   2435.708      58458          8  0.000e+00
    202.190    200.122    -0.3148  28.442362    -0.3917  28.378630     6.0441     6.1153     0.0069    90.9832 1.0000e-12  -64.17384  -61.98118 348.592405      99.98 3.9841e+02   2435.750      58459          8  0.000e+00
    202.239    200.170    -0.3263  28.441610    -0.3861  28.380723     6.0383     6.1140     0.0069    90.9832 1.0000e-12  -64.17384  -61.98118 348.592405      99.95 3.9841e+02   2435.792      58460          8  0.000e+00
    202.190    200.122    -0.3337  28.435930    -0.3835  28.380722     6.0366     6.1133     0.0069    90.9832 1.0000e-12  -64.17384  -61.98118 348.592405      99.95 3.9841e+02   2435.833      58461          8  0.000e+00
    202.190    200.122    -0.3428  28.423295    -0.3804  28.378911     6.0313     6.1128     0.0069    90.9832 1.0000e-12  -64.17384  -61.98118 348.592406      99.98 3.9841e+02   2435.875      58462          8  0.000e+00
    202.190    200.122    -0.3397  28.411241    -0.3640  28.376986     6.0334     6.1105     0.0069    90.9832 1.0000e-12  -64.17384  -61.98118 348.592406      99.98 3.9841e+02   2435.917      58463          8  0.000e+00
    202.191    200.122    -0.3257  28.409907    -0.3511  28.390055     6.0229     6.1080     0.0069    90.9832 1.0000e-12  -64.17384  -61.98118 348.592407      99.98 3.9841e+02   2435.958      58464          8  0.000e+00
    202.239    200.170    -0.3105  28.422771    -0.3357  28.407314     6.0162     6.1050     0.0069    90.9832 1.0000e-12  -64.17384  -61.98118 348.592407      99.95 3.9841e+02   2436.000      58465          8  0.000e+00
    202.191    200.122    -0.3004  28.437782    -0.3263  28.420897     6.0057     6.0966     0.0069    90.9832 1.0000e-12  -64.17384  -61.98118 348.592408      99.95 3.9841e+02   2436.042      58466          8  0.000e+00
    202.191    200.122    -0.3004  28.447984    -0.3140  28.427915     6.0075     6.0996     0.0069    90.9832 1.0000e-12  -64.17384  -61.98118 348.592408      99.98 3.9841e+02   2436.083      58467          8  0.000e+00
    202.239    200.170    -0.3041  28.454536    -0.3079  28.436917     6.0058     6.0987     0.0069    90.9832 1.0000e-12  -64.17384  -61.98118 348.592409      99.98 3.9841e+02   2436.125      58468          8  0.000e+00
    202.191    200.122    -0.3083  28.450362    -0.3021  28.445976     5.9974     6.0980     0.0069    90.9832 1.0000e-12  -64.17384  -61.98118 348.592409      99.98 3.9841e+02   2436.167      58469          8  0.000e+00
    202.191    200.122    -0.3153  28.442362    -0.2929  28.449939     5.9958     6.0972     0.0143    90.9832 1.0000e-12  -64.17384  -61.98118 348.592410      99.98 3.9841e+02   2436.208      58470          8  0.000e+00
    202.191    200.123    -0.3221  28.436450    -0.2883  28.456338     6.0003     6.0970     0.0069    90.9832 1.0000e-12  -64.17384  -61.98118 348.592410      99.98 3.9841e+02   2436.250      58471          8  0.000e+00
    202.239    200.170    -0.3254  28.429727    -0.2901  28.461605     6.0000     6.0979     0.0143    90.9832 1.0000e-12  -64.17384  -61.98118 348.592411      99.95 3.9841e+02   2436.292      58472          8  0.000e+00
    202.191    200.123    -0.3276  28.425728    -0.2943  28.460925     5.9995     6.0986     0.0069    90.9832 1.0000e-12  -64.17384  -61.98118 348.592411      99.95 3.9841e+02   2436.333      58473          8  0.000e+00
    202.239    200.170    -0.3325  28.424106    -0.2961  28.458774     6.0009     6.1001     0.0069    90.9832 1.0000e-12  -64.17384  -61.98118 348.592412      99.98 3.9841e+02   2436.375      58474          8  0.000e+00
    202.191    200.123    -0.3384  28.422251    -0.2941  28.457131     6.0012     6.0946     0.0069    90.9832 1.0000e-12  -64.17384  -61.98118 348.592412      99.98 3.9841e+02   2436.417      58475          8  0.000e+00
