NBP2113_155081_ctd/data/nbp2113_029.cnv
* Sea-Bird SBE 9 Data File:
* FileName = D:\Data\raw\NBP2113_029.hex
* Software Version Seasave V 7.26.7.121
* Temperature SN = 2438
* Conductivity SN = 2067
* Number of Bytes Per Scan = 40
* Number of Voltage Words = 5
* Number of Scans Averaged by the Deck Unit = 1
* NMEA Latitude = 66 51.18 S
* NMEA Longitude = 068 36.27 W
* NMEA UTC (Time) = Dec 05 2021  02:21:18
* NMEA baud rate = 9600
** Ship: RVIB N.B. Palmer
** Cruise: NBP2113 LTER
** Station: AS01
** Operator: S. Blackman
# nquan = 25
# nvalues = 458                         
# units = specified
# name 0 = prDM: Pressure, Digiquartz [db]
# name 1 = depSM: Depth [salt water, m]
# name 2 = t090C: Temperature [ITS-90, deg C]
# name 3 = c0mS/cm: Conductivity [mS/cm]
# name 4 = t190C: Temperature, 2 [ITS-90, deg C]
# name 5 = c1mS/cm: Conductivity, 2 [mS/cm]
# name 6 = sbeox0ML/L: Oxygen, SBE 43 [ml/l]
# name 7 = sbeox1ML/L: Oxygen, SBE 43, 2 [ml/l]
# name 8 = flECO-AFL: Fluorescence, WET Labs ECO-AFL/FL [mg/m^3]
# name 9 = CStarTr0: Beam Transmission, WET Labs C-Star [%]
# name 10 = par: PAR/Irradiance, Biospherical/Licor
# name 11 = latitude: Latitude [deg]
# name 12 = longitude: Longitude [deg]
# name 13 = timeJ: Julian Days
# name 14 = altM: Altimeter [m]
# name 15 = spar: SPAR, Biospherical/Licor
# name 16 = timeS: Time, Elapsed [seconds]
# name 17 = scan: Scan Count
# name 18 = density00: Density [density, kg/m^3]
# name 19 = density11: Density, 2 [density, kg/m^3]
# name 20 = sal00: Salinity, Practical [PSU]
# name 21 = sal11: Salinity, Practical, 2 [PSU]
# name 22 = oxsolML/L: Oxygen Saturation, Garcia & Gordon [ml/l]
# name 23 = nbin: number of scans per bin
# name 24 = flag: flag
# span 0 =      1.000,    232.000       
# span 1 =      0.988,    229.570       
# span 2 =    -0.8920,     1.2051       
# span 3 =  27.407954,  29.910178       
# span 4 =    -0.8923,     1.2046       
# span 5 =  27.404400,  29.908709       
# span 6 =     4.2124,    11.5084       
# span 7 =     4.3106,     8.1047       
# span 8 =    -0.0079,     1.2574       
# span 9 =    90.6973,    95.5382       
# span 10 = -1.081e-05, 1.3393e+01      
# span 11 =  -66.85302,  -66.85266      
# span 12 =  -68.60400,  -68.60325      
# span 13 = 339.102193, 339.115027      
# span 14 =       5.27,     131.70      
# span 15 = 5.1514e+00, 1.2340e+01      
# span 16 =    351.507,   1460.357      
# span 17 =       8437,      35050      
# span 18 =  1027.1792,  1028.8396      
# span 19 =  1027.1782,  1028.8383      
# span 20 =    33.7974,    34.6447      
# span 21 =    33.7960,    34.6434      
# span 22 =    7.78433,    8.26972      
# span 23 =          9,         43      
# span 24 = 0.0000e+00, 0.0000e+00      
# interval = decibars: 1                
# start_time = Dec 05 2021 02:21:18 [NMEA time, header]
# bad_flag = -9.990e-29
*END*
[from data line 174]
    180.000    178.135    -0.2453  28.328278    -0.2283  28.345816     5.4405     5.7146     0.0932    95.3730 1.0000e-12  -66.85280  -68.60336 339.106595      59.16 8.9091e+00    731.817      17565  1028.3507  1028.3531    34.2247    34.2290    8.10564         25 0.0000e+00
    181.000    179.123     0.0218  28.618490     0.0359  28.635175     5.1845     5.5571     0.0853    95.3473 1.0000e-12  -66.85280  -68.60336 339.106603      58.36 8.8155e+00    732.535      17582  1028.4022  1028.4057    34.3098    34.3162    8.04453         19 0.0000e+00
    182.000    180.112     0.2625  28.868001     0.2600  28.865384     5.1179     5.4851     0.0861    95.3861 1.0000e-12  -66.85280  -68.60334 339.106612      57.30 8.8144e+00    733.266      17599  1028.4351  1028.4349    34.3694    34.3688    7.99079         16 0.0000e+00
    183.000    181.103     0.2971  28.905618     0.2964  28.903856     5.1018     5.4428     0.0729    95.4065 1.0000e-12  -66.85280  -68.60334 339.106619      56.27 8.8144e+00    733.894      17614  1028.4462  1028.4450    34.3797    34.3781    7.98305         14 0.0000e+00
    184.000    182.093     0.3209  28.931971     0.3190  28.928772     5.0964     5.4084     0.0641    95.2972 1.0000e-12  -66.85280  -68.60334 339.106626      55.43 8.8144e+00    734.474      17628  1028.4557  1028.4544    34.3870    34.3850    7.97769         14 0.0000e+00
    185.000    183.079     0.3369  28.949486     0.3374  28.948818     5.0828     5.3823     0.0470    95.2290 1.0000e-12  -66.85280  -68.60336 339.106632      54.45 8.8144e+00    735.027      17642  1028.4636  1028.4625    34.3916    34.3902    7.97414         12 0.0000e+00
    186.000    184.073     0.3453  28.958967     0.3458  28.958255     5.0661     5.3454     0.0475    95.1821 1.0000e-12  -66.85280  -68.60336 339.106638      53.21 8.8144e+00    735.545      17654  1028.4705  1028.4692    34.3941    34.3925    7.97226         13 0.0000e+00
    187.000    185.058     0.3690  28.985019     0.3698  28.984341     5.0556     5.3224     0.0491    95.1953 1.0000e-12  -66.85280  -68.60338 339.106644      52.05 8.8144e+00    736.059      17666  1028.4797  1028.4782    34.4012    34.3994    7.96698         12 0.0000e+00
    188.000    186.047     0.3971  29.015788     0.3978  29.015359     5.0584     5.3163     0.0491    95.2082 1.0000e-12  -66.85280  -68.60338 339.106650      51.17 8.8144e+00    736.560      17678  1028.4893  1028.4882    34.4095    34.4082    7.96071         12 0.0000e+00
    189.000    187.041     0.4235  29.043987     0.4221  29.041561     5.0696     5.3097     0.0497    95.1646 1.0000e-12  -66.85278  -68.60338 339.106656      50.06 8.8144e+00    737.071      17691  1028.4981  1028.4968    34.4165    34.4148    7.95488         12 0.0000e+00
    190.000    188.025     0.4414  29.063912     0.4411  29.062287     5.0936     5.3032     0.0499    95.1326 1.0000e-12  -66.85278  -68.60338 339.106662      48.78 1.0221e+01    737.603      17703  1028.5064  1028.5050    34.4220    34.4202    7.95089         14 0.0000e+00
    191.000    189.019     0.4495  29.073316     0.4491  29.071491     5.1253     5.3109     0.0579    95.0576 1.0000e-12  -66.85278  -68.60340 339.106669      47.69 1.0566e+01    738.170      17717  1028.5134  1028.5119    34.4246    34.4227    7.94908         14 0.0000e+00
    192.000    190.005     0.4109  29.027718     0.4237  29.043467     5.2323     5.3482     0.0605    95.0708 1.0000e-12  -66.85278  -68.60340 339.106697      46.76 1.0148e+01    740.634      17776  1028.5094  1028.5137    34.4072    34.4136    7.95803         25 0.0000e+00
    193.000    190.994     0.3265  28.942318     0.3505  28.964945     5.2491     5.2945     0.0572    94.9928 1.0000e-12  -66.85278  -68.60338 339.106770      45.86 8.8152e+00    746.955      17928  1028.5109  1028.5111    34.3889    34.3919    7.97643         21 0.0000e+00
    194.000    191.984     0.3565  28.970505     0.3390  28.951529     4.9662     5.1266     0.0665    95.0016 1.0000e-12  -66.85278  -68.60338 339.106780      45.09 8.8144e+00    747.778      17948  1028.5155  1028.5128    34.3918    34.3865    7.97006         18 0.0000e+00
    195.000    192.972     0.3495  28.971509     0.3944  29.020449     4.7438     5.0041     0.0725    95.0322 1.0000e-12  -66.85278  -68.60338 339.106788      43.99 8.8144e+00    748.507      17965  1028.5278  1028.5350    34.4004    34.4144    7.97106         17 0.0000e+00
    196.000    193.963     0.5618  29.196341     0.5643  29.196868     4.6358     4.9282     0.0513    95.0512 1.0000e-12  -66.85280  -68.60338 339.106796      42.88 8.8144e+00    749.153      17981  1028.5593  1028.5574    34.4571    34.4550    7.92423         15 0.0000e+00
    197.000    194.950     0.6910  29.336275     0.6889  29.333852     4.5831     4.8834     0.0498    95.0018 1.0000e-12  -66.85280  -68.60339 339.106803      41.83 8.8144e+00    749.754      17995  1028.5826  1028.5821    34.4948    34.4940    7.89579         13 0.0000e+00
    198.000    195.940     0.7386  29.385477     0.7367  29.382759     4.5415     4.8445     0.0437    94.9495 1.0000e-12  -66.85280  -68.60340 339.106809      40.85 8.9476e+00    750.282      18008  1028.5920  1028.5911    34.5052    34.5038    7.88555         13 0.0000e+00
    199.000    196.929     0.7574  29.406369     0.7558  29.403577     4.5361     4.8223     0.0436    94.8516 1.0000e-12  -66.85280  -68.60340 339.106815      39.88 8.8130e+00    750.797      18020  1028.6003  1028.5989    34.5108    34.5089    7.88143         11 0.0000e+00
    200.000    197.919     0.7817  29.433499     0.7792  29.429702     4.5466     4.8208     0.0277    94.8543 1.0000e-12  -66.85280  -68.60340 339.106821      38.45 8.9667e+00    751.289      18032  1028.6093  1028.6079    34.5184    34.5162    7.87609         12 0.0000e+00
    201.000    198.907     0.7969  29.450617     0.7957  29.447800     4.5775     4.8176     0.0289    94.8697 1.0000e-12  -66.85280  -68.60341 339.106826      37.58 8.8104e+00    751.785      18044  1028.6170  1028.6154    34.5230    34.5208    7.87275         12 0.0000e+00
    202.000    199.897     0.8138  29.469674     0.8136  29.468520     4.6051     4.8174     0.0226    94.6853 1.0000e-12  -66.85280  -68.60342 339.106832      35.97 9.9225e+00    752.303      18056  1028.6251  1028.6241    34.5284    34.5271    7.86904         13 0.0000e+00
    203.000    200.887     0.8265  29.484179     0.8264  29.482954     4.6419     4.8133     0.0229    94.6334 1.0000e-12  -66.85279  -68.60342 339.106839      34.10 1.0156e+01    752.902      18071  1028.6327  1028.6316    34.5325    34.5310    7.86626         17 0.0000e+00
    204.000    201.877     0.7883  29.440588     0.7815  29.434028     4.7337     4.8607     0.0325    94.5461 1.0000e-12  -66.85277  -68.60344 339.106879      33.80 9.4580e+00    756.336      18153  1028.6319  1028.6318    34.5178    34.5168    7.87479         32 0.0000e+00
    205.000    202.863     0.7594  29.412286     0.7471  29.397039     4.7054     4.8295     0.0288    94.5563 1.0000e-12  -66.85276  -68.60346 339.106925      33.35 8.8036e+00    760.316      18249  1028.6373  1028.6337    34.5127    34.5066    7.88092         33 0.0000e+00
    206.000    203.853     0.8125  29.470069     0.7791  29.431443     4.6839     4.7859     0.0302    94.5306 1.0000e-12  -66.85277  -68.60344 339.106940      32.43 8.8144e+00    761.576      18279  1028.6498  1028.6426    34.5280    34.5151    7.86934         29 0.0000e+00
    207.000    204.841     0.8214  29.478466     0.8277  29.484879     4.6357     4.7376     0.0377    94.5146 1.0000e-12  -66.85279  -68.60343 339.106951      31.46 8.8144e+00    762.570      18303  1028.6544  1028.6547    34.5284    34.5297    7.86751         20 0.0000e+00
    208.000    205.831     0.8254  29.483497     0.8255  29.482578     4.5411     4.6768     0.0297    94.5582 1.0000e-12  -66.85280  -68.60342 339.106960      30.30 8.8144e+00    763.324      18321  1028.6603  1028.6591    34.5299    34.5285    7.86663         16 0.0000e+00
    209.000    206.821     0.8404  29.501038     0.8385  29.498348     4.4534     4.6150     0.0289    94.6114 1.0000e-12  -66.85280  -68.60340 339.106967      29.43 8.8144e+00    763.970      18336  1028.6682  1028.6672    34.5353    34.5340    7.86329         15 0.0000e+00
    210.000    207.810     0.8983  29.566041     0.8961  29.563204     4.4027     4.5960     0.0289    94.6306 1.0000e-12  -66.85280  -68.60340 339.106974      28.38 8.8144e+00    764.567      18351  1028.6830  1028.6822    34.5545    34.5532    7.85057         14 0.0000e+00
    211.000    208.798     0.9598  29.632536     0.9589  29.630895     4.3750     4.5744     0.0334    94.6048 1.0000e-12  -66.85280  -68.60340 339.106981      27.40 8.8144e+00    765.174      18365  1028.6957  1028.6948    34.5714    34.5703    7.83727         16 0.0000e+00
    212.000    209.789     0.9975  29.674810     0.9977  29.674469     4.3852     4.5658     0.0386    94.6134 1.0000e-12  -66.85279  -68.60340 339.106989      26.46 8.8144e+00    765.876      18382  1028.7070  1028.7063    34.5835    34.5829    7.82906         19 0.0000e+00
    213.000    210.774     1.0052  29.682906     0.9817  29.655811     4.4386     4.5588     0.0305    94.6751 1.0000e-12  -66.85277  -68.60349 339.107024      25.13 9.0341e+00    768.906      18455  1028.7134  1028.7086    34.5848    34.5760    7.82744         31 0.0000e+00
    214.000    211.766     1.0005  29.678801     1.0120  29.689486     4.3643     4.5032     0.0344    94.7140 1.0000e-12  -66.85276  -68.60356 339.107058      24.25 8.8070e+00    771.832      18525  1028.7194  1028.7191    34.5841    34.5852    7.82842         18 0.0000e+00
    215.000    212.753     1.0493  29.731017     1.0526  29.733725     4.3626     4.4995     0.0144    94.7743 1.0000e-12  -66.85276  -68.60356 339.107065      23.47 8.8144e+00    772.456      18540  1028.7296  1028.7292    34.5966    34.5965    7.81796         17 0.0000e+00
    216.000    213.746     1.0614  29.744443     1.0611  29.743080     4.3553     4.4961     0.0084    94.8349 1.0000e-12  -66.85276  -68.60354 339.107074      22.52 8.8144e+00    773.148      18557  1028.7362  1028.7351    34.6000    34.5986    7.81537         17 0.0000e+00
    217.000    214.733     1.0658  29.749659     1.0660  29.748859     4.3655     4.4878     0.0146    94.8790 1.0000e-12  -66.85276  -68.60350 339.107088      21.13 8.8144e+00    774.441      18588  1028.7422  1028.7412    34.6012    34.6000    7.81443         31 0.0000e+00
    218.000    215.722     1.0463  29.729420     1.0396  29.721610     4.3608     4.4659     0.0134    94.7910 1.0000e-12  -66.85278  -68.60344 339.107147      20.10 8.8144e+00    779.524      18710  1028.7462  1028.7447    34.5962    34.5936    7.81859         28 0.0000e+00
    219.000    216.710     1.0813  29.767651     1.0835  29.768682     4.3343     4.4464     0.0204    94.9820 1.0000e-12  -66.85278  -68.60347 339.107158      19.18 8.8144e+00    780.435      18731  1028.7555  1028.7545    34.6059    34.6049    7.81106         23 0.0000e+00
    220.000    217.700     1.1016  29.790302     1.0998  29.787389     4.3359     4.4336     0.0118    95.1175 1.0000e-12  -66.85276  -68.60351 339.107171      18.03 8.8144e+00    781.607      18760  1028.7635  1028.7623    34.6120    34.6102    7.80669         38 0.0000e+00
    221.000    218.688     1.1188  29.809980     1.1210  29.811392     4.3189     4.3998     0.0114    95.2714 1.0000e-12  -66.85275  -68.60355 339.107199      16.75 8.8144e+00    783.969      18816  1028.7717  1028.7711    34.6176    34.6170    7.80295         39 0.0000e+00
    222.000    219.678     1.1386  29.831929     1.1394  29.831829     4.2981     4.3868     0.0084    95.3836 1.0000e-12  -66.85274  -68.60356 339.107217      15.87 8.8144e+00    785.559      18854  1028.7795  1028.7787    34.6233    34.6223    7.79871         28 0.0000e+00
    223.000    220.667     1.1433  29.837758     1.1431  29.836688     4.2888     4.3808     0.0153    95.3886 1.0000e-12  -66.85275  -68.60355 339.107229      14.92 8.8144e+00    786.617      18880  1028.7855  1028.7845    34.6250    34.6238    7.79768         24 0.0000e+00
    224.000    221.656     1.1559  29.852416     1.1559  29.851560     4.2923     4.3830     0.0095    95.4231 1.0000e-12  -66.85276  -68.60354 339.107242      14.00 8.8144e+00    787.702      18906  1028.7926  1028.7917    34.6292    34.6281    7.79493         31 0.0000e+00
    225.000    222.644     1.1528  29.849184     1.1468  29.841843     4.3056     4.3797     0.0147    95.5382 1.0000e-12  -66.85278  -68.60346 339.107293      12.72 8.8144e+00    792.152      19013  1028.7975  1028.7958    34.6279    34.6252    7.79562         38 0.0000e+00
    226.000    223.634     1.1590  29.856774     1.1602  29.857246     4.2989     4.3781     0.0141    95.5368 1.0000e-12  -66.85278  -68.60346 339.107322      11.81 8.8144e+00    794.583      19071  1028.8037  1028.8029    34.6302    34.6295    7.79426         38 0.0000e+00
    227.000    224.622     1.1456  29.843207     1.1496  29.846028     4.2221     4.3348     0.0081    95.2939 1.0000e-12  -66.85276  -68.60348 339.107408      11.20 8.6043e+00    802.096      19251  1028.8070  1028.8061    34.6271    34.6263    7.79711         17 0.0000e+00
    228.000    225.614     1.1815  29.882949     1.1805  29.881387     4.2140     4.3239     0.0090    95.3109 1.0000e-12  -66.85277  -68.60347 339.107415      10.31 7.3061e+00    802.644      19264  1028.8167  1028.8159    34.6377    34.6368    7.78940         14 0.0000e+00
    229.000    226.598     1.1989  29.902332     1.1975  29.900039     4.2166     4.3141     0.0086    95.3131 1.0000e-12  -66.85278  -68.60346 339.107421       9.37 7.4614e+00    803.219      19278  1028.8238  1028.8227    34.6427    34.6412    7.78567         13 0.0000e+00
    230.000    227.591     1.2033  29.907382     1.2024  29.905674     4.2124     4.3106     0.0022    95.3351 1.0000e-12  -66.85278  -68.60346 339.107428       8.21 8.3190e+00    803.776      19292  1028.8290  1028.8281    34.6438    34.6425    7.78474         14 0.0000e+00
    231.000    228.578     1.2051  29.910178     1.2046  29.908709     4.2309     4.3244     0.0013    95.2823 1.0000e-12  -66.85278  -68.60346 339.107435       7.09 8.7981e+00    804.416      19307  1028.8345  1028.8335    34.6447    34.6434    7.78433         18 0.0000e+00
    232.000    229.570     1.2019  29.907528     1.2020  29.906381     4.3365     4.3889     0.0136    95.3521 1.0000e-12  -66.85278  -68.60343 339.107454       5.27 8.8144e+00    806.048      19346  1028.8396  1028.8383    34.6442    34.6427    7.78498         23 0.0000e+00
    231.000    228.580     1.1788  29.880165     1.1798  29.880567     4.3563     4.3972     0.0068    95.3592 1.0000e-12  -66.85278  -68.60344 339.107461       5.87 8.8144e+00    806.646      19361  1028.8301  1028.8295    34.6353    34.6347    7.79005         20 0.0000e+00
    230.000    227.589     1.1395  29.837098     1.1376  29.834515     4.3519     4.3982    -0.0078    95.3495 1.0000e-12  -66.85278  -68.60344 339.107469       6.68 8.8144e+00    807.320      19377  1028.8206  1028.8198    34.6242    34.6230    7.79847         14 0.0000e+00
    229.000    226.602     1.1263  29.822337     1.1240  29.818646     4.3392     4.3998    -0.0009    95.2410 1.0000e-12  -66.85277  -68.60344 339.107476       7.57 8.8144e+00    807.897      19391  1028.8141  1028.8126    34.6205    34.6183    7.80131         14 0.0000e+00
    228.000    225.611     1.1291  29.824769     1.1240  29.818364     4.3404     4.4005     0.0129    95.1945 1.0000e-12  -66.85276  -68.60344 339.107482       8.59 8.8144e+00    808.464      19404  1028.8096  1028.8081    34.6211    34.6185    7.80071         14 0.0000e+00
