NBP2113_155081_ctd/data/nbp2113_031.ros
* Sea-Bird SBE 9 Data File:
* FileName = D:\Data\raw\NBP2113_031.hex
* Software Version Seasave V 7.26.7.121
* Temperature SN = 2438
* Conductivity SN = 2067
* Number of Bytes Per Scan = 40
* Number of Voltage Words = 5
* Number of Scans Averaged by the Deck Unit = 1
* NMEA Latitude = 66 30.40 S
* NMEA Longitude = 069 53.27 W
* NMEA UTC (Time) = Dec 06 2021  01:15:18
* NMEA baud rate = 9600
** Ship: RVIB N.B. Palmer
** Cruise: NBP2113 LTER
** Station: 300.100
** Operator: S. Blackman
# nquan = 20
# nvalues = 1127                                  
# units = specified
# name 0 = prDM: Pressure, Digiquartz [db]
# name 1 = depSM: Depth [salt water, m]
# name 2 = t090C: Temperature [ITS-90, deg C]
# name 3 = c0mS/cm: Conductivity [mS/cm]
# name 4 = t190C: Temperature, 2 [ITS-90, deg C]
# name 5 = c1mS/cm: Conductivity, 2 [mS/cm]
# name 6 = sbeox0ML/L: Oxygen, SBE 43 [ml/l]
# name 7 = sbeox1ML/L: Oxygen, SBE 43, 2 [ml/l]
# name 8 = flECO-AFL: Fluorescence, WET Labs ECO-AFL/FL [mg/m^3]
# name 9 = CStarTr0: Beam Transmission, WET Labs C-Star [%]
# name 10 = par: PAR/Irradiance, Biospherical/Licor
# name 11 = latitude: Latitude [deg]
# name 12 = longitude: Longitude [deg]
# name 13 = timeJ: Julian Days
# name 14 = altM: Altimeter [m]
# name 15 = spar: SPAR, Biospherical/Licor
# name 16 = timeS: Time, Elapsed [seconds]
# name 17 = scan: Scan Count
# name 18 = nbf: Bottles Fired
# name 19 = flag:  0.000e+00
# interval = seconds: 0.0416667
# start_time = Dec 06 2021 01:15:18 [NMEA time, header]
# bad_flag = -9.990e-29
*END*
[from data line 362]
    101.515    100.485     0.7556  29.343371     0.7602  29.348851     4.5024     4.5225     0.1095    96.0301 1.0000e-12  -66.50690  -69.88836 340.072758      99.98 5.4649e+01   1768.250      42439          8  0.000e+00
    101.590    100.559     0.7556  29.343136     0.7617  29.349882     4.5012     4.5211     0.1095    96.0301 1.0000e-12  -66.50690  -69.88836 340.072758      99.98 5.4649e+01   1768.292      42440          8  0.000e+00
    101.536    100.505     0.7556  29.343429     0.7640  29.350455     4.4943     4.5196     0.1095    96.0301 1.0000e-12  -66.50690  -69.88836 340.072758      99.98 5.4649e+01   1768.333      42441          8  0.000e+00
    101.563    100.532     0.7553  29.342784     0.7642  29.350398     4.4931     4.5184     0.1022    96.0301 1.0000e-12  -66.50690  -69.88836 340.072759      99.98 5.4649e+01   1768.375      42442          8  0.000e+00
    101.590    100.559     0.7549  29.342433     0.7626  29.349481     4.4964     4.5226     0.1095    96.0301 1.0000e-12  -66.50690  -69.88836 340.072759      99.95 5.4649e+01   1768.417      42443          8  0.000e+00
    101.563    100.532     0.7547  29.342726     0.7614  29.348622     4.4952     4.5223     0.1095    96.0301 1.0000e-12  -66.50690  -69.88836 340.072760      99.98 5.4649e+01   1768.458      42444          8  0.000e+00
    101.590    100.559     0.7548  29.342902     0.7614  29.349481     4.4885     4.5165     0.1095    96.0301 1.0000e-12  -66.50690  -69.88836 340.072760      99.98 5.4649e+01   1768.500      42445          8  0.000e+00
    101.590    100.559     0.7553  29.343254     0.7619  29.349367     4.4874     4.5152     0.1095    96.0301 1.0000e-12  -66.50690  -69.88836 340.072761     100.00 5.4649e+01   1768.542      42446          8  0.000e+00
    101.618    100.587     0.7555  29.343371     0.7608  29.347648     4.4907     4.5149     0.1095    96.0301 1.0000e-12  -66.50690  -69.88836 340.072761      99.98 5.4649e+01   1768.583      42447          8  0.000e+00
    101.591    100.559     0.7556  29.343488     0.7594  29.346273     4.4841     4.5138     0.1022    96.0301 1.0000e-12  -66.50690  -69.88836 340.072762      99.98 5.4649e+01   1768.625      42448          8  0.000e+00
    101.618    100.587     0.7556  29.343840     0.7583  29.345586     4.4820     4.5180     0.1095    96.0301 1.0000e-12  -66.50690  -69.88836 340.072762      99.98 5.4649e+01   1768.667      42449          8  0.000e+00
    101.639    100.607     0.7559  29.344251     0.7577  29.345242     4.4824     4.5176     0.1095    96.0301 1.0000e-12  -66.50690  -69.88836 340.072763      99.98 5.4649e+01   1768.708      42450          8  0.000e+00
    101.591    100.559     0.7575  29.344192     0.7577  29.344956     4.4815     4.5126     0.1095    96.0301 1.0000e-12  -66.50690  -69.88836 340.072763      99.95 5.4649e+01   1768.750      42451          8  0.000e+00
    101.721    100.688     0.7578  29.344720     0.7574  29.344899     4.4866     4.5175     0.1095    96.0301 1.0000e-12  -66.50690  -69.88836 340.072764      99.98 5.4649e+01   1768.792      42452          8  0.000e+00
    101.639    100.607     0.7578  29.344954     0.7574  29.344899     4.4817     4.5178     0.1022    96.0301 1.0000e-12  -66.50690  -69.88836 340.072764      99.98 5.4649e+01   1768.833      42453          8  0.000e+00
    101.618    100.587     0.7579  29.345423     0.7578  29.345070     4.4825     4.5181     0.1022    96.0301 1.0000e-12  -66.50690  -69.88836 340.072765      99.98 5.4649e+01   1768.875      42454          8  0.000e+00
    101.687    100.655     0.7581  29.346303     0.7578  29.345185     4.4822     4.5184     0.0948    96.0301 1.0000e-12  -66.50690  -69.88836 340.072765      99.95 5.4649e+01   1768.917      42455          8  0.000e+00
    101.687    100.655     0.7588  29.347242     0.7580  29.345185     4.4875     4.5187     0.0948    96.0816 1.0000e-12  -66.50690  -69.88836 340.072766      99.98 5.4649e+01   1768.958      42456          8  0.000e+00
    101.666    100.634     0.7598  29.348004     0.7582  29.345185     4.4885     4.5190     0.1022    96.0816 1.0000e-12  -66.50690  -69.88836 340.072766      99.98 5.4649e+01   1769.000      42457          8  0.000e+00
    101.687    100.655     0.7601  29.347828     0.7578  29.344956     4.4897     4.5194     0.1022    96.0816 1.0000e-12  -66.50690  -69.88836 340.072767      99.98 5.4649e+01   1769.042      42458          8  0.000e+00
    101.721    100.688     0.7596  29.347242     0.7580  29.345071     4.4911     4.5198     0.1022    96.0816 1.0000e-12  -66.50690  -69.88836 340.072767      99.98 5.4649e+01   1769.083      42459          8  0.000e+00
    101.687    100.655     0.7584  29.346362     0.7580  29.345357     4.4925     4.5201     0.1022    96.0816 1.0000e-12  -66.50690  -69.88836 340.072768      99.98 5.4649e+01   1769.125      42460          8  0.000e+00
    101.742    100.709     0.7584  29.346303     0.7582  29.345644     4.4939     4.5204     0.1022    96.0816 1.0000e-12  -66.50690  -69.88836 340.072768      99.98 5.4649e+01   1769.167      42461          8  0.000e+00
    101.721    100.689     0.7589  29.347124     0.7580  29.345758     4.4939     4.5207     0.1022    96.0816 1.0000e-12  -66.50690  -69.88836 340.072769      99.95 5.4649e+01   1769.208      42462          8  0.000e+00
    101.742    100.709     0.7601  29.347887     0.7580  29.345300     4.4896     4.5219     0.1022    96.0816 1.0000e-12  -66.50690  -69.88836 340.072769      99.95 5.4649e+01   1769.250      42463          8  0.000e+00
    101.769    100.736     0.7611  29.348766     0.7578  29.344956     4.4953     4.5223     0.1022    96.0816 1.0000e-12  -66.50690  -69.88836 340.072770      99.98 5.4649e+01   1769.292      42464          8  0.000e+00
    101.742    100.709     0.7615  29.349881     0.7574  29.344498     4.4912     4.5228     0.0948    96.0816 1.0000e-12  -66.50690  -69.88836 340.072770      99.98 5.4649e+01   1769.333      42465          8  0.000e+00
    101.790    100.756     0.7620  29.349881     0.7574  29.344383     4.4903     4.5232     0.1022    96.0816 1.0000e-12  -66.50690  -69.88836 340.072771      99.98 5.4649e+01   1769.375      42466          8  0.000e+00
    101.824    100.790     0.7612  29.348708     0.7574  29.344555     4.4909     4.5235     0.1022    96.0816 1.0000e-12  -66.50690  -69.88836 340.072771      99.95 5.4649e+01   1769.417      42467          8  0.000e+00
    101.742    100.709     0.7601  29.347476     0.7574  29.344842     4.4972     4.5238     0.1022    96.0816 1.0000e-12  -66.50690  -69.88836 340.072772      99.95 5.4649e+01   1769.458      42468          8  0.000e+00
     85.880     85.011    -0.4283  28.062139    -0.4254  28.062666     7.5087     6.9903     0.7908    94.0474 1.0000e-12  -66.50696  -69.88834 340.073490      99.98 5.4649e+01   1831.542      43958          9  0.000e+00
     85.832     84.964    -0.4283  28.061793    -0.4246  28.062891     7.5155     6.9946     0.7908    94.0474 1.0000e-12  -66.50696  -69.88834 340.073491      99.98 5.4649e+01   1831.583      43959          9  0.000e+00
     85.914     85.045    -0.4287  28.061217    -0.4245  28.062384     7.5183     6.9992     0.7835    94.0474 1.0000e-12  -66.50696  -69.88834 340.073491      99.98 5.4649e+01   1831.625      43960          9  0.000e+00
     85.880     85.011    -0.4293  28.061274    -0.4257  28.062103     7.5254     7.0088     0.7908    94.0474 1.0000e-12  -66.50696  -69.88834 340.073492      99.98 5.4649e+01   1831.667      43961          9  0.000e+00
     85.880     85.011    -0.4295  28.060755    -0.4266  28.062103     7.5268     7.0129     0.7908    94.0731 1.0000e-12  -66.50696  -69.88834 340.073492      99.95 5.4649e+01   1831.708      43962          9  0.000e+00
     85.880     85.011    -0.4304  28.060121    -0.4269  28.061877     7.5270     7.0161     0.7908    94.0474 1.0000e-12  -66.50696  -69.88834 340.073492      99.95 5.4649e+01   1831.750      43963          9  0.000e+00
     85.866     84.998    -0.4314  28.059140    -0.4273  28.062103     7.5216     7.0193     0.7908    94.0474 1.0000e-12  -66.50696  -69.88834 340.073493      99.98 5.4649e+01   1831.792      43964          9  0.000e+00
     85.880     85.011    -0.4319  28.058160    -0.4265  28.062497     7.5193     7.0271     0.7908    94.0474 1.0000e-12  -66.50696  -69.88834 340.073493      99.98 5.4649e+01   1831.833      43965          9  0.000e+00
     85.880     85.011    -0.4326  28.057698    -0.4259  28.062610     7.5173     7.0304     0.7908    94.0474 1.0000e-12  -66.50696  -69.88834 340.073494      99.98 5.4649e+01   1831.875      43966          9  0.000e+00
     85.880     85.011    -0.4326  28.057814    -0.4248  28.062779     7.5153     7.0329     0.7908    94.0474 1.0000e-12  -66.50696  -69.88834 340.073494      99.95 5.4649e+01   1831.917      43967          9  0.000e+00
     85.880     85.011    -0.4323  28.058102    -0.4245  28.063398     7.5136     7.0356     0.7908    94.0474 1.0000e-12  -66.50696  -69.88834 340.073495      99.95 5.4649e+01   1831.958      43968          9  0.000e+00
     85.866     84.998    -0.4319  28.058967    -0.4242  28.063624     7.5108     7.0376     0.7835    94.0474 1.0000e-12  -66.50696  -69.88834 340.073495      99.98 5.4649e+01   1832.000      43969          9  0.000e+00
     85.880     85.011    -0.4312  28.058910    -0.4228  28.064863     7.5143     7.0441     0.7908    94.0474 1.0000e-12  -66.50696  -69.88834 340.073496      99.98 5.4649e+01   1832.042      43970          9  0.000e+00
     85.935     85.066    -0.4307  28.059140    -0.4202  28.065426     7.5124     7.0461     0.7908    94.0216 1.0000e-12  -66.50696  -69.88834 340.073496      99.98 5.4649e+01   1832.083      43971          9  0.000e+00
     85.880     85.011    -0.4302  28.059256    -0.4195  28.065821     7.5093     7.0539     0.7908    93.9959 1.0000e-12  -66.50696  -69.88834 340.073497      99.98 5.4649e+01   1832.125      43972          9  0.000e+00
     85.914     85.045    -0.4302  28.059775    -0.4208  28.066384     7.5082     7.0569     0.7908    93.9959 1.0000e-12  -66.50696  -69.88834 340.073497      99.98 5.4649e+01   1832.167      43973          9  0.000e+00
     85.880     85.011    -0.4301  28.060178    -0.4215  28.066553     7.5106     7.0589     0.7908    93.9959 1.0000e-12  -66.50696  -69.88834 340.073498      99.98 5.4649e+01   1832.208      43974          9  0.000e+00
     85.935     85.066    -0.4299  28.059890    -0.4231  28.066215     7.5031     7.0615     0.7835    93.9959 1.0000e-12  -66.50696  -69.88834 340.073498      99.98 5.4649e+01   1832.250      43975          9  0.000e+00
     85.880     85.011    -0.4296  28.060467    -0.4245  28.065258     7.4990     7.0632     0.7835    93.9959 1.0000e-12  -66.50696  -69.88834 340.073499      99.98 5.4649e+01   1832.292      43976          9  0.000e+00
     85.914     85.045    -0.4292  28.060351    -0.4248  28.065765     7.4970     7.0650     0.7908    93.9959 1.0000e-12  -66.50696  -69.88834 340.073499      99.98 5.4649e+01   1832.333      43977          9  0.000e+00
     85.880     85.012    -0.4296  28.060467    -0.4250  28.066046     7.4942     7.0724     0.7981    93.9959 1.0000e-12  -66.50696  -69.88834 340.073500      99.95 5.4649e+01   1832.375      43978          9  0.000e+00
     85.935     85.066    -0.4298  28.059948    -0.4248  28.066554     7.4908     7.0745     0.8055    93.9959 1.0000e-12  -66.50696  -69.88834 340.073500      99.93 5.4649e+01   1832.417      43979          9  0.000e+00
     85.935     85.066    -0.4307  28.058910    -0.4248  28.067004     7.4822     7.0769     0.8055    93.9959 1.0000e-12  -66.50696  -69.88834 340.073501      99.95 5.4649e+01   1832.458      43980          9  0.000e+00
     85.880     85.012    -0.4307  28.058275    -0.4246  28.067455     7.4727     7.0786     0.8055    93.9959 1.0000e-12  -66.50696  -69.88834 340.073501      99.98 5.4649e+01   1832.500      43981          9  0.000e+00
     85.914     85.045    -0.4308  28.058679    -0.4239  28.067624     7.4731     7.0797     0.8128    93.9959 1.0000e-12  -66.50696  -69.88834 340.073502      99.98 5.4649e+01   1832.542      43982          9  0.000e+00
     85.880     85.012    -0.4293  28.060524    -0.4238  28.067680     7.4693     7.0811     0.8055    93.9959 1.0000e-12  -66.50696  -69.88834 340.073502      99.98 5.4649e+01   1832.583      43983          9  0.000e+00
     85.935     85.066    -0.4283  28.062082    -0.4229  28.067624     7.4651     7.0828     0.8055    93.9959 1.0000e-12  -66.50696  -69.88834 340.073503      99.98 5.4649e+01   1832.625      43984          9  0.000e+00
     85.935     85.066    -0.4280  28.062428    -0.4217  28.067624     7.4561     7.0838     0.8128    93.9959 1.0000e-12  -66.50696  -69.88834 340.073503      99.98 5.4649e+01   1832.667      43985          9  0.000e+00
     85.914     85.046    -0.4283  28.061793    -0.4220  28.066779     7.4629     7.0855     0.8128    93.9959 1.0000e-12  -66.50696  -69.88834 340.073504      99.98 5.4649e+01   1832.708      43986          9  0.000e+00
     85.935     85.066    -0.4290  28.061217    -0.4233  28.066215     7.4546     7.0869     0.8055    93.9959 1.0000e-12  -66.50696  -69.88834 340.073504      99.98 5.4649e+01   1832.750      43987          9  0.000e+00
     85.880     85.012    -0.4293  28.060582    -0.4243  28.066272     7.4456     7.0877     0.8055    93.9959 1.0000e-12  -66.50696  -69.88834 340.073505      99.98 5.4649e+01   1832.792      43988          9  0.000e+00
     85.935     85.066    -0.4293  28.060294    -0.4245  28.066103     7.4363     7.0942     0.8055    93.9959 1.0000e-12  -66.50696  -69.88834 340.073505      99.98 5.4649e+01   1832.833      43989          9  0.000e+00
     85.935     85.066    -0.4306  28.059256    -0.4242  28.066046     7.4314     7.0956     0.8055    93.9959 1.0000e-12  -66.50696  -69.88834 340.073505      99.95 5.4649e+01   1832.875      43990          9  0.000e+00
     85.866     84.998    -0.4316  28.058737    -0.4242  28.065708     7.4320     7.0973     0.8055    93.9701 1.0000e-12  -66.50696  -69.88834 340.073506      99.93 5.4649e+01   1832.917      43991          9  0.000e+00
     85.983     85.113    -0.4314  28.058679    -0.4240  28.064976     7.4232     7.0932     0.8055    93.9186 1.0000e-12  -66.50696  -69.88834 340.073506      99.95 5.4649e+01   1832.958      43992          9  0.000e+00
     85.880     85.012    -0.4311  28.058852    -0.4246  28.064920     7.4184     7.0996     0.8055    93.9186 1.0000e-12  -66.50696  -69.88834 340.073507      99.98 5.4649e+01   1833.000      43993          9  0.000e+00
     85.935     85.066    -0.4302  28.059833    -0.4236  28.064638     7.4103     7.1008     0.8055    93.9186 1.0000e-12  -66.50696  -69.88834 340.073507      99.98 5.4649e+01   1833.042      43994          9  0.000e+00
     85.914     85.046    -0.4301  28.060871    -0.4228  28.064469     7.4112     7.0969     0.8055    93.9186 1.0000e-12  -66.50696  -69.88834 340.073508      99.98 5.4649e+01   1833.083      43995          9  0.000e+00
     85.880     85.012    -0.4299  28.061447    -0.4237  28.064243     7.4030     7.0977     0.8055    93.9444 1.0000e-12  -66.50696  -69.88834 340.073508      99.98 5.4649e+01   1833.125      43996          9  0.000e+00
     85.935     85.066    -0.4287  28.061967    -0.4239  28.064356     7.3992     7.0988     0.8128    93.9186 1.0000e-12  -66.50696  -69.88834 340.073509      99.98 5.4649e+01   1833.167      43997          9  0.000e+00
     85.935     85.066    -0.4277  28.062313    -0.4243  28.064525     7.3967     7.0997     0.8055    93.9186 1.0000e-12  -66.50696  -69.88834 340.073509      99.95 5.4649e+01   1833.208      43998          9  0.000e+00
     85.915     85.046    -0.4270  28.062774    -0.4246  28.064863     7.4001     7.1001     0.8055    93.9186 1.0000e-12  -66.50696  -69.88834 340.073510      99.95 5.4649e+01   1833.250      43999          9  0.000e+00
