NBP2113_155081_ctd/data/nbp2113_041.ros
* Sea-Bird SBE 9 Data File:
* FileName = D:\Data\raw\NBP2113_041.hex
* Software Version Seasave V 7.26.7.121
* Temperature SN = 2438
* Conductivity SN = 2067
* Number of Bytes Per Scan = 40
* Number of Voltage Words = 5
* Number of Scans Averaged by the Deck Unit = 1
* NMEA Latitude = 64 50.77 S
* NMEA Longitude = 063 54.70 W
* NMEA UTC (Time) = Dec 10 2021  14:38:32
* NMEA baud rate = 9600
** Ship: RVIB N.B. Palmer
** Cruise: NBP2113 LTER
** Station: 622.029
** Operator: B. Urmston
# nquan = 20
# nvalues = 1117                                  
# units = specified
# name 0 = prDM: Pressure, Digiquartz [db]
# name 1 = depSM: Depth [salt water, m]
# name 2 = t090C: Temperature [ITS-90, deg C]
# name 3 = c0mS/cm: Conductivity [mS/cm]
# name 4 = t190C: Temperature, 2 [ITS-90, deg C]
# name 5 = c1mS/cm: Conductivity, 2 [mS/cm]
# name 6 = sbeox0ML/L: Oxygen, SBE 43 [ml/l]
# name 7 = sbeox1ML/L: Oxygen, SBE 43, 2 [ml/l]
# name 8 = flECO-AFL: Fluorescence, WET Labs ECO-AFL/FL [mg/m^3]
# name 9 = CStarTr0: Beam Transmission, WET Labs C-Star [%]
# name 10 = par: PAR/Irradiance, Biospherical/Licor
# name 11 = latitude: Latitude [deg]
# name 12 = longitude: Longitude [deg]
# name 13 = timeJ: Julian Days
# name 14 = altM: Altimeter [m]
# name 15 = spar: SPAR, Biospherical/Licor
# name 16 = timeS: Time, Elapsed [seconds]
# name 17 = scan: Scan Count
# name 18 = nbf: Bottles Fired
# name 19 = flag:  0.000e+00
# interval = seconds: 0.0416667
# start_time = Dec 10 2021 14:38:32 [NMEA time, header]
# bad_flag = -9.990e-29
*END*
[from data line 73]
    254.020    251.378     1.1522  29.843724     1.1522  29.842368     4.4772     4.5608    -0.0004    94.5109 1.0000e-12  -64.84632  -63.91178 344.620011       8.33 1.0260e+03    856.917      20567          2  0.000e+00
    253.951    251.310     1.1521  29.843192     1.1521  29.841792     4.4775     4.5562    -0.0004    94.5366 1.0000e-12  -64.84632  -63.91178 344.620011       8.30 1.0278e+03    856.958      20568          2  0.000e+00
    254.006    251.365     1.1517  29.843193     1.1519  29.841792     4.4722     4.5562    -0.0004    94.5109 1.0000e-12  -64.84632  -63.91178 344.620012       8.30 1.0260e+03    857.000      20569          2  0.000e+00
    253.951    251.310     1.1517  29.842543     1.1520  29.842080     4.4782     4.5563    -0.0004    94.5109 1.0000e-12  -64.84632  -63.91178 344.620012       8.30 1.0260e+03    857.042      20570          2  0.000e+00
    253.951    251.310     1.1516  29.842366     1.1517  29.841792     4.4787     4.5564    -0.0004    94.4594 1.0000e-12  -64.84632  -63.91178 344.620013       8.30 1.0260e+03    857.083      20571          2  0.000e+00
    253.862    251.222     1.1514  29.842366     1.1514  29.841215     4.4736     4.5558    -0.0004    94.4336 1.0000e-12  -64.84632  -63.91178 344.620013       8.33 1.0260e+03    857.125      20572          2  0.000e+00
    253.903    251.263     1.1508  29.842366     1.1509  29.840466     4.4730     4.5553    -0.0004    94.4336 1.0000e-12  -64.84632  -63.91178 344.620014       8.30 1.0260e+03    857.167      20573          2  0.000e+00
    253.903    251.263     1.1507  29.841776     1.1505  29.840177     4.4782     4.5556    -0.0004    94.4336 1.0000e-12  -64.84632  -63.91178 344.620014       8.30 1.0260e+03    857.208      20574          2  0.000e+00
    253.903    251.263     1.1507  29.841422     1.1502  29.839543     4.4790     4.5552    -0.0004    94.4336 1.0000e-12  -64.84632  -63.91178 344.620014       8.33 1.0260e+03    857.250      20575          2  0.000e+00
    253.848    251.208     1.1504  29.841540     1.1497  29.839312     4.4798     4.5547    -0.0004    94.4336 1.0000e-12  -64.84632  -63.91178 344.620015       8.42 1.0260e+03    857.292      20576          2  0.000e+00
    253.814    251.174     1.1496  29.841245     1.1492  29.839601     4.4808     4.5543    -0.0004    94.4336 1.0000e-12  -64.84632  -63.91178 344.620015       8.47 1.0260e+03    857.333      20577          2  0.000e+00
    253.800    251.161     1.1480  29.840123     1.1480  29.838448     4.4819     4.5540    -0.0004    94.4336 1.0000e-12  -64.84632  -63.91178 344.620016       8.47 1.0260e+03    857.375      20578          2  0.000e+00
    253.800    251.161     1.1472  29.838766     1.1480  29.837410     4.4831     4.5545    -0.0004    94.4336 1.0000e-12  -64.84632  -63.91178 344.620016       8.47 1.0260e+03    857.417      20579          2  0.000e+00
    253.800    251.161     1.1454  29.837822     1.1478  29.837122     4.4843     4.5543    -0.0004    94.4336 1.0000e-12  -64.84632  -63.91178 344.620017       8.47 1.0260e+03    857.458      20580          2  0.000e+00
    253.759    251.120     1.1438  29.836229     1.1471  29.837122     4.4787     4.5541    -0.0004    94.4336 1.0000e-12  -64.84632  -63.91178 344.620017       8.47 1.0260e+03    857.500      20581          2  0.000e+00
    253.800    251.161     1.1428  29.834872     1.1463  29.836315     4.4774     4.5539    -0.0004    94.4336 1.0000e-12  -64.84632  -63.91178 344.620018       8.47 1.0260e+03    857.542      20582          2  0.000e+00
    253.745    251.106     1.1420  29.833455     1.1450  29.835450     4.4844     4.5539    -0.0004    94.4336 1.0000e-12  -64.84632  -63.91178 344.620018       8.47 1.0260e+03    857.583      20583          2  0.000e+00
    253.697    251.059     1.1408  29.832511     1.1436  29.834355     4.4859     4.5539    -0.0004    94.4336 1.0000e-12  -64.84632  -63.91178 344.620019       8.47 1.0260e+03    857.625      20584          2  0.000e+00
    253.697    251.059     1.1405  29.831272     1.1425  29.832971     4.4817     4.5539    -0.0004    94.4336 1.0000e-12  -64.84632  -63.91178 344.620019       8.47 1.0260e+03    857.667      20585          2  0.000e+00
    253.711    251.072     1.1400  29.830977     1.1416  29.831300     4.4807     4.5540    -0.0004    94.4594 1.0000e-12  -64.84632  -63.91178 344.620020       8.47 1.0260e+03    857.708      20586          2  0.000e+00
    253.649    251.011     1.1394  29.830682     1.1403  29.830204     4.4853     4.5540    -0.0004    94.4594 1.0000e-12  -64.84632  -63.91178 344.620020       8.60 1.0260e+03    857.750      20587          2  0.000e+00
    253.697    251.059     1.1388  29.830446     1.1393  29.829397     4.4869     4.5595    -0.0004    94.4594 1.0000e-12  -64.84632  -63.91178 344.620021       8.79 1.0260e+03    857.792      20588          2  0.000e+00
    253.649    251.011     1.1384  29.829443     1.1384  29.828533     4.4886     4.5550    -0.0004    94.4336 1.0000e-12  -64.84632  -63.91178 344.620021       8.84 1.0260e+03    857.833      20589          2  0.000e+00
    253.649    251.011     1.1384  29.829030     1.1384  29.827726     4.4833     4.5551    -0.0004    94.4336 1.0000e-12  -64.84632  -63.91178 344.620022       8.84 1.0260e+03    857.875      20590          2  0.000e+00
    253.608    250.970     1.1384  29.828735     1.1381  29.827495     4.4880     4.5551    -0.0004    94.4851 1.0000e-12  -64.84632  -63.91178 344.620022       8.84 1.0260e+03    857.917      20591          2  0.000e+00
    227.305    224.956     0.9209  29.587881     0.9232  29.589042     4.7792     4.8452    -0.0004    94.5109 1.0000e-12  -64.84642  -63.91178 344.621562      32.84 1.0577e+03    990.917      23783          3  0.000e+00
    227.443    225.092     0.9210  29.588117     0.9232  29.589330     4.7799     4.8449    -0.0004    94.5109 1.0000e-12  -64.84642  -63.91178 344.621562      32.84 1.0577e+03    990.958      23784          3  0.000e+00
    227.340    224.990     0.9209  29.587881     0.9235  29.589559     4.7804     4.8445    -0.0004    94.4851 1.0000e-12  -64.84642  -63.91178 344.621562      32.84 1.0577e+03    991.000      23785          3  0.000e+00
    227.409    225.058     0.9209  29.588293     0.9235  29.589617     4.7810     4.8495    -0.0004    94.4851 1.0000e-12  -64.84642  -63.91178 344.621563      32.84 1.0577e+03    991.042      23786          3  0.000e+00
    227.395    225.044     0.9209  29.588117     0.9238  29.589330     4.7760     4.8508    -0.0004    94.4851 1.0000e-12  -64.84642  -63.91178 344.621563      32.84 1.0577e+03    991.083      23787          3  0.000e+00
    227.306    224.956     0.9206  29.588117     0.9239  29.589847     4.7753     4.8520    -0.0004    94.4851 1.0000e-12  -64.84642  -63.91178 344.621564      32.84 1.0577e+03    991.125      23788          3  0.000e+00
    227.395    225.044     0.9206  29.587882     0.9235  29.589904     4.7818     4.8534    -0.0004    94.4851 1.0000e-12  -64.84642  -63.91178 344.621564      32.82 1.0577e+03    991.167      23789          3  0.000e+00
    227.340    224.990     0.9204  29.587293     0.9229  29.589847     4.7825     4.8539    -0.0004    94.5109 1.0000e-12  -64.84642  -63.91178 344.621565      32.82 1.0577e+03    991.208      23790          3  0.000e+00
    227.361    225.010     0.9207  29.587587     0.9229  29.589042     4.7832     4.8543    -0.0004    94.5109 1.0000e-12  -64.84642  -63.91178 344.621565      32.84 1.0577e+03    991.250      23791          3  0.000e+00
    227.340    224.990     0.9204  29.587587     0.9228  29.588755     4.7840     4.8547    -0.0004    94.4851 1.0000e-12  -64.84642  -63.91178 344.621566      32.92 1.0577e+03    991.292      23792          3  0.000e+00
    227.306    224.956     0.9206  29.587293     0.9228  29.588467     4.7834     4.8497    -0.0004    94.5109 1.0000e-12  -64.84642  -63.91178 344.621566      32.94 1.0577e+03    991.333      23793          3  0.000e+00
    227.340    224.990     0.9207  29.587587     0.9226  29.587950     4.7841     4.8493    -0.0004    94.4851 1.0000e-12  -64.84642  -63.91178 344.621567      32.94 1.0577e+03    991.375      23794          3  0.000e+00
    227.292    224.942     0.9207  29.588117     0.9228  29.588237     4.7791     4.8488    -0.0004    94.5109 1.0000e-12  -64.84642  -63.91178 344.621567      32.94 1.0577e+03    991.417      23795          3  0.000e+00
    227.361    225.010     0.9204  29.587470     0.9228  29.588238     4.7843     4.8492    -0.0004    94.4851 1.0000e-12  -64.84642  -63.91178 344.621568      32.94 1.0577e+03    991.458      23796          3  0.000e+00
    227.292    224.942     0.9203  29.587587     0.9225  29.588237     4.7780     4.8541    -0.0004    94.4851 1.0000e-12  -64.84642  -63.91178 344.621568      32.94 1.0577e+03    991.500      23797          3  0.000e+00
    227.306    224.956     0.9201  29.587587     0.9221  29.588467     4.7832     4.8545    -0.0004    94.4851 1.0000e-12  -64.84642  -63.91178 344.621569      32.92 1.0577e+03    991.542      23798          3  0.000e+00
    227.292    224.942     0.9203  29.587293     0.9221  29.588525     4.7839     4.8547    -0.0004    94.4851 1.0000e-12  -64.84642  -63.91178 344.621569      32.94 1.0577e+03    991.583      23799          3  0.000e+00
    227.306    224.956     0.9206  29.587587     0.9221  29.587950     4.7790     4.8551    -0.0004    94.4851 1.0000e-12  -64.84642  -63.91178 344.621570      32.94 1.0577e+03    991.625      23800          3  0.000e+00
    227.292    224.942     0.9204  29.587293     0.9223  29.588467     4.7772     4.8499    -0.0004    94.5109 1.0000e-12  -64.84642  -63.91178 344.621570      32.94 1.0577e+03    991.667      23801          3  0.000e+00
    227.292    224.942     0.9206  29.587293     0.9221  29.588238     4.7823     4.8493    -0.0004    94.4851 1.0000e-12  -64.84642  -63.91178 344.621571      32.92 1.0577e+03    991.708      23802          3  0.000e+00
    227.306    224.956     0.9206  29.587587     0.9223  29.588755     4.7831     4.8487    -0.0004    94.5109 1.0000e-12  -64.84642  -63.91178 344.621571      32.94 1.0577e+03    991.750      23803          3  0.000e+00
    227.292    224.942     0.9199  29.587587     0.9225  29.588237     4.7840     4.8481    -0.0004    94.5109 1.0000e-12  -64.84642  -63.91178 344.621572      32.97 1.0577e+03    991.792      23804          3  0.000e+00
    227.306    224.956     0.9193  29.587293     0.9223  29.588238     4.7849     4.8538    -0.0004    94.5109 1.0000e-12  -64.84642  -63.91178 344.621572      32.99 1.0577e+03    991.833      23805          3  0.000e+00
    227.292    224.942     0.9193  29.587587     0.9225  29.588237     4.7843     4.8495    -0.0004    94.5109 1.0000e-12  -64.84642  -63.91178 344.621573      32.99 1.0577e+03    991.875      23806          3  0.000e+00
    227.209    224.861     0.9196  29.587469     0.9223  29.588237     4.7850     4.8489    -0.0004    94.5109 1.0000e-12  -64.84642  -63.91178 344.621573      32.97 1.0577e+03    991.917      23807          3  0.000e+00
    227.340    224.990     0.9196  29.587587     0.9228  29.588238     4.7858     4.8538    -0.0004    94.5109 1.0000e-12  -64.84642  -63.91178 344.621574      32.99 1.0577e+03    991.958      23808          3  0.000e+00
    227.292    224.943     0.9198  29.587293     0.9221  29.588238     4.7809     4.8540    -0.0004    94.5109 1.0000e-12  -64.84642  -63.91178 344.621574      32.97 1.0577e+03    992.000      23809          3  0.000e+00
    227.306    224.956     0.9199  29.586764     0.9221  29.588238     4.7791     4.8543    -0.0004    94.5109 1.0000e-12  -64.84642  -63.91178 344.621575      32.99 1.0577e+03    992.042      23810          3  0.000e+00
    227.292    224.943     0.9199  29.586470     0.9220  29.588238     4.7842     4.8553    -0.0004    94.5109 1.0000e-12  -64.84642  -63.91178 344.621575      32.99 1.0577e+03    992.083      23811          3  0.000e+00
    227.258    224.909     0.9196  29.586764     0.9220  29.587950     4.7851     4.8501    -0.0004    94.5109 1.0000e-12  -64.84642  -63.91178 344.621576      32.99 1.0577e+03    992.125      23812          3  0.000e+00
    227.292    224.943     0.9193  29.586764     0.9225  29.588237     4.7859     4.8494    -0.0004    94.5109 1.0000e-12  -64.84642  -63.91178 344.621576      32.99 1.0577e+03    992.167      23813          3  0.000e+00
    227.292    224.943     0.9196  29.586764     0.9228  29.588237     4.7797     4.8549    -0.0004    94.5109 1.0000e-12  -64.84642  -63.91178 344.621576      32.97 1.0577e+03    992.208      23814          3  0.000e+00
    227.258    224.909     0.9198  29.586469     0.9228  29.587950     4.7835     4.8497    -0.0004    94.5109 1.0000e-12  -64.84642  -63.91178 344.621577      32.99 1.0577e+03    992.250      23815          3  0.000e+00
    227.340    224.990     0.9196  29.586764     0.9225  29.588238     4.7843     4.8545    -0.0004    94.5109 1.0000e-12  -64.84642  -63.91178 344.621577      33.04 1.0577e+03    992.292      23816          3  0.000e+00
    227.306    224.956     0.9196  29.586881     0.9215  29.588525     4.7850     4.8494    -0.0004    94.5109 1.0000e-12  -64.84642  -63.91178 344.621578      33.04 1.0577e+03    992.333      23817          3  0.000e+00
    227.237    224.888     0.9196  29.586469     0.9217  29.588237     4.7857     4.8540    -0.0004    94.5109 1.0000e-12  -64.84642  -63.91178 344.621578      33.06 1.0577e+03    992.375      23818          3  0.000e+00
    227.306    224.956     0.9196  29.586764     0.9214  29.587663     4.7795     4.8542    -0.0004    94.5109 1.0000e-12  -64.84642  -63.91178 344.621579      33.04 1.0577e+03    992.417      23819          3  0.000e+00
    227.292    224.943     0.9196  29.586470     0.9214  29.587950     4.7847     4.8542    -0.0004    94.5109 1.0000e-12  -64.84642  -63.91178 344.621579      33.04 1.0577e+03    992.458      23820          3  0.000e+00
    227.292    224.943     0.9196  29.586470     0.9215  29.587950     4.7854     4.8551    -0.0004    94.5109 1.0000e-12  -64.84642  -63.91178 344.621580      33.04 1.0577e+03    992.500      23821          3  0.000e+00
    227.306    224.956     0.9199  29.586999     0.9215  29.587663     4.7861     4.8552    -0.0004    94.5109 1.0000e-12  -64.84642  -63.91178 344.621580      33.04 1.0577e+03    992.542      23822          3  0.000e+00
    227.292    224.943     0.9199  29.586764     0.9219  29.587950     4.7855     4.8551    -0.0004    94.4851 1.0000e-12  -64.84642  -63.91178 344.621581      33.04 1.0577e+03    992.583      23823          3  0.000e+00
    227.361    225.011     0.9203  29.587293     0.9217  29.587376     4.7849     4.8552    -0.0004    94.4851 1.0000e-12  -64.84642  -63.91178 344.621581      33.04 1.0577e+03    992.625      23824          3  0.000e+00
    227.292    224.943     0.9201  29.587293     0.9214  29.586284     4.7855     4.8543    -0.0077    94.4851 1.0000e-12  -64.84642  -63.91178 344.621582      33.04 1.0577e+03    992.667      23825          3  0.000e+00
    227.340    224.990     0.9201  29.586999     0.9198  29.584100     4.7862     4.8544    -0.0077    94.4851 1.0000e-12  -64.84642  -63.91178 344.621582      33.04 1.0577e+03    992.708      23826          3  0.000e+00
    227.306    224.956     0.9199  29.587293     0.9176  29.583009     4.7855     4.8545    -0.0077    94.4851 1.0000e-12  -64.84642  -63.91178 344.621583      33.02 1.0577e+03    992.750      23827          3  0.000e+00
    227.340    224.990     0.9198  29.587470     0.9179  29.581917     4.7847     4.8544    -0.0077    94.4851 1.0000e-12  -64.84642  -63.91178 344.621583      32.97 1.0577e+03    992.792      23828          3  0.000e+00
