NBP2113_155081_ctd/data/nbp2113_019.ros
* Sea-Bird SBE 9 Data File:
* FileName = D:\Data\raw\NBP2113_019.hex
* Software Version Seasave V 7.26.7.121
* Temperature SN = 2438
* Conductivity SN = 2067
* Number of Bytes Per Scan = 40
* Number of Voltage Words = 5
* Number of Scans Averaged by the Deck Unit = 1
* NMEA Latitude = 66 53.46 S
* NMEA Longitude = 068 55.21 W
* NMEA UTC (Time) = Nov 29 2021  09:39:46
* NMEA baud rate = 9600
** Ship: RVIB N.B. Palmer
** Cruise: NBP2113 LTER
** Station: 300.040
** Operator: B. Urmston
# nquan = 20
# nvalues = 1145                                  
# units = specified
# name 0 = prDM: Pressure, Digiquartz [db]
# name 1 = depSM: Depth [salt water, m]
# name 2 = t090C: Temperature [ITS-90, deg C]
# name 3 = c0mS/cm: Conductivity [mS/cm]
# name 4 = t190C: Temperature, 2 [ITS-90, deg C]
# name 5 = c1mS/cm: Conductivity, 2 [mS/cm]
# name 6 = sbeox0ML/L: Oxygen, SBE 43 [ml/l]
# name 7 = sbeox1ML/L: Oxygen, SBE 43, 2 [ml/l]
# name 8 = flECO-AFL: Fluorescence, WET Labs ECO-AFL/FL [mg/m^3]
# name 9 = CStarTr0: Beam Transmission, WET Labs C-Star [%]
# name 10 = par: PAR/Irradiance, Biospherical/Licor
# name 11 = latitude: Latitude [deg]
# name 12 = longitude: Longitude [deg]
# name 13 = timeJ: Julian Days
# name 14 = altM: Altimeter [m]
# name 15 = spar: SPAR, Biospherical/Licor
# name 16 = timeS: Time, Elapsed [seconds]
# name 17 = scan: Scan Count
# name 18 = nbf: Bottles Fired
# name 19 = flag:  0.000e+00
# interval = seconds: 0.0416667
# start_time = Nov 29 2021 09:39:46 [NMEA time, header]
# bad_flag = -9.990e-29
*END*
[from data line 942]
     16.364     16.201    -0.8074  27.513291    -0.8076  27.512078     7.9998     8.0994     1.0179    90.3137 5.9573e+01  -66.89120  -68.92426 333.432720      99.95 5.4649e+02   2601.042      62426         20  0.000e+00
     16.343     16.180    -0.8076  27.513291    -0.8075  27.512246     7.9997     8.0993     1.0179    90.3137 5.9573e+01  -66.89120  -68.92426 333.432721      99.98 5.4649e+02   2601.083      62427         20  0.000e+00
     16.412     16.248    -0.8074  27.513463    -0.8076  27.512134     7.9997     8.0993     1.0179    90.3137 5.9573e+01  -66.89120  -68.92426 333.432721      99.98 5.4649e+02   2601.125      62428         20  0.000e+00
     16.343     16.180    -0.8073  27.513577    -0.8078  27.511686     8.0041     8.0983     1.0179    90.3137 5.9573e+01  -66.89120  -68.92426 333.432722      99.98 5.4649e+02   2601.167      62429         20  0.000e+00
     16.316     16.153    -0.8076  27.513348    -0.8077  27.511742     8.0028     8.0971     1.0179    90.3137 5.9573e+01  -66.89120  -68.92426 333.432722      99.98 5.4649e+02   2601.208      62430         20  0.000e+00
     16.343     16.180    -0.8073  27.513463    -0.8081  27.511798     8.0013     8.0961     1.0179    90.3137 5.9573e+01  -66.89120  -68.92426 333.432723      99.98 5.4649e+02   2601.250      62431         20  0.000e+00
     16.412     16.248    -0.8073  27.513749    -0.8079  27.511854     8.0013     8.0950     1.0179    90.3137 5.9573e+01  -66.89120  -68.92426 333.432723      99.98 5.4649e+02   2601.292      62432         20  0.000e+00
     16.343     16.180    -0.8074  27.513635    -0.8078  27.511798     8.0012     8.0947     1.0179    90.3137 5.9573e+01  -66.89120  -68.92426 333.432724      99.93 5.4649e+02   2601.333      62433         20  0.000e+00
     16.343     16.180    -0.8073  27.513577    -0.8079  27.511407     8.0012     8.0945     1.0179    90.3137 5.9743e+01  -66.89120  -68.92426 333.432724      99.98 5.4649e+02   2601.375      62434         20  0.000e+00
     16.364     16.201    -0.8074  27.513348    -0.8080  27.511686     7.9953     8.0942     1.0179    90.3137 5.9743e+01  -66.89120  -68.92426 333.432725      99.98 5.4649e+02   2601.417      62435         20  0.000e+00
     16.343     16.181    -0.8073  27.513291    -0.8081  27.511798     7.9939     8.0940     1.0179    90.3137 5.9743e+01  -66.89120  -68.92426 333.432725      99.98 5.4649e+02   2601.458      62436         20  0.000e+00
     16.364     16.201    -0.8073  27.513463    -0.8081  27.511407     7.9984     8.0929     1.0179    90.3137 5.9743e+01  -66.89120  -68.92426 333.432726      99.95 5.4473e+02   2601.500      62437         20  0.000e+00
     16.343     16.181    -0.8073  27.513577    -0.8082  27.511854     7.9985     8.0925     1.0179    90.3137 5.9913e+01  -66.89120  -68.92426 333.432726      99.93 5.4649e+02   2601.542      62438         20  0.000e+00
     16.364     16.201    -0.8075  27.513348    -0.8081  27.511631     7.9927     8.0978     1.0179    90.2879 5.9913e+01  -66.89120  -68.92426 333.432727      99.98 5.4473e+02   2601.583      62439         20  0.000e+00
     16.296     16.133    -0.8074  27.513463    -0.8080  27.511742     7.9883     8.0982     1.0179    90.2879 5.9913e+01  -66.89120  -68.92426 333.432727      99.98 5.4473e+02   2601.625      62440         20  0.000e+00
     16.364     16.201    -0.8073  27.513348    -0.8081  27.512022     7.9947     8.0933     1.0179    90.2879 6.0083e+01  -66.89120  -68.92426 333.432728      99.98 5.4473e+02   2601.667      62441         20  0.000e+00
     16.344     16.181    -0.8076  27.513635    -0.8081  27.511630     7.9939     8.0929     1.0179    90.2622 6.0083e+01  -66.89120  -68.92426 333.432728      99.98 5.4473e+02   2601.708      62442         20  0.000e+00
     16.296     16.133    -0.8076  27.513405    -0.8077  27.511518     7.9931     8.0980     1.0179    90.2879 6.0083e+01  -66.89120  -68.92426 333.432729      99.98 5.4473e+02   2601.750      62443         20  0.000e+00
     16.316     16.154    -0.8074  27.513291    -0.8078  27.511910     7.9968     8.0929     1.0179    90.2879 6.0255e+01  -66.89120  -68.92426 333.432729      99.98 5.4473e+02   2601.792      62444         20  0.000e+00
     16.296     16.133    -0.8074  27.513463    -0.8077  27.512022     7.9959     8.0934     1.0179    90.2879 6.0255e+01  -66.89120  -68.92426 333.432730      99.95 5.4473e+02   2601.833      62445         20  0.000e+00
     16.316     16.154    -0.8076  27.513176    -0.8077  27.512022     7.9891     8.0930     1.0179    90.3137 6.0426e+01  -66.89120  -68.92426 333.432730      99.95 5.4473e+02   2601.875      62446         20  0.000e+00
     16.296     16.133    -0.8076  27.513234    -0.8077  27.512078     7.9897     8.0926     1.0179    90.2879 6.0426e+01  -66.89120  -68.92426 333.432731      99.98 5.4473e+02   2601.917      62447         20  0.000e+00
     16.262     16.099    -0.8075  27.513291    -0.8075  27.512245     7.9889     8.0922     1.0179    90.2879 6.0598e+01  -66.89120  -68.92426 333.432731      99.98 5.4473e+02   2601.958      62448         20  0.000e+00
     16.296     16.133    -0.8076  27.513463    -0.8073  27.512134     7.9868     8.0927     1.0326    90.2879 6.0771e+01  -66.89120  -68.92426 333.432731      99.95 5.4473e+02   2602.000      62449         20  0.000e+00
     16.262     16.099    -0.8074  27.513348    -0.8077  27.512078     7.9846     8.0934     1.0545    90.2879 6.0771e+01  -66.89120  -68.92426 333.432732      99.95 5.4473e+02   2602.042      62450         20  0.000e+00
     16.248     16.086    -0.8074  27.513291    -0.8075  27.512022     7.9854     8.0939     1.0619    90.2879 6.0771e+01  -66.89120  -68.92426 333.432732      99.98 5.4473e+02   2602.083      62451         20  0.000e+00
     16.248     16.086    -0.8075  27.513634    -0.8076  27.512245     7.9964     8.0937     1.0619    90.2879 6.0944e+01  -66.89120  -68.92426 333.432733      99.98 5.4473e+02   2602.125      62452         20  0.000e+00
     16.214     16.052    -0.8074  27.513233    -0.8075  27.512077     8.0046     8.0934     1.0619    90.2879 6.1117e+01  -66.89120  -68.92426 333.432733      99.98 5.4473e+02   2602.167      62453         20  0.000e+00
      6.649      6.582    -0.7958  27.513608    -0.8037  27.508864     8.0159     8.1024     0.6443    90.1849 1.6004e+02  -66.89118  -68.92432 333.433139      99.98 5.5002e+02   2637.250      63295         21  0.000e+00
      6.649      6.582    -0.7958  27.513894    -0.8011  27.510374     8.0134     8.1013     0.6443    90.1849 1.6094e+02  -66.89118  -68.92432 333.433140      99.98 5.5002e+02   2637.292      63296         21  0.000e+00
      6.690      6.623    -0.7955  27.514066    -0.7997  27.510933     8.0123     8.1005     0.6443    90.1849 1.6140e+02  -66.89118  -68.92432 333.433140      99.95 5.5002e+02   2637.333      63297         21  0.000e+00
      6.594      6.528    -0.7955  27.514066    -0.7982  27.511157     8.0111     8.1059     0.6443    90.1849 1.6231e+02  -66.89118  -68.92432 333.433141      99.98 5.5002e+02   2637.375      63298         21  0.000e+00
      6.594      6.528    -0.7953  27.514066    -0.7976  27.512051     8.0100     8.1005     0.6443    90.1849 1.6277e+02  -66.89118  -68.92432 333.433141      99.98 5.5002e+02   2637.417      63299         21  0.000e+00
      6.635      6.569    -0.7952  27.514066    -0.7967  27.512834     8.0031     8.0996     0.6443    90.1849 1.6369e+02  -66.89118  -68.92432 333.433142      99.98 5.5002e+02   2637.458      63300         21  0.000e+00
      6.594      6.528    -0.7953  27.514238    -0.7961  27.513058     8.0124     8.0987     0.6443    90.1849 1.6415e+02  -66.89118  -68.92432 333.433142      99.95 5.5002e+02   2637.500      63301         21  0.000e+00
      6.594      6.528    -0.7952  27.514295    -0.7955  27.513449     8.0068     8.0979     0.6443    90.1849 1.6508e+02  -66.89118  -68.92432 333.433143      99.95 5.5002e+02   2637.542      63302         21  0.000e+00
      6.587      6.522    -0.7946  27.514696    -0.7951  27.513785     8.0055     8.1025     0.6443    90.1849 1.6602e+02  -66.89118  -68.92432 333.433143      99.98 5.5002e+02   2637.583      63303         21  0.000e+00
      6.594      6.528    -0.7944  27.515039    -0.7947  27.513841     8.0044     8.0979     0.6443    90.1849 1.6649e+02  -66.89118  -68.92432 333.433144      99.98 5.5002e+02   2637.625      63304         21  0.000e+00
      6.594      6.528    -0.7944  27.515097    -0.7948  27.514064     8.0106     8.0970     0.6443    90.1849 1.6743e+02  -66.89118  -68.92432 333.433144      99.98 5.5002e+02   2637.667      63305         21  0.000e+00
      6.587      6.522    -0.7944  27.515097    -0.7944  27.514288     8.0109     8.0970     0.6443    90.1849 1.6790e+02  -66.89118  -68.92432 333.433145      99.98 5.5002e+02   2637.708      63306         21  0.000e+00
      6.546      6.481    -0.7942  27.514925    -0.7942  27.513785     8.0051     8.1025     0.6443    90.1849 1.6838e+02  -66.89118  -68.92432 333.433145      99.98 5.5002e+02   2637.750      63307         21  0.000e+00
      6.546      6.481    -0.7943  27.515039    -0.7943  27.513785     8.0054     8.1034     0.6443    90.1334 1.6885e+02  -66.89118  -68.92434 333.433146      99.98 5.4826e+02   2637.792      63308         21  0.000e+00
      6.587      6.522    -0.7943  27.515268    -0.7944  27.513841     8.0103     8.0987     0.6443    90.0819 1.6933e+02  -66.89118  -68.92434 333.433146      99.95 5.4826e+02   2637.833      63309         21  0.000e+00
      6.546      6.481    -0.7940  27.515154    -0.7946  27.513673     8.0104     8.1033     0.6443    90.0819 1.6981e+02  -66.89118  -68.92434 333.433147      99.95 5.4826e+02   2637.875      63310         21  0.000e+00
      6.546      6.481    -0.7940  27.515268    -0.7944  27.513952     8.0047     8.0985     0.6443    90.0562 1.6981e+02  -66.89118  -68.92434 333.433147      99.98 5.4826e+02   2637.917      63311         21  0.000e+00
      6.533      6.468    -0.7940  27.515383    -0.7946  27.513673     8.0049     8.0984     0.6443    90.0819 1.7029e+02  -66.89118  -68.92434 333.433148      99.98 5.4826e+02   2637.958      63312         21  0.000e+00
      6.498      6.434    -0.7940  27.515383    -0.7947  27.513561     8.0110     8.1038     0.6443    90.0819 1.6981e+02  -66.89118  -68.92434 333.433148      99.95 5.4826e+02   2638.000      63313         21  0.000e+00
      6.546      6.481    -0.7941  27.515154    -0.7947  27.513617     8.0113     8.1046     0.6443    90.0819 1.7029e+02  -66.89118  -68.92434 333.433149      99.95 5.4826e+02   2638.042      63314         21  0.000e+00
      6.485      6.420    -0.7941  27.515268    -0.7950  27.513784     8.0056     8.0998     0.6443    90.0819 1.7029e+02  -66.89118  -68.92434 333.433149      99.98 5.4826e+02   2638.083      63315         21  0.000e+00
      6.498      6.434    -0.7943  27.515383    -0.7950  27.513673     8.0190     8.1051     0.6443    90.0819 1.7029e+02  -66.89118  -68.92434 333.433150      99.98 5.4826e+02   2638.125      63316         21  0.000e+00
      6.444      6.380    -0.7939  27.514982    -0.7950  27.513225     8.0218     8.1003     0.6516    90.0819 1.7029e+02  -66.89118  -68.92434 333.433150      99.98 5.4826e+02   2638.167      63317         21  0.000e+00
      6.498      6.434    -0.7935  27.514867    -0.7955  27.513281     8.0175     8.1048     0.7322    90.0819 1.7029e+02  -66.89118  -68.92434 333.433151      99.98 5.4826e+02   2638.208      63318         21  0.000e+00
      6.485      6.420    -0.7938  27.515039    -0.7955  27.513169     8.0131     8.1045     0.7615    90.0819 1.7029e+02  -66.89118  -68.92434 333.433151      99.98 5.4826e+02   2638.250      63319         21  0.000e+00
      6.444      6.380    -0.7935  27.515096    -0.7958  27.512890     8.0190     8.0995     0.7615    90.0819 1.7029e+02  -66.89118  -68.92434 333.433152      99.98 5.4826e+02   2638.292      63320         21  0.000e+00
      6.396      6.332    -0.7932  27.515096    -0.7956  27.512778     8.0205     8.0990     0.7615    90.0819 1.7029e+02  -66.89118  -68.92434 333.433152      99.95 5.4826e+02   2638.333      63321         21  0.000e+00
      6.437      6.373    -0.7929  27.515268    -0.7955  27.513001     8.0161     8.0987     0.7615    90.0819 1.7077e+02  -66.89118  -68.92434 333.433152      99.98 5.4826e+02   2638.375      63322         21  0.000e+00
      6.396      6.332    -0.7928  27.515898    -0.7956  27.512889     8.0104     8.1038     0.7615    90.0819 1.7077e+02  -66.89118  -68.92434 333.433153      99.98 5.4826e+02   2638.417      63323         21  0.000e+00
      6.396      6.332    -0.7921  27.516299    -0.7956  27.513001     8.0151     8.1043     0.7615    90.0819 1.7077e+02  -66.89118  -68.92434 333.433153      99.98 5.4826e+02   2638.458      63324         21  0.000e+00
      6.382      6.319    -0.7921  27.516757    -0.7959  27.512889     8.0168     8.1048     0.7615    90.0819 1.7125e+02  -66.89118  -68.92434 333.433154      99.95 5.4826e+02   2638.500      63325         21  0.000e+00
      6.341      6.278    -0.7919  27.516928    -0.7962  27.512442     8.0172     8.1052     0.7615    90.0819 1.7125e+02  -66.89118  -68.92434 333.433154      99.93 5.4826e+02   2638.542      63326         21  0.000e+00
      6.396      6.332    -0.7918  27.517272    -0.7967  27.512274     8.0193     8.1058     0.7615    90.0562 1.7125e+02  -66.89118  -68.92434 333.433155      99.95 5.4826e+02   2638.583      63327         21  0.000e+00
      6.334      6.271    -0.7919  27.517043    -0.7974  27.511939     8.0199     8.1062     0.7615    90.0562 1.7174e+02  -66.89118  -68.92434 333.433155      99.98 5.4826e+02   2638.625      63328         21  0.000e+00
      6.293      6.231    -0.7916  27.516928    -0.7974  27.511547     8.0191     8.1065     0.7615    90.0304 1.7174e+02  -66.89118  -68.92434 333.433156      99.98 5.4826e+02   2638.667      63329         21  0.000e+00
      6.341      6.278    -0.7919  27.516928    -0.7973  27.511715     8.0171     8.1067     0.7615    90.0304 1.7174e+02  -66.89118  -68.92434 333.433156      99.98 5.4826e+02   2638.708      63330         21  0.000e+00
      6.232      6.170    -0.7918  27.516527    -0.7973  27.511379     8.0163     8.1069     0.7542    90.0304 1.7222e+02  -66.89118  -68.92434 333.433157      99.98 5.4826e+02   2638.750      63331         21  0.000e+00
      6.293      6.231    -0.7921  27.516413    -0.7984  27.511212     8.0215     8.1073     0.7542    90.0304 1.7222e+02  -66.89118  -68.92434 333.433157      99.98 5.4826e+02   2638.792      63332         21  0.000e+00
      6.246      6.183    -0.7922  27.516584    -0.7984  27.511435     8.0221     8.1074     0.7615    90.0304 1.7222e+02  -66.89118  -68.92434 333.433158      99.93 5.4826e+02   2638.833      63333         21  0.000e+00
      6.232      6.170    -0.7925  27.516241    -0.7982  27.511323     8.0212     8.1075     0.7615    90.0562 1.7222e+02  -66.89118  -68.92434 333.433158      99.98 5.4826e+02   2638.875      63334         21  0.000e+00
      6.246      6.183    -0.7926  27.515955    -0.7974  27.512218     8.0275     8.1073     0.7615    90.0304 1.7222e+02  -66.89118  -68.92434 333.433159      99.98 5.4826e+02   2638.917      63335         21  0.000e+00
      6.143      6.082    -0.7926  27.515897    -0.7962  27.512721     8.0173     8.1015     0.7615    90.0304 1.7222e+02  -66.89118  -68.92434 333.433159      99.98 5.4826e+02   2638.958      63336         21  0.000e+00
      6.232      6.170    -0.7927  27.516241    -0.7961  27.512609     8.0105     8.1062     0.7615    90.0304 1.7271e+02  -66.89118  -68.92434 333.433160      99.95 5.4826e+02   2639.000      63337         22  0.000e+00
