NBP2113_155081_ctd/data/nbp2113_049.cnv
* Sea-Bird SBE 9 Data File:
* FileName = D:\Data\raw\NBP2113_049.hex
* Software Version Seasave V 7.26.7.121
* Temperature SN = 2438
* Conductivity SN = 2067
* Number of Bytes Per Scan = 40
* Number of Voltage Words = 5
* Number of Scans Averaged by the Deck Unit = 1
* NMEA Latitude = 64 50.72 S
* NMEA Longitude = 064 06.15 W
* NMEA UTC (Time) = Dec 11 2021  08:50:11
* NMEA baud rate = 9600
** Ship: RVIB N.B. Palmer
** Cruise: NBP2113 LTER
** Station: 617.036
** Operator: B. Urmston
# nquan = 25
# nvalues = 1261                        
# units = specified
# name 0 = prDM: Pressure, Digiquartz [db]
# name 1 = depSM: Depth [salt water, m]
# name 2 = t090C: Temperature [ITS-90, deg C]
# name 3 = c0mS/cm: Conductivity [mS/cm]
# name 4 = t190C: Temperature, 2 [ITS-90, deg C]
# name 5 = c1mS/cm: Conductivity, 2 [mS/cm]
# name 6 = sbeox0ML/L: Oxygen, SBE 43 [ml/l]
# name 7 = sbeox1ML/L: Oxygen, SBE 43, 2 [ml/l]
# name 8 = flECO-AFL: Fluorescence, WET Labs ECO-AFL/FL [mg/m^3]
# name 9 = CStarTr0: Beam Transmission, WET Labs C-Star [%]
# name 10 = par: PAR/Irradiance, Biospherical/Licor
# name 11 = latitude: Latitude [deg]
# name 12 = longitude: Longitude [deg]
# name 13 = timeJ: Julian Days
# name 14 = altM: Altimeter [m]
# name 15 = spar: SPAR, Biospherical/Licor
# name 16 = timeS: Time, Elapsed [seconds]
# name 17 = scan: Scan Count
# name 18 = density00: Density [density, kg/m^3]
# name 19 = density11: Density, 2 [density, kg/m^3]
# name 20 = sal00: Salinity, Practical [PSU]
# name 21 = sal11: Salinity, Practical, 2 [PSU]
# name 22 = oxsolML/L: Oxygen Saturation, Garcia & Gordon [ml/l]
# name 23 = nbin: number of scans per bin
# name 24 = flag: flag
# span 0 =      1.000,    633.000       
# span 1 =      0.991,    625.849       
# span 2 =    -0.2465,     1.4170       
# span 3 =  28.059718,  30.279825       
# span 4 =    -0.2471,     1.4158       
# span 5 =  28.057637,  30.277188       
# span 6 =     4.1453,     9.7507       
# span 7 =     4.2004,     9.5724       
# span 8 =    -0.0227,     1.4585       
# span 9 =    86.6742,    91.3490       
# span 10 = -1.261e-06, 1.1447e+02      
# span 11 =  -64.84556,  -64.84484      
# span 12 =  -64.10277,  -64.10142      
# span 13 = 345.371415, 345.396484      
# span 14 =       8.24,     101.20      
# span 15 = 4.9361e+01, 8.6202e+01      
# span 16 =    279.222,   2445.228      
# span 17 =       6702,      58686      
# span 18 =  1027.2166,  1030.7179      
# span 19 =  1027.2154,  1030.7166      
# span 20 =    33.8886,    34.6669      
# span 21 =    33.8868,    34.6655      
# span 22 =    7.74127,    8.12092      
# span 23 =         14,         49      
# span 24 = 0.0000e+00, 0.0000e+00      
# interval = decibars: 1                
# start_time = Dec 11 2021 08:50:11 [NMEA time, header]
# bad_flag = -9.990e-29
*END*
[from data line 696]
    565.000    558.704     1.4048  30.248458     1.4048  30.247283     4.1615     4.2181    -0.0091    91.2409 1.0000e-12  -64.84527  -64.10210 345.383803      74.53 7.3647e+01   1349.542      32390  1030.4015  1030.4003    34.6638    34.6624    7.74383         24 0.0000e+00
    564.000    557.716     1.4047  30.247891     1.4046  30.246729     4.1647     4.2181    -0.0087    91.2529 1.0000e-12  -64.84526  -64.10209 345.383819      75.57 7.4042e+01   1350.953      32424  1030.3968  1030.3957    34.6638    34.6624    7.74385         38 0.0000e+00
    563.000    556.730     1.4043  30.247175     1.4042  30.245874     4.1581     4.2248    -0.0112    91.2604 1.0000e-12  -64.84526  -64.10209 345.383840      76.67 7.4041e+01   1352.809      32468  1030.3922  1030.3910    34.6638    34.6623    7.74392         34 0.0000e+00
    562.000    555.743     1.4042  30.246633     1.4042  30.245417     4.1632     4.2213    -0.0003    91.2635 1.0000e-12  -64.84526  -64.10210 345.383855      77.68 7.4041e+01   1354.112      32500  1030.3875  1030.3864    34.6638    34.6623    7.74394         28 0.0000e+00
    561.000    554.755     1.4046  30.246521     1.4045  30.245301     4.1639     4.2221    -0.0026    91.2664 1.0000e-12  -64.84526  -64.10208 345.383868      78.62 7.4041e+01   1355.217      32526  1030.3829  1030.3818    34.6639    34.6624    7.74387         26 0.0000e+00
    560.000    553.768     1.4058  30.247385     1.4057  30.246143     4.1572     4.2180    -0.0059    91.2664 1.0000e-12  -64.84526  -64.10208 345.383882      80.13 7.4041e+01   1356.444      32556  1030.3783  1030.3772    34.6641    34.6627    7.74361         33 0.0000e+00
    559.000    552.780     1.4070  30.248338     1.4067  30.246877     4.1556     4.2196    -0.0064    91.2664 1.0000e-12  -64.84526  -64.10208 345.383899      80.86 7.4041e+01   1357.876      32590  1030.3739  1030.3727    34.6646    34.6631    7.74335         34 0.0000e+00
    558.000    551.794     1.4068  30.247576     1.4065  30.246171     4.1533     4.2148    -0.0124    91.2742 1.0000e-12  -64.84526  -64.10208 345.383914      81.51 7.4041e+01   1359.148      32621  1030.3692  1030.3680    34.6645    34.6630    7.74340         27 0.0000e+00
    557.000    550.803     1.4076  30.248219     1.4075  30.246835     4.1562     4.2199    -0.0064    91.2821 1.0000e-12  -64.84526  -64.10208 345.383927      82.64 7.4041e+01   1360.275      32648  1030.3647  1030.3635    34.6649    34.6634    7.74321         28 0.0000e+00
    556.000    549.817     1.4069  30.246960     1.4067  30.245433     4.1498     4.2174    -0.0059    91.2848 1.0000e-12  -64.84526  -64.10208 345.383940      83.61 7.4041e+01   1361.433      32675  1030.3601  1030.3587    34.6647    34.6630    7.74337         28 0.0000e+00
    555.000    548.830     1.4071  30.246676     1.4078  30.246243     4.1491     4.2170    -0.0060    91.2710 1.0000e-12  -64.84526  -64.10208 345.383954      84.69 7.4041e+01   1362.589      32703  1030.3553  1030.3542    34.6647    34.6634    7.74333         26 0.0000e+00
    554.000    547.843     1.4084  30.247636     1.4083  30.246347     4.1547     4.2150    -0.0055    91.2879 1.0000e-12  -64.84526  -64.10207 345.383965      85.68 7.4041e+01   1363.595      32727  1030.3508  1030.3495    34.6650    34.6635    7.74306         23 0.0000e+00
    553.000    546.854     1.4084  30.247246     1.4083  30.245924     4.1573     4.2164    -0.0060    91.2910 1.0000e-12  -64.84526  -64.10206 345.383976      86.63 7.4041e+01   1364.498      32749  1030.3462  1030.3450    34.6651    34.6636    7.74305         21 0.0000e+00
    552.000    545.866     1.4084  30.246789     1.4082  30.245443     4.1598     4.2179    -0.0139    91.2869 1.0000e-12  -64.84526  -64.10206 345.383986      87.53 7.4041e+01   1365.418      32771  1030.3416  1030.3403    34.6651    34.6636    7.74306         24 0.0000e+00
    551.000    544.880     1.4085  30.246437     1.4083  30.245138     4.1571     4.2149    -0.0145    91.2848 1.0000e-12  -64.84525  -64.10206 345.383999      89.27 7.4672e+01   1366.532      32798  1030.3369  1030.3357    34.6651    34.6637    7.74303         31 0.0000e+00
    550.000    543.892     1.4079  30.245400     1.4078  30.244092     4.1504     4.2177    -0.0106    91.2612 1.0000e-12  -64.84524  -64.10206 345.384016      89.90 7.5793e+01   1368.013      32833  1030.3321  1030.3309    34.6650    34.6635    7.74315         33 0.0000e+00
    549.000    542.904     1.4086  30.245704     1.4083  30.244169     4.1535     4.2197    -0.0112    91.2589 1.0000e-12  -64.84524  -64.10204 345.384033      91.69 7.5804e+01   1369.444      32868  1030.3276  1030.3263    34.6652    34.6636    7.74301         31 0.0000e+00
    548.000    541.915     1.4090  30.245691     1.4089  30.244355     4.1613     4.2181    -0.0075    91.2425 1.0000e-12  -64.84524  -64.10204 345.384047      91.98 7.5804e+01   1370.684      32897  1030.3230  1030.3217    34.6653    34.6638    7.74293         30 0.0000e+00
    547.000    540.930     1.4095  30.245765     1.4090  30.244161     4.1602     4.2155    -0.0128    91.2694 1.0000e-12  -64.84524  -64.10204 345.384062      93.70 7.5804e+01   1371.943      32928  1030.3184  1030.3172    34.6655    34.6639    7.74282         31 0.0000e+00
    546.000    539.941     1.4096  30.245557     1.4090  30.243760     4.1471     4.2145    -0.0067    91.2853 1.0000e-12  -64.84524  -64.10204 345.384077      94.54 7.5804e+01   1373.228      32958  1030.3138  1030.3126    34.6656    34.6640    7.74279         30 0.0000e+00
    545.000    538.954     1.4095  30.244940     1.4086  30.242891     4.1550     4.2179    -0.0052    91.2771 1.0000e-12  -64.84524  -64.10204 345.384091      95.02 7.5804e+01   1374.448      32988  1030.3091  1030.3079    34.6655    34.6639    7.74282         29 0.0000e+00
    544.000    537.967     1.4084  30.243452     1.4074  30.241240     4.1565     4.2198    -0.0085    91.2731 1.0000e-12  -64.84524  -64.10204 345.384104      97.50 7.5804e+01   1375.628      33016  1030.3044  1030.3031    34.6654    34.6637    7.74304         27 0.0000e+00
    543.000    536.978     1.4075  30.241951     1.4071  30.240417     4.1539     4.2152    -0.0137    91.2774 1.0000e-12  -64.84524  -64.10204 345.384117      97.23 7.5804e+01   1376.748      33043  1030.2995  1030.2983    34.6650    34.6635    7.74323         26 0.0000e+00
    542.000    535.991     1.4076  30.241633     1.4072  30.240091     4.1584     4.2128    -0.0118    91.2866 1.0000e-12  -64.84524  -64.10204 345.384129      97.76 7.5804e+01   1377.746      33067  1030.2949  1030.2937    34.6651    34.6636    7.74321         23 0.0000e+00
    541.000    535.004     1.4073  30.240788     1.4070  30.239291     4.1534     4.2151    -0.0060    91.2788 1.0000e-12  -64.84524  -64.10203 345.384140      98.73 7.5804e+01   1378.659      33089  1030.2902  1030.2889    34.6649    34.6633    7.74328         21 0.0000e+00
    540.000    534.015     1.4076  30.240691     1.4074  30.239340     4.1567     4.2138     0.0020    91.2757 1.0000e-12  -64.84524  -64.10202 345.384151      99.68 7.5804e+01   1379.663      33113  1030.2856  1030.2844    34.6651    34.6636    7.74322         28 0.0000e+00
    539.000    533.029     1.4077  30.240285     1.4073  30.238834     4.1556     4.2147    -0.0085    91.2855 1.0000e-12  -64.84523  -64.10202 345.384172      99.91 7.5804e+01   1381.426      33155  1030.2808  1030.2796    34.6650    34.6635    7.74320         33 0.0000e+00
    538.000    532.040     1.4075  30.239771     1.4072  30.238289     4.1546     4.2199    -0.0092    91.2615 1.0000e-12  -64.84522  -64.10202 345.384207      99.97 7.5804e+01   1384.449      33228  1030.2763  1030.2750    34.6651    34.6635    7.74324         38 0.0000e+00
    537.000    531.054     1.4074  30.239174     1.4071  30.237722     4.1555     4.2168    -0.0084    91.2773 1.0000e-12  -64.84522  -64.10202 345.384224      99.97 7.5804e+01   1385.925      33263  1030.2716  1030.2703    34.6651    34.6635    7.74326         31 0.0000e+00
    536.000    530.064     1.4075  30.238905     1.4072  30.237544     4.1582     4.2167    -0.0118    91.2649 1.0000e-12  -64.84522  -64.10202 345.384238      99.97 7.5804e+01   1387.165      33293  1030.2669  1030.2658    34.6651    34.6637    7.74323         30 0.0000e+00
    535.000    529.078     1.4067  30.237541     1.4064  30.236206     4.1565     4.2179    -0.0067    91.2791 1.0000e-12  -64.84522  -64.10201 345.384255      99.97 7.6191e+01   1388.590      33327  1030.2622  1030.2610    34.6649    34.6635    7.74341         35 0.0000e+00
    534.000    528.090     1.4067  30.237080     1.4063  30.235538     4.1564     4.2168    -0.0067    91.2793 1.0000e-12  -64.84522  -64.10200 345.384275      99.97 7.7299e+01   1390.379      33370  1030.2574  1030.2562    34.6648    34.6633    7.74340         36 0.0000e+00
    533.000    527.103     1.4067  30.236698     1.4066  30.235388     4.1565     4.2157    -0.0115    91.2976 1.0000e-12  -64.84521  -64.10200 345.384294      99.97 7.7161e+01   1392.027      33410  1030.2528  1030.2516    34.6649    34.6634    7.74340         35 0.0000e+00
    532.000    526.115     1.4068  30.236398     1.4066  30.235097     4.1538     4.2198    -0.0067    91.2940 1.0000e-12  -64.84520  -64.10198 345.384309      99.97 7.7263e+01   1393.331      33441  1030.2482  1030.2470    34.6650    34.6635    7.74337         29 0.0000e+00
    531.000    525.126     1.4059  30.234991     1.4055  30.233432     4.1656     4.2211    -0.0106    91.2969 1.0000e-12  -64.84520  -64.10198 345.384325      99.97 7.7353e+01   1394.636      33472  1030.2434  1030.2422    34.6648    34.6632    7.74357         33 0.0000e+00
    530.000    524.138     1.4062  30.234774     1.4059  30.233367     4.1583     4.2186    -0.0148    91.2928 1.0000e-12  -64.84520  -64.10198 345.384350      99.97 7.6712e+01   1396.810      33524  1030.2387  1030.2376    34.6648    34.6633    7.74351         36 0.0000e+00
    529.000    523.153     1.4062  30.234417     1.4061  30.233105     4.1505     4.2177    -0.0082    91.2753 1.0000e-12  -64.84520  -64.10198 345.384381      99.97 7.5808e+01   1399.557      33590  1030.2341  1030.2329    34.6648    34.6633    7.74350         32 0.0000e+00
    528.000    522.165     1.4055  30.233262     1.4048  30.231514     4.1535     4.2189    -0.0129    91.2587 1.0000e-12  -64.84520  -64.10198 345.384396      99.97 7.5804e+01   1400.782      33620  1030.2294  1030.2283    34.6647    34.6632    7.74364         24 0.0000e+00
    527.000    521.175     1.4047  30.232012     1.4044  30.230610     4.1572     4.2248    -0.0065    91.2810 1.0000e-12  -64.84520  -64.10198 345.384407      99.97 7.5804e+01   1401.798      33644  1030.2247  1030.2235    34.6646    34.6631    7.74381         25 0.0000e+00
    526.000    520.188     1.4050  30.231787     1.4047  30.230417     4.1553     4.2214    -0.0111    91.2164 1.0000e-12  -64.84520  -64.10197 345.384421      99.97 7.5804e+01   1403.001      33673  1030.2200  1030.2188    34.6645    34.6631    7.74376         35 0.0000e+00
    525.000    519.200     1.4050  30.231396     1.4048  30.229986     4.1608     4.2212    -0.0031    91.2604 1.0000e-12  -64.84520  -64.10196 345.384444      99.97 7.5804e+01   1405.001      33721  1030.2153  1030.2141    34.6646    34.6631    7.74374         35 0.0000e+00
    524.000    518.214     1.4046  30.230720     1.4046  30.229418     4.1582     4.2198    -0.0094    91.2718 1.0000e-12  -64.84520  -64.10196 345.384472      99.97 7.5804e+01   1407.337      33777  1030.2107  1030.2095    34.6647    34.6631    7.74381         33 0.0000e+00
    523.000    517.226     1.4049  30.230407     1.4047  30.229012     4.1591     4.2203    -0.0110    91.2757 1.0000e-12  -64.84519  -64.10196 345.384491      99.97 7.5804e+01   1409.055      33818  1030.2060  1030.2048    34.6646    34.6631    7.74377         34 0.0000e+00
    522.000    516.237     1.4049  30.229948     1.4050  30.228970     4.1595     4.2185    -0.0148    91.2739 1.0000e-12  -64.84518  -64.10196 345.384506      99.97 7.5804e+01   1410.344      33849  1030.2013  1030.2002    34.6646    34.6632    7.74377         31 0.0000e+00
    521.000    515.251     1.4041  30.228795     1.4034  30.226894     4.1650     4.2192    -0.0141    91.2839 1.0000e-12  -64.84518  -64.10195 345.384522      99.97 7.5804e+01   1411.698      33882  1030.1966  1030.1955    34.6645    34.6629    7.74393         32 0.0000e+00
    520.000    514.261     1.4043  30.228497     1.4042  30.227226     4.1637     4.2197    -0.0089    91.2918 1.0000e-12  -64.84518  -64.10196 345.384545      99.97 7.5804e+01   1413.728      33930  1030.1919  1030.1908    34.6645    34.6630    7.74389         35 0.0000e+00
    519.000    513.274     1.4031  30.226745     1.4027  30.225240     4.1608     4.2234    -0.0148    91.2938 1.0000e-12  -64.84518  -64.10194 345.384565      99.97 7.5804e+01   1415.455      33972  1030.1871  1030.1860    34.6642    34.6627    7.74414         32 0.0000e+00
    518.000    512.286     1.4022  30.225238     1.4017  30.223709     4.1659     4.2229    -0.0089    91.2951 1.0000e-12  -64.84518  -64.10194 345.384579      99.97 7.5804e+01   1416.634      34000  1030.1823  1030.1812    34.6639    34.6624    7.74435         26 0.0000e+00
    517.000    511.299     1.4019  30.224624     1.4015  30.222933     4.1658     4.2200    -0.0070    91.2727 1.0000e-12  -64.84518  -64.10193 345.384594      99.97 7.5804e+01   1417.891      34030  1030.1777  1030.1764    34.6639    34.6622    7.74439         32 0.0000e+00
    516.000    510.310     1.4021  30.224256     1.4014  30.222518     4.1627     4.2239    -0.0062    91.2525 1.0000e-12  -64.84516  -64.10192 345.384630      99.97 7.5804e+01   1420.994      34105  1030.1729  1030.1719    34.6638    34.6624    7.74436         34 0.0000e+00
    515.000    509.326     1.4016  30.223309     1.4012  30.221713     4.1596     4.2287    -0.0069    91.2648 1.0000e-12  -64.84516  -64.10192 345.384651      99.97 7.5804e+01   1422.828      34149  1030.1682  1030.1670    34.6637    34.6622    7.74447         28 0.0000e+00
    514.000    508.335     1.4016  30.222993     1.4013  30.221606     4.1707     4.2207    -0.0029    91.2890 1.0000e-12  -64.84516  -64.10192 345.384664      99.97 7.5804e+01   1423.942      34176  1030.1637  1030.1625    34.6639    34.6625    7.74446         27 0.0000e+00
    513.000    507.348     1.4018  30.222761     1.4015  30.221360     4.1654     4.2230    -0.0070    91.2616 1.0000e-12  -64.84516  -64.10192 345.384678      99.97 7.5804e+01   1425.178      34205  1030.1590  1030.1578    34.6639    34.6625    7.74441         32 0.0000e+00
    512.000    506.358     1.4018  30.222191     1.4014  30.220804     4.1683     4.2260    -0.0122    91.2867 1.0000e-12  -64.84516  -64.10191 345.384706      99.97 7.5804e+01   1427.650      34265  1030.1543  1030.1531    34.6638    34.6624    7.74443         19 0.0000e+00
    511.000    505.372     1.4014  30.221472     1.4012  30.220106     4.1703     4.2239    -0.0100    91.2788 1.0000e-12  -64.84516  -64.10190 345.384745      99.97 7.7609e+01   1430.929      34343  1030.1496  1030.1484    34.6639    34.6623    7.74450         37 0.0000e+00
    510.000    504.385     1.4013  30.220985     1.4011  30.219588     4.1644     4.2237    -0.0121    91.2597 1.0000e-12  -64.84516  -64.10190 345.384774      99.96 7.7567e+01   1433.474      34404  1030.1450  1030.1438    34.6639    34.6624    7.74451         38 0.0000e+00
    509.000    503.394     1.4013  30.220537     1.4011  30.219218     4.1660     4.2228    -0.0033    91.2590 1.0000e-12  -64.84516  -64.10189 345.384808      99.97 7.7567e+01   1436.408      34475  1030.1403  1030.1391    34.6639    34.6624    7.74451         38 0.0000e+00
