NBP2113_155081_ctd/data/nbp2113_063.ros
* Sea-Bird SBE 9 Data File:
* FileName = D:\Data\raw\NBP2113_063.hex
* Software Version Seasave V 7.26.7.121
* Temperature SN = 2438
* Conductivity SN = 2067
* Number of Bytes Per Scan = 40
* Number of Voltage Words = 5
* Number of Scans Averaged by the Deck Unit = 1
* NMEA Latitude = 64 46.92 S
* NMEA Longitude = 063 01.99 W
* NMEA UTC (Time) = Dec 14 2021  04:14:20
* NMEA baud rate = 9600
** Ship: RVIB N.B. Palmer
** Cruise: NBP2113 LTER
** Station: 655.002
** Operator: B. Urmston
# nquan = 20
# nvalues = 579                                   
# units = specified
# name 0 = prDM: Pressure, Digiquartz [db]
# name 1 = depSM: Depth [salt water, m]
# name 2 = t090C: Temperature [ITS-90, deg C]
# name 3 = c0mS/cm: Conductivity [mS/cm]
# name 4 = t190C: Temperature, 2 [ITS-90, deg C]
# name 5 = c1mS/cm: Conductivity, 2 [mS/cm]
# name 6 = sbeox0ML/L: Oxygen, SBE 43 [ml/l]
# name 7 = sbeox1ML/L: Oxygen, SBE 43, 2 [ml/l]
# name 8 = flECO-AFL: Fluorescence, WET Labs ECO-AFL/FL [mg/m^3]
# name 9 = CStarTr0: Beam Transmission, WET Labs C-Star [%]
# name 10 = par: PAR/Irradiance, Biospherical/Licor
# name 11 = latitude: Latitude [deg]
# name 12 = longitude: Longitude [deg]
# name 13 = timeJ: Julian Days
# name 14 = altM: Altimeter [m]
# name 15 = spar: SPAR, Biospherical/Licor
# name 16 = timeS: Time, Elapsed [seconds]
# name 17 = scan: Scan Count
# name 18 = nbf: Bottles Fired
# name 19 = flag:  0.000e+00
# interval = seconds: 0.0416667
# start_time = Dec 14 2021 04:14:20 [NMEA time, header]
# bad_flag = -9.990e-29
*END*
[from data line 290]
    151.639    150.099     0.0327  28.748593     0.0316  28.745886     5.6007     5.6590     0.0289    90.0047 1.0000e-12  -64.78200  -63.03350 348.188767      80.93 0.0000e+00   1049.500      25189          6  0.000e+00
    151.694    150.154     0.0328  28.748186     0.0310  28.745886     5.5953     5.6582     0.0289    90.0047 1.0000e-12  -64.78200  -63.03350 348.188768      80.95 0.0000e+00   1049.542      25190          6  0.000e+00
    151.694    150.154     0.0331  28.748419     0.0301  28.745318     5.5871     5.6630     0.0289    90.0047 1.0000e-12  -64.78200  -63.03350 348.188768      80.93 0.0000e+00   1049.583      25191          6  0.000e+00
    151.652    150.113     0.0338  28.749001     0.0295  28.744806     5.5846     5.6695     0.0289    90.0047 1.0000e-12  -64.78200  -63.03350 348.188769      80.90 0.0000e+00   1049.625      25192          6  0.000e+00
    100.658     99.649     0.4742  29.096005     0.4860  29.106676     5.2923     5.3367     0.0655    90.0562 1.0000e-12  -64.78200  -63.03346 348.190019      94.55 0.0000e+00   1157.667      27785          7  0.000e+00
    100.637     99.628     0.4744  29.096765     0.4860  29.107418     5.2873     5.3368     0.0655    90.0562 1.0000e-12  -64.78200  -63.03346 348.190020      99.17 0.0000e+00   1157.708      27786          7  0.000e+00
    100.761     99.750     0.4751  29.096999     0.4867  29.107761     5.2881     5.3368     0.0655    90.0562 1.0000e-12  -64.78200  -63.03346 348.190020     100.00 0.0000e+00   1157.750      27787          7  0.000e+00
    100.685     99.676     0.4764  29.097584     0.4875  29.108846     5.2885     5.3420     0.0655    90.0562 1.0000e-12  -64.78200  -63.03346 348.190021     100.00 0.0000e+00   1157.792      27788          7  0.000e+00
    100.658     99.649     0.4791  29.098460     0.4882  29.108846     5.2944     5.3374     0.0655    90.0562 1.0000e-12  -64.78200  -63.03346 348.190021     100.00 0.0000e+00   1157.833      27789          7  0.000e+00
    100.637     99.628     0.4824  29.099746     0.4878  29.109303     5.2944     5.3375     0.0655    90.0562 1.0000e-12  -64.78200  -63.03346 348.190022      99.98 0.0000e+00   1157.875      27790          7  0.000e+00
    100.658     99.649     0.4860  29.101909     0.4877  29.109931     5.2942     5.3375     0.0655    90.0562 1.0000e-12  -64.78200  -63.03346 348.190022      99.95 0.0000e+00   1157.917      27791          7  0.000e+00
    100.685     99.676     0.4868  29.104131     0.4872  29.109075     5.2899     5.3377     0.0655    90.0562 1.0000e-12  -64.78200  -63.03346 348.190023      99.98 0.0000e+00   1157.958      27792          7  0.000e+00
    100.658     99.649     0.4863  29.106119     0.4878  29.108846     5.2956     5.3376     0.0655    90.0562 1.0000e-12  -64.78200  -63.03346 348.190023      99.98 0.0000e+00   1158.000      27793          7  0.000e+00
    100.685     99.676     0.4860  29.108165     0.4878  29.109589     5.2969     5.3376     0.0655    90.0819 1.0000e-12  -64.78200  -63.03346 348.190024      99.98 0.0000e+00   1158.042      27794          7  0.000e+00
    100.658     99.649     0.4854  29.108750     0.4892  29.110160     5.2982     5.3374     0.0655    90.0562 1.0000e-12  -64.78200  -63.03346 348.190024      99.95 0.0000e+00   1158.083      27795          7  0.000e+00
    100.685     99.676     0.4860  29.108750     0.4908  29.111016     5.2992     5.3373     0.0655    90.0562 1.0000e-12  -64.78200  -63.03346 348.190025      99.93 0.0000e+00   1158.125      27796          7  0.000e+00
    100.658     99.649     0.4868  29.109451     0.4914  29.112330     5.3057     5.3372     0.0655    90.0562 1.0000e-12  -64.78200  -63.03346 348.190025      99.95 0.0000e+00   1158.167      27797          7  0.000e+00
    100.685     99.676     0.4857  29.110095     0.4927  29.112844     5.3067     5.3370     0.0655    90.0562 1.0000e-12  -64.78200  -63.03346 348.190026      99.98 0.0000e+00   1158.208      27798          7  0.000e+00
    100.658     99.649     0.4863  29.110095     0.4945  29.113701     5.3015     5.3368     0.0655    90.0562 1.0000e-12  -64.78200  -63.03346 348.190026      99.98 0.0000e+00   1158.250      27799          7  0.000e+00
    100.658     99.649     0.4883  29.109276     0.4940  29.114272     5.3018     5.3368     0.0655    90.0562 1.0000e-12  -64.78200  -63.03346 348.190027      99.98 0.0000e+00   1158.292      27800          7  0.000e+00
    100.637     99.628     0.4901  29.109802     0.4941  29.114443     5.3019     5.3368     0.0655    90.0562 1.0000e-12  -64.78200  -63.03346 348.190027      99.98 0.0000e+00   1158.333      27801          7  0.000e+00
    100.658     99.649     0.4908  29.111322     0.4939  29.114500     5.3020     5.3369     0.0729    90.0562 1.0000e-12  -64.78200  -63.03346 348.190027      99.98 0.0000e+00   1158.375      27802          7  0.000e+00
    100.685     99.676     0.4912  29.112024     0.4932  29.114500     5.3008     5.3370     0.0729    90.0562 1.0000e-12  -64.78200  -63.03346 348.190028      99.95 0.0000e+00   1158.417      27803          7  0.000e+00
    100.658     99.649     0.4913  29.112258     0.4921  29.114500     5.3008     5.3372     0.0802    90.0562 1.0000e-12  -64.78200  -63.03346 348.190028      99.95 0.0000e+00   1158.458      27804          7  0.000e+00
    100.685     99.676     0.4915  29.113076     0.4915  29.114158     5.3062     5.3373     0.0802    90.0562 1.0000e-12  -64.78200  -63.03346 348.190029      99.98 0.0000e+00   1158.500      27805          7  0.000e+00
    100.658     99.649     0.4916  29.113252     0.4918  29.114272     5.3072     5.3426     0.0802    90.0562 1.0000e-12  -64.78200  -63.03346 348.190029      99.98 0.0000e+00   1158.542      27806          7  0.000e+00
    100.637     99.628     0.4920  29.113076     0.4924  29.113986     5.3067     5.3381     0.0802    90.0562 1.0000e-12  -64.78200  -63.03346 348.190030      99.98 0.0000e+00   1158.583      27807          7  0.000e+00
    100.658     99.649     0.4921  29.113369     0.4931  29.114272     5.3017     5.3433     0.0802    90.0562 1.0000e-12  -64.78200  -63.03346 348.190030      99.93 0.0000e+00   1158.625      27808          7  0.000e+00
    100.685     99.676     0.4908  29.112843     0.4932  29.114158     5.3068     5.3388     0.0802    90.0562 1.0000e-12  -64.78200  -63.03346 348.190031      99.95 0.0000e+00   1158.667      27809          7  0.000e+00
    100.658     99.649     0.4899  29.113369     0.4929  29.114786     5.3072     5.3387     0.0802    90.0819 1.0000e-12  -64.78200  -63.03346 348.190031      99.98 0.0000e+00   1158.708      27810          7  0.000e+00
    100.685     99.676     0.4890  29.112433     0.4923  29.114501     5.3132     5.3441     0.0802    90.0562 1.0000e-12  -64.78200  -63.03346 348.190032      99.98 0.0000e+00   1158.750      27811          7  0.000e+00
    100.658     99.649     0.4889  29.112258     0.4921  29.114729     5.3089     5.3395     0.0802    90.0562 1.0000e-12  -64.78200  -63.03346 348.190032      99.98 0.0000e+00   1158.792      27812          7  0.000e+00
    100.658     99.649     0.4888  29.111439     0.4929  29.114500     5.3101     5.3447     0.0802    90.0819 1.0000e-12  -64.78200  -63.03346 348.190033      99.98 0.0000e+00   1158.833      27813          7  0.000e+00
    100.685     99.676     0.4886  29.111732     0.4927  29.114501     5.3155     5.3454     0.0802    90.0819 1.0000e-12  -64.78200  -63.03346 348.190033      99.98 0.0000e+00   1158.875      27814          7  0.000e+00
    100.658     99.649     0.4883  29.111322     0.4927  29.114272     5.3163     5.3461     0.0802    90.0819 1.0000e-12  -64.78200  -63.03346 348.190034      99.95 0.0000e+00   1158.917      27815          7  0.000e+00
    100.638     99.628     0.4879  29.111732     0.4921  29.113929     5.3113     5.3415     0.0802    90.0819 1.0000e-12  -64.78200  -63.03346 348.190034      99.95 0.0000e+00   1158.958      27816          7  0.000e+00
    100.658     99.649     0.4880  29.112024     0.4921  29.113986     5.3117     5.3414     0.0802    90.0819 1.0000e-12  -64.78200  -63.03346 348.190035      99.98 0.0000e+00   1159.000      27817          7  0.000e+00
    100.686     99.676     0.4891  29.112024     0.4918  29.113701     5.3163     5.3413     0.0802    90.0819 1.0000e-12  -64.78200  -63.03346 348.190035      99.98 0.0000e+00   1159.042      27818          7  0.000e+00
    100.658     99.649     0.4901  29.112550     0.4910  29.113701     5.3162     5.3403     0.0802    90.0819 1.0000e-12  -64.78200  -63.03346 348.190036      99.98 0.0000e+00   1159.083      27819          7  0.000e+00
    100.686     99.676     0.4905  29.113252     0.4903  29.113358     5.3104     5.3402     0.0802    90.0819 1.0000e-12  -64.78200  -63.03346 348.190036      99.93 0.0000e+00   1159.125      27820          7  0.000e+00
    100.658     99.649     0.4907  29.112843     0.4901  29.112616     5.3102     5.3401     0.0802    90.0819 1.0000e-12  -64.78200  -63.03346 348.190037      99.95 0.0000e+00   1159.167      27821          7  0.000e+00
    100.638     99.628     0.4908  29.113369     0.4900  29.112102     5.3141     5.3399     0.0802    90.0819 1.0000e-12  -64.78200  -63.03346 348.190037      99.98 0.0000e+00   1159.208      27822          7  0.000e+00
    100.658     99.649     0.4915  29.113661     0.4900  29.112616     5.3135     5.3450     0.0802    90.0819 1.0000e-12  -64.78200  -63.03346 348.190038      99.98 0.0000e+00   1159.250      27823          7  0.000e+00
    100.686     99.676     0.4919  29.114363     0.4904  29.112559     5.3126     5.3456     0.0802    90.0819 1.0000e-12  -64.78200  -63.03346 348.190038      99.98 0.0000e+00   1159.292      27824          7  0.000e+00
    100.658     99.649     0.4925  29.115298     0.4906  29.112330     5.3128     5.3461     0.0802    90.0819 1.0000e-12  -64.78200  -63.03346 348.190039      99.98 0.0000e+00   1159.333      27825          7  0.000e+00
    100.658     99.649     0.4926  29.116643     0.4910  29.112616     5.3185     5.3465     0.0802    90.0819 1.0000e-12  -64.78200  -63.03346 348.190039      99.98 0.0000e+00   1159.375      27826          7  0.000e+00
    100.686     99.676     0.4936  29.117170     0.4904  29.113130     5.3196     5.3462     0.0802    90.0819 1.0000e-12  -64.78200  -63.03346 348.190040      99.95 0.0000e+00   1159.417      27827          7  0.000e+00
    100.658     99.649     0.4938  29.117462     0.4906  29.113187     5.3206     5.3466     0.0802    90.0819 1.0000e-12  -64.78200  -63.03346 348.190040      99.95 0.0000e+00   1159.458      27828          7  0.000e+00
    100.686     99.676     0.4943  29.117637     0.4893  29.112330     5.3157     5.3472     0.0729    90.0819 1.0000e-12  -64.78200  -63.03346 348.190041      99.98 0.0000e+00   1159.500      27829          7  0.000e+00
    100.610     99.601     0.4952  29.116935     0.4873  29.111816     5.3205     5.3477     0.0729    90.0819 1.0000e-12  -64.78200  -63.03346 348.190041      99.98 0.0000e+00   1159.542      27830          7  0.000e+00
    100.686     99.676     0.4967  29.116643     0.4860  29.112045     5.3152     5.3482     0.0729    90.0819 1.0000e-12  -64.78200  -63.03346 348.190041      99.98 0.0000e+00   1159.583      27831          7  0.000e+00
    100.658     99.649     0.4975  29.116935     0.4862  29.112102     5.3141     5.3484     0.0729    90.0562 1.0000e-12  -64.78200  -63.03346 348.190042      99.93 0.0000e+00   1159.625      27832          7  0.000e+00
    100.686     99.676     0.4957  29.117462     0.4862  29.111817     5.3145     5.3487     0.0729    90.0304 1.0000e-12  -64.78200  -63.03346 348.190042      99.95 0.0000e+00   1159.667      27833          7  0.000e+00
    100.658     99.649     0.4885  29.112258     0.4861  29.107704     5.2709     5.3425     0.0582    90.0562 1.0000e-12  -64.78200  -63.03346 348.190066      99.98 0.0000e+00   1161.708      27882          8  0.000e+00
    100.686     99.676     0.4885  29.111732     0.4860  29.107190     5.2696     5.3427     0.0582    90.0562 1.0000e-12  -64.78200  -63.03346 348.190067      99.98 0.0000e+00   1161.750      27883          8  0.000e+00
    100.713     99.703     0.4880  29.111615     0.4860  29.106962     5.2641     5.3428     0.0582    90.0562 1.0000e-12  -64.78200  -63.03346 348.190067      99.98 0.0000e+00   1161.792      27884          8  0.000e+00
    100.638     99.629     0.4876  29.110913     0.4862  29.106962     5.2686     5.3429     0.0582    90.0562 1.0000e-12  -64.78200  -63.03346 348.190068      99.98 0.0000e+00   1161.833      27885          8  0.000e+00
    100.713     99.703     0.4874  29.110387     0.4862  29.107190     5.2688     5.3431     0.0582    90.0562 1.0000e-12  -64.78200  -63.03346 348.190068      99.98 0.0000e+00   1161.875      27886          8  0.000e+00
    100.686     99.676     0.4876  29.110095     0.4864  29.107190     5.2677     5.3423     0.0582    90.0562 1.0000e-12  -64.78200  -63.03346 348.190068      99.95 0.0000e+00   1161.917      27887          8  0.000e+00
    100.713     99.703     0.4872  29.109685     0.4866  29.107190     5.2624     5.3424     0.0582    90.0562 1.0000e-12  -64.78200  -63.03346 348.190069      99.95 0.0000e+00   1161.958      27888          8  0.000e+00
    100.686     99.676     0.4872  29.110387     0.4866  29.108047     5.2726     5.3425     0.0582    90.0562 1.0000e-12  -64.78200  -63.03346 348.190069      99.98 0.0000e+00   1162.000      27889          8  0.000e+00
    100.713     99.703     0.4871  29.109802     0.4864  29.107419     5.2686     5.3426     0.0582    90.0562 1.0000e-12  -64.78200  -63.03346 348.190070      99.98 0.0000e+00   1162.042      27890          8  0.000e+00
    100.686     99.676     0.4866  29.109802     0.4860  29.107476     5.2634     5.3428     0.0582    90.0562 1.0000e-12  -64.78200  -63.03346 348.190070      99.98 0.0000e+00   1162.083      27891          8  0.000e+00
    100.713     99.703     0.4868  29.109276     0.4866  29.106676     5.2640     5.3420     0.0582    90.0562 1.0000e-12  -64.78200  -63.03346 348.190071      99.95 0.0000e+00   1162.125      27892          8  0.000e+00
    100.686     99.676     0.4866  29.109978     0.4865  29.106962     5.2689     5.3421     0.0582    90.0562 1.0000e-12  -64.78200  -63.03346 348.190071      99.95 0.0000e+00   1162.167      27893          8  0.000e+00
    100.659     99.649     0.4865  29.109276     0.4864  29.106904     5.2697     5.3421     0.0582    90.0819 1.0000e-12  -64.78200  -63.03346 348.190072      99.98 0.0000e+00   1162.208      27894          8  0.000e+00
    100.713     99.703     0.4868  29.109276     0.4861  29.106676     5.2691     5.3423     0.0582    90.0819 1.0000e-12  -64.78200  -63.03346 348.190072      99.98 0.0000e+00   1162.250      27895          8  0.000e+00
    100.686     99.676     0.4865  29.108984     0.4861  29.107190     5.2642     5.3423     0.0582    90.0819 1.0000e-12  -64.78200  -63.03346 348.190073      99.98 0.0000e+00   1162.292      27896          8  0.000e+00
    100.713     99.703     0.4868  29.108633     0.4863  29.106962     5.2694     5.3424     0.0582    90.0819 1.0000e-12  -64.78200  -63.03346 348.190073      99.98 0.0000e+00   1162.333      27897          8  0.000e+00
    100.686     99.676     0.4866  29.108165     0.4869  29.107419     5.2704     5.3423     0.0582    90.0819 1.0000e-12  -64.78200  -63.03346 348.190074      99.98 0.0000e+00   1162.375      27898          8  0.000e+00
    100.713     99.703     0.4865  29.107931     0.4872  29.107476     5.2700     5.3424     0.0582    90.0819 1.0000e-12  -64.78200  -63.03346 348.190074      99.95 0.0000e+00   1162.417      27899          8  0.000e+00
