NBP2113_155081_ctd/data/nbp2113_002.ros
* Sea-Bird SBE 9 Data File:
* FileName = D:\Data\raw\NBP2113_002.hex
* Software Version Seasave V 7.26.7.121
* Temperature SN = 2438
* Conductivity SN = 2067
* Number of Bytes Per Scan = 40
* Number of Voltage Words = 5
* Number of Scans Averaged by the Deck Unit = 1
* NMEA Latitude = 63 34.52 S
* NMEA Longitude = 060 42.00 W
* NMEA UTC (Time) = Nov 22 2021  11:46:05
* NMEA baud rate = 9600
** Ship: RVIB N.B. Palmer
** Cruise: NBP2113 LTER
** Station: 831.-002
** Operator: B. Urmston
# nquan = 20
# nvalues = 1173                                  
# units = specified
# name 0 = prDM: Pressure, Digiquartz [db]
# name 1 = depSM: Depth [salt water, m]
# name 2 = t090C: Temperature [ITS-90, deg C]
# name 3 = c0mS/cm: Conductivity [mS/cm]
# name 4 = t190C: Temperature, 2 [ITS-90, deg C]
# name 5 = c1mS/cm: Conductivity, 2 [mS/cm]
# name 6 = sbeox0ML/L: Oxygen, SBE 43 [ml/l]
# name 7 = sbeox1ML/L: Oxygen, SBE 43, 2 [ml/l]
# name 8 = flECO-AFL: Fluorescence, WET Labs ECO-AFL/FL [mg/m^3]
# name 9 = CStarTr0: Beam Transmission, WET Labs C-Star [%]
# name 10 = par: PAR/Irradiance, Biospherical/Licor
# name 11 = latitude: Latitude [deg]
# name 12 = longitude: Longitude [deg]
# name 13 = timeJ: Julian Days
# name 14 = altM: Altimeter [m]
# name 15 = spar: SPAR, Biospherical/Licor
# name 16 = timeS: Time, Elapsed [seconds]
# name 17 = scan: Scan Count
# name 18 = nbf: Bottles Fired
# name 19 = flag:  0.000e+00
# interval = seconds: 0.0416667
# start_time = Nov 22 2021 11:46:05 [NMEA time, header]
# bad_flag = -9.990e-29
*END*
[from data line 652]
     56.695     56.137    -1.0708  27.687306    -1.0725  27.684549     7.3935     7.2592     0.4392    96.7511 7.5847e+00  -63.57546  -60.69948 326.518355      99.98 1.7999e+03   2420.875      58102         14  0.000e+00
     56.743     56.185    -1.0706  27.687650    -1.0728  27.684437     7.3975     7.2591     0.4392    96.7511 7.5847e+00  -63.57546  -60.69948 326.518356      99.95 1.7999e+03   2420.917      58103         14  0.000e+00
     56.695     56.137    -1.0711  27.687593    -1.0729  27.684437     7.3954     7.2599     0.4392    96.7511 7.5615e+00  -63.57546  -60.69948 326.518356      99.98 1.7999e+03   2420.958      58104         14  0.000e+00
     56.743     56.185    -1.0709  27.687134    -1.0731  27.684829     7.3992     7.2598     0.4392    96.7511 7.5615e+00  -63.57546  -60.69948 326.518356      99.98 1.7981e+03   2421.000      58105         14  0.000e+00
     56.743     56.185    -1.0709  27.687363    -1.0730  27.684773     7.3996     7.2597     0.4392    96.7511 7.5615e+00  -63.57546  -60.69948 326.518357      99.98 1.7964e+03   2421.042      58106         14  0.000e+00
     56.743     56.185    -1.0708  27.687708    -1.0725  27.684549     7.4059     7.2595     0.4392    96.7254 7.5615e+00  -63.57546  -60.69948 326.518357      99.95 1.7946e+03   2421.083      58107         14  0.000e+00
     56.743     56.185    -1.0706  27.687593    -1.0728  27.684661     7.4015     7.2595     0.4392    96.7254 7.5615e+00  -63.57546  -60.69948 326.518358      99.98 1.7929e+03   2421.125      58108         14  0.000e+00
     56.743     56.185    -1.0711  27.687134    -1.0727  27.685054     7.3942     7.2593     0.4392    96.7511 7.5615e+00  -63.57546  -60.69948 326.518358      99.98 1.7929e+03   2421.167      58109         14  0.000e+00
     56.743     56.185    -1.0717  27.687019    -1.0722  27.685390     7.3869     7.2591     0.4465    96.7254 7.5384e+00  -63.57546  -60.69948 326.518359      99.98 1.7893e+03   2421.208      58110         14  0.000e+00
     56.743     56.185    -1.0718  27.686617    -1.0718  27.685502     7.3885     7.2589     0.4465    96.7511 7.5615e+00  -63.57546  -60.69948 326.518359      99.98 1.7858e+03   2421.250      58111         14  0.000e+00
     56.743     56.185    -1.0721  27.686502    -1.0713  27.685838     7.3855     7.2587     0.4465    96.7511 7.5384e+00  -63.57546  -60.69948 326.518360      99.98 1.7823e+03   2421.292      58112         14  0.000e+00
     56.743     56.185    -1.0726  27.686273    -1.0703  27.686399     7.3824     7.2583     0.4392    96.7511 7.5384e+00  -63.57546  -60.69948 326.518360      99.98 1.7805e+03   2421.333      58113         14  0.000e+00
     56.743     56.185    -1.0737  27.685642    -1.0701  27.686903     7.3763     7.2582     0.4392    96.7511 7.5384e+00  -63.57546  -60.69948 326.518361      99.98 1.7787e+03   2421.375      58114         14  0.000e+00
     56.798     56.239    -1.0746  27.685010    -1.0690  27.687071     7.3809     7.2579     0.4465    96.7511 7.5384e+00  -63.57546  -60.69948 326.518361      99.95 1.7770e+03   2421.417      58115         14  0.000e+00
     56.743     56.185    -1.0745  27.684723    -1.0685  27.687632     7.3805     7.2576     0.4465    96.7254 7.5384e+00  -63.57546  -60.69948 326.518362      99.98 1.7770e+03   2421.458      58116         14  0.000e+00
     56.743     56.185    -1.0740  27.685010    -1.0681  27.688024     7.3741     7.2583     0.4465    96.7511 7.5384e+00  -63.57546  -60.69948 326.518362      99.98 1.7770e+03   2421.500      58117         14  0.000e+00
     56.743     56.185    -1.0740  27.685355    -1.0684  27.687688     7.3665     7.2593     0.4465    96.7254 7.5384e+00  -63.57546  -60.69948 326.518363      99.98 1.7770e+03   2421.542      58118         14  0.000e+00
     56.743     56.185    -1.0745  27.685240    -1.0679  27.688136     7.3770     7.2657     0.4392    96.7769 7.5384e+00  -63.57546  -60.69948 326.518363      99.95 1.7787e+03   2421.583      58119         14  0.000e+00
     56.743     56.185    -1.0738  27.685527    -1.0679  27.688192     7.3724     7.2609     0.4465    96.8284 7.5384e+00  -63.57546  -60.69948 326.518364      99.98 1.7787e+03   2421.625      58120         14  0.000e+00
     56.743     56.185    -1.0731  27.686273    -1.0685  27.687912     7.3708     7.2666     0.4392    96.8284 7.5384e+00  -63.57546  -60.69948 326.518364      99.98 1.7805e+03   2421.667      58121         14  0.000e+00
     56.695     56.138    -1.0723  27.686847    -1.0690  27.687239     7.3708     7.2619     0.4465    96.8284 7.5384e+00  -63.57546  -60.69948 326.518365      99.98 1.7823e+03   2421.708      58122         14  0.000e+00
     56.743     56.185    -1.0715  27.687363    -1.0690  27.687071     7.3769     7.2619     0.4465    96.8284 7.5384e+00  -63.57546  -60.69948 326.518365      99.98 1.7840e+03   2421.750      58123         14  0.000e+00
     56.743     56.185    -1.0711  27.687535    -1.0701  27.686231     7.3786     7.2621     0.4465    96.8026 7.5154e+00  -63.57546  -60.69948 326.518366      99.98 1.7876e+03   2421.792      58124         14  0.000e+00
     56.695     56.138    -1.0709  27.687707    -1.0710  27.685614     7.3818     7.2622     0.4465    96.8284 7.5154e+00  -63.57546  -60.69948 326.518366      99.98 1.7893e+03   2421.833      58125         14  0.000e+00
     56.743     56.185    -1.0706  27.687995    -1.0720  27.685110     7.3882     7.2624     0.4465    96.8284 7.5384e+00  -63.57546  -60.69948 326.518367      99.98 1.7929e+03   2421.875      58126         14  0.000e+00
     56.695     56.138    -1.0703  27.687650    -1.0724  27.685166     7.3900     7.2623     0.4465    96.8026 7.5384e+00  -63.57546  -60.69948 326.518367      99.95 1.7929e+03   2421.917      58127         14  0.000e+00
     56.695     56.138    -1.0703  27.687880    -1.0718  27.685614     7.3903     7.2621     0.4465    96.8284 7.5384e+00  -63.57546  -60.69948 326.518368      99.98 1.7964e+03   2421.958      58128         14  0.000e+00
     56.695     56.138    -1.0703  27.687880    -1.0707  27.685782     7.3919     7.2674     0.4465    96.8284 7.5384e+00  -63.57546  -60.69948 326.518368     100.00 1.7981e+03   2422.000      58129         14  0.000e+00
     56.696     56.138    -1.0705  27.687994    -1.0701  27.686343     7.3995     7.2625     0.4465    96.8284 7.5384e+00  -63.57546  -60.69948 326.518369      99.98 1.7999e+03   2422.042      58130         14  0.000e+00
     56.648     56.090    -1.0705  27.687478    -1.0694  27.686903     7.3964     7.2678     0.4465    96.8284 7.5384e+00  -63.57546  -60.69948 326.518369      99.95 1.7999e+03   2422.083      58131         14  0.000e+00
     56.696     56.138    -1.0707  27.687478    -1.0689  27.687632     7.3994     7.2628     0.4465    96.8026 7.5384e+00  -63.57546  -60.69948 326.518370      99.95 1.8017e+03   2422.125      58132         14  0.000e+00
     56.641     56.084    -1.0708  27.687305    -1.0682  27.688192     7.4052     7.2615     0.4465    96.8284 7.5384e+00  -63.57546  -60.69948 326.518370      99.98 1.8017e+03   2422.167      58133         14  0.000e+00
     56.648     56.090    -1.0709  27.687076    -1.0679  27.688136     7.4157     7.2613     0.4465    96.8284 7.5384e+00  -63.57546  -60.69948 326.518370      99.98 1.8034e+03   2422.208      58134         14  0.000e+00
     56.641     56.084    -1.0715  27.686789    -1.0674  27.688641     7.4203     7.2609     0.4392    96.8284 7.5384e+00  -63.57546  -60.69948 326.518371      99.98 1.8034e+03   2422.250      58135         14  0.000e+00
     45.707     45.259    -0.8717  27.827668    -0.8718  27.825616     7.5382     7.3862     0.8714    95.2576 1.2907e+01  -63.57546  -60.69952 326.518979      99.98 1.8052e+03   2474.750      59395         15  0.000e+00
     45.666     45.218    -0.8714  27.827495    -0.8719  27.825616     7.5288     7.3860     0.8641    95.2576 1.2907e+01  -63.57546  -60.69950 326.518979      99.98 1.8034e+03   2474.792      59396         15  0.000e+00
     45.660     45.212    -0.8715  27.827610    -0.8719  27.825952     7.5195     7.3914     0.8567    95.2576 1.2907e+01  -63.57546  -60.69950 326.518980      99.98 1.8052e+03   2474.833      59397         15  0.000e+00
     45.660     45.212    -0.8717  27.827035    -0.8719  27.825728     7.5280     7.3921     0.7981    95.2576 1.2907e+01  -63.57546  -60.69950 326.518980      99.95 1.8052e+03   2474.875      59398         15  0.000e+00
     45.708     45.259    -0.8720  27.827035    -0.8721  27.826065     7.5335     7.3920     0.7688    95.2576 1.2907e+01  -63.57546  -60.69950 326.518981      99.95 1.8034e+03   2474.917      59399         15  0.000e+00
     45.619     45.171    -0.8719  27.827093    -0.8721  27.825672     7.5342     7.3917     0.7688    95.2576 1.2907e+01  -63.57546  -60.69950 326.518981      99.98 1.8052e+03   2474.958      59400         15  0.000e+00
     45.708     45.259    -0.8723  27.826921    -0.8722  27.825840     7.5352     7.3869     0.7688    95.2576 1.2907e+01  -63.57546  -60.69950 326.518981      99.98 1.8034e+03   2475.000      59401         15  0.000e+00
     45.660     45.212    -0.8723  27.827093    -0.8723  27.826009     7.5358     7.3867     0.7762    95.2576 1.2907e+01  -63.57546  -60.69950 326.518982      99.98 1.8034e+03   2475.042      59402         15  0.000e+00
     45.667     45.219    -0.8715  27.827725    -0.8718  27.825952     7.5289     7.3865     0.7762    95.2576 1.2907e+01  -63.57546  -60.69950 326.518982      99.95 1.8034e+03   2475.083      59403         15  0.000e+00
     45.660     45.212    -0.8710  27.828070    -0.8718  27.825784     7.5206     7.3919     0.7762    95.2576 1.2945e+01  -63.57546  -60.69950 326.518983      99.95 1.8034e+03   2475.125      59404         15  0.000e+00
     45.660     45.212    -0.8706  27.828358    -0.8715  27.826121     7.5271     7.3926     0.7762    95.2576 1.2945e+01  -63.57546  -60.69950 326.518983      99.98 1.8034e+03   2475.167      59405         15  0.000e+00
     45.667     45.219    -0.8705  27.828415    -0.8718  27.825896     7.5293     7.3870     0.7762    95.2576 1.2945e+01  -63.57546  -60.69950 326.518984      99.98 1.8034e+03   2475.208      59406         15  0.000e+00
     45.660     45.212    -0.8704  27.828243    -0.8721  27.825672     7.5257     7.3869     0.7762    95.2576 1.2945e+01  -63.57546  -60.69950 326.518984      99.98 1.8034e+03   2475.250      59407         15  0.000e+00
     45.660     45.212    -0.8703  27.828013    -0.8721  27.825672     7.5254     7.3924     0.7688    95.2576 1.2945e+01  -63.57546  -60.69950 326.518985      99.98 1.8034e+03   2475.292      59408         15  0.000e+00
     45.660     45.212    -0.8705  27.828300    -0.8722  27.825953     7.5311     7.3923     0.7688    95.2576 1.2945e+01  -63.57546  -60.69950 326.518985      99.98 1.8034e+03   2475.333      59409         15  0.000e+00
     45.667     45.219    -0.8707  27.828243    -0.8714  27.826177     7.5309     7.3920     0.7762    95.2576 1.2945e+01  -63.57546  -60.69950 326.518986      99.95 1.8034e+03   2475.375      59410         15  0.000e+00
     45.660     45.212    -0.8706  27.827955    -0.8712  27.826683     7.5292     7.3918     0.7688    95.2576 1.2945e+01  -63.57546  -60.69950 326.518986      99.95 1.8034e+03   2475.417      59411         15  0.000e+00
     45.660     45.212    -0.8709  27.827898    -0.8712  27.826346     7.5349     7.3925     0.7762    95.2576 1.2945e+01  -63.57546  -60.69950 326.518987      99.98 1.8034e+03   2475.458      59412         15  0.000e+00
     45.667     45.219    -0.8706  27.827495    -0.8710  27.826233     7.5418     7.3876     0.7762    95.2576 1.2945e+01  -63.57546  -60.69950 326.518987      99.98 1.8034e+03   2475.500      59413         15  0.000e+00
     45.660     45.212    -0.8709  27.827668    -0.8712  27.826402     7.5427     7.3930     0.7762    95.2576 1.2983e+01  -63.57546  -60.69950 326.518988      99.98 1.8034e+03   2475.542      59414         15  0.000e+00
     45.660     45.212    -0.8710  27.827840    -0.8713  27.826458     7.5375     7.3882     0.7762    95.2576 1.2983e+01  -63.57546  -60.69950 326.518988      99.95 1.8034e+03   2475.583      59415         15  0.000e+00
     45.667     45.219    -0.8707  27.828070    -0.8712  27.826121     7.5263     7.3937     0.7688    95.2576 1.2983e+01  -63.57546  -60.69950 326.518989      99.95 1.8034e+03   2475.625      59416         15  0.000e+00
     45.660     45.212    -0.8709  27.827955    -0.8714  27.826177     7.5301     7.3945     0.7762    95.2576 1.2983e+01  -63.57546  -60.69950 326.518989      99.98 1.8034e+03   2475.667      59417         15  0.000e+00
     45.660     45.212    -0.8709  27.827898    -0.8712  27.826683     7.5221     7.3943     0.7688    95.2576 1.3022e+01  -63.57546  -60.69950 326.518990      99.98 1.8034e+03   2475.708      59418         15  0.000e+00
     45.660     45.212    -0.8707  27.827955    -0.8710  27.826514     7.5126     7.3941     0.7762    95.2576 1.3022e+01  -63.57546  -60.69950 326.518990      99.98 1.8034e+03   2475.750      59419         15  0.000e+00
     45.667     45.219    -0.8707  27.827725    -0.8710  27.826739     7.5106     7.3892     0.7762    95.2576 1.3022e+01  -63.57546  -60.69952 326.518991      99.98 1.8034e+03   2475.792      59420         15  0.000e+00
     45.606     45.158    -0.8706  27.827840    -0.8713  27.826345     7.5132     7.3937     0.7762    95.2576 1.3022e+01  -63.57546  -60.69952 326.518991      99.98 1.8034e+03   2475.833      59421         15  0.000e+00
     45.660     45.212    -0.8704  27.828243    -0.8712  27.826402     7.5114     7.3935     0.7762    95.2576 1.3022e+01  -63.57546  -60.69952 326.518992      99.98 1.8034e+03   2475.875      59422         15  0.000e+00
     45.667     45.219    -0.8698  27.828415    -0.8710  27.826121     7.5081     7.3942     0.7762    95.2576 1.3060e+01  -63.57546  -60.69952 326.518992      99.95 1.8034e+03   2475.917      59423         15  0.000e+00
     45.660     45.212    -0.8700  27.828588    -0.8713  27.826177     7.5064     7.3949     0.7615    95.2576 1.3060e+01  -63.57546  -60.69952 326.518993      99.98 1.8034e+03   2475.958      59424         15  0.000e+00
     45.606     45.158    -0.8701  27.828358    -0.8713  27.826233     7.5091     7.3955     0.7542    95.2576 1.3060e+01  -63.57546  -60.69952 326.518993      99.98 1.8034e+03   2476.000      59425         15  0.000e+00
     45.660     45.213    -0.8704  27.828358    -0.8710  27.826233     7.5015     7.3953     0.7469    95.2576 1.3099e+01  -63.57546  -60.69952 326.518994      99.98 1.8034e+03   2476.042      59426         15  0.000e+00
     45.667     45.219    -0.8704  27.828243    -0.8712  27.826683     7.4924     7.3950     0.7469    95.2576 1.3099e+01  -63.57546  -60.69952 326.518994      99.95 1.8034e+03   2476.083      59427         15  0.000e+00
     45.661     45.213    -0.8703  27.828703    -0.8708  27.826514     7.4952     7.3946     0.7469    95.2576 1.3099e+01  -63.57546  -60.69952 326.518995      99.95 1.8034e+03   2476.125      59428         15  0.000e+00
     45.661     45.213    -0.8698  27.828760    -0.8708  27.826458     7.4920     7.3942     0.7469    95.2576 1.3099e+01  -63.57546  -60.69952 326.518995      99.98 1.8034e+03   2476.167      59429         15  0.000e+00
     45.620     45.172    -0.8696  27.828875    -0.8704  27.827132     7.4889     7.3936     0.7469    95.2576 1.3138e+01  -63.57546  -60.69952 326.518995      99.98 1.8034e+03   2476.208      59430         15  0.000e+00
     45.661     45.213    -0.8698  27.828818    -0.8701  27.827076     7.4873     7.3941     0.7469    95.2576 1.3138e+01  -63.57546  -60.69952 326.518996      99.98 1.8034e+03   2476.250      59431         15  0.000e+00
