NBP2113_155081_ctd/data/nbp2113_038.ros
* Sea-Bird SBE 9 Data File:
* FileName = D:\Data\raw\NBP2113_038.hex
* Software Version Seasave V 7.26.7.121
* Temperature SN = 2438
* Conductivity SN = 2067
* Number of Bytes Per Scan = 40
* Number of Voltage Words = 5
* Number of Scans Averaged by the Deck Unit = 1
* NMEA Latitude = 64 56.00 S
* NMEA Longitude = 064 24.10 W
* NMEA UTC (Time) = Dec 10 2021  10:01:33
* NMEA baud rate = 9600
** Ship: RVIB N.B. Palmer
** Cruise: NBP2113 LTER
** Station: 600.040
** Operator: B. Urmston
# nquan = 20
# nvalues = 294                                   
# units = specified
# name 0 = prDM: Pressure, Digiquartz [db]
# name 1 = depSM: Depth [salt water, m]
# name 2 = t090C: Temperature [ITS-90, deg C]
# name 3 = c0mS/cm: Conductivity [mS/cm]
# name 4 = t190C: Temperature, 2 [ITS-90, deg C]
# name 5 = c1mS/cm: Conductivity, 2 [mS/cm]
# name 6 = sbeox0ML/L: Oxygen, SBE 43 [ml/l]
# name 7 = sbeox1ML/L: Oxygen, SBE 43, 2 [ml/l]
# name 8 = flECO-AFL: Fluorescence, WET Labs ECO-AFL/FL [mg/m^3]
# name 9 = CStarTr0: Beam Transmission, WET Labs C-Star [%]
# name 10 = par: PAR/Irradiance, Biospherical/Licor
# name 11 = latitude: Latitude [deg]
# name 12 = longitude: Longitude [deg]
# name 13 = timeJ: Julian Days
# name 14 = altM: Altimeter [m]
# name 15 = spar: SPAR, Biospherical/Licor
# name 16 = timeS: Time, Elapsed [seconds]
# name 17 = scan: Scan Count
# name 18 = nbf: Bottles Fired
# name 19 = flag:  0.000e+00
# interval = seconds: 0.0416667
# start_time = Dec 10 2021 10:01:33 [NMEA time, header]
# bad_flag = -9.990e-29
*END*
[from data line 145]
     17.998     17.821    -0.6641  27.453580    -0.6338  27.483662     8.0273     8.1007     1.6333    87.4297 1.7113e+01  -64.93306  -64.40096 344.425893      99.98 2.5209e+02    704.167      16901          3  0.000e+00
     18.019     17.842    -0.6573  27.452034    -0.6310  27.486680     8.0308     8.1004     1.6333    87.4297 1.7163e+01  -64.93306  -64.40096 344.425894      99.98 2.5209e+02    704.208      16902          3  0.000e+00
      6.101      6.041    -0.7119  27.395841    -0.7119  27.394020     8.0118     8.1341     1.5967    87.3782 6.9647e+01  -64.93308  -64.40098 344.426467      99.93 2.6267e+02    753.792      18092          4  0.000e+00
      6.060      6.000    -0.7120  27.395612    -0.7121  27.394355     8.0174     8.1341     1.5967    87.3782 6.9647e+01  -64.93308  -64.40098 344.426468      99.95 2.6267e+02    753.833      18093          4  0.000e+00
      6.162      6.102    -0.7119  27.395841    -0.7123  27.394020     8.0175     8.1288     1.5967    87.3782 6.9647e+01  -64.93308  -64.40098 344.426468      99.98 2.6267e+02    753.875      18094          4  0.000e+00
      6.101      6.041    -0.7122  27.395613    -0.7123  27.393797     8.0102     8.1279     1.5967    87.3782 6.9647e+01  -64.93308  -64.40098 344.426469      99.98 2.6267e+02    753.917      18095          4  0.000e+00
      6.163      6.102    -0.7122  27.395841    -0.7123  27.393574     8.0091     8.1327     1.5967    87.3525 6.9647e+01  -64.93308  -64.40098 344.426469      99.98 2.6267e+02    753.958      18096          4  0.000e+00
      6.101      6.041    -0.7124  27.395841    -0.7119  27.393518     8.0080     8.1326     1.5967    87.3525 6.9845e+01  -64.93308  -64.40098 344.426470      99.98 2.6267e+02    754.000      18097          4  0.000e+00
      6.115      6.055    -0.7124  27.395613    -0.7124  27.394020     8.0131     8.1328     1.5967    87.3525 6.9845e+01  -64.93308  -64.40098 344.426470      99.98 2.6267e+02    754.042      18098          4  0.000e+00
      6.163      6.102    -0.7129  27.395613    -0.7123  27.393518     8.0094     8.1329     1.5967    87.3782 7.0044e+01  -64.93308  -64.40098 344.426471      99.95 2.6267e+02    754.083      18099          4  0.000e+00
      6.149      6.089    -0.7124  27.395327    -0.7123  27.393853     8.0102     8.1329     1.5967    87.3782 7.0243e+01  -64.93308  -64.40098 344.426471      99.95 2.6267e+02    754.125      18100          4  0.000e+00
      6.163      6.102    -0.7122  27.395327    -0.7121  27.394299     8.0069     8.1329     1.5967    87.3782 7.0243e+01  -64.93308  -64.40098 344.426472      99.98 2.6267e+02    754.167      18101          4  0.000e+00
      6.115      6.055    -0.7122  27.395841    -0.7126  27.394020     8.0128     8.1340     1.5967    87.3525 7.0443e+01  -64.93308  -64.40098 344.426472      99.98 2.6267e+02    754.208      18102          4  0.000e+00
      6.149      6.089    -0.7122  27.396127    -0.7125  27.393853     8.0131     8.1286     1.5967    87.3525 7.0643e+01  -64.93308  -64.40098 344.426473      99.95 2.6267e+02    754.250      18103          4  0.000e+00
      6.163      6.102    -0.7113  27.395841    -0.7124  27.394020     8.0120     8.1334     1.5967    87.3525 7.0643e+01  -64.93308  -64.40098 344.426473      99.95 2.6267e+02    754.292      18104          4  0.000e+00
      6.149      6.089    -0.7114  27.396356    -0.7127  27.393797     8.0067     8.1336     1.5967    87.3782 7.0844e+01  -64.93308  -64.40098 344.426474      99.98 2.6267e+02    754.333      18105          4  0.000e+00
      6.163      6.102    -0.7111  27.396642    -0.7127  27.393574     8.0046     8.1338     1.5967    87.3525 7.0844e+01  -64.93308  -64.40098 344.426474      99.98 2.6267e+02    754.375      18106          4  0.000e+00
      6.115      6.055    -0.7110  27.396642    -0.7125  27.393518     8.0086     8.1338     1.5967    87.3525 7.0844e+01  -64.93308  -64.40098 344.426475      99.98 2.6267e+02    754.417      18107          4  0.000e+00
      6.204      6.143    -0.7113  27.396642    -0.7126  27.393797     8.0084     8.1341     1.5967    87.3525 7.0844e+01  -64.93308  -64.40098 344.426475      99.98 2.6267e+02    754.458      18108          4  0.000e+00
      6.115      6.055    -0.7113  27.396356    -0.7121  27.394132     8.0081     8.1340     1.5967    87.3525 7.1045e+01  -64.93308  -64.40098 344.426476      99.98 2.6267e+02    754.500      18109          4  0.000e+00
      6.163      6.102    -0.7111  27.396642    -0.7117  27.394299     8.0035     8.1341     1.5967    87.3525 7.0844e+01  -64.93308  -64.40098 344.426476      99.98 2.6267e+02    754.542      18110          4  0.000e+00
      6.101      6.041    -0.7113  27.396356    -0.7117  27.394020     8.0096     8.1342     1.5967    87.3525 7.0844e+01  -64.93308  -64.40098 344.426477      99.95 2.6267e+02    754.583      18111          4  0.000e+00
      6.163      6.102    -0.7116  27.396127    -0.7118  27.394634     8.0100     8.1289     1.5967    87.3525 7.0643e+01  -64.93308  -64.40098 344.426477      99.95 2.6267e+02    754.625      18112          4  0.000e+00
      6.060      6.001    -0.7113  27.396356    -0.7115  27.394578     8.0102     8.1335     1.5967    87.3782 7.0443e+01  -64.93308  -64.40098 344.426478      99.98 2.6267e+02    754.667      18113          4  0.000e+00
      6.204      6.143    -0.7116  27.395841    -0.7113  27.394579     8.0095     8.1338     1.5967    87.3782 7.0243e+01  -64.93308  -64.40098 344.426478      99.98 2.6267e+02    754.708      18114          4  0.000e+00
      6.115      6.055    -0.7117  27.395841    -0.7112  27.394578     8.0042     8.1339     1.6113    87.3782 7.0044e+01  -64.93308  -64.40098 344.426479      99.95 2.6267e+02    754.750      18115          4  0.000e+00
      6.101      6.041    -0.7117  27.395841    -0.7115  27.394132     8.0094     8.1341     1.6187    87.3782 7.0044e+01  -64.93308  -64.40098 344.426479      99.93 2.6267e+02    754.792      18116          4  0.000e+00
      6.115      6.055    -0.7117  27.395841    -0.7115  27.394578     8.0088     8.1343     1.6187    87.3782 6.9647e+01  -64.93308  -64.40098 344.426480      99.95 2.6267e+02    754.833      18117          4  0.000e+00
      6.060      6.001    -0.7114  27.395841    -0.7117  27.394578     8.0096     8.1345     1.6187    87.3782 6.9647e+01  -64.93308  -64.40098 344.426480      99.98 2.6267e+02    754.875      18118          4  0.000e+00
      6.101      6.041    -0.7114  27.396356    -0.7119  27.394634     8.0062     8.1347     1.6113    87.3782 6.9450e+01  -64.93308  -64.40098 344.426481      99.98 2.6267e+02    754.917      18119          4  0.000e+00
      6.115      6.055    -0.7114  27.396356    -0.7118  27.394020     8.0134     8.1350     1.6187    87.3782 6.9253e+01  -64.93308  -64.40098 344.426481      99.98 2.6267e+02    754.958      18120          4  0.000e+00
      6.060      6.001    -0.7113  27.396356    -0.7119  27.394299     8.0206     8.1351     1.6187    87.3782 6.9253e+01  -64.93308  -64.40098 344.426481      99.98 2.6267e+02    755.000      18121          4  0.000e+00
      6.053      5.994    -0.7114  27.396127    -0.7117  27.394355     8.0221     8.1352     1.6187    87.3782 6.9253e+01  -64.93308  -64.40098 344.426482      99.98 2.6267e+02    755.042      18122          4  0.000e+00
      6.060      6.001    -0.7113  27.396356    -0.7121  27.394299     8.0234     8.1355     1.6187    87.3782 6.9057e+01  -64.93308  -64.40098 344.426482      99.95 2.6267e+02    755.083      18123          4  0.000e+00
      5.999      5.940    -0.7113  27.396355    -0.7121  27.394020     8.0204     8.1356     1.6187    87.3782 6.9057e+01  -64.93308  -64.40098 344.426483      99.95 2.6267e+02    755.125      18124          4  0.000e+00
      6.012      5.953    -0.7113  27.396641    -0.7121  27.393852     8.0264     8.1358     1.6187    87.3782 6.9057e+01  -64.93308  -64.40098 344.426483      99.98 2.6267e+02    755.167      18125          4  0.000e+00
      6.060      6.001    -0.7113  27.396356    -0.7122  27.393797     8.0221     8.1306     1.6187    87.3782 6.8861e+01  -64.93308  -64.40098 344.426484      99.98 2.6267e+02    755.208      18126          4  0.000e+00
      5.999      5.940    -0.7111  27.396641    -0.7124  27.393517     8.0222     8.1299     1.6187    87.3782 6.8861e+01  -64.93308  -64.40098 344.426484      99.95 2.6267e+02    755.250      18127          4  0.000e+00
      5.964      5.906    -0.7111  27.396641    -0.7123  27.393573     8.0253     8.1347     1.6187    87.3782 6.8666e+01  -64.93308  -64.40098 344.426485      99.93 2.6267e+02    755.292      18128          4  0.000e+00
      6.012      5.953    -0.7108  27.396641    -0.7124  27.393517     8.0228     8.1342     1.6187    87.3782 6.8471e+01  -64.93308  -64.40098 344.426485      99.95 2.6267e+02    755.333      18129          4  0.000e+00
      5.951      5.892    -0.7108  27.396641    -0.7122  27.393796     8.0293     8.1343     1.6187    87.3782 6.8471e+01  -64.93308  -64.40098 344.426486      99.98 2.6267e+02    755.375      18130          4  0.000e+00
      5.964      5.906    -0.7108  27.396870    -0.7121  27.393517     8.0256     8.1345     1.6187    87.3782 6.8277e+01  -64.93308  -64.40098 344.426486      99.98 2.6267e+02    755.417      18131          4  0.000e+00
      5.910      5.852    -0.7110  27.396641    -0.7124  27.393350     8.0252     8.1347     1.6187    87.3782 6.8277e+01  -64.93308  -64.40098 344.426487      99.98 2.6267e+02    755.458      18132          4  0.000e+00
      5.951      5.892    -0.7108  27.396584    -0.7121  27.393796     8.0264     8.1349     1.6187    87.3782 6.8083e+01  -64.93308  -64.40098 344.426487      99.98 2.6267e+02    755.500      18133          4  0.000e+00
      5.910      5.852    -0.7110  27.396870    -0.7123  27.393796     8.0335     8.1351     1.6187    87.3782 6.8083e+01  -64.93308  -64.40098 344.426488      99.98 2.6267e+02    755.542      18134          4  0.000e+00
      5.896      5.838    -0.7105  27.396641    -0.7119  27.393573     8.0348     8.1353     1.6187    87.3782 6.7890e+01  -64.93308  -64.40098 344.426488      99.95 2.6267e+02    755.583      18135          4  0.000e+00
      5.862      5.804    -0.7104  27.396870    -0.7118  27.393796     8.0303     8.1354     1.6113    87.3782 6.8083e+01  -64.93308  -64.40098 344.426489      99.95 2.6267e+02    755.625      18136          4  0.000e+00
      5.862      5.804    -0.7104  27.397384    -0.7117  27.394019     8.0304     8.1411     1.6187    87.3525 6.7890e+01  -64.93308  -64.40098 344.426489      99.98 2.6267e+02    755.667      18137          4  0.000e+00
      5.848      5.791    -0.7105  27.397155    -0.7118  27.394131     8.0307     8.1366     1.6187    87.3782 6.7890e+01  -64.93308  -64.40098 344.426490      99.98 2.6267e+02    755.708      18138          4  0.000e+00
      5.862      5.804    -0.7108  27.396870    -0.7117  27.394299     8.0357     8.1368     1.6187    87.3782 6.7890e+01  -64.93308  -64.40098 344.426490      99.95 2.6267e+02    755.750      18139          4  0.000e+00
      5.807      5.750    -0.7107  27.396641    -0.7117  27.394298     8.0301     8.1369     1.6187    87.3525 6.7698e+01  -64.93308  -64.40098 344.426491      99.93 2.6267e+02    755.792      18140          4  0.000e+00
      5.643      5.588    -0.7111  27.395611    -0.7110  27.394801     8.0324     8.1399     1.6040    87.3525 8.0946e+01  -64.93308  -64.40096 344.426512      99.98 2.6091e+02    757.667      18185          5  0.000e+00
      5.609      5.554    -0.7111  27.395840    -0.7110  27.394633     8.0311     8.1360     1.6040    87.3525 8.0717e+01  -64.93308  -64.40096 344.426513      99.98 2.6091e+02    757.708      18186          5  0.000e+00
      5.609      5.554    -0.7114  27.395840    -0.7112  27.394800     8.0299     8.1359     1.6040    87.3525 8.0488e+01  -64.93308  -64.40096 344.426513      99.95 2.6091e+02    757.750      18187          5  0.000e+00
      5.643      5.588    -0.7116  27.395840    -0.7112  27.394801     8.0243     8.1358     1.6040    87.3525 8.0033e+01  -64.93308  -64.40096 344.426514      99.93 2.6091e+02    757.792      18188          5  0.000e+00
      5.609      5.554    -0.7117  27.395840    -0.7110  27.394354     8.0335     8.1357     1.6040    87.3525 7.9807e+01  -64.93308  -64.40096 344.426514      99.95 2.6091e+02    757.833      18189          5  0.000e+00
      5.657      5.601    -0.7116  27.395611    -0.7110  27.394801     8.0279     8.1356     1.6040    87.3525 7.9355e+01  -64.93308  -64.40096 344.426515      99.98 2.6091e+02    757.875      18190          5  0.000e+00
      5.595      5.541    -0.7117  27.396126    -0.7109  27.394800     8.0266     8.1354     1.6040    87.3525 7.8907e+01  -64.93308  -64.40096 344.426515      99.98 2.6091e+02    757.917      18191          5  0.000e+00
      5.657      5.601    -0.7116  27.396355    -0.7106  27.395136     8.0269     8.1353     1.6040    87.3525 7.8683e+01  -64.93308  -64.40096 344.426516      99.98 2.6091e+02    757.958      18192          5  0.000e+00
      5.609      5.554    -0.7113  27.396354    -0.7106  27.395080     8.0329     8.1351     1.6040    87.3525 7.8238e+01  -64.93308  -64.40096 344.426516      99.98 2.6091e+02    758.000      18193          5  0.000e+00
      5.643      5.588    -0.7113  27.396355    -0.7108  27.395303     8.0287     8.1406     1.5967    87.3525 7.8017e+01  -64.93308  -64.40096 344.426517      99.98 2.6091e+02    758.042      18194          5  0.000e+00
      5.657      5.602    -0.7116  27.395840    -0.7106  27.394856     8.0292     8.1358     1.5967    87.3782 7.7576e+01  -64.93308  -64.40096 344.426517      99.95 2.6091e+02    758.083      18195          5  0.000e+00
      5.609      5.554    -0.7117  27.396126    -0.7104  27.395080     8.0281     8.1355     1.5967    87.3782 7.7576e+01  -64.93308  -64.40096 344.426518      99.95 2.6091e+02    758.125      18196          5  0.000e+00
      5.643      5.588    -0.7117  27.395840    -0.7103  27.395080     8.0227     8.1409     1.5967    87.3782 7.7137e+01  -64.93308  -64.40096 344.426518      99.98 2.6091e+02    758.167      18197          5  0.000e+00
      5.657      5.602    -0.7116  27.395840    -0.7100  27.395303     8.0336     8.1416     1.5967    87.3782 7.7137e+01  -64.93308  -64.40096 344.426519      99.98 2.6091e+02    758.208      18198          5  0.000e+00
      5.595      5.541    -0.7114  27.395840    -0.7095  27.396196     8.0353     8.1420     1.5967    87.3782 7.6918e+01  -64.93308  -64.40096 344.426519      99.95 2.6091e+02    758.250      18199          5  0.000e+00
      5.657      5.602    -0.7116  27.395840    -0.7099  27.396364     8.0300     8.1427     1.5967    87.3782 7.6918e+01  -64.93308  -64.40096 344.426520      99.95 2.6091e+02    758.292      18200          5  0.000e+00
      5.657      5.602    -0.7108  27.395840    -0.7098  27.396643     8.0318     8.1378     1.5967    87.3782 7.6701e+01  -64.93308  -64.40096 344.426520      99.98 2.6091e+02    758.333      18201          5  0.000e+00
      5.698      5.642    -0.7110  27.395840    -0.7101  27.396197     8.0325     8.1431     1.5967    87.3782 7.6701e+01  -64.93308  -64.40096 344.426521      99.98 2.6091e+02    758.375      18202          5  0.000e+00
      5.657      5.602    -0.7113  27.396126    -0.7100  27.396085     8.0332     8.1436     1.5967    87.3782 7.6701e+01  -64.93308  -64.40096 344.426521      99.98 2.6091e+02    758.417      18203          5  0.000e+00
      5.657      5.602    -0.7116  27.396126    -0.7102  27.395861     8.0340     8.1442     1.5967    87.3782 7.6701e+01  -64.93308  -64.40096 344.426522      99.98 2.6091e+02    758.458      18204          5  0.000e+00
      5.698      5.642    -0.7116  27.396126    -0.7103  27.395638     8.0276     8.1392     1.5967    87.3782 7.6701e+01  -64.93308  -64.40096 344.426522      99.98 2.6091e+02    758.500      18205          5  0.000e+00
