NBP2113_155081_ctd/data/nbp2113_064.cnv
* Sea-Bird SBE 9 Data File:
* FileName = D:\Data\raw\NBP2113_064.hex
* Software Version Seasave V 7.26.7.121
* Temperature SN = 2438
* Conductivity SN = 2067
* Number of Bytes Per Scan = 40
* Number of Voltage Words = 5
* Number of Scans Averaged by the Deck Unit = 1
* NMEA Latitude = 64 10.41 S
* NMEA Longitude = 061 58.85 W
* NMEA UTC (Time) = Dec 14 2021  13:32:28
* NMEA baud rate = 9600
** Ship: RVIB N.B. Palmer
** Cruise: NBP2113 LTER
** Station: 739.006
** Operator: B. Urmston
# nquan = 25
# nvalues = 1595                        
# units = specified
# name 0 = prDM: Pressure, Digiquartz [db]
# name 1 = depSM: Depth [salt water, m]
# name 2 = t090C: Temperature [ITS-90, deg C]
# name 3 = c0mS/cm: Conductivity [mS/cm]
# name 4 = t190C: Temperature, 2 [ITS-90, deg C]
# name 5 = c1mS/cm: Conductivity, 2 [mS/cm]
# name 6 = sbeox0ML/L: Oxygen, SBE 43 [ml/l]
# name 7 = sbeox1ML/L: Oxygen, SBE 43, 2 [ml/l]
# name 8 = flECO-AFL: Fluorescence, WET Labs ECO-AFL/FL [mg/m^3]
# name 9 = CStarTr0: Beam Transmission, WET Labs C-Star [%]
# name 10 = par: PAR/Irradiance, Biospherical/Licor
# name 11 = latitude: Latitude [deg]
# name 12 = longitude: Longitude [deg]
# name 13 = timeJ: Julian Days
# name 14 = altM: Altimeter [m]
# name 15 = spar: SPAR, Biospherical/Licor
# name 16 = timeS: Time, Elapsed [seconds]
# name 17 = scan: Scan Count
# name 18 = density00: Density [density, kg/m^3]
# name 19 = density11: Density, 2 [density, kg/m^3]
# name 20 = sal00: Salinity, Practical [PSU]
# name 21 = sal11: Salinity, Practical, 2 [PSU]
# name 22 = oxsolML/L: Oxygen Saturation, Garcia & Gordon [ml/l]
# name 23 = nbin: number of scans per bin
# name 24 = flag: flag
# span 0 =      1.000,    800.000       
# span 1 =      0.992,    790.676       
# span 2 =    -0.6690,     0.4215       
# span 3 =  28.308071,  28.962639       
# span 4 =    -0.6691,     0.4221       
# span 5 =  28.306287,  28.961151       
# span 6 =     5.3862,    10.2297       
# span 7 =     5.4835,     9.2488       
# span 8 =    -0.0298,     1.5418       
# span 9 =    83.2333,    91.2351       
# span 10 = 1.0000e-12, 4.0452e+02      
# span 11 =  -64.17386,  -64.17328      
# span 12 =  -61.98120,  -61.97968      
# span 13 = 348.567728, 348.596410      
# span 14 =       9.88,      99.98      
# span 15 = 3.6492e+02, 5.0066e+02      
# span 16 =    303.725,   2781.795      
# span 17 =       7290,      66764      
# span 18 =  1027.2022,  1031.5571      
# span 19 =  1027.2113,  1031.5560      
# span 20 =    33.9008,    34.5366      
# span 21 =    33.9117,    34.5351      
# span 22 =    7.98122,    8.17887      
# span 23 =          7,         56      
# span 24 = 0.0000e+00, 0.0000e+00      
# interval = decibars: 1                
# start_time = Dec 14 2021 13:32:28 [NMEA time, header]
# bad_flag = -9.990e-29
*END*
[from data line 1566]
     29.000     28.715     0.2952  28.588408     0.2956  28.587284     7.1294     7.2161     1.0967    86.7203 8.6816e+00  -64.17368  -61.98068 348.595159      99.96 3.7377e+02   2673.704      64170  1027.4673  1027.4656    34.0573    34.0554    8.00145         35 0.0000e+00
     28.000     27.728     0.2937  28.582998     0.2922  28.581051     7.1396     7.2187     1.1981    86.5579 9.6493e+00  -64.17367  -61.98066 348.595299      99.96 3.8146e+02   2685.830      64461  1027.4588  1027.4582    34.0524    34.0515    8.00202         26 0.0000e+00
     27.000     26.735     0.2906  28.578701     0.2907  28.579104     7.1703     7.2502     1.1031    86.5616 1.0642e+01  -64.17364  -61.98064 348.595481      99.97 3.9204e+02   2701.562      64838  1027.4531  1027.4534    34.0508    34.0512    8.00277         46 0.0000e+00
     26.000     25.744     0.2913  28.576839     0.2913  28.574627     7.1744     7.2671     1.1077    86.5187 1.1624e+01  -64.17364  -61.98064 348.595504      99.96 3.9329e+02   2703.502      64885  1027.4462  1027.4438    34.0482    34.0452    8.00277         42 0.0000e+00
     25.000     24.753     0.2914  28.575619     0.2914  28.572779     7.1895     7.2765     1.1505    86.5031 1.2606e+01  -64.17364  -61.98064 348.595527      99.97 3.9492e+02   2705.568      64935  1027.4405  1027.4375    34.0470    34.0434    8.00280         38 0.0000e+00
     24.000     23.766     0.2934  28.575472     0.3007  28.578723     7.2165     7.2979     1.1542    86.4749 1.3766e+01  -64.17364  -61.98064 348.595549      99.97 3.9654e+02   2707.399      64979  1027.4341  1027.4304    34.0452    34.0414    8.00249         40 0.0000e+00
     23.000     22.773     0.3042  28.582106     0.3114  28.585925     7.2460     7.3157     1.1780    86.3252 1.5110e+01  -64.17364  -61.98062 348.595570      99.97 3.9784e+02   2709.261      65023  1027.4264  1027.4235    34.0426    34.0396    8.00040         40 0.0000e+00
     22.000     21.784     0.3150  28.589272     0.3184  28.590379     7.2519     7.3307     1.2658    85.9726 1.6767e+01  -64.17364  -61.98062 348.595593      99.97 3.9953e+02   2711.240      65071  1027.4193  1027.4172    34.0407    34.0383    7.99827         40 0.0000e+00
     21.000     20.795     0.3190  28.591701     0.3231  28.593273     7.2683     7.3398     1.2702    85.6055 1.8404e+01  -64.17364  -61.98062 348.595617      99.97 4.0123e+02   2713.326      65121  1027.4138  1027.4115    34.0400    34.0375    7.99746         34 0.0000e+00
     20.000     19.804     0.3233  28.594205     0.3279  28.595732     7.2685     7.3393     1.2973    85.0967 2.0206e+01  -64.17364  -61.98062 348.595638      99.97 4.0267e+02   2715.143      65164  1027.4081  1027.4053    34.0391    34.0360    7.99662         40 0.0000e+00
     19.000     18.814     0.3249  28.594358     0.3277  28.595030     7.2582     7.3468     1.3282    84.8505 2.2331e+01  -64.17363  -61.98062 348.595657      99.97 4.0439e+02   2716.761      65203  1027.4026  1027.4006    34.0382    34.0359    7.99635         40 0.0000e+00
     18.000     17.824     0.3215  28.591915     0.3289  28.595138     7.2506     7.3481     1.3902    84.7236 2.4924e+01  -64.17362  -61.98062 348.595679      99.97 4.0597e+02   2718.655      65249  1027.3991  1027.3954    34.0394    34.0354    7.99699         43 0.0000e+00
     17.000     16.833     0.3266  28.594482     0.3297  28.595153     7.2698     7.3461     1.4429    84.7526 2.7634e+01  -64.17362  -61.98062 348.595704      99.97 4.0800e+02   2720.799      65300  1027.3926  1027.3905    34.0377    34.0351    7.99603         37 0.0000e+00
     16.000     15.843     0.3297  28.596057     0.3295  28.594638     7.2692     7.3487     1.4355    84.7238 3.0991e+01  -64.17362  -61.98062 348.595726      99.97 4.0948e+02   2722.732      65347  1027.3871  1027.3858    34.0369    34.0352    7.99542         38 0.0000e+00
     15.000     14.853     0.3292  28.595319     0.3293  28.594075     7.2643     7.3476     1.3962    84.7159 3.4127e+01  -64.17362  -61.98060 348.595747      99.97 4.1134e+02   2724.556      65390  1027.3826  1027.3812    34.0371    34.0354    7.99551         43 0.0000e+00
     14.000     13.863     0.3281  28.593978     0.3289  28.592907     7.2698     7.3502     1.3912    84.6556 3.8596e+01  -64.17362  -61.98060 348.595771      99.97 4.1331e+02   2726.578      65439  1027.3780  1027.3762    34.0371    34.0349    7.99573         36 0.0000e+00
     13.000     12.873     0.3269  28.592539     0.3263  28.590915     7.2639     7.3467     1.4064    84.6550 4.3585e+01  -64.17362  -61.98060 348.595799      99.97 4.1528e+02   2728.997      65497  1027.3735  1027.3723    34.0372    34.0357    7.99599         45 0.0000e+00
     12.000     11.882     0.3282  28.592139     0.3272  28.590970     7.2703     7.3530     1.4337    84.6547 4.9011e+01  -64.17362  -61.98060 348.595830      99.97 4.1810e+02   2731.736      65563  1027.3674  1027.3672    34.0358    34.0353    7.99579         39 0.0000e+00
     11.000     10.893     0.3284  28.591715     0.3275  28.590316     7.2678     7.3461     1.4392    84.6287 5.4883e+01  -64.17362  -61.98059 348.595864      99.97 4.2058e+02   2734.606      65632  1027.3626  1027.3619    34.0356    34.0347    7.99575         33 0.0000e+00
     10.000      9.901     0.3284  28.590815     0.3275  28.589799     7.2748     7.3496     1.4227    84.6152 6.2591e+01  -64.17362  -61.98058 348.595902      99.96 4.2379e+02   2737.929      65711  1027.3573  1027.3571    34.0351    34.0347    7.99579         39 0.0000e+00
      9.000      8.913     0.3291  28.590331     0.3278  28.588649     7.2935     7.3503     1.3877    84.6267 7.3024e+01  -64.17362  -61.98058 348.595938      99.96 4.2711e+02   2741.030      65786  1027.3520  1027.3514    34.0343    34.0335    7.99569         30 0.0000e+00
      8.000      7.922     0.3294  28.589877     0.3279  28.588269     7.2872     7.3443     1.3503    84.5954 8.2233e+01  -64.17362  -61.98056 348.595976      99.97 4.3061e+02   2744.337      65865  1027.3468  1027.3466    34.0339    34.0335    7.99565         44 0.0000e+00
      7.000      6.933     0.3297  28.589016     0.3281  28.587751     7.3153     7.3636     1.3237    84.5460 9.5221e+01  -64.17361  -61.98056 348.596013      99.97 4.3440e+02   2747.554      65942  1027.3414  1027.3416    34.0331    34.0332    7.99564         28 0.0000e+00
      6.000      5.942     0.3343  28.584992     0.3380  28.580314     7.2697     7.3969     1.2897    84.3529 1.0982e+02  -64.17360  -61.98056 348.596050      99.97 4.3789e+02   2750.718      66018  1027.3283  1027.3199    34.0233    34.0131    7.99522         33 0.0000e+00
      5.000      4.953     0.3388  28.581156     0.3421  28.576911     7.3815     7.3895     1.2181    83.9593 1.2811e+02  -64.17360  -61.98054 348.596135      99.97 4.4709e+02   2758.074      66195  1027.3159  1027.3081    34.0139    34.0047    7.99482         38 0.0000e+00
      4.000      3.961     0.3418  28.580141     0.3406  28.579463     8.2934     7.4441     1.1695    83.9848 1.5517e+02  -64.17360  -61.98050 348.596360      99.96 4.7187e+02   2777.516      66661  1027.3078  1027.3083    34.0098    34.0103    7.99441         41 0.0000e+00
      3.000      2.971     0.3544  28.569955     0.3517  28.569394    10.2297     8.8753     1.1349    83.8322 1.8929e+02  -64.17360  -61.98050 348.596381      99.97 4.7358e+02   2779.338      66705  1027.2805  1027.2826    33.9832    33.9854    7.99330         32 0.0000e+00
      2.000      1.979     0.3746  28.549248     0.3745  28.546185     7.4982     9.2488     1.0667    83.5953 2.1100e+02  -64.17358  -61.98050 348.596395      99.97 4.7452e+02   2780.551      66734  1027.2347  1027.2315    33.9342    33.9303    7.99183         28 0.0000e+00
      1.000      0.992     0.3856  28.532540     0.3809  28.536921     7.8630     9.1149     0.9590    83.2333 4.0452e+02  -64.17358  -61.98050 348.596410      99.96 4.7601e+02   2781.795      66764  1027.2022  1027.2113    33.9008    33.9117    7.99142         30 0.0000e+00
