NBP2113_155081_ctd/data/nbp2113_047.ros
* Sea-Bird SBE 9 Data File:
* FileName = D:\Data\raw\NBP2113_047.hex
* Software Version Seasave V 7.26.7.121
* Temperature SN = 2438
* Conductivity SN = 2067
* Number of Bytes Per Scan = 40
* Number of Voltage Words = 5
* Number of Scans Averaged by the Deck Unit = 1
* NMEA Latitude = 64 51.26 S
* NMEA Longitude = 063 55.07 W
* NMEA UTC (Time) = Dec 11 2021  06:38:06
* NMEA baud rate = 9600
** Ship: RVIB N.B. Palmer
** Cruise: NBP2113 LTER
** Station: 622.029
** Operator: B. Urmston
# nquan = 20
# nvalues = 1114                                  
# units = specified
# name 0 = prDM: Pressure, Digiquartz [db]
# name 1 = depSM: Depth [salt water, m]
# name 2 = t090C: Temperature [ITS-90, deg C]
# name 3 = c0mS/cm: Conductivity [mS/cm]
# name 4 = t190C: Temperature, 2 [ITS-90, deg C]
# name 5 = c1mS/cm: Conductivity, 2 [mS/cm]
# name 6 = sbeox0ML/L: Oxygen, SBE 43 [ml/l]
# name 7 = sbeox1ML/L: Oxygen, SBE 43, 2 [ml/l]
# name 8 = flECO-AFL: Fluorescence, WET Labs ECO-AFL/FL [mg/m^3]
# name 9 = CStarTr0: Beam Transmission, WET Labs C-Star [%]
# name 10 = par: PAR/Irradiance, Biospherical/Licor
# name 11 = latitude: Latitude [deg]
# name 12 = longitude: Longitude [deg]
# name 13 = timeJ: Julian Days
# name 14 = altM: Altimeter [m]
# name 15 = spar: SPAR, Biospherical/Licor
# name 16 = timeS: Time, Elapsed [seconds]
# name 17 = scan: Scan Count
# name 18 = nbf: Bottles Fired
# name 19 = flag:  0.000e+00
# interval = seconds: 0.0416667
# start_time = Dec 11 2021 06:38:06 [NMEA time, header]
# bad_flag = -9.990e-29
*END*
[from data line 218]
    262.367    259.632     1.1025  29.796315     1.1157  29.808790     4.5516     4.5801    -0.0004    91.4724 1.0000e-12  -64.85470  -63.91816 345.290478      99.98 7.0515e+00   1211.292      29072          5  0.000e+00
    262.428    259.694     1.1029  29.796315     1.1160  29.810346     4.5514     4.5807    -0.0004    91.4724 1.0000e-12  -64.85470  -63.91816 345.290478      99.93 7.0515e+00   1211.333      29073          5  0.000e+00
    262.367    259.632     1.1031  29.796551     1.1161  29.811729     4.5508     4.5802    -0.0004    91.4724 1.0000e-12  -64.85470  -63.91816 345.290479      99.95 7.0515e+00   1211.375      29074          5  0.000e+00
    262.318    259.585     1.1035  29.797141     1.1176  29.811729     4.5514     4.5858    -0.0004    91.4724 1.0000e-12  -64.85470  -63.91816 345.290479      99.98 7.0515e+00   1211.417      29075          5  0.000e+00
    262.428    259.694     1.1041  29.797436     1.1187  29.811556     4.5505     4.5868    -0.0004    91.4724 1.0000e-12  -64.85470  -63.91816 345.290480      99.98 7.0515e+00   1211.458      29076          5  0.000e+00
    262.318    259.585     1.1043  29.797672     1.1195  29.811729     4.5550     4.5822    -0.0004    91.4724 1.0000e-12  -64.85470  -63.91816 345.290480      99.98 7.0515e+00   1211.500      29077          5  0.000e+00
    262.367    259.632     1.1048  29.798556     1.1190  29.812594     4.5506     4.5823    -0.0004    91.4724 1.0000e-12  -64.85470  -63.91816 345.290481      99.98 7.0515e+00   1211.542      29078          5  0.000e+00
    262.325    259.592     1.1050  29.798792     1.1184  29.813400     4.5490     4.5822    -0.0004    91.4724 1.0000e-12  -64.85470  -63.91816 345.290481      99.98 7.0515e+00   1211.583      29079          5  0.000e+00
    262.367    259.632     1.1051  29.799087     1.1179  29.812939     4.5473     4.5821    -0.0004    91.4724 1.0000e-12  -64.85470  -63.91816 345.290482      99.95 7.0515e+00   1211.625      29080          5  0.000e+00
    262.277    259.544     1.1054  29.799087     1.1171  29.812017     4.5453     4.5818    -0.0004    91.4724 1.0000e-12  -64.85470  -63.91816 345.290482      99.95 7.0515e+00   1211.667      29081          5  0.000e+00
    262.367    259.632     1.1054  29.799382     1.1163  29.811441     4.5502     4.5807    -0.0004    91.4724 1.0000e-12  -64.85470  -63.91816 345.290483      99.98 7.0515e+00   1211.708      29082          5  0.000e+00
    262.318    259.585     1.1051  29.799382     1.1162  29.809539     4.5505     4.5802    -0.0004    91.4724 1.0000e-12  -64.85470  -63.91816 345.290483      99.98 7.0515e+00   1211.750      29083          5  0.000e+00
    262.325    259.592     1.1048  29.799618     1.1154  29.808790     4.5449     4.5850    -0.0004    91.4724 1.0000e-12  -64.85470  -63.91816 345.290484      99.98 7.0515e+00   1211.792      29084          5  0.000e+00
    262.318    259.585     1.1046  29.799087     1.1145  29.807580     4.5435     4.5852    -0.0004    91.4982 1.0000e-12  -64.85470  -63.91816 345.290484      99.93 7.0515e+00   1211.833      29085          5  0.000e+00
    262.318    259.585     1.1044  29.797966     1.1145  29.807868     4.5490     4.5797    -0.0004    91.4724 1.0000e-12  -64.85470  -63.91816 345.290485      99.95 7.0515e+00   1211.875      29086          5  0.000e+00
    262.277    259.544     1.1049  29.798261     1.1153  29.808444     4.5485     4.5786    -0.0004    91.4724 1.0000e-12  -64.85470  -63.91816 345.290485      99.98 7.0515e+00   1211.917      29087          5  0.000e+00
    262.318    259.585     1.1046  29.798792     1.1151  29.808560     4.5479     4.5837    -0.0004    91.4724 1.0000e-12  -64.85470  -63.91816 345.290486      99.98 7.0515e+00   1211.958      29088          5  0.000e+00
    262.318    259.585     1.1040  29.798261     1.1137  29.808444     4.5401     4.5843    -0.0004    91.4724 1.0000e-12  -64.85470  -63.91816 345.290486      99.98 7.0515e+00   1212.000      29089          5  0.000e+00
    262.277    259.544     1.1034  29.797966     1.1134  29.807349     4.5435     4.5838    -0.0004    91.4724 1.0000e-12  -64.85470  -63.91816 345.290487      99.98 7.0515e+00   1212.042      29090          5  0.000e+00
    262.318    259.585     1.1032  29.797141     1.1140  29.806485     4.5423     4.5832    -0.0004    91.4724 1.0000e-12  -64.85470  -63.91816 345.290487      99.98 7.0515e+00   1212.083      29091          5  0.000e+00
    262.277    259.544     1.1035  29.796846     1.1143  29.806312     4.5351     4.5832    -0.0004    91.4982 1.0000e-12  -64.85470  -63.91816 345.290488      99.95 7.0515e+00   1212.125      29092          5  0.000e+00
    262.270    259.537     1.1029  29.797141     1.1136  29.806254     4.5322     4.5832    -0.0004    91.4724 1.0000e-12  -64.85470  -63.91816 345.290488      99.95 7.0515e+00   1212.167      29093          5  0.000e+00
    262.318    259.585     1.1025  29.797436     1.1136  29.806485     4.5375     4.5831    -0.0004    91.4982 1.0000e-12  -64.85470  -63.91816 345.290489      99.98 7.0515e+00   1212.208      29094          5  0.000e+00
    262.277    259.544     1.1021  29.796551     1.1128  29.806485     4.5383     4.5829    -0.0077    91.4982 1.0000e-12  -64.85470  -63.91816 345.290489      99.98 7.0515e+00   1212.250      29095          5  0.000e+00
    262.270    259.537     1.1029  29.796020     1.1114  29.805966     4.5375     4.5889    -0.0150    91.4982 1.0000e-12  -64.85470  -63.91816 345.290489      99.98 7.0515e+00   1212.292      29096          5  0.000e+00
    262.270    259.537     1.1028  29.796315     1.1092  29.804699     4.5367     4.5843    -0.0150    91.4982 1.0000e-12  -64.85470  -63.91816 345.290490      99.93 7.0515e+00   1212.333      29097          5  0.000e+00
    262.277    259.544     1.1020  29.796315     1.1081  29.803201     4.5427     4.5892    -0.0150    91.4982 1.0000e-12  -64.85470  -63.91816 345.290490      99.95 7.0515e+00   1212.375      29098          5  0.000e+00
    263.137    260.394     1.1334  29.828526     1.1422  29.839109     4.4859     4.5683    -0.0150    91.4982 1.0000e-12  -64.85470  -63.91814 345.290548      99.95 7.0515e+00   1217.375      29218          6  0.000e+00
    263.199    260.455     1.1341  29.829057     1.1410  29.838821     4.4924     4.5624    -0.0150    91.4982 1.0000e-12  -64.85470  -63.91814 345.290549      99.98 7.0515e+00   1217.417      29219          6  0.000e+00
    263.089    260.347     1.1347  29.828880     1.1405  29.836572     4.4876     4.5663    -0.0150    91.4982 1.0000e-12  -64.85470  -63.91814 345.290549      99.98 7.0515e+00   1217.458      29220          6  0.000e+00
    263.185    260.442     1.1342  29.829883     1.1390  29.835478     4.4874     4.5658    -0.0150    91.4982 1.0000e-12  -64.85470  -63.91814 345.290550      99.98 7.0515e+00   1217.500      29221          6  0.000e+00
    263.144    260.401     1.1342  29.830178     1.1373  29.833287     4.4803     4.5661    -0.0150    91.4982 1.0000e-12  -64.85470  -63.91814 345.290550      99.98 7.0515e+00   1217.542      29222          6  0.000e+00
    263.137    260.394     1.1347  29.829588     1.1366  29.831096     4.4846     4.5663    -0.0150    91.4982 1.0000e-12  -64.85470  -63.91814 345.290551      99.98 7.0515e+00   1217.583      29223          6  0.000e+00
    263.199    260.455     1.1348  29.829765     1.1355  29.830520     4.4848     4.5612    -0.0150    91.4982 1.0000e-12  -64.85470  -63.91814 345.290551      99.95 7.0515e+00   1217.625      29224          6  0.000e+00
    263.137    260.394     1.1345  29.829588     1.1350  29.829944     4.4780     4.5606    -0.0150    91.4982 1.0000e-12  -64.85470  -63.91814 345.290552      99.95 7.0515e+00   1217.667      29225          6  0.000e+00
    263.185    260.442     1.1342  29.829883     1.1351  29.829425     4.4757     4.5599    -0.0150    91.4982 1.0000e-12  -64.85470  -63.91814 345.290552      99.98 7.0515e+00   1217.708      29226          6  0.000e+00
    263.144    260.401     1.1337  29.829883     1.1350  29.829713     4.4806     4.5592    -0.0150    91.4982 1.0000e-12  -64.85470  -63.91814 345.290553      99.98 7.0515e+00   1217.750      29227          6  0.000e+00
    263.137    260.394     1.1333  29.829352     1.1350  29.829425     4.4755     4.5640    -0.0150    91.4982 1.0000e-12  -64.85470  -63.91814 345.290553      99.98 7.0515e+00   1217.792      29228          6  0.000e+00
    263.144    260.401     1.1334  29.828880     1.1340  29.829425     4.4749     4.5589    -0.0150    91.4982 1.0000e-12  -64.85470  -63.91814 345.290554      99.93 7.0515e+00   1217.833      29229          6  0.000e+00
    263.137    260.394     1.1336  29.828762     1.1335  29.828618     4.4732     4.5584    -0.0150    91.4982 1.0000e-12  -64.85470  -63.91814 345.290554      99.95 7.0515e+00   1217.875      29230          6  0.000e+00
    263.185    260.442     1.1337  29.828526     1.1333  29.827753     4.4785     4.5580    -0.0150    91.4982 1.0000e-12  -64.85470  -63.91814 345.290555      99.98 7.0515e+00   1217.917      29231          6  0.000e+00
    263.096    260.353     1.1337  29.829057     1.1328  29.827465     4.4739     4.5575    -0.0150    91.4724 1.0000e-12  -64.85470  -63.91814 345.290555      99.98 7.0515e+00   1217.958      29232          6  0.000e+00
    263.137    260.394     1.1341  29.828880     1.1326  29.827235     4.4738     4.5571    -0.0150    91.4724 1.0000e-12  -64.85470  -63.91814 345.290556      99.98 7.0515e+00   1218.000      29233          6  0.000e+00
    263.137    260.394     1.1339  29.829057     1.1329  29.826946     4.4726     4.5566    -0.0150    91.4467 1.0000e-12  -64.85470  -63.91814 345.290556      99.98 7.0515e+00   1218.042      29234          6  0.000e+00
    263.096    260.353     1.1333  29.829057     1.1335  29.826658     4.4728     4.5561    -0.0150    91.4724 1.0000e-12  -64.85470  -63.91814 345.290557      99.98 7.0515e+00   1218.083      29235          6  0.000e+00
    263.137    260.394     1.1331  29.829057     1.1343  29.827465     4.4732     4.5556    -0.0150    91.4467 1.0000e-12  -64.85470  -63.91814 345.290557      99.95 7.0515e+00   1218.125      29236          6  0.000e+00
    263.144    260.401     1.1328  29.828349     1.1350  29.828330     4.4682     4.5552    -0.0150    91.4724 1.0000e-12  -64.85470  -63.91814 345.290557      99.95 7.0515e+00   1218.167      29237          6  0.000e+00
    263.089    260.347     1.1322  29.828231     1.1350  29.828560     4.4677     4.5549    -0.0150    91.4724 1.0000e-12  -64.85470  -63.91814 345.290558      99.98 7.0515e+00   1218.208      29238          6  0.000e+00
    263.089    260.347     1.1308  29.827641     1.1350  29.829425     4.4732     4.5546    -0.0150    91.4724 1.0000e-12  -64.85470  -63.91814 345.290558      99.98 7.0515e+00   1218.250      29239          6  0.000e+00
    263.096    260.353     1.1295  29.826815     1.1353  29.828848     4.4745     4.5543    -0.0150    91.4467 1.0000e-12  -64.85470  -63.91814 345.290559      99.98 7.0515e+00   1218.292      29240          6  0.000e+00
    263.034    260.292     1.1292  29.825281     1.1354  29.829713     4.4745     4.5540    -0.0150    91.4467 1.0000e-12  -64.85470  -63.91814 345.290559      99.95 7.0515e+00   1218.333      29241          6  0.000e+00
    263.137    260.394     1.1297  29.823511     1.1349  29.829425     4.4689     4.5486    -0.0150    91.4724 1.0000e-12  -64.85470  -63.91814 345.290560      99.98 7.0515e+00   1218.375      29242          6  0.000e+00
    263.041    260.299     1.1294  29.824337     1.1340  29.829136     4.4748     4.5478    -0.0150    91.4724 1.0000e-12  -64.85470  -63.91814 345.290560      99.98 7.0515e+00   1218.417      29243          6  0.000e+00
    263.089    260.347     1.1289  29.824868     1.1331  29.828330     4.4752     4.5471    -0.0150    91.4467 1.0000e-12  -64.85470  -63.91814 345.290561      99.98 7.0515e+00   1218.458      29244          6  0.000e+00
    262.992    260.251     1.1278  29.823629     1.1322  29.827465     4.4702     4.5463    -0.0150    91.4724 1.0000e-12  -64.85470  -63.91814 345.290561      99.98 7.0515e+00   1218.500      29245          6  0.000e+00
    263.089    260.347     1.1273  29.822980     1.1312  29.826370     4.4696     4.5512    -0.0150    91.4724 1.0000e-12  -64.85470  -63.91814 345.290562      99.98 7.0515e+00   1218.542      29246          6  0.000e+00
    262.986    260.245     1.1266  29.821859     1.1295  29.825563     4.4762     4.5461    -0.0150    91.4467 1.0000e-12  -64.85470  -63.91814 345.290562      99.98 7.0515e+00   1218.583      29247          6  0.000e+00
    263.041    260.299     1.1263  29.821564     1.1287  29.824180     4.4786     4.5457    -0.0150    91.4467 1.0000e-12  -64.85470  -63.91814 345.290563      99.95 7.0515e+00   1218.625      29248          6  0.000e+00
    262.986    260.245     1.1259  29.821092     1.1280  29.822796     4.4741     4.5452    -0.0150    91.4724 1.0000e-12  -64.85470  -63.91814 345.290563      99.95 7.0515e+00   1218.667      29249          6  0.000e+00
    262.992    260.251     1.1251  29.821033     1.1272  29.821470     4.4685     4.5449    -0.0150    91.4467 1.0000e-12  -64.85470  -63.91814 345.290564      99.98 7.0515e+00   1218.708      29250          6  0.000e+00
    262.986    260.245     1.1251  29.820443     1.1271  29.821413     4.4774     4.5445    -0.0150    91.4467 1.0000e-12  -64.85470  -63.91814 345.290564      99.98 7.0515e+00   1218.750      29251          6  0.000e+00
    262.986    260.245     1.1248  29.820148     1.1267  29.820836     4.4734     4.5442    -0.0150    91.4724 1.0000e-12  -64.85470  -63.91814 345.290565      99.98 7.0515e+00   1218.792      29252          6  0.000e+00
    262.889    260.149     1.1243  29.819971     1.1269  29.820606     4.4681     4.5439    -0.0224    91.4724 1.0000e-12  -64.85470  -63.91814 345.290565      99.95 7.0515e+00   1218.833      29253          6  0.000e+00
    262.986    260.245     1.1234  29.819322     1.1266  29.820606     4.4663     4.5437    -0.0224    91.4982 1.0000e-12  -64.85470  -63.91814 345.290566      99.95 7.0515e+00   1218.875      29254          6  0.000e+00
    262.882    260.143     1.1223  29.818791     1.1267  29.820836     4.4702     4.5435    -0.0224    91.4982 1.0000e-12  -64.85470  -63.91814 345.290566      99.98 7.0515e+00   1218.917      29255          6  0.000e+00
    262.944    260.204     1.1222  29.817375     1.1263  29.820606     4.4712     4.5435    -0.0224    91.4982 1.0000e-12  -64.85470  -63.91814 345.290567      99.98 7.0515e+00   1218.958      29256          6  0.000e+00
    262.882    260.143     1.1219  29.816608     1.1263  29.820317     4.4667     4.5435    -0.0224    91.4982 1.0000e-12  -64.85470  -63.91814 345.290567      99.98 7.0515e+00   1219.000      29257          6  0.000e+00
    262.889    260.149     1.1211  29.816549     1.1260  29.820087     4.4654     4.5436    -0.0224    91.4982 1.0000e-12  -64.85470  -63.91814 345.290568      99.98 7.0515e+00   1219.042      29258          6  0.000e+00
    262.882    260.143     1.1201  29.816018     1.1254  29.819453     4.4700     4.5438    -0.0224    91.4982 1.0000e-12  -64.85470  -63.91814 345.290568      99.98 7.0515e+00   1219.083      29259          6  0.000e+00
    262.827    260.088     1.1198  29.814897     1.1250  29.819222     4.4660     4.5441    -0.0224    91.4982 1.0000e-12  -64.85470  -63.91814 345.290569      99.95 7.0515e+00   1219.125      29260          6  0.000e+00
    262.841    260.102     1.1193  29.814956     1.1244  29.818934     4.4652     4.5444    -0.0224    91.4724 1.0000e-12  -64.85470  -63.91814 345.290569      99.95 7.0515e+00   1219.167      29261          6  0.000e+00
