NBP2113_155081_ctd/data/nbp2113_032.ros
* Sea-Bird SBE 9 Data File:
* FileName = D:\Data\raw\NBP2113_032.hex
* Software Version Seasave V 7.26.7.121
* Temperature SN = 2438
* Conductivity SN = 2067
* Number of Bytes Per Scan = 40
* Number of Voltage Words = 5
* Number of Scans Averaged by the Deck Unit = 1
* NMEA Latitude = 65 50.96 S
* NMEA Longitude = 071 22.70 W
* NMEA UTC (Time) = Dec 07 2021  06:49:20
* NMEA baud rate = 9600
** Ship: RVIB N.B. Palmer
** Cruise: NBP2113 LTER
** Station: 300.200
** Operator: B. Urmston
# nquan = 20
# nvalues = 196                                   
# units = specified
# name 0 = prDM: Pressure, Digiquartz [db]
# name 1 = depSM: Depth [salt water, m]
# name 2 = t090C: Temperature [ITS-90, deg C]
# name 3 = c0mS/cm: Conductivity [mS/cm]
# name 4 = t190C: Temperature, 2 [ITS-90, deg C]
# name 5 = c1mS/cm: Conductivity, 2 [mS/cm]
# name 6 = sbeox0ML/L: Oxygen, SBE 43 [ml/l]
# name 7 = sbeox1ML/L: Oxygen, SBE 43, 2 [ml/l]
# name 8 = flECO-AFL: Fluorescence, WET Labs ECO-AFL/FL [mg/m^3]
# name 9 = CStarTr0: Beam Transmission, WET Labs C-Star [%]
# name 10 = par: PAR/Irradiance, Biospherical/Licor
# name 11 = latitude: Latitude [deg]
# name 12 = longitude: Longitude [deg]
# name 13 = timeJ: Julian Days
# name 14 = altM: Altimeter [m]
# name 15 = spar: SPAR, Biospherical/Licor
# name 16 = timeS: Time, Elapsed [seconds]
# name 17 = scan: Scan Count
# name 18 = nbf: Bottles Fired
# name 19 = flag:  0.000e+00
# interval = seconds: 0.0416667
# start_time = Dec 07 2021 06:49:20 [NMEA time, header]
# bad_flag = -9.990e-29
*END*
[from data line 145]
     25.198     24.948    -0.4947  27.788372    -0.4947  27.786785     8.1306     8.1683     2.9886    89.7214 1.0000e-12  -65.84892  -71.37786 341.374991      99.95 1.6571e+02   7839.208     188142          3  0.000e+00
     25.123     24.873    -0.4945  27.788257    -0.4946  27.786505     8.1314     8.1727     2.8567    89.7214 1.0000e-12  -65.84892  -71.37786 341.374991      99.95 1.6571e+02   7839.250     188143          3  0.000e+00
     25.225     24.975    -0.4947  27.787970    -0.4945  27.786673     8.1392     8.1734     2.7542    89.7214 1.0000e-12  -65.84892  -71.37786 341.374992      99.98 1.6571e+02   7839.333     188145          4  0.000e+00
     25.095     24.846    -0.4947  27.788142    -0.4945  27.786785     8.1398     8.1685     2.7688    89.7214 1.0000e-12  -65.84892  -71.37786 341.374993      99.95 1.6571e+02   7839.375     188146          4  0.000e+00
     25.123     24.873    -0.4947  27.788199    -0.4947  27.786673     8.1347     8.1685     2.7615    89.7214 1.0000e-12  -65.84892  -71.37786 341.374993      99.95 1.6571e+02   7839.417     188147          4  0.000e+00
     25.020     24.772    -0.4949  27.787797    -0.4947  27.786785     8.1295     8.1684     2.7688    89.9532 1.0000e-12  -65.84892  -71.37786 341.374994      99.98 1.6571e+02   7839.458     188148          4  0.000e+00
     25.123     24.873    -0.4945  27.788027    -0.4946  27.786505     8.1333     8.1685     2.7688    90.2107 1.0000e-12  -65.84892  -71.37786 341.374994      99.98 1.6571e+02   7839.500     188149          4  0.000e+00
     25.047     24.799    -0.4947  27.787797    -0.4948  27.786729     8.1281     8.1675     2.7688    90.2622 1.0000e-12  -65.84892  -71.37786 341.374995      99.98 1.6571e+02   7839.542     188150          4  0.000e+00
     25.075     24.826    -0.4947  27.788027    -0.4946  27.786336     8.1261     8.1667     2.7688    90.2364 1.0000e-12  -65.84892  -71.37786 341.374995      99.98 1.6571e+02   7839.583     188151          4  0.000e+00
     25.020     24.772    -0.4945  27.788026    -0.4950  27.786055     8.1196     8.1722     2.7688    90.2364 1.0000e-12  -65.84892  -71.37786 341.374996      99.98 1.6571e+02   7839.625     188152          4  0.000e+00
     24.993     24.745    -0.4945  27.787969    -0.4947  27.786224     8.1235     8.1730     2.7688    90.2364 1.0000e-12  -65.84892  -71.37786 341.374996      99.98 1.6571e+02   7839.667     188153          4  0.000e+00
     25.020     24.772    -0.4949  27.787739    -0.4946  27.786392     8.1232     8.1685     2.7688    90.2364 1.0000e-12  -65.84892  -71.37786 341.374997      99.95 1.6571e+02   7839.708     188154          4  0.000e+00
     24.917     24.670    -0.4949  27.787681    -0.4950  27.786336     8.1227     8.1685     2.7688    90.2364 1.0000e-12  -65.84892  -71.37786 341.374997      99.98 1.6571e+02   7839.750     188155          4  0.000e+00
     24.972     24.724    -0.4947  27.787681    -0.4950  27.786560     8.1238     8.1741     2.7615    90.2364 1.0000e-12  -65.84890  -71.37786 341.374998      99.98 1.6571e+02   7839.792     188156          4  0.000e+00
     24.945     24.697    -0.4947  27.787854    -0.4946  27.786616     8.1235     8.1686     2.7688    90.2364 1.0000e-12  -65.84890  -71.37786 341.374998      99.98 1.6571e+02   7839.833     188157          4  0.000e+00
     24.917     24.670    -0.4949  27.788141    -0.4948  27.786841     8.1219     8.1742     2.7688    90.2364 1.0000e-12  -65.84890  -71.37786 341.374999      99.95 1.6571e+02   7839.875     188158          4  0.000e+00
     24.869     24.623    -0.4947  27.787624    -0.4947  27.786448     8.1131     8.1751     2.7688    90.2364 1.0000e-12  -65.84890  -71.37786 341.374999      99.93 1.6571e+02   7839.917     188159          4  0.000e+00
     24.945     24.697    -0.4945  27.787969    -0.4948  27.786785     8.1116     8.1762     2.7688    90.2364 1.0000e-12  -65.84890  -71.37786 341.375000      99.98 1.6571e+02   7839.958     188160          4  0.000e+00
     24.821     24.575    -0.4947  27.788026    -0.4948  27.786448     8.1145     8.1770     2.7688    90.2364 1.0000e-12  -65.84890  -71.37786 341.375000      99.98 1.6571e+02   7840.000     188161          4  0.000e+00
     24.821     24.575    -0.4945  27.787739    -0.4949  27.786391     8.1130     8.1771     2.7688    90.2364 1.0000e-12  -65.84890  -71.37786 341.375000      99.98 1.6571e+02   7840.042     188162          4  0.000e+00
     24.821     24.575    -0.4945  27.788026    -0.4947  27.786335     8.1116     8.1771     2.7688    90.2364 1.0000e-12  -65.84890  -71.37786 341.375001      99.98 1.6571e+02   7840.083     188163          4  0.000e+00
     24.794     24.548    -0.4945  27.788198    -0.4948  27.786335     8.1115     8.1780     2.7688    90.2364 1.0000e-12  -65.84890  -71.37786 341.375001      99.98 1.6571e+02   7840.125     188164          4  0.000e+00
     24.767     24.521    -0.4947  27.788026    -0.4949  27.786391     8.1159     8.1789     2.7688    90.2364 1.0000e-12  -65.84890  -71.37786 341.375002      99.98 1.6571e+02   7840.167     188165          4  0.000e+00
     24.767     24.521    -0.4942  27.787968    -0.4947  27.786560     8.1099     8.1788     2.7688    90.2364 1.0000e-12  -65.84890  -71.37786 341.375002      99.95 1.6571e+02   7840.208     188166          4  0.000e+00
     24.739     24.494    -0.4945  27.788141    -0.4948  27.786447     8.1098     8.1742     2.7688    90.2364 1.0000e-12  -65.84890  -71.37786 341.375003      99.98 1.6571e+02   7840.250     188167          4  0.000e+00
     24.719     24.474    -0.4947  27.787796    -0.4949  27.786335     8.1143     8.1743     2.7688    89.9274 1.0000e-12  -65.84890  -71.37786 341.375003      99.98 1.6571e+02   7840.292     188168          4  0.000e+00
     24.664     24.419    -0.4947  27.787681    -0.4948  27.786391     8.1083     8.1742     2.8128    89.4382 1.0000e-12  -65.84890  -71.37786 341.375004      99.98 1.6571e+02   7840.333     188169          4  0.000e+00
     24.616     24.372    -0.4947  27.787853    -0.4948  27.786110     8.1054     8.1798     2.8861    89.2837 1.0000e-12  -65.84890  -71.37786 341.375004      99.93 1.6571e+02   7840.375     188170          4  0.000e+00
     24.691     24.446    -0.4945  27.787738    -0.4948  27.786335     8.1053     8.1808     2.9080    89.3094 1.0000e-12  -65.84890  -71.37786 341.375005      99.95 1.6571e+02   7840.417     188171          4  0.000e+00
     24.616     24.372    -0.4945  27.787853    -0.4947  27.786335     8.1124     8.1753     2.9080    89.3352 1.0000e-12  -65.84890  -71.37786 341.375005      99.98 1.6571e+02   7840.458     188172          4  0.000e+00
     24.616     24.372    -0.4944  27.787566    -0.4949  27.786335     8.1107     8.1809     2.9007    89.3352 1.0000e-12  -65.84890  -71.37786 341.375006      99.98 1.6571e+02   7840.500     188173          4  0.000e+00
     24.541     24.297    -0.4942  27.787795    -0.4948  27.786166     8.1121     8.1763     2.9007    89.3352 1.0000e-12  -65.84890  -71.37786 341.375006      99.98 1.6571e+02   7840.542     188174          4  0.000e+00
     24.568     24.324    -0.4945  27.787738    -0.4945  27.786503     8.1139     8.1755     2.9007    89.3352 1.0000e-12  -65.84890  -71.37786 341.375007      99.98 1.6571e+02   7840.583     188175          4  0.000e+00
     24.568     24.324    -0.4944  27.787680    -0.4945  27.786447     8.1157     8.1757     2.9007    89.3352 1.0000e-12  -65.84890  -71.37786 341.375007      99.98 1.6571e+02   7840.625     188176          4  0.000e+00
     24.465     24.223    -0.4945  27.788082    -0.4944  27.786334     8.1161     8.1757     2.9007    89.3352 1.0000e-12  -65.84890  -71.37786 341.375008      99.98 1.6571e+02   7840.667     188177          4  0.000e+00
     24.541     24.297    -0.4945  27.788025    -0.4945  27.786391     8.1109     8.1815     2.9007    89.3352 1.0000e-12  -65.84890  -71.37786 341.375008      99.95 1.6571e+02   7840.708     188178          4  0.000e+00
     24.465     24.223    -0.4944  27.787967    -0.4944  27.786559     8.1101     8.1816     2.9007    89.3352 1.0000e-12  -65.84890  -71.37786 341.375009      99.95 1.6571e+02   7840.750     188179          4  0.000e+00
     24.411     24.169    -0.4942  27.787967    -0.4944  27.786446     8.1095     8.1817     2.9007    89.3352 1.0000e-12  -65.84890  -71.37786 341.375009      99.98 1.6571e+02   7840.792     188180          4  0.000e+00
     24.438     24.196    -0.4944  27.787967    -0.4946  27.786334     8.1091     8.1819     2.9007    89.3352 1.0000e-12  -65.84890  -71.37786 341.375010      99.98 1.6571e+02   7840.833     188181          4  0.000e+00
     24.411     24.169    -0.4942  27.787737    -0.4945  27.786166     8.1073     8.1819     2.9007    89.3352 1.0000e-12  -65.84890  -71.37786 341.375010      99.95 1.6571e+02   7840.875     188182          4  0.000e+00
     24.363     24.121    -0.4942  27.787680    -0.4944  27.786502     8.0998     8.1818     2.9007    89.3352 1.0000e-12  -65.84890  -71.37786 341.375011      99.93 1.6571e+02   7840.917     188183          4  0.000e+00
     24.383     24.142    -0.4945  27.787852    -0.4943  27.786390     8.0969     8.1818     2.9007    89.3352 1.0000e-12  -65.84890  -71.37786 341.375011      99.95 1.6571e+02   7840.958     188184          4  0.000e+00
     24.363     24.121    -0.4944  27.787737    -0.4944  27.786559     8.0941     8.1827     2.9007    89.3352 1.0000e-12  -65.84890  -71.37786 341.375012      99.98 1.6571e+02   7841.000     188185          4  0.000e+00
     24.315     24.074    -0.4945  27.787680    -0.4945  27.786166     8.0958     8.1827     2.9007    89.3352 1.0000e-12  -65.84890  -71.37786 341.375012      99.98 1.6571e+02   7841.042     188186          4  0.000e+00
     24.260     24.020    -0.4945  27.787852    -0.4945  27.786334     8.0957     8.1825     2.9007    89.3094 1.0000e-12  -65.84890  -71.37786 341.375013      99.98 1.6571e+02   7841.083     188187          4  0.000e+00
     24.335     24.094    -0.4942  27.787737    -0.4944  27.786334     8.1018     8.1824     2.9007    89.4382 1.0000e-12  -65.84890  -71.37786 341.375013      99.98 1.6571e+02   7841.125     188188          4  0.000e+00
     24.260     24.020    -0.4944  27.787680    -0.4945  27.786165     8.1033     8.1823     2.9007    89.8759 1.0000e-12  -65.84890  -71.37786 341.375014      99.95 1.6571e+02   7841.167     188189          4  0.000e+00
     24.212     23.972    -0.4942  27.787679    -0.4944  27.786278     8.1034     8.1765     2.9007    90.0304 1.0000e-12  -65.84890  -71.37786 341.375014      99.95 1.6747e+02   7841.208     188190          4  0.000e+00
     24.233     23.992    -0.4945  27.788024    -0.4945  27.786165     8.1109     8.1810     2.9007    90.0562 1.0000e-12  -65.84890  -71.37786 341.375014      99.98 1.6571e+02   7841.250     188191          4  0.000e+00
     24.212     23.972    -0.4944  27.788024    -0.4945  27.785885     8.1138     8.1762     2.9007    90.0304 1.0000e-12  -65.84890  -71.37786 341.375015      99.98 1.6571e+02   7841.292     188192          4  0.000e+00
     24.260     24.020    -0.4944  27.787737    -0.4947  27.785885     8.1169     8.1807     2.9007    90.0304 1.0000e-12  -65.84890  -71.37786 341.375015      99.98 1.6747e+02   7841.333     188193          4  0.000e+00
