NBP2113_155081_ctd/data/nbp2113_002.cnv
* Sea-Bird SBE 9 Data File:
* FileName = D:\Data\raw\NBP2113_002.hex
* Software Version Seasave V 7.26.7.121
* Temperature SN = 2438
* Conductivity SN = 2067
* Number of Bytes Per Scan = 40
* Number of Voltage Words = 5
* Number of Scans Averaged by the Deck Unit = 1
* NMEA Latitude = 63 34.52 S
* NMEA Longitude = 060 42.00 W
* NMEA UTC (Time) = Nov 22 2021  11:46:05
* NMEA baud rate = 9600
** Ship: RVIB N.B. Palmer
** Cruise: NBP2113 LTER
** Station: 831.-002
** Operator: B. Urmston
# nquan = 25
# nvalues = 1197                        
# units = specified
# name 0 = prDM: Pressure, Digiquartz [db]
# name 1 = depSM: Depth [salt water, m]
# name 2 = t090C: Temperature [ITS-90, deg C]
# name 3 = c0mS/cm: Conductivity [mS/cm]
# name 4 = t190C: Temperature, 2 [ITS-90, deg C]
# name 5 = c1mS/cm: Conductivity, 2 [mS/cm]
# name 6 = sbeox0ML/L: Oxygen, SBE 43 [ml/l]
# name 7 = sbeox1ML/L: Oxygen, SBE 43, 2 [ml/l]
# name 8 = flECO-AFL: Fluorescence, WET Labs ECO-AFL/FL [mg/m^3]
# name 9 = CStarTr0: Beam Transmission, WET Labs C-Star [%]
# name 10 = par: PAR/Irradiance, Biospherical/Licor
# name 11 = latitude: Latitude [deg]
# name 12 = longitude: Longitude [deg]
# name 13 = timeJ: Julian Days
# name 14 = altM: Altimeter [m]
# name 15 = spar: SPAR, Biospherical/Licor
# name 16 = timeS: Time, Elapsed [seconds]
# name 17 = scan: Scan Count
# name 18 = density00: Density [density, kg/m^3]
# name 19 = density11: Density, 2 [density, kg/m^3]
# name 20 = sal00: Salinity, Practical [PSU]
# name 21 = sal11: Salinity, Practical, 2 [PSU]
# name 22 = oxsolML/L: Oxygen Saturation, Garcia & Gordon [ml/l]
# name 23 = nbin: number of scans per bin
# name 24 = flag: flag
# span 0 =      1.000,    601.000       
# span 1 =      0.990,    594.304       
# span 2 =    -1.3531,    -0.6414       
# span 3 =  27.600342,  27.993725       
# span 4 =    -1.3527,    -0.6261       
# span 5 =  27.599064,  28.004272       
# span 6 =     6.7855,     7.6703       
# span 7 =     6.7492,     7.5568       
# span 8 =    -0.0151,     0.9223       
# span 9 =    93.5564,    98.7498       
# span 10 = 1.0000e-12, 3.8264e+02      
# span 11 =  -63.57548,  -63.57542      
# span 12 =  -60.69968,  -60.69924      
# span 13 = 326.494048, 326.521512      
# span 14 =     -10.52,     102.48      
# span 15 = 1.7682e+03, 1.8061e+03      
# span 16 =    320.726,   2693.623      
# span 17 =       7698,      64648      
# span 18 =  1027.6018,  1030.6286      
# span 19 =  1027.5955,  1030.6271      
# span 20 =    34.3275,    34.5027      
# span 21 =    34.3214,    34.5008      
# span 22 =    8.18457,    8.33442      
# span 23 =         11,         51      
# span 24 = 0.0000e+00, 0.0000e+00      
# interval = decibars: 1                
# start_time = Nov 22 2021 11:46:05 [NMEA time, header]
# bad_flag = -9.990e-29
*END*
[from data line 928]
    269.000    266.217    -1.3418  27.605990    -1.3416  27.604822     7.3413     7.2362     0.0896    98.0956 1.0000e-12  -63.57544  -60.69954 326.512302      99.98 1.7911e+03   1897.899      45551  1028.9994  1028.9979    34.4374    34.4355    8.33214         14 0.0000e+00
    268.000    265.228    -1.3413  27.605498    -1.3414  27.604174     7.3455     7.2410     0.0899    98.0969 1.0000e-12  -63.57544  -60.69954 326.512309      99.98 1.7911e+03   1898.495      45565  1028.9941  1028.9927    34.4368    34.4350    8.33207         15 0.0000e+00
    267.000    264.238    -1.3415  27.604911    -1.3413  27.603837     7.3441     7.2433     0.0916    98.0679 1.0000e-12  -63.57544  -60.69954 326.512318      99.98 1.7926e+03   1899.256      45583  1028.9894  1028.9880    34.4368    34.4351    8.33212         23 0.0000e+00
    266.000    263.250    -1.3416  27.604543    -1.3417  27.603197     7.3458     7.2530     0.1003    98.0831 1.0000e-12  -63.57544  -60.69952 326.512352      99.98 1.7929e+03   1902.226      45654  1028.9848  1028.9834    34.4370    34.4354    8.33212         38 0.0000e+00
    265.000    262.262    -1.3418  27.603969    -1.3417  27.602726     7.3400     7.2499     0.0932    98.0764 1.0000e-12  -63.57544  -60.69952 326.512375      99.98 1.7929e+03   1904.158      45701  1028.9802  1028.9786    34.4372    34.4353    8.33217         19 0.0000e+00
    264.000    261.273    -1.3410  27.603814    -1.3410  27.602593     7.3434     7.2479     0.0878    98.0734 1.0000e-12  -63.57544  -60.69953 326.512382      99.97 1.7929e+03   1904.836      45717  1028.9748  1028.9736    34.4366    34.4350    8.33201         14 0.0000e+00
    263.000    260.282    -1.3395  27.604333    -1.3393  27.602978     7.3485     7.2482     0.0728    98.0743 1.0000e-12  -63.57544  -60.69954 326.512389      99.98 1.7929e+03   1905.400      45731  1028.9697  1028.9680    34.4362    34.4342    8.33170         13 0.0000e+00
    262.000    259.295    -1.3376  27.604683    -1.3374  27.603423     7.3544     7.2483     0.0750    98.0903 1.0000e-12  -63.57544  -60.69954 326.512395      99.98 1.7941e+03   1905.943      45744  1028.9639  1028.9623    34.4352    34.4332    8.33134         14 0.0000e+00
    261.000    258.303    -1.3368  27.604522    -1.3368  27.603278     7.3391     7.2464     0.0828    98.0647 1.0000e-12  -63.57544  -60.69954 326.512402      99.98 1.7946e+03   1906.553      45758  1028.9587  1028.9573    34.4347    34.4330    8.33120         16 0.0000e+00
    260.000    257.316    -1.3375  27.603782    -1.3378  27.602341     7.3365     7.2444     0.0994    98.0334 1.0000e-12  -63.57544  -60.69952 326.512413      99.98 1.7936e+03   1907.470      45780  1028.9542  1028.9530    34.4350    34.4335    8.33132         29 0.0000e+00
    259.000    256.327    -1.3381  27.602959    -1.3393  27.601086     7.3504     7.2497     0.1093    98.0577 1.0000e-12  -63.57544  -60.69950 326.512455      99.98 1.7922e+03   1911.081      45867  1028.9497  1028.9488    34.4353    34.4340    8.33145         30 0.0000e+00
    258.000    255.337    -1.3381  27.602464    -1.3385  27.601116     7.3316     7.2445     0.0880    98.0486 1.0000e-12  -63.57544  -60.69952 326.512467      99.98 1.7902e+03   1912.135      45892  1028.9449  1028.9438    34.4352    34.4338    8.33146         20 0.0000e+00
    257.000    254.350    -1.3371  27.602614    -1.3371  27.601387     7.3417     7.2413     0.0785    98.0558 1.0000e-12  -63.57544  -60.69952 326.512476      99.97 1.7888e+03   1912.902      45911  1028.9398  1028.9384    34.4349    34.4332    8.33125         18 0.0000e+00
    256.000    253.359    -1.3348  27.603605    -1.3346  27.602418     7.3308     7.2435     0.0768    98.0374 1.0000e-12  -63.57544  -60.69952 326.512484      99.98 1.7876e+03   1913.613      45928  1028.9343  1028.9328    34.4342    34.4324    8.33078         17 0.0000e+00
    255.000    252.371    -1.3325  27.604594    -1.3316  27.603820     7.3330     7.2399     0.0880    98.0169 1.0000e-12  -63.57544  -60.69952 326.512493      99.98 1.7876e+03   1914.400      45947  1028.9289  1028.9271    34.4336    34.4314    8.33031         21 0.0000e+00
    254.000    251.382    -1.3323  27.604197    -1.3328  27.602662     7.3405     7.2383     0.1017    98.0275 1.0000e-12  -63.57544  -60.69952 326.512506      99.98 1.7900e+03   1915.525      45974  1028.9240  1028.9228    34.4335    34.4318    8.33027         30 0.0000e+00
    253.000    250.393    -1.3319  27.604030    -1.3323  27.602478     7.3342     7.2304     0.1299    98.0198 1.0000e-12  -63.57544  -60.69952 326.512523      99.98 1.7930e+03   1916.986      46009  1028.9192  1028.9178    34.4334    34.4317    8.33019         32 0.0000e+00
    252.000    249.403    -1.3309  27.604183    -1.3314  27.602676     7.3180     7.2251     0.1231    98.0139 1.0000e-12  -63.57544  -60.69952 326.512536      99.98 1.7944e+03   1918.080      46035  1028.9141  1028.9129    34.4330    34.4315    8.32998         22 0.0000e+00
    251.000    248.413    -1.3300  27.604339    -1.3287  27.604085     7.3077     7.2317     0.1123    98.0300 1.0000e-12  -63.57544  -60.69951 326.512545      99.98 1.7946e+03   1918.896      46055  1028.9091  1028.9075    34.4328    34.4310    8.32979         18 0.0000e+00
    250.000    247.425    -1.3261  27.606665    -1.3246  27.606428     7.3241     7.2314     0.0841    98.0264 1.0000e-12  -63.57544  -60.69950 326.512554      99.98 1.7946e+03   1919.656      46073  1028.9036  1028.9018    34.4322    34.4301    8.32896         19 0.0000e+00
    249.000    246.436    -1.3246  27.607301    -1.3242  27.606439     7.3261     7.2262     0.1023    98.0128 1.0000e-12  -63.57544  -60.69949 326.512565      99.98 1.7932e+03   1920.612      46096  1028.8985  1028.8971    34.4320    34.4303    8.32864         29 0.0000e+00
    248.000    245.447    -1.3284  27.604006    -1.3264  27.604219     7.3306     7.2276     0.1066    97.9823 1.0000e-12  -63.57544  -60.69950 326.512613      99.97 1.7870e+03   1924.764      46195  1028.8945  1028.8927    34.4325    34.4304    8.32946         28 0.0000e+00
    247.000    244.460    -1.3258  27.605715    -1.3253  27.604725     7.3137     7.2234     0.0890    97.9871 1.0000e-12  -63.57544  -60.69950 326.512621      99.98 1.7858e+03   1925.412      46211  1028.8894  1028.8879    34.4324    34.4305    8.32887         16 0.0000e+00
    246.000    243.469    -1.3233  27.607046    -1.3231  27.605979     7.3229     7.2236     0.0886    97.9907 1.0000e-12  -63.57544  -60.69952 326.512627      99.98 1.7861e+03   1926.015      46225  1028.8841  1028.8828    34.4320    34.4303    8.32834         14 0.0000e+00
    245.000    242.479    -1.3221  27.607470    -1.3219  27.606419     7.3202     7.2248     0.0912    97.9892 1.0000e-12  -63.57544  -60.69952 326.512634      99.98 1.7876e+03   1926.563      46239  1028.8792  1028.8779    34.4318    34.4302    8.32808         12 0.0000e+00
    244.000    241.489    -1.3218  27.607242    -1.3217  27.606067     7.3008     7.2207     0.0885    97.9852 1.0000e-12  -63.57544  -60.69952 326.512640      99.98 1.7886e+03   1927.118      46252  1028.8743  1028.8729    34.4318    34.4301    8.32802         14 0.0000e+00
    243.000    240.502    -1.3218  27.606882    -1.3217  27.605656     7.2956     7.2218     0.0880    97.9562 1.0000e-12  -63.57544  -60.69952 326.512647      99.98 1.7906e+03   1927.707      46266  1028.8697  1028.8683    34.4319    34.4302    8.32801         15 0.0000e+00
    242.000    239.511    -1.3221  27.606046    -1.3218  27.605128     7.3078     7.2198     0.1093    97.9612 1.0000e-12  -63.57544  -60.69952 326.512655      99.98 1.7928e+03   1928.389      46282  1028.8648  1028.8635    34.4317    34.4302    8.32809         18 0.0000e+00
    241.000    238.524    -1.3224  27.605457    -1.3220  27.604504     7.3030     7.2158     0.1068    97.9623 1.0000e-12  -63.57544  -60.69950 326.512665      99.98 1.7951e+03   1929.248      46303  1028.8602  1028.8587    34.4319    34.4301    8.32815         24 0.0000e+00
    240.000    237.532    -1.3221  27.605155    -1.3221  27.603988     7.3123     7.2194     0.1102    97.9864 1.0000e-12  -63.57544  -60.69948 326.512693      99.98 1.7937e+03   1931.639      46360  1028.8554  1028.8541    34.4318    34.4302    8.32809         33 0.0000e+00
    239.000    236.544    -1.3209  27.605856    -1.3211  27.604475     7.3137     7.2191     0.0988    97.9717 1.0000e-12  -63.57544  -60.69948 326.512737      99.98 1.7873e+03   1935.517      46453  1028.8507  1028.8494    34.4320    34.4303    8.32781         21 0.0000e+00
    238.000    235.557    -1.3220  27.604524    -1.3221  27.603139     7.3147     7.2119     0.0985    97.9872 1.0000e-12  -63.57544  -60.69948 326.512744      99.98 1.7876e+03   1936.108      46468  1028.8460  1028.8446    34.4320    34.4303    8.32805         16 0.0000e+00
    237.000    234.568    -1.3210  27.604829    -1.3213  27.603347     7.3117     7.2081     0.0948    97.9677 1.0000e-12  -63.57545  -60.69949 326.512751      99.98 1.7886e+03   1936.689      46482  1028.8411  1028.8398    34.4320    34.4303    8.32784         12 0.0000e+00
    236.000    233.576    -1.3196  27.605818    -1.3192  27.604937     7.2891     7.2014     0.0823    97.9672 1.0000e-12  -63.57546  -60.69950 326.512757      99.98 1.7897e+03   1937.214      46494  1028.8365  1028.8351    34.4323    34.4306    8.32750         13 0.0000e+00
    235.000    232.590    -1.3187  27.606049    -1.3184  27.605135     7.2774     7.1971     0.0814    97.9613 1.0000e-12  -63.57546  -60.69951 326.512763      99.98 1.7911e+03   1937.733      46507  1028.8317  1028.8303    34.4323    34.4306    8.32731         12 0.0000e+00
    234.000    231.599    -1.3160  27.607827    -1.3160  27.606527     7.2813     7.1954     0.0877    97.9594 1.0000e-12  -63.57546  -60.69952 326.512770      99.98 1.7928e+03   1938.286      46520  1028.8267  1028.8252    34.4322    34.4303    8.32671         14 0.0000e+00
    233.000    230.608    -1.3120  27.610193    -1.3114  27.609465     7.2855     7.1960     0.1002    97.9533 1.0000e-12  -63.57546  -60.69951 326.512776      99.98 1.7941e+03   1938.890      46534  1028.8211  1028.8196    34.4315    34.4298    8.32586         16 0.0000e+00
    232.000    229.620    -1.3116  27.609781    -1.3094  27.610387     7.2822     7.1944     0.1269    97.9479 1.0000e-12  -63.57546  -60.69950 326.512785      99.98 1.7960e+03   1939.607      46552  1028.8159  1028.8143    34.4310    34.4293    8.32578         19 0.0000e+00
    231.000    228.631    -1.3116  27.609211    -1.3122  27.607714     7.2967     7.1935     0.1181    97.9100 1.0000e-12  -63.57546  -60.69949 326.512797      99.97 1.7980e+03   1940.655      46577  1028.8111  1028.8100    34.4310    34.4295    8.32581         33 0.0000e+00
    230.000    227.642    -1.3045  27.613790    -1.3060  27.611563     7.2930     7.1898     0.1168    97.9323 1.0000e-12  -63.57546  -60.69947 326.512852      99.98 1.7920e+03   1945.421      46691  1028.8049  1028.8040    34.4297    34.4283    8.32429         23 0.0000e+00
    229.000    226.654    -1.3108  27.609092    -1.3102  27.608185     7.2788     7.1930     0.1097    97.9322 1.0000e-12  -63.57546  -60.69948 326.512865      99.98 1.7910e+03   1946.515      46717  1028.8018  1028.8001    34.4311    34.4292    8.32561         15 0.0000e+00
    228.000    225.663    -1.3086  27.610278    -1.3102  27.607833     7.2859     7.1955     0.0723    97.9108 1.0000e-12  -63.57546  -60.69948 326.512871      99.97 1.7911e+03   1947.069      46731  1028.7966  1028.7954    34.4308    34.4293    8.32514         13 0.0000e+00
    227.000    224.673    -1.3056  27.611815    -1.3070  27.609590     7.2815     7.1950     0.0746    97.9179 1.0000e-12  -63.57546  -60.69948 326.512877      99.98 1.7911e+03   1947.598      46743  1028.7910  1028.7899    34.4301    34.4287    8.32451         13 0.0000e+00
    226.000    223.686    -1.3032  27.612877    -1.3039  27.611077     7.2756     7.1902     0.0820    97.9177 1.0000e-12  -63.57546  -60.69948 326.512883      99.98 1.7911e+03   1948.136      46756  1028.7855  1028.7843    34.4294    34.4278    8.32401         13 0.0000e+00
    225.000    222.696    -1.3020  27.612906    -1.3023  27.611323     7.2747     7.1882     0.0920    97.8853 1.0000e-12  -63.57546  -60.69948 326.512890      99.98 1.7927e+03   1948.728      46770  1028.7801  1028.7787    34.4288    34.4269    8.32379         15 0.0000e+00
    224.000    221.707    -1.3034  27.611486    -1.3032  27.610325     7.2900     7.1876     0.1195    97.8673 1.0000e-12  -63.57546  -60.69948 326.512900      99.97 1.7931e+03   1949.552      46790  1028.7757  1028.7742    34.4290    34.4272    8.32409         26 0.0000e+00
    223.000    220.717    -1.3055  27.609789    -1.3056  27.608454     7.2952     7.1867     0.1273    97.8628 1.0000e-12  -63.57546  -60.69947 326.512923      99.98 1.7958e+03   1951.548      46838  1028.7717  1028.7702    34.4297    34.4280    8.32451         40 0.0000e+00
    222.000    219.729    -1.3040  27.610347    -1.3044  27.608690     7.2916     7.1945     0.1181    97.8660 1.0000e-12  -63.57546  -60.69946 326.512947      99.98 1.7964e+03   1953.618      46888  1028.7666  1028.7651    34.4294    34.4275    8.32420         34 0.0000e+00
    221.000    218.739    -1.3024  27.610707    -1.3027  27.609259     7.2788     7.1870     0.0986    97.8892 1.0000e-12  -63.57546  -60.69946 326.512961      99.98 1.7948e+03   1954.854      46917  1028.7612  1028.7598    34.4287    34.4270    8.32389         27 0.0000e+00
    220.000    217.750    -1.2997  27.612046    -1.2996  27.610955     7.2677     7.1825     0.0957    97.8829 1.0000e-12  -63.57546  -60.69946 326.512973      99.98 1.7943e+03   1955.885      46942  1028.7557  1028.7543    34.4281    34.4264    8.32333         23 0.0000e+00
    219.000    216.760    -1.2937  27.616161    -1.2933  27.615260     7.2527     7.1745     0.1209    97.8609 1.0000e-12  -63.57546  -60.69946 326.512984      99.98 1.7946e+03   1956.787      46964  1028.7499  1028.7485    34.4274    34.4257    8.32202         21 0.0000e+00
    218.000    215.772    -1.2913  27.617534    -1.2913  27.616421     7.2667     7.1734     0.1222    97.8318 1.0000e-12  -63.57546  -60.69946 326.512994      99.97 1.7955e+03   1957.699      46986  1028.7449  1028.7436    34.4272    34.4256    8.32151         23 0.0000e+00
    217.000    214.782    -1.2907  27.617668    -1.2919  27.615480     7.2646     7.1767     0.1592    97.8194 1.0000e-12  -63.57546  -60.69946 326.513008      99.98 1.7955e+03   1958.854      47013  1028.7402  1028.7390    34.4273    34.4257    8.32136         34 0.0000e+00
    216.000    213.793    -1.2913  27.616596    -1.2922  27.614759     7.2727     7.1743     0.1446    97.8743 1.0000e-12  -63.57546  -60.69946 326.513026      99.98 1.7932e+03   1960.434      47051  1028.7353  1028.7343    34.4271    34.4257    8.32150         37 0.0000e+00
    215.000    212.804    -1.2908  27.616656    -1.2924  27.614110     7.2715     7.1732     0.1606    97.9007 1.0000e-12  -63.57546  -60.69946 326.513043      99.98 1.7910e+03   1961.921      47087  1028.7307  1028.7295    34.4273    34.4257    8.32138         31 0.0000e+00
    214.000    211.814    -1.2905  27.616443    -1.2905  27.615197     7.2789     7.1664     0.1435    97.8455 1.0000e-12  -63.57546  -60.69948 326.513057      99.98 1.7911e+03   1963.115      47116  1028.7259  1028.7245    34.4272    34.4255    8.32131         27 0.0000e+00
    213.000    210.825    -1.2883  27.617608    -1.2883  27.616341     7.2637     7.1631     0.1235    97.8881 1.0000e-12  -63.57546  -60.69948 326.513069      99.98 1.7917e+03   1964.141      47140  1028.7207  1028.7193    34.4269    34.4252    8.32084         23 0.0000e+00
