NBP2113_155081_ctd/data/nbp2113_026.ros
* Sea-Bird SBE 9 Data File:
* FileName = D:\Data\raw\NBP2113_026.hex
* Software Version Seasave V 7.26.7.121
* Temperature SN = 2438
* Conductivity SN = 2067
* Number of Bytes Per Scan = 40
* Number of Voltage Words = 5
* Number of Scans Averaged by the Deck Unit = 1
* NMEA Latitude = 68 01.82 S
* NMEA Longitude = 069 17.18 W
* NMEA UTC (Time) = Dec 04 2021  00:09:45
* NMEA baud rate = 9600
** Ship: RVIB N.B. Palmer
** Cruise: NBP2113 LTER
** Station: 200.-040
** Operator: S. Blackman
# nquan = 20
# nvalues = 1140                                  
# units = specified
# name 0 = prDM: Pressure, Digiquartz [db]
# name 1 = depSM: Depth [salt water, m]
# name 2 = t090C: Temperature [ITS-90, deg C]
# name 3 = c0mS/cm: Conductivity [mS/cm]
# name 4 = t190C: Temperature, 2 [ITS-90, deg C]
# name 5 = c1mS/cm: Conductivity, 2 [mS/cm]
# name 6 = sbeox0ML/L: Oxygen, SBE 43 [ml/l]
# name 7 = sbeox1ML/L: Oxygen, SBE 43, 2 [ml/l]
# name 8 = flECO-AFL: Fluorescence, WET Labs ECO-AFL/FL [mg/m^3]
# name 9 = CStarTr0: Beam Transmission, WET Labs C-Star [%]
# name 10 = par: PAR/Irradiance, Biospherical/Licor
# name 11 = latitude: Latitude [deg]
# name 12 = longitude: Longitude [deg]
# name 13 = timeJ: Julian Days
# name 14 = altM: Altimeter [m]
# name 15 = spar: SPAR, Biospherical/Licor
# name 16 = timeS: Time, Elapsed [seconds]
# name 17 = scan: Scan Count
# name 18 = nbf: Bottles Fired
# name 19 = flag:  0.000e+00
# interval = seconds: 0.0416667
# start_time = Dec 04 2021 00:09:45 [NMEA time, header]
# bad_flag = -9.990e-29
*END*
[from data line 73]
    462.612    457.472     1.3770  30.200511     1.3768  30.199365     4.0132     4.0509     0.0069    96.7511 1.0000e-12  -68.02986  -69.28786 338.019395       7.33 1.6219e+02   1090.708      26178          2  0.000e+00
    462.612    457.472     1.3769  30.200630     1.3768  30.199365     4.0174     4.0511    -0.0004    96.7511 1.0000e-12  -68.02986  -69.28786 338.019395       7.33 1.6219e+02   1090.750      26179          2  0.000e+00
    462.578    457.438     1.3768  30.200511     1.3768  30.199538     4.0170     4.0513    -0.0004    96.7511 1.0000e-12  -68.02986  -69.28788 338.019396       7.33 1.6219e+02   1090.792      26180          2  0.000e+00
    462.660    457.520     1.3770  30.200452     1.3768  30.199597     4.0167     4.0516    -0.0004    96.7769 1.0000e-12  -68.02986  -69.28788 338.019396       7.30 1.6042e+02   1090.833      26181          2  0.000e+00
    462.557    457.417     1.3769  30.200452     1.3767  30.199191     4.0104     4.0510    -0.0004    96.7769 1.0000e-12  -68.02986  -69.28788 338.019397       7.33 1.6219e+02   1090.875      26182          2  0.000e+00
    462.660    457.520     1.3768  30.200511     1.3768  30.199075     4.0144     4.0505    -0.0004    96.7769 1.0000e-12  -68.02986  -69.28788 338.019397       7.25 1.6219e+02   1090.917      26183          2  0.000e+00
    462.557    457.417     1.3769  30.200452     1.3768  30.199249     4.0139     4.0508    -0.0004    96.7511 1.0000e-12  -68.02986  -69.28788 338.019398       7.20 1.6219e+02   1090.958      26184          2  0.000e+00
    462.660    457.520     1.3770  30.200630     1.3770  30.199133     4.0090     4.0503    -0.0004    96.7769 1.0000e-12  -68.02986  -69.28788 338.019398       7.20 1.6219e+02   1091.000      26185          2  0.000e+00
    462.578    457.438     1.3771  30.200511     1.3769  30.199075     4.0085     4.0506    -0.0004    96.7769 1.0000e-12  -68.02986  -69.28788 338.019399       7.20 1.6219e+02   1091.042      26186          2  0.000e+00
    462.612    457.472     1.3771  30.200511     1.3770  30.199249     4.0081     4.0510    -0.0004    96.7769 1.0000e-12  -68.02986  -69.28788 338.019399       7.20 1.6219e+02   1091.083      26187          2  0.000e+00
    462.612    457.472     1.3771  30.200452     1.3767  30.199365     4.0122     4.0514    -0.0004    96.7769 1.0000e-12  -68.02986  -69.28788 338.019400       7.20 1.6219e+02   1091.125      26188          2  0.000e+00
    462.612    457.472     1.3771  30.200630     1.3768  30.199133     4.0087     4.0519    -0.0004    96.7769 1.0000e-12  -68.02986  -69.28788 338.019400       7.20 1.6219e+02   1091.167      26189          2  0.000e+00
    462.612    457.472     1.3771  30.200689     1.3770  30.199249     4.0084     4.0524    -0.0004    96.7769 1.0000e-12  -68.02986  -69.28788 338.019401       7.20 1.6219e+02   1091.208      26190          2  0.000e+00
    462.612    457.472     1.3773  30.200689     1.3768  30.199538     4.0082     4.0529    -0.0077    96.7769 1.0000e-12  -68.02986  -69.28788 338.019401       7.20 1.6219e+02   1091.250      26191          2  0.000e+00
    462.612    457.472     1.3774  30.200571     1.3770  30.199423     4.0138     4.0535    -0.0077    96.7769 1.0000e-12  -68.02986  -69.28788 338.019402       7.20 1.6219e+02   1091.292      26192          2  0.000e+00
    462.626    457.486     1.3770  30.200630     1.3768  30.199365     4.0136     4.0532    -0.0077    96.7511 1.0000e-12  -68.02986  -69.28788 338.019402       7.20 1.6219e+02   1091.333      26193          2  0.000e+00
    462.612    457.472     1.3769  30.200689     1.3770  30.199365     4.0147     4.0538    -0.0077    96.7769 1.0000e-12  -68.02986  -69.28788 338.019402       7.20 1.6219e+02   1091.375      26194          2  0.000e+00
    462.557    457.418     1.3771  30.200511     1.3770  30.199365     4.0100     4.0535    -0.0077    96.7769 1.0000e-12  -68.02986  -69.28788 338.019403       7.23 1.6219e+02   1091.417      26195          2  0.000e+00
    462.612    457.472     1.3773  30.200215     1.3768  30.199365     4.0143     4.0533    -0.0077    96.7769 1.0000e-12  -68.02986  -69.28788 338.019403       7.37 1.6219e+02   1091.458      26196          2  0.000e+00
    462.612    457.472     1.3771  30.200452     1.3768  30.198901     4.0082     4.0540    -0.0077    96.7769 1.0000e-12  -68.02986  -69.28788 338.019404       7.45 1.6219e+02   1091.500      26197          2  0.000e+00
    462.612    457.472     1.3770  30.200630     1.3768  30.199365     4.0138     4.0538    -0.0004    96.7769 1.0000e-12  -68.02986  -69.28788 338.019404       7.45 1.6219e+02   1091.542      26198          2  0.000e+00
    462.523    457.383     1.3771  30.200274     1.3768  30.199422     4.0149     4.0544    -0.0077    96.7769 1.0000e-12  -68.02986  -69.28788 338.019405       7.45 1.6219e+02   1091.583      26199          2  0.000e+00
    462.612    457.472     1.3771  30.200511     1.3768  30.199365     4.0160     4.0552    -0.0077    96.7769 1.0000e-12  -68.02986  -69.28788 338.019405       7.45 1.6219e+02   1091.625      26200          2  0.000e+00
    462.612    457.472     1.3771  30.200808     1.3768  30.199365     4.0157     4.0559    -0.0077    96.7511 1.0000e-12  -68.02986  -69.28788 338.019406       7.42 1.6219e+02   1091.667      26201          2  0.000e+00
    462.557    457.418     1.3769  30.200689     1.3768  30.199770     4.0168     4.0558    -0.0077    96.7769 1.0000e-12  -68.02986  -69.28788 338.019406       7.45 1.6219e+02   1091.708      26202          2  0.000e+00
    355.809    351.946     1.3481  30.114824     1.3481  30.113853     4.0313     4.0724    -0.0077    96.8026 1.0000e-12  -68.02968  -69.28876 338.022212      99.98 1.4808e+02   1334.125      32020          3  0.000e+00
    355.747    351.885     1.3482  30.114823     1.3482  30.113622     4.0305     4.0722    -0.0077    96.7769 1.0000e-12  -68.02968  -69.28876 338.022213      99.98 1.4808e+02   1334.167      32021          3  0.000e+00
    355.754    351.892     1.3482  30.114823     1.3480  30.113969     4.0241     4.0720    -0.0077    96.7511 1.0000e-12  -68.02968  -69.28876 338.022213      99.95 1.4808e+02   1334.208      32022          3  0.000e+00
    355.851    351.987     1.3482  30.115179     1.3480  30.113680     4.0279     4.0711    -0.0077    96.7511 1.0000e-12  -68.02968  -69.28876 338.022214      99.98 1.4808e+02   1334.250      32023          3  0.000e+00
    355.851    351.987     1.3481  30.115179     1.3482  30.114201     4.0330     4.0700    -0.0077    96.7511 1.0000e-12  -68.02968  -69.28876 338.022214      99.98 1.4808e+02   1334.292      32024          3  0.000e+00
    355.858    351.994     1.3483  30.115061     1.3480  30.113738     4.0292     4.0699    -0.0077    96.7511 1.0000e-12  -68.02968  -69.28876 338.022215      99.98 1.4808e+02   1334.333      32025          3  0.000e+00
    355.899    352.035     1.3482  30.115061     1.3480  30.113969     4.0242     4.0699    -0.0077    96.7511 1.0000e-12  -68.02968  -69.28876 338.022215      99.95 1.4808e+02   1334.375      32026          3  0.000e+00
    355.899    352.035     1.3483  30.115061     1.3480  30.113912     4.0281     4.0689    -0.0077    96.7511 1.0000e-12  -68.02968  -69.28876 338.022215      99.98 1.4808e+02   1334.417      32027          3  0.000e+00
    355.913    352.049     1.3484  30.115061     1.3482  30.113912     4.0276     4.0733    -0.0077    96.7511 1.0000e-12  -68.02968  -69.28876 338.022216      99.98 1.4808e+02   1334.458      32028          3  0.000e+00
    355.954    352.089     1.3483  30.115061     1.3482  30.113622     4.0270     4.0687    -0.0077    96.7511 1.0000e-12  -68.02968  -69.28876 338.022216      99.98 1.4808e+02   1334.500      32029          3  0.000e+00
    355.954    352.089     1.3482  30.115239     1.3480  30.114201     4.0208     4.0687    -0.0077    96.7511 1.0000e-12  -68.02968  -69.28876 338.022217     100.00 1.4808e+02   1334.542      32030          3  0.000e+00
    355.961    352.096     1.3482  30.115357     1.3483  30.113970     4.0190     4.0686    -0.0077    96.7511 1.0000e-12  -68.02968  -69.28876 338.022217      99.98 1.4808e+02   1334.583      32031          3  0.000e+00
    356.002    352.137     1.3486  30.115120     1.3482  30.114028     4.0287     4.0686    -0.0004    96.7511 1.0000e-12  -68.02968  -69.28876 338.022218     100.00 1.4808e+02   1334.625      32032          3  0.000e+00
    356.016    352.151     1.3485  30.115061     1.3480  30.113912     4.0252     4.0678    -0.0077    96.7511 1.0000e-12  -68.02968  -69.28876 338.022218      99.98 1.4808e+02   1334.667      32033          3  0.000e+00
    356.002    352.137     1.3486  30.115298     1.3482  30.113623     4.0261     4.0670    -0.0077    96.7511 1.0000e-12  -68.02968  -69.28876 338.022219      99.98 1.4808e+02   1334.708      32034          3  0.000e+00
    356.002    352.137     1.3483  30.115180     1.3482  30.113565     4.0214     4.0670    -0.0004    96.7511 1.0000e-12  -68.02968  -69.28876 338.022219      99.98 1.4808e+02   1334.750      32035          3  0.000e+00
    356.016    352.151     1.3485  30.115298     1.3481  30.113970     4.0255     4.0671    -0.0077    96.7511 1.0000e-12  -68.02968  -69.28876 338.022220      99.98 1.4808e+02   1334.792      32036          3  0.000e+00
    356.002    352.137     1.3486  30.115179     1.3482  30.114143     4.0252     4.0672    -0.0077    96.7511 1.0000e-12  -68.02968  -69.28876 338.022220      99.98 1.4808e+02   1334.833      32037          3  0.000e+00
    356.058    352.192     1.3485  30.115061     1.3482  30.113912     4.0263     4.0665    -0.0077    96.7511 1.0000e-12  -68.02968  -69.28876 338.022221      99.95 1.4808e+02   1334.875      32038          3  0.000e+00
    356.064    352.199     1.3486  30.115239     1.3480  30.113681     4.0261     4.0658    -0.0077    96.7511 1.0000e-12  -68.02968  -69.28876 338.022221      99.98 1.4808e+02   1334.917      32039          3  0.000e+00
    356.058    352.192     1.3483  30.114943     1.3482  30.113796     4.0259     4.0659    -0.0077    96.7511 1.0000e-12  -68.02968  -69.28876 338.022222      99.98 1.4808e+02   1334.958      32040          3  0.000e+00
    356.058    352.192     1.3486  30.115180     1.3477  30.113623     4.0200     4.0661    -0.0077    96.7511 1.0000e-12  -68.02968  -69.28876 338.022222      99.98 1.4808e+02   1335.000      32041          3  0.000e+00
    356.064    352.199     1.3483  30.115180     1.3479  30.113334     4.0256     4.0663    -0.0004    96.7769 1.0000e-12  -68.02968  -69.28876 338.022223      99.98 1.4808e+02   1335.042      32042          3  0.000e+00
    356.058    352.192     1.3484  30.115298     1.3479  30.113449     4.0268     4.0720    -0.0077    96.8026 1.0000e-12  -68.02968  -69.28876 338.022223      99.98 1.4808e+02   1335.083      32043          3  0.000e+00
    356.016    352.151     1.3485  30.115357     1.3479  30.113565     4.0267     4.0676    -0.0077    96.8026 1.0000e-12  -68.02968  -69.28876 338.022224      99.98 1.4808e+02   1335.125      32044          3  0.000e+00
    356.106    352.239     1.3484  30.115121     1.3479  30.113565     4.0267     4.0680    -0.0077    96.8026 1.0000e-12  -68.02968  -69.28876 338.022224      99.95 1.4808e+02   1335.167      32045          3  0.000e+00
    356.003    352.137     1.3483  30.115061     1.3478  30.113160     4.0280     4.0682    -0.0077    96.8026 1.0000e-12  -68.02968  -69.28876 338.022225      99.98 1.4808e+02   1335.208      32046          3  0.000e+00
    356.065    352.199     1.3486  30.115061     1.3477  30.113044     4.0223     4.0686    -0.0077    96.8026 1.0000e-12  -68.02968  -69.28876 338.022225      99.98 1.4808e+02   1335.250      32047          3  0.000e+00
    356.058    352.192     1.3482  30.114884     1.3475  30.113218     4.0211     4.0690    -0.0077    96.8026 1.0000e-12  -68.02968  -69.28876 338.022226      99.98 1.4808e+02   1335.292      32048          3  0.000e+00
    356.058    352.192     1.3482  30.114587     1.3475  30.113160     4.0256     4.0694    -0.0077    96.8026 1.0000e-12  -68.02968  -69.28876 338.022226      99.98 1.4808e+02   1335.333      32049          3  0.000e+00
    356.016    352.151     1.3483  30.114706     1.3475  30.113218     4.0257     4.0698    -0.0077    96.8026 1.0000e-12  -68.02968  -69.28876 338.022227      99.95 1.4808e+02   1335.375      32050          3  0.000e+00
    356.058    352.192     1.3481  30.115002     1.3475  30.113102     4.0272     4.0695    -0.0004    96.8026 1.0000e-12  -68.02968  -69.28876 338.022227      99.98 1.4808e+02   1335.417      32051          3  0.000e+00
    356.003    352.137     1.3483  30.114883     1.3475  30.113391     4.0273     4.0699    -0.0077    96.8026 1.0000e-12  -68.02968  -69.28876 338.022228      99.98 1.4808e+02   1335.458      32052          3  0.000e+00
    356.016    352.151     1.3482  30.115002     1.3477  30.113333     4.0275     4.0705    -0.0077    96.8026 1.0000e-12  -68.02968  -69.28876 338.022228      99.98 1.4808e+02   1335.500      32053          3  0.000e+00
    356.058    352.192     1.3482  30.114884     1.3475  30.113276     4.0277     4.0702    -0.0077    96.8026 1.0000e-12  -68.02968  -69.28876 338.022228      99.98 1.4808e+02   1335.542      32054          3  0.000e+00
    356.016    352.151     1.3481  30.114824     1.3475  30.113102     4.0278     4.0699    -0.0077    96.8026 1.0000e-12  -68.02968  -69.28876 338.022229      99.98 1.4808e+02   1335.583      32055          3  0.000e+00
    356.003    352.138     1.3483  30.115002     1.3474  30.113044     4.0279     4.0704    -0.0077    96.7769 1.0000e-12  -68.02968  -69.28876 338.022229      99.98 1.4808e+02   1335.625      32056          3  0.000e+00
    355.955    352.090     1.3482  30.115061     1.3475  30.113218     4.0338     4.0710    -0.0004    96.8026 1.0000e-12  -68.02968  -69.28876 338.022230      99.98 1.4808e+02   1335.667      32057          3  0.000e+00
    355.961    352.097     1.3483  30.114883     1.3474  30.113102     4.0295     4.0716    -0.0077    96.8026 1.0000e-12  -68.02968  -69.28876 338.022230      99.98 1.4808e+02   1335.708      32058          3  0.000e+00
    356.003    352.138     1.3482  30.115002     1.3477  30.113218     4.0310     4.0723    -0.0004    96.8026 1.0000e-12  -68.02968  -69.28876 338.022231      99.98 1.4808e+02   1335.750      32059          3  0.000e+00
    355.955    352.090     1.3482  30.114646     1.3477  30.113391     4.0311     4.0729    -0.0077    96.8026 1.0000e-12  -68.02966  -69.28876 338.022231      99.98 1.4808e+02   1335.792      32060          3  0.000e+00
    355.913    352.049     1.3482  30.115120     1.3479  30.113507     4.0313     4.0736    -0.0077    96.8026 1.0000e-12  -68.02966  -69.28876 338.022232      99.98 1.4808e+02   1335.833      32061          3  0.000e+00
    355.955    352.090     1.3481  30.114943     1.3477  30.113333     4.0372     4.0744    -0.0077    96.8026 1.0000e-12  -68.02966  -69.28876 338.022232      99.95 1.4808e+02   1335.875      32062          3  0.000e+00
    355.899    352.035     1.3483  30.114824     1.3480  30.113680     4.0342     4.0743    -0.0077    96.8284 1.0000e-12  -68.02966  -69.28876 338.022233      99.98 1.4808e+02   1335.917      32063          3  0.000e+00
    355.858    351.995     1.3482  30.115001     1.3482  30.113391     4.0343     4.0742    -0.0077    96.8284 1.0000e-12  -68.02966  -69.28876 338.022233     100.00 1.4808e+02   1335.958      32064          3  0.000e+00
    355.900    352.036     1.3482  30.114883     1.3480  30.113449     4.0345     4.0741    -0.0077    96.8026 1.0000e-12  -68.02966  -69.28876 338.022234     100.00 1.4808e+02   1336.000      32065          3  0.000e+00
