NBP2113_155081_ctd/data/nbp2113_060.ros
* Sea-Bird SBE 9 Data File:
* FileName = D:\Data\raw\NBP2113_060.hex
* Software Version Seasave V 7.26.7.121
* Temperature SN = 2438
* Conductivity SN = 2067
* Number of Bytes Per Scan = 40
* Number of Voltage Words = 5
* Number of Scans Averaged by the Deck Unit = 1
* NMEA Latitude = 64 45.87 S
* NMEA Longitude = 063 07.32 W
* NMEA UTC (Time) = Dec 13 2021  22:33:21
* NMEA baud rate = 9600
** Ship: RVIB N.B. Palmer
** Cruise: NBP2113 LTER
** Station: 654.006
** Operator: S. Blackman
# nquan = 20
# nvalues = 588                                   
# units = specified
# name 0 = prDM: Pressure, Digiquartz [db]
# name 1 = depSM: Depth [salt water, m]
# name 2 = t090C: Temperature [ITS-90, deg C]
# name 3 = c0mS/cm: Conductivity [mS/cm]
# name 4 = t190C: Temperature, 2 [ITS-90, deg C]
# name 5 = c1mS/cm: Conductivity, 2 [mS/cm]
# name 6 = sbeox0ML/L: Oxygen, SBE 43 [ml/l]
# name 7 = sbeox1ML/L: Oxygen, SBE 43, 2 [ml/l]
# name 8 = flECO-AFL: Fluorescence, WET Labs ECO-AFL/FL [mg/m^3]
# name 9 = CStarTr0: Beam Transmission, WET Labs C-Star [%]
# name 10 = par: PAR/Irradiance, Biospherical/Licor
# name 11 = latitude: Latitude [deg]
# name 12 = longitude: Longitude [deg]
# name 13 = timeJ: Julian Days
# name 14 = altM: Altimeter [m]
# name 15 = spar: SPAR, Biospherical/Licor
# name 16 = timeS: Time, Elapsed [seconds]
# name 17 = scan: Scan Count
# name 18 = nbf: Bottles Fired
# name 19 = flag:  0.000e+00
# interval = seconds: 0.0416667
# start_time = Dec 13 2021 22:33:21 [NMEA time, header]
# bad_flag = -9.990e-29
*END*
[from data line 362]
    126.471    125.195     0.5955  29.172688     0.5936  29.169417     5.3770     5.4329     0.0802    90.4939 3.2097e-02  -64.76406  -63.12226 347.952060      99.95 1.6077e+03   1057.000      25369          8  0.000e+00
    126.471    125.195     0.5955  29.172571     0.5933  29.169932     5.3828     5.4277     0.0802    90.4939 3.2097e-02  -64.76406  -63.12226 347.952061      99.98 1.6077e+03   1057.042      25370          8  0.000e+00
    126.525    125.249     0.5953  29.172688     0.5934  29.169418     5.3843     5.4271     0.0802    90.4939 3.0128e-02  -64.76406  -63.12226 347.952061      99.98 1.6095e+03   1057.083      25371          8  0.000e+00
    126.429    125.154     0.5955  29.172395     0.5936  29.169360     5.3785     5.4271     0.0802    90.4939 3.2097e-02  -64.76406  -63.12226 347.952062      99.98 1.6095e+03   1057.125      25372          8  0.000e+00
    126.471    125.195     0.5950  29.172103     0.5937  29.169989     5.3728     5.4263     0.0802    90.4939 3.0128e-02  -64.76406  -63.12226 347.952062      99.93 1.6113e+03   1057.167      25373          8  0.000e+00
    126.471    125.195     0.5946  29.172103     0.5942  29.169703     5.3772     5.4308     0.0802    90.4939 3.2097e-02  -64.76406  -63.12226 347.952063      99.95 1.6113e+03   1057.208      25374          8  0.000e+00
    126.526    125.249     0.5942  29.172103     0.5945  29.170732     5.3771     5.4307     0.0802    90.4939 3.2097e-02  -64.76406  -63.12226 347.952063      99.98 1.6130e+03   1057.250      25375          8  0.000e+00
    126.471    125.195     0.5942  29.171576     0.5948  29.170218     5.3712     5.4306     0.0802    90.4939 3.2097e-02  -64.76406  -63.12226 347.952064      99.98 1.6130e+03   1057.292      25376          8  0.000e+00
    126.471    125.195     0.5942  29.171576     0.5951  29.171246     5.3754     5.4303     0.0802    90.4939 3.2097e-02  -64.76406  -63.12226 347.952064      99.98 1.6148e+03   1057.333      25377          8  0.000e+00
    126.478    125.202     0.5944  29.171284     0.5951  29.171304     5.3738     5.4309     0.0729    90.4939 3.2097e-02  -64.76406  -63.12226 347.952065      99.98 1.6148e+03   1057.375      25378          8  0.000e+00
    126.471    125.195     0.5939  29.171049     0.5949  29.171532     5.3721     5.4315     0.0802    90.4939 3.2097e-02  -64.76406  -63.12226 347.952065      99.98 1.6166e+03   1057.417      25379          8  0.000e+00
    126.526    125.249     0.5942  29.171284     0.5948  29.171304     5.3773     5.4321     0.0802    90.4939 3.2097e-02  -64.76406  -63.12226 347.952065      99.95 1.6166e+03   1057.458      25380          8  0.000e+00
    126.471    125.195     0.5939  29.171284     0.5947  29.171247     5.3723     5.4326     0.0802    90.4939 3.0128e-02  -64.76406  -63.12226 347.952066      99.95 1.6183e+03   1057.500      25381          8  0.000e+00
    126.423    125.147     0.5944  29.171283     0.5949  29.171304     5.3716     5.4330     0.0802    90.4424 3.0128e-02  -64.76406  -63.12226 347.952066      99.98 1.6183e+03   1057.542      25382          8  0.000e+00
    126.526    125.249     0.5940  29.171284     0.5948  29.171304     5.3667     5.4336     0.0802    90.3909 3.2097e-02  -64.76406  -63.12226 347.952067      99.98 1.6183e+03   1057.583      25383          8  0.000e+00
    126.430    125.154     0.5942  29.171869     0.5943  29.171018     5.3703     5.4287     0.0802    90.3909 3.2097e-02  -64.76406  -63.12226 347.952067      99.98 1.6201e+03   1057.625      25384          8  0.000e+00
    126.526    125.249     0.5939  29.171576     0.5943  29.171075     5.3698     5.4336     0.0802    90.3909 3.2097e-02  -64.76406  -63.12226 347.952068      99.93 1.6201e+03   1057.667      25385          8  0.000e+00
    126.471    125.195     0.5935  29.171576     0.5942  29.170732     5.3634     5.4287     0.0802    90.3652 3.2097e-02  -64.76406  -63.12226 347.952068      99.95 1.6201e+03   1057.708      25386          8  0.000e+00
    126.471    125.195     0.5936  29.171050     0.5943  29.170503     5.3726     5.4336     0.0802    90.3909 3.2097e-02  -64.76406  -63.12226 347.952069      99.98 1.6219e+03   1057.750      25387          8  0.000e+00
    126.471    125.195     0.5935  29.170640     0.5939  29.170161     5.3731     5.4340     0.0802    90.3909 3.2097e-02  -64.76406  -63.12226 347.952069      99.98 1.6219e+03   1057.792      25388          8  0.000e+00
    126.471    125.195     0.5936  29.171050     0.5947  29.169703     5.3678     5.4342     0.0729    90.3909 3.2097e-02  -64.76406  -63.12226 347.952070      99.98 1.6236e+03   1057.833      25389          8  0.000e+00
    126.478    125.202     0.5936  29.170464     0.5942  29.170503     5.3737     5.4337     0.0802    90.3909 3.2097e-02  -64.76406  -63.12226 347.952070      99.98 1.6236e+03   1057.875      25390          8  0.000e+00
    126.471    125.195     0.5937  29.170757     0.5945  29.170732     5.3739     5.4285     0.0802    90.3909 3.2097e-02  -64.76406  -63.12226 347.952071      99.98 1.6236e+03   1057.917      25391          8  0.000e+00
    126.471    125.195     0.5941  29.171049     0.5941  29.170789     5.3683     5.4279     0.0802    90.3909 3.2097e-02  -64.76406  -63.12226 347.952071      99.95 1.6254e+03   1057.958      25392          8  0.000e+00
    126.526    125.249     0.5940  29.171576     0.5939  29.170732     5.3741     5.4327     0.0802    90.3909 3.2097e-02  -64.76406  -63.12226 347.952072      99.95 1.6254e+03   1058.000      25393          8  0.000e+00
    126.423    125.148     0.5939  29.171049     0.5939  29.170218     5.3684     5.4328     0.0802    90.4167 3.2097e-02  -64.76406  -63.12226 347.952072      99.98 1.6271e+03   1058.042      25394          8  0.000e+00
    126.526    125.249     0.5942  29.171284     0.5939  29.170161     5.3671     5.4330     0.0802    90.3909 3.2097e-02  -64.76406  -63.12226 347.952073      99.98 1.6271e+03   1058.083      25395          8  0.000e+00
    126.430    125.154     0.5939  29.171283     0.5934  29.169989     5.3670     5.4331     0.0802    90.3909 3.2097e-02  -64.76406  -63.12226 347.952073      99.98 1.6271e+03   1058.125      25396          8  0.000e+00
    126.471    125.195     0.5940  29.171284     0.5934  29.169703     5.3726     5.4332     0.0802    90.3909 3.2097e-02  -64.76406  -63.12226 347.952074      99.93 1.6289e+03   1058.167      25397          8  0.000e+00
    126.471    125.195     0.5944  29.171284     0.5932  29.169646     5.3668     5.4333     0.0802    90.3909 3.2097e-02  -64.76406  -63.12226 347.952074      99.98 1.6289e+03   1058.208      25398          8  0.000e+00
     70.889     70.183     0.2908  28.761443     0.2917  28.763264     6.1620     6.1707     0.2047    90.1077 8.6727e-01  -64.76404  -63.12228 347.953367      99.98 8.5323e+02   1169.875      28078          9  0.000e+00
     70.779     70.075     0.2905  28.760803     0.2916  28.763889     6.1665     6.1717     0.1974    90.1077 8.7160e-01  -64.76404  -63.12228 347.953367      99.98 8.4971e+02   1169.917      28079          9  0.000e+00
     70.882     70.176     0.2907  28.761152     0.2914  28.763889     6.1665     6.1719     0.1974    90.1077 8.6727e-01  -64.76404  -63.12228 347.953368      99.95 8.4795e+02   1169.958      28080          9  0.000e+00
     70.827     70.122     0.2907  28.760628     0.2918  28.763605     6.1662     6.1718     0.2047    90.1077 8.6727e-01  -64.76404  -63.12228 347.953368      99.95 8.4618e+02   1170.000      28081          9  0.000e+00
     70.882     70.176     0.2905  28.760628     0.2928  28.763776     6.1670     6.1715     0.1974    90.1077 8.6727e-01  -64.76404  -63.12228 347.953369      99.98 8.4442e+02   1170.042      28082          9  0.000e+00
     70.827     70.122     0.2907  28.761152     0.2923  28.763605     6.1731     6.1712     0.1974    90.1077 8.6727e-01  -64.76404  -63.12228 347.953369      99.98 8.4266e+02   1170.083      28083          9  0.000e+00
     70.834     70.129     0.2907  28.760803     0.2923  28.763605     6.1747     6.1708     0.2047    90.1077 8.6727e-01  -64.76404  -63.12228 347.953370      99.98 8.4089e+02   1170.125      28084          9  0.000e+00
     70.882     70.177     0.2910  28.760919     0.2929  28.763264     6.1703     6.1702     0.1974    90.1077 8.6727e-01  -64.76404  -63.12228 347.953370      99.93 8.3737e+02   1170.167      28085          9  0.000e+00
     70.827     70.122     0.2913  28.761443     0.2923  28.763093     6.1743     6.1704     0.2047    90.1077 8.6727e-01  -64.76404  -63.12228 347.953370      99.95 8.3561e+02   1170.208      28086          9  0.000e+00
     70.827     70.122     0.2913  28.761443     0.2923  28.762013     6.1750     6.1704     0.2047    90.1077 8.6727e-01  -64.76404  -63.12228 347.953371      99.98 8.3384e+02   1170.250      28087          9  0.000e+00
     70.882     70.177     0.2913  28.761967     0.2920  28.761729     6.1685     6.1705     0.1974    90.1077 8.6727e-01  -64.76404  -63.12228 347.953371      99.98 8.3208e+02   1170.292      28088          9  0.000e+00
     70.827     70.122     0.2916  28.761909     0.2917  28.761103     6.1674     6.1703     0.1974    90.1077 8.6727e-01  -64.76404  -63.12228 347.953372      99.98 8.3032e+02   1170.333      28089          9  0.000e+00
     70.889     70.183     0.2916  28.761967     0.2922  28.761444     6.1718     6.1700     0.1974    90.1334 8.6727e-01  -64.76404  -63.12228 347.953372      99.98 8.2855e+02   1170.375      28090          9  0.000e+00
     70.882     70.177     0.2918  28.762258     0.2914  28.762013     6.1658     6.1751     0.1974    90.1849 8.6727e-01  -64.76404  -63.12228 347.953373      99.98 8.2679e+02   1170.417      28091          9  0.000e+00
     70.828     70.122     0.2918  28.762258     0.2940  28.762524     6.1640     6.1749     0.1974    90.1849 8.6727e-01  -64.76404  -63.12228 347.953373      99.95 8.2327e+02   1170.458      28092          9  0.000e+00
     70.828     70.122     0.2921  28.762491     0.3006  28.762467     6.1677     6.1688     0.1974    90.1849 8.6727e-01  -64.76404  -63.12228 347.953374      99.95 8.2150e+02   1170.500      28093          9  0.000e+00
     70.882     70.177     0.2924  28.762956     0.3022  28.765253     6.1667     6.1731     0.1974    90.1849 8.6727e-01  -64.76404  -63.12228 347.953374      99.98 8.1974e+02   1170.542      28094          9  0.000e+00
     70.828     70.122     0.2926  28.762782     0.2987  28.769802     6.1667     6.1741     0.1974    90.1849 8.6727e-01  -64.76404  -63.12228 347.953375      99.98 8.1798e+02   1170.583      28095          9  0.000e+00
     70.882     70.177     0.2929  28.763306     0.2959  28.770315     6.1666     6.1752     0.1974    90.1849 8.6727e-01  -64.76404  -63.12228 347.953375      99.98 8.1621e+02   1170.625      28096          9  0.000e+00
     70.835     70.129     0.2924  28.763306     0.2937  28.766732     6.1719     6.1754     0.1974    90.1849 8.6727e-01  -64.76404  -63.12228 347.953376      99.93 8.1445e+02   1170.667      28097          9  0.000e+00
     70.883     70.177     0.2926  28.763597     0.2920  28.763889     6.1726     6.1754     0.2047    90.1849 8.6296e-01  -64.76404  -63.12228 347.953376      99.95 8.1269e+02   1170.708      28098          9  0.000e+00
     70.828     70.123     0.2929  28.763538     0.2912  28.762525     6.1630     6.1750     0.1974    90.1849 8.6727e-01  -64.76404  -63.12228 347.953377      99.98 8.1093e+02   1170.750      28099          9  0.000e+00
     70.828     70.123     0.2926  28.763597     0.2912  28.761899     6.1678     6.1752     0.2047    90.1849 8.6296e-01  -64.76404  -63.12228 347.953377      99.98 8.0916e+02   1170.792      28100          9  0.000e+00
     70.883     70.177     0.2927  28.763306     0.2911  28.761445     6.1667     6.1754     0.1974    90.1849 8.6296e-01  -64.76404  -63.12228 347.953378      99.98 8.0740e+02   1170.833      28101          9  0.000e+00
     70.883     70.177     0.2927  28.763597     0.2906  28.761729     6.1667     6.1754     0.1974    90.1849 8.6296e-01  -64.76404  -63.12228 347.953378      99.98 8.0564e+02   1170.875      28102          9  0.000e+00
     70.890     70.184     0.2927  28.763597     0.2909  28.761217     6.1765     6.1752     0.2047    90.1849 8.6296e-01  -64.76404  -63.12228 347.953379      99.98 8.0387e+02   1170.917      28103          9  0.000e+00
     70.828     70.123     0.2926  28.763247     0.2929  28.761615     6.1716     6.1746     0.1974    90.1849 8.6296e-01  -64.76404  -63.12228 347.953379      99.95 8.0211e+02   1170.958      28104          9  0.000e+00
     70.828     70.123     0.2929  28.763073     0.2931  28.762809     6.1721     6.1742     0.2047    90.1849 8.6296e-01  -64.76404  -63.12228 347.953380      99.95 8.0035e+02   1171.000      28105          9  0.000e+00
     70.883     70.177     0.2927  28.763306     0.2929  28.763889     6.1725     6.1738     0.1974    90.1849 8.6296e-01  -64.76404  -63.12228 347.953380      99.95 7.9859e+02   1171.042      28106          9  0.000e+00
     70.883     70.177     0.2924  28.763597     0.2943  28.764174     6.1726     6.1730     0.1974    90.1849 8.5866e-01  -64.76404  -63.12228 347.953381      99.98 7.9682e+02   1171.083      28107          9  0.000e+00
     70.828     70.123     0.2922  28.763306     0.2959  28.765652     6.1712     6.1773     0.1974    90.1849 8.5866e-01  -64.76404  -63.12228 347.953381      99.98 7.9506e+02   1171.125      28108          9  0.000e+00
     70.883     70.177     0.2926  28.762956     0.2979  28.768722     6.1708     6.1778     0.1974    90.1849 8.5866e-01  -64.76404  -63.12228 347.953382      99.93 7.9330e+02   1171.167      28109          9  0.000e+00
     70.835     70.130     0.2926  28.763597     0.2972  28.773271     6.1758     6.1784     0.1974    90.1849 8.5866e-01  -64.76404  -63.12228 347.953382      99.95 7.9330e+02   1171.208      28110          9  0.000e+00
     70.883     70.177     0.2927  28.763597     0.2977  28.775034     6.1749     6.1781     0.2047    90.1592 8.5866e-01  -64.76404  -63.12228 347.953383      99.98 7.9153e+02   1171.250      28111          9  0.000e+00
     70.883     70.177     0.2929  28.763597     0.2985  28.774636     6.1707     6.1777     0.1974    90.1592 8.5866e-01  -64.76404  -63.12228 347.953383      99.98 7.8977e+02   1171.292      28112          9  0.000e+00
     70.883     70.177     0.2927  28.763597     0.2998  28.775432     6.1750     6.1779     0.1974    90.1592 8.5866e-01  -64.76404  -63.12228 347.953383      99.98 7.8801e+02   1171.333      28113          9  0.000e+00
     70.828     70.123     0.2932  28.764062     0.3018  28.775204     6.1745     6.1779     0.1974    90.1592 8.5866e-01  -64.76404  -63.12228 347.953384      99.98 7.8625e+02   1171.375      28114          9  0.000e+00
     70.883     70.177     0.2932  28.764121     0.3017  28.776058     6.1740     6.1781     0.1974    90.1592 8.5866e-01  -64.76404  -63.12228 347.953384      99.98 7.8448e+02   1171.417      28115          9  0.000e+00
     70.835     70.130     0.2930  28.763888     0.3000  28.777878     6.1688     6.1774     0.2047    90.1592 8.5866e-01  -64.76404  -63.12228 347.953385      99.95 7.8272e+02   1171.458      28116          9  0.000e+00
     70.883     70.177     0.2929  28.764412     0.2970  28.777309     6.1722     6.1779     0.1974    90.1592 8.5866e-01  -64.76404  -63.12228 347.953385      99.95 7.8272e+02   1171.500      28117          9  0.000e+00
     70.883     70.177     0.2929  28.763888     0.2954  28.773158     6.1710     6.1782     0.1974    90.1592 8.5866e-01  -64.76404  -63.12228 347.953386      99.98 7.8096e+02   1171.542      28118          9  0.000e+00
     70.828     70.123     0.2929  28.764412     0.2949  28.769518     6.1707     6.1836     0.1974    90.1592 8.5866e-01  -64.76404  -63.12228 347.953386      99.98 7.7919e+02   1171.583      28119          9  0.000e+00
