NBP2113_155081_ctd/data/nbp2113_046.ros
* Sea-Bird SBE 9 Data File:
* FileName = D:\Data\raw\NBP2113_046.hex
* Software Version Seasave V 7.26.7.121
* Temperature SN = 2438
* Conductivity SN = 2067
* Number of Bytes Per Scan = 40
* Number of Voltage Words = 5
* Number of Scans Averaged by the Deck Unit = 1
* NMEA Latitude = 64 52.22 S
* NMEA Longitude = 063 49.73 W
* NMEA UTC (Time) = Dec 11 2021  05:17:37
* NMEA baud rate = 9600
** Ship: RVIB N.B. Palmer
** Cruise: NBP2113 LTER
** Station: 623.024
** Operator: B. Urmston
# nquan = 20
# nvalues = 1138                                  
# units = specified
# name 0 = prDM: Pressure, Digiquartz [db]
# name 1 = depSM: Depth [salt water, m]
# name 2 = t090C: Temperature [ITS-90, deg C]
# name 3 = c0mS/cm: Conductivity [mS/cm]
# name 4 = t190C: Temperature, 2 [ITS-90, deg C]
# name 5 = c1mS/cm: Conductivity, 2 [mS/cm]
# name 6 = sbeox0ML/L: Oxygen, SBE 43 [ml/l]
# name 7 = sbeox1ML/L: Oxygen, SBE 43, 2 [ml/l]
# name 8 = flECO-AFL: Fluorescence, WET Labs ECO-AFL/FL [mg/m^3]
# name 9 = CStarTr0: Beam Transmission, WET Labs C-Star [%]
# name 10 = par: PAR/Irradiance, Biospherical/Licor
# name 11 = latitude: Latitude [deg]
# name 12 = longitude: Longitude [deg]
# name 13 = timeJ: Julian Days
# name 14 = altM: Altimeter [m]
# name 15 = spar: SPAR, Biospherical/Licor
# name 16 = timeS: Time, Elapsed [seconds]
# name 17 = scan: Scan Count
# name 18 = nbf: Bottles Fired
# name 19 = flag:  0.000e+00
# interval = seconds: 0.0416667
# start_time = Dec 11 2021 05:17:37 [NMEA time, header]
# bad_flag = -9.990e-29
*END*
[from data line 362]
    252.894    250.264     0.9170  29.590954     0.9102  29.585553     4.7688     4.8186     0.0069    91.1634 1.0000e-12  -64.87088  -63.82974 345.243231      99.98 0.0000e+00   1958.125      46996          8  0.000e+00
    252.839    250.210     0.9185  29.594013     0.9101  29.585553     4.7615     4.8232     0.0069    91.1634 1.0000e-12  -64.87088  -63.82974 345.243231      99.98 0.0000e+00   1958.167      46997          8  0.000e+00
    252.839    250.210     0.9185  29.595661     0.9097  29.585265     4.7634     4.8233     0.0069    91.1634 1.0000e-12  -64.87088  -63.82974 345.243232      99.98 0.0000e+00   1958.208      46998          8  0.000e+00
    252.860    250.230     0.9182  29.595955     0.9096  29.585553     4.7636     4.8179     0.0069    91.1634 1.0000e-12  -64.87088  -63.82974 345.243232      99.98 0.0000e+00   1958.250      46999          8  0.000e+00
    252.839    250.210     0.9190  29.596249     0.9093  29.585265     4.7623     4.8172     0.0069    91.1634 1.0000e-12  -64.87088  -63.82974 345.243233      99.95 0.0000e+00   1958.292      47000          8  0.000e+00
    252.839    250.210     0.9199  29.596779     0.9092  29.585035     4.7611     4.8165     0.0069    91.1634 1.0000e-12  -64.87088  -63.82974 345.243233      99.98 0.0000e+00   1958.333      47001          8  0.000e+00
    252.791    250.162     0.9210  29.598132     0.9117  29.584748     4.7597     4.8209     0.0069    91.1634 1.0000e-12  -64.87088  -63.82974 345.243234      99.98 0.0000e+00   1958.375      47002          8  0.000e+00
    252.839    250.210     0.9210  29.598544     0.9164  29.585265     4.7657     4.8152     0.0069    91.1634 1.0000e-12  -64.87088  -63.82974 345.243234      99.98 0.0000e+00   1958.417      47003          8  0.000e+00
    252.791    250.162     0.9193  29.599014     0.9197  29.591068     4.7616     4.8139     0.0069    91.1634 1.0000e-12  -64.87088  -63.82974 345.243234      99.95 0.0000e+00   1958.458      47004          8  0.000e+00
    252.791    250.162     0.9168  29.597897     0.9208  29.594574     4.7608     4.8130     0.0069    91.1634 1.0000e-12  -64.87088  -63.82974 345.243235      99.95 0.0000e+00   1958.500      47005          8  0.000e+00
    252.860    250.230     0.9151  29.594014     0.9208  29.596528     4.7658     4.8124     0.0069    91.1634 1.0000e-12  -64.87088  -63.82974 345.243235      99.98 0.0000e+00   1958.542      47006          8  0.000e+00
    252.743    250.115     0.9134  29.591249     0.9208  29.597103     4.7619     4.8117     0.0069    91.1634 1.0000e-12  -64.87088  -63.82974 345.243236      99.98 0.0000e+00   1958.583      47007          8  0.000e+00
    252.791    250.162     0.9116  29.590131     0.9204  29.597046     4.7611     4.8113     0.0069    91.1634 1.0000e-12  -64.87088  -63.82974 345.243236      99.98 0.0000e+00   1958.625      47008          8  0.000e+00
    252.791    250.162     0.9113  29.589013     0.9206  29.595954     4.7557     4.8108     0.0069    91.1892 1.0000e-12  -64.87088  -63.82974 345.243237      99.98 0.0000e+00   1958.667      47009          8  0.000e+00
    252.791    250.162     0.9109  29.587366     0.9187  29.596528     4.7536     4.8105     0.0069    91.1634 1.0000e-12  -64.87088  -63.82974 345.243237      99.98 0.0000e+00   1958.708      47010          8  0.000e+00
    252.743    250.115     0.9111  29.586837     0.9167  29.595954     4.7584     4.8103     0.0069    91.1634 1.0000e-12  -64.87088  -63.82974 345.243238      99.98 0.0000e+00   1958.750      47011          8  0.000e+00
    252.791    250.162     0.9116  29.587778     0.9151  29.593253     4.7588     4.8103    -0.0004    91.1634 1.0000e-12  -64.87088  -63.82974 345.243238      99.95 0.0000e+00   1958.792      47012          8  0.000e+00
    252.702    250.074     0.9115  29.587954     0.9144  29.591299     4.7536     4.8100    -0.0004    91.1634 1.0000e-12  -64.87088  -63.82974 345.243239      99.95 0.0000e+00   1958.833      47013          8  0.000e+00
    252.743    250.115     0.9110  29.588190     0.9141  29.589632     4.7517     4.8107    -0.0004    91.1634 1.0000e-12  -64.87088  -63.82974 345.243239      99.98 0.0000e+00   1958.875      47014          8  0.000e+00
    252.743    250.115     0.9110  29.588190     0.9138  29.589402     4.7624     4.8105    -0.0004    91.1634 1.0000e-12  -64.87088  -63.82974 345.243240      99.98 0.0000e+00   1958.917      47015          8  0.000e+00
    252.743    250.115     0.9109  29.587660     0.9138  29.589115     4.7574     4.8103    -0.0004    91.1634 1.0000e-12  -64.87088  -63.82974 345.243240      99.95 0.0000e+00   1958.958      47016          8  0.000e+00
    252.688    250.060     0.9103  29.587660     0.9135  29.589115     4.7568     4.8101    -0.0004    91.1634 1.0000e-12  -64.87088  -63.82974 345.243241      99.95 0.0000e+00   1959.000      47017          8  0.000e+00
    252.688    250.060     0.9102  29.587072     0.9126  29.589115     4.7505     4.8101    -0.0004    91.1634 1.0000e-12  -64.87088  -63.82974 345.243241      99.98 0.0000e+00   1959.042      47018          8  0.000e+00
    252.688    250.060     0.9114  29.586836     0.9119  29.588023     4.7555     4.8101    -0.0004    91.1634 1.0000e-12  -64.87088  -63.82974 345.243242      99.98 0.0000e+00   1959.083      47019          8  0.000e+00
    252.688    250.060     0.9125  29.587072     0.9126  29.587506     4.7562     4.8100    -0.0004    91.1634 1.0000e-12  -64.87088  -63.82974 345.243242      99.98 0.0000e+00   1959.125      47020          8  0.000e+00
    252.654    250.026     0.9130  29.588189     0.9127  29.587736     4.7499     4.8099    -0.0004    91.1634 1.0000e-12  -64.87088  -63.82974 345.243243      99.98 0.0000e+00   1959.167      47021          8  0.000e+00
    252.640    250.013     0.9134  29.589719     0.9126  29.588310     4.7481     4.8099    -0.0004    91.1634 1.0000e-12  -64.87088  -63.82974 345.243243      99.98 0.0000e+00   1959.208      47022          8  0.000e+00
    252.640    250.013     0.9147  29.589836     0.9119  29.587736     4.7533     4.8100    -0.0004    91.1634 1.0000e-12  -64.87088  -63.82974 345.243244      99.98 0.0000e+00   1959.250      47023          8  0.000e+00
    252.640    250.013     0.9137  29.591542     0.9118  29.587448     4.7544     4.8101    -0.0004    91.1634 1.0000e-12  -64.87088  -63.82974 345.243244      99.95 0.0000e+00   1959.292      47024          8  0.000e+00
    252.585    249.958     0.9112  29.591248     0.9110  29.587218     4.7500     4.8103    -0.0004    91.1634 1.0000e-12  -64.87088  -63.82974 345.243245      99.98 0.0000e+00   1959.333      47025          8  0.000e+00
    202.409    200.329     0.7820  29.431260     0.7855  29.431104     4.8944     4.9404    -0.0150    91.1634 1.0000e-12  -64.87086  -63.82972 345.244536      99.98 0.0000e+00   2070.917      49703          9  0.000e+00
    202.313    200.234     0.7830  29.428265     0.7859  29.430588     4.8967     4.9408    -0.0150    91.1892 1.0000e-12  -64.87086  -63.82972 345.244537      99.95 0.0000e+00   2070.958      49704          9  0.000e+00
    202.313    200.234     0.7844  29.428500     0.7852  29.431391     4.8988     4.9422    -0.0150    91.1634 1.0000e-12  -64.87086  -63.82972 345.244537      99.95 0.0000e+00   2071.000      49705          9  0.000e+00
    202.313    200.234     0.7855  29.429909     0.7848  29.431563     4.8994     4.9426    -0.0150    91.1634 1.0000e-12  -64.87086  -63.82972 345.244538      99.98 0.0000e+00   2071.042      49706          9  0.000e+00
    202.258    200.179     0.7858  29.431553     0.7843  29.430301     4.9014     4.9431    -0.0150    91.1892 1.0000e-12  -64.87086  -63.82972 345.244538      99.98 0.0000e+00   2071.083      49707          9  0.000e+00
    202.258    200.179     0.7853  29.431846     0.7842  29.429785     4.9035     4.9435    -0.0150    91.1892 1.0000e-12  -64.87086  -63.82972 345.244538      99.98 0.0000e+00   2071.125      49708          9  0.000e+00
    202.258    200.179     0.7842  29.431318     0.7837  29.429498     4.9043     4.9440    -0.0150    91.1634 1.0000e-12  -64.87086  -63.82972 345.244539      99.98 0.0000e+00   2071.167      49709          9  0.000e+00
    202.258    200.179     0.7834  29.430731     0.7835  29.428924     4.9049     4.9443    -0.0150    91.1634 1.0000e-12  -64.87086  -63.82972 345.244539      99.98 0.0000e+00   2071.208      49710          9  0.000e+00
    202.210    200.132     0.7828  29.429909     0.7837  29.428924     4.9111     4.9445    -0.0150    91.1892 1.0000e-12  -64.87086  -63.82972 345.244540      99.98 0.0000e+00   2071.250      49711          9  0.000e+00
    202.313    200.234     0.7827  29.429381     0.7835  29.428408     4.9128     4.9502    -0.0150    91.1892 1.0000e-12  -64.87086  -63.82972 345.244540      99.95 0.0000e+00   2071.292      49712          9  0.000e+00
    202.155    200.077     0.7820  29.428852     0.7834  29.428523     4.9085     4.9458    -0.0150    91.1634 1.0000e-12  -64.87086  -63.82972 345.244541      99.95 0.0000e+00   2071.333      49713          9  0.000e+00
    202.210    200.132     0.7819  29.428500     0.7831  29.428121     4.9085     4.9460    -0.0150    91.1892 1.0000e-12  -64.87086  -63.82972 345.244541      99.98 0.0000e+00   2071.375      49714          9  0.000e+00
    202.210    200.132     0.7820  29.427737     0.7832  29.428408     4.9155     4.9514    -0.0150    91.1892 1.0000e-12  -64.87086  -63.82972 345.244542      99.98 0.0000e+00   2071.417      49715          9  0.000e+00
    202.155    200.077     0.7820  29.427149     0.7832  29.428121     4.9165     4.9469    -0.0150    91.1892 1.0000e-12  -64.87086  -63.82972 345.244542      99.95 0.0000e+00   2071.458      49716          9  0.000e+00
    202.155    200.077     0.7820  29.427678     0.7834  29.428408     4.9174     4.9522    -0.0150    91.1892 1.0000e-12  -64.87086  -63.82972 345.244543      99.95 0.0000e+00   2071.500      49717          9  0.000e+00
    202.155    200.077     0.7819  29.427443     0.7832  29.428121     4.9182     4.9477    -0.0150    91.1634 1.0000e-12  -64.87086  -63.82972 345.244543      99.98 0.0000e+00   2071.542      49718          9  0.000e+00
    202.155    200.077     0.7815  29.427443     0.7829  29.428293     4.9245     4.9530    -0.0004    91.1892 1.0000e-12  -64.87086  -63.82972 345.244544      99.98 0.0000e+00   2071.583      49719          9  0.000e+00
    202.107    200.030     0.7809  29.427384     0.7828  29.428121     4.9275     4.9536     0.0143    91.1892 1.0000e-12  -64.87086  -63.82972 345.244544      99.98 0.0000e+00   2071.625      49720          9  0.000e+00
    202.107    200.030     0.7803  29.426327     0.7820  29.427835     4.9248     4.9543     0.0143    91.1634 1.0000e-12  -64.87086  -63.82972 345.244545      99.98 0.0000e+00   2071.667      49721          9  0.000e+00
    202.107    200.030     0.7797  29.426328     0.7815  29.427318     4.9250     4.9549     0.0143    91.1892 1.0000e-12  -64.87086  -63.82972 345.244545      99.98 0.0000e+00   2071.708      49722          9  0.000e+00
    202.107    200.030     0.7783  29.425506     0.7812  29.426458     4.9308     4.9554     0.0143    91.1892 1.0000e-12  -64.87086  -63.82972 345.244546      99.95 0.0000e+00   2071.750      49723          9  0.000e+00
    202.059    199.982     0.7767  29.424449     0.7811  29.425655     4.9334     4.9558     0.0143    91.1634 1.0000e-12  -64.87086  -63.82972 345.244546      99.95 0.0000e+00   2071.792      49724          9  0.000e+00
    202.107    200.030     0.7766  29.423040     0.7812  29.425827     4.9300     4.9561     0.0143    91.1634 1.0000e-12  -64.87086  -63.82972 345.244547      99.98 0.0000e+00   2071.833      49725          9  0.000e+00
    202.004    199.928     0.7769  29.421337     0.7811  29.425139     4.9294     4.9501     0.0143    91.1634 1.0000e-12  -64.87086  -63.82972 345.244547      99.98 0.0000e+00   2071.875      49726          9  0.000e+00
    202.059    199.982     0.7774  29.421690     0.7811  29.425942     4.9344     4.9548     0.0143    91.1377 1.0000e-12  -64.87086  -63.82972 345.244548      99.98 0.0000e+00   2071.917      49727          9  0.000e+00
    202.059    199.982     0.7775  29.421983     0.7809  29.425942     4.9361     4.9549     0.0143    91.1377 1.0000e-12  -64.87086  -63.82972 345.244548      99.95 0.0000e+00   2071.958      49728          9  0.000e+00
    202.004    199.928     0.7770  29.421866     0.7806  29.425942     4.9306     4.9550     0.0143    91.1377 1.0000e-12  -64.87086  -63.82972 345.244549      99.95 0.0000e+00   2072.000      49729          9  0.000e+00
    202.004    199.928     0.7739  29.421396     0.7808  29.425942     4.9298     4.9549     0.0143    91.1377 1.0000e-12  -64.87086  -63.82972 345.244549      99.98 0.0000e+00   2072.042      49730          9  0.000e+00
    202.004    199.928     0.7703  29.418285     0.7809  29.425655     4.9346     4.9548     0.0143    91.1377 1.0000e-12  -64.87086  -63.82972 345.244550      99.98 0.0000e+00   2072.083      49731          9  0.000e+00
    202.004    199.928     0.7673  29.414294     0.7804  29.425540     4.9361     4.9547     0.0143    91.1377 1.0000e-12  -64.87086  -63.82972 345.244550      99.98 0.0000e+00   2072.125      49732          9  0.000e+00
    201.956    199.881     0.7659  29.411829     0.7803  29.425368     4.9359     4.9544     0.0143    91.1377 1.0000e-12  -64.87086  -63.82972 345.244551      99.98 0.0000e+00   2072.167      49733          9  0.000e+00
    202.004    199.928     0.7655  29.410303     0.7804  29.425368     4.9296     4.9542     0.0143    91.1377 1.0000e-12  -64.87086  -63.82972 345.244551      99.98 0.0000e+00   2072.208      49734          9  0.000e+00
    201.956    199.881     0.7650  29.409892     0.7801  29.425139     4.9332     4.9538     0.0143    91.1377 1.0000e-12  -64.87086  -63.82972 345.244552      99.98 0.0000e+00   2072.250      49735          9  0.000e+00
    201.956    199.881     0.7650  29.409481     0.7803  29.424852     4.9335     4.9533     0.0143    91.1377 1.0000e-12  -64.87086  -63.82972 345.244552      99.95 0.0000e+00   2072.292      49736          9  0.000e+00
    201.949    199.874     0.7647  29.409070     0.7801  29.425139     4.9266     4.9537     0.0143    91.1377 1.0000e-12  -64.87086  -63.82972 345.244552      99.98 0.0000e+00   2072.333      49737          9  0.000e+00
    201.956    199.881     0.7642  29.409305     0.7803  29.424737     4.9297     4.9531     0.0143    91.1377 1.0000e-12  -64.87086  -63.82972 345.244553      99.98 0.0000e+00   2072.375      49738          9  0.000e+00
    201.901    199.826     0.7636  29.408953     0.7800  29.424852     4.9281     4.9525     0.0143    91.1377 1.0000e-12  -64.87086  -63.82972 345.244553      99.98 0.0000e+00   2072.417      49739          9  0.000e+00
    201.901    199.826     0.7633  29.407661     0.7798  29.424852     4.9277     4.9518     0.0143    91.1377 1.0000e-12  -64.87086  -63.82972 345.244554      99.95 0.0000e+00   2072.458      49740          9  0.000e+00
    201.956    199.881     0.7626  29.407838     0.7800  29.424565     4.9272     4.9511     0.0143    91.1377 1.0000e-12  -64.87086  -63.82972 345.244554      99.95 0.0000e+00   2072.500      49741          9  0.000e+00
    201.901    199.826     0.7626  29.407661     0.7797  29.424852     4.9263     4.9511     0.0143    91.1377 1.0000e-12  -64.87086  -63.82972 345.244555      99.98 0.0000e+00   2072.542      49742          9  0.000e+00
    201.853    199.779     0.7623  29.407133     0.7801  29.424565     4.9311     4.9502     0.0143    91.1377 1.0000e-12  -64.87086  -63.82972 345.244555      99.98 0.0000e+00   2072.583      49743          9  0.000e+00
    201.901    199.826     0.7618  29.406722     0.7801  29.424852     4.9269     4.9547     0.0143    91.1377 1.0000e-12  -64.87086  -63.82972 345.244556      99.98 0.0000e+00   2072.625      49744          9  0.000e+00
