NBP2113_155081_ctd/data/nbp2113_011.ros
* Sea-Bird SBE 9 Data File:
* FileName = D:\Data\raw\NBP2113_011.hex
* Software Version Seasave V 7.26.7.121
* Temperature SN = 2438
* Conductivity SN = 2067
* Number of Bytes Per Scan = 40
* Number of Voltage Words = 5
* Number of Scans Averaged by the Deck Unit = 1
* NMEA Latitude = 63 57.92 S
* NMEA Longitude = 066 51.27 W
* NMEA UTC (Time) = Nov 26 2021  05:08:42
* NMEA baud rate = 9600
** Ship: RVIB N.B. Palmer
** Cruise: NBP2113 LTER
** Station: 600.200
** Operator: B. Urmston
# nquan = 20
# nvalues = 1155                                  
# units = specified
# name 0 = prDM: Pressure, Digiquartz [db]
# name 1 = depSM: Depth [salt water, m]
# name 2 = t090C: Temperature [ITS-90, deg C]
# name 3 = c0mS/cm: Conductivity [mS/cm]
# name 4 = t190C: Temperature, 2 [ITS-90, deg C]
# name 5 = c1mS/cm: Conductivity, 2 [mS/cm]
# name 6 = sbeox0ML/L: Oxygen, SBE 43 [ml/l]
# name 7 = sbeox1ML/L: Oxygen, SBE 43, 2 [ml/l]
# name 8 = flECO-AFL: Fluorescence, WET Labs ECO-AFL/FL [mg/m^3]
# name 9 = CStarTr0: Beam Transmission, WET Labs C-Star [%]
# name 10 = par: PAR/Irradiance, Biospherical/Licor
# name 11 = latitude: Latitude [deg]
# name 12 = longitude: Longitude [deg]
# name 13 = timeJ: Julian Days
# name 14 = altM: Altimeter [m]
# name 15 = spar: SPAR, Biospherical/Licor
# name 16 = timeS: Time, Elapsed [seconds]
# name 17 = scan: Scan Count
# name 18 = nbf: Bottles Fired
# name 19 = flag:  0.000e+00
# interval = seconds: 0.0416667
# start_time = Nov 26 2021 05:08:42 [NMEA time, header]
# bad_flag = -9.990e-29
*END*
[from data line 1014]
      3.551      3.517    -0.6215  27.679261    -0.6213  27.678258     8.4531     8.3794     5.0545    89.7729 1.0000e-12  -63.96578  -66.85584 330.313448      99.95 3.7021e+01   8559.917     205439         21  0.000e+00
      3.551      3.517    -0.6219  27.679376    -0.6217  27.678258     8.4547     8.3795     5.0545    89.9532 1.0000e-12  -63.96578  -66.85584 330.313449      99.95 3.7021e+01   8559.958     205440         21  0.000e+00
      3.545      3.510    -0.6219  27.679663    -0.6217  27.678426     8.4530     8.3795     5.0545    90.0047 1.0000e-12  -63.96578  -66.85584 330.313449      99.98 3.7021e+01   8560.000     205441         21  0.000e+00
      3.449      3.415    -0.6219  27.679720    -0.6213  27.678874     8.4528     8.3793     5.0545    90.0047 1.0000e-12  -63.96578  -66.85584 330.313450      99.95 3.7021e+01   8560.042     205442         21  0.000e+00
      3.503      3.469    -0.6215  27.680294    -0.6209  27.679210     8.4584     8.3784     5.0545    90.0047 1.0000e-12  -63.96578  -66.85584 330.313450      99.93 3.7021e+01   8560.083     205443         21  0.000e+00
      3.401      3.368    -0.6214  27.680122    -0.6204  27.679322     8.4639     8.3773     5.0545    90.0047 1.0000e-12  -63.96578  -66.85584 330.313451      99.95 3.7021e+01   8560.125     205444         21  0.000e+00
      3.339      3.307    -0.6211  27.680007    -0.6204  27.679322     8.4663     8.3772     5.0545    90.0047 1.0000e-12  -63.96578  -66.85584 330.313451      99.98 3.7021e+01   8560.167     205445         21  0.000e+00
      3.401      3.368    -0.6212  27.680007    -0.6209  27.679098     8.4572     8.3773     5.0545    90.0047 1.0000e-12  -63.96578  -66.85584 330.313451      99.98 3.7021e+01   8560.208     205446         21  0.000e+00
      3.196      3.165    -0.6211  27.679834    -0.6211  27.678537     8.4550     8.3771     5.0545    89.9789 1.0000e-12  -63.96578  -66.85584 330.313452      99.98 3.8783e+01   8560.292     205448         22  0.000e+00
      3.339      3.307    -0.6211  27.679892    -0.6211  27.678537     8.4562     8.3772     5.0545    90.0047 1.0000e-12  -63.96578  -66.85584 330.313453      99.98 3.8783e+01   8560.333     205449         22  0.000e+00
      3.148      3.117    -0.6212  27.679777    -0.6213  27.678537     8.4573     8.3770     5.0545    90.0047 1.0000e-12  -63.96578  -66.85584 330.313453      99.95 3.7021e+01   8560.375     205450         22  0.000e+00
      3.196      3.165    -0.6212  27.679892    -0.6211  27.678705     8.4601     8.3770     5.0545    90.0047 1.0000e-12  -63.96578  -66.85584 330.313454      99.95 3.7021e+01   8560.417     205451         22  0.000e+00
      3.093      3.063    -0.6208  27.680178    -0.6206  27.678985     8.4628     8.3767     5.0472    90.0047 1.0000e-12  -63.96578  -66.85584 330.313454      99.98 3.7021e+01   8560.458     205452         22  0.000e+00
      2.997      2.968    -0.6206  27.680236    -0.6201  27.679433     8.4657     8.3764     5.0545    90.0047 1.0000e-12  -63.96578  -66.85584 330.313455      99.98 3.7021e+01   8560.500     205453         22  0.000e+00
      3.086      3.056    -0.6205  27.680637    -0.6200  27.679546     8.4676     8.3765     4.9593    90.0047 1.0000e-12  -63.96578  -66.85584 330.313455      99.95 3.8783e+01   8560.542     205454         22  0.000e+00
      2.997      2.968    -0.6202  27.681154    -0.6200  27.679713     8.4738     8.3763     4.6809    90.0047 1.0000e-12  -63.96578  -66.85584 330.313456      99.93 3.8783e+01   8560.583     205455         22  0.000e+00
      2.943      2.914    -0.6200  27.681326    -0.6198  27.679601     8.4712     8.3762     4.5784    90.0047 1.0000e-12  -63.96578  -66.85584 330.313456      99.95 3.8783e+01   8560.625     205456         22  0.000e+00
      2.895      2.867    -0.6199  27.681326    -0.6197  27.679713     8.4776     8.3760     4.5857    90.0047 1.0000e-12  -63.96578  -66.85584 330.313457      99.98 3.8783e+01   8560.667     205457         22  0.000e+00
      2.833      2.806    -0.6199  27.681096    -0.6197  27.679825     8.4854     8.3759     4.5930    90.0047 1.0000e-12  -63.96578  -66.85584 330.313457      99.98 3.8783e+01   8560.708     205458         22  0.000e+00
      2.792      2.765    -0.6197  27.681038    -0.6195  27.679657     8.4872     8.3758     4.6003    89.9274 1.0000e-12  -63.96578  -66.85584 330.313458      99.98 3.8783e+01   8560.750     205459         22  0.000e+00
      2.737      2.711    -0.6197  27.681038    -0.6194  27.679993     8.4832     8.3757     4.6003    89.5669 1.0000e-12  -63.96578  -66.85586 330.313458      99.98 3.8783e+01   8560.792     205460         22  0.000e+00
      2.690      2.663    -0.6201  27.680407    -0.6197  27.679657     8.4778     8.3757     4.6003    89.3867 1.0000e-12  -63.96578  -66.85586 330.313459      99.98 3.8783e+01   8560.833     205461         22  0.000e+00
      2.642      2.616    -0.6202  27.680407    -0.6197  27.679937     8.4826     8.3756     4.6003    89.3867 1.0000e-12  -63.96578  -66.85586 330.313459      99.95 3.8783e+01   8560.875     205462         22  0.000e+00
      2.580      2.555    -0.6203  27.680292    -0.6198  27.679488     8.4843     8.3755     4.6003    89.3867 1.0000e-12  -63.96578  -66.85586 330.313460      99.95 3.8783e+01   8560.917     205463         22  0.000e+00
      2.539      2.514    -0.6203  27.680579    -0.6198  27.679320     8.4860     8.3754     4.5930    89.4124 1.0000e-12  -63.96578  -66.85586 330.313460      99.98 3.8783e+01   8560.958     205464         22  0.000e+00
      2.484      2.460    -0.6202  27.680349    -0.6200  27.679488     8.4805     8.3754     4.6003    89.4124 1.0000e-12  -63.96578  -66.85586 330.313461      99.98 3.8783e+01   8561.000     205465         22  0.000e+00
      2.389      2.365    -0.6203  27.680636    -0.6198  27.679376     8.4852     8.3752     4.6003    89.4124 1.0000e-12  -63.96578  -66.85586 330.313461      99.95 3.8783e+01   8561.042     205466         22  0.000e+00
      2.334      2.311    -0.6203  27.680578    -0.6203  27.679095     8.4926     8.3752     4.6003    89.4124 1.0000e-12  -63.96578  -66.85586 330.313462      99.93 3.8783e+01   8561.083     205467         22  0.000e+00
      2.327      2.304    -0.6203  27.679889    -0.6204  27.678647     8.4898     8.3761     4.5930    89.4124 1.0000e-12  -63.96578  -66.85586 330.313462      99.95 3.8783e+01   8561.125     205468         22  0.000e+00
      2.286      2.264    -0.6205  27.679889    -0.6207  27.678535     8.4972     8.3761     4.6003    89.4124 1.0000e-12  -63.96578  -66.85586 330.313463      99.98 3.8783e+01   8561.167     205469         22  0.000e+00
      2.183      2.162    -0.6206  27.679774    -0.6207  27.678534     8.4987     8.3760     4.6003    89.4124 1.0000e-12  -63.96578  -66.85586 330.313463      99.98 3.8783e+01   8561.208     205470         22  0.000e+00
      2.183      2.162    -0.6209  27.679889    -0.6211  27.678703     8.5015     8.3761     4.6003    89.4124 1.0000e-12  -63.96578  -66.85586 330.313464      99.98 3.8783e+01   8561.250     205471         22  0.000e+00
      2.074      2.054    -0.6209  27.679372    -0.6206  27.678590     8.5042     8.3759     4.6003    89.4124 1.0000e-12  -63.96578  -66.85586 330.313464      99.98 3.8783e+01   8561.292     205472         22  0.000e+00
      2.033      2.013    -0.6208  27.679544    -0.6207  27.678534     8.5054     8.3759     4.6003    89.4124 1.0000e-12  -63.96578  -66.85586 330.313465      99.98 3.8783e+01   8561.333     205473         22  0.000e+00
      1.978      1.959    -0.6208  27.679716    -0.6209  27.678534     8.5065     8.3758     4.6003    89.4124 1.0000e-12  -63.96578  -66.85586 330.313465      99.95 3.8783e+01   8561.375     205474         22  0.000e+00
      1.930      1.911    -0.6208  27.679544    -0.6206  27.678702     8.5017     8.3757     4.6003    89.3867 1.0000e-12  -63.96578  -66.85586 330.313465      99.95 3.8783e+01   8561.417     205475         22  0.000e+00
      1.882      1.864    -0.6210  27.679429    -0.6204  27.678926     8.5000     8.3756     4.6003    89.4124 1.0000e-12  -63.96578  -66.85586 330.313466      99.98 3.8783e+01   8561.458     205476         22  0.000e+00
      1.821      1.803    -0.6209  27.679257    -0.6206  27.678645     8.5039     8.3756     4.6003    89.4124 1.0000e-12  -63.96578  -66.85586 330.313466      99.98 3.8783e+01   8561.500     205477         22  0.000e+00
      1.780      1.762    -0.6209  27.679773    -0.6206  27.678701     8.5001     8.3755     4.5930    89.4124 1.0000e-12  -63.96578  -66.85586 330.313467      99.98 3.8783e+01   8561.542     205478         22  0.000e+00
      1.677      1.661    -0.6208  27.679601    -0.6206  27.678757     8.4935     8.3809     4.5930    89.4124 1.0000e-12  -63.96578  -66.85586 330.313467      99.93 3.8783e+01   8561.583     205479         22  0.000e+00
      1.677      1.661    -0.6210  27.679658    -0.6207  27.678589     8.4930     8.3817     4.5857    89.5154 1.0000e-12  -63.96578  -66.85586 330.313468      99.95 3.8783e+01   8561.625     205480         22  0.000e+00
      1.629      1.613    -0.6209  27.679543    -0.6204  27.678309     8.4968     8.3825     4.2780    89.5927 1.0000e-12  -63.96578  -66.85586 330.313468      99.98 3.8783e+01   8561.667     205481         22  0.000e+00
      1.527      1.512    -0.6209  27.679256    -0.6206  27.678589     8.4903     8.3776     4.1095    89.6184 1.0000e-12  -63.96578  -66.85586 330.313469      99.98 3.8783e+01   8561.708     205482         22  0.000e+00
      1.568      1.552    -0.6208  27.679199    -0.6203  27.678589     8.4942     8.3775     4.0875    89.6184 1.0000e-12  -63.96578  -66.85586 330.313469      99.98 3.8783e+01   8561.750     205483         22  0.000e+00
      1.472      1.458    -0.6211  27.679371    -0.6204  27.678701     8.5037     8.3773     4.1095    89.5927 1.0000e-12  -63.96578  -66.85586 330.313470      99.98 3.8783e+01   8561.792     205484         22  0.000e+00
      1.424      1.410    -0.6209  27.679428    -0.6203  27.678588     8.4996     8.3771     4.1168    89.5927 1.0000e-12  -63.96578  -66.85586 330.313470      99.98 3.8783e+01   8561.833     205485         22  0.000e+00
      1.424      1.410    -0.6212  27.679658    -0.6204  27.678308     8.4999     8.3771     4.1095    89.5927 1.0000e-12  -63.96578  -66.85586 330.313471      99.95 3.8783e+01   8561.875     205486         22  0.000e+00
      1.321      1.309    -0.6208  27.679542    -0.6204  27.678588     8.4986     8.3768     4.1095    89.5927 1.0000e-12  -63.96578  -66.85586 330.313471      99.95 3.8783e+01   8561.917     205487         22  0.000e+00
      1.267      1.254    -0.6210  27.679255    -0.6206  27.678812     8.4972     8.3766     4.1095    89.6184 1.0000e-12  -63.96578  -66.85586 330.313472      99.98 3.8783e+01   8561.958     205488         22  0.000e+00
      1.274      1.261    -0.6209  27.679370    -0.6204  27.678756     8.4971     8.3765     4.1095    89.5927 1.0000e-12  -63.96578  -66.85586 330.313472      99.98 3.8783e+01   8562.000     205489         22  0.000e+00
      1.219      1.207    -0.6206  27.679485    -0.6206  27.678364     8.4909     8.3764     4.1095    89.6184 1.0000e-12  -63.96578  -66.85586 330.313473      99.95 3.8783e+01   8562.042     205490         22  0.000e+00
      1.171      1.159    -0.6207  27.679485    -0.6207  27.678251     8.4892     8.3763     4.1095    89.5927 1.0000e-12  -63.96578  -66.85586 330.313473      99.93 3.8783e+01   8562.083     205491         22  0.000e+00
      1.123      1.112    -0.6203  27.679427    -0.6209  27.678251     8.4946     8.3761     4.1095    89.6184 1.0000e-12  -63.96578  -66.85586 330.313474      99.95 3.8783e+01   8562.125     205492         22  0.000e+00
      1.061      1.051    -0.6203  27.679427    -0.6207  27.678251     8.5028     8.3759     4.1095    89.5927 1.0000e-12  -63.96578  -66.85586 330.313474      99.98 3.8783e+01   8562.167     205493         22  0.000e+00
      1.068      1.058    -0.6200  27.679829    -0.6211  27.678251     8.5064     8.3759     4.1095    89.6184 1.0000e-12  -63.96578  -66.85586 330.313475      99.98 3.8783e+01   8562.208     205494         22  0.000e+00
      1.020      1.010    -0.6205  27.679771    -0.6207  27.678083     8.5073     8.3757     4.1095    89.6184 1.0000e-12  -63.96578  -66.85586 330.313475      99.98 3.8783e+01   8562.250     205495         22  0.000e+00
      1.068      1.058    -0.6202  27.679714    -0.6207  27.678027     8.5036     8.3756     4.1095    89.5927 1.0000e-12  -63.96578  -66.85586 330.313476      99.98 3.8783e+01   8562.292     205496         22  0.000e+00
      0.918      0.909    -0.6200  27.679886    -0.6206  27.678251     8.4947     8.3752     4.1095    89.5927 1.0000e-12  -63.96578  -66.85586 330.313477      99.95 3.8783e+01   8562.375     205498         23  0.000e+00
      0.959      0.950    -0.6201  27.679771    -0.6204  27.678419     8.4925     8.3751     4.1095    89.5927 1.0000e-12  -63.96578  -66.85586 330.313477      99.95 3.8783e+01   8562.417     205499         23  0.000e+00
      0.966      0.956    -0.6200  27.679714    -0.6206  27.678531     8.4961     8.3750     4.1095    89.6442 1.0000e-12  -63.96578  -66.85586 330.313478      99.98 3.8783e+01   8562.458     205500         23  0.000e+00
      0.918      0.909    -0.6203  27.679541    -0.6204  27.678531     8.4951     8.3748     4.1095    89.6957 1.0000e-12  -63.96578  -66.85586 330.313478      99.98 3.8783e+01   8562.500     205501         23  0.000e+00
      0.918      0.909    -0.6203  27.679484    -0.6203  27.678195     8.4940     8.3747     4.1095    89.6957 1.0000e-12  -63.96578  -66.85586 330.313478      99.95 3.8783e+01   8562.542     205502         23  0.000e+00
      0.966      0.956    -0.6205  27.679828    -0.6204  27.678419     8.4986     8.3747     4.1168    89.6957 1.0000e-12  -63.96578  -66.85586 330.313479      99.95 3.8783e+01   8562.583     205503         23  0.000e+00
      0.815      0.807    -0.6203  27.679771    -0.6203  27.678531     8.4940     8.3744     4.1095    89.6957 1.0000e-12  -63.96578  -66.85586 330.313479      99.98 3.8783e+01   8562.625     205504         23  0.000e+00
      0.959      0.950    -0.6205  27.679714    -0.6203  27.678307     8.4869     8.3744     4.1095    89.6957 1.0000e-12  -63.96578  -66.85586 330.313480      99.98 3.8783e+01   8562.667     205505         23  0.000e+00
      0.918      0.909    -0.6205  27.679541    -0.6206  27.678083     8.4912     8.3743     4.1095    89.6957 1.0000e-12  -63.96578  -66.85586 330.313480      99.98 3.8783e+01   8562.708     205506         23  0.000e+00
      0.918      0.909    -0.6205  27.679484    -0.6207  27.678195     8.4925     8.3743     4.2560    89.6957 1.0000e-12  -63.96578  -66.85586 330.313481      99.98 3.8783e+01   8562.750     205507         23  0.000e+00
      0.918      0.909    -0.6206  27.679484    -0.6206  27.678083     8.4937     8.3741     4.4099    89.6957 1.0000e-12  -63.96578  -66.85586 330.313481      99.98 3.8783e+01   8562.792     205508         23  0.000e+00
      0.918      0.909    -0.6206  27.679254    -0.6206  27.678195     8.4877     8.3795     4.4465    89.6957 1.0000e-12  -63.96578  -66.85586 330.313482      99.98 3.8783e+01   8562.833     205509         23  0.000e+00
      0.911      0.902    -0.6207  27.679369    -0.6204  27.678475     8.4906     8.3747     4.4392    89.6957 1.0000e-12  -63.96578  -66.85586 330.313482      99.95 3.8783e+01   8562.875     205510         23  0.000e+00
      0.918      0.909    -0.6208  27.679484    -0.6207  27.678307     8.4846     8.3746     4.4318    89.6957 1.0000e-12  -63.96578  -66.85586 330.313483      99.95 3.8783e+01   8562.917     205511         23  0.000e+00
