NBP2113_155081_ctd/data/nbp2113_046.ros
* Sea-Bird SBE 9 Data File:
* FileName = D:\Data\raw\NBP2113_046.hex
* Software Version Seasave V 7.26.7.121
* Temperature SN = 2438
* Conductivity SN = 2067
* Number of Bytes Per Scan = 40
* Number of Voltage Words = 5
* Number of Scans Averaged by the Deck Unit = 1
* NMEA Latitude = 64 52.22 S
* NMEA Longitude = 063 49.73 W
* NMEA UTC (Time) = Dec 11 2021  05:17:37
* NMEA baud rate = 9600
** Ship: RVIB N.B. Palmer
** Cruise: NBP2113 LTER
** Station: 623.024
** Operator: B. Urmston
# nquan = 20
# nvalues = 1138                                  
# units = specified
# name 0 = prDM: Pressure, Digiquartz [db]
# name 1 = depSM: Depth [salt water, m]
# name 2 = t090C: Temperature [ITS-90, deg C]
# name 3 = c0mS/cm: Conductivity [mS/cm]
# name 4 = t190C: Temperature, 2 [ITS-90, deg C]
# name 5 = c1mS/cm: Conductivity, 2 [mS/cm]
# name 6 = sbeox0ML/L: Oxygen, SBE 43 [ml/l]
# name 7 = sbeox1ML/L: Oxygen, SBE 43, 2 [ml/l]
# name 8 = flECO-AFL: Fluorescence, WET Labs ECO-AFL/FL [mg/m^3]
# name 9 = CStarTr0: Beam Transmission, WET Labs C-Star [%]
# name 10 = par: PAR/Irradiance, Biospherical/Licor
# name 11 = latitude: Latitude [deg]
# name 12 = longitude: Longitude [deg]
# name 13 = timeJ: Julian Days
# name 14 = altM: Altimeter [m]
# name 15 = spar: SPAR, Biospherical/Licor
# name 16 = timeS: Time, Elapsed [seconds]
# name 17 = scan: Scan Count
# name 18 = nbf: Bottles Fired
# name 19 = flag:  0.000e+00
# interval = seconds: 0.0416667
# start_time = Dec 11 2021 05:17:37 [NMEA time, header]
# bad_flag = -9.990e-29
*END*
[from data line 580]
    151.299    149.762     0.5686  29.170302     0.5654  29.167546     5.2359     5.3015     0.0362    90.9059 1.0000e-12  -64.87076  -63.82946 345.245856      99.95 0.0000e+00   2185.000      52441         12  0.000e+00
    151.285    149.748     0.5690  29.171121     0.5657  29.167032     5.2348     5.3023     0.0362    90.9059 1.0000e-12  -64.87076  -63.82946 345.245857      99.98 0.0000e+00   2185.042      52442         12  0.000e+00
    151.340    149.803     0.5692  29.170829     0.5662  29.167032     5.2409     5.3023     0.0362    90.9317 1.0000e-12  -64.87076  -63.82946 345.245857      99.98 0.0000e+00   2185.083      52443         12  0.000e+00
    151.285    149.748     0.5693  29.171121     0.5664  29.167317     5.2368     5.3022     0.0362    90.9059 1.0000e-12  -64.87076  -63.82946 345.245858      99.98 0.0000e+00   2185.125      52444         12  0.000e+00
    151.299    149.762     0.5692  29.170829     0.5673  29.167031     5.2360     5.3021     0.0362    90.9059 1.0000e-12  -64.87076  -63.82946 345.245858      99.98 0.0000e+00   2185.167      52445         12  0.000e+00
    151.285    149.748     0.5696  29.171121     0.5670  29.167889     5.2350     5.3021     0.0362    90.9317 1.0000e-12  -64.87076  -63.82946 345.245859      99.98 0.0000e+00   2185.208      52446         12  0.000e+00
    151.340    149.803     0.5695  29.171355     0.5673  29.168118     5.2411     5.3021     0.0362    90.9317 1.0000e-12  -64.87076  -63.82946 345.245859      99.95 0.0000e+00   2185.250      52447         12  0.000e+00
    151.340    149.803     0.5693  29.170829     0.5672  29.168118     5.2372     5.3021     0.0362    90.9317 1.0000e-12  -64.87076  -63.82946 345.245860      99.95 0.0000e+00   2185.292      52448         12  0.000e+00
    100.786     99.774    -0.0138  28.492741    -0.0142  28.491043     6.3343     6.3862     0.0875    90.4939 1.0000e-12  -64.87066  -63.82922 345.247195      99.98 0.0000e+00   2300.625      55216         13  0.000e+00
    100.662     99.652    -0.0137  28.492218    -0.0140  28.490816     6.3347     6.3860     0.0875    90.4939 1.0000e-12  -64.87066  -63.82922 345.247195      99.98 0.0000e+00   2300.667      55217         13  0.000e+00
    100.738     99.727    -0.0135  28.492509    -0.0142  28.490759     6.3396     6.3860     0.0875    90.4939 1.0000e-12  -64.87066  -63.82922 345.247196      99.98 0.0000e+00   2300.708      55218         13  0.000e+00
    100.662     99.652    -0.0137  28.492218    -0.0142  28.490533     6.3413     6.3850     0.0875    90.4939 1.0000e-12  -64.87066  -63.82922 345.247196      99.98 0.0000e+00   2300.750      55219         13  0.000e+00
    100.683     99.673    -0.0137  28.492218    -0.0142  28.490476     6.3430     6.3848     0.0875    90.4939 1.0000e-12  -64.87066  -63.82922 345.247197      99.95 0.0000e+00   2300.792      55220         13  0.000e+00
    100.710     99.700    -0.0135  28.492509    -0.0142  28.490306     6.3388     6.3847     0.0875    90.4939 1.0000e-12  -64.87066  -63.82922 345.247197      99.98 0.0000e+00   2300.833      55221         13  0.000e+00
    100.635     99.625    -0.0136  28.492218    -0.0140  28.490249     6.3434     6.3845     0.0875    90.4682 1.0000e-12  -64.87066  -63.82922 345.247198      99.98 0.0000e+00   2300.875      55222         13  0.000e+00
    100.635     99.625    -0.0135  28.492508    -0.0138  28.490533     6.3449     6.3843     0.0875    90.4682 1.0000e-12  -64.87066  -63.82922 345.247198      99.98 0.0000e+00   2300.917      55223         13  0.000e+00
    100.560     99.550    -0.0135  28.491928    -0.0142  28.490476     6.3449     6.3896     0.0875    90.4682 1.0000e-12  -64.87066  -63.82922 345.247199      99.95 0.0000e+00   2300.958      55224         13  0.000e+00
    100.587     99.578    -0.0137  28.491928    -0.0142  28.490532     6.3392     6.3903     0.0875    90.4682 1.0000e-12  -64.87066  -63.82922 345.247199      99.95 0.0000e+00   2301.000      55225         13  0.000e+00
    100.614     99.605    -0.0138  28.491928    -0.0143  28.490476     6.3435     6.3910     0.0875    90.4682 1.0000e-12  -64.87066  -63.82922 345.247200      99.95 0.0000e+00   2301.042      55226         13  0.000e+00
    100.532     99.523    -0.0137  28.492218    -0.0143  28.490532     6.3446     6.3915     0.0875    90.4682 1.0000e-12  -64.87066  -63.82922 345.247200      99.98 0.0000e+00   2301.083      55227         13  0.000e+00
    100.560     99.550    -0.0137  28.491928    -0.0142  28.490476     6.3400     6.3921     0.0875    90.4682 1.0000e-12  -64.87066  -63.82922 345.247201      99.98 0.0000e+00   2301.125      55228         13  0.000e+00
    100.532     99.523    -0.0135  28.491928    -0.0143  28.490306     6.3383     6.3926     0.0875    90.4682 1.0000e-12  -64.87066  -63.82922 345.247201      99.98 0.0000e+00   2301.167      55229         13  0.000e+00
    100.512     99.503    -0.0138  28.492218    -0.0143  28.490476     6.3424     6.3931     0.0875    90.4682 1.0000e-12  -64.87066  -63.82922 345.247201      99.98 0.0000e+00   2301.208      55230         13  0.000e+00
    100.532     99.523    -0.0137  28.491696    -0.0143  28.490306     6.3434     6.3881     0.0875    90.4682 1.0000e-12  -64.87066  -63.82922 345.247202      99.98 0.0000e+00   2301.250      55231         13  0.000e+00
    100.457     99.449    -0.0138  28.491696    -0.0142  28.489966     6.3428     6.3931     0.0875    90.4682 1.0000e-12  -64.87066  -63.82922 345.247202      99.95 0.0000e+00   2301.292      55232         13  0.000e+00
    100.484     99.476    -0.0138  28.492218    -0.0145  28.490532     6.3365     6.3936     0.0875    90.4682 1.0000e-12  -64.87066  -63.82922 345.247203      99.95 0.0000e+00   2301.333      55233         13  0.000e+00
    100.457     99.449    -0.0138  28.491696    -0.0142  28.490249     6.3402     6.3885     0.0875    90.4682 1.0000e-12  -64.87066  -63.82922 345.247203      99.98 0.0000e+00   2301.375      55234         13  0.000e+00
    100.429     99.422    -0.0140  28.491406    -0.0143  28.490305     6.3409     6.3934     0.0875    90.4682 1.0000e-12  -64.87066  -63.82922 345.247204      99.98 0.0000e+00   2301.417      55235         13  0.000e+00
    100.457     99.449    -0.0140  28.491406    -0.0143  28.490249     6.3414     6.3938     0.0875    90.4682 1.0000e-12  -64.87066  -63.82922 345.247204      99.95 0.0000e+00   2301.458      55236         13  0.000e+00
    100.429     99.422    -0.0138  28.491406    -0.0141  28.489965     6.3361     6.3941     0.0875    90.4682 1.0000e-12  -64.87066  -63.82922 345.247205      99.95 0.0000e+00   2301.500      55237         13  0.000e+00
    100.381     99.374    -0.0141  28.491406    -0.0143  28.490532     6.3397     6.3943     0.0948    90.4682 1.0000e-12  -64.87066  -63.82922 345.247205      99.98 0.0000e+00   2301.542      55238         13  0.000e+00
    100.409     99.401    -0.0140  28.491406    -0.0140  28.490475     6.3401     6.3946     0.1095    90.4682 1.0000e-12  -64.87066  -63.82922 345.247206      99.98 0.0000e+00   2301.583      55239         13  0.000e+00
    100.381     99.374    -0.0140  28.491116    -0.0142  28.489739     6.3404     6.3948     0.1168    90.4682 1.0000e-12  -64.87066  -63.82922 345.247206      99.98 0.0000e+00   2301.625      55240         13  0.000e+00
    100.354     99.347    -0.0140  28.491696    -0.0143  28.490758     6.3349     6.3949     0.1168    90.4682 1.0000e-12  -64.87066  -63.82922 345.247207      99.98 0.0000e+00   2301.667      55241         13  0.000e+00
    100.381     99.374    -0.0137  28.491115    -0.0143  28.490022     6.3382     6.3951     0.1168    90.4682 1.0000e-12  -64.87066  -63.82922 345.247207      99.98 0.0000e+00   2301.708      55242         13  0.000e+00
    100.354     99.347    -0.0138  28.491695    -0.0143  28.490475     6.3326     6.3952     0.1168    90.4424 1.0000e-12  -64.87066  -63.82922 345.247208      99.98 0.0000e+00   2301.750      55243         13  0.000e+00
    100.327     99.320    -0.0140  28.491695    -0.0142  28.490532     6.3328     6.3952     0.1168    90.4424 1.0000e-12  -64.87066  -63.82922 345.247208      99.95 0.0000e+00   2301.792      55244         13  0.000e+00
    100.354     99.347    -0.0141  28.491405    -0.0142  28.490475     6.3331     6.3953     0.1168    90.4424 1.0000e-12  -64.87066  -63.82922 345.247209      99.98 0.0000e+00   2301.833      55245         13  0.000e+00
    100.279     99.272    -0.0140  28.491405    -0.0142  28.490532     6.3378     6.3952     0.1168    90.4682 1.0000e-12  -64.87066  -63.82922 345.247209      99.98 0.0000e+00   2301.875      55246         13  0.000e+00
    100.354     99.347    -0.0140  28.491928    -0.0140  28.490249     6.3394     6.3952     0.1168    90.4682 1.0000e-12  -64.87066  -63.82922 345.247210      99.98 0.0000e+00   2301.917      55247         13  0.000e+00
    100.279     99.272    -0.0140  28.491405    -0.0143  28.490532     6.3338     6.3951     0.1168    90.4424 1.0000e-12  -64.87066  -63.82922 345.247210      99.95 0.0000e+00   2301.958      55248         13  0.000e+00
    100.306     99.299    -0.0138  28.491637    -0.0140  28.490248     6.3327     6.3950     0.1168    90.4424 1.0000e-12  -64.87066  -63.82922 345.247211      99.95 0.0000e+00   2302.000      55249         13  0.000e+00
    100.279     99.272    -0.0141  28.491695    -0.0142  28.490305     6.3360     6.3958     0.1168    90.4424 1.0000e-12  -64.87066  -63.82922 345.247211      99.98 0.0000e+00   2302.042      55250         13  0.000e+00
    100.306     99.299    -0.0140  28.491695    -0.0142  28.490475     6.3303     6.3956     0.1168    90.4682 1.0000e-12  -64.87066  -63.82922 345.247212      99.98 0.0000e+00   2302.083      55251         13  0.000e+00
    100.279     99.272    -0.0140  28.491695    -0.0143  28.490305     6.3277     6.3955     0.1168    90.4424 1.0000e-12  -64.87066  -63.82922 345.247212      99.98 0.0000e+00   2302.125      55252         13  0.000e+00
    100.258     99.252    -0.0138  28.491405    -0.0143  28.490248     6.3207     6.3952     0.1168    90.4424 1.0000e-12  -64.87066  -63.82922 345.247213      99.98 0.0000e+00   2302.167      55253         13  0.000e+00
    100.279     99.272    -0.0140  28.491695    -0.0143  28.490022     6.3225     6.3959     0.1168    90.4424 1.0000e-12  -64.87066  -63.82922 345.247213      99.98 0.0000e+00   2302.208      55254         13  0.000e+00
    100.258     99.252    -0.0138  28.491695    -0.0142  28.490248     6.3212     6.3956     0.1168    90.4424 1.0000e-12  -64.87066  -63.82922 345.247214      99.98 0.0000e+00   2302.250      55255         13  0.000e+00
    100.279     99.272    -0.0140  28.491927    -0.0140  28.490532     6.3213     6.3953     0.1168    90.4424 1.0000e-12  -64.87066  -63.82922 345.247214      99.93 0.0000e+00   2302.292      55256         13  0.000e+00
    100.258     99.252    -0.0137  28.491405    -0.0138  28.490248     6.3201     6.3950     0.1168    90.4682 1.0000e-12  -64.87066  -63.82922 345.247215      99.95 0.0000e+00   2302.333      55257         13  0.000e+00
    100.231     99.225    -0.0137  28.491405    -0.0142  28.490022     6.3246     6.3946     0.1168    90.4682 1.0000e-12  -64.87066  -63.82922 345.247215      99.98 0.0000e+00   2302.375      55258         13  0.000e+00
    100.231     99.225    -0.0138  28.492217    -0.0141  28.490248     6.3189     6.3942     0.1168    90.4424 1.0000e-12  -64.87066  -63.82922 345.247215      99.98 0.0000e+00   2302.417      55259         13  0.000e+00
    100.258     99.252    -0.0135  28.491927    -0.0142  28.490022     6.3176     6.3938     0.1168    90.4424 1.0000e-12  -64.87066  -63.82922 345.247216      99.95 0.0000e+00   2302.458      55260         13  0.000e+00
    100.231     99.225    -0.0135  28.491695    -0.0142  28.490248     6.3106     6.3942     0.1168    90.4424 1.0000e-12  -64.87066  -63.82922 345.247216      99.93 0.0000e+00   2302.500      55261         13  0.000e+00
    100.258     99.252    -0.0135  28.491927    -0.0140  28.490305     6.3138     6.3938     0.1168    90.4682 1.0000e-12  -64.87066  -63.82922 345.247217      99.95 0.0000e+00   2302.542      55262         13  0.000e+00
    100.231     99.225    -0.0132  28.492217    -0.0140  28.490248     6.3139     6.3933     0.1168    90.4939 1.0000e-12  -64.87066  -63.82922 345.247217      99.98 0.0000e+00   2302.583      55263         13  0.000e+00
    100.203     99.198    -0.0134  28.492217    -0.0141  28.490531     6.3083     6.3936     0.1168    90.4939 1.0000e-12  -64.87066  -63.82922 345.247218      99.98 0.0000e+00   2302.625      55264         13  0.000e+00
    101.650    100.629    -0.0118  28.495469    -0.0118  28.493708     6.3292     6.3867     0.1241    90.4424 1.0000e-12  -64.87066  -63.82920 345.247274      99.95 0.0000e+00   2307.458      55380         14  0.000e+00
    101.574    100.555    -0.0117  28.494889    -0.0118  28.493481     6.3285     6.3867     0.1241    90.4424 1.0000e-12  -64.87066  -63.82920 345.247274      99.93 0.0000e+00   2307.500      55381         14  0.000e+00
    101.602    100.582    -0.0120  28.494889    -0.0118  28.494501     6.3337     6.3867     0.1241    90.4424 1.0000e-12  -64.87066  -63.82920 345.247275      99.95 0.0000e+00   2307.542      55382         14  0.000e+00
    101.526    100.507    -0.0115  28.495179    -0.0120  28.493991     6.3298     6.3868     0.1241    90.4424 1.0000e-12  -64.87066  -63.82920 345.247275      99.98 0.0000e+00   2307.583      55383         14  0.000e+00
    101.650    100.629    -0.0118  28.495701    -0.0119  28.493991     6.3306     6.3869     0.1241    90.4682 1.0000e-12  -64.87066  -63.82920 345.247276      99.98 0.0000e+00   2307.625      55384         14  0.000e+00
    101.602    100.582    -0.0115  28.495469    -0.0122  28.493765     6.3299     6.3870     0.1241    90.4682 1.0000e-12  -64.87066  -63.82920 345.247276      99.98 0.0000e+00   2307.667      55385         14  0.000e+00
    101.574    100.555    -0.0118  28.495469    -0.0123  28.493708     6.3409     6.3871     0.1241    90.4682 1.0000e-12  -64.87066  -63.82920 345.247277      99.98 0.0000e+00   2307.708      55386         14  0.000e+00
    101.602    100.582    -0.0118  28.495469    -0.0122  28.493481     6.3442     6.3872     0.1241    90.4682 1.0000e-12  -64.87066  -63.82920 345.247277      99.98 0.0000e+00   2307.750      55387         14  0.000e+00
    101.526    100.507    -0.0118  28.494889    -0.0125  28.493141     6.3403     6.3873     0.1241    90.4682 1.0000e-12  -64.87066  -63.82920 345.247278      99.95 0.0000e+00   2307.792      55388         14  0.000e+00
    101.547    100.528    -0.0117  28.495469    -0.0118  28.493424     6.3350     6.3872     0.1241    90.4682 1.0000e-12  -64.87066  -63.82920 345.247278      99.98 0.0000e+00   2307.833      55389         14  0.000e+00
    101.574    100.555    -0.0117  28.495469    -0.0118  28.493481     6.3399     6.3873     0.1241    90.4682 1.0000e-12  -64.87066  -63.82920 345.247279      99.98 0.0000e+00   2307.875      55390         14  0.000e+00
    101.547    100.528    -0.0117  28.495469    -0.0118  28.493991     6.3346     6.3819     0.1241    90.4682 1.0000e-12  -64.87066  -63.82920 345.247279      99.98 0.0000e+00   2307.917      55391         14  0.000e+00
    101.526    100.507    -0.0117  28.495701    -0.0118  28.494274     6.3337     6.3811     0.1315    90.4682 1.0000e-12  -64.87066  -63.82920 345.247280      99.93 0.0000e+00   2307.958      55392         14  0.000e+00
    101.547    100.528    -0.0120  28.495469    -0.0119  28.494218     6.3329     6.3859     0.1241    90.4682 1.0000e-12  -64.87066  -63.82920 345.247280      99.95 0.0000e+00   2308.000      55393         14  0.000e+00
