NBP2113_155081_ctd/data/nbp2113_058.ros
* Sea-Bird SBE 9 Data File:
* FileName = D:\Data\raw\NBP2113_058.hex
* Software Version Seasave V 7.26.7.121
* Temperature SN = 2438
* Conductivity SN = 2067
* Number of Bytes Per Scan = 40
* Number of Voltage Words = 5
* Number of Scans Averaged by the Deck Unit = 1
* NMEA Latitude = 64 56.50 S
* NMEA Longitude = 064 28.63 W
* NMEA UTC (Time) = Dec 12 2021  02:31:22
* NMEA baud rate = 9600
** Ship: RVIB N.B. Palmer
** Cruise: NBP2113 LTER
** Station: 597.042
** Operator: S. Blackman
# nquan = 20
# nvalues = 479                                   
# units = specified
# name 0 = prDM: Pressure, Digiquartz [db]
# name 1 = depSM: Depth [salt water, m]
# name 2 = t090C: Temperature [ITS-90, deg C]
# name 3 = c0mS/cm: Conductivity [mS/cm]
# name 4 = t190C: Temperature, 2 [ITS-90, deg C]
# name 5 = c1mS/cm: Conductivity, 2 [mS/cm]
# name 6 = sbeox0ML/L: Oxygen, SBE 43 [ml/l]
# name 7 = sbeox1ML/L: Oxygen, SBE 43, 2 [ml/l]
# name 8 = flECO-AFL: Fluorescence, WET Labs ECO-AFL/FL [mg/m^3]
# name 9 = CStarTr0: Beam Transmission, WET Labs C-Star [%]
# name 10 = par: PAR/Irradiance, Biospherical/Licor
# name 11 = latitude: Latitude [deg]
# name 12 = longitude: Longitude [deg]
# name 13 = timeJ: Julian Days
# name 14 = altM: Altimeter [m]
# name 15 = spar: SPAR, Biospherical/Licor
# name 16 = timeS: Time, Elapsed [seconds]
# name 17 = scan: Scan Count
# name 18 = nbf: Bottles Fired
# name 19 = flag:  0.000e+00
# interval = seconds: 0.0416667
# start_time = Dec 12 2021 02:31:22 [NMEA time, header]
# bad_flag = -9.990e-29
*END*
[from data line 362]
     24.564     24.322    -0.5912  27.698772    -0.5692  27.733035     7.3202     7.2850     1.1571    87.6357 6.9319e-03  -64.94182  -64.47744 346.146876      99.98 0.0000e+00   3608.083      86595          8  0.000e+00
     24.509     24.267    -0.5912  27.697395    -0.5692  27.730062     7.3173     7.2851     1.1498    87.6357 6.9319e-03  -64.94182  -64.47744 346.146876      99.98 0.0000e+00   3608.125      86596          8  0.000e+00
     24.584     24.342    -0.5923  27.696362    -0.5660  27.727706     7.3132     7.2848     1.1571    87.6357 6.9319e-03  -64.94182  -64.47744 346.146877      99.98 0.0000e+00   3608.167      86597          8  0.000e+00
     24.564     24.322    -0.5953  27.695788    -0.5666  27.725631     7.3108     7.2851     1.1571    87.6357 6.9319e-03  -64.94182  -64.47744 346.146877      99.95 0.0000e+00   3608.208      86598          8  0.000e+00
     24.564     24.322    -0.5961  27.694525    -0.5681  27.723612     7.3081     7.2856     1.1571    87.6357 5.0339e-03  -64.94182  -64.47744 346.146878      99.95 0.0000e+00   3608.250      86599          8  0.000e+00
     24.584     24.342    -0.5945  27.692171    -0.5691  27.723500     7.2994     7.2861     1.1571    87.5585 6.9319e-03  -64.94182  -64.47744 346.146878      99.95 0.0000e+00   3608.292      86600          8  0.000e+00
     24.564     24.322    -0.5936  27.691884    -0.5692  27.725070     7.2952     7.2862     1.1571    87.5070 5.0339e-03  -64.94182  -64.47744 346.146879      99.98 0.0000e+00   3608.333      86601          8  0.000e+00
     24.564     24.322    -0.5947  27.692688    -0.5679  27.727538     7.2927     7.2862     1.1571    87.5070 6.9319e-03  -64.94182  -64.47744 346.146879      99.95 0.0000e+00   3608.375      86602          8  0.000e+00
     24.584     24.342    -0.5986  27.692401    -0.5697  27.729501     7.2911     7.2868     1.1571    87.5070 5.0339e-03  -64.94182  -64.47744 346.146880      99.93 0.0000e+00   3608.417      86603          8  0.000e+00
     24.612     24.369    -0.6004  27.690048    -0.5691  27.729782     7.2880     7.2872     1.1571    87.5327 6.9319e-03  -64.94182  -64.47744 346.146880      99.98 0.0000e+00   3608.458      86604          8  0.000e+00
     24.564     24.322    -0.5997  27.686088    -0.5666  27.728996     7.2743     7.2874     1.1571    87.5327 5.0339e-03  -64.94182  -64.47744 346.146881      99.98 0.0000e+00   3608.500      86605          8  0.000e+00
     24.612     24.369    -0.5999  27.684251    -0.5675  27.731184     7.2758     7.2881     1.1498    87.5327 5.0339e-03  -64.94182  -64.47744 346.146881      99.98 0.0000e+00   3608.542      86606          8  0.000e+00
     24.584     24.342    -0.5986  27.684767    -0.5691  27.730286     7.2740     7.2891     1.1498    87.5327 6.9319e-03  -64.94182  -64.47744 346.146882      99.98 0.0000e+00   3608.583      86607          8  0.000e+00
     24.612     24.369    -0.5982  27.685858    -0.5712  27.727987     7.2654     7.2905     1.1498    87.5327 5.0339e-03  -64.94182  -64.47744 346.146882      99.98 0.0000e+00   3608.625      86608          8  0.000e+00
     24.564     24.322    -0.5989  27.687695    -0.5704  27.726248     7.2630     7.2904     1.1498    87.5327 6.9319e-03  -64.94182  -64.47744 346.146883      99.98 0.0000e+00   3608.667      86609          8  0.000e+00
     24.632     24.389    -0.5992  27.687924    -0.5718  27.726417     7.2611     7.2861     1.1498    87.5327 5.0339e-03  -64.94182  -64.47744 346.146883      99.95 0.0000e+00   3608.708      86610          8  0.000e+00
     24.564     24.322    -0.5992  27.688211    -0.5755  27.726641     7.2521     7.2868     1.1498    87.5327 5.0339e-03  -64.94182  -64.47744 346.146884      99.95 0.0000e+00   3608.750      86611          8  0.000e+00
     24.612     24.369    -0.6000  27.687408    -0.5761  27.725632     7.2541     7.2872     1.1498    87.5327 5.0339e-03  -64.94182  -64.47744 346.146884      99.98 0.0000e+00   3608.792      86612          8  0.000e+00
     24.584     24.342    -0.6004  27.687178    -0.5698  27.725182     7.2518     7.2856     1.1498    87.5070 5.0339e-03  -64.94182  -64.47744 346.146885      99.98 0.0000e+00   3608.833      86613          8  0.000e+00
     24.612     24.369    -0.6017  27.686891    -0.5657  27.725350     7.2557     7.2845     1.1498    87.5327 5.0339e-03  -64.94182  -64.47744 346.146885      99.95 0.0000e+00   3608.875      86614          8  0.000e+00
     24.612     24.369    -0.5945  27.686374    -0.5677  27.725070     7.2481     7.2844     1.1498    87.5327 5.0339e-03  -64.94182  -64.47744 346.146886      99.93 0.0000e+00   3608.917      86615          8  0.000e+00
     24.529     24.288    -0.5889  27.688440    -0.5710  27.724958     7.2454     7.2846     1.1498    87.5327 5.0339e-03  -64.94182  -64.47744 346.146886      99.95 0.0000e+00   3608.958      86616          8  0.000e+00
     24.660     24.416    -0.5880  27.695558    -0.5753  27.725856     7.2391     7.2851     1.1498    87.5327 5.0339e-03  -64.94182  -64.47744 346.146887      99.98 0.0000e+00   3609.000      86617          8  0.000e+00
     24.564     24.322    -0.5914  27.701700    -0.5785  27.725351     7.2426     7.2854     1.1498    87.5070 5.0339e-03  -64.94182  -64.47744 346.146887      99.98 0.0000e+00   3609.042      86618          8  0.000e+00
     24.612     24.369    -0.5909  27.702389    -0.5785  27.721706     7.2405     7.2856     1.1498    87.5070 5.0339e-03  -64.94182  -64.47744 346.146888      99.98 0.0000e+00   3609.083      86619          8  0.000e+00
     24.584     24.342    -0.5891  27.703193    -0.5803  27.718678     7.2324     7.2861     1.1498    87.5585 5.0339e-03  -64.94182  -64.47744 346.146888      99.98 0.0000e+00   3609.125      86620          8  0.000e+00
     24.612     24.369    -0.5860  27.704743    -0.5824  27.717780     7.2302     7.2866     1.1498    87.6100 5.0339e-03  -64.94182  -64.47744 346.146889      99.98 0.0000e+00   3609.167      86621          8  0.000e+00
     24.564     24.322    -0.5822  27.706579    -0.5878  27.716715     7.2224     7.2885     1.1498    87.6357 5.0339e-03  -64.94182  -64.47744 346.146889      99.95 0.0000e+00   3609.208      86622          8  0.000e+00
     24.584     24.342    -0.5861  27.710771    -0.5941  27.715146     7.2192     7.2899     1.1498    87.6357 5.0339e-03  -64.94182  -64.47744 346.146889      99.95 0.0000e+00   3609.250      86623          8  0.000e+00
      4.503      4.458    -0.6522  27.438897    -0.6543  27.433219     8.0642     8.1270     2.4099    80.8378 7.1549e-01  -64.94180  -64.47736 346.147394      99.95 0.0000e+00   3652.875      87670          9  0.000e+00
      4.407      4.364    -0.6522  27.438896    -0.6544  27.433107     8.0627     8.1268     2.4099    80.8378 7.2329e-01  -64.94180  -64.47736 346.147395      99.93 0.0000e+00   3652.917      87671          9  0.000e+00
      4.496      4.452    -0.6523  27.438897    -0.6546  27.432660     8.0673     8.1268     2.4099    80.9150 7.3509e-01  -64.94180  -64.47736 346.147395      99.95 0.0000e+00   3652.958      87672          9  0.000e+00
      4.352      4.309    -0.6522  27.438667    -0.6546  27.432660     8.0715     8.1263     2.4099    80.9408 7.4698e-01  -64.94180  -64.47736 346.147396      99.98 0.0000e+00   3653.000      87673          9  0.000e+00
      4.407      4.364    -0.6523  27.438896    -0.6544  27.432325     8.0654     8.1315     2.4099    80.9150 7.5497e-01  -64.94180  -64.47736 346.147396      99.98 0.0000e+00   3653.042      87674          9  0.000e+00
      4.407      4.364    -0.6524  27.438153    -0.6544  27.432660     8.0666     8.1319     2.4099    80.9150 7.6300e-01  -64.94180  -64.47736 346.147397      99.98 0.0000e+00   3653.083      87675          9  0.000e+00
      4.407      4.364    -0.6523  27.438381    -0.6544  27.432045     8.0721     8.1322     2.4099    80.9150 7.7513e-01  -64.94180  -64.47736 346.147397      99.98 0.0000e+00   3653.125      87676          9  0.000e+00
      4.345      4.303    -0.6525  27.437638    -0.6543  27.432660     8.0671     8.1323     2.4099    80.9150 7.8327e-01  -64.94180  -64.47736 346.147398      99.98 0.0000e+00   3653.167      87677          9  0.000e+00
      4.352      4.309    -0.6527  27.438152    -0.6544  27.432827     8.0608     8.1324     2.4099    80.9150 7.9146e-01  -64.94180  -64.47736 346.147398      99.95 0.0000e+00   3653.208      87678          9  0.000e+00
      4.352      4.309    -0.6527  27.438152    -0.6544  27.432660     8.0648     8.1323     2.4099    80.9150 7.9969e-01  -64.94180  -64.47736 346.147399      99.95 0.0000e+00   3653.250      87679          9  0.000e+00
      4.352      4.309    -0.6525  27.437638    -0.6542  27.432436     8.0642     8.1322     2.4099    80.9150 8.0798e-01  -64.94180  -64.47736 346.147399      99.98 0.0000e+00   3653.292      87680          9  0.000e+00
      4.304      4.262    -0.6528  27.437351    -0.6546  27.432045     8.0622     8.1329     2.4099    80.9150 8.1631e-01  -64.94180  -64.47736 346.147400      99.98 0.0000e+00   3653.333      87681          9  0.000e+00
      4.345      4.303    -0.6527  27.437466    -0.6544  27.432436     8.0601     8.1325     2.4099    80.9150 8.2049e-01  -64.94180  -64.47736 346.147400      99.95 0.0000e+00   3653.375      87682          9  0.000e+00
      4.304      4.262    -0.6527  27.437866    -0.6543  27.432045     8.0591     8.1330     2.4099    80.9408 8.3310e-01  -64.94180  -64.47736 346.147401      80.15 0.0000e+00   3653.417      87683          9  0.000e+00
      4.304      4.262    -0.6525  27.437637    -0.6541  27.432436     8.0582     8.1333     2.4099    80.9150 8.2889e-01  -64.94180  -64.47736 346.147401      25.08 0.0000e+00   3653.458      87684          9  0.000e+00
      4.304      4.262    -0.6525  27.438152    -0.6541  27.432324     8.0572     8.1336     2.4025    80.8893 8.2889e-01  -64.94180  -64.47736 346.147402       6.35 0.0000e+00   3653.500      87685          9  0.000e+00
      4.297      4.255    -0.6522  27.437866    -0.6539  27.432660     8.0576     8.1338     2.2560    80.8893 8.2889e-01  -64.94180  -64.47736 346.147402       6.59 0.0000e+00   3653.542      87686          9  0.000e+00
      4.249      4.208    -0.6523  27.438152    -0.6535  27.433442     8.0696     8.1338     2.1681    80.9150 8.2468e-01  -64.94180  -64.47736 346.147403       8.77 0.0000e+00   3653.583      87687          9  0.000e+00
      4.352      4.309    -0.6523  27.438381    -0.6537  27.433889     8.0727     8.1331     2.1681    80.8893 8.1631e-01  -64.94180  -64.47736 346.147403       9.43 0.0000e+00   3653.625      87688          9  0.000e+00
      4.304      4.262    -0.6520  27.438667    -0.6535  27.434503     8.0638     8.1385     2.1681    80.9150 8.1631e-01  -64.94180  -64.47736 346.147404       9.38 0.0000e+00   3653.667      87689          9  0.000e+00
      4.352      4.309    -0.6525  27.438381    -0.6535  27.434112     8.0583     8.1393     2.1754    80.8893 8.0798e-01  -64.94180  -64.47736 346.147404       9.30 0.0000e+00   3653.708      87690          9  0.000e+00
      4.345      4.303    -0.6522  27.438667    -0.6538  27.433442     8.0701     8.1346     2.1754    80.8893 8.0383e-01  -64.94180  -64.47736 346.147405       9.28 0.0000e+00   3653.750      87691          9  0.000e+00
      4.304      4.262    -0.6523  27.438381    -0.6537  27.433330     8.0659     8.1342     2.1754    80.9665 8.0383e-01  -64.94180  -64.47736 346.147405       9.28 0.0000e+00   3653.792      87692          9  0.000e+00
      4.455      4.411    -0.6523  27.438153    -0.6533  27.433442     8.0663     8.1339     2.1754    80.9923 8.0383e-01  -64.94180  -64.47736 346.147405       9.28 0.0000e+00   3653.833      87693          9  0.000e+00
      4.201      4.160    -0.6519  27.438152    -0.6531  27.433721     8.0676     8.1332     2.1754    80.9923 8.0383e-01  -64.94180  -64.47736 346.147406       9.28 0.0000e+00   3653.875      87694          9  0.000e+00
      4.503      4.458    -0.6517  27.439183    -0.6527  27.434392     8.0681     8.1384     2.1754    80.9923 8.0383e-01  -64.94180  -64.47736 346.147406       9.28 0.0000e+00   3653.917      87695          9  0.000e+00
      4.345      4.303    -0.6519  27.440727    -0.6523  27.436291     8.0667     8.1382     2.1754    81.0180 8.0383e-01  -64.94180  -64.47736 346.147407      54.73 0.0000e+00   3653.958      87696          9  0.000e+00
      4.352      4.309    -0.6519  27.440841    -0.6527  27.438247     8.0597     8.1383     2.1754    81.0180 7.9969e-01  -64.94180  -64.47736 346.147407      95.90 0.0000e+00   3654.000      87697          9  0.000e+00
      4.455      4.411    -0.6522  27.441013    -0.6529  27.438638     8.0587     8.1440     2.1681    81.0180 7.9969e-01  -64.94180  -64.47736 346.147408     100.00 0.0000e+00   3654.042      87698          9  0.000e+00
      4.249      4.208    -0.6520  27.439983    -0.6532  27.437464     8.0633     8.1391     2.1754    81.0180 8.0383e-01  -64.94180  -64.47736 346.147408     100.00 0.0000e+00   3654.083      87699          9  0.000e+00
      4.448      4.404    -0.6523  27.439697    -0.6527  27.436850     8.0580     8.1391     2.1754    81.0180 8.0798e-01  -64.94180  -64.47736 346.147409     100.00 0.0000e+00   3654.125      87700          9  0.000e+00
      4.249      4.208    -0.6520  27.439697    -0.6529  27.437073     8.0625     8.1386     2.1754    80.9923 8.1214e-01  -64.94180  -64.47736 346.147409      99.95 0.0000e+00   3654.167      87701          9  0.000e+00
      4.455      4.411    -0.6519  27.439983    -0.6526  27.437465     8.0703     8.1392     2.1754    81.0180 8.2468e-01  -64.94180  -64.47736 346.147410      99.88 0.0000e+00   3654.208      87702          9  0.000e+00
      4.352      4.309    -0.6519  27.439983    -0.6526  27.437353     8.0777     8.1386     2.1754    80.9923 8.3733e-01  -64.94180  -64.47736 346.147410      99.95 0.0000e+00   3654.250      87703          9  0.000e+00
      4.304      4.262    -0.6519  27.439983    -0.6524  27.437464     8.0734     8.1379     2.1754    81.0180 8.4583e-01  -64.94180  -64.47736 346.147411      99.98 0.0000e+00   3654.292      87704          9  0.000e+00
      4.400      4.357    -0.6520  27.439983    -0.6526  27.437632     8.0736     8.1373     2.1681    81.0180 8.5437e-01  -64.94180  -64.47736 346.147411      99.98 0.0000e+00   3654.333      87705          9  0.000e+00
      4.304      4.262    -0.6520  27.439468    -0.6524  27.437464     8.0807     8.1372     2.1754    81.0180 8.6296e-01  -64.94180  -64.47736 346.147412      99.93 0.0000e+00   3654.375      87706          9  0.000e+00
      4.455      4.411    -0.6519  27.439983    -0.6526  27.437632     8.0834     8.1374     2.1754    80.9923 8.7160e-01  -64.94180  -64.47736 346.147412      99.93 0.0000e+00   3654.417      87707          9  0.000e+00
      4.202      4.160    -0.6520  27.440212    -0.6524  27.438023     8.0783     8.1370     2.1754    80.9923 8.8029e-01  -64.94180  -64.47736 346.147413      99.95 0.0000e+00   3654.458      87708          9  0.000e+00
      4.448      4.404    -0.6520  27.439983    -0.6527  27.438135     8.0797     8.1371     2.1754    81.0180 8.8029e-01  -64.94180  -64.47736 346.147413      99.98 0.0000e+00   3654.500      87709         10  0.000e+00
      4.249      4.208    -0.6522  27.440040    -0.6523  27.438134     8.0804     8.1421     2.1754    81.0180 8.7594e-01  -64.94180  -64.47736 346.147414      99.98 0.0000e+00   3654.542      87710         10  0.000e+00
      4.352      4.309    -0.6520  27.439697    -0.6523  27.438805     8.0814     8.1372     2.1754    80.9923 8.6727e-01  -64.94180  -64.47736 346.147414      99.98 0.0000e+00   3654.583      87711         10  0.000e+00
      4.249      4.208    -0.6519  27.440498    -0.6522  27.439196     8.0807     8.1367     2.1022    80.9923 8.5437e-01  -64.94180  -64.47736 346.147415      99.98 0.0000e+00   3654.625      87712         10  0.000e+00
