NBP2113_155081_ctd/data/nbp2113_054.ros
* Sea-Bird SBE 9 Data File:
* FileName = D:\Data\raw\NBP2113_054.hex
* Software Version Seasave V 7.26.7.121
* Temperature SN = 2438
* Conductivity SN = 2067
* Number of Bytes Per Scan = 40
* Number of Voltage Words = 5
* Number of Scans Averaged by the Deck Unit = 1
* NMEA Latitude = 64 52.85 S
* NMEA Longitude = 064 38.20 W
* NMEA UTC (Time) = Dec 11 2021  19:48:22
* NMEA baud rate = 9600
** Ship: RVIB N.B. Palmer
** Cruise: NBP2113 LTER
** Station: 597.052
** Operator: S. Blackman
# nquan = 20
# nvalues = 490                                   
# units = specified
# name 0 = prDM: Pressure, Digiquartz [db]
# name 1 = depSM: Depth [salt water, m]
# name 2 = t090C: Temperature [ITS-90, deg C]
# name 3 = c0mS/cm: Conductivity [mS/cm]
# name 4 = t190C: Temperature, 2 [ITS-90, deg C]
# name 5 = c1mS/cm: Conductivity, 2 [mS/cm]
# name 6 = sbeox0ML/L: Oxygen, SBE 43 [ml/l]
# name 7 = sbeox1ML/L: Oxygen, SBE 43, 2 [ml/l]
# name 8 = flECO-AFL: Fluorescence, WET Labs ECO-AFL/FL [mg/m^3]
# name 9 = CStarTr0: Beam Transmission, WET Labs C-Star [%]
# name 10 = par: PAR/Irradiance, Biospherical/Licor
# name 11 = latitude: Latitude [deg]
# name 12 = longitude: Longitude [deg]
# name 13 = timeJ: Julian Days
# name 14 = altM: Altimeter [m]
# name 15 = spar: SPAR, Biospherical/Licor
# name 16 = timeS: Time, Elapsed [seconds]
# name 17 = scan: Scan Count
# name 18 = nbf: Bottles Fired
# name 19 = flag:  0.000e+00
# interval = seconds: 0.0416667
# start_time = Dec 11 2021 19:48:22 [NMEA time, header]
# bad_flag = -9.990e-29
*END*
[from data line 73]
    443.854    439.035     1.3368  30.122600     1.3377  30.120588     4.2461     4.3146    -0.0004    91.1892 1.0000e-12  -64.88092  -64.63698 345.838098       8.35 5.9585e+02   1109.667      26633          2  0.000e+00
    443.819    439.001     1.3368  30.122067     1.3381  30.121629     4.2511     4.3151    -0.0004    91.1892 1.0000e-12  -64.88092  -64.63698 345.838098       8.35 5.9585e+02   1109.708      26634          2  0.000e+00
    443.750    438.933     1.3369  30.122303     1.3381  30.122439     4.2503     4.3157     0.0069    91.1892 1.0000e-12  -64.88092  -64.63698 345.838099       8.35 5.9585e+02   1109.750      26635          2  0.000e+00
    443.750    438.933     1.3368  30.122067     1.3371  30.122439     4.2451     4.3164    -0.0004    91.1892 1.0000e-12  -64.88092  -64.63700 345.838099       8.35 5.9585e+02   1109.792      26636          2  0.000e+00
    443.716    438.899     1.3369  30.122066     1.3362  30.122150     4.2501     4.3163    -0.0004    91.1892 1.0000e-12  -64.88092  -64.63700 345.838100       8.33 5.9585e+02   1109.833      26637          2  0.000e+00
    443.750    438.933     1.3368  30.122067     1.3355  30.121051     4.2508     4.3163    -0.0077    91.1892 1.0000e-12  -64.88092  -64.63700 345.838100       8.33 5.9585e+02   1109.875      26638          2  0.000e+00
    443.695    438.878     1.3369  30.122066     1.3350  30.119951     4.2455     4.3162    -0.0077    91.1892 1.0000e-12  -64.88092  -64.63700 345.838101       8.35 5.9585e+02   1109.917      26639          2  0.000e+00
    443.716    438.899     1.3371  30.121770     1.3350  30.119373     4.2449     4.3160    -0.0077    91.1892 1.0000e-12  -64.88092  -64.63700 345.838101       8.35 5.9585e+02   1109.958      26640          2  0.000e+00
    443.695    438.878     1.3375  30.122362     1.3350  30.119199     4.2500     4.3104    -0.0004    91.1892 1.0000e-12  -64.88092  -64.63700 345.838102       8.35 5.9585e+02   1110.000      26641          2  0.000e+00
    443.591    438.776     1.3375  30.122303     1.3349  30.119662     4.2448     4.3148    -0.0004    91.1892 1.0000e-12  -64.88092  -64.63700 345.838102       8.35 5.9585e+02   1110.042      26642          2  0.000e+00
    443.660    438.844     1.3374  30.122955     1.3352  30.119083     4.2457     4.3147    -0.0077    91.1892 1.0000e-12  -64.88092  -64.63700 345.838103       8.35 5.9585e+02   1110.083      26643          2  0.000e+00
    443.591    438.776     1.3377  30.122599     1.3349  30.118852     4.2452     4.3145    -0.0077    91.1892 1.0000e-12  -64.88092  -64.63700 345.838103       8.35 5.9585e+02   1110.125      26644          2  0.000e+00
    443.612    438.797     1.3375  30.122895     1.3353  30.119373     4.2448     4.3143    -0.0077    91.1892 1.0000e-12  -64.88092  -64.63700 345.838104       8.35 5.9585e+02   1110.167      26645          2  0.000e+00
    443.591    438.776     1.3379  30.122954     1.3358  30.119083     4.2445     4.3141    -0.0077    91.1892 1.0000e-12  -64.88092  -64.63700 345.838104       8.35 5.9585e+02   1110.208      26646          2  0.000e+00
    443.543    438.728     1.3377  30.123132     1.3361  30.119951     4.2500     4.3139    -0.0077    91.1634 1.0000e-12  -64.88092  -64.63700 345.838105       8.35 5.9585e+02   1110.250      26647          2  0.000e+00
    443.509    438.694     1.3377  30.123191     1.3372  30.120529     4.2452     4.3136    -0.0077    91.1634 1.0000e-12  -64.88092  -64.63700 345.838105       8.35 5.9585e+02   1110.292      26648          2  0.000e+00
    443.495    438.681     1.3377  30.123132     1.3372  30.121339     4.2464     4.3143    -0.0004    91.1634 1.0000e-12  -64.88092  -64.63700 345.838106       8.35 5.9585e+02   1110.333      26649          2  0.000e+00
    443.495    438.681     1.3379  30.122954     1.3375  30.121686     4.2462     4.3142    -0.0077    91.1892 1.0000e-12  -64.88092  -64.63700 345.838106       8.35 5.9585e+02   1110.375      26650          2  0.000e+00
    443.509    438.694     1.3380  30.123132     1.3375  30.121339     4.2520     4.3141    -0.0077    91.1634 1.0000e-12  -64.88092  -64.63700 345.838107       8.35 5.9585e+02   1110.417      26651          2  0.000e+00
    443.440    438.626     1.3380  30.123132     1.3373  30.121628     4.2474     4.3139    -0.0077    91.1892 1.0000e-12  -64.88092  -64.63700 345.838107       8.35 5.9585e+02   1110.458      26652          2  0.000e+00
    443.405    438.592     1.3377  30.123191     1.3374  30.121628     4.2474     4.3138    -0.0077    91.1634 1.0000e-12  -64.88092  -64.63700 345.838108       8.35 5.9585e+02   1110.500      26653          2  0.000e+00
    443.440    438.626     1.3363  30.122895     1.3375  30.121918     4.2476     4.3137    -0.0077    91.1892 1.0000e-12  -64.88092  -64.63700 345.838108       8.35 5.9585e+02   1110.542      26654          2  0.000e+00
    443.336    438.524     1.3348  30.121533     1.3377  30.121339     4.2465     4.3135    -0.0004    91.1634 1.0000e-12  -64.88092  -64.63700 345.838109       8.40 5.9585e+02   1110.583      26655          2  0.000e+00
    443.405    438.592     1.3343  30.120111     1.3375  30.121628     4.2467     4.3144    -0.0077    91.1634 1.0000e-12  -64.88092  -64.63700 345.838109       8.55 5.9585e+02   1110.625      26656          2  0.000e+00
    443.336    438.524     1.3331  30.118749     1.3378  30.121917     4.2470     4.3088    -0.0077    91.1634 1.0000e-12  -64.88092  -64.63700 345.838110       8.60 5.9585e+02   1110.667      26657          2  0.000e+00
    194.631    192.634     1.0350  29.690206     1.0310  29.685431     4.6410     4.6841     0.0069    91.3694 1.0000e-12  -64.88094  -64.63756 345.842379      99.95 6.3111e+02   1479.542      35510          3  0.000e+00
    194.521    192.526     1.0344  29.690971     1.0313  29.686524     4.6393     4.6839     0.0069    91.3952 1.0000e-12  -64.88094  -64.63756 345.842379      99.95 6.3111e+02   1479.583      35511          3  0.000e+00
    194.686    192.689     1.0334  29.691031     1.0317  29.686812     4.6447     4.6840     0.0069    91.3952 1.0000e-12  -64.88094  -64.63756 345.842380      99.98 6.3111e+02   1479.625      35512          3  0.000e+00
    194.583    192.587     1.0334  29.691561     1.0313  29.686812     4.6442     4.6848     0.0069    91.3952 1.0000e-12  -64.88094  -64.63756 345.842380      99.98 6.3111e+02   1479.667      35513          3  0.000e+00
    194.686    192.689     1.0342  29.691561     1.0312  29.687388     4.6449     4.6849     0.0069    91.3952 1.0000e-12  -64.88094  -64.63756 345.842381      99.98 6.3111e+02   1479.708      35514          3  0.000e+00
    194.728    192.729     1.0352  29.692150     1.0310  29.687388     4.6399     4.6850     0.0069    91.3694 1.0000e-12  -64.88094  -64.63756 345.842381      99.98 6.3111e+02   1479.750      35515          3  0.000e+00
    194.686    192.689     1.0357  29.691855     1.0315  29.687388     4.6449     4.6849     0.0069    91.3694 1.0000e-12  -64.88094  -64.63758 345.842382      99.98 6.3111e+02   1479.792      35516          3  0.000e+00
    194.686    192.689     1.0363  29.693210     1.0316  29.688193     4.6398     4.6849     0.0069    91.3694 1.0000e-12  -64.88094  -64.63758 345.842382      99.95 6.3111e+02   1479.833      35517          3  0.000e+00
    194.679    192.682     1.0365  29.692680     1.0324  29.687848     4.6378     4.6849     0.0069    91.3694 1.0000e-12  -64.88094  -64.63758 345.842383      99.95 6.3111e+02   1479.875      35518          3  0.000e+00
    194.734    192.736     1.0366  29.692621     1.0332  29.688193     4.6428     4.6857     0.0069    91.3694 1.0000e-12  -64.88094  -64.63758 345.842383      99.98 6.3111e+02   1479.917      35519          3  0.000e+00
    194.789    192.791     1.0366  29.693505     1.0336  29.688769     4.6433     4.6804     0.0069    91.3952 1.0000e-12  -64.88094  -64.63758 345.842384      99.98 6.3111e+02   1479.958      35520          3  0.000e+00
    194.734    192.736     1.0365  29.692975     1.0341  29.689574     4.6382     4.6849     0.0069    91.3694 1.0000e-12  -64.88094  -64.63758 345.842384      99.98 6.3111e+02   1480.000      35521          3  0.000e+00
    194.728    192.729     1.0368  29.693446     1.0343  29.689287     4.6330     4.6850     0.0069    91.3694 1.0000e-12  -64.88094  -64.63758 345.842385      99.93 6.3111e+02   1480.042      35522          3  0.000e+00
    194.789    192.791     1.0368  29.693269     1.0343  29.689862     4.6380     4.6851     0.0069    91.3952 1.0000e-12  -64.88094  -64.63758 345.842385      99.95 6.3111e+02   1480.083      35523          3  0.000e+00
    194.686    192.689     1.0371  29.693210     1.0344  29.689862     4.6429     4.6798     0.0069    91.3694 1.0000e-12  -64.88094  -64.63758 345.842386      99.98 6.3111e+02   1480.125      35524          3  0.000e+00
    194.789    192.791     1.0369  29.693800     1.0346  29.690092     4.6380     4.6845     0.0069    91.3694 1.0000e-12  -64.88094  -64.63758 345.842386      99.98 6.3111e+02   1480.167      35525          3  0.000e+00
    194.782    192.784     1.0374  29.693269     1.0346  29.690380     4.6428     4.6846     0.0069    91.3694 1.0000e-12  -64.88094  -64.63758 345.842387      99.98 6.3111e+02   1480.208      35526          3  0.000e+00
    194.734    192.736     1.0374  29.693740     1.0348  29.690092     4.6377     4.6794     0.0069    91.3694 1.0000e-12  -64.88094  -64.63758 345.842387      99.98 6.3111e+02   1480.250      35527          3  0.000e+00
    194.734    192.736     1.0377  29.694094     1.0350  29.690035     4.6369     4.6787     0.0069    91.3694 1.0000e-12  -64.88094  -64.63758 345.842388      99.98 6.3111e+02   1480.292      35528          3  0.000e+00
    194.734    192.736     1.0376  29.694388     1.0352  29.690668     4.6375     4.6781     0.0069    91.3694 1.0000e-12  -64.88094  -64.63758 345.842388      99.95 6.3111e+02   1480.333      35529          3  0.000e+00
    194.782    192.784     1.0373  29.693741     1.0355  29.690668     4.6438     4.6775     0.0069    91.3694 1.0000e-12  -64.88094  -64.63758 345.842389      99.95 6.3111e+02   1480.375      35530          3  0.000e+00
    194.686    192.689     1.0372  29.694094     1.0358  29.690667     4.6443     4.6769     0.0069    91.3694 1.0000e-12  -64.88094  -64.63758 345.842389      99.98 6.3287e+02   1480.417      35531          3  0.000e+00
    194.789    192.791     1.0372  29.693741     1.0358  29.690955     4.6380     4.6764     0.0069    91.3694 1.0000e-12  -64.88094  -64.63758 345.842390      99.98 6.3111e+02   1480.458      35532          3  0.000e+00
    194.686    192.689     1.0371  29.693505     1.0364  29.691473     4.6428     4.6811     0.0069    91.3694 1.0000e-12  -64.88094  -64.63758 345.842390      99.98 6.3111e+02   1480.500      35533          3  0.000e+00
    194.679    192.682     1.0374  29.693799     1.0366  29.691473     4.6432     4.6823     0.0069    91.3694 1.0000e-12  -64.88094  -64.63758 345.842391      99.93 6.3111e+02   1480.542      35534          3  0.000e+00
    194.686    192.689     1.0369  29.693446     1.0365  29.692048     4.6380     4.6826     0.0069    91.3694 1.0000e-12  -64.88094  -64.63758 345.842391      99.95 6.3287e+02   1480.583      35535          3  0.000e+00
    194.686    192.689     1.0362  29.693505     1.0366  29.692048     4.6372     4.6777     0.0069    91.3694 1.0000e-12  -64.88094  -64.63758 345.842391      99.98 6.3111e+02   1480.625      35536          3  0.000e+00
    194.631    192.634     1.0360  29.692385     1.0357  29.692048     4.6419     4.6773     0.0069    91.3694 1.0000e-12  -64.88094  -64.63758 345.842392      99.98 6.3287e+02   1480.667      35537          3  0.000e+00
    194.625    192.628     1.0357  29.691855     1.0352  29.690955     4.6367     4.6771     0.0069    91.3952 1.0000e-12  -64.88094  -64.63758 345.842392      99.98 6.3287e+02   1480.708      35538          3  0.000e+00
    194.631    192.634     1.0360  29.691561     1.0340  29.690322     4.6357     4.6822     0.0069    91.3952 1.0000e-12  -64.88094  -64.63758 345.842393      99.98 6.3287e+02   1480.750      35539          3  0.000e+00
    194.631    192.634     1.0358  29.692385     1.0337  29.689286     4.6417     4.6827     0.0069    91.3952 1.0000e-12  -64.88094  -64.63760 345.842393      99.98 6.3287e+02   1480.792      35540          3  0.000e+00
    194.535    192.539     1.0361  29.692149     1.0333  29.688481     4.6432     4.6832     0.0069    91.3952 1.0000e-12  -64.88094  -64.63760 345.842394      99.95 6.3287e+02   1480.833      35541          3  0.000e+00
    194.576    192.580     1.0363  29.692621     1.0331  29.688768     4.6379     4.6837     0.0069    91.3952 1.0000e-12  -64.88094  -64.63760 345.842394      99.95 6.3287e+02   1480.875      35542          3  0.000e+00
    194.535    192.539     1.0365  29.692974     1.0328  29.688193     4.6369     4.6789     0.0069    91.3952 1.0000e-12  -64.88094  -64.63760 345.842395      99.98 6.3287e+02   1480.917      35543          3  0.000e+00
    194.535    192.539     1.0365  29.692680     1.0332  29.687675     4.6373     4.6778     0.0069    91.3952 1.0000e-12  -64.88094  -64.63760 345.842395      99.98 6.3287e+02   1480.958      35544          3  0.000e+00
    194.480    192.485     1.0363  29.692621     1.0335  29.687675     4.6364     4.6766     0.0069    91.3952 1.0000e-12  -64.88094  -64.63760 345.842396      99.98 6.3287e+02   1481.000      35545          3  0.000e+00
    194.473    192.478     1.0363  29.692974     1.0335  29.688480     4.6355     4.6754     0.0069    91.3952 1.0000e-12  -64.88094  -64.63760 345.842396      99.95 6.3287e+02   1481.042      35546          3  0.000e+00
    194.432    192.437     1.0357  29.692679     1.0337  29.688768     4.6360     4.6803     0.0069    91.3952 1.0000e-12  -64.88094  -64.63760 345.842397      99.95 6.3287e+02   1481.083      35547          3  0.000e+00
    194.432    192.437     1.0352  29.692385     1.0333  29.688998     4.6352     4.6755     0.0069    91.3952 1.0000e-12  -64.88094  -64.63760 345.842397      99.98 6.3287e+02   1481.125      35548          3  0.000e+00
    194.370    192.376     1.0354  29.691855     1.0332  29.688940     4.6343     4.6805     0.0069    91.3952 1.0000e-12  -64.88094  -64.63760 345.842398      99.98 6.3287e+02   1481.167      35549          3  0.000e+00
    194.377    192.383     1.0349  29.691266     1.0327  29.688192     4.6335     4.6759     0.0069    91.3952 1.0000e-12  -64.88094  -64.63760 345.842398      99.98 6.3287e+02   1481.208      35550          3  0.000e+00
    194.329    192.335     1.0349  29.691560     1.0325  29.688480     4.6396     4.6756     0.0069    91.3952 1.0000e-12  -64.88094  -64.63760 345.842399      99.98 6.3287e+02   1481.250      35551          3  0.000e+00
    194.329    192.335     1.0342  29.691324     1.0329  29.687387     4.6345     4.6754     0.0069    91.3952 1.0000e-12  -64.88094  -64.63760 345.842399      99.98 6.3287e+02   1481.292      35552          3  0.000e+00
    194.267    192.274     1.0338  29.690971     1.0326  29.687387     4.6336     4.6752     0.0069    91.3694 1.0000e-12  -64.88094  -64.63760 345.842400      99.95 6.3287e+02   1481.333      35553          3  0.000e+00
    194.226    192.233     1.0342  29.690205     1.0324  29.687674     4.6285     4.6751     0.0069    91.3952 1.0000e-12  -64.88094  -64.63760 345.842400      99.95 6.3287e+02   1481.375      35554          3  0.000e+00
    194.226    192.233     1.0350  29.690146     1.0324  29.687386     4.6333     4.6750     0.0069    91.3952 1.0000e-12  -64.88094  -64.63760 345.842401      99.98 6.3287e+02   1481.417      35555          3  0.000e+00
