NBP2113_155081_ctd/data/nbp2113_025.ros
* Sea-Bird SBE 9 Data File:
* FileName = D:\Data\raw\NBP2113_025.hex
* Software Version Seasave V 7.26.7.121
* Temperature SN = 2438
* Conductivity SN = 2067
* Number of Bytes Per Scan = 40
* Number of Voltage Words = 5
* Number of Scans Averaged by the Deck Unit = 1
* NMEA Latitude = 66 26.47 S
* NMEA Longitude = 073 01.98 W
* NMEA UTC (Time) = Dec 02 2021  19:32:09
* NMEA baud rate = 9600
** Ship: RVIB N.B. Palmer
** Cruise: NBP2113 LTER
** Station: 200.200
** Operator: S. Blackman
# nquan = 20
# nvalues = 1156                                  
# units = specified
# name 0 = prDM: Pressure, Digiquartz [db]
# name 1 = depSM: Depth [salt water, m]
# name 2 = t090C: Temperature [ITS-90, deg C]
# name 3 = c0mS/cm: Conductivity [mS/cm]
# name 4 = t190C: Temperature, 2 [ITS-90, deg C]
# name 5 = c1mS/cm: Conductivity, 2 [mS/cm]
# name 6 = sbeox0ML/L: Oxygen, SBE 43 [ml/l]
# name 7 = sbeox1ML/L: Oxygen, SBE 43, 2 [ml/l]
# name 8 = flECO-AFL: Fluorescence, WET Labs ECO-AFL/FL [mg/m^3]
# name 9 = CStarTr0: Beam Transmission, WET Labs C-Star [%]
# name 10 = par: PAR/Irradiance, Biospherical/Licor
# name 11 = latitude: Latitude [deg]
# name 12 = longitude: Longitude [deg]
# name 13 = timeJ: Julian Days
# name 14 = altM: Altimeter [m]
# name 15 = spar: SPAR, Biospherical/Licor
# name 16 = timeS: Time, Elapsed [seconds]
# name 17 = scan: Scan Count
# name 18 = nbf: Bottles Fired
# name 19 = flag:  0.000e+00
# interval = seconds: 0.0416667
# start_time = Dec 02 2021 19:32:09 [NMEA time, header]
# bad_flag = -9.990e-29
*END*
[from data line 652]
     56.490     55.923    -0.5948  27.791453    -0.5904  27.792884     8.0640     8.0879     6.3806    87.9447 1.0000e-12  -66.44154  -73.03218 336.921614      99.93 5.3944e+02   9298.458     223164         14  0.000e+00
     56.436     55.869    -0.5950  27.791050    -0.5902  27.792715     8.0692     8.0834     6.3806    87.9447 1.0000e-12  -66.44154  -73.03218 336.921615      99.95 5.3944e+02   9298.500     223165         14  0.000e+00
     56.490     55.923    -0.5953  27.790763    -0.5924  27.791368     8.0628     8.0843     6.3806    87.9447 1.0000e-12  -66.44154  -73.03218 336.921615      99.98 5.3768e+02   9298.542     223166         14  0.000e+00
     56.545     55.978    -0.5954  27.790878    -0.5945  27.790302     8.0608     8.0852     6.3806    87.9447 1.0000e-12  -66.44154  -73.03218 336.921616      99.98 5.3768e+02   9298.583     223167         14  0.000e+00
     56.538     55.971    -0.5955  27.791108    -0.5950  27.790358     8.0557     8.0911     6.3806    87.9447 1.0000e-12  -66.44154  -73.03218 336.921616      99.98 5.3944e+02   9298.625     223168         14  0.000e+00
     56.490     55.923    -0.5951  27.791568    -0.5941  27.790358     8.0625     8.0912     6.3806    87.9447 1.0000e-12  -66.44154  -73.03218 336.921617      99.98 5.3944e+02   9298.667     223169         14  0.000e+00
     56.593     56.025    -0.5951  27.791338    -0.5941  27.790583     8.0666     8.0916     6.3806    87.9447 1.0000e-12  -66.44154  -73.03218 336.921617      99.98 5.3768e+02   9298.708     223170         14  0.000e+00
     56.545     55.978    -0.5948  27.791395    -0.5939  27.790639     8.0722     8.0927     6.3806    87.9447 1.0000e-12  -66.44154  -73.03218 336.921617      99.95 5.3944e+02   9298.750     223171         14  0.000e+00
     56.593     56.025    -0.5945  27.791453    -0.5940  27.790863     8.0809     8.0930     6.3806    87.9447 1.0000e-12  -66.44154  -73.03218 336.921618      99.95 5.3944e+02   9298.792     223172         14  0.000e+00
     56.545     55.978    -0.5945  27.791625    -0.5942  27.790695     8.0989     8.0932     6.3806    87.9447 1.0000e-12  -66.44154  -73.03218 336.921618      99.98 5.3944e+02   9298.833     223173         14  0.000e+00
     56.641     56.073    -0.5942  27.791740    -0.5937  27.790807     8.1054     8.0934     6.3806    87.9447 1.0000e-12  -66.44154  -73.03218 336.921619      99.98 5.3944e+02   9298.875     223174         14  0.000e+00
     56.593     56.025    -0.5945  27.791740    -0.5933  27.790919     8.1031     8.0999     6.3806    87.4040 1.0000e-12  -66.44154  -73.03218 336.921619      99.98 5.3768e+02   9298.917     223175         14  0.000e+00
     56.593     56.025    -0.5938  27.792085    -0.5939  27.790695     8.0993     8.1010     6.4758    86.7087 1.0000e-12  -66.44154  -73.03218 336.921620      99.93 5.3944e+02   9298.958     223176         14  0.000e+00
     56.641     56.073    -0.5930  27.792603    -0.5944  27.790302     8.1045     8.0965     6.5344    86.5542 1.0000e-12  -66.44154  -73.03218 336.921620      99.95 5.3944e+02   9299.000     223177         14  0.000e+00
     56.648     56.079    -0.5930  27.792603    -0.5954  27.789685     8.1053     8.1032     6.5344    86.5800 1.0000e-12  -66.44154  -73.03218 336.921621      99.98 5.3944e+02   9299.042     223178         14  0.000e+00
     56.641     56.073    -0.5926  27.792717    -0.5960  27.789067     8.1001     8.1051     6.5344    86.6057 1.0000e-12  -66.44154  -73.03218 336.921621      99.98 5.3944e+02   9299.083     223179         14  0.000e+00
     56.593     56.025    -0.5928  27.792602    -0.5962  27.788787     8.1054     8.1069     6.5344    86.6057 1.0000e-12  -66.44154  -73.03218 336.921622      99.98 5.3944e+02   9299.125     223180         14  0.000e+00
     56.689     56.120    -0.5930  27.792545    -0.5965  27.788618     8.1121     8.1087     6.5271    86.6057 1.0000e-12  -66.44154  -73.03218 336.921622      99.98 5.3944e+02   9299.167     223181         14  0.000e+00
     56.648     56.079    -0.5927  27.792315    -0.5973  27.788731     8.1125     8.1095     6.5271    86.6057 1.0000e-12  -66.44154  -73.03218 336.921623      99.98 5.3944e+02   9299.208     223182         14  0.000e+00
     56.641     56.073    -0.5928  27.792258    -0.5970  27.788450     8.1084     8.1111     6.5344    86.6057 1.0000e-12  -66.44154  -73.03218 336.921623      99.95 5.3944e+02   9299.250     223183         14  0.000e+00
     56.648     56.080    -0.5932  27.792258    -0.5970  27.788450     8.1147     8.1126     6.5271    86.6057 1.0000e-12  -66.44154  -73.03218 336.921624      99.95 5.3944e+02   9299.292     223184         14  0.000e+00
     56.641     56.073    -0.5942  27.791453    -0.5965  27.788506     8.1107     8.1140     6.5271    86.6057 1.0000e-12  -66.44154  -73.03218 336.921624      99.95 5.3944e+02   9299.333     223185         14  0.000e+00
     56.696     56.127    -0.5953  27.790994    -0.5954  27.788787     8.1097     8.1199     6.5271    86.6057 1.0000e-12  -66.44154  -73.03218 336.921625      99.98 5.3944e+02   9299.375     223186         14  0.000e+00
     56.641     56.073    -0.5954  27.790764    -0.5950  27.789180     8.1039     8.1210     6.5271    86.6057 1.0000e-12  -66.44154  -73.03218 336.921625      99.98 5.3944e+02   9299.417     223187         14  0.000e+00
     56.648     56.080    -0.5956  27.790878    -0.5962  27.789124     8.1070     8.1225     6.5344    86.6057 1.0000e-12  -66.44154  -73.03218 336.921626      99.93 5.3944e+02   9299.458     223188         14  0.000e+00
     56.689     56.120    -0.5958  27.790764    -0.5983  27.787047     8.0984     8.1242     6.5344    86.6057 1.0000e-12  -66.44154  -73.03218 336.921626      99.95 5.3944e+02   9299.500     223189         14  0.000e+00
     56.641     56.073    -0.5961  27.790246    -0.6020  27.784353     8.0940     8.1270     6.5344    86.6057 1.0000e-12  -66.44154  -73.03218 336.921627      99.98 5.3944e+02   9299.542     223190         14  0.000e+00
     56.648     56.080    -0.5962  27.790131    -0.6054  27.782557     8.0851     8.1296     6.5271    86.6057 1.0000e-12  -66.44154  -73.03218 336.921627      99.98 5.3944e+02   9299.583     223191         14  0.000e+00
     56.641     56.073    -0.5961  27.789729    -0.6071  27.781547     8.0865     8.1308     6.5344    86.6057 1.0000e-12  -66.44154  -73.03218 336.921628      99.98 5.3944e+02   9299.625     223192         14  0.000e+00
     56.648     56.080    -0.5969  27.789442    -0.6082  27.780424     8.0835     8.1374     6.5344    86.6057 1.0000e-12  -66.44154  -73.03218 336.921628      99.98 5.3944e+02   9299.667     223193         14  0.000e+00
     56.641     56.073    -0.5973  27.789154    -0.6097  27.779021     8.0804     8.1392     6.5344    86.6057 1.0000e-12  -66.44154  -73.03218 336.921629      99.98 5.3944e+02   9299.708     223194         14  0.000e+00
     56.648     56.080    -0.5967  27.788924    -0.6117  27.777787     8.0799     8.1410     6.5344    86.6315 1.0000e-12  -66.44154  -73.03218 336.921629      99.95 5.3944e+02   9299.750     223195         14  0.000e+00
     56.593     56.025    -0.5961  27.789614    -0.6134  27.776889     8.0940     8.1425     6.5271    86.6830 1.0000e-12  -66.44152  -73.03218 336.921630      99.95 5.3944e+02   9299.792     223196         14  0.000e+00
     56.648     56.080    -0.5959  27.789672    -0.6148  27.776215     8.1066     8.1440     6.5344    86.6830 1.0000e-12  -66.44152  -73.03218 336.921630      99.98 5.3944e+02   9299.833     223197         14  0.000e+00
     36.651     36.285    -0.5231  27.840437    -0.5242  27.838085     8.2676     8.2704     8.0509    86.9662 1.0000e-12  -66.44148  -73.03212 336.922239      99.98 5.0771e+02   9352.417     224459         15  0.000e+00
     36.706     36.339    -0.5231  27.840725    -0.5242  27.837973     8.2656     8.2710     8.0509    86.9662 1.0000e-12  -66.44148  -73.03212 336.922239      99.93 5.0771e+02   9352.458     224460         15  0.000e+00
     36.651     36.285    -0.5231  27.840379    -0.5247  27.838085     8.2547     8.2715     8.0509    86.9662 1.0000e-12  -66.44148  -73.03212 336.922240      99.95 5.0771e+02   9352.500     224461         15  0.000e+00
     36.754     36.386    -0.5231  27.840265    -0.5242  27.838085     8.2456     8.2719     8.0509    86.9662 1.0000e-12  -66.44148  -73.03212 336.922240      99.98 5.0771e+02   9352.542     224462         15  0.000e+00
     36.706     36.339    -0.5236  27.840034    -0.5243  27.837748     8.2481     8.2668     8.0509    86.9662 1.0000e-12  -66.44148  -73.03212 336.922241      99.98 5.0771e+02   9352.583     224463         15  0.000e+00
     36.754     36.386    -0.5237  27.840150    -0.5245  27.837861     8.2445     8.2664     8.0509    86.9662 1.0000e-12  -66.44148  -73.03212 336.922241      99.98 5.0771e+02   9352.625     224464         15  0.000e+00
     36.651     36.285    -0.5238  27.840264    -0.5245  27.837804     8.2406     8.2713     8.0436    86.9662 1.0000e-12  -66.44148  -73.03212 336.922242      99.98 5.0771e+02   9352.667     224465         15  0.000e+00
     36.754     36.386    -0.5235  27.840035    -0.5248  27.837692     8.2382     8.2719     8.0655    86.9662 1.0000e-12  -66.44148  -73.03212 336.922242      99.98 5.0771e+02   9352.708     224466         15  0.000e+00
     36.754     36.386    -0.5233  27.839977    -0.5247  27.837973     8.2413     8.2713     8.1388    86.9662 1.0000e-12  -66.44148  -73.03212 336.922242      99.95 5.0771e+02   9352.750     224467         15  0.000e+00
     36.733     36.366    -0.5235  27.839977    -0.5245  27.838142     8.2457     8.2714     8.1535    86.9662 1.0000e-12  -66.44148  -73.03214 336.922243      99.95 5.0771e+02   9352.792     224468         15  0.000e+00
     36.754     36.386    -0.5239  27.839805    -0.5243  27.838535     8.2455     8.2716     8.1535    86.8890 1.0000e-12  -66.44148  -73.03214 336.922243      99.98 5.0771e+02   9352.833     224469         15  0.000e+00
     36.754     36.386    -0.5239  27.839747    -0.5242  27.838198     8.2405     8.2718     8.1535    86.8117 1.0000e-12  -66.44148  -73.03214 336.922244      99.98 5.0771e+02   9352.875     224470         15  0.000e+00
     36.754     36.386    -0.5240  27.839517    -0.5242  27.838366     8.2458     8.2719     8.1535    86.7860 1.0000e-12  -66.44148  -73.03214 336.922244      99.98 5.0771e+02   9352.917     224471         15  0.000e+00
     36.706     36.339    -0.5242  27.839287    -0.5243  27.837973     8.2405     8.2720     8.1461    86.8117 1.0000e-12  -66.44148  -73.03214 336.922245      99.93 5.0771e+02   9352.958     224472         15  0.000e+00
     36.808     36.441    -0.5251  27.838194    -0.5242  27.838086     8.2341     8.2722     8.1461    86.8117 1.0000e-12  -66.44148  -73.03214 336.922245      99.95 5.0771e+02   9353.000     224473         15  0.000e+00
     36.706     36.339    -0.5263  27.837907    -0.5239  27.838535     8.2290     8.2720     8.1535    86.8117 1.0000e-12  -66.44148  -73.03214 336.922246      99.98 5.0771e+02   9353.042     224474         15  0.000e+00
     36.754     36.386    -0.5265  27.837677    -0.5236  27.838984     8.2341     8.2720     8.1535    86.8117 1.0000e-12  -66.44148  -73.03214 336.922246      99.98 5.0771e+02   9353.083     224475         15  0.000e+00
     36.754     36.386    -0.5260  27.837964    -0.5234  27.838591     8.2333     8.2719     8.1535    86.8117 1.0000e-12  -66.44148  -73.03214 336.922247      99.98 5.0771e+02   9353.125     224476         15  0.000e+00
     36.706     36.339    -0.5251  27.838712    -0.5239  27.838535     8.2323     8.2719     8.1535    86.8117 1.0000e-12  -66.44148  -73.03214 336.922247      99.98 5.0771e+02   9353.167     224477         15  0.000e+00
     36.754     36.386    -0.5245  27.838942    -0.5243  27.837917     8.2315     8.2720     8.1535    86.8117 1.0000e-12  -66.44148  -73.03214 336.922248      99.98 5.0771e+02   9353.208     224478         15  0.000e+00
     36.706     36.339    -0.5247  27.838942    -0.5261  27.836850     8.2293     8.2731     8.1535    86.8117 1.0000e-12  -66.44148  -73.03214 336.922248      99.95 5.0771e+02   9353.250     224479         15  0.000e+00
     36.706     36.339    -0.5251  27.839172    -0.5278  27.835333     8.2257     8.2734     8.1461    86.8117 1.0000e-12  -66.44148  -73.03214 336.922249      99.95 5.0771e+02   9353.292     224480         15  0.000e+00
     36.754     36.386    -0.5257  27.838597    -0.5295  27.833817     8.2281     8.2747     8.1535    86.8117 1.0000e-12  -66.44148  -73.03214 336.922249      99.98 5.0771e+02   9353.333     224481         15  0.000e+00
     36.651     36.285    -0.5262  27.838194    -0.5302  27.832806     8.2328     8.2755     8.1535    86.8117 1.0000e-12  -66.44148  -73.03214 336.922250      99.98 5.0771e+02   9353.375     224482         15  0.000e+00
     36.706     36.339    -0.5263  27.838137    -0.5315  27.832076     8.2343     8.2756     8.1535    86.8117 1.0000e-12  -66.44148  -73.03214 336.922250      99.98 5.0771e+02   9353.417     224483         15  0.000e+00
     36.651     36.285    -0.5263  27.838194    -0.5319  27.831570     8.2284     8.2755     8.1535    86.8117 1.0000e-12  -66.44148  -73.03214 336.922251      99.93 5.0771e+02   9353.458     224484         15  0.000e+00
     36.651     36.285    -0.5263  27.838367    -0.5314  27.832188     8.2210     8.2751     8.1535    86.8117 1.0000e-12  -66.44148  -73.03214 336.922251      99.95 5.0771e+02   9353.500     224485         15  0.000e+00
     36.651     36.285    -0.5262  27.838194    -0.5308  27.833199     8.2225     8.2746     8.1535    86.8117 1.0000e-12  -66.44148  -73.03214 336.922252      99.98 5.0771e+02   9353.542     224486         15  0.000e+00
     36.651     36.285    -0.5257  27.838309    -0.5297  27.834322     8.2134     8.2740     8.1535    86.7860 1.0000e-12  -66.44148  -73.03214 336.922252      99.98 5.0771e+02   9353.583     224487         15  0.000e+00
     36.548     36.183    -0.5248  27.839171    -0.5280  27.835333     8.2084     8.2731     8.1535    86.8117 1.0000e-12  -66.44148  -73.03214 336.922253      99.98 5.0771e+02   9353.625     224488         15  0.000e+00
     36.603     36.237    -0.5235  27.840092    -0.5265  27.836063     8.2048     8.2724     8.1535    86.5285 1.0000e-12  -66.44148  -73.03214 336.922253      99.98 5.0771e+02   9353.667     224489         15  0.000e+00
     36.548     36.183    -0.5228  27.840494    -0.5265  27.836288     8.2084     8.2728     8.1535    86.2195 1.0000e-12  -66.44148  -73.03214 336.922254      99.98 5.0771e+02   9353.708     224490         15  0.000e+00
     36.548     36.183    -0.5223  27.840552    -0.5259  27.836737     8.2091     8.2786     8.1535    86.1422 1.0000e-12  -66.44148  -73.03214 336.922254      99.95 5.0771e+02   9353.750     224491         15  0.000e+00
     36.548     36.183    -0.5220  27.840321    -0.5253  27.836962     8.2098     8.2798     8.1168    86.1680 1.0000e-12  -66.44148  -73.03214 336.922255      99.95 5.0771e+02   9353.792     224492         15  0.000e+00
     36.500     36.136    -0.5229  27.839861    -0.5251  27.837523     8.2062     8.2745     7.6773    86.1937 1.0000e-12  -66.44148  -73.03214 336.922255      99.95 5.0771e+02   9353.833     224493         15  0.000e+00
     36.452     36.088    -0.5242  27.839401    -0.5245  27.837748     8.2176     8.2793     7.4428    86.1680 1.0000e-12  -66.44148  -73.03214 336.922255      99.98 5.0771e+02   9353.875     224494         15  0.000e+00
     36.452     36.088    -0.5247  27.838999    -0.5237  27.838478     8.2126     8.2793     7.4135    86.1937 1.0000e-12  -66.44148  -73.03214 336.922256      99.98 5.0771e+02   9353.917     224495         15  0.000e+00
