NBP2113_155081_ctd/data/nbp2113_008.ros
* Sea-Bird SBE 9 Data File:
* FileName = D:\Data\raw\NBP2113_008.hex
* Software Version Seasave V 7.26.7.121
* Temperature SN = 2438
* Conductivity SN = 2067
* Number of Bytes Per Scan = 40
* Number of Voltage Words = 5
* Number of Scans Averaged by the Deck Unit = 1
* NMEA Latitude = 64 55.99 S
* NMEA Longitude = 064 24.05 W
* NMEA UTC (Time) = Nov 25 2021  04:33:36
* NMEA baud rate = 9600
** Ship: RVIB N.B. Palmer
** Cruise: NBP2113 LTER
** Station: 600.040
** Operator: B. Urmston
# nquan = 20
# nvalues = 1172                                  
# units = specified
# name 0 = prDM: Pressure, Digiquartz [db]
# name 1 = depSM: Depth [salt water, m]
# name 2 = t090C: Temperature [ITS-90, deg C]
# name 3 = c0mS/cm: Conductivity [mS/cm]
# name 4 = t190C: Temperature, 2 [ITS-90, deg C]
# name 5 = c1mS/cm: Conductivity, 2 [mS/cm]
# name 6 = sbeox0ML/L: Oxygen, SBE 43 [ml/l]
# name 7 = sbeox1ML/L: Oxygen, SBE 43, 2 [ml/l]
# name 8 = flECO-AFL: Fluorescence, WET Labs ECO-AFL/FL [mg/m^3]
# name 9 = CStarTr0: Beam Transmission, WET Labs C-Star [%]
# name 10 = par: PAR/Irradiance, Biospherical/Licor
# name 11 = latitude: Latitude [deg]
# name 12 = longitude: Longitude [deg]
# name 13 = timeJ: Julian Days
# name 14 = altM: Altimeter [m]
# name 15 = spar: SPAR, Biospherical/Licor
# name 16 = timeS: Time, Elapsed [seconds]
# name 17 = scan: Scan Count
# name 18 = nbf: Bottles Fired
# name 19 = flag:  0.000e+00
# interval = seconds: 0.0416667
# start_time = Nov 25 2021 04:33:36 [NMEA time, header]
# bad_flag = -9.990e-29
*END*
[from data line 1086]
      1.602      1.586    -0.7698  27.466936    -0.7686  27.466749     8.1423     8.0608     1.0912    91.9359 4.2099e+00  -64.93344  -64.40188 329.241145      20.05 0.0000e+00   4418.917     106055         23  0.000e+00
      1.492      1.478    -0.7692  27.467852    -0.7692  27.466302     8.1424     8.0604     1.0912    91.9359 4.4057e+00  -64.93344  -64.40188 329.241145       0.00 0.0000e+00   4418.958     106056         23  0.000e+00
      1.547      1.532    -0.7687  27.468367    -0.7692  27.465575     8.1486     8.0601     1.0912    91.9359 4.5651e+00  -64.93344  -64.40188 329.241146       0.00 0.0000e+00   4419.000     106057         23  0.000e+00
      1.547      1.532    -0.7695  27.467280    -0.7706  27.462502     8.1447     8.0601     1.0912    91.9359 4.7144e+00  -64.93344  -64.40188 329.241146       0.54 0.0000e+00   4419.042     106058         23  0.000e+00
      1.499      1.485    -0.7700  27.466707    -0.7727  27.461104     8.1437     8.0601     1.0912    91.9359 4.8214e+00  -64.93344  -64.40188 329.241147       1.64 0.0000e+00   4419.083     106059         23  0.000e+00
      1.499      1.485    -0.7695  27.466993    -0.7723  27.462334     8.1497     8.0594     1.0912    91.9359 4.9305e+00  -64.93344  -64.40188 329.241147       1.81 0.0000e+00   4419.125     106060         23  0.000e+00
      1.492      1.478    -0.7692  27.466936    -0.7715  27.463004     8.1454     8.0641     1.0912    91.9359 5.0098e+00  -64.93344  -64.40188 329.241148       1.76 0.0000e+00   4419.167     106061         23  0.000e+00
      1.499      1.485    -0.7700  27.465105    -0.7712  27.464402     8.1473     8.0586     1.0912    91.9359 5.0740e+00  -64.93344  -64.40188 329.241148       1.71 0.0000e+00   4419.208     106062         23  0.000e+00
      1.499      1.485    -0.7709  27.463903    -0.7692  27.467252     8.1479     8.0573     1.0912    91.9359 5.1226e+00  -64.93344  -64.40188 329.241149       1.71 0.0000e+00   4419.250     106063         23  0.000e+00
      1.452      1.437    -0.7719  27.463903    -0.7680  27.469376     8.1556     8.0562     1.0912    91.9359 5.1717e+00  -64.93344  -64.40188 329.241149       1.71 0.0000e+00   4419.292     106064         23  0.000e+00
      1.452      1.437    -0.7714  27.464990    -0.7669  27.470158     8.1512     8.0551     1.0912    91.9359 5.2212e+00  -64.93344  -64.40188 329.241150       1.71 0.0000e+00   4419.333     106065         23  0.000e+00
      1.493      1.478    -0.7701  27.466879    -0.7669  27.470717     8.1497     8.0552     1.0912    91.9617 5.2544e+00  -64.93344  -64.40188 329.241150      41.54 0.0000e+00   4419.375     106066         23  0.000e+00
      1.397      1.383    -0.7684  27.468996    -0.7665  27.471220     8.1479     8.0551     1.0912    91.9617 5.2878e+00  -64.93344  -64.40188 329.241151      92.09 0.0000e+00   4419.417     106067         23  0.000e+00
      1.452      1.437    -0.7677  27.469854    -0.7659  27.471220     8.1538     8.0543     1.0912    91.9617 5.2878e+00  -64.93344  -64.40188 329.241151     100.00 0.0000e+00   4419.458     106068         23  0.000e+00
      1.452      1.437    -0.7671  27.470942    -0.7658  27.471332     8.1551     8.0543     1.0912    91.9617 5.3214e+00  -64.93344  -64.40188 329.241152     100.00 0.0000e+00   4419.500     106069         23  0.000e+00
      1.397      1.383    -0.7669  27.470942    -0.7663  27.470046     8.1550     8.0536     1.0912    91.9617 5.3382e+00  -64.93344  -64.40188 329.241152     100.00 0.0000e+00   4419.542     106070         23  0.000e+00
      1.445      1.431    -0.7668  27.471171    -0.7679  27.467196     8.1549     8.0542     1.0912    91.9617 5.3382e+00  -64.93344  -64.40188 329.241153     100.00 0.0000e+00   4419.583     106071         23  0.000e+00
      1.397      1.383    -0.7666  27.471342    -0.7695  27.464457     8.1618     8.0538     1.0912    91.9617 5.3382e+00  -64.93344  -64.40188 329.241153      99.88 0.0000e+00   4419.625     106072         23  0.000e+00
      1.397      1.383    -0.7669  27.470942    -0.7712  27.462836     8.1585     8.0533     1.0912    91.9617 5.3551e+00  -64.93344  -64.40188 329.241154      99.93 0.0000e+00   4419.667     106073         23  0.000e+00
      1.397      1.383    -0.7684  27.469454    -0.7720  27.462557     8.1600     8.0535     1.0912    91.9617 5.3721e+00  -64.93344  -64.40188 329.241154      99.98 0.0000e+00   4419.708     106074         23  0.000e+00
      1.397      1.383    -0.7692  27.468366    -0.7716  27.463507     8.1553     8.0533     1.1132    91.9874 5.3721e+00  -64.93344  -64.40188 329.241155      99.98 0.0000e+00   4419.750     106075         23  0.000e+00
      1.445      1.431    -0.7689  27.468710    -0.7701  27.465799     8.1607     8.0529     1.1278    91.9874 5.3891e+00  -64.93342  -64.40188 329.241155      99.95 0.0000e+00   4419.792     106076         23  0.000e+00
      1.397      1.383    -0.7684  27.468939    -0.7689  27.467419     8.1571     8.0469     1.1278    91.9874 5.3891e+00  -64.93342  -64.40188 329.241155      99.93 0.0000e+00   4419.833     106077         23  0.000e+00
      1.349      1.336    -0.7686  27.469168    -0.7688  27.467363     8.1522     8.0515     1.1278    91.9874 5.4062e+00  -64.93342  -64.40188 329.241156      99.95 0.0000e+00   4419.875     106078         23  0.000e+00
      1.397      1.383    -0.7680  27.469053    -0.7685  27.467587     8.1578     8.0514     1.1278    91.9874 5.4062e+00  -64.93342  -64.40188 329.241156      99.98 0.0000e+00   4419.917     106079         23  0.000e+00
      1.397      1.383    -0.7680  27.468996    -0.7684  27.467363     8.1575     8.0514     1.1278    91.9874 5.4233e+00  -64.93342  -64.40188 329.241157      99.98 0.0000e+00   4419.958     106080         23  0.000e+00
      1.390      1.377    -0.7686  27.467794    -0.7689  27.466078     8.1502     8.0516     1.1278    91.9874 5.4233e+00  -64.93342  -64.40188 329.241157      99.98 0.0000e+00   4420.000     106081         23  0.000e+00
      1.397      1.383    -0.7698  27.467394    -0.7704  27.464290     8.1460     8.0520     1.1278    91.9874 5.4404e+00  -64.93342  -64.40188 329.241158      99.98 0.0000e+00   4420.042     106082         23  0.000e+00
      1.349      1.336    -0.7691  27.468195    -0.7709  27.463451     8.1486     8.0522     1.1278    91.9874 5.4404e+00  -64.93342  -64.40188 329.241158      99.98 0.0000e+00   4420.083     106083         23  0.000e+00
      1.397      1.384    -0.7680  27.469454    -0.7712  27.463340     8.1466     8.0523     1.1278    91.9874 5.4576e+00  -64.93342  -64.40188 329.241159      99.95 0.0000e+00   4420.125     106084         23  0.000e+00
      1.397      1.384    -0.7669  27.470541    -0.7712  27.463675     8.1444     8.0522     1.1278    91.9874 5.4576e+00  -64.93342  -64.40188 329.241159      99.98 0.0000e+00   4420.167     106085         23  0.000e+00
      1.343      1.329    -0.7672  27.469797    -0.7714  27.463451     8.1426     8.0467     1.1278    91.9874 5.4576e+00  -64.93342  -64.40188 329.241160      99.98 0.0000e+00   4420.208     106086         23  0.000e+00
      1.397      1.384    -0.7680  27.469339    -0.7716  27.462725     8.1438     8.0516     1.1278    91.9874 5.4576e+00  -64.93342  -64.40188 329.241160      99.98 0.0000e+00   4420.250     106087         23  0.000e+00
      1.397      1.384    -0.7683  27.468653    -0.7723  27.461942     8.1449     8.0518     1.1278    91.9874 5.4749e+00  -64.93342  -64.40188 329.241161      99.95 0.0000e+00   4420.292     106088         23  0.000e+00
      1.349      1.336    -0.7683  27.468996    -0.7732  27.461383     8.1458     8.0520     1.1278    91.9874 5.4749e+00  -64.93342  -64.40188 329.241161      99.93 0.0000e+00   4420.333     106089         23  0.000e+00
      1.349      1.336    -0.7684  27.469225    -0.7732  27.461607     8.1396     8.0465     1.1278    91.9874 5.4749e+00  -64.93342  -64.40188 329.241162      99.95 0.0000e+00   4420.375     106090         23  0.000e+00
      1.391      1.377    -0.7686  27.469282    -0.7730  27.461551     8.1453     8.0457     1.1278    91.9874 5.4749e+00  -64.93342  -64.40188 329.241162      99.98 0.0000e+00   4420.417     106091         23  0.000e+00
      2.111      2.091    -0.7598  27.481646    -0.7596  27.480724     8.1269     8.0485     1.0399    91.9617 1.9373e+00  -64.93344  -64.40188 329.241224      99.98 0.0000e+00   4425.750     106219         24  0.000e+00
      2.159      2.138    -0.7598  27.481532    -0.7595  27.480892     8.1286     8.0498     1.0399    91.9617 1.8937e+00  -64.93344  -64.40188 329.241224      99.98 0.0000e+00   4425.792     106220         24  0.000e+00
      2.152      2.131    -0.7599  27.481932    -0.7593  27.481339     8.1303     8.0501     1.0399    91.9617 1.8794e+00  -64.93344  -64.40188 329.241225      99.93 0.0000e+00   4425.833     106221         24  0.000e+00
      2.159      2.138    -0.7599  27.481875    -0.7592  27.481060     8.1248     8.0448     1.0399    91.9617 1.8651e+00  -64.93344  -64.40188 329.241225      99.95 0.0000e+00   4425.875     106222         24  0.000e+00
      2.159      2.138    -0.7599  27.481589    -0.7592  27.481171     8.1326     8.0507     1.0399    91.9617 1.8579e+00  -64.93344  -64.40188 329.241226      99.98 0.0000e+00   4425.917     106223         24  0.000e+00
      2.159      2.138    -0.7598  27.481875    -0.7595  27.481004     8.1345     8.0510     1.0399    91.9617 1.8937e+00  -64.93344  -64.40188 329.241226      99.98 0.0000e+00   4425.958     106224         24  0.000e+00
      2.159      2.138    -0.7598  27.481646    -0.7595  27.481171     8.1306     8.0513     1.0399    91.9617 1.9447e+00  -64.93344  -64.40188 329.241227      99.98 0.0000e+00   4426.000     106225         24  0.000e+00
      2.152      2.131    -0.7599  27.481532    -0.7593  27.481004     8.1314     8.0515     1.0399    91.9617 1.9668e+00  -64.93344  -64.40188 329.241227      99.98 0.0000e+00   4426.042     106226         24  0.000e+00
      2.159      2.138    -0.7599  27.481532    -0.7596  27.481171     8.1264     8.0517     1.0399    91.9617 1.9742e+00  -64.93344  -64.40188 329.241228      99.98 0.0000e+00   4426.083     106227         24  0.000e+00
      2.159      2.138    -0.7598  27.481703    -0.7595  27.481004     8.1319     8.0518     1.0399    91.9617 1.9447e+00  -64.93344  -64.40188 329.241228      99.95 0.0000e+00   4426.125     106228         24  0.000e+00
      2.159      2.138    -0.7601  27.481589    -0.7595  27.481115     8.1316     8.0528     1.0399    91.9617 1.9082e+00  -64.93344  -64.40188 329.241229      99.95 0.0000e+00   4426.167     106229         24  0.000e+00
      2.153      2.131    -0.7601  27.481875    -0.7592  27.481842     8.1431     8.0528     1.0399    91.9617 1.8722e+00  -64.93344  -64.40188 329.241229      99.98 0.0000e+00   4426.208     106230         24  0.000e+00
      2.159      2.138    -0.7601  27.481818    -0.7588  27.481786     8.1456     8.0538     1.0399    91.9617 1.8651e+00  -64.93344  -64.40188 329.241230      99.98 0.0000e+00   4426.250     106231         24  0.000e+00
      2.159      2.138    -0.7599  27.481990    -0.7586  27.481954     8.1465     8.0538     1.0399    91.9617 1.8794e+00  -64.93344  -64.40188 329.241230      99.98 0.0000e+00   4426.292     106232         24  0.000e+00
      2.112      2.091    -0.7598  27.482104    -0.7587  27.482177     8.1414     8.0593     1.0692    91.9617 1.8865e+00  -64.93344  -64.40188 329.241231      99.95 0.0000e+00   4426.333     106233         24  0.000e+00
      2.159      2.138    -0.7598  27.482276    -0.7590  27.482066     8.1481     8.0602     1.0839    91.9617 1.8722e+00  -64.93344  -64.40188 329.241231      99.95 0.0000e+00   4426.375     106234         24  0.000e+00
      2.153      2.131    -0.7595  27.482219    -0.7587  27.482178     8.1371     8.0554     1.0839    91.9617 1.8579e+00  -64.93344  -64.40188 329.241232      99.98 0.0000e+00   4426.417     106235         24  0.000e+00
      2.112      2.091    -0.7596  27.482276    -0.7587  27.482066     8.1336     8.0552     1.0839    91.9617 1.8579e+00  -64.93344  -64.40188 329.241232      99.98 0.0000e+00   4426.458     106236         24  0.000e+00
      2.159      2.138    -0.7595  27.482505    -0.7593  27.481563     8.1243     8.0552     1.0839    91.9359 1.8937e+00  -64.93344  -64.40188 329.241233      99.98 0.0000e+00   4426.500     106237         24  0.000e+00
      2.112      2.091    -0.7596  27.482390    -0.7592  27.481451     8.1253     8.0550     1.0839    91.9617 1.9742e+00  -64.93344  -64.40188 329.241233      99.98 0.0000e+00   4426.542     106238         24  0.000e+00
      2.112      2.091    -0.7593  27.482676    -0.7592  27.481507     8.1231     8.0556     1.0839    91.9617 2.0343e+00  -64.93344  -64.40188 329.241234      99.98 0.0000e+00   4426.583     106239         24  0.000e+00
      2.105      2.084    -0.7595  27.482963    -0.7592  27.481451     8.1269     8.0553     1.0839    91.9617 2.0649e+00  -64.93344  -64.40188 329.241234      99.95 0.0000e+00   4426.625     106240         24  0.000e+00
      2.112      2.091    -0.7590  27.482505    -0.7588  27.481898     8.1406     8.0550     1.0839    91.9617 2.0496e+00  -64.93344  -64.40188 329.241235      99.95 0.0000e+00   4426.667     106241         24  0.000e+00
      2.160      2.138    -0.7593  27.482333    -0.7592  27.481395     8.1455     8.0603     1.0839    91.9617 2.0268e+00  -64.93344  -64.40188 329.241235      99.98 0.0000e+00   4426.708     106242         24  0.000e+00
      2.057      2.037    -0.7595  27.482161    -0.7596  27.481227     8.1442     8.0552     1.0839    91.9617 2.0041e+00  -64.93344  -64.40188 329.241236      99.98 0.0000e+00   4426.750     106243         24  0.000e+00
      2.105      2.084    -0.7599  27.482104    -0.7601  27.480612     8.1462     8.0605     1.0839    91.9617 1.9891e+00  -64.93344  -64.40186 329.241236      99.98 0.0000e+00   4426.792     106244         24  0.000e+00
      2.112      2.091    -0.7599  27.481761    -0.7602  27.480221     8.1554     8.0554     1.0839    91.9617 1.9817e+00  -64.93344  -64.40186 329.241236      99.93 0.0000e+00   4426.833     106245         24  0.000e+00
      2.112      2.091    -0.7601  27.481990    -0.7602  27.479606     8.1527     8.0549     1.0839    91.9617 1.9742e+00  -64.93344  -64.40186 329.241237      99.95 0.0000e+00   4426.875     106246         24  0.000e+00
      2.057      2.037    -0.7602  27.481875    -0.7605  27.478767     8.1543     8.0599     1.0839    91.9617 1.9668e+00  -64.93344  -64.40186 329.241237      99.98 0.0000e+00   4426.917     106247         24  0.000e+00
      2.112      2.091    -0.7601  27.481417    -0.7611  27.478432     8.1546     8.0557     1.0839    91.9617 1.9668e+00  -64.93344  -64.40186 329.241238      99.98 0.0000e+00   4426.958     106248         24  0.000e+00
      2.050      2.030    -0.7602  27.481074    -0.7615  27.478376     8.1620     8.0606     1.0839    91.9617 1.9668e+00  -64.93344  -64.40186 329.241238      99.98 0.0000e+00   4427.000     106249         24  0.000e+00
      2.057      2.037    -0.7602  27.480730    -0.7618  27.477817     8.1575     8.0608     1.0839    91.9617 1.9520e+00  -64.93344  -64.40186 329.241239      99.98 0.0000e+00   4427.042     106250         24  0.000e+00
      2.057      2.037    -0.7605  27.480329    -0.7632  27.474240     8.1517     8.0624     1.0839    91.9617 1.9300e+00  -64.93344  -64.40186 329.241239      99.98 0.0000e+00   4427.083     106251         24  0.000e+00
      2.057      2.037    -0.7605  27.480616    -0.7660  27.470271     8.1443     8.0577     1.0839    91.9617 1.8937e+00  -64.93344  -64.40186 329.241240      99.95 0.0000e+00   4427.125     106252         24  0.000e+00
      2.057      2.037    -0.7607  27.480387    -0.7693  27.465185     8.1487     8.0634     1.0839    91.9359 1.8651e+00  -64.93344  -64.40186 329.241240      99.98 0.0000e+00   4427.167     106253         24  0.000e+00
