NBP2113_155081_ctd/data/nbp2113_044.ros
* Sea-Bird SBE 9 Data File:
* FileName = D:\Data\raw\NBP2113_044.hex
* Software Version Seasave V 7.26.7.121
* Temperature SN = 2438
* Conductivity SN = 2067
* Number of Bytes Per Scan = 40
* Number of Voltage Words = 5
* Number of Scans Averaged by the Deck Unit = 1
* NMEA Latitude = 64 55.93 S
* NMEA Longitude = 064 23.72 W
* NMEA UTC (Time) = Dec 11 2021  01:40:08
* NMEA baud rate = 9600
** Ship: RVIB N.B. Palmer
** Cruise: NBP2113 LTER
** Station: 600.040
** Operator: S. Blackman
# nquan = 20
# nvalues = 194                                   
# units = specified
# name 0 = prDM: Pressure, Digiquartz [db]
# name 1 = depSM: Depth [salt water, m]
# name 2 = t090C: Temperature [ITS-90, deg C]
# name 3 = c0mS/cm: Conductivity [mS/cm]
# name 4 = t190C: Temperature, 2 [ITS-90, deg C]
# name 5 = c1mS/cm: Conductivity, 2 [mS/cm]
# name 6 = sbeox0ML/L: Oxygen, SBE 43 [ml/l]
# name 7 = sbeox1ML/L: Oxygen, SBE 43, 2 [ml/l]
# name 8 = flECO-AFL: Fluorescence, WET Labs ECO-AFL/FL [mg/m^3]
# name 9 = CStarTr0: Beam Transmission, WET Labs C-Star [%]
# name 10 = par: PAR/Irradiance, Biospherical/Licor
# name 11 = latitude: Latitude [deg]
# name 12 = longitude: Longitude [deg]
# name 13 = timeJ: Julian Days
# name 14 = altM: Altimeter [m]
# name 15 = spar: SPAR, Biospherical/Licor
# name 16 = timeS: Time, Elapsed [seconds]
# name 17 = scan: Scan Count
# name 18 = nbf: Bottles Fired
# name 19 = flag:  0.000e+00
# interval = seconds: 0.0416667
# start_time = Dec 11 2021 01:40:08 [NMEA time, header]
# bad_flag = -9.990e-29
*END*
[from data line 145]
      4.294      4.252    -0.8439  27.228914    -0.8407  27.230437     8.2109     8.1949     1.7798    82.9750 4.1689e+00  -64.93254  -64.39590 345.079265      99.98 5.2886e+00    840.500      20173          4  0.000e+00
      4.287      4.245    -0.8420  27.229940    -0.8423  27.232053     8.2075     8.2002     1.7798    82.9750 4.1282e+00  -64.93254  -64.39590 345.079266      99.95 5.2886e+00    840.542      20174          4  0.000e+00
      4.294      4.252    -0.8406  27.231252    -0.8440  27.230771     8.2067     8.1946     1.7798    82.9750 4.1013e+00  -64.93254  -64.39590 345.079266      99.95 5.2886e+00    840.583      20175          4  0.000e+00
      4.191      4.150    -0.8402  27.232792    -0.8462  27.229211     8.2115     8.2001     1.7505    82.9750 4.0746e+00  -64.93254  -64.39590 345.079266      99.95 5.2886e+00    840.625      20176          4  0.000e+00
      4.184      4.143    -0.8414  27.233819    -0.8480  27.226649     8.2105     8.2009     1.7212    82.9750 4.0480e+00  -64.93254  -64.39590 345.079267      99.98 5.2886e+00    840.667      20177          4  0.000e+00
      4.143      4.103    -0.8425  27.233078    -0.8489  27.225535     8.2019     8.2014     1.7212    82.9750 4.0348e+00  -64.93254  -64.39590 345.079267      99.98 5.2886e+00    840.708      20178          4  0.000e+00
      4.143      4.103    -0.8437  27.231766    -0.8492  27.224588     8.1930     8.2018     1.7212    82.9750 4.0216e+00  -64.93254  -64.39590 345.079268      99.93 5.2886e+00    840.750      20179          4  0.000e+00
      4.041      4.001    -0.8422  27.230453    -0.8498  27.223529     8.1994     8.2021     1.7212    82.9750 4.0216e+00  -64.93254  -64.39590 345.079268      99.95 5.2886e+00    840.792      20180          4  0.000e+00
      4.082      4.042    -0.8321  27.230224    -0.8500  27.223529     8.1949     8.2024     1.7212    82.9750 4.0216e+00  -64.93254  -64.39590 345.079269      99.98 5.2886e+00    840.833      20181          4  0.000e+00
      4.041      4.001    -0.8236  27.234331    -0.8491  27.223250     8.1898     8.2024     1.7212    82.9750 4.0216e+00  -64.93254  -64.39590 345.079269      99.98 5.2886e+00    840.875      20182          4  0.000e+00
      3.993      3.954    -0.8212  27.245513    -0.8487  27.223529     8.1982     8.2023     1.7212    82.9750 3.9953e+00  -64.93254  -64.39590 345.079270      99.98 5.2886e+00    840.917      20183          4  0.000e+00
      3.979      3.940    -0.8239  27.251049    -0.8477  27.224476     8.2044     8.2021     1.7212    82.9750 3.9822e+00  -64.93254  -64.39590 345.079270      99.98 5.2886e+00    840.958      20184          4  0.000e+00
      3.938      3.899    -0.8274  27.248880    -0.8453  27.224809     8.2123     8.2016     1.7212    82.9750 3.9561e+00  -64.93254  -64.39590 345.079271      99.98 5.2886e+00    841.000      20185          4  0.000e+00
      3.890      3.852    -0.8325  27.243460    -0.8453  27.226871     8.2156     8.2014     1.7212    82.9750 3.9301e+00  -64.93254  -64.39590 345.079271      99.95 5.2886e+00    841.042      20186          4  0.000e+00
      3.890      3.852    -0.8369  27.238268    -0.8466  27.227372     8.2079     8.2016     1.7212    82.9750 3.9301e+00  -64.93254  -64.39590 345.079272      99.95 5.2886e+00    841.083      20187          4  0.000e+00
      3.829      3.791    -0.8404  27.234845    -0.8483  27.226091     8.2084     8.2019     1.7212    82.9750 3.9301e+00  -64.93254  -64.39590 345.079272      99.98 5.2886e+00    841.125      20188          4  0.000e+00
      3.835      3.798    -0.8430  27.232278    -0.8497  27.224977     8.2143     8.2021     1.7212    82.9750 3.9561e+00  -64.93254  -64.39590 345.079273      99.98 5.2886e+00    841.167      20189          4  0.000e+00
      3.788      3.750    -0.8454  27.229939    -0.8508  27.223807     8.2165     8.2022     1.7212    82.9750 3.9953e+00  -64.93254  -64.39590 345.079273      99.98 5.2886e+00    841.208      20190          4  0.000e+00
      3.740      3.703    -0.8466  27.228114    -0.8513  27.222525     8.2239     8.2022     1.7212    82.9750 4.0348e+00  -64.93254  -64.39590 345.079274      99.95 5.2886e+00    841.250      20191          4  0.000e+00
      3.726      3.689    -0.8481  27.226802    -0.8510  27.222247     8.2368     8.2019     1.7212    82.9750 4.0880e+00  -64.93254  -64.39590 345.079274      99.95 5.2886e+00    841.292      20192          4  0.000e+00
      3.685      3.649    -0.8488  27.226346    -0.8504  27.221467     8.2398     8.2015     1.7212    82.9750 4.1689e+00  -64.93254  -64.39590 345.079275      99.98 5.2886e+00    841.333      20193          4  0.000e+00
      3.685      3.649    -0.8494  27.225775    -0.8490  27.222748     8.2332     8.2018     1.7212    82.9750 4.2512e+00  -64.93254  -64.39590 345.079275      99.98 5.2886e+00    841.375      20194          4  0.000e+00
      3.637      3.601    -0.8502  27.224748    -0.8472  27.223973     8.2235     8.2010     1.7212    82.9750 4.3349e+00  -64.93254  -64.39590 345.079276      99.98 5.2886e+00    841.417      20195          4  0.000e+00
      3.623      3.588    -0.8505  27.224178    -0.8450  27.225310     8.2224     8.2010     1.7212    82.9750 4.4200e+00  -64.93254  -64.39590 345.079276      99.98 5.2886e+00    841.458      20196          4  0.000e+00
      3.534      3.500    -0.8503  27.224006    -0.8429  27.227148     8.2150     8.2010     1.7212    82.9750 4.4776e+00  -64.93254  -64.39590 345.079277      99.98 5.2886e+00    841.500      20197          4  0.000e+00
      3.582      3.547    -0.8498  27.223950    -0.8420  27.228931     8.2251     8.2013     1.7212    82.9750 4.5504e+00  -64.93254  -64.39590 345.079277      99.95 5.2886e+00    841.542      20198          4  0.000e+00
      3.528      3.493    -0.8495  27.224178    -0.8410  27.229711     8.2317     8.2006     1.7212    82.9750 4.6095e+00  -64.93254  -64.39590 345.079278      99.93 5.2886e+00    841.583      20199          4  0.000e+00
      3.534      3.500    -0.8469  27.225033    -0.8411  27.230156     8.2212     8.2003     1.7212    82.9750 4.6692e+00  -64.93254  -64.39590 345.079278      99.95 5.2886e+00    841.625      20200          4  0.000e+00
      3.480      3.446    -0.8422  27.225774    -0.8412  27.231493     8.2132     8.1997     1.7212    82.9750 4.7144e+00  -64.93254  -64.39590 345.079279      99.98 5.2886e+00    841.667      20201          4  0.000e+00
      3.432      3.398    -0.8376  27.229196    -0.8392  27.230490     8.2284     8.1998     1.7212    82.9750 4.7753e+00  -64.93254  -64.39590 345.079279      99.98 5.2886e+00    841.708      20202          4  0.000e+00
      3.473      3.439    -0.8335  27.233817    -0.8375  27.230490     8.2535     8.1991     1.7359    82.9750 4.8368e+00  -64.93254  -64.39590 345.079280      99.93 5.2886e+00    841.750      20203          4  0.000e+00
      3.384      3.351    -0.8306  27.237468    -0.8360  27.232551     8.2587     8.1990     1.7359    82.9750 4.8991e+00  -64.93254  -64.39590 345.079280      99.95 5.2886e+00    841.792      20204          4  0.000e+00
      3.384      3.351    -0.8278  27.239293    -0.8354  27.233833     8.2460     8.1983     1.7359    82.9493 4.9463e+00  -64.93254  -64.39590 345.079280      99.98 5.2886e+00    841.833      20205          4  0.000e+00
      3.384      3.351    -0.8261  27.241632    -0.8331  27.234111     8.2407     8.1973     1.7359    82.9493 4.9779e+00  -64.93254  -64.39590 345.079281      99.98 5.2886e+00    841.875      20206          4  0.000e+00
      3.322      3.290    -0.8248  27.243458    -0.8316  27.235838     8.2278     8.1963     1.7359    82.9493 4.9938e+00  -64.93254  -64.39590 345.079281      99.98 5.2886e+00    841.917      20207          4  0.000e+00
      3.329      3.297    -0.8239  27.244713    -0.8322  27.237454     8.2107     8.1957     1.7359    82.9493 4.9938e+00  -64.93254  -64.39590 345.079282      99.98 5.2886e+00    841.958      20208          4  0.000e+00
      3.281      3.249    -0.8241  27.245284    -0.8332  27.237955     8.1968     8.1952     1.7359    82.9493 4.9938e+00  -64.93254  -64.39590 345.079282      99.98 5.2886e+00    842.000      20209          4  0.000e+00
      3.281      3.249    -0.8252  27.245512    -0.8340  27.237454     8.2022     8.1947     1.7359    82.9493 4.9779e+00  -64.93254  -64.39590 345.079283      99.95 5.2886e+00    842.042      20210          4  0.000e+00
      3.275      3.242    -0.8319  27.245284    -0.8360  27.236395     8.2054     8.1954     1.7359    82.9493 4.9621e+00  -64.93254  -64.39590 345.079283      99.95 5.2886e+00    842.083      20211          4  0.000e+00
      3.227      3.195    -0.8357  27.242888    -0.8374  27.235114     8.2095     8.1950     1.7359    82.9493 4.9463e+00  -64.93254  -64.39590 345.079284      99.95 5.2886e+00    842.125      20212          4  0.000e+00
      3.227      3.195    -0.8379  27.238495    -0.8383  27.233777     8.2086     8.1955     1.7359    82.9493 4.8991e+00  -64.93254  -64.39590 345.079284      99.98 5.2886e+00    842.167      20213          4  0.000e+00
      3.179      3.148    -0.8396  27.234901    -0.8397  27.233052     8.2191     8.1959     1.7359    82.9493 4.8679e+00  -64.93254  -64.39590 345.079285      99.98 5.2886e+00    842.208      20214          4  0.000e+00
      3.172      3.141    -0.8416  27.231991    -0.8401  27.232050     8.2248     8.1963     1.7359    82.9493 4.8368e+00  -64.93254  -64.39590 345.079285      99.93 5.2886e+00    842.250      20215          4  0.000e+00
      3.179      3.148    -0.8427  27.230964    -0.8398  27.230991     8.2016     8.1965     1.7359    82.9493 4.8060e+00  -64.93254  -64.39590 345.079286      99.95 5.2886e+00    842.292      20216          4  0.000e+00
      3.131      3.100    -0.8438  27.229424    -0.8402  27.232050     8.1858     8.1957     1.7359    82.9493 4.7906e+00  -64.93254  -64.39590 345.079286      99.98 5.2886e+00    842.333      20217          4  0.000e+00
      3.131      3.100    -0.8442  27.229424    -0.8409  27.232272     8.1730     8.2006     1.7359    82.9493 4.7753e+00  -64.93254  -64.39590 345.079287      99.98 5.2886e+00    842.375      20218          4  0.000e+00
      3.117      3.087    -0.8445  27.228340    -0.8379  27.230991     8.1588     8.1946     1.7359    82.9493 4.7600e+00  -64.93254  -64.39590 345.079287      99.98 5.2886e+00    842.417      20219          4  0.000e+00
      3.076      3.046    -0.8453  27.228911    -0.8245  27.231212     8.1300     8.1919     1.7359    82.9493 4.7447e+00  -64.93254  -64.39590 345.079288      99.98 5.2886e+00    842.458      20220          4  0.000e+00
      3.076      3.046    -0.8461  27.228911    -0.8050  27.241017     8.1208     8.1874     1.7359    82.9493 4.7600e+00  -64.93254  -64.39590 345.079288      99.98 5.2886e+00    842.500      20221          4  0.000e+00
