NBP2113_155081_ctd/data/nbp2113_035.ros
* Sea-Bird SBE 9 Data File:
* FileName = D:\Data\raw\NBP2113_035.hex
* Software Version Seasave V 7.26.7.121
* Temperature SN = 2438
* Conductivity SN = 2067
* Number of Bytes Per Scan = 40
* Number of Voltage Words = 5
* Number of Scans Averaged by the Deck Unit = 1
* NMEA Latitude = 64 56.00 S
* NMEA Longitude = 064 23.93 W
* NMEA UTC (Time) = Dec 09 2021  05:14:22
* NMEA baud rate = 9600
** Ship: RVIB N.B. Palmer
** Cruise: NBP2113 LTER
** Station: 600.040
** Operator: B. Urmston
# nquan = 20
# nvalues = 277                                   
# units = specified
# name 0 = prDM: Pressure, Digiquartz [db]
# name 1 = depSM: Depth [salt water, m]
# name 2 = t090C: Temperature [ITS-90, deg C]
# name 3 = c0mS/cm: Conductivity [mS/cm]
# name 4 = t190C: Temperature, 2 [ITS-90, deg C]
# name 5 = c1mS/cm: Conductivity, 2 [mS/cm]
# name 6 = sbeox0ML/L: Oxygen, SBE 43 [ml/l]
# name 7 = sbeox1ML/L: Oxygen, SBE 43, 2 [ml/l]
# name 8 = flECO-AFL: Fluorescence, WET Labs ECO-AFL/FL [mg/m^3]
# name 9 = CStarTr0: Beam Transmission, WET Labs C-Star [%]
# name 10 = par: PAR/Irradiance, Biospherical/Licor
# name 11 = latitude: Latitude [deg]
# name 12 = longitude: Longitude [deg]
# name 13 = timeJ: Julian Days
# name 14 = altM: Altimeter [m]
# name 15 = spar: SPAR, Biospherical/Licor
# name 16 = timeS: Time, Elapsed [seconds]
# name 17 = scan: Scan Count
# name 18 = nbf: Bottles Fired
# name 19 = flag:  0.000e+00
# interval = seconds: 0.0416667
# start_time = Dec 09 2021 05:14:22 [NMEA time, header]
# bad_flag = -9.990e-29
*END*
[from data line 145]
     18.750     18.565    -0.9247  27.288882    -0.9243  27.288782     7.7515     7.7848     1.0619    91.4724 1.5397e-01  -64.93358  -64.40192 343.228795      99.98 0.0000e+00    905.875      21742          3  0.000e+00
     18.729     18.545    -0.9245  27.288368    -0.9239  27.288280     7.7439     7.7838     1.0692    91.4724 1.5397e-01  -64.93358  -64.40192 343.228795      99.98 0.0000e+00    905.917      21743          3  0.000e+00
      6.018      5.959    -0.9523  27.183646    -0.9549  27.179825     7.9493     8.0023     1.6113    88.5369 7.7919e-01  -64.93358  -64.40196 343.229223       4.08 0.0000e+00    942.875      22630          4  0.000e+00
      6.031      5.972    -0.9521  27.183875    -0.9549  27.179825     7.9442     8.0026     1.6113    88.5627 7.7919e-01  -64.93358  -64.40196 343.229224       4.08 0.0000e+00    942.917      22631          4  0.000e+00
      6.031      5.972    -0.9523  27.183875    -0.9549  27.180048     7.9362     8.0027     1.6113    88.5627 7.7919e-01  -64.93358  -64.40196 343.229224       4.08 0.0000e+00    942.958      22632          4  0.000e+00
      5.984      5.925    -0.9523  27.183874    -0.9549  27.180103     7.9280     8.0026     1.6113    88.5627 7.8327e-01  -64.93358  -64.40196 343.229225       3.86 0.0000e+00    943.000      22633          4  0.000e+00
      6.018      5.959    -0.9525  27.183875    -0.9551  27.180103     7.9303     8.0025     1.5527    88.5627 7.8736e-01  -64.93358  -64.40196 343.229225       3.44 0.0000e+00    943.042      22634          4  0.000e+00
      5.929      5.871    -0.9523  27.183874    -0.9549  27.180326     7.9336     8.0020     1.4941    88.5369 7.9146e-01  -64.93358  -64.40196 343.229226       3.32 0.0000e+00    943.083      22635          4  0.000e+00
      5.984      5.925    -0.9524  27.183646    -0.9548  27.180103     7.9280     8.0016     1.4868    88.4855 7.9557e-01  -64.93358  -64.40196 343.229226       3.32 0.0000e+00    943.125      22636          4  0.000e+00
      5.922      5.864    -0.9522  27.183646    -0.9548  27.180103     7.9253     8.0009     1.4868    88.4597 7.9969e-01  -64.93358  -64.40196 343.229226       3.35 0.0000e+00    943.167      22637          4  0.000e+00
      5.929      5.871    -0.9523  27.184159    -0.9546  27.180047     7.9284     8.0010     1.4868    88.4597 8.0383e-01  -64.93358  -64.40196 343.229227       3.35 0.0000e+00    943.208      22638          4  0.000e+00
      5.929      5.871    -0.9525  27.183646    -0.9551  27.180326     7.9343     8.0011     1.4941    88.4597 8.1214e-01  -64.93358  -64.40196 343.229227       3.35 0.0000e+00    943.250      22639          4  0.000e+00
      5.922      5.864    -0.9525  27.183646    -0.9546  27.180103     7.9309     8.0010     1.4941    88.4597 8.1631e-01  -64.93358  -64.40196 343.229228       3.35 0.0000e+00    943.292      22640          4  0.000e+00
      5.929      5.871    -0.9526  27.183874    -0.9544  27.180604     7.9334     8.0007     1.4941    88.4597 8.2049e-01  -64.93358  -64.40196 343.229228       3.35 0.0000e+00    943.333      22641          4  0.000e+00
      5.826      5.769    -0.9528  27.183646    -0.9544  27.180827     7.9300     8.0003     1.4941    88.4597 8.2889e-01  -64.93358  -64.40196 343.229229       3.35 0.0000e+00    943.375      22642          4  0.000e+00
      5.867      5.810    -0.9528  27.183646    -0.9546  27.180326     7.9298     8.0000     1.4941    88.4597 8.3310e-01  -64.93358  -64.40196 343.229229       3.35 0.0000e+00    943.417      22643          4  0.000e+00
      5.881      5.823    -0.9533  27.183874    -0.9546  27.180827     7.9297     8.0050     1.4868    88.4597 8.4583e-01  -64.93358  -64.40196 343.229230       3.35 0.0000e+00    943.458      22644          4  0.000e+00
      5.826      5.769    -0.9533  27.183874    -0.9546  27.181105     7.9353     8.0052     1.4868    88.4855 8.5437e-01  -64.93358  -64.40196 343.229230       3.35 0.0000e+00    943.500      22645          4  0.000e+00
      5.819      5.762    -0.9532  27.183646    -0.9551  27.181383     7.9423     8.0053     1.4941    88.4597 8.6296e-01  -64.93358  -64.40196 343.229231       2.32 0.0000e+00    943.542      22646          4  0.000e+00
      5.778      5.722    -0.9536  27.183646    -0.9551  27.181105     7.9492     7.9996     1.4941    88.4597 8.7594e-01  -64.93358  -64.40196 343.229231       1.64 0.0000e+00    943.583      22647          4  0.000e+00
      5.778      5.722    -0.9535  27.183361    -0.9549  27.180548     7.9542     7.9986     1.4941    88.4597 8.8902e-01  -64.93358  -64.40196 343.229232       1.54 0.0000e+00    943.625      22648          4  0.000e+00
      5.765      5.708    -0.9536  27.183361    -0.9548  27.180826     7.9605     8.0029     1.4941    88.4597 9.0222e-01  -64.93358  -64.40196 343.229232       1.56 0.0000e+00    943.667      22649          4  0.000e+00
      5.778      5.722    -0.9534  27.183076    -0.9548  27.180826     7.9668     8.0024     1.4941    88.4597 9.1553e-01  -64.93358  -64.40196 343.229233       1.59 0.0000e+00    943.708      22650          4  0.000e+00
      5.730      5.674    -0.9535  27.183133    -0.9548  27.181105     7.9655     8.0027     1.4941    88.4597 9.2447e-01  -64.93358  -64.40196 343.229233       1.59 0.0000e+00    943.750      22651          4  0.000e+00
      5.717      5.661    -0.9534  27.182848    -0.9548  27.180826     7.9703     8.0029     1.4868    88.4597 9.3345e-01  -64.93358  -64.40196 343.229234       1.59 0.0000e+00    943.792      22652          4  0.000e+00
      5.676      5.620    -0.9537  27.182562    -0.9548  27.180826     7.9781     8.0030     1.4941    88.4597 9.3796e-01  -64.93358  -64.40196 343.229234       1.61 0.0000e+00    943.833      22653          4  0.000e+00
      5.676      5.620    -0.9538  27.182848    -0.9546  27.181105     7.9797     8.0030     1.4941    88.4597 9.4249e-01  -64.93358  -64.40196 343.229235       1.59 0.0000e+00    943.875      22654          4  0.000e+00
      5.676      5.620    -0.9540  27.182848    -0.9551  27.180826     7.9811     8.0029     1.4941    88.4597 9.4249e-01  -64.93358  -64.40196 343.229235       1.61 0.0000e+00    943.917      22655          4  0.000e+00
      5.614      5.559    -0.9541  27.182562    -0.9549  27.180826     7.9823     8.0026     1.4941    88.5369 9.4249e-01  -64.93358  -64.40196 343.229236       1.59 0.0000e+00    943.958      22656          4  0.000e+00
      5.628      5.573    -0.9543  27.182334    -0.9552  27.180826     7.9877     8.0024     1.4941    88.5627 9.3796e-01  -64.93358  -64.40196 343.229236       1.73 0.0000e+00    944.000      22657          4  0.000e+00
      5.573      5.518    -0.9541  27.182334    -0.9551  27.180548     7.9822     8.0019     1.4941    88.5884 9.3796e-01  -64.93358  -64.40196 343.229237       2.39 0.0000e+00    944.042      22658          4  0.000e+00
      5.566      5.512    -0.9542  27.182049    -0.9551  27.180826     7.9693     8.0013     1.4941    88.5884 9.3796e-01  -64.93358  -64.40196 343.229237       2.66 0.0000e+00    944.083      22659          4  0.000e+00
      5.525      5.471    -0.9538  27.182049    -0.9554  27.180826     7.9665     8.0062     1.5307    88.5884 9.3796e-01  -64.93358  -64.40196 343.229238       2.69 0.0000e+00    944.125      22660          4  0.000e+00
      5.525      5.471    -0.9538  27.182334    -0.9552  27.180547     7.9637     8.0007     1.6260    88.5884 9.3345e-01  -64.93358  -64.40196 343.229238       2.64 0.0000e+00    944.167      22661          4  0.000e+00
      5.511      5.457    -0.9534  27.182049    -0.9552  27.180325     7.9607     7.9998     1.6553    88.5884 9.2447e-01  -64.93358  -64.40196 343.229239       2.64 0.0000e+00    944.208      22662          4  0.000e+00
      5.477      5.423    -0.9537  27.181821    -0.9555  27.180603     7.9533     7.9996     1.6553    88.5884 9.1999e-01  -64.93358  -64.40196 343.229239       2.64 0.0000e+00    944.250      22663          4  0.000e+00
      5.422      5.369    -0.9536  27.182049    -0.9555  27.180046     7.9502     7.9994     1.6480    88.5884 9.1108e-01  -64.93358  -64.40196 343.229239       2.64 0.0000e+00    944.292      22664          4  0.000e+00
      5.416      5.362    -0.9534  27.181821    -0.9555  27.180324     7.9576     8.0038     1.6480    88.5884 9.0665e-01  -64.93358  -64.40196 343.229240       2.64 0.0000e+00    944.333      22665          4  0.000e+00
      5.422      5.369    -0.9534  27.181821    -0.9554  27.179823     7.9558     7.9987     1.6480    88.5884 9.0222e-01  -64.93358  -64.40196 343.229240       2.64 0.0000e+00    944.375      22666          4  0.000e+00
      5.320      5.268    -0.9533  27.182048    -0.9552  27.179767     7.9552     8.0037     1.6480    88.5884 9.0222e-01  -64.93358  -64.40196 343.229241       2.64 0.0000e+00    944.417      22667          4  0.000e+00
      5.375      5.322    -0.9529  27.182049    -0.9551  27.180324     7.9560     8.0040     1.6480    88.5884 9.0222e-01  -64.93358  -64.40196 343.229241       2.64 0.0000e+00    944.458      22668          5  0.000e+00
      5.258      5.207    -0.9534  27.181820    -0.9551  27.180101     7.9789     8.0040     1.6480    88.5884 9.0222e-01  -64.93358  -64.40196 343.229242       2.49 0.0000e+00    944.500      22669          5  0.000e+00
      5.320      5.268    -0.9529  27.181820    -0.9552  27.180046     8.0071     8.0042     1.6480    88.5884 9.0665e-01  -64.93358  -64.40196 343.229242       2.17 0.0000e+00    944.542      22670          5  0.000e+00
      5.217      5.166    -0.9529  27.182048    -0.9554  27.180101     8.0238     8.0041     1.6480    88.5884 9.0665e-01  -64.93358  -64.40196 343.229243       2.08 0.0000e+00    944.583      22671          5  0.000e+00
      5.258      5.207    -0.9528  27.182333    -0.9554  27.179823     8.0164     8.0040     1.6480    88.5884 9.0665e-01  -64.93358  -64.40196 343.229243       2.08 0.0000e+00    944.625      22672          5  0.000e+00
      5.169      5.119    -0.9529  27.182048    -0.9555  27.179823     8.0161     8.0037     1.6480    88.5884 9.1108e-01  -64.93358  -64.40196 343.229244       2.10 0.0000e+00    944.667      22673          5  0.000e+00
      5.169      5.119    -0.9529  27.182333    -0.9554  27.180045     8.0067     8.0033     1.6480    88.5884 9.1999e-01  -64.93358  -64.40196 343.229244       2.10 0.0000e+00    944.708      22674          5  0.000e+00
      5.108      5.058    -0.9531  27.182618    -0.9555  27.179544     8.0015     8.0028     1.6480    88.5884 9.2895e-01  -64.93358  -64.40196 343.229245       2.10 0.0000e+00    944.750      22675          5  0.000e+00
      5.121      5.071    -0.9532  27.182048    -0.9554  27.180101     8.0007     8.0021     1.6480    88.5627 9.3796e-01  -64.93358  -64.40194 343.229245       2.10 0.0000e+00    944.792      22676          5  0.000e+00
      5.067      5.017    -0.9531  27.181820    -0.9552  27.179544     7.9950     8.0023     1.6480    88.5627 9.4249e-01  -64.93358  -64.40194 343.229246       2.10 0.0000e+00    944.833      22677          5  0.000e+00
      4.964      4.915    -0.9534  27.182048    -0.9554  27.179822     7.9879     8.0014     1.6480    88.5627 9.5158e-01  -64.93358  -64.40194 343.229246       2.10 0.0000e+00    944.875      22678          5  0.000e+00
      5.108      5.058    -0.9531  27.182048    -0.9552  27.179544     7.9868     8.0016     1.6480    88.5627 9.5614e-01  -64.93358  -64.40194 343.229247       2.10 0.0000e+00    944.917      22679          5  0.000e+00
      4.964      4.915    -0.9534  27.181819    -0.9552  27.179265     7.9960     8.0014     1.6480    88.5627 9.6530e-01  -64.93358  -64.40194 343.229247       2.10 0.0000e+00    944.958      22680          5  0.000e+00
      4.964      4.915    -0.9535  27.182048    -0.9551  27.179822     8.0004     8.0013     1.6480    88.5627 9.6990e-01  -64.93358  -64.40194 343.229248       2.15 0.0000e+00    945.000      22681          5  0.000e+00
      4.909      4.861    -0.9538  27.182047    -0.9548  27.179544     7.9986     8.0010     1.6480    88.5627 9.7915e-01  -64.93358  -64.40194 343.229248       2.76 0.0000e+00    945.042      22682          5  0.000e+00
      4.916      4.868    -0.9536  27.181534    -0.9544  27.180323     7.9861     8.0006     1.6480    88.5627 9.8844e-01  -64.93358  -64.40194 343.229249       3.10 0.0000e+00    945.083      22683          5  0.000e+00
      4.868      4.820    -0.9540  27.181534    -0.9542  27.179321     7.9899     8.0002     1.6480    88.5627 9.9311e-01  -64.93358  -64.40194 343.229249       3.13 0.0000e+00    945.125      22684          5  0.000e+00
      4.807      4.759    -0.9539  27.181819    -0.9543  27.179822     7.9873     7.9998     1.6480    88.5627 1.0025e+00  -64.93358  -64.40194 343.229250       3.13 0.0000e+00    945.167      22685          5  0.000e+00
      4.813      4.766    -0.9538  27.181819    -0.9543  27.179766     7.9846     8.0049     1.6406    88.5627 1.0119e+00  -64.93358  -64.40194 343.229250       3.10 0.0000e+00    945.208      22686          5  0.000e+00
      4.766      4.719    -0.9540  27.181819    -0.9543  27.180100     7.9773     7.9995     1.5454    88.5627 1.0166e+00  -64.93358  -64.40194 343.229251       3.10 0.0000e+00    945.250      22687          5  0.000e+00
      4.766      4.719    -0.9540  27.181534    -0.9543  27.180100     7.9876     7.9988     1.5014    88.5627 1.0214e+00  -64.93358  -64.40194 343.229251       3.08 0.0000e+00    945.292      22688          5  0.000e+00
      4.752      4.705    -0.9540  27.181819    -0.9543  27.179543     7.9872     7.9981     1.5014    88.5627 1.0261e+00  -64.93358  -64.40194 343.229252       3.10 0.0000e+00    945.333      22689          5  0.000e+00
      4.663      4.617    -0.9539  27.181534    -0.9543  27.180044     7.9747     8.0027     1.5088    88.5627 1.0309e+00  -64.93358  -64.40194 343.229252       3.10 0.0000e+00    945.375      22690          5  0.000e+00
      4.663      4.617    -0.9540  27.181534    -0.9543  27.179543     7.9698     7.9972     1.5088    88.5627 1.0309e+00  -64.93358  -64.40194 343.229253       3.10 0.0000e+00    945.417      22691          5  0.000e+00
      4.601      4.556    -0.9543  27.181306    -0.9543  27.179543     7.9825     8.0017     1.5088    88.5627 1.0357e+00  -64.93358  -64.40194 343.229253       3.10 0.0000e+00    945.458      22692          5  0.000e+00
      4.663      4.617    -0.9542  27.181021    -0.9544  27.180044     7.9872     7.9969     1.5088    88.5627 1.0405e+00  -64.93358  -64.40194 343.229253       3.00 0.0000e+00    945.500      22693          5  0.000e+00
      4.560      4.516    -0.9538  27.181533    -0.9543  27.179821     7.9822     7.9965     1.5088    88.5627 1.0453e+00  -64.93358  -64.40194 343.229254       2.52 0.0000e+00    945.542      22694          5  0.000e+00
      4.560      4.516    -0.9542  27.181818    -0.9542  27.180322     7.9714     8.0018     1.5088    88.5627 1.0501e+00  -64.93358  -64.40194 343.229254       2.32 0.0000e+00    945.583      22695          5  0.000e+00
      4.499      4.455    -0.9538  27.181305    -0.9543  27.180044     7.9766     8.0014     1.5088    88.5627 1.0550e+00  -64.93358  -64.40194 343.229255       2.32 0.0000e+00    945.625      22696          5  0.000e+00
      4.512      4.468    -0.9539  27.181818    -0.9544  27.179821     7.9833     7.9954     1.5088    88.5369 1.0598e+00  -64.93358  -64.40194 343.229255       2.34 0.0000e+00    945.667      22697          5  0.000e+00
      4.512      4.468    -0.9539  27.181533    -0.9543  27.180099     7.9794     8.0004     1.5088    88.5112 1.0550e+00  -64.93358  -64.40194 343.229256       2.34 0.0000e+00    945.708      22698          5  0.000e+00
      4.451      4.407    -0.9540  27.181533    -0.9543  27.180043     7.9739     8.0006     1.5088    88.5112 1.0501e+00  -64.93358  -64.40194 343.229256       2.34 0.0000e+00    945.750      22699          5  0.000e+00
