NBP2113_155081_ctd/data/nbp2113_046.ros
* Sea-Bird SBE 9 Data File:
* FileName = D:\Data\raw\NBP2113_046.hex
* Software Version Seasave V 7.26.7.121
* Temperature SN = 2438
* Conductivity SN = 2067
* Number of Bytes Per Scan = 40
* Number of Voltage Words = 5
* Number of Scans Averaged by the Deck Unit = 1
* NMEA Latitude = 64 52.22 S
* NMEA Longitude = 063 49.73 W
* NMEA UTC (Time) = Dec 11 2021  05:17:37
* NMEA baud rate = 9600
** Ship: RVIB N.B. Palmer
** Cruise: NBP2113 LTER
** Station: 623.024
** Operator: B. Urmston
# nquan = 20
# nvalues = 1138                                  
# units = specified
# name 0 = prDM: Pressure, Digiquartz [db]
# name 1 = depSM: Depth [salt water, m]
# name 2 = t090C: Temperature [ITS-90, deg C]
# name 3 = c0mS/cm: Conductivity [mS/cm]
# name 4 = t190C: Temperature, 2 [ITS-90, deg C]
# name 5 = c1mS/cm: Conductivity, 2 [mS/cm]
# name 6 = sbeox0ML/L: Oxygen, SBE 43 [ml/l]
# name 7 = sbeox1ML/L: Oxygen, SBE 43, 2 [ml/l]
# name 8 = flECO-AFL: Fluorescence, WET Labs ECO-AFL/FL [mg/m^3]
# name 9 = CStarTr0: Beam Transmission, WET Labs C-Star [%]
# name 10 = par: PAR/Irradiance, Biospherical/Licor
# name 11 = latitude: Latitude [deg]
# name 12 = longitude: Longitude [deg]
# name 13 = timeJ: Julian Days
# name 14 = altM: Altimeter [m]
# name 15 = spar: SPAR, Biospherical/Licor
# name 16 = timeS: Time, Elapsed [seconds]
# name 17 = scan: Scan Count
# name 18 = nbf: Bottles Fired
# name 19 = flag:  0.000e+00
# interval = seconds: 0.0416667
# start_time = Dec 11 2021 05:17:37 [NMEA time, header]
# bad_flag = -9.990e-29
*END*
[from data line 869]
      4.608      4.563    -0.2071  27.940117    -0.2068  27.938922     8.0525     8.1397     1.8531    84.8032 1.7468e+00  -64.87070  -63.82926 345.250426      99.95 0.0000e+00   2579.792      61916         19  0.000e+00
      4.704      4.658    -0.2068  27.940290    -0.2070  27.938416     8.0524     8.1389     1.8531    84.8032 1.7468e+00  -64.87070  -63.82926 345.250426      99.95 0.0000e+00   2579.833      61917         19  0.000e+00
      4.649      4.604    -0.2069  27.941154    -0.2071  27.938416     8.0465     8.1433     1.8531    84.8032 1.7400e+00  -64.87070  -63.82926 345.250427      99.98 0.0000e+00   2579.875      61918         19  0.000e+00
      4.656      4.611    -0.2071  27.940808    -0.2070  27.938135     8.0566     8.1432     1.8531    84.8032 1.7400e+00  -64.87070  -63.82926 345.250427      99.98 0.0000e+00   2579.917      61919         19  0.000e+00
      4.759      4.712    -0.2072  27.940405    -0.2070  27.938416     8.0536     8.1430     1.8238    84.8032 1.7332e+00  -64.87070  -63.82926 345.250428      99.93 0.0000e+00   2579.958      61920         19  0.000e+00
      4.656      4.611    -0.2069  27.940290    -0.2071  27.938416     8.0491     8.1427     1.7066    84.8032 1.7265e+00  -64.87070  -63.82926 345.250428      99.93 0.0000e+00   2580.000      61921         19  0.000e+00
      4.697      4.651    -0.2069  27.940924    -0.2071  27.938135     8.0606     8.1425     1.6626    84.8032 1.7198e+00  -64.87070  -63.82926 345.250429      99.98 0.0000e+00   2580.042      61922         19  0.000e+00
      4.704      4.658    -0.2068  27.940290    -0.2071  27.937910     8.0577     8.1431     1.6626    84.8032 1.7131e+00  -64.87070  -63.82926 345.250429      99.98 0.0000e+00   2580.083      61923         19  0.000e+00
      4.759      4.712    -0.2068  27.940924    -0.2076  27.938247     8.0605     8.1438     1.6626    84.8032 1.7131e+00  -64.87070  -63.82926 345.250430      99.98 0.0000e+00   2580.125      61924         19  0.000e+00
      4.704      4.658    -0.2071  27.940290    -0.2074  27.937910     8.0635     8.1380     1.6699    84.8032 1.7131e+00  -64.87070  -63.82926 345.250430      99.98 0.0000e+00   2580.167      61925         19  0.000e+00
      4.697      4.651    -0.2070  27.940636    -0.2076  27.937628     8.0665     8.1377     1.6699    84.8032 1.7064e+00  -64.87070  -63.82926 345.250431      99.98 0.0000e+00   2580.208      61926         19  0.000e+00
      4.759      4.712    -0.2069  27.940002    -0.2076  27.937629     8.0627     8.1430     1.6699    84.8032 1.7064e+00  -64.87070  -63.82926 345.250431      99.95 0.0000e+00   2580.250      61927         19  0.000e+00
      4.759      4.712    -0.2072  27.940405    -0.2074  27.938135     8.0647     8.1381     1.6699    84.8032 1.7064e+00  -64.87070  -63.82926 345.250432      99.93 0.0000e+00   2580.292      61928         19  0.000e+00
      4.759      4.712    -0.2075  27.939714    -0.2076  27.937629     8.0669     8.1380     1.6626    84.8032 1.6997e+00  -64.87070  -63.82926 345.250432      99.95 0.0000e+00   2580.333      61929         19  0.000e+00
      4.752      4.705    -0.2074  27.939887    -0.2074  27.937629     8.0721     8.1431     1.6699    84.8032 1.6931e+00  -64.87070  -63.82926 345.250433      99.98 0.0000e+00   2580.375      61930         19  0.000e+00
      4.704      4.658    -0.2075  27.939714    -0.2074  27.937347     8.0673     8.1438     1.6699    84.8032 1.6931e+00  -64.87070  -63.82926 345.250433      99.98 0.0000e+00   2580.417      61931         19  0.000e+00
      4.807      4.760    -0.2072  27.940118    -0.2076  27.937348     8.0740     8.1437     1.6699    84.8032 1.6864e+00  -64.87070  -63.82926 345.250434      99.95 0.0000e+00   2580.458      61932         19  0.000e+00
      4.759      4.712    -0.2074  27.940002    -0.2074  27.937460     8.0750     8.1442     1.6626    84.8032 1.6798e+00  -64.87070  -63.82926 345.250434      99.95 0.0000e+00   2580.500      61933         19  0.000e+00
      4.697      4.651    -0.2072  27.939599    -0.2076  27.937628     8.0759     8.1448     1.6699    84.8290 1.6732e+00  -64.87070  -63.82926 345.250435      99.98 0.0000e+00   2580.542      61934         19  0.000e+00
      4.759      4.712    -0.2068  27.939714    -0.2074  27.937629     8.0768     8.1446     1.6699    84.8290 1.6666e+00  -64.87070  -63.82926 345.250435      99.98 0.0000e+00   2580.583      61935         19  0.000e+00
      4.807      4.760    -0.2066  27.940405    -0.2076  27.938416     8.0778     8.1398     1.6699    84.8290 1.6666e+00  -64.87070  -63.82926 345.250435      99.98 0.0000e+00   2580.625      61936         19  0.000e+00
      4.759      4.712    -0.2065  27.941039    -0.2074  27.938135     8.0729     8.1450     1.6699    84.8290 1.6601e+00  -64.87070  -63.82926 345.250436      99.98 0.0000e+00   2580.667      61937         19  0.000e+00
      4.800      4.753    -0.2062  27.941442    -0.2074  27.937910     8.0783     8.1457     1.6699    84.8290 1.6601e+00  -64.87070  -63.82926 345.250436      99.98 0.0000e+00   2580.708      61938         19  0.000e+00
      4.759      4.712    -0.2062  27.941615    -0.2074  27.938697     8.0779     8.1462     1.6699    84.8290 1.6601e+00  -64.87070  -63.82926 345.250437      99.98 0.0000e+00   2580.750      61939         19  0.000e+00
      4.759      4.712    -0.2058  27.941730    -0.2068  27.937629     8.0789     8.1459     1.6626    84.8290 1.6535e+00  -64.87070  -63.82928 345.250437      99.93 0.0000e+00   2580.792      61940         19  0.000e+00
      4.759      4.712    -0.2054  27.942133    -0.2063  27.938135     8.0784     8.1464     1.6626    84.8290 1.6405e+00  -64.87070  -63.82928 345.250438      99.95 0.0000e+00   2580.833      61941         19  0.000e+00
      4.800      4.753    -0.2056  27.942248    -0.2057  27.939035     8.0780     8.1468     1.6699    84.8290 1.6340e+00  -64.87070  -63.82928 345.250438      99.98 0.0000e+00   2580.875      61942         19  0.000e+00
      4.759      4.712    -0.2058  27.941845    -0.2056  27.939991     8.0775     8.1473     1.6699    84.8290 1.6211e+00  -64.87070  -63.82928 345.250439      99.98 0.0000e+00   2580.917      61943         19  0.000e+00
      4.759      4.712    -0.2062  27.942767    -0.2060  27.941060     8.0784     8.1479     1.6699    84.8290 1.6083e+00  -64.87070  -63.82928 345.250439      99.95 0.0000e+00   2580.958      61944         19  0.000e+00
      4.807      4.760    -0.2056  27.941615    -0.2065  27.941060     8.0735     8.1486     1.6699    84.8290 1.5955e+00  -64.87070  -63.82928 345.250440      99.93 0.0000e+00   2581.000      61945         19  0.000e+00
      4.697      4.651    -0.2054  27.942248    -0.2065  27.939991     8.0772     8.1437     1.6699    84.8290 1.5828e+00  -64.87070  -63.82928 345.250440      99.95 0.0000e+00   2581.042      61946         19  0.000e+00
      4.807      4.760    -0.2060  27.941845    -0.2058  27.939485     8.0769     8.1436     1.8165    84.8290 1.5702e+00  -64.87070  -63.82928 345.250441      99.98 0.0000e+00   2581.083      61947         19  0.000e+00
      4.759      4.712    -0.2061  27.941730    -0.2057  27.939710     8.0719     8.1487     1.9044    84.8290 1.5639e+00  -64.87070  -63.82928 345.250441      99.98 0.0000e+00   2581.125      61948         19  0.000e+00
      4.759      4.712    -0.2062  27.941615    -0.2059  27.940497     8.0701     8.1485     1.9190    84.8290 1.5576e+00  -64.87070  -63.82928 345.250442      99.98 0.0000e+00   2581.167      61949         19  0.000e+00
      4.752      4.705    -0.2062  27.941730    -0.2062  27.940778     8.0682     8.1483     1.9117    84.8290 1.5514e+00  -64.87070  -63.82928 345.250442      99.98 0.0000e+00   2581.208      61950         19  0.000e+00
      4.759      4.712    -0.2061  27.941615    -0.2060  27.940272     8.0721     8.1480     1.9044    84.8290 1.5451e+00  -64.87070  -63.82928 345.250443      99.95 0.0000e+00   2581.250      61951         19  0.000e+00
      4.759      4.712    -0.2063  27.941730    -0.2060  27.940328     8.0672     8.1477     1.9044    84.8290 1.5451e+00  -64.87070  -63.82928 345.250443      99.95 0.0000e+00   2581.292      61952         19  0.000e+00
      4.807      4.760    -0.2065  27.941615    -0.2062  27.940497     8.0668     8.1483     1.9044    84.8290 1.5451e+00  -64.87070  -63.82928 345.250444      99.98 0.0000e+00   2581.333      61953         19  0.000e+00
      4.595      4.550    -0.2062  27.941960    -0.2060  27.940497     8.0660     8.1485     1.9044    84.8805 1.5389e+00  -64.87070  -63.82928 345.250444      99.98 0.0000e+00   2581.375      61954         19  0.000e+00
      4.807      4.760    -0.2062  27.941327    -0.2054  27.940497     8.0645     8.1492     1.9044    84.9062 1.5451e+00  -64.87070  -63.82928 345.250445      99.98 0.0000e+00   2581.417      61955         20  0.000e+00
      4.704      4.658    -0.2064  27.941442    -0.2056  27.940497     8.0641     8.1496     1.9044    84.9062 1.5451e+00  -64.87070  -63.82928 345.250445      99.95 0.0000e+00   2581.458      61956         20  0.000e+00
      4.807      4.760    -0.2065  27.941039    -0.2052  27.941060     8.0696     8.1493     1.9044    84.8805 1.5451e+00  -64.87070  -63.82928 345.250446      99.93 0.0000e+00   2581.500      61957         20  0.000e+00
      4.697      4.651    -0.2065  27.941154    -0.2060  27.940778     8.0749     8.1498     1.9044    84.8805 1.5514e+00  -64.87070  -63.82928 345.250446      99.95 0.0000e+00   2581.542      61958         20  0.000e+00
      4.704      4.658    -0.2061  27.941327    -0.2058  27.940497     8.0756     8.1503     1.9044    84.8805 1.5576e+00  -64.87070  -63.82928 345.250447      99.98 0.0000e+00   2581.583      61959         20  0.000e+00
      4.759      4.712    -0.2062  27.941154    -0.2058  27.940497     8.0720     8.1500     1.9044    84.8805 1.5639e+00  -64.87070  -63.82928 345.250447      99.98 0.0000e+00   2581.625      61960         20  0.000e+00
      4.656      4.611    -0.2060  27.941039    -0.2058  27.940497     8.0727     8.1494     1.9044    84.8547 1.5702e+00  -64.87070  -63.82928 345.250448      99.98 0.0000e+00   2581.667      61961         20  0.000e+00
      4.697      4.651    -0.2062  27.941442    -0.2062  27.940328     8.0778     8.1491     1.9117    84.8805 1.5828e+00  -64.87070  -63.82928 345.250448      99.98 0.0000e+00   2581.708      61962         20  0.000e+00
      4.704      4.658    -0.2058  27.941615    -0.2060  27.939991     8.0784     8.1486     1.9044    84.8805 1.5892e+00  -64.87070  -63.82928 345.250448      99.98 0.0000e+00   2581.750      61963         20  0.000e+00
      4.704      4.658    -0.2060  27.941730    -0.2063  27.939991     8.0802     8.1482     1.9044    84.8805 1.6019e+00  -64.87070  -63.82926 345.250449      99.95 0.0000e+00   2581.792      61964         20  0.000e+00
      4.704      4.658    -0.2058  27.941845    -0.2062  27.940272     8.0763     8.1475     1.9044    84.8805 1.6147e+00  -64.87070  -63.82926 345.250449      99.95 0.0000e+00   2581.833      61965         20  0.000e+00
      4.649      4.604    -0.2063  27.941845    -0.2057  27.939991     8.0825     8.1468     1.9044    84.8805 1.6276e+00  -64.87070  -63.82926 345.250450      99.98 0.0000e+00   2581.875      61966         20  0.000e+00
      4.656      4.611    -0.2062  27.941442    -0.2056  27.940272     8.0829     8.1470     1.9117    84.8805 1.6340e+00  -64.87070  -63.82926 345.250450      99.98 0.0000e+00   2581.917      61967         20  0.000e+00
      4.704      4.658    -0.2055  27.941327    -0.2050  27.941059     8.0859     8.1471     1.9044    84.8805 1.6470e+00  -64.87070  -63.82926 345.250451      99.95 0.0000e+00   2581.958      61968         20  0.000e+00
      4.656      4.611    -0.2052  27.941730    -0.2051  27.941565     8.0816     8.1473     1.9117    84.8805 1.6535e+00  -64.87070  -63.82926 345.250451      99.93 0.0000e+00   2582.000      61969         20  0.000e+00
      4.595      4.550    -0.2052  27.942651    -0.2050  27.941059     8.0862     8.1475     1.9044    84.8805 1.6535e+00  -64.87070  -63.82926 345.250452      99.95 0.0000e+00   2582.042      61970         20  0.000e+00
      4.656      4.611    -0.2052  27.943054    -0.2050  27.942072     8.0834     8.1477     1.9117    84.8805 1.6601e+00  -64.87070  -63.82926 345.250452      99.98 0.0000e+00   2582.083      61971         20  0.000e+00
      4.656      4.611    -0.2049  27.942939    -0.2054  27.941115     8.0836     8.1481     1.9044    84.8805 1.6666e+00  -64.87070  -63.82926 345.250453      99.98 0.0000e+00   2582.125      61972         20  0.000e+00
      4.656      4.611    -0.2052  27.943054    -0.2054  27.941284     8.0839     8.1484     1.8238    84.8805 1.6798e+00  -64.87070  -63.82926 345.250453      99.98 0.0000e+00   2582.167      61973         20  0.000e+00
      4.595      4.550    -0.2052  27.942363    -0.2056  27.940778     8.0899     8.1478     1.7212    84.8805 1.6864e+00  -64.87070  -63.82926 345.250454      99.98 0.0000e+00   2582.208      61974         20  0.000e+00
      4.608      4.563    -0.2054  27.942248    -0.2054  27.940778     8.0915     8.1471     1.6992    84.8805 1.6931e+00  -64.87070  -63.82926 345.250454      99.98 0.0000e+00   2582.250      61975         20  0.000e+00
      4.608      4.563    -0.2056  27.942651    -0.2052  27.941059     8.0916     8.1472     1.6992    84.8547 1.6997e+00  -64.87070  -63.82926 345.250455      99.93 0.0000e+00   2582.292      61976         20  0.000e+00
      4.608      4.563    -0.2052  27.942478    -0.2051  27.941059     8.0973     8.1465     1.6992    84.8805 1.6997e+00  -64.87070  -63.82926 345.250455      99.95 0.0000e+00   2582.333      61977         20  0.000e+00
      4.595      4.550    -0.2053  27.942363    -0.2052  27.941059     8.0927     8.1457     1.7066    84.8547 1.7064e+00  -64.87070  -63.82926 345.250456      99.98 0.0000e+00   2582.375      61978         20  0.000e+00
      4.554      4.509    -0.2052  27.942248    -0.2051  27.941284     8.0937     8.1458     1.7066    84.8805 1.7064e+00  -64.87070  -63.82926 345.250456      99.98 0.0000e+00   2582.417      61979         20  0.000e+00
      4.608      4.563    -0.2052  27.942651    -0.2051  27.941565     8.0934     8.1459     1.7066    84.8547 1.7064e+00  -64.87070  -63.82926 345.250457      99.95 0.0000e+00   2582.458      61980         20  0.000e+00
      4.554      4.509    -0.2052  27.943054    -0.2054  27.941565     8.1000     8.1460     1.7066    84.8547 1.6997e+00  -64.87070  -63.82926 345.250457      99.95 0.0000e+00   2582.500      61981         20  0.000e+00
      4.547      4.502    -0.2051  27.942363    -0.2057  27.941115     8.0964     8.1462     1.7066    84.8547 1.6997e+00  -64.87070  -63.82926 345.250458      99.98 0.0000e+00   2582.542      61982         20  0.000e+00
      4.554      4.509    -0.2052  27.942766    -0.2054  27.941284     8.0915     8.1462     1.7066    84.8805 1.6997e+00  -64.87070  -63.82926 345.250458      99.98 0.0000e+00   2582.583      61983         20  0.000e+00
      4.554      4.509    -0.2049  27.942651    -0.2052  27.941059     8.0909     8.1463     1.7066    84.8805 1.6997e+00  -64.87070  -63.82926 345.250459      99.98 0.0000e+00   2582.625      61984         20  0.000e+00
      4.506      4.462    -0.2049  27.943054    -0.2056  27.941284     8.0902     8.1456     1.7066    84.8805 1.6997e+00  -64.87070  -63.82926 345.250459      99.98 0.0000e+00   2582.667      61985         20  0.000e+00
      4.547      4.502    -0.2048  27.942939    -0.2054  27.941059     8.0941     8.1457     1.7066    84.8547 1.6997e+00  -64.87070  -63.82926 345.250460      99.98 0.0000e+00   2582.708      61986         20  0.000e+00
      4.554      4.509    -0.2049  27.943284    -0.2054  27.941565     8.0947     8.1457     1.7066    84.8805 1.6997e+00  -64.87070  -63.82926 345.250460      99.98 0.0000e+00   2582.750      61987         20  0.000e+00
