NBP2113_155081_ctd/data/nbp2113_066.ros
* Sea-Bird SBE 9 Data File:
* FileName = D:\Data\raw\NBP2113_066.hex
* Software Version Seasave V 7.26.7.121
* Temperature SN = 2438
* Conductivity SN = 2067
* Number of Bytes Per Scan = 40
* Number of Voltage Words = 5
* Number of Scans Averaged by the Deck Unit = 1
* NMEA Latitude = 64 10.22 S
* NMEA Longitude = 061 54.36 W
* NMEA UTC (Time) = Dec 14 2021  16:02:10
* NMEA baud rate = 9600
** Ship: RVIB N.B. Palmer
** Cruise: NBP2113 LTER
** Station: 742.003
** Operator: S. Blackman
# nquan = 20
# nvalues = 1176                                  
# units = specified
# name 0 = prDM: Pressure, Digiquartz [db]
# name 1 = depSM: Depth [salt water, m]
# name 2 = t090C: Temperature [ITS-90, deg C]
# name 3 = c0mS/cm: Conductivity [mS/cm]
# name 4 = t190C: Temperature, 2 [ITS-90, deg C]
# name 5 = c1mS/cm: Conductivity, 2 [mS/cm]
# name 6 = sbeox0ML/L: Oxygen, SBE 43 [ml/l]
# name 7 = sbeox1ML/L: Oxygen, SBE 43, 2 [ml/l]
# name 8 = flECO-AFL: Fluorescence, WET Labs ECO-AFL/FL [mg/m^3]
# name 9 = CStarTr0: Beam Transmission, WET Labs C-Star [%]
# name 10 = par: PAR/Irradiance, Biospherical/Licor
# name 11 = latitude: Latitude [deg]
# name 12 = longitude: Longitude [deg]
# name 13 = timeJ: Julian Days
# name 14 = altM: Altimeter [m]
# name 15 = spar: SPAR, Biospherical/Licor
# name 16 = timeS: Time, Elapsed [seconds]
# name 17 = scan: Scan Count
# name 18 = nbf: Bottles Fired
# name 19 = flag:  0.000e+00
# interval = seconds: 0.0416667
# start_time = Dec 14 2021 16:02:10 [NMEA time, header]
# bad_flag = -9.990e-29
*END*
[from data line 73]
    775.270    766.283    -0.5663  28.556787    -0.5674  28.555004     5.9840     6.0683    -0.0150    89.6699 1.0000e-12  -64.16964  -61.90516 348.684447       8.94 1.1899e+03   1406.208      33750          2  0.000e+00
    775.222    766.235    -0.5668  28.556787    -0.5678  28.555230     5.9879     6.0681    -0.0150    89.6699 1.0000e-12  -64.16964  -61.90516 348.684447       8.94 1.1899e+03   1406.250      33751          2  0.000e+00
    775.270    766.283    -0.5665  28.556729    -0.5675  28.555004     5.9885     6.0679    -0.0150    89.6699 1.0000e-12  -64.16964  -61.90516 348.684448       8.94 1.1899e+03   1406.292      33752          2  0.000e+00
    775.222    766.236    -0.5665  28.556264    -0.5680  28.554720     5.9892     6.0678    -0.0150    89.6699 1.0000e-12  -64.16964  -61.90516 348.684448       8.94 1.1899e+03   1406.333      33753          2  0.000e+00
    775.270    766.283    -0.5665  28.556787    -0.5674  28.554947     5.9813     6.0676    -0.0150    89.6699 1.0000e-12  -64.16964  -61.90516 348.684449       8.94 1.1899e+03   1406.375      33754          2  0.000e+00
    775.277    766.290    -0.5665  28.556787    -0.5672  28.555004     5.9851     6.0674    -0.0150    89.6699 1.0000e-12  -64.16964  -61.90516 348.684449       8.91 1.1899e+03   1406.417      33755          2  0.000e+00
    775.270    766.284    -0.5665  28.556265    -0.5668  28.555287     5.9791     6.0671    -0.0150    89.6699 1.0000e-12  -64.16964  -61.90516 348.684450       8.86 1.1899e+03   1406.458      33756          2  0.000e+00
    775.270    766.284    -0.5665  28.556206    -0.5669  28.554947     5.9780     6.0669    -0.0150    89.6699 1.0000e-12  -64.16964  -61.90516 348.684450       8.86 1.1899e+03   1406.500      33757          2  0.000e+00
    775.222    766.236    -0.5665  28.556497    -0.5677  28.555514     5.9769     6.0730    -0.0150    89.6699 1.0000e-12  -64.16964  -61.90516 348.684451       8.86 1.1899e+03   1406.542      33758          2  0.000e+00
    775.319    766.332    -0.5667  28.556497    -0.5675  28.555287     5.9828     6.0677    -0.0150    89.6699 1.0000e-12  -64.16964  -61.90516 348.684451       8.86 1.1899e+03   1406.583      33759          2  0.000e+00
    775.277    766.290    -0.5665  28.556787    -0.5677  28.554947     5.9853     6.0675    -0.0150    89.6699 1.0000e-12  -64.16964  -61.90516 348.684452       8.86 1.1899e+03   1406.625      33760          2  0.000e+00
    775.271    766.284    -0.5663  28.556497    -0.5675  28.554720     5.9861     6.0673    -0.0077    89.6699 1.0000e-12  -64.16964  -61.90516 348.684452       8.86 1.1899e+03   1406.667      33761          2  0.000e+00
    775.277    766.290    -0.5665  28.556497    -0.5672  28.554720     5.9804     6.0670    -0.0150    89.6699 1.0000e-12  -64.16964  -61.90516 348.684453       8.86 1.1899e+03   1406.708      33762          2  0.000e+00
    775.319    766.332    -0.5660  28.557077    -0.5669  28.554947     5.9862     6.0668    -0.0150    89.6699 1.0000e-12  -64.16964  -61.90516 348.684453       8.86 1.1899e+03   1406.750      33763          2  0.000e+00
    775.278    766.290    -0.5659  28.557077    -0.5667  28.555004     5.9871     6.0665    -0.0150    89.6699 1.0000e-12  -64.16964  -61.90516 348.684454       8.86 1.1899e+03   1406.792      33764          2  0.000e+00
    775.319    766.332    -0.5659  28.557077    -0.5666  28.555798     5.9814     6.0662    -0.0077    89.6957 1.0000e-12  -64.16964  -61.90516 348.684454       8.86 1.1899e+03   1406.833      33765          2  0.000e+00
    775.278    766.290    -0.5656  28.557251    -0.5664  28.555230     5.9806     6.0660    -0.0150    89.7214 1.0000e-12  -64.16964  -61.90516 348.684455       8.84 1.1899e+03   1406.875      33766          2  0.000e+00
    775.319    766.332    -0.5660  28.557310    -0.5670  28.555514     5.9849     6.0658    -0.0077    89.7472 1.0000e-12  -64.16964  -61.90516 348.684455       8.86 1.1899e+03   1406.917      33767          2  0.000e+00
    775.271    766.284    -0.5662  28.557600    -0.5672  28.555514     5.9858     6.0667    -0.0150    89.7472 1.0000e-12  -64.16964  -61.90516 348.684456       8.91 1.1899e+03   1406.958      33768          2  0.000e+00
    775.278    766.291    -0.5663  28.557077    -0.5672  28.555231     5.9802     6.0666    -0.0150    89.7472 1.0000e-12  -64.16964  -61.90516 348.684456       8.94 1.1899e+03   1407.000      33769          2  0.000e+00
    775.319    766.332    -0.5668  28.557019    -0.5675  28.555287     5.9797     6.0665    -0.0150    89.7472 1.0000e-12  -64.16964  -61.90516 348.684457       8.94 1.1899e+03   1407.042      33770          2  0.000e+00
    775.326    766.339    -0.5668  28.556497    -0.5674  28.555287     5.9840     6.0663    -0.0150    89.7472 1.0000e-12  -64.16964  -61.90516 348.684457       8.91 1.1899e+03   1407.083      33771          2  0.000e+00
    775.319    766.332    -0.5665  28.557077    -0.5675  28.554947     5.9850     6.0661    -0.0150    89.7472 1.0000e-12  -64.16964  -61.90516 348.684457       8.91 1.1899e+03   1407.125      33772          2  0.000e+00
    775.278    766.291    -0.5663  28.556787    -0.5674  28.555287     5.9794     6.0659    -0.0150    89.7472 1.0000e-12  -64.16964  -61.90516 348.684458       8.91 1.1899e+03   1407.167      33773          2  0.000e+00
    775.271    766.284    -0.5662  28.556497    -0.5674  28.555231     5.9788     6.0657    -0.0224    89.7472 1.0000e-12  -64.16964  -61.90516 348.684458       8.91 1.1899e+03   1407.208      33774          2  0.000e+00
    627.350    620.298    -0.4252  28.617761    -0.4199  28.622098     5.8813     5.9554    -0.0224    89.8244 1.0000e-12  -64.16954  -61.90504 348.687470      99.95 1.0683e+03   1667.417      40019          3  0.000e+00
    627.350    620.298    -0.4249  28.618633    -0.4202  28.621303     5.8770     5.9556    -0.0150    89.8244 1.0000e-12  -64.16954  -61.90504 348.687471      99.98 1.0683e+03   1667.458      40020          3  0.000e+00
    627.406    620.353    -0.4246  28.618052    -0.4215  28.620509     5.8776     5.9559    -0.0224    89.8244 1.0000e-12  -64.16954  -61.90504 348.687471      99.98 1.0683e+03   1667.500      40021          3  0.000e+00
    627.350    620.298    -0.4227  28.619214    -0.4229  28.620792     5.8714     5.9562    -0.0224    89.8244 1.0000e-12  -64.16954  -61.90504 348.687472      99.98 1.0683e+03   1667.542      40022          3  0.000e+00
    627.350    620.298    -0.4208  28.621073    -0.4232  28.620792     5.8813     5.9563    -0.0224    89.8244 1.0000e-12  -64.16954  -61.90504 348.687472      99.98 1.0683e+03   1667.583      40023          3  0.000e+00
    627.406    620.353    -0.4181  28.623165    -0.4237  28.620793     5.8830     5.9565    -0.0224    89.8244 1.0000e-12  -64.16954  -61.90504 348.687473      99.98 1.0683e+03   1667.625      40024          3  0.000e+00
    627.302    620.250    -0.4160  28.625140    -0.4237  28.619998     5.8782     5.9565    -0.0150    89.8244 1.0000e-12  -64.16954  -61.90504 348.687473      99.95 1.0683e+03   1667.667      40025          3  0.000e+00
    627.454    620.401    -0.4148  28.626651    -0.4232  28.619431     5.8785     5.9567    -0.0150    89.7987 1.0000e-12  -64.16954  -61.90504 348.687473      99.95 1.0683e+03   1667.708      40026          3  0.000e+00
    627.350    620.298    -0.4137  28.627290    -0.4242  28.619998     5.8835     5.9568    -0.0224    89.8244 1.0000e-12  -64.16954  -61.90504 348.687474      99.98 1.0683e+03   1667.750      40027          3  0.000e+00
    627.350    620.298    -0.4130  28.627813    -0.4246  28.620225     5.8853     5.9570    -0.0224    89.8244 1.0000e-12  -64.16954  -61.90504 348.687474      99.98 1.0683e+03   1667.792      40028          3  0.000e+00
    627.350    620.298    -0.4124  28.628278    -0.4259  28.618352     5.8807     5.9573    -0.0150    89.8244 1.0000e-12  -64.16954  -61.90504 348.687475      99.98 1.0683e+03   1667.833      40029          3  0.000e+00
    627.406    620.353    -0.4121  28.628917    -0.4273  28.615401     5.8809     5.9578    -0.0224    89.8244 1.0000e-12  -64.16954  -61.90504 348.687475      99.93 1.0683e+03   1667.875      40030          3  0.000e+00
    627.350    620.298    -0.4123  28.629324    -0.4279  28.613018     5.8859     5.9641    -0.0224    89.8244 1.0000e-12  -64.16954  -61.90504 348.687476      99.93 1.0683e+03   1667.917      40031          3  0.000e+00
    627.350    620.298    -0.4118  28.629440    -0.4263  28.613244     5.8829     5.9650    -0.0224    89.8244 1.0000e-12  -64.16954  -61.90504 348.687476      99.95 1.0683e+03   1667.958      40032          3  0.000e+00
    627.350    620.298    -0.4115  28.629905    -0.4275  28.614890     5.8830     5.9601    -0.0224    89.8244 1.0000e-12  -64.16954  -61.90504 348.687477      99.98 1.0683e+03   1668.000      40033          3  0.000e+00
    627.406    620.353    -0.4111  28.630253    -0.4327  28.615175     5.8750     5.9608    -0.0224    89.8244 1.0000e-12  -64.16954  -61.90504 348.687477      99.98 1.0683e+03   1668.042      40034          3  0.000e+00
    627.406    620.353    -0.4107  28.631067    -0.4373  28.611146     5.8847     5.9677    -0.0224    89.8244 1.0000e-12  -64.16954  -61.90504 348.687478      99.98 1.0683e+03   1668.083      40035          3  0.000e+00
    627.350    620.298    -0.4104  28.631474    -0.4402  28.606322     5.8863     5.9633    -0.0224    89.8244 1.0000e-12  -64.16954  -61.90504 348.687478      99.98 1.0683e+03   1668.125      40036          3  0.000e+00
    627.350    620.298    -0.4100  28.632403    -0.4414  28.603429     5.8813     5.9696    -0.0150    89.8244 1.0000e-12  -64.16954  -61.90504 348.687479      99.95 1.0683e+03   1668.167      40037          3  0.000e+00
    627.406    620.353    -0.4098  28.632287    -0.4407  28.601443     5.8861     5.9706    -0.0224    89.8244 1.0000e-12  -64.16954  -61.90504 348.687479      99.95 1.0683e+03   1668.208      40038          3  0.000e+00
    627.351    620.298    -0.4091  28.632985    -0.4383  28.602350     5.8857     5.9651    -0.0224    89.8244 1.0000e-12  -64.16954  -61.90504 348.687480      99.98 1.0683e+03   1668.250      40039          3  0.000e+00
    627.351    620.298    -0.4084  28.632578    -0.4388  28.605017     5.8887     5.9698    -0.0224    89.8244 1.0000e-12  -64.16954  -61.90504 348.687480      99.98 1.0683e+03   1668.292      40040          3  0.000e+00
    627.406    620.353    -0.4084  28.632985    -0.4457  28.604224     5.8837     5.9657    -0.0224    89.8244 1.0000e-12  -64.16954  -61.90504 348.687481      99.98 1.0683e+03   1668.333      40041          3  0.000e+00
    627.351    620.298    -0.4086  28.633217    -0.4522  28.597812     5.8898     5.9716    -0.0224    89.8244 1.0000e-12  -64.16954  -61.90504 348.687481      99.93 1.0683e+03   1668.375      40042          3  0.000e+00
    627.351    620.298    -0.4083  28.633391    -0.4557  28.592082     5.8910     5.9672    -0.0224    89.8244 1.0000e-12  -64.16954  -61.90504 348.687482      99.93 1.0683e+03   1668.417      40043          3  0.000e+00
    627.406    620.353    -0.4079  28.633798    -0.4581  28.589813     5.8922     5.9674    -0.0224    89.8244 1.0000e-12  -64.16954  -61.90504 348.687482      99.98 1.0683e+03   1668.458      40044          3  0.000e+00
    627.351    620.298    -0.4078  28.633391    -0.4613  28.587147     5.8933     5.9676    -0.0224    89.8244 1.0000e-12  -64.16954  -61.90504 348.687483      99.98 1.0683e+03   1668.500      40045          3  0.000e+00
    627.406    620.353    -0.4069  28.633798    -0.4632  28.584991     5.9008     5.9677    -0.0150    89.8244 1.0000e-12  -64.16954  -61.90504 348.687483      99.98 1.0683e+03   1668.542      40046          3  0.000e+00
    627.351    620.298    -0.4075  28.633391    -0.4612  28.584026     5.8953     5.9672    -0.0224    89.8244 1.0000e-12  -64.16954  -61.90504 348.687484      99.98 1.0683e+03   1668.583      40047          3  0.000e+00
    627.351    620.298    -0.4079  28.632984    -0.4569  28.586579     5.8979     5.9721    -0.0150    89.8244 1.0000e-12  -64.16954  -61.90504 348.687484      99.98 1.0683e+03   1668.625      40048          3  0.000e+00
    627.399    620.346    -0.4078  28.633391    -0.4555  28.592196     5.8987     5.9724    -0.0224    89.8244 1.0000e-12  -64.16954  -61.90504 348.687485      99.98 1.0683e+03   1668.667      40049          3  0.000e+00
    627.351    620.298    -0.4081  28.633217    -0.4566  28.592479     5.9059     5.9731    -0.0150    89.8244 1.0000e-12  -64.16954  -61.90504 348.687485      99.95 1.0683e+03   1668.708      40050          3  0.000e+00
    627.351    620.298    -0.4084  28.633217    -0.4579  28.589132     5.9000     5.9741    -0.0224    89.8502 1.0000e-12  -64.16954  -61.90504 348.687486      99.98 1.0683e+03   1668.750      40051          3  0.000e+00
    627.351    620.298    -0.4087  28.633101    -0.4627  28.584991     5.9005     5.9756    -0.0224    89.8502 1.0000e-12  -64.16954  -61.90504 348.687486      99.98 1.0683e+03   1668.792      40052          3  0.000e+00
    627.406    620.353    -0.4087  28.632985    -0.4649  28.582325     5.9010     5.9706    -0.0224    89.8502 1.0000e-12  -64.16954  -61.90504 348.687486      99.98 1.0683e+03   1668.833      40053          3  0.000e+00
    627.351    620.298    -0.4092  28.632868    -0.4650  28.581814     5.9061     5.9700    -0.0150    89.8502 1.0000e-12  -64.16954  -61.90504 348.687487      99.95 1.0683e+03   1668.875      40054          3  0.000e+00
    627.351    620.298    -0.4095  28.632985    -0.4653  28.582155     5.9062     5.9695    -0.0224    89.8502 1.0000e-12  -64.16954  -61.90504 348.687487      99.93 1.0683e+03   1668.917      40055          3  0.000e+00
    627.406    620.353    -0.4100  28.632578    -0.4641  28.582836     5.9032     5.9749    -0.0224    89.8502 1.0000e-12  -64.16954  -61.90504 348.687488      99.98 1.0683e+03   1668.958      40056          3  0.000e+00
    627.351    620.298    -0.4104  28.632171    -0.4632  28.582325     5.9031     5.9692    -0.0224    89.8502 1.0000e-12  -64.16954  -61.90504 348.687488      99.98 1.0683e+03   1669.000      40057          3  0.000e+00
    627.351    620.298    -0.4101  28.632171    -0.4621  28.582608     5.9094     5.9685    -0.0224    89.8502 1.0000e-12  -64.16954  -61.90504 348.687489      99.98 1.0683e+03   1669.042      40058          3  0.000e+00
    627.351    620.298    -0.4097  28.632055    -0.4618  28.583232     5.9090     5.9678    -0.0224    89.8502 1.0000e-12  -64.16954  -61.90504 348.687489      99.98 1.0683e+03   1669.083      40059          3  0.000e+00
    627.351    620.298    -0.4098  28.631357    -0.4625  28.583403     5.9038     5.9734    -0.0224    89.8502 1.0000e-12  -64.16954  -61.90504 348.687490      99.98 1.0683e+03   1669.125      40060          3  0.000e+00
    627.406    620.353    -0.4101  28.631241    -0.4641  28.582609     5.9033     5.9681    -0.0224    89.8502 1.0000e-12  -64.16954  -61.90504 348.687490      99.95 1.0683e+03   1669.167      40061          3  0.000e+00
    627.351    620.298    -0.4103  28.630834    -0.4636  28.581531     5.9092     5.9735    -0.0224    89.8502 1.0000e-12  -64.16954  -61.90504 348.687491      99.95 1.0683e+03   1669.208      40062          3  0.000e+00
    627.351    620.298    -0.4111  28.630660    -0.4621  28.583232     5.9085     5.9735    -0.0150    89.8502 1.0000e-12  -64.16954  -61.90504 348.687491      99.98 1.0683e+03   1669.250      40063          3  0.000e+00
    627.351    620.298    -0.4113  28.630834    -0.4585  28.584707     5.9027     5.9673    -0.0224    89.8502 1.0000e-12  -64.16954  -61.90504 348.687492      99.98 1.0683e+03   1669.292      40064          3  0.000e+00
