NBP2113_155081_ctd/data/nbp2113_043.ros
* Sea-Bird SBE 9 Data File:
* FileName = D:\Data\raw\NBP2113_043.hex
* Software Version Seasave V 7.26.7.121
* Temperature SN = 2438
* Conductivity SN = 2067
* Number of Bytes Per Scan = 40
* Number of Voltage Words = 5
* Number of Scans Averaged by the Deck Unit = 1
* NMEA Latitude = 64 55.34 S
* NMEA Longitude = 064 19.20 W
* NMEA UTC (Time) = Dec 10 2021  20:08:03
* NMEA baud rate = 9600
** Ship: RVIB N.B. Palmer
** Cruise: NBP2113 LTER
** Station: 600.040
** Operator: S. Blackman
# nquan = 20
# nvalues = 196                                   
# units = specified
# name 0 = prDM: Pressure, Digiquartz [db]
# name 1 = depSM: Depth [salt water, m]
# name 2 = t090C: Temperature [ITS-90, deg C]
# name 3 = c0mS/cm: Conductivity [mS/cm]
# name 4 = t190C: Temperature, 2 [ITS-90, deg C]
# name 5 = c1mS/cm: Conductivity, 2 [mS/cm]
# name 6 = sbeox0ML/L: Oxygen, SBE 43 [ml/l]
# name 7 = sbeox1ML/L: Oxygen, SBE 43, 2 [ml/l]
# name 8 = flECO-AFL: Fluorescence, WET Labs ECO-AFL/FL [mg/m^3]
# name 9 = CStarTr0: Beam Transmission, WET Labs C-Star [%]
# name 10 = par: PAR/Irradiance, Biospherical/Licor
# name 11 = latitude: Latitude [deg]
# name 12 = longitude: Longitude [deg]
# name 13 = timeJ: Julian Days
# name 14 = altM: Altimeter [m]
# name 15 = spar: SPAR, Biospherical/Licor
# name 16 = timeS: Time, Elapsed [seconds]
# name 17 = scan: Scan Count
# name 18 = nbf: Bottles Fired
# name 19 = flag:  0.000e+00
# interval = seconds: 0.0416667
# start_time = Dec 10 2021 20:08:03 [NMEA time, header]
# bad_flag = -9.990e-29
*END*
[from data line 73]
     20.316     20.116    -0.1902  28.066441    -0.1901  28.064384     7.8963     7.9839     1.2670    88.3310 3.5243e+01  -64.92252  -64.31990 344.847731      99.95 6.7342e+02    761.000      18265          2  0.000e+00
     20.316     20.116    -0.1901  28.066210    -0.1903  28.063990     7.9018     7.9836     1.2670    88.3310 3.5243e+01  -64.92252  -64.31990 344.847732      99.93 6.7342e+02    761.042      18266          2  0.000e+00
     20.282     20.082    -0.1904  28.066441    -0.1902  28.064271     7.8929     7.9831     1.2670    88.3310 3.5344e+01  -64.92252  -64.31990 344.847732      99.95 6.7342e+02    761.083      18267          2  0.000e+00
     20.316     20.116    -0.1902  28.065691    -0.1902  28.064271     7.8916     7.9827     1.2670    88.3310 3.5344e+01  -64.92252  -64.31990 344.847733      99.98 6.7342e+02    761.125      18268          2  0.000e+00
     20.316     20.116    -0.1901  28.065576    -0.1905  28.064384     7.8904     7.9823     1.2670    88.3310 3.5344e+01  -64.92252  -64.31990 344.847733      99.98 6.7342e+02    761.167      18269          2  0.000e+00
     20.336     20.136    -0.1899  28.065922    -0.1902  28.063990     7.8879     7.9818     1.2670    88.3310 3.5445e+01  -64.92252  -64.31990 344.847734      99.98 6.7342e+02    761.208      18270          2  0.000e+00
     20.261     20.061    -0.1901  28.065922    -0.1903  28.064553     7.8868     7.9812     1.2670    88.3310 3.5445e+01  -64.92252  -64.31990 344.847734      99.98 6.7342e+02    761.250      18271          2  0.000e+00
     20.261     20.061    -0.1901  28.066441    -0.1905  28.064159     7.8916     7.9816     1.2670    88.3310 3.5547e+01  -64.92252  -64.31990 344.847735      99.98 6.7342e+02    761.292      18272          2  0.000e+00
     20.336     20.136    -0.1899  28.066441    -0.1906  28.063990     7.8907     7.9820     1.2670    88.3310 3.5547e+01  -64.92252  -64.31990 344.847735      99.95 6.7342e+02    761.333      18273          2  0.000e+00
     20.261     20.061    -0.1902  28.066210    -0.1906  28.063764     7.8911     7.9823     1.2670    88.3310 3.5547e+01  -64.92252  -64.31990 344.847736      99.95 6.7342e+02    761.375      18274          2  0.000e+00
     20.261     20.061    -0.1905  28.065691    -0.1908  28.063764     7.8917     7.9817     1.2670    88.3310 3.5649e+01  -64.92252  -64.31990 344.847736      99.95 6.7342e+02    761.417      18275          2  0.000e+00
     20.282     20.082    -0.1908  28.065345    -0.1909  28.063877     7.8924     7.9812     1.2670    88.3310 3.5751e+01  -64.92252  -64.31990 344.847737      99.98 6.7342e+02    761.458      18276          2  0.000e+00
     20.213     20.014    -0.1915  28.065402    -0.1909  28.063482     7.8916     7.9805     1.2670    88.3310 3.5751e+01  -64.92252  -64.31990 344.847737      99.98 6.7342e+02    761.500      18277          2  0.000e+00
     20.261     20.061    -0.1920  28.064595    -0.1909  28.063201     7.8925     7.9799     1.2743    88.3310 3.5854e+01  -64.92252  -64.31990 344.847738      99.93 6.7342e+02    761.542      18278          2  0.000e+00
     20.282     20.082    -0.1919  28.064076    -0.1916  28.063201     7.8874     7.9802     1.2963    88.2795 3.5854e+01  -64.92252  -64.31990 344.847738      99.95 6.7342e+02    761.583      18279          2  0.000e+00
     20.213     20.014    -0.1920  28.063268    -0.1920  28.063088     7.8926     7.9795     1.3036    88.1765 3.5956e+01  -64.92252  -64.31990 344.847739      99.98 6.7342e+02    761.625      18280          2  0.000e+00
     20.282     20.082    -0.1926  28.063038    -0.1920  28.062694     7.8936     7.9798     1.3036    88.1250 3.5956e+01  -64.92252  -64.31990 344.847739      99.98 6.7342e+02    761.667      18281          2  0.000e+00
     20.213     20.014    -0.1929  28.062922    -0.1925  28.062130     7.8888     7.9800     1.3036    88.1250 3.5956e+01  -64.92252  -64.31990 344.847740      99.98 6.7342e+02    761.708      18282          2  0.000e+00
     20.261     20.061    -0.1931  28.062461    -0.1929  28.061342     7.8943     7.9803     1.3036    88.1507 3.6060e+01  -64.92252  -64.31990 344.847740      99.98 6.7342e+02    761.750      18283          2  0.000e+00
     20.186     19.987    -0.1927  28.061942    -0.1923  28.061004     7.8939     7.9803     1.3036    88.1507 3.6060e+01  -64.92252  -64.31990 344.847741      99.98 6.7342e+02    761.792      18284          2  0.000e+00
     20.213     20.014    -0.1928  28.062230    -0.1923  28.060328     7.8892     7.9805     1.3036    88.1507 3.6163e+01  -64.92252  -64.31990 344.847741      99.95 6.7342e+02    761.833      18285          2  0.000e+00
     20.213     20.014    -0.1926  28.062230    -0.1923  28.060835     7.8890     7.9806     1.3036    88.1507 3.6163e+01  -64.92252  -64.31990 344.847742      99.95 6.7342e+02    761.875      18286          2  0.000e+00
     20.234     20.034    -0.1916  28.062749    -0.1929  28.061116     7.8945     7.9809     1.3036    88.1507 3.6267e+01  -64.92252  -64.31990 344.847742      99.98 6.7342e+02    761.917      18287          2  0.000e+00
     20.213     20.014    -0.1917  28.064018    -0.1926  28.060440     7.8886     7.9810     1.3036    88.1507 3.6371e+01  -64.92252  -64.31990 344.847743      99.98 6.7342e+02    761.958      18288          2  0.000e+00
     20.165     19.967    -0.1918  28.064883    -0.1929  28.060835     7.8885     7.9811     1.3036    88.1507 3.6371e+01  -64.92252  -64.31990 344.847743      99.98 6.7342e+02    762.000      18289          2  0.000e+00
      5.431      5.377    -0.6878  27.431866    -0.6704  27.448029     8.0390     8.1239     0.8274    84.2625 1.9609e+02  -64.92252  -64.31992 344.848302      99.98 6.5755e+02    810.292      19448          3  0.000e+00
      5.431      5.377    -0.6878  27.431866    -0.6723  27.448867     8.0457     8.1247     0.8274    84.2625 1.9665e+02  -64.92252  -64.31992 344.848302      99.95 6.5755e+02    810.333      19449          3  0.000e+00
      5.472      5.418    -0.6875  27.431065    -0.6760  27.450321     8.0408     8.1202     0.8274    84.2625 1.9665e+02  -64.92252  -64.31992 344.848303      99.93 6.5755e+02    810.375      19450          3  0.000e+00
      5.383      5.330    -0.6875  27.431065    -0.6792  27.448588     8.0448     8.1205     0.8274    84.2368 1.9665e+02  -64.92252  -64.31992 344.848303      99.98 6.5755e+02    810.417      19451          3  0.000e+00
      5.431      5.377    -0.6877  27.431351    -0.6822  27.446689     8.0459     8.1208     0.8274    84.2110 1.9665e+02  -64.92252  -64.31992 344.848304      99.98 6.5755e+02    810.458      19452          3  0.000e+00
      5.431      5.377    -0.6875  27.431065    -0.6835  27.443672     8.0470     8.1208     0.8274    84.1853 1.9720e+02  -64.92252  -64.31992 344.848304      99.98 6.5755e+02    810.500      19453          3  0.000e+00
      5.472      5.418    -0.6869  27.431065    -0.6824  27.439928     8.0525     8.1260     0.8274    84.1595 1.9665e+02  -64.92252  -64.31992 344.848305      99.93 6.5755e+02    810.542      19454          3  0.000e+00
      5.383      5.330    -0.6871  27.431065    -0.6820  27.439034     8.0476     8.1263     0.8274    84.1595 1.9665e+02  -64.92252  -64.31992 344.848305      99.95 6.5755e+02    810.583      19455          3  0.000e+00
      5.383      5.330    -0.6882  27.431637    -0.6818  27.437637     8.0488     8.1268     0.8274    84.1595 1.9665e+02  -64.92252  -64.31992 344.848306      99.98 6.5755e+02    810.625      19456          3  0.000e+00
      5.424      5.371    -0.6875  27.430836    -0.6823  27.436297     8.0427     8.1273     0.8274    84.1853 1.9609e+02  -64.92252  -64.31992 344.848306      99.98 6.5755e+02    810.667      19457          3  0.000e+00
      5.431      5.377    -0.6876  27.430836    -0.6818  27.434900     8.0469     8.1276     0.8274    84.1853 1.9609e+02  -64.92252  -64.31992 344.848307      99.98 6.5755e+02    810.708      19458          3  0.000e+00
      5.431      5.377    -0.6869  27.431351    -0.6829  27.435514     8.0480     8.1281     0.8274    84.1853 1.9554e+02  -64.92252  -64.31992 344.848307      99.98 6.5755e+02    810.750      19459          3  0.000e+00
      5.383      5.330    -0.6868  27.431637    -0.6829  27.434620     8.0491     8.1283     0.8274    84.1853 1.9499e+02  -64.92252  -64.31992 344.848308      99.98 6.5755e+02    810.792      19460          3  0.000e+00
      5.424      5.371    -0.6875  27.431637    -0.6826  27.435291     8.0433     8.1284     0.8274    84.1595 1.9444e+02  -64.92252  -64.31992 344.848308      99.95 6.5755e+02    810.833      19461          3  0.000e+00
      5.328      5.276    -0.6882  27.431866    -0.6828  27.436743     8.0478     8.1284     0.8348    84.1853 1.9389e+02  -64.92252  -64.31992 344.848309      99.95 6.5755e+02    810.875      19462          3  0.000e+00
      5.383      5.330    -0.6882  27.431866    -0.6828  27.436576     8.0492     8.1285     0.8641    84.1853 1.9335e+02  -64.92252  -64.31992 344.848309      99.98 6.5755e+02    810.917      19463          3  0.000e+00
      5.369      5.316    -0.6880  27.430836    -0.6838  27.435514     8.0492     8.1289     0.8714    84.1595 1.9280e+02  -64.92252  -64.31992 344.848310      99.98 6.5755e+02    810.958      19464          3  0.000e+00
      5.383      5.330    -0.6871  27.430550    -0.6843  27.434900     8.0549     8.1291     0.8714    84.1853 1.9226e+02  -64.92252  -64.31992 344.848310      99.98 6.5755e+02    811.000      19465          3  0.000e+00
      5.383      5.330    -0.6868  27.430951    -0.6849  27.434006     8.0561     8.1293     0.8714    84.1853 1.9172e+02  -64.92252  -64.31992 344.848311      99.93 6.5755e+02    811.042      19466          3  0.000e+00
      5.369      5.316    -0.6862  27.431065    -0.6850  27.432833     8.0514     8.1293     0.8714    84.1853 1.9118e+02  -64.92252  -64.31992 344.848311      99.95 6.5755e+02    811.083      19467          3  0.000e+00
      5.328      5.276    -0.6859  27.431637    -0.6854  27.432162     8.0511     8.1293     0.8641    84.1853 1.9064e+02  -64.92252  -64.31992 344.848312      99.98 6.5755e+02    811.125      19468          3  0.000e+00
      5.328      5.276    -0.6859  27.431866    -0.6850  27.432833     8.0510     8.1291     0.8714    84.1853 1.9010e+02  -64.92252  -64.31992 344.848312      99.98 6.5755e+02    811.167      19469          3  0.000e+00
      5.328      5.276    -0.6859  27.431637    -0.6846  27.432665     8.0509     8.1289     0.8714    84.1595 1.8957e+02  -64.92252  -64.31992 344.848313      99.98 6.5755e+02    811.208      19470          3  0.000e+00
      5.369      5.316    -0.6855  27.432380    -0.6849  27.433224     8.0507     8.1288     0.8714    84.1853 1.8903e+02  -64.92252  -64.31992 344.848313      99.98 6.5755e+02    811.250      19471          3  0.000e+00
      5.328      5.276    -0.6855  27.432152    -0.6852  27.433615     8.0506     8.1285     0.8714    84.1595 1.8850e+02  -64.92252  -64.31992 344.848314      99.98 6.5755e+02    811.292      19472          3  0.000e+00
      5.328      5.276    -0.6857  27.432152    -0.6843  27.433727     8.0505     8.1281     0.8714    84.1338 1.8850e+02  -64.92252  -64.31992 344.848314      99.95 6.5755e+02    811.333      19473          3  0.000e+00
      5.321      5.269    -0.6860  27.432380    -0.6835  27.434620     8.0518     8.1276     0.8714    84.1338 1.8797e+02  -64.92252  -64.31992 344.848315      99.95 6.5755e+02    811.375      19474          3  0.000e+00
      5.280      5.228    -0.6860  27.432666    -0.6832  27.435514     8.0459     8.1271     0.8714    84.1338 1.8744e+02  -64.92252  -64.31992 344.848315      99.98 6.5755e+02    811.417      19475          3  0.000e+00
      5.328      5.276    -0.6860  27.432380    -0.6834  27.435402     8.0504     8.1268     0.8714    84.1338 1.8744e+02  -64.92252  -64.31992 344.848315      99.98 6.5755e+02    811.458      19476          3  0.000e+00
      5.280      5.228    -0.6866  27.432380    -0.6835  27.435514     8.0505     8.1264     0.8714    84.1338 1.8744e+02  -64.92252  -64.31992 344.848316      99.95 6.5755e+02    811.500      19477          3  0.000e+00
      5.321      5.269    -0.6863  27.432152    -0.6837  27.435291     8.0461     8.1260     0.8714    84.1338 1.8744e+02  -64.92252  -64.31992 344.848316      99.93 6.5755e+02    811.542      19478          3  0.000e+00
      5.280      5.228    -0.6864  27.432666    -0.6838  27.434620     8.0448     8.1265     0.8641    84.1338 1.8797e+02  -64.92252  -64.31992 344.848317      99.95 6.5755e+02    811.583      19479          3  0.000e+00
      5.225      5.174    -0.6860  27.432895    -0.6841  27.435011     8.0492     8.1269     0.8714    84.1338 1.8797e+02  -64.92252  -64.31992 344.848317      99.98 6.5755e+02    811.625      19480          3  0.000e+00
      5.321      5.269    -0.6859  27.433410    -0.6840  27.434900     8.0495     8.1274     0.8714    84.1338 1.8797e+02  -64.92252  -64.31992 344.848318      99.98 6.5755e+02    811.667      19481          3  0.000e+00
      5.280      5.228    -0.6862  27.433410    -0.6842  27.434788     8.0496     8.1270     0.8714    84.1338 1.8850e+02  -64.92252  -64.31992 344.848318      99.98 6.5755e+02    811.708      19482          3  0.000e+00
      5.225      5.174    -0.6860  27.433696    -0.6841  27.434899     8.0497     8.1319     0.8714    84.1338 1.8903e+02  -64.92252  -64.31992 344.848319      99.98 6.5755e+02    811.750      19483          3  0.000e+00
      5.266      5.215    -0.6859  27.432895    -0.6841  27.434229     8.0544     8.1268     0.8714    84.1338 1.8957e+02  -64.92252  -64.31992 344.848319      99.98 6.5755e+02    811.792      19484          3  0.000e+00
      5.225      5.174    -0.6860  27.433009    -0.6840  27.434229     8.0513     8.1261     0.8714    84.1338 1.9064e+02  -64.92252  -64.31992 344.848320      99.95 6.5755e+02    811.833      19485          3  0.000e+00
      5.280      5.228    -0.6857  27.433181    -0.6841  27.434117     8.0529     8.1255     0.8714    84.1338 1.9118e+02  -64.92252  -64.31992 344.848320      99.95 6.5755e+02    811.875      19486          3  0.000e+00
      5.225      5.174    -0.6862  27.432895    -0.6845  27.434006     8.0589     8.1257     0.8714    84.1338 1.9172e+02  -64.92252  -64.31992 344.848321      99.98 6.5755e+02    811.917      19487          3  0.000e+00
      5.219      5.167    -0.6862  27.433181    -0.6852  27.434117     8.0545     8.1252     0.8714    84.1338 1.9226e+02  -64.92252  -64.31992 344.848321      99.98 6.5755e+02    811.958      19488          3  0.000e+00
      5.225      5.174    -0.6864  27.433181    -0.6852  27.434006     8.0561     8.1254     0.8787    84.1338 1.9280e+02  -64.92252  -64.31992 344.848322      99.98 6.5755e+02    812.000      19489          3  0.000e+00
      5.225      5.174    -0.6863  27.432666    -0.6856  27.433335     8.0505     8.1257     0.8861    84.1338 1.9389e+02  -64.92252  -64.31992 344.848322      99.93 6.5755e+02    812.042      19490          3  0.000e+00
      5.219      5.167    -0.6863  27.432895    -0.6856  27.432944     8.0551     8.1259     0.8861    84.1338 1.9389e+02  -64.92252  -64.31992 344.848323      99.95 6.5579e+02    812.083      19491          3  0.000e+00
      5.225      5.174    -0.6862  27.432380    -0.6856  27.433224     8.0510     8.1261     0.8861    84.1338 1.9444e+02  -64.92252  -64.31992 344.848323      99.98 6.5755e+02    812.125      19492          3  0.000e+00
      5.178      5.127    -0.6862  27.432666    -0.6855  27.433112     8.0499     8.1317     0.8787    84.1338 1.9499e+02  -64.92252  -64.31992 344.848324      99.98 6.5579e+02    812.167      19493          3  0.000e+00
