NBP2113_155081_ctd/data/nbp2113_005.ros
* Sea-Bird SBE 9 Data File:
* FileName = D:\Data\raw\NBP2113_005.hex
* Software Version Seasave V 7.26.7.121
* Temperature SN = 2438
* Conductivity SN = 2067
* Number of Bytes Per Scan = 40
* Number of Voltage Words = 5
* Number of Scans Averaged by the Deck Unit = 1
* NMEA Latitude = 64 04.86 S
* NMEA Longitude = 063 46.34 W
* NMEA UTC (Time) = Nov 23 2021  13:58:01
* NMEA baud rate = 9600
** Ship: RVIB N.B. Palmer
** Cruise: NBP2113 LTER
** Station: 692.080
** Operator: B. Urmston
# nquan = 20
# nvalues = 1153                                  
# units = specified
# name 0 = prDM: Pressure, Digiquartz [db]
# name 1 = depSM: Depth [salt water, m]
# name 2 = t090C: Temperature [ITS-90, deg C]
# name 3 = c0mS/cm: Conductivity [mS/cm]
# name 4 = t190C: Temperature, 2 [ITS-90, deg C]
# name 5 = c1mS/cm: Conductivity, 2 [mS/cm]
# name 6 = sbeox0ML/L: Oxygen, SBE 43 [ml/l]
# name 7 = sbeox1ML/L: Oxygen, SBE 43, 2 [ml/l]
# name 8 = flECO-AFL: Fluorescence, WET Labs ECO-AFL/FL [mg/m^3]
# name 9 = CStarTr0: Beam Transmission, WET Labs C-Star [%]
# name 10 = par: PAR/Irradiance, Biospherical/Licor
# name 11 = latitude: Latitude [deg]
# name 12 = longitude: Longitude [deg]
# name 13 = timeJ: Julian Days
# name 14 = altM: Altimeter [m]
# name 15 = spar: SPAR, Biospherical/Licor
# name 16 = timeS: Time, Elapsed [seconds]
# name 17 = scan: Scan Count
# name 18 = nbf: Bottles Fired
# name 19 = flag:  0.000e+00
# interval = seconds: 0.0416667
# start_time = Nov 23 2021 13:58:01 [NMEA time, header]
# bad_flag = -9.990e-29
*END*
[from data line 580]
     65.471     64.823    -0.1353  28.389471    -0.1315  28.395265     6.7279     6.5772     0.2780    96.9828 6.1427e-01  -64.08184  -63.77154 327.608987      99.98 4.9008e+02   2335.458      56052         12  0.000e+00
     65.471     64.823    -0.1356  28.389182    -0.1316  28.395039     6.7211     6.5766     0.2780    96.9828 6.1427e-01  -64.08184  -63.77154 327.608987      99.98 4.9008e+02   2335.500      56053         12  0.000e+00
     65.526     64.877    -0.1358  28.389413    -0.1311  28.395322     6.7184     6.5756     0.2780    96.9828 6.1427e-01  -64.08184  -63.77154 327.608988      99.98 4.9008e+02   2335.542      56054         12  0.000e+00
     65.478     64.830    -0.1358  28.390051    -0.1310  28.395435     6.7210     6.5799     0.2780    96.9828 6.1427e-01  -64.08184  -63.77154 327.608988      99.98 4.9008e+02   2335.583      56055         12  0.000e+00
     65.526     64.877    -0.1353  28.391035    -0.1310  28.396057     6.7215     6.5749     0.2780    96.9828 6.1427e-01  -64.08184  -63.77154 327.608989      99.98 4.9008e+02   2335.625      56056         12  0.000e+00
     65.471     64.823    -0.1353  28.391499    -0.1311  28.395888     6.7231     6.5787     0.2780    96.9828 6.1427e-01  -64.08184  -63.77154 327.608989      99.98 4.9008e+02   2335.667      56057         12  0.000e+00
     65.526     64.877    -0.1349  28.392078    -0.1310  28.395718     6.7232     6.5787     0.2780    96.9828 6.1427e-01  -64.08184  -63.77154 327.608990      99.98 4.9008e+02   2335.708      56058         12  0.000e+00
     65.526     64.877    -0.1345  28.393526    -0.1308  28.395548     6.7215     6.5785     0.2780    96.9828 6.1067e-01  -64.08184  -63.77154 327.608990      99.98 4.9008e+02   2335.750      56059         12  0.000e+00
     39.624     39.235    -0.2795  28.121033    -0.2800  28.118156     7.7068     7.5725     0.8421    93.4294 3.1836e+00  -64.08188  -63.77148 327.609970      99.98 4.5659e+02   2420.417      58091         13  0.000e+00
     39.522     39.133    -0.2796  28.121379    -0.2798  28.118832     7.7004     7.5718     0.8421    93.4294 3.1836e+00  -64.08188  -63.77148 327.609971      99.98 4.5659e+02   2420.458      58092         13  0.000e+00
     39.576     39.187    -0.2790  28.122072    -0.2800  28.118663     7.6987     7.5716     0.8421    93.4294 3.1944e+00  -64.08188  -63.77148 327.609971      99.98 4.5659e+02   2420.500      58093         13  0.000e+00
     39.474     39.086    -0.2789  28.122707    -0.2796  28.118888     7.7101     7.5710     0.8421    93.4294 3.1944e+00  -64.08188  -63.77148 327.609972      99.98 4.5835e+02   2420.542      58094         13  0.000e+00
     39.522     39.133    -0.2792  28.122245    -0.2796  28.119283     7.7232     7.5707     0.8421    93.4294 3.1944e+00  -64.08188  -63.77148 327.609972      99.98 4.5659e+02   2420.583      58095         13  0.000e+00
     39.542     39.153    -0.2790  28.122418    -0.2796  28.119903     7.7201     7.5704     0.8421    93.4294 3.1944e+00  -64.08188  -63.77148 327.609973      99.95 4.5659e+02   2420.625      58096         13  0.000e+00
     39.474     39.086    -0.2790  28.122765    -0.2794  28.120410     7.7142     7.5700     0.8421    93.4294 3.1944e+00  -64.08188  -63.77148 327.609973      99.95 4.5835e+02   2420.667      58097         13  0.000e+00
     39.522     39.133    -0.2793  28.122418    -0.2792  28.121087     7.7174     7.5698     0.8421    93.4294 3.2053e+00  -64.08188  -63.77148 327.609973      99.98 4.5835e+02   2420.708      58098         13  0.000e+00
     39.474     39.086    -0.2792  28.122303    -0.2794  28.121087     7.7244     7.5696     0.8421    93.4294 3.2053e+00  -64.08188  -63.77148 327.609974      99.98 4.5835e+02   2420.750      58099         13  0.000e+00
     39.474     39.086    -0.2794  28.122476    -0.2792  28.120410     7.7256     7.5694     0.8421    93.4294 3.2053e+00  -64.08188  -63.77148 327.609974      99.98 4.5835e+02   2420.792      58100         13  0.000e+00
     39.474     39.086    -0.2792  28.123573    -0.2798  28.119508     7.7207     7.5750     0.8421    93.4294 3.2053e+00  -64.08188  -63.77148 327.609975      99.93 4.5835e+02   2420.833      58101         13  0.000e+00
     39.426     39.038    -0.2789  28.124092    -0.2796  28.119057     7.7274     7.5702     0.8421    93.4294 3.2053e+00  -64.08188  -63.77148 327.609975      99.95 4.5835e+02   2420.875      58102         13  0.000e+00
     39.474     39.086    -0.2787  28.124208    -0.2800  28.118663     7.7282     7.5703     0.8421    93.4294 3.2053e+00  -64.08188  -63.77148 327.609976      99.98 4.5835e+02   2420.917      58103         13  0.000e+00
     39.440     39.052    -0.2786  28.123746    -0.2801  28.118663     7.7263     7.5702     0.8421    93.4551 3.2053e+00  -64.08188  -63.77148 327.609976      99.98 4.5835e+02   2420.958      58104         13  0.000e+00
     39.426     39.038    -0.2789  28.123630    -0.2801  28.118211     7.7219     7.5703     0.8421    93.7384 3.2162e+00  -64.08188  -63.77148 327.609977      99.98 4.5835e+02   2421.000      58105         13  0.000e+00
     39.426     39.038    -0.2789  28.123630    -0.2804  28.118550     7.7208     7.5703     0.8421    93.8671 3.2162e+00  -64.08188  -63.77148 327.609977      99.98 4.5835e+02   2421.042      58106         13  0.000e+00
     39.474     39.086    -0.2790  28.123631    -0.2801  28.118832     7.7184     7.5704     0.8421    93.8671 3.2162e+00  -64.08188  -63.77148 327.609978      99.98 4.5835e+02   2421.083      58107         13  0.000e+00
     39.426     39.039    -0.2790  28.123630    -0.2800  28.119565     7.7088     7.5703     0.8421    93.8671 3.2162e+00  -64.08188  -63.77148 327.609978      99.98 4.5835e+02   2421.125      58108         13  0.000e+00
     39.426     39.039    -0.2787  28.123804    -0.2796  28.120749     7.7037     7.5758     0.8421    93.8671 3.2162e+00  -64.08188  -63.77148 327.609979      99.98 4.5835e+02   2421.167      58109         13  0.000e+00
     39.371     38.984    -0.2790  28.124265    -0.2796  28.121594     7.6916     7.5767     0.8421    93.8671 3.2162e+00  -64.08188  -63.77148 327.609979      99.98 4.5835e+02   2421.208      58110         13  0.000e+00
     39.440     39.052    -0.2790  28.124612    -0.2794  28.122045     7.6911     7.5722     0.8421    93.8671 3.2162e+00  -64.08188  -63.77148 327.609980      99.98 4.5835e+02   2421.250      58111         13  0.000e+00
     39.426     39.039    -0.2787  28.124900    -0.2790  28.123229     7.6905     7.5722     0.8421    93.8671 3.2162e+00  -64.08188  -63.77148 327.609980      99.98 4.5835e+02   2421.292      58112         13  0.000e+00
     39.372     38.984    -0.2784  28.124785    -0.2786  28.123906     7.6868     7.5714     0.8494    93.8671 3.2272e+00  -64.08188  -63.77148 327.609981      99.93 4.5835e+02   2421.333      58113         13  0.000e+00
     39.426     39.039    -0.2786  28.124727    -0.2786  28.124526     7.6891     7.5716     0.8494    93.8671 3.2272e+00  -64.08188  -63.77148 327.609981      99.95 4.5835e+02   2421.375      58114         13  0.000e+00
     39.426     39.039    -0.2786  28.124496    -0.2789  28.125203     7.6997     7.5718     0.8494    93.8671 3.2272e+00  -64.08188  -63.77148 327.609982      99.98 4.5835e+02   2421.417      58115         13  0.000e+00
     39.372     38.985    -0.2787  28.124843    -0.2787  28.125710     7.7012     7.5720     0.8494    93.8671 3.2272e+00  -64.08188  -63.77148 327.609982      99.98 4.5835e+02   2421.458      58116         13  0.000e+00
     39.426     39.039    -0.2784  28.124785    -0.2784  28.125936     7.7055     7.5723     0.8494    93.8671 3.2272e+00  -64.08188  -63.77148 327.609983      99.98 4.5835e+02   2421.500      58117         13  0.000e+00
     39.372     38.985    -0.2782  28.124900    -0.2780  28.126500     7.7025     7.5716     0.8494    93.8671 3.2272e+00  -64.08188  -63.77148 327.609983      99.98 4.5835e+02   2421.542      58118         13  0.000e+00
     39.440     39.052    -0.2784  28.125189    -0.2778  28.126725     7.6998     7.5711     0.8494    93.8671 3.2272e+00  -64.08188  -63.77148 327.609984      99.98 4.5835e+02   2421.583      58119         13  0.000e+00
     39.372     38.985    -0.2787  28.125593    -0.2777  28.126669     7.6957     7.5714     0.8494    93.8671 3.2272e+00  -64.08188  -63.77148 327.609984      99.95 4.5835e+02   2421.625      58120         13  0.000e+00
     39.427     39.039    -0.2786  28.126170    -0.2775  28.126161     7.6891     7.5773     0.8421    93.8671 3.2381e+00  -64.08188  -63.77148 327.609985      99.95 4.5835e+02   2421.667      58121         13  0.000e+00
     39.427     39.039    -0.2782  28.126344    -0.2773  28.126105     7.6870     7.5730     0.8494    93.8671 3.2272e+00  -64.08188  -63.77148 327.609985      99.98 4.5835e+02   2421.708      58122         13  0.000e+00
     39.372     38.985    -0.2781  28.126517    -0.2773  28.126161     7.6922     7.5788     0.8494    93.8671 3.2381e+00  -64.08188  -63.77148 327.609986      99.98 4.5835e+02   2421.750      58123         13  0.000e+00
     39.427     39.039    -0.2781  28.126575    -0.2775  28.125992     7.6934     7.5802     0.8494    93.8671 3.2272e+00  -64.08188  -63.77148 327.609986      99.98 4.5835e+02   2421.792      58124         13  0.000e+00
     39.427     39.039    -0.2782  28.126575    -0.2777  28.125654     7.6946     7.5815     0.8494    93.8156 3.2381e+00  -64.08188  -63.77148 327.609986      99.95 4.5835e+02   2421.833      58125         13  0.000e+00
     39.386     38.998    -0.2779  28.126748    -0.2775  28.125879     7.6973     7.5827     0.8494    93.7899 3.2381e+00  -64.08188  -63.77148 327.609987      99.95 4.5835e+02   2421.875      58126         13  0.000e+00
     39.427     39.039    -0.2779  28.126459    -0.2777  28.125654     7.7075     7.5786     0.8494    93.7899 3.2381e+00  -64.08188  -63.77148 327.609987      99.98 4.5835e+02   2421.917      58127         13  0.000e+00
     39.427     39.039    -0.2779  28.125882    -0.2778  28.125259     7.7049     7.5792     0.8494    93.7899 3.2272e+00  -64.08188  -63.77148 327.609988      99.98 4.5835e+02   2421.958      58128         13  0.000e+00
     39.427     39.039    -0.2784  28.125593    -0.2784  28.124301     7.6998     7.5844     0.8494    93.7899 3.2381e+00  -64.08188  -63.77148 327.609988      99.98 4.5835e+02   2422.000      58129         13  0.000e+00
     39.427     39.039    -0.2784  28.125709    -0.2786  28.123399     7.6979     7.5858     0.8494    93.7899 3.2381e+00  -64.08188  -63.77148 327.609989      99.98 4.5835e+02   2422.042      58130         13  0.000e+00
     39.427     39.039    -0.2782  28.125766    -0.2787  28.122327     7.7032     7.5818     0.8494    93.8156 3.2381e+00  -64.08188  -63.77148 327.609989      99.98 4.5835e+02   2422.083      58131         13  0.000e+00
     39.427     39.039    -0.2784  28.125766    -0.2787  28.121933     7.7042     7.5868     0.8494    93.7899 3.2381e+00  -64.08188  -63.77148 327.609990      99.95 4.5835e+02   2422.125      58132         13  0.000e+00
     39.475     39.087    -0.2782  28.126171    -0.2787  28.121594     7.7039     7.5873     0.8494    93.7899 3.2381e+00  -64.08188  -63.77148 327.609990      99.98 4.5835e+02   2422.167      58133         13  0.000e+00
     39.441     39.053    -0.2782  28.126113    -0.2790  28.121989     7.7094     7.5886     0.8494    93.7899 3.2381e+00  -64.08188  -63.77148 327.609991      99.98 4.5835e+02   2422.208      58134         13  0.000e+00
     39.475     39.087    -0.2782  28.126055    -0.2787  28.123230     7.7164     7.5889     0.8494    93.8156 3.2381e+00  -64.08188  -63.77148 327.609991      99.98 4.5835e+02   2422.250      58135         13  0.000e+00
     39.427     39.039    -0.2784  28.125651    -0.2784  28.124470     7.7174     7.5890     0.8494    93.7899 3.2381e+00  -64.08188  -63.77148 327.609992      99.98 4.5835e+02   2422.292      58136         13  0.000e+00
     39.475     39.087    -0.2786  28.125305    -0.2778  28.124977     7.7183     7.5838     0.8494    93.7899 3.2381e+00  -64.08188  -63.77148 327.609992      99.93 4.5835e+02   2422.333      58137         13  0.000e+00
     39.475     39.087    -0.2782  28.124612    -0.2783  28.124188     7.7133     7.5889     0.8934    93.8156 3.2381e+00  -64.08188  -63.77148 327.609993      99.95 4.5835e+02   2422.375      58138         13  0.000e+00
     39.475     39.087    -0.2787  28.123631    -0.2783  28.123737     7.7200     7.5892     0.9227    93.7899 3.2381e+00  -64.08188  -63.77148 327.609993      99.98 4.5835e+02   2422.417      58139         13  0.000e+00
     40.292     39.896    -0.2786  28.122709    -0.2787  28.120864     7.7123     7.5756     1.0912    93.3521 3.2272e+00  -64.08188  -63.77148 327.610039      99.95 4.5835e+02   2426.333      58233         14  0.000e+00
     40.292     39.896    -0.2784  28.122363    -0.2787  28.120920     7.7265     7.5763     1.0912    93.3521 3.2381e+00  -64.08188  -63.77148 327.610039      71.77 4.5835e+02   2426.375      58234         14  0.000e+00
     40.292     39.896    -0.2786  28.122478    -0.2787  28.121033     7.7315     7.5770     1.0912    93.3264 3.2272e+00  -64.08188  -63.77148 327.610040      15.24 4.5835e+02   2426.417      58235         14  0.000e+00
     40.292     39.896    -0.2784  28.122767    -0.2787  28.121202     7.7375     7.5769     1.0912    93.3264 3.2272e+00  -64.08188  -63.77148 327.610040       0.00 4.5835e+02   2426.458      58236         14  0.000e+00
     40.292     39.896    -0.2784  28.122882    -0.2787  28.120920     7.7434     7.5768     1.0985    93.3264 3.2272e+00  -64.08188  -63.77148 327.610041       0.00 4.5835e+02   2426.500      58237         14  0.000e+00
     40.292     39.896    -0.2784  28.122651    -0.2786  28.120920     7.7433     7.5767     1.0912    93.3264 3.2162e+00  -64.08188  -63.77148 327.610041       1.07 4.5835e+02   2426.542      58238         14  0.000e+00
     40.306     39.909    -0.2786  28.122940    -0.2789  28.120864     7.7431     7.5767     1.0912    93.3264 3.2162e+00  -64.08188  -63.77148 327.610041       1.88 4.5835e+02   2426.583      58239         14  0.000e+00
     40.237     39.842    -0.2784  28.122940    -0.2786  28.121033     7.7471     7.5773     1.0912    93.3264 3.2162e+00  -64.08188  -63.77148 327.610042       1.98 4.5835e+02   2426.625      58240         14  0.000e+00
     40.292     39.896    -0.2782  28.123229    -0.2787  28.120976     7.7570     7.5773     1.0985    93.3264 3.2162e+00  -64.08188  -63.77148 327.610042       1.93 4.5835e+02   2426.667      58241         14  0.000e+00
     40.292     39.896    -0.2782  28.123171    -0.2786  28.121033     7.7609     7.5781     1.0912    93.3264 3.2162e+00  -64.08188  -63.77148 327.610043       1.88 4.5835e+02   2426.708      58242         14  0.000e+00
     40.292     39.896    -0.2784  28.123113    -0.2786  28.120976     7.7518     7.5789     1.0472    93.3264 3.2162e+00  -64.08188  -63.77148 327.610043       1.88 4.5835e+02   2426.750      58243         14  0.000e+00
     40.292     39.896    -0.2782  28.123286    -0.2786  28.121033     7.7456     7.5789     0.9886    93.3264 3.2162e+00  -64.08190  -63.77148 327.610044       1.88 4.5835e+02   2426.792      58244         14  0.000e+00
     40.251     39.855    -0.2784  28.123171    -0.2784  28.121089     7.7395     7.5789     0.9740    93.3264 3.2162e+00  -64.08190  -63.77148 327.610044       2.76 4.5835e+02   2426.833      58245         14  0.000e+00
     40.292     39.896    -0.2781  28.123459    -0.2786  28.120976     7.7392     7.5789     0.9740    93.3521 3.2162e+00  -64.08190  -63.77148 327.610045      61.10 4.5835e+02   2426.875      58246         14  0.000e+00
