NBP2113_155081_ctd/data/nbp2113_020.cnv
* Sea-Bird SBE 9 Data File:
* FileName = D:\Data\raw\NBP2113_020.hex
* Software Version Seasave V 7.26.7.121
* Temperature SN = 2438
* Conductivity SN = 2067
* Number of Bytes Per Scan = 40
* Number of Voltage Words = 5
* Number of Scans Averaged by the Deck Unit = 1
* NMEA Latitude = 66 30.70 S
* NMEA Longitude = 069 51.30 W
* NMEA UTC (Time) = Nov 29 2021  16:09:08
* NMEA baud rate = 9600
** Ship: RVIB N.B. Palmer
** Cruise: NBP2113 LTER
** Station: 300.100
** Operator: S. Blackman
# nquan = 25
# nvalues = 948                         
# units = specified
# name 0 = prDM: Pressure, Digiquartz [db]
# name 1 = depSM: Depth [salt water, m]
# name 2 = t090C: Temperature [ITS-90, deg C]
# name 3 = c0mS/cm: Conductivity [mS/cm]
# name 4 = t190C: Temperature, 2 [ITS-90, deg C]
# name 5 = c1mS/cm: Conductivity, 2 [mS/cm]
# name 6 = sbeox0ML/L: Oxygen, SBE 43 [ml/l]
# name 7 = sbeox1ML/L: Oxygen, SBE 43, 2 [ml/l]
# name 8 = flECO-AFL: Fluorescence, WET Labs ECO-AFL/FL [mg/m^3]
# name 9 = CStarTr0: Beam Transmission, WET Labs C-Star [%]
# name 10 = par: PAR/Irradiance, Biospherical/Licor
# name 11 = latitude: Latitude [deg]
# name 12 = longitude: Longitude [deg]
# name 13 = timeJ: Julian Days
# name 14 = altM: Altimeter [m]
# name 15 = spar: SPAR, Biospherical/Licor
# name 16 = timeS: Time, Elapsed [seconds]
# name 17 = scan: Scan Count
# name 18 = density00: Density [density, kg/m^3]
# name 19 = density11: Density, 2 [density, kg/m^3]
# name 20 = sal00: Salinity, Practical [PSU]
# name 21 = sal11: Salinity, Practical, 2 [PSU]
# name 22 = oxsolML/L: Oxygen Saturation, Garcia & Gordon [ml/l]
# name 23 = nbin: number of scans per bin
# name 24 = flag: flag
# span 0 =      1.000,    476.000       
# span 1 =      0.990,    470.742       
# span 2 =    -1.0407,     1.4954       
# span 3 =  27.504245,  30.242663       
# span 4 =    -1.0402,     1.4954       
# span 5 =  27.503563,  30.241760       
# span 6 =     3.9224,     8.4328       
# span 7 =     3.9930,     8.2315       
# span 8 =    -0.0225,     1.6450       
# span 9 =    91.9205,    97.4978       
# span 10 = 1.0000e-12, 9.9330e+02      
# span 11 =  -66.51185,  -66.51094      
# span 12 =  -69.86315,  -69.85710      
# span 13 = 333.676603, 333.693074      
# span 14 =       1.10,     102.80      
# span 15 = 9.8898e+02, 1.1092e+03      
# span 16 =    310.468,   1733.613      
# span 17 =       7452,      41608      
# span 18 =  1027.3458,  1030.0451      
# span 19 =  1027.3447,  1030.0443      
# span 20 =    34.0127,    34.7264      
# span 21 =    34.0098,    34.7255      
# span 22 =    7.72397,    8.28673      
# span 23 =         11,         49      
# span 24 = 0.0000e+00, 0.0000e+00      
# interval = decibars: 1                
# start_time = Nov 29 2021 16:09:08 [NMEA time, header]
# bad_flag = -9.990e-29
*END*
[from data line 638]
    310.000    306.700     1.4587  30.214420     1.4574  30.212608     3.9809     4.0565     0.0013    96.9828 1.0000e-12  -66.51110  -69.86158 333.688514      99.98 1.0973e+03   1339.588      32151  1029.2373  1029.2368    34.7068    34.7060    7.73094         13 0.0000e+00
    309.000    305.709     1.4597  30.214696     1.4594  30.213736     3.9873     4.0567    -0.0038    96.9742 1.0000e-12  -66.51110  -69.86160 333.688520      99.97 1.0965e+03   1340.167      32165  1029.2325  1029.2317    34.7067    34.7058    7.73076         15 0.0000e+00
    308.000    304.722     1.4579  30.212755     1.4569  30.211153     3.9924     4.0581    -0.0063    96.9882 1.0000e-12  -66.51110  -69.86160 333.688529      99.98 1.0965e+03   1340.914      32183  1029.2280  1029.2273    34.7067    34.7058    7.73110         22 0.0000e+00
    307.000    303.735     1.4606  30.214293     1.4603  30.213425     4.0026     4.0582    -0.0088    97.0065 1.0000e-12  -66.51111  -69.86159 333.688560      99.97 1.1003e+03   1343.570      32247  1029.2227  1029.2222    34.7063    34.7055    7.73059         27 0.0000e+00
    306.000    302.743     1.4613  30.214298     1.4606  30.213100     3.9931     4.0640    -0.0020    96.9852 1.0000e-12  -66.51111  -69.86160 333.688619      99.98 1.1032e+03   1348.648      32369  1029.2181  1029.2175    34.7061    34.7053    7.73046         34 0.0000e+00
    305.000    301.758     1.4656  30.217679     1.4651  30.216592     3.9854     4.0609    -0.0034    96.9827 1.0000e-12  -66.51110  -69.86161 333.688634      99.97 1.1017e+03   1349.956      32400  1029.2130  1029.2124    34.7062    34.7055    7.72961         20 0.0000e+00
    304.000    300.766     1.4739  30.223805     1.4733  30.222442     3.9838     4.0606     0.0020    96.9828 1.0000e-12  -66.51110  -69.86162 333.688641      99.97 1.1000e+03   1350.625      32416  1029.2068  1029.2061    34.7054    34.7044    7.72803         15 0.0000e+00
    303.000    299.778     1.4744  30.223260     1.4738  30.221998     3.9793     4.0604     0.0081    96.9743 1.0000e-12  -66.51110  -69.86162 333.688648      99.97 1.1000e+03   1351.185      32429  1029.2016  1029.2009    34.7048    34.7039    7.72797         12 0.0000e+00
    302.000    298.790     1.4749  30.223169     1.4743  30.221949     3.9783     4.0607     0.0124    96.9785 1.0000e-12  -66.51109  -69.86163 333.688654      99.97 1.1000e+03   1351.683      32441  1029.1968  1029.1962    34.7047    34.7039    7.72788         12 0.0000e+00
    301.000    297.802     1.4756  30.223091     1.4747  30.221814     3.9879     4.0588     0.0076    96.9805 1.0000e-12  -66.51108  -69.86164 333.688659      99.97 1.1000e+03   1352.166      32453  1029.1918  1029.1913    34.7045    34.7037    7.72776         11 0.0000e+00
    300.000    296.812     1.4761  30.222874     1.4753  30.221690     3.9905     4.0557     0.0001    96.9828 1.0000e-12  -66.51108  -69.86164 333.688665      99.97 1.1000e+03   1352.650      32465  1029.1869  1029.1865    34.7041    34.7036    7.72767         12 0.0000e+00
    299.000    295.823     1.4762  30.222578     1.4755  30.221278     3.9940     4.0515    -0.0010    96.9893 1.0000e-12  -66.51108  -69.86164 333.688671      99.97 1.1000e+03   1353.150      32477  1029.1823  1029.1816    34.7042    34.7034    7.72764         12 0.0000e+00
    298.000    294.836     1.4768  30.222463     1.4760  30.221153     3.9897     4.0498    -0.0067    97.0031 1.0000e-12  -66.51108  -69.86164 333.688677      99.98 1.1000e+03   1353.690      32490  1029.1773  1029.1768    34.7040    34.7032    7.72754         14 0.0000e+00
    297.000    293.845     1.4774  30.222353     1.4761  30.220858     3.9906     4.0524    -0.0023    97.0259 1.0000e-12  -66.51108  -69.86164 333.688684      99.98 1.1027e+03   1354.304      32504  1029.1724  1029.1721    34.7038    34.7033    7.72744         16 0.0000e+00
    296.000    292.857     1.4761  30.221032     1.4755  30.219882     3.9859     4.0526    -0.0008    97.0512 1.0000e-12  -66.51110  -69.86162 333.688693      99.98 1.1041e+03   1355.093      32523  1029.1682  1029.1676    34.7041    34.7034    7.72767         23 0.0000e+00
    295.000    291.871     1.4772  30.220992     1.4766  30.219888     3.9820     4.0512    -0.0049    97.0858 1.0000e-12  -66.51110  -69.86163 333.688731      99.97 1.1035e+03   1358.365      32602  1029.1630  1029.1623    34.7035    34.7027    7.72750         29 0.0000e+00
    294.000    290.879     1.4772  30.220468     1.4769  30.219606     3.9844     4.0472     0.0014    97.0580 1.0000e-12  -66.51110  -69.86164 333.688783      99.98 1.0989e+03   1362.890      32710  1029.1582  1029.1576    34.7033    34.7026    7.72749         12 0.0000e+00
    293.000    289.893     1.4778  30.220024     1.4775  30.219022     3.9780     4.0465    -0.0146    97.0927 1.0000e-12  -66.51110  -69.86164 333.688789      99.98 1.0983e+03   1363.402      32723  1029.1529  1029.1522    34.7027    34.7017    7.72741         12 0.0000e+00
    292.000    288.905     1.4785  30.219448     1.4782  30.218555     3.9769     4.0466    -0.0150    97.1119 1.0000e-12  -66.51110  -69.86164 333.688795      99.98 1.0983e+03   1363.883      32734  1029.1475  1029.1468    34.7018    34.7010    7.72733         11 0.0000e+00
    291.000    287.911     1.4790  30.219013     1.4786  30.217930     3.9780     4.0477    -0.0075    97.1380 1.0000e-12  -66.51110  -69.86164 333.688800      99.97 1.0983e+03   1364.346      32745  1029.1424  1029.1416    34.7013    34.7004    7.72726         11 0.0000e+00
    290.000    286.928     1.4795  30.218583     1.4791  30.217500     3.9778     4.0485    -0.0060    97.1512 1.0000e-12  -66.51109  -69.86165 333.688806      99.97 1.0983e+03   1364.835      32757  1029.1372  1029.1365    34.7008    34.6998    7.72719         13 0.0000e+00
    289.000    285.936     1.4797  30.218036     1.4792  30.217226     3.9791     4.0476    -0.0066    97.1629 1.0000e-12  -66.51108  -69.86166 333.688812      99.97 1.0998e+03   1365.367      32770  1029.1322  1029.1318    34.7004    34.6999    7.72717         13 0.0000e+00
    288.000    284.948     1.4795  30.216953     1.4790  30.216490     3.9780     4.0484    -0.0073    97.1781 1.0000e-12  -66.51108  -69.86166 333.688819      99.98 1.1000e+03   1365.995      32785  1029.1271  1029.1270    34.6999    34.6998    7.72724         17 0.0000e+00
    287.000    283.960     1.4791  30.216664     1.4789  30.215759     3.9796     4.0469    -0.0138    97.1874 1.0000e-12  -66.51108  -69.86166 333.688829      99.97 1.1014e+03   1366.809      32804  1029.1230  1029.1222    34.7005    34.6995    7.72728         23 0.0000e+00
    286.000    282.971     1.4791  30.216220     1.4787  30.215152     3.9825     4.0449     0.0053    97.1986 1.0000e-12  -66.51108  -69.86166 333.688846      99.98 1.1044e+03   1368.290      32840  1029.1183  1029.1176    34.7005    34.6996    7.72727         40 0.0000e+00
    285.000    281.982     1.4767  30.212834     1.4763  30.211766     3.9686     4.0416    -0.0101    97.2157 1.0000e-12  -66.51110  -69.86168 333.688906      99.97 1.1092e+03   1373.493      32965  1029.1130  1029.1122    34.6994    34.6984    7.72781         28 0.0000e+00
    284.000    280.995     1.4774  30.213200     1.4771  30.212239     3.9641     4.0371    -0.0073    97.1986 1.0000e-12  -66.51110  -69.86168 333.688913      99.98 1.1089e+03   1374.118      32980  1029.1084  1029.1077    34.6997    34.6987    7.72766         18 0.0000e+00
    283.000    280.004     1.4746  30.209382     1.4746  30.208705     3.9625     4.0377    -0.0046    97.1633 1.0000e-12  -66.51110  -69.86168 333.688921      99.98 1.1084e+03   1374.766      32995  1029.1030  1029.1023    34.6985    34.6976    7.72827         14 0.0000e+00
    282.000    279.017     1.4722  30.206197     1.4721  30.205363     3.9610     4.0357    -0.0077    97.2181 1.0000e-12  -66.51110  -69.86168 333.688928      99.97 1.1068e+03   1375.353      33009  1029.0980  1029.0972    34.6977    34.6967    7.72878         14 0.0000e+00
    281.000    278.027     1.4704  30.203819     1.4704  30.203210     3.9644     4.0342    -0.0061    97.2366 1.0000e-12  -66.51110  -69.86168 333.688934      99.97 1.1049e+03   1375.936      33023  1029.0931  1029.0924    34.6972    34.6964    7.72916         14 0.0000e+00
    280.000    277.039     1.4691  30.202085     1.4698  30.202192     3.9635     4.0343    -0.0073    97.2403 1.0000e-12  -66.51110  -69.86168 333.688942      99.98 1.1027e+03   1376.580      33039  1029.0883  1029.0877    34.6970    34.6963    7.72942         17 0.0000e+00
    279.000    276.048     1.4700  30.202621     1.4703  30.202444     3.9626     4.0350    -0.0021    97.2465 1.0000e-12  -66.51110  -69.86168 333.688951      99.98 1.1007e+03   1377.406      33059  1029.0838  1029.0833    34.6973    34.6967    7.72924         24 0.0000e+00
    278.000    275.061     1.4700  30.201986     1.4700  30.201586     3.9643     4.0346    -0.0001    97.2578 1.0000e-12  -66.51108  -69.86169 333.688969      99.98 1.1000e+03   1378.908      33095  1029.0788  1029.0784    34.6970    34.6965    7.72924         38 0.0000e+00
    277.000    274.072     1.4681  30.199953     1.4676  30.198822     3.9616     4.0295     0.0035    97.2633 1.0000e-12  -66.51108  -69.86171 333.689000      99.98 1.1000e+03   1381.633      33160  1029.0744  1029.0737    34.6972    34.6962    7.72962         36 0.0000e+00
    276.000    273.083     1.4677  30.198659     1.4685  30.198942     3.9683     4.0319    -0.0106    97.2395 1.0000e-12  -66.51108  -69.86172 333.689016      99.98 1.1005e+03   1382.984      33193  1029.0692  1029.0687    34.6965    34.6960    7.72973         24 0.0000e+00
    275.000    272.094     1.4680  30.197781     1.4667  30.196212     3.9715     4.0308    -0.0143    97.2599 1.0000e-12  -66.51108  -69.86172 333.689026      99.97 1.1036e+03   1383.865      33214  1029.0638  1029.0635    34.6957    34.6951    7.72972         20 0.0000e+00
    274.000    271.107     1.4701  30.198864     1.4694  30.197727     3.9655     4.0319    -0.0142    97.2673 1.0000e-12  -66.51108  -69.86172 333.689035      99.98 1.1036e+03   1384.653      33233  1029.0586  1029.0580    34.6953    34.6946    7.72932         19 0.0000e+00
    273.000    270.117     1.4709  30.199211     1.4704  30.198091     3.9666     4.0262    -0.0064    97.2712 1.0000e-12  -66.51108  -69.86172 333.689045      99.98 1.1045e+03   1385.462      33252  1029.0538  1029.0532    34.6954    34.6945    7.72915         20 0.0000e+00
    272.000    269.127     1.4711  30.198828     1.4705  30.197731     3.9750     4.0256    -0.0056    97.2300 1.0000e-12  -66.51108  -69.86172 333.689056      99.98 1.1061e+03   1386.433      33275  1029.0491  1029.0485    34.6953    34.6945    7.72913         27 0.0000e+00
    271.000    268.140     1.4705  30.197931     1.4703  30.197011     3.9674     4.0271     0.0013    97.2733 1.0000e-12  -66.51110  -69.86172 333.689072      99.98 1.1080e+03   1387.798      33308  1029.0445  1029.0437    34.6953    34.6944    7.72923         40 0.0000e+00
    270.000    267.151     1.4701  30.197162     1.4697  30.196265     3.9669     4.0268     0.0018    97.2833 1.0000e-12  -66.51110  -69.86172 333.689095      99.98 1.1077e+03   1389.785      33356  1029.0399  1029.0393    34.6955    34.6947    7.72932         43 0.0000e+00
    269.000    266.162     1.4702  30.196791     1.4702  30.196130     3.9728     4.0249    -0.0033    97.2830 1.0000e-12  -66.51109  -69.86172 333.689119      99.98 1.1006e+03   1391.869      33406  1029.0352  1029.0345    34.6954    34.6946    7.72929         38 0.0000e+00
    268.000    265.174     1.4726  30.197659     1.4722  30.196732     3.9593     4.0307     0.0015    97.2678 1.0000e-12  -66.51108  -69.86174 333.689135      99.97 1.0924e+03   1393.240      33439  1029.0295  1029.0289    34.6945    34.6937    7.72888         25 0.0000e+00
    267.000    264.184     1.4725  30.196779     1.4722  30.195843     3.9552     4.0298     0.0019    97.2452 1.0000e-12  -66.51108  -69.86174 333.689144      99.97 1.0886e+03   1394.060      33458  1029.0245  1029.0238    34.6941    34.6932    7.72892         16 0.0000e+00
    266.000    263.197     1.4725  30.195839     1.4722  30.194926     3.9573     4.0274     0.0024    97.2643 1.0000e-12  -66.51107  -69.86175 333.689151      99.98 1.0877e+03   1394.674      33473  1029.0193  1029.0186    34.6934    34.6926    7.72895         13 0.0000e+00
    265.000    262.206     1.4720  30.194454     1.4720  30.193827     3.9562     4.0271     0.0013    97.2778 1.0000e-12  -66.51106  -69.86176 333.689157      99.98 1.0881e+03   1395.203      33486  1029.0141  1029.0135    34.6928    34.6920    7.72908         13 0.0000e+00
    264.000    261.217     1.4710  30.192643     1.4710  30.192228     3.9561     4.0293     0.0032    97.2913 1.0000e-12  -66.51107  -69.86176 333.689163      99.98 1.0896e+03   1395.709      33498  1029.0090  1029.0086    34.6921    34.6916    7.72931         12 0.0000e+00
    263.000    260.230     1.4705  30.191511     1.4706  30.191219     3.9576     4.0243    -0.0052    97.2918 1.0000e-12  -66.51108  -69.86176 333.689169      99.98 1.0916e+03   1396.226      33510  1029.0042  1029.0037    34.6919    34.6914    7.72943         12 0.0000e+00
    262.000    259.240     1.4699  30.190411     1.4698  30.189714     3.9611     4.0192    -0.0054    97.2918 1.0000e-12  -66.51108  -69.86176 333.689176      99.98 1.0937e+03   1396.802      33524  1028.9993  1028.9987    34.6917    34.6909    7.72955         16 0.0000e+00
    261.000    258.249     1.4704  30.190648     1.4700  30.189707     3.9635     4.0200    -0.0059    97.2918 1.0000e-12  -66.51108  -69.86176 333.689190      99.98 1.0955e+03   1398.037      33554  1028.9949  1028.9943    34.6920    34.6913    7.72943         24 0.0000e+00
    260.000    257.264     1.4705  30.190584     1.4703  30.189709     3.9530     4.0237     0.0022    97.2980 1.0000e-12  -66.51110  -69.86176 333.689255      99.98 1.0936e+03   1403.674      33689  1028.9904  1028.9898    34.6924    34.6916    7.72939         13 0.0000e+00
    259.000    256.270     1.4704  30.189748     1.4700  30.188788     3.9521     4.0234     0.0027    97.2916 1.0000e-12  -66.51108  -69.86178 333.689259      99.98 1.0898e+03   1403.993      33697  1028.9855  1028.9848    34.6921    34.6912    7.72944         12 0.0000e+00
    258.000    255.287     1.4700  30.188805     1.4696  30.187513     3.9517     4.0248     0.0020    97.2939 1.0000e-12  -66.51108  -69.86178 333.689265      99.98 1.0868e+03   1404.476      33708  1028.9807  1028.9798    34.6919    34.6907    7.72952         12 0.0000e+00
    257.000    254.295     1.4700  30.187694     1.4696  30.186725     3.9492     4.0263    -0.0054    97.3054 1.0000e-12  -66.51108  -69.86178 333.689270      99.97 1.0846e+03   1404.939      33720  1028.9753  1028.9747    34.6911    34.6903    7.72957         11 0.0000e+00
    256.000    253.307     1.4707  30.186950     1.4703  30.186048     3.9437     4.0230    -0.0053    97.3005 1.0000e-12  -66.51108  -69.86178 333.689276      99.98 1.0839e+03   1405.426      33731  1028.9696  1028.9690    34.6899    34.6891    7.72949         12 0.0000e+00
    255.000    252.318     1.4724  30.187805     1.4708  30.185866     3.9440     4.0206     0.0067    97.2941 1.0000e-12  -66.51108  -69.86180 333.689281      99.98 1.0829e+03   1405.927      33743  1028.9645  1028.9641    34.6897    34.6889    7.72917         12 0.0000e+00
    254.000    251.329     1.4742  30.188881     1.4718  30.186445     3.9503     4.0208     0.0128    97.3090 1.0000e-12  -66.51108  -69.86180 333.689288      99.98 1.0841e+03   1406.499      33757  1028.9596  1028.9595    34.6896    34.6891    7.72882         15 0.0000e+00
