NBP2113_155081_ctd/data/nbp2113_052.cnv
* Sea-Bird SBE 9 Data File:
* FileName = D:\Data\raw\NBP2113_052.hex
* Software Version Seasave V 7.26.7.121
* Temperature SN = 2438
* Conductivity SN = 2067
* Number of Bytes Per Scan = 40
* Number of Voltage Words = 5
* Number of Scans Averaged by the Deck Unit = 1
* NMEA Latitude = 64 54.69 S
* NMEA Longitude = 064 40.23 W
* NMEA UTC (Time) = Dec 11 2021  16:24:27
* NMEA baud rate = 9600
** Ship: RVIB N.B. Palmer
** Cruise: NBP2113 LTER
** Station: 593.051
** Operator: S. Blackman
# nquan = 25
# nvalues = 1908                        
# units = specified
# name 0 = prDM: Pressure, Digiquartz [db]
# name 1 = depSM: Depth [salt water, m]
# name 2 = t090C: Temperature [ITS-90, deg C]
# name 3 = c0mS/cm: Conductivity [mS/cm]
# name 4 = t190C: Temperature, 2 [ITS-90, deg C]
# name 5 = c1mS/cm: Conductivity, 2 [mS/cm]
# name 6 = sbeox0ML/L: Oxygen, SBE 43 [ml/l]
# name 7 = sbeox1ML/L: Oxygen, SBE 43, 2 [ml/l]
# name 8 = flECO-AFL: Fluorescence, WET Labs ECO-AFL/FL [mg/m^3]
# name 9 = CStarTr0: Beam Transmission, WET Labs C-Star [%]
# name 10 = par: PAR/Irradiance, Biospherical/Licor
# name 11 = latitude: Latitude [deg]
# name 12 = longitude: Longitude [deg]
# name 13 = timeJ: Julian Days
# name 14 = altM: Altimeter [m]
# name 15 = spar: SPAR, Biospherical/Licor
# name 16 = timeS: Time, Elapsed [seconds]
# name 17 = scan: Scan Count
# name 18 = density00: Density [density, kg/m^3]
# name 19 = density11: Density, 2 [density, kg/m^3]
# name 20 = sal00: Salinity, Practical [PSU]
# name 21 = sal11: Salinity, Practical, 2 [PSU]
# name 22 = oxsolML/L: Oxygen Saturation, Garcia & Gordon [ml/l]
# name 23 = nbin: number of scans per bin
# name 24 = flag: flag
# span 0 =      1.000,    956.000       
# span 1 =      0.989,    944.462       
# span 2 =    -0.7368,     1.4836       
# span 3 =  27.374513,  30.503159       
# span 4 =    -0.7448,     1.4834       
# span 5 =  27.362356,  30.501764       
# span 6 =     4.0474,     8.1083       
# span 7 =     4.1128,     8.1737       
# span 8 =    -0.0227,     1.7120       
# span 9 =    81.8827,    91.8596       
# span 10 = -5.309e-05, 7.8527e+02      
# span 11 =  -64.91190,  -64.91154      
# span 12 =  -64.67152,  -64.67040      
# span 13 = 345.687268, 345.720935      
# span 14 =       4.53,     101.96      
# span 15 = 5.9603e+02, 1.4155e+03      
# span 16 =    312.984,   3221.801      
# span 17 =       7513,      77324      
# span 18 =  1027.0247,  1032.2268      
# span 19 =  1027.0223,  1032.2256      
# span 20 =    33.6017,    34.6828      
# span 21 =    33.5931,    34.6815      
# span 22 =    7.72734,    8.24752      
# span 23 =          9,         50      
# span 24 = 0.0000e+00, 0.0000e+00      
# interval = decibars: 1                
# start_time = Dec 11 2021 16:24:27 [NMEA time, header]
# bad_flag = -9.990e-29
*END*
[from data line 1102]
    806.000    796.558     1.4625  30.416423     1.4622  30.415096     4.0776     4.1410     0.0042    91.5367 1.0000e-12  -64.91186  -64.67140 345.705624      99.97 1.2763e+03   1898.887      45574  1031.5301  1031.5290    34.6784    34.6770    7.73172         11 0.0000e+00
    805.000    795.569     1.4623  30.416031     1.4621  30.414554     4.0773     4.1367    -0.0032    91.5142 1.0000e-12  -64.91186  -64.67140 345.705629      99.97 1.2751e+03   1899.372      45586  1031.5256  1031.5243    34.6786    34.6770    7.73173         13 0.0000e+00
    804.000    794.582     1.4623  30.415515     1.4621  30.414047     4.0777     4.1327    -0.0032    91.5004 1.0000e-12  -64.91186  -64.67140 345.705636      99.97 1.2746e+03   1899.908      45599  1031.5210  1031.5196    34.6786    34.6769    7.73175         13 0.0000e+00
    803.000    793.598     1.4622  30.415040     1.4620  30.413621     4.0777     4.1304    -0.0031    91.5223 1.0000e-12  -64.91186  -64.67140 345.705643      99.97 1.2746e+03   1900.522      45614  1031.5163  1031.5152    34.6786    34.6771    7.73176         16 0.0000e+00
    802.000    792.608     1.4621  30.414519     1.4619  30.413087     4.0726     4.1287    -0.0031    91.5165 1.0000e-12  -64.91186  -64.67138 345.705652      99.97 1.2739e+03   1901.337      45633  1031.5117  1031.5105    34.6786    34.6770    7.73178         24 0.0000e+00
    801.000    791.625     1.4625  30.414283     1.4622  30.412802     4.0678     4.1334    -0.0033    91.5171 1.0000e-12  -64.91186  -64.67136 345.705709      99.97 1.2652e+03   1906.272      45752  1031.5069  1031.5057    34.6785    34.6770    7.73171         15 0.0000e+00
    800.000    790.637     1.4626  30.414040     1.4622  30.412308     4.0699     4.1338    -0.0041    91.5135 1.0000e-12  -64.91186  -64.67136 345.705736      99.97 1.2619e+03   1908.578      45807  1031.5024  1031.5011    34.6786    34.6769    7.73169         10 0.0000e+00
    799.000    789.653     1.4625  30.413518     1.4622  30.411959     4.0724     4.1362    -0.0084    91.5098 1.0000e-12  -64.91186  -64.67138 345.705740      99.96 1.2605e+03   1908.963      45816  1031.4977  1031.4964    34.6786    34.6769    7.73171         11 0.0000e+00
    798.000    788.664     1.4626  30.413073     1.4623  30.411647     4.0748     4.1362    -0.0142    91.5035 1.0000e-12  -64.91186  -64.67138 345.705745      99.97 1.2605e+03   1909.388      45826  1031.4930  1031.4919    34.6785    34.6770    7.73170         10 0.0000e+00
    797.000    787.674     1.4625  30.412480     1.4622  30.411142     4.0752     4.1386    -0.0130    91.4960 1.0000e-12  -64.91186  -64.67138 345.705750      99.97 1.2605e+03   1909.825      45837  1031.4883  1031.4872    34.6784    34.6770    7.73172         11 0.0000e+00
    796.000    786.694     1.4623  30.412035     1.4621  30.410609     4.0765     4.1347    -0.0130    91.4935 1.0000e-12  -64.91186  -64.67138 345.705756      99.97 1.2608e+03   1910.291      45848  1031.4838  1031.4826    34.6786    34.6771    7.73174         11 0.0000e+00
    795.000    785.703     1.4621  30.411300     1.4620  30.410050     4.0764     4.1304    -0.0127    91.4841 1.0000e-12  -64.91186  -64.67138 345.705762      99.97 1.2622e+03   1910.803      45860  1031.4791  1031.4779    34.6785    34.6770    7.73179         13 0.0000e+00
    794.000    784.720     1.4620  30.410952     1.4619  30.409640     4.0789     4.1300    -0.0129    91.4519 1.0000e-12  -64.91186  -64.67138 345.705769      99.97 1.2622e+03   1911.405      45875  1031.4746  1031.4734    34.6787    34.6771    7.73180         17 0.0000e+00
    793.000    783.731     1.4621  30.410503     1.4620  30.409100     4.0743     4.1313    -0.0082    91.4298 1.0000e-12  -64.91186  -64.67134 345.705781      99.97 1.2606e+03   1912.511      45901  1031.4699  1031.4686    34.6785    34.6769    7.73178         27 0.0000e+00
    792.000    782.747     1.4618  30.409850     1.4617  30.408522     4.0729     4.1364    -0.0048    91.5253 1.0000e-12  -64.91186  -64.67132 345.705852      99.97 1.2533e+03   1918.627      46048  1031.4653  1031.4641    34.6786    34.6770    7.73185         13 0.0000e+00
    791.000    781.761     1.4619  30.409567     1.4619  30.408280     4.0691     4.1359     0.0136    91.5239 1.0000e-12  -64.91186  -64.67134 345.705858      99.97 1.2534e+03   1919.095      46059  1031.4606  1031.4594    34.6786    34.6770    7.73181         13 0.0000e+00
    790.000    780.771     1.4618  30.409039     1.4617  30.407621     4.0734     4.1334     0.0137    91.4982 1.0000e-12  -64.91186  -64.67134 345.705864      99.97 1.2534e+03   1919.624      46072  1031.4560  1031.4548    34.6787    34.6770    7.73183         13 0.0000e+00
    789.000    779.789     1.4618  30.408506     1.4617  30.407172     4.0754     4.1338     0.0137    91.4722 1.0000e-12  -64.91186  -64.67134 345.705870      99.97 1.2534e+03   1920.149      46085  1031.4513  1031.4501    34.6785    34.6770    7.73184         12 0.0000e+00
    788.000    778.799     1.4616  30.407903     1.4615  30.406653     4.0774     4.1346     0.0143    91.4743 1.0000e-12  -64.91186  -64.67134 345.705876      99.97 1.2534e+03   1920.694      46098  1031.4467  1031.4456    34.6786    34.6771    7.73188         14 0.0000e+00
    787.000    777.813     1.4614  30.407218     1.4612  30.405800     4.0792     4.1345    -0.0029    91.4566 1.0000e-12  -64.91186  -64.67134 345.705883      99.97 1.2534e+03   1921.304      46112  1031.4421  1031.4408    34.6785    34.6770    7.73193         16 0.0000e+00
    786.000    776.826     1.4612  30.406651     1.4614  30.405558     4.0744     4.1331    -0.0072    91.4575 1.0000e-12  -64.91186  -64.67134 345.705891      99.97 1.2534e+03   1922.021      46129  1031.4374  1031.4362    34.6785    34.6769    7.73196         19 0.0000e+00
    785.000    775.840     1.4614  30.406334     1.4613  30.405064     4.0759     4.1323    -0.0031    91.4805 1.0000e-12  -64.91186  -64.67132 345.705907      99.97 1.2516e+03   1923.368      46162  1031.4327  1031.4316    34.6785    34.6770    7.73192         30 0.0000e+00
    784.000    774.855     1.4609  30.405492     1.4606  30.404067     4.0753     4.1355    -0.0127    91.4995 1.0000e-12  -64.91186  -64.67131 345.705962      99.97 1.2498e+03   1928.111      46276  1031.4282  1031.4270    34.6785    34.6770    7.73202         29 0.0000e+00
    783.000    773.867     1.4612  30.405299     1.4608  30.403645     4.0780     4.1360    -0.0073    91.5091 1.0000e-12  -64.91186  -64.67132 345.705970      99.97 1.2499e+03   1928.803      46292  1031.4235  1031.4222    34.6785    34.6768    7.73197         19 0.0000e+00
    782.000    772.881     1.4612  30.404949     1.4609  30.403490     4.0771     4.1441    -0.0045    91.5224 1.0000e-12  -64.91186  -64.67132 345.705978      99.97 1.2499e+03   1929.524      46310  1031.4189  1031.4177    34.6786    34.6771    7.73196         16 0.0000e+00
    781.000    771.897     1.4610  30.404336     1.4608  30.402887     4.0791     4.1421    -0.0053    91.5222 1.0000e-12  -64.91186  -64.67132 345.705986      99.97 1.2499e+03   1930.176      46325  1031.4143  1031.4130    34.6786    34.6770    7.73199         15 0.0000e+00
    780.000    770.908     1.4606  30.403431     1.4602  30.401799     4.0813     4.1379    -0.0092    91.5239 1.0000e-12  -64.91186  -64.67132 345.705993      99.97 1.2499e+03   1930.829      46341  1031.4096  1031.4083    34.6785    34.6768    7.73208         16 0.0000e+00
    779.000    769.922     1.4602  30.402535     1.4600  30.401265     4.0760     4.1389    -0.0135    91.5063 1.0000e-12  -64.91186  -64.67132 345.706002      99.97 1.2499e+03   1931.543      46358  1031.4049  1031.4038    34.6783    34.6769    7.73217         19 0.0000e+00
    778.000    768.934     1.4604  30.402298     1.4602  30.400894     4.0823     4.1339    -0.0044    91.5316 1.0000e-12  -64.91186  -64.67132 345.706013      99.97 1.2499e+03   1932.496      46381  1031.4003  1031.3990    34.6784    34.6768    7.73213         29 0.0000e+00
    777.000    767.947     1.4606  30.402048     1.4602  30.400504     4.0786     4.1382    -0.0119    91.5220 1.0000e-12  -64.91186  -64.67132 345.706040      99.97 1.2491e+03   1934.875      46438  1031.3956  1031.3944    34.6784    34.6769    7.73209         38 0.0000e+00
    776.000    766.963     1.4605  30.401642     1.4603  30.400166     4.0819     4.1424    -0.0089    91.5240 1.0000e-12  -64.91186  -64.67132 345.706069      99.97 1.2499e+03   1937.343      46497  1031.3911  1031.3898    34.6785    34.6769    7.73210         33 0.0000e+00
    775.000    765.976     1.4603  30.400975     1.4601  30.399589     4.0845     4.1464    -0.0045    91.5239 1.0000e-12  -64.91186  -64.67132 345.706081      99.97 1.2499e+03   1938.395      46522  1031.3864  1031.3852    34.6784    34.6769    7.73214         21 0.0000e+00
    774.000    764.990     1.4596  30.399847     1.4593  30.398267     4.0804     4.1415    -0.0045    91.5372 1.0000e-12  -64.91186  -64.67132 345.706090      99.97 1.2500e+03   1939.170      46541  1031.3817  1031.3805    34.6783    34.6767    7.73228         16 0.0000e+00
    773.000    764.003     1.4588  30.398383     1.4585  30.396963     4.0798     4.1391    -0.0043    91.5554 1.0000e-12  -64.91186  -64.67132 345.706098      99.97 1.2514e+03   1939.813      46557  1031.3768  1031.3757    34.6780    34.6765    7.73247         15 0.0000e+00
    772.000    763.016     1.4588  30.397817     1.4586  30.396446     4.0855     4.1397    -0.0019    91.5663 1.0000e-12  -64.91186  -64.67132 345.706104      99.97 1.2516e+03   1940.402      46571  1031.3721  1031.3708    34.6778    34.6762    7.73248         14 0.0000e+00
    771.000    762.031     1.4588  30.397517     1.4586  30.396082     4.0870     4.1397    -0.0117    91.5686 1.0000e-12  -64.91186  -64.67132 345.706111      99.97 1.2516e+03   1941.008      46585  1031.3675  1031.3663    34.6779    34.6763    7.73246         15 0.0000e+00
    770.000    761.042     1.4591  30.397443     1.4590  30.396114     4.0869     4.1388    -0.0089    91.5727 1.0000e-12  -64.91186  -64.67132 345.706119      99.97 1.2527e+03   1941.714      46602  1031.3629  1031.3617    34.6781    34.6765    7.73240         20 0.0000e+00
    769.000    760.057     1.4590  30.396788     1.4585  30.395206     4.0828     4.1408    -0.0028    91.5556 1.0000e-12  -64.91186  -64.67132 345.706156      99.97 1.2534e+03   1944.836      46677  1031.3582  1031.3570    34.6779    34.6764    7.73242         30 0.0000e+00
    768.000    759.070     1.4587  30.396056     1.4584  30.394533     4.0798     4.1456     0.0017    91.5509 1.0000e-12  -64.91186  -64.67130 345.706185      99.97 1.2534e+03   1947.372      46738  1031.3535  1031.3523    34.6779    34.6763    7.73249         21 0.0000e+00
    767.000    758.084     1.4589  30.395768     1.4585  30.394410     4.0818     4.1443     0.0073    91.5511 1.0000e-12  -64.91186  -64.67132 345.706195      99.97 1.2534e+03   1948.204      46758  1031.3489  1031.3478    34.6779    34.6765    7.73245         19 0.0000e+00
    766.000    757.097     1.4590  30.395496     1.4588  30.394054     4.0761     4.1419     0.0144    91.5453 1.0000e-12  -64.91186  -64.67132 345.706204      99.97 1.2543e+03   1948.988      46777  1031.3442  1031.3430    34.6779    34.6764    7.73242         18 0.0000e+00
    765.000    756.112     1.4586  30.394726     1.4582  30.392992     4.0803     4.1404    -0.0020    91.5411 1.0000e-12  -64.91186  -64.67132 345.706212      99.97 1.2552e+03   1949.729      46795  1031.3396  1031.3383    34.6780    34.6763    7.73251         18 0.0000e+00
    764.000    755.124     1.4571  30.392603     1.4565  30.390772     4.0835     4.1405    -0.0055    91.5332 1.0000e-12  -64.91186  -64.67132 345.706220      99.97 1.2552e+03   1950.441      46812  1031.3348  1031.3336    34.6775    34.6759    7.73283         17 0.0000e+00
    763.000    754.137     1.4552  30.390183     1.4547  30.388481     4.0918     4.1397    -0.0123    91.5740 1.0000e-12  -64.91186  -64.67132 345.706229      99.97 1.2552e+03   1951.164      46829  1031.3301  1031.3288    34.6771    34.6754    7.73322         18 0.0000e+00
    762.000    753.150     1.4541  30.388441     1.4534  30.386472     4.0998     4.1391     0.0103    91.5619 1.0000e-12  -64.91186  -64.67132 345.706238      99.97 1.2552e+03   1951.988      46849  1031.3252  1031.3239    34.6766    34.6749    7.73346         22 0.0000e+00
    761.000    752.164     1.4551  30.388815     1.4555  30.388075     4.0891     4.1446    -0.0014    91.5970 1.0000e-12  -64.91186  -64.67132 345.706255      99.97 1.2557e+03   1953.428      46883  1031.3204  1031.3192    34.6766    34.6752    7.73327         30 0.0000e+00
    760.000    751.178     1.4572  30.391043     1.4564  30.389030     4.0835     4.1443    -0.0041    91.5737 1.0000e-12  -64.91184  -64.67132 345.706287      99.97 1.2552e+03   1956.221      46950  1031.3163  1031.3150    34.6776    34.6760    7.73280         32 0.0000e+00
    759.000    750.191     1.4547  30.387776     1.4549  30.386915     4.0901     4.1461    -0.0105    91.5603 1.0000e-12  -64.91184  -64.67130 345.706301      99.97 1.2552e+03   1957.402      46979  1031.3113  1031.3102    34.6769    34.6755    7.73334         24 0.0000e+00
    758.000    749.205     1.4534  30.385973     1.4530  30.384500     4.0964     4.1508    -0.0124    91.5922 1.0000e-12  -64.91186  -64.67132 345.706312      99.98 1.2552e+03   1958.366      47002  1031.3066  1031.3054    34.6765    34.6750    7.73360         22 0.0000e+00
    757.000    748.217     1.4525  30.384560     1.4521  30.382935     4.0934     4.1512    -0.0088    91.6208 1.0000e-12  -64.91186  -64.67130 345.706323      99.97 1.2540e+03   1959.348      47025  1031.3018  1031.3005    34.6763    34.6747    7.73380         26 0.0000e+00
    756.000    747.232     1.4522  30.383820     1.4519  30.382355     4.0919     4.1464    -0.0101    91.6253 1.0000e-12  -64.91186  -64.67130 345.706338      99.97 1.2535e+03   1960.573      47055  1031.2971  1031.2959    34.6762    34.6747    7.73385         33 0.0000e+00
    755.000    746.244     1.4526  30.383817     1.4521  30.382110     4.0962     4.1461    -0.0133    91.6246 1.0000e-12  -64.91186  -64.67131 345.706354      99.97 1.2551e+03   1961.999      47089  1031.2925  1031.2913    34.6763    34.6747    7.73377         34 0.0000e+00
    754.000    745.257     1.4519  30.382641     1.4513  30.380976     4.0941     4.1513    -0.0045    91.6177 1.0000e-12  -64.91186  -64.67132 345.706369      99.97 1.2535e+03   1963.261      47119  1031.2878  1031.2866    34.6762    34.6747    7.73392         25 0.0000e+00
    753.000    744.271     1.4515  30.381851     1.4511  30.380251     4.0907     4.1520    -0.0045    91.6180 1.0000e-12  -64.91184  -64.67132 345.706381      99.97 1.2519e+03   1964.298      47144  1031.2832  1031.2819    34.6762    34.6746    7.73400         23 0.0000e+00
    752.000    743.284     1.4512  30.381085     1.4509  30.379615     4.0914     4.1508    -0.0128    91.6258 1.0000e-12  -64.91184  -64.67132 345.706392      99.97 1.2509e+03   1965.261      47167  1031.2784  1031.2772    34.6760    34.6745    7.73405         24 0.0000e+00
    751.000    742.298     1.4512  30.380566     1.4507  30.378866     4.0943     4.1495    -0.0052    91.6407 1.0000e-12  -64.91184  -64.67132 345.706406      99.97 1.2499e+03   1966.442      47196  1031.2738  1031.2725    34.6760    34.6744    7.73406         34 0.0000e+00
    750.000    741.311     1.4512  30.380163     1.4508  30.378598     4.0887     4.1516    -0.0099    91.6282 1.0000e-12  -64.91184  -64.67132 345.706427      99.97 1.2484e+03   1968.256      47239  1031.2691  1031.2679    34.6760    34.6745    7.73406         34 0.0000e+00
