NBP2113_155081_ctd/data/nbp2113_049.cnv
* Sea-Bird SBE 9 Data File:
* FileName = D:\Data\raw\NBP2113_049.hex
* Software Version Seasave V 7.26.7.121
* Temperature SN = 2438
* Conductivity SN = 2067
* Number of Bytes Per Scan = 40
* Number of Voltage Words = 5
* Number of Scans Averaged by the Deck Unit = 1
* NMEA Latitude = 64 50.72 S
* NMEA Longitude = 064 06.15 W
* NMEA UTC (Time) = Dec 11 2021  08:50:11
* NMEA baud rate = 9600
** Ship: RVIB N.B. Palmer
** Cruise: NBP2113 LTER
** Station: 617.036
** Operator: B. Urmston
# nquan = 25
# nvalues = 1261                        
# units = specified
# name 0 = prDM: Pressure, Digiquartz [db]
# name 1 = depSM: Depth [salt water, m]
# name 2 = t090C: Temperature [ITS-90, deg C]
# name 3 = c0mS/cm: Conductivity [mS/cm]
# name 4 = t190C: Temperature, 2 [ITS-90, deg C]
# name 5 = c1mS/cm: Conductivity, 2 [mS/cm]
# name 6 = sbeox0ML/L: Oxygen, SBE 43 [ml/l]
# name 7 = sbeox1ML/L: Oxygen, SBE 43, 2 [ml/l]
# name 8 = flECO-AFL: Fluorescence, WET Labs ECO-AFL/FL [mg/m^3]
# name 9 = CStarTr0: Beam Transmission, WET Labs C-Star [%]
# name 10 = par: PAR/Irradiance, Biospherical/Licor
# name 11 = latitude: Latitude [deg]
# name 12 = longitude: Longitude [deg]
# name 13 = timeJ: Julian Days
# name 14 = altM: Altimeter [m]
# name 15 = spar: SPAR, Biospherical/Licor
# name 16 = timeS: Time, Elapsed [seconds]
# name 17 = scan: Scan Count
# name 18 = density00: Density [density, kg/m^3]
# name 19 = density11: Density, 2 [density, kg/m^3]
# name 20 = sal00: Salinity, Practical [PSU]
# name 21 = sal11: Salinity, Practical, 2 [PSU]
# name 22 = oxsolML/L: Oxygen Saturation, Garcia & Gordon [ml/l]
# name 23 = nbin: number of scans per bin
# name 24 = flag: flag
# span 0 =      1.000,    633.000       
# span 1 =      0.991,    625.849       
# span 2 =    -0.2465,     1.4170       
# span 3 =  28.059718,  30.279825       
# span 4 =    -0.2471,     1.4158       
# span 5 =  28.057637,  30.277188       
# span 6 =     4.1453,     9.7507       
# span 7 =     4.2004,     9.5724       
# span 8 =    -0.0227,     1.4585       
# span 9 =    86.6742,    91.3490       
# span 10 = -1.261e-06, 1.1447e+02      
# span 11 =  -64.84556,  -64.84484      
# span 12 =  -64.10277,  -64.10142      
# span 13 = 345.371415, 345.396484      
# span 14 =       8.24,     101.20      
# span 15 = 4.9361e+01, 8.6202e+01      
# span 16 =    279.222,   2445.228      
# span 17 =       6702,      58686      
# span 18 =  1027.2166,  1030.7179      
# span 19 =  1027.2154,  1030.7166      
# span 20 =    33.8886,    34.6669      
# span 21 =    33.8868,    34.6655      
# span 22 =    7.74127,    8.12092      
# span 23 =         14,         49      
# span 24 = 0.0000e+00, 0.0000e+00      
# interval = decibars: 1                
# start_time = Dec 11 2021 08:50:11 [NMEA time, header]
# bad_flag = -9.990e-29
*END*
[from data line 754]
    507.000    501.419     1.4016  30.219881     1.4013  30.218494     4.1679     4.2221    -0.0065    91.2664 1.0000e-12  -64.84514  -64.10188 345.384881      99.97 7.7567e+01   1442.744      34627  1030.1310  1030.1298    34.6640    34.6624    7.74446         34 0.0000e+00
    506.000    500.436     1.4015  30.219508     1.4013  30.218017     4.1610     4.2234    -0.0110    91.2856 1.0000e-12  -64.84514  -64.10186 345.384919      99.97 7.7567e+01   1445.979      34704  1030.1264  1030.1251    34.6641    34.6625    7.74446         34 0.0000e+00
    505.000    499.448     1.4015  30.218980     1.4012  30.217561     4.1663     4.2213    -0.0069    91.2655 1.0000e-12  -64.84513  -64.10181 345.385099      99.97 7.7248e+01   1461.595      35079  1030.1217  1030.1205    34.6640    34.6625    7.74447         32 0.0000e+00
    504.000    498.457     1.4016  30.218582     1.4013  30.217108     4.1712     4.2257    -0.0075    91.2545 1.0000e-12  -64.84510  -64.10174 345.385275      99.97 7.6041e+01   1476.764      35443  1030.1169  1030.1158    34.6640    34.6624    7.74445         35 0.0000e+00
    503.000    497.471     1.4014  30.217876     1.4012  30.216585     4.1626     4.2260    -0.0075    91.2475 1.0000e-12  -64.84510  -64.10174 345.385295      99.97 7.6488e+01   1478.499      35485  1030.1122  1030.1111    34.6639    34.6624    7.74450         32 0.0000e+00
    502.000    496.482     1.4012  30.217305     1.4010  30.215881     4.1636     4.2297    -0.0148    91.2621 1.0000e-12  -64.84510  -64.10174 345.385307      99.97 7.7019e+01   1479.549      35510  1030.1076  1030.1064    34.6639    34.6624    7.74453         22 0.0000e+00
    501.000    495.493     1.4011  30.216853     1.4009  30.215385     4.1661     4.2286    -0.0146    91.2435 1.0000e-12  -64.84510  -64.10174 345.385317      99.97 7.6979e+01   1480.355      35530  1030.1030  1030.1017    34.6640    34.6624    7.74454         18 0.0000e+00
    500.000    494.507     1.4010  30.216247     1.4007  30.214784     4.1615     4.2267    -0.0098    91.2662 1.0000e-12  -64.84510  -64.10174 345.385325      99.97 7.6494e+01   1481.097      35547  1030.0982  1030.0971    34.6639    34.6624    7.74457         18 0.0000e+00
    499.000    493.518     1.4009  30.215681     1.4007  30.214301     4.1633     4.2246    -0.0085    91.2664 1.0000e-12  -64.84510  -64.10174 345.385334      99.97 7.6684e+01   1481.849      35565  1030.0936  1030.0924    34.6639    34.6624    7.74459         18 0.0000e+00
    498.000    492.532     1.4008  30.215227     1.4006  30.213813     4.1613     4.2232    -0.0147    91.2429 1.0000e-12  -64.84510  -64.10173 345.385344      99.97 7.7088e+01   1482.692      35586  1030.0889  1030.0878    34.6640    34.6625    7.74460         22 0.0000e+00
    497.000    491.543     1.4010  30.214851     1.4006  30.213397     4.1637     4.2240    -0.0071    91.2559 1.0000e-12  -64.84509  -64.10172 345.385356      99.97 7.5897e+01   1483.756      35611  1030.0842  1030.0831    34.6639    34.6624    7.74458         30 0.0000e+00
    496.000    490.555     1.4008  30.214269     1.4006  30.212832     4.1672     4.2238    -0.0013    91.2500 1.0000e-12  -64.84508  -64.10171 345.385372      99.97 7.5805e+01   1485.128      35644  1030.0795  1030.0783    34.6639    34.6623    7.74461         36 0.0000e+00
    495.000    489.568     1.4007  30.213735     1.4005  30.212341     4.1636     4.2234    -0.0112    91.2333 1.0000e-12  -64.84508  -64.10170 345.385389      99.97 7.5804e+01   1486.615      35680  1030.0749  1030.0737    34.6639    34.6624    7.74463         32 0.0000e+00
    494.000    488.580     1.4006  30.213223     1.4004  30.211806     4.1682     4.2288    -0.0148    91.2658 1.0000e-12  -64.84508  -64.10170 345.385404      99.97 7.5804e+01   1487.933      35711  1030.0702  1030.0690    34.6640    34.6624    7.74465         29 0.0000e+00
    493.000    487.592     1.4005  30.212771     1.4003  30.211262     4.1726     4.2302    -0.0150    91.2664 1.0000e-12  -64.84508  -64.10170 345.385417      99.97 7.5804e+01   1489.060      35738  1030.0656  1030.0644    34.6640    34.6624    7.74466         24 0.0000e+00
    492.000    486.603     1.4005  30.212231     1.4002  30.210756     4.1697     4.2289    -0.0081    91.2664 1.0000e-12  -64.84508  -64.10170 345.385430      99.97 7.5804e+01   1490.110      35764  1030.0609  1030.0597    34.6639    34.6624    7.74467         25 0.0000e+00
    491.000    485.616     1.4004  30.211752     1.4001  30.210294     4.1683     4.2260    -0.0012    91.2702 1.0000e-12  -64.84508  -64.10170 345.385442      99.97 7.5804e+01   1491.219      35790  1030.0563  1030.0551    34.6640    34.6624    7.74468         28 0.0000e+00
    490.000    484.628     1.4004  30.211266     1.4001  30.209803     4.1641     4.2276    -0.0127    91.2788 1.0000e-12  -64.84508  -64.10170 345.385456      99.97 7.5804e+01   1492.413      35819  1030.0516  1030.0503    34.6640    34.6624    7.74469         29 0.0000e+00
    489.000    483.640     1.4004  30.210912     1.4001  30.209372     4.1559     4.2250    -0.0071    91.2846 1.0000e-12  -64.84508  -64.10170 345.385470      99.96 7.5804e+01   1493.598      35847  1030.0469  1030.0457    34.6640    34.6625    7.74468         27 0.0000e+00
    488.000    482.652     1.4010  30.211085     1.4007  30.209635     4.1550     4.2243    -0.0071    91.2660 1.0000e-12  -64.84508  -64.10170 345.385483      99.97 7.5804e+01   1494.709      35874  1030.0423  1030.0412    34.6642    34.6627    7.74456         26 0.0000e+00
    487.000    481.665     1.4015  30.211058     1.4012  30.209572     4.1636     4.2300    -0.0145    91.2599 1.0000e-12  -64.84508  -64.10170 345.385495      99.97 7.5804e+01   1495.747      35899  1030.0376  1030.0364    34.6642    34.6626    7.74446         24 0.0000e+00
    486.000    480.677     1.4024  30.211517     1.4019  30.209997     4.1651     4.2305    -0.0209    91.2602 1.0000e-12  -64.84508  -64.10170 345.385506      99.97 7.5804e+01   1496.751      35923  1030.0330  1030.0319    34.6644    34.6629    7.74428         25 0.0000e+00
    485.000    479.689     1.4026  30.211365     1.4022  30.209901     4.1594     4.2273    -0.0037    91.2644 1.0000e-12  -64.84507  -64.10170 345.385519      99.97 7.5804e+01   1497.812      35948  1030.0284  1030.0273    34.6645    34.6631    7.74423         27 0.0000e+00
    484.000    478.700     1.4023  30.210712     1.4020  30.209270     4.1602     4.2258    -0.0118    91.2473 1.0000e-12  -64.84506  -64.10169 345.385533      99.97 7.5804e+01   1499.042      35978  1030.0238  1030.0227    34.6646    34.6631    7.74428         30 0.0000e+00
    483.000    477.714     1.4021  30.210113     1.4019  30.208636     4.1612     4.2257    -0.0077    91.2611 1.0000e-12  -64.84506  -64.10167 345.385549      99.97 7.5804e+01   1500.434      36011  1030.0192  1030.0179    34.6646    34.6630    7.74432         34 0.0000e+00
    482.000    476.725     1.4021  30.209501     1.4018  30.208162     4.1578     4.2227    -0.0077    91.2825 1.0000e-12  -64.84506  -64.10167 345.385566      99.97 7.5804e+01   1501.869      36046  1030.0144  1030.0133    34.6644    34.6631    7.74434         35 0.0000e+00
    481.000    475.737     1.4020  30.209053     1.4016  30.207503     4.1619     4.2258    -0.0077    91.2985 1.0000e-12  -64.84506  -64.10168 345.385583      99.97 7.5804e+01   1503.376      36082  1030.0098  1030.0086    34.6645    34.6630    7.74434         37 0.0000e+00
    480.000    474.749     1.4019  30.208389     1.4016  30.206998     4.1640     4.2233    -0.0069    91.2837 1.0000e-12  -64.84506  -64.10168 345.385600      99.97 7.5804e+01   1504.796      36116  1030.0050  1030.0039    34.6644    34.6629    7.74437         29 0.0000e+00
    479.000    473.761     1.4017  30.207819     1.4016  30.206490     4.1632     4.2231    -0.0077    91.2464 1.0000e-12  -64.84506  -64.10169 345.385612      99.97 7.5804e+01   1505.850      36141  1030.0004  1029.9992    34.6644    34.6629    7.74441         22 0.0000e+00
    478.000    472.774     1.4008  30.206435     1.4008  30.205290     4.1611     4.2236    -0.0227    91.2461 1.0000e-12  -64.84506  -64.10169 345.385621      99.97 7.5804e+01   1506.683      36161  1029.9956  1029.9945    34.6642    34.6628    7.74460         19 0.0000e+00
    477.000    471.785     1.4004  30.205483     1.4002  30.204202     4.1684     4.2256    -0.0110    91.2754 1.0000e-12  -64.84506  -64.10168 345.385631      99.97 7.5804e+01   1507.480      36181  1029.9908  1029.9897    34.6640    34.6626    7.74469         20 0.0000e+00
    476.000    470.797     1.4004  30.205050     1.4001  30.203620     4.1701     4.2245    -0.0076    91.2763 1.0000e-12  -64.84504  -64.10168 345.385641      99.97 7.5804e+01   1508.418      36203  1029.9862  1029.9850    34.6641    34.6625    7.74469         27 0.0000e+00
    475.000    469.810     1.4004  30.204628     1.4006  30.203682     4.1574     4.2263    -0.0121    91.2666 1.0000e-12  -64.84504  -64.10166 345.385659      99.97 7.5804e+01   1509.922      36239  1029.9815  1029.9804    34.6640    34.6627    7.74468         36 0.0000e+00
    474.000    468.821     1.4002  30.204011     1.4005  30.203103     4.1612     4.2222    -0.0105    91.2664 1.0000e-12  -64.84504  -64.10165 345.385680      99.97 7.5804e+01   1511.794      36284  1029.9768  1029.9757    34.6640    34.6626    7.74472         33 0.0000e+00
    473.000    467.834     1.4003  30.203596     1.4001  30.202358     4.1713     4.2293    -0.0119    91.2664 1.0000e-12  -64.84504  -64.10166 345.385695      99.97 7.5804e+01   1513.049      36314  1029.9721  1029.9710    34.6640    34.6626    7.74471         26 0.0000e+00
    472.000    466.846     1.3997  30.202525     1.3995  30.201234     4.1763     4.2261    -0.0086    91.2712 1.0000e-12  -64.84504  -64.10168 345.385706      99.97 7.5804e+01   1514.036      36338  1029.9674  1029.9662    34.6639    34.6624    7.74484         22 0.0000e+00
    471.000    465.858     1.3984  30.200778     1.3983  30.199546     4.1769     4.2242    -0.0071    91.2890 1.0000e-12  -64.84504  -64.10167 345.385717      99.97 7.5804e+01   1514.967      36360  1029.9626  1029.9615    34.6636    34.6622    7.74509         23 0.0000e+00
    470.000    464.868     1.3983  30.200136     1.3981  30.198912     4.1709     4.2256    -0.0037    91.2769 1.0000e-12  -64.84504  -64.10166 345.385729      99.97 7.5804e+01   1515.946      36384  1029.9579  1029.9569    34.6636    34.6622    7.74513         25 0.0000e+00
    469.000    463.882     1.3981  30.199623     1.3984  30.198608     4.1550     4.2279     0.0017    91.2475 1.0000e-12  -64.84504  -64.10166 345.385742      99.97 7.5804e+01   1517.094      36411  1029.9533  1029.9520    34.6637    34.6621    7.74516         29 0.0000e+00
    468.000    462.894     1.3987  30.199753     1.3986  30.198552     4.1667     4.2281    -0.0037    91.2747 1.0000e-12  -64.84504  -64.10166 345.385756      99.97 7.5804e+01   1518.337      36441  1029.9486  1029.9476    34.6637    34.6624    7.74503         30 0.0000e+00
    467.000    461.905     1.3988  30.199477     1.3982  30.197745     4.1691     4.2274    -0.0069    91.2904 1.0000e-12  -64.84504  -64.10164 345.385770      99.97 7.5804e+01   1519.543      36470  1029.9441  1029.9429    34.6639    34.6623    7.74501         29 0.0000e+00
    466.000    460.917     1.3982  30.198416     1.3982  30.197214     4.1681     4.2278    -0.0075    91.2591 1.0000e-12  -64.84504  -64.10164 345.385786      99.97 7.5804e+01   1520.919      36503  1029.9393  1029.9381    34.6637    34.6622    7.74513         37 0.0000e+00
    465.000    459.931     1.3984  30.198159     1.3982  30.196835     4.1596     4.2263    -0.0077    91.2912 1.0000e-12  -64.84503  -64.10164 345.385806      99.97 7.5804e+01   1522.648      36545  1029.9346  1029.9335    34.6637    34.6623    7.74509         36 0.0000e+00
    464.000    458.942     1.3980  30.197237     1.3979  30.196015     4.1553     4.2284    -0.0100    91.2689 1.0000e-12  -64.84502  -64.10165 345.385822      99.97 7.5804e+01   1524.009      36577  1029.9299  1029.9287    34.6636    34.6621    7.74518         26 0.0000e+00
    463.000    457.955     1.3988  30.197567     1.3980  30.195693     4.1614     4.2283    -0.0098    91.2689 1.0000e-12  -64.84502  -64.10166 345.385833      99.97 7.5804e+01   1524.980      36601  1029.9252  1029.9240    34.6637    34.6621    7.74502         21 0.0000e+00
    462.000    456.965     1.4001  30.198623     1.3994  30.196770     4.1669     4.2332    -0.0101    91.2836 1.0000e-12  -64.84502  -64.10166 345.385843      99.97 7.5804e+01   1525.833      36621  1029.9207  1029.9195    34.6642    34.6626    7.74474         21 0.0000e+00
    461.000    455.977     1.4000  30.198171     1.3994  30.196462     4.1666     4.2309    -0.0127    91.2591 1.0000e-12  -64.84502  -64.10165 345.385853      99.97 7.5804e+01   1526.730      36643  1029.9161  1029.9150    34.6642    34.6627    7.74474         23 0.0000e+00
    460.000    454.990     1.3995  30.197110     1.3988  30.195361     4.1773     4.2277    -0.0114    91.2410 1.0000e-12  -64.84502  -64.10164 345.385866      99.97 7.5804e+01   1527.838      36669  1029.9114  1029.9102    34.6641    34.6626    7.74486         30 0.0000e+00
    459.000    454.002     1.3985  30.195691     1.3983  30.194353     4.1662     4.2236    -0.0116    91.2279 1.0000e-12  -64.84502  -64.10164 345.385881      99.97 7.5804e+01   1529.137      36700  1029.9067  1029.9055    34.6639    34.6624    7.74506         32 0.0000e+00
    458.000    453.012     1.3977  30.194390     1.3980  30.193606     4.1664     4.2255    -0.0091    91.2718 1.0000e-12  -64.84502  -64.10164 345.385896      99.97 7.5804e+01   1530.418      36731  1029.9019  1029.9008    34.6638    34.6624    7.74524         28 0.0000e+00
    457.000    452.026     1.3974  30.193696     1.3974  30.192472     4.1655     4.2268    -0.0202    91.2396 1.0000e-12  -64.84502  -64.10163 345.385911      99.97 7.5804e+01   1531.749      36763  1029.8973  1029.8960    34.6638    34.6621    7.74529         32 0.0000e+00
    456.000    451.038     1.3975  30.193303     1.3973  30.191976     4.1703     4.2275    -0.0148    91.2490 1.0000e-12  -64.84502  -64.10163 345.385929      99.97 7.5804e+01   1533.233      36799  1029.8925  1029.8913    34.6637    34.6622    7.74527         34 0.0000e+00
    455.000    450.049     1.3974  30.192680     1.3973  30.191514     4.1693     4.2267    -0.0112    91.2613 1.0000e-12  -64.84500  -64.10163 345.385945      99.97 7.5804e+01   1534.686      36833  1029.8878  1029.8867    34.6636    34.6622    7.74530         28 0.0000e+00
    454.000    449.061     1.3976  30.192520     1.3972  30.190974     4.1707     4.2337    -0.0015    91.2853 1.0000e-12  -64.84500  -64.10163 345.385960      99.97 7.5804e+01   1535.921      36863  1029.8832  1029.8820    34.6638    34.6622    7.74526         28 0.0000e+00
    453.000    448.075     1.3975  30.191958     1.3972  30.190577     4.1726     4.2265    -0.0038    91.2900 1.0000e-12  -64.84500  -64.10164 345.385972      99.97 7.5804e+01   1536.988      36889  1029.8785  1029.8774    34.6637    34.6623    7.74528         24 0.0000e+00
    452.000    447.085     1.3979  30.191836     1.3974  30.190341     4.1700     4.2292    -0.0100    91.3062 1.0000e-12  -64.84500  -64.10164 345.385983      99.97 7.5804e+01   1537.936      36911  1029.8738  1029.8727    34.6637    34.6623    7.74520         22 0.0000e+00
    451.000    446.097     1.3978  30.191515     1.3976  30.190144     4.1624     4.2291    -0.0147    91.2772 1.0000e-12  -64.84500  -64.10164 345.385994      99.97 7.5804e+01   1538.840      36933  1029.8693  1029.8680    34.6639    34.6624    7.74520         21 0.0000e+00
