NBP2113_155081_ctd/data/nbp2113_038.cnv
* Sea-Bird SBE 9 Data File:
* FileName = D:\Data\raw\NBP2113_038.hex
* Software Version Seasave V 7.26.7.121
* Temperature SN = 2438
* Conductivity SN = 2067
* Number of Bytes Per Scan = 40
* Number of Voltage Words = 5
* Number of Scans Averaged by the Deck Unit = 1
* NMEA Latitude = 64 56.00 S
* NMEA Longitude = 064 24.10 W
* NMEA UTC (Time) = Dec 10 2021  10:01:33
* NMEA baud rate = 9600
** Ship: RVIB N.B. Palmer
** Cruise: NBP2113 LTER
** Station: 600.040
** Operator: B. Urmston
# nquan = 25
# nvalues = 200                         
# units = specified
# name 0 = prDM: Pressure, Digiquartz [db]
# name 1 = depSM: Depth [salt water, m]
# name 2 = t090C: Temperature [ITS-90, deg C]
# name 3 = c0mS/cm: Conductivity [mS/cm]
# name 4 = t190C: Temperature, 2 [ITS-90, deg C]
# name 5 = c1mS/cm: Conductivity, 2 [mS/cm]
# name 6 = sbeox0ML/L: Oxygen, SBE 43 [ml/l]
# name 7 = sbeox1ML/L: Oxygen, SBE 43, 2 [ml/l]
# name 8 = flECO-AFL: Fluorescence, WET Labs ECO-AFL/FL [mg/m^3]
# name 9 = CStarTr0: Beam Transmission, WET Labs C-Star [%]
# name 10 = par: PAR/Irradiance, Biospherical/Licor
# name 11 = latitude: Latitude [deg]
# name 12 = longitude: Longitude [deg]
# name 13 = timeJ: Julian Days
# name 14 = altM: Altimeter [m]
# name 15 = spar: SPAR, Biospherical/Licor
# name 16 = timeS: Time, Elapsed [seconds]
# name 17 = scan: Scan Count
# name 18 = density00: Density [density, kg/m^3]
# name 19 = density11: Density, 2 [density, kg/m^3]
# name 20 = sal00: Salinity, Practical [PSU]
# name 21 = sal11: Salinity, Practical, 2 [PSU]
# name 22 = oxsolML/L: Oxygen Saturation, Garcia & Gordon [ml/l]
# name 23 = nbin: number of scans per bin
# name 24 = flag: flag
# span 0 =      1.000,    103.000       
# span 1 =      0.991,    101.969       
# span 2 =    -0.7222,     0.3191       
# span 3 =  27.382335,  28.874895       
# span 4 =    -0.7225,     0.3190       
# span 5 =  27.380459,  28.873231       
# span 6 =     5.3836,     8.8828       
# span 7 =     5.4727,     9.9958       
# span 8 =     0.0480,     1.7036       
# span 9 =    87.2336,    95.3799       
# span 10 = 9.0961e-02, 2.3115e+02      
# span 11 =  -64.93344,  -64.93306      
# span 12 =  -64.40141,  -64.40094      
# span 13 = 344.420969, 344.426734      
# span 14 =      -0.07,     100.24      
# span 15 = 1.9921e+02, 2.6620e+02      
# span 16 =    278.748,    776.784      
# span 17 =       6691,      18644      
# span 18 =  1027.0117,  1028.0621      
# span 19 =  1027.0105,  1028.0611      
# span 20 =    33.5967,    34.3633      
# span 21 =    33.5945,    34.3612      
# span 22 =    7.97939,    8.24464      
# span 23 =          4,         47      
# span 24 = 0.0000e+00, 0.0000e+00      
# interval = decibars: 1                
# start_time = Dec 10 2021 10:01:33 [NMEA time, header]
# bad_flag = -9.990e-29
*END*
[from data line 174]
     26.000     25.744    -0.5090  27.750760    -0.5297  27.737442     7.9345     7.7416     1.0851    91.7790 6.2308e+00  -64.93308  -64.40096 344.425349      99.97 2.2389e+02    657.132      15772  1027.3160  1027.3214    33.8407    33.8460    8.18417         34 0.0000e+00
     25.000     24.753    -0.4338  27.787151    -0.4485  27.779348     7.6654     7.6146     1.1650    91.5462 7.1413e+00  -64.93308  -64.40095 344.425368      99.97 2.2401e+02    658.755      15811  1027.2787  1027.2844    33.8063    33.8122    8.16994         31 0.0000e+00
     24.000     23.764    -0.5136  27.744758    -0.4984  27.751324     7.8130     7.8520     1.1992    91.4484 8.2183e+00  -64.93308  -64.40098 344.425419      99.97 2.2795e+02    663.184      15917  1027.3067  1027.2989    33.8390    33.8309    8.18526         36 0.0000e+00
     23.000     22.776    -0.4354  27.783488    -0.3943  27.798191     7.9244     7.9316     1.2464    90.8981 8.9842e+00  -64.93308  -64.40098 344.425446      99.97 2.2943e+02    665.527      15974  1027.2685  1027.2450    33.8043    33.7783    8.17038         25 0.0000e+00
     22.000     21.783    -0.4246  27.780825    -0.4203  27.780989     7.9803     7.9618     1.3596    90.9524 9.4178e+00  -64.93308  -64.40095 344.425485      99.97 2.3120e+02    668.947      16056  1027.2523  1027.2482    33.7894    33.7848    8.16893         37 0.0000e+00
     21.000     20.792    -0.3991  27.776994    -0.3985  27.776775     7.9656     7.9956     1.3104    90.2639 1.1290e+01  -64.93308  -64.40094 344.425511      99.97 2.3289e+02    671.164      16109  1027.2197  1027.2190    33.7565    33.7555    8.16533         33 0.0000e+00
     20.000     19.804    -0.4293  27.747984    -0.4243  27.743816     7.9954     8.0385     1.3624    89.5842 1.2468e+01  -64.93308  -64.40097 344.425561      99.96 2.3521e+02    675.490      16213  1027.2144  1027.2050    33.7517    33.7406    8.17210         25 0.0000e+00
     19.000     18.813    -0.5322  27.604372    -0.5329  27.603879     8.0034     8.0573     1.4364    89.0181 1.3940e+01  -64.93308  -64.40096 344.425590      99.97 2.3636e+02    677.942      16272  1027.1538  1027.1538    33.6741    33.6742    8.19881         36 0.0000e+00
     18.000     17.824    -0.5460  27.592194    -0.5541  27.581386     7.9964     8.0519     1.5262    88.4397 1.6427e+01  -64.93307  -64.40096 344.425704      99.97 2.4288e+02    687.810      16508  1027.1476  1027.1436    33.6736    33.6681    8.20184         33 0.0000e+00
     17.000     16.833    -0.6683  27.447374    -0.6522  27.466556     8.0248     8.1141     1.6423    87.3604 1.9247e+01  -64.93306  -64.40098 344.426054      99.97 2.6052e+02    718.075      17235  1027.0999  1027.1053    33.6153    33.6233    8.23178         34 0.0000e+00
     16.000     15.843    -0.6574  27.462744    -0.6571  27.461171     8.0339     8.1121     1.6102    87.4893 2.1529e+01  -64.93307  -64.40096 344.426090      99.97 2.6088e+02    721.151      17309  1027.1020  1027.1002    33.6245    33.6221    8.22887         27 0.0000e+00
     15.000     14.850    -0.6812  27.433805    -0.6653  27.450424     8.0632     8.1187     1.6577    87.4703 2.5002e+01  -64.93307  -64.40094 344.426135      99.96 2.6209e+02    725.042      17402  1027.0891  1027.0917    33.6125    33.6173    8.23475         36 0.0000e+00
     14.000     13.863    -0.6789  27.435071    -0.6824  27.429623     8.0388     8.1211     1.6572    87.4510 2.7511e+01  -64.93306  -64.40096 344.426164      99.96 2.6266e+02    727.590      17463  1027.0839  1027.0815    33.6123    33.6089    8.23426         43 0.0000e+00
     13.000     12.872    -0.6788  27.435809    -0.6767  27.435747     8.0639     8.1289     1.7036    87.4137 3.1175e+01  -64.93306  -64.40097 344.426195      99.97 2.6375e+02    730.251      17527  1027.0803  1027.0782    33.6139    33.6114    8.23416         35 0.0000e+00
     12.000     11.882    -0.6958  27.415149    -0.6895  27.420549     8.0600     8.1299     1.6415    87.3988 3.3326e+01  -64.93306  -64.40098 344.426221      99.97 2.6442e+02    732.469      17580  1027.0697  1027.0697    33.6054    33.6058    8.23835         34 0.0000e+00
     11.000     10.893    -0.6976  27.412994    -0.6963  27.412626     8.0508     8.1360     1.6094    87.3754 3.8195e+01  -64.93307  -64.40098 344.426239      99.97 2.6443e+02    734.054      17618  1027.0647  1027.0632    33.6052    33.6032    8.23876         42 0.0000e+00
     10.000      9.900    -0.6983  27.411906    -0.6929  27.415913     8.0861     8.1317     1.6222    87.3859 4.4522e+01  -64.93308  -64.40096 344.426284      99.97 2.6443e+02    737.914      17711  1027.0597  1027.0589    33.6051    33.6045    8.23892         27 0.0000e+00
      9.000      8.912    -0.7026  27.406382    -0.7034  27.404710     8.0380     8.1320     1.6586    87.3787 5.0215e+01  -64.93308  -64.40096 344.426322      99.97 2.6443e+02    741.214      17790  1027.0534  1027.0525    33.6031    33.6017    8.23999         34 0.0000e+00
      8.000      7.921    -0.7040  27.404916    -0.7045  27.402562     8.0416     8.1364     1.6289    87.3712 5.5103e+01  -64.93308  -64.40098 344.426340      99.97 2.6515e+02    742.788      17828  1027.0488  1027.0468    33.6033    33.6007    8.24028         37 0.0000e+00
      7.000      6.931    -0.7071  27.401054    -0.7048  27.401503     8.0561     8.1254     1.5601    87.3664 6.0571e+01  -64.93308  -64.40098 344.426362      99.97 2.6477e+02    744.663      17873  1027.0432  1027.0415    33.6021    33.6001    8.24102         46 0.0000e+00
      6.000      5.941    -0.7050  27.402856    -0.7050  27.401151     8.0313     8.1361     1.6483    87.3995 6.9014e+01  -64.93308  -64.40097 344.426398      99.97 2.6444e+02    747.809      17948  1027.0387  1027.0369    33.6028    33.6005    8.24052         33 0.0000e+00
      5.000      4.952    -0.7110  27.396047    -0.7102  27.395168     8.0551     8.1307     1.4961    87.3885 8.1692e+01  -64.93310  -64.40097 344.426615      99.97 2.5631e+02    766.524      18398  1027.0325  1027.0308    33.6009    33.5988    8.24194         23 0.0000e+00
      4.000      3.961    -0.7164  27.390186    -0.7153  27.389792     8.4928     8.1282     1.4400    87.3765 8.9860e+01  -64.93310  -64.40098 344.426681      99.97 2.5385e+02    772.243      18535  1027.0270  1027.0255    33.5996    33.5979    8.24320         15 0.0000e+00
      3.000      2.970    -0.7212  27.384558    -0.7205  27.383912     8.8128     8.1300     1.3912    87.3782 1.0516e+02  -64.93310  -64.40098 344.426688      99.96 2.5385e+02    772.867      18550  1027.0212  1027.0198    33.5979    33.5963    8.24434         15 0.0000e+00
      2.000      1.980    -0.7222  27.382335    -0.7225  27.380459     8.8828     8.9435     1.3506    87.3190 1.3323e+02  -64.93310  -64.40098 344.426697      21.53 2.5349e+02    773.623      18568  1027.0155  1027.0136    33.5967    33.5945    8.24464         23 0.0000e+00
      1.000      0.991    -0.7181  27.386630    -0.7164  27.386942     8.3188     9.9958     1.3190    87.2933 2.3115e+02  -64.93310  -64.40097 344.426734      -0.07 2.5017e+02    776.784      18644  1027.0117  1027.0105    33.5985    33.5971    8.24362         27 0.0000e+00
