NBP2113_155081_ctd/data/nbp2113_003.ros
* Sea-Bird SBE 9 Data File:
* FileName = D:\Data\raw\NBP2113_003.hex
* Software Version Seasave V 7.26.7.121
* Temperature SN = 2438
* Conductivity SN = 2067
* Number of Bytes Per Scan = 40
* Number of Voltage Words = 5
* Number of Scans Averaged by the Deck Unit = 1
* NMEA Latitude = 63 28.26 S
* NMEA Longitude = 061 47.09 W
* NMEA UTC (Time) = Nov 22 2021  19:16:03
* NMEA baud rate = 9600
** Ship: RVIB N.B. Palmer
** Cruise: NBP2113 LTER
** Station: 806.048
** Operator: S. Blackman
# nquan = 20
# nvalues = 1144                                  
# units = specified
# name 0 = prDM: Pressure, Digiquartz [db]
# name 1 = depSM: Depth [salt water, m]
# name 2 = t090C: Temperature [ITS-90, deg C]
# name 3 = c0mS/cm: Conductivity [mS/cm]
# name 4 = t190C: Temperature, 2 [ITS-90, deg C]
# name 5 = c1mS/cm: Conductivity, 2 [mS/cm]
# name 6 = sbeox0ML/L: Oxygen, SBE 43 [ml/l]
# name 7 = sbeox1ML/L: Oxygen, SBE 43, 2 [ml/l]
# name 8 = flECO-AFL: Fluorescence, WET Labs ECO-AFL/FL [mg/m^3]
# name 9 = CStarTr0: Beam Transmission, WET Labs C-Star [%]
# name 10 = par: PAR/Irradiance, Biospherical/Licor
# name 11 = latitude: Latitude [deg]
# name 12 = longitude: Longitude [deg]
# name 13 = timeJ: Julian Days
# name 14 = altM: Altimeter [m]
# name 15 = spar: SPAR, Biospherical/Licor
# name 16 = timeS: Time, Elapsed [seconds]
# name 17 = scan: Scan Count
# name 18 = nbf: Bottles Fired
# name 19 = flag:  0.000e+00
# interval = seconds: 0.0416667
# start_time = Nov 22 2021 19:16:03 [NMEA time, header]
# bad_flag = -9.990e-29
*END*
[from data line 1086]
      2.635      2.609    -0.3424  27.983501    -0.3426  27.981970     8.0942     7.9958     0.3586    90.2364 1.3342e+03  -63.47132  -61.78570 326.833181      99.98 1.8175e+03   2623.875      62974         23  0.000e+00
      2.642      2.616    -0.3424  27.983674    -0.3426  27.981970     8.0933     7.9965     0.3513    90.2364 1.4274e+03  -63.47132  -61.78570 326.833182      99.95 1.8175e+03   2623.917      62975         23  0.000e+00
      2.696      2.670    -0.3423  27.983559    -0.3426  27.981857     8.0983     7.9964     0.3586    90.2622 1.5314e+03  -63.47132  -61.78570 326.833182      99.95 1.8158e+03   2623.958      62976         23  0.000e+00
      2.697      2.670    -0.3424  27.983732    -0.3421  27.982139     8.0988     7.9961     0.3513    90.2364 1.5884e+03  -63.47132  -61.78570 326.833183      99.98 1.8158e+03   2624.000      62977         23  0.000e+00
      2.738      2.711    -0.3423  27.983559    -0.3421  27.982476     8.0922     7.9905     0.3513    90.2364 1.5662e+03  -63.47132  -61.78570 326.833183      99.98 1.8158e+03   2624.042      62978         23  0.000e+00
      2.744      2.718    -0.3426  27.983502    -0.3421  27.982589     8.0914     7.9894     0.3586    90.2364 1.4847e+03  -63.47132  -61.78570 326.833184      99.98 1.8158e+03   2624.083      62979         23  0.000e+00
      2.847      2.819    -0.3426  27.983502    -0.3423  27.982364     8.0965     7.9939     0.3586    90.2364 1.3878e+03  -63.47132  -61.78570 326.833184      99.93 1.8158e+03   2624.125      62980         23  0.000e+00
      2.840      2.813    -0.3428  27.983502    -0.3423  27.982477     8.0900     7.9881     0.3586    90.2364 1.3009e+03  -63.47132  -61.78570 326.833185      99.95 1.8158e+03   2624.167      62981         23  0.000e+00
      2.847      2.820    -0.3428  27.983156    -0.3421  27.982364     8.0821     7.9924     0.3586    90.2364 1.2297e+03  -63.47132  -61.78570 326.833185      99.98 1.8158e+03   2624.208      62982         23  0.000e+00
      2.895      2.867    -0.3428  27.983156    -0.3427  27.981914     8.0815     7.9932     0.3513    90.2364 1.1756e+03  -63.47132  -61.78570 326.833186      99.98 1.8140e+03   2624.250      62983         24  0.000e+00
      2.950      2.921    -0.3434  27.982984    -0.3430  27.981577     8.0856     7.9876     0.3513    90.2364 1.1302e+03  -63.47132  -61.78570 326.833186      99.98 1.8140e+03   2624.292      62984         24  0.000e+00
      3.039      3.009    -0.3440  27.982581    -0.3436  27.980902     8.0796     7.9930     0.3513    90.2364 1.0865e+03  -63.47132  -61.78570 326.833187      99.98 1.8140e+03   2624.333      62985         24  0.000e+00
      2.998      2.969    -0.3444  27.982235    -0.3441  27.980508     8.0793     7.9936     0.3513    90.2364 1.0534e+03  -63.47132  -61.78570 326.833187      99.98 1.8140e+03   2624.375      62986         24  0.000e+00
      2.998      2.969    -0.3444  27.982004    -0.3446  27.980451     8.0849     7.9943     0.3513    90.2364 1.0329e+03  -63.47132  -61.78570 326.833188      99.95 1.8140e+03   2624.417      62987         24  0.000e+00
      3.100      3.070    -0.3447  27.981889    -0.3447  27.980058     8.0850     7.9887     0.3513    90.2364 1.0185e+03  -63.47132  -61.78570 326.833188      99.95 1.8140e+03   2624.458      62988         24  0.000e+00
      3.142      3.111    -0.3448  27.981889    -0.3450  27.979945     8.0850     7.9885     0.3513    90.2364 1.0127e+03  -63.47132  -61.78570 326.833189      99.95 1.8140e+03   2624.500      62989         24  0.000e+00
      3.148      3.118    -0.3447  27.982120    -0.3448  27.980283     8.0863     7.9937     0.3513    90.2364 1.0242e+03  -63.47132  -61.78570 326.833189      99.98 1.8140e+03   2624.542      62990         24  0.000e+00
      3.203      3.172    -0.3447  27.981947    -0.3448  27.980452     8.0879     7.9880     0.3513    90.2364 1.0594e+03  -63.47132  -61.78570 326.833190      99.98 1.8140e+03   2624.583      62991         24  0.000e+00
      3.251      3.220    -0.3447  27.982120    -0.3446  27.980621     8.0881     7.9869     0.3513    90.2364 1.0957e+03  -63.47132  -61.78570 326.833190      99.93 1.8122e+03   2624.625      62992         24  0.000e+00
      3.244      3.213    -0.3448  27.982178    -0.3442  27.980902     8.0870     7.9856     0.3513    90.2364 1.1113e+03  -63.47132  -61.78570 326.833191      99.95 1.8122e+03   2624.667      62993         24  0.000e+00
      3.306      3.274    -0.3448  27.982351    -0.3442  27.980790     8.0874     7.9855     0.3513    90.2622 1.1019e+03  -63.47132  -61.78570 326.833191      99.98 1.8122e+03   2624.708      62994         24  0.000e+00
      3.354      3.321    -0.3445  27.982236    -0.3442  27.981071     8.0863     7.9907     0.3513    90.2879 1.0714e+03  -63.47132  -61.78570 326.833192      99.98 1.8122e+03   2624.750      62995         24  0.000e+00
      3.395      3.362    -0.3444  27.982582    -0.3442  27.981071     8.0853     7.9860     0.3513    90.2879 1.0329e+03  -63.47132  -61.78570 326.833192      99.98 1.8122e+03   2624.792      62996         24  0.000e+00
      3.402      3.369    -0.3447  27.982293    -0.3440  27.981184     8.0829     7.9849     0.3513    90.2879 1.0071e+03  -63.47132  -61.78570 326.833193      99.98 1.8122e+03   2624.833      62997         24  0.000e+00
      3.457      3.423    -0.3447  27.981833    -0.3446  27.980847     8.0819     7.9903     0.3513    90.2879 1.0099e+03  -63.47132  -61.78570 326.833193      99.98 1.8122e+03   2624.875      62998         24  0.000e+00
      3.504      3.470    -0.3450  27.982063    -0.3450  27.981072     8.0867     7.9857     0.3513    90.2879 1.0475e+03  -63.47132  -61.78570 326.833193      99.95 1.8122e+03   2624.917      62999         24  0.000e+00
      3.546      3.511    -0.3447  27.982409    -0.3436  27.981635     8.0926     7.9844     0.3513    90.2879 1.0988e+03  -63.47132  -61.78570 326.833194      99.93 1.8122e+03   2624.958      63000         24  0.000e+00
      3.559      3.525    -0.3442  27.983043    -0.3433  27.982760     8.0881     7.9833     0.3513    90.2879 1.1270e+03  -63.47132  -61.78570 326.833194      99.95 1.8122e+03   2625.000      63001         24  0.000e+00
      3.607      3.572    -0.3437  27.983389    -0.3424  27.983267     8.0894     7.9830     0.3513    90.2879 1.1175e+03  -63.47132  -61.78570 326.833195      99.98 1.8122e+03   2625.042      63002         24  0.000e+00
      3.648      3.613    -0.3434  27.983735    -0.3418  27.983942     8.0965     7.9827     0.3513    90.2879 1.0804e+03  -63.47132  -61.78570 326.833195      99.98 1.8122e+03   2625.083      63003         24  0.000e+00
      3.710      3.674    -0.3432  27.983965    -0.3413  27.983942     8.0991     7.9826     0.3513    90.2879 1.0300e+03  -63.47132  -61.78570 326.833196      99.95 1.8122e+03   2625.125      63004         24  0.000e+00
      3.710      3.674    -0.3428  27.984253    -0.3413  27.984224     8.0945     7.9817     0.3513    90.2879 9.8188e+02  -63.47132  -61.78570 326.833196      99.95 1.8105e+03   2625.167      63005         24  0.000e+00
      3.710      3.674    -0.3426  27.984253    -0.3413  27.984224     8.0899     7.9817     0.3513    90.2879 9.3603e+02  -63.47132  -61.78570 326.833197      99.98 1.8105e+03   2625.208      63006         24  0.000e+00
      3.799      3.762    -0.3426  27.984657    -0.3412  27.984336     8.0943     7.9808     0.3513    90.2879 8.9735e+02  -63.47132  -61.78570 326.833197      99.98 1.8105e+03   2625.250      63007         24  0.000e+00
      3.758      3.721    -0.3423  27.985060    -0.3412  27.984393     8.0882     7.9808     0.3513    90.2879 8.7000e+02  -63.47132  -61.78570 326.833198      99.98 1.8105e+03   2625.292      63008         24  0.000e+00
      3.861      3.823    -0.3417  27.985464    -0.3409  27.984168     8.0824     7.9809     0.3439    90.2879 8.5303e+02  -63.47132  -61.78570 326.833198      99.98 1.8105e+03   2625.333      63009         24  0.000e+00
      3.902      3.864    -0.3414  27.985176    -0.3412  27.984112     8.0868     7.9811     0.3366    90.2879 8.4825e+02  -63.47132  -61.78570 326.833199      99.98 1.8105e+03   2625.375      63010         24  0.000e+00
      3.908      3.871    -0.3412  27.985521    -0.3415  27.984337     8.0797     7.9812     0.3366    90.2879 8.4586e+02  -63.47132  -61.78570 326.833199      99.95 1.8105e+03   2625.417      63011         24  0.000e+00
      3.963      3.925    -0.3412  27.985810    -0.3421  27.983211     8.0771     7.9808     0.3366    90.2879 8.4586e+02  -63.47132  -61.78570 326.833200      99.95 1.8105e+03   2625.458      63012         24  0.000e+00
      3.909      3.871    -0.3415  27.985349    -0.3430  27.982423     8.0774     7.9811     0.3366    90.2879 8.4349e+02  -63.47132  -61.78570 326.833200      99.98 1.8105e+03   2625.500      63013         24  0.000e+00
      4.004      3.966    -0.3418  27.985061    -0.3433  27.982480     8.0837     7.9814     0.3366    90.2879 8.4112e+02  -63.47132  -61.78570 326.833201      99.98 1.8122e+03   2625.542      63014         24  0.000e+00
      4.066      4.027    -0.3421  27.985061    -0.3429  27.982761     8.0856     7.9816     0.3366    90.2879 8.3640e+02  -63.47132  -61.78570 326.833201      99.98 1.8105e+03   2625.583      63015         24  0.000e+00
      4.011      3.972    -0.3423  27.984542    -0.3427  27.983606     8.0818     7.9817     0.3366    90.2879 8.2471e+02  -63.47132  -61.78570 326.833202      99.93 1.8122e+03   2625.625      63016         24  0.000e+00
      4.107      4.067    -0.3426  27.984715    -0.3424  27.983662     8.0841     7.9820     0.3366    90.2879 8.1548e+02  -63.47132  -61.78570 326.833202      99.95 1.8122e+03   2625.667      63017         24  0.000e+00
      4.066      4.027    -0.3421  27.984658    -0.3421  27.983437     8.0907     7.9822     0.3366    90.2879 8.0863e+02  -63.47132  -61.78570 326.833203      99.98 1.8122e+03   2625.708      63018         24  0.000e+00
      4.162      4.121    -0.3424  27.984773    -0.3421  27.983381     8.0919     7.9827     0.3366    90.3137 7.9958e+02  -63.47132  -61.78570 326.833203      99.98 1.8122e+03   2625.750      63019         24  0.000e+00
      4.107      4.067    -0.3424  27.985003    -0.3423  27.983381     8.0916     7.9822     0.3366    90.3137 7.9509e+02  -63.47132  -61.78572 326.833204      99.98 1.8122e+03   2625.792      63020         24  0.000e+00
      4.162      4.122    -0.3423  27.984888    -0.3424  27.983156     8.0927     7.9818     0.3366    90.2879 7.8619e+02  -63.47132  -61.78572 326.833204      99.98 1.8122e+03   2625.833      63021         24  0.000e+00
      4.162      4.122    -0.3420  27.985407    -0.3421  27.983662     8.0982     7.9821     0.3366    90.2879 7.7739e+02  -63.47132  -61.78572 326.833205      99.98 1.8122e+03   2625.875      63022         24  0.000e+00
      4.217      4.176    -0.3417  27.985407    -0.3421  27.983493     8.0992     7.9826     0.3366    90.2879 7.6653e+02  -63.47132  -61.78572 326.833205      99.95 1.8122e+03   2625.917      63023         24  0.000e+00
      4.203      4.162    -0.3417  27.985349    -0.3426  27.983156     8.0944     7.9885     0.3366    90.3137 7.5795e+02  -63.47132  -61.78572 326.833206      99.95 1.8122e+03   2625.958      63024         24  0.000e+00
      4.217      4.176    -0.3415  27.985753    -0.3427  27.983100     8.0954     7.9845     0.3366    90.2879 7.5370e+02  -63.47132  -61.78572 326.833206      99.95 1.8122e+03   2626.000      63025         24  0.000e+00
      4.265      4.223    -0.3414  27.985522    -0.3426  27.983100     8.1023     7.9850     0.3366    90.2879 7.5158e+02  -63.47132  -61.78572 326.833207      99.98 1.8140e+03   2626.042      63026         24  0.000e+00
      4.258      4.217    -0.3412  27.985753    -0.3421  27.983662     8.1033     7.9845     0.3366    90.2879 7.4947e+02  -63.47132  -61.78572 326.833207      99.98 1.8140e+03   2626.083      63027         24  0.000e+00
      4.265      4.223    -0.3409  27.985638    -0.3421  27.983662     8.1043     7.9841     0.3366    90.2879 7.4736e+02  -63.47132  -61.78572 326.833207      99.93 1.8140e+03   2626.125      63028         24  0.000e+00
      4.217      4.176    -0.3411  27.985407    -0.3415  27.983606     8.1066     7.9845     0.3366    90.2879 7.4736e+02  -63.47132  -61.78572 326.833208      99.95 1.8140e+03   2626.167      63029         24  0.000e+00
      4.320      4.278    -0.3412  27.985522    -0.3416  27.983775     8.1191     7.9843     0.3366    90.2879 7.5158e+02  -63.47132  -61.78572 326.833208      99.98 1.8140e+03   2626.208      63030         24  0.000e+00
      4.258      4.217    -0.3412  27.985407    -0.3418  27.983887     8.1154     7.9848     0.3366    90.2879 7.6223e+02  -63.47132  -61.78572 326.833209      99.98 1.8140e+03   2626.250      63031         24  0.000e+00
