NBP2113_155081_ctd/data/nbp2113_010.ros
* Sea-Bird SBE 9 Data File:
* FileName = D:\Data\raw\NBP2113_010.hex
* Software Version Seasave V 7.26.7.121
* Temperature SN = 2438
* Conductivity SN = 2067
* Number of Bytes Per Scan = 40
* Number of Voltage Words = 5
* Number of Scans Averaged by the Deck Unit = 1
* NMEA Latitude = 64 34.40 S
* NMEA Longitude = 065 21.00 W
* NMEA UTC (Time) = Nov 25 2021  20:37:57
* NMEA baud rate = 9600
** Ship: RVIB N.B. Palmer
** Cruise: NBP2113 LTER
** Station: 600.100
** Operator: S. Blackman
# nquan = 20
# nvalues = 1162                                  
# units = specified
# name 0 = prDM: Pressure, Digiquartz [db]
# name 1 = depSM: Depth [salt water, m]
# name 2 = t090C: Temperature [ITS-90, deg C]
# name 3 = c0mS/cm: Conductivity [mS/cm]
# name 4 = t190C: Temperature, 2 [ITS-90, deg C]
# name 5 = c1mS/cm: Conductivity, 2 [mS/cm]
# name 6 = sbeox0ML/L: Oxygen, SBE 43 [ml/l]
# name 7 = sbeox1ML/L: Oxygen, SBE 43, 2 [ml/l]
# name 8 = flECO-AFL: Fluorescence, WET Labs ECO-AFL/FL [mg/m^3]
# name 9 = CStarTr0: Beam Transmission, WET Labs C-Star [%]
# name 10 = par: PAR/Irradiance, Biospherical/Licor
# name 11 = latitude: Latitude [deg]
# name 12 = longitude: Longitude [deg]
# name 13 = timeJ: Julian Days
# name 14 = altM: Altimeter [m]
# name 15 = spar: SPAR, Biospherical/Licor
# name 16 = timeS: Time, Elapsed [seconds]
# name 17 = scan: Scan Count
# name 18 = nbf: Bottles Fired
# name 19 = flag:  0.000e+00
# interval = seconds: 0.0416667
# start_time = Nov 25 2021 20:37:57 [NMEA time, header]
# bad_flag = -9.990e-29
*END*
[from data line 1014]
      4.728      4.681    -0.3448  27.987656    -0.3446  27.986140     8.2067     8.1159     1.0106    89.9274 1.2731e+02  -64.57434  -65.34676 329.888120      99.98 3.8960e+02   2456.583      58959         21  0.000e+00
      4.919      4.871    -0.3448  27.987714    -0.3446  27.986253     8.2079     8.1213     1.0106    89.9017 1.2731e+02  -64.57434  -65.34676 329.888121      99.95 3.8960e+02   2456.625      58960         21  0.000e+00
      4.830      4.783    -0.3444  27.987771    -0.3447  27.986253     8.2131     8.1226     1.0106    89.9017 1.2767e+02  -64.57434  -65.34676 329.888121      99.95 3.8960e+02   2456.667      58961         21  0.000e+00
      4.728      4.681    -0.3445  27.988117    -0.3447  27.986028     8.2139     8.1239     1.0106    89.9017 1.2803e+02  -64.57434  -65.34676 329.888122      99.98 3.8960e+02   2456.708      58962         21  0.000e+00
      4.919      4.871    -0.3445  27.987656    -0.3448  27.986141     8.2150     8.1192     1.0106    89.9017 1.2839e+02  -64.57434  -65.34676 329.888122      99.98 3.8960e+02   2456.750      58963         21  0.000e+00
      4.878      4.830    -0.3445  27.987483    -0.3446  27.986253     8.2101     8.1188     1.0106    89.9017 1.2839e+02  -64.57432  -65.34676 329.888123      99.95 3.8960e+02   2456.792      58964         21  0.000e+00
      4.769      4.722    -0.3445  27.988059    -0.3447  27.986253     8.2152     8.1184     1.0106    89.9017 1.2875e+02  -64.57432  -65.34676 329.888123      99.95 3.8960e+02   2456.833      58965         21  0.000e+00
      4.878      4.830    -0.3445  27.988060    -0.3446  27.986422     8.2147     8.1182     1.0106    89.9017 1.2912e+02  -64.57432  -65.34676 329.888124      99.98 3.8960e+02   2456.875      58966         22  0.000e+00
      4.782      4.736    -0.3444  27.988002    -0.3448  27.986309     8.2095     8.1178     1.0106    89.9017 1.2985e+02  -64.57432  -65.34676 329.888124      99.98 3.8960e+02   2456.917      58967         22  0.000e+00
      4.871      4.824    -0.3445  27.988002    -0.3446  27.986253     8.2046     8.1184     1.0106    89.9017 1.3022e+02  -64.57432  -65.34676 329.888125      99.98 3.8960e+02   2456.958      58968         22  0.000e+00
      4.830      4.783    -0.3445  27.987829    -0.3448  27.986253     8.2098     8.1190     1.0106    89.9017 1.3059e+02  -64.57432  -65.34676 329.888125      99.98 3.8960e+02   2457.000      58969         22  0.000e+00
      4.878      4.830    -0.3447  27.987714    -0.3447  27.986253     8.2108     8.1188     1.0106    89.9017 1.3133e+02  -64.57432  -65.34676 329.888125      99.98 3.8960e+02   2457.042      58970         22  0.000e+00
      4.817      4.770    -0.3444  27.987714    -0.3447  27.986422     8.2129     8.1185     1.0106    89.9017 1.3207e+02  -64.57432  -65.34676 329.888126      99.98 3.8960e+02   2457.083      58971         22  0.000e+00
      4.830      4.783    -0.3447  27.987772    -0.3446  27.986309     8.2141     8.1237     1.0106    89.9017 1.3282e+02  -64.57432  -65.34676 329.888126      99.95 3.8960e+02   2457.125      58972         22  0.000e+00
      4.878      4.831    -0.3445  27.987714    -0.3447  27.986422     8.2081     8.1243     1.0106    89.9274 1.3320e+02  -64.57432  -65.34676 329.888127      99.95 3.8960e+02   2457.167      58973         22  0.000e+00
      4.817      4.770    -0.3447  27.987541    -0.3446  27.986084     8.2166     8.1247     1.0106    89.9532 1.3395e+02  -64.57432  -65.34676 329.888127      99.98 3.8960e+02   2457.208      58974         22  0.000e+00
      4.830      4.783    -0.3447  27.987887    -0.3447  27.986141     8.2176     8.1253     1.0106    89.9532 1.3433e+02  -64.57432  -65.34676 329.888128      99.98 3.8960e+02   2457.250      58975         22  0.000e+00
      4.878      4.831    -0.3445  27.988002    -0.3447  27.986591     8.2243     8.1257     1.0106    89.9532 1.3509e+02  -64.57432  -65.34676 329.888128      99.95 3.8960e+02   2457.292      58976         22  0.000e+00
      4.872      4.824    -0.3444  27.987656    -0.3447  27.986366     8.2207     8.1262     1.0106    89.9532 1.3586e+02  -64.57432  -65.34676 329.888129      99.95 3.8960e+02   2457.333      58977         22  0.000e+00
      4.830      4.783    -0.3447  27.987887    -0.3447  27.986253     8.2228     8.1265     1.0106    89.9532 1.3624e+02  -64.57432  -65.34676 329.888129      99.95 3.8960e+02   2457.375      58978         22  0.000e+00
      4.831      4.783    -0.3445  27.988002    -0.3444  27.986253     8.2192     8.1268     1.0106    89.9532 1.3663e+02  -64.57432  -65.34676 329.888130      99.98 3.8960e+02   2457.417      58979         22  0.000e+00
      4.872      4.824    -0.3444  27.987829    -0.3448  27.986253     8.2143     8.1273     1.0252    89.9532 1.3740e+02  -64.57432  -65.34676 329.888130      99.98 3.8960e+02   2457.458      58980         22  0.000e+00
      4.878      4.831    -0.3444  27.987714    -0.3446  27.986253     8.2140     8.1221     1.0399    89.9532 1.3779e+02  -64.57432  -65.34676 329.888131      99.98 3.8960e+02   2457.500      58981         22  0.000e+00
      4.878      4.831    -0.3447  27.987772    -0.3447  27.986253     8.2182     8.1216     1.0399    89.9532 1.3779e+02  -64.57432  -65.34676 329.888131      99.98 3.8960e+02   2457.542      58982         22  0.000e+00
      4.817      4.770    -0.3444  27.987944    -0.3444  27.986028     8.2178     8.1209     1.0399    89.9532 1.3818e+02  -64.57432  -65.34676 329.888132      99.98 3.8960e+02   2457.583      58983         22  0.000e+00
      4.878      4.831    -0.3444  27.987772    -0.3447  27.986366     8.2119     8.1204     1.0399    89.9532 1.3857e+02  -64.57432  -65.34676 329.888132      99.95 3.8960e+02   2457.625      58984         22  0.000e+00
      4.879      4.831    -0.3447  27.987541    -0.3446  27.986084     8.2104     8.1253     1.0399    89.9532 1.3896e+02  -64.57432  -65.34676 329.888133      99.98 3.8960e+02   2457.667      58985         22  0.000e+00
      4.872      4.824    -0.3442  27.987887    -0.3448  27.986141     8.2189     8.1256     1.0399    89.9274 1.3896e+02  -64.57432  -65.34676 329.888133      99.98 3.8960e+02   2457.708      58986         22  0.000e+00
      4.879      4.831    -0.3442  27.988002    -0.3446  27.986253     8.2115     8.1257     1.0326    89.9532 1.3896e+02  -64.57432  -65.34676 329.888134      99.98 3.8960e+02   2457.750      58987         22  0.000e+00
      4.879      4.831    -0.3444  27.988002    -0.3446  27.986253     8.2111     8.1205     1.0399    89.9532 1.3896e+02  -64.57432  -65.34678 329.888134      99.93 3.8960e+02   2457.792      58988         22  0.000e+00
      4.872      4.824    -0.3444  27.988002    -0.3448  27.986253     8.2093     8.1261     1.0399    89.9532 1.3857e+02  -64.57432  -65.34678 329.888135      99.95 3.8960e+02   2457.833      58989         22  0.000e+00
      4.879      4.831    -0.3442  27.988002    -0.3447  27.986253     8.2075     8.1272     1.0399    89.9532 1.3857e+02  -64.57432  -65.34678 329.888135      99.98 3.8960e+02   2457.875      58990         22  0.000e+00
      4.879      4.831    -0.3444  27.987772    -0.3446  27.986422     8.2114     8.1219     1.0399    89.9532 1.3818e+02  -64.57432  -65.34678 329.888136      99.98 3.8960e+02   2457.917      58991         22  0.000e+00
      4.872      4.824    -0.3444  27.988060    -0.3447  27.986309     8.2107     8.1267     1.0399    89.9274 1.3779e+02  -64.57432  -65.34678 329.888136      99.98 3.8960e+02   2457.958      58992         22  0.000e+00
      4.879      4.831    -0.3442  27.987541    -0.3446  27.985859     8.2185     8.1214     1.0399    89.9532 1.3740e+02  -64.57432  -65.34678 329.888137      99.98 3.8960e+02   2458.000      58993         22  0.000e+00
      4.879      4.831    -0.3445  27.988002    -0.3446  27.986084     8.2218     8.1261     1.0399    89.9532 1.3701e+02  -64.57432  -65.34678 329.888137      99.98 3.8960e+02   2458.042      58994         22  0.000e+00
      4.920      4.872    -0.3442  27.988060    -0.3446  27.986253     8.2307     8.1217     1.0399    89.9532 1.3624e+02  -64.57432  -65.34678 329.888138      99.98 3.8960e+02   2458.083      58995         22  0.000e+00
      4.879      4.831    -0.3445  27.987656    -0.3446  27.986028     8.2223     8.1210     1.0326    89.9789 1.3547e+02  -64.57432  -65.34678 329.888138      99.93 3.8960e+02   2458.125      58996         22  0.000e+00
      4.879      4.831    -0.3444  27.988060    -0.3444  27.985803     8.2239     8.1203     1.0399    89.9532 1.3509e+02  -64.57432  -65.34678 329.888139      99.95 3.8960e+02   2458.167      58997         22  0.000e+00
      4.872      4.824    -0.3444  27.987714    -0.3447  27.985916     8.2199     8.1196     1.0399    89.9532 1.3433e+02  -64.57432  -65.34678 329.888139      99.98 3.8960e+02   2458.208      58998         22  0.000e+00
      4.934      4.885    -0.3445  27.987657    -0.3447  27.986141     8.2190     8.1189     1.0399    89.9532 1.3320e+02  -64.57432  -65.34678 329.888139      99.98 3.8960e+02   2458.250      58999         22  0.000e+00
      4.879      4.831    -0.3442  27.987887    -0.3447  27.986028     8.2166     8.1236     1.0399    89.9532 1.3244e+02  -64.57432  -65.34678 329.888140      99.95 3.8960e+02   2458.292      59000         22  0.000e+00
      4.920      4.872    -0.3444  27.987829    -0.3450  27.986366     8.2157     8.1184     1.0399    89.9532 1.3133e+02  -64.57432  -65.34678 329.888140      99.93 3.8960e+02   2458.333      59001         22  0.000e+00
      4.879      4.831    -0.3444  27.988117    -0.3448  27.986084     8.2146     8.1230     1.0399    89.9532 1.3059e+02  -64.57432  -65.34678 329.888141      99.95 3.8960e+02   2458.375      59002         22  0.000e+00
      4.879      4.831    -0.3444  27.988060    -0.3448  27.985972     8.2136     8.1231     1.0399    89.9532 1.2948e+02  -64.57432  -65.34678 329.888141      99.98 3.8960e+02   2458.417      59003         22  0.000e+00
      4.920      4.872    -0.3444  27.988002    -0.3447  27.986141     8.2185     8.1240     1.0399    89.9532 1.2839e+02  -64.57432  -65.34678 329.888142      99.98 3.8960e+02   2458.458      59004         22  0.000e+00
      4.879      4.831    -0.3444  27.988002    -0.3447  27.986253     8.2143     8.1186     1.0399    89.9532 1.2767e+02  -64.57432  -65.34678 329.888142      99.98 3.8960e+02   2458.500      59005         22  0.000e+00
      4.934      4.885    -0.3444  27.988175    -0.3450  27.986028     8.2076     8.1179     1.0399    89.9532 1.2695e+02  -64.57432  -65.34678 329.888143      99.98 3.8960e+02   2458.542      59006         22  0.000e+00
      4.920      4.872    -0.3444  27.987887    -0.3448  27.986366     8.2054     8.1170     1.0326    89.9532 1.2588e+02  -64.57432  -65.34678 329.888143      99.98 3.8960e+02   2458.583      59007         22  0.000e+00
      4.879      4.831    -0.3444  27.987944    -0.3446  27.986084     8.2031     8.1161     1.0399    89.9532 1.2517e+02  -64.57432  -65.34678 329.888144      99.95 3.8960e+02   2458.625      59008         22  0.000e+00
      4.934      4.885    -0.3444  27.987829    -0.3447  27.985972     8.2010     8.1163     1.0399    89.9532 1.2446e+02  -64.57432  -65.34678 329.888144      99.95 3.8960e+02   2458.667      59009         22  0.000e+00
      4.872      4.825    -0.3445  27.987714    -0.3446  27.986141     8.2003     8.1163     1.0399    89.9532 1.2341e+02  -64.57432  -65.34678 329.888145      99.98 3.8960e+02   2458.708      59010         22  0.000e+00
      4.934      4.886    -0.3442  27.987887    -0.3450  27.986422     8.1997     8.1165     1.0399    89.9532 1.2271e+02  -64.57432  -65.34678 329.888145      99.98 3.8960e+02   2458.750      59011         22  0.000e+00
      4.934      4.886    -0.3445  27.987829    -0.3448  27.986310     8.2107     8.1158     1.0399    89.9532 1.2237e+02  -64.57432  -65.34676 329.888146      99.95 3.8960e+02   2458.792      59012         22  0.000e+00
      4.872      4.825    -0.3445  27.987944    -0.3447  27.986253     8.2057     8.1204     1.0326    89.9274 1.2168e+02  -64.57432  -65.34676 329.888146      99.95 3.8960e+02   2458.833      59013         22  0.000e+00
      4.982      4.933    -0.3445  27.987772    -0.3447  27.986254     8.2066     8.1207     1.0399    89.8759 1.2099e+02  -64.57432  -65.34676 329.888147      99.98 3.8960e+02   2458.875      59014         23  0.000e+00
      4.934      4.886    -0.3447  27.987541    -0.3447  27.986253     8.2018     8.1153     1.0399    89.8759 1.2065e+02  -64.57432  -65.34676 329.888147      99.98 3.8960e+02   2458.917      59015         23  0.000e+00
      4.920      4.872    -0.3447  27.987887    -0.3448  27.986028     8.2058     8.1145     1.0399    89.8759 1.2031e+02  -64.57432  -65.34676 329.888148      99.98 3.8960e+02   2458.958      59016         23  0.000e+00
      4.934      4.886    -0.3445  27.987657    -0.3447  27.985803     8.2040     8.1137     1.0399    89.8759 1.1963e+02  -64.57432  -65.34676 329.888148      99.98 3.8960e+02   2459.000      59017         23  0.000e+00
      4.934      4.886    -0.3445  27.987887    -0.3447  27.986085     8.2035     8.1130     1.0399    89.8759 1.1929e+02  -64.57432  -65.34676 329.888149      99.98 3.8960e+02   2459.042      59018         23  0.000e+00
      4.920      4.872    -0.3447  27.988175    -0.3447  27.986253     8.2031     8.1122     1.0399    89.8759 1.1896e+02  -64.57432  -65.34676 329.888149      99.98 3.8960e+02   2459.083      59019         23  0.000e+00
      4.934      4.886    -0.3445  27.987714    -0.3447  27.986253     8.2027     8.1114     1.0399    89.8759 1.1862e+02  -64.57432  -65.34676 329.888150      99.93 3.8960e+02   2459.125      59020         23  0.000e+00
      4.982      4.933    -0.3450  27.987887    -0.3450  27.986422     8.2081     8.1116     1.0326    89.8759 1.1862e+02  -64.57432  -65.34676 329.888150      99.95 3.8960e+02   2459.167      59021         23  0.000e+00
      4.920      4.872    -0.3450  27.987599    -0.3447  27.985916     8.2075     8.1117     1.0399    89.8759 1.1862e+02  -64.57432  -65.34676 329.888151      99.98 3.8960e+02   2459.208      59022         23  0.000e+00
      4.934      4.886    -0.3448  27.987714    -0.3448  27.986085     8.2038     8.1118     1.0399    89.8759 1.1862e+02  -64.57432  -65.34676 329.888151      99.98 3.8960e+02   2459.250      59023         23  0.000e+00
      4.982      4.933    -0.3448  27.987714    -0.3450  27.986028     8.2047     8.1121     1.0399    89.8759 1.1862e+02  -64.57432  -65.34676 329.888152      99.95 3.8960e+02   2459.292      59024         23  0.000e+00
      4.920      4.872    -0.3448  27.987541    -0.3452  27.985972     8.2127     8.1124     1.0399    89.8759 1.1862e+02  -64.57432  -65.34676 329.888152      99.95 3.8960e+02   2459.333      59025         23  0.000e+00
      4.982      4.933    -0.3447  27.987657    -0.3454  27.985972     8.2092     8.1127     1.0399    89.8759 1.1896e+02  -64.57432  -65.34676 329.888152      99.98 3.8960e+02   2459.375      59026         23  0.000e+00
      4.982      4.933    -0.3450  27.987541    -0.3450  27.985972     8.2045     8.1130     1.0399    89.8759 1.1929e+02  -64.57432  -65.34676 329.888153      99.98 3.8960e+02   2459.417      59027         23  0.000e+00
      4.975      4.927    -0.3448  27.987484    -0.3453  27.985803     8.2029     8.1134     1.0399    89.8759 1.1963e+02  -64.57432  -65.34676 329.888153      99.98 3.8960e+02   2459.458      59028         23  0.000e+00
      4.982      4.933    -0.3447  27.987887    -0.3452  27.985916     8.1999     8.1138     1.0399    89.8759 1.2031e+02  -64.57432  -65.34676 329.888154      99.98 3.8960e+02   2459.500      59029         23  0.000e+00
