NBP2113_155081_ctd/data/nbp2113_012.cnv
* Sea-Bird SBE 9 Data File:
* FileName = D:\Data\raw\NBP2113_012.hex
* Software Version Seasave V 7.26.7.121
* Temperature SN = 2438
* Conductivity SN = 2067
* Number of Bytes Per Scan = 40
* Number of Voltage Words = 5
* Number of Scans Averaged by the Deck Unit = 1
* NMEA Latitude = 64 36.38 S
* NMEA Longitude = 068 17.17 W
* NMEA UTC (Time) = Nov 26 2021  18:58:06
* NMEA baud rate = 9600
** Ship: RVIB N.B. Palmer
** Cruise: NBP2113 LTER
** Station: 500.200
** Operator: S. Blackman
# nquan = 25
# nvalues = 5437                        
# units = specified
# name 0 = prDM: Pressure, Digiquartz [db]
# name 1 = depSM: Depth [salt water, m]
# name 2 = t090C: Temperature [ITS-90, deg C]
# name 3 = c0mS/cm: Conductivity [mS/cm]
# name 4 = t190C: Temperature, 2 [ITS-90, deg C]
# name 5 = c1mS/cm: Conductivity, 2 [mS/cm]
# name 6 = sbeox0ML/L: Oxygen, SBE 43 [ml/l]
# name 7 = sbeox1ML/L: Oxygen, SBE 43, 2 [ml/l]
# name 8 = flECO-AFL: Fluorescence, WET Labs ECO-AFL/FL [mg/m^3]
# name 9 = CStarTr0: Beam Transmission, WET Labs C-Star [%]
# name 10 = par: PAR/Irradiance, Biospherical/Licor
# name 11 = latitude: Latitude [deg]
# name 12 = longitude: Longitude [deg]
# name 13 = timeJ: Julian Days
# name 14 = altM: Altimeter [m]
# name 15 = spar: SPAR, Biospherical/Licor
# name 16 = timeS: Time, Elapsed [seconds]
# name 17 = scan: Scan Count
# name 18 = density00: Density [density, kg/m^3]
# name 19 = density11: Density, 2 [density, kg/m^3]
# name 20 = sal00: Salinity, Practical [PSU]
# name 21 = sal11: Salinity, Practical, 2 [PSU]
# name 22 = oxsolML/L: Oxygen Saturation, Garcia & Gordon [ml/l]
# name 23 = nbin: number of scans per bin
# name 24 = flag: flag
# span 0 =      1.000,   2721.000       
# span 1 =      0.990,   2677.080       
# span 2 =    -1.1602,     1.6798       
# span 3 =  27.419715,  30.390712       
# span 4 =    -1.1596,     1.6799       
# span 5 =  27.417266,  30.389742       
# span 6 =     4.0033,    10.1592       
# span 7 =     3.9771,    10.1780       
# span 8 =    -0.0265,     2.6151       
# span 9 =    92.5167,    97.9563       
# span 10 = 1.0000e-12, 1.0000e-12      
# span 11 =  -64.60656,  -64.60628      
# span 12 =  -68.28784,  -68.28560      
# span 13 = 330.793814, 330.877154      
# span 14 =      -0.50,     119.67      
# span 15 = 1.9921e+02, 2.3179e+03      
# span 16 =    299.527,   7500.111      
# span 17 =       7190,     180004      
# span 18 =  1027.3209,  1040.3969      
# span 19 =  1027.3198,  1040.3961      
# span 20 =    33.9865,    34.7266      
# span 21 =    33.9853,    34.7257      
# span 22 =    7.69066,    8.31225      
# span 23 =          8,         54      
# span 24 = 0.0000e+00, 0.0000e+00      
# interval = decibars: 1                
# start_time = Nov 26 2021 18:58:06 [NMEA time, header]
# bad_flag = -9.990e-29
*END*
[from data line 2725]
   2712.000   2668.283     0.4554  30.347001     0.4559  30.346641     4.6340     4.6682    -0.0114    97.7029 1.0000e-12  -64.60640  -68.28634 330.834949      16.04 6.7879e+02   3853.611      92488  1040.3565  1040.3557    34.7001    34.6991    7.93259         27 0.0000e+00
   2711.000   2667.304     0.4553  30.346451     0.4557  30.346208     4.6392     4.6617    -0.0022    97.7060 1.0000e-12  -64.60640  -68.28635 330.834960      16.93 6.7783e+02   3854.564      92511  1040.3520  1040.3513    34.7000    34.6993    7.93262         24 0.0000e+00
   2710.000   2666.326     0.4551  30.345877     0.4556  30.345616     4.6317     4.6635    -0.0063    97.6958 1.0000e-12  -64.60640  -68.28636 330.834973      17.99 6.7694e+02   3855.624      92536  1040.3475  1040.3468    34.7000    34.6991    7.93266         26 0.0000e+00
   2709.000   2665.348     0.4549  30.345437     0.4554  30.345175     4.6325     4.6637     0.0008    97.7173 1.0000e-12  -64.60640  -68.28637 330.834988      19.03 6.7834e+02   3856.929      92567  1040.3431  1040.3424    34.7001    34.6992    7.93269         34 0.0000e+00
   2708.000   2664.371     0.4548  30.344951     0.4553  30.344686     4.6309     4.6667    -0.0128    97.7188 1.0000e-12  -64.60640  -68.28636 330.835004      20.00 6.7872e+02   3858.312      92600  1040.3387  1040.3379    34.7001    34.6992    7.93272         31 0.0000e+00
   2707.000   2663.394     0.4547  30.344547     0.4552  30.344239     4.6427     4.6627    -0.0102    97.6919 1.0000e-12  -64.60640  -68.28636 330.835018      20.92 6.7871e+02   3859.555      92630  1040.3343  1040.3334    34.7002    34.6992    7.93274         30 0.0000e+00
   2706.000   2662.416     0.4546  30.344053     0.4551  30.343718     4.6375     4.6617    -0.0085    97.6973 1.0000e-12  -64.60640  -68.28635 330.835034      21.98 6.7928e+02   3860.943      92664  1040.3297  1040.3289    34.7001    34.6991    7.93275         36 0.0000e+00
   2705.000   2661.439     0.4546  30.343719     0.4552  30.343322     4.6314     4.6624    -0.0149    97.7066 1.0000e-12  -64.60640  -68.28636 330.835099      22.89 6.8805e+02   3866.536      92798  1040.3253  1040.3243    34.7002    34.6991    7.93275         25 0.0000e+00
   2704.000   2660.459     0.4545  30.343139     0.4550  30.342939     4.6288     4.6638    -0.0096    97.7037 1.0000e-12  -64.60640  -68.28636 330.835106      23.58 6.8936e+02   3867.182      92813  1040.3207  1040.3201    34.7000    34.6993    7.93277         18 0.0000e+00
   2703.000   2659.483     0.4545  30.342830     0.4551  30.342485     4.6273     4.6620    -0.0086    97.7038 1.0000e-12  -64.60640  -68.28637 330.835114      24.55 6.8929e+02   3867.855      92830  1040.3163  1040.3154    34.7001    34.6991    7.93277         16 0.0000e+00
   2702.000   2658.507     0.4545  30.342357     0.4549  30.342141     4.6286     4.6587    -0.0077    97.7038 1.0000e-12  -64.60640  -68.28638 330.835121      25.41 6.8929e+02   3868.482      92845  1040.3118  1040.3111    34.7000    34.6993    7.93278         15 0.0000e+00
   2701.000   2657.527     0.4544  30.341964     0.4550  30.341629     4.6260     4.6622    -0.0051    97.7038 1.0000e-12  -64.60640  -68.28640 330.835128      26.35 6.8929e+02   3869.097      92859  1040.3073  1040.3065    34.7001    34.6991    7.93279         14 0.0000e+00
   2700.000   2656.549     0.4543  30.341486     0.4548  30.341206     4.6337     4.6633    -0.0004    97.7038 1.0000e-12  -64.60640  -68.28640 330.835136      27.31 6.8929e+02   3869.730      92875  1040.3029  1040.3020    34.7001    34.6992    7.93281         16 0.0000e+00
   2699.000   2655.571     0.4543  30.340978     0.4547  30.340659     4.6400     4.6606    -0.0063    97.7038 1.0000e-12  -64.60640  -68.28640 330.835144      28.44 6.8929e+02   3870.409      92891  1040.2984  1040.2976    34.7000    34.6991    7.93283         17 0.0000e+00
   2698.000   2654.593     0.4541  30.340550     0.4546  30.340196     4.6423     4.6586    -0.0083    97.7038 1.0000e-12  -64.60640  -68.28640 330.835153      29.49 6.8929e+02   3871.203      92910  1040.2939  1040.2931    34.7001    34.6991    7.93285         22 0.0000e+00
   2697.000   2653.617     0.4541  30.340169     0.4546  30.339835     4.6334     4.6624    -0.0093    97.6951 1.0000e-12  -64.60640  -68.28638 330.835182      30.58 6.9088e+02   3873.747      92971  1040.2894  1040.2886    34.7001    34.6991    7.93285         28 0.0000e+00
   2696.000   2652.639     0.4542  30.339755     0.4547  30.339621     4.6249     4.6666    -0.0077    97.6892 1.0000e-12  -64.60640  -68.28638 330.835246      31.26 6.9625e+02   3879.261      93103  1040.2849  1040.2842    34.7000    34.6993    7.93285         14 0.0000e+00
   2695.000   2651.663     0.4542  30.339498     0.4547  30.339186     4.6265     4.6612    -0.0071    97.6931 1.0000e-12  -64.60640  -68.28639 330.835253      32.13 6.9634e+02   3879.894      93118  1040.2805  1040.2797    34.7002    34.6992    7.93284         12 0.0000e+00
   2694.000   2650.681     0.4541  30.338984     0.4546  30.338635     4.6242     4.6625    -0.0003    97.7039 1.0000e-12  -64.60640  -68.28640 330.835259      33.02 6.9703e+02   3880.423      93131  1040.2760  1040.2751    34.7001    34.6991    7.93286         13 0.0000e+00
   2693.000   2649.706     0.4541  30.338559     0.4545  30.338162     4.6275     4.6609    -0.0021    97.6936 1.0000e-12  -64.60640  -68.28640 330.835266      34.12 6.9813e+02   3880.975      93144  1040.2715  1040.2706    34.7001    34.6991    7.93287         13 0.0000e+00
   2692.000   2648.728     0.4539  30.337994     0.4545  30.337766     4.6376     4.6590    -0.0162    97.6869 1.0000e-12  -64.60640  -68.28640 330.835273      35.08 6.9810e+02   3881.549      93158  1040.2670  1040.2662    34.7000    34.6991    7.93290         14 0.0000e+00
   2691.000   2647.747     0.4538  30.337536     0.4542  30.337151     4.6373     4.6602    -0.0098    97.6978 1.0000e-12  -64.60640  -68.28640 330.835280      36.06 6.9810e+02   3882.172      93173  1040.2625  1040.2618    34.7000    34.6991    7.93292         17 0.0000e+00
   2690.000   2646.772     0.4535  30.336944     0.4540  30.336638     4.6365     4.6596    -0.0005    97.6783 1.0000e-12  -64.60640  -68.28640 330.835288      37.26 6.9810e+02   3882.910      93191  1040.2582  1040.2574    34.7001    34.6992    7.93298         19 0.0000e+00
   2689.000   2645.794     0.4537  30.336606     0.4541  30.336315     4.6342     4.6596    -0.0073    97.7087 1.0000e-12  -64.60640  -68.28640 330.835302      38.45 6.9711e+02   3884.132      93220  1040.2536  1040.2529    34.7000    34.6992    7.93296         33 0.0000e+00
   2688.000   2644.816     0.4532  30.335973     0.4538  30.335603     4.6386     4.6616    -0.0132    97.7036 1.0000e-12  -64.60640  -68.28638 330.835353      39.53 6.9742e+02   3888.485      93325  1040.2493  1040.2483    34.7001    34.6991    7.93304         33 0.0000e+00
   2687.000   2643.839     0.4534  30.335536     0.4538  30.335209     4.6322     4.6620    -0.0083    97.7038 1.0000e-12  -64.60640  -68.28638 330.835365      40.28 7.0325e+02   3889.560      93350  1040.2446  1040.2438    34.6999    34.6990    7.93302         23 0.0000e+00
   2686.000   2642.860     0.4531  30.335079     0.4537  30.334814     4.6477     4.6628    -0.0011    97.7038 1.0000e-12  -64.60640  -68.28639 330.835377      41.27 7.0555e+02   3890.533      93374  1040.2402  1040.2394    34.7001    34.6991    7.93306         25 0.0000e+00
   2685.000   2641.882     0.4531  30.334741     0.4536  30.334404     4.6421     4.6642    -0.0061    97.7038 1.0000e-12  -64.60640  -68.28640 330.835391      42.40 7.0712e+02   3891.757      93403  1040.2359  1040.2350    34.7002    34.6992    7.93306         33 0.0000e+00
   2684.000   2640.905     0.4530  30.334245     0.4535  30.333914     4.6347     4.6671    -0.0079    97.7038 1.0000e-12  -64.60640  -68.28640 330.835413      43.46 7.1003e+02   3893.644      93448  1040.2314  1040.2305    34.7002    34.6992    7.93309         36 0.0000e+00
   2683.000   2639.927     0.4529  30.333699     0.4535  30.333528     4.6273     4.6607    -0.0071    97.7038 1.0000e-12  -64.60640  -68.28641 330.835429      44.28 7.1226e+02   3895.037      93482  1040.2268  1040.2260    34.7000    34.6991    7.93311         27 0.0000e+00
   2682.000   2638.949     0.4527  30.333206     0.4532  30.332968     4.6451     4.6595    -0.0003    97.7169 1.0000e-12  -64.60640  -68.28644 330.835440      45.18 7.1220e+02   3895.996      93505  1040.2224  1040.2217    34.7001    34.6992    7.93314         20 0.0000e+00
   2681.000   2637.972     0.4527  30.332797     0.4532  30.332449     4.6400     4.6596    -0.0070    97.7297 1.0000e-12  -64.60640  -68.28644 330.835449      46.07 7.1361e+02   3896.800      93524  1040.2179  1040.2170    34.7001    34.6991    7.93315         19 0.0000e+00
   2680.000   2636.993     0.4526  30.332415     0.4532  30.332152     4.6256     4.6643    -0.0087    97.7296 1.0000e-12  -64.60640  -68.28644 330.835457      46.94 7.1397e+02   3897.505      93541  1040.2135  1040.2127    34.7001    34.6992    7.93316         15 0.0000e+00
   2679.000   2636.017     0.4527  30.332019     0.4531  30.331612     4.6268     4.6658    -0.0077    97.7296 1.0000e-12  -64.60640  -68.28644 330.835464      47.83 7.1397e+02   3898.137      93556  1040.2089  1040.2081    34.7000    34.6990    7.93314         15 0.0000e+00
   2678.000   2635.037     0.4526  30.331486     0.4531  30.331286     4.6425     4.6624    -0.0125    97.7296 1.0000e-12  -64.60640  -68.28643 330.835472      48.76 7.1537e+02   3898.744      93571  1040.2044  1040.2037    34.7000    34.6992    7.93318         15 0.0000e+00
   2677.000   2634.059     0.4525  30.331031     0.4530  30.330693     4.6508     4.6604    -0.0155    97.7296 1.0000e-12  -64.60640  -68.28642 330.835478      49.86 7.1572e+02   3899.344      93585  1040.1999  1040.1991    34.7000    34.6990    7.93319         14 0.0000e+00
   2676.000   2633.082     0.4525  30.330645     0.4530  30.330241     4.6429     4.6652    -0.0099    97.7237 1.0000e-12  -64.60640  -68.28640 330.835486      50.88 7.1688e+02   3900.006      93601  1040.1955  1040.1946    34.7000    34.6990    7.93320         18 0.0000e+00
   2675.000   2632.103     0.4523  30.330220     0.4529  30.329959     4.6373     4.6580    -0.0056    97.7033 1.0000e-12  -64.60640  -68.28640 330.835502      52.02 7.1817e+02   3901.383      93634  1040.1911  1040.1903    34.7001    34.6992    7.93322         22 0.0000e+00
   2674.000   2631.130     0.4528  30.330257     0.4532  30.329932     4.6354     4.6624    -0.0078    97.7038 1.0000e-12  -64.60640  -68.28644 330.835567      52.60 7.2135e+02   3906.963      93768  1040.1865  1040.1857    34.7001    34.6992    7.93312         11 0.0000e+00
   2673.000   2630.149     0.4528  30.329860     0.4533  30.329554     4.6388     4.6630    -0.0083    97.7038 1.0000e-12  -64.60640  -68.28644 330.835569      53.47 7.2271e+02   3907.144      93772  1040.1821  1040.1812    34.7002    34.6992    7.93313         11 0.0000e+00
   2672.000   2629.169     0.4527  30.329342     0.4531  30.328901     4.6419     4.6635    -0.0019    97.7038 1.0000e-12  -64.60640  -68.28644 330.835574      54.45 7.2340e+02   3907.614      93784  1040.1775  1040.1767    34.7001    34.6990    7.93315         11 0.0000e+00
   2671.000   2628.192     0.4526  30.328798     0.4530  30.328382     4.6401     4.6684    -0.0010    97.7038 1.0000e-12  -64.60640  -68.28644 330.835580      55.50 7.2455e+02   3908.108      93796  1040.1730  1040.1721    34.7000    34.6990    7.93318         12 0.0000e+00
   2670.000   2627.216     0.4524  30.328308     0.4528  30.327967     4.6404     4.6689    -0.0109    97.7038 1.0000e-12  -64.60641  -68.28644 330.835587      56.62 7.2454e+02   3908.685      93809  1040.1686  1040.1678    34.7001    34.6991    7.93321         16 0.0000e+00
   2669.000   2626.236     0.4523  30.327890     0.4528  30.327574     4.6417     4.6617    -0.0136    97.7038 1.0000e-12  -64.60642  -68.28644 330.835595      57.90 7.2454e+02   3909.448      93828  1040.1642  1040.1633    34.7001    34.6992    7.93323         23 0.0000e+00
   2668.000   2625.261     0.4522  30.327294     0.4526  30.326993     4.6434     4.6610    -0.0063    97.7038 1.0000e-12  -64.60642  -68.28644 330.835619      59.25 7.2401e+02   3911.499      93877  1040.1596  1040.1589    34.7000    34.6991    7.93326         30 0.0000e+00
   2667.000   2624.281     0.4519  30.326659     0.4524  30.326551     4.6440     4.6691    -0.0077    97.7209 1.0000e-12  -64.60642  -68.28644 330.835641      60.03 7.2019e+02   3913.396      93922  1040.1551  1040.1544    34.7000    34.6992    7.93332         25 0.0000e+00
   2666.000   2623.304     0.4519  30.326464     0.4525  30.326117     4.6444     4.6669    -0.0077    97.7055 1.0000e-12  -64.60642  -68.28644 330.835651      60.86 7.1956e+02   3914.229      93942  1040.1508  1040.1499    34.7002    34.6991    7.93330         19 0.0000e+00
   2665.000   2622.325     0.4520  30.326113     0.4523  30.325618     4.6406     4.6694    -0.0077    97.7297 1.0000e-12  -64.60642  -68.28644 330.835660      61.85 7.2165e+02   3915.004      93961  1040.1463  1040.1454    34.7002    34.6991    7.93329         17 0.0000e+00
   2664.000   2621.348     0.4519  30.325520     0.4523  30.325189     4.6394     4.6685    -0.0077    97.7283 1.0000e-12  -64.60642  -68.28644 330.835669      62.81 7.2376e+02   3915.774      93980  1040.1417  1040.1410    34.7000    34.6991    7.93332         20 0.0000e+00
   2663.000   2620.368     0.4517  30.324959     0.4522  30.324733     4.6420     4.6673    -0.0077    97.7296 1.0000e-12  -64.60642  -68.28644 330.835678      63.87 7.2452e+02   3916.605      94000  1040.1372  1040.1365    34.6999    34.6991    7.93336         21 0.0000e+00
   2662.000   2619.391     0.4517  30.324619     0.4522  30.324347     4.6381     4.6589    -0.0077    97.7296 1.0000e-12  -64.60642  -68.28644 330.835691      65.01 7.2570e+02   3917.675      94025  1040.1328  1040.1320    34.7000    34.6991    7.93336         32 0.0000e+00
   2661.000   2618.414     0.4515  30.324096     0.4519  30.323740     4.6418     4.6641    -0.0133    97.7296 1.0000e-12  -64.60642  -68.28644 330.835726      66.17 7.2628e+02   3920.731      94099  1040.1283  1040.1276    34.7001    34.6992    7.93339         31 0.0000e+00
   2660.000   2617.436     0.4515  30.323731     0.4519  30.323320     4.6498     4.6607    -0.0111    97.7296 1.0000e-12  -64.60642  -68.28646 330.835747      66.95 7.2672e+02   3922.575      94143  1040.1239  1040.1230    34.7001    34.6991    7.93340         26 0.0000e+00
   2659.000   2616.458     0.4514  30.323300     0.4518  30.322910     4.6316     4.6595    -0.0027    97.7296 1.0000e-12  -64.60643  -68.28647 330.835759      67.85 7.2768e+02   3923.570      94167  1040.1194  1040.1186    34.7001    34.6992    7.93341         22 0.0000e+00
   2658.000   2615.480     0.4516  30.322976     0.4520  30.322689     4.6396     4.6589    -0.0091    97.7296 1.0000e-12  -64.60644  -68.28648 330.835770      68.83 7.2807e+02   3924.489      94189  1040.1148  1040.1141    34.7000    34.6992    7.93338         22 0.0000e+00
   2657.000   2614.502     0.4516  30.322701     0.4521  30.322317     4.6414     4.6591    -0.0080    97.7333 1.0000e-12  -64.60644  -68.28648 330.835780      69.82 7.2765e+02   3925.386      94210  1040.1104  1040.1095    34.7001    34.6990    7.93337         21 0.0000e+00
   2656.000   2613.524     0.4515  30.322227     0.4520  30.321883     4.6444     4.6616    -0.0084    97.7361 1.0000e-12  -64.60644  -68.28648 330.835790      70.75 7.2629e+02   3926.242      94231  1040.1059  1040.1050    34.7001    34.6991    7.93338         20 0.0000e+00
