NBP2113_155081_ctd/data/nbp2113_068.ros
* Sea-Bird SBE 9 Data File:
* FileName = D:\Data\raw\NBP2113_068.hex
* Software Version Seasave V 7.26.7.121
* Temperature SN = 2438
* Conductivity SN = 2067
* Number of Bytes Per Scan = 40
* Number of Voltage Words = 5
* Number of Scans Averaged by the Deck Unit = 1
* NMEA Latitude = 63 34.55 S
* NMEA Longitude = 060 41.64 W
* NMEA UTC (Time) = Dec 15 2021  00:43:21
* NMEA baud rate = 9600
** Ship: RVIB N.B. Palmer
** Cruise: NBP2113 LTER
** Station: 831.-002
** Operator: S. Blackman
# nquan = 20
# nvalues = 1125                                  
# units = specified
# name 0 = prDM: Pressure, Digiquartz [db]
# name 1 = depSM: Depth [salt water, m]
# name 2 = t090C: Temperature [ITS-90, deg C]
# name 3 = c0mS/cm: Conductivity [mS/cm]
# name 4 = t190C: Temperature, 2 [ITS-90, deg C]
# name 5 = c1mS/cm: Conductivity, 2 [mS/cm]
# name 6 = sbeox0ML/L: Oxygen, SBE 43 [ml/l]
# name 7 = sbeox1ML/L: Oxygen, SBE 43, 2 [ml/l]
# name 8 = flECO-AFL: Fluorescence, WET Labs ECO-AFL/FL [mg/m^3]
# name 9 = CStarTr0: Beam Transmission, WET Labs C-Star [%]
# name 10 = par: PAR/Irradiance, Biospherical/Licor
# name 11 = latitude: Latitude [deg]
# name 12 = longitude: Longitude [deg]
# name 13 = timeJ: Julian Days
# name 14 = altM: Altimeter [m]
# name 15 = spar: SPAR, Biospherical/Licor
# name 16 = timeS: Time, Elapsed [seconds]
# name 17 = scan: Scan Count
# name 18 = nbf: Bottles Fired
# name 19 = flag:  0.000e+00
# interval = seconds: 0.0416667
# start_time = Dec 15 2021 00:43:21 [NMEA time, header]
# bad_flag = -9.990e-29
*END*
[from data line 507]
     65.137     64.495    -0.4084  28.201281    -0.4405  28.181412     7.3769     7.4653     0.4611    87.6357 1.0000e-12  -63.57534  -60.69394 349.054965      99.98 2.4680e+01   2147.958      51552         11  0.000e+00
     65.089     64.447    -0.4073  28.200183    -0.4414  28.180622     7.3773     7.4662     0.4611    87.6357 1.0000e-12  -63.57534  -60.69394 349.054965      99.98 2.4680e+01   2148.000      51553         11  0.000e+00
     65.089     64.447    -0.4096  28.199143    -0.4393  28.180791     7.3826     7.4658     0.4611    87.6615 1.0000e-12  -63.57534  -60.69394 349.054966      99.98 2.4680e+01   2148.042      51554         11  0.000e+00
     65.144     64.502    -0.4103  28.197814    -0.4325  28.180903     7.3891     7.4646     0.4685    87.6357 1.0000e-12  -63.57534  -60.69394 349.054966      99.98 2.4680e+01   2148.083      51555         11  0.000e+00
     65.089     64.447    -0.4146  28.197005    -0.4308  28.183442     7.3855     7.4648     0.4685    87.6357 1.0000e-12  -63.57534  -60.69394 349.054967      99.95 2.4680e+01   2148.125      51556         11  0.000e+00
     65.137     64.495    -0.4233  28.195677    -0.4265  28.184570     7.3828     7.4639     0.4611    87.6357 1.0000e-12  -63.57534  -60.69394 349.054967      99.95 2.4680e+01   2148.167      51557         11  0.000e+00
     65.137     64.495    -0.4264  28.193539    -0.4221  28.186432     7.3894     7.4637     0.4611    87.6615 1.0000e-12  -63.57534  -60.69394 349.054968      99.95 2.4680e+01   2148.208      51558         11  0.000e+00
     65.096     64.454    -0.4277  28.191921    -0.4221  28.190834     7.3897     7.4632     0.4611    87.6357 1.0000e-12  -63.57534  -60.69394 349.054968      99.98 2.4680e+01   2148.250      51559         11  0.000e+00
     65.137     64.495    -0.4304  28.190882    -0.4211  28.194897     7.3902     7.4570     0.4685    87.6615 1.0000e-12  -63.57534  -60.69394 349.054969      99.98 2.4680e+01   2148.292      51560         11  0.000e+00
     65.089     64.447    -0.4328  28.190073    -0.4159  28.194840     7.3976     7.4559     0.4685    87.6615 1.0000e-12  -63.57534  -60.69394 349.054969      99.93 2.4680e+01   2148.333      51561         11  0.000e+00
     65.137     64.495    -0.4338  28.188513    -0.4018  28.195968     7.3931     7.4524     0.4611    87.6357 1.0000e-12  -63.57534  -60.69394 349.054970      99.95 2.4680e+01   2148.375      51562         11  0.000e+00
     65.096     64.454    -0.4351  28.186318    -0.3920  28.202796     7.3827     7.4491     0.4685    87.6615 1.0000e-12  -63.57534  -60.69394 349.054970      99.98 2.4680e+01   2148.417      51563         11  0.000e+00
     65.137     64.495    -0.4368  28.186087    -0.3785  28.207537     7.3858     7.4455     0.4685    87.6357 1.0000e-12  -63.57534  -60.69394 349.054971      99.98 2.4680e+01   2148.458      51564         11  0.000e+00
     65.137     64.495    -0.4380  28.186607    -0.3707  28.217584     7.3972     7.4487     0.4685    87.6357 1.0000e-12  -63.57534  -60.69394 349.054971      99.98 2.4680e+01   2148.500      51565         11  0.000e+00
     65.137     64.495    -0.4374  28.186318    -0.3665  28.226843     7.3994     7.4472     0.4611    87.6615 1.0000e-12  -63.57534  -60.69394 349.054972      99.98 2.4680e+01   2148.542      51566         11  0.000e+00
     65.144     64.502    -0.4227  28.187645    -0.3642  28.230005     7.3916     7.4418     0.4758    87.6357 1.0000e-12  -63.57534  -60.69394 349.054972      99.98 2.4680e+01   2148.583      51567         11  0.000e+00
     65.192     64.549    -0.4067  28.195156    -0.3611  28.232207     7.3876     7.4465     0.5051    87.6357 1.0000e-12  -63.57534  -60.69394 349.054973      99.95 2.4680e+01   2148.625      51568         11  0.000e+00
     65.089     64.448    -0.3921  28.205556    -0.3580  28.233957     7.3790     7.4410     0.5198    87.6357 1.0000e-12  -63.57534  -60.69394 349.054973      99.95 2.4680e+01   2148.667      51569         11  0.000e+00
     65.192     64.549    -0.3794  28.213010    -0.3568  28.236103     7.3813     7.4452     0.5198    87.6100 1.0000e-12  -63.57534  -60.69394 349.054973      99.98 2.4680e+01   2148.708      51570         11  0.000e+00
     65.144     64.502    -0.3706  28.219136    -0.3567  28.237684     7.3784     7.4457     0.5198    87.5842 1.0000e-12  -63.57534  -60.69394 349.054974      99.98 2.4680e+01   2148.750      51571         11  0.000e+00
     65.192     64.549    -0.3685  28.225147    -0.3555  28.237288     7.3766     7.4454     0.5124    87.5842 1.0000e-12  -63.57534  -60.69394 349.054974      99.95 2.4680e+01   2148.792      51572         11  0.000e+00
     65.192     64.549    -0.3697  28.229020    -0.3545  28.237966     7.3826     7.4450     0.5124    87.5842 1.0000e-12  -63.57534  -60.69394 349.054975      99.93 2.4680e+01   2148.833      51573         11  0.000e+00
     65.137     64.495    -0.3672  28.230350    -0.3541  28.238982     7.3834     7.4445     0.5124    87.5842 1.0000e-12  -63.57534  -60.69394 349.054975      99.95 2.4680e+01   2148.875      51574         11  0.000e+00
     65.192     64.550    -0.3662  28.230234    -0.3537  28.238982     7.3847     7.4442     0.5124    87.5842 1.0000e-12  -63.57534  -60.69394 349.054976      99.98 2.4680e+01   2148.917      51575         11  0.000e+00
     65.192     64.550    -0.3656  28.232257    -0.3533  28.238869     7.3785     7.4438     0.5124    87.5842 1.0000e-12  -63.57534  -60.69394 349.054976      99.98 2.4680e+01   2148.958      51576         11  0.000e+00
     65.192     64.550    -0.3628  28.233067    -0.3536  28.239547     7.3791     7.4435     0.5124    87.5842 1.0000e-12  -63.57534  -60.69394 349.054977      99.98 2.4680e+01   2149.000      51577         11  0.000e+00
     65.240     64.597    -0.3609  28.234223    -0.3540  28.239547     7.3843     7.4432     0.5124    87.6100 1.0000e-12  -63.57534  -60.69394 349.054977      99.98 2.4680e+01   2149.042      51578         11  0.000e+00
     65.192     64.550    -0.3600  28.235957    -0.3549  28.239829     7.3676     7.4438     0.5124    87.5842 1.0000e-12  -63.57534  -60.69394 349.054978      99.98 2.4680e+01   2149.083      51579         11  0.000e+00
     65.240     64.597    -0.3606  28.236246    -0.3551  28.239152     7.3692     7.4435     0.5124    87.5842 1.0000e-12  -63.57534  -60.69394 349.054978      99.95 2.4680e+01   2149.125      51580         11  0.000e+00
     65.240     64.597    -0.3605  28.236073    -0.3550  28.238757     7.3747     7.4439     0.5124    87.5842 1.0000e-12  -63.57534  -60.69394 349.054979      99.95 2.4680e+01   2149.167      51581         11  0.000e+00
     65.240     64.597    -0.3582  28.236535    -0.3551  28.238982     7.3797     7.4434     0.5124    87.5842 1.0000e-12  -63.57534  -60.69394 349.054979      99.95 2.4680e+01   2149.208      51582         11  0.000e+00
     65.295     64.651    -0.3560  28.237576    -0.3557  28.238983     7.3744     7.4431     0.5124    87.5842 1.0000e-12  -63.57534  -60.69394 349.054980      99.98 2.4680e+01   2149.250      51583         11  0.000e+00
     65.852     65.203    -0.3837  28.221856    -0.3731  28.225773     7.4163     7.4864     0.7322    87.1722 1.0000e-12  -63.57536  -60.69392 349.055017      99.98 2.4680e+01   2152.458      51660         12  0.000e+00
     65.804     65.155    -0.3816  28.222376    -0.3717  28.228257     7.4164     7.4853     0.7322    87.1722 1.0000e-12  -63.57536  -60.69392 349.055017      99.98 2.4680e+01   2152.500      51661         12  0.000e+00
     65.852     65.203    -0.3824  28.223185    -0.3717  28.228709     7.4157     7.4853     0.7249    87.1722 1.0000e-12  -63.57536  -60.69392 349.055018      99.98 2.4680e+01   2152.542      51662         12  0.000e+00
     65.749     65.101    -0.3828  28.223300    -0.3720  28.228708     7.4232     7.4853     0.7249    87.1722 1.0000e-12  -63.57536  -60.69392 349.055018      99.98 2.4680e+01   2152.583      51663         12  0.000e+00
     65.852     65.203    -0.3889  28.221047    -0.3752  28.228427     7.4203     7.4859     0.7249    87.1722 1.0000e-12  -63.57536  -60.69392 349.055019      99.95 2.4680e+01   2152.625      51664         12  0.000e+00
     65.859     65.210    -0.3936  28.217810    -0.3813  28.225886     7.4214     7.4870     0.7249    87.1722 1.0000e-12  -63.57536  -60.69392 349.055019      99.95 2.4680e+01   2152.667      51665         12  0.000e+00
     65.804     65.155    -0.3965  28.213476    -0.3864  28.222104     7.4208     7.4879     0.7322    87.1722 1.0000e-12  -63.57536  -60.69392 349.055020      99.98 2.4680e+01   2152.708      51666         12  0.000e+00
     65.907     65.257    -0.3988  28.212205    -0.3901  28.218153     7.4168     7.4886     0.7249    87.1722 1.0000e-12  -63.57536  -60.69392 349.055020      99.98 2.4680e+01   2152.750      51667         12  0.000e+00
     65.749     65.101    -0.3930  28.210643    -0.3915  28.215781     7.4258     7.4885     0.7249    87.1722 1.0000e-12  -63.57536  -60.69392 349.055021      99.98 2.4680e+01   2152.792      51668         12  0.000e+00
     65.859     65.210    -0.3852  28.212723    -0.3841  28.214144     7.4255     7.4870     0.7322    87.1722 1.0000e-12  -63.57536  -60.69392 349.055021      99.95 2.4680e+01   2152.833      51669         12  0.000e+00
     65.852     65.203    -0.3802  28.218272    -0.3774  28.217587     7.4178     7.4851     0.7249    87.1722 1.0000e-12  -63.57536  -60.69392 349.055022      99.95 2.4680e+01   2152.875      51670         12  0.000e+00
     65.804     65.155    -0.3784  28.223184    -0.3748  28.224192     7.4150     7.4836     0.7249    86.9920 1.0000e-12  -63.57536  -60.69392 349.055022      99.98 2.4680e+01   2152.917      51671         12  0.000e+00
     65.852     65.203    -0.3815  28.226075    -0.3740  28.226902     7.4218     7.4826     0.7322    86.8375 1.0000e-12  -63.57536  -60.69392 349.055023      99.98 2.4680e+01   2152.958      51672         12  0.000e+00
     65.852     65.203    -0.3855  28.224746    -0.3752  28.227636     7.4244     7.4821     0.7615    86.8117 1.0000e-12  -63.57536  -60.69392 349.055023      99.98 2.4680e+01   2153.000      51673         12  0.000e+00
     65.859     65.210    -0.3890  28.221162    -0.3780  28.226564     7.4197     7.4819     0.7835    86.8117 1.0000e-12  -63.57536  -60.69392 349.055024      99.98 2.4680e+01   2153.042      51674         12  0.000e+00
     65.852     65.203    -0.3906  28.218619    -0.3798  28.225039     7.4190     7.4823     0.7835    86.8375 1.0000e-12  -63.57536  -60.69392 349.055024      99.98 2.4680e+01   2153.083      51675         12  0.000e+00
     65.852     65.203    -0.3903  28.217290    -0.3798  28.223176     7.4249     7.4824     0.7835    86.8375 1.0000e-12  -63.57536  -60.69392 349.055025      99.95 2.4680e+01   2153.125      51676         12  0.000e+00
     65.852     65.203    -0.3897  28.216943    -0.3783  28.222894     7.4248     7.4822     0.7835    86.8375 1.0000e-12  -63.57536  -60.69392 349.055025      99.95 2.4680e+01   2153.167      51677         12  0.000e+00
     65.907     65.257    -0.3901  28.217290    -0.3782  28.223402     7.4189     7.4821     0.7762    86.8375 1.0000e-12  -63.57536  -60.69392 349.055026      99.98 2.4680e+01   2153.208      51678         12  0.000e+00
     65.852     65.203    -0.3906  28.217579    -0.3835  28.225322     7.4158     7.4827     0.7762    86.8375 1.0000e-12  -63.57536  -60.69392 349.055026      99.98 2.4680e+01   2153.250      51679         12  0.000e+00
     65.852     65.203    -0.3909  28.217579    -0.3851  28.222104     7.4198     7.4831     0.7762    86.8375 1.0000e-12  -63.57536  -60.69392 349.055027      99.98 2.4680e+01   2153.292      51680         12  0.000e+00
     65.907     65.257    -0.3908  28.217174    -0.3865  28.218943     7.4192     7.4825     0.7762    86.8117 1.0000e-12  -63.57536  -60.69392 349.055027      99.93 2.4680e+01   2153.333      51681         12  0.000e+00
     65.859     65.210    -0.3918  28.216770    -0.3926  28.218943     7.4185     7.4824     0.7762    86.8375 1.0000e-12  -63.57536  -60.69392 349.055027      99.95 2.4680e+01   2153.375      51682         12  0.000e+00
     65.907     65.257    -0.3951  28.217001    -0.3968  28.216573     7.4123     7.4830     0.7762    86.8117 1.0000e-12  -63.57536  -60.69392 349.055028      99.98 2.4680e+01   2153.417      51683         12  0.000e+00
     65.853     65.203    -0.3963  28.214632    -0.4000  28.212565     7.4173     7.4834     0.7762    86.8375 1.0000e-12  -63.57536  -60.69392 349.055028      99.98 2.4680e+01   2153.458      51684         12  0.000e+00
     65.907     65.258    -0.4013  28.213187    -0.4017  28.210758     7.4185     7.4835     0.7762    86.8375 1.0000e-12  -63.57536  -60.69392 349.055029      99.98 2.4680e+01   2153.500      51685         12  0.000e+00
     65.907     65.258    -0.4045  28.212494    -0.4034  28.208896     7.4192     7.4835     0.7762    86.8375 1.0000e-12  -63.57536  -60.69392 349.055029      99.98 2.4680e+01   2153.542      51686         12  0.000e+00
     65.962     65.312    -0.4037  28.210067    -0.4046  28.208106     7.4120     7.4888     0.7835    86.8375 1.0000e-12  -63.57536  -60.69392 349.055030      99.98 2.4680e+01   2153.583      51687         12  0.000e+00
     65.907     65.258    -0.4057  28.208506    -0.4046  28.207315     7.4225     7.4892     0.7762    86.8117 1.0000e-12  -63.57536  -60.69392 349.055030      99.95 2.4680e+01   2153.625      51688         12  0.000e+00
     65.907     65.258    -0.4084  28.207640    -0.4043  28.205961     7.4182     7.4894     0.7762    86.8375 1.0000e-12  -63.57536  -60.69392 349.055031      99.95 2.4680e+01   2153.667      51689         12  0.000e+00
     65.907     65.258    -0.4066  28.206079    -0.4015  28.207033     7.4176     7.4891     0.7762    86.8117 1.0000e-12  -63.57536  -60.69392 349.055031      99.98 2.4680e+01   2153.708      51690         12  0.000e+00
     65.962     65.312    -0.4003  28.206079    -0.3990  28.208896     7.4102     7.4887     0.7762    86.8117 1.0000e-12  -63.57536  -60.69392 349.055032      99.98 2.4680e+01   2153.750      51691         12  0.000e+00
     65.908     65.258    -0.3974  28.208506    -0.3959  28.210476     7.4191     7.4880     0.7835    86.7860 1.0000e-12  -63.57536  -60.69392 349.055032      99.98 2.4680e+01   2153.792      51692         12  0.000e+00
     66.003     65.353    -0.4027  28.213477    -0.3896  28.211774     7.4159     7.4869     0.7762    86.7860 1.0000e-12  -63.57536  -60.69392 349.055033      99.93 2.4680e+01   2153.833      51693         12  0.000e+00
     65.956     65.305    -0.4079  28.211165    -0.3850  28.216007     7.4161     7.4856     0.7835    86.7860 1.0000e-12  -63.57536  -60.69392 349.055033      99.95 2.4680e+01   2153.875      51694         12  0.000e+00
     65.956     65.305    -0.4123  28.206080    -0.3845  28.219733     7.4162     7.4851     0.7762    86.7860 1.0000e-12  -63.57536  -60.69392 349.055034      99.98 2.4680e+01   2153.917      51695         12  0.000e+00
     65.908     65.258    -0.4142  28.202901    -0.3868  28.221032     7.4229     7.4805     0.7835    86.7860 1.0000e-12  -63.57536  -60.69392 349.055034      99.98 2.4680e+01   2153.958      51696         12  0.000e+00
     66.004     65.353    -0.4143  28.201515    -0.3930  28.218944     7.4175     7.4871     0.7762    86.7860 1.0000e-12  -63.57536  -60.69392 349.055035      99.98 2.4680e+01   2154.000      51697         12  0.000e+00
     66.058     65.407    -0.4140  28.201515    -0.4010  28.216065     7.4162     7.4894     0.7835    86.7860 1.0000e-12  -63.57536  -60.69392 349.055035      99.98 2.4680e+01   2154.042      51698         12  0.000e+00
     65.956     65.305    -0.4145  28.201515    -0.4075  28.210759     7.4147     7.4904     0.7762    86.7860 1.0000e-12  -63.57536  -60.69392 349.055036      99.98 2.4680e+01   2154.083      51699         12  0.000e+00
