NBP2113_155081_ctd/data/nbp2113_055.ros
* Sea-Bird SBE 9 Data File:
* FileName = D:\Data\raw\NBP2113_055.hex
* Software Version Seasave V 7.26.7.121
* Temperature SN = 2438
* Conductivity SN = 2067
* Number of Bytes Per Scan = 40
* Number of Voltage Words = 5
* Number of Scans Averaged by the Deck Unit = 1
* NMEA Latitude = 64 51.63 S
* NMEA Longitude = 064 56.94 W
* NMEA UTC (Time) = Dec 11 2021  21:26:08
* NMEA baud rate = 9600
** Ship: RVIB N.B. Palmer
** Cruise: NBP2113 LTER
** Station: 589.065
** Operator: S. Blackman
# nquan = 20
# nvalues = 490                                   
# units = specified
# name 0 = prDM: Pressure, Digiquartz [db]
# name 1 = depSM: Depth [salt water, m]
# name 2 = t090C: Temperature [ITS-90, deg C]
# name 3 = c0mS/cm: Conductivity [mS/cm]
# name 4 = t190C: Temperature, 2 [ITS-90, deg C]
# name 5 = c1mS/cm: Conductivity, 2 [mS/cm]
# name 6 = sbeox0ML/L: Oxygen, SBE 43 [ml/l]
# name 7 = sbeox1ML/L: Oxygen, SBE 43, 2 [ml/l]
# name 8 = flECO-AFL: Fluorescence, WET Labs ECO-AFL/FL [mg/m^3]
# name 9 = CStarTr0: Beam Transmission, WET Labs C-Star [%]
# name 10 = par: PAR/Irradiance, Biospherical/Licor
# name 11 = latitude: Latitude [deg]
# name 12 = longitude: Longitude [deg]
# name 13 = timeJ: Julian Days
# name 14 = altM: Altimeter [m]
# name 15 = spar: SPAR, Biospherical/Licor
# name 16 = timeS: Time, Elapsed [seconds]
# name 17 = scan: Scan Count
# name 18 = nbf: Bottles Fired
# name 19 = flag:  0.000e+00
# interval = seconds: 0.0416667
# start_time = Dec 11 2021 21:26:08 [NMEA time, header]
# bad_flag = -9.990e-29
*END*
[from data line 73]
    445.214    440.380     1.4636  30.262072     1.4635  30.260430     4.1028     4.1491    -0.0150    91.2922 1.0000e-12  -64.86062  -64.94862 345.904703      10.55 1.9215e+02    998.375      23962          2  0.000e+00
    445.193    440.360     1.4633  30.261538     1.4630  30.260141     4.0981     4.1495    -0.0150    91.2922 1.0000e-12  -64.86062  -64.94862 345.904704      10.55 1.9215e+02    998.417      23963          2  0.000e+00
    445.249    440.414     1.4636  30.261835     1.4631  30.260199     4.0964     4.1499    -0.0150    91.2922 1.0000e-12  -64.86062  -64.94862 345.904704      10.55 1.9215e+02    998.458      23964          2  0.000e+00
    445.214    440.380     1.4635  30.261538     1.4635  30.260430     4.0947     4.1502    -0.0150    91.2922 1.0000e-12  -64.86062  -64.94862 345.904705      10.55 1.9215e+02    998.500      23965          2  0.000e+00
    445.297    440.462     1.4635  30.262072     1.4631  30.260431     4.0988     4.1452    -0.0077    91.2922 1.0000e-12  -64.86062  -64.94862 345.904705      10.45 1.9215e+02    998.542      23966          2  0.000e+00
    445.166    440.332     1.4635  30.261241     1.4633  30.260140     4.0938     4.1501    -0.0150    91.2922 1.0000e-12  -64.86062  -64.94862 345.904706      10.35 1.9215e+02    998.583      23967          2  0.000e+00
    445.400    440.564     1.4633  30.261539     1.4631  30.260431     4.0934     4.1497    -0.0150    91.2922 1.0000e-12  -64.86062  -64.94862 345.904706      10.33 1.9215e+02    998.625      23968          2  0.000e+00
    445.297    440.462     1.4631  30.262072     1.4633  30.260720     4.0986     4.1500    -0.0150    91.2922 1.0000e-12  -64.86062  -64.94862 345.904707      10.33 1.9215e+02    998.667      23969          2  0.000e+00
    445.318    440.482     1.4635  30.261538     1.4635  30.260199     4.0950     4.1495    -0.0077    91.2922 1.0000e-12  -64.86062  -64.94862 345.904707      10.35 1.9215e+02    998.708      23970          2  0.000e+00
    445.352    440.516     1.4633  30.261538     1.4630  30.260141     4.1003     4.1444     0.0143    91.2922 1.0000e-12  -64.86062  -64.94862 345.904708      10.35 1.9215e+02    998.750      23971          2  0.000e+00
    445.352    440.516     1.4635  30.261538     1.4631  30.260431     4.0939     4.1439     0.0143    91.2922 1.0000e-12  -64.86062  -64.94862 345.904708      10.33 1.9215e+02    998.792      23972          2  0.000e+00
    445.366    440.530     1.4635  30.261538     1.4635  30.260141     4.0947     4.1489     0.0143    91.2922 1.0000e-12  -64.86062  -64.94862 345.904709      10.35 1.9215e+02    998.833      23973          2  0.000e+00
    445.400    440.564     1.4635  30.261835     1.4633  30.260431     4.0942     4.1439     0.0143    91.2664 1.0000e-12  -64.86062  -64.94862 345.904709      10.33 1.9215e+02    998.875      23974          2  0.000e+00
    445.456    440.619     1.4633  30.261835     1.4631  30.260431     4.0937     4.1489     0.0143    91.2922 1.0000e-12  -64.86062  -64.94862 345.904710      10.35 1.9215e+02    998.917      23975          2  0.000e+00
    445.421    440.585     1.4635  30.262073     1.4633  30.260431     4.0988     4.1493     0.0143    91.2922 1.0000e-12  -64.86062  -64.94862 345.904710      10.35 1.9215e+02    998.958      23976          2  0.000e+00
    445.400    440.564     1.4632  30.261835     1.4633  30.260431     4.0952     4.1497     0.0143    91.2922 1.0000e-12  -64.86062  -64.94862 345.904711      10.33 1.9215e+02    999.000      23977          2  0.000e+00
    445.504    440.666     1.4633  30.261539     1.4635  30.260431     4.0947     4.1448     0.0143    91.2922 1.0000e-12  -64.86062  -64.94862 345.904711      10.28 1.9215e+02    999.042      23978          2  0.000e+00
    445.469    440.632     1.4638  30.261954     1.4630  30.260431     4.0883     4.1498     0.0143    91.2922 1.0000e-12  -64.86062  -64.94862 345.904712      10.18 1.9215e+02    999.083      23979          2  0.000e+00
    445.504    440.666     1.4633  30.261242     1.4633  30.260721     4.0937     4.1503     0.0143    91.2922 1.0000e-12  -64.86062  -64.94862 345.904712      10.16 1.9215e+02    999.125      23980          2  0.000e+00
    445.504    440.666     1.4636  30.262073     1.4633  30.260431     4.0932     4.1499     0.0143    91.2922 1.0000e-12  -64.86062  -64.94862 345.904713      10.16 1.9215e+02    999.167      23981          2  0.000e+00
    445.573    440.735     1.4633  30.261539     1.4635  30.260200     4.0929     4.1494     0.0143    91.2922 1.0000e-12  -64.86062  -64.94862 345.904713      10.16 1.9215e+02    999.208      23982          2  0.000e+00
    445.559    440.721     1.4635  30.262073     1.4633  30.260431     4.0910     4.1435     0.0143    91.2922 1.0000e-12  -64.86062  -64.94862 345.904714      10.16 1.9215e+02    999.250      23983          2  0.000e+00
    445.559    440.721     1.4636  30.261539     1.4633  30.260721     4.0919     4.1430     0.0143    91.2922 1.0000e-12  -64.86062  -64.94862 345.904714      10.16 1.9215e+02    999.292      23984          2  0.000e+00
    445.628    440.789     1.4635  30.262073     1.4635  30.260432     4.0915     4.1481     0.0143    91.2922 1.0000e-12  -64.86062  -64.94862 345.904715      10.13 1.9215e+02    999.333      23985          2  0.000e+00
    445.607    440.769     1.4635  30.262073     1.4630  30.260432     4.0910     4.1476     0.0069    91.2922 1.0000e-12  -64.86062  -64.94862 345.904715      10.16 1.9215e+02    999.375      23986          2  0.000e+00
    152.641    151.090     0.9782  29.606962     0.9680  29.602505     4.7711     4.7849    -0.0150    91.6784 1.0000e-12  -64.86066  -64.94842 345.909237      99.95 2.3270e+02   1390.042      33362          3  0.000e+00
    152.792    151.240     0.9820  29.607845     0.9661  29.601471     4.7708     4.7891    -0.0150    91.6527 1.0000e-12  -64.86066  -64.94842 345.909237      99.98 2.3270e+02   1390.083      33363          3  0.000e+00
    152.703    151.151     0.9841  29.611434     0.9669  29.598654     4.7647     4.7832    -0.0150    91.6527 1.0000e-12  -64.86066  -64.94842 345.909238      99.98 2.3270e+02   1390.125      33364          3  0.000e+00
    152.792    151.240     0.9836  29.615024     0.9663  29.596815     4.7675     4.7819    -0.0150    91.6784 1.0000e-12  -64.86066  -64.94842 345.909238      99.98 2.3270e+02   1390.167      33365          3  0.000e+00
    152.792    151.240     0.9795  29.616378     0.9683  29.596470     4.7676     4.7810    -0.0150    91.6784 1.0000e-12  -64.86066  -64.94842 345.909239      99.98 2.3270e+02   1390.208      33366          3  0.000e+00
    152.737    151.185     0.9757  29.614201     0.9671  29.597562     4.7676     4.7803    -0.0150    91.6784 1.0000e-12  -64.86066  -64.94842 345.909239      99.98 2.3270e+02   1390.250      33367          3  0.000e+00
    152.854    151.301     0.9742  29.610023     0.9666  29.598482     4.7675     4.7795    -0.0150    91.6527 1.0000e-12  -64.86066  -64.94842 345.909239      99.95 2.3270e+02   1390.292      33368          3  0.000e+00
    152.792    151.240     0.9721  29.606728     0.9666  29.597045     4.7659     4.7787    -0.0150    91.6527 1.0000e-12  -64.86066  -64.94842 345.909240      99.95 2.3270e+02   1390.333      33369          3  0.000e+00
    152.840    151.287     0.9710  29.605905     0.9657  29.597850     4.7653     4.7727    -0.0150    91.6269 1.0000e-12  -64.86066  -64.94842 345.909240      99.98 2.3270e+02   1390.375      33370          3  0.000e+00
    152.840    151.287     0.9708  29.604022     0.9659  29.597620     4.7589     4.7763    -0.0224    91.6269 1.0000e-12  -64.86066  -64.94842 345.909241      99.98 2.3270e+02   1390.417      33371          3  0.000e+00
    152.854    151.301     0.9709  29.604198     0.9644  29.597046     4.7567     4.7703    -0.0150    91.6269 1.0000e-12  -64.86066  -64.94842 345.909241      99.98 2.3270e+02   1390.458      33372          3  0.000e+00
    152.840    151.287     0.9705  29.604198     0.9634  29.597850     4.7532     4.7687    -0.0150    91.6269 1.0000e-12  -64.86066  -64.94842 345.909242      99.95 2.3270e+02   1390.500      33373          3  0.000e+00
    152.840    151.287     0.9681  29.602021     0.9621  29.595437     4.7512     4.7672    -0.0150    91.6269 1.0000e-12  -64.86066  -64.94842 345.909242      99.95 2.3270e+02   1390.542      33374          3  0.000e+00
    152.840    151.287     0.9655  29.599550     0.9621  29.593483     4.7492     4.7717    -0.0150    91.6269 1.0000e-12  -64.86066  -64.94842 345.909243      99.98 2.3270e+02   1390.583      33375          3  0.000e+00
    152.854    151.301     0.9651  29.597609     0.9660  29.592965     4.7525     4.7712    -0.0150    91.6269 1.0000e-12  -64.86066  -64.94842 345.909243      99.98 2.3270e+02   1390.625      33376          3  0.000e+00
    152.895    151.341     0.9631  29.597315     0.9677  29.595666     4.7458     4.7656    -0.0150    91.6269 1.0000e-12  -64.86066  -64.94842 345.909244      99.98 2.3270e+02   1390.667      33377          3  0.000e+00
    152.895    151.342     0.9609  29.597668     0.9666  29.599517     4.7448     4.7648    -0.0150    91.6269 1.0000e-12  -64.86066  -64.94842 345.909244      99.98 2.3270e+02   1390.708      33378          3  0.000e+00
    152.840    151.287     0.9604  29.597845     0.9666  29.600092     4.7366     4.7639    -0.0224    91.6269 1.0000e-12  -64.86066  -64.94842 345.909245      99.98 2.3270e+02   1390.750      33379          3  0.000e+00
    152.909    151.355     0.9600  29.596197     0.9668  29.599747     4.7385     4.7632    -0.0224    91.6269 1.0000e-12  -64.86066  -64.94842 345.909245      99.98 2.3270e+02   1390.792      33380          3  0.000e+00
    152.840    151.287     0.9623  29.593726     0.9681  29.599517     4.7313     4.7623    -0.0224    91.6269 1.0000e-12  -64.86066  -64.94842 345.909246      99.95 2.3270e+02   1390.833      33381          3  0.000e+00
    152.895    151.342     0.9626  29.593432     0.9699  29.601471     4.7288     4.7613    -0.0224    91.6269 1.0000e-12  -64.86066  -64.94842 345.909246      99.98 2.3270e+02   1390.875      33382          3  0.000e+00
    152.840    151.287     0.9586  29.592314     0.9729  29.603597     4.7212     4.7549    -0.0224    91.6269 1.0000e-12  -64.86066  -64.94842 345.909247      99.98 2.3270e+02   1390.917      33383          3  0.000e+00
    152.909    151.355     0.9604  29.591255     0.9758  29.604172     4.7217     4.7533    -0.0224    91.6269 1.0000e-12  -64.86066  -64.94842 345.909247      99.98 2.3270e+02   1390.958      33384          3  0.000e+00
    152.840    151.287     0.9633  29.591784     0.9778  29.605896     4.7189     4.7516    -0.0224    91.6269 1.0000e-12  -64.86066  -64.94842 345.909248      99.93 2.3270e+02   1391.000      33385          3  0.000e+00
    152.840    151.287     0.9629  29.592079     0.9764  29.607736     4.7110     4.7504    -0.0224    91.6269 1.0000e-12  -64.86066  -64.94842 345.909248      99.95 2.3270e+02   1391.042      33386          3  0.000e+00
    152.895    151.342     0.9630  29.592432     0.9763  29.607448     4.7131     4.7493    -0.0224    91.6269 1.0000e-12  -64.86066  -64.94842 345.909249      99.98 2.3270e+02   1391.083      33387          3  0.000e+00
    152.854    151.301     0.9635  29.593432     0.9756  29.607793     4.7053     4.7482    -0.0224    91.6269 1.0000e-12  -64.86066  -64.94842 345.909249      99.98 2.3270e+02   1391.125      33388          3  0.000e+00
    152.840    151.287     0.9643  29.595373     0.9754  29.608828     4.7030     4.7471    -0.0224    91.6527 1.0000e-12  -64.86066  -64.94842 345.909250      99.98 2.3270e+02   1391.167      33389          3  0.000e+00
    152.840    151.287     0.9647  29.597609     0.9774  29.608540     4.6886     4.7459    -0.0224    91.6784 1.0000e-12  -64.86066  -64.94842 345.909250      99.98 2.3270e+02   1391.208      33390          3  0.000e+00
    152.840    151.287     0.9654  29.597844     0.9790  29.608942     4.6942     4.7448    -0.0224    91.6784 1.0000e-12  -64.86066  -64.94842 345.909251      99.98 2.3270e+02   1391.250      33391          3  0.000e+00
    152.806    151.253     0.9667  29.597609     0.9803  29.609632     4.6813     4.7437    -0.0224    91.6784 1.0000e-12  -64.86066  -64.94842 345.909251      99.95 2.3270e+02   1391.292      33392          3  0.000e+00
    152.840    151.287     0.9678  29.598432     0.9805  29.610207     4.6830     4.7429    -0.0224    91.6784 1.0000e-12  -64.86066  -64.94842 345.909252      99.95 2.3270e+02   1391.333      33393          3  0.000e+00
    152.840    151.287     0.9688  29.599785     0.9803  29.610839     4.6805     4.7421    -0.0224    91.6784 1.0000e-12  -64.86066  -64.94842 345.909252      99.98 2.3270e+02   1391.375      33394          3  0.000e+00
    152.792    151.240     0.9698  29.601256     0.9800  29.611299     4.6781     4.7415    -0.0224    91.6784 1.0000e-12  -64.86066  -64.94842 345.909253      99.98 2.3270e+02   1391.417      33395          3  0.000e+00
    152.751    151.199     0.9710  29.602315     0.9807  29.611299     4.6760     4.7355    -0.0224    91.6784 1.0000e-12  -64.86066  -64.94842 345.909253      99.98 2.3270e+02   1391.458      33396          3  0.000e+00
    152.792    151.240     0.9740  29.602844     0.9813  29.612219     4.6629     4.7341    -0.0224    91.6784 1.0000e-12  -64.86066  -64.94842 345.909253      99.95 2.3270e+02   1391.500      33397          3  0.000e+00
    152.737    151.185     0.9773  29.605609     0.9819  29.613196     4.6640     4.7336    -0.0224    91.6784 1.0000e-12  -64.86066  -64.94842 345.909254      99.95 2.3270e+02   1391.542      33398          3  0.000e+00
    152.792    151.240     0.9796  29.608905     0.9828  29.613196     4.6725     4.7386    -0.0224    91.6784 1.0000e-12  -64.86066  -64.94842 345.909254      99.98 2.3270e+02   1391.583      33399          3  0.000e+00
    152.751    151.199     0.9812  29.611964     0.9834  29.613311     4.6613     4.7331    -0.0224    91.6784 1.0000e-12  -64.86066  -64.94842 345.909255      99.98 2.3270e+02   1391.625      33400          3  0.000e+00
    152.689    151.138     0.9816  29.613612     0.9834  29.613713     4.6536     4.7321    -0.0224    91.6784 1.0000e-12  -64.86066  -64.94842 345.909255      99.98 2.3270e+02   1391.667      33401          3  0.000e+00
    152.689    151.138     0.9821  29.614200     0.9833  29.614000     4.6493     4.7261    -0.0224    91.6784 1.0000e-12  -64.86066  -64.94842 345.909256      99.98 2.3270e+02   1391.708      33402          3  0.000e+00
    152.689    151.138     0.9825  29.613906     0.9834  29.614288     4.6479     4.7308    -0.0224    91.6784 1.0000e-12  -64.86066  -64.94842 345.909256      99.98 2.3270e+02   1391.750      33403          3  0.000e+00
    152.703    151.151     0.9829  29.614730     0.9844  29.614403     4.6511     4.7257    -0.0224    91.6784 1.0000e-12  -64.86064  -64.94844 345.909257      99.95 2.3270e+02   1391.792      33404          3  0.000e+00
    152.641    151.090     0.9831  29.615024     0.9848  29.614862     4.6447     4.7245    -0.0224    91.6784 1.0000e-12  -64.86064  -64.94844 345.909257      99.95 2.3270e+02   1391.833      33405          3  0.000e+00
    152.689    151.138     0.9836  29.615024     0.9848  29.615667     4.6430     4.7235    -0.0224    91.6784 1.0000e-12  -64.86064  -64.94844 345.909258      99.98 2.3270e+02   1391.875      33406          3  0.000e+00
    152.600    151.050     0.9834  29.615318     0.9834  29.615782     4.6359     4.7227    -0.0224    91.6784 1.0000e-12  -64.86064  -64.94844 345.909258      99.98 2.3270e+02   1391.917      33407          3  0.000e+00
