NBP2113_155081_ctd/data/nbp2113_041.ros
* Sea-Bird SBE 9 Data File:
* FileName = D:\Data\raw\NBP2113_041.hex
* Software Version Seasave V 7.26.7.121
* Temperature SN = 2438
* Conductivity SN = 2067
* Number of Bytes Per Scan = 40
* Number of Voltage Words = 5
* Number of Scans Averaged by the Deck Unit = 1
* NMEA Latitude = 64 50.77 S
* NMEA Longitude = 063 54.70 W
* NMEA UTC (Time) = Dec 10 2021  14:38:32
* NMEA baud rate = 9600
** Ship: RVIB N.B. Palmer
** Cruise: NBP2113 LTER
** Station: 622.029
** Operator: B. Urmston
# nquan = 20
# nvalues = 1117                                  
# units = specified
# name 0 = prDM: Pressure, Digiquartz [db]
# name 1 = depSM: Depth [salt water, m]
# name 2 = t090C: Temperature [ITS-90, deg C]
# name 3 = c0mS/cm: Conductivity [mS/cm]
# name 4 = t190C: Temperature, 2 [ITS-90, deg C]
# name 5 = c1mS/cm: Conductivity, 2 [mS/cm]
# name 6 = sbeox0ML/L: Oxygen, SBE 43 [ml/l]
# name 7 = sbeox1ML/L: Oxygen, SBE 43, 2 [ml/l]
# name 8 = flECO-AFL: Fluorescence, WET Labs ECO-AFL/FL [mg/m^3]
# name 9 = CStarTr0: Beam Transmission, WET Labs C-Star [%]
# name 10 = par: PAR/Irradiance, Biospherical/Licor
# name 11 = latitude: Latitude [deg]
# name 12 = longitude: Longitude [deg]
# name 13 = timeJ: Julian Days
# name 14 = altM: Altimeter [m]
# name 15 = spar: SPAR, Biospherical/Licor
# name 16 = timeS: Time, Elapsed [seconds]
# name 17 = scan: Scan Count
# name 18 = nbf: Bottles Fired
# name 19 = flag:  0.000e+00
# interval = seconds: 0.0416667
# start_time = Dec 10 2021 14:38:32 [NMEA time, header]
# bad_flag = -9.990e-29
*END*
[from data line 580]
     24.911     24.666    -0.1942  28.087166    -0.1949  28.084907     7.7983     7.9030     1.5088    90.9317 4.7304e+01  -64.84630  -63.91176 344.627607      99.95 1.2675e+03   1513.250      36319         13  0.000e+00
     24.891     24.646    -0.1945  28.087166    -0.1949  28.084851     7.8068     7.9036     1.5088    90.9317 4.7170e+01  -64.84630  -63.91176 344.627608      99.98 1.2675e+03   1513.292      36320         13  0.000e+00
     24.994     24.747    -0.1945  28.086935    -0.1951  28.085133     7.8154     7.9043     1.5161    90.9317 4.7170e+01  -64.84630  -63.91176 344.627608      99.98 1.2675e+03   1513.333      36321         13  0.000e+00
     24.891     24.646    -0.1943  28.087165    -0.1949  28.085189     7.8251     7.9048     1.5088    90.9317 4.7170e+01  -64.84630  -63.91176 344.627609      99.98 1.2675e+03   1513.375      36322         13  0.000e+00
     24.864     24.619    -0.1945  28.087165    -0.1946  28.084626     7.8291     7.9054     1.5088    90.9317 4.7170e+01  -64.84630  -63.91176 344.627609      99.98 1.2675e+03   1513.417      36323         13  0.000e+00
     24.939     24.693    -0.1950  28.087166    -0.1948  28.085133     7.8288     7.9062     1.5088    90.9317 4.7170e+01  -64.84630  -63.91176 344.627609      99.98 1.2657e+03   1513.458      36324         13  0.000e+00
     24.891     24.646    -0.1952  28.086646    -0.1946  28.085133     7.8270     7.9014     1.5088    90.9317 4.7170e+01  -64.84630  -63.91176 344.627610      99.95 1.2657e+03   1513.500      36325         13  0.000e+00
     24.891     24.646    -0.1949  28.085608    -0.1948  28.085415     7.8355     7.9068     1.5161    90.9317 4.7035e+01  -64.84630  -63.91176 344.627610      99.95 1.2657e+03   1513.542      36326         13  0.000e+00
     24.891     24.646    -0.1947  28.085608    -0.1948  28.085133     7.8381     7.9077     1.5161    90.9317 4.7035e+01  -64.84630  -63.91176 344.627611      99.95 1.2657e+03   1513.583      36327         13  0.000e+00
     24.912     24.666    -0.1945  28.085838    -0.1953  28.084851     7.8363     7.9033     1.5161    90.9317 4.7035e+01  -64.84630  -63.91176 344.627611      99.98 1.2657e+03   1513.625      36328         13  0.000e+00
     24.836     24.592    -0.1942  28.085607    -0.1953  28.084626     7.8388     7.9087     1.5088    90.9574 4.7035e+01  -64.84630  -63.91176 344.627612      99.98 1.2657e+03   1513.667      36329         13  0.000e+00
     24.891     24.646    -0.1941  28.086127    -0.1953  28.083780     7.8459     7.9089     1.5161    90.9832 4.7035e+01  -64.84630  -63.91176 344.627612      99.95 1.2657e+03   1513.708      36330         13  0.000e+00
     24.836     24.592    -0.1943  28.086415    -0.1949  28.084062     7.8485     7.9089     1.5088    90.9832 4.7035e+01  -64.84630  -63.91176 344.627613      99.95 1.2657e+03   1513.750      36331         13  0.000e+00
     24.912     24.666    -0.1942  28.087166    -0.1951  28.084400     7.8467     7.9091     1.5088    90.9832 4.7035e+01  -64.84630  -63.91176 344.627613      99.98 1.2657e+03   1513.792      36332         13  0.000e+00
     24.836     24.592    -0.1945  28.086935    -0.1957  28.084851     7.8480     7.9092     1.5088    90.9832 4.7035e+01  -64.84630  -63.91176 344.627614      99.98 1.2657e+03   1513.833      36333         13  0.000e+00
     24.836     24.592    -0.1943  28.086415    -0.1959  28.084062     7.8494     7.9103     1.5088    90.9832 4.7035e+01  -64.84630  -63.91176 344.627614      99.98 1.2657e+03   1513.875      36334         13  0.000e+00
     24.891     24.646    -0.1945  28.086935    -0.1963  28.083611     7.8565     7.9115     1.5161    90.9832 4.7035e+01  -64.84630  -63.91176 344.627615      99.98 1.2657e+03   1513.917      36335         13  0.000e+00
     24.789     24.544    -0.1943  28.087165    -0.1964  28.082484     7.8589     7.9116     1.5161    90.9832 4.7035e+01  -64.84630  -63.91176 344.627615      99.98 1.2657e+03   1513.958      36336         13  0.000e+00
     24.864     24.619    -0.1942  28.086935    -0.1963  28.082991     7.8557     7.9118     1.5088    90.9832 4.7035e+01  -64.84630  -63.91176 344.627616      99.95 1.2657e+03   1514.000      36337         13  0.000e+00
     24.836     24.592    -0.1943  28.086935    -0.1963  28.082033     7.8569     7.9066     1.4428    90.9832 4.7035e+01  -64.84630  -63.91176 344.627616      99.95 1.2657e+03   1514.042      36338         13  0.000e+00
     24.837     24.592    -0.1942  28.087454    -0.1961  28.081695     7.8625     7.9114     1.3403    90.9832 4.6901e+01  -64.84630  -63.91176 344.627617      99.95 1.2657e+03   1514.083      36339         13  0.000e+00
     24.789     24.544    -0.1945  28.087165    -0.1963  28.081695     7.8635     7.9116     1.3183    90.9832 4.7035e+01  -64.84630  -63.91176 344.627617      99.98 1.2657e+03   1514.125      36340         13  0.000e+00
     24.816     24.572    -0.1941  28.086934    -0.1961  28.082484     7.8658     7.9063     1.3183    90.9832 4.6901e+01  -64.84630  -63.91176 344.627618      99.98 1.2657e+03   1514.167      36341         13  0.000e+00
     24.789     24.544    -0.1943  28.086934    -0.1965  28.082033     7.8623     7.9112     1.3256    90.9832 4.7035e+01  -64.84630  -63.91176 344.627618      99.95 1.2657e+03   1514.208      36342         13  0.000e+00
     24.837     24.592    -0.1941  28.087165    -0.1965  28.081695     7.8676     7.9061     1.3256    90.9832 4.7035e+01  -64.84630  -63.91176 344.627619      99.95 1.2657e+03   1514.250      36343         13  0.000e+00
     24.741     24.497    -0.1945  28.086646    -0.1961  28.081695     7.8670     7.9054     1.3256    90.9832 4.7035e+01  -64.84630  -63.91176 344.627619      99.98 1.2657e+03   1514.292      36344         13  0.000e+00
     24.837     24.592    -0.1945  28.086935    -0.1963  28.082033     7.8677     7.9050     1.3256    90.9832 4.7035e+01  -64.84630  -63.91176 344.627620      99.98 1.2657e+03   1514.333      36345         13  0.000e+00
     24.761     24.517    -0.1949  28.086646    -0.1968  28.081977     7.8682     7.9045     1.3256    90.9832 4.7035e+01  -64.84630  -63.91176 344.627620      99.98 1.2657e+03   1514.375      36346         13  0.000e+00
     24.741     24.497    -0.1955  28.086127    -0.1966  28.081695     7.8687     7.9094     1.3256    90.9832 4.7035e+01  -64.84630  -63.91176 344.627621      99.98 1.2657e+03   1514.417      36347         13  0.000e+00
     24.789     24.545    -0.1957  28.084511    -0.1958  28.080681     7.8749     7.9044     1.3256    90.9832 4.7035e+01  -64.84630  -63.91176 344.627621      99.98 1.2657e+03   1514.458      36348         13  0.000e+00
     24.789     24.545    -0.1961  28.083184    -0.1951  28.081695     7.8722     7.9037     1.3256    90.9574 4.7035e+01  -64.84630  -63.91176 344.627622      99.98 1.2657e+03   1514.500      36349         13  0.000e+00
     24.761     24.517    -0.1958  28.082434    -0.1948  28.082991     7.8736     7.9032     1.3256    90.9317 4.7035e+01  -64.84630  -63.91176 344.627622      99.95 1.2657e+03   1514.542      36350         13  0.000e+00
     24.741     24.497    -0.1961  28.081857    -0.1948  28.084625     7.8679     7.9081     1.3256    90.9317 4.7035e+01  -64.84630  -63.91176 344.627622      99.95 1.2657e+03   1514.583      36351         13  0.000e+00
     24.741     24.497    -0.1959  28.082145    -0.1944  28.084625     7.8780     7.9085     1.3256    90.9059 4.7035e+01  -64.84630  -63.91176 344.627623      99.98 1.2657e+03   1514.625      36352         13  0.000e+00
     24.741     24.497    -0.1958  28.082145    -0.1946  28.085132     7.8790     7.9090     1.3256    90.9317 4.7170e+01  -64.84630  -63.91176 344.627623      99.98 1.2657e+03   1514.667      36353         13  0.000e+00
     24.714     24.470    -0.1957  28.081626    -0.1943  28.084907     7.8800     7.9094     1.3256    90.9317 4.7170e+01  -64.84630  -63.91176 344.627624      99.93 1.2657e+03   1514.708      36354         13  0.000e+00
     24.741     24.497    -0.1956  28.082434    -0.1946  28.085414     7.8749     7.9100     1.3256    90.9317 4.7170e+01  -64.84630  -63.91176 344.627624      99.95 1.2657e+03   1514.750      36355         13  0.000e+00
     24.741     24.497    -0.1957  28.083184    -0.1948  28.084851     7.8786     7.9105     1.3256    90.9317 4.7170e+01  -64.84630  -63.91176 344.627625      99.98 1.2657e+03   1514.792      36356         13  0.000e+00
     24.686     24.443    -0.1953  28.082664    -0.1951  28.084343     7.8776     7.9111     1.3256    90.9317 4.7304e+01  -64.84630  -63.91176 344.627625      99.98 1.2657e+03   1514.833      36357         13  0.000e+00
     24.686     24.443    -0.1954  28.082434    -0.1949  28.084400     7.8721     7.9061     1.3256    90.9317 4.7304e+01  -64.84630  -63.91176 344.627626      99.98 1.2657e+03   1514.875      36358         13  0.000e+00
     24.714     24.470    -0.1957  28.082665    -0.1951  28.084062     7.8696     7.9113     1.3256    90.9317 4.7304e+01  -64.84630  -63.91176 344.627626      99.98 1.2657e+03   1514.917      36359         13  0.000e+00
     24.686     24.443    -0.1955  28.082434    -0.1952  28.083273     7.8783     7.9119     1.3256    90.9317 4.7304e+01  -64.84630  -63.91176 344.627627      99.98 1.2657e+03   1514.958      36360         13  0.000e+00
     24.686     24.443    -0.1955  28.082434    -0.1957  28.082822     7.8779     7.9125     1.3256    90.9317 4.7439e+01  -64.84630  -63.91176 344.627627      99.95 1.2657e+03   1515.000      36361         13  0.000e+00
     24.686     24.443    -0.1955  28.082434    -0.1959  28.082765     7.8729     7.9077     1.3256    90.9317 4.7439e+01  -64.84630  -63.91176 344.627628      99.95 1.2657e+03   1515.042      36362         13  0.000e+00
     24.659     24.416    -0.1959  28.082664    -0.1963  28.082202     7.8721     7.9120     1.3256    90.9574 4.7439e+01  -64.84630  -63.91176 344.627628      99.98 1.2657e+03   1515.083      36363         13  0.000e+00
     25.147     24.900    -0.2096  28.089072    -0.2231  28.081417     7.8733     7.9499     1.2817    90.9059 4.6635e+01  -64.84630  -63.91176 344.627681      99.98 1.2675e+03   1519.667      36473         14  0.000e+00
     25.147     24.900    -0.2078  28.088783    -0.2238  28.081755     7.8735     7.9552     1.2817    90.9059 4.6635e+01  -64.84630  -63.91176 344.627682      99.95 1.2675e+03   1519.708      36474         14  0.000e+00
     25.223     24.974    -0.2036  28.087975    -0.2245  28.081417     7.8676     7.9505     1.2817    90.9059 4.6635e+01  -64.84630  -63.91176 344.627682      99.95 1.2675e+03   1519.750      36475         14  0.000e+00
     25.147     24.900    -0.2004  28.087455    -0.2248  28.081191     7.8704     7.9501     1.2817    90.9059 4.6635e+01  -64.84630  -63.91176 344.627683      99.98 1.2675e+03   1519.792      36476         14  0.000e+00
     25.147     24.900    -0.1993  28.087167    -0.2244  28.081755     7.8692     7.9495     1.2817    90.9059 4.6635e+01  -64.84630  -63.91176 344.627683      99.98 1.2675e+03   1519.833      36477         14  0.000e+00
     25.147     24.900    -0.2035  28.086417    -0.2210  28.081698     7.8702     7.9476     1.2817    90.9059 4.6635e+01  -64.84630  -63.91176 344.627684      99.98 1.2675e+03   1519.875      36478         14  0.000e+00
     25.093     24.845    -0.2028  28.086417    -0.2159  28.082205     7.8645     7.9506     1.2817    90.9059 4.6635e+01  -64.84630  -63.91176 344.627684      99.98 1.2675e+03   1519.917      36479         14  0.000e+00
     25.168     24.920    -0.2033  28.087167    -0.2143  28.082543     7.8692     7.9451     1.2817    90.9059 4.6768e+01  -64.84630  -63.91176 344.627685      99.98 1.2675e+03   1519.958      36480         14  0.000e+00
     25.147     24.900    -0.2059  28.087167    -0.2108  28.083275     7.8741     7.9437     1.2817    90.9059 4.6768e+01  -64.84630  -63.91176 344.627685      99.95 1.2675e+03   1520.000      36481         14  0.000e+00
     25.093     24.845    -0.2075  28.087744    -0.2090  28.084627     7.8756     7.9425     1.2817    90.9317 4.6768e+01  -64.84630  -63.91176 344.627686      99.95 1.2675e+03   1520.042      36482         14  0.000e+00
     25.093     24.846    -0.2078  28.087456    -0.2082  28.085698     7.8710     7.9416     1.2817    90.9059 4.6768e+01  -64.84630  -63.91176 344.627686      99.98 1.2675e+03   1520.083      36483         14  0.000e+00
     25.168     24.920    -0.2080  28.087975    -0.2085  28.085924     7.8709     7.9409     1.2817    90.9059 4.6768e+01  -64.84630  -63.91176 344.627687      99.98 1.2675e+03   1520.125      36484         14  0.000e+00
     25.093     24.846    -0.2075  28.089071    -0.2085  28.086994     7.8704     7.9399     1.2817    90.9059 4.6768e+01  -64.84630  -63.91176 344.627687      99.98 1.2675e+03   1520.167      36485         14  0.000e+00
     25.093     24.846    -0.2078  28.088264    -0.2084  28.086713     7.8658     7.9391     1.2817    90.9059 4.6901e+01  -64.84630  -63.91176 344.627688      99.93 1.2675e+03   1520.208      36486         14  0.000e+00
     25.093     24.846    -0.2077  28.088494    -0.2085  28.086994     7.8655     7.9391     1.2817    90.9059 4.6901e+01  -64.84630  -63.91176 344.627688      99.95 1.2675e+03   1520.250      36487         14  0.000e+00
     25.093     24.846    -0.2057  28.088494    -0.2088  28.086713     7.8650     7.9392     1.2817    90.9059 4.6901e+01  -64.84630  -63.91176 344.627689      99.98 1.2675e+03   1520.292      36488         14  0.000e+00
     25.120     24.873    -0.2015  28.088263    -0.2085  28.086713     7.8743     7.9391     1.2817    90.9059 4.6901e+01  -64.84630  -63.91176 344.627689      99.98 1.2675e+03   1520.333      36489         14  0.000e+00
     25.045     24.798    -0.1987  28.086935    -0.2091  28.086994     7.8691     7.9383     1.2817    90.9059 4.6901e+01  -64.84630  -63.91176 344.627690      99.98 1.2675e+03   1520.375      36490         14  0.000e+00
     25.093     24.846    -0.1979  28.086647    -0.2092  28.086713     7.8701     7.9375     1.2817    90.9059 4.7035e+01  -64.84630  -63.91176 344.627690      99.98 1.2675e+03   1520.417      36491         14  0.000e+00
     25.045     24.798    -0.1982  28.086416    -0.2090  28.086994     7.8698     7.9364     1.2817    90.8802 4.7035e+01  -64.84630  -63.91176 344.627690      99.98 1.2675e+03   1520.458      36492         14  0.000e+00
     25.018     24.771    -0.1975  28.086416    -0.2072  28.086769     7.8763     7.9351     1.2817    90.8802 4.7035e+01  -64.84630  -63.91176 344.627691      99.98 1.2675e+03   1520.500      36493         14  0.000e+00
     25.093     24.846    -0.1970  28.086935    -0.2048  28.086205     7.8714     7.9346     1.2817    90.9059 4.7170e+01  -64.84630  -63.91176 344.627691      99.95 1.2675e+03   1520.542      36494         14  0.000e+00
     24.997     24.751    -0.1968  28.086647    -0.2038  28.085641     7.8722     7.9334     1.2817    90.8802 4.7170e+01  -64.84630  -63.91176 344.627692      99.98 1.2675e+03   1520.583      36495         14  0.000e+00
     25.045     24.798    -0.1969  28.086416    -0.2029  28.085698     7.8731     7.9322     1.3403    90.9059 4.7170e+01  -64.84630  -63.91176 344.627692      99.98 1.2675e+03   1520.625      36496         14  0.000e+00
     24.997     24.751    -0.1967  28.086935    -0.2007  28.086204     7.8725     7.9315     1.4135    90.9059 4.7304e+01  -64.84630  -63.91176 344.627693      99.98 1.2675e+03   1520.667      36497         14  0.000e+00
     25.018     24.771    -0.1979  28.086647    -0.1983  28.086204     7.8722     7.9309     1.4282    90.9059 4.7304e+01  -64.84630  -63.91176 344.627693      99.93 1.2675e+03   1520.708      36498         14  0.000e+00
