NBP2113_155081_ctd/data/nbp2113_005.cnv
* Sea-Bird SBE 9 Data File:
* FileName = D:\Data\raw\NBP2113_005.hex
* Software Version Seasave V 7.26.7.121
* Temperature SN = 2438
* Conductivity SN = 2067
* Number of Bytes Per Scan = 40
* Number of Voltage Words = 5
* Number of Scans Averaged by the Deck Unit = 1
* NMEA Latitude = 64 04.86 S
* NMEA Longitude = 063 46.34 W
* NMEA UTC (Time) = Nov 23 2021  13:58:01
* NMEA baud rate = 9600
** Ship: RVIB N.B. Palmer
** Cruise: NBP2113 LTER
** Station: 692.080
** Operator: B. Urmston
# nquan = 25
# nvalues = 1037                        
# units = specified
# name 0 = prDM: Pressure, Digiquartz [db]
# name 1 = depSM: Depth [salt water, m]
# name 2 = t090C: Temperature [ITS-90, deg C]
# name 3 = c0mS/cm: Conductivity [mS/cm]
# name 4 = t190C: Temperature, 2 [ITS-90, deg C]
# name 5 = c1mS/cm: Conductivity, 2 [mS/cm]
# name 6 = sbeox0ML/L: Oxygen, SBE 43 [ml/l]
# name 7 = sbeox1ML/L: Oxygen, SBE 43, 2 [ml/l]
# name 8 = flECO-AFL: Fluorescence, WET Labs ECO-AFL/FL [mg/m^3]
# name 9 = CStarTr0: Beam Transmission, WET Labs C-Star [%]
# name 10 = par: PAR/Irradiance, Biospherical/Licor
# name 11 = latitude: Latitude [deg]
# name 12 = longitude: Longitude [deg]
# name 13 = timeJ: Julian Days
# name 14 = altM: Altimeter [m]
# name 15 = spar: SPAR, Biospherical/Licor
# name 16 = timeS: Time, Elapsed [seconds]
# name 17 = scan: Scan Count
# name 18 = density00: Density [density, kg/m^3]
# name 19 = density11: Density, 2 [density, kg/m^3]
# name 20 = sal00: Salinity, Practical [PSU]
# name 21 = sal11: Salinity, Practical, 2 [PSU]
# name 22 = oxsolML/L: Oxygen Saturation, Garcia & Gordon [ml/l]
# name 23 = nbin: number of scans per bin
# name 24 = flag: flag
# span 0 =      1.000,    521.000       
# span 1 =      0.990,    515.278       
# span 2 =    -0.2835,     1.5253       
# span 3 =  28.027077,  30.367240       
# span 4 =    -0.2829,     1.5253       
# span 5 =  28.023703,  30.366045       
# span 6 =     4.1730,     9.4463       
# span 7 =     4.1632,     9.1059       
# span 8 =    -0.0226,     1.8547       
# span 9 =    86.9965,    98.9778       
# span 10 = 1.0000e-12, 6.4146e+02      
# span 11 =  -64.08194,  -64.08136      
# span 12 =  -63.77211,  -63.77140      
# span 13 = 327.585846, 327.612468      
# span 14 =       7.80,      99.99      
# span 15 = 3.3847e+02, 4.9541e+02      
# span 16 =    336.088,   2636.194      
# span 17 =       8067,      63270      
# span 18 =  1027.2244,  1030.2230      
# span 19 =  1027.2204,  1030.2217      
# span 20 =    33.8799,    34.7106      
# span 21 =    33.8767,    34.7092      
# span 22 =    7.71803,    8.12410      
# span 23 =          9,         51      
# span 24 = 0.0000e+00, 0.0000e+00      
# interval = decibars: 1                
# start_time = Nov 23 2021 13:58:01 [NMEA time, header]
# bad_flag = -9.990e-29
*END*
[from data line 986]
     51.000     50.497    -0.2488  28.213119    -0.2459  28.216216     7.3001     7.1482     0.5037    95.7516 1.5244e+00  -64.08187  -63.77148 327.609462      99.97 4.7005e+02   2376.549      57038  1027.6793  1027.6798    34.1535    34.1544    8.11045         33 0.0000e+00
     50.000     49.507    -0.2494  28.212044    -0.2488  28.211531     7.3422     7.1850     0.4885    95.7487 1.6350e+00  -64.08188  -63.77148 327.609484      99.97 4.6886e+02   2378.406      57083  1027.6743  1027.6732    34.1534    34.1519    8.11059         28 0.0000e+00
     49.000     48.516    -0.2516  28.207563    -0.2522  28.204417     7.3705     7.2119     0.4498    95.6826 1.7209e+00  -64.08188  -63.77150 327.609497      99.98 4.6715e+02   2379.568      57111  1027.6673  1027.6646    34.1504    34.1469    8.11122         27 0.0000e+00
     48.000     47.528    -0.2577  28.194240    -0.2594  28.189976     7.3837     7.2427     0.5083    95.5511 1.7711e+00  -64.08188  -63.77150 327.609515      99.97 4.6668e+02   2381.092      57147  1027.6545  1027.6517    34.1401    34.1363    8.11310         38 0.0000e+00
     47.000     46.537    -0.2570  28.194251    -0.2615  28.183081     7.4382     7.2729     0.5493    95.3390 1.8459e+00  -64.08188  -63.77148 327.609538      99.97 4.6542e+02   2383.123      57196  1027.6495  1027.6418    34.1399    34.1300    8.11297         42 0.0000e+00
     46.000     45.547    -0.2630  28.180176    -0.2630  28.179291     7.4887     7.3033     0.5782    95.3472 2.0644e+00  -64.08188  -63.77148 327.609559      99.97 4.6521e+02   2384.894      57238  1027.6359  1027.6348    34.1285    34.1273    8.11491         38 0.0000e+00
     45.000     44.558    -0.2651  28.174996    -0.2664  28.170282     7.5265     7.3352     0.6829    95.3281 2.3012e+00  -64.08188  -63.77148 327.609586      99.97 4.6317e+02   2387.198      57294  1027.6279  1027.6240    34.1245    34.1197    8.11557         40 0.0000e+00
     44.000     43.567    -0.2737  28.154985    -0.2686  28.164641     7.6331     7.4279     0.6879    95.1749 2.3829e+00  -64.08188  -63.77148 327.609611      99.97 4.6183e+02   2389.419      57347  1027.6104  1027.6156    34.1080    34.1152    8.11834         38 0.0000e+00
     43.000     42.576    -0.2763  28.146657    -0.2776  28.141867     7.6278     7.4534     0.5884    95.0810 2.4782e+00  -64.08188  -63.77148 327.609630      99.97 4.6187e+02   2390.994      57385  1027.5996  1027.5956    34.1005    34.0954    8.11934         38 0.0000e+00
     42.000     41.586    -0.2750  28.148859    -0.2757  28.145304     7.5648     7.4250     0.6662    94.4346 2.6661e+00  -64.08188  -63.77148 327.609653      99.97 4.6100e+02   2393.044      57434  1027.5962  1027.5930    34.1025    34.0985    8.11893         33 0.0000e+00
     41.000     40.599    -0.2759  28.142540    -0.2766  28.140119     7.6826     7.4904     0.8220    94.1262 3.0249e+00  -64.08188  -63.77148 327.609690      99.97 4.6000e+02   2396.222      57510  1027.5860  1027.5840    34.0958    34.0933    8.11952         31 0.0000e+00
     40.000     39.603    -0.2777  28.129059    -0.2777  28.128415     7.7049     7.5492     0.8667    93.9162 3.2100e+00  -64.08188  -63.77148 327.609742      99.97 4.5816e+02   2400.677      57617  1027.5687  1027.5681    34.0803    34.0795    8.12077         40 0.0000e+00
     39.000     38.617    -0.2793  28.120578    -0.2793  28.119767     7.7157     7.5856     0.8778    93.4630 3.4593e+00  -64.08190  -63.77148 327.610179      99.97 4.6004e+02   2438.451      58524  1027.5567  1027.5558    34.0714    34.0703    8.12163         43 0.0000e+00
     38.000     37.626    -0.2806  28.117104    -0.2805  28.116180     7.7465     7.5925     0.9860    93.3828 3.8020e+00  -64.08190  -63.77148 327.610265      99.97 4.6011e+02   2445.871      58702  1027.5499  1027.5488    34.0689    34.0675    8.12206         44 0.0000e+00
     37.000     36.637    -0.2791  28.120131    -0.2793  28.118158     7.7290     7.6010     0.8876    93.4020 3.9684e+00  -64.08190  -63.77148 327.610287      99.97 4.6011e+02   2447.795      58748  1027.5474  1027.5455    34.0718    34.0695    8.12156         36 0.0000e+00
     36.000     35.646    -0.2800  28.116772    -0.2799  28.113470     7.8350     7.6351     1.0118    93.2878 4.4853e+00  -64.08190  -63.77147 327.610320      99.97 4.6011e+02   2450.627      58816  1027.5404  1027.5368    34.0689    34.0644    8.12192         37 0.0000e+00
     35.000     34.655    -0.2714  28.097054    -0.2731  28.099846     7.9105     7.7474     1.0574    92.3305 5.1256e+00  -64.08190  -63.77146 327.610626      99.97 4.7175e+02   2477.108      59452  1027.5065  1027.5112    34.0336    34.0392    8.12211         32 0.0000e+00
     34.000     33.665    -0.2682  28.091825    -0.2695  28.090441     7.9333     7.7918     1.3763    91.4316 5.9546e+00  -64.08190  -63.77144 327.611043      99.97 4.8615e+02   2513.147      60317  1027.4936  1027.4934    34.0236    34.0233    8.12199         37 0.0000e+00
     33.000     32.676    -0.2667  28.089730    -0.2671  28.088889     8.0299     7.8260     1.2471    91.3122 6.2550e+00  -64.08190  -63.77146 327.611089      99.97 4.8656e+02   2517.103      60411  1027.4856  1027.4851    34.0197    34.0191    8.12188         45 0.0000e+00
     32.000     31.686    -0.2586  28.082842    -0.2641  28.085619     8.0563     7.8485     1.2027    90.9394 6.7848e+00  -64.08190  -63.77146 327.611109      99.97 4.8656e+02   2518.784      60452  1027.4660  1027.4743    34.0021    34.0119    8.12117         36 0.0000e+00
     31.000     30.694    -0.2552  28.081423    -0.2594  28.081562     8.0253     7.8628     1.3075    90.3218 7.6951e+00  -64.08190  -63.77144 327.611131      99.96 4.8764e+02   2520.756      60499  1027.4569  1027.4611    33.9971    34.0019    8.12074         35 0.0000e+00
     30.000     29.704    -0.2512  28.075510    -0.2516  28.072615     8.0876     7.9212     1.4421    90.5968 9.0166e+00  -64.08191  -63.77145 327.611182      99.97 4.8826e+02   2525.095      60603  1027.4425  1027.4397    33.9853    33.9818    8.12056         31 0.0000e+00
     29.000     28.716    -0.2523  28.073752    -0.2526  28.072537     8.0503     7.9226     1.4740    90.2888 9.5180e+00  -64.08192  -63.77146 327.611206      99.97 4.8832e+02   2527.207      60654  1027.4374  1027.4364    33.9848    33.9835    8.12082         40 0.0000e+00
     28.000     27.725    -0.2525  28.072307    -0.2526  28.071270     8.0860     7.9128     1.3999    89.6917 1.0094e+01  -64.08192  -63.77145 327.611226      99.97 4.8904e+02   2528.956      60696  1027.4319  1027.4307    33.9837    33.9824    8.12093         39 0.0000e+00
     27.000     26.731    -0.2525  28.070802    -0.2531  28.071447     8.0590     7.9255     1.6559    88.8986 1.1871e+01  -64.08190  -63.77143 327.611258      99.97 4.9028e+02   2531.708      60762  1027.4259  1027.4272    33.9822    33.9838    8.12099         29 0.0000e+00
     26.000     25.745    -0.2526  28.065585    -0.2530  28.063181     8.0803     7.9381     1.6339    89.2258 1.3865e+01  -64.08192  -63.77144 327.611298      99.96 4.9023e+02   2535.141      60844  1027.4162  1027.4139    33.9760    33.9732    8.12138         36 0.0000e+00
     25.000     24.755    -0.2525  28.065552    -0.2526  28.064421     8.0811     7.9419     1.6914    89.1174 1.4306e+01  -64.08192  -63.77144 327.611324      99.96 4.9081e+02   2537.356      60898  1027.4118  1027.4107    33.9765    33.9751    8.12134         44 0.0000e+00
     24.000     23.766    -0.2535  28.063583    -0.2528  28.064599     8.0781     7.9421     1.7720    88.8716 1.5755e+01  -64.08192  -63.77143 327.611351      99.97 4.9330e+02   2539.716      60954  1027.4064  1027.4067    33.9756    33.9761    8.12160         39 0.0000e+00
     23.000     22.774    -0.2536  28.062861    -0.2534  28.061942     8.0918     7.9471     1.8052    88.6536 1.9228e+01  -64.08192  -63.77142 327.611380      99.97 4.9367e+02   2542.264      61015  1027.4014  1027.4002    33.9753    33.9739    8.12163         29 0.0000e+00
     22.000     21.785    -0.2546  28.059494    -0.2570  28.049998     8.0903     7.9552     1.8277    88.7599 2.0483e+01  -64.08192  -63.77144 327.611423      99.97 4.9361e+02   2545.908      61103  1027.3945  1027.3866    33.9726    33.9626    8.12201         36 0.0000e+00
     21.000     20.795    -0.2567  28.054001    -0.2570  28.051152     8.1366     7.9586     1.7458    88.5629 2.2287e+01  -64.08192  -63.77144 327.611444      99.97 4.9361e+02   2547.780      61148  1027.3863  1027.3835    33.9682    33.9647    8.12270         38 0.0000e+00
     20.000     19.805    -0.2531  28.047775    -0.2534  28.045711     8.0861     7.9636     1.7245    88.0644 2.5351e+01  -64.08192  -63.77144 327.611464      99.97 4.9361e+02   2549.497      61189  1027.3718  1027.3698    33.9565    33.9540    8.12260         42 0.0000e+00
     19.000     18.814    -0.2523  28.046341    -0.2505  28.045622     8.0998     7.9764     1.8547    87.7662 3.0257e+01  -64.08192  -63.77142 327.611500      99.96 4.9361e+02   2552.563      61263  1027.3653  1027.3625    33.9543    33.9513    8.12256         23 0.0000e+00
     18.000     17.825    -0.2417  28.045129    -0.2311  28.040937     8.1003     7.9815     1.8390    87.9830 3.2473e+01  -64.08192  -63.77145 327.611547      99.96 4.9361e+02   2556.621      61360  1027.3492  1027.3345    33.9414    33.9241    8.12102         40 0.0000e+00
     17.000     16.833    -0.2401  28.043155    -0.2395  28.041314     8.1238     7.9820     1.8362    87.4694 3.5788e+01  -64.08192  -63.77145 327.611563      99.97 4.9361e+02   2558.049      61394  1027.3414  1027.3388    33.9377    33.9345    8.12091         32 0.0000e+00
     16.000     15.843    -0.2246  28.040353    -0.2284  28.039225     8.1207     7.9875     1.7959    87.3379 4.0719e+01  -64.08192  -63.77144 327.611580      99.97 4.9361e+02   2559.543      61430  1027.3190  1027.3216    33.9172    33.9200    8.11876         29 0.0000e+00
     15.000     14.854    -0.2265  28.040064    -0.2278  28.038423     8.1145     7.9913     1.8385    87.2054 4.7520e+01  -64.08193  -63.77143 327.611762      99.96 4.8985e+02   2575.221      61806  1027.3166  1027.3161    33.9195    33.9188    8.11903         33 0.0000e+00
     14.000     13.863    -0.2205  28.038278    -0.2201  28.036714     8.1091     7.9948     1.7746    86.9965 5.0864e+01  -64.08194  -63.77143 327.612078      99.97 4.8363e+02   2602.520      62461  1027.3050  1027.3028    33.9111    33.9086    8.11825         39 0.0000e+00
     13.000     12.873    -0.2202  28.037084    -0.2205  28.035544     8.1276     7.9972     1.7293    87.0597 5.5135e+01  -64.08194  -63.77144 327.612103      99.96 4.8471e+02   2604.695      62514  1027.2991  1027.2977    33.9098    33.9081    8.11825         31 0.0000e+00
     12.000     11.883    -0.2169  28.034519    -0.2184  28.033831     8.1160     8.0062     1.7217    87.1541 6.3257e+01  -64.08194  -63.77142 327.612121      99.97 4.8479e+02   2606.255      62551  1027.2888  1027.2895    33.9033    33.9040    8.11791         41 0.0000e+00
     11.000     10.893    -0.2169  28.033982    -0.2178  28.032697     8.1025     8.0010     1.7849    87.1032 7.6041e+01  -64.08194  -63.77141 327.612145      99.97 4.8479e+02   2608.362      62602  1027.2839  1027.2833    33.9032    33.9024    8.11792         36 0.0000e+00
     10.000      9.902    -0.2161  28.033324    -0.2107  28.029808     8.1051     8.0047     1.6823    87.0974 8.4356e+01  -64.08194  -63.77144 327.612196      99.97 4.8479e+02   2612.691      62706  1027.2782  1027.2691    33.9021    33.8913    8.11783         35 0.0000e+00
      9.000      8.912    -0.2125  28.031206    -0.2119  28.029240     8.1034     8.0091     1.7046    87.0684 9.2878e+01  -64.08194  -63.77144 327.612215      99.97 4.8479e+02   2614.335      62745  1027.2682  1027.2654    33.8958    33.8925    8.11741         38 0.0000e+00
      8.000      7.922    -0.2133  28.030870    -0.2123  28.028792     8.1227     8.0017     1.6648    87.1343 1.1001e+02  -64.08194  -63.77142 327.612244      99.96 4.8559e+02   2616.893      62806  1027.2643  1027.2612    33.8969    33.8930    8.11752         32 0.0000e+00
      7.000      6.932    -0.2093  28.029328    -0.2048  28.026729     8.1187     8.0015     1.6195    87.1486 1.2656e+02  -64.08194  -63.77142 327.612274      99.97 4.8654e+02   2619.515      62869  1027.2545  1027.2474    33.8909    33.8825    8.11700         43 0.0000e+00
      6.000      5.941    -0.2073  28.028438    -0.2080  28.026882     8.1081     8.0014     1.5472    87.1743 1.4552e+02  -64.08194  -63.77144 327.612296      99.97 4.8656e+02   2621.369      62914  1027.2473  1027.2464    33.8881    33.8869    8.11673         41 0.0000e+00
      5.000      4.951    -0.2033  28.027498    -0.2053  28.025822     8.0980     8.0086     1.4486    87.2195 1.6908e+02  -64.08194  -63.77143 327.612326      99.97 4.8707e+02   2623.957      62976  1027.2382  1027.2383    33.8831    33.8830    8.11618         45 0.0000e+00
      4.000      3.961    -0.2021  28.028104    -0.2016  28.026633     8.1038     8.0100     1.2779    87.1917 1.9637e+02  -64.08194  -63.77142 327.612367      99.96 4.8880e+02   2627.489      63061  1027.2335  1027.2314    33.8831    33.8807    8.11591         34 0.0000e+00
      3.000      2.972    -0.2022  28.027077    -0.2026  28.025122     8.9072     8.5358     1.2107    87.2272 2.2937e+02  -64.08194  -63.77142 327.612416      99.97 4.9228e+02   2631.767      63163  1027.2282  1027.2266    33.8825    33.8804    8.11597         27 0.0000e+00
      2.000      1.982    -0.2057  28.027680    -0.2057  28.024283     9.4463     9.1059     1.1169    87.1838 2.6334e+02  -64.08194  -63.77142 327.612460      99.97 4.9541e+02   2635.550      63254  1027.2280  1027.2243    33.8877    33.8832    8.11641         15 0.0000e+00
      1.000      0.990    -0.2064  28.027720    -0.2066  28.023703     9.0262     8.8359     1.0422    87.2694 6.4146e+02  -64.08194  -63.77140 327.612468      99.97 4.9537e+02   2636.194      63270  1027.2244  1027.2204    33.8892    33.8841    8.11648         19 0.0000e+00
