NBP2113_155081_ctd/data/nbp2113_033.cnv
* Sea-Bird SBE 9 Data File:
* FileName = D:\Data\raw\NBP2113_033.hex
* Software Version Seasave V 7.26.7.121
* Temperature SN = 2438
* Conductivity SN = 2067
* Number of Bytes Per Scan = 40
* Number of Voltage Words = 5
* Number of Scans Averaged by the Deck Unit = 1
* NMEA Latitude = 64 55.99 S
* NMEA Longitude = 064 24.01 W
* NMEA UTC (Time) = Dec 08 2021  19:08:34
* NMEA baud rate = 9600
** Ship: RVIB N.B. Palmer
** Cruise: NBP2113 LTER
** Station: 600.040
** Operator: S. Blackman
# nquan = 25
# nvalues = 705                         
# units = specified
# name 0 = prDM: Pressure, Digiquartz [db]
# name 1 = depSM: Depth [salt water, m]
# name 2 = t090C: Temperature [ITS-90, deg C]
# name 3 = c0mS/cm: Conductivity [mS/cm]
# name 4 = t190C: Temperature, 2 [ITS-90, deg C]
# name 5 = c1mS/cm: Conductivity, 2 [mS/cm]
# name 6 = sbeox0ML/L: Oxygen, SBE 43 [ml/l]
# name 7 = sbeox1ML/L: Oxygen, SBE 43, 2 [ml/l]
# name 8 = flECO-AFL: Fluorescence, WET Labs ECO-AFL/FL [mg/m^3]
# name 9 = CStarTr0: Beam Transmission, WET Labs C-Star [%]
# name 10 = par: PAR/Irradiance, Biospherical/Licor
# name 11 = latitude: Latitude [deg]
# name 12 = longitude: Longitude [deg]
# name 13 = timeJ: Julian Days
# name 14 = altM: Altimeter [m]
# name 15 = spar: SPAR, Biospherical/Licor
# name 16 = timeS: Time, Elapsed [seconds]
# name 17 = scan: Scan Count
# name 18 = density00: Density [density, kg/m^3]
# name 19 = density11: Density, 2 [density, kg/m^3]
# name 20 = sal00: Salinity, Practical [PSU]
# name 21 = sal11: Salinity, Practical, 2 [PSU]
# name 22 = oxsolML/L: Oxygen Saturation, Garcia & Gordon [ml/l]
# name 23 = nbin: number of scans per bin
# name 24 = flag: flag
# span 0 =      1.000,    355.000       
# span 1 =      0.990,    351.224       
# span 2 =    -1.0197,     1.2759       
# span 3 =  27.106292,  30.020472       
# span 4 =    -1.0190,     1.2751       
# span 5 =  27.104803,  30.018604       
# span 6 =     4.3056,     8.2429       
# span 7 =     4.3539,     8.0913       
# span 8 =    -0.0219,     1.5419       
# span 9 =    87.1689,    96.0453       
# span 10 = 1.0000e-12, 3.4020e+02      
# span 11 =  -64.93332,  -64.93306      
# span 12 =  -64.40008,  -64.39908      
# span 13 = 342.801396, 342.814518      
# span 14 =      -0.32,     100.45      
# span 15 = 3.0322e+02, 4.2663e+02      
# span 16 =    326.606,   1460.384      
# span 17 =       7840,      35050      
# span 18 =  1026.9865,  1029.4065      
# span 19 =  1026.9916,  1029.4053      
# span 20 =    33.5516,    34.6355      
# span 21 =    33.5488,    34.6340      
# span 22 =    7.77078,    8.31278      
# span 23 =          9,         46      
# span 24 = 0.0000e+00, 0.0000e+00      
# interval = decibars: 1                
# start_time = Dec 08 2021 19:08:34 [NMEA time, header]
# bad_flag = -9.990e-29
*END*
[from data line 406]
    299.000    295.856     1.1122  29.823307     1.1127  29.822696     4.4807     4.5314    -0.0004    95.8945 1.0000e-12  -64.93311  -64.39920 342.809514      99.97 3.4024e+02   1028.024      24674  1029.1252  1029.1241    34.5965    34.5952    7.80541         40 0.0000e+00
    298.000    294.868     1.1116  29.822155     1.1120  29.821463     4.4844     4.5289    -0.0068    95.9230 1.0000e-12  -64.93310  -64.39920 342.809530      99.97 3.4131e+02   1029.396      24707  1029.1203  1029.1192    34.5963    34.5949    7.80555         27 0.0000e+00
    297.000    293.879     1.1083  29.818561     1.1092  29.817816     4.4897     4.5352    -0.0144    95.9036 1.0000e-12  -64.93310  -64.39920 342.809542      99.97 3.4200e+02   1030.461      24732  1029.1156  1029.1139    34.5959    34.5940    7.80622         23 0.0000e+00
    296.000    292.892     1.1045  29.813861     1.1046  29.812778     4.4951     4.5357    -0.0150    95.9218 1.0000e-12  -64.93310  -64.39920 342.809553      99.98 3.4200e+02   1031.346      24753  1029.1102  1029.1090    34.5947    34.5932    7.80706         20 0.0000e+00
    295.000    291.901     1.1036  29.812478     1.1034  29.811113     4.4897     4.5313    -0.0058    95.9271 1.0000e-12  -64.93310  -64.39922 342.809562      99.97 3.4135e+02   1032.163      24773  1029.1054  1029.1042    34.5944    34.5929    7.80724         19 0.0000e+00
    294.000    290.911     1.1028  29.811115     1.1025  29.809702     4.4879     4.5379     0.0039    95.9306 1.0000e-12  -64.93310  -64.39920 342.809572      99.97 3.4024e+02   1033.020      24793  1029.1005  1029.0994    34.5942    34.5927    7.80741         22 0.0000e+00
    293.000    289.924     1.1023  29.810106     1.1024  29.809213     4.4852     4.5393    -0.0149    95.9177 1.0000e-12  -64.93310  -64.39920 342.809584      99.97 3.4024e+02   1034.034      24818  1029.0957  1029.0946    34.5940    34.5927    7.80752         27 0.0000e+00
    292.000    288.935     1.1030  29.810344     1.1015  29.807821     4.4891     4.5396    -0.0136    95.9022 1.0000e-12  -64.93310  -64.39920 342.809597      99.97 3.4024e+02   1035.177      24845  1029.0910  1029.0898    34.5942    34.5925    7.80738         27 0.0000e+00
    291.000    287.946     1.1014  29.808232     1.1013  29.807068     4.4946     4.5409    -0.0077    95.9035 1.0000e-12  -64.93310  -64.39920 342.809609      99.97 3.4024e+02   1036.247      24871  1029.0861  1029.0850    34.5938    34.5924    7.80772         25 0.0000e+00
    290.000    286.958     1.1009  29.807403     1.1003  29.805683     4.4914     4.5371    -0.0068    95.9268 1.0000e-12  -64.93310  -64.39920 342.809621      99.97 3.4024e+02   1037.281      24896  1029.0814  1029.0802    34.5938    34.5923    7.80781         25 0.0000e+00
    289.000    285.967     1.1012  29.807148     1.1005  29.805476     4.4897     4.5372    -0.0039    95.9271 1.0000e-12  -64.93310  -64.39920 342.809638      99.97 3.4024e+02   1038.692      24930  1029.0766  1029.0755    34.5938    34.5924    7.80775         39 0.0000e+00
    288.000    284.978     1.1023  29.807909     1.1014  29.805826     4.4929     4.5377    -0.0078    95.9271 1.0000e-12  -64.93310  -64.39920 342.809665      99.97 3.3882e+02   1041.031      24986  1029.0720  1029.0708    34.5941    34.5925    7.80752         38 0.0000e+00
    287.000    283.991     1.0985  29.803756     1.0996  29.803374     4.5074     4.5505    -0.0140    95.9271 1.0000e-12  -64.93310  -64.39920 342.809681      99.97 3.3847e+02   1042.473      25020  1029.0672  1029.0657    34.5935    34.5918    7.80830         27 0.0000e+00
    286.000    283.002     1.0920  29.796335     1.0930  29.795731     4.5133     4.5588    -0.0089    95.9271 1.0000e-12  -64.93308  -64.39920 342.809694      99.97 3.3847e+02   1043.525      25046  1029.0617  1029.0601    34.5919    34.5900    7.80970         24 0.0000e+00
    285.000    282.013     1.0797  29.782728     1.0794  29.780956     4.5175     4.5649    -0.0077    95.9271 1.0000e-12  -64.93309  -64.39920 342.809705      99.97 3.3847e+02   1044.554      25070  1029.0557  1029.0541    34.5886    34.5866    7.81234         25 0.0000e+00
    284.000    281.024     1.0767  29.778959     1.0764  29.777405     4.5158     4.5640    -0.0077    95.9271 1.0000e-12  -64.93310  -64.39921 342.809717      99.97 3.3847e+02   1045.575      25095  1029.0504  1029.0490    34.5876    34.5859    7.81298         24 0.0000e+00
    283.000    280.035     1.0776  29.779196     1.0769  29.777541     4.5194     4.5551    -0.0077    95.9044 1.0000e-12  -64.93310  -64.39922 342.809727      99.97 3.3847e+02   1046.448      25116  1029.0454  1029.0444    34.5875    34.5862    7.81281         19 0.0000e+00
    282.000    279.045     1.0792  29.780383     1.0789  29.779296     4.5129     4.5582    -0.0077    95.9030 1.0000e-12  -64.93310  -64.39922 342.809736      99.98 3.3847e+02   1047.191      25134  1029.0408  1029.0399    34.5878    34.5868    7.81247         16 0.0000e+00
    281.000    278.058     1.0812  29.782170     1.0810  29.781039     4.5108     4.5585    -0.0006    95.9047 1.0000e-12  -64.93310  -64.39921 342.809744      99.97 3.3847e+02   1047.875      25150  1029.0363  1029.0354    34.5885    34.5873    7.81203         16 0.0000e+00
    280.000    277.067     1.0829  29.783517     1.0828  29.782450     4.5107     4.5608    -0.0000    95.9014 1.0000e-12  -64.93310  -64.39920 342.809752      99.97 3.3838e+02   1048.575      25167  1029.0318  1029.0308    34.5890    34.5877    7.81168         19 0.0000e+00
    279.000    276.080     1.0824  29.782612     1.0820  29.781126     4.5115     4.5547    -0.0004    95.9175 1.0000e-12  -64.93310  -64.39919 342.809763      99.97 3.3692e+02   1049.557      25190  1029.0271  1029.0260    34.5889    34.5875    7.81177         30 0.0000e+00
    278.000    275.093     1.0806  29.780258     1.0804  29.779114     4.5091     4.5633    -0.0132    95.9072 1.0000e-12  -64.93308  -64.39918 342.809815      99.97 3.3495e+02   1053.974      25296  1029.0221  1029.0210    34.5885    34.5872    7.81216         29 0.0000e+00
    277.000    274.102     1.0815  29.780793     1.0811  29.779256     4.5169     4.5669    -0.0080    95.9028 1.0000e-12  -64.93308  -64.39918 342.809825      99.97 3.3495e+02   1054.911      25319  1029.0175  1029.0163    34.5887    34.5872    7.81196         18 0.0000e+00
    276.000    273.115     1.0796  29.778619     1.0796  29.777434     4.5287     4.5666    -0.0152    95.9196 1.0000e-12  -64.93308  -64.39919 342.809834      99.97 3.3495e+02   1055.629      25336  1029.0128  1029.0116    34.5886    34.5871    7.81234         16 0.0000e+00
    275.000    272.125     1.0766  29.774993     1.0768  29.773800     4.5417     4.5701    -0.0047    95.9044 1.0000e-12  -64.93308  -64.39920 342.809841      99.97 3.3453e+02   1056.292      25352  1029.0079  1029.0064    34.5879    34.5861    7.81299         17 0.0000e+00
    274.000    271.134     1.0701  29.768007     1.0701  29.766280     4.5435     4.5709     0.0090    95.9000 1.0000e-12  -64.93308  -64.39920 342.809849      99.97 3.3323e+02   1056.976      25368  1029.0028  1029.0010    34.5866    34.5845    7.81435         17 0.0000e+00
    273.000    270.146     1.0662  29.762985     1.0676  29.763287     4.5381     4.5720    -0.0061    95.8864 1.0000e-12  -64.93308  -64.39920 342.809858      99.97 3.3318e+02   1057.746      25387  1028.9971  1028.9961    34.5851    34.5839    7.81521         20 0.0000e+00
    272.000    269.157     1.0657  29.761843     1.0678  29.762683     4.5304     4.5716    -0.0077    95.8900 1.0000e-12  -64.93308  -64.39920 342.809869      99.98 3.3152e+02   1058.692      25410  1028.9923  1028.9910    34.5848    34.5835    7.81534         25 0.0000e+00
    271.000    268.169     1.0687  29.764434     1.0720  29.766570     4.5273     4.5729    -0.0077    95.8997 1.0000e-12  -64.93308  -64.39919 342.809884      99.98 3.3142e+02   1059.933      25439  1028.9877  1028.9865    34.5853    34.5844    7.81469         32 0.0000e+00
    270.000    267.180     1.0680  29.763764     1.0688  29.762990     4.5268     4.5751    -0.0095    95.8873 1.0000e-12  -64.93308  -64.39918 342.809900      99.97 3.3142e+02   1061.397      25475  1028.9833  1028.9818    34.5859    34.5840    7.81481         33 0.0000e+00
    269.000    266.191     1.0688  29.763807     1.0699  29.764108     4.5256     4.5733    -0.0112    95.9054 1.0000e-12  -64.93308  -64.39918 342.809920      99.97 3.3142e+02   1063.095      25515  1028.9783  1028.9775    34.5856    34.5847    7.81466         42 0.0000e+00
    268.000    265.203     1.0702  29.764829     1.0708  29.764422     4.5333     4.5803    -0.0058    95.9117 1.0000e-12  -64.93308  -64.39918 342.809940      99.97 3.3142e+02   1064.814      25557  1028.9738  1028.9727    34.5860    34.5848    7.81437         31 0.0000e+00
    267.000    264.214     1.0651  29.759218     1.0649  29.757558     4.5427     4.5834    -0.0003    95.8957 1.0000e-12  -64.93308  -64.39918 342.809954      99.97 3.3142e+02   1066.003      25585  1028.9687  1028.9672    34.5850    34.5831    7.81544         24 0.0000e+00
    266.000    263.225     1.0568  29.750276     1.0603  29.752088     4.5427     4.5868    -0.0014    95.9015 1.0000e-12  -64.93308  -64.39918 342.809965      99.97 3.3320e+02   1066.947      25608  1028.9634  1028.9619    34.5833    34.5818    7.81719         22 0.0000e+00
    265.000    262.235     1.0550  29.747480     1.0553  29.746669     4.5443     4.5886    -0.0073    95.9034 1.0000e-12  -64.93308  -64.39917 342.809976      99.97 3.3318e+02   1067.905      25631  1028.9581  1028.9569    34.5823    34.5809    7.81761         25 0.0000e+00
    264.000    261.246     1.0544  29.746463     1.0563  29.747295     4.5363     4.5865    -0.0051    95.9049 1.0000e-12  -64.93308  -64.39916 342.809990      99.97 3.3318e+02   1069.151      25661  1028.9533  1028.9522    34.5822    34.5811    7.81773         36 0.0000e+00
    263.000    260.257     1.0556  29.747473     1.0582  29.748475     4.5401     4.5915    -0.0022    95.9178 1.0000e-12  -64.93308  -64.39916 342.810008      99.97 3.3383e+02   1070.712      25698  1028.9488  1028.9473    34.5827    34.5812    7.81746         35 0.0000e+00
    262.000    259.269     1.0548  29.745819     1.0549  29.744811     4.5442     4.5868    -0.0099    95.9009 1.0000e-12  -64.93308  -64.39916 342.810023      99.98 3.3498e+02   1071.976      25728  1028.9436  1028.9425    34.5821    34.5807    7.81765         26 0.0000e+00
    261.000    258.280     1.0558  29.746274     1.0561  29.745893     4.5385     4.5900    -0.0097    95.9014 1.0000e-12  -64.93308  -64.39916 342.810034      99.97 3.3495e+02   1072.963      25752  1028.9389  1028.9381    34.5822    34.5813    7.81745         22 0.0000e+00
    260.000    257.288     1.0565  29.746952     1.0569  29.745876     4.5401     4.5927    -0.0077    95.9014 1.0000e-12  -64.93308  -64.39916 342.810045      99.97 3.3495e+02   1073.879      25774  1028.9346  1028.9331    34.5829    34.5810    7.81728         23 0.0000e+00
    259.000    256.303     1.0541  29.743938     1.0538  29.742471     4.5499     4.5900    -0.0077    95.9023 1.0000e-12  -64.93308  -64.39916 342.810057      99.97 3.3525e+02   1074.905      25799  1028.9296  1028.9284    34.5822    34.5806    7.81779         28 0.0000e+00
    258.000    255.313     1.0541  29.743367     1.0536  29.741916     4.5480     4.5996    -0.0077    95.8983 1.0000e-12  -64.93308  -64.39916 342.810072      99.97 3.3670e+02   1076.197      25830  1028.9248  1028.9237    34.5821    34.5808    7.81780         33 0.0000e+00
    257.000    254.323     1.0486  29.737266     1.0500  29.737401     4.5462     4.6004    -0.0077    95.9188 1.0000e-12  -64.93308  -64.39916 342.810087      99.97 3.3671e+02   1077.538      25862  1028.9196  1028.9184    34.5809    34.5796    7.81896         29 0.0000e+00
    256.000    253.335     1.0480  29.735962     1.0482  29.735104     4.5456     4.5990    -0.0077    95.9159 1.0000e-12  -64.93308  -64.39915 342.810100      99.97 3.3671e+02   1078.619      25888  1028.9146  1028.9135    34.5805    34.5791    7.81911         23 0.0000e+00
    255.000    252.346     1.0481  29.735753     1.0475  29.733970     4.5484     4.6016    -0.0077    95.9001 1.0000e-12  -64.93308  -64.39914 342.810111      99.97 3.3671e+02   1079.552      25910  1028.9100  1028.9088    34.5807    34.5790    7.81908         23 0.0000e+00
    254.000    251.356     1.0473  29.734406     1.0474  29.733470     4.5516     4.5981    -0.0124    95.9006 1.0000e-12  -64.93308  -64.39913 342.810123      99.97 3.3671e+02   1080.625      25936  1028.9051  1028.9041    34.5804    34.5791    7.81924         32 0.0000e+00
    253.000    250.367     1.0493  29.736046     1.0484  29.734082     4.5602     4.6040    -0.0042    95.8905 1.0000e-12  -64.93308  -64.39913 342.810156      99.97 3.3800e+02   1083.466      26004  1028.9005  1028.8994    34.5809    34.5793    7.81882         34 0.0000e+00
    252.000    249.379     1.0483  29.734642     1.0477  29.732672     4.6068     4.6297    -0.0124    95.9018 1.0000e-12  -64.93308  -64.39914 342.810173      99.97 3.3849e+02   1084.908      26039  1028.8958  1028.8944    34.5808    34.5789    7.81903         20 0.0000e+00
    251.000    248.390     1.0453  29.731676     1.0451  29.729468     4.6355     4.6438    -0.0151    95.9014 1.0000e-12  -64.93308  -64.39914 342.810180      99.97 3.3847e+02   1085.599      26055  1028.8914  1028.8894    34.5808    34.5783    7.81962         15 0.0000e+00
    250.000    247.401     1.0310  29.717602     1.0332  29.716454     4.6427     4.6499    -0.0007    95.9014 1.0000e-12  -64.93308  -64.39914 342.810188      99.97 3.3847e+02   1086.218      26070  1028.8867  1028.8835    34.5792    34.5753    7.82257         16 0.0000e+00
    249.000    246.411     1.0091  29.693231     1.0134  29.695242     4.6426     4.6509    -0.0028    95.9014 1.0000e-12  -64.93308  -64.39914 342.810195      99.97 3.3847e+02   1086.859      26086  1028.8791  1028.8768    34.5727    34.5705    7.82732         15 0.0000e+00
    248.000    245.422     1.0026  29.685232     1.0057  29.686928     4.6269     4.6545    -0.0076    95.8776 1.0000e-12  -64.93308  -64.39914 342.810204      99.97 3.3847e+02   1087.632      26104  1028.8729  1028.8715    34.5702    34.5689    7.82876         22 0.0000e+00
    247.000    244.434     1.0105  29.692572     1.0154  29.696218     4.6180     4.6563    -0.0057    95.8625 1.0000e-12  -64.93308  -64.39913 342.810217      99.97 3.3847e+02   1088.767      26131  1028.8682  1028.8672    34.5714    34.5707    7.82710         32 0.0000e+00
    246.000    243.445     1.0084  29.690261     1.0096  29.690480     4.6003     4.6518    -0.0043    95.8406 1.0000e-12  -64.93308  -64.39912 342.810235      99.97 3.3847e+02   1090.297      26168  1028.8635  1028.8626    34.5714    34.5703    7.82753         38 0.0000e+00
    245.000    242.455     1.0169  29.698105     1.0152  29.696369     4.5996     4.6542    -0.0027    95.8420 1.0000e-12  -64.93308  -64.39911 342.810253      99.97 3.3847e+02   1091.887      26206  1028.8588  1028.8588    34.5727    34.5723    7.82576         36 0.0000e+00
    244.000    241.467     1.0211  29.702572     1.0127  29.693021     4.6529     4.6679    -0.0012    95.8507 1.0000e-12  -64.93308  -64.39910 342.810271      99.97 3.3847e+02   1093.455      26244  1028.8550  1028.8535    34.5743    34.5713    7.82482         36 0.0000e+00
    243.000    240.478     1.0002  29.680877     1.0032  29.681873     4.6996     4.7018    -0.0019    95.8350 1.0000e-12  -64.93308  -64.39910 342.810287      99.97 3.3847e+02   1094.835      26277  1028.8489  1028.8470    34.5701    34.5681    7.82923         30 0.0000e+00
