NBP2113_155081_ctd/data/nbp2113_032.cnv
* Sea-Bird SBE 9 Data File:
* FileName = D:\Data\raw\NBP2113_032.hex
* Software Version Seasave V 7.26.7.121
* Temperature SN = 2438
* Conductivity SN = 2067
* Number of Bytes Per Scan = 40
* Number of Voltage Words = 5
* Number of Scans Averaged by the Deck Unit = 1
* NMEA Latitude = 65 50.96 S
* NMEA Longitude = 071 22.70 W
* NMEA UTC (Time) = Dec 07 2021  06:49:20
* NMEA baud rate = 9600
** Ship: RVIB N.B. Palmer
** Cruise: NBP2113 LTER
** Station: 300.200
** Operator: B. Urmston
# nquan = 25
# nvalues = 6193                        
# units = specified
# name 0 = prDM: Pressure, Digiquartz [db]
# name 1 = depSM: Depth [salt water, m]
# name 2 = t090C: Temperature [ITS-90, deg C]
# name 3 = c0mS/cm: Conductivity [mS/cm]
# name 4 = t190C: Temperature, 2 [ITS-90, deg C]
# name 5 = c1mS/cm: Conductivity, 2 [mS/cm]
# name 6 = sbeox0ML/L: Oxygen, SBE 43 [ml/l]
# name 7 = sbeox1ML/L: Oxygen, SBE 43, 2 [ml/l]
# name 8 = flECO-AFL: Fluorescence, WET Labs ECO-AFL/FL [mg/m^3]
# name 9 = CStarTr0: Beam Transmission, WET Labs C-Star [%]
# name 10 = par: PAR/Irradiance, Biospherical/Licor
# name 11 = latitude: Latitude [deg]
# name 12 = longitude: Longitude [deg]
# name 13 = timeJ: Julian Days
# name 14 = altM: Altimeter [m]
# name 15 = spar: SPAR, Biospherical/Licor
# name 16 = timeS: Time, Elapsed [seconds]
# name 17 = scan: Scan Count
# name 18 = density00: Density [density, kg/m^3]
# name 19 = density11: Density, 2 [density, kg/m^3]
# name 20 = sal00: Salinity, Practical [PSU]
# name 21 = sal11: Salinity, Practical, 2 [PSU]
# name 22 = oxsolML/L: Oxygen Saturation, Garcia & Gordon [ml/l]
# name 23 = nbin: number of scans per bin
# name 24 = flag: flag
# span 0 =      1.000,   3101.000       
# span 1 =      0.986,   3048.007       
# span 2 =    -0.7633,     2.0337       
# span 3 =  27.681656,  30.764586       
# span 4 =    -0.7634,     2.0332       
# span 5 =  27.681603,  30.763305       
# span 6 =     3.8892,     9.6495       
# span 7 =     3.9450,     9.4562       
# span 8 =    -0.0250,     3.2232       
# span 9 =    89.2440,    96.2388       
# span 10 = 1.0000e-12, 1.0000e-12      
# span 11 =  -65.84929,  -65.84874      
# span 12 =  -71.37840,  -71.37770      
# span 13 = 341.286521, 341.375807      
# span 14 =      -5.76,     102.01      
# span 15 = 2.1537e+01, 1.8165e+02      
# span 16 =    195.450,   7909.685      
# span 17 =       4692,     189833      
# span 18 =  1027.2241,  1042.0899      
# span 19 =  1027.2234,  1042.0891      
# span 20 =    33.8734,    34.7306      
# span 21 =    33.8721,    34.7298      
# span 22 =    7.62252,    8.22958      
# span 23 =         10,         67      
# span 24 = 0.0000e+00, 0.0000e+00      
# interval = decibars: 1                
# start_time = Dec 07 2021 06:49:20 [NMEA time, header]
# bad_flag = -9.990e-29
*END*
[from data line 3015]
   3024.000   2972.849     0.4807  30.488036     0.4810  30.487500     4.6032     4.6588    -0.0107    95.9846 1.0000e-12  -65.84918  -71.37822 341.330349      84.31 4.3123e+01   3982.148      95573  1041.7480  1041.7472    34.7020    34.7010    7.92730         39 0.0000e+00
   3025.000   2973.828     0.4806  30.488262     0.4810  30.487766     4.6112     4.6603    -0.0114    95.9789 1.0000e-12  -65.84918  -71.37821 341.330379      83.24 4.4026e+01   3984.727      95634  1041.7525  1041.7516    34.7019    34.7008    7.92732         31 0.0000e+00
   3026.000   2974.802     0.4807  30.488717     0.4808  30.488199     4.6058     4.6575    -0.0129    95.9786 1.0000e-12  -65.84918  -71.37820 341.330399      82.45 4.4072e+01   3986.469      95676  1041.7569  1041.7562    34.7019    34.7011    7.92731         27 0.0000e+00
   3027.000   2975.777     0.4807  30.489182     0.4808  30.488694     4.6118     4.6551    -0.0075    95.9786 1.0000e-12  -65.84918  -71.37820 341.330410      81.65 4.4072e+01   3987.425      95699  1041.7615  1041.7608    34.7021    34.7012    7.92730         20 0.0000e+00
   3028.000   2976.753     0.4810  30.489791     0.4812  30.489357     4.6108     4.6492    -0.0077    95.9786 1.0000e-12  -65.84918  -71.37820 341.330419      80.68 4.4072e+01   3988.211      95718  1041.7658  1041.7652    34.7020    34.7012    7.92724         19 0.0000e+00
   3029.000   2977.734     0.4812  30.490308     0.4813  30.489731     4.5975     4.6545    -0.0077    95.9786 1.0000e-12  -65.84918  -71.37820 341.330427      79.79 4.4072e+01   3988.930      95735  1041.7702  1041.7695    34.7020    34.7011    7.92720         16 0.0000e+00
   3030.000   2978.705     0.4809  30.490445     0.4809  30.489703     4.5995     4.6582    -0.0077    95.9786 1.0000e-12  -65.84918  -71.37820 341.330436      78.82 4.4072e+01   3989.649      95753  1041.7747  1041.7740    34.7020    34.7010    7.92726         18 0.0000e+00
   3031.000   2979.683     0.4812  30.491080     0.4813  30.490549     4.6073     4.6578    -0.0077    95.9786 1.0000e-12  -65.84918  -71.37820 341.330445      77.78 4.4072e+01   3990.405      95771  1041.7791  1041.7785    34.7019    34.7012    7.92719         19 0.0000e+00
   3032.000   2980.660     0.4809  30.491141     0.4811  30.490714     4.6076     4.6576    -0.0097    95.9786 1.0000e-12  -65.84916  -71.37822 341.330454      76.77 4.4072e+01   3991.254      95791  1041.7836  1041.7829    34.7019    34.7011    7.92726         22 0.0000e+00
   3033.000   2981.636     0.4805  30.491257     0.4808  30.490738     4.5970     4.6594    -0.0103    95.9551 1.0000e-12  -65.84918  -71.37822 341.330466      75.75 4.4072e+01   3992.295      95816  1041.7882  1041.7873    34.7020    34.7010    7.92734         28 0.0000e+00
   3034.000   2982.612     0.4805  30.491584     0.4808  30.491101     4.5924     4.6603    -0.0137    95.9747 1.0000e-12  -65.84918  -71.37822 341.330483      74.55 4.4072e+01   3993.755      95851  1041.7926  1041.7917    34.7020    34.7010    7.92734         34 0.0000e+00
   3035.000   2983.587     0.4806  30.492099     0.4809  30.491563     4.6056     4.6615    -0.0084    95.9708 1.0000e-12  -65.84918  -71.37822 341.330518      73.49 4.4072e+01   3996.745      95923  1041.7970  1041.7962    34.7020    34.7010    7.92731         36 0.0000e+00
   3036.000   2984.564     0.4809  30.492678     0.4811  30.492162     4.6128     4.6505    -0.0027    95.9769 1.0000e-12  -65.84918  -71.37822 341.330539      72.72 4.4072e+01   3998.545      95966  1041.8014  1041.8007    34.7020    34.7011    7.92726         27 0.0000e+00
   3037.000   2985.538     0.4807  30.492958     0.4807  30.492262     4.6008     4.6497    -0.0080    95.9620 1.0000e-12  -65.84918  -71.37822 341.330549      71.83 4.4072e+01   3999.475      95988  1041.8060  1041.8053    34.7020    34.7012    7.92729         20 0.0000e+00
   3038.000   2986.518     0.4810  30.493462     0.4811  30.492886     4.5989     4.6538    -0.0077    95.9529 1.0000e-12  -65.84918  -71.37822 341.330559      70.85 4.4072e+01   4000.267      96007  1041.8103  1041.8096    34.7019    34.7011    7.92724         18 0.0000e+00
   3039.000   2987.493     0.4806  30.493513     0.4809  30.493039     4.6110     4.6525    -0.0077    95.9529 1.0000e-12  -65.84918  -71.37822 341.330567      70.03 4.4072e+01   4000.999      96025  1041.8148  1041.8140    34.7020    34.7011    7.92733         17 0.0000e+00
   3040.000   2988.471     0.4803  30.493610     0.4805  30.493061     4.6083     4.6566    -0.0077    95.9529 1.0000e-12  -65.84918  -71.37822 341.330576      68.95 4.4072e+01   4001.740      96043  1041.8192  1041.8185    34.7019    34.7010    7.92738         18 0.0000e+00
   3041.000   2989.443     0.4801  30.493856     0.4804  30.493367     4.6028     4.6589    -0.0077    95.9529 1.0000e-12  -65.84918  -71.37822 341.330585      68.02 4.4072e+01   4002.525      96062  1041.8238  1041.8230    34.7020    34.7010    7.92743         20 0.0000e+00
   3042.000   2990.421     0.4810  30.495019     0.4813  30.494569     4.5899     4.6569    -0.0077    95.9529 1.0000e-12  -65.84918  -71.37822 341.330595      66.95 4.4072e+01   4003.376      96082  1041.8281  1041.8273    34.7020    34.7011    7.92724         21 0.0000e+00
   3043.000   2991.397     0.4811  30.495545     0.4812  30.494796     4.5931     4.6575    -0.0080    95.9529 1.0000e-12  -65.84916  -71.37822 341.330606      65.95 4.4072e+01   4004.317      96105  1041.8326  1041.8318    34.7021    34.7010    7.92722         24 0.0000e+00
   3044.000   2992.374     0.4807  30.495512     0.4809  30.494882     4.5989     4.6605    -0.0121    95.9529 1.0000e-12  -65.84916  -71.37822 341.330618      64.92 4.4072e+01   4005.390      96130  1041.8370  1041.8362    34.7020    34.7010    7.92729         29 0.0000e+00
   3045.000   2993.348     0.4807  30.495826     0.4810  30.495266     4.6010     4.6563    -0.0133    95.9529 1.0000e-12  -65.84918  -71.37823 341.330637      63.77 4.4072e+01   4007.004      96169  1041.8415  1041.8406    34.7020    34.7009    7.92731         35 0.0000e+00
   3046.000   2994.325     0.4807  30.496259     0.4811  30.495772     4.6066     4.6509    -0.0107    95.9529 1.0000e-12  -65.84918  -71.37823 341.330674      62.76 4.4072e+01   4010.195      96246  1041.8459  1041.8450    34.7020    34.7009    7.92730         37 0.0000e+00
   3047.000   2995.302     0.4811  30.496875     0.4812  30.496291     4.6116     4.6569    -0.0151    95.9529 1.0000e-12  -65.84918  -71.37822 341.330689      61.96 4.4072e+01   4011.520      96277  1041.8503  1041.8496    34.7019    34.7011    7.92722         26 0.0000e+00
   3048.000   2996.277     0.4809  30.497175     0.4811  30.496659     4.6096     4.6522    -0.0150    95.9529 1.0000e-12  -65.84918  -71.37822 341.330700      61.12 4.4072e+01   4012.482      96301  1041.8548  1041.8541    34.7020    34.7011    7.92725         21 0.0000e+00
   3049.000   2997.254     0.4811  30.497662     0.4813  30.497177     4.6045     4.6566    -0.0080    95.9529 1.0000e-12  -65.84916  -71.37822 341.330710      60.12 4.4072e+01   4013.324      96321  1041.8592  1041.8585    34.7020    34.7011    7.92723         20 0.0000e+00
   3050.000   2998.229     0.4811  30.497970     0.4812  30.497483     4.5929     4.6596    -0.0126    95.9529 1.0000e-12  -65.84916  -71.37820 341.330719      59.23 4.4072e+01   4014.106      96340  1041.8636  1041.8629    34.7019    34.7011    7.92723         18 0.0000e+00
   3051.000   2999.207     0.4810  30.498330     0.4814  30.497928     4.5982     4.6585    -0.0154    95.9529 1.0000e-12  -65.84916  -71.37821 341.330728      58.22 4.4072e+01   4014.879      96358  1041.8681  1041.8673    34.7019    34.7010    7.92724         19 0.0000e+00
   3052.000   3000.181     0.4813  30.499034     0.4815  30.498460     4.6071     4.6589    -0.0150    95.9529 1.0000e-12  -65.84916  -71.37822 341.330737      57.19 4.4072e+01   4015.681      96377  1041.8726  1041.8718    34.7020    34.7011    7.92718         20 0.0000e+00
   3053.000   3001.158     0.4811  30.499259     0.4814  30.498721     4.6050     4.6551    -0.0153    95.9518 1.0000e-12  -65.84916  -71.37822 341.330747      56.17 4.4072e+01   4016.580      96399  1041.8770  1041.8763    34.7020    34.7011    7.92721         24 0.0000e+00
   3054.000   3002.135     0.4814  30.499851     0.4818  30.499305     4.5958     4.6538    -0.0090    95.9342 1.0000e-12  -65.84917  -71.37822 341.330761      55.11 4.4072e+01   4017.724      96426  1041.8814  1041.8805    34.7020    34.7009    7.92715         31 0.0000e+00
   3055.000   3003.110     0.4816  30.500376     0.4820  30.499865     4.6000     4.6567    -0.0097    95.9425 1.0000e-12  -65.84918  -71.37822 341.330777      54.06 4.4072e+01   4019.146      96460  1041.8858  1041.8849    34.7020    34.7009    7.92711         34 0.0000e+00
   3056.000   3004.087     0.4817  30.500811     0.4822  30.500396     4.5938     4.6594    -0.0154    95.9327 1.0000e-12  -65.84918  -71.37822 341.330793      53.11 4.4072e+01   4020.487      96493  1041.8903  1041.8894    34.7020    34.7009    7.92710         31 0.0000e+00
   3057.000   3005.064     0.4818  30.501281     0.4822  30.500771     4.5994     4.6530    -0.0108    95.9443 1.0000e-12  -65.84917  -71.37822 341.330809      52.07 4.4072e+01   4021.895      96526  1041.8947  1041.8938    34.7020    34.7009    7.92707         31 0.0000e+00
   3058.000   3006.037     0.4819  30.501768     0.4822  30.501208     4.6063     4.6573    -0.0124    95.9384 1.0000e-12  -65.84916  -71.37822 341.330844      51.03 4.4072e+01   4024.886      96598  1041.8992  1041.8983    34.7020    34.7009    7.92705         26 0.0000e+00
   3059.000   3007.016     0.4821  30.502194     0.4823  30.501615     4.6034     4.6583    -0.0151    95.9334 1.0000e-12  -65.84916  -71.37822 341.330861      50.25 4.4072e+01   4026.360      96634  1041.9034  1041.9027    34.7018    34.7009    7.92701         24 0.0000e+00
   3060.000   3007.989     0.4823  30.502784     0.4825  30.502307     4.6131     4.6568    -0.0118    95.9414 1.0000e-12  -65.84918  -71.37822 341.330870      49.41 4.4072e+01   4027.183      96653  1041.9080  1041.9072    34.7020    34.7011    7.92698         18 0.0000e+00
   3061.000   3008.969     0.4825  30.503349     0.4827  30.502761     4.6143     4.6493    -0.0077    95.9495 1.0000e-12  -65.84918  -71.37822 341.330878      48.52 4.4072e+01   4027.880      96670  1041.9124  1041.9116    34.7020    34.7010    7.92694         15 0.0000e+00
   3062.000   3009.943     0.4826  30.503847     0.4828  30.503277     4.5975     4.6527    -0.0077    95.9335 1.0000e-12  -65.84918  -71.37822 341.330886      47.69 4.4072e+01   4028.521      96686  1041.9168  1041.9161    34.7020    34.7011    7.92691         16 0.0000e+00
   3063.000   3010.918     0.4828  30.504283     0.4829  30.503787     4.5889     4.6504    -0.0082    95.9458 1.0000e-12  -65.84918  -71.37822 341.330893      46.63 4.4072e+01   4029.155      96701  1041.9212  1041.9206    34.7019    34.7012    7.92688         15 0.0000e+00
   3064.000   3011.896     0.4828  30.504751     0.4831  30.504274     4.6013     4.6491    -0.0077    95.9349 1.0000e-12  -65.84918  -71.37821 341.330901      45.58 4.4072e+01   4029.823      96717  1041.9257  1041.9250    34.7020    34.7011    7.92686         17 0.0000e+00
   3065.000   3012.872     0.4828  30.505031     0.4829  30.504634     4.6094     4.6567     0.0020    95.9272 1.0000e-12  -65.84917  -71.37821 341.330910      44.56 4.4072e+01   4030.591      96735  1041.9301  1041.9295    34.7019    34.7012    7.92688         20 0.0000e+00
   3066.000   3013.848     0.4825  30.505249     0.4828  30.504810     4.6035     4.6492    -0.0025    95.9351 1.0000e-12  -65.84916  -71.37822 341.330923      43.35 4.4072e+01   4031.704      96762  1041.9347  1041.9339    34.7020    34.7011    7.92693         36 0.0000e+00
   3067.000   3014.824     0.4826  30.505662     0.4830  30.505228     4.5995     4.6550    -0.0095    95.9384 1.0000e-12  -65.84916  -71.37822 341.330959      42.20 4.4072e+01   4034.861      96838  1041.9391  1041.9382    34.7020    34.7009    7.92692         34 0.0000e+00
   3068.000   3015.800     0.4826  30.505983     0.4829  30.505485     4.5986     4.6550    -0.0081    95.9295 1.0000e-12  -65.84916  -71.37822 341.330984      41.37 4.4072e+01   4036.995      96889  1041.9434  1041.9426    34.7018    34.7009    7.92691         31 0.0000e+00
   3069.000   3016.774     0.4828  30.506405     0.4830  30.505946     4.6013     4.6594    -0.0052    95.9271 1.0000e-12  -65.84916  -71.37820 341.330998      40.47 4.4072e+01   4038.252      96919  1041.9478  1041.9471    34.7018    34.7009    7.92689         29 0.0000e+00
   3070.000   3017.752     0.4824  30.506620     0.4829  30.506280     4.6075     4.6560    -0.0127    95.9271 1.0000e-12  -65.84916  -71.37820 341.331012      39.54 4.4072e+01   4039.414      96947  1041.9524  1041.9516    34.7019    34.7010    7.92695         25 0.0000e+00
   3071.000   3018.728     0.4824  30.506868     0.4824  30.506289     4.5950     4.6582    -0.0049    95.9271 1.0000e-12  -65.84916  -71.37820 341.331024      38.57 4.4072e+01   4040.514      96973  1041.9568  1041.9562    34.7018    34.7011    7.92696         26 0.0000e+00
   3072.000   3019.703     0.4825  30.507350     0.4826  30.506860     4.5949     4.6599    -0.0106    95.9230 1.0000e-12  -65.84916  -71.37820 341.331037      37.60 4.4072e+01   4041.580      96999  1041.9612  1041.9606    34.7019    34.7011    7.92694         25 0.0000e+00
   3073.000   3020.679     0.4825  30.507649     0.4826  30.507138     4.6007     4.6543    -0.0103    95.9252 1.0000e-12  -65.84916  -71.37820 341.331049      36.62 4.4072e+01   4042.670      97025  1041.9656  1041.9650    34.7018    34.7010    7.92695         28 0.0000e+00
   3074.000   3021.655     0.4822  30.507931     0.4825  30.507422     4.5898     4.6616    -0.0131    95.9327 1.0000e-12  -65.84916  -71.37821 341.331071      35.52 4.4072e+01   4044.507      97069  1041.9702  1041.9694    34.7019    34.7010    7.92699         36 0.0000e+00
   3075.000   3022.632     0.4825  30.508528     0.4829  30.508038     4.6019     4.6592    -0.0110    95.9046 1.0000e-12  -65.84916  -71.37822 341.331123      34.57 4.4072e+01   4049.022      97178  1041.9746  1041.9737    34.7019    34.7009    7.92693         32 0.0000e+00
   3076.000   3023.607     0.4828  30.509281     0.4832  30.508737     4.5944     4.6638    -0.0036    95.9058 1.0000e-12  -65.84916  -71.37821 341.331134      33.66 4.4072e+01   4050.011      97201  1041.9791  1041.9782    34.7020    34.7010    7.92686         29 0.0000e+00
   3077.000   3024.587     0.4827  30.509397     0.4831  30.509056     4.5978     4.6573    -0.0098    95.9127 1.0000e-12  -65.84916  -71.37819 341.331156      32.59 4.4072e+01   4051.913      97247  1041.9835  1041.9827    34.7019    34.7010    7.92690         26 0.0000e+00
   3078.000   3025.560     0.4828  30.509930     0.4832  30.509495     4.6042     4.6486    -0.0118    95.9206 1.0000e-12  -65.84916  -71.37818 341.331188      31.70 4.4072e+01   4054.679      97313  1041.9879  1041.9871    34.7020    34.7010    7.92687         26 0.0000e+00
   3079.000   3026.534     0.4830  30.510436     0.4832  30.509900     4.5970     4.6528    -0.0105    95.9248 1.0000e-12  -65.84916  -71.37820 341.331198      30.93 4.4072e+01   4055.522      97334  1041.9924  1041.9916    34.7019    34.7011    7.92684         21 0.0000e+00
   3080.000   3027.511     0.4829  30.510845     0.4831  30.510262     4.6015     4.6621    -0.0149    95.9183 1.0000e-12  -65.84916  -71.37820 341.331208      29.90 4.4072e+01   4056.398      97355  1041.9969  1041.9961    34.7021    34.7011    7.92685         23 0.0000e+00
