NBP2113_155081_ctd/data/nbp2113_064.cnv
* Sea-Bird SBE 9 Data File:
* FileName = D:\Data\raw\NBP2113_064.hex
* Software Version Seasave V 7.26.7.121
* Temperature SN = 2438
* Conductivity SN = 2067
* Number of Bytes Per Scan = 40
* Number of Voltage Words = 5
* Number of Scans Averaged by the Deck Unit = 1
* NMEA Latitude = 64 10.41 S
* NMEA Longitude = 061 58.85 W
* NMEA UTC (Time) = Dec 14 2021  13:32:28
* NMEA baud rate = 9600
** Ship: RVIB N.B. Palmer
** Cruise: NBP2113 LTER
** Station: 739.006
** Operator: B. Urmston
# nquan = 25
# nvalues = 1595                        
# units = specified
# name 0 = prDM: Pressure, Digiquartz [db]
# name 1 = depSM: Depth [salt water, m]
# name 2 = t090C: Temperature [ITS-90, deg C]
# name 3 = c0mS/cm: Conductivity [mS/cm]
# name 4 = t190C: Temperature, 2 [ITS-90, deg C]
# name 5 = c1mS/cm: Conductivity, 2 [mS/cm]
# name 6 = sbeox0ML/L: Oxygen, SBE 43 [ml/l]
# name 7 = sbeox1ML/L: Oxygen, SBE 43, 2 [ml/l]
# name 8 = flECO-AFL: Fluorescence, WET Labs ECO-AFL/FL [mg/m^3]
# name 9 = CStarTr0: Beam Transmission, WET Labs C-Star [%]
# name 10 = par: PAR/Irradiance, Biospherical/Licor
# name 11 = latitude: Latitude [deg]
# name 12 = longitude: Longitude [deg]
# name 13 = timeJ: Julian Days
# name 14 = altM: Altimeter [m]
# name 15 = spar: SPAR, Biospherical/Licor
# name 16 = timeS: Time, Elapsed [seconds]
# name 17 = scan: Scan Count
# name 18 = density00: Density [density, kg/m^3]
# name 19 = density11: Density, 2 [density, kg/m^3]
# name 20 = sal00: Salinity, Practical [PSU]
# name 21 = sal11: Salinity, Practical, 2 [PSU]
# name 22 = oxsolML/L: Oxygen Saturation, Garcia & Gordon [ml/l]
# name 23 = nbin: number of scans per bin
# name 24 = flag: flag
# span 0 =      1.000,    800.000       
# span 1 =      0.992,    790.676       
# span 2 =    -0.6690,     0.4215       
# span 3 =  28.308071,  28.962639       
# span 4 =    -0.6691,     0.4221       
# span 5 =  28.306287,  28.961151       
# span 6 =     5.3862,    10.2297       
# span 7 =     5.4835,     9.2488       
# span 8 =    -0.0298,     1.5418       
# span 9 =    83.2333,    91.2351       
# span 10 = 1.0000e-12, 4.0452e+02      
# span 11 =  -64.17386,  -64.17328      
# span 12 =  -61.98120,  -61.97968      
# span 13 = 348.567728, 348.596410      
# span 14 =       9.88,      99.98      
# span 15 = 3.6492e+02, 5.0066e+02      
# span 16 =    303.725,   2781.795      
# span 17 =       7290,      66764      
# span 18 =  1027.2022,  1031.5571      
# span 19 =  1027.2113,  1031.5560      
# span 20 =    33.9008,    34.5366      
# span 21 =    33.9117,    34.5351      
# span 22 =    7.98122,    8.17887      
# span 23 =          7,         56      
# span 24 = 0.0000e+00, 0.0000e+00      
# interval = decibars: 1                
# start_time = Dec 14 2021 13:32:28 [NMEA time, header]
# bad_flag = -9.990e-29
*END*
[from data line 1508]
     87.000     86.133     0.0548  28.510392     0.0546  28.503393     6.6008     6.6547     0.1477    89.9753 2.0043e-01  -64.17376  -61.98094 348.594158      99.97 3.7197e+02   2587.254      62095  1027.8616  1027.8543    34.1869    34.1779    8.04439         28 0.0000e+00
     86.000     85.144     0.0550  28.507599     0.0537  28.501394     6.5951     6.6576     0.1534    89.9667 2.1412e-01  -64.17376  -61.98094 348.594172      99.97 3.7127e+02   2588.439      62124  1027.8541  1027.8488    34.1836    34.1768    8.04454         27 0.0000e+00
     85.000     84.154     0.0546  28.506306     0.0536  28.499683     6.6021     6.6675     0.1629    89.9643 2.2786e-01  -64.17376  -61.98094 348.594186      99.97 3.7021e+02   2589.682      62153  1027.8489  1027.8428    34.1829    34.1753    8.04466         30 0.0000e+00
     84.000     83.165     0.0539  28.501088     0.0534  28.498704     6.6106     6.6852     0.1714    89.9558 2.4199e-01  -64.17376  -61.98094 348.594200      99.97 3.7021e+02   2590.924      62183  1027.8397  1027.8376    34.1774    34.1748    8.04511         29 0.0000e+00
     83.000     82.174     0.0531  28.498911     0.0516  28.495632     6.6272     6.6926     0.1679    89.9601 2.5698e-01  -64.17376  -61.98092 348.594215      99.97 3.7021e+02   2592.147      62213  1027.8339  1027.8318    34.1761    34.1734    8.04536         30 0.0000e+00
     82.000     81.185     0.0523  28.497375     0.0497  28.490165     6.6363     6.7074     0.1732    89.9533 2.7345e-01  -64.17376  -61.98092 348.594228      99.97 3.6852e+02   2593.340      62241  1027.8287  1027.8236    34.1754    34.1689    8.04555         28 0.0000e+00
     81.000     80.196     0.0511  28.493317     0.0501  28.488816     6.6524     6.7260     0.1690    89.9156 2.9008e-01  -64.17376  -61.98092 348.594242      99.97 3.6844e+02   2594.483      62269  1027.8213  1027.8174    34.1721    34.1673    8.04601         27 0.0000e+00
     80.000     79.203     0.0510  28.491804     0.0486  28.482797     6.6721     6.7387     0.1619    89.9436 3.0781e-01  -64.17376  -61.98091 348.594255      99.97 3.6844e+02   2595.618      62296  1027.8155  1027.8082    34.1708    34.1615    8.04609         25 0.0000e+00
     79.000     78.216     0.0493  28.484823     0.0469  28.476932     6.6774     6.7407     0.1734    89.9275 3.2637e-01  -64.17376  -61.98090 348.594269      99.97 3.6844e+02   2596.807      62324  1027.8054  1027.7993    34.1640    34.1563    8.04683         30 0.0000e+00
     78.000     77.225     0.0479  28.479977     0.0465  28.476447     6.6810     6.7453     0.1901    89.9274 3.4591e-01  -64.17376  -61.98090 348.594282      99.97 3.6794e+02   2598.005      62353  1027.7974  1027.7948    34.1598    34.1566    8.04737         28 0.0000e+00
     77.000     76.235     0.0474  28.478428     0.0455  28.473557     6.6733     6.7521     0.1952    89.9274 3.6591e-01  -64.17376  -61.98090 348.594296      99.97 3.6669e+02   2599.156      62381  1027.7918  1027.7884    34.1588    34.1545    8.04751         27 0.0000e+00
     76.000     75.246     0.0465  28.475781     0.0452  28.472616     6.6660     6.7513     0.1788    89.9184 3.8955e-01  -64.17376  -61.98088 348.594309      99.97 3.6668e+02   2600.295      62408  1027.7856  1027.7834    34.1570    34.1542    8.04782         28 0.0000e+00
     75.000     74.256     0.0478  28.478815     0.0452  28.471969     6.6626     6.7459     0.2001    89.9212 4.1303e-01  -64.17376  -61.98088 348.594323      99.97 3.6668e+02   2601.497      62437  1027.7833  1027.7785    34.1602    34.1540    8.04737         29 0.0000e+00
     74.000     73.265     0.0466  28.475781     0.0450  28.471052     6.6766     6.7436     0.2048    89.9239 4.3715e-01  -64.17376  -61.98088 348.594337      99.97 3.6668e+02   2602.729      62467  1027.7770  1027.7733    34.1582    34.1536    8.04774         29 0.0000e+00
     73.000     72.276     0.0465  28.473801     0.0451  28.470657     6.6721     6.7495     0.1899    89.9104 4.6276e-01  -64.17376  -61.98087 348.594351      99.97 3.6668e+02   2603.932      62495  1027.7706  1027.7686    34.1561    34.1536    8.04785         29 0.0000e+00
     72.000     71.286     0.0474  28.473024     0.0465  28.471365     6.6754     6.7529     0.1931    89.9035 4.8978e-01  -64.17376  -61.98086 348.594364      99.97 3.6668e+02   2605.093      62523  1027.7646  1027.7636    34.1547    34.1535    8.04774         27 0.0000e+00
     71.000     70.297     0.0492  28.473727     0.0477  28.471528     6.6712     6.7499     0.1926    89.9214 5.1852e-01  -64.17376  -61.98086 348.594377      99.97 3.6661e+02   2606.181      62549  1027.7593  1027.7584    34.1542    34.1531    8.04739         26 0.0000e+00
     70.000     69.306     0.0497  28.473669     0.0488  28.471657     6.6770     6.7511     0.1898    89.9245 5.5014e-01  -64.17374  -61.98086 348.594390      99.97 3.6518e+02   2607.289      62576  1027.7545  1027.7532    34.1542    34.1526    8.04729         27 0.0000e+00
     69.000     68.316     0.0490  28.473570     0.0488  28.471696     6.6793     6.7489     0.2070    89.9211 5.8388e-01  -64.17374  -61.98086 348.594404      99.97 3.6492e+02   2608.500      62605  1027.7508  1027.7490    34.1555    34.1533    8.04737         30 0.0000e+00
     68.000     67.327     0.0535  28.475168     0.0491  28.471682     6.6750     6.7527     0.2191    89.9275 6.1723e-01  -64.17374  -61.98085 348.594419      99.97 3.6492e+02   2609.773      62636  1027.7439  1027.7444    34.1533    34.1536    8.04656         31 0.0000e+00
     67.000     66.336     0.0616  28.480338     0.0553  28.474998     6.6890     6.7683     0.2109    89.9274 6.5166e-01  -64.17374  -61.98085 348.594433      99.97 3.6492e+02   2611.023      62666  1027.7371  1027.7375    34.1516    34.1516    8.04495         29 0.0000e+00
     66.000     65.346     0.0625  28.479819     0.0589  28.476280     6.7212     6.7917     0.2190    89.9303 6.8919e-01  -64.17374  -61.98084 348.594447      99.97 3.6492e+02   2612.191      62694  1027.7315  1027.7311    34.1505    34.1499    8.04482         27 0.0000e+00
     65.000     64.356     0.0607  28.474356     0.0618  28.474106     6.7841     6.8250     0.2107    89.9423 7.3011e-01  -64.17374  -61.98084 348.594460      99.97 3.6492e+02   2613.325      62721  1027.7231  1027.7218    34.1459    34.1444    8.04545         28 0.0000e+00
     64.000     63.367     0.0555  28.465173     0.0572  28.465204     6.8444     6.8490     0.2364    89.9257 7.7392e-01  -64.17374  -61.98084 348.594473      99.97 3.6492e+02   2614.496      62749  1027.7142  1027.7126    34.1402    34.1383    8.04688         29 0.0000e+00
     63.000     62.376     0.0500  28.450186     0.0512  28.452500     6.8808     6.8716     0.2623    89.9017 8.1901e-01  -64.17374  -61.98083 348.594487      99.97 3.6492e+02   2615.710      62778  1027.6993  1027.7006    34.1271    34.1288    8.04876         29 0.0000e+00
     62.000     61.387     0.0494  28.444920     0.0516  28.452351     6.8935     6.8991     0.2648    89.8921 8.6558e-01  -64.17374  -61.98082 348.594502      99.97 3.6492e+02   2616.952      62808  1027.6900  1027.6958    34.1214    34.1288    8.04921         30 0.0000e+00
     61.000     60.396     0.0490  28.440997     0.0498  28.444163     6.9027     6.9223     0.2816    89.8652 9.1654e-01  -64.17372  -61.98082 348.594516      99.97 3.6492e+02   2618.171      62837  1027.6819  1027.6845    34.1172    34.1206    8.04952         29 0.0000e+00
     60.000     59.407     0.0501  28.438607     0.0492  28.438363     6.9026     6.9336     0.3013    89.8558 9.7251e-01  -64.17372  -61.98082 348.594529      99.97 3.6492e+02   2619.341      62865  1027.6741  1027.6746    34.1135    34.1141    8.04952         28 0.0000e+00
     59.000     58.417     0.0517  28.436442     0.0494  28.436720     6.9053     6.9432     0.3073    89.8264 1.0313e+00  -64.17372  -61.98082 348.594543      99.97 3.6492e+02   2620.499      62893  1027.6658  1027.6683    34.1094    34.1123    8.04940         27 0.0000e+00
     58.000     57.427     0.0529  28.438886     0.0504  28.436438     6.9334     6.9502     0.3268    89.7823 1.0933e+00  -64.17372  -61.98082 348.594557      99.97 3.6492e+02   2621.688      62922  1027.6630  1027.6628    34.1119    34.1114    8.04902         30 0.0000e+00
     57.000     56.437     0.0533  28.435108     0.0519  28.435235     6.9723     6.9819     0.3387    89.7627 1.1565e+00  -64.17372  -61.98082 348.594571      99.97 3.6492e+02   2622.902      62951  1027.6543  1027.6558    34.1071    34.1088    8.04920         28 0.0000e+00
     56.000     55.446     0.0552  28.433360     0.0529  28.434095     6.9930     7.0169     0.3515    89.6476 1.2216e+00  -64.17372  -61.98080 348.594585      99.97 3.6492e+02   2624.103      62979  1027.6463  1027.6494    34.1033    34.1068    8.04902         29 0.0000e+00
     55.000     54.457     0.0588  28.431671     0.0563  28.431264     7.0028     7.0329     0.3472    89.7130 1.2946e+00  -64.17372  -61.98080 348.594598      99.97 3.6492e+02   2625.254      63007  1027.6367  1027.6387    34.0976    34.0999    8.04858         27 0.0000e+00
     54.000     53.467     0.0636  28.433585     0.0658  28.433160     7.0057     7.0353     0.3380    89.6871 1.3745e+00  -64.17372  -61.98080 348.594611      99.97 3.6492e+02   2626.375      63034  1027.6297  1027.6271    34.0954    34.0923    8.04769         27 0.0000e+00
     53.000     52.475     0.0715  28.436947     0.0659  28.433127     7.0149     7.0443     0.3727    89.6789 1.4603e+00  -64.17372  -61.98080 348.594624      99.97 3.6492e+02   2627.534      63062  1027.6214  1027.6229    34.0916    34.0929    8.04625         29 0.0000e+00
     52.000     51.488     0.0772  28.439621     0.0666  28.433861     7.0260     7.0560     0.4242    89.6277 1.5507e+00  -64.17372  -61.98080 348.594639      99.97 3.6492e+02   2628.789      63092  1027.6146  1027.6187    34.0895    34.0936    8.04518         31 0.0000e+00
     51.000     50.497     0.0819  28.442330     0.0795  28.440565     7.0262     7.0745     0.4510    89.5673 1.6451e+00  -64.17372  -61.98079 348.594654      99.97 3.6492e+02   2630.075      63123  1027.6086  1027.6090    34.0884    34.0887    8.04425         31 0.0000e+00
     50.000     49.506     0.0906  28.448478     0.0955  28.451005     7.0257     7.0820     0.4496    89.5834 1.7443e+00  -64.17372  -61.98078 348.594668      99.97 3.6492e+02   2631.306      63152  1027.6025  1027.6003    34.0875    34.0854    8.04248         28 0.0000e+00
     49.000     48.517     0.1201  28.469929     0.0980  28.452262     7.0244     7.0869     0.4572    89.5604 1.8539e+00  -64.17372  -61.98078 348.594682      99.96 3.6492e+02   2632.483      63181  1027.5924  1027.5950    34.0836    34.0848    8.03651         28 0.0000e+00
     48.000     47.526     0.1375  28.483251     0.1389  28.482777     7.0167     7.0717     0.4727    89.5142 1.9740e+00  -64.17372  -61.98078 348.594695      99.97 3.6492e+02   2633.631      63208  1027.5854  1027.5834    34.0824    34.0802    8.03293         28 0.0000e+00
     47.000     46.537     0.1582  28.498210     0.1495  28.489774     7.0153     7.0774     0.4914    89.4420 2.1061e+00  -64.17371  -61.98078 348.594709      99.97 3.6492e+02   2634.814      63237  1027.5771  1027.5765    34.0797    34.0783    8.02875         29 0.0000e+00
     46.000     45.547     0.1763  28.512701     0.1646  28.502634     7.0080     7.0808     0.5190    89.3354 2.2431e+00  -64.17370  -61.98078 348.594724      99.97 3.6492e+02   2636.121      63268  1027.5709  1027.5715    34.0794    34.0791    8.02500         31 0.0000e+00
     45.000     44.557     0.1836  28.516732     0.1492  28.491595     6.9948     7.0862     0.5849    89.2303 2.3912e+00  -64.17370  -61.98077 348.594742      99.97 3.6492e+02   2637.689      63306  1027.5642  1027.5708    34.0771    34.0822    8.02359         35 0.0000e+00
     44.000     43.567     0.2018  28.531654     0.1905  28.521031     7.0047     7.0880     0.6164    89.1540 2.5556e+00  -64.17370  -61.98076 348.594759      99.97 3.6492e+02   2639.189      63342  1027.5584  1027.5578    34.0772    34.0758    8.01979         33 0.0000e+00
     43.000     42.576     0.1916  28.523093     0.1853  28.517767     7.0191     7.0901     0.6096    88.9806 2.7513e+00  -64.17370  -61.98076 348.594777      99.97 3.6492e+02   2640.697      63378  1027.5553  1027.5555    34.0779    34.0779    8.02189         39 0.0000e+00
     42.000     41.587     0.1821  28.513923     0.1953  28.524209     7.0312     7.0960     0.6546    88.8827 2.9446e+00  -64.17370  -61.98076 348.594795      99.97 3.6492e+02   2642.325      63417  1027.5508  1027.5486    34.0769    34.0758    8.02392         39 0.0000e+00
     41.000     40.596     0.2262  28.547806     0.2031  28.529501     7.0402     7.1037     0.6884    88.7296 3.1568e+00  -64.17370  -61.98076 348.594814      63.93 3.6492e+02   2643.927      63455  1027.5397  1027.5425    34.0732    34.0747    8.01493         32 0.0000e+00
     40.000     39.606     0.2398  28.557893     0.2382  28.555167     7.0384     7.1154     0.7072    88.5979 3.3959e+00  -64.17370  -61.98074 348.594832      99.72 3.6492e+02   2645.468      63492  1027.5332  1027.5316    34.0720    34.0702    8.01216         36 0.0000e+00
     39.000     38.617     0.2440  28.560103     0.2440  28.559306     7.0438     7.1100     0.7333    88.4289 3.6680e+00  -64.17370  -61.98074 348.594850      99.97 3.6492e+02   2647.018      63529  1027.5275  1027.5265    34.0708    34.0698    8.01135         38 0.0000e+00
     38.000     37.626     0.2538  28.566449     0.2426  28.557458     7.0434     7.1059     0.7633    88.1946 3.9833e+00  -64.17370  -61.98074 348.594868      99.97 3.6546e+02   2648.622      63568  1027.5207  1027.5219    34.0689    34.0695    8.00941         36 0.0000e+00
     37.000     36.638     0.2372  28.553199     0.2279  28.545743     7.0741     7.1121     0.8701    87.7000 4.3251e+00  -64.17370  -61.98074 348.594890      99.97 3.6664e+02   2650.527      63614  1027.5190  1027.5198    34.0705    34.0709    8.01279         35 0.0000e+00
     36.000     35.647     0.2621  28.570945     0.2316  28.547628     7.1152     7.1495     0.9322    87.3819 4.6937e+00  -64.17370  -61.98073 348.594917      99.97 3.6668e+02   2652.804      63668  1027.5093  1027.5140    34.0668    34.0699    8.00780         44 0.0000e+00
     35.000     34.657     0.2854  28.586155     0.2715  28.575282     7.1029     7.1686     1.0486    87.2792 5.0977e+00  -64.17370  -61.98072 348.594942      99.97 3.6668e+02   2655.030      63722  1027.4989  1027.5004    34.0616    34.0627    8.00325         39 0.0000e+00
     34.000     33.666     0.2793  28.581046     0.2849  28.582629     7.0960     7.1741     1.0702    87.2873 5.5581e+00  -64.17369  -61.98072 348.594970      99.97 3.6824e+02   2657.405      63779  1027.4955  1027.4913    34.0622    34.0580    8.00448         35 0.0000e+00
     33.000     32.676     0.2837  28.583597     0.2820  28.578738     7.1110     7.1774     1.0547    87.0794 6.0382e+00  -64.17368  -61.98071 348.595002      99.97 3.6844e+02   2660.167      63845  1027.4899  1027.4864    34.0613    34.0568    8.00361         33 0.0000e+00
     32.000     31.687     0.2845  28.583667     0.2820  28.580546     7.0995     7.1713     1.0914    86.9448 6.6526e+00  -64.17368  -61.98070 348.595034      99.97 3.7003e+02   2662.920      63911  1027.4851  1027.4841    34.0611    34.0597    8.00346         31 0.0000e+00
     31.000     30.696     0.2831  28.581402     0.2772  28.576721     7.1061     7.1831     1.1232    87.1419 7.2580e+00  -64.17368  -61.98070 348.595081      99.96 3.7099e+02   2667.024      64010  1027.4800  1027.4806    34.0603    34.0607    8.00380         32 0.0000e+00
