NBP2113_155081_ctd/data/nbp2113_056.ros
* Sea-Bird SBE 9 Data File:
* FileName = D:\Data\raw\NBP2113_056.hex
* Software Version Seasave V 7.26.7.121
* Temperature SN = 2438
* Conductivity SN = 2067
* Number of Bytes Per Scan = 40
* Number of Voltage Words = 5
* Number of Scans Averaged by the Deck Unit = 1
* NMEA Latitude = 64 53.69 S
* NMEA Longitude = 064 47.29 W
* NMEA UTC (Time) = Dec 11 2021  22:36:48
* NMEA baud rate = 9600
** Ship: RVIB N.B. Palmer
** Cruise: NBP2113 LTER
** Station: 591.057
** Operator: S. Blackman
# nquan = 20
# nvalues = 487                                   
# units = specified
# name 0 = prDM: Pressure, Digiquartz [db]
# name 1 = depSM: Depth [salt water, m]
# name 2 = t090C: Temperature [ITS-90, deg C]
# name 3 = c0mS/cm: Conductivity [mS/cm]
# name 4 = t190C: Temperature, 2 [ITS-90, deg C]
# name 5 = c1mS/cm: Conductivity, 2 [mS/cm]
# name 6 = sbeox0ML/L: Oxygen, SBE 43 [ml/l]
# name 7 = sbeox1ML/L: Oxygen, SBE 43, 2 [ml/l]
# name 8 = flECO-AFL: Fluorescence, WET Labs ECO-AFL/FL [mg/m^3]
# name 9 = CStarTr0: Beam Transmission, WET Labs C-Star [%]
# name 10 = par: PAR/Irradiance, Biospherical/Licor
# name 11 = latitude: Latitude [deg]
# name 12 = longitude: Longitude [deg]
# name 13 = timeJ: Julian Days
# name 14 = altM: Altimeter [m]
# name 15 = spar: SPAR, Biospherical/Licor
# name 16 = timeS: Time, Elapsed [seconds]
# name 17 = scan: Scan Count
# name 18 = nbf: Bottles Fired
# name 19 = flag:  0.000e+00
# interval = seconds: 0.0416667
# start_time = Dec 11 2021 22:36:48 [NMEA time, header]
# bad_flag = -9.990e-29
*END*
[from data line 145]
    213.832    211.627     1.0444  29.709288     1.0341  29.698145     4.6027     4.6502    -0.0004    91.2407 1.0000e-12  -64.89484  -64.78946 345.963587      99.98 1.3574e+02   1845.875      44302          3  0.000e+00
    213.880    211.675     1.0441  29.709936     1.0340  29.698433     4.6074     4.6508    -0.0004    91.2664 1.0000e-12  -64.89484  -64.78946 345.963587      99.95 1.3398e+02   1845.917      44303          3  0.000e+00
    214.237    212.028     1.0357  29.700512     1.0415  29.704189     4.5977     4.6602    -0.0004    91.2407 1.0000e-12  -64.89484  -64.78946 345.963673      99.98 1.3574e+02   1853.375      44482          4  0.000e+00
    214.237    212.028     1.0368  29.700983     1.0426  29.705570     4.6020     4.6600    -0.0004    91.2407 1.0000e-12  -64.89484  -64.78946 345.963674      99.95 1.3574e+02   1853.417      44483          4  0.000e+00
    214.333    212.124     1.0385  29.701631     1.0428  29.706664     4.6033     4.6599    -0.0004    91.2407 1.0000e-12  -64.89484  -64.78946 345.963674      99.95 1.3574e+02   1853.458      44484          4  0.000e+00
    214.395    212.185     1.0401  29.703281     1.0432  29.707239     4.6033     4.6599    -0.0004    91.2149 1.0000e-12  -64.89484  -64.78946 345.963675      99.98 1.3574e+02   1853.500      44485          4  0.000e+00
    214.443    212.232     1.0416  29.705402     1.0428  29.707470     4.6032     4.6599    -0.0004    91.2407 1.0000e-12  -64.89484  -64.78946 345.963675      99.98 1.3574e+02   1853.542      44486          4  0.000e+00
    214.443    212.232     1.0424  29.706933     1.0428  29.707758     4.6089     4.6598    -0.0004    91.2407 1.0000e-12  -64.89484  -64.78946 345.963676      99.98 1.3574e+02   1853.583      44487          4  0.000e+00
    214.546    212.334     1.0434  29.707876     1.0429  29.706952     4.6058     4.6599    -0.0004    91.2407 1.0000e-12  -64.89484  -64.78946 345.963676      99.93 1.3574e+02   1853.625      44488          4  0.000e+00
    214.587    212.375     1.0433  29.708583     1.0429  29.707240     4.6004     4.6599    -0.0004    91.2407 1.0000e-12  -64.89484  -64.78946 345.963677      99.95 1.3574e+02   1853.667      44489          4  0.000e+00
    214.649    212.436     1.0435  29.708996     1.0429  29.707240     4.5993     4.6599    -0.0004    91.2407 1.0000e-12  -64.89484  -64.78946 345.963677      99.98 1.3574e+02   1853.708      44490          4  0.000e+00
    214.649    212.436     1.0432  29.708584     1.0428  29.707240     4.6053     4.6599    -0.0004    91.2407 1.0000e-12  -64.89484  -64.78946 345.963678      99.98 1.3574e+02   1853.750      44491          4  0.000e+00
    214.752    212.538     1.0427  29.708584     1.0429  29.707471     4.6071     4.6599    -0.0004    91.2407 1.0000e-12  -64.89484  -64.78946 345.963678      99.98 1.3574e+02   1853.792      44492          4  0.000e+00
    214.800    212.586     1.0427  29.708466     1.0429  29.707471     4.6019     4.6599    -0.0004    91.2407 1.0000e-12  -64.89484  -64.78946 345.963679      99.98 1.3574e+02   1853.833      44493          4  0.000e+00
    214.794    212.579     1.0429  29.707995     1.0429  29.707241     4.6109     4.6598     0.0069    91.2407 1.0000e-12  -64.89484  -64.78946 345.963679      99.98 1.3574e+02   1853.875      44494          4  0.000e+00
    214.904    212.688     1.0427  29.707642     1.0428  29.707241     4.6070     4.6599     0.0069    91.2407 1.0000e-12  -64.89484  -64.78946 345.963680      99.95 1.3574e+02   1853.917      44495          4  0.000e+00
    214.904    212.688     1.0430  29.707759     1.0429  29.707241     4.6017     4.6598     0.0069    91.2407 1.0000e-12  -64.89484  -64.78946 345.963680      99.95 1.3574e+02   1853.958      44496          4  0.000e+00
    214.952    212.735     1.0435  29.708467     1.0434  29.707471     4.6063     4.6598     0.0069    91.2407 1.0000e-12  -64.89484  -64.78946 345.963681      99.98 1.3574e+02   1854.000      44497          4  0.000e+00
    215.055    212.837     1.0438  29.708585     1.0432  29.707759     4.6054     4.6598     0.0069    91.2407 1.0000e-12  -64.89484  -64.78946 345.963681      99.98 1.3574e+02   1854.042      44498          4  0.000e+00
    215.000    212.783     1.0441  29.709822     1.0437  29.708047     4.6069     4.6597     0.0069    91.2407 1.0000e-12  -64.89484  -64.78946 345.963682      99.98 1.3574e+02   1854.083      44499          4  0.000e+00
    215.110    212.892     1.0441  29.709410     1.0435  29.708047     4.6018     4.6597     0.0069    91.2407 1.0000e-12  -64.89484  -64.78946 345.963682      99.93 1.3574e+02   1854.125      44500          4  0.000e+00
    215.110    212.892     1.0440  29.709940     1.0439  29.708335     4.6121     4.6597     0.0069    91.2664 1.0000e-12  -64.89484  -64.78946 345.963682      99.95 1.3574e+02   1854.167      44501          4  0.000e+00
    215.158    212.939     1.0446  29.709822     1.0435  29.708335     4.6081     4.6597     0.0069    91.2407 1.0000e-12  -64.89484  -64.78946 345.963683      99.98 1.3574e+02   1854.208      44502          4  0.000e+00
    215.151    212.932     1.0444  29.709704     1.0434  29.708335     4.6085     4.6597     0.0069    91.2407 1.0000e-12  -64.89484  -64.78946 345.963683      99.98 1.3574e+02   1854.250      44503          4  0.000e+00
    215.206    212.987     1.0439  29.709822     1.0432  29.708335     4.6090     4.6597     0.0069    91.2407 1.0000e-12  -64.89484  -64.78946 345.963684      99.98 1.3574e+02   1854.292      44504          4  0.000e+00
    215.206    212.987     1.0442  29.709410     1.0431  29.708335     4.6080     4.6597     0.0069    91.2407 1.0000e-12  -64.89484  -64.78946 345.963684      99.98 1.3574e+02   1854.333      44505          4  0.000e+00
    215.261    213.041     1.0439  29.709823     1.0432  29.708048     4.6084     4.6597     0.0069    91.2407 1.0000e-12  -64.89484  -64.78946 345.963685      99.98 1.3574e+02   1854.375      44506          4  0.000e+00
    215.261    213.041     1.0441  29.709410     1.0431  29.708048     4.6087     4.6596     0.0069    91.2407 1.0000e-12  -64.89484  -64.78946 345.963685      99.98 1.3574e+02   1854.417      44507          4  0.000e+00
    215.254    213.034     1.0443  29.709705     1.0434  29.708048     4.6090     4.6596     0.0069    91.2407 1.0000e-12  -64.89484  -64.78946 345.963686      99.98 1.3574e+02   1854.458      44508          4  0.000e+00
    215.309    213.089     1.0443  29.710353     1.0434  29.708336     4.6080     4.6604     0.0069    91.2664 1.0000e-12  -64.89484  -64.78946 345.963686      99.98 1.3574e+02   1854.500      44509          4  0.000e+00
    215.309    213.089     1.0446  29.710235     1.0437  29.708336     4.6082     4.6604     0.0069    91.2407 1.0000e-12  -64.89484  -64.78946 345.963687      99.98 1.3574e+02   1854.542      44510          4  0.000e+00
    215.309    213.089     1.0443  29.710117     1.0435  29.708566     4.6085     4.6604     0.0069    91.2407 1.0000e-12  -64.89484  -64.78946 345.963687      99.98 1.3574e+02   1854.583      44511          4  0.000e+00
    215.302    213.082     1.0446  29.709940     1.0435  29.708336     4.6131     4.6604     0.0069    91.2407 1.0000e-12  -64.89484  -64.78946 345.963688      99.93 1.3574e+02   1854.625      44512          4  0.000e+00
    215.364    213.143     1.0444  29.710117     1.0434  29.708336     4.6089     4.6604     0.0069    91.2407 1.0000e-12  -64.89484  -64.78946 345.963688      99.95 1.3574e+02   1854.667      44513          4  0.000e+00
    215.309    213.089     1.0443  29.709941     1.0428  29.708336     4.6104     4.6605     0.0069    91.2149 1.0000e-12  -64.89484  -64.78946 345.963689      99.98 1.3574e+02   1854.708      44514          4  0.000e+00
    215.364    213.143     1.0434  29.709705     1.0423  29.708048     4.6107     4.6606     0.0069    91.2407 1.0000e-12  -64.89484  -64.78946 345.963689      99.98 1.3574e+02   1854.750      44515          4  0.000e+00
    215.364    213.143     1.0429  29.709293     1.0422  29.707472     4.6153     4.6606     0.0069    91.2407 1.0000e-12  -64.89484  -64.78948 345.963690      99.98 1.3574e+02   1854.792      44516          4  0.000e+00
    215.357    213.136     1.0421  29.708880     1.0419  29.706954     4.6111     4.6607     0.0069    91.2149 1.0000e-12  -64.89484  -64.78948 345.963690      99.98 1.3574e+02   1854.833      44517          4  0.000e+00
    215.309    213.089     1.0412  29.708468     1.0419  29.707242     4.6113     4.6606     0.0069    91.2149 1.0000e-12  -64.89484  -64.78948 345.963691      99.98 1.3574e+02   1854.875      44518          4  0.000e+00
    215.412    213.191     1.0411  29.706936     1.0415  29.706667     4.6116     4.6607     0.0069    91.2407 1.0000e-12  -64.89484  -64.78948 345.963691      99.95 1.3574e+02   1854.917      44519          4  0.000e+00
    215.309    213.089     1.0410  29.706759     1.0417  29.706667     4.6116     4.6607    -0.0004    91.2407 1.0000e-12  -64.89484  -64.78948 345.963692      99.93 1.3574e+02   1854.958      44520          4  0.000e+00
    215.357    213.136     1.0409  29.706347     1.0418  29.706379     4.6118     4.6607    -0.0077    91.2149 1.0000e-12  -64.89484  -64.78948 345.963692      99.95 1.3574e+02   1855.000      44521          4  0.000e+00
    215.364    213.143     1.0410  29.706347     1.0415  29.706667     4.6119     4.6607    -0.0077    91.2149 1.0000e-12  -64.89484  -64.78948 345.963693      99.98 1.3574e+02   1855.042      44522          4  0.000e+00
    215.364    213.143     1.0413  29.706759     1.0415  29.706667     4.6120     4.6607    -0.0077    91.2407 1.0000e-12  -64.89484  -64.78948 345.963693      99.98 1.3574e+02   1855.083      44523          4  0.000e+00
    215.364    213.143     1.0415  29.706642     1.0415  29.706091     4.6177     4.6660    -0.0077    91.2149 1.0000e-12  -64.89484  -64.78948 345.963694      99.95 1.3574e+02   1855.125      44524          4  0.000e+00
    215.309    213.089     1.0418  29.707348     1.0413  29.706379     4.6133     4.6615    -0.0077    91.2149 1.0000e-12  -64.89484  -64.78948 345.963694      99.95 1.3574e+02   1855.167      44525          4  0.000e+00
    215.302    213.082     1.0421  29.707761     1.0417  29.706091     4.6133     4.6614    -0.0077    91.2149 1.0000e-12  -64.89484  -64.78948 345.963695      99.98 1.3574e+02   1855.208      44526          4  0.000e+00
    215.309    213.089     1.0422  29.707879     1.0420  29.706379     4.6176     4.6613    -0.0077    91.2407 1.0000e-12  -64.89484  -64.78948 345.963695      99.98 1.3574e+02   1855.250      44527          4  0.000e+00
    215.364    213.143     1.0426  29.708291     1.0422  29.706667     4.6188     4.6613    -0.0077    91.2407 1.0000e-12  -64.89484  -64.78948 345.963696      99.98 1.3574e+02   1855.292      44528          4  0.000e+00
    215.261    213.041     1.0432  29.708291     1.0426  29.706379     4.6142     4.6612    -0.0077    91.2149 1.0000e-12  -64.89484  -64.78948 345.963696      99.98 1.3574e+02   1855.333      44529          4  0.000e+00
    215.302    213.082     1.0432  29.708468     1.0423  29.706954     4.6141     4.6612    -0.0077    91.2149 1.0000e-12  -64.89484  -64.78948 345.963696      99.98 1.3574e+02   1855.375      44530          4  0.000e+00
    161.444    159.800     0.7838  29.415176     0.7834  29.414072     4.9385     4.9759     0.0069    91.0604 1.0000e-12  -64.89482  -64.78952 345.964969      99.98 1.4984e+02   1965.292      47168          5  0.000e+00
    161.444    159.800     0.7841  29.415235     0.7829  29.413498     4.9329     4.9761     0.0069    91.0604 1.0000e-12  -64.89482  -64.78952 345.964969      99.98 1.4984e+02   1965.333      47169          5  0.000e+00
    161.498    159.854     0.7842  29.415822     0.7828  29.413269     4.9360     4.9763     0.0069    91.0604 1.0000e-12  -64.89482  -64.78952 345.964970      99.98 1.4984e+02   1965.375      47170          5  0.000e+00
    161.396    159.752     0.7842  29.415176     0.7832  29.412982     4.9360     4.9763     0.0069    91.0604 1.0000e-12  -64.89482  -64.78952 345.964970      99.98 1.4984e+02   1965.417      47171          5  0.000e+00
    161.444    159.800     0.7846  29.416057     0.7834  29.413269     4.9360     4.9764     0.0069    91.0604 1.0000e-12  -64.89482  -64.78952 345.964971      99.95 1.4984e+02   1965.458      47172          5  0.000e+00
    161.444    159.800     0.7850  29.415704     0.7837  29.413556     4.9347     4.9765     0.0069    91.0347 1.0000e-12  -64.89482  -64.78952 345.964971      99.95 1.4984e+02   1965.500      47173          5  0.000e+00
    161.444    159.800     0.7856  29.416350     0.7832  29.412982     4.9389     4.9767     0.0069    91.0604 1.0000e-12  -64.89482  -64.78952 345.964972      99.98 1.4984e+02   1965.542      47174          5  0.000e+00
    161.444    159.800     0.7856  29.417172     0.7835  29.413556     4.9344     4.9768    -0.0004    91.0604 1.0000e-12  -64.89482  -64.78952 345.964972      99.98 1.4984e+02   1965.583      47175          5  0.000e+00
    161.444    159.800     0.7863  29.417348     0.7841  29.413785     4.9329     4.9760    -0.0004    91.0604 1.0000e-12  -64.89482  -64.78952 345.964973      99.95 1.4984e+02   1965.625      47176          5  0.000e+00
    161.444    159.800     0.7867  29.417700     0.7845  29.414301     4.9314     4.9761    -0.0004    91.0604 1.0000e-12  -64.89482  -64.78952 345.964973      99.95 1.4984e+02   1965.667      47177          5  0.000e+00
    161.498    159.854     0.7875  29.418287     0.7848  29.414874     4.9311     4.9761    -0.0004    91.0604 1.0000e-12  -64.89482  -64.78952 345.964973      99.98 1.4984e+02   1965.708      47178          5  0.000e+00
    161.444    159.800     0.7872  29.418757     0.7851  29.415161     4.9308     4.9762    -0.0004    91.0604 1.0000e-12  -64.89482  -64.78952 345.964974      99.98 1.4984e+02   1965.750      47179          5  0.000e+00
    161.444    159.800     0.7863  29.419109     0.7854  29.415734     4.9251     4.9762    -0.0004    91.0604 1.0000e-12  -64.89482  -64.78952 345.964974      99.98 1.4984e+02   1965.792      47180          5  0.000e+00
    161.498    159.854     0.7863  29.418170     0.7859  29.416251     4.9294     4.9763    -0.0004    91.0604 1.0000e-12  -64.89482  -64.78952 345.964975      99.98 1.4984e+02   1965.833      47181          5  0.000e+00
    161.444    159.800     0.7867  29.417465     0.7857  29.416824     4.9305     4.9763    -0.0004    91.0604 1.0000e-12  -64.89482  -64.78952 345.964975      99.98 1.4984e+02   1965.875      47182          5  0.000e+00
    161.498    159.854     0.7875  29.418287     0.7852  29.416251     4.9303     4.9765    -0.0004    91.0604 1.0000e-12  -64.89482  -64.78952 345.964976      99.98 1.4984e+02   1965.917      47183          5  0.000e+00
    161.512    159.868     0.7878  29.418757     0.7847  29.416537     4.9245     4.9767    -0.0004    91.0604 1.0000e-12  -64.89482  -64.78952 345.964976      99.95 1.4984e+02   1965.958      47184          5  0.000e+00
    161.498    159.854     0.7881  29.419344     0.7838  29.415677     4.9287     4.9769    -0.0004    91.0604 1.0000e-12  -64.89482  -64.78952 345.964977      99.98 1.4984e+02   1966.000      47185          5  0.000e+00
    161.498    159.854     0.7884  29.420224     0.7834  29.415161     4.9243     4.9771    -0.0004    91.0862 1.0000e-12  -64.89482  -64.78952 345.964977      99.98 1.4984e+02   1966.042      47186          5  0.000e+00
    161.498    159.854     0.7882  29.420400     0.7838  29.414072     4.9231     4.9772    -0.0004    91.0604 1.0000e-12  -64.89482  -64.78952 345.964978      99.98 1.4984e+02   1966.083      47187          5  0.000e+00
    161.547    159.902     0.7887  29.419931     0.7851  29.414072     4.9219     4.9772    -0.0004    91.0604 1.0000e-12  -64.89482  -64.78952 345.964978      99.93 1.4984e+02   1966.125      47188          5  0.000e+00
