NBP2113_155081_ctd/data/nbp2113_046.cnv
* Sea-Bird SBE 9 Data File:
* FileName = D:\Data\raw\NBP2113_046.hex
* Software Version Seasave V 7.26.7.121
* Temperature SN = 2438
* Conductivity SN = 2067
* Number of Bytes Per Scan = 40
* Number of Voltage Words = 5
* Number of Scans Averaged by the Deck Unit = 1
* NMEA Latitude = 64 52.22 S
* NMEA Longitude = 063 49.73 W
* NMEA UTC (Time) = Dec 11 2021  05:17:37
* NMEA baud rate = 9600
** Ship: RVIB N.B. Palmer
** Cruise: NBP2113 LTER
** Station: 623.024
** Operator: B. Urmston
# nquan = 25
# nvalues = 1144                        
# units = specified
# name 0 = prDM: Pressure, Digiquartz [db]
# name 1 = depSM: Depth [salt water, m]
# name 2 = t090C: Temperature [ITS-90, deg C]
# name 3 = c0mS/cm: Conductivity [mS/cm]
# name 4 = t190C: Temperature, 2 [ITS-90, deg C]
# name 5 = c1mS/cm: Conductivity, 2 [mS/cm]
# name 6 = sbeox0ML/L: Oxygen, SBE 43 [ml/l]
# name 7 = sbeox1ML/L: Oxygen, SBE 43, 2 [ml/l]
# name 8 = flECO-AFL: Fluorescence, WET Labs ECO-AFL/FL [mg/m^3]
# name 9 = CStarTr0: Beam Transmission, WET Labs C-Star [%]
# name 10 = par: PAR/Irradiance, Biospherical/Licor
# name 11 = latitude: Latitude [deg]
# name 12 = longitude: Longitude [deg]
# name 13 = timeJ: Julian Days
# name 14 = altM: Altimeter [m]
# name 15 = spar: SPAR, Biospherical/Licor
# name 16 = timeS: Time, Elapsed [seconds]
# name 17 = scan: Scan Count
# name 18 = density00: Density [density, kg/m^3]
# name 19 = density11: Density, 2 [density, kg/m^3]
# name 20 = sal00: Salinity, Practical [PSU]
# name 21 = sal11: Salinity, Practical, 2 [PSU]
# name 22 = oxsolML/L: Oxygen Saturation, Garcia & Gordon [ml/l]
# name 23 = nbin: number of scans per bin
# name 24 = flag: flag
# span 0 =      1.000,    574.000       
# span 1 =      0.990,    567.591       
# span 2 =    -0.2124,     1.2926       
# span 3 =  27.935586,  30.131306       
# span 4 =    -0.2127,     1.2926       
# span 5 =  27.933862,  30.129918       
# span 6 =     4.2881,     8.7092       
# span 7 =     4.3574,    10.0201       
# span 8 =    -0.0199,     1.9964       
# span 9 =    84.7222,    91.2789       
# span 10 = -2.077e-05, 5.9547e+00      
# span 11 =  -64.87088,  -64.87040      
# span 12 =  -63.82976,  -63.82888      
# span 13 = 345.224746, 345.250665      
# span 14 =       1.05,     100.92      
# span 15 = 0.0000e+00, 0.0000e+00      
# span 16 =    360.995,   2600.416      
# span 17 =       8665,      62411      
# span 18 =  1027.1315,  1030.4296      
# span 19 =  1027.1299,  1030.4284      
# span 20 =    33.7684,    34.6351      
# span 21 =    33.7666,    34.6334      
# span 22 =    7.76753,    8.12465      
# span 23 =          5,         50      
# span 24 = 0.0000e+00, 0.0000e+00      
# interval = decibars: 1                
# start_time = Dec 11 2021 05:17:37 [NMEA time, header]
# bad_flag = -9.990e-29
*END*
[from data line 1044]
    100.000     98.997    -0.0136  28.492009    -0.0141  28.490396     6.3416     6.3826     0.0900    90.4728 1.0000e-12  -64.87065  -63.82920 345.247303      99.97 0.0000e+00   2309.984      55441  1027.9629  1027.9616    34.2312    34.2296    8.05627         30 0.0000e+00
     99.000     98.006    -0.0159  28.489151    -0.0182  28.485711     6.3405     6.3924     0.0928    90.4646 1.0000e-12  -64.87064  -63.82918 345.247410      99.97 0.0000e+00   2319.254      55663  1027.9578  1027.9563    34.2306    34.2285    8.05679         27 0.0000e+00
     98.000     97.017    -0.0170  28.487612    -0.0187  28.484588     6.3327     6.3914     0.1144    90.4411 1.0000e-12  -64.87064  -63.82916 345.247426      99.97 0.0000e+00   2320.644      55696  1027.9529  1027.9513    34.2303    34.2282    8.05702         29 0.0000e+00
     97.000     96.028    -0.0171  28.487098    -0.0202  28.482727     6.3332     6.3968     0.1235    90.4688 1.0000e-12  -64.87064  -63.82916 345.247441      99.97 0.0000e+00   2321.880      55726  1027.9482  1027.9465    34.2304    34.2280    8.05705         28 0.0000e+00
     96.000     95.038    -0.0197  28.484065    -0.0219  28.480750     6.3504     6.4115     0.1167    90.4569 1.0000e-12  -64.87064  -63.82916 345.247454      99.97 0.0000e+00   2323.047      55754  1027.9431  1027.9418    34.2298    34.2280    8.05762         28 0.0000e+00
     95.000     94.047    -0.0260  28.476950    -0.0306  28.470682     6.3790     6.4198     0.1153    90.4611 1.0000e-12  -64.87064  -63.82914 345.247468      99.97 0.0000e+00   2324.203      55782  1027.9375  1027.9352    34.2281    34.2249    8.05905         29 0.0000e+00
     94.000     93.059    -0.0384  28.462563    -0.0389  28.460666     6.3927     6.4337     0.1158    90.3683 1.0000e-12  -64.87064  -63.82914 345.247483      99.97 0.0000e+00   2325.538      55814  1027.9300  1027.9284    34.2235    34.2215    8.06193         35 0.0000e+00
     93.000     92.068    -0.0459  28.453462    -0.0441  28.453891     6.4018     6.4587     0.1350    90.4469 1.0000e-12  -64.87064  -63.82914 345.247501      99.97 0.0000e+00   2327.101      55851  1027.9231  1027.9218    34.2204    34.2189    8.06367         36 0.0000e+00
     92.000     91.079    -0.0491  28.448690    -0.0535  28.442120     6.4394     6.4668     0.1305    90.4528 1.0000e-12  -64.87063  -63.82914 345.247517      99.97 0.0000e+00   2328.499      55885  1027.9168  1027.9141    34.2182    34.2145    8.06446         30 0.0000e+00
     91.000     90.089    -0.0526  28.443114    -0.0558  28.437632     6.4435     6.4764     0.1229    90.4693 1.0000e-12  -64.87062  -63.82914 345.247530      99.97 0.0000e+00   2329.606      55912  1027.9099  1027.9072    34.2153    34.2117    8.06536         24 0.0000e+00
     90.000     89.100    -0.0561  28.438297    -0.0579  28.435235     6.4629     6.5050     0.1022    90.4518 1.0000e-12  -64.87062  -63.82915 345.247541      99.97 0.0000e+00   2330.563      55935  1027.9039  1027.9023    34.2135    34.2115    8.06621         22 0.0000e+00
     89.000     88.109    -0.0567  28.437485    -0.0587  28.433861     6.4918     6.5389     0.1084    90.4230 1.0000e-12  -64.87062  -63.82916 345.247552      99.97 0.0000e+00   2331.453      55956  1027.8992  1027.8973    34.2137    34.2112    8.06633         21 0.0000e+00
     88.000     87.119    -0.0575  28.434616    -0.0580  28.432094     6.5347     6.5588     0.1225    90.4168 1.0000e-12  -64.87062  -63.82914 345.247562      99.97 0.0000e+00   2332.316      55977  1027.8926  1027.8903    34.2114    34.2086    8.06663         21 0.0000e+00
     87.000     86.130    -0.0568  28.432025    -0.0561  28.428871     6.5570     6.5602     0.1365    90.3961 1.0000e-12  -64.87062  -63.82914 345.247572      99.97 0.0000e+00   2333.196      55998  1027.8848  1027.8807    34.2078    34.2028    8.06668         21 0.0000e+00
     86.000     85.140    -0.0535  28.430434    -0.0534  28.428816     6.5391     6.5488     0.1481    90.3797 1.0000e-12  -64.87062  -63.82912 345.247583      99.97 0.0000e+00   2334.192      56022  1027.8755  1027.8737    34.2026    34.2003    8.06628         27 0.0000e+00
     85.000     84.150    -0.0528  28.430828    -0.0532  28.431381     6.5171     6.5435     0.1534    90.3613 1.0000e-12  -64.87062  -63.82912 345.247599      99.97 0.0000e+00   2335.548      56054  1027.8709  1027.8719    34.2029    34.2041    8.06611         37 0.0000e+00
     84.000     83.160    -0.0540  28.430616    -0.0539  28.429719     6.5447     6.5746     0.1606    90.3609 1.0000e-12  -64.87062  -63.82911 345.247623      99.97 0.0000e+00   2337.648      56105  1027.8675  1027.8665    34.2046    34.2033    8.06627         42 0.0000e+00
     83.000     82.170    -0.0521  28.429877    -0.0528  28.428512     6.5945     6.6266     0.1431    90.3624 1.0000e-12  -64.87062  -63.82912 345.247641      99.97 0.0000e+00   2339.200      56142  1027.8605  1027.8598    34.2021    34.2011    8.06601         27 0.0000e+00
     82.000     81.180    -0.0519  28.427628    -0.0525  28.424707     6.6217     6.6428     0.1324    90.3404 1.0000e-12  -64.87062  -63.82912 345.247653      99.97 0.0000e+00   2340.236      56167  1027.8537  1027.8512    34.1995    34.1964    8.06612         22 0.0000e+00
     81.000     80.191    -0.0526  28.423457    -0.0531  28.420844     6.6336     6.6486     0.1315    90.3308 1.0000e-12  -64.87062  -63.82914 345.247664      99.97 0.0000e+00   2341.130      56188  1027.8456  1027.8434    34.1954    34.1925    8.06650         21 0.0000e+00
     80.000     79.202    -0.0530  28.421324    -0.0537  28.418341     6.6195     6.6529     0.1344    90.2944 1.0000e-12  -64.87062  -63.82912 345.247674      99.97 0.0000e+00   2342.006      56209  1027.8395  1027.8369    34.1936    34.1904    8.06669         22 0.0000e+00
     79.000     78.211    -0.0533  28.419516    -0.0539  28.417602     6.5929     6.6530     0.1500    90.2631 1.0000e-12  -64.87062  -63.82912 345.247685      99.97 0.0000e+00   2342.971      56232  1027.8336  1027.8320    34.1922    34.1902    8.06684         25 0.0000e+00
     78.000     77.223    -0.0532  28.420388    -0.0539  28.417219     6.6123     6.6592     0.1814    90.2622 1.0000e-12  -64.87062  -63.82912 345.247699      99.97 0.0000e+00   2344.160      56261  1027.8300  1027.8274    34.1937    34.1904    8.06671         31 0.0000e+00
     77.000     76.229    -0.0532  28.420014    -0.0538  28.417551     6.6390     6.6933     0.1943    90.2586 1.0000e-12  -64.87062  -63.82912 345.247714      99.97 0.0000e+00   2345.511      56293  1027.8253  1027.8233    34.1938    34.1913    8.06671         30 0.0000e+00
     76.000     75.242    -0.0535  28.417867    -0.0538  28.415572     6.7135     6.7464     0.1923    90.2462 1.0000e-12  -64.87062  -63.82912 345.247728      99.97 0.0000e+00   2346.702      56322  1027.8191  1027.8169    34.1920    34.1893    8.06689         26 0.0000e+00
     75.000     74.252    -0.0525  28.414623    -0.0520  28.411064     6.7233     6.7736     0.1656    90.2292 1.0000e-12  -64.87062  -63.82912 345.247740      99.97 0.0000e+00   2347.748      56347  1027.8104  1027.8060    34.1872    34.1819    8.06695         25 0.0000e+00
     74.000     73.263    -0.0517  28.411203    -0.0521  28.406454     6.6956     6.7560     0.1734    90.2194 1.0000e-12  -64.87062  -63.82912 345.247753      99.97 0.0000e+00   2348.884      56374  1027.8017  1027.7969    34.1824    34.1765    8.06706         30 0.0000e+00
     73.000     72.271    -0.0526  28.412810    -0.0534  28.406350     6.6928     6.7580     0.2103    90.1768 1.0000e-12  -64.87062  -63.82912 345.247770      99.97 0.0000e+00   2350.353      56409  1027.7999  1027.7939    34.1861    34.1785    8.06702         37 0.0000e+00
     72.000     71.283    -0.0526  28.411349    -0.0533  28.407658     6.7862     6.8143     0.2122    90.1861 1.0000e-12  -64.87062  -63.82911 345.247791      99.97 0.0000e+00   2352.100      56451  1027.7941  1027.7908    34.1848    34.1807    8.06711         38 0.0000e+00
     71.000     70.292    -0.0537  28.402918    -0.0542  28.399737     6.8641     6.8739     0.2247    90.1193 1.0000e-12  -64.87062  -63.82912 345.247807      99.97 0.0000e+00   2353.562      56486  1027.7819  1027.7790    34.1754    34.1718    8.06787         31 0.0000e+00
     70.000     69.303    -0.0538  28.398358    -0.0535  28.395623     6.8812     6.9046     0.1944    90.1219 1.0000e-12  -64.87062  -63.82912 345.247822      99.97 0.0000e+00   2354.810      56516  1027.7728  1027.7696    34.1700    34.1661    8.06818         29 0.0000e+00
     69.000     68.312    -0.0518  28.397598    -0.0501  28.394099     6.8856     6.9270     0.1890    90.1373 1.0000e-12  -64.87061  -63.82912 345.247836      99.97 0.0000e+00   2356.024      56546  1027.7657  1027.7604    34.1674    34.1609    8.06791         29 0.0000e+00
     68.000     67.323    -0.0501  28.396084    -0.0485  28.394898     6.9045     6.9524     0.2115    90.0903 1.0000e-12  -64.87060  -63.82912 345.247849      99.97 0.0000e+00   2357.160      56573  1027.7582  1027.7554    34.1641    34.1608    8.06774         26 0.0000e+00
     67.000     66.333    -0.0497  28.395984    -0.0476  28.393163     6.9414     6.9771     0.2092    90.0276 1.0000e-12  -64.87060  -63.82912 345.247861      99.97 0.0000e+00   2358.177      56597  1027.7534  1027.7483    34.1641    34.1580    8.06765         23 0.0000e+00
     66.000     65.343    -0.0490  28.392534    -0.0498  28.387302     6.9790     6.9926     0.1960    90.0045 1.0000e-12  -64.87060  -63.82912 345.247872      99.97 0.0000e+00   2359.133      56620  1027.7448  1027.7400    34.1594    34.1533    8.06777         23 0.0000e+00
     65.000     64.353    -0.0513  28.386105    -0.0533  28.381139     6.9621     6.9851     0.2120    89.9840 1.0000e-12  -64.87060  -63.82912 345.247884      99.97 0.0000e+00   2360.165      56645  1027.7359  1027.7326    34.1541    34.1497    8.06857         28 0.0000e+00
     64.000     63.364    -0.0521  28.385675    -0.0540  28.379937     6.9549     6.9751     0.2636    89.9753 1.0000e-12  -64.87060  -63.82910 345.247901      99.97 0.0000e+00   2361.614      56680  1027.7319  1027.7276    34.1550    34.1495    8.06868         34 0.0000e+00
     63.000     62.373    -0.0524  28.384028    -0.0513  28.384255     6.9130     6.9877     0.2325    89.9749 1.0000e-12  -64.87060  -63.82910 345.247926      99.97 0.0000e+00   2363.806      56732  1027.7262  1027.7253    34.1538    34.1528    8.06882         45 0.0000e+00
     62.000     61.383    -0.0563  28.379151    -0.0564  28.377302     6.9634     7.0343     0.2333    89.9724 1.0000e-12  -64.87060  -63.82912 345.247945      99.97 0.0000e+00   2365.438      56771  1027.7205  1027.7186    34.1522    34.1499    8.06972         32 0.0000e+00
     61.000     60.394    -0.0616  28.370880    -0.0674  28.362455     7.0265     7.0804     0.2338    89.9549 1.0000e-12  -64.87060  -63.82912 345.247960      99.97 0.0000e+00   2366.721      56802  1027.7125  1027.7092    34.1477    34.1431    8.07109         32 0.0000e+00
     60.000     59.404    -0.0763  28.351058    -0.0837  28.338775     7.0428     7.0892     0.2741    89.8981 1.0000e-12  -64.87060  -63.82912 345.247976      99.97 0.0000e+00   2368.096      56835  1027.7014  1027.6955    34.1385    34.1304    8.07472         33 0.0000e+00
     59.000     58.413    -0.0762  28.347209    -0.0861  28.334375     6.9984     7.0763     0.2887    89.8409 1.0000e-12  -64.87060  -63.82912 345.247995      99.97 0.0000e+00   2369.752      56875  1027.6927  1027.6886    34.1339    34.1279    8.07497         43 0.0000e+00
     58.000     57.422    -0.0718  28.355445    -0.0741  28.350627     6.9546     7.0476     0.2990    89.8877 1.0000e-12  -64.87060  -63.82912 345.248028      99.97 0.0000e+00   2372.647      56945  1027.6929  1027.6899    34.1405    34.1367    8.07366         38 0.0000e+00
     57.000     56.435    -0.0605  28.369862    -0.0694  28.357223     6.9182     6.9984     0.3032    89.8284 1.0000e-12  -64.87060  -63.82912 345.248069      99.97 0.0000e+00   2376.202      57030  1027.6928  1027.6880    34.1476    34.1408    8.07087         45 0.0000e+00
     56.000     55.445    -0.0708  28.356546    -0.0741  28.349727     7.0668     7.0878     0.3276    89.8058 1.0000e-12  -64.87060  -63.82912 345.248115      99.96 0.0000e+00   2380.107      57124  1027.6844  1027.6802    34.1421    34.1367    8.07336         24 0.0000e+00
     55.000     54.454    -0.0833  28.332250    -0.0784  28.342708     7.1509     7.1577     0.2509    89.8745 1.0000e-12  -64.87060  -63.82913 345.248153      99.97 0.0000e+00   2383.422      57203  1027.6662  1027.6726    34.1243    34.1328    8.07700         43 0.0000e+00
     54.000     53.464    -0.0915  28.320161    -0.0929  28.316515     7.2325     7.2313     0.2645    89.7996 1.0000e-12  -64.87060  -63.82912 345.248174      99.97 0.0000e+00   2385.207      57246  1027.6570  1027.6544    34.1180    34.1148    8.07909         44 0.0000e+00
     53.000     52.474    -0.0889  28.319856    -0.0896  28.317886     7.2318     7.2250     0.3335    89.7111 1.0000e-12  -64.87060  -63.82912 345.248234      99.97 0.0000e+00   2390.391      57370  1027.6497  1027.6482    34.1153    34.1135    8.07869         32 0.0000e+00
     52.000     51.485    -0.0923  28.306901    -0.0901  28.312047     7.3397     7.3201     0.3183    89.6875 1.0000e-12  -64.87060  -63.82912 345.248272      99.97 0.0000e+00   2393.700      57450  1027.6348  1027.6380    34.1026    34.1070    8.08015         39 0.0000e+00
     51.000     50.493    -0.0937  28.293943    -0.0940  28.291846     7.3692     7.3361     0.3619    89.5323 1.0000e-12  -64.87060  -63.82912 345.248291      99.97 0.0000e+00   2395.339      57489  1027.6179  1027.6159    34.0875    34.0850    8.08129         32 0.0000e+00
     50.000     49.504    -0.0896  28.304324    -0.0894  28.304332     7.2981     7.3274     0.3616    89.5446 1.0000e-12  -64.87060  -63.82911 345.248462      99.97 0.0000e+00   2410.090      57843  1027.6207  1027.6205    34.0973    34.0971    8.07987         40 0.0000e+00
     49.000     48.515    -0.0864  28.297952    -0.0866  28.294977     7.3974     7.3936     0.3648    89.4262 1.0000e-12  -64.87058  -63.82911 345.248554      99.97 0.0000e+00   2418.044      58034  1027.6065  1027.6034    34.0859    34.0821    8.07984         36 0.0000e+00
     48.000     47.523    -0.0843  28.293293    -0.0852  28.291221     7.4579     7.4514     0.3978    89.3708 1.0000e-12  -64.87058  -63.82911 345.248569      99.97 0.0000e+00   2419.347      58065  1027.5951  1027.5937    34.0779    34.0762    8.07984         33 0.0000e+00
     47.000     46.535    -0.0823  28.289861    -0.0847  28.282083     7.4950     7.4914     0.4750    89.3343 1.0000e-12  -64.87058  -63.82911 345.248586      99.97 0.0000e+00   2420.790      58100  1027.5852  1027.5791    34.0717    34.0641    8.07977         36 0.0000e+00
     46.000     45.544    -0.0833  28.280311    -0.0836  28.273733     7.5558     7.4981     0.5121    89.2363 1.0000e-12  -64.87058  -63.82910 345.248603      99.97 0.0000e+00   2422.333      58137  1027.5717  1027.5649    34.0609    34.0524    8.08061         36 0.0000e+00
     45.000     44.555    -0.0917  28.256710    -0.0830  28.273556     7.6342     7.5866     0.5343    89.0400 1.0000e-12  -64.87058  -63.82910 345.248623      99.97 0.0000e+00   2424.059      58178  1027.5503  1027.5598    34.0394    34.0521    8.08359         38 0.0000e+00
     44.000     43.564    -0.1125  28.213438    -0.1101  28.218401     7.7488     7.6946     0.5821    88.9327 1.0000e-12  -64.87058  -63.82910 345.248644      99.97 0.0000e+00   2425.882      58222  1027.5198  1027.5230    34.0057    34.0097    8.08991         39 0.0000e+00
