NBP2113_155081_ctd/data/nbp2113_006.cnv
* Sea-Bird SBE 9 Data File:
* FileName = D:\Data\raw\NBP2113_006.hex
* Software Version Seasave V 7.26.7.121
* Temperature SN = 2438
* Conductivity SN = 2067
* Number of Bytes Per Scan = 40
* Number of Voltage Words = 5
* Number of Scans Averaged by the Deck Unit = 1
* NMEA Latitude = 64 34.93 S
* NMEA Longitude = 064 20.17 W
* NMEA UTC (Time) = Nov 24 2021  19:52:36
* NMEA baud rate = 9600
** Ship: RVIB N.B. Palmer
** Cruise: NBP2113 LTER
** Station: 625.073
** Operator: S.Blackman
# nquan = 25
# nvalues = 393                         
# units = specified
# name 0 = prDM: Pressure, Digiquartz [db]
# name 1 = depSM: Depth [salt water, m]
# name 2 = t090C: Temperature [ITS-90, deg C]
# name 3 = c0mS/cm: Conductivity [mS/cm]
# name 4 = t190C: Temperature, 2 [ITS-90, deg C]
# name 5 = c1mS/cm: Conductivity, 2 [mS/cm]
# name 6 = sbeox0ML/L: Oxygen, SBE 43 [ml/l]
# name 7 = sbeox1ML/L: Oxygen, SBE 43, 2 [ml/l]
# name 8 = flECO-AFL: Fluorescence, WET Labs ECO-AFL/FL [mg/m^3]
# name 9 = CStarTr0: Beam Transmission, WET Labs C-Star [%]
# name 10 = par: PAR/Irradiance, Biospherical/Licor
# name 11 = latitude: Latitude [deg]
# name 12 = longitude: Longitude [deg]
# name 13 = timeJ: Julian Days
# name 14 = altM: Altimeter [m]
# name 15 = spar: SPAR, Biospherical/Licor
# name 16 = timeS: Time, Elapsed [seconds]
# name 17 = scan: Scan Count
# name 18 = density00: Density [density, kg/m^3]
# name 19 = density11: Density, 2 [density, kg/m^3]
# name 20 = sal00: Salinity, Practical [PSU]
# name 21 = sal11: Salinity, Practical, 2 [PSU]
# name 22 = oxsolML/L: Oxygen Saturation, Garcia & Gordon [ml/l]
# name 23 = nbin: number of scans per bin
# name 24 = flag: flag
# span 0 =      1.000,    199.000       
# span 1 =      0.993,    196.960       
# span 2 =    -0.0529,     1.0214       
# span 3 =  28.368240,  29.675541       
# span 4 =    -0.0528,     1.0218       
# span 5 =  28.366063,  29.674467       
# span 6 =     4.8213,     7.5985       
# span 7 =     4.7879,     7.4468       
# span 8 =     0.0300,     0.9418       
# span 9 =    92.5500,    97.4183       
# span 10 = -2.816e-05, 7.0859e+02      
# span 11 =  -64.58226,  -64.58194      
# span 12 =  -64.33790,  -64.33564      
# span 13 = 328.832803, 328.840902      
# span 14 =       8.38,     121.58      
# span 15 = 3.7697e+02, 4.2332e+02      
# span 16 =    398.183,   1097.937      
# span 17 =       9557,      26351      
# span 18 =  1027.4249,  1028.6364      
# span 19 =  1027.4223,  1028.6346      
# span 20 =    34.1479,    34.5673      
# span 21 =    34.1432,    34.5655      
# span 22 =    7.82514,    8.06871      
# span 23 =         17,         49      
# span 24 = 0.0000e+00, 0.0000e+00      
# interval = decibars: 1                
# start_time = Nov 24 2021 19:52:36 [NMEA time, header]
# bad_flag = -9.990e-29
*END*
[from data line 348]
     45.000     44.556     0.1281  28.618556     0.1127  28.598109     6.7177     6.6471     0.5320    95.0742 6.3096e+00  -64.58196  -64.33780 328.840117      99.97 3.8783e+02   1030.072      24723  1027.7283  1027.7215    34.2735    34.2637    8.02417         30 0.0000e+00
     44.000     43.565     0.1166  28.605157     0.0900  28.570178     6.7602     6.6936     0.5711    94.9037 6.6691e+00  -64.58196  -64.33782 328.840131      99.97 3.8783e+02   1031.347      24753  1027.7208  1027.7096    34.2692    34.2528    8.02680         30 0.0000e+00
     43.000     42.575     0.1034  28.587155     0.0750  28.551768     6.8405     6.7203     0.5582    94.8769 7.0569e+00  -64.58196  -64.33780 328.840145      99.97 3.8783e+02   1032.496      24781  1027.7102  1027.7001    34.2608    34.2458    8.03004         26 0.0000e+00
     42.000     41.585     0.0882  28.569105     0.0679  28.542283     6.8076     6.7264     0.5628    94.8734 7.4793e+00  -64.58196  -64.33780 328.840157      99.97 3.8625e+02   1033.556      24806  1027.7014  1027.6924    34.2546    34.2418    8.03358         26 0.0000e+00
     41.000     40.595     0.0813  28.560213     0.0655  28.539483     6.7743     6.7432     0.6498    94.6716 7.9424e+00  -64.58196  -64.33780 328.840171      99.97 3.8607e+02   1034.764      24835  1027.6942  1027.6872    34.2511    34.2413    8.03521         33 0.0000e+00
     40.000     39.606     0.1022  28.584837     0.0630  28.535447     6.8291     6.7588     0.6448    94.5094 8.4582e+00  -64.58196  -64.33780 328.840188      99.97 3.8607e+02   1036.270      24871  1027.6954  1027.6809    34.2609    34.2394    8.03029         37 0.0000e+00
     39.000     38.615     0.0702  28.544473     0.0616  28.533207     6.9905     6.8479     0.6566    94.4705 9.0200e+00  -64.58196  -64.33782 328.840204      99.97 3.8607e+02   1037.633      24904  1027.6794  1027.6753    34.2439    34.2386    8.03795         28 0.0000e+00
     38.000     37.625     0.0596  28.530283     0.0528  28.518790     7.1122     6.9214     0.6258    94.4755 9.6107e+00  -64.58196  -64.33782 328.840217      99.97 3.8607e+02   1038.706      24930  1027.6702  1027.6642    34.2376    34.2300    8.04053         24 0.0000e+00
     37.000     36.635     0.0365  28.498977     0.0189  28.473725     7.1073     6.9477     0.6282    94.4037 1.0252e+01  -64.58196  -64.33782 328.840228      99.97 3.8607e+02   1039.710      24954  1027.6549  1027.6448    34.2225    34.2088    8.04621         25 0.0000e+00
     36.000     35.645     0.0181  28.473338     0.0082  28.459143     7.1267     6.9754     0.6596    94.2105 1.0894e+01  -64.58196  -64.33782 328.840241      99.97 3.8607e+02   1040.814      24981  1027.6411  1027.6351    34.2098    34.2020    8.05081         27 0.0000e+00
     35.000     34.655     0.0175  28.473357     0.0071  28.456996     7.1429     6.9854     0.7197    94.0522 1.1498e+01  -64.58196  -64.33782 328.840256      99.97 3.8491e+02   1042.091      25011  1027.6370  1027.6294    34.2111    34.2011    8.05085         32 0.0000e+00
     34.000     33.665     0.0094  28.461170     0.0014  28.449389     7.1558     7.0028     0.8198    93.9631 1.2164e+01  -64.58196  -64.33782 328.840271      99.97 3.8430e+02   1043.411      25043  1027.6274  1027.6223    34.2047    34.1979    8.05293         30 0.0000e+00
     33.000     32.675     0.0019  28.451335     0.0011  28.448712     7.2278     7.0526     0.7174    93.8777 1.3003e+01  -64.58196  -64.33782 328.840285      99.97 3.8431e+02   1044.626      25072  1027.6197  1027.6173    34.2006    34.1980    8.05473         29 0.0000e+00
     32.000     31.684    -0.0011  28.446079    -0.0093  28.433350     7.2520     7.0975     0.7105    93.7846 1.3928e+01  -64.58196  -64.33782 328.840299      99.97 3.8431e+02   1045.821      25101  1027.6125  1027.6066    34.1976    34.1899    8.05554         29 0.0000e+00
     31.000     30.694    -0.0179  28.423138    -0.0217  28.416206     7.3022     7.1538     0.7228    93.6971 1.4963e+01  -64.58196  -64.33782 328.840314      99.97 3.8431e+02   1047.092      25131  1027.5999  1027.5959    34.1865    34.1816    8.05969         31 0.0000e+00
     30.000     29.705    -0.0217  28.417082    -0.0255  28.410162     7.3362     7.2381     0.7545    93.5341 1.6000e+01  -64.58196  -64.33782 328.840328      99.97 3.8431e+02   1048.314      25161  1027.5926  1027.5886    34.1834    34.1784    8.06068         28 0.0000e+00
     29.000     28.715    -0.0298  28.405757    -0.0373  28.390790     7.4766     7.2997     0.7716    93.4720 1.7087e+01  -64.58196  -64.33784 328.840341      99.97 3.8431e+02   1049.447      25188  1027.5840  1027.5751    34.1780    34.1666    8.06268         27 0.0000e+00
     28.000     27.723    -0.0372  28.389399    -0.0413  28.380201     7.4207     7.3343     0.8243    93.2301 1.8331e+01  -64.58195  -64.33783 328.840354      99.97 3.8431e+02   1050.599      25215  1027.5692  1027.5631    34.1652    34.1576    8.06497         28 0.0000e+00
     27.000     26.735    -0.0359  28.390277    -0.0406  28.377970     7.4290     7.3668     0.8603    92.9633 1.9833e+01  -64.58195  -64.33784 328.840369      99.97 3.8420e+02   1051.876      25246  1027.5643  1027.5555    34.1655    34.1544    8.06468         33 0.0000e+00
     26.000     25.744    -0.0215  28.408340    -0.0402  28.375095     7.5707     7.3805     0.9418    92.8163 2.1437e+01  -64.58196  -64.33784 328.840384      99.97 3.8319e+02   1053.197      25278  1027.5651  1027.5476    34.1740    34.1508    8.06117         30 0.0000e+00
     25.000     24.755    -0.0394  28.378061    -0.0398  28.374708     7.5985     7.3951     0.9272    92.7776 2.2957e+01  -64.58196  -64.33784 328.840398      99.97 3.8255e+02   1054.358      25306  1027.5458  1027.5423    34.1544    34.1504    8.06604         26 0.0000e+00
     24.000     23.764    -0.0392  28.375304    -0.0387  28.373728     7.5839     7.4007     0.8753    92.7088 2.4597e+01  -64.58196  -64.33786 328.840410      99.97 3.8255e+02   1055.432      25331  1027.5382  1027.5358    34.1511    34.1485    8.06618         26 0.0000e+00
     23.000     22.773    -0.0384  28.375618    -0.0386  28.372853     7.5327     7.4035     0.8421    92.6585 2.6423e+01  -64.58196  -64.33785 328.840424      99.97 3.8255e+02   1056.607      25360  1027.5333  1027.5304    34.1512    34.1478    8.06600         31 0.0000e+00
     22.000     21.785    -0.0366  28.378911    -0.0373  28.373356     7.5433     7.4087     0.8153    92.6268 2.8430e+01  -64.58196  -64.33785 328.840440      99.97 3.8255e+02   1057.976      25392  1027.5308  1027.5254    34.1542    34.1476    8.06546         32 0.0000e+00
     21.000     20.794    -0.0372  28.375540    -0.0377  28.372750     7.5484     7.4160     0.8913    92.6486 3.0456e+01  -64.58194  -64.33784 328.840455      99.97 3.8255e+02   1059.326      25425  1027.5234  1027.5207    34.1510    34.1479    8.06577         30 0.0000e+00
     20.000     19.804    -0.0382  28.373745    -0.0387  28.371392     7.5063     7.4183     0.8910    92.6417 3.3156e+01  -64.58194  -64.33785 328.840469      99.97 3.8255e+02   1060.501      25453  1027.5181  1027.5159    34.1504    34.1478    8.06601         27 0.0000e+00
     19.000     18.813    -0.0389  28.372670    -0.0370  28.372172     7.5367     7.4160     0.8762    92.6266 3.6346e+01  -64.58194  -64.33785 328.840482      99.97 3.8255e+02   1061.612      25480  1027.5133  1027.5108    34.1504    34.1475    8.06617         27 0.0000e+00
     18.000     17.823    -0.0372  28.373458    -0.0332  28.374330     7.5147     7.4174     0.8343    92.6359 3.9787e+01  -64.58194  -64.33785 328.840495      99.97 3.8174e+02   1062.742      25507  1027.5081  1027.5051    34.1501    34.1468    8.06581         27 0.0000e+00
     17.000     16.834    -0.0347  28.374759    -0.0332  28.374048     7.5326     7.4268     0.7877    92.6451 4.3437e+01  -64.58194  -64.33786 328.840508      34.09 3.8077e+02   1063.909      25535  1027.5028  1027.5005    34.1497    34.1471    8.06532         28 0.0000e+00
     16.000     15.843    -0.0333  28.375431    -0.0328  28.373926     7.5211     7.4278     0.7814    92.6311 4.7272e+01  -64.58194  -64.33786 328.840522      82.49 3.8078e+02   1065.091      25563  1027.4979  1027.4957    34.1496    34.1470    8.06503         29 0.0000e+00
     15.000     14.853    -0.0325  28.375765    -0.0319  28.374291     7.5176     7.4232     0.7575    92.5987 5.0624e+01  -64.58194  -64.33786 328.840536      99.77 3.8078e+02   1066.278      25592  1027.4931  1027.4909    34.1498    34.1471    8.06485         29 0.0000e+00
     14.000     13.862    -0.0320  28.375792    -0.0307  28.374716     7.5152     7.4186     0.7729    92.6239 5.4537e+01  -64.58194  -64.33786 328.840550      99.97 3.8078e+02   1067.533      25622  1027.4883  1027.4859    34.1498    34.1469    8.06474         33 0.0000e+00
     13.000     12.872    -0.0329  28.374722    -0.0304  28.374596     7.5342     7.4302     0.7658    92.6310 5.8929e+01  -64.58194  -64.33786 328.840568      68.05 3.8078e+02   1069.093      25659  1027.4838  1027.4812    34.1500    34.1471    8.06492         36 0.0000e+00
     12.000     11.884    -0.0317  28.375315    -0.0297  28.374766     7.5491     7.4358     0.7860    92.5772 6.5347e+01  -64.58194  -64.33786 328.840587      90.99 3.8078e+02   1070.721      25698  1027.4790  1027.4764    34.1501    34.1471    8.06467         33 0.0000e+00
     11.000     10.891    -0.0109  28.393275    -0.0237  28.379377     7.5120     7.4308     0.7587    92.6130 7.1894e+01  -64.58194  -64.33786 328.840601      99.87 3.8078e+02   1071.926      25727  1027.4735  1027.4713    34.1512    34.1472    8.06021         26 0.0000e+00
     10.000      9.903     0.0691  28.461622     0.0597  28.450767     7.5193     7.4202     0.6899    92.6094 7.6599e+01  -64.58194  -64.33786 328.840614      99.97 3.8078e+02   1073.036      25754  1027.4640  1027.4615    34.1530    34.1492    8.04329         26 0.0000e+00
      9.000      8.911     0.0415  28.434091     0.0773  28.462612     7.5016     7.4254     0.6132    92.5770 8.7693e+01  -64.58194  -64.33788 328.840629      99.97 3.8078e+02   1074.315      25785  1027.4580  1027.4531    34.1481    34.1458    8.04938         33 0.0000e+00
      8.000      7.922     0.0342  28.430953     0.0582  28.446976     7.5179     7.4271     0.5867    92.6072 9.6472e+01  -64.58194  -64.33788 328.840645      99.97 3.8027e+02   1075.707      25818  1027.4574  1027.4514    34.1527    34.1471    8.05065         34 0.0000e+00
      7.000      6.932     0.0325  28.426151     0.0370  28.428374     7.5163     7.4260     0.6273    92.5682 1.0126e+02  -64.58194  -64.33788 328.840664      99.97 3.7914e+02   1077.404      25859  1027.4501  1027.4482    34.1488    34.1467    8.05122         40 0.0000e+00
      6.000      5.941     0.0359  28.429319     0.0361  28.426524     7.5144     7.4283     0.5674    92.5500 1.1528e+02  -64.58194  -64.33788 328.840689      99.97 3.7901e+02   1079.492      25909  1027.4461  1027.4430    34.1498    34.1459    8.05045         35 0.0000e+00
      5.000      4.951     0.0260  28.419654     0.0196  28.411614     7.5431     7.4197     0.5871    92.5780 1.2666e+02  -64.58194  -64.33788 328.840702      99.97 3.7902e+02   1080.686      25937  1027.4412  1027.4391    34.1486    34.1452    8.05259         25 0.0000e+00
      4.000      3.960    -0.0125  28.386171    -0.0113  28.383696     7.5095     7.4271     0.5611    92.5910 1.4539e+02  -64.58194  -64.33788 328.840714      99.97 3.7902e+02   1081.719      25962  1027.4388  1027.4351    34.1479    34.1432    8.06074         28 0.0000e+00
      3.000      2.968     0.0023  28.398324     0.0028  28.396975     7.5081     7.4286     0.5498    92.5935 1.7157e+02  -64.58194  -64.33789 328.840744      51.53 3.7902e+02   1084.263      26023  1027.4329  1027.4310    34.1481    34.1458    8.05762         30 0.0000e+00
      2.000      1.980    -0.0030  28.393427     0.0030  28.395774     7.5181     7.4309     0.5279    92.5592 2.2913e+02  -64.58194  -64.33790 328.840815      51.10 3.7791e+02   1090.391      26170  1027.4285  1027.4251    34.1481    34.1445    8.05873         30 0.0000e+00
      1.000      0.993    -0.0151  28.383171    -0.0149  28.380892 -9.990e-29 -9.990e-29     0.4912    92.5517 7.0859e+02  -64.58194  -64.33790 328.840902     121.58 3.7697e+02   1097.937      26351  1027.4249  1027.4223    34.1487    34.1453    8.06124         19 0.0000e+00
