NBP2113_155081_ctd/data/nbp2113_018.cnv
* Sea-Bird SBE 9 Data File:
* FileName = D:\Data\raw\NBP2113_018.hex
* Software Version Seasave V 7.26.7.121
* Temperature SN = 2438
* Conductivity SN = 2067
* Number of Bytes Per Scan = 40
* Number of Voltage Words = 5
* Number of Scans Averaged by the Deck Unit = 1
* NMEA Latitude = 65 50.87 S
* NMEA Longitude = 071 22.66 W
* NMEA UTC (Time) = Nov 28 2021  20:11:54
* NMEA baud rate = 9600
** Ship: RVIB N.B. Palmer
** Cruise: NBP2113 LTER
** Station: 300.200
** Operator: S. Blackman
# nquan = 25
# nvalues = 6199                        
# units = specified
# name 0 = prDM: Pressure, Digiquartz [db]
# name 1 = depSM: Depth [salt water, m]
# name 2 = t090C: Temperature [ITS-90, deg C]
# name 3 = c0mS/cm: Conductivity [mS/cm]
# name 4 = t190C: Temperature, 2 [ITS-90, deg C]
# name 5 = c1mS/cm: Conductivity, 2 [mS/cm]
# name 6 = sbeox0ML/L: Oxygen, SBE 43 [ml/l]
# name 7 = sbeox1ML/L: Oxygen, SBE 43, 2 [ml/l]
# name 8 = flECO-AFL: Fluorescence, WET Labs ECO-AFL/FL [mg/m^3]
# name 9 = CStarTr0: Beam Transmission, WET Labs C-Star [%]
# name 10 = par: PAR/Irradiance, Biospherical/Licor
# name 11 = latitude: Latitude [deg]
# name 12 = longitude: Longitude [deg]
# name 13 = timeJ: Julian Days
# name 14 = altM: Altimeter [m]
# name 15 = spar: SPAR, Biospherical/Licor
# name 16 = timeS: Time, Elapsed [seconds]
# name 17 = scan: Scan Count
# name 18 = density00: Density [density, kg/m^3]
# name 19 = density11: Density, 2 [density, kg/m^3]
# name 20 = sal00: Salinity, Practical [PSU]
# name 21 = sal11: Salinity, Practical, 2 [PSU]
# name 22 = oxsolML/L: Oxygen Saturation, Garcia & Gordon [ml/l]
# name 23 = nbin: number of scans per bin
# name 24 = flag: flag
# span 0 =      1.000,   3102.000       
# span 1 =      0.988,   3048.984       
# span 2 =    -0.9604,     1.9842       
# span 3 =  27.559609,  30.707609       
# span 4 =    -0.9587,     1.9832       
# span 5 =  27.559233,  30.706539       
# span 6 =     3.8782,     8.4841       
# span 7 =     3.9346,     8.4608       
# span 8 =    -0.0220,    10.1452       
# span 9 =    85.2241,    97.8607       
# span 10 = 1.0000e-12, 1.0000e-12      
# span 11 =  -65.84838,  -65.84748      
# span 12 =  -71.37883,  -71.37718      
# span 13 = 332.844803, 332.936425      
# span 14 =       1.14,     108.25      
# span 15 = 1.8334e+02, 6.2851e+02      
# span 16 =    276.952,   8193.091      
# span 17 =       6648,     196635      
# span 18 =  1027.2925,  1042.0975      
# span 19 =  1027.2915,  1042.0969      
# span 20 =    33.9515,    34.7290      
# span 21 =    33.9504,    34.7284      
# span 22 =    7.63105,    8.26876      
# span 23 =         10,         69      
# span 24 = 0.0000e+00, 0.0000e+00      
# interval = decibars: 1                
# start_time = Nov 28 2021 20:11:54 [NMEA time, header]
# bad_flag = -9.990e-29
*END*
[from data line 812]
    817.000    807.353     1.6298  30.605595     1.6298  30.604916     4.2043     4.2397    -0.0043    97.8097 1.0000e-12  -65.84806  -71.37774 332.858173      99.98 5.4097e+02   1432.108      34372  1031.6046  1031.6039    34.7278    34.7269    7.69639         23 0.0000e+00
    818.000    808.339     1.6294  30.605818     1.6295  30.605011     4.1992     4.2469    -0.0083    97.8420 1.0000e-12  -65.84806  -71.37774 332.858184      99.98 5.3943e+02   1433.109      34396  1031.6094  1031.6085    34.7279    34.7268    7.69646         26 0.0000e+00
    819.000    809.325     1.6273  30.604408     1.6272  30.603493     4.1960     4.2485    -0.0087    97.8326 1.0000e-12  -65.84806  -71.37774 332.858197      99.98 5.3894e+02   1434.224      34422  1031.6143  1031.6134    34.7279    34.7268    7.69687         28 0.0000e+00
    820.000    810.312     1.6261  30.603917     1.6260  30.603153     4.2038     4.2484    -0.0043    97.8326 1.0000e-12  -65.84806  -71.37774 332.858211      99.98 5.3749e+02   1435.398      34451  1031.6192  1031.6184    34.7281    34.7271    7.69710         28 0.0000e+00
    821.000    811.298     1.6248  30.603246     1.6248  30.602485     4.2079     4.2450     0.0048    97.8326 1.0000e-12  -65.84806  -71.37776 332.858223      99.98 5.3594e+02   1436.488      34477  1031.6239  1031.6231    34.7280    34.7270    7.69734         25 0.0000e+00
    822.000    812.282     1.6239  30.602927     1.6240  30.602257     4.2031     4.2472     0.0009    97.8389 1.0000e-12  -65.84806  -71.37776 332.858235      99.98 5.3445e+02   1437.539      34502  1031.6286  1031.6279    34.7281    34.7271    7.69752         26 0.0000e+00
    823.000    813.271     1.6236  30.603096     1.6236  30.602338     4.1924     4.2499    -0.0134    97.8483 1.0000e-12  -65.84805  -71.37777 332.858249      99.98 5.3416e+02   1438.683      34529  1031.6333  1031.6325    34.7280    34.7271    7.69757         29 0.0000e+00
    824.000    814.257     1.6219  30.601924     1.6218  30.601148     4.1994     4.2480    -0.0177    97.8395 1.0000e-12  -65.84804  -71.37778 332.858264      99.98 5.3415e+02   1440.010      34561  1031.6380  1031.6373    34.7279    34.7270    7.69792         33 0.0000e+00
    825.000    815.243     1.6207  30.601273     1.6206  30.600544     4.1970     4.2426     0.0091    97.8442 1.0000e-12  -65.84804  -71.37778 332.858279      99.98 5.3245e+02   1441.333      34593  1031.6427  1031.6421    34.7279    34.7271    7.69816         31 0.0000e+00
    826.000    816.228     1.6200  30.601112     1.6200  30.600394     4.2034     4.2433    -0.0135    97.8557 1.0000e-12  -65.84804  -71.37779 332.858294      99.98 5.3060e+02   1442.580      34623  1031.6474  1031.6467    34.7279    34.7270    7.69829         28 0.0000e+00
    827.000    817.215     1.6190  30.600773     1.6190  30.599965     4.2041     4.2473    -0.0127    97.8397 1.0000e-12  -65.84804  -71.37780 332.858306      99.98 5.2828e+02   1443.676      34649  1031.6522  1031.6514    34.7279    34.7269    7.69848         25 0.0000e+00
    828.000    818.201     1.6183  30.600550     1.6183  30.599860     4.2088     4.2472    -0.0036    97.8399 1.0000e-12  -65.84804  -71.37780 332.858317      99.98 5.2637e+02   1444.613      34672  1031.6569  1031.6561    34.7279    34.7270    7.69862         21 0.0000e+00
    829.000    819.188     1.6166  30.599511     1.6166  30.598819     4.2119     4.2468    -0.0049    97.8448 1.0000e-12  -65.84804  -71.37780 332.858327      99.98 5.2535e+02   1445.489      34693  1031.6617  1031.6610    34.7279    34.7270    7.69895         21 0.0000e+00
    830.000    820.174     1.6156  30.599163     1.6156  30.598331     4.2075     4.2483    -0.0029    97.8486 1.0000e-12  -65.84804  -71.37780 332.858338      99.97 5.2534e+02   1446.417      34715  1031.6665  1031.6657    34.7280    34.7270    7.69914         24 0.0000e+00
    831.000    821.159     1.6154  30.599346     1.6154  30.598638     4.2077     4.2503    -0.0045    97.8542 1.0000e-12  -65.84804  -71.37780 332.858353      99.98 5.2534e+02   1447.662      34745  1031.6710  1031.6703    34.7279    34.7270    7.69918         29 0.0000e+00
    832.000    822.142     1.6155  30.599864     1.6153  30.599000     4.2093     4.2405    -0.0126    97.8563 1.0000e-12  -65.84802  -71.37782 332.858383      99.98 5.2534e+02   1450.297      34808  1031.6757  1031.6750    34.7279    34.7271    7.69917         27 0.0000e+00
    833.000    823.132     1.6151  30.600090     1.6151  30.599411     4.2003     4.2386    -0.0132    97.8557 1.0000e-12  -65.84802  -71.37782 332.858396      99.98 5.2452e+02   1451.387      34834  1031.6804  1031.6797    34.7281    34.7272    7.69923         20 0.0000e+00
    834.000    824.119     1.6147  30.600280     1.6147  30.599556     4.2053     4.2473    -0.0196    97.8468 1.0000e-12  -65.84802  -71.37782 332.858405      99.98 5.2357e+02   1452.154      34853  1031.6852  1031.6845    34.7281    34.7273    7.69930         18 0.0000e+00
    835.000    825.103     1.6147  30.600669     1.6148  30.599959     4.2051     4.2474    -0.0182    97.8436 1.0000e-12  -65.84802  -71.37783 332.858412      99.98 5.2295e+02   1452.811      34868  1031.6897  1031.6890    34.7281    34.7272    7.69931         14 0.0000e+00
    836.000    826.091     1.6146  30.601129     1.6146  30.600378     4.2037     4.2482    -0.0125    97.8481 1.0000e-12  -65.84802  -71.37784 332.858419      99.98 5.2191e+02   1453.428      34883  1031.6945  1031.6938    34.7282    34.7274    7.69932         15 0.0000e+00
    837.000    827.077     1.6148  30.601645     1.6148  30.600931     4.2050     4.2472    -0.0090    97.8567 1.0000e-12  -65.84802  -71.37784 332.858427      99.98 5.2284e+02   1454.078      34899  1031.6990  1031.6984    34.7282    34.7273    7.69929         17 0.0000e+00
    838.000    828.063     1.6143  30.601620     1.6144  30.600948     4.2040     4.2472    -0.0009    97.8477 1.0000e-12  -65.84802  -71.37784 332.858438      99.98 5.2226e+02   1455.049      34922  1031.7037  1031.7029    34.7281    34.7271    7.69938         30 0.0000e+00
    839.000    829.050     1.6146  30.602329     1.6146  30.601442     4.2040     4.2481    -0.0143    97.8491 1.0000e-12  -65.84800  -71.37786 332.858473      99.98 5.2028e+02   1458.059      34994  1031.7083  1031.7074    34.7281    34.7271    7.69933         36 0.0000e+00
    840.000    830.036     1.6143  30.602574     1.6143  30.601743     4.2013     4.2494    -0.0159    97.8511 1.0000e-12  -65.84800  -71.37786 332.858487      99.98 5.1829e+02   1459.289      35024  1031.7130  1031.7122    34.7282    34.7272    7.69938         25 0.0000e+00
    841.000    831.020     1.6145  30.603139     1.6145  30.602478     4.2015     4.2512    -0.0197    97.8465 1.0000e-12  -65.84800  -71.37786 332.858499      99.98 5.1829e+02   1460.325      35049  1031.7176  1031.7169    34.7282    34.7274    7.69935         24 0.0000e+00
    842.000    832.008     1.6145  30.603739     1.6145  30.603000     4.2097     4.2541    -0.0134    97.8359 1.0000e-12  -65.84800  -71.37786 332.858510      99.98 5.1829e+02   1461.298      35072  1031.7224  1031.7217    34.7284    34.7275    7.69934         23 0.0000e+00
    843.000    832.993     1.6136  30.603428     1.6136  30.602745     4.2132     4.2526    -0.0050    97.8424 1.0000e-12  -65.84800  -71.37786 332.858521      99.98 5.1794e+02   1462.205      35094  1031.7271  1031.7264    34.7284    34.7275    7.69951         21 0.0000e+00
    844.000    833.981     1.6102  30.600865     1.6103  30.600085     4.2144     4.2529    -0.0051    97.8175 1.0000e-12  -65.84800  -71.37788 332.858531      99.98 5.1654e+02   1463.050      35114  1031.7321  1031.7313    34.7283    34.7273    7.70017         20 0.0000e+00
    845.000    834.966     1.6086  30.599814     1.6085  30.599166     4.2137     4.2543    -0.0042    97.8374 1.0000e-12  -65.84800  -71.37789 332.858541      99.97 5.1652e+02   1463.913      35135  1031.7369  1031.7363    34.7283    34.7275    7.70049         21 0.0000e+00
    846.000    835.953     1.6083  30.600231     1.6085  30.599505     4.2153     4.2545    -0.0039    97.8450 1.0000e-12  -65.84800  -71.37790 332.858552      99.98 5.1702e+02   1464.886      35158  1031.7417  1031.7409    34.7285    34.7275    7.70053         25 0.0000e+00
    847.000    836.939     1.6078  30.600047     1.6078  30.599403     4.2140     4.2551    -0.0061    97.8343 1.0000e-12  -65.84800  -71.37790 332.858565      99.98 5.1829e+02   1466.042      35186  1031.7462  1031.7455    34.7283    34.7275    7.70064         31 0.0000e+00
    848.000    837.924     1.6070  30.599769     1.6071  30.599090     4.2179     4.2552    -0.0051    97.8523 1.0000e-12  -65.84800  -71.37790 332.858581      99.98 5.1829e+02   1467.398      35219  1031.7509  1031.7502    34.7282    34.7273    7.70080         34 0.0000e+00
    849.000    838.913     1.6059  30.599362     1.6060  30.598637     4.2079     4.2569    -0.0154    97.8526 1.0000e-12  -65.84798  -71.37789 332.858599      99.98 5.1779e+02   1468.974      35256  1031.7557  1031.7549    34.7284    34.7274    7.70100         36 0.0000e+00
    850.000    839.896     1.6057  30.599580     1.6057  30.598791     4.2037     4.2556    -0.0079    97.8545 1.0000e-12  -65.84798  -71.37792 332.858625      99.98 5.1649e+02   1471.161      35309  1031.7604  1031.7596    34.7284    34.7274    7.70106         40 0.0000e+00
    851.000    840.883     1.6046  30.599151     1.6046  30.598414     4.2003     4.2509    -0.0136    97.8446 1.0000e-12  -65.84798  -71.37792 332.858640      99.98 5.1652e+02   1472.504      35341  1031.7652  1031.7644    34.7284    34.7275    7.70125         23 0.0000e+00
    852.000    841.869     1.6031  30.598216     1.6030  30.597532     4.2055     4.2550    -0.0142    97.8325 1.0000e-12  -65.84798  -71.37794 332.858650      99.98 5.1622e+02   1473.319      35361  1031.7699  1031.7694    34.7284    34.7277    7.70156         18 0.0000e+00
    853.000    842.854     1.6025  30.598216     1.6025  30.597410     4.2113     4.2530    -0.0056    97.8289 1.0000e-12  -65.84798  -71.37792 332.858657      16.87 5.1475e+02   1473.983      35377  1031.7747  1031.7739    34.7285    34.7275    7.70166         14 0.0000e+00
    854.000    843.843     1.6006  30.596977     1.6006  30.596174     4.2143     4.2503    -0.0056    97.8566 1.0000e-12  -65.84798  -71.37792 332.858664      99.41 5.1476e+02   1474.566      35391  1031.7795  1031.7788    34.7285    34.7275    7.70204         14 0.0000e+00
    855.000    844.827     1.5990  30.596014     1.5987  30.595094     4.2203     4.2540    -0.0144    97.8583 1.0000e-12  -65.84798  -71.37792 332.858670      99.98 5.1476e+02   1475.124      35404  1031.7844  1031.7837    34.7285    34.7276    7.70236         13 0.0000e+00
    856.000    845.814     1.5975  30.595107     1.5975  30.594306     4.2147     4.2591    -0.0145    97.8462 1.0000e-12  -65.84798  -71.37792 332.858677      99.98 5.1357e+02   1475.715      35418  1031.7891  1031.7884    34.7284    34.7274    7.70265         15 0.0000e+00
    857.000    846.802     1.5964  30.594629     1.5965  30.594058     4.2078     4.2655    -0.0125    97.8362 1.0000e-12  -65.84797  -71.37792 332.858689      99.97 5.1323e+02   1476.758      35443  1031.7939  1031.7932    34.7284    34.7276    7.70286         25 0.0000e+00
    858.000    847.784     1.5982  30.596419     1.5994  30.596819     4.2190     4.2561    -0.0044    97.8443 1.0000e-12  -65.84796  -71.37796 332.858738      99.98 5.1484e+02   1480.948      35544  1031.7980  1031.7972    34.7282    34.7273    7.70252         25 0.0000e+00
    859.000    848.773     1.5942  30.593522     1.5931  30.592022     4.2138     4.2554    -0.0054    97.8420 1.0000e-12  -65.84796  -71.37796 332.858746      99.98 5.1438e+02   1481.689      35562  1031.8033  1031.8028    34.7284    34.7277    7.70329         19 0.0000e+00
    860.000    849.756     1.5920  30.592099     1.5920  30.591403     4.2172     4.2573    -0.0122    97.8525 1.0000e-12  -65.84796  -71.37796 332.858755      99.97 5.1297e+02   1482.432      35579  1031.8082  1031.8075    34.7284    34.7276    7.70371         17 0.0000e+00
    861.000    850.744     1.5903  30.591090     1.5903  30.590327     4.2154     4.2602    -0.0204    97.8469 1.0000e-12  -65.84796  -71.37796 332.858763      99.98 5.1300e+02   1483.128      35596  1031.8130  1031.8123    34.7284    34.7275    7.70404         16 0.0000e+00
    862.000    851.730     1.5907  30.591712     1.5907  30.591108     4.2103     4.2608    -0.0154    97.8421 1.0000e-12  -65.84796  -71.37796 332.858771      99.98 5.1233e+02   1483.783      35612  1031.8175  1031.8169    34.7283    34.7275    7.70398         16 0.0000e+00
    863.000    852.718     1.5906  30.592169     1.5906  30.591416     4.2075     4.2589    -0.0132    97.8325 1.0000e-12  -65.84796  -71.37796 332.858778      99.97 5.1145e+02   1484.444      35628  1031.8222  1031.8215    34.7284    34.7275    7.70399         16 0.0000e+00
    864.000    853.702     1.5890  30.591165     1.5891  30.590693     4.2133     4.2601    -0.0131    97.8548 1.0000e-12  -65.84796  -71.37798 332.858787      99.98 5.1284e+02   1485.206      35646  1031.8269  1031.8264    34.7283    34.7276    7.70430         23 0.0000e+00
    865.000    854.687     1.5899  30.592368     1.5896  30.591359     4.2113     4.2554    -0.0067    97.8359 1.0000e-12  -65.84794  -71.37799 332.858823      99.98 5.1301e+02   1488.332      35721  1031.8314  1031.8307    34.7283    34.7274    7.70413         34 0.0000e+00
    866.000    855.674     1.5878  30.590953     1.5877  30.590289     4.2169     4.2592    -0.0081    97.8449 1.0000e-12  -65.84794  -71.37800 332.858842      99.98 5.1206e+02   1489.943      35760  1031.8363  1031.8357    34.7283    34.7276    7.70454         19 0.0000e+00
    867.000    856.660     1.5879  30.591772     1.5880  30.591093     4.2266     4.2603    -0.0202    97.8492 1.0000e-12  -65.84794  -71.37800 332.858850      99.98 5.1124e+02   1490.668      35777  1031.8411  1031.8404    34.7286    34.7277    7.70450         17 0.0000e+00
    868.000    857.645     1.5882  30.592503     1.5882  30.591757     4.2266     4.2599    -0.0105    97.8406 1.0000e-12  -65.84794  -71.37800 332.858858      99.98 5.1190e+02   1491.353      35793  1031.8457  1031.8450    34.7287    34.7278    7.70444         16 0.0000e+00
    869.000    858.633     1.5881  30.592966     1.5881  30.592213     4.2254     4.2597    -0.0067    97.8309 1.0000e-12  -65.84794  -71.37800 332.858866      94.17 5.1300e+02   1491.997      35809  1031.8505  1031.8497    34.7288    34.7279    7.70445         15 0.0000e+00
    870.000    859.619     1.5879  30.593235     1.5879  30.592423     4.2230     4.2608    -0.0044    97.8415 1.0000e-12  -65.84794  -71.37801 332.858874      51.57 5.1457e+02   1492.721      35826  1031.8552  1031.8544    34.7289    34.7278    7.70450         20 0.0000e+00
    871.000    860.604     1.5870  30.592901     1.5871  30.592162     4.2242     4.2619    -0.0102    97.8407 1.0000e-12  -65.84794  -71.37802 332.858888      98.59 5.1612e+02   1493.896      35854  1031.8598  1031.8590    34.7288    34.7278    7.70466         35 0.0000e+00
    872.000    861.589     1.5849  30.591436     1.5848  30.590625     4.2314     4.2739    -0.0050    97.8468 1.0000e-12  -65.84794  -71.37802 332.858914      99.98 5.1924e+02   1496.176      35909  1031.8647  1031.8639    34.7288    34.7278    7.70509         38 0.0000e+00
    873.000    862.576     1.5823  30.589578     1.5823  30.588928     4.2240     4.2702    -0.0093    97.8450 1.0000e-12  -65.84794  -71.37804 332.858933      99.98 5.2005e+02   1497.837      35949  1031.8696  1031.8689    34.7288    34.7279    7.70560         33 0.0000e+00
