NBP2113_155081_ctd/data/nbp2113_004.ros
* Sea-Bird SBE 9 Data File:
* FileName = D:\Data\raw\NBP2113_004.hex
* Software Version Seasave V 7.26.7.121
* Temperature SN = 2438
* Conductivity SN = 2067
* Number of Bytes Per Scan = 40
* Number of Voltage Words = 5
* Number of Scans Averaged by the Deck Unit = 1
* NMEA Latitude = 63 46.12 S
* NMEA Longitude = 062 51.59 W
* NMEA UTC (Time) = Nov 23 2021  06:30:17
* NMEA baud rate = 9600
** Ship: RVIB N.B. Palmer
** Cruise: NBP2113 LTER
** Station: 747.068
** Operator: B. Urmston
# nquan = 20
# nvalues = 1127                                  
# units = specified
# name 0 = prDM: Pressure, Digiquartz [db]
# name 1 = depSM: Depth [salt water, m]
# name 2 = t090C: Temperature [ITS-90, deg C]
# name 3 = c0mS/cm: Conductivity [mS/cm]
# name 4 = t190C: Temperature, 2 [ITS-90, deg C]
# name 5 = c1mS/cm: Conductivity, 2 [mS/cm]
# name 6 = sbeox0ML/L: Oxygen, SBE 43 [ml/l]
# name 7 = sbeox1ML/L: Oxygen, SBE 43, 2 [ml/l]
# name 8 = flECO-AFL: Fluorescence, WET Labs ECO-AFL/FL [mg/m^3]
# name 9 = CStarTr0: Beam Transmission, WET Labs C-Star [%]
# name 10 = par: PAR/Irradiance, Biospherical/Licor
# name 11 = latitude: Latitude [deg]
# name 12 = longitude: Longitude [deg]
# name 13 = timeJ: Julian Days
# name 14 = altM: Altimeter [m]
# name 15 = spar: SPAR, Biospherical/Licor
# name 16 = timeS: Time, Elapsed [seconds]
# name 17 = scan: Scan Count
# name 18 = nbf: Bottles Fired
# name 19 = flag:  0.000e+00
# interval = seconds: 0.0416667
# start_time = Nov 23 2021 06:30:17 [NMEA time, header]
# bad_flag = -9.990e-29
*END*
[from data line 145]
    302.658    299.498     1.5809  30.305385     1.5812  30.304415     4.1716     4.1552    -0.0077    99.0171 1.0000e-12  -63.76810  -62.86030 327.287459      73.43 2.4680e+01   1419.458      34068          3  0.000e+00
    302.630    299.471     1.5808  30.305622     1.5811  30.304125     4.1652     4.1549    -0.0077    99.0171 1.0000e-12  -63.76810  -62.86030 327.287459      73.43 2.4680e+01   1419.500      34069          3  0.000e+00
    304.063    300.888     1.5803  30.305804     1.5809  30.304593     4.1702     4.1519    -0.0004    99.0686 1.0000e-12  -63.76810  -62.86028 327.287504      72.31 2.4680e+01   1423.375      34162          4  0.000e+00
    303.987    300.813     1.5805  30.305567     1.5807  30.304767     4.1757     4.1520    -0.0004    99.0428 1.0000e-12  -63.76810  -62.86028 327.287505      72.31 2.4680e+01   1423.417      34163          4  0.000e+00
    304.063    300.888     1.5805  30.305685     1.5807  30.304535     4.1757     4.1521    -0.0077    99.0686 1.0000e-12  -63.76810  -62.86028 327.287505      72.33 2.4680e+01   1423.458      34164          4  0.000e+00
    304.063    300.888     1.5802  30.305804     1.5809  30.304535     4.1755     4.1522    -0.0077    99.0943 1.0000e-12  -63.76810  -62.86028 327.287506      72.33 2.4680e+01   1423.500      34165          4  0.000e+00
    304.146    300.970     1.5803  30.305567     1.5811  30.304245     4.1698     4.1524    -0.0077    99.0943 1.0000e-12  -63.76810  -62.86028 327.287506      72.31 2.4680e+01   1423.542      34166          4  0.000e+00
    304.111    300.936     1.5803  30.305686     1.5810  30.303839     4.1752     4.1525    -0.0077    99.0943 1.0000e-12  -63.76810  -62.86028 327.287507      72.28 2.4680e+01   1423.583      34167          4  0.000e+00
    304.146    300.970     1.5806  30.305804     1.5812  30.303723     4.1694     4.1526    -0.0077    99.0943 1.0000e-12  -63.76810  -62.86028 327.287507      72.23 2.4680e+01   1423.625      34168          4  0.000e+00
    304.215    301.038     1.5806  30.305567     1.5812  30.303434     4.1735     4.1474    -0.0077    99.0943 1.0000e-12  -63.76810  -62.86028 327.287508      72.04 2.4680e+01   1423.667      34169          4  0.000e+00
    304.242    301.065     1.5805  30.305508     1.5813  30.303434     4.1677     4.1520    -0.0077    99.0943 1.0000e-12  -63.76810  -62.86028 327.287508      71.99 2.4680e+01   1423.708      34170          4  0.000e+00
    304.270    301.092     1.5806  30.305686     1.5810  30.302796     4.1675     4.1522    -0.0077    99.0943 1.0000e-12  -63.76810  -62.86028 327.287509      71.99 2.4680e+01   1423.750      34171          4  0.000e+00
    304.270    301.092     1.5808  30.305567     1.5812  30.302738     4.1729     4.1524    -0.0077    99.0943 1.0000e-12  -63.76810  -62.86028 327.287509      71.99 2.4680e+01   1423.792      34172          4  0.000e+00
    304.297    301.119     1.5809  30.305686     1.5812  30.302854     4.1727     4.1525    -0.0077    99.0943 1.0000e-12  -63.76810  -62.86028 327.287510      71.99 2.4680e+01   1423.833      34173          4  0.000e+00
    304.318    301.140     1.5808  30.305389     1.5813  30.302796     4.1725     4.1526    -0.0077    99.0943 1.0000e-12  -63.76810  -62.86028 327.287510      71.99 2.4680e+01   1423.875      34174          4  0.000e+00
    304.401    301.221     1.5808  30.305271     1.5813  30.302622     4.1693     4.1528    -0.0077    99.0943 1.0000e-12  -63.76810  -62.86028 327.287511      71.99 2.4680e+01   1423.917      34175          4  0.000e+00
    304.373    301.194     1.5808  30.305271     1.5811  30.302390     4.1747     4.1530    -0.0077    99.0943 1.0000e-12  -63.76810  -62.86028 327.287511      71.99 2.4680e+01   1423.958      34176          4  0.000e+00
    304.449    301.269     1.5808  30.305271     1.5812  30.301985     4.1758     4.1532    -0.0077    99.0943 1.0000e-12  -63.76810  -62.86028 327.287512      71.99 2.4680e+01   1424.000      34177          4  0.000e+00
    304.421    301.242     1.5806  30.305271     1.5811  30.301811     4.1756     4.1541    -0.0077    99.0943 1.0000e-12  -63.76810  -62.86028 327.287512      71.99 2.4680e+01   1424.042      34178          4  0.000e+00
    304.476    301.296     1.5806  30.305034     1.5812  30.301811     4.1754     4.1543    -0.0077    99.0943 1.0000e-12  -63.76810  -62.86028 327.287513      71.97 2.4680e+01   1424.083      34179          4  0.000e+00
    304.504    301.324     1.5806  30.305331     1.5812  30.301463     4.1695     4.1545    -0.0077    99.0943 1.0000e-12  -63.76810  -62.86028 327.287513      71.92 2.4680e+01   1424.125      34180          4  0.000e+00
    304.525    301.344     1.5805  30.305331     1.5809  30.301695     4.1735     4.1547    -0.0077    99.0943 1.0000e-12  -63.76810  -62.86028 327.287514      71.79 2.4680e+01   1424.167      34181          4  0.000e+00
    304.552    301.371     1.5805  30.305271     1.5809  30.301463     4.1732     4.1549    -0.0077    99.0943 1.0000e-12  -63.76810  -62.86028 327.287514      71.75 2.4680e+01   1424.208      34182          4  0.000e+00
    304.573    301.392     1.5806  30.305449     1.5812  30.301695     4.1728     4.1551    -0.0077    99.0943 1.0000e-12  -63.76810  -62.86028 327.287514      71.75 2.2917e+01   1424.250      34183          4  0.000e+00
    304.607    301.426     1.5806  30.305331     1.5809  30.301985     4.1680     4.1500    -0.0077    99.0943 1.0000e-12  -63.76810  -62.86028 327.287515      71.75 2.2917e+01   1424.292      34184          4  0.000e+00
    304.628    301.446     1.5809  30.305450     1.5813  30.302159     4.1732     4.1546    -0.0077    99.1201 1.0000e-12  -63.76810  -62.86028 327.287515      71.75 2.2917e+01   1424.333      34185          4  0.000e+00
    304.655    301.473     1.5806  30.305331     1.5812  30.302275     4.1742     4.1548    -0.0077    99.1201 1.0000e-12  -63.76810  -62.86028 327.287516      71.75 2.2917e+01   1424.375      34186          4  0.000e+00
    304.676    301.494     1.5809  30.305450     1.5809  30.303203     4.1750     4.1498    -0.0077    99.1201 1.0000e-12  -63.76810  -62.86028 327.287516      71.75 2.2917e+01   1424.417      34187          4  0.000e+00
    304.731    301.548     1.5808  30.305509     1.5807  30.303377     4.1747     4.1545    -0.0077    99.1201 1.0000e-12  -63.76810  -62.86028 327.287517      71.77 2.2917e+01   1424.458      34188          4  0.000e+00
    304.704    301.521     1.5808  30.305509     1.5809  30.303609     4.1699     4.1547    -0.0077    99.1201 1.0000e-12  -63.76810  -62.86028 327.287517      71.75 2.2917e+01   1424.500      34189          4  0.000e+00
    304.731    301.548     1.5808  30.305509     1.5807  30.303841     4.1751     4.1550    -0.0077    99.1201 1.0000e-12  -63.76810  -62.86028 327.287518      71.75 2.2917e+01   1424.542      34190          4  0.000e+00
    304.759    301.576     1.5807  30.305509     1.5810  30.304189     4.1760     4.1552    -0.0077    99.1201 1.0000e-12  -63.76810  -62.86028 327.287518      71.75 2.2917e+01   1424.583      34191          4  0.000e+00
    304.779    301.596     1.5806  30.305509     1.5807  30.303841     4.1756     4.1555    -0.0077    99.1201 1.0000e-12  -63.76810  -62.86028 327.287519      71.60 2.2917e+01   1424.625      34192          4  0.000e+00
    304.807    301.623     1.5803  30.305688     1.5809  30.304073     4.1709     4.1496    -0.0077    99.1201 1.0000e-12  -63.76810  -62.86028 327.287519      71.48 2.2917e+01   1424.667      34193          4  0.000e+00
    304.834    301.650     1.5800  30.305985     1.5806  30.304247     4.1706     4.1535    -0.0077    99.1201 1.0000e-12  -63.76810  -62.86028 327.287520      71.45 2.2917e+01   1424.708      34194          4  0.000e+00
    304.862    301.678     1.5800  30.306103     1.5807  30.304479     4.1759     4.1484    -0.0077    99.1201 1.0000e-12  -63.76810  -62.86028 327.287520      71.45 2.2917e+01   1424.750      34195          4  0.000e+00
    304.834    301.650     1.5799  30.306044     1.5807  30.304479     4.1768     4.1523    -0.0077    99.1201 1.0000e-12  -63.76810  -62.86028 327.287521      71.45 2.2917e+01   1424.792      34196          4  0.000e+00
    304.883    301.698     1.5797  30.306044     1.5809  30.304306     4.1765     4.1472    -0.0077    99.1201 1.0000e-12  -63.76810  -62.86028 327.287521      71.45 2.2917e+01   1424.833      34197          4  0.000e+00
    304.862    301.678     1.5796  30.306103     1.5806  30.304479     4.1774     4.1466    -0.0077    99.1201 1.0000e-12  -63.76810  -62.86028 327.287522      71.45 2.2917e+01   1424.875      34198          4  0.000e+00
    304.938    301.753     1.5797  30.306104     1.5807  30.304480     4.1783     4.1514    -0.0077    99.1201 1.0000e-12  -63.76810  -62.86028 327.287522      71.43 2.2917e+01   1424.917      34199          4  0.000e+00
    304.910    301.725     1.5799  30.306103     1.5806  30.304306     4.1779     4.1464    -0.0077    99.1201 1.0000e-12  -63.76810  -62.86028 327.287523      71.45 2.2917e+01   1424.958      34200          4  0.000e+00
    304.883    301.698     1.5799  30.306103     1.5805  30.304422     4.1774     4.1512    -0.0077    99.1201 1.0000e-12  -63.76810  -62.86028 327.287523      71.45 2.2917e+01   1425.000      34201          4  0.000e+00
    304.965    301.780     1.5797  30.305866     1.5807  30.304306     4.1782     4.1454    -0.0077    99.1201 1.0000e-12  -63.76810  -62.86028 327.287524      71.45 2.2917e+01   1425.042      34202          4  0.000e+00
    304.938    301.753     1.5800  30.305807     1.5805  30.304480     4.1721     4.1502    -0.0077    99.1201 1.0000e-12  -63.76810  -62.86028 327.287524      71.45 2.2917e+01   1425.083      34203          4  0.000e+00
    304.965    301.780     1.5802  30.305807     1.5807  30.304480     4.1759     4.1505    -0.0077    99.1201 1.0000e-12  -63.76810  -62.86028 327.287525      71.43 2.2917e+01   1425.125      34204          4  0.000e+00
    304.986    301.800     1.5802  30.305807     1.5805  30.304306     4.1766     4.1455    -0.0077    99.1201 1.0000e-12  -63.76810  -62.86028 327.287525      71.31 2.2917e+01   1425.167      34205          4  0.000e+00
    304.965    301.780     1.5802  30.305569     1.5806  30.304074     4.1705     4.1451    -0.0077    99.1201 1.0000e-12  -63.76810  -62.86028 327.287526      71.23 2.2917e+01   1425.208      34206          4  0.000e+00
    304.986    301.800     1.5800  30.305510     1.5805  30.304364     4.1700     4.1446    -0.0077    99.1201 1.0000e-12  -63.76810  -62.86028 327.287526      71.23 2.2917e+01   1425.250      34207          4  0.000e+00
    304.986    301.800     1.5802  30.305688     1.5806  30.304538     4.1751     4.1442    -0.0077    99.1201 1.0000e-12  -63.76810  -62.86028 327.287527      71.23 2.1155e+01   1425.292      34208          4  0.000e+00
    305.014    301.828     1.5803  30.305807     1.5807  30.304364     4.1758     4.1439    -0.0077    99.1201 1.0000e-12  -63.76810  -62.86028 327.287527      71.23 2.2917e+01   1425.333      34209          4  0.000e+00
    304.986    301.800     1.5802  30.305748     1.5806  30.304190     4.1753     4.1488    -0.0077    99.1201 1.0000e-12  -63.76810  -62.86028 327.287527      71.21 2.2917e+01   1425.375      34210          4  0.000e+00
    228.118    225.777     1.4717  30.133514     1.4691  30.130079     4.2751     4.2326    -0.0150    99.4033 1.0000e-12  -63.76802  -62.86046 327.289291     100.00 1.7629e+01   1577.750      37867          5  0.000e+00
    228.221    225.879     1.4716  30.133692     1.4694  30.130311     4.2688     4.2322    -0.0150    99.4033 1.0000e-12  -63.76800  -62.86046 327.289292     100.00 1.7629e+01   1577.792      37868          5  0.000e+00
    228.139    225.797     1.4717  30.133455     1.4697  30.130426     4.2624     4.2319    -0.0150    99.4291 1.0000e-12  -63.76800  -62.86046 327.289292      99.98 1.7629e+01   1577.833      37869          5  0.000e+00
    228.166    225.825     1.4714  30.133218     1.4699  30.130426     4.2605     4.2317    -0.0077    99.4033 1.0000e-12  -63.76800  -62.86046 327.289293      99.98 1.7629e+01   1577.875      37870          5  0.000e+00
    228.139    225.798     1.4713  30.132922     1.4698  30.130021     4.2586     4.2316    -0.0077    99.4291 1.0000e-12  -63.76800  -62.86046 327.289293      99.95 1.7629e+01   1577.917      37871          5  0.000e+00
    228.166    225.825     1.4707  30.132626     1.4695  30.129905     4.2625     4.2368    -0.0077    99.4033 1.0000e-12  -63.76800  -62.86046 327.289293      99.98 1.7629e+01   1577.958      37872          5  0.000e+00
    228.221    225.879     1.4705  30.132212     1.4699  30.129906     4.2621     4.2323    -0.0077    99.4033 1.0000e-12  -63.76800  -62.86046 327.289294      99.98 1.7629e+01   1578.000      37873          5  0.000e+00
    228.139    225.798     1.4700  30.132034     1.4700  30.130484     4.2604     4.2323    -0.0077    99.4033 1.0000e-12  -63.76800  -62.86046 327.289294      99.98 1.7629e+01   1578.042      37874          5  0.000e+00
    228.221    225.879     1.4700  30.131442     1.4699  30.130253     4.2533     4.2324    -0.0077    99.4033 1.0000e-12  -63.76800  -62.86046 327.289295      99.95 1.7629e+01   1578.083      37875          5  0.000e+00
    228.118    225.777     1.4697  30.131619     1.4697  30.130542     4.2516     4.2325    -0.0077    99.4291 1.0000e-12  -63.76800  -62.86046 327.289295      99.95 1.7629e+01   1578.125      37876          5  0.000e+00
    228.187    225.845     1.4697  30.131916     1.4699  30.130079     4.2515     4.2328    -0.0077    99.4033 1.0000e-12  -63.76800  -62.86046 327.289296     100.00 1.7629e+01   1578.167      37877          5  0.000e+00
    228.118    225.777     1.4704  30.132093     1.4700  30.130310     4.2500     4.2278    -0.0077    99.4291 1.0000e-12  -63.76800  -62.86046 327.289296     100.00 1.7629e+01   1578.208      37878          5  0.000e+00
    228.166    225.825     1.4706  30.132685     1.4700  30.130195     4.2488     4.2327    -0.0077    99.4033 1.0000e-12  -63.76800  -62.86046 327.289297     100.00 1.7629e+01   1578.250      37879          5  0.000e+00
    228.139    225.798     1.4710  30.132685     1.4697  30.130137     4.2489     4.2332    -0.0077    99.4291 1.0000e-12  -63.76800  -62.86046 327.289297     100.00 1.7629e+01   1578.292      37880          5  0.000e+00
    228.166    225.825     1.4713  30.132804     1.4694  30.130311     4.2534     4.2337    -0.0077    99.4291 1.0000e-12  -63.76800  -62.86046 327.289298      99.98 1.7629e+01   1578.333      37881          5  0.000e+00
    228.139    225.798     1.4714  30.132626     1.4697  30.130426     4.2537     4.2343    -0.0077    99.4033 1.0000e-12  -63.76800  -62.86046 327.289298      99.98 1.7629e+01   1578.375      37882          5  0.000e+00
    228.118    225.777     1.4711  30.132626     1.4694  30.130426     4.2541     4.2341    -0.0077    99.4033 1.0000e-12  -63.76800  -62.86046 327.289299      99.98 1.7629e+01   1578.417      37883          5  0.000e+00
    228.166    225.825     1.4711  30.133218     1.4697  30.130195     4.2477     4.2340    -0.0077    99.4291 1.0000e-12  -63.76800  -62.86046 327.289299      99.98 1.7629e+01   1578.458      37884          5  0.000e+00
    228.084    225.743     1.4719  30.133455     1.4694  30.130137     4.2578     4.2339    -0.0077    99.4291 1.0000e-12  -63.76800  -62.86046 327.289300      99.98 1.7629e+01   1578.500      37885          5  0.000e+00
    228.118    225.777     1.4716  30.133218     1.4699  30.130542     4.2541     4.2338    -0.0077    99.4291 1.0000e-12  -63.76800  -62.86046 327.289300      99.98 1.7629e+01   1578.542      37886          5  0.000e+00
    228.118    225.777     1.4717  30.133159     1.4705  30.130889     4.2546     4.2337    -0.0077    99.4291 1.0000e-12  -63.76800  -62.86046 327.289301      99.95 1.7629e+01   1578.583      37887          5  0.000e+00
