NBP2113_155081_ctd/data/nbp2113_054.cnv
* Sea-Bird SBE 9 Data File:
* FileName = D:\Data\raw\NBP2113_054.hex
* Software Version Seasave V 7.26.7.121
* Temperature SN = 2438
* Conductivity SN = 2067
* Number of Bytes Per Scan = 40
* Number of Voltage Words = 5
* Number of Scans Averaged by the Deck Unit = 1
* NMEA Latitude = 64 52.85 S
* NMEA Longitude = 064 38.20 W
* NMEA UTC (Time) = Dec 11 2021  19:48:22
* NMEA baud rate = 9600
** Ship: RVIB N.B. Palmer
** Cruise: NBP2113 LTER
** Station: 597.052
** Operator: S. Blackman
# nquan = 25
# nvalues = 886                         
# units = specified
# name 0 = prDM: Pressure, Digiquartz [db]
# name 1 = depSM: Depth [salt water, m]
# name 2 = t090C: Temperature [ITS-90, deg C]
# name 3 = c0mS/cm: Conductivity [mS/cm]
# name 4 = t190C: Temperature, 2 [ITS-90, deg C]
# name 5 = c1mS/cm: Conductivity, 2 [mS/cm]
# name 6 = sbeox0ML/L: Oxygen, SBE 43 [ml/l]
# name 7 = sbeox1ML/L: Oxygen, SBE 43, 2 [ml/l]
# name 8 = flECO-AFL: Fluorescence, WET Labs ECO-AFL/FL [mg/m^3]
# name 9 = CStarTr0: Beam Transmission, WET Labs C-Star [%]
# name 10 = par: PAR/Irradiance, Biospherical/Licor
# name 11 = latitude: Latitude [deg]
# name 12 = longitude: Longitude [deg]
# name 13 = timeJ: Julian Days
# name 14 = altM: Altimeter [m]
# name 15 = spar: SPAR, Biospherical/Licor
# name 16 = timeS: Time, Elapsed [seconds]
# name 17 = scan: Scan Count
# name 18 = density00: Density [density, kg/m^3]
# name 19 = density11: Density, 2 [density, kg/m^3]
# name 20 = sal00: Salinity, Practical [PSU]
# name 21 = sal11: Salinity, Practical, 2 [PSU]
# name 22 = oxsolML/L: Oxygen Saturation, Garcia & Gordon [ml/l]
# name 23 = nbin: number of scans per bin
# name 24 = flag: flag
# span 0 =      1.000,    445.000       
# span 1 =      0.991,    440.162       
# span 2 =    -0.7140,     1.3400       
# span 3 =  27.403304,  30.125620       
# span 4 =    -0.7123,     1.3395       
# span 5 =  27.404470,  30.124093       
# span 6 =     4.2431,     8.4534       
# span 7 =     4.3004,     8.0854       
# span 8 =    -0.0226,     1.8496       
# span 9 =    83.6567,    91.4425       
# span 10 = 1.0000e-12, 6.1488e+02      
# span 11 =  -64.88096,  -64.88090      
# span 12 =  -64.63768,  -64.63672      
# span 13 = 345.829168, 345.846769      
# span 14 =      -0.88,     110.54      
# span 15 = 4.7768e+02, 6.5765e+02      
# span 16 =    338.111,   1858.850      
# span 17 =       8116,      44613      
# span 18 =  1027.0374,  1029.8330      
# span 19 =  1027.0351,  1029.8317      
# span 20 =    33.6122,    34.6478      
# span 21 =    33.6113,    34.6464      
# span 22 =    7.75747,    8.24194      
# span 23 =          6,         49      
# span 24 = 0.0000e+00, 0.0000e+00      
# interval = decibars: 1                
# start_time = Dec 11 2021 19:48:22 [NMEA time, header]
# bad_flag = -9.990e-29
*END*
[from data line 812]
     74.000     73.261     0.0134  28.498341     0.0128  28.494911     6.7097     6.7149     0.1155    90.7043 9.5081e-01  -64.88092  -64.63760 345.845363      99.97 6.1718e+02   1737.318      41697  1027.8327  1027.8295    34.2251    34.2212    8.05093         35 0.0000e+00
     73.000     72.273     0.0149  28.495273     0.0139  28.490697     6.7879     6.7708     0.1247    90.6991 9.8466e-01  -64.88092  -64.63760 345.845389      99.97 6.1701e+02   1739.631      41752  1027.8236  1027.8197    34.2199    34.2150    8.05090         36 0.0000e+00
     72.000     71.283     0.0226  28.492689     0.0207  28.490810     6.8688     6.8358     0.1179    90.6828 1.0241e+00  -64.88092  -64.63760 345.845405      99.97 6.1701e+02   1741.032      41786  1027.8090  1027.8088    34.2085    34.2081    8.04993         28 0.0000e+00
     71.000     70.293     0.0301  28.495681     0.0265  28.492856     6.9385     6.9023     0.1168    90.6610 1.0743e+00  -64.88092  -64.63762 345.845417      99.97 6.1737e+02   1742.036      41810  1027.8006  1027.8011    34.2047    34.2050    8.04857         20 0.0000e+00
     70.000     69.301     0.0514  28.503918     0.0519  28.502639     6.9883     6.9266     0.1075    90.6415 1.1312e+00  -64.88092  -64.63763 345.845426      99.97 6.1701e+02   1742.840      41829  1027.7843  1027.7823    34.1925    34.1901    8.04479         19 0.0000e+00
     69.000     68.314     0.0634  28.505181     0.0616  28.499130     6.9887     6.9286     0.1087    90.6020 1.1919e+00  -64.88093  -64.63764 345.845435      99.97 6.1638e+02   1743.605      41848  1027.7697  1027.7649    34.1813    34.1753    8.04290         19 0.0000e+00
     68.000     67.322     0.0577  28.492012     0.0557  28.488213     6.9389     6.9195     0.1438    90.5767 1.2527e+00  -64.88094  -64.63764 345.845445      99.97 6.1530e+02   1744.479      41869  1027.7571  1027.7550    34.1708    34.1681    8.04468         24 0.0000e+00
     67.000     66.333     0.0494  28.495975     0.0502  28.495224     6.8880     6.9185     0.1543    90.5509 1.2914e+00  -64.88093  -64.63761 345.845470      99.96 6.1525e+02   1746.625      41920  1027.7653  1027.7637    34.1859    34.1840    8.04557         33 0.0000e+00
     66.000     65.343     0.0502  28.498832     0.0522  28.497045     7.0637     7.0453     0.1651    90.5752 1.3358e+00  -64.88092  -64.63760 345.845501      99.97 6.1525e+02   1749.285      41984  1027.7635  1027.7596    34.1894    34.1849    8.04520         27 0.0000e+00
     65.000     64.355     0.0536  28.486343     0.0535  28.484915     7.2322     7.1474     0.1370    90.5741 1.4257e+00  -64.88092  -64.63762 345.845511      99.97 6.1652e+02   1750.123      42004  1027.7425  1027.7412    34.1697    34.1680    8.04561         18 0.0000e+00
     64.000     63.362     0.0480  28.469761     0.0457  28.463385     7.3074     7.1906     0.1430    90.5492 1.5255e+00  -64.88092  -64.63762 345.845519      99.97 6.1702e+02   1750.871      42022  1027.7262  1027.7216    34.1547    34.1487    8.04764         18 0.0000e+00
     63.000     62.372     0.0385  28.446409     0.0364  28.441565     7.2792     7.1810     0.1473    90.5129 1.6329e+00  -64.88092  -64.63762 345.845528      99.97 6.1701e+02   1751.625      42040  1027.7063  1027.7032    34.1349    34.1309    8.05074         19 0.0000e+00
     62.000     61.384     0.0283  28.421452     0.0237  28.410535     7.2325     7.1750     0.1670    90.4830 1.7420e+00  -64.88092  -64.63762 345.845538      99.97 6.1701e+02   1752.491      42061  1027.6854  1027.6781    34.1139    34.1045    8.05408         23 0.0000e+00
     61.000     60.394     0.0343  28.434684     0.0352  28.437091     7.2224     7.2226     0.2139    90.4708 1.8356e+00  -64.88092  -64.63763 345.845552      99.97 6.1695e+02   1753.670      42089  1027.6892  1027.6908    34.1253    34.1275    8.05217         35 0.0000e+00
     60.000     59.404     0.0311  28.426755     0.0265  28.416865     7.3875     7.3127     0.2291    90.4649 1.8940e+00  -64.88092  -64.63764 345.845570      99.97 6.1701e+02   1755.262      42127  1027.6796  1027.6735    34.1190    34.1110    8.05320         28 0.0000e+00
     59.000     58.413     0.0228  28.409423     0.0232  28.408853     7.6013     7.4406     0.2198    90.4044 1.9551e+00  -64.88092  -64.63764 345.845584      99.97 6.1631e+02   1756.479      42156  1027.6649  1027.6638    34.1058    34.1047    8.05568         23 0.0000e+00
     58.000     57.426     0.0085  28.382460     0.0148  28.393705     7.6775     7.5103     0.2267    90.3394 2.0386e+00  -64.88092  -64.63764 345.845594      99.97 6.1525e+02   1757.354      42177  1027.6458  1027.6514    34.0867    34.0946    8.05978         20 0.0000e+00
     57.000     56.432    -0.0171  28.328884    -0.0159  28.331161     7.6515     7.5235     0.2193    90.3299 2.1388e+00  -64.88092  -64.63764 345.845604      99.97 6.1525e+02   1758.186      42197  1027.6092  1027.6106    34.0448    34.0465    8.06754         21 0.0000e+00
     56.000     55.446    -0.0181  28.323102    -0.0181  28.321975     7.5673     7.4955     0.2740    90.2677 2.2612e+00  -64.88092  -64.63762 345.845617      99.97 6.1525e+02   1759.326      42225  1027.5995  1027.5983    34.0389    34.0374    8.06808         29 0.0000e+00
     55.000     54.454    -0.0163  28.326601    -0.0011  28.358506     7.6401     7.5944     0.3237    90.2532 2.4599e+00  -64.88092  -64.63761 345.845662      99.97 6.1687e+02   1763.177      42317  1027.5968  1027.6160    34.0421    34.0674    8.06752         31 0.0000e+00
     54.000     53.465    -0.0146  28.328604    -0.0138  28.331532     7.7641     7.6828     0.2917    90.2844 2.6514e+00  -64.88092  -64.63764 345.845672      99.97 6.1701e+02   1764.061      42338  1027.5929  1027.5952    34.0435    34.0464    8.06709         19 0.0000e+00
     53.000     52.475    -0.0209  28.312958    -0.0217  28.310305     7.8124     7.7195     0.2880    90.2626 2.8456e+00  -64.88092  -64.63764 345.845680      99.97 6.1701e+02   1764.718      42354  1027.5779  1027.5761    34.0303    34.0277    8.06915         14 0.0000e+00
     52.000     51.485    -0.0223  28.300176    -0.0230  28.296180     7.8248     7.7307     0.2853    90.2002 3.0501e+00  -64.88092  -64.63764 345.845686      99.97 6.1701e+02   1765.308      42368  1027.5613  1027.5576    34.0156    34.0110    8.07029         14 0.0000e+00
     51.000     50.493    -0.0190  28.290039    -0.0183  28.287035     7.8144     7.7298     0.3159    90.1366 3.2587e+00  -64.88092  -64.63764 345.845693      99.97 6.1701e+02   1765.903      42383  1027.5430  1027.5392    33.9990    33.9943    8.07052         15 0.0000e+00
     50.000     49.505    -0.0162  28.283697    -0.0165  28.281753     7.7828     7.7261     0.3414    90.0273 3.4716e+00  -64.88092  -64.63764 345.845701      99.97 6.1701e+02   1766.579      42399  1027.5291  1027.5274    33.9882    33.9859    8.07055         18 0.0000e+00
     49.000     48.514    -0.0157  28.286612    -0.0172  28.290063     7.7168     7.7151     0.4268    89.9062 3.6466e+00  -64.88092  -64.63764 345.845712      99.97 6.1591e+02   1767.501      42421  1027.5274  1027.5326    33.9920    33.9983    8.07022         27 0.0000e+00
     48.000     47.526    -0.0187  28.294949    -0.0185  28.292179     7.6382     7.6960     0.4230    89.9040 3.6530e+00  -64.88092  -64.63763 345.845737      98.27 6.1624e+02   1769.692      42474  1027.5349  1027.5317    34.0070    34.0032    8.07000         32 0.0000e+00
     47.000     46.535    -0.0196  28.299206    -0.0192  28.298830     7.7331     7.7449     0.4348    89.9553 3.7651e+00  -64.88092  -64.63762 345.845760     100.04 6.1704e+02   1771.661      42521  1027.5359  1027.5351    34.0143    34.0133    8.06979         27 0.0000e+00
     46.000     45.545    -0.0186  28.293885    -0.0188  28.292990     7.8229     7.7973     0.3913    89.9745 4.0492e+00  -64.88092  -64.63762 345.845772      99.97 6.1701e+02   1772.661      42545  1027.5249  1027.5242    34.0067    34.0057    8.07001         22 0.0000e+00
     45.000     44.553    -0.0124  28.281730    -0.0129  28.281343     7.8429     7.8210     0.4170    89.8850 4.3807e+00  -64.88092  -64.63762 345.845782      99.97 6.1701e+02   1773.566      42567  1027.5017  1027.5017    33.9844    33.9844    8.06997         22 0.0000e+00
     44.000     43.565    -0.0070  28.275953    -0.0070  28.274092     7.8449     7.8265     0.5015    89.7174 4.7268e+00  -64.88093  -64.63762 345.845794      99.97 6.1701e+02   1774.573      42591  1027.4858  1027.4839    33.9712    33.9688    8.06956         28 0.0000e+00
     43.000     42.574    -0.0062  28.275579    -0.0067  28.274219     7.8404     7.8391     0.5871    89.6372 5.0787e+00  -64.88094  -64.63763 345.845810      99.97 6.1701e+02   1775.946      42624  1027.4805  1027.4794    33.9705    33.9692    8.06944         37 0.0000e+00
     42.000     41.585    -0.0056  28.275166    -0.0047  28.272807     7.8618     7.8614     0.6085    89.6135 5.4679e+00  -64.88094  -64.63764 345.845826      99.97 6.1791e+02   1777.393      42658  1027.4752  1027.4717    33.9699    33.9657    8.06935         30 0.0000e+00
     41.000     40.595    -0.0001  28.274506    -0.0003  28.273184     7.8591     7.8692     0.5559    89.5898 5.8603e+00  -64.88094  -64.63766 345.845838      99.97 6.1878e+02   1778.434      42683  1027.4649  1027.4636    33.9635    33.9619    8.06855         21 0.0000e+00
     40.000     39.604     0.0039  28.275063     0.0036  28.273401     7.8501     7.8717     0.5401    89.4889 6.2768e+00  -64.88092  -64.63766 345.845848      99.97 6.1855e+02   1779.278      42704  1027.4572  1027.4557    33.9603    33.9585    8.06787         20 0.0000e+00
     39.000     38.615     0.0091  28.273763     0.0081  28.272442     7.8652     7.8734     0.5581    89.2018 6.7392e+00  -64.88092  -64.63766 345.845858      99.97 6.1703e+02   1780.132      42724  1027.4466  1027.4462    33.9535    33.9529    8.06718         22 0.0000e+00
     38.000     37.624     0.0070  28.273291     0.0060  28.271586     7.8544     7.8798     0.6944    88.8672 7.1254e+00  -64.88092  -64.63764 345.845874      99.97 6.1701e+02   1781.528      42758  1027.4439  1027.4431    33.9559    33.9547    8.06749         34 0.0000e+00
     37.000     36.633     0.0080  28.272986     0.0060  28.271541     7.8583     7.8956     0.6987    88.9525 7.1736e+00  -64.88094  -64.63762 345.845899      99.97 6.1851e+02   1783.672      42809  1027.4384  1027.4388    33.9549    33.9552    8.06733         31 0.0000e+00
     36.000     35.644     0.0079  28.271370     0.0064  28.269115     7.8762     7.9146     0.7842    88.8662 7.6016e+00  -64.88094  -64.63762 345.845913      99.97 6.1818e+02   1784.856      42838  1027.4325  1027.4316    33.9535    33.9522    8.06742         24 0.0000e+00
     35.000     34.655    -0.0030  28.257527    -0.0033  28.255499     7.9059     7.9414     0.8266    88.5829 8.3617e+00  -64.88094  -64.63762 345.845924      99.97 6.1702e+02   1785.822      42861  1027.4241  1027.4222    33.9479    33.9455    8.07005         23 0.0000e+00
     34.000     33.663    -0.0275  28.230091    -0.0327  28.223553     7.8794     7.9311     0.9220    88.3569 9.4709e+00  -64.88094  -64.63763 345.845936      99.97 6.1893e+02   1786.903      42887  1027.4143  1027.4123    33.9393    33.9364    8.07570         29 0.0000e+00
     33.000     32.675    -0.0414  28.215265    -0.0441  28.210518     7.7958     7.8989     1.0122    88.0330 1.0834e+01  -64.88094  -64.63764 345.845952      99.97 6.2056e+02   1788.215      42918  1027.4076  1027.4050    33.9357    33.9323    8.07885         32 0.0000e+00
     32.000     31.685    -0.0437  28.210364    -0.0563  28.195261     7.8046     7.8863     1.2062    87.6928 1.1894e+01  -64.88092  -64.63764 345.845965      99.97 6.1943e+02   1789.360      42946  1027.4002  1027.3963    33.9323    33.9263    8.07951         23 0.0000e+00
     31.000     30.694    -0.0683  28.186965    -0.1207  28.134940     7.7952     7.8972     1.2481    87.6659 1.2801e+01  -64.88092  -64.63766 345.845975      99.96 6.1925e+02   1790.277      42968  1027.3945  1027.3899    33.9292    33.9183    8.08489         22 0.0000e+00
     30.000     29.703    -0.2177  28.045463    -0.2231  28.035071     7.7850     7.8762     1.2426    87.5382 1.3692e+01  -64.88092  -64.63766 345.845985      99.96 6.2050e+02   1791.126      42988  1027.3838  1027.3772    33.9078    33.8999    8.11785         20 0.0000e+00
     29.000     28.714    -0.2619  27.989543    -0.2625  27.986434     7.7950     7.8641     1.3566    87.0578 1.4533e+01  -64.88094  -64.63764 345.845996      99.97 6.2053e+02   1792.062      43010  1027.3617  1027.3588    33.8830    33.8796    8.12867         25 0.0000e+00
     28.000     27.725    -0.2665  27.984828    -0.2470  28.003262     7.7944     7.8722     1.6100    86.8459 1.5263e+01  -64.88094  -64.63764 345.846011      99.97 6.2053e+02   1793.376      43042  1027.3558  1027.3565    33.8826    33.8854    8.12969         38 0.0000e+00
     27.000     26.733    -0.2757  27.970306    -0.2684  27.980029     7.8127     7.8808     1.5034    87.0596 1.6465e+01  -64.88094  -64.63763 345.846037      99.97 6.2053e+02   1795.572      43095  1027.3435  1027.3468    33.8739    33.8788    8.13213         37 0.0000e+00
     26.000     25.744    -0.2720  27.973837    -0.2739  27.969824     7.8294     7.8727     1.6973    86.9169 1.8711e+01  -64.88094  -64.63764 345.846055      99.96 6.2170e+02   1797.116      43132  1027.3386  1027.3361    33.8752    33.8719    8.13128         27 0.0000e+00
     25.000     24.754    -0.2780  27.966550    -0.2764  27.967007     7.8206     7.8740     1.5873    86.7651 2.1001e+01  -64.88094  -64.63764 345.846066      99.97 6.2174e+02   1798.069      43155  1027.3320  1027.3309    33.8728    33.8716    8.13271         22 0.0000e+00
     24.000     23.764    -0.2704  27.974282    -0.2637  27.980267     7.8318     7.8825     1.5874    86.6968 2.3102e+01  -64.88093  -64.63764 345.846075      99.97 6.2053e+02   1798.914      43175  1027.3282  1027.3282    33.8752    33.8758    8.13093         19 0.0000e+00
     23.000     22.774    -0.2631  27.981911    -0.2595  27.985676     7.8332     7.8823     1.5627    86.6852 2.5063e+01  -64.88092  -64.63764 345.846086      99.97 6.2053e+02   1799.788      43196  1027.3249  1027.3254    33.8779    33.8788    8.12923         23 0.0000e+00
     22.000     21.782    -0.2652  27.980212    -0.2706  27.972821     7.8257     7.8810     1.5826    86.7109 2.6932e+01  -64.88093  -64.63764 345.846098      99.97 6.2282e+02   1800.868      43222  1027.3205  1027.3179    33.8785    33.8747    8.12963         31 0.0000e+00
     21.000     20.793    -0.2619  27.983236    -0.2652  27.977868     7.8091     7.8798     1.6870    86.5596 2.8990e+01  -64.88094  -64.63764 345.846116      99.97 6.2335e+02   1802.415      43259  1027.3160  1027.3134    33.8795    33.8760    8.12888         35 0.0000e+00
     20.000     19.803    -0.2668  27.977291    -0.2741  27.967587     7.8405     7.8936     1.7468    86.4890 3.2036e+01  -64.88094  -64.63764 345.846134      99.97 6.2315e+02   1803.963      43296  1027.3099  1027.3064    33.8777    33.8728    8.13003         31 0.0000e+00
     19.000     18.814    -0.2916  27.946334    -0.2974  27.936944     7.8696     7.9173     1.7594    86.3540 3.5863e+01  -64.88094  -64.63764 345.846146      99.97 6.2429e+02   1805.040      43322  1027.2961  1027.2916    33.8646    33.8585    8.13608         23 0.0000e+00
     18.000     17.822    -0.3083  27.916819    -0.3114  27.910274     7.9044     7.9478     1.7038    86.2113 3.9597e+01  -64.88094  -64.63765 345.846157      99.96 6.2580e+02   1805.964      43344  1027.2760  1027.2720    33.8443    33.8390    8.14080         22 0.0000e+00
