NBP2113_155081_ctd/data/nbp2113_026.ros
* Sea-Bird SBE 9 Data File:
* FileName = D:\Data\raw\NBP2113_026.hex
* Software Version Seasave V 7.26.7.121
* Temperature SN = 2438
* Conductivity SN = 2067
* Number of Bytes Per Scan = 40
* Number of Voltage Words = 5
* Number of Scans Averaged by the Deck Unit = 1
* NMEA Latitude = 68 01.82 S
* NMEA Longitude = 069 17.18 W
* NMEA UTC (Time) = Dec 04 2021  00:09:45
* NMEA baud rate = 9600
** Ship: RVIB N.B. Palmer
** Cruise: NBP2113 LTER
** Station: 200.-040
** Operator: S. Blackman
# nquan = 20
# nvalues = 1140                                  
# units = specified
# name 0 = prDM: Pressure, Digiquartz [db]
# name 1 = depSM: Depth [salt water, m]
# name 2 = t090C: Temperature [ITS-90, deg C]
# name 3 = c0mS/cm: Conductivity [mS/cm]
# name 4 = t190C: Temperature, 2 [ITS-90, deg C]
# name 5 = c1mS/cm: Conductivity, 2 [mS/cm]
# name 6 = sbeox0ML/L: Oxygen, SBE 43 [ml/l]
# name 7 = sbeox1ML/L: Oxygen, SBE 43, 2 [ml/l]
# name 8 = flECO-AFL: Fluorescence, WET Labs ECO-AFL/FL [mg/m^3]
# name 9 = CStarTr0: Beam Transmission, WET Labs C-Star [%]
# name 10 = par: PAR/Irradiance, Biospherical/Licor
# name 11 = latitude: Latitude [deg]
# name 12 = longitude: Longitude [deg]
# name 13 = timeJ: Julian Days
# name 14 = altM: Altimeter [m]
# name 15 = spar: SPAR, Biospherical/Licor
# name 16 = timeS: Time, Elapsed [seconds]
# name 17 = scan: Scan Count
# name 18 = nbf: Bottles Fired
# name 19 = flag:  0.000e+00
# interval = seconds: 0.0416667
# start_time = Dec 04 2021 00:09:45 [NMEA time, header]
# bad_flag = -9.990e-29
*END*
[from data line 652]
     59.569     58.964    -1.2060  27.227835    -1.2069  27.226101     7.5895     7.6439     0.3513    94.2791 7.0571e-02  -68.02910  -69.29120 338.029225      99.98 1.1988e+02   1940.042      46562         14  0.000e+00
     59.569     58.964    -1.2060  27.227778    -1.2069  27.226045     7.5948     7.6447     0.3513    94.2791 7.0571e-02  -68.02910  -69.29120 338.029226      99.98 1.1988e+02   1940.083      46563         14  0.000e+00
     59.521     58.917    -1.2059  27.227949    -1.2067  27.226212     7.5940     7.6397     0.4318    94.2791 7.0571e-02  -68.02910  -69.29120 338.029226      99.98 1.1988e+02   1940.125      46564         14  0.000e+00
     59.514     58.910    -1.2059  27.227835    -1.2067  27.226100     7.5932     7.6396     0.4978    94.2791 7.0571e-02  -68.02910  -69.29120 338.029226      99.95 1.1988e+02   1940.167      46565         14  0.000e+00
     59.466     58.863    -1.2057  27.227949    -1.2066  27.226379     7.5909     7.6450     0.5124    94.2791 7.0571e-02  -68.02910  -69.29120 338.029227      99.98 1.1988e+02   1940.208      46566         14  0.000e+00
     59.466     58.863    -1.2054  27.228234    -1.2067  27.226323     7.5961     7.6457     0.5124    94.3049 7.0571e-02  -68.02910  -69.29120 338.029227      99.98 1.1988e+02   1940.250      46567         14  0.000e+00
     59.521     58.917    -1.2056  27.228291    -1.2066  27.226268     7.5968     7.6408     0.5051    94.2791 7.0571e-02  -68.02910  -69.29120 338.029228      99.98 1.1988e+02   1940.292      46568         14  0.000e+00
     59.418     58.815    -1.2053  27.228291    -1.2064  27.226100     7.5972     7.6461     0.5051    94.2534 7.0571e-02  -68.02910  -69.29120 338.029228      99.98 1.1988e+02   1940.333      46569         14  0.000e+00
     59.466     58.863    -1.2052  27.228291    -1.2066  27.226379     7.5916     7.6412     0.5051    94.2276 7.0571e-02  -68.02910  -69.29120 338.029229      99.95 1.1988e+02   1940.375      46570         14  0.000e+00
     59.418     58.815    -1.2052  27.228291    -1.2062  27.226657     7.5982     7.6408     0.5124    94.2019 7.0571e-02  -68.02910  -69.29120 338.029229      99.95 1.1988e+02   1940.417      46571         14  0.000e+00
     59.418     58.815    -1.2053  27.228291    -1.2066  27.226379     7.6002     7.6462     0.5051    94.2019 7.0571e-02  -68.02910  -69.29120 338.029230      99.98 1.1988e+02   1940.458      46572         14  0.000e+00
     59.363     58.761    -1.2050  27.228291    -1.2067  27.226267     7.6066     7.6468     0.5051    94.2019 7.0571e-02  -68.02910  -69.29120 338.029230      99.98 1.1988e+02   1940.500      46573         14  0.000e+00
     59.418     58.815    -1.2054  27.228291    -1.2061  27.226434     7.6085     7.6473     0.5051    94.2019 7.0571e-02  -68.02910  -69.29120 338.029231      99.98 1.1988e+02   1940.542      46574         14  0.000e+00
     59.363     58.761    -1.2052  27.228062    -1.2060  27.226323     7.6176     7.6478     0.5051    94.2276 7.0571e-02  -68.02910  -69.29120 338.029231      99.98 1.1988e+02   1940.583      46575         14  0.000e+00
     59.418     58.815    -1.2053  27.228177    -1.2061  27.226267     7.6147     7.6484     0.5051    94.2019 7.0571e-02  -68.02910  -69.29120 338.029232      99.98 1.1988e+02   1940.625      46576         14  0.000e+00
     59.363     58.761    -1.2052  27.227891    -1.2060  27.226434     7.6100     7.6431     0.5051    94.2019 7.0571e-02  -68.02910  -69.29120 338.029232      99.95 1.1988e+02   1940.667      46577         14  0.000e+00
     59.364     58.761    -1.2052  27.227777    -1.2060  27.226490     7.6100     7.6426     0.5051    94.2019 7.0571e-02  -68.02910  -69.29120 338.029233      99.95 1.1988e+02   1940.708      46578         14  0.000e+00
     59.364     58.761    -1.2056  27.227606    -1.2061  27.226323     7.6114     7.6422     0.5051    94.2276 7.0571e-02  -68.02910  -69.29120 338.029233      99.98 1.1988e+02   1940.750      46579         14  0.000e+00
     59.364     58.761    -1.2062  27.227321    -1.2061  27.226267     7.6054     7.6417     0.5051    94.2019 7.0571e-02  -68.02910  -69.29120 338.029234      99.98 1.1988e+02   1940.792      46580         14  0.000e+00
     59.364     58.761    -1.2064  27.226865    -1.2060  27.226267     7.5979     7.6413     0.5051    94.2019 7.0571e-02  -68.02910  -69.29120 338.029234      99.98 1.1988e+02   1940.833      46581         14  0.000e+00
     59.364     58.761    -1.2064  27.226294    -1.2061  27.226434     7.5950     7.6408     0.5051    94.2019 7.0571e-02  -68.02910  -69.29120 338.029235      99.95 1.1988e+02   1940.875      46582         14  0.000e+00
     59.364     58.761    -1.2065  27.226180    -1.2057  27.226490     7.5997     7.6459     0.5051    94.2019 7.0571e-02  -68.02910  -69.29120 338.029235      99.95 1.1988e+02   1940.917      46583         14  0.000e+00
     59.364     58.761    -1.2073  27.225610    -1.2060  27.226490     7.6015     7.6407     0.5124    94.2019 7.0571e-02  -68.02910  -69.29120 338.029236      99.98 1.1988e+02   1940.958      46584         14  0.000e+00
     59.364     58.761    -1.2084  27.224070    -1.2058  27.226156     7.5975     7.6459     0.5051    94.2019 6.8495e-02  -68.02910  -69.29120 338.029236      99.98 1.1988e+02   1941.000      46585         14  0.000e+00
     59.364     58.761    -1.2100  27.222415    -1.2061  27.226044     7.5984     7.6464     0.5051    94.2019 6.8495e-02  -68.02910  -69.29120 338.029237      99.98 1.1988e+02   1941.042      46586         14  0.000e+00
     59.364     58.761    -1.2112  27.221503    -1.2062  27.225821     7.6114     7.6477     0.5124    94.2019 6.8495e-02  -68.02910  -69.29120 338.029237      99.98 1.1988e+02   1941.083      46587         14  0.000e+00
     59.364     58.761    -1.2116  27.221446    -1.2064  27.225264     7.6151     7.6481     0.5051    94.2019 6.8495e-02  -68.02910  -69.29120 338.029238      99.98 1.1988e+02   1941.125      46588         14  0.000e+00
     59.419     58.816    -1.2108  27.222872    -1.2066  27.225209     7.6170     7.6485     0.5051    94.2019 6.8495e-02  -68.02910  -69.29120 338.029238      99.95 1.1988e+02   1941.167      46589         14  0.000e+00
     59.364     58.761    -1.2097  27.223556    -1.2069  27.224652     7.6114     7.6488     0.4758    94.1761 6.8495e-02  -68.02910  -69.29120 338.029239      99.98 1.1988e+02   1941.208      46590         14  0.000e+00
     59.419     58.816    -1.2097  27.223613    -1.2072  27.224262     7.6122     7.6435     0.4245    94.1761 6.8495e-02  -68.02910  -69.29120 338.029239      99.98 1.1988e+02   1941.250      46591         14  0.000e+00
     59.364     58.761    -1.2100  27.222872    -1.2075  27.224206     7.6055     7.6485     0.4025    94.1761 6.8495e-02  -68.02910  -69.29120 338.029239      99.98 1.1988e+02   1941.292      46592         14  0.000e+00
     59.419     58.816    -1.2108  27.221959    -1.2075  27.224373     7.6036     7.6487     0.4025    94.2019 6.8495e-02  -68.02910  -69.29120 338.029240      99.98 1.1988e+02   1941.333      46593         14  0.000e+00
     59.467     58.863    -1.2110  27.221959    -1.2073  27.224206     7.6002     7.6489     0.4099    94.1761 6.6424e-02  -68.02910  -69.29120 338.029240      99.93 1.1988e+02   1941.375      46594         14  0.000e+00
     59.419     58.816    -1.2115  27.221845    -1.2084  27.223036     7.6042     7.6493     0.4025    94.1761 6.6424e-02  -68.02910  -69.29120 338.029241      99.95 1.1988e+02   1941.417      46595         14  0.000e+00
     40.361     39.953    -1.0723  27.278162    -1.0848  27.267946     8.0466     8.0585     0.9666    91.7299 4.5858e-01  -68.02902  -69.29146 338.029963      99.98 1.1811e+02   2003.792      48092         15  0.000e+00
     40.361     39.953    -1.0738  27.277191    -1.0859  27.267779     8.0505     8.0591     0.9740    91.7299 4.5542e-01  -68.02902  -69.29146 338.029963      99.98 1.1811e+02   2003.833      48093         15  0.000e+00
     40.306     39.899    -1.0746  27.276963    -1.0869  27.266887     8.0527     8.0595     0.9740    91.7299 4.5858e-01  -68.02902  -69.29146 338.029964      99.95 1.1811e+02   2003.875      48094         15  0.000e+00
     40.423     40.014    -1.0756  27.276392    -1.0874  27.266664     8.0474     8.0597     0.9666    91.7299 4.5858e-01  -68.02902  -69.29146 338.029964      99.95 1.1811e+02   2003.917      48095         15  0.000e+00
     40.306     39.899    -1.0760  27.275764    -1.0880  27.265884     8.0507     8.0597     0.9740    91.7299 4.5858e-01  -68.02902  -69.29146 338.029965      99.98 1.1811e+02   2003.958      48096         15  0.000e+00
     40.258     39.852    -1.0771  27.275136    -1.0890  27.265271     8.0508     8.0596     0.9740    91.7299 4.5858e-01  -68.02902  -69.29146 338.029965      99.98 1.1811e+02   2004.000      48097         15  0.000e+00
     40.306     39.899    -1.0770  27.275079    -1.0890  27.265661     8.0504     8.0648     0.9740    91.7299 4.5858e-01  -68.02902  -69.29146 338.029966      99.98 1.1811e+02   2004.042      48098         15  0.000e+00
     40.204     39.798    -1.0770  27.275365    -1.0882  27.266051     8.0557     8.0648     0.9740    91.7299 4.5858e-01  -68.02902  -69.29146 338.029966      99.98 1.1811e+02   2004.083      48099         15  0.000e+00
     40.259     39.852    -1.0766  27.275250    -1.0891  27.265159     8.0667     8.0653     0.9740    91.7299 4.5858e-01  -68.02902  -69.29146 338.029967      99.98 1.1811e+02   2004.125      48100         15  0.000e+00
     40.224     39.818    -1.0776  27.274337    -1.0891  27.266051     8.0758     8.0651     0.9666    91.7299 4.5858e-01  -68.02902  -69.29146 338.029967      99.95 1.1811e+02   2004.167      48101         15  0.000e+00
     40.204     39.798    -1.0803  27.272340    -1.0870  27.267946     8.0818     8.0652     0.9666    91.7299 4.5858e-01  -68.02902  -69.29146 338.029968      99.95 1.1811e+02   2004.208      48102         15  0.000e+00
     40.156     39.750    -1.0815  27.271312    -1.0850  27.269451     8.0809     8.0651     0.9740    91.7299 4.5858e-01  -68.02902  -69.29146 338.029968      99.98 1.1811e+02   2004.250      48103         15  0.000e+00
     40.156     39.750    -1.0821  27.270855    -1.0833  27.270510     8.0783     8.0651     0.9740    91.7299 4.5858e-01  -68.02902  -69.29146 338.029969      99.98 1.1811e+02   2004.292      48104         15  0.000e+00
     40.156     39.750    -1.0823  27.270798    -1.0819  27.271067     8.0857     8.0650     0.9740    91.8072 4.5858e-01  -68.02902  -69.29146 338.029969      99.98 1.1811e+02   2004.333      48105         15  0.000e+00
     40.156     39.750    -1.0827  27.271312    -1.0810  27.271847     8.0822     8.0695     0.9666    91.8329 4.5858e-01  -68.02902  -69.29146 338.029970      99.93 1.1811e+02   2004.375      48106         15  0.000e+00
     40.053     39.649    -1.0821  27.271540    -1.0799  27.272460     8.0813     8.0699     0.9666    91.8329 4.5858e-01  -68.02902  -69.29146 338.029970      99.95 1.1811e+02   2004.417      48107         15  0.000e+00
     40.122     39.716    -1.0816  27.271883    -1.0795  27.272405     8.0742     8.0705     0.9740    91.8329 4.5858e-01  -68.02902  -69.29146 338.029971      99.98 1.1811e+02   2004.458      48108         15  0.000e+00
     40.108     39.703    -1.0825  27.271655    -1.0794  27.272906     8.0790     8.0708     0.9740    91.8329 4.5858e-01  -68.02902  -69.29146 338.029971      99.98 1.1811e+02   2004.500      48109         15  0.000e+00
     40.005     39.601    -1.0833  27.270399    -1.0782  27.274077     8.0730     8.0705     0.9740    91.8072 4.5858e-01  -68.02902  -69.29146 338.029972      99.98 1.1811e+02   2004.542      48110         15  0.000e+00
     40.108     39.703    -1.0844  27.269314    -1.0772  27.274578     8.0701     8.0714     0.9740    91.8329 4.5858e-01  -68.02902  -69.29146 338.029972      99.98 1.1811e+02   2004.583      48111         15  0.000e+00
     40.005     39.601    -1.0853  27.268972    -1.0768  27.274690     8.0666     8.0720     0.9740    91.8329 4.5858e-01  -68.02902  -69.29146 338.029973      99.98 1.1811e+02   2004.625      48112         15  0.000e+00
     40.005     39.601    -1.0851  27.269485    -1.0754  27.275860     8.0701     8.0713     0.9740    91.8329 4.6176e-01  -68.02902  -69.29146 338.029973      99.95 1.1811e+02   2004.667      48113         15  0.000e+00
     40.005     39.601    -1.0845  27.270855    -1.0741  27.277365     8.0700     8.0704     0.9740    91.8072 4.5858e-01  -68.02902  -69.29146 338.029973      99.95 1.1811e+02   2004.708      48114         15  0.000e+00
     39.971     39.567    -1.0825  27.272796    -1.0724  27.278536     8.0679     8.0693     0.9666    91.8329 4.5858e-01  -68.02902  -69.29146 338.029974      99.98 1.1811e+02   2004.750      48115         15  0.000e+00
     39.951     39.547    -1.0811  27.273309    -1.0705  27.279762     8.0643     8.0679     0.9886    91.8072 4.5858e-01  -68.02902  -69.29148 338.029974      99.98 1.1811e+02   2004.792      48116         15  0.000e+00
     39.951     39.547    -1.0799  27.274165    -1.0685  27.281267     8.0678     8.0673     1.0179    91.8329 4.5858e-01  -68.02902  -69.29148 338.029975      99.98 1.1811e+02   2004.833      48117         15  0.000e+00
     39.951     39.547    -1.0788  27.274565    -1.0675  27.281825     8.0664     8.0668     1.0252    91.8329 4.5858e-01  -68.02902  -69.29148 338.029975      99.95 1.1811e+02   2004.875      48118         15  0.000e+00
     39.903     39.500    -1.0782  27.274850    -1.0666  27.282271     8.0647     8.0718     1.0252    91.8329 4.5858e-01  -68.02902  -69.29148 338.029976      99.95 1.1811e+02   2004.917      48119         15  0.000e+00
     39.903     39.500    -1.0777  27.275078    -1.0667  27.282215     8.0553     8.0721     1.0252    91.8329 4.5858e-01  -68.02902  -69.29148 338.029976      99.98 1.1811e+02   2004.958      48120         15  0.000e+00
     39.903     39.500    -1.0774  27.275135    -1.0668  27.281936     8.0606     8.0666     1.0252    91.8329 4.5858e-01  -68.02902  -69.29148 338.029977      99.98 1.1811e+02   2005.000      48121         15  0.000e+00
     39.916     39.513    -1.0768  27.275535    -1.0664  27.282438     8.0595     8.0656     1.0252    91.8329 4.5858e-01  -68.02902  -69.29148 338.029977      99.98 1.1811e+02   2005.042      48122         15  0.000e+00
     39.855     39.452    -1.0766  27.275421    -1.0654  27.282661     8.0642     8.0642     1.0252    91.8329 4.5858e-01  -68.02902  -69.29148 338.029978      99.98 1.1811e+02   2005.083      48123         15  0.000e+00
     39.855     39.452    -1.0763  27.275991    -1.0653  27.282661     8.0639     8.0629     1.0252    91.8329 4.5858e-01  -68.02902  -69.29148 338.029978      99.98 1.1811e+02   2005.125      48124         15  0.000e+00
     39.855     39.452    -1.0766  27.276049    -1.0655  27.282270     8.0724     8.0672     1.0252    91.7814 4.5858e-01  -68.02902  -69.29148 338.029979      99.95 1.1811e+02   2005.167      48125         15  0.000e+00
     39.855     39.452    -1.0776  27.276334    -1.0657  27.282326     8.0701     8.0675     1.0252    91.7557 4.5858e-01  -68.02902  -69.29148 338.029979      99.95 1.1811e+02   2005.208      48126         15  0.000e+00
     39.855     39.452    -1.0766  27.276848    -1.0653  27.282605     8.0643     8.0666     1.0252    91.7814 4.5858e-01  -68.02902  -69.29148 338.029980      99.98 1.1811e+02   2005.250      48127         15  0.000e+00
     39.800     39.398    -1.0754  27.276733    -1.0648  27.282660     8.0628     8.0664     1.0252    91.7814 4.5858e-01  -68.02902  -69.29148 338.029980      99.98 1.1811e+02   2005.292      48128         15  0.000e+00
