NBP2113_155081_ctd/data/nbp2113_048.cnv
* Sea-Bird SBE 9 Data File:
* FileName = D:\Data\raw\NBP2113_048.hex
* Software Version Seasave V 7.26.7.121
* Temperature SN = 2438
* Conductivity SN = 2067
* Number of Bytes Per Scan = 40
* Number of Voltage Words = 5
* Number of Scans Averaged by the Deck Unit = 1
* NMEA Latitude = 64 50.77 S
* NMEA Longitude = 064 00.25 W
* NMEA UTC (Time) = Dec 11 2021  07:43:13
* NMEA baud rate = 9600
** Ship: RVIB N.B. Palmer
** Cruise: NBP2113 LTER
** Station: 620.032
** Operator: B. Urmston
# nquan = 25
# nvalues = 791                         
# units = specified
# name 0 = prDM: Pressure, Digiquartz [db]
# name 1 = depSM: Depth [salt water, m]
# name 2 = t090C: Temperature [ITS-90, deg C]
# name 3 = c0mS/cm: Conductivity [mS/cm]
# name 4 = t190C: Temperature, 2 [ITS-90, deg C]
# name 5 = c1mS/cm: Conductivity, 2 [mS/cm]
# name 6 = sbeox0ML/L: Oxygen, SBE 43 [ml/l]
# name 7 = sbeox1ML/L: Oxygen, SBE 43, 2 [ml/l]
# name 8 = flECO-AFL: Fluorescence, WET Labs ECO-AFL/FL [mg/m^3]
# name 9 = CStarTr0: Beam Transmission, WET Labs C-Star [%]
# name 10 = par: PAR/Irradiance, Biospherical/Licor
# name 11 = latitude: Latitude [deg]
# name 12 = longitude: Longitude [deg]
# name 13 = timeJ: Julian Days
# name 14 = altM: Altimeter [m]
# name 15 = spar: SPAR, Biospherical/Licor
# name 16 = timeS: Time, Elapsed [seconds]
# name 17 = scan: Scan Count
# name 18 = density00: Density [density, kg/m^3]
# name 19 = density11: Density, 2 [density, kg/m^3]
# name 20 = sal00: Salinity, Practical [PSU]
# name 21 = sal11: Salinity, Practical, 2 [PSU]
# name 22 = oxsolML/L: Oxygen Saturation, Garcia & Gordon [ml/l]
# name 23 = nbin: number of scans per bin
# name 24 = flag: flag
# span 0 =      1.000,    398.000       
# span 1 =      0.990,    393.723       
# span 2 =    -0.4070,     1.3878       
# span 3 =  27.754652,  30.156891       
# span 4 =    -0.4089,     1.3874       
# span 5 =  27.750678,  30.155433       
# span 6 =     4.1809,     9.5026       
# span 7 =     4.2436,     9.8630       
# span 8 =    -0.0223,     1.9144       
# span 9 =    83.9902,    91.2091       
# span 10 = -1.443e-04, 6.2505e+01      
# span 11 =  -64.84630,  -64.84602      
# span 12 =  -64.00432,  -64.00378      
# span 13 = 345.324809, 345.343728      
# span 14 =       9.50,     100.65      
# span 15 = 3.8779e+01, 4.5834e+01      
# span 16 =    270.507,   1905.131      
# span 17 =       6493,      45724      
# span 18 =  1027.1111,  1029.6198      
# span 19 =  1027.1091,  1029.6187      
# span 20 =    33.7438,    34.6617      
# span 21 =    33.7406,    34.6603      
# span 22 =    7.74731,    8.16775      
# span 23 =         15,         60      
# span 24 = 0.0000e+00, 0.0000e+00      
# interval = decibars: 1                
# start_time = Dec 11 2021 07:43:13 [NMEA time, header]
# bad_flag = -9.990e-29
*END*
[from data line 754]
     37.000     36.634     0.2196  28.525251     0.2193  28.523700     7.7456     7.8064     1.0618    87.8075 5.5670e-01  -64.84626  -64.00418 345.342189      99.97 3.8783e+01   1772.099      42531  1027.5070  1027.5057    34.0533    34.0515    8.01742         37 0.0000e+00
     36.000     35.643     0.2211  28.526519     0.2199  28.523251     7.7328     7.8064     1.1500    87.8055 5.9810e-01  -64.84626  -64.00418 345.342228      99.97 3.8783e+01   1775.532      42614  1027.5024  1027.5002    34.0538    34.0509    8.01707         34 0.0000e+00
     35.000     34.655     0.2124  28.516209     0.2125  28.515180     7.7566     7.8107     1.0604    87.7660 6.5550e-01  -64.84626  -64.00418 345.342251      99.97 3.8783e+01   1777.487      42661  1027.4957  1027.4945    34.0505    34.0490    8.01908         42 0.0000e+00
     34.000     33.664     0.2182  28.521497     0.2180  28.520815     7.7279     7.8106     1.1362    87.7719 7.2117e-01  -64.84628  -64.00418 345.342293      99.97 3.8783e+01   1781.093      42747  1027.4912  1027.4906    34.0517    34.0509    8.01780         33 0.0000e+00
     33.000     32.675     0.2053  28.507997     0.2046  28.505849     7.7413     7.8131     1.0863    87.7284 7.8967e-01  -64.84628  -64.00418 345.342320      99.97 3.8783e+01   1783.423      42803  1027.4851  1027.4836    34.0487    34.0468    8.02065         37 0.0000e+00
     32.000     31.685     0.1929  28.493698     0.1931  28.492632     7.7748     7.8191     1.1244    87.7206 8.4484e-01  -64.84627  -64.00419 345.342342      99.97 3.8783e+01   1785.304      42848  1027.4776  1027.4764    34.0442    34.0427    8.02349         41 0.0000e+00
     31.000     30.693     0.1921  28.491573     0.1921  28.489766     7.7556     7.8121     1.2339    87.6550 8.8149e-01  -64.84626  -64.00418 345.342368      99.97 3.8783e+01   1787.640      42904  1027.4717  1027.4698    34.0430    34.0406    8.02374         40 0.0000e+00
     30.000     29.703     0.1959  28.495625     0.1967  28.495005     7.7525     7.8318     1.1494    87.6253 1.0294e+00  -64.84628  -64.00418 345.342416      99.97 3.8783e+01   1791.743      43003  1027.4678  1027.4664    34.0447    34.0430    8.02284         31 0.0000e+00
     29.000     28.714     0.1961  28.494378     0.1968  28.493077     7.7746     7.8420     1.0768    87.6232 1.1352e+00  -64.84628  -64.00420 345.342438      99.97 3.8783e+01   1793.661      43049  1027.4620  1027.4600    34.0434    34.0410    8.02287         33 0.0000e+00
     28.000     27.723     0.1968  28.493114     0.1992  28.493256     7.7589     7.8433     1.1251    87.5639 1.2191e+00  -64.84628  -64.00420 345.342456      99.97 3.8783e+01   1795.222      43086  1027.4557  1027.4535    34.0416    34.0390    8.02283         40 0.0000e+00
     27.000     26.732     0.1990  28.494370     0.2007  28.493632     7.7737     7.8481     1.2744    87.5444 1.3081e+00  -64.84628  -64.00419 345.342502      99.97 3.8783e+01   1799.174      43181  1027.4506  1027.4483    34.0415    34.0385    8.02239         21 0.0000e+00
     26.000     25.746     0.2002  28.493301     0.2017  28.492776     7.7868     7.8522     1.1525    87.4912 1.5058e+00  -64.84628  -64.00419 345.342639      99.97 3.9322e+01   1810.980      43465  1027.4440  1027.4420    34.0392    34.0369    8.02224         36 0.0000e+00
     25.000     24.753     0.1998  28.489977     0.1989  28.487549     7.7778     7.8718     1.1988    87.3619 1.6317e+00  -64.84628  -64.00420 345.342854      99.97 4.0643e+01   1829.566      43911  1027.4366  1027.4349    34.0359    34.0337    8.02252         30 0.0000e+00
     24.000     23.764     0.1944  28.483554     0.1951  28.482771     7.7865     7.8789     1.3615    87.3473 1.7238e+00  -64.84628  -64.00420 345.342867      99.97 4.0546e+01   1830.677      43937  1027.4308  1027.4293    34.0340    34.0323    8.02375         40 0.0000e+00
     23.000     22.774     0.1804  28.464797     0.1724  28.455477     7.8631     7.9194     1.2055    87.1853 1.9177e+00  -64.84628  -64.00419 345.342884      99.97 4.0546e+01   1832.199      43974  1027.4201  1027.4181    34.0254    34.0221    8.02716         36 0.0000e+00
     22.000     21.784     0.1312  28.406720     0.1395  28.411388     7.8290     7.8971     1.3899    86.9255 2.1547e+00  -64.84628  -64.00419 345.342906      99.97 4.0546e+01   1834.062      44018  1027.4017  1027.3988    34.0040    34.0010    8.03867         40 0.0000e+00
     21.000     20.794     0.1230  28.395320     0.1373  28.414303     7.8492     7.9173     1.5825    86.8185 2.4346e+00  -64.84628  -64.00420 345.342932      99.96 4.0546e+01   1836.315      44073  1027.3928  1027.3990    33.9986    34.0078    8.04069         35 0.0000e+00
     20.000     19.804     0.0576  28.316982     0.0498  28.308398     7.9168     7.9479     1.4009    86.7545 2.7166e+00  -64.84628  -64.00420 345.342949      99.97 4.0546e+01   1837.762      44107  1027.3686  1027.3672    33.9684    33.9657    8.05612         30 0.0000e+00
     19.000     18.813     0.0179  28.270651     0.0155  28.265212     7.9045     7.9417     1.2901    86.7621 3.0090e+00  -64.84628  -64.00421 345.342962      99.97 4.0546e+01   1838.913      44135  1027.3530  1027.3497    33.9516    33.9472    8.06542         27 0.0000e+00
     18.000     17.822     0.0121  28.261909     0.0129  28.261370     7.8811     7.9331     1.3566    86.5434 3.2601e+00  -64.84628  -64.00421 345.342977      99.97 4.0546e+01   1840.203      44166  1027.3445  1027.3433    33.9471    33.9456    8.06690         38 0.0000e+00
     17.000     16.834     0.0254  28.276652     0.0300  28.280694     7.8616     7.9370     1.4979    86.5467 3.4599e+00  -64.84628  -64.00421 345.343013      99.96 4.1351e+01   1843.358      44242  1027.3422  1027.3421    33.9526    33.9528    8.06380         27 0.0000e+00
     16.000     15.844     0.0303  28.282132     0.0307  28.281174     7.8570     7.9410     1.4558    86.5359 4.0011e+00  -64.84628  -64.00419 345.343052      99.97 4.2356e+01   1846.674      44321  1027.3382  1027.3368    33.9549    33.9532    8.06262         36 0.0000e+00
     15.000     14.852     0.0181  28.269127     0.0272  28.278422     7.9045     7.9556     1.3242    86.5217 4.4903e+00  -64.84628  -64.00420 345.343065      99.96 4.2309e+01   1847.836      44349  1027.3318  1027.3330    33.9519    33.9541    8.06537         27 0.0000e+00
     14.000     13.862    -0.0365  28.203721    -0.0319  28.207007     7.9006     7.9619     1.3808    86.4872 4.9196e+00  -64.84628  -64.00420 345.343081      99.97 4.2309e+01   1849.177      44381  1027.3106  1027.3097    33.9264    33.9257    8.07833         36 0.0000e+00
     13.000     12.874    -0.0671  28.166024    -0.0225  28.221955     7.9260     7.9701     1.4269    86.2785 5.3905e+00  -64.84628  -64.00420 345.343121      99.97 4.2309e+01   1852.669      44465  1027.2945  1027.3113    33.9110    33.9357    8.08568         38 0.0000e+00
     12.000     11.882    -0.0601  28.168703    -0.0632  28.164112     7.9060     7.9769     1.4806    86.2591 6.0200e+00  -64.84628  -64.00420 345.343142      99.96 4.2309e+01   1854.460      44508  1027.2860  1027.2846    33.9074    33.9047    8.08439         34 0.0000e+00
     11.000     10.892    -0.0574  28.173336    -0.0583  28.169990     7.9228     7.9976     1.4893    85.9569 6.8799e+00  -64.84628  -64.00420 345.343163      99.97 4.2309e+01   1856.298      44552  1027.2838  1027.2812    33.9111    33.9077    8.08361         26 0.0000e+00
     10.000      9.904    -0.0731  28.154995    -0.0641  28.168066     7.9172     8.0354     1.6118    85.8584 7.8532e+00  -64.84628  -64.00420 345.343201      99.97 4.2309e+01   1859.574      44631  1027.2745  1027.2798    33.9048    33.9122    8.08729         37 0.0000e+00
      9.000      8.912    -0.1853  28.019591    -0.2577  27.928019     8.0242     8.0384     1.6086    85.2337 8.9505e+00  -64.84628  -64.00420 345.343226      99.97 4.2309e+01   1861.686      44681  1027.2335  1027.2051    33.8500    33.8085    8.11424         40 0.0000e+00
      8.000      7.922    -0.3454  27.813713    -0.3122  27.856106     8.0296     8.0522     1.8646    84.9495 1.0010e+01  -64.84628  -64.00420 345.343259      99.96 4.2309e+01   1864.543      44750  1027.1607  1027.1742    33.7537    33.7735    8.15395         31 0.0000e+00
      7.000      6.933    -0.3229  27.839366    -0.3232  27.837731     8.0102     8.0527     1.8638    84.3145 1.1236e+01  -64.84628  -64.00418 345.343295      99.97 4.2309e+01   1867.681      44825  1027.1601  1027.1591    33.7637    33.7619    8.14855         38 0.0000e+00
      6.000      5.934    -0.2124  27.977262    -0.1847  28.013396     7.9578     8.0296     1.7947    84.2820 1.3507e+01  -64.84628  -64.00419 345.343379      99.96 4.2534e+01   1874.939      45000  1027.1971  1027.2105    33.8255    33.8429    8.12139         32 0.0000e+00
      5.000      4.950    -0.2319  27.946942    -0.2259  27.955288     8.0306     8.0558     1.6164    84.4909 1.5631e+01  -64.84628  -64.00418 345.343638      99.97 4.4060e+01   1897.304      45536  1027.1787  1027.1815    33.8075    33.8119    8.12659         30 0.0000e+00
      4.000      3.960    -0.2731  27.875659    -0.2698  27.879284     8.1123     8.0623     1.6569    84.3899 1.8093e+01  -64.84628  -64.00418 345.343656      99.96 4.4072e+01   1898.911      45575  1027.1376  1027.1380    33.7587    33.7599    8.13818         38 0.0000e+00
      3.000      2.971    -0.2755  27.867820    -0.2709  27.876454     8.0098     8.0745     1.8198    84.1005 2.1381e+01  -64.84628  -64.00418 345.343679      99.96 4.4072e+01   1900.836      45621  1027.1268  1027.1315    33.7515    33.7579    8.13910         44 0.0000e+00
      2.000      1.981    -0.2804  27.862202    -0.2813  27.860525     9.2108     9.8630     1.8154    83.9915 2.6010e+01  -64.84628  -64.00418 345.343702      99.96 4.4072e+01   1902.854      45669  1027.1210  1027.1200    33.7501    33.7488    8.14023         40 0.0000e+00
      1.000      0.990    -0.2791  27.858392    -0.2743  27.860836     9.5026     9.1910     1.7046    83.9902 6.2505e+01  -64.84628  -64.00418 345.343728      42.67 4.4072e+01   1905.131      45724  1027.1111  1027.1091    33.7441    33.7421    8.14028         33 0.0000e+00
