NBP2113_155081_ctd/data/nbp2113_027.cnv
* Sea-Bird SBE 9 Data File:
* FileName = D:\Data\raw\NBP2113_027.hex
* Software Version Seasave V 7.26.7.121
* Temperature SN = 2438
* Conductivity SN = 2067
* Number of Bytes Per Scan = 40
* Number of Voltage Words = 5
* Number of Scans Averaged by the Deck Unit = 1
* NMEA Latitude = 68 01.82 S
* NMEA Longitude = 069 17.07 W
* NMEA UTC (Time) = Dec 04 2021  08:59:20
* NMEA baud rate = 9600
** Ship: RVIB N.B. Palmer
** Cruise: NBP2113 LTER
** Station: 200.-040
** Operator: B. Urmston
# nquan = 25
# nvalues = 853                         
# units = specified
# name 0 = prDM: Pressure, Digiquartz [db]
# name 1 = depSM: Depth [salt water, m]
# name 2 = t090C: Temperature [ITS-90, deg C]
# name 3 = c0mS/cm: Conductivity [mS/cm]
# name 4 = t190C: Temperature, 2 [ITS-90, deg C]
# name 5 = c1mS/cm: Conductivity, 2 [mS/cm]
# name 6 = sbeox0ML/L: Oxygen, SBE 43 [ml/l]
# name 7 = sbeox1ML/L: Oxygen, SBE 43, 2 [ml/l]
# name 8 = flECO-AFL: Fluorescence, WET Labs ECO-AFL/FL [mg/m^3]
# name 9 = CStarTr0: Beam Transmission, WET Labs C-Star [%]
# name 10 = par: PAR/Irradiance, Biospherical/Licor
# name 11 = latitude: Latitude [deg]
# name 12 = longitude: Longitude [deg]
# name 13 = timeJ: Julian Days
# name 14 = altM: Altimeter [m]
# name 15 = spar: SPAR, Biospherical/Licor
# name 16 = timeS: Time, Elapsed [seconds]
# name 17 = scan: Scan Count
# name 18 = density00: Density [density, kg/m^3]
# name 19 = density11: Density, 2 [density, kg/m^3]
# name 20 = sal00: Salinity, Practical [PSU]
# name 21 = sal11: Salinity, Practical, 2 [PSU]
# name 22 = oxsolML/L: Oxygen Saturation, Garcia & Gordon [ml/l]
# name 23 = nbin: number of scans per bin
# name 24 = flag: flag
# span 0 =      1.000,    429.000       
# span 1 =      0.990,    424.269       
# span 2 =    -1.1608,     1.3729       
# span 3 =  27.229793,  30.161229       
# span 4 =    -1.1648,     1.3721       
# span 5 =  27.229728,  30.160289       
# span 6 =     4.0084,     9.6185       
# span 7 =     4.0664,    10.1505       
# span 8 =    -0.0179,     2.4802       
# span 9 =    88.6156,    96.6807       
# span 10 = -5.397e-06, 1.3894e+02      
# span 11 =  -68.03038,  -68.02988      
# span 12 =  -69.28466,  -69.28402      
# span 13 = 338.377040, 338.398510      
# span 14 =       0.97,     103.54      
# span 15 = 1.3220e+02, 1.4489e+02      
# span 16 =    216.292,   2071.290      
# span 17 =       5192,      49712      
# span 18 =  1027.1866,  1029.7783      
# span 19 =  1027.1855,  1029.7774      
# span 20 =    33.8026,    34.6756      
# span 21 =    33.8003,    34.6743      
# span 22 =    7.74955,    8.32648      
# span 23 =         14,         49      
# span 24 = 0.0000e+00, 0.0000e+00      
# interval = decibars: 1                
# start_time = Dec 04 2021 08:59:20 [NMEA time, header]
# bad_flag = -9.990e-29
*END*
[from data line 580]
    273.000    270.091     1.0992  29.805934     1.0933  29.798607     4.2259     4.2615    -0.0041    96.4799 1.0000e-12  -68.03038  -69.28462 338.389849      99.97 1.4406e+02   1322.917      31751  1029.0097  1029.0080    34.6037    34.6009    7.80762         35 0.0000e+00
    272.000    269.102     1.1050  29.811476     1.1065  29.812228     4.2151     4.2672    -0.0072    96.4975 1.0000e-12  -68.03038  -69.28462 338.389894      99.97 1.4290e+02   1326.860      31846  1029.0053  1029.0045    34.6050    34.6043    7.80638         42 0.0000e+00
    271.000    268.112     1.0993  29.804545     1.1027  29.807451     4.2383     4.2784    -0.0032    96.4756 1.0000e-12  -68.03038  -69.28462 338.389920      99.98 1.4284e+02   1329.097      31899  1028.9995  1028.9991    34.6030    34.6030    7.80763         38 0.0000e+00
    270.000    267.124     1.0872  29.791249     1.0851  29.788177     4.2537     4.2828     0.0000    96.4729 1.0000e-12  -68.03038  -69.28462 338.389938      99.97 1.4313e+02   1330.602      31935  1028.9935  1028.9925    34.5999    34.5984    7.81022         36 0.0000e+00
    269.000    266.135     1.0770  29.780077     1.0757  29.777796     4.2382     4.2844    -0.0072    96.4497 1.0000e-12  -68.03038  -69.28462 338.389955      99.97 1.4333e+02   1332.145      31972  1028.9877  1028.9867    34.5975    34.5960    7.81239         39 0.0000e+00
    268.000    265.145     1.0768  29.780192     1.0765  29.778363     4.2298     4.2825    -0.0073    96.4636 1.0000e-12  -68.03038  -69.28462 338.389981      99.97 1.4274e+02   1334.381      32026  1028.9836  1028.9820    34.5985    34.5964    7.81238         38 0.0000e+00
    267.000    264.159     1.0858  29.788158     1.0884  29.790416     4.2363     4.2840     0.0025    96.4687 1.0000e-12  -68.03038  -69.28461 338.390043      99.97 1.4279e+02   1339.673      32153  1028.9785  1028.9782    34.5992    34.5992    7.81053         34 0.0000e+00
    266.000    263.169     1.0750  29.776560     1.0780  29.778676     4.2516     4.2878    -0.0077    96.4688 1.0000e-12  -68.03038  -69.28462 338.390060      99.97 1.4279e+02   1341.200      32190  1028.9729  1028.9722    34.5969    34.5963    7.81281         30 0.0000e+00
    265.000    262.180     1.0728  29.773591     1.0729  29.772662     4.2581     4.2876    -0.0077    96.4645 1.0000e-12  -68.03038  -69.28462 338.390082      99.98 1.4279e+02   1343.083      32235  1028.9677  1028.9667    34.5961    34.5948    7.81329         32 0.0000e+00
    264.000    261.193     1.0800  29.780740     1.0755  29.775072     4.2416     4.2874    -0.0032    96.4622 1.0000e-12  -68.03038  -69.28460 338.390144      99.98 1.4279e+02   1348.467      32364  1028.9637  1028.9623    34.5980    34.5956    7.81177         41 0.0000e+00
    263.000    260.202     1.0694  29.768957     1.0690  29.767673     4.2388     4.2923     0.0039    96.4640 1.0000e-12  -68.03038  -69.28461 338.390163      99.97 1.4279e+02   1350.050      32402  1028.9577  1028.9568    34.5950    34.5939    7.81403         33 0.0000e+00
    262.000    259.215     1.0675  29.766216     1.0691  29.767060     4.2385     4.2906     0.0031    96.4583 1.0000e-12  -68.03037  -69.28462 338.390275      99.98 1.4279e+02   1359.764      32635  1028.9525  1028.9517    34.5942    34.5936    7.81446         44 0.0000e+00
    261.000    258.224     1.0615  29.758960     1.0630  29.759747     4.2454     4.2972    -0.0020    96.4561 1.0000e-12  -68.03036  -69.28459 338.390571      99.97 1.4279e+02   1385.340      33249  1028.9464  1028.9458    34.5922    34.5915    7.81577         35 0.0000e+00
    260.000    257.237     1.0529  29.748668     1.0590  29.754840     4.2727     4.3212    -0.0050    96.4417 1.0000e-12  -68.03034  -69.28460 338.390598      99.98 1.4279e+02   1387.631      33304  1028.9401  1028.9404    34.5891    34.5902    7.81767         26 0.0000e+00
    259.000    256.249     1.0384  29.731708     1.0482  29.742014     4.3111     4.3522     0.0055    96.4331 1.0000e-12  -68.03034  -69.28460 338.390608      99.97 1.4279e+02   1388.526      33326  1028.9326  1028.9336    34.5839    34.5863    7.82085         20 0.0000e+00
    258.000    255.259     1.0195  29.710307     1.0194  29.709325     4.3369     4.3530     0.0069    96.4590 1.0000e-12  -68.03034  -69.28460 338.390617      99.98 1.4279e+02   1389.297      33344  1028.9248  1028.9240    34.5779    34.5767    7.82495         17 0.0000e+00
    257.000    254.271     0.9536  29.638393     0.9546  29.638925     4.3342     4.3450     0.0008    96.4279 1.0000e-12  -68.03034  -69.28460 338.390625      99.98 1.4279e+02   1390.015      33361  1028.9113  1028.9110    34.5588    34.5584    7.83920         17 0.0000e+00
    256.000    253.280     0.9446  29.626964     0.9278  29.609763     4.3218     4.3522     0.0007    96.4498 1.0000e-12  -68.03034  -69.28460 338.390634      99.97 1.4279e+02   1390.767      33379  1028.9040  1028.9027    34.5547    34.5511    7.84124         20 0.0000e+00
    255.000    252.294     0.9472  29.634239     0.9467  29.630354     4.3242     4.3593     0.0001    96.4888 1.0000e-12  -68.03034  -69.28460 338.390646      99.97 1.4279e+02   1391.785      33404  1028.9042  1028.9006    34.5618    34.5573    7.84034         31 0.0000e+00
    254.000    251.304     0.9891  29.676460     0.9928  29.679823     4.3142     4.3616    -0.0118    96.4721 1.0000e-12  -68.03034  -69.28456 338.390696      99.97 1.4279e+02   1396.133      33508  1028.9014  1028.9012    34.5703    34.5706    7.83145         34 0.0000e+00
    253.000    250.315     0.9661  29.650032     0.9605  29.643571     4.3700     4.3971    -0.0015    96.4702 1.0000e-12  -68.03034  -69.28456 338.390711      99.98 1.4279e+02   1397.476      33540  1028.8924  1028.8914    34.5623    34.5602    7.83650         22 0.0000e+00
    252.000    249.328     0.9169  29.596058     0.9132  29.591611     4.4277     4.4275    -0.0087    96.4756 1.0000e-12  -68.03034  -69.28458 338.390721      99.98 1.4279e+02   1398.270      33559  1028.8810  1028.8800    34.5479    34.5462    7.84719         17 0.0000e+00
    251.000    248.336     0.8862  29.563810     0.8819  29.558437     4.4518     4.4519    -0.0146    96.4877 1.0000e-12  -68.03034  -69.28458 338.390729      99.97 1.4279e+02   1398.968      33576  1028.8734  1028.8721    34.5409    34.5387    7.85375         17 0.0000e+00
    250.000    247.351     0.8409  29.514594     0.8499  29.523175     4.4447     4.4574    -0.0004    96.4921 1.0000e-12  -68.03034  -69.28458 338.390737      99.97 1.4279e+02   1399.667      33593  1028.8626  1028.8626    34.5281    34.5292    7.86358         17 0.0000e+00
    249.000    246.360     0.8083  29.479541     0.8194  29.490309     4.4352     4.4510     0.0097    96.4835 1.0000e-12  -68.03034  -69.28458 338.390746      99.97 1.4279e+02   1400.425      33611  1028.8538  1028.8541    34.5196    34.5212    7.87064         20 0.0000e+00
    248.000    245.371     0.8129  29.489425     0.7950  29.465877     4.4442     4.4528     0.0128    96.4656 1.0000e-12  -68.03034  -69.28458 338.390757      99.97 1.4279e+02   1401.361      33634  1028.8547  1028.8481    34.5278    34.5173    7.86925         26 0.0000e+00
    247.000    244.383     0.8287  29.501757     0.8239  29.498277     4.4425     4.4656     0.0107    96.4804 1.0000e-12  -68.03034  -69.28457 338.390772      99.98 1.4279e+02   1402.679      33665  1028.8472  1028.8483    34.5268    34.5277    7.86612         36 0.0000e+00
    246.000    243.394     0.8104  29.482956     0.8024  29.473982     4.4407     4.4744     0.0062    96.4566 1.0000e-12  -68.03034  -69.28456 338.390793      99.97 1.4279e+02   1404.497      33709  1028.8408  1028.8394    34.5234    34.5207    7.87000         32 0.0000e+00
    245.000    242.405     0.8195  29.489820     0.8142  29.481495     4.4757     4.5264    -0.0001    96.4500 1.0000e-12  -68.03034  -69.28456 338.390811      99.97 1.4279e+02   1406.052      33746  1028.8342  1028.8309    34.5227    34.5180    7.86819         32 0.0000e+00
    244.000    241.416     0.7627  29.428384     0.7674  29.431337     4.6591     4.6249     0.0571    96.4362 1.0000e-12  -68.03034  -69.28456 338.390825      99.98 1.4279e+02   1407.308      33776  1028.8220  1028.8204    34.5069    34.5055    7.88057         30 0.0000e+00
    243.000    240.427     0.6430  29.292686     0.6085  29.258927     4.7638     4.6961     0.0004    96.4430 1.0000e-12  -68.03034  -69.28456 338.390840      99.98 1.4279e+02   1408.583      33807  1028.7938  1028.7926    34.4643    34.4587    7.90728         31 0.0000e+00
    242.000    239.440     0.5000  29.147770     0.5214  29.168528     4.8702     4.7829     0.0104    96.4210 1.0000e-12  -68.03034  -69.28456 338.390854      99.97 1.4279e+02   1409.778      33836  1028.7783  1028.7786    34.4353    34.4385    7.93810         25 0.0000e+00
    241.000    238.451     0.4871  29.133608     0.4845  29.129501     4.9170     4.8079     0.0324    96.4304 1.0000e-12  -68.03033  -69.28456 338.390865      99.97 1.4279e+02   1410.766      33859  1028.7707  1028.7690    34.4318    34.4293    7.94095         22 0.0000e+00
    240.000    237.460     0.4439  29.086223     0.4282  29.071786     4.8644     4.8055     0.0108    96.4166 1.0000e-12  -68.03032  -69.28456 338.390875      99.97 1.4279e+02   1411.636      33880  1028.7587  1028.7588    34.4186    34.4172    7.95057         20 0.0000e+00
    239.000    236.472     0.4059  29.049358     0.4188  29.063172     4.8472     4.8022     0.0121    96.3891 1.0000e-12  -68.03032  -69.28456 338.390886      99.97 1.4279e+02   1412.543      33902  1028.7521  1028.7536    34.4133    34.4170    7.95868         24 0.0000e+00
    238.000    235.483     0.4608  29.106260     0.4693  29.112876     4.8370     4.7994     0.0118    96.3512 1.0000e-12  -68.03032  -69.28456 338.390901      99.97 1.4279e+02   1413.852      33933  1028.7523  1028.7508    34.4271    34.4263    7.94662         35 0.0000e+00
    237.000    234.495     0.4343  29.076912     0.4512  29.100171     4.8639     4.8579     0.0142    96.4183 1.0000e-12  -68.03032  -69.28456 338.390925      99.97 1.4279e+02   1415.935      33983  1028.7418  1028.7495    34.4189    34.4304    7.95252         37 0.0000e+00
    236.000    233.505     0.4082  29.050992     0.4060  29.046848     4.9019     4.8953     0.0130    96.3856 1.0000e-12  -68.03032  -69.28456 338.390939      99.97 1.4279e+02   1417.136      34012  1028.7354  1028.7333    34.4146    34.4117    7.95813         24 0.0000e+00
    235.000    232.517     0.3985  29.041287     0.3903  29.032357     4.8996     4.9081     0.0143    96.3682 1.0000e-12  -68.03032  -69.28456 338.390950      99.97 1.4279e+02   1418.073      34035  1028.7300  1028.7286    34.4133    34.4108    7.96020         22 0.0000e+00
    234.000    231.527     0.3690  29.011246     0.3692  29.010836     4.8949     4.9034     0.0185    96.3724 1.0000e-12  -68.03032  -69.28456 338.390961      99.98 1.4279e+02   1419.016      34057  1028.7226  1028.7221    34.4075    34.4068    7.96662         24 0.0000e+00
    233.000    230.539     0.3723  29.014446     0.3710  29.012332     4.8878     4.9021     0.0261    96.3763 1.0000e-12  -68.03032  -69.28456 338.390973      99.97 1.4279e+02   1420.070      34083  1028.7179  1028.7170    34.4087    34.4073    7.96588         27 0.0000e+00
    232.000    229.550     0.3730  29.014819     0.3733  29.014373     4.8719     4.9100     0.0603    96.3683 1.0000e-12  -68.03032  -69.28456 338.390987      99.97 1.4279e+02   1421.288      34112  1028.7127  1028.7120    34.4089    34.4080    7.96571         32 0.0000e+00
    231.000    228.560     0.3737  29.015200     0.3732  29.013851     4.8748     4.9116     0.0397    96.3468 1.0000e-12  -68.03032  -69.28456 338.391003      99.97 1.4279e+02   1422.693      34146  1028.7076  1028.7068    34.4092    34.4081    7.96554         33 0.0000e+00
    230.000    227.572     0.3715  29.012772     0.3724  29.012804     4.9101     4.9359     0.0274    96.3667 1.0000e-12  -68.03032  -69.28456 338.391020      99.98 1.4279e+02   1424.096      34179  1028.7026  1028.7017    34.4091    34.4082    7.96601         31 0.0000e+00
    229.000    226.584     0.3678  29.008257     0.3681  29.007732     4.9657     4.9717     0.0219    96.3735 1.0000e-12  -68.03032  -69.28454 338.391034      99.98 1.4279e+02   1425.293      34208  1028.6969  1028.6960    34.4079    34.4068    7.96684         27 0.0000e+00
    228.000    225.593     0.3465  28.985178     0.3357  28.973263     5.0302     5.0180     0.0187    96.3217 1.0000e-12  -68.03032  -69.28456 338.391046      99.98 1.4279e+02   1426.373      34234  1028.6891  1028.6872    34.4021    34.3985    7.97158         25 0.0000e+00
    227.000    224.607     0.3131  28.950114     0.3106  28.947312     5.1220     5.0721     0.0121    96.2727 1.0000e-12  -68.03032  -69.28454 338.391058      99.97 1.4279e+02   1427.427      34259  1028.6805  1028.6799    34.3939    34.3930    7.97893         25 0.0000e+00
    226.000    223.615     0.2816  28.917578     0.2925  28.927552     5.1775     5.1103     0.0378    96.2933 1.0000e-12  -68.03032  -69.28456 338.391070      99.98 1.4279e+02   1428.485      34285  1028.6725  1028.6723    34.3870    34.3879    7.98585         24 0.0000e+00
    225.000    222.627     0.2499  28.884630     0.2558  28.890584     5.1754     5.1567     0.0386    96.2830 1.0000e-12  -68.03032  -69.28456 338.391083      99.97 1.4279e+02   1429.602      34311  1028.6643  1028.6648    34.3797    34.3809    7.99284         28 0.0000e+00
    224.000    221.637     0.2390  28.874282     0.2374  28.870557     5.2561     5.2022     0.0451    96.2220 1.0000e-12  -68.03032  -69.28456 338.391098      99.97 1.4279e+02   1430.853      34341  1028.6593  1028.6569    34.3789    34.3758    7.99515         31 0.0000e+00
    223.000    220.650     0.2096  28.839358     0.2009  28.830624     5.2634     5.2520     0.0943    96.1808 1.0000e-12  -68.03032  -69.28456 338.391114      99.97 1.4279e+02   1432.249      34375  1028.6464  1028.6457    34.3663    34.3645    8.00196         34 0.0000e+00
    222.000    219.661     0.1885  28.820256     0.1787  28.810000     5.1549     5.2394     0.0728    96.0785 1.0000e-12  -68.03030  -69.28455 338.391131      99.97 1.4279e+02   1433.701      34410  1028.6421  1028.6408    34.3654    34.3628    8.00641         35 0.0000e+00
    221.000    218.671     0.2353  28.866463     0.1784  28.811640     5.2653     5.3170     0.0568    96.1467 1.0000e-12  -68.03030  -69.28454 338.391148      99.97 1.4279e+02   1435.219      34446  1028.6400  1028.6380    34.3745    34.3659    7.99616         33 0.0000e+00
    220.000    217.682     0.1865  28.816764     0.1243  28.753091     5.3984     5.3119     0.0523    96.0446 1.0000e-12  -68.03030  -69.28454 338.391165      99.97 1.4279e+02   1436.664      34481  1028.6306  1028.6244    34.3642    34.3498    8.00690         31 0.0000e+00
    219.000    216.694     0.1021  28.725274     0.1417  28.770532     5.4077     5.2840     0.0557    96.0580 1.0000e-12  -68.03030  -69.28455 338.391183      99.97 1.4279e+02   1438.186      34517  1028.6123  1028.6207    34.3385    34.3539    8.02595         42 0.0000e+00
    218.000    215.706     0.1064  28.728714     0.1861  28.816025     5.7222     5.5037     0.0598    95.9885 1.0000e-12  -68.03030  -69.28456 338.391204      99.97 1.4279e+02   1439.986      34561  1028.6065  1028.6204    34.3388    34.3649    8.02504         35 0.0000e+00
    217.000    214.716    -0.0305  28.591270    -0.0010  28.619135     5.7882     5.6226     0.0768    95.9463 1.0000e-12  -68.03030  -69.28454 338.391220      99.98 1.4279e+02   1441.374      34594  1028.5903  1028.5912    34.3110    34.3148    8.05531         30 0.0000e+00
