NBP2113_155081_ctd/data/nbp2113_012.cnv
* Sea-Bird SBE 9 Data File:
* FileName = D:\Data\raw\NBP2113_012.hex
* Software Version Seasave V 7.26.7.121
* Temperature SN = 2438
* Conductivity SN = 2067
* Number of Bytes Per Scan = 40
* Number of Voltage Words = 5
* Number of Scans Averaged by the Deck Unit = 1
* NMEA Latitude = 64 36.38 S
* NMEA Longitude = 068 17.17 W
* NMEA UTC (Time) = Nov 26 2021  18:58:06
* NMEA baud rate = 9600
** Ship: RVIB N.B. Palmer
** Cruise: NBP2113 LTER
** Station: 500.200
** Operator: S. Blackman
# nquan = 25
# nvalues = 5437                        
# units = specified
# name 0 = prDM: Pressure, Digiquartz [db]
# name 1 = depSM: Depth [salt water, m]
# name 2 = t090C: Temperature [ITS-90, deg C]
# name 3 = c0mS/cm: Conductivity [mS/cm]
# name 4 = t190C: Temperature, 2 [ITS-90, deg C]
# name 5 = c1mS/cm: Conductivity, 2 [mS/cm]
# name 6 = sbeox0ML/L: Oxygen, SBE 43 [ml/l]
# name 7 = sbeox1ML/L: Oxygen, SBE 43, 2 [ml/l]
# name 8 = flECO-AFL: Fluorescence, WET Labs ECO-AFL/FL [mg/m^3]
# name 9 = CStarTr0: Beam Transmission, WET Labs C-Star [%]
# name 10 = par: PAR/Irradiance, Biospherical/Licor
# name 11 = latitude: Latitude [deg]
# name 12 = longitude: Longitude [deg]
# name 13 = timeJ: Julian Days
# name 14 = altM: Altimeter [m]
# name 15 = spar: SPAR, Biospherical/Licor
# name 16 = timeS: Time, Elapsed [seconds]
# name 17 = scan: Scan Count
# name 18 = density00: Density [density, kg/m^3]
# name 19 = density11: Density, 2 [density, kg/m^3]
# name 20 = sal00: Salinity, Practical [PSU]
# name 21 = sal11: Salinity, Practical, 2 [PSU]
# name 22 = oxsolML/L: Oxygen Saturation, Garcia & Gordon [ml/l]
# name 23 = nbin: number of scans per bin
# name 24 = flag: flag
# span 0 =      1.000,   2721.000       
# span 1 =      0.990,   2677.080       
# span 2 =    -1.1602,     1.6798       
# span 3 =  27.419715,  30.390712       
# span 4 =    -1.1596,     1.6799       
# span 5 =  27.417266,  30.389742       
# span 6 =     4.0033,    10.1592       
# span 7 =     3.9771,    10.1780       
# span 8 =    -0.0265,     2.6151       
# span 9 =    92.5167,    97.9563       
# span 10 = 1.0000e-12, 1.0000e-12      
# span 11 =  -64.60656,  -64.60628      
# span 12 =  -68.28784,  -68.28560      
# span 13 = 330.793814, 330.877154      
# span 14 =      -0.50,     119.67      
# span 15 = 1.9921e+02, 2.3179e+03      
# span 16 =    299.527,   7500.111      
# span 17 =       7190,     180004      
# span 18 =  1027.3209,  1040.3969      
# span 19 =  1027.3198,  1040.3961      
# span 20 =    33.9865,    34.7266      
# span 21 =    33.9853,    34.7257      
# span 22 =    7.69066,    8.31225      
# span 23 =          8,         54      
# span 24 = 0.0000e+00, 0.0000e+00      
# interval = decibars: 1                
# start_time = Nov 26 2021 18:58:06 [NMEA time, header]
# bad_flag = -9.990e-29
*END*
[from data line 3885]
   1552.000   1531.130     0.9135  30.287992     0.9135  30.287481     4.4936     4.5169    -0.0104    97.9098 1.0000e-12  -64.60640  -68.28650 330.850981      99.98 1.9755e+03   5238.725     125730  1035.0545  1035.0540    34.7133    34.7125    7.83885         23 0.0000e+00
   1551.000   1530.148     0.9132  30.287404     0.9134  30.286933     4.4883     4.5189    -0.0110    97.9098 1.0000e-12  -64.60640  -68.28650 330.850992      99.98 1.9664e+03   5239.692     125754  1035.0500  1035.0494    34.7133    34.7125    7.83890         22 0.0000e+00
   1550.000   1529.165     0.9132  30.286865     0.9133  30.286389     4.5024     4.5152    -0.0023    97.9098 1.0000e-12  -64.60640  -68.28650 330.851002      99.98 1.9594e+03   5240.548     125774  1035.0454  1035.0447    34.7132    34.7124    7.83892         19 0.0000e+00
   1549.000   1528.182     0.9131  30.286381     0.9133  30.285935     4.5011     4.5125    -0.0030    97.9098 1.0000e-12  -64.60640  -68.28650 330.851010      99.97 1.9557e+03   5241.284     125792  1035.0408  1035.0402    34.7133    34.7125    7.83894         17 0.0000e+00
   1548.000   1527.198     0.9131  30.286034     0.9133  30.285522     4.4948     4.5125    -0.0028    97.9098 1.0000e-12  -64.60640  -68.28648 330.851018      99.98 1.9561e+03   5241.954     125808  1035.0363  1035.0356    34.7133    34.7124    7.83893         15 0.0000e+00
   1547.000   1526.216     0.9132  30.285656     0.9132  30.285047     4.4931     4.5103    -0.0124    97.9098 1.0000e-12  -64.60640  -68.28647 330.851026      99.97 1.9590e+03   5242.632     125824  1035.0317  1035.0310    34.7133    34.7125    7.83891         18 0.0000e+00
   1546.000   1525.232     0.9131  30.285136     0.9130  30.284605     4.4970     4.5112    -0.0111    97.9098 1.0000e-12  -64.60640  -68.28646 330.851036      99.98 1.9637e+03   5243.479     125844  1035.0271  1035.0266    34.7133    34.7126    7.83894         24 0.0000e+00
   1545.000   1524.250     0.9133  30.284973     0.9132  30.284373     4.4943     4.5077    -0.0037    97.9098 1.0000e-12  -64.60640  -68.28646 330.851101      99.98 1.9885e+03   5249.102     125979  1035.0225  1035.0219    34.7133    34.7126    7.83888         13 0.0000e+00
   1544.000   1523.268     0.9134  30.284674     0.9134  30.284074     4.5006     4.5128    -0.0085    97.9098 1.0000e-12  -64.60640  -68.28648 330.851111      99.98 1.9921e+03   5249.978     126000  1035.0179  1035.0173    34.7134    34.7126    7.83887         12 0.0000e+00
   1543.000   1522.282     0.9137  30.284376     0.9137  30.283914     4.5000     4.5137    -0.0126    97.9098 1.0000e-12  -64.60640  -68.28648 330.851116      99.97 1.9938e+03   5250.442     126012  1035.0133  1035.0128    34.7133    34.7126    7.83882         12 0.0000e+00
   1542.000   1521.301     0.9143  30.284670     0.9139  30.283724     4.4974     4.5183    -0.0108    97.9098 1.0000e-12  -64.60640  -68.28648 330.851122      99.97 1.9934e+03   5250.930     126023  1035.0087  1035.0081    34.7134    34.7126    7.83868         12 0.0000e+00
   1541.000   1520.320     0.9156  30.285331     0.9153  30.284344     4.4919     4.5171    -0.0119    97.9098 1.0000e-12  -64.60640  -68.28648 330.851128      99.97 1.9912e+03   5251.432     126035  1035.0040  1035.0032    34.7134    34.7125    7.83843         12 0.0000e+00
   1540.000   1519.331     0.9166  30.285806     0.9164  30.284959     4.4938     4.5183    -0.0122    97.9098 1.0000e-12  -64.60640  -68.28650 330.851134      99.97 1.9873e+03   5251.957     126048  1034.9992  1034.9986    34.7134    34.7126    7.83822         13 0.0000e+00
   1539.000   1518.353     0.9174  30.286177     0.9170  30.285159     4.4940     4.5162    -0.0035    97.9098 1.0000e-12  -64.60640  -68.28650 330.851140      99.98 1.9811e+03   5252.531     126062  1034.9946  1034.9940    34.7136    34.7127    7.83805         15 0.0000e+00
   1538.000   1517.368     0.9176  30.285874     0.9174  30.285054     4.4925     4.5137    -0.0063    97.9098 1.0000e-12  -64.60642  -68.28648 330.851148      99.98 1.9730e+03   5253.193     126078  1034.9900  1034.9894    34.7135    34.7127    7.83801         17 0.0000e+00
   1537.000   1516.386     0.9172  30.285020     0.9158  30.283226     4.4940     4.5107    -0.0122    97.9098 1.0000e-12  -64.60642  -68.28646 330.851158      99.98 1.9618e+03   5254.066     126099  1034.9854  1034.9850    34.7133    34.7126    7.83810         26 0.0000e+00
   1536.000   1515.400     0.9164  30.283910     0.9171  30.283975     4.4932     4.5109    -0.0107    97.9009 1.0000e-12  -64.60641  -68.28645 330.851192      99.98 1.9573e+03   5256.967     126168  1034.9809  1034.9803    34.7134    34.7127    7.83827         33 0.0000e+00
   1535.000   1514.421     0.9164  30.283551     0.9179  30.284237     4.4980     4.5164    -0.0152    97.8473 1.0000e-12  -64.60640  -68.28644 330.851227      99.98 1.9692e+03   5260.058     126242  1034.9764  1034.9756    34.7134    34.7127    7.83826         21 0.0000e+00
   1534.000   1513.437     0.9166  30.283200     0.9165  30.282637     4.4961     4.5099    -0.0155    97.8354 1.0000e-12  -64.60640  -68.28644 330.851235      99.98 1.9770e+03   5260.718     126258  1034.9717  1034.9712    34.7133    34.7127    7.83823         17 0.0000e+00
   1533.000   1512.455     0.9167  30.283038     0.9171  30.282709     4.4914     4.5047    -0.0037    97.9074 1.0000e-12  -64.60640  -68.28644 330.851242      99.98 1.9847e+03   5261.353     126273  1034.9673  1034.9666    34.7136    34.7127    7.83820         15 0.0000e+00
   1532.000   1511.470     0.9197  30.285235     0.9197  30.284702     4.4976     4.5015    -0.0045    97.8956 1.0000e-12  -64.60642  -68.28644 330.851250      99.98 1.9909e+03   5261.961     126288  1034.9623  1034.9618    34.7135    34.7129    7.83758         14 0.0000e+00
   1531.000   1510.486     0.9223  30.287133     0.9216  30.286001     4.4966     4.5014    -0.0121    97.9096 1.0000e-12  -64.60642  -68.28644 330.851257      99.97 1.9947e+03   5262.594     126303  1034.9574  1034.9570    34.7136    34.7129    7.83706         16 0.0000e+00
   1530.000   1509.504     0.9224  30.286720     0.9219  30.285828     4.4958     4.5056    -0.0119    97.9098 1.0000e-12  -64.60642  -68.28644 330.851266      99.98 1.9971e+03   5263.421     126323  1034.9528  1034.9524    34.7136    34.7129    7.83705         26 0.0000e+00
   1529.000   1508.521     0.9198  30.283937     0.9180  30.281937     4.4912     4.5119    -0.0124    97.9098 1.0000e-12  -64.60642  -68.28644 330.851304      99.97 1.9738e+03   5266.701     126402  1034.9485  1034.9482    34.7134    34.7128    7.83758         31 0.0000e+00
   1528.000   1507.540     0.9200  30.283804     0.9189  30.282164     4.4906     4.5160    -0.0138    97.9098 1.0000e-12  -64.60641  -68.28645 330.851318      99.98 1.9575e+03   5267.917     126431  1034.9440  1034.9434    34.7135    34.7126    7.83753         19 0.0000e+00
   1527.000   1506.553     0.9216  30.284940     0.9211  30.283971     4.4922     4.5099    -0.0078    97.9098 1.0000e-12  -64.60640  -68.28646 330.851327      99.98 1.9497e+03   5268.617     126448  1034.9393  1034.9389    34.7137    34.7130    7.83719         15 0.0000e+00
   1526.000   1505.576     0.9241  30.286684     0.9235  30.285570     4.4912     4.5065    -0.0038    97.9098 1.0000e-12  -64.60640  -68.28646 330.851334      99.98 1.9464e+03   5269.251     126463  1034.9344  1034.9339    34.7137    34.7130    7.83669         15 0.0000e+00
   1525.000   1504.589     0.9255  30.287510     0.9256  30.286965     4.4909     4.5049    -0.0028    97.9098 1.0000e-12  -64.60640  -68.28646 330.851341      99.98 1.9452e+03   5269.871     126478  1034.9297  1034.9291    34.7138    34.7130    7.83641         15 0.0000e+00
   1524.000   1503.604     0.9276  30.288911     0.9270  30.287732     4.4909     4.5057    -0.0052    97.9098 1.0000e-12  -64.60640  -68.28646 330.851348      99.98 1.9485e+03   5270.485     126493  1034.9249  1034.9243    34.7138    34.7130    7.83599         15 0.0000e+00
   1523.000   1502.624     0.9287  30.289500     0.9275  30.287785     4.4934     4.5042    -0.0211    97.9276 1.0000e-12  -64.60640  -68.28646 330.851356      99.97 1.9527e+03   5271.151     126509  1034.9202  1034.9197    34.7138    34.7130    7.83576         17 0.0000e+00
   1522.000   1501.640     0.9298  30.290077     0.9273  30.287009     4.4898     4.5055    -0.0166    97.9161 1.0000e-12  -64.60641  -68.28645 330.851365      99.98 1.9576e+03   5271.953     126528  1034.9155  1034.9150    34.7139    34.7128    7.83553         23 0.0000e+00
   1521.000   1500.656     0.9277  30.287571     0.9268  30.286417     4.4936     4.5039    -0.0111    97.9100 1.0000e-12  -64.60642  -68.28643 330.851388      99.97 1.9642e+03   5273.935     126575  1034.9110  1034.9107    34.7136    34.7131    7.83599         32 0.0000e+00
   1520.000   1499.674     0.9250  30.284944     0.9256  30.285030     4.4949     4.5053    -0.0103    97.9098 1.0000e-12  -64.60642  -68.28641 330.851418      99.98 1.9807e+03   5276.510     126637  1034.9070  1034.9063    34.7138    34.7131    7.83652         37 0.0000e+00
   1519.000   1498.691     0.9265  30.285867     0.9269  30.285738     4.4944     4.5093    -0.0099    97.9098 1.0000e-12  -64.60642  -68.28643 330.851438      99.98 1.9954e+03   5278.244     126679  1034.9022  1034.9017    34.7137    34.7132    7.83621         36 0.0000e+00
   1518.000   1497.711     0.9288  30.287490     0.9290  30.287132     4.4858     4.5054    -0.0129    97.9011 1.0000e-12  -64.60640  -68.28644 330.851460      99.97 1.9953e+03   5280.183     126725  1034.8974  1034.8968    34.7138    34.7132    7.83574         27 0.0000e+00
   1517.000   1496.724     0.9334  30.291209     0.9325  30.289998     4.4906     4.5022    -0.0135    97.8905 1.0000e-12  -64.60640  -68.28646 330.851472      99.98 1.9814e+03   5281.161     126749  1034.8924  1034.8920    34.7141    34.7135    7.83482         19 0.0000e+00
   1516.000   1495.740     0.9372  30.294155     0.9368  30.293274     4.4905     4.5041    -0.0171    97.9033 1.0000e-12  -64.60640  -68.28646 330.851480      99.97 1.9706e+03   5281.854     126766  1034.8875  1034.8869    34.7142    34.7134    7.83405         15 0.0000e+00
   1515.000   1494.762     0.9374  30.293835     0.9371  30.293074     4.4844     4.5041    -0.0215    97.9139 1.0000e-12  -64.60640  -68.28646 330.851487      99.98 1.9610e+03   5282.459     126780  1034.8827  1034.8822    34.7141    34.7134    7.83401         14 0.0000e+00
   1514.000   1493.773     0.9384  30.294365     0.9381  30.293465     4.4843     4.5043    -0.0213    97.9262 1.0000e-12  -64.60640  -68.28648 330.851493      99.98 1.9531e+03   5283.014     126793  1034.8781  1034.8775    34.7142    34.7133    7.83380         14 0.0000e+00
   1513.000   1492.793     0.9394  30.294735     0.9390  30.293889     4.4918     4.5026    -0.0196    97.9218 1.0000e-12  -64.60640  -68.28648 330.851500      99.98 1.9461e+03   5283.573     126807  1034.8734  1034.8729    34.7141    34.7135    7.83361         13 0.0000e+00
   1512.000   1491.810     0.9397  30.294824     0.9394  30.293903     4.4936     4.5023    -0.0141    97.9269 1.0000e-12  -64.60640  -68.28646 330.851507      99.98 1.9406e+03   5284.160     126821  1034.8689  1034.8683    34.7144    34.7135    7.83352         15 0.0000e+00
   1511.000   1490.824     0.9401  30.294668     0.9400  30.294048     4.4880     4.5001    -0.0138    97.9103 1.0000e-12  -64.60640  -68.28646 330.851514      99.98 1.9366e+03   5284.834     126837  1034.8642  1034.8637    34.7143    34.7136    7.83344         18 0.0000e+00
   1510.000   1489.843     0.9390  30.293219     0.9393  30.292999     4.4848     4.5006    -0.0199    97.9117 1.0000e-12  -64.60640  -68.28645 330.851525      99.97 1.9341e+03   5285.744     126859  1034.8597  1034.8592    34.7142    34.7135    7.83367         26 0.0000e+00
   1509.000   1488.859     0.9395  30.293187     0.9402  30.293274     4.4860     4.5009    -0.0116    97.9098 1.0000e-12  -64.60640  -68.28641 330.851568      99.97 1.9640e+03   5289.482     126949  1034.8552  1034.8545    34.7142    34.7135    7.83358         34 0.0000e+00
   1508.000   1487.877     0.9386  30.292029     0.9394  30.292049     4.4861     4.4992    -0.0071    97.9098 1.0000e-12  -64.60640  -68.28640 330.851591      99.97 1.9881e+03   5291.468     126996  1034.8507  1034.8500    34.7142    34.7134    7.83376         26 0.0000e+00
   1507.000   1486.896     0.9388  30.291708     0.9389  30.291347     4.4856     4.5054    -0.0120    97.9098 1.0000e-12  -64.60640  -68.28642 330.851602      99.98 1.9989e+03   5292.434     127019  1034.8460  1034.8456    34.7141    34.7135    7.83372         22 0.0000e+00
   1506.000   1485.910     0.9405  30.292872     0.9404  30.292280     4.4908     4.4957    -0.0129    97.9098 1.0000e-12  -64.60640  -68.28644 330.851613      99.98 2.0033e+03   5293.329     127041  1034.8414  1034.8409    34.7143    34.7136    7.83338         21 0.0000e+00
   1505.000   1484.927     0.9442  30.295740     0.9433  30.294405     4.4806     4.4970    -0.0114    97.9098 1.0000e-12  -64.60640  -68.28646 330.851622      99.97 2.0022e+03   5294.177     127061  1034.8364  1034.8360    34.7143    34.7136    7.83262         20 0.0000e+00
   1504.000   1483.944     0.9454  30.296438     0.9446  30.295108     4.4833     4.5067    -0.0129    97.9098 1.0000e-12  -64.60640  -68.28648 330.851632      99.98 1.9938e+03   5295.034     127082  1034.8318  1034.8313    34.7144    34.7137    7.83237         21 0.0000e+00
   1503.000   1482.962     0.9461  30.296548     0.9456  30.295550     4.4889     4.5045    -0.0129    97.9008 1.0000e-12  -64.60640  -68.28648 330.851643      99.98 1.9794e+03   5295.974     127104  1034.8271  1034.8266    34.7144    34.7137    7.83225         24 0.0000e+00
   1502.000   1481.978     0.9464  30.296415     0.9442  30.293966     4.4857     4.5016    -0.0082    97.9298 1.0000e-12  -64.60640  -68.28648 330.851655      99.97 1.9545e+03   5297.027     127130  1034.8225  1034.8222    34.7144    34.7137    7.83219         26 0.0000e+00
   1501.000   1480.995     0.9465  30.296057     0.9459  30.295080     4.4837     4.4994    -0.0067    97.9153 1.0000e-12  -64.60640  -68.28646 330.851667      99.98 1.9311e+03   5298.047     127154  1034.8179  1034.8175    34.7144    34.7138    7.83217         22 0.0000e+00
   1500.000   1480.012     0.9468  30.295959     0.9467  30.295248     4.4737     4.4992    -0.0133    97.9097 1.0000e-12  -64.60640  -68.28646 330.851677      99.98 1.9187e+03   5298.909     127175  1034.8133  1034.8127    34.7144    34.7136    7.83209         20 0.0000e+00
   1499.000   1479.028     0.9476  30.296134     0.9464  30.294639     4.4800     4.4990    -0.0126    97.9155 1.0000e-12  -64.60640  -68.28645 330.851686      99.97 1.9159e+03   5299.678     127193  1034.8086  1034.8082    34.7143    34.7137    7.83195         18 0.0000e+00
   1498.000   1478.044     0.9478  30.296020     0.9476  30.295249     4.4819     4.4984    -0.0119    97.9099 1.0000e-12  -64.60640  -68.28644 330.851695      99.98 1.9204e+03   5300.451     127212  1034.8041  1034.8035    34.7145    34.7138    7.83190         19 0.0000e+00
   1497.000   1477.061     0.9477  30.295494     0.9476  30.294900     4.4823     4.4993    -0.0129    97.9098 1.0000e-12  -64.60640  -68.28644 330.851706      99.98 1.9322e+03   5301.415     127235  1034.7995  1034.7989    34.7144    34.7138    7.83191         29 0.0000e+00
   1496.000   1476.079     0.9464  30.293836     0.9465  30.293426     4.4852     4.5072    -0.0116    97.9098 1.0000e-12  -64.60640  -68.28642 330.851761      99.97 1.9891e+03   5306.187     127349  1034.7950  1034.7944    34.7143    34.7137    7.83218         22 0.0000e+00
