NBP2113_155081_ctd/data/nbp2113_052.ros
* Sea-Bird SBE 9 Data File:
* FileName = D:\Data\raw\NBP2113_052.hex
* Software Version Seasave V 7.26.7.121
* Temperature SN = 2438
* Conductivity SN = 2067
* Number of Bytes Per Scan = 40
* Number of Voltage Words = 5
* Number of Scans Averaged by the Deck Unit = 1
* NMEA Latitude = 64 54.69 S
* NMEA Longitude = 064 40.23 W
* NMEA UTC (Time) = Dec 11 2021  16:24:27
* NMEA baud rate = 9600
** Ship: RVIB N.B. Palmer
** Cruise: NBP2113 LTER
** Station: 593.051
** Operator: S. Blackman
# nquan = 20
# nvalues = 1155                                  
# units = specified
# name 0 = prDM: Pressure, Digiquartz [db]
# name 1 = depSM: Depth [salt water, m]
# name 2 = t090C: Temperature [ITS-90, deg C]
# name 3 = c0mS/cm: Conductivity [mS/cm]
# name 4 = t190C: Temperature, 2 [ITS-90, deg C]
# name 5 = c1mS/cm: Conductivity, 2 [mS/cm]
# name 6 = sbeox0ML/L: Oxygen, SBE 43 [ml/l]
# name 7 = sbeox1ML/L: Oxygen, SBE 43, 2 [ml/l]
# name 8 = flECO-AFL: Fluorescence, WET Labs ECO-AFL/FL [mg/m^3]
# name 9 = CStarTr0: Beam Transmission, WET Labs C-Star [%]
# name 10 = par: PAR/Irradiance, Biospherical/Licor
# name 11 = latitude: Latitude [deg]
# name 12 = longitude: Longitude [deg]
# name 13 = timeJ: Julian Days
# name 14 = altM: Altimeter [m]
# name 15 = spar: SPAR, Biospherical/Licor
# name 16 = timeS: Time, Elapsed [seconds]
# name 17 = scan: Scan Count
# name 18 = nbf: Bottles Fired
# name 19 = flag:  0.000e+00
# interval = seconds: 0.0416667
# start_time = Dec 11 2021 16:24:27 [NMEA time, header]
# bad_flag = -9.990e-29
*END*
[from data line 218]
    152.222    150.676     0.6427  29.266617     0.6438  29.265917     5.0708     5.1264     0.0069    91.5754 1.0000e-12  -64.91184  -64.67124 345.716188      99.98 8.6205e+02   2811.625      67480          5  0.000e+00
    152.209    150.662     0.6425  29.266617     0.6444  29.266432     5.0725     5.1258     0.0069    91.5754 1.0000e-12  -64.91184  -64.67124 345.716188      99.95 8.6205e+02   2811.667      67481          5  0.000e+00
    152.209    150.662     0.6417  29.265738     0.6444  29.267005     5.0673     5.1251     0.0069    91.6012 1.0000e-12  -64.91184  -64.67124 345.716189      99.98 8.6205e+02   2811.708      67482          5  0.000e+00
    152.209    150.662     0.6405  29.265270     0.6443  29.267291     5.0721     5.1245     0.0069    91.6012 1.0000e-12  -64.91184  -64.67124 345.716189      99.98 8.6205e+02   2811.750      67483          5  0.000e+00
    152.168    150.621     0.6390  29.263629     0.6444  29.267291     5.0669     5.1290     0.0069    91.5754 1.0000e-12  -64.91184  -64.67124 345.716190      99.98 8.6205e+02   2811.792      67484          5  0.000e+00
    152.209    150.662     0.6388  29.262516     0.6441  29.266661     5.0658     5.1291     0.0069    91.5754 1.0000e-12  -64.91184  -64.67124 345.716190      99.95 8.6205e+02   2811.833      67485          5  0.000e+00
    152.161    150.615     0.6380  29.262223     0.6416  29.266718     5.0703     5.1292     0.0069    91.5754 1.0000e-12  -64.91184  -64.67124 345.716191      99.95 8.6205e+02   2811.875      67486          5  0.000e+00
    152.161    150.615     0.6373  29.261403     0.6390  29.265631     5.0703     5.1293     0.0069    91.5754 1.0000e-12  -64.91184  -64.67124 345.716191      99.98 8.6205e+02   2811.917      67487          5  0.000e+00
    152.168    150.621     0.6369  29.261110     0.6375  29.262026     5.0702     5.1301     0.0069    91.5754 1.0000e-12  -64.91184  -64.67124 345.716192      99.98 8.6205e+02   2811.958      67488          5  0.000e+00
    152.161    150.615     0.6362  29.260056     0.6369  29.260481     5.0714     5.1299     0.0069    91.5754 1.0000e-12  -64.91184  -64.67124 345.716192      99.98 8.6205e+02   2812.000      67489          5  0.000e+00
    152.161    150.615     0.6358  29.259763     0.6361  29.259394     5.0782     5.1295     0.0069    91.5754 1.0000e-12  -64.91184  -64.67124 345.716193      99.98 8.6205e+02   2812.042      67490          5  0.000e+00
    152.106    150.560     0.6359  29.258650     0.6355  29.257963     5.0734     5.1298     0.0069    91.5754 1.0000e-12  -64.91184  -64.67124 345.716193      99.98 8.6205e+02   2812.083      67491          5  0.000e+00
    152.168    150.621     0.6350  29.258943     0.6349  29.257219     5.0730     5.1302     0.0069    91.5754 1.0000e-12  -64.91184  -64.67124 345.716194      99.98 8.6205e+02   2812.125      67492          5  0.000e+00
    152.106    150.560     0.6356  29.258943     0.6344  29.256418     5.0735     5.1303     0.0069    91.5754 1.0000e-12  -64.91184  -64.67124 345.716194      99.98 8.6205e+02   2812.167      67493          5  0.000e+00
    152.161    150.615     0.6355  29.259236     0.6340  29.256590     5.0742     5.1304     0.0069    91.5754 1.0000e-12  -64.91184  -64.67124 345.716195      99.98 8.6029e+02   2812.208      67494          5  0.000e+00
    152.106    150.560     0.6342  29.259529     0.6338  29.255903     5.0749     5.1304     0.0069    91.5754 1.0000e-12  -64.91184  -64.67124 345.716195      99.98 8.6029e+02   2812.250      67495          5  0.000e+00
    152.072    150.526     0.6328  29.258943     0.6341  29.256132     5.0756     5.1302     0.0069    91.5754 1.0000e-12  -64.91184  -64.67124 345.716196      99.98 8.6205e+02   2812.292      67496          5  0.000e+00
    152.161    150.615     0.6328  29.257010     0.6340  29.256304     5.0706     5.1301     0.0069    91.5754 1.0000e-12  -64.91184  -64.67124 345.716196      99.93 8.6029e+02   2812.333      67497          5  0.000e+00
    152.106    150.560     0.6331  29.255955     0.6339  29.256132     5.0754     5.1299     0.0069    91.5754 1.0000e-12  -64.91184  -64.67124 345.716196      99.95 8.6029e+02   2812.375      67498          5  0.000e+00
    152.106    150.560     0.6330  29.256776     0.6338  29.256418     5.0758     5.1304     0.0069    91.5754 1.0000e-12  -64.91184  -64.67124 345.716197      99.98 8.6029e+02   2812.417      67499          5  0.000e+00
    152.072    150.526     0.6325  29.256190     0.6338  29.256590     5.0763     5.1300     0.0069    91.5754 1.0000e-12  -64.91184  -64.67124 345.716197      99.98 8.6029e+02   2812.458      67500          5  0.000e+00
    152.106    150.560     0.6328  29.255955     0.6339  29.256704     5.0766     5.1296     0.0069    91.5754 1.0000e-12  -64.91184  -64.67124 345.716198      99.98 8.6029e+02   2812.500      67501          5  0.000e+00
    152.106    150.560     0.6347  29.255662     0.6342  29.256418     5.0823     5.1300     0.0069    91.5754 1.0000e-12  -64.91184  -64.67124 345.716198      99.98 8.6029e+02   2812.542      67502          5  0.000e+00
    152.072    150.526     0.6389  29.256482     0.6348  29.257162     5.0819     5.1293     0.0069    91.5497 1.0000e-12  -64.91184  -64.67124 345.716199      99.98 8.6029e+02   2812.583      67503          5  0.000e+00
    152.058    150.513     0.6397  29.259235     0.6347  29.257219     5.0773     5.1288     0.0069    91.5497 1.0000e-12  -64.91184  -64.67124 345.716199      99.98 8.6029e+02   2812.625      67504          5  0.000e+00
    152.106    150.560     0.6396  29.262809     0.6350  29.257791     5.0771     5.1281     0.0069    91.5497 1.0000e-12  -64.91184  -64.67124 345.716200      99.95 8.6029e+02   2812.667      67505          5  0.000e+00
    152.058    150.513     0.6408  29.263629     0.6351  29.257505     5.0811     5.1282     0.0069    91.5754 1.0000e-12  -64.91184  -64.67124 345.716200      99.98 8.6029e+02   2812.708      67506          5  0.000e+00
    150.327    148.800     0.6227  29.244705     0.6213  29.242968     5.0887     5.1492     0.0216    91.5497 1.0000e-12  -64.91184  -64.67124 345.716379      99.95 8.4795e+02   2828.167      67877          6  0.000e+00
    150.231    148.705     0.6224  29.244704     0.6208  29.242338     5.0888     5.1495     0.0216    91.5754 1.0000e-12  -64.91184  -64.67124 345.716380      99.98 8.4971e+02   2828.208      67878          6  0.000e+00
    150.293    148.766     0.6221  29.244177     0.6211  29.241766     5.0947     5.1497     0.0216    91.5497 1.0000e-12  -64.91184  -64.67124 345.716380      99.98 8.4795e+02   2828.250      67879          6  0.000e+00
    150.279    148.753     0.6218  29.243885     0.6215  29.241594     5.0961     5.1499     0.0216    91.5497 1.0000e-12  -64.91184  -64.67124 345.716381      99.98 8.4795e+02   2828.292      67880          6  0.000e+00
    150.279    148.753     0.6217  29.243357     0.6216  29.242338     5.0905     5.1500     0.0216    91.5497 1.0000e-12  -64.91184  -64.67124 345.716381      99.95 8.4795e+02   2828.333      67881          6  0.000e+00
    150.293    148.766     0.6216  29.243299     0.6215  29.242567     5.0932     5.1502     0.0216    91.5497 1.0000e-12  -64.91184  -64.67124 345.716382      99.95 8.4795e+02   2828.375      67882          6  0.000e+00
    150.279    148.753     0.6213  29.243299     0.6215  29.242681     5.0877     5.1503     0.0216    91.5497 1.0000e-12  -64.91184  -64.67124 345.716382      99.98 8.4795e+02   2828.417      67883          6  0.000e+00
    150.327    148.800     0.6207  29.242772     0.6211  29.242052     5.0980     5.1504     0.0216    91.5497 1.0000e-12  -64.91184  -64.67124 345.716383      99.98 8.4795e+02   2828.458      67884          6  0.000e+00
    150.238    148.712     0.6201  29.242245     0.6204  29.242395     5.0981     5.1505     0.0216    91.5497 1.0000e-12  -64.91184  -64.67124 345.716383      99.98 8.4795e+02   2828.500      67885          6  0.000e+00
    150.279    148.753     0.6199  29.241952     0.6204  29.241766     5.0938     5.1505     0.0216    91.5497 1.0000e-12  -64.91184  -64.67124 345.716384      99.98 8.4795e+02   2828.542      67886          6  0.000e+00
    150.327    148.800     0.6196  29.241952     0.6205  29.240965     5.0882     5.1506     0.0216    91.5497 1.0000e-12  -64.91184  -64.67124 345.716384      99.98 8.4795e+02   2828.583      67887          6  0.000e+00
    150.279    148.753     0.6193  29.241191     0.6210  29.241308     5.0940     5.1504     0.0216    91.5754 1.0000e-12  -64.91184  -64.67124 345.716385      99.98 8.4795e+02   2828.625      67888          6  0.000e+00
    150.293    148.766     0.6196  29.241659     0.6207  29.241766     5.0997     5.1503     0.0216    91.5754 1.0000e-12  -64.91184  -64.67124 345.716385      99.95 8.4795e+02   2828.667      67889          6  0.000e+00
    150.382    148.855     0.6195  29.241132     0.6207  29.241766     5.0955     5.1502     0.0216    91.6012 1.0000e-12  -64.91184  -64.67124 345.716386      99.95 8.4795e+02   2828.708      67890          6  0.000e+00
    150.279    148.753     0.6198  29.241132     0.6210  29.241308     5.0898     5.1500     0.0216    91.6012 1.0000e-12  -64.91184  -64.67124 345.716386      99.98 8.4795e+02   2828.750      67891          6  0.000e+00
    150.341    148.814     0.6193  29.241425     0.6206  29.241766     5.1043     5.1498     0.0216    91.5754 1.0000e-12  -64.91186  -64.67122 345.716386      99.98 8.4795e+02   2828.792      67892          6  0.000e+00
    150.382    148.855     0.6192  29.241659     0.6207  29.241881     5.0999     5.1496     0.0143    91.5754 1.0000e-12  -64.91186  -64.67122 345.716387      99.95 8.4618e+02   2828.833      67893          6  0.000e+00
    150.327    148.800     0.6196  29.241132     0.6204  29.241766     5.1009     5.1493     0.0069    91.5754 1.0000e-12  -64.91186  -64.67122 345.716387      99.93 8.4618e+02   2828.875      67894          6  0.000e+00
    150.396    148.868     0.6203  29.241484     0.6201  29.240965     5.1046     5.1500     0.0069    91.5754 1.0000e-12  -64.91186  -64.67122 345.716388      99.98 8.4618e+02   2828.917      67895          6  0.000e+00
    150.327    148.800     0.6204  29.241425     0.6210  29.241308     5.1000     5.1495    -0.0004    91.5754 1.0000e-12  -64.91186  -64.67122 345.716388      99.98 8.4618e+02   2828.958      67896          6  0.000e+00
    150.430    148.902     0.6203  29.242245     0.6213  29.240965     5.1042     5.1492     0.0069    91.5754 1.0000e-12  -64.91186  -64.67122 345.716389      99.98 8.4618e+02   2829.000      67897          6  0.000e+00
    150.382    148.855     0.6207  29.242245     0.6215  29.241766     5.0995     5.1496     0.0069    91.5754 1.0000e-12  -64.91186  -64.67122 345.716389      99.98 8.4618e+02   2829.042      67898          6  0.000e+00
    150.444    148.916     0.6212  29.241659     0.6211  29.242396     5.0993     5.1502     0.0069    91.5754 1.0000e-12  -64.91186  -64.67122 345.716390      99.98 8.4618e+02   2829.083      67899          6  0.000e+00
    150.430    148.902     0.6213  29.242772     0.6204  29.242339     5.0976     5.1499     0.0069    91.5754 1.0000e-12  -64.91186  -64.67122 345.716390      99.98 8.4618e+02   2829.125      67900          6  0.000e+00
    150.485    148.957     0.6223  29.243065     0.6199  29.241481     5.1015     5.1496     0.0069    91.5754 1.0000e-12  -64.91186  -64.67122 345.716391      99.95 8.4618e+02   2829.167      67901          6  0.000e+00
    150.444    148.916     0.6235  29.243651     0.6201  29.241309     5.0965     5.1544     0.0069    91.6012 1.0000e-12  -64.91186  -64.67122 345.716391      99.95 8.4618e+02   2829.208      67902          6  0.000e+00
    150.485    148.957     0.6244  29.244705     0.6199  29.240680     5.1016     5.1548    -0.0004    91.6012 1.0000e-12  -64.91186  -64.67122 345.716392      99.98 8.4618e+02   2829.250      67903          6  0.000e+00
    150.533    149.004     0.6254  29.246345     0.6201  29.241080     5.0953     5.1506     0.0069    91.6012 1.0000e-12  -64.91186  -64.67122 345.716392      99.98 8.4618e+02   2829.292      67904          6  0.000e+00
    150.547    149.018     0.6257  29.246872     0.6197  29.240966     5.1003     5.1509     0.0069    91.6012 1.0000e-12  -64.91186  -64.67122 345.716393      99.95 8.4618e+02   2829.333      67905          6  0.000e+00
    150.533    149.004     0.6263  29.247458     0.6198  29.240680     5.0966     5.1512     0.0069    91.5754 1.0000e-12  -64.91186  -64.67122 345.716393      99.95 8.4618e+02   2829.375      67906          6  0.000e+00
    150.588    149.059     0.6272  29.247692     0.6213  29.240222     5.1017     5.1567     0.0069    91.5754 1.0000e-12  -64.91186  -64.67122 345.716394      99.98 8.4618e+02   2829.417      67907          6  0.000e+00
    150.636    149.106     0.6282  29.248278     0.6227  29.241481     5.1009     5.1567     0.0069    91.5754 1.0000e-12  -64.91186  -64.67122 345.716394      99.98 8.4442e+02   2829.458      67908          6  0.000e+00
    150.595    149.065     0.6282  29.249918     0.6239  29.243655     5.1014     5.1574     0.0069    91.5754 1.0000e-12  -64.91186  -64.67122 345.716395      99.98 8.4442e+02   2829.500      67909          6  0.000e+00
    150.684    149.154     0.6280  29.250445     0.6244  29.244856     5.0963     5.1521     0.0069    91.5754 1.0000e-12  -64.91186  -64.67122 345.716395      99.98 8.4442e+02   2829.542      67910          6  0.000e+00
    150.636    149.106     0.6265  29.250153     0.6244  29.245314     5.0957     5.1513     0.0069    91.6012 1.0000e-12  -64.91186  -64.67122 345.716396      99.98 8.4442e+02   2829.583      67911          6  0.000e+00
    150.698    149.167     0.6241  29.249626     0.6234  29.245715     5.1010     5.1569    -0.0004    91.6012 1.0000e-12  -64.91186  -64.67122 345.716396      99.98 8.4442e+02   2829.625      67912          6  0.000e+00
    150.787    149.256     0.6223  29.247693     0.6216  29.245029     5.1018     5.1527     0.0069    91.5754 1.0000e-12  -64.91186  -64.67122 345.716397      99.95 8.4442e+02   2829.667      67913          6  0.000e+00
    150.739    149.208     0.6205  29.245233     0.6206  29.243140     5.1025     5.1529     0.0069    91.6012 1.0000e-12  -64.91186  -64.67122 345.716397      99.98 8.4442e+02   2829.708      67914          6  0.000e+00
    150.787    149.256     0.6198  29.243125     0.6196  29.242168     5.1045     5.1531     0.0069    91.5754 1.0000e-12  -64.91186  -64.67122 345.716398      99.98 8.4442e+02   2829.750      67915          6  0.000e+00
    150.849    149.317     0.6198  29.241953     0.6191  29.241253     5.1049     5.1533     0.0069    91.6012 1.0000e-12  -64.91186  -64.67122 345.716398      99.98 8.4442e+02   2829.792      67916          6  0.000e+00
    150.842    149.310     0.6193  29.241661     0.6179  29.240395     5.1053     5.1580     0.0069    91.5754 1.0000e-12  -64.91186  -64.67122 345.716399      99.95 8.4442e+02   2829.833      67917          6  0.000e+00
    150.938    149.405     0.6190  29.241427     0.6171  29.239708     5.1057     5.1528     0.0069    91.5754 1.0000e-12  -64.91186  -64.67122 345.716399      99.95 8.4442e+02   2829.875      67918          6  0.000e+00
    150.904    149.371     0.6199  29.241134     0.6178  29.238221     5.1101     5.1518     0.0069    91.6012 1.0000e-12  -64.91186  -64.67122 345.716399      99.98 8.4266e+02   2829.917      67919          6  0.000e+00
    150.938    149.405     0.6210  29.241426     0.6184  29.238507     5.0987     5.1508     0.0069    91.6012 1.0000e-12  -64.91186  -64.67122 345.716400      99.98 8.4266e+02   2829.958      67920          6  0.000e+00
