NBP2113_155081_ctd/data/nbp2113_062.cnv
* Sea-Bird SBE 9 Data File:
* FileName = D:\Data\raw\NBP2113_062.hex
* Software Version Seasave V 7.26.7.121
* Temperature SN = 2438
* Conductivity SN = 2067
* Number of Bytes Per Scan = 40
* Number of Voltage Words = 5
* Number of Scans Averaged by the Deck Unit = 1
* NMEA Latitude = 64 46.58 S
* NMEA Longitude = 063 03.86 W
* NMEA UTC (Time) = Dec 14 2021  03:19:35
* NMEA baud rate = 9600
** Ship: RVIB N.B. Palmer
** Cruise: NBP2113 LTER
** Station: 654.003
** Operator: B. Urmston
# nquan = 25
# nvalues = 566                         
# units = specified
# name 0 = prDM: Pressure, Digiquartz [db]
# name 1 = depSM: Depth [salt water, m]
# name 2 = t090C: Temperature [ITS-90, deg C]
# name 3 = c0mS/cm: Conductivity [mS/cm]
# name 4 = t190C: Temperature, 2 [ITS-90, deg C]
# name 5 = c1mS/cm: Conductivity, 2 [mS/cm]
# name 6 = sbeox0ML/L: Oxygen, SBE 43 [ml/l]
# name 7 = sbeox1ML/L: Oxygen, SBE 43, 2 [ml/l]
# name 8 = flECO-AFL: Fluorescence, WET Labs ECO-AFL/FL [mg/m^3]
# name 9 = CStarTr0: Beam Transmission, WET Labs C-Star [%]
# name 10 = par: PAR/Irradiance, Biospherical/Licor
# name 11 = latitude: Latitude [deg]
# name 12 = longitude: Longitude [deg]
# name 13 = timeJ: Julian Days
# name 14 = altM: Altimeter [m]
# name 15 = spar: SPAR, Biospherical/Licor
# name 16 = timeS: Time, Elapsed [seconds]
# name 17 = scan: Scan Count
# name 18 = density00: Density [density, kg/m^3]
# name 19 = density11: Density, 2 [density, kg/m^3]
# name 20 = sal00: Salinity, Practical [PSU]
# name 21 = sal11: Salinity, Practical, 2 [PSU]
# name 22 = oxsolML/L: Oxygen Saturation, Garcia & Gordon [ml/l]
# name 23 = nbin: number of scans per bin
# name 24 = flag: flag
# span 0 =      1.000,    284.000       
# span 1 =      0.991,    281.028       
# span 2 =    -0.3813,     0.8025       
# span 3 =  28.218995,  29.410837       
# span 4 =    -0.3817,     0.8014       
# span 5 =  28.223015,  29.405325       
# span 6 =     4.9871,     7.6919       
# span 7 =     5.0622,     8.2207       
# span 8 =    -0.0191,     1.6154       
# span 9 =    83.9595,    90.8381       
# span 10 = 1.0000e-12, 8.0165e+00      
# span 11 =  -64.77637,  -64.77622      
# span 12 =  -63.06549,  -63.06461      
# span 13 = 348.142004, 348.157377      
# span 14 =      10.04,     100.04      
# span 15 = 0.0000e+00, 0.0000e+00      
# span 16 =    294.171,   1622.401      
# span 17 =       7061,      38939      
# span 18 =  1027.2915,  1029.0691      
# span 19 =  1027.2934,  1029.0676      
# span 20 =    33.9749,    34.5101      
# span 21 =    33.9720,    34.5097      
# span 22 =    7.87269,    8.11932      
# span 23 =          8,         75      
# span 24 = 0.0000e+00, 0.0000e+00      
# interval = decibars: 1                
# start_time = Dec 14 2021 03:19:35 [NMEA time, header]
# bad_flag = -9.990e-29
*END*
[from data line 174]
    176.000    174.204     0.3942  29.075958     0.3909  29.072233     5.3134     5.3623     0.0269    90.4842 1.0000e-12  -64.77626  -63.06536 348.146586      99.97 0.0000e+00    690.037      16562  1028.5173  1028.5166    34.4988    34.4977    7.95634         28 0.0000e+00
    177.000    175.193     0.3873  29.068398     0.3807  29.061751     5.3143     5.3636     0.0289    90.4699 1.0000e-12  -64.77626  -63.06536 348.146600      99.97 0.0000e+00    691.214      16590  1028.5201  1028.5195    34.4961    34.4947    7.95792         29 0.0000e+00
    178.000    176.182     0.3911  29.072552     0.3714  29.058726     5.3788     5.4139     0.0354    90.4544 1.0000e-12  -64.77626  -63.06536 348.146613      99.97 0.0000e+00    692.391      16618  1028.5249  1028.5292    34.4966    34.5005    7.95710         28 0.0000e+00
    179.000    177.171     0.3658  29.053843     0.3534  29.039346     5.3565     5.3982     0.0218    90.4777 1.0000e-12  -64.77626  -63.06537 348.146627      99.97 0.0000e+00    693.570      16647  1028.5341  1028.5312    34.4999    34.4946    7.96215         29 0.0000e+00
    180.000    178.160     0.2997  28.990636     0.2967  28.986618     5.3475     5.3995     0.0221    90.4426 1.0000e-12  -64.77626  -63.06538 348.146641      99.97 0.0000e+00    694.744      16675  1028.5364  1028.5351    34.4902    34.4883    7.97634         27 0.0000e+00
    181.000    179.151     0.3703  29.055170     0.3690  29.052421     5.3791     5.4255     0.0277    90.4344 1.0000e-12  -64.77626  -63.06538 348.146654      99.97 0.0000e+00    695.920      16703  1028.5387  1028.5369    34.4953    34.4931    7.96146         29 0.0000e+00
    182.000    180.139     0.3153  29.011789     0.3099  29.006599     5.4212     5.4395     0.0227    90.4021 1.0000e-12  -64.77626  -63.06538 348.146668      99.97 0.0000e+00    697.101      16731  1028.5513  1028.5511    34.4994    34.4986    7.97260         28 0.0000e+00
    183.000    181.129     0.2822  28.979386     0.2756  28.973228     5.4492     5.4574     0.0213    90.4229 1.0000e-12  -64.77626  -63.06538 348.146682      99.97 0.0000e+00    698.290      16760  1028.5539  1028.5538    34.4933    34.4926    7.97979         29 0.0000e+00
    184.000    182.119     0.2498  28.953382     0.2615  28.960516     5.4575     5.4713     0.0089    90.3686 1.0000e-12  -64.77626  -63.06538 348.146695      99.97 0.0000e+00    699.465      16788  1028.5621  1028.5580    34.4947    34.4911    7.98642         28 0.0000e+00
    185.000    183.107     0.2346  28.937580     0.2403  28.942496     5.4571     5.4787     0.0174    90.3771 1.0000e-12  -64.77626  -63.06538 348.146709      99.97 0.0000e+00    700.642      16816  1028.5644  1028.5639    34.4905    34.4905    7.98983         28 0.0000e+00
    186.000    184.097     0.2325  28.936962     0.2349  28.938294     5.4263     5.4846     0.0250    90.3273 1.0000e-12  -64.77626  -63.06538 348.146722      99.97 0.0000e+00    701.816      16845  1028.5696  1028.5684    34.4914    34.4905    7.99020         28 0.0000e+00
    187.000    185.086     0.2343  28.937726     0.2362  28.938954     5.4021     5.4757     0.0203    90.3561 1.0000e-12  -64.77626  -63.06538 348.146736      99.97 0.0000e+00    702.985      16873  1028.5723  1028.5717    34.4897    34.4893    7.98992         28 0.0000e+00
    188.000    186.074     0.2488  28.951887     0.2484  28.950229     5.4150     5.4663     0.0234    90.3634 1.0000e-12  -64.77626  -63.06538 348.146749      99.97 0.0000e+00    704.150      16901  1028.5770  1028.5756    34.4915    34.4898    7.98681         28 0.0000e+00
    189.000    187.066     0.2511  28.954920     0.2545  28.956398     5.4488     5.4787     0.0289    90.3096 1.0000e-12  -64.77626  -63.06538 348.146763      99.97 0.0000e+00    705.322      16929  1028.5820  1028.5801    34.4924    34.4904    7.98629         28 0.0000e+00
    190.000    188.054     0.2270  28.935040     0.2397  28.946012     5.4204     5.4685     0.0289    90.3012 1.0000e-12  -64.77626  -63.06538 348.146777      80.35 0.0000e+00    706.504      16957  1028.5887  1028.5879    34.4926    34.4928    7.99127         29 0.0000e+00
    191.000    189.044     0.2247  28.931609     0.2269  28.931660     5.3929     5.4605     0.0289    90.2861 1.0000e-12  -64.77626  -63.06538 348.146790      75.40 0.0000e+00    707.688      16986  1028.5913  1028.5893    34.4900    34.4876    7.99189         28 0.0000e+00
    192.000    190.031     0.2659  28.967456     0.2650  28.966884     5.4052     5.4675     0.0292    90.3137 1.0000e-12  -64.77626  -63.06538 348.146804      99.87 0.0000e+00    708.874      17014  1028.5928  1028.5929    34.4905    34.4907    7.98333         29 0.0000e+00
    193.000    191.022     0.2518  28.957858     0.2489  28.954437     5.4111     5.4754     0.0341    90.3182 1.0000e-12  -64.77626  -63.06539 348.146818      99.52 0.0000e+00    710.050      17042  1028.6007  1028.6000    34.4930    34.4918    7.98611         28 0.0000e+00
    194.000    192.011     0.2412  28.948836     0.2399  28.946589     5.4199     5.4780     0.0164    90.2938 1.0000e-12  -64.77626  -63.06538 348.146831      98.60 0.0000e+00    711.213      17070  1028.6058  1028.6048    34.4924    34.4910    7.98834         28 0.0000e+00
    195.000    193.001     0.2405  28.948541     0.2390  28.945737     5.4426     5.4860     0.0303    90.2807 1.0000e-12  -64.77626  -63.06540 348.146845      98.32 0.0000e+00    712.383      17098  1028.6104  1028.6090    34.4923    34.4902    7.98850         28 0.0000e+00
    196.000    193.989     0.2236  28.934400     0.2270  28.937018     5.4371     5.4994     0.0339    90.3262 1.0000e-12  -64.77626  -63.06539 348.146858      96.72 0.0000e+00    713.563      17127  1028.6163  1028.6155    34.4920    34.4916    7.99202         29 0.0000e+00
    197.000    194.980     0.2248  28.935311     0.2244  28.933949     5.4123     5.4804     0.0290    90.2870 1.0000e-12  -64.77626  -63.06539 348.146872      96.91 0.0000e+00    714.744      17155  1028.6202  1028.6191    34.4912    34.4898    7.99181         28 0.0000e+00
    198.000    195.968     0.2381  28.946334     0.2418  28.948538     5.4826     5.5308     0.0284    90.2669 1.0000e-12  -64.77625  -63.06539 348.146886      95.13 0.0000e+00    715.931      17183  1028.6228  1028.6215    34.4902    34.4890    7.98910         28 0.0000e+00
    199.000    196.957     0.1999  28.919117     0.2235  28.937109     5.5817     5.5748     0.0286    90.2851 1.0000e-12  -64.77624  -63.06540 348.146899      94.57 0.0000e+00    717.116      17212  1028.6359  1028.6319    34.4966    34.4939    7.99668         29 0.0000e+00
    200.000    197.947     0.0921  28.825893     0.0822  28.820744     5.6520     5.6202     0.0202    90.2518 1.0000e-12  -64.77624  -63.06540 348.146913      93.34 0.0000e+00    718.288      17240  1028.6480  1028.6521    34.4941    34.4984    8.01930         28 0.0000e+00
    201.000    198.935     0.0327  28.775949     0.0488  28.785884     5.6858     5.6575     0.0180    90.2937 1.0000e-12  -64.77624  -63.06540 348.146927      92.61 0.0000e+00    719.460      17268  1028.6569  1028.6519    34.4943    34.4893    8.03172         28 0.0000e+00
    202.000    199.926    -0.0251  28.723419    -0.0192  28.728737     5.6807     5.6664     0.0162    90.2793 1.0000e-12  -64.77624  -63.06540 348.146940      91.01 0.0000e+00    720.627      17296  1028.6619  1028.6617    34.4891    34.4895    8.04412         27 0.0000e+00
    203.000    200.915    -0.0257  28.722283    -0.0256  28.721199     5.6626     5.6715     0.0143    90.2586 1.0000e-12  -64.77624  -63.06540 348.146954      89.91 0.0000e+00    721.795      17324  1028.6646  1028.6635    34.4877    34.4861    8.04433         29 0.0000e+00
    204.000    201.903    -0.0246  28.723551    -0.0245  28.722579     5.6482     5.6708     0.0135    90.2795 1.0000e-12  -64.77624  -63.06540 348.146967      89.09 0.0000e+00    722.971      17352  1028.6685  1028.6675    34.4876    34.4862    8.04411         28 0.0000e+00
    205.000    202.892    -0.0234  28.725281    -0.0238  28.723838     5.6339     5.6698     0.0185    90.2501 1.0000e-12  -64.77624  -63.06540 348.146981      87.76 0.0000e+00    724.149      17381  1028.6727  1028.6717    34.4878    34.4864    8.04383         28 0.0000e+00
    206.000    203.883    -0.0235  28.725835    -0.0241  28.724268     5.6268     5.6715     0.0136    90.2214 1.0000e-12  -64.77624  -63.06540 348.146995      87.51 0.0000e+00    725.329      17409  1028.6772  1028.6762    34.4881    34.4867    8.04384         29 0.0000e+00
    207.000    204.872    -0.0235  28.726575    -0.0236  28.725259     5.6170     5.6670     0.0190    90.0353 1.0000e-12  -64.77624  -63.06540 348.147008      85.81 0.0000e+00    726.513      17437  1028.6818  1028.6806    34.4885    34.4869    8.04382         28 0.0000e+00
    208.000    205.860    -0.0228  28.727585    -0.0231  28.726247     5.6174     5.6718     0.0116    90.2214 1.0000e-12  -64.77624  -63.06540 348.147022      84.82 0.0000e+00    727.692      17466  1028.6861  1028.6850    34.4885    34.4870    8.04369         28 0.0000e+00
    209.000    206.850    -0.0224  28.728646    -0.0226  28.727346     5.6206     5.6724     0.0067    90.2063 1.0000e-12  -64.77624  -63.06540 348.147036      83.30 0.0000e+00    728.872      17494  1028.6908  1028.6896    34.4888    34.4873    8.04358         29 0.0000e+00
    210.000    207.839    -0.0247  28.727682    -0.0248  28.726456     5.6219     5.6759     0.0181    90.2040 1.0000e-12  -64.77624  -63.06540 348.147049      82.86 0.0000e+00    730.045      17522  1028.6960  1028.6948    34.4895    34.4880    8.04401         27 0.0000e+00
    211.000    208.829    -0.0281  28.725348    -0.0281  28.724124     5.6187     5.6758     0.0137    90.1775 1.0000e-12  -64.77624  -63.06540 348.147063      81.47 0.0000e+00    731.222      17550  1028.7009  1028.6997    34.4896    34.4881    8.04472         29 0.0000e+00
    212.000    209.817    -0.0279  28.725990    -0.0281  28.724684     5.6192     5.6722     0.0104    90.1319 1.0000e-12  -64.77624  -63.06542 348.147077      80.29 0.0000e+00    732.433      17579  1028.7055  1028.7042    34.4896    34.4881    8.04468         29 0.0000e+00
    213.000    210.806    -0.0287  28.725907    -0.0288  28.724689     5.6160     5.6785     0.0168    90.1613 1.0000e-12  -64.77624  -63.06542 348.147091      79.76 0.0000e+00    733.664      17609  1028.7103  1028.7091    34.4898    34.4884    8.04484         30 0.0000e+00
    214.000    211.796    -0.0296  28.725587    -0.0292  28.724879     5.6225     5.6761     0.0177    90.1549 1.0000e-12  -64.77624  -63.06542 348.147105      78.69 0.0000e+00    734.892      17638  1028.7149  1028.7138    34.4898    34.4884    8.04502         30 0.0000e+00
    215.000    212.786    -0.0303  28.725528    -0.0304  28.724400     5.6180     5.6764     0.0206    90.1354 1.0000e-12  -64.77624  -63.06542 348.147119      77.18 0.0000e+00    736.116      17668  1028.7197  1028.7186    34.4900    34.4886    8.04518         29 0.0000e+00
    216.000    213.775    -0.0259  28.729367    -0.0267  28.727631     5.6194     5.6755     0.0140    90.1602 1.0000e-12  -64.77624  -63.06542 348.147134      76.39 0.0000e+00    737.337      17697  1028.7235  1028.7225    34.4895    34.4881    8.04427         29 0.0000e+00
    217.000    214.763    -0.0270  28.729154    -0.0278  28.727654     5.6200     5.6754     0.0141    90.1788 1.0000e-12  -64.77624  -63.06542 348.147148      75.06 0.0000e+00    738.557      17726  1028.7286  1028.7278    34.4898    34.4887    8.04448         30 0.0000e+00
    218.000    215.752    -0.0250  28.731325    -0.0257  28.729396     5.6143     5.6723     0.0105    90.0803 1.0000e-12  -64.77624  -63.06542 348.147162      74.17 0.0000e+00    739.779      17756  1028.7332  1028.7318    34.4899    34.4881    8.04407         29 0.0000e+00
    219.000    216.742    -0.0239  28.732675    -0.0241  28.731518     5.6185     5.6738     0.0079    90.0943 1.0000e-12  -64.77624  -63.06542 348.147176      73.40 0.0000e+00    740.998      17785  1028.7377  1028.7366    34.4898    34.4884    8.04384         29 0.0000e+00
    220.000    217.730    -0.0246  28.732699    -0.0241  28.731922     5.6150     5.6765     0.0165    90.1068 1.0000e-12  -64.77624  -63.06542 348.147190      71.78 0.0000e+00    742.228      17814  1028.7426  1028.7413    34.4900    34.4884    8.04397         30 0.0000e+00
    221.000    218.720    -0.0262  28.731793    -0.0262  28.730769     5.6163     5.6769     0.0128    90.1478 1.0000e-12  -64.77624  -63.06542 348.147204      70.68 0.0000e+00    743.464      17844  1028.7475  1028.7464    34.4900    34.4887    8.04431         29 0.0000e+00
    222.000    219.711    -0.0265  28.731882    -0.0278  28.729764     5.6157     5.6768     0.0138    90.1385 1.0000e-12  -64.77624  -63.06542 348.147219      69.70 0.0000e+00    744.696      17874  1028.7521  1028.7511    34.4899    34.4884    8.04438         30 0.0000e+00
    223.000    220.698    -0.0275  28.731659    -0.0278  28.730397     5.6191     5.6786     0.0051    90.1218 1.0000e-12  -64.77624  -63.06542 348.147233      68.64 0.0000e+00    745.924      17903  1028.7571  1028.7560    34.4901    34.4887    8.04457         29 0.0000e+00
    224.000    221.687    -0.0265  28.732818    -0.0273  28.731059     5.6258     5.6788     0.0121    90.1326 1.0000e-12  -64.77624  -63.06542 348.147247      67.85 0.0000e+00    747.144      17932  1028.7615  1028.7604    34.4899    34.4884    8.04438         30 0.0000e+00
    225.000    222.677    -0.0259  28.733604    -0.0262  28.732374     5.6161     5.6789     0.0266    90.1396 1.0000e-12  -64.77624  -63.06542 348.147261      66.63 0.0000e+00    748.371      17962  1028.7661  1028.7650    34.4897    34.4883    8.04427         29 0.0000e+00
    226.000    223.665    -0.0253  28.734790    -0.0256  28.733390     5.6118     5.6685     0.0051    90.1283 1.0000e-12  -64.77624  -63.06542 348.147276      65.81 0.0000e+00    749.608      17992  1028.7709  1028.7697    34.4899    34.4884    8.04412         30 0.0000e+00
    227.000    224.656    -0.0246  28.735911    -0.0251  28.734326     5.6124     5.6745     0.0140    90.1591 1.0000e-12  -64.77624  -63.06542 348.147290      64.54 0.0000e+00    750.850      18021  1028.7756  1028.7746    34.4900    34.4885    8.04397         30 0.0000e+00
    228.000    225.643    -0.0259  28.735270    -0.0262  28.733866     5.6155     5.6773     0.0166    90.1307 1.0000e-12  -64.77624  -63.06542 348.147304      63.58 0.0000e+00    752.087      18051  1028.7805  1028.7793    34.4900    34.4885    8.04424         29 0.0000e+00
    229.000    226.633    -0.0282  28.734063    -0.0287  28.732526     5.6146     5.6752     0.0196    90.1184 1.0000e-12  -64.77624  -63.06542 348.147318      62.45 0.0000e+00    753.306      18080  1028.7858  1028.7846    34.4904    34.4889    8.04470         28 0.0000e+00
    230.000    227.623    -0.0309  28.732061    -0.0312  28.730706     5.6156     5.6786     0.0153    90.1676 1.0000e-12  -64.77624  -63.06542 348.147332      61.67 0.0000e+00    754.517      18109  1028.7906  1028.7895    34.4902    34.4888    8.04528         26 0.0000e+00
    231.000    228.611    -0.0342  28.730081    -0.0345  28.728722     5.6289     5.6750     0.0133    90.1377 1.0000e-12  -64.77624  -63.06542 348.147346      61.22 0.0000e+00    755.731      18139  1028.7959  1028.7948    34.4907    34.4892    8.04594         30 0.0000e+00
    232.000    229.600    -0.0374  28.727813    -0.0376  28.726461     5.6236     5.6808     0.0054    90.1423 1.0000e-12  -64.77624  -63.06542 348.147361      59.82 0.0000e+00    756.958      18168  1028.8010  1028.7997    34.4907    34.4892    8.04662         29 0.0000e+00
