NBP2113_155081_ctd/data/nbp2113_062.cnv
* Sea-Bird SBE 9 Data File:
* FileName = D:\Data\raw\NBP2113_062.hex
* Software Version Seasave V 7.26.7.121
* Temperature SN = 2438
* Conductivity SN = 2067
* Number of Bytes Per Scan = 40
* Number of Voltage Words = 5
* Number of Scans Averaged by the Deck Unit = 1
* NMEA Latitude = 64 46.58 S
* NMEA Longitude = 063 03.86 W
* NMEA UTC (Time) = Dec 14 2021  03:19:35
* NMEA baud rate = 9600
** Ship: RVIB N.B. Palmer
** Cruise: NBP2113 LTER
** Station: 654.003
** Operator: B. Urmston
# nquan = 25
# nvalues = 566                         
# units = specified
# name 0 = prDM: Pressure, Digiquartz [db]
# name 1 = depSM: Depth [salt water, m]
# name 2 = t090C: Temperature [ITS-90, deg C]
# name 3 = c0mS/cm: Conductivity [mS/cm]
# name 4 = t190C: Temperature, 2 [ITS-90, deg C]
# name 5 = c1mS/cm: Conductivity, 2 [mS/cm]
# name 6 = sbeox0ML/L: Oxygen, SBE 43 [ml/l]
# name 7 = sbeox1ML/L: Oxygen, SBE 43, 2 [ml/l]
# name 8 = flECO-AFL: Fluorescence, WET Labs ECO-AFL/FL [mg/m^3]
# name 9 = CStarTr0: Beam Transmission, WET Labs C-Star [%]
# name 10 = par: PAR/Irradiance, Biospherical/Licor
# name 11 = latitude: Latitude [deg]
# name 12 = longitude: Longitude [deg]
# name 13 = timeJ: Julian Days
# name 14 = altM: Altimeter [m]
# name 15 = spar: SPAR, Biospherical/Licor
# name 16 = timeS: Time, Elapsed [seconds]
# name 17 = scan: Scan Count
# name 18 = density00: Density [density, kg/m^3]
# name 19 = density11: Density, 2 [density, kg/m^3]
# name 20 = sal00: Salinity, Practical [PSU]
# name 21 = sal11: Salinity, Practical, 2 [PSU]
# name 22 = oxsolML/L: Oxygen Saturation, Garcia & Gordon [ml/l]
# name 23 = nbin: number of scans per bin
# name 24 = flag: flag
# span 0 =      1.000,    284.000       
# span 1 =      0.991,    281.028       
# span 2 =    -0.3813,     0.8025       
# span 3 =  28.218995,  29.410837       
# span 4 =    -0.3817,     0.8014       
# span 5 =  28.223015,  29.405325       
# span 6 =     4.9871,     7.6919       
# span 7 =     5.0622,     8.2207       
# span 8 =    -0.0191,     1.6154       
# span 9 =    83.9595,    90.8381       
# span 10 = 1.0000e-12, 8.0165e+00      
# span 11 =  -64.77637,  -64.77622      
# span 12 =  -63.06549,  -63.06461      
# span 13 = 348.142004, 348.157377      
# span 14 =      10.04,     100.04      
# span 15 = 0.0000e+00, 0.0000e+00      
# span 16 =    294.171,   1622.401      
# span 17 =       7061,      38939      
# span 18 =  1027.2915,  1029.0691      
# span 19 =  1027.2934,  1029.0676      
# span 20 =    33.9749,    34.5101      
# span 21 =    33.9720,    34.5097      
# span 22 =    7.87269,    8.11932      
# span 23 =          8,         75      
# span 24 = 0.0000e+00, 0.0000e+00      
# interval = decibars: 1                
# start_time = Dec 14 2021 03:19:35 [NMEA time, header]
# bad_flag = -9.990e-29
*END*
[from data line 58]
     60.000     59.404     0.3597  28.875996     0.3583  28.873174     5.7421     5.8309     0.1584    90.3942 1.0000e-12  -64.77628  -63.06494 348.144061      99.97 0.0000e+00    471.828      11325  1027.8425  1027.8408    34.3448    34.3426    7.97204         42 0.0000e+00
     61.000     60.394     0.3689  28.887660     0.3665  28.884026     5.7151     5.8047     0.1588    90.4330 1.0000e-12  -64.77628  -63.06496 348.144097      99.97 0.0000e+00    474.940      11400  1027.8502  1027.8487    34.3492    34.3471    7.96988         47 0.0000e+00
     62.000     61.384     0.3789  28.902973     0.3783  28.900361     5.7155     5.7921     0.1410    90.4254 1.0000e-12  -64.77628  -63.06496 348.144131      99.97 0.0000e+00    477.913      11471  1027.8611  1027.8589    34.3575    34.3548    7.96736         41 0.0000e+00
     63.000     62.376     0.3798  28.904688     0.3784  28.901425     5.7061     5.7937     0.1593    90.4703 1.0000e-12  -64.77628  -63.06496 348.144166      99.97 0.0000e+00    480.973      11544  1027.8664  1027.8644    34.3581    34.3554    7.96713         32 0.0000e+00
     64.000     63.364     0.3825  28.908301     0.3817  28.905979     5.7088     5.7852     0.1472    90.5267 1.0000e-12  -64.77628  -63.06498 348.144201      99.97 0.0000e+00    483.998      11617  1027.8721  1027.8704    34.3593    34.3571    7.96652         33 0.0000e+00
     65.000     64.356     0.3836  28.910240     0.3833  28.908339     5.7178     5.7861     0.1203    90.5344 1.0000e-12  -64.77628  -63.06498 348.144236      99.97 0.0000e+00    486.987      11689  1027.8775  1027.8757    34.3600    34.3579    7.96625         37 0.0000e+00
     66.000     65.338     0.3836  28.910579     0.3832  28.908602     5.7146     5.7829     0.1304    90.5387 1.0000e-12  -64.77628  -63.06498 348.144271      99.97 0.0000e+00    490.017      11761  1027.8821  1027.8804    34.3599    34.3576    7.96626         35 0.0000e+00
     67.000     66.334     0.3839  28.911476     0.3837  28.909796     5.7057     5.7809     0.1159    90.5479 1.0000e-12  -64.77628  -63.06500 348.144306      99.97 0.0000e+00    493.048      11834  1027.8871  1027.8855    34.3601    34.3581    7.96618         37 0.0000e+00
     68.000     67.323     0.3882  28.916762     0.3874  28.914687     5.7020     5.7702     0.1140    90.5361 1.0000e-12  -64.77628  -63.06500 348.144340      99.97 0.0000e+00    496.006      11905  1027.8928  1027.8914    34.3617    34.3598    7.96521         41 0.0000e+00
     69.000     68.313     0.3932  28.923353     0.3945  28.923564     5.6571     5.7460     0.1209    90.5677 1.0000e-12  -64.77628  -63.06500 348.144374      99.97 0.0000e+00    498.952      11976  1027.8991  1027.8982    34.3641    34.3629    7.96404         47 0.0000e+00
     70.000     69.304     0.4099  28.944237     0.4092  28.941948     5.6140     5.7126     0.1221    90.5632 1.0000e-12  -64.77628  -63.06500 348.144409      99.97 0.0000e+00    501.959      12048  1027.9092  1027.9075    34.3722    34.3700    7.96013         39 0.0000e+00
     71.000     70.293     0.4292  28.967587     0.4269  28.963857     5.5768     5.6704     0.1299    90.5886 1.0000e-12  -64.77627  -63.06502 348.144444      99.97 0.0000e+00    504.963      12120  1027.9194  1027.9176    34.3806    34.3783    7.95568         37 0.0000e+00
     72.000     71.283     0.4449  28.986838     0.4428  28.983332     5.5391     5.6354     0.1091    90.5828 1.0000e-12  -64.77626  -63.06502 348.144478      99.97 0.0000e+00    507.917      12191  1027.9288  1027.9271    34.3878    34.3855    7.95207         46 0.0000e+00
     73.000     72.273     0.4625  29.008410     0.4612  29.005713     5.5051     5.5952     0.1210    90.6089 1.0000e-12  -64.77626  -63.06502 348.144512      99.97 0.0000e+00    510.875      12262  1027.9389  1027.9372    34.3958    34.3937    7.94800         43 0.0000e+00
     74.000     73.262     0.4830  29.032570     0.4803  29.028386     5.4337     5.5475     0.1153    90.6158 1.0000e-12  -64.77626  -63.06503 348.144547      99.97 0.0000e+00    513.862      12334  1027.9487  1027.9470    34.4040    34.4015    7.94333         42 0.0000e+00
     75.000     74.249     0.5131  29.067980     0.5123  29.065911     5.3981     5.5131     0.1110    90.6638 1.0000e-12  -64.77626  -63.06503 348.144581      99.97 0.0000e+00    516.805      12404  1027.9612  1027.9598    34.4161    34.4143    7.93648         30 0.0000e+00
     76.000     75.241     0.5207  29.077873     0.5201  29.075754     5.4263     5.5016     0.1143    90.6935 1.0000e-12  -64.77626  -63.06504 348.144616      99.97 0.0000e+00    519.787      12476  1027.9688  1027.9671    34.4199    34.4178    7.93470         38 0.0000e+00
     77.000     76.232     0.5232  29.081138     0.5226  29.078862     5.4246     5.4936     0.0906    90.7277 1.0000e-12  -64.77626  -63.06504 348.144649      99.97 0.0000e+00    522.707      12546  1027.9744  1027.9726    34.4208    34.4186    7.93414         42 0.0000e+00
     78.000     77.223     0.5274  29.086156     0.5273  29.084211     5.4157     5.4884     0.0967    90.7281 1.0000e-12  -64.77626  -63.06504 348.144683      99.97 0.0000e+00    525.623      12616  1027.9801  1027.9782    34.4221    34.4197    7.93321         43 0.0000e+00
     79.000     78.210     0.5319  29.091426     0.5306  29.088371     5.3994     5.4786     0.0809    90.7558 1.0000e-12  -64.77626  -63.06506 348.144718      99.97 0.0000e+00    528.616      12688  1027.9857  1027.9838    34.4233    34.4209    7.93222         37 0.0000e+00
     80.000     79.201     0.5396  29.100683     0.5388  29.098075     5.3913     5.4736     0.0730    90.7566 1.0000e-12  -64.77626  -63.06506 348.144752      99.97 0.0000e+00    531.579      12759  1027.9923  1027.9904    34.4263    34.4237    7.93048         40 0.0000e+00
     81.000     80.191     0.5421  29.104045     0.5421  29.102286     5.3979     5.4714     0.0735    90.7445 1.0000e-12  -64.77626  -63.06506 348.144786      99.97 0.0000e+00    534.489      12829  1027.9978  1027.9960    34.4272    34.4250    7.92991         35 0.0000e+00
     82.000     81.181     0.5426  29.104946     0.5422  29.102855     5.4000     5.4616     0.0928    90.7432 1.0000e-12  -64.77626  -63.06507 348.144820      99.97 0.0000e+00    537.414      12899  1028.0027  1028.0009    34.4274    34.4250    7.92982         44 0.0000e+00
     83.000     82.171     0.5455  29.108520     0.5456  29.106799     5.3739     5.4481     0.0706    90.7606 1.0000e-12  -64.77626  -63.06508 348.144854      99.97 0.0000e+00    540.385      12970  1028.0080  1028.0061    34.4282    34.4257    7.92917         39 0.0000e+00
     84.000     83.158     0.5582  29.123149     0.5596  29.123149     5.3479     5.4322     0.0762    90.7738 1.0000e-12  -64.77626  -63.06508 348.144888      99.97 0.0000e+00    543.294      13040  1028.0153  1028.0139    34.4325    34.4310    7.92633         33 0.0000e+00
     85.000     84.149     0.5664  29.133068     0.5657  29.130428     5.3347     5.4174     0.0734    90.7589 1.0000e-12  -64.77626  -63.06508 348.144921      99.97 0.0000e+00    546.206      13110  1028.0220  1028.0199    34.4357    34.4330    7.92447         30 0.0000e+00
     86.000     85.140     0.5765  29.144579     0.5761  29.142466     5.3186     5.4021     0.0766    90.7729 1.0000e-12  -64.77626  -63.06509 348.144955      99.97 0.0000e+00    549.143      13180  1028.0286  1028.0268    34.4389    34.4366    7.92223         30 0.0000e+00
     87.000     86.128     0.5876  29.156754     0.5864  29.154008     5.3085     5.3889     0.0771    90.7885 1.0000e-12  -64.77626  -63.06510 348.144989      99.97 0.0000e+00    552.019      13249  1028.0350  1028.0332    34.4418    34.4395    7.91980         31 0.0000e+00
     88.000     87.122     0.5983  29.169103     0.5973  29.166555     5.2973     5.3760     0.0598    90.7786 1.0000e-12  -64.77624  -63.06510 348.145022      99.97 0.0000e+00    554.923      13319  1028.0419  1028.0401    34.4454    34.4431    7.91742         26 0.0000e+00
     89.000     88.106     0.6017  29.173474     0.6013  29.171499     5.3016     5.3819     0.0656    90.8105 1.0000e-12  -64.77624  -63.06510 348.145056      99.97 0.0000e+00    557.838      13389  1028.0476  1028.0459    34.4467    34.4445    7.91665         29 0.0000e+00
     90.000     89.101     0.6024  29.174546     0.6023  29.173033     5.3037     5.3733     0.0651    90.7698 1.0000e-12  -64.77624  -63.06511 348.145090      99.97 0.0000e+00    560.757      13459  1028.0525  1028.0510    34.4467    34.4449    7.91650         33 0.0000e+00
     91.000     90.087     0.6027  29.175414     0.6025  29.173710     5.3116     5.3715     0.0673    90.7839 1.0000e-12  -64.77624  -63.06511 348.145123      99.98 0.0000e+00    563.639      13528  1028.0574  1028.0558    34.4469    34.4449    7.91643         29 0.0000e+00
     92.000     91.078     0.6031  29.175865     0.6022  29.173790     5.3022     5.3674     0.0698    90.8017 1.0000e-12  -64.77624  -63.06512 348.145157      99.97 0.0000e+00    566.530      13598  1028.0619  1028.0606    34.4465    34.4448    7.91638         34 0.0000e+00
     93.000     92.069     0.6054  29.179139     0.6036  29.175651     5.2886     5.3668     0.0583    90.7489 1.0000e-12  -64.77624  -63.06512 348.145190      99.97 0.0000e+00    569.404      13667  1028.0673  1028.0654    34.4475    34.4450    7.91584         31 0.0000e+00
     94.000     93.060     0.6136  29.188381     0.6123  29.185602     5.2664     5.3461     0.0666    90.7967 1.0000e-12  -64.77624  -63.06512 348.145223      99.97 0.0000e+00    572.290      13736  1028.0734  1028.0717    34.4499    34.4478    7.91404         34 0.0000e+00
     95.000     94.049     0.6383  29.215648     0.6292  29.204441     5.2025     5.3053     0.0559    90.7885 1.0000e-12  -64.77624  -63.06513 348.145256      99.97 0.0000e+00    575.158      13805  1028.0818  1028.0790    34.4573    34.4529    7.90859         41 0.0000e+00
     96.000     95.040     0.6497  29.229316     0.6481  29.226399     5.2027     5.2937     0.0609    90.7864 1.0000e-12  -64.77624  -63.06514 348.145289      99.97 0.0000e+00    577.971      13872  1028.0897  1028.0881    34.4618    34.4598    7.90602         45 0.0000e+00
     97.000     96.028     0.6592  29.238956     0.6590  29.237841     5.1981     5.2745     0.0816    90.7989 1.0000e-12  -64.77624  -63.06514 348.145322      99.97 0.0000e+00    580.832      13941  1028.0951  1028.0939    34.4631    34.4620    7.90401         35 0.0000e+00
     98.000     97.016     0.6697  29.251779     0.6676  29.246232     5.1371     5.2408     0.0594    90.7962 1.0000e-12  -64.77624  -63.06514 348.145356      99.97 0.0000e+00    583.727      14010  1028.1024  1028.0988    34.4676    34.4627    7.90163         41 0.0000e+00
     99.000     98.005     0.7184  29.304363     0.7088  29.291991     5.0809     5.1872     0.0512    90.7983 1.0000e-12  -64.77624  -63.06516 348.145389      99.97 0.0000e+00    586.567      14079  1028.1141  1028.1106    34.4812    34.4757    7.89098         39 0.0000e+00
    100.000     98.997     0.7372  29.324967     0.7328  29.318514     5.0561     5.1539     0.0561    90.7980 1.0000e-12  -64.77624  -63.06516 348.145421      99.97 0.0000e+00    589.380      14146  1028.1221  1028.1195    34.4864    34.4829    7.88687         37 0.0000e+00
    101.000     99.986     0.7663  29.356495     0.7612  29.349239     5.0400     5.1262     0.0633    90.8153 1.0000e-12  -64.77623  -63.06516 348.145454      99.97 0.0000e+00    592.210      14214  1028.1310  1028.1284    34.4943    34.4906    7.88052         37 0.0000e+00
    102.000    100.975     0.7716  29.362225     0.7719  29.361372     5.0428     5.1246     0.0661    90.7919 1.0000e-12  -64.77622  -63.06517 348.145487      99.97 0.0000e+00    595.032      14282  1028.1367  1028.1354    34.4953    34.4939    7.87940         38 0.0000e+00
    103.000    101.967     0.7775  29.369432     0.7763  29.366817     5.0396     5.1166     0.0567    90.8061 1.0000e-12  -64.77622  -63.06517 348.145519      99.97 0.0000e+00    597.823      14349  1028.1430  1028.1414    34.4975    34.4954    7.87808         42 0.0000e+00
    104.000    102.957     0.7798  29.373078     0.7796  29.371295     5.0403     5.1143     0.0547    90.8231 1.0000e-12  -64.77622  -63.06518 348.145552      99.97 0.0000e+00    600.675      14417  1028.1491  1028.1474    34.4990    34.4969    7.87753         37 0.0000e+00
    105.000    103.946     0.7803  29.373976     0.7802  29.372345     5.0453     5.1086     0.0722    90.8378 1.0000e-12  -64.77622  -63.06518 348.145583      99.97 0.0000e+00    603.378      14482  1028.1540  1028.1525    34.4990    34.4971    7.87742         36 0.0000e+00
    106.000    104.936     0.7782  29.372304     0.7785  29.371235     5.0463     5.1069     0.0440    90.8240 1.0000e-12  -64.77622  -63.06518 348.145604      99.97 0.0000e+00    605.178      14525  1028.1587  1028.1573    34.4986    34.4969    7.87787         38 0.0000e+00
    107.000    105.926     0.7810  29.375362     0.7800  29.372794     5.0414     5.1074     0.0436    90.8101 1.0000e-12  -64.77622  -63.06518 348.145622      99.97 0.0000e+00    606.723      14562  1028.1635  1028.1618    34.4989    34.4967    7.87729         36 0.0000e+00
    108.000    106.914     0.7799  29.374539     0.7800  29.373203     5.0571     5.1148     0.0396    90.7890 1.0000e-12  -64.77622  -63.06518 348.145639      99.97 0.0000e+00    608.207      14598  1028.1680  1028.1665    34.4985    34.4966    7.87755         35 0.0000e+00
    109.000    107.905     0.7754  29.371521     0.7664  29.363448     5.0639     5.1169     0.0546    90.7771 1.0000e-12  -64.77622  -63.06519 348.145656      99.97 0.0000e+00    609.681      14633  1028.1736  1028.1740    34.4990    34.4985    7.87843         35 0.0000e+00
    110.000    108.894     0.7610  29.358480     0.7561  29.352374     5.0485     5.1118     0.0398    90.8161 1.0000e-12  -64.77622  -63.06519 348.145673      99.97 0.0000e+00    611.116      14668  1028.1786  1028.1769    34.4975    34.4950    7.88144         34 0.0000e+00
    111.000    109.884     0.7700  29.368334     0.7719  29.368382     5.0453     5.1007     0.0365    90.8178 1.0000e-12  -64.77622  -63.06519 348.145689      99.97 0.0000e+00    612.511      14701  1028.1841  1028.1822    34.4996    34.4976    7.87948         31 0.0000e+00
    112.000    110.870     0.7708  29.369271     0.7727  29.369697     5.0369     5.0997     0.0426    90.7967 1.0000e-12  -64.77622  -63.06519 348.145704      99.97 0.0000e+00    613.846      14733  1028.1885  1028.1871    34.4993    34.4979    7.87933         29 0.0000e+00
    113.000    111.867     0.7746  29.373781     0.7757  29.373587     5.0384     5.1004     0.0425    90.7829 1.0000e-12  -64.77622  -63.06520 348.145719      99.97 0.0000e+00    615.129      14764  1028.1938  1028.1925    34.5005    34.4990    7.87852         29 0.0000e+00
    114.000    112.853     0.7758  29.375160     0.7772  29.374981     5.0318     5.0985     0.0509    90.7892 1.0000e-12  -64.77622  -63.06520 348.145734      99.97 0.0000e+00    616.400      14795  1028.1982  1028.1967    34.5003    34.4985    7.87827         30 0.0000e+00
    115.000    113.843     0.7805  29.379510     0.7788  29.376979     5.0366     5.1031     0.0466    90.7976 1.0000e-12  -64.77622  -63.06520 348.145748      99.97 0.0000e+00    617.626      14824  1028.2025  1028.2015    34.5001    34.4987    7.87733         29 0.0000e+00
    116.000    114.829     0.7776  29.378786     0.7780  29.377427     5.0380     5.1107     0.0558    90.7793 1.0000e-12  -64.77622  -63.06520 348.145762      99.97 0.0000e+00    618.827      14853  1028.2089  1028.2069    34.5018    34.4995    7.87783         26 0.0000e+00
