NBP2113_155081_ctd/data/nbp2113_042.ros
* Sea-Bird SBE 9 Data File:
* FileName = D:\Data\raw\NBP2113_042.hex
* Software Version Seasave V 7.26.7.121
* Temperature SN = 2438
* Conductivity SN = 2067
* Number of Bytes Per Scan = 40
* Number of Voltage Words = 5
* Number of Scans Averaged by the Deck Unit = 1
* NMEA Latitude = 64 49.83 S
* NMEA Longitude = 063 54.10 W
* NMEA UTC (Time) = Dec 10 2021  15:52:47
* NMEA baud rate = 9600
** Ship: RVIB N.B. Palmer
** Cruise: NBP2113 LTER
** Station: 624.030
** Operator: S. Blackman
# nquan = 20
# nvalues = 1176                                  
# units = specified
# name 0 = prDM: Pressure, Digiquartz [db]
# name 1 = depSM: Depth [salt water, m]
# name 2 = t090C: Temperature [ITS-90, deg C]
# name 3 = c0mS/cm: Conductivity [mS/cm]
# name 4 = t190C: Temperature, 2 [ITS-90, deg C]
# name 5 = c1mS/cm: Conductivity, 2 [mS/cm]
# name 6 = sbeox0ML/L: Oxygen, SBE 43 [ml/l]
# name 7 = sbeox1ML/L: Oxygen, SBE 43, 2 [ml/l]
# name 8 = flECO-AFL: Fluorescence, WET Labs ECO-AFL/FL [mg/m^3]
# name 9 = CStarTr0: Beam Transmission, WET Labs C-Star [%]
# name 10 = par: PAR/Irradiance, Biospherical/Licor
# name 11 = latitude: Latitude [deg]
# name 12 = longitude: Longitude [deg]
# name 13 = timeJ: Julian Days
# name 14 = altM: Altimeter [m]
# name 15 = spar: SPAR, Biospherical/Licor
# name 16 = timeS: Time, Elapsed [seconds]
# name 17 = scan: Scan Count
# name 18 = nbf: Bottles Fired
# name 19 = flag:  0.000e+00
# interval = seconds: 0.0416667
# start_time = Dec 10 2021 15:52:47 [NMEA time, header]
# bad_flag = -9.990e-29
*END*
[from data line 652]
     35.776     35.422    -0.3970  27.974606    -0.3969  27.974016     7.2840     7.3552     0.5491    90.5712 2.1536e+01  -64.83118  -63.90170 344.681870      99.95 1.5319e+03   1746.542      41918         14  0.000e+00
     35.776     35.422    -0.3970  27.975355    -0.3967  27.973453     7.2831     7.3558     0.5491    90.5712 2.1536e+01  -64.83118  -63.90170 344.681870      99.95 1.5319e+03   1746.583      41919         14  0.000e+00
     35.728     35.375    -0.3969  27.974894    -0.3965  27.973734     7.2777     7.3563     0.5491    90.5712 2.1536e+01  -64.83118  -63.90170 344.681871      99.98 1.5319e+03   1746.625      41920         14  0.000e+00
     35.824     35.470    -0.3970  27.974837    -0.3968  27.973735     7.2826     7.3561     0.5491    90.5712 2.1536e+01  -64.83118  -63.90170 344.681871      99.98 1.5319e+03   1746.667      41921         14  0.000e+00
     35.728     35.375    -0.3968  27.974837    -0.3977  27.973453     7.2828     7.3558     0.5491    90.5712 2.1473e+01  -64.83118  -63.90170 344.681872      99.98 1.5319e+03   1746.708      41922         14  0.000e+00
     35.824     35.470    -0.3966  27.974895    -0.3982  27.973453     7.2788     7.3556     0.5491    90.5712 2.1411e+01  -64.83118  -63.90170 344.681872      99.93 1.5319e+03   1746.750      41923         14  0.000e+00
     35.776     35.422    -0.3970  27.975125    -0.3984  27.972947     7.2734     7.3552     0.5491    90.5712 2.1411e+01  -64.83118  -63.90170 344.681873      99.95 1.5319e+03   1746.792      41924         14  0.000e+00
     35.824     35.470    -0.3971  27.975125    -0.3993  27.972441     7.2784     7.3559     0.5491    90.5712 2.1411e+01  -64.83118  -63.90170 344.681873      99.98 1.5319e+03   1746.833      41925         14  0.000e+00
     35.824     35.470    -0.3976  27.974837    -0.3998  27.972159     7.2791     7.3555     0.5491    90.5712 2.1349e+01  -64.83118  -63.90170 344.681874      99.98 1.5319e+03   1746.875      41926         14  0.000e+00
     35.824     35.470    -0.3978  27.974607    -0.4003  27.971878     7.2739     7.3551     0.5491    90.5712 2.1349e+01  -64.83118  -63.90170 344.681874      99.98 1.5319e+03   1746.917      41927         14  0.000e+00
     35.879     35.524    -0.3987  27.974088    -0.4001  27.971597     7.2794     7.3555     0.5491    90.5712 2.1349e+01  -64.83118  -63.90170 344.681875      99.98 1.5319e+03   1746.958      41928         14  0.000e+00
     35.824     35.470    -0.3993  27.974319    -0.4000  27.971597     7.2788     7.3549     0.5491    90.5712 2.1287e+01  -64.83118  -63.90170 344.681875      99.98 1.5319e+03   1747.000      41929         14  0.000e+00
     35.879     35.524    -0.3994  27.973282    -0.4000  27.971878     7.2739     7.3544     0.5491    90.5712 2.1287e+01  -64.83118  -63.90170 344.681875      99.98 1.5319e+03   1747.042      41930         14  0.000e+00
     35.879     35.524    -0.3994  27.973512    -0.4001  27.971597     7.2720     7.3547     0.5491    90.5712 2.1226e+01  -64.83118  -63.90170 344.681876      99.95 1.5319e+03   1747.083      41931         14  0.000e+00
     35.879     35.524    -0.3994  27.973282    -0.4000  27.971878     7.2761     7.3549     0.5491    90.5712 2.1226e+01  -64.83118  -63.90170 344.681876      99.95 1.5319e+03   1747.125      41932         14  0.000e+00
     35.927     35.572    -0.3994  27.972994    -0.4002  27.971372     7.2757     7.3553     0.5491    90.5712 2.1226e+01  -64.83118  -63.90170 344.681877      99.98 1.5319e+03   1747.167      41933         14  0.000e+00
     35.879     35.524    -0.3997  27.973512    -0.4000  27.971597     7.2752     7.3500     0.5491    90.5712 2.1164e+01  -64.83118  -63.90170 344.681877      99.98 1.5319e+03   1747.208      41934         14  0.000e+00
     35.981     35.626    -0.4000  27.972764    -0.4005  27.971372     7.2808     7.3543     0.5491    90.5969 2.1164e+01  -64.83118  -63.90170 344.681878      99.95 1.5319e+03   1747.250      41935         14  0.000e+00
     35.927     35.572    -0.3999  27.973282    -0.4006  27.971597     7.2757     7.3545     0.5491    90.5969 2.1103e+01  -64.83118  -63.90170 344.681878      99.95 1.5302e+03   1747.292      41936         14  0.000e+00
     35.927     35.572    -0.4002  27.972475    -0.4005  27.971091     7.2753     7.3539     0.5491    90.5712 2.1103e+01  -64.83118  -63.90170 344.681879      99.98 1.5302e+03   1747.333      41937         14  0.000e+00
     35.981     35.626    -0.3997  27.973282    -0.4006  27.971372     7.2761     7.3542     0.5491    90.5712 2.1042e+01  -64.83118  -63.90170 344.681879      99.98 1.5302e+03   1747.375      41938         14  0.000e+00
     35.981     35.626    -0.3997  27.972994    -0.4006  27.971091     7.2771     7.3536     0.5417    90.5712 2.1042e+01  -64.83118  -63.90170 344.681880      99.98 1.5302e+03   1747.417      41939         14  0.000e+00
     35.981     35.626    -0.3991  27.972994    -0.4007  27.971372     7.2780     7.3538     0.5198    90.5712 2.0981e+01  -64.83118  -63.90170 344.681880      99.98 1.5302e+03   1747.458      41940         14  0.000e+00
     35.981     35.626    -0.3991  27.973801    -0.4005  27.971372     7.2732     7.3586     0.5198    90.5712 2.0981e+01  -64.83118  -63.90170 344.681881      99.98 1.5302e+03   1747.500      41941         14  0.000e+00
     36.029     35.673    -0.3988  27.973282    -0.4004  27.971597     7.2788     7.3541     0.5198    90.5712 2.0981e+01  -64.83118  -63.90170 344.681881      99.95 1.5302e+03   1747.542      41942         14  0.000e+00
     36.029     35.673    -0.3990  27.973282    -0.4002  27.971372     7.2787     7.3534     0.5271    90.5969 2.0920e+01  -64.83118  -63.90170 344.681882      99.95 1.5302e+03   1747.583      41943         14  0.000e+00
     36.029     35.674    -0.3991  27.973282    -0.4003  27.971597     7.2786     7.3526     0.5198    90.5712 2.0920e+01  -64.83118  -63.90170 344.681882      99.95 1.5302e+03   1747.625      41944         14  0.000e+00
     36.029     35.674    -0.3991  27.972994    -0.4004  27.971597     7.2740     7.3527     0.5271    90.5712 2.0859e+01  -64.83118  -63.90170 344.681883      99.98 1.5302e+03   1747.667      41945         14  0.000e+00
     36.077     35.721    -0.3994  27.973282    -0.4005  27.971597     7.2785     7.3528     0.5198    90.5712 2.0859e+01  -64.83118  -63.90170 344.681883      99.98 1.5302e+03   1747.708      41946         14  0.000e+00
     36.029     35.674    -0.3994  27.973570    -0.4011  27.971372     7.2784     7.3529     0.5198    90.5712 2.0859e+01  -64.83118  -63.90170 344.681884      99.95 1.5302e+03   1747.750      41947         14  0.000e+00
     36.077     35.721    -0.3997  27.973282    -0.4007  27.971372     7.2726     7.3521     0.5198    90.5712 2.0799e+01  -64.83118  -63.90170 344.681884      99.95 1.5302e+03   1747.792      41948         14  0.000e+00
     36.132     35.775    -0.3996  27.973513    -0.4014  27.971091     7.2713     7.3523     0.5271    90.5969 2.0799e+01  -64.83118  -63.90170 344.681885      99.98 1.5302e+03   1747.833      41949         14  0.000e+00
     36.077     35.721    -0.3996  27.973282    -0.4012  27.970810     7.2758     7.3523     0.5271    90.5969 2.0739e+01  -64.83118  -63.90170 344.681885      99.98 1.5302e+03   1747.875      41950         14  0.000e+00
     36.077     35.721    -0.3993  27.973513    -0.4009  27.970585     7.2758     7.3523     0.5198    90.5969 2.0739e+01  -64.83118  -63.90170 344.681886      99.98 1.5302e+03   1747.917      41951         14  0.000e+00
     25.450     25.199    -0.2749  27.986207    -0.2859  27.975554     7.8412     7.8947     1.5161    87.5327 4.5453e+01  -64.83108  -63.90170 344.682498      99.95 1.5196e+03   1800.792      43220         15  0.000e+00
     25.450     25.199    -0.2750  27.985919    -0.2810  27.977917     7.8422     7.8937     1.5234    87.5327 4.5323e+01  -64.83108  -63.90170 344.682498      99.95 1.5196e+03   1800.833      43221         15  0.000e+00
     25.450     25.199    -0.2749  27.985458    -0.2777  27.980280     7.8430     7.8929     1.5161    87.5585 4.5323e+01  -64.83108  -63.90170 344.682499      99.98 1.5196e+03   1800.875      43222         15  0.000e+00
     25.477     25.226    -0.2745  27.985400    -0.2761  27.981575     7.8379     7.8925     1.5161    87.5585 4.5323e+01  -64.83108  -63.90170 344.682499      99.98 1.5196e+03   1800.917      43223         15  0.000e+00
     25.450     25.199    -0.2744  27.985746    -0.2752  27.982644     7.8428     7.8922     1.5161    87.5585 4.5323e+01  -64.83108  -63.90170 344.682500      99.98 1.5196e+03   1800.958      43224         15  0.000e+00
     25.450     25.199    -0.2742  27.985631    -0.2746  27.982869     7.8418     7.8919     1.5234    87.5585 4.5194e+01  -64.83108  -63.90170 344.682500      99.98 1.5196e+03   1801.000      43225         15  0.000e+00
     25.450     25.199    -0.2744  27.985919    -0.2741  27.983432     7.8434     7.8917     1.5161    87.5585 4.5194e+01  -64.83108  -63.90170 344.682500      99.95 1.5196e+03   1801.042      43226         15  0.000e+00
     25.477     25.226    -0.2745  27.985746    -0.2740  27.984220     7.8506     7.8914     1.5161    87.5585 4.5194e+01  -64.83108  -63.90170 344.682501      99.95 1.5196e+03   1801.083      43227         15  0.000e+00
     25.450     25.199    -0.2745  27.985919    -0.2737  27.985233     7.8460     7.8911     1.4868    87.5585 4.5194e+01  -64.83108  -63.90170 344.682501      99.98 1.5196e+03   1801.125      43228         15  0.000e+00
     25.498     25.247    -0.2742  27.986207    -0.2738  27.985233     7.8457     7.8909     1.4208    87.5585 4.5065e+01  -64.83108  -63.90170 344.682502      99.98 1.5196e+03   1801.167      43229         15  0.000e+00
     25.450     25.199    -0.2739  27.986264    -0.2740  27.984726     7.8466     7.8906     1.3989    87.5585 4.5065e+01  -64.83108  -63.90170 344.682502      99.98 1.5196e+03   1801.208      43230         15  0.000e+00
     25.525     25.274    -0.2737  27.986437    -0.2740  27.984726     7.8474     7.8904     1.4062    87.5585 4.5065e+01  -64.83108  -63.90170 344.682503      99.93 1.5196e+03   1801.250      43231         15  0.000e+00
     25.498     25.247    -0.2734  27.986265    -0.2737  27.984726     7.8481     7.8900     1.4062    87.5585 4.5065e+01  -64.83108  -63.90170 344.682503      99.95 1.5196e+03   1801.292      43232         15  0.000e+00
     25.498     25.247    -0.2729  27.986956    -0.2738  27.984220     7.8499     7.8896     1.4062    87.5585 4.4937e+01  -64.83108  -63.90170 344.682504      99.98 1.5196e+03   1801.333      43233         15  0.000e+00
     25.498     25.247    -0.2731  27.987244    -0.2738  27.984445     7.8634     7.8892     1.4062    87.5585 4.4937e+01  -64.83108  -63.90170 344.682504      99.98 1.5196e+03   1801.375      43234         15  0.000e+00
     25.526     25.274    -0.2727  27.987071    -0.2737  27.984445     7.8606     7.8887     1.4062    87.5585 4.4937e+01  -64.83108  -63.90170 344.682505      99.98 1.5196e+03   1801.417      43235         15  0.000e+00
     25.498     25.247    -0.2728  27.988281    -0.2738  27.983938     7.8607     7.8883     1.4062    87.5585 4.4937e+01  -64.83108  -63.90170 344.682505      99.98 1.5196e+03   1801.458      43236         15  0.000e+00
     25.498     25.247    -0.2729  27.987763    -0.2735  27.983657     7.8563     7.8877     1.4062    87.5585 4.4809e+01  -64.83108  -63.90170 344.682506      99.98 1.5196e+03   1801.500      43237         15  0.000e+00
     25.553     25.301    -0.2731  27.987590    -0.2737  27.984220     7.8621     7.8872     1.4062    87.5585 4.4809e+01  -64.83108  -63.90170 344.682506      99.95 1.5196e+03   1801.542      43238         15  0.000e+00
     25.526     25.274    -0.2734  27.987532    -0.2735  27.984220     7.8618     7.8865     1.4062    87.5585 4.4809e+01  -64.83108  -63.90170 344.682507      99.95 1.5196e+03   1801.583      43239         15  0.000e+00
     25.553     25.301    -0.2734  27.986265    -0.2738  27.984220     7.8570     7.8860     1.4062    87.5585 4.4809e+01  -64.83108  -63.90170 344.682507      99.98 1.5196e+03   1801.625      43240         15  0.000e+00
     25.498     25.247    -0.2736  27.985631    -0.2740  27.983938     7.8492     7.8853     1.4062    87.5585 4.4681e+01  -64.83108  -63.90170 344.682508      99.98 1.5196e+03   1801.667      43241         15  0.000e+00
     25.553     25.301    -0.2737  27.985919    -0.2740  27.983938     7.8574     7.8847     1.4062    87.5842 4.4681e+01  -64.83108  -63.90170 344.682508      99.98 1.5196e+03   1801.708      43242         15  0.000e+00
     25.574     25.322    -0.2742  27.986265    -0.2735  27.983938     7.8507     7.8847     1.4062    87.6100 4.4681e+01  -64.83108  -63.90170 344.682509      99.93 1.5196e+03   1801.750      43243         15  0.000e+00
     25.553     25.301    -0.2744  27.985400    -0.2735  27.984220     7.8497     7.8848     1.4062    87.6100 4.4681e+01  -64.83108  -63.90168 344.682509      99.95 1.5196e+03   1801.792      43244         15  0.000e+00
     25.553     25.301    -0.2750  27.984882    -0.2734  27.985233     7.8544     7.8840     1.4062    87.6100 4.4681e+01  -64.83108  -63.90168 344.682510      99.98 1.5196e+03   1801.833      43245         15  0.000e+00
     25.601     25.349    -0.2750  27.984133    -0.2735  27.985008     7.8487     7.8887     1.3989    87.6100 4.4554e+01  -64.83108  -63.90168 344.682510      99.98 1.5196e+03   1801.875      43246         15  0.000e+00
     25.574     25.322    -0.2747  27.984075    -0.2732  27.985514     7.8471     7.8886     1.4062    87.6100 4.4554e+01  -64.83108  -63.90168 344.682511      99.98 1.5196e+03   1801.917      43247         15  0.000e+00
     25.553     25.301    -0.2747  27.983902    -0.2732  27.985008     7.8455     7.8840     1.4062    87.6100 4.4554e+01  -64.83108  -63.90168 344.682511      99.98 1.5196e+03   1801.958      43248         15  0.000e+00
     25.601     25.349    -0.2747  27.983787    -0.2734  27.984726     7.8496     7.8895     1.4062    87.6100 4.4554e+01  -64.83108  -63.90168 344.682512      99.98 1.5196e+03   1802.000      43249         15  0.000e+00
     25.601     25.349    -0.2755  27.983557    -0.2734  27.984726     7.8506     7.8849     1.4062    87.6100 4.4427e+01  -64.83108  -63.90168 344.682512      99.95 1.5196e+03   1802.042      43250         15  0.000e+00
     25.574     25.322    -0.2756  27.983326    -0.2732  27.985008     7.8469     7.8847     1.4062    87.6100 4.4427e+01  -64.83108  -63.90168 344.682513      99.95 1.5196e+03   1802.083      43251         15  0.000e+00
     25.656     25.403    -0.2755  27.983557    -0.2732  27.985233     7.8521     7.8847     1.4062    87.6100 4.4427e+01  -64.83108  -63.90168 344.682513      99.98 1.5196e+03   1802.125      43252         15  0.000e+00
     25.553     25.301    -0.2758  27.983326    -0.2734  27.985514     7.8513     7.8837     1.4062    87.6100 4.4427e+01  -64.83108  -63.90168 344.682514      99.98 1.5196e+03   1802.167      43253         15  0.000e+00
     25.601     25.349    -0.2753  27.983269    -0.2737  27.985008     7.8504     7.8837     1.4062    87.6100 4.4427e+01  -64.83108  -63.90168 344.682514      99.95 1.5196e+03   1802.208      43254         15  0.000e+00
     25.628     25.376    -0.2755  27.984075    -0.2738  27.984445     7.8449     7.8891     1.3915    87.6100 4.4300e+01  -64.83108  -63.90168 344.682514      99.93 1.5196e+03   1802.250      43255         15  0.000e+00
     25.656     25.403    -0.2752  27.983326    -0.2735  27.984220     7.8496     7.8844     1.3915    87.6100 4.4300e+01  -64.83108  -63.90168 344.682515      99.95 1.5196e+03   1802.292      43256         15  0.000e+00
