NBP2113_155081_ctd/data/nbp2113_053.ros
* Sea-Bird SBE 9 Data File:
* FileName = D:\Data\raw\NBP2113_053.hex
* Software Version Seasave V 7.26.7.121
* Temperature SN = 2438
* Conductivity SN = 2067
* Number of Bytes Per Scan = 40
* Number of Voltage Words = 5
* Number of Scans Averaged by the Deck Unit = 1
* NMEA Latitude = 64 53.78 S
* NMEA Longitude = 064 39.15 W
* NMEA UTC (Time) = Dec 11 2021  18:56:20
* NMEA baud rate = 9600
** Ship: RVIB N.B. Palmer
** Cruise: NBP2113 LTER
** Station: 595.052
** Operator: S. Blackman
# nquan = 20
# nvalues = 490                                   
# units = specified
# name 0 = prDM: Pressure, Digiquartz [db]
# name 1 = depSM: Depth [salt water, m]
# name 2 = t090C: Temperature [ITS-90, deg C]
# name 3 = c0mS/cm: Conductivity [mS/cm]
# name 4 = t190C: Temperature, 2 [ITS-90, deg C]
# name 5 = c1mS/cm: Conductivity, 2 [mS/cm]
# name 6 = sbeox0ML/L: Oxygen, SBE 43 [ml/l]
# name 7 = sbeox1ML/L: Oxygen, SBE 43, 2 [ml/l]
# name 8 = flECO-AFL: Fluorescence, WET Labs ECO-AFL/FL [mg/m^3]
# name 9 = CStarTr0: Beam Transmission, WET Labs C-Star [%]
# name 10 = par: PAR/Irradiance, Biospherical/Licor
# name 11 = latitude: Latitude [deg]
# name 12 = longitude: Longitude [deg]
# name 13 = timeJ: Julian Days
# name 14 = altM: Altimeter [m]
# name 15 = spar: SPAR, Biospherical/Licor
# name 16 = timeS: Time, Elapsed [seconds]
# name 17 = scan: Scan Count
# name 18 = nbf: Bottles Fired
# name 19 = flag:  0.000e+00
# interval = seconds: 0.0416667
# start_time = Dec 11 2021 18:56:20 [NMEA time, header]
# bad_flag = -9.990e-29
*END*
[from data line 145]
    152.501    150.951     0.7481  29.374075     0.7478  29.372031     4.9671     5.0046     0.0069    91.7557 1.0000e-12  -64.89644  -64.65282 345.807151      99.98 6.4169e+02   1557.833      37389          3  0.000e+00
    152.515    150.965     0.7484  29.374897     0.7491  29.372833     4.9679     5.0045     0.0069    91.7557 1.0000e-12  -64.89644  -64.65282 345.807151      99.98 6.4169e+02   1557.875      37390          3  0.000e+00
    151.487    149.948     0.7439  29.370259     0.7434  29.369048     4.9643     5.0119     0.0069    91.7557 1.0000e-12  -64.89644  -64.65288 345.807265      99.98 6.3993e+02   1567.708      37626          4  0.000e+00
    151.432    149.894     0.7437  29.370494     0.7430  29.368475     4.9598     5.0127     0.0069    91.7557 1.0000e-12  -64.89644  -64.65288 345.807266      99.98 6.3993e+02   1567.750      37627          4  0.000e+00
    151.535    149.996     0.7436  29.370788     0.7430  29.368475     4.9641     5.0128     0.0069    91.7557 1.0000e-12  -64.89644  -64.65286 345.807266      99.98 6.3993e+02   1567.792      37628          4  0.000e+00
    151.549    150.009     0.7437  29.370201     0.7429  29.368762     4.9696     5.0127     0.0069    91.7557 1.0000e-12  -64.89644  -64.65286 345.807267      99.98 6.3993e+02   1567.833      37629          4  0.000e+00
    151.535    149.996     0.7439  29.369966     0.7427  29.368762     4.9651     5.0135     0.0069    91.7299 1.0000e-12  -64.89644  -64.65286 345.807267      99.98 6.3993e+02   1567.875      37630          4  0.000e+00
    151.535    149.996     0.7442  29.370201     0.7425  29.368475     4.9662     5.0142     0.0069    91.7557 1.0000e-12  -64.89644  -64.65286 345.807268      99.95 6.3993e+02   1567.917      37631          4  0.000e+00
    151.583    150.043     0.7438  29.370788     0.7434  29.368189     4.9731     5.0141     0.0069    91.7557 1.0000e-12  -64.89644  -64.65286 345.807268      99.95 6.3993e+02   1567.958      37632          4  0.000e+00
    151.597    150.057     0.7439  29.370788     0.7441  29.368475     4.9743     5.0139     0.0069    91.7557 1.0000e-12  -64.89644  -64.65286 345.807269      99.98 6.3993e+02   1568.000      37633          4  0.000e+00
    151.583    150.043     0.7437  29.370494     0.7446  29.369048     4.9684     5.0136     0.0069    91.7299 1.0000e-12  -64.89644  -64.65286 345.807269      99.98 6.3993e+02   1568.042      37634          4  0.000e+00
    151.638    150.098     0.7442  29.369966     0.7446  29.369851     4.9682     5.0134     0.0069    91.7557 1.0000e-12  -64.89644  -64.65286 345.807269      99.93 6.3993e+02   1568.083      37635          4  0.000e+00
    151.597    150.057     0.7447  29.370494     0.7442  29.370424     4.9736     5.0131     0.0069    91.7557 1.0000e-12  -64.89644  -64.65286 345.807270      99.95 6.3993e+02   1568.125      37636          4  0.000e+00
    151.741    150.199     0.7445  29.370495     0.7438  29.369851     4.9691     5.0131     0.0069    91.7557 1.0000e-12  -64.89644  -64.65286 345.807270      99.98 6.3993e+02   1568.167      37637          4  0.000e+00
    151.686    150.145     0.7442  29.371081     0.7435  29.369564     4.9688     5.0136     0.0069    91.7557 1.0000e-12  -64.89644  -64.65286 345.807271      99.98 6.3993e+02   1568.208      37638          4  0.000e+00
    151.686    150.145     0.7445  29.371023     0.7427  29.369564     4.9685     5.0134    -0.0004    91.7557 1.0000e-12  -64.89644  -64.65286 345.807271      99.98 6.3993e+02   1568.250      37639          4  0.000e+00
    151.755    150.213     0.7450  29.370495     0.7424  29.368476     4.9682     5.0132     0.0069    91.7557 1.0000e-12  -64.89644  -64.65286 345.807272      99.98 6.3993e+02   1568.292      37640          4  0.000e+00
    151.741    150.199     0.7452  29.371316     0.7425  29.367960     4.9722     5.0128     0.0069    91.7557 1.0000e-12  -64.89644  -64.65286 345.807272      99.98 6.3993e+02   1568.333      37641          4  0.000e+00
    151.789    150.247     0.7449  29.371903     0.7440  29.367960     4.9662     5.0131     0.0069    91.7557 1.0000e-12  -64.89644  -64.65286 345.807273      99.95 6.3993e+02   1568.375      37642          4  0.000e+00
    151.789    150.247     0.7445  29.371610     0.7450  29.369335     4.9714     5.0134     0.0069    91.7557 1.0000e-12  -64.89644  -64.65286 345.807273      99.95 6.3993e+02   1568.417      37643          4  0.000e+00
    151.851    150.308     0.7444  29.371316     0.7452  29.370654     4.9667     5.0129     0.0069    91.7557 1.0000e-12  -64.89644  -64.65286 345.807274      99.98 6.3993e+02   1568.458      37644          4  0.000e+00
    151.844    150.301     0.7445  29.371023     0.7453  29.370654     4.9662     5.0125     0.0069    91.7557 1.0000e-12  -64.89644  -64.65286 345.807274      99.98 6.3993e+02   1568.500      37645          4  0.000e+00
    151.940    150.396     0.7453  29.371082     0.7453  29.371513     4.9657     5.0120     0.0069    91.7557 1.0000e-12  -64.89644  -64.65286 345.807275      99.98 6.3816e+02   1568.542      37646          4  0.000e+00
    151.892    150.349     0.7459  29.371316     0.7458  29.370940     4.9707     5.0115     0.0069    91.7299 1.0000e-12  -64.89644  -64.65286 345.807275      99.93 6.3993e+02   1568.583      37647          4  0.000e+00
    151.906    150.362     0.7455  29.372724     0.7457  29.371227     4.9715     5.0109     0.0069    91.7042 1.0000e-12  -64.89644  -64.65286 345.807276      99.95 6.3816e+02   1568.625      37648          4  0.000e+00
    151.995    150.451     0.7448  29.372138     0.7452  29.371227     4.9710     5.0113     0.0069    91.7299 1.0000e-12  -64.89644  -64.65286 345.807276      99.98 6.3816e+02   1568.667      37649          4  0.000e+00
    151.995    150.451     0.7439  29.371610     0.7438  29.371227     4.9661     5.0117     0.0069    91.7042 1.0000e-12  -64.89644  -64.65286 345.807277      99.98 6.3816e+02   1568.708      37650          4  0.000e+00
    151.995    150.451     0.7437  29.371317     0.7436  29.370138     4.9710     5.0121     0.0069    91.7299 1.0000e-12  -64.89644  -64.65286 345.807277      99.98 6.3816e+02   1568.750      37651          4  0.000e+00
    152.057    150.512     0.7431  29.369968     0.7441  29.369852     4.9717     5.0123     0.0069    91.7299 1.0000e-12  -64.89644  -64.65284 345.807278      99.98 6.3816e+02   1568.792      37652          4  0.000e+00
    152.043    150.498     0.7428  29.369968     0.7436  29.369852     4.9653     5.0127    -0.0004    91.7299 1.0000e-12  -64.89644  -64.65284 345.807278      99.98 6.3816e+02   1568.833      37653          4  0.000e+00
    152.098    150.553     0.7425  29.369675     0.7434  29.370139     4.9658     5.0130     0.0069    91.7042 1.0000e-12  -64.89644  -64.65284 345.807279      99.98 6.3816e+02   1568.875      37654          4  0.000e+00
    152.098    150.553     0.7423  29.369088     0.7432  29.369566     4.9651     5.0133     0.0069    91.7299 1.0000e-12  -64.89644  -64.65284 345.807279      99.95 6.3816e+02   1568.917      37655          4  0.000e+00
    152.208    150.661     0.7425  29.368854     0.7425  29.369337     4.9644     5.0137     0.0069    91.7042 1.0000e-12  -64.89644  -64.65284 345.807280      99.95 6.3816e+02   1568.958      37656          4  0.000e+00
    152.146    150.600     0.7425  29.369147     0.7425  29.369050     4.9635     5.0131     0.0069    91.7299 1.0000e-12  -64.89644  -64.65284 345.807280      99.98 6.3816e+02   1569.000      37657          4  0.000e+00
    152.249    150.702     0.7428  29.369088     0.7425  29.368477     4.9641     5.0126     0.0069    91.7042 1.0000e-12  -64.89644  -64.65284 345.807281      99.98 6.3816e+02   1569.042      37658          4  0.000e+00
    152.249    150.702     0.7428  29.369675     0.7425  29.368477     4.9689     5.0128    -0.0004    91.7299 1.0000e-12  -64.89644  -64.65284 345.807281      99.95 6.3816e+02   1569.083      37659          4  0.000e+00
    152.263    150.716     0.7430  29.369675     0.7424  29.368764     4.9638     5.0130     0.0069    91.7042 1.0000e-12  -64.89644  -64.65284 345.807282      99.95 6.3816e+02   1569.125      37660          4  0.000e+00
    152.297    150.750     0.7430  29.369440     0.7425  29.368191     4.9630     5.0133     0.0069    91.7299 1.0000e-12  -64.89644  -64.65284 345.807282      99.98 6.3816e+02   1569.167      37661          4  0.000e+00
    152.297    150.750     0.7428  29.369968     0.7425  29.368764     4.9635     5.0135     0.0069    91.7299 1.0000e-12  -64.89644  -64.65284 345.807283      99.98 6.3816e+02   1569.208      37662          4  0.000e+00
    152.352    150.804     0.7423  29.369969     0.7423  29.368191     4.9642     5.0138     0.0069    91.7299 1.0000e-12  -64.89644  -64.65284 345.807283      99.98 6.3816e+02   1569.250      37663          4  0.000e+00
    152.414    150.865     0.7425  29.369382     0.7419  29.368191     4.9636     5.0140     0.0069    91.7299 1.0000e-12  -64.89644  -64.65284 345.807283      99.98 6.3816e+02   1569.292      37664          4  0.000e+00
    152.400    150.851     0.7428  29.369675     0.7418  29.367962     4.9642     5.0134     0.0069    91.7042 1.0000e-12  -64.89644  -64.65284 345.807284      99.98 6.3816e+02   1569.333      37665          4  0.000e+00
    152.455    150.906     0.7428  29.369676     0.7417  29.367962     4.9692     5.0128     0.0069    91.7042 1.0000e-12  -64.89644  -64.65284 345.807284      99.98 6.3816e+02   1569.375      37666          4  0.000e+00
    152.455    150.906     0.7430  29.369969     0.7418  29.367676     4.9697     5.0129     0.0069    91.7299 1.0000e-12  -64.89644  -64.65284 345.807285      99.95 6.3816e+02   1569.417      37667          4  0.000e+00
    152.517    150.967     0.7433  29.369969     0.7417  29.367962     4.9633     5.0131     0.0069    91.7299 1.0000e-12  -64.89644  -64.65284 345.807285      99.98 6.3816e+02   1569.458      37668          4  0.000e+00
    152.551    151.001     0.7432  29.369969     0.7412  29.367676     4.9639     5.0178     0.0069    91.7557 1.0000e-12  -64.89644  -64.65284 345.807286      99.98 6.3816e+02   1569.500      37669          4  0.000e+00
    152.551    151.001     0.7430  29.370204     0.7413  29.367389     4.9645     5.0133     0.0069    91.7557 1.0000e-12  -64.89644  -64.65284 345.807286      99.98 6.3816e+02   1569.542      37670          4  0.000e+00
    152.606    151.055     0.7426  29.369969     0.7410  29.367103     4.9695     5.0127     0.0069    91.7557 1.0000e-12  -64.89644  -64.65284 345.807287      99.95 6.3816e+02   1569.583      37671          4  0.000e+00
    152.565    151.014     0.7425  29.369676     0.7412  29.367389     4.9631     5.0118     0.0069    91.7557 1.0000e-12  -64.89644  -64.65284 345.807287      99.95 6.3816e+02   1569.625      37672          4  0.000e+00
    152.654    151.103     0.7418  29.369676     0.7410  29.367390     4.9581     5.0110     0.0069    91.7557 1.0000e-12  -64.89644  -64.65284 345.807288      99.98 6.3816e+02   1569.667      37673          4  0.000e+00
    152.654    151.103     0.7420  29.369383     0.7407  29.366587     4.9674     5.0057     0.0069    91.7557 1.0000e-12  -64.89644  -64.65284 345.807288      99.98 6.3816e+02   1569.708      37674          4  0.000e+00
    101.824    100.802     0.1752  28.761539     0.1813  28.756707     5.7578     5.8049     0.0216    91.3179 3.6446e-01  -64.89644  -64.65292 345.808435      99.98 6.7342e+02   1668.792      40052          5  0.000e+00
    101.756    100.734     0.1667  28.753973     0.1776  28.756992     5.7576     5.8069     0.0216    91.3179 3.6446e-01  -64.89644  -64.65292 345.808436      99.98 6.7342e+02   1668.833      40053          5  0.000e+00
    101.824    100.802     0.1606  28.743963     0.1763  28.754263     5.7618     5.8080     0.0216    91.3179 3.6156e-01  -64.89644  -64.65292 345.808436      99.95 6.7342e+02   1668.875      40054          5  0.000e+00
    101.824    100.802     0.1523  28.735351     0.1766  28.750567     5.7663     5.8089     0.0216    91.3179 3.6156e-01  -64.89644  -64.65292 345.808437      99.95 6.7342e+02   1668.917      40055          5  0.000e+00
    101.852    100.829     0.1462  28.728602     0.1756  28.751079     5.7762     5.8099     0.0289    91.3179 3.6156e-01  -64.89644  -64.65292 345.808437      99.98 6.7342e+02   1668.958      40056          5  0.000e+00
    101.879    100.856     0.1484  28.718594     0.1734  28.750568     5.7752     5.8112     0.0216    91.3179 3.6156e-01  -64.89644  -64.65292 345.808438      99.98 6.7342e+02   1669.000      40057          5  0.000e+00
    101.955    100.931     0.1531  28.715627     0.1689  28.748351     5.7766     5.8130     0.0216    91.3179 3.6156e-01  -64.89644  -64.65292 345.808438      99.98 6.7518e+02   1669.042      40058          5  0.000e+00
    101.927    100.904     0.1550  28.722376     0.1612  28.744373     5.7736     5.8144     0.0216    91.3179 3.6156e-01  -64.89644  -64.65292 345.808438      99.95 6.7342e+02   1669.083      40059          5  0.000e+00
    101.955    100.931     0.1545  28.727496     0.1581  28.735505     5.7799     5.8156     0.0289    91.3179 3.6156e-01  -64.89644  -64.65292 345.808439      99.98 6.7342e+02   1669.125      40060          5  0.000e+00
    101.927    100.904     0.1534  28.729125     0.1544  28.729367     5.7820     5.8220     0.0216    91.3179 3.6156e-01  -64.89644  -64.65292 345.808439      99.98 6.7342e+02   1669.167      40061          5  0.000e+00
    102.057    101.033     0.1524  28.728602     0.1524  28.727208     5.7831     5.8245     0.0289    91.3179 3.6156e-01  -64.89644  -64.65292 345.808440      99.98 6.7518e+02   1669.208      40062          5  0.000e+00
    101.982    100.958     0.1526  28.727263     0.1542  28.724764     5.7910     5.8255     0.0216    91.3179 3.6156e-01  -64.89644  -64.65292 345.808440      99.98 6.7518e+02   1669.250      40063          5  0.000e+00
    102.030    101.006     0.1528  28.727263     0.1575  28.726185     5.7888     5.8262     0.0216    91.3179 3.5867e-01  -64.89644  -64.65292 345.808441      99.98 6.7518e+02   1669.292      40064          5  0.000e+00
    102.112    101.087     0.1535  28.728078     0.1591  28.730163     5.7909     5.8270     0.0216    91.3179 3.5867e-01  -64.89644  -64.65292 345.808441      99.98 6.7518e+02   1669.333      40065          5  0.000e+00
    102.078    101.053     0.1532  28.728602     0.1606  28.733118     5.7932     5.8331     0.0216    91.3179 3.5867e-01  -64.89644  -64.65292 345.808442      99.95 6.7518e+02   1669.375      40066          5  0.000e+00
    102.160    101.135     0.1535  28.728835     0.1617  28.734426     5.8013     5.8295     0.0216    91.3179 3.5867e-01  -64.89644  -64.65292 345.808442      99.95 6.7518e+02   1669.417      40067          5  0.000e+00
    102.133    101.107     0.1546  28.729416     0.1623  28.736074     5.8034     5.8305     0.0289    91.3179 3.5867e-01  -64.89644  -64.65292 345.808443      99.98 6.7518e+02   1669.458      40068          5  0.000e+00
    102.160    101.135     0.1552  28.729707     0.1622  28.736586     5.7941     5.8316     0.0216    91.3179 3.5867e-01  -64.89644  -64.65292 345.808443      99.98 6.7518e+02   1669.500      40069          5  0.000e+00
    102.181    101.155     0.1559  28.730755     0.1613  28.736586     5.7950     5.8328     0.0216    91.3179 3.5867e-01  -64.89644  -64.65292 345.808444      99.98 6.7518e+02   1669.542      40070          5  0.000e+00
    102.181    101.155     0.1574  28.731046     0.1606  28.735790     5.8060     5.8332     0.0289    91.3179 3.5578e-01  -64.89644  -64.65292 345.808444      99.93 6.7518e+02   1669.583      40071          5  0.000e+00
    102.263    101.236     0.1585  28.732617     0.1594  28.735506     5.8025     5.8345     0.0216    91.3179 3.5867e-01  -64.89644  -64.65292 345.808445      99.93 6.7518e+02   1669.625      40072          5  0.000e+00
