NBP2113_155081_ctd/data/nbp2113_054.ros
* Sea-Bird SBE 9 Data File:
* FileName = D:\Data\raw\NBP2113_054.hex
* Software Version Seasave V 7.26.7.121
* Temperature SN = 2438
* Conductivity SN = 2067
* Number of Bytes Per Scan = 40
* Number of Voltage Words = 5
* Number of Scans Averaged by the Deck Unit = 1
* NMEA Latitude = 64 52.85 S
* NMEA Longitude = 064 38.20 W
* NMEA UTC (Time) = Dec 11 2021  19:48:22
* NMEA baud rate = 9600
** Ship: RVIB N.B. Palmer
** Cruise: NBP2113 LTER
** Station: 597.052
** Operator: S. Blackman
# nquan = 20
# nvalues = 490                                   
# units = specified
# name 0 = prDM: Pressure, Digiquartz [db]
# name 1 = depSM: Depth [salt water, m]
# name 2 = t090C: Temperature [ITS-90, deg C]
# name 3 = c0mS/cm: Conductivity [mS/cm]
# name 4 = t190C: Temperature, 2 [ITS-90, deg C]
# name 5 = c1mS/cm: Conductivity, 2 [mS/cm]
# name 6 = sbeox0ML/L: Oxygen, SBE 43 [ml/l]
# name 7 = sbeox1ML/L: Oxygen, SBE 43, 2 [ml/l]
# name 8 = flECO-AFL: Fluorescence, WET Labs ECO-AFL/FL [mg/m^3]
# name 9 = CStarTr0: Beam Transmission, WET Labs C-Star [%]
# name 10 = par: PAR/Irradiance, Biospherical/Licor
# name 11 = latitude: Latitude [deg]
# name 12 = longitude: Longitude [deg]
# name 13 = timeJ: Julian Days
# name 14 = altM: Altimeter [m]
# name 15 = spar: SPAR, Biospherical/Licor
# name 16 = timeS: Time, Elapsed [seconds]
# name 17 = scan: Scan Count
# name 18 = nbf: Bottles Fired
# name 19 = flag:  0.000e+00
# interval = seconds: 0.0416667
# start_time = Dec 11 2021 19:48:22 [NMEA time, header]
# bad_flag = -9.990e-29
*END*
    443.761    438.944     1.3282  30.112829     1.3308  30.115497     4.2660     4.3221    -0.0004    91.1634 1.0000e-12  -64.88092  -64.63694 345.837925       8.69 5.8880e+02   1094.750      26275          1  0.000e+00
    443.796    438.978     1.3281  30.113125     1.3311  30.115613     4.2712     4.3169    -0.0004    91.1377 1.0000e-12  -64.88092  -64.63694 345.837926       8.69 5.8880e+02   1094.792      26276          1  0.000e+00
    443.796    438.978     1.3283  30.113125     1.3321  30.115208     4.2603     4.3162    -0.0004    91.1634 1.0000e-12  -64.88092  -64.63694 345.837926       8.69 5.8880e+02   1094.833      26277          1  0.000e+00
    443.816    438.998     1.3282  30.113125     1.3322  30.115786     4.2643     4.3164    -0.0004    91.1634 1.0000e-12  -64.88092  -64.63694 345.837927       8.69 5.8880e+02   1094.875      26278          1  0.000e+00
    443.851    439.032     1.3282  30.113421     1.3331  30.116596     4.2637     4.3158    -0.0004    91.1634 1.0000e-12  -64.88092  -64.63694 345.837927       8.72 5.8880e+02   1094.917      26279          1  0.000e+00
    443.796    438.978     1.3281  30.113362     1.3342  30.116596     4.2631     4.3205    -0.0004    91.1634 1.0000e-12  -64.88092  -64.63694 345.837928       8.69 5.8880e+02   1094.958      26280          1  0.000e+00
    443.816    438.998     1.3283  30.113125     1.3346  30.117695     4.2582     4.3153     0.0069    91.1634 1.0000e-12  -64.88092  -64.63694 345.837928       8.69 5.8880e+02   1095.000      26281          1  0.000e+00
    443.851    439.032     1.3282  30.113362     1.3346  30.118563     4.2622     4.3155    -0.0004    91.1634 1.0000e-12  -64.88092  -64.63694 345.837929       8.69 5.8880e+02   1095.042      26282          1  0.000e+00
    443.865    439.046     1.3282  30.113362     1.3352  30.118274     4.2618     4.3149     0.0069    91.1634 1.0000e-12  -64.88092  -64.63694 345.837929       8.72 5.8880e+02   1095.083      26283          1  0.000e+00
    443.796    438.978     1.3284  30.113125     1.3360  30.118274     4.2627     4.3142    -0.0004    91.1634 1.0000e-12  -64.88092  -64.63694 345.837930       8.72 5.8880e+02   1095.125      26284          1  0.000e+00
    443.851    439.032     1.3284  30.113658     1.3356  30.118274     4.2623     4.3137    -0.0004    91.1634 1.0000e-12  -64.88092  -64.63694 345.837930       8.72 5.8880e+02   1095.167      26285          1  0.000e+00
    443.920    439.101     1.3286  30.113658     1.3356  30.118390     4.2677     4.3141    -0.0004    91.1634 1.0000e-12  -64.88092  -64.63694 345.837931       8.74 5.8880e+02   1095.208      26286          1  0.000e+00
    443.851    439.032     1.3282  30.113125     1.3349  30.118853     4.2628     4.3145     0.0069    91.1634 1.0000e-12  -64.88092  -64.63694 345.837931       8.74 5.8880e+02   1095.250      26287          1  0.000e+00
    443.899    439.080     1.3285  30.113125     1.3349  30.118853     4.2682     4.3140    -0.0004    91.1892 1.0000e-12  -64.88092  -64.63694 345.837932       8.72 5.8880e+02   1095.292      26288          1  0.000e+00
    443.865    439.046     1.3282  30.113362     1.3358  30.119373     4.2690     4.3134    -0.0004    91.1634 1.0000e-12  -64.88092  -64.63694 345.837932       8.72 5.8880e+02   1095.333      26289          1  0.000e+00
    443.899    439.080     1.3282  30.113421     1.3358  30.119663     4.2640     4.3192    -0.0004    91.1634 1.0000e-12  -64.88092  -64.63694 345.837933       8.72 5.8880e+02   1095.375      26290          1  0.000e+00
    443.816    438.998     1.3284  30.113125     1.3360  30.119952     4.2634     4.3195    -0.0004    91.1634 1.0000e-12  -64.88092  -64.63694 345.837933       8.72 5.8880e+02   1095.417      26291          1  0.000e+00
    443.954    439.135     1.3283  30.113658     1.3360  30.120531     4.2615     4.3144    -0.0004    91.1634 1.0000e-12  -64.88092  -64.63694 345.837934       8.74 5.8880e+02   1095.458      26292          1  0.000e+00
    443.899    439.080     1.3284  30.113362     1.3356  30.120241     4.2595     4.3139     0.0069    91.1634 1.0000e-12  -64.88092  -64.63694 345.837934       8.74 5.8880e+02   1095.500      26293          1  0.000e+00
    443.920    439.101     1.3283  30.113125     1.3361  30.120241     4.2545     4.3188    -0.0004    91.1634 1.0000e-12  -64.88092  -64.63694 345.837935       8.72 5.8880e+02   1095.542      26294          1  0.000e+00
    443.954    439.135     1.3285  30.113658     1.3366  30.120299     4.2641     4.3136    -0.0077    91.1634 1.0000e-12  -64.88092  -64.63694 345.837935       8.69 5.8880e+02   1095.583      26295          1  0.000e+00
    443.899    439.080     1.3288  30.113954     1.3366  30.120530     4.2590     4.3184    -0.0150    91.1634 1.0000e-12  -64.88092  -64.63694 345.837935       8.64 5.8880e+02   1095.625      26296          1  0.000e+00
    443.920    439.101     1.3290  30.113125     1.3361  30.119952     4.2598     4.3142    -0.0150    91.1634 1.0000e-12  -64.88092  -64.63694 345.837936       8.62 5.8880e+02   1095.667      26297          1  0.000e+00
    443.899    439.080     1.3291  30.113954     1.3360  30.119373     4.2606     4.3200    -0.0150    91.1634 1.0000e-12  -64.88092  -64.63694 345.837936       8.62 5.8880e+02   1095.708      26298          1  0.000e+00
    443.954    439.135     1.3292  30.113658     1.3346  30.119374     4.2601     4.3213    -0.0150    91.1634 1.0000e-12  -64.88092  -64.63694 345.837937       8.62 5.8880e+02   1095.750      26299          1  0.000e+00
    443.920    439.101     1.3290  30.113954     1.3338  30.118853     4.2610     4.3217    -0.0150    91.1634 1.0000e-12  -64.88092  -64.63694 345.837937       8.64 5.8880e+02   1095.792      26300          1  0.000e+00
    443.954    439.135     1.3291  30.113954     1.3342  30.118564     4.2562     4.3219    -0.0150    91.1634 1.0000e-12  -64.88092  -64.63694 345.837938       8.62 5.8880e+02   1095.833      26301          1  0.000e+00
    443.865    439.046     1.3289  30.114191     1.3347  30.118563     4.2602     4.3175    -0.0150    91.1634 1.0000e-12  -64.88092  -64.63694 345.837938       8.64 5.8880e+02   1095.875      26302          1  0.000e+00
    444.003    439.182     1.3291  30.113955     1.3349  30.119374     4.2600     4.3178    -0.0150    91.1634 1.0000e-12  -64.88092  -64.63694 345.837939       8.64 5.8880e+02   1095.917      26303          1  0.000e+00
    443.954    439.135     1.3292  30.114487     1.3350  30.119200     4.2596     4.3181    -0.0150    91.1634 1.0000e-12  -64.88092  -64.63694 345.837939       8.64 5.8880e+02   1095.958      26304          1  0.000e+00
    443.968    439.148     1.3294  30.114191     1.3350  30.118564     4.2650     4.3176    -0.0150    91.1634 1.0000e-12  -64.88092  -64.63694 345.837940       8.64 5.8880e+02   1096.000      26305          1  0.000e+00
    443.954    439.135     1.3294  30.114250     1.3350  30.119084     4.2660     4.3170    -0.0150    91.1892 1.0000e-12  -64.88092  -64.63694 345.837940       8.64 5.8880e+02   1096.042      26306          1  0.000e+00
    443.954    439.135     1.3294  30.114191     1.3346  30.119084     4.2625     4.3165    -0.0150    91.1892 1.0000e-12  -64.88092  -64.63694 345.837941       8.62 5.8880e+02   1096.083      26307          1  0.000e+00
    443.968    439.148     1.3294  30.114487     1.3342  30.118853     4.2679     4.3215    -0.0150    91.1892 1.0000e-12  -64.88092  -64.63694 345.837941       8.52 5.8880e+02   1096.125      26308          1  0.000e+00
    443.954    439.135     1.3294  30.114191     1.3339  30.118564     4.2688     4.3218    -0.0150    91.1892 1.0000e-12  -64.88092  -64.63694 345.837942       8.47 5.9057e+02   1096.167      26309          1  0.000e+00
    443.954    439.135     1.3294  30.114783     1.3340  30.117696     4.2652     4.3221    -0.0150    91.1892 1.0000e-12  -64.88092  -64.63694 345.837942       8.45 5.9057e+02   1096.208      26310          1  0.000e+00
    443.968    439.148     1.3293  30.114783     1.3338  30.117696     4.2648     4.3224    -0.0150    91.1892 1.0000e-12  -64.88092  -64.63694 345.837943       8.47 5.9057e+02   1096.250      26311          1  0.000e+00
    443.954    439.135     1.3297  30.114783     1.3336  30.117464     4.2701     4.3234    -0.0150    91.1892 1.0000e-12  -64.88092  -64.63694 345.837943       8.47 5.8880e+02   1096.292      26312          1  0.000e+00
    443.954    439.135     1.3294  30.114487     1.3333  30.117812     4.2651     4.3236    -0.0150    91.1892 1.0000e-12  -64.88092  -64.63694 345.837944       8.47 5.9057e+02   1096.333      26313          1  0.000e+00
    443.968    439.148     1.3297  30.115080     1.3335  30.117696     4.2660     4.3247    -0.0077    91.1892 1.0000e-12  -64.88092  -64.63694 345.837944       8.47 5.9057e+02   1096.375      26314          1  0.000e+00
    443.954    439.135     1.3296  30.114783     1.3333  30.117696     4.2656     4.3257    -0.0150    91.1892 1.0000e-12  -64.88092  -64.63694 345.837945       8.47 5.8880e+02   1096.417      26315          1  0.000e+00
    443.968    439.148     1.3297  30.115080     1.3335  30.117175     4.2651     4.3268    -0.0150    91.1892 1.0000e-12  -64.88092  -64.63694 345.837945       8.47 5.9057e+02   1096.458      26316          1  0.000e+00
    443.954    439.135     1.3298  30.114783     1.3333  30.117465     4.2647     4.3269    -0.0150    91.1892 1.0000e-12  -64.88092  -64.63694 345.837946       8.47 5.9057e+02   1096.500      26317          1  0.000e+00
    443.954    439.135     1.3297  30.115316     1.3333  30.117465     4.2642     4.3215    -0.0150    91.1892 1.0000e-12  -64.88092  -64.63694 345.837946       8.47 5.9057e+02   1096.542      26318          1  0.000e+00
    443.920    439.101     1.3297  30.114783     1.3330  30.117696     4.2638     4.3263    -0.0150    91.1892 1.0000e-12  -64.88092  -64.63694 345.837947       8.45 5.9057e+02   1096.583      26319          1  0.000e+00
    443.954    439.135     1.3297  30.114783     1.3325  30.117465     4.2647     4.3264    -0.0150    91.1892 1.0000e-12  -64.88092  -64.63694 345.837947       8.35 5.9057e+02   1096.625      26320          1  0.000e+00
    443.954    439.135     1.3301  30.114783     1.3322  30.116886     4.2657     4.3265    -0.0150    91.1892 1.0000e-12  -64.88092  -64.63694 345.837948       8.35 5.9057e+02   1096.667      26321          1  0.000e+00
    443.968    439.148     1.3307  30.115079     1.3321  30.117291     4.2711     4.3210    -0.0150    91.1892 1.0000e-12  -64.88092  -64.63694 345.837948       8.35 5.9057e+02   1096.708      26322          1  0.000e+00
    443.899    439.080     1.3320  30.115612     1.3316  30.116307     4.2661     4.3211    -0.0150    91.1892 1.0000e-12  -64.88092  -64.63694 345.837948       8.35 5.9057e+02   1096.750      26323          1  0.000e+00
    444.109    439.287     1.3396  30.124910     1.3394  30.123539     4.2444     4.3085    -0.0077    91.1634 1.0000e-12  -64.88092  -64.63698 345.838086       8.06 5.9585e+02   1108.667      26609          2  0.000e+00
    444.026    439.205     1.3399  30.124555     1.3395  30.123829     4.2498     4.3085    -0.0004    91.1892 1.0000e-12  -64.88092  -64.63698 345.838087       8.06 5.9585e+02   1108.708      26610          2  0.000e+00
    444.060    439.239     1.3388  30.124614     1.3393  30.124118     4.2510     4.3087    -0.0004    91.1892 1.0000e-12  -64.88092  -64.63698 345.838087       8.06 5.9585e+02   1108.750      26611          2  0.000e+00
    444.074    439.253     1.3372  30.124555     1.3391  30.124118     4.2465     4.3089     0.0069    91.1634 1.0000e-12  -64.88092  -64.63698 345.838088       8.06 5.9585e+02   1108.792      26612          2  0.000e+00
    443.957    439.137     1.3364  30.123489     1.3381  30.123828     4.2464     4.3091     0.0069    91.1892 1.0000e-12  -64.88092  -64.63698 345.838088       8.06 5.9585e+02   1108.833      26613          2  0.000e+00
    444.060    439.239     1.3358  30.122068     1.3366  30.123019     4.2452     4.3087    -0.0004    91.1892 1.0000e-12  -64.88092  -64.63698 345.838089       8.06 5.9585e+02   1108.875      26614          2  0.000e+00
    444.026    439.205     1.3355  30.121179     1.3361  30.121977     4.2497     4.3090     0.0069    91.1892 1.0000e-12  -64.88092  -64.63698 345.838089       8.06 5.9585e+02   1108.917      26615          2  0.000e+00
    444.005    439.185     1.3350  30.121534     1.3366  30.120762     4.2439     4.3093     0.0069    91.1634 1.0000e-12  -64.88092  -64.63698 345.838090       8.06 5.9585e+02   1108.958      26616          2  0.000e+00
    444.005    439.185     1.3348  30.120646     1.3362  30.120762     4.2542     4.3097     0.0069    91.1892 1.0000e-12  -64.88092  -64.63698 345.838090       8.06 5.9585e+02   1109.000      26617          2  0.000e+00
    444.026    439.205     1.3348  30.120113     1.3355  30.120762     4.2498     4.3101     0.0069    91.1892 1.0000e-12  -64.88092  -64.63698 345.838091       8.06 5.9585e+02   1109.042      26618          2  0.000e+00
    443.957    439.137     1.3343  30.120350     1.3347  30.119952     4.2454     4.3106     0.0069    91.1634 1.0000e-12  -64.88092  -64.63698 345.838091       8.08 5.9585e+02   1109.083      26619          2  0.000e+00
    443.957    439.137     1.3340  30.119580     1.3341  30.118853     4.2514     4.3102    -0.0004    91.1892 1.0000e-12  -64.88092  -64.63698 345.838092       8.16 5.9585e+02   1109.125      26620          2  0.000e+00
    443.971    439.151     1.3343  30.119817     1.3340  30.118274     4.2516     4.3161    -0.0004    91.1634 1.0000e-12  -64.88092  -64.63698 345.838092       8.18 5.9585e+02   1109.167      26621          2  0.000e+00
    443.957    439.137     1.3345  30.119521     1.3342  30.117985     4.2531     4.3174     0.0069    91.1892 1.0000e-12  -64.88092  -64.63698 345.838093       8.18 5.9585e+02   1109.208      26622          2  0.000e+00
    443.971    439.151     1.3348  30.119817     1.3355  30.118274     4.2475     4.3131     0.0069    91.1892 1.0000e-12  -64.88092  -64.63698 345.838093       8.18 5.9585e+02   1109.250      26623          2  0.000e+00
    443.902    439.083     1.3353  30.120113     1.3358  30.119200     4.2522     4.3134     0.0069    91.1634 1.0000e-12  -64.88092  -64.63698 345.838094       8.18 5.9585e+02   1109.292      26624          2  0.000e+00
    443.902    439.083     1.3360  30.120409     1.3364  30.119952     4.2524     4.3139     0.0069    91.1892 1.0000e-12  -64.88092  -64.63698 345.838094       8.18 5.9585e+02   1109.333      26625          2  0.000e+00
    443.922    439.103     1.3372  30.120942     1.3373  30.120241     4.2481     4.3134    -0.0004    91.1892 1.0000e-12  -64.88092  -64.63698 345.838095       8.18 5.9585e+02   1109.375      26626          2  0.000e+00
    443.902    439.083     1.3375  30.122067     1.3374  30.121340     4.2529     4.3130    -0.0004    91.1634 1.0000e-12  -64.88092  -64.63698 345.838095       8.18 5.9585e+02   1109.417      26627          2  0.000e+00
    443.853    439.035     1.3371  30.122896     1.3369  30.121919     4.2533     4.3126    -0.0004    91.1892 1.0000e-12  -64.88092  -64.63698 345.838096       8.18 5.9585e+02   1109.458      26628          2  0.000e+00
    443.867    439.049     1.3372  30.122659     1.3361  30.121630     4.2493     4.3133     0.0069    91.1892 1.0000e-12  -64.88092  -64.63698 345.838096       8.18 5.9585e+02   1109.500      26629          2  0.000e+00
    443.854    439.035     1.3378  30.122067     1.3358  30.120530     4.2484     4.3139    -0.0004    91.1892 1.0000e-12  -64.88092  -64.63698 345.838097       8.18 5.9585e+02   1109.542      26630          2  0.000e+00
    443.854    439.035     1.3374  30.122304     1.3360  30.120241     4.2534     4.3191    -0.0004    91.1892 1.0000e-12  -64.88092  -64.63698 345.838097       8.21 5.9585e+02   1109.583      26631          2  0.000e+00
