NBP2113_155081_ctd/data/nbp2113_040.ros
* Sea-Bird SBE 9 Data File:
* FileName = D:\Data\raw\NBP2113_040.hex
* Software Version Seasave V 7.26.7.121
* Temperature SN = 2438
* Conductivity SN = 2067
* Number of Bytes Per Scan = 40
* Number of Voltage Words = 5
* Number of Scans Averaged by the Deck Unit = 1
* NMEA Latitude = 64 51.74 S
* NMEA Longitude = 063 55.31 W
* NMEA UTC (Time) = Dec 10 2021  12:43:38
* NMEA baud rate = 9600
** Ship: RVIB N.B. Palmer
** Cruise: NBP2113 LTER
** Station: 621.028
** Operator: B. Urmston
# nquan = 20
# nvalues = 1139                                  
# units = specified
# name 0 = prDM: Pressure, Digiquartz [db]
# name 1 = depSM: Depth [salt water, m]
# name 2 = t090C: Temperature [ITS-90, deg C]
# name 3 = c0mS/cm: Conductivity [mS/cm]
# name 4 = t190C: Temperature, 2 [ITS-90, deg C]
# name 5 = c1mS/cm: Conductivity, 2 [mS/cm]
# name 6 = sbeox0ML/L: Oxygen, SBE 43 [ml/l]
# name 7 = sbeox1ML/L: Oxygen, SBE 43, 2 [ml/l]
# name 8 = flECO-AFL: Fluorescence, WET Labs ECO-AFL/FL [mg/m^3]
# name 9 = CStarTr0: Beam Transmission, WET Labs C-Star [%]
# name 10 = par: PAR/Irradiance, Biospherical/Licor
# name 11 = latitude: Latitude [deg]
# name 12 = longitude: Longitude [deg]
# name 13 = timeJ: Julian Days
# name 14 = altM: Altimeter [m]
# name 15 = spar: SPAR, Biospherical/Licor
# name 16 = timeS: Time, Elapsed [seconds]
# name 17 = scan: Scan Count
# name 18 = nbf: Bottles Fired
# name 19 = flag:  0.000e+00
# interval = seconds: 0.0416667
# start_time = Dec 10 2021 12:43:38 [NMEA time, header]
# bad_flag = -9.990e-29
*END*
[from data line 290]
    252.411    249.786     1.0519  29.735385     1.0525  29.735381     4.5948     4.6792    -0.0004    94.7426 1.0000e-12  -64.86196  -63.92208 344.545928      99.95 3.3142e+02   1350.167      32405          6  0.000e+00
    252.363    249.739     1.0524  29.735915     1.0527  29.735093     4.5954     4.6791    -0.0004    94.7426 1.0000e-12  -64.86196  -63.92208 344.545928      99.95 3.3142e+02   1350.208      32406          6  0.000e+00
    252.466    249.841     1.0525  29.735915     1.0528  29.735381     4.5893     4.6790    -0.0004    94.7426 1.0000e-12  -64.86196  -63.92208 344.545929      99.98 3.3142e+02   1350.250      32407          6  0.000e+00
    252.411    249.786     1.0528  29.736210     1.0527  29.735381     4.5945     4.6735    -0.0004    94.7426 1.0000e-12  -64.86196  -63.92208 344.545929      99.98 3.3142e+02   1350.292      32408          6  0.000e+00
    202.471    200.390     0.7701  29.418052     0.7699  29.418030     4.9014     4.9724     0.0143    94.6911 1.0000e-12  -64.86210  -63.92198 344.547136      99.98 3.1379e+02   1454.583      34911          7  0.000e+00
    202.423    200.342     0.7698  29.417817     0.7693  29.417170     4.9073     4.9726     0.0143    94.6911 1.0000e-12  -64.86210  -63.92198 344.547137      99.98 3.1379e+02   1454.625      34912          7  0.000e+00
    202.471    200.390     0.7698  29.416761     0.7691  29.416367     4.9090     4.9728     0.0143    94.6911 1.0000e-12  -64.86210  -63.92198 344.547137      99.95 3.1379e+02   1454.667      34913          7  0.000e+00
    202.423    200.342     0.7696  29.417230     0.7690  29.415851     4.9093     4.9730     0.0143    94.6911 1.0000e-12  -64.86210  -63.92198 344.547138      99.95 3.1379e+02   1454.708      34914          7  0.000e+00
    202.368    200.288     0.7692  29.416995     0.7690  29.415851     4.9097     4.9723     0.0143    94.6911 1.0000e-12  -64.86210  -63.92198 344.547138      99.98 3.1379e+02   1454.750      34915          7  0.000e+00
    202.423    200.342     0.7700  29.417230     0.7691  29.416023     4.9113     4.9725     0.0143    94.6911 1.0000e-12  -64.86210  -63.92200 344.547139      99.98 3.1379e+02   1454.792      34916          7  0.000e+00
    202.368    200.288     0.7715  29.417288     0.7698  29.415564     4.9115     4.9727     0.0143    94.6911 1.0000e-12  -64.86210  -63.92200 344.547139      99.98 3.1379e+02   1454.833      34917          7  0.000e+00
    202.368    200.288     0.7737  29.418638     0.7715  29.416654     4.9115     4.9674     0.0143    94.6654 1.0000e-12  -64.86210  -63.92200 344.547140      99.98 3.1379e+02   1454.875      34918          7  0.000e+00
    202.368    200.288     0.7764  29.421338     0.7736  29.418316     4.9058     4.9719     0.0143    94.6654 1.0000e-12  -64.86210  -63.92200 344.547140      99.98 3.1379e+02   1454.917      34919          7  0.000e+00
    202.320    200.241     0.7786  29.424156     0.7757  29.419922     4.9173     4.9720     0.0143    94.6654 1.0000e-12  -64.86210  -63.92200 344.547141      99.98 3.1379e+02   1454.958      34920          7  0.000e+00
    202.320    200.241     0.7820  29.426621     0.7778  29.422101     4.9142     4.9712     0.0143    94.6654 1.0000e-12  -64.86210  -63.92200 344.547141      99.95 3.1379e+02   1455.000      34921          7  0.000e+00
    202.368    200.288     0.7864  29.430731     0.7800  29.424280     4.9140     4.9713    -0.0004    94.6654 1.0000e-12  -64.86210  -63.92200 344.547142      99.98 3.1379e+02   1455.042      34922          7  0.000e+00
    202.272    200.193     0.7901  29.435427     0.7817  29.427606     4.9138     4.9705    -0.0004    94.6654 1.0000e-12  -64.86210  -63.92200 344.547142      99.98 3.1379e+02   1455.083      34923          7  0.000e+00
    202.320    200.241     0.7933  29.438715     0.7849  29.429899     4.9152     4.9696    -0.0004    94.6654 1.0000e-12  -64.86210  -63.92200 344.547143      99.98 3.1379e+02   1455.125      34924          7  0.000e+00
    202.272    200.193     0.7950  29.442884     0.7877  29.432767     4.9153     4.9687    -0.0004    94.6654 1.0000e-12  -64.86210  -63.92200 344.547143      99.95 3.1379e+02   1455.167      34925          7  0.000e+00
    202.272    200.193     0.7976  29.445056     0.7902  29.435233     4.9155     4.9626    -0.0004    94.6654 1.0000e-12  -64.86210  -63.92200 344.547144      99.95 3.1379e+02   1455.208      34926          7  0.000e+00
    202.272    200.193     0.7994  29.446935     0.7921  29.437412     4.9157     4.9673    -0.0004    94.6654 1.0000e-12  -64.86210  -63.92200 344.547144      99.98 3.1379e+02   1455.250      34927          7  0.000e+00
    202.217    200.139     0.8000  29.448345     0.7931  29.439592     4.9161     4.9676    -0.0004    94.6654 1.0000e-12  -64.86210  -63.92200 344.547145      99.98 3.1379e+02   1455.292      34928          7  0.000e+00
    202.272    200.193     0.8007  29.449226     0.7951  29.441083     4.9222     4.9679    -0.0004    94.6654 1.0000e-12  -64.86210  -63.92200 344.547145      99.98 3.1379e+02   1455.333      34929          7  0.000e+00
    202.169    200.091     0.8010  29.449695     0.7959  29.442344     4.9169     4.9682    -0.0004    94.6654 1.0000e-12  -64.86210  -63.92200 344.547146      99.98 3.1379e+02   1455.375      34930          7  0.000e+00
    202.217    200.139     0.8013  29.449989     0.7973  29.443721     4.9286     4.9687    -0.0004    94.6654 1.0000e-12  -64.86210  -63.92200 344.547146      99.98 3.1379e+02   1455.417      34931          7  0.000e+00
    202.169    200.091     0.8014  29.450341     0.7976  29.445040     4.9258     4.9692    -0.0004    94.6654 1.0000e-12  -64.86210  -63.92200 344.547147      99.98 3.1379e+02   1455.458      34932          7  0.000e+00
    202.217    200.139     0.8016  29.450282     0.7981  29.445327     4.9260     4.9698    -0.0004    94.6654 1.0000e-12  -64.86210  -63.92200 344.547147      99.95 3.1379e+02   1455.500      34933          7  0.000e+00
    202.169    200.091     0.8013  29.450282     0.7979  29.445442     4.9261     4.9652    -0.0004    94.6654 1.0000e-12  -64.86210  -63.92200 344.547147      99.98 3.1379e+02   1455.542      34934          7  0.000e+00
    202.169    200.091     0.8011  29.450282     0.7981  29.445614     4.9332     4.9696    -0.0004    94.6654 1.0000e-12  -64.86210  -63.92200 344.547148      99.98 3.1379e+02   1455.583      34935          7  0.000e+00
    202.169    200.091     0.8011  29.450047     0.7985  29.445614     4.9300     4.9642    -0.0077    94.6654 1.0000e-12  -64.86210  -63.92200 344.547148      99.98 3.1379e+02   1455.625      34936          7  0.000e+00
    202.114    200.037     0.8011  29.449695     0.7978  29.446187     4.9298     4.9695    -0.0004    94.6654 1.0000e-12  -64.86210  -63.92200 344.547149      99.95 3.1379e+02   1455.667      34937          7  0.000e+00
    202.114    200.037     0.8014  29.449695     0.7967  29.446188     4.9239     4.9705    -0.0004    94.6654 1.0000e-12  -64.86210  -63.92200 344.547149      99.95 3.1379e+02   1455.708      34938          7  0.000e+00
    202.114    200.037     0.8016  29.449519     0.7968  29.444352     4.9293     4.9715    -0.0004    94.6654 1.0000e-12  -64.86210  -63.92200 344.547150      99.98 3.1379e+02   1455.750      34939          7  0.000e+00
    202.114    200.037     0.8011  29.449460     0.7973  29.443950     4.9303     4.9715    -0.0004    94.6654 1.0000e-12  -64.86210  -63.92198 344.547150      99.98 3.1379e+02   1455.792      34940          7  0.000e+00
    202.066    199.990     0.8007  29.449460     0.7976  29.444811     4.9312     4.9670    -0.0004    94.6654 1.0000e-12  -64.86210  -63.92198 344.547151      99.98 3.1379e+02   1455.833      34941          7  0.000e+00
    202.114    200.037     0.8003  29.449166     0.7976  29.444811     4.9321     4.9717    -0.0004    94.6654 1.0000e-12  -64.86210  -63.92198 344.547151      99.98 3.1379e+02   1455.875      34942          7  0.000e+00
    202.066    199.990     0.8003  29.448638     0.7978  29.445040     4.9386     4.9717    -0.0004    94.6654 1.0000e-12  -64.86210  -63.92198 344.547152      99.98 3.1379e+02   1455.917      34943          7  0.000e+00
    202.066    199.990     0.8005  29.448344     0.7982  29.445442     4.9406     4.9718    -0.0004    94.6654 1.0000e-12  -64.86210  -63.92198 344.547152      99.98 3.1379e+02   1455.958      34944          7  0.000e+00
    202.066    199.990     0.8002  29.448344     0.7987  29.445900     4.9355     4.9719    -0.0004    94.6654 1.0000e-12  -64.86210  -63.92198 344.547153      99.95 3.1379e+02   1456.000      34945          7  0.000e+00
    202.011    199.935     0.7994  29.448638     0.7990  29.445900     4.9417     4.9719    -0.0004    94.6654 1.0000e-12  -64.86210  -63.92198 344.547153      99.98 3.1379e+02   1456.042      34946          7  0.000e+00
    202.066    199.990     0.7988  29.448051     0.7991  29.446187     4.9435     4.9721    -0.0004    94.6654 1.0000e-12  -64.86210  -63.92198 344.547154      99.98 3.1379e+02   1456.083      34947          7  0.000e+00
    201.963    199.888     0.7989  29.447757     0.7990  29.446531     4.9450     4.9722    -0.0004    94.6654 1.0000e-12  -64.86210  -63.92198 344.547154      99.98 3.1379e+02   1456.125      34948          7  0.000e+00
    202.012    199.935     0.7997  29.447522     0.7990  29.446703     4.9407     4.9732    -0.0004    94.6654 1.0000e-12  -64.86210  -63.92198 344.547155      99.95 3.1379e+02   1456.167      34949          7  0.000e+00
    202.012    199.935     0.7995  29.447287     0.7991  29.446703     4.9522     4.9733     0.0069    94.6654 1.0000e-12  -64.86210  -63.92198 344.547155      99.95 3.1379e+02   1456.208      34950          7  0.000e+00
    202.012    199.935     0.7999  29.447757     0.7993  29.446703     4.9490     4.9735     0.0069    94.6654 1.0000e-12  -64.86210  -63.92198 344.547156      99.98 3.1379e+02   1456.250      34951          7  0.000e+00
    201.963    199.888     0.7999  29.447757     0.7991  29.446703     4.9501     4.9737     0.0069    94.6654 1.0000e-12  -64.86210  -63.92198 344.547156      99.98 3.1379e+02   1456.292      34952          7  0.000e+00
    202.012    199.935     0.7992  29.448109     0.7990  29.446531     4.9498     4.9739     0.0069    94.6654 1.0000e-12  -64.86210  -63.92198 344.547157      99.98 3.1379e+02   1456.333      34953          7  0.000e+00
    201.964    199.888     0.7998  29.447757     0.7991  29.446703     4.9563     4.9740     0.0069    94.6654 1.0000e-12  -64.86210  -63.92198 344.547157      99.98 3.1379e+02   1456.375      34954          7  0.000e+00
    201.964    199.888     0.7994  29.448050     0.7989  29.446703     4.9583     4.9742     0.0069    94.6654 1.0000e-12  -64.86210  -63.92198 344.547158      99.98 3.1379e+02   1456.417      34955          7  0.000e+00
    201.964    199.888     0.7994  29.447581     0.7990  29.446703     4.9531     4.9797     0.0069    94.6654 1.0000e-12  -64.86210  -63.92198 344.547158      99.98 3.1379e+02   1456.458      34956          7  0.000e+00
    201.964    199.888     0.7992  29.447522     0.7987  29.446990     4.9522     4.9807     0.0069    94.6396 1.0000e-12  -64.86210  -63.92198 344.547159      99.95 3.1379e+02   1456.500      34957          7  0.000e+00
    201.916    199.840     0.7994  29.447757     0.7989  29.446244     4.9637     4.9816     0.0069    94.6654 1.0000e-12  -64.86210  -63.92198 344.547159      99.98 3.1379e+02   1456.542      34958          7  0.000e+00
    201.964    199.888     0.7994  29.447757     0.7989  29.446416     4.9606     4.9825     0.0069    94.6654 1.0000e-12  -64.86210  -63.92198 344.547160      99.98 3.1379e+02   1456.583      34959          7  0.000e+00
    202.935    200.849     0.7663  29.414179     0.7654  29.412298     4.9354     4.9816     0.0216    94.6654 1.0000e-12  -64.86210  -63.92198 344.547214      99.98 3.1203e+02   1461.292      35072          8  0.000e+00
    202.832    200.747     0.7663  29.414003     0.7656  29.412011     4.9345     4.9820     0.0216    94.6654 1.0000e-12  -64.86210  -63.92198 344.547215      99.98 3.1203e+02   1461.333      35073          8  0.000e+00
    202.887    200.801     0.7667  29.414179     0.7657  29.412298     4.9279     4.9825     0.0216    94.6654 1.0000e-12  -64.86210  -63.92198 344.547215      99.98 3.1203e+02   1461.375      35074          8  0.000e+00
    202.887    200.801     0.7669  29.414531     0.7661  29.412814     4.9326     4.9830     0.0216    94.6654 1.0000e-12  -64.86210  -63.92198 344.547215      99.98 3.1203e+02   1461.417      35075          8  0.000e+00
    202.935    200.849     0.7670  29.414297     0.7664  29.413043     4.9331     4.9826     0.0216    94.6654 1.0000e-12  -64.86210  -63.92198 344.547216      99.98 3.1203e+02   1461.458      35076          8  0.000e+00
    202.935    200.849     0.7667  29.414708     0.7664  29.413101     4.9322     4.9823     0.0216    94.6654 1.0000e-12  -64.86210  -63.92198 344.547216      99.98 3.1203e+02   1461.500      35077          8  0.000e+00
    202.935    200.849     0.7669  29.415119     0.7664  29.413101     4.9396     4.9820     0.0216    94.6654 1.0000e-12  -64.86210  -63.92198 344.547217      99.98 3.1203e+02   1461.542      35078          8  0.000e+00
    202.990    200.903     0.7670  29.415001     0.7664  29.413387     4.9356     4.9817     0.0216    94.6654 1.0000e-12  -64.86210  -63.92198 344.547217      99.98 3.1203e+02   1461.583      35079          8  0.000e+00
    202.990    200.903     0.7667  29.415119     0.7664  29.413387     4.9346     4.9814     0.0143    94.6654 1.0000e-12  -64.86210  -63.92198 344.547218      99.98 3.1203e+02   1461.625      35080          8  0.000e+00
    202.990    200.903     0.7670  29.414825     0.7667  29.413387     4.9336     4.9811     0.0143    94.6911 1.0000e-12  -64.86210  -63.92198 344.547218      99.95 3.1203e+02   1461.667      35081          8  0.000e+00
    203.038    200.951     0.7670  29.414708     0.7665  29.413674     4.9409     4.9817     0.0143    94.6911 1.0000e-12  -64.86210  -63.92198 344.547219      99.95 3.1203e+02   1461.708      35082          8  0.000e+00
    203.038    200.951     0.7673  29.414532     0.7667  29.413388     4.9368     4.9822     0.0143    94.6911 1.0000e-12  -64.86210  -63.92198 344.547219      99.98 3.1203e+02   1461.750      35083          8  0.000e+00
    203.038    200.951     0.7673  29.414825     0.7668  29.413617     4.9314     4.9828     0.0143    94.6911 1.0000e-12  -64.86210  -63.92198 344.547220      99.98 3.1203e+02   1461.792      35084          8  0.000e+00
    203.038    200.951     0.7675  29.415295     0.7667  29.413674     4.9290     4.9826     0.0143    94.6911 1.0000e-12  -64.86210  -63.92198 344.547220      99.98 3.1203e+02   1461.833      35085          8  0.000e+00
    203.038    200.951     0.7673  29.415119     0.7670  29.413674     4.9337     4.9824     0.0143    94.6911 1.0000e-12  -64.86210  -63.92198 344.547221      99.98 3.1203e+02   1461.875      35086          8  0.000e+00
    203.086    200.998     0.7675  29.415530     0.7673  29.413904     4.9341     4.9830     0.0143    94.6911 1.0000e-12  -64.86210  -63.92198 344.547221      99.98 3.1203e+02   1461.917      35087          8  0.000e+00
    203.086    200.998     0.7673  29.415647     0.7674  29.414190     4.9331     4.9828     0.0143    94.6911 1.0000e-12  -64.86210  -63.92198 344.547222      99.98 3.1203e+02   1461.958      35088          8  0.000e+00
    203.086    200.998     0.7675  29.415647     0.7671  29.414190     4.9320     4.9827     0.0143    94.6911 1.0000e-12  -64.86210  -63.92198 344.547222      99.95 3.1203e+02   1462.000      35089          8  0.000e+00
