NBP2113_155081_ctd/data/nbp2113_042.cnv
* Sea-Bird SBE 9 Data File:
* FileName = D:\Data\raw\NBP2113_042.hex
* Software Version Seasave V 7.26.7.121
* Temperature SN = 2438
* Conductivity SN = 2067
* Number of Bytes Per Scan = 40
* Number of Voltage Words = 5
* Number of Scans Averaged by the Deck Unit = 1
* NMEA Latitude = 64 49.83 S
* NMEA Longitude = 063 54.10 W
* NMEA UTC (Time) = Dec 10 2021  15:52:47
* NMEA baud rate = 9600
** Ship: RVIB N.B. Palmer
** Cruise: NBP2113 LTER
** Station: 624.030
** Operator: S. Blackman
# nquan = 25
# nvalues = 811                         
# units = specified
# name 0 = prDM: Pressure, Digiquartz [db]
# name 1 = depSM: Depth [salt water, m]
# name 2 = t090C: Temperature [ITS-90, deg C]
# name 3 = c0mS/cm: Conductivity [mS/cm]
# name 4 = t190C: Temperature, 2 [ITS-90, deg C]
# name 5 = c1mS/cm: Conductivity, 2 [mS/cm]
# name 6 = sbeox0ML/L: Oxygen, SBE 43 [ml/l]
# name 7 = sbeox1ML/L: Oxygen, SBE 43, 2 [ml/l]
# name 8 = flECO-AFL: Fluorescence, WET Labs ECO-AFL/FL [mg/m^3]
# name 9 = CStarTr0: Beam Transmission, WET Labs C-Star [%]
# name 10 = par: PAR/Irradiance, Biospherical/Licor
# name 11 = latitude: Latitude [deg]
# name 12 = longitude: Longitude [deg]
# name 13 = timeJ: Julian Days
# name 14 = altM: Altimeter [m]
# name 15 = spar: SPAR, Biospherical/Licor
# name 16 = timeS: Time, Elapsed [seconds]
# name 17 = scan: Scan Count
# name 18 = density00: Density [density, kg/m^3]
# name 19 = density11: Density, 2 [density, kg/m^3]
# name 20 = sal00: Salinity, Practical [PSU]
# name 21 = sal11: Salinity, Practical, 2 [PSU]
# name 22 = oxsolML/L: Oxygen Saturation, Garcia & Gordon [ml/l]
# name 23 = nbin: number of scans per bin
# name 24 = flag: flag
# span 0 =      1.000,    408.000       
# span 1 =      0.989,    403.610       
# span 2 =    -0.3913,     1.1590       
# span 3 =  27.879212,  29.918450       
# span 4 =    -0.3903,     1.1593       
# span 5 =  27.877804,  29.917722       
# span 6 =     4.4699,     9.5381       
# span 7 =     4.5359,     9.8822       
# span 8 =    -0.0180,     1.8733       
# span 9 =    84.7100,    91.9981       
# span 10 = -2.251e-06, 2.4163e+03      
# span 11 =  -64.83128,  -64.83080      
# span 12 =  -63.90174,  -63.90162      
# span 13 = 344.664334, 344.684065      
# span 14 =       6.12,     100.70      
# span 15 = 1.2127e+03, 1.5964e+03      
# span 16 =    231.448,   1936.228      
# span 17 =       5556,      46470      
# span 18 =  1027.1171,  1029.6390      
# span 19 =  1027.1155,  1029.6379      
# span 20 =    33.7531,    34.6037      
# span 21 =    33.7512,    34.6023      
# span 22 =    7.79569,    8.14915      
# span 23 =         10,         49      
# span 24 = 0.0000e+00, 0.0000e+00      
# interval = decibars: 1                
# start_time = Dec 10 2021 15:52:47 [NMEA time, header]
# bad_flag = -9.990e-29
*END*
[from data line 174]
    179.000    177.171     0.6033  29.225318     0.6017  29.222226     5.2841     5.3648     0.0357    91.4783 1.0000e-12  -64.83116  -63.90164 344.668307      99.97 1.5359e+03    574.764      13795  1028.4834  1028.4818    34.4588    34.4565    7.91565         42 0.0000e+00
    180.000    178.161     0.6091  29.231308     0.6097  29.231297     5.2552     5.3415     0.0282    91.5016 1.0000e-12  -64.83116  -63.90164 344.668325      99.97 1.5312e+03    576.242      13831  1028.4884  1028.4878    34.4595    34.4589    7.91443         27 0.0000e+00
    181.000    179.148     0.6105  29.233958     0.6086  29.231358     5.2226     5.3148     0.0289    91.4739 1.0000e-12  -64.83116  -63.90164 344.668335      99.97 1.5273e+03    577.180      13853  1028.4940  1028.4932    34.4608    34.4595    7.91407         20 0.0000e+00
    182.000    180.139     0.6239  29.246713     0.6238  29.245490     5.1996     5.3005     0.0220    91.4953 1.0000e-12  -64.83116  -63.90164 344.668344      99.97 1.5252e+03    577.964      13872  1028.4985  1028.4974    34.4620    34.4604    7.91128         17 0.0000e+00
    183.000    181.128     0.6348  29.260872     0.6386  29.264042     5.1722     5.2904     0.0231    91.5009 1.0000e-12  -64.83116  -63.90164 344.668353      99.97 1.5258e+03    578.711      13890  1028.5070  1028.5065    34.4677    34.4676    7.90874         19 0.0000e+00
    184.000    182.117     0.6471  29.273571     0.6459  29.271822     5.1581     5.2736     0.0289    91.4885 1.0000e-12  -64.83116  -63.90164 344.668363      99.97 1.5276e+03    579.535      13910  1028.5124  1028.5119    34.4699    34.4690    7.90610         21 0.0000e+00
    185.000    183.107     0.6581  29.287039     0.6568  29.284741     5.1341     5.2451     0.0301    91.5221 1.0000e-12  -64.83116  -63.90164 344.668375      99.97 1.5299e+03    580.629      13936  1028.5201  1028.5189    34.4746    34.4731    7.90361         31 0.0000e+00
    186.000    184.095     0.6792  29.310053     0.6777  29.307149     5.1090     5.2169     0.0363    91.5291 1.0000e-12  -64.83116  -63.90164 344.668393      99.97 1.5311e+03    582.133      13972  1028.5279  1028.5263    34.4805    34.4783    7.89899         35 0.0000e+00
    187.000    185.085     0.6961  29.328971     0.6958  29.327749     5.0972     5.2003     0.0200    91.5429 1.0000e-12  -64.83116  -63.90166 344.668409      99.97 1.5302e+03    583.529      14006  1028.5355  1028.5345    34.4856    34.4843    7.89526         29 0.0000e+00
    188.000    186.076     0.7029  29.337204     0.7019  29.335267     5.0898     5.1910     0.0143    91.5646 1.0000e-12  -64.83116  -63.90166 344.668422      99.97 1.5287e+03    584.652      14033  1028.5419  1028.5408    34.4881    34.4867    7.89373         26 0.0000e+00
    189.000    187.064     0.7073  29.342289     0.7071  29.341111     5.0747     5.1817     0.0143    91.5952 1.0000e-12  -64.83116  -63.90166 344.668435      99.97 1.5303e+03    585.753      14059  1028.5474  1028.5464    34.4893    34.4880    7.89278         28 0.0000e+00
    190.000    188.053     0.7163  29.352490     0.7150  29.349975     5.0635     5.1643     0.0149    91.6189 1.0000e-12  -64.83116  -63.90166 344.668450      99.97 1.5332e+03    587.039      14090  1028.5537  1028.5523    34.4919    34.4901    7.89081         34 0.0000e+00
    191.000    189.042     0.7267  29.364605     0.7261  29.362946     5.0671     5.1587     0.0264    91.5980 1.0000e-12  -64.83116  -63.90166 344.668466      99.97 1.5355e+03    588.487      14125  1028.5606  1028.5594    34.4955    34.4940    7.88850         34 0.0000e+00
    192.000    190.031     0.7284  29.366602     0.7279  29.365407     5.0756     5.1526     0.0213    91.6307 1.0000e-12  -64.83116  -63.90166 344.668482      99.97 1.5355e+03    589.803      14156  1028.5655  1028.5647    34.4956    34.4946    7.88814         29 0.0000e+00
    193.000    191.021     0.7330  29.371869     0.7325  29.370011     5.0627     5.1423     0.0104    91.6713 1.0000e-12  -64.83116  -63.90166 344.668494      99.97 1.5355e+03    590.920      14183  1028.5709  1028.5695    34.4967    34.4949    7.88715         25 0.0000e+00
    194.000    192.012     0.7380  29.377381     0.7375  29.376030     5.0551     5.1308     0.0178    91.6394 1.0000e-12  -64.83116  -63.90165 344.668506      99.97 1.5342e+03    591.954      14208  1028.5762  1028.5753    34.4978    34.4966    7.88609         25 0.0000e+00
    195.000    192.999     0.7419  29.381597     0.7411  29.379967     5.0482     5.1231     0.0182    91.6026 1.0000e-12  -64.83116  -63.90164 344.668519      99.97 1.5337e+03    593.010      14233  1028.5811  1028.5802    34.4983    34.4970    7.88526         26 0.0000e+00
    196.000    193.989     0.7489  29.389908     0.7484  29.388625     5.0429     5.1161     0.0177    91.6467 1.0000e-12  -64.83116  -63.90164 344.668532      99.97 1.5342e+03    594.134      14260  1028.5872  1028.5864    34.5007    34.4995    7.88371         28 0.0000e+00
    197.000    194.978     0.7519  29.393423     0.7525  29.393205     5.0221     5.0986     0.0216    91.6664 1.0000e-12  -64.83116  -63.90164 344.668545      99.97 1.5365e+03    595.311      14288  1028.5924  1028.5916    34.5013    34.5004    7.88307         28 0.0000e+00
    198.000    195.967     0.7593  29.401886     0.7579  29.399511     4.9944     5.0798     0.0175    91.6619 1.0000e-12  -64.83116  -63.90166 344.668558      99.97 1.5380e+03    596.428      14315  1028.5983  1028.5972    34.5035    34.5019    7.88145         25 0.0000e+00
    199.000    196.956     0.7716  29.414933     0.7706  29.413374     4.9756     5.0690     0.0210    91.6892 1.0000e-12  -64.83116  -63.90166 344.668570      99.97 1.5390e+03    597.439      14340  1028.6041  1028.6034    34.5061    34.5052    7.87880         24 0.0000e+00
    200.000    197.947     0.7795  29.424119     0.7789  29.422946     4.9650     5.0602     0.0235    91.6819 1.0000e-12  -64.83116  -63.90166 344.668581      99.97 1.5390e+03    598.405      14363  1028.6104  1028.6097    34.5087    34.5078    7.87707         23 0.0000e+00
    201.000    198.936     0.7899  29.436225     0.7893  29.434790     4.9560     5.0507     0.0144    91.6168 1.0000e-12  -64.83116  -63.90166 344.668593      99.97 1.5404e+03    599.452      14388  1028.6171  1028.6162    34.5122    34.5110    7.87476         27 0.0000e+00
    202.000    199.924     0.7959  29.442894     0.7958  29.441633     4.9413     5.0388     0.0181    91.6655 1.0000e-12  -64.83116  -63.90166 344.668609      99.97 1.5443e+03    600.811      14420  1028.6226  1028.6214    34.5136    34.5121    7.87348         38 0.0000e+00
    203.000    200.914     0.8112  29.459733     0.8105  29.458106     4.9351     5.0225     0.0276    91.7263 1.0000e-12  -64.83116  -63.90166 344.668632      99.97 1.5477e+03    602.781      14468  1028.6297  1028.6286    34.5179    34.5165    7.87016         41 0.0000e+00
    204.000    201.903     0.8164  29.465269     0.8157  29.463752     4.8967     4.9813     0.0125    91.7537 1.0000e-12  -64.83116  -63.90166 344.668651      99.97 1.5453e+03    604.481      14509  1028.6348  1028.6339    34.5186    34.5175    7.86905         30 0.0000e+00
    205.000    202.892     0.8270  29.476759     0.8289  29.477969     4.8469     4.9542     0.0070    91.7754 1.0000e-12  -64.83116  -63.90166 344.668663      99.97 1.5416e+03    605.469      14532  1028.6407  1028.6400    34.5211    34.5206    7.86677         22 0.0000e+00
    206.000    203.882     0.8467  29.497322     0.8471  29.497045     4.8170     4.9323     0.0069    91.7649 1.0000e-12  -64.83116  -63.90166 344.668673      99.97 1.5408e+03    606.342      14553  1028.6470  1028.6463    34.5253    34.5245    7.86257         20 0.0000e+00
    207.000    204.870     0.8724  29.525526     0.8712  29.523543     4.8068     4.9137     0.0069    91.7581 1.0000e-12  -64.83116  -63.90166 344.668683      99.97 1.5409e+03    607.222      14574  1028.6554  1028.6544    34.5326    34.5313    7.85698         22 0.0000e+00
    208.000    205.859     0.8865  29.541752     0.8859  29.540212     4.8054     4.9100     0.0090    91.7642 1.0000e-12  -64.83116  -63.90166 344.668694      99.97 1.5425e+03    608.177      14597  1028.6628  1028.6618    34.5373    34.5360    7.85387         24 0.0000e+00
    209.000    206.850     0.8931  29.549405     0.8928  29.548271     4.8099     4.9079     0.0160    91.7725 1.0000e-12  -64.83116  -63.90166 344.668706      99.97 1.5423e+03    609.225      14622  1028.6688  1028.6679    34.5393    34.5382    7.85244         26 0.0000e+00
    210.000    207.839     0.8969  29.554058     0.8966  29.552950     4.8154     4.8992     0.0236    91.8151 1.0000e-12  -64.83116  -63.90166 344.668719      99.97 1.5401e+03    610.346      14649  1028.6744  1028.6736    34.5405    34.5394    7.85160         28 0.0000e+00
    211.000    208.827     0.8981  29.555485     0.8976  29.554241     4.8097     4.8981     0.0231    91.8286 1.0000e-12  -64.83116  -63.90166 344.668733      99.97 1.5370e+03    611.565      14679  1028.6792  1028.6784    34.5405    34.5394    7.85137         30 0.0000e+00
    212.000    209.817     0.9061  29.564102     0.9051  29.562262     4.8040     4.8945     0.0101    91.8337 1.0000e-12  -64.83116  -63.90166 344.668749      99.97 1.5342e+03    612.900      14711  1028.6848  1028.6839    34.5421    34.5409    7.84967         34 0.0000e+00
    213.000    210.805     0.9096  29.568440     0.9089  29.566704     4.8097     4.8859     0.0125    91.8391 1.0000e-12  -64.83116  -63.90166 344.668765      99.97 1.5322e+03    614.273      14744  1028.6904  1028.6893    34.5432    34.5418    7.84890         29 0.0000e+00
    214.000    211.795     0.9155  29.574841     0.9159  29.574416     4.8037     4.8767     0.0143    91.8423 1.0000e-12  -64.83116  -63.90166 344.668780      99.97 1.5319e+03    615.585      14775  1028.6957  1028.6948    34.5444    34.5434    7.84765         30 0.0000e+00
    215.000    212.784     0.9203  29.580303     0.9196  29.579007     4.8067     4.8767     0.0128    91.8082 1.0000e-12  -64.83116  -63.90167 344.668794      99.97 1.5319e+03    616.829      14805  1028.7011  1028.7004    34.5456    34.5446    7.84663         29 0.0000e+00
    216.000    213.774     0.9229  29.583557     0.9221  29.582061     4.7922     4.8699     0.0069    91.8399 1.0000e-12  -64.83116  -63.90168 344.668809      99.97 1.5308e+03    618.067      14835  1028.7063  1028.7055    34.5463    34.5452    7.84607         30 0.0000e+00
    217.000    214.761     0.9237  29.584892     0.9227  29.583160     4.7907     4.8682     0.0103    91.8778 1.0000e-12  -64.83116  -63.90168 344.668823      99.97 1.5291e+03    619.309      14864  1028.7113  1028.7104    34.5465    34.5453    7.84589         29 0.0000e+00
    218.000    215.752     0.9262  29.587918     0.9258  29.586754     4.7898     4.8657     0.0144    91.8913 1.0000e-12  -64.83116  -63.90166 344.668837      99.97 1.5263e+03    620.475      14892  1028.7163  1028.7155    34.5470    34.5460    7.84535         27 0.0000e+00
    219.000    216.742     0.9302  29.592317     0.9294  29.590766     4.7817     4.8582     0.0109    91.8995 1.0000e-12  -64.83116  -63.90166 344.668849      99.97 1.5249e+03    621.529      14918  1028.7214  1028.7205    34.5477    34.5466    7.84452         24 0.0000e+00
    220.000    217.730     0.9340  29.596904     0.9334  29.595548     4.7806     4.8549     0.0097    91.8909 1.0000e-12  -64.83116  -63.90166 344.668860      99.97 1.5249e+03    622.519      14941  1028.7267  1028.7259    34.5488    34.5478    7.84369         24 0.0000e+00
    221.000    218.718     0.9361  29.599591     0.9351  29.597970     4.7816     4.8534     0.0142    91.8603 1.0000e-12  -64.83116  -63.90167 344.668872      99.97 1.5249e+03    623.524      14966  1028.7317  1028.7310    34.5493    34.5483    7.84323         25 0.0000e+00
    222.000    219.709     0.9389  29.603119     0.9370  29.600248     4.7810     4.8545     0.0143    91.8662 1.0000e-12  -64.83116  -63.90168 344.668884      99.97 1.5249e+03    624.598      14991  1028.7370  1028.7359    34.5502    34.5487    7.84263         27 0.0000e+00
    223.000    220.697     0.9398  29.604512     0.9392  29.603135     4.7798     4.8553     0.0119    91.8670 1.0000e-12  -64.83116  -63.90168 344.668898      99.97 1.5234e+03    625.770      15019  1028.7419  1028.7410    34.5504    34.5493    7.84244         28 0.0000e+00
    224.000    221.687     0.9401  29.605379     0.9395  29.603971     4.7775     4.8524     0.0101    91.8799 1.0000e-12  -64.83116  -63.90168 344.668911      99.97 1.5198e+03    626.950      15048  1028.7468  1028.7460    34.5506    34.5495    7.84236         28 0.0000e+00
    225.000    222.676     0.9402  29.605930     0.9396  29.604553     4.7701     4.8504     0.0113    91.8896 1.0000e-12  -64.83116  -63.90168 344.668924      99.97 1.5164e+03    628.043      15074  1028.7517  1028.7508    34.5507    34.5495    7.84235         25 0.0000e+00
    226.000    223.666     0.9407  29.606759     0.9401  29.605528     4.7664     4.8485     0.0161    91.8892 1.0000e-12  -64.83116  -63.90168 344.668937      99.97 1.5143e+03    629.116      15100  1028.7563  1028.7556    34.5506    34.5496    7.84225         27 0.0000e+00
    227.000    224.654     0.9407  29.607385     0.9404  29.606148     4.7713     4.8464     0.0210    91.8929 1.0000e-12  -64.83116  -63.90168 344.668951      99.97 1.5143e+03    630.399      15131  1028.7612  1028.7603    34.5507    34.5495    7.84223         36 0.0000e+00
    228.000    225.641     0.9433  29.610666     0.9428  29.609082     4.7709     4.8386     0.0116    91.8958 1.0000e-12  -64.83116  -63.90168 344.668975      99.97 1.5137e+03    632.437      15179  1028.7664  1028.7652    34.5515    34.5500    7.84167         36 0.0000e+00
    229.000    226.632     0.9471  29.614981     0.9466  29.613482     4.7642     4.8241     0.0085    91.9160 1.0000e-12  -64.83116  -63.90168 344.668996      99.97 1.5077e+03    634.264      15223  1028.7714  1028.7704    34.5523    34.5509    7.84086         33 0.0000e+00
    230.000    227.622     0.9519  29.620049     0.9511  29.618544     4.7541     4.8172     0.0143    91.8737 1.0000e-12  -64.83116  -63.90168 344.669008      99.97 1.5019e+03    635.317      15249  1028.7763  1028.7755    34.5529    34.5519    7.83987         22 0.0000e+00
    231.000    228.609     0.9565  29.625638     0.9557  29.624040     4.7500     4.8146     0.0073    91.8588 1.0000e-12  -64.83116  -63.90166 344.669018      99.97 1.4988e+03    636.181      15269  1028.7818  1028.7809    34.5545    34.5532    7.83886         20 0.0000e+00
    232.000    229.600     0.9603  29.630113     0.9595  29.628598     4.7443     4.8120     0.0069    91.8690 1.0000e-12  -64.83116  -63.90166 344.669028      99.97 1.4984e+03    637.019      15289  1028.7870  1028.7861    34.5554    34.5543    7.83804         20 0.0000e+00
    233.000    230.590     0.9612  29.631746     0.9603  29.629912     4.7435     4.8128     0.0022    91.8842 1.0000e-12  -64.83116  -63.90166 344.669037      99.97 1.4989e+03    637.844      15309  1028.7921  1028.7911    34.5560    34.5546    7.83784         20 0.0000e+00
    234.000    231.578     0.9629  29.633814     0.9628  29.632901     4.7448     4.8096    -0.0075    91.9072 1.0000e-12  -64.83116  -63.90166 344.669047      99.97 1.5002e+03    638.674      15329  1028.7968  1028.7960    34.5561    34.5551    7.83748         20 0.0000e+00
    235.000    232.566     0.9665  29.638082     0.9659  29.636789     4.7394     4.8109    -0.0077    91.9029 1.0000e-12  -64.83116  -63.90166 344.669057      99.97 1.5002e+03    639.533      15350  1028.8020  1028.8012    34.5571    34.5561    7.83671         21 0.0000e+00
