NBP2113_155081_ctd/data/nbp2113_048.ros
* Sea-Bird SBE 9 Data File:
* FileName = D:\Data\raw\NBP2113_048.hex
* Software Version Seasave V 7.26.7.121
* Temperature SN = 2438
* Conductivity SN = 2067
* Number of Bytes Per Scan = 40
* Number of Voltage Words = 5
* Number of Scans Averaged by the Deck Unit = 1
* NMEA Latitude = 64 50.77 S
* NMEA Longitude = 064 00.25 W
* NMEA UTC (Time) = Dec 11 2021  07:43:13
* NMEA baud rate = 9600
** Ship: RVIB N.B. Palmer
** Cruise: NBP2113 LTER
** Station: 620.032
** Operator: B. Urmston
# nquan = 20
# nvalues = 1134                                  
# units = specified
# name 0 = prDM: Pressure, Digiquartz [db]
# name 1 = depSM: Depth [salt water, m]
# name 2 = t090C: Temperature [ITS-90, deg C]
# name 3 = c0mS/cm: Conductivity [mS/cm]
# name 4 = t190C: Temperature, 2 [ITS-90, deg C]
# name 5 = c1mS/cm: Conductivity, 2 [mS/cm]
# name 6 = sbeox0ML/L: Oxygen, SBE 43 [ml/l]
# name 7 = sbeox1ML/L: Oxygen, SBE 43, 2 [ml/l]
# name 8 = flECO-AFL: Fluorescence, WET Labs ECO-AFL/FL [mg/m^3]
# name 9 = CStarTr0: Beam Transmission, WET Labs C-Star [%]
# name 10 = par: PAR/Irradiance, Biospherical/Licor
# name 11 = latitude: Latitude [deg]
# name 12 = longitude: Longitude [deg]
# name 13 = timeJ: Julian Days
# name 14 = altM: Altimeter [m]
# name 15 = spar: SPAR, Biospherical/Licor
# name 16 = timeS: Time, Elapsed [seconds]
# name 17 = scan: Scan Count
# name 18 = nbf: Bottles Fired
# name 19 = flag:  0.000e+00
# interval = seconds: 0.0416667
# start_time = Dec 11 2021 07:43:13 [NMEA time, header]
# bad_flag = -9.990e-29
*END*
[from data line 507]
    151.317    149.781     0.4979  29.093046     0.4971  29.092196     5.2660     5.3252     0.0362    90.9317 1.0000e-12  -64.84614  -64.00396 345.339401      99.98 4.0546e+01   1531.208      36750         11  0.000e+00
    151.269    149.733     0.4978  29.092520     0.4974  29.092196     5.2657     5.3198     0.0362    90.9059 1.0000e-12  -64.84614  -64.00396 345.339401      99.98 4.0546e+01   1531.250      36751         11  0.000e+00
    151.317    149.781     0.4978  29.092812     0.4978  29.091340     5.2711     5.3244     0.0362    90.9059 1.0000e-12  -64.84614  -64.00396 345.339402      99.98 4.0546e+01   1531.292      36752         11  0.000e+00
    151.276    149.740     0.4983  29.092870     0.4985  29.091910     5.2649     5.3189     0.0362    90.9059 1.0000e-12  -64.84614  -64.00396 345.339402      99.93 4.0546e+01   1531.333      36753         11  0.000e+00
    151.269    149.733     0.4981  29.093046     0.4983  29.091625     5.2644     5.3235     0.0362    90.9317 1.0000e-12  -64.84614  -64.00396 345.339402      99.95 4.0546e+01   1531.375      36754         11  0.000e+00
    151.269    149.733     0.4985  29.092812     0.4983  29.092196     5.2640     5.3181     0.0362    90.9317 1.0000e-12  -64.84614  -64.00396 345.339403      99.98 4.0546e+01   1531.417      36755         11  0.000e+00
    151.276    149.740     0.4985  29.093338     0.4982  29.092196     5.2635     5.3172     0.0362    90.9317 1.0000e-12  -64.84614  -64.00396 345.339403      99.98 4.0546e+01   1531.458      36756         11  0.000e+00
    151.318    149.781     0.4988  29.093397     0.4982  29.091911     5.2617     5.3164     0.0362    90.9317 1.0000e-12  -64.84614  -64.00396 345.339404      99.98 4.0546e+01   1531.500      36757         11  0.000e+00
    151.269    149.733     0.4991  29.094156     0.4977  29.091339     5.2611     5.3218     0.0362    90.9317 1.0000e-12  -64.84614  -64.00396 345.339404      99.98 4.0546e+01   1531.542      36758         11  0.000e+00
    152.081    150.536     0.4972  29.091762     0.4957  29.089458     5.2673     5.3093     0.0289    90.9317 1.0000e-12  -64.84614  -64.00396 345.339473      99.98 4.0546e+01   1537.458      36900         12  0.000e+00
    152.095    150.550     0.4967  29.092230     0.4960  29.090029     5.2611     5.3087     0.0289    90.9317 1.0000e-12  -64.84614  -64.00396 345.339473      99.98 4.0546e+01   1537.500      36901         12  0.000e+00
    152.136    150.591     0.4966  29.091704     0.4958  29.089743     5.2593     5.3091     0.0289    90.9317 1.0000e-12  -64.84614  -64.00396 345.339474      99.98 4.0546e+01   1537.542      36902         12  0.000e+00
    152.184    150.638     0.4967  29.091528     0.4958  29.090029     5.2688     5.3086     0.0289    90.9317 1.0000e-12  -64.84614  -64.00396 345.339474      99.98 4.0546e+01   1537.583      36903         12  0.000e+00
    152.184    150.638     0.4967  29.091412     0.4958  29.090257     5.2637     5.3090     0.0289    90.9317 1.0000e-12  -64.84614  -64.00396 345.339475      99.95 4.0546e+01   1537.625      36904         12  0.000e+00
    152.150    150.604     0.4967  29.090885     0.4957  29.089743     5.2629     5.3148     0.0289    90.9317 1.0000e-12  -64.84614  -64.00396 345.339475      99.95 4.0546e+01   1537.667      36905         12  0.000e+00
    152.184    150.638     0.4967  29.091704     0.4958  29.090314     5.2634     5.3107     0.0289    90.9317 1.0000e-12  -64.84614  -64.00396 345.339476      99.95 4.0546e+01   1537.708      36906         12  0.000e+00
    152.184    150.638     0.4966  29.091528     0.4958  29.089743     5.2684     5.3103     0.0289    90.9317 1.0000e-12  -64.84614  -64.00396 345.339476      99.98 4.0546e+01   1537.750      36907         12  0.000e+00
    152.239    150.693     0.4962  29.091704     0.4955  29.089458     5.2631     5.3153     0.0289    90.9317 1.0000e-12  -64.84614  -64.00396 345.339477      99.98 4.0546e+01   1537.792      36908         12  0.000e+00
    152.198    150.652     0.4955  29.090886     0.4958  29.089743     5.2636     5.3103     0.0289    90.9317 1.0000e-12  -64.84614  -64.00396 345.339477      99.95 4.0546e+01   1537.833      36909         12  0.000e+00
    152.239    150.693     0.4952  29.090126     0.4958  29.089743     5.2627     5.3098     0.0289    90.9317 1.0000e-12  -64.84614  -64.00396 345.339478      99.95 4.0546e+01   1537.875      36910         12  0.000e+00
    152.239    150.693     0.4947  29.090593     0.4958  29.089743     5.2617     5.3094     0.0289    90.9317 1.0000e-12  -64.84614  -64.00396 345.339478      99.98 4.0546e+01   1537.917      36911         12  0.000e+00
    152.287    150.740     0.4942  29.089834     0.4955  29.089744     5.2551     5.3099     0.0289    90.9317 1.0000e-12  -64.84614  -64.00396 345.339479      99.98 4.0546e+01   1537.958      36912         12  0.000e+00
    152.301    150.754     0.4935  29.088723     0.4960  29.089744     5.2542     5.3103     0.0289    90.9317 1.0000e-12  -64.84614  -64.00396 345.339479      99.98 4.0546e+01   1538.000      36913         12  0.000e+00
    152.287    150.740     0.4929  29.087379     0.4962  29.090029     5.2591     5.3099     0.0289    90.9317 1.0000e-12  -64.84614  -64.00396 345.339480      99.98 4.0546e+01   1538.042      36914         12  0.000e+00
    152.239    150.693     0.4924  29.086794     0.4966  29.090257     5.2594     5.3156     0.0289    90.9059 1.0000e-12  -64.84614  -64.00396 345.339480      99.98 4.0546e+01   1538.083      36915         12  0.000e+00
    152.287    150.740     0.4930  29.086268     0.4964  29.090828     5.2597     5.3116     0.0289    90.9059 1.0000e-12  -64.84614  -64.00396 345.339481      99.95 4.0546e+01   1538.125      36916         12  0.000e+00
    152.301    150.754     0.4937  29.086560     0.4960  29.090543     5.2543     5.3122     0.0289    90.9059 1.0000e-12  -64.84614  -64.00396 345.339481      99.93 4.0546e+01   1538.167      36917         12  0.000e+00
    152.335    150.788     0.4944  29.087905     0.4957  29.090258     5.2589     5.3128     0.0289    90.9059 1.0000e-12  -64.84614  -64.00396 345.339482      99.98 4.0546e+01   1538.208      36918         12  0.000e+00
    152.335    150.788     0.4946  29.089015     0.4952  29.089173     5.2592     5.3135     0.0289    90.9317 1.0000e-12  -64.84614  -64.00396 345.339482      99.98 4.0546e+01   1538.250      36919         12  0.000e+00
    152.287    150.740     0.4944  29.089249     0.4952  29.088944     5.2526     5.3132     0.0289    90.9059 1.0000e-12  -64.84614  -64.00396 345.339483      99.98 4.0546e+01   1538.292      36920         12  0.000e+00
    152.349    150.802     0.4945  29.089308     0.4949  29.088716     5.2517     5.3131     0.0289    90.9059 1.0000e-12  -64.84614  -64.00396 345.339483      99.95 4.0546e+01   1538.333      36921         12  0.000e+00
    152.335    150.788     0.4947  29.089542     0.4951  29.088659     5.2551     5.3128     0.0289    90.8802 1.0000e-12  -64.84614  -64.00396 345.339484      99.95 4.0546e+01   1538.375      36922         12  0.000e+00
    152.335    150.788     0.4949  29.089834     0.4952  29.088659     5.2484     5.3126     0.0289    90.9059 1.0000e-12  -64.84614  -64.00396 345.339484      99.98 4.0546e+01   1538.417      36923         12  0.000e+00
    152.390    150.842     0.4955  29.089600     0.4949  29.088659     5.2461     5.3124     0.0289    90.9059 1.0000e-12  -64.84614  -64.00396 345.339484      99.98 4.0546e+01   1538.458      36924         12  0.000e+00
    152.349    150.802     0.4958  29.089834     0.4954  29.088659     5.2451     5.3121     0.0289    90.9059 1.0000e-12  -64.84614  -64.00396 345.339485      99.98 4.0546e+01   1538.500      36925         12  0.000e+00
    152.335    150.788     0.4956  29.090594     0.4951  29.088944     5.2499     5.3118     0.0289    90.9059 1.0000e-12  -64.84614  -64.00396 345.339485      99.98 4.0546e+01   1538.542      36926         12  0.000e+00
    152.390    150.842     0.4950  29.090886     0.4951  29.088659     5.2447     5.3117     0.0289    90.9059 1.0000e-12  -64.84614  -64.00396 345.339486      99.98 4.0546e+01   1538.583      36927         12  0.000e+00
    152.335    150.788     0.4950  29.090944     0.4949  29.088373     5.2439     5.3114     0.0289    90.9059 1.0000e-12  -64.84614  -64.00396 345.339486      99.95 4.0546e+01   1538.625      36928         12  0.000e+00
    152.349    150.802     0.4950  29.090594     0.4948  29.088659     5.2432     5.3120     0.0289    90.9059 1.0000e-12  -64.84614  -64.00396 345.339487      99.95 4.0546e+01   1538.667      36929         12  0.000e+00
    152.390    150.842     0.4951  29.090360     0.4947  29.088374     5.2468     5.3127     0.0289    90.9317 1.0000e-12  -64.84614  -64.00396 345.339487      99.98 4.0546e+01   1538.708      36930         12  0.000e+00
    152.390    150.842     0.4952  29.090711     0.4951  29.088431     5.2403     5.3125     0.0289    90.9059 1.0000e-12  -64.84614  -64.00396 345.339488      99.98 4.0546e+01   1538.750      36931         12  0.000e+00
    152.335    150.788     0.4949  29.090360     0.4951  29.088944     5.2396     5.3123     0.0289    90.9059 1.0000e-12  -64.84614  -64.00396 345.339488      99.98 4.0546e+01   1538.792      36932         12  0.000e+00
    152.404    150.856     0.4957  29.090360     0.4948  29.088374     5.2388     5.3122     0.0289    90.9059 1.0000e-12  -64.84614  -64.00396 345.339489      99.93 4.0546e+01   1538.833      36933         12  0.000e+00
    152.390    150.842     0.4955  29.089834     0.4949  29.088659     5.2439     5.3120     0.0289    90.9059 1.0000e-12  -64.84614  -64.00396 345.339489      99.95 4.0546e+01   1538.875      36934         12  0.000e+00
    152.390    150.843     0.4957  29.090711     0.4946  29.088374     5.2388     5.3119     0.0289    90.9059 1.0000e-12  -64.84614  -64.00396 345.339490      99.98 4.0546e+01   1538.917      36935         12  0.000e+00
    152.336    150.788     0.4944  29.090068     0.4946  29.088716     5.2397     5.3117     0.0289    90.9059 1.0000e-12  -64.84614  -64.00396 345.339490      99.98 4.0546e+01   1538.958      36936         12  0.000e+00
    152.404    150.856     0.4930  29.090068     0.4945  29.088374     5.2351     5.3116     0.0289    90.8802 1.0000e-12  -64.84614  -64.00396 345.339491      99.98 4.0546e+01   1539.000      36937         12  0.000e+00
    152.390    150.843     0.4921  29.088782     0.4941  29.088088     5.2393     5.3114     0.0289    90.8802 1.0000e-12  -64.84614  -64.00396 345.339491      99.98 4.0546e+01   1539.042      36938         12  0.000e+00
    152.336    150.788     0.4919  29.088431     0.4943  29.088088     5.2390     5.3112     0.0216    90.8802 1.0000e-12  -64.84614  -64.00396 345.339492      99.98 4.0546e+01   1539.083      36939         12  0.000e+00
    152.390    150.843     0.4924  29.089016     0.4940  29.087860     5.2401     5.3111     0.0289    90.8802 1.0000e-12  -64.84614  -64.00396 345.339492      99.95 4.0546e+01   1539.125      36940         12  0.000e+00
    152.349    150.802     0.4935  29.088197     0.4941  29.087860     5.2399     5.3109     0.0289    90.8802 1.0000e-12  -64.84614  -64.00396 345.339493      99.95 4.0546e+01   1539.167      36941         12  0.000e+00
    152.390    150.843     0.4941  29.088490     0.4941  29.087860     5.2398     5.3161     0.0289    90.8802 1.0000e-12  -64.84614  -64.00396 345.339493      99.98 4.0546e+01   1539.208      36942         12  0.000e+00
    152.336    150.788     0.4950  29.088431     0.4941  29.087860     5.2396     5.3122     0.0289    90.8802 1.0000e-12  -64.84614  -64.00396 345.339494      99.98 4.0546e+01   1539.250      36943         12  0.000e+00
    152.391    150.843     0.4957  29.088431     0.4940  29.087860     5.2340     5.3130     0.0289    90.8802 1.0000e-12  -64.84614  -64.00396 345.339494      99.98 4.0546e+01   1539.292      36944         12  0.000e+00
    152.349    150.802     0.4961  29.088781     0.4941  29.087574     5.2384     5.3128     0.0289    90.8802 1.0000e-12  -64.84614  -64.00396 345.339495      99.95 4.0546e+01   1539.333      36945         12  0.000e+00
    152.336    150.788     0.4963  29.089834     0.4941  29.088088     5.2386     5.3126     0.0289    90.8802 1.0000e-12  -64.84614  -64.00396 345.339495      99.95 4.0546e+01   1539.375      36946         12  0.000e+00
    152.336    150.788     0.4966  29.090594     0.4941  29.088145     5.2317     5.3125     0.0289    90.8802 1.0000e-12  -64.84614  -64.00396 345.339496      99.98 4.0546e+01   1539.417      36947         12  0.000e+00
    152.336    150.788     0.4970  29.090886     0.4939  29.087574     5.2307     5.3124     0.0289    90.8802 1.0000e-12  -64.84614  -64.00396 345.339496      99.98 4.0546e+01   1539.458      36948         12  0.000e+00
    100.979     99.966     0.1005  28.637713     0.1091  28.647910     6.1953     6.1784     0.0875    90.4939 1.0000e-12  -64.84622  -64.00408 345.340613      99.98 4.0546e+01   1636.000      39265         13  0.000e+00
    101.000     99.986     0.1000  28.636725     0.1083  28.645753     6.1930     6.1782     0.0875    90.4939 1.0000e-12  -64.84622  -64.00408 345.340614      99.98 4.0546e+01   1636.042      39266         13  0.000e+00
    101.000     99.986     0.0992  28.635505     0.1078  28.644163     6.1961     6.1776     0.0875    90.4939 1.0000e-12  -64.84622  -64.00408 345.340614      99.98 4.0546e+01   1636.083      39267         13  0.000e+00
    100.979     99.966     0.0988  28.634575     0.1060  28.643426     6.1886     6.1770     0.0875    90.4939 1.0000e-12  -64.84622  -64.00408 345.340615      99.95 4.0546e+01   1636.125      39268         13  0.000e+00
    101.000     99.986     0.0982  28.634168     0.1037  28.642290     6.1852     6.1818     0.0875    90.4939 1.0000e-12  -64.84622  -64.00408 345.340615      99.95 4.0546e+01   1636.167      39269         13  0.000e+00
    100.979     99.966     0.0982  28.633238     0.1023  28.640644     6.1828     6.1762     0.0875    90.4939 1.0000e-12  -64.84622  -64.00408 345.340616      99.98 4.0546e+01   1636.208      39270         13  0.000e+00
    101.000     99.986     0.0977  28.633355     0.1020  28.639339     6.1801     6.1804     0.0875    90.4939 1.0000e-12  -64.84622  -64.00408 345.340616      99.98 4.0546e+01   1636.250      39271         13  0.000e+00
    101.027    100.013     0.0972  28.633239     0.1027  28.637976     6.1758     6.1741     0.0875    90.4939 1.0000e-12  -64.84622  -64.00408 345.340617      99.98 4.0546e+01   1636.292      39272         13  0.000e+00
    100.952     99.939     0.0970  28.633122     0.1029  28.638771     6.1711     6.1722     0.0875    90.4939 1.0000e-12  -64.84622  -64.00408 345.340617      99.95 4.0546e+01   1636.333      39273         13  0.000e+00
    101.027    100.013     0.0970  28.632541     0.1037  28.639849     6.1632     6.1701     0.0875    90.4939 1.0000e-12  -64.84622  -64.00408 345.340618      99.95 4.0546e+01   1636.375      39274         13  0.000e+00
    100.952     99.939     0.0970  28.632134     0.1031  28.639338     6.1651     6.1734     0.0875    90.4939 1.0000e-12  -64.84622  -64.00408 345.340618      99.98 4.0546e+01   1636.417      39275         13  0.000e+00
    101.027    100.013     0.0972  28.632309     0.1027  28.638544     6.1624     6.1666     0.0875    90.4939 1.0000e-12  -64.84622  -64.00408 345.340619      99.98 4.0546e+01   1636.458      39276         13  0.000e+00
    101.000     99.986     0.0970  28.632134     0.1023  28.638260     6.1609     6.1649     0.0875    90.4939 1.0000e-12  -64.84622  -64.00408 345.340619      99.98 4.0546e+01   1636.500      39277         13  0.000e+00
    101.027    100.013     0.0970  28.632309     0.1017  28.637181     6.1535     6.1633     0.0875    90.4939 1.0000e-12  -64.84622  -64.00408 345.340620      99.98 4.0546e+01   1636.542      39278         13  0.000e+00
