NBP2113_155081_ctd/data/nbp2113_003.cnv
* Sea-Bird SBE 9 Data File:
* FileName = D:\Data\raw\NBP2113_003.hex
* Software Version Seasave V 7.26.7.121
* Temperature SN = 2438
* Conductivity SN = 2067
* Number of Bytes Per Scan = 40
* Number of Voltage Words = 5
* Number of Scans Averaged by the Deck Unit = 1
* NMEA Latitude = 63 28.26 S
* NMEA Longitude = 061 47.09 W
* NMEA UTC (Time) = Nov 22 2021  19:16:03
* NMEA baud rate = 9600
** Ship: RVIB N.B. Palmer
** Cruise: NBP2113 LTER
** Station: 806.048
** Operator: S. Blackman
# nquan = 25
# nvalues = 1102                        
# units = specified
# name 0 = prDM: Pressure, Digiquartz [db]
# name 1 = depSM: Depth [salt water, m]
# name 2 = t090C: Temperature [ITS-90, deg C]
# name 3 = c0mS/cm: Conductivity [mS/cm]
# name 4 = t190C: Temperature, 2 [ITS-90, deg C]
# name 5 = c1mS/cm: Conductivity, 2 [mS/cm]
# name 6 = sbeox0ML/L: Oxygen, SBE 43 [ml/l]
# name 7 = sbeox1ML/L: Oxygen, SBE 43, 2 [ml/l]
# name 8 = flECO-AFL: Fluorescence, WET Labs ECO-AFL/FL [mg/m^3]
# name 9 = CStarTr0: Beam Transmission, WET Labs C-Star [%]
# name 10 = par: PAR/Irradiance, Biospherical/Licor
# name 11 = latitude: Latitude [deg]
# name 12 = longitude: Longitude [deg]
# name 13 = timeJ: Julian Days
# name 14 = altM: Altimeter [m]
# name 15 = spar: SPAR, Biospherical/Licor
# name 16 = timeS: Time, Elapsed [seconds]
# name 17 = scan: Scan Count
# name 18 = density00: Density [density, kg/m^3]
# name 19 = density11: Density, 2 [density, kg/m^3]
# name 20 = sal00: Salinity, Practical [PSU]
# name 21 = sal11: Salinity, Practical, 2 [PSU]
# name 22 = oxsolML/L: Oxygen Saturation, Garcia & Gordon [ml/l]
# name 23 = nbin: number of scans per bin
# name 24 = flag: flag
# span 0 =      2.000,    554.000       
# span 1 =      1.982,    547.897       
# span 2 =    -0.6541,     0.2728       
# span 3 =  27.895601,  29.140464       
# span 4 =    -0.6580,     0.2795       
# span 5 =  27.894378,  29.136617       
# span 6 =     5.3113,     8.1453       
# span 7 =     5.3256,     8.0152       
# span 8 =    -0.0296,     1.6116       
# span 9 =    90.0447,    98.9360       
# span 10 = -2.096e-05, 1.4689e+03      
# span 11 =  -63.47132,  -63.47104      
# span 12 =  -61.78588,  -61.78515      
# span 13 = 326.806521, 326.833172      
# span 14 =       8.03,     101.78      
# span 15 = 1.8134e+03, 1.8656e+03      
# span 16 =    320.412,   2623.094      
# span 17 =       7691,      62955      
# span 18 =  1027.3099,  1030.3680      
# span 19 =  1027.3069,  1030.3667      
# span 20 =    33.9813,    34.5667      
# span 21 =    33.9775,    34.5649      
# span 22 =    7.97768,    8.19055      
# span 23 =          6,         61      
# span 24 = 0.0000e+00, 0.0000e+00      
# interval = decibars: 1                
# start_time = Nov 22 2021 19:16:03 [NMEA time, header]
# bad_flag = -9.990e-29
*END*
[from data line 986]
    117.000    115.832    -0.2549  28.322864    -0.2534  28.323336     6.4184     6.3066     0.1196    98.8742 4.6086e-02  -63.47128  -61.78566 326.828055      99.98 1.8352e+03   2180.946      52344  1028.0851  1028.0841    34.2666    34.2655    8.10531         29 0.0000e+00
    116.000    114.843    -0.2597  28.316250    -0.2603  28.314222     6.4287     6.3148     0.1439    98.8683 4.7849e-02  -63.47128  -61.78568 326.828071      99.98 1.8431e+03   2182.306      52376  1028.0784  1028.0768    34.2638    34.2618    8.10649         37 0.0000e+00
    115.000    113.854    -0.2623  28.312668    -0.2640  28.309592     6.4286     6.3220     0.1613    98.8807 5.0894e-02  -63.47126  -61.78568 326.828091      99.98 1.8432e+03   2184.020      52417  1028.0728  1028.0711    34.2624    34.2603    8.10711         44 0.0000e+00
    114.000    112.864    -0.2647  28.309502    -0.2660  28.306934     6.4181     6.3214     0.1899    98.8787 5.7887e-02  -63.47126  -61.78568 326.828112      99.98 1.8376e+03   2185.906      52463  1028.0675  1028.0659    34.2616    34.2596    8.10768         45 0.0000e+00
    113.000    111.874    -0.2648  28.309123    -0.2656  28.307050     6.4376     6.3227     0.1483    98.8555 6.7701e-02  -63.47126  -61.78566 326.828145      99.98 1.8394e+03   2188.726      52530  1028.0629  1028.0613    34.2618    34.2599    8.10769         39 0.0000e+00
    112.000    110.884    -0.2721  28.300247    -0.2654  28.306960     6.4488     6.3401     0.1592    98.8596 7.2765e-02  -63.47126  -61.78566 326.828169      99.98 1.8370e+03   2190.795      52580  1028.0562  1028.0567    34.2588    34.2601    8.10942         33 0.0000e+00
    111.000    109.895    -0.2741  28.297677    -0.2742  28.296306     6.4578     6.3461     0.1265    98.8412 7.7178e-02  -63.47126  -61.78566 326.828184      99.98 1.8318e+03   2192.064      52611  1028.0511  1028.0496    34.2582    34.2564    8.10988         31 0.0000e+00
    110.000    108.904    -0.2787  28.292779    -0.2808  28.288924     6.4523     6.3423     0.1466    98.8590 8.0340e-02  -63.47126  -61.78568 326.828204      99.98 1.8320e+03   2193.831      52653  1028.0459  1028.0438    34.2574    34.2546    8.11089         38 0.0000e+00
    109.000    107.915    -0.3001  28.269134    -0.2899  28.279257     6.4922     6.3652     0.1771    98.8495 8.5822e-02  -63.47126  -61.78568 326.828242      99.98 1.8435e+03   2197.089      52731  1028.0371  1028.0379    34.2506    34.2525    8.11585         38 0.0000e+00
    108.000    106.923    -0.2994  28.269753    -0.2914  28.277817     6.5051     6.3796     0.1723    98.8629 9.7020e-02  -63.47126  -61.78568 326.828274      99.98 1.8385e+03   2199.899      52799  1028.0325  1028.0334    34.2511    34.2529    8.11566         29 0.0000e+00
    107.000    105.935    -0.3187  28.247765    -0.3148  28.251146     6.5505     6.4089     0.1655    98.8483 1.0421e-01  -63.47126  -61.78568 326.828306      99.98 1.8394e+03   2202.621      52864  1028.0234  1028.0233    34.2442    34.2442    8.12018         24 0.0000e+00
    106.000    104.947    -0.3333  28.232433    -0.3211  28.243728     6.5440     6.4136     0.1452    98.8381 1.0855e-01  -63.47126  -61.78568 326.828331      99.98 1.8346e+03   2204.784      52916  1028.0166  1028.0169    34.2406    34.2420    8.12349         31 0.0000e+00
    105.000    103.955    -0.3506  28.212434    -0.3437  28.218220     6.5651     6.4478     0.1787    98.8431 1.1684e-01  -63.47126  -61.78568 326.828385      99.98 1.8389e+03   2209.490      53029  1028.0074  1028.0071    34.2340    34.2340    8.12757         27 0.0000e+00
    104.000    102.967    -0.3469  28.216071    -0.3484  28.213468     6.5620     6.4576     0.1735    98.8058 1.2723e-01  -63.47124  -61.78568 326.828421      99.98 1.8408e+03   2212.565      53103  1028.0030  1028.0018    34.2353    34.2335    8.12670         33 0.0000e+00
    103.000    101.976    -0.3537  28.207900    -0.3536  28.207100     6.5820     6.4644     0.1676    98.8219 1.3378e-01  -63.47124  -61.78569 326.828453      99.98 1.8369e+03   2215.375      53170  1027.9964  1027.9956    34.2326    34.2314    8.12831         40 0.0000e+00
    102.000    100.985    -0.3571  28.203718    -0.3529  28.207059     6.5905     6.4685     0.1913    98.8014 1.4306e-01  -63.47124  -61.78570 326.828495      99.98 1.8361e+03   2218.983      53257  1027.9908  1027.9904    34.2315    34.2311    8.12910         27 0.0000e+00
    101.000     99.998    -0.3603  28.199241    -0.3600  28.198273     6.5919     6.4803     0.1670    98.8121 1.5098e-01  -63.47124  -61.78572 326.828652      99.98 1.8334e+03   2232.561      53582  1027.9845  1027.9833    34.2296    34.2281    8.12988         32 0.0000e+00
    100.000     99.005    -0.3626  28.194240    -0.3629  28.192728     6.6001     6.4921     0.1552    98.7679 1.6837e-01  -63.47123  -61.78584 326.829113      99.98 1.8327e+03   2272.388      54538  1027.9769  1027.9755    34.2262    34.2245    8.13058         33 0.0000e+00
     99.000     98.016    -0.3637  28.191568    -0.3640  28.189985     6.6157     6.4977     0.1797    98.7746 1.8385e-01  -63.47122  -61.78586 326.829226      99.98 1.8351e+03   2282.106      54772  1027.9708  1027.9694    34.2244    34.2227    8.13091         38 0.0000e+00
     98.000     97.026    -0.3661  28.187664    -0.3652  28.187777     6.6184     6.5031     0.1837    98.7454 1.9733e-01  -63.47122  -61.78586 326.829264      99.98 1.8328e+03   2285.441      54852  1027.9647  1027.9639    34.2226    34.2217    8.13154         43 0.0000e+00
     97.000     96.038    -0.3658  28.187428    -0.3657  28.186474     6.6050     6.5081     0.1752    98.7492 2.0835e-01  -63.47122  -61.78586 326.829284      99.98 1.8332e+03   2287.142      54892  1027.9598  1027.9587    34.2225    34.2211    8.13148         32 0.0000e+00
     96.000     95.047    -0.3663  28.186451    -0.3667  28.184773     6.6334     6.5059     0.1612    98.7335 2.2064e-01  -63.47122  -61.78586 326.829300      99.98 1.8300e+03   2288.485      54925  1027.9550  1027.9536    34.2224    34.2206    8.13159         36 0.0000e+00
     95.000     94.056    -0.3666  28.185545    -0.3658  28.185557     6.6348     6.5095     0.1947    98.7574 2.3207e-01  -63.47122  -61.78586 326.829321      99.98 1.8292e+03   2290.314      54969  1027.9500  1027.9492    34.2221    34.2212    8.13167         44 0.0000e+00
     94.000     93.068    -0.3681  28.181648    -0.3671  28.182515     6.6687     6.5389     0.2427    98.7411 2.4475e-01  -63.47122  -61.78586 326.829346      99.98 1.8362e+03   2292.522      55022  1027.9430  1027.9430    34.2192    34.2193    8.13215         46 0.0000e+00
     93.000     92.077    -0.3736  28.172287    -0.3711  28.175016     6.7305     6.5542     0.2350    98.6754 2.6685e-01  -63.47122  -61.78586 326.829370      99.98 1.8347e+03   2294.564      55071  1027.9339  1027.9345    34.2134    34.2143    8.13366         41 0.0000e+00
     92.000     91.088    -0.3852  28.156266    -0.3742  28.168858     6.8147     6.6226     0.2271    98.5696 2.9135e-01  -63.47122  -61.78586 326.829394      99.98 1.8310e+03   2296.602      55119  1027.9237  1027.9266    34.2056    34.2102    8.13658         41 0.0000e+00
     91.000     90.099    -0.4002  28.135092    -0.3964  28.138380     6.9264     6.7297     0.2457    98.4378 3.0462e-01  -63.47122  -61.78586 326.829418      99.98 1.8336e+03   2298.700      55170  1027.9111  1027.9111    34.1948    34.1949    8.14042         48 0.0000e+00
     90.000     89.107    -0.4234  28.102218    -0.4215  28.103146     7.0955     6.8602     0.2684    98.2400 3.0894e-01  -63.47122  -61.78586 326.829440      99.98 1.8330e+03   2300.607      55216  1027.8938  1027.8931    34.1774    34.1765    8.14638         36 0.0000e+00
     89.000     88.118    -0.4451  28.069734    -0.4448  28.069378     7.1627     6.8882     0.2676    98.0463 3.2380e-01  -63.47122  -61.78587 326.829456      99.98 1.8303e+03   2302.030      55250  1027.8756  1027.8750    34.1589    34.1581    8.15212         33 0.0000e+00
     88.000     87.128    -0.4498  28.059435    -0.4507  28.057646     7.1635     6.8768     0.3562    97.7799 3.5407e-01  -63.47122  -61.78588 326.829474      99.98 1.8299e+03   2303.567      55287  1027.8644  1027.8634    34.1509    34.1495    8.15357         36 0.0000e+00
     87.000     86.141    -0.4614  28.042191    -0.4453  28.066647     7.2604     6.9300     0.4708    97.4808 4.0227e-01  -63.47122  -61.78586 326.829503      99.97 1.8316e+03   2306.019      55345  1027.8523  1027.8630    34.1414    34.1562    8.15661         35 0.0000e+00
     86.000     85.149    -0.4777  28.015526    -0.4762  28.016806     7.2340     7.0701     0.4039    97.0474 4.0358e-01  -63.47122  -61.78588 326.829561      99.98 1.8252e+03   2311.043      55466  1027.8344  1027.8345    34.1246    34.1246    8.16109         32 0.0000e+00
     85.000     84.157    -0.4797  28.011505    -0.4768  28.014533     7.2560     7.0865     0.4016    97.1528 4.2269e-01  -63.47122  -61.78588 326.829593      99.97 1.8217e+03   2313.807      55532  1027.8275  1027.8281    34.1220    34.1229    8.16165         39 0.0000e+00
     84.000     83.170    -0.4887  27.996879    -0.4890  27.995233     7.2809     7.1610     0.5206    96.8032 4.9646e-01  -63.47120  -61.78584 326.830059      99.98 1.8327e+03   2354.119      56500  1027.8153  1027.8138    34.1131    34.1112    8.16411         39 0.0000e+00
     83.000     82.180    -0.4892  27.995561    -0.4884  27.995769     7.3224     7.1792     0.5289    96.7970 5.4539e-01  -63.47120  -61.78585 326.830073      99.98 1.8315e+03   2355.341      56529  1027.8101  1027.8095    34.1125    34.1119    8.16425         39 0.0000e+00
     82.000     81.188    -0.4967  27.985246    -0.4943  27.987251     7.3476     7.2049     0.5099    96.8100 5.7478e-01  -63.47120  -61.78586 326.830100      99.98 1.8322e+03   2357.673      56585  1027.8020  1027.8018    34.1077    34.1077    8.16614         42 0.0000e+00
     81.000     80.201    -0.5045  27.975273    -0.5038  27.974650     7.4007     7.2542     0.5134    96.7478 5.9267e-01  -63.47120  -61.78586 326.830124      99.98 1.8254e+03   2359.728      56634  1027.7944  1027.7931    34.1037    34.1021    8.16805         35 0.0000e+00
     80.000     79.210    -0.5117  27.966009    -0.5141  27.961178     7.4502     7.2798     0.4643    96.7165 6.2700e-01  -63.47120  -61.78586 326.830139      99.98 1.8251e+03   2360.982      56665  1027.7871  1027.7842    34.1000    34.0962    8.16982         25 0.0000e+00
     79.000     78.218    -0.5147  27.958339    -0.5126  27.957432     7.4215     7.2797     0.4549    96.7015 6.7621e-01  -63.47120  -61.78586 326.830151      99.98 1.8301e+03   2362.051      56690  1027.7773  1027.7743    34.0936    34.0900    8.17082         25 0.0000e+00
     78.000     77.230    -0.5100  27.959373    -0.5093  27.957794     7.4674     7.2911     0.5023    96.5623 7.4347e-01  -63.47120  -61.78585 326.830186      99.97 1.8342e+03   2365.067      56763  1027.7695  1027.7671    34.0904    34.0875    8.17001         36 0.0000e+00
     77.000     76.241    -0.5086  27.958395    -0.5091  27.957120     7.4986     7.3461     0.4934    96.5361 7.9101e-01  -63.47120  -61.78586 326.830223      99.97 1.8223e+03   2368.276      56840  1027.7626  1027.7617    34.0881    34.0870    8.16983         24 0.0000e+00
     76.000     75.249    -0.5079  27.955938    -0.5083  27.953737     7.4882     7.3567     0.4832    96.3844 8.3404e-01  -63.47120  -61.78586 326.830233      99.98 1.8184e+03   2369.160      56861  1027.7550  1027.7530    34.0846    34.0821    8.16989         21 0.0000e+00
     75.000     74.259    -0.5098  27.952587    -0.5118  27.946738     7.4795     7.3523     0.5234    96.1754 8.8327e-01  -63.47120  -61.78586 326.830244      99.97 1.8206e+03   2370.097      56883  1027.7490  1027.7445    34.0829    34.0772    8.17040         24 0.0000e+00
     74.000     73.269    -0.5100  27.952467    -0.5108  27.947103     7.5077     7.3567     0.5972    96.0380 9.3677e-01  -63.47120  -61.78586 326.830258      99.97 1.8301e+03   2371.330      56913  1027.7447  1027.7397    34.0836    34.0773    8.17040         38 0.0000e+00
     73.000     72.278    -0.5118  27.945369    -0.5115  27.944680     7.5949     7.3958     0.6277    95.9519 1.0147e+00  -63.47120  -61.78586 326.830287      99.98 1.8377e+03   2373.813      56973  1027.7344  1027.7334    34.0766    34.0754    8.17118         36 0.0000e+00
     72.000     71.289    -0.5158  27.935485    -0.5126  27.939307     7.5472     7.4205     0.6446    95.7233 1.1323e+00  -63.47120  -61.78586 326.830329      99.98 1.8289e+03   2377.396      57059  1027.7233  1027.7243    34.0685    34.0701    8.17252         35 0.0000e+00
     71.000     70.300    -0.5108  27.943978    -0.5119  27.937380     7.6272     7.4698     0.5944    95.7551 1.2032e+00  -63.47120  -61.78586 326.830353      99.97 1.8254e+03   2379.520      57109  1027.7233  1027.7172    34.0749    34.0672    8.17107         44 0.0000e+00
     70.000     69.310    -0.5125  27.931873    -0.5124  27.930778     7.6663     7.4790     0.6714    95.4071 1.2546e+00  -63.47120  -61.78586 326.830373      99.97 1.8328e+03   2381.233      57151  1027.7075  1027.7062    34.0611    34.0595    8.17222         37 0.0000e+00
     69.000     68.322    -0.5099  27.930131    -0.5120  27.929980     7.7170     7.4730     0.7696    95.1872 1.3195e+00  -63.47120  -61.78586 326.830397      99.97 1.8376e+03   2383.333      57201  1027.6987  1027.7007    34.0564    34.0586    8.17193         37 0.0000e+00
     68.000     67.329    -0.5054  27.927924    -0.5086  27.928816     7.7353     7.5580     0.8576    95.1073 1.4555e+00  -63.47120  -61.78586 326.830431      99.97 1.8275e+03   2386.218      57270  1027.6877  1027.6918    34.0491    34.0539    8.17139         47 0.0000e+00
     67.000     66.337    -0.4963  27.925964    -0.4963  27.924604     7.8051     7.6235     0.9006    94.5156 1.5978e+00  -63.47120  -61.78586 326.830476      99.97 1.8314e+03   2390.135      57364  1027.6725  1027.6710    34.0368    34.0350    8.17013         34 0.0000e+00
     66.000     65.350    -0.4968  27.925476    -0.4973  27.924069     7.7677     7.6439     0.8540    93.9313 1.6650e+00  -63.47120  -61.78586 326.830510      99.97 1.8263e+03   2393.057      57434  1027.6683  1027.6672    34.0374    34.0360    8.17022         40 0.0000e+00
     65.000     64.359    -0.4938  27.924358    -0.4935  27.922611     7.7967     7.6581     0.8893    93.8665 1.9094e+00  -63.47121  -61.78585 326.830717      99.97 1.8291e+03   2410.945      57864  1027.6599  1027.6578    34.0330    34.0304    8.16981         39 0.0000e+00
     64.000     63.370    -0.4930  27.923467    -0.4931  27.922021     7.8086     7.6808     1.0093    93.7274 2.0535e+00  -63.47122  -61.78584 326.830926      99.97 1.8222e+03   2429.044      58298  1027.6540  1027.6526    34.0316    34.0298    8.16972         33 0.0000e+00
     63.000     62.380    -0.4927  27.922295    -0.4927  27.920917     7.8263     7.6835     0.8938    93.6922 2.1858e+00  -63.47122  -61.78584 326.830943      99.97 1.8171e+03   2430.487      58333  1027.6482  1027.6467    34.0303    34.0285    8.16974         31 0.0000e+00
     62.000     61.389    -0.4910  27.921261    -0.4914  27.920045     7.8420     7.6886     0.9568    93.5983 2.4234e+00  -63.47122  -61.78584 326.830968      99.97 1.8310e+03   2432.659      58385  1027.6411  1027.6402    34.0276    34.0265    8.16952         37 0.0000e+00
     61.000     60.400    -0.4891  27.920398    -0.4909  27.919319     7.8642     7.7008     1.0931    93.6153 2.6605e+00  -63.47122  -61.78582 326.831005      99.97 1.8242e+03   2435.852      58461  1027.6341  1027.6346    34.0250    34.0255    8.16927         44 0.0000e+00
