NBP2113_155081_ctd/data/nbp2113_053.cnv
* Sea-Bird SBE 9 Data File:
* FileName = D:\Data\raw\NBP2113_053.hex
* Software Version Seasave V 7.26.7.121
* Temperature SN = 2438
* Conductivity SN = 2067
* Number of Bytes Per Scan = 40
* Number of Voltage Words = 5
* Number of Scans Averaged by the Deck Unit = 1
* NMEA Latitude = 64 53.78 S
* NMEA Longitude = 064 39.15 W
* NMEA UTC (Time) = Dec 11 2021  18:56:20
* NMEA baud rate = 9600
** Ship: RVIB N.B. Palmer
** Cruise: NBP2113 LTER
** Station: 595.052
** Operator: S. Blackman
# nquan = 25
# nvalues = 967                         
# units = specified
# name 0 = prDM: Pressure, Digiquartz [db]
# name 1 = depSM: Depth [salt water, m]
# name 2 = t090C: Temperature [ITS-90, deg C]
# name 3 = c0mS/cm: Conductivity [mS/cm]
# name 4 = t190C: Temperature, 2 [ITS-90, deg C]
# name 5 = c1mS/cm: Conductivity, 2 [mS/cm]
# name 6 = sbeox0ML/L: Oxygen, SBE 43 [ml/l]
# name 7 = sbeox1ML/L: Oxygen, SBE 43, 2 [ml/l]
# name 8 = flECO-AFL: Fluorescence, WET Labs ECO-AFL/FL [mg/m^3]
# name 9 = CStarTr0: Beam Transmission, WET Labs C-Star [%]
# name 10 = par: PAR/Irradiance, Biospherical/Licor
# name 11 = latitude: Latitude [deg]
# name 12 = longitude: Longitude [deg]
# name 13 = timeJ: Julian Days
# name 14 = altM: Altimeter [m]
# name 15 = spar: SPAR, Biospherical/Licor
# name 16 = timeS: Time, Elapsed [seconds]
# name 17 = scan: Scan Count
# name 18 = density00: Density [density, kg/m^3]
# name 19 = density11: Density, 2 [density, kg/m^3]
# name 20 = sal00: Salinity, Practical [PSU]
# name 21 = sal11: Salinity, Practical, 2 [PSU]
# name 22 = oxsolML/L: Oxygen Saturation, Garcia & Gordon [ml/l]
# name 23 = nbin: number of scans per bin
# name 24 = flag: flag
# span 0 =      1.000,    486.000       
# span 1 =      0.992,    480.674       
# span 2 =    -0.2936,     1.4451       
# span 3 =  27.837677,  30.257408       
# span 4 =    -0.2974,     1.4445       
# span 5 =  27.832811,  30.255726       
# span 6 =     4.1076,     8.0589       
# span 7 =     4.1722,     8.0572       
# span 8 =    -0.0225,     1.8801       
# span 9 =    85.0365,    92.1333       
# span 10 = -8.602e-05, 1.0695e+03      
# span 11 =  -64.89646,  -64.89638      
# span 12 =  -64.65308,  -64.65220      
# span 13 = 345.792762, 345.811111      
# span 14 =       1.63,     103.90      
# span 15 = 6.3413e+02, 9.2235e+02      
# span 16 =    314.674,   1899.958      
# span 17 =       7553,      45600      
# span 18 =  1027.1035,  1030.0388      
# span 19 =  1027.1017,  1030.0375      
# span 20 =    33.7326,    34.6767      
# span 21 =    33.7302,    34.6751      
# span 22 =    7.73524,    8.14406      
# span 23 =         11,         53      
# span 24 = 0.0000e+00, 0.0000e+00      
# interval = decibars: 1                
# start_time = Dec 11 2021 18:56:20 [NMEA time, header]
# bad_flag = -9.990e-29
*END*
[from data line 812]
    155.000    153.425     0.7580  29.386671     0.7588  29.386454     4.9480     5.0019     0.0033    91.7556 1.0000e-12  -64.89644  -64.65283 345.806942      99.97 6.4789e+02   1539.797      36956  1028.4020  1028.4009    34.5106    34.5095    7.88131         27 0.0000e+00
    154.000    152.434     0.7575  29.386453     0.7572  29.385073     4.9603     5.0050     0.0069    91.7557 1.0000e-12  -64.89644  -64.65284 345.806952      99.97 6.4697e+02   1540.658      36977  1028.3980  1028.3968    34.5116    34.5100    7.88138         20 0.0000e+00
    153.000    151.446     0.7485  29.376153     0.7461  29.373004     4.9667     5.0045     0.0033    91.7569 1.0000e-12  -64.89644  -64.65284 345.806962      99.97 6.4698e+02   1541.510      36997  1028.3919  1028.3910    34.5088    34.5074    7.88335         22 0.0000e+00
    152.000    150.454     0.7489  29.375625     0.7456  29.371328     4.9554     5.0031     0.0056    91.7412 1.0000e-12  -64.89644  -64.65285 345.807055      99.97 6.4483e+02   1549.587      37191  1028.3866  1028.3853    34.5083    34.5063    7.88330         37 0.0000e+00
    151.000    149.467     0.7441  29.370401     0.7442  29.369525     4.9619     5.0164     0.0107    91.7546 3.6180e-05  -64.89644  -64.65284 345.807432      99.97 6.3686e+02   1582.111      37972  1028.3813  1028.3803    34.5074    34.5061    7.88432         34 0.0000e+00
    150.000    148.477     0.7441  29.370007     0.7445  29.369349     4.9711     5.0123    -0.0085    91.7557 1.7591e-03  -64.89644  -64.65284 345.807478      99.97 6.3639e+02   1586.140      38068  1028.3766  1028.3756    34.5075    34.5062    7.88431         29 0.0000e+00
    149.000    147.489     0.7424  29.368114     0.7417  29.366282     4.9884     5.0336    -0.0010    91.7557 4.1533e-03  -64.89644  -64.65287 345.807489      99.97 6.3640e+02   1587.050      38090  1028.3721  1028.3709    34.5075    34.5059    7.88465         21 0.0000e+00
    148.000    146.497     0.7393  29.364400     0.7389  29.362891     4.9993     5.0446     0.0129    91.7477 6.7884e-03  -64.89644  -64.65288 345.807498      99.97 6.3549e+02   1587.861      38110  1028.3670  1028.3659    34.5067    34.5052    7.88532         19 0.0000e+00
    147.000    145.508     0.7333  29.358629     0.7330  29.357230     5.0082     5.0547     0.0095    91.7387 9.6825e-03  -64.89644  -64.65289 345.807508      99.97 6.3482e+02   1588.691      38130  1028.3627  1028.3615    34.5065    34.5050    7.88656         21 0.0000e+00
    146.000    144.519     0.7120  29.335823     0.6906  29.313487     5.0051     5.0602     0.0103    91.7168 1.2305e-02  -64.89644  -64.65290 345.807520      99.97 6.3593e+02   1589.698      38154  1028.3557  1028.3533    34.5012    34.4959    7.89118         28 0.0000e+00
    145.000    143.530     0.7187  29.341473     0.7208  29.341113     5.0200     5.0539     0.0110    91.7374 1.4676e-02  -64.89644  -64.65288 345.807540      99.97 6.3643e+02   1591.472      38196  1028.3502  1028.3481    34.5016    34.4989    7.88978         38 0.0000e+00
    144.000    142.540     0.7170  29.339533     0.7202  29.342782     5.1396     5.1360     0.0049    91.7297 1.5636e-02  -64.89644  -64.65288 345.807568      99.97 6.3640e+02   1593.864      38254  1028.3458  1028.3461    34.5016    34.5023    7.89014         28 0.0000e+00
    143.000    141.549     0.6715  29.292846     0.6626  29.282904     5.2045     5.1819    -0.0023    91.7476 1.7849e-02  -64.89644  -64.65288 345.807579      99.97 6.3640e+02   1594.862      38278  1028.3375  1028.3357    34.4921    34.4891    7.89990         21 0.0000e+00
    142.000    140.564     0.6136  29.235903     0.6228  29.243507     5.2047     5.1778    -0.0076    91.7516 2.1431e-02  -64.89644  -64.65288 345.807589      99.97 6.3640e+02   1595.653      38297  1028.3306  1028.3295    34.4832    34.4828    7.91222         19 0.0000e+00
    141.000    139.569     0.5876  29.204075     0.5855  29.201456     5.2089     5.1769     0.0079    91.7365 2.4440e-02  -64.89644  -64.65288 345.807598      99.97 6.3640e+02   1596.474      38316  1028.3184  1028.3177    34.4713    34.4701    7.91818         21 0.0000e+00
    140.000    138.582     0.5954  29.209251     0.6018  29.216284     5.1910     5.1878     0.0140    91.7182 2.8696e-02  -64.89644  -64.65288 345.807612      99.97 6.3549e+02   1597.645      38344  1028.3113  1028.3124    34.4698    34.4719    7.91665         35 0.0000e+00
    139.000    137.593     0.5946  29.210021     0.5968  29.211741     5.1883     5.2097     0.0048    91.7117 3.2394e-02  -64.89645  -64.65288 345.807637      99.97 6.3413e+02   1599.815      38397  1028.3080  1028.3076    34.4723    34.4721    7.91667         40 0.0000e+00
    138.000    136.601     0.5894  29.205121     0.5901  29.204683     5.2482     5.2593     0.0063    91.7005 3.5183e-02  -64.89644  -64.65290 345.807653      99.97 6.3646e+02   1601.206      38430  1028.3034  1028.3024    34.4724    34.4711    7.91775         23 0.0000e+00
    137.000    135.614     0.5615  29.177280     0.5641  29.178911     5.2868     5.2833     0.0052    91.7269 3.8156e-02  -64.89644  -64.65290 345.807662      99.97 6.3640e+02   1602.001      38449  1028.2972  1028.2965    34.4677    34.4670    7.92370         17 0.0000e+00
    136.000    134.624     0.5286  29.141648     0.5308  29.143771     5.2919     5.2928     0.0082    91.7220 4.1709e-02  -64.89644  -64.65290 345.807670      99.97 6.3640e+02   1602.675      38465  1028.2880  1028.2881    34.4586    34.4588    7.93096         16 0.0000e+00
    135.000    133.634     0.5116  29.123448     0.5096  29.120349     5.2915     5.2938     0.0140    91.7021 4.5952e-02  -64.89644  -64.65290 345.807678      99.97 6.3640e+02   1603.344      38481  1028.2811  1028.2799    34.4544    34.4525    7.93468         17 0.0000e+00
    134.000    132.644     0.5052  29.115679     0.4997  29.109367     5.2811     5.2919     0.0089    91.6866 5.0053e-02  -64.89644  -64.65290 345.807687      99.97 6.3640e+02   1604.124      38500  1028.2746  1028.2734    34.4519    34.4498    7.93612         20 0.0000e+00
    133.000    131.654     0.5117  29.121068     0.5052  29.112941     5.2638     5.2838     0.0117    91.6906 5.4636e-02  -64.89644  -64.65290 345.807700      99.97 6.3640e+02   1605.256      38527  1028.2691  1028.2670    34.4522    34.4489    7.93476         37 0.0000e+00
    132.000    130.665     0.5212  29.130623     0.5236  29.132813     5.2376     5.2898     0.0110    91.6985 5.9140e-02  -64.89644  -64.65290 345.807725      99.97 6.3640e+02   1607.413      38579  1028.2650  1028.2649    34.4548    34.4549    7.93267         40 0.0000e+00
    131.000    129.675     0.5237  29.134825     0.5151  29.124461     5.3330     5.3341     0.0144    91.6625 6.4110e-02  -64.89644  -64.65290 345.807746      99.97 6.3640e+02   1609.219      38622  1028.2623  1028.2599    34.4581    34.4541    7.93198         32 0.0000e+00
    130.000    128.687     0.4830  29.092983     0.4808  29.089062     5.3977     5.3894     0.0143    91.6801 6.8938e-02  -64.89644  -64.65290 345.807758      99.97 6.3673e+02   1610.307      38648  1028.2542  1028.2523    34.4494    34.4467    7.94082         22 0.0000e+00
    129.000    127.696     0.4384  29.046348     0.4442  29.052559     5.4269     5.4140     0.0143    91.6943 7.4381e-02  -64.89644  -64.65292 345.807768      99.97 6.3802e+02   1611.171      38669  1028.2445  1028.2451    34.4387    34.4404    7.95057         20 0.0000e+00
    128.000    126.707     0.4291  29.033980     0.4199  29.024835     5.4229     5.4094     0.0208    91.6369 7.9338e-02  -64.89644  -64.65292 345.807777      99.97 6.3816e+02   1611.952      38688  1028.2362  1028.2356    34.4336    34.4319    7.95277         19 0.0000e+00
    127.000    125.717     0.4137  29.018799     0.4091  29.012047     5.4143     5.4061     0.0175    91.6523 8.4581e-02  -64.89644  -64.65292 345.807786      99.97 6.3816e+02   1612.730      38707  1028.2307  1028.2280    34.4315    34.4277    7.95606         19 0.0000e+00
    126.000    124.727     0.4167  29.019754     0.4116  29.012184     5.3979     5.4106     0.0195    91.6157 8.9466e-02  -64.89644  -64.65292 345.807797      99.97 6.3816e+02   1613.639      38728  1028.2241  1028.2212    34.4299    34.4257    7.95553         25 0.0000e+00
    125.000    123.739     0.4219  29.024237     0.4235  29.025714     5.3930     5.4095     0.0260    91.6247 9.4783e-02  -64.89644  -64.65291 345.807815      99.97 6.3859e+02   1615.206      38766  1028.2192  1028.2189    34.4306    34.4307    7.95442         40 0.0000e+00
    124.000    122.748     0.4151  29.017727     0.4202  29.021551     5.3951     5.4204     0.0233    91.6255 1.0013e-01  -64.89644  -64.65292 345.807840      99.97 6.3997e+02   1617.375      38818  1028.2141  1028.2130    34.4303    34.4296    7.95584         36 0.0000e+00
    123.000    121.760     0.4170  29.019682     0.4128  29.014550     5.4018     5.4232     0.0214    91.6218 1.0796e-01  -64.89644  -64.65292 345.807855      99.97 6.3906e+02   1618.665      38849  1028.2097  1028.2085    34.4313    34.4293    7.95539         30 0.0000e+00
    122.000    120.769     0.4060  29.007381     0.4141  29.014397     5.3855     5.4254     0.0257    91.6212 1.1737e-01  -64.89644  -64.65292 345.807872      99.97 6.3816e+02   1620.169      38885  1028.2030  1028.2025    34.4280    34.4283    7.95783         36 0.0000e+00
    121.000    119.779     0.4139  29.015631     0.4147  29.015656     5.4444     5.4728     0.0262    91.6152 1.2447e-01  -64.89644  -64.65293 345.807898      99.97 6.3912e+02   1622.421      38939  1028.1994  1028.1986    34.4307    34.4298    7.95606         35 0.0000e+00
    120.000    118.790     0.3933  28.993762     0.3880  28.987826     5.5717     5.5544     0.0178    91.5761 1.2990e-01  -64.89644  -64.65294 345.807914      99.97 6.3996e+02   1623.797      38972  1028.1923  1028.1912    34.4256    34.4237    7.96059         25 0.0000e+00
    119.000    117.800     0.3572  28.957725     0.3467  28.945148     5.5798     5.5707     0.0206    91.5117 1.3530e-01  -64.89644  -64.65294 345.807925      99.97 6.3993e+02   1624.737      38995  1028.1854  1028.1825    34.4193    34.4146    7.96840         22 0.0000e+00
    118.000    116.811     0.3220  28.917025     0.3183  28.912405     5.5423     5.5555     0.0207    91.5472 1.4232e-01  -64.89644  -64.65294 345.807936      99.97 6.3993e+02   1625.678      39017  1028.1726  1028.1712    34.4058    34.4039    7.97643         24 0.0000e+00
    117.000    115.820     0.3373  28.931376     0.3221  28.914578     5.5221     5.5288     0.0278    91.5301 1.5049e-01  -64.89644  -64.65294 345.807951      99.97 6.3993e+02   1626.934      39047  1028.1680  1028.1651    34.4081    34.4031    7.97313         37 0.0000e+00
    116.000    114.831     0.4015  28.999545     0.4129  29.009385     5.4963     5.5176     0.0279    91.5509 1.6596e-01  -64.89645  -64.65292 345.808018      99.97 6.4155e+02   1632.718      39186  1028.1721  1028.1712    34.4265    34.4266    7.95886         38 0.0000e+00
    115.000    113.843     0.3886  28.991410     0.3784  28.979190     5.6616     5.6242     0.0201    91.5605 1.7502e-01  -64.89644  -64.65294 345.808034      99.97 6.4170e+02   1634.156      39221  1028.1717  1028.1689    34.4308    34.4262    7.96128         22 0.0000e+00
    114.000    112.853     0.3179  28.913297     0.3171  28.911955     5.7115     5.6628     0.0146    91.5250 1.8366e-01  -64.89644  -64.65294 345.808044      99.97 6.4253e+02   1634.964      39240  1028.1548  1028.1542    34.4079    34.4070    7.97715         19 0.0000e+00
    113.000    111.862     0.2878  28.880249     0.2810  28.871404     5.6873     5.6557     0.0226    91.5142 1.9268e-01  -64.89644  -64.65294 345.808053      99.97 6.4344e+02   1635.784      39260  1028.1450  1028.1425    34.3987    34.3947    7.98391         21 0.0000e+00
    112.000    110.873     0.2523  28.840969     0.2480  28.835510     5.6637     5.6353     0.0286    91.4591 2.0149e-01  -64.89645  -64.65294 345.808064      99.97 6.4370e+02   1636.743      39283  1028.1339  1028.1321    34.3874    34.3849    7.99191         27 0.0000e+00
    111.000    109.881     0.3131  28.903456     0.3073  28.895162     5.6668     5.6541     0.0334    91.4696 2.1535e-01  -64.89646  -64.65293 345.808114      99.97 6.4819e+02   1641.036      39386  1028.1351  1028.1321    34.4022    34.3978    7.97848         33 0.0000e+00
    110.000    108.894     0.2945  28.887094     0.2909  28.882738     5.7808     5.7420     0.0320    91.5001 2.3312e-01  -64.89644  -64.65292 345.808153      99.97 6.5063e+02   1644.453      39468  1028.1317  1028.1304    34.4021    34.4003    7.98234         24 0.0000e+00
    109.000    107.905     0.2307  28.817810     0.2296  28.815151     5.7759     5.7573     0.0249    91.4400 2.4709e-01  -64.89644  -64.65294 345.808165      99.97 6.5222e+02   1645.449      39492  1028.1166  1028.1150    34.3829    34.3806    7.99665         24 0.0000e+00
    108.000    106.914     0.2241  28.805145     0.2081  28.789258     5.7776     5.7567     0.0304    91.4142 2.5916e-01  -64.89644  -64.65294 345.808178      99.97 6.5341e+02   1646.583      39519  1028.1051  1028.1039    34.3741    34.3711    7.99850         32 0.0000e+00
    107.000    105.925     0.2079  28.791159     0.2107  28.791774     5.7980     5.7890     0.0354    91.3812 2.6479e-01  -64.89644  -64.65294 345.808203      99.97 6.5586e+02   1648.722      39570  1028.1011  1028.0992    34.3745    34.3721    8.00186         30 0.0000e+00
    106.000    104.936     0.2059  28.789477     0.1944  28.771772     5.7177     5.7622     0.0398    91.3861 2.7374e-01  -64.89646  -64.65293 345.808234      99.97 6.5818e+02   1651.413      39635  1028.0964  1028.0889    34.3750    34.3646    8.00223         42 0.0000e+00
    105.000    103.947     0.2177  28.797372     0.2204  28.800645     5.7536     5.8118     0.0341    91.4257 2.9890e-01  -64.89645  -64.65292 345.808272      99.97 6.6157e+02   1654.739      39715  1028.0885  1028.0892    34.3728    34.3742    7.99990         34 0.0000e+00
    104.000    102.955     0.2071  28.789343     0.2089  28.790421     5.9675     5.9097     0.0397    91.4217 3.1642e-01  -64.89644  -64.65292 345.808304      99.97 6.6474e+02   1657.441      39780  1028.0861  1028.0851    34.3748    34.3741    8.00202         27 0.0000e+00
    103.000    101.965     0.1551  28.730770     0.1495  28.723067     5.9828     5.9312     0.0275    91.3785 3.3120e-01  -64.89644  -64.65292 345.808314      99.97 6.6545e+02   1658.362      39802  1028.0708  1028.0679    34.3563    34.3524    8.01388         22 0.0000e+00
    102.000    100.976     0.1267  28.692745     0.1283  28.693925     5.9469     5.9074     0.0432    91.3008 3.4825e-01  -64.89644  -64.65294 345.808325      99.97 6.6634e+02   1659.286      39824  1028.0537  1028.0532    34.3385    34.3383    8.02080         24 0.0000e+00
    101.000     99.987     0.1431  28.707973     0.1462  28.711290     5.8796     5.8737     0.0463    91.2676 3.6753e-01  -64.89644  -64.65294 345.808395      99.97 6.7078e+02   1665.297      39968  1028.0489  1028.0489    34.3409    34.3418    8.01725         29 0.0000e+00
    100.000     98.995     0.1201  28.680145     0.1212  28.680212     5.9988     6.0434     0.0551    91.2651 4.0107e-01  -64.89644  -64.65295 345.808835      99.97 7.0658e+02   1703.347      40881  1028.0355  1028.0345    34.3304    34.3294    8.02263         39 0.0000e+00
     99.000     98.007     0.1161  28.674459     0.1162  28.673864     6.0048     6.0424     0.0529    91.2677 4.3330e-01  -64.89644  -64.65294 345.808860      99.97 7.0940e+02   1705.509      40933  1028.0290  1028.0283    34.3280    34.3271    8.02360         40 0.0000e+00
