NBP2113_155081_ctd/data/nbp2113_030.cnv
* Sea-Bird SBE 9 Data File:
* FileName = D:\Data\raw\NBP2113_030.hex
* Software Version Seasave V 7.26.7.121
* Temperature SN = 2438
* Conductivity SN = 2067
* Number of Bytes Per Scan = 40
* Number of Voltage Words = 5
* Number of Scans Averaged by the Deck Unit = 1
* NMEA Latitude = 66 50.58 S
* NMEA Longitude = 068 39.78 W
* NMEA UTC (Time) = Dec 05 2021  03:50:51
* NMEA baud rate = 9600
** Ship: RVIB N.B. Palmer
** Cruise: NBP2113 LTER
** Station: AS02
** Operator: B. Urmston
# nquan = 25
# nvalues = 482                         
# units = specified
# name 0 = prDM: Pressure, Digiquartz [db]
# name 1 = depSM: Depth [salt water, m]
# name 2 = t090C: Temperature [ITS-90, deg C]
# name 3 = c0mS/cm: Conductivity [mS/cm]
# name 4 = t190C: Temperature, 2 [ITS-90, deg C]
# name 5 = c1mS/cm: Conductivity, 2 [mS/cm]
# name 6 = sbeox0ML/L: Oxygen, SBE 43 [ml/l]
# name 7 = sbeox1ML/L: Oxygen, SBE 43, 2 [ml/l]
# name 8 = flECO-AFL: Fluorescence, WET Labs ECO-AFL/FL [mg/m^3]
# name 9 = CStarTr0: Beam Transmission, WET Labs C-Star [%]
# name 10 = par: PAR/Irradiance, Biospherical/Licor
# name 11 = latitude: Latitude [deg]
# name 12 = longitude: Longitude [deg]
# name 13 = timeJ: Julian Days
# name 14 = altM: Altimeter [m]
# name 15 = spar: SPAR, Biospherical/Licor
# name 16 = timeS: Time, Elapsed [seconds]
# name 17 = scan: Scan Count
# name 18 = density00: Density [density, kg/m^3]
# name 19 = density11: Density, 2 [density, kg/m^3]
# name 20 = sal00: Salinity, Practical [PSU]
# name 21 = sal11: Salinity, Practical, 2 [PSU]
# name 22 = oxsolML/L: Oxygen Saturation, Garcia & Gordon [ml/l]
# name 23 = nbin: number of scans per bin
# name 24 = flag: flag
# span 0 =      1.000,    244.000       
# span 1 =      0.990,    241.435       
# span 2 =    -0.9260,     1.1811       
# span 3 =  27.353986,  29.884152       
# span 4 =    -0.9257,     1.1791       
# span 5 =  27.352878,  29.881275       
# span 6 =     4.2216,    11.7672       
# span 7 =     4.3199,     9.9183       
# span 8 =    -0.0022,     1.1810       
# span 9 =    89.6591,    95.2506       
# span 10 = -1.533e-05, 2.3446e+00      
# span 11 =  -66.84310,  -66.84282      
# span 12 =  -68.66310,  -68.66248      
# span 13 = 339.164025, 339.176925      
# span 14 =       7.84,     100.69      
# span 15 = 0.0000e+00, 0.0000e+00      
# span 16 =    320.757,   1435.365      
# span 17 =       7699,      34450      
# span 18 =  1027.1434,  1028.8847      
# span 19 =  1027.1423,  1028.8842      
# span 20 =    33.7597,    34.6310      
# span 21 =    33.7583,    34.6294      
# span 22 =    7.78984,    8.27910      
# span 23 =          9,         45      
# span 24 = 0.0000e+00, 0.0000e+00      
# interval = decibars: 1                
# start_time = Dec 05 2021 03:50:51 [NMEA time, header]
# bad_flag = -9.990e-29
*END*
      6.000      5.942    -0.7230  27.508059    -0.7239  27.505802     8.0596     8.0788     1.1207    90.1011 1.5281e+00  -66.84310  -68.66309 339.164025      99.97 0.0000e+00    320.757       7699  1027.1706  1027.1692    33.7651    33.7631    8.23501         19 0.0000e+00
      7.000      6.930    -0.7231  27.508421    -0.7224  27.507355     8.0527     8.0770     1.0897    90.0826 1.4877e+00  -66.84310  -68.66310 339.164040      99.97 0.0000e+00    322.022       7730  1027.1755  1027.1737    33.7651    33.7629    8.23503         25 0.0000e+00
      8.000      7.921    -0.7275  27.505273    -0.7268  27.504300     8.0725     8.0851     1.0728    90.1324 1.3474e+00  -66.84310  -68.66310 339.164051      99.97 0.0000e+00    323.001       7753  1027.1806  1027.1789    33.7651    33.7631    8.23599         25 0.0000e+00
      9.000      8.910    -0.7279  27.505389    -0.7270  27.504463     8.0648     8.0911     1.0853    90.1168 1.1204e+00  -66.84310  -68.66308 339.164100      99.97 0.0000e+00    327.203       7854  1027.1854  1027.1835    33.7651    33.7629    8.23608         33 0.0000e+00
     10.000      9.901    -0.7337  27.501115    -0.7355  27.498694     8.0449     8.0887     1.0815    90.1186 1.0006e+00  -66.84310  -68.66308 339.164145      99.97 0.0000e+00    331.160       7949  1027.1906  1027.1897    33.7652    33.7639    8.23734         33 0.0000e+00
     11.000     10.891    -0.7461  27.492039    -0.7405  27.494644     8.0433     8.0914     1.1116    90.1344 9.0574e-01  -66.84309  -68.66310 339.164195      99.97 0.0000e+00    335.459       8052  1027.1970  1027.1944    33.7662    33.7635    8.24000         34 0.0000e+00
     12.000     11.880    -0.7456  27.492752    -0.7435  27.492733     8.0419     8.0990     1.0896    90.1062 7.8655e-01  -66.84310  -68.66309 339.164244      99.97 0.0000e+00    339.651       8153  1027.2014  1027.1994    33.7660    33.7636    8.23989         37 0.0000e+00
     13.000     12.870    -0.7532  27.487074    -0.7505  27.487710     8.0502     8.0912     1.1465    90.0886 7.8008e-01  -66.84310  -68.66306 339.164291      99.97 0.0000e+00    343.714       8250  1027.2068  1027.2049    33.7663    33.7640    8.24155         34 0.0000e+00
     14.000     13.859    -0.7563  27.485082    -0.7562  27.483689     8.0531     8.0919     1.0461    90.0951 7.1466e-01  -66.84310  -68.66308 339.164348      99.96 0.0000e+00    348.644       8368  1027.2117  1027.2102    33.7664    33.7644    8.24222         24 0.0000e+00
     15.000     14.851    -0.7634  27.479020    -0.7661  27.475545     8.0605     8.0962     1.0118    90.1062 6.5206e-01  -66.84310  -68.66308 339.164378      99.97 0.0000e+00    351.243       8431  1027.2162  1027.2151    33.7655    33.7638    8.24382         18 0.0000e+00
     16.000     15.841    -0.7650  27.478291    -0.7673  27.474723     8.0499     8.0920     1.1109    90.0617 5.7130e-01  -66.84310  -68.66306 339.164389      99.97 0.0000e+00    352.196       8454  1027.2212  1027.2196    33.7657    33.7634    8.24416         28 0.0000e+00
     17.000     16.831    -0.7570  27.485585    -0.7553  27.485576     8.0676     8.0950     1.0399    90.0371 5.5807e-01  -66.84310  -68.66308 339.164477      99.97 0.0000e+00    359.787       8636  1027.2255  1027.2240    33.7660    33.7641    8.24239         19 0.0000e+00
     18.000     17.823    -0.7575  27.485379    -0.7547  27.486309     8.0663     8.0973     1.0810    90.0474 4.9228e-01  -66.84310  -68.66308 339.164490      97.15 0.0000e+00    360.912       8663  1027.2301  1027.2285    33.7656    33.7638    8.24252         31 0.0000e+00
     19.000     18.809    -0.7565  27.486796    -0.7561  27.485683     8.0342     8.0938     1.1453    90.0297 4.2890e-01  -66.84310  -68.66308 339.164613     100.09 0.0000e+00    371.536       8918  1027.2349  1027.2333    33.7658    33.7639    8.24229         24 0.0000e+00
     20.000     19.802    -0.7563  27.487192    -0.7553  27.486916     8.0852     8.0984     1.0684    90.0348 3.9236e-01  -66.84310  -68.66308 339.164619      99.97 0.0000e+00    372.072       8931  1027.2395  1027.2382    33.7656    33.7640    8.24227         23 0.0000e+00
     21.000     20.791    -0.7552  27.489066    -0.7583  27.485129     8.0583     8.0996     1.0534    90.0359 3.5591e-01  -66.84308  -68.66308 339.164631      99.97 0.0000e+00    373.103       8955  1027.2448  1027.2435    33.7662    33.7644    8.24199         28 0.0000e+00
     22.000     21.781    -0.7551  27.489235    -0.7535  27.489302     8.0625     8.0888     1.1032    90.0356 3.1946e-01  -66.84308  -68.66308 339.164722      99.97 0.0000e+00    381.018       9145  1027.2492  1027.2477    33.7657    33.7641    8.24199         30 0.0000e+00
     23.000     22.770    -0.7630  27.482935    -0.7648  27.479864     8.0913     8.1152     1.0488    90.0729 2.8909e-01  -66.84308  -68.66308 339.164750      99.97 0.0000e+00    383.358       9202  1027.2542  1027.2526    33.7654    33.7632    8.24373         26 0.0000e+00
     24.000     23.760    -0.8317  27.424439    -0.8321  27.423526     8.0969     8.1363     1.0376    90.0563 2.7123e-01  -66.84308  -68.66308 339.164797      99.97 0.0000e+00    387.445       9300  1027.2610  1027.2604    33.7625    33.7617    8.25895         31 0.0000e+00
     25.000     24.752    -0.8689  27.396263    -0.8701  27.393639     8.0940     8.1360     1.0587    90.0088 2.4648e-01  -66.84308  -68.66308 339.164843      99.96 0.0000e+00    391.428       9395  1027.2701  1027.2684    33.7654    33.7632    8.26695         33 0.0000e+00
     26.000     25.740    -0.9048  27.367022    -0.9032  27.367608     8.0914     8.1324     1.1454    89.8166 2.2241e-01  -66.84306  -68.66309 339.164917      99.97 0.0000e+00    397.803       9548  1027.2758  1027.2749    33.7654    33.7643    8.27485         34 0.0000e+00
     27.000     26.731    -0.9240  27.353986    -0.9236  27.352878     8.0715     8.1144     1.0555    89.6591 2.2439e-01  -66.84308  -68.66308 339.164970      99.97 0.0000e+00    402.397       9659  1027.2836  1027.2820    33.7686    33.7666    8.27889         22 0.0000e+00
     28.000     27.721    -0.9249  27.354291    -0.9244  27.353158     8.0603     8.1329     1.0264    89.6916 1.9362e-01  -66.84308  -68.66310 339.164980      99.97 0.0000e+00    403.304       9680  1027.2889  1027.2872    33.7693    33.7672    8.27903         25 0.0000e+00
     29.000     28.710    -0.9255  27.355095    -0.9251  27.353914     8.0623     8.1167     1.0377    89.7510 1.6478e-01  -66.84308  -68.66308 339.165033      99.97 0.0000e+00    407.900       9791  1027.2942  1027.2926    33.7705    33.7684    8.27910         30 0.0000e+00
     30.000     29.700    -0.9255  27.356566    -0.9251  27.355319     8.0533     8.1166     1.0575    89.7298 1.5385e-01  -66.84308  -68.66306 339.165069      99.97 0.0000e+00    410.947       9864  1027.3000  1027.2982    33.7719    33.7697    8.27903         31 0.0000e+00
     31.000     30.689    -0.9260  27.358401    -0.9257  27.357123     8.0605     8.1052     1.1810    89.8307 1.1867e-01  -66.84308  -68.66307 339.165177      99.97 0.0000e+00    420.275      10088  1027.3062  1027.3047    33.7743    33.7723    8.27899         38 0.0000e+00
     32.000     31.680    -0.9242  27.361636    -0.9239  27.360270     8.0347     8.0925     1.1095    89.8712 1.0535e-01  -66.84308  -68.66306 339.165198      99.97 0.0000e+00    422.082      10131  1027.3123  1027.3106    33.7760    33.7739    8.27849         30 0.0000e+00
     33.000     32.670    -0.9230  27.366773    -0.9225  27.365524     8.0049     8.0898     1.0523    89.8795 9.2494e-02  -66.84308  -68.66304 339.165212      99.97 0.0000e+00    423.309      10160  1027.3211  1027.3193    33.7811    33.7789    8.27794         29 0.0000e+00
     34.000     33.659    -0.9223  27.368843    -0.9221  27.367664     8.0275     8.0936     1.0745    89.8615 8.0577e-02  -66.84308  -68.66304 339.165253      99.97 0.0000e+00    426.892      10246  1027.3270  1027.3256    33.7825    33.7807    8.27770         31 0.0000e+00
     35.000     34.650    -0.9223  27.369455    -0.9221  27.368250     8.0373     8.0938     1.1187    89.9713 6.2520e-02  -66.84308  -68.66304 339.165355      99.97 0.0000e+00    435.679      10457  1027.3319  1027.3304    33.7827    33.7808    8.27768         25 0.0000e+00
     36.000     35.640    -0.9218  27.370754    -0.9217  27.369407     8.0501     8.0946     0.9921    90.0111 5.8289e-02  -66.84308  -68.66304 339.165366      99.97 0.0000e+00    436.646      10481  1027.3371  1027.3356    33.7833    33.7813    8.27753         25 0.0000e+00
     37.000     36.630    -0.9209  27.372273    -0.9208  27.371122     8.0418     8.0877     1.0354    90.0398 5.4465e-02  -66.84308  -68.66304 339.165380      99.97 0.0000e+00    437.795      10508  1027.3423  1027.3409    33.7838    33.7820    8.27732         28 0.0000e+00
     38.000     37.621    -0.9198  27.374361    -0.9195  27.373009     8.0526     8.0850     1.0501    90.1243 4.3615e-02  -66.84308  -68.66302 339.165450      99.97 0.0000e+00    443.847      10653  1027.3478  1027.3461    33.7847    33.7826    8.27701         32 0.0000e+00
     39.000     38.609    -0.9178  27.377691    -0.9177  27.376370     8.0590     8.0777     0.9890    90.0436 3.0961e-02  -66.84308  -68.66300 339.165532      99.97 0.0000e+00    451.000      10825  1027.3539  1027.3523    33.7864    33.7845    8.27649         23 0.0000e+00
     40.000     39.599    -0.9175  27.379036    -0.9173  27.377954     8.0368     8.0749     1.0245    90.0658 2.7301e-02  -66.84308  -68.66302 339.165544      99.97 0.0000e+00    452.022      10850  1027.3593  1027.3580    33.7872    33.7856    8.27636         23 0.0000e+00
     41.000     40.589    -0.9147  27.383625    -0.9146  27.382550     8.0246     8.0784     1.0539    90.0859 2.3452e-02  -66.84308  -68.66300 339.165557      99.97 0.0000e+00    453.167      10877  1027.3659  1027.3647    33.7897    33.7882    8.27559         33 0.0000e+00
     42.000     41.581    -0.9155  27.384368    -0.9155  27.382696     8.0377     8.0753     1.0362    90.0880 1.8881e-02  -66.84308  -68.66298 339.165612      99.97 0.0000e+00    457.892      10990  1027.3719  1027.3700    33.7910    33.7887    8.27570         30 0.0000e+00
     43.000     42.569    -0.9151  27.386052    -0.9148  27.385523     8.0328     8.0571     1.0425    90.0782 1.1148e-02  -66.84308  -68.66298 339.165704      99.97 0.0000e+00    465.824      11181  1027.3777  1027.3768    33.7922    33.7912    8.27554         27 0.0000e+00
     44.000     43.558    -0.9152  27.389116    -0.9153  27.387830     8.0023     8.0669     1.0812    90.0391 7.7709e-03  -66.84308  -68.66297 339.165718      99.96 0.0000e+00    467.037      11210  1027.3855  1027.3841    33.7959    33.7943    8.27536         28 0.0000e+00
     45.000     44.547    -0.9137  27.392576    -0.9137  27.390988     8.0195     8.0806     1.1606    90.0875 2.6783e-03  -66.84308  -68.66294 339.165733      99.97 0.0000e+00    468.310      11240  1027.3921  1027.3904    33.7982    33.7962    8.27487         33 0.0000e+00
     46.000     45.539    -0.9135  27.392465    -0.9134  27.391384     8.0037     8.0746     0.9398    90.1984 -1.533e-05  -66.84306  -68.66298 339.165818      99.97 0.0000e+00    475.672      11417  1027.3961  1027.3948    33.7973    33.7958    8.27489         22 0.0000e+00
     47.000     46.529    -0.9109  27.396949    -0.9114  27.394659     8.0081     8.0648     1.0091    90.2677 1.0000e-12  -66.84306  -68.66296 339.165874      99.97 0.0000e+00    480.545      11534  1027.4028  1027.4007    33.7999    33.7973    8.27418         28 0.0000e+00
     48.000     47.518    -0.9081  27.403796    -0.9085  27.401330     8.0062     8.0489     1.0174    90.3200 1.0000e-12  -66.84306  -68.66296 339.165918      99.97 0.0000e+00    484.286      11624  1027.4119  1027.4095    33.8054    33.8025    8.27323         31 0.0000e+00
     49.000     48.508    -0.9053  27.408692    -0.9052  27.407226     7.9807     8.0411     1.0438    90.3633 1.0000e-12  -66.84306  -68.66297 339.165942      99.97 0.0000e+00    486.357      11674  1027.4189  1027.4172    33.8083    33.8062    8.27245         45 0.0000e+00
     50.000     49.497    -0.9003  27.415164    -0.8999  27.414001     7.9857     8.0409     0.9911    90.5878 1.0000e-12  -66.84306  -68.66298 339.165967      99.97 0.0000e+00    488.556      11726  1027.4255  1027.4238    33.8109    33.8088    8.27120         39 0.0000e+00
     51.000     50.488    -0.9022  27.412277    -0.9032  27.409287     7.9765     8.0266     0.9313    90.4076 1.0000e-12  -66.84304  -68.66298 339.166068      99.97 0.0000e+00    497.273      11936  1027.4286  1027.4263    33.8085    33.8055    8.27176         15 0.0000e+00
     52.000     51.478    -0.9003  27.418091    -0.9003  27.417211     7.9695     8.0327     0.9793    90.4165 1.0000e-12  -66.84304  -68.66299 339.166076      99.97 0.0000e+00    497.966      11952  1027.4373  1027.4364    33.8135    33.8124    8.27103         20 0.0000e+00
     53.000     52.467    -0.8991  27.420839    -0.8991  27.419490     7.9834     8.0303     1.0165    90.4947 1.0000e-12  -66.84304  -68.66300 339.166089      99.97 0.0000e+00    499.060      11978  1027.4435  1027.4421    33.8154    33.8135    8.27067         32 0.0000e+00
     54.000     53.457    -0.8999  27.419614    -0.9009  27.416159     7.9800     8.0385     0.9836    90.7755 1.0000e-12  -66.84304  -68.66294 339.166145      99.97 0.0000e+00    503.900      12095  1027.4474  1027.4446    33.8139    33.8104    8.27092         41 0.0000e+00
     55.000     54.442    -0.8980  27.423988    -0.8990  27.420857     7.9668     8.0290     0.9233    90.6949 1.0000e-12  -66.84304  -68.66296 339.166212      99.97 0.0000e+00    509.722      12234  1027.4547  1027.4522    33.8172    33.8140    8.27033         21 0.0000e+00
     56.000     55.437    -0.8952  27.429214    -0.8955  27.427635     7.9519     8.0154     0.9095    90.6935 1.0000e-12  -66.84304  -68.66295 339.166245      99.97 0.0000e+00    512.538      12302  1027.4620  1027.4605    33.8205    33.8187    8.26951         20 0.0000e+00
     57.000     56.427    -0.8939  27.432582    -0.8945  27.430162     7.9340     8.0148     0.9814    90.7261 1.0000e-12  -66.84304  -68.66294 339.166256      99.97 0.0000e+00    513.540      12326  1027.4687  1027.4666    33.8230    33.8203    8.26908         27 0.0000e+00
     58.000     57.416    -0.8933  27.434801    -0.8932  27.433553     7.9609     8.0111     1.0321    90.7856 1.0000e-12  -66.84304  -68.66294 339.166274      99.97 0.0000e+00    515.099      12363  1027.4749  1027.4735    33.8247    33.8229    8.26885         38 0.0000e+00
     59.000     58.405    -0.8900  27.439054    -0.8901  27.437833     7.9578     8.0175     0.9676    90.8871 1.0000e-12  -66.84304  -68.66293 339.166295      99.97 0.0000e+00    516.909      12407  1027.4807  1027.4795    33.8261    33.8246    8.26803         34 0.0000e+00
     60.000     59.397    -0.8889  27.441629    -0.8889  27.440412     7.9763     8.0214     0.9351    90.8752 1.0000e-12  -66.84304  -68.66294 339.166309      99.97 0.0000e+00    518.105      12436  1027.4868  1027.4854    33.8278    33.8261    8.26770         26 0.0000e+00
     61.000     60.386    -0.8894  27.442224    -0.8894  27.441088     7.9755     8.0212     0.8800    90.9712 1.0000e-12  -66.84304  -68.66294 339.166332      99.97 0.0000e+00    520.091      12483  1027.4923  1027.4910    33.8286    33.8270    8.26777         29 0.0000e+00
     62.000     61.376    -0.8894  27.441447    -0.8895  27.440039     7.9630     8.0080     0.8600    90.8305 1.0000e-12  -66.84304  -68.66292 339.166424      99.97 0.0000e+00    528.004      12673  1027.4956  1027.4943    33.8268    33.8251    8.26786         12 0.0000e+00
