NBP2113_155081_ctd/data/nbp2113_038.ros
* Sea-Bird SBE 9 Data File:
* FileName = D:\Data\raw\NBP2113_038.hex
* Software Version Seasave V 7.26.7.121
* Temperature SN = 2438
* Conductivity SN = 2067
* Number of Bytes Per Scan = 40
* Number of Voltage Words = 5
* Number of Scans Averaged by the Deck Unit = 1
* NMEA Latitude = 64 56.00 S
* NMEA Longitude = 064 24.10 W
* NMEA UTC (Time) = Dec 10 2021  10:01:33
* NMEA baud rate = 9600
** Ship: RVIB N.B. Palmer
** Cruise: NBP2113 LTER
** Station: 600.040
** Operator: B. Urmston
# nquan = 20
# nvalues = 294                                   
# units = specified
# name 0 = prDM: Pressure, Digiquartz [db]
# name 1 = depSM: Depth [salt water, m]
# name 2 = t090C: Temperature [ITS-90, deg C]
# name 3 = c0mS/cm: Conductivity [mS/cm]
# name 4 = t190C: Temperature, 2 [ITS-90, deg C]
# name 5 = c1mS/cm: Conductivity, 2 [mS/cm]
# name 6 = sbeox0ML/L: Oxygen, SBE 43 [ml/l]
# name 7 = sbeox1ML/L: Oxygen, SBE 43, 2 [ml/l]
# name 8 = flECO-AFL: Fluorescence, WET Labs ECO-AFL/FL [mg/m^3]
# name 9 = CStarTr0: Beam Transmission, WET Labs C-Star [%]
# name 10 = par: PAR/Irradiance, Biospherical/Licor
# name 11 = latitude: Latitude [deg]
# name 12 = longitude: Longitude [deg]
# name 13 = timeJ: Julian Days
# name 14 = altM: Altimeter [m]
# name 15 = spar: SPAR, Biospherical/Licor
# name 16 = timeS: Time, Elapsed [seconds]
# name 17 = scan: Scan Count
# name 18 = nbf: Bottles Fired
# name 19 = flag:  0.000e+00
# interval = seconds: 0.0416667
# start_time = Dec 10 2021 10:01:33 [NMEA time, header]
# bad_flag = -9.990e-29
*END*
[from data line 73]
     17.792     17.617    -0.6328  27.486198    -0.6217  27.500937     8.0076     8.1086     1.6187    87.3782 1.7314e+01  -64.93306  -64.40096 344.425815      99.98 2.4857e+02    697.375      16738          2  0.000e+00
     17.765     17.590    -0.6336  27.489976    -0.6200  27.501719     8.0145     8.1032     1.6187    87.4812 1.7365e+01  -64.93306  -64.40096 344.425815      99.98 2.4857e+02    697.417      16739          2  0.000e+00
     17.792     17.617    -0.6337  27.492037    -0.6184  27.503453     8.0112     8.1088     1.6187    87.6100 1.7416e+01  -64.93306  -64.40096 344.425815      99.98 2.4857e+02    697.458      16740          2  0.000e+00
     17.744     17.570    -0.6315  27.493354    -0.6181  27.505354     8.0047     8.1034     1.6187    87.6357 1.7518e+01  -64.93306  -64.40096 344.425816      99.98 2.4857e+02    697.500      16741          2  0.000e+00
     17.765     17.590    -0.6290  27.493640    -0.6175  27.506864     8.0029     8.1081     1.6187    87.6357 1.7569e+01  -64.93306  -64.40096 344.425816      99.98 2.4857e+02    697.542      16742          2  0.000e+00
     17.690     17.515    -0.6276  27.495815    -0.6152  27.507870     8.0188     8.1077     1.6187    87.6357 1.7620e+01  -64.93306  -64.40096 344.425817      99.95 2.4857e+02    697.583      16743          2  0.000e+00
     17.744     17.570    -0.6266  27.497590    -0.6132  27.509492     8.0096     8.1073     1.6187    87.6357 1.7672e+01  -64.93306  -64.40096 344.425817      99.95 2.4857e+02    697.625      16744          2  0.000e+00
     17.710     17.536    -0.6255  27.499135    -0.6129  27.512567     8.0022     8.1078     1.6187    87.6357 1.7775e+01  -64.93306  -64.40096 344.425818      99.98 2.4857e+02    697.667      16745          2  0.000e+00
     17.744     17.570    -0.6248  27.499937    -0.6135  27.514693     7.9965     8.1077     1.6040    87.6357 1.7827e+01  -64.93306  -64.40096 344.425818      99.98 2.4857e+02    697.708      16746          2  0.000e+00
     17.710     17.536    -0.6245  27.500796    -0.6135  27.515196     8.0057     8.1074     1.5967    87.6357 1.7879e+01  -64.93306  -64.40096 344.425819      99.98 2.4857e+02    697.750      16747          2  0.000e+00
     17.690     17.515    -0.6248  27.501254    -0.6131  27.515140     8.0063     8.1070     1.5967    87.6357 1.7931e+01  -64.93306  -64.40094 344.425819      99.93 2.4857e+02    697.792      16748          2  0.000e+00
     17.744     17.570    -0.6256  27.499937    -0.6119  27.515699     8.0116     8.1063     1.5967    87.6357 1.7984e+01  -64.93306  -64.40094 344.425820      99.98 2.4857e+02    697.833      16749          2  0.000e+00
     17.662     17.488    -0.6259  27.498849    -0.6108  27.516482     8.0004     8.1118     1.5967    87.6357 1.8036e+01  -64.93306  -64.40094 344.425820      99.98 2.4857e+02    697.875      16750          2  0.000e+00
     17.690     17.515    -0.6261  27.497361    -0.6091  27.517768     7.9997     8.1117     1.5967    87.6357 1.8089e+01  -64.93306  -64.40094 344.425821      99.98 2.4857e+02    697.917      16751          2  0.000e+00
     17.690     17.515    -0.6255  27.497017    -0.6073  27.519055     8.0093     8.1113     1.5967    87.6357 1.8142e+01  -64.93306  -64.40094 344.425821      99.98 2.4857e+02    697.958      16752          2  0.000e+00
     17.662     17.488    -0.6272  27.496502    -0.6069  27.519614     8.0057     8.1120     1.5967    87.6357 1.8195e+01  -64.93306  -64.40094 344.425822      99.98 2.4857e+02    698.000      16753          2  0.000e+00
     17.690     17.516    -0.6282  27.495987    -0.6065  27.519838     7.9994     8.1126     1.5967    87.6357 1.8195e+01  -64.93306  -64.40094 344.425822      99.98 2.4857e+02    698.042      16754          2  0.000e+00
     17.642     17.468    -0.6279  27.496101    -0.6063  27.519837     8.0059     8.1132     1.5967    87.6357 1.8248e+01  -64.93306  -64.40094 344.425823      99.95 2.4857e+02    698.083      16755          2  0.000e+00
     17.710     17.536    -0.6281  27.495987    -0.6059  27.520117     8.0127     8.1136     1.5967    87.6357 1.8301e+01  -64.93306  -64.40094 344.425823      99.95 2.4857e+02    698.125      16756          2  0.000e+00
     17.642     17.468    -0.6297  27.495700    -0.6060  27.520117     8.0093     8.1131     1.5967    87.6357 1.8354e+01  -64.93306  -64.40094 344.425824      99.98 2.4857e+02    698.167      16757          2  0.000e+00
     17.690     17.516    -0.6290  27.495185    -0.6065  27.519838     8.0147     8.1135     1.5967    87.6357 1.8408e+01  -64.93306  -64.40094 344.425824      99.98 2.4857e+02    698.208      16758          2  0.000e+00
     17.662     17.488    -0.6271  27.495471    -0.6069  27.519334     8.0092     8.1137     1.5967    87.6615 1.8462e+01  -64.93306  -64.40094 344.425825      99.98 2.4857e+02    698.250      16759          2  0.000e+00
     17.690     17.516    -0.6281  27.496101    -0.6066  27.519055     8.0029     8.1138     1.5967    87.6872 1.8462e+01  -64.93306  -64.40094 344.425825      99.93 2.4857e+02    698.292      16760          2  0.000e+00
     17.642     17.468    -0.6304  27.496273    -0.6070  27.518775     8.0204     8.1138     1.5967    87.7130 1.8516e+01  -64.93306  -64.40094 344.425826      99.95 2.4857e+02    698.333      16761          2  0.000e+00
     17.662     17.488    -0.6297  27.495700    -0.6074  27.518271     8.0122     8.1192     1.5967    87.7130 1.8570e+01  -64.93306  -64.40094 344.425826      99.98 2.4857e+02    698.375      16762          2  0.000e+00
     18.854     18.668    -0.6695  27.446545    -0.6701  27.443873     8.0135     8.0972     1.6626    87.5070 1.6964e+01  -64.93308  -64.40094 344.425870      99.98 2.5209e+02    702.208      16854          3  0.000e+00
     18.724     18.539    -0.6694  27.446258    -0.6691  27.444655     8.0127     8.0970     1.6626    87.5070 1.6964e+01  -64.93308  -64.40094 344.425871      99.95 2.5209e+02    702.250      16855          3  0.000e+00
     18.806     18.621    -0.6692  27.446545    -0.6688  27.445270     8.0063     8.1028     1.6626    87.5070 1.6914e+01  -64.93308  -64.40094 344.425871      99.93 2.5209e+02    702.292      16856          3  0.000e+00
     18.703     18.519    -0.6691  27.446773    -0.6685  27.446220     8.0116     8.1036     1.6626    87.5070 1.6865e+01  -64.93308  -64.40094 344.425872      99.95 2.5209e+02    702.333      16857          3  0.000e+00
     18.778     18.594    -0.6695  27.446545    -0.6685  27.446052     8.0115     8.1049     1.6626    87.5070 1.6865e+01  -64.93308  -64.40094 344.425872      99.98 2.5209e+02    702.375      16858          3  0.000e+00
     18.806     18.621    -0.6690  27.446545    -0.6687  27.446220     8.0125     8.1005     1.6626    87.5070 1.6816e+01  -64.93308  -64.40094 344.425873      99.98 2.5209e+02    702.417      16859          3  0.000e+00
     18.703     18.519    -0.6689  27.446544    -0.6687  27.446052     8.0137     8.1007     1.6626    87.5070 1.6816e+01  -64.93308  -64.40094 344.425873      99.98 2.5209e+02    702.458      16860          3  0.000e+00
     18.724     18.539    -0.6688  27.447116    -0.6687  27.445940     8.0208     8.1011     1.6626    87.4812 1.6767e+01  -64.93308  -64.40094 344.425874      99.98 2.5209e+02    702.500      16861          3  0.000e+00
     18.758     18.573    -0.6686  27.447345    -0.6687  27.446332     8.0280     8.1015     1.6626    87.4555 1.6767e+01  -64.93308  -64.40094 344.425874      99.98 2.5209e+02    702.542      16862          3  0.000e+00
     18.703     18.519    -0.6689  27.447860    -0.6690  27.445717     8.0262     8.1019     1.6626    87.4812 1.6767e+01  -64.93308  -64.40094 344.425875      99.95 2.5209e+02    702.583      16863          3  0.000e+00
     18.676     18.492    -0.6692  27.447345    -0.6692  27.446052     8.0262     8.1023     1.6626    87.4555 1.6718e+01  -64.93308  -64.40094 344.425875      99.95 2.5209e+02    702.625      16864          3  0.000e+00
     18.703     18.519    -0.6694  27.446258    -0.6690  27.445437     8.0277     8.1028     1.6626    87.4555 1.6669e+01  -64.93308  -64.40094 344.425876      99.98 2.5209e+02    702.667      16865          3  0.000e+00
     18.703     18.519    -0.6695  27.446544    -0.6691  27.445270     8.0304     8.1025     1.6626    87.4812 1.6669e+01  -64.93308  -64.40094 344.425876      99.98 2.5209e+02    702.708      16866          3  0.000e+00
     18.676     18.492    -0.6692  27.446258    -0.6691  27.445437     8.0245     8.1020     1.6626    87.4555 1.6669e+01  -64.93308  -64.40094 344.425877      99.95 2.5209e+02    702.750      16867          3  0.000e+00
     18.655     18.472    -0.6694  27.446773    -0.6685  27.445437     8.0230     8.1024     1.6626    87.4812 1.6669e+01  -64.93308  -64.40096 344.425877      99.93 2.5209e+02    702.792      16868          3  0.000e+00
     18.655     18.472    -0.6695  27.446544    -0.6684  27.446052     8.0214     8.1020     1.6626    87.4812 1.6620e+01  -64.93308  -64.40096 344.425878      99.95 2.5209e+02    702.833      16869          3  0.000e+00
     18.628     18.445    -0.6703  27.446544    -0.6687  27.446220     8.0381     8.1025     1.6626    87.4812 1.6620e+01  -64.93308  -64.40096 344.425878      99.98 2.5209e+02    702.875      16870          3  0.000e+00
     18.601     18.417    -0.6705  27.445514    -0.6688  27.446052     8.0397     8.1022     1.6626    87.4555 1.6620e+01  -64.93308  -64.40096 344.425879      99.98 2.5209e+02    702.917      16871          3  0.000e+00
     18.601     18.417    -0.6702  27.445057    -0.6692  27.445717     8.0338     8.1020     1.6626    87.4555 1.6620e+01  -64.93308  -64.40096 344.425879      99.98 2.5209e+02    702.958      16872          3  0.000e+00
     18.573     18.390    -0.6701  27.445514    -0.6696  27.445549     8.0292     8.1026     1.6626    87.4812 1.6620e+01  -64.93308  -64.40096 344.425880      99.98 2.5209e+02    703.000      16873          3  0.000e+00
     18.601     18.417    -0.6703  27.446029    -0.6699  27.444934     8.0249     8.1089     1.6626    87.4555 1.6572e+01  -64.93308  -64.40096 344.425880      99.98 2.5209e+02    703.042      16874          3  0.000e+00
     18.553     18.370    -0.6710  27.446029    -0.6701  27.445046     8.0341     8.1039     1.6626    87.4812 1.6572e+01  -64.93308  -64.40096 344.425881      99.95 2.5209e+02    703.083      16875          3  0.000e+00
     18.525     18.343    -0.6710  27.444942    -0.6705  27.444152     8.0284     8.1093     1.6626    87.4555 1.6620e+01  -64.93308  -64.40096 344.425881      99.95 2.5209e+02    703.125      16876          3  0.000e+00
     18.505     18.323    -0.6717  27.444942    -0.6708  27.443984     8.0259     8.1044     1.6553    87.4812 1.6572e+01  -64.93308  -64.40096 344.425882      99.98 2.5209e+02    703.167      16877          3  0.000e+00
     18.553     18.370    -0.6716  27.444198    -0.6714  27.443873     8.0289     8.1042     1.6333    87.4812 1.6620e+01  -64.93308  -64.40096 344.425882      99.98 2.5209e+02    703.208      16878          3  0.000e+00
     18.471     18.289    -0.6717  27.444198    -0.6717  27.442979     8.0364     8.1048     1.6333    87.4555 1.6572e+01  -64.93308  -64.40096 344.425883      99.95 2.5209e+02    703.250      16879          3  0.000e+00
     18.450     18.268    -0.6718  27.443683    -0.6720  27.442587     8.0426     8.1046     1.6333    87.4555 1.6620e+01  -64.93308  -64.40096 344.425883      99.93 2.5209e+02    703.292      16880          3  0.000e+00
     18.450     18.268    -0.6720  27.443912    -0.6719  27.442587     8.0324     8.1043     1.6333    87.4555 1.6620e+01  -64.93308  -64.40096 344.425883      99.95 2.5209e+02    703.333      16881          3  0.000e+00
     18.423     18.241    -0.6722  27.443912    -0.6714  27.442420     8.0298     8.1039     1.6333    87.4555 1.6620e+01  -64.93308  -64.40096 344.425884      99.98 2.5209e+02    703.375      16882          3  0.000e+00
     18.402     18.221    -0.6723  27.443397    -0.6711  27.442867     8.0242     8.1035     1.6333    87.4555 1.6669e+01  -64.93308  -64.40096 344.425884      99.98 2.5209e+02    703.417      16883          3  0.000e+00
     18.402     18.221    -0.6726  27.443454    -0.6708  27.443481     8.0276     8.1040     1.6333    87.4555 1.6669e+01  -64.93308  -64.40096 344.425885      99.98 2.5209e+02    703.458      16884          3  0.000e+00
     18.375     18.194    -0.6723  27.443168    -0.6706  27.444152     8.0264     8.1036     1.6333    87.4555 1.6669e+01  -64.93308  -64.40096 344.425885      99.98 2.5209e+02    703.500      16885          3  0.000e+00
     18.299     18.119    -0.6722  27.443168    -0.6709  27.443704     8.0251     8.1034     1.6333    87.4555 1.6718e+01  -64.93308  -64.40096 344.425886      99.98 2.5209e+02    703.542      16886          3  0.000e+00
     18.347     18.167    -0.6726  27.443397    -0.6708  27.443649     8.0344     8.1087     1.6333    87.4555 1.6718e+01  -64.93308  -64.40096 344.425886      99.95 2.5209e+02    703.583      16887          3  0.000e+00
     18.272     18.092    -0.6728  27.443683    -0.6711  27.443481     8.0299     8.1092     1.6333    87.4555 1.6767e+01  -64.93308  -64.40096 344.425887      99.95 2.5209e+02    703.625      16888          3  0.000e+00
     18.300     18.119    -0.6730  27.442596    -0.6716  27.443369     8.0270     8.1044     1.6333    87.4555 1.6767e+01  -64.93308  -64.40096 344.425887      99.98 2.5209e+02    703.667      16889          3  0.000e+00
     18.252     18.072    -0.6728  27.442882    -0.6719  27.443202     8.0271     8.1050     1.6333    87.4555 1.6767e+01  -64.93308  -64.40096 344.425888      99.98 2.5209e+02    703.708      16890          3  0.000e+00
     18.217     18.038    -0.6723  27.443397    -0.6704  27.442307     8.0271     8.1044     1.6333    87.4555 1.6816e+01  -64.93308  -64.40096 344.425888      99.95 2.5209e+02    703.750      16891          3  0.000e+00
     18.252     18.072    -0.6719  27.443168    -0.6697  27.442866     8.0288     8.1105     1.6333    87.4555 1.6816e+01  -64.93306  -64.40096 344.425889      99.95 2.5209e+02    703.792      16892          3  0.000e+00
     18.149     17.970    -0.6722  27.443683    -0.6673  27.444262     8.0453     8.1048     1.6333    87.4555 1.6865e+01  -64.93306  -64.40096 344.425889      99.98 2.5209e+02    703.833      16893          3  0.000e+00
     18.217     18.038    -0.6722  27.443912    -0.6623  27.446721     8.0365     8.1090     1.6333    87.4555 1.6914e+01  -64.93306  -64.40096 344.425890      99.98 2.5209e+02    703.875      16894          3  0.000e+00
     18.094     17.916    -0.6698  27.443911    -0.6558  27.452755     8.0302     8.1022     1.6333    87.4555 1.6914e+01  -64.93306  -64.40096 344.425890      99.98 2.5209e+02    703.917      16895          3  0.000e+00
     18.094     17.916    -0.6643  27.444540    -0.6505  27.460522     8.0323     8.1002     1.6333    87.4555 1.6964e+01  -64.93306  -64.40096 344.425891      99.98 2.5209e+02    703.958      16896          3  0.000e+00
     18.122     17.943    -0.6640  27.451234    -0.6466  27.469073     8.0317     8.0986     1.6333    87.4555 1.6964e+01  -64.93306  -64.40096 344.425891      99.98 2.5209e+02    704.000      16897          3  0.000e+00
     18.046     17.869    -0.6626  27.454667    -0.6425  27.472985     8.0252     8.0971     1.6333    87.4555 1.7013e+01  -64.93306  -64.40096 344.425892      99.98 2.5209e+02    704.042      16898          3  0.000e+00
     18.046     17.869    -0.6632  27.454095    -0.6394  27.476563     8.0268     8.1014     1.6333    87.4555 1.7063e+01  -64.93306  -64.40096 344.425892      99.95 2.5209e+02    704.083      16899          3  0.000e+00
