NBP2113_155081_ctd/data/nbp2113_026.ros
* Sea-Bird SBE 9 Data File:
* FileName = D:\Data\raw\NBP2113_026.hex
* Software Version Seasave V 7.26.7.121
* Temperature SN = 2438
* Conductivity SN = 2067
* Number of Bytes Per Scan = 40
* Number of Voltage Words = 5
* Number of Scans Averaged by the Deck Unit = 1
* NMEA Latitude = 68 01.82 S
* NMEA Longitude = 069 17.18 W
* NMEA UTC (Time) = Dec 04 2021  00:09:45
* NMEA baud rate = 9600
** Ship: RVIB N.B. Palmer
** Cruise: NBP2113 LTER
** Station: 200.-040
** Operator: S. Blackman
# nquan = 20
# nvalues = 1140                                  
# units = specified
# name 0 = prDM: Pressure, Digiquartz [db]
# name 1 = depSM: Depth [salt water, m]
# name 2 = t090C: Temperature [ITS-90, deg C]
# name 3 = c0mS/cm: Conductivity [mS/cm]
# name 4 = t190C: Temperature, 2 [ITS-90, deg C]
# name 5 = c1mS/cm: Conductivity, 2 [mS/cm]
# name 6 = sbeox0ML/L: Oxygen, SBE 43 [ml/l]
# name 7 = sbeox1ML/L: Oxygen, SBE 43, 2 [ml/l]
# name 8 = flECO-AFL: Fluorescence, WET Labs ECO-AFL/FL [mg/m^3]
# name 9 = CStarTr0: Beam Transmission, WET Labs C-Star [%]
# name 10 = par: PAR/Irradiance, Biospherical/Licor
# name 11 = latitude: Latitude [deg]
# name 12 = longitude: Longitude [deg]
# name 13 = timeJ: Julian Days
# name 14 = altM: Altimeter [m]
# name 15 = spar: SPAR, Biospherical/Licor
# name 16 = timeS: Time, Elapsed [seconds]
# name 17 = scan: Scan Count
# name 18 = nbf: Bottles Fired
# name 19 = flag:  0.000e+00
# interval = seconds: 0.0416667
# start_time = Dec 04 2021 00:09:45 [NMEA time, header]
# bad_flag = -9.990e-29
*END*
[from data line 362]
    142.515    141.041    -0.9726  27.552703    -0.9721  27.552647     7.3788     7.3881     0.2414    95.3349 1.0000e-12  -68.02930  -69.29032 338.026480      99.95 1.3045e+02   1702.875      40870          8  0.000e+00
    142.556    141.081    -0.9728  27.552990    -0.9721  27.552647     7.3734     7.3883     0.2414    95.3349 1.0000e-12  -68.02930  -69.29032 338.026481      99.95 1.3045e+02   1702.917      40871          8  0.000e+00
    142.557    141.081    -0.9726  27.553219    -0.9721  27.552535     7.3724     7.3883     0.2487    95.3606 1.0000e-12  -68.02930  -69.29032 338.026481      99.98 1.3045e+02   1702.958      40872          8  0.000e+00
    142.563    141.088    -0.9724  27.553448    -0.9722  27.552591     7.3760     7.3941     0.2414    95.3606 1.0000e-12  -68.02930  -69.29032 338.026481      99.98 1.3045e+02   1703.000      40873          8  0.000e+00
    142.611    141.136    -0.9722  27.553333    -0.9722  27.552480     7.3749     7.3949     0.2414    95.3606 1.0000e-12  -68.02930  -69.29032 338.026482      99.98 1.3045e+02   1703.042      40874          8  0.000e+00
    142.563    141.088    -0.9719  27.553677    -0.9722  27.552759     7.3736     7.3956     0.2414    95.3606 1.0000e-12  -68.02930  -69.29032 338.026482      99.98 1.3045e+02   1703.083      40875          8  0.000e+00
    142.659    141.183    -0.9720  27.554193    -0.9719  27.552927     7.3678     7.3962     0.2414    95.3349 1.0000e-12  -68.02930  -69.29032 338.026483      99.98 1.3045e+02   1703.125      40876          8  0.000e+00
    142.618    141.143    -0.9716  27.554078    -0.9717  27.552815     7.3725     7.3966     0.2487    95.3606 1.0000e-12  -68.02930  -69.29032 338.026483      99.95 1.3045e+02   1703.167      40877          8  0.000e+00
    142.660    141.183    -0.9720  27.553849    -0.9721  27.552871     7.3727     7.3970     0.2414    95.3606 1.0000e-12  -68.02930  -69.29032 338.026484      99.98 1.3045e+02   1703.208      40878          8  0.000e+00
    142.660    141.183    -0.9719  27.553792    -0.9716  27.552703     7.3728     7.3972     0.2414    95.3606 1.0000e-12  -68.02930  -69.29032 338.026484      99.98 1.3045e+02   1703.250      40879          8  0.000e+00
    142.721    141.245    -0.9720  27.553792    -0.9719  27.553207     7.3683     7.3974     0.2414    95.3606 1.0000e-12  -68.02930  -69.29032 338.026485      99.98 1.3045e+02   1703.292      40880          8  0.000e+00
    142.708    141.231    -0.9723  27.553448    -0.9717  27.552536     7.3745     7.3974     0.2414    95.3606 1.0000e-12  -68.02930  -69.29032 338.026485      99.98 1.3045e+02   1703.333      40881          8  0.000e+00
    142.721    141.245    -0.9723  27.553276    -0.9719  27.552368     7.3746     7.3973     0.2414    95.3606 1.0000e-12  -68.02930  -69.29032 338.026486      99.95 1.3045e+02   1703.375      40882          8  0.000e+00
    142.708    141.231    -0.9726  27.553047    -0.9721  27.552424     7.3792     7.3971     0.2633    95.3606 1.0000e-12  -68.02930  -69.29032 338.026486      99.95 1.3045e+02   1703.417      40883          8  0.000e+00
    142.763    141.285    -0.9724  27.553448    -0.9722  27.552424     7.3745     7.3968     0.2707    95.3606 1.0000e-12  -68.02930  -69.29032 338.026487      99.98 1.3045e+02   1703.458      40884          8  0.000e+00
    142.824    141.346    -0.9725  27.553334    -0.9723  27.552480     7.3788     7.3965     0.2780    95.3606 1.0000e-12  -68.02930  -69.29032 338.026487      99.98 1.3045e+02   1703.500      40885          8  0.000e+00
    142.763    141.285    -0.9726  27.553105    -0.9722  27.552200     7.3859     7.4015     0.2707    95.3606 1.0000e-12  -68.02930  -69.29032 338.026488     100.00 1.3045e+02   1703.542      40886          8  0.000e+00
    142.769    141.292    -0.9726  27.553391    -0.9727  27.551529     7.3882     7.3961     0.2707    95.3606 1.0000e-12  -68.02930  -69.29032 338.026488      99.98 1.3045e+02   1703.583      40887          8  0.000e+00
    142.866    141.387    -0.9725  27.553506    -0.9731  27.551529     7.3919     7.4011     0.2707    95.3606 1.0000e-12  -68.02930  -69.29032 338.026489      99.98 1.3045e+02   1703.625      40888          8  0.000e+00
    142.770    141.292    -0.9725  27.553334    -0.9731  27.551809     7.4014     7.3962     0.2707    95.3606 1.0000e-12  -68.02930  -69.29032 338.026489      99.95 1.3045e+02   1703.667      40889          8  0.000e+00
    142.914    141.435    -0.9726  27.553277    -0.9728  27.551753     7.3987     7.4019     0.2707    95.3606 1.0000e-12  -68.02930  -69.29032 338.026490      99.95 1.3045e+02   1703.708      40890          8  0.000e+00
    142.811    141.333    -0.9722  27.553277    -0.9727  27.551641     7.3941     7.4025     0.2707    95.3606 1.0000e-12  -68.02930  -69.29032 338.026490      99.98 1.3045e+02   1703.750      40891          8  0.000e+00
    142.872    141.394    -0.9723  27.553678    -0.9727  27.551977     7.3943     7.4031     0.2707    95.4121 1.0000e-12  -68.02930  -69.29032 338.026491      99.98 1.3045e+02   1703.792      40892          8  0.000e+00
    142.914    141.435    -0.9724  27.553392    -0.9727  27.551753     7.3882     7.4036     0.2707    95.4379 1.0000e-12  -68.02930  -69.29032 338.026491      99.98 1.3045e+02   1703.833      40893          8  0.000e+00
    142.921    141.442    -0.9722  27.553277    -0.9725  27.551921     7.3927     7.4030     0.2707    95.4379 1.0000e-12  -68.02930  -69.29032 338.026492      99.95 1.3045e+02   1703.875      40894          8  0.000e+00
    142.866    141.387    -0.9725  27.553449    -0.9727  27.551865     7.3924     7.4031     0.2707    95.4379 1.0000e-12  -68.02930  -69.29032 338.026492      99.98 1.3045e+02   1703.917      40895          8  0.000e+00
    142.914    141.435    -0.9724  27.553334    -0.9730  27.552033     7.3876     7.4033     0.2707    95.4379 1.0000e-12  -68.02930  -69.29032 338.026493      99.98 1.3045e+02   1703.958      40896          8  0.000e+00
    142.921    141.442    -0.9726  27.552933    -0.9723  27.551921     7.3813     7.4032     0.2707    95.4379 1.0000e-12  -68.02930  -69.29032 338.026493      99.98 1.3045e+02   1704.000      40897          8  0.000e+00
    142.969    141.489    -0.9725  27.553163    -0.9725  27.552145     7.3841     7.4031     0.2707    95.4379 1.0000e-12  -68.02930  -69.29032 338.026494      99.98 1.3045e+02   1704.042      40898          8  0.000e+00
    142.921    141.442    -0.9726  27.552933    -0.9723  27.552368     7.3884     7.4027     0.2780    95.3864 1.0000e-12  -68.02930  -69.29032 338.026494      99.98 1.3045e+02   1704.083      40899          8  0.000e+00
     83.227     82.378    -1.1367  27.328360    -1.1348  27.330130     7.6731     7.7061     0.3146    94.7426 1.0000e-12  -68.02922  -69.29070 338.027794      99.95 1.2516e+02   1816.375      43594          9  0.000e+00
     83.213     82.364    -1.1372  27.328360    -1.1346  27.330297     7.6668     7.7067     0.3073    94.7426 1.0000e-12  -68.02922  -69.29070 338.027794      99.98 1.2516e+02   1816.417      43595          9  0.000e+00
     83.179     82.330    -1.1377  27.328359    -1.1342  27.330297     7.6589     7.7005     0.3146    94.7684 1.0000e-12  -68.02922  -69.29070 338.027795      99.98 1.2516e+02   1816.458      43596          9  0.000e+00
     83.227     82.378    -1.1371  27.329045    -1.1343  27.330297     7.6614     7.7050     0.3146    94.7426 1.0000e-12  -68.02922  -69.29070 338.027795      99.98 1.2516e+02   1816.500      43597          9  0.000e+00
     83.282     82.432    -1.1356  27.330302    -1.1342  27.330465     7.6529     7.7047     0.3146    94.7426 1.0000e-12  -68.02922  -69.29070 338.027796      99.98 1.2516e+02   1816.542      43598          9  0.000e+00
     83.282     82.432    -1.1346  27.331216    -1.1346  27.330353     7.6446     7.7043     0.3146    94.7684 1.0000e-12  -68.02922  -69.29070 338.027796      99.98 1.2516e+02   1816.583      43599          9  0.000e+00
     83.261     82.412    -1.1340  27.331615    -1.1344  27.330353     7.6424     7.7038     0.3146    94.7941 1.0000e-12  -68.02922  -69.29070 338.027797      99.98 1.2516e+02   1816.625      43600          9  0.000e+00
     83.330     82.479    -1.1341  27.331444    -1.1341  27.330521     7.6437     7.7043     0.3146    94.7941 1.0000e-12  -68.02922  -69.29070 338.027797      99.95 1.2516e+02   1816.667      43601          9  0.000e+00
     83.282     82.432    -1.1344  27.330644    -1.1334  27.331357     7.6451     7.7035     0.3146    94.7941 1.0000e-12  -68.02922  -69.29070 338.027798      99.95 1.2516e+02   1816.708      43602          9  0.000e+00
     83.385     82.534    -1.1356  27.329617    -1.1329  27.331637     7.6456     7.7030     0.3146    94.7941 1.0000e-12  -68.02922  -69.29070 338.027798      99.98 1.2516e+02   1816.750      43603          9  0.000e+00
     83.330     82.479    -1.1365  27.328988    -1.1333  27.331190     7.6461     7.7024     0.3146    94.7941 1.0000e-12  -68.02922  -69.29070 338.027799      99.98 1.2516e+02   1816.792      43604          9  0.000e+00
     83.385     82.534    -1.1371  27.328588    -1.1348  27.329740     7.6467     7.7023     0.3146    94.7941 1.0000e-12  -68.02922  -69.29070 338.027799      99.98 1.2516e+02   1816.833      43605          9  0.000e+00
     83.419     82.568    -1.1374  27.328189    -1.1359  27.328290     7.6521     7.7020     0.3146    94.7941 1.0000e-12  -68.02922  -69.29070 338.027799      99.95 1.2516e+02   1816.875      43606          9  0.000e+00
     83.433     82.581    -1.1376  27.327903    -1.1370  27.327397     7.6513     7.7016     0.3146    94.7941 1.0000e-12  -68.02922  -69.29070 338.027800      99.95 1.2516e+02   1816.917      43607          9  0.000e+00
     83.433     82.581    -1.1379  27.327846    -1.1378  27.326895     7.6505     7.7010     0.3146    94.7941 1.0000e-12  -68.02922  -69.29070 338.027800      99.98 1.2516e+02   1816.958      43608          9  0.000e+00
     83.481     82.629    -1.1379  27.327960    -1.1387  27.326337     7.6467     7.7015     0.3146    94.7941 1.0000e-12  -68.02922  -69.29070 338.027801      99.98 1.2516e+02   1817.000      43609          9  0.000e+00
     83.536     82.683    -1.1378  27.327846    -1.1387  27.326170     7.6552     7.7017     0.3146    94.7941 1.0000e-12  -68.02922  -69.29070 338.027801      99.98 1.2516e+02   1817.042      43610          9  0.000e+00
     83.536     82.683    -1.1379  27.327618    -1.1389  27.326338     7.6577     7.7010     0.3146    94.7941 1.0000e-12  -68.02922  -69.29070 338.027802      99.98 1.2516e+02   1817.083      43611          9  0.000e+00
     83.515     82.663    -1.1382  27.327732    -1.1386  27.326226     7.6589     7.7011     0.3146    94.7941 1.0000e-12  -68.02922  -69.29070 338.027802      99.98 1.2516e+02   1817.125      43612          9  0.000e+00
     83.584     82.731    -1.1382  27.327332    -1.1389  27.326338     7.6617     7.7013     0.3146    94.7941 1.0000e-12  -68.02922  -69.29070 338.027803      99.95 1.2516e+02   1817.167      43613          9  0.000e+00
     83.584     82.731    -1.1383  27.327447    -1.1389  27.325836     7.6676     7.7015     0.3146    94.7941 1.0000e-12  -68.02922  -69.29070 338.027803      99.95 1.2516e+02   1817.208      43614          9  0.000e+00
     83.638     82.785    -1.1382  27.327390    -1.1391  27.325836     7.6673     7.7018     0.3146    94.7941 1.0000e-12  -68.02922  -69.29070 338.027804      99.98 1.2516e+02   1817.250      43615          9  0.000e+00
     83.686     82.832    -1.1383  27.327675    -1.1389  27.325724     7.6669     7.7020     0.3146    94.7941 1.0000e-12  -68.02922  -69.29070 338.027804      99.98 1.2516e+02   1817.292      43616          9  0.000e+00
     83.673     82.819    -1.1380  27.327732    -1.1391  27.325724     7.6648     7.7021     0.3073    94.7941 1.0000e-12  -68.02922  -69.29070 338.027805      99.98 1.2516e+02   1817.333      43617          9  0.000e+00
     83.741     82.887    -1.1382  27.327561    -1.1391  27.325446     7.6718     7.7024     0.3000    94.7941 1.0000e-12  -68.02922  -69.29070 338.027805      99.95 1.2516e+02   1817.375      43618          9  0.000e+00
     83.741     82.887    -1.1383  27.327733    -1.1391  27.325557     7.6618     7.7025     0.2780    94.7684 1.0000e-12  -68.02922  -69.29070 338.027806      99.95 1.2516e+02   1817.417      43619          9  0.000e+00
     83.789     82.934    -1.1379  27.328018    -1.1391  27.325836     7.6610     7.7017     0.2780    94.7684 1.0000e-12  -68.02922  -69.29070 338.027806      99.98 1.2516e+02   1817.458      43620          9  0.000e+00
     83.789     82.934    -1.1379  27.328018    -1.1391  27.325948     7.6542     7.7019     0.2707    94.7426 1.0000e-12  -68.02922  -69.29070 338.027807      99.98 1.2516e+02   1817.500      43621          9  0.000e+00
     83.837     82.982    -1.1381  27.327676    -1.1391  27.325948     7.6597     7.7020     0.2780    94.7426 1.0000e-12  -68.02922  -69.29070 338.027807      99.98 1.2516e+02   1817.542      43622          9  0.000e+00
     83.824     82.968    -1.1388  27.326933    -1.1387  27.325948     7.6667     7.7020     0.2780    94.7426 1.0000e-12  -68.02922  -69.29070 338.027808      99.98 1.2516e+02   1817.583      43623          9  0.000e+00
     83.940     83.083    -1.1396  27.326362    -1.1389  27.326116     7.6693     7.7023     0.2780    94.7426 1.0000e-12  -68.02922  -69.29070 338.027808      99.98 1.2516e+02   1817.625      43624          9  0.000e+00
     83.892     83.036    -1.1403  27.325962    -1.1391  27.325558     7.6702     7.7025     0.2780    94.7426 1.0000e-12  -68.02922  -69.29070 338.027809      99.95 1.2516e+02   1817.667      43625          9  0.000e+00
     83.995     83.138    -1.1402  27.325963    -1.1394  27.325112     7.6785     7.7028     0.2780    94.7684 1.0000e-12  -68.02922  -69.29070 338.027809      99.95 1.2516e+02   1817.708      43626          9  0.000e+00
     83.940     83.083    -1.1400  27.326191    -1.1398  27.324721     7.6820     7.7020     0.2780    94.7426 1.0000e-12  -68.02922  -69.29070 338.027810      99.98 1.2516e+02   1817.750      43627          9  0.000e+00
     84.029     83.172    -1.1397  27.326420    -1.1402  27.324442     7.6781     7.7079     0.2780    94.7426 1.0000e-12  -68.02922  -69.29070 338.027810      99.98 1.2516e+02   1817.792      43628          9  0.000e+00
     84.043     83.185    -1.1397  27.326648    -1.1404  27.324387     7.6786     7.7032     0.2780    94.7426 1.0000e-12  -68.02922  -69.29070 338.027811      99.98 1.2516e+02   1817.833      43629          9  0.000e+00
     84.091     83.233    -1.1396  27.326705    -1.1408  27.323996     7.6791     7.7034     0.2780    94.7426 1.0000e-12  -68.02922  -69.29070 338.027811      99.95 1.2516e+02   1817.875      43630          9  0.000e+00
     84.091     83.233    -1.1396  27.326363    -1.1412  27.323662     7.6856     7.7092     0.2780    94.7426 1.0000e-12  -68.02922  -69.29070 338.027812      99.95 1.2516e+02   1817.917      43631          9  0.000e+00
     84.146     83.287    -1.1400  27.326077    -1.1413  27.323606     7.6799     7.7046     0.2780    94.7684 1.0000e-12  -68.02922  -69.29070 338.027812      99.98 1.2516e+02   1817.958      43632          9  0.000e+00
     84.091     83.233    -1.1403  27.325506    -1.1412  27.323773     7.6711     7.7045     0.2780    94.7426 1.0000e-12  -68.02922  -69.29070 338.027812      99.98 1.2516e+02   1818.000      43633          9  0.000e+00
     84.283     83.423    -1.1405  27.325050    -1.1415  27.323662     7.6625     7.7038     0.2780    94.7426 1.0000e-12  -68.02922  -69.29070 338.027813      99.98 1.2516e+02   1818.042      43634          9  0.000e+00
     84.249     83.389    -1.1409  27.324764    -1.1415  27.323272     7.6657     7.7037     0.2780    94.7684 1.0000e-12  -68.02922  -69.29070 338.027813      99.98 1.2516e+02   1818.083      43635          9  0.000e+00
