NBP2113_155081_ctd/data/nbp2113_055.ros
* Sea-Bird SBE 9 Data File:
* FileName = D:\Data\raw\NBP2113_055.hex
* Software Version Seasave V 7.26.7.121
* Temperature SN = 2438
* Conductivity SN = 2067
* Number of Bytes Per Scan = 40
* Number of Voltage Words = 5
* Number of Scans Averaged by the Deck Unit = 1
* NMEA Latitude = 64 51.63 S
* NMEA Longitude = 064 56.94 W
* NMEA UTC (Time) = Dec 11 2021  21:26:08
* NMEA baud rate = 9600
** Ship: RVIB N.B. Palmer
** Cruise: NBP2113 LTER
** Station: 589.065
** Operator: S. Blackman
# nquan = 20
# nvalues = 490                                   
# units = specified
# name 0 = prDM: Pressure, Digiquartz [db]
# name 1 = depSM: Depth [salt water, m]
# name 2 = t090C: Temperature [ITS-90, deg C]
# name 3 = c0mS/cm: Conductivity [mS/cm]
# name 4 = t190C: Temperature, 2 [ITS-90, deg C]
# name 5 = c1mS/cm: Conductivity, 2 [mS/cm]
# name 6 = sbeox0ML/L: Oxygen, SBE 43 [ml/l]
# name 7 = sbeox1ML/L: Oxygen, SBE 43, 2 [ml/l]
# name 8 = flECO-AFL: Fluorescence, WET Labs ECO-AFL/FL [mg/m^3]
# name 9 = CStarTr0: Beam Transmission, WET Labs C-Star [%]
# name 10 = par: PAR/Irradiance, Biospherical/Licor
# name 11 = latitude: Latitude [deg]
# name 12 = longitude: Longitude [deg]
# name 13 = timeJ: Julian Days
# name 14 = altM: Altimeter [m]
# name 15 = spar: SPAR, Biospherical/Licor
# name 16 = timeS: Time, Elapsed [seconds]
# name 17 = scan: Scan Count
# name 18 = nbf: Bottles Fired
# name 19 = flag:  0.000e+00
# interval = seconds: 0.0416667
# start_time = Dec 11 2021 21:26:08 [NMEA time, header]
# bad_flag = -9.990e-29
*END*
[from data line 145]
    152.586    151.036     0.9834  29.615553     0.9817  29.612908     4.6373     4.7225    -0.0224    91.6784 1.0000e-12  -64.86064  -64.94844 345.909259      99.93 2.3270e+02   1392.000      33409          3  0.000e+00
    152.538    150.988     0.9843  29.615553     0.9820  29.611930     4.6355     4.7221    -0.0224    91.7042 1.0000e-12  -64.86064  -64.94844 345.909260      99.95 2.3270e+02   1392.042      33410          3  0.000e+00
    150.707    149.176     0.9040  29.536855     0.9046  29.534710     4.7971     4.7969    -0.0077    91.6527 1.0000e-12  -64.86066  -64.94842 345.909336      99.98 2.3270e+02   1398.667      33569          4  0.000e+00
    150.713    149.183     0.9040  29.535738     0.9061  29.534997     4.8004     4.7971    -0.0077    91.6527 1.0000e-12  -64.86066  -64.94842 345.909337      99.98 2.3270e+02   1398.708      33570          4  0.000e+00
    150.803    149.271     0.9037  29.535209     0.9069  29.536605     4.8004     4.7972    -0.0077    91.6269 1.0000e-12  -64.86066  -64.94842 345.909337      99.98 2.3270e+02   1398.750      33571          4  0.000e+00
    150.755    149.224     0.9047  29.535738     0.9068  29.537467     4.7985     4.7972    -0.0077    91.6269 1.0000e-12  -64.86066  -64.94842 345.909338      99.98 2.3270e+02   1398.792      33572          4  0.000e+00
    150.816    149.285     0.9071  29.536267     0.9070  29.537984     4.8074     4.8024    -0.0077    91.6269 1.0000e-12  -64.86066  -64.94842 345.909338      99.95 2.3270e+02   1398.833      33573          4  0.000e+00
    150.803    149.271     0.9086  29.537971     0.9077  29.537754     4.8015     4.8029    -0.0077    91.6269 1.0000e-12  -64.86066  -64.94842 345.909339      99.98 2.3270e+02   1398.875      33574          4  0.000e+00
    150.906    149.373     0.9094  29.540441     0.9092  29.538213     4.7967     4.7979    -0.0077    91.6269 1.0000e-12  -64.86066  -64.94842 345.909339      99.98 2.3270e+02   1398.917      33575          4  0.000e+00
    150.858    149.326     0.9103  29.541264     0.9115  29.539419     4.8015     4.8023    -0.0077    91.6269 1.0000e-12  -64.86066  -64.94842 345.909340      99.98 2.3270e+02   1398.958      33576          4  0.000e+00
    150.919    149.387     0.9106  29.541793     0.9200  29.541027     4.8018     4.8015    -0.0077    91.6269 1.0000e-12  -64.86066  -64.94842 345.909340      99.95 2.3270e+02   1399.000      33577          4  0.000e+00
    150.961    149.428     0.9118  29.542616     0.9282  29.545334     4.8016     4.8004    -0.0077    91.6269 1.0000e-12  -64.86066  -64.94842 345.909341      99.95 2.3270e+02   1399.042      33578          4  0.000e+00
    150.961    149.428     0.9126  29.542910     0.9345  29.554523     4.8012     4.7938    -0.0077    91.6269 1.0000e-12  -64.86066  -64.94842 345.909341      99.98 2.3270e+02   1399.083      33579          4  0.000e+00
    151.022    149.489     0.9166  29.544262     0.9349  29.562853     4.8001     4.7975    -0.0077    91.6269 1.0000e-12  -64.86066  -64.94842 345.909342      99.98 2.3270e+02   1399.125      33580          4  0.000e+00
    151.009    149.475     0.9237  29.546496     0.9336  29.565554     4.7970     4.7978    -0.0077    91.6269 1.0000e-12  -64.86066  -64.94842 345.909342      99.98 2.3270e+02   1399.167      33581          4  0.000e+00
    151.112    149.577     0.9257  29.552552     0.9335  29.563830     4.8022     4.7982    -0.0077    91.6269 1.0000e-12  -64.86066  -64.94842 345.909343      99.98 2.3270e+02   1399.208      33582          4  0.000e+00
    151.022    149.489     0.9238  29.557786     0.9339  29.563658     4.7962     4.7981    -0.0077    91.6269 1.0000e-12  -64.86066  -64.94842 345.909343      99.98 2.3270e+02   1399.250      33583          4  0.000e+00
    151.160    149.624     0.9225  29.557551     0.9326  29.564922     4.8000     4.7982    -0.0077    91.6269 1.0000e-12  -64.86066  -64.94842 345.909344      99.98 2.3270e+02   1399.292      33584          4  0.000e+00
    151.160    149.624     0.9213  29.555023     0.9304  29.564175     4.7992     4.7982    -0.0077    91.6269 1.0000e-12  -64.86066  -64.94842 345.909344      99.95 2.3270e+02   1399.333      33585          4  0.000e+00
    151.160    149.624     0.9212  29.553376     0.9297  29.561935     4.7992     4.7980    -0.0077    91.6269 1.0000e-12  -64.86066  -64.94842 345.909345      99.98 2.3270e+02   1399.375      33586          4  0.000e+00
    151.276    149.740     0.9218  29.552553     0.9290  29.561189     4.7933     4.8030    -0.0077    91.6269 1.0000e-12  -64.86066  -64.94842 345.909345      99.98 2.3270e+02   1399.417      33587          4  0.000e+00
    151.214    149.679     0.9226  29.553141     0.9280  29.560269     4.7968     4.7979    -0.0077    91.6269 1.0000e-12  -64.86066  -64.94842 345.909346      99.98 2.3270e+02   1399.458      33588          4  0.000e+00
    151.317    149.781     0.9243  29.553964     0.9279  29.559293     4.7969     4.7973    -0.0077    91.6269 1.0000e-12  -64.86066  -64.94842 345.909346      99.95 2.3270e+02   1399.500      33589          4  0.000e+00
    151.324    149.787     0.9263  29.554787     0.9281  29.558374     4.7967     4.8016    -0.0150    91.6269 1.0000e-12  -64.86066  -64.94842 345.909347      99.95 2.3270e+02   1399.542      33590          4  0.000e+00
    151.365    149.828     0.9287  29.556963     0.9293  29.558489     4.7949     4.7959    -0.0150    91.6269 1.0000e-12  -64.86066  -64.94842 345.909347      99.98 2.3270e+02   1399.583      33591          4  0.000e+00
    151.365    149.828     0.9310  29.559198     0.9300  29.559810     4.7983     4.7954    -0.0150    91.6527 1.0000e-12  -64.86066  -64.94842 345.909348      99.98 2.3270e+02   1399.625      33592          4  0.000e+00
    151.468    149.930     0.9329  29.561668     0.9322  29.560557     4.7928     4.8000    -0.0150    91.6527 1.0000e-12  -64.86066  -64.94842 345.909348      99.98 2.3270e+02   1399.667      33593          4  0.000e+00
    151.427    149.889     0.9331  29.564431     0.9365  29.561763     4.7859     4.7996    -0.0150    91.6527 1.0000e-12  -64.86066  -64.94842 345.909348      99.98 2.3270e+02   1399.708      33594          4  0.000e+00
    151.468    149.930     0.9321  29.564726     0.9394  29.566588     4.7946     4.7983    -0.0150    91.6527 1.0000e-12  -64.86066  -64.94842 345.909349      99.98 2.3270e+02   1399.750      33595          4  0.000e+00
    151.571    150.032     0.9316  29.563903     0.9437  29.569404     4.7931     4.7977    -0.0150    91.6527 1.0000e-12  -64.86066  -64.94842 345.909349      99.95 2.3270e+02   1399.792      33596          4  0.000e+00
    151.585    150.046     0.9330  29.563079     0.9458  29.572908     4.7922     4.7970    -0.0150    91.6527 1.0000e-12  -64.86066  -64.94842 345.909350      99.95 2.3270e+02   1399.833      33597          4  0.000e+00
    151.571    150.032     0.9356  29.563608     0.9430  29.574575     4.7908     4.7977    -0.0150    91.6527 1.0000e-12  -64.86066  -64.94842 345.909350      99.98 2.3270e+02   1399.875      33598          4  0.000e+00
    151.619    150.079     0.9394  29.565843     0.9413  29.574288     4.7889     4.7974    -0.0150    91.6527 1.0000e-12  -64.86066  -64.94842 345.909351      99.98 2.3270e+02   1399.917      33599          4  0.000e+00
    151.722    150.181     0.9427  29.569431     0.9419  29.571300     4.7880     4.8030    -0.0150    91.6527 1.0000e-12  -64.86066  -64.94842 345.909351      99.98 2.3270e+02   1399.958      33600          4  0.000e+00
    151.681    150.141     0.9444  29.573018     0.9428  29.572392     4.7870     4.7976    -0.0150    91.6527 1.0000e-12  -64.86066  -64.94842 345.909352      99.95 2.3270e+02   1400.000      33601          4  0.000e+00
    151.722    150.181     0.9465  29.575194     0.9434  29.574000     4.7857     4.8027    -0.0150    91.6527 1.0000e-12  -64.86066  -64.94842 345.909352      99.95 2.3270e+02   1400.042      33602          4  0.000e+00
    151.770    150.229     0.9487  29.576606     0.9465  29.574058     4.7899     4.7969    -0.0150    91.6527 1.0000e-12  -64.86066  -64.94842 345.909353      99.98 2.3446e+02   1400.083      33603          4  0.000e+00
    151.839    150.297     0.9509  29.579076     0.9515  29.574575     4.7850     4.8005    -0.0150    91.6527 1.0000e-12  -64.86066  -64.94842 345.909353      99.98 2.3446e+02   1400.125      33604          4  0.000e+00
    151.825    150.283     0.9521  29.581017     0.9501  29.580321     4.7844     4.8007    -0.0150    91.6527 1.0000e-12  -64.86066  -64.94842 345.909354      99.98 2.3446e+02   1400.167      33605          4  0.000e+00
    151.928    150.385     0.9519  29.582959     0.9469  29.582505     4.7880     4.8012    -0.0150    91.6527 1.0000e-12  -64.86066  -64.94842 345.909354      99.98 2.3270e+02   1400.208      33606          4  0.000e+00
    151.873    150.331     0.9534  29.582958     0.9469  29.579517     4.7882     4.8013    -0.0150    91.6527 1.0000e-12  -64.86066  -64.94842 345.909355      99.98 2.3446e+02   1400.250      33607          4  0.000e+00
    151.990    150.446     0.9562  29.583370     0.9490  29.577621     4.7824     4.8011    -0.0150    91.6527 1.0000e-12  -64.86066  -64.94842 345.909355      99.95 2.3446e+02   1400.292      33608          4  0.000e+00
    151.976    150.433     0.9572  29.585959     0.9512  29.578655     4.7863     4.8006    -0.0150    91.6527 1.0000e-12  -64.86066  -64.94842 345.909356      99.95 2.3446e+02   1400.333      33609          4  0.000e+00
    151.976    150.433     0.9575  29.587900     0.9536  29.581183     4.7914     4.7999    -0.0150    91.6527 1.0000e-12  -64.86066  -64.94842 345.909356      99.98 2.3446e+02   1400.375      33610          4  0.000e+00
    152.079    150.534     0.9576  29.589018     0.9543  29.583367     4.7863     4.8045    -0.0150    91.6527 1.0000e-12  -64.86066  -64.94842 345.909357      99.98 2.3446e+02   1400.417      33611          4  0.000e+00
    152.093    150.548     0.9551  29.589018     0.9550  29.584746     4.7869     4.8045    -0.0150    91.6527 1.0000e-12  -64.86066  -64.94842 345.909357      99.98 2.3446e+02   1400.458      33612          4  0.000e+00
    152.127    150.582     0.9453  29.588725     0.9553  29.584976     4.7937     4.8045    -0.0150    91.6527 1.0000e-12  -64.86066  -64.94842 345.909358      99.95 2.3446e+02   1400.500      33613          4  0.000e+00
    152.127    150.582     0.9329  29.582667     0.9553  29.585838     4.7938     4.7998    -0.0150    91.6269 1.0000e-12  -64.86066  -64.94842 345.909358      99.95 2.3446e+02   1400.542      33614          4  0.000e+00
    152.196    150.650     0.9276  29.570492     0.9559  29.585551     4.7901     4.7995    -0.0150    91.6527 1.0000e-12  -64.86066  -64.94842 345.909359      99.98 2.3446e+02   1400.583      33615          4  0.000e+00
    152.230    150.684     0.9246  29.560847     0.9569  29.586068     4.7970     4.7991    -0.0077    91.6527 1.0000e-12  -64.86066  -64.94842 345.909359      99.98 2.3446e+02   1400.625      33616          4  0.000e+00
    152.230    150.684     0.9154  29.559201     0.9564  29.586930     4.7997     4.8039    -0.0004    91.6527 1.0000e-12  -64.86066  -64.94842 345.909360      99.98 2.3446e+02   1400.667      33617          4  0.000e+00
    126.889    125.608     0.6626  29.280548     0.6555  29.274259     5.1479     5.1778     0.0069    91.4982 2.6208e-02  -64.86068  -64.94834 345.910157      99.95 2.3799e+02   1469.542      35270          5  0.000e+00
    126.882    125.601     0.6626  29.280841     0.6522  29.273171     5.1517     5.1726     0.0069    91.4724 2.6208e-02  -64.86068  -64.94834 345.910157      99.98 2.3799e+02   1469.583      35271          5  0.000e+00
    126.985    125.703     0.6626  29.280431     0.6507  29.271855     5.1498     5.1762    -0.0004    91.4982 2.6208e-02  -64.86068  -64.94834 345.910158      99.98 2.3799e+02   1469.625      35272          5  0.000e+00
    126.882    125.601     0.6613  29.280256     0.6510  29.269337     5.1433     5.1757    -0.0004    91.4982 2.6208e-02  -64.86068  -64.94834 345.910158      99.98 2.3799e+02   1469.667      35273          5  0.000e+00
    126.937    125.655     0.6590  29.279436     0.6520  29.268020     5.1414     5.1744    -0.0004    91.4982 2.6208e-02  -64.86068  -64.94834 345.910159      99.98 2.3799e+02   1469.708      35274          5  0.000e+00
    126.985    125.703     0.6567  29.277502     0.6535  29.268307     5.1451     5.1729     0.0069    91.4724 2.6208e-02  -64.86068  -64.94834 345.910159      99.98 2.3799e+02   1469.750      35275          5  0.000e+00
    126.937    125.655     0.6552  29.275334     0.6541  29.269623     5.1397     5.1659     0.0069    91.4982 2.6208e-02  -64.86068  -64.94836 345.910160      99.95 2.3799e+02   1469.792      35276          5  0.000e+00
    126.937    125.655     0.6548  29.273342     0.6553  29.270767     5.1386     5.1634     0.0069    91.4982 2.6208e-02  -64.86068  -64.94836 345.910160      99.95 2.3799e+02   1469.833      35277          5  0.000e+00
    126.992    125.710     0.6552  29.272053     0.6572  29.271282     5.1304     5.1617     0.0069    91.4982 2.6208e-02  -64.86068  -64.94836 345.910161      99.98 2.3799e+02   1469.875      35278          5  0.000e+00
    126.937    125.655     0.6559  29.271467     0.6592  29.272370     5.1376     5.1599     0.0069    91.4982 2.6208e-02  -64.86068  -64.94836 345.910161      99.98 2.3799e+02   1469.917      35279          5  0.000e+00
    126.985    125.703     0.6563  29.272873     0.6600  29.273972     5.1316     5.1583     0.0069    91.4982 2.6208e-02  -64.86068  -64.94836 345.910162      99.98 2.3799e+02   1469.958      35280          5  0.000e+00
    126.985    125.703     0.6563  29.273869     0.6601  29.275632     5.1300     5.1567     0.0069    91.4982 2.6208e-02  -64.86068  -64.94836 345.910162      99.95 2.3799e+02   1470.000      35281          5  0.000e+00
    126.985    125.703     0.6566  29.273986     0.6598  29.275632     5.1339     5.1553     0.0069    91.4982 2.6208e-02  -64.86068  -64.94836 345.910163      99.95 2.3799e+02   1470.042      35282          5  0.000e+00
    127.040    125.757     0.6588  29.274514     0.6598  29.276148     5.1262     5.1538     0.0069    91.4982 2.6208e-02  -64.86068  -64.94836 345.910163      99.98 2.3799e+02   1470.083      35283          5  0.000e+00
    126.937    125.655     0.6603  29.276154     0.6603  29.276433     5.1185     5.1522    -0.0004    91.4982 2.6208e-02  -64.86068  -64.94836 345.910163      99.98 2.3799e+02   1470.125      35284          5  0.000e+00
    127.040    125.757     0.6588  29.278264     0.6609  29.276434     5.1155     5.1462     0.0069    91.4982 2.6208e-02  -64.86068  -64.94836 345.910164      99.98 2.3799e+02   1470.167      35285          5  0.000e+00
    126.992    125.710     0.6571  29.277795     0.6610  29.277006     5.1238     5.1448     0.0069    91.4982 2.6208e-02  -64.86068  -64.94836 345.910164      99.98 2.3799e+02   1470.208      35286          5  0.000e+00
    126.985    125.703     0.6570  29.275861     0.6614  29.277235     5.1189     5.1434     0.0069    91.4724 2.6208e-02  -64.86068  -64.94836 345.910165      99.98 2.3799e+02   1470.250      35287          5  0.000e+00
    127.040    125.757     0.6574  29.275041     0.6613  29.277807     5.1183     5.1413     0.0069    91.4724 2.6208e-02  -64.86068  -64.94836 345.910165      99.95 2.3799e+02   1470.292      35288          5  0.000e+00
    127.040    125.757     0.6571  29.274221     0.6612  29.277521     5.1177     5.1401     0.0069    91.4724 2.6208e-02  -64.86068  -64.94836 345.910166      99.95 2.3799e+02   1470.333      35289          5  0.000e+00
    126.985    125.703     0.6570  29.274982     0.6615  29.277807     5.1157     5.1389    -0.0004    91.4724 2.6208e-02  -64.86068  -64.94836 345.910166      99.98 2.3799e+02   1470.375      35290          5  0.000e+00
