NBP2113_155081_ctd/data/nbp2113_052.cnv
* Sea-Bird SBE 9 Data File:
* FileName = D:\Data\raw\NBP2113_052.hex
* Software Version Seasave V 7.26.7.121
* Temperature SN = 2438
* Conductivity SN = 2067
* Number of Bytes Per Scan = 40
* Number of Voltage Words = 5
* Number of Scans Averaged by the Deck Unit = 1
* NMEA Latitude = 64 54.69 S
* NMEA Longitude = 064 40.23 W
* NMEA UTC (Time) = Dec 11 2021  16:24:27
* NMEA baud rate = 9600
** Ship: RVIB N.B. Palmer
** Cruise: NBP2113 LTER
** Station: 593.051
** Operator: S. Blackman
# nquan = 25
# nvalues = 1908                        
# units = specified
# name 0 = prDM: Pressure, Digiquartz [db]
# name 1 = depSM: Depth [salt water, m]
# name 2 = t090C: Temperature [ITS-90, deg C]
# name 3 = c0mS/cm: Conductivity [mS/cm]
# name 4 = t190C: Temperature, 2 [ITS-90, deg C]
# name 5 = c1mS/cm: Conductivity, 2 [mS/cm]
# name 6 = sbeox0ML/L: Oxygen, SBE 43 [ml/l]
# name 7 = sbeox1ML/L: Oxygen, SBE 43, 2 [ml/l]
# name 8 = flECO-AFL: Fluorescence, WET Labs ECO-AFL/FL [mg/m^3]
# name 9 = CStarTr0: Beam Transmission, WET Labs C-Star [%]
# name 10 = par: PAR/Irradiance, Biospherical/Licor
# name 11 = latitude: Latitude [deg]
# name 12 = longitude: Longitude [deg]
# name 13 = timeJ: Julian Days
# name 14 = altM: Altimeter [m]
# name 15 = spar: SPAR, Biospherical/Licor
# name 16 = timeS: Time, Elapsed [seconds]
# name 17 = scan: Scan Count
# name 18 = density00: Density [density, kg/m^3]
# name 19 = density11: Density, 2 [density, kg/m^3]
# name 20 = sal00: Salinity, Practical [PSU]
# name 21 = sal11: Salinity, Practical, 2 [PSU]
# name 22 = oxsolML/L: Oxygen Saturation, Garcia & Gordon [ml/l]
# name 23 = nbin: number of scans per bin
# name 24 = flag: flag
# span 0 =      1.000,    956.000       
# span 1 =      0.989,    944.462       
# span 2 =    -0.7368,     1.4836       
# span 3 =  27.374513,  30.503159       
# span 4 =    -0.7448,     1.4834       
# span 5 =  27.362356,  30.501764       
# span 6 =     4.0474,     8.1083       
# span 7 =     4.1128,     8.1737       
# span 8 =    -0.0227,     1.7120       
# span 9 =    81.8827,    91.8596       
# span 10 = -5.309e-05, 7.8527e+02      
# span 11 =  -64.91190,  -64.91154      
# span 12 =  -64.67152,  -64.67040      
# span 13 = 345.687268, 345.720935      
# span 14 =       4.53,     101.96      
# span 15 = 5.9603e+02, 1.4155e+03      
# span 16 =    312.984,   3221.801      
# span 17 =       7513,      77324      
# span 18 =  1027.0247,  1032.2268      
# span 19 =  1027.0223,  1032.2256      
# span 20 =    33.6017,    34.6828      
# span 21 =    33.5931,    34.6815      
# span 22 =    7.72734,    8.24752      
# span 23 =          9,         50      
# span 24 = 0.0000e+00, 0.0000e+00      
# interval = decibars: 1                
# start_time = Dec 11 2021 16:24:27 [NMEA time, header]
# bad_flag = -9.990e-29
*END*
[from data line 1392]
    516.000    510.309     1.3989  30.221815     1.3987  30.220484     4.1441     4.2037    -0.0212    91.8168 1.0000e-12  -64.91182  -64.67108 345.709703      99.97 1.1479e+03   2251.328      54033  1030.1735  1030.1724    34.6642    34.6628    7.74496         19 0.0000e+00
    515.000    509.320     1.3986  30.220959     1.3979  30.219280     4.1441     4.2013     0.0123    91.8253 1.0000e-12  -64.91182  -64.67108 345.709713      99.97 1.1494e+03   2252.217      54054  1030.1688  1030.1677    34.6641    34.6627    7.74504         24 0.0000e+00
    514.000    508.333     1.3991  30.221042     1.3984  30.219135     4.1417     4.2010    -0.0042    91.8374 1.0000e-12  -64.91181  -64.67108 345.709727      99.97 1.1494e+03   2253.429      54083  1030.1642  1030.1629    34.6642    34.6626    7.74494         36 0.0000e+00
    513.000    507.346     1.3986  30.220135     1.3983  30.218767     4.1507     4.2018    -0.0110    91.8352 1.0000e-12  -64.91180  -64.67107 345.709749      99.97 1.1494e+03   2255.323      54129  1030.1595  1030.1583    34.6642    34.6627    7.74504         33 0.0000e+00
    512.000    506.357     1.3987  30.219877     1.3984  30.218481     4.1469     4.2033    -0.0095    91.8359 1.0000e-12  -64.91180  -64.67107 345.709773      99.97 1.1482e+03   2257.404      54179  1030.1548  1030.1537    34.6643    34.6628    7.74501         35 0.0000e+00
    511.000    505.371     1.3977  30.218387     1.3978  30.217394     4.1445     4.2086    -0.0066    91.8209 1.0000e-12  -64.91180  -64.67108 345.709787      99.97 1.1476e+03   2258.592      54207  1030.1500  1030.1490    34.6640    34.6627    7.74521         22 0.0000e+00
    510.000    504.382     1.3970  30.217134     1.3965  30.215585     4.1417     4.2043    -0.0102    91.8537 1.0000e-12  -64.91180  -64.67108 345.709796      99.97 1.1476e+03   2259.414      54227  1030.1453  1030.1442    34.6638    34.6624    7.74537         18 0.0000e+00
    509.000    503.395     1.3966  30.216231     1.3962  30.214801     4.1431     4.2024    -0.0141    91.8329 1.0000e-12  -64.91182  -64.67108 345.709804      99.96 1.1476e+03   2260.103      54243  1030.1405  1030.1395    34.6636    34.6623    7.74545         16 0.0000e+00
    508.000    502.408     1.3966  30.215794     1.3962  30.214310     4.1435     4.2013    -0.0055    91.8329 1.0000e-12  -64.91182  -64.67108 345.709812      99.97 1.1476e+03   2260.765      54259  1030.1359  1030.1348    34.6637    34.6622    7.74545         16 0.0000e+00
    507.000    501.417     1.3964  30.215161     1.3961  30.213857     4.1506     4.2018    -0.0046    91.8329 1.0000e-12  -64.91182  -64.67108 345.709820      99.97 1.1476e+03   2261.482      54277  1030.1312  1030.1302    34.6636    34.6623    7.74549         19 0.0000e+00
    506.000    500.430     1.3966  30.214894     1.3962  30.213523     4.1515     4.2037    -0.0064    91.8321 1.0000e-12  -64.91181  -64.67107 345.709833      99.97 1.1452e+03   2262.554      54302  1030.1265  1030.1255    34.6637    34.6623    7.74546         30 0.0000e+00
    505.000    499.443     1.3966  30.214494     1.3962  30.213071     4.1444     4.2075    -0.0168    91.8313 1.0000e-12  -64.91180  -64.67107 345.709869      99.97 1.1423e+03   2265.716      54378  1030.1218  1030.1208    34.6637    34.6623    7.74545         33 0.0000e+00
    504.000    498.456     1.3965  30.213891     1.3961  30.212479     4.1481     4.2052    -0.0184    91.8317 1.0000e-12  -64.91180  -64.67108 345.709882      99.97 1.1423e+03   2266.836      54405  1030.1172  1030.1161    34.6637    34.6622    7.74548         22 0.0000e+00
    503.000    497.466     1.3962  30.213325     1.3959  30.211787     4.1538     4.2121    -0.0069    91.8352 1.0000e-12  -64.91180  -64.67108 345.709893      99.97 1.1412e+03   2267.767      54427  1030.1126  1030.1114    34.6638    34.6622    7.74552         23 0.0000e+00
    502.000    496.480     1.3959  30.212474     1.3954  30.210953     4.1508     4.2079    -0.0139    91.8329 1.0000e-12  -64.91180  -64.67108 345.709905      99.97 1.1406e+03   2268.802      54452  1030.1079  1030.1068    34.6637    34.6622    7.74560         28 0.0000e+00
    501.000    495.493     1.3958  30.211854     1.3953  30.210347     4.1482     4.2060    -0.0063    91.8127 1.0000e-12  -64.91180  -64.67109 345.709919      99.97 1.1406e+03   2269.969      54480  1030.1031  1030.1020    34.6635    34.6621    7.74562         27 0.0000e+00
    500.000    494.505     1.3957  30.211280     1.3951  30.209640     4.1419     4.2059    -0.0067    91.8393 1.0000e-12  -64.91180  -64.67110 345.709930      99.97 1.1406e+03   2270.967      54504  1030.0984  1030.0973    34.6635    34.6620    7.74565         21 0.0000e+00
    499.000    493.515     1.3954  30.210665     1.3947  30.208854     4.1408     4.2087    -0.0073    91.8089 1.0000e-12  -64.91180  -64.67110 345.709940      99.97 1.1406e+03   2271.782      54524  1030.0938  1030.0926    34.6635    34.6620    7.74569         19 0.0000e+00
    498.000    492.529     1.3950  30.209722     1.3944  30.208136     4.1440     4.2097    -0.0066    91.8332 1.0000e-12  -64.91180  -64.67109 345.709948      99.97 1.1406e+03   2272.551      54542  1030.0890  1030.0880    34.6634    34.6620    7.74578         19 0.0000e+00
    497.000    491.540     1.3946  30.208906     1.3943  30.207599     4.1518     4.2090    -0.0091    91.8330 1.0000e-12  -64.91180  -64.67108 345.709959      99.97 1.1405e+03   2273.428      54563  1030.0843  1030.0833    34.6633    34.6620    7.74586         24 0.0000e+00
    496.000    490.553     1.3949  30.208717     1.3945  30.207252     4.1560     4.2064    -0.0174    91.8392 1.0000e-12  -64.91180  -64.67107 345.709988      99.97 1.1376e+03   2276.006      54625  1030.0796  1030.0786    34.6634    34.6620    7.74581         37 0.0000e+00
    495.000    489.566     1.3950  30.208261     1.3944  30.206713     4.1571     4.2128    -0.0105    91.8326 1.0000e-12  -64.91180  -64.67108 345.710015      99.97 1.1352e+03   2278.321      54681  1030.0749  1030.0738    34.6633    34.6619    7.74580         24 0.0000e+00
    494.000    488.578     1.3941  30.207091     1.3935  30.205470     4.1539     4.2155    -0.0072    91.8329 1.0000e-12  -64.91180  -64.67108 345.710025      99.97 1.1353e+03   2279.118      54700  1030.0703  1030.0692    34.6633    34.6619    7.74596         18 0.0000e+00
    493.000    487.588     1.3919  30.204253     1.3914  30.202734     4.1557     4.2149    -0.0077    91.8329 1.0000e-12  -64.91180  -64.67109 345.710033      99.97 1.1360e+03   2279.823      54717  1030.0654  1030.0643    34.6628    34.6613    7.74643         17 0.0000e+00
    492.000    486.603     1.3905  30.202197     1.3901  30.200793     4.1588     4.2172    -0.0077    91.8329 1.0000e-12  -64.91180  -64.67110 345.710041      99.97 1.1371e+03   2280.530      54734  1030.0605  1030.0595    34.6622    34.6609    7.74674         17 0.0000e+00
    491.000    485.613     1.3900  30.201304     1.3891  30.199376     4.1566     4.2193    -0.0077    91.8329 1.0000e-12  -64.91180  -64.67110 345.710050      99.97 1.1371e+03   2281.361      54754  1030.0558  1030.0547    34.6622    34.6607    7.74683         23 0.0000e+00
    490.000    484.625     1.3912  30.201779     1.3893  30.198885     4.1567     4.2162    -0.0077    91.8329 1.0000e-12  -64.91180  -64.67108 345.710063      99.97 1.1357e+03   2282.472      54780  1030.0509  1030.0498    34.6621    34.6605    7.74660         31 0.0000e+00
    489.000    483.638     1.3906  30.201031     1.3904  30.199753     4.1620     4.2218    -0.0068    91.8158 1.0000e-12  -64.91180  -64.67108 345.710079      99.97 1.1337e+03   2283.836      54813  1030.0465  1030.0454    34.6623    34.6609    7.74671         32 0.0000e+00
    488.000    482.650     1.3905  30.200344     1.3885  30.197348     4.1649     4.2191    -0.0060    91.8180 1.0000e-12  -64.91180  -64.67106 345.710094      99.97 1.1318e+03   2285.137      54844  1030.0416  1030.0406    34.6621    34.6605    7.74673         31 0.0000e+00
    487.000    481.662     1.3886  30.198171     1.3873  30.195537     4.1692     4.2233    -0.0121    91.8327 1.0000e-12  -64.91180  -64.67106 345.710109      99.97 1.1318e+03   2286.444      54876  1030.0371  1030.0357    34.6620    34.6601    7.74712         33 0.0000e+00
    486.000    480.674     1.3882  30.197182     1.3883  30.196282     4.1671     4.2228    -0.0077    91.8322 1.0000e-12  -64.91180  -64.67106 345.710127      99.97 1.1307e+03   2287.940      54912  1030.0323  1030.0311    34.6618    34.6605    7.74721         38 0.0000e+00
    485.000    479.686     1.3880  30.196535     1.3866  30.194020     4.1657     4.2259    -0.0077    91.7892 1.0000e-12  -64.91180  -64.67108 345.710144      99.97 1.1283e+03   2289.435      54947  1030.0275  1030.0263    34.6617    34.6601    7.74725         31 0.0000e+00
    484.000    478.698     1.3863  30.194187     1.3862  30.193093     4.1701     4.2278    -0.0077    91.8328 1.0000e-12  -64.91180  -64.67108 345.710157      99.97 1.1258e+03   2290.590      54975  1030.0226  1030.0215    34.6612    34.6599    7.74761         24 0.0000e+00
    483.000    477.711     1.3860  30.193462     1.3858  30.192154     4.1703     4.2229    -0.0077    91.8258 1.0000e-12  -64.91180  -64.67108 345.710168      99.97 1.1247e+03   2291.529      54998  1030.0179  1030.0168    34.6612    34.6597    7.74767         22 0.0000e+00
    482.000    476.723     1.3859  30.192901     1.3854  30.191379     4.1649     4.2228    -0.0126    91.8293 1.0000e-12  -64.91180  -64.67108 345.710179      99.97 1.1247e+03   2292.422      55019  1030.0133  1030.0121    34.6612    34.6597    7.74770         22 0.0000e+00
    481.000    475.735     1.3857  30.192239     1.3853  30.190797     4.1669     4.2249    -0.0141    91.8297 1.0000e-12  -64.91180  -64.67108 345.710190      99.97 1.1247e+03   2293.385      55042  1030.0085  1030.0074    34.6611    34.6597    7.74774         24 0.0000e+00
    480.000    474.746     1.3856  30.191701     1.3853  30.190312     4.1713     4.2289    -0.0092    91.8134 1.0000e-12  -64.91180  -64.67108 345.710203      99.97 1.1263e+03   2294.500      55069  1030.0039  1030.0027    34.6611    34.6596    7.74776         29 0.0000e+00
    479.000    473.760     1.3856  30.191277     1.3853  30.189834     4.1732     4.2271    -0.0070    91.8287 1.0000e-12  -64.91180  -64.67108 345.710217      99.97 1.1249e+03   2295.745      55099  1029.9991  1029.9980    34.6611    34.6596    7.74775         31 0.0000e+00
    478.000    472.770     1.3857  30.190793     1.3854  30.189461     4.1714     4.2247    -0.0077    91.8328 1.0000e-12  -64.91180  -64.67108 345.710232      99.97 1.1247e+03   2297.026      55130  1029.9944  1029.9933    34.6610    34.6596    7.74775         31 0.0000e+00
    477.000    471.783     1.3858  30.190514     1.3855  30.189148     4.1632     4.2252    -0.0077    91.8186 1.0000e-12  -64.91180  -64.67108 345.710248      99.97 1.1241e+03   2298.394      55162  1029.9897  1029.9885    34.6611    34.6596    7.74772         34 0.0000e+00
    476.000    470.795     1.3857  30.190039     1.3853  30.188564     4.1721     4.2237    -0.0113    91.8049 1.0000e-12  -64.91180  -64.67106 345.710265      99.97 1.1230e+03   2299.863      55198  1029.9851  1029.9840    34.6611    34.6597    7.74773         36 0.0000e+00
    475.000    469.808     1.3855  30.189270     1.3852  30.187861     4.1739     4.2322    -0.0190    91.7761 1.0000e-12  -64.91180  -64.67107 345.710283      99.97 1.1230e+03   2301.431      55235  1029.9803  1029.9792    34.6609    34.6595    7.74778         36 0.0000e+00
    474.000    468.820     1.3855  30.188773     1.3851  30.187347     4.1678     4.2286    -0.0183    91.8109 1.0000e-12  -64.91180  -64.67108 345.710304      99.97 1.1230e+03   2303.245      55279  1029.9756  1029.9745    34.6609    34.6595    7.74779         40 0.0000e+00
    473.000    467.832     1.3851  30.187994     1.3846  30.186492     4.1611     4.2368    -0.0166    91.8049 1.0000e-12  -64.91180  -64.67108 345.710319      99.97 1.1247e+03   2304.522      55310  1029.9710  1029.9699    34.6609    34.6595    7.74787         23 0.0000e+00
    472.000    466.844     1.3850  30.187380     1.3846  30.186036     4.1647     4.2329    -0.0081    91.7951 1.0000e-12  -64.91180  -64.67108 345.710328      99.97 1.1247e+03   2305.333      55329  1029.9662  1029.9652    34.6608    34.6595    7.74789         17 0.0000e+00
    471.000    465.854     1.3854  30.187284     1.3851  30.185949     4.1652     4.2297     0.0019    91.8171 1.0000e-12  -64.91180  -64.67108 345.710336      99.97 1.1247e+03   2305.988      55345  1029.9615  1029.9604    34.6609    34.6595    7.74782         15 0.0000e+00
    470.000    464.868     1.3855  30.186877     1.3850  30.185386     4.1725     4.2300    -0.0091    91.8254 1.0000e-12  -64.91180  -64.67108 345.710342      99.97 1.1247e+03   2306.593      55359  1029.9567  1029.9557    34.6607    34.6595    7.74779         14 0.0000e+00
    469.000    463.879     1.3850  30.185948     1.3845  30.184402     4.1702     4.2302    -0.0144    91.8060 1.0000e-12  -64.91180  -64.67108 345.710350      99.97 1.1247e+03   2307.217      55374  1029.9520  1029.9509    34.6607    34.6593    7.74789         16 0.0000e+00
    468.000    462.891     1.3846  30.185057     1.3842  30.183527     4.1734     4.2313     0.0009    91.7954 1.0000e-12  -64.91180  -64.67108 345.710358      99.97 1.1247e+03   2307.928      55391  1029.9473  1029.9462    34.6606    34.6591    7.74798         19 0.0000e+00
    467.000    461.907     1.3849  30.184819     1.3843  30.183308     4.1761     4.2292    -0.0053    91.7995 1.0000e-12  -64.91180  -64.67108 345.710373      99.98 1.1241e+03   2309.181      55421  1029.9425  1029.9415    34.6605    34.6592    7.74792         26 0.0000e+00
    466.000    460.916     1.3849  30.184505     1.3846  30.183208     4.1701     4.2259    -0.0082    91.7939 1.0000e-12  -64.91182  -64.67106 345.710410      99.97 1.1216e+03   2312.433      55499  1029.9381  1029.9370    34.6607    34.6594    7.74792         33 0.0000e+00
    465.000    459.928     1.3848  30.184079     1.3844  30.182577     4.1737     4.2275    -0.0051    91.7881 1.0000e-12  -64.91180  -64.67106 345.710425      99.97 1.1238e+03   2313.750      55531  1029.9334  1029.9323    34.6608    34.6594    7.74792         31 0.0000e+00
    464.000    458.939     1.3846  30.183305     1.3840  30.181738     4.1758     4.2353    -0.0056    91.7922 1.0000e-12  -64.91180  -64.67106 345.710441      99.97 1.1247e+03   2315.103      55563  1029.9287  1029.9276    34.6607    34.6593    7.74798         31 0.0000e+00
    463.000    457.952     1.3836  30.181940     1.3825  30.179796     4.1792     4.2400    -0.0115    91.7808 1.0000e-12  -64.91180  -64.67108 345.710455      99.97 1.1247e+03   2316.345      55593  1029.9239  1029.9229    34.6605    34.6591    7.74817         23 0.0000e+00
    462.000    456.964     1.3820  30.179889     1.3805  30.177286     4.1776     4.2411    -0.0061    91.8052 1.0000e-12  -64.91180  -64.67108 345.710466      99.97 1.1247e+03   2317.252      55615  1029.9193  1029.9181    34.6603    34.6586    7.74851         20 0.0000e+00
    461.000    455.973     1.3798  30.177182     1.3791  30.175313     4.1786     4.2358    -0.0068    91.8072 1.0000e-12  -64.91180  -64.67108 345.710475      99.97 1.1247e+03   2317.997      55633  1029.9144  1029.9132    34.6599    34.6582    7.74897         17 0.0000e+00
    460.000    454.990     1.3793  30.176097     1.3788  30.174505     4.1777     4.2344    -0.0132    91.7908 1.0000e-12  -64.91180  -64.67108 345.710483      99.97 1.1247e+03   2318.696      55650  1029.9096  1029.9085    34.6596    34.6581    7.74908         17 0.0000e+00
