NBP2113_155081_ctd/data/nbp2113_013.cnv
* Sea-Bird SBE 9 Data File:
* FileName = D:\Data\raw\NBP2113_013.hex
* Software Version Seasave V 7.26.7.121
* Temperature SN = 2438
* Conductivity SN = 2067
* Number of Bytes Per Scan = 40
* Number of Voltage Words = 5
* Number of Scans Averaged by the Deck Unit = 1
* NMEA Latitude = 65 13.99 S
* NMEA Longitude = 066 46.43 W
* NMEA UTC (Time) = Nov 27 2021  04:09:52
* NMEA baud rate = 9600
** Ship: RVIB N.B. Palmer
** Cruise: NBP2113 LTER
** Station: 500.100
** Operator: B. Urmston
# nquan = 25
# nvalues = 862                         
# units = specified
# name 0 = prDM: Pressure, Digiquartz [db]
# name 1 = depSM: Depth [salt water, m]
# name 2 = t090C: Temperature [ITS-90, deg C]
# name 3 = c0mS/cm: Conductivity [mS/cm]
# name 4 = t190C: Temperature, 2 [ITS-90, deg C]
# name 5 = c1mS/cm: Conductivity, 2 [mS/cm]
# name 6 = sbeox0ML/L: Oxygen, SBE 43 [ml/l]
# name 7 = sbeox1ML/L: Oxygen, SBE 43, 2 [ml/l]
# name 8 = flECO-AFL: Fluorescence, WET Labs ECO-AFL/FL [mg/m^3]
# name 9 = CStarTr0: Beam Transmission, WET Labs C-Star [%]
# name 10 = par: PAR/Irradiance, Biospherical/Licor
# name 11 = latitude: Latitude [deg]
# name 12 = longitude: Longitude [deg]
# name 13 = timeJ: Julian Days
# name 14 = altM: Altimeter [m]
# name 15 = spar: SPAR, Biospherical/Licor
# name 16 = timeS: Time, Elapsed [seconds]
# name 17 = scan: Scan Count
# name 18 = density00: Density [density, kg/m^3]
# name 19 = density11: Density, 2 [density, kg/m^3]
# name 20 = sal00: Salinity, Practical [PSU]
# name 21 = sal11: Salinity, Practical, 2 [PSU]
# name 22 = oxsolML/L: Oxygen Saturation, Garcia & Gordon [ml/l]
# name 23 = nbin: number of scans per bin
# name 24 = flag: flag
# span 0 =      1.000,    433.000       
# span 1 =      0.988,    428.300       
# span 2 =    -0.6342,     1.5349       
# span 3 =  27.803952,  30.327393       
# span 4 =    -0.6332,     1.5349       
# span 5 =  27.803014,  30.326560       
# span 6 =     4.1299,     9.9920       
# span 7 =     4.1116,     9.9636       
# span 8 =    -0.0221,     2.3439       
# span 9 =    87.5796,    97.7794       
# span 10 = 1.0000e-12, 2.0690e+00      
# span 11 =  -65.23322,  -65.23308      
# span 12 =  -66.77598,  -66.77434      
# span 13 = 331.176039, 331.198233      
# span 14 =       6.10,     101.52      
# span 15 = 0.0000e+00, 0.0000e+00      
# span 16 =    217.782,   2135.328      
# span 17 =       5228,      51249      
# span 18 =  1027.2988,  1029.8104      
# span 19 =  1027.2955,  1029.8094      
# span 20 =    33.9668,    34.7091      
# span 21 =    33.9626,    34.7079      
# span 22 =    7.71619,    8.19759      
# span 23 =         11,         47      
# span 24 = 0.0000e+00, 0.0000e+00      
# interval = decibars: 1                
# start_time = Nov 27 2021 04:09:52 [NMEA time, header]
# bad_flag = -9.990e-29
*END*
[from data line 812]
     50.000     49.503    -0.5458  27.839078    -0.5389  27.842396     8.2745     8.0758     1.5783    90.5505 1.0000e-12  -65.23315  -66.77529 331.194953      99.71 0.0000e+00   1851.924      44447  1027.5523  1027.5492    33.9860    33.9827    8.18374         42 0.0000e+00
     49.000     48.513    -0.5009  27.870031    -0.5088  27.861815     8.2810     8.0873     1.6411    90.5299 1.0000e-12  -65.23314  -66.77529 331.194992      99.97 0.0000e+00   1855.321      44529  1027.5381  1027.5369    33.9778    33.9756    8.17451         30 0.0000e+00
     48.000     47.524    -0.5347  27.845283    -0.5328  27.845695     8.2046     8.0583     1.7653    90.1042 1.0000e-12  -65.23314  -66.77532 331.195046      99.97 0.0000e+00   1859.995      44641  1027.5404  1027.5388    33.9831    33.9815    8.18152         41 0.0000e+00
     47.000     46.532    -0.5286  27.849173    -0.5303  27.846896     8.2806     8.0995     1.5151    90.1731 1.0000e-12  -65.23314  -66.77530 331.195104      99.96 0.0000e+00   1864.975      44760  1027.5345  1027.5335    33.9822    33.9810    8.18026         26 0.0000e+00
     46.000     45.542    -0.5085  27.863468    -0.5070  27.863292     8.2712     8.1209     1.4053    89.7887 1.0000e-12  -65.23314  -66.77531 331.195137      99.97 0.0000e+00   1867.801      44828  1027.5260  1027.5244    33.9794    33.9775    8.17607         22 0.0000e+00
     45.000     44.555    -0.4968  27.871008    -0.4976  27.869228     8.2756     8.1110     1.4816    89.3625 1.0000e-12  -65.23314  -66.77532 331.195147      99.97 0.0000e+00   1868.719      44850  1027.5186  1027.5174    33.9771    33.9756    8.17369         24 0.0000e+00
     44.000     43.564    -0.4941  27.872246    -0.4931  27.871868     8.2736     8.1204     1.6111    89.0106 1.0000e-12  -65.23314  -66.77531 331.195375      99.97 0.0000e+00   1888.357      45322  1027.5133  1027.5120    33.9763    33.9747    8.17315         37 0.0000e+00
     43.000     42.574    -0.4880  27.876165    -0.4873  27.875460     8.3094     8.1442     1.7294    89.0124 1.0000e-12  -65.23316  -66.77528 331.195725      99.97 0.0000e+00   1918.645      46048  1027.5078  1027.5064    33.9753    33.9736    8.17189         35 0.0000e+00
     42.000     41.583    -0.4868  27.876536    -0.4867  27.875406     8.3267     8.1487     1.6309    88.9072 1.0000e-12  -65.23316  -66.77526 331.195749      99.97 0.0000e+00   1920.692      46098  1027.5027  1027.5014    33.9751    33.9735    8.17163         33 0.0000e+00
     41.000     40.590    -0.4842  27.877635    -0.4860  27.875289     8.3388     8.1480     1.8801    88.8477 1.0000e-12  -65.23316  -66.77528 331.195788      99.97 0.0000e+00   1924.109      46180  1027.4972  1027.4964    33.9743    33.9732    8.17113         25 0.0000e+00
     40.000     39.602    -0.4780  27.881326    -0.4833  27.876586     8.3166     8.1557     1.9791    88.8752 1.0000e-12  -65.23316  -66.77530 331.195825      99.97 0.0000e+00   1927.257      46255  1027.4909  1027.4910    33.9729    33.9725    8.16987         40 0.0000e+00
     39.000     38.614    -0.4772  27.881248    -0.4810  27.877615     8.3260     8.1622     1.8384    88.7577 1.0000e-12  -65.23316  -66.77526 331.195890      99.97 0.0000e+00   1932.895      46390  1027.4858  1027.4856    33.9725    33.9719    8.16971         39 0.0000e+00
     38.000     37.624    -0.4776  27.880850    -0.4778  27.879537     8.3116     8.1657     1.7391    88.6628 1.0000e-12  -65.23316  -66.77526 331.195908      99.97 0.0000e+00   1934.420      46427  1027.4816  1027.4803    33.9730    33.9715    8.16978         32 0.0000e+00
     37.000     36.633    -0.4702  27.885132    -0.4698  27.884098     8.3387     8.1765     1.8654    88.4373 1.0000e-12  -65.23316  -66.77528 331.195938      99.97 0.0000e+00   1937.043      46490  1027.4747  1027.4732    33.9711    33.9692    8.16829         29 0.0000e+00
     36.000     35.644    -0.4690  27.885282    -0.4679  27.884970     8.3196     8.1742     1.9664    88.3957 1.0000e-12  -65.23316  -66.77528 331.195980      99.97 0.0000e+00   1940.658      46577  1027.4696  1027.4681    33.9706    33.9690    8.16807         46 0.0000e+00
     35.000     34.653    -0.4687  27.885154    -0.4687  27.883954     8.3340     8.1752     1.8414    88.2683 1.0000e-12  -65.23316  -66.77524 331.196143      99.97 0.0000e+00   1954.725      46914  1027.4649  1027.4637    33.9707    33.9691    8.16799         41 0.0000e+00
     34.000     33.663    -0.4636  27.887992    -0.4641  27.886480     8.3143     8.1850     1.9330    88.0932 1.0000e-12  -65.23316  -66.77520 331.196416      99.97 0.0000e+00   1978.357      47482  1027.4589  1027.4578    33.9694    33.9679    8.16698         45 0.0000e+00
     33.000     32.674    -0.4633  27.887647    -0.4632  27.886613     8.3178     8.1797     1.9134    88.1181 1.0000e-12  -65.23316  -66.77520 331.196499      99.97 0.0000e+00   1985.511      47653  1027.4540  1027.4528    33.9692    33.9677    8.16691         38 0.0000e+00
     32.000     31.683    -0.4644  27.886571    -0.4645  27.885332     8.3365     8.1716     1.8363    88.1537 1.0000e-12  -65.23316  -66.77520 331.196515      99.97 0.0000e+00   1986.938      47688  1027.4496  1027.4484    33.9696    33.9681    8.16713         37 0.0000e+00
     31.000     30.694    -0.4658  27.885322    -0.4652  27.884544     8.3164     8.1758     1.9681    88.1800 1.0000e-12  -65.23316  -66.77518 331.196559      99.97 0.0000e+00   1990.659      47777  1027.4454  1027.4439    33.9701    33.9684    8.16741         42 0.0000e+00
     30.000     29.703    -0.4660  27.884730    -0.4657  27.883775     8.3211     8.1753     1.8328    88.2026 1.0000e-12  -65.23316  -66.77517 331.196609      99.97 0.0000e+00   1995.029      47882  1027.4406  1027.4393    33.9702    33.9686    8.16744         40 0.0000e+00
     29.000     28.714    -0.4658  27.884446    -0.4654  27.883497     8.3288     8.1755     2.1715    88.1789 1.0000e-12  -65.23316  -66.77518 331.196645      99.97 0.0000e+00   1998.109      47956  1027.4358  1027.4344    33.9701    33.9684    8.16740         27 0.0000e+00
     28.000     27.724    -0.4647  27.884648    -0.4651  27.883238     8.3260     8.1815     2.1195    88.1912 1.0000e-12  -65.23316  -66.77517 331.196689      99.96 0.0000e+00   2001.927      48047  1027.4307  1027.4294    33.9699    33.9683    8.16719         37 0.0000e+00
     27.000     26.731    -0.4645  27.884316    -0.4647  27.882925     8.3313     8.1854     1.9961    88.1702 1.0000e-12  -65.23316  -66.77515 331.196724      99.97 0.0000e+00   2004.970      48120  1027.4258  1027.4245    33.9698    33.9681    8.16715         29 0.0000e+00
     26.000     25.743    -0.4639  27.884214    -0.4644  27.882704     8.3261     8.1949     2.0365    88.1029 1.0000e-12  -65.23316  -66.77515 331.196765      99.97 0.0000e+00   2008.521      48206  1027.4208  1027.4196    33.9695    33.9681    8.16702         40 0.0000e+00
     25.000     24.753    -0.4618  27.884900    -0.4621  27.883514     8.3298     8.1910     1.9022    88.0195 1.0000e-12  -65.23316  -66.77515 331.196853      99.96 0.0000e+00   2016.062      48386  1027.4152  1027.4141    33.9687    33.9673    8.16662         33 0.0000e+00
     24.000     23.765    -0.4606  27.885166    -0.4606  27.883897     8.3324     8.1960     1.8017    87.9672 1.0000e-12  -65.23317  -66.77509 331.197234      99.97 0.0000e+00   2049.043      49178  1027.4102  1027.4088    33.9683    33.9667    8.16638         24 0.0000e+00
     23.000     22.774    -0.4602  27.884964    -0.4602  27.883665     8.3237     8.1955     1.8879    87.9384 1.0000e-12  -65.23318  -66.77506 331.197396      99.96 0.0000e+00   2062.993      49513  1027.4053  1027.4039    33.9682    33.9666    8.16630         34 0.0000e+00
     22.000     21.784    -0.4601  27.884456    -0.4601  27.883270     8.3171     8.1953     1.8041    87.9736 1.0000e-12  -65.23318  -66.77504 331.197464      99.97 0.0000e+00   2068.925      49655  1027.4003  1027.3991    33.9680    33.9665    8.16629         34 0.0000e+00
     21.000     20.793    -0.4600  27.884083    -0.4603  27.882702     8.3302     8.1947     2.0730    87.8848 1.0000e-12  -65.23318  -66.77504 331.197487      99.96 0.0000e+00   2070.913      49703  1027.3956  1027.3943    33.9681    33.9666    8.16628         44 0.0000e+00
     20.000     19.804    -0.4603  27.883521    -0.4607  27.881968     8.3288     8.1981     2.2661    87.9821 1.0000e-12  -65.23318  -66.77504 331.197522      99.97 0.0000e+00   2073.911      49775  1027.3909  1027.3897    33.9682    33.9667    8.16632         23 0.0000e+00
     19.000     18.813    -0.4603  27.882930    -0.4603  27.881827     8.3127     8.1953     2.1155    87.9204 1.0000e-12  -65.23318  -66.77502 331.197581      99.97 0.0000e+00   2078.986      49897  1027.3860  1027.3848    33.9681    33.9667    8.16633         36 0.0000e+00
     18.000     17.822    -0.4604  27.882364    -0.4605  27.881126     8.3260     8.2021     1.9717    87.9680 7.5731e-04  -65.23318  -66.77502 331.197603      99.97 0.0000e+00   2080.887      49942  1027.3812  1027.3800    33.9681    33.9665    8.16636         41 0.0000e+00
     17.000     16.831    -0.4602  27.881874    -0.4605  27.880630     8.3424     8.2057     1.9551    87.9466 7.2197e-03  -65.23318  -66.77502 331.197623      99.96 0.0000e+00   2082.629      49984  1027.3762  1027.3751    33.9678    33.9664    8.16633         39 0.0000e+00
     16.000     15.843    -0.4602  27.881510    -0.4602  27.880248     8.3342     8.1992     2.1129    87.9081 2.0630e-02  -65.23318  -66.77502 331.197682      99.96 0.0000e+00   2087.748      50107  1027.3715  1027.3701    33.9679    33.9662    8.16632         41 0.0000e+00
     15.000     14.855    -0.4598  27.881191    -0.4599  27.879971     8.3295     8.1904     1.9053    87.9250 2.7455e-02  -65.23318  -66.77501 331.197774      99.97 0.0000e+00   2095.647      50297  1027.3665  1027.3653    33.9677    33.9661    8.16625         40 0.0000e+00
     14.000     13.863    -0.4596  27.880904    -0.4598  27.879598     8.3226     8.1936     2.0749    87.9326 5.2876e-02  -65.23318  -66.77502 331.197988      99.97 0.0000e+00   2114.192      50742  1027.3617  1027.3605    33.9677    33.9661    8.16621         36 0.0000e+00
     13.000     12.872    -0.4593  27.880534    -0.4594  27.879262     8.3207     8.2033     2.0099    87.9107 7.0871e-02  -65.23318  -66.77503 331.198017      99.97 0.0000e+00   2116.682      50801  1027.3567  1027.3555    33.9674    33.9659    8.16615         44 0.0000e+00
     12.000     11.882    -0.4594  27.879971    -0.4596  27.878791     8.3194     8.2048     1.9968    87.8888 8.4834e-02  -65.23318  -66.77502 331.198039      99.97 0.0000e+00   2118.571      50847  1027.3520  1027.3509    33.9675    33.9661    8.16619         42 0.0000e+00
     11.000     10.891    -0.4592  27.879701    -0.4594  27.878337     8.3154     8.2025     2.2706    87.9260 1.0125e-01  -65.23318  -66.77501 331.198060      99.97 0.0000e+00   2120.371      50890  1027.3472  1027.3459    33.9675    33.9658    8.16614         39 0.0000e+00
     10.000      9.900    -0.4593  27.879014    -0.4594  27.877721     8.3192     8.2034     2.3439    87.8808 1.3983e-01  -65.23318  -66.77501 331.198077      99.97 0.0000e+00   2121.847      50925  1027.3423  1027.3410    33.9673    33.9657    8.16617         26 0.0000e+00
      9.000      8.913    -0.4592  27.878593    -0.4593  27.877171     8.3302     8.2045     2.0167    87.9180 1.7426e-01  -65.23318  -66.77500 331.198089      99.96 0.0000e+00   2122.877      50950  1027.3374  1027.3360    33.9672    33.9654    8.16616         23 0.0000e+00
      8.000      7.921    -0.4592  27.878048    -0.4595  27.876567     8.3094     8.2055     1.8803    87.9056 2.0385e-01  -65.23318  -66.77500 331.198100      99.96 0.0000e+00   2123.858      50974  1027.3326  1027.3312    33.9671    33.9654    8.16616         26 0.0000e+00
      7.000      6.931    -0.4594  27.877508    -0.4596  27.876051     8.3090     8.1993     1.9522    87.8255 2.9185e-01  -65.23316  -66.77503 331.198131      99.97 0.0000e+00   2126.532      51038  1027.3278  1027.3264    33.9671    33.9654    8.16618         30 0.0000e+00
      6.000      5.942    -0.4594  27.877151    -0.4596  27.875678     8.3127     8.1967     1.8118    87.8849 3.5221e-01  -65.23316  -66.77504 331.198147      99.96 0.0000e+00   2127.857      51070  1027.3232  1027.3217    33.9673    33.9656    8.16619         18 0.0000e+00
      5.000      4.950    -0.4593  27.876448    -0.4594  27.874625     8.3218     8.1880     1.8053    87.8574 3.7221e-01  -65.23316  -66.77504 331.198155      99.97 0.0000e+00   2128.595      51087  1027.3180  1027.3162    33.9669    33.9646    8.16619         21 0.0000e+00
      4.000      3.961    -0.4592  27.876191    -0.4595  27.874231     9.2377     8.8964     1.8544    87.8685 5.8135e-01  -65.23317  -66.77503 331.198184      99.97 0.0000e+00   2131.073      51147  1027.3133  1027.3114    33.9670    33.9647    8.16615         31 0.0000e+00
      3.000      2.970    -0.4591  27.875893    -0.4594  27.874255     9.9920     9.9636     1.8343    87.8724 9.5080e-01  -65.23318  -66.77502 331.198220      99.97 0.0000e+00   2134.182      51221  1027.3087  1027.3072    33.9672    33.9653    8.16613         16 0.0000e+00
      2.000      1.982    -0.4593  27.875203    -0.4594  27.872810     9.5418     9.8998     1.8384    87.8864 1.2433e+00  -65.23317  -66.77503 331.198226      99.96 0.0000e+00   2134.754      51235  1027.3038  1027.3013    33.9670    33.9640    8.16618         15 0.0000e+00
      1.000      0.988    -0.4598  27.874176    -0.4600  27.870856     9.1167     9.7545     1.7898    87.8951 2.0690e+00  -65.23316  -66.77504 331.198233      99.97 0.0000e+00   2135.328      51249  1027.2988  1027.2955    33.9668    33.9626    8.16629         13 0.0000e+00
