NBP2113_155081_ctd/data/nbp2113_034.cnv
* Sea-Bird SBE 9 Data File:
* FileName = D:\Data\raw\NBP2113_034.hex
* Software Version Seasave V 7.26.7.121
* Temperature SN = 2438
* Conductivity SN = 2067
* Number of Bytes Per Scan = 40
* Number of Voltage Words = 5
* Number of Scans Averaged by the Deck Unit = 1
* NMEA Latitude = 64 56.01 S
* NMEA Longitude = 064 23.98 W
* NMEA UTC (Time) = Dec 08 2021  22:30:19
* NMEA baud rate = 9600
** Ship: RVIB N.B. Palmer
** Cruise: NBP2113 LTER
** Station: 600.040
** Operator: S. Blackman
# nquan = 25
# nvalues = 2628                        
# units = specified
# name 0 = prDM: Pressure, Digiquartz [db]
# name 1 = depSM: Depth [salt water, m]
# name 2 = t090C: Temperature [ITS-90, deg C]
# name 3 = c0mS/cm: Conductivity [mS/cm]
# name 4 = t190C: Temperature, 2 [ITS-90, deg C]
# name 5 = c1mS/cm: Conductivity, 2 [mS/cm]
# name 6 = sbeox0ML/L: Oxygen, SBE 43 [ml/l]
# name 7 = sbeox1ML/L: Oxygen, SBE 43, 2 [ml/l]
# name 8 = flECO-AFL: Fluorescence, WET Labs ECO-AFL/FL [mg/m^3]
# name 9 = CStarTr0: Beam Transmission, WET Labs C-Star [%]
# name 10 = par: PAR/Irradiance, Biospherical/Licor
# name 11 = latitude: Latitude [deg]
# name 12 = longitude: Longitude [deg]
# name 13 = timeJ: Julian Days
# name 14 = altM: Altimeter [m]
# name 15 = spar: SPAR, Biospherical/Licor
# name 16 = timeS: Time, Elapsed [seconds]
# name 17 = scan: Scan Count
# name 18 = density00: Density [density, kg/m^3]
# name 19 = density11: Density, 2 [density, kg/m^3]
# name 20 = sal00: Salinity, Practical [PSU]
# name 21 = sal11: Salinity, Practical, 2 [PSU]
# name 22 = oxsolML/L: Oxygen Saturation, Garcia & Gordon [ml/l]
# name 23 = nbin: number of scans per bin
# name 24 = flag: flag
# span 0 =      1.000,   1317.000       
# span 1 =      0.990,   1299.982       
# span 2 =    -1.0262,     1.4957       
# span 3 =  27.106680,  30.664402       
# span 4 =    -1.0257,     1.4957       
# span 5 =  27.105153,  30.663411       
# span 6 =     4.0267,     9.5103       
# span 7 =     4.0860,     9.9217       
# span 8 =    -0.0224,     1.7667       
# span 9 =    87.1900,    96.0513       
# span 10 = 1.0000e-12, 5.6141e+01      
# span 11 =  -64.93358,  -64.93318      
# span 12 =  -64.39988,  -64.39906      
# span 13 = 342.941235, 342.985489      
# span 14 =       6.77,     105.13      
# span 15 = 4.0512e+01, 1.3222e+02      
# span 16 =    303.694,   4127.244      
# span 17 =       7290,      99055      
# span 18 =  1026.9886,  1033.8858      
# span 19 =  1026.9870,  1033.8848      
# span 20 =    33.5529,    34.6780      
# span 21 =    33.5505,    34.6769      
# span 22 =    7.72523,    8.31412      
# span 23 =          9,         47      
# span 24 = 0.0000e+00, 0.0000e+00      
# interval = decibars: 1                
# start_time = Dec 08 2021 22:30:19 [NMEA time, header]
# bad_flag = -9.990e-29
*END*
[from data line 696]
    702.000    693.945     1.4362  30.342613     1.4359  30.341547     4.1176     4.1483    -0.0059    95.9566 1.0000e-12  -64.93332  -64.39934 342.953210      99.97 1.0577e+02   1338.323      32121  1031.0437  1031.0429    34.6717    34.6706    7.73724         15 0.0000e+00
    703.000    694.934     1.4360  30.342816     1.4357  30.341802     4.1130     4.1528    -0.0018    95.9383 1.0000e-12  -64.93332  -64.39934 342.953217      99.97 1.0577e+02   1338.981      32137  1031.0483  1031.0475    34.6717    34.6706    7.73729         16 0.0000e+00
    704.000    695.920     1.4360  30.343429     1.4357  30.342296     4.1152     4.1533     0.0032    95.9516 1.0000e-12  -64.93332  -64.39934 342.953226      99.97 1.0577e+02   1339.762      32155  1031.0531  1031.0523    34.6718    34.6707    7.73727         22 0.0000e+00
    705.000    696.908     1.4365  30.344213     1.4362  30.343104     4.1094     4.1561    -0.0044    95.9521 1.0000e-12  -64.93332  -64.39934 342.953240      99.97 1.0577e+02   1340.923      32183  1031.0577  1031.0568    34.6717    34.6706    7.73718         32 0.0000e+00
    706.000    697.894     1.4365  30.344665     1.4364  30.343549     4.1124     4.1555    -0.0143    95.9553 1.0000e-12  -64.93332  -64.39935 342.953259      99.97 1.0577e+02   1342.611      32224  1031.0623  1031.0613    34.6717    34.6705    7.73718         41 0.0000e+00
    707.000    698.880     1.4366  30.345157     1.4365  30.344110     4.1169     4.1520    -0.0008    95.9727 1.0000e-12  -64.93332  -64.39936 342.953283      99.97 1.0577e+02   1344.624      32272  1031.0669  1031.0659    34.6716    34.6704    7.73715         39 0.0000e+00
    708.000    699.867     1.4369  30.345933     1.4368  30.344954     4.1098     4.1547    -0.0059    95.9568 1.0000e-12  -64.93332  -64.39936 342.953301      99.98 1.0577e+02   1346.231      32311  1031.0716  1031.0707    34.6718    34.6707    7.73709         30 0.0000e+00
    709.000    700.855     1.4370  30.346512     1.4367  30.345472     4.1075     4.1549    -0.0128    95.9518 1.0000e-12  -64.93332  -64.39936 342.953314      99.98 1.0577e+02   1347.351      32337  1031.0764  1031.0755    34.6719    34.6708    7.73708         25 0.0000e+00
    710.000    701.840     1.4370  30.346912     1.4366  30.345732     4.1149     4.1548    -0.0137    95.9587 1.0000e-12  -64.93332  -64.39936 342.953325      99.97 1.0577e+02   1348.302      32360  1031.0810  1031.0801    34.6718    34.6708    7.73708         22 0.0000e+00
    711.000    702.828     1.4371  30.347422     1.4368  30.346287     4.1115     4.1549    -0.0058    95.9635 1.0000e-12  -64.93332  -64.39936 342.953336      99.97 1.0577e+02   1349.249      32383  1031.0856  1031.0847    34.6718    34.6707    7.73706         24 0.0000e+00
    712.000    703.814     1.4374  30.348228     1.4371  30.346986     4.1175     4.1489     0.0015    95.9679 1.0000e-12  -64.93332  -64.39936 342.953349      99.97 1.0577e+02   1350.352      32409  1031.0903  1031.0893    34.6719    34.6706    7.73699         29 0.0000e+00
    713.000    704.800     1.4376  30.348884     1.4374  30.347796     4.1071     4.1506    -0.0046    95.9614 1.0000e-12  -64.93332  -64.39936 342.953363      99.97 1.0577e+02   1351.561      32438  1031.0949  1031.0940    34.6719    34.6708    7.73694         27 0.0000e+00
    714.000    705.790     1.4376  30.349363     1.4374  30.348257     4.1092     4.1519    -0.0040    95.9777 1.0000e-12  -64.93332  -64.39936 342.953375      99.97 1.0577e+02   1352.617      32464  1031.0997  1031.0987    34.6720    34.6708    7.73695         24 0.0000e+00
    715.000    706.775     1.4374  30.349550     1.4373  30.348572     4.1076     4.1535    -0.0050    95.9616 1.0000e-12  -64.93332  -64.39936 342.953386      99.97 1.0577e+02   1353.594      32487  1031.1043  1031.1033    34.6719    34.6708    7.73699         24 0.0000e+00
    716.000    707.762     1.4372  30.349817     1.4371  30.348734     4.1057     4.1551     0.0011    95.9530 1.0000e-12  -64.93332  -64.39936 342.953399      99.98 1.0577e+02   1354.671      32513  1031.1089  1031.1079    34.6719    34.6706    7.73703         28 0.0000e+00
    717.000    708.748     1.4373  30.350270     1.4370  30.349164     4.1178     4.1551    -0.0048    95.9412 1.0000e-12  -64.93333  -64.39936 342.953415      99.98 1.0577e+02   1356.083      32547  1031.1136  1031.1126    34.6718    34.6707    7.73702         39 0.0000e+00
    718.000    709.735     1.4374  30.350810     1.4372  30.349694     4.1150     4.1548    -0.0096    95.9546 1.0000e-12  -64.93332  -64.39936 342.953435      99.97 1.0577e+02   1357.767      32587  1031.1181  1031.1172    34.6718    34.6707    7.73699         36 0.0000e+00
    719.000    710.722     1.4376  30.351427     1.4373  30.350261     4.1124     4.1574    -0.0068    95.9723 1.0000e-12  -64.93332  -64.39938 342.953451      99.97 1.0577e+02   1359.159      32621  1031.1228  1031.1219    34.6718    34.6707    7.73695         32 0.0000e+00
    720.000    711.709     1.4376  30.351879     1.4374  30.350777     4.1087     4.1550    -0.0067    95.9768 1.0000e-12  -64.93332  -64.39938 342.953465      99.97 1.0577e+02   1360.414      32651  1031.1275  1031.1265    34.6719    34.6706    7.73695         30 0.0000e+00
    721.000    712.696     1.4377  30.352428     1.4375  30.351365     4.1112     4.1481    -0.0125    95.9549 1.0000e-12  -64.93333  -64.39937 342.953479      99.97 1.0577e+02   1361.618      32680  1031.1321  1031.1312    34.6718    34.6707    7.73693         27 0.0000e+00
    722.000    713.682     1.4378  30.352995     1.4375  30.351910     4.1202     4.1517    -0.0065    95.9529 1.0000e-12  -64.93334  -64.39936 342.953492      99.97 1.0577e+02   1362.738      32707  1031.1368  1031.1359    34.6719    34.6708    7.73691         26 0.0000e+00
    723.000    714.670     1.4379  30.353580     1.4378  30.352481     4.1135     4.1518    -0.0215    95.9315 1.0000e-12  -64.93334  -64.39936 342.953504      99.97 1.0577e+02   1363.753      32731  1031.1415  1031.1405    34.6720    34.6708    7.73689         23 0.0000e+00
    724.000    715.655     1.4381  30.354242     1.4379  30.353163     4.1092     4.1538    -0.0144    95.9411 1.0000e-12  -64.93334  -64.39936 342.953515      99.97 1.0577e+02   1364.676      32753  1031.1461  1031.1453    34.6720    34.6709    7.73684         22 0.0000e+00
    725.000    716.643     1.4382  30.354725     1.4380  30.353716     4.1094     4.1541    -0.0146    95.9515 1.0000e-12  -64.93334  -64.39937 342.953525      99.97 1.0577e+02   1365.570      32775  1031.1508  1031.1499    34.6720    34.6709    7.73683         21 0.0000e+00
    726.000    717.630     1.4382  30.355179     1.4380  30.354102     4.1084     4.1554    -0.0139    95.9692 1.0000e-12  -64.93334  -64.39938 342.953536      99.97 1.0577e+02   1366.537      32798  1031.1555  1031.1545    34.6720    34.6708    7.73683         26 0.0000e+00
    727.000    718.617     1.4382  30.355656     1.4381  30.354526     4.1066     4.1548    -0.0161    95.9554 1.0000e-12  -64.93334  -64.39939 342.953553      99.97 1.0557e+02   1367.948      32832  1031.1601  1031.1591    34.6720    34.6707    7.73682         34 0.0000e+00
    728.000    719.602     1.4385  30.356247     1.4383  30.355184     4.1139     4.1512    -0.0049    95.9613 1.0000e-12  -64.93334  -64.39940 342.953576      99.97 1.0413e+02   1369.989      32881  1031.1646  1031.1637    34.6719    34.6708    7.73677         38 0.0000e+00
    729.000    720.589     1.4386  30.356768     1.4383  30.355668     4.1101     4.1512    -0.0128    95.9612 1.0000e-12  -64.93334  -64.39940 342.953591      99.97 1.0401e+02   1371.254      32911  1031.1693  1031.1684    34.6719    34.6708    7.73675         28 0.0000e+00
    730.000    721.578     1.4384  30.357065     1.4382  30.355964     4.1071     4.1534    -0.0046    95.9495 1.0000e-12  -64.93334  -64.39940 342.953604      99.97 1.0401e+02   1372.405      32939  1031.1739  1031.1730    34.6719    34.6707    7.73678         28 0.0000e+00
    731.000    722.563     1.4385  30.357560     1.4383  30.356429     4.1075     4.1527    -0.0063    95.9671 1.0000e-12  -64.93334  -64.39938 342.953619      99.98 1.0401e+02   1373.675      32969  1031.1785  1031.1776    34.6719    34.6707    7.73677         31 0.0000e+00
    732.000    723.550     1.4390  30.358480     1.4388  30.357348     4.1039     4.1536    -0.0109    95.9657 1.0000e-12  -64.93334  -64.39939 342.953633      99.97 1.0401e+02   1374.872      32998  1031.1832  1031.1823    34.6720    34.6708    7.73667         26 0.0000e+00
    733.000    724.538     1.4391  30.358904     1.4389  30.358077     4.1113     4.1538    -0.0041    95.9787 1.0000e-12  -64.93334  -64.39940 342.953644      99.97 1.0401e+02   1375.845      33021  1031.1878  1031.1872    34.6719    34.6710    7.73666         21 0.0000e+00
    734.000    725.523     1.4392  30.359629     1.4390  30.358476     4.1080     4.1549    -0.0145    95.9760 1.0000e-12  -64.93334  -64.39940 342.953654      99.97 1.0401e+02   1376.710      33042  1031.1926  1031.1917    34.6721    34.6709    7.73662         20 0.0000e+00
    735.000    726.510     1.4393  30.360176     1.4391  30.359045     4.1067     4.1554    -0.0137    95.9401 1.0000e-12  -64.93334  -64.39940 342.953664      99.97 1.0401e+02   1377.560      33062  1031.1972  1031.1963    34.6721    34.6709    7.73660         22 0.0000e+00
    736.000    727.497     1.4394  30.360825     1.4393  30.359657     4.1098     4.1560     0.0032    95.9766 1.0000e-12  -64.93334  -64.39940 342.953676      99.97 1.0401e+02   1378.630      33088  1031.2020  1031.2009    34.6722    34.6709    7.73657         31 0.0000e+00
    737.000    728.483     1.4396  30.361366     1.4395  30.360230     4.1127     4.1544    -0.0011    95.9525 1.0000e-12  -64.93334  -64.39941 342.953703      99.97 1.0401e+02   1380.960      33144  1031.2066  1031.2056    34.6722    34.6709    7.73654         36 0.0000e+00
    738.000    729.471     1.4398  30.361937     1.4395  30.360055     4.1178     4.1482    -0.0140    95.9529 1.0000e-12  -64.93334  -64.39940 342.953720      99.97 1.0401e+02   1382.426      33179  1031.2112  1031.2096    34.6721    34.6700    7.73651         25 0.0000e+00
    739.000    730.458     1.4399  30.362476     1.4396  30.361452     4.1068     4.1495    -0.0050    95.9483 1.0000e-12  -64.93334  -64.39940 342.953731      99.97 1.0401e+02   1383.328      33201  1031.2158  1031.2151    34.6721    34.6712    7.73648         20 0.0000e+00
    740.000    731.441     1.4400  30.363090     1.4397  30.361855     4.1058     4.1507    -0.0062    95.9295 1.0000e-12  -64.93334  -64.39940 342.953740      99.97 1.0401e+02   1384.137      33220  1031.2206  1031.2196    34.6722    34.6710    7.73646         19 0.0000e+00
    741.000    732.433     1.4401  30.363504     1.4399  30.362430     4.1070     4.1527    -0.0088    95.9490 1.0000e-12  -64.93334  -64.39940 342.953749      99.98 1.0401e+02   1384.934      33239  1031.2251  1031.2242    34.6721    34.6710    7.73645         20 0.0000e+00
    742.000    733.416     1.4401  30.364051     1.4399  30.362948     4.1061     4.1550    -0.0104    95.9420 1.0000e-12  -64.93334  -64.39941 342.953762      99.97 1.0401e+02   1386.044      33266  1031.2299  1031.2289    34.6723    34.6710    7.73644         33 0.0000e+00
    743.000    734.404     1.4401  30.364494     1.4400  30.363395     4.1116     4.1547     0.0004    95.9471 1.0000e-12  -64.93334  -64.39942 342.953782      99.97 1.0401e+02   1387.795      33308  1031.2345  1031.2335    34.6723    34.6710    7.73644         45 0.0000e+00
    744.000    735.390     1.4409  30.365717     1.4407  30.364510     4.1095     4.1488    -0.0134    95.9656 1.0000e-12  -64.93336  -64.39942 342.953802      99.97 1.0401e+02   1389.515      33349  1031.2392  1031.2382    34.6724    34.6711    7.73628         37 0.0000e+00
    745.000    736.378     1.4416  30.366665     1.4413  30.365610     4.1028     4.1470    -0.0068    95.9704 1.0000e-12  -64.93336  -64.39942 342.953819      99.97 1.0401e+02   1390.956      33384  1031.2437  1031.2428    34.6723    34.6712    7.73615         31 0.0000e+00
    746.000    737.362     1.4426  30.368271     1.4424  30.367214     4.1079     4.1500    -0.0214    95.9525 1.0000e-12  -64.93336  -64.39942 342.953832      99.97 1.0401e+02   1392.067      33411  1031.2485  1031.2476    34.6727    34.6715    7.73594         23 0.0000e+00
    747.000    738.350     1.4426  30.368679     1.4425  30.367873     4.1049     4.1437    -0.0209    95.9438 1.0000e-12  -64.93336  -64.39942 342.953842      99.97 1.0401e+02   1392.941      33432  1031.2531  1031.2524    34.6726    34.6717    7.73593         20 0.0000e+00
    748.000    739.338     1.4430  30.369487     1.4426  30.368508     4.1022     4.1438    -0.0185    95.9453 1.0000e-12  -64.93336  -64.39941 342.953851      99.97 1.0401e+02   1393.711      33450  1031.2578  1031.2571    34.6726    34.6718    7.73585         17 0.0000e+00
    749.000    740.323     1.4431  30.369894     1.4427  30.368997     4.0975     4.1472    -0.0137    95.9331 1.0000e-12  -64.93336  -64.39940 342.953859      99.97 1.0401e+02   1394.420      33467  1031.2624  1031.2618    34.6725    34.6718    7.73585         17 0.0000e+00
    750.000    741.310     1.4428  30.370223     1.4425  30.369217     4.1000     4.1461    -0.0001    95.9447 1.0000e-12  -64.93336  -64.39942 342.953867      99.97 1.0401e+02   1395.099      33483  1031.2671  1031.2664    34.6727    34.6717    7.73589         16 0.0000e+00
    751.000    742.299     1.4430  30.370685     1.4426  30.369742     4.1009     4.1502    -0.0011    95.9491 1.0000e-12  -64.93335  -64.39942 342.953876      99.97 1.0401e+02   1395.862      33502  1031.2716  1031.2710    34.6725    34.6716    7.73586         21 0.0000e+00
    752.000    743.284     1.4433  30.371654     1.4430  30.370519     4.1034     4.1490    -0.0040    95.9449 1.0000e-12  -64.93335  -64.39943 342.953902      99.97 1.0401e+02   1398.136      33556  1031.2765  1031.2756    34.6728    34.6716    7.73579         32 0.0000e+00
    753.000    744.270     1.4435  30.372093     1.4432  30.371094     4.1019     4.1435    -0.0052    95.9533 1.0000e-12  -64.93336  -64.39944 342.953940      99.98 1.0401e+02   1401.413      33635  1031.2810  1031.2802    34.6726    34.6716    7.73576         26 0.0000e+00
    754.000    745.256     1.4441  30.373277     1.4438  30.372340     4.1061     4.1434    -0.0044    95.9503 1.0000e-12  -64.93338  -64.39942 342.953950      99.97 1.0401e+02   1402.230      33655  1031.2858  1031.2851    34.6728    34.6720    7.73562         20 0.0000e+00
    755.000    746.244     1.4444  30.374066     1.4440  30.373012     4.1011     4.1425    -0.0043    95.9423 1.0000e-12  -64.93338  -64.39942 342.953958      99.97 1.0401e+02   1402.996      33673  1031.2904  1031.2898    34.6730    34.6721    7.73556         17 0.0000e+00
    756.000    747.228     1.4451  30.375244     1.4447  30.374146     4.1053     4.1468    -0.0063    95.9287 1.0000e-12  -64.93338  -64.39942 342.953966      99.97 1.0401e+02   1403.675      33689  1031.2952  1031.2945    34.6732    34.6722    7.73542         15 0.0000e+00
    757.000    748.219     1.4452  30.375876     1.4448  30.374839     4.1072     4.1471    -0.0059    95.9303 1.0000e-12  -64.93338  -64.39942 342.953974      99.97 1.0401e+02   1404.317      33705  1031.2999  1031.2992    34.6733    34.6724    7.73538         16 0.0000e+00
    758.000    749.203     1.4452  30.376415     1.4449  30.375324     4.0972     4.1462    -0.0127    95.8709 1.0000e-12  -64.93338  -64.39942 342.953981      99.97 1.0401e+02   1404.985      33721  1031.3046  1031.3038    34.6733    34.6723    7.73537         17 0.0000e+00
