NBP2113_155081_ctd/data/nbp2113_021.cnv
* Sea-Bird SBE 9 Data File:
* FileName = D:\Data\raw\NBP2113_021.hex
* Software Version Seasave V 7.26.7.121
* Temperature SN = 2438
* Conductivity SN = 2067
* Number of Bytes Per Scan = 40
* Number of Voltage Words = 5
* Number of Scans Averaged by the Deck Unit = 1
* NMEA Latitude = 68 01.86 S
* NMEA Longitude = 069 17.12 W
* NMEA UTC (Time) = Nov 30 2021  19:30:12
* NMEA baud rate = 9600
** Ship: RVIB N.B. Palmer
** Cruise: NBP2113 LTER
** Station: 200.-040
** Operator: S. Blackman
# nquan = 25
# nvalues = 914                         
# units = specified
# name 0 = prDM: Pressure, Digiquartz [db]
# name 1 = depSM: Depth [salt water, m]
# name 2 = t090C: Temperature [ITS-90, deg C]
# name 3 = c0mS/cm: Conductivity [mS/cm]
# name 4 = t190C: Temperature, 2 [ITS-90, deg C]
# name 5 = c1mS/cm: Conductivity, 2 [mS/cm]
# name 6 = sbeox0ML/L: Oxygen, SBE 43 [ml/l]
# name 7 = sbeox1ML/L: Oxygen, SBE 43, 2 [ml/l]
# name 8 = flECO-AFL: Fluorescence, WET Labs ECO-AFL/FL [mg/m^3]
# name 9 = CStarTr0: Beam Transmission, WET Labs C-Star [%]
# name 10 = par: PAR/Irradiance, Biospherical/Licor
# name 11 = latitude: Latitude [deg]
# name 12 = longitude: Longitude [deg]
# name 13 = timeJ: Julian Days
# name 14 = altM: Altimeter [m]
# name 15 = spar: SPAR, Biospherical/Licor
# name 16 = timeS: Time, Elapsed [seconds]
# name 17 = scan: Scan Count
# name 18 = density00: Density [density, kg/m^3]
# name 19 = density11: Density, 2 [density, kg/m^3]
# name 20 = sal00: Salinity, Practical [PSU]
# name 21 = sal11: Salinity, Practical, 2 [PSU]
# name 22 = oxsolML/L: Oxygen Saturation, Garcia & Gordon [ml/l]
# name 23 = nbin: number of scans per bin
# name 24 = flag: flag
# span 0 =      1.000,    459.000       
# span 1 =      0.988,    453.904       
# span 2 =    -1.2803,     1.3801       
# span 3 =  27.108473,  30.203759       
# span 4 =    -1.2737,     1.3800       
# span 5 =  27.113114,  30.202781       
# span 6 =     3.9917,     9.8232       
# span 7 =     4.0604,     8.5191       
# span 8 =    -0.0166,     3.5829       
# span 9 =    85.6744,    97.2905       
# span 10 = -8.041e-05, 3.6841e+02      
# span 11 =  -68.03110,  -68.03060      
# span 12 =  -69.28626,  -69.28527      
# span 13 = 334.815845, 334.831107      
# span 14 =     -30.96,     105.42      
# span 15 = 2.8733e+02, 3.2790e+02      
# span 16 =    277.038,   1595.678      
# span 17 =       6650,      38297      
# span 18 =  1027.1700,  1029.9327      
# span 19 =  1027.1686,  1029.9317      
# span 20 =    33.7926,    34.6952      
# span 21 =    33.7910,    34.6943      
# span 22 =    7.74703,    8.35462      
# span 23 =         11,         49      
# span 24 = 0.0000e+00, 0.0000e+00      
# interval = decibars: 1                
# start_time = Nov 30 2021 19:30:12 [NMEA time, header]
# bad_flag = -9.990e-29
*END*
[from data line 870]
     44.000     43.555    -1.2116  27.183177    -1.2491  27.144110     7.9184     8.0224     1.1288    92.1507 4.1175e-01  -68.03098  -69.28544 334.830174      99.97 2.9264e+02   1515.057      36362  1027.4430  1027.4359    33.8489    33.8377    8.33792         34 0.0000e+00
     43.000     42.566    -1.2455  27.148532    -1.2317  27.158104     7.9198     8.0337     1.2186    92.1527 4.2824e-01  -68.03098  -69.28544 334.830192      99.97 2.9264e+02   1516.579      36399  1027.4325  1027.4294    33.8404    33.8378    8.34599         35 0.0000e+00
     42.000     41.576    -1.2597  27.130301    -1.2562  27.132283     7.9560     8.0231     1.2353    92.3765 4.6028e-01  -68.03098  -69.28544 334.830208      99.97 2.9264e+02   1517.929      36431  1027.4212  1027.4198    33.8320    33.8308    8.34965         31 0.0000e+00
     41.000     40.586    -1.2803  27.108473    -1.2687  27.120738     7.9873     8.0424     1.1638    92.3723 5.1902e-01  -68.03098  -69.28542 334.830224      99.97 2.9264e+02   1519.333      36465  1027.4121  1027.4143    33.8260    33.8297    8.35462         36 0.0000e+00
     40.000     39.596    -1.2620  27.120156    -1.2635  27.122430     8.0590     8.0900     1.1495    92.3003 5.9944e-01  -68.03098  -69.28542 334.830241      99.97 2.9264e+02   1520.823      36501  1027.4022  1027.4062    33.8219    33.8267    8.35076         33 0.0000e+00
     39.000     38.606    -1.2509  27.122932    -1.2547  27.118866     8.0680     8.1204     1.1756    92.3605 7.0414e-01  -68.03098  -69.28541 334.830255      99.97 2.9243e+02   1522.054      36530  1027.3898  1027.3890    33.8138    33.8125    8.34876         25 0.0000e+00
     38.000     37.616    -1.2312  27.134623    -1.2377  27.129886     8.0545     8.1049     1.1553    92.2870 8.3067e-01  -68.03098  -69.28540 334.830268      99.97 2.9123e+02   1523.138      36556  1027.3790  1027.3800    33.8082    33.8090    8.34469         26 0.0000e+00
     37.000     36.627    -1.2316  27.135849    -1.2268  27.139371     8.0267     8.1168     1.2500    92.0416 9.8398e-01  -68.03098  -69.28542 334.830282      99.97 2.9089e+02   1524.349      36585  1027.3763  1027.3756    33.8109    33.8104    8.34461         34 0.0000e+00
     36.000     35.636    -1.2351  27.139109    -1.2318  27.139125     8.0031     8.1003     1.5762    91.5912 1.1065e+00  -68.03098  -69.28543 334.830300      99.97 2.9088e+02   1525.919      36623  1027.3790  1027.3757    33.8200    33.8163    8.34486         39 0.0000e+00
     35.000     34.647    -1.2289  27.142192    -1.2184  27.149981     8.0682     8.1330     1.6428    91.0433 1.1534e+00  -68.03098  -69.28544 334.830320      99.97 2.9088e+02   1527.643      36664  1027.3718  1027.3703    33.8178    33.8166    8.34360         41 0.0000e+00
     34.000     33.657    -1.2223  27.145089    -1.2103  27.151136     8.2547     8.2092     1.5756    90.7971 1.2250e+00  -68.03098  -69.28544 334.830343      99.97 2.9088e+02   1529.637      36712  1027.3642  1027.3593    33.8150    33.8097    8.34231         43 0.0000e+00
     33.000     32.667    -1.0623  27.271571    -1.1118  27.226958     8.3019     8.2244     1.7191    90.5159 1.3758e+00  -68.03096  -69.28543 334.830363      99.97 2.9088e+02   1531.393      36754  1027.3439  1027.3430    33.8081    33.8030    8.30716         41 0.0000e+00
     32.000     31.677    -0.8861  27.413026    -1.0247  27.301736     8.3693     8.3188     1.5971    90.2411 1.6921e+00  -68.03098  -69.28540 334.830399      99.97 2.9034e+02   1534.442      36828  1027.3256  1027.3373    33.8032    33.8076    8.26854         40 0.0000e+00
     31.000     30.689    -0.8461  27.443824    -0.9402  27.363030     8.3903     8.3803     1.5824    88.8540 2.1185e+00  -68.03098  -69.28542 334.830433      99.97 2.8906e+02   1537.383      36898  1027.3186  1027.3203    33.8006    33.7966    8.25989         28 0.0000e+00
     30.000     29.697    -0.8727  27.423842    -0.8627  27.433015     8.3944     8.4315     1.5454    88.9064 2.4138e+00  -68.03098  -69.28544 334.830444      99.97 2.8911e+02   1538.343      36921  1027.3188  1027.3174    33.8040    33.8052    8.26555         23 0.0000e+00
     29.000     28.708    -0.7819  27.495316    -0.7675  27.506068     8.4057     8.4371     1.9815    87.6446 2.6834e+00  -68.03098  -69.28546 334.830455      99.97 2.8980e+02   1539.307      36944  1027.3052  1027.3016    33.7997    33.7981    8.24588         25 0.0000e+00
     28.000     27.717    -0.7934  27.485388    -0.7967  27.481211     8.3633     8.4165     2.4293    87.2525 2.8566e+00  -68.03098  -69.28544 334.830470      99.97 2.9083e+02   1540.572      36975  1027.3020  1027.2998    33.7997    33.7977    8.24839         33 0.0000e+00
     27.000     26.728    -0.8480  27.437603    -0.7980  27.480828     8.3006     8.4163     2.3367    87.4323 3.0717e+00  -68.03098  -69.28542 334.830519      99.97 2.8930e+02   1544.827      37077  1027.3008  1027.2988    33.7968    33.7993    8.26053         31 0.0000e+00
     26.000     25.738    -0.8543  27.432082    -0.8038  27.472613     8.3332     8.4262     2.2007    87.5545 3.8278e+00  -68.03098  -69.28540 334.830542      99.96 2.8911e+02   1546.803      37124  1027.2969  1027.2922    33.7970    33.7954    8.26189         42 0.0000e+00
     25.000     24.748    -0.8353  27.447516    -0.7998  27.477218     8.3761     8.4547     2.3516    87.1676 4.6114e+00  -68.03096  -69.28541 334.830564      99.97 2.8911e+02   1548.735      37171  1027.2912  1027.2895    33.7972    33.7977    8.25772         35 0.0000e+00
     24.000     23.759    -0.7672  27.503280    -0.7613  27.506869     8.4271     8.4747     2.2780    87.1073 5.0698e+00  -68.03096  -69.28542 334.830580      99.97 2.8911e+02   1550.139      37204  1027.2820  1027.2805    33.7970    33.7953    8.24281         28 0.0000e+00
     23.000     22.768    -0.7602  27.508379    -0.7492  27.515579     8.4324     8.4832     2.4623    86.7860 5.4879e+00  -68.03096  -69.28544 334.830593      99.96 2.8911e+02   1551.205      37230  1027.2768  1027.2744    33.7967    33.7942    8.24130         25 0.0000e+00
     22.000     21.778    -0.7467  27.517914    -0.7442  27.518907     8.4243     8.4830     2.8080    86.4677 6.0205e+00  -68.03096  -69.28544 334.830607      99.97 2.8911e+02   1552.434      37259  1027.2702  1027.2692    33.7951    33.7936    8.23844         33 0.0000e+00
     21.000     20.789    -0.7509  27.514133    -0.7506  27.513121     8.3933     8.4821     2.7379    86.3626 7.4700e+00  -68.03096  -69.28541 334.830658      99.96 2.8911e+02   1556.858      37366  1027.2669  1027.2657    33.7953    33.7936    8.23934         26 0.0000e+00
     20.000     19.798    -0.7472  27.516329    -0.7499  27.513050     8.4162     8.4785     2.6733    86.1149 8.9385e+00  -68.03096  -69.28540 334.830685      99.97 2.8911e+02   1559.150      37421  1027.2619  1027.2610    33.7948    33.7934    8.23858         24 0.0000e+00
     19.000     18.810    -0.7456  27.517325    -0.7456  27.515918     8.4217     8.4756     2.7189    86.1467 1.0502e+01  -68.03096  -69.28540 334.830695      99.97 2.8911e+02   1560.082      37443  1027.2572  1027.2557    33.7949    33.7930    8.23821         20 0.0000e+00
     18.000     17.818    -0.7449  27.517157    -0.7445  27.515590     8.4052     8.4801     2.6696    86.1457 1.2119e+01  -68.03096  -69.28541 334.830705      99.96 2.8911e+02   1560.932      37463  1027.2521  1027.2501    33.7945    33.7920    8.23808         22 0.0000e+00
     17.000     16.831    -0.7455  27.515818    -0.7451  27.514702     8.4010     8.4787     2.4773    86.0281 1.3494e+01  -68.03096  -69.28542 334.830719      99.97 2.8911e+02   1562.135      37492  1027.2471  1027.2456    33.7941    33.7921    8.23825         32 0.0000e+00
     16.000     15.840    -0.7459  27.515102    -0.7464  27.513479     8.4065     8.4957     2.7246    85.9694 1.5753e+01  -68.03096  -69.28542 334.830771      99.97 2.8911e+02   1566.593      37599  1027.2428  1027.2415    33.7942    33.7925    8.23833         38 0.0000e+00
     15.000     14.850    -0.7454  27.515004    -0.7459  27.513520     8.4169     8.4976     2.7580    86.1044 1.8714e+01  -68.03094  -69.28542 334.830789      99.96 2.8911e+02   1568.187      37637  1027.2380  1027.2368    33.7941    33.7926    8.23823         33 0.0000e+00
     14.000     13.858    -0.7454  27.514277    -0.7455  27.512891     8.4265     8.4998     2.5987    86.0277 2.0734e+01  -68.03094  -69.28541 334.830808      99.97 2.8911e+02   1569.784      37676  1027.2329  1027.2315    33.7937    33.7920    8.23825         39 0.0000e+00
     13.000     12.868    -0.7453  27.513746    -0.7453  27.512396     8.4087     8.5047     2.9800    85.9577 2.5715e+01  -68.03094  -69.28541 334.830839      99.97 2.8911e+02   1572.521      37741  1027.2280  1027.2265    33.7935    33.7916    8.23824         34 0.0000e+00
     12.000     11.881    -0.7449  27.513388    -0.7447  27.512135     8.4161     8.5096     2.8491    85.9179 3.0300e+01  -68.03094  -69.28544 334.830858      99.97 2.8911e+02   1574.094      37779  1027.2230  1027.2214    33.7932    33.7912    8.23817         28 0.0000e+00
     11.000     10.890    -0.7445  27.512815    -0.7447  27.511561     8.4188     8.5047     2.7410    85.8365 3.3871e+01  -68.03094  -69.28544 334.830870      99.96 2.8911e+02   1575.209      37806  1027.2176  1027.2165    33.7926    33.7911    8.23812         28 0.0000e+00
     10.000      9.899    -0.7445  27.512471    -0.7447  27.511211     8.3982     8.5096     2.6242    85.6770 3.9307e+01  -68.03094  -69.28544 334.830899      94.94 2.8836e+02   1577.661      37865  1027.2130  1027.2118    33.7927    33.7912    8.23811         42 0.0000e+00
      9.000      8.910    -0.7445  27.512000    -0.7447  27.510690     8.3901     8.5145     2.4896    85.7640 4.6605e+01  -68.03093  -69.28544 334.830937      13.12 2.8733e+02   1580.945      37944  1027.2082  1027.2070    33.7927    33.7911    8.23811         25 0.0000e+00
      8.000      7.921    -0.7440  27.511897    -0.7442  27.510605     8.4903     8.4952     2.3765    85.7921 5.4754e+01  -68.03092  -69.28543 334.830947      98.10 2.8735e+02   1581.812      37964  1027.2033  1027.2021    33.7926    33.7911    8.23800         21 0.0000e+00
      7.000      6.930    -0.7438  27.511579    -0.7441  27.510331     8.9141     8.4917     2.4156    85.8114 6.5146e+01  -68.03092  -69.28542 334.830962      99.97 2.8735e+02   1583.135      37996  1027.1985  1027.1974    33.7926    33.7912    8.23796         33 0.0000e+00
      6.000      5.941    -0.7433  27.511558    -0.7428  27.510945     8.5218     8.5092     2.4406    85.7867 7.3380e+01  -68.03094  -69.28541 334.831009      99.97 2.8735e+02   1587.187      38093  1027.1938  1027.1926    33.7926    33.7912    8.23785         29 0.0000e+00
      5.000      4.948    -0.7435  27.511146    -0.7434  27.509987     8.4689     8.5111     2.3922    85.7312 8.8136e+01  -68.03093  -69.28542 334.831018      99.96 2.8735e+02   1587.940      38112  1027.1892  1027.1878    33.7929    33.7912    8.23787         23 0.0000e+00
      4.000      3.960    -0.7431  27.510856    -0.7429  27.510004     8.6567     8.5059     2.5401    85.7156 1.1238e+02  -68.03092  -69.28543 334.831032      82.47 2.8735e+02   1589.191      38142  1027.1843  1027.1830    33.7927    33.7912    8.23781         37 0.0000e+00
      3.000      2.973    -0.7425  27.510890    -0.7428  27.509677     9.8232     8.5081     2.4444    85.6847 1.3475e+02  -68.03092  -69.28544 334.831056      77.57 2.8735e+02   1591.274      38192  1027.1794  1027.1783    33.7927    33.7913    8.23768         36 0.0000e+00
      2.000      1.979    -0.7414  27.511396    -0.7418  27.509798 -9.990e-29 -9.990e-29     2.4434    85.8473 1.5486e+02  -68.03092  -69.28544 334.831093      86.35 2.8735e+02   1594.406      38267  1027.1746  1027.1732    33.7927    33.7910    8.23743         33 0.0000e+00
      1.000      0.988    -0.7431  27.509634    -0.7433  27.508211 -9.990e-29 -9.990e-29     2.4523    85.8570 3.6841e+02  -68.03092  -69.28544 334.831107     105.42 2.8735e+02   1595.678      38297  1027.1700  1027.1686    33.7928    33.7911    8.23779         15 0.0000e+00
