NBP2113_155081_ctd/data/nbp2113_008.cnv
* Sea-Bird SBE 9 Data File:
* FileName = D:\Data\raw\NBP2113_008.hex
* Software Version Seasave V 7.26.7.121
* Temperature SN = 2438
* Conductivity SN = 2067
* Number of Bytes Per Scan = 40
* Number of Voltage Words = 5
* Number of Scans Averaged by the Deck Unit = 1
* NMEA Latitude = 64 55.99 S
* NMEA Longitude = 064 24.05 W
* NMEA UTC (Time) = Nov 25 2021  04:33:36
* NMEA baud rate = 9600
** Ship: RVIB N.B. Palmer
** Cruise: NBP2113 LTER
** Station: 600.040
** Operator: B. Urmston
# nquan = 25
# nvalues = 2591                        
# units = specified
# name 0 = prDM: Pressure, Digiquartz [db]
# name 1 = depSM: Depth [salt water, m]
# name 2 = t090C: Temperature [ITS-90, deg C]
# name 3 = c0mS/cm: Conductivity [mS/cm]
# name 4 = t190C: Temperature, 2 [ITS-90, deg C]
# name 5 = c1mS/cm: Conductivity, 2 [mS/cm]
# name 6 = sbeox0ML/L: Oxygen, SBE 43 [ml/l]
# name 7 = sbeox1ML/L: Oxygen, SBE 43, 2 [ml/l]
# name 8 = flECO-AFL: Fluorescence, WET Labs ECO-AFL/FL [mg/m^3]
# name 9 = CStarTr0: Beam Transmission, WET Labs C-Star [%]
# name 10 = par: PAR/Irradiance, Biospherical/Licor
# name 11 = latitude: Latitude [deg]
# name 12 = longitude: Longitude [deg]
# name 13 = timeJ: Julian Days
# name 14 = altM: Altimeter [m]
# name 15 = spar: SPAR, Biospherical/Licor
# name 16 = timeS: Time, Elapsed [seconds]
# name 17 = scan: Scan Count
# name 18 = density00: Density [density, kg/m^3]
# name 19 = density11: Density, 2 [density, kg/m^3]
# name 20 = sal00: Salinity, Practical [PSU]
# name 21 = sal11: Salinity, Practical, 2 [PSU]
# name 22 = oxsolML/L: Oxygen Saturation, Garcia & Gordon [ml/l]
# name 23 = nbin: number of scans per bin
# name 24 = flag: flag
# span 0 =      1.000,   1296.000       
# span 1 =      0.991,   1279.310       
# span 2 =    -0.7757,     1.4983       
# span 3 =  27.458468,  30.658622       
# span 4 =    -0.7751,     1.4984       
# span 5 =  27.458170,  30.657683       
# span 6 =     4.0496,     8.2724       
# span 7 =     4.0872,     8.1826       
# span 8 =    -0.0226,     1.5457       
# span 9 =    91.7954,    98.1822       
# span 10 = 1.0000e-12, 5.7581e+00      
# span 11 =  -64.93344,  -64.93258      
# span 12 =  -64.40234,  -64.40134      
# span 13 = 329.193839, 329.241351      
# span 14 =       8.09,     100.21      
# span 15 = 0.0000e+00, 0.0000e+00      
# span 16 =    331.755,   4436.767      
# span 17 =       7963,     106483      
# span 18 =  1027.1448,  1033.7898      
# span 19 =  1027.1439,  1033.7883      
# span 20 =    33.7600,    34.6787      
# span 21 =    33.7590,    34.6773      
# span 22 =    7.72468,    8.24682      
# span 23 =          3,         51      
# span 24 = 0.0000e+00, 0.0000e+00      
# interval = decibars: 1                
# start_time = Nov 25 2021 04:33:36 [NMEA time, header]
# bad_flag = -9.990e-29
*END*
[from data line 174]
    175.000    173.212     0.6143  29.249710     0.6148  29.248669     5.2770     5.2292     0.0139    97.8447 1.0000e-12  -64.93300  -64.40184 329.198487      99.98 0.0000e+00    733.230      17599  1028.4810  1028.4794    34.4807    34.4788    7.91220         20 0.0000e+00
    176.000    174.202     0.6192  29.255631     0.6198  29.254619     5.2572     5.2239     0.0213    97.8607 1.0000e-12  -64.93300  -64.40184 329.198497      99.98 0.0000e+00    734.108      17620  1028.4867  1028.4851    34.4823    34.4804    7.91110         22 0.0000e+00
    177.000    175.192     0.6228  29.259941     0.6234  29.258790     5.2459     5.2155     0.0253    97.8574 1.0000e-12  -64.93300  -64.40184 329.198508      99.98 0.0000e+00    735.134      17644  1028.4921  1028.4903    34.4834    34.4812    7.91032         27 0.0000e+00
    178.000    176.180     0.6280  29.266403     0.6282  29.265060     5.2512     5.2103     0.0337    97.8523 1.0000e-12  -64.93300  -64.40185 329.198529      99.98 0.0000e+00    736.934      17687  1028.4982  1028.4966    34.4854    34.4834    7.90914         43 0.0000e+00
    179.000    177.170     0.6289  29.267973     0.6291  29.266786     5.2462     5.1916     0.0218    97.8605 1.0000e-12  -64.93300  -64.40186 329.198556      99.98 0.0000e+00    739.216      17742  1028.5034  1028.5021    34.4858    34.4841    7.90893         33 0.0000e+00
    180.000    178.159     0.6272  29.267716     0.6280  29.267217     5.2203     5.1722     0.0202    97.8595 1.0000e-12  -64.93300  -64.40184 329.198567      99.98 0.0000e+00    740.206      17766  1028.5092  1028.5079    34.4868    34.4853    7.90923         22 0.0000e+00
    181.000    179.148     0.6317  29.273478     0.6332  29.273519     5.2104     5.1567     0.0045    97.9011 1.0000e-12  -64.93300  -64.40186 329.198577      99.98 0.0000e+00    741.018      17785  1028.5151  1028.5136    34.4887    34.4871    7.90821         18 0.0000e+00
    182.000    180.137     0.6481  29.290672     0.6477  29.288807     5.1946     5.1519     0.0054    97.8908 1.0000e-12  -64.93300  -64.40185 329.198586      99.98 0.0000e+00    741.797      17804  1028.5212  1028.5197    34.4922    34.4903    7.90467         19 0.0000e+00
    183.000    181.127     0.6542  29.297908     0.6543  29.296445     5.1973     5.1518     0.0043    97.9212 1.0000e-12  -64.93300  -64.40185 329.198596      99.98 0.0000e+00    742.680      17825  1028.5271  1028.5255    34.4943    34.4922    7.90332         25 0.0000e+00
    184.000    182.116     0.6550  29.299326     0.6545  29.297328     5.1948     5.1479     0.0054    97.9306 1.0000e-12  -64.93300  -64.40185 329.198611      99.98 0.0000e+00    743.983      17857  1028.5322  1028.5306    34.4946    34.4925    7.90313         39 0.0000e+00
    185.000    183.105     0.6566  29.301294     0.6562  29.299460     5.1936     5.1479     0.0170    97.9371 1.0000e-12  -64.93300  -64.40186 329.198631      99.98 0.0000e+00    745.736      17899  1028.5372  1028.5356    34.4948    34.4928    7.90280         36 0.0000e+00
    186.000    184.095     0.6573  29.302375     0.6572  29.300991     5.2071     5.1492     0.0189    97.9540 1.0000e-12  -64.93300  -64.40188 329.198648      99.98 0.0000e+00    747.185      17933  1028.5420  1028.5406    34.4948    34.4931    7.90266         30 0.0000e+00
    187.000    185.084     0.6571  29.302677     0.6572  29.301461     5.1750     5.1310     0.0058    97.9645 1.0000e-12  -64.93300  -64.40186 329.198661      99.98 0.0000e+00    748.308      17960  1028.5468  1028.5454    34.4948    34.4931    7.90268         25 0.0000e+00
    188.000    186.073     0.6590  29.305366     0.6598  29.304694     5.1502     5.1118     0.0063    97.9732 1.0000e-12  -64.93298  -64.40186 329.198673      99.98 0.0000e+00    749.349      17985  1028.5521  1028.5506    34.4956    34.4939    7.90226         26 0.0000e+00
    189.000    187.063     0.6929  29.339125     0.6915  29.337917     5.1225     5.0967     0.0025    97.9235 1.0000e-12  -64.93298  -64.40186 329.198685      99.98 0.0000e+00    750.421      18011  1028.5595  1028.5578    34.5028    34.5006    7.89498         26 0.0000e+00
    190.000    188.052     0.7095  29.357163     0.7097  29.355964     5.1292     5.0913     0.0048    97.9674 1.0000e-12  -64.93300  -64.40186 329.198699      99.98 0.0000e+00    751.555      18038  1028.5651  1028.5636    34.5056    34.5037    7.89144         28 0.0000e+00
    191.000    189.041     0.7182  29.366152     0.7193  29.365632     5.1112     5.0869     0.0142    97.9992 1.0000e-12  -64.93300  -64.40187 329.198712      99.98 0.0000e+00    752.698      18066  1028.5704  1028.5687    34.5070    34.5051    7.88960         27 0.0000e+00
    192.000    190.031     0.7230  29.371109     0.7235  29.370147     5.1271     5.0837     0.0143    97.9910 1.0000e-12  -64.93300  -64.40188 329.198725      99.98 0.0000e+00    753.815      18093  1028.5752  1028.5738    34.5074    34.5056    7.88859         27 0.0000e+00
    193.000    191.019     0.7274  29.375844     0.7275  29.374458     5.1087     5.0736     0.0143    97.9772 1.0000e-12  -64.93299  -64.40188 329.198738      99.98 0.0000e+00    754.961      18120  1028.5803  1028.5788    34.5081    34.5062    7.88766         28 0.0000e+00
    194.000    192.010     0.7323  29.381069     0.7319  29.379260     5.1005     5.0576     0.0143    97.9602 1.0000e-12  -64.93298  -64.40188 329.198753      99.98 0.0000e+00    756.255      18151  1028.5854  1028.5839    34.5089    34.5069    7.88664         32 0.0000e+00
    195.000    192.999     0.7520  29.401080     0.7493  29.397301     5.0732     5.0391     0.0190    97.9827 1.0000e-12  -64.93298  -64.40188 329.198771      99.98 0.0000e+00    757.793      18188  1028.5914  1028.5901    34.5124    34.5105    7.88245         36 0.0000e+00
    196.000    193.986     0.7737  29.422186     0.7739  29.421277     5.0445     5.0228     0.0101    97.9696 1.0000e-12  -64.93298  -64.40188 329.198787      99.98 0.0000e+00    759.209      18222  1028.5965  1028.5953    34.5150    34.5136    7.87790         28 0.0000e+00
    197.000    194.977     0.7870  29.435669     0.7858  29.433078     5.0300     5.0120     0.0063    97.9675 1.0000e-12  -64.93298  -64.40188 329.198800      99.98 0.0000e+00    760.330      18249  1028.6019  1028.6004    34.5171    34.5151    7.87509         25 0.0000e+00
    198.000    195.967     0.7911  29.440800     0.7915  29.439702     5.0435     5.0138     0.0036    97.9439 1.0000e-12  -64.93298  -64.40188 329.198811      99.98 0.0000e+00    761.307      18272  1028.6076  1028.6061    34.5185    34.5167    7.87417         22 0.0000e+00
    199.000    196.954     0.7857  29.436917     0.7861  29.435890     5.0552     5.0137     0.0006    97.9591 1.0000e-12  -64.93298  -64.40188 329.198823      99.98 0.0000e+00    762.270      18295  1028.6134  1028.6119    34.5189    34.5171    7.87525         24 0.0000e+00
    200.000    197.946     0.7834  29.435402     0.7835  29.434086     5.0508     5.0079     0.0068    97.9361 1.0000e-12  -64.93298  -64.40188 329.198834      99.98 0.0000e+00    763.289      18320  1028.6185  1028.6171    34.5190    34.5172    7.87571         26 0.0000e+00
    201.000    198.934     0.7848  29.437323     0.7870  29.438183     5.0504     5.0031     0.0069    97.9314 1.0000e-12  -64.93298  -64.40189 329.198848      99.98 0.0000e+00    764.454      18348  1028.6236  1028.6222    34.5193    34.5180    7.87541         30 0.0000e+00
    202.000    199.923     0.7962  29.448955     0.7966  29.447866     5.0444     5.0021     0.0069    97.9419 1.0000e-12  -64.93298  -64.40190 329.198864      99.98 0.0000e+00    765.840      18381  1028.6288  1028.6273    34.5211    34.5192    7.87301         36 0.0000e+00
    203.000    200.911     0.7958  29.449162     0.7963  29.448285     5.0348     4.9942     0.0124    97.9370 1.0000e-12  -64.93298  -64.40190 329.198881      99.98 0.0000e+00    767.329      18417  1028.6339  1028.6325    34.5212    34.5195    7.87308         34 0.0000e+00
    204.000    201.902     0.7912  29.445839     0.7920  29.445239     5.0238     4.9805     0.0135    97.9496 1.0000e-12  -64.93298  -64.40190 329.198896      99.98 0.0000e+00    768.628      18448  1028.6394  1028.6380    34.5215    34.5198    7.87401         28 0.0000e+00
    205.000    202.890     0.7950  29.450106     0.7948  29.448520     5.0052     4.9645    -0.0008    97.9572 1.0000e-12  -64.93298  -64.40190 329.198909      99.98 0.0000e+00    769.715      18474  1028.6444  1028.6430    34.5222    34.5203    7.87319         25 0.0000e+00
    206.000    203.881     0.8119  29.467455     0.8121  29.466235     4.9740     4.9448     0.0066    97.9656 1.0000e-12  -64.93298  -64.40190 329.198921      99.98 0.0000e+00    770.731      18499  1028.6501  1028.6486    34.5253    34.5234    7.86961         24 0.0000e+00
    207.000    204.868     0.8278  29.483799     0.8277  29.482265     4.9486     4.9252    -0.0004    97.9757 1.0000e-12  -64.93298  -64.40190 329.198933      99.98 0.0000e+00    771.794      18524  1028.6558  1028.6543    34.5282    34.5263    7.86623         27 0.0000e+00
    208.000    205.858     0.8502  29.506020     0.8500  29.504424     4.9204     4.9081     0.0062    97.9754 1.0000e-12  -64.93298  -64.40190 329.198947      99.98 0.0000e+00    773.035      18554  1028.6613  1028.6598    34.5315    34.5296    7.86153         33 0.0000e+00
    209.000    206.848     0.8630  29.518681     0.8620  29.516715     4.9261     4.8993     0.0008    97.9379 1.0000e-12  -64.93298  -64.40190 329.198964      99.98 0.0000e+00    774.482      18589  1028.6663  1028.6652    34.5330    34.5316    7.85886         35 0.0000e+00
    210.000    207.837     0.8699  29.526117     0.8698  29.524692     4.9134     4.8933    -0.0095    97.9701 1.0000e-12  -64.93298  -64.40190 329.198980      99.98 0.0000e+00    775.859      18622  1028.6718  1028.6704    34.5344    34.5327    7.85739         30 0.0000e+00
    211.000    208.825     0.8743  29.531121     0.8741  29.529619     4.9039     4.8855    -0.0031    97.9885 1.0000e-12  -64.93298  -64.40190 329.198993      99.98 0.0000e+00    777.005      18649  1028.6771  1028.6757    34.5354    34.5337    7.85645         26 0.0000e+00
    212.000    209.816     0.8803  29.537890     0.8802  29.536492     4.8989     4.8758     0.0037    98.0207 1.0000e-12  -64.93298  -64.40190 329.199005      99.98 0.0000e+00    777.999      18673  1028.6826  1028.6813    34.5369    34.5352    7.85516         23 0.0000e+00
    213.000    210.804     0.8855  29.543817     0.8854  29.542421     4.8940     4.8691    -0.0000    97.9804 1.0000e-12  -64.93298  -64.40190 329.199015      99.98 0.0000e+00    778.930      18695  1028.6880  1028.6867    34.5382    34.5364    7.85404         22 0.0000e+00
    214.000    211.793     0.8921  29.551231     0.8922  29.549918     4.8873     4.8605    -0.0084    98.0081 1.0000e-12  -64.93298  -64.40190 329.199027      99.98 0.0000e+00    779.897      18719  1028.6937  1028.6921    34.5399    34.5380    7.85262         25 0.0000e+00
    215.000    212.783     0.9042  29.564273     0.9041  29.562736     4.8715     4.8499    -0.0047    98.0212 1.0000e-12  -64.93298  -64.40191 329.199041      99.98 0.0000e+00    781.120      18748  1028.6996  1028.6981    34.5426    34.5407    7.85002         35 0.0000e+00
    216.000    213.773     0.9158  29.576864     0.9156  29.575295     4.8720     4.8417     0.0088    98.0378 1.0000e-12  -64.93296  -64.40191 329.199062      99.98 0.0000e+00    782.980      18793  1028.7059  1028.7044    34.5455    34.5436    7.84754         40 0.0000e+00
    217.000    214.761     0.9255  29.587822     0.9249  29.586041     4.9050     4.8522    -0.0044    98.0404 1.0000e-12  -64.93297  -64.40191 329.199084      99.98 0.0000e+00    784.844      18837  1028.7122  1028.7109    34.5483    34.5466    7.84543         32 0.0000e+00
    218.000    215.750     0.9219  29.585332     0.9219  29.584051     4.9016     4.8574     0.0034    98.0653 1.0000e-12  -64.93298  -64.40191 329.199095      99.98 0.0000e+00    785.825      18861  1028.7176  1028.7163    34.5485    34.5468    7.84615         21 0.0000e+00
    219.000    216.739     0.9204  29.584582     0.9209  29.583639     4.9187     4.8589     0.0000    98.0615 1.0000e-12  -64.93298  -64.40191 329.199105      99.98 0.0000e+00    786.643      18880  1028.7227  1028.7212    34.5486    34.5468    7.84644         18 0.0000e+00
    220.000    217.729     0.9222  29.587189     0.9222  29.585934     4.9052     4.8585    -0.0051    98.0260 1.0000e-12  -64.93298  -64.40192 329.199114      99.98 0.0000e+00    787.432      18899  1028.7279  1028.7266    34.5494    34.5477    7.84604         20 0.0000e+00
    221.000    218.718     0.9241  29.589723     0.9240  29.588103     4.8934     4.8519     0.0137    97.9762 1.0000e-12  -64.93298  -64.40190 329.199124      99.98 0.0000e+00    788.308      18920  1028.7330  1028.7314    34.5499    34.5479    7.84562         23 0.0000e+00
    222.000    219.707     0.9276  29.593804     0.9275  29.592252     4.8895     4.8412     0.0025    97.9711 1.0000e-12  -64.93297  -64.40192 329.199137      99.98 0.0000e+00    789.460      18948  1028.7382  1028.7366    34.5507    34.5488    7.84487         32 0.0000e+00
    223.000    220.698     0.9325  29.599624     0.9329  29.598474     4.8813     4.8372     0.0125    97.9268 1.0000e-12  -64.93296  -64.40193 329.199160      99.98 0.0000e+00    791.447      18996  1028.7438  1028.7422    34.5522    34.5503    7.84381         41 0.0000e+00
    224.000    221.685     0.9369  29.604554     0.9373  29.603669     4.8473     4.8139     0.0144    97.8778 1.0000e-12  -64.93296  -64.40194 329.199185      99.98 0.0000e+00    793.619      19048  1028.7490  1028.7477    34.5531    34.5515    7.84287         34 0.0000e+00
    225.000    222.673     0.9505  29.619191     0.9514  29.618874     4.8355     4.8090     0.0012    97.8717 1.0000e-12  -64.93296  -64.40193 329.199198      99.98 0.0000e+00    794.684      19073  1028.7551  1028.7538    34.5563    34.5549    7.83997         21 0.0000e+00
    226.000    223.663     0.9530  29.622343     0.9537  29.621619     4.8279     4.8052     0.0035    97.8610 1.0000e-12  -64.93296  -64.40192 329.199207      99.98 0.0000e+00    795.504      19093  1028.7602  1028.7588    34.5570    34.5553    7.83943         19 0.0000e+00
    227.000    224.654     0.9557  29.625461     0.9556  29.624177     4.8320     4.8005     0.0069    97.8556 1.0000e-12  -64.93296  -64.40192 329.199216      99.98 0.0000e+00    796.261      19111  1028.7650  1028.7638    34.5574    34.5559    7.83886         18 0.0000e+00
    228.000    225.642     0.9591  29.629438     0.9588  29.627922     4.8388     4.8010     0.0069    97.8457 1.0000e-12  -64.93296  -64.40192 329.199225      99.98 0.0000e+00    797.043      19130  1028.7702  1028.7688    34.5583    34.5566    7.83814         20 0.0000e+00
    229.000    226.631     0.9636  29.634414     0.9638  29.633172     4.8460     4.8039     0.0069    97.8751 1.0000e-12  -64.93296  -64.40192 329.199236      99.98 0.0000e+00    798.011      19153  1028.7752  1028.7737    34.5590    34.5572    7.83718         28 0.0000e+00
    230.000    227.621     0.9645  29.635888     0.9646  29.634509     4.8371     4.8016     0.0078    97.8663 1.0000e-12  -64.93296  -64.40193 329.199258      99.98 0.0000e+00    799.852      19197  1028.7803  1028.7788    34.5594    34.5575    7.83699         37 0.0000e+00
    231.000    228.607     0.9651  29.636735     0.9652  29.635585     4.8413     4.7929     0.0077    97.8413 1.0000e-12  -64.93296  -64.40194 329.199285      99.98 0.0000e+00    802.200      19254  1028.7850  1028.7837    34.5592    34.5576    7.83687         39 0.0000e+00
