NBP2113_155081_ctd/data/nbp2113_037.cnv
* Sea-Bird SBE 9 Data File:
* FileName = D:\Data\raw\NBP2113_037.hex
* Software Version Seasave V 7.26.7.121
* Temperature SN = 2438
* Conductivity SN = 2067
* Number of Bytes Per Scan = 40
* Number of Voltage Words = 5
* Number of Scans Averaged by the Deck Unit = 1
* NMEA Latitude = 64 56.01 S
* NMEA Longitude = 064 23.97 W
* NMEA UTC (Time) = Dec 10 2021  04:27:53
* NMEA baud rate = 9600
** Ship: RVIB N.B. Palmer
** Cruise: NBP2113 LTER
** Station: 600.040
** Operator: B. Urmston
# nquan = 25
# nvalues = 201                         
# units = specified
# name 0 = prDM: Pressure, Digiquartz [db]
# name 1 = depSM: Depth [salt water, m]
# name 2 = t090C: Temperature [ITS-90, deg C]
# name 3 = c0mS/cm: Conductivity [mS/cm]
# name 4 = t190C: Temperature, 2 [ITS-90, deg C]
# name 5 = c1mS/cm: Conductivity, 2 [mS/cm]
# name 6 = sbeox0ML/L: Oxygen, SBE 43 [ml/l]
# name 7 = sbeox1ML/L: Oxygen, SBE 43, 2 [ml/l]
# name 8 = flECO-AFL: Fluorescence, WET Labs ECO-AFL/FL [mg/m^3]
# name 9 = CStarTr0: Beam Transmission, WET Labs C-Star [%]
# name 10 = par: PAR/Irradiance, Biospherical/Licor
# name 11 = latitude: Latitude [deg]
# name 12 = longitude: Longitude [deg]
# name 13 = timeJ: Julian Days
# name 14 = altM: Altimeter [m]
# name 15 = spar: SPAR, Biospherical/Licor
# name 16 = timeS: Time, Elapsed [seconds]
# name 17 = scan: Scan Count
# name 18 = density00: Density [density, kg/m^3]
# name 19 = density11: Density, 2 [density, kg/m^3]
# name 20 = sal00: Salinity, Practical [PSU]
# name 21 = sal11: Salinity, Practical, 2 [PSU]
# name 22 = oxsolML/L: Oxygen Saturation, Garcia & Gordon [ml/l]
# name 23 = nbin: number of scans per bin
# name 24 = flag: flag
# span 0 =      1.000,    103.000       
# span 1 =      0.989,    101.968       
# span 2 =    -0.9911,     0.3730       
# span 3 =  27.119468,  28.927564       
# span 4 =    -0.9924,     0.3777       
# span 5 =  27.117943,  28.933295       
# span 6 =     5.2120,    10.0231       
# span 7 =     5.3713,    10.0042       
# span 8 =     0.0360,     1.8474       
# span 9 =    87.0701,    95.4459       
# span 10 = -1.938e-05, 3.6030e+00      
# span 11 =  -64.93378,  -64.93342      
# span 12 =  -64.39968,  -64.39958      
# span 13 = 344.189617, 344.198393      
# span 14 =      41.80,      99.98      
# span 15 = 0.0000e+00, 0.0000e+00      
# span 16 =    309.891,   1068.118      
# span 17 =       7438,      25636      
# span 18 =  1026.9710,  1028.0685      
# span 19 =  1026.9691,  1028.0675      
# span 20 =    33.5354,    34.3739      
# span 21 =    33.5333,    34.3739      
# span 22 =    7.96775,    8.30721      
# span 23 =         15,         48      
# span 24 = 0.0000e+00, 0.0000e+00      
# interval = decibars: 1                
# start_time = Dec 10 2021 04:27:53 [NMEA time, header]
# bad_flag = -9.990e-29
*END*
[from data line 58]
     63.000     62.373    -0.2070  28.258529    -0.2065  28.256947     6.0642     6.1238     0.2100    94.9366 1.0000e-12  -64.93350  -64.39962 344.191673      99.97 0.0000e+00    487.523      11702  1027.7383  1027.7361    34.1599    34.1572    8.10120         39 0.0000e+00
     64.000     63.364    -0.1966  28.270182    -0.1958  28.269166     6.0363     6.1157     0.1875    94.9786 1.0000e-12  -64.93350  -64.39964 344.191708      99.97 0.0000e+00    490.568      11775  1027.7451  1027.7434    34.1631    34.1609    8.09880         36 0.0000e+00
     65.000     64.351    -0.1937  28.273287    -0.1968  28.267867     6.1182     6.1614     0.2125    94.9480 1.0000e-12  -64.93350  -64.39963 344.191763      99.97 0.0000e+00    495.363      11890  1027.7503  1027.7474    34.1634    34.1596    8.09817         35 0.0000e+00
     66.000     65.346    -0.1619  28.308889    -0.1640  28.304042     6.1902     6.1982     0.1577    94.9661 1.0000e-12  -64.93350  -64.39962 344.191798      99.97 0.0000e+00    498.337      11961  1027.7616  1027.7586    34.1746    34.1705    8.09079         24 0.0000e+00
     67.000     66.333    -0.1226  28.357363    -0.1226  28.355793     6.1775     6.2075     0.1602    94.9804 1.0000e-12  -64.93350  -64.39962 344.191809      99.97 0.0000e+00    499.277      11984  1027.7796  1027.7778    34.1945    34.1923    8.08135         25 0.0000e+00
     68.000     67.325    -0.1190  28.363063    -0.1179  28.362250     6.1576     6.2014     0.1862    95.0001 1.0000e-12  -64.93350  -64.39962 344.191827      99.97 0.0000e+00    500.863      12022  1027.7869  1027.7849    34.1974    34.1951    8.08041         29 0.0000e+00
     69.000     68.314    -0.1574  28.318834    -0.1555  28.318480     6.1883     6.2093     0.1979    94.9903 1.0000e-12  -64.93350  -64.39963 344.191901      99.97 0.0000e+00    507.270      12175  1027.7819  1027.7798    34.1810    34.1783    8.08948         25 0.0000e+00
     70.000     69.301    -0.1385  28.337762    -0.1266  28.348569     6.4159     6.3668     0.1962    94.9933 1.0000e-12  -64.93350  -64.39962 344.191954      99.97 0.0000e+00    511.807      12284  1027.7881  1027.7877    34.1843    34.1854    8.08529         30 0.0000e+00
     71.000     70.292    -0.0576  28.435222    -0.0567  28.435227     6.5113     6.4382     0.1402    95.0202 1.0000e-12  -64.93350  -64.39962 344.191967      99.97 0.0000e+00    512.973      12312  1027.8173  1027.8166    34.2227    34.2217    8.06601         24 0.0000e+00
     72.000     71.282    -0.0457  28.452306    -0.0458  28.450544     6.5223     6.4578     0.1222    95.0319 1.0000e-12  -64.93350  -64.39962 344.191978      99.97 0.0000e+00    513.909      12335  1027.8287  1027.8270    34.2315    34.2292    8.06301         22 0.0000e+00
     73.000     72.270    -0.0419  28.456917    -0.0419  28.455213     6.4660     6.4507     0.1209    95.0476 1.0000e-12  -64.93350  -64.39962 344.191990      99.98 0.0000e+00    514.952      12360  1027.8345  1027.8328    34.2327    34.2304    8.06214         31 0.0000e+00
     74.000     73.267    -0.0878  28.401687    -0.0794  28.408863     6.4392     6.4198     0.1206    95.0289 1.0000e-12  -64.93351  -64.39962 344.192073      99.97 0.0000e+00    522.080      12531  1027.8252  1027.8247    34.2101    34.2102    8.07310         29 0.0000e+00
     75.000     74.252    -0.0547  28.439299    -0.0594  28.432977     6.4797     6.4571     0.1129    95.0356 1.0000e-12  -64.93352  -64.39961 344.192106      99.97 0.0000e+00    524.984      12601  1027.8374  1027.8353    34.2224    34.2193    8.06543         21 0.0000e+00
     76.000     75.242    -0.0221  28.477927    -0.0228  28.475486     6.4533     6.4507     0.1195    95.0511 1.0000e-12  -64.93352  -64.39961 344.192117      99.97 0.0000e+00    525.886      12622  1027.8511  1027.8493    34.2365    34.2341    8.05775         25 0.0000e+00
     77.000     76.230    -0.0313  28.469345    -0.0307  28.467913     6.4034     6.4094     0.1236    95.0389 1.0000e-12  -64.93352  -64.39963 344.192162      99.97 0.0000e+00    529.766      12715  1027.8558  1027.8537    34.2349    34.2323    8.05979         42 0.0000e+00
     78.000     77.220    -0.0244  28.478604    -0.0445  28.453563     6.3738     6.4051     0.1237    95.0265 1.0000e-12  -64.93352  -64.39962 344.192214      99.97 0.0000e+00    534.257      12823  1027.8633  1027.8565    34.2388    34.2281    8.05811         30 0.0000e+00
     79.000     78.211    -0.0040  28.499831    -0.0096  28.492053     6.3993     6.4277     0.1365    95.0175 1.0000e-12  -64.93352  -64.39962 344.192249      99.97 0.0000e+00    537.317      12897  1027.8710  1027.8678    34.2435    34.2395    8.05355         41 0.0000e+00
     80.000     79.204     0.0354  28.542579     0.0353  28.538912     6.4031     6.4389     0.1103    95.0255 1.0000e-12  -64.93352  -64.39963 344.192280      99.97 0.0000e+00    540.007      12961  1027.8827  1027.8787    34.2554    34.2507    8.04459         28 0.0000e+00
     81.000     80.190     0.0552  28.563341     0.0562  28.562781     6.4011     6.4413     0.1159    94.9727 1.0000e-12  -64.93352  -64.39962 344.192325      99.97 0.0000e+00    543.866      13054  1027.8903  1027.8888    34.2601    34.2583    8.04017         42 0.0000e+00
     82.000     81.180     0.0821  28.594927     0.0831  28.594534     6.3482     6.4262     0.0867    94.9515 1.0000e-12  -64.93352  -64.39962 344.192343      99.97 0.0000e+00    545.399      13091  1027.9023  1027.9008    34.2713    34.2697    8.03392         36 0.0000e+00
     83.000     82.170     0.0876  28.602157     0.0819  28.593503     6.2893     6.3810     0.1176    94.9214 1.0000e-12  -64.93354  -64.39963 344.192393      99.98 0.0000e+00    549.774      13196  1027.9097  1027.9059    34.2741    34.2690    8.03260         32 0.0000e+00
     84.000     83.160     0.1158  28.638870     0.1164  28.637943     6.0818     6.2387     0.0948    94.9052 1.0000e-12  -64.93354  -64.39963 344.192432      99.97 0.0000e+00    553.091      13275  1027.9258  1027.9242    34.2904    34.2885    8.02578         41 0.0000e+00
     85.000     84.150     0.1124  28.641938     0.1128  28.640615     5.8359     6.0560     0.1039    94.9242 1.0000e-12  -64.93354  -64.39962 344.192452      99.97 0.0000e+00    554.892      13318  1027.9371  1027.9353    34.2977    34.2955    8.02609         36 0.0000e+00
     86.000     85.140     0.1250  28.656015     0.1254  28.653823     5.9212     6.0660     0.1081    94.9320 1.0000e-12  -64.93354  -64.39962 344.192484      99.97 0.0000e+00    557.646      13384  1027.9442  1027.9415    34.3016    34.2982    8.02323         38 0.0000e+00
     87.000     86.129     0.1335  28.663148     0.1299  28.657435     5.7463     5.9380     0.0730    94.9797 1.0000e-12  -64.93354  -64.39962 344.192547      99.97 0.0000e+00    563.018      13513  1027.9483  1027.9456    34.3009    34.2973    8.02150         35 0.0000e+00
     88.000     87.119     0.1499  28.683528     0.1504  28.682542     5.7630     5.9212     0.0789    95.0320 1.0000e-12  -64.93354  -64.39962 344.192561      99.97 0.0000e+00    564.278      13544  1027.9582  1027.9567    34.3088    34.3070    8.01762         35 0.0000e+00
     89.000     88.107     0.1517  28.686815     0.1521  28.685432     5.8080     5.9242     0.0868    95.0994 1.0000e-12  -64.93354  -64.39962 344.192582      99.97 0.0000e+00    566.088      13587  1027.9644  1027.9626    34.3105    34.3083    8.01714         33 0.0000e+00
     90.000     89.100     0.1503  28.685616     0.1507  28.684163     5.8795     5.9375     0.0749    95.1544 1.0000e-12  -64.93354  -64.39964 344.192634      99.97 0.0000e+00    570.553      13694  1027.9692  1027.9673    34.3099    34.3076    8.01747         21 0.0000e+00
     91.000     90.089     0.1509  28.686159     0.1520  28.686014     5.8572     5.9217     0.0808    95.1692 1.0000e-12  -64.93356  -64.39962 344.192693      99.97 0.0000e+00    575.678      13817  1027.9736  1027.9724    34.3094    34.3080    8.01738         28 0.0000e+00
     92.000     91.078     0.1561  28.692815     0.1555  28.690294     5.7738     5.8679     0.0723    95.1735 1.0000e-12  -64.93356  -64.39962 344.192716      99.97 0.0000e+00    577.648      13865  1027.9799  1027.9779    34.3117    34.3091    8.01616         26 0.0000e+00
     93.000     92.069     0.1603  28.696715     0.1601  28.695171     5.7587     5.8573     0.0694    95.1956 1.0000e-12  -64.93356  -64.39962 344.192728      99.97 0.0000e+00    578.656      13889  1027.9843  1027.9829    34.3116    34.3098    8.01530         25 0.0000e+00
     94.000     93.057     0.1799  28.717933     0.1786  28.715268     5.8055     5.8871     0.0793    95.1856 1.0000e-12  -64.93356  -64.39964 344.192764      99.97 0.0000e+00    581.850      13965  1027.9920  1027.9905    34.3171    34.3151    8.01090         46 0.0000e+00
     95.000     94.049     0.1729  28.712718     0.1703  28.708175     5.7432     5.8391     0.0885    95.1748 1.0000e-12  -64.93356  -64.39965 344.192825      99.97 0.0000e+00    587.052      14090  1027.9977  1027.9956    34.3175    34.3144    8.01235         31 0.0000e+00
     96.000     95.036     0.2356  28.773708     0.2358  28.772980     5.2587     5.5010     0.0732    95.2810 1.0000e-12  -64.93356  -64.39962 344.192861      99.97 0.0000e+00    590.228      14166  1028.0054  1028.0044    34.3270    34.3259    7.99875         42 0.0000e+00
     97.000     96.027     0.3176  28.864666     0.3167  28.862272     5.2337     5.4485     0.0567    95.3385 1.0000e-12  -64.93357  -64.39962 344.192880      99.97 0.0000e+00    591.830      14205  1028.0258  1028.0241    34.3546    34.3524    7.98020         34 0.0000e+00
     98.000     97.017     0.3217  28.870942     0.3219  28.869525     5.2881     5.4569     0.0706    95.3660 1.0000e-12  -64.93358  -64.39962 344.192896      99.97 0.0000e+00    593.197      14238  1028.0333  1028.0316    34.3576    34.3556    7.97917         34 0.0000e+00
     99.000     98.004     0.3148  28.862297     0.3144  28.859243     5.2994     5.4495     0.0610    95.3551 1.0000e-12  -64.93358  -64.39964 344.192952      99.97 0.0000e+00    598.055      14354  1028.0361  1028.0330    34.3534    34.3498    7.98085         31 0.0000e+00
    100.000     98.997     0.3324  28.880467     0.3286  28.873987     5.2120     5.3918     0.0526    95.3566 1.0000e-12  -64.93358  -64.39961 344.193009      99.97 0.0000e+00    602.998      14473  1028.0426  1028.0393    34.3570    34.3527    7.97700         19 0.0000e+00
    101.000     99.985     0.3659  28.918010     0.3657  28.916116     5.2190     5.3738     0.0509    95.3892 1.0000e-12  -64.93358  -64.39960 344.193016      99.97 0.0000e+00    603.619      14488  1028.0538  1028.0517    34.3683    34.3660    7.96944         17 0.0000e+00
    102.000    100.976     0.3730  28.927564     0.3730  28.926084     5.2390     5.3713     0.0509    95.4100 1.0000e-12  -64.93358  -64.39960 344.193025      99.97 0.0000e+00    604.332      14505  1028.0614  1028.0596    34.3723    34.3704    7.96775         18 0.0000e+00
    103.000    101.968     0.3695  28.926283     0.3777  28.933295     5.4691     5.5178     0.0518    95.4428 1.0000e-12  -64.93358  -64.39962 344.193050      99.97 0.0000e+00    606.513      14557  1028.0685  1028.0675    34.3739    34.3739    7.96839         33 0.0000e+00
    102.000    100.976     0.2894  28.840909     0.2853  28.835615     5.5531     5.5743     0.0383    95.4058 1.0000e-12  -64.93358  -64.39965 344.193067      99.97 0.0000e+00    607.995      14593  1028.0530  1028.0514    34.3518    34.3495    7.98620         34 0.0000e+00
    101.000     99.985     0.2810  28.827825     0.2734  28.817969     5.5185     5.5748     0.0512    95.3468 1.0000e-12  -64.93358  -64.39966 344.193083      99.97 0.0000e+00    609.345      14625  1028.0430  1028.0400    34.3446    34.3402    7.98833         31 0.0000e+00
    100.000     98.996     0.2882  28.835972     0.2832  28.829319     5.5259     5.5666     0.0682    95.3199 1.0000e-12  -64.93358  -64.39967 344.193098      99.97 0.0000e+00    610.625      14656  1028.0401  1028.0379    34.3478    34.3447    7.98666         31 0.0000e+00
     99.000     98.006     0.3089  28.857436     0.3043  28.850477     5.4521     5.4953     0.0576    95.3522 1.0000e-12  -64.93360  -64.39966 344.193501      99.97 0.0000e+00    645.513      15493  1028.0389  1028.0358    34.3536    34.3495    7.98207         31 0.0000e+00
     98.000     97.018     0.3642  28.916347     0.3634  28.914529     5.3756     5.4119     0.0447    95.4416 1.0000e-12  -64.93364  -64.39966 344.194343      99.97 0.0000e+00    718.257      17239  1028.0436  1028.0424    34.3698    34.3683    7.96971         16 0.0000e+00
     97.000     96.026     0.3464  28.898002     0.3446  28.894549     5.3848     5.4146     0.0360    95.4414 1.0000e-12  -64.93364  -64.39968 344.194331      99.98 0.0000e+00    717.223      17214  1028.0375  1028.0357    34.3662    34.3636    7.97359         15 0.0000e+00
     96.000     95.036     0.3329  28.882998     0.3362  28.884735     5.3870     5.4198     0.0518    95.4459 1.0000e-12  -64.93364  -64.39968 344.194338      99.97 0.0000e+00    717.853      17229  1028.0306  1028.0292    34.3621    34.3608    7.97660         16 0.0000e+00
     95.000     94.048     0.3271  28.874550     0.3254  28.871512     5.3814     5.4197     0.0580    95.4382 1.0000e-12  -64.93364  -64.39967 344.194347      99.97 0.0000e+00    718.580      17247  1028.0230  1028.0214    34.3582    34.3561    7.97804         20 0.0000e+00
     94.000     93.057     0.3344  28.881946     0.3357  28.881665     5.3402     5.4045     0.0551    95.4146 1.0000e-12  -64.93364  -64.39966 344.194361      99.97 0.0000e+00    719.756      17275  1028.0192  1028.0177    34.3603    34.3585    7.97640         39 0.0000e+00
     93.000     92.068     0.3357  28.884765     0.3403  28.885580     5.3542     5.4047     0.0552    95.4144 1.0000e-12  -64.93364  -64.39963 344.194406      99.97 0.0000e+00    723.686      17369  1028.0165  1028.0128    34.3632    34.3591    7.97598         24 0.0000e+00
     92.000     91.079     0.2974  28.838609     0.3202  28.862418     5.4044     5.4509     0.0544    95.4250 1.0000e-12  -64.93364  -64.39964 344.194462      99.97 0.0000e+00    728.471      17484  1028.0009  1028.0034    34.3459    34.3517    7.98487         35 0.0000e+00
     91.000     90.089     0.3355  28.880664     0.3345  28.879184     5.5425     5.5195     0.0435    95.4337 1.0000e-12  -64.93364  -64.39966 344.194474      99.97 0.0000e+00    729.571      17511  1028.0034  1028.0028    34.3592    34.3583    7.97623         24 0.0000e+00
     90.000     89.097     0.3187  28.865780     0.3167  28.863319     5.7164     5.6200     0.0443    95.4135 1.0000e-12  -64.93364  -64.39966 344.194485      99.97 0.0000e+00    730.510      17533  1027.9999  1027.9993    34.3590    34.3580    7.97972         22 0.0000e+00
     89.000     88.110     0.2635  28.807050     0.2821  28.823008     5.8209     5.6735     0.0507    95.3890 1.0000e-12  -64.93364  -64.39966 344.194496      99.98 0.0000e+00    731.476      17556  1027.9878  1027.9865    34.3441    34.3442    7.99201         25 0.0000e+00
     88.000     87.119     0.2115  28.755044     0.2295  28.769631     5.8800     5.7307     0.0559    95.3160 1.0000e-12  -64.93364  -64.39966 344.194510      99.97 0.0000e+00    732.667      17585  1027.9789  1027.9769    34.3343    34.3333    8.00335         32 0.0000e+00
     87.000     86.130     0.1918  28.732090     0.2295  28.765738     5.8351     5.7262     0.0691    95.2569 1.0000e-12  -64.93364  -64.39966 344.194527      99.97 0.0000e+00    734.169      17621  1027.9693  1027.9681    34.3266    34.3289    8.00788         39 0.0000e+00
