NBP2113_155081_ctd/data/nbp2113_052.cnv
* Sea-Bird SBE 9 Data File:
* FileName = D:\Data\raw\NBP2113_052.hex
* Software Version Seasave V 7.26.7.121
* Temperature SN = 2438
* Conductivity SN = 2067
* Number of Bytes Per Scan = 40
* Number of Voltage Words = 5
* Number of Scans Averaged by the Deck Unit = 1
* NMEA Latitude = 64 54.69 S
* NMEA Longitude = 064 40.23 W
* NMEA UTC (Time) = Dec 11 2021  16:24:27
* NMEA baud rate = 9600
** Ship: RVIB N.B. Palmer
** Cruise: NBP2113 LTER
** Station: 593.051
** Operator: S. Blackman
# nquan = 25
# nvalues = 1908                        
# units = specified
# name 0 = prDM: Pressure, Digiquartz [db]
# name 1 = depSM: Depth [salt water, m]
# name 2 = t090C: Temperature [ITS-90, deg C]
# name 3 = c0mS/cm: Conductivity [mS/cm]
# name 4 = t190C: Temperature, 2 [ITS-90, deg C]
# name 5 = c1mS/cm: Conductivity, 2 [mS/cm]
# name 6 = sbeox0ML/L: Oxygen, SBE 43 [ml/l]
# name 7 = sbeox1ML/L: Oxygen, SBE 43, 2 [ml/l]
# name 8 = flECO-AFL: Fluorescence, WET Labs ECO-AFL/FL [mg/m^3]
# name 9 = CStarTr0: Beam Transmission, WET Labs C-Star [%]
# name 10 = par: PAR/Irradiance, Biospherical/Licor
# name 11 = latitude: Latitude [deg]
# name 12 = longitude: Longitude [deg]
# name 13 = timeJ: Julian Days
# name 14 = altM: Altimeter [m]
# name 15 = spar: SPAR, Biospherical/Licor
# name 16 = timeS: Time, Elapsed [seconds]
# name 17 = scan: Scan Count
# name 18 = density00: Density [density, kg/m^3]
# name 19 = density11: Density, 2 [density, kg/m^3]
# name 20 = sal00: Salinity, Practical [PSU]
# name 21 = sal11: Salinity, Practical, 2 [PSU]
# name 22 = oxsolML/L: Oxygen Saturation, Garcia & Gordon [ml/l]
# name 23 = nbin: number of scans per bin
# name 24 = flag: flag
# span 0 =      1.000,    956.000       
# span 1 =      0.989,    944.462       
# span 2 =    -0.7368,     1.4836       
# span 3 =  27.374513,  30.503159       
# span 4 =    -0.7448,     1.4834       
# span 5 =  27.362356,  30.501764       
# span 6 =     4.0474,     8.1083       
# span 7 =     4.1128,     8.1737       
# span 8 =    -0.0227,     1.7120       
# span 9 =    81.8827,    91.8596       
# span 10 = -5.309e-05, 7.8527e+02      
# span 11 =  -64.91190,  -64.91154      
# span 12 =  -64.67152,  -64.67040      
# span 13 = 345.687268, 345.720935      
# span 14 =       4.53,     101.96      
# span 15 = 5.9603e+02, 1.4155e+03      
# span 16 =    312.984,   3221.801      
# span 17 =       7513,      77324      
# span 18 =  1027.0247,  1032.2268      
# span 19 =  1027.0223,  1032.2256      
# span 20 =    33.6017,    34.6828      
# span 21 =    33.5931,    34.6815      
# span 22 =    7.72734,    8.24752      
# span 23 =          9,         50      
# span 24 = 0.0000e+00, 0.0000e+00      
# interval = decibars: 1                
# start_time = Dec 11 2021 16:24:27 [NMEA time, header]
# bad_flag = -9.990e-29
*END*
[from data line 1624]
    284.000    281.025     1.2043  29.909846     1.2053  29.909747     4.4449     4.4809    -0.0142    91.7040 1.0000e-12  -64.91180  -64.67107 345.713033      99.97 9.1397e+02   2539.047      60938  1029.0621  1029.0609    34.6143    34.6130    7.78612         26 0.0000e+00
    283.000    280.036     1.1970  29.901915     1.1978  29.902059     4.4375     4.4833    -0.0213    91.7042 1.0000e-12  -64.91180  -64.67108 345.713045      99.97 9.1604e+02   2540.122      60964  1029.0568  1029.0562    34.6128    34.6121    7.78765         27 0.0000e+00
    282.000    279.047     1.1946  29.898677     1.1945  29.897635     4.4393     4.4828    -0.0224    91.7042 1.0000e-12  -64.91180  -64.67108 345.713058      99.97 9.1671e+02   2541.225      60990  1029.0516  1029.0506    34.6119    34.6107    7.78819         25 0.0000e+00
    281.000    278.058     1.1932  29.896713     1.1933  29.895855     4.4314     4.4840    -0.0148    91.7042 1.0000e-12  -64.91180  -64.67108 345.713070      99.97 9.1695e+02   2542.208      61014  1029.0467  1029.0456    34.6115    34.6103    7.78849         22 0.0000e+00
    280.000    277.070     1.1920  29.895058     1.1922  29.894315     4.4228     4.4859    -0.0150    91.7042 1.0000e-12  -64.91180  -64.67108 345.713079      99.97 9.1846e+02   2543.042      61034  1029.0418  1029.0408    34.6113    34.6101    7.78873         19 0.0000e+00
    279.000    276.079     1.1907  29.893345     1.1902  29.891795     4.4235     4.4792    -0.0150    91.6921 1.0000e-12  -64.91180  -64.67108 345.713089      99.97 9.1846e+02   2543.860      61054  1029.0370  1029.0359    34.6111    34.6097    7.78900         21 0.0000e+00
    278.000    275.088     1.1939  29.896088     1.1925  29.893726     4.4270     4.4777    -0.0150    91.6779 1.0000e-12  -64.91180  -64.67107 345.713112      99.97 9.1800e+02   2545.878      61102  1029.0323  1029.0312    34.6117    34.6101    7.78833         22 0.0000e+00
    277.000    274.102     1.1912  29.893175     1.1908  29.892052     4.4420     4.4952    -0.0142    91.6702 1.0000e-12  -64.91180  -64.67108 345.713176      99.97 9.2015e+02   2551.381      61234  1029.0276  1029.0268    34.6115    34.6104    7.78888          9 0.0000e+00
    276.000    273.115     1.1896  29.891087     1.1892  29.889717     4.4462     4.4958    -0.0150    91.6526 1.0000e-12  -64.91180  -64.67110 345.713182      99.97 9.2181e+02   2551.961      61248  1029.0227  1029.0217    34.6111    34.6099    7.78921          9 0.0000e+00
    275.000    272.125     1.1869  29.888077     1.1865  29.886631     4.4483     4.4951    -0.0150    91.6527 1.0000e-12  -64.91180  -64.67110 345.713187      99.97 9.2291e+02   2552.370      61258  1029.0181  1029.0170    34.6110    34.6095    7.78977         10 0.0000e+00
    274.000    271.131     1.1840  29.884535     1.1836  29.883407     4.4487     4.4942    -0.0102    91.6263 1.0000e-12  -64.91180  -64.67110 345.713192      99.97 9.2377e+02   2552.803      61268  1029.0130  1029.0123    34.6101    34.6091    7.79038         11 0.0000e+00
    273.000    270.149     1.1817  29.881763     1.1813  29.879913     4.4476     4.4930    -0.0003    91.6204 1.0000e-12  -64.91180  -64.67110 345.713198      99.97 9.2509e+02   2553.277      61280  1029.0083  1029.0067    34.6097    34.6078    7.79087         12 0.0000e+00
    272.000    269.159     1.1788  29.877165     1.1835  29.881382     4.4474     4.4891    -0.0034    91.6022 1.0000e-12  -64.91180  -64.67109 345.713204      99.97 9.2549e+02   2553.863      61294  1029.0021  1029.0018    34.6076    34.6078    7.79155         16 0.0000e+00
    271.000    268.168     1.1819  29.880705     1.1820  29.879971     4.4474     4.4891    -0.0070    91.6136 1.0000e-12  -64.91181  -64.67107 345.713230      99.97 9.2417e+02   2556.036      61346  1028.9983  1028.9975    34.6092    34.6082    7.79084         26 0.0000e+00
    270.000    267.180     1.1756  29.874138     1.1756  29.872872     4.4561     4.5096    -0.0004    91.6269 1.0000e-12  -64.91180  -64.67108 345.713311      99.97 9.2487e+02   2563.029      61514  1028.9934  1028.9922    34.6084    34.6068    7.79214         11 0.0000e+00
    269.000    266.188     1.1718  29.869416     1.1724  29.868941     4.4583     4.5098    -0.0004    91.6269 1.0000e-12  -64.91180  -64.67108 345.713316      99.97 9.2550e+02   2563.533      61526  1028.9881  1028.9870    34.6072    34.6059    7.79297         11 0.0000e+00
    268.000    265.201     1.1723  29.868976     1.1712  29.867144     4.4593     4.5079    -0.0073    91.6269 1.0000e-12  -64.91182  -64.67110 345.713323      99.97 9.2654e+02   2564.070      61539  1028.9829  1028.9821    34.6067    34.6055    7.79290         14 0.0000e+00
    267.000    264.214     1.1728  29.869003     1.1767  29.871829     4.4610     4.5055    -0.0100    91.6269 1.0000e-12  -64.91182  -64.67109 345.713330      99.97 9.2800e+02   2564.738      61555  1028.9781  1028.9772    34.6067    34.6060    7.79279         19 0.0000e+00
    266.000    263.223     1.1726  29.868804     1.1726  29.867943     4.4632     4.5055    -0.0131    91.6269 1.0000e-12  -64.91182  -64.67108 345.713359      99.97 9.2876e+02   2567.193      61614  1028.9738  1028.9729    34.6072    34.6062    7.79280         29 0.0000e+00
    265.000    262.235     1.1711  29.866885     1.1707  29.865485     4.4551     4.5227    -0.0077    91.6269 1.0000e-12  -64.91180  -64.67110 345.713445      99.97 9.2727e+02   2574.663      61793  1028.9689  1028.9679    34.6071    34.6057    7.79312         16 0.0000e+00
    264.000    261.248     1.1689  29.864314     1.1690  29.863367     4.4634     4.5183    -0.0077    91.6269 1.0000e-12  -64.91180  -64.67110 345.713452      99.97 9.2869e+02   2575.259      61807  1028.9642  1028.9632    34.6067    34.6054    7.79356         16 0.0000e+00
    263.000    260.257     1.1690  29.863496     1.1691  29.862701     4.4694     4.5109    -0.0031    91.6269 1.0000e-12  -64.91180  -64.67110 345.713460      99.97 9.2903e+02   2575.947      61824  1028.9590  1028.9581    34.6062    34.6050    7.79358         17 0.0000e+00
    262.000    259.268     1.1697  29.864041     1.1709  29.864221     4.4661     4.5082    -0.0035    91.6269 1.0000e-12  -64.91181  -64.67110 345.713470      99.97 9.2904e+02   2576.816      61845  1028.9546  1028.9536    34.6067    34.6056    7.79341         26 0.0000e+00
    261.000    258.280     1.1647  29.858405     1.1658  29.858506     4.4632     4.5201    -0.0123    91.6269 1.0000e-12  -64.91180  -64.67110 345.713544      99.97 9.3014e+02   2583.209      61998  1028.9494  1028.9484    34.6055    34.6045    7.79446         21 0.0000e+00
    260.000    257.289     1.1636  29.856713     1.1629  29.854917     4.4609     4.5254    -0.0148    91.6067 1.0000e-12  -64.91180  -64.67110 345.713571      99.97 9.3076e+02   2585.540      62054  1028.9445  1028.9433    34.6052    34.6037    7.79470         24 0.0000e+00
    259.000    256.303     1.1601  29.852308     1.1613  29.852506     4.4734     4.5325    -0.0104    91.6092 1.0000e-12  -64.91180  -64.67111 345.713624      99.97 9.3146e+02   2590.100      62163  1028.9390  1028.9380    34.6040    34.6029    7.79547         32 0.0000e+00
    258.000    255.312     1.1584  29.850152     1.1599  29.850945     4.4858     4.5394    -0.0015    91.5936 1.0000e-12  -64.91180  -64.67112 345.713679      99.97 9.3281e+02   2594.847      62277  1028.9341  1028.9334    34.6037    34.6031    7.79582         27 0.0000e+00
    257.000    254.324     1.1520  29.844024     1.1504  29.841218     4.4901     4.5394    -0.0068    91.5845 1.0000e-12  -64.91180  -64.67112 345.713692      99.97 9.3430e+02   2596.021      62306  1028.9298  1028.9286    34.6035    34.6017    7.79710         29 0.0000e+00
    256.000    253.334     1.1484  29.838975     1.1496  29.839370     4.4970     4.5404    -0.0062    91.5994 1.0000e-12  -64.91180  -64.67112 345.713723      99.97 9.3518e+02   2598.697      62370  1028.9240  1028.9231    34.6016    34.6007    7.79793         29 0.0000e+00
    255.000    252.346     1.1517  29.842415     1.1507  29.840441     4.5032     4.5496    -0.0077    91.6084 1.0000e-12  -64.91180  -64.67114 345.713803      99.97 9.3611e+02   2605.552      62534  1028.9199  1028.9189    34.6029    34.6015    7.79719         22 0.0000e+00
    254.000    251.358     1.1460  29.835983     1.1454  29.834293     4.4974     4.5457    -0.0102    91.6101 1.0000e-12  -64.91180  -64.67114 345.713812      99.97 9.3609e+02   2606.377      62554  1028.9147  1028.9136    34.6015    34.6001    7.79840         23 0.0000e+00
    253.000    250.368     1.1448  29.833924     1.1475  29.835455     4.4896     4.5455    -0.0114    91.6093 1.0000e-12  -64.91180  -64.67114 345.713828      99.97 9.3619e+02   2607.730      62587  1028.9095  1028.9084    34.6009    34.5998    7.79868         35 0.0000e+00
    252.000    249.378     1.1374  29.825827     1.1365  29.823949     4.5086     4.5655    -0.0014    91.5992 1.0000e-12  -64.91182  -64.67116 345.714234      99.97 9.3961e+02   2642.864      63430  1028.9039  1028.9028    34.5992    34.5978    7.80024         39 0.0000e+00
    251.000    248.391     1.1353  29.823145     1.1341  29.821124     4.5286     4.5731    -0.0054    91.5817 1.0000e-12  -64.91182  -64.67118 345.714308      99.97 9.3854e+02   2649.194      63582  1028.8989  1028.8979    34.5987    34.5974    7.80068         27 0.0000e+00
    250.000    247.401     1.1309  29.818515     1.1310  29.817759     4.5365     4.5792    -0.0133    91.6000 1.0000e-12  -64.91182  -64.67118 345.714318      99.97 9.3785e+02   2650.059      63602  1028.8943  1028.8933    34.5983    34.5971    7.80160         22 0.0000e+00
    249.000    246.411     1.1230  29.809951     1.1239  29.809836     4.5441     4.5870    -0.0077    91.5947 1.0000e-12  -64.91182  -64.67118 345.714328      99.97 9.3874e+02   2650.939      63624  1028.8890  1028.8880    34.5966    34.5955    7.80326         20 0.0000e+00
    248.000    245.423     1.1159  29.801849     1.1175  29.802514     4.5547     4.5897    -0.0146    91.5791 1.0000e-12  -64.91181  -64.67118 345.714338      99.97 9.3961e+02   2651.844      63645  1028.8833  1028.8824    34.5946    34.5937    7.80478         22 0.0000e+00
    247.000    244.434     1.1104  29.795514     1.1141  29.798160     4.5610     4.5946    -0.0150    91.5802 1.0000e-12  -64.91180  -64.67118 345.714351      99.97 9.3818e+02   2652.903      63671  1028.8780  1028.8770    34.5932    34.5924    7.80596         27 0.0000e+00
    246.000    243.445     1.1040  29.788424     1.1129  29.796523     4.5625     4.6086    -0.0079    91.5593 1.0000e-12  -64.91180  -64.67118 345.714365      99.97 9.3785e+02   2654.133      63700  1028.8727  1028.8722    34.5917    34.5922    7.80731         29 0.0000e+00
    245.000    242.455     1.1000  29.784056     1.1023  29.785362     4.5794     4.6114     0.0082    91.5372 1.0000e-12  -64.91182  -64.67116 345.714378      99.97 9.3743e+02   2655.255      63727  1028.8678  1028.8669    34.5911    34.5902    7.80813         25 0.0000e+00
    244.000    241.468     1.0960  29.779024     1.0978  29.780019     4.5829     4.6077    -0.0070    91.5505 1.0000e-12  -64.91182  -64.67116 345.714389      99.97 9.3612e+02   2656.207      63750  1028.8623  1028.8615    34.5897    34.5889    7.80902         22 0.0000e+00
    243.000    240.476     1.0906  29.772987     1.0915  29.773077     4.5696     4.6139    -0.0077    91.5488 1.0000e-12  -64.91182  -64.67116 345.714400      99.97 9.3506e+02   2657.186      63773  1028.8571  1028.8563    34.5885    34.5876    7.81016         24 0.0000e+00
    242.000    239.486     1.0988  29.780959     1.0997  29.780885     4.5627     4.6143    -0.0047    91.5497 1.0000e-12  -64.91182  -64.67116 345.714428      99.97 9.3433e+02   2659.562      63830  1028.8527  1028.8518    34.5902    34.5891    7.80842         32 0.0000e+00
    241.000    238.501     1.0984  29.780863     1.1016  29.783084     4.6000     4.6402     0.0025    91.5497 1.0000e-12  -64.91182  -64.67118 345.714460      99.97 9.3507e+02   2662.335      63897  1028.8487  1028.8478    34.5912    34.5904    7.80846         26 0.0000e+00
    240.000    237.512     1.0894  29.770938     1.0886  29.769175     4.6304     4.6577    -0.0079    91.5497 1.0000e-12  -64.91182  -64.67118 345.714469      99.97 9.3621e+02   2663.098      63915  1028.8430  1028.8422    34.5889    34.5876    7.81037         17 0.0000e+00
    239.000    236.521     1.0738  29.755027     1.0755  29.755379     4.6319     4.6609    -0.0077    91.5305 1.0000e-12  -64.91182  -64.67118 345.714476      99.97 9.3776e+02   2663.760      63931  1028.8379  1028.8367    34.5864    34.5850    7.81364         15 0.0000e+00
    238.000    235.534     1.0620  29.741072     1.0609  29.739511     4.6281     4.6587    -0.0077    91.5146 1.0000e-12  -64.91182  -64.67118 345.714484      99.97 9.3785e+02   2664.384      63946  1028.8308  1028.8303    34.5820    34.5813    7.81622         16 0.0000e+00
    237.000    234.542     1.0574  29.735432     1.0561  29.733065     4.6285     4.6564    -0.0077    91.5236 1.0000e-12  -64.91182  -64.67118 345.714491      99.97 9.3785e+02   2665.042      63962  1028.8252  1028.8241    34.5805    34.5789    7.81722         16 0.0000e+00
    236.000    233.554     1.0543  29.731476     1.0606  29.736656     4.6295     4.6590    -0.0077    91.5181 1.0000e-12  -64.91182  -64.67118 345.714500      99.97 9.3730e+02   2665.843      63981  1028.8198  1028.8190    34.5794    34.5791    7.81790         22 0.0000e+00
    235.000    232.565     1.0651  29.741965     1.0635  29.740015     4.6266     4.6622    -0.0077    91.4998 1.0000e-12  -64.91182  -64.67117 345.714513      99.97 9.3614e+02   2666.934      64007  1028.8155  1028.8152    34.5815    34.5808    7.81562         32 0.0000e+00
    234.000    231.576     1.0570  29.733296     1.0574  29.732718     4.6125     4.6615    -0.0021    91.5071 1.0000e-12  -64.91182  -64.67118 345.714533      99.97 9.3609e+02   2668.668      64049  1028.8103  1028.8093    34.5799    34.5788    7.81733         36 0.0000e+00
    233.000    230.586     1.0622  29.739152     1.0626  29.737887     4.6191     4.6659    -0.0041    91.4873 1.0000e-12  -64.91182  -64.67118 345.714558      99.97 9.3506e+02   2670.835      64101  1028.8068  1028.8051    34.5823    34.5802    7.81617         41 0.0000e+00
    232.000    229.598     1.0581  29.734377     1.0573  29.732941     4.6509     4.6920     0.0048    91.4888 1.0000e-12  -64.91182  -64.67117 345.714577      99.97 9.3432e+02   2672.485      64141  1028.8015  1028.8008    34.5812    34.5803    7.81704         33 0.0000e+00
    231.000    228.610     1.0442  29.719068     1.0425  29.716422     4.6690     4.7046    -0.0056    91.5107 1.0000e-12  -64.91182  -64.67117 345.714592      99.97 9.3433e+02   2673.713      64170  1028.7952  1028.7942    34.5775    34.5761    7.82002         27 0.0000e+00
    230.000    227.620     1.0301  29.704462     1.0255  29.698488     4.6635     4.7068    -0.0077    91.4983 1.0000e-12  -64.91182  -64.67117 345.714604      99.97 9.3433e+02   2674.784      64196  1028.7896  1028.7881    34.5750    34.5724    7.82299         25 0.0000e+00
    229.000    226.630     1.0199  29.692814     1.0195  29.691271     4.6641     4.7133    -0.0019    91.4960 1.0000e-12  -64.91182  -64.67117 345.714616      99.97 9.3433e+02   2675.814      64221  1028.7834  1028.7822    34.5719    34.5704    7.82520         24 0.0000e+00
    228.000    225.642     1.0177  29.689845     1.0177  29.688927     4.6729     4.7137    -0.0055    91.4832 1.0000e-12  -64.91182  -64.67117 345.714627      99.97 9.3433e+02   2676.806      64244  1028.7781  1028.7770    34.5711    34.5699    7.82569         24 0.0000e+00
