NBP2113_155081_ctd/data/nbp2113_011.ros
* Sea-Bird SBE 9 Data File:
* FileName = D:\Data\raw\NBP2113_011.hex
* Software Version Seasave V 7.26.7.121
* Temperature SN = 2438
* Conductivity SN = 2067
* Number of Bytes Per Scan = 40
* Number of Voltage Words = 5
* Number of Scans Averaged by the Deck Unit = 1
* NMEA Latitude = 63 57.92 S
* NMEA Longitude = 066 51.27 W
* NMEA UTC (Time) = Nov 26 2021  05:08:42
* NMEA baud rate = 9600
** Ship: RVIB N.B. Palmer
** Cruise: NBP2113 LTER
** Station: 600.200
** Operator: B. Urmston
# nquan = 20
# nvalues = 1155                                  
# units = specified
# name 0 = prDM: Pressure, Digiquartz [db]
# name 1 = depSM: Depth [salt water, m]
# name 2 = t090C: Temperature [ITS-90, deg C]
# name 3 = c0mS/cm: Conductivity [mS/cm]
# name 4 = t190C: Temperature, 2 [ITS-90, deg C]
# name 5 = c1mS/cm: Conductivity, 2 [mS/cm]
# name 6 = sbeox0ML/L: Oxygen, SBE 43 [ml/l]
# name 7 = sbeox1ML/L: Oxygen, SBE 43, 2 [ml/l]
# name 8 = flECO-AFL: Fluorescence, WET Labs ECO-AFL/FL [mg/m^3]
# name 9 = CStarTr0: Beam Transmission, WET Labs C-Star [%]
# name 10 = par: PAR/Irradiance, Biospherical/Licor
# name 11 = latitude: Latitude [deg]
# name 12 = longitude: Longitude [deg]
# name 13 = timeJ: Julian Days
# name 14 = altM: Altimeter [m]
# name 15 = spar: SPAR, Biospherical/Licor
# name 16 = timeS: Time, Elapsed [seconds]
# name 17 = scan: Scan Count
# name 18 = nbf: Bottles Fired
# name 19 = flag:  0.000e+00
# interval = seconds: 0.0416667
# start_time = Nov 26 2021 05:08:42 [NMEA time, header]
# bad_flag = -9.990e-29
*END*
[from data line 435]
    101.360    100.350     1.2752  29.736996     1.2965  29.755485     4.7467     4.6922     0.0143    97.6266 1.0000e-12  -63.96580  -66.85584 330.309320      99.98 4.5835e+01   8203.250     196879          9  0.000e+00
    101.306    100.295     1.2753  29.737114     1.2989  29.757155     4.7449     4.6917     0.0143    97.6266 1.0000e-12  -63.96580  -66.85584 330.309321      99.98 4.7598e+01   8203.292     196880          9  0.000e+00
    101.333    100.323     1.2761  29.738352     1.2980  29.756118     4.7496     4.6917     0.0143    97.6266 1.0000e-12  -63.96580  -66.85584 330.309321      99.98 4.7598e+01   8203.333     196881          9  0.000e+00
    101.360    100.350     1.2779  29.738941     1.2967  29.754967     4.7446     4.6918     0.0143    97.6266 1.0000e-12  -63.96580  -66.85584 330.309321      99.95 4.7598e+01   8203.375     196882          9  0.000e+00
    101.333    100.323     1.2761  29.735935     1.2967  29.755370     4.7444     4.6968     0.0143    97.6266 1.0000e-12  -63.96580  -66.85584 330.309322      99.98 4.7598e+01   8203.417     196883          9  0.000e+00
    101.361    100.350     1.2713  29.730455     1.2979  29.756176     4.7502     4.6973     0.0143    97.6266 1.0000e-12  -63.96580  -66.85584 330.309322     100.00 4.7598e+01   8203.458     196884          9  0.000e+00
    101.361    100.350     1.2846  29.744186     1.2977  29.755082     4.7557     4.6957     0.0143    97.5751 1.0000e-12  -63.96580  -66.85584 330.309326      99.98 4.7598e+01   8203.750     196891         10  0.000e+00
    101.285    100.275     1.2862  29.746662     1.2958  29.753527     4.7670     4.6959     0.0143    97.5751 1.0000e-12  -63.96580  -66.85584 330.309326      99.98 4.7598e+01   8203.792     196892         10  0.000e+00
    101.361    100.350     1.2922  29.752379     1.2940  29.751051     4.7679     4.6963     0.0143    97.5493 1.0000e-12  -63.96580  -66.85584 330.309327      99.98 4.7598e+01   8203.833     196893         10  0.000e+00
    101.306    100.296     1.2981  29.755267     1.2934  29.749669     4.7632     4.7016     0.0143    97.5751 1.0000e-12  -63.96580  -66.85584 330.309327      99.95 4.7598e+01   8203.875     196894         10  0.000e+00
    101.285    100.275     1.2958  29.753381     1.2945  29.751166     4.7637     4.7022     0.0143    97.5751 1.0000e-12  -63.96580  -66.85584 330.309328      99.98 4.7598e+01   8203.917     196895         10  0.000e+00
    101.306    100.296     1.2919  29.750964     1.2934  29.751051     4.7711     4.7032     0.0143    97.5751 1.0000e-12  -63.96580  -66.85584 330.309328      99.98 4.7598e+01   8203.958     196896         10  0.000e+00
    101.285    100.275     1.2898  29.748960     1.2915  29.748978     4.7685     4.7043     0.0143    97.5751 1.0000e-12  -63.96580  -66.85584 330.309329      99.98 4.7598e+01   8204.000     196897         10  0.000e+00
    101.361    100.350     1.2878  29.746544     1.2900  29.748575     4.7688     4.7053     0.0143    97.5751 1.0000e-12  -63.96580  -66.85584 330.309329      99.98 4.7598e+01   8204.042     196898         10  0.000e+00
    101.285    100.275     1.2830  29.741121     1.2908  29.749727     4.7694     4.7008     0.0143    97.5751 1.0000e-12  -63.96580  -66.85584 330.309330      99.95 4.7598e+01   8204.083     196899         10  0.000e+00
    101.306    100.296     1.2780  29.737703     1.2918  29.750072     4.7766     4.7008     0.0143    97.5493 1.0000e-12  -63.96580  -66.85584 330.309330      99.98 4.7598e+01   8204.125     196900         10  0.000e+00
    101.285    100.275     1.2789  29.738941     1.2928  29.750417     4.7731     4.7052     0.0143    97.5493 1.0000e-12  -63.96580  -66.85584 330.309331      99.98 4.7598e+01   8204.167     196901         10  0.000e+00
    101.306    100.296     1.2799  29.739766     1.2931  29.751454     4.7726     4.7060     0.0143    97.5493 1.0000e-12  -63.96580  -66.85584 330.309331      99.98 4.7598e+01   8204.208     196902         10  0.000e+00
    101.258    100.248     1.2795  29.740296     1.2938  29.752778     4.7789     4.7059     0.0143    97.5493 1.0000e-12  -63.96580  -66.85584 330.309332      99.98 4.7598e+01   8204.250     196903         10  0.000e+00
    101.333    100.323     1.2827  29.743125     1.2956  29.754967     4.7791     4.7065     0.0069    97.5751 1.0000e-12  -63.96580  -66.85584 330.309332      99.98 4.7598e+01   8204.292     196904         10  0.000e+00
    101.258    100.248     1.2856  29.745718     1.2974  29.756406     4.7834     4.7070     0.0069    97.5493 1.0000e-12  -63.96580  -66.85584 330.309333      99.98 4.7598e+01   8204.333     196905         10  0.000e+00
    101.285    100.275     1.2862  29.746485     1.2991  29.757558     4.7780     4.7076     0.0069    97.5751 1.0000e-12  -63.96580  -66.85584 330.309333      99.95 4.9361e+01   8204.375     196906         10  0.000e+00
    101.258    100.248     1.2865  29.746544     1.2998  29.756982     4.7780     4.7084     0.0069    97.5493 1.0000e-12  -63.96580  -66.85584 330.309334      99.98 4.9361e+01   8204.417     196907         10  0.000e+00
    101.285    100.275     1.2874  29.747369     1.2974  29.753527     4.7791     4.7088     0.0069    97.5493 1.0000e-12  -63.96580  -66.85584 330.309334      99.98 4.9361e+01   8204.458     196908         10  0.000e+00
    101.258    100.248     1.2887  29.748724     1.2937  29.750244     4.7799     4.7093     0.0069    97.5493 1.0000e-12  -63.96580  -66.85584 330.309334      99.98 4.9361e+01   8204.500     196909         10  0.000e+00
    101.258    100.248     1.2925  29.752320     1.2909  29.747596     4.7803     4.7097    -0.0004    97.5751 1.0000e-12  -63.96580  -66.85584 330.309335      99.98 4.9361e+01   8204.542     196910         10  0.000e+00
    101.286    100.275     1.2955  29.755090     1.2887  29.746617     4.7874     4.7107     0.0069    97.6008 1.0000e-12  -63.96580  -66.85584 330.309335      99.95 4.9361e+01   8204.583     196911         10  0.000e+00
    101.258    100.248     1.2969  29.755326     1.2890  29.746847     4.7850     4.7106     0.0069    97.6008 1.0000e-12  -63.96580  -66.85584 330.309336      99.98 4.9361e+01   8204.625     196912         10  0.000e+00
    101.231    100.221     1.2953  29.753675     1.2899  29.748863     4.7805     4.7103     0.0069    97.6266 1.0000e-12  -63.96580  -66.85584 330.309336      99.98 4.9361e+01   8204.667     196913         10  0.000e+00
    101.258    100.248     1.2937  29.752556     1.2917  29.750705     4.7802     4.7099     0.0069    97.6266 1.0000e-12  -63.96580  -66.85584 330.309337      99.98 4.9361e+01   8204.708     196914         10  0.000e+00
    101.231    100.221     1.2927  29.751671     1.2945  29.752605     4.7852     4.7094     0.0069    97.6008 1.0000e-12  -63.96580  -66.85584 330.309337      99.98 4.9361e+01   8204.750     196915         10  0.000e+00
    101.258    100.248     1.2913  29.750080     1.2959  29.753930     4.7913     4.7098     0.0069    97.6008 1.0000e-12  -63.96580  -66.85586 330.309338      99.98 4.9361e+01   8204.792     196916         10  0.000e+00
    101.203    100.194     1.2886  29.748135     1.2973  29.754390     4.7920     4.7102     0.0069    97.6008 1.0000e-12  -63.96580  -66.85586 330.309338      99.98 4.9361e+01   8204.833     196917         10  0.000e+00
    101.231    100.221     1.2911  29.750787     1.2974  29.754448     4.7930     4.7108     0.0069    97.6008 1.0000e-12  -63.96580  -66.85586 330.309339      99.95 4.9361e+01   8204.875     196918         10  0.000e+00
    101.258    100.248     1.2971  29.755562     1.2974  29.755082     4.7879     4.7106     0.0069    97.6008 1.0000e-12  -63.96580  -66.85586 330.309339      99.98 4.9361e+01   8204.917     196919         10  0.000e+00
    101.231    100.221     1.3029  29.760513     1.2979  29.755312     4.7869     4.7111     0.0069    97.6008 1.0000e-12  -63.96580  -66.85586 330.309340      99.98 4.9361e+01   8204.958     196920         10  0.000e+00
    101.203    100.194     1.3056  29.762812     1.2974  29.754851     4.7863     4.7110     0.0069    97.6008 1.0000e-12  -63.96580  -66.85586 330.309340      99.98 4.9361e+01   8205.000     196921         10  0.000e+00
    101.231    100.221     1.3052  29.762105     1.2957  29.752836     4.7928     4.7110     0.0069    97.6008 1.0000e-12  -63.96580  -66.85586 330.309341      99.98 4.9361e+01   8205.042     196922         10  0.000e+00
    101.203    100.194     1.3044  29.761398     1.2931  29.751396     4.7937     4.7110     0.0069    97.6008 1.0000e-12  -63.96580  -66.85586 330.309341      99.95 4.9361e+01   8205.083     196923         10  0.000e+00
    101.183    100.174     1.3043  29.761221     1.2921  29.749899     4.7889     4.7108     0.0069    97.6008 1.0000e-12  -63.96580  -66.85586 330.309342      99.98 4.9361e+01   8205.125     196924         10  0.000e+00
    101.203    100.194     1.3038  29.760749     1.2914  29.749323     4.7817     4.7106     0.0069    97.6008 1.0000e-12  -63.96580  -66.85586 330.309342      99.98 4.9361e+01   8205.167     196925         10  0.000e+00
    101.203    100.194     1.3018  29.759865     1.2921  29.750648     4.7854     4.7101     0.0069    97.6008 1.0000e-12  -63.96580  -66.85586 330.309343      99.98 4.9361e+01   8205.208     196926         10  0.000e+00
    101.231    100.221     1.3018  29.759334     1.2936  29.752375     4.7791     4.7146     0.0069    97.6008 1.0000e-12  -63.96580  -66.85586 330.309343      99.98 4.9361e+01   8205.250     196927         10  0.000e+00
    101.155    100.147     1.3021  29.760160     1.2940  29.752605     4.7811     4.7096     0.0069    97.6008 1.0000e-12  -63.96580  -66.85586 330.309344      99.98 4.9361e+01   8205.292     196928         10  0.000e+00
    101.183    100.174     1.3047  29.763461     1.2945  29.752720     4.7784     4.7143     0.0069    97.6008 1.0000e-12  -63.96580  -66.85586 330.309344     100.00 4.9361e+01   8205.333     196929         10  0.000e+00
    101.204    100.194     1.3100  29.767529     1.2945  29.753412     4.7820     4.7144     0.0216    97.6008 1.0000e-12  -63.96580  -66.85586 330.309345      99.95 4.9361e+01   8205.375     196930         10  0.000e+00
    101.183    100.174     1.3100  29.768000     1.2951  29.754275     4.7806     4.7093     0.0362    97.6008 1.0000e-12  -63.96580  -66.85586 330.309345      99.98 4.9361e+01   8205.417     196931         10  0.000e+00
    101.204    100.194     1.3089  29.767411     1.2960  29.755888     4.7791     4.7093     0.0362    97.6266 1.0000e-12  -63.96580  -66.85586 330.309346      99.98 4.9361e+01   8205.458     196932         10  0.000e+00
    101.156    100.147     1.3107  29.766526     1.2979  29.757442     4.7893     4.7091     0.0436    97.6266 1.0000e-12  -63.96580  -66.85586 330.309346     100.00 4.9361e+01   8205.500     196933         10  0.000e+00
    101.183    100.174     1.3076  29.765347     1.2995  29.758997     4.7967     4.7082     0.0362    97.6266 1.0000e-12  -63.96580  -66.85586 330.309347      99.98 4.9361e+01   8205.542     196934         10  0.000e+00
    101.204    100.194     1.3100  29.767411     1.3035  29.763144     4.7989     4.7077     0.0362    97.6266 1.0000e-12  -63.96580  -66.85586 330.309347      99.95 4.9361e+01   8205.583     196935         10  0.000e+00
    101.183    100.174     1.3133  29.770418     1.3081  29.766426     4.8006     4.7072     0.0362    97.6266 1.0000e-12  -63.96580  -66.85586 330.309348      99.98 4.9361e+01   8205.625     196936         10  0.000e+00
    101.156    100.147     1.3153  29.772186     1.3115  29.769364     4.8034     4.7060     0.0362    97.6266 1.0000e-12  -63.96580  -66.85586 330.309348      99.98 4.9361e+01   8205.667     196937         10  0.000e+00
    101.183    100.174     1.3166  29.772658     1.3137  29.770976     4.8062     4.7058     0.0362    97.6266 1.0000e-12  -63.96580  -66.85586 330.309348      99.98 4.9361e+01   8205.708     196938         10  0.000e+00
    101.204    100.194     1.3187  29.773424     1.3149  29.770861     4.8019     4.7109     0.0362    97.6266 1.0000e-12  -63.96580  -66.85586 330.309349     100.00 4.9361e+01   8205.750     196939         10  0.000e+00
     70.931     70.228    -0.1194  28.369733    -0.1187  28.369819     6.2173     6.1200     0.1095    97.2661 1.0000e-12  -63.96584  -66.85592 330.310249      99.98 4.7598e+01   8283.500     198805         11  0.000e+00
     70.883     70.181    -0.1195  28.369675    -0.1189  28.369762     6.2174     6.1195     0.1095    97.2661 1.0000e-12  -63.96584  -66.85592 330.310249      99.98 4.7598e+01   8283.542     198806         11  0.000e+00
     70.890     70.188    -0.1197  28.369270    -0.1190  28.369706     6.2188     6.1189     0.1095    97.2661 1.0000e-12  -63.96584  -66.85592 330.310250      99.95 4.7598e+01   8283.583     198807         11  0.000e+00
     70.931     70.229    -0.1197  28.369328    -0.1187  28.369706     6.2128     6.1182     0.1095    97.2661 1.0000e-12  -63.96584  -66.85592 330.310250      99.95 4.7598e+01   8283.625     198808         11  0.000e+00
     70.883     70.181    -0.1198  28.368980    -0.1187  28.369479     6.2182     6.1173     0.1095    97.2661 1.0000e-12  -63.96584  -66.85592 330.310251      99.98 4.7598e+01   8283.667     198809         11  0.000e+00
     70.931     70.229    -0.1194  28.369617    -0.1190  28.369423     6.2133     6.1172     0.1095    97.3176 1.0000e-12  -63.96584  -66.85592 330.310251     100.00 4.7598e+01   8283.708     198810         11  0.000e+00
     70.883     70.181    -0.1190  28.370080    -0.1189  28.369253     6.2112     6.1169     0.1095    97.3691 1.0000e-12  -63.96584  -66.85592 330.310252      99.98 4.7598e+01   8283.750     198811         11  0.000e+00
     70.931     70.229    -0.1188  28.370544    -0.1193  28.369366     6.2076     6.1167     0.1095    97.3691 1.0000e-12  -63.96584  -66.85592 330.310252      99.98 4.7598e+01   8283.792     198812         11  0.000e+00
     70.842     70.140    -0.1185  28.370717    -0.1192  28.369253     6.2122     6.1216     0.1095    97.3691 1.0000e-12  -63.96584  -66.85592 330.310253      99.98 4.7598e+01   8283.833     198813         11  0.000e+00
     70.883     70.181    -0.1182  28.370312    -0.1194  28.368970     6.2168     6.1219     0.1095    97.3691 1.0000e-12  -63.96584  -66.85592 330.310253      99.95 4.7598e+01   8283.875     198814         11  0.000e+00
     70.986     70.283    -0.1182  28.371007    -0.1193  28.368914     6.2180     6.1221     0.1095    97.3691 1.0000e-12  -63.96584  -66.85592 330.310254      99.98 4.5835e+01   8283.917     198815         11  0.000e+00
     70.835     70.134    -0.1181  28.370659    -0.1194  28.369083     6.2175     6.1219     0.1095    97.3691 1.0000e-12  -63.96584  -66.85592 330.310254      99.98 4.7598e+01   8283.958     198816         11  0.000e+00
     70.931     70.229    -0.1183  28.370833    -0.1192  28.369536     6.2184     6.1218     0.1095    97.3691 1.0000e-12  -63.96584  -66.85592 330.310255      99.98 4.5835e+01   8284.000     198817         11  0.000e+00
     70.835     70.134    -0.1180  28.370601    -0.1188  28.369705     6.2130     6.1213     0.1095    97.3691 1.0000e-12  -63.96584  -66.85592 330.310255      99.98 4.5835e+01   8284.042     198818         11  0.000e+00
     70.931     70.229    -0.1181  28.371065    -0.1186  28.369706     6.2077     6.1209     0.1095    97.3691 1.0000e-12  -63.96584  -66.85592 330.310256      99.95 4.5835e+01   8284.083     198819         11  0.000e+00
     70.890     70.188    -0.1180  28.370833    -0.1183  28.369706     6.2080     6.1211     0.1095    97.3691 1.0000e-12  -63.96584  -66.85592 330.310256      99.98 4.5835e+01   8284.125     198820         11  0.000e+00
