NBP2113_155081_ctd/data/nbp2113_044.cnv
* Sea-Bird SBE 9 Data File:
* FileName = D:\Data\raw\NBP2113_044.hex
* Software Version Seasave V 7.26.7.121
* Temperature SN = 2438
* Conductivity SN = 2067
* Number of Bytes Per Scan = 40
* Number of Voltage Words = 5
* Number of Scans Averaged by the Deck Unit = 1
* NMEA Latitude = 64 55.93 S
* NMEA Longitude = 064 23.72 W
* NMEA UTC (Time) = Dec 11 2021  01:40:08
* NMEA baud rate = 9600
** Ship: RVIB N.B. Palmer
** Cruise: NBP2113 LTER
** Station: 600.040
** Operator: S. Blackman
# nquan = 25
# nvalues = 199                         
# units = specified
# name 0 = prDM: Pressure, Digiquartz [db]
# name 1 = depSM: Depth [salt water, m]
# name 2 = t090C: Temperature [ITS-90, deg C]
# name 3 = c0mS/cm: Conductivity [mS/cm]
# name 4 = t190C: Temperature, 2 [ITS-90, deg C]
# name 5 = c1mS/cm: Conductivity, 2 [mS/cm]
# name 6 = sbeox0ML/L: Oxygen, SBE 43 [ml/l]
# name 7 = sbeox1ML/L: Oxygen, SBE 43, 2 [ml/l]
# name 8 = flECO-AFL: Fluorescence, WET Labs ECO-AFL/FL [mg/m^3]
# name 9 = CStarTr0: Beam Transmission, WET Labs C-Star [%]
# name 10 = par: PAR/Irradiance, Biospherical/Licor
# name 11 = latitude: Latitude [deg]
# name 12 = longitude: Longitude [deg]
# name 13 = timeJ: Julian Days
# name 14 = altM: Altimeter [m]
# name 15 = spar: SPAR, Biospherical/Licor
# name 16 = timeS: Time, Elapsed [seconds]
# name 17 = scan: Scan Count
# name 18 = density00: Density [density, kg/m^3]
# name 19 = density11: Density, 2 [density, kg/m^3]
# name 20 = sal00: Salinity, Practical [PSU]
# name 21 = sal11: Salinity, Practical, 2 [PSU]
# name 22 = oxsolML/L: Oxygen Saturation, Garcia & Gordon [ml/l]
# name 23 = nbin: number of scans per bin
# name 24 = flag: flag
# span 0 =      1.000,    102.000       
# span 1 =      0.990,    100.962       
# span 2 =    -0.8593,     0.2319       
# span 3 =  27.219887,  28.786900       
# span 4 =    -0.8578,     0.2322       
# span 5 =  27.219379,  28.785477       
# span 6 =     5.4783,     8.7159       
# span 7 =     5.5683,     8.5339       
# span 8 =     0.0371,     1.9058       
# span 9 =    82.9502,    91.9073       
# span 10 = -1.664e-06, 1.7437e+01      
# span 11 =  -64.93254,  -64.93224      
# span 12 =  -64.39590,  -64.39540      
# span 13 = 345.073150, 345.079332      
# span 14 =      38.21,     106.68      
# span 15 = 5.2886e+00, 1.0577e+01      
# span 16 =    312.167,    846.291      
# span 17 =       7493,      20312      
# span 18 =  1026.9465,  1028.0530      
# span 19 =  1026.9505,  1028.0538      
# span 20 =    33.5206,    34.3527      
# span 21 =    33.5219,    34.3507      
# span 22 =    7.99845,    8.27885      
# span 23 =          7,         49      
# span 24 = 0.0000e+00, 0.0000e+00      
# interval = decibars: 1                
# start_time = Dec 11 2021 01:40:08 [NMEA time, header]
# bad_flag = -9.990e-29
*END*
[from data line 116]
     83.000     82.170     0.1479  28.680898     0.1503  28.682027     5.5773     5.6401     0.0582    91.8453 1.0000e-12  -64.93242  -64.39572 345.076690      99.97 8.8144e+00    618.000      14833  1027.9383  1027.9371    34.3106    34.3094    8.01794         25 0.0000e+00
     82.000     81.180     0.1292  28.659088     0.1306  28.658472     5.6014     5.6534     0.0609    91.8565 1.0000e-12  -64.93242  -64.39572 345.076701      99.97 8.8144e+00    619.014      14857  1027.9290  1027.9270    34.3034    34.3010    8.02225         24 0.0000e+00
     81.000     80.190     0.1154  28.640798     0.1095  28.632850     5.6144     5.6578     0.0701    91.8254 1.0000e-12  -64.93242  -64.39572 345.076714      99.97 8.8144e+00    620.081      14883  1027.9187  1027.9160    34.2953    34.2914    8.02559         27 0.0000e+00
     80.000     79.201     0.1040  28.626808     0.1032  28.624006     5.6271     5.6596     0.0863    91.8096 1.0000e-12  -64.93242  -64.39572 345.076728      99.97 8.8144e+00    621.326      14913  1027.9104  1027.9082    34.2901    34.2873    8.02826         33 0.0000e+00
     79.000     78.212     0.0973  28.617872     0.0938  28.612374     5.6294     5.6704     0.0925    91.8007 1.0000e-12  -64.93242  -64.39572 345.076745      99.97 8.8144e+00    622.732      14947  1027.9029  1027.9005    34.2865    34.2831    8.02988         32 0.0000e+00
     78.000     77.221     0.0885  28.607196     0.0826  28.598540     5.6447     5.6876     0.1008    91.7885 1.0000e-12  -64.93242  -64.39572 345.076761      99.97 8.8144e+00    624.120      14980  1027.8956  1027.8922    34.2827    34.2779    8.03192         33 0.0000e+00
     77.000     76.231     0.0755  28.591418     0.0709  28.583812     5.6690     5.7153     0.0970    91.7807 1.0000e-12  -64.93242  -64.39572 345.076776      99.97 8.8144e+00    625.461      15012  1027.8870  1027.8834    34.2770    34.2721    8.03496         32 0.0000e+00
     76.000     75.242     0.0600  28.571159     0.0533  28.562654     5.6950     5.7362     0.0989    91.7949 1.0000e-12  -64.93242  -64.39572 345.076793      99.97 8.8144e+00    626.881      15046  1027.8761  1027.8736    34.2682    34.2644    8.03872         36 0.0000e+00
     75.000     74.251     0.0442  28.554014     0.0335  28.540286     5.7300     5.7586     0.1092    91.7572 1.0000e-12  -64.93242  -64.39572 345.076811      99.97 8.8144e+00    628.449      15084  1027.8686  1027.8645    34.2637    34.2576    8.04227         36 0.0000e+00
     74.000     73.262     0.0247  28.531911     0.0267  28.532296     5.7344     5.7649     0.1144    91.7289 1.0000e-12  -64.93242  -64.39573 345.076828      99.97 8.8144e+00    629.926      15119  1027.8597  1027.8579    34.2570    34.2552    8.04676         31 0.0000e+00
     73.000     72.271     0.0190  28.524522     0.0162  28.519469     5.7446     5.7687     0.1030    91.7500 1.0000e-12  -64.93242  -64.39574 345.076841      99.97 8.8144e+00    631.063      15147  1027.8528  1027.8501    34.2541    34.2506    8.04811         24 0.0000e+00
     72.000     71.283     0.0147  28.518691     0.0146  28.517194     5.7289     5.7683     0.0922    91.7220 1.0000e-12  -64.93242  -64.39574 345.076851      99.97 8.8144e+00    631.943      15168  1027.8463  1027.8447    34.2518    34.2499    8.04914         20 0.0000e+00
     71.000     70.292     0.0111  28.514127     0.0092  28.510585     5.7162     5.7680     0.0925    91.6994 1.0000e-12  -64.93242  -64.39574 345.076860      99.97 8.8144e+00    632.729      15187  1027.8405  1027.8384    34.2504    34.2478    8.04998         19 0.0000e+00
     70.000     69.303     0.0065  28.508321     0.0035  28.503514     5.7058     5.7689     0.1088    91.6793 1.0000e-12  -64.93242  -64.39574 345.076870      99.97 8.8144e+00    633.568      15207  1027.8344  1027.8321    34.2485    34.2455    8.05106         22 0.0000e+00
     69.000     68.312     0.0140  28.514828     0.0099  28.509805     5.7134     5.7693     0.1257    91.6784 1.0000e-12  -64.93242  -64.39574 345.076883      99.97 8.8144e+00    634.658      15233  1027.8294  1027.8280    34.2493    34.2473    8.04943         31 0.0000e+00
     68.000     67.322     0.0078  28.508762     0.0083  28.507875     5.7086     5.7743     0.1144    91.6784 1.0000e-12  -64.93242  -64.39574 345.076903      99.97 8.8144e+00    636.395      15274  1027.8245  1027.8231    34.2488    34.2471    8.05077         43 0.0000e+00
     67.000     66.333     0.0122  28.513702     0.0093  28.510116     5.7188     5.8038     0.1177    91.6713 1.0000e-12  -64.93242  -64.39574 345.076924      99.97 8.8144e+00    638.235      15319  1027.8211  1027.8200    34.2511    34.2496    8.04972         37 0.0000e+00
     66.000     65.343    -0.0035  28.496278    -0.0195  28.476117     5.8379     5.8887     0.1168    91.6441 1.0000e-12  -64.93242  -64.39574 345.076942      99.97 8.8144e+00    639.761      15355  1027.8133  1027.8075    34.2461    34.2374    8.05329         32 0.0000e+00
     65.000     64.353    -0.0564  28.434687    -0.0687  28.416457     5.9337     5.9450     0.1265    91.6421 9.7438e-04  -64.93242  -64.39576 345.076958      99.97 8.8144e+00    641.133      15388  1027.7949  1027.7874    34.2242    34.2138    8.06567         29 0.0000e+00
     64.000     63.364    -0.0810  28.396016    -0.0843  28.387677     5.9720     5.9615     0.1235    91.6348 2.9580e-03  -64.93242  -64.39576 345.076970      99.97 8.8144e+00    642.239      15415  1027.7732  1027.7672    34.2011    34.1937    8.07218         23 0.0000e+00
     63.000     62.373    -0.0822  28.391559    -0.0877  28.377934     5.9782     5.9752     0.1340    91.5589 5.5004e-03  -64.93244  -64.39576 345.076981      99.97 8.8144e+00    643.143      15436  1027.7650  1027.7555    34.1971    34.1851    8.07266         20 0.0000e+00
     62.000     61.384    -0.0877  28.378237    -0.0879  28.375955     5.9653     5.9750     0.1533    91.4801 7.7092e-03  -64.93244  -64.39576 345.076990      99.97 8.8144e+00    643.950      15456  1027.7516  1027.7491    34.1862    34.1833    8.07444         19 0.0000e+00
     61.000     60.392    -0.0887  28.375566    -0.0893  28.373344     5.9360     5.9684     0.1819    91.4345 9.9739e-03  -64.93244  -64.39576 345.076999      99.97 8.8144e+00    644.727      15474  1027.7452  1027.7432    34.1843    34.1821    8.07475         19 0.0000e+00
     60.000     59.404    -0.0916  28.371681    -0.0929  28.368778     5.9353     5.9647     0.1967    91.4080 1.3403e-02  -64.93244  -64.39576 345.077009      99.97 8.8144e+00    645.564      15495  1027.7393  1027.7374    34.1830    34.1806    8.07543         21 0.0000e+00
     59.000     58.413    -0.0862  28.379620    -0.0881  28.374445     5.9356     5.9633     0.2223    91.3698 1.6416e-02  -64.93244  -64.39576 345.077022      99.97 8.8144e+00    646.708      15522  1027.7380  1027.7342    34.1882    34.1834    8.07401         35 0.0000e+00
     58.000     57.424    -0.0840  28.382294    -0.0829  28.382490     5.9569     5.9968     0.2099    91.4008 2.2964e-02  -64.93244  -64.39574 345.077057      99.96 8.8144e+00    649.748      15595  1027.7340  1027.7329    34.1898    34.1888    8.07345         32 0.0000e+00
     57.000     56.434    -0.0849  28.381666    -0.0845  28.380907     6.2045     6.1639     0.1896    91.4155 2.8960e-02  -64.93244  -64.39576 345.077078      99.97 8.8144e+00    651.513      15637  1027.7297  1027.7285    34.1906    34.1892    8.07358         25 0.0000e+00
     56.000     55.444    -0.0996  28.363903    -0.1003  28.363607     6.4058     6.2924     0.1833    91.3960 3.4027e-02  -64.93244  -64.39576 345.077088      99.97 8.8144e+00    652.381      15658  1027.7208  1027.7208    34.1840    34.1845    8.07706         20 0.0000e+00
     55.000     54.453    -0.2213  28.220498    -0.2185  28.222056     6.4809     6.3567     0.1983    91.3434 3.8274e-02  -64.93244  -64.39578 345.077097      99.97 8.8144e+00    653.172      15677  1027.6816  1027.6808    34.1300    34.1290    8.10594         19 0.0000e+00
     54.000     53.465    -0.2545  28.170897    -0.2733  28.147105     6.5254     6.4084     0.2216    91.2466 4.2005e-02  -64.93244  -64.39578 345.077106      99.97 8.8144e+00    653.954      15696  1027.6559  1027.6490    34.1017    34.0909    8.11463         19 0.0000e+00
     53.000     52.473    -0.2865  28.132273    -0.2928  28.123375     6.5440     6.4501     0.2707    91.1311 4.4932e-02  -64.93244  -64.39578 345.077116      99.97 8.8144e+00    654.772      15716  1027.6412  1027.6375    34.0865    34.0817    8.12230         20 0.0000e+00
     52.000     51.486    -0.3029  28.111062    -0.3072  28.105200     6.4812     6.4372     0.3217    91.0481 4.6856e-02  -64.93244  -64.39578 345.077125      99.97 8.8144e+00    655.612      15736  1027.6293  1027.6272    34.0772    34.0741    8.12634         20 0.0000e+00
     51.000     50.493    -0.3133  28.100194    -0.3175  28.093076     6.3920     6.4085     0.3376    91.0101 4.9976e-02  -64.93244  -64.39578 345.077135      99.97 8.8144e+00    656.479      15757  1027.6230  1027.6193    34.0749    34.0701    8.12868         22 0.0000e+00
     50.000     49.505    -0.3064  28.103849    -0.3251  28.080946     6.3341     6.3550     0.3573    90.9859 5.3689e-02  -64.93244  -64.39576 345.077147      99.97 8.8144e+00    657.482      15781  1027.6154  1027.6089    34.0727    34.0630    8.12735         28 0.0000e+00
     49.000     48.515    -0.2468  28.181868    -0.2495  28.173731     6.3273     6.3684     0.3473    90.9895 6.6612e-02  -64.93244  -64.39575 345.077181      99.97 8.8144e+00    660.478      15852  1027.6358  1027.6295    34.1107    34.1029    8.11246         29 0.0000e+00
     48.000     47.525    -0.2380  28.190065    -0.2388  28.185879     6.6203     6.5695     0.3356    91.0373 8.0158e-02  -64.93244  -64.39576 345.077208      99.97 8.8144e+00    662.816      15909  1027.6316  1027.6275    34.1125    34.1077    8.11050         22 0.0000e+00
     47.000     46.534    -0.2951  28.125711    -0.2966  28.124940     6.8013     6.6985     0.2869    90.9735 8.7245e-02  -64.93244  -64.39576 345.077217      99.97 8.8144e+00    663.556      15926  1027.6135  1027.6142    34.0911    34.0917    8.12388         18 0.0000e+00
     46.000     45.545    -0.3837  28.018067    -0.4001  27.997771     6.9283     6.7840     0.3162    90.9035 9.4510e-02  -64.93244  -64.39578 345.077226      99.97 8.8144e+00    664.282      15944  1027.5798  1027.5738    34.0470    34.0381    8.14536         18 0.0000e+00
     45.000     44.553    -0.4349  27.955890    -0.4451  27.942613     6.9749     6.8405     0.3585    90.8287 1.0026e-01  -64.93244  -64.39578 345.077234      99.97 8.8144e+00    665.041      15962  1027.5577  1027.5532    34.0216    34.0153    8.15780         19 0.0000e+00
     44.000     43.563    -0.4834  27.892374    -0.4985  27.870995     7.0325     6.9140     0.4244    90.7491 1.0501e-01  -64.93244  -64.39578 345.077244      99.97 8.8144e+00    665.873      15982  1027.5313  1027.5229    33.9913    33.9795    8.16997         21 0.0000e+00
     43.000     42.575    -0.5098  27.855371    -0.5180  27.844062     7.0717     6.9594     0.4764    90.6502 1.0903e-01  -64.93244  -64.39578 345.077255      99.97 8.8144e+00    666.806      16004  1027.5121  1027.5075    33.9718    33.9658    8.17679         24 0.0000e+00
     42.000     41.584    -0.5266  27.832782    -0.5492  27.802470     6.9758     6.9021     0.5897    90.5104 1.1468e-01  -64.93245  -64.39577 345.077267      99.97 8.8144e+00    667.833      16029  1027.4988  1027.4878    33.9609    33.9455    8.18105         25 0.0000e+00
     41.000     40.594    -0.5415  27.808885    -0.5573  27.789707     6.8990     6.8266     0.5911    90.4080 1.2403e-01  -64.93246  -64.39576 345.077280      99.97 8.8144e+00    668.986      16057  1027.4823  1027.4766    33.9461    33.9380    8.18512         31 0.0000e+00
     40.000     39.603    -0.5041  27.862458    -0.4816  27.888525     6.8165     6.8059     0.5492    90.3431 1.4042e-01  -64.93246  -64.39575 345.077300      99.97 8.3398e+00    670.691      16098  1027.4985  1027.5040    33.9768    33.9866    8.17527         40 0.0000e+00
     39.000     38.613    -0.4840  27.889564    -0.4649  27.906468     6.7915     6.8351     0.5331    90.4419 1.6055e-01  -64.93246  -64.39576 345.077331      99.97 8.3112e+00    673.379      16162  1027.5032  1027.5029    33.9913    33.9926    8.17011         35 0.0000e+00
     38.000     37.625    -0.4864  27.882902    -0.4929  27.873704     7.0448     6.9808     0.5257    90.2981 1.7271e-01  -64.93246  -64.39576 345.077350      99.97 8.5945e+00    675.001      16201  1027.4935  1027.4901    33.9857    33.9806    8.17095         31 0.0000e+00
     37.000     36.633    -0.5649  27.783693    -0.5441  27.808231     7.1772     7.0847     0.5257    90.2597 1.8307e-01  -64.93246  -64.39576 345.077363      99.97 8.6852e+00    676.184      16229  1027.4581  1027.4643    33.9408    33.9505    8.19048         27 0.0000e+00
     36.000     35.644    -0.6135  27.717907    -0.6104  27.721397     7.1888     7.1260     0.5545    90.2120 1.9302e-01  -64.93246  -64.39576 345.077376      99.97 8.2953e+00    677.282      16256  1027.4290  1027.4300    33.9073    33.9086    8.20295         27 0.0000e+00
     35.000     34.654    -0.6174  27.710934    -0.6230  27.702126     7.1378     7.1405     0.6112    90.0987 2.0627e-01  -64.93246  -64.39576 345.077389      99.97 7.6632e+00    678.438      16284  1027.4203  1027.4163    33.9030    33.8973    8.20405         27 0.0000e+00
     34.000     33.665    -0.6161  27.712876    -0.6240  27.699815     7.1459     7.1577     0.6842    90.0197 2.2616e-01  -64.93246  -64.39576 345.077405      99.97 7.7066e+00    679.815      16317  1027.4162  1027.4098    33.9047    33.8960    8.20366         35 0.0000e+00
     33.000     32.674    -0.6132  27.712517    -0.6267  27.694832     7.1780     7.2014     0.8005    90.0098 2.4992e-01  -64.93248  -64.39576 345.077423      99.97 7.6201e+00    681.343      16353  1027.4082  1027.4021    33.9016    33.8929    8.20322         34 0.0000e+00
     32.000     31.684    -0.6330  27.685710    -0.6333  27.682895     7.1544     7.2271     0.7729    89.9508 2.7208e-01  -64.93248  -64.39578 345.077439      99.97 7.5852e+00    682.727      16386  1027.3935  1027.3907    33.8882    33.8847    8.20827         33 0.0000e+00
     31.000     30.693    -0.6252  27.693811    -0.6345  27.676870     7.1265     7.2047     0.7140    89.8673 2.8553e-01  -64.93247  -64.39577 345.077460      99.97 7.0574e+00    684.506      16429  1027.3900  1027.3805    33.8910    33.8786    8.20643         35 0.0000e+00
     30.000     29.704    -0.6251  27.694342    -0.6332  27.681726     7.2370     7.2402     0.6862    89.8570 3.0985e-01  -64.93246  -64.39578 345.077496      99.97 7.0515e+00    687.699      16506  1027.3856  1027.3796    33.8922    33.8843    8.20633         36 0.0000e+00
     29.000     28.713    -0.6573  27.648234    -0.6409  27.668638     7.3264     7.3281     0.6816    89.7051 3.3668e-01  -64.93246  -64.39578 345.077516      99.97 7.0515e+00    689.400      16547  1027.3621  1027.3683    33.8667    33.8759    8.21480         33 0.0000e+00
     28.000     27.724    -0.6843  27.617081    -0.7057  27.592614     7.3026     7.3543     0.6813    89.7295 3.6147e-01  -64.93248  -64.39579 345.077532      99.97 7.0515e+00    690.797      16580  1027.3499  1027.3439    33.8556    33.8464    8.22133         34 0.0000e+00
     27.000     26.734    -0.6998  27.597545    -0.7193  27.571749     7.2635     7.3186     0.8371    89.5277 3.8567e-01  -64.93248  -64.39578 345.077551      99.97 7.0515e+00    692.447      16620  1027.3389  1027.3293    33.8472    33.8341    8.22520         41 0.0000e+00
