NBP2113_155081_ctd/data/nbp2113_058.ros
* Sea-Bird SBE 9 Data File:
* FileName = D:\Data\raw\NBP2113_058.hex
* Software Version Seasave V 7.26.7.121
* Temperature SN = 2438
* Conductivity SN = 2067
* Number of Bytes Per Scan = 40
* Number of Voltage Words = 5
* Number of Scans Averaged by the Deck Unit = 1
* NMEA Latitude = 64 56.50 S
* NMEA Longitude = 064 28.63 W
* NMEA UTC (Time) = Dec 12 2021  02:31:22
* NMEA baud rate = 9600
** Ship: RVIB N.B. Palmer
** Cruise: NBP2113 LTER
** Station: 597.042
** Operator: S. Blackman
# nquan = 20
# nvalues = 479                                   
# units = specified
# name 0 = prDM: Pressure, Digiquartz [db]
# name 1 = depSM: Depth [salt water, m]
# name 2 = t090C: Temperature [ITS-90, deg C]
# name 3 = c0mS/cm: Conductivity [mS/cm]
# name 4 = t190C: Temperature, 2 [ITS-90, deg C]
# name 5 = c1mS/cm: Conductivity, 2 [mS/cm]
# name 6 = sbeox0ML/L: Oxygen, SBE 43 [ml/l]
# name 7 = sbeox1ML/L: Oxygen, SBE 43, 2 [ml/l]
# name 8 = flECO-AFL: Fluorescence, WET Labs ECO-AFL/FL [mg/m^3]
# name 9 = CStarTr0: Beam Transmission, WET Labs C-Star [%]
# name 10 = par: PAR/Irradiance, Biospherical/Licor
# name 11 = latitude: Latitude [deg]
# name 12 = longitude: Longitude [deg]
# name 13 = timeJ: Julian Days
# name 14 = altM: Altimeter [m]
# name 15 = spar: SPAR, Biospherical/Licor
# name 16 = timeS: Time, Elapsed [seconds]
# name 17 = scan: Scan Count
# name 18 = nbf: Bottles Fired
# name 19 = flag:  0.000e+00
# interval = seconds: 0.0416667
# start_time = Dec 12 2021 02:31:22 [NMEA time, header]
# bad_flag = -9.990e-29
*END*
[from data line 73]
   1147.482   1133.111     1.4838  30.581985     1.4841  30.580738     4.0627     4.1058    -0.0004    90.9317 1.0000e-12  -64.94184  -64.47622 346.128677       9.21 0.0000e+00   2035.667      48857          2  0.000e+00
   1147.531   1133.159     1.4837  30.581568     1.4841  30.580738     4.0633     4.1059    -0.0004    90.9059 1.0000e-12  -64.94184  -64.47622 346.128677       9.21 0.0000e+00   2035.708      48858          2  0.000e+00
   1147.482   1133.111     1.4838  30.581866     1.4839  30.580505     4.0572     4.1059    -0.0004    90.9059 1.0000e-12  -64.94184  -64.47622 346.128678       9.21 0.0000e+00   2035.750      48859          2  0.000e+00
   1147.482   1133.111     1.4838  30.581568     1.4840  30.581029     4.0578     4.1058    -0.0004    90.9059 1.0000e-12  -64.94184  -64.47622 346.128678       9.21 0.0000e+00   2035.792      48860          2  0.000e+00
   1147.426   1133.056     1.4838  30.581866     1.4838  30.580737     4.0632     4.1058    -0.0004    90.9059 1.0000e-12  -64.94184  -64.47622 346.128679       9.21 0.0000e+00   2035.833      48861          2  0.000e+00
   1147.587   1133.214     1.4837  30.581866     1.4840  30.580738     4.0638     4.1059    -0.0004    90.9059 1.0000e-12  -64.94184  -64.47622 346.128679       9.21 0.0000e+00   2035.875      48862          2  0.000e+00
   1147.426   1133.056     1.4838  30.581687     1.4840  30.580737     4.0575     4.1058    -0.0004    90.9059 1.0000e-12  -64.94184  -64.47622 346.128680       9.21 0.0000e+00   2035.917      48863          2  0.000e+00
   1147.426   1133.056     1.4838  30.581568     1.4837  30.580214     4.0646     4.1059    -0.0077    90.9059 1.0000e-12  -64.94184  -64.47622 346.128680       9.23 0.0000e+00   2035.958      48864          2  0.000e+00
   1147.482   1133.111     1.4837  30.581866     1.4838  30.580738     4.0585     4.1059    -0.0077    90.9059 1.0000e-12  -64.94184  -64.47622 346.128681       9.26 0.0000e+00   2036.000      48865          2  0.000e+00
   1147.482   1133.111     1.4835  30.581866     1.4840  30.580447     4.0572     4.1059    -0.0004    90.9059 1.0000e-12  -64.94184  -64.47622 346.128681       9.26 0.0000e+00   2036.042      48866          2  0.000e+00
   1147.426   1133.056     1.4838  30.581568     1.4837  30.581028     4.0559     4.1058    -0.0004    90.9059 1.0000e-12  -64.94184  -64.47622 346.128682       9.26 0.0000e+00   2036.083      48867          2  0.000e+00
   1147.426   1133.056     1.4837  30.581687     1.4839  30.580446     4.0612     4.1058    -0.0004    90.9059 1.0000e-12  -64.94184  -64.47622 346.128682       9.26 0.0000e+00   2036.125      48868          2  0.000e+00
   1147.426   1133.056     1.4837  30.581568     1.4840  30.581028     4.0616     4.1058    -0.0077    90.9059 1.0000e-12  -64.94184  -64.47622 346.128682       9.26 0.0000e+00   2036.167      48869          2  0.000e+00
   1147.321   1132.952     1.4838  30.581568     1.4838  30.580155     4.0618     4.1058    -0.0077    90.9059 1.0000e-12  -64.94184  -64.47622 346.128683       9.26 0.0000e+00   2036.208      48870          2  0.000e+00
   1147.482   1133.111     1.4836  30.581866     1.4837  30.580738     4.0573     4.1059    -0.0004    90.9059 1.0000e-12  -64.94184  -64.47622 346.128683       9.26 0.0000e+00   2036.250      48871          2  0.000e+00
   1147.377   1133.007     1.4838  30.581568     1.4839  30.580505     4.0641     4.1058    -0.0004    90.9059 1.0000e-12  -64.94184  -64.47622 346.128684       9.26 0.0000e+00   2036.292      48872          2  0.000e+00
   1147.377   1133.007     1.4837  30.581866     1.4837  30.580446     4.0579     4.1058    -0.0004    90.9059 1.0000e-12  -64.94184  -64.47622 346.128684       9.26 0.0000e+00   2036.333      48873          2  0.000e+00
   1147.377   1133.007     1.4838  30.581687     1.4839  30.580737     4.0565     4.1058    -0.0004    90.9059 1.0000e-12  -64.94184  -64.47622 346.128685       9.26 0.0000e+00   2036.375      48874          2  0.000e+00
   1147.321   1132.952     1.4837  30.581568     1.4836  30.580446     4.0568     4.1058    -0.0077    90.9059 1.0000e-12  -64.94184  -64.47622 346.128685       9.26 0.0000e+00   2036.417      48875          2  0.000e+00
   1147.377   1133.007     1.4840  30.581866     1.4835  30.580446     4.0620     4.1059    -0.0004    90.9059 1.0000e-12  -64.94184  -64.47622 346.128686       9.35 0.0000e+00   2036.458      48876          2  0.000e+00
   1147.321   1132.952     1.4838  30.582104     1.4839  30.581028     4.0557     4.1058    -0.0077    90.9059 1.0000e-12  -64.94184  -64.47622 346.128686       9.40 0.0000e+00   2036.500      48877          2  0.000e+00
   1147.321   1132.952     1.4840  30.581568     1.4837  30.580155     4.0609     4.1058    -0.0004    90.9317 1.0000e-12  -64.94184  -64.47622 346.128687       9.40 0.0000e+00   2036.542      48878          2  0.000e+00
   1147.321   1132.952     1.4838  30.581866     1.4836  30.581028     4.0563     4.1058    -0.0004    90.9832 1.0000e-12  -64.94184  -64.47622 346.128687       9.40 0.0000e+00   2036.583      48879          2  0.000e+00
   1147.272   1132.904     1.4839  30.581449     1.4839  30.580213     4.0549     4.1058    -0.0004    90.9832 1.0000e-12  -64.94184  -64.47622 346.128688       9.38 0.0000e+00   2036.625      48880          2  0.000e+00
    313.294    309.989     1.2252  29.948301     1.2263  29.948571     4.3304     4.3919    -0.0150    91.1634 1.0000e-12  -64.94188  -64.47712 346.141169      99.98 0.0000e+00   3115.000      74761          3  0.000e+00
    313.266    309.962     1.2251  29.948005     1.2269  29.949437     4.3347     4.3911    -0.0150    91.1377 1.0000e-12  -64.94188  -64.47712 346.141169      99.98 0.0000e+00   3115.042      74762          3  0.000e+00
    313.294    309.989     1.2251  29.948301     1.2279  29.949726     4.3346     4.3958    -0.0150    91.1377 1.0000e-12  -64.94188  -64.47712 346.141170      99.98 0.0000e+00   3115.083      74763          3  0.000e+00
    313.294    309.989     1.2249  29.948419     1.2285  29.950534     4.3302     4.3959    -0.0150    91.1634 1.0000e-12  -64.94188  -64.47712 346.141170      99.98 0.0000e+00   3115.125      74764          3  0.000e+00
    313.266    309.962     1.2249  29.948537     1.2285  29.950534     4.3359     4.3961    -0.0150    91.1377 1.0000e-12  -64.94188  -64.47712 346.141171      99.98 0.0000e+00   3115.167      74765          3  0.000e+00
    313.294    309.989     1.2246  29.948301     1.2286  29.950534     4.3360     4.3963    -0.0150    91.1377 1.0000e-12  -64.94188  -64.47712 346.141171      99.95 0.0000e+00   3115.208      74766          3  0.000e+00
    313.218    309.914     1.2252  29.948300     1.2290  29.951342     4.3359     4.3964    -0.0150    91.1634 1.0000e-12  -64.94188  -64.47712 346.141172      99.98 0.0000e+00   3115.250      74767          3  0.000e+00
    313.294    309.989     1.2243  29.948005     1.2288  29.950823     4.3305     4.3958    -0.0150    91.1377 1.0000e-12  -64.94188  -64.47712 346.141172      99.98 0.0000e+00   3115.292      74768          3  0.000e+00
    313.266    309.962     1.2235  29.948301     1.2291  29.951631     4.3350     4.3950    -0.0150    91.1377 1.0000e-12  -64.94188  -64.47712 346.141173      99.98 0.0000e+00   3115.333      74769          3  0.000e+00
    313.294    309.989     1.2241  29.947414     1.2291  29.951400     4.3351     4.3943    -0.0150    91.1634 1.0000e-12  -64.94188  -64.47712 346.141173      99.95 0.0000e+00   3115.375      74770          3  0.000e+00
    313.218    309.914     1.2252  29.947414     1.2291  29.951400     4.3351     4.3944    -0.0150    91.1377 1.0000e-12  -64.94188  -64.47712 346.141174      99.93 0.0000e+00   3115.417      74771          3  0.000e+00
    313.246    309.941     1.2257  29.947709     1.2292  29.951631     4.3308     4.3945    -0.0150    91.1377 1.0000e-12  -64.94188  -64.47712 346.141174      99.98 0.0000e+00   3115.458      74772          3  0.000e+00
    313.266    309.962     1.2258  29.948301     1.2291  29.951631     4.3354     4.3946    -0.0150    91.1634 1.0000e-12  -64.94188  -64.47712 346.141175      99.98 0.0000e+00   3115.500      74773          3  0.000e+00
    313.246    309.941     1.2266  29.948832     1.2291  29.951400     4.3355     4.3947    -0.0150    91.1377 1.0000e-12  -64.94188  -64.47712 346.141175      99.98 0.0000e+00   3115.542      74774          3  0.000e+00
    313.218    309.914     1.2269  29.949305     1.2288  29.951342     4.3356     4.3948    -0.0150    91.1634 1.0000e-12  -64.94188  -64.47712 346.141176      99.98 0.0000e+00   3115.583      74775          3  0.000e+00
    313.246    309.941     1.2269  29.949955     1.2291  29.951400     4.3315     4.3949    -0.0150    91.1377 1.0000e-12  -64.94188  -64.47712 346.141176      99.98 0.0000e+00   3115.625      74776          3  0.000e+00
    313.246    309.941     1.2266  29.949660     1.2291  29.951631     4.3433     4.3950    -0.0004    91.1377 1.0000e-12  -64.94188  -64.47712 346.141177      99.98 0.0000e+00   3115.667      74777          3  0.000e+00
    313.218    309.914     1.2271  29.949659     1.2294  29.951342     4.3392     4.3951     0.0143    91.1377 1.0000e-12  -64.94188  -64.47712 346.141177      99.95 0.0000e+00   3115.708      74778          3  0.000e+00
    313.246    309.941     1.2266  29.948832     1.2290  29.951631     4.3339     4.3952     0.0069    91.1377 1.0000e-12  -64.94188  -64.47712 346.141178      99.98 0.0000e+00   3115.750      74779          3  0.000e+00
    313.170    309.867     1.2258  29.947709     1.2291  29.951631     4.3330     4.3953     0.0069    91.1377 1.0000e-12  -64.94188  -64.47712 346.141178      99.98 0.0000e+00   3115.792      74780          3  0.000e+00
    313.294    309.989     1.2254  29.947414     1.2288  29.951400     4.3380     4.3955     0.0143    91.1377 1.0000e-12  -64.94188  -64.47712 346.141179      99.98 0.0000e+00   3115.833      74781          3  0.000e+00
    313.170    309.867     1.2247  29.946882     1.2291  29.951631     4.3384     4.3955     0.0143    91.1377 1.0000e-12  -64.94188  -64.47712 346.141179      99.95 0.0000e+00   3115.875      74782          3  0.000e+00
    313.246    309.941     1.2252  29.947178     1.2291  29.951342     4.3332     4.3957     0.0143    91.1377 1.0000e-12  -64.94188  -64.47712 346.141180      99.93 0.0000e+00   3115.917      74783          3  0.000e+00
    313.218    309.914     1.2244  29.947414     1.2288  29.951400     4.3338     4.3958     0.0069    91.1377 1.0000e-12  -64.94188  -64.47712 346.141180      99.98 0.0000e+00   3115.958      74784          3  0.000e+00
    313.191    309.887     1.2233  29.946882     1.2288  29.951631     4.3388     4.3958     0.0069    91.1377 1.0000e-12  -64.94188  -64.47712 346.141181      99.98 0.0000e+00   3116.000      74785          3  0.000e+00
    313.266    309.962     1.2236  29.946232     1.2288  29.951054     4.3395     4.3960     0.0143    91.1377 1.0000e-12  -64.94188  -64.47712 346.141181      99.98 0.0000e+00   3116.042      74786          3  0.000e+00
    313.191    309.887     1.2224  29.944400     1.2288  29.951400     4.3416     4.3952     0.0069    91.1377 1.0000e-12  -64.94188  -64.47712 346.141182      99.98 0.0000e+00   3116.083      74787          3  0.000e+00
    313.246    309.941     1.2199  29.943810     1.2288  29.951111     4.3368     4.3953     0.0143    91.1377 1.0000e-12  -64.94188  -64.47712 346.141182      99.98 0.0000e+00   3116.125      74788          3  0.000e+00
    313.218    309.914     1.2188  29.942687     1.2290  29.951342     4.3420     4.3953     0.0069    91.1377 1.0000e-12  -64.94188  -64.47712 346.141182      99.98 0.0000e+00   3116.167      74789          3  0.000e+00
    313.191    309.887     1.2186  29.941328     1.2294  29.951111     4.3428     4.3954     0.0069    91.1377 1.0000e-12  -64.94188  -64.47712 346.141183      99.95 0.0000e+00   3116.208      74790          3  0.000e+00
    313.218    309.914     1.2186  29.940737     1.2297  29.951631     4.3378     4.3954     0.0069    91.1377 1.0000e-12  -64.94188  -64.47712 346.141183      99.98 0.0000e+00   3116.250      74791          3  0.000e+00
    313.246    309.941     1.2189  29.940442     1.2296  29.951631     4.3373     4.3955     0.0143    91.1377 1.0000e-12  -64.94188  -64.47712 346.141184      99.98 0.0000e+00   3116.292      74792          3  0.000e+00
    313.218    309.914     1.2180  29.939910     1.2291  29.951920     4.3426     4.3956     0.0143    91.1377 1.0000e-12  -64.94188  -64.47712 346.141184      99.98 0.0000e+00   3116.333      74793          3  0.000e+00
    313.191    309.887     1.2174  29.940205     1.2281  29.951920     4.3421     4.3957     0.0069    91.1377 1.0000e-12  -64.94188  -64.47712 346.141185      99.95 0.0000e+00   3116.375      74794          3  0.000e+00
    313.218    309.914     1.2168  29.940205     1.2274  29.951631     4.3372     4.3959     0.0069    91.1377 1.0000e-12  -64.94188  -64.47712 346.141185      99.93 0.0000e+00   3116.417      74795          3  0.000e+00
    313.246    309.941     1.2161  29.939615     1.2271  29.950823     4.3425     4.3960     0.0143    91.1377 1.0000e-12  -64.94188  -64.47712 346.141186      99.95 0.0000e+00   3116.458      74796          3  0.000e+00
    313.218    309.914     1.2156  29.939378     1.2266  29.950823     4.3434     4.3961     0.0143    91.1377 1.0000e-12  -64.94188  -64.47712 346.141186      99.98 0.0000e+00   3116.500      74797          3  0.000e+00
    313.246    309.941     1.2153  29.938492     1.2266  29.950015     4.3429     4.3963     0.0069    91.1377 1.0000e-12  -64.94188  -64.47712 346.141187      99.98 0.0000e+00   3116.542      74798          3  0.000e+00
    313.218    309.914     1.2150  29.938492     1.2266  29.949726     4.3380     4.3963     0.0143    91.1377 1.0000e-12  -64.94188  -64.47712 346.141187      99.98 0.0000e+00   3116.583      74799          3  0.000e+00
    313.294    309.989     1.2150  29.938433     1.2266  29.949437     4.3432     4.3964     0.0143    91.1634 1.0000e-12  -64.94188  -64.47712 346.141188      99.98 0.0000e+00   3116.625      74800          3  0.000e+00
    313.246    309.941     1.2148  29.937960     1.2261  29.948629     4.3441     4.3966     0.0069    91.1634 1.0000e-12  -64.94188  -64.47712 346.141188      99.98 0.0000e+00   3116.667      74801          3  0.000e+00
    313.218    309.914     1.2148  29.938256     1.2249  29.949149     4.3448     4.3967     0.0069    91.1634 1.0000e-12  -64.94188  -64.47712 346.141189      99.95 0.0000e+00   3116.708      74802          3  0.000e+00
    313.246    309.941     1.2148  29.937960     1.2229  29.948052     4.3457     4.3970    -0.0004    91.1634 1.0000e-12  -64.94188  -64.47712 346.141189      99.95 0.0000e+00   3116.750      74803          3  0.000e+00
    313.322    310.016     1.2148  29.937665     1.2234  29.946378     4.3522     4.3972    -0.0077    91.1634 1.0000e-12  -64.94188  -64.47712 346.141190      99.98 0.0000e+00   3116.792      74804          3  0.000e+00
    313.246    309.941     1.2150  29.937665     1.2244  29.943895     4.3472     4.3972    -0.0077    91.1634 1.0000e-12  -64.94188  -64.47712 346.141190      99.98 0.0000e+00   3116.833      74805          3  0.000e+00
    313.266    309.962     1.2147  29.937960     1.2231  29.942799     4.3466     4.3974    -0.0077    91.1634 1.0000e-12  -64.94188  -64.47712 346.141191      99.95 0.0000e+00   3116.875      74806          3  0.000e+00
    313.294    309.989     1.2146  29.937665     1.2218  29.942510     4.3472     4.3977    -0.0077    91.1377 1.0000e-12  -64.94188  -64.47712 346.141191      99.93 0.0000e+00   3116.917      74807          3  0.000e+00
