NBP2113_155081_ctd/data/nbp2113_008.ros
* Sea-Bird SBE 9 Data File:
* FileName = D:\Data\raw\NBP2113_008.hex
* Software Version Seasave V 7.26.7.121
* Temperature SN = 2438
* Conductivity SN = 2067
* Number of Bytes Per Scan = 40
* Number of Voltage Words = 5
* Number of Scans Averaged by the Deck Unit = 1
* NMEA Latitude = 64 55.99 S
* NMEA Longitude = 064 24.05 W
* NMEA UTC (Time) = Nov 25 2021  04:33:36
* NMEA baud rate = 9600
** Ship: RVIB N.B. Palmer
** Cruise: NBP2113 LTER
** Station: 600.040
** Operator: B. Urmston
# nquan = 20
# nvalues = 1172                                  
# units = specified
# name 0 = prDM: Pressure, Digiquartz [db]
# name 1 = depSM: Depth [salt water, m]
# name 2 = t090C: Temperature [ITS-90, deg C]
# name 3 = c0mS/cm: Conductivity [mS/cm]
# name 4 = t190C: Temperature, 2 [ITS-90, deg C]
# name 5 = c1mS/cm: Conductivity, 2 [mS/cm]
# name 6 = sbeox0ML/L: Oxygen, SBE 43 [ml/l]
# name 7 = sbeox1ML/L: Oxygen, SBE 43, 2 [ml/l]
# name 8 = flECO-AFL: Fluorescence, WET Labs ECO-AFL/FL [mg/m^3]
# name 9 = CStarTr0: Beam Transmission, WET Labs C-Star [%]
# name 10 = par: PAR/Irradiance, Biospherical/Licor
# name 11 = latitude: Latitude [deg]
# name 12 = longitude: Longitude [deg]
# name 13 = timeJ: Julian Days
# name 14 = altM: Altimeter [m]
# name 15 = spar: SPAR, Biospherical/Licor
# name 16 = timeS: Time, Elapsed [seconds]
# name 17 = scan: Scan Count
# name 18 = nbf: Bottles Fired
# name 19 = flag:  0.000e+00
# interval = seconds: 0.0416667
# start_time = Nov 25 2021 04:33:36 [NMEA time, header]
# bad_flag = -9.990e-29
*END*
[from data line 580]
     65.689     65.035    -0.1881  28.271969    -0.1739  28.296928     7.3148     7.1494     0.2560    96.4164 1.0000e-12  -64.93334  -64.40194 329.237344      99.98 0.0000e+00   4090.542      98174         12  0.000e+00
     65.689     65.035    -0.1881  28.272258    -0.1736  28.296307     7.3219     7.1499     0.2560    96.4421 1.0000e-12  -64.93334  -64.40194 329.237345      99.98 0.0000e+00   4090.583      98175         12  0.000e+00
     65.634     64.981    -0.1879  28.272027    -0.1726  28.296758     7.3332     7.1509     0.2560    96.4421 1.0000e-12  -64.93334  -64.40194 329.237345      99.98 0.0000e+00   4090.625      98176         12  0.000e+00
     65.689     65.035    -0.1877  28.272200    -0.1723  28.296759     7.3355     7.1521     0.2560    96.4679 1.0000e-12  -64.93334  -64.40194 329.237346      99.98 0.0000e+00   4090.667      98177         12  0.000e+00
     65.689     65.035    -0.1878  28.272663    -0.1720  28.296985     7.3346     7.1531     0.2560    96.4421 1.0000e-12  -64.93334  -64.40194 329.237346      99.98 0.0000e+00   4090.708      98178         12  0.000e+00
     65.689     65.035    -0.1872  28.272432    -0.1712  28.296984     7.3331     7.1531     0.2560    96.4421 1.0000e-12  -64.93334  -64.40194 329.237347      99.98 0.0000e+00   4090.750      98179         12  0.000e+00
     65.586     64.933    -0.1875  28.272663    -0.1711  28.297323     7.3353     7.1537     0.2633    96.4421 1.0000e-12  -64.93334  -64.40194 329.237347      99.95 0.0000e+00   4090.792      98180         12  0.000e+00
     65.792     65.137    -0.1878  28.273010    -0.1715  28.297493     7.3340     7.1538     0.3073    96.4421 1.0000e-12  -64.93334  -64.40194 329.237348      99.95 0.0000e+00   4090.833      98181         12  0.000e+00
     40.856     40.452    -0.3025  28.067256    -0.3019  28.058872     8.0165     7.8203     1.0912    92.5797 1.0000e-12  -64.93338  -64.40192 329.238369      99.98 0.0000e+00   4179.042     100298         13  0.000e+00
     40.856     40.452    -0.3014  28.065641    -0.3041  28.058872     8.0312     7.8190     1.0912    92.5797 1.0000e-12  -64.93338  -64.40192 329.238369      99.98 0.0000e+00   4179.083     100299         13  0.000e+00
     40.904     40.499    -0.3013  28.064141    -0.3056  28.058647     8.0322     7.8176     1.0912    92.5797 1.0000e-12  -64.93338  -64.40192 329.238370      99.95 0.0000e+00   4179.125     100300         13  0.000e+00
     40.856     40.452    -0.3032  28.062988    -0.3068  28.057464     8.0214     7.8170     1.0912    92.5797 1.0000e-12  -64.93338  -64.40192 329.238370      99.95 0.0000e+00   4179.167     100301         13  0.000e+00
     40.904     40.499    -0.3033  28.062353    -0.3093  28.054197     8.0043     7.8170     1.0912    92.5797 1.0000e-12  -64.93338  -64.40192 329.238370      99.98 0.0000e+00   4179.208     100302         13  0.000e+00
     40.856     40.452    -0.3035  28.062469    -0.3123  28.051211     7.9931     7.8107     1.0912    92.5797 1.0000e-12  -64.93338  -64.40192 329.238371      99.98 0.0000e+00   4179.250     100303         13  0.000e+00
     40.904     40.499    -0.3046  28.062930    -0.3142  28.049804     7.9807     7.8097     1.0912    92.5797 1.0000e-12  -64.93338  -64.40192 329.238371      99.98 0.0000e+00   4179.292     100304         13  0.000e+00
     40.822     40.418    -0.3052  28.061892    -0.3140  28.049296     7.9740     7.8083     1.0912    92.5797 1.0000e-12  -64.93338  -64.40192 329.238372      99.95 0.0000e+00   4179.333     100305         13  0.000e+00
     40.904     40.500    -0.3065  28.060854    -0.3151  28.049635     7.9574     7.8064     1.0912    92.5797 1.0000e-12  -64.93338  -64.40192 329.238372      99.98 0.0000e+00   4179.375     100306         13  0.000e+00
     40.856     40.452    -0.3089  28.059989    -0.3152  28.050198     7.9442     7.7997     1.0912    92.5797 1.0000e-12  -64.93338  -64.40192 329.238373      99.98 0.0000e+00   4179.417     100307         13  0.000e+00
     40.856     40.452    -0.3096  28.058835    -0.3156  28.050367     7.9540     7.7979     1.0912    92.5797 1.0000e-12  -64.93338  -64.40192 329.238373      99.98 0.0000e+00   4179.458     100308         13  0.000e+00
     40.904     40.500    -0.3111  28.057970    -0.3160  28.050142     7.9451     7.7963     1.0912    92.5797 1.0000e-12  -64.93338  -64.40192 329.238374      99.98 0.0000e+00   4179.500     100309         13  0.000e+00
     40.856     40.452    -0.3092  28.057336    -0.3149  28.050592     7.9400     7.7944     1.0839    92.5797 1.0000e-12  -64.93338  -64.40192 329.238374      99.98 0.0000e+00   4179.542     100310         13  0.000e+00
     40.857     40.452    -0.3061  28.055432    -0.3116  28.051211     7.9466     7.7923     1.0912    92.5797 1.0000e-12  -64.93338  -64.40192 329.238375      99.98 0.0000e+00   4179.583     100311         13  0.000e+00
     40.870     40.466    -0.3070  28.054048    -0.3123  28.052394     7.9205     7.7910     1.0692    92.5797 1.0000e-12  -64.93338  -64.40192 329.238375      99.95 0.0000e+00   4179.625     100312         13  0.000e+00
     40.857     40.452    -0.3089  28.053298    -0.3150  28.052733     7.9082     7.7903     1.0545    92.5797 1.0000e-12  -64.93338  -64.40192 329.238376      99.95 0.0000e+00   4179.667     100313         13  0.000e+00
     40.857     40.452    -0.3120  28.052030    -0.3160  28.052733     7.9125     7.7840     1.0545    92.5797 1.0000e-12  -64.93338  -64.40192 329.238376      99.98 0.0000e+00   4179.708     100314         13  0.000e+00
     40.857     40.452    -0.3141  28.050819    -0.3142  28.053859     7.9065     7.7873     1.0545    92.5797 1.0000e-12  -64.93338  -64.40192 329.238377      99.98 0.0000e+00   4179.750     100315         13  0.000e+00
     40.809     40.405    -0.3128  28.048973    -0.3125  28.057802     7.8871     7.7805     1.0545    92.6054 1.0000e-12  -64.93338  -64.40192 329.238377      99.95 0.0000e+00   4179.792     100316         13  0.000e+00
     40.857     40.452    -0.3131  28.048512    -0.3108  28.064394     7.8785     7.7784     1.0545    92.7084 1.0000e-12  -64.93338  -64.40192 329.238378      99.93 0.0000e+00   4179.833     100317         13  0.000e+00
     40.809     40.405    -0.3128  28.047531    -0.3037  28.072112     7.8758     7.7753     1.0545    92.7599 1.0000e-12  -64.93338  -64.40192 329.238378      99.95 0.0000e+00   4179.875     100318         13  0.000e+00
     40.870     40.466    -0.3130  28.046551    -0.2933  28.079042     7.8705     7.7720     1.0545    92.7599 1.0000e-12  -64.93338  -64.40192 329.238379      99.98 0.0000e+00   4179.917     100319         13  0.000e+00
     40.809     40.405    -0.3165  28.045744    -0.2857  28.084451     7.8730     7.7693     1.0545    92.7599 1.0000e-12  -64.93338  -64.40192 329.238379      99.98 0.0000e+00   4179.958     100320         13  0.000e+00
     40.809     40.405    -0.3153  28.045917    -0.2809  28.088227     7.8546     7.7675     1.0545    92.7599 1.0000e-12  -64.93338  -64.40192 329.238380      99.98 0.0000e+00   4180.000     100321         13  0.000e+00
     40.857     40.452    -0.3159  28.045744    -0.2778  28.090706     7.8549     7.7663     1.0545    92.7599 1.0000e-12  -64.93338  -64.40192 329.238380      99.98 0.0000e+00   4180.042     100322         13  0.000e+00
     40.809     40.405    -0.3199  28.046551    -0.2758  28.092228     7.8515     7.7646     1.0545    92.7599 1.0000e-12  -64.93338  -64.40192 329.238381      99.98 0.0000e+00   4180.083     100323         13  0.000e+00
     40.809     40.405    -0.3184  28.047647    -0.2753  28.092735     7.8417     7.7643     1.0545    92.7599 1.0000e-12  -64.93338  -64.40192 329.238381      99.95 0.0000e+00   4180.125     100324         13  0.000e+00
     40.809     40.405    -0.3172  28.048916    -0.2761  28.094370     7.8441     7.7635     1.0545    92.7599 1.0000e-12  -64.93338  -64.40192 329.238382      99.95 0.0000e+00   4180.167     100325         13  0.000e+00
     40.768     40.364    -0.3137  28.050818    -0.2744  28.096511     7.8406     7.7631     1.0545    92.7599 1.0000e-12  -64.93338  -64.40192 329.238382      99.98 0.0000e+00   4180.208     100326         13  0.000e+00
     40.809     40.405    -0.3103  28.053067    -0.2720  28.099217     7.8419     7.7628     1.0545    92.7599 1.0000e-12  -64.93338  -64.40192 329.238383      99.98 0.0000e+00   4180.250     100327         13  0.000e+00
     40.754     40.351    -0.3088  28.055720    -0.2703  28.100738     7.8277     7.7574     1.0545    92.7599 1.0000e-12  -64.93338  -64.40192 329.238383      99.98 0.0000e+00   4180.292     100328         13  0.000e+00
     40.754     40.351    -0.3058  28.060853    -0.2772  28.098991     7.8282     7.7586     1.0545    92.7599 1.0000e-12  -64.93338  -64.40192 329.238383      99.95 0.0000e+00   4180.333     100329         13  0.000e+00
     40.809     40.405    -0.2966  28.070255    -0.2864  28.095949     7.8188     7.7606     1.0545    92.7599 1.0000e-12  -64.93338  -64.40192 329.238384      99.95 0.0000e+00   4180.375     100330         13  0.000e+00
     40.754     40.351    -0.2890  28.078677    -0.2871  28.094990     7.8160     7.7610     1.0545    92.7599 1.0000e-12  -64.93338  -64.40192 329.238384      99.98 0.0000e+00   4180.417     100331         13  0.000e+00
     40.754     40.351    -0.2848  28.086351    -0.2816  28.096117     7.8185     7.7596     1.0545    92.7599 1.0000e-12  -64.93338  -64.40192 329.238385      99.98 0.0000e+00   4180.458     100332         13  0.000e+00
     40.754     40.351    -0.2787  28.093679    -0.2766  28.097526     7.8330     7.7584     1.0545    92.7599 1.0000e-12  -64.93338  -64.40192 329.238385      99.98 0.0000e+00   4180.500     100333         13  0.000e+00
     40.720     40.317    -0.2742  28.098814    -0.2772  28.099386     7.8323     7.7528     1.0545    92.7599 1.0000e-12  -64.93338  -64.40192 329.238386      99.98 0.0000e+00   4180.542     100334         13  0.000e+00
     40.754     40.351    -0.2705  28.101526    -0.2740  28.101753     7.8356     7.7569     1.0545    92.7599 1.0000e-12  -64.93338  -64.40192 329.238386      99.98 0.0000e+00   4180.583     100335         13  0.000e+00
     40.707     40.304    -0.2686  28.103488    -0.2710  28.103726     7.8340     7.7511     1.0545    92.7342 1.0000e-12  -64.93338  -64.40192 329.238387      99.95 0.0000e+00   4180.625     100336         13  0.000e+00
     40.707     40.304    -0.2678  28.104758    -0.2692  28.105191     7.8406     7.7558     1.0545    92.6569 1.0000e-12  -64.93338  -64.40192 329.238387      99.95 0.0000e+00   4180.667     100337         13  0.000e+00
     40.707     40.304    -0.2684  28.105393    -0.2680  28.105867     7.8479     7.7563     1.0252    92.6312 1.0000e-12  -64.93338  -64.40192 329.238388      99.98 0.0000e+00   4180.708     100338         13  0.000e+00
     40.707     40.304    -0.2681  28.106432    -0.2674  28.106206     7.8667     7.7571     0.9959    92.6054 1.0000e-12  -64.93338  -64.40192 329.238388      99.98 0.0000e+00   4180.750     100339         13  0.000e+00
     40.707     40.304    -0.2667  28.107240    -0.2671  28.106487     7.8606     7.7581     0.9886    92.6054 1.0000e-12  -64.93338  -64.40192 329.238389      99.98 0.0000e+00   4180.792     100340         13  0.000e+00
     40.672     40.270    -0.2661  28.107413    -0.2665  28.106544     7.8637     7.7592     0.9886    92.6054 1.0000e-12  -64.93338  -64.40192 329.238389      99.93 0.0000e+00   4180.833     100341         13  0.000e+00
     40.707     40.304    -0.2659  28.107413    -0.2665  28.105755     7.8484     7.7608     0.9886    92.6312 1.0000e-12  -64.93338  -64.40192 329.238390      99.95 0.0000e+00   4180.875     100342         13  0.000e+00
     40.652     40.250    -0.2647  28.107990    -0.2671  28.104683     7.8348     7.7625     0.9886    92.6312 1.0000e-12  -64.93338  -64.40192 329.238390      99.98 0.0000e+00   4180.917     100343         13  0.000e+00
     40.652     40.250    -0.2641  28.109202    -0.2683  28.103218     7.8262     7.7647     0.9886    92.6054 1.0000e-12  -64.93338  -64.40192 329.238391      99.98 0.0000e+00   4180.958     100344         13  0.000e+00
     40.652     40.250    -0.2630  28.110529    -0.2695  28.102034     7.8283     7.7670     0.9886    92.6312 1.0000e-12  -64.93338  -64.40192 329.238391      99.98 0.0000e+00   4181.000     100345         13  0.000e+00
     40.652     40.250    -0.2608  28.112260    -0.2701  28.101189     7.8261     7.7693     0.9886    92.6312 1.0000e-12  -64.93338  -64.40192 329.238392      99.98 0.0000e+00   4181.042     100346         13  0.000e+00
     40.652     40.250    -0.2580  28.114800    -0.2730  28.099273     7.8412     7.7861     0.9886    92.6312 1.0000e-12  -64.93338  -64.40192 329.238395      99.93 0.0000e+00   4181.333     100353         14  0.000e+00
     40.556     40.155    -0.2601  28.112549    -0.2722  28.100231     7.8424     7.7827     0.9959    92.6312 1.0000e-12  -64.93338  -64.40192 329.238396      99.98 0.0000e+00   4181.375     100354         14  0.000e+00
     40.604     40.202    -0.2599  28.111106    -0.2708  28.100851     7.8410     7.7840     0.9886    92.6312 1.0000e-12  -64.93338  -64.40192 329.238396      99.98 0.0000e+00   4181.417     100355         14  0.000e+00
     40.570     40.169    -0.2603  28.111279    -0.2701  28.101358     7.8500     7.7847     0.9886    92.6054 1.0000e-12  -64.93338  -64.40192 329.238397      99.98 0.0000e+00   4181.458     100356         14  0.000e+00
     40.556     40.155    -0.2625  28.109374    -0.2701  28.102147     7.8548     7.7909     0.9886    92.6569 1.0000e-12  -64.93338  -64.40192 329.238397      99.98 0.0000e+00   4181.500     100357         14  0.000e+00
     40.556     40.155    -0.2655  28.107932    -0.2669  28.103725     7.8588     7.7865     0.9886    92.7084 1.0000e-12  -64.93338  -64.40192 329.238397      99.98 0.0000e+00   4181.542     100358         14  0.000e+00
     40.556     40.155    -0.2677  28.103488    -0.2629  28.105359     7.8631     7.7867     0.9886    92.7084 1.0000e-12  -64.93338  -64.40192 329.238398      99.98 0.0000e+00   4181.583     100359         14  0.000e+00
     40.556     40.155    -0.2769  28.097083    -0.2635  28.104739     7.8777     7.7879     0.9886    92.7084 1.0000e-12  -64.93338  -64.40192 329.238398      99.95 0.0000e+00   4181.625     100360         14  0.000e+00
     40.502     40.101    -0.2782  28.093851    -0.2661  28.104063     7.8866     7.7895     0.9886    92.7084 1.0000e-12  -64.93338  -64.40192 329.238399      99.95 0.0000e+00   4181.667     100361         14  0.000e+00
     40.557     40.155    -0.2767  28.091716    -0.2675  28.103330     7.8893     7.7911     0.9886    92.7084 1.0000e-12  -64.93338  -64.40192 329.238399      99.98 0.0000e+00   4181.708     100362         14  0.000e+00
     40.502     40.101    -0.2797  28.089177    -0.2680  28.103330     7.9013     7.7969     0.9886    92.7084 1.0000e-12  -64.93338  -64.40192 329.238400      99.98 0.0000e+00   4181.750     100363         14  0.000e+00
     40.515     40.115    -0.2812  28.085542    -0.2687  28.104176     7.9088     7.7991     1.0033    92.7084 1.0000e-12  -64.93338  -64.40192 329.238400      99.95 0.0000e+00   4181.792     100364         14  0.000e+00
     40.502     40.101    -0.2854  28.081734    -0.2680  28.104458     7.9083     7.8002     1.0399    92.7084 1.0000e-12  -64.93338  -64.40192 329.238401      99.95 0.0000e+00   4181.833     100365         14  0.000e+00
     40.502     40.101    -0.2874  28.080869    -0.2674  28.104232     7.9058     7.8014     1.0545    92.7084 1.0000e-12  -64.93338  -64.40192 329.238401      99.95 0.0000e+00   4181.875     100366         14  0.000e+00
