NBP2113_155081_ctd/data/nbp2113_061.cnv
* Sea-Bird SBE 9 Data File:
* FileName = D:\Data\raw\NBP2113_061.hex
* Software Version Seasave V 7.26.7.121
* Temperature SN = 2438
* Conductivity SN = 2067
* Number of Bytes Per Scan = 40
* Number of Voltage Words = 5
* Number of Scans Averaged by the Deck Unit = 1
* NMEA Latitude = 64 46.21 S
* NMEA Longitude = 063 05.90 W
* NMEA UTC (Time) = Dec 13 2021  23:26:08
* NMEA baud rate = 9600
** Ship: RVIB N.B. Palmer
** Cruise: NBP2113 LTER
** Station: 654.005
** Operator: S. Blackman
# nquan = 25
# nvalues = 674                         
# units = specified
# name 0 = prDM: Pressure, Digiquartz [db]
# name 1 = depSM: Depth [salt water, m]
# name 2 = t090C: Temperature [ITS-90, deg C]
# name 3 = c0mS/cm: Conductivity [mS/cm]
# name 4 = t190C: Temperature, 2 [ITS-90, deg C]
# name 5 = c1mS/cm: Conductivity, 2 [mS/cm]
# name 6 = sbeox0ML/L: Oxygen, SBE 43 [ml/l]
# name 7 = sbeox1ML/L: Oxygen, SBE 43, 2 [ml/l]
# name 8 = flECO-AFL: Fluorescence, WET Labs ECO-AFL/FL [mg/m^3]
# name 9 = CStarTr0: Beam Transmission, WET Labs C-Star [%]
# name 10 = par: PAR/Irradiance, Biospherical/Licor
# name 11 = latitude: Latitude [deg]
# name 12 = longitude: Longitude [deg]
# name 13 = timeJ: Julian Days
# name 14 = altM: Altimeter [m]
# name 15 = spar: SPAR, Biospherical/Licor
# name 16 = timeS: Time, Elapsed [seconds]
# name 17 = scan: Scan Count
# name 18 = density00: Density [density, kg/m^3]
# name 19 = density11: Density, 2 [density, kg/m^3]
# name 20 = sal00: Salinity, Practical [PSU]
# name 21 = sal11: Salinity, Practical, 2 [PSU]
# name 22 = oxsolML/L: Oxygen Saturation, Garcia & Gordon [ml/l]
# name 23 = nbin: number of scans per bin
# name 24 = flag: flag
# span 0 =      1.000,    339.000       
# span 1 =      0.990,    335.408       
# span 2 =    -0.4926,     0.8040       
# span 3 =  27.948527,  29.430952       
# span 4 =    -0.4928,     0.7991       
# span 5 =  27.947194,  29.427788       
# span 6 =     4.9720,     7.7453       
# span 7 =     5.0530,     7.4620       
# span 8 =    -0.0213,     1.3868       
# span 9 =    83.4385,    90.1940       
# span 10 = 1.0000e-12, 3.2112e+02      
# span 11 =  -64.77050,  -64.77020      
# span 12 =  -63.09852,  -63.09826      
# span 13 = 347.980016, 347.996222      
# span 14 =       9.04,     100.44      
# span 15 = 3.4020e+02, 1.3186e+03      
# span 16 =    305.348,   1705.564      
# span 17 =       7329,      40935      
# span 18 =  1027.1564,  1029.3503      
# span 19 =  1027.1494,  1029.3490      
# span 20 =    33.7946,    34.5120      
# span 21 =    33.7917,    34.5104      
# span 22 =    7.87241,    8.14211      
# span 23 =         11,         51      
# span 24 = 0.0000e+00, 0.0000e+00      
# interval = decibars: 1                
# start_time = Dec 13 2021 23:26:08 [NMEA time, header]
# bad_flag = -9.990e-29
*END*
[from data line 580]
     94.000     93.058     0.5082  29.062290     0.5082  29.061087     5.5500     5.6031     0.0809    89.8685 1.4908e-01  -64.77040  -63.09835 347.991221      99.97 7.9752e+02   1273.539      30566  1028.0424  1028.0412    34.4027    34.4012    7.93823         41 0.0000e+00
     93.000     92.071     0.5002  29.052605     0.5064  29.058852     5.5890     5.6066     0.0706    89.8256 1.6144e-01  -64.77040  -63.09834 347.991245      99.97 8.5258e+02   1275.543      30614  1028.0358  1028.0363    34.3996    34.4008    7.94004         34 0.0000e+00
     92.000     91.079     0.4910  29.040670     0.5078  29.059520     5.5809     5.6053     0.0872    89.8840 1.7424e-01  -64.77040  -63.09834 347.991269      99.97 9.0723e+02   1277.597      30663  1028.0279  1028.0313    34.3948    34.4007    7.94219         44 0.0000e+00
     91.000     90.089     0.4889  29.038050     0.5072  29.059608     5.6059     5.6184     0.0839    89.9412 1.8831e-01  -64.77040  -63.09834 347.991294      99.97 9.6037e+02   1279.838      30717  1028.0228  1028.0274    34.3943    34.4021    7.94265         32 0.0000e+00
     90.000     89.100     0.4813  29.029094     0.4962  29.045962     5.6092     5.6469     0.0893    89.8288 2.0306e-01  -64.77040  -63.09835 347.991322      99.97 1.0012e+03   1282.208      30774  1028.0164  1028.0199    34.3917    34.3972    7.94436         38 0.0000e+00
     89.000     88.105     0.4796  29.024260     0.4894  29.035321     5.6059     5.6342     0.0736    89.8936 2.1820e-01  -64.77040  -63.09836 347.991351      99.97 1.0427e+03   1284.755      30835  1028.0086  1028.0108    34.3879    34.3914    7.94493         27 0.0000e+00
     88.000     87.118     0.4756  29.021582     0.5009  29.049870     5.6002     5.6332     0.0816    89.9183 2.3175e-01  -64.77040  -63.09836 347.991383      99.97 1.0900e+03   1287.491      30901  1028.0054  1028.0106    34.3894    34.3983    7.94566         35 0.0000e+00
     87.000     86.129     0.4845  29.032533     0.4932  29.040057     5.5862     5.6581     0.0888    89.9121 2.4459e-01  -64.77040  -63.09836 347.991415      99.97 1.1505e+03   1290.232      30967  1028.0037  1028.0035    34.3945    34.3945    7.94355         35 0.0000e+00
     86.000     85.139     0.4778  29.025620     0.4709  29.014466     5.6066     5.7157     0.0957    89.9038 2.5669e-01  -64.77040  -63.09836 347.991448      99.97 1.2151e+03   1293.064      31035  1027.9989  1027.9942    34.3934    34.3865    7.94498         30 0.0000e+00
     85.000     84.150     0.4660  29.007006     0.4544  28.993362     5.6804     5.7334     0.0915    89.9276 2.6748e-01  -64.77040  -63.09836 347.991481      99.97 1.2615e+03   1296.003      31105  1027.9866  1027.9836    34.3829    34.3779    7.94800         35 0.0000e+00
     84.000     83.161     0.4503  28.989194     0.4477  28.984606     5.6964     5.7458     0.0827    89.9065 2.7771e-01  -64.77040  -63.09836 347.991516      99.97 1.2798e+03   1298.947      31176  1027.9787  1027.9764    34.3777    34.3746    7.95152         39 0.0000e+00
     83.000     82.171     0.4387  28.974788     0.4397  28.974946     5.7109     5.7533     0.0882    89.9035 2.8985e-01  -64.77040  -63.09836 347.991549      99.97 1.2780e+03   1301.809      31244  1027.9704  1027.9696    34.3723    34.3714    7.95420         46 0.0000e+00
     82.000     81.182     0.4336  28.968102     0.4360  28.970629     5.7168     5.7766     0.0742    89.8757 3.0518e-01  -64.77038  -63.09836 347.991582      99.97 1.2608e+03   1304.711      31314  1027.9640  1027.9643    34.3698    34.3705    7.95539         44 0.0000e+00
     81.000     80.192     0.4272  28.959572     0.4251  28.955930     5.6780     5.7623     0.0801    89.8906 3.2727e-01  -64.77038  -63.09836 347.991681      99.97 1.2151e+03   1313.253      31519  1027.9567  1027.9549    34.3664    34.3640    7.95690         45 0.0000e+00
     80.000     79.202     0.4357  28.969393     0.4326  28.963535     5.6664     5.7712     0.0725    89.8946 3.5632e-01  -64.77038  -63.09836 347.991917      99.97 1.1907e+03   1333.645      32008  1027.9539  1027.9510    34.3704    34.3662    7.95492         51 0.0000e+00
     79.000     78.211     0.4352  28.967732     0.4317  28.962294     5.7158     5.7994     0.0667    89.8894 3.7644e-01  -64.77038  -63.09836 347.991949      99.97 1.2004e+03   1336.364      32074  1027.9486  1027.9463    34.3694    34.3662    7.95509         40 0.0000e+00
     78.000     77.223     0.4278  28.956976     0.4215  28.947112     5.7460     5.8110     0.0981    89.8396 3.9619e-01  -64.77038  -63.09837 347.991975      99.97 1.2141e+03   1338.633      32128  1027.9402  1027.9360    34.3641    34.3583    7.95689         36 0.0000e+00
     77.000     76.233     0.4227  28.948809     0.4194  28.943974     5.7485     5.8198     0.0944    89.7882 4.1745e-01  -64.77038  -63.09837 347.992001      99.97 1.2278e+03   1340.871      32182  1027.9323  1027.9303    34.3597    34.3570    7.95819         40 0.0000e+00
     76.000     75.240     0.4204  28.945976     0.4131  28.936403     5.7601     5.8310     0.1477    89.7806 4.4133e-01  -64.77038  -63.09838 347.992027      99.97 1.2384e+03   1343.104      32236  1027.9273  1027.9242    34.3592    34.3547    7.95871         45 0.0000e+00
     75.000     74.253     0.4117  28.935307     0.4064  28.928157     5.7734     5.8444     0.1369    89.8116 4.6744e-01  -64.77038  -63.09838 347.992052      99.97 1.2444e+03   1345.308      32288  1027.9202  1027.9178    34.3554    34.3520    7.96069         36 0.0000e+00
     74.000     73.263     0.4066  28.928928     0.4058  28.927163     5.7834     5.8560     0.1130    89.7872 4.9489e-01  -64.77038  -63.09838 347.992077      99.97 1.2491e+03   1347.484      32341  1027.9142  1027.9130    34.3534    34.3520    7.96187         44 0.0000e+00
     73.000     72.273     0.4020  28.922764     0.3956  28.913809     5.8037     5.8683     0.1114    89.7446 5.2342e-01  -64.77038  -63.09838 347.992102      99.97 1.2526e+03   1349.654      32393  1027.9078  1027.9045    34.3510    34.3465    7.96294         43 0.0000e+00
     72.000     71.283     0.3952  28.913726     0.3916  28.908404     5.8133     5.8751     0.0973    89.7735 5.5222e-01  -64.77036  -63.09838 347.992128      99.97 1.2557e+03   1351.874      32446  1027.9006  1027.8984    34.3474    34.3445    7.96455         42 0.0000e+00
     71.000     70.294     0.3919  28.909369     0.3881  28.903983     5.8138     5.8845     0.0989    89.6218 5.8354e-01  -64.77036  -63.09838 347.992155      99.97 1.2616e+03   1354.183      32501  1027.8948  1027.8927    34.3460    34.3431    7.96531         43 0.0000e+00
     70.000     69.305     0.3905  28.907252     0.3859  28.900949     5.8173     5.8878     0.1176    89.7357 6.1590e-01  -64.77036  -63.09838 347.992184      99.97 1.2674e+03   1356.665      32561  1027.8895  1027.8873    34.3454    34.3422    7.96564         35 0.0000e+00
     69.000     68.313     0.3860  28.901343     0.3906  28.905925     5.8320     5.8843     0.1082    89.7740 6.5121e-01  -64.77036  -63.09838 347.992219      99.97 1.2709e+03   1359.764      32635  1027.8833  1027.8835    34.3432    34.3442    7.96669         33 0.0000e+00
     68.000     67.324     0.3843  28.898393     0.3858  28.899812     5.8554     5.8979     0.1037    89.7394 6.8757e-01  -64.77036  -63.09838 347.992255      99.97 1.2710e+03   1362.804      32708  1027.8775  1027.8775    34.3418    34.3420    7.96711         40 0.0000e+00
     67.000     66.333     0.3678  28.876187     0.3780  28.889649     5.8841     5.9476     0.1084    89.7035 7.2707e-01  -64.77036  -63.09838 347.992290      99.97 1.2707e+03   1365.871      32782  1027.8659  1027.8700    34.3318    34.3380    7.97109         41 0.0000e+00
     66.000     65.344     0.3463  28.846396     0.3349  28.830949     5.9007     5.9937     0.1419    89.6945 7.6464e-01  -64.77035  -63.09839 347.992426      99.97 1.2613e+03   1377.636      33064  1027.8516  1027.8453    34.3196    34.3096    7.97620         37 0.0000e+00
     65.000     64.354     0.3238  28.818978     0.3201  28.813777     6.0123     6.1070     0.1404    89.6583 7.9645e-01  -64.77034  -63.09840 347.992649      99.97 1.2472e+03   1396.838      33525  1027.8383  1027.8359    34.3080    34.3042    7.98150         37 0.0000e+00
     64.000     63.364     0.3031  28.792529     0.2880  28.773208     6.1022     6.2106     0.1597    89.5751 8.3152e-01  -64.77034  -63.09840 347.992687      99.97 1.2464e+03   1400.140      33604  1027.8260  1027.8204    34.2958    34.2872    7.98648         43 0.0000e+00
     63.000     62.374     0.2862  28.769830     0.2570  28.735161     6.1540     6.2634     0.1958    89.5710 8.7183e-01  -64.77034  -63.09840 347.992718      99.97 1.2464e+03   1402.857      33670  1027.8142  1027.8059    34.2854    34.2724    7.99056         39 0.0000e+00
     62.000     61.384     0.2605  28.740179     0.2333  28.704779     6.2611     6.3287     0.2203    89.5208 9.2250e-01  -64.77034  -63.09840 347.992748      99.97 1.2464e+03   1405.468      33732  1027.8035  1027.7922    34.2756    34.2594    7.99644         48 0.0000e+00
     61.000     60.395     0.2243  28.691863     0.2087  28.670717     6.3449     6.3791     0.1582    89.5139 9.8010e-01  -64.77034  -63.09840 347.992778      99.97 1.2464e+03   1408.024      33794  1027.7832  1027.7755    34.2531    34.2426    8.00525         46 0.0000e+00
     60.000     59.403     0.1933  28.649587     0.1829  28.633924     6.4215     6.4349     0.1962    89.4729 1.0427e+00  -64.77034  -63.09840 347.992806      99.97 1.2432e+03   1410.424      33851  1027.7638  1027.7571    34.2325    34.2234    8.01286         43 0.0000e+00
     59.000     58.414     0.1698  28.615514     0.1660  28.609547     6.4252     6.4504     0.2259    89.4256 1.1091e+00  -64.77034  -63.09840 347.992831      99.97 1.2380e+03   1412.628      33904  1027.7458  1027.7428    34.2143    34.2107    8.01876         41 0.0000e+00
     58.000     57.425     0.1659  28.609282     0.1632  28.604677     6.4180     6.4707     0.2921    89.3898 1.1761e+00  -64.77034  -63.09840 347.992857      99.97 1.2358e+03   1414.865      33958  1027.7383  1027.7358    34.2111    34.2081    8.01977         38 0.0000e+00
     57.000     56.434     0.1611  28.602046     0.1563  28.593738     6.4410     6.5205     0.3181    89.3286 1.2462e+00  -64.77033  -63.09840 347.992883      99.97 1.2358e+03   1417.124      34012  1027.7306  1027.7262    34.2075    34.2019    8.02097         36 0.0000e+00
     56.000     55.446     0.1551  28.591345     0.1489  28.579644     6.5103     6.5804     0.3593    89.1300 1.3186e+00  -64.77032  -63.09840 347.992909      99.97 1.2358e+03   1419.349      34065  1027.7205  1027.7139    34.2006    34.1922    8.02260         36 0.0000e+00
     55.000     54.455     0.1448  28.573773     0.1343  28.556888     6.5583     6.6350     0.3605    89.2253 1.3942e+00  -64.77032  -63.09840 347.992935      99.97 1.2352e+03   1421.608      34120  1027.7074  1027.6995    34.1896    34.1790    8.02538         46 0.0000e+00
     54.000     53.465     0.1345  28.558359     0.1221  28.539970     6.6494     6.6815     0.3102    89.2290 1.4723e+00  -64.77032  -63.09840 347.992961      99.97 1.2345e+03   1423.802      34172  1027.6964  1027.6888    34.1813    34.1708    8.02801         44 0.0000e+00
     53.000     52.474     0.1139  28.529022     0.1076  28.520131     6.6920     6.7208     0.3525    89.1836 1.5512e+00  -64.77032  -63.09840 347.992987      99.97 1.2340e+03   1426.062      34226  1027.6808  1027.6773    34.1661    34.1614    8.03316         41 0.0000e+00
     52.000     51.484     0.1057  28.517642     0.0987  28.507860     6.6959     6.7560     0.3982    89.1386 1.6286e+00  -64.77032  -63.09841 347.993013      99.97 1.2311e+03   1428.327      34281  1027.6721  1027.6683    34.1608    34.1557    8.03518         37 0.0000e+00
     51.000     50.496     0.0993  28.509254     0.0907  28.497146     6.7025     6.7773     0.3766    89.0961 1.7118e+00  -64.77032  -63.09841 347.993038      99.97 1.2260e+03   1430.518      34333  1027.6650  1027.6602    34.1575    34.1511    8.03672         34 0.0000e+00
     50.000     49.503     0.0938  28.501283     0.0883  28.493485     6.7053     6.7892     0.4131    89.0875 1.8031e+00  -64.77032  -63.09841 347.993066      99.97 1.2221e+03   1432.876      34390  1027.6572  1027.6541    34.1537    34.1495    8.03808         37 0.0000e+00
     49.000     48.515     0.0910  28.497401     0.0841  28.487420     6.7277     6.7965     0.4310    89.0827 1.9028e+00  -64.77032  -63.09842 347.993096      99.97 1.2222e+03   1435.514      34453  1027.6513  1027.6472    34.1524    34.1468    8.03875         39 0.0000e+00
     48.000     47.526     0.0874  28.492326     0.0819  28.484173     6.7359     6.8086     0.4556    89.0724 2.0296e+00  -64.77032  -63.09842 347.993128      99.97 1.2195e+03   1438.257      34519  1027.6449  1027.6414    34.1502    34.1455    8.03961         43 0.0000e+00
     47.000     46.534     0.0831  28.485831     0.0789  28.478387     6.7410     6.8164     0.4521    88.9727 2.1752e+00  -64.77030  -63.09842 347.993160      99.97 1.2030e+03   1440.995      34585  1027.6378  1027.6337    34.1471    34.1418    8.04070         40 0.0000e+00
     46.000     45.546     0.0830  28.484368     0.0808  28.479256     6.7181     6.8009     0.4931    88.9797 2.3338e+00  -64.77030  -63.09842 347.993191      99.96 1.1831e+03   1443.698      34650  1027.6319  1027.6285    34.1458    34.1415    8.04079         41 0.0000e+00
     45.000     44.554     0.0815  28.479402     0.0825  28.479752     6.6860     6.7793     0.4594    88.9031 2.5743e+00  -64.77029  -63.09844 347.993492      99.97 1.2180e+03   1469.720      35274  1027.6234  1027.6227    34.1415    34.1409    8.04134         40 0.0000e+00
     44.000     43.566     0.0942  28.497896     0.0932  28.496074     6.7052     6.8176     0.3901    88.8821 2.7253e+00  -64.77028  -63.09844 347.993533      99.97 1.2183e+03   1473.273      35360  1027.6264  1027.6254    34.1524    34.1511    8.03807         38 0.0000e+00
     43.000     42.574     0.0839  28.482460     0.0770  28.470942     6.7861     6.8568     0.4930    88.8142 2.8861e+00  -64.77028  -63.09844 347.993566      99.97 1.2198e+03   1476.135      35428  1027.6160  1027.6104    34.1441    34.1366    8.04070         37 0.0000e+00
     42.000     41.586     0.0698  28.462190     0.0696  28.460637     6.8121     6.8654     0.4665    88.7946 3.0573e+00  -64.77028  -63.09844 347.993599      99.97 1.2199e+03   1478.947      35496  1027.6037  1027.6023    34.1336    34.1318    8.04424         42 0.0000e+00
     41.000     40.595     0.0618  28.450825     0.0606  28.448036     6.8008     6.8601     0.4689    88.7452 3.2442e+00  -64.77028  -63.09844 347.993632      99.96 1.2199e+03   1481.765      35563  1027.5950  1027.5932    34.1281    34.1257    8.04623         41 0.0000e+00
     40.000     39.605     0.0542  28.440472     0.0501  28.434817     6.7707     6.8388     0.5364    88.6839 3.4480e+00  -64.77028  -63.09844 347.993664      99.97 1.2183e+03   1484.558      35630  1027.5870  1027.5848    34.1235    34.1205    8.04809         36 0.0000e+00
     39.000     38.617     0.0461  28.430711     0.0353  28.416435     6.7293     6.8104     0.5348    88.7815 3.6715e+00  -64.77028  -63.09844 347.993696      99.97 1.2182e+03   1487.325      35697  1027.5801  1027.5753    34.1202    34.1134    8.04998         33 0.0000e+00
     38.000     37.623     0.0295  28.411069     0.0260  28.405269     6.7210     6.8178     0.6468    88.7312 3.9196e+00  -64.77027  -63.09844 347.993728      99.97 1.2182e+03   1490.118      35764  1027.5708  1027.5680    34.1133    34.1095    8.05386         41 0.0000e+00
