NBP2113_155081_ctd/data/nbp2113_038.cnv
* Sea-Bird SBE 9 Data File:
* FileName = D:\Data\raw\NBP2113_038.hex
* Software Version Seasave V 7.26.7.121
* Temperature SN = 2438
* Conductivity SN = 2067
* Number of Bytes Per Scan = 40
* Number of Voltage Words = 5
* Number of Scans Averaged by the Deck Unit = 1
* NMEA Latitude = 64 56.00 S
* NMEA Longitude = 064 24.10 W
* NMEA UTC (Time) = Dec 10 2021  10:01:33
* NMEA baud rate = 9600
** Ship: RVIB N.B. Palmer
** Cruise: NBP2113 LTER
** Station: 600.040
** Operator: B. Urmston
# nquan = 25
# nvalues = 200                         
# units = specified
# name 0 = prDM: Pressure, Digiquartz [db]
# name 1 = depSM: Depth [salt water, m]
# name 2 = t090C: Temperature [ITS-90, deg C]
# name 3 = c0mS/cm: Conductivity [mS/cm]
# name 4 = t190C: Temperature, 2 [ITS-90, deg C]
# name 5 = c1mS/cm: Conductivity, 2 [mS/cm]
# name 6 = sbeox0ML/L: Oxygen, SBE 43 [ml/l]
# name 7 = sbeox1ML/L: Oxygen, SBE 43, 2 [ml/l]
# name 8 = flECO-AFL: Fluorescence, WET Labs ECO-AFL/FL [mg/m^3]
# name 9 = CStarTr0: Beam Transmission, WET Labs C-Star [%]
# name 10 = par: PAR/Irradiance, Biospherical/Licor
# name 11 = latitude: Latitude [deg]
# name 12 = longitude: Longitude [deg]
# name 13 = timeJ: Julian Days
# name 14 = altM: Altimeter [m]
# name 15 = spar: SPAR, Biospherical/Licor
# name 16 = timeS: Time, Elapsed [seconds]
# name 17 = scan: Scan Count
# name 18 = density00: Density [density, kg/m^3]
# name 19 = density11: Density, 2 [density, kg/m^3]
# name 20 = sal00: Salinity, Practical [PSU]
# name 21 = sal11: Salinity, Practical, 2 [PSU]
# name 22 = oxsolML/L: Oxygen Saturation, Garcia & Gordon [ml/l]
# name 23 = nbin: number of scans per bin
# name 24 = flag: flag
# span 0 =      1.000,    103.000       
# span 1 =      0.991,    101.969       
# span 2 =    -0.7222,     0.3191       
# span 3 =  27.382335,  28.874895       
# span 4 =    -0.7225,     0.3190       
# span 5 =  27.380459,  28.873231       
# span 6 =     5.3836,     8.8828       
# span 7 =     5.4727,     9.9958       
# span 8 =     0.0480,     1.7036       
# span 9 =    87.2336,    95.3799       
# span 10 = 9.0961e-02, 2.3115e+02      
# span 11 =  -64.93344,  -64.93306      
# span 12 =  -64.40141,  -64.40094      
# span 13 = 344.420969, 344.426734      
# span 14 =      -0.07,     100.24      
# span 15 = 1.9921e+02, 2.6620e+02      
# span 16 =    278.748,    776.784      
# span 17 =       6691,      18644      
# span 18 =  1027.0117,  1028.0621      
# span 19 =  1027.0105,  1028.0611      
# span 20 =    33.5967,    34.3633      
# span 21 =    33.5945,    34.3612      
# span 22 =    7.97939,    8.24464      
# span 23 =          4,         47      
# span 24 = 0.0000e+00, 0.0000e+00      
# interval = decibars: 1                
# start_time = Dec 10 2021 10:01:33 [NMEA time, header]
# bad_flag = -9.990e-29
*END*
      6.000      5.948    -0.7074  27.403149    -0.7063  27.401952     8.0439     8.1448     1.5091    87.3056 5.6567e+01  -64.93344  -64.40141 344.420969      99.97 2.2125e+02    278.748       6691  1027.0420  1027.0399    33.6058    33.6031    8.24086         21 0.0000e+00
      7.000      6.929    -0.7133  27.397422    -0.7133  27.395715     8.1029     8.1510     1.5985    87.2336 5.4974e+01  -64.93344  -64.40131 344.421102      99.97 2.2372e+02    290.226       6966  1027.0451  1027.0432    33.6041    33.6018    8.24226         36 0.0000e+00
      8.000      7.922    -0.7166  27.394431    -0.7157  27.393454     8.1096     8.1474     1.5472    87.2816 4.8639e+01  -64.93344  -64.40130 344.421139      99.97 2.2389e+02    293.409       7043  1027.0492  1027.0472    33.6031    33.6008    8.24304         33 0.0000e+00
      9.000      8.911    -0.7163  27.395156    -0.7145  27.394757     8.0570     8.1501     1.5681    87.3641 4.2760e+01  -64.93344  -64.40128 344.421172      99.97 2.2496e+02    296.273       7112  1027.0539  1027.0518    33.6032    33.6006    8.24297         34 0.0000e+00
     10.000      9.901    -0.7166  27.395133    -0.7161  27.393940     8.0668     8.1530     1.5965    87.3026 3.6458e+01  -64.93344  -64.40127 344.421210      99.97 2.2584e+02    299.545       7190  1027.0584  1027.0566    33.6028    33.6006    8.24305         41 0.0000e+00
     11.000     10.892    -0.7169  27.395265    -0.7164  27.393833     8.0659     8.1483     1.6114    87.2948 3.2437e+01  -64.93344  -64.40125 344.421244      98.88 2.2702e+02    302.449       7260  1027.0630  1027.0611    33.6027    33.6003    8.24312         40 0.0000e+00
     12.000     11.882    -0.7170  27.395362    -0.7169  27.393559     8.0828     8.1466     1.5808    87.3357 2.9556e+01  -64.93344  -64.40124 344.421273      99.96 2.2803e+02    304.956       7320  1027.0675  1027.0655    33.6023    33.5999    8.24316         34 0.0000e+00
     13.000     12.873    -0.7172  27.395511    -0.7166  27.394185     8.0799     8.1486     1.5837    87.3134 2.5789e+01  -64.93344  -64.40126 344.421313      99.97 2.2940e+02    308.444       7404  1027.0723  1027.0702    33.6022    33.5997    8.24323         39 0.0000e+00
     14.000     13.864    -0.7186  27.394516    -0.7180  27.393224     8.0640     8.1487     1.5457    87.3311 2.3242e+01  -64.93343  -64.40125 344.421352      99.96 2.3086e+02    311.822       7485  1027.0767  1027.0747    33.6018    33.5993    8.24355         28 0.0000e+00
     15.000     14.853    -0.7159  27.397602    -0.7161  27.395448     8.0831     8.1494     1.5265    87.3117 2.0190e+01  -64.93342  -64.40125 344.421384      99.97 2.3226e+02    314.567       7551  1027.0818  1027.0796    33.6023    33.5997    8.24293         42 0.0000e+00
     16.000     15.842    -0.7133  27.401156    -0.7110  27.401315     8.1251     8.1452     1.5412    87.2848 1.8237e+01  -64.93342  -64.40124 344.421414      99.97 2.3268e+02    317.174       7613  1027.0875  1027.0854    33.6037    33.6013    8.24229         43 0.0000e+00
     17.000     16.833    -0.7140  27.400749    -0.7121  27.400216     8.0989     8.1429     1.5977    87.2925 1.7264e+01  -64.93342  -64.40125 344.421442      99.97 2.3415e+02    319.631       7672  1027.0920  1027.0896    33.6032    33.6003    8.24246         43 0.0000e+00
     18.000     17.821    -0.6948  27.417312    -0.7042  27.406737     8.0694     8.1174     1.5891    87.2917 1.4842e+01  -64.93342  -64.40125 344.421490      99.97 2.3523e+02    323.760       7771  1027.0956  1027.0936    33.6036    33.5998    8.23825         22 0.0000e+00
     19.000     18.812    -0.5786  27.541103    -0.5641  27.552165     8.0047     8.0684     1.5728    87.3307 1.4134e+01  -64.93342  -64.40124 344.421528      99.97 2.3655e+02    327.025       7850  1027.1228  1027.1205    33.6405    33.6392    8.21083         28 0.0000e+00
     20.000     19.803    -0.4093  27.743517    -0.4071  27.743031     7.9962     8.0724     1.5574    87.8991 1.2640e+01  -64.93342  -64.40124 344.421539      99.97 2.3797e+02    328.007       7873  1027.1834  1027.1807    33.7236    33.7204    8.16942         28 0.0000e+00
     21.000     20.793    -0.3852  27.782628    -0.3862  27.778845     7.9494     8.0655     1.4452    88.8472 1.1254e+01  -64.93342  -64.40123 344.421569      99.97 2.3822e+02    330.573       7935  1027.2088  1027.2055    33.7485    33.7446    8.16279         27 0.0000e+00
     22.000     21.783    -0.3856  27.796003    -0.3853  27.793702     7.8546     7.9806     1.3610    89.8534 1.0698e+01  -64.93342  -64.40122 344.421614      99.97 2.3974e+02    334.445       8028  1027.2305  1027.2275    33.7662    33.7628    8.16185         43 0.0000e+00
     23.000     22.772    -0.4151  27.795264    -0.4147  27.793686     7.8263     7.9307     1.3384    90.0822 9.5965e+00  -64.93340  -64.40122 344.421636      99.97 2.3980e+02    336.318       8073  1027.2634  1027.2612    33.7975    33.7950    8.16641         38 0.0000e+00
     24.000     23.769    -0.4421  27.783492    -0.4392  27.783137     7.6393     7.8116     1.2884    90.5319 8.5998e+00  -64.93340  -64.40122 344.421672      99.97 2.4150e+02    339.428       8147  1027.2818  1027.2785    33.8112    33.8075    8.17143         18 0.0000e+00
     25.000     24.754    -0.5118  27.760626    -0.5094  27.760204     7.4642     7.6442     1.2497    90.8750 8.4615e+00  -64.93340  -64.40120 344.421708      99.97 2.4151e+02    342.542       8222  1027.3290  1027.3263    33.8578    33.8545    8.18380         36 0.0000e+00
     26.000     25.743    -0.5502  27.735357    -0.5473  27.735427     7.4621     7.6102     1.2015    91.1807 8.7251e+00  -64.93340  -64.40120 344.421734      99.97 2.4151e+02    344.819       8277  1027.3429  1027.3401    33.8661    33.8630    8.19162         39 0.0000e+00
     27.000     26.732    -0.5546  27.733058    -0.5529  27.732720     7.4804     7.6054     1.1896    91.6545 7.5622e+00  -64.93339  -64.40120 344.421769      99.97 2.4354e+02    347.887       8350  1027.3483  1027.3463    33.8673    33.8649    8.19250         29 0.0000e+00
     28.000     27.723    -0.5537  27.735824    -0.5530  27.734756     7.4024     7.4996     1.1051    92.2155 6.6836e+00  -64.93338  -64.40118 344.421814      99.97 2.4327e+02    351.691       8442  1027.3541  1027.3524    33.8694    33.8672    8.19218         38 0.0000e+00
     29.000     28.714    -0.5736  27.725524    -0.5799  27.719841     7.2910     7.4389     1.0429    92.1819 6.5035e+00  -64.93338  -64.40117 344.421829      99.97 2.4395e+02    352.985       8473  1027.3665  1027.3666    33.8771    33.8766    8.19603         31 0.0000e+00
     30.000     29.703    -0.5951  27.710391    -0.5986  27.705827     7.1921     7.3872     1.0311    92.2479 6.3176e+00  -64.93340  -64.40117 344.421847      99.97 2.4528e+02    354.620       8512  1027.3749  1027.3735    33.8802    33.8780    8.20051         35 0.0000e+00
     31.000     30.695    -0.6482  27.672457    -0.6414  27.677192     7.1082     7.2639     0.9982    92.9482 5.7177e+00  -64.93338  -64.40120 344.421897      99.97 2.4683e+02    358.880       8614  1027.3888  1027.3874    33.8880    33.8868    8.21160         29 0.0000e+00
     32.000     31.685    -0.6619  27.662705    -0.6609  27.661584     7.0881     7.2076     0.8609    93.3002 5.2044e+00  -64.93338  -64.40119 344.421935      99.97 2.4836e+02    362.185       8693  1027.3950  1027.3929    33.8896    33.8870    8.21448         47 0.0000e+00
     33.000     32.674    -0.6707  27.657440    -0.6683  27.657330     7.0686     7.1754     0.8005    93.3474 5.0167e+00  -64.93338  -64.40116 344.421960      99.97 2.4857e+02    364.365       8746  1027.4017  1027.3993    33.8917    33.8889    8.21627         43 0.0000e+00
     34.000     33.662    -0.6768  27.653054    -0.6762  27.651767     7.0955     7.1682     0.7885    93.4110 4.8128e+00  -64.93338  -64.40117 344.421986      99.97 2.4962e+02    366.597       8799  1027.4068  1027.4049    33.8920    33.8897    8.21758         38 0.0000e+00
     35.000     34.653    -0.6776  27.653058    -0.6774  27.651612     7.0636     7.1538     0.7230    93.4853 4.5542e+00  -64.93337  -64.40120 344.422024      99.97 2.5196e+02    369.840       8877  1027.4115  1027.4097    33.8924    33.8901    8.21774         33 0.0000e+00
     36.000     35.643    -0.6791  27.653933    -0.6788  27.652162     7.0721     7.1308     0.6744    93.5458 4.1517e+00  -64.93336  -64.40119 344.422054      99.97 2.5209e+02    372.458       8940  1027.4180  1027.4157    33.8946    33.8918    8.21794         39 0.0000e+00
     37.000     36.633    -0.6768  27.658669    -0.6768  27.656486     7.0593     7.1238     0.7049    93.6153 3.8938e+00  -64.93335  -64.40117 344.422089      99.97 2.5408e+02    375.460       9012  1027.4250  1027.4226    33.8978    33.8948    8.21725         30 0.0000e+00
     38.000     37.623    -0.6759  27.661402    -0.6754  27.660042     7.0472     7.1160     0.6670    93.6495 3.8636e+00  -64.93336  -64.40118 344.422132      99.97 2.5559e+02    379.195       9102  1027.4313  1027.4294    33.8999    33.8975    8.21693         38 0.0000e+00
     39.000     38.614    -0.6755  27.663058    -0.6749  27.661652     7.0460     7.1075     0.6630    93.6716 3.6973e+00  -64.93336  -64.40118 344.422155      73.81 2.5627e+02    381.235       9151  1027.4370  1027.4349    33.9010    33.8984    8.21678         42 0.0000e+00
     40.000     39.607    -0.6753  27.663890    -0.6748  27.662456     7.0378     7.1039     0.6889    93.7170 3.3549e+00  -64.93334  -64.40117 344.422180      99.59 2.5811e+02    383.356       9202  1027.4420  1027.4399    33.9013    33.8988    8.21672         36 0.0000e+00
     41.000     40.592    -0.6755  27.663902    -0.6749  27.662583     7.0541     7.1003     0.6913    93.7259 3.1304e+00  -64.93334  -64.40116 344.422218      99.98 2.5983e+02    386.652       9281  1027.4464  1027.4445    33.9009    33.8985    8.21678         32 0.0000e+00
     42.000     41.583    -0.6749  27.665036    -0.6740  27.664416     7.0553     7.0954     0.6370    93.7333 3.1013e+00  -64.93334  -64.40116 344.422253      99.97 2.6088e+02    389.700       9354  1027.4514  1027.4498    33.9012    33.8993    8.21664         37 0.0000e+00
     43.000     42.575    -0.6705  27.672235    -0.6706  27.669447     7.0069     7.0828     0.6753    93.7425 2.9009e+00  -64.93334  -64.40116 344.422278      99.97 2.6139e+02    391.840       9405  1027.4592  1027.4563    33.9054    33.9017    8.21545         42 0.0000e+00
     44.000     43.563    -0.6583  27.689226    -0.6597  27.685447     6.9715     7.0565     0.6755    93.7529 2.7125e+00  -64.93333  -64.40114 344.422307      99.98 2.6269e+02    394.307       9464  1027.4702  1027.4674    33.9140    33.9104    8.21229         36 0.0000e+00
     45.000     44.554    -0.6398  27.712082    -0.6399  27.710054     6.9905     7.0392     0.6553    93.8148 2.5314e+00  -64.93332  -64.40112 344.422350      99.97 2.6421e+02    398.029       9554  1027.4816  1027.4795    33.9235    33.9208    8.20772         44 0.0000e+00
     46.000     45.544    -0.6187  27.738056    -0.6182  27.736451     6.9607     7.0198     0.5788    93.8577 2.4874e+00  -64.93332  -64.40110 344.422377      99.97 2.6443e+02    400.414       9611  1027.4938  1027.4915    33.9342    33.9314    8.20252         34 0.0000e+00
     47.000     46.536    -0.6090  27.750622    -0.6086  27.749031     6.9028     6.9945     0.5530    93.9152 2.4255e+00  -64.93332  -64.40110 344.422402      99.97 2.6524e+02    402.532       9662  1027.5026  1027.5005    33.9396    33.9370    8.20011         37 0.0000e+00
     48.000     47.523    -0.5955  27.768745    -0.5981  27.762811     6.8245     6.9501     0.5474    93.9490 2.2270e+00  -64.93332  -64.40109 344.422440      99.97 2.6568e+02    405.809       9740  1027.5138  1027.5099    33.9483    33.9432    8.19667         37 0.0000e+00
     49.000     48.514    -0.5550  27.815190    -0.5582  27.808015     6.7367     6.8691     0.5142    94.0196 2.1994e+00  -64.93332  -64.40106 344.422488      99.97 2.6582e+02    410.007       9841  1027.5296  1027.5248    33.9648    33.9587    8.18697         23 0.0000e+00
     50.000     49.504    -0.5220  27.856148    -0.5218  27.854332     6.6808     6.8439     0.4731    94.0490 2.1050e+00  -64.93332  -64.40106 344.422496      99.97 2.6620e+02    410.627       9856  1027.5462  1027.5440    33.9822    33.9796    8.17882         17 0.0000e+00
     51.000     50.491    -0.5214  27.860611    -0.5210  27.859022     6.6682     6.8314     0.4390    94.1035 1.9854e+00  -64.93332  -64.40106 344.422504      99.97 2.6620e+02    411.358       9874  1027.5550  1027.5529    33.9869    33.9844    8.17841         18 0.0000e+00
     52.000     51.485    -0.5375  27.843035    -0.5336  27.847707     6.6903     6.8314     0.4627    94.1354 1.8195e+00  -64.93332  -64.40105 344.422532      99.97 2.6620e+02    413.788       9932  1027.5563  1027.5575    33.9808    33.9827    8.18226         34 0.0000e+00
     53.000     52.474    -0.5286  27.855437    -0.5336  27.845690     6.6432     6.7757     0.4751    94.1540 1.6718e+00  -64.93332  -64.40102 344.422597      99.97 2.6620e+02    419.358      10066  1027.5659  1027.5601    33.9869    33.9794    8.17999         35 0.0000e+00
     54.000     53.464    -0.5188  27.869247    -0.5187  27.867281     6.6891     6.7793     0.4683    94.1758 1.6320e+00  -64.93332  -64.40102 344.422616      99.97 2.6620e+02    421.024      10106  1027.5758  1027.5735    33.9938    33.9910    8.17746         44 0.0000e+00
     55.000     54.453    -0.5101  27.878142    -0.5095  27.876906     6.7250     6.7885     0.5069    94.2091 1.5815e+00  -64.93332  -64.40105 344.422641      99.97 2.6620e+02    423.221      10158  1027.5816  1027.5796    33.9954    33.9931    8.17550         42 0.0000e+00
     56.000     55.446    -0.4715  27.922443    -0.4743  27.916483     6.7135     6.7876     0.5092    94.2467 1.4485e+00  -64.93332  -64.40106 344.422681      99.97 2.6503e+02    426.622      10240  1027.5966  1027.5929    34.0110    34.0062    8.16627         38 0.0000e+00
     57.000     56.434    -0.4347  27.966481    -0.4337  27.965223     6.6463     6.7495     0.4774    94.3043 1.3398e+00  -64.93330  -64.40104 344.422711      99.97 2.6445e+02    429.208      10302  1027.6132  1027.6108    34.0282    34.0254    8.15737         43 0.0000e+00
     58.000     57.421    -0.4346  27.969658    -0.4341  27.967688     6.5491     6.6545     0.4625    94.3634 1.3026e+00  -64.93331  -64.40104 344.422748      99.97 2.6376e+02    432.403      10379  1027.6216  1027.6189    34.0318    34.0286    8.15715         40 0.0000e+00
     59.000     58.414    -0.4319  27.976203    -0.4314  27.974945     6.4253     6.5460     0.3933    94.4054 1.2515e+00  -64.93332  -64.40104 344.422776      99.97 2.6266e+02    434.882      10438  1027.6307  1027.6287    34.0369    34.0346    8.15627         37 0.0000e+00
     60.000     59.406    -0.4280  27.986338    -0.4272  27.985158     6.3702     6.5027     0.3822    94.4520 1.1765e+00  -64.93330  -64.40106 344.422801      99.97 2.6125e+02    437.009      10489  1027.6424  1027.6403    34.0455    34.0431    8.15494         32 0.0000e+00
     61.000     60.396    -0.4127  28.005204    -0.4134  28.002575     6.3052     6.4455     0.4036    94.4586 1.0836e+00  -64.93329  -64.40106 344.422840      99.97 2.6091e+02    440.363      10570  1027.6524  1027.6503    34.0530    34.0503    8.15122         31 0.0000e+00
     62.000     61.384    -0.3932  28.030299    -0.3929  28.028784     6.3066     6.4179     0.4117    94.4885 1.0187e+00  -64.93328  -64.40106 344.422869      99.97 2.5850e+02    442.876      10630  1027.6650  1027.6631    34.0642    34.0618    8.14640         35 0.0000e+00
