NBP2113_155081_ctd/data/nbp2113_002.ros
* Sea-Bird SBE 9 Data File:
* FileName = D:\Data\raw\NBP2113_002.hex
* Software Version Seasave V 7.26.7.121
* Temperature SN = 2438
* Conductivity SN = 2067
* Number of Bytes Per Scan = 40
* Number of Voltage Words = 5
* Number of Scans Averaged by the Deck Unit = 1
* NMEA Latitude = 63 34.52 S
* NMEA Longitude = 060 42.00 W
* NMEA UTC (Time) = Nov 22 2021  11:46:05
* NMEA baud rate = 9600
** Ship: RVIB N.B. Palmer
** Cruise: NBP2113 LTER
** Station: 831.-002
** Operator: B. Urmston
# nquan = 20
# nvalues = 1173                                  
# units = specified
# name 0 = prDM: Pressure, Digiquartz [db]
# name 1 = depSM: Depth [salt water, m]
# name 2 = t090C: Temperature [ITS-90, deg C]
# name 3 = c0mS/cm: Conductivity [mS/cm]
# name 4 = t190C: Temperature, 2 [ITS-90, deg C]
# name 5 = c1mS/cm: Conductivity, 2 [mS/cm]
# name 6 = sbeox0ML/L: Oxygen, SBE 43 [ml/l]
# name 7 = sbeox1ML/L: Oxygen, SBE 43, 2 [ml/l]
# name 8 = flECO-AFL: Fluorescence, WET Labs ECO-AFL/FL [mg/m^3]
# name 9 = CStarTr0: Beam Transmission, WET Labs C-Star [%]
# name 10 = par: PAR/Irradiance, Biospherical/Licor
# name 11 = latitude: Latitude [deg]
# name 12 = longitude: Longitude [deg]
# name 13 = timeJ: Julian Days
# name 14 = altM: Altimeter [m]
# name 15 = spar: SPAR, Biospherical/Licor
# name 16 = timeS: Time, Elapsed [seconds]
# name 17 = scan: Scan Count
# name 18 = nbf: Bottles Fired
# name 19 = flag:  0.000e+00
# interval = seconds: 0.0416667
# start_time = Nov 22 2021 11:46:05 [NMEA time, header]
# bad_flag = -9.990e-29
*END*
[from data line 362]
    152.623    151.087    -1.1679  27.668515    -1.1684  27.667156     7.2887     7.1818     0.2194    97.3176 1.0000e-12  -63.57546  -60.69946 326.514495      99.98 1.7964e+03   2087.333      50097          8  0.000e+00
    152.623    151.087    -1.1683  27.668630    -1.1685  27.667212     7.2904     7.1809     0.2194    97.3433 1.0000e-12  -63.57546  -60.69946 326.514495      99.98 1.7964e+03   2087.375      50098          8  0.000e+00
    152.671    151.134    -1.1679  27.668171    -1.1681  27.667044     7.2905     7.1809     0.2194    97.3433 1.0000e-12  -63.57546  -60.69946 326.514496      99.95 1.7964e+03   2087.417      50099          8  0.000e+00
    152.719    151.182    -1.1681  27.668687    -1.1683  27.667156     7.2983     7.1810     0.2267    97.3433 1.0000e-12  -63.57546  -60.69946 326.514496      99.98 1.7964e+03   2087.458      50100          8  0.000e+00
    152.740    151.202    -1.1679  27.668917    -1.1683  27.667268     7.2953     7.1811     0.2194    97.3433 1.0000e-12  -63.57546  -60.69946 326.514497      99.98 1.7964e+03   2087.500      50101          8  0.000e+00
    152.774    151.236    -1.1678  27.668687    -1.1681  27.667212     7.2955     7.1811     0.2267    97.3433 1.0000e-12  -63.57546  -60.69946 326.514497      99.98 1.7964e+03   2087.542      50102          8  0.000e+00
    152.774    151.236    -1.1681  27.668573    -1.1683  27.667212     7.2942     7.1812     0.2194    97.3433 1.0000e-12  -63.57546  -60.69946 326.514497      99.95 1.7964e+03   2087.583      50103          8  0.000e+00
    152.774    151.236    -1.1679  27.668573    -1.1686  27.667212     7.2943     7.1813     0.2194    97.3433 1.0000e-12  -63.57546  -60.69946 326.514498      99.98 1.7964e+03   2087.625      50104          8  0.000e+00
    152.925    151.386    -1.1679  27.668803    -1.1683  27.667213     7.2885     7.1814     0.2194    97.3433 1.0000e-12  -63.57546  -60.69946 326.514498      99.98 1.7964e+03   2087.667      50105          8  0.000e+00
    152.925    151.386    -1.1679  27.668401    -1.1684  27.667045     7.2857     7.1815     0.2194    97.3433 1.0000e-12  -63.57546  -60.69946 326.514499      99.98 1.7964e+03   2087.708      50106          8  0.000e+00
    152.946    151.406    -1.1679  27.668745    -1.1683  27.667157     7.2890     7.1815     0.2267    97.3433 1.0000e-12  -63.57546  -60.69946 326.514499      99.98 1.7964e+03   2087.750      50107          8  0.000e+00
    152.925    151.386    -1.1679  27.668688    -1.1681  27.667213     7.2906     7.1815     0.2267    97.3176 1.0000e-12  -63.57546  -60.69946 326.514500      99.98 1.7964e+03   2087.792      50108          8  0.000e+00
    153.028    151.488    -1.1680  27.668631    -1.1685  27.667213     7.2924     7.1817     0.2194    97.3433 1.0000e-12  -63.57546  -60.69946 326.514500      99.98 1.7964e+03   2087.833      50109          8  0.000e+00
    153.028    151.488    -1.1678  27.668745    -1.1681  27.667381     7.2881     7.1807     0.2194    97.3433 1.0000e-12  -63.57546  -60.69946 326.514501      99.95 1.7964e+03   2087.875      50110          8  0.000e+00
    153.028    151.488    -1.1679  27.668860    -1.1680  27.667325     7.2992     7.1807     0.2267    97.3433 1.0000e-12  -63.57546  -60.69946 326.514501      99.95 1.7964e+03   2087.917      50111          8  0.000e+00
    153.131    151.589    -1.1679  27.668688    -1.1680  27.667213     7.3026     7.1798     0.2194    97.3176 1.0000e-12  -63.57546  -60.69946 326.514502      99.98 1.7964e+03   2087.958      50112          8  0.000e+00
    153.076    151.535    -1.1678  27.668573    -1.1684  27.667606     7.2982     7.1798     0.2267    97.3433 1.0000e-12  -63.57546  -60.69946 326.514502     100.00 1.7964e+03   2088.000      50113          8  0.000e+00
    153.145    151.603    -1.1679  27.668574    -1.1681  27.667550     7.2986     7.1797     0.2414    97.3433 1.0000e-12  -63.57546  -60.69946 326.514503      99.98 1.7964e+03   2088.042      50114          8  0.000e+00
    153.179    151.637    -1.1677  27.668803    -1.1684  27.667494     7.2974     7.1798     0.2414    97.3433 1.0000e-12  -63.57546  -60.69946 326.514503      99.95 1.7964e+03   2088.083      50115          8  0.000e+00
    153.234    151.691    -1.1676  27.669090    -1.1680  27.667494     7.2977     7.1797     0.2487    97.3176 1.0000e-12  -63.57546  -60.69946 326.514504      99.95 1.7964e+03   2088.125      50116          8  0.000e+00
    153.234    151.691    -1.1676  27.668689    -1.1681  27.667494     7.2995     7.1797     0.2414    97.3176 1.0000e-12  -63.57546  -60.69946 326.514504      99.98 1.7964e+03   2088.167      50117          8  0.000e+00
    153.234    151.691    -1.1676  27.668803    -1.1683  27.667494     7.2952     7.1797     0.2414    97.2918 1.0000e-12  -63.57546  -60.69946 326.514505      99.98 1.7964e+03   2088.208      50118          8  0.000e+00
    153.282    151.739    -1.1678  27.668918    -1.1681  27.667494     7.3019     7.1797     0.2414    97.2918 1.0000e-12  -63.57546  -60.69946 326.514505      99.98 1.7964e+03   2088.250      50119          8  0.000e+00
    153.330    151.786    -1.1678  27.668918    -1.1684  27.667550     7.3039     7.1797     0.2487    97.2918 1.0000e-12  -63.57546  -60.69946 326.514506      99.98 1.7964e+03   2088.292      50120          8  0.000e+00
    153.351    151.807    -1.1677  27.668804    -1.1681  27.667494     7.3060     7.1797     0.2487    97.2918 1.0000e-12  -63.57546  -60.69946 326.514506      99.98 1.7964e+03   2088.333      50121          8  0.000e+00
    153.330    151.786    -1.1676  27.669033    -1.1680  27.667494     7.3081     7.1796     0.2487    97.2918 1.0000e-12  -63.57546  -60.69946 326.514507      99.98 1.7981e+03   2088.375      50122          8  0.000e+00
    153.385    151.841    -1.1676  27.669148    -1.1680  27.667662     7.3165     7.1796     0.2487    97.2918 1.0000e-12  -63.57546  -60.69946 326.514507      99.98 1.7964e+03   2088.417      50123          8  0.000e+00
    153.385    151.841    -1.1673  27.668861    -1.1678  27.667774     7.3141     7.1795     0.2487    97.3176 1.0000e-12  -63.57546  -60.69946 326.514508      99.98 1.7964e+03   2088.458      50124          8  0.000e+00
    153.433    151.888    -1.1676  27.669033    -1.1680  27.667550     7.3088     7.1805     0.2487    97.2918 1.0000e-12  -63.57546  -60.69946 326.514508     100.00 1.7981e+03   2088.500      50125          8  0.000e+00
    153.385    151.841    -1.1678  27.668746    -1.1678  27.667662     7.3066     7.1805     0.2487    97.2918 1.0000e-12  -63.57546  -60.69946 326.514509      99.98 1.7981e+03   2088.542      50126          8  0.000e+00
    127.430    126.155    -1.1176  27.689678    -1.1177  27.688272     7.3432     7.2154     0.3879    97.0858 1.3340e-01  -63.57546  -60.69946 326.515575      99.98 1.7929e+03   2180.667      52337          9  0.000e+00
    127.375    126.100    -1.1174  27.689793    -1.1179  27.688440     7.3453     7.2160     0.3879    97.0858 1.3340e-01  -63.57546  -60.69946 326.515575      99.98 1.7929e+03   2180.708      52338          9  0.000e+00
    127.375    126.100    -1.1177  27.689621    -1.1173  27.688328     7.3400     7.2107     0.3879    97.0858 1.3340e-01  -63.57546  -60.69946 326.515576      99.98 1.7929e+03   2180.750      52339          9  0.000e+00
    127.375    126.100    -1.1176  27.689736    -1.1175  27.688440     7.3378     7.2160     0.3879    97.0858 1.3340e-01  -63.57546  -60.69948 326.515576      99.98 1.7929e+03   2180.792      52340          9  0.000e+00
    127.430    126.155    -1.1176  27.689621    -1.1177  27.688721     7.3357     7.2108     0.3879    97.0858 1.3340e-01  -63.57546  -60.69948 326.515577      99.98 1.7929e+03   2180.833      52341          9  0.000e+00
    127.375    126.100    -1.1173  27.689736    -1.1176  27.688664     7.3349     7.2103     0.3879    97.0858 1.3340e-01  -63.57546  -60.69948 326.515577      99.98 1.7929e+03   2180.875      52342          9  0.000e+00
    127.375    126.101    -1.1174  27.690023    -1.1175  27.688552     7.3328     7.2155     0.3879    97.0858 1.3340e-01  -63.57546  -60.69948 326.515578      99.98 1.7929e+03   2180.917      52343          9  0.000e+00
    127.423    126.148    -1.1174  27.689678    -1.1176  27.688552     7.3429     7.2160     0.3879    97.0858 1.3340e-01  -63.57546  -60.69948 326.515578      99.98 1.7929e+03   2180.958      52344          9  0.000e+00
    127.327    126.053    -1.1173  27.689736    -1.1175  27.688552     7.3510     7.2106     0.3879    97.0858 1.3340e-01  -63.57546  -60.69948 326.515579      99.98 1.7929e+03   2181.000      52345          9  0.000e+00
    127.423    126.148    -1.1174  27.689678    -1.1177  27.688552     7.3561     7.2101     0.3879    97.0858 1.3115e-01  -63.57546  -60.69948 326.515579      99.98 1.7929e+03   2181.042      52346          9  0.000e+00
    127.327    126.053    -1.1174  27.689793    -1.1176  27.688552     7.3550     7.2095     0.3879    97.0858 1.3340e-01  -63.57546  -60.69948 326.515580      99.95 1.7929e+03   2181.083      52347          9  0.000e+00
    127.375    126.101    -1.1174  27.689850    -1.1175  27.688384     7.3631     7.2090     0.3732    97.0858 1.3340e-01  -63.57546  -60.69948 326.515580      99.98 1.7929e+03   2181.125      52348          9  0.000e+00
    127.375    126.101    -1.1170  27.690023    -1.1176  27.688496     7.3587     7.2085     0.3146    97.0858 1.3340e-01  -63.57546  -60.69948 326.515581      99.98 1.7929e+03   2181.167      52349          9  0.000e+00
    127.375    126.101    -1.1171  27.690080    -1.1177  27.688552     7.3605     7.2079     0.2926    97.0858 1.3340e-01  -63.57546  -60.69948 326.515581      99.98 1.7929e+03   2181.208      52350          9  0.000e+00
    127.327    126.053    -1.1171  27.690080    -1.1177  27.688328     7.3485     7.2083     0.2926    97.0858 1.3340e-01  -63.57546  -60.69948 326.515582      99.98 1.7929e+03   2181.250      52351          9  0.000e+00
    127.327    126.053    -1.1173  27.689908    -1.1176  27.688104     7.3519     7.2135     0.2926    97.0858 1.3340e-01  -63.57546  -60.69948 326.515582      99.98 1.7929e+03   2181.292      52352          9  0.000e+00
    127.375    126.101    -1.1173  27.689850    -1.1177  27.688048     7.3506     7.2140     0.2926    97.0858 1.3340e-01  -63.57546  -60.69948 326.515583      99.98 1.7929e+03   2181.333      52353          9  0.000e+00
    127.327    126.053    -1.1173  27.690023    -1.1176  27.688440     7.3446     7.2085     0.2926    97.0858 1.3340e-01  -63.57546  -60.69948 326.515583      99.98 1.7929e+03   2181.375      52354          9  0.000e+00
    127.327    126.053    -1.1173  27.690080    -1.1175  27.688552     7.3418     7.2089     0.2926    97.0858 1.3340e-01  -63.57546  -60.69948 326.515584      99.95 1.7929e+03   2181.417      52355          9  0.000e+00
    127.273    125.999    -1.1173  27.689908    -1.1175  27.688552     7.3511     7.2083     0.2926    97.0858 1.3340e-01  -63.57546  -60.69948 326.515584      99.98 1.7929e+03   2181.458      52356          9  0.000e+00
    127.327    126.053    -1.1173  27.689850    -1.1173  27.688552     7.3512     7.2135     0.2926    97.0858 1.3340e-01  -63.57546  -60.69948 326.515584      99.98 1.7929e+03   2181.500      52357          9  0.000e+00
    127.273    125.999    -1.1174  27.690022    -1.1177  27.688328     7.3465     7.2138     0.2926    97.0858 1.3340e-01  -63.57546  -60.69948 326.515585      99.98 1.7929e+03   2181.542      52358          9  0.000e+00
    127.273    125.999    -1.1174  27.689908    -1.1175  27.688440     7.3449     7.2141     0.2926    97.0858 1.3340e-01  -63.57546  -60.69948 326.515585      99.95 1.7929e+03   2181.583      52359          9  0.000e+00
    127.273    125.999    -1.1173  27.689850    -1.1175  27.688720     7.3508     7.2144     0.2926    97.0601 1.3340e-01  -63.57546  -60.69948 326.515586      99.95 1.7929e+03   2181.625      52360          9  0.000e+00
    127.225    125.952    -1.1173  27.689850    -1.1177  27.688384     7.3520     7.2089     0.2926    97.0601 1.3340e-01  -63.57546  -60.69948 326.515586      99.98 1.7929e+03   2181.667      52361          9  0.000e+00
    127.225    125.952    -1.1173  27.689620    -1.1173  27.688440     7.3548     7.2082     0.2926    97.0343 1.3340e-01  -63.57546  -60.69948 326.515587      99.98 1.7946e+03   2181.708      52362          9  0.000e+00
    127.225    125.952    -1.1174  27.689735    -1.1173  27.688328     7.3499     7.2074     0.2926    97.0343 1.3340e-01  -63.57546  -60.69948 326.515587      99.98 1.7946e+03   2181.750      52363          9  0.000e+00
    127.225    125.952    -1.1176  27.689850    -1.1173  27.688271     7.3558     7.2077     0.2926    97.0601 1.3340e-01  -63.57546  -60.69948 326.515588      99.98 1.7946e+03   2181.792      52364          9  0.000e+00
    127.170    125.897    -1.1177  27.689678    -1.1173  27.688440     7.3493     7.2070     0.2926    97.0601 1.3340e-01  -63.57546  -60.69948 326.515588      99.98 1.7946e+03   2181.833      52365          9  0.000e+00
    127.177    125.904    -1.1174  27.689793    -1.1173  27.688552     7.3489     7.2063     0.2926    97.0601 1.3566e-01  -63.57546  -60.69948 326.515589      99.98 1.7946e+03   2181.875      52366          9  0.000e+00
    127.122    125.850    -1.1174  27.689620    -1.1173  27.688552     7.3485     7.2113     0.2926    97.0601 1.3566e-01  -63.57546  -60.69948 326.515589      99.98 1.7946e+03   2181.917      52367          9  0.000e+00
    127.170    125.898    -1.1176  27.689907    -1.1175  27.688159     7.3528     7.2060     0.2926    97.0601 1.3566e-01  -63.57546  -60.69948 326.515590      99.98 1.7946e+03   2181.958      52368          9  0.000e+00
    127.122    125.850    -1.1177  27.689735    -1.1173  27.688383     7.3492     7.2052     0.2926    97.0601 1.3566e-01  -63.57546  -60.69948 326.515590     100.00 1.7946e+03   2182.000      52369          9  0.000e+00
    127.074    125.803    -1.1176  27.689563    -1.1176  27.688327     7.3472     7.2045     0.2926    97.0601 1.3566e-01  -63.57546  -60.69948 326.515591      99.98 1.7946e+03   2182.042      52370          9  0.000e+00
    127.122    125.850    -1.1176  27.689563    -1.1175  27.688271     7.3392     7.2038     0.2926    97.0601 1.3566e-01  -63.57546  -60.69948 326.515591      99.95 1.7946e+03   2182.083      52371          9  0.000e+00
    127.067    125.796    -1.1173  27.689907    -1.1176  27.688103     7.3477     7.2041     0.3000    97.0343 1.3566e-01  -63.57546  -60.69948 326.515592      99.98 1.7946e+03   2182.125      52372          9  0.000e+00
    127.019    125.748    -1.1176  27.689907    -1.1177  27.688215     7.3485     7.2034     0.2926    97.0601 1.3566e-01  -63.57546  -60.69948 326.515592      99.98 1.7946e+03   2182.167      52373          9  0.000e+00
    127.019    125.748    -1.1176  27.689850    -1.1175  27.688103     7.3433     7.2036     0.2926    97.0601 1.3566e-01  -63.57546  -60.69948 326.515593      99.98 1.7946e+03   2182.208      52374          9  0.000e+00
    127.019    125.748    -1.1174  27.689390    -1.1179  27.688215     7.3426     7.2041     0.2926    97.0601 1.3566e-01  -63.57546  -60.69948 326.515593      99.98 1.7946e+03   2182.250      52375          9  0.000e+00
    126.971    125.701    -1.1173  27.689677    -1.1178  27.688271     7.3418     7.2034     0.2926    97.0601 1.3793e-01  -63.57546  -60.69948 326.515594      99.98 1.7946e+03   2182.292      52376          9  0.000e+00
    126.971    125.701    -1.1174  27.689849    -1.1179  27.688271     7.3427     7.2028     0.2926    97.0601 1.3566e-01  -63.57546  -60.69948 326.515594      99.98 1.7946e+03   2182.333      52377          9  0.000e+00
    126.971    125.701    -1.1174  27.689448    -1.1178  27.688103     7.3361     7.2022     0.2926    97.0601 1.3566e-01  -63.57546  -60.69948 326.515595      99.98 1.7946e+03   2182.375      52378          9  0.000e+00
