NBP2113_155081_ctd/data/nbp2113_030.ros
* Sea-Bird SBE 9 Data File:
* FileName = D:\Data\raw\NBP2113_030.hex
* Software Version Seasave V 7.26.7.121
* Temperature SN = 2438
* Conductivity SN = 2067
* Number of Bytes Per Scan = 40
* Number of Voltage Words = 5
* Number of Scans Averaged by the Deck Unit = 1
* NMEA Latitude = 66 50.58 S
* NMEA Longitude = 068 39.78 W
* NMEA UTC (Time) = Dec 05 2021  03:50:51
* NMEA baud rate = 9600
** Ship: RVIB N.B. Palmer
** Cruise: NBP2113 LTER
** Station: AS02
** Operator: B. Urmston
# nquan = 20
# nvalues = 343                                   
# units = specified
# name 0 = prDM: Pressure, Digiquartz [db]
# name 1 = depSM: Depth [salt water, m]
# name 2 = t090C: Temperature [ITS-90, deg C]
# name 3 = c0mS/cm: Conductivity [mS/cm]
# name 4 = t190C: Temperature, 2 [ITS-90, deg C]
# name 5 = c1mS/cm: Conductivity, 2 [mS/cm]
# name 6 = sbeox0ML/L: Oxygen, SBE 43 [ml/l]
# name 7 = sbeox1ML/L: Oxygen, SBE 43, 2 [ml/l]
# name 8 = flECO-AFL: Fluorescence, WET Labs ECO-AFL/FL [mg/m^3]
# name 9 = CStarTr0: Beam Transmission, WET Labs C-Star [%]
# name 10 = par: PAR/Irradiance, Biospherical/Licor
# name 11 = latitude: Latitude [deg]
# name 12 = longitude: Longitude [deg]
# name 13 = timeJ: Julian Days
# name 14 = altM: Altimeter [m]
# name 15 = spar: SPAR, Biospherical/Licor
# name 16 = timeS: Time, Elapsed [seconds]
# name 17 = scan: Scan Count
# name 18 = nbf: Bottles Fired
# name 19 = flag:  0.000e+00
# interval = seconds: 0.0416667
# start_time = Dec 05 2021 03:50:51 [NMEA time, header]
# bad_flag = -9.990e-29
*END*
[from data line 145]
    178.298    176.452    -0.0797  28.510189    -0.0522  28.535635     5.9243     5.8058     0.0582    94.9229 1.0000e-12  -66.84292  -68.66268 339.172158      75.56 0.0000e+00   1023.417      24563          3  0.000e+00
    178.298    176.452    -0.0735  28.515990    -0.0530  28.535181     5.9270     5.8055     0.0582    94.9229 1.0000e-12  -66.84292  -68.66268 339.172158      75.56 0.0000e+00   1023.458      24564          3  0.000e+00
    140.674    139.230    -0.5386  27.987116    -0.5355  27.987873     6.7773     6.7460     0.1461    94.8199 1.0000e-12  -66.84288  -68.66268 339.173279       1.90 0.0000e+00   1120.333      26889          4  0.000e+00
    140.475    139.033    -0.5376  27.988095    -0.5360  27.987028     6.7730     6.7439     0.1461    94.8199 1.0000e-12  -66.84288  -68.66268 339.173280       1.86 0.0000e+00   1120.375      26890          4  0.000e+00
    140.413    138.972    -0.5367  27.988844    -0.5365  27.987253     6.7801     6.7406     0.1461    94.8199 1.0000e-12  -66.84288  -68.66268 339.173280       1.86 0.0000e+00   1120.417      26891          4  0.000e+00
    140.372    138.931    -0.5358  27.989881    -0.5359  27.988209     6.7774     6.7433     0.1461    94.8199 1.0000e-12  -66.84288  -68.66268 339.173281       1.86 0.0000e+00   1120.458      26892          4  0.000e+00
    140.365    138.925    -0.5346  27.991782    -0.5347  27.990461     6.7755     6.7352     0.1461    94.8199 1.0000e-12  -66.84288  -68.66268 339.173281       1.88 0.0000e+00   1120.500      26893          4  0.000e+00
    140.372    138.931    -0.5330  27.992416    -0.5321  27.992881     6.7655     6.7321     0.1461    94.8199 1.0000e-12  -66.84288  -68.66268 339.173282      46.30 0.0000e+00   1120.542      26894          4  0.000e+00
    140.215    138.775    -0.5337  27.991148    -0.5319  27.992317     6.7686     6.7292     0.1461    94.8456 1.0000e-12  -66.84288  -68.66268 339.173282      93.92 0.0000e+00   1120.583      26895          4  0.000e+00
    140.269    138.830    -0.5367  27.985328    -0.5331  27.990123     6.7660     6.7264     0.1461    94.8456 1.0000e-12  -66.84288  -68.66268 339.173283     100.00 0.0000e+00   1120.625      26896          4  0.000e+00
    140.160    138.721    -0.5452  27.973805    -0.5373  27.985958     6.7594     6.7248     0.1461    94.8456 1.0000e-12  -66.84288  -68.66268 339.173283     100.00 0.0000e+00   1120.667      26897          4  0.000e+00
    140.118    138.680    -0.5563  27.962226    -0.5425  27.979430     6.7633     6.7233     0.1461    94.8456 1.0000e-12  -66.84288  -68.66268 339.173284     100.00 0.0000e+00   1120.708      26898          4  0.000e+00
    140.009    138.572    -0.5640  27.954910    -0.5471  27.974309     6.7566     6.7212     0.1461    94.8456 1.0000e-12  -66.84288  -68.66268 339.173284     100.00 0.0000e+00   1120.750      26899          4  0.000e+00
    140.064    138.626    -0.5688  27.951225    -0.5520  27.968851     6.7460     6.7201     0.1461    94.8456 1.0000e-12  -66.84286  -68.66268 339.173285      99.90 0.0000e+00   1120.792      26900          4  0.000e+00
    140.009    138.572    -0.5715  27.949094    -0.5571  27.963056     6.7390     6.7187     0.1461    94.8456 1.0000e-12  -66.84286  -68.66268 339.173285      99.93 0.0000e+00   1120.833      26901          4  0.000e+00
    139.913    138.477    -0.5730  27.948114    -0.5628  27.956530     6.7401     6.7171     0.1608    94.8456 1.0000e-12  -66.84286  -68.66268 339.173286      99.98 0.0000e+00   1120.875      26902          4  0.000e+00
    139.906    138.470    -0.5741  27.947596    -0.5681  27.952817     6.7302     6.7152     0.1608    94.8456 1.0000e-12  -66.84286  -68.66268 339.173286      99.98 0.0000e+00   1120.917      26903          4  0.000e+00
    139.913    138.477    -0.5735  27.948748    -0.5691  27.953380     6.7242     6.7131     0.1608    94.8456 1.0000e-12  -66.84286  -68.66268 339.173287      99.98 0.0000e+00   1120.958      26904          4  0.000e+00
    139.762    138.327    -0.5725  27.951109    -0.5666  27.956304     6.7176     6.7099     0.1608    94.8456 1.0000e-12  -66.84286  -68.66268 339.173287      99.95 0.0000e+00   1121.000      26905          4  0.000e+00
    139.803    138.368    -0.5702  27.954392    -0.5649  27.957992     6.7105     6.7069     0.1608    94.8456 1.0000e-12  -66.84286  -68.66268 339.173288      99.95 0.0000e+00   1121.042      26906          4  0.000e+00
    139.762    138.327    -0.5660  27.958078    -0.5641  27.959005     6.6981     6.7047     0.1608    94.8456 1.0000e-12  -66.84286  -68.66268 339.173288      99.98 0.0000e+00   1121.083      26907          4  0.000e+00
    139.707    138.273    -0.5622  27.961361    -0.5631  27.959117     6.6961     6.7025     0.1608    94.8456 1.0000e-12  -66.84286  -68.66268 339.173288      99.98 0.0000e+00   1121.125      26908          4  0.000e+00
    139.707    138.273    -0.5597  27.963377    -0.5632  27.958611     6.6911     6.7003     0.1608    94.8456 1.0000e-12  -66.84286  -68.66268 339.173289      99.98 0.0000e+00   1121.167      26909          4  0.000e+00
    139.604    138.171    -0.5588  27.964932    -0.5626  27.959060     6.6860     6.6977     0.1608    94.8456 1.0000e-12  -66.84286  -68.66268 339.173289      99.98 0.0000e+00   1121.208      26910          4  0.000e+00
    139.659    138.225    -0.5569  27.967121    -0.5624  27.960298     6.6747     6.6952     0.1608    94.8456 1.0000e-12  -66.84286  -68.66268 339.173290      99.98 0.0000e+00   1121.250      26911          4  0.000e+00
    139.501    138.069    -0.5546  27.969137    -0.5618  27.961198     6.6720     6.6931     0.1608    94.8456 1.0000e-12  -66.84286  -68.66268 339.173290      99.98 0.0000e+00   1121.292      26912          4  0.000e+00
    139.556    138.124    -0.5538  27.970750    -0.5603  27.961761     6.6605     6.6911     0.1608    94.8456 1.0000e-12  -66.84286  -68.66268 339.173291      99.95 0.0000e+00   1121.333      26913          4  0.000e+00
    139.501    138.069    -0.5527  27.970577    -0.5595  27.962098     6.6547     6.6843     0.1608    94.8456 1.0000e-12  -66.84286  -68.66268 339.173291      99.98 0.0000e+00   1121.375      26914          4  0.000e+00
    139.453    138.022    -0.5526  27.969540    -0.5594  27.962379     6.6550     6.6813     0.1608    94.8456 1.0000e-12  -66.84286  -68.66268 339.173292      99.98 0.0000e+00   1121.417      26915          4  0.000e+00
    139.453    138.022    -0.5542  27.967697    -0.5583  27.963786     6.6464     6.6846     0.1608    94.8456 1.0000e-12  -66.84286  -68.66268 339.173292      99.98 0.0000e+00   1121.458      26916          4  0.000e+00
    139.350    137.920    -0.5559  27.966371    -0.5569  27.966655     6.6422     6.6774     0.1608    94.8456 1.0000e-12  -66.84286  -68.66268 339.173293      99.95 0.0000e+00   1121.500      26917          4  0.000e+00
    139.405    137.974    -0.5561  27.966890    -0.5542  27.970144     6.6318     6.6746     0.1608    94.8199 1.0000e-12  -66.84286  -68.66268 339.173293      99.95 0.0000e+00   1121.542      26918          4  0.000e+00
    139.295    137.866    -0.5557  27.967351    -0.5512  27.974476     6.6317     6.6716     0.1608    94.7684 1.0000e-12  -66.84286  -68.66268 339.173294      99.98 0.0000e+00   1121.583      26919          4  0.000e+00
    139.350    137.920    -0.5558  27.968445    -0.5469  27.978921     6.6226     6.6685     0.1608    94.7169 1.0000e-12  -66.84286  -68.66268 339.173294      99.98 0.0000e+00   1121.625      26920          4  0.000e+00
    139.295    137.866    -0.5549  27.970346    -0.5419  27.983198     6.6105     6.6661     0.1608    94.7169 1.0000e-12  -66.84286  -68.66268 339.173295      99.98 0.0000e+00   1121.667      26921          4  0.000e+00
    139.199    137.771    -0.5512  27.973860    -0.5397  27.986800     6.6083     6.6641     0.1608    94.7169 1.0000e-12  -66.84286  -68.66268 339.173295      99.98 0.0000e+00   1121.708      26922          4  0.000e+00
    139.192    137.764    -0.5493  27.975646    -0.5355  27.990852     6.5990     6.6619     0.1608    94.7169 1.0000e-12  -66.84286  -68.66268 339.173296      99.98 0.0000e+00   1121.750      26923          4  0.000e+00
    139.199    137.771    -0.5475  27.977547    -0.5315  27.994285     6.5930     6.6598     0.1608    94.7169 1.0000e-12  -66.84286  -68.66268 339.173296      99.98 0.0000e+00   1121.792      26924          4  0.000e+00
    139.192    137.764    -0.5424  27.981811    -0.5282  27.996592     6.5865     6.6578     0.1608    94.7169 1.0000e-12  -66.84286  -68.66268 339.173297      99.95 0.0000e+00   1121.833      26925          4  0.000e+00
    139.151    137.723    -0.5387  27.986535    -0.5257  27.998506     6.5817     6.6560     0.1608    94.7169 1.0000e-12  -66.84286  -68.66268 339.173297      99.98 0.0000e+00   1121.875      26926          4  0.000e+00
    139.144    137.716    -0.5333  27.992586    -0.5232  28.000363     6.5768     6.6541     0.1608    94.7169 1.0000e-12  -66.84286  -68.66268 339.173298      99.98 0.0000e+00   1121.917      26927          4  0.000e+00
    139.096    137.669    -0.5279  27.996158    -0.5220  28.002052     6.5721     6.6525     0.1901    94.7169 1.0000e-12  -66.84286  -68.66268 339.173298      99.98 0.0000e+00   1121.958      26928          4  0.000e+00
    139.048    137.621    -0.5271  27.996158    -0.5210  28.003178     6.5745     6.6453     0.1974    94.7169 1.0000e-12  -66.84286  -68.66268 339.173299      99.95 0.0000e+00   1122.000      26929          4  0.000e+00
    139.096    137.669    -0.5285  27.994602    -0.5209  28.003628     6.5685     6.6441     0.1974    94.7169 1.0000e-12  -66.84286  -68.66268 339.173299      99.95 0.0000e+00   1122.042      26930          4  0.000e+00
    139.048    137.621    -0.5304  27.991202    -0.5207  28.003346     6.5614     6.6429     0.1974    94.7169 1.0000e-12  -66.84286  -68.66268 339.173300      99.98 0.0000e+00   1122.083      26931          4  0.000e+00
    139.041    137.614    -0.5340  27.987687    -0.5218  28.002389     6.5580     6.6420     0.1974    94.7169 1.0000e-12  -66.84286  -68.66268 339.173300      99.98 0.0000e+00   1122.125      26932          4  0.000e+00
    138.993    137.567    -0.5376  27.983999    -0.5225  28.001545     6.5623     6.6411     0.1974    94.7169 1.0000e-12  -66.84286  -68.66268 339.173301      99.98 0.0000e+00   1122.167      26933          4  0.000e+00
    138.938    137.513    -0.5418  27.980081    -0.5234  28.000532     6.5549     6.6404     0.1974    94.7426 1.0000e-12  -66.84286  -68.66268 339.173301      99.98 0.0000e+00   1122.208      26934          4  0.000e+00
    138.993    137.567    -0.5434  27.979333    -0.5239  28.000081     6.5518     6.6452     0.1974    94.7169 1.0000e-12  -66.84286  -68.66268 339.173302     100.00 0.0000e+00   1122.250      26935          4  0.000e+00
    138.938    137.513    -0.5429  27.980370    -0.5241  27.999856     6.5543     6.6397     0.1974    94.7169 1.0000e-12  -66.84286  -68.66268 339.173302      99.95 0.0000e+00   1122.292      26936          4  0.000e+00
    138.945    137.519    -0.5424  27.980888    -0.5243  28.000138     6.5481     6.6390     0.1974    94.7169 1.0000e-12  -66.84286  -68.66268 339.173302      99.95 0.0000e+00   1122.333      26937          4  0.000e+00
    120.069    118.842    -0.6922  27.791918    -0.6983  27.784193     7.2828     7.2305     0.3659    94.2534 1.0000e-12  -66.84288  -68.66266 339.173845      99.98 0.0000e+00   1169.250      28063          5  0.000e+00
    120.014    118.788    -0.6931  27.790826    -0.6982  27.784474     7.2806     7.2331     0.3659    94.2534 1.0000e-12  -66.84288  -68.66266 339.173846      99.98 0.0000e+00   1169.292      28064          5  0.000e+00
    120.069    118.842    -0.6936  27.790366    -0.6973  27.785372     7.2718     7.2313     0.3659    94.2534 1.0000e-12  -66.84288  -68.66266 339.173846      99.95 0.0000e+00   1169.333      28065          5  0.000e+00
    119.966    118.740    -0.6940  27.790136    -0.6960  27.787168     7.2652     7.2345     0.3659    94.2534 1.0000e-12  -66.84288  -68.66266 339.173847      99.98 0.0000e+00   1169.375      28066          5  0.000e+00
    119.911    118.686    -0.6939  27.789849    -0.6947  27.788515     7.2595     7.2279     0.3659    94.2534 1.0000e-12  -66.84288  -68.66266 339.173847      99.98 0.0000e+00   1169.417      28067          5  0.000e+00
    119.863    118.639    -0.6942  27.789389    -0.6942  27.789862     7.2532     7.2314     0.3659    94.2534 1.0000e-12  -66.84288  -68.66266 339.173848      99.98 0.0000e+00   1169.458      28068          5  0.000e+00
    119.863    118.639    -0.6953  27.787665    -0.6928  27.792444     7.2407     7.2296     0.3659    94.2534 1.0000e-12  -66.84288  -68.66266 339.173848      99.95 0.0000e+00   1169.500      28069          5  0.000e+00
    119.760    118.537    -0.6968  27.785940    -0.6913  27.794577     7.2381     7.2226     0.3659    94.2276 1.0000e-12  -66.84288  -68.66266 339.173849      99.98 0.0000e+00   1169.542      28070          5  0.000e+00
    119.815    118.591    -0.6985  27.783182    -0.6898  27.796205     7.2262     7.2202     0.3659    94.2276 1.0000e-12  -66.84288  -68.66266 339.173849      99.98 0.0000e+00   1169.583      28071          5  0.000e+00
    119.712    118.489    -0.7001  27.781573    -0.6884  27.798338     7.2181     7.2229     0.3659    94.2276 1.0000e-12  -66.84288  -68.66266 339.173850      99.98 0.0000e+00   1169.625      28072          5  0.000e+00
    119.658    118.435    -0.7012  27.779734    -0.6855  27.801088     7.2094     7.2202     0.3659    94.2276 1.0000e-12  -66.84288  -68.66266 339.173850      99.98 0.0000e+00   1169.667      28073          5  0.000e+00
    119.658    118.435    -0.7024  27.777665    -0.6835  27.802997     7.2019     7.2118     0.3659    94.2276 1.0000e-12  -66.84288  -68.66266 339.173851      99.98 0.0000e+00   1169.708      28074          5  0.000e+00
    119.610    118.388    -0.7040  27.775941    -0.6829  27.802997     7.1940     7.2147     0.3659    94.2276 1.0000e-12  -66.84288  -68.66266 339.173851      99.98 0.0000e+00   1169.750      28075          5  0.000e+00
    119.610    118.388    -0.7049  27.774734    -0.6832  27.802043     7.1855     7.2072     0.3659    94.2276 1.0000e-12  -66.84288  -68.66266 339.173852      99.98 0.0000e+00   1169.792      28076          5  0.000e+00
    119.507    118.286    -0.7055  27.774332    -0.6846  27.799628     7.1853     7.2052     0.3732    94.2276 1.0000e-12  -66.84288  -68.66266 339.173852      99.95 0.0000e+00   1169.833      28077          5  0.000e+00
    119.507    118.286    -0.7058  27.774274    -0.6857  27.797158     7.1758     7.2086     0.3659    94.2276 1.0000e-12  -66.84288  -68.66266 339.173853      99.98 0.0000e+00   1169.875      28078          5  0.000e+00
    119.459    118.238    -0.7058  27.774274    -0.6881  27.793060     7.1704     7.2017     0.3659    94.2276 1.0000e-12  -66.84288  -68.66266 339.173853      99.98 0.0000e+00   1169.917      28079          5  0.000e+00
    119.459    118.238    -0.7060  27.774447    -0.6927  27.787503     7.1649     7.1997     0.3659    94.2534 1.0000e-12  -66.84288  -68.66266 339.173854      99.98 0.0000e+00   1169.958      28080          5  0.000e+00
    119.356    118.137    -0.7055  27.774676    -0.6968  27.782676     7.1604     7.2029     0.3659    94.2276 1.0000e-12  -66.84288  -68.66266 339.173854      99.95 0.0000e+00   1170.000      28081          5  0.000e+00
    119.356    118.137    -0.7049  27.775366    -0.7008  27.778354     7.1558     7.2020     0.3659    94.2276 1.0000e-12  -66.84288  -68.66266 339.173855      99.95 0.0000e+00   1170.042      28082          5  0.000e+00
    119.301    118.082    -0.7048  27.775595    -0.7037  27.774426     7.1466     7.2006     0.3659    94.2276 1.0000e-12  -66.84288  -68.66266 339.173855      99.98 0.0000e+00   1170.083      28083          5  0.000e+00
