NBP2113_155081_ctd/data/nbp2113_019.ros
* Sea-Bird SBE 9 Data File:
* FileName = D:\Data\raw\NBP2113_019.hex
* Software Version Seasave V 7.26.7.121
* Temperature SN = 2438
* Conductivity SN = 2067
* Number of Bytes Per Scan = 40
* Number of Voltage Words = 5
* Number of Scans Averaged by the Deck Unit = 1
* NMEA Latitude = 66 53.46 S
* NMEA Longitude = 068 55.21 W
* NMEA UTC (Time) = Nov 29 2021  09:39:46
* NMEA baud rate = 9600
** Ship: RVIB N.B. Palmer
** Cruise: NBP2113 LTER
** Station: 300.040
** Operator: B. Urmston
# nquan = 20
# nvalues = 1145                                  
# units = specified
# name 0 = prDM: Pressure, Digiquartz [db]
# name 1 = depSM: Depth [salt water, m]
# name 2 = t090C: Temperature [ITS-90, deg C]
# name 3 = c0mS/cm: Conductivity [mS/cm]
# name 4 = t190C: Temperature, 2 [ITS-90, deg C]
# name 5 = c1mS/cm: Conductivity, 2 [mS/cm]
# name 6 = sbeox0ML/L: Oxygen, SBE 43 [ml/l]
# name 7 = sbeox1ML/L: Oxygen, SBE 43, 2 [ml/l]
# name 8 = flECO-AFL: Fluorescence, WET Labs ECO-AFL/FL [mg/m^3]
# name 9 = CStarTr0: Beam Transmission, WET Labs C-Star [%]
# name 10 = par: PAR/Irradiance, Biospherical/Licor
# name 11 = latitude: Latitude [deg]
# name 12 = longitude: Longitude [deg]
# name 13 = timeJ: Julian Days
# name 14 = altM: Altimeter [m]
# name 15 = spar: SPAR, Biospherical/Licor
# name 16 = timeS: Time, Elapsed [seconds]
# name 17 = scan: Scan Count
# name 18 = nbf: Bottles Fired
# name 19 = flag:  0.000e+00
# interval = seconds: 0.0416667
# start_time = Nov 29 2021 09:39:46 [NMEA time, header]
# bad_flag = -9.990e-29
*END*
    671.936    664.185     1.2086  30.171259     1.2087  30.170049     4.2742     4.3308    -0.0077    97.1373 1.0000e-12  -66.89108  -68.92456 333.418421       9.52 4.3367e+02   1365.542      32774          1  0.000e+00
    671.908    664.158     1.2087  30.170725     1.2089  30.170512     4.2791     4.3303    -0.0077    97.1373 1.0000e-12  -66.89108  -68.92456 333.418421       9.60 4.3367e+02   1365.583      32775          1  0.000e+00
    671.908    664.158     1.2087  30.171140     1.2088  30.170280     4.2795     4.3299    -0.0077    97.1373 1.0000e-12  -66.89108  -68.92456 333.418422       9.62 4.3367e+02   1365.625      32776          1  0.000e+00
    671.804    664.055     1.2086  30.171140     1.2087  30.170338     4.2798     4.3350    -0.0077    97.1373 1.0000e-12  -66.89108  -68.92456 333.418422       9.65 4.3367e+02   1365.667      32777          1  0.000e+00
    671.860    664.110     1.2085  30.170666     1.2087  30.170106     4.2787     4.3298    -0.0077    97.1373 1.0000e-12  -66.89108  -68.92456 333.418423       9.65 4.3367e+02   1365.708      32778          1  0.000e+00
    671.860    664.110     1.2087  30.170903     1.2088  30.170338     4.2835     4.3303    -0.0077    97.1631 1.0000e-12  -66.89108  -68.92456 333.418423       9.62 4.3367e+02   1365.750      32779          1  0.000e+00
    671.860    664.110     1.2087  30.170844     1.2087  30.170222     4.2791     4.3355    -0.0077    97.1373 1.0000e-12  -66.89106  -68.92456 333.418424       9.62 4.3367e+02   1365.792      32780          1  0.000e+00
    671.804    664.055     1.2086  30.170784     1.2089  30.170512     4.2793     4.3302    -0.0077    97.1373 1.0000e-12  -66.89106  -68.92456 333.418424       9.62 4.3367e+02   1365.833      32781          1  0.000e+00
    671.804    664.055     1.2087  30.170784     1.2089  30.170164     4.2779     4.3297    -0.0077    97.1373 1.0000e-12  -66.89106  -68.92456 333.418424       9.65 4.3367e+02   1365.875      32782          1  0.000e+00
    671.756    664.007     1.2084  30.170962     1.2087  30.170338     4.2841     4.3301    -0.0004    97.1373 1.0000e-12  -66.89106  -68.92456 333.418425       9.62 4.3367e+02   1365.917      32783          1  0.000e+00
    671.756    664.007     1.2087  30.170843     1.2088  30.170222     4.2795     4.3297    -0.0077    97.1373 1.0000e-12  -66.89106  -68.92456 333.418425       9.62 4.3367e+02   1365.958      32784          1  0.000e+00
    671.756    664.007     1.2089  30.170606     1.2089  30.170164     4.2796     4.3302    -0.0077    97.1373 1.0000e-12  -66.89106  -68.92456 333.418426       9.62 4.3367e+02   1366.000      32785          1  0.000e+00
    671.700    663.953     1.2086  30.170725     1.2088  30.170048     4.2736     4.3297    -0.0077    97.1373 1.0000e-12  -66.89106  -68.92456 333.418426       9.65 4.3367e+02   1366.042      32786          1  0.000e+00
    671.756    664.007     1.2089  30.170962     1.2087  30.170106     4.2828     4.3293    -0.0004    97.1373 1.0000e-12  -66.89106  -68.92456 333.418427       9.74 4.3367e+02   1366.083      32787          1  0.000e+00
    671.652    663.905     1.2087  30.170665     1.2089  30.170337     4.2782     4.3288    -0.0077    97.1373 1.0000e-12  -66.89106  -68.92456 333.418427       9.79 4.3367e+02   1366.125      32788          1  0.000e+00
    671.700    663.953     1.2089  30.170547     1.2089  30.170222     4.2782     4.3284    -0.0077    97.1373 1.0000e-12  -66.89106  -68.92456 333.418428       9.79 4.3367e+02   1366.167      32789          1  0.000e+00
    671.652    663.905     1.2089  30.170724     1.2089  30.170048     4.2782     4.3290    -0.0077    97.1373 1.0000e-12  -66.89106  -68.92456 333.418428       9.77 4.3367e+02   1366.208      32790          1  0.000e+00
    671.603    663.857     1.2087  30.170961     1.2089  30.170337     4.2827     4.3285    -0.0077    97.1631 1.0000e-12  -66.89106  -68.92456 333.418429       9.77 4.3367e+02   1366.250      32791          1  0.000e+00
    671.624    663.878     1.2087  30.171258     1.2090  30.169990     4.2780     4.3281    -0.0077    97.1631 1.0000e-12  -66.89106  -68.92456 333.418429       9.77 4.3367e+02   1366.292      32792          1  0.000e+00
    671.603    663.857     1.2087  30.170902     1.2089  30.170048     4.2779     4.3335    -0.0077    97.1373 1.0000e-12  -66.89106  -68.92456 333.418430       9.77 4.3367e+02   1366.333      32793          1  0.000e+00
    671.603    663.857     1.2089  30.170961     1.2090  30.170222     4.2717     4.3282    -0.0150    97.1888 1.0000e-12  -66.89106  -68.92456 333.418430       9.77 4.3367e+02   1366.375      32794          1  0.000e+00
    671.548    663.802     1.2089  30.170843     1.2090  30.170163     4.2747     4.3288    -0.0150    97.1631 1.0000e-12  -66.89106  -68.92456 333.418431       9.77 4.3367e+02   1366.417      32795          1  0.000e+00
    671.499    663.754     1.2089  30.170961     1.2094  30.170163     4.2760     4.3283    -0.0150    97.1888 1.0000e-12  -66.89106  -68.92456 333.418431       9.77 4.3367e+02   1366.458      32796          1  0.000e+00
    671.499    663.754     1.2089  30.171257     1.2090  30.170163     4.2760     4.3289    -0.0150    97.1631 1.0000e-12  -66.89106  -68.92456 333.418432       9.77 4.3367e+02   1366.500      32797          1  0.000e+00
    671.499    663.754     1.2089  30.171139     1.2089  30.170221     4.2759     4.3296    -0.0150    97.1888 1.0000e-12  -66.89106  -68.92456 333.418432       9.82 4.3367e+02   1366.542      32798          1  0.000e+00
    671.499    663.754     1.2089  30.171080     1.2090  30.169932     4.2819     4.3292    -0.0150    97.1888 1.0000e-12  -66.89106  -68.92456 333.418433       9.96 4.3367e+02   1366.583      32799          1  0.000e+00
    671.444    663.700     1.2087  30.170842     1.2089  30.169874     4.2772     4.3346    -0.0150    97.1631 1.0000e-12  -66.89106  -68.92456 333.418433      10.01 4.3367e+02   1366.625      32800          1  0.000e+00
    671.395    663.652     1.2087  30.171198     1.2087  30.170047     4.2770     4.3352    -0.0077    97.1631 1.0000e-12  -66.89106  -68.92456 333.418434      10.01 4.3367e+02   1366.667      32801          1  0.000e+00
    671.395    663.652     1.2087  30.170902     1.2089  30.170221     4.2769     4.3367    -0.0150    97.1631 1.0000e-12  -66.89106  -68.92456 333.418434       9.99 4.3367e+02   1366.708      32802          1  0.000e+00
    671.395    663.652     1.2087  30.170783     1.2087  30.170163     4.2828     4.3382    -0.0150    97.1888 1.0000e-12  -66.89106  -68.92456 333.418435       9.99 4.3367e+02   1366.750      32803          1  0.000e+00
    671.340    663.597     1.2087  30.170783     1.2088  30.170337     4.2841     4.3397    -0.0150    97.1888 1.0000e-12  -66.89106  -68.92456 333.418435       9.99 4.3367e+02   1366.792      32804          1  0.000e+00
    671.340    663.597     1.2087  30.170961     1.2089  30.170221     4.2807     4.3345    -0.0150    97.1888 1.0000e-12  -66.89106  -68.92456 333.418436       9.99 4.3367e+02   1366.833      32805          1  0.000e+00
    671.291    663.549     1.2089  30.170664     1.2092  30.170047     4.2805     4.3341    -0.0150    97.1631 1.0000e-12  -66.89106  -68.92456 333.418436       9.99 4.3367e+02   1366.875      32806          1  0.000e+00
    671.291    663.549     1.2089  30.170723     1.2090  30.170105     4.2864     4.3337    -0.0150    97.1888 1.0000e-12  -66.89106  -68.92456 333.418437       9.99 4.3367e+02   1366.917      32807          1  0.000e+00
    671.236    663.495     1.2087  30.170783     1.2089  30.170163     4.2815     4.3333    -0.0150    97.1888 1.0000e-12  -66.89106  -68.92456 333.418437       9.99 4.3367e+02   1366.958      32808          1  0.000e+00
    671.236    663.495     1.2087  30.170960     1.2088  30.170163     4.2813     4.3329    -0.0150    97.1888 1.0000e-12  -66.89106  -68.92456 333.418437       9.99 4.3367e+02   1367.000      32809          1  0.000e+00
    671.236    663.495     1.2087  30.170664     1.2087  30.170220     4.2811     4.3335    -0.0150    97.1888 1.0000e-12  -66.89106  -68.92456 333.418438      10.04 4.3367e+02   1367.042      32810          1  0.000e+00
    671.132    663.392     1.2086  30.170723     1.2087  30.170162     4.2808     4.3331    -0.0150    97.1631 1.0000e-12  -66.89106  -68.92456 333.418438      10.23 4.3367e+02   1367.083      32811          1  0.000e+00
    671.187    663.447     1.2087  30.170605     1.2090  30.170336     4.2806     4.3327    -0.0150    97.1631 1.0000e-12  -66.89106  -68.92456 333.418439      10.28 4.3367e+02   1367.125      32812          1  0.000e+00
    671.132    663.392     1.2089  30.170723     1.2089  30.169757     4.2803     4.3324    -0.0150    97.1631 1.0000e-12  -66.89106  -68.92456 333.418439      10.28 4.3367e+02   1367.167      32813          1  0.000e+00
    671.056    663.317     1.2089  30.170782     1.2089  30.169930     4.2800     4.3320    -0.0077    97.1888 1.0000e-12  -66.89106  -68.92456 333.418440      10.28 4.3367e+02   1367.208      32814          1  0.000e+00
    671.084    663.344     1.2086  30.170604     1.2087  30.169873     4.2798     4.3317    -0.0150    97.1888 1.0000e-12  -66.89106  -68.92456 333.418440      10.28 4.3367e+02   1367.250      32815          1  0.000e+00
    671.084    663.344     1.2089  30.170723     1.2089  30.170046     4.2795     4.3313    -0.0150    97.1888 1.0000e-12  -66.89106  -68.92456 333.418441      10.28 4.3367e+02   1367.292      32816          1  0.000e+00
    671.028    663.289     1.2087  30.170604     1.2088  30.169930     4.2792     4.3309    -0.0150    97.1631 1.0000e-12  -66.89106  -68.92456 333.418441      10.26 4.3367e+02   1367.333      32817          1  0.000e+00
    670.980    663.242     1.2087  30.170545     1.2087  30.169988     4.2790     4.3306    -0.0150    97.1888 1.0000e-12  -66.89106  -68.92456 333.418442      10.26 4.3367e+02   1367.375      32818          1  0.000e+00
    670.980    663.242     1.2089  30.170545     1.2086  30.169467     4.2772     4.3303    -0.0077    97.1888 1.0000e-12  -66.89106  -68.92456 333.418442      10.28 4.3367e+02   1367.417      32819          1  0.000e+00
    670.980    663.242     1.2087  30.170545     1.2088  30.169699     4.2769     4.3299    -0.0077    97.1888 1.0000e-12  -66.89106  -68.92456 333.418443      10.28 4.3367e+02   1367.458      32820          1  0.000e+00
    670.924    663.187     1.2087  30.170545     1.2086  30.169872     4.2766     4.3305    -0.0004    97.1888 1.0000e-12  -66.89106  -68.92456 333.418443      10.28 4.3367e+02   1367.500      32821          1  0.000e+00
    670.876    663.139     1.2087  30.170722     1.2086  30.169988     4.2762     4.3301    -0.0077    97.1888 1.0000e-12  -66.89106  -68.92456 333.418444      10.33 4.3367e+02   1367.542      32822          1  0.000e+00
    673.316    665.547     1.2086  30.171440     1.2086  30.170516     4.2748     4.3310     0.0069    97.1888 1.0000e-12  -66.89110  -68.92454 333.418512       8.79 4.3543e+02   1373.417      32963          2  0.000e+00
    673.316    665.547     1.2082  30.171381     1.2083  30.170632     4.2763     4.3309    -0.0004    97.1888 1.0000e-12  -66.89110  -68.92454 333.418512       8.79 4.3543e+02   1373.458      32964          2  0.000e+00
    673.316    665.547     1.2084  30.171559     1.2083  30.170342     4.2717     4.3308    -0.0004    97.1888 1.0000e-12  -66.89110  -68.92454 333.418513       8.79 4.3543e+02   1373.500      32965          2  0.000e+00
    673.364    665.595     1.2084  30.171618     1.2084  30.170574     4.2702     4.3317    -0.0004    97.1888 1.0000e-12  -66.89110  -68.92454 333.418513       8.64 4.3367e+02   1373.542      32966          2  0.000e+00
    673.364    665.595     1.2087  30.171441     1.2084  30.170863     4.2748     4.3316    -0.0004    97.1888 1.0000e-12  -66.89110  -68.92454 333.418514       8.42 4.3367e+02   1373.583      32967          2  0.000e+00
    673.364    665.595     1.2084  30.171559     1.2086  30.170748     4.2763     4.3315     0.0069    97.1888 1.0000e-12  -66.89110  -68.92454 333.418514       8.38 4.3367e+02   1373.625      32968          2  0.000e+00
    673.468    665.698     1.2084  30.171856     1.2084  30.170343     4.2717     4.3315    -0.0004    97.1888 1.0000e-12  -66.89110  -68.92454 333.418515       8.38 4.3367e+02   1373.667      32969          2  0.000e+00
    673.392    665.622     1.2086  30.171500     1.2084  30.170574     4.2702     4.3314    -0.0004    97.1888 1.0000e-12  -66.89110  -68.92454 333.418515       8.38 4.3367e+02   1373.708      32970          2  0.000e+00
    673.468    665.698     1.2082  30.171559     1.2086  30.170516     4.2749     4.3313    -0.0004    97.1888 1.0000e-12  -66.89110  -68.92454 333.418516       8.40 4.3367e+02   1373.750      32971          2  0.000e+00
    673.468    665.698     1.2086  30.171619     1.2084  30.170632     4.2703     4.3322    -0.0004    97.1888 1.0000e-12  -66.89108  -68.92454 333.418516       8.38 4.3367e+02   1373.792      32972          2  0.000e+00
    673.468    665.698     1.2082  30.171441     1.2083  30.170574     4.2704     4.3322    -0.0004    97.1888 1.0000e-12  -66.89108  -68.92454 333.418517       8.38 4.3367e+02   1373.833      32973          2  0.000e+00
    673.468    665.698     1.2085  30.171382     1.2084  30.170632     4.2690     4.3321    -0.0004    97.1888 1.0000e-12  -66.89108  -68.92454 333.418517       8.38 4.3367e+02   1373.875      32974          2  0.000e+00
    673.524    665.752     1.2081  30.171560     1.2083  30.170690     4.2798     4.3322    -0.0004    97.1631 1.0000e-12  -66.89108  -68.92454 333.418518       8.40 4.3367e+02   1373.917      32975          2  0.000e+00
    673.524    665.752     1.2084  30.171441     1.2084  30.170690     4.2766     4.3321    -0.0004    97.1631 1.0000e-12  -66.89108  -68.92454 333.418518       8.40 4.3367e+02   1373.958      32976          2  0.000e+00
    673.524    665.752     1.2082  30.171382     1.2086  30.170806     4.2720     4.3320    -0.0004    97.1631 1.0000e-12  -66.89108  -68.92454 333.418519       8.38 4.3367e+02   1374.000      32977          2  0.000e+00
    673.524    665.752     1.2084  30.171737     1.2084  30.170517     4.2720     4.3320    -0.0077    97.1631 1.0000e-12  -66.89108  -68.92454 333.418519       8.33 4.3367e+02   1374.042      32978          2  0.000e+00
    673.524    665.752     1.2084  30.171500     1.2086  30.170806     4.2767     4.3320    -0.0077    97.1631 1.0000e-12  -66.89108  -68.92454 333.418519       8.18 4.3367e+02   1374.083      32979          2  0.000e+00
    673.420    665.650     1.2084  30.171737     1.2086  30.170574     4.2781     4.3319    -0.0077    97.1631 1.0000e-12  -66.89108  -68.92454 333.418520       8.13 4.3367e+02   1374.125      32980          2  0.000e+00
    673.649    665.876     1.2084  30.171916     1.2086  30.170749     4.2798     4.3320    -0.0004    97.1631 1.0000e-12  -66.89108  -68.92454 333.418520       8.11 4.3367e+02   1374.167      32981          2  0.000e+00
    673.524    665.752     1.2084  30.171737     1.2086  30.170517     4.2752     4.3319    -0.0077    97.1631 1.0000e-12  -66.89108  -68.92454 333.418521       8.13 4.3367e+02   1374.208      32982          2  0.000e+00
    673.524    665.752     1.2084  30.171619     1.2086  30.170806     4.2799     4.3318    -0.0077    97.1631 1.0000e-12  -66.89108  -68.92454 333.418521       8.13 4.3367e+02   1374.250      32983          2  0.000e+00
    673.572    665.800     1.2086  30.171797     1.2084  30.170748     4.2814     4.3318    -0.0077    97.1631 1.0000e-12  -66.89108  -68.92454 333.418522       8.13 4.3191e+02   1374.292      32984          2  0.000e+00
    673.524    665.752     1.2084  30.171737     1.2086  30.170806     4.2814     4.3317    -0.0077    97.1631 1.0000e-12  -66.89108  -68.92454 333.418522       8.13 4.3191e+02   1374.333      32985          2  0.000e+00
