NBP2113_155081_ctd/data/nbp2113_051.ros
* Sea-Bird SBE 9 Data File:
* FileName = D:\Data\raw\NBP2113_051.hex
* Software Version Seasave V 7.26.7.121
* Temperature SN = 2438
* Conductivity SN = 2067
* Number of Bytes Per Scan = 40
* Number of Voltage Words = 5
* Number of Scans Averaged by the Deck Unit = 1
* NMEA Latitude = 64 55.61 S
* NMEA Longitude = 064 41.14 W
* NMEA UTC (Time) = Dec 11 2021  14:40:45
* NMEA baud rate = 9600
** Ship: RVIB N.B. Palmer
** Cruise: NBP2113 LTER
** Station: 592.051
** Operator: B. Urmston
# nquan = 20
# nvalues = 1098                                  
# units = specified
# name 0 = prDM: Pressure, Digiquartz [db]
# name 1 = depSM: Depth [salt water, m]
# name 2 = t090C: Temperature [ITS-90, deg C]
# name 3 = c0mS/cm: Conductivity [mS/cm]
# name 4 = t190C: Temperature, 2 [ITS-90, deg C]
# name 5 = c1mS/cm: Conductivity, 2 [mS/cm]
# name 6 = sbeox0ML/L: Oxygen, SBE 43 [ml/l]
# name 7 = sbeox1ML/L: Oxygen, SBE 43, 2 [ml/l]
# name 8 = flECO-AFL: Fluorescence, WET Labs ECO-AFL/FL [mg/m^3]
# name 9 = CStarTr0: Beam Transmission, WET Labs C-Star [%]
# name 10 = par: PAR/Irradiance, Biospherical/Licor
# name 11 = latitude: Latitude [deg]
# name 12 = longitude: Longitude [deg]
# name 13 = timeJ: Julian Days
# name 14 = altM: Altimeter [m]
# name 15 = spar: SPAR, Biospherical/Licor
# name 16 = timeS: Time, Elapsed [seconds]
# name 17 = scan: Scan Count
# name 18 = nbf: Bottles Fired
# name 19 = flag:  0.000e+00
# interval = seconds: 0.0416667
# start_time = Dec 11 2021 14:40:45 [NMEA time, header]
# bad_flag = -9.990e-29
*END*
[from data line 724]
     10.975     10.867    -0.7179  27.414896    -0.7153  27.420784     8.0008     8.0760     0.9813    82.9493 1.5254e+02  -64.92670  -64.68486 345.651269      99.95 1.0806e+03   3424.667      82193         16  0.000e+00
     10.988     10.880    -0.7181  27.414896    -0.7140  27.420784     8.0062     8.0758     0.9813    82.9493 1.5211e+02  -64.92670  -64.68486 345.651270      99.98 1.0806e+03   3424.708      82194         16  0.000e+00
     10.988     10.880    -0.7189  27.413581    -0.7133  27.421733     8.0059     8.0758     0.9813    82.9493 1.5168e+02  -64.92670  -64.68486 345.651270      99.98 1.0806e+03   3424.750      82195         17  0.000e+00
     11.023     10.914    -0.7189  27.413352    -0.7130  27.423856     7.9993     8.0757     0.9813    82.9493 1.5168e+02  -64.92670  -64.68486 345.651271      99.98 1.0806e+03   3424.792      82196         17  0.000e+00
     10.988     10.880    -0.7186  27.412837    -0.7140  27.425364     7.9985     8.0758     0.9813    82.9493 1.5125e+02  -64.92670  -64.68486 345.651271      99.98 1.0806e+03   3424.833      82197         17  0.000e+00
     10.975     10.867    -0.7183  27.413066    -0.7123  27.423856     8.0021     8.0757     0.9813    82.9493 1.5125e+02  -64.92670  -64.68486 345.651272      99.98 1.0806e+03   3424.875      82198         17  0.000e+00
     11.036     10.928    -0.7181  27.413867    -0.7108  27.422851     7.9953     8.0757     0.9813    82.9493 1.5082e+02  -64.92670  -64.68486 345.651272      99.95 1.0806e+03   3424.917      82199         17  0.000e+00
     11.036     10.928    -0.7184  27.414153    -0.7101  27.424582     7.9930     8.0700     0.9813    82.8720 1.5082e+02  -64.92670  -64.68486 345.651273      99.95 1.0806e+03   3424.958      82200         17  0.000e+00
     11.023     10.914    -0.7184  27.414382    -0.7094  27.426202     8.0052     8.0745     0.9740    82.8463 1.5082e+02  -64.92670  -64.68486 345.651273      99.98 1.0806e+03   3425.000      82201         17  0.000e+00
     11.036     10.928    -0.7189  27.415182    -0.7109  27.427710     8.0025     8.0748     0.9593    82.8463 1.5040e+02  -64.92670  -64.68486 345.651274      99.98 1.0824e+03   3425.042      82202         17  0.000e+00
     11.023     10.914    -0.7191  27.414668    -0.7121  27.427487     7.9970     8.0697     0.9666    82.8463 1.5040e+02  -64.92670  -64.68486 345.651274      99.95 1.0824e+03   3425.083      82203         17  0.000e+00
     11.036     10.928    -0.7189  27.415411    -0.7140  27.425420     7.9973     8.0751     0.9593    82.8463 1.4997e+02  -64.92670  -64.68486 345.651275      99.93 1.0806e+03   3425.125      82204         17  0.000e+00
     11.091     10.982    -0.7188  27.414896    -0.7172  27.423019     8.0037     8.0752     0.9666    82.8463 1.4997e+02  -64.92670  -64.68486 345.651275      99.95 1.0806e+03   3425.167      82205         17  0.000e+00
     11.023     10.914    -0.7184  27.414896    -0.7190  27.419723     8.0054     8.0759     0.9666    82.8463 1.4955e+02  -64.92670  -64.68486 345.651276      99.98 1.0824e+03   3425.208      82206         17  0.000e+00
     11.091     10.982    -0.7164  27.414668    -0.7196  27.416596     8.0069     8.0709     0.9666    82.8463 1.4955e+02  -64.92670  -64.68486 345.651276      99.98 1.0806e+03   3425.250      82207         17  0.000e+00
     11.077     10.969    -0.7156  27.419071    -0.7195  27.414808     8.0083     8.0758     0.9593    82.8463 1.4913e+02  -64.92670  -64.68486 345.651277      99.95 1.0806e+03   3425.292      82208         17  0.000e+00
     11.036     10.928    -0.7167  27.425077    -0.7196  27.414250     8.0098     8.0760     0.9593    82.8463 1.4913e+02  -64.92670  -64.68486 345.651277      99.98 1.0806e+03   3425.333      82209         17  0.000e+00
     11.091     10.982    -0.7172  27.426392    -0.7195  27.413970     8.0102     8.0708     0.9666    82.8463 1.4913e+02  -64.92670  -64.68486 345.651277      99.98 1.0806e+03   3425.375      82210         17  0.000e+00
     11.078     10.969    -0.7175  27.424333    -0.7184  27.414026     8.0108     8.0754     0.9666    82.8463 1.4913e+02  -64.92670  -64.68486 345.651278      99.95 1.0806e+03   3425.417      82211         17  0.000e+00
     11.139     11.030    -0.7175  27.423819    -0.7181  27.414529     8.0067     8.0756     0.9666    82.8463 1.4913e+02  -64.92670  -64.68486 345.651278      99.95 1.0806e+03   3425.458      82212         17  0.000e+00
     11.078     10.969    -0.7179  27.422732    -0.7189  27.415311     8.0131     8.0758     0.9593    82.8463 1.4871e+02  -64.92670  -64.68486 345.651279      99.98 1.0806e+03   3425.500      82213         17  0.000e+00
     11.091     10.982    -0.7173  27.421187    -0.7210  27.416875     8.0135     8.0764     0.9666    82.8463 1.4871e+02  -64.92670  -64.68486 345.651279      99.98 1.0806e+03   3425.542      82214         17  0.000e+00
     11.091     10.982    -0.7170  27.421702    -0.7217  27.415032     8.0136     8.0713     0.9666    82.8463 1.4871e+02  -64.92670  -64.68486 345.651280      99.95 1.0806e+03   3425.583      82215         17  0.000e+00
     11.126     11.016    -0.7175  27.423018    -0.7214  27.412742     8.0139     8.0709     0.9666    82.8463 1.4871e+02  -64.92670  -64.68486 345.651280      99.93 1.0806e+03   3425.625      82216         17  0.000e+00
     11.139     11.030    -0.7176  27.425077    -0.7182  27.412965     8.0198     8.0697     0.9666    82.8463 1.4871e+02  -64.92670  -64.68486 345.651281      99.95 1.0806e+03   3425.667      82217         17  0.000e+00
     11.180     11.070    -0.7173  27.425363    -0.7153  27.416595     8.0153     8.0729     0.9593    82.8463 1.4829e+02  -64.92670  -64.68486 345.651281      99.98 1.0806e+03   3425.708      82218         17  0.000e+00
     11.091     10.982    -0.7166  27.425591    -0.7146  27.420002     8.0137     8.0672     0.9666    82.8205 1.4829e+02  -64.92670  -64.68486 345.651282      99.98 1.0806e+03   3425.750      82219         17  0.000e+00
     11.194     11.084    -0.7175  27.430568    -0.7138  27.421567     8.0135     8.0720     0.9666    82.7690 1.4829e+02  -64.92670  -64.68486 345.651282      99.98 1.0806e+03   3425.792      82220         17  0.000e+00
     11.126     11.016    -0.7164  27.438405    -0.7127  27.421231     8.0183     8.0721     0.9666    82.6918 1.4829e+02  -64.92670  -64.68486 345.651283      99.98 1.0806e+03   3425.833      82221         17  0.000e+00
     11.139     11.030    -0.7136  27.440521    -0.7135  27.421566     8.0187     8.0671     0.9666    82.6660 1.4829e+02  -64.92670  -64.68486 345.651283      99.98 1.0806e+03   3425.875      82222         17  0.000e+00
     11.180     11.071    -0.7139  27.437375    -0.7144  27.421511     8.0127     8.0668     0.9593    82.6918 1.4829e+02  -64.92670  -64.68486 345.651284      99.95 1.0806e+03   3425.917      82223         17  0.000e+00
     11.139     11.030    -0.7135  27.435258    -0.7146  27.421790     8.0122     8.0653     0.9593    82.6918 1.4829e+02  -64.92670  -64.68486 345.651284      99.95 1.0806e+03   3425.958      82224         17  0.000e+00
     11.194     11.084    -0.7150  27.433428    -0.7131  27.421566     8.0180     8.0647     0.9593    82.6918 1.4829e+02  -64.92670  -64.68486 345.651285      99.98 1.0806e+03   3426.000      82225         17  0.000e+00
     11.180     11.071    -0.7161  27.431369    -0.7114  27.422795     8.0176     8.0638     0.9666    82.6660 1.4829e+02  -64.92670  -64.68486 345.651285      99.98 1.0806e+03   3426.042      82226         17  0.000e+00
     11.242     11.132    -0.7169  27.428509    -0.7083  27.427264     8.0141     8.0681     0.9593    82.6660 1.4829e+02  -64.92670  -64.68486 345.651286      99.93 1.0806e+03   3426.083      82227         17  0.000e+00
     11.180     11.071    -0.7167  27.426164    -0.7064  27.432068     8.0206     8.0622     0.9520    82.6918 1.4829e+02  -64.92670  -64.68486 345.651286      99.93 1.0806e+03   3426.125      82228         17  0.000e+00
     11.194     11.084    -0.7138  27.427422    -0.7058  27.435811     8.0219     8.0615     0.9520    82.6918 1.4829e+02  -64.92670  -64.68486 345.651287      99.95 1.0806e+03   3426.167      82229         17  0.000e+00
     11.242     11.132    -0.7116  27.430053    -0.7054  27.438437     8.0217     8.0609     0.9520    82.6918 1.4829e+02  -64.92670  -64.68486 345.651287      99.98 1.0806e+03   3426.208      82230         17  0.000e+00
     11.228     11.118    -0.7104  27.431082    -0.7049  27.439834     8.0172     8.0604     0.9520    82.6918 1.4829e+02  -64.92670  -64.68486 345.651288      99.98 1.0806e+03   3426.250      82231         17  0.000e+00
     11.194     11.084    -0.7099  27.431769    -0.7046  27.440225     8.0218     8.0655     0.9520    82.6660 1.4871e+02  -64.92670  -64.68486 345.651288      99.98 1.0806e+03   3426.292      82232         17  0.000e+00
     11.228     11.118    -0.7101  27.431883    -0.7045  27.440336     8.0221     8.0662     0.9520    82.6660 1.4829e+02  -64.92670  -64.68486 345.651289      99.98 1.0806e+03   3426.333      82233         17  0.000e+00
     11.242     11.132    -0.7104  27.431883    -0.7053  27.439219     8.0222     8.0670     0.9520    82.6918 1.4871e+02  -64.92670  -64.68486 345.651289      99.98 1.0806e+03   3426.375      82234         17  0.000e+00
     11.242     11.132    -0.7114  27.431883    -0.7072  27.438549     8.0237     8.0681     0.9520    82.6918 1.4871e+02  -64.92670  -64.68486 345.651290      99.93 1.0806e+03   3426.417      82235         17  0.000e+00
     11.228     11.118    -0.7125  27.431883    -0.7078  27.436873     8.0311     8.0689     0.9520    82.6918 1.4871e+02  -64.92670  -64.68486 345.651290      99.95 1.0806e+03   3426.458      82236         17  0.000e+00
     11.290     11.179    -0.7138  27.432398    -0.7073  27.435700     8.0325     8.0696     0.9520    82.6660 1.4871e+02  -64.92670  -64.68486 345.651291      99.98 1.0806e+03   3426.500      82237         17  0.000e+00
     11.181     11.071    -0.7138  27.432398    -0.7066  27.435308     8.0334     8.0700     0.9520    82.6918 1.4913e+02  -64.92670  -64.68486 345.651291      99.98 1.0806e+03   3426.542      82238         17  0.000e+00
     11.345     11.233    -0.7117  27.432398    -0.7062  27.435532     8.0295     8.0707     0.9520    82.6660 1.4913e+02  -64.92670  -64.68486 345.651291      99.95 1.0806e+03   3426.583      82239         18  0.000e+00
     11.229     11.118    -0.7141  27.433714    -0.7057  27.436481     8.0350     8.0655     0.9520    82.6918 1.4913e+02  -64.92670  -64.68486 345.651292      99.93 1.0789e+03   3426.625      82240         18  0.000e+00
     11.290     11.179    -0.7176  27.435259    -0.7060  27.437096     8.0362     8.0709     0.9520    82.7433 1.4913e+02  -64.92670  -64.68486 345.651292      99.98 1.0789e+03   3426.667      82241         18  0.000e+00
     11.242     11.132    -0.7207  27.437090    -0.7068  27.436984     8.0311     8.0661     0.9520    82.7433 1.4955e+02  -64.92670  -64.68486 345.651293      99.98 1.0789e+03   3426.708      82242         18  0.000e+00
     11.276     11.166    -0.7206  27.437891    -0.7069  27.436873     8.0314     8.0715     0.9520    82.7433 1.4955e+02  -64.92670  -64.68486 345.651293      99.98 1.0789e+03   3426.750      82243         18  0.000e+00
     11.345     11.233    -0.7183  27.436861    -0.7069  27.435979     8.0372     8.0724     0.9520    82.7433 1.4955e+02  -64.92670  -64.68484 345.651294      99.98 1.0789e+03   3426.792      82244         18  0.000e+00
     11.229     11.118    -0.7135  27.436059    -0.7074  27.435308     8.0364     8.0731     0.9447    82.7433 1.4955e+02  -64.92670  -64.68484 345.651294      99.98 1.0789e+03   3426.833      82245         18  0.000e+00
     11.290     11.179    -0.7102  27.435258    -0.7080  27.434806     8.0358     8.0740     0.9520    82.7433 1.4997e+02  -64.92670  -64.68484 345.651295      99.98 1.0789e+03   3426.875      82246         18  0.000e+00
     11.345     11.234    -0.7089  27.435258    -0.7078  27.434638     8.0310     8.0747     0.9447    82.7175 1.4997e+02  -64.92670  -64.68484 345.651295      99.93 1.0789e+03   3426.917      82247         18  0.000e+00
     11.277     11.166    -0.7083  27.435830    -0.7078  27.434247     8.0350     8.0754     0.9447    82.7433 1.5040e+02  -64.92670  -64.68484 345.651296      99.95 1.0789e+03   3426.958      82248         18  0.000e+00
     11.290     11.179    -0.7107  27.435373    -0.7076  27.433912     8.0350     8.0751     0.9520    82.7433 1.5040e+02  -64.92670  -64.68484 345.651296      99.98 1.0789e+03   3427.000      82249         18  0.000e+00
     11.331     11.220    -0.7122  27.435831    -0.7069  27.434024     8.0375     8.0757     0.9520    82.7433 1.5082e+02  -64.92670  -64.68484 345.651297      99.98 1.0789e+03   3427.042      82250         18  0.000e+00
     11.290     11.179    -0.7108  27.435258    -0.7069  27.433632     8.0439     8.0763     0.9520    82.7433 1.5082e+02  -64.92670  -64.68484 345.651297      99.95 1.0789e+03   3427.083      82251         18  0.000e+00
     11.345     11.234    -0.7096  27.435258    -0.7072  27.434024     8.0442     8.0762     0.9520    82.7433 1.5082e+02  -64.92670  -64.68484 345.651298      99.93 1.0771e+03   3427.125      82252         18  0.000e+00
     11.277     11.166    -0.7088  27.434743    -0.7071  27.434526     8.0443     8.0767     0.9593    82.7433 1.5125e+02  -64.92670  -64.68484 345.651298      99.95 1.0771e+03   3427.167      82253         18  0.000e+00
     11.290     11.179    -0.7091  27.434515    -0.7072  27.434415     8.0459     8.0773     0.9959    82.7433 1.5168e+02  -64.92670  -64.68484 345.651299      99.98 1.0771e+03   3427.208      82254         18  0.000e+00
     11.331     11.220    -0.7088  27.434743    -0.7072  27.435029     8.0589     8.0779     1.0106    82.7433 1.5168e+02  -64.92670  -64.68484 345.651299      99.98 1.0771e+03   3427.250      82255         18  0.000e+00
     11.290     11.179    -0.7079  27.434000    -0.7069  27.434917     8.0566     8.0776     1.0106    82.7433 1.5211e+02  -64.92670  -64.68484 345.651300      99.98 1.0771e+03   3427.292      82256         18  0.000e+00
     11.345     11.234    -0.7074  27.434515    -0.7073  27.435812     8.0528     8.0837     1.0106    82.7433 1.5254e+02  -64.92670  -64.68484 345.651300      99.98 1.0771e+03   3427.333      82257         18  0.000e+00
     11.277     11.166    -0.7066  27.434743    -0.7078  27.436761     8.0532     8.0851     1.0106    82.7433 1.5254e+02  -64.92670  -64.68484 345.651301      99.95 1.0771e+03   3427.375      82258         18  0.000e+00
     11.290     11.179    -0.7066  27.435029    -0.7072  27.437376     8.0595     8.0854     1.0106    82.7690 1.5297e+02  -64.92670  -64.68484 345.651301      99.95 1.0771e+03   3427.417      82259         18  0.000e+00
     11.331     11.220    -0.7065  27.435544    -0.7070  27.437376     8.0552     8.0867     1.0106    82.7433 1.5297e+02  -64.92670  -64.68484 345.651302      99.95 1.0771e+03   3427.458      82260         18  0.000e+00
     11.290     11.180    -0.7058  27.435544    -0.7081  27.437488     8.0537     8.0826     1.0106    82.8205 1.5340e+02  -64.92670  -64.68484 345.651302      99.98 1.0754e+03   3427.500      82261         18  0.000e+00
     11.290     11.180    -0.7062  27.436059    -0.7073  27.437879     8.0535     8.0829     1.0106    82.8720 1.5340e+02  -64.92670  -64.68484 345.651303      99.98 1.0754e+03   3427.542      82262         18  0.000e+00
     11.332     11.220    -0.7060  27.437089    -0.7060  27.437264     8.0590     8.0831     1.0106    82.8463 1.5383e+02  -64.92670  -64.68484 345.651303      99.95 1.0754e+03   3427.583      82263         18  0.000e+00
     11.290     11.180    -0.7052  27.437661    -0.7053  27.437376     8.0537     8.0879     1.0106    82.8463 1.5383e+02  -64.92670  -64.68484 345.651304      99.93 1.0754e+03   3427.625      82264         18  0.000e+00
