NBP2113_155081_ctd/data/nbp2113_041.cnv
* Sea-Bird SBE 9 Data File:
* FileName = D:\Data\raw\NBP2113_041.hex
* Software Version Seasave V 7.26.7.121
* Temperature SN = 2438
* Conductivity SN = 2067
* Number of Bytes Per Scan = 40
* Number of Voltage Words = 5
* Number of Scans Averaged by the Deck Unit = 1
* NMEA Latitude = 64 50.77 S
* NMEA Longitude = 063 54.70 W
* NMEA UTC (Time) = Dec 10 2021  14:38:32
* NMEA baud rate = 9600
** Ship: RVIB N.B. Palmer
** Cruise: NBP2113 LTER
** Station: 622.029
** Operator: B. Urmston
# nquan = 25
# nvalues = 505                         
# units = specified
# name 0 = prDM: Pressure, Digiquartz [db]
# name 1 = depSM: Depth [salt water, m]
# name 2 = t090C: Temperature [ITS-90, deg C]
# name 3 = c0mS/cm: Conductivity [mS/cm]
# name 4 = t190C: Temperature, 2 [ITS-90, deg C]
# name 5 = c1mS/cm: Conductivity, 2 [mS/cm]
# name 6 = sbeox0ML/L: Oxygen, SBE 43 [ml/l]
# name 7 = sbeox1ML/L: Oxygen, SBE 43, 2 [ml/l]
# name 8 = flECO-AFL: Fluorescence, WET Labs ECO-AFL/FL [mg/m^3]
# name 9 = CStarTr0: Beam Transmission, WET Labs C-Star [%]
# name 10 = par: PAR/Irradiance, Biospherical/Licor
# name 11 = latitude: Latitude [deg]
# name 12 = longitude: Longitude [deg]
# name 13 = timeJ: Julian Days
# name 14 = altM: Altimeter [m]
# name 15 = spar: SPAR, Biospherical/Licor
# name 16 = timeS: Time, Elapsed [seconds]
# name 17 = scan: Scan Count
# name 18 = density00: Density [density, kg/m^3]
# name 19 = density11: Density, 2 [density, kg/m^3]
# name 20 = sal00: Salinity, Practical [PSU]
# name 21 = sal11: Salinity, Practical, 2 [PSU]
# name 22 = oxsolML/L: Oxygen Saturation, Garcia & Gordon [ml/l]
# name 23 = nbin: number of scans per bin
# name 24 = flag: flag
# span 0 =      1.000,    255.000       
# span 1 =      0.991,    252.347       
# span 2 =    -0.3342,     1.1612       
# span 3 =  27.842505,  29.853625       
# span 4 =    -0.3335,     1.1602       
# span 5 =  27.840475,  29.851297       
# span 6 =     4.4808,     9.8802       
# span 7 =     4.5582,     9.7644       
# span 8 =    -0.0099,     1.6655       
# span 9 =    87.0951,    94.6611       
# span 10 = -3.414e-06, 1.7150e+03      
# span 11 =  -64.84650,  -64.84624      
# span 12 =  -63.91182,  -63.91174      
# span 13 = 344.613792, 344.628749      
# span 14 =       7.25,     100.27      
# span 15 = 8.8310e+02, 1.2692e+03      
# span 16 =    319.642,   1611.950      
# span 17 =       7672,      38688      
# span 18 =  1027.1165,  1028.9220      
# span 19 =  1027.1150,  1028.9206      
# span 20 =    33.7502,    34.6068      
# span 21 =    33.7481,    34.6050      
# span 22 =    7.79510,    8.14809      
# span 23 =         17,         49      
# span 24 = 0.0000e+00, 0.0000e+00      
# interval = decibars: 1                
# start_time = Dec 10 2021 14:38:32 [NMEA time, header]
# bad_flag = -9.990e-29
*END*
[from data line 464]
     41.000     40.595    -0.3314  28.066964    -0.3310  28.066320     7.1649     7.2371     0.3859    93.3158 1.5525e+01  -64.84632  -63.91177 344.626909      99.97 1.2569e+03   1452.917      34871  1027.5573  1027.5562    34.0569    34.0555    8.13359         24 0.0000e+00
     40.000     39.603    -0.3326  28.064097    -0.3331  28.059491     7.1944     7.2477     0.3786    93.2709 1.6350e+01  -64.84632  -63.91178 344.626920      99.97 1.2569e+03   1453.912      34895  1027.5511  1027.5466    34.0550    34.0494    8.13395         24 0.0000e+00
     39.000     38.613    -0.3319  28.061662    -0.3305  28.057875     7.2067     7.2506     0.3906    93.2500 1.7086e+01  -64.84632  -63.91178 344.626932      99.97 1.2569e+03   1454.961      34920  1027.5434  1027.5380    34.0516    34.0450    8.13400         27 0.0000e+00
     38.000     37.625    -0.3304  28.058962    -0.3307  28.057906     7.2090     7.2634     0.4357    93.2144 1.7742e+01  -64.84632  -63.91176 344.626946      99.97 1.2566e+03   1456.128      34948  1027.5347  1027.5338    34.0469    34.0458    8.13395         29 0.0000e+00
     37.000     36.635    -0.3306  28.058726    -0.3307  28.056933     7.2257     7.2952     0.4475    93.1610 1.8436e+01  -64.84632  -63.91176 344.626961      99.97 1.2552e+03   1457.398      34979  1027.5303  1027.5285    34.0473    34.0451    8.13395         31 0.0000e+00
     36.000     35.644    -0.3303  28.057533    -0.3284  28.054762     7.2688     7.3317     0.6338    93.1519 1.9490e+01  -64.84632  -63.91176 344.626976      99.97 1.2562e+03   1458.706      35010  1027.5245  1027.5196    34.0461    34.0403    8.13397         32 0.0000e+00
     35.000     34.654    -0.3269  28.055530    -0.3248  28.052975     7.3181     7.3554     0.5704    93.1172 2.1030e+01  -64.84632  -63.91176 344.626992      99.97 1.2575e+03   1460.156      35045  1027.5146  1027.5098    34.0401    34.0344    8.13357         37 0.0000e+00
     34.000     33.665    -0.3217  28.053460    -0.3217  28.051627     7.3090     7.3759     0.5167    93.0582 2.2978e+01  -64.84632  -63.91176 344.627012      99.97 1.2587e+03   1461.843      35085  1027.5030  1027.5011    34.0322    34.0298    8.13292         42 0.0000e+00
     33.000     32.673    -0.3202  28.054339    -0.3170  28.053200     7.3074     7.4365     0.5702    92.9725 2.4808e+01  -64.84632  -63.91176 344.627034      99.97 1.2573e+03   1463.737      35131  1027.4983  1027.4939    34.0324    34.0273    8.13260         43 0.0000e+00
     32.000     31.686    -0.3156  28.056402    -0.2984  28.058654     7.4346     7.5036     0.5437    92.7917 2.6619e+01  -64.84632  -63.91176 344.627059      99.97 1.2593e+03   1465.930      35183  1027.4917  1027.4775    34.0305    34.0143    8.13171         41 0.0000e+00
     31.000     30.693    -0.2917  28.062603    -0.2874  28.063099     7.5285     7.5525     0.5599    92.6731 2.8187e+01  -64.84632  -63.91178 344.627085      99.97 1.2605e+03   1468.179      35237  1027.4708  1027.4673    34.0127    34.0086    8.12763         34 0.0000e+00
     30.000     29.704    -0.2766  28.068110    -0.2740  28.068164     7.4971     7.5189     0.6134    92.6490 2.9748e+01  -64.84632  -63.91177 344.627105      99.97 1.2604e+03   1469.910      35279  1027.4580  1027.4556    34.0038    34.0009    8.12492         41 0.0000e+00
     29.000     28.717    -0.2468  28.078934    -0.2579  28.073309     7.6262     7.6109     0.6431    92.6877 3.3226e+01  -64.84630  -63.91176 344.627160      99.97 1.2613e+03   1474.624      35392  1027.4367  1027.4415    33.9855    33.9904    8.11959         35 0.0000e+00
     28.000     27.725    -0.2527  28.076785    -0.2569  28.073901     7.5310     7.6226     0.6955    92.3464 3.6203e+01  -64.84630  -63.91176 344.627193      99.97 1.2622e+03   1477.469      35460  1027.4363  1027.4372    33.9899    33.9907    8.12061         37 0.0000e+00
     27.000     26.736    -0.2560  28.074111    -0.2633  28.070685     7.5473     7.6105     0.8892    92.0334 3.8479e+01  -64.84630  -63.91176 344.627225      99.97 1.2613e+03   1480.202      35526  1027.4325  1027.4357    33.9906    33.9942    8.12127         23 0.0000e+00
     26.000     25.745    -0.2558  28.073767    -0.2538  28.072864     7.6093     7.6950     0.9472    91.9582 4.2117e+01  -64.84630  -63.91176 344.627271      99.97 1.2622e+03   1484.224      35622  1027.4279  1027.4248    33.9906    33.9871    8.12124         24 0.0000e+00
     25.000     24.750    -0.2382  28.076862    -0.2383  28.075546     7.6516     7.7266     1.1118    91.7569 4.6872e+01  -64.84630  -63.91176 344.627379      99.97 1.2635e+03   1493.553      35846  1027.4102  1027.4085    33.9756    33.9739    8.11834         21 0.0000e+00
     24.000     23.763    -0.2056  28.073229    -0.2085  28.071580     7.8281     7.9317     1.3397    90.8304 5.1158e+01  -64.84628  -63.91176 344.627832      99.97 1.2676e+03   1532.663      36785  1027.3715  1027.3726    33.9349    33.9361    8.11370         39 0.0000e+00
     23.000     22.775    -0.2138  28.064639    -0.2180  28.058265     7.8554     7.9504     1.1211    91.0295 5.5069e+01  -64.84628  -63.91176 344.627839      99.97 1.2675e+03   1533.305      36800  1027.3658  1027.3630    33.9333    33.9295    8.11554         36 0.0000e+00
     22.000     21.782    -0.2252  28.044186    -0.2350  28.028104     7.8739     7.9594     1.3052    90.6120 6.0857e+01  -64.84628  -63.91176 344.627858      99.97 1.2675e+03   1534.926      36839  1027.3506  1027.3427    33.9194    33.9088    8.11877         39 0.0000e+00
     21.000     20.793    -0.2315  28.035001    -0.2459  28.011037     7.8587     7.9644     1.5007    90.1756 6.7887e+01  -64.84628  -63.91176 344.627881      99.97 1.2675e+03   1536.904      36887  1027.3424  1027.3305    33.9148    33.8988    8.12038         40 0.0000e+00
     20.000     19.803    -0.2436  28.017883    -0.2594  27.992550     7.9072     7.9813     1.5629    90.0566 7.4895e+01  -64.84628  -63.91176 344.627900      99.97 1.2675e+03   1538.525      36926  1027.3314  1027.3192    33.9060    33.8897    8.12347         34 0.0000e+00
     19.000     18.813    -0.2770  27.962823    -0.2860  27.945724     7.9335     7.9969     1.5482    89.9955 8.2705e+01  -64.84628  -63.91176 344.627915      99.97 1.2675e+03   1539.897      36959  1027.3000  1027.2901    33.8703    33.8574    8.13263         34 0.0000e+00
     18.000     17.822    -0.2932  27.931063    -0.2947  27.926132     7.9517     8.0028     1.5664    89.4222 9.2245e+01  -64.84628  -63.91176 344.627934      99.97 1.2675e+03   1541.474      36996  1027.2769  1027.2728    33.8465    33.8416    8.13745         39 0.0000e+00
     17.000     16.833    -0.2949  27.926478    -0.2984  27.917573     7.9353     8.0217     1.5842    88.9202 1.0054e+02  -64.84628  -63.91176 344.627955      99.97 1.2675e+03   1543.282      37040  1027.2689  1027.2625    33.8429    33.8348    8.13802         43 0.0000e+00
     16.000     15.843    -0.3018  27.911466    -0.3053  27.895410     7.9608     8.0424     1.5460    88.8996 1.1223e+02  -64.84628  -63.91176 344.627974      99.97 1.2675e+03   1544.935      37079  1027.2549  1027.2408    33.8312    33.8135    8.14017         35 0.0000e+00
     15.000     14.852    -0.3020  27.906137    -0.3002  27.881153     7.9989     8.0758     1.5493    88.7646 1.2480e+02  -64.84628  -63.91176 344.627994      99.97 1.2680e+03   1546.693      37122  1027.2448  1027.2159    33.8248    33.7895    8.14057         43 0.0000e+00
     14.000     13.860    -0.2936  27.892578    -0.2751  27.886737     8.0302     8.0764     1.4358    88.1718 1.3997e+02  -64.84628  -63.91176 344.628019      99.97 1.2692e+03   1548.853      37173  1027.2175  1027.1930    33.7980    33.7696    8.14031         32 0.0000e+00
     13.000     12.871    -0.2515  27.908903    -0.2393  27.912044     7.9870     8.0537     1.2127    87.9305 1.5652e+02  -64.84628  -63.91176 344.628044      99.97 1.2671e+03   1550.980      37225  1027.1899  1027.1815    33.7736    33.7642    8.13270         38 0.0000e+00
     12.000     11.880    -0.2774  27.908505    -0.2814  27.901594     8.0025     8.0573     1.2624    87.8187 1.7642e+02  -64.84627  -63.91176 344.628086      99.97 1.2673e+03   1554.641      37312  1027.2103  1027.2069    33.8024    33.7977    8.13658         42 0.0000e+00
     11.000     10.891    -0.2629  27.900246    -0.2666  27.898097     8.0081     8.0817     0.9943    87.4152 1.9964e+02  -64.84626  -63.91176 344.628122      99.97 1.2684e+03   1557.723      37386  1027.1832  1027.1843    33.7760    33.7772    8.13501         42 0.0000e+00
     10.000      9.903    -0.2601  27.910192    -0.2623  27.894657     7.9843     8.0924     0.9772    87.3725 2.2238e+02  -64.84626  -63.91177 344.628155      99.96 1.2668e+03   1560.575      37455  1027.1869  1027.1721    33.7867    33.7685    8.13380         31 0.0000e+00
      9.000      8.911    -0.2780  27.889855    -0.2734  27.886225     8.0291     8.0984     0.8050    87.2516 2.5203e+02  -64.84626  -63.91175 344.628197      99.97 1.2649e+03   1564.218      37542  1027.1780  1027.1695    33.7801    33.7701    8.13800         35 0.0000e+00
      8.000      7.924    -0.3043  27.846389    -0.3009  27.849324     8.0286     8.1112     0.7553    87.2999 2.8765e+02  -64.84626  -63.91178 344.628238      99.97 1.2674e+03   1567.736      37627  1027.1522  1027.1522    33.7518    33.7520    8.14524         34 0.0000e+00
      7.000      6.933    -0.3043  27.845158    -0.3048  27.842999     8.0514     8.1112     0.7694    87.2095 3.1672e+02  -64.84626  -63.91178 344.628272      99.96 1.2664e+03   1570.659      37697  1027.1462  1027.1445    33.7508    33.7484    8.14530         33 0.0000e+00
      6.000      5.940    -0.3044  27.844871    -0.3047  27.842674     8.0355     8.1094     0.6099    87.2241 3.7164e+02  -64.84626  -63.91176 344.628309      99.97 1.2640e+03   1573.929      37775  1027.1416  1027.1397    33.7511    33.7486    8.14530         35 0.0000e+00
      5.000      4.952    -0.3057  27.843065    -0.3061  27.841394     8.0648     8.1157     0.6085    87.1586 4.2582e+02  -64.84626  -63.91176 344.628375      99.97 1.2635e+03   1579.560      37910  1027.1365  1027.1351    33.7508    33.7489    8.14561         35 0.0000e+00
      4.000      3.959    -0.3055  27.843255    -0.3060  27.841457     8.1700     8.1227     0.6098    87.1555 5.0501e+02  -64.84626  -63.91178 344.628692      99.97 1.2600e+03   1606.981      38569  1027.1320  1027.1305    33.7514    33.7495    8.14552         45 0.0000e+00
      3.000      2.971    -0.3045  27.843513    -0.3049  27.841593     7.9254     8.3739     0.5585    87.0951 5.8363e+02  -64.84626  -63.91178 344.628712      99.96 1.2576e+03   1608.709      38610  1027.1270  1027.1253    33.7513    33.7492    8.14532         29 0.0000e+00
      2.000      1.980    -0.3046  27.842540    -0.3051  27.840475     8.9559     9.5898     0.4793    87.1197 6.8851e+02  -64.84625  -63.91177 344.628727      99.97 1.2547e+03   1610.000      38641  1027.1218  1027.1200    33.7506    33.7484    8.14537         31 0.0000e+00
      1.000      0.991    -0.3036  27.842505    -0.3037  27.840963     9.8802     9.7644     0.4289    87.1373 1.7150e+03  -64.84624  -63.91176 344.628749      99.97 1.2549e+03   1611.950      38688  1027.1165  1027.1150    33.7502    33.7481    8.14520         39 0.0000e+00
