NBP2113_155081_ctd/data/nbp2113_062.ros
* Sea-Bird SBE 9 Data File:
* FileName = D:\Data\raw\NBP2113_062.hex
* Software Version Seasave V 7.26.7.121
* Temperature SN = 2438
* Conductivity SN = 2067
* Number of Bytes Per Scan = 40
* Number of Voltage Words = 5
* Number of Scans Averaged by the Deck Unit = 1
* NMEA Latitude = 64 46.58 S
* NMEA Longitude = 063 03.86 W
* NMEA UTC (Time) = Dec 14 2021  03:19:35
* NMEA baud rate = 9600
** Ship: RVIB N.B. Palmer
** Cruise: NBP2113 LTER
** Station: 654.003
** Operator: B. Urmston
# nquan = 20
# nvalues = 586                                   
# units = specified
# name 0 = prDM: Pressure, Digiquartz [db]
# name 1 = depSM: Depth [salt water, m]
# name 2 = t090C: Temperature [ITS-90, deg C]
# name 3 = c0mS/cm: Conductivity [mS/cm]
# name 4 = t190C: Temperature, 2 [ITS-90, deg C]
# name 5 = c1mS/cm: Conductivity, 2 [mS/cm]
# name 6 = sbeox0ML/L: Oxygen, SBE 43 [ml/l]
# name 7 = sbeox1ML/L: Oxygen, SBE 43, 2 [ml/l]
# name 8 = flECO-AFL: Fluorescence, WET Labs ECO-AFL/FL [mg/m^3]
# name 9 = CStarTr0: Beam Transmission, WET Labs C-Star [%]
# name 10 = par: PAR/Irradiance, Biospherical/Licor
# name 11 = latitude: Latitude [deg]
# name 12 = longitude: Longitude [deg]
# name 13 = timeJ: Julian Days
# name 14 = altM: Altimeter [m]
# name 15 = spar: SPAR, Biospherical/Licor
# name 16 = timeS: Time, Elapsed [seconds]
# name 17 = scan: Scan Count
# name 18 = nbf: Bottles Fired
# name 19 = flag:  0.000e+00
# interval = seconds: 0.0416667
# start_time = Dec 14 2021 03:19:35 [NMEA time, header]
# bad_flag = -9.990e-29
*END*
[from data line 362]
    100.989     99.977     0.7950  29.384604     0.7921  29.381969     5.0374     5.0898     0.0436    90.8802 1.0000e-12  -64.77628  -63.06520 348.154339      99.98 0.0000e+00   1359.917      32639          8  0.000e+00
    101.065    100.051     0.7947  29.384370     0.7913  29.381969     5.0349     5.0904     0.0436    90.8802 1.0000e-12  -64.77628  -63.06520 348.154340      99.98 0.0000e+00   1359.958      32640          8  0.000e+00
    101.037    100.024     0.7942  29.384135     0.7907  29.381453     5.0341     5.0856     0.0362    90.8544 1.0000e-12  -64.77628  -63.06520 348.154340      99.98 0.0000e+00   1360.000      32641          8  0.000e+00
    101.017    100.004     0.7944  29.384370     0.7902  29.380077     5.0401     5.0854     0.0362    90.8544 1.0000e-12  -64.77628  -63.06520 348.154341      99.98 0.0000e+00   1360.042      32642          8  0.000e+00
    101.037    100.024     0.7943  29.384135     0.7896  29.378989     5.0348     5.0906     0.0362    90.8544 1.0000e-12  -64.77628  -63.06520 348.154341      99.98 0.0000e+00   1360.083      32643          8  0.000e+00
    101.017    100.004     0.7947  29.384370     0.7891  29.378702     5.0338     5.0912     0.0362    90.8544 1.0000e-12  -64.77628  -63.06520 348.154342      99.95 0.0000e+00   1360.125      32644          8  0.000e+00
    101.037    100.024     0.7944  29.384135     0.7882  29.378186     5.0397     5.0918     0.0362    90.8544 1.0000e-12  -64.77628  -63.06520 348.154342      99.95 0.0000e+00   1360.167      32645          8  0.000e+00
    101.017    100.004     0.7941  29.384370     0.7877  29.377327     5.0411     5.0872     0.0362    90.8544 1.0000e-12  -64.77628  -63.06520 348.154343      99.98 0.0000e+00   1360.208      32646          8  0.000e+00
    101.038    100.024     0.7936  29.383549     0.7885  29.376811     5.0345     5.0922     0.0362    90.8544 1.0000e-12  -64.77628  -63.06520 348.154343      99.98 0.0000e+00   1360.250      32647          8  0.000e+00
    101.038    100.024     0.7936  29.383549     0.7901  29.377040     5.0345     5.0925     0.0362    90.8544 1.0000e-12  -64.77628  -63.06520 348.154344      99.98 0.0000e+00   1360.292      32648          8  0.000e+00
    101.065    100.051     0.7933  29.383314     0.7914  29.377613     5.0402     5.0877     0.0362    90.8544 1.0000e-12  -64.77628  -63.06520 348.154344      99.93 0.0000e+00   1360.333      32649          8  0.000e+00
    100.990     99.977     0.7932  29.383255     0.7927  29.379275     5.0401     5.0864     0.0362    90.8544 1.0000e-12  -64.77628  -63.06520 348.154345      99.95 0.0000e+00   1360.375      32650          8  0.000e+00
    101.065    100.051     0.7933  29.383021     0.7927  29.380593     5.0332     5.0862     0.0362    90.8544 1.0000e-12  -64.77628  -63.06520 348.154345      99.98 0.0000e+00   1360.417      32651          8  0.000e+00
    101.038    100.024     0.7932  29.383549     0.7928  29.381682     5.0329     5.0859     0.0362    90.8544 1.0000e-12  -64.77628  -63.06520 348.154346      99.98 0.0000e+00   1360.458      32652          8  0.000e+00
    101.017    100.004     0.7932  29.383314     0.7928  29.380880     5.0383     5.0858     0.0362    90.8544 1.0000e-12  -64.77628  -63.06520 348.154346      99.98 0.0000e+00   1360.500      32653          8  0.000e+00
    101.038    100.024     0.7932  29.383549     0.7922  29.381166     5.0380     5.0910     0.0436    90.8544 1.0000e-12  -64.77628  -63.06520 348.154347      99.98 0.0000e+00   1360.542      32654          8  0.000e+00
    101.017    100.004     0.7935  29.383548     0.7916  29.380593     5.0319     5.0918     0.0362    90.8544 1.0000e-12  -64.77628  -63.06520 348.154347      99.98 0.0000e+00   1360.583      32655          8  0.000e+00
    101.038    100.024     0.7933  29.383549     0.7914  29.380077     5.0316     5.0873     0.0362    90.8544 1.0000e-12  -64.77628  -63.06520 348.154348      99.95 0.0000e+00   1360.625      32656          8  0.000e+00
    101.038    100.024     0.7938  29.383549     0.7913  29.380077     5.0311     5.0925     0.0362    90.8544 1.0000e-12  -64.77628  -63.06520 348.154348      99.95 0.0000e+00   1360.667      32657          8  0.000e+00
    101.065    100.051     0.7933  29.383549     0.7911  29.380078     5.0295     5.0880     0.0362    90.8544 1.0000e-12  -64.77628  -63.06520 348.154348      99.98 0.0000e+00   1360.708      32658          8  0.000e+00
    100.990     99.977     0.7919  29.383549     0.7910  29.379791     5.0278     5.0871     0.0362    90.8544 1.0000e-12  -64.77628  -63.06520 348.154349      99.98 0.0000e+00   1360.750      32659          8  0.000e+00
    101.065    100.051     0.7895  29.382434     0.7905  29.379791     5.0289     5.0864     0.0362    90.8287 1.0000e-12  -64.77628  -63.06520 348.154349      99.98 0.0000e+00   1360.792      32660          8  0.000e+00
    101.038    100.024     0.7881  29.381085     0.7904  29.380364     5.0342     5.0855     0.0362    90.8287 1.0000e-12  -64.77628  -63.06520 348.154350      99.93 0.0000e+00   1360.833      32661          8  0.000e+00
    101.017    100.004     0.7886  29.379970     0.7905  29.379275     5.0349     5.0899     0.0362    90.8287 1.0000e-12  -64.77628  -63.06520 348.154350      99.95 0.0000e+00   1360.875      32662          8  0.000e+00
    101.038    100.024     0.7898  29.379148     0.7914  29.379619     5.0313     5.0897     0.0362    90.8287 1.0000e-12  -64.77628  -63.06520 348.154351      99.98 0.0000e+00   1360.917      32663          8  0.000e+00
    101.017    100.004     0.7906  29.379148     0.7921  29.379791     5.0362     5.0903     0.0362    90.8287 1.0000e-12  -64.77628  -63.06520 348.154351      99.98 0.0000e+00   1360.958      32664          8  0.000e+00
    101.086    100.072     0.7901  29.379970     0.7925  29.380364     5.0370     5.0849     0.0362    90.8287 1.0000e-12  -64.77628  -63.06520 348.154352      99.98 0.0000e+00   1361.000      32665          8  0.000e+00
    100.990     99.977     0.7911  29.380263     0.7936  29.380593     5.0305     5.0846     0.0362    90.8287 1.0000e-12  -64.77628  -63.06520 348.154352      99.98 0.0000e+00   1361.042      32666          8  0.000e+00
     50.243     49.745     0.2674  28.759118     0.3083  28.795566     5.9183     5.8857     0.2780    90.0562 1.0000e-12  -64.77628  -63.06518 348.155686      99.98 0.0000e+00   1476.250      35431          9  0.000e+00
     50.339     49.840     0.2671  28.758944     0.3095  28.797728     5.9130     5.8854     0.2780    90.0304 1.0000e-12  -64.77628  -63.06518 348.155686      99.98 0.0000e+00   1476.292      35432          9  0.000e+00
     50.250     49.752     0.2668  28.758420     0.3109  28.799320     5.9105     5.8848     0.2780    90.0304 1.0000e-12  -64.77628  -63.06518 348.155687      99.93 0.0000e+00   1476.333      35433          9  0.000e+00
     50.291     49.793     0.2665  28.758653     0.3117  28.800117     5.9147     5.8843     0.2780    90.0304 1.0000e-12  -64.77628  -63.06518 348.155687      99.95 0.0000e+00   1476.375      35434          9  0.000e+00
     50.243     49.745     0.2670  28.758129     0.3094  28.801766     5.9198     5.8840     0.2707    90.0304 1.0000e-12  -64.77628  -63.06518 348.155688      99.98 0.0000e+00   1476.417      35435          9  0.000e+00
     50.250     49.752     0.2666  28.757489     0.3066  28.802279     5.9203     5.8837     0.2780    90.0562 1.0000e-12  -64.77628  -63.06518 348.155688      99.98 0.0000e+00   1476.458      35436          9  0.000e+00
     50.291     49.793     0.2668  28.758129     0.3050  28.801994     5.9148     5.8840     0.2780    90.0304 1.0000e-12  -64.77628  -63.06518 348.155689      99.98 0.0000e+00   1476.500      35437          9  0.000e+00
     50.291     49.793     0.2670  28.757896     0.3045  28.801767     5.9091     5.8841     0.2780    90.0562 1.0000e-12  -64.77628  -63.06518 348.155689      99.98 0.0000e+00   1476.542      35438          9  0.000e+00
     50.250     49.752     0.2668  28.757605     0.3068  28.801994     5.9133     5.8889     0.2780    90.0562 1.0000e-12  -64.77628  -63.06518 348.155690      99.98 0.0000e+00   1476.583      35439          9  0.000e+00
     50.291     49.793     0.2668  28.757314     0.3083  28.802279     5.9129     5.8840     0.2780    90.0304 1.0000e-12  -64.77628  -63.06518 348.155690      99.95 0.0000e+00   1476.625      35440          9  0.000e+00
     50.243     49.746     0.2668  28.757780     0.3058  28.800117     5.9079     5.8840     0.2780    90.0304 1.0000e-12  -64.77628  -63.06518 348.155691      99.95 0.0000e+00   1476.667      35441          9  0.000e+00
     50.298     49.800     0.2671  28.757081     0.2971  28.797729     5.9072     5.8902     0.2780    90.0304 1.0000e-12  -64.77628  -63.06518 348.155691      99.98 0.0000e+00   1476.708      35442          9  0.000e+00
     50.243     49.746     0.2668  28.757314     0.2948  28.796364     5.9107     5.8907     0.2780    90.0562 1.0000e-12  -64.77628  -63.06518 348.155692      99.98 0.0000e+00   1476.750      35443          9  0.000e+00
     50.291     49.793     0.2668  28.757314     0.2976  28.795567     5.9097     5.8852     0.2780    90.0304 1.0000e-12  -64.77628  -63.06518 348.155692      99.98 0.0000e+00   1476.792      35444          9  0.000e+00
     50.250     49.752     0.2662  28.757314     0.3005  28.795567     5.9098     5.8839     0.2780    90.0562 1.0000e-12  -64.77628  -63.06518 348.155693      99.95 0.0000e+00   1476.833      35445          9  0.000e+00
     50.291     49.793     0.2662  28.757256     0.3023  28.795282     5.9098     5.8881     0.2780    90.0562 1.0000e-12  -64.77628  -63.06518 348.155693      99.95 0.0000e+00   1476.875      35446          9  0.000e+00
     50.243     49.746     0.2666  28.756266     0.3018  28.794770     5.9138     5.8879     0.2780    90.0562 1.0000e-12  -64.77628  -63.06518 348.155693      99.98 0.0000e+00   1476.917      35447          9  0.000e+00
     50.250     49.753     0.2674  28.757081     0.3010  28.793689     5.9074     5.8885     0.2780    90.0562 1.0000e-12  -64.77628  -63.06518 348.155694      99.98 0.0000e+00   1476.958      35448          9  0.000e+00
     50.291     49.793     0.2677  28.757605     0.3010  28.792040     5.9066     5.8890     0.2780    90.0304 1.0000e-12  -64.77628  -63.06518 348.155694      99.98 0.0000e+00   1477.000      35449          9  0.000e+00
     50.244     49.746     0.2677  28.758594     0.3010  28.792381     5.9112     5.8891     0.2780    90.0562 1.0000e-12  -64.77628  -63.06518 348.155695      99.98 0.0000e+00   1477.042      35450          9  0.000e+00
     50.250     49.753     0.2677  28.758420     0.2996  28.792040     5.9101     5.8948     0.2780    90.0562 1.0000e-12  -64.77628  -63.06518 348.155695      99.98 0.0000e+00   1477.083      35451          9  0.000e+00
     50.292     49.793     0.2688  28.758420     0.2983  28.792040     5.9029     5.8958     0.2780    90.0562 1.0000e-12  -64.77628  -63.06518 348.155696      99.95 0.0000e+00   1477.125      35452          9  0.000e+00
     50.298     49.800     0.2694  28.758420     0.2954  28.791585     5.8956     5.8969     0.2707    90.0562 1.0000e-12  -64.77628  -63.06518 348.155696      99.95 0.0000e+00   1477.167      35453          9  0.000e+00
     50.244     49.746     0.2690  28.758944     0.2917  28.791813     5.9039     5.8979     0.2487    90.0562 1.0000e-12  -64.77628  -63.06518 348.155697      99.98 0.0000e+00   1477.208      35454          9  0.000e+00
     50.292     49.793     0.2685  28.759409     0.2897  28.790960     5.8977     5.8987     0.2414    90.0562 1.0000e-12  -64.77628  -63.06518 348.155697      99.98 0.0000e+00   1477.250      35455          9  0.000e+00
     50.251     49.753     0.2690  28.759467     0.2916  28.791017     5.9011     5.8933     0.2487    90.0562 1.0000e-12  -64.77628  -63.06518 348.155698      99.98 0.0000e+00   1477.292      35456          9  0.000e+00
     50.292     49.793     0.2690  28.759235     0.2956  28.790448     5.9015     5.8975     0.2487    90.0562 1.0000e-12  -64.77628  -63.06518 348.155698      99.93 0.0000e+00   1477.333      35457          9  0.000e+00
     50.244     49.746     0.2688  28.759235     0.2991  28.790959     5.9073     5.8917     0.2487    90.0562 1.0000e-12  -64.77628  -63.06518 348.155699      99.95 0.0000e+00   1477.375      35458          9  0.000e+00
     50.299     49.800     0.2682  28.759235     0.3029  28.790220     5.9030     5.8966     0.2487    90.0562 1.0000e-12  -64.77628  -63.06518 348.155699      99.98 0.0000e+00   1477.417      35459          9  0.000e+00
     50.244     49.746     0.2683  28.758827     0.3038  28.789935     5.9014     5.8971     0.2487    90.0562 1.0000e-12  -64.77628  -63.06518 348.155700      99.98 0.0000e+00   1477.458      35460          9  0.000e+00
     50.244     49.746     0.2685  28.758420     0.3017  28.789935     5.9010     5.8980     0.2487    90.0562 1.0000e-12  -64.77628  -63.06518 348.155700      99.98 0.0000e+00   1477.500      35461          9  0.000e+00
     50.299     49.800     0.2682  28.758420     0.2986  28.790220     5.9061     5.8980     0.2487    90.0562 1.0000e-12  -64.77628  -63.06518 348.155701      99.98 0.0000e+00   1477.542      35462          9  0.000e+00
     50.292     49.793     0.2682  28.758944     0.2982  28.790448     5.9009     5.8975     0.2487    90.0562 1.0000e-12  -64.77628  -63.06518 348.155701      99.98 0.0000e+00   1477.583      35463          9  0.000e+00
     50.292     49.794     0.2683  28.758653     0.3003  28.789651     5.9000     5.8967     0.2487    90.0562 1.0000e-12  -64.77628  -63.06518 348.155702      99.95 0.0000e+00   1477.625      35464          9  0.000e+00
     50.251     49.753     0.2685  28.758303     0.2997  28.789139     5.9001     5.8968     0.2487    90.0562 1.0000e-12  -64.77628  -63.06518 348.155702      99.95 0.0000e+00   1477.667      35465          9  0.000e+00
     50.244     49.746     0.2682  28.758129     0.2972  28.789367     5.9059     5.8971     0.2487    90.0562 1.0000e-12  -64.77628  -63.06518 348.155703      99.98 0.0000e+00   1477.708      35466          9  0.000e+00
     50.292     49.794     0.2682  28.758420     0.2950  28.789652     5.9072     5.8964     0.2487    90.0562 1.0000e-12  -64.77628  -63.06518 348.155703      99.98 0.0000e+00   1477.750      35467          9  0.000e+00
     50.251     49.753     0.2680  28.758129     0.2917  28.789709     5.9039     5.8966     0.2487    90.0562 1.0000e-12  -64.77628  -63.06518 348.155704      99.98 0.0000e+00   1477.792      35468          9  0.000e+00
     50.292     49.794     0.2677  28.758653     0.2896  28.789083     5.9037     5.9019     0.2487    90.0562 1.0000e-12  -64.77628  -63.06518 348.155704      99.95 0.0000e+00   1477.833      35469          9  0.000e+00
     50.244     49.746     0.2677  28.758303     0.2866  28.787491     5.9076     5.8973     0.2487    90.0562 1.0000e-12  -64.77628  -63.06518 348.155705      99.95 0.0000e+00   1477.875      35470          9  0.000e+00
     50.299     49.800     0.2674  28.758129     0.2859  28.787548     5.9071     5.9021     0.2487    90.0562 1.0000e-12  -64.77628  -63.06518 348.155705      99.98 0.0000e+00   1477.917      35471          9  0.000e+00
     50.244     49.746     0.2670  28.757605     0.2879  28.787206     5.9020     5.9019     0.2487    90.0304 1.0000e-12  -64.77628  -63.06518 348.155706      99.98 0.0000e+00   1477.958      35472          9  0.000e+00
     50.292     49.794     0.2671  28.757896     0.2895  28.786979     5.9011     5.9017     0.2487    90.0562 1.0000e-12  -64.77628  -63.06518 348.155706      99.98 0.0000e+00   1478.000      35473          9  0.000e+00
     50.251     49.753     0.2674  28.757314     0.2894  28.786467     5.9057     5.9023     0.2487    90.0562 1.0000e-12  -64.77628  -63.06518 348.155707      99.98 0.0000e+00   1478.042      35474          9  0.000e+00
