NBP2113_155081_ctd/data/nbp2113_005.cnv
* Sea-Bird SBE 9 Data File:
* FileName = D:\Data\raw\NBP2113_005.hex
* Software Version Seasave V 7.26.7.121
* Temperature SN = 2438
* Conductivity SN = 2067
* Number of Bytes Per Scan = 40
* Number of Voltage Words = 5
* Number of Scans Averaged by the Deck Unit = 1
* NMEA Latitude = 64 04.86 S
* NMEA Longitude = 063 46.34 W
* NMEA UTC (Time) = Nov 23 2021  13:58:01
* NMEA baud rate = 9600
** Ship: RVIB N.B. Palmer
** Cruise: NBP2113 LTER
** Station: 692.080
** Operator: B. Urmston
# nquan = 25
# nvalues = 1037                        
# units = specified
# name 0 = prDM: Pressure, Digiquartz [db]
# name 1 = depSM: Depth [salt water, m]
# name 2 = t090C: Temperature [ITS-90, deg C]
# name 3 = c0mS/cm: Conductivity [mS/cm]
# name 4 = t190C: Temperature, 2 [ITS-90, deg C]
# name 5 = c1mS/cm: Conductivity, 2 [mS/cm]
# name 6 = sbeox0ML/L: Oxygen, SBE 43 [ml/l]
# name 7 = sbeox1ML/L: Oxygen, SBE 43, 2 [ml/l]
# name 8 = flECO-AFL: Fluorescence, WET Labs ECO-AFL/FL [mg/m^3]
# name 9 = CStarTr0: Beam Transmission, WET Labs C-Star [%]
# name 10 = par: PAR/Irradiance, Biospherical/Licor
# name 11 = latitude: Latitude [deg]
# name 12 = longitude: Longitude [deg]
# name 13 = timeJ: Julian Days
# name 14 = altM: Altimeter [m]
# name 15 = spar: SPAR, Biospherical/Licor
# name 16 = timeS: Time, Elapsed [seconds]
# name 17 = scan: Scan Count
# name 18 = density00: Density [density, kg/m^3]
# name 19 = density11: Density, 2 [density, kg/m^3]
# name 20 = sal00: Salinity, Practical [PSU]
# name 21 = sal11: Salinity, Practical, 2 [PSU]
# name 22 = oxsolML/L: Oxygen Saturation, Garcia & Gordon [ml/l]
# name 23 = nbin: number of scans per bin
# name 24 = flag: flag
# span 0 =      1.000,    521.000       
# span 1 =      0.990,    515.278       
# span 2 =    -0.2835,     1.5253       
# span 3 =  28.027077,  30.367240       
# span 4 =    -0.2829,     1.5253       
# span 5 =  28.023703,  30.366045       
# span 6 =     4.1730,     9.4463       
# span 7 =     4.1632,     9.1059       
# span 8 =    -0.0226,     1.8547       
# span 9 =    86.9965,    98.9778       
# span 10 = 1.0000e-12, 6.4146e+02      
# span 11 =  -64.08194,  -64.08136      
# span 12 =  -63.77211,  -63.77140      
# span 13 = 327.585846, 327.612468      
# span 14 =       7.80,      99.99      
# span 15 = 3.3847e+02, 4.9541e+02      
# span 16 =    336.088,   2636.194      
# span 17 =       8067,      63270      
# span 18 =  1027.2244,  1030.2230      
# span 19 =  1027.2204,  1030.2217      
# span 20 =    33.8799,    34.7106      
# span 21 =    33.8767,    34.7092      
# span 22 =    7.71803,    8.12410      
# span 23 =          9,         51      
# span 24 = 0.0000e+00, 0.0000e+00      
# interval = decibars: 1                
# start_time = Nov 23 2021 13:58:01 [NMEA time, header]
# bad_flag = -9.990e-29
*END*
[from data line 348]
    353.000    349.264     1.4773  30.233567     1.4774  30.232399     4.2432     4.2154    -0.0073    98.8304 1.0000e-12  -64.08152  -63.77192 327.594154      99.98 4.0017e+02   1053.895      25294  1029.4210  1029.4198    34.6859    34.6843    7.72840         20 0.0000e+00
    354.000    350.254     1.4769  30.233598     1.4768  30.232255     4.2459     4.2159    -0.0015    98.8344 1.0000e-12  -64.08152  -63.77192 327.594164      99.98 3.9994e+02   1054.751      25315  1029.4258  1029.4245    34.6859    34.6842    7.72850         22 0.0000e+00
    355.000    351.243     1.4776  30.234899     1.4775  30.233586     4.2419     4.2147    -0.0041    98.8140 1.0000e-12  -64.08152  -63.77192 327.594176      99.98 3.9855e+02   1055.797      25340  1029.4306  1029.4294    34.6861    34.6845    7.72833         30 0.0000e+00
    356.000    352.230     1.4791  30.237410     1.4794  30.236546     4.2285     4.2064    -0.0078    98.8124 1.0000e-12  -64.08152  -63.77192 327.594195      99.98 3.9841e+02   1057.441      25380  1029.4360  1029.4348    34.6871    34.6857    7.72800         40 0.0000e+00
    357.000    353.219     1.4914  30.251265     1.4918  30.250451     4.2255     4.2041    -0.0125    98.8111 1.0000e-12  -64.08152  -63.77192 327.594215      99.98 3.9841e+02   1059.186      25421  1029.4421  1029.4409    34.6906    34.6891    7.72540         35 0.0000e+00
    358.000    354.206     1.4924  30.252779     1.4922  30.251401     4.2287     4.1987    -0.0151    98.8145 1.0000e-12  -64.08152  -63.77192 327.594229      99.99 3.9692e+02   1060.362      25450  1029.4470  1029.4457    34.6908    34.6893    7.72519         23 0.0000e+00
    359.000    355.197     1.4923  30.253081     1.4920  30.251721     4.2322     4.2031    -0.0097    98.8222 1.0000e-12  -64.08152  -63.77192 327.594239      99.98 3.9665e+02   1061.283      25472  1029.4517  1029.4506    34.6908    34.6894    7.72522         23 0.0000e+00
    360.000    356.184     1.4927  30.254046     1.4926  30.252667     4.2275     4.2052    -0.0065    98.8055 1.0000e-12  -64.08152  -63.77192 327.594252      99.98 3.9665e+02   1062.381      25498  1029.4564  1029.4552    34.6909    34.6893    7.72512         32 0.0000e+00
    361.000    357.173     1.4923  30.254033     1.4922  30.252718     4.2289     4.2002    -0.0041    98.8495 1.0000e-12  -64.08152  -63.77192 327.594269      99.98 3.9665e+02   1063.879      25534  1029.4611  1029.4599    34.6908    34.6892    7.72521         37 0.0000e+00
    362.000    358.161     1.4926  30.254713     1.4925  30.253464     4.2264     4.2023     0.0048    98.8366 1.0000e-12  -64.08152  -63.77192 327.594286      99.98 3.9665e+02   1065.332      25569  1029.4658  1029.4646    34.6908    34.6893    7.72515         32 0.0000e+00
    363.000    359.149     1.4927  30.255291     1.4925  30.254032     4.2214     4.2035    -0.0077    98.8368 1.0000e-12  -64.08152  -63.77192 327.594299      99.98 3.9655e+02   1066.478      25596  1029.4705  1029.4694    34.6908    34.6894    7.72513         24 0.0000e+00
    364.000    360.139     1.4930  30.256134     1.4931  30.255053     4.2263     4.2033    -0.0104    98.8368 1.0000e-12  -64.08152  -63.77192 327.594311      99.98 3.9493e+02   1067.493      25621  1029.4753  1029.4741    34.6909    34.6895    7.72506         26 0.0000e+00
    365.000    361.127     1.4938  30.257514     1.4941  30.256524     4.2210     4.2062    -0.0111    98.8499 1.0000e-12  -64.08152  -63.77192 327.594326      99.98 3.9489e+02   1068.797      25652  1029.4802  1029.4789    34.6912    34.6897    7.72489         34 0.0000e+00
    366.000    362.117     1.4966  30.261066     1.4962  30.259164     4.2237     4.1994    -0.0074    98.8086 1.0000e-12  -64.08152  -63.77192 327.594344      99.98 3.9489e+02   1070.354      25690  1029.4852  1029.4837    34.6921    34.6901    7.72429         36 0.0000e+00
    367.000    363.103     1.4970  30.261752     1.4969  30.260375     4.2244     4.1955    -0.0086    98.8294 1.0000e-12  -64.08152  -63.77192 327.594360      99.98 3.9489e+02   1071.712      25722  1029.4898  1029.4885    34.6920    34.6903    7.72422         31 0.0000e+00
    368.000    364.092     1.4972  30.262494     1.4973  30.261165     4.2194     4.1963    -0.0073    98.8383 1.0000e-12  -64.08152  -63.77192 327.594375      99.98 3.9346e+02   1073.010      25753  1029.4946  1029.4933    34.6921    34.6904    7.72418         32 0.0000e+00
    369.000    365.081     1.4978  30.263468     1.4978  30.262075     4.2220     4.1945    -0.0039    98.8375 1.0000e-12  -64.08152  -63.77192 327.594392      99.98 3.9312e+02   1074.437      25787  1029.4993  1029.4979    34.6921    34.6904    7.72406         35 0.0000e+00
    370.000    366.069     1.4988  30.264951     1.4991  30.263815     4.2239     4.1989    -0.0143    98.8729 1.0000e-12  -64.08152  -63.77192 327.594408      99.98 3.9312e+02   1075.839      25821  1029.5041  1029.5026    34.6923    34.6906    7.72385         32 0.0000e+00
    371.000    367.057     1.4988  30.265353     1.4989  30.264209     4.2125     4.1985    -0.0148    98.8503 1.0000e-12  -64.08152  -63.77192 327.594422      99.98 3.9171e+02   1077.083      25851  1029.5087  1029.5075    34.6922    34.6907    7.72385         28 0.0000e+00
    372.000    368.047     1.4987  30.265705     1.4985  30.264323     4.2190     4.1905    -0.0133    98.8522 1.0000e-12  -64.08152  -63.77192 327.594434      99.98 3.9137e+02   1078.138      25876  1029.5135  1029.5122    34.6923    34.6907    7.72388         25 0.0000e+00
    373.000    369.035     1.4980  30.265491     1.4979  30.264109     4.2238     4.1940    -0.0122    98.8342 1.0000e-12  -64.08152  -63.77192 327.594449      99.98 3.9136e+02   1079.375      25906  1029.5181  1029.5168    34.6922    34.6905    7.72402         36 0.0000e+00
    374.000    370.023     1.4980  30.265984     1.4983  30.264848     4.2225     4.1955    -0.0127    98.8432 1.0000e-12  -64.08152  -63.77192 327.594468      99.98 3.9035e+02   1081.063      25947  1029.5229  1029.5214    34.6922    34.6904    7.72401         40 0.0000e+00
    375.000    371.011     1.4987  30.266941     1.4989  30.265773     4.2191     4.1884    -0.0083    98.8426 1.0000e-12  -64.08152  -63.77192 327.594486      99.98 3.8947e+02   1082.609      25984  1029.5274  1029.5260    34.6921    34.6904    7.72389         31 0.0000e+00
    376.000    372.001     1.4994  30.268093     1.4993  30.266895     4.2206     4.1913    -0.0145    98.8547 1.0000e-12  -64.08152  -63.77192 327.594499      99.98 3.8787e+02   1083.714      26010  1029.5321  1029.5310    34.6922    34.6907    7.72374         22 0.0000e+00
    377.000    372.989     1.4997  30.268824     1.4996  30.267584     4.2108     4.1959    -0.0073    98.8368 1.0000e-12  -64.08152  -63.77192 327.594509      99.98 3.8783e+02   1084.562      26030  1029.5368  1029.5357    34.6922    34.6908    7.72368         20 0.0000e+00
    378.000    373.977     1.4997  30.269225     1.4995  30.268007     4.2172     4.1966    -0.0077    98.8434 1.0000e-12  -64.08152  -63.77192 327.594519      99.98 3.8783e+02   1085.446      26052  1029.5414  1029.5404    34.6922    34.6908    7.72369         23 0.0000e+00
    379.000    374.966     1.4996  30.269500     1.4995  30.268330     4.2234     4.1974     0.0057    98.8568 1.0000e-12  -64.08152  -63.77193 327.594532      99.98 3.8783e+02   1086.608      26080  1029.5461  1029.5450    34.6921    34.6907    7.72372         33 0.0000e+00
    380.000    375.954     1.4996  30.270093     1.4998  30.268915     4.2191     4.1933    -0.0152    98.8626 1.0000e-12  -64.08152  -63.77194 327.594552      99.98 3.8605e+02   1088.307      26120  1029.5509  1029.5495    34.6923    34.6905    7.72370         43 0.0000e+00
    381.000    376.942     1.5004  30.271259     1.5005  30.270032     4.2140     4.1944    -0.0091    98.8695 1.0000e-12  -64.08152  -63.77194 327.594571      99.98 3.8507e+02   1089.917      26159  1029.5555  1029.5542    34.6923    34.6906    7.72355         34 0.0000e+00
    382.000    377.931     1.5014  30.272857     1.5012  30.271367     4.2150     4.1906     0.0076    98.8634 1.0000e-12  -64.08152  -63.77192 327.594586      99.98 3.8415e+02   1091.270      26191  1029.5603  1029.5591    34.6926    34.6910    7.72332         32 0.0000e+00
    383.000    378.919     1.5033  30.275334     1.5039  30.274771     4.2087     4.1867    -0.0075    98.8817 1.0000e-12  -64.08152  -63.77192 327.594602      99.98 3.8260e+02   1092.585      26223  1029.5652  1029.5641    34.6931    34.6917    7.72293         31 0.0000e+00
    384.000    379.910     1.5038  30.276455     1.5049  30.276364     4.2114     4.1910    -0.0037    98.8768 1.0000e-12  -64.08152  -63.77192 327.594616      99.98 3.8255e+02   1093.839      26253  1029.5701  1029.5690    34.6934    34.6921    7.72282         29 0.0000e+00
    385.000    380.896     1.5036  30.276600     1.5036  30.275526     4.2169     4.1898    -0.0039    98.8627 1.0000e-12  -64.08152  -63.77193 327.594630      99.98 3.8144e+02   1094.993      26281  1029.5747  1029.5736    34.6932    34.6918    7.72286         27 0.0000e+00
    386.000    381.884     1.5047  30.278142     1.5047  30.277117     4.2127     4.1880    -0.0076    98.8810 1.0000e-12  -64.08152  -63.77194 327.594643      99.99 3.8079e+02   1096.150      26309  1029.5795  1029.5784    34.6934    34.6921    7.72265         29 0.0000e+00
    387.000    382.874     1.5056  30.279707     1.5062  30.279207     4.2098     4.1854    -0.0077    98.8868 1.0000e-12  -64.08152  -63.77194 327.594659      99.98 3.7943e+02   1097.525      26342  1029.5844  1029.5833    34.6938    34.6925    7.72244         36 0.0000e+00
    388.000    383.862     1.5084  30.283428     1.5081  30.281541     4.1970     4.1843    -0.0075    98.8620 1.0000e-12  -64.08152  -63.77194 327.594679      99.98 3.7869e+02   1099.230      26383  1029.5897  1029.5881    34.6949    34.6929    7.72184         39 0.0000e+00
    389.000    384.850     1.5141  30.290113     1.5140  30.288801     4.1851     4.1806    -0.0061    98.8775 1.0000e-12  -64.08152  -63.77194 327.594696      99.98 3.7725e+02   1100.756      26419  1029.5951  1029.5938    34.6966    34.6950    7.72064         33 0.0000e+00
    390.000    385.839     1.5196  30.297077     1.5190  30.295283     4.1841     4.1798    -0.0070    98.8951 1.0000e-12  -64.08152  -63.77194 327.594712      99.98 3.7634e+02   1102.092      26451  1029.6009  1029.5997    34.6987    34.6971    7.71944         31 0.0000e+00
    391.000    386.826     1.5225  30.301192     1.5220  30.299571     4.1921     4.1770    -0.0077    98.9065 1.0000e-12  -64.08152  -63.77194 327.594726      99.98 3.7548e+02   1103.369      26482  1029.6065  1029.6054    34.7002    34.6987    7.71880         30 0.0000e+00
    392.000    387.815     1.5229  30.302352     1.5228  30.301040     4.1991     4.1766    -0.0161    98.9237 1.0000e-12  -64.08152  -63.77192 327.594741      99.98 3.7430e+02   1104.619      26512  1029.6115  1029.6104    34.7006    34.6991    7.71869         30 0.0000e+00
    393.000    388.804     1.5235  30.303370     1.5235  30.302244     4.2032     4.1795    -0.0110    98.8921 1.0000e-12  -64.08152  -63.77192 327.594757      99.98 3.7373e+02   1105.970      26544  1029.6162  1029.6151    34.7007    34.6992    7.71857         36 0.0000e+00
    394.000    389.792     1.5238  30.304258     1.5240  30.303390     4.1988     4.1733    -0.0058    98.9310 1.0000e-12  -64.08152  -63.77192 327.594775      99.98 3.7210e+02   1107.592      26583  1029.6211  1029.6201    34.7009    34.6996    7.71850         36 0.0000e+00
    395.000    390.780     1.5240  30.304937     1.5240  30.303886     4.1877     4.1753    -0.0099    98.9502 1.0000e-12  -64.08152  -63.77193 327.594793      99.98 3.7128e+02   1109.116      26620  1029.6259  1029.6248    34.7010    34.6996    7.71845         32 0.0000e+00
    396.000    391.769     1.5248  30.306640     1.5247  30.305471     4.1920     4.1792    -0.0152    98.9528 1.0000e-12  -64.08152  -63.77194 327.594807      99.98 3.7017e+02   1110.318      26649  1029.6312  1029.6300    34.7017    34.7003    7.71827         26 0.0000e+00
    397.000    392.756     1.5252  30.307634     1.5250  30.306350     4.2010     4.1782    -0.0126    98.9472 1.0000e-12  -64.08152  -63.77194 327.594818      99.98 3.6979e+02   1111.249      26671  1029.6361  1029.6349    34.7020    34.7005    7.71818         21 0.0000e+00
    398.000    393.746     1.5251  30.308006     1.5250  30.306819     4.1979     4.1787    -0.0075    98.9582 1.0000e-12  -64.08152  -63.77194 327.594829      99.99 3.6846e+02   1112.191      26694  1029.6407  1029.6396    34.7019    34.7006    7.71819         25 0.0000e+00
    399.000    394.735     1.5252  30.308484     1.5250  30.307278     4.1953     4.1775    -0.0069    98.9502 1.0000e-12  -64.08152  -63.77194 327.594841      99.98 3.6826e+02   1113.276      26720  1029.6454  1029.6444    34.7019    34.7006    7.71818         28 0.0000e+00
    400.000    395.723     1.5253  30.309069     1.5251  30.307877     4.1963     4.1784    -0.0065    98.9526 1.0000e-12  -64.08152  -63.77193 327.594856      99.98 3.6672e+02   1114.568      26751  1029.6501  1029.6490    34.7020    34.7006    7.71816         30 0.0000e+00
    401.000    396.710     1.5253  30.309669     1.5253  30.308432     4.1943     4.1777    -0.0125    98.9665 1.0000e-12  -64.08152  -63.77192 327.594874      99.98 3.6589e+02   1116.120      26788  1029.6549  1029.6537    34.7021    34.7006    7.71814         36 0.0000e+00
    402.000    397.699     1.5253  30.310228     1.5253  30.308990     4.1960     4.1754    -0.0146    98.9778 1.0000e-12  -64.08152  -63.77192 327.594891      99.98 3.6490e+02   1117.587      26823  1029.6597  1029.6585    34.7022    34.7007    7.71813         32 0.0000e+00
    403.000    398.688     1.5253  30.311052     1.5252  30.309846     4.1979     4.1794    -0.0131    98.7864 1.0000e-12  -64.08152  -63.77193 327.594905      99.98 3.6446e+02   1118.763      26851  1029.6648  1029.6637    34.7027    34.7014    7.71811         24 0.0000e+00
    404.000    399.674     1.5250  30.312172     1.5248  30.310894     4.2024     4.1817     0.0000    98.9423 1.0000e-12  -64.08152  -63.77194 327.594916      99.98 3.6314e+02   1119.717      26874  1029.6705  1029.6694    34.7040    34.7025    7.71811         23 0.0000e+00
    405.000    400.665     1.5248  30.312650     1.5247  30.311430     4.1988     4.1808    -0.0071    98.9654 1.0000e-12  -64.08152  -63.77194 327.594928      99.98 3.6309e+02   1120.743      26899  1029.6754  1029.6742    34.7041    34.7027    7.71813         27 0.0000e+00
    406.000    401.652     1.5247  30.313053     1.5247  30.311864     4.1909     4.1788    -0.0103    98.9717 1.0000e-12  -64.08152  -63.77194 327.594942      99.98 3.6143e+02   1121.972      26928  1029.6801  1029.6790    34.7042    34.7028    7.71815         33 0.0000e+00
    407.000    402.640     1.5249  30.313515     1.5248  30.312324     4.1922     4.1799    -0.0151    98.9566 1.0000e-12  -64.08152  -63.77192 327.594959      99.98 3.6063e+02   1123.430      26963  1029.6847  1029.6835    34.7041    34.7026    7.71813         35 0.0000e+00
    408.000    403.629     1.5249  30.314040     1.5248  30.312835     4.1967     4.1754    -0.0122    98.9456 1.0000e-12  -64.08152  -63.77192 327.594975      99.98 3.5963e+02   1124.846      26997  1029.6894  1029.6882    34.7041    34.7027    7.71812         31 0.0000e+00
    409.000    404.618     1.5249  30.314555     1.5249  30.313399     4.1959     4.1711    -0.0075    98.9451 1.0000e-12  -64.08152  -63.77192 327.594990      99.98 3.5920e+02   1126.123      27028  1029.6942  1029.6930    34.7042    34.7028    7.71811         29 0.0000e+00
