NBP2113_155081_ctd/data/nbp2113_057.ros
* Sea-Bird SBE 9 Data File:
* FileName = D:\Data\raw\NBP2113_057.hex
* Software Version Seasave V 7.26.7.121
* Temperature SN = 2438
* Conductivity SN = 2067
* Number of Bytes Per Scan = 40
* Number of Voltage Words = 5
* Number of Scans Averaged by the Deck Unit = 1
* NMEA Latitude = 64 55.49 S
* NMEA Longitude = 064 36.97 W
* NMEA UTC (Time) = Dec 12 2021  00:03:38
* NMEA baud rate = 9600
** Ship: RVIB N.B. Palmer
** Cruise: NBP2113 LTER
** Station: 594.048
** Operator: S. Blackman
# nquan = 20
# nvalues = 779                                   
# units = specified
# name 0 = prDM: Pressure, Digiquartz [db]
# name 1 = depSM: Depth [salt water, m]
# name 2 = t090C: Temperature [ITS-90, deg C]
# name 3 = c0mS/cm: Conductivity [mS/cm]
# name 4 = t190C: Temperature, 2 [ITS-90, deg C]
# name 5 = c1mS/cm: Conductivity, 2 [mS/cm]
# name 6 = sbeox0ML/L: Oxygen, SBE 43 [ml/l]
# name 7 = sbeox1ML/L: Oxygen, SBE 43, 2 [ml/l]
# name 8 = flECO-AFL: Fluorescence, WET Labs ECO-AFL/FL [mg/m^3]
# name 9 = CStarTr0: Beam Transmission, WET Labs C-Star [%]
# name 10 = par: PAR/Irradiance, Biospherical/Licor
# name 11 = latitude: Latitude [deg]
# name 12 = longitude: Longitude [deg]
# name 13 = timeJ: Julian Days
# name 14 = altM: Altimeter [m]
# name 15 = spar: SPAR, Biospherical/Licor
# name 16 = timeS: Time, Elapsed [seconds]
# name 17 = scan: Scan Count
# name 18 = nbf: Bottles Fired
# name 19 = flag:  0.000e+00
# interval = seconds: 0.0416667
# start_time = Dec 12 2021 00:03:38 [NMEA time, header]
# bad_flag = -9.990e-29
*END*
[from data line 73]
   1064.101   1050.984     1.4777  30.540353     1.4775  30.539129     4.0617     4.1036    -0.0004    90.4682 1.0000e-12  -64.92482  -64.61616 346.023098      10.35 4.9361e+01   1777.708      42666          2  0.000e+00
   1064.038   1050.922     1.4775  30.540353     1.4776  30.539070     4.0634     4.1083    -0.0004    90.4682 1.0000e-12  -64.92482  -64.61616 346.023099      10.35 4.9361e+01   1777.750      42667          2  0.000e+00
   1064.038   1050.922     1.4777  30.540353     1.4776  30.539128     4.0569     4.1019    -0.0004    90.4682 1.0000e-12  -64.92482  -64.61616 346.023099      10.38 4.9361e+01   1777.792      42668          2  0.000e+00
   1064.094   1050.977     1.4777  30.540591     1.4773  30.538547     4.0682     4.1006    -0.0004    90.4682 1.0000e-12  -64.92482  -64.61616 346.023100      10.45 4.9361e+01   1777.833      42669          2  0.000e+00
   1064.038   1050.922     1.4777  30.540353     1.4776  30.539128     4.0649     4.1002    -0.0004    90.4682 1.0000e-12  -64.92482  -64.61616 346.023100      10.50 4.9361e+01   1777.875      42670          2  0.000e+00
   1064.094   1050.977     1.4775  30.540591     1.4775  30.539070     4.0665     4.1060    -0.0004    90.4682 1.0000e-12  -64.92482  -64.61616 346.023101      10.50 4.9361e+01   1777.917      42671          2  0.000e+00
   1064.038   1050.922     1.4778  30.540591     1.4776  30.539419     4.0599     4.1067    -0.0004    90.4682 1.0000e-12  -64.92482  -64.61616 346.023101      10.50 4.9361e+01   1777.958      42672          2  0.000e+00
   1064.157   1051.039     1.4775  30.540592     1.4775  30.539129     4.0647     4.1076    -0.0004    90.4682 1.0000e-12  -64.92482  -64.61616 346.023102      10.50 4.9361e+01   1778.000      42673          2  0.000e+00
   1064.038   1050.922     1.4774  30.540353     1.4775  30.539070     4.0661     4.1083    -0.0004    90.4682 1.0000e-12  -64.92482  -64.61616 346.023102      10.50 4.9361e+01   1778.042      42674          2  0.000e+00
   1064.094   1050.977     1.4775  30.540591     1.4775  30.539129     4.0676     4.1091    -0.0004    90.4424 1.0000e-12  -64.92482  -64.61616 346.023103      10.50 4.9361e+01   1778.083      42675          2  0.000e+00
   1064.094   1050.977     1.4777  30.540294     1.4775  30.539419     4.0674     4.1088    -0.0004    90.4682 1.0000e-12  -64.92482  -64.61616 346.023103      10.48 4.9361e+01   1778.125      42676          2  0.000e+00
   1064.094   1050.977     1.4777  30.540591     1.4775  30.539129     4.0688     4.1085    -0.0004    90.4682 1.0000e-12  -64.92482  -64.61616 346.023104      10.48 4.9361e+01   1778.167      42677          2  0.000e+00
   1064.094   1050.977     1.4775  30.540591     1.4775  30.539070     4.0638     4.1021    -0.0004    90.4682 1.0000e-12  -64.92482  -64.61616 346.023104      10.50 4.9361e+01   1778.208      42678          2  0.000e+00
   1064.101   1050.984     1.4777  30.540294     1.4773  30.539129     4.0620     4.1017    -0.0004    90.4682 1.0000e-12  -64.92482  -64.61616 346.023105      10.48 4.9361e+01   1778.250      42679          2  0.000e+00
   1064.143   1051.025     1.4775  30.540353     1.4773  30.539129     4.0731     4.1015    -0.0077    90.4682 1.0000e-12  -64.92482  -64.61616 346.023105      10.48 4.9361e+01   1778.292      42680          2  0.000e+00
   1064.143   1051.025     1.4777  30.540353     1.4773  30.539361     4.0679     4.1012    -0.0077    90.4424 1.0000e-12  -64.92482  -64.61616 346.023106      10.45 4.9361e+01   1778.333      42681          2  0.000e+00
   1064.094   1050.977     1.4777  30.539996     1.4774  30.538547     4.0692     4.1010    -0.0004    90.4682 1.0000e-12  -64.92482  -64.61616 346.023106      10.45 4.9361e+01   1778.375      42682          2  0.000e+00
   1064.143   1051.025     1.4777  30.540592     1.4773  30.539420     4.0623     4.1068    -0.0077    90.4424 1.0000e-12  -64.92482  -64.61616 346.023107      10.45 4.9361e+01   1778.417      42683          2  0.000e+00
   1064.143   1051.025     1.4775  30.540592     1.4773  30.539129     4.0668     4.1017    -0.0004    90.4424 1.0000e-12  -64.92482  -64.61616 346.023107      10.45 4.9361e+01   1778.458      42684          2  0.000e+00
   1064.101   1050.984     1.4775  30.540591     1.4773  30.539070     4.0615     4.1076    -0.0004    90.4682 1.0000e-12  -64.92482  -64.61616 346.023108      10.45 4.9361e+01   1778.500      42685          2  0.000e+00
   1064.199   1051.080     1.4778  30.540294     1.4776  30.539129     4.0595     4.1085    -0.0004    90.4682 1.0000e-12  -64.92482  -64.61616 346.023108      10.45 4.9361e+01   1778.542      42686          2  0.000e+00
   1064.143   1051.025     1.4775  30.540592     1.4774  30.538547     4.0656     4.1083    -0.0004    90.4424 1.0000e-12  -64.92482  -64.61616 346.023109      10.45 4.9361e+01   1778.583      42687          2  0.000e+00
   1064.143   1051.025     1.4775  30.540592     1.4776  30.538780     4.0652     4.1081    -0.0004    90.4682 1.0000e-12  -64.92482  -64.61616 346.023109      10.45 4.9361e+01   1778.625      42688          2  0.000e+00
   1064.199   1051.080     1.4777  30.540294     1.4775  30.539129     4.0600     4.1029    -0.0004    90.4682 1.0000e-12  -64.92482  -64.61616 346.023110      10.45 4.9361e+01   1778.667      42689          2  0.000e+00
   1064.199   1051.080     1.4775  30.540592     1.4775  30.539129     4.0580     4.1088    -0.0077    90.4682 1.0000e-12  -64.92482  -64.61616 346.023110      10.45 4.9361e+01   1778.708      42690          2  0.000e+00
    308.320    305.071     1.2344  29.953545     1.2337  29.952194     4.3455     4.3914    -0.0150    90.7257 1.0000e-12  -64.92492  -64.61534 346.042456      99.98 2.1155e+01   3450.167      82805          3  0.000e+00
    308.423    305.173     1.2340  29.953546     1.2336  29.952194     4.3460     4.3864    -0.0150    90.7257 1.0000e-12  -64.92492  -64.61534 346.042456      99.98 2.1155e+01   3450.208      82806          3  0.000e+00
    308.347    305.098     1.2338  29.953545     1.2336  29.951905     4.3450     4.3859    -0.0150    90.7257 1.0000e-12  -64.92492  -64.61534 346.042457      99.95 2.1155e+01   3450.250      82807          3  0.000e+00
    308.368    305.119     1.2337  29.953250     1.2334  29.952425     4.3453     4.3908    -0.0150    90.7257 1.0000e-12  -64.92492  -64.61534 346.042457      99.93 2.1155e+01   3450.292      82808          3  0.000e+00
    308.450    305.201     1.2336  29.953250     1.2334  29.951617     4.3457     4.3914    -0.0150    90.7257 1.0000e-12  -64.92492  -64.61534 346.042458      99.95 2.1155e+01   3450.333      82809          3  0.000e+00
    308.368    305.119     1.2337  29.952718     1.2333  29.951617     4.3460     4.3918    -0.0150    90.7257 1.0000e-12  -64.92492  -64.61534 346.042458      99.98 2.1155e+01   3450.375      82810          3  0.000e+00
    308.395    305.146     1.2337  29.952895     1.2334  29.951328     4.3463     4.3923    -0.0150    90.7257 1.0000e-12  -64.92492  -64.61534 346.042459      99.98 2.1155e+01   3450.417      82811          3  0.000e+00
    308.368    305.119     1.2335  29.952718     1.2332  29.951386     4.3423     4.3875    -0.0150    90.7257 1.0000e-12  -64.92492  -64.61534 346.042459      99.98 2.1155e+01   3450.458      82812          3  0.000e+00
    308.368    305.119     1.2332  29.953014     1.2331  29.951617     4.3472     4.3927    -0.0150    90.7257 1.0000e-12  -64.92492  -64.61534 346.042459      99.98 2.1155e+01   3450.500      82813          3  0.000e+00
    308.395    305.146     1.2335  29.952718     1.2332  29.951097     4.3476     4.3934    -0.0150    90.7257 1.0000e-12  -64.92492  -64.61534 346.042460      99.98 2.1155e+01   3450.542      82814          3  0.000e+00
    308.368    305.119     1.2332  29.952423     1.2328  29.951617     4.3424     4.3941    -0.0150    90.7257 1.0000e-12  -64.92492  -64.61534 346.042460      99.95 2.1155e+01   3450.583      82815          3  0.000e+00
    308.395    305.146     1.2334  29.953014     1.2328  29.951039     4.3415     4.3895    -0.0150    90.7257 1.0000e-12  -64.92492  -64.61534 346.042461      99.98 2.1155e+01   3450.625      82816          3  0.000e+00
    308.368    305.119     1.2334  29.952423     1.2328  29.951386     4.3465     4.3894    -0.0150    90.7257 1.0000e-12  -64.92492  -64.61534 346.042461      99.98 2.1155e+01   3450.667      82817          3  0.000e+00
    308.368    305.119     1.2334  29.952718     1.2325  29.950808     4.3456     4.3948    -0.0150    90.7257 1.0000e-12  -64.92492  -64.61534 346.042462      99.98 2.1155e+01   3450.708      82818          3  0.000e+00
    308.347    305.098     1.2333  29.952718     1.2323  29.950808     4.3418     4.3957    -0.0150    90.7257 1.0000e-12  -64.92492  -64.61534 346.042462      99.95 2.1155e+01   3450.750      82819          3  0.000e+00
    308.423    305.173     1.2332  29.952600     1.2325  29.950520     4.3411     4.3967    -0.0150    90.7257 1.0000e-12  -64.92492  -64.61534 346.042463      99.93 2.1155e+01   3450.792      82820          3  0.000e+00
    308.395    305.146     1.2334  29.952718     1.2321  29.950000     4.3461     4.3969    -0.0150    90.7257 1.0000e-12  -64.92492  -64.61534 346.042463      99.95 2.1155e+01   3450.833      82821          3  0.000e+00
    308.368    305.119     1.2335  29.952718     1.2322  29.950520     4.3411     4.3969    -0.0150    90.7257 1.0000e-12  -64.92492  -64.61534 346.042464      99.98 2.1155e+01   3450.875      82822          3  0.000e+00
    308.395    305.146     1.2337  29.952718     1.2322  29.950520     4.3418     4.3970    -0.0224    90.7257 1.0000e-12  -64.92492  -64.61534 346.042464      99.98 2.1155e+01   3450.917      82823          3  0.000e+00
    308.368    305.119     1.2335  29.952718     1.2323  29.950231     4.3484     4.3971    -0.0224    90.7257 1.0000e-12  -64.92492  -64.61534 346.042465      99.98 2.1155e+01   3450.958      82824          3  0.000e+00
    308.423    305.173     1.2337  29.953014     1.2323  29.950520     4.3492     4.3972    -0.0224    90.7257 1.0000e-12  -64.92492  -64.61534 346.042465      99.98 2.1155e+01   3451.000      82825          3  0.000e+00
    308.347    305.099     1.2337  29.952718     1.2327  29.950520     4.3444     4.3928    -0.0224    90.7257 1.0000e-12  -64.92492  -64.61534 346.042466      99.98 2.1155e+01   3451.042      82826          3  0.000e+00
    308.423    305.173     1.2337  29.952718     1.2325  29.951039     4.3454     4.3922    -0.0224    90.7257 1.0000e-12  -64.92492  -64.61534 346.042466      99.95 2.1155e+01   3451.083      82827          3  0.000e+00
    308.347    305.099     1.2333  29.953014     1.2328  29.950808     4.3508     4.3977    -0.0224    90.7257 1.0000e-12  -64.92492  -64.61534 346.042467      99.95 2.1155e+01   3451.125      82828          3  0.000e+00
    308.423    305.173     1.2334  29.952718     1.2325  29.951097     4.3518     4.3926    -0.0224    90.7257 1.0000e-12  -64.92492  -64.61534 346.042467      99.98 2.1155e+01   3451.167      82829          3  0.000e+00
    308.368    305.119     1.2334  29.952895     1.2325  29.950808     4.3528     4.3929    -0.0224    90.7257 1.0000e-12  -64.92492  -64.61534 346.042468      99.98 2.1155e+01   3451.208      82830          3  0.000e+00
    308.450    305.201     1.2331  29.952423     1.2323  29.950520     4.3483     4.3979    -0.0224    90.7257 1.0000e-12  -64.92492  -64.61534 346.042468      99.95 2.1155e+01   3451.250      82831          3  0.000e+00
    308.368    305.119     1.2326  29.952186     1.2322  29.950808     4.3537     4.3982    -0.0224    90.7257 1.0000e-12  -64.92492  -64.61534 346.042469      99.93 2.1155e+01   3451.292      82832          3  0.000e+00
    308.395    305.146     1.2319  29.952186     1.2321  29.950520     4.3535     4.3932    -0.0224    90.7257 1.0000e-12  -64.92492  -64.61534 346.042469      99.95 2.1155e+01   3451.333      82833          3  0.000e+00
    308.423    305.173     1.2307  29.951300     1.2322  29.950520     4.3534     4.3981    -0.0224    90.7257 1.0000e-12  -64.92492  -64.61534 346.042470      99.98 2.1155e+01   3451.375      82834          3  0.000e+00
    308.395    305.146     1.2302  29.950236     1.2321  29.950231     4.3488     4.3985    -0.0224    90.7257 1.0000e-12  -64.92492  -64.61534 346.042470      99.98 2.1155e+01   3451.417      82835          3  0.000e+00
    308.423    305.173     1.2287  29.948818     1.2322  29.950520     4.3544     4.3989    -0.0224    90.7257 1.0000e-12  -64.92492  -64.61534 346.042471      99.98 2.1155e+01   3451.458      82836          3  0.000e+00
    308.423    305.173     1.2280  29.947695     1.2322  29.950231     4.3498     4.3993    -0.0224    90.7257 1.0000e-12  -64.92492  -64.61534 346.042471      99.98 2.1155e+01   3451.500      82837          3  0.000e+00
    308.395    305.146     1.2275  29.946573     1.2322  29.950520     4.3483     4.3942    -0.0224    90.7257 1.0000e-12  -64.92492  -64.61534 346.042472      99.98 2.1155e+01   3451.542      82838          3  0.000e+00
    308.423    305.173     1.2267  29.946336     1.2322  29.950000     4.3482     4.3992    -0.0224    90.7257 1.0000e-12  -64.92492  -64.61534 346.042472      99.95 2.1155e+01   3451.583      82839          3  0.000e+00
    308.395    305.146     1.2258  29.945095     1.2322  29.950520     4.3539     4.3942    -0.0224    90.7257 1.0000e-12  -64.92492  -64.61534 346.042473      99.95 2.1155e+01   3451.625      82840          3  0.000e+00
    308.471    305.221     1.2254  29.945214     1.2322  29.950809     4.3537     4.3939    -0.0224    90.7257 1.0000e-12  -64.92492  -64.61534 346.042473      99.98 2.1155e+01   3451.667      82841          3  0.000e+00
    308.423    305.173     1.2257  29.944918     1.2321  29.950231     4.3534     4.3989    -0.0224    90.7257 1.0000e-12  -64.92492  -64.61534 346.042473      99.98 2.1155e+01   3451.708      82842          3  0.000e+00
    308.396    305.146     1.2255  29.944623     1.2322  29.950231     4.3488     4.3994    -0.0224    90.7257 1.0000e-12  -64.92492  -64.61534 346.042474      99.95 2.1155e+01   3451.750      82843          3  0.000e+00
    308.471    305.221     1.2257  29.944623     1.2321  29.950231     4.3543     4.3999    -0.0224    90.7257 1.0000e-12  -64.92492  -64.61532 346.042474      99.93 2.1155e+01   3451.792      82844          3  0.000e+00
    308.396    305.146     1.2254  29.944386     1.2322  29.950231     4.3540     4.4003    -0.0224    90.7257 1.0000e-12  -64.92492  -64.61532 346.042475      99.98 2.1155e+01   3451.833      82845          3  0.000e+00
    308.471    305.221     1.2252  29.944387     1.2317  29.949943     4.3551     4.4009    -0.0224    90.7257 1.0000e-12  -64.92492  -64.61532 346.042475      99.98 2.1155e+01   3451.875      82846          3  0.000e+00
    308.451    305.201     1.2254  29.944386     1.2321  29.950000     4.3604     4.4014    -0.0224    90.7257 1.0000e-12  -64.92492  -64.61532 346.042476      99.98 2.1155e+01   3451.917      82847          3  0.000e+00
    308.423    305.174     1.2249  29.943795     1.2322  29.949712     4.3556     4.4018    -0.0224    90.7257 1.0000e-12  -64.92492  -64.61532 346.042476      99.98 2.1155e+01   3451.958      82848          3  0.000e+00
    308.423    305.174     1.2246  29.943796     1.2317  29.949943     4.3552     4.4023    -0.0150    90.7257 1.0000e-12  -64.92492  -64.61532 346.042477      99.98 2.1155e+01   3452.000      82849          3  0.000e+00
    308.451    305.201     1.2246  29.943264     1.2319  29.950000     4.3560     4.4028    -0.0150    90.7257 1.0000e-12  -64.92492  -64.61532 346.042477      99.98 2.1155e+01   3452.042      82850          3  0.000e+00
