NBP2113_155081_ctd/data/nbp2113_069.cnv
* Sea-Bird SBE 9 Data File:
* FileName = D:\Data\raw\NBP2113_069.hex
* Software Version Seasave V 7.26.7.121
* Temperature SN = 2438
* Conductivity SN = 2067
* Number of Bytes Per Scan = 40
* Number of Voltage Words = 5
* Number of Scans Averaged by the Deck Unit = 1
* NMEA Latitude = 63 45.12 S
* NMEA Longitude = 061 34.51 W
* NMEA UTC (Time) = Dec 15 2021  06:13:07
* NMEA baud rate = 9600
** Ship: RVIB N.B. Palmer
** Cruise: NBP2113 LTER
** Station: 788.019
** Operator: B. Urmston
# nquan = 25
# nvalues = 1172                        
# units = specified
# name 0 = prDM: Pressure, Digiquartz [db]
# name 1 = depSM: Depth [salt water, m]
# name 2 = t090C: Temperature [ITS-90, deg C]
# name 3 = c0mS/cm: Conductivity [mS/cm]
# name 4 = t190C: Temperature, 2 [ITS-90, deg C]
# name 5 = c1mS/cm: Conductivity, 2 [mS/cm]
# name 6 = sbeox0ML/L: Oxygen, SBE 43 [ml/l]
# name 7 = sbeox1ML/L: Oxygen, SBE 43, 2 [ml/l]
# name 8 = flECO-AFL: Fluorescence, WET Labs ECO-AFL/FL [mg/m^3]
# name 9 = CStarTr0: Beam Transmission, WET Labs C-Star [%]
# name 10 = par: PAR/Irradiance, Biospherical/Licor
# name 11 = latitude: Latitude [deg]
# name 12 = longitude: Longitude [deg]
# name 13 = timeJ: Julian Days
# name 14 = altM: Altimeter [m]
# name 15 = spar: SPAR, Biospherical/Licor
# name 16 = timeS: Time, Elapsed [seconds]
# name 17 = scan: Scan Count
# name 18 = density00: Density [density, kg/m^3]
# name 19 = density11: Density, 2 [density, kg/m^3]
# name 20 = sal00: Salinity, Practical [PSU]
# name 21 = sal11: Salinity, Practical, 2 [PSU]
# name 22 = oxsolML/L: Oxygen Saturation, Garcia & Gordon [ml/l]
# name 23 = nbin: number of scans per bin
# name 24 = flag: flag
# span 0 =      1.000,    588.000       
# span 1 =      0.990,    581.461       
# span 2 =    -0.6608,     0.3781       
# span 3 =  28.235935,  28.639358       
# span 4 =    -0.6609,     0.3724       
# span 5 =  28.234544,  28.633981       
# span 6 =     6.0279,    10.7637       
# span 7 =     6.0917,     7.6649       
# span 8 =    -0.0296,     1.8522       
# span 9 =    81.8410,    90.4641       
# span 10 = 1.0000e-12, 1.2745e+01      
# span 11 =  -63.75190,  -63.75118      
# span 12 =  -61.57550,  -61.57533      
# span 13 = 349.262050, 349.281187      
# span 14 =     -32.06,     101.62      
# span 15 = 1.7554e+00, 7.0578e+00      
# span 16 =    254.081,   1907.535      
# span 17 =       6099,      45782      
# span 18 =  1027.3182,  1030.5459      
# span 19 =  1027.3170,  1030.5445      
# span 20 =    34.0412,    34.5270      
# span 21 =    34.0394,    34.5254      
# span 22 =    7.98483,    8.18018      
# span 23 =          9,         45      
# span 24 = 0.0000e+00, 0.0000e+00      
# interval = decibars: 1                
# start_time = Dec 15 2021 06:13:07 [NMEA time, header]
# bad_flag = -9.990e-29
*END*
[from data line 1044]
    128.000    126.718    -0.2586  28.336408    -0.2590  28.335214     6.7060     6.7385     0.0986    89.4587 1.0000e-12  -63.75134  -61.57544 349.279442      99.97 3.5258e+00   1756.770      42163  1028.1500  1028.1491    34.2821    34.2810    8.10521         21 0.0000e+00
    127.000    125.728    -0.2461  28.343730    -0.2498  28.340121     6.7167     6.7521     0.0940    89.4609 1.0000e-12  -63.75134  -61.57544 349.279451      99.97 3.5258e+00   1757.539      42182  1028.1414  1028.1411    34.2785    34.2778    8.10277         17 0.0000e+00
    126.000    124.739    -0.2408  28.346552    -0.2423  28.344510     6.7171     6.7597     0.0935    89.4308 1.0000e-12  -63.75134  -61.57544 349.279459      99.97 3.5258e+00   1758.245      42199  1028.1349  1028.1342    34.2768    34.2758    8.10173         17 0.0000e+00
    125.000    123.749    -0.2389  28.346582    -0.2397  28.345045     6.7195     6.7645     0.1058    89.4033 1.0000e-12  -63.75134  -61.57544 349.279468      99.97 3.5258e+00   1758.989      42217  1028.1289  1028.1279    34.2753    34.2741    8.10140         19 0.0000e+00
    124.000    122.759    -0.2383  28.346170    -0.2396  28.344619     6.7208     6.7669     0.1239    89.3754 1.0000e-12  -63.75133  -61.57544 349.279477      99.97 3.5258e+00   1759.842      42237  1028.1236  1028.1233    34.2747    34.2741    8.10131         22 0.0000e+00
    123.000    121.769    -0.2349  28.347198    -0.2377  28.344521     6.7031     6.7644     0.1500    89.3700 1.0000e-12  -63.75132  -61.57544 349.279489      99.97 3.5258e+00   1760.830      42261  1028.1172  1028.1170    34.2729    34.2724    8.10070         26 0.0000e+00
    122.000    120.779    -0.2338  28.347084    -0.2342  28.345703     6.6941     6.7625     0.1603    89.3459 1.0000e-12  -63.75132  -61.57544 349.279502      99.97 3.5258e+00   1761.952      42288  1028.1118  1028.1107    34.2721    34.2707    8.10051         28 0.0000e+00
    121.000    119.789    -0.2408  28.343518    -0.2370  28.343859     6.7149     6.7546     0.1451    89.3211 1.0000e-12  -63.75132  -61.57544 349.279517      99.97 3.5258e+00   1763.307      42320  1028.1107  1028.1073    34.2758    34.2720    8.10178         35 0.0000e+00
    120.000    118.800    -0.2363  28.344440    -0.2413  28.341245     6.7343     6.7712     0.1534    89.3191 1.0000e-12  -63.75132  -61.57544 349.279537      99.97 3.5258e+00   1765.012      42361  1028.1030  1028.1044    34.2726    34.2739    8.10101         40 0.0000e+00
    119.000    117.809    -0.2316  28.345888    -0.2320  28.344231     6.7676     6.8009     0.1533    89.3324 1.0000e-12  -63.75132  -61.57544 349.279558      99.97 3.5258e+00   1766.809      42404  1028.0957  1028.0942    34.2699    34.2680    8.10017         34 0.0000e+00
    118.000    116.823    -0.2274  28.346984    -0.2268  28.345780     6.8104     6.8283     0.1535    89.3133 1.0000e-12  -63.75132  -61.57544 349.279572      99.97 3.5258e+00   1768.000      42433  1028.0885  1028.0867    34.2672    34.2649    8.09942         23 0.0000e+00
    117.000    115.831    -0.2192  28.348079    -0.2219  28.346014     6.8281     6.8424     0.1385    89.3298 1.0000e-12  -63.75132  -61.57544 349.279581      99.97 3.5258e+00   1768.828      42453  1028.0774  1028.0779    34.2600    34.2604    8.09808         18 0.0000e+00
    116.000    114.842    -0.2074  28.351808    -0.2106  28.349274     6.8219     6.8443     0.1233    89.2838 1.0000e-12  -63.75132  -61.57544 349.279590      99.97 3.5258e+00   1769.561      42470  1028.0656  1028.0659    34.2524    34.2526    8.09603         18 0.0000e+00
    115.000    113.850    -0.2018  28.352726    -0.2041  28.350808     6.8159     6.8456     0.1310    89.2585 1.0000e-12  -63.75132  -61.57544 349.279599      99.97 3.5258e+00   1770.355      42490  1028.0569  1028.0571    34.2479    34.2480    8.09509         21 0.0000e+00
    114.000    112.861    -0.2026  28.351983    -0.2119  28.347984     6.8247     6.8564     0.1545    89.2324 1.0000e-12  -63.75132  -61.57544 349.279611      99.97 3.5258e+00   1771.396      42514  1028.0527  1028.0575    34.2484    34.2536    8.09522         30 0.0000e+00
    113.000    111.871    -0.2062  28.350457    -0.2033  28.349880     6.8440     6.8775     0.1690    89.2484 1.0000e-12  -63.75132  -61.57544 349.279627      99.97 3.5258e+00   1772.816      42549  1028.0504  1028.0470    34.2510    34.2470    8.09584         34 0.0000e+00
    112.000    110.882    -0.1953  28.353515    -0.1974  28.351376     6.8552     6.8932     0.1801    89.2451 1.0000e-12  -63.75132  -61.57544 349.279643      99.97 3.5258e+00   1774.144      42580  1028.0388  1028.0386    34.2435    34.2430    8.09396         28 0.0000e+00
    111.000    109.893    -0.1840  28.357426    -0.1884  28.354458     6.8685     6.8928     0.1850    89.2385 1.0000e-12  -63.75132  -61.57544 349.279655      99.97 3.5258e+00   1775.224      42606  1028.0277  1028.0289    34.2366    34.2376    8.09195         25 0.0000e+00
    110.000    108.901    -0.1788  28.359178    -0.1830  28.356158     6.8827     6.8971     0.1784    89.2204 1.0000e-12  -63.75132  -61.57544 349.279668      99.97 3.5258e+00   1776.338      42633  1028.0204  1028.0212    34.2337    34.2344    8.09101         29 0.0000e+00
    109.000    107.914    -0.1844  28.356557    -0.1900  28.353305     6.9113     6.9122     0.2002    89.1948 1.0000e-12  -63.75132  -61.57544 349.279685      99.97 3.5258e+00   1777.779      42668  1028.0190  1028.0209    34.2371    34.2391    8.09201         39 0.0000e+00
    108.000    106.923    -0.1711  28.361422    -0.1818  28.355274     6.9455     6.9434     0.1977    89.1893 1.0000e-12  -63.75132  -61.57544 349.279703      99.97 3.5258e+00   1779.300      42704  1028.0069  1028.0108    34.2292    34.2331    8.08963         30 0.0000e+00
    107.000    105.933    -0.1631  28.365010    -0.1686  28.361075     6.9696     6.9680     0.1964    89.1976 1.0000e-12  -63.75132  -61.57544 349.279716      99.97 3.5258e+00   1780.440      42732  1027.9988  1027.9998    34.2257    34.2266    8.08814         23 0.0000e+00
    106.000    104.943    -0.1503  28.371283    -0.1637  28.363067     6.9782     6.9843     0.1746    89.1665 1.0000e-12  -63.75132  -61.57544 349.279726      99.97 3.5258e+00   1781.359      42754  1027.9888  1027.9930    34.2203    34.2244    8.08574         22 0.0000e+00
    105.000    103.953    -0.1425  28.373326    -0.1475  28.370102     6.9780     6.9958     0.1673    89.1037 1.0000e-12  -63.75132  -61.57544 349.279737      99.97 3.5258e+00   1782.250      42775  1027.9791  1027.9804    34.2148    34.2162    8.08439         22 0.0000e+00
    104.000    102.964    -0.1383  28.374493    -0.1409  28.372123     6.9727     7.0009     0.1864    89.0559 1.0000e-12  -63.75132  -61.57544 349.279748      99.97 3.5258e+00   1783.214      42798  1027.9722  1027.9720    34.2124    34.2120    8.08366         24 0.0000e+00
    103.000    101.974    -0.1341  28.376114    -0.1389  28.372562     6.9744     7.0001     0.2279    89.0354 1.0000e-12  -63.75130  -61.57544 349.279761      99.97 3.5258e+00   1784.310      42824  1027.9657  1027.9664    34.2104    34.2110    8.08287         28 0.0000e+00
    102.000    100.985    -0.1294  28.378324    -0.1393  28.372312     6.9758     6.9987     0.2423    89.0153 1.0000e-12  -63.75130  -61.57544 349.279775      99.97 3.5258e+00   1785.540      42854  1027.9593  1027.9625    34.2087    34.2118    8.08198         32 0.0000e+00
    101.000     99.994    -0.1221  28.382590    -0.1316  28.375613     6.9663     7.0132     0.2639    89.0078 1.0000e-12  -63.75130  -61.57545 349.279790      99.97 3.5258e+00   1786.874      42886  1027.9526  1027.9543    34.2067    34.2081    8.08053         32 0.0000e+00
    100.000     99.004    -0.1173  28.385325    -0.1236  28.380108     6.9539     7.0118     0.2664    88.9739 1.0000e-12  -63.75130  -61.57544 349.279806      99.97 3.5258e+00   1788.206      42918  1027.9468  1027.9471    34.2056    34.2057    8.07959         31 0.0000e+00
     99.000     98.016    -0.1163  28.385606    -0.1176  28.383666     6.9487     7.0082     0.2533    88.9913 1.0000e-12  -63.75132  -61.57546 349.279820      99.97 3.9679e+00   1789.441      42948  1027.9420  1027.9410    34.2055    34.2044    8.07939         28 0.0000e+00
     98.000     97.025    -0.1077  28.390924    -0.1151  28.384856     6.9193     6.9918     0.2324    88.9537 1.0000e-12  -63.75132  -61.57545 349.279833      99.97 4.8743e+00   1790.552      42974  1027.9351  1027.9357    34.2035    34.2038    8.07768         25 0.0000e+00
     97.000     96.036    -0.0979  28.397626    -0.1038  28.392487     6.9139     6.9858     0.2203    88.9253 1.0000e-12  -63.75131  -61.57545 349.279845      99.97 5.2879e+00   1791.582      42999  1027.9284  1027.9287    34.2020    34.2019    8.07568         25 0.0000e+00
     96.000     95.045    -0.0709  28.416518    -0.0876  28.403354     6.9517     6.9993     0.2352    88.9408 1.0000e-12  -63.75130  -61.57545 349.279857      99.97 5.2886e+00   1792.631      43024  1027.9180  1027.9202    34.1975    34.1988    8.07024         26 0.0000e+00
     95.000     94.055    -0.0425  28.433464    -0.0674  28.417228     7.0456     7.0390     0.2565    88.9002 1.0000e-12  -63.75130  -61.57546 349.279870      99.97 5.2886e+00   1793.789      43052  1027.9044  1027.9111    34.1889    34.1952    8.06475         29 0.0000e+00
     94.000     93.066    -0.0289  28.438146    -0.0483  28.426461     7.1507     7.1033     0.2821    88.7398 1.0000e-12  -63.75130  -61.57546 349.279885      99.97 5.2886e+00   1795.062      43082  1027.8921  1027.8983    34.1805    34.1867    8.06236         32 0.0000e+00
     93.000     92.076    -0.0265  28.433480    -0.0289  28.431828     7.2363     7.1681     0.3042    88.6125 1.0000e-12  -63.75130  -61.57546 349.279900      99.97 5.2886e+00   1796.402      43115  1027.8808  1027.8811    34.1722    34.1727    8.06232         31 0.0000e+00
     92.000     91.083    -0.0016  28.442895    -0.0166  28.435291     7.2653     7.2186     0.3276    88.5370 1.0000e-12  -63.75130  -61.57546 349.279914      99.97 5.2886e+00   1797.542      43142  1027.8624  1027.8688    34.1574    34.1642    8.05790         22 0.0000e+00
     91.000     90.097     0.0243  28.458419     0.0025  28.445022     7.2489     7.2280     0.3180    88.3771 1.0000e-12  -63.75130  -61.57546 349.279924      99.97 5.2886e+00   1798.468      43164  1027.8496  1027.8564    34.1497    34.1563    8.05289         21 0.0000e+00
     90.000     89.106     0.0313  28.461996     0.0259  28.457741     7.2089     7.2334     0.3329    87.9610 1.0000e-12  -63.75130  -61.57546 349.279934      99.97 5.2886e+00   1799.323      43185  1027.8426  1027.8430    34.1472    34.1476    8.05155         21 0.0000e+00
     89.000     88.117     0.0441  28.469053     0.0373  28.463974     7.1453     7.2083     0.4118    87.6692 1.0000e-12  -63.75130  -61.57546 349.279945      99.97 5.2886e+00   1800.243      43207  1027.8335  1027.8346    34.1429    34.1438    8.04911         23 0.0000e+00
     88.000     87.126     0.0191  28.457012     0.0313  28.462198     7.1219     7.1775     0.5424    87.4456 1.0000e-12  -63.75130  -61.57546 349.279958      99.97 5.2886e+00   1801.383      43234  1027.8414  1027.8346    34.1555    34.1487    8.05367         33 0.0000e+00
     87.000     86.136     0.0106  28.449920     0.0082  28.448153     7.1858     7.2102     0.5885    87.3389 1.0000e-12  -63.75130  -61.57546 349.279977      99.96 5.2886e+00   1803.015      43273  1027.8381  1027.8384    34.1561    34.1566    8.05540         41 0.0000e+00
     86.000     85.147     0.0283  28.458250     0.0119  28.448430     7.3075     7.2933     0.6202    87.2887 1.0000e-12  -63.75130  -61.57546 349.279997      99.97 5.2886e+00   1804.748      43315  1027.8256  1027.8310    34.1480    34.1533    8.05214         34 0.0000e+00
     85.000     84.159     0.0652  28.478140     0.0533  28.469788     7.3726     7.3482     0.6114    87.2683 1.0000e-12  -63.75129  -61.57546 349.280011      99.97 5.2886e+00   1805.921      43343  1027.8065  1027.8091    34.1338    34.1360    8.04520         24 0.0000e+00
     84.000     83.166     0.0826  28.486369     0.0833  28.485282     7.3770     7.3648     0.5697    87.1704 1.0000e-12  -63.75128  -61.57546 349.280021      99.97 5.2886e+00   1806.818      43365  1027.7944  1027.7923    34.1259    34.1237    8.04199         20 0.0000e+00
     83.000     82.178     0.1067  28.500176     0.1020  28.496272     7.3652     7.3662     0.5492    86.8756 1.0000e-12  -63.75128  -61.57546 349.280030      99.97 5.2886e+00   1807.640      43384  1027.7813  1027.7816    34.1179    34.1180    8.03738         20 0.0000e+00
     82.000     81.188     0.1144  28.504590     0.1107  28.500996     7.3608     7.3616     0.6429    86.5902 1.0000e-12  -63.75128  -61.57546 349.280041      99.97 5.2886e+00   1808.508      43405  1027.7745  1027.7742    34.1158    34.1152    8.03589         22 0.0000e+00
     81.000     80.198     0.1190  28.507193     0.1113  28.501753     7.3253     7.3487     0.7485    86.4069 1.0000e-12  -63.75128  -61.57546 349.280053      99.97 5.2886e+00   1809.547      43430  1027.7689  1027.7705    34.1147    34.1161    8.03499         29 0.0000e+00
     80.000     79.207     0.1011  28.495870     0.0894  28.487138     7.3290     7.3745     0.8030    86.1878 1.0000e-12  -63.75128  -61.57546 349.280068      99.97 5.2886e+00   1810.917      43463  1027.7705  1027.7725    34.1203    34.1218    8.03843         35 0.0000e+00
     79.000     78.217     0.1254  28.509309     0.1116  28.499486     7.3592     7.3891     0.8473    86.2038 1.0000e-12  -63.75128  -61.57546 349.280084      99.96 5.2886e+00   1812.278      43496  1027.7569  1027.7598    34.1115    34.1140    8.03382         29 0.0000e+00
     78.000     77.228     0.1371  28.516259     0.1276  28.509056     7.3720     7.3912     0.9105    86.1989 1.0000e-12  -63.75128  -61.57546 349.280097      99.96 5.2886e+00   1813.373      43522  1027.7489  1027.7504    34.1084    34.1094    8.03157         25 0.0000e+00
     77.000     76.238     0.1670  28.533124     0.1545  28.524498     7.3802     7.3974     0.8254    86.1138 1.0000e-12  -63.75128  -61.57546 349.280109      99.97 5.2886e+00   1814.455      43548  1027.7336  1027.7364    34.0980    34.1005    8.02590         28 0.0000e+00
     76.000     75.248     0.1927  28.551470     0.1923  28.549399     7.3956     7.4258     0.8741    85.6293 1.0000e-12  -63.75128  -61.57546 349.280124      99.97 5.2886e+00   1815.740      43579  1027.7239  1027.7221    34.0941    34.0918    8.02074         33 0.0000e+00
     75.000     74.259     0.2486  28.581596     0.2202  28.564775     7.4130     7.4370     1.0640    85.1786 1.0000e-12  -63.75128  -61.57546 349.280139      99.97 5.2886e+00   1817.044      43610  1027.6979  1027.7074    34.0723    34.0817    8.01030         28 0.0000e+00
     74.000     73.268     0.2801  28.603999     0.2490  28.583295     7.4172     7.4295     1.0928    85.1287 1.0000e-12  -63.75128  -61.57546 349.280152      99.97 5.2886e+00   1818.097      43635  1027.6868  1027.6949    34.0674    34.0747    8.00401         24 0.0000e+00
     73.000     72.278     0.2922  28.611460     0.2853  28.605262     7.4284     7.4411     1.0560    84.7350 1.0000e-12  -63.75128  -61.57546 349.280163      99.97 5.2886e+00   1819.074      43659  1027.6791  1027.6790    34.0645    34.0640    8.00167         24 0.0000e+00
     72.000     71.288     0.3151  28.625145     0.2947  28.612711     7.4205     7.4478     1.2640    84.0874 1.0000e-12  -63.75128  -61.57546 349.280176      99.96 5.2886e+00   1820.246      43687  1027.6677  1027.6741    34.0577    34.0640    7.99729         33 0.0000e+00
