NBP2113_155081_ctd/data/nbp2113_045.ros
* Sea-Bird SBE 9 Data File:
* FileName = D:\Data\raw\NBP2113_045.hex
* Software Version Seasave V 7.26.7.121
* Temperature SN = 2438
* Conductivity SN = 2067
* Number of Bytes Per Scan = 40
* Number of Voltage Words = 5
* Number of Scans Averaged by the Deck Unit = 1
* NMEA Latitude = 64 53.15 S
* NMEA Longitude = 063 45.53 W
* NMEA UTC (Time) = Dec 11 2021  03:56:53
* NMEA baud rate = 9600
** Ship: RVIB N.B. Palmer
** Cruise: NBP2113 LTER
** Station: 624.021
** Operator: B. Urmston
# nquan = 20
# nvalues = 1133                                  
# units = specified
# name 0 = prDM: Pressure, Digiquartz [db]
# name 1 = depSM: Depth [salt water, m]
# name 2 = t090C: Temperature [ITS-90, deg C]
# name 3 = c0mS/cm: Conductivity [mS/cm]
# name 4 = t190C: Temperature, 2 [ITS-90, deg C]
# name 5 = c1mS/cm: Conductivity, 2 [mS/cm]
# name 6 = sbeox0ML/L: Oxygen, SBE 43 [ml/l]
# name 7 = sbeox1ML/L: Oxygen, SBE 43, 2 [ml/l]
# name 8 = flECO-AFL: Fluorescence, WET Labs ECO-AFL/FL [mg/m^3]
# name 9 = CStarTr0: Beam Transmission, WET Labs C-Star [%]
# name 10 = par: PAR/Irradiance, Biospherical/Licor
# name 11 = latitude: Latitude [deg]
# name 12 = longitude: Longitude [deg]
# name 13 = timeJ: Julian Days
# name 14 = altM: Altimeter [m]
# name 15 = spar: SPAR, Biospherical/Licor
# name 16 = timeS: Time, Elapsed [seconds]
# name 17 = scan: Scan Count
# name 18 = nbf: Bottles Fired
# name 19 = flag:  0.000e+00
# interval = seconds: 0.0416667
# start_time = Dec 11 2021 03:56:53 [NMEA time, header]
# bad_flag = -9.990e-29
*END*
    616.940    609.988     1.2212  30.075091     1.2253  30.077658     4.3934     4.4482     0.0069    91.5239 1.0000e-12  -64.88606  -63.75908 345.179950       8.52 0.0000e+00   1334.667      32033          1  0.000e+00
    617.002    610.050     1.2211  30.075210     1.2249  30.077658     4.3930     4.4435     0.0143    91.5239 1.0000e-12  -64.88606  -63.75908 345.179950       8.55 0.0000e+00   1334.708      32034          1  0.000e+00
    617.002    610.050     1.2215  30.075210     1.2251  30.077427     4.3940     4.4435     0.0069    91.5239 1.0000e-12  -64.88606  -63.75908 345.179951       8.55 0.0000e+00   1334.750      32035          1  0.000e+00
    616.954    610.002     1.2218  30.075624     1.2249  30.077658     4.3949     4.4434     0.0143    91.5239 1.0000e-12  -64.88606  -63.75910 345.179951       8.55 0.0000e+00   1334.792      32036          1  0.000e+00
    616.995    610.043     1.2221  30.075506     1.2252  30.077426     4.3944     4.4434     0.0143    91.5754 1.0000e-12  -64.88606  -63.75910 345.179952       8.55 0.0000e+00   1334.833      32037          1  0.000e+00
    616.898    609.947     1.2221  30.075624     1.2251  30.077947     4.3938     4.4433     0.0143    91.5754 1.0000e-12  -64.88606  -63.75910 345.179952       8.55 0.0000e+00   1334.875      32038          1  0.000e+00
    617.002    610.050     1.2222  30.075506     1.2252  30.077947     4.3888     4.4433     0.0143    91.5754 1.0000e-12  -64.88606  -63.75910 345.179953       8.55 0.0000e+00   1334.917      32039          1  0.000e+00
    616.954    610.002     1.2219  30.076216     1.2251  30.077947     4.3868     4.4432     0.0143    91.5754 1.0000e-12  -64.88606  -63.75910 345.179953       8.55 0.0000e+00   1334.958      32040          1  0.000e+00
    616.995    610.043     1.2221  30.075210     1.2252  30.077947     4.3909     4.4432     0.0143    91.5754 1.0000e-12  -64.88606  -63.75910 345.179954       8.52 0.0000e+00   1335.000      32041          1  0.000e+00
    616.954    610.002     1.2222  30.075624     1.2251  30.077426     4.3902     4.4432     0.0143    91.5754 1.0000e-12  -64.88606  -63.75910 345.179954       8.55 0.0000e+00   1335.042      32042          1  0.000e+00
    616.954    610.002     1.2222  30.075742     1.2250  30.077658     4.3910     4.4431     0.0143    91.5754 1.0000e-12  -64.88606  -63.75910 345.179955       8.72 0.0000e+00   1335.083      32043          1  0.000e+00
    616.954    610.002     1.2225  30.076038     1.2249  30.077658     4.3918     4.4431     0.0143    91.5754 1.0000e-12  -64.88606  -63.75910 345.179955       8.79 0.0000e+00   1335.125      32044          1  0.000e+00
    616.940    609.988     1.2224  30.075920     1.2238  30.077426     4.3972     4.4432     0.0143    91.5497 1.0000e-12  -64.88606  -63.75910 345.179956       8.82 0.0000e+00   1335.167      32045          1  0.000e+00
    616.954    610.002     1.2224  30.076038     1.2243  30.077137     4.3918     4.4431     0.0069    91.5754 1.0000e-12  -64.88606  -63.75910 345.179956       8.82 0.0000e+00   1335.208      32046          1  0.000e+00
    616.954    610.002     1.2222  30.076216     1.2245  30.076848     4.3925     4.4487     0.0143    91.5754 1.0000e-12  -64.88606  -63.75910 345.179957       8.79 0.0000e+00   1335.250      32047          1  0.000e+00
    616.898    609.947     1.2225  30.076334     1.2243  30.077137     4.3871     4.4495     0.0069    91.5754 1.0000e-12  -64.88606  -63.75910 345.179957       8.79 0.0000e+00   1335.292      32048          1  0.000e+00
    616.940    609.988     1.2225  30.075920     1.2237  30.076848     4.3909     4.4448     0.0143    91.5754 1.0000e-12  -64.88606  -63.75910 345.179958       8.79 0.0000e+00   1335.333      32049          1  0.000e+00
    616.954    610.002     1.2225  30.076334     1.2235  30.076848     4.3916     4.4503     0.0069    91.5754 1.0000e-12  -64.88606  -63.75910 345.179958       8.79 0.0000e+00   1335.375      32050          1  0.000e+00
    616.954    610.002     1.2225  30.076512     1.2234  30.076039     4.3922     4.4455     0.0069    91.5754 1.0000e-12  -64.88606  -63.75910 345.179959       8.82 0.0000e+00   1335.417      32051          1  0.000e+00
    616.898    609.947     1.2224  30.076334     1.2232  30.076039     4.3914     4.4453     0.0143    91.5754 1.0000e-12  -64.88606  -63.75910 345.179959       8.79 0.0000e+00   1335.458      32052          1  0.000e+00
    616.940    609.988     1.2225  30.076334     1.2227  30.076039     4.3905     4.4509     0.0069    91.5754 1.0000e-12  -64.88606  -63.75910 345.179959       8.79 0.0000e+00   1335.500      32053          1  0.000e+00
    616.898    609.947     1.2227  30.076512     1.2222  30.075750     4.3910     4.4460     0.0143    91.5754 1.0000e-12  -64.88606  -63.75910 345.179960       8.79 0.0000e+00   1335.542      32054          1  0.000e+00
    616.898    609.947     1.2227  30.076334     1.2221  30.075171     4.3855     4.4459     0.0143    91.5754 1.0000e-12  -64.88606  -63.75910 345.179960       8.60 0.0000e+00   1335.583      32055          1  0.000e+00
    616.898    609.947     1.2225  30.076512     1.2222  30.075171     4.3892     4.4457     0.0143    91.5754 1.0000e-12  -64.88606  -63.75910 345.179961       8.50 0.0000e+00   1335.625      32056          1  0.000e+00
    616.940    609.988     1.2227  30.076038     1.2227  30.075460     4.3883     4.4454     0.0143    91.5497 1.0000e-12  -64.88606  -63.75910 345.179961       8.50 0.0000e+00   1335.667      32057          1  0.000e+00
    616.898    609.947     1.2227  30.076748     1.2236  30.075171     4.3827     4.4451     0.0143    91.5497 1.0000e-12  -64.88606  -63.75910 345.179962       8.50 0.0000e+00   1335.708      32058          1  0.000e+00
    616.898    609.947     1.2225  30.076334     1.2243  30.075749     4.3879     4.4449     0.0143    91.5497 1.0000e-12  -64.88606  -63.75910 345.179962       8.50 0.0000e+00   1335.750      32059          1  0.000e+00
    616.850    609.900     1.2225  30.076630     1.2241  30.076038     4.3884     4.4446     0.0143    91.5497 1.0000e-12  -64.88606  -63.75908 345.179963       8.50 0.0000e+00   1335.792      32060          1  0.000e+00
    616.940    609.989     1.2225  30.076216     1.2242  30.076270     4.3890     4.4445     0.0143    91.5497 1.0000e-12  -64.88606  -63.75908 345.179963       8.50 0.0000e+00   1335.833      32061          1  0.000e+00
    616.850    609.900     1.2224  30.076334     1.2244  30.076848     4.3895     4.4442     0.0143    91.5497 1.0000e-12  -64.88606  -63.75908 345.179964       8.50 0.0000e+00   1335.875      32062          1  0.000e+00
    616.898    609.948     1.2222  30.075920     1.2245  30.076559     4.3826     4.4440     0.0143    91.5497 1.0000e-12  -64.88606  -63.75908 345.179964       8.50 0.0000e+00   1335.917      32063          1  0.000e+00
    616.898    609.948     1.2221  30.076038     1.2246  30.076848     4.3877     4.4438     0.0143    91.5497 1.0000e-12  -64.88606  -63.75908 345.179965       8.50 0.0000e+00   1335.958      32064          1  0.000e+00
    616.836    609.886     1.2221  30.075920     1.2248  30.076270     4.3867     4.4436     0.0069    91.5754 1.0000e-12  -64.88606  -63.75908 345.179965       8.50 0.0000e+00   1336.000      32065          1  0.000e+00
    616.898    609.948     1.2221  30.076334     1.2246  30.076848     4.3872     4.4435     0.0069    91.5497 1.0000e-12  -64.88606  -63.75908 345.179966       8.55 0.0000e+00   1336.042      32066          1  0.000e+00
    616.850    609.900     1.2222  30.075920     1.2245  30.076270     4.3816     4.4433     0.0069    91.5497 1.0000e-12  -64.88606  -63.75908 345.179966       8.67 0.0000e+00   1336.083      32067          1  0.000e+00
    616.836    609.886     1.2222  30.076038     1.2243  30.076848     4.3867     4.4431     0.0143    91.5497 1.0000e-12  -64.88606  -63.75908 345.179967       8.69 0.0000e+00   1336.125      32068          1  0.000e+00
    616.954    610.002     1.2224  30.076630     1.2243  30.076559     4.3873     4.4430     0.0143    91.5497 1.0000e-12  -64.88606  -63.75908 345.179967       8.69 0.0000e+00   1336.167      32069          1  0.000e+00
    616.795    609.845     1.2224  30.075919     1.2240  30.075749     4.3878     4.4427     0.0069    91.5497 1.0000e-12  -64.88606  -63.75908 345.179968       8.69 0.0000e+00   1336.208      32070          1  0.000e+00
    616.899    609.948     1.2224  30.076630     1.2238  30.076038     4.3823     4.4426     0.0069    91.5497 1.0000e-12  -64.88606  -63.75908 345.179968       8.69 0.0000e+00   1336.250      32071          1  0.000e+00
    616.836    609.886     1.2224  30.076216     1.2238  30.076038     4.3875     4.4424     0.0143    91.5497 1.0000e-12  -64.88606  -63.75908 345.179969       8.69 0.0000e+00   1336.292      32072          1  0.000e+00
    616.850    609.900     1.2228  30.075742     1.2238  30.076038     4.3881     4.4422     0.0143    91.5497 1.0000e-12  -64.88606  -63.75908 345.179969       8.69 0.0000e+00   1336.333      32073          1  0.000e+00
    616.850    609.900     1.2225  30.075920     1.2240  30.076038     4.3887     4.4410     0.0069    91.5497 1.0000e-12  -64.88606  -63.75908 345.179970       8.69 0.0000e+00   1336.375      32074          1  0.000e+00
    616.850    609.900     1.2225  30.076038     1.2239  30.076270     4.3833     4.4408     0.0143    91.5497 1.0000e-12  -64.88606  -63.75908 345.179970       8.69 0.0000e+00   1336.417      32075          1  0.000e+00
    616.836    609.886     1.2221  30.075920     1.2239  30.076038     4.3871     4.4406     0.0143    91.5497 1.0000e-12  -64.88606  -63.75908 345.179971       8.69 0.0000e+00   1336.458      32076          1  0.000e+00
    616.850    609.900     1.2221  30.076038     1.2237  30.076270     4.3862     4.4413     0.0143    91.5497 1.0000e-12  -64.88606  -63.75908 345.179971       8.69 0.0000e+00   1336.500      32077          1  0.000e+00
    616.850    609.900     1.2222  30.075742     1.2238  30.076038     4.3807     4.4411    -0.0077    91.5497 1.0000e-12  -64.88606  -63.75908 345.179972       8.69 0.0000e+00   1336.542      32078          1  0.000e+00
    616.795    609.845     1.2219  30.075624     1.2237  30.075460     4.3799     4.4409    -0.0150    91.5497 1.0000e-12  -64.88606  -63.75908 345.179972       8.74 0.0000e+00   1336.583      32079          1  0.000e+00
    616.892    609.941     1.2222  30.075742     1.2235  30.076038     4.3851     4.4408    -0.0150    91.5497 1.0000e-12  -64.88606  -63.75908 345.179973       8.74 0.0000e+00   1336.625      32080          1  0.000e+00
    616.795    609.845     1.2221  30.075387     1.2234  30.075749     4.3843     4.4406    -0.0150    91.5497 1.0000e-12  -64.88606  -63.75908 345.179973       8.74 0.0000e+00   1336.667      32081          1  0.000e+00
    616.940    609.989     1.2240  30.077163     1.2208  30.072685     4.3880     4.4427     0.0143    91.6012 1.0000e-12  -64.88606  -63.75908 345.179995       8.47 0.0000e+00   1338.583      32127          2  0.000e+00
    616.850    609.900     1.2236  30.077577     1.2204  30.072974     4.3874     4.4426     0.0069    91.6012 1.0000e-12  -64.88606  -63.75908 345.179996       8.50 0.0000e+00   1338.625      32128          2  0.000e+00
    616.899    609.948     1.2238  30.077459     1.2208  30.072974     4.3823     4.4426     0.0143    91.5754 1.0000e-12  -64.88606  -63.75908 345.179996       8.50 0.0000e+00   1338.667      32129          2  0.000e+00
    616.899    609.948     1.2239  30.077755     1.2208  30.072974     4.3818     4.4425     0.0069    91.5754 1.0000e-12  -64.88606  -63.75908 345.179997       8.50 0.0000e+00   1338.708      32130          2  0.000e+00
    616.892    609.941     1.2239  30.077577     1.2205  30.073494     4.3874     4.4425    -0.0004    91.6012 1.0000e-12  -64.88606  -63.75908 345.179997       8.50 0.0000e+00   1338.750      32131          2  0.000e+00
    616.899    609.948     1.2238  30.077991     1.2208  30.073494     4.3869     4.4424    -0.0004    91.6012 1.0000e-12  -64.88606  -63.75908 345.179998       8.50 0.0000e+00   1338.792      32132          2  0.000e+00
    616.899    609.948     1.2239  30.077577     1.2205  30.073263     4.3819     4.4424    -0.0004    91.6012 1.0000e-12  -64.88606  -63.75908 345.179998       8.50 0.0000e+00   1338.833      32133          2  0.000e+00
    616.899    609.948     1.2238  30.077755     1.2208  30.072974     4.3815     4.4424     0.0069    91.5754 1.0000e-12  -64.88606  -63.75908 345.179999       8.50 0.0000e+00   1338.875      32134          2  0.000e+00
    616.996    610.044     1.2243  30.077873     1.2205  30.073263     4.3871     4.4424    -0.0004    91.5754 1.0000e-12  -64.88606  -63.75908 345.179999       8.50 0.0000e+00   1338.917      32135          2  0.000e+00
    616.899    609.948     1.2241  30.077991     1.2204  30.072974     4.3807     4.4423    -0.0004    91.5754 1.0000e-12  -64.88606  -63.75908 345.180000       8.50 0.0000e+00   1338.958      32136          2  0.000e+00
    616.899    609.948     1.2241  30.077873     1.2203  30.073263     4.3803     4.4423    -0.0004    91.5754 1.0000e-12  -64.88606  -63.75908 345.180000       8.50 0.0000e+00   1339.000      32137          2  0.000e+00
    616.954    610.003     1.2243  30.077459     1.2204  30.072974     4.3800     4.4423    -0.0004    91.5239 1.0000e-12  -64.88606  -63.75908 345.180000       8.50 0.0000e+00   1339.042      32138          2  0.000e+00
    616.941    609.989     1.2241  30.077459     1.2201  30.072685     4.3843     4.4423    -0.0004    91.4982 1.0000e-12  -64.88606  -63.75908 345.180001       8.42 0.0000e+00   1339.083      32139          2  0.000e+00
    617.003    610.051     1.2238  30.077577     1.2201  30.072974     4.3780     4.4432    -0.0004    91.4982 1.0000e-12  -64.88606  -63.75908 345.180001       8.40 0.0000e+00   1339.125      32140          2  0.000e+00
    616.899    609.948     1.2239  30.077991     1.2199  30.072685     4.3776     4.4432    -0.0004    91.4982 1.0000e-12  -64.88606  -63.75908 345.180002       8.40 0.0000e+00   1339.167      32141          2  0.000e+00
    617.003    610.051     1.2243  30.077873     1.2202  30.072974     4.3774     4.4432    -0.0004    91.4982 1.0000e-12  -64.88606  -63.75908 345.180002       8.40 0.0000e+00   1339.208      32142          2  0.000e+00
    616.941    609.989     1.2241  30.077991     1.2201  30.072627     4.3832     4.4432    -0.0004    91.4982 1.0000e-12  -64.88606  -63.75908 345.180003       8.40 0.0000e+00   1339.250      32143          2  0.000e+00
    616.955    610.003     1.2241  30.078169     1.2201  30.072685     4.3830     4.4432    -0.0004    91.4982 1.0000e-12  -64.88606  -63.75908 345.180003       8.40 0.0000e+00   1339.292      32144          2  0.000e+00
    617.058    610.105     1.2241  30.077992     1.2202  30.072396     4.3783     4.4433    -0.0004    91.4982 1.0000e-12  -64.88606  -63.75908 345.180004       8.40 0.0000e+00   1339.333      32145          2  0.000e+00
    616.955    610.003     1.2241  30.077873     1.2203  30.072685     4.3780     4.4432    -0.0004    91.4982 1.0000e-12  -64.88606  -63.75908 345.180004       8.40 0.0000e+00   1339.375      32146          2  0.000e+00
    616.996    610.044     1.2239  30.077755     1.2207  30.072685     4.3840     4.4432    -0.0004    91.4982 1.0000e-12  -64.88606  -63.75908 345.180005       8.40 0.0000e+00   1339.417      32147          2  0.000e+00
    617.003    610.051     1.2236  30.077577     1.2207  30.072974     4.3778     4.4432    -0.0004    91.4982 1.0000e-12  -64.88606  -63.75908 345.180005       8.42 0.0000e+00   1339.458      32148          2  0.000e+00
    617.003    610.051     1.2232  30.077459     1.2206  30.072685     4.3777     4.4432    -0.0004    91.4982 1.0000e-12  -64.88606  -63.75908 345.180006       8.40 0.0000e+00   1339.500      32149          2  0.000e+00
