NBP2113_155081_ctd/data/nbp2113_023.cnv
* Sea-Bird SBE 9 Data File:
* FileName = D:\Data\raw\NBP2113_023.hex
* Software Version Seasave V 7.26.7.121
* Temperature SN = 2438
* Conductivity SN = 2067
* Number of Bytes Per Scan = 40
* Number of Voltage Words = 5
* Number of Scans Averaged by the Deck Unit = 1
* NMEA Latitude = 67 30.61 S
* NMEA Longitude = 070 35.52 W
* NMEA UTC (Time) = Dec 02 2021  00:50:18
* NMEA baud rate = 9600
** Ship: RVIB N.B. Palmer
** Cruise: NBP2113 LTER
** Station: 200.040
** Operator: S. Blackman
# nquan = 25
# nvalues = 1490                        
# units = specified
# name 0 = prDM: Pressure, Digiquartz [db]
# name 1 = depSM: Depth [salt water, m]
# name 2 = t090C: Temperature [ITS-90, deg C]
# name 3 = c0mS/cm: Conductivity [mS/cm]
# name 4 = t190C: Temperature, 2 [ITS-90, deg C]
# name 5 = c1mS/cm: Conductivity, 2 [mS/cm]
# name 6 = sbeox0ML/L: Oxygen, SBE 43 [ml/l]
# name 7 = sbeox1ML/L: Oxygen, SBE 43, 2 [ml/l]
# name 8 = flECO-AFL: Fluorescence, WET Labs ECO-AFL/FL [mg/m^3]
# name 9 = CStarTr0: Beam Transmission, WET Labs C-Star [%]
# name 10 = par: PAR/Irradiance, Biospherical/Licor
# name 11 = latitude: Latitude [deg]
# name 12 = longitude: Longitude [deg]
# name 13 = timeJ: Julian Days
# name 14 = altM: Altimeter [m]
# name 15 = spar: SPAR, Biospherical/Licor
# name 16 = timeS: Time, Elapsed [seconds]
# name 17 = scan: Scan Count
# name 18 = density00: Density [density, kg/m^3]
# name 19 = density11: Density, 2 [density, kg/m^3]
# name 20 = sal00: Salinity, Practical [PSU]
# name 21 = sal11: Salinity, Practical, 2 [PSU]
# name 22 = oxsolML/L: Oxygen Saturation, Garcia & Gordon [ml/l]
# name 23 = nbin: number of scans per bin
# name 24 = flag: flag
# span 0 =      1.000,    748.000       
# span 1 =      0.991,    739.207       
# span 2 =    -0.8252,     1.4753       
# span 3 =  27.673319,  30.295063       
# span 4 =    -0.8251,     1.4750       
# span 5 =  27.671917,  30.293303       
# span 6 =    -2.2584,    18.9637       
# span 7 =     4.0098,    10.0440       
# span 8 =    -0.0225,     2.2036       
# span 9 =    89.3069,    97.1568       
# span 10 = 1.0000e-12, 2.2716e+01      
# span 11 =  -67.51062,  -67.51020      
# span 12 =  -70.59102,  -70.58552      
# span 13 = 336.038478, 336.066396      
# span 14 =       1.12,     104.05      
# span 15 = 2.1123e+01, 4.0782e+01      
# span 16 =    306.499,   2718.616      
# span 17 =       7357,      65248      
# span 18 =  1027.3149,  1031.3032      
# span 19 =  1027.3132,  1031.3016      
# span 20 =    33.9757,    34.7153      
# span 21 =    33.9736,    34.7133      
# span 22 =    7.72879,    8.24049      
# span 23 =          9,         47      
# span 24 = 0.0000e+00, 0.0000e+00      
# interval = decibars: 1                
# start_time = Dec 02 2021 00:50:18 [NMEA time, header]
# bad_flag = -9.990e-29
*END*
[from data line 116]
    122.000    120.749     0.2196  28.799239     0.2199  28.797654     5.1179     5.2897     0.0432    96.8220 1.0000e-12  -67.51050  -70.58947 336.041928      99.98 3.7021e+01    604.610      14512  1028.1577  1028.1555    34.3630    34.3605    8.00007         16 0.0000e+00
    123.000    121.739     0.2541  28.837038     0.2518  28.832967     5.0377     5.2294     0.0436    96.8269 1.0000e-12  -67.51050  -70.58946 336.041936      99.98 3.7021e+01    605.309      14528  1028.1682  1028.1661    34.3735    34.3708    7.99230         18 0.0000e+00
    124.000    122.725     0.3510  28.934940     0.3502  28.932975     4.9497     5.1790     0.0440    96.8271 1.0000e-12  -67.51050  -70.58946 336.041945      99.98 3.7021e+01    606.089      14547  1028.1810  1028.1795    34.3934    34.3916    7.97113         20 0.0000e+00
    125.000    123.715     0.3774  28.961569     0.3763  28.959279     4.9308     5.1584     0.0510    96.8323 1.0000e-12  -67.51050  -70.58946 336.041955      99.98 3.7021e+01    606.944      14568  1028.1880  1028.1866    34.3982    34.3964    7.96541         20 0.0000e+00
    126.000    124.706     0.4213  29.006637     0.4196  29.003595     5.0083     5.1658     0.0452    96.8411 1.0000e-12  -67.51050  -70.58946 336.041966      99.98 3.7021e+01    607.840      14589  1028.1972  1028.1956    34.4076    34.4055    7.95582         24 0.0000e+00
    127.000    125.696     0.4418  29.026518     0.4453  29.029837     4.9593     5.1310     0.0459    96.8351 1.0000e-12  -67.51050  -70.58942 336.041995      99.98 3.7659e+01    610.387      14650  1028.2038  1028.2036    34.4102    34.4107    7.95146         34 0.0000e+00
    128.000    126.683     0.5153  29.103823     0.4684  29.050948     4.7453     4.9470     0.0364    96.8837 1.0000e-12  -67.51051  -70.58938 336.042034      99.98 3.8810e+01    613.747      14731  1028.2186  1028.2088    34.4287    34.4118    7.93532         19 0.0000e+00
    129.000    127.673     0.5523  29.141984     0.5439  29.133186     4.6972     4.9029     0.0299    96.9312 1.0000e-12  -67.51052  -70.58938 336.042041      99.97 3.8783e+01    614.372      14746  1028.2269  1028.2257    34.4367    34.4346    7.92730         15 0.0000e+00
    130.000    128.665     0.5815  29.171134     0.5814  29.168687     4.6702     4.8723     0.0279    96.9314 1.0000e-12  -67.51052  -70.58938 336.042048      99.98 3.8783e+01    614.971      14760  1028.2335  1028.2306    34.4417    34.4386    7.92106         14 0.0000e+00
    131.000    129.651     0.5977  29.188690     0.5976  29.186188     4.6609     4.8594     0.0147    96.9171 1.0000e-12  -67.51052  -70.58938 336.042055      99.98 3.8783e+01    615.547      14774  1028.2406  1028.2378    34.4459    34.4428    7.91751         14 0.0000e+00
    132.000    130.643     0.6290  29.222273     0.6281  29.219513     4.6403     4.8418     0.0143    96.9075 1.0000e-12  -67.51052  -70.58936 336.042062      99.98 3.8783e+01    616.140      14788  1028.2498  1028.2473    34.4542    34.4516    7.91067         14 0.0000e+00
    133.000    131.631     0.6594  29.253685     0.6588  29.251372     4.6252     4.8169     0.0143    96.9764 1.0000e-12  -67.51052  -70.58935 336.042069      99.97 3.8783e+01    616.788      14804  1028.2574  1028.2553    34.4607    34.4582    7.90411         17 0.0000e+00
    134.000    132.622     0.6717  29.266817     0.6717  29.265109     4.6268     4.8162     0.0187    96.9742 1.0000e-12  -67.51052  -70.58934 336.042078      99.98 3.8783e+01    617.516      14821  1028.2639  1028.2619    34.4634    34.4612    7.90144         18 0.0000e+00
    135.000    133.610     0.6856  29.281718     0.6854  29.279869     4.6553     4.8223     0.0187    96.9827 1.0000e-12  -67.51052  -70.58934 336.042088      99.98 3.8783e+01    618.361      14842  1028.2709  1028.2688    34.4668    34.4645    7.89844         23 0.0000e+00
    136.000    134.600     0.7067  29.302212     0.7051  29.298792     4.7062     4.8422     0.0180    96.9962 1.0000e-12  -67.51051  -70.58931 336.042101      99.98 3.8783e+01    619.527      14870  1028.2768  1028.2745    34.4694    34.4667    7.89401         36 0.0000e+00
    137.000    135.588     0.6566  29.251827     0.6389  29.231496     4.6124     4.7533     0.0021    96.9847 1.0000e-12  -67.51052  -70.58925 336.042162      99.98 3.8783e+01    624.804      14996  1028.2799  1028.2756    34.4590    34.4522    7.90478         28 0.0000e+00
    138.000    136.579     0.7284  29.328282     0.7153  29.313074     4.5620     4.7122     0.0143    97.0025 1.0000e-12  -67.51052  -70.58923 336.042172      99.97 3.8783e+01    625.625      15016  1028.2932  1028.2902    34.4779    34.4727    7.88913         17 0.0000e+00
    139.000    137.566     0.7730  29.372430     0.7713  29.368804     4.5366     4.6918     0.0050    97.0338 1.0000e-12  -67.51052  -70.58922 336.042179      99.98 3.8783e+01    626.260      15031  1028.3000  1028.2977    34.4850    34.4822    7.87969         14 0.0000e+00
    140.000    138.559     0.7810  29.380156     0.7806  29.377921     4.5312     4.6825    -0.0004    97.0343 1.0000e-12  -67.51052  -70.58922 336.042186      99.98 3.8783e+01    626.815      15045  1028.3048  1028.3026    34.4856    34.4831    7.87804         12 0.0000e+00
    141.000    139.544     0.7818  29.381581     0.7817  29.379683     4.5232     4.6697     0.0042    97.0323 1.0000e-12  -67.51052  -70.58922 336.042191      99.98 3.8783e+01    627.341      15057  1028.3101  1028.3080    34.4859    34.4836    7.87786         13 0.0000e+00
    142.000    140.535     0.7915  29.392657     0.7913  29.390758     4.5191     4.6609     0.0069    97.0343 1.0000e-12  -67.51052  -70.58922 336.042198      99.98 3.8783e+01    627.858      15070  1028.3166  1028.3146    34.4889    34.4866    7.87573         12 0.0000e+00
    143.000    141.525     0.8138  29.416707     0.8141  29.415151     4.5237     4.6567    -0.0008    97.0307 1.0000e-12  -67.51052  -70.58922 336.042204      90.83 3.8783e+01    628.390      15082  1028.3241  1028.3221    34.4947    34.4924    7.87089         14 0.0000e+00
    144.000    142.516     0.8311  29.434991     0.8311  29.433144     4.5258     4.6564    -0.0076    97.0156 1.0000e-12  -67.51052  -70.58920 336.042211      32.16 3.8783e+01    628.994      15097  1028.3307  1028.3287    34.4986    34.4962    7.86719         15 0.0000e+00
    145.000    143.504     0.8366  29.441009     0.8362  29.438869     4.5292     4.6593    -0.0019    97.0335 1.0000e-12  -67.51052  -70.58920 336.042220      97.23 3.8783e+01    629.780      15116  1028.3363  1028.3344    34.4996    34.4973    7.86600         24 0.0000e+00
    146.000    144.492     0.8172  29.420930     0.8188  29.420753     4.5369     4.6487    -0.0012    97.0284 1.0000e-12  -67.51052  -70.58917 336.042252      99.98 3.8783e+01    632.607      15184  1028.3397  1028.3379    34.4946    34.4926    7.87022         26 0.0000e+00
    147.000    145.482     0.8038  29.407379     0.8103  29.413786     4.4433     4.5762    -0.0077    97.0263 1.0000e-12  -67.51052  -70.58911 336.042299      99.97 3.8783e+01    636.614      15280  1028.3441  1028.3443    34.4913    34.4924    7.87310         16 0.0000e+00
    148.000    146.470     0.8779  29.485810     0.8834  29.489530     4.4183     4.5590    -0.0077    97.0343 1.0000e-12  -67.51052  -70.58910 336.042306      99.97 3.8783e+01    637.210      15294  1028.3564  1028.3549    34.5100    34.5086    7.85711         13 0.0000e+00
    149.000    147.463     0.8992  29.504960     0.8990  29.502986     4.4094     4.5535    -0.0077    97.0343 1.0000e-12  -67.51053  -70.58909 336.042312      99.98 3.8783e+01    637.777      15308  1028.3602  1028.3583    34.5105    34.5082    7.85279         14 0.0000e+00
    150.000    148.449     0.9012  29.507853     0.9007  29.505707     4.4089     4.5477    -0.0077    97.0343 1.0000e-12  -67.51054  -70.58908 336.042319      99.98 3.8783e+01    638.372      15322  1028.3658  1028.3640    34.5115    34.5092    7.85234         15 0.0000e+00
    151.000    149.440     0.9076  29.515591     0.9081  29.514492     4.4321     4.5475    -0.0077    97.0343 1.0000e-12  -67.51054  -70.58906 336.042327      99.98 3.8783e+01    639.052      15338  1028.3720  1028.3704    34.5137    34.5118    7.85091         18 0.0000e+00
    152.000    150.430     0.9133  29.521521     0.9124  29.518974     4.4476     4.5472    -0.0077    97.0343 1.0000e-12  -67.51054  -70.58906 336.042336      88.39 3.8783e+01    639.828      15357  1028.3772  1028.3755    34.5145    34.5122    7.84972         19 0.0000e+00
    153.000    151.418     0.9104  29.519722     0.9102  29.517853     4.4534     4.5473    -0.0021    97.0343 1.0000e-12  -67.51054  -70.58906 336.042346       7.63 3.8783e+01    640.662      15377  1028.3827  1028.3810    34.5148    34.5127    7.85029         20 0.0000e+00
    154.000    152.407     0.9110  29.521172     0.9110  29.519577     4.4722     4.5501    -0.0035    97.0400 1.0000e-12  -67.51054  -70.58906 336.042355      34.56 3.8783e+01    641.460      15396  1028.3882  1028.3866    34.5154    34.5134    7.85014         19 0.0000e+00
    155.000    153.396     0.9165  29.527530     0.9164  29.525746     4.4658     4.5519    -0.0086    97.0596 1.0000e-12  -67.51052  -70.58906 336.042364      45.33 3.8783e+01    642.272      15416  1028.3939  1028.3921    34.5170    34.5147    7.84895         21 0.0000e+00
    156.000    154.386     0.9207  29.531574     0.9196  29.529047     4.4461     4.5404    -0.0114    97.0566 1.0000e-12  -67.51053  -70.58902 336.042395     100.21 3.8783e+01    644.918      15479  1028.3988  1028.3973    34.5169    34.5148    7.84810         32 0.0000e+00
    157.000    155.376     0.9348  29.547118     0.9347  29.545518     4.4213     4.5078    -0.0077    97.0353 1.0000e-12  -67.51054  -70.58897 336.042440      99.98 3.8783e+01    648.796      15572  1028.4061  1028.4045    34.5208    34.5188    7.84506         21 0.0000e+00
    158.000    156.364     0.9409  29.553712     0.9408  29.552142     4.4221     4.5011    -0.0077    97.0605 1.0000e-12  -67.51054  -70.58896 336.042449      99.98 3.8783e+01    649.555      15590  1028.4113  1028.4097    34.5220    34.5200    7.84377         17 0.0000e+00
    159.000    157.354     0.9437  29.557104     0.9435  29.555401     4.4184     4.4947    -0.0112    97.0616 1.0000e-12  -67.51056  -70.58894 336.042457      99.98 3.7003e+01    650.257      15607  1028.4164  1028.4147    34.5226    34.5206    7.84316         17 0.0000e+00
    160.000    158.342     0.9458  29.559956     0.9456  29.558192     4.4012     4.4820    -0.0149    97.0554 1.0000e-12  -67.51056  -70.58893 336.042464      99.98 3.7021e+01    650.923      15623  1028.4216  1028.4200    34.5233    34.5213    7.84270         16 0.0000e+00
    161.000    159.334     0.9500  29.564919     0.9499  29.563109     4.3714     4.4630    -0.0088    97.0398 1.0000e-12  -67.51056  -70.58892 336.042472      99.98 3.7021e+01    651.570      15639  1028.4270  1028.4253    34.5245    34.5223    7.84179         15 0.0000e+00
    162.000    160.321     0.9573  29.573043     0.9569  29.571039     4.3366     4.4449    -0.0077    96.9409 1.0000e-12  -67.51056  -70.58892 336.042479      99.98 3.7139e+01    652.213      15654  1028.4327  1028.4309    34.5264    34.5242    7.84024         15 0.0000e+00
    163.000    161.311     0.9690  29.586026     0.9689  29.584322     4.3081     4.4310    -0.0077    97.0366 1.0000e-12  -67.51056  -70.58892 336.042487      99.98 3.7259e+01    652.848      15669  1028.4389  1028.4372    34.5295    34.5274    7.83771         15 0.0000e+00
    164.000    162.301     0.9889  29.606655     0.9886  29.604780     4.3038     4.4176    -0.0077    97.0600 1.0000e-12  -67.51056  -70.58892 336.042494      99.98 3.8366e+01    653.498      15685  1028.4450  1028.4433    34.5335    34.5313    7.83350         17 0.0000e+00
    165.000    163.288     1.0063  29.624762     1.0056  29.622505     4.3093     4.4117    -0.0077    97.0484 1.0000e-12  -67.51054  -70.58890 336.042502      99.98 3.8555e+01    654.181      15701  1028.4510  1028.4493    34.5369    34.5347    7.82982         17 0.0000e+00
    166.000    164.280     1.0146  29.633402     1.0142  29.631509     4.3364     4.4199    -0.0077    97.0413 1.0000e-12  -67.51054  -70.58890 336.042512      99.98 3.8773e+01    655.014      15721  1028.4562  1028.4547    34.5382    34.5363    7.82808         23 0.0000e+00
    167.000    165.267     1.0177  29.636828     1.0186  29.636150     4.3230     4.3949    -0.0107    97.0596 1.0000e-12  -67.51054  -70.58885 336.042567      99.98 3.8783e+01    659.787      15836  1028.4618  1028.4602    34.5386    34.5367    7.82744         33 0.0000e+00
    168.000    166.256     1.0282  29.648182     1.0277  29.646494     4.2840     4.3627    -0.0152    97.0547 1.0000e-12  -67.51054  -70.58882 336.042598      99.98 3.8130e+01    662.454      15900  1028.4679  1028.4667    34.5411    34.5395    7.82521         23 0.0000e+00
    169.000    167.248     1.0305  29.651337     1.0302  29.649463     4.2539     4.3454    -0.0150    97.0759 1.0000e-12  -67.51056  -70.58880 336.042606      99.97 3.7001e+01    663.139      15916  1028.4733  1028.4716    34.5420    34.5399    7.82470         15 0.0000e+00
    170.000    168.233     1.0362  29.658163     1.0361  29.656302     4.2287     4.3298    -0.0150    97.0840 1.0000e-12  -67.51056  -70.58880 336.042612      99.98 3.7021e+01    663.718      15930  1028.4790  1028.4773    34.5438    34.5416    7.82345         13 0.0000e+00
    171.000    169.224     1.0483  29.671178     1.0479  29.669403     4.2106     4.3153    -0.0150    97.0858 1.0000e-12  -67.51056  -70.58880 336.042619      99.98 3.7021e+01    664.253      15943  1028.4849  1028.4835    34.5466    34.5448    7.82088         13 0.0000e+00
    172.000    170.213     1.0586  29.682420     1.0584  29.680992     4.1919     4.3045    -0.0077    97.0858 1.0000e-12  -67.51056  -70.58879 336.042624      99.98 3.7021e+01    664.768      15955  1028.4907  1028.4894    34.5491    34.5475    7.81869         12 0.0000e+00
    173.000    171.203     1.0706  29.695832     1.0703  29.694343     4.1793     4.2969    -0.0077    97.0645 1.0000e-12  -67.51056  -70.58878 336.042630      28.91 3.7021e+01    665.268      15967  1028.4970  1028.4958    34.5525    34.5509    7.81611         12 0.0000e+00
    174.000    172.195     1.0799  29.706286     1.0797  29.704591     4.1818     4.2957    -0.0077    97.0516 1.0000e-12  -67.51055  -70.58877 336.042636       9.07 3.7021e+01    665.767      15979  1028.5030  1028.5015    34.5550    34.5530    7.81410         12 0.0000e+00
    175.000    173.180     1.0893  29.717286     1.0891  29.715690     4.1906     4.2966    -0.0077    97.0746 1.0000e-12  -67.51054  -70.58876 336.042642      78.91 3.7021e+01    666.260      15991  1028.5095  1028.5081    34.5582    34.5564    7.81207         12 0.0000e+00
    176.000    174.170     1.0966  29.725635     1.0964  29.723902     4.2053     4.3030    -0.0117    97.0788 1.0000e-12  -67.51053  -70.58876 336.042648     100.01 3.7021e+01    666.751      16003  1028.5152  1028.5136    34.5602    34.5582    7.81049         11 0.0000e+00
    177.000    175.163     1.1019  29.731747     1.1020  29.730308     4.2162     4.3070    -0.0148    97.0854 1.0000e-12  -67.51052  -70.58876 336.042653      99.97 3.7021e+01    667.263      16015  1028.5207  1028.5191    34.5616    34.5596    7.80936         15 0.0000e+00
    178.000    176.146     1.1039  29.734594     1.1079  29.737300     4.1761     4.2716    -0.0150    96.9410 1.0000e-12  -67.51053  -70.58872 336.042716      99.98 3.7021e+01    672.638      16144  1028.5266  1028.5256    34.5624    34.5616    7.80891         16 0.0000e+00
