NBP2113_155081_ctd/data/nbp2113_036.ros
* Sea-Bird SBE 9 Data File:
* FileName = D:\Data\raw\NBP2113_036.hex
* Software Version Seasave V 7.26.7.121
* Temperature SN = 2438
* Conductivity SN = 2067
* Number of Bytes Per Scan = 40
* Number of Voltage Words = 5
* Number of Scans Averaged by the Deck Unit = 1
* NMEA Latitude = 64 56.01 S
* NMEA Longitude = 064 24.02 W
* NMEA UTC (Time) = Dec 09 2021  08:52:43
* NMEA baud rate = 9600
** Ship: RVIB N.B. Palmer
** Cruise: NBP2113 LTER
** Station: 600.040
** Operator: B. Urmston
# nquan = 20
# nvalues = 1114                                  
# units = specified
# name 0 = prDM: Pressure, Digiquartz [db]
# name 1 = depSM: Depth [salt water, m]
# name 2 = t090C: Temperature [ITS-90, deg C]
# name 3 = c0mS/cm: Conductivity [mS/cm]
# name 4 = t190C: Temperature, 2 [ITS-90, deg C]
# name 5 = c1mS/cm: Conductivity, 2 [mS/cm]
# name 6 = sbeox0ML/L: Oxygen, SBE 43 [ml/l]
# name 7 = sbeox1ML/L: Oxygen, SBE 43, 2 [ml/l]
# name 8 = flECO-AFL: Fluorescence, WET Labs ECO-AFL/FL [mg/m^3]
# name 9 = CStarTr0: Beam Transmission, WET Labs C-Star [%]
# name 10 = par: PAR/Irradiance, Biospherical/Licor
# name 11 = latitude: Latitude [deg]
# name 12 = longitude: Longitude [deg]
# name 13 = timeJ: Julian Days
# name 14 = altM: Altimeter [m]
# name 15 = spar: SPAR, Biospherical/Licor
# name 16 = timeS: Time, Elapsed [seconds]
# name 17 = scan: Scan Count
# name 18 = nbf: Bottles Fired
# name 19 = flag:  0.000e+00
# interval = seconds: 0.0416667
# start_time = Dec 09 2021 08:52:43 [NMEA time, header]
# bad_flag = -9.990e-29
*END*
[from data line 290]
    202.062    199.984     0.9287  29.584456     0.9278  29.582649     4.7682     4.8207    -0.0077    95.3606 1.0000e-12  -64.93358  -64.39996 343.415525      99.95 1.4279e+02   3938.333      94521          7  0.000e+00
    202.110    200.032     0.9285  29.584221     0.9279  29.582936     4.7683     4.8153    -0.0077    95.3606 1.0000e-12  -64.93358  -64.39996 343.415525      99.98 1.4279e+02   3938.375      94522          7  0.000e+00
    202.062    199.984     0.9287  29.584750     0.9279  29.582649     4.7683     4.8198    -0.0077    95.3606 1.0000e-12  -64.93358  -64.39996 343.415526      99.98 1.4279e+02   3938.417      94523          7  0.000e+00
    202.062    199.984     0.9287  29.584221     0.9279  29.582419     4.7614     4.8197    -0.0077    95.3606 1.0000e-12  -64.93358  -64.39996 343.415526      99.98 1.4279e+02   3938.458      94524          7  0.000e+00
    202.062    199.984     0.9284  29.584456     0.9280  29.582936     4.7715     4.8195    -0.0077    95.3606 1.0000e-12  -64.93358  -64.39996 343.415527      99.98 1.4279e+02   3938.500      94525          7  0.000e+00
    202.110    200.032     0.9287  29.584456     0.9279  29.582649     4.7672     4.8148    -0.0077    95.3606 1.0000e-12  -64.93358  -64.39996 343.415527      99.98 1.4279e+02   3938.542      94526          7  0.000e+00
    202.062    199.984     0.9281  29.584338     0.9279  29.583511     4.7615     4.8199    -0.0077    95.3606 1.0000e-12  -64.93358  -64.39996 343.415528      99.98 1.4279e+02   3938.583      94527          7  0.000e+00
    202.062    199.984     0.9279  29.584221     0.9278  29.583223     4.7647     4.8205    -0.0077    95.3606 1.0000e-12  -64.93358  -64.39996 343.415528      99.95 1.4279e+02   3938.625      94528          7  0.000e+00
    202.062    199.984     0.9277  29.583927     0.9275  29.582936     4.7647     4.8211    -0.0077    95.3606 1.0000e-12  -64.93358  -64.39996 343.415529      99.98 1.4279e+02   3938.667      94529          7  0.000e+00
    202.110    200.032     0.9274  29.583103     0.9273  29.582936     4.7648     4.8216    -0.0077    95.3606 1.0000e-12  -64.93358  -64.39996 343.415529      99.98 1.4279e+02   3938.708      94530          7  0.000e+00
    202.062    199.984     0.9274  29.582809     0.9275  29.582132     4.7661     4.8212    -0.0077    95.3606 1.0000e-12  -64.93358  -64.39996 343.415530      99.98 1.4279e+02   3938.750      94531          7  0.000e+00
    202.062    199.984     0.9273  29.582809     0.9278  29.582419     4.7605     4.8208    -0.0077    95.3606 1.0000e-12  -64.93358  -64.39994 343.415530      99.98 1.4279e+02   3938.792      94532          7  0.000e+00
    202.062    199.984     0.9273  29.582515     0.9277  29.582419     4.7650     4.8211    -0.0077    95.3606 1.0000e-12  -64.93358  -64.39994 343.415530      99.95 1.4279e+02   3938.833      94533          7  0.000e+00
    202.110    200.032     0.9273  29.583103     0.9274  29.582649     4.7651     4.8206    -0.0077    95.3606 1.0000e-12  -64.93358  -64.39994 343.415531      99.98 1.4279e+02   3938.875      94534          7  0.000e+00
    202.110    200.032     0.9273  29.582809     0.9279  29.582649     4.7652     4.8155    -0.0077    95.3606 1.0000e-12  -64.93358  -64.39994 343.415531      99.98 1.4279e+02   3938.917      94535          7  0.000e+00
    202.062    199.984     0.9273  29.582515     0.9275  29.582649     4.7597     4.8202    -0.0077    95.3864 1.0000e-12  -64.93358  -64.39994 343.415532      99.98 1.4279e+02   3938.958      94536          7  0.000e+00
    202.110    200.032     0.9273  29.583103     0.9278  29.582649     4.7642     4.8151    -0.0077    95.4121 1.0000e-12  -64.93358  -64.39994 343.415532      99.98 1.4279e+02   3939.000      94537          7  0.000e+00
    202.110    200.032     0.9273  29.582986     0.9274  29.582649     4.7601     4.8145    -0.0004    95.4121 1.0000e-12  -64.93358  -64.39994 343.415533      99.98 1.4279e+02   3939.042      94538          7  0.000e+00
    202.110    200.032     0.9276  29.583103     0.9276  29.582419     4.7647     4.8139     0.0069    95.3864 1.0000e-12  -64.93358  -64.39994 343.415533      99.98 1.4279e+02   3939.083      94539          7  0.000e+00
    202.110    200.032     0.9276  29.583103     0.9272  29.582649     4.7593     4.8187     0.0069    95.3864 1.0000e-12  -64.93358  -64.39994 343.415534      99.98 1.4279e+02   3939.125      94540          7  0.000e+00
    202.158    200.080     0.9277  29.583339     0.9267  29.582419     4.7696     4.8136     0.0069    95.3864 1.0000e-12  -64.93358  -64.39994 343.415534      99.98 1.4279e+02   3939.167      94541          7  0.000e+00
    202.110    200.032     0.9281  29.583633     0.9257  29.582132     4.7654     4.8131     0.0069    95.3864 1.0000e-12  -64.93358  -64.39994 343.415535      99.98 1.4279e+02   3939.208      94542          7  0.000e+00
    202.158    200.080     0.9281  29.583633     0.9252  29.581328     4.7601     4.8125     0.0069    95.3864 1.0000e-12  -64.93358  -64.39994 343.415535      99.98 1.4279e+02   3939.250      94543          7  0.000e+00
    202.158    200.080     0.9284  29.583927     0.9248  29.579949     4.7604     4.8120     0.0069    95.4121 1.0000e-12  -64.93358  -64.39994 343.415536      99.95 1.4279e+02   3939.292      94544          7  0.000e+00
    202.158    200.080     0.9279  29.584221     0.9246  29.579891     4.7639     4.8114     0.0069    95.3864 1.0000e-12  -64.93358  -64.39994 343.415536      99.95 1.4279e+02   3939.333      94545          7  0.000e+00
    202.213    200.134     0.9273  29.583927     0.9243  29.579374     4.7644     4.8161     0.0069    95.3864 1.0000e-12  -64.93358  -64.39994 343.415537      99.98 1.4279e+02   3939.375      94546          7  0.000e+00
    202.158    200.080     0.9262  29.583339     0.9242  29.579087     4.7705     4.8163     0.0069    95.4121 1.0000e-12  -64.93358  -64.39994 343.415537      99.98 1.4279e+02   3939.417      94547          7  0.000e+00
    202.213    200.134     0.9258  29.582280     0.9239  29.579374     4.7610     4.8164     0.0069    95.3864 1.0000e-12  -64.93358  -64.39994 343.415538      99.98 1.4279e+02   3939.458      94548          7  0.000e+00
    202.213    200.134     0.9257  29.581457     0.9234  29.579144     4.7644     4.8112     0.0069    95.3864 1.0000e-12  -64.93358  -64.39994 343.415538      99.98 1.4279e+02   3939.500      94549          7  0.000e+00
    202.213    200.134     0.9261  29.581045     0.9231  29.578570     4.7660     4.8105     0.0069    95.3864 1.0000e-12  -64.93358  -64.39994 343.415539      99.98 1.4279e+02   3939.542      94550          7  0.000e+00
    202.262    200.182     0.9258  29.581457     0.9231  29.577765     4.7651     4.8152     0.0069    95.4121 1.0000e-12  -64.93358  -64.39994 343.415539      99.98 1.4279e+02   3939.583      94551          7  0.000e+00
    202.262    200.182     0.9257  29.581457     0.9231  29.577708     4.7654     4.8160     0.0069    95.4121 1.0000e-12  -64.93358  -64.39994 343.415540      99.95 1.4279e+02   3939.625      94552          7  0.000e+00
    202.262    200.182     0.9259  29.581163     0.9232  29.577478     4.7658     4.8161     0.0069    95.3864 1.0000e-12  -64.93358  -64.39994 343.415540      99.98 1.4279e+02   3939.667      94553          7  0.000e+00
    202.262    200.182     0.9256  29.581457     0.9229  29.577995     4.7605     4.8161     0.0069    95.4121 1.0000e-12  -64.93358  -64.39994 343.415541      99.98 1.4279e+02   3939.708      94554          7  0.000e+00
    202.262    200.182     0.9260  29.581692     0.9229  29.577765     4.7595     4.8107     0.0069    95.3864 1.0000e-12  -64.93358  -64.39994 343.415541      99.98 1.4279e+02   3939.750      94555          7  0.000e+00
    202.317    200.236     0.9256  29.581457     0.9229  29.577766     4.7644     4.8099     0.0069    95.3864 1.0000e-12  -64.93358  -64.39994 343.415542      99.98 1.4279e+02   3939.792      94556          7  0.000e+00
    202.317    200.236     0.9258  29.581692     0.9229  29.577708     4.7634     4.8091     0.0069    95.3606 1.0000e-12  -64.93358  -64.39994 343.415542      99.95 1.4279e+02   3939.833      94557          7  0.000e+00
    202.317    200.236     0.9261  29.581692     0.9231  29.577478     4.7595     4.8082     0.0069    95.3606 1.0000e-12  -64.93358  -64.39994 343.415543      99.95 1.4279e+02   3939.875      94558          7  0.000e+00
    202.365    200.284     0.9259  29.581986     0.9223  29.577996     4.7587     4.8075     0.0069    95.3606 1.0000e-12  -64.93358  -64.39994 343.415543      99.98 1.4279e+02   3939.917      94559          7  0.000e+00
    202.365    200.284     0.9258  29.581986     0.9221  29.577766     4.7636     4.8075     0.0069    95.3606 1.0000e-12  -64.93358  -64.39994 343.415543      99.98 1.4279e+02   3939.958      94560          7  0.000e+00
    202.365    200.284     0.9259  29.581457     0.9223  29.576674     4.7642     4.8067     0.0069    95.3606 1.0000e-12  -64.93358  -64.39994 343.415544      99.98 1.4279e+02   3940.000      94561          7  0.000e+00
    202.420    200.338     0.9260  29.581869     0.9225  29.577191     4.7604     4.8059     0.0069    95.3606 1.0000e-12  -64.93358  -64.39994 343.415544      99.98 1.4279e+02   3940.042      94562          7  0.000e+00
    202.420    200.338     0.9259  29.581692     0.9226  29.577479     4.7667     4.8050     0.0069    95.3606 1.0000e-12  -64.93358  -64.39994 343.415545      99.98 1.4279e+02   3940.083      94563          7  0.000e+00
    202.420    200.338     0.9256  29.581692     0.9225  29.577708     4.7661     4.8051    -0.0004    95.3606 1.0000e-12  -64.93358  -64.39994 343.415545      99.95 1.4279e+02   3940.125      94564          7  0.000e+00
    202.420    200.338     0.9251  29.581987     0.9215  29.577479     4.7668     4.8044    -0.0004    95.3606 1.0000e-12  -64.93358  -64.39994 343.415546      99.98 1.4279e+02   3940.167      94565          7  0.000e+00
    202.468    200.386     0.9246  29.581163     0.9215  29.577421     4.7676     4.8037    -0.0004    95.3606 1.0000e-12  -64.93358  -64.39994 343.415546      99.98 1.4279e+02   3940.208      94566          7  0.000e+00
    202.413    200.331     0.9243  29.580575     0.9214  29.576100     4.7626     4.8038    -0.0004    95.3606 1.0000e-12  -64.93358  -64.39994 343.415547      99.98 1.4279e+02   3940.250      94567          7  0.000e+00
    202.874    200.787     0.9209  29.576988     0.9202  29.575297     4.7544     4.7986    -0.0004    95.3606 1.0000e-12  -64.93358  -64.39994 343.415561      99.98 1.4279e+02   3941.458      94596          8  0.000e+00
    202.874    200.787     0.9207  29.576753     0.9202  29.575239     4.7589     4.7987    -0.0004    95.3864 1.0000e-12  -64.93358  -64.39994 343.415561      99.98 1.4279e+02   3941.500      94597          8  0.000e+00
    202.929    200.841     0.9209  29.575636     0.9191  29.575297     4.7491     4.8034    -0.0004    95.3864 1.0000e-12  -64.93358  -64.39994 343.415562      99.98 1.4279e+02   3941.542      94598          8  0.000e+00
    202.874    200.787     0.9209  29.576753     0.9183  29.575297     4.7480     4.7982    -0.0004    95.3606 1.0000e-12  -64.93358  -64.39994 343.415562      99.98 1.4279e+02   3941.583      94599          8  0.000e+00
    202.929    200.842     0.9207  29.576753     0.9179  29.573861     4.7528     4.7984    -0.0004    95.3864 1.0000e-12  -64.93358  -64.39994 343.415563      99.95 1.4279e+02   3941.625      94600          8  0.000e+00
    202.929    200.842     0.9212  29.576165     0.9171  29.572826     4.7532     4.7988    -0.0004    95.3864 1.0000e-12  -64.93358  -64.39994 343.415563      99.98 1.4279e+02   3941.667      94601          8  0.000e+00
    202.929    200.842     0.9212  29.576753     0.9165  29.571390     4.7480     4.8045    -0.0004    95.3864 1.0000e-12  -64.93358  -64.39994 343.415564      99.98 1.4279e+02   3941.708      94602          8  0.000e+00
    202.929    200.842     0.9218  29.576988     0.9160  29.571160     4.7459     4.8057    -0.0004    95.3864 1.0000e-12  -64.93358  -64.39994 343.415564      99.98 1.4279e+02   3941.750      94603          8  0.000e+00
    202.977    200.889     0.9221  29.577577     0.9158  29.570873     4.7496     4.8061    -0.0004    95.3864 1.0000e-12  -64.93358  -64.39994 343.415565      99.98 1.4279e+02   3941.792      94604          8  0.000e+00
    202.977    200.889     0.9221  29.577753     0.9154  29.570356     4.7502     4.8064    -0.0004    95.3864 1.0000e-12  -64.93358  -64.39994 343.415565      99.95 1.4279e+02   3941.833      94605          8  0.000e+00
    202.977    200.889     0.9221  29.578400     0.9147  29.570643     4.7509     4.8015    -0.0004    95.3864 1.0000e-12  -64.93358  -64.39994 343.415566      99.98 1.4279e+02   3941.875      94606          8  0.000e+00
    202.977    200.889     0.9209  29.577577     0.9149  29.570011     4.7448     4.8010    -0.0004    95.3864 1.0000e-12  -64.93358  -64.39994 343.415566      99.98 1.4279e+02   3941.917      94607          8  0.000e+00
    202.977    200.889     0.9198  29.576754     0.9148  29.570069     4.7544     4.8006    -0.0004    95.3864 1.0000e-12  -64.93358  -64.39994 343.415567      99.98 1.4279e+02   3941.958      94608          8  0.000e+00
    202.977    200.889     0.9190  29.575930     0.9157  29.569782     4.7509     4.8001    -0.0004    95.3864 1.0000e-12  -64.93358  -64.39994 343.415567      99.98 1.4279e+02   3942.000      94609          8  0.000e+00
    202.977    200.889     0.9188  29.575107     0.9156  29.570356     4.7518     4.7997    -0.0004    95.3864 1.0000e-12  -64.93358  -64.39994 343.415568      99.98 1.4279e+02   3942.042      94610          8  0.000e+00
    203.032    200.944     0.9185  29.574519     0.9155  29.570586     4.7458     4.7994    -0.0004    95.3864 1.0000e-12  -64.93358  -64.39994 343.415568      99.98 1.4279e+02   3942.083      94611          8  0.000e+00
    203.032    200.944     0.9182  29.574225     0.9156  29.570931     4.7511     4.8044    -0.0004    95.3864 1.0000e-12  -64.93358  -64.39994 343.415569      99.95 1.4279e+02   3942.125      94612          8  0.000e+00
    203.032    200.944     0.9184  29.573989     0.9157  29.570356     4.7520     4.8049    -0.0004    95.3864 1.0000e-12  -64.93358  -64.39994 343.415569      99.95 1.4279e+02   3942.167      94613          8  0.000e+00
    203.032    200.944     0.9181  29.573401     0.9153  29.570873     4.7474     4.8054    -0.0004    95.3864 1.0000e-12  -64.93358  -64.39994 343.415570      99.98 1.4279e+02   3942.208      94614          8  0.000e+00
    203.032    200.944     0.9176  29.573695     0.9154  29.570644     4.7473     4.8059    -0.0004    95.3864 1.0000e-12  -64.93358  -64.39994 343.415570      99.98 1.4279e+02   3942.250      94615          8  0.000e+00
    203.032    200.944     0.9174  29.573695     0.9153  29.570012     4.7516     4.8012    -0.0004    95.3606 1.0000e-12  -64.93358  -64.39994 343.415571      99.98 1.4279e+02   3942.292      94616          8  0.000e+00
    203.080    200.991     0.9174  29.573401     0.9146  29.569839     4.7486     4.8010    -0.0004    95.3864 1.0000e-12  -64.93358  -64.39994 343.415571      99.95 1.4279e+02   3942.333      94617          8  0.000e+00
    203.032    200.944     0.9174  29.573166     0.9144  29.569782     4.7543     4.8008    -0.0004    95.3864 1.0000e-12  -64.93358  -64.39994 343.415571      99.98 1.4279e+02   3942.375      94618          8  0.000e+00
    203.080    200.991     0.9176  29.573401     0.9145  29.569265     4.7501     4.8006    -0.0004    95.3864 1.0000e-12  -64.93358  -64.39994 343.415572      99.98 1.4279e+02   3942.417      94619          8  0.000e+00
