NBP2113_155081_ctd/data/nbp2113_007.ros
* Sea-Bird SBE 9 Data File:
* FileName = D:\Data\raw\NBP2113_007.hex
* Software Version Seasave V 7.26.7.121
* Temperature SN = 2438
* Conductivity SN = 2067
* Number of Bytes Per Scan = 40
* Number of Voltage Words = 5
* Number of Scans Averaged by the Deck Unit = 1
* NMEA Latitude = 64 56.06 S
* NMEA Longitude = 064 23.87 W
* NMEA UTC (Time) = Nov 25 2021  03:27:42
* NMEA baud rate = 9600
** Ship: RVIB N.B. Palmer
** Cruise: NBP2113 LTER
** Station: 600.040
** Operator: B. Urmston
# nquan = 20
# nvalues = 1151                                  
# units = specified
# name 0 = prDM: Pressure, Digiquartz [db]
# name 1 = depSM: Depth [salt water, m]
# name 2 = t090C: Temperature [ITS-90, deg C]
# name 3 = c0mS/cm: Conductivity [mS/cm]
# name 4 = t190C: Temperature, 2 [ITS-90, deg C]
# name 5 = c1mS/cm: Conductivity, 2 [mS/cm]
# name 6 = sbeox0ML/L: Oxygen, SBE 43 [ml/l]
# name 7 = sbeox1ML/L: Oxygen, SBE 43, 2 [ml/l]
# name 8 = flECO-AFL: Fluorescence, WET Labs ECO-AFL/FL [mg/m^3]
# name 9 = CStarTr0: Beam Transmission, WET Labs C-Star [%]
# name 10 = par: PAR/Irradiance, Biospherical/Licor
# name 11 = latitude: Latitude [deg]
# name 12 = longitude: Longitude [deg]
# name 13 = timeJ: Julian Days
# name 14 = altM: Altimeter [m]
# name 15 = spar: SPAR, Biospherical/Licor
# name 16 = timeS: Time, Elapsed [seconds]
# name 17 = scan: Scan Count
# name 18 = nbf: Bottles Fired
# name 19 = flag:  0.000e+00
# interval = seconds: 0.0416667
# start_time = Nov 25 2021 03:27:42 [NMEA time, header]
# bad_flag = -9.990e-29
*END*
[from data line 652]
     39.403     39.013    -0.5354  27.815258    -0.5436  27.805185     8.0495     7.9331     1.0912    92.8371 1.0000e-12  -64.93332  -64.39872 329.154147      99.98 0.0000e+00    856.333      20553         14  0.000e+00
     39.348     38.959    -0.5353  27.815891    -0.5437  27.805185     8.0513     7.9333     1.0912    92.8371 1.0000e-12  -64.93332  -64.39872 329.154148      99.98 0.0000e+00    856.375      20554         14  0.000e+00
     39.403     39.013    -0.5348  27.816581    -0.5434  27.805073     8.0471     7.9390     1.0912    92.8629 1.0000e-12  -64.93332  -64.39872 329.154148      99.98 0.0000e+00    856.417      20555         14  0.000e+00
     39.348     38.959    -0.5340  27.816753    -0.5428  27.805746     8.0415     7.9344     1.0912    92.8371 1.0000e-12  -64.93332  -64.39872 329.154149      99.98 0.0000e+00    856.458      20556         14  0.000e+00
     39.362     38.972    -0.5337  27.816351    -0.5419  27.806813     8.0334     7.9400     1.1058    92.8371 1.0000e-12  -64.93332  -64.39872 329.154149      99.98 0.0000e+00    856.500      20557         14  0.000e+00
     39.348     38.959    -0.5333  27.816581    -0.5414  27.807880     8.0298     7.9355     1.1278    92.8629 1.0000e-12  -64.93332  -64.39872 329.154150      99.95 0.0000e+00    856.542      20558         14  0.000e+00
     39.348     38.959    -0.5337  27.816753    -0.5406  27.808329     8.0350     7.9411     1.1351    92.8371 1.0000e-12  -64.93332  -64.39872 329.154150      99.95 0.0000e+00    856.583      20559         14  0.000e+00
     39.348     38.959    -0.5335  27.816581    -0.5404  27.809003     8.0416     7.9422     1.1351    92.8629 1.0000e-12  -64.93332  -64.39872 329.154151      99.98 0.0000e+00    856.625      20560         14  0.000e+00
     39.348     38.959    -0.5337  27.816811    -0.5402  27.808778     8.0366     7.9425     1.1351    92.8371 1.0000e-12  -64.93332  -64.39872 329.154151      99.98 0.0000e+00    856.667      20561         14  0.000e+00
     39.348     38.959    -0.5338  27.816753    -0.5399  27.808834     8.0361     7.9436     1.1351    92.8371 1.0000e-12  -64.93332  -64.39872 329.154152      99.98 0.0000e+00    856.708      20562         14  0.000e+00
     39.362     38.972    -0.5341  27.816351    -0.5399  27.808722     8.0401     7.9448     1.1351    92.8371 1.0000e-12  -64.93332  -64.39872 329.154152      99.95 0.0000e+00    856.750      20563         14  0.000e+00
     39.348     38.959    -0.5343  27.815833    -0.5413  27.808273     8.0425     7.9462     1.1351    92.8371 1.0000e-12  -64.93332  -64.39872 329.154153      99.98 0.0000e+00    856.792      20564         14  0.000e+00
     39.348     38.959    -0.5348  27.815316    -0.5414  27.807543     8.0449     7.9419     1.1351    92.8629 1.0000e-12  -64.93332  -64.39872 329.154153      99.98 0.0000e+00    856.833      20565         14  0.000e+00
     39.300     38.911    -0.5357  27.814971    -0.5402  27.807543     8.0474     7.9420     1.1351    92.8629 1.0000e-12  -64.93332  -64.39872 329.154154      99.98 0.0000e+00    856.875      20566         14  0.000e+00
     39.348     38.959    -0.5353  27.814913    -0.5396  27.808610     8.0499     7.9477     1.1351    92.8371 1.0000e-12  -64.93332  -64.39872 329.154154      99.98 0.0000e+00    856.917      20567         14  0.000e+00
     39.300     38.911    -0.5354  27.814856    -0.5392  27.809283     8.0581     7.9488     1.1351    92.8371 1.0000e-12  -64.93332  -64.39872 329.154155      99.98 0.0000e+00    856.958      20568         14  0.000e+00
     39.245     38.857    -0.5350  27.814856    -0.5388  27.810013     8.0574     7.9498     1.1351    92.8629 1.0000e-12  -64.93332  -64.39872 329.154155      99.98 0.0000e+00    857.000      20569         14  0.000e+00
     39.417     39.027    -0.5349  27.815086    -0.5381  27.810238     8.0616     7.9511     1.1351    92.8886 1.0000e-12  -64.93332  -64.39872 329.154156      99.95 0.0000e+00    857.042      20570         14  0.000e+00
     39.300     38.911    -0.5352  27.815201    -0.5379  27.810406     8.0715     7.9521     1.1351    92.8886 1.0000e-12  -64.93332  -64.39872 329.154156      99.95 0.0000e+00    857.083      20571         14  0.000e+00
     39.300     38.911    -0.5354  27.814971    -0.5377  27.810519     8.0757     7.9524     1.1351    92.8886 1.0000e-12  -64.93332  -64.39872 329.154157      99.98 0.0000e+00    857.125      20572         14  0.000e+00
     39.300     38.911    -0.5355  27.815258    -0.5376  27.810519     8.0842     7.9536     1.1351    92.8886 1.0000e-12  -64.93332  -64.39872 329.154157      99.98 0.0000e+00    857.167      20573         15  0.000e+00
     39.300     38.911    -0.5355  27.815258    -0.5377  27.810294     8.0882     7.9539     1.1351    92.8886 1.0000e-12  -64.93332  -64.39872 329.154158      99.98 0.0000e+00    857.208      20574         15  0.000e+00
     39.300     38.911    -0.5359  27.814913    -0.5380  27.809845     8.0849     7.9487     1.1351    92.8886 1.0000e-12  -64.93332  -64.39872 329.154158      99.95 0.0000e+00    857.250      20575         15  0.000e+00
     39.259     38.871    -0.5364  27.814683    -0.5383  27.809339     8.0801     7.9537     1.1351    92.8886 1.0000e-12  -64.93332  -64.39872 329.154158      99.95 0.0000e+00    857.292      20576         15  0.000e+00
     39.300     38.911    -0.5366  27.814453    -0.5394  27.806981     8.0680     7.9543     1.1351    92.8886 1.0000e-12  -64.93332  -64.39872 329.154159      99.98 0.0000e+00    857.333      20577         15  0.000e+00
     39.245     38.857    -0.5363  27.814568    -0.5411  27.802939     8.0721     7.9496     1.1351    92.8886 1.0000e-12  -64.93332  -64.39872 329.154159      99.98 0.0000e+00    857.375      20578         15  0.000e+00
     39.245     38.857    -0.5361  27.814626    -0.5425  27.798897     8.0659     7.9494     1.1351    92.8886 1.0000e-12  -64.93332  -64.39872 329.154160      99.98 0.0000e+00    857.417      20579         15  0.000e+00
     39.245     38.857    -0.5361  27.815201    -0.5456  27.797100     8.0688     7.9495     1.1351    92.8886 1.0000e-12  -64.93332  -64.39872 329.154160      99.98 0.0000e+00    857.458      20580         15  0.000e+00
     39.300     38.911    -0.5355  27.815603    -0.5482  27.795136     8.0671     7.9495     1.1351    92.8886 1.0000e-12  -64.93332  -64.39872 329.154161      99.98 0.0000e+00    857.500      20581         15  0.000e+00
     39.211     38.823    -0.5355  27.816005    -0.5525  27.793901     8.0640     7.9551     1.1351    92.8886 1.0000e-12  -64.93332  -64.39872 329.154161      99.95 0.0000e+00    857.542      20582         15  0.000e+00
     39.245     38.857    -0.5361  27.815603    -0.5522  27.796259     8.0683     7.9550     1.1058    92.8886 1.0000e-12  -64.93332  -64.39872 329.154162      99.95 0.0000e+00    857.583      20583         15  0.000e+00
     39.246     38.857    -0.5358  27.815776    -0.5487  27.798504     8.0665     7.9543     1.0179    92.8886 1.0000e-12  -64.93332  -64.39872 329.154162      99.98 0.0000e+00    857.625      20584         15  0.000e+00
     39.150     38.762    -0.5361  27.814913    -0.5466  27.799570     8.0647     7.9538     0.9886    92.8886 1.0000e-12  -64.93332  -64.39872 329.154163      99.98 0.0000e+00    857.667      20585         15  0.000e+00
     39.246     38.857    -0.5376  27.814223    -0.5448  27.801479     8.0631     7.9480     0.9959    92.8886 1.0000e-12  -64.93332  -64.39872 329.154163      99.98 0.0000e+00    857.708      20586         15  0.000e+00
     39.198     38.810    -0.5381  27.813073    -0.5436  27.804286     8.0670     7.9521     0.9959    92.8886 1.0000e-12  -64.93332  -64.39872 329.154164      99.95 0.0000e+00    857.750      20587         15  0.000e+00
     39.198     38.810    -0.5386  27.812786    -0.5422  27.805578     8.0676     7.9518     0.9959    92.8886 1.0000e-12  -64.93332  -64.39872 329.154164      99.98 0.0000e+00    857.792      20588         15  0.000e+00
     39.163     38.776    -0.5378  27.813131    -0.5414  27.806139     8.0561     7.9515     0.9959    92.8886 1.0000e-12  -64.93332  -64.39872 329.154165      99.98 0.0000e+00    857.833      20589         15  0.000e+00
     39.198     38.810    -0.5369  27.813648    -0.5416  27.806476     8.0464     7.9515     0.9959    92.8886 1.0000e-12  -64.93332  -64.39872 329.154165      99.98 0.0000e+00    857.875      20590         15  0.000e+00
     39.150     38.762    -0.5376  27.812843    -0.5417  27.806195     8.0370     7.9514     0.9959    92.8886 1.0000e-12  -64.93332  -64.39872 329.154166      99.98 0.0000e+00    857.917      20591         15  0.000e+00
     39.150     38.762    -0.5388  27.811923    -0.5423  27.804679     8.0382     7.9515     0.9959    92.8629 1.0000e-12  -64.93332  -64.39872 329.154166      99.98 0.0000e+00    857.958      20592         15  0.000e+00
     39.198     38.810    -0.5384  27.812326    -0.5428  27.803837     8.0536     7.9515     0.9959    92.8886 1.0000e-12  -64.93332  -64.39872 329.154167      99.98 0.0000e+00    858.000      20593         15  0.000e+00
     39.095     38.708    -0.5380  27.812901    -0.5425  27.804454     8.0611     7.9511     0.9959    92.8886 1.0000e-12  -64.93332  -64.39872 329.154167      99.95 0.0000e+00    858.042      20594         15  0.000e+00
     39.163     38.776    -0.5378  27.812441    -0.5410  27.805914     8.0644     7.9514     0.9959    92.8886 1.0000e-12  -64.93332  -64.39872 329.154168      99.95 0.0000e+00    858.083      20595         15  0.000e+00
     39.095     38.708    -0.5402  27.808646    -0.5404  27.806307     8.0622     7.9509     0.9959    92.8886 1.0000e-12  -64.93332  -64.39872 329.154168      99.98 0.0000e+00    858.125      20596         15  0.000e+00
     39.095     38.708    -0.5444  27.804105    -0.5406  27.806139     8.0650     7.9507     0.9959    92.8886 1.0000e-12  -64.93332  -64.39872 329.154169      99.98 0.0000e+00    858.167      20597         15  0.000e+00
     39.150     38.762    -0.5483  27.800829    -0.5414  27.804679     8.0676     7.9507     0.9959    92.8886 1.0000e-12  -64.93332  -64.39872 329.154169      99.98 0.0000e+00    858.208      20598         15  0.000e+00
     39.047     38.661    -0.5494  27.799507    -0.5423  27.803051     8.0635     7.9505     0.9959    92.8629 1.0000e-12  -64.93332  -64.39872 329.154170      99.93 0.0000e+00    858.250      20599         15  0.000e+00
     39.095     38.708    -0.5493  27.799679    -0.5436  27.801030     8.0637     7.9505     0.9959    92.8629 1.0000e-12  -64.93332  -64.39872 329.154170      99.95 0.0000e+00    858.292      20600         15  0.000e+00
     39.095     38.708    -0.5499  27.799450    -0.5463  27.798560     8.0596     7.9508     0.9959    92.8886 1.0000e-12  -64.93332  -64.39872 329.154171      99.98 0.0000e+00    858.333      20601         15  0.000e+00
     39.061     38.674    -0.5502  27.799507    -0.5491  27.796314     8.0658     7.9510     0.9959    92.8886 1.0000e-12  -64.93332  -64.39872 329.154171      99.98 0.0000e+00    858.375      20602         15  0.000e+00
     39.047     38.661    -0.5493  27.799622    -0.5514  27.794237     8.0673     7.9511     0.9959    92.8886 1.0000e-12  -64.93332  -64.39872 329.154171      99.98 0.0000e+00    858.417      20603         15  0.000e+00
     39.047     38.661    -0.5493  27.798415    -0.5526  27.792329     8.0678     7.9518     0.9959    92.8629 1.0000e-12  -64.93332  -64.39872 329.154172      99.98 0.0000e+00    858.458      20604         15  0.000e+00
     39.047     38.661    -0.5512  27.795196    -0.5542  27.790757     8.0616     7.9516     0.9959    92.8886 1.0000e-12  -64.93332  -64.39872 329.154172      99.98 0.0000e+00    858.500      20605         15  0.000e+00
     39.047     38.661    -0.5549  27.791518    -0.5554  27.789354     8.0588     7.9523     0.9959    92.8886 1.0000e-12  -64.93332  -64.39872 329.154173      99.95 0.0000e+00    858.542      20606         15  0.000e+00
     38.992     38.607    -0.5595  27.787437    -0.5563  27.788456     8.0560     7.9519     0.9959    92.8886 1.0000e-12  -64.93332  -64.39872 329.154173      99.95 0.0000e+00    858.583      20607         15  0.000e+00
     38.992     38.607    -0.5642  27.782208    -0.5563  27.787445     8.0490     7.9523     0.9959    92.8629 1.0000e-12  -64.93332  -64.39872 329.154174      99.98 0.0000e+00    858.625      20608         15  0.000e+00
     39.006     38.620    -0.5667  27.777496    -0.5572  27.785817     8.0474     7.9529     0.9959    92.8629 1.0000e-12  -64.93332  -64.39872 329.154174      99.98 0.0000e+00    858.667      20609         15  0.000e+00
     38.992     38.607    -0.5706  27.774795    -0.5587  27.784919     8.0447     7.9535     1.0106    92.8886 1.0000e-12  -64.93332  -64.39872 329.154175      99.95 0.0000e+00    858.708      20610         15  0.000e+00
     38.992     38.607    -0.5742  27.772669    -0.5590  27.784470     8.0536     7.9539     1.0106    92.8886 1.0000e-12  -64.93332  -64.39872 329.154175      99.95 0.0000e+00    858.750      20611         15  0.000e+00
     38.944     38.559    -0.5738  27.772324    -0.5597  27.784302     8.0773     7.9542     1.0106    92.8886 1.0000e-12  -64.93332  -64.39872 329.154176      99.98 0.0000e+00    858.792      20612         15  0.000e+00
     38.992     38.607    -0.5728  27.772784    -0.5604  27.783853     8.0887     7.9603     1.0106    92.8886 1.0000e-12  -64.93332  -64.39872 329.154176      99.98 0.0000e+00    858.833      20613         15  0.000e+00
     38.890     38.505    -0.5726  27.774393    -0.5610  27.784414     8.0834     7.9549     1.0106    92.8886 1.0000e-12  -64.93332  -64.39872 329.154177      99.98 0.0000e+00    858.875      20614         15  0.000e+00
     38.992     38.607    -0.5715  27.774623    -0.5614  27.784751     8.0755     7.9544     1.0106    92.8886 1.0000e-12  -64.93332  -64.39872 329.154177      99.98 0.0000e+00    858.917      20615         15  0.000e+00
     38.910     38.525    -0.5736  27.772554    -0.5605  27.785481     8.0653     7.9543     1.0106    92.8886 1.0000e-12  -64.93332  -64.39872 329.154178      99.98 0.0000e+00    858.958      20616         15  0.000e+00
     38.944     38.559    -0.5735  27.773474    -0.5604  27.786379     8.0593     7.9544     1.0106    92.8886 1.0000e-12  -64.93332  -64.39872 329.154178      99.98 0.0000e+00    859.000      20617         15  0.000e+00
     38.890     38.505    -0.5720  27.776404    -0.5599  27.786491     8.0501     7.9544     1.0106    92.8886 1.0000e-12  -64.93332  -64.39872 329.154179      99.95 0.0000e+00    859.042      20618         15  0.000e+00
     38.890     38.505    -0.5709  27.779967    -0.5595  27.787164     8.0398     7.9545     1.0106    92.8886 1.0000e-12  -64.93332  -64.39872 329.154179      99.95 0.0000e+00    859.083      20619         15  0.000e+00
     38.945     38.559    -0.5690  27.783013    -0.5591  27.788287     8.0356     7.9546     1.0106    92.8886 1.0000e-12  -64.93332  -64.39872 329.154180      99.98 0.0000e+00    859.125      20620         15  0.000e+00
     38.842     38.458    -0.5670  27.784334    -0.5585  27.788904     8.0374     7.9545     1.0106    92.8886 1.0000e-12  -64.93332  -64.39872 329.154180      99.98 0.0000e+00    859.167      20621         15  0.000e+00
     38.910     38.525    -0.5645  27.785541    -0.5575  27.788792     8.0482     7.9545     1.0106    92.8886 1.0000e-12  -64.93332  -64.39872 329.154181      99.98 0.0000e+00    859.208      20622         16  0.000e+00
     38.842     38.458    -0.5632  27.786633    -0.5574  27.787782     8.0503     7.9547     1.0106    92.8886 1.0000e-12  -64.93332  -64.39872 329.154181      99.93 0.0000e+00    859.250      20623         16  0.000e+00
