NBP2113_155081_ctd/data/nbp2113_047.cnv
* Sea-Bird SBE 9 Data File:
* FileName = D:\Data\raw\NBP2113_047.hex
* Software Version Seasave V 7.26.7.121
* Temperature SN = 2438
* Conductivity SN = 2067
* Number of Bytes Per Scan = 40
* Number of Voltage Words = 5
* Number of Scans Averaged by the Deck Unit = 1
* NMEA Latitude = 64 51.26 S
* NMEA Longitude = 063 55.07 W
* NMEA UTC (Time) = Dec 11 2021  06:38:06
* NMEA baud rate = 9600
** Ship: RVIB N.B. Palmer
** Cruise: NBP2113 LTER
** Station: 622.029
** Operator: B. Urmston
# nquan = 25
# nvalues = 793                         
# units = specified
# name 0 = prDM: Pressure, Digiquartz [db]
# name 1 = depSM: Depth [salt water, m]
# name 2 = t090C: Temperature [ITS-90, deg C]
# name 3 = c0mS/cm: Conductivity [mS/cm]
# name 4 = t190C: Temperature, 2 [ITS-90, deg C]
# name 5 = c1mS/cm: Conductivity, 2 [mS/cm]
# name 6 = sbeox0ML/L: Oxygen, SBE 43 [ml/l]
# name 7 = sbeox1ML/L: Oxygen, SBE 43, 2 [ml/l]
# name 8 = flECO-AFL: Fluorescence, WET Labs ECO-AFL/FL [mg/m^3]
# name 9 = CStarTr0: Beam Transmission, WET Labs C-Star [%]
# name 10 = par: PAR/Irradiance, Biospherical/Licor
# name 11 = latitude: Latitude [deg]
# name 12 = longitude: Longitude [deg]
# name 13 = timeJ: Julian Days
# name 14 = altM: Altimeter [m]
# name 15 = spar: SPAR, Biospherical/Licor
# name 16 = timeS: Time, Elapsed [seconds]
# name 17 = scan: Scan Count
# name 18 = density00: Density [density, kg/m^3]
# name 19 = density11: Density, 2 [density, kg/m^3]
# name 20 = sal00: Salinity, Practical [PSU]
# name 21 = sal11: Salinity, Practical, 2 [PSU]
# name 22 = oxsolML/L: Oxygen Saturation, Garcia & Gordon [ml/l]
# name 23 = nbin: number of scans per bin
# name 24 = flag: flag
# span 0 =      1.000,    399.000       
# span 1 =      0.990,    394.723       
# span 2 =    -0.3214,     1.2997       
# span 3 =  27.879018,  30.062850       
# span 4 =    -0.3228,     1.2991       
# span 5 =  27.875411,  30.061451       
# span 6 =     4.2878,     9.8897       
# span 7 =     4.3552,     9.8871       
# span 8 =    -0.0194,     1.7769       
# span 9 =    85.4527,    91.4664       
# span 10 = 1.0000e-12, 1.8963e+01      
# span 11 =  -64.85496,  -64.85434      
# span 12 =  -63.91856,  -63.91769      
# span 13 = 345.279326, 345.298250      
# span 14 =      -0.08,     100.19      
# span 15 = 3.5258e+00, 1.0577e+01      
# span 16 =    247.770,   1882.797      
# span 17 =       5947,      45188      
# span 18 =  1027.1750,  1029.6134      
# span 19 =  1027.1731,  1029.6121      
# span 20 =    33.8162,    34.6386      
# span 21 =    33.8130,    34.6375      
# span 22 =    7.76591,    8.14521      
# span 23 =         12,         47      
# span 24 = 0.0000e+00, 0.0000e+00      
# interval = decibars: 1                
# start_time = Dec 11 2021 06:38:06 [NMEA time, header]
# bad_flag = -9.990e-29
*END*
[from data line 406]
    387.000    382.852     1.2921  30.050023     1.2938  30.050634     4.3088     4.3739     0.0007    91.1497 1.0000e-12  -64.85496  -63.91854 345.287943      18.26 7.0515e+00    992.269      23815  1029.5566  1029.5555    34.6370    34.6358    7.76751         37 0.0000e+00
    386.000    381.864     1.2910  30.048370     1.2906  30.046815     4.3203     4.3722    -0.0054    91.1191 1.0000e-12  -64.85496  -63.91854 345.287960      19.16 7.0515e+00    993.736      23851  1029.5518  1029.5506    34.6366    34.6351    7.76774         33 0.0000e+00
    385.000    380.876     1.2894  30.046183     1.2892  30.044888     4.3235     4.3767    -0.0087    91.1579 1.0000e-12  -64.85496  -63.91854 345.287975      20.13 7.0515e+00    995.027      23882  1029.5469  1029.5457    34.6361    34.6347    7.76808         28 0.0000e+00
    384.000    379.887     1.2865  30.042873     1.2836  30.038729     4.3271     4.3820    -0.0128    91.1481 1.0000e-12  -64.85496  -63.91854 345.287989      20.99 7.0515e+00    996.274      23912  1029.5421  1029.5407    34.6357    34.6336    7.76868         29 0.0000e+00
    383.000    378.897     1.2838  30.039315     1.2827  30.037063     4.3223     4.3837    -0.0112    91.1821 1.0000e-12  -64.85496  -63.91854 345.288004      22.11 7.0515e+00    997.523      23942  1029.5368  1029.5356    34.6347    34.6330    7.76926         30 0.0000e+00
    382.000    377.910     1.2826  30.037731     1.2787  30.032362     4.3218     4.3855     0.0015    91.2185 1.0000e-12  -64.85496  -63.91854 345.288020      23.14 7.0515e+00    998.913      23975  1029.5321  1029.5305    34.6346    34.6321    7.76950         33 0.0000e+00
    381.000    376.922     1.2791  30.033643     1.2785  30.031664     4.3216     4.3906    -0.0048    91.2188 1.0000e-12  -64.85496  -63.91854 345.288037      23.96 7.0515e+00   1000.387      24010  1029.5272  1029.5257    34.6338    34.6320    7.77024         33 0.0000e+00
    380.000    375.933     1.2772  30.031022     1.2766  30.029236     4.3322     4.3921    -0.0006    91.2009 1.0000e-12  -64.85496  -63.91854 345.288051      25.02 7.0515e+00   1001.576      24039  1029.5221  1029.5209    34.6331    34.6316    7.77065         26 0.0000e+00
    379.000    374.945     1.2755  30.028813     1.2743  30.026341     4.3317     4.3936    -0.0143    91.2036 1.0000e-12  -64.85496  -63.91854 345.288063      25.96 7.0515e+00   1002.614      24064  1029.5173  1029.5159    34.6328    34.6309    7.77101         25 0.0000e+00
    378.000    373.956     1.2746  30.027122     1.2731  30.024534     4.3280     4.3957    -0.0076    91.2086 1.0000e-12  -64.85496  -63.91854 345.288076      26.82 7.0515e+00   1003.732      24091  1029.5122  1029.5110    34.6322    34.6306    7.77122         29 0.0000e+00
    377.000    372.969     1.2755  30.028013     1.2719  30.022868     4.3271     4.3960    -0.0058    91.1976 1.0000e-12  -64.85496  -63.91854 345.288090      27.95 7.0515e+00   1004.936      24119  1029.5078  1029.5061    34.6329    34.6303    7.77100         27 0.0000e+00
    376.000    371.980     1.2731  30.024870     1.2723  30.022761     4.3282     4.3938    -0.0006    91.2250 1.0000e-12  -64.85496  -63.91854 345.288101      28.79 7.0515e+00   1005.965      24144  1029.5028  1029.5014    34.6321    34.6303    7.77152         22 0.0000e+00
    375.000    370.991     1.2727  30.023995     1.2720  30.022161     4.3314     4.3946    -0.0074    91.2407 1.0000e-12  -64.85496  -63.91854 345.288112      29.52 7.0515e+00   1006.853      24165  1029.4981  1029.4968    34.6320    34.6305    7.77161         22 0.0000e+00
    374.000    370.002     1.2713  30.022156     1.2707  30.020202     4.3366     4.3962    -0.0010    91.2209 1.0000e-12  -64.85496  -63.91854 345.288123      30.55 7.0515e+00   1007.818      24189  1029.4933  1029.4918    34.6318    34.6299    7.77190         27 0.0000e+00
    373.000    369.018     1.2719  30.022292     1.2720  30.021118     4.3264     4.3960    -0.0055    91.2338 1.0000e-12  -64.85496  -63.91852 345.288147      31.88 7.0515e+00   1009.926      24239  1029.4886  1029.4872    34.6319    34.6303    7.77177         31 0.0000e+00
    372.000    368.026     1.2715  30.021452     1.2715  30.020387     4.3339     4.3998    -0.0046    91.2400 1.0000e-12  -64.85496  -63.91853 345.288172      32.90 7.0515e+00   1012.089      24291  1029.4838  1029.4827    34.6318    34.6305    7.77186         26 0.0000e+00
    371.000    367.039     1.2707  30.020158     1.2702  30.018594     4.3426     4.3986    -0.0074    91.2407 1.0000e-12  -64.85495  -63.91854 345.288182      33.54 7.0515e+00   1012.916      24311  1029.4791  1029.4779    34.6316    34.6301    7.77202         18 0.0000e+00
    370.000    366.049     1.2695  30.018635     1.2686  30.016448     4.3419     4.3985    -0.0073    91.2162 1.0000e-12  -64.85494  -63.91854 345.288190      34.45 7.0515e+00   1013.630      24328  1029.4744  1029.4731    34.6316    34.6298    7.77226         17 0.0000e+00
    369.000    365.060     1.2689  30.017351     1.2680  30.015314     4.3349     4.3964    -0.0077    91.2288 1.0000e-12  -64.85494  -63.91854 345.288199      35.56 7.0515e+00   1014.381      24346  1029.4694  1029.4683    34.6312    34.6296    7.77241         20 0.0000e+00
    368.000    364.072     1.2686  30.016674     1.2678  30.014552     4.3358     4.3944    -0.0077    91.2092 1.0000e-12  -64.85494  -63.91854 345.288211      36.61 7.0515e+00   1015.423      24371  1029.4647  1029.4634    34.6312    34.6294    7.77246         31 0.0000e+00
    367.000    363.083     1.2686  30.016169     1.2676  30.013928     4.3367     4.3973    -0.0039    91.1940 1.0000e-12  -64.85494  -63.91853 345.288230      37.88 7.0515e+00   1017.099      24411  1029.4600  1029.4588    34.6312    34.6294    7.77246         37 0.0000e+00
    366.000    362.095     1.2683  30.015353     1.2672  30.013124     4.3399     4.4060    -0.0154    91.2228 1.0000e-12  -64.85494  -63.91852 345.288245      38.53 7.0515e+00   1018.399      24443  1029.4552  1029.4541    34.6310    34.6294    7.77253         26 0.0000e+00
    365.000    361.108     1.2653  30.011890     1.2651  30.010550     4.3449     4.4033    -0.0150    91.2297 1.0000e-12  -64.85494  -63.91852 345.288256      39.59 7.0515e+00   1019.339      24465  1029.4504  1029.4493    34.6305    34.6290    7.77315         21 0.0000e+00
    364.000    360.119     1.2628  30.008715     1.2622  30.006984     4.3483     4.4081    -0.0135    91.2028 1.0000e-12  -64.85494  -63.91852 345.288267      40.44 7.0515e+00   1020.244      24487  1029.4455  1029.4442    34.6298    34.6282    7.77369         24 0.0000e+00
    363.000    359.129     1.2645  30.009914     1.2626  30.006713     4.3473     4.4058    -0.0081    91.2231 1.0000e-12  -64.85494  -63.91852 345.288280      41.61 7.0515e+00   1021.425      24515  1029.4407  1029.4392    34.6300    34.6280    7.77334         35 0.0000e+00
    362.000    358.142     1.2629  30.007918     1.2639  30.007919     4.3453     4.4007    -0.0077    91.2293 1.0000e-12  -64.85494  -63.91852 345.288300      42.58 7.0515e+00   1023.126      24556  1029.4360  1029.4350    34.6298    34.6287    7.77367         40 0.0000e+00
    361.000    357.153     1.2627  30.007171     1.2625  30.005834     4.3429     4.4001    -0.0077    91.2172 1.0000e-12  -64.85494  -63.91852 345.288317      43.66 7.0515e+00   1024.549      24590  1029.4312  1029.4300    34.6297    34.6282    7.77372         29 0.0000e+00
    360.000    356.164     1.2618  30.005742     1.2618  30.004766     4.3428     4.4031    -0.0080    91.2085 1.0000e-12  -64.85494  -63.91852 345.288329      44.54 7.0515e+00   1025.600      24615  1029.4263  1029.4253    34.6294    34.6281    7.77391         24 0.0000e+00
    359.000    355.176     1.2619  30.005542     1.2615  30.003999     4.3421     4.4103    -0.0141    91.2167 1.0000e-12  -64.85494  -63.91852 345.288341      45.28 7.0515e+00   1026.647      24641  1029.4218  1029.4206    34.6296    34.6280    7.77388         27 0.0000e+00
    358.000    354.186     1.2620  30.005245     1.2616  30.003554     4.3418     4.4056    -0.0071    91.2288 1.0000e-12  -64.85494  -63.91851 345.288357      46.60 7.0515e+00   1028.066      24675  1029.4171  1029.4158    34.6297    34.6280    7.77385         36 0.0000e+00
    357.000    353.199     1.2623  30.004931     1.2622  30.003785     4.3318     4.4016    -0.0077    91.2405 1.0000e-12  -64.85494  -63.91852 345.288377      47.60 7.0515e+00   1029.728      24714  1029.4123  1029.4112    34.6295    34.6282    7.77380         32 0.0000e+00
    356.000    352.211     1.2628  30.004985     1.2641  30.005343     4.3301     4.4050    -0.0077    91.2344 1.0000e-12  -64.85494  -63.91852 345.288389      48.40 7.0515e+00   1030.779      24740  1029.4076  1029.4066    34.6296    34.6286    7.77370         21 0.0000e+00
    355.000    351.223     1.2646  30.006419     1.2656  30.006348     4.3332     4.4047    -0.0042    91.2409 1.0000e-12  -64.85494  -63.91852 345.288398      49.40 7.0515e+00   1031.563      24759  1029.4030  1029.4019    34.6301    34.6288    7.77332         17 0.0000e+00
    354.000    350.233     1.2663  30.007940     1.2661  30.006709     4.3394     4.4079     0.0001    91.2159 1.0000e-12  -64.85494  -63.91852 345.288406      49.92 7.0515e+00   1032.283      24776  1029.3986  1029.3976    34.6306    34.6294    7.77294         18 0.0000e+00
    353.000    349.245     1.2656  30.006882     1.2652  30.005298     4.3386     4.4071    -0.0075    91.2364 1.0000e-12  -64.85494  -63.91850 345.288415      50.98 7.0515e+00   1033.059      24794  1029.3940  1029.3928    34.6307    34.6291    7.77308         21 0.0000e+00
    352.000    348.256     1.2648  30.005610     1.2646  30.004201     4.3431     4.4011    -0.0073    91.2230 1.0000e-12  -64.85494  -63.91850 345.288428      52.58 7.0515e+00   1034.166      24821  1029.3892  1029.3880    34.6305    34.6289    7.77325         33 0.0000e+00
    351.000    347.267     1.2653  30.005600     1.2647  30.003918     4.3412     4.4046    -0.0062    91.2179 1.0000e-12  -64.85492  -63.91848 345.288463      53.68 7.0515e+00   1037.233      24895  1029.3846  1029.3835    34.6306    34.6290    7.77316         34 0.0000e+00
    350.000    346.281     1.2647  30.004552     1.2648  30.003441     4.3407     4.4029    -0.0002    91.2148 1.0000e-12  -64.85492  -63.91848 345.288485      54.54 7.0515e+00   1039.116      24940  1029.3798  1029.3787    34.6305    34.6289    7.77328         26 0.0000e+00
    349.000    345.292     1.2646  30.004102     1.2646  30.002929     4.3452     4.4051    -0.0032    91.2149 1.0000e-12  -64.85492  -63.91850 345.288496      55.37 7.0515e+00   1040.041      24962  1029.3752  1029.3740    34.6305    34.6290    7.77329         21 0.0000e+00
    348.000    344.301     1.2633  30.002305     1.2627  30.000645     4.3454     4.4102    -0.0147    91.2149 1.0000e-12  -64.85492  -63.91850 345.288505      56.48 7.0515e+00   1040.857      24982  1029.3705  1029.3693    34.6303    34.6288    7.77356         19 0.0000e+00
    347.000    343.314     1.2611  29.999482     1.2599  29.997056     4.3465     4.4112    -0.0089    91.2303 1.0000e-12  -64.85492  -63.91850 345.288515      57.15 7.0515e+00   1041.683      25001  1029.3655  1029.3642    34.6296    34.6279    7.77403         21 0.0000e+00
    346.000    342.325     1.2601  29.997986     1.2570  29.993681     4.3447     4.4075    -0.0126    91.2156 1.0000e-12  -64.85492  -63.91850 345.288526      58.75 7.0515e+00   1042.645      25024  1029.3608  1029.3594    34.6294    34.6273    7.77424         26 0.0000e+00
    345.000    341.337     1.2616  29.998850     1.2599  29.995937     4.3440     4.4039    -0.0114    91.2329 1.0000e-12  -64.85492  -63.91848 345.288555      59.79 7.0515e+00   1045.177      25085  1029.3559  1029.3546    34.6294    34.6277    7.77394         38 0.0000e+00
    344.000    340.348     1.2609  29.997826     1.2614  29.997238     4.3626     4.4134    -0.0111    91.2333 1.0000e-12  -64.85492  -63.91846 345.288603      60.66 7.0515e+00   1049.308      25184  1029.3513  1029.3502    34.6295    34.6282    7.77408         28 0.0000e+00
    343.000    339.360     1.2558  29.992134     1.2567  29.992224     4.3732     4.4215    -0.0074    91.2263 1.0000e-12  -64.85492  -63.91846 345.288614      61.38 7.0515e+00   1050.233      25207  1029.3463  1029.3454    34.6285    34.6275    7.77515         22 0.0000e+00
    342.000    338.371     1.2492  29.984772     1.2481  29.982867     4.3725     4.4191    -0.0077    91.2404 1.0000e-12  -64.85492  -63.91846 345.288625      62.65 7.0515e+00   1051.169      25229  1029.3410  1029.3401    34.6269    34.6257    7.77654         24 0.0000e+00
    341.000    337.382     1.2481  29.982907     1.2461  29.979434     4.3608     4.4211    -0.0077    91.2407 1.0000e-12  -64.85492  -63.91846 345.288640      63.60 7.0515e+00   1052.529      25262  1029.3359  1029.3343    34.6263    34.6241    7.77679         42 0.0000e+00
    340.000    336.394     1.2483  29.982773     1.2490  29.982306     4.3562     4.4266    -0.0035    91.2360 1.0000e-12  -64.85492  -63.91846 345.288665      64.52 7.0515e+00   1054.650      25313  1029.3313  1029.3301    34.6265    34.6251    7.77674         41 0.0000e+00
    339.000    335.405     1.2453  29.979133     1.2461  29.978905     4.3580     4.4209    -0.0064    91.2383 1.0000e-12  -64.85492  -63.91845 345.288682      65.54 7.0515e+00   1056.095      25347  1029.3262  1029.3251    34.6257    34.6245    7.77737         32 0.0000e+00
    338.000    334.417     1.2461  29.979416     1.2468  29.979092     4.3648     4.4273    -0.0088    91.2521 1.0000e-12  -64.85492  -63.91844 345.288710      66.60 7.0515e+00   1058.510      25405  1029.3214  1029.3204    34.6258    34.6246    7.77721         33 0.0000e+00
    337.000    333.428     1.2466  29.979531     1.2472  29.978953     4.3666     4.4317    -0.0077    91.2372 1.0000e-12  -64.85492  -63.91844 345.288750      67.65 7.0515e+00   1062.029      25490  1029.3168  1029.3156    34.6260    34.6246    7.77711         36 0.0000e+00
    336.000    332.439     1.2455  29.978180     1.2457  29.977137     4.3725     4.4281    -0.0047    91.2088 1.0000e-12  -64.85492  -63.91844 345.288764      68.30 7.0515e+00   1063.190      25518  1029.3122  1029.3110    34.6260    34.6245    7.77732         24 0.0000e+00
    335.000    331.451     1.2437  29.975575     1.2431  29.973991     4.3642     4.4267    -0.0073    91.2387 1.0000e-12  -64.85490  -63.91843 345.288785      69.60 7.0515e+00   1064.979      25560  1029.3071  1029.3060    34.6253    34.6239    7.77772         39 0.0000e+00
    334.000    330.462     1.2436  29.975198     1.2449  29.975330     4.3663     4.4312    -0.0133    91.2561 1.0000e-12  -64.85490  -63.91842 345.288825      70.52 7.0515e+00   1068.487      25645  1029.3025  1029.3014    34.6254    34.6243    7.77772         31 0.0000e+00
    333.000    329.474     1.2403  29.971332     1.2399  29.969897     4.3849     4.4351    -0.0075    91.2348 1.0000e-12  -64.85490  -63.91842 345.288838      71.25 7.0515e+00   1069.569      25671  1029.2976  1029.2965    34.6248    34.6234    7.77842         25 0.0000e+00
    332.000    328.485     1.2380  29.968248     1.2379  29.966933     4.3765     4.4336    -0.0084    91.2317 1.0000e-12  -64.85490  -63.91842 345.288857      72.25 7.0515e+00   1071.206      25710  1029.2924  1029.2911    34.6239    34.6223    7.77891         39 0.0000e+00
    331.000    327.496     1.2394  29.969424     1.2404  29.969220     4.3767     4.4374    -0.0111    91.2267 1.0000e-12  -64.85490  -63.91838 345.288923      73.52 7.0515e+00   1076.920      25847  1029.2879  1029.2867    34.6245    34.6231    7.77861         32 0.0000e+00
