NBP2113_155081_ctd/data/nbp2113_067.cnv
* Sea-Bird SBE 9 Data File:
* FileName = D:\Data\raw\NBP2113_067.hex
* Software Version Seasave V 7.26.7.121
* Temperature SN = 2438
* Conductivity SN = 2067
* Number of Bytes Per Scan = 40
* Number of Voltage Words = 5
* Number of Scans Averaged by the Deck Unit = 1
* NMEA Latitude = 64 09.64 S
* NMEA Longitude = 061 49.92 W
* NMEA UTC (Time) = Dec 14 2021  19:29:58
* NMEA baud rate = 9600
** Ship: RVIB N.B. Palmer
** Cruise: NBP2113 LTER
** Station: 744.002
** Operator: S. Blackman
# nquan = 25
# nvalues = 946                         
# units = specified
# name 0 = prDM: Pressure, Digiquartz [db]
# name 1 = depSM: Depth [salt water, m]
# name 2 = t090C: Temperature [ITS-90, deg C]
# name 3 = c0mS/cm: Conductivity [mS/cm]
# name 4 = t190C: Temperature, 2 [ITS-90, deg C]
# name 5 = c1mS/cm: Conductivity, 2 [mS/cm]
# name 6 = sbeox0ML/L: Oxygen, SBE 43 [ml/l]
# name 7 = sbeox1ML/L: Oxygen, SBE 43, 2 [ml/l]
# name 8 = flECO-AFL: Fluorescence, WET Labs ECO-AFL/FL [mg/m^3]
# name 9 = CStarTr0: Beam Transmission, WET Labs C-Star [%]
# name 10 = par: PAR/Irradiance, Biospherical/Licor
# name 11 = latitude: Latitude [deg]
# name 12 = longitude: Longitude [deg]
# name 13 = timeJ: Julian Days
# name 14 = altM: Altimeter [m]
# name 15 = spar: SPAR, Biospherical/Licor
# name 16 = timeS: Time, Elapsed [seconds]
# name 17 = scan: Scan Count
# name 18 = density00: Density [density, kg/m^3]
# name 19 = density11: Density, 2 [density, kg/m^3]
# name 20 = sal00: Salinity, Practical [PSU]
# name 21 = sal11: Salinity, Practical, 2 [PSU]
# name 22 = oxsolML/L: Oxygen Saturation, Garcia & Gordon [ml/l]
# name 23 = nbin: number of scans per bin
# name 24 = flag: flag
# span 0 =      1.000,    476.000       
# span 1 =      0.989,    470.818       
# span 2 =    -0.7137,     0.3608       
# span 3 =  28.125544,  28.719224       
# span 4 =    -0.7135,     0.3602       
# span 5 =  28.124519,  28.717903       
# span 6 =     5.7148,    10.1845       
# span 7 =     5.8807,     8.5054       
# span 8 =    -0.0255,     1.2862       
# span 9 =    84.3543,    90.3031       
# span 10 = -4.386e-05, 5.8650e+02      
# span 11 =  -64.16168,  -64.16103      
# span 12 =  -61.83264,  -61.83203      
# span 13 = 348.815793, 348.833773      
# span 14 =       8.94,     100.99      
# span 15 = 6.7695e+02, 8.7793e+02      
# span 16 =    286.482,   1839.974      
# span 17 =       6877,      44160      
# span 18 =  1027.3322,  1030.0097      
# span 19 =  1027.3314,  1030.0080      
# span 20 =    34.0585,    34.5208      
# span 21 =    34.0573,    34.5193      
# span 22 =    7.98751,    8.19334      
# span 23 =          9,         49      
# span 24 = 0.0000e+00, 0.0000e+00      
# interval = decibars: 1                
# start_time = Dec 14 2021 19:29:58 [NMEA time, header]
# bad_flag = -9.990e-29
*END*
[from data line 638]
    308.000    304.771    -0.6350  28.250090    -0.6305  28.253860     6.2453     6.3134    -0.0053    90.1869 1.0000e-12  -64.16153  -61.83246 348.827337      99.97 8.1799e+02   1283.921      30815  1029.1888  1029.1886    34.4822    34.4821    8.17441         26 0.0000e+00
    307.000    303.783    -0.6386  28.246341    -0.6343  28.249304     6.2459     6.3179    -0.0051    90.1982 1.0000e-12  -64.16152  -61.83246 348.827349      99.97 8.1679e+02   1284.991      30841  1029.1839  1029.1830    34.4818    34.4809    8.17521         25 0.0000e+00
    306.000    302.794    -0.6414  28.242906    -0.6384  28.245025     6.2447     6.3156    -0.0029    90.1894 1.0000e-12  -64.16152  -61.83244 348.827363      99.97 8.1609e+02   1286.122      30868  1029.1786  1029.1781    34.4810    34.4804    8.17586         29 0.0000e+00
    305.000    301.806    -0.6434  28.240796    -0.6411  28.241698     6.2494     6.3198    -0.0004    90.1823 1.0000e-12  -64.16152  -61.83244 348.827377      99.97 8.1449e+02   1287.372      30898  1029.1739  1029.1728    34.4810    34.4796    8.17629         30 0.0000e+00
    304.000    300.817    -0.6462  28.237565    -0.6432  28.239475     6.2407     6.3211    -0.0136    90.1886 1.0000e-12  -64.16152  -61.83244 348.827391      99.97 8.1445e+02   1288.594      30927  1029.1689  1029.1681    34.4804    34.4796    8.17693         28 0.0000e+00
    303.000    299.828    -0.6474  28.235955    -0.6455  28.236735     6.2522     6.3255    -0.0150    90.2105 1.0000e-12  -64.16152  -61.83244 348.827404      99.97 8.1324e+02   1289.718      30954  1029.1640  1029.1630    34.4803    34.4791    8.17720         26 0.0000e+00
    302.000    298.839    -0.6515  28.231664    -0.6476  28.234285     6.2544     6.3304    -0.0150    90.2097 1.0000e-12  -64.16152  -61.83244 348.827417      99.97 8.1270e+02   1290.790      30980  1029.1590  1029.1581    34.4797    34.4788    8.17811         26 0.0000e+00
    301.000    297.850    -0.6525  28.230010    -0.6510  28.230632     6.2498     6.3311    -0.0147    90.1936 1.0000e-12  -64.16152  -61.83243 348.827429      99.97 8.1168e+02   1291.909      31007  1029.1539  1029.1532    34.4793    34.4784    8.17836         28 0.0000e+00
    300.000    296.861    -0.6519  28.229960    -0.6518  28.229113     6.2505     6.3311     0.0071    90.2073 1.0000e-12  -64.16152  -61.83242 348.827444      99.97 8.1093e+02   1293.162      31037  1029.1488  1029.1479    34.4791    34.4778    8.17823         31 0.0000e+00
    299.000    295.872    -0.6508  28.230419    -0.6508  28.229532     6.2493     6.3305    -0.0006    90.2098 1.0000e-12  -64.16152  -61.83242 348.827459      99.97 8.1093e+02   1294.424      31067  1029.1440  1029.1431    34.4791    34.4779    8.17800         28 0.0000e+00
    298.000    294.885    -0.6513  28.229213    -0.6511  28.228639     6.2504     6.3348    -0.0041    90.1946 1.0000e-12  -64.16150  -61.83242 348.827471      99.97 8.1093e+02   1295.537      31094  1029.1388  1029.1381    34.4786    34.4776    8.17813         26 0.0000e+00
    297.000    293.894    -0.6527  28.227224    -0.6514  28.227922     6.2574     6.3302    -0.0109    90.1954 1.0000e-12  -64.16150  -61.83242 348.827484      99.97 8.1080e+02   1296.623      31120  1029.1337  1029.1333    34.4781    34.4776    8.17846         27 0.0000e+00
    296.000    292.906    -0.6544  28.225029    -0.6528  28.225604     6.2560     6.3307    -0.0030    90.1927 1.0000e-12  -64.16150  -61.83241 348.827498      99.97 8.0924e+02   1297.795      31148  1029.1287  1029.1278    34.4777    34.4767    8.17885         30 0.0000e+00
    295.000    291.918    -0.6565  28.222178    -0.6527  28.224923     6.2593     6.3364    -0.0039    90.1904 1.0000e-12  -64.16150  -61.83242 348.827513      99.97 8.0916e+02   1299.111      31180  1029.1234  1029.1227    34.4769    34.4763    8.17936         33 0.0000e+00
    294.000    290.928    -0.6592  28.219059    -0.6550  28.222662     6.2587     6.3337    -0.0057    90.1701 1.0000e-12  -64.16150  -61.83242 348.827528      99.97 8.0834e+02   1300.460      31212  1029.1184  1029.1183    34.4764    34.4765    8.17997         29 0.0000e+00
    293.000    289.939    -0.6654  28.212160    -0.6601  28.216486     6.2581     6.3337    -0.0075    90.1663 1.0000e-12  -64.16150  -61.83240 348.827541      99.97 8.0737e+02   1301.577      31239  1029.1128  1029.1123    34.4748    34.4746    8.18141         25 0.0000e+00
    292.000    288.951    -0.6690  28.207733    -0.6640  28.212173     6.2699     6.3357    -0.0022    90.1870 1.0000e-12  -64.16150  -61.83240 348.827553      99.97 8.0674e+02   1302.560      31262  1029.1072  1029.1071    34.4734    34.4737    8.18225         24 0.0000e+00
    291.000    287.962    -0.6704  28.205478    -0.6690  28.206239     6.2698     6.3415    -0.0004    90.1849 1.0000e-12  -64.16150  -61.83240 348.827565      99.97 8.0566e+02   1303.605      31288  1029.1019  1029.1014    34.4726    34.4721    8.18260         27 0.0000e+00
    290.000    286.973    -0.6739  28.201563    -0.6647  28.209971     6.2719     6.3436    -0.0077    90.1755 1.0000e-12  -64.16149  -61.83240 348.827579      99.97 8.0564e+02   1304.857      31318  1029.0968  1029.0968    34.4720    34.4728    8.18341         30 0.0000e+00
    289.000    285.984    -0.6768  28.197750    -0.6729  28.201123     6.2668     6.3562    -0.0077    90.1674 1.0000e-12  -64.16148  -61.83240 348.827595      99.97 8.0461e+02   1306.173      31349  1029.0911  1029.0911    34.4707    34.4709    8.18411         31 0.0000e+00
    288.000    284.995    -0.6805  28.193448    -0.6768  28.196391     6.2688     6.3524    -0.0077    90.1279 1.0000e-12  -64.16148  -61.83240 348.827609      99.97 8.0388e+02   1307.422      31379  1029.0858  1029.0855    34.4698    34.4695    8.18496         30 0.0000e+00
    287.000    284.007    -0.6821  28.191199    -0.6797  28.192777     6.2708     6.3571    -0.0074    90.1593 1.0000e-12  -64.16148  -61.83240 348.827623      99.97 8.0266e+02   1308.671      31409  1029.0806  1029.0800    34.4691    34.4685    8.18534         29 0.0000e+00
    286.000    283.016    -0.6840  28.188616    -0.6806  28.191169     6.2798     6.3579    -0.0053    90.1800 1.0000e-12  -64.16148  -61.83239 348.827637      99.97 8.0210e+02   1309.804      31436  1029.0753  1029.0748    34.4684    34.4680    8.18579         25 0.0000e+00
    285.000    282.030    -0.6857  28.186738    -0.6822  28.189250     6.2887     6.3607    -0.0026    90.1749 1.0000e-12  -64.16148  -61.83238 348.827648      99.97 8.0211e+02   1310.785      31460  1029.0706  1029.0700    34.4684    34.4679    8.18615         23 0.0000e+00
    284.000    281.040    -0.6876  28.183981    -0.6863  28.184573     6.2861     6.3528    -0.0147    90.1585 1.0000e-12  -64.16147  -61.83238 348.827659      99.97 8.0211e+02   1311.747      31483  1029.0653  1029.0647    34.4675    34.4668    8.18663         24 0.0000e+00
    283.000    280.051    -0.6891  28.182123    -0.6876  28.182436     6.2777     6.3513    -0.0138    90.1450 1.0000e-12  -64.16146  -61.83238 348.827672      99.97 8.0069e+02   1312.859      31510  1029.0603  1029.0593    34.4672    34.4660    8.18696         30 0.0000e+00
    282.000    279.062    -0.6896  28.180998    -0.6839  28.185854     6.2885     6.3625    -0.0076    90.1525 1.0000e-12  -64.16146  -61.83238 348.827688      99.97 8.0034e+02   1314.259      31543  1029.0553  1029.0550    34.4669    34.4670    8.18709         34 0.0000e+00
    281.000    278.073    -0.6910  28.179289    -0.6886  28.180611     6.2948     6.3645    -0.0116    90.1438 1.0000e-12  -64.16146  -61.83238 348.827704      99.97 7.9960e+02   1315.590      31575  1029.0505  1029.0497    34.4668    34.4659    8.18740         29 0.0000e+00
    280.000    277.084    -0.6934  28.175806    -0.6915  28.177081     6.2973     6.3764    -0.0150    90.1623 1.0000e-12  -64.16146  -61.83238 348.827717      99.97 7.9858e+02   1316.723      31602  1029.0449  1029.0443    34.4655    34.4650    8.18800         27 0.0000e+00
    279.000    276.095    -0.6956  28.172541    -0.6937  28.173939     6.3119     6.3748    -0.0009    90.1592 1.0000e-12  -64.16146  -61.83238 348.827729      99.97 7.9852e+02   1317.814      31629  1029.0391  1029.0389    34.4642    34.4639    8.18854         26 0.0000e+00
    278.000    275.106    -0.6976  28.169878    -0.6954  28.171335     6.3058     6.3728     0.0026    90.1505 1.0000e-12  -64.16146  -61.83238 348.827742      99.97 7.9720e+02   1318.924      31655  1029.0339  1029.0334    34.4635    34.4629    8.18902         27 0.0000e+00
    277.000    274.118    -0.7009  28.165677    -0.6984  28.167633     6.2999     6.3806    -0.0046    90.1160 1.0000e-12  -64.16146  -61.83238 348.827755      99.97 7.9682e+02   1320.073      31683  1029.0283  1029.0280    34.4621    34.4619    8.18981         29 0.0000e+00
    276.000    273.128    -0.7009  28.164349    -0.7003  28.164644     6.2985     6.3809    -0.0131    90.1462 1.0000e-12  -64.16146  -61.83238 348.827769      99.97 7.9569e+02   1321.266      31711  1029.0225  1029.0223    34.4610    34.4607    8.18988         28 0.0000e+00
    275.000    272.139    -0.6990  28.164748    -0.7008  28.163017     6.3043     6.3828    -0.0092    90.1478 1.0000e-12  -64.16146  -61.83236 348.827783      99.97 7.9478e+02   1322.441      31740  1029.0168  1029.0167    34.4600    34.4597    8.18953         27 0.0000e+00
    274.000    271.150    -0.6968  28.164957    -0.6990  28.163147     6.3024     6.3813    -0.0014    90.1262 1.0000e-12  -64.16145  -61.83236 348.827796      99.97 7.9329e+02   1323.589      31767  1029.0105  1029.0108    34.4584    34.4585    8.18915         29 0.0000e+00
    273.000    270.162    -0.6964  28.164719    -0.6977  28.163161     6.2982     6.3845    -0.0007    90.1237 1.0000e-12  -64.16144  -61.83236 348.827810      99.97 7.9263e+02   1324.788      31796  1029.0056  1029.0052    34.4583    34.4576    8.18907         29 0.0000e+00
    272.000    269.173    -0.6963  28.164328    -0.6973  28.163014     6.3008     6.3809    -0.0067    90.0846 1.0000e-12  -64.16144  -61.83236 348.827824      99.97 7.9117e+02   1325.999      31825  1029.0008  1029.0004    34.4582    34.4576    8.18904         29 0.0000e+00
    271.000    268.182    -0.6959  28.164064    -0.6965  28.162616     6.3038     6.3871    -0.0019    90.1042 1.0000e-12  -64.16144  -61.83236 348.827838      99.97 7.8976e+02   1327.216      31854  1028.9958  1028.9949    34.4580    34.4568    8.18898         29 0.0000e+00
    270.000    267.195    -0.6956  28.163698    -0.6964  28.162244     6.2993     6.3828    -0.0078    90.1181 1.0000e-12  -64.16144  -61.83236 348.827852      99.97 7.8840e+02   1328.452      31884  1028.9908  1028.9900    34.4578    34.4567    8.18892         30 0.0000e+00
    269.000    266.205    -0.6955  28.163254    -0.6959  28.161966     6.3040     6.3825    -0.0077    90.1126 1.0000e-12  -64.16144  -61.83236 348.827866      99.97 7.8719e+02   1329.613      31912  1028.9860  1028.9850    34.4577    34.4564    8.18891         26 0.0000e+00
    268.000    265.217    -0.6955  28.162629    -0.6958  28.161570     6.3006     6.3829    -0.0100    90.1180 1.0000e-12  -64.16144  -61.83236 348.827878      99.97 7.8575e+02   1330.668      31937  1028.9810  1028.9801    34.4575    34.4564    8.18892         25 0.0000e+00
    267.000    264.228    -0.6952  28.162120    -0.6957  28.160954     6.3029     6.3828    -0.0089    90.1026 1.0000e-12  -64.16144  -61.83236 348.827891      99.97 7.8405e+02   1331.779      31964  1028.9759  1028.9751    34.4571    34.4560    8.18888         31 0.0000e+00
    266.000    263.239    -0.6952  28.161730    -0.6956  28.160911     6.3049     6.3774    -0.0004    90.1077 1.0000e-12  -64.16144  -61.83236 348.827908      99.97 7.8206e+02   1333.243      31999  1028.9712  1028.9706    34.4571    34.4564    8.18887         37 0.0000e+00
    265.000    262.250    -0.6952  28.161215    -0.6955  28.159999     6.3095     6.3821    -0.0026    90.1048 1.0000e-12  -64.16144  -61.83236 348.827926      99.97 7.7996e+02   1334.835      32037  1028.9663  1028.9653    34.4570    34.4557    8.18887         35 0.0000e+00
    264.000    261.259    -0.6951  28.160691    -0.6953  28.159474     6.3032     6.3805    -0.0012    90.0969 1.0000e-12  -64.16144  -61.83235 348.827946      99.97 7.7777e+02   1336.501      32077  1028.9614  1028.9603    34.4569    34.4555    8.18887         36 0.0000e+00
    263.000    260.272    -0.6946  28.160796    -0.6952  28.158992     6.3001     6.3792    -0.0004    90.0636 1.0000e-12  -64.16144  -61.83234 348.827965      99.97 7.7594e+02   1338.180      32117  1028.9568  1028.9554    34.4571    34.4553    8.18875         37 0.0000e+00
    262.000    259.284    -0.6948  28.160164    -0.6949  28.159052     6.2994     6.3804    -0.0004    90.1029 1.0000e-12  -64.16144  -61.83234 348.827982      99.97 7.7443e+02   1339.665      32153  1028.9520  1028.9509    34.4571    34.4556    8.18880         35 0.0000e+00
    261.000    258.293    -0.6947  28.159850    -0.6952  28.158584     6.2980     6.3783    -0.0009    90.1116 1.0000e-12  -64.16142  -61.83234 348.828003      99.97 7.7232e+02   1341.464      32196  1028.9473  1028.9464    34.4571    34.4559    8.18876         42 0.0000e+00
    260.000    257.306    -0.6937  28.160523    -0.6944  28.158862     6.3015     6.3835     0.0035    90.1030 1.0000e-12  -64.16142  -61.83234 348.828031      99.97 7.6915e+02   1343.911      32255  1028.9428  1028.9416    34.4574    34.4560    8.18852         29 0.0000e+00
    259.000    256.315    -0.6934  28.160264    -0.6938  28.158834     6.3009     6.3763     0.0044    90.0953 1.0000e-12  -64.16142  -61.83234 348.828066      99.97 7.6468e+02   1346.947      32328  1028.9379  1028.9368    34.4574    34.4559    8.18846         40 0.0000e+00
    258.000    255.329    -0.6932  28.159958    -0.6936  28.158638     6.3029     6.3813     0.0049    90.0955 1.0000e-12  -64.16142  -61.83234 348.828094      99.97 7.6121e+02   1349.311      32384  1028.9332  1028.9321    34.4574    34.4560    8.18843         36 0.0000e+00
    257.000    254.338    -0.6937  28.158824    -0.6942  28.157238     6.2977     6.3806     0.0010    90.1120 1.0000e-12  -64.16142  -61.83234 348.828127      99.97 7.5690e+02   1352.189      32454  1028.9282  1028.9269    34.4571    34.4555    8.18856         33 0.0000e+00
    256.000    253.349    -0.6931  28.159119    -0.6937  28.157522     6.3006     6.3767    -0.0057    90.1062 1.0000e-12  -64.16142  -61.83234 348.828160      99.96 7.5282e+02   1354.984      32521  1028.9236  1028.9225    34.4573    34.4558    8.18840         34 0.0000e+00
    255.000    252.359    -0.6932  28.158526    -0.6934  28.157349     6.3020     6.3777     0.0044    90.0995 1.0000e-12  -64.16142  -61.83234 348.828193      99.97 7.5021e+02   1357.900      32591  1028.9188  1028.9177    34.4573    34.4559    8.18843         45 0.0000e+00
    254.000    251.372    -0.6925  28.158608    -0.6930  28.157225     6.3058     6.3810    -0.0045    90.0939 1.0000e-12  -64.16142  -61.83234 348.828225      99.97 7.4925e+02   1360.602      32655  1028.9140  1028.9129    34.4573    34.4559    8.18829         37 0.0000e+00
    253.000    250.379    -0.6925  28.158096    -0.6925  28.156996     6.3058     6.3763    -0.0061    90.0906 1.0000e-12  -64.16142  -61.83234 348.828331      99.97 7.4226e+02   1369.820      32877  1028.9092  1028.9079    34.4572    34.4556    8.18829         35 0.0000e+00
    252.000    249.392    -0.6917  28.158299    -0.6920  28.156989     6.2942     6.3801    -0.0027    90.0996 1.0000e-12  -64.16144  -61.83236 348.828698      69.34 7.2807e+02   1401.473      33636  1028.9043  1028.9031    34.4572    34.4556    8.18812         38 0.0000e+00
