NBP2113_155081_ctd/data/nbp2113_024.ros
* Sea-Bird SBE 9 Data File:
* FileName = D:\Data\raw\NBP2113_024.hex
* Software Version Seasave V 7.26.7.121
* Temperature SN = 2438
* Conductivity SN = 2067
* Number of Bytes Per Scan = 40
* Number of Voltage Words = 5
* Number of Scans Averaged by the Deck Unit = 1
* NMEA Latitude = 67 06.83 S
* NMEA Longitude = 071 31.86 W
* NMEA UTC (Time) = Dec 02 2021  07:40:38
* NMEA baud rate = 9600
** Ship: RVIB N.B. Palmer
** Cruise: NBP2113 LTER
** Station: 200.100
** Operator: B. Urmston
# nquan = 20
# nvalues = 1098                                  
# units = specified
# name 0 = prDM: Pressure, Digiquartz [db]
# name 1 = depSM: Depth [salt water, m]
# name 2 = t090C: Temperature [ITS-90, deg C]
# name 3 = c0mS/cm: Conductivity [mS/cm]
# name 4 = t190C: Temperature, 2 [ITS-90, deg C]
# name 5 = c1mS/cm: Conductivity, 2 [mS/cm]
# name 6 = sbeox0ML/L: Oxygen, SBE 43 [ml/l]
# name 7 = sbeox1ML/L: Oxygen, SBE 43, 2 [ml/l]
# name 8 = flECO-AFL: Fluorescence, WET Labs ECO-AFL/FL [mg/m^3]
# name 9 = CStarTr0: Beam Transmission, WET Labs C-Star [%]
# name 10 = par: PAR/Irradiance, Biospherical/Licor
# name 11 = latitude: Latitude [deg]
# name 12 = longitude: Longitude [deg]
# name 13 = timeJ: Julian Days
# name 14 = altM: Altimeter [m]
# name 15 = spar: SPAR, Biospherical/Licor
# name 16 = timeS: Time, Elapsed [seconds]
# name 17 = scan: Scan Count
# name 18 = nbf: Bottles Fired
# name 19 = flag:  0.000e+00
# interval = seconds: 0.0416667
# start_time = Dec 02 2021 07:40:38 [NMEA time, header]
# bad_flag = -9.990e-29
*END*
[from data line 652]
     52.247     51.721    -0.4887  27.910790    -0.4890  27.909607     8.0984     8.1420     2.8274    87.9962 8.9526e-02  -67.11386  -71.53028 336.342248      99.93 5.4649e+01   1932.250      46375         14  0.000e+00
     52.309     51.782    -0.4890  27.910790    -0.4889  27.909326     8.0971     8.1420     2.8348    87.9962 8.9526e-02  -67.11386  -71.53028 336.342249      99.95 5.4649e+01   1932.292      46376         14  0.000e+00
     52.247     51.721    -0.4888  27.911078    -0.4893  27.909551     8.0955     8.1428     2.8348    87.9962 8.9526e-02  -67.11386  -71.53028 336.342249      99.98 5.2886e+01   1932.333      46377         14  0.000e+00
     52.302     51.775    -0.4887  27.910848    -0.4890  27.909495     8.1013     8.1428     2.8274    87.9962 8.9526e-02  -67.11386  -71.53028 336.342250      99.98 5.2886e+01   1932.375      46378         14  0.000e+00
     52.254     51.728    -0.4888  27.910905    -0.4889  27.909382     8.0966     8.1372     2.8348    87.9962 8.9526e-02  -67.11386  -71.53028 336.342250      99.98 5.2886e+01   1932.417      46379         14  0.000e+00
     52.302     51.775    -0.4890  27.910790    -0.4888  27.909214     8.0965     8.1419     2.8348    87.9962 8.9526e-02  -67.11386  -71.53028 336.342251      99.98 5.4649e+01   1932.458      46380         14  0.000e+00
     35.523     35.167    -0.4933  27.898657    -0.4937  27.896127     8.1290     8.1627     2.5271    87.9447 6.5087e-01  -67.11386  -71.53042 336.342845      99.98 5.6412e+01   1983.833      47613         15  0.000e+00
     35.523     35.167    -0.4932  27.898312    -0.4935  27.896408     8.1290     8.1627     2.5271    87.9447 6.5458e-01  -67.11386  -71.53042 336.342846      99.98 5.6412e+01   1983.875      47614         15  0.000e+00
     35.523     35.167    -0.4933  27.898370    -0.4936  27.896576     8.1247     8.1628     2.5271    87.9190 6.5458e-01  -67.11386  -71.53042 336.342846      99.98 5.6412e+01   1983.917      47615         15  0.000e+00
     35.420     35.065    -0.4931  27.898484    -0.4934  27.896239     8.1163     8.1629     2.5271    87.9190 6.5458e-01  -67.11386  -71.53042 336.342847      99.98 5.6412e+01   1983.958      47616         15  0.000e+00
     35.372     35.018    -0.4931  27.898254    -0.4935  27.896463     8.1111     8.1630     2.5198    87.9190 6.5458e-01  -67.11386  -71.53042 336.342847      99.98 5.6412e+01   1984.000      47617         15  0.000e+00
     35.420     35.065    -0.4931  27.898197    -0.4936  27.896351     8.1164     8.1633     2.5271    87.9190 6.5458e-01  -67.11386  -71.53042 336.342848      99.95 5.6412e+01   1984.042      47618         15  0.000e+00
     35.372     35.018    -0.4934  27.898197    -0.4935  27.896295     8.1211     8.1635     2.5271    87.9190 6.5458e-01  -67.11386  -71.53042 336.342848      99.95 5.6412e+01   1984.083      47619         15  0.000e+00
     35.318     34.963    -0.4934  27.897794    -0.4936  27.896463     8.1271     8.1637     2.5271    87.9190 6.5458e-01  -67.11386  -71.53042 336.342849      99.98 5.6412e+01   1984.125      47620         15  0.000e+00
     35.222     34.869    -0.4934  27.898081    -0.4935  27.896463     8.1271     8.1639     2.5271    87.9447 6.5831e-01  -67.11386  -71.53042 336.342849      99.98 5.6412e+01   1984.167      47621         15  0.000e+00
     35.270     34.916    -0.4934  27.898196    -0.4935  27.896519     8.1386     8.1643     2.5271    87.9190 6.5831e-01  -67.11386  -71.53042 336.342850      99.98 5.6412e+01   1984.208      47622         15  0.000e+00
     35.167     34.814    -0.4933  27.898023    -0.4936  27.896350     8.1378     8.1646     2.5271    87.9447 6.5831e-01  -67.11386  -71.53042 336.342850      99.95 5.6412e+01   1984.250      47623         15  0.000e+00
     35.167     34.814    -0.4934  27.898138    -0.4937  27.896294     8.1343     8.1651     2.5271    87.9190 6.5831e-01  -67.11386  -71.53042 336.342851      99.95 5.6412e+01   1984.292      47624         15  0.000e+00
     35.119     34.767    -0.4934  27.898023    -0.4936  27.896407     8.1234     8.1655     2.5271    87.9190 6.6205e-01  -67.11386  -71.53042 336.342851      99.98 5.6412e+01   1984.333      47625         15  0.000e+00
     35.119     34.767    -0.4933  27.898138    -0.4935  27.896519     8.1258     8.1659     2.5271    87.9190 6.6205e-01  -67.11386  -71.53042 336.342852      99.98 5.6412e+01   1984.375      47626         15  0.000e+00
     35.016     34.665    -0.4931  27.898023    -0.4935  27.896350     8.1264     8.1655     2.5271    87.9190 6.6205e-01  -67.11386  -71.53042 336.342852      99.98 5.6412e+01   1984.417      47627         15  0.000e+00
     35.017     34.665    -0.4931  27.898138    -0.4933  27.896631     8.1199     8.1651     2.5198    87.9190 6.6580e-01  -67.11386  -71.53042 336.342853      99.98 5.6412e+01   1984.458      47628         15  0.000e+00
     34.969     34.618    -0.4931  27.898195    -0.4933  27.896294     8.1120     8.1656     2.4904    87.9190 6.6580e-01  -67.11386  -71.53042 336.342853      99.98 5.6412e+01   1984.500      47629         15  0.000e+00
     34.914     34.564    -0.4931  27.898195    -0.4931  27.896462     8.1130     8.1660     2.4465    87.9190 6.6580e-01  -67.11386  -71.53042 336.342853      99.95 5.6412e+01   1984.542      47630         15  0.000e+00
     34.866     34.516    -0.4931  27.898023    -0.4931  27.896574     8.1226     8.1657     2.4318    87.9190 6.6955e-01  -67.11386  -71.53042 336.342854      99.93 5.6412e+01   1984.583      47631         15  0.000e+00
     34.866     34.516    -0.4932  27.898138    -0.4932  27.896350     8.1232     8.1655     2.4392    87.9190 6.6955e-01  -67.11386  -71.53042 336.342854      99.95 5.6412e+01   1984.625      47632         15  0.000e+00
     34.763     34.415    -0.4931  27.898022    -0.4935  27.896293     8.1177     8.1651     2.4392    87.9190 6.6955e-01  -67.11386  -71.53042 336.342855      99.98 5.6412e+01   1984.667      47633         15  0.000e+00
     34.763     34.415    -0.4928  27.898368    -0.4933  27.896406     8.1167     8.1657     2.4392    87.9447 6.7332e-01  -67.11386  -71.53042 336.342855      99.98 5.6412e+01   1984.708      47634         15  0.000e+00
     34.613     34.266    -0.4931  27.898252    -0.4931  27.896518     8.1125     8.1661     2.4392    87.9190 6.7332e-01  -67.11386  -71.53042 336.342856      99.95 5.6412e+01   1984.750      47635         15  0.000e+00
     34.715     34.367    -0.4931  27.898022    -0.4933  27.896349     8.1074     8.1661     2.4392    87.9190 6.7710e-01  -67.11386  -71.53042 336.342856      99.93 5.6412e+01   1984.792      47636         15  0.000e+00
     34.558     34.211    -0.4931  27.898137    -0.4933  27.896293     8.1052     8.1657     2.4318    87.9190 6.7710e-01  -67.11386  -71.53042 336.342857      99.95 5.6412e+01   1984.833      47637         15  0.000e+00
     34.558     34.211    -0.4930  27.898194    -0.4931  27.896405     8.1019     8.1654     2.4392    87.9190 6.8089e-01  -67.11386  -71.53042 336.342857      99.98 5.6412e+01   1984.875      47638         15  0.000e+00
     34.510     34.164    -0.4931  27.898194    -0.4931  27.896517     8.1000     8.1651     2.4392    87.9190 6.8089e-01  -67.11386  -71.53042 336.342858      99.98 5.6412e+01   1984.917      47639         15  0.000e+00
     34.462     34.116    -0.4931  27.898424    -0.4932  27.896124     8.0923     8.1658     2.4392    87.9190 6.8469e-01  -67.11386  -71.53042 336.342858      99.98 5.6412e+01   1984.958      47640         15  0.000e+00
     34.462     34.116    -0.4931  27.897676    -0.4933  27.896011     8.0895     8.1657     2.4392    87.9190 6.8850e-01  -67.11386  -71.53042 336.342859      99.98 5.6412e+01   1985.000      47641         15  0.000e+00
     34.359     34.015    -0.4928  27.897561    -0.4931  27.896123     8.0910     8.1662     2.4392    87.9190 6.8850e-01  -67.11386  -71.53042 336.342859      99.98 5.6412e+01   1985.042      47642         15  0.000e+00
     34.359     34.015    -0.4931  27.897906    -0.4931  27.895842     8.0882     8.1670     2.4392    87.9190 6.8850e-01  -67.11386  -71.53042 336.342860      99.95 5.6412e+01   1985.083      47643         15  0.000e+00
     34.257     33.913    -0.4929  27.897963    -0.4933  27.895955     8.0854     8.1668     2.4392    87.9190 6.9233e-01  -67.11386  -71.53042 336.342860      99.98 5.6412e+01   1985.125      47644         15  0.000e+00
     34.202     33.859    -0.4931  27.898136    -0.4933  27.896011     8.0813     8.1666     2.4392    87.9190 6.9616e-01  -67.11386  -71.53042 336.342861      99.98 5.6412e+01   1985.167      47645         15  0.000e+00
     34.257     33.913    -0.4927  27.897791    -0.4932  27.896404     8.0773     8.1674     2.4392    87.9190 7.0000e-01  -67.11386  -71.53042 336.342861      99.95 5.6412e+01   1985.208      47646         15  0.000e+00
     34.106     33.764    -0.4928  27.897848    -0.4931  27.895898     8.0803     8.1681     2.4392    87.9190 7.0000e-01  -67.11386  -71.53042 336.342862      99.93 5.6412e+01   1985.250      47647         15  0.000e+00
     34.154     33.812    -0.4928  27.898136    -0.4932  27.896123     8.0790     8.1690     2.4392    87.9190 7.0386e-01  -67.11386  -71.53042 336.342862      99.95 5.6412e+01   1985.292      47648         15  0.000e+00
     34.051     33.710    -0.4932  27.897790    -0.4933  27.896291     8.0777     8.1689     2.4392    87.9190 7.0386e-01  -67.11386  -71.53042 336.342863      99.98 5.6412e+01   1985.333      47649         15  0.000e+00
     34.003     33.663    -0.4928  27.897848    -0.4933  27.896066     8.0763     8.1689     2.4392    87.8932 7.0772e-01  -67.11386  -71.53042 336.342863      99.98 5.6412e+01   1985.375      47650         15  0.000e+00
     33.949     33.608    -0.4928  27.897790    -0.4932  27.895897     8.0822     8.1688     2.4392    87.9190 7.1160e-01  -67.11386  -71.53042 336.342864      99.98 5.6412e+01   1985.417      47651         15  0.000e+00
     33.949     33.608    -0.4929  27.897675    -0.4930  27.895954     8.0778     8.1688     2.4392    87.9190 7.1549e-01  -67.11386  -71.53042 336.342864      99.98 5.6412e+01   1985.458      47652         15  0.000e+00
     33.901     33.561    -0.4930  27.897675    -0.4931  27.895841     8.0780     8.1688     2.4392    87.9190 7.1549e-01  -67.11386  -71.53042 336.342865      99.98 5.6412e+01   1985.500      47653         15  0.000e+00
     33.853     33.513    -0.4928  27.897674    -0.4931  27.895953     8.0795     8.1687     2.4392    87.9190 7.1938e-01  -67.11386  -71.53042 336.342865      99.95 5.6412e+01   1985.542      47654         15  0.000e+00
     33.778     33.439    -0.4927  27.897847    -0.4931  27.896122     8.0825     8.1686     2.4831    87.9190 7.1938e-01  -67.11386  -71.53042 336.342866      99.93 5.6412e+01   1985.583      47655         15  0.000e+00
     33.750     33.412    -0.4928  27.897789    -0.4932  27.895841     8.0859     8.1686     2.6223    87.9190 7.2329e-01  -67.11386  -71.53042 336.342866      99.95 5.6412e+01   1985.625      47656         15  0.000e+00
     33.750     33.412    -0.4926  27.897904    -0.4931  27.895785     8.0937     8.1686     2.6663    87.9190 7.2721e-01  -67.11386  -71.53042 336.342867      99.98 5.6412e+01   1985.667      47657         15  0.000e+00
     33.648     33.310    -0.4928  27.897731    -0.4930  27.895953     8.0971     8.1684     2.6736    87.9190 7.2721e-01  -67.11386  -71.53042 336.342867      99.98 5.6412e+01   1985.708      47658         15  0.000e+00
     33.648     33.310    -0.4928  27.897674    -0.4929  27.896009     8.0949     8.1684     2.6663    87.9190 7.3115e-01  -67.11386  -71.53042 336.342867      99.95 5.6412e+01   1985.750      47659         15  0.000e+00
     33.600     33.263    -0.4930  27.897674    -0.4930  27.895728     8.0913     8.1684     2.6589    87.9190 7.3509e-01  -67.11386  -71.53042 336.342868      99.95 5.6412e+01   1985.792      47660         15  0.000e+00
     33.545     33.209    -0.4928  27.897674    -0.4931  27.895896     8.0910     8.1738     2.6589    87.9190 7.3509e-01  -67.11386  -71.53042 336.342868      99.95 5.6412e+01   1985.833      47661         15  0.000e+00
     35.375     35.020    -0.4931  27.898484    -0.4930  27.896351     8.1153     8.1721     2.6663    87.9190 7.7919e-01  -67.11386  -71.53046 336.342944      99.98 5.4649e+01   1992.375      47818         16  0.000e+00
     35.272     34.919    -0.4931  27.897851    -0.4934  27.896295     8.1123     8.1775     2.6663    87.9190 7.8327e-01  -67.11386  -71.53046 336.342945      99.98 5.6412e+01   1992.417      47819         16  0.000e+00
     35.320     34.966    -0.4931  27.898312    -0.4931  27.896463     8.1036     8.1774     2.6589    87.9190 7.8327e-01  -67.11386  -71.53046 336.342945      99.98 5.6412e+01   1992.458      47820         16  0.000e+00
     35.224     34.871    -0.4932  27.898484    -0.4933  27.896632     8.1109     8.1717     2.6663    87.9190 7.8736e-01  -67.11386  -71.53046 336.342946      99.98 5.4649e+01   1992.500      47821         16  0.000e+00
     35.272     34.919    -0.4931  27.898254    -0.4931  27.896576     8.1108     8.1716     2.6663    87.9190 7.9146e-01  -67.11386  -71.53046 336.342946      99.95 5.4649e+01   1992.542      47822         16  0.000e+00
     35.170     34.817    -0.4932  27.898196    -0.4933  27.896744     8.1047     8.1714     2.6589    87.9190 7.9146e-01  -67.11386  -71.53046 336.342947      99.95 5.6412e+01   1992.583      47823         16  0.000e+00
     35.170     34.817    -0.4931  27.898023    -0.4931  27.896632     8.1091     8.1714     2.6663    87.9190 7.9557e-01  -67.11386  -71.53046 336.342947      99.95 5.4649e+01   1992.625      47824         16  0.000e+00
     35.224     34.871    -0.4931  27.898139    -0.4934  27.896463     8.1134     8.1715     2.6663    87.9190 7.9969e-01  -67.11386  -71.53046 336.342948      99.98 5.6412e+01   1992.667      47825         16  0.000e+00
     35.122     34.770    -0.4931  27.898196    -0.4933  27.896519     8.1086     8.1705     2.6663    87.9190 7.9969e-01  -67.11386  -71.53046 336.342948      99.98 5.4649e+01   1992.708      47826         16  0.000e+00
     35.122     34.770    -0.4933  27.898023    -0.4934  27.896575     8.1026     8.1705     2.6589    87.9190 8.0383e-01  -67.11386  -71.53046 336.342948      99.93 5.6412e+01   1992.750      47827         16  0.000e+00
     35.067     34.715    -0.4929  27.898138    -0.4933  27.896350     8.1023     8.1705     2.6663    87.9190 8.0383e-01  -67.11386  -71.53048 336.342949      99.95 5.6412e+01   1992.792      47828         16  0.000e+00
     35.122     34.770    -0.4931  27.898023    -0.4933  27.896407     8.1069     8.1707     2.6663    87.9190 8.0798e-01  -67.11386  -71.53048 336.342949      99.98 5.6412e+01   1992.833      47829         16  0.000e+00
     35.067     34.715    -0.4930  27.898138    -0.4934  27.896294     8.1139     8.1708     2.6663    87.9190 8.0798e-01  -67.11386  -71.53048 336.342950      99.98 5.4649e+01   1992.875      47830         16  0.000e+00
     35.019     34.668    -0.4929  27.898196    -0.4931  27.896294     8.1107     8.1709     2.6589    87.9190 8.0798e-01  -67.11386  -71.53048 336.342950      99.98 5.6412e+01   1992.917      47831         16  0.000e+00
     35.067     34.715    -0.4928  27.898196    -0.4930  27.896463     8.1122     8.1711     2.6663    87.9190 8.1214e-01  -67.11386  -71.53048 336.342951      99.98 5.6412e+01   1992.958      47832         16  0.000e+00
     34.971     34.621    -0.4931  27.898195    -0.4931  27.896575     8.1194     8.1713     2.6663    87.8932 8.1214e-01  -67.11386  -71.53048 336.342951      99.98 5.6412e+01   1993.000      47833         16  0.000e+00
