NBP2113_155081_ctd/data/nbp2113_042.ros
* Sea-Bird SBE 9 Data File:
* FileName = D:\Data\raw\NBP2113_042.hex
* Software Version Seasave V 7.26.7.121
* Temperature SN = 2438
* Conductivity SN = 2067
* Number of Bytes Per Scan = 40
* Number of Voltage Words = 5
* Number of Scans Averaged by the Deck Unit = 1
* NMEA Latitude = 64 49.83 S
* NMEA Longitude = 063 54.10 W
* NMEA UTC (Time) = Dec 10 2021  15:52:47
* NMEA baud rate = 9600
** Ship: RVIB N.B. Palmer
** Cruise: NBP2113 LTER
** Station: 624.030
** Operator: S. Blackman
# nquan = 20
# nvalues = 1176                                  
# units = specified
# name 0 = prDM: Pressure, Digiquartz [db]
# name 1 = depSM: Depth [salt water, m]
# name 2 = t090C: Temperature [ITS-90, deg C]
# name 3 = c0mS/cm: Conductivity [mS/cm]
# name 4 = t190C: Temperature, 2 [ITS-90, deg C]
# name 5 = c1mS/cm: Conductivity, 2 [mS/cm]
# name 6 = sbeox0ML/L: Oxygen, SBE 43 [ml/l]
# name 7 = sbeox1ML/L: Oxygen, SBE 43, 2 [ml/l]
# name 8 = flECO-AFL: Fluorescence, WET Labs ECO-AFL/FL [mg/m^3]
# name 9 = CStarTr0: Beam Transmission, WET Labs C-Star [%]
# name 10 = par: PAR/Irradiance, Biospherical/Licor
# name 11 = latitude: Latitude [deg]
# name 12 = longitude: Longitude [deg]
# name 13 = timeJ: Julian Days
# name 14 = altM: Altimeter [m]
# name 15 = spar: SPAR, Biospherical/Licor
# name 16 = timeS: Time, Elapsed [seconds]
# name 17 = scan: Scan Count
# name 18 = nbf: Bottles Fired
# name 19 = flag:  0.000e+00
# interval = seconds: 0.0416667
# start_time = Dec 10 2021 15:52:47 [NMEA time, header]
# bad_flag = -9.990e-29
*END*
[from data line 435]
     91.159     90.246     0.3015  28.820720     0.3023  28.821509     6.1303     6.1841     0.1022    91.0347 1.2279e+00  -64.83126  -63.90174 344.679609      99.98 1.5778e+03   1551.208      37230          9  0.000e+00
     91.056     90.144     0.3013  28.820487     0.3024  28.822078     6.1280     6.1833     0.1022    91.0347 1.2279e+00  -64.83126  -63.90174 344.679609      99.95 1.5778e+03   1551.250      37231          9  0.000e+00
     91.159     90.246     0.3018  28.819905     0.3024  28.821964     6.1273     6.1828     0.1022    91.0347 1.2279e+00  -64.83126  -63.90174 344.679610      99.98 1.5778e+03   1551.292      37232          9  0.000e+00
     91.090     90.178     0.3016  28.820487     0.3024  28.822305     6.1210     6.1822     0.1095    91.0347 1.2279e+00  -64.83126  -63.90174 344.679610      99.98 1.5778e+03   1551.333      37233          9  0.000e+00
     91.111     90.199     0.3013  28.819905     0.3028  28.822476     6.1181     6.1817     0.1095    91.0347 1.2279e+00  -64.83126  -63.90174 344.679611      99.98 1.5778e+03   1551.375      37234          9  0.000e+00
     91.111     90.199     0.3013  28.820196     0.3028  28.823159     6.1109     6.1814     0.1095    91.0347 1.2279e+00  -64.83126  -63.90174 344.679611      99.98 1.5778e+03   1551.417      37235          9  0.000e+00
     91.009     90.098     0.3024  28.822642     0.2981  28.812917     6.1293     6.1907     0.1095    91.0604 1.2279e+00  -64.83126  -63.90174 344.679652      99.98 1.5778e+03   1554.917      37319         10  0.000e+00
     91.091     90.180     0.3026  28.822118     0.2988  28.814453     6.1260     6.1909     0.1095    91.0347 1.2279e+00  -64.83126  -63.90174 344.679652      99.98 1.5778e+03   1554.958      37320         10  0.000e+00
     91.057     90.146     0.3029  28.822351     0.2992  28.815876     6.1326     6.1911     0.1095    91.0604 1.2279e+00  -64.83126  -63.90174 344.679653      99.98 1.5778e+03   1555.000      37321         10  0.000e+00
     91.057     90.146     0.3027  28.822351     0.2997  28.816615     6.1350     6.1914     0.1095    91.0862 1.2279e+00  -64.83126  -63.90174 344.679653      99.95 1.5778e+03   1555.042      37322         10  0.000e+00
     91.091     90.180     0.3027  28.822934     0.3005  28.817469     6.1360     6.1918     0.1095    91.0862 1.2279e+00  -64.83126  -63.90174 344.679654      99.93 1.5778e+03   1555.083      37323         10  0.000e+00
     91.009     90.098     0.3029  28.822642     0.3008  28.817753     6.1326     6.1921     0.1095    91.0862 1.2279e+00  -64.83126  -63.90174 344.679654      99.95 1.5778e+03   1555.125      37324         10  0.000e+00
     91.057     90.146     0.3027  28.822351     0.2994  28.818721     6.1381     6.1928     0.1095    91.0862 1.2279e+00  -64.83126  -63.90174 344.679655      99.98 1.5778e+03   1555.167      37325         10  0.000e+00
     90.989     90.078     0.3029  28.822934     0.2982  28.818038     6.1389     6.1882     0.1095    91.0604 1.2279e+00  -64.83126  -63.90174 344.679655      99.98 1.5778e+03   1555.208      37326         10  0.000e+00
     91.057     90.146     0.3027  28.822934     0.2977  28.816047     6.1343     6.1882     0.1095    91.0604 1.2279e+00  -64.83126  -63.90174 344.679656      99.95 1.5778e+03   1555.250      37327         10  0.000e+00
     91.009     90.098     0.3024  28.822642     0.2977  28.812917     6.1353     6.1873     0.1095    91.0862 1.2279e+00  -64.83126  -63.90174 344.679656      99.95 1.5778e+03   1555.292      37328         10  0.000e+00
     91.037     90.125     0.3029  28.822934     0.2976  28.811210     6.1419     6.1927     0.1095    91.0862 1.2279e+00  -64.83126  -63.90174 344.679657      99.98 1.5778e+03   1555.333      37329         10  0.000e+00
     91.009     90.098     0.3029  28.822351     0.2968  28.809105     6.1442     6.1937     0.1095    91.0862 1.2279e+00  -64.83126  -63.90174 344.679657      99.98 1.5778e+03   1555.375      37330         10  0.000e+00
     91.009     90.098     0.3029  28.822642     0.2963  28.807512     6.1408     6.1946     0.1095    91.0604 1.2333e+00  -64.83126  -63.90174 344.679658      99.98 1.5778e+03   1555.417      37331         10  0.000e+00
     91.009     90.098     0.3029  28.822934     0.2953  28.804554     6.1476     6.1949     0.1095    91.0862 1.2279e+00  -64.83126  -63.90174 344.679658      99.98 1.5778e+03   1555.458      37332         10  0.000e+00
     90.934     90.024     0.3029  28.822642     0.2948  28.802961     6.1485     6.1950     0.1095    91.0862 1.2333e+00  -64.83126  -63.90174 344.679659      99.98 1.5778e+03   1555.500      37333         10  0.000e+00
     91.009     90.098     0.3027  28.822642     0.2951  28.801880     6.1439     6.1959     0.1095    91.0862 1.2333e+00  -64.83126  -63.90174 344.679659      99.98 1.5778e+03   1555.542      37334         10  0.000e+00
     90.954     90.044     0.3029  28.822642     0.2958  28.802904     6.1435     6.1965     0.1095    91.0604 1.2333e+00  -64.83126  -63.90174 344.679660      99.95 1.5778e+03   1555.583      37335         10  0.000e+00
     90.989     90.078     0.3029  28.822642     0.2955  28.804554     6.1546     6.1974     0.1095    91.0862 1.2279e+00  -64.83126  -63.90174 344.679660      99.98 1.5778e+03   1555.625      37336         10  0.000e+00
     90.954     90.044     0.3027  28.822933     0.2954  28.805862     6.1567     6.1983     0.1095    91.0604 1.2333e+00  -64.83126  -63.90174 344.679660      99.98 1.5778e+03   1555.667      37337         10  0.000e+00
     90.954     90.044     0.3029  28.823167     0.2956  28.807000     6.1587     6.1929     0.1022    91.0604 1.2333e+00  -64.83126  -63.90174 344.679661      99.98 1.5778e+03   1555.708      37338         10  0.000e+00
     90.886     89.976     0.3030  28.822642     0.2959  28.807796     6.1606     6.1974     0.0948    91.0862 1.2333e+00  -64.83126  -63.90174 344.679661      99.93 1.5778e+03   1555.750      37339         10  0.000e+00
     90.955     90.044     0.3027  28.823108     0.2968  28.808252     6.1625     6.1975     0.0948    91.0862 1.2333e+00  -64.83126  -63.90172 344.679662      99.95 1.5778e+03   1555.792      37340         10  0.000e+00
     90.955     90.044     0.3030  28.823167     0.2965  28.809674     6.1628     6.1976     0.0948    91.0604 1.2333e+00  -64.83126  -63.90172 344.679662      99.98 1.5778e+03   1555.833      37341         10  0.000e+00
     90.886     89.976     0.3032  28.823458     0.2965  28.810698     6.1643     6.1976     0.0948    91.0347 1.2333e+00  -64.83126  -63.90172 344.679663      99.98 1.5778e+03   1555.875      37342         10  0.000e+00
     90.907     89.997     0.3032  28.823691     0.2961  28.808308     6.1658     6.1979     0.0948    91.0347 1.2333e+00  -64.83126  -63.90172 344.679663      99.98 1.5778e+03   1555.917      37343         10  0.000e+00
     90.907     89.997     0.3032  28.822933     0.2955  28.804554     6.1671     6.1930     0.0948    91.0347 1.2333e+00  -64.83126  -63.90172 344.679664      99.98 1.5778e+03   1555.958      37344         10  0.000e+00
     90.907     89.997     0.3030  28.823691     0.2945  28.803985     6.1613     6.1979     0.0948    91.0347 1.2333e+00  -64.83126  -63.90172 344.679664      99.98 1.5778e+03   1556.000      37345         10  0.000e+00
     90.838     89.929     0.3030  28.823457     0.2945  28.804269     6.1668     6.1980     0.0948    91.0347 1.2333e+00  -64.83126  -63.90172 344.679665      99.95 1.5778e+03   1556.042      37346         10  0.000e+00
     90.907     89.997     0.3031  28.822933     0.2939  28.804554     6.1609     6.1983     0.0948    91.0347 1.2386e+00  -64.83126  -63.90172 344.679665      99.95 1.5778e+03   1556.083      37347         10  0.000e+00
     90.859     89.949     0.3030  28.823458     0.2931  28.804042     6.1591     6.1986     0.0948    91.0347 1.2333e+00  -64.83126  -63.90172 344.679666      99.98 1.5778e+03   1556.125      37348         10  0.000e+00
     90.886     89.976     0.3030  28.823691     0.2923  28.802108     6.1586     6.1936     0.0948    91.0347 1.2333e+00  -64.83126  -63.90172 344.679666      99.98 1.5778e+03   1556.167      37349         10  0.000e+00
     90.804     89.895     0.3031  28.823457     0.2920  28.799149     6.1637     6.1985     0.0948    91.0347 1.2333e+00  -64.83126  -63.90172 344.679667      99.98 1.5778e+03   1556.208      37350         10  0.000e+00
     90.859     89.949     0.3030  28.823982     0.2917  28.797841     6.1630     6.1989     0.0948    91.0347 1.2386e+00  -64.83126  -63.90172 344.679667      99.93 1.5778e+03   1556.250      37351         10  0.000e+00
     90.838     89.929     0.3030  28.823690     0.2917  28.797556     6.1565     6.1991     0.0948    91.0604 1.2386e+00  -64.83126  -63.90172 344.679668      99.95 1.5778e+03   1556.292      37352         10  0.000e+00
     90.804     89.895     0.3030  28.823457     0.2918  28.796248     6.1612     6.1993     0.0948    91.0347 1.2386e+00  -64.83126  -63.90172 344.679668      99.98 1.5778e+03   1556.333      37353         10  0.000e+00
     90.859     89.949     0.3026  28.823691     0.2911  28.797045     6.1546     6.1996     0.0948    91.0347 1.2386e+00  -64.83126  -63.90172 344.679669      99.98 1.5778e+03   1556.375      37354         10  0.000e+00
     90.756     89.848     0.3022  28.822933     0.2906  28.797044     6.1578     6.1998     0.0948    91.0347 1.2386e+00  -64.83126  -63.90172 344.679669      99.98 1.5778e+03   1556.417      37355         10  0.000e+00
     90.838     89.929     0.3013  28.822118     0.2906  28.797557     6.1524     6.2001     0.0948    91.0347 1.2386e+00  -64.83126  -63.90172 344.679670      99.98 1.5778e+03   1556.458      37356         10  0.000e+00
     90.756     89.848     0.3001  28.820486     0.2904  28.797556     6.1582     6.2002     0.0948    91.0347 1.2386e+00  -64.83126  -63.90172 344.679670      99.98 1.5778e+03   1556.500      37357         10  0.000e+00
     90.804     89.895     0.3007  28.818855     0.2909  28.797044     6.1582     6.2004     0.0948    91.0347 1.2386e+00  -64.83126  -63.90172 344.679671      99.95 1.5778e+03   1556.542      37358         10  0.000e+00
     90.735     89.827     0.3010  28.816117     0.2904  28.797556     6.1580     6.2006     0.0948    91.0347 1.2386e+00  -64.83126  -63.90172 344.679671      99.95 1.5778e+03   1556.583      37359         10  0.000e+00
     90.804     89.895     0.2994  28.816409     0.2904  28.797557     6.1593     6.2009     0.0948    91.0604 1.2386e+00  -64.83126  -63.90172 344.679672      99.98 1.5778e+03   1556.625      37360         10  0.000e+00
     90.756     89.848     0.2988  28.815302     0.2906  28.797556     6.1647     6.1957     0.0948    91.0604 1.2386e+00  -64.83126  -63.90172 344.679672      99.98 1.5778e+03   1556.667      37361         10  0.000e+00
     90.735     89.827     0.2982  28.815302     0.2908  28.797556     6.1599     6.2004     0.0948    91.0604 1.2386e+00  -64.83126  -63.90172 344.679673      99.98 1.5778e+03   1556.708      37362         10  0.000e+00
     90.756     89.848     0.2982  28.814778     0.2900  28.797841     6.1606     6.2007     0.0948    91.0604 1.2440e+00  -64.83126  -63.90172 344.679673      99.93 1.5778e+03   1556.750      37363         10  0.000e+00
     90.756     89.848     0.2988  28.813438     0.2898  28.798125     6.1656     6.2010     0.1022    91.0604 1.2386e+00  -64.83126  -63.90174 344.679674      99.95 1.5778e+03   1556.792      37364         10  0.000e+00
     90.701     89.793     0.2985  28.812098     0.2900  28.797556     6.1661     6.2012     0.1022    91.0604 1.2440e+00  -64.83126  -63.90174 344.679674      99.98 1.5778e+03   1556.833      37365         10  0.000e+00
     90.736     89.827     0.2984  28.812623     0.2900  28.797044     6.1607     6.2015     0.1022    91.0604 1.2440e+00  -64.83126  -63.90174 344.679674      99.98 1.5778e+03   1556.875      37366         10  0.000e+00
     90.701     89.793     0.2985  28.813147     0.2897  28.796475     6.1551     6.2018     0.1022    91.0604 1.2440e+00  -64.83126  -63.90174 344.679675      99.98 1.5778e+03   1556.917      37367         10  0.000e+00
     60.606     60.004     0.2171  28.672470     0.2166  28.674024     6.6447     6.6877     0.2267    90.8544 5.7757e+00  -64.83126  -63.90172 344.680658      99.98 1.5584e+03   1641.833      39405         11  0.000e+00
     60.661     60.058     0.2176  28.672935     0.2171  28.673740     6.6435     6.6868     0.2267    90.8544 5.7757e+00  -64.83126  -63.90172 344.680658      99.98 1.5584e+03   1641.875      39406         11  0.000e+00
     60.709     60.106     0.2169  28.674330     0.2173  28.674251     6.6481     6.6857     0.2267    90.8287 5.7757e+00  -64.83126  -63.90172 344.680659      99.98 1.5566e+03   1641.917      39407         11  0.000e+00
     60.613     60.011     0.2156  28.674040     0.2177  28.674819     6.6481     6.6898     0.2267    90.8544 5.7757e+00  -64.83126  -63.90172 344.680659      99.98 1.5566e+03   1641.958      39408         11  0.000e+00
     60.709     60.106     0.2148  28.673459     0.2182  28.675330     6.6482     6.6903     0.2267    90.8287 5.7757e+00  -64.83126  -63.90172 344.680660      99.98 1.5566e+03   1642.000      39409         11  0.000e+00
     60.661     60.058     0.2132  28.672179     0.2192  28.676125     6.6437     6.6906     0.2267    90.8544 5.7757e+00  -64.83126  -63.90172 344.680660      99.95 1.5566e+03   1642.042      39410         11  0.000e+00
     60.661     60.058     0.2123  28.671598     0.2199  28.677204     6.6479     6.6909     0.2267    90.8287 5.7757e+00  -64.83126  -63.90172 344.680661      99.95 1.5566e+03   1642.083      39411         11  0.000e+00
     60.709     60.106     0.2129  28.670028     0.2205  28.678000     6.6473     6.6913     0.2267    90.8287 5.7757e+00  -64.83126  -63.90172 344.680661      99.98 1.5566e+03   1642.125      39412         11  0.000e+00
     60.709     60.106     0.2142  28.670261     0.2205  28.678795     6.6434     6.6916     0.2267    90.8287 5.7757e+00  -64.83126  -63.90172 344.680662      99.98 1.5566e+03   1642.167      39413         11  0.000e+00
     60.661     60.058     0.2141  28.670842     0.2206  28.678283     6.6426     6.6920     0.2267    90.8544 5.7757e+00  -64.83126  -63.90172 344.680662      99.98 1.5566e+03   1642.208      39414         11  0.000e+00
     60.764     60.160     0.2133  28.671308     0.2219  28.678000     6.6421     6.6922     0.2121    90.8544 5.7576e+00  -64.83126  -63.90172 344.680663      99.95 1.5566e+03   1642.250      39415         11  0.000e+00
     60.709     60.106     0.2130  28.670028     0.2227  28.678795     6.6413     6.6923     0.2121    90.8544 5.7576e+00  -64.83126  -63.90172 344.680663      99.98 1.5566e+03   1642.292      39416         11  0.000e+00
     60.709     60.106     0.2123  28.668924     0.2231  28.679874     6.6420     6.6925     0.2121    90.8544 5.7576e+00  -64.83126  -63.90172 344.680664      99.98 1.5566e+03   1642.333      39417         11  0.000e+00
     60.709     60.106     0.2108  28.669215     0.2235  28.680669     6.6483     6.6926     0.2121    90.8544 5.7576e+00  -64.83126  -63.90172 344.680664      99.98 1.5566e+03   1642.375      39418         11  0.000e+00
     60.764     60.160     0.2111  28.667529     0.2232  28.681748     6.6445     6.6928     0.2121    90.8287 5.7576e+00  -64.83126  -63.90172 344.680665      99.98 1.5566e+03   1642.417      39419         11  0.000e+00
     60.709     60.106     0.2116  28.667296     0.2227  28.681748     6.6448     6.6930     0.2121    90.8287 5.7576e+00  -64.83126  -63.90172 344.680665      99.98 1.5566e+03   1642.458      39420         11  0.000e+00
