NBP2113_155081_ctd/data/nbp2113_008.ros
* Sea-Bird SBE 9 Data File:
* FileName = D:\Data\raw\NBP2113_008.hex
* Software Version Seasave V 7.26.7.121
* Temperature SN = 2438
* Conductivity SN = 2067
* Number of Bytes Per Scan = 40
* Number of Voltage Words = 5
* Number of Scans Averaged by the Deck Unit = 1
* NMEA Latitude = 64 55.99 S
* NMEA Longitude = 064 24.05 W
* NMEA UTC (Time) = Nov 25 2021  04:33:36
* NMEA baud rate = 9600
** Ship: RVIB N.B. Palmer
** Cruise: NBP2113 LTER
** Station: 600.040
** Operator: B. Urmston
# nquan = 20
# nvalues = 1172                                  
# units = specified
# name 0 = prDM: Pressure, Digiquartz [db]
# name 1 = depSM: Depth [salt water, m]
# name 2 = t090C: Temperature [ITS-90, deg C]
# name 3 = c0mS/cm: Conductivity [mS/cm]
# name 4 = t190C: Temperature, 2 [ITS-90, deg C]
# name 5 = c1mS/cm: Conductivity, 2 [mS/cm]
# name 6 = sbeox0ML/L: Oxygen, SBE 43 [ml/l]
# name 7 = sbeox1ML/L: Oxygen, SBE 43, 2 [ml/l]
# name 8 = flECO-AFL: Fluorescence, WET Labs ECO-AFL/FL [mg/m^3]
# name 9 = CStarTr0: Beam Transmission, WET Labs C-Star [%]
# name 10 = par: PAR/Irradiance, Biospherical/Licor
# name 11 = latitude: Latitude [deg]
# name 12 = longitude: Longitude [deg]
# name 13 = timeJ: Julian Days
# name 14 = altM: Altimeter [m]
# name 15 = spar: SPAR, Biospherical/Licor
# name 16 = timeS: Time, Elapsed [seconds]
# name 17 = scan: Scan Count
# name 18 = nbf: Bottles Fired
# name 19 = flag:  0.000e+00
# interval = seconds: 0.0416667
# start_time = Nov 25 2021 04:33:36 [NMEA time, header]
# bad_flag = -9.990e-29
*END*
[from data line 942]
     15.196     15.046    -0.7488  27.504522    -0.7492  27.502451     8.1692     8.0640     1.3696    91.9102 3.2178e-01  -64.93342  -64.40188 329.240243      99.98 0.0000e+00   4341.000     104185         20  0.000e+00
     15.182     15.033    -0.7485  27.504235    -0.7491  27.502619     8.1600     8.0687     1.3696    91.9102 3.2178e-01  -64.93342  -64.40188 329.240244      99.98 0.0000e+00   4341.042     104186         20  0.000e+00
     15.182     15.033    -0.7485  27.504121    -0.7492  27.502675     8.1612     8.0687     1.3622    91.9102 3.2178e-01  -64.93342  -64.40188 329.240244      99.98 0.0000e+00   4341.083     104187         20  0.000e+00
     15.196     15.046    -0.7488  27.504293    -0.7494  27.502563     8.1593     8.0689     1.3622    91.8844 3.2178e-01  -64.93342  -64.40188 329.240245      99.95 0.0000e+00   4341.125     104188         20  0.000e+00
     15.182     15.033    -0.7489  27.504350    -0.7491  27.502619     8.1634     8.0689     1.3696    91.9102 3.2457e-01  -64.93342  -64.40188 329.240245      99.95 0.0000e+00   4341.167     104189         20  0.000e+00
     15.196     15.046    -0.7489  27.504178    -0.7492  27.502507     8.1629     8.0635     1.3696    91.9102 3.2457e-01  -64.93342  -64.40188 329.240245      99.98 0.0000e+00   4341.208     104190         20  0.000e+00
     15.182     15.033    -0.7488  27.504293    -0.7492  27.502507     8.1566     8.0682     1.3696    91.9102 3.2457e-01  -64.93342  -64.40188 329.240246      99.98 0.0000e+00   4341.250     104191         20  0.000e+00
     15.148     14.999    -0.7486  27.504178    -0.7492  27.502619     8.1503     8.0683     1.3622    91.9102 3.2457e-01  -64.93342  -64.40188 329.240246      99.95 0.0000e+00   4341.292     104192         20  0.000e+00
     15.230     15.080    -0.7489  27.504465    -0.7492  27.502339     8.1547     8.0685     1.3622    91.8844 3.2457e-01  -64.93342  -64.40188 329.240247      99.93 0.0000e+00   4341.333     104193         20  0.000e+00
     15.148     14.999    -0.7486  27.504636    -0.7491  27.502339     8.1472     8.0630     1.3696    91.8844 3.2457e-01  -64.93342  -64.40188 329.240247      99.95 0.0000e+00   4341.375     104194         20  0.000e+00
     15.182     15.033    -0.7489  27.504465    -0.7492  27.502451     8.1446     8.0623     1.3696    91.9102 3.2457e-01  -64.93342  -64.40188 329.240248      99.98 0.0000e+00   4341.417     104195         20  0.000e+00
     15.148     14.999    -0.7491  27.504350    -0.7496  27.502283     8.1493     8.0672     1.3696    91.9102 3.2457e-01  -64.93342  -64.40188 329.240248      99.98 0.0000e+00   4341.458     104196         20  0.000e+00
     15.182     15.033    -0.7489  27.504522    -0.7496  27.502339     8.1568     8.0674     1.3622    91.9102 3.2737e-01  -64.93342  -64.40188 329.240249      99.98 0.0000e+00   4341.500     104197         20  0.000e+00
     15.148     14.999    -0.7489  27.504293    -0.7496  27.502619     8.1659     8.0675     1.3696    91.9102 3.2457e-01  -64.93342  -64.40188 329.240249      99.98 0.0000e+00   4341.542     104198         20  0.000e+00
     15.182     15.033    -0.7489  27.504293    -0.7496  27.502339     8.1633     8.0686     1.3622    91.9102 3.2457e-01  -64.93342  -64.40188 329.240250      99.98 0.0000e+00   4341.583     104199         20  0.000e+00
     15.148     14.999    -0.7491  27.504522    -0.7492  27.502563     8.1710     8.0687     1.3696    91.9102 3.2457e-01  -64.93342  -64.40188 329.240250      99.95 0.0000e+00   4341.625     104200         20  0.000e+00
     15.182     15.033    -0.7488  27.504407    -0.7492  27.502507     8.1728     8.0690     1.3696    91.9102 3.2457e-01  -64.93342  -64.40188 329.240251      99.95 0.0000e+00   4341.667     104201         20  0.000e+00
     15.148     14.999    -0.7489  27.504350    -0.7488  27.502395     8.1673     8.0691     1.3696    91.9102 3.2737e-01  -64.93342  -64.40188 329.240251      99.98 0.0000e+00   4341.708     104202         20  0.000e+00
     15.127     14.979    -0.7488  27.504579    -0.7489  27.502618     8.1661     8.0693     1.3696    91.9102 3.2737e-01  -64.93342  -64.40188 329.240252      99.98 0.0000e+00   4341.750     104203         20  0.000e+00
     15.148     14.999    -0.7486  27.504636    -0.7489  27.502563     8.1767     8.0696     1.3622    91.9102 3.2737e-01  -64.93342  -64.40190 329.240252      99.98 0.0000e+00   4341.792     104204         20  0.000e+00
     15.127     14.979    -0.7486  27.504636    -0.7491  27.502618     8.1781     8.0643     1.3696    91.9102 3.2737e-01  -64.93342  -64.40190 329.240253      99.93 0.0000e+00   4341.833     104205         20  0.000e+00
     15.127     14.979    -0.7485  27.504464    -0.7490  27.502507     8.1721     8.0692     1.3256    91.9359 3.2737e-01  -64.93342  -64.40190 329.240253      99.95 0.0000e+00   4341.875     104206         20  0.000e+00
     15.148     14.999    -0.7483  27.504350    -0.7488  27.502674     8.1659     8.0639     1.2084    91.9102 3.2737e-01  -64.93342  -64.40190 329.240254      99.98 0.0000e+00   4341.917     104207         20  0.000e+00
     15.128     14.979    -0.7486  27.504522    -0.7487  27.502842     8.1656     8.0687     1.1718    91.9102 3.3017e-01  -64.93342  -64.40190 329.240254      99.98 0.0000e+00   4341.958     104208         20  0.000e+00
     15.148     14.999    -0.7483  27.504636    -0.7489  27.502563     8.1594     8.0691     1.1718    91.9102 3.3017e-01  -64.93342  -64.40190 329.240255      99.98 0.0000e+00   4342.000     104209         20  0.000e+00
     15.080     14.931    -0.7483  27.504636    -0.7487  27.502618     8.1578     8.0693     1.1791    91.9102 3.3017e-01  -64.93342  -64.40190 329.240255      99.98 0.0000e+00   4342.042     104210         20  0.000e+00
     15.148     14.999    -0.7483  27.504636    -0.7489  27.502339     8.1533     8.0642     1.1791    91.9102 3.3017e-01  -64.93342  -64.40190 329.240256      99.98 0.0000e+00   4342.083     104211         20  0.000e+00
     15.080     14.931    -0.7485  27.504636    -0.7492  27.502395     8.1520     8.0636     1.1791    91.9102 3.3299e-01  -64.93342  -64.40190 329.240256      99.95 0.0000e+00   4342.125     104212         20  0.000e+00
     15.148     14.999    -0.7486  27.504235    -0.7487  27.502618     8.1510     8.0631     1.1791    91.9102 3.3299e-01  -64.93342  -64.40190 329.240257      99.95 0.0000e+00   4342.167     104213         20  0.000e+00
     15.128     14.979    -0.7486  27.504693    -0.7487  27.502507     8.1515     8.0681     1.1791    91.9102 3.3299e-01  -64.93342  -64.40190 329.240257      99.98 0.0000e+00   4342.208     104214         20  0.000e+00
     15.046     14.898    -0.7486  27.504464    -0.7485  27.502674     8.1550     8.0684     1.1791    91.9102 3.3299e-01  -64.93342  -64.40190 329.240258      99.98 0.0000e+00   4342.250     104215         20  0.000e+00
     15.128     14.979    -0.7489  27.504178    -0.7487  27.502674     8.1650     8.0680     1.1791    91.9102 3.3299e-01  -64.93342  -64.40190 329.240258      99.98 0.0000e+00   4342.292     104216         20  0.000e+00
     15.093     14.945    -0.7488  27.504293    -0.7485  27.502674     8.1618     8.0683     1.1791    91.9102 3.3299e-01  -64.93342  -64.40190 329.240258      99.93 0.0000e+00   4342.333     104217         20  0.000e+00
     15.080     14.932    -0.7488  27.504350    -0.7487  27.503066     8.1605     8.0631     1.1791    91.9102 3.3299e-01  -64.93342  -64.40190 329.240259      99.95 0.0000e+00   4342.375     104218         20  0.000e+00
      1.748      1.731    -0.7641  27.473747    -0.7647  27.472171     8.1316     8.0549     1.0692    91.9617 1.9966e+00  -64.93342  -64.40188 329.241027      99.98 0.0000e+00   4408.750     105811         21  0.000e+00
      1.796      1.779    -0.7643  27.473861    -0.7651  27.471780     8.1261     8.0552     1.0472    91.9617 2.0041e+00  -64.93342  -64.40188 329.241028      99.95 0.0000e+00   4408.792     105812         21  0.000e+00
      1.646      1.630    -0.7644  27.473174    -0.7650  27.471612     8.1237     8.0553     1.0472    91.9874 2.0268e+00  -64.93342  -64.40188 329.241028      99.93 0.0000e+00   4408.833     105813         21  0.000e+00
      1.742      1.725    -0.7650  27.472717    -0.7654  27.470829     8.1217     8.0557     1.0472    91.9874 2.0496e+00  -64.93342  -64.40188 329.241029      99.95 0.0000e+00   4408.875     105814         21  0.000e+00
      1.646      1.630    -0.7650  27.472373    -0.7656  27.470214     8.1208     8.0559     1.0472    91.9874 2.0572e+00  -64.93342  -64.40188 329.241029      99.98 0.0000e+00   4408.917     105815         21  0.000e+00
      1.701      1.684    -0.7652  27.472316    -0.7661  27.470270     8.1261     8.0563     1.0472    91.9874 2.0726e+00  -64.93342  -64.40188 329.241030      99.98 0.0000e+00   4408.958     105816         21  0.000e+00
      1.701      1.684    -0.7650  27.472545    -0.7659  27.469935     8.1195     8.0565     1.0472    91.9874 2.0803e+00  -64.93342  -64.40188 329.241030      99.98 0.0000e+00   4409.000     105817         21  0.000e+00
      1.646      1.630    -0.7650  27.473003    -0.7659  27.470159     8.1101     8.0567     1.0472    91.9874 2.0881e+00  -64.93342  -64.40188 329.241031      99.98 0.0000e+00   4409.042     105818         21  0.000e+00
      1.639      1.623    -0.7649  27.473002    -0.7660  27.469767     8.1141     8.0569     1.0472    91.9874 2.1036e+00  -64.93342  -64.40188 329.241031      99.98 0.0000e+00   4409.083     105819         21  0.000e+00
      1.646      1.630    -0.7649  27.472716    -0.7660  27.469152     8.1182     8.0572     1.0472    91.9874 2.1114e+00  -64.93342  -64.40188 329.241032      99.95 0.0000e+00   4409.125     105820         21  0.000e+00
      1.598      1.582    -0.7649  27.472602    -0.7665  27.469208     8.1177     8.0575     1.0472    91.9874 2.1193e+00  -64.93342  -64.40188 329.241032      99.95 0.0000e+00   4409.167     105821         21  0.000e+00
      1.598      1.582    -0.7652  27.472029    -0.7665  27.468873     8.1173     8.0577     1.0472    91.9874 2.1271e+00  -64.93342  -64.40188 329.241033      99.98 0.0000e+00   4409.208     105822         21  0.000e+00
      1.598      1.582    -0.7660  27.471285    -0.7669  27.468370     8.1243     8.0580     1.0472    91.9874 2.1508e+00  -64.93342  -64.40188 329.241033      99.98 0.0000e+00   4409.250     105823         21  0.000e+00
      1.591      1.576    -0.7655  27.471457    -0.7671  27.468258     8.1266     8.0583     1.0472    91.9874 2.1827e+00  -64.93342  -64.40188 329.241033      99.98 0.0000e+00   4409.292     105824         21  0.000e+00
      1.598      1.582    -0.7656  27.471801    -0.7673  27.468090     8.1275     8.0586     1.0472    91.9874 2.2312e+00  -64.93342  -64.40188 329.241034      99.95 0.0000e+00   4409.333     105825         21  0.000e+00
      1.543      1.528    -0.7653  27.471858    -0.7674  27.467587     8.1296     8.0588     1.0472    91.9874 2.3392e+00  -64.93342  -64.40188 329.241034      99.95 0.0000e+00   4409.375     105826         21  0.000e+00
      1.598      1.583    -0.7653  27.471629    -0.7676  27.467867     8.1261     8.0591     1.0472    91.9874 2.5947e+00  -64.93342  -64.40188 329.241035      99.98 0.0000e+00   4409.417     105827         21  0.000e+00
      1.543      1.528    -0.7656  27.471228    -0.7679  27.467587     8.1271     8.0648     1.0472    91.9874 2.9935e+00  -64.93342  -64.40188 329.241035      99.98 0.0000e+00   4409.458     105828         21  0.000e+00
      1.489      1.474    -0.7660  27.470885    -0.7677  27.467475     8.1282     8.0603     1.0472    91.9874 3.3950e+00  -64.93342  -64.40188 329.241036      99.98 0.0000e+00   4409.500     105829         21  0.000e+00
      1.543      1.528    -0.7660  27.470827    -0.7678  27.467308     8.1366     8.0605     1.0472    91.9874 3.7402e+00  -64.93342  -64.40188 329.241036      99.98 0.0000e+00   4409.542     105830         21  0.000e+00
      1.544      1.528    -0.7661  27.470599    -0.7682  27.467420     8.1464     8.0608     1.0472    91.9617 4.0216e+00  -64.93342  -64.40188 329.241037      99.98 0.0000e+00   4409.583     105831         21  0.000e+00
      1.496      1.481    -0.7663  27.470141    -0.7678  27.467643     8.1445     8.0608     1.0472    91.9617 4.2512e+00  -64.93342  -64.40188 329.241037      99.95 0.0000e+00   4409.625     105832         21  0.000e+00
      1.496      1.481    -0.7665  27.470370    -0.7677  27.467923     8.1411     8.0610     1.0472    91.9617 4.4487e+00  -64.93342  -64.40188 329.241038      99.95 0.0000e+00   4409.667     105833         21  0.000e+00
      1.489      1.474    -0.7666  27.470083    -0.7677  27.468034     8.1482     8.0611     1.0472    91.9617 4.6095e+00  -64.93342  -64.40188 329.241038      99.98 0.0000e+00   4409.708     105834         21  0.000e+00
      1.496      1.481    -0.7672  27.469454    -0.7676  27.467811     8.1509     8.0604     1.0472    91.9617 4.7447e+00  -64.93342  -64.40188 329.241039      99.98 0.0000e+00   4409.750     105835         21  0.000e+00
      1.496      1.481    -0.7671  27.469626    -0.7677  27.467923     8.1462     8.0606     1.0472    91.9617 4.8523e+00  -64.93342  -64.40188 329.241039      99.98 0.0000e+00   4409.792     105836         21  0.000e+00
      1.448      1.434    -0.7671  27.469969    -0.7676  27.467811     8.1400     8.0607     1.0472    91.9617 4.9621e+00  -64.93342  -64.40188 329.241040      99.93 0.0000e+00   4409.833     105837         21  0.000e+00
      1.448      1.434    -0.7669  27.469854    -0.7678  27.467363     8.1457     8.0609     1.0912    91.9617 5.0257e+00  -64.93342  -64.40188 329.241040      99.95 0.0000e+00   4409.875     105838         21  0.000e+00
      1.441      1.427    -0.7672  27.469797    -0.7678  27.467252     8.1471     8.0610     1.1278    91.9617 5.0902e+00  -64.93342  -64.40188 329.241041      99.98 0.0000e+00   4409.917     105839         21  0.000e+00
      1.448      1.434    -0.7669  27.470141    -0.7682  27.467028     8.1425     8.0613     1.1351    91.9617 5.1553e+00  -64.93342  -64.40188 329.241041      99.98 0.0000e+00   4409.958     105840         21  0.000e+00
      1.448      1.434    -0.7671  27.470255    -0.7682  27.466972     8.1500     8.0605     1.1351    91.9617 5.1881e+00  -64.93342  -64.40188 329.241042      99.98 0.0000e+00   4410.000     105841         21  0.000e+00
      1.448      1.434    -0.7668  27.470312    -0.7682  27.466972     8.1456     8.0597     1.1351    91.9617 5.2212e+00  -64.93342  -64.40188 329.241042      99.98 0.0000e+00   4410.042     105842         21  0.000e+00
      1.393      1.380    -0.7666  27.470655    -0.7678  27.467307     8.1444     8.0587     1.1351    91.9617 5.2544e+00  -64.93342  -64.40188 329.241043      99.98 0.0000e+00   4410.083     105843         21  0.000e+00
      1.441      1.427    -0.7666  27.470598    -0.7679  27.467867     8.1420     8.0579     1.1351    91.9617 5.2878e+00  -64.93342  -64.40188 329.241043      99.95 0.0000e+00   4410.125     105844         21  0.000e+00
      1.393      1.380    -0.7660  27.470942    -0.7676  27.468034     8.1481     8.0568     1.1351    91.9617 5.3045e+00  -64.93342  -64.40188 329.241044      99.95 0.0000e+00   4410.167     105845         21  0.000e+00
      1.448      1.434    -0.7663  27.470827    -0.7676  27.468202     8.1428     8.0568     1.1351    91.9617 5.3214e+00  -64.93342  -64.40188 329.241044      99.98 0.0000e+00   4410.208     105846         21  0.000e+00
      1.393      1.380    -0.7666  27.470427    -0.7673  27.468425     8.1419     8.0567     1.1351    91.9617 5.3382e+00  -64.93342  -64.40188 329.241045      99.98 0.0000e+00   4410.250     105847         21  0.000e+00
