NBP2113_155081_ctd/data/nbp2113_031.ros
* Sea-Bird SBE 9 Data File:
* FileName = D:\Data\raw\NBP2113_031.hex
* Software Version Seasave V 7.26.7.121
* Temperature SN = 2438
* Conductivity SN = 2067
* Number of Bytes Per Scan = 40
* Number of Voltage Words = 5
* Number of Scans Averaged by the Deck Unit = 1
* NMEA Latitude = 66 30.40 S
* NMEA Longitude = 069 53.27 W
* NMEA UTC (Time) = Dec 06 2021  01:15:18
* NMEA baud rate = 9600
** Ship: RVIB N.B. Palmer
** Cruise: NBP2113 LTER
** Station: 300.100
** Operator: S. Blackman
# nquan = 20
# nvalues = 1127                                  
# units = specified
# name 0 = prDM: Pressure, Digiquartz [db]
# name 1 = depSM: Depth [salt water, m]
# name 2 = t090C: Temperature [ITS-90, deg C]
# name 3 = c0mS/cm: Conductivity [mS/cm]
# name 4 = t190C: Temperature, 2 [ITS-90, deg C]
# name 5 = c1mS/cm: Conductivity, 2 [mS/cm]
# name 6 = sbeox0ML/L: Oxygen, SBE 43 [ml/l]
# name 7 = sbeox1ML/L: Oxygen, SBE 43, 2 [ml/l]
# name 8 = flECO-AFL: Fluorescence, WET Labs ECO-AFL/FL [mg/m^3]
# name 9 = CStarTr0: Beam Transmission, WET Labs C-Star [%]
# name 10 = par: PAR/Irradiance, Biospherical/Licor
# name 11 = latitude: Latitude [deg]
# name 12 = longitude: Longitude [deg]
# name 13 = timeJ: Julian Days
# name 14 = altM: Altimeter [m]
# name 15 = spar: SPAR, Biospherical/Licor
# name 16 = timeS: Time, Elapsed [seconds]
# name 17 = scan: Scan Count
# name 18 = nbf: Bottles Fired
# name 19 = flag:  0.000e+00
# interval = seconds: 0.0416667
# start_time = Dec 06 2021 01:15:18 [NMEA time, header]
# bad_flag = -9.990e-29
*END*
[from data line 652]
     50.045     49.543    -0.5053  27.894208    -0.5051  27.893356     8.0026     8.0341     1.5967    91.0089 2.9702e-01  -66.50688  -69.88838 340.075253      99.98 5.2886e+01   1983.875      47614         14  0.000e+00
     49.990     49.489    -0.5051  27.894265    -0.5051  27.893243     8.0063     8.0394     1.5967    91.0089 2.9702e-01  -66.50688  -69.88838 340.075254      99.93 5.2886e+01   1983.917      47615         14  0.000e+00
     50.052     49.550    -0.5052  27.893863    -0.5053  27.892962     8.0059     8.0393     1.6040    91.0089 2.9702e-01  -66.50688  -69.88838 340.075254      99.95 5.2886e+01   1983.958      47616         14  0.000e+00
     49.990     49.489    -0.5051  27.894208    -0.5050  27.892906     7.9994     8.0390     1.6040    91.0089 2.9702e-01  -66.50688  -69.88838 340.075255      99.98 5.2886e+01   1984.000      47617         14  0.000e+00
     49.997     49.496    -0.5052  27.894093    -0.5053  27.893018     7.9977     8.0397     1.6040    91.0089 2.9974e-01  -66.50688  -69.88838 340.075255      99.98 5.2886e+01   1984.042      47618         14  0.000e+00
     50.045     49.543    -0.5049  27.894265    -0.5053  27.892737     8.0063     8.0395     1.5967    91.0089 2.9974e-01  -66.50688  -69.88838 340.075256      99.98 5.2886e+01   1984.083      47619         14  0.000e+00
     49.990     49.489    -0.5051  27.894093    -0.5055  27.893018     8.0000     8.0392     1.6040    91.0089 2.9974e-01  -66.50688  -69.88838 340.075256      99.98 5.2886e+01   1984.125      47620         14  0.000e+00
     49.997     49.496    -0.5049  27.894208    -0.5051  27.892962     7.9983     8.0388     1.6040    91.0089 2.9974e-01  -66.50688  -69.88838 340.075257      99.98 5.2886e+01   1984.167      47621         14  0.000e+00
     49.990     49.489    -0.5052  27.894093    -0.5053  27.893018     7.9921     8.0394     1.5967    91.0089 3.0247e-01  -66.50688  -69.88838 340.075257      99.95 5.2886e+01   1984.208      47622         14  0.000e+00
     49.990     49.489    -0.5049  27.894438    -0.5051  27.893131     7.9963     8.0399     1.5967    91.0089 2.9974e-01  -66.50688  -69.88838 340.075258      99.95 5.2886e+01   1984.250      47623         14  0.000e+00
     49.997     49.496    -0.5051  27.894323    -0.5053  27.892962     7.9962     8.0341     1.6040    91.0089 2.9974e-01  -66.50688  -69.88838 340.075258      99.98 5.2886e+01   1984.292      47624         14  0.000e+00
     49.990     49.489    -0.5049  27.894323    -0.5053  27.892906     7.9960     8.0337     1.6040    91.0089 3.0247e-01  -66.50688  -69.88838 340.075258      99.98 5.2886e+01   1984.333      47625         14  0.000e+00
     49.997     49.496    -0.5049  27.894093    -0.5053  27.893187     7.9946     8.0325     1.5967    91.0089 3.0247e-01  -66.50688  -69.88838 340.075259      99.98 5.2886e+01   1984.375      47626         14  0.000e+00
     50.045     49.543    -0.5052  27.893805    -0.5051  27.893187     8.0005     8.0377     1.6040    91.0089 3.0247e-01  -66.50688  -69.88838 340.075259      99.93 5.2886e+01   1984.417      47627         14  0.000e+00
     49.990     49.489    -0.5053  27.893978    -0.5050  27.893187     8.0018     8.0373     1.6040    91.0347 3.0247e-01  -66.50688  -69.88838 340.075260      99.95 5.2886e+01   1984.458      47628         14  0.000e+00
     49.997     49.496    -0.5052  27.894208    -0.5051  27.893187     8.0030     8.0379     1.5967    91.0347 3.0521e-01  -66.50688  -69.88838 340.075260      99.98 5.2886e+01   1984.500      47629         14  0.000e+00
     50.045     49.543    -0.5054  27.893863    -0.5050  27.893075     7.9986     8.0385     1.5967    91.0347 3.0521e-01  -66.50688  -69.88838 340.075261      99.98 5.2886e+01   1984.542      47630         14  0.000e+00
     49.990     49.489    -0.5054  27.894208    -0.5048  27.893131     8.0044     8.0380     1.5967    91.0347 3.0521e-01  -66.50688  -69.88838 340.075261      99.98 5.2886e+01   1984.583      47631         14  0.000e+00
     50.052     49.550    -0.5054  27.893690    -0.5050  27.893187     8.0000     8.0377     1.6040    91.0347 3.0521e-01  -66.50688  -69.88838 340.075262      99.98 5.2886e+01   1984.625      47632         14  0.000e+00
     50.045     49.543    -0.5054  27.893517    -0.5051  27.892962     7.9928     8.0373     1.6040    91.0347 3.0521e-01  -66.50688  -69.88838 340.075262      99.98 5.2886e+01   1984.667      47633         14  0.000e+00
     50.052     49.550    -0.5052  27.893690    -0.5053  27.892794     7.9901     8.0323     1.6040    91.0347 3.0521e-01  -66.50688  -69.88838 340.075263      99.95 5.2886e+01   1984.708      47634         14  0.000e+00
     50.045     49.543    -0.5054  27.893517    -0.5051  27.893075     7.9948     8.0374     1.6040    91.0347 3.0521e-01  -66.50688  -69.88838 340.075263      99.95 5.2886e+01   1984.750      47635         14  0.000e+00
     50.093     49.591    -0.5055  27.893690    -0.5051  27.893187     7.9951     8.0379     1.6187    91.0347 3.0521e-01  -66.50688  -69.88838 340.075264      99.98 5.2886e+01   1984.792      47636         14  0.000e+00
     50.100     49.598    -0.5057  27.893748    -0.5051  27.892794     7.9954     8.0375     1.6187    91.0347 3.0795e-01  -66.50688  -69.88838 340.075264      99.98 5.2886e+01   1984.833      47637         14  0.000e+00
     50.093     49.591    -0.5051  27.893345    -0.5051  27.892737     7.9942     8.0370     1.6113    91.0347 3.0795e-01  -66.50688  -69.88838 340.075265      99.98 5.2886e+01   1984.875      47638         14  0.000e+00
     50.045     49.543    -0.5054  27.893863    -0.5055  27.892681     8.0004     8.0365     1.6187    91.0347 3.0795e-01  -66.50688  -69.88838 340.075265      99.93 5.2886e+01   1984.917      47639         14  0.000e+00
     50.148     49.645    -0.5053  27.893805    -0.5053  27.892850     7.9963     8.0369     1.6187    91.0347 3.0795e-01  -66.50688  -69.88838 340.075266      99.95 5.2886e+01   1984.958      47640         14  0.000e+00
     50.141     49.638    -0.5052  27.893920    -0.5053  27.892513     7.9850     8.0373     1.6187    91.0347 3.0795e-01  -66.50688  -69.88838 340.075266      99.98 5.2886e+01   1985.000      47641         14  0.000e+00
     50.148     49.645    -0.5053  27.894035    -0.5053  27.892569     7.9931     8.0322     1.6187    91.0347 3.1070e-01  -66.50688  -69.88838 340.075267      99.98 5.2886e+01   1985.042      47642         14  0.000e+00
     50.141     49.638    -0.5052  27.893805    -0.5056  27.892513     7.9834     8.0318     1.6187    91.0347 3.1070e-01  -66.50688  -69.88838 340.075267      99.98 5.2886e+01   1985.083      47643         14  0.000e+00
     50.196     49.693    -0.5052  27.893748    -0.5057  27.892232     7.9932     8.0314     1.6113    91.0347 3.1070e-01  -66.50688  -69.88838 340.075268      99.98 5.2886e+01   1985.125      47644         14  0.000e+00
     50.203     49.699    -0.5053  27.893518    -0.5057  27.892176     7.9883     8.0366     1.6187    91.0347 3.1070e-01  -66.50688  -69.88838 340.075268      99.98 5.2886e+01   1985.167      47645         14  0.000e+00
     50.196     49.693    -0.5055  27.893287    -0.5061  27.892176     7.9821     8.0316     1.6187    91.0347 3.1070e-01  -66.50688  -69.88838 340.075269      99.95 5.2886e+01   1985.208      47646         14  0.000e+00
     50.244     49.740    -0.5057  27.893460    -0.5057  27.892007     7.9865     8.0367     1.6113    91.0089 3.1070e-01  -66.50688  -69.88838 340.075269      99.95 5.2886e+01   1985.250      47647         14  0.000e+00
     50.302     49.797    -0.5057  27.893518    -0.5061  27.891726     8.0253     8.0450     1.5307    91.0089 2.8622e-01  -66.50686  -69.88838 340.075363      99.98 5.2886e+01   1993.375      47842         15  0.000e+00
     50.308     49.804    -0.5057  27.893460    -0.5061  27.891558     8.0200     8.0446     1.5381    91.0089 2.8622e-01  -66.50686  -69.88838 340.075364      99.95 5.2886e+01   1993.417      47843         15  0.000e+00
     50.302     49.797    -0.5057  27.893460    -0.5064  27.891783     8.0134     8.0441     1.5381    91.0347 2.8622e-01  -66.50686  -69.88838 340.075364      99.95 5.2886e+01   1993.458      47844         15  0.000e+00
     50.254     49.750    -0.5057  27.893518    -0.5062  27.891670     8.0185     8.0435     1.5381    91.0347 2.8622e-01  -66.50686  -69.88838 340.075365      99.98 5.2886e+01   1993.500      47845         15  0.000e+00
     50.247     49.743    -0.5058  27.893057    -0.5062  27.891670     8.0179     8.0429     1.6480    91.0347 2.8622e-01  -66.50686  -69.88838 340.075365      99.98 5.2886e+01   1993.542      47846         15  0.000e+00
     50.247     49.743    -0.5057  27.893403    -0.5064  27.892063     8.0157     8.0423     1.7285    91.0089 2.8622e-01  -66.50686  -69.88838 340.075366      99.98 5.2886e+01   1993.583      47847         15  0.000e+00
     50.206     49.702    -0.5055  27.893460    -0.5062  27.891951     8.0135     8.0415     1.7432    91.0347 2.8891e-01  -66.50686  -69.88838 340.075366      99.98 5.2886e+01   1993.625      47848         15  0.000e+00
     50.199     49.696    -0.5057  27.893287    -0.5062  27.891895     8.0200     8.0417     1.7359    91.0089 2.8891e-01  -66.50686  -69.88838 340.075367      99.98 5.2886e+01   1993.667      47849         15  0.000e+00
     50.199     49.696    -0.5057  27.893460    -0.5061  27.891951     8.0219     8.0465     1.7359    91.0089 2.8891e-01  -66.50686  -69.88838 340.075367      99.95 5.2886e+01   1993.708      47850         15  0.000e+00
     50.151     49.648    -0.5056  27.893460    -0.5059  27.891670     8.0239     8.0411     1.7359    91.0089 2.8891e-01  -66.50686  -69.88838 340.075367      99.95 5.2886e+01   1993.750      47851         15  0.000e+00
     50.144     49.641    -0.5057  27.893460    -0.5061  27.891782     8.0200     8.0403     1.7359    91.0089 2.8891e-01  -66.50686  -69.88838 340.075368      99.98 5.2886e+01   1993.792      47852         15  0.000e+00
     50.151     49.648    -0.5057  27.893287    -0.5059  27.892063     8.0265     8.0458     1.7359    91.0089 2.8891e-01  -66.50686  -69.88838 340.075368      99.98 5.2886e+01   1993.833      47853         15  0.000e+00
     50.096     49.594    -0.5059  27.892827    -0.5061  27.892007     8.0272     8.0412     1.7359    91.0089 2.8891e-01  -66.50686  -69.88838 340.075369      99.98 5.2886e+01   1993.875      47854         15  0.000e+00
     50.144     49.641    -0.5057  27.893057    -0.5061  27.891895     8.0219     8.0459     1.7359    91.0089 2.8891e-01  -66.50686  -69.88838 340.075369      99.95 5.2886e+01   1993.917      47855         15  0.000e+00
     50.055     49.553    -0.5057  27.893230    -0.5061  27.891894     8.0210     8.0466     1.7359    91.0089 2.9161e-01  -66.50686  -69.88838 340.075370      99.95 5.2886e+01   1993.958      47856         15  0.000e+00
     50.096     49.594    -0.5058  27.892827    -0.5061  27.892063     8.0231     8.0466     1.7359    91.0089 2.9161e-01  -66.50686  -69.88838 340.075370      99.98 5.2886e+01   1994.000      47857         15  0.000e+00
     50.048     49.547    -0.5059  27.892884    -0.5057  27.892232     8.0297     8.0407     1.7359    91.0089 2.9161e-01  -66.50686  -69.88838 340.075371      99.98 5.2886e+01   1994.042      47858         15  0.000e+00
     50.055     49.553    -0.5061  27.892769    -0.5059  27.892175     8.0246     8.0461     1.7359    91.0089 2.9161e-01  -66.50686  -69.88838 340.075371      99.98 5.2886e+01   1994.083      47859         15  0.000e+00
     50.048     49.547    -0.5060  27.892712    -0.5059  27.891950     8.0239     8.0413     1.7359    91.0089 2.9161e-01  -66.50686  -69.88838 340.075372      99.98 5.2886e+01   1994.125      47860         15  0.000e+00
     50.055     49.553    -0.5062  27.892712    -0.5057  27.891894     8.0232     8.0410     1.7359    91.0089 2.9161e-01  -66.50686  -69.88838 340.075372      99.98 5.2886e+01   1994.167      47861         15  0.000e+00
     49.994     49.492    -0.5063  27.892711    -0.5059  27.891950     8.0225     8.0408     1.7359    91.0089 2.9161e-01  -66.50686  -69.88838 340.075373      99.95 5.2886e+01   1994.208      47862         15  0.000e+00
     49.994     49.492    -0.5067  27.892481    -0.5061  27.891894     8.0205     8.0406     1.7359    91.0089 2.9161e-01  -66.50686  -69.88838 340.075373      99.95 5.2886e+01   1994.250      47863         15  0.000e+00
     50.001     49.499    -0.5066  27.892654    -0.5061  27.891894     8.0242     8.0404     1.7359    91.0089 2.9431e-01  -66.50686  -69.88838 340.075374      99.98 5.2886e+01   1994.292      47864         15  0.000e+00
     49.994     49.492    -0.5064  27.892711    -0.5062  27.891669     8.0246     8.0457     1.7359    91.0089 2.9431e-01  -66.50686  -69.88838 340.075374      99.98 5.2886e+01   1994.333      47865         15  0.000e+00
     49.994     49.492    -0.5061  27.892711    -0.5062  27.891894     8.0294     8.0463     1.7359    91.0089 2.9431e-01  -66.50686  -69.88838 340.075375      99.98 5.2886e+01   1994.375      47866         15  0.000e+00
     49.953     49.452    -0.5063  27.892539    -0.5061  27.891669     8.0311     8.0468     1.7359    91.0089 2.9431e-01  -66.50686  -69.88838 340.075375      99.93 5.2886e+01   1994.417      47867         15  0.000e+00
     49.946     49.445    -0.5064  27.892654    -0.5062  27.892006     8.0254     8.0474     1.7359    91.0089 2.9431e-01  -66.50686  -69.88838 340.075376      99.95 5.2886e+01   1994.458      47868         15  0.000e+00
     50.001     49.499    -0.5061  27.892711    -0.5061  27.891950     8.0182     8.0479     1.7359    91.0089 2.9431e-01  -66.50686  -69.88838 340.075376      99.98 5.2886e+01   1994.500      47869         15  0.000e+00
     49.946     49.445    -0.5061  27.892941    -0.5059  27.891894     8.0240     8.0428     1.7359    90.9574 2.9431e-01  -66.50686  -69.88838 340.075377      99.98 5.2886e+01   1994.542      47870         15  0.000e+00
     49.946     49.445    -0.5061  27.892769    -0.5061  27.891725     8.0240     8.0479     1.7359    90.9317 2.9431e-01  -66.50686  -69.88838 340.075377      99.98 5.2886e+01   1994.583      47871         15  0.000e+00
     49.898     49.398    -0.5061  27.892711    -0.5059  27.891838     8.0181     8.0483     1.7139    90.9059 2.9702e-01  -66.50686  -69.88838 340.075378      99.98 5.2886e+01   1994.625      47872         15  0.000e+00
     49.946     49.445    -0.5063  27.892711    -0.5061  27.891894     8.0167     8.0488     1.6846    90.9317 2.9702e-01  -66.50686  -69.88838 340.075378      99.98 5.2886e+01   1994.667      47873         15  0.000e+00
     49.946     49.445    -0.5061  27.892481    -0.5059  27.891894     8.0226     8.0436     1.6699    90.9317 2.9702e-01  -66.50686  -69.88838 340.075379      99.95 5.2886e+01   1994.708      47874         15  0.000e+00
     49.898     49.398    -0.5061  27.892423    -0.5061  27.891950     8.0180     8.0486     1.6773    90.9317 2.9702e-01  -66.50686  -69.88838 340.075379      99.95 5.2886e+01   1994.750      47875         15  0.000e+00
     49.946     49.445    -0.5063  27.892193    -0.5056  27.891894     8.0182     8.0488     1.6699    90.9059 2.9702e-01  -66.50686  -69.88838 340.075380      99.98 5.2886e+01   1994.792      47876         15  0.000e+00
     49.898     49.398    -0.5064  27.892308    -0.5057  27.892062     8.0168     8.0491     1.6773    90.9317 2.9702e-01  -66.50686  -69.88838 340.075380      99.98 5.2886e+01   1994.833      47877         15  0.000e+00
     49.891     49.391    -0.5061  27.892423    -0.5059  27.892175     8.0227     8.0494     1.6773    90.9317 2.9974e-01  -66.50686  -69.88838 340.075380      99.95 5.2886e+01   1994.875      47878         15  0.000e+00
