NBP2113_155081_ctd/data/nbp2113_031.ros
* Sea-Bird SBE 9 Data File:
* FileName = D:\Data\raw\NBP2113_031.hex
* Software Version Seasave V 7.26.7.121
* Temperature SN = 2438
* Conductivity SN = 2067
* Number of Bytes Per Scan = 40
* Number of Voltage Words = 5
* Number of Scans Averaged by the Deck Unit = 1
* NMEA Latitude = 66 30.40 S
* NMEA Longitude = 069 53.27 W
* NMEA UTC (Time) = Dec 06 2021  01:15:18
* NMEA baud rate = 9600
** Ship: RVIB N.B. Palmer
** Cruise: NBP2113 LTER
** Station: 300.100
** Operator: S. Blackman
# nquan = 20
# nvalues = 1127                                  
# units = specified
# name 0 = prDM: Pressure, Digiquartz [db]
# name 1 = depSM: Depth [salt water, m]
# name 2 = t090C: Temperature [ITS-90, deg C]
# name 3 = c0mS/cm: Conductivity [mS/cm]
# name 4 = t190C: Temperature, 2 [ITS-90, deg C]
# name 5 = c1mS/cm: Conductivity, 2 [mS/cm]
# name 6 = sbeox0ML/L: Oxygen, SBE 43 [ml/l]
# name 7 = sbeox1ML/L: Oxygen, SBE 43, 2 [ml/l]
# name 8 = flECO-AFL: Fluorescence, WET Labs ECO-AFL/FL [mg/m^3]
# name 9 = CStarTr0: Beam Transmission, WET Labs C-Star [%]
# name 10 = par: PAR/Irradiance, Biospherical/Licor
# name 11 = latitude: Latitude [deg]
# name 12 = longitude: Longitude [deg]
# name 13 = timeJ: Julian Days
# name 14 = altM: Altimeter [m]
# name 15 = spar: SPAR, Biospherical/Licor
# name 16 = timeS: Time, Elapsed [seconds]
# name 17 = scan: Scan Count
# name 18 = nbf: Bottles Fired
# name 19 = flag:  0.000e+00
# interval = seconds: 0.0416667
# start_time = Dec 06 2021 01:15:18 [NMEA time, header]
# bad_flag = -9.990e-29
*END*
[from data line 290]
    152.879    151.308     1.3348  29.969876     1.3335  29.968021     3.9645     3.9942    -0.0150    96.5709 1.0000e-12  -66.50680  -69.88840 340.071385      99.98 5.2886e+01   1649.667      39593          6  0.000e+00
    152.831    151.261     1.3346  29.969817     1.3338  29.968252     3.9601     3.9896    -0.0150    96.5709 1.0000e-12  -66.50680  -69.88840 340.071386      99.98 5.2886e+01   1649.708      39594          6  0.000e+00
    152.844    151.274     1.3347  29.969994     1.3338  29.968541     3.9586     3.9896    -0.0150    96.5709 1.0000e-12  -66.50680  -69.88840 340.071386      99.95 5.2886e+01   1649.750      39595          6  0.000e+00
    152.879    151.308     1.3348  29.969876     1.3342  29.968368     3.9529     3.9948    -0.0150    96.5709 1.0000e-12  -66.50680  -69.88838 340.071386      99.98 5.2886e+01   1649.792      39596          6  0.000e+00
    102.039    101.003     0.7695  29.376630     0.8587  29.443835     4.4585     4.4670     0.1168    96.1331 1.0000e-12  -66.50690  -69.88836 340.072627      99.95 5.4649e+01   1756.958      42168          7  0.000e+00
    102.073    101.037     0.7719  29.378038     0.8529  29.445384     4.4553     4.4662     0.1168    96.1074 1.0000e-12  -66.50690  -69.88836 340.072627      99.98 5.4649e+01   1757.000      42169          7  0.000e+00
    102.039    101.003     0.7712  29.375398     0.8388  29.442230     4.4512     4.4610     0.1168    96.1331 1.0000e-12  -66.50690  -69.88836 340.072628      99.98 5.4649e+01   1757.042      42170          7  0.000e+00
    102.094    101.058     0.7692  29.370939     0.8393  29.438731     4.4417     4.4596     0.1168    96.1074 1.0000e-12  -66.50690  -69.88836 340.072628      99.98 5.4649e+01   1757.083      42171          7  0.000e+00
    102.121    101.085     0.7695  29.367478     0.8421  29.434946     4.4443     4.4578     0.1168    96.1074 1.0000e-12  -66.50690  -69.88836 340.072629      99.98 5.4649e+01   1757.125      42172          7  0.000e+00
    102.094    101.058     0.7695  29.364428     0.8345  29.432824     4.4357     4.4570     0.1168    96.0816 1.0000e-12  -66.50690  -69.88836 340.072629      99.98 5.4649e+01   1757.167      42173          7  0.000e+00
    102.169    101.132     0.7690  29.363959     0.8370  29.434086     4.4315     4.4550     0.1168    96.0816 1.0000e-12  -66.50690  -69.88836 340.072630      99.98 5.4649e+01   1757.208      42174          7  0.000e+00
    102.094    101.058     0.7701  29.365484     0.8443  29.435462     4.4282     4.4523     0.1168    96.0816 1.0000e-12  -66.50690  -69.88836 340.072630      99.98 5.4649e+01   1757.250      42175          7  0.000e+00
    102.142    101.105     0.7709  29.367361     0.8463  29.438846     4.4237     4.4501     0.1168    96.0816 1.0000e-12  -66.50690  -69.88836 340.072631      99.98 5.4649e+01   1757.292      42176          7  0.000e+00
    102.121    101.085     0.7707  29.367009     0.8484  29.444639     4.4194     4.4485     0.1168    96.0816 1.0000e-12  -66.50690  -69.88836 340.072631      99.98 5.4649e+01   1757.333      42177          7  0.000e+00
    102.142    101.105     0.7703  29.365542     0.8638  29.448653     4.4165     4.4457     0.1168    96.0816 1.0000e-12  -66.50690  -69.88836 340.072632      99.98 5.4649e+01   1757.375      42178          7  0.000e+00
    102.169    101.132     0.7709  29.365132     0.8759  29.454561     4.4136     4.4431     0.1168    96.0816 1.0000e-12  -66.50690  -69.88836 340.072632      99.95 5.4649e+01   1757.417      42179          7  0.000e+00
    102.142    101.105     0.7717  29.365308     0.8830  29.458920     4.4105     4.4410     0.1168    96.0816 1.0000e-12  -66.50690  -69.88836 340.072633      99.98 5.4649e+01   1757.458      42180          7  0.000e+00
    102.197    101.160     0.7717  29.365190     0.8784  29.456339     4.4090     4.4403     0.1168    96.0816 1.0000e-12  -66.50690  -69.88836 340.072633      99.98 5.4649e+01   1757.500      42181          7  0.000e+00
    102.170    101.132     0.7717  29.365132     0.8763  29.455995     4.4020     4.4392     0.1168    96.1074 1.0000e-12  -66.50690  -69.88836 340.072634      99.98 5.4649e+01   1757.542      42182          7  0.000e+00
    102.142    101.105     0.7720  29.365308     0.8773  29.458921     4.3994     4.4377     0.1168    96.1074 1.0000e-12  -66.50690  -69.88836 340.072634      99.98 5.4649e+01   1757.583      42183          7  0.000e+00
    102.197    101.160     0.7726  29.365601     0.8790  29.462650     4.3901     4.4360     0.1168    96.1074 1.0000e-12  -66.50690  -69.88836 340.072635      99.98 5.4649e+01   1757.625      42184          7  0.000e+00
    102.224    101.187     0.7750  29.367126     0.8813  29.465863     4.3807     4.4343     0.1168    96.0816 1.0000e-12  -66.50690  -69.88836 340.072635      99.98 5.4649e+01   1757.667      42185          7  0.000e+00
    102.142    101.105     0.7776  29.368827     0.8805  29.466609     4.3815     4.4276     0.1168    96.0816 1.0000e-12  -66.50690  -69.88836 340.072636      99.98 5.4649e+01   1757.708      42186          7  0.000e+00
    102.224    101.187     0.7795  29.370294     0.8782  29.460470     4.3783     4.4260     0.1168    96.1074 1.0000e-12  -66.50690  -69.88836 340.072636      99.95 5.4649e+01   1757.750      42187          7  0.000e+00
    102.197    101.160     0.7804  29.371232     0.8683  29.454504     4.3753     4.4302     0.1168    96.0816 1.0000e-12  -66.50690  -69.88838 340.072636      99.98 5.4649e+01   1757.792      42188          7  0.000e+00
    102.197    101.160     0.7806  29.371467     0.8616  29.448883     4.3684     4.4252     0.1168    96.0816 1.0000e-12  -66.50690  -69.88838 340.072637      99.98 5.4649e+01   1757.833      42189          7  0.000e+00
    102.224    101.187     0.7801  29.371056     0.8417  29.435462     4.3663     4.4263     0.1095    96.0816 1.0000e-12  -66.50690  -69.88838 340.072637      99.98 5.4649e+01   1757.875      42190          7  0.000e+00
    102.245    101.207     0.7790  29.370880     0.8192  29.422159     4.3632     4.4277     0.1095    96.1074 1.0000e-12  -66.50690  -69.88838 340.072638      99.95 5.4649e+01   1757.917      42191          7  0.000e+00
    102.225    101.187     0.7781  29.370294     0.8173  29.418661     4.3603     4.4267     0.1095    96.0816 1.0000e-12  -66.50690  -69.88838 340.072638      99.95 5.4649e+01   1757.958      42192          7  0.000e+00
    102.197    101.160     0.7787  29.370059     0.8179  29.423077     4.3546     4.4251     0.1095    96.0559 1.0000e-12  -66.50690  -69.88838 340.072639      99.98 5.4649e+01   1758.000      42193          7  0.000e+00
    102.197    101.160     0.7781  29.369648     0.8290  29.429900     4.3524     4.4225     0.1095    96.0301 1.0000e-12  -66.50690  -69.88838 340.072639      99.98 5.4649e+01   1758.042      42194          7  0.000e+00
    102.273    101.234     0.7770  29.368651     0.8357  29.431678     4.3507     4.4214     0.1095    96.0559 1.0000e-12  -66.50690  -69.88838 340.072640      99.98 5.4649e+01   1758.083      42195          7  0.000e+00
    102.197    101.160     0.7770  29.368827     0.8305  29.434431     4.3492     4.4215     0.1095    96.0301 1.0000e-12  -66.50690  -69.88838 340.072640      99.98 5.4649e+01   1758.125      42196          7  0.000e+00
    102.245    101.207     0.7766  29.368534     0.8373  29.440166     4.3468     4.4203     0.1095    96.0559 1.0000e-12  -66.50690  -69.88838 340.072641      99.98 5.4649e+01   1758.167      42197          7  0.000e+00
    102.225    101.187     0.7745  29.368006     0.8490  29.446475     4.3406     4.4187     0.1095    96.0559 1.0000e-12  -66.50690  -69.88838 340.072641      99.98 5.4649e+01   1758.208      42198          7  0.000e+00
    102.245    101.207     0.7755  29.368651     0.8581  29.450891     4.3431     4.4176     0.1095    96.0559 1.0000e-12  -66.50690  -69.88838 340.072642      99.98 5.4649e+01   1758.250      42199          7  0.000e+00
    102.170    101.133     0.7776  29.369590     0.8626  29.453300     4.3414     4.4169     0.1095    96.0559 1.0000e-12  -66.50690  -69.88838 340.072642      99.98 5.4649e+01   1758.292      42200          7  0.000e+00
    102.245    101.207     0.7795  29.370411     0.8668  29.451521     4.3402     4.4166     0.1095    96.0559 1.0000e-12  -66.50690  -69.88838 340.072643      99.98 5.4649e+01   1758.333      42201          7  0.000e+00
    102.197    101.160     0.7795  29.370411     0.8647  29.445268     4.3394     4.4119     0.1095    96.0559 1.0000e-12  -66.50690  -69.88838 340.072643      99.98 5.4649e+01   1758.375      42202          7  0.000e+00
    102.273    101.234     0.7783  29.369472     0.8582  29.439246     4.3391     4.4174     0.1095    96.0559 1.0000e-12  -66.50690  -69.88838 340.072644      99.93 5.4649e+01   1758.417      42203          7  0.000e+00
    102.197    101.160     0.7775  29.368651     0.8491  29.432364     4.3390     4.4187     0.1095    96.0301 1.0000e-12  -66.50690  -69.88838 340.072644      99.98 5.4649e+01   1758.458      42204          7  0.000e+00
    102.225    101.187     0.7772  29.368651     0.8413  29.427089     4.3336     4.4200     0.1095    96.0301 1.0000e-12  -66.50690  -69.88838 340.072645      99.98 5.4649e+01   1758.500      42205          7  0.000e+00
    102.197    101.160     0.7778  29.369120     0.8388  29.422100     4.3341     4.4200     0.1095    96.0559 1.0000e-12  -66.50690  -69.88838 340.072645      99.98 5.4649e+01   1758.542      42206          7  0.000e+00
    102.197    101.160     0.7783  29.369238     0.8331  29.417455     4.3337     4.4159     0.1095    96.0559 1.0000e-12  -66.50690  -69.88838 340.072646      99.98 5.4649e+01   1758.583      42207          7  0.000e+00
    102.225    101.187     0.7783  29.369414     0.8269  29.411435     4.3338     4.4217     0.1095    96.0559 1.0000e-12  -66.50690  -69.88838 340.072646      99.98 5.4649e+01   1758.625      42208          7  0.000e+00
    102.197    101.160     0.7795  29.369883     0.8194  29.405071     4.3328     4.4232     0.1022    96.0559 1.0000e-12  -66.50690  -69.88838 340.072647      99.98 5.4649e+01   1758.667      42209          7  0.000e+00
    102.245    101.207     0.7809  29.371115     0.8142  29.401231     4.3333     4.4246     0.1095    96.0301 1.0000e-12  -66.50690  -69.88838 340.072647      99.98 5.4649e+01   1758.708      42210          7  0.000e+00
    102.170    101.133     0.7823  29.372464     0.8092  29.399683     4.3342     4.4258     0.1095    96.0559 1.0000e-12  -66.50690  -69.88838 340.072648      99.95 5.4649e+01   1758.750      42211          7  0.000e+00
    102.197    101.160     0.7830  29.373637     0.8113  29.401059     4.3411     4.4263     0.1095    96.0301 1.0000e-12  -66.50688  -69.88838 340.072648      99.98 5.4649e+01   1758.792      42212          7  0.000e+00
    102.170    101.133     0.7834  29.374517     0.8143  29.400371     4.3372     4.4268     0.1095    96.0559 1.0000e-12  -66.50688  -69.88838 340.072649      99.98 5.4649e+01   1758.833      42213          7  0.000e+00
    102.197    101.160     0.7841  29.375573     0.8143  29.398766     4.3392     4.4278     0.1095    96.0559 1.0000e-12  -66.50688  -69.88838 340.072649      99.98 5.4649e+01   1758.875      42214          7  0.000e+00
    102.143    101.106     0.7844  29.375221     0.8139  29.399740     4.3403     4.4279     0.1095    96.0559 1.0000e-12  -66.50688  -69.88838 340.072649      99.95 5.4649e+01   1758.917      42215          7  0.000e+00
    102.170    101.133     0.7830  29.373813     0.8144  29.401288     4.3475     4.4280     0.0948    96.0559 1.0000e-12  -66.50688  -69.88838 340.072650      99.98 5.4649e+01   1758.958      42216          7  0.000e+00
    101.432    100.403     0.7537  29.342491     0.7572  29.344841     4.5262     4.5430     0.1608    96.0559 1.0000e-12  -66.50690  -69.88836 340.072748      99.95 5.4649e+01   1767.458      42420          8  0.000e+00
    101.384    100.355     0.7539  29.342725     0.7566  29.344726     4.5239     4.5420     0.1608    96.0559 1.0000e-12  -66.50690  -69.88836 340.072749      99.98 5.4649e+01   1767.500      42421          8  0.000e+00
    101.412    100.383     0.7541  29.343136     0.7566  29.345013     4.5272     4.5417     0.1608    96.0559 1.0000e-12  -66.50690  -69.88836 340.072749      99.98 5.4649e+01   1767.542      42422          8  0.000e+00
    101.432    100.403     0.7541  29.342901     0.7574  29.345757     4.5205     4.5412     0.1608    96.0559 1.0000e-12  -66.50690  -69.88836 340.072750      99.98 5.4649e+01   1767.583      42423          8  0.000e+00
    101.515    100.484     0.7544  29.342902     0.7585  29.346617     4.5237     4.5398     0.1608    96.0301 1.0000e-12  -66.50690  -69.88836 340.072750      99.98 5.4649e+01   1767.625      42424          8  0.000e+00
    101.432    100.403     0.7545  29.343664     0.7600  29.347419     4.5180     4.5391     0.1608    96.0559 1.0000e-12  -66.50690  -69.88836 340.072751      99.98 5.4649e+01   1767.667      42425          8  0.000e+00
    101.432    100.403     0.7553  29.344661     0.7612  29.349023     4.5209     4.5383     0.1461    96.0559 1.0000e-12  -66.50690  -69.88836 340.072751      99.98 5.4649e+01   1767.708      42426          8  0.000e+00
    101.467    100.437     0.7569  29.345423     0.7637  29.350913     4.5206     4.5373     0.1168    96.0559 1.0000e-12  -66.50690  -69.88836 340.072752      99.98 5.4649e+01   1767.750      42427          8  0.000e+00
    101.487    100.457     0.7567  29.345599     0.7659  29.353033     4.5149     4.5363     0.1022    96.0559 1.0000e-12  -66.50690  -69.88836 340.072752      99.98 5.4649e+01   1767.792      42428          8  0.000e+00
    101.515    100.484     0.7559  29.344837     0.7667  29.353778     4.5149     4.5354     0.1022    96.0559 1.0000e-12  -66.50690  -69.88836 340.072753      99.98 5.4649e+01   1767.833      42429          8  0.000e+00
    101.487    100.457     0.7552  29.344074     0.7671  29.353262     4.5137     4.5345     0.1095    96.0559 1.0000e-12  -66.50690  -69.88836 340.072753      99.98 5.4649e+01   1767.875      42430          8  0.000e+00
    101.487    100.457     0.7552  29.343781     0.7662  29.352059     4.5123     4.5337     0.1095    96.0559 1.0000e-12  -66.50690  -69.88836 340.072754      99.95 5.4649e+01   1767.917      42431          8  0.000e+00
    101.467    100.437     0.7552  29.343664     0.7639  29.349825     4.5097     4.5330     0.1095    96.0559 1.0000e-12  -66.50690  -69.88836 340.072754      99.95 5.4649e+01   1767.958      42432          8  0.000e+00
    101.535    100.505     0.7547  29.343547     0.7623  29.348393     4.5084     4.5322     0.1095    96.0559 1.0000e-12  -66.50690  -69.88836 340.072755      99.98 5.4649e+01   1768.000      42433          8  0.000e+00
    101.515    100.485     0.7548  29.343371     0.7616  29.347132     4.5069     4.5320     0.1095    96.0559 1.0000e-12  -66.50690  -69.88836 340.072755      99.98 5.4649e+01   1768.042      42434          8  0.000e+00
    101.535    100.505     0.7548  29.343136     0.7600  29.346617     4.5055     4.5266     0.1095    96.0301 1.0000e-12  -66.50690  -69.88836 340.072756     100.00 5.4649e+01   1768.083      42435          8  0.000e+00
    101.487    100.457     0.7553  29.343429     0.7597  29.346101     4.5027     4.5247     0.1095    96.0301 1.0000e-12  -66.50690  -69.88836 340.072756      99.98 5.4649e+01   1768.125      42436          8  0.000e+00
    101.515    100.485     0.7559  29.343840     0.7589  29.346789     4.5025     4.5288     0.1095    96.0301 1.0000e-12  -66.50690  -69.88836 340.072757      99.98 5.4649e+01   1768.167      42437          8  0.000e+00
