NBP2113_155081_ctd/data/nbp2113_033.ros
* Sea-Bird SBE 9 Data File:
* FileName = D:\Data\raw\NBP2113_033.hex
* Software Version Seasave V 7.26.7.121
* Temperature SN = 2438
* Conductivity SN = 2067
* Number of Bytes Per Scan = 40
* Number of Voltage Words = 5
* Number of Scans Averaged by the Deck Unit = 1
* NMEA Latitude = 64 55.99 S
* NMEA Longitude = 064 24.01 W
* NMEA UTC (Time) = Dec 08 2021  19:08:34
* NMEA baud rate = 9600
** Ship: RVIB N.B. Palmer
** Cruise: NBP2113 LTER
** Station: 600.040
** Operator: S. Blackman
# nquan = 20
# nvalues = 189                                   
# units = specified
# name 0 = prDM: Pressure, Digiquartz [db]
# name 1 = depSM: Depth [salt water, m]
# name 2 = t090C: Temperature [ITS-90, deg C]
# name 3 = c0mS/cm: Conductivity [mS/cm]
# name 4 = t190C: Temperature, 2 [ITS-90, deg C]
# name 5 = c1mS/cm: Conductivity, 2 [mS/cm]
# name 6 = sbeox0ML/L: Oxygen, SBE 43 [ml/l]
# name 7 = sbeox1ML/L: Oxygen, SBE 43, 2 [ml/l]
# name 8 = flECO-AFL: Fluorescence, WET Labs ECO-AFL/FL [mg/m^3]
# name 9 = CStarTr0: Beam Transmission, WET Labs C-Star [%]
# name 10 = par: PAR/Irradiance, Biospherical/Licor
# name 11 = latitude: Latitude [deg]
# name 12 = longitude: Longitude [deg]
# name 13 = timeJ: Julian Days
# name 14 = altM: Altimeter [m]
# name 15 = spar: SPAR, Biospherical/Licor
# name 16 = timeS: Time, Elapsed [seconds]
# name 17 = scan: Scan Count
# name 18 = nbf: Bottles Fired
# name 19 = flag:  0.000e+00
# interval = seconds: 0.0416667
# start_time = Dec 08 2021 19:08:34 [NMEA time, header]
# bad_flag = -9.990e-29
*END*
[from data line 73]
     19.310     19.120    -0.1763  28.087957    -0.1794  28.083369     7.9066     7.9303     1.4795    91.1892 2.3694e+01  -64.93314  -64.39934 342.813849      99.98 3.1379e+02   1402.583      33663          2  0.000e+00
     19.311     19.120    -0.1756  28.089284    -0.1781  28.084553     7.9061     7.9302     1.4795    91.2149 2.3694e+01  -64.93314  -64.39934 342.813850      99.95 3.1379e+02   1402.625      33664          2  0.000e+00
     19.331     19.141    -0.1751  28.090380    -0.1777  28.085849     7.9069     7.9302     1.4795    91.2149 2.3763e+01  -64.93314  -64.39934 342.813850      99.95 3.1379e+02   1402.667      33665          2  0.000e+00
     19.358     19.168    -0.1747  28.091130    -0.1774  28.086751     7.9133     7.9293     1.4795    91.2149 2.3763e+01  -64.93314  -64.39934 342.813851      99.98 3.1379e+02   1402.708      33666          2  0.000e+00
     19.358     19.168    -0.1747  28.092515    -0.1769  28.087709     7.9151     7.9290     1.4795    91.2149 2.3763e+01  -64.93314  -64.39934 342.813851      99.98 3.1379e+02   1402.750      33667          2  0.000e+00
     19.276     19.087    -0.1745  28.093265    -0.1763  28.088610     7.9152     7.9285     1.4795    91.1892 2.3832e+01  -64.93314  -64.39936 342.813852      99.98 3.1379e+02   1402.792      33668          2  0.000e+00
     19.359     19.168    -0.1743  28.093554    -0.1754  28.089794     7.9108     7.9281     1.4795    91.2149 2.3832e+01  -64.93314  -64.39936 342.813852      99.95 3.1379e+02   1402.833      33669          2  0.000e+00
     19.359     19.168    -0.1744  28.093554    -0.1753  28.090301     7.9165     7.9276     1.4795    91.2149 2.3832e+01  -64.93314  -64.39936 342.813853      99.95 3.1379e+02   1402.875      33670          2  0.000e+00
     19.331     19.141    -0.1742  28.093554    -0.1754  28.090583     7.9188     7.9270     1.4721    91.1892 2.3901e+01  -64.93314  -64.39936 342.813853      99.98 3.1379e+02   1402.917      33671          2  0.000e+00
     19.311     19.121    -0.1741  28.093554    -0.1755  28.090470     7.9152     7.9273     1.4795    91.0604 2.3901e+01  -64.93314  -64.39936 342.813854      99.98 3.1379e+02   1402.958      33672          2  0.000e+00
     19.311     19.121    -0.1743  28.093265    -0.1760  28.089794     7.9160     7.9276     1.4721    91.0089 2.3901e+01  -64.93314  -64.39936 342.813854      99.98 3.1379e+02   1403.000      33673          2  0.000e+00
     19.379     19.188    -0.1747  28.093323    -0.1765  28.089174     7.9225     7.9333     1.4795    91.0089 2.3901e+01  -64.93314  -64.39936 342.813855      99.98 3.1379e+02   1403.042      33674          2  0.000e+00
     19.311     19.121    -0.1748  28.093034    -0.1774  28.088047     7.9229     7.9343     1.4795    91.0089 2.3901e+01  -64.93314  -64.39936 342.813855      99.98 3.1379e+02   1403.083      33675          2  0.000e+00
     19.359     19.168    -0.1753  28.093035    -0.1781  28.087145     7.9176     7.9345     1.4795    91.0089 2.3970e+01  -64.93314  -64.39936 342.813856      99.95 3.1379e+02   1403.125      33676          2  0.000e+00
     19.277     19.087    -0.1755  28.092746    -0.1788  28.086131     7.9163     7.9343     1.4795    91.0089 2.3970e+01  -64.93314  -64.39936 342.813856      99.95 3.1379e+02   1403.167      33677          2  0.000e+00
     19.311     19.121    -0.1763  28.092227    -0.1795  28.084722     7.9208     7.9350     1.4795    91.0089 2.3970e+01  -64.93314  -64.39936 342.813857      99.98 3.1379e+02   1403.208      33678          2  0.000e+00
     19.277     19.087    -0.1773  28.091938    -0.1802  28.083313     7.9206     7.9355     1.4795    91.0089 2.4039e+01  -64.93314  -64.39936 342.813857      99.98 3.1379e+02   1403.250      33679          2  0.000e+00
     19.359     19.168    -0.1782  28.090611    -0.1807  28.082975     7.9205     7.9360     1.4795    91.0089 2.4039e+01  -64.93314  -64.39936 342.813858      99.98 3.1379e+02   1403.292      33680          2  0.000e+00
     19.256     19.067    -0.1792  28.088765    -0.1812  28.081961     7.9142     7.9362     1.4795    91.0089 2.4039e+01  -64.93314  -64.39936 342.813858      99.95 3.1379e+02   1403.333      33681          2  0.000e+00
     19.277     19.087    -0.1803  28.087726    -0.1822  28.081115     7.9193     7.9365     1.4795    91.0089 2.4109e+01  -64.93314  -64.39936 342.813859      99.95 3.1379e+02   1403.375      33682          2  0.000e+00
     19.311     19.121    -0.1809  28.086111    -0.1828  28.080665     7.9185     7.9366     1.4795    91.0089 2.4109e+01  -64.93314  -64.39936 342.813859      99.98 3.1379e+02   1403.417      33683          2  0.000e+00
     19.256     19.067    -0.1817  28.084783    -0.1831  28.080439     7.9174     7.9364     1.4795    91.0089 2.4109e+01  -64.93314  -64.39936 342.813859      99.98 3.1379e+02   1403.458      33684          2  0.000e+00
     19.277     19.087    -0.1821  28.083457    -0.1838  28.079200     7.9160     7.9364     1.4795    91.0089 2.4109e+01  -64.93314  -64.39936 342.813860      99.98 3.1379e+02   1403.500      33685          2  0.000e+00
     19.256     19.067    -0.1831  28.082937    -0.1872  28.072213     7.9158     7.9372     1.4721    91.0089 2.4179e+01  -64.93314  -64.39936 342.813860      99.98 3.1379e+02   1403.542      33686          2  0.000e+00
     19.256     19.067    -0.1837  28.082130    -0.1951  28.061508     7.9155     7.9389     1.4502    91.0089 2.4179e+01  -64.93314  -64.39936 342.813861      99.98 3.1379e+02   1403.583      33687          2  0.000e+00
      4.089      4.049    -0.9624  27.162152    -0.9613  27.162507     7.7317     8.0690     1.4575    87.3525 1.2411e+02  -64.93318  -64.39950 342.814458       1.64 3.0850e+02   1455.208      34926          3  0.000e+00
      4.089      4.049    -0.9621  27.162323    -0.9610  27.162786     7.6962     8.0684     1.4575    87.3782 1.2446e+02  -64.93318  -64.39950 342.814459       1.64 3.0850e+02   1455.250      34927          3  0.000e+00
      4.042      4.002    -0.9615  27.162095    -0.9606  27.162952     7.6645     8.0676     1.4575    87.3782 1.2446e+02  -64.93318  -64.39950 342.814459       1.64 3.1027e+02   1455.292      34928          3  0.000e+00
      4.130      4.090    -0.9612  27.162323    -0.9603  27.163064     7.6218     8.0670     1.4575    87.3782 1.2446e+02  -64.93318  -64.39950 342.814460       1.66 3.0850e+02   1455.333      34929          3  0.000e+00
      4.042      4.002    -0.9614  27.162152    -0.9598  27.162897     7.5992     8.0661     1.4648    87.3525 1.2446e+02  -64.93318  -64.39950 342.814460       1.76 3.0850e+02   1455.375      34930          3  0.000e+00
      4.089      4.049    -0.9630  27.162608    -0.9600  27.162953     7.5643     8.0653     1.4575    87.3782 1.2411e+02  -64.93318  -64.39950 342.814461       1.93 3.0850e+02   1455.417      34931          3  0.000e+00
      4.083      4.043    -0.9630  27.161525    -0.9598  27.162674     7.5409     8.0700     1.4648    87.3782 1.2376e+02  -64.93318  -64.39950 342.814461       1.98 3.0850e+02   1455.458      34932          3  0.000e+00
      4.144      4.104    -0.9626  27.160499    -0.9598  27.162173     7.5143     8.0644     1.4648    87.3525 1.2341e+02  -64.93318  -64.39950 342.814462       1.95 3.0850e+02   1455.500      34933          3  0.000e+00
      4.089      4.049    -0.9628  27.160841    -0.9606  27.161561     7.5007     8.0635     1.4648    87.3782 1.2306e+02  -64.93318  -64.39950 342.814462       1.95 3.0850e+02   1455.542      34934          3  0.000e+00
      4.144      4.104    -0.9633  27.160784    -0.9626  27.159780     7.4856     8.0638     1.4575    87.3782 1.2271e+02  -64.93318  -64.39950 342.814463       1.95 3.0850e+02   1455.583      34935          3  0.000e+00
      4.083      4.043    -0.9665  27.159758    -0.9656  27.157109     7.4664     8.0643     1.4648    87.3782 1.2202e+02  -64.93318  -64.39950 342.814463       1.95 3.0850e+02   1455.625      34936          3  0.000e+00
      4.144      4.104    -0.9700  27.158790    -0.9680  27.155328     7.4547     8.0647     1.4648    87.3525 1.2168e+02  -64.93318  -64.39950 342.814464       1.95 3.0850e+02   1455.667      34937          3  0.000e+00
      4.144      4.104    -0.9748  27.156112    -0.9697  27.153770     7.4595     8.0704     1.4648    87.3782 1.2099e+02  -64.93318  -64.39950 342.814464       1.95 3.1027e+02   1455.708      34938          3  0.000e+00
      4.131      4.090    -0.9791  27.151154    -0.9705  27.152434     7.4583     8.0711     1.4648    87.3782 1.2065e+02  -64.93318  -64.39950 342.814465       1.95 3.0850e+02   1455.750      34939          3  0.000e+00
      4.144      4.104    -0.9812  27.146994    -0.9728  27.150932     7.4598     8.0720     1.4648    87.3782 1.1997e+02  -64.93318  -64.39950 342.814465       1.95 3.0850e+02   1455.792      34940          3  0.000e+00
      4.144      4.104    -0.9835  27.144316    -0.9746  27.149707     7.4583     8.0728     1.4575    87.3782 1.1929e+02  -64.93318  -64.39950 342.814466       1.95 3.1027e+02   1455.833      34941          3  0.000e+00
      4.192      4.151    -0.9847  27.141810    -0.9772  27.147593     7.4644     8.0738     1.4648    87.3782 1.1896e+02  -64.93318  -64.39950 342.814466      37.41 3.0850e+02   1455.875      34942          3  0.000e+00
      4.131      4.090    -0.9862  27.140271    -0.9797  27.144977     7.4885     8.0746     1.4575    87.3782 1.1862e+02  -64.93318  -64.39950 342.814467      90.28 3.0850e+02   1455.917      34943          3  0.000e+00
      4.192      4.151    -0.9869  27.139474    -0.9815  27.143809     7.4917     8.0697     1.4575    87.4040 1.1829e+02  -64.93318  -64.39950 342.814467     100.00 3.0850e+02   1455.958      34944          3  0.000e+00
      4.192      4.151    -0.9872  27.138220    -0.9831  27.142251     7.5008     8.0693     1.4575    87.3782 1.1795e+02  -64.93318  -64.39950 342.814468     100.00 3.0850e+02   1456.000      34945          3  0.000e+00
      4.185      4.144    -0.9865  27.137593    -0.9850  27.139914     7.5111     8.0745     1.4575    87.3525 1.1729e+02  -64.93318  -64.39950 342.814468     100.00 3.0850e+02   1456.042      34946          3  0.000e+00
      4.240      4.199    -0.9847  27.138220    -0.9874  27.137689     7.5394     8.0696     1.4575    87.3525 1.1696e+02  -64.93318  -64.39950 342.814469     100.00 3.0850e+02   1456.083      34947          3  0.000e+00
      4.192      4.151    -0.9840  27.139245    -0.9889  27.136019     7.5648     8.0746     1.4648    87.3525 1.1696e+02  -64.93318  -64.39950 342.814469      99.88 3.0850e+02   1456.125      34948          3  0.000e+00
      4.240      4.199    -0.9850  27.140784    -0.9899  27.134851     7.5905     8.0748     1.4648    87.3525 1.1663e+02  -64.93318  -64.39950 342.814470      99.90 3.0850e+02   1456.167      34949          3  0.000e+00
      4.233      4.192    -0.9866  27.140955    -0.9902  27.134796     7.6239     8.0746     1.5014    87.3525 1.1663e+02  -64.93318  -64.39950 342.814470      99.98 3.0850e+02   1456.208      34950          3  0.000e+00
      4.240      4.199    -0.9847  27.138961    -0.9901  27.135241     7.6706     8.0742     1.5234    87.3525 1.1663e+02  -64.93318  -64.39950 342.814470      99.98 3.0850e+02   1456.250      34951          3  0.000e+00
      4.240      4.199    -0.9804  27.138960    -0.9892  27.136910     7.7080     8.0745     1.5234    87.3525 1.1663e+02  -64.93318  -64.39950 342.814471      99.98 3.0850e+02   1456.292      34952          3  0.000e+00
      4.281      4.239    -0.9782  27.145456    -0.9867  27.140137     7.7441     8.0678     1.5234    87.3525 1.1696e+02  -64.93318  -64.39950 342.814471      99.93 3.0850e+02   1456.333      34953          3  0.000e+00
      4.240      4.199    -0.9774  27.151154    -0.9837  27.144922     7.7791     8.0720     1.5234    87.3525 1.1696e+02  -64.93318  -64.39950 342.814472      68.18 3.0850e+02   1456.375      34954          3  0.000e+00
      4.295      4.253    -0.9779  27.153377    -0.9815  27.148261     7.8164     8.0709     1.5234    87.3267 1.1696e+02  -64.93318  -64.39950 342.814472      18.63 3.0850e+02   1456.417      34955          3  0.000e+00
      4.240      4.199    -0.9806  27.154517    -0.9800  27.150376     7.8464     8.0708     1.5234    87.3267 1.1729e+02  -64.93318  -64.39950 342.814473       5.52 3.0850e+02   1456.458      34956          3  0.000e+00
      4.281      4.239    -0.9826  27.152466    -0.9806  27.149040     7.8764     8.0714     1.5234    87.3267 1.1729e+02  -64.93318  -64.39950 342.814473       6.94 3.0850e+02   1456.500      34957          3  0.000e+00
      4.295      4.253    -0.9842  27.149616    -0.9814  27.146926     7.8980     8.0720     1.5161    87.3267 1.1729e+02  -64.93318  -64.39950 342.814474       8.84 3.0850e+02   1456.542      34958          3  0.000e+00
      4.343      4.300    -0.9849  27.146938    -0.9823  27.145646     7.9305     8.0661     1.5234    87.3267 1.1729e+02  -64.93318  -64.39950 342.814474       9.28 3.0850e+02   1456.583      34959          3  0.000e+00
      4.281      4.239    -0.9859  27.145742    -0.9820  27.144811     7.9512     8.0653     1.5161    87.3267 1.1729e+02  -64.93318  -64.39950 342.814475       9.21 3.0850e+02   1456.625      34960          3  0.000e+00
      4.295      4.253    -0.9882  27.143406    -0.9829  27.143698     7.9697     8.0649     1.5161    87.3267 1.1729e+02  -64.93318  -64.39950 342.814475       9.13 3.0850e+02   1456.667      34961          3  0.000e+00
      4.295      4.253    -0.9899  27.141070    -0.9835  27.142585     7.9852     8.0701     1.5234    87.3267 1.1729e+02  -64.93318  -64.39950 342.814476       9.11 3.0850e+02   1456.708      34962          3  0.000e+00
      4.336      4.294    -0.9911  27.138392    -0.9838  27.142140     8.0081     8.0704     1.5234    87.3267 1.1729e+02  -64.93318  -64.39950 342.814476       9.13 3.0850e+02   1456.750      34963          3  0.000e+00
      4.343      4.301    -0.9925  27.135885    -0.9844  27.141306     8.0279     8.0707     1.5161    87.3010 1.1729e+02  -64.93318  -64.39950 342.814477       9.13 3.0850e+02   1456.792      34964          3  0.000e+00
      4.295      4.253    -0.9944  27.132979    -0.9854  27.140081     8.0419     8.0711     1.5234    87.3010 1.1729e+02  -64.93318  -64.39950 342.814477       9.11 3.0850e+02   1456.833      34965          3  0.000e+00
      4.343      4.301    -0.9871  27.131213    -0.9864  27.139136     8.0515     8.0659     1.5234    87.3010 1.1729e+02  -64.93318  -64.39950 342.814478       9.13 3.0850e+02   1456.875      34966          3  0.000e+00
      4.234      4.192    -0.9675  27.133774    -0.9866  27.138801     8.0686     8.0650     1.5161    87.3010 1.1696e+02  -64.93318  -64.39950 342.814478       9.21 3.0850e+02   1456.917      34967          3  0.000e+00
      4.343      4.301    -0.9706  27.140213    -0.9869  27.138357     8.0842     8.0644     1.5234    87.3010 1.1696e+02  -64.93318  -64.39950 342.814479       9.21 3.0850e+02   1456.958      34968          4  0.000e+00
      4.343      4.301    -0.9815  27.148078    -0.9880  27.137411     8.1027     8.0639     1.5234    87.3010 1.1663e+02  -64.93318  -64.39950 342.814479       9.21 3.0850e+02   1457.000      34969          4  0.000e+00
      4.384      4.341    -0.9898  27.149617    -0.9883  27.137021     8.1136     8.0632     1.5234    87.3010 1.1663e+02  -64.93318  -64.39950 342.814480       9.21 3.0850e+02   1457.042      34970          4  0.000e+00
      4.295      4.253    -0.9920  27.144659    -0.9881  27.135797     8.1306     8.0623     1.5234    87.3010 1.1630e+02  -64.93318  -64.39950 342.814480       9.21 3.0850e+02   1457.083      34971          4  0.000e+00
