NBP2113_155081_ctd/data/nbp2113_053.cnv
* Sea-Bird SBE 9 Data File:
* FileName = D:\Data\raw\NBP2113_053.hex
* Software Version Seasave V 7.26.7.121
* Temperature SN = 2438
* Conductivity SN = 2067
* Number of Bytes Per Scan = 40
* Number of Voltage Words = 5
* Number of Scans Averaged by the Deck Unit = 1
* NMEA Latitude = 64 53.78 S
* NMEA Longitude = 064 39.15 W
* NMEA UTC (Time) = Dec 11 2021  18:56:20
* NMEA baud rate = 9600
** Ship: RVIB N.B. Palmer
** Cruise: NBP2113 LTER
** Station: 595.052
** Operator: S. Blackman
# nquan = 25
# nvalues = 967                         
# units = specified
# name 0 = prDM: Pressure, Digiquartz [db]
# name 1 = depSM: Depth [salt water, m]
# name 2 = t090C: Temperature [ITS-90, deg C]
# name 3 = c0mS/cm: Conductivity [mS/cm]
# name 4 = t190C: Temperature, 2 [ITS-90, deg C]
# name 5 = c1mS/cm: Conductivity, 2 [mS/cm]
# name 6 = sbeox0ML/L: Oxygen, SBE 43 [ml/l]
# name 7 = sbeox1ML/L: Oxygen, SBE 43, 2 [ml/l]
# name 8 = flECO-AFL: Fluorescence, WET Labs ECO-AFL/FL [mg/m^3]
# name 9 = CStarTr0: Beam Transmission, WET Labs C-Star [%]
# name 10 = par: PAR/Irradiance, Biospherical/Licor
# name 11 = latitude: Latitude [deg]
# name 12 = longitude: Longitude [deg]
# name 13 = timeJ: Julian Days
# name 14 = altM: Altimeter [m]
# name 15 = spar: SPAR, Biospherical/Licor
# name 16 = timeS: Time, Elapsed [seconds]
# name 17 = scan: Scan Count
# name 18 = density00: Density [density, kg/m^3]
# name 19 = density11: Density, 2 [density, kg/m^3]
# name 20 = sal00: Salinity, Practical [PSU]
# name 21 = sal11: Salinity, Practical, 2 [PSU]
# name 22 = oxsolML/L: Oxygen Saturation, Garcia & Gordon [ml/l]
# name 23 = nbin: number of scans per bin
# name 24 = flag: flag
# span 0 =      1.000,    486.000       
# span 1 =      0.992,    480.674       
# span 2 =    -0.2936,     1.4451       
# span 3 =  27.837677,  30.257408       
# span 4 =    -0.2974,     1.4445       
# span 5 =  27.832811,  30.255726       
# span 6 =     4.1076,     8.0589       
# span 7 =     4.1722,     8.0572       
# span 8 =    -0.0225,     1.8801       
# span 9 =    85.0365,    92.1333       
# span 10 = -8.602e-05, 1.0695e+03      
# span 11 =  -64.89646,  -64.89638      
# span 12 =  -64.65308,  -64.65220      
# span 13 = 345.792762, 345.811111      
# span 14 =       1.63,     103.90      
# span 15 = 6.3413e+02, 9.2235e+02      
# span 16 =    314.674,   1899.958      
# span 17 =       7553,      45600      
# span 18 =  1027.1035,  1030.0388      
# span 19 =  1027.1017,  1030.0375      
# span 20 =    33.7326,    34.6767      
# span 21 =    33.7302,    34.6751      
# span 22 =    7.73524,    8.14406      
# span 23 =         11,         53      
# span 24 = 0.0000e+00, 0.0000e+00      
# interval = decibars: 1                
# start_time = Dec 11 2021 18:56:20 [NMEA time, header]
# bad_flag = -9.990e-29
*END*
[from data line 232]
    237.000    234.545     1.1522  29.831424     1.1523  29.830441     4.4726     4.5266    -0.0151    92.0590 1.0000e-12  -64.89644  -64.65288 345.797917      99.97 8.4795e+02    759.986      18241  1028.8312  1028.8301    34.5988    34.5974    7.79731         18 0.0000e+00
    238.000    235.529     1.1521  29.831876     1.1521  29.830951     4.4748     4.5310    -0.0075    92.0604 1.0000e-12  -64.89644  -64.65288 345.797925      99.97 8.4795e+02    760.705      18258  1028.8361  1028.8351    34.5989    34.5977    7.79734         18 0.0000e+00
    239.000    236.526     1.1511  29.831216     1.1508  29.829736     4.4774     4.5346    -0.0017    92.0606 1.0000e-12  -64.89644  -64.65288 345.797934      99.97 8.4795e+02    761.481      18277  1028.8407  1028.8395    34.5986    34.5970    7.79755         19 0.0000e+00
    240.000    237.512     1.1514  29.831989     1.1507  29.830244     4.4807     4.5378    -0.0075    92.0445 1.0000e-12  -64.89644  -64.65288 345.797944      99.97 8.4795e+02    762.392      18298  1028.8455  1028.8444    34.5987    34.5972    7.79749         25 0.0000e+00
    241.000    238.500     1.1487  29.829444     1.1482  29.827804     4.4853     4.5346    -0.0065    92.0537 1.0000e-12  -64.89644  -64.65289 345.797957      99.97 8.4795e+02    763.504      18325  1028.8499  1028.8487    34.5978    34.5962    7.79807         29 0.0000e+00
    242.000    239.490     1.1486  29.829134     1.1478  29.827446     4.4729     4.5322    -0.0038    92.0533 1.0000e-12  -64.89644  -64.65290 345.797975      99.97 8.4721e+02    765.065      18363  1028.8539  1028.8530    34.5970    34.5957    7.79814         34 0.0000e+00
    243.000    240.478     1.1512  29.832325     1.1504  29.830702     4.4582     4.5271    -0.0091    92.0622 1.0000e-12  -64.89644  -64.65292 345.797999      99.97 8.4614e+02    767.118      18412  1028.8589  1028.8580    34.5976    34.5964    7.79759         37 0.0000e+00
    244.000    241.469     1.1546  29.836998     1.1553  29.836509     4.4692     4.5207    -0.0143    92.0647 1.0000e-12  -64.89644  -64.65292 345.798014      99.97 8.4624e+02    768.451      18444  1028.8646  1028.8634    34.5992    34.5978    7.79681         28 0.0000e+00
    245.000    242.455     1.1569  29.839845     1.1567  29.838617     4.4698     4.5182    -0.0079    92.0647 1.0000e-12  -64.89644  -64.65292 345.798027      99.97 8.4761e+02    769.490      18469  1028.8695  1028.8686    34.5997    34.5984    7.79633         24 0.0000e+00
    246.000    243.445     1.1586  29.842215     1.1575  29.839933     4.4619     4.5162    -0.0119    92.0647 1.0000e-12  -64.89644  -64.65294 345.798039      99.97 8.4794e+02    770.612      18496  1028.8746  1028.8733    34.6003    34.5986    7.79596         30 0.0000e+00
    247.000    244.435     1.1590  29.842996     1.1586  29.841643     4.4483     4.5128    -0.0107    92.0542 1.0000e-12  -64.89644  -64.65294 345.798057      99.97 8.4752e+02    772.140      18532  1028.8793  1028.8783    34.6002    34.5990    7.79588         37 0.0000e+00
    248.000    245.421     1.1615  29.845820     1.1616  29.844990     4.4271     4.5028    -0.0114    92.0494 1.0000e-12  -64.89644  -64.65292 345.798074      99.97 8.4616e+02    773.619      18568  1028.8840  1028.8831    34.6005    34.5994    7.79537         22 0.0000e+00
    249.000    246.412     1.1665  29.851901     1.1671  29.851502     4.4179     4.4881    -0.0001    92.0707 1.0000e-12  -64.89644  -64.65292 345.798084      99.97 8.4618e+02    774.483      18589  1028.8896  1028.8886    34.6022    34.6010    7.79428         19 0.0000e+00
    250.000    247.402     1.1731  29.858931     1.1731  29.858252     4.4202     4.4808    -0.0139    92.0646 1.0000e-12  -64.89644  -64.65290 345.798092      99.97 8.4618e+02    775.183      18605  1028.8946  1028.8939    34.6034    34.6025    7.79292         15 0.0000e+00
    251.000    248.390     1.1821  29.868602     1.1815  29.866779     4.4240     4.4858    -0.0136    92.0631 1.0000e-12  -64.89644  -64.65291 345.798100      99.97 8.4652e+02    775.823      18621  1028.8999  1028.8987    34.6052    34.6036    7.79102         16 0.0000e+00
    252.000    249.380     1.1892  29.877238     1.1889  29.875925     4.4273     4.4903    -0.0078    92.0558 1.0000e-12  -64.89644  -64.65292 345.798108      99.97 8.4792e+02    776.485      18637  1028.9062  1028.9050    34.6079    34.6065    7.78947         17 0.0000e+00
    253.000    250.369     1.1898  29.878850     1.1896  29.877415     4.4329     4.4886    -0.0135    92.0558 1.0000e-12  -64.89644  -64.65292 345.798120      99.97 8.4788e+02    777.541      18662  1028.9114  1028.9102    34.6086    34.6070    7.78930         26 0.0000e+00
    254.000    251.356     1.1886  29.877563     1.1862  29.873847     4.3998     4.4696    -0.0076    92.0725 1.0000e-12  -64.89644  -64.65296 345.798167      99.97 8.4452e+02    781.592      18759  1028.9159  1028.9144    34.6078    34.6057    7.78960         31 0.0000e+00
    255.000    252.346     1.1907  29.879914     1.1915  29.879659     4.3821     4.4534    -0.0120    92.0636 1.0000e-12  -64.89644  -64.65296 345.798179      99.97 8.4594e+02    782.684      18785  1028.9205  1028.9195    34.6079    34.6067    7.78917         22 0.0000e+00
    256.000    253.334     1.2038  29.893571     1.2043  29.893107     4.3805     4.4383    -0.0127    92.0459 1.0000e-12  -64.89644  -64.65296 345.798189      99.97 8.4756e+02    783.531      18806  1028.9258  1028.9248    34.6102    34.6091    7.78643         19 0.0000e+00
    257.000    254.325     1.2144  29.906416     1.2138  29.904727     4.3716     4.4358    -0.0077    92.0389 1.0000e-12  -64.89644  -64.65294 345.798198      99.97 8.4857e+02    784.292      18824  1028.9329  1028.9318    34.6144    34.6129    7.78411         17 0.0000e+00
    258.000    255.313     1.2161  29.908561     1.2159  29.907336     4.3652     4.4326    -0.0200    92.0576 1.0000e-12  -64.89644  -64.65294 345.798206      99.97 8.4971e+02    785.023      18842  1028.9378  1028.9367    34.6147    34.6134    7.78376         18 0.0000e+00
    259.000    256.303     1.2222  29.915756     1.2220  29.914303     4.3648     4.4323    -0.0139    92.0647 1.0000e-12  -64.89644  -64.65294 345.798215      99.97 8.4971e+02    785.789      18860  1028.9434  1028.9421    34.6166    34.6150    7.78245         19 0.0000e+00
    260.000    257.291     1.2290  29.923589     1.2297  29.923153     4.3676     4.4297    -0.0030    92.0620 1.0000e-12  -64.89644  -64.65294 345.798226      99.97 8.4971e+02    786.710      18882  1028.9491  1028.9480    34.6186    34.6172    7.78100         27 0.0000e+00
    261.000    258.280     1.2306  29.925757     1.2300  29.924255     4.3711     4.4338    -0.0109    92.0648 1.0000e-12  -64.89644  -64.65295 345.798248      99.97 8.4923e+02    788.652      18929  1028.9542  1028.9533    34.6189    34.6177    7.78065         38 0.0000e+00
    262.000    259.268     1.2308  29.926133     1.2302  29.924793     4.3607     4.4322    -0.0152    92.0804 1.0000e-12  -64.89644  -64.65298 345.798280      99.97 8.4790e+02    791.347      18993  1028.9589  1028.9581    34.6186    34.6176    7.78063         34 0.0000e+00
    263.000    260.258     1.2325  29.928687     1.2315  29.926759     4.3701     4.4273    -0.0150    92.0811 1.0000e-12  -64.89644  -64.65298 345.798292      99.97 8.4795e+02    792.457      19020  1028.9642  1028.9631    34.6194    34.6180    7.78025         22 0.0000e+00
    264.000    261.247     1.2327  29.929487     1.2320  29.927812     4.3749     4.4291    -0.0131    92.0814 1.0000e-12  -64.89644  -64.65296 345.798302      99.97 8.4867e+02    793.328      19041  1028.9691  1028.9681    34.6196    34.6183    7.78019         20 0.0000e+00
    265.000    262.236     1.2314  29.928502     1.2308  29.926898     4.3810     4.4299    -0.0077    92.0863 1.0000e-12  -64.89644  -64.65296 345.798312      99.97 8.4971e+02    794.122      19060  1028.9736  1028.9726    34.6193    34.6179    7.78048         19 0.0000e+00
    266.000    263.226     1.2313  29.928813     1.2310  29.927353     4.3784     4.4335    -0.0077    92.0861 1.0000e-12  -64.89644  -64.65296 345.798320      99.97 8.5049e+02    794.893      19078  1028.9783  1028.9772    34.6191    34.6177    7.78050         18 0.0000e+00
    267.000    264.213     1.2322  29.930206     1.2319  29.928793     4.3680     4.4313    -0.0074    92.0807 1.0000e-12  -64.89644  -64.65296 345.798330      99.97 8.5146e+02    795.701      19098  1028.9831  1028.9820    34.6194    34.6179    7.78031         21 0.0000e+00
    268.000    265.203     1.2331  29.931534     1.2326  29.929955     4.3673     4.4310    -0.0109    92.0656 1.0000e-12  -64.89644  -64.65296 345.798342      99.97 8.5147e+02    796.780      19124  1028.9880  1028.9867    34.6195    34.6180    7.78013         32 0.0000e+00
    269.000    266.192     1.2330  29.931941     1.2328  29.930554     4.3719     4.4261    -0.0113    92.0709 1.0000e-12  -64.89644  -64.65298 345.798368      99.97 8.5005e+02    799.034      19178  1028.9928  1028.9915    34.6196    34.6181    7.78015         37 0.0000e+00
    270.000    267.181     1.2349  29.934072     1.2340  29.932369     4.3488     4.4115    -0.0161    92.0786 1.0000e-12  -64.89644  -64.65300 345.798395      99.97 8.4970e+02    801.347      19233  1028.9974  1028.9965    34.6196    34.6184    7.77977         32 0.0000e+00
    271.000    268.167     1.2451  29.944934     1.2442  29.943004     4.3395     4.4103    -0.0225    92.0883 1.0000e-12  -64.89644  -64.65300 345.798408      99.97 8.4971e+02    802.434      19259  1029.0027  1029.0015    34.6217    34.6201    7.77764         23 0.0000e+00
    272.000    269.159     1.2466  29.947828     1.2460  29.946322     4.3443     4.4071    -0.0194    92.0891 1.0000e-12  -64.89644  -64.65300 345.798418      99.97 8.4971e+02    803.330      19281  1029.0085  1029.0075    34.6231    34.6218    7.77726         20 0.0000e+00
    273.000    270.148     1.2518  29.953438     1.2501  29.950952     4.3487     4.4029    -0.0133    92.0879 1.0000e-12  -64.89644  -64.65298 345.798428      99.97 8.4971e+02    804.173      19301  1029.0134  1029.0124    34.6240    34.6226    7.77619         21 0.0000e+00
    274.000    271.136     1.2509  29.953426     1.2496  29.951114     4.3465     4.4031    -0.0078    92.0823 1.0000e-12  -64.89644  -64.65298 345.798438      99.97 8.4971e+02    805.047      19322  1029.0185  1029.0174    34.6243    34.6228    7.77633         22 0.0000e+00
    275.000    272.125     1.2520  29.954534     1.2533  29.954293     4.3431     4.4036    -0.0077    92.0708 1.0000e-12  -64.89644  -64.65298 345.798450      99.97 8.5111e+02    806.045      19346  1029.0228  1029.0213    34.6239    34.6222    7.77614         26 0.0000e+00
    276.000    273.114     1.2548  29.958476     1.2562  29.959120     4.3537     4.4042    -0.0077    92.0679 1.0000e-12  -64.89644  -64.65298 345.798464      99.97 8.5147e+02    807.273      19376  1029.0284  1029.0277    34.6253    34.6246    7.77551         32 0.0000e+00
    277.000    274.103     1.2501  29.953499     1.2505  29.952850     4.3629     4.4127    -0.0077    92.0897 1.0000e-12  -64.89644  -64.65299 345.798479      99.97 8.5147e+02    808.627      19408  1029.0323  1029.0312    34.6236    34.6223    7.77653         33 0.0000e+00
    278.000    275.092     1.2503  29.954797     1.2509  29.954098     4.3628     4.4104    -0.0077    92.0904 1.0000e-12  -64.89644  -64.65300 345.798495      99.97 8.5003e+02    809.998      19441  1029.0377  1029.0364    34.6245    34.6229    7.77646         33 0.0000e+00
    279.000    276.080     1.2459  29.950025     1.2474  29.951328     4.3547     4.4119    -0.0128    92.0861 1.0000e-12  -64.89644  -64.65300 345.798511      99.97 8.4799e+02    811.322      19473  1029.0414  1029.0412    34.6226    34.6227    7.77742         30 0.0000e+00
    280.000    277.070     1.2501  29.955129     1.2485  29.952822     4.3553     4.4122    -0.0032    92.0549 1.0000e-12  -64.89644  -64.65300 345.798524      99.97 8.4788e+02    812.476      19500  1029.0467  1029.0460    34.6239    34.6228    7.77652         26 0.0000e+00
    281.000    278.058     1.2469  29.951967     1.2451  29.949138     4.3506     4.4127    -0.0058    92.0656 1.0000e-12  -64.89644  -64.65302 345.798536      99.97 8.4831e+02    813.502      19525  1029.0509  1029.0498    34.6229    34.6213    7.77722         24 0.0000e+00
    282.000    279.048     1.2463  29.952214     1.2448  29.949607     4.3477     4.4117    -0.0076    92.0705 1.0000e-12  -64.89644  -64.65302 345.798548      99.97 8.4966e+02    814.528      19550  1029.0560  1029.0548    34.6232    34.6215    7.77731         26 0.0000e+00
    283.000    280.036     1.2517  29.957888     1.2503  29.955491     4.3486     4.4110    -0.0178    92.0787 1.0000e-12  -64.89644  -64.65302 345.798563      99.97 8.4971e+02    815.810      19580  1029.0607  1029.0597    34.6239    34.6225    7.77620         36 0.0000e+00
    284.000    281.025     1.2528  29.960088     1.2508  29.956989     4.3538     4.4113    -0.0037    92.0779 1.0000e-12  -64.89644  -64.65300 345.798582      99.97 8.4971e+02    817.473      19620  1029.0661  1029.0649    34.6249    34.6232    7.77592         37 0.0000e+00
    285.000    282.014     1.2485  29.955731     1.2484  29.954756     4.3460     4.4066    -0.0025    92.0806 1.0000e-12  -64.89644  -64.65300 345.798600      99.97 8.4971e+02    819.052      19658  1029.0702  1029.0693    34.6236    34.6224    7.77686         34 0.0000e+00
    286.000    283.003     1.2493  29.956849     1.2484  29.955082     4.3523     4.4070    -0.0072    92.0729 1.0000e-12  -64.89644  -64.65300 345.798616      99.97 8.4924e+02    820.392      19690  1029.0748  1029.0739    34.6235    34.6223    7.77670         28 0.0000e+00
    287.000    283.991     1.2499  29.957985     1.2503  29.957524     4.3525     4.3997    -0.0077    92.0874 1.0000e-12  -64.89644  -64.65300 345.798628      99.97 8.4598e+02    821.497      19717  1029.0796  1029.0787    34.6238    34.6227    7.77657         24 0.0000e+00
    288.000    284.979     1.2514  29.960033     1.2510  29.958629     4.3463     4.3972    -0.0077    92.0904 1.0000e-12  -64.89644  -64.65300 345.798639      99.97 8.4440e+02    822.386      19738  1029.0844  1029.0834    34.6241    34.6228    7.77625         19 0.0000e+00
    289.000    285.971     1.2528  29.962079     1.2524  29.960562     4.3401     4.3932    -0.0077    92.0642 1.0000e-12  -64.89644  -64.65302 345.798648      99.97 8.4551e+02    823.159      19757  1029.0894  1029.0883    34.6246    34.6231    7.77595         18 0.0000e+00
    290.000    286.957     1.2532  29.962784     1.2522  29.960705     4.3413     4.3957    -0.0077    92.0647 1.0000e-12  -64.89644  -64.65302 345.798656      99.97 8.4791e+02    823.864      19774  1029.0940  1029.0929    34.6245    34.6230    7.77588         17 0.0000e+00
    291.000    287.946     1.2542  29.964367     1.2540  29.963016     4.3450     4.4013 -9.990e-29    92.0647 1.0000e-12  -64.89644  -64.65302 345.798664      99.97 8.5034e+02    824.587      19791  1029.0989  1029.0977    34.6248    34.6233    7.77566         18 0.0000e+00
    292.000    288.938     1.2546  29.965225     1.2542  29.963698     4.3432     4.4016    -0.0099    92.0686 1.0000e-12  -64.89644  -64.65302 345.798675      99.97 8.5172e+02    825.527      19814  1029.1036  1029.1024    34.6249    34.6234    7.77557         26 0.0000e+00
    293.000    289.925     1.2543  29.965312     1.2539  29.963731     4.3425     4.3958    -0.0121    92.0672 1.0000e-12  -64.89644  -64.65303 345.798722      99.97 8.5318e+02    829.604      19911  1029.1083  1029.1070    34.6248    34.6231    7.77564         33 0.0000e+00
