NBP2113_155081_ctd/data/nbp2113_038.cnv
* Sea-Bird SBE 9 Data File:
* FileName = D:\Data\raw\NBP2113_038.hex
* Software Version Seasave V 7.26.7.121
* Temperature SN = 2438
* Conductivity SN = 2067
* Number of Bytes Per Scan = 40
* Number of Voltage Words = 5
* Number of Scans Averaged by the Deck Unit = 1
* NMEA Latitude = 64 56.00 S
* NMEA Longitude = 064 24.10 W
* NMEA UTC (Time) = Dec 10 2021  10:01:33
* NMEA baud rate = 9600
** Ship: RVIB N.B. Palmer
** Cruise: NBP2113 LTER
** Station: 600.040
** Operator: B. Urmston
# nquan = 25
# nvalues = 200                         
# units = specified
# name 0 = prDM: Pressure, Digiquartz [db]
# name 1 = depSM: Depth [salt water, m]
# name 2 = t090C: Temperature [ITS-90, deg C]
# name 3 = c0mS/cm: Conductivity [mS/cm]
# name 4 = t190C: Temperature, 2 [ITS-90, deg C]
# name 5 = c1mS/cm: Conductivity, 2 [mS/cm]
# name 6 = sbeox0ML/L: Oxygen, SBE 43 [ml/l]
# name 7 = sbeox1ML/L: Oxygen, SBE 43, 2 [ml/l]
# name 8 = flECO-AFL: Fluorescence, WET Labs ECO-AFL/FL [mg/m^3]
# name 9 = CStarTr0: Beam Transmission, WET Labs C-Star [%]
# name 10 = par: PAR/Irradiance, Biospherical/Licor
# name 11 = latitude: Latitude [deg]
# name 12 = longitude: Longitude [deg]
# name 13 = timeJ: Julian Days
# name 14 = altM: Altimeter [m]
# name 15 = spar: SPAR, Biospherical/Licor
# name 16 = timeS: Time, Elapsed [seconds]
# name 17 = scan: Scan Count
# name 18 = density00: Density [density, kg/m^3]
# name 19 = density11: Density, 2 [density, kg/m^3]
# name 20 = sal00: Salinity, Practical [PSU]
# name 21 = sal11: Salinity, Practical, 2 [PSU]
# name 22 = oxsolML/L: Oxygen Saturation, Garcia & Gordon [ml/l]
# name 23 = nbin: number of scans per bin
# name 24 = flag: flag
# span 0 =      1.000,    103.000       
# span 1 =      0.991,    101.969       
# span 2 =    -0.7222,     0.3191       
# span 3 =  27.382335,  28.874895       
# span 4 =    -0.7225,     0.3190       
# span 5 =  27.380459,  28.873231       
# span 6 =     5.3836,     8.8828       
# span 7 =     5.4727,     9.9958       
# span 8 =     0.0480,     1.7036       
# span 9 =    87.2336,    95.3799       
# span 10 = 9.0961e-02, 2.3115e+02      
# span 11 =  -64.93344,  -64.93306      
# span 12 =  -64.40141,  -64.40094      
# span 13 = 344.420969, 344.426734      
# span 14 =      -0.07,     100.24      
# span 15 = 1.9921e+02, 2.6620e+02      
# span 16 =    278.748,    776.784      
# span 17 =       6691,      18644      
# span 18 =  1027.0117,  1028.0621      
# span 19 =  1027.0105,  1028.0611      
# span 20 =    33.5967,    34.3633      
# span 21 =    33.5945,    34.3612      
# span 22 =    7.97939,    8.24464      
# span 23 =          4,         47      
# span 24 = 0.0000e+00, 0.0000e+00      
# interval = decibars: 1                
# start_time = Dec 10 2021 10:01:33 [NMEA time, header]
# bad_flag = -9.990e-29
*END*
[from data line 116]
     84.000     83.161     0.1991  28.730051     0.1989  28.728348     5.5943     5.6329     0.0537    95.3332 2.2934e-01  -64.93316  -64.40098 344.424474      99.97 2.0273e+02    581.600      13959  1027.9456  1027.9438    34.3177    34.3156    8.00688         16 0.0000e+00
     83.000     82.170     0.1812  28.710824     0.1827  28.711055     5.5932     5.6377     0.0510    95.3333 2.4050e-01  -64.93316  -64.40098 344.424482      99.97 2.0273e+02    582.251      13975  1027.9383  1027.9370    34.3129    34.3115    8.01086         16 0.0000e+00
     82.000     81.181     0.1706  28.697587     0.1702  28.695307     5.5809     5.6262     0.0651    95.3142 2.5045e-01  -64.93316  -64.40098 344.424490      99.98 2.0273e+02    582.939      13992  1027.9302  1027.9282    34.3079    34.3053    8.01336         17 0.0000e+00
     81.000     80.190     0.1633  28.685263     0.1629  28.683394     5.5662     5.6229     0.0773    95.2921 2.5906e-01  -64.93316  -64.40098 344.424499      99.98 2.0273e+02    583.744      14011  1027.9199  1027.9182    34.3004    34.2983    8.01530         21 0.0000e+00
     80.000     79.200     0.1676  28.689942     0.1709  28.690189     5.5622     5.6284     0.0822    95.2686 2.6597e-01  -64.93316  -64.40098 344.424511      99.97 2.0147e+02    584.779      14036  1027.9162  1027.9131    34.3023    34.2990    8.01429         29 0.0000e+00
     79.000     78.210     0.1755  28.698238     0.1831  28.706358     5.5596     5.6351     0.0927    95.2584 2.7237e-01  -64.93316  -64.40098 344.424526      99.97 2.0097e+02    586.040      14066  1027.9128  1027.9140    34.3051    34.3073    8.01249         31 0.0000e+00
     78.000     77.221     0.1682  28.690095     0.1633  28.682405     5.5751     5.6387     0.1186    95.2395 2.8470e-01  -64.93316  -64.40098 344.424541      99.97 2.0097e+02    587.327      14097  1027.9069  1027.9035    34.3031    34.2984    8.01413         31 0.0000e+00
     77.000     76.232     0.1663  28.686788     0.1687  28.687837     5.5629     5.6406     0.0987    95.2206 3.0470e-01  -64.93316  -64.40097 344.424557      99.97 1.9923e+02    588.713      14130  1027.9009  1027.8996    34.3015    34.3001    8.01462         36 0.0000e+00
     76.000     75.241     0.1609  28.679459     0.1731  28.693716     5.5796     5.6579     0.1170    95.1937 3.2875e-01  -64.93316  -64.40098 344.424576      99.97 1.9921e+02    590.356      14170  1027.8939  1027.8971    34.2985    34.3036    8.01591         38 0.0000e+00
     75.000     74.252     0.1553  28.673321     0.1543  28.672518     5.6996     5.7372     0.1174    95.1815 3.4911e-01  -64.93316  -64.40098 344.424595      99.97 1.9921e+02    592.027      14210  1027.8884  1027.8887    34.2972    34.2973    8.01715         36 0.0000e+00
     74.000     73.262     0.0900  28.594983     0.0893  28.594420     5.8073     5.8029     0.1133    95.1814 3.6365e-01  -64.93316  -64.40098 344.424610      99.97 1.9921e+02    593.306      14240  1027.8649  1027.8649    34.2673    34.2674    8.03248         26 0.0000e+00
     73.000     72.271     0.0455  28.545969     0.0265  28.521973     5.8401     5.8260     0.1017    95.1921 3.7923e-01  -64.93314  -64.40098 344.424621      99.97 1.9921e+02    594.237      14263  1027.8517  1027.8449    34.2528    34.2424    8.04262         20 0.0000e+00
     72.000     71.282     0.0105  28.505089     0.0085  28.501013     5.8487     5.8340     0.1092    95.1326 3.9610e-01  -64.93314  -64.40098 344.424630      99.97 1.9921e+02    595.047      14282  1027.8379  1027.8355    34.2385    34.2353    8.05079         19 0.0000e+00
     71.000     70.293    -0.0017  28.489978    -0.0047  28.485110     5.8726     5.8651     0.1139    95.1072 4.1378e-01  -64.93314  -64.40098 344.424640      99.97 1.9921e+02    595.862      14302  1027.8290  1027.8268    34.2327    34.2297    8.05367         21 0.0000e+00
     70.000     69.302    -0.0109  28.479039    -0.0090  28.479140     5.8566     5.8670     0.1267    95.0902 4.3250e-01  -64.93314  -64.40098 344.424651      99.97 1.9921e+02    596.807      14324  1027.8217  1027.8199    34.2292    34.2271    8.05581         25 0.0000e+00
     69.000     68.313    -0.0228  28.466086    -0.0132  28.475621     5.8496     5.9034     0.1559    95.0593 4.4888e-01  -64.93314  -64.40098 344.424663      99.97 1.9921e+02    597.916      14351  1027.8146  1027.8154    34.2258    34.2277    8.05849         27 0.0000e+00
     68.000     67.321    -0.0410  28.444585    -0.0410  28.442465     5.9609     5.9709     0.1720    95.0392 4.6501e-01  -64.93314  -64.40098 344.424676      99.97 1.9921e+02    599.004      14377  1027.8048  1027.8026    34.2183    34.2155    8.06276         25 0.0000e+00
     67.000     66.334    -0.0433  28.443260    -0.0589  28.427256     6.0072     5.9860     0.1634    95.0270 4.8488e-01  -64.93314  -64.40098 344.424687      99.97 1.9921e+02    599.981      14401  1027.8007  1027.7991    34.2197    34.2160    8.06316         22 0.0000e+00
     66.000     65.343    -0.1291  28.346482    -0.1370  28.332925     5.9854     5.9674     0.1556    95.0074 5.1082e-01  -64.93314  -64.40098 344.424699      99.97 1.9921e+02    600.956      14424  1027.7769  1027.7700    34.1878    34.1786    8.08309         23 0.0000e+00
     65.000     64.352    -0.1088  28.363313    -0.1002  28.372044     5.9842     5.9717     0.1712    94.9408 5.4437e-01  -64.93314  -64.40098 344.424712      99.97 1.9921e+02    602.114      14452  1027.7698  1027.7708    34.1881    34.1901    8.07879         33 0.0000e+00
     64.000     63.363    -0.1079  28.368174    -0.0893  28.387119     5.9603     5.9834     0.1797    94.9060 5.8831e-01  -64.93314  -64.40098 344.424733      99.97 1.9921e+02    603.940      14496  1027.7693  1027.7714    34.1942    34.1986    8.07825         38 0.0000e+00
     63.000     62.374    -0.1097  28.365903    -0.0903  28.386466     6.1650     6.1287     0.1892    94.9481 6.2574e-01  -64.93314  -64.40098 344.424759      99.98 1.9921e+02    606.159      14549  1027.7638  1027.7666    34.1938    34.1994    8.07866         33 0.0000e+00
     62.000     61.383    -0.2345  28.228765    -0.1689  28.300903     6.4004     6.3045     0.1826    94.9266 6.5350e-01  -64.93314  -64.40098 344.424773      99.98 1.9921e+02    607.430      14579  1027.7336  1027.7475    34.1516    34.1742    8.10752         24 0.0000e+00
     61.000     60.394    -0.3058  28.141942    -0.3023  28.149104     6.5051     6.3942     0.1828    94.8622 6.8216e-01  -64.93314  -64.40098 344.424783      99.97 1.9921e+02    608.287      14600  1027.7056  1027.7102    34.1162    34.1218    8.12474         19 0.0000e+00
     60.000     59.403    -0.3690  28.059647    -0.3735  28.052268     6.5413     6.4532     0.2123    94.7786 7.1336e-01  -64.93312  -64.40098 344.424792      99.97 1.9921e+02    609.016      14617  1027.6737  1027.6705    34.0776    34.0727    8.14045         16 0.0000e+00
     59.000     58.414    -0.3912  28.030390    -0.3886  28.032664     6.5228     6.4867     0.2327    94.6800 7.4965e-01  -64.93312  -64.40098 344.424800      99.97 1.9921e+02    609.723      14634  1027.6589  1027.6590    34.0639    34.0641    8.14599         17 0.0000e+00
     58.000     57.423    -0.3990  28.020321    -0.4060  28.009682     6.5049     6.4943     0.2860    94.5782 7.8767e-01  -64.93312  -64.40098 344.424808      99.97 1.9921e+02    610.447      14652  1027.6505  1027.6464    34.0597    34.0534    8.14789         18 0.0000e+00
     57.000     56.434    -0.4096  28.002925    -0.4178  27.992197     6.4806     6.4866     0.3009    94.5260 8.3042e-01  -64.93314  -64.40098 344.424818      99.97 1.9921e+02    611.305      14672  1027.6371  1027.6337    34.0489    34.0438    8.15079         25 0.0000e+00
     56.000     55.443    -0.3907  28.028475    -0.4048  28.007893     6.4039     6.4341     0.3370    94.5188 8.7985e-01  -64.93314  -64.40097 344.424835      99.97 1.9921e+02    612.720      14706  1027.6408  1027.6324    34.0626    34.0509    8.14596         32 0.0000e+00
     55.000     54.454    -0.3725  28.053372    -0.3703  28.052369     6.3323     6.4274     0.3577    94.5299 9.5508e-01  -64.93313  -64.40094 344.424873      99.97 2.0071e+02    616.050      14786  1027.6438  1027.6406    34.0762    34.0723    8.14128         43 0.0000e+00
     54.000     53.464    -0.3669  28.057527    -0.3834  28.036255     6.5978     6.5941     0.3414    94.5291 1.0151e+00  -64.93312  -64.40095 344.424893      99.97 2.0179e+02    617.791      14828  1027.6381  1027.6313    34.0761    34.0661    8.14008         31 0.0000e+00
     53.000     52.474    -0.3993  28.016992    -0.4092  28.001060     6.7754     6.7060     0.3036    94.5117 1.0643e+00  -64.93312  -64.40096 344.424906      99.97 2.0275e+02    618.899      14855  1027.6214  1027.6138    34.0587    34.0484    8.14802         23 0.0000e+00
     52.000     51.484    -0.4554  27.944564    -0.4639  27.933374     6.8134     6.7426     0.3158    94.4751 1.1119e+00  -64.93312  -64.40097 344.424917      99.98 2.0273e+02    619.829      14877  1027.5932  1027.5894    34.0251    34.0196    8.16200         22 0.0000e+00
     51.000     50.494    -0.4812  27.909658    -0.4990  27.887097     6.8069     6.7561     0.3481    94.3897 1.1681e+00  -64.93312  -64.40098 344.424928      99.97 2.0273e+02    620.741      14899  1027.5760  1027.5686    34.0078    33.9974    8.16856         23 0.0000e+00
     50.000     49.504    -0.5039  27.882168    -0.5058  27.877515     6.7948     6.7623     0.3708    94.3278 1.2372e+00  -64.93312  -64.40098 344.424939      99.97 2.0364e+02    621.700      14922  1027.5634  1027.5602    33.9969    33.9928    8.17406         23 0.0000e+00
     49.000     48.514    -0.5094  27.875277    -0.5100  27.872843     6.7486     6.7508     0.4184    94.3004 1.3206e+00  -64.93312  -64.40097 344.424951      99.97 2.0448e+02    622.740      14947  1027.5565  1027.5544    33.9945    33.9918    8.17540         27 0.0000e+00
     48.000     47.524    -0.5134  27.870608    -0.5126  27.868914     6.7145     6.7389     0.4698    94.2635 1.4151e+00  -64.93312  -64.40096 344.424965      99.97 2.0449e+02    623.987      14977  1027.5505  1027.5478    33.9933    33.9901    8.17633         34 0.0000e+00
     47.000     46.536    -0.4924  27.894289    -0.5006  27.883591     6.7070     6.7525     0.4667    94.3008 1.5152e+00  -64.93312  -64.40094 344.424987      99.97 2.0474e+02    625.838      15021  1027.5509  1027.5471    34.0021    33.9969    8.17129         35 0.0000e+00
     46.000     45.544    -0.4980  27.886787    -0.5033  27.879115     6.7801     6.8230     0.4712    94.3097 1.6199e+00  -64.93312  -64.40094 344.425013      99.97 2.0622e+02    628.104      15075  1027.5433  1027.5400    33.9990    33.9946    8.17268         36 0.0000e+00
     45.000     44.554    -0.5154  27.863182    -0.5167  27.860259     6.8868     6.9129     0.4420    94.2592 1.7175e+00  -64.93312  -64.40095 344.425033      99.97 2.0718e+02    629.817      15117  1027.5301  1027.5280    33.9874    33.9849    8.17710         35 0.0000e+00
     44.000     43.565    -0.5358  27.839652    -0.5532  27.818177     6.9997     6.9893     0.4391    94.2356 1.8128e+00  -64.93312  -64.40096 344.425048      99.97 2.0804e+02    631.178      15149  1027.5199  1027.5135    33.9792    33.9699    8.18198         30 0.0000e+00
     43.000     42.574    -0.5859  27.778248    -0.6103  27.745831     7.0645     7.0217     0.4577    94.1871 1.9161e+00  -64.93312  -64.40096 344.425061      99.97 2.0887e+02    632.256      15175  1027.4973  1027.4858    33.9534    33.9371    8.19430         23 0.0000e+00
     42.000     41.584    -0.6213  27.733724    -0.6371  27.712709     7.0618     7.0335     0.4760    94.0809 2.0261e+00  -64.93312  -64.40096 344.425071      99.97 2.0978e+02    633.163      15197  1027.4789  1027.4712    33.9337    33.9231    8.20311         21 0.0000e+00
     41.000     40.594    -0.6488  27.698770    -0.6518  27.693037     7.0150     7.0337     0.4912    93.9724 2.1541e+00  -64.93312  -64.40096 344.425081      99.97 2.0978e+02    634.024      15218  1027.4630  1027.4594    33.9180    33.9137    8.20999         21 0.0000e+00
     40.000     39.604    -0.6586  27.685026    -0.6551  27.686707     6.9932     7.0282     0.5323    93.8707 2.3137e+00  -64.93312  -64.40096 344.425092      99.97 2.0978e+02    634.986      15241  1027.4528  1027.4509    33.9111    33.9094    8.21252         25 0.0000e+00
     39.000     38.613    -0.6449  27.700429    -0.6499  27.693697     6.9749     7.0169     0.6273    93.8243 2.4947e+00  -64.93312  -64.40095 344.425108      99.97 2.1096e+02    636.304      15272  1027.4514  1027.4485    33.9172    33.9136    8.20920         38 0.0000e+00
     38.000     37.622    -0.6507  27.693174    -0.6401  27.704956     6.9789     7.0190     0.5884    93.8709 2.6568e+00  -64.93312  -64.40094 344.425133      99.97 2.1207e+02    638.507      15325  1027.4440  1027.4463    33.9145    33.9185    8.21061         38 0.0000e+00
     37.000     36.635    -0.6500  27.693728    -0.6427  27.701323     7.0288     7.0703     0.5919    93.8579 2.8202e+00  -64.93310  -64.40094 344.425154      99.97 2.1335e+02    640.326      15369  1027.4392  1027.4404    33.9150    33.9172    8.21042         32 0.0000e+00
     36.000     35.644    -0.6610  27.678744    -0.6604  27.678279     7.0755     7.1138     0.5636    93.8252 2.9992e+00  -64.93310  -64.40095 344.425169      99.97 2.1372e+02    641.557      15398  1027.4290  1027.4279    33.9078    33.9064    8.21324         30 0.0000e+00
     35.000     34.654    -0.6691  27.665292    -0.6697  27.661455     7.1197     7.1618     0.6105    93.7066 3.1662e+00  -64.93310  -64.40096 344.425183      99.98 2.1506e+02    642.827      15429  1027.4176  1027.4140    33.8993    33.8948    8.21548         31 0.0000e+00
     34.000     33.665    -0.6660  27.663197    -0.6648  27.661547     7.2164     7.2217     0.6585    93.6189 3.3194e+00  -64.93310  -64.40096 344.425198      99.97 2.1590e+02    644.119      15460  1027.4077  1027.4048    33.8936    33.8901    8.21513         30 0.0000e+00
     33.000     32.674    -0.6526  27.670750    -0.6508  27.670190     7.3026     7.2971     0.6639    93.5829 3.5443e+00  -64.93310  -64.40096 344.425212      99.97 2.1683e+02    645.315      15489  1027.3985  1027.3961    33.8894    33.8867    8.21247         28 0.0000e+00
     32.000     31.684    -0.6371  27.681822    -0.6259  27.687549     7.3719     7.3736     0.6691    93.4691 3.8451e+00  -64.93310  -64.40096 344.425226      99.97 2.1683e+02    646.534      15518  1027.3910  1027.3863    33.8876    33.8827    8.20921         31 0.0000e+00
     31.000     30.693    -0.6099  27.698821    -0.6060  27.700472     7.3757     7.4035     0.7498    93.2269 4.2319e+00  -64.93310  -64.40096 344.425241      99.97 2.1819e+02    647.835      15549  1027.3788  1027.3767    33.8807    33.8784    8.20371         32 0.0000e+00
     30.000     29.703    -0.5993  27.705611    -0.5904  27.709340     7.2713     7.3300     0.8159    92.9815 4.6216e+00  -64.93310  -64.40096 344.425257      68.34 2.1860e+02    649.240      15583  1027.3719  1027.3670    33.8786    33.8735    8.20154         27 0.0000e+00
     29.000     28.713    -0.6216  27.693840    -0.6200  27.694179     7.1781     7.2643     0.8625    92.5872 4.9879e+00  -64.93310  -64.40096 344.425277     100.24 2.2038e+02    650.963      15624  1027.3764  1027.3753    33.8883    33.8869    8.20581         40 0.0000e+00
     28.000     27.724    -0.6274  27.688162    -0.6242  27.687863     7.3128     7.3046     0.9917    92.3502 5.4709e+00  -64.93310  -64.40097 344.425300      99.97 2.2150e+02    652.952      15672  1027.3715  1027.3681    33.8877    33.8837    8.20710         45 0.0000e+00
