NBP2113_155081_ctd/data/nbp2113_057.ros
* Sea-Bird SBE 9 Data File:
* FileName = D:\Data\raw\NBP2113_057.hex
* Software Version Seasave V 7.26.7.121
* Temperature SN = 2438
* Conductivity SN = 2067
* Number of Bytes Per Scan = 40
* Number of Voltage Words = 5
* Number of Scans Averaged by the Deck Unit = 1
* NMEA Latitude = 64 55.49 S
* NMEA Longitude = 064 36.97 W
* NMEA UTC (Time) = Dec 12 2021  00:03:38
* NMEA baud rate = 9600
** Ship: RVIB N.B. Palmer
** Cruise: NBP2113 LTER
** Station: 594.048
** Operator: S. Blackman
# nquan = 20
# nvalues = 779                                   
# units = specified
# name 0 = prDM: Pressure, Digiquartz [db]
# name 1 = depSM: Depth [salt water, m]
# name 2 = t090C: Temperature [ITS-90, deg C]
# name 3 = c0mS/cm: Conductivity [mS/cm]
# name 4 = t190C: Temperature, 2 [ITS-90, deg C]
# name 5 = c1mS/cm: Conductivity, 2 [mS/cm]
# name 6 = sbeox0ML/L: Oxygen, SBE 43 [ml/l]
# name 7 = sbeox1ML/L: Oxygen, SBE 43, 2 [ml/l]
# name 8 = flECO-AFL: Fluorescence, WET Labs ECO-AFL/FL [mg/m^3]
# name 9 = CStarTr0: Beam Transmission, WET Labs C-Star [%]
# name 10 = par: PAR/Irradiance, Biospherical/Licor
# name 11 = latitude: Latitude [deg]
# name 12 = longitude: Longitude [deg]
# name 13 = timeJ: Julian Days
# name 14 = altM: Altimeter [m]
# name 15 = spar: SPAR, Biospherical/Licor
# name 16 = timeS: Time, Elapsed [seconds]
# name 17 = scan: Scan Count
# name 18 = nbf: Bottles Fired
# name 19 = flag:  0.000e+00
# interval = seconds: 0.0416667
# start_time = Dec 12 2021 00:03:38 [NMEA time, header]
# bad_flag = -9.990e-29
*END*
[from data line 580]
     15.571     15.418    -0.4991  27.630688    -0.4885  27.643590     8.0202     8.0725     1.8018    82.6403 1.9373e+00  -64.92492  -64.61510 346.048955       1.86 1.5866e+01   4011.708      96282         12  0.000e+00
     15.585     15.432    -0.4931  27.633842    -0.4929  27.645439     8.0160     8.0733     1.8018    82.6660 1.9300e+00  -64.92492  -64.61510 346.048955       1.86 1.5866e+01   4011.750      96283         12  0.000e+00
     15.585     15.432    -0.4881  27.638832    -0.4969  27.642022     8.0118     8.0734     1.8018    82.6403 1.9227e+00  -64.92492  -64.61510 346.048956       1.86 1.5866e+01   4011.792      96284         12  0.000e+00
     15.571     15.418    -0.4838  27.646403    -0.4962  27.636812     8.0016     8.0735     1.8091    82.6403 1.9227e+00  -64.92492  -64.61510 346.048956       1.81 1.5866e+01   4011.833      96285         12  0.000e+00
     15.640     15.486    -0.4816  27.650992    -0.4930  27.634739     7.9934     8.0730     1.8091    82.6403 1.9154e+00  -64.92492  -64.61510 346.048957       1.78 1.5866e+01   4011.875      96286         12  0.000e+00
     15.619     15.465    -0.4792  27.655869    -0.4934  27.638380     7.9898     8.0734     1.8091    82.6403 1.9082e+00  -64.92492  -64.61510 346.048957       1.76 1.5866e+01   4011.917      96287         12  0.000e+00
     15.640     15.486    -0.4769  27.659541    -0.4942  27.642022     7.9835     8.0730     1.8091    82.6403 1.9082e+00  -64.92492  -64.61510 346.048958       1.76 1.5866e+01   4011.958      96288         12  0.000e+00
     15.674     15.520    -0.4744  27.662352    -0.4931  27.641518     7.9904     8.0780     1.8091    82.6403 1.9009e+00  -64.92492  -64.61510 346.048958       1.76 1.5866e+01   4012.000      96289         12  0.000e+00
     15.689     15.534    -0.5611  27.553764    -0.5661  27.553843     8.0585     8.0963     1.8824    82.6145 1.9154e+00  -64.92492  -64.61512 346.049018      99.95 1.5866e+01   4017.125      96412         13  0.000e+00
     15.778     15.623    -0.5594  27.555483    -0.5692  27.547633     8.0639     8.0969     1.8751    82.6145 1.9154e+00  -64.92492  -64.61512 346.049018      99.98 1.5866e+01   4017.167      96413         13  0.000e+00
     15.737     15.582    -0.5593  27.556801    -0.5715  27.544052     8.0531     8.0969     1.8751    82.6145 1.9082e+00  -64.92492  -64.61512 346.049019      99.98 1.5866e+01   4017.208      96414         13  0.000e+00
     15.778     15.623    -0.5585  27.557145    -0.5724  27.540863     8.0511     8.0966     1.8751    82.6145 1.9082e+00  -64.92492  -64.61512 346.049019      99.95 1.5866e+01   4017.250      96415         13  0.000e+00
     15.737     15.582    -0.5544  27.556285    -0.5684  27.540079     8.0555     8.0950     1.8165    82.6145 1.9082e+00  -64.92492  -64.61512 346.049020      99.93 1.5866e+01   4017.292      96416         13  0.000e+00
     15.689     15.534    -0.5503  27.558977    -0.5568  27.540582     8.0478     8.0918     1.7798    82.6145 1.9082e+00  -64.92492  -64.61512 346.049020      99.95 1.5866e+01   4017.333      96417         13  0.000e+00
     15.874     15.717    -0.5437  27.564707    -0.5474  27.550093     8.0556     8.0885     1.7725    82.6145 1.9082e+00  -64.92492  -64.61512 346.049021      99.98 1.5866e+01   4017.375      96418         13  0.000e+00
     15.839     15.684    -0.5405  27.573074    -0.5520  27.563468     8.0544     8.0873     1.7798    82.5630 1.9082e+00  -64.92492  -64.61512 346.049021      99.98 1.5866e+01   4017.417      96419         13  0.000e+00
     15.778     15.623    -0.5406  27.577601    -0.5604  27.568113     8.0552     8.0873     1.7798    82.5373 1.9009e+00  -64.92492  -64.61512 346.049022      99.95 1.5866e+01   4017.458      96420         13  0.000e+00
     15.839     15.684    -0.5430  27.578347    -0.5658  27.558544     8.0436     8.0889     1.7798    82.5373 1.9009e+00  -64.92492  -64.61512 346.049022      99.98 1.5866e+01   4017.500      96421         13  0.000e+00
     15.826     15.670    -0.5431  27.575194    -0.5695  27.549144     8.0463     8.0900     1.7798    82.5373 1.9009e+00  -64.92492  -64.61512 346.049022      99.98 1.5866e+01   4017.542      96422         13  0.000e+00
     15.839     15.684    -0.5427  27.573647    -0.5710  27.544332     8.0514     8.0894     1.7798    82.5373 1.9009e+00  -64.92492  -64.61512 346.049023      99.95 1.5866e+01   4017.583      96423         13  0.000e+00
     15.826     15.670    -0.5455  27.576742    -0.5726  27.541926     8.0578     8.0894     1.7798    82.5373 1.9009e+00  -64.92492  -64.61512 346.049023      99.95 1.5866e+01   4017.625      96424         13  0.000e+00
     15.792     15.636    -0.5470  27.575997    -0.5752  27.540863     8.0537     8.0895     1.7798    82.5373 1.9009e+00  -64.92492  -64.61512 346.049024      99.95 1.5866e+01   4017.667      96425         13  0.000e+00
     15.874     15.718    -0.5478  27.572043    -0.5766  27.538793     8.0541     8.0895     1.7798    82.5373 1.9009e+00  -64.92492  -64.61512 346.049024      99.98 1.5866e+01   4017.708      96426         13  0.000e+00
     15.839     15.684    -0.5496  27.568375    -0.5776  27.535996     8.0543     8.0893     1.7798    82.5373 1.8937e+00  -64.92492  -64.61512 346.049025      99.95 1.5866e+01   4017.750      96427         13  0.000e+00
     15.874     15.718    -0.5511  27.566312    -0.5781  27.533591     8.0600     8.0890     1.7798    82.5373 1.8937e+00  -64.92492  -64.61512 346.049025      99.93 1.5866e+01   4017.792      96428         13  0.000e+00
     15.840     15.684    -0.5517  27.564192    -0.5783  27.533087     8.0548     8.0885     1.7798    82.5373 1.8937e+00  -64.92492  -64.61512 346.049026      99.95 1.5866e+01   4017.833      96429         13  0.000e+00
     15.874     15.718    -0.5547  27.564708    -0.5781  27.532584     8.0529     8.0888     1.7798    82.5373 1.8937e+00  -64.92492  -64.61512 346.049026      99.98 1.5866e+01   4017.875      96430         13  0.000e+00
     15.894     15.738    -0.5597  27.562646    -0.5769  27.532304     8.0584     8.0879     1.7798    82.5373 1.8937e+00  -64.92492  -64.61512 346.049027      99.98 1.5866e+01   4017.917      96431         13  0.000e+00
     15.874     15.718    -0.5631  27.556057    -0.5778  27.532584     8.0534     8.0874     1.7798    82.5373 1.8937e+00  -64.92492  -64.61512 346.049027      99.98 1.5866e+01   4017.958      96432         13  0.000e+00
     15.840     15.684    -0.5648  27.551931    -0.5787  27.533087     8.0637     8.0867     1.7798    82.5373 1.8937e+00  -64.92492  -64.61512 346.049028      99.98 1.5866e+01   4018.000      96433         13  0.000e+00
     15.874     15.718    -0.5642  27.549468    -0.5792  27.532584     8.0585     8.0861     1.7798    82.5373 1.8865e+00  -64.92492  -64.61512 346.049028      99.98 1.5866e+01   4018.042      96434         13  0.000e+00
     15.840     15.684    -0.5622  27.549468    -0.5790  27.531801     8.0699     8.0862     1.7798    82.5373 1.8937e+00  -64.92492  -64.61512 346.049029      99.93 1.5866e+01   4018.083      96435         13  0.000e+00
     15.874     15.718    -0.5606  27.551415    -0.5787  27.531801     8.0663     8.0854     1.7798    82.5373 1.8937e+00  -64.92492  -64.61512 346.049029      99.95 1.5866e+01   4018.125      96436         13  0.000e+00
     15.894     15.738    -0.5600  27.553421    -0.5792  27.532360     8.0612     8.0847     1.7798    82.5373 1.8865e+00  -64.92492  -64.61512 346.049030      99.98 1.5866e+01   4018.167      96437         13  0.000e+00
     15.874     15.718    -0.5602  27.554509    -0.5792  27.532304     8.0649     8.0838     1.7798    82.5373 1.8865e+00  -64.92492  -64.61512 346.049030      99.98 1.5866e+01   4018.208      96438         13  0.000e+00
     15.840     15.684    -0.5612  27.553936    -0.5790  27.531801     8.0597     8.0829     1.7798    82.4600 1.8865e+00  -64.92492  -64.61512 346.049031      99.95 1.5866e+01   4018.250      96439         13  0.000e+00
     15.826     15.670    -0.5622  27.552619    -0.5793  27.531801     8.0646     8.0765     1.7798    82.3570 1.8937e+00  -64.92492  -64.61512 346.049031      99.93 1.5866e+01   4018.292      96440         13  0.000e+00
     15.840     15.684    -0.5628  27.551645    -0.5789  27.532080     8.0588     8.0810     1.7798    82.3313 1.8865e+00  -64.92492  -64.61512 346.049032      99.95 1.5866e+01   4018.333      96441         13  0.000e+00
     15.792     15.636    -0.5645  27.551301    -0.5795  27.532024     8.0530     8.0810     1.7945    82.3313 1.8937e+00  -64.92492  -64.61512 346.049032      99.98 1.5866e+01   4018.375      96442         13  0.000e+00
     15.929     15.772    -0.5676  27.549296    -0.5803  27.531521     8.0522     8.0813     1.8165    82.3570 1.8937e+00  -64.92492  -64.61512 346.049033      99.98 1.5866e+01   4018.417      96443         13  0.000e+00
     15.840     15.684    -0.5701  27.546317    -0.5804  27.531018     8.0509     8.0757     1.8165    82.3313 1.8937e+00  -64.92492  -64.61512 346.049033      99.98 1.5866e+01   4018.458      96444         13  0.000e+00
     15.826     15.670    -0.5722  27.543167    -0.5803  27.530738     8.0496     8.0748     1.8165    82.3570 1.8937e+00  -64.92492  -64.61512 346.049034      99.98 1.5866e+01   4018.500      96445         13  0.000e+00
     15.792     15.636    -0.5732  27.540703    -0.5801  27.530234     8.0434     8.0740     1.8165    82.3570 1.8937e+00  -64.92492  -64.61512 346.049034      99.98 1.5866e+01   4018.542      96446         13  0.000e+00
     15.826     15.670    -0.5737  27.539214    -0.5798  27.530458     8.0533     8.0731     1.8165    82.3313 1.8937e+00  -64.92492  -64.61512 346.049035      99.95 1.5866e+01   4018.583      96447         13  0.000e+00
     15.840     15.684    -0.5745  27.538183    -0.5799  27.530514     8.0585     8.0724     1.8165    82.3570 1.8937e+00  -64.92492  -64.61512 346.049035      99.95 1.5866e+01   4018.625      96448         13  0.000e+00
     15.778     15.623    -0.5760  27.538355    -0.5798  27.529955     8.0532     8.0780     1.8165    82.3570 1.8937e+00  -64.92492  -64.61512 346.049035      99.98 1.5866e+01   4018.667      96449         13  0.000e+00
     15.792     15.636    -0.5769  27.536636    -0.5798  27.529955     8.0420     8.0791     1.8165    82.3313 1.8937e+00  -64.92492  -64.61512 346.049036      99.98 1.5866e+01   4018.708      96450         13  0.000e+00
     15.778     15.623    -0.5777  27.535033    -0.5797  27.530010     8.0572     8.0738     1.8165    82.3313 1.9009e+00  -64.92492  -64.61512 346.049036      99.95 1.5866e+01   4018.750      96451         13  0.000e+00
     15.792     15.636    -0.5787  27.534403    -0.5795  27.530234     8.0574     8.0787     1.8165    82.3313 1.9009e+00  -64.92492  -64.61514 346.049037      99.93 1.5866e+01   4018.792      96452         13  0.000e+00
     15.778     15.623    -0.5793  27.533486    -0.5798  27.529955     8.0470     8.0735     1.8165    82.3313 1.9009e+00  -64.92492  -64.61514 346.049037      99.95 1.5866e+01   4018.833      96453         13  0.000e+00
     15.737     15.582    -0.5793  27.533200    -0.5799  27.530458     8.0584     8.0729     1.8165    82.3313 1.9009e+00  -64.92492  -64.61514 346.049038      99.98 1.5866e+01   4018.875      96454         13  0.000e+00
     15.723     15.569    -0.5795  27.532570    -0.5797  27.530010     8.0581     8.0723     1.8165    82.3570 1.9009e+00  -64.92492  -64.61514 346.049038      99.98 1.5866e+01   4018.917      96455         13  0.000e+00
     15.737     15.582    -0.5797  27.532398    -0.5797  27.529954     8.0472     8.0773     1.8165    82.3313 1.9009e+00  -64.92492  -64.61514 346.049039      99.98 1.5866e+01   4018.958      96456         13  0.000e+00
     15.723     15.569    -0.5799  27.532398    -0.5795  27.529954     8.0452     8.0721     1.8165    82.3570 1.9082e+00  -64.92492  -64.61514 346.049039      99.95 1.5866e+01   4019.000      96457         13  0.000e+00
     15.737     15.582    -0.5803  27.531825    -0.5798  27.530794     8.0535     8.0716     1.8165    82.3570 1.9082e+00  -64.92492  -64.61514 346.049040      99.98 1.5866e+01   4019.042      96458         13  0.000e+00
     15.723     15.569    -0.5803  27.532169    -0.5799  27.530234     8.0539     8.0713     1.8165    82.3055 1.9082e+00  -64.92492  -64.61514 346.049040      99.95 1.5866e+01   4019.083      96459         13  0.000e+00
     15.689     15.535    -0.5805  27.531080    -0.5798  27.530458     8.0411     8.0708     1.8165    82.2283 1.9082e+00  -64.92492  -64.61514 346.049041      99.95 1.5866e+01   4019.125      96460         13  0.000e+00
     15.677     15.523    -0.5697  27.544484    -0.5720  27.541926     8.0016     8.0862     1.7432    82.4343 1.8579e+00  -64.92492  -64.61514 346.049092      99.98 1.7629e+01   4023.542      96566         14  0.000e+00
     15.738     15.584    -0.5701  27.544598    -0.5720  27.543045     7.9922     8.0866     1.7432    82.4343 1.8509e+00  -64.92492  -64.61514 346.049092      99.95 1.5866e+01   4023.583      96567         14  0.000e+00
     15.725     15.570    -0.5701  27.544484    -0.5724  27.543213     7.9944     8.0861     1.7432    82.4343 1.8509e+00  -64.92492  -64.61514 346.049093      99.95 1.5866e+01   4023.625      96568         14  0.000e+00
     15.690     15.536    -0.5714  27.544083    -0.5721  27.544779     7.9926     8.0853     1.7432    82.4343 1.8509e+00  -64.92492  -64.61514 346.049093      99.98 1.7629e+01   4023.667      96569         14  0.000e+00
     15.725     15.570    -0.5722  27.543968    -0.5714  27.545283     7.9908     8.0854     1.7432    82.4343 1.8438e+00  -64.92492  -64.61514 346.049094      99.98 1.5866e+01   4023.708      96570         14  0.000e+00
     15.738     15.584    -0.5732  27.543453    -0.5712  27.546178     7.9892     8.0847     1.7432    82.4343 1.8438e+00  -64.92492  -64.61514 346.049094      99.95 1.5866e+01   4023.750      96571         14  0.000e+00
     15.725     15.570    -0.5733  27.543281    -0.5715  27.547353     8.0005     8.0840     1.7432    82.4343 1.8438e+00  -64.92492  -64.61516 346.049095      99.93 1.7629e+01   4023.792      96572         14  0.000e+00
     15.793     15.638    -0.5724  27.542937    -0.5722  27.548416     8.0029     8.0844     1.7432    82.4343 1.8367e+00  -64.92492  -64.61516 346.049095      99.95 1.5866e+01   4023.833      96573         14  0.000e+00
     15.725     15.570    -0.5727  27.543166    -0.5721  27.547353     7.9981     8.0837     1.7798    82.4343 1.8367e+00  -64.92492  -64.61516 346.049096      99.98 1.7629e+01   4023.875      96574         14  0.000e+00
     15.793     15.638    -0.5710  27.544083    -0.5741  27.545619     7.9917     8.0835     1.7945    82.4343 1.8367e+00  -64.92492  -64.61516 346.049096      99.98 1.5866e+01   4023.917      96575         14  0.000e+00
     15.793     15.638    -0.5685  27.544484    -0.5764  27.545004     7.9970     8.0833     1.7945    82.4343 1.8367e+00  -64.92492  -64.61516 346.049097      99.98 1.5866e+01   4023.958      96576         14  0.000e+00
     15.779     15.624    -0.5685  27.546603    -0.5772  27.543996     7.9807     8.0836     1.7945    82.4343 1.8297e+00  -64.92492  -64.61516 346.049097      99.98 1.7629e+01   4024.000      96577         14  0.000e+00
     15.793     15.638    -0.5694  27.548781    -0.5753  27.542654     7.9886     8.0834     1.7945    82.4343 1.8297e+00  -64.92492  -64.61516 346.049098      99.98 1.5866e+01   4024.042      96578         14  0.000e+00
     15.779     15.624    -0.5706  27.551301    -0.5753  27.543549     7.9774     8.0890     1.7945    82.4085 1.8297e+00  -64.92492  -64.61516 346.049098      99.95 1.5866e+01   4024.083      96579         14  0.000e+00
