NBP2113_155081_ctd/data/nbp2113_014.ros
* Sea-Bird SBE 9 Data File:
* FileName = D:\Data\raw\NBP2113_014.hex
* Software Version Seasave V 7.26.7.121
* Temperature SN = 2438
* Conductivity SN = 2067
* Number of Bytes Per Scan = 40
* Number of Voltage Words = 5
* Number of Scans Averaged by the Deck Unit = 1
* NMEA Latitude = 65 28.72 S
* NMEA Longitude = 066 08.92 W
* NMEA UTC (Time) = Nov 27 2021  11:12:57
* NMEA baud rate = 9600
** Ship: RVIB N.B. Palmer
** Cruise: NBP2113 LTER
** Station: 500.060
** Operator: B. Urmston
# nquan = 20
# nvalues = 1131                                  
# units = specified
# name 0 = prDM: Pressure, Digiquartz [db]
# name 1 = depSM: Depth [salt water, m]
# name 2 = t090C: Temperature [ITS-90, deg C]
# name 3 = c0mS/cm: Conductivity [mS/cm]
# name 4 = t190C: Temperature, 2 [ITS-90, deg C]
# name 5 = c1mS/cm: Conductivity, 2 [mS/cm]
# name 6 = sbeox0ML/L: Oxygen, SBE 43 [ml/l]
# name 7 = sbeox1ML/L: Oxygen, SBE 43, 2 [ml/l]
# name 8 = flECO-AFL: Fluorescence, WET Labs ECO-AFL/FL [mg/m^3]
# name 9 = CStarTr0: Beam Transmission, WET Labs C-Star [%]
# name 10 = par: PAR/Irradiance, Biospherical/Licor
# name 11 = latitude: Latitude [deg]
# name 12 = longitude: Longitude [deg]
# name 13 = timeJ: Julian Days
# name 14 = altM: Altimeter [m]
# name 15 = spar: SPAR, Biospherical/Licor
# name 16 = timeS: Time, Elapsed [seconds]
# name 17 = scan: Scan Count
# name 18 = nbf: Bottles Fired
# name 19 = flag:  0.000e+00
# interval = seconds: 0.0416667
# start_time = Nov 27 2021 11:12:57 [NMEA time, header]
# bad_flag = -9.990e-29
*END*
[from data line 1086]
      4.931      4.883    -0.7904  27.471812    -0.7906  27.470113     8.1668     8.1101     1.7066    89.6184 7.6701e+01  -65.47876  -66.14900 331.489923      99.95 2.2389e+02   1952.375      46858         24  0.000e+00
      4.924      4.876    -0.7903  27.471697    -0.7907  27.470281     8.1614     8.1100     1.7066    89.6184 7.6701e+01  -65.47876  -66.14900 331.489924      99.98 2.2389e+02   1952.417      46859         24  0.000e+00
      4.931      4.883    -0.7906  27.471411    -0.7907  27.469946     8.1608     8.1100     1.7066    89.6184 7.6701e+01  -65.47876  -66.14900 331.489924      99.98 2.2389e+02   1952.458      46860         24  0.000e+00
      4.931      4.883    -0.7904  27.471525    -0.7905  27.469834     8.1632     8.1099     1.7066    89.6184 7.6701e+01  -65.47876  -66.14900 331.489925      99.98 2.2389e+02   1952.500      46861         24  0.000e+00
      4.870      4.822    -0.7904  27.471640    -0.7907  27.470002     8.1701     8.1098     1.7066    89.6184 7.6701e+01  -65.47876  -66.14900 331.489925      99.98 2.2389e+02   1952.542      46862         24  0.000e+00
      4.931      4.883    -0.7904  27.471754    -0.7908  27.469890     8.1774     8.1098     1.7066    89.5927 7.6483e+01  -65.47876  -66.14900 331.489926      99.98 2.2389e+02   1952.583      46863         24  0.000e+00
      4.883      4.835    -0.7904  27.471811    -0.7909  27.469610     8.1801     8.1097     1.7066    89.6184 7.6267e+01  -65.47876  -66.14900 331.489926      99.95 2.2389e+02   1952.625      46864         24  0.000e+00
      4.924      4.876    -0.7904  27.471869    -0.7908  27.469722     8.1829     8.1096     1.7066    89.6184 7.6051e+01  -65.47876  -66.14900 331.489927      99.95 2.2389e+02   1952.667      46865         24  0.000e+00
      4.883      4.835    -0.7901  27.471468    -0.7907  27.469834     8.1930     8.1095     1.7066    89.6184 7.5621e+01  -65.47876  -66.14900 331.489927      99.98 2.2389e+02   1952.708      46866         24  0.000e+00
      4.883      4.835    -0.7903  27.471354    -0.7908  27.469666     8.1914     8.1095     1.7066    89.6184 7.5193e+01  -65.47876  -66.14900 331.489928      99.98 2.2389e+02   1952.750      46867         24  0.000e+00
      4.924      4.876    -0.7904  27.471697    -0.7907  27.469946     8.1930     8.1094     1.7066    89.6184 7.4767e+01  -65.47876  -66.14900 331.489928      99.98 2.2389e+02   1952.792      46868         24  0.000e+00
      4.883      4.835    -0.7901  27.472040    -0.7908  27.469890     8.1871     8.1093     1.7066    89.6184 7.4556e+01  -65.47876  -66.14900 331.489929      99.93 2.2389e+02   1952.833      46869         24  0.000e+00
      4.931      4.883    -0.7901  27.471926    -0.7911  27.469610     8.1859     8.1093     1.7066    89.6184 7.3924e+01  -65.47876  -66.14900 331.489929      99.95 2.2389e+02   1952.875      46870         24  0.000e+00
      4.925      4.876    -0.7904  27.471697    -0.7908  27.469555     8.1906     8.1092     1.7066    89.6184 7.3714e+01  -65.47876  -66.14900 331.489930      99.98 2.2389e+02   1952.917      46871         24  0.000e+00
      4.931      4.883    -0.7904  27.471411    -0.7907  27.469778     8.1790     8.1091     1.7066    89.6184 7.3090e+01  -65.47876  -66.14900 331.489930      99.98 2.2389e+02   1952.958      46872         24  0.000e+00
      4.931      4.883    -0.7904  27.471525    -0.7907  27.469834     8.1822     8.1090     1.7066    89.6184 7.2883e+01  -65.47876  -66.14900 331.489931      99.98 2.2389e+02   1953.000      46873         24  0.000e+00
      4.925      4.876    -0.7903  27.471411    -0.7907  27.470002     8.1823     8.1089     1.7066    89.6184 7.2470e+01  -65.47876  -66.14900 331.489931      99.98 2.2389e+02   1953.042      46874         24  0.000e+00
      4.986      4.937    -0.7901  27.471697    -0.7907  27.469890     8.1885     8.1089     1.7066    89.6184 7.2470e+01  -65.47876  -66.14900 331.489932      99.98 2.2389e+02   1953.083      46875         24  0.000e+00
      4.932      4.883    -0.7903  27.471812    -0.7905  27.470002     8.1900     8.1087     1.7066    89.6184 7.2060e+01  -65.47876  -66.14900 331.489932      99.95 2.2389e+02   1953.125      46876         24  0.000e+00
      4.973      4.924    -0.7903  27.471869    -0.7905  27.470114     8.1858     8.1087     1.6626    89.6184 7.2060e+01  -65.47876  -66.14900 331.489932      99.95 2.2389e+02   1953.167      46877         24  0.000e+00
      4.986      4.937    -0.7901  27.471869    -0.7905  27.470114     8.1934     8.1086     1.6333    89.6184 7.1856e+01  -65.47876  -66.14900 331.489933      99.98 2.2389e+02   1953.208      46878         24  0.000e+00
      4.986      4.937    -0.7903  27.471869    -0.7904  27.470449     8.1965     8.1085     1.6260    89.6184 7.1856e+01  -65.47876  -66.14900 331.489933      99.98 2.2389e+02   1953.250      46879         24  0.000e+00
      5.021      4.971    -0.7898  27.471869    -0.7905  27.470449     8.1997     8.1140     1.6260    89.6184 7.1652e+01  -65.47876  -66.14900 331.489934      99.95 2.2389e+02   1953.292      46880         24  0.000e+00
      5.034      4.985    -0.7899  27.472041    -0.7901  27.470337     8.1957     8.1148     1.6260    89.6184 7.1856e+01  -65.47876  -66.14900 331.489934      99.93 2.2565e+02   1953.333      46881         24  0.000e+00
      5.034      4.985    -0.7898  27.472098    -0.7900  27.470505     8.1976     8.1099     1.6260    89.6184 7.1856e+01  -65.47876  -66.14900 331.489935      99.95 2.2389e+02   1953.375      46882         24  0.000e+00
      5.075      5.025    -0.7900  27.472155    -0.7902  27.470393     8.1997     8.1099     1.6260    89.6184 7.2060e+01  -65.47876  -66.14900 331.489935      99.98 2.2389e+02   1953.417      46883         24  0.000e+00
      5.082      5.032    -0.7898  27.472327    -0.7901  27.470505     8.2004     8.1152     1.6333    89.6184 7.2060e+01  -65.47876  -66.14900 331.489936      99.98 2.2389e+02   1953.458      46884         24  0.000e+00
      5.082      5.032    -0.7899  27.472213    -0.7901  27.470617     8.1954     8.1104     1.6260    89.6184 7.2470e+01  -65.47876  -66.14900 331.489936      99.98 2.2389e+02   1953.500      46885         24  0.000e+00
      5.123      5.073    -0.7899  27.472155    -0.7901  27.470449     8.1950     8.1103     1.6333    89.6184 7.2676e+01  -65.47876  -66.14900 331.489937      99.98 2.2389e+02   1953.542      46886         24  0.000e+00
      5.137      5.086    -0.7901  27.472270    -0.7902  27.470561     8.2064     8.1157     1.6260    89.6184 7.2883e+01  -65.47876  -66.14900 331.489937      99.98 2.2389e+02   1953.583      46887         24  0.000e+00
      5.137      5.086    -0.7901  27.472155    -0.7903  27.470617     8.2074     8.1163     1.6260    89.6184 7.3090e+01  -65.47876  -66.14900 331.489938      99.95 2.2565e+02   1953.625      46888         24  0.000e+00
      5.123      5.073    -0.7903  27.472155    -0.7902  27.470617     8.2010     8.1169     1.6260    89.6184 7.3506e+01  -65.47876  -66.14900 331.489938      99.95 2.2565e+02   1953.667      46889         24  0.000e+00
      5.185      5.134    -0.7903  27.472156    -0.7905  27.470394     8.1991     8.1121     1.6260    89.6184 7.3714e+01  -65.47876  -66.14900 331.489939      99.98 2.2389e+02   1953.708      46890         24  0.000e+00
      5.185      5.134    -0.7904  27.471526    -0.7906  27.470505     8.2090     8.1118     1.6333    89.6184 7.3714e+01  -65.47876  -66.14900 331.489939      99.98 2.2389e+02   1953.750      46891         24  0.000e+00
      5.226      5.175    -0.7906  27.472098    -0.7905  27.470617     8.2110     8.1116     1.6260    89.6184 7.3924e+01  -65.47876  -66.14900 331.489940      99.95 2.2565e+02   1953.792      46892         24  0.000e+00
      5.240      5.188    -0.7906  27.471927    -0.7905  27.470785     8.2056     8.1168     1.6260    89.6184 7.4134e+01  -65.47876  -66.14900 331.489940      99.93 2.2565e+02   1953.833      46893         24  0.000e+00
      5.185      5.134    -0.7907  27.472041    -0.7902  27.470673     8.2045     8.1117     1.6260    89.6184 7.4134e+01  -65.47876  -66.14900 331.489941      99.95 2.2565e+02   1953.875      46894         24  0.000e+00
      5.274      5.222    -0.7904  27.471927    -0.7905  27.470450     8.2049     8.1124     1.6333    89.6184 7.4344e+01  -65.47876  -66.14900 331.489941      99.98 2.2565e+02   1953.917      46895         24  0.000e+00
      5.240      5.188    -0.7907  27.471469    -0.7905  27.470729     8.2052     8.1121     1.6333    89.6184 7.4344e+01  -65.47876  -66.14900 331.489942      99.98 2.2389e+02   1953.958      46896         24  0.000e+00
      5.288      5.236    -0.7911  27.471355    -0.7903  27.470673     8.2054     8.1174     1.6260    89.6184 7.4344e+01  -65.47876  -66.14900 331.489942      99.98 2.2565e+02   1954.000      46897         24  0.000e+00
      5.274      5.222    -0.7909  27.471698    -0.7907  27.470617     8.2055     8.1134     1.6333    89.6184 7.4344e+01  -65.47876  -66.14900 331.489943      99.98 2.2389e+02   1954.042      46898         24  0.000e+00
      5.336      5.283    -0.7909  27.471813    -0.7905  27.470785     8.2012     8.1186     1.6260    89.6184 7.4344e+01  -65.47876  -66.14900 331.489943      99.98 2.2389e+02   1954.083      46899         24  0.000e+00
      5.274      5.222    -0.7911  27.471641    -0.7905  27.470282     8.2072     8.1191     1.6333    89.6184 7.4344e+01  -65.47876  -66.14900 331.489944      99.95 2.2565e+02   1954.125      46900         24  0.000e+00
      5.336      5.283    -0.7909  27.471641    -0.7906  27.470282     8.2029     8.1197     1.6260    89.6184 7.4344e+01  -65.47876  -66.14900 331.489944      99.95 2.2389e+02   1954.167      46901         24  0.000e+00
      5.336      5.283    -0.7912  27.471412    -0.7908  27.470338     8.2032     8.1202     1.6333    89.6184 7.4134e+01  -65.47876  -66.14900 331.489945      99.98 2.2565e+02   1954.208      46902         24  0.000e+00
