NBP2113_155081_ctd/data/nbp2113_029.ros
* Sea-Bird SBE 9 Data File:
* FileName = D:\Data\raw\NBP2113_029.hex
* Software Version Seasave V 7.26.7.121
* Temperature SN = 2438
* Conductivity SN = 2067
* Number of Bytes Per Scan = 40
* Number of Voltage Words = 5
* Number of Scans Averaged by the Deck Unit = 1
* NMEA Latitude = 66 51.18 S
* NMEA Longitude = 068 36.27 W
* NMEA UTC (Time) = Dec 05 2021  02:21:18
* NMEA baud rate = 9600
** Ship: RVIB N.B. Palmer
** Cruise: NBP2113 LTER
** Station: AS01
** Operator: S. Blackman
# nquan = 20
# nvalues = 343                                   
# units = specified
# name 0 = prDM: Pressure, Digiquartz [db]
# name 1 = depSM: Depth [salt water, m]
# name 2 = t090C: Temperature [ITS-90, deg C]
# name 3 = c0mS/cm: Conductivity [mS/cm]
# name 4 = t190C: Temperature, 2 [ITS-90, deg C]
# name 5 = c1mS/cm: Conductivity, 2 [mS/cm]
# name 6 = sbeox0ML/L: Oxygen, SBE 43 [ml/l]
# name 7 = sbeox1ML/L: Oxygen, SBE 43, 2 [ml/l]
# name 8 = flECO-AFL: Fluorescence, WET Labs ECO-AFL/FL [mg/m^3]
# name 9 = CStarTr0: Beam Transmission, WET Labs C-Star [%]
# name 10 = par: PAR/Irradiance, Biospherical/Licor
# name 11 = latitude: Latitude [deg]
# name 12 = longitude: Longitude [deg]
# name 13 = timeJ: Julian Days
# name 14 = altM: Altimeter [m]
# name 15 = spar: SPAR, Biospherical/Licor
# name 16 = timeS: Time, Elapsed [seconds]
# name 17 = scan: Scan Count
# name 18 = nbf: Bottles Fired
# name 19 = flag:  0.000e+00
# interval = seconds: 0.0416667
# start_time = Dec 05 2021 02:21:18 [NMEA time, header]
# bad_flag = -9.990e-29
*END*
[from data line 290]
     52.695     52.165    -0.8864  27.426803    -0.8868  27.425713     7.9908     8.0229     0.9007    91.3437 2.8165e-02  -66.85272  -68.60340 339.113553      99.98 7.0515e+00   1333.000      31993          6  0.000e+00
     52.688     52.159    -0.8863  27.426574    -0.8868  27.425601     7.9876     8.0284     0.9007    91.3694 2.8165e-02  -66.85272  -68.60340 339.113554      99.98 7.0515e+00   1333.042      31994          6  0.000e+00
     52.641     52.111    -0.8862  27.426516    -0.8868  27.425713     7.9857     8.0291     0.9007    91.3694 2.8165e-02  -66.85272  -68.60340 339.113554      99.98 7.0515e+00   1333.083      31995          6  0.000e+00
     52.593     52.064    -0.8861  27.426859    -0.8863  27.425768     7.9779     8.0241     0.9007    91.3694 2.8165e-02  -66.85272  -68.60340 339.113555      99.98 7.0515e+00   1333.125      31996          6  0.000e+00
      2.143      2.122    -0.8595  27.418088    -0.8601  27.416138     8.3188     8.0707     0.9300    90.7257 5.9037e+00  -66.85270  -68.60336 339.115017      24.30 5.2886e+00   1459.500      35029          7  0.000e+00
      1.992      1.973    -0.8597  27.418031    -0.8599  27.416640     8.2957     8.0708     0.9300    90.7257 5.9781e+00  -66.85270  -68.60336 339.115018       0.00 5.2886e+00   1459.542      35030          7  0.000e+00
      1.931      1.912    -0.8597  27.418030    -0.8601  27.416472     8.2782     8.0712     0.9300    90.7257 6.0533e+00  -66.85270  -68.60336 339.115018       0.00 7.0515e+00   1459.583      35031          7  0.000e+00
      1.890      1.871    -0.8600  27.417802    -0.8602  27.416528     8.2828     8.0661     0.9300    90.7257 6.1484e+00  -66.85270  -68.60336 339.115019       0.61 5.2886e+00   1459.625      35032          7  0.000e+00
      1.787      1.769    -0.8601  27.417916    -0.8604  27.415969     8.2883     8.0647     0.9300    90.7257 6.2255e+00  -66.85270  -68.60336 339.115019       1.76 5.2886e+00   1459.667      35033          7  0.000e+00
      1.739      1.722    -0.8600  27.417401    -0.8599  27.415969     8.2965     8.0641     0.9300    90.7257 6.3035e+00  -66.85270  -68.60336 339.115020       1.95 5.2886e+00   1459.708      35034          7  0.000e+00
      1.685      1.668    -0.8601  27.417572    -0.8602  27.416639     8.3072     8.0636     0.9300    90.7257 6.3823e+00  -66.85270  -68.60336 339.115020       1.90 5.2886e+00   1459.750      35035          7  0.000e+00
      1.630      1.614    -0.8601  27.417572    -0.8601  27.416472     8.3260     8.0632     0.9300    90.7257 6.4621e+00  -66.85270  -68.60336 339.115021       1.86 5.2886e+00   1459.792      35036          7  0.000e+00
      1.582      1.566    -0.8598  27.417286    -0.8599  27.415913     8.3541     8.0684     0.9300    90.7257 6.5427e+00  -66.85270  -68.60336 339.115021       1.86 5.2886e+00   1459.833      35037          7  0.000e+00
      1.486      1.471    -0.8598  27.417572    -0.8601  27.416192     8.3983     8.0688     0.9300    90.7257 6.6243e+00  -66.85270  -68.60336 339.115022       1.86 5.2886e+00   1459.875      35038          7  0.000e+00
      1.431      1.417    -0.8598  27.417572    -0.8599  27.416359     8.4657     8.0628     0.9300    90.7257 6.7276e+00  -66.85270  -68.60336 339.115022       1.86 5.2886e+00   1459.917      35039          7  0.000e+00
      1.425      1.410    -0.8597  27.417686    -0.8602  27.416527     8.5593     8.0625     0.9300    90.7257 6.8323e+00  -66.85270  -68.60336 339.115023       1.86 5.2886e+00   1459.958      35040          7  0.000e+00
      1.329      1.316    -0.8595  27.417743    -0.8599  27.416191     8.6640     8.0621     0.9593    90.7257 6.9385e+00  -66.85270  -68.60336 339.115023       1.88 5.2886e+00   1460.000      35041          7  0.000e+00
      1.233      1.221    -0.8600  27.417571    -0.8601  27.416247     8.7752     8.0608     1.0033    90.7257 7.0897e+00  -66.85270  -68.60336 339.115024       1.90 5.2886e+00   1460.042      35042          7  0.000e+00
      1.233      1.221    -0.8597  27.417514    -0.8599  27.416470     8.8936     8.0596     1.0106    90.7257 7.3109e+00  -66.85270  -68.60336 339.115024       1.90 5.2886e+00   1460.083      35043          7  0.000e+00
      1.178      1.167    -0.8598  27.417514    -0.8601  27.416191     9.0302     8.0593     1.0106    90.7257 8.2858e+00  -66.85270  -68.60336 339.115025       1.90 5.2886e+00   1460.125      35044          7  0.000e+00
      1.124      1.113    -0.8597  27.417514    -0.8599  27.416414     9.1758     8.0590     1.0106    90.7257 9.9313e+00  -66.85270  -68.60336 339.115025       1.90 5.2886e+00   1460.167      35045          7  0.000e+00
      1.028      1.018    -0.8597  27.417513    -0.8601  27.416414     9.3212     8.0587     1.0106    90.7257 1.1635e+01  -66.85270  -68.60336 339.115026       1.88 5.2886e+00   1460.208      35046          7  0.000e+00
      1.076      1.065    -0.8597  27.417685    -0.8601  27.416135     9.4785     8.0587     1.0033    90.7257 1.3060e+01  -66.85270  -68.60336 339.115026       1.88 5.2886e+00   1460.250      35047          7  0.000e+00
      0.980      0.970    -0.8597  27.417914    -0.8599  27.416023     9.6294     8.0640     1.0106    90.7257 1.4185e+01  -66.85270  -68.60336 339.115027       1.88 5.2886e+00   1460.292      35048          7  0.000e+00
      0.925      0.916    -0.8582  27.418771    -0.8599  27.416414     9.7804     8.0591     1.0106    90.7257 1.5088e+01  -66.85270  -68.60336 339.115027       1.88 5.2886e+00   1460.333      35049          7  0.000e+00
      0.919      0.909    -0.8575  27.418885    -0.8598  27.416358     9.9287     8.0646     1.0106    90.7257 1.5813e+01  -66.85270  -68.60336 339.115027       1.90 5.2886e+00   1460.375      35050          7  0.000e+00
      0.878      0.869    -0.8572  27.419171    -0.8598  27.416470    10.0664     8.0653     1.0106    90.7257 1.6475e+01  -66.85270  -68.60336 339.115028       1.88 5.2886e+00   1460.417      35051          7  0.000e+00
      0.727      0.720    -0.8573  27.419343    -0.8598  27.416413    10.2213     8.0604     1.0106    90.7257 1.7063e+01  -66.85270  -68.60336 339.115028       1.86 5.2886e+00   1460.458      35052          7  0.000e+00
      0.925      0.916    -0.8572  27.418943    -0.8596  27.415911    10.3684     8.0652     1.0106    90.7257 1.7569e+01  -66.85270  -68.60336 339.115029       1.73 5.2886e+00   1460.500      35053          7  0.000e+00
      0.775      0.767    -0.8573  27.418828    -0.8598  27.415799    10.5153     8.0595     1.0106    90.7257 1.7984e+01  -66.85270  -68.60336 339.115029       1.68 5.2886e+00   1460.542      35054          7  0.000e+00
      0.720      0.713    -0.8576  27.418599    -0.8598  27.415966    10.6540     8.0648     1.0033    90.7257 1.8301e+01  -66.85270  -68.60336 339.115030       1.68 5.2886e+00   1460.583      35055          7  0.000e+00
      0.727      0.720    -0.8578  27.418142    -0.8601  27.416022    10.7883     8.0657     1.0106    90.7257 1.8570e+01  -66.85270  -68.60336 339.115030       1.68 5.2886e+00   1460.625      35056          7  0.000e+00
      0.672      0.666    -0.8579  27.418027    -0.8599  27.415855    10.9207     8.0664     1.0106    90.7257 1.8787e+01  -66.85270  -68.60336 339.115031       1.68 5.2886e+00   1460.667      35057          7  0.000e+00
      0.727      0.720    -0.8584  27.417798    -0.8601  27.415966    11.0487     8.0673     1.0033    90.7257 1.9007e+01  -66.85270  -68.60336 339.115031       1.68 5.2886e+00   1460.708      35058          7  0.000e+00
      0.672      0.666    -0.8587  27.417741    -0.8601  27.415855    11.1698     8.0681     1.0033    90.7257 1.9174e+01  -66.85270  -68.60336 339.115032       1.68 5.2886e+00   1460.750      35059          7  0.000e+00
      0.618      0.612    -0.8588  27.417913    -0.8599  27.415966    11.2898     8.0688     1.0033    90.7257 1.9286e+01  -66.85270  -68.60336 339.115032       1.68 5.2886e+00   1460.792      35060          7  0.000e+00
      0.570      0.564    -0.8590  27.417398    -0.8599  27.415854    11.4011     8.0640     1.0033    90.7257 1.9398e+01  -66.85270  -68.60336 339.115033       1.68 5.2886e+00   1460.833      35061          7  0.000e+00
      0.625      0.618    -0.8593  27.417798    -0.8601  27.415799    11.5020     8.0641     1.0033    90.7257 1.9455e+01  -66.85270  -68.60336 339.115033       1.68 5.2886e+00   1460.875      35062          7  0.000e+00
      0.570      0.564    -0.8597  27.417398    -0.8599  27.416189    11.5951     8.0695     1.0033    90.6999 1.9511e+01  -66.85270  -68.60336 339.115034       1.68 5.2886e+00   1460.917      35063          7  0.000e+00
      0.625      0.618    -0.8593  27.417226    -0.8593  27.416301    11.6862     8.0703     1.0033    90.6999 1.9625e+01  -66.85270  -68.60336 339.115034      41.15 5.2886e+00   1460.958      35064          7  0.000e+00
      0.563      0.558    -0.8597  27.417398    -0.8594  27.416469    11.7660     8.0711     1.0033    90.6999 1.9740e+01  -66.85270  -68.60336 339.115035      91.92 5.2886e+00   1461.000      35065          7  0.000e+00
      0.522      0.517    -0.8597  27.417512    -0.8595  27.416133    11.8316     8.0720     1.0033    90.6999 1.9797e+01  -66.85270  -68.60336 339.115035     100.00 5.2886e+00   1461.042      35066          7  0.000e+00
      0.570      0.564    -0.8595  27.417283    -0.8595  27.416245    11.8948     8.0729     1.0033    90.6999 1.9855e+01  -66.85270  -68.60336 339.115036     100.00 5.2886e+00   1461.083      35067          7  0.000e+00
      0.570      0.564    -0.8593  27.417569    -0.8593  27.416525    11.9551     8.0673     0.9886    90.6999 1.9855e+01  -66.85270  -68.60336 339.115036     100.00 5.2886e+00   1461.125      35068          7  0.000e+00
      0.522      0.517    -0.8595  27.417340    -0.8596  27.416133    11.9975     8.0664     0.9813    90.6999 1.9913e+01  -66.85270  -68.60336 339.115037     100.00 5.2886e+00   1461.167      35069          7  0.000e+00
      0.563      0.558    -0.8593  27.417398    -0.8597  27.416245    12.0193     8.0655     0.9813    90.6999 1.9970e+01  -66.85270  -68.60336 339.115037      99.88 5.2886e+00   1461.208      35070          7  0.000e+00
      0.420      0.415    -0.8593  27.417512    -0.8599  27.416357    12.0334     8.0700     0.9813    90.6999 1.9970e+01  -66.85270  -68.60336 339.115038      99.90 5.2886e+00   1461.250      35071          7  0.000e+00
      0.673      0.666    -0.8593  27.417684    -0.8596  27.416078    12.0320     8.0702     0.9813    90.6999 2.0029e+01  -66.85270  -68.60336 339.115038      99.95 5.2886e+00   1461.292      35072          7  0.000e+00
      0.522      0.517    -0.8590  27.417741    -0.8598  27.416636    12.0088     8.0653     0.9813    90.6999 2.0029e+01  -66.85270  -68.60336 339.115039      99.98 5.2886e+00   1461.333      35073          7  0.000e+00
      0.570      0.565    -0.8590  27.417569    -0.8597  27.416413    11.9718     8.0653     0.9813    90.6999 2.0087e+01  -66.85270  -68.60336 339.115039      99.98 5.2886e+00   1461.375      35074          7  0.000e+00
      0.522      0.517    -0.8590  27.417684    -0.8596  27.415910    11.9262     8.0708     0.9813    90.6999 2.0145e+01  -66.85270  -68.60336 339.115040      99.93 5.2886e+00   1461.417      35075          7  0.000e+00
      0.666      0.659    -0.8587  27.417913    -0.8595  27.416357    11.8563     8.0718     0.9813    90.7257 2.0204e+01  -66.85270  -68.60336 339.115040      83.35 5.2886e+00   1461.458      35076          7  0.000e+00
      0.570      0.565    -0.8587  27.417798    -0.8595  27.416357    11.7779     8.0726     0.9813    90.6742 2.0204e+01  -66.85270  -68.60336 339.115041      21.68 5.2886e+00   1461.500      35077          7  0.000e+00
