NBP2113_155081_ctd/data/nbp2113_025.ros
* Sea-Bird SBE 9 Data File:
* FileName = D:\Data\raw\NBP2113_025.hex
* Software Version Seasave V 7.26.7.121
* Temperature SN = 2438
* Conductivity SN = 2067
* Number of Bytes Per Scan = 40
* Number of Voltage Words = 5
* Number of Scans Averaged by the Deck Unit = 1
* NMEA Latitude = 66 26.47 S
* NMEA Longitude = 073 01.98 W
* NMEA UTC (Time) = Dec 02 2021  19:32:09
* NMEA baud rate = 9600
** Ship: RVIB N.B. Palmer
** Cruise: NBP2113 LTER
** Station: 200.200
** Operator: S. Blackman
# nquan = 20
# nvalues = 1156                                  
# units = specified
# name 0 = prDM: Pressure, Digiquartz [db]
# name 1 = depSM: Depth [salt water, m]
# name 2 = t090C: Temperature [ITS-90, deg C]
# name 3 = c0mS/cm: Conductivity [mS/cm]
# name 4 = t190C: Temperature, 2 [ITS-90, deg C]
# name 5 = c1mS/cm: Conductivity, 2 [mS/cm]
# name 6 = sbeox0ML/L: Oxygen, SBE 43 [ml/l]
# name 7 = sbeox1ML/L: Oxygen, SBE 43, 2 [ml/l]
# name 8 = flECO-AFL: Fluorescence, WET Labs ECO-AFL/FL [mg/m^3]
# name 9 = CStarTr0: Beam Transmission, WET Labs C-Star [%]
# name 10 = par: PAR/Irradiance, Biospherical/Licor
# name 11 = latitude: Latitude [deg]
# name 12 = longitude: Longitude [deg]
# name 13 = timeJ: Julian Days
# name 14 = altM: Altimeter [m]
# name 15 = spar: SPAR, Biospherical/Licor
# name 16 = timeS: Time, Elapsed [seconds]
# name 17 = scan: Scan Count
# name 18 = nbf: Bottles Fired
# name 19 = flag:  0.000e+00
# interval = seconds: 0.0416667
# start_time = Dec 02 2021 19:32:09 [NMEA time, header]
# bad_flag = -9.990e-29
*END*
[from data line 73]
   3714.151   3645.412     0.4046  30.673065     0.4052  30.672574     4.6053     4.6719    -0.0150    97.2918 1.0000e-12  -66.44180  -73.03242 336.868400       7.67 6.8752e+02   4700.792     112820          2  0.000e+00
   3714.086   3645.348     0.4049  30.672648     0.4053  30.672865     4.6085     4.6706    -0.0150    97.2918 1.0000e-12  -66.44180  -73.03242 336.868401       7.67 6.8752e+02   4700.833     112821          2  0.000e+00
   3714.151   3645.412     0.4046  30.672886     0.4052  30.672457     4.6073     4.6723    -0.0150    97.2918 1.0000e-12  -66.44180  -73.03242 336.868401       7.67 6.8752e+02   4700.875     112822          2  0.000e+00
   3714.027   3645.291     0.4049  30.672647     0.4053  30.672807     4.5987     4.6842    -0.0150    97.2918 1.0000e-12  -66.44180  -73.03242 336.868402       7.67 6.8752e+02   4700.917     112823          2  0.000e+00
   3714.042   3645.305     0.4048  30.672707     0.4052  30.672457     4.6092     4.6755    -0.0150    97.2661 1.0000e-12  -66.44180  -73.03242 336.868402       7.77 6.8752e+02   4700.958     112824          2  0.000e+00
   3714.027   3645.291     0.4048  30.673005     0.4050  30.672515     4.6079     4.6744    -0.0150    97.2918 1.0000e-12  -66.44180  -73.03242 336.868403       7.96 6.8752e+02   4701.000     112825          2  0.000e+00
   3713.983   3645.248     0.4048  30.673244     0.4052  30.672632     4.6064     4.6732    -0.0150    97.2661 1.0000e-12  -66.44180  -73.03242 336.868403       8.01 6.8752e+02   4701.042     112826          2  0.000e+00
   3713.917   3645.184     0.4046  30.672707     0.4052  30.672632     4.6048     4.6720    -0.0150    97.2918 1.0000e-12  -66.44180  -73.03242 336.868404       8.01 6.8752e+02   4701.083     112827          2  0.000e+00
   3713.925   3645.191     0.4049  30.672886     0.4052  30.672632     4.6190     4.6709    -0.0150    97.2918 1.0000e-12  -66.44180  -73.03242 336.868404       8.01 6.8752e+02   4701.125     112828          2  0.000e+00
   3713.917   3645.184     0.4046  30.672886     0.4053  30.672632     4.6143     4.6697    -0.0150    97.2918 1.0000e-12  -66.44180  -73.03242 336.868405       8.01 6.8752e+02   4701.167     112829          2  0.000e+00
   3713.807   3645.077     0.4046  30.672826     0.4053  30.672631     4.6052     4.6685    -0.0150    97.2661 1.0000e-12  -66.44180  -73.03242 336.868405       8.01 6.8752e+02   4701.208     112830          2  0.000e+00
   3713.859   3645.127     0.4046  30.672826     0.4052  30.672457     4.6036     4.6674    -0.0150    97.2661 1.0000e-12  -66.44180  -73.03242 336.868406       8.01 6.8752e+02   4701.250     112831          2  0.000e+00
   3713.807   3645.077     0.4048  30.672826     0.4053  30.672573     4.6137     4.6662    -0.0150    97.2918 1.0000e-12  -66.44180  -73.03242 336.868406       8.01 6.8752e+02   4701.292     112832          2  0.000e+00
   3713.800   3645.070     0.4048  30.672826     0.4052  30.672398     4.6165     4.6680    -0.0150    97.2918 1.0000e-12  -66.44180  -73.03242 336.868407       8.01 6.8752e+02   4701.333     112833          2  0.000e+00
   3713.698   3644.970     0.4046  30.672825     0.4053  30.672340     4.6149     4.6771    -0.0150    97.2918 1.0000e-12  -66.44180  -73.03242 336.868407       8.01 6.8752e+02   4701.375     112834          2  0.000e+00
   3713.742   3645.013     0.4044  30.673004     0.4052  30.672340     4.6131     4.6788    -0.0150    97.2661 1.0000e-12  -66.44180  -73.03242 336.868408       8.01 6.8752e+02   4701.417     112835          2  0.000e+00
   3713.698   3644.970     0.4046  30.672885     0.4052  30.672514     4.6156     4.6700    -0.0150    97.2918 1.0000e-12  -66.44180  -73.03242 336.868408       8.08 6.8929e+02   4701.458     112836          2  0.000e+00
   3713.683   3644.956     0.4044  30.672825     0.4050  30.672631     4.6181     4.6687    -0.0150    97.2918 1.0000e-12  -66.44180  -73.03242 336.868409       8.30 6.8929e+02   4701.500     112837          2  0.000e+00
   3713.639   3644.913     0.4048  30.672825     0.4052  30.672398     4.6090     4.6674    -0.0150    97.2918 1.0000e-12  -66.44180  -73.03242 336.868409       8.38 6.8929e+02   4701.542     112838          2  0.000e+00
   3713.625   3644.899     0.4044  30.672825     0.4052  30.672339     4.6190     4.6662    -0.0150    97.2918 1.0000e-12  -66.44180  -73.03242 336.868410       8.38 6.8929e+02   4701.583     112839          2  0.000e+00
   3713.639   3644.913     0.4047  30.672587     0.4052  30.672339     4.6101     4.6752    -0.0150    97.2918 1.0000e-12  -66.44180  -73.03242 336.868410       8.38 6.8929e+02   4701.625     112840          2  0.000e+00
   3713.522   3644.799     0.4044  30.672527     0.4052  30.672339     4.6202     4.6765    -0.0077    97.2918 1.0000e-12  -66.44180  -73.03242 336.868410       8.38 6.8929e+02   4701.667     112841          2  0.000e+00
   3713.566   3644.842     0.4046  30.672527     0.4050  30.672572     4.6186     4.6675    -0.0077    97.2918 1.0000e-12  -66.44180  -73.03242 336.868411       8.38 6.8929e+02   4701.708     112842          2  0.000e+00
   3713.581   3644.856     0.4046  30.672706     0.4050  30.672631     4.6213     4.6689    -0.0077    97.2918 1.0000e-12  -66.44180  -73.03242 336.868411       8.38 6.8929e+02   4701.750     112843          2  0.000e+00
   3713.456   3644.735     0.4044  30.672825     0.4053  30.672630     4.6239     4.6674    -0.0077    97.2918 1.0000e-12  -66.44180  -73.03242 336.868412       8.38 6.8929e+02   4701.792     112844          2  0.000e+00
   2030.636   2000.820     0.8598  30.436313     0.8596  30.435867     4.4716     4.5250    -0.0077    97.6008 1.0000e-12  -66.44130  -73.03224 336.891671      99.98 4.8656e+02   6711.417     161075          3  0.000e+00
   2030.501   2000.688     0.8600  30.436551     0.8599  30.436099     4.4631     4.5246    -0.0077    97.6008 1.0000e-12  -66.44130  -73.03224 336.891672      99.95 4.8656e+02   6711.458     161076          3  0.000e+00
   2030.636   2000.820     0.8597  30.436670     0.8599  30.436216     4.4604     4.5245    -0.0150    97.6008 1.0000e-12  -66.44130  -73.03224 336.891672      99.98 4.8656e+02   6711.500     161077          3  0.000e+00
   2030.551   2000.736     0.8598  30.436194     0.8598  30.435983     4.4681     4.5243    -0.0077    97.6008 1.0000e-12  -66.44130  -73.03224 336.891673      99.98 4.8656e+02   6711.542     161078          3  0.000e+00
   2030.693   2000.876     0.8597  30.436254     0.8601  30.436100     4.4598     4.5242    -0.0077    97.6008 1.0000e-12  -66.44130  -73.03224 336.891673     100.00 4.8656e+02   6711.583     161079          3  0.000e+00
   2030.608   2000.792     0.8597  30.436373     0.8601  30.436390     4.4570     4.5239    -0.0077    97.6008 1.0000e-12  -66.44130  -73.03224 336.891674      99.98 4.8656e+02   6711.625     161080          3  0.000e+00
   2030.636   2000.820     0.8597  30.436551     0.8599  30.436041     4.4623     4.5238    -0.0077    97.6008 1.0000e-12  -66.44130  -73.03224 336.891674      99.98 4.8656e+02   6711.667     161081          3  0.000e+00
   2030.665   2000.848     0.8598  30.436611     0.8601  30.435925     4.4562     4.5236    -0.0077    97.6008 1.0000e-12  -66.44130  -73.03224 336.891675      99.98 4.8656e+02   6711.708     161082          3  0.000e+00
   2030.693   2000.876     0.8598  30.436611     0.8599  30.436332     4.4560     4.5234    -0.0150    97.6008 1.0000e-12  -66.44130  -73.03224 336.891675      99.95 4.8656e+02   6711.750     161083          3  0.000e+00
   2030.715   2000.897     0.8598  30.436670     0.8601  30.436274     4.4533     4.5232    -0.0077    97.6008 1.0000e-12  -66.44130  -73.03224 336.891676      99.98 4.8656e+02   6711.792     161084          3  0.000e+00
   2030.636   2000.820     0.8597  30.436849     0.8599  30.436216     4.4635     4.5230    -0.0077    97.6008 1.0000e-12  -66.44130  -73.03224 336.891676      99.98 4.8656e+02   6711.833     161085          3  0.000e+00
   2030.772   2000.953     0.8602  30.436908     0.8599  30.436216     4.4658     4.5245    -0.0077    97.6008 1.0000e-12  -66.44130  -73.03224 336.891677      99.98 4.8656e+02   6711.875     161086          3  0.000e+00
   2030.693   2000.876     0.8600  30.436670     0.8601  30.436216     4.4680     4.5170    -0.0077    97.6008 1.0000e-12  -66.44130  -73.03224 336.891677      99.98 4.8656e+02   6711.917     161087          3  0.000e+00
   2030.715   2000.897     0.8600  30.436611     0.8601  30.436216     4.4599     4.5227    -0.0077    97.6008 1.0000e-12  -66.44130  -73.03224 336.891678      99.95 4.8656e+02   6711.958     161088          3  0.000e+00
   2030.743   2000.925     0.8600  30.436671     0.8599  30.436390     4.4678     4.5227    -0.0077    97.6008 1.0000e-12  -66.44130  -73.03224 336.891678      99.98 4.8656e+02   6712.000     161089          3  0.000e+00
   2030.715   2000.897     0.8600  30.436611     0.8598  30.436274     4.4596     4.5226    -0.0077    97.6008 1.0000e-12  -66.44130  -73.03224 336.891679     100.00 4.8656e+02   6712.042     161090          3  0.000e+00
   2030.743   2000.925     0.8599  30.436611     0.8599  30.436216     4.4570     4.5226    -0.0150    97.6008 1.0000e-12  -66.44130  -73.03224 336.891679      99.98 4.8656e+02   6712.083     161091          3  0.000e+00
   2030.772   2000.953     0.8600  30.436611     0.8599  30.436216     4.4545     4.5299    -0.0150    97.5751 1.0000e-12  -66.44130  -73.03224 336.891680      99.98 4.8656e+02   6712.125     161092          3  0.000e+00
   2030.743   2000.925     0.8598  30.436849     0.8601  30.436390     4.4624     4.5239    -0.0224    97.6008 1.0000e-12  -66.44130  -73.03224 336.891680      99.98 4.8656e+02   6712.167     161093          3  0.000e+00
   2030.743   2000.925     0.8598  30.436671     0.8601  30.436681     4.4646     4.5237    -0.0150    97.5751 1.0000e-12  -66.44130  -73.03224 336.891681      99.98 4.8656e+02   6712.208     161094          3  0.000e+00
   2030.772   2000.953     0.8597  30.436849     0.8601  30.436332     4.4565     4.5236    -0.0224    97.6008 1.0000e-12  -66.44130  -73.03224 336.891681      99.95 4.8656e+02   6712.250     161095          3  0.000e+00
   2030.743   2000.925     0.8600  30.436492     0.8601  30.436216     4.4619     4.5235    -0.0150    97.6008 1.0000e-12  -66.44130  -73.03224 336.891682      99.98 4.8656e+02   6712.292     161096          3  0.000e+00
   2030.772   2000.953     0.8600  30.436968     0.8602  30.435984     4.4640     4.5234    -0.0150    97.6008 1.0000e-12  -66.44130  -73.03224 336.891682      99.98 4.8656e+02   6712.333     161097          3  0.000e+00
   2030.800   2000.981     0.8601  30.437027     0.8602  30.436565     4.4558     4.5233    -0.0150    97.5751 1.0000e-12  -66.44130  -73.03224 336.891683     100.00 4.8656e+02   6712.375     161098          3  0.000e+00
   2030.772   2000.953     0.8598  30.436671     0.8601  30.436565     4.4531     4.5231    -0.0150    97.6008 1.0000e-12  -66.44130  -73.03224 336.891683      99.95 4.8656e+02   6712.417     161099          3  0.000e+00
   2030.743   2000.925     0.8600  30.436849     0.8601  30.436506     4.4609     4.5230    -0.0150    97.6008 1.0000e-12  -66.44130  -73.03224 336.891684      99.95 4.8656e+02   6712.458     161100          3  0.000e+00
   2030.772   2000.953     0.8600  30.436492     0.8601  30.436506     4.4575     4.5229    -0.0224    97.6008 1.0000e-12  -66.44130  -73.03224 336.891684      99.98 4.8656e+02   6712.500     161101          3  0.000e+00
   2030.800   2000.981     0.8598  30.436730     0.8602  30.436681     4.4551     4.5243    -0.0150    97.6008 1.0000e-12  -66.44130  -73.03224 336.891685     100.00 4.8656e+02   6712.542     161102          3  0.000e+00
   2030.772   2000.953     0.8600  30.436908     0.8604  30.436332     4.4526     4.5258    -0.0150    97.6266 1.0000e-12  -66.44130  -73.03224 336.891685     100.00 4.8656e+02   6712.583     161103          3  0.000e+00
   2030.743   2000.925     0.8598  30.436908     0.8601  30.436390     4.4606     4.5258    -0.0150    97.6008 1.0000e-12  -66.44130  -73.03224 336.891685      99.98 4.8656e+02   6712.625     161104          3  0.000e+00
   2030.772   2000.953     0.8600  30.436908     0.8604  30.436506     4.4630     4.5258    -0.0150    97.6008 1.0000e-12  -66.44130  -73.03224 336.891686     100.00 4.8656e+02   6712.667     161105          3  0.000e+00
   2030.743   2000.925     0.8602  30.436908     0.8602  30.436042     4.4548     4.5258    -0.0150    97.6008 1.0000e-12  -66.44130  -73.03224 336.891686      99.98 4.8832e+02   6712.708     161106          3  0.000e+00
   2030.772   2000.953     0.8601  30.436730     0.8601  30.436042     4.4604     4.5258    -0.0150    97.6008 1.0000e-12  -66.44130  -73.03224 336.891687      99.98 4.8832e+02   6712.750     161107          3  0.000e+00
   2030.743   2000.925     0.8598  30.436671     0.8604  30.436158     4.4627     4.5258    -0.0150    97.6008 1.0000e-12  -66.44128  -73.03224 336.891687      99.98 4.8832e+02   6712.792     161108          3  0.000e+00
   2030.772   2000.953     0.8601  30.436433     0.8599  30.436390     4.4569     4.5258    -0.0150    97.6008 1.0000e-12  -66.44128  -73.03224 336.891688      99.98 4.8832e+02   6712.833     161109          3  0.000e+00
   2030.743   2000.925     0.8597  30.436195     0.8604  30.436274     4.4570     4.5258    -0.0150    97.6008 1.0000e-12  -66.44128  -73.03224 336.891688      99.98 4.8832e+02   6712.875     161110          3  0.000e+00
   2030.772   2000.953     0.8594  30.436314     0.8601  30.436216     4.4706     4.5258    -0.0150    97.6008 1.0000e-12  -66.44128  -73.03224 336.891689      99.95 4.8832e+02   6712.917     161111          3  0.000e+00
   2030.694   2000.876     0.8590  30.436552     0.8602  30.436390     4.4672     4.5258    -0.0224    97.6008 1.0000e-12  -66.44128  -73.03224 336.891689      99.95 4.8832e+02   6712.958     161112          3  0.000e+00
   2030.772   2000.953     0.8597  30.436433     0.8601  30.436506     4.4615     4.5258    -0.0150    97.6008 1.0000e-12  -66.44128  -73.03224 336.891690      99.98 4.8832e+02   6713.000     161113          3  0.000e+00
   2030.694   2000.876     0.8597  30.436789     0.8604  30.436506     4.4670     4.5257    -0.0150    97.6008 1.0000e-12  -66.44128  -73.03224 336.891690      99.98 4.8832e+02   6713.042     161114          3  0.000e+00
   2030.715   2000.897     0.8600  30.436730     0.8604  30.436506     4.4692     4.5257    -0.0150    97.6008 1.0000e-12  -66.44128  -73.03224 336.891691     100.00 4.8832e+02   6713.083     161115          3  0.000e+00
   2030.744   2000.925     0.8602  30.437027     0.8602  30.436506     4.4714     4.5258    -0.0150    97.6008 1.0000e-12  -66.44128  -73.03224 336.891691      99.98 4.8832e+02   6713.125     161116          3  0.000e+00
   2030.715   2000.897     0.8600  30.437027     0.8604  30.436274     4.4737     4.5258    -0.0150    97.6008 1.0000e-12  -66.44128  -73.03224 336.891692      99.98 4.8832e+02   6713.167     161117          3  0.000e+00
   2030.694   2000.877     0.8598  30.436670     0.8602  30.436390     4.4735     4.5257    -0.0150    97.6008 1.0000e-12  -66.44128  -73.03224 336.891692      99.98 4.8832e+02   6713.208     161118          3  0.000e+00
   2030.715   2000.897     0.8598  30.436611     0.8602  30.436274     4.4757     4.5258    -0.0077    97.6008 1.0000e-12  -66.44128  -73.03224 336.891693      99.95 4.8832e+02   6713.250     161119          3  0.000e+00
   2030.694   2000.877     0.8597  30.436433     0.8601  30.436390     4.4778     4.5258    -0.0077    97.6008 1.0000e-12  -66.44128  -73.03224 336.891693      99.98 4.8832e+02   6713.292     161120          3  0.000e+00
