NBP2113_155081_ctd/data/nbp2113_032.cnv
* Sea-Bird SBE 9 Data File:
* FileName = D:\Data\raw\NBP2113_032.hex
* Software Version Seasave V 7.26.7.121
* Temperature SN = 2438
* Conductivity SN = 2067
* Number of Bytes Per Scan = 40
* Number of Voltage Words = 5
* Number of Scans Averaged by the Deck Unit = 1
* NMEA Latitude = 65 50.96 S
* NMEA Longitude = 071 22.70 W
* NMEA UTC (Time) = Dec 07 2021  06:49:20
* NMEA baud rate = 9600
** Ship: RVIB N.B. Palmer
** Cruise: NBP2113 LTER
** Station: 300.200
** Operator: B. Urmston
# nquan = 25
# nvalues = 6193                        
# units = specified
# name 0 = prDM: Pressure, Digiquartz [db]
# name 1 = depSM: Depth [salt water, m]
# name 2 = t090C: Temperature [ITS-90, deg C]
# name 3 = c0mS/cm: Conductivity [mS/cm]
# name 4 = t190C: Temperature, 2 [ITS-90, deg C]
# name 5 = c1mS/cm: Conductivity, 2 [mS/cm]
# name 6 = sbeox0ML/L: Oxygen, SBE 43 [ml/l]
# name 7 = sbeox1ML/L: Oxygen, SBE 43, 2 [ml/l]
# name 8 = flECO-AFL: Fluorescence, WET Labs ECO-AFL/FL [mg/m^3]
# name 9 = CStarTr0: Beam Transmission, WET Labs C-Star [%]
# name 10 = par: PAR/Irradiance, Biospherical/Licor
# name 11 = latitude: Latitude [deg]
# name 12 = longitude: Longitude [deg]
# name 13 = timeJ: Julian Days
# name 14 = altM: Altimeter [m]
# name 15 = spar: SPAR, Biospherical/Licor
# name 16 = timeS: Time, Elapsed [seconds]
# name 17 = scan: Scan Count
# name 18 = density00: Density [density, kg/m^3]
# name 19 = density11: Density, 2 [density, kg/m^3]
# name 20 = sal00: Salinity, Practical [PSU]
# name 21 = sal11: Salinity, Practical, 2 [PSU]
# name 22 = oxsolML/L: Oxygen Saturation, Garcia & Gordon [ml/l]
# name 23 = nbin: number of scans per bin
# name 24 = flag: flag
# span 0 =      1.000,   3101.000       
# span 1 =      0.986,   3048.007       
# span 2 =    -0.7633,     2.0337       
# span 3 =  27.681656,  30.764586       
# span 4 =    -0.7634,     2.0332       
# span 5 =  27.681603,  30.763305       
# span 6 =     3.8892,     9.6495       
# span 7 =     3.9450,     9.4562       
# span 8 =    -0.0250,     3.2232       
# span 9 =    89.2440,    96.2388       
# span 10 = 1.0000e-12, 1.0000e-12      
# span 11 =  -65.84929,  -65.84874      
# span 12 =  -71.37840,  -71.37770      
# span 13 = 341.286521, 341.375807      
# span 14 =      -5.76,     102.01      
# span 15 = 2.1537e+01, 1.8165e+02      
# span 16 =    195.450,   7909.685      
# span 17 =       4692,     189833      
# span 18 =  1027.2241,  1042.0899      
# span 19 =  1027.2234,  1042.0891      
# span 20 =    33.8734,    34.7306      
# span 21 =    33.8721,    34.7298      
# span 22 =    7.62252,    8.22958      
# span 23 =         10,         67      
# span 24 = 0.0000e+00, 0.0000e+00      
# interval = decibars: 1                
# start_time = Dec 07 2021 06:49:20 [NMEA time, header]
# bad_flag = -9.990e-29
*END*
[from data line 6145]
     48.000     47.521    -0.5400  27.769028    -0.5316  27.773655     8.0232     8.0797     1.5217    91.5499 1.0000e-12  -65.84894  -71.37786 341.374312      99.97 1.5337e+02   7780.532     186734  1027.4615  1027.4583    33.8865    33.8833    8.18824         25 0.0000e+00
     47.000     46.532    -0.5335  27.773205    -0.5286  27.775333     8.0334     8.0849     1.6667    91.4033 1.0000e-12  -65.84894  -71.37786 341.374323      99.97 1.5337e+02   7781.470     186756  1027.4554  1027.4531    33.8854    33.8828    8.18688         21 0.0000e+00
     46.000     45.541    -0.5285  27.776237    -0.5242  27.778079     8.0380     8.0861     1.5429    91.1208 1.0000e-12  -65.84894  -71.37786 341.374332      99.97 1.5461e+02   7782.321     186777  1027.4497  1027.4476    33.8845    33.8821    8.18586         21 0.0000e+00
     45.000     44.551    -0.5216  27.780736    -0.5196  27.780802     8.0453     8.0838     1.4944    91.2314 1.0000e-12  -65.84894  -71.37786 341.374343      99.97 1.5512e+02   7783.248     186799  1027.4437  1027.4419    33.8835    33.8813    8.18443         24 0.0000e+00
     44.000     43.562    -0.5251  27.777142    -0.5191  27.780461     8.0272     8.0857     1.7809    91.1831 1.0000e-12  -65.84894  -71.37786 341.374357      99.97 1.5513e+02   7784.419     186827  1027.4391  1027.4369    33.8832    33.8809    8.18521         33 0.0000e+00
     43.000     42.571    -0.5284  27.775338    -0.5242  27.776347     8.0761     8.0886     1.7871    90.9890 1.0000e-12  -65.84894  -71.37786 341.374374      99.97 1.5513e+02   7785.929     186863  1027.4361  1027.4332    33.8850    33.8816    8.18581         39 0.0000e+00
     42.000     41.581    -0.5173  27.782338    -0.5239  27.776485     8.0744     8.1008     1.6838    90.9216 1.0000e-12  -65.84894  -71.37786 341.374394      99.97 1.5513e+02   7787.605     186904  1027.4287  1027.4290    33.8826    33.8822    8.18354         39 0.0000e+00
     41.000     40.593    -0.5142  27.783827    -0.5137  27.782850     8.0596     8.1142     1.7855    91.0137 1.0000e-12  -65.84894  -71.37786 341.374411      99.97 1.5513e+02   7789.088     186939  1027.4232  1027.4217    33.8818    33.8799    8.18293         32 0.0000e+00
     40.000     39.602    -0.5141  27.783351    -0.5129  27.782921     8.0562     8.1147     1.7440    91.1375 1.0000e-12  -65.84894  -71.37786 341.374425      99.97 1.5558e+02   7790.329     186969  1027.4185  1027.4169    33.8817    33.8798    8.18292         28 0.0000e+00
     39.000     38.611    -0.5171  27.780751    -0.5094  27.784756     8.0727     8.1194     1.6539    91.1168 1.0000e-12  -65.84894  -71.37786 341.374438      99.97 1.5690e+02   7791.441     186996  1027.4143  1027.4112    33.8821    33.8789    8.18353         26 0.0000e+00
     38.000     37.622    -0.5097  27.785399    -0.5071  27.785810     8.0932     8.1205     1.7477    91.0313 1.0000e-12  -65.84894  -71.37787 341.374452      99.97 1.5690e+02   7792.616     187024  1027.4079  1027.4059    33.8807    33.8784    8.18201         32 0.0000e+00
     37.000     36.631    -0.5094  27.784969    -0.5088  27.783773     8.0989     8.1296     2.0023    90.3589 1.0000e-12  -65.84894  -71.37786 341.374471      99.97 1.5690e+02   7794.251     187063  1027.4030  1027.4012    33.8804    33.8782    8.18197         45 0.0000e+00
     36.000     35.642    -0.5026  27.789104    -0.5079  27.784305     8.0912     8.1477     2.0449    90.5038 1.0000e-12  -65.84894  -71.37786 341.374492      99.97 1.5690e+02   7796.074     187107  1027.3967  1027.3967    33.8790    33.8785    8.18058         34 0.0000e+00
     35.000     34.653    -0.4998  27.790332    -0.5008  27.788217     8.1056     8.1539     2.5510    90.1550 1.0000e-12  -65.84894  -71.37786 341.374505      99.97 1.5690e+02   7797.266     187135  1027.3911  1027.3897    33.8781    33.8764    8.18003         27 0.0000e+00
     34.000     33.662    -0.5026  27.787995    -0.4974  27.789863     8.1118     8.1491     2.0499    90.4363 1.0000e-12  -65.84893  -71.37786 341.374519      99.97 1.5690e+02   7798.461     187164  1027.3870  1027.3840    33.8787    33.8754    8.18060         34 0.0000e+00
     33.000     32.672    -0.5002  27.788940    -0.5010  27.787016     8.0962     8.1540     2.2640    90.5941 1.0000e-12  -65.84892  -71.37786 341.374549      99.97 1.5866e+02   7800.993     187225  1027.3816  1027.3803    33.8779    33.8762    8.18013         40 0.0000e+00
     32.000     31.681    -0.4961  27.790696    -0.4991  27.787813     8.1234     8.1610     2.2819    90.7045 1.0000e-12  -65.84892  -71.37786 341.374568      99.97 1.5866e+02   7802.673     187265  1027.3752  1027.3750    33.8763    33.8757    8.17934         28 0.0000e+00
     31.000     30.693    -0.4956  27.790601    -0.4966  27.788696     8.1202     8.1516     2.2586    90.4441 1.0000e-12  -65.84893  -71.37786 341.374580      99.97 1.5866e+02   7803.722     187290  1027.3704  1027.3693    33.8762    33.8748    8.17923         24 0.0000e+00
     30.000     29.702    -0.4950  27.790111    -0.4956  27.788451     8.1180     8.1568     2.4061    90.1915 1.0000e-12  -65.84894  -71.37786 341.374599      99.97 1.5930e+02   7805.383     187330  1027.3651  1027.3638    33.8755    33.8739    8.17915         29 0.0000e+00
     29.000     28.713    -0.4946  27.789748    -0.4954  27.788045     8.1309     8.1724     2.0958    89.6980 1.0000e-12  -65.84894  -71.37786 341.374636      99.97 1.6044e+02   7808.552     187406  1027.3601  1027.3590    33.8752    33.8738    8.17908         29 0.0000e+00
     28.000     27.723    -0.4946  27.789328    -0.4949  27.787746     8.1124     8.1747     2.0948    90.0344 1.0000e-12  -65.84892  -71.37786 341.374646      99.97 1.6042e+02   7809.372     187426  1027.3553  1027.3539    33.8752    33.8734    8.17906         20 0.0000e+00
     27.000     26.731    -0.4942  27.788918    -0.4942  27.787505     8.1108     8.1724     2.0258    90.1905 1.0000e-12  -65.84892  -71.37786 341.374656      99.97 1.6042e+02   7810.237     187447  1027.3502  1027.3487    33.8748    33.8729    8.17900         24 0.0000e+00
     26.000     25.741    -0.4948  27.788240    -0.4949  27.786773     8.1174     8.1728     2.6043    89.8290 1.0000e-12  -65.84892  -71.37786 341.374678      99.97 1.6064e+02   7812.217     187494  1027.3459  1027.3443    33.8753    33.8733    8.17912         26 0.0000e+00
     25.000     24.750    -0.4956  27.787415    -0.4956  27.786068     8.1217     8.1723     2.6212    90.1621 1.0000e-12  -65.84892  -71.37785 341.374735      99.97 1.6225e+02   7817.126     187612  1027.3414  1027.3400    33.8756    33.8738    8.17926         35 0.0000e+00
     24.000     23.762    -0.4943  27.787707    -0.4944  27.786267     8.1340     8.1803     2.7416    90.0076 1.0000e-12  -65.84890  -71.37785 341.375061      99.97 1.6734e+02   7845.309     188288  1027.3363  1027.3349    33.8751    33.8733    8.17901         38 0.0000e+00
     23.000     22.772    -0.4942  27.787379    -0.4943  27.785913     8.1402     8.1842     2.8352    89.9873 1.0000e-12  -65.84890  -71.37784 341.375240      99.97 1.7099e+02   7860.782     188660  1027.3315  1027.3301    33.8752    33.8734    8.17898         34 0.0000e+00
     22.000     21.781    -0.4942  27.786927    -0.4942  27.785518     8.1387     8.1788     2.2639    90.0638 1.0000e-12  -65.84890  -71.37783 341.375304      99.97 1.7242e+02   7866.247     188791  1027.3267  1027.3253    33.8752    33.8734    8.17898         40 0.0000e+00
     21.000     20.791    -0.4942  27.786459    -0.4943  27.785023     8.1285     8.1750     2.4664    90.0620 1.0000e-12  -65.84890  -71.37784 341.375340      99.97 1.7278e+02   7869.419     188867  1027.3220  1027.3206    33.8752    33.8734    8.17898         35 0.0000e+00
     20.000     19.801    -0.4945  27.785533    -0.4945  27.784404     8.1314     8.1801     3.2232    89.5049 1.0000e-12  -65.84890  -71.37783 341.375378      99.97 1.7406e+02   7872.672     188945  1027.3170  1027.3158    33.8749    33.8734    8.17907         34 0.0000e+00
     19.000     18.813    -0.4944  27.785177    -0.4943  27.784029     8.1375     8.1881     2.1920    89.9353 1.0000e-12  -65.84890  -71.37783 341.375425      99.97 1.7450e+02   7876.755     189043  1027.3122  1027.3108    33.8749    33.8733    8.17905         34 0.0000e+00
     18.000     17.822    -0.4943  27.784868    -0.4945  27.783361     8.1422     8.1894     2.2295    89.3959 1.0000e-12  -65.84890  -71.37784 341.375458      99.97 1.7536e+02   7879.587     189111  1027.3075  1027.3061    33.8750    33.8732    8.17902         36 0.0000e+00
     17.000     16.833    -0.4945  27.784107    -0.4946  27.782459     8.1368     8.1827     2.3545    89.2440 1.0000e-12  -65.84890  -71.37784 341.375487      99.97 1.7634e+02   7882.061     189170  1027.3025  1027.3009    33.8748    33.8728    8.17907         35 0.0000e+00
     16.000     15.841    -0.4947  27.783163    -0.4949  27.781693     8.1286     8.1863     3.0757    90.0833 1.0000e-12  -65.84890  -71.37784 341.375501      99.97 1.7629e+02   7883.308     189200  1027.2974  1027.2961    33.8744    33.8727    8.17914         30 0.0000e+00
     15.000     14.852    -0.4946  27.782801    -0.4948  27.781215     8.1323     8.1942     2.5537    89.8167 1.0000e-12  -65.84890  -71.37783 341.375531      99.97 1.7629e+02   7885.838     189261  1027.2927  1027.2912    33.8745    33.8726    8.17912         39 0.0000e+00
     14.000     13.862    -0.4946  27.782166    -0.4947  27.780808     8.1121     8.1957     2.6769    90.0379 1.0000e-12  -65.84890  -71.37782 341.375556      99.97 1.7629e+02   7888.065     189315  1027.2877  1027.2863    33.8742    33.8725    8.17914         28 0.0000e+00
     13.000     12.871    -0.4946  27.781742    -0.4949  27.780175     8.1401     8.1904     2.4725    90.0532 1.0000e-12  -65.84890  -71.37782 341.375571      99.97 1.7720e+02   7889.314     189345  1027.2829  1027.2815    33.8743    33.8725    8.17913         32 0.0000e+00
     12.000     11.880    -0.4947  27.781244    -0.4948  27.779775     8.1232     8.1851     2.6885    89.7648 1.0000e-12  -65.84890  -71.37783 341.375608      99.97 1.7802e+02   7892.545     189422  1027.2782  1027.2767    33.8743    33.8725    8.17915         29 0.0000e+00
     11.000     10.892    -0.4947  27.780771    -0.4949  27.779246     8.1239     8.1816     2.7997    89.7249 1.0000e-12  -65.84890  -71.37784 341.375626      99.97 1.7805e+02   7894.050     189458  1027.2734  1027.2719    33.8743    33.8724    8.17915         23 0.0000e+00
     10.000      9.901    -0.4947  27.780294    -0.4948  27.778792     8.1188     8.1881     2.6274    90.0604 1.0000e-12  -65.84890  -71.37784 341.375636      99.97 1.7805e+02   7894.930     189479  1027.2686  1027.2671    33.8743    33.8724    8.17916         22 0.0000e+00
      9.000      8.912    -0.4947  27.779889    -0.4948  27.778343     8.1215     8.1907     2.3395    89.9988 1.0000e-12  -65.84890  -71.37784 341.375651      99.97 1.7883e+02   7896.243     189511  1027.2638  1027.2623    33.8743    33.8724    8.17915         33 0.0000e+00
      8.000      7.921    -0.4947  27.779340    -0.4948  27.777934     8.0934     8.1925     2.2489    90.0161 1.0000e-12  -65.84890  -71.37782 341.375699      99.97 1.7989e+02   7900.365     189610  1027.2589  1027.2575    33.8742    33.8724    8.17915         29 0.0000e+00
      7.000      6.932    -0.4944  27.779065    -0.4945  27.777681     8.1916     8.1847     2.6458    89.8966 1.0000e-12  -65.84890  -71.37782 341.375708      99.97 1.7981e+02   7901.138     189628  1027.2541  1027.2527    33.8741    33.8724    8.17909         21 0.0000e+00
      6.000      5.939    -0.4939  27.778955    -0.4940  27.777608     8.2128     8.1810     2.4099    89.7647 1.0000e-12  -65.84890  -71.37782 341.375717      99.97 1.7981e+02   7901.974     189648  1027.2492  1027.2479    33.8740    33.8723    8.17900         21 0.0000e+00
      5.000      4.950    -0.4939  27.778456    -0.4941  27.777064     8.1859     8.1866     2.4732    89.9380 1.0000e-12  -65.84890  -71.37783 341.375744      99.97 1.8050e+02   7904.266     189703  1027.2444  1027.2431    33.8740    33.8723    8.17900         28 0.0000e+00
      4.000      3.961    -0.4938  27.778153    -0.4941  27.776527     8.2243     8.1888     2.7108    89.9170 1.0000e-12  -65.84890  -71.37782 341.375778      99.97 1.8165e+02   7907.263     189775  1027.2397  1027.2382    33.8740    33.8722    8.17897         17 0.0000e+00
      3.000      2.972    -0.4932  27.778105    -0.4935  27.776596     8.7354     8.1878     2.3939    89.7870 1.0000e-12  -65.84890  -71.37782 341.375784      99.97 1.8158e+02   7907.727     189786  1027.2348  1027.2334    33.8740    33.8722    8.17885         13 0.0000e+00
      2.000      1.981    -0.4931  27.777631    -0.4934  27.776235     9.0291     8.2024     2.4081    89.7223 1.0000e-12  -65.84890  -71.37782 341.375790      99.97 1.8158e+02   7908.243     189799  1027.2298  1027.2286    33.8738    33.8723    8.17883         13 0.0000e+00
      1.000      0.986    -0.4932  27.776765    -0.4936  27.775503     9.6495     9.4562     2.4464    89.7654 1.0000e-12  -65.84890  -71.37782 341.375807      99.97 1.8158e+02   7909.685     189833  1027.2241  1027.2234    33.8734    33.8721    8.17888         21 0.0000e+00
