NBP2113_155081_ctd/data/nbp2113_061.cnv
* Sea-Bird SBE 9 Data File:
* FileName = D:\Data\raw\NBP2113_061.hex
* Software Version Seasave V 7.26.7.121
* Temperature SN = 2438
* Conductivity SN = 2067
* Number of Bytes Per Scan = 40
* Number of Voltage Words = 5
* Number of Scans Averaged by the Deck Unit = 1
* NMEA Latitude = 64 46.21 S
* NMEA Longitude = 063 05.90 W
* NMEA UTC (Time) = Dec 13 2021  23:26:08
* NMEA baud rate = 9600
** Ship: RVIB N.B. Palmer
** Cruise: NBP2113 LTER
** Station: 654.005
** Operator: S. Blackman
# nquan = 25
# nvalues = 674                         
# units = specified
# name 0 = prDM: Pressure, Digiquartz [db]
# name 1 = depSM: Depth [salt water, m]
# name 2 = t090C: Temperature [ITS-90, deg C]
# name 3 = c0mS/cm: Conductivity [mS/cm]
# name 4 = t190C: Temperature, 2 [ITS-90, deg C]
# name 5 = c1mS/cm: Conductivity, 2 [mS/cm]
# name 6 = sbeox0ML/L: Oxygen, SBE 43 [ml/l]
# name 7 = sbeox1ML/L: Oxygen, SBE 43, 2 [ml/l]
# name 8 = flECO-AFL: Fluorescence, WET Labs ECO-AFL/FL [mg/m^3]
# name 9 = CStarTr0: Beam Transmission, WET Labs C-Star [%]
# name 10 = par: PAR/Irradiance, Biospherical/Licor
# name 11 = latitude: Latitude [deg]
# name 12 = longitude: Longitude [deg]
# name 13 = timeJ: Julian Days
# name 14 = altM: Altimeter [m]
# name 15 = spar: SPAR, Biospherical/Licor
# name 16 = timeS: Time, Elapsed [seconds]
# name 17 = scan: Scan Count
# name 18 = density00: Density [density, kg/m^3]
# name 19 = density11: Density, 2 [density, kg/m^3]
# name 20 = sal00: Salinity, Practical [PSU]
# name 21 = sal11: Salinity, Practical, 2 [PSU]
# name 22 = oxsolML/L: Oxygen Saturation, Garcia & Gordon [ml/l]
# name 23 = nbin: number of scans per bin
# name 24 = flag: flag
# span 0 =      1.000,    339.000       
# span 1 =      0.990,    335.408       
# span 2 =    -0.4926,     0.8040       
# span 3 =  27.948527,  29.430952       
# span 4 =    -0.4928,     0.7991       
# span 5 =  27.947194,  29.427788       
# span 6 =     4.9720,     7.7453       
# span 7 =     5.0530,     7.4620       
# span 8 =    -0.0213,     1.3868       
# span 9 =    83.4385,    90.1940       
# span 10 = 1.0000e-12, 3.2112e+02      
# span 11 =  -64.77050,  -64.77020      
# span 12 =  -63.09852,  -63.09826      
# span 13 = 347.980016, 347.996222      
# span 14 =       9.04,     100.44      
# span 15 = 3.4020e+02, 1.3186e+03      
# span 16 =    305.348,   1705.564      
# span 17 =       7329,      40935      
# span 18 =  1027.1564,  1029.3503      
# span 19 =  1027.1494,  1029.3490      
# span 20 =    33.7946,    34.5120      
# span 21 =    33.7917,    34.5104      
# span 22 =    7.87241,    8.14211      
# span 23 =         11,         51      
# span 24 = 0.0000e+00, 0.0000e+00      
# interval = decibars: 1                
# start_time = Dec 13 2021 23:26:08 [NMEA time, header]
# bad_flag = -9.990e-29
*END*
[from data line 348]
    326.000    322.556    -0.4764  28.413185    -0.4768  28.411823     5.8915     5.9637    -0.0147    88.6762 1.0000e-12  -64.77050  -63.09826 347.986772      21.63 1.2341e+03    889.081      21339  1029.2876  1029.2865    34.5104    34.5089    8.13867         27 0.0000e+00
    325.000    321.567    -0.4767  28.412474    -0.4762  28.411777     5.8865     5.9626    -0.0081    88.6583 1.0000e-12  -64.77050  -63.09826 347.986785      22.64 1.2339e+03    890.192      21366  1029.2829  1029.2816    34.5104    34.5088    8.13874         27 0.0000e+00
    324.000    320.578    -0.4730  28.414762    -0.4729  28.413977     5.8786     5.9638    -0.0069    88.6835 1.0000e-12  -64.77050  -63.09826 347.986798      23.75 1.2325e+03    891.322      21393  1029.2775  1029.2765    34.5099    34.5086    8.13798         27 0.0000e+00
    323.000    319.589    -0.4702  28.416916    -0.4707  28.415315     5.8766     5.9610    -0.0139    88.6473 1.0000e-12  -64.77050  -63.09826 347.986811      24.75 1.2323e+03    892.477      21420  1029.2727  1029.2715    34.5101    34.5085    8.13735         28 0.0000e+00
    322.000    318.600    -0.4696  28.416934    -0.4705  28.415000     5.8667     5.9577    -0.0213    88.5090 1.0000e-12  -64.77050  -63.09826 347.986825      25.64 1.2323e+03    893.647      21449  1029.2679  1029.2668    34.5100    34.5085    8.13722         29 0.0000e+00
    321.000    317.613    -0.4674  28.418160    -0.4651  28.418743     5.8594     5.9517    -0.0145    88.1684 1.0000e-12  -64.77050  -63.09826 347.986838      26.58 1.2308e+03    894.823      21477  1029.2628  1029.2612    34.5098    34.5081    8.13677         25 0.0000e+00
    320.000    316.623    -0.4640  28.420391    -0.4616  28.421428     5.8702     5.9604    -0.0130    87.9327 1.0000e-12  -64.77050  -63.09826 347.986852      27.73 1.2295e+03    895.994      21505  1029.2577  1029.2564    34.5096    34.5083    8.13606         29 0.0000e+00
    319.000    315.635    -0.4622  28.421653    -0.4633  28.419651     5.8849     5.9569    -0.0091    88.0198 1.0000e-12  -64.77050  -63.09826 347.986865      28.65 1.2287e+03    897.163      21533  1029.2531  1029.2520    34.5099    34.5084    8.13566         27 0.0000e+00
    318.000    314.646    -0.4642  28.419548    -0.4631  28.419092     5.8784     5.9546    -0.0148    88.3404 1.0000e-12  -64.77050  -63.09826 347.986879      29.49 1.2287e+03    898.334      21561  1029.2485  1029.2470    34.5099    34.5081    8.13608         28 0.0000e+00
    317.000    313.656    -0.4625  28.420412    -0.4609  28.420462     5.8688     5.9578    -0.0053    88.4104 1.0000e-12  -64.77050  -63.09826 347.986892      30.62 1.2285e+03    899.485      21589  1029.2435  1029.2420    34.5097    34.5080    8.13572         28 0.0000e+00
    316.000    312.669    -0.4595  28.422394    -0.4583  28.422158     5.8688     5.9542     0.0001    88.2966 1.0000e-12  -64.77050  -63.09826 347.986905      31.61 1.2265e+03    900.630      21616  1029.2384  1029.2370    34.5096    34.5079    8.13509         28 0.0000e+00
    315.000    311.680    -0.4584  28.422823    -0.4574  28.422391     5.8761     5.9527    -0.0147    88.4620 1.0000e-12  -64.77050  -63.09826 347.986919      32.56 1.2248e+03    901.812      21644  1029.2337  1029.2322    34.5096    34.5079    8.13487         29 0.0000e+00
    314.000    310.690    -0.4581  28.422687    -0.4586  28.421201     5.8756     5.9516    -0.0150    88.4098 1.0000e-12  -64.77050  -63.09826 347.986933      33.68 1.2232e+03    903.008      21673  1029.2289  1029.2279    34.5096    34.5082    8.13478         28 0.0000e+00
    313.000    309.703    -0.4592  28.421267    -0.4611  28.418620     5.8738     5.9535    -0.0150    88.3776 1.0000e-12  -64.77050  -63.09826 347.986947      34.61 1.2218e+03    904.197      21702  1029.2244  1029.2233    34.5096    34.5082    8.13504         28 0.0000e+00
    312.000    308.713    -0.4606  28.419671    -0.4609  28.418218     5.8756     5.9514    -0.0150    88.3345 1.0000e-12  -64.77050  -63.09826 347.986960      35.54 1.2217e+03    905.377      21730  1029.2197  1029.2185    34.5096    34.5080    8.13533         29 0.0000e+00
    311.000    307.725    -0.4592  28.420301    -0.4577  28.420288     5.8800     5.9496    -0.0150    88.4822 1.0000e-12  -64.77050  -63.09826 347.986974      36.78 1.2217e+03    906.564      21759  1029.2148  1029.2133    34.5095    34.5078    8.13503         29 0.0000e+00
    310.000    306.735    -0.4565  28.421957    -0.4542  28.422616     5.8810     5.9487    -0.0150    88.5237 1.0000e-12  -64.77050  -63.09826 347.986988      37.63 1.2217e+03    907.760      21787  1029.2096  1029.2081    34.5092    34.5076    8.13447         28 0.0000e+00
    309.000    305.747    -0.4549  28.422793    -0.4539  28.422607     5.8801     5.9491    -0.0077    88.6173 1.0000e-12  -64.77050  -63.09826 347.987002      38.65 1.2217e+03    908.953      21816  1029.2047  1029.2035    34.5092    34.5078    8.13413         29 0.0000e+00
    308.000    304.759    -0.4550  28.422244    -0.4555  28.420959     5.8756     5.9520    -0.0077    88.7000 1.0000e-12  -64.77050  -63.09826 347.987016      39.76 1.2217e+03    910.150      21845  1029.2000  1029.1991    34.5092    34.5080    8.13416         28 0.0000e+00
    307.000    303.770    -0.4559  28.421166    -0.4564  28.419748     5.8779     5.9499    -0.0090    88.7467 1.0000e-12  -64.77050  -63.09826 347.987029      40.77 1.2221e+03    911.314      21873  1029.1955  1029.1944    34.5094    34.5080    8.13434         28 0.0000e+00
    306.000    302.780    -0.4563  28.420408    -0.4554  28.419733     5.8615     5.9472    -0.0131    88.6901 1.0000e-12  -64.77050  -63.09826 347.987042      41.88 1.2236e+03    912.468      21900  1029.1908  1029.1892    34.5094    34.5075    8.13442         28 0.0000e+00
    305.000    301.793    -0.4524  28.422936    -0.4491  28.424519     5.8615     5.9456    -0.0072    88.6868 1.0000e-12  -64.77050  -63.09826 347.987056      42.89 1.2252e+03    913.642      21928  1029.1854  1029.1839    34.5090    34.5074    8.13361         28 0.0000e+00
    304.000    300.803    -0.4471  28.426852    -0.4436  28.428566     5.8601     5.9352    -0.0105    88.7112 1.0000e-12  -64.77050  -63.09826 347.987070      43.77 1.2252e+03    914.845      21957  1029.1801  1029.1785    34.5088    34.5071    8.13248         29 0.0000e+00
    303.000    299.816    -0.4462  28.427264    -0.4441  28.427902     5.8565     5.9414    -0.0114    88.7256 1.0000e-12  -64.77050  -63.09826 347.987084      44.87 1.2252e+03    916.029      21986  1029.1755  1029.1741    34.5090    34.5074    8.13228         28 0.0000e+00
    302.000    298.826    -0.4455  28.427203    -0.4436  28.427608     5.8605     5.9465    -0.0077    88.7421 1.0000e-12  -64.77050  -63.09826 347.987097      45.89 1.2252e+03    917.213      22014  1029.1705  1029.1691    34.5087    34.5071    8.13214         29 0.0000e+00
    301.000    297.836    -0.4441  28.427991    -0.4389  28.431061     5.8612     5.9357    -0.0118    88.7021 1.0000e-12  -64.77050  -63.09826 347.987111      47.03 1.2246e+03    918.403      22043  1029.1658  1029.1639    34.5088    34.5070    8.13185         26 0.0000e+00
    300.000    296.850    -0.4388  28.431779    -0.4364  28.432394     5.8611     5.9328    -0.0151    88.5684 1.0000e-12  -64.77050  -63.09826 347.987125      47.86 1.2234e+03    919.601      22071  1029.1603  1029.1587    34.5085    34.5066    8.13073         27 0.0000e+00
    299.000    295.860    -0.4331  28.435806    -0.4292  28.438045     5.8543     5.9328    -0.0089    88.7907 1.0000e-12  -64.77050  -63.09826 347.987139      48.85 1.2234e+03    920.806      22100  1029.1548  1029.1534    34.5080    34.5066    8.12953         29 0.0000e+00
    298.000    294.870    -0.4322  28.436388    -0.4292  28.437651     5.8586     5.9400    -0.0206    88.8300 1.0000e-12  -64.77050  -63.09826 347.987153      50.00 1.2233e+03    922.001      22129  1029.1503  1029.1487    34.5083    34.5066    8.12932         29 0.0000e+00
    297.000    293.882    -0.4335  28.434867    -0.4336  28.433971     5.8618     5.9333    -0.0142    88.7813 1.0000e-12  -64.77050  -63.09826 347.987166      50.97 1.2217e+03    923.162      22157  1029.1458  1029.1450    34.5084    34.5073    8.12959         27 0.0000e+00
    296.000    292.894    -0.4344  28.433667    -0.4339  28.432705     5.8452     5.9220    -0.0072    88.8080 1.0000e-12  -64.77050  -63.09826 347.987179      52.15 1.2217e+03    924.304      22184  1029.1412  1029.1396    34.5085    34.5065    8.12979         28 0.0000e+00
    295.000    291.906    -0.4248  28.440315    -0.4108  28.450351     5.8163     5.9104    -0.0077    88.8046 1.0000e-12  -64.77050  -63.09826 347.987193      53.39 1.2206e+03    925.467      22212  1029.1346  1029.1315    34.5071    34.5046    8.12781         28 0.0000e+00
    294.000    290.915    -0.4002  28.459784    -0.3848  28.471078     5.8102     5.8964    -0.0072    88.7254 1.0000e-12  -64.77050  -63.09826 347.987207      54.24 1.2199e+03    926.660      22241  1029.1269  1029.1239    34.5059    34.5035    8.12263         28 0.0000e+00
    293.000    289.927    -0.3859  28.471916    -0.3754  28.479481     5.8044     5.9009    -0.0095    88.7651 1.0000e-12  -64.77050  -63.09826 347.987221      55.25 1.2191e+03    927.861      22270  1029.1216  1029.1195    34.5065    34.5047    8.11953         29 0.0000e+00
    292.000    288.938    -0.3843  28.472919    -0.3680  28.484790     5.7912     5.8917    -0.0148    88.7824 1.0000e-12  -64.77050  -63.09826 347.987235      56.13 1.2183e+03    929.081      22299  1029.1171  1029.1138    34.5066    34.5040    8.11918         30 0.0000e+00
    291.000    287.949    -0.3650  28.487803    -0.3871  28.469820     5.8094     5.9081    -0.0100    88.9810 1.0000e-12  -64.77050  -63.09826 347.987251      57.25 1.2196e+03    930.495      22333  1029.1099  1029.1127    34.5053    34.5062    8.11514         36 0.0000e+00
    290.000    286.960    -0.3780  28.480134    -0.3866  28.469371     5.7897     5.8857    -0.0009    89.0719 1.0000e-12  -64.77050  -63.09826 347.987269      58.33 1.2216e+03    932.056      22370  1029.1107  1029.1076    34.5104    34.5057    8.11763         37 0.0000e+00
    289.000    285.973    -0.3404  28.506778    -0.3390  28.504634     5.7785     5.8673    -0.0004    89.2399 1.0000e-12  -64.77050  -63.09827 347.987288      59.55 1.2239e+03    933.703      22410  1029.0977  1029.0941    34.5040    34.4995    8.10997         37 0.0000e+00
    288.000    284.981    -0.3231  28.520896    -0.3171  28.524023     5.7630     5.8581     0.0026    89.2574 1.0000e-12  -64.77050  -63.09827 347.987307      60.63 1.2266e+03    935.327      22449  1029.0918  1029.0893    34.5039    34.5013    8.10629         35 0.0000e+00
    287.000    283.994    -0.3080  28.532409    -0.3057  28.533258     5.7653     5.8569    -0.0111    89.2915 1.0000e-12  -64.77050  -63.09827 347.987326      61.68 1.2302e+03    936.955      22488  1029.0854  1029.0840    34.5028    34.5013    8.10314         38 0.0000e+00
    286.000    283.006    -0.3093  28.531038    -0.3011  28.536556     5.7670     5.8486    -0.0005    89.2296 1.0000e-12  -64.77050  -63.09828 347.987344      62.54 1.2340e+03    938.561      22526  1029.0812  1029.0791    34.5030    34.5012    8.10340         37 0.0000e+00
    285.000    282.016    -0.3100  28.530136    -0.2970  28.539692     5.7966     5.8497    -0.0034    89.3254 1.0000e-12  -64.77050  -63.09828 347.987363      63.62 1.2385e+03    940.191      22566  1029.0771  1029.0744    34.5033    34.5013    8.10354         39 0.0000e+00
    284.000    281.028    -0.3348  28.511071    -0.2945  28.540606     5.7815     5.8474    -0.0015    89.3477 1.0000e-12  -64.77050  -63.09828 347.987382      64.68 1.2431e+03    941.832      22605  1029.0771  1029.0689    34.5064    34.5003    8.10864         40 0.0000e+00
    283.000    280.038    -0.3009  28.534481    -0.2956  28.538296     5.7669     5.8531    -0.0072    89.4297 1.0000e-12  -64.77050  -63.09828 347.987402      65.83 1.2474e+03    943.510      22645  1029.0644  1029.0635    34.5000    34.4991    8.10180         35 0.0000e+00
    282.000    279.049    -0.2954  28.540070    -0.2952  28.539054     5.7583     5.8496    -0.0048    89.4747 1.0000e-12  -64.77050  -63.09828 347.987423      66.72 1.2518e+03    945.318      22689  1029.0608  1029.0599    34.5018    34.5003    8.10052         35 0.0000e+00
    281.000    278.060    -0.2912  28.543222    -0.2895  28.542750     5.7698     5.8493    -0.0042    89.3208 1.0000e-12  -64.77050  -63.09828 347.987445      67.72 1.2564e+03    947.273      22736  1029.0561  1029.0542    34.5019    34.4993    8.09962         35 0.0000e+00
    280.000    277.072    -0.2880  28.544964    -0.2882  28.543637     5.7660     5.8417    -0.0024    89.1953 1.0000e-12  -64.77050  -63.09828 347.987470      68.71 1.2610e+03    949.379      22786  1029.0508  1029.0497    34.5012    34.4996    8.09898         44 0.0000e+00
    279.000    276.084    -0.2858  28.546174    -0.2862  28.544756     5.7603     5.8432    -0.0071    89.4808 1.0000e-12  -64.77050  -63.09828 347.987494      69.97 1.2641e+03    951.520      22837  1029.0458  1029.0448    34.5009    34.4995    8.09853         40 0.0000e+00
    278.000    275.094    -0.2859  28.545712    -0.2868  28.543827     5.7624     5.8473    -0.0005    89.5084 1.0000e-12  -64.77050  -63.09828 347.987519      70.81 1.2668e+03    953.644      22888  1029.0413  1029.0402    34.5010    34.4995    8.09855         42 0.0000e+00
    277.000    274.105    -0.2865  28.544758    -0.2883  28.542125     5.7671     5.8436     0.0059    89.5078 1.0000e-12  -64.77050  -63.09828 347.987545      71.79 1.2662e+03    955.877      22942  1029.0367  1029.0357    34.5010    34.4996    8.09867         47 0.0000e+00
    276.000    273.117    -0.2891  28.542125    -0.2891  28.541125     5.7655     5.8510     0.0042    89.4549 1.0000e-12  -64.77049  -63.09828 347.987571      72.79 1.2657e+03    958.135      22996  1029.0322  1029.0312    34.5011    34.4998    8.09922         38 0.0000e+00
    275.000    272.127    -0.2908  28.540316    -0.2901  28.539699     5.7688     5.8467    -0.0030    89.4780 1.0000e-12  -64.77049  -63.09828 347.987597      74.16 1.2657e+03    960.365      23050  1029.0277  1029.0264    34.5012    34.4996    8.09957         43 0.0000e+00
    274.000    271.139    -0.2902  28.540357    -0.2893  28.539958     5.7687     5.8454    -0.0018    89.4590 1.0000e-12  -64.77049  -63.09828 347.987623      75.14 1.2665e+03    962.586      23103  1029.0229  1029.0217    34.5011    34.4996    8.09945         40 0.0000e+00
    273.000    270.150    -0.2890  28.540752    -0.2890  28.539633     5.7663     5.8439     0.0074    89.4891 1.0000e-12  -64.77048  -63.09828 347.987648      75.89 1.2696e+03    964.800      23156  1029.0180  1029.0167    34.5009    34.4994    8.09921         34 0.0000e+00
    272.000    269.160    -0.2884  28.540860    -0.2849  28.542049     5.7704     5.8473     0.0074    89.4678 1.0000e-12  -64.77048  -63.09828 347.987673      77.08 1.2718e+03    966.969      23208  1029.0132  1029.0111    34.5010    34.4987    8.09908         45 0.0000e+00
    271.000    268.173    -0.2848  28.543294    -0.2819  28.543834     5.7612     5.8386    -0.0055    89.4868 1.0000e-12  -64.77048  -63.09828 347.987699      77.95 1.2728e+03    969.211      23262  1029.0081  1029.0058    34.5008    34.4983    8.09833         43 0.0000e+00
    270.000    267.183    -0.2808  28.545271    -0.2795  28.545412     5.7527     5.8405     0.0040    89.5106 1.0000e-12  -64.77048  -63.09828 347.987727      79.11 1.2728e+03    971.635      23320  1029.0020  1029.0009    34.4996    34.4983    8.09755         32 0.0000e+00
