NBP2113_155081_ctd/data/nbp2113_056.cnv
* Sea-Bird SBE 9 Data File:
* FileName = D:\Data\raw\NBP2113_056.hex
* Software Version Seasave V 7.26.7.121
* Temperature SN = 2438
* Conductivity SN = 2067
* Number of Bytes Per Scan = 40
* Number of Voltage Words = 5
* Number of Scans Averaged by the Deck Unit = 1
* NMEA Latitude = 64 53.69 S
* NMEA Longitude = 064 47.29 W
* NMEA UTC (Time) = Dec 11 2021  22:36:48
* NMEA baud rate = 9600
** Ship: RVIB N.B. Palmer
** Cruise: NBP2113 LTER
** Station: 591.057
** Operator: S. Blackman
# nquan = 25
# nvalues = 1315                        
# units = specified
# name 0 = prDM: Pressure, Digiquartz [db]
# name 1 = depSM: Depth [salt water, m]
# name 2 = t090C: Temperature [ITS-90, deg C]
# name 3 = c0mS/cm: Conductivity [mS/cm]
# name 4 = t190C: Temperature, 2 [ITS-90, deg C]
# name 5 = c1mS/cm: Conductivity, 2 [mS/cm]
# name 6 = sbeox0ML/L: Oxygen, SBE 43 [ml/l]
# name 7 = sbeox1ML/L: Oxygen, SBE 43, 2 [ml/l]
# name 8 = flECO-AFL: Fluorescence, WET Labs ECO-AFL/FL [mg/m^3]
# name 9 = CStarTr0: Beam Transmission, WET Labs C-Star [%]
# name 10 = par: PAR/Irradiance, Biospherical/Licor
# name 11 = latitude: Latitude [deg]
# name 12 = longitude: Longitude [deg]
# name 13 = timeJ: Julian Days
# name 14 = altM: Altimeter [m]
# name 15 = spar: SPAR, Biospherical/Licor
# name 16 = timeS: Time, Elapsed [seconds]
# name 17 = scan: Scan Count
# name 18 = density00: Density [density, kg/m^3]
# name 19 = density11: Density, 2 [density, kg/m^3]
# name 20 = sal00: Salinity, Practical [PSU]
# name 21 = sal11: Salinity, Practical, 2 [PSU]
# name 22 = oxsolML/L: Oxygen Saturation, Garcia & Gordon [ml/l]
# name 23 = nbin: number of scans per bin
# name 24 = flag: flag
# span 0 =      1.000,    660.000       
# span 1 =      0.991,    652.487       
# span 2 =    -0.6101,     1.4679       
# span 3 =  27.472251,  30.361230       
# span 4 =    -0.6100,     1.4677       
# span 5 =  27.471279,  30.360388       
# span 6 =     4.0492,     8.1885       
# span 7 =     4.1114,     8.1803       
# span 8 =    -0.0223,     1.9427       
# span 9 =    82.4612,    91.4528       
# span 10 = -1.912e-06, 1.3970e+02      
# span 11 =  -64.89496,  -64.89482      
# span 12 =  -64.78956,  -64.78857      
# span 13 = 345.945522, 345.968983      
# span 14 =       0.88,     101.20      
# span 15 = 1.0404e+02, 1.6211e+02      
# span 16 =    285.066,   2312.097      
# span 17 =       6843,      55491      
# span 18 =  1027.0165,  1030.8555      
# span 19 =  1027.0123,  1030.8543      
# span 20 =    33.5884,    34.6847      
# span 21 =    33.5863,    34.6833      
# span 22 =    7.73033,    8.22066      
# span 23 =          8,         48      
# span 24 = 0.0000e+00, 0.0000e+00      
# interval = decibars: 1                
# start_time = Dec 11 2021 22:36:48 [NMEA time, header]
# bad_flag = -9.990e-29
*END*
[from data line 464]
    469.000    463.880     1.4296  30.235008     1.4290  30.233482     4.1254     4.1712     0.0014    91.3242 1.0000e-12  -64.89490  -64.78898 345.953711      99.97 1.4103e+02    992.675      23825  1029.9588  1029.9579    34.6740    34.6727    7.73841         16 0.0000e+00
    470.000    464.868     1.4298  30.235655     1.4291  30.234184     4.1260     4.1728    -0.0117    91.3439 1.0000e-12  -64.89490  -64.78898 345.953720      99.97 1.4103e+02    993.381      23842  1029.9635  1029.9627    34.6740    34.6729    7.73838         17 0.0000e+00
    471.000    465.858     1.4298  30.236108     1.4292  30.234698     4.1302     4.1732    -0.0114    91.3402 1.0000e-12  -64.89490  -64.78898 345.953729      99.97 1.4103e+02    994.178      23861  1029.9682  1029.9674    34.6740    34.6729    7.73838         22 0.0000e+00
    472.000    466.843     1.4297  30.236442     1.4291  30.234921     4.1314     4.1753    -0.0010    91.3399 1.0000e-12  -64.89490  -64.78898 345.953742      99.97 1.4103e+02    995.331      23889  1029.9728  1029.9719    34.6739    34.6727    7.73839         34 0.0000e+00
    473.000    467.831     1.4301  30.237424     1.4298  30.235933     4.1237     4.1732    -0.0084    91.3361 1.0000e-12  -64.89490  -64.78900 345.953765      99.97 1.4103e+02    997.321      23937  1029.9776  1029.9764    34.6741    34.6726    7.73830         37 0.0000e+00
    474.000    468.820     1.4303  30.238019     1.4299  30.236624     4.1266     4.1729    -0.0149    91.3705 1.0000e-12  -64.89490  -64.78901 345.953794      99.97 1.4162e+02    999.774      23996  1029.9822  1029.9813    34.6741    34.6728    7.73826         39 0.0000e+00
    475.000    469.807     1.4306  30.238787     1.4299  30.237355     4.1238     4.1659    -0.0145    91.3684 1.0000e-12  -64.89490  -64.78900 345.953810      99.97 1.4179e+02   1001.188      24030  1029.9871  1029.9862    34.6743    34.6732    7.73821         28 0.0000e+00
    476.000    470.795     1.4308  30.239387     1.4301  30.237934     4.1237     4.1703    -0.0076    91.3590 1.0000e-12  -64.89490  -64.78900 345.953821      99.97 1.4129e+02   1002.159      24053  1029.9916  1029.9909    34.6742    34.6731    7.73817         20 0.0000e+00
    477.000    471.784     1.4311  30.240340     1.4307  30.238987     4.1286     4.1701    -0.0051    91.3497 1.0000e-12  -64.89490  -64.78900 345.953830      99.97 1.4103e+02   1002.919      24071  1029.9966  1029.9956    34.6745    34.6733    7.73809         17 0.0000e+00
    478.000    472.772     1.4315  30.241410     1.4312  30.240121     4.1232     4.1690    -0.0067    91.3437 1.0000e-12  -64.89490  -64.78900 345.953838      99.97 1.4103e+02   1003.583      24087  1030.0014  1030.0005    34.6748    34.6736    7.73799         15 0.0000e+00
    479.000    473.759     1.4319  30.242172     1.4313  30.240595     4.1185     4.1669    -0.0054    91.3437 1.0000e-12  -64.89490  -64.78900 345.953845      99.97 1.4103e+02   1004.230      24103  1030.0061  1030.0051    34.6749    34.6735    7.73792         16 0.0000e+00
    480.000    474.748     1.4320  30.242876     1.4315  30.241359     4.1207     4.1639    -0.0068    91.3256 1.0000e-12  -64.89490  -64.78900 345.953853      99.97 1.4103e+02   1004.912      24119  1030.0109  1030.0099    34.6750    34.6737    7.73788         17 0.0000e+00
    481.000    475.736     1.4319  30.243334     1.4315  30.241849     4.1185     4.1677    -0.0140    91.3384 1.0000e-12  -64.89490  -64.78901 345.953864      99.97 1.4103e+02   1005.812      24140  1030.0156  1030.0146    34.6751    34.6737    7.73789         29 0.0000e+00
    482.000    476.723     1.4320  30.243689     1.4317  30.242360     4.1170     4.1719    -0.0150    91.3325 1.0000e-12  -64.89490  -64.78904 345.953885      99.97 1.4241e+02   1007.623      24184  1030.0202  1030.0191    34.6749    34.6736    7.73789         40 0.0000e+00
    483.000    477.710     1.4323  30.244476     1.4319  30.243082     4.1240     4.1682    -0.0136    91.3289 1.0000e-12  -64.89490  -64.78904 345.953908      99.97 1.4281e+02   1009.620      24232  1030.0249  1030.0239    34.6750    34.6737    7.73783         37 0.0000e+00
    484.000    478.700     1.4323  30.245058     1.4319  30.243658     4.1210     4.1679    -0.0013    91.3488 1.0000e-12  -64.89490  -64.78904 345.953924      99.97 1.4279e+02   1011.048      24266  1030.0297  1030.0287    34.6751    34.6739    7.73781         31 0.0000e+00
    485.000    479.686     1.4323  30.245465     1.4318  30.244051     4.1228     4.1672    -0.0057    91.3472 1.0000e-12  -64.89490  -64.78904 345.953939      99.97 1.4279e+02   1012.289      24296  1030.0343  1030.0334    34.6751    34.6738    7.73781         29 0.0000e+00
    486.000    480.675     1.4324  30.246040     1.4319  30.244580     4.1245     4.1649    -0.0077    91.3390 1.0000e-12  -64.89490  -64.78904 345.953952      99.97 1.4279e+02   1013.453      24324  1030.0390  1030.0380    34.6752    34.6738    7.73779         27 0.0000e+00
    487.000    481.662     1.4326  30.246530     1.4321  30.245152     4.1186     4.1638    -0.0138    91.3345 1.0000e-12  -64.89490  -64.78906 345.953964      99.97 1.4279e+02   1014.532      24350  1030.0436  1030.0427    34.6750    34.6738    7.73777         25 0.0000e+00
    488.000    482.651     1.4327  30.247077     1.4323  30.245830     4.1228     4.1683    -0.0066    91.3319 1.0000e-12  -64.89490  -64.78906 345.953976      99.97 1.4279e+02   1015.533      24374  1030.0483  1030.0475    34.6751    34.6739    7.73775         22 0.0000e+00
    489.000    483.639     1.4329  30.247793     1.4324  30.246413     4.1244     4.1664    -0.0040    91.3597 1.0000e-12  -64.89490  -64.78906 345.953986      99.97 1.4279e+02   1016.414      24395  1030.0530  1030.0522    34.6751    34.6740    7.73770         20 0.0000e+00
    490.000    484.625     1.4337  30.249059     1.4331  30.247615     4.1193     4.1631    -0.0046    91.3425 1.0000e-12  -64.89490  -64.78906 345.953995      99.97 1.4279e+02   1017.200      24414  1030.0578  1030.0569    34.6754    34.6742    7.73754         19 0.0000e+00
    491.000    485.614     1.4341  30.250205     1.4337  30.248930     4.1180     4.1676    -0.0067    91.3190 1.0000e-12  -64.89490  -64.78906 345.954005      99.97 1.4279e+02   1018.043      24434  1030.0628  1030.0619    34.6758    34.6746    7.73743         23 0.0000e+00
    492.000    486.603     1.4341  30.250607     1.4336  30.249171     4.1130     4.1620    -0.0079    91.3218 1.0000e-12  -64.89489  -64.78908 345.954033      99.97 1.4279e+02   1020.433      24491  1030.0674  1030.0664    34.6757    34.6744    7.73743         33 0.0000e+00
    493.000    487.590     1.4359  30.252786     1.4352  30.251118     4.1019     4.1562    -0.0060    91.3176 1.0000e-12  -64.89490  -64.78908 345.954062      99.97 1.4279e+02   1022.987      24553  1030.0720  1030.0711    34.6759    34.6746    7.73706         23 0.0000e+00
    494.000    488.579     1.4396  30.257766     1.4390  30.256305     4.1011     4.1578    -0.0095    91.3179 1.0000e-12  -64.89490  -64.78908 345.954071      99.97 1.4279e+02   1023.691      24570  1030.0777  1030.0768    34.6777    34.6764    7.73626         17 0.0000e+00
    495.000    489.564     1.4402  30.259104     1.4396  30.257566     4.1023     4.1545    -0.0150    91.3179 1.0000e-12  -64.89490  -64.78908 345.954078      99.97 1.4279e+02   1024.336      24585  1030.0826  1030.0817    34.6780    34.6767    7.73610         15 0.0000e+00
    496.000    490.554     1.4404  30.259721     1.4400  30.258288     4.1076     4.1538    -0.0092    91.3076 1.0000e-12  -64.89490  -64.78910 345.954085      99.97 1.4279e+02   1024.940      24600  1030.0873  1030.0862    34.6781    34.6767    7.73607         14 0.0000e+00
    497.000    491.542     1.4412  30.261001     1.4409  30.259848     4.1078     4.1534    -0.0050    91.2956 1.0000e-12  -64.89490  -64.78910 345.954092      99.97 1.4279e+02   1025.551      24614  1030.0921  1030.0912    34.6783    34.6771    7.73591         16 0.0000e+00
    498.000    492.529     1.4414  30.261934     1.4411  30.260557     4.1086     4.1580     0.0002    91.2933 1.0000e-12  -64.89490  -64.78910 345.954102      99.97 1.4279e+02   1026.428      24635  1030.0970  1030.0960    34.6786    34.6773    7.73584         28 0.0000e+00
    499.000    493.517     1.4412  30.262042     1.4410  30.260766     4.1041     4.1548    -0.0058    91.2388 1.0000e-12  -64.89490  -64.78910 345.954125      99.97 1.4279e+02   1028.367      24682  1030.1016  1030.1005    34.6784    34.6770    7.73589         41 0.0000e+00
    500.000    494.505     1.4426  30.263981     1.4421  30.262454     4.1117     4.1509    -0.0061    91.2369 1.0000e-12  -64.89490  -64.78910 345.954140      99.97 1.4279e+02   1029.704      24714  1030.1065  1030.1054    34.6788    34.6774    7.73560         27 0.0000e+00
    501.000    495.493     1.4430  30.264931     1.4426  30.263594     4.1060     4.1543     0.0013    91.2701 1.0000e-12  -64.89490  -64.78911 345.954153      99.97 1.4279e+02   1030.777      24740  1030.1113  1030.1103    34.6790    34.6777    7.73552         25 0.0000e+00
    502.000    496.481     1.4432  30.265578     1.4429  30.264153     4.1060     4.1562    -0.0179    91.2525 1.0000e-12  -64.89490  -64.78912 345.954166      99.97 1.4279e+02   1031.942      24768  1030.1160  1030.1148    34.6790    34.6775    7.73547         32 0.0000e+00
    503.000    497.468     1.4432  30.266031     1.4429  30.264638     4.1013     4.1577    -0.0093    91.2449 1.0000e-12  -64.89490  -64.78913 345.954185      99.97 1.4279e+02   1033.552      24806  1030.1206  1030.1195    34.6790    34.6775    7.73547         41 0.0000e+00
    504.000    498.454     1.4436  30.266817     1.4433  30.265524     4.1036     4.1570    -0.0145    91.2407 1.0000e-12  -64.89490  -64.78914 345.954202      99.97 1.4279e+02   1035.064      24843  1030.1252  1030.1243    34.6790    34.6777    7.73539         27 0.0000e+00
    505.000    499.445     1.4434  30.267083     1.4432  30.265984     4.1137     4.1564    -0.0147    91.2288 1.0000e-12  -64.89490  -64.78914 345.954214      99.97 1.4279e+02   1036.124      24868  1030.1299  1030.1290    34.6790    34.6778    7.73543         22 0.0000e+00
    506.000    500.431     1.4438  30.267771     1.4432  30.266353     4.1115     4.1548    -0.0103    91.2835 1.0000e-12  -64.89490  -64.78914 345.954224      99.97 1.4279e+02   1036.971      24888  1030.1346  1030.1336    34.6789    34.6777    7.73536         19 0.0000e+00
    507.000    501.419     1.4436  30.267984     1.4431  30.266698     4.1086     4.1538    -0.0082    91.2668 1.0000e-12  -64.89490  -64.78914 345.954233      99.97 1.4279e+02   1037.711      24906  1030.1392  1030.1383    34.6788    34.6777    7.73540         18 0.0000e+00
    508.000    502.408     1.4436  30.268648     1.4432  30.267295     4.1161     4.1565    -0.0144    91.2454 1.0000e-12  -64.89490  -64.78914 345.954242      99.97 1.4279e+02   1038.490      24925  1030.1440  1030.1431    34.6790    34.6778    7.73538         20 0.0000e+00
    509.000    503.393     1.4438  30.269167     1.4436  30.267958     4.1057     4.1574    -0.0062    91.2470 1.0000e-12  -64.89489  -64.78915 345.954261      99.97 1.4279e+02   1040.175      24965  1030.1487  1030.1476    34.6790    34.6776    7.73536         29 0.0000e+00
    510.000    504.382     1.4456  30.271496     1.4454  30.270351     4.0936     4.1520     0.0013    91.2455 1.0000e-12  -64.89490  -64.78916 345.954293      99.97 1.4279e+02   1042.916      25031  1030.1534  1030.1525    34.6794    34.6781    7.73499         32 0.0000e+00
    511.000    505.370     1.4462  30.272826     1.4458  30.271474     4.0999     4.1491    -0.0057    91.2543 1.0000e-12  -64.89490  -64.78916 345.954305      99.97 1.4279e+02   1043.938      25056  1030.1583  1030.1574    34.6798    34.6785    7.73483         21 0.0000e+00
    512.000    506.359     1.4467  30.273769     1.4463  30.272339     4.1019     4.1477    -0.0168    91.2665 1.0000e-12  -64.89490  -64.78916 345.954314      99.97 1.4279e+02   1044.739      25075  1030.1631  1030.1620    34.6799    34.6785    7.73473         18 0.0000e+00
    513.000    507.347     1.4471  30.274636     1.4468  30.273321     4.0981     4.1501    -0.0191    91.2664 1.0000e-12  -64.89490  -64.78916 345.954322      99.97 1.4279e+02   1045.421      25091  1030.1678  1030.1667    34.6800    34.6786    7.73465         16 0.0000e+00
    514.000    508.333     1.4474  30.275223     1.4469  30.273848     4.1009     4.1510    -0.0051    91.2201 1.0000e-12  -64.89490  -64.78916 345.954330      99.97 1.4279e+02   1046.099      25107  1030.1724  1030.1715    34.6799    34.6787    7.73461         16 0.0000e+00
    515.000    509.321     1.4470  30.275436     1.4466  30.274042     4.1014     4.1524    -0.0063    91.2526 1.0000e-12  -64.89489  -64.78916 345.954339      99.97 1.4279e+02   1046.874      25126  1030.1772  1030.1761    34.6800    34.6786    7.73468         22 0.0000e+00
    516.000    510.309     1.4469  30.275757     1.4466  30.274402     4.1038     4.1529    -0.0106    91.2483 1.0000e-12  -64.89488  -64.78916 345.954352      99.97 1.4279e+02   1048.043      25154  1030.1818  1030.1807    34.6799    34.6785    7.73469         34 0.0000e+00
    517.000    511.298     1.4469  30.276158     1.4465  30.274719     4.1032     4.1490    -0.0081    91.2558 1.0000e-12  -64.89488  -64.78918 345.954369      99.97 1.4279e+02   1049.515      25189  1030.1864  1030.1854    34.6798    34.6785    7.73469         31 0.0000e+00
    518.000    512.283     1.4468  30.276362     1.4464  30.274942     4.0975     4.1475    -0.0142    91.2616 1.0000e-12  -64.89488  -64.78918 345.954386      99.97 1.4279e+02   1050.955      25224  1030.1910  1030.1900    34.6796    34.6783    7.73472         33 0.0000e+00
    519.000    513.273     1.4468  30.276821     1.4464  30.275443     4.0961     4.1507    -0.0098    91.2677 1.0000e-12  -64.89488  -64.78920 345.954403      99.97 1.4279e+02   1052.419      25259  1030.1957  1030.1947    34.6797    34.6783    7.73472         32 0.0000e+00
    520.000    514.258     1.4469  30.277333     1.4465  30.275915     4.0995     4.1480    -0.0092    91.2459 1.0000e-12  -64.89488  -64.78920 345.954423      99.97 1.4279e+02   1054.154      25301  1030.2004  1030.1993    34.6797    34.6783    7.73472         34 0.0000e+00
    521.000    515.248     1.4471  30.278014     1.4466  30.276527     4.1001     4.1416    -0.0005    91.2706 1.0000e-12  -64.89488  -64.78920 345.954440      99.97 1.4279e+02   1055.572      25335  1030.2050  1030.2040    34.6797    34.6784    7.73466         27 0.0000e+00
    522.000    516.236     1.4471  30.278599     1.4467  30.277112     4.0998     4.1465    -0.0054    91.2815 1.0000e-12  -64.89488  -64.78920 345.954451      99.97 1.4279e+02   1056.531      25358  1030.2098  1030.2087    34.6799    34.6784    7.73465         21 0.0000e+00
    523.000    517.223     1.4472  30.279103     1.4467  30.277623     4.0967     4.1483    -0.0059    91.2400 1.0000e-12  -64.89488  -64.78920 345.954459      99.97 1.4279e+02   1057.285      25376  1030.2145  1030.2134    34.6799    34.6785    7.73464         16 0.0000e+00
    524.000    518.213     1.4472  30.279335     1.4469  30.278021     4.0935     4.1491    -0.0063    91.2667 1.0000e-12  -64.89488  -64.78920 345.954467      99.97 1.4279e+02   1057.946      25392  1030.2190  1030.2180    34.6796    34.6783    7.73466         16 0.0000e+00
    525.000    519.197     1.4475  30.280140     1.4470  30.278731     4.0943     4.1496    -0.0052    91.2649 1.0000e-12  -64.89488  -64.78920 345.954475      99.97 1.4279e+02   1058.607      25408  1030.2237  1030.2228    34.6797    34.6785    7.73459         17 0.0000e+00
