NBP2113_155081_ctd/data/nbp2113_052.ros
* Sea-Bird SBE 9 Data File:
* FileName = D:\Data\raw\NBP2113_052.hex
* Software Version Seasave V 7.26.7.121
* Temperature SN = 2438
* Conductivity SN = 2067
* Number of Bytes Per Scan = 40
* Number of Voltage Words = 5
* Number of Scans Averaged by the Deck Unit = 1
* NMEA Latitude = 64 54.69 S
* NMEA Longitude = 064 40.23 W
* NMEA UTC (Time) = Dec 11 2021  16:24:27
* NMEA baud rate = 9600
** Ship: RVIB N.B. Palmer
** Cruise: NBP2113 LTER
** Station: 593.051
** Operator: S. Blackman
# nquan = 20
# nvalues = 1155                                  
# units = specified
# name 0 = prDM: Pressure, Digiquartz [db]
# name 1 = depSM: Depth [salt water, m]
# name 2 = t090C: Temperature [ITS-90, deg C]
# name 3 = c0mS/cm: Conductivity [mS/cm]
# name 4 = t190C: Temperature, 2 [ITS-90, deg C]
# name 5 = c1mS/cm: Conductivity, 2 [mS/cm]
# name 6 = sbeox0ML/L: Oxygen, SBE 43 [ml/l]
# name 7 = sbeox1ML/L: Oxygen, SBE 43, 2 [ml/l]
# name 8 = flECO-AFL: Fluorescence, WET Labs ECO-AFL/FL [mg/m^3]
# name 9 = CStarTr0: Beam Transmission, WET Labs C-Star [%]
# name 10 = par: PAR/Irradiance, Biospherical/Licor
# name 11 = latitude: Latitude [deg]
# name 12 = longitude: Longitude [deg]
# name 13 = timeJ: Julian Days
# name 14 = altM: Altimeter [m]
# name 15 = spar: SPAR, Biospherical/Licor
# name 16 = timeS: Time, Elapsed [seconds]
# name 17 = scan: Scan Count
# name 18 = nbf: Bottles Fired
# name 19 = flag:  0.000e+00
# interval = seconds: 0.0416667
# start_time = Dec 11 2021 16:24:27 [NMEA time, header]
# bad_flag = -9.990e-29
*END*
[from data line 580]
      9.211      9.120    -0.5221  27.638072    -0.5462  27.610755     8.0351     8.1191     1.5307    83.6445 1.0684e+02  -64.91188  -64.67144 345.720331      99.98 6.2582e+02   3169.625      76072         12  0.000e+00
      9.245      9.154    -0.5244  27.634860    -0.5524  27.603868     8.0348     8.1198     1.5161    83.5415 1.0684e+02  -64.91188  -64.67144 345.720332      99.95 6.2582e+02   3169.667      76073         13  0.000e+00
      9.259      9.168    -0.5241  27.631763    -0.5569  27.595917     8.0309     8.1203     1.5161    83.5158 1.0653e+02  -64.91188  -64.67144 345.720332      99.95 6.2582e+02   3169.708      76074         13  0.000e+00
      9.211      9.120    -0.5220  27.629641    -0.5610  27.589199     8.0415     8.1205     1.5161    83.5158 1.0623e+02  -64.91188  -64.67144 345.720333      99.98 6.2582e+02   3169.750      76075         13  0.000e+00
      9.197      9.107    -0.5207  27.630157    -0.5660  27.584777     8.0373     8.1207     1.5161    83.5158 1.0623e+02  -64.91188  -64.67144 345.720333      99.98 6.2582e+02   3169.792      76076         13  0.000e+00
      9.211      9.120    -0.5229  27.631247    -0.5698  27.580075     8.0369     8.1208     1.5161    83.5158 1.0593e+02  -64.91188  -64.67144 345.720334      99.95 6.2582e+02   3169.833      76077         13  0.000e+00
      9.211      9.120    -0.5244  27.631706    -0.5726  27.575373     8.0435     8.1206     1.5234    83.5158 1.0563e+02  -64.91188  -64.67144 345.720334      99.93 6.2582e+02   3169.875      76078         13  0.000e+00
      9.197      9.107    -0.5241  27.629354    -0.5729  27.570728     8.0384     8.1200     1.5161    83.5158 1.0534e+02  -64.91188  -64.67144 345.720335      99.95 6.2582e+02   3169.917      76079         13  0.000e+00
      9.211      9.120    -0.5229  27.628608    -0.5733  27.569385     8.0374     8.1136     1.5161    83.5158 1.0534e+02  -64.91188  -64.67144 345.720335      99.98 6.2582e+02   3169.958      76080         13  0.000e+00
      9.156      9.066    -0.5241  27.629870    -0.5723  27.569944     8.0323     8.1115     1.5234    83.5158 1.0504e+02  -64.91188  -64.67144 345.720336      99.98 6.2582e+02   3170.000      76081         13  0.000e+00
      9.149      9.060    -0.5262  27.629354    -0.5715  27.571231     8.0379     8.1094     1.5234    83.5158 1.0504e+02  -64.91188  -64.67144 345.720336      99.98 6.2759e+02   3170.042      76082         13  0.000e+00
      9.156      9.066    -0.5313  27.627003    -0.5700  27.572518     8.0341     8.1072     1.5161    83.4900 1.0474e+02  -64.91188  -64.67144 345.720337      99.98 6.2582e+02   3170.083      76083         13  0.000e+00
      9.149      9.060    -0.5366  27.622014    -0.5666  27.573582     8.0336     8.1047     1.5161    83.5158 1.0474e+02  -64.91188  -64.67144 345.720337      99.98 6.2759e+02   3170.125      76084         13  0.000e+00
      9.156      9.066    -0.5360  27.617255    -0.5629  27.577723     8.0334     8.1029     1.5161    83.5158 1.0444e+02  -64.91188  -64.67144 345.720338      99.95 6.2759e+02   3170.167      76085         13  0.000e+00
      9.156      9.066    -0.5310  27.615190    -0.5614  27.582929     8.0324     8.1005     1.5234    83.5158 1.0415e+02  -64.91188  -64.67144 345.720338      99.98 6.2582e+02   3170.208      76086         13  0.000e+00
      9.095      9.005    -0.5249  27.618343    -0.5608  27.585784     8.0294     8.0985     1.5234    83.5158 1.0415e+02  -64.91188  -64.67144 345.720339      99.98 6.2582e+02   3170.250      76087         13  0.000e+00
      9.156      9.066    -0.5208  27.625683    -0.5604  27.585280     8.0266     8.0970     1.5161    83.5158 1.0415e+02  -64.91188  -64.67144 345.720339      99.98 6.2759e+02   3170.292      76088         13  0.000e+00
      9.108      9.019    -0.5186  27.633311    -0.5606  27.585784     8.0197     8.0954     1.5161    83.5158 1.0386e+02  -64.91188  -64.67144 345.720340      99.93 6.2582e+02   3170.333      76089         13  0.000e+00
      9.095      9.005    -0.5245  27.636695    -0.5608  27.585504     8.0179     8.0939     1.5161    83.5158 1.0386e+02  -64.91188  -64.67144 345.720340      99.93 6.2582e+02   3170.375      76090         13  0.000e+00
      9.156      9.066    -0.5335  27.632509    -0.5616  27.586064     8.0174     8.0871     1.5161    83.5158 1.0356e+02  -64.91188  -64.67144 345.720340      99.98 6.2582e+02   3170.417      76091         13  0.000e+00
      9.108      9.019    -0.5416  27.624366    -0.5626  27.585504     8.0171     8.0859     1.5161    83.5158 1.0356e+02  -64.91188  -64.67144 345.720341      99.98 6.2759e+02   3170.458      76092         13  0.000e+00
      9.095      9.005    -0.5458  27.616280    -0.5623  27.584217     8.0117     8.0847     1.5161    83.5158 1.0327e+02  -64.91188  -64.67144 345.720341      99.98 6.2582e+02   3170.500      76093         13  0.000e+00
      9.054      8.965    -0.5469  27.607507    -0.5623  27.582425     8.0150     8.0836     1.5161    83.5415 1.0327e+02  -64.91188  -64.67144 345.720342      99.98 6.2759e+02   3170.542      76094         13  0.000e+00
      9.108      9.019    -0.5473  27.604240    -0.5631  27.582145     8.0134     8.0828     1.5161    83.5415 1.0327e+02  -64.91188  -64.67144 345.720342      99.98 6.2582e+02   3170.583      76095         13  0.000e+00
      9.095      9.005    -0.5506  27.603953    -0.5641  27.581642     8.0063     8.0821     1.5161    83.5415 1.0298e+02  -64.91188  -64.67144 345.720343      99.98 6.2759e+02   3170.625      76096         13  0.000e+00
      9.054      8.965    -0.5534  27.600685    -0.5620  27.579570     8.0054     8.0810     1.5161    83.5415 1.0298e+02  -64.91188  -64.67144 345.720343      99.95 6.2582e+02   3170.667      76097         13  0.000e+00
      9.108      9.019    -0.5530  27.597131    -0.5597  27.579570     8.0101     8.0799     1.5234    83.5415 1.0269e+02  -64.91188  -64.67144 345.720344      99.95 6.2582e+02   3170.708      76098         13  0.000e+00
      9.047      8.958    -0.5483  27.597245    -0.5610  27.582649     8.0079     8.0792     1.5234    83.5415 1.0240e+02  -64.91188  -64.67144 345.720344      99.98 6.2582e+02   3170.750      76099         13  0.000e+00
      9.108      9.019    -0.5416  27.600054    -0.5620  27.582649     7.9981     8.0790     1.5234    83.5415 1.0240e+02  -64.91188  -64.67144 345.720345      99.98 6.2582e+02   3170.792      76100         13  0.000e+00
      9.054      8.965    -0.5378  27.603321    -0.5618  27.581138     7.9946     8.0786     1.5234    83.5415 1.0211e+02  -64.91188  -64.67144 345.720345      99.95 6.2582e+02   3170.833      76101         13  0.000e+00
      9.095      9.005    -0.5357  27.607105    -0.5626  27.579291     7.9918     8.0786     1.5234    83.5415 1.0182e+02  -64.91188  -64.67144 345.720346      99.93 6.2582e+02   3170.875      76102         13  0.000e+00
      9.054      8.965    -0.5372  27.609915    -0.5633  27.578003     7.9897     8.0787     1.5234    83.5415 1.0182e+02  -64.91188  -64.67144 345.720346      99.98 6.2582e+02   3170.917      76103         13  0.000e+00
      9.054      8.965    -0.5400  27.609972    -0.5654  27.576436     7.9897     8.0791     1.5234    83.5415 1.0153e+02  -64.91188  -64.67144 345.720347      99.98 6.2582e+02   3170.958      76104         13  0.000e+00
      9.047      8.958    -0.5401  27.608080    -0.5680  27.575149     7.9882     8.0797     1.5234    83.5415 1.0124e+02  -64.91188  -64.67144 345.720347      99.98 6.2582e+02   3171.000      76105         13  0.000e+00
      9.108      9.019    -0.5385  27.606303    -0.5681  27.575149     7.9852     8.0744     1.5234    83.5415 1.0096e+02  -64.91188  -64.67144 345.720348      99.98 6.2582e+02   3171.042      76106         13  0.000e+00
      9.054      8.965    -0.5382  27.606188    -0.5701  27.574869     7.9823     8.0797     1.5307    83.5158 1.0067e+02  -64.91188  -64.67144 345.720348      99.98 6.2582e+02   3171.083      76107         13  0.000e+00
      9.095      9.005    -0.5388  27.607105    -0.5723  27.576157     7.9752     8.0804     1.5234    83.5415 1.0039e+02  -64.91188  -64.67144 345.720349      99.98 6.2582e+02   3171.125      76108         13  0.000e+00
      9.054      8.965    -0.5410  27.607622    -0.5701  27.576156     7.9790     8.0805     1.5234    83.5415 1.0010e+02  -64.91188  -64.67144 345.720349      99.95 6.2582e+02   3171.167      76109         13  0.000e+00
      9.108      9.019    -0.5394  27.606762    -0.5699  27.574589     7.9779     8.0812     1.5234    83.5415 9.9821e+01  -64.91188  -64.67144 345.720350      99.95 6.2582e+02   3171.208      76110         13  0.000e+00
      9.047      8.958    -0.5379  27.608137    -0.5701  27.574085     7.9767     8.0820     1.5307    83.5415 9.9539e+01  -64.91188  -64.67144 345.720350      99.98 6.2582e+02   3171.250      76111         13  0.000e+00
      9.108      9.019    -0.5413  27.609113    -0.5707  27.574589     7.9724     8.0830     1.5234    83.4900 9.9258e+01  -64.91188  -64.67144 345.720351      99.98 6.2582e+02   3171.292      76112         13  0.000e+00
      9.108      9.019    -0.5385  27.610488    -0.5704  27.575653     7.9774     8.0783     1.5234    83.3613 9.8977e+01  -64.91188  -64.67144 345.720351      99.93 6.2582e+02   3171.333      76113         13  0.000e+00
      9.047      8.958    -0.5371  27.611750    -0.5669  27.576660     7.9769     8.0777     1.5234    83.2840 9.8697e+01  -64.91188  -64.67144 345.720352      99.93 6.2582e+02   3171.375      76114         13  0.000e+00
      9.108      9.019    -0.5376  27.615993    -0.5609  27.579290     7.9768     8.0823     1.5234    83.2840 9.8140e+01  -64.91188  -64.67144 345.720352      99.95 6.2582e+02   3171.417      76115         13  0.000e+00
      9.156      9.066    -0.5275  27.617540    -0.5559  27.581641     7.9722     8.0825     1.5234    83.3098 9.7863e+01  -64.91188  -64.67144 345.720353      99.98 6.2582e+02   3171.458      76116         13  0.000e+00
      9.095      9.005    -0.5166  27.621783    -0.5533  27.582928     7.9763     8.0778     1.5234    83.3098 9.7863e+01  -64.91188  -64.67144 345.720353      99.98 6.2582e+02   3171.500      76117         13  0.000e+00
      9.108      9.019    -0.5143  27.633310    -0.5577  27.585000     7.9758     8.0847     1.5234    83.2840 9.7586e+01  -64.91188  -64.67144 345.720353      99.98 6.2582e+02   3171.542      76118         14  0.000e+00
      9.156      9.066    -0.5158  27.639677    -0.5647  27.586064     7.9709     8.0877     1.5234    83.3098 9.7310e+01  -64.91188  -64.67144 345.720354      99.98 6.2582e+02   3171.583      76119         14  0.000e+00
      9.149      9.060    -0.5153  27.639046    -0.5707  27.581642     7.9721     8.0900     1.5234    83.2840 9.7310e+01  -64.91188  -64.67144 345.720354      99.98 6.2582e+02   3171.625      76120         14  0.000e+00
      9.156      9.066    -0.5163  27.637211    -0.5727  27.575653     7.9784     8.0919     1.5234    83.3098 9.7035e+01  -64.91188  -64.67144 345.720355      99.95 6.2582e+02   3171.667      76121         14  0.000e+00
      9.149      9.060    -0.5179  27.638358    -0.5705  27.571511     7.9803     8.0873     1.5234    83.2840 9.7035e+01  -64.91188  -64.67144 345.720355      99.95 6.2582e+02   3171.708      76122         14  0.000e+00
      9.156      9.066    -0.5182  27.635892    -0.5692  27.570727     7.9752     8.0929     1.5234    83.2840 9.6761e+01  -64.91188  -64.67144 345.720356      99.98 6.2582e+02   3171.750      76123         14  0.000e+00
      9.211      9.120    -0.5166  27.635146    -0.5689  27.573806     7.9771     8.0939     1.5161    83.3098 9.6761e+01  -64.91188  -64.67142 345.720356      99.98 6.2582e+02   3171.792      76124         14  0.000e+00
      9.197      9.107    -0.5182  27.635146    -0.5680  27.576437     7.9841     8.0893     1.5088    83.2840 9.6761e+01  -64.91188  -64.67142 345.720357      99.95 6.2582e+02   3171.833      76125         14  0.000e+00
      9.211      9.120    -0.5210  27.635147    -0.5677  27.578508     7.9871     8.0896     1.5088    83.2840 9.6487e+01  -64.91188  -64.67142 345.720357      99.93 6.2582e+02   3171.875      76126         14  0.000e+00
      9.259      9.168    -0.5223  27.630444    -0.5689  27.579571     7.9860     8.0905     1.5088    83.2840 9.6487e+01  -64.91188  -64.67142 345.720358      99.98 6.2406e+02   3171.917      76127         14  0.000e+00
      9.245      9.154    -0.5196  27.627289    -0.5701  27.577220     7.9931     8.0971     1.5161    83.2840 9.6215e+01  -64.91188  -64.67142 345.720358      99.98 6.2406e+02   3171.958      76128         14  0.000e+00
      9.259      9.168    -0.5189  27.628838    -0.5703  27.574590     7.9959     8.0927     1.5088    83.2840 9.6215e+01  -64.91188  -64.67142 345.720359      99.98 6.2406e+02   3172.000      76129         14  0.000e+00
      9.259      9.168    -0.5134  27.633081    -0.5703  27.573582     7.9906     8.0983     1.5088    83.2840 9.5943e+01  -64.91188  -64.67142 345.720359      99.98 6.2406e+02   3172.042      76130         14  0.000e+00
      9.300      9.209    -0.5048  27.636465    -0.5730  27.573079     7.9909     8.0998     1.5088    83.2840 9.5943e+01  -64.91188  -64.67142 345.720360      99.98 6.2406e+02   3172.083      76131         14  0.000e+00
      9.314      9.222    -0.5039  27.642717    -0.5758  27.570728     7.9912     8.1014     1.5088    83.2840 9.5671e+01  -64.91188  -64.67142 345.720360      99.98 6.2406e+02   3172.125      76132         14  0.000e+00
      9.361      9.270    -0.5093  27.648856    -0.5760  27.567035     7.9986     8.0973     1.5088    83.4643 9.5401e+01  -64.91188  -64.67142 345.720361      99.93 6.2406e+02   3172.167      76133         14  0.000e+00
      9.348      9.256    -0.5123  27.644840    -0.5761  27.565523     8.0020     8.1031     1.5088    83.5673 9.5131e+01  -64.91188  -64.67142 345.720361      99.95 6.2406e+02   3172.208      76134         14  0.000e+00
      9.361      9.270    -0.5112  27.639678    -0.5760  27.565803     7.9990     8.1041     1.5088    83.5930 9.5131e+01  -64.91188  -64.67142 345.720362      99.98 6.2406e+02   3172.250      76135         14  0.000e+00
      9.409      9.317    -0.5166  27.640883    -0.5758  27.566307     8.0131     8.1052     1.5088    83.5673 9.4862e+01  -64.91188  -64.67142 345.720362      99.98 6.2406e+02   3172.292      76136         14  0.000e+00
      9.348      9.256    -0.5193  27.639850    -0.5761  27.568098     8.0120     8.1062     1.5088    83.5673 9.4594e+01  -64.91188  -64.67142 345.720363      99.95 6.2406e+02   3172.333      76137         14  0.000e+00
      9.464      9.371    -0.5183  27.633082    -0.5760  27.568602     8.0082     8.1075     1.5088    83.5673 9.4327e+01  -64.91188  -64.67142 345.720363      99.93 6.2406e+02   3172.375      76138         14  0.000e+00
      9.409      9.317    -0.5195  27.632509    -0.5756  27.568658     8.0087     8.1086     1.5088    83.5673 9.4060e+01  -64.91188  -64.67142 345.720364      99.95 6.2406e+02   3172.417      76139         14  0.000e+00
      9.498      9.405    -0.5229  27.633828    -0.5724  27.567874     8.0156     8.1085     1.5088    83.5930 9.3794e+01  -64.91188  -64.67142 345.720364      99.98 6.2406e+02   3172.458      76140         14  0.000e+00
      9.464      9.371    -0.5304  27.629126    -0.5703  27.569441     8.0192     8.1028     1.5088    83.5673 9.3529e+01  -64.91188  -64.67142 345.720365      99.98 6.2406e+02   3172.500      76141         14  0.000e+00
      9.512      9.419    -0.5363  27.623334    -0.5709  27.574870     8.0213     8.1075     1.5088    83.5930 9.3529e+01  -64.91188  -64.67142 345.720365      99.98 6.2406e+02   3172.542      76142         14  0.000e+00
