NBP2113_155081_ctd/data/nbp2113_058.cnv
* Sea-Bird SBE 9 Data File:
* FileName = D:\Data\raw\NBP2113_058.hex
* Software Version Seasave V 7.26.7.121
* Temperature SN = 2438
* Conductivity SN = 2067
* Number of Bytes Per Scan = 40
* Number of Voltage Words = 5
* Number of Scans Averaged by the Deck Unit = 1
* NMEA Latitude = 64 56.50 S
* NMEA Longitude = 064 28.63 W
* NMEA UTC (Time) = Dec 12 2021  02:31:22
* NMEA baud rate = 9600
** Ship: RVIB N.B. Palmer
** Cruise: NBP2113 LTER
** Station: 597.042
** Operator: S. Blackman
# nquan = 25
# nvalues = 2292                        
# units = specified
# name 0 = prDM: Pressure, Digiquartz [db]
# name 1 = depSM: Depth [salt water, m]
# name 2 = t090C: Temperature [ITS-90, deg C]
# name 3 = c0mS/cm: Conductivity [mS/cm]
# name 4 = t190C: Temperature, 2 [ITS-90, deg C]
# name 5 = c1mS/cm: Conductivity, 2 [mS/cm]
# name 6 = sbeox0ML/L: Oxygen, SBE 43 [ml/l]
# name 7 = sbeox1ML/L: Oxygen, SBE 43, 2 [ml/l]
# name 8 = flECO-AFL: Fluorescence, WET Labs ECO-AFL/FL [mg/m^3]
# name 9 = CStarTr0: Beam Transmission, WET Labs C-Star [%]
# name 10 = par: PAR/Irradiance, Biospherical/Licor
# name 11 = latitude: Latitude [deg]
# name 12 = longitude: Longitude [deg]
# name 13 = timeJ: Julian Days
# name 14 = altM: Altimeter [m]
# name 15 = spar: SPAR, Biospherical/Licor
# name 16 = timeS: Time, Elapsed [seconds]
# name 17 = scan: Scan Count
# name 18 = density00: Density [density, kg/m^3]
# name 19 = density11: Density, 2 [density, kg/m^3]
# name 20 = sal00: Salinity, Practical [PSU]
# name 21 = sal11: Salinity, Practical, 2 [PSU]
# name 22 = oxsolML/L: Oxygen Saturation, Garcia & Gordon [ml/l]
# name 23 = nbin: number of scans per bin
# name 24 = flag: flag
# span 0 =      1.000,   1148.000       
# span 1 =      0.991,   1133.622       
# span 2 =    -0.6686,     1.4843       
# span 3 =  27.430063,  30.582023       
# span 4 =    -0.6680,     1.4841       
# span 5 =  27.427957,  30.580881       
# span 6 =     4.0402,     9.6974       
# span 7 =     4.1004,     9.9460       
# span 8 =    -0.0227,     2.4104       
# span 9 =    80.2960,    91.2146       
# span 10 = 1.0000e-12, 2.2112e+00      
# span 11 =  -64.94192,  -64.94172      
# span 12 =  -64.47760,  -64.47527      
# span 13 = 346.108846, 346.147547      
# span 14 =       8.10,     104.56      
# span 15 = 0.0000e+00, 1.7629e+00      
# span 16 =    322.326,   3666.074      
# span 17 =       7737,      87987      
# span 18 =  1026.9999,  1033.1090      
# span 19 =  1026.9982,  1033.1080      
# span 20 =    33.5826,    34.6773      
# span 21 =    33.5809,    34.6759      
# span 22 =    7.72750,    8.23053      
# span 23 =          1,         67      
# span 24 = 0.0000e+00, 0.0000e+00      
# interval = decibars: 1                
# start_time = Dec 12 2021 02:31:22 [NMEA time, header]
# bad_flag = -9.990e-29
*END*
[from data line 928]
    932.000    920.800     1.4644  30.470495     1.4640  30.469262     4.0765     4.1279    -0.0073    91.0876 1.0000e-12  -64.94174  -64.47718 346.124788      99.97 0.0000e+00   1699.657      40793  1032.1116  1032.1107    34.6752    34.6741    7.73152         20 0.0000e+00
    933.000    921.786     1.4645  30.471207     1.4641  30.469932     4.0792     4.1272    -0.0053    91.0962 1.0000e-12  -64.94174  -64.47718 346.124797      99.97 0.0000e+00   1700.442      40812  1032.1164  1032.1154    34.6755    34.6742    7.73148         18 0.0000e+00
    934.000    922.772     1.4645  30.471614     1.4642  30.470403     4.0820     4.1268    -0.0046    91.0889 1.0000e-12  -64.94174  -64.47718 346.124806      99.97 0.0000e+00   1701.204      40830  1032.1210  1032.1201    34.6754    34.6742    7.73148         19 0.0000e+00
    935.000    923.758     1.4645  30.472007     1.4641  30.470714     4.0768     4.1253    -0.0110    91.0864 1.0000e-12  -64.94176  -64.47718 346.124816      99.97 0.0000e+00   1702.092      40851  1032.1256  1032.1246    34.6754    34.6741    7.73149         26 0.0000e+00
    936.000    924.743     1.4643  30.472291     1.4641  30.471080     4.0831     4.1242    -0.0097    91.1016 1.0000e-12  -64.94176  -64.47718 346.124836      99.97 0.0000e+00   1703.824      40893  1032.1302  1032.1292    34.6754    34.6740    7.73152         42 0.0000e+00
    937.000    925.729     1.4646  30.472884     1.4642  30.471589     4.0788     4.1244    -0.0111    91.1070 1.0000e-12  -64.94174  -64.47718 346.124858      99.97 0.0000e+00   1705.692      40938  1032.1348  1032.1338    34.6753    34.6740    7.73147         32 0.0000e+00
    938.000    926.714     1.4645  30.473335     1.4642  30.472045     4.0743     4.1272    -0.0043    91.1047 1.0000e-12  -64.94174  -64.47718 346.124873      99.97 0.0000e+00   1707.051      40970  1032.1395  1032.1385    34.6754    34.6740    7.73148         32 0.0000e+00
    939.000    927.702     1.4647  30.473804     1.4644  30.472562     4.0809     4.1266    -0.0053    91.1004 1.0000e-12  -64.94174  -64.47716 346.124888      99.97 0.0000e+00   1708.307      41000  1032.1440  1032.1430    34.6752    34.6740    7.73146         27 0.0000e+00
    940.000    928.685     1.4648  30.474476     1.4645  30.473167     4.0752     4.1217    -0.0040    91.1256 1.0000e-12  -64.94174  -64.47716 346.124900      99.97 0.0000e+00   1709.390      41026  1032.1487  1032.1478    34.6754    34.6741    7.73142         24 0.0000e+00
    941.000    929.672     1.4649  30.474969     1.4646  30.473770     4.0805     4.1187    -0.0060    91.1025 1.0000e-12  -64.94176  -64.47714 346.124911      99.97 0.0000e+00   1710.317      41049  1032.1533  1032.1525    34.6753    34.6742    7.73140         22 0.0000e+00
    942.000    930.659     1.4650  30.475411     1.4647  30.474121     4.0778     4.1195    -0.0141    91.1105 1.0000e-12  -64.94176  -64.47714 346.124921      99.97 0.0000e+00   1711.157      41069  1032.1578  1032.1569    34.6752    34.6740    7.73139         19 0.0000e+00
    943.000    931.643     1.4651  30.476030     1.4648  30.474750     4.0752     4.1214    -0.0044    91.0862 1.0000e-12  -64.94176  -64.47713 346.124930      99.97 0.0000e+00   1711.978      41088  1032.1626  1032.1616    34.6754    34.6741    7.73136         20 0.0000e+00
    944.000    932.629     1.4651  30.476436     1.4648  30.475190     4.0799     4.1282    -0.0092    91.0851 1.0000e-12  -64.94176  -64.47713 346.124940      99.97 0.0000e+00   1712.853      41109  1032.1672  1032.1662    34.6754    34.6741    7.73137         23 0.0000e+00
    945.000    933.615     1.4650  30.476867     1.4649  30.475618     4.0824     4.1257    -0.0019    91.0633 1.0000e-12  -64.94176  -64.47713 346.124954      99.97 0.0000e+00   1714.025      41138  1032.1719  1032.1708    34.6755    34.6741    7.73138         36 0.0000e+00
    946.000    934.601     1.4651  30.477309     1.4649  30.476057     4.0773     4.1249     0.0039    91.1007 1.0000e-12  -64.94176  -64.47712 346.124977      99.97 0.0000e+00   1715.988      41185  1032.1765  1032.1755    34.6754    34.6740    7.73137         40 0.0000e+00
    947.000    935.588     1.4652  30.477934     1.4650  30.476607     4.0768     4.1259    -0.0085    91.1037 1.0000e-12  -64.94176  -64.47713 346.125000      99.97 0.0000e+00   1717.966      41232  1032.1812  1032.1800    34.6755    34.6740    7.73134         37 0.0000e+00
    948.000    936.572     1.4654  30.478550     1.4652  30.477210     4.0761     4.1216    -0.0101    91.1203 1.0000e-12  -64.94176  -64.47712 346.125018      99.96 0.0000e+00   1719.528      41270  1032.1858  1032.1847    34.6755    34.6741    7.73130         34 0.0000e+00
    949.000    937.558     1.4656  30.479081     1.4653  30.477828     4.0768     4.1152    -0.0133    91.1337 1.0000e-12  -64.94176  -64.47712 346.125032      99.97 0.0000e+00   1720.768      41299  1032.1904  1032.1894    34.6754    34.6741    7.73127         25 0.0000e+00
    950.000    938.544     1.4658  30.479664     1.4654  30.478417     4.0801     4.1214    -0.0120    91.1163 1.0000e-12  -64.94176  -64.47711 346.125043      99.97 0.0000e+00   1721.746      41323  1032.1949  1032.1940    34.6754    34.6742    7.73123         22 0.0000e+00
    951.000    939.528     1.4659  30.480220     1.4656  30.479005     4.0775     4.1241    -0.0100    91.1173 1.0000e-12  -64.94176  -64.47709 346.125053      99.97 0.0000e+00   1722.573      41343  1032.1996  1032.1987    34.6754    34.6743    7.73121         19 0.0000e+00
    952.000    940.516     1.4661  30.480708     1.4656  30.479457     4.0772     4.1236    -0.0055    91.1119 1.0000e-12  -64.94176  -64.47708 346.125062      99.97 0.0000e+00   1723.337      41361  1032.2041  1032.2033    34.6753    34.6743    7.73118         17 0.0000e+00
    953.000    941.501     1.4661  30.481258     1.4657  30.480110     4.0779     4.1244    -0.0062    91.1051 1.0000e-12  -64.94176  -64.47708 346.125070      99.97 0.0000e+00   1724.086      41379  1032.2088  1032.2080    34.6754    34.6744    7.73117         19 0.0000e+00
    954.000    942.487     1.4660  30.481696     1.4657  30.480448     4.0728     4.1243     0.0005    91.1178 1.0000e-12  -64.94176  -64.47708 346.125080      99.97 0.0000e+00   1724.942      41400  1032.2135  1032.2126    34.6755    34.6743    7.73118         24 0.0000e+00
    955.000    943.475     1.4659  30.482065     1.4657  30.480805     4.0797     4.1249    -0.0044    91.1035 1.0000e-12  -64.94176  -64.47708 346.125100      99.97 0.0000e+00   1726.662      41441  1032.2182  1032.2171    34.6756    34.6742    7.73120         38 0.0000e+00
    956.000    944.457     1.4662  30.482709     1.4660  30.481454     4.0773     4.1251     0.0020    91.1122 1.0000e-12  -64.94176  -64.47708 346.125124      99.97 0.0000e+00   1728.705      41490  1032.2228  1032.2217    34.6755    34.6742    7.73114         36 0.0000e+00
    957.000    945.444     1.4663  30.483237     1.4660  30.482008     4.0754     4.1243    -0.0107    91.1119 1.0000e-12  -64.94176  -64.47708 346.125139      99.97 0.0000e+00   1730.003      41521  1032.2274  1032.2264    34.6755    34.6742    7.73112         29 0.0000e+00
    958.000    946.429     1.4665  30.483837     1.4661  30.482496     4.0730     4.1171    -0.0039    91.0985 1.0000e-12  -64.94176  -64.47708 346.125152      99.97 0.0000e+00   1731.169      41549  1032.2320  1032.2310    34.6755    34.6742    7.73109         27 0.0000e+00
    959.000    947.414     1.4666  30.484296     1.4662  30.483098     4.0739     4.1212    -0.0066    91.1014 1.0000e-12  -64.94176  -64.47706 346.125165      99.97 0.0000e+00   1732.294      41576  1032.2366  1032.2357    34.6755    34.6743    7.73107         27 0.0000e+00
    960.000    948.400     1.4666  30.484831     1.4663  30.483532     4.0757     4.1226    -0.0104    91.0756 1.0000e-12  -64.94176  -64.47706 346.125178      99.96 0.0000e+00   1733.419      41603  1032.2413  1032.2403    34.6755    34.6743    7.73106         27 0.0000e+00
    961.000    949.386     1.4667  30.485343     1.4663  30.484115     4.0760     4.1249    -0.0071    91.1076 1.0000e-12  -64.94176  -64.47704 346.125191      99.97 0.0000e+00   1734.478      41628  1032.2459  1032.2450    34.6755    34.6744    7.73104         24 0.0000e+00
    962.000    950.371     1.4668  30.485801     1.4664  30.484576     4.0746     4.1246    -0.0106    91.1108 1.0000e-12  -64.94176  -64.47704 346.125202      99.97 0.0000e+00   1735.485      41653  1032.2504  1032.2496    34.6754    34.6743    7.73102         25 0.0000e+00
    963.000    951.358     1.4669  30.486374     1.4665  30.485054     4.0823     4.1235    -0.0075    91.0909 1.0000e-12  -64.94176  -64.47704 346.125214      99.97 0.0000e+00   1736.513      41677  1032.2552  1032.2542    34.6756    34.6743    7.73101         25 0.0000e+00
    964.000    952.343     1.4669  30.486775     1.4666  30.485523     4.0771     4.1228    -0.0114    91.1058 1.0000e-12  -64.94176  -64.47704 346.125228      99.97 0.0000e+00   1737.687      41705  1032.2597  1032.2588    34.6755    34.6743    7.73101         31 0.0000e+00
    965.000    953.329     1.4669  30.487259     1.4667  30.486004     4.0796     4.1272    -0.0132    91.1062 1.0000e-12  -64.94177  -64.47704 346.125244      99.97 0.0000e+00   1739.086      41739  1032.2644  1032.2634    34.6755    34.6742    7.73100         36 0.0000e+00
    966.000    954.315     1.4671  30.487739     1.4667  30.486582     4.0782     4.1178    -0.0077    91.1028 1.0000e-12  -64.94178  -64.47703 346.125261      99.97 0.0000e+00   1740.569      41775  1032.2689  1032.2681    34.6755    34.6743    7.73098         34 0.0000e+00
    967.000    955.299     1.4672  30.488279     1.4667  30.487093     4.0828     4.1207    -0.0115    91.1013 1.0000e-12  -64.94178  -64.47703 346.125276      99.97 0.0000e+00   1741.874      41806  1032.2735  1032.2727    34.6754    34.6744    7.73095         29 0.0000e+00
    968.000    956.285     1.4673  30.488859     1.4668  30.487642     4.0758     4.1219    -0.0072    91.0882 1.0000e-12  -64.94178  -64.47702 346.125290      99.97 0.0000e+00   1743.031      41834  1032.2782  1032.2774    34.6755    34.6745    7.73093         27 0.0000e+00
    969.000    957.271     1.4674  30.489375     1.4670  30.488149     4.0777     4.1237    -0.0184    91.1275 1.0000e-12  -64.94178  -64.47700 346.125303      99.97 0.0000e+00   1744.138      41860  1032.2829  1032.2820    34.6755    34.6744    7.73091         26 0.0000e+00
    970.000    958.257     1.4674  30.489895     1.4671  30.488603     4.0795     4.1224    -0.0044    91.1111 1.0000e-12  -64.94176  -64.47702 346.125316      99.97 0.0000e+00   1745.308      41888  1032.2875  1032.2865    34.6756    34.6743    7.73090         30 0.0000e+00
    971.000    959.242     1.4675  30.490326     1.4671  30.489062     4.0749     4.1231    -0.0099    91.1093 1.0000e-12  -64.94177  -64.47700 346.125331      99.97 0.0000e+00   1746.564      41919  1032.2921  1032.2912    34.6755    34.6744    7.73089         30 0.0000e+00
    972.000    960.227     1.4676  30.490849     1.4671  30.489635     4.0730     4.1179    -0.0135    91.0933 1.0000e-12  -64.94178  -64.47700 346.125345      99.97 0.0000e+00   1747.790      41948  1032.2966  1032.2958    34.6755    34.6745    7.73087         28 0.0000e+00
    973.000    961.214     1.4677  30.491432     1.4673  30.490168     4.0734     4.1167    -0.0043    91.1070 1.0000e-12  -64.94178  -64.47700 346.125358      99.97 0.0000e+00   1748.900      41975  1032.3014  1032.3005    34.6756    34.6744    7.73085         26 0.0000e+00
    974.000    962.199     1.4678  30.491987     1.4675  30.490830     4.0734     4.1198    -0.0056    91.1108 1.0000e-12  -64.94178  -64.47699 346.125370      99.97 0.0000e+00   1749.940      42000  1032.3060  1032.3051    34.6756    34.6745    7.73082         24 0.0000e+00
    975.000    963.185     1.4680  30.492531     1.4676  30.491367     4.0709     4.1203    -0.0074    91.0920 1.0000e-12  -64.94178  -64.47698 346.125382      99.97 0.0000e+00   1750.986      42025  1032.3106  1032.3097    34.6755    34.6746    7.73079         26 0.0000e+00
    976.000    964.169     1.4680  30.492994     1.4676  30.491799     4.0748     4.1220    -0.0127    91.1020 1.0000e-12  -64.94178  -64.47698 346.125395      99.97 0.0000e+00   1752.112      42052  1032.3152  1032.3144    34.6756    34.6746    7.73078         29 0.0000e+00
    977.000    965.157     1.4680  30.493466     1.4677  30.492262     4.0796     4.1249    -0.0071    91.0620 1.0000e-12  -64.94178  -64.47698 346.125410      99.97 0.0000e+00   1753.389      42082  1032.3198  1032.3189    34.6756    34.6744    7.73078         34 0.0000e+00
    978.000    966.140     1.4680  30.494035     1.4678  30.492813     4.0801     4.1234    -0.0037    91.0981 1.0000e-12  -64.94178  -64.47698 346.125432      99.97 0.0000e+00   1755.304      42128  1032.3246  1032.3235    34.6758    34.6744    7.73077         34 0.0000e+00
    979.000    967.127     1.4682  30.494514     1.4680  30.493309     4.0734     4.1166    -0.0122    91.0793 1.0000e-12  -64.94178  -64.47696 346.125454      99.97 0.0000e+00   1757.239      42175  1032.3291  1032.3281    34.6756    34.6744    7.73074         32 0.0000e+00
    980.000    968.112     1.4684  30.495113     1.4680  30.493900     4.0763     4.1182    -0.0044    91.1083 1.0000e-12  -64.94178  -64.47696 346.125467      99.97 0.0000e+00   1758.309      42200  1032.3337  1032.3328    34.6756    34.6745    7.73070         22 0.0000e+00
    981.000    969.098     1.4687  30.495845     1.4682  30.494510     4.0762     4.1178    -0.0037    91.0724 1.0000e-12  -64.94178  -64.47696 346.125476      99.97 0.0000e+00   1759.133      42220  1032.3383  1032.3375    34.6757    34.6746    7.73065         18 0.0000e+00
    982.000    970.083     1.4689  30.496382     1.4684  30.495077     4.0726     4.1187    -0.0000    91.0681 1.0000e-12  -64.94178  -64.47695 346.125485      99.97 0.0000e+00   1759.863      42238  1032.3429  1032.3421    34.6756    34.6745    7.73061         17 0.0000e+00
    983.000    971.070     1.4688  30.496872     1.4684  30.495537     4.0713     4.1238     0.0030    91.0905 1.0000e-12  -64.94178  -64.47694 346.125493      99.97 0.0000e+00   1760.576      42255  1032.3476  1032.3467    34.6757    34.6745    7.73061         17 0.0000e+00
    984.000    972.056     1.4688  30.497306     1.4683  30.495981     4.0751     4.1226    -0.0053    91.0901 1.0000e-12  -64.94178  -64.47694 346.125502      99.97 0.0000e+00   1761.339      42273  1032.3523  1032.3514    34.6758    34.6746    7.73062         20 0.0000e+00
    985.000    973.040     1.4686  30.497566     1.4683  30.496306     4.0726     4.1233    -0.0140    91.0845 1.0000e-12  -64.94178  -64.47693 346.125515      99.97 0.0000e+00   1762.513      42301  1032.3569  1032.3559    34.6758    34.6745    7.73066         30 0.0000e+00
    986.000    974.026     1.4687  30.498120     1.4686  30.496793     4.0761     4.1207    -0.0021    91.0961 1.0000e-12  -64.94178  -64.47694 346.125549      99.97 0.0000e+00   1765.472      42372  1032.3615  1032.3604    34.6758    34.6743    7.73063         42 0.0000e+00
    987.000    975.011     1.4689  30.498589     1.4686  30.497393     4.0735     4.1170    -0.0036    91.1269 1.0000e-12  -64.94178  -64.47694 346.125568      99.97 0.0000e+00   1767.045      42410  1032.3660  1032.3651    34.6756    34.6745    7.73060         32 0.0000e+00
    988.000    975.996     1.4690  30.499210     1.4686  30.497906     4.0754     4.1146    -0.0033    91.0778 1.0000e-12  -64.94178  -64.47692 346.125581      99.97 0.0000e+00   1768.179      42437  1032.3708  1032.3698    34.6758    34.6746    7.73058         23 0.0000e+00
