NBP2113_155081_ctd/data/nbp2113_035.ros
* Sea-Bird SBE 9 Data File:
* FileName = D:\Data\raw\NBP2113_035.hex
* Software Version Seasave V 7.26.7.121
* Temperature SN = 2438
* Conductivity SN = 2067
* Number of Bytes Per Scan = 40
* Number of Voltage Words = 5
* Number of Scans Averaged by the Deck Unit = 1
* NMEA Latitude = 64 56.00 S
* NMEA Longitude = 064 23.93 W
* NMEA UTC (Time) = Dec 09 2021  05:14:22
* NMEA baud rate = 9600
** Ship: RVIB N.B. Palmer
** Cruise: NBP2113 LTER
** Station: 600.040
** Operator: B. Urmston
# nquan = 20
# nvalues = 277                                   
# units = specified
# name 0 = prDM: Pressure, Digiquartz [db]
# name 1 = depSM: Depth [salt water, m]
# name 2 = t090C: Temperature [ITS-90, deg C]
# name 3 = c0mS/cm: Conductivity [mS/cm]
# name 4 = t190C: Temperature, 2 [ITS-90, deg C]
# name 5 = c1mS/cm: Conductivity, 2 [mS/cm]
# name 6 = sbeox0ML/L: Oxygen, SBE 43 [ml/l]
# name 7 = sbeox1ML/L: Oxygen, SBE 43, 2 [ml/l]
# name 8 = flECO-AFL: Fluorescence, WET Labs ECO-AFL/FL [mg/m^3]
# name 9 = CStarTr0: Beam Transmission, WET Labs C-Star [%]
# name 10 = par: PAR/Irradiance, Biospherical/Licor
# name 11 = latitude: Latitude [deg]
# name 12 = longitude: Longitude [deg]
# name 13 = timeJ: Julian Days
# name 14 = altM: Altimeter [m]
# name 15 = spar: SPAR, Biospherical/Licor
# name 16 = timeS: Time, Elapsed [seconds]
# name 17 = scan: Scan Count
# name 18 = nbf: Bottles Fired
# name 19 = flag:  0.000e+00
# interval = seconds: 0.0416667
# start_time = Dec 09 2021 05:14:22 [NMEA time, header]
# bad_flag = -9.990e-29
*END*
[from data line 73]
     18.172     17.993    -0.8626  27.370048    -0.8620  27.378432     7.7322     7.7552     0.9666    91.7299 1.7744e-01  -64.93358  -64.40194 343.228680      99.93 0.0000e+00    895.958      21504          2  0.000e+00
     18.138     17.960    -0.8631  27.370048    -0.8678  27.373855     7.7316     7.7574     0.9666    91.6012 1.7744e-01  -64.93358  -64.40194 343.228681      99.95 0.0000e+00    896.000      21505          2  0.000e+00
     18.118     17.939    -0.8626  27.369419    -0.8716  27.366097     7.7322     7.7594     0.9740    91.5754 1.7744e-01  -64.93358  -64.40194 343.228681      99.98 0.0000e+00    896.042      21506          2  0.000e+00
     18.138     17.960    -0.8618  27.369533    -0.8724  27.358060     7.7325     7.7607     0.9740    91.5754 1.7744e-01  -64.93358  -64.40194 343.228682      99.98 0.0000e+00    896.083      21507          2  0.000e+00
     18.118     17.939    -0.8603  27.370619    -0.8733  27.355716     7.7325     7.7614     0.9740    91.5754 1.7744e-01  -64.93358  -64.40194 343.228682      99.98 0.0000e+00    896.125      21508          2  0.000e+00
     18.070     17.892    -0.8600  27.371876    -0.8745  27.357278     7.7338     7.7617     0.9740    91.5754 1.7982e-01  -64.93358  -64.40194 343.228682      99.98 0.0000e+00    896.167      21509          2  0.000e+00
     18.090     17.912    -0.8600  27.372162    -0.8737  27.356274     7.7412     7.7618     0.9740    91.5754 1.7982e-01  -64.93358  -64.40194 343.228683      99.98 0.0000e+00    896.208      21510          2  0.000e+00
     18.118     17.939    -0.8601  27.372962    -0.8704  27.357055     7.7365     7.7611     0.9740    91.5754 1.7982e-01  -64.93358  -64.40194 343.228683      99.98 0.0000e+00    896.250      21511          2  0.000e+00
     18.042     17.865    -0.8609  27.372676    -0.8674  27.359622     7.7348     7.7657     0.9740    91.5754 1.7982e-01  -64.93358  -64.40194 343.228684      99.95 0.0000e+00    896.292      21512          2  0.000e+00
     18.070     17.892    -0.8590  27.372676    -0.8665  27.362468     7.7339     7.7658     0.9740    91.5754 1.8221e-01  -64.93358  -64.40194 343.228684      99.98 0.0000e+00    896.333      21513          2  0.000e+00
     18.070     17.892    -0.8569  27.372448    -0.8651  27.364254     7.7386     7.7658     0.9740    91.5754 1.8221e-01  -64.93358  -64.40194 343.228685      99.98 0.0000e+00    896.375      21514          2  0.000e+00
     18.042     17.865    -0.8561  27.373305    -0.8650  27.366096     7.7374     7.7657     0.9740    91.5754 1.8221e-01  -64.93358  -64.40194 343.228685      99.98 0.0000e+00    896.417      21515          2  0.000e+00
     18.022     17.844    -0.8565  27.374505    -0.8653  27.366375     7.7360     7.7666     0.9740    91.5754 1.8221e-01  -64.93358  -64.40194 343.228686      99.93 0.0000e+00    896.458      21516          2  0.000e+00
     18.022     17.844    -0.8588  27.375820    -0.8639  27.367156     7.7303     7.7661     0.9740    91.5754 1.8461e-01  -64.93358  -64.40194 343.228686      99.95 0.0000e+00    896.500      21517          2  0.000e+00
     18.042     17.865    -0.8618  27.375820    -0.8624  27.368607     7.7364     7.7654     0.9740    91.5754 1.8461e-01  -64.93358  -64.40194 343.228687      99.98 0.0000e+00    896.542      21518          2  0.000e+00
     18.022     17.844    -0.8626  27.373191    -0.8618  27.369724     7.7377     7.7646     0.9740    91.5754 1.8461e-01  -64.93358  -64.40194 343.228687      99.98 0.0000e+00    896.583      21519          2  0.000e+00
     17.988     17.811    -0.8661  27.367190    -0.8608  27.370784     7.7350     7.7636     0.9740    91.5754 1.8461e-01  -64.93358  -64.40194 343.228688      99.98 0.0000e+00    896.625      21520          2  0.000e+00
     17.967     17.790    -0.8677  27.363532    -0.8601  27.370784     7.7349     7.7634     0.9740    91.5754 1.8701e-01  -64.93358  -64.40194 343.228688      99.98 0.0000e+00    896.667      21521          2  0.000e+00
     18.022     17.845    -0.8704  27.362275    -0.8601  27.371175     7.7392     7.7633     0.9740    91.5754 1.8701e-01  -64.93358  -64.40194 343.228689      99.98 0.0000e+00    896.708      21522          2  0.000e+00
     17.988     17.811    -0.8742  27.358904    -0.8599  27.371510     7.7331     7.7685     0.9740    91.5754 1.8701e-01  -64.93358  -64.40194 343.228689      99.95 0.0000e+00    896.750      21523          2  0.000e+00
     17.967     17.790    -0.8810  27.350276    -0.8598  27.371509     7.7323     7.7679     0.9740    91.5754 1.8701e-01  -64.93358  -64.40194 343.228690      99.95 0.0000e+00    896.792      21524          2  0.000e+00
     17.940     17.763    -0.8800  27.338049    -0.8598  27.372068     7.7257     7.7625     0.9740    91.5754 1.8701e-01  -64.93358  -64.40194 343.228690      99.98 0.0000e+00    896.833      21525          2  0.000e+00
     17.967     17.790    -0.8885  27.335193    -0.8604  27.371956     7.7291     7.7673     0.9740    91.5754 1.8701e-01  -64.93358  -64.40194 343.228691      99.98 0.0000e+00    896.875      21526          2  0.000e+00
     17.919     17.743    -0.8999  27.331252    -0.8605  27.371007     7.7284     7.7672     0.9740    91.5754 1.8701e-01  -64.93358  -64.40194 343.228691      99.98 0.0000e+00    896.917      21527          2  0.000e+00
     17.940     17.763    -0.9061  27.321542    -0.8608  27.370784     7.7285     7.7670     0.9740    91.5754 1.8701e-01  -64.93358  -64.40194 343.228692      99.93 0.0000e+00    896.958      21528          2  0.000e+00
     19.139     18.951    -0.9230  27.292251    -0.9234  27.290846     7.8161     7.8118     1.0033    91.3694 1.3566e-01  -64.93358  -64.40190 343.228772      99.98 0.0000e+00    903.917      21695          3  0.000e+00
     19.057     18.870    -0.9232  27.292023    -0.9233  27.290846     7.8110     7.8118     1.0033    91.3694 1.3566e-01  -64.93358  -64.40190 343.228773      99.93 0.0000e+00    903.958      21696          3  0.000e+00
     19.085     18.897    -0.9231  27.292023    -0.9235  27.290344     7.8087     7.8118     1.0033    91.3694 1.3566e-01  -64.93358  -64.40190 343.228773      99.95 0.0000e+00    904.000      21697          3  0.000e+00
     19.085     18.897    -0.9228  27.291737    -0.9237  27.289563     7.8074     7.8107     1.0033    91.3694 1.3566e-01  -64.93358  -64.40190 343.228774      99.98 0.0000e+00    904.042      21698          3  0.000e+00
     19.160     18.971    -0.9228  27.291737    -0.9237  27.289340     7.8058     7.8151     0.9959    91.3694 1.3566e-01  -64.93358  -64.40190 343.228774      99.98 0.0000e+00    904.083      21699          3  0.000e+00
     19.085     18.897    -0.9228  27.292251    -0.9241  27.289563     7.8037     7.8144     1.0033    91.3694 1.3793e-01  -64.93358  -64.40190 343.228775      99.98 0.0000e+00    904.125      21700          3  0.000e+00
     19.085     18.897    -0.9228  27.292308    -0.9237  27.289563     7.8014     7.8143     1.0033    91.3694 1.3793e-01  -64.93358  -64.40190 343.228775      99.98 0.0000e+00    904.167      21701          3  0.000e+00
     19.160     18.971    -0.9227  27.292251    -0.9241  27.289564     7.8076     7.8088     0.9959    91.3694 1.3793e-01  -64.93358  -64.40190 343.228776      99.98 0.0000e+00    904.208      21702          3  0.000e+00
     19.140     18.951    -0.9227  27.292537    -0.9239  27.289563     7.8208     7.8131     0.9959    91.3694 1.3566e-01  -64.93358  -64.40190 343.228776      99.95 0.0000e+00    904.250      21703          3  0.000e+00
     19.140     18.951    -0.9228  27.292537    -0.9240  27.289842     7.8245     7.8126     1.0033    91.3694 1.3566e-01  -64.93358  -64.40190 343.228777      99.95 0.0000e+00    904.292      21704          3  0.000e+00
     19.057     18.870    -0.9227  27.292537    -0.9240  27.289842     7.8203     7.8118     1.0033    91.3694 1.3793e-01  -64.93358  -64.40190 343.228777      99.95 0.0000e+00    904.333      21705          3  0.000e+00
     19.140     18.951    -0.9228  27.292537    -0.9237  27.289842     7.8160     7.8120     1.0033    91.3694 1.3793e-01  -64.93358  -64.40190 343.228777      99.98 0.0000e+00    904.375      21706          3  0.000e+00
     19.160     18.971    -0.9228  27.292537    -0.9240  27.290065     7.8277     7.8119     0.9959    91.4209 1.3793e-01  -64.93358  -64.40190 343.228778      99.98 0.0000e+00    904.417      21707          3  0.000e+00
     19.187     18.999    -0.9230  27.292537    -0.9235  27.289842     7.8285     7.8117     1.0033    91.4209 1.3793e-01  -64.93358  -64.40190 343.228778      99.93 0.0000e+00    904.458      21708          3  0.000e+00
     19.085     18.897    -0.9230  27.293050    -0.9232  27.290344     7.8301     7.8111     0.9959    91.4467 1.4020e-01  -64.93358  -64.40190 343.228779      99.95 0.0000e+00    904.500      21709          3  0.000e+00
     19.160     18.972    -0.9228  27.292537    -0.9232  27.290344     7.8256     7.8107     1.0033    91.4209 1.3793e-01  -64.93358  -64.40190 343.228779      99.98 0.0000e+00    904.542      21710          3  0.000e+00
     19.140     18.951    -0.9227  27.292537    -0.9228  27.290344     7.8296     7.8099     1.0033    91.4209 1.4020e-01  -64.93358  -64.40190 343.228780      99.98 0.0000e+00    904.583      21711          3  0.000e+00
     19.140     18.951    -0.9228  27.292537    -0.9231  27.290623     7.8228     7.8091     1.0033    91.4209 1.4020e-01  -64.93358  -64.40190 343.228780      99.98 0.0000e+00    904.625      21712          3  0.000e+00
     19.105     18.917    -0.9231  27.292308    -0.9234  27.290344     7.8171     7.8082     1.0912    91.4209 1.4020e-01  -64.93358  -64.40190 343.228781      99.98 0.0000e+00    904.667      21713          3  0.000e+00
     19.085     18.897    -0.9233  27.291737    -0.9229  27.290065     7.8157     7.8070     1.1644    91.4209 1.4020e-01  -64.93358  -64.40190 343.228781      99.98 0.0000e+00    904.708      21714          3  0.000e+00
     19.105     18.917    -0.9235  27.291509    -0.9231  27.290344     7.8141     7.8113     1.1718    91.4209 1.4248e-01  -64.93358  -64.40190 343.228782      99.95 0.0000e+00    904.750      21715          3  0.000e+00
     19.140     18.951    -0.9237  27.290710    -0.9232  27.290623     7.8123     7.8108     1.1718    91.4209 1.4248e-01  -64.93358  -64.40192 343.228782      99.95 0.0000e+00    904.792      21716          3  0.000e+00
     19.085     18.897    -0.9243  27.288883    -0.9231  27.290623     7.8044     7.8053     1.1644    91.4209 1.4248e-01  -64.93358  -64.40192 343.228783      99.98 0.0000e+00    904.833      21717          3  0.000e+00
     19.105     18.917    -0.9242  27.288141    -0.9229  27.290623     7.8067     7.8045     1.1644    91.4209 1.4248e-01  -64.93358  -64.40192 343.228783      99.98 0.0000e+00    904.875      21718          3  0.000e+00
     19.140     18.951    -0.9240  27.287341    -0.9227  27.290623     7.8042     7.8036     1.1644    91.4209 1.4248e-01  -64.93358  -64.40192 343.228784      99.98 0.0000e+00    904.917      21719          3  0.000e+00
     19.037     18.850    -0.9242  27.286827    -0.9232  27.290846     7.7955     7.8025     1.1718    91.4209 1.4248e-01  -64.93358  -64.40192 343.228784      99.95 0.0000e+00    904.958      21720          3  0.000e+00
     19.058     18.870    -0.9237  27.287569    -0.9231  27.290623     7.7924     7.8014     1.1644    91.4209 1.4477e-01  -64.93358  -64.40192 343.228785      99.95 0.0000e+00    905.000      21721          3  0.000e+00
     19.085     18.897    -0.9230  27.288369    -0.9231  27.290623     7.7952     7.8001     1.1644    91.4209 1.4477e-01  -64.93358  -64.40192 343.228785      99.98 0.0000e+00    905.042      21722          3  0.000e+00
     19.037     18.850    -0.9225  27.288654    -0.9231  27.290623     7.7918     7.7987     1.1644    91.4209 1.4477e-01  -64.93358  -64.40192 343.228786      99.98 0.0000e+00    905.083      21723          3  0.000e+00
     19.058     18.870    -0.9219  27.289682    -0.9228  27.290846     7.7822     7.7972     1.1644    91.4209 1.4477e-01  -64.93358  -64.40192 343.228786      99.98 0.0000e+00    905.125      21724          3  0.000e+00
     18.982     18.796    -0.9219  27.290195    -0.9229  27.291403     7.7785     7.8020     1.1644    91.4209 1.4706e-01  -64.93358  -64.40192 343.228787      99.98 0.0000e+00    905.167      21725          3  0.000e+00
     19.058     18.870    -0.9217  27.290709    -0.9231  27.291124     7.7807     7.8022     1.1644    91.4209 1.4706e-01  -64.93358  -64.40192 343.228787      99.98 0.0000e+00    905.208      21726          3  0.000e+00
     18.982     18.796    -0.9218  27.290709    -0.9232  27.290845     7.7782     7.7966     1.1644    91.4467 1.4706e-01  -64.93358  -64.40192 343.228788      99.95 0.0000e+00    905.250      21727          3  0.000e+00
     18.982     18.796    -0.9225  27.290995    -0.9229  27.291403     7.7697     7.8011     1.1644    91.4724 1.4935e-01  -64.93358  -64.40192 343.228788      99.95 0.0000e+00    905.292      21728          3  0.000e+00
     19.003     18.816    -0.9228  27.290481    -0.9229  27.290845     7.7671     7.8010     1.1644    91.4724 1.4935e-01  -64.93358  -64.40192 343.228789      99.98 0.0000e+00    905.333      21729          3  0.000e+00
     18.935     18.748    -0.9230  27.290709    -0.9231  27.290845     7.7687     7.7951     1.1644    91.4724 1.4935e-01  -64.93358  -64.40192 343.228789      99.98 0.0000e+00    905.375      21730          3  0.000e+00
     18.935     18.748    -0.9227  27.290709    -0.9228  27.290622     7.7656     7.7938     1.1644    91.4467 1.4935e-01  -64.93358  -64.40192 343.228790      99.98 0.0000e+00    905.417      21731          3  0.000e+00
     18.955     18.768    -0.9228  27.290709    -0.9225  27.290845     7.7625     7.7924     1.1644    91.4467 1.4935e-01  -64.93358  -64.40192 343.228790      99.95 0.0000e+00    905.458      21732          3  0.000e+00
     18.887     18.701    -0.9228  27.290709    -0.9228  27.290065     7.7546     7.7966     1.1644    91.4724 1.4935e-01  -64.93358  -64.40192 343.228791      99.95 0.0000e+00    905.500      21733          3  0.000e+00
     18.907     18.721    -0.9227  27.291223    -0.9230  27.290343     7.7571     7.7960     1.1718    91.4724 1.4935e-01  -64.93358  -64.40192 343.228791      99.98 0.0000e+00    905.542      21734          3  0.000e+00
     18.887     18.701    -0.9231  27.290995    -0.9229  27.290065     7.7551     7.7906     1.1718    91.4724 1.4935e-01  -64.93358  -64.40192 343.228791      99.98 0.0000e+00    905.583      21735          3  0.000e+00
     18.832     18.647    -0.9237  27.290481    -0.9234  27.289563     7.7530     7.7900     1.1644    91.4724 1.5166e-01  -64.93358  -64.40192 343.228792      99.98 0.0000e+00    905.625      21736          3  0.000e+00
     18.852     18.667    -0.9236  27.290481    -0.9237  27.288782     7.7507     7.7893     1.1644    91.4724 1.5166e-01  -64.93358  -64.40192 343.228792      99.98 0.0000e+00    905.667      21737          3  0.000e+00
     18.832     18.647    -0.9240  27.289681    -0.9237  27.289061     7.7602     7.7884     1.1718    91.4467 1.5166e-01  -64.93358  -64.40192 343.228793      99.98 0.0000e+00    905.708      21738          3  0.000e+00
     18.784     18.599    -0.9240  27.289396    -0.9237  27.289339     7.7543     7.7875     1.1351    91.4467 1.5166e-01  -64.93358  -64.40192 343.228793      99.95 0.0000e+00    905.750      21739          3  0.000e+00
     18.805     18.619    -0.9241  27.289396    -0.9239  27.289061     7.7485     7.7867     1.0765    91.4467 1.5397e-01  -64.93358  -64.40192 343.228794      99.95 0.0000e+00    905.792      21740          3  0.000e+00
