NBP2113_155081_ctd/data/nbp2113_032.ros
* Sea-Bird SBE 9 Data File:
* FileName = D:\Data\raw\NBP2113_032.hex
* Software Version Seasave V 7.26.7.121
* Temperature SN = 2438
* Conductivity SN = 2067
* Number of Bytes Per Scan = 40
* Number of Voltage Words = 5
* Number of Scans Averaged by the Deck Unit = 1
* NMEA Latitude = 65 50.96 S
* NMEA Longitude = 071 22.70 W
* NMEA UTC (Time) = Dec 07 2021  06:49:20
* NMEA baud rate = 9600
** Ship: RVIB N.B. Palmer
** Cruise: NBP2113 LTER
** Station: 300.200
** Operator: B. Urmston
# nquan = 20
# nvalues = 196                                   
# units = specified
# name 0 = prDM: Pressure, Digiquartz [db]
# name 1 = depSM: Depth [salt water, m]
# name 2 = t090C: Temperature [ITS-90, deg C]
# name 3 = c0mS/cm: Conductivity [mS/cm]
# name 4 = t190C: Temperature, 2 [ITS-90, deg C]
# name 5 = c1mS/cm: Conductivity, 2 [mS/cm]
# name 6 = sbeox0ML/L: Oxygen, SBE 43 [ml/l]
# name 7 = sbeox1ML/L: Oxygen, SBE 43, 2 [ml/l]
# name 8 = flECO-AFL: Fluorescence, WET Labs ECO-AFL/FL [mg/m^3]
# name 9 = CStarTr0: Beam Transmission, WET Labs C-Star [%]
# name 10 = par: PAR/Irradiance, Biospherical/Licor
# name 11 = latitude: Latitude [deg]
# name 12 = longitude: Longitude [deg]
# name 13 = timeJ: Julian Days
# name 14 = altM: Altimeter [m]
# name 15 = spar: SPAR, Biospherical/Licor
# name 16 = timeS: Time, Elapsed [seconds]
# name 17 = scan: Scan Count
# name 18 = nbf: Bottles Fired
# name 19 = flag:  0.000e+00
# interval = seconds: 0.0416667
# start_time = Dec 07 2021 06:49:20 [NMEA time, header]
# bad_flag = -9.990e-29
*END*
[from data line 73]
     87.182     86.304    -0.5094  27.970664    -0.5022  27.972081     6.4018     6.3651     0.4245    95.0516 1.0000e-12  -65.84894  -71.37788 341.373655      99.98 1.4103e+02   7723.792     185372          2  0.000e+00
     87.161     86.283    -0.5064  27.973025    -0.5076  27.972419     6.4068     6.3691     0.4245    95.0516 1.0000e-12  -65.84894  -71.37788 341.373655      99.98 1.4279e+02   7723.833     185373          2  0.000e+00
     87.182     86.304    -0.5052  27.975272    -0.5056  27.974107     6.4162     6.3771     0.4245    95.0516 1.0000e-12  -65.84894  -71.37788 341.373656      99.95 1.4279e+02   7723.875     185374          2  0.000e+00
     87.182     86.304    -0.5042  27.976540    -0.5042  27.975007     6.4208     6.3804     0.4245    95.0516 1.0000e-12  -65.84894  -71.37788 341.373656      99.95 1.4103e+02   7723.917     185375          2  0.000e+00
     87.182     86.304    -0.5029  27.978211    -0.5041  27.977371     6.4262     6.3880     0.4245    95.0516 1.0000e-12  -65.84894  -71.37788 341.373657      99.98 1.4279e+02   7723.958     185376          2  0.000e+00
     87.182     86.304    -0.5014  27.980458    -0.5009  27.978834     6.4326     6.3903     0.4245    95.0516 1.0000e-12  -65.84894  -71.37788 341.373657      99.98 1.4279e+02   7724.000     185377          2  0.000e+00
     87.113     86.236    -0.4998  27.981667    -0.4982  27.979509     6.4489     6.3987     0.4245    95.0516 1.0000e-12  -65.84894  -71.37788 341.373658      99.98 1.4279e+02   7724.042     185378          2  0.000e+00
     87.230     86.351    -0.5005  27.981898    -0.4977  27.981029     6.4563     6.4025     0.4245    95.0259 1.0000e-12  -65.84894  -71.37788 341.373658      99.98 1.4279e+02   7724.083     185379          2  0.000e+00
     87.182     86.304    -0.5004  27.982647    -0.4941  27.983448     6.4629     6.4053     0.4392    94.8971 1.0000e-12  -65.84894  -71.37788 341.373659      99.98 1.4279e+02   7724.125     185380          2  0.000e+00
     87.182     86.304    -0.5018  27.982186    -0.4869  27.985867     6.4752     6.4118     0.4392    94.8199 1.0000e-12  -65.84894  -71.37788 341.373659      99.98 1.4279e+02   7724.167     185381          2  0.000e+00
     87.127     86.250    -0.5014  27.981091    -0.4839  27.986824     6.4880     6.4148     0.4392    94.8199 1.0000e-12  -65.84894  -71.37788 341.373660      99.98 1.4279e+02   7724.208     185382          2  0.000e+00
     87.209     86.331    -0.4998  27.979190    -0.4867  27.986599     6.4943     6.4240     0.4392    94.8456 1.0000e-12  -65.84894  -71.37788 341.373660      99.98 1.4279e+02   7724.250     185383          2  0.000e+00
     87.182     86.304    -0.5010  27.976885    -0.4874  27.986093     6.5016     6.4278     0.4392    94.8456 1.0000e-12  -65.84894  -71.37788 341.373661      99.98 1.4279e+02   7724.292     185384          2  0.000e+00
     87.230     86.351    -0.5024  27.975157    -0.4861  27.986712     6.5069     6.4307     0.4392    94.8456 1.0000e-12  -65.84894  -71.37788 341.373661      99.98 1.4279e+02   7724.333     185385          2  0.000e+00
     87.182     86.304    -0.5033  27.973544    -0.4832  27.987612     6.5232     6.4385     0.4392    94.8199 1.0000e-12  -65.84894  -71.37788 341.373662      99.93 1.4279e+02   7724.375     185386          2  0.000e+00
     87.182     86.304    -0.5062  27.972104    -0.4825  27.989188     6.5227     6.4414     0.4392    94.8199 1.0000e-12  -65.84894  -71.37788 341.373662      99.95 1.4279e+02   7724.417     185387          2  0.000e+00
     87.209     86.331    -0.5089  27.971009    -0.4820  27.994366     6.5258     6.4483     0.4392    94.8456 1.0000e-12  -65.84894  -71.37788 341.373663      99.98 1.4279e+02   7724.458     185388          2  0.000e+00
     87.182     86.304    -0.5111  27.971758    -0.4817  28.000896     6.5397     6.4499     0.4392    94.8456 1.0000e-12  -65.84894  -71.37788 341.373663      99.98 1.4279e+02   7724.500     185389          2  0.000e+00
     87.230     86.351    -0.5128  27.972853    -0.4790  28.003541     6.5436     6.4518     0.4392    94.8199 1.0000e-12  -65.84894  -71.37788 341.373664      99.98 1.4279e+02   7724.542     185390          2  0.000e+00
     87.230     86.351    -0.5103  27.972104    -0.4748  28.002077     6.5460     6.4532     0.4392    94.8456 1.0000e-12  -65.84894  -71.37788 341.373664      99.98 1.4279e+02   7724.583     185391          2  0.000e+00
     87.230     86.352    -0.5095  27.969627    -0.4764  27.997518     6.5493     6.4552     0.4392    94.8199 1.0000e-12  -65.84894  -71.37788 341.373665      99.98 1.4279e+02   7724.625     185392          2  0.000e+00
     87.209     86.331    -0.5101  27.967495    -0.4796  27.992452     6.5651     6.4624     0.4465    94.8456 1.0000e-12  -65.84894  -71.37788 341.373665      99.98 1.4279e+02   7724.667     185393          2  0.000e+00
     87.230     86.352    -0.5111  27.966631    -0.4823  27.990032     6.5637     6.4697     0.4392    94.8199 1.0000e-12  -65.84894  -71.37788 341.373666      99.95 1.4279e+02   7724.708     185394          2  0.000e+00
     87.230     86.352    -0.5120  27.965133    -0.4833  27.990145     6.5659     6.4714     0.4392    94.8199 1.0000e-12  -65.84894  -71.37788 341.373666      99.95 1.4279e+02   7724.750     185395          2  0.000e+00
     87.278     86.399    -0.5138  27.963290    -0.4828  27.990595     6.5688     6.4723     0.4392    94.8199 1.0000e-12  -65.84894  -71.37788 341.373667      99.98 1.4279e+02   7724.792     185396          2  0.000e+00
     24.766     24.520    -0.4947  27.787853    -0.4946  27.786279     8.1506     8.1748     2.3073    90.1334 1.0000e-12  -65.84892  -71.37784 341.374968      99.95 1.6571e+02   7837.250     188095          3  0.000e+00
     24.841     24.595    -0.4947  27.788371    -0.4945  27.786392     8.1506     8.1756     2.3073    90.1334 1.0000e-12  -65.84892  -71.37784 341.374969      99.98 1.6571e+02   7837.292     188096          3  0.000e+00
     24.766     24.520    -0.4949  27.788083    -0.4949  27.786560     8.1447     8.1763     2.3000    90.1334 1.0000e-12  -65.84892  -71.37784 341.374969      99.98 1.6571e+02   7837.333     188097          3  0.000e+00
     24.869     24.622    -0.4947  27.787969    -0.4950  27.786616     8.1461     8.1772     2.3000    90.1334 1.0000e-12  -65.84892  -71.37784 341.374970      99.95 1.6571e+02   7837.375     188098          3  0.000e+00
     24.889     24.642    -0.4947  27.787969    -0.4948  27.786392     8.1520     8.1770     2.3000    90.1334 1.0000e-12  -65.84892  -71.37784 341.374970      99.95 1.6571e+02   7837.417     188099          3  0.000e+00
     24.869     24.622    -0.4947  27.787739    -0.4948  27.786504     8.1462     8.1776     2.3000    90.1334 1.0000e-12  -65.84892  -71.37784 341.374971      99.98 1.6571e+02   7837.458     188100          3  0.000e+00
     24.917     24.670    -0.4947  27.787681    -0.4948  27.786279     8.1507     8.1729     2.3000    90.1334 1.0000e-12  -65.84892  -71.37784 341.374971      99.98 1.6571e+02   7837.500     188101          3  0.000e+00
     24.917     24.670    -0.4949  27.787681    -0.4948  27.786504     8.1449     8.1727     2.3073    90.1334 1.0000e-12  -65.84892  -71.37784 341.374972      99.98 1.6571e+02   7837.542     188102          3  0.000e+00
     24.944     24.697    -0.4949  27.787681    -0.4946  27.786448     8.1479     8.1781     2.3000    90.1334 1.0000e-12  -65.84892  -71.37784 341.374972      99.98 1.6571e+02   7837.583     188103          3  0.000e+00
     24.972     24.724    -0.4947  27.787854    -0.4947  27.786560     8.1463     8.1780     2.3000    90.1334 1.0000e-12  -65.84892  -71.37784 341.374973      99.98 1.6571e+02   7837.625     188104          3  0.000e+00
     25.020     24.771    -0.4949  27.787567    -0.4947  27.786448     8.1447     8.1788     2.3000    90.1334 1.0000e-12  -65.84892  -71.37784 341.374973      99.98 1.6571e+02   7837.667     188105          3  0.000e+00
     24.992     24.744    -0.4950  27.787969    -0.4948  27.786560     8.1443     8.1795     2.3073    90.1334 1.0000e-12  -65.84892  -71.37784 341.374973      99.95 1.6571e+02   7837.708     188106          3  0.000e+00
     25.020     24.771    -0.4949  27.787797    -0.4945  27.786841     8.1497     8.1802     2.3000    90.0819 1.0000e-12  -65.84892  -71.37784 341.374974      99.98 1.6571e+02   7837.750     188107          3  0.000e+00
     25.074     24.826    -0.4949  27.788027    -0.4948  27.786673     8.1433     8.1755     2.3000    89.8759 1.0000e-12  -65.84892  -71.37786 341.374974      99.98 1.6571e+02   7837.792     188108          3  0.000e+00
     25.074     24.826    -0.4945  27.788199    -0.4947  27.786448     8.1353     8.1809     2.3000    89.7729 1.0000e-12  -65.84892  -71.37786 341.374975      99.98 1.6571e+02   7837.833     188109          3  0.000e+00
     25.047     24.798    -0.4949  27.788027    -0.4947  27.786560     8.1275     8.1816     2.3000    89.7729 1.0000e-12  -65.84892  -71.37786 341.374975      99.95 1.6571e+02   7837.875     188110          3  0.000e+00
     25.122     24.873    -0.4949  27.788142    -0.4949  27.786617     8.1358     8.1816     2.3000    89.7729 1.0000e-12  -65.84892  -71.37786 341.374976      99.95 1.6571e+02   7837.917     188111          3  0.000e+00
     25.122     24.873    -0.4949  27.788027    -0.4948  27.786617     8.1293     8.1814     2.3000    89.7729 1.0000e-12  -65.84892  -71.37786 341.374976      99.98 1.6571e+02   7837.958     188112          3  0.000e+00
     25.047     24.799    -0.4947  27.787969    -0.4947  27.786392     8.1271     8.1756     2.3000    89.7729 1.0000e-12  -65.84892  -71.37786 341.374977      99.98 1.6571e+02   7838.000     188113          3  0.000e+00
     25.177     24.927    -0.4947  27.788142    -0.4949  27.786561     8.1265     8.1747     2.3000    89.7987 1.0000e-12  -65.84892  -71.37786 341.374977      99.98 1.6571e+02   7838.042     188114          3  0.000e+00
     25.177     24.927    -0.4947  27.787797    -0.4947  27.786785     8.1304     8.1799     2.3000    89.7987 1.0000e-12  -65.84892  -71.37786 341.374978      99.98 1.6571e+02   7838.083     188115          3  0.000e+00
     25.177     24.927    -0.4947  27.788027    -0.4948  27.786673     8.1238     8.1806     2.3806    89.7987 1.0000e-12  -65.84892  -71.37786 341.374978      99.98 1.6571e+02   7838.125     188116          3  0.000e+00
     25.198     24.948    -0.4947  27.788199    -0.4948  27.786617     8.1231     8.1750     2.8201    89.7729 1.0000e-12  -65.84892  -71.37786 341.374979      99.98 1.6571e+02   7838.167     188117          3  0.000e+00
     25.177     24.927    -0.4947  27.788199    -0.4947  27.786617     8.1269     8.1802     3.0106    89.7987 1.0000e-12  -65.84892  -71.37786 341.374979      99.95 1.6571e+02   7838.208     188118          3  0.000e+00
     25.225     24.975    -0.4947  27.788027    -0.4949  27.786785     8.1204     8.1810     3.0106    89.7987 1.0000e-12  -65.84892  -71.37786 341.374980      99.95 1.6571e+02   7838.250     188119          3  0.000e+00
     25.177     24.927    -0.4947  27.788142    -0.4948  27.786449     8.1183     8.1816     2.9959    89.7729 1.0000e-12  -65.84892  -71.37786 341.374980      99.98 1.6571e+02   7838.292     188120          3  0.000e+00
     25.246     24.995    -0.4947  27.787797    -0.4947  27.786786     8.1119     8.1823     2.9886    89.7729 1.0000e-12  -65.84892  -71.37786 341.374981      99.98 1.6571e+02   7838.333     188121          3  0.000e+00
     25.225     24.975    -0.4949  27.787855    -0.4949  27.786842     8.1216     8.1830     2.9886    89.7987 1.0000e-12  -65.84892  -71.37786 341.374981      99.93 1.6571e+02   7838.375     188122          3  0.000e+00
     25.225     24.975    -0.4947  27.787970    -0.4945  27.786673     8.1282     8.1773     2.9886    89.7729 1.0000e-12  -65.84892  -71.37786 341.374982      99.95 1.6571e+02   7838.417     188123          3  0.000e+00
     25.198     24.948    -0.4945  27.787969    -0.4948  27.786617     8.1346     8.1817     2.9886    89.7729 1.0000e-12  -65.84892  -71.37786 341.374982      99.98 1.6571e+02   7838.458     188124          3  0.000e+00
     25.273     25.022    -0.4947  27.787970    -0.4945  27.786617     8.1322     8.1815     2.9886    89.7729 1.0000e-12  -65.84892  -71.37786 341.374983      99.98 1.6571e+02   7838.500     188125          3  0.000e+00
     25.225     24.975    -0.4947  27.787970    -0.4947  27.786617     8.1340     8.1757     2.9886    89.7987 1.0000e-12  -65.84892  -71.37786 341.374983      99.98 1.6571e+02   7838.542     188126          3  0.000e+00
     25.225     24.975    -0.4944  27.787970    -0.4948  27.786617     8.1343     8.1800     2.9886    89.7729 1.0000e-12  -65.84892  -71.37786 341.374984      99.98 1.6571e+02   7838.583     188127          3  0.000e+00
     25.246     24.995    -0.4949  27.787970    -0.4945  27.786617     8.1289     8.1797     2.9886    89.7214 1.0000e-12  -65.84892  -71.37786 341.374984      99.98 1.6571e+02   7838.625     188128          3  0.000e+00
     25.273     25.022    -0.4945  27.787970    -0.4948  27.786617     8.1291     8.1794     2.9886    89.7214 1.0000e-12  -65.84892  -71.37786 341.374985      99.98 1.6571e+02   7838.667     188129          3  0.000e+00
     25.225     24.975    -0.4949  27.788314    -0.4948  27.786168     8.1294     8.1735     2.9886    89.6957 1.0000e-12  -65.84892  -71.37786 341.374985      99.95 1.6571e+02   7838.708     188130          3  0.000e+00
     25.273     25.022    -0.4945  27.788085    -0.4947  27.786449     8.1297     8.1732     2.9886    89.7214 1.0000e-12  -65.84892  -71.37786 341.374986      99.98 1.6571e+02   7838.750     188131          3  0.000e+00
     25.198     24.948    -0.4947  27.787969    -0.4948  27.786617     8.1285     8.1728     2.9886    89.6957 1.0000e-12  -65.84892  -71.37786 341.374986      99.98 1.6571e+02   7838.792     188132          3  0.000e+00
     25.273     25.022    -0.4949  27.788315    -0.4948  27.786393     8.1230     8.1726     2.9886    89.7214 1.0000e-12  -65.84892  -71.37786 341.374986      99.98 1.6571e+02   7838.833     188133          3  0.000e+00
     25.177     24.927    -0.4947  27.788257    -0.4950  27.786561     8.1218     8.1722     2.9886    89.7214 1.0000e-12  -65.84892  -71.37786 341.374987      99.95 1.6571e+02   7838.875     188134          3  0.000e+00
     25.300     25.049    -0.4945  27.788200    -0.4946  27.786617     8.1195     8.1721     2.9886    89.7214 1.0000e-12  -65.84892  -71.37786 341.374987      99.95 1.6571e+02   7838.917     188135          3  0.000e+00
     25.177     24.927    -0.4944  27.788027    -0.4948  27.786617     8.1169     8.1773     2.9886    89.7214 1.0000e-12  -65.84892  -71.37786 341.374988      99.98 1.6571e+02   7838.958     188136          3  0.000e+00
     25.225     24.975    -0.4945  27.787970    -0.4948  27.786785     8.1102     8.1725     2.9886    89.7214 1.0000e-12  -65.84892  -71.37786 341.374988      99.98 1.6571e+02   7839.000     188137          3  0.000e+00
     25.225     24.975    -0.4947  27.787740    -0.4946  27.786505     8.1210     8.1724     2.9886    89.7214 1.0000e-12  -65.84892  -71.37786 341.374989      99.98 1.6571e+02   7839.042     188138          3  0.000e+00
     25.198     24.948    -0.4947  27.787682    -0.4947  27.786729     8.1229     8.1713     2.9886    89.7214 1.0000e-12  -65.84892  -71.37786 341.374989      99.98 1.6571e+02   7839.083     188139          3  0.000e+00
     25.177     24.927    -0.4945  27.787854    -0.4947  27.786505     8.1262     8.1703     2.9886    89.7214 1.0000e-12  -65.84892  -71.37786 341.374990      99.98 1.6571e+02   7839.125     188140          3  0.000e+00
