NBP2113_155081_ctd/data/nbp2113_026.ros
* Sea-Bird SBE 9 Data File:
* FileName = D:\Data\raw\NBP2113_026.hex
* Software Version Seasave V 7.26.7.121
* Temperature SN = 2438
* Conductivity SN = 2067
* Number of Bytes Per Scan = 40
* Number of Voltage Words = 5
* Number of Scans Averaged by the Deck Unit = 1
* NMEA Latitude = 68 01.82 S
* NMEA Longitude = 069 17.18 W
* NMEA UTC (Time) = Dec 04 2021  00:09:45
* NMEA baud rate = 9600
** Ship: RVIB N.B. Palmer
** Cruise: NBP2113 LTER
** Station: 200.-040
** Operator: S. Blackman
# nquan = 20
# nvalues = 1140                                  
# units = specified
# name 0 = prDM: Pressure, Digiquartz [db]
# name 1 = depSM: Depth [salt water, m]
# name 2 = t090C: Temperature [ITS-90, deg C]
# name 3 = c0mS/cm: Conductivity [mS/cm]
# name 4 = t190C: Temperature, 2 [ITS-90, deg C]
# name 5 = c1mS/cm: Conductivity, 2 [mS/cm]
# name 6 = sbeox0ML/L: Oxygen, SBE 43 [ml/l]
# name 7 = sbeox1ML/L: Oxygen, SBE 43, 2 [ml/l]
# name 8 = flECO-AFL: Fluorescence, WET Labs ECO-AFL/FL [mg/m^3]
# name 9 = CStarTr0: Beam Transmission, WET Labs C-Star [%]
# name 10 = par: PAR/Irradiance, Biospherical/Licor
# name 11 = latitude: Latitude [deg]
# name 12 = longitude: Longitude [deg]
# name 13 = timeJ: Julian Days
# name 14 = altM: Altimeter [m]
# name 15 = spar: SPAR, Biospherical/Licor
# name 16 = timeS: Time, Elapsed [seconds]
# name 17 = scan: Scan Count
# name 18 = nbf: Bottles Fired
# name 19 = flag:  0.000e+00
# interval = seconds: 0.0416667
# start_time = Dec 04 2021 00:09:45 [NMEA time, header]
# bad_flag = -9.990e-29
*END*
[from data line 942]
     24.420     24.174    -0.9552  27.353214    -0.9529  27.353507     8.2087     8.2576     2.1828    88.7944 2.5221e+00  -68.02896  -69.29180 338.030895      99.98 1.1459e+02   2084.333      50025         20  0.000e+00
     24.448     24.201    -0.9552  27.353328    -0.9534  27.353451     8.2058     8.2576     2.1828    88.7944 2.5221e+00  -68.02896  -69.29180 338.030896      99.93 1.1459e+02   2084.375      50026         20  0.000e+00
     24.420     24.174    -0.9551  27.353214    -0.9531  27.353618     8.2060     8.2519     2.1828    88.7944 2.5221e+00  -68.02896  -69.29180 338.030896      99.95 1.1459e+02   2084.417      50027         20  0.000e+00
     24.420     24.174    -0.9551  27.352985    -0.9533  27.353507     8.2048     8.2510     2.1828    88.7944 2.5221e+00  -68.02896  -69.29180 338.030897      99.98 1.1459e+02   2084.458      50028         20  0.000e+00
     24.475     24.229    -0.9551  27.353099    -0.9534  27.353228     8.2036     8.2558     2.1828    88.7944 2.5221e+00  -68.02896  -69.29180 338.030897      99.98 1.1459e+02   2084.500      50029         20  0.000e+00
     24.420     24.174    -0.9551  27.353156    -0.9537  27.353005     8.2065     8.2558     2.1828    88.7944 2.5221e+00  -68.02896  -69.29180 338.030897      99.98 1.1459e+02   2084.542      50030         20  0.000e+00
     24.400     24.154    -0.9552  27.352985    -0.9540  27.352893     8.2111     8.2558     2.1828    88.7944 2.5221e+00  -68.02896  -69.29180 338.030898      99.98 1.1459e+02   2084.583      50031         20  0.000e+00
     24.475     24.229    -0.9552  27.353271    -0.9543  27.352503     8.2086     8.2560     2.1828    88.7944 2.5221e+00  -68.02896  -69.29180 338.030898      99.98 1.1459e+02   2084.625      50032         20  0.000e+00
     24.475     24.229    -0.9552  27.353214    -0.9546  27.352391     8.2137     8.2561     2.1828    88.7944 2.5221e+00  -68.02896  -69.29180 338.030899      99.95 1.1459e+02   2084.667      50033         20  0.000e+00
     24.420     24.175    -0.9551  27.353156    -0.9549  27.352223     8.2097     8.2561     2.1828    88.7944 2.5132e+00  -68.02896  -69.29180 338.030899      99.95 1.1459e+02   2084.708      50034         20  0.000e+00
     24.448     24.202    -0.9551  27.352985    -0.9551  27.351945     8.2091     8.2562     2.1828    88.7944 2.5132e+00  -68.02896  -69.29180 338.030900      99.98 1.1459e+02   2084.750      50035         20  0.000e+00
     24.420     24.175    -0.9554  27.352471    -0.9552  27.351498     8.2011     8.2562     2.1828    88.7944 2.5132e+00  -68.02896  -69.29182 338.030900      99.98 1.1459e+02   2084.792      50036         20  0.000e+00
     24.475     24.229    -0.9554  27.353157    -0.9554  27.351721     8.2110     8.2563     2.1388    88.7944 2.5042e+00  -68.02896  -69.29182 338.030901      99.98 1.1459e+02   2084.833      50037         20  0.000e+00
     24.420     24.175    -0.9554  27.353214    -0.9554  27.351665     8.2132     8.2562     2.0509    88.7944 2.5042e+00  -68.02896  -69.29182 338.030901      99.95 1.1459e+02   2084.875      50038         20  0.000e+00
     24.496     24.249    -0.9551  27.353328    -0.9554  27.351610     8.2096     8.2563     2.0143    88.7944 2.5042e+00  -68.02896  -69.29182 338.030902      99.95 1.1459e+02   2084.917      50039         20  0.000e+00
     24.475     24.229    -0.9549  27.353442    -0.9552  27.351610     8.2091     8.2563     2.0216    88.7944 2.4953e+00  -68.02896  -69.29182 338.030902      99.98 1.1459e+02   2084.958      50040         20  0.000e+00
     24.475     24.229    -0.9547  27.353442    -0.9554  27.351777     8.2132     8.2507     2.0289    88.7944 2.4953e+00  -68.02896  -69.29182 338.030903      99.98 1.1459e+02   2085.000      50041         20  0.000e+00
     24.475     24.229    -0.9548  27.353442    -0.9552  27.351889     8.2083     8.2498     2.0289    88.7944 2.4953e+00  -68.02896  -69.29182 338.030903      99.98 1.1459e+02   2085.042      50042         20  0.000e+00
     24.523     24.276    -0.9547  27.353442    -0.9552  27.351889     8.2006     8.2546     2.0289    88.7944 2.4864e+00  -68.02896  -69.29182 338.030904      99.98 1.1459e+02   2085.083      50043         20  0.000e+00
     24.496     24.249    -0.9549  27.353042    -0.9554  27.351666     8.2049     8.2547     2.0289    88.7944 2.4864e+00  -68.02896  -69.29182 338.030904      99.98 1.1459e+02   2085.125      50044         20  0.000e+00
     24.523     24.276    -0.9552  27.352928    -0.9552  27.351777     8.2048     8.2548     2.0216    88.8202 2.4776e+00  -68.02896  -69.29182 338.030905      99.95 1.1459e+02   2085.167      50045         20  0.000e+00
     24.523     24.276    -0.9552  27.353100    -0.9554  27.351666     8.2060     8.2558     2.0289    88.8459 2.4687e+00  -68.02896  -69.29182 338.030905      99.95 1.1459e+02   2085.208      50046         20  0.000e+00
     24.578     24.331    -0.9554  27.352985    -0.9555  27.351610     8.2075     8.2569     2.0289    88.8459 2.4687e+00  -68.02896  -69.29182 338.030906      99.95 1.1459e+02   2085.250      50047         20  0.000e+00
     24.551     24.304    -0.9552  27.353443    -0.9554  27.351610     8.2030     8.2570     2.0289    88.8459 2.4599e+00  -68.02896  -69.29182 338.030906      99.98 1.1459e+02   2085.292      50048         20  0.000e+00
     24.578     24.331    -0.9545  27.354243    -0.9555  27.351777     8.2017     8.2572     2.0289    88.8459 2.4511e+00  -68.02896  -69.29182 338.030907      99.98 1.1459e+02   2085.333      50049         20  0.000e+00
     24.578     24.331    -0.9531  27.355442    -0.9552  27.352056     8.2076     8.2573     2.0216    88.8459 2.4511e+00  -68.02896  -69.29182 338.030907      99.95 1.1459e+02   2085.375      50050         20  0.000e+00
     24.626     24.378    -0.9521  27.356185    -0.9551  27.352336     8.2094     8.2574     2.0289    88.8459 2.4424e+00  -68.02896  -69.29182 338.030908      99.95 1.1459e+02   2085.417      50051         20  0.000e+00
     24.599     24.351    -0.9517  27.356299    -0.9546  27.352391     8.2158     8.2575     2.0289    88.8459 2.4336e+00  -68.02896  -69.29182 338.030908      99.98 1.1459e+02   2085.458      50052         20  0.000e+00
     24.626     24.378    -0.9515  27.356300    -0.9543  27.352949     8.2222     8.2576     2.0289    88.8459 2.4336e+00  -68.02896  -69.29182 338.030909      99.98 1.1459e+02   2085.500      50053         20  0.000e+00
     24.626     24.378    -0.9517  27.356071    -0.9537  27.353340     8.2300     8.2575     2.0289    88.8459 2.4249e+00  -68.02896  -69.29182 338.030909      99.98 1.1459e+02   2085.542      50054         20  0.000e+00
     24.674     24.426    -0.9519  27.355843    -0.9533  27.353619     8.2272     8.2576     2.0289    88.8459 2.4162e+00  -68.02896  -69.29182 338.030910      99.98 1.1459e+02   2085.583      50055         20  0.000e+00
     24.626     24.378    -0.9524  27.355785    -0.9529  27.354065     8.2228     8.2576     2.0289    88.8459 2.4162e+00  -68.02896  -69.29182 338.030910      99.98 1.1459e+02   2085.625      50056         20  0.000e+00
     24.701     24.453    -0.9520  27.355957    -0.9529  27.354400     8.2214     8.2578     2.0289    88.8459 2.4076e+00  -68.02896  -69.29182 338.030910      99.95 1.1459e+02   2085.667      50057         20  0.000e+00
     24.729     24.480    -0.9511  27.356414    -0.9526  27.354847     8.2212     8.2579     2.0289    88.8459 2.3989e+00  -68.02896  -69.29182 338.030911      99.95 1.1459e+02   2085.708      50058         20  0.000e+00
     24.674     24.426    -0.9508  27.357100    -0.9517  27.355014     8.2209     8.2578     2.0289    88.8459 2.3903e+00  -68.02896  -69.29182 338.030911      99.98 1.1459e+02   2085.750      50059         20  0.000e+00
     24.777     24.527    -0.9501  27.357500    -0.9511  27.355740     8.2147     8.2579     2.0289    88.8459 2.3817e+00  -68.02896  -69.29182 338.030912      99.98 1.1459e+02   2085.792      50060         20  0.000e+00
     24.702     24.453    -0.9499  27.357785    -0.9503  27.356186     8.2130     8.2578     2.0289    88.8459 2.3732e+00  -68.02896  -69.29182 338.030912      99.98 1.1459e+02   2085.833      50061         20  0.000e+00
     24.777     24.527    -0.9495  27.358014    -0.9499  27.356800     8.2129     8.2579     2.0289    88.8459 2.3732e+00  -68.02896  -69.29182 338.030913      99.93 1.1459e+02   2085.875      50062         20  0.000e+00
      4.139      4.097    -0.9669  27.321569    -0.9676  27.319588     8.0539     8.4014     2.2414    88.7944 4.3424e+01  -68.02890  -69.29206 338.031476       0.00 1.1282e+02   2134.542      51230         21  0.000e+00
      4.241      4.199    -0.9666  27.321398    -0.9679  27.319198     8.0422     8.4008     2.2340    88.7944 4.3673e+01  -68.02890  -69.29206 338.031477       0.95 1.1282e+02   2134.583      51231         21  0.000e+00
      4.241      4.199    -0.9669  27.321169    -0.9682  27.318807     8.0319     8.3999     2.2340    88.7687 4.3923e+01  -68.02890  -69.29206 338.031477       1.73 1.1282e+02   2134.625      51232         21  0.000e+00
      4.180      4.138    -0.9666  27.320769    -0.9684  27.318752     8.0302     8.3997     2.2340    88.7944 4.4174e+01  -68.02890  -69.29206 338.031478       1.81 1.1282e+02   2134.667      51233         21  0.000e+00
      4.193      4.151    -0.9671  27.320769    -0.9682  27.318919     8.0287     8.3996     2.2340    88.7944 4.4427e+01  -68.02890  -69.29206 338.031478       1.76 1.1282e+02   2134.708      51234         21  0.000e+00
      4.139      4.097    -0.9674  27.320826    -0.9680  27.319142     8.0286     8.3993     2.2340    88.7687 4.4554e+01  -68.02890  -69.29206 338.031479       1.73 1.1282e+02   2134.750      51235         21  0.000e+00
      4.132      4.091    -0.9677  27.320826    -0.9680  27.319030     8.0240     8.3990     2.2340    88.7687 4.4681e+01  -68.02890  -69.29206 338.031479       1.73 1.1282e+02   2134.792      51236         21  0.000e+00
      4.139      4.097    -0.9674  27.320712    -0.9679  27.318975     8.0254     8.3988     2.2340    88.8202 4.4809e+01  -68.02890  -69.29206 338.031480       1.73 1.1282e+02   2134.833      51237         21  0.000e+00
      4.139      4.097    -0.9675  27.320369    -0.9680  27.318975     8.0403     8.3985     2.2414    88.8459 4.4809e+01  -68.02890  -69.29206 338.031480       1.73 1.1282e+02   2134.875      51238         21  0.000e+00
      4.091      4.050    -0.9678  27.320312    -0.9682  27.318974     8.0576     8.3981     2.2340    88.8459 4.4937e+01  -68.02890  -69.29206 338.031481      13.89 1.1282e+02   2134.917      51239         21  0.000e+00
      4.077      4.036    -0.9678  27.320198    -0.9680  27.318807     8.0675     8.3977     2.2340    88.8974 4.4937e+01  -68.02890  -69.29206 338.031481      76.07 1.1282e+02   2134.958      51240         21  0.000e+00
      4.139      4.097    -0.9680  27.320484    -0.9682  27.318919     8.0866     8.3974     2.2340    88.8717 4.5065e+01  -68.02890  -69.29206 338.031481     100.00 1.1282e+02   2135.000      51241         21  0.000e+00
      4.036      3.996    -0.9680  27.320598    -0.9680  27.318863     8.1011     8.3978     2.2414    88.8717 4.5065e+01  -68.02890  -69.29206 338.031482     100.00 1.1282e+02   2135.042      51242         21  0.000e+00
      4.029      3.989    -0.9680  27.320198    -0.9680  27.319142     8.1111     8.3973     2.2340    88.8717 4.5065e+01  -68.02890  -69.29206 338.031482     100.00 1.1282e+02   2135.083      51243         21  0.000e+00
      4.036      3.996    -0.9680  27.320312    -0.9679  27.319253     8.1138     8.3968     2.2340    88.8717 4.4937e+01  -68.02890  -69.29206 338.031483     100.00 1.1282e+02   2135.125      51244         21  0.000e+00
      4.036      3.996    -0.9681  27.320141    -0.9679  27.319253     8.1183     8.3963     2.2340    88.8974 4.4937e+01  -68.02890  -69.29206 338.031483      99.90 1.1282e+02   2135.167      51245         21  0.000e+00
      3.988      3.948    -0.9685  27.320083    -0.9678  27.319420     8.1376     8.3956     2.2414    88.8717 4.4809e+01  -68.02890  -69.29206 338.031484      99.90 1.1282e+02   2135.208      51246         21  0.000e+00
      3.982      3.942    -0.9688  27.319855    -0.9678  27.319309     8.1478     8.3959     2.2340    88.8717 4.4809e+01  -68.02890  -69.29206 338.031484      99.95 1.1282e+02   2135.250      51247         21  0.000e+00
      3.941      3.901    -0.9685  27.320083    -0.9678  27.319253     8.1633     8.3953     2.2487    88.8717 4.4681e+01  -68.02890  -69.29206 338.031485      99.98 1.1282e+02   2135.292      51248         21  0.000e+00
      3.941      3.901    -0.9688  27.319684    -0.9680  27.319030     8.1801     8.3947     2.2707    88.8717 4.4681e+01  -68.02890  -69.29206 338.031485      99.98 1.1282e+02   2135.333      51249         21  0.000e+00
      3.927      3.888    -0.9691  27.319341    -0.9686  27.318974     8.2006     8.3942     2.2707    88.8974 4.4554e+01  -68.02890  -69.29206 338.031486      99.93 1.1282e+02   2135.375      51250         21  0.000e+00
      3.886      3.847    -0.9692  27.319569    -0.9682  27.318807     8.2174     8.3934     2.2707    88.8974 4.4427e+01  -68.02890  -69.29206 338.031486      99.95 1.1282e+02   2135.417      51251         21  0.000e+00
      3.886      3.847    -0.9688  27.319741    -0.9682  27.318639     8.2322     8.3926     2.2707    88.8974 4.4427e+01  -68.02890  -69.29206 338.031487      99.95 1.1282e+02   2135.458      51252         21  0.000e+00
      3.838      3.800    -0.9686  27.319569    -0.9679  27.318472     8.2478     8.3982     2.2707    88.8717 4.4300e+01  -68.02890  -69.29206 338.031487      99.98 1.1282e+02   2135.500      51253         21  0.000e+00
      3.776      3.739    -0.9689  27.319912    -0.9680  27.318806     8.2702     8.3927     2.2707    88.8717 4.4174e+01  -68.02890  -69.29206 338.031488      99.98 1.1282e+02   2135.542      51254         21  0.000e+00
      3.783      3.745    -0.9688  27.319740    -0.9680  27.318806     8.2902     8.3918     2.2707    88.8717 4.4048e+01  -68.02890  -69.29206 338.031488      99.98 1.1282e+02   2135.583      51255         21  0.000e+00
      3.783      3.745    -0.9686  27.319969    -0.9680  27.318750     8.3096     8.3919     2.2707    88.8717 4.3923e+01  -68.02890  -69.29206 338.031489      99.98 1.1282e+02   2135.625      51256         21  0.000e+00
      3.736      3.698    -0.9688  27.319854    -0.9682  27.318918     8.3328     8.3974     2.2707    88.8974 4.3923e+01  -68.02890  -69.29206 338.031489      99.95 1.1282e+02   2135.667      51257         21  0.000e+00
      3.674      3.637    -0.9690  27.319569    -0.9682  27.318583     8.3596     8.3927     2.2707    88.9232 4.3673e+01  -68.02890  -69.29206 338.031490      99.95 1.1282e+02   2135.708      51258         21  0.000e+00
      3.688      3.651    -0.9693  27.319626    -0.9688  27.318248     8.3762     8.3929     2.2707    88.9489 4.3673e+01  -68.02890  -69.29206 338.031490      99.98 1.1282e+02   2135.750      51259         21  0.000e+00
      3.633      3.597    -0.9691  27.319340    -0.9691  27.318025     8.3915     8.3929     2.2707    88.9489 4.3548e+01  -68.02890  -69.29208 338.031491      99.98 1.1282e+02   2135.792      51260         21  0.000e+00
      3.626      3.590    -0.9693  27.319454    -0.9690  27.317969     8.4011     8.3920     2.2707    88.9489 4.3548e+01  -68.02890  -69.29208 338.031491      99.95 1.1282e+02   2135.833      51261         21  0.000e+00
      3.585      3.549    -0.9693  27.319683    -0.9693  27.317969     8.4125     8.3910     2.2707    88.9489 4.3424e+01  -68.02890  -69.29208 338.031492      99.93 1.1282e+02   2135.875      51262         21  0.000e+00
