NBP2113_155081_ctd/data/nbp2113_039.ros
* Sea-Bird SBE 9 Data File:
* FileName = D:\Data\raw\NBP2113_039.hex
* Software Version Seasave V 7.26.7.121
* Temperature SN = 2438
* Conductivity SN = 2067
* Number of Bytes Per Scan = 40
* Number of Voltage Words = 5
* Number of Scans Averaged by the Deck Unit = 1
* NMEA Latitude = 64 52.75 S
* NMEA Longitude = 063 56.20 W
* NMEA UTC (Time) = Dec 10 2021  11:48:20
* NMEA baud rate = 9600
** Ship: RVIB N.B. Palmer
** Cruise: NBP2113 LTER
** Station: 619.027
** Operator: B. Urmston
# nquan = 20
# nvalues = 1126                                  
# units = specified
# name 0 = prDM: Pressure, Digiquartz [db]
# name 1 = depSM: Depth [salt water, m]
# name 2 = t090C: Temperature [ITS-90, deg C]
# name 3 = c0mS/cm: Conductivity [mS/cm]
# name 4 = t190C: Temperature, 2 [ITS-90, deg C]
# name 5 = c1mS/cm: Conductivity, 2 [mS/cm]
# name 6 = sbeox0ML/L: Oxygen, SBE 43 [ml/l]
# name 7 = sbeox1ML/L: Oxygen, SBE 43, 2 [ml/l]
# name 8 = flECO-AFL: Fluorescence, WET Labs ECO-AFL/FL [mg/m^3]
# name 9 = CStarTr0: Beam Transmission, WET Labs C-Star [%]
# name 10 = par: PAR/Irradiance, Biospherical/Licor
# name 11 = latitude: Latitude [deg]
# name 12 = longitude: Longitude [deg]
# name 13 = timeJ: Julian Days
# name 14 = altM: Altimeter [m]
# name 15 = spar: SPAR, Biospherical/Licor
# name 16 = timeS: Time, Elapsed [seconds]
# name 17 = scan: Scan Count
# name 18 = nbf: Bottles Fired
# name 19 = flag:  0.000e+00
# interval = seconds: 0.0416667
# start_time = Dec 10 2021 11:48:20 [NMEA time, header]
# bad_flag = -9.990e-29
*END*
[from data line 652]
     25.487     25.236    -0.3376  27.900574    -0.3006  27.950855     7.9035     7.8188     1.2817    89.9789 1.1160e+01  -64.87858  -63.93682 344.508922      99.98 3.1732e+02   1470.875      35302         14  0.000e+00
     25.487     25.236    -0.3373  27.901149    -0.3177  27.944500     7.9029     7.8265     1.2817    90.0047 1.1193e+01  -64.87858  -63.93682 344.508923      99.98 3.1732e+02   1470.917      35303         14  0.000e+00
     25.535     25.283    -0.3376  27.901092    -0.3255  27.936626     7.9150     7.8282     1.2817    90.0047 1.1193e+01  -64.87858  -63.93682 344.508923      99.98 3.1732e+02   1470.958      35304         14  0.000e+00
     25.459     25.208    -0.3372  27.901091    -0.3178  27.930889     7.9174     7.8215     1.2817    90.0047 1.1193e+01  -64.87858  -63.93682 344.508924      99.98 3.1732e+02   1471.000      35305         14  0.000e+00
     25.535     25.283    -0.3369  27.901379    -0.3114  27.935331     7.9195     7.8191     1.2817    90.0304 1.1193e+01  -64.87858  -63.93682 344.508924      99.95 3.1732e+02   1471.042      35306         14  0.000e+00
     25.487     25.236    -0.3370  27.901610    -0.3082  27.944274     7.9139     7.8169     1.2817    90.0047 1.1226e+01  -64.87858  -63.93682 344.508925      99.95 3.1732e+02   1471.083      35307         14  0.000e+00
     25.487     25.236    -0.3369  27.902185    -0.2998  27.948830     7.9137     7.8197     1.2817    90.0047 1.1226e+01  -64.87858  -63.93682 344.508925      99.98 3.1732e+02   1471.125      35308         14  0.000e+00
     25.535     25.283    -0.3367  27.902415    -0.2936  27.949504     7.9188     7.8188     1.2817    90.0047 1.1226e+01  -64.87858  -63.93682 344.508926      99.98 3.1732e+02   1471.167      35309         14  0.000e+00
     25.507     25.256    -0.3366  27.902415    -0.2890  27.952654     7.9189     7.8179     1.2817    90.0047 1.1260e+01  -64.87858  -63.93682 344.508926      99.95 3.1732e+02   1471.208      35310         14  0.000e+00
     25.432     25.181    -0.3367  27.902185    -0.2908  27.960024     7.9185     7.8125     1.2817    90.0047 1.1226e+01  -64.87858  -63.93682 344.508927      99.93 3.1732e+02   1471.250      35311         14  0.000e+00
     25.535     25.283    -0.3367  27.901897    -0.2920  27.964751     7.9178     7.8174     1.2817    90.0047 1.1260e+01  -64.87858  -63.93682 344.508927      99.95 3.1732e+02   1471.292      35312         14  0.000e+00
     25.487     25.236    -0.3369  27.901610    -0.2996  27.967621     7.9165     7.8190     1.2817    90.0047 1.1260e+01  -64.87858  -63.93682 344.508927      99.98 3.1732e+02   1471.333      35313         14  0.000e+00
     25.487     25.236    -0.3370  27.901667    -0.3050  27.969985     7.9218     7.8212     1.2817    90.0047 1.1260e+01  -64.87858  -63.93682 344.508928      99.98 3.1732e+02   1471.375      35314         14  0.000e+00
     25.535     25.283    -0.3369  27.901379    -0.3002  27.967903     7.9209     7.8212     1.2817    90.0047 1.1294e+01  -64.87858  -63.93682 344.508928      99.98 3.1732e+02   1471.417      35315         14  0.000e+00
     25.460     25.209    -0.3366  27.902185    -0.2957  27.967114     7.9191     7.8210     1.2817    90.0047 1.1294e+01  -64.87858  -63.93682 344.508929      99.98 3.1732e+02   1471.458      35316         14  0.000e+00
     25.535     25.283    -0.3367  27.901610    -0.2958  27.966327     7.9114     7.8220     1.2817    90.0047 1.1294e+01  -64.87858  -63.93682 344.508929      99.98 3.1732e+02   1471.500      35317         14  0.000e+00
     25.487     25.236    -0.3363  27.901897    -0.3027  27.959519     7.9073     7.8245     1.2817    90.0047 1.1294e+01  -64.87858  -63.93682 344.508930      99.95 3.1732e+02   1471.542      35318         14  0.000e+00
     25.487     25.236    -0.3366  27.902473    -0.3093  27.951362     7.9100     7.8272     1.2450    90.0047 1.1327e+01  -64.87858  -63.93682 344.508930      99.95 3.1732e+02   1471.583      35319         14  0.000e+00
     25.487     25.236    -0.3364  27.902703    -0.3111  27.945850     7.9078     7.8290     1.2011    89.9532 1.1327e+01  -64.87858  -63.93682 344.508931      99.98 3.1732e+02   1471.625      35320         14  0.000e+00
     25.508     25.256    -0.3366  27.902703    -0.3093  27.940843     7.9051     7.8301     1.1937    89.7987 1.1327e+01  -64.87858  -63.93682 344.508931      99.98 3.1732e+02   1471.667      35321         14  0.000e+00
     25.487     25.236    -0.3367  27.902933    -0.3085  27.938762     7.9019     7.8366     1.1937    89.7214 1.1327e+01  -64.87858  -63.93682 344.508932      99.98 3.1732e+02   1471.708      35322         14  0.000e+00
     25.535     25.283    -0.3366  27.902415    -0.3064  27.940562     7.9040     7.8327     1.1937    89.6957 1.1327e+01  -64.87858  -63.93682 344.508932      99.93 3.1732e+02   1471.750      35323         14  0.000e+00
     25.487     25.236    -0.3367  27.903221    -0.3041  27.943711     7.9153     7.8324     1.1937    89.7214 1.1361e+01  -64.87858  -63.93682 344.508933      99.95 3.1732e+02   1471.792      35324         14  0.000e+00
     25.487     25.236    -0.3364  27.902933    -0.3049  27.945399     7.9114     7.8328     1.1937    89.7214 1.1361e+01  -64.87858  -63.93682 344.508933      99.98 3.1732e+02   1471.833      35325         14  0.000e+00
     25.487     25.236    -0.3366  27.902415    -0.3033  27.946636     7.9116     7.8329     1.1937    89.7214 1.1361e+01  -64.87858  -63.93682 344.508934      99.98 3.1732e+02   1471.875      35326         14  0.000e+00
     25.508     25.256    -0.3366  27.902703    -0.3012  27.946917     7.9068     7.8393     1.1937    89.7214 1.1361e+01  -64.87858  -63.93682 344.508934      99.98 3.1732e+02   1471.917      35327         14  0.000e+00
     25.487     25.236    -0.3364  27.902933    -0.2993  27.946636     7.9060     7.8403     1.1937    89.7214 1.1361e+01  -64.87858  -63.93682 344.508935      99.98 3.1732e+02   1471.958      35328         14  0.000e+00
     25.487     25.236    -0.3366  27.902703    -0.3015  27.947424     7.9108     7.8419     1.1937    89.7214 1.1361e+01  -64.87858  -63.93682 344.508935      99.98 3.1732e+02   1472.000      35329         14  0.000e+00
     25.487     25.236    -0.3369  27.902128    -0.3035  27.947143     7.9106     7.8382     1.1937    89.7214 1.1361e+01  -64.87858  -63.93682 344.508936      99.95 3.1732e+02   1472.042      35330         14  0.000e+00
     25.535     25.283    -0.3367  27.902415    -0.3029  27.949280     7.9086     7.8440     1.1937    89.7214 1.1361e+01  -64.87858  -63.93682 344.508936      99.95 3.1732e+02   1472.083      35331         14  0.000e+00
     25.508     25.256    -0.3366  27.902473    -0.3042  27.948718     7.9002     7.8456     1.1937    89.7214 1.1395e+01  -64.87858  -63.93682 344.508937      99.98 3.1732e+02   1472.125      35332         14  0.000e+00
     25.487     25.236    -0.3366  27.902128    -0.3072  27.946637     7.8959     7.8477     1.1937    89.7214 1.1395e+01  -64.87858  -63.93682 344.508937      99.98 3.1732e+02   1472.167      35333         14  0.000e+00
     25.487     25.236    -0.3369  27.902185    -0.3054  27.945568     7.8983     7.8488     1.1937    89.7214 1.1395e+01  -64.87858  -63.93682 344.508938      99.98 3.1732e+02   1472.208      35334         14  0.000e+00
      4.794      4.747    -0.3366  27.890273    -0.3370  27.887936     7.8488     7.9462     1.2304    89.4382 9.8140e+01  -64.87848  -63.93682 344.509777      99.98 3.1027e+02   1544.708      37074         15  0.000e+00
      4.692      4.646    -0.3367  27.889928    -0.3374  27.888104     7.8532     7.9478     1.2304    89.4382 9.8140e+01  -64.87848  -63.93682 344.509777      99.95 3.1027e+02   1544.750      37075         15  0.000e+00
      4.835      4.788    -0.3366  27.889928    -0.3370  27.888105     7.8547     7.9433     1.2304    89.4382 9.7863e+01  -64.87848  -63.93682 344.509778      99.95 3.1027e+02   1544.792      37076         15  0.000e+00
      4.746      4.700    -0.3366  27.890273    -0.3374  27.887542     7.8547     7.9425     1.2304    89.4382 9.7863e+01  -64.87848  -63.93682 344.509778      99.98 3.1027e+02   1544.833      37077         15  0.000e+00
      4.794      4.747    -0.3367  27.890158    -0.3373  27.887936     7.8492     7.9426     1.2304    89.4124 9.7863e+01  -64.87848  -63.93682 344.509779      99.98 3.1027e+02   1544.875      37078         15  0.000e+00
      4.787      4.741    -0.3367  27.889928    -0.3374  27.888105     7.8481     7.9426     1.2304    89.4382 9.7863e+01  -64.87848  -63.93682 344.509779      99.98 3.1027e+02   1544.917      37079         15  0.000e+00
      4.794      4.747    -0.3367  27.889986    -0.3375  27.887542     7.8529     7.9428     1.2304    89.4382 9.7863e+01  -64.87848  -63.93682 344.509780      99.98 3.1027e+02   1544.958      37080         15  0.000e+00
      4.794      4.747    -0.3366  27.889928    -0.3375  27.887824     7.8547     7.9484     1.2304    89.4382 9.8140e+01  -64.87848  -63.93682 344.509780      99.98 3.1027e+02   1545.000      37081         15  0.000e+00
      4.835      4.788    -0.3369  27.889928    -0.3374  27.887936     7.8554     7.9439     1.2304    89.4382 9.8140e+01  -64.87848  -63.93682 344.509781      99.98 3.1027e+02   1545.042      37082         15  0.000e+00
      4.849      4.802    -0.3369  27.889986    -0.3376  27.888105     7.8503     7.9441     1.2230    89.4382 9.8418e+01  -64.87848  -63.93682 344.509781      99.95 3.1027e+02   1545.083      37083         15  0.000e+00
      4.794      4.747    -0.3369  27.889640    -0.3374  27.887542     7.8482     7.9497     1.2230    89.4382 9.8418e+01  -64.87848  -63.93682 344.509782      99.98 3.1027e+02   1545.125      37084         15  0.000e+00
      4.835      4.788    -0.3366  27.890158    -0.3375  27.887824     7.8520     7.9454     1.2230    89.4382 9.8697e+01  -64.87848  -63.93682 344.509782      99.98 3.1027e+02   1545.167      37085         15  0.000e+00
      4.849      4.802    -0.3366  27.889986    -0.3376  27.887655     7.8471     7.9457     1.2230    89.4382 9.8697e+01  -64.87848  -63.93682 344.509783      99.98 3.1027e+02   1545.208      37086         15  0.000e+00
      4.849      4.802    -0.3367  27.890158    -0.3374  27.888330     7.8466     7.9504     1.2230    89.4382 9.8977e+01  -64.87848  -63.93682 344.509783      99.93 3.1027e+02   1545.250      37087         15  0.000e+00
      4.883      4.835    -0.3369  27.890274    -0.3375  27.887543     7.8464     7.9453     1.2230    89.4382 9.8977e+01  -64.87848  -63.93682 344.509783      99.95 3.1027e+02   1545.292      37088         15  0.000e+00
      4.849      4.802    -0.3366  27.889928    -0.3374  27.887824     7.8403     7.9446     1.2230    89.4382 9.9258e+01  -64.87848  -63.93682 344.509784      99.98 3.1027e+02   1545.333      37089         15  0.000e+00
      4.897      4.849    -0.3366  27.890158    -0.3374  27.887655     7.8505     7.9449     1.2230    89.4382 9.9539e+01  -64.87848  -63.93682 344.509784      99.98 3.1027e+02   1545.375      37090         15  0.000e+00
      4.883      4.835    -0.3367  27.890274    -0.3374  27.887543     7.8460     7.9443     1.2230    89.4382 9.9539e+01  -64.87848  -63.93682 344.509785      99.98 3.1027e+02   1545.417      37091         15  0.000e+00
      4.945      4.896    -0.3367  27.890159    -0.3375  27.887543     7.8449     7.9492     1.2230    89.4382 9.9539e+01  -64.87848  -63.93682 344.509785      99.98 3.1027e+02   1545.458      37092         15  0.000e+00
      4.897      4.849    -0.3366  27.889641    -0.3375  27.887543     7.8436     7.9440     1.2230    89.4382 9.9539e+01  -64.87848  -63.93682 344.509786      99.98 3.1027e+02   1545.500      37093         15  0.000e+00
      4.938      4.890    -0.3369  27.889756    -0.3374  27.888217     7.8368     7.9433     1.2230    89.4382 9.9821e+01  -64.87848  -63.93682 344.509786      99.95 3.1027e+02   1545.542      37094         15  0.000e+00
      4.897      4.849    -0.3367  27.890158    -0.3373  27.888105     7.8472     7.9489     1.2230    89.4382 9.9821e+01  -64.87848  -63.93682 344.509787      99.93 3.1027e+02   1545.583      37095         15  0.000e+00
      4.945      4.896    -0.3369  27.890446    -0.3372  27.888105     7.8432     7.9446     1.2230    89.4382 9.9821e+01  -64.87848  -63.93682 344.509787      99.95 3.1027e+02   1545.625      37096         15  0.000e+00
      4.986      4.937    -0.3366  27.889986    -0.3372  27.887543     7.8437     7.9450     1.2230    89.4382 9.9821e+01  -64.87848  -63.93682 344.509788      99.98 3.1027e+02   1545.667      37097         15  0.000e+00
      4.945      4.896    -0.3369  27.889928    -0.3372  27.887936     7.8430     7.9498     1.2230    89.4382 9.9821e+01  -64.87848  -63.93682 344.509788      99.98 3.1027e+02   1545.708      37098         15  0.000e+00
      5.000      4.951    -0.3366  27.889929    -0.3370  27.887824     7.8480     7.9501     1.2230    89.4124 9.9821e+01  -64.87848  -63.93682 344.509789      99.95 3.1027e+02   1545.750      37099         15  0.000e+00
      4.938      4.890    -0.3367  27.890274    -0.3374  27.888330     7.8499     7.9502     1.2230    89.3609 9.9821e+01  -64.87848  -63.93682 344.509789      99.95 3.1027e+02   1545.792      37100         15  0.000e+00
      5.000      4.951    -0.3367  27.889929    -0.3374  27.888442     7.8463     7.9459     1.2230    89.3609 9.9539e+01  -64.87848  -63.93682 344.509790      99.98 3.1027e+02   1545.833      37101         15  0.000e+00
      5.000      4.951    -0.3367  27.889929    -0.3372  27.888105     7.8458     7.9462     1.2230    89.3609 9.9539e+01  -64.87848  -63.93682 344.509790      99.98 3.1027e+02   1545.875      37102         15  0.000e+00
      5.041      4.991    -0.3366  27.890274    -0.3372  27.888105     7.8453     7.9510     1.2230    89.3609 9.9539e+01  -64.87848  -63.93682 344.509791      99.98 3.1027e+02   1545.917      37103         15  0.000e+00
      5.000      4.951    -0.3367  27.889929    -0.3372  27.888105     7.8506     7.9458     1.2230    89.3609 9.9539e+01  -64.87848  -63.93682 344.509791      99.98 3.1027e+02   1545.958      37104         15  0.000e+00
      5.000      4.951    -0.3366  27.890159    -0.3374  27.888218     7.8528     7.9452     1.2230    89.3609 9.9258e+01  -64.87848  -63.93682 344.509792      99.98 3.1027e+02   1546.000      37105         15  0.000e+00
      4.986      4.937    -0.3366  27.890274    -0.3372  27.888330     7.8493     7.9445     1.2230    89.3609 9.9258e+01  -64.87848  -63.93682 344.509792      99.95 3.1027e+02   1546.042      37106         15  0.000e+00
      5.048      4.998    -0.3367  27.890159    -0.3373  27.888105     7.8491     7.9503     1.2230    89.3609 9.9258e+01  -64.87848  -63.93682 344.509793      99.95 3.1027e+02   1546.083      37107         15  0.000e+00
      5.000      4.951    -0.3364  27.889986    -0.3375  27.888330     7.8431     7.9513     1.2304    89.3609 9.9258e+01  -64.87848  -63.93682 344.509793      99.98 3.1027e+02   1546.125      37108         15  0.000e+00
      5.041      4.991    -0.3367  27.890159    -0.3372  27.888218     7.8475     7.9461     1.2817    89.3609 9.9258e+01  -64.87848  -63.93682 344.509794      99.98 3.1027e+02   1546.167      37109         15  0.000e+00
      5.000      4.951    -0.3366  27.889929    -0.3374  27.888330     7.8474     7.9454     1.2963    89.3609 9.9258e+01  -64.87848  -63.93682 344.509794      99.98 3.1027e+02   1546.208      37110         15  0.000e+00
      5.048      4.998    -0.3366  27.889986    -0.3372  27.887824     7.8474     7.9503     1.2963    89.3609 9.8977e+01  -64.87848  -63.93682 344.509795      99.93 3.1027e+02   1546.250      37111         15  0.000e+00
