NBP2113_155081_ctd/data/nbp2113_035.ros
* Sea-Bird SBE 9 Data File:
* FileName = D:\Data\raw\NBP2113_035.hex
* Software Version Seasave V 7.26.7.121
* Temperature SN = 2438
* Conductivity SN = 2067
* Number of Bytes Per Scan = 40
* Number of Voltage Words = 5
* Number of Scans Averaged by the Deck Unit = 1
* NMEA Latitude = 64 56.00 S
* NMEA Longitude = 064 23.93 W
* NMEA UTC (Time) = Dec 09 2021  05:14:22
* NMEA baud rate = 9600
** Ship: RVIB N.B. Palmer
** Cruise: NBP2113 LTER
** Station: 600.040
** Operator: B. Urmston
# nquan = 20
# nvalues = 277                                   
# units = specified
# name 0 = prDM: Pressure, Digiquartz [db]
# name 1 = depSM: Depth [salt water, m]
# name 2 = t090C: Temperature [ITS-90, deg C]
# name 3 = c0mS/cm: Conductivity [mS/cm]
# name 4 = t190C: Temperature, 2 [ITS-90, deg C]
# name 5 = c1mS/cm: Conductivity, 2 [mS/cm]
# name 6 = sbeox0ML/L: Oxygen, SBE 43 [ml/l]
# name 7 = sbeox1ML/L: Oxygen, SBE 43, 2 [ml/l]
# name 8 = flECO-AFL: Fluorescence, WET Labs ECO-AFL/FL [mg/m^3]
# name 9 = CStarTr0: Beam Transmission, WET Labs C-Star [%]
# name 10 = par: PAR/Irradiance, Biospherical/Licor
# name 11 = latitude: Latitude [deg]
# name 12 = longitude: Longitude [deg]
# name 13 = timeJ: Julian Days
# name 14 = altM: Altimeter [m]
# name 15 = spar: SPAR, Biospherical/Licor
# name 16 = timeS: Time, Elapsed [seconds]
# name 17 = scan: Scan Count
# name 18 = nbf: Bottles Fired
# name 19 = flag:  0.000e+00
# interval = seconds: 0.0416667
# start_time = Dec 09 2021 05:14:22 [NMEA time, header]
# bad_flag = -9.990e-29
*END*
     18.952     18.765    -0.9219  27.294877    -0.9217  27.294247     7.6839     7.7167     0.9959    91.9617 1.2443e-01  -64.93358  -64.40190 343.228637      99.95 0.0000e+00    892.250      21415          1  0.000e+00
     19.034     18.846    -0.9219  27.294877    -0.9222  27.293689     7.6854     7.7217     0.9959    91.9617 1.2443e-01  -64.93358  -64.40190 343.228638      99.95 0.0000e+00    892.292      21416          1  0.000e+00
     18.952     18.765    -0.9219  27.295163    -0.9220  27.293689     7.6853     7.7169     0.9959    91.9874 1.2443e-01  -64.93358  -64.40190 343.228638      99.98 0.0000e+00    892.333      21417          1  0.000e+00
     18.979     18.792    -0.9221  27.295163    -0.9222  27.293968     7.6853     7.7162     0.9959    91.9874 1.2443e-01  -64.93358  -64.40190 343.228639      99.98 0.0000e+00    892.375      21418          1  0.000e+00
     18.979     18.792    -0.9219  27.295163    -0.9218  27.294247     7.6792     7.7153     0.9959    91.9617 1.2443e-01  -64.93358  -64.40190 343.228639      99.98 0.0000e+00    892.417      21419          1  0.000e+00
     18.952     18.765    -0.9220  27.294877    -0.9222  27.293968     7.6792     7.7145     0.9959    91.9874 1.2666e-01  -64.93358  -64.40190 343.228640      99.93 0.0000e+00    892.458      21420          1  0.000e+00
     18.979     18.792    -0.9218  27.294877    -0.9215  27.293968     7.6896     7.7136     0.9959    91.9617 1.2666e-01  -64.93358  -64.40190 343.228640      99.95 0.0000e+00    892.500      21421          1  0.000e+00
     18.979     18.792    -0.9219  27.295163    -0.9207  27.294972     7.6908     7.7125     0.9959    91.9617 1.2666e-01  -64.93358  -64.40190 343.228641      99.98 0.0000e+00    892.542      21422          1  0.000e+00
     18.999     18.812    -0.9219  27.295163    -0.9205  27.295752     7.6919     7.7117     0.9959    91.9617 1.2666e-01  -64.93358  -64.40190 343.228641      99.98 0.0000e+00    892.583      21423          1  0.000e+00
     18.931     18.745    -0.9219  27.294877    -0.9203  27.296031     7.6884     7.7107     1.0106    91.9874 1.2890e-01  -64.93358  -64.40190 343.228641      99.98 0.0000e+00    892.625      21424          1  0.000e+00
     18.979     18.792    -0.9217  27.294877    -0.9203  27.296031     7.7013     7.7100     1.0106    91.9617 1.2890e-01  -64.93358  -64.40190 343.228642      99.98 0.0000e+00    892.667      21425          1  0.000e+00
     18.952     18.765    -0.9215  27.295163    -0.9205  27.296031     7.6975     7.7091     1.0179    91.9617 1.2890e-01  -64.93358  -64.40190 343.228642      99.98 0.0000e+00    892.708      21426          1  0.000e+00
     18.979     18.792    -0.9212  27.295391    -0.9202  27.296031     7.6982     7.7083     1.0106    91.9617 1.3115e-01  -64.93358  -64.40190 343.228643      99.95 0.0000e+00    892.750      21427          1  0.000e+00
     18.952     18.765    -0.9214  27.295676    -0.9175  27.296031     7.6944     7.7070     1.0106    91.9617 1.3115e-01  -64.93358  -64.40190 343.228643      99.95 0.0000e+00    892.792      21428          1  0.000e+00
     18.979     18.792    -0.9209  27.295391    -0.9116  27.297592     7.6995     7.7050     1.0179    91.9617 1.3115e-01  -64.93358  -64.40190 343.228644      99.98 0.0000e+00    892.833      21429          1  0.000e+00
     18.931     18.745    -0.9209  27.295905    -0.9076  27.304562     7.7000     7.7029     1.0179    91.9617 1.3115e-01  -64.93358  -64.40190 343.228644      99.98 0.0000e+00    892.875      21430          1  0.000e+00
     18.952     18.765    -0.9207  27.295905    -0.8984  27.312816     7.6944     7.6998     1.0106    91.9874 1.3115e-01  -64.93358  -64.40190 343.228645      99.98 0.0000e+00    892.917      21431          1  0.000e+00
     18.931     18.745    -0.9202  27.296190    -0.8929  27.317724     7.6947     7.6976     1.0106    91.9617 1.3340e-01  -64.93358  -64.40190 343.228645      99.93 0.0000e+00    892.958      21432          1  0.000e+00
     18.931     18.745    -0.9198  27.296932    -0.8987  27.326761     7.7068     7.6972     1.0106    91.9874 1.3340e-01  -64.93358  -64.40190 343.228646      99.95 0.0000e+00    893.000      21433          1  0.000e+00
     18.952     18.765    -0.9192  27.296932    -0.9069  27.325981     7.7143     7.6989     1.0179    91.9874 1.3340e-01  -64.93358  -64.40190 343.228646      99.98 0.0000e+00    893.042      21434          1  0.000e+00
     18.883     18.697    -0.9184  27.297503    -0.9133  27.315383     7.7182     7.7009     1.0106    91.9617 1.3340e-01  -64.93358  -64.40190 343.228647      99.98 0.0000e+00    893.083      21435          1  0.000e+00
     18.952     18.765    -0.9174  27.298759    -0.9159  27.305846     7.7162     7.7023     1.0179    91.9617 1.3566e-01  -64.93358  -64.40190 343.228647      99.98 0.0000e+00    893.125      21436          1  0.000e+00
     18.931     18.745    -0.9167  27.300358    -0.9170  27.300436     7.7185     7.7031     1.0179    91.9874 1.3566e-01  -64.93358  -64.40190 343.228648      99.98 0.0000e+00    893.167      21437          1  0.000e+00
     18.883     18.697    -0.9163  27.300358    -0.9181  27.299655     7.7208     7.7036     1.0106    91.9617 1.3793e-01  -64.93358  -64.40190 343.228648      99.98 0.0000e+00    893.208      21438          1  0.000e+00
     18.904     18.718    -0.9166  27.301900    -0.9182  27.298875     7.7171     7.7030     1.0179    91.9617 1.3566e-01  -64.93358  -64.40190 343.228649      99.95 0.0000e+00    893.250      21439          1  0.000e+00
     18.931     18.745    -0.9171  27.301614    -0.9183  27.298875     7.7196     7.7090     1.0106    91.9874 1.3793e-01  -64.93358  -64.40190 343.228649      99.95 0.0000e+00    893.292      21440          1  0.000e+00
     18.883     18.697    -0.9179  27.300872    -0.9188  27.297592     7.7280     7.7103     1.0106    91.9874 1.3793e-01  -64.93358  -64.40190 343.228650      99.98 0.0000e+00    893.333      21441          1  0.000e+00
     18.904     18.718    -0.9187  27.300587    -0.9196  27.297090     7.7230     7.7117     1.0106    91.9617 1.3793e-01  -64.93358  -64.40190 343.228650      99.98 0.0000e+00    893.375      21442          1  0.000e+00
     18.829     18.643    -0.9196  27.299559    -0.9199  27.296811     7.7224     7.7119     1.0179    91.9617 1.4020e-01  -64.93358  -64.40190 343.228651      99.98 0.0000e+00    893.417      21443          1  0.000e+00
     18.849     18.664    -0.9194  27.298017    -0.9205  27.296031     7.7276     7.7123     1.0106    91.9359 1.4020e-01  -64.93358  -64.40190 343.228651      99.93 0.0000e+00    893.458      21444          1  0.000e+00
     18.883     18.697    -0.9192  27.297446    -0.9199  27.295529     7.7220     7.7125     1.0179    91.9359 1.4020e-01  -64.93358  -64.40190 343.228652      99.95 0.0000e+00    893.500      21445          1  0.000e+00
     18.829     18.643    -0.9181  27.298017    -0.9192  27.295250     7.7191     7.7125     1.0179    91.9359 1.4020e-01  -64.93358  -64.40190 343.228652      99.98 0.0000e+00    893.542      21446          1  0.000e+00
     18.904     18.718    -0.9155  27.298531    -0.9183  27.295752     7.7114     7.7134     1.0179    91.9359 1.4248e-01  -64.93358  -64.40190 343.228653      99.98 0.0000e+00    893.583      21447          1  0.000e+00
     18.781     18.596    -0.9133  27.300357    -0.9154  27.297313     7.7139     7.7137     1.0106    91.9359 1.4248e-01  -64.93358  -64.40190 343.228653      99.98 0.0000e+00    893.625      21448          1  0.000e+00
     18.829     18.643    -0.9127  27.304241    -0.9133  27.299878     7.7120     7.7086     1.0106    91.9359 1.4477e-01  -64.93358  -64.40190 343.228654      99.98 0.0000e+00    893.667      21449          1  0.000e+00
     18.801     18.616    -0.9138  27.306296    -0.9111  27.303502     7.7104     7.7137     0.9959    91.9359 1.4477e-01  -64.93358  -64.40190 343.228654      99.98 0.0000e+00    893.708      21450          1  0.000e+00
     18.829     18.643    -0.9144  27.304812    -0.9096  27.305343     7.7104     7.7144     0.9886    91.9359 1.4477e-01  -64.93358  -64.40190 343.228655      99.95 0.0000e+00    893.750      21451          1  0.000e+00
     18.801     18.616    -0.9132  27.303441    -0.9085  27.307406     7.7158     7.7151     0.9886    91.9359 1.4706e-01  -64.93358  -64.40190 343.228655      99.95 0.0000e+00    893.792      21452          1  0.000e+00
     18.781     18.596    -0.9119  27.302641    -0.9081  27.308410     7.7151     7.7160     0.9886    91.9359 1.4706e-01  -64.93358  -64.40190 343.228655      99.98 0.0000e+00    893.833      21453          1  0.000e+00
     18.781     18.596    -0.9111  27.305097    -0.9089  27.309470     7.7067     7.7171     0.9886    91.9359 1.4935e-01  -64.93358  -64.40190 343.228656      99.98 0.0000e+00    893.875      21454          1  0.000e+00
     18.747     18.562    -0.9107  27.306296    -0.9100  27.309972     7.7043     7.7239     0.9886    91.9359 1.4935e-01  -64.93358  -64.40190 343.228656      99.95 0.0000e+00    893.917      21455          1  0.000e+00
     18.726     18.542    -0.9098  27.306810    -0.9119  27.308187     7.7090     7.7253     0.9886    91.9359 1.4935e-01  -64.93358  -64.40190 343.228657      99.95 0.0000e+00    893.958      21456          1  0.000e+00
     18.726     18.542    -0.9078  27.308180    -0.9137  27.305343     7.7134     7.7277     0.9886    91.9359 1.4935e-01  -64.93358  -64.40190 343.228657      99.98 0.0000e+00    894.000      21457          1  0.000e+00
     18.747     18.562    -0.9049  27.309950    -0.9137  27.302499     7.7128     7.7298     0.9886    91.9359 1.5166e-01  -64.93358  -64.40190 343.228658      99.98 0.0000e+00    894.042      21458          1  0.000e+00
     18.726     18.542    -0.9020  27.313091    -0.9122  27.300937     7.7133     7.7304     0.9813    91.9359 1.5166e-01  -64.93358  -64.40190 343.228658      99.98 0.0000e+00    894.083      21459          1  0.000e+00
     18.699     18.515    -0.9007  27.316575    -0.9094  27.302721     7.7198     7.7315     0.9886    91.9359 1.5166e-01  -64.93358  -64.40190 343.228659      99.98 0.0000e+00    894.125      21460          1  0.000e+00
     18.678     18.494    -0.8993  27.318802    -0.9075  27.306848     7.7216     7.7325     0.9886    91.9359 1.5397e-01  -64.93358  -64.40190 343.228659      99.98 0.0000e+00    894.167      21461          1  0.000e+00
     18.678     18.494    -0.8977  27.320116    -0.9056  27.310696     7.7173     7.7325     0.9886    91.9359 1.5397e-01  -64.93358  -64.40190 343.228660      99.98 0.0000e+00    894.208      21462          1  0.000e+00
     18.699     18.515    -0.8981  27.321886    -0.9040  27.312314     7.7132     7.7328     0.9886    91.9359 1.5397e-01  -64.93358  -64.40190 343.228660      99.95 0.0000e+00    894.250      21463          1  0.000e+00
     18.377     18.196    -0.8658  27.362790    -0.8789  27.349020     7.7149     7.7370     1.0839    91.9359 1.6797e-01  -64.93358  -64.40192 343.228668      99.95 0.0000e+00    894.958      21480          2  0.000e+00
     18.391     18.210    -0.8648  27.364848    -0.8805  27.347737     7.7076     7.7373     1.0839    91.9359 1.6797e-01  -64.93358  -64.40192 343.228669      99.95 0.0000e+00    895.000      21481          2  0.000e+00
     18.473     18.291    -0.8653  27.366162    -0.8799  27.344333     7.7079     7.7373     1.0765    91.9359 1.6797e-01  -64.93358  -64.40192 343.228669      99.98 0.0000e+00    895.042      21482          2  0.000e+00
     18.425     18.244    -0.8653  27.366505    -0.8740  27.344890     7.7153     7.7358     1.0839    91.9359 1.7033e-01  -64.93358  -64.40192 343.228670      99.98 0.0000e+00    895.083      21483          2  0.000e+00
     18.446     18.264    -0.8641  27.366162    -0.8681  27.349298     7.7181     7.7395     1.0839    91.8844 1.7033e-01  -64.93358  -64.40192 343.228670      99.98 0.0000e+00    895.125      21484          2  0.000e+00
     18.323     18.142    -0.8639  27.366676    -0.8684  27.357278     7.7194     7.7391     1.0839    91.8329 1.7033e-01  -64.93358  -64.40192 343.228671      99.98 0.0000e+00    895.167      21485          2  0.000e+00
     18.377     18.196    -0.8646  27.368791    -0.8672  27.360125     7.7266     7.7389     1.0765    91.8329 1.7033e-01  -64.93358  -64.40192 343.228671      99.98 0.0000e+00    895.208      21486          2  0.000e+00
     18.343     18.163    -0.8639  27.369305    -0.8622  27.358059     7.7349     7.7381     1.0839    91.8329 1.7269e-01  -64.93358  -64.40192 343.228672      99.98 0.0000e+00    895.250      21487          2  0.000e+00
     18.377     18.196    -0.8638  27.369020    -0.8592  27.362412     7.7371     7.7371     1.0765    91.8329 1.7269e-01  -64.93358  -64.40192 343.228672      99.95 0.0000e+00    895.292      21488          2  0.000e+00
     18.343     18.163    -0.8632  27.368791    -0.8561  27.370003     7.7390     7.7366     1.0839    91.8329 1.7269e-01  -64.93358  -64.40192 343.228673      99.98 0.0000e+00    895.333      21489          2  0.000e+00
     18.323     18.142    -0.8620  27.369648    -0.8549  27.373854     7.7359     7.7365     1.0839    91.8329 1.7269e-01  -64.93358  -64.40192 343.228673      99.98 0.0000e+00    895.375      21490          2  0.000e+00
     18.323     18.142    -0.8616  27.370620    -0.8549  27.375697     7.7417     7.7424     1.0839    91.8329 1.7269e-01  -64.93358  -64.40192 343.228674      99.98 0.0000e+00    895.417      21491          2  0.000e+00
     18.295     18.115    -0.8615  27.371134    -0.8564  27.375864     7.7429     7.7437     1.0839    91.8329 1.7506e-01  -64.93358  -64.40192 343.228674      99.93 0.0000e+00    895.458      21492          2  0.000e+00
     18.275     18.095    -0.8618  27.371363    -0.8592  27.375697     7.7393     7.7452     1.0839    91.8329 1.7506e-01  -64.93358  -64.40192 343.228675      99.95 0.0000e+00    895.500      21493          2  0.000e+00
     18.241     18.061    -0.8616  27.371362    -0.8684  27.373855     7.7327     7.7479     1.0765    91.8329 1.7506e-01  -64.93358  -64.40192 343.228675      99.98 0.0000e+00    895.542      21494          2  0.000e+00
     18.275     18.095    -0.8618  27.370848    -0.8712  27.368162     7.7366     7.7496     1.0839    91.8329 1.7506e-01  -64.93358  -64.40192 343.228676      99.98 0.0000e+00    895.583      21495          2  0.000e+00
     18.275     18.095    -0.8616  27.371134    -0.8652  27.357780     7.7340     7.7498     1.0839    91.8329 1.7506e-01  -64.93358  -64.40192 343.228676      99.98 0.0000e+00    895.625      21496          2  0.000e+00
     18.241     18.061    -0.8613  27.371362    -0.8646  27.360682     7.7326     7.7498     1.0765    91.8329 1.7506e-01  -64.93358  -64.40192 343.228677      99.98 0.0000e+00    895.667      21497          2  0.000e+00
     18.220     18.041    -0.8621  27.370448    -0.8687  27.367659     7.7371     7.7494     1.0839    91.8329 1.7506e-01  -64.93358  -64.40192 343.228677      99.98 0.0000e+00    895.708      21498          2  0.000e+00
     18.172     17.993    -0.8624  27.369533    -0.8687  27.365594     7.7308     7.7496     1.0765    91.8329 1.7506e-01  -64.93358  -64.40192 343.228678      99.95 0.0000e+00    895.750      21499          2  0.000e+00
     18.241     18.061    -0.8623  27.369019    -0.8624  27.362970     7.7347     7.7541     1.0765    91.8329 1.7506e-01  -64.93358  -64.40194 343.228678      99.95 0.0000e+00    895.792      21500          2  0.000e+00
     18.172     17.993    -0.8624  27.369019    -0.8580  27.368161     7.7352     7.7535     1.0765    91.8329 1.7744e-01  -64.93358  -64.40194 343.228679      99.98 0.0000e+00    895.833      21501          2  0.000e+00
     18.193     18.014    -0.8625  27.369533    -0.8557  27.374133     7.7354     7.7531     1.0545    91.8329 1.7744e-01  -64.93358  -64.40194 343.228679      99.98 0.0000e+00    895.875      21502          2  0.000e+00
