NBP2113_155081_ctd/data/nbp2113_044.ros
* Sea-Bird SBE 9 Data File:
* FileName = D:\Data\raw\NBP2113_044.hex
* Software Version Seasave V 7.26.7.121
* Temperature SN = 2438
* Conductivity SN = 2067
* Number of Bytes Per Scan = 40
* Number of Voltage Words = 5
* Number of Scans Averaged by the Deck Unit = 1
* NMEA Latitude = 64 55.93 S
* NMEA Longitude = 064 23.72 W
* NMEA UTC (Time) = Dec 11 2021  01:40:08
* NMEA baud rate = 9600
** Ship: RVIB N.B. Palmer
** Cruise: NBP2113 LTER
** Station: 600.040
** Operator: S. Blackman
# nquan = 20
# nvalues = 194                                   
# units = specified
# name 0 = prDM: Pressure, Digiquartz [db]
# name 1 = depSM: Depth [salt water, m]
# name 2 = t090C: Temperature [ITS-90, deg C]
# name 3 = c0mS/cm: Conductivity [mS/cm]
# name 4 = t190C: Temperature, 2 [ITS-90, deg C]
# name 5 = c1mS/cm: Conductivity, 2 [mS/cm]
# name 6 = sbeox0ML/L: Oxygen, SBE 43 [ml/l]
# name 7 = sbeox1ML/L: Oxygen, SBE 43, 2 [ml/l]
# name 8 = flECO-AFL: Fluorescence, WET Labs ECO-AFL/FL [mg/m^3]
# name 9 = CStarTr0: Beam Transmission, WET Labs C-Star [%]
# name 10 = par: PAR/Irradiance, Biospherical/Licor
# name 11 = latitude: Latitude [deg]
# name 12 = longitude: Longitude [deg]
# name 13 = timeJ: Julian Days
# name 14 = altM: Altimeter [m]
# name 15 = spar: SPAR, Biospherical/Licor
# name 16 = timeS: Time, Elapsed [seconds]
# name 17 = scan: Scan Count
# name 18 = nbf: Bottles Fired
# name 19 = flag:  0.000e+00
# interval = seconds: 0.0416667
# start_time = Dec 11 2021 01:40:08 [NMEA time, header]
# bad_flag = -9.990e-29
*END*
[from data line 73]
     15.667     15.513    -0.8500  27.238300    -0.8518  27.236206     8.0817     8.1541     1.7945    83.3613 1.1192e+00  -64.93250  -64.39580 345.078116      99.93 7.0515e+00    741.250      17791          2  0.000e+00
     15.585     15.432    -0.8498  27.238813    -0.8515  27.235872     8.0877     8.1537     1.7945    83.3613 1.1192e+00  -64.93250  -64.39580 345.078117      99.95 7.0515e+00    741.292      17792          2  0.000e+00
     15.667     15.513    -0.8498  27.238528    -0.8514  27.236206     8.0894     8.1543     1.7945    83.3613 1.1192e+00  -64.93250  -64.39580 345.078117      99.98 7.0515e+00    741.333      17793          2  0.000e+00
     15.633     15.479    -0.8500  27.238814    -0.8508  27.236429     8.0896     8.1537     1.7945    83.3613 1.1192e+00  -64.93250  -64.39580 345.078118      99.98 7.0515e+00    741.375      17794          2  0.000e+00
     15.564     15.411    -0.8501  27.238813    -0.8501  27.236429     8.0851     8.1528     1.7945    83.3613 1.1242e+00  -64.93250  -64.39580 345.078118      99.98 7.0515e+00    741.417      17795          2  0.000e+00
     15.633     15.479    -0.8486  27.238528    -0.8492  27.236930     8.0911     8.1519     1.7945    83.3870 1.1242e+00  -64.93250  -64.39580 345.078119      99.98 7.0515e+00    741.458      17796          2  0.000e+00
     15.564     15.411    -0.8485  27.238300    -0.8486  27.237209     8.0897     8.1517     1.7945    83.3613 1.1242e+00  -64.93250  -64.39580 345.078119      99.98 7.0515e+00    741.500      17797          2  0.000e+00
     15.564     15.411    -0.8491  27.239327    -0.8487  27.237209     8.0884     8.1516     1.7945    83.3613 1.1242e+00  -64.93250  -64.39580 345.078120      99.95 7.0515e+00    741.542      17798          2  0.000e+00
     15.585     15.432    -0.8501  27.238813    -0.8487  27.237989     8.0841     8.1569     1.7945    83.3613 1.1242e+00  -64.93250  -64.39580 345.078120      99.95 7.0515e+00    741.583      17799          2  0.000e+00
     15.564     15.411    -0.8511  27.239042    -0.8489  27.236930     8.0888     8.1575     1.7945    83.3870 1.1292e+00  -64.93250  -64.39580 345.078121      99.95 7.0515e+00    741.625      17800          2  0.000e+00
     15.482     15.330    -0.8519  27.238528    -0.8495  27.237487     8.0815     8.1523     1.7945    83.3870 1.1292e+00  -64.93250  -64.39580 345.078121      99.98 7.0515e+00    741.667      17801          2  0.000e+00
     15.564     15.411    -0.8513  27.238300    -0.8499  27.237209     8.0859     8.1574     1.8018    83.3870 1.1292e+00  -64.93250  -64.39580 345.078122      99.95 7.0515e+00    741.708      17802          2  0.000e+00
     15.530     15.377    -0.8509  27.238015    -0.8500  27.236930     8.0797     8.1575     1.7945    83.3870 1.1292e+00  -64.93250  -64.39580 345.078122      99.93 7.0515e+00    741.750      17803          2  0.000e+00
     15.462     15.310    -0.8504  27.238014    -0.8498  27.236930     8.0853     8.1518     1.8018    83.3870 1.1343e+00  -64.93250  -64.39580 345.078123      99.95 7.0515e+00    741.792      17804          2  0.000e+00
     15.482     15.330    -0.8501  27.238300    -0.8499  27.236930     8.0792     8.1573     1.7945    83.3870 1.1343e+00  -64.93250  -64.39580 345.078123      99.98 7.0515e+00    741.833      17805          2  0.000e+00
     15.516     15.364    -0.8504  27.238300    -0.8498  27.237209     8.0792     8.1515     1.7945    83.3870 1.1343e+00  -64.93250  -64.39580 345.078124      99.98 7.0515e+00    741.875      17806          2  0.000e+00
     15.434     15.282    -0.8501  27.238528    -0.8495  27.236930     8.0804     8.1511     1.7578    83.3870 1.1343e+00  -64.93250  -64.39580 345.078124      99.98 7.0515e+00    741.917      17807          2  0.000e+00
     15.414     15.262    -0.8501  27.238300    -0.8491  27.237208     8.0923     8.1561     1.6992    83.3870 1.1394e+00  -64.93250  -64.39580 345.078125      99.98 7.0515e+00    741.958      17808          2  0.000e+00
     15.414     15.262    -0.8498  27.238014    -0.8487  27.237710     8.0950     8.1563     1.6846    83.3870 1.1394e+00  -64.93250  -64.39580 345.078125      99.98 7.0515e+00    742.000      17809          2  0.000e+00
     15.434     15.282    -0.8496  27.238813    -0.8489  27.237710     8.0888     8.1567     1.6919    83.3870 1.1445e+00  -64.93250  -64.39580 345.078125      99.95 7.0515e+00    742.042      17810          2  0.000e+00
     15.414     15.262    -0.8493  27.238528    -0.8492  27.237487     8.0959     8.1569     1.6919    83.3870 1.1445e+00  -64.93250  -64.39580 345.078126      99.95 7.0515e+00    742.083      17811          2  0.000e+00
     15.380     15.228    -0.8495  27.239041    -0.8491  27.237710     8.0970     8.1568     1.6919    83.3870 1.1445e+00  -64.93250  -64.39580 345.078126      99.98 7.0515e+00    742.125      17812          2  0.000e+00
     15.366     15.215    -0.8495  27.240639    -0.8489  27.238267     8.0919     8.1622     1.6919    83.3613 1.1496e+00  -64.93250  -64.39580 345.078127      99.98 7.0515e+00    742.167      17813          2  0.000e+00
     15.332     15.181    -0.8491  27.240867    -0.8488  27.239771     8.0869     8.1571     1.6919    83.3870 1.1496e+00  -64.93250  -64.39580 345.078127      99.98 7.0515e+00    742.208      17814          2  0.000e+00
     15.366     15.215    -0.8491  27.241437    -0.8483  27.242390     8.0895     8.1621     1.6919    83.3870 1.1496e+00  -64.93250  -64.39580 345.078128      99.93 7.0515e+00    742.250      17815          2  0.000e+00
      4.594      4.549    -0.8494  27.225778    -0.8500  27.224310     8.0647     8.1925     1.8311    82.9750 3.9044e+00  -64.93254  -64.39590 345.079242      99.95 5.2886e+00    838.542      20126          3  0.000e+00
      4.649      4.603    -0.8495  27.225549    -0.8497  27.224032     8.0621     8.1976     1.8311    82.9750 3.8915e+00  -64.93254  -64.39590 345.079243      99.95 5.2886e+00    838.583      20127          3  0.000e+00
      4.594      4.549    -0.8496  27.226006    -0.8497  27.223530     8.0536     8.1980     1.8311    82.9750 3.8787e+00  -64.93254  -64.39590 345.079243      99.98 5.2886e+00    838.625      20128          3  0.000e+00
      4.588      4.543    -0.8494  27.225778    -0.8498  27.223976     8.0467     8.1983     1.8311    82.9750 3.8787e+00  -64.93254  -64.39590 345.079244      99.98 5.2886e+00    838.667      20129          3  0.000e+00
      4.649      4.603    -0.8498  27.225835    -0.8496  27.224032     8.0506     8.1987     1.8311    82.9750 3.8532e+00  -64.93254  -64.39590 345.079244      99.98 5.2886e+00    838.708      20130          3  0.000e+00
      4.649      4.604    -0.8496  27.225778    -0.8495  27.223809     8.0516     8.1990     1.8311    82.9750 3.8405e+00  -64.93254  -64.39590 345.079245      99.93 5.2886e+00    838.750      20131          3  0.000e+00
      4.635      4.590    -0.8497  27.226063    -0.8493  27.224032     8.0557     8.1992     1.8311    82.9750 3.8279e+00  -64.93254  -64.39590 345.079245      99.95 5.2886e+00    838.792      20132          3  0.000e+00
      4.649      4.604    -0.8499  27.225264    -0.8492  27.223809     8.0589     8.1994     1.8311    82.9750 3.8279e+00  -64.93254  -64.39590 345.079246      99.98 5.2886e+00    838.833      20133          3  0.000e+00
      4.594      4.549    -0.8499  27.225835    -0.8487  27.224254     8.0667     8.1994     1.8311    82.9750 3.8279e+00  -64.93254  -64.39590 345.079246      99.98 5.2886e+00    838.875      20134          3  0.000e+00
      4.649      4.604    -0.8497  27.225492    -0.8484  27.224310     8.0690     8.1996     1.8384    82.9750 3.8279e+00  -64.93254  -64.39590 345.079247      99.98 5.2886e+00    838.917      20135          3  0.000e+00
      4.690      4.644    -0.8499  27.225835    -0.8487  27.225090     8.0728     8.1997     1.8311    82.9750 3.8405e+00  -64.93254  -64.39590 345.079247      99.98 5.2886e+00    838.958      20136          3  0.000e+00
      4.649      4.604    -0.8496  27.225492    -0.8486  27.224812     8.0753     8.1997     1.8311    82.9750 3.8532e+00  -64.93254  -64.39590 345.079248      99.98 5.2886e+00    839.000      20137          3  0.000e+00
      4.649      4.604    -0.8497  27.225835    -0.8489  27.225313     8.0840     8.1998     1.8311    82.9750 3.8787e+00  -64.93254  -64.39590 345.079248      99.95 5.2886e+00    839.042      20138          3  0.000e+00
      4.690      4.644    -0.8498  27.225493    -0.8488  27.224589     8.0883     8.1999     1.8311    82.9750 3.8915e+00  -64.93254  -64.39590 345.079249      99.95 5.2886e+00    839.083      20139          3  0.000e+00
      4.649      4.604    -0.8498  27.225550    -0.8486  27.224756     8.0926     8.1997     1.8311    82.9750 3.9172e+00  -64.93254  -64.39590 345.079249      99.95 5.2886e+00    839.125      20140          3  0.000e+00
      4.649      4.604    -0.8498  27.225492    -0.8487  27.224812     8.1001     8.2006     1.8311    82.9750 3.9431e+00  -64.93254  -64.39590 345.079250      99.98 5.2886e+00    839.167      20141          3  0.000e+00
      4.649      4.604    -0.8498  27.225492    -0.8487  27.224589     8.1016     8.2015     1.8384    82.9750 3.9822e+00  -64.93254  -64.39590 345.079250      99.98 5.2886e+00    839.208      20142          3  0.000e+00
      4.690      4.644    -0.8499  27.225835    -0.8489  27.224589     8.0957     8.2015     1.8311    82.9750 4.0084e+00  -64.93254  -64.39590 345.079251      99.93 5.2886e+00    839.250      20143          3  0.000e+00
      4.697      4.651    -0.8497  27.225778    -0.8491  27.224589     8.0956     8.2014     1.8311    82.9750 4.0348e+00  -64.93254  -64.39590 345.079251      99.95 5.2886e+00    839.292      20144          3  0.000e+00
      4.595      4.549    -0.8498  27.225264    -0.8493  27.224254     8.1086     8.2068     1.8311    82.9750 4.0613e+00  -64.93254  -64.39590 345.079252      99.98 5.2886e+00    839.333      20145          3  0.000e+00
      4.690      4.644    -0.8495  27.225493    -0.8492  27.224310     8.1154     8.2019     1.8311    82.9750 4.1013e+00  -64.93254  -64.39590 345.079252      99.98 5.2886e+00    839.375      20146          3  0.000e+00
      4.649      4.604    -0.8495  27.225835    -0.8488  27.224812     8.1207     8.2071     1.8311    82.9750 4.1148e+00  -64.93254  -64.39590 345.079253      99.98 5.2886e+00    839.417      20147          3  0.000e+00
      4.649      4.604    -0.8495  27.225492    -0.8487  27.224812     8.1260     8.2076     1.8311    83.0008 4.1418e+00  -64.93254  -64.39590 345.079253      99.98 5.2886e+00    839.458      20148          3  0.000e+00
      4.690      4.644    -0.8496  27.226063    -0.8486  27.224589     8.1357     8.2081     1.8311    83.0008 4.1553e+00  -64.93254  -64.39590 345.079253      99.98 5.2886e+00    839.500      20149          3  0.000e+00
      4.595      4.549    -0.8494  27.225778    -0.8482  27.225090     8.1434     8.2028     1.7945    82.9750 4.1553e+00  -64.93254  -64.39590 345.079254      99.95 5.2886e+00    839.542      20150          3  0.000e+00
      4.649      4.604    -0.8495  27.225835    -0.8483  27.225257     8.1499     8.2023     1.7798    82.9750 4.1689e+00  -64.93254  -64.39590 345.079254      99.95 5.2886e+00    839.583      20151          3  0.000e+00
      4.649      4.604    -0.8496  27.225778    -0.8484  27.225090     8.1576     8.2018     1.7798    82.9750 4.1689e+00  -64.93254  -64.39590 345.079255      99.98 5.2886e+00    839.625      20152          3  0.000e+00
      4.588      4.543    -0.8497  27.225264    -0.8485  27.224811     8.1697     8.2067     1.7798    82.9750 4.1825e+00  -64.93254  -64.39590 345.079255      99.98 5.2886e+00    839.667      20153          3  0.000e+00
      4.649      4.604    -0.8498  27.225778    -0.8491  27.224589     8.1743     8.2016     1.7798    83.0008 4.1962e+00  -64.93254  -64.39590 345.079256      99.98 5.2886e+00    839.708      20154          3  0.000e+00
      4.595      4.550    -0.8499  27.225036    -0.8492  27.224812     8.1712     8.2064     1.7798    83.0008 4.2099e+00  -64.93254  -64.39590 345.079256      99.93 5.2886e+00    839.750      20155          3  0.000e+00
      4.588      4.543    -0.8495  27.225778    -0.8488  27.224477     8.1737     8.2009     1.7798    83.0008 4.2236e+00  -64.93254  -64.39590 345.079257      99.95 5.2886e+00    839.792      20156          3  0.000e+00
      4.595      4.550    -0.8491  27.225492    -0.8493  27.225090     8.1760     8.2002     1.7798    83.0008 4.2374e+00  -64.93254  -64.39590 345.079257      99.98 5.2886e+00    839.833      20157          3  0.000e+00
      4.547      4.502    -0.8488  27.225549    -0.8493  27.224589     8.1780     8.1993     1.7798    83.0008 4.2512e+00  -64.93254  -64.39590 345.079258      99.98 5.2886e+00    839.875      20158          3  0.000e+00
      4.595      4.550    -0.8491  27.225777    -0.8497  27.224310     8.1755     8.1986     1.7798    83.0008 4.2650e+00  -64.93254  -64.39590 345.079258      99.98 5.2886e+00    839.917      20159          3  0.000e+00
      4.540      4.495    -0.8488  27.226063    -0.8500  27.224032     8.1772     8.1977     1.7798    82.9750 4.2789e+00  -64.93254  -64.39590 345.079259      99.98 5.2886e+00    839.958      20160          3  0.000e+00
      4.499      4.455    -0.8486  27.226291    -0.8502  27.224031     8.1906     8.1976     1.7798    83.0008 4.2789e+00  -64.93254  -64.39590 345.079259      99.98 5.2886e+00    840.000      20161          3  0.000e+00
      4.547      4.502    -0.8486  27.226348    -0.8503  27.223474     8.1949     8.2032     1.7798    82.9750 4.2789e+00  -64.93254  -64.39590 345.079260      99.95 5.2886e+00    840.042      20162          3  0.000e+00
      4.485      4.441    -0.8490  27.226005    -0.8504  27.223530     8.1975     8.1985     1.7798    82.9750 4.2929e+00  -64.93254  -64.39590 345.079260      99.95 5.2886e+00    840.083      20163          3  0.000e+00
      4.499      4.455    -0.8482  27.225834    -0.8502  27.223029     8.1997     8.2040     1.7798    82.9750 4.2789e+00  -64.93254  -64.39590 345.079261      99.98 5.2886e+00    840.125      20164          3  0.000e+00
      4.444      4.401    -0.8475  27.226290    -0.8502  27.223029     8.2043     8.2047     1.7798    82.9750 4.2789e+00  -64.93254  -64.39590 345.079261      99.98 5.2886e+00    840.167      20165          3  0.000e+00
      4.444      4.401    -0.8473  27.227089    -0.8500  27.223029     8.2016     8.2053     1.7798    82.9750 4.2650e+00  -64.93254  -64.39590 345.079262      99.98 5.2886e+00    840.208      20166          3  0.000e+00
      4.437      4.394    -0.8471  27.227602    -0.8495  27.223976     8.2033     8.2050     1.7798    82.9750 4.2650e+00  -64.93254  -64.39590 345.079262      99.93 5.2886e+00    840.250      20167          3  0.000e+00
      4.396      4.353    -0.8461  27.227887    -0.8494  27.224031     8.2090     8.2000     1.7798    82.9750 4.2650e+00  -64.93254  -64.39590 345.079263      99.95 5.2886e+00    840.292      20168          3  0.000e+00
      4.396      4.353    -0.8457  27.227830    -0.8493  27.224588     8.2116     8.1987     1.7798    82.9750 4.2512e+00  -64.93254  -64.39590 345.079263      99.98 5.2886e+00    840.333      20169          3  0.000e+00
      4.335      4.292    -0.8456  27.228629    -0.8484  27.224309     8.2138     8.1973     1.7798    82.9750 4.2512e+00  -64.93254  -64.39590 345.079264      99.98 5.2886e+00    840.375      20170          3  0.000e+00
      4.396      4.353    -0.8457  27.228914    -0.8446  27.224309     8.2102     8.2009     1.7798    82.9750 4.2236e+00  -64.93254  -64.39590 345.079264      99.98 5.2886e+00    840.417      20171          3  0.000e+00
