NBP2113_155081_ctd/data/nbp2113_010.cnv
* Sea-Bird SBE 9 Data File:
* FileName = D:\Data\raw\NBP2113_010.hex
* Software Version Seasave V 7.26.7.121
* Temperature SN = 2438
* Conductivity SN = 2067
* Number of Bytes Per Scan = 40
* Number of Voltage Words = 5
* Number of Scans Averaged by the Deck Unit = 1
* NMEA Latitude = 64 34.40 S
* NMEA Longitude = 065 21.00 W
* NMEA UTC (Time) = Nov 25 2021  20:37:57
* NMEA baud rate = 9600
** Ship: RVIB N.B. Palmer
** Cruise: NBP2113 LTER
** Station: 600.100
** Operator: S. Blackman
# nquan = 25
# nvalues = 1205                        
# units = specified
# name 0 = prDM: Pressure, Digiquartz [db]
# name 1 = depSM: Depth [salt water, m]
# name 2 = t090C: Temperature [ITS-90, deg C]
# name 3 = c0mS/cm: Conductivity [mS/cm]
# name 4 = t190C: Temperature, 2 [ITS-90, deg C]
# name 5 = c1mS/cm: Conductivity, 2 [mS/cm]
# name 6 = sbeox0ML/L: Oxygen, SBE 43 [ml/l]
# name 7 = sbeox1ML/L: Oxygen, SBE 43, 2 [ml/l]
# name 8 = flECO-AFL: Fluorescence, WET Labs ECO-AFL/FL [mg/m^3]
# name 9 = CStarTr0: Beam Transmission, WET Labs C-Star [%]
# name 10 = par: PAR/Irradiance, Biospherical/Licor
# name 11 = latitude: Latitude [deg]
# name 12 = longitude: Longitude [deg]
# name 13 = timeJ: Julian Days
# name 14 = altM: Altimeter [m]
# name 15 = spar: SPAR, Biospherical/Licor
# name 16 = timeS: Time, Elapsed [seconds]
# name 17 = scan: Scan Count
# name 18 = density00: Density [density, kg/m^3]
# name 19 = density11: Density, 2 [density, kg/m^3]
# name 20 = sal00: Salinity, Practical [PSU]
# name 21 = sal11: Salinity, Practical, 2 [PSU]
# name 22 = oxsolML/L: Oxygen Saturation, Garcia & Gordon [ml/l]
# name 23 = nbin: number of scans per bin
# name 24 = flag: flag
# span 0 =      1.000,    605.000       
# span 1 =      0.989,    598.213       
# span 2 =    -0.4515,     1.5126       
# span 3 =  27.985864,  30.388462       
# span 4 =    -0.4464,     1.5129       
# span 5 =  27.983122,  30.387347       
# span 6 =     4.0627,     8.3030       
# span 7 =     4.0752,     8.1573       
# span 8 =    -0.0219,     1.4226       
# span 9 =    89.3584,    97.3921       
# span 10 = -7.456e-06, 4.1970e+02      
# span 11 =  -64.57444,  -64.57355      
# span 12 =  -65.34937,  -65.34640      
# span 13 = 329.863143, 329.888368      
# span 14 =       1.28,     102.37      
# span 15 = 3.4373e+02, 4.9890e+02      
# span 16 =    298.573,   2478.027      
# span 17 =       7167,      59474      
# span 18 =  1027.3103,  1030.6078      
# span 19 =  1027.3077,  1030.6064      
# span 20 =    33.9875,    34.7005      
# span 21 =    33.9842,    34.6988      
# span 22 =    7.72072,    8.15281      
# span 23 =         14,         69      
# span 24 = 0.0000e+00, 0.0000e+00      
# interval = decibars: 1                
# start_time = Nov 25 2021 20:37:57 [NMEA time, header]
# bad_flag = -9.990e-29
*END*
[from data line 986]
    219.000    216.745     1.0644  29.729826     1.0647  29.728985     4.6750     4.6336    -0.0077    97.1888 1.0000e-12  -64.57426  -65.34705 329.881259      99.97 4.1247e+02   1863.750      44731  1028.7354  1028.7343    34.5760    34.5747    7.81606         33 0.0000e+00
    218.000    215.755     1.0640  29.728450     1.0648  29.728339     4.6964     4.6514    -0.0077    97.1888 1.0000e-12  -64.57426  -65.34706 329.881272      99.97 4.1251e+02   1864.869      44758  1028.7301  1028.7292    34.5753    34.5742    7.81618         21 0.0000e+00
    217.000    214.767     1.0553  29.718679     1.0558  29.718136     4.7049     4.6596    -0.0077    97.1888 1.0000e-12  -64.57426  -65.34706 329.881281      99.97 4.1251e+02   1865.649      44777  1028.7244  1028.7233    34.5730    34.5717    7.81806         18 0.0000e+00
    216.000    213.777     1.0423  29.705504     1.0403  29.702294     4.7110     4.6600    -0.0073    97.1888 1.0000e-12  -64.57426  -65.34706 329.881289      99.97 4.1224e+02   1866.403      44795  1028.7193  1028.7180    34.5710    34.5691    7.82076         19 0.0000e+00
    215.000    212.787     1.0350  29.697545     1.0346  29.696184     4.6970     4.6555    -0.0006    97.1722 1.0000e-12  -64.57426  -65.34704 329.881300      99.98 4.1080e+02   1867.284      44816  1028.7140  1028.7129    34.5695    34.5681    7.82231         24 0.0000e+00
    214.000    211.799     1.0366  29.699299     1.0396  29.701590     4.7138     4.6658    -0.0076    97.1864 1.0000e-12  -64.57426  -65.34704 329.881314      99.98 4.1075e+02   1868.542      44846  1028.7098  1028.7093    34.5705    34.5702    7.82193         36 0.0000e+00
    213.000    210.810     1.0305  29.691739     1.0321  29.692797     4.7208     4.6766    -0.0077    97.1888 1.0000e-12  -64.57427  -65.34703 329.881331      99.98 4.1075e+02   1870.028      44882  1028.7037  1028.7032    34.5681    34.5677    7.82327         33 0.0000e+00
    212.000    209.820     1.0207  29.681372     1.0209  29.680737     4.7119     4.6748    -0.0077    97.1836 1.0000e-12  -64.57428  -65.34700 329.881346      99.97 4.1057e+02   1871.318      44913  1028.6983  1028.6975    34.5663    34.5652    7.82534         30 0.0000e+00
    211.000    208.830     1.0292  29.690286     1.0207  29.679862     4.7028     4.6820    -0.0025    97.1873 1.0000e-12  -64.57428  -65.34700 329.881362      94.59 4.0907e+02   1872.657      44945  1028.6947  1028.6924    34.5689    34.5648    7.82350         36 0.0000e+00
    210.000    207.843     1.0307  29.690774     1.0189  29.676686     4.7316     4.6961    -0.0079    97.1999 1.0000e-12  -64.57428  -65.34702 329.881381      76.23 4.0899e+02   1874.349      44985  1028.6894  1028.6865    34.5684    34.5634    7.82322         41 0.0000e+00
    209.000    206.852     1.0070  29.664080     0.9951  29.650864     4.7616     4.7121    -0.0077    97.1961 1.0000e-12  -64.57428  -65.34702 329.881398     100.69 4.0873e+02   1875.774      45020  1028.6810  1028.6789    34.5609    34.5571    7.82838         28 0.0000e+00
    208.000    205.864     0.9943  29.650966     0.9892  29.644363     4.7770     4.7169    -0.0077    97.1926 1.0000e-12  -64.57428  -65.34702 329.881409      99.97 4.0731e+02   1876.736      45043  1028.6756  1028.6736    34.5587    34.5558    7.83104         20 0.0000e+00
    207.000    204.874     0.9842  29.639903     0.9784  29.633022     4.7704     4.7206    -0.0077    97.1927 1.0000e-12  -64.57428  -65.34702 329.881418      99.97 4.0723e+02   1877.554      45062  1028.6697  1028.6682    34.5562    34.5538    7.83320         20 0.0000e+00
    206.000    203.885     0.9774  29.632527     0.9761  29.630260     4.7702     4.7183    -0.0077    97.2076 1.0000e-12  -64.57428  -65.34700 329.881429      99.97 4.0723e+02   1878.447      45084  1028.6644  1028.6632    34.5549    34.5534    7.83464         24 0.0000e+00
    205.000    202.895     0.9770  29.632059     0.9764  29.630501     4.7707     4.7216    -0.0079    97.2129 1.0000e-12  -64.57428  -65.34700 329.881445      99.98 4.0723e+02   1879.835      45117  1028.6599  1028.6588    34.5553    34.5540    7.83471         41 0.0000e+00
    204.000    201.907     0.9787  29.633119     0.9795  29.632859     4.7808     4.7337    -0.0070    97.2146 1.0000e-12  -64.57428  -65.34698 329.881466      99.97 4.0723e+02   1881.679      45161  1028.6548  1028.6537    34.5554    34.5542    7.83436         31 0.0000e+00
    203.000    200.918     0.9677  29.621300     0.9727  29.625373     4.8075     4.7636    -0.0016    97.2146 1.0000e-12  -64.57428  -65.34698 329.881480      99.97 4.0723e+02   1882.848      45189  1028.6491  1028.6483    34.5529    34.5526    7.83670         24 0.0000e+00
    202.000    199.926     0.9599  29.613430     0.9556  29.607471     4.7961     4.7630    -0.0077    97.1889 1.0000e-12  -64.57428  -65.34698 329.881491      99.98 4.0723e+02   1883.816      45213  1028.6441  1028.6423    34.5519    34.5491    7.83831         21 0.0000e+00
    201.000    198.939     0.9442  29.598062     0.9296  29.582886     4.8209     4.7681    -0.0077    97.1888 1.0000e-12  -64.57428  -65.34698 329.881505      99.98 4.0723e+02   1885.037      45242  1028.6394  1028.6380    34.5502    34.5467    7.84157         38 0.0000e+00
    200.000    197.950     0.9482  29.600733     0.9368  29.589309     4.8470     4.7974    -0.0077    97.1888 1.0000e-12  -64.57428  -65.34698 329.881525      99.98 4.0723e+02   1886.781      45284  1028.6337  1028.6330    34.5497    34.5477    7.84078         38 0.0000e+00
    199.000    196.961     0.9093  29.561856     0.9159  29.567650     4.8895     4.8170    -0.0010    97.1888 1.0000e-12  -64.57428  -65.34698 329.881540      99.98 4.0723e+02   1888.052      45314  1028.6274  1028.6268    34.5433    34.5435    7.84896         25 0.0000e+00
    198.000    195.970     0.9042  29.556466     0.8996  29.550705     4.8916     4.8241    -0.0004    97.1888 1.0000e-12  -64.57428  -65.34698 329.881550      99.97 4.0723e+02   1888.954      45336  1028.6224  1028.6209    34.5426    34.5403    7.85003         21 0.0000e+00
    197.000    194.981     0.8938  29.545387     0.8862  29.536930     4.8880     4.8182    -0.0096    97.1888 1.0000e-12  -64.57428  -65.34698 329.881561      99.98 4.0723e+02   1889.846      45357  1028.6168  1028.6154    34.5405    34.5379    7.85225         22 0.0000e+00
    196.000    193.993     0.8869  29.538543     0.8840  29.534673     4.8827     4.8093    -0.0032    97.1888 1.0000e-12  -64.57428  -65.34697 329.881573      99.97 4.0723e+02   1890.907      45383  1028.6120  1028.6107    34.5398    34.5380    7.85366         29 0.0000e+00
    195.000    193.003     0.8863  29.538282     0.8949  29.544735     4.8843     4.8205    -0.0034    97.1864 1.0000e-12  -64.57428  -65.34696 329.881588      99.97 4.0723e+02   1892.191      45414  1028.6077  1028.6058    34.5407    34.5395    7.85373         32 0.0000e+00
    194.000    192.013     0.8801  29.530718     0.8918  29.540850     4.8807     4.8243    -0.0006    97.1824 1.0000e-12  -64.57428  -65.34696 329.881604      99.97 4.0723e+02   1893.595      45447  1028.6015  1028.6004    34.5384    34.5385    7.85510         36 0.0000e+00
    193.000    191.024     0.8795  29.529726     0.8803  29.529902     4.8796     4.8279     0.0035    97.1685 1.0000e-12  -64.57428  -65.34695 329.881622      99.98 4.0723e+02   1895.140      45484  1028.5966  1028.5960    34.5385    34.5378    7.85524         36 0.0000e+00
    192.000    190.036     0.8763  29.525913     0.8878  29.536327     4.8888     4.8526    -0.0007    97.1555 1.0000e-12  -64.57429  -65.34695 329.881639      99.98 4.0545e+02   1896.594      45519  1028.5913  1028.5908    34.5376    34.5383    7.85592         31 0.0000e+00
    191.000    189.046     0.8747  29.523506     0.8693  29.516601     4.9266     4.8761    -0.0010    97.1792 1.0000e-12  -64.57430  -65.34694 329.881652      99.98 4.0546e+02   1897.732      45547  1028.5860  1028.5843    34.5369    34.5340    7.85629         24 0.0000e+00
    190.000    188.055     0.8570  29.505345     0.8447  29.491814     4.9340     4.8860     0.0046    97.1641 1.0000e-12  -64.57430  -65.34694 329.881664      99.97 4.0546e+02   1898.769      45571  1028.5803  1028.5784    34.5337    34.5298    7.86004         26 0.0000e+00
    189.000    187.069     0.8411  29.490091     0.8330  29.479823     4.9403     4.8941     0.0012    97.1631 1.0000e-12  -64.57430  -65.34694 329.881678      99.98 4.0546e+02   1899.975      45600  1028.5757  1028.5730    34.5322    34.5279    7.86332         33 0.0000e+00
    188.000    186.078     0.8456  29.493871     0.8320  29.478238     4.9970     4.9178     0.0045    97.1631 1.0000e-12  -64.57430  -65.34694 329.881696      99.97 4.0546e+02   1901.504      45637  1028.5706  1028.5678    34.5326    34.5276    7.86238         36 0.0000e+00
    187.000    185.089     0.8047  29.450827     0.8188  29.463886     5.0454     4.9601    -0.0041    97.1498 1.0000e-12  -64.57430  -65.34694 329.881712      99.97 4.0546e+02   1902.898      45671  1028.5619  1028.5614    34.5230    34.5242    7.87119         28 0.0000e+00
    186.000    184.099     0.7858  29.430249     0.7921  29.435667     5.0453     4.9758    -0.0057    97.1525 1.0000e-12  -64.57429  -65.34694 329.881724      99.97 4.0546e+02   1903.916      45695  1028.5546  1028.5539    34.5179    34.5179    7.87529         22 0.0000e+00
    185.000    183.111     0.7679  29.411094     0.7605  29.402477     5.0503     4.9762     0.0003    97.1373 1.0000e-12  -64.57429  -65.34693 329.881734      99.98 4.0546e+02   1904.773      45716  1028.5477  1028.5461    34.5135    34.5106    7.87915         20 0.0000e+00
    184.000    182.121     0.7598  29.402048     0.7541  29.395273     5.0500     4.9728     0.0068    97.1373 1.0000e-12  -64.57430  -65.34692 329.881744      99.97 4.0546e+02   1905.653      45737  1028.5418  1028.5403    34.5114    34.5089    7.88091         23 0.0000e+00
    183.000    181.131     0.7682  29.411134     0.7608  29.401668     5.0312     4.9720     0.0019    97.1373 1.0000e-12  -64.57430  -65.34692 329.881758      99.97 4.0497e+02   1906.867      45766  1028.5384  1028.5358    34.5144    34.5104    7.87904         37 0.0000e+00
    182.000    180.143     0.7608  29.401852     0.7638  29.405348     5.0431     4.9814     0.0033    97.1373 1.0000e-12  -64.57430  -65.34691 329.881782      99.97 4.0370e+02   1908.929      45815  1028.5314  1028.5319    34.5113    34.5124    7.88072         38 0.0000e+00
    181.000    179.153     0.7568  29.397662     0.7548  29.394215     5.0416     4.9935     0.0035    97.1373 1.0000e-12  -64.57430  -65.34690 329.881800      99.98 4.0370e+02   1910.521      45853  1028.5264  1028.5248    34.5109    34.5086    7.88155         30 0.0000e+00
    180.000    178.163     0.7497  29.389880     0.7472  29.385726     5.0553     5.0082     0.0028    97.1373 1.0000e-12  -64.57430  -65.34690 329.881813      99.97 4.0370e+02   1911.642      45880  1028.5208  1028.5189    34.5092    34.5067    7.88307         25 0.0000e+00
    179.000    177.174     0.7430  29.381891     0.7336  29.370835     5.0637     5.0151     0.0033    97.1373 1.0000e-12  -64.57430  -65.34690 329.881825      99.97 4.0370e+02   1912.696      45906  1028.5146  1028.5125    34.5069    34.5031    7.88456         26 0.0000e+00
    178.000    176.185     0.7337  29.371668     0.7309  29.367603     5.0729     5.0179    -0.0010    97.1373 1.0000e-12  -64.57430  -65.34690 329.881837      99.97 4.0370e+02   1913.721      45930  1028.5087  1028.5072    34.5045    34.5024    7.88657         24 0.0000e+00
    177.000    175.195     0.7305  29.367682     0.7289  29.365197     5.0706     5.0200    -0.0027    97.1373 1.0000e-12  -64.57430  -65.34690 329.881848      99.97 4.0370e+02   1914.689      45954  1028.5033  1028.5023    34.5035    34.5021    7.88728         22 0.0000e+00
    176.000    174.205     0.7288  29.365669     0.7268  29.362490     5.0790     5.0175    -0.0074    97.1373 1.0000e-12  -64.57430  -65.34690 329.881859      99.98 4.0294e+02   1915.619      45976  1028.4985  1028.4972    34.5034    34.5016    7.88764         23 0.0000e+00
    175.000    173.216     0.7262  29.362551     0.7254  29.360603     5.0702     5.0163     0.0060    97.1373 1.0000e-12  -64.57430  -65.34689 329.881870      99.97 4.0196e+02   1916.601      45999  1028.4935  1028.4921    34.5029    34.5012    7.88820         25 0.0000e+00
    174.000    172.227     0.7298  29.365938     0.7270  29.362082     5.0698     5.0158     0.0039    97.1373 1.0000e-12  -64.57430  -65.34688 329.881886      99.97 4.0194e+02   1917.919      46031  1028.4891  1028.4877    34.5039    34.5020    7.88742         38 0.0000e+00
    173.000    171.238     0.7276  29.363449     0.7291  29.363809     5.0763     5.0157     0.0053    97.1373 1.0000e-12  -64.57430  -65.34687 329.881913      99.98 4.0194e+02   1920.301      46088  1028.4841  1028.4829    34.5037    34.5025    7.88787         41 0.0000e+00
    172.000    170.249     0.7232  29.358183     0.7273  29.361280     5.0938     5.0257     0.0133    97.1373 1.0000e-12  -64.57430  -65.34687 329.881933      99.98 4.0067e+02   1922.008      46129  1028.4786  1028.4777    34.5023    34.5018    7.88884         28 0.0000e+00
    171.000    169.259     0.7215  29.355959     0.7210  29.354422     5.0794     5.0364     0.0062    97.1373 1.0000e-12  -64.57430  -65.34686 329.881945      99.97 4.0017e+02   1923.092      46155  1028.4736  1028.4724    34.5019    34.5004    7.88921         23 0.0000e+00
    170.000    168.268     0.7137  29.347949     0.7106  29.343689     5.1030     5.0448     0.0126    97.1373 1.0000e-12  -64.57430  -65.34688 329.881956      99.97 4.0017e+02   1924.000      46177  1028.4686  1028.4672    34.5007    34.4987    7.89085         20 0.0000e+00
    169.000    167.280     0.7101  29.343419     0.7078  29.340114     5.1098     5.0475     0.0143    97.1373 1.0000e-12  -64.57430  -65.34688 329.881966      99.97 4.0017e+02   1924.825      46197  1028.4631  1028.4619    34.4995    34.4977    7.89165         19 0.0000e+00
    168.000    166.291     0.7074  29.340345     0.7055  29.337098     5.0925     5.0427     0.0131    97.1306 1.0000e-12  -64.57430  -65.34688 329.881975      99.97 3.9989e+02   1925.622      46216  1028.4582  1028.4567    34.4990    34.4970    7.89222         19 0.0000e+00
    167.000    165.300     0.7053  29.337703     0.7030  29.333977     5.1039     5.0415     0.0062    97.1116 1.0000e-12  -64.57430  -65.34688 329.881985      99.97 3.9841e+02   1926.478      46236  1028.4532  1028.4516    34.4986    34.4963    7.89267         22 0.0000e+00
    166.000    164.312     0.7051  29.336963     0.7045  29.335287     5.0959     5.0463     0.0135    97.1123 1.0000e-12  -64.57432  -65.34685 329.881997      99.97 3.9841e+02   1927.572      46263  1028.4482  1028.4471    34.4984    34.4969    7.89272         33 0.0000e+00
    165.000    163.322     0.7060  29.337440     0.7075  29.338047     5.1073     5.0474     0.0126    97.1263 1.0000e-12  -64.57432  -65.34684 329.882024      99.97 3.9716e+02   1929.901      46319  1028.4435  1028.4426    34.4987    34.4978    7.89254         34 0.0000e+00
    164.000    162.333     0.7033  29.333856     0.7068  29.336497     5.1282     5.0760     0.0124    97.0931 1.0000e-12  -64.57432  -65.34684 329.882049      99.97 3.9566e+02   1932.077      46371  1028.4380  1028.4374    34.4976    34.4971    7.89313         31 0.0000e+00
    163.000    161.344     0.7002  29.329988     0.6991  29.327434     5.1601     5.1050    -0.0026    97.1132 1.0000e-12  -64.57432  -65.34684 329.882060      99.97 3.9488e+02   1933.017      46393  1028.4327  1028.4312    34.4966    34.4946    7.89382         19 0.0000e+00
