NBP2113_155081_ctd/data/nbp2113_066.ros
* Sea-Bird SBE 9 Data File:
* FileName = D:\Data\raw\NBP2113_066.hex
* Software Version Seasave V 7.26.7.121
* Temperature SN = 2438
* Conductivity SN = 2067
* Number of Bytes Per Scan = 40
* Number of Voltage Words = 5
* Number of Scans Averaged by the Deck Unit = 1
* NMEA Latitude = 64 10.22 S
* NMEA Longitude = 061 54.36 W
* NMEA UTC (Time) = Dec 14 2021  16:02:10
* NMEA baud rate = 9600
** Ship: RVIB N.B. Palmer
** Cruise: NBP2113 LTER
** Station: 742.003
** Operator: S. Blackman
# nquan = 20
# nvalues = 1176                                  
# units = specified
# name 0 = prDM: Pressure, Digiquartz [db]
# name 1 = depSM: Depth [salt water, m]
# name 2 = t090C: Temperature [ITS-90, deg C]
# name 3 = c0mS/cm: Conductivity [mS/cm]
# name 4 = t190C: Temperature, 2 [ITS-90, deg C]
# name 5 = c1mS/cm: Conductivity, 2 [mS/cm]
# name 6 = sbeox0ML/L: Oxygen, SBE 43 [ml/l]
# name 7 = sbeox1ML/L: Oxygen, SBE 43, 2 [ml/l]
# name 8 = flECO-AFL: Fluorescence, WET Labs ECO-AFL/FL [mg/m^3]
# name 9 = CStarTr0: Beam Transmission, WET Labs C-Star [%]
# name 10 = par: PAR/Irradiance, Biospherical/Licor
# name 11 = latitude: Latitude [deg]
# name 12 = longitude: Longitude [deg]
# name 13 = timeJ: Julian Days
# name 14 = altM: Altimeter [m]
# name 15 = spar: SPAR, Biospherical/Licor
# name 16 = timeS: Time, Elapsed [seconds]
# name 17 = scan: Scan Count
# name 18 = nbf: Bottles Fired
# name 19 = flag:  0.000e+00
# interval = seconds: 0.0416667
# start_time = Dec 14 2021 16:02:10 [NMEA time, header]
# bad_flag = -9.990e-29
*END*
[from data line 290]
    242.645    240.139    -0.6338  28.196464    -0.6338  28.195114     6.2396     6.3180    -0.0077    89.6442 1.0000e-12  -64.16814  -61.90526 348.695380      99.98 1.2992e+03   2350.792      56420          6  0.000e+00
    242.665    240.160    -0.6338  28.196175    -0.6338  28.195396     6.2331     6.3126    -0.0077    89.6442 1.0000e-12  -64.16814  -61.90526 348.695380      99.98 1.2992e+03   2350.833      56421          6  0.000e+00
    242.665    240.160    -0.6339  28.195886    -0.6338  28.195565     6.2388     6.3177    -0.0077    89.6699 1.0000e-12  -64.16814  -61.90526 348.695380      99.95 1.2975e+03   2350.875      56422          6  0.000e+00
    242.665    240.160    -0.6340  28.195886    -0.6338  28.195114     6.2398     6.3171    -0.0077    89.6442 1.0000e-12  -64.16814  -61.90526 348.695381      99.95 1.2975e+03   2350.917      56423          6  0.000e+00
    181.979    180.126     0.2366  28.911267     0.2340  28.908138     5.4960     5.6160     0.0436    89.5927 1.0000e-12  -64.16798  -61.90550 348.696883      99.93 9.6430e+02   2480.708      59538          7  0.000e+00
    181.910    180.058     0.2366  28.911092     0.2341  28.908365     5.4972     5.6163     0.0436    89.5927 1.0000e-12  -64.16798  -61.90550 348.696884      99.95 9.6430e+02   2480.750      59539          7  0.000e+00
    182.013    180.160     0.2365  28.911092     0.2346  28.908138     5.4974     5.6168     0.0436    89.5669 1.0000e-12  -64.16798  -61.90550 348.696884      99.98 9.6430e+02   2480.792      59540          7  0.000e+00
    181.931    180.079     0.2366  28.911617     0.2343  28.908422     5.4919     5.6174     0.0436    89.5669 1.0000e-12  -64.16798  -61.90550 348.696885      99.98 9.6430e+02   2480.833      59541          7  0.000e+00
    181.965    180.113     0.2360  28.910800     0.2340  28.908650     5.4914     5.6173     0.0436    89.5927 1.0000e-12  -64.16798  -61.90550 348.696885      99.95 9.6430e+02   2480.875      59542          7  0.000e+00
    182.027    180.174     0.2355  28.910742     0.2336  28.907910     5.4970     5.6182     0.0436    89.5927 1.0000e-12  -64.16798  -61.90550 348.696886      99.93 9.6430e+02   2480.917      59543          7  0.000e+00
    181.910    180.058     0.2343  28.910509     0.2332  28.908138     5.4984     5.6181     0.0436    89.5669 1.0000e-12  -64.16798  -61.90550 348.696886      99.95 9.6430e+02   2480.958      59544          7  0.000e+00
    181.979    180.126     0.2333  28.909984     0.2330  28.907910     5.4988     5.6128     0.0436    89.5669 1.0000e-12  -64.16798  -61.90550 348.696887      99.98 9.6430e+02   2481.000      59545          7  0.000e+00
    182.013    180.160     0.2326  28.909168     0.2340  28.907853     5.4950     5.6121     0.0436    89.5669 1.0000e-12  -64.16798  -61.90550 348.696887      99.98 9.6253e+02   2481.042      59546          7  0.000e+00
    181.931    180.079     0.2321  28.908351     0.2343  28.908138     5.5017     5.6114     0.0436    89.5927 1.0000e-12  -64.16798  -61.90550 348.696888      99.98 9.6253e+02   2481.083      59547          7  0.000e+00
    181.965    180.113     0.2318  28.908585     0.2341  28.908138     5.5028     5.6110     0.0436    89.5927 1.0000e-12  -64.16798  -61.90550 348.696888      99.98 9.6253e+02   2481.125      59548          7  0.000e+00
    181.979    180.126     0.2319  28.908643     0.2335  28.908935     5.4983     5.6107     0.0436    89.5669 1.0000e-12  -64.16798  -61.90550 348.696889      99.98 9.6253e+02   2481.167      59549          7  0.000e+00
    181.965    180.113     0.2318  28.908351     0.2328  28.908423     5.4985     5.6105     0.0436    89.5927 1.0000e-12  -64.16798  -61.90550 348.696889      99.95 9.6253e+02   2481.208      59550          7  0.000e+00
    182.013    180.160     0.2316  28.908643     0.2324  28.907625     5.4991     5.6105     0.0436    89.5927 1.0000e-12  -64.16798  -61.90550 348.696889      99.98 9.6253e+02   2481.250      59551          7  0.000e+00
    181.979    180.126     0.2317  28.908060     0.2320  28.907568     5.4999     5.6050     0.0362    89.5669 1.0000e-12  -64.16798  -61.90550 348.696890      99.98 9.6253e+02   2481.292      59552          7  0.000e+00
    181.965    180.113     0.2318  28.908351     0.2318  28.907625     5.4937     5.6043     0.0436    89.5669 1.0000e-12  -64.16798  -61.90550 348.696890      99.98 9.6253e+02   2481.333      59553          7  0.000e+00
    181.931    180.079     0.2320  28.908351     0.2318  28.907625     5.4994     5.6091     0.0436    89.5927 1.0000e-12  -64.16798  -61.90550 348.696891      99.95 9.6253e+02   2481.375      59554          7  0.000e+00
    182.013    180.160     0.2321  28.908643     0.2310  28.907284     5.4953     5.6097     0.0362    89.5927 1.0000e-12  -64.16798  -61.90550 348.696891      99.95 9.6253e+02   2481.417      59555          7  0.000e+00
    181.979    180.126     0.2324  28.908643     0.2313  28.907056     5.5002     5.6037     0.0362    89.5927 1.0000e-12  -64.16798  -61.90550 348.696892      99.98 9.6253e+02   2481.458      59556          7  0.000e+00
    181.965    180.113     0.2326  28.908876     0.2309  28.907056     5.4952     5.6035     0.0362    89.5927 1.0000e-12  -64.16798  -61.90550 348.696892      99.98 9.6253e+02   2481.500      59557          7  0.000e+00
    181.979    180.126     0.2329  28.908643     0.2309  28.906771     5.5079     5.6025     0.0362    89.5927 1.0000e-12  -64.16798  -61.90550 348.696893      99.98 9.6253e+02   2481.542      59558          7  0.000e+00
    181.965    180.113     0.2329  28.908876     0.2309  28.906828     5.5047     5.6079     0.0362    89.5927 1.0000e-12  -64.16798  -61.90550 348.696893      99.98 9.6253e+02   2481.583      59559          7  0.000e+00
    181.979    180.126     0.2333  28.909168     0.2310  28.906828     5.5003     5.6033     0.0362    89.5669 1.0000e-12  -64.16798  -61.90550 348.696894      99.98 9.6253e+02   2481.625      59560          7  0.000e+00
    182.013    180.160     0.2327  28.909460     0.2312  28.906771     5.4937     5.6027     0.0362    89.5927 1.0000e-12  -64.16798  -61.90550 348.696894      99.98 9.6253e+02   2481.667      59561          7  0.000e+00
    181.979    180.126     0.2327  28.909634     0.2315  28.907340     5.4988     5.6029     0.0362    89.5927 1.0000e-12  -64.16798  -61.90550 348.696895      99.93 9.6253e+02   2481.708      59562          7  0.000e+00
    181.965    180.113     0.2321  28.909693     0.2316  28.907055     5.4999     5.6034     0.0289    89.5927 1.0000e-12  -64.16798  -61.90550 348.696895      99.95 9.6253e+02   2481.750      59563          7  0.000e+00
    182.013    180.160     0.2322  28.909168     0.2315  28.906999     5.4940     5.6031     0.0362    89.5927 1.0000e-12  -64.16798  -61.90552 348.696896      99.98 9.6253e+02   2481.792      59564          7  0.000e+00
    181.979    180.127     0.2318  28.909168     0.2320  28.907910     5.5001     5.6028     0.0362    89.5927 1.0000e-12  -64.16798  -61.90552 348.696896      99.98 9.6253e+02   2481.833      59565          7  0.000e+00
    182.013    180.161     0.2318  28.908643     0.2321  28.907910     5.5006     5.6028     0.0362    89.5669 1.0000e-12  -64.16798  -61.90552 348.696897      99.95 9.6253e+02   2481.875      59566          7  0.000e+00
    182.027    180.174     0.2318  28.908293     0.2318  28.907284     5.5013     5.6029     0.0362    89.5927 1.0000e-12  -64.16798  -61.90552 348.696897      99.95 9.6253e+02   2481.917      59567          7  0.000e+00
    181.965    180.113     0.2321  28.908351     0.2316  28.907625     5.5021     5.6021     0.0362    89.5927 1.0000e-12  -64.16798  -61.90552 348.696898      99.98 9.6253e+02   2481.958      59568          7  0.000e+00
    181.979    180.127     0.2320  28.908351     0.2320  28.907625     5.5046     5.5968     0.0362    89.5927 1.0000e-12  -64.16798  -61.90552 348.696898      99.98 9.6253e+02   2482.000      59569          7  0.000e+00
    182.013    180.161     0.2324  28.908351     0.2319  28.907853     5.5060     5.6018     0.0362    89.5669 1.0000e-12  -64.16798  -61.90552 348.696899      99.98 9.6253e+02   2482.042      59570          7  0.000e+00
    182.027    180.174     0.2323  28.909110     0.2321  28.908138     5.5062     5.6022     0.0362    89.5927 1.0000e-12  -64.16798  -61.90552 348.696899      99.98 9.6253e+02   2482.083      59571          7  0.000e+00
    182.014    180.161     0.2322  28.908643     0.2319  28.907625     5.5008     5.6028     0.0362    89.5927 1.0000e-12  -64.16798  -61.90552 348.696900      99.98 9.6253e+02   2482.125      59572          7  0.000e+00
    182.027    180.174     0.2323  28.908876     0.2320  28.907625     5.5058     5.6035     0.0362    89.5927 1.0000e-12  -64.16798  -61.90552 348.696900      99.98 9.6253e+02   2482.167      59573          7  0.000e+00
    182.014    180.161     0.2332  28.908876     0.2319  28.907283     5.5065     5.6043     0.0362    89.5927 1.0000e-12  -64.16798  -61.90552 348.696901      99.93 9.6253e+02   2482.208      59574          7  0.000e+00
    181.911    180.059     0.2335  28.908876     0.2320  28.907625     5.5016     5.5996     0.0362    89.6184 1.0000e-12  -64.16798  -61.90552 348.696901      99.95 9.6253e+02   2482.250      59575          7  0.000e+00
    182.082    180.229     0.2324  28.908877     0.2319  28.907910     5.4959     5.6054     0.0362    89.6184 1.0000e-12  -64.16798  -61.90552 348.696902      99.98 9.6253e+02   2482.292      59576          7  0.000e+00
    182.014    180.161     0.2307  28.908876     0.2318  28.907853     5.5006     5.6011     0.0362    89.5927 1.0000e-12  -64.16798  -61.90552 348.696902      99.98 9.6253e+02   2482.333      59577          7  0.000e+00
    182.027    180.174     0.2299  28.908060     0.2321  28.907910     5.5011     5.6006     0.0362    89.5927 1.0000e-12  -64.16798  -61.90552 348.696902      99.95 9.6253e+02   2482.375      59578          7  0.000e+00
    182.014    180.161     0.2290  28.907535     0.2316  28.907910     5.5017     5.6002     0.0362    89.5927 1.0000e-12  -64.16798  -61.90552 348.696903      99.93 9.6253e+02   2482.417      59579          7  0.000e+00
    182.027    180.174     0.2289  28.906427     0.2309  28.907568     5.5084     5.6001     0.0362    89.5927 1.0000e-12  -64.16798  -61.90552 348.696903      99.95 9.6253e+02   2482.458      59580          7  0.000e+00
    182.014    180.161     0.2288  28.905319     0.2299  28.907056     5.5050     5.6001     0.0362    89.6184 1.0000e-12  -64.16798  -61.90552 348.696904      99.98 9.6253e+02   2482.500      59581          7  0.000e+00
    182.082    180.229     0.2284  28.905378     0.2298  28.905974     5.5062     5.6002     0.0289    89.5927 1.0000e-12  -64.16798  -61.90552 348.696904      99.98 9.6253e+02   2482.542      59582          7  0.000e+00
    182.014    180.161     0.2281  28.905611     0.2301  28.906201     5.5062     5.6002     0.0216    89.6184 1.0000e-12  -64.16798  -61.90552 348.696905      99.98 9.6077e+02   2482.583      59583          7  0.000e+00
    181.979    180.127     0.2267  28.905611     0.2295  28.906258     5.5079     5.6004     0.0289    89.6184 1.0000e-12  -64.16798  -61.90552 348.696905      99.98 9.6077e+02   2482.625      59584          7  0.000e+00
    182.062    180.208     0.2267  28.905086     0.2264  28.905461     5.5084     5.6012     0.0289    89.6184 1.0000e-12  -64.16798  -61.90552 348.696906      99.98 9.6077e+02   2482.667      59585          7  0.000e+00
    182.027    180.174     0.2277  28.904270     0.2273  28.905119     5.5030     5.6014     0.0289    89.6184 1.0000e-12  -64.16798  -61.90552 348.696906      99.95 9.6077e+02   2482.708      59586          7  0.000e+00
    101.144    100.134     0.1025  28.628764     0.0706  28.587757     6.1333     6.2830     0.1901    89.0777 4.4597e-01  -64.16784  -61.90580 348.698707      99.98 8.9026e+02   2638.292      63320          8  0.000e+00
    101.117    100.107     0.1005  28.628415     0.0706  28.587246     6.1290     6.2829     0.1901    89.0777 4.4597e-01  -64.16784  -61.90580 348.698708      99.98 8.9026e+02   2638.333      63321          8  0.000e+00
    101.144    100.134     0.0982  28.627137     0.0707  28.587246     6.1421     6.2827     0.1974    89.0777 4.4597e-01  -64.16784  -61.90580 348.698708      99.95 8.9026e+02   2638.375      63322          8  0.000e+00
    101.117    100.107     0.0970  28.626091     0.0706  28.587359     6.1403     6.2832     0.1901    89.0777 4.4597e-01  -64.16784  -61.90580 348.698709      99.93 8.9026e+02   2638.417      63323          8  0.000e+00
    101.144    100.134     0.0956  28.625975     0.0706  28.587246     6.1418     6.2836     0.1974    89.0777 4.4597e-01  -64.16784  -61.90580 348.698709      99.95 8.9026e+02   2638.458      63324          8  0.000e+00
    101.117    100.107     0.0953  28.626614     0.0707  28.587530     6.1430     6.2838     0.1901    89.0519 4.4597e-01  -64.16784  -61.90580 348.698709      99.98 8.9026e+02   2638.500      63325          8  0.000e+00
    101.096    100.087     0.0989  28.626788     0.0710  28.586962     6.1508     6.2848     0.1974    89.0777 4.4597e-01  -64.16784  -61.90580 348.698710      99.98 8.9026e+02   2638.542      63326          8  0.000e+00
    101.165    100.155     0.1028  28.626904     0.0709  28.586962     6.1542     6.2850     0.1901    89.0777 4.4597e-01  -64.16784  -61.90580 348.698710      99.98 8.9026e+02   2638.583      63327          8  0.000e+00
    101.096    100.087     0.1056  28.627834     0.0709  28.587643     6.1504     6.2903     0.1901    89.0777 4.4597e-01  -64.16784  -61.90580 348.698711      99.98 8.9026e+02   2638.625      63328          8  0.000e+00
    101.117    100.107     0.1089  28.629577     0.0709  28.587246     6.1440     6.2911     0.1901    89.0777 4.4597e-01  -64.16784  -61.90580 348.698711      99.98 8.9026e+02   2638.667      63329          8  0.000e+00
    101.096    100.087     0.1106  28.631204     0.0707  28.586679     6.1536     6.2917     0.1901    89.0777 4.4597e-01  -64.16784  -61.90580 348.698712      99.95 8.9026e+02   2638.708      63330          8  0.000e+00
    101.117    100.107     0.1105  28.632424     0.0707  28.586962     6.1604     6.2867     0.1901    89.0777 4.4597e-01  -64.16784  -61.90580 348.698712      99.98 8.9026e+02   2638.750      63331          8  0.000e+00
    101.117    100.107     0.1065  28.633122     0.0706  28.586282     6.1573     6.2916     0.1901    89.0777 4.4597e-01  -64.16784  -61.90580 348.698713      99.98 8.9026e+02   2638.792      63332          8  0.000e+00
    101.144    100.134     0.1050  28.631902     0.0707  28.586679     6.1655     6.2918     0.1974    89.0777 4.4597e-01  -64.16784  -61.90580 348.698713      99.98 8.9026e+02   2638.833      63333          8  0.000e+00
    101.069    100.060     0.0961  28.631495     0.0707  28.586679     6.1643     6.2926     0.1901    89.1034 4.4597e-01  -64.16784  -61.90580 348.698714      99.95 8.9026e+02   2638.875      63334          8  0.000e+00
    101.144    100.134     0.0846  28.627836     0.0707  28.586679     6.1668     6.2980     0.1974    89.0777 4.4597e-01  -64.16784  -61.90580 348.698714      99.95 8.9026e+02   2638.917      63335          8  0.000e+00
    101.117    100.107     0.0799  28.618771     0.0709  28.587359     6.1685     6.2985     0.1901    89.0777 4.4597e-01  -64.16784  -61.90580 348.698715      99.98 8.9026e+02   2638.958      63336          8  0.000e+00
    101.096    100.087     0.0799  28.610405     0.0709  28.586962     6.1765     6.2990     0.1901    89.0777 4.4597e-01  -64.16784  -61.90580 348.698715      99.98 8.9026e+02   2639.000      63337          8  0.000e+00
