NBP2113_155081_ctd/data/nbp2113_060.ros
* Sea-Bird SBE 9 Data File:
* FileName = D:\Data\raw\NBP2113_060.hex
* Software Version Seasave V 7.26.7.121
* Temperature SN = 2438
* Conductivity SN = 2067
* Number of Bytes Per Scan = 40
* Number of Voltage Words = 5
* Number of Scans Averaged by the Deck Unit = 1
* NMEA Latitude = 64 45.87 S
* NMEA Longitude = 063 07.32 W
* NMEA UTC (Time) = Dec 13 2021  22:33:21
* NMEA baud rate = 9600
** Ship: RVIB N.B. Palmer
** Cruise: NBP2113 LTER
** Station: 654.006
** Operator: S. Blackman
# nquan = 20
# nvalues = 588                                   
# units = specified
# name 0 = prDM: Pressure, Digiquartz [db]
# name 1 = depSM: Depth [salt water, m]
# name 2 = t090C: Temperature [ITS-90, deg C]
# name 3 = c0mS/cm: Conductivity [mS/cm]
# name 4 = t190C: Temperature, 2 [ITS-90, deg C]
# name 5 = c1mS/cm: Conductivity, 2 [mS/cm]
# name 6 = sbeox0ML/L: Oxygen, SBE 43 [ml/l]
# name 7 = sbeox1ML/L: Oxygen, SBE 43, 2 [ml/l]
# name 8 = flECO-AFL: Fluorescence, WET Labs ECO-AFL/FL [mg/m^3]
# name 9 = CStarTr0: Beam Transmission, WET Labs C-Star [%]
# name 10 = par: PAR/Irradiance, Biospherical/Licor
# name 11 = latitude: Latitude [deg]
# name 12 = longitude: Longitude [deg]
# name 13 = timeJ: Julian Days
# name 14 = altM: Altimeter [m]
# name 15 = spar: SPAR, Biospherical/Licor
# name 16 = timeS: Time, Elapsed [seconds]
# name 17 = scan: Scan Count
# name 18 = nbf: Bottles Fired
# name 19 = flag:  0.000e+00
# interval = seconds: 0.0416667
# start_time = Dec 13 2021 22:33:21 [NMEA time, header]
# bad_flag = -9.990e-29
*END*
[from data line 73]
    276.557    273.667    -0.3538  28.496500    -0.3555  28.490534     5.8113     5.8951    -0.0150    88.9489 1.0000e-12  -64.76428  -63.12216 347.948201       9.30 1.7646e+03    723.583      17367          2  0.000e+00
    276.653    273.763    -0.3537  28.496732    -0.3555  28.490194     5.8108     5.8948    -0.0150    88.9232 1.0000e-12  -64.76428  -63.12216 347.948202       9.30 1.7646e+03    723.625      17368          2  0.000e+00
    276.550    273.661    -0.3513  28.496500    -0.3549  28.489174     5.8054     5.8944    -0.0150    88.9489 1.0000e-12  -64.76428  -63.12216 347.948202       9.30 1.7646e+03    723.667      17369          2  0.000e+00
    276.605    273.715    -0.3479  28.496732    -0.3557  28.489401     5.8106     5.8943    -0.0150    88.9489 1.0000e-12  -64.76428  -63.12216 347.948203       9.30 1.7646e+03    723.708      17370          2  0.000e+00
    276.605    273.715    -0.3463  28.496210    -0.3580  28.489174     5.8056     5.8943    -0.0150    88.9489 1.0000e-12  -64.76428  -63.12216 347.948203       9.28 1.7646e+03    723.750      17371          2  0.000e+00
    276.605    273.715    -0.3462  28.495977    -0.3585  28.488891     5.8054     5.8941    -0.0150    88.9489 1.0000e-12  -64.76428  -63.12216 347.948204       9.26 1.7646e+03    723.792      17372          2  0.000e+00
    276.605    273.715    -0.3501  28.495688    -0.3573  28.489174     5.8119     5.8936    -0.0150    88.9489 1.0000e-12  -64.76428  -63.12216 347.948204       9.28 1.7646e+03    723.833      17373          2  0.000e+00
    276.605    273.715    -0.3519  28.495688    -0.3559  28.489118     5.8075     5.8940    -0.0150    88.9489 1.0000e-12  -64.76428  -63.12216 347.948205       9.28 1.7646e+03    723.875      17374          2  0.000e+00
    276.605    273.715    -0.3516  28.495166    -0.3554  28.489458     5.8092     5.8937    -0.0150    88.9489 1.0000e-12  -64.76428  -63.12216 347.948205       9.26 1.7646e+03    723.917      17375          2  0.000e+00
    276.550    273.661    -0.3516  28.495398    -0.3557  28.489684     5.8154     5.8934    -0.0077    88.9232 1.0000e-12  -64.76428  -63.12216 347.948206       9.26 1.7646e+03    723.958      17376          2  0.000e+00
    276.606    273.715    -0.3519  28.495688    -0.3555  28.489458     5.8098     5.8932    -0.0150    88.9232 1.0000e-12  -64.76428  -63.12216 347.948206       9.26 1.7646e+03    724.000      17377          2  0.000e+00
    276.661    273.770    -0.3510  28.496210    -0.3555  28.490194     5.8101     5.8882    -0.0150    88.8459 1.0000e-12  -64.76428  -63.12216 347.948207       9.28 1.7646e+03    724.042      17378          2  0.000e+00
    276.551    273.661    -0.3505  28.495978    -0.3550  28.490534     5.8150     5.8926    -0.0150    88.7687 1.0000e-12  -64.76428  -63.12216 347.948207       9.26 1.7646e+03    724.083      17379          2  0.000e+00
    276.606    273.715    -0.3503  28.496500    -0.3538  28.490477     5.8155     5.8866    -0.0150    88.7687 1.0000e-12  -64.76428  -63.12216 347.948207       9.26 1.7646e+03    724.125      17380          2  0.000e+00
    276.606    273.715    -0.3510  28.495978    -0.3533  28.490534     5.8116     5.8911    -0.0150    88.7687 1.0000e-12  -64.76428  -63.12216 347.948208       9.26 1.7646e+03    724.167      17381          2  0.000e+00
    276.606    273.715    -0.3526  28.495398    -0.3531  28.491270     5.8109     5.8909    -0.0150    88.7687 1.0000e-12  -64.76428  -63.12216 347.948208       9.26 1.7646e+03    724.208      17382          2  0.000e+00
    276.606    273.715    -0.3521  28.494586    -0.3531  28.491610     5.8102     5.8907    -0.0150    88.7687 1.0000e-12  -64.76428  -63.12216 347.948209       9.26 1.7664e+03    724.250      17383          2  0.000e+00
    276.606    273.716    -0.3515  28.493251    -0.3531  28.491270     5.8109     5.8906    -0.0150    88.7687 1.0000e-12  -64.76428  -63.12216 347.948209       9.23 1.7646e+03    724.292      17384          2  0.000e+00
    276.606    273.716    -0.3568  28.492208    -0.3528  28.491610     5.8111     5.8904    -0.0150    88.7687 1.0000e-12  -64.76428  -63.12216 347.948210       9.23 1.7664e+03    724.333      17385          2  0.000e+00
    276.606    273.716    -0.3571  28.491396    -0.3542  28.491271     5.8106     5.8914    -0.0150    88.7687 1.0000e-12  -64.76428  -63.12216 347.948210       9.23 1.7664e+03    724.375      17386          2  0.000e+00
    276.606    273.716    -0.3527  28.490293    -0.3545  28.491327     5.8081     5.8923    -0.0150    88.7687 1.0000e-12  -64.76428  -63.12216 347.948211       9.26 1.7664e+03    724.417      17387          2  0.000e+00
    276.606    273.716    -0.3531  28.490293    -0.3539  28.491270     5.8137     5.8874    -0.0150    88.7687 1.0000e-12  -64.76428  -63.12216 347.948211       9.23 1.7664e+03    724.458      17388          2  0.000e+00
    276.558    273.668    -0.3614  28.489250    -0.3549  28.490817     5.8098     5.8876    -0.0150    88.7687 1.0000e-12  -64.76428  -63.12216 347.948212       9.26 1.7664e+03    724.500      17389          2  0.000e+00
    276.606    273.716    -0.3611  28.488728    -0.3541  28.491270     5.8094     5.8932    -0.0150    88.7687 1.0000e-12  -64.76428  -63.12216 347.948212       9.26 1.7664e+03    724.542      17390          2  0.000e+00
    276.606    273.716    -0.3589  28.488728    -0.3513  28.491044     5.8148     5.8873    -0.0150    88.7687 1.0000e-12  -64.76428  -63.12216 347.948213       9.23 1.7664e+03    724.583      17391          2  0.000e+00
    192.432    190.460     0.7903  29.426299     0.7852  29.422072     4.9813     5.0710     0.0362    90.6742 1.0000e-12  -64.76416  -63.12216 347.949979      94.95 1.8017e+03    877.208      21054          3  0.000e+00
    192.432    190.460     0.7898  29.426064     0.7857  29.421728     4.9784     5.0709     0.0362    90.6484 1.0000e-12  -64.76416  -63.12216 347.949980      94.58 1.8017e+03    877.250      21055          3  0.000e+00
    192.370    190.399     0.7894  29.426006     0.7860  29.422072     4.9729     5.0708     0.0362    90.6484 1.0000e-12  -64.76416  -63.12216 347.949980      94.48 1.8017e+03    877.292      21056          3  0.000e+00
    192.535    190.562     0.7889  29.426065     0.7863  29.422359     4.9763     5.0656     0.0362    90.5969 1.0000e-12  -64.76416  -63.12216 347.949981      94.48 1.8017e+03    877.333      21057          3  0.000e+00
    192.432    190.460     0.7887  29.425477     0.7865  29.422359     4.9709     5.0648     0.0362    90.5712 1.0000e-12  -64.76416  -63.12216 347.949981      94.51 1.8017e+03    877.375      21058          3  0.000e+00
    192.432    190.460     0.7884  29.425712     0.7860  29.422645     4.9700     5.0695     0.0362    90.5712 1.0000e-12  -64.76416  -63.12216 347.949982      94.51 1.8017e+03    877.417      21059          3  0.000e+00
    192.370    190.399     0.7887  29.425242     0.7858  29.422072     4.9692     5.0697     0.0362    90.5712 1.0000e-12  -64.76416  -63.12216 347.949982      94.48 1.8017e+03    877.458      21060          3  0.000e+00
    192.480    190.508     0.7884  29.425478     0.7848  29.422072     4.9756     5.0702     0.0362    90.5712 1.0000e-12  -64.76416  -63.12216 347.949983      94.48 1.8017e+03    877.500      21061          3  0.000e+00
    192.384    190.413     0.7886  29.425243     0.7845  29.421441     4.9719     5.0704     0.0362    90.5712 1.0000e-12  -64.76416  -63.12216 347.949983      94.51 1.8017e+03    877.542      21062          3  0.000e+00
    192.432    190.460     0.7884  29.425243     0.7845  29.420983     4.9772     5.0655     0.0362    90.5712 1.0000e-12  -64.76416  -63.12216 347.949984      94.53 1.8017e+03    877.583      21063          3  0.000e+00
    192.473    190.501     0.7887  29.425184     0.7845  29.420467     4.9724     5.0704     0.0362    90.5712 1.0000e-12  -64.76416  -63.12216 347.949984      94.51 1.8017e+03    877.625      21064          3  0.000e+00
    192.384    190.413     0.7887  29.425243     0.7860  29.420982     4.9777     5.0652     0.0362    90.5712 1.0000e-12  -64.76416  -63.12216 347.949985      94.48 1.8017e+03    877.667      21065          3  0.000e+00
    192.432    190.460     0.7894  29.425243     0.7868  29.421269     4.9731     5.0648     0.0362    90.5712 1.0000e-12  -64.76416  -63.12216 347.949985      94.46 1.8017e+03    877.708      21066          3  0.000e+00
    192.384    190.413     0.7894  29.425477     0.7868  29.422645     4.9773     5.0644     0.0362    90.5712 1.0000e-12  -64.76416  -63.12216 347.949986      94.43 1.8017e+03    877.750      21067          3  0.000e+00
    192.474    190.501     0.7895  29.426065     0.7864  29.423162     4.9728     5.0643     0.0362    90.5712 1.0000e-12  -64.76416  -63.12216 347.949986      94.41 1.8017e+03    877.792      21068          3  0.000e+00
    192.384    190.413     0.7898  29.425771     0.7860  29.422817     4.9714     5.0642     0.0362    90.5712 1.0000e-12  -64.76416  -63.12216 347.949986      94.41 1.8017e+03    877.833      21069          3  0.000e+00
    192.432    190.460     0.7898  29.426534     0.7859  29.422072     4.9758     5.0642     0.0362    90.5712 1.0000e-12  -64.76416  -63.12216 347.949987      94.41 1.8017e+03    877.875      21070          3  0.000e+00
    192.425    190.454     0.7898  29.426299     0.7857  29.422072     4.9715     5.0642     0.0362    90.5712 1.0000e-12  -64.76416  -63.12216 347.949987      94.41 1.8017e+03    877.917      21071          3  0.000e+00
    192.432    190.460     0.7897  29.426299     0.7862  29.422072     4.9703     5.0642     0.0362    90.5712 1.0000e-12  -64.76416  -63.12216 347.949988      94.38 1.8017e+03    877.958      21072          3  0.000e+00
    192.384    190.413     0.7901  29.426299     0.7862  29.421785     4.9748     5.0643     0.0362    90.5712 1.0000e-12  -64.76416  -63.12216 347.949988      94.38 1.8017e+03    878.000      21073          3  0.000e+00
    192.432    190.460     0.7901  29.426299     0.7860  29.422359     4.9706     5.0646     0.0362    90.5712 1.0000e-12  -64.76416  -63.12216 347.949989      94.41 1.8017e+03    878.042      21074          3  0.000e+00
    192.371    190.399     0.7900  29.426593     0.7863  29.422359     4.9709     5.0648     0.0362    90.5712 1.0000e-12  -64.76416  -63.12216 347.949989      94.41 1.8017e+03    878.083      21075          3  0.000e+00
    192.432    190.461     0.7897  29.426299     0.7861  29.422015     4.9771     5.0652     0.0362    90.5712 1.0000e-12  -64.76416  -63.12216 347.949990      94.41 1.8017e+03    878.125      21076          3  0.000e+00
    192.384    190.413     0.7898  29.426299     0.7857  29.421556     4.9732     5.0656     0.0362    90.5197 1.0000e-12  -64.76416  -63.12216 347.949990      94.38 1.8017e+03    878.167      21077          3  0.000e+00
    192.433    190.461     0.7895  29.426064     0.7862  29.421556     4.9725     5.0661     0.0362    90.4682 1.0000e-12  -64.76416  -63.12216 347.949991      94.46 1.8017e+03    878.208      21078          3  0.000e+00
    192.371    190.399     0.7898  29.426006     0.7871  29.421785     4.9774     5.0665     0.0362    90.4682 1.0000e-12  -64.76416  -63.12216 347.949991      94.60 1.8017e+03    878.250      21079          3  0.000e+00
    192.433    190.461     0.7898  29.426299     0.7877  29.422359     4.9793     5.0662     0.0362    90.4682 1.0000e-12  -64.76416  -63.12216 347.949992      94.65 1.8017e+03    878.292      21080          3  0.000e+00
    192.385    190.413     0.7897  29.426299     0.7877  29.422645     4.9756     5.0659     0.0362    90.4682 1.0000e-12  -64.76416  -63.12216 347.949992      94.65 1.8017e+03    878.333      21081          3  0.000e+00
    192.385    190.413     0.7894  29.426299     0.7876  29.422932     4.9751     5.0658     0.0362    90.4682 1.0000e-12  -64.76416  -63.12216 347.949993      94.65 1.8017e+03    878.375      21082          3  0.000e+00
    192.426    190.454     0.7890  29.426065     0.7874  29.422531     4.9804     5.0604     0.0362    90.4682 1.0000e-12  -64.76416  -63.12216 347.949993      94.65 1.8017e+03    878.417      21083          3  0.000e+00
    192.433    190.461     0.7894  29.425712     0.7871  29.422359     4.9755     5.0595     0.0362    90.4682 1.0000e-12  -64.76416  -63.12216 347.949994      94.63 1.8017e+03    878.458      21084          3  0.000e+00
    192.385    190.413     0.7892  29.425771     0.7869  29.422932     4.9694     5.0587     0.0362    90.4682 1.0000e-12  -64.76416  -63.12216 347.949994      94.63 1.8017e+03    878.500      21085          3  0.000e+00
    192.371    190.400     0.7895  29.425771     0.7869  29.422932     4.9791     5.0579     0.0362    90.4682 1.0000e-12  -64.76416  -63.12216 347.949995      94.65 1.8017e+03    878.542      21086          3  0.000e+00
    192.385    190.413     0.7898  29.426006     0.7865  29.423161     4.9743     5.0573     0.0362    90.4682 1.0000e-12  -64.76416  -63.12216 347.949995      94.65 1.8017e+03    878.583      21087          3  0.000e+00
    192.433    190.461     0.7898  29.425771     0.7868  29.422645     4.9698     5.0620     0.0362    90.4682 1.0000e-12  -64.76416  -63.12216 347.949996      94.65 1.8017e+03    878.625      21088          3  0.000e+00
    192.385    190.413     0.7901  29.426299     0.7868  29.422932     4.9740     5.0569     0.0362    90.4682 1.0000e-12  -64.76416  -63.12216 347.949996      94.60 1.8017e+03    878.667      21089          3  0.000e+00
    192.371    190.400     0.7901  29.426299     0.7865  29.422817     4.9753     5.0626     0.0362    90.4682 1.0000e-12  -64.76416  -63.12216 347.949997      94.73 1.8017e+03    878.708      21090          3  0.000e+00
    192.433    190.461     0.7901  29.426299     0.7858  29.422646     4.9710     5.0631     0.0362    90.4682 1.0000e-12  -64.76416  -63.12216 347.949997      94.97 1.7999e+03    878.750      21091          3  0.000e+00
    192.385    190.413     0.7900  29.426299     0.7852  29.421556     4.9813     5.0636     0.0362    90.4682 1.0000e-12  -64.76416  -63.12216 347.949998      95.04 1.7999e+03    878.792      21092          3  0.000e+00
    192.385    190.413     0.7901  29.426299     0.7854  29.421269     4.9784     5.0640     0.0362    90.4682 1.0000e-12  -64.76416  -63.12216 347.949998      95.04 1.7999e+03    878.833      21093          3  0.000e+00
    192.371    190.400     0.7901  29.426299     0.7846  29.420982     4.9787     5.0646     0.0362    90.4682 1.0000e-12  -64.76416  -63.12216 347.949999      95.04 1.7999e+03    878.875      21094          3  0.000e+00
    192.385    190.413     0.7900  29.426886     0.7846  29.420696     4.9848     5.0598     0.0362    90.4682 1.0000e-12  -64.76416  -63.12216 347.949999      95.04 1.8017e+03    878.917      21095          3  0.000e+00
    192.385    190.413     0.7900  29.426828     0.7849  29.421269     4.9808     5.0595     0.0362    90.4682 1.0000e-12  -64.76416  -63.12216 347.950000      95.02 1.8017e+03    878.958      21096          3  0.000e+00
    192.426    190.454     0.7898  29.426593     0.7848  29.421441     4.9756     5.0593     0.0362    90.4939 1.0000e-12  -64.76416  -63.12216 347.950000      95.02 1.7999e+03    879.000      21097          3  0.000e+00
    192.330    190.359     0.7895  29.426593     0.7847  29.421785     4.9735     5.0592     0.0362    90.5454 1.0000e-12  -64.76416  -63.12216 347.950000      95.04 1.8017e+03    879.042      21098          3  0.000e+00
    192.385    190.413     0.7895  29.426006     0.7849  29.421556     4.9828     5.0591     0.0362    90.5454 1.0000e-12  -64.76416  -63.12216 347.950001      95.04 1.8017e+03    879.083      21099          3  0.000e+00
