NBP2113_155081_ctd/data/nbp2113_053.ros
* Sea-Bird SBE 9 Data File:
* FileName = D:\Data\raw\NBP2113_053.hex
* Software Version Seasave V 7.26.7.121
* Temperature SN = 2438
* Conductivity SN = 2067
* Number of Bytes Per Scan = 40
* Number of Voltage Words = 5
* Number of Scans Averaged by the Deck Unit = 1
* NMEA Latitude = 64 53.78 S
* NMEA Longitude = 064 39.15 W
* NMEA UTC (Time) = Dec 11 2021  18:56:20
* NMEA baud rate = 9600
** Ship: RVIB N.B. Palmer
** Cruise: NBP2113 LTER
** Station: 595.052
** Operator: S. Blackman
# nquan = 20
# nvalues = 490                                   
# units = specified
# name 0 = prDM: Pressure, Digiquartz [db]
# name 1 = depSM: Depth [salt water, m]
# name 2 = t090C: Temperature [ITS-90, deg C]
# name 3 = c0mS/cm: Conductivity [mS/cm]
# name 4 = t190C: Temperature, 2 [ITS-90, deg C]
# name 5 = c1mS/cm: Conductivity, 2 [mS/cm]
# name 6 = sbeox0ML/L: Oxygen, SBE 43 [ml/l]
# name 7 = sbeox1ML/L: Oxygen, SBE 43, 2 [ml/l]
# name 8 = flECO-AFL: Fluorescence, WET Labs ECO-AFL/FL [mg/m^3]
# name 9 = CStarTr0: Beam Transmission, WET Labs C-Star [%]
# name 10 = par: PAR/Irradiance, Biospherical/Licor
# name 11 = latitude: Latitude [deg]
# name 12 = longitude: Longitude [deg]
# name 13 = timeJ: Julian Days
# name 14 = altM: Altimeter [m]
# name 15 = spar: SPAR, Biospherical/Licor
# name 16 = timeS: Time, Elapsed [seconds]
# name 17 = scan: Scan Count
# name 18 = nbf: Bottles Fired
# name 19 = flag:  0.000e+00
# interval = seconds: 0.0416667
# start_time = Dec 11 2021 18:56:20 [NMEA time, header]
# bad_flag = -9.990e-29
*END*
    485.051    479.737     1.4445  30.256909     1.4444  30.255273     4.1291     4.1762    -0.0077    91.8329 1.0000e-12  -64.89644  -64.65274 345.801825       9.67 8.7968e+02   1097.708      26346          1  0.000e+00
    484.940    479.628     1.4443  30.256909     1.4442  30.255795     4.1296     4.1759    -0.0004    91.8072 1.0000e-12  -64.89644  -64.65274 345.801826       9.67 8.7968e+02   1097.750      26347          1  0.000e+00
    484.996    479.683     1.4446  30.256612     1.4442  30.255273     4.1346     4.1758    -0.0004    91.8072 1.0000e-12  -64.89644  -64.65274 345.801826       9.67 8.7968e+02   1097.792      26348          1  0.000e+00
    484.947    479.635     1.4446  30.257146     1.4445  30.255215     4.1291     4.1756    -0.0077    91.8329 1.0000e-12  -64.89644  -64.65274 345.801827       9.67 8.7968e+02   1097.833      26349          1  0.000e+00
    484.940    479.628     1.4446  30.256909     1.4442  30.255273     4.1295     4.1754    -0.0077    91.8072 1.0000e-12  -64.89644  -64.65274 345.801827       9.67 8.7968e+02   1097.875      26350          1  0.000e+00
    484.892    479.580     1.4445  30.256909     1.4442  30.255215     4.1299     4.1752    -0.0077    91.8072 1.0000e-12  -64.89644  -64.65274 345.801828       9.67 8.7968e+02   1097.917      26351          1  0.000e+00
    484.940    479.628     1.4443  30.256909     1.4444  30.254983     4.1347     4.1760    -0.0077    91.8329 1.0000e-12  -64.89644  -64.65274 345.801828       9.67 8.7968e+02   1097.958      26352          1  0.000e+00
    484.892    479.580     1.4443  30.256909     1.4442  30.255215     4.1305     4.1758    -0.0150    91.8072 1.0000e-12  -64.89644  -64.65274 345.801829       9.67 8.7968e+02   1098.000      26353          1  0.000e+00
    484.892    479.580     1.4445  30.256909     1.4442  30.255273     4.1308     4.1811    -0.0224    91.8072 1.0000e-12  -64.89644  -64.65274 345.801829       9.67 8.7968e+02   1098.042      26354          1  0.000e+00
    484.892    479.580     1.4443  30.256909     1.4442  30.254925     4.1311     4.1772    -0.0224    91.8072 1.0000e-12  -64.89644  -64.65274 345.801830       9.67 8.7968e+02   1098.083      26355          1  0.000e+00
    484.788    479.478     1.4443  30.257146     1.4440  30.255273     4.1357     4.1779    -0.0224    91.8329 1.0000e-12  -64.89644  -64.65274 345.801830       9.69 8.7968e+02   1098.125      26356          1  0.000e+00
    484.837    479.526     1.4446  30.256671     1.4440  30.255215     4.1314     4.1779    -0.0224    91.8072 1.0000e-12  -64.89644  -64.65274 345.801831       9.91 8.7968e+02   1098.167      26357          1  0.000e+00
    484.844    479.532     1.4443  30.256612     1.4442  30.255273     4.1316     4.1777    -0.0224    91.8072 1.0000e-12  -64.89644  -64.65274 345.801831      10.01 8.7968e+02   1098.208      26358          1  0.000e+00
    484.844    479.532     1.4445  30.256908     1.4442  30.255215     4.1246     4.1776    -0.0224    91.8072 1.0000e-12  -64.89644  -64.65274 345.801832      10.01 8.7968e+02   1098.250      26359          1  0.000e+00
    484.788    479.478     1.4443  30.256612     1.4442  30.255562     4.1278     4.1775    -0.0224    91.8072 1.0000e-12  -64.89644  -64.65274 345.801832      10.01 8.7968e+02   1098.292      26360          1  0.000e+00
    484.788    479.478     1.4447  30.256315     1.4440  30.255215     4.1293     4.1774    -0.0224    91.8072 1.0000e-12  -64.89644  -64.65274 345.801833      10.01 8.7968e+02   1098.333      26361          1  0.000e+00
    484.788    479.478     1.4443  30.256908     1.4442  30.254983     4.1295     4.1773    -0.0224    91.8329 1.0000e-12  -64.89644  -64.65274 345.801833      10.01 8.7968e+02   1098.375      26362          1  0.000e+00
    484.788    479.478     1.4443  30.256908     1.4442  30.254925     4.1296     4.1772    -0.0224    91.8072 1.0000e-12  -64.89644  -64.65274 345.801834      10.01 8.7968e+02   1098.417      26363          1  0.000e+00
    484.788    479.478     1.4443  30.256908     1.4442  30.255273     4.1298     4.1771    -0.0224    91.8072 1.0000e-12  -64.89644  -64.65274 345.801834       9.99 8.7968e+02   1098.458      26364          1  0.000e+00
    484.733    479.423     1.4443  30.256612     1.4440  30.255215     4.1300     4.1769    -0.0224    91.8072 1.0000e-12  -64.89644  -64.65274 345.801834      10.01 8.7968e+02   1098.500      26365          1  0.000e+00
    484.685    479.375     1.4445  30.256611     1.4442  30.254983     4.1301     4.1768    -0.0224    91.8072 1.0000e-12  -64.89644  -64.65274 345.801835      10.01 8.7968e+02   1098.542      26366          1  0.000e+00
    484.740    479.430     1.4446  30.256908     1.4444  30.255215     4.1289     4.1767    -0.0224    91.8072 1.0000e-12  -64.89644  -64.65274 345.801835      10.01 8.7968e+02   1098.583      26367          1  0.000e+00
    484.788    479.478     1.4445  30.256612     1.4442  30.255273     4.1290     4.1766    -0.0224    91.8072 1.0000e-12  -64.89644  -64.65274 345.801836      10.06 8.7968e+02   1098.625      26368          1  0.000e+00
    484.685    479.375     1.4443  30.256908     1.4440  30.255214     4.1291     4.1765    -0.0224    91.8072 1.0000e-12  -64.89644  -64.65274 345.801836      10.16 8.7968e+02   1098.667      26369          1  0.000e+00
    484.733    479.423     1.4443  30.256908     1.4442  30.255562     4.1220     4.1764    -0.0150    91.8072 1.0000e-12  -64.89644  -64.65274 345.801837      10.21 8.7968e+02   1098.708      26370          1  0.000e+00
    484.740    479.430     1.4445  30.256612     1.4440  30.255504     4.1252     4.1763    -0.0224    91.8072 1.0000e-12  -64.89644  -64.65274 345.801837      10.18 8.7968e+02   1098.750      26371          1  0.000e+00
    484.685    479.375     1.4445  30.256908     1.4445  30.255272     4.1252     4.1770    -0.0224    91.8329 1.0000e-12  -64.89644  -64.65274 345.801838      10.18 8.7968e+02   1098.792      26372          1  0.000e+00
    484.685    479.375     1.4445  30.256433     1.4442  30.255214     4.1195     4.1770    -0.0224    91.8072 1.0000e-12  -64.89644  -64.65274 345.801838      10.18 8.7968e+02   1098.833      26373          1  0.000e+00
    484.740    479.430     1.4445  30.257145     1.4442  30.254983     4.1240     4.1769    -0.0224    91.8072 1.0000e-12  -64.89644  -64.65274 345.801839      10.18 8.7968e+02   1098.875      26374          1  0.000e+00
    484.685    479.375     1.4443  30.256908     1.4442  30.255214     4.1242     4.1768    -0.0150    91.8072 1.0000e-12  -64.89644  -64.65274 345.801839      10.18 8.7968e+02   1098.917      26375          1  0.000e+00
    484.636    479.328     1.4446  30.256611     1.4440  30.255272     4.1242     4.1767    -0.0224    91.8329 1.0000e-12  -64.89644  -64.65274 345.801840      10.18 8.7968e+02   1098.958      26376          1  0.000e+00
    484.685    479.375     1.4446  30.256611     1.4442  30.255214     4.1171     4.1767    -0.0224    91.8329 1.0000e-12  -64.89644  -64.65274 345.801840      10.18 8.7968e+02   1099.000      26377          1  0.000e+00
    484.685    479.375     1.4445  30.256315     1.4442  30.255272     4.1204     4.1821    -0.0224    91.8072 1.0000e-12  -64.89644  -64.65274 345.801841      10.18 8.7968e+02   1099.042      26378          1  0.000e+00
    484.685    479.375     1.4443  30.256611     1.4442  30.255504     4.1218     4.1774    -0.0150    91.8072 1.0000e-12  -64.89644  -64.65274 345.801841      10.18 8.7968e+02   1099.083      26379          1  0.000e+00
    484.636    479.328     1.4446  30.256315     1.4443  30.254982     4.1219     4.1781    -0.0077    91.8072 1.0000e-12  -64.89644  -64.65274 345.801842      10.18 8.7968e+02   1099.125      26380          1  0.000e+00
    484.685    479.375     1.4443  30.256908     1.4440  30.255504     4.1162     4.1781    -0.0004    91.8072 1.0000e-12  -64.89644  -64.65274 345.801842      10.21 8.7968e+02   1099.167      26381          1  0.000e+00
    484.685    479.375     1.4446  30.256315     1.4442  30.255272     4.1194     4.1780    -0.0004    91.8329 1.0000e-12  -64.89644  -64.65274 345.801843      10.23 8.7968e+02   1099.208      26382          1  0.000e+00
    484.685    479.375     1.4445  30.256908     1.4444  30.255214     4.1137     4.1779    -0.0077    91.8072 1.0000e-12  -64.89644  -64.65274 345.801843      10.23 8.7968e+02   1099.250      26383          1  0.000e+00
    484.636    479.328     1.4445  30.256315     1.4440  30.254982     4.1126     4.1779    -0.0077    91.8072 1.0000e-12  -64.89644  -64.65274 345.801844      10.23 8.7968e+02   1099.292      26384          1  0.000e+00
    484.685    479.375     1.4448  30.256611     1.4442  30.255214     4.1230     4.1778    -0.0004    91.8072 1.0000e-12  -64.89644  -64.65274 345.801844      10.23 8.7968e+02   1099.333      26385          1  0.000e+00
    484.630    479.321     1.4442  30.256908     1.4442  30.255272     4.1202     4.1777    -0.0077    91.8329 1.0000e-12  -64.89644  -64.65274 345.801845      10.23 8.7968e+02   1099.375      26386          1  0.000e+00
    484.685    479.375     1.4445  30.256908     1.4444  30.254925     4.1204     4.1776    -0.0077    91.8072 1.0000e-12  -64.89644  -64.65274 345.801845      10.21 8.7968e+02   1099.417      26387          1  0.000e+00
    484.630    479.321     1.4447  30.256611     1.4444  30.255272     4.1148     4.1775    -0.0004    91.8072 1.0000e-12  -64.89644  -64.65274 345.801846      10.23 8.7968e+02   1099.458      26388          1  0.000e+00
    484.685    479.375     1.4445  30.256671     1.4442  30.254925     4.1182     4.1775    -0.0004    91.8072 1.0000e-12  -64.89644  -64.65274 345.801846      10.23 8.7968e+02   1099.500      26389          1  0.000e+00
    484.636    479.328     1.4445  30.256611     1.4444  30.255272     4.1184     4.1774    -0.0077    91.8329 1.0000e-12  -64.89644  -64.65274 345.801847      10.21 8.7968e+02   1099.542      26390          1  0.000e+00
    484.630    479.321     1.4445  30.256611     1.4442  30.254924     4.1128     4.1774    -0.0077    91.8329 1.0000e-12  -64.89644  -64.65274 345.801847      10.21 8.7968e+02   1099.583      26391          1  0.000e+00
    484.685    479.375     1.4445  30.256611     1.4444  30.255272     4.1117     4.1773    -0.0077    91.8072 1.0000e-12  -64.89644  -64.65274 345.801848      10.23 8.7968e+02   1099.625      26392          1  0.000e+00
    484.685    479.375     1.4445  30.256611     1.4444  30.255214     4.1165     4.1772    -0.0077    91.8072 1.0000e-12  -64.89644  -64.65274 345.801848      10.26 8.7968e+02   1099.667      26393          1  0.000e+00
    484.636    479.328     1.4443  30.256908     1.4445  30.255272     4.1169     4.1771    -0.0077    91.8072 1.0000e-12  -64.89644  -64.65274 345.801848      10.26 8.7968e+02   1099.708      26394          1  0.000e+00
    486.177    480.849     1.4440  30.256912     1.4437  30.255566     4.1289     4.1779    -0.0150    91.8329 1.0000e-12  -64.89644  -64.65272 345.801950       8.89 8.8673e+02   1108.458      26604          2  0.000e+00
    486.184    480.856     1.4439  30.256616     1.4439  30.255509     4.1249     4.1779    -0.0150    91.8329 1.0000e-12  -64.89644  -64.65272 345.801950       8.89 8.8673e+02   1108.500      26605          2  0.000e+00
    486.184    480.856     1.4440  30.256616     1.4437  30.255277     4.1254     4.1779    -0.0150    91.8329 1.0000e-12  -64.89644  -64.65272 345.801951       8.89 8.8673e+02   1108.542      26606          2  0.000e+00
    486.232    480.904     1.4440  30.256913     1.4437  30.255219     4.1304     4.1779    -0.0150    91.8329 1.0000e-12  -64.89644  -64.65272 345.801951       8.89 8.8673e+02   1108.583      26607          2  0.000e+00
    486.184    480.856     1.4439  30.256319     1.4437  30.255277     4.1250     4.1778    -0.0150    91.8329 1.0000e-12  -64.89644  -64.65272 345.801952       8.91 8.8673e+02   1108.625      26608          2  0.000e+00
    486.184    480.856     1.4439  30.256616     1.4436  30.255509     4.1241     4.1778    -0.0150    91.8329 1.0000e-12  -64.89644  -64.65272 345.801952       9.06 8.8673e+02   1108.667      26609          2  0.000e+00
    486.232    480.904     1.4439  30.256616     1.4439  30.255277     4.1233     4.1777    -0.0150    91.8329 1.0000e-12  -64.89644  -64.65272 345.801953       9.13 8.8673e+02   1108.708      26610          2  0.000e+00
    486.184    480.856     1.4440  30.256616     1.4437  30.255509     4.1223     4.1777    -0.0150    91.8329 1.0000e-12  -64.89644  -64.65272 345.801953       9.13 8.8673e+02   1108.750      26611          2  0.000e+00
    486.184    480.856     1.4439  30.256912     1.4439  30.255566     4.1214     4.1776    -0.0150    91.8329 1.0000e-12  -64.89644  -64.65272 345.801954       9.13 8.8673e+02   1108.792      26612          2  0.000e+00
    486.177    480.849     1.4440  30.256616     1.4437  30.255219     4.1205     4.1776    -0.0150    91.8329 1.0000e-12  -64.89644  -64.65272 345.801954       9.13 8.8673e+02   1108.833      26613          2  0.000e+00
    486.184    480.856     1.4440  30.256912     1.4439  30.254987     4.1254     4.1776    -0.0150    91.8329 1.0000e-12  -64.89644  -64.65272 345.801955       9.13 8.8673e+02   1108.875      26614          2  0.000e+00
    486.184    480.856     1.4440  30.256972     1.4437  30.255219     4.1272     4.1776    -0.0150    91.8329 1.0000e-12  -64.89644  -64.65272 345.801955       9.13 8.8673e+02   1108.917      26615          2  0.000e+00
    486.177    480.849     1.4440  30.256912     1.4437  30.255856     4.1232     4.1784    -0.0077    91.8329 1.0000e-12  -64.89644  -64.65272 345.801956       9.13 8.8673e+02   1108.958      26616          2  0.000e+00
    486.184    480.856     1.4439  30.256912     1.4440  30.255219     4.1223     4.1784    -0.0077    91.8329 1.0000e-12  -64.89644  -64.65272 345.801956       9.13 8.8673e+02   1109.000      26617          2  0.000e+00
    486.128    480.802     1.4440  30.256912     1.4436  30.255856     4.1272     4.1784    -0.0150    91.8587 1.0000e-12  -64.89644  -64.65272 345.801957       9.13 8.8673e+02   1109.042      26618          2  0.000e+00
    486.184    480.856     1.4440  30.256616     1.4437  30.255509     4.1232     4.1784    -0.0150    91.8587 1.0000e-12  -64.89644  -64.65272 345.801957       9.13 8.8673e+02   1109.083      26619          2  0.000e+00
    486.128    480.802     1.4442  30.256912     1.4437  30.255566     4.1223     4.1784    -0.0150    91.8587 1.0000e-12  -64.89644  -64.65272 345.801957       9.13 8.8673e+02   1109.125      26620          2  0.000e+00
    486.177    480.849     1.4440  30.256912     1.4437  30.255509     4.1214     4.1784    -0.0150    91.8587 1.0000e-12  -64.89644  -64.65272 345.801958       9.11 8.8673e+02   1109.167      26621          2  0.000e+00
    486.080    480.754     1.4439  30.256912     1.4436  30.254987     4.1263     4.1784    -0.0150    91.8587 1.0000e-12  -64.89644  -64.65272 345.801958       9.13 8.8673e+02   1109.208      26622          2  0.000e+00
    486.128    480.802     1.4440  30.256912     1.4436  30.255508     4.1267     4.1784    -0.0150    91.8587 1.0000e-12  -64.89644  -64.65272 345.801959       9.11 8.8673e+02   1109.250      26623          2  0.000e+00
    486.128    480.802     1.4442  30.256912     1.4437  30.255277     4.1212     4.1784    -0.0150    91.8587 1.0000e-12  -64.89644  -64.65272 345.801959       9.13 8.8673e+02   1109.292      26624          2  0.000e+00
    486.080    480.754     1.4440  30.256615     1.4436  30.255798     4.1260     4.1784    -0.0150    91.8587 1.0000e-12  -64.89644  -64.65272 345.801960       9.13 8.8673e+02   1109.333      26625          2  0.000e+00
    486.080    480.754     1.4440  30.257149     1.4436  30.254987     4.1219     4.1784    -0.0150    91.8587 1.0000e-12  -64.89644  -64.65272 345.801960       9.13 8.8673e+02   1109.375      26626          2  0.000e+00
