NBP2113_155081_ctd/data/nbp2113_048.ros
* Sea-Bird SBE 9 Data File:
* FileName = D:\Data\raw\NBP2113_048.hex
* Software Version Seasave V 7.26.7.121
* Temperature SN = 2438
* Conductivity SN = 2067
* Number of Bytes Per Scan = 40
* Number of Voltage Words = 5
* Number of Scans Averaged by the Deck Unit = 1
* NMEA Latitude = 64 50.77 S
* NMEA Longitude = 064 00.25 W
* NMEA UTC (Time) = Dec 11 2021  07:43:13
* NMEA baud rate = 9600
** Ship: RVIB N.B. Palmer
** Cruise: NBP2113 LTER
** Station: 620.032
** Operator: B. Urmston
# nquan = 20
# nvalues = 1134                                  
# units = specified
# name 0 = prDM: Pressure, Digiquartz [db]
# name 1 = depSM: Depth [salt water, m]
# name 2 = t090C: Temperature [ITS-90, deg C]
# name 3 = c0mS/cm: Conductivity [mS/cm]
# name 4 = t190C: Temperature, 2 [ITS-90, deg C]
# name 5 = c1mS/cm: Conductivity, 2 [mS/cm]
# name 6 = sbeox0ML/L: Oxygen, SBE 43 [ml/l]
# name 7 = sbeox1ML/L: Oxygen, SBE 43, 2 [ml/l]
# name 8 = flECO-AFL: Fluorescence, WET Labs ECO-AFL/FL [mg/m^3]
# name 9 = CStarTr0: Beam Transmission, WET Labs C-Star [%]
# name 10 = par: PAR/Irradiance, Biospherical/Licor
# name 11 = latitude: Latitude [deg]
# name 12 = longitude: Longitude [deg]
# name 13 = timeJ: Julian Days
# name 14 = altM: Altimeter [m]
# name 15 = spar: SPAR, Biospherical/Licor
# name 16 = timeS: Time, Elapsed [seconds]
# name 17 = scan: Scan Count
# name 18 = nbf: Bottles Fired
# name 19 = flag:  0.000e+00
# interval = seconds: 0.0416667
# start_time = Dec 11 2021 07:43:13 [NMEA time, header]
# bad_flag = -9.990e-29
*END*
[from data line 580]
    101.027    100.013     0.0967  28.632018     0.0986  28.635876     6.1542     6.1606     0.0875    90.4939 1.0000e-12  -64.84622  -64.00408 345.340621      99.98 4.0546e+01   1636.625      39280         13  0.000e+00
    101.000     99.986     0.0966  28.632134     0.0977  28.633208     6.1534     6.1596     0.0875    90.5454 1.0000e-12  -64.84622  -64.00408 345.340621      99.95 4.0546e+01   1636.667      39281         13  0.000e+00
    101.000     99.986     0.0963  28.632309     0.0986  28.632640     6.1468     6.1580     0.0875    90.5712 1.0000e-12  -64.84622  -64.00408 345.340622      99.98 4.0546e+01   1636.708      39282         13  0.000e+00
    101.027    100.014     0.0963  28.631495     0.1009  28.632640     6.1490     6.1562     0.0875    90.5454 1.0000e-12  -64.84622  -64.00408 345.340622      99.98 4.0546e+01   1636.750      39283         13  0.000e+00
    101.055    100.041     0.0961  28.631612     0.1018  28.634514     6.1466     6.1597     0.0875    90.5454 1.0000e-12  -64.84622  -64.00408 345.340623      99.98 4.0546e+01   1636.792      39284         13  0.000e+00
    100.979     99.966     0.0961  28.631495     0.1010  28.635592     6.1395     6.1588     0.0875    90.5712 1.0000e-12  -64.84622  -64.00408 345.340623      99.95 4.0546e+01   1636.833      39285         13  0.000e+00
    101.055    100.041     0.0959  28.631089     0.1009  28.635081     6.1313     6.1578     0.0875    90.5712 1.0000e-12  -64.84622  -64.00408 345.340624      99.95 4.0546e+01   1636.875      39286         13  0.000e+00
    101.027    100.014     0.0959  28.630914     0.0991  28.634514     6.1374     6.1514     0.0875    90.5712 1.0000e-12  -64.84622  -64.00408 345.340624      99.98 4.0546e+01   1636.917      39287         13  0.000e+00
    101.000     99.986     0.0956  28.631088     0.0977  28.632924     6.1288     6.1558     0.0802    90.5454 1.0000e-12  -64.84622  -64.00408 345.340625      99.98 4.0546e+01   1636.958      39288         13  0.000e+00
    101.027    100.014     0.0958  28.630914     0.0969  28.631903     6.1273     6.1500     0.0802    90.5712 1.0000e-12  -64.84622  -64.00408 345.340625      99.98 4.0546e+01   1637.000      39289         13  0.000e+00
    101.055    100.041     0.0958  28.630682     0.0971  28.631335     6.1258     6.1486     0.0802    90.5712 1.0000e-12  -64.84622  -64.00408 345.340625      99.98 4.0546e+01   1637.042      39290         13  0.000e+00
    101.027    100.014     0.0956  28.630566     0.0967  28.631051     6.1229     6.1471     0.0802    90.5712 1.0000e-12  -64.84622  -64.00408 345.340626      99.98 4.0546e+01   1637.083      39291         13  0.000e+00
    101.055    100.041     0.0956  28.630682     0.0972  28.631051     6.1199     6.1463     0.0802    90.5712 1.0000e-12  -64.84622  -64.00408 345.340626      99.95 4.0546e+01   1637.125      39292         13  0.000e+00
    101.082    100.068     0.0955  28.630566     0.0967  28.631051     6.1184     6.1456     0.0802    90.5712 1.0000e-12  -64.84622  -64.00408 345.340627      99.95 4.0546e+01   1637.167      39293         13  0.000e+00
    101.000     99.986     0.0955  28.630914     0.0967  28.630767     6.1224     6.1447     0.0802    90.5712 1.0000e-12  -64.84622  -64.00408 345.340627      99.98 4.0546e+01   1637.208      39294         13  0.000e+00
    101.055    100.041     0.0956  28.630275     0.0962  28.631051     6.1220     6.1440     0.0802    90.5712 1.0000e-12  -64.84622  -64.00408 345.340628      99.98 4.0546e+01   1637.250      39295         13  0.000e+00
    101.082    100.068     0.0955  28.630682     0.0960  28.630484     6.1159     6.1432     0.0802    90.5712 1.0000e-12  -64.84622  -64.00408 345.340628      99.98 4.0546e+01   1637.292      39296         13  0.000e+00
    101.055    100.041     0.0958  28.630391     0.0961  28.630257     6.1141     6.1423     0.0802    90.5712 1.0000e-12  -64.84622  -64.00408 345.340629      99.95 4.0546e+01   1637.333      39297         13  0.000e+00
    101.082    100.068     0.0958  28.630566     0.0955  28.630030     6.1181     6.1415     0.0802    90.5712 1.0000e-12  -64.84622  -64.00408 345.340629      99.95 4.0546e+01   1637.375      39298         13  0.000e+00
    101.055    100.041     0.0959  28.630682     0.0955  28.629973     6.1118     6.1404     0.0802    90.5712 1.0000e-12  -64.84622  -64.00408 345.340630      99.98 4.0546e+01   1637.417      39299         13  0.000e+00
    101.082    100.068     0.0959  28.630798     0.0958  28.629973     6.1100     6.1394     0.0802    90.5454 1.0000e-12  -64.84622  -64.00408 345.340630      99.98 4.0546e+01   1637.458      39300         13  0.000e+00
    101.055    100.041     0.0963  28.630101     0.0961  28.629973     6.1095     6.1383     0.0802    90.5197 1.0000e-12  -64.84622  -64.00408 345.340631      99.98 4.0546e+01   1637.500      39301         13  0.000e+00
    101.130    100.115     0.0961  28.630566     0.0961  28.629689     6.1149     6.1373     0.0802    90.5197 1.0000e-12  -64.84622  -64.00408 345.340631      99.98 4.0546e+01   1637.542      39302         13  0.000e+00
    101.055    100.041     0.0964  28.630914     0.0964  28.629973     6.1158     6.1369     0.0802    90.5197 1.0000e-12  -64.84622  -64.00408 345.340632      99.98 4.0546e+01   1637.583      39303         13  0.000e+00
    101.082    100.068     0.0961  28.630566     0.0961  28.630768     6.1097     6.1367     0.0802    90.5197 1.0000e-12  -64.84622  -64.00408 345.340632      99.95 4.0546e+01   1637.625      39304         13  0.000e+00
    101.103    100.088     0.0963  28.629868     0.0961  28.630257     6.1036     6.1365     0.0802    90.5197 1.0000e-12  -64.84622  -64.00408 345.340633      99.95 4.0546e+01   1637.667      39305         13  0.000e+00
    101.130    100.116     0.0961  28.630391     0.0958  28.630030     6.1077     6.1363     0.0802    90.5197 1.0000e-12  -64.84622  -64.00408 345.340633      99.98 4.0546e+01   1637.708      39306         13  0.000e+00
    101.103    100.088     0.0961  28.630275     0.0958  28.629973     6.1061     6.1361     0.0802    90.5197 1.0000e-12  -64.84622  -64.00408 345.340634      99.98 4.0546e+01   1637.750      39307         13  0.000e+00
    101.082    100.068     0.0959  28.630101     0.0958  28.629973     6.1016     6.1358     0.0802    90.4939 1.0000e-12  -64.84622  -64.00406 345.340634      99.98 4.0546e+01   1637.792      39308         13  0.000e+00
    101.158    100.143     0.0959  28.629985     0.0960  28.629973     6.1003     6.1356     0.0802    90.5197 1.0000e-12  -64.84622  -64.00406 345.340635      99.93 4.0546e+01   1637.833      39309         13  0.000e+00
    101.103    100.088     0.0961  28.630682     0.0961  28.629689     6.1046     6.1353     0.0802    90.5197 1.0000e-12  -64.84622  -64.00406 345.340635      99.95 4.0546e+01   1637.875      39310         13  0.000e+00
    101.130    100.116     0.0963  28.630798     0.0960  28.629689     6.0990     6.1297     0.0802    90.5197 1.0000e-12  -64.84622  -64.00406 345.340636      99.98 4.0546e+01   1637.917      39311         13  0.000e+00
    101.103    100.088     0.0963  28.630391     0.0961  28.629973     6.0979     6.1286     0.0802    90.5197 1.0000e-12  -64.84622  -64.00406 345.340636      99.98 4.0546e+01   1637.958      39312         13  0.000e+00
    101.130    100.116     0.0966  28.630682     0.0960  28.629689     6.0969     6.1276     0.0802    90.5197 1.0000e-12  -64.84622  -64.00406 345.340637      99.98 4.0546e+01   1638.000      39313         13  0.000e+00
    101.185    100.170     0.0975  28.632135     0.0964  28.629462     6.1330     6.1383     0.0729    90.4682 1.0000e-12  -64.84622  -64.00406 345.340645      99.95 4.0546e+01   1638.708      39330         14  0.000e+00
    101.206    100.190     0.0974  28.632309     0.0961  28.630257     6.1335     6.1446     0.0729    90.4682 1.0000e-12  -64.84622  -64.00406 345.340645      99.98 4.0546e+01   1638.750      39331         14  0.000e+00
    101.233    100.218     0.0969  28.632426     0.0963  28.629463     6.1354     6.1409     0.0729    90.4682 1.0000e-12  -64.84622  -64.00408 345.340646      99.98 4.0546e+01   1638.792      39332         14  0.000e+00
    101.254    100.238     0.0970  28.632019     0.0963  28.629463     6.1429     6.1425     0.0729    90.4682 1.0000e-12  -64.84622  -64.00408 345.340646      99.95 4.0546e+01   1638.833      39333         14  0.000e+00
    101.185    100.170     0.0970  28.632135     0.0963  28.630257     6.1446     6.1441     0.0729    90.4939 1.0000e-12  -64.84622  -64.00408 345.340647      99.95 4.0546e+01   1638.875      39334         14  0.000e+00
    101.254    100.238     0.0969  28.632019     0.0966  28.629690     6.1449     6.1458     0.0729    90.4682 1.0000e-12  -64.84622  -64.00408 345.340647      99.98 4.0546e+01   1638.917      39335         14  0.000e+00
    101.206    100.190     0.0970  28.631496     0.0964  28.629690     6.1476     6.1465     0.0729    90.4682 1.0000e-12  -64.84622  -64.00408 345.340648      99.98 4.0546e+01   1638.958      39336         14  0.000e+00
    101.233    100.218     0.0970  28.631903     0.0966  28.629973     6.1548     6.1481     0.0729    90.4682 1.0000e-12  -64.84622  -64.00408 345.340648      99.98 4.0546e+01   1639.000      39337         14  0.000e+00
    101.254    100.238     0.0970  28.631728     0.0966  28.629690     6.1573     6.1543     0.0729    90.4682 1.0000e-12  -64.84622  -64.00408 345.340649      99.98 4.0546e+01   1639.042      39338         14  0.000e+00
    101.281    100.265     0.0969  28.631612     0.0967  28.629690     6.1597     6.1504     0.0729    90.4682 1.0000e-12  -64.84622  -64.00408 345.340649      99.98 4.0546e+01   1639.083      39339         14  0.000e+00
    101.206    100.190     0.0969  28.631205     0.0967  28.630257     6.1561     6.1564     0.0802    90.4682 1.0000e-12  -64.84622  -64.00408 345.340650      99.95 4.0546e+01   1639.125      39340         14  0.000e+00
    101.281    100.265     0.0972  28.631903     0.0967  28.630484     6.1626     6.1578     0.0875    90.4682 1.0000e-12  -64.84622  -64.00408 345.340650      99.95 4.0546e+01   1639.167      39341         14  0.000e+00
    101.254    100.238     0.0967  28.632019     0.0971  28.630768     6.1646     6.1591     0.0875    90.4682 1.0000e-12  -64.84622  -64.00408 345.340651      99.98 4.0546e+01   1639.208      39342         14  0.000e+00
    101.281    100.265     0.0972  28.631612     0.0966  28.630257     6.1677     6.1604     0.0875    90.4682 1.0000e-12  -64.84622  -64.00408 345.340651      99.98 4.0546e+01   1639.250      39343         14  0.000e+00
    101.206    100.191     0.0970  28.631496     0.0971  28.631052     6.1649     6.1615     0.0875    90.4682 1.0000e-12  -64.84622  -64.00408 345.340652      99.98 4.0546e+01   1639.292      39344         14  0.000e+00
    101.282    100.265     0.0970  28.631728     0.0971  28.630768     6.1710     6.1681     0.0875    90.4424 1.0000e-12  -64.84622  -64.00408 345.340652      99.93 4.0546e+01   1639.333      39345         14  0.000e+00
    101.254    100.238     0.0970  28.631612     0.0969  28.630768     6.1724     6.1699     0.0875    90.4424 1.0000e-12  -64.84622  -64.00408 345.340652      99.95 4.0546e+01   1639.375      39346         14  0.000e+00
    101.336    100.319     0.0972  28.631728     0.0970  28.630768     6.1693     6.1717     0.0875    90.4682 1.0000e-12  -64.84622  -64.00408 345.340653      99.98 4.0546e+01   1639.417      39347         14  0.000e+00
    101.254    100.238     0.0970  28.631903     0.0969  28.630768     6.1806     6.1733     0.0875    90.4682 1.0000e-12  -64.84622  -64.00408 345.340653      99.98 4.0546e+01   1639.458      39348         14  0.000e+00
    101.254    100.238     0.0970  28.632019     0.0967  28.630825     6.1772     6.1749     0.0875    90.4682 1.0000e-12  -64.84622  -64.00408 345.340654      99.98 4.0546e+01   1639.500      39349         14  0.000e+00
    101.336    100.320     0.0970  28.631903     0.0971  28.630485     6.1838     6.1764     0.0875    90.4682 1.0000e-12  -64.84622  -64.00408 345.340654      99.98 4.0546e+01   1639.542      39350         14  0.000e+00
    101.254    100.238     0.0972  28.631728     0.0972  28.630768     6.1813     6.1776     0.0875    90.4682 1.0000e-12  -64.84622  -64.00408 345.340655      99.98 4.0546e+01   1639.583      39351         14  0.000e+00
    101.282    100.265     0.0970  28.631728     0.0969  28.630768     6.1889     6.1843     0.0875    90.4682 1.0000e-12  -64.84622  -64.00408 345.340655      99.95 4.0546e+01   1639.625      39352         14  0.000e+00
    101.309    100.292     0.0972  28.632135     0.0969  28.630768     6.1906     6.1863     0.0875    90.4682 1.0000e-12  -64.84622  -64.00408 345.340656      99.95 4.0546e+01   1639.667      39353         14  0.000e+00
    101.282    100.265     0.0963  28.632310     0.0964  28.630768     6.1907     6.1881     0.0875    90.4682 1.0000e-12  -64.84622  -64.00408 345.340656      99.98 4.0546e+01   1639.708      39354         14  0.000e+00
    101.309    100.292     0.0963  28.631612     0.0963  28.630257     6.1862     6.1898     0.0875    90.4424 1.0000e-12  -64.84622  -64.00408 345.340657      99.98 4.0546e+01   1639.750      39355         14  0.000e+00
    101.282    100.265     0.0967  28.631496     0.0963  28.629974     6.1972     6.1913     0.0875    90.4682 1.0000e-12  -64.84622  -64.00408 345.340657      99.98 4.0546e+01   1639.792      39356         14  0.000e+00
    101.357    100.340     0.0967  28.631089     0.0960  28.629974     6.1923     6.1982     0.0875    90.4424 1.0000e-12  -64.84622  -64.00408 345.340658      99.95 4.0546e+01   1639.833      39357         14  0.000e+00
    101.282    100.265     0.0967  28.631496     0.0955  28.629747     6.1912     6.2003     0.0875    90.4682 1.0000e-12  -64.84622  -64.00408 345.340658      99.95 4.0546e+01   1639.875      39358         14  0.000e+00
    101.309    100.292     0.0966  28.630799     0.0961  28.629690     6.1915     6.2021     0.0875    90.4682 1.0000e-12  -64.84622  -64.00408 345.340659      99.98 4.0546e+01   1639.917      39359         14  0.000e+00
    101.357    100.340     0.0975  28.630915     0.0964  28.629690     6.1957     6.2029     0.0875    90.4424 1.0000e-12  -64.84622  -64.00408 345.340659      99.98 4.0546e+01   1639.958      39360         14  0.000e+00
    101.282    100.265     0.0982  28.631496     0.0969  28.629690     6.1951     6.2033     0.0875    90.4424 1.0000e-12  -64.84622  -64.00408 345.340660      99.98 4.0546e+01   1640.000      39361         14  0.000e+00
    101.309    100.292     0.0991  28.632426     0.0971  28.630484     6.1884     6.2091     0.0875    90.4167 1.0000e-12  -64.84622  -64.00408 345.340660      99.98 4.0546e+01   1640.042      39362         14  0.000e+00
    101.337    100.320     0.0992  28.633355     0.0971  28.630768     6.1887     6.2047     0.0875    90.4167 1.0000e-12  -64.84622  -64.00408 345.340661      99.98 4.0546e+01   1640.083      39363         14  0.000e+00
    101.357    100.340     0.0992  28.634053     0.0972  28.630485     6.1933     6.2100     0.0875    90.4167 1.0000e-12  -64.84622  -64.00408 345.340661      99.98 4.0546e+01   1640.125      39364         14  0.000e+00
    101.337    100.320     0.0994  28.633937     0.0971  28.630485     6.1932     6.2105     0.0875    90.4167 1.0000e-12  -64.84622  -64.00408 345.340662      99.93 4.0546e+01   1640.167      39365         14  0.000e+00
    101.309    100.292     0.0992  28.634053     0.0971  28.630484     6.1941     6.2108     0.0875    90.3909 1.0000e-12  -64.84622  -64.00408 345.340662      99.95 4.0546e+01   1640.208      39366         14  0.000e+00
