NBP2113_155081_ctd/data/nbp2113_048.cnv
* Sea-Bird SBE 9 Data File:
* FileName = D:\Data\raw\NBP2113_048.hex
* Software Version Seasave V 7.26.7.121
* Temperature SN = 2438
* Conductivity SN = 2067
* Number of Bytes Per Scan = 40
* Number of Voltage Words = 5
* Number of Scans Averaged by the Deck Unit = 1
* NMEA Latitude = 64 50.77 S
* NMEA Longitude = 064 00.25 W
* NMEA UTC (Time) = Dec 11 2021  07:43:13
* NMEA baud rate = 9600
** Ship: RVIB N.B. Palmer
** Cruise: NBP2113 LTER
** Station: 620.032
** Operator: B. Urmston
# nquan = 25
# nvalues = 791                         
# units = specified
# name 0 = prDM: Pressure, Digiquartz [db]
# name 1 = depSM: Depth [salt water, m]
# name 2 = t090C: Temperature [ITS-90, deg C]
# name 3 = c0mS/cm: Conductivity [mS/cm]
# name 4 = t190C: Temperature, 2 [ITS-90, deg C]
# name 5 = c1mS/cm: Conductivity, 2 [mS/cm]
# name 6 = sbeox0ML/L: Oxygen, SBE 43 [ml/l]
# name 7 = sbeox1ML/L: Oxygen, SBE 43, 2 [ml/l]
# name 8 = flECO-AFL: Fluorescence, WET Labs ECO-AFL/FL [mg/m^3]
# name 9 = CStarTr0: Beam Transmission, WET Labs C-Star [%]
# name 10 = par: PAR/Irradiance, Biospherical/Licor
# name 11 = latitude: Latitude [deg]
# name 12 = longitude: Longitude [deg]
# name 13 = timeJ: Julian Days
# name 14 = altM: Altimeter [m]
# name 15 = spar: SPAR, Biospherical/Licor
# name 16 = timeS: Time, Elapsed [seconds]
# name 17 = scan: Scan Count
# name 18 = density00: Density [density, kg/m^3]
# name 19 = density11: Density, 2 [density, kg/m^3]
# name 20 = sal00: Salinity, Practical [PSU]
# name 21 = sal11: Salinity, Practical, 2 [PSU]
# name 22 = oxsolML/L: Oxygen Saturation, Garcia & Gordon [ml/l]
# name 23 = nbin: number of scans per bin
# name 24 = flag: flag
# span 0 =      1.000,    398.000       
# span 1 =      0.990,    393.723       
# span 2 =    -0.4070,     1.3878       
# span 3 =  27.754652,  30.156891       
# span 4 =    -0.4089,     1.3874       
# span 5 =  27.750678,  30.155433       
# span 6 =     4.1809,     9.5026       
# span 7 =     4.2436,     9.8630       
# span 8 =    -0.0223,     1.9144       
# span 9 =    83.9902,    91.2091       
# span 10 = -1.443e-04, 6.2505e+01      
# span 11 =  -64.84630,  -64.84602      
# span 12 =  -64.00432,  -64.00378      
# span 13 = 345.324809, 345.343728      
# span 14 =       9.50,     100.65      
# span 15 = 3.8779e+01, 4.5834e+01      
# span 16 =    270.507,   1905.131      
# span 17 =       6493,      45724      
# span 18 =  1027.1111,  1029.6198      
# span 19 =  1027.1091,  1029.6187      
# span 20 =    33.7438,    34.6617      
# span 21 =    33.7406,    34.6603      
# span 22 =    7.74731,    8.16775      
# span 23 =         15,         60      
# span 24 = 0.0000e+00, 0.0000e+00      
# interval = decibars: 1                
# start_time = Dec 11 2021 07:43:13 [NMEA time, header]
# bad_flag = -9.990e-29
*END*
[from data line 290]
    295.000    291.903     1.1346  29.842714     1.1344  29.841860     4.4974     4.5615    -0.0063    91.1871 1.0000e-12  -64.84620  -64.00408 345.331620      99.97 4.0546e+01    858.936      20615  1029.1062  1029.1053    34.5989    34.5981    7.80081         38 0.0000e+00
    296.000    292.892     1.1357  29.845031     1.1366  29.845299     4.4891     4.5600    -0.0053    91.1892 1.0000e-12  -64.84620  -64.00408 345.331641      99.97 4.0546e+01    860.779      20660  1029.1117  1029.1111    34.6001    34.5995    7.80053         39 0.0000e+00
    297.000    293.881     1.1387  29.848703     1.1349  29.843444     4.4895     4.5521    -0.0109    91.1879 1.0000e-12  -64.84619  -64.00408 345.331661      99.97 4.0546e+01    862.537      20702  1029.1168  1029.1151    34.6009    34.5984    7.79989         40 0.0000e+00
    298.000    294.869     1.1406  29.850830     1.1398  29.849030     4.5059     4.5605    -0.0090    91.1828 1.0000e-12  -64.84618  -64.00408 345.331681      99.97 4.1032e+01    864.241      20743  1029.1214  1029.1203    34.6010    34.5996    7.79951         37 0.0000e+00
    299.000    295.858     1.1363  29.848096     1.1351  29.845733     4.5117     4.5605     0.0009    91.1603 1.0000e-12  -64.84618  -64.00408 345.331696      45.41 4.1983e+01    865.536      20774  1029.1271  1029.1257    34.6016    34.5999    7.80033         24 0.0000e+00
    300.000    296.846     1.1250  29.835613     1.1247  29.834505     4.5061     4.5591    -0.0146    91.1531 1.0000e-12  -64.84618  -64.00406 345.331706      57.90 4.2216e+01    866.395      20794  1029.1297  1029.1288    34.5976    34.5965    7.80280         20 0.0000e+00
    301.000    297.837     1.1250  29.835783     1.1244  29.834194     4.5036     4.5564    -0.0053    91.1719 1.0000e-12  -64.84618  -64.00406 345.331715      99.71 4.2308e+01    867.183      20813  1029.1340  1029.1330    34.5972    34.5958    7.80283         18 0.0000e+00
    302.000    298.823     1.1330  29.844265     1.1331  29.843858     4.5062     4.5564    -0.0003    91.1798 1.0000e-12  -64.84618  -64.00406 345.331724      99.97 4.2309e+01    867.969      20832  1029.1391  1029.1385    34.5986    34.5980    7.80115         19 0.0000e+00
    303.000    299.813     1.1336  29.845996     1.1333  29.844716     4.5062     4.5546    -0.0007    91.1636 1.0000e-12  -64.84618  -64.00406 345.331734      99.97 4.2309e+01    868.825      20853  1029.1445  1029.1434    34.5996    34.5983    7.80098         23 0.0000e+00
    304.000    300.802     1.1349  29.847544     1.1349  29.846690     4.4978     4.5554    -0.0072    91.1712 1.0000e-12  -64.84618  -64.00406 345.331748      99.97 4.2309e+01    869.994      20881  1029.1491  1029.1481    34.5996    34.5985    7.80073         35 0.0000e+00
    305.000    301.792     1.1371  29.849912     1.1370  29.849791     4.4823     4.5436    -0.0124    91.1633 1.0000e-12  -64.84618  -64.00406 345.331768      99.97 4.2309e+01    871.739      20923  1029.1535  1029.1534    34.5996    34.5996    7.80028         33 0.0000e+00
    306.000    302.779     1.1456  29.859684     1.1488  29.861263     4.4639     4.5358    -0.0109    91.1814 1.0000e-12  -64.84618  -64.00406 345.331787      99.97 4.2309e+01    873.404      20963  1029.1595  1029.1579    34.6022    34.6006    7.79846         34 0.0000e+00
    307.000    303.768     1.1522  29.867254     1.1535  29.867868     4.4581     4.5221    -0.0004    91.1720 1.0000e-12  -64.84618  -64.00406 345.331802      99.97 4.2309e+01    874.688      20994  1029.1650  1029.1643    34.6040    34.6033    7.79704         30 0.0000e+00
    308.000    304.758     1.1582  29.873937     1.1601  29.874943     4.4493     4.5162    -0.0004    91.1889 1.0000e-12  -64.84618  -64.00406 345.331815      99.87 4.2309e+01    875.854      21021  1029.1701  1029.1693    34.6053    34.6045    7.79577         27 0.0000e+00
    309.000    305.745     1.1670  29.883014     1.1743  29.889538     4.4309     4.5053    -0.0055    91.1679 1.0000e-12  -64.84618  -64.00406 345.331832      99.34 4.2309e+01    877.290      21056  1029.1753  1029.1748    34.6067    34.6069    7.79395         31 0.0000e+00
    310.000    306.734     1.1784  29.896065     1.1779  29.894954     4.4125     4.4926    -0.0043    91.1687 1.0000e-12  -64.84618  -64.00406 345.331852      98.31 4.2253e+01    879.021      21098  1029.1817  1029.1810    34.6102    34.6093    7.79150         34 0.0000e+00
    311.000    307.724     1.1885  29.907468     1.1878  29.905067     4.4171     4.4862    -0.0051    91.1939 1.0000e-12  -64.84618  -64.00406 345.331869      97.62 4.2135e+01    880.452      21132  1029.1877  1029.1860    34.6130    34.6107    7.78933         31 0.0000e+00
    312.000    308.711     1.1939  29.913320     1.1932  29.912450     4.4343     4.4929    -0.0077    91.1735 1.0000e-12  -64.84618  -64.00404 345.331881      96.53 4.2043e+01    881.493      21157  1029.1930  1029.1926    34.6140    34.6136    7.78821         20 0.0000e+00
    313.000    309.700     1.1924  29.913237     1.1927  29.912246     4.4450     4.4953    -0.0077    91.1646 1.0000e-12  -64.84616  -64.00404 345.331890      95.49 4.1176e+01    882.310      21176  1029.1985  1029.1973    34.6149    34.6134    7.78845         19 0.0000e+00
    314.000    310.691     1.1832  29.903549     1.1833  29.903045     4.4461     4.5004    -0.0077    91.1702 1.0000e-12  -64.84616  -64.00404 345.331899      94.73 4.0823e+01    883.086      21195  1029.2020  1029.2014    34.6121    34.6114    7.79043         19 0.0000e+00
    315.000    311.678     1.1828  29.903466     1.1828  29.902331     4.4451     4.4998    -0.0148    91.1861 1.0000e-12  -64.84616  -64.00403 345.331908      93.43 4.1096e+01    883.857      21214  1029.2065  1029.2055    34.6118    34.6104    7.79052         19 0.0000e+00
    316.000    312.666     1.1852  29.906159     1.1854  29.905437     4.4404     4.5026    -0.0058    91.1837 1.0000e-12  -64.84616  -64.00403 345.331918      92.53 4.1157e+01    884.720      21234  1029.2113  1029.2104    34.6122    34.6110    7.79004         23 0.0000e+00
    317.000    313.655     1.1844  29.906114     1.1858  29.906207     4.4355     4.5000    -0.0045    91.1767 1.0000e-12  -64.84616  -64.00404 345.331937      91.22 4.1152e+01    886.381      21274  1029.2164  1029.2151    34.6124    34.6110    7.79019         32 0.0000e+00
    318.000    314.646     1.1860  29.907759     1.1862  29.906737     4.4183     4.4835    -0.0155    91.1688 1.0000e-12  -64.84616  -64.00404 345.331969      90.38 4.1082e+01    889.103      21339  1029.2208  1029.2196    34.6120    34.6106    7.78987         36 0.0000e+00
    319.000    315.633     1.1951  29.917528     1.1960  29.917523     4.4125     4.4802    -0.0101    91.1884 1.0000e-12  -64.84616  -64.00402 345.331982      89.39 4.0836e+01    890.247      21367  1029.2261  1029.2252    34.6140    34.6130    7.78797         24 0.0000e+00
    320.000    316.621     1.1992  29.922544     1.1997  29.922107     4.4128     4.4738    -0.0138    91.1705 1.0000e-12  -64.84616  -64.00402 345.331992      88.25 4.0642e+01    891.110      21388  1029.2315  1029.2305    34.6153    34.6142    7.78709         19 0.0000e+00
    321.000    317.610     1.2020  29.926287     1.2015  29.924927     4.4096     4.4732    -0.0223    91.1649 1.0000e-12  -64.84616  -64.00402 345.332001      87.26 4.0547e+01    891.886      21406  1029.2368  1029.2359    34.6164    34.6152    7.78646         18 0.0000e+00
    322.000    318.600     1.2034  29.928149     1.2027  29.926601     4.4125     4.4721    -0.0008    91.1818 1.0000e-12  -64.84616  -64.00402 345.332011      86.42 4.0546e+01    892.708      21426  1029.2416  1029.2407    34.6167    34.6154    7.78618         21 0.0000e+00
    323.000    319.587     1.2031  29.928291     1.2024  29.926545     4.4118     4.4662    -0.0065    91.1702 1.0000e-12  -64.84616  -64.00402 345.332023      85.31 4.0546e+01    893.779      21452  1029.2464  1029.2453    34.6166    34.6152    7.78624         31 0.0000e+00
    324.000    320.576     1.2070  29.932594     1.2059  29.930582     4.4106     4.4734    -0.0131    91.1572 1.0000e-12  -64.84616  -64.00402 345.332040      84.25 4.0546e+01    895.246      21487  1029.2512  1029.2503    34.6172    34.6159    7.78543         35 0.0000e+00
    325.000    321.565     1.2096  29.936115     1.2075  29.933048     4.3986     4.4612    -0.0077    91.1487 1.0000e-12  -64.84616  -64.00402 345.332058      83.12 4.0546e+01    896.789      21524  1029.2566  1029.2555    34.6183    34.6167    7.78486         35 0.0000e+00
    326.000    322.553     1.2105  29.936733     1.2120  29.937049     4.3617     4.4436    -0.0015    91.1548 1.0000e-12  -64.84616  -64.00402 345.332075      82.20 4.0546e+01    898.262      21559  1029.2607  1029.2594    34.6174    34.6162    7.78472         36 0.0000e+00
    327.000    323.542     1.2392  29.968707     1.2370  29.965827     4.3906     4.4612     0.0036    91.1796 1.0000e-12  -64.84616  -64.00402 345.332093      81.39 4.0859e+01    899.838      21597  1029.2694  1029.2685    34.6261    34.6248    7.77856         35 0.0000e+00
    328.000    324.530     1.2143  29.944627     1.2039  29.931116     4.3892     4.4440    -0.0030    91.1634 1.0000e-12  -64.84616  -64.00402 345.332110      80.38 4.1346e+01    901.330      21633  1029.2737  1029.2702    34.6222    34.6165    7.78371         33 0.0000e+00
    329.000    325.519     1.2189  29.945410     1.2120  29.938245     4.3600     4.4231    -0.0078    91.1634 1.0000e-12  -64.84616  -64.00402 345.332125      79.45 4.1329e+01    902.607      21664  1029.2742  1029.2737    34.6176    34.6160    7.78305         27 0.0000e+00
    330.000    326.508     1.2382  29.968090     1.2485  29.976791     4.3064     4.3928    -0.0007    91.1634 1.0000e-12  -64.84616  -64.00401 345.332137      78.29 4.1348e+01    903.615      21688  1029.2829  1029.2814    34.6247    34.6244    7.77884         22 0.0000e+00
    331.000    327.497     1.2445  29.973930     1.2419  29.970994     4.2583     4.3665    -0.0057    91.1808 1.0000e-12  -64.84616  -64.00400 345.332147      77.61 4.0656e+01    904.512      21709  1029.2866  1029.2863    34.6246    34.6237    7.77759         22 0.0000e+00
    332.000    328.487     1.2922  30.024623     1.2894  30.019767     4.2311     4.3487    -0.0029    91.1657 1.0000e-12  -64.84616  -64.00402 345.332158      76.41 4.0547e+01    905.469      21732  1029.2958  1029.2935    34.6361    34.6330    7.76753         24 0.0000e+00
    333.000    329.473     1.3140  30.049518     1.3108  30.043818     4.2452     4.3539    -0.0045    91.1500 1.0000e-12  -64.84616  -64.00402 345.332171      75.42 4.0546e+01    906.582      21759  1029.3041  1029.3016    34.6432    34.6395    7.76283         30 0.0000e+00
    334.000    330.463     1.3189  30.056373     1.3154  30.052230     4.2729     4.3492    -0.0064    91.1715 1.0000e-12  -64.84616  -64.00402 345.332189      74.15 4.0546e+01    908.094      21795  1029.3110  1029.3100    34.6460    34.6445    7.76172         40 0.0000e+00
    335.000    331.451     1.3003  30.036940     1.3029  30.037724     4.3106     4.3670    -0.0001    91.1696 1.0000e-12  -64.84614  -64.00401 345.332208      73.20 4.0546e+01    909.777      21836  1029.3141  1029.3125    34.6412    34.6393    7.76566         37 0.0000e+00
    336.000    332.439     1.2987  30.036612     1.2945  30.031546     4.3522     4.3866    -0.0059    91.1666 1.0000e-12  -64.84614  -64.00400 345.332225      72.21 4.0546e+01    911.283      21872  1029.3199  1029.3188    34.6419    34.6401    7.76593         33 0.0000e+00
    337.000    333.429     1.2690  30.003949     1.2690  30.003149     4.3500     4.3893    -0.0074    91.1616 1.0000e-12  -64.84614  -64.00400 345.332240      71.23 4.0546e+01    912.555      21902  1029.3202  1029.3194    34.6324    34.6315    7.77231         28 0.0000e+00
    338.000    334.417     1.2745  30.009594     1.2723  30.006754     4.3383     4.3806    -0.0077    91.1730 1.0000e-12  -64.84614  -64.00400 345.332253      70.33 4.0546e+01    913.625      21928  1029.3248  1029.3239    34.6330    34.6318    7.77120         22 0.0000e+00
    339.000    335.405     1.2774  30.013544     1.2791  30.014056     4.3391     4.3793    -0.0140    91.2016 1.0000e-12  -64.84614  -64.00400 345.332263      69.53 4.0546e+01    914.504      21949  1029.3301  1029.3290    34.6343    34.6331    7.77056         21 0.0000e+00
    340.000    336.394     1.2772  30.013661     1.2771  30.012918     4.3546     4.3923    -0.0150    91.1936 1.0000e-12  -64.84614  -64.00400 345.332273      68.27 4.0546e+01    915.429      21971  1029.3347  1029.3340    34.6341    34.6333    7.77061         24 0.0000e+00
    341.000    337.382     1.2750  30.012482     1.2765  30.012738     4.3195     4.3799    -0.0150    91.1662 1.0000e-12  -64.84614  -64.00400 345.332286      67.24 4.0546e+01    916.519      21997  1029.3399  1029.3387    34.6344    34.6331    7.77102         30 0.0000e+00
    342.000    338.372     1.2788  30.015125     1.2753  30.010971     4.2411     4.3346    -0.0115    91.1772 1.0000e-12  -64.84614  -64.00400 345.332303      66.22 4.0546e+01    918.019      22033  1029.3431  1029.3422    34.6330    34.6315    7.77035         38 0.0000e+00
    343.000    339.359     1.3373  30.078740     1.3367  30.077111     4.2179     4.3098    -0.0050    91.1712 1.0000e-12  -64.84614  -64.00400 345.332324      65.19 4.0546e+01    919.818      22077  1029.3546  1029.3534    34.6491    34.6476    7.75793         40 0.0000e+00
    344.000    340.349     1.3434  30.085840     1.3428  30.084383     4.2209     4.3031    -0.0073    91.1737 1.0000e-12  -64.84614  -64.00400 345.332343      64.14 4.0546e+01    921.419      22115  1029.3604  1029.3594    34.6508    34.6495    7.75663         35 0.0000e+00
    345.000    341.338     1.3463  30.089319     1.3451  30.087112     4.2310     4.2975    -0.0135    91.1691 1.0000e-12  -64.84614  -64.00399 345.332359      63.19 4.0546e+01    922.825      22149  1029.3655  1029.3644    34.6514    34.6499    7.75602         31 0.0000e+00
    346.000    342.324     1.3473  30.091040     1.3469  30.089615     4.2331     4.2975    -0.0167    91.1402 1.0000e-12  -64.84614  -64.00398 345.332372      62.37 4.0546e+01    923.967      22176  1029.3707  1029.3696    34.6519    34.6505    7.75579         24 0.0000e+00
    347.000    343.315     1.3503  30.094344     1.3489  30.092085     4.2378     4.2937    -0.0086    91.1805 1.0000e-12  -64.84614  -64.00398 345.332382      61.63 4.0546e+01    924.820      22197  1029.3754  1029.3745    34.6523    34.6509    7.75519         19 0.0000e+00
    348.000    344.302     1.3504  30.095273     1.3505  30.094211     4.2373     4.2935    -0.0149    91.2091 1.0000e-12  -64.84614  -64.00397 345.332391      60.52 4.0546e+01    925.613      22216  1029.3806  1029.3794    34.6527    34.6513    7.75513         19 0.0000e+00
    349.000    345.291     1.3508  30.095940     1.3507  30.094822     4.2402     4.2927    -0.0150    91.1502 1.0000e-12  -64.84614  -64.00396 345.332401      59.28 4.0546e+01    926.468      22236  1029.3852  1029.3842    34.6526    34.6513    7.75507         22 0.0000e+00
    350.000    346.280     1.3535  30.099293     1.3513  30.095872     4.2367     4.2917    -0.0102    91.1847 1.0000e-12  -64.84614  -64.00398 345.332413      58.36 4.0546e+01    927.482      22261  1029.3903  1029.3890    34.6533    34.6514    7.75449         27 0.0000e+00
    351.000    347.269     1.3534  30.099436     1.3534  30.098426     4.2319     4.2948    -0.0128    91.1768 1.0000e-12  -64.84614  -64.00399 345.332428      57.08 4.0546e+01    928.805      22292  1029.3950  1029.3939    34.6531    34.6518    7.75454         37 0.0000e+00
