NBP2113_155081_ctd/data/nbp2113_041.cnv
* Sea-Bird SBE 9 Data File:
* FileName = D:\Data\raw\NBP2113_041.hex
* Software Version Seasave V 7.26.7.121
* Temperature SN = 2438
* Conductivity SN = 2067
* Number of Bytes Per Scan = 40
* Number of Voltage Words = 5
* Number of Scans Averaged by the Deck Unit = 1
* NMEA Latitude = 64 50.77 S
* NMEA Longitude = 063 54.70 W
* NMEA UTC (Time) = Dec 10 2021  14:38:32
* NMEA baud rate = 9600
** Ship: RVIB N.B. Palmer
** Cruise: NBP2113 LTER
** Station: 622.029
** Operator: B. Urmston
# nquan = 25
# nvalues = 505                         
# units = specified
# name 0 = prDM: Pressure, Digiquartz [db]
# name 1 = depSM: Depth [salt water, m]
# name 2 = t090C: Temperature [ITS-90, deg C]
# name 3 = c0mS/cm: Conductivity [mS/cm]
# name 4 = t190C: Temperature, 2 [ITS-90, deg C]
# name 5 = c1mS/cm: Conductivity, 2 [mS/cm]
# name 6 = sbeox0ML/L: Oxygen, SBE 43 [ml/l]
# name 7 = sbeox1ML/L: Oxygen, SBE 43, 2 [ml/l]
# name 8 = flECO-AFL: Fluorescence, WET Labs ECO-AFL/FL [mg/m^3]
# name 9 = CStarTr0: Beam Transmission, WET Labs C-Star [%]
# name 10 = par: PAR/Irradiance, Biospherical/Licor
# name 11 = latitude: Latitude [deg]
# name 12 = longitude: Longitude [deg]
# name 13 = timeJ: Julian Days
# name 14 = altM: Altimeter [m]
# name 15 = spar: SPAR, Biospherical/Licor
# name 16 = timeS: Time, Elapsed [seconds]
# name 17 = scan: Scan Count
# name 18 = density00: Density [density, kg/m^3]
# name 19 = density11: Density, 2 [density, kg/m^3]
# name 20 = sal00: Salinity, Practical [PSU]
# name 21 = sal11: Salinity, Practical, 2 [PSU]
# name 22 = oxsolML/L: Oxygen Saturation, Garcia & Gordon [ml/l]
# name 23 = nbin: number of scans per bin
# name 24 = flag: flag
# span 0 =      1.000,    255.000       
# span 1 =      0.991,    252.347       
# span 2 =    -0.3342,     1.1612       
# span 3 =  27.842505,  29.853625       
# span 4 =    -0.3335,     1.1602       
# span 5 =  27.840475,  29.851297       
# span 6 =     4.4808,     9.8802       
# span 7 =     4.5582,     9.7644       
# span 8 =    -0.0099,     1.6655       
# span 9 =    87.0951,    94.6611       
# span 10 = -3.414e-06, 1.7150e+03      
# span 11 =  -64.84650,  -64.84624      
# span 12 =  -63.91182,  -63.91174      
# span 13 = 344.613792, 344.628749      
# span 14 =       7.25,     100.27      
# span 15 = 8.8310e+02, 1.2692e+03      
# span 16 =    319.642,   1611.950      
# span 17 =       7672,      38688      
# span 18 =  1027.1165,  1028.9220      
# span 19 =  1027.1150,  1028.9206      
# span 20 =    33.7502,    34.6068      
# span 21 =    33.7481,    34.6050      
# span 22 =    7.79510,    8.14809      
# span 23 =         17,         49      
# span 24 = 0.0000e+00, 0.0000e+00      
# interval = decibars: 1                
# start_time = Dec 10 2021 14:38:32 [NMEA time, header]
# bad_flag = -9.990e-29
*END*
[from data line 232]
    237.000    234.545     1.0006  29.674832     0.9955  29.668253     4.6451     4.7368    -0.0073    94.5631 1.0000e-12  -64.84630  -63.91178 344.619233      26.43 1.0013e+03    789.722      18954  1028.8152  1028.8134    34.5654    34.5626    7.82942         37 0.0000e+00
    238.000    235.532     1.0055  29.681558     0.9987  29.674841     4.6087     4.7073    -0.0099    94.5746 1.0000e-12  -64.84630  -63.91178 344.619280      25.33 1.0025e+03    793.819      19053  1028.8220  1028.8217    34.5681    34.5670    7.82830         37 0.0000e+00
    239.000    236.523     1.0617  29.736112     1.0631  29.736172     4.5177     4.6442    -0.0075    94.5626 1.0000e-12  -64.84630  -63.91178 344.619330      24.47 1.0033e+03    798.119      19156  1028.8273  1028.8258    34.5754    34.5739    7.81665         32 0.0000e+00
    240.000    237.512     1.0930  29.774674     1.0922  29.772522     4.5266     4.6343    -0.0036    94.5726 1.0000e-12  -64.84630  -63.91178 344.619348      23.40 1.0054e+03    799.639      19192  1028.8408  1028.8393    34.5897    34.5879    7.80961         42 0.0000e+00
    241.000    238.503     1.0966  29.778864     1.0935  29.773717     4.5239     4.6188    -0.0036    94.5776 1.0000e-12  -64.84630  -63.91178 344.619404      22.26 1.0075e+03    804.494      19309  1028.8469  1028.8444    34.5906    34.5874    7.80885         25 0.0000e+00
    242.000    239.490     1.1288  29.811777     1.1301  29.811272     4.4948     4.5828    -0.0003    94.5357 1.0000e-12  -64.84630  -63.91176 344.619451      21.33 1.0084e+03    808.579      19407  1028.8537  1028.8518    34.5966    34.5945    7.80210         31 0.0000e+00
    243.000    240.479     1.1407  29.826160     1.1390  29.823174     4.4994     4.5836    -0.0030    94.5617 1.0000e-12  -64.84630  -63.91176 344.619463      20.41 1.0083e+03    809.619      19432  1028.8612  1028.8597    34.6013    34.5993    7.79948         26 0.0000e+00
    244.000    241.467     1.1403  29.826561     1.1398  29.824901     4.5162     4.5907    -0.0046    94.5380 1.0000e-12  -64.84630  -63.91177 344.619476      19.40 1.0085e+03    810.730      19459  1028.8665  1028.8652    34.6016    34.6000    7.79953         29 0.0000e+00
    245.000    242.458     1.1351  29.820913     1.1346  29.819061     4.5176     4.5856    -0.0053    94.5133 1.0000e-12  -64.84630  -63.91178 344.619517      18.20 1.0104e+03    814.292      19544  1028.8705  1028.8690    34.5996    34.5977    7.80068         36 0.0000e+00
    246.000    243.445     1.1370  29.822648     1.1369  29.821510     4.5126     4.5881     0.0047    94.4974 1.0000e-12  -64.84630  -63.91177 344.619584      17.32 1.0112e+03    820.056      19682  1028.8751  1028.8738    34.5991    34.5977    7.80033         29 0.0000e+00
    247.000    244.435     1.1386  29.825518     1.1373  29.823244     4.5115     4.5832     0.0062    94.5033 1.0000e-12  -64.84630  -63.91176 344.619598      16.26 1.0134e+03    821.233      19711  1028.8807  1028.8795    34.6005    34.5989    7.79994         31 0.0000e+00
    248.000    245.426     1.1388  29.826289     1.1386  29.824727     4.5101     4.5793    -0.0078    94.5088 1.0000e-12  -64.84630  -63.91177 344.619615      15.17 1.0150e+03    822.728      19746  1028.8856  1028.8842    34.6006    34.5989    7.79989         37 0.0000e+00
    249.000    246.409     1.1392  29.827007     1.1393  29.826009     4.5143     4.5795     0.0015    94.4964 1.0000e-12  -64.84631  -63.91177 344.619664      13.91 1.0166e+03    826.933      19847  1028.8904  1028.8892    34.6005    34.5991    7.79981         22 0.0000e+00
    250.000    247.401     1.1413  29.829669     1.1413  29.828519     4.5074     4.5758    -0.0064    94.5209 1.0000e-12  -64.84632  -63.91178 344.619724      13.01 1.0182e+03    832.191      19974  1028.8955  1028.8942    34.6011    34.5995    7.79937         34 0.0000e+00
    251.000    248.392     1.1423  29.831332     1.1420  29.829623     4.5138     4.5760    -0.0077    94.5290 1.0000e-12  -64.84632  -63.91177 344.619743      12.07 1.0162e+03    833.797      20012  1028.9004  1028.8990    34.6015    34.5996    7.79915         34 0.0000e+00
    252.000    249.380     1.1418  29.831141     1.1417  29.829887     4.5140     4.5753    -0.0077    94.4951 1.0000e-12  -64.84630  -63.91176 344.619761      11.02 1.0162e+03    835.376      20050  1028.9050  1028.9038    34.6012    34.5997    7.79926         39 0.0000e+00
    253.000    250.371     1.1433  29.833042     1.1419  29.830140     4.5090     4.5777    -0.0037    94.4945 1.0000e-12  -64.84632  -63.91176 344.619791       9.83 1.0196e+03    837.930      20111  1028.9099  1028.9082    34.6014    34.5992    7.79895         30 0.0000e+00
    254.000    251.358     1.1513  29.841776     1.1496  29.839030     4.4808     4.5582    -0.0046    94.5290 1.0000e-12  -64.84632  -63.91176 344.619931       8.66 1.0237e+03    850.007      20401  1028.9152  1028.9141    34.6031    34.6015    7.79726         28 0.0000e+00
    255.000    252.347     1.1612  29.853625     1.1602  29.851297     4.4991     4.5627     0.0016    94.4823 1.0000e-12  -64.84632  -63.91177 344.620188       7.25 1.0311e+03    872.265      20935  1028.9220  1028.9206    34.6068    34.6050    7.79510         29 0.0000e+00
    254.000    251.358     1.1453  29.836427     1.1428  29.832586     4.5043     4.5755    -0.0006    94.4966 1.0000e-12  -64.84632  -63.91178 344.620163       8.10 1.0311e+03    870.038      20882  1028.9158  1028.9143    34.6029    34.6007    7.79847         38 0.0000e+00
    253.000    250.369     1.1442  29.834500     1.1429  29.831953     4.5061     4.5748    -0.0035    94.4737 1.0000e-12  -64.84633  -63.91179 344.620246       9.11 1.0326e+03    877.235      21055  1028.9106  1028.9092    34.6023    34.6004    7.79873         34 0.0000e+00
    252.000    249.380     1.1510  29.841274     1.1476  29.836396     4.4990     4.5640    -0.0030    94.4759 1.0000e-12  -64.84634  -63.91178 344.620398       9.94 1.0372e+03    890.343      21369  1028.9066  1028.9049    34.6040    34.6015    7.79728         28 0.0000e+00
    251.000    248.390     1.1492  29.838986     1.1488  29.837270     4.5077     4.5713    -0.0076    94.4584 1.0000e-12  -64.84634  -63.91178 344.620426      10.88 1.0383e+03    892.833      21429  1028.9019  1028.9004    34.6037    34.6019    7.79766         36 0.0000e+00
    250.000    247.403     1.1455  29.834707     1.1428  29.830747     4.5128     4.5717    -0.0077    94.5086 1.0000e-12  -64.84634  -63.91178 344.620448      11.77 1.0383e+03    894.703      21474  1028.8969  1028.8954    34.6029    34.6007    7.79844         38 0.0000e+00
    249.000    246.410     1.1411  29.829495     1.1409  29.827989     4.5003     4.5710    -0.0004    94.5181 1.0000e-12  -64.84634  -63.91178 344.620470      12.82 1.0379e+03    896.599      21519  1028.8916  1028.8901    34.6016    34.5999    7.79937         30 0.0000e+00
    248.000    245.424     1.1414  29.829174     1.1405  29.827020     4.5093     4.5773     0.0055    94.4879 1.0000e-12  -64.84636  -63.91178 344.620510      13.26 1.0390e+03    900.088      21603  1028.8867  1028.8853    34.6014    34.5997    7.79933         37 0.0000e+00
    247.000    244.434     1.1399  29.827176     1.1402  29.826244     4.5066     4.5759    -0.0044    94.4978 1.0000e-12  -64.84636  -63.91179 344.620530      14.04 1.0416e+03    901.752      21643  1028.8818  1028.8805    34.6012    34.5996    7.79965         33 0.0000e+00
    246.000    243.446     1.1408  29.827736     1.1399  29.825767     4.5129     4.5789    -0.0053    94.5042 1.0000e-12  -64.84636  -63.91180 344.620544      14.67 1.0419e+03    903.011      21673  1028.8772  1028.8760    34.6014    34.5999    7.79945         28 0.0000e+00
    245.000    242.457     1.1387  29.825110     1.1372  29.822339     4.5108     4.5788    -0.0076    94.4790 1.0000e-12  -64.84636  -63.91180 344.620559      15.11 1.0419e+03    904.264      21703  1028.8723  1028.8710    34.6010    34.5991    7.79989         31 0.0000e+00
    244.000    241.467     1.1384  29.824420     1.1366  29.821138     4.5098     4.5757    -0.0058    94.5028 1.0000e-12  -64.84636  -63.91179 344.620576      15.98 1.0408e+03    905.764      21739  1028.8677  1028.8660    34.6010    34.5988    7.79995         35 0.0000e+00
    243.000    240.479     1.1386  29.824098     1.1388  29.823023     4.5111     4.5794    -0.0058    94.4931 1.0000e-12  -64.84636  -63.91178 344.620600      17.08 1.0407e+03    907.882      21790  1028.8629  1028.8616    34.6010    34.5994    7.79991         39 0.0000e+00
    242.000    239.492     1.1383  29.823272     1.1379  29.821715     4.5113     4.5828    -0.0015    94.4797 1.0000e-12  -64.84636  -63.91178 344.620629      18.09 1.0437e+03    910.348      21849  1028.8580  1028.8568    34.6008    34.5993    7.79997         38 0.0000e+00
    241.000    238.500     1.1384  29.822921     1.1381  29.821540     4.5224     4.5937    -0.0020    94.4736 1.0000e-12  -64.84636  -63.91178 344.620663      19.03 1.0436e+03    913.258      21919  1028.8534  1028.8522    34.6009    34.5994    7.79996         40 0.0000e+00
    240.000    237.513     1.1331  29.817250     1.1317  29.814315     4.5767     4.6304    -0.0046    94.5166 1.0000e-12  -64.84636  -63.91178 344.620681      19.90 1.0448e+03    914.833      21957  1028.8485  1028.8469    34.6000    34.5978    7.80106         30 0.0000e+00
    239.000    236.522     1.1033  29.786411     1.0858  29.768176     4.5954     4.6468    -0.0042    94.5371 1.0000e-12  -64.84636  -63.91178 344.620695      20.86 1.0454e+03    916.017      21985  1028.8419  1028.8403    34.5940    34.5899    7.80732         29 0.0000e+00
    238.000    235.534     1.0813  29.762209     1.0731  29.751581     4.5818     4.6268     0.0027    94.5572 1.0000e-12  -64.84636  -63.91179 344.620710      21.93 1.0454e+03    917.337      22017  1028.8342  1028.8313    34.5878    34.5832    7.81204         36 0.0000e+00
    237.000    234.545     1.0908  29.771378     1.0993  29.778371     4.5764     4.6304     0.0043    94.5617 1.0000e-12  -64.84636  -63.91178 344.620731      23.04 1.0454e+03    919.127      22060  1028.8296  1028.8285    34.5897    34.5893    7.81005         39 0.0000e+00
    236.000    233.555     1.0831  29.764315     1.0851  29.764283     4.5658     4.6326    -0.0022    94.6022 1.0000e-12  -64.84636  -63.91178 344.620754      24.05 1.0455e+03    921.148      22109  1028.8258  1028.8237    34.5898    34.5875    7.81159         40 0.0000e+00
    235.000    232.560     1.0741  29.753800     1.0830  29.760232     4.6076     4.6383    -0.0026    94.5499 1.0000e-12  -64.84637  -63.91177 344.620802      25.18 1.0473e+03    925.288      22208  1028.8191  1028.8170    34.5867    34.5851    7.81354         17 0.0000e+00
    234.000    231.578     1.0433  29.720600     1.0700  29.747140     4.6519     4.6810    -0.0045    94.5671 1.0000e-12  -64.84638  -63.91178 344.620842      26.09 1.0480e+03    928.736      22291  1028.8109  1028.8119    34.5787    34.5834    7.82013         30 0.0000e+00
    233.000    230.590     1.0216  29.695060     1.0366  29.710268     4.6940     4.7269    -0.0044    94.5786 1.0000e-12  -64.84638  -63.91178 344.620872      27.11 1.0506e+03    931.323      22353  1028.8014  1028.8024    34.5705    34.5735    7.82493         31 0.0000e+00
    232.000    229.600     1.0012  29.674340     0.9971  29.669563     4.6860     4.7499     0.0033    94.5783 1.0000e-12  -64.84638  -63.91178 344.620897      28.06 1.0507e+03    933.502      22405  1028.7954  1028.7946    34.5671    34.5655    7.82921         42 0.0000e+00
    231.000    228.609     1.0097  29.684110     0.9957  29.667121     4.6957     4.7471     0.0016    94.5617 1.0000e-12  -64.84638  -63.91177 344.620953      29.08 1.0512e+03    938.367      22522  1028.7923  1028.7887    34.5708    34.5645    7.82729         34 0.0000e+00
    230.000    227.622     0.9762  29.647326     0.9933  29.663842     4.7564     4.7811     0.0034    94.5625 1.0000e-12  -64.84638  -63.91178 344.621006      30.04 1.0525e+03    942.891      22630  1028.7828  1028.7830    34.5611    34.5635    7.83454         39 0.0000e+00
    229.000    226.632     0.9601  29.629934     0.9623  29.631865     4.7513     4.8082    -0.0039    94.5079 1.0000e-12  -64.84638  -63.91178 344.621025      31.03 1.0524e+03    944.539      22670  1028.7763  1028.7760    34.5572    34.5572    7.83799         38 0.0000e+00
    228.000    225.643     0.9575  29.626673     0.9498  29.616757     4.7443     4.7952    -0.0022    94.4967 1.0000e-12  -64.84638  -63.91177 344.621068      32.17 1.0527e+03    948.306      22760  1028.7705  1028.7678    34.5564    34.5522    7.83855         28 0.0000e+00
    227.000    224.653     0.9232  29.590274     0.9222  29.588155     4.7785     4.8414     0.0009    94.4913 1.0000e-12  -64.84644  -63.91178 344.621697      33.12 1.0549e+03   1002.607      24064  1028.7608  1028.7596    34.5482    34.5465    7.84591         40 0.0000e+00
    226.000    223.665     0.9125  29.578716     0.9104  29.575318     4.7930     4.8588     0.0113    94.4740 1.0000e-12  -64.84646  -63.91177 344.621949      34.22 1.0542e+03   1024.435      24587  1028.7549  1028.7535    34.5456    34.5436    7.84819         44 0.0000e+00
    225.000    222.675     0.9103  29.575637     0.9050  29.569719     4.8130     4.8760     0.0076    94.5042 1.0000e-12  -64.84646  -63.91178 344.621988      35.18 1.0542e+03   1027.777      24668  1028.7496  1028.7485    34.5447    34.5429    7.84869         43 0.0000e+00
    224.000    221.686     0.8917  29.556892     0.8887  29.551420     4.8355     4.8874    -0.0042    94.4861 1.0000e-12  -64.84646  -63.91178 344.622008      36.15 1.0543e+03   1029.532      24710  1028.7442  1028.7415    34.5417    34.5380    7.85259         30 0.0000e+00
    223.000    220.697     0.8754  29.538663     0.8777  29.540010     4.8305     4.8901     0.0068    94.5143 1.0000e-12  -64.84646  -63.91178 344.622024      37.09 1.0542e+03   1030.906      24743  1028.7370  1028.7362    34.5368    34.5360    7.85614         35 0.0000e+00
    222.000    219.708     0.8724  29.534357     0.8693  29.530204     4.8183     4.8895     0.0015    94.5262 1.0000e-12  -64.84646  -63.91178 344.622043      38.23 1.0529e+03   1032.531      24782  1028.7311  1028.7298    34.5352    34.5332    7.85684         40 0.0000e+00
    221.000    218.719     0.8657  29.527195     0.8651  29.525278     4.8127     4.8838     0.0033    94.5373 1.0000e-12  -64.84646  -63.91178 344.622064      39.23 1.0524e+03   1034.328      24825  1028.7259  1028.7245    34.5340    34.5322    7.85826         38 0.0000e+00
    220.000    217.729     0.8646  29.524170     0.8608  29.520046     4.8205     4.8827     0.0068    94.5534 1.0000e-12  -64.84647  -63.91178 344.622089      40.37 1.0524e+03   1036.457      24876  1028.7194  1028.7188    34.5318    34.5308    7.85859         40 0.0000e+00
    219.000    216.741     0.8587  29.518905     0.8631  29.523272     4.8100     4.8752     0.0026    94.5622 1.0000e-12  -64.84648  -63.91178 344.622117      41.45 1.0524e+03   1038.876      24934  1028.7152  1028.7154    34.5322    34.5330    7.85976         48 0.0000e+00
    218.000    215.752     0.8539  29.513487     0.8515  29.509778     4.8011     4.8732     0.0011    94.5775 1.0000e-12  -64.84648  -63.91180 344.622135      42.42 1.0524e+03   1040.493      24973  1028.7100  1028.7086    34.5311    34.5290    7.86080         33 0.0000e+00
    217.000    214.762     0.8455  29.504121     0.8440  29.501515     4.8042     4.8788     0.0035    94.5997 1.0000e-12  -64.84648  -63.91179 344.622151      43.31 1.0524e+03   1041.864      25006  1028.7043  1028.7030    34.5289    34.5272    7.86261         35 0.0000e+00
