NBP2113_155081_ctd/data/nbp2113_010.cnv
* Sea-Bird SBE 9 Data File:
* FileName = D:\Data\raw\NBP2113_010.hex
* Software Version Seasave V 7.26.7.121
* Temperature SN = 2438
* Conductivity SN = 2067
* Number of Bytes Per Scan = 40
* Number of Voltage Words = 5
* Number of Scans Averaged by the Deck Unit = 1
* NMEA Latitude = 64 34.40 S
* NMEA Longitude = 065 21.00 W
* NMEA UTC (Time) = Nov 25 2021  20:37:57
* NMEA baud rate = 9600
** Ship: RVIB N.B. Palmer
** Cruise: NBP2113 LTER
** Station: 600.100
** Operator: S. Blackman
# nquan = 25
# nvalues = 1205                        
# units = specified
# name 0 = prDM: Pressure, Digiquartz [db]
# name 1 = depSM: Depth [salt water, m]
# name 2 = t090C: Temperature [ITS-90, deg C]
# name 3 = c0mS/cm: Conductivity [mS/cm]
# name 4 = t190C: Temperature, 2 [ITS-90, deg C]
# name 5 = c1mS/cm: Conductivity, 2 [mS/cm]
# name 6 = sbeox0ML/L: Oxygen, SBE 43 [ml/l]
# name 7 = sbeox1ML/L: Oxygen, SBE 43, 2 [ml/l]
# name 8 = flECO-AFL: Fluorescence, WET Labs ECO-AFL/FL [mg/m^3]
# name 9 = CStarTr0: Beam Transmission, WET Labs C-Star [%]
# name 10 = par: PAR/Irradiance, Biospherical/Licor
# name 11 = latitude: Latitude [deg]
# name 12 = longitude: Longitude [deg]
# name 13 = timeJ: Julian Days
# name 14 = altM: Altimeter [m]
# name 15 = spar: SPAR, Biospherical/Licor
# name 16 = timeS: Time, Elapsed [seconds]
# name 17 = scan: Scan Count
# name 18 = density00: Density [density, kg/m^3]
# name 19 = density11: Density, 2 [density, kg/m^3]
# name 20 = sal00: Salinity, Practical [PSU]
# name 21 = sal11: Salinity, Practical, 2 [PSU]
# name 22 = oxsolML/L: Oxygen Saturation, Garcia & Gordon [ml/l]
# name 23 = nbin: number of scans per bin
# name 24 = flag: flag
# span 0 =      1.000,    605.000       
# span 1 =      0.989,    598.213       
# span 2 =    -0.4515,     1.5126       
# span 3 =  27.985864,  30.388462       
# span 4 =    -0.4464,     1.5129       
# span 5 =  27.983122,  30.387347       
# span 6 =     4.0627,     8.3030       
# span 7 =     4.0752,     8.1573       
# span 8 =    -0.0219,     1.4226       
# span 9 =    89.3584,    97.3921       
# span 10 = -7.456e-06, 4.1970e+02      
# span 11 =  -64.57444,  -64.57355      
# span 12 =  -65.34937,  -65.34640      
# span 13 = 329.863143, 329.888368      
# span 14 =       1.28,     102.37      
# span 15 = 3.4373e+02, 4.9890e+02      
# span 16 =    298.573,   2478.027      
# span 17 =       7167,      59474      
# span 18 =  1027.3103,  1030.6078      
# span 19 =  1027.3077,  1030.6064      
# span 20 =    33.9875,    34.7005      
# span 21 =    33.9842,    34.6988      
# span 22 =    7.72072,    8.15281      
# span 23 =         14,         69      
# span 24 = 0.0000e+00, 0.0000e+00      
# interval = decibars: 1                
# start_time = Nov 25 2021 20:37:57 [NMEA time, header]
# bad_flag = -9.990e-29
*END*
[from data line 1102]
    103.000    101.968     0.0381  28.612160     0.0535  28.626167     6.1319     6.0085     0.1034    96.7087 4.3251e-02  -64.57440  -65.34656 329.883612      99.97 3.7021e+02   2067.105      49612  1028.0558  1028.0557    34.3306    34.3320    8.03979         36 0.0000e+00
    102.000    100.979     0.0203  28.591098     0.0424  28.613565     6.1687     6.0646     0.0969    96.6810 4.6763e-02  -64.57440  -65.34656 329.883626      99.97 3.7021e+02   2068.249      49639  1028.0465  1028.0486    34.3233    34.3282    8.04395         24 0.0000e+00
    101.000     99.988     0.0009  28.570028    -0.0204  28.545673     6.1753     6.0769     0.0877    96.6921 5.0668e-02  -64.57440  -65.34656 329.883636      99.98 3.6988e+02   2069.150      49661  1028.0385  1028.0336    34.3177    34.3093    8.04832         21 0.0000e+00
    100.000     98.998    -0.0091  28.559746    -0.0328  28.532907     6.1690     6.0751     0.0970    96.6497 5.5860e-02  -64.57440  -65.34656 329.883648      99.97 3.6891e+02   2070.171      49685  1028.0329  1028.0276    34.3160    34.3069    8.05054         30 0.0000e+00
     99.000     98.010    -0.0092  28.558051    -0.0138  28.553673     6.2305     6.0889     0.0982    96.6071 5.9960e-02  -64.57440  -65.34656 329.883673      99.97 3.6843e+02   2072.339      49737  1028.0264  1028.0261    34.3145    34.3138    8.05065         35 0.0000e+00
     98.000     97.018    -0.0628  28.500462    -0.0231  28.542264     6.3550     6.1846     0.1059    96.5867 6.4326e-02  -64.57440  -65.34656 329.883694      99.97 3.6844e+02   2074.191      49782  1028.0129  1028.0185    34.2988    34.3097    8.06282         26 0.0000e+00
     97.000     96.031    -0.0718  28.489291    -0.0508  28.510628     6.3581     6.2137     0.0985    96.5519 7.0275e-02  -64.57440  -65.34654 329.883705      99.97 3.6699e+02   2075.099      49803  1028.0053  1028.0075    34.2946    34.2994    8.06494         21 0.0000e+00
     96.000     95.039    -0.1095  28.450722    -0.1244  28.434053     6.3477     6.2134     0.1078    96.4858 7.7271e-02  -64.57441  -65.34654 329.883716      99.97 3.6669e+02   2076.021      49826  1027.9965  1027.9934    34.2863    34.2808    8.07337         25 0.0000e+00
     95.000     94.050    -0.1012  28.459400    -0.1123  28.446602     6.3997     6.2191     0.1469    96.4620 8.4728e-02  -64.57442  -65.34654 329.883733      99.97 3.6668e+02   2077.492      49861  1027.9928  1027.9900    34.2892    34.2846    8.07146         37 0.0000e+00
     94.000     93.060    -0.1465  28.410986    -0.1119  28.445766     6.4729     6.2753     0.1320    96.5056 8.9589e-02  -64.57442  -65.34654 329.883762      99.98 3.6482e+02   2080.046      49922  1027.9804  1027.9837    34.2762    34.2836    8.08176         43 0.0000e+00
     93.000     92.070    -0.1549  28.399672    -0.1258  28.429924     6.5725     6.4009     0.1285    96.5000 9.4959e-02  -64.57442  -65.34654 329.883778      99.98 3.6332e+02   2081.417      49955  1027.9717  1027.9758    34.2712    34.2788    8.08383         28 0.0000e+00
     92.000     91.081    -0.2003  28.350007    -0.1918  28.356881     6.5868     6.4491     0.1244    96.4534 1.0121e-01  -64.57442  -65.34654 329.883791      99.98 3.6315e+02   2082.511      49981  1027.9585  1027.9578    34.2566    34.2562    8.09427         26 0.0000e+00
     91.000     90.091    -0.2274  28.321887    -0.2458  28.300049     6.6222     6.5093     0.1550    96.3642 1.0810e-01  -64.57442  -65.34654 329.883803      99.97 3.6315e+02   2083.600      50007  1027.9501  1027.9450    34.2502    34.2418    8.10040         26 0.0000e+00
     90.000     89.101    -0.2317  28.315451    -0.2586  28.285303     6.6205     6.5387     0.1847    96.3024 1.1498e-01  -64.57442  -65.34653 329.883816      99.97 3.6154e+02   2084.712      50034  1027.9426  1027.9368    34.2471    34.2371    8.10149         28 0.0000e+00
     89.000     88.111    -0.2454  28.300016    -0.2821  28.258776     6.6457     6.5249     0.1932    96.2853 1.2270e-01  -64.57442  -65.34652 329.883831      99.97 3.6130e+02   2085.964      50064  1027.9347  1027.9264    34.2425    34.2286    8.10466         34 0.0000e+00
     88.000     87.123    -0.3170  28.215873    -0.2944  28.242539     6.7632     6.5754     0.2340    96.1740 1.3227e-01  -64.57442  -65.34652 329.883871      99.97 3.5858e+02   2089.439      50148  1027.9087  1027.9154    34.2111    34.2214    8.12172         31 0.0000e+00
     87.000     86.132    -0.3135  28.223035    -0.3078  28.228593     6.7269     6.5837     0.1857    96.0181 1.4269e-01  -64.57442  -65.34652 329.883900      99.98 3.5726e+02   2091.919      50207  1027.9077  1027.9083    34.2174    34.2185    8.12060         37 0.0000e+00
     86.000     85.142    -0.3461  28.179409    -0.3445  28.177272     6.9524     6.7958     0.2504    95.8697 1.5087e-01  -64.57442  -65.34648 329.884006      99.98 3.5353e+02   2101.138      50428  1027.8859  1027.8823    34.1963    34.1916    8.12878         36 0.0000e+00
     85.000     84.151    -0.4243  28.071609    -0.4185  28.076940     7.4020     7.2307     0.3831    95.3118 1.6297e-01  -64.57442  -65.34643 329.884351      99.97 3.5251e+02   2130.958      51144  1027.8390  1027.8391    34.1405    34.1411    8.14870         31 0.0000e+00
     84.000     83.162    -0.4194  28.069542    -0.4165  28.070378     7.4556     7.2481     0.3531    95.3571 1.7239e-01  -64.57442  -65.34644 329.884345      99.97 3.5258e+02   2130.363      51130  1027.8278  1027.8260    34.1328    34.1306    8.14810         23 0.0000e+00
     83.000     82.172    -0.4194  28.063382    -0.4154  28.063156     7.4389     7.2566     0.3594    95.2598 1.8374e-01  -64.57442  -65.34644 329.884355      99.97 3.5258e+02   2131.312      51152  1027.8168  1027.8128    34.1251    34.1203    8.14853         23 0.0000e+00
     82.000     81.183    -0.4139  28.064908    -0.4103  28.066366     7.4320     7.2647     0.4165    95.0753 1.9661e-01  -64.57442  -65.34642 329.884369      99.97 3.5258e+02   2132.491      51181  1027.8088  1027.8070    34.1216    34.1195    8.14755         34 0.0000e+00
     81.000     80.192    -0.4094  28.067473    -0.4141  28.066459     7.4922     7.3054     0.4530    95.0477 2.1292e-01  -64.57442  -65.34641 329.884414      99.97 3.5385e+02   2136.362      51274  1027.8030  1027.8065    34.1206    34.1245    8.14665         25 0.0000e+00
     80.000     79.204    -0.3890  28.077655    -0.4074  28.068445     7.6528     7.4528     0.3955    95.0499 2.3323e-01  -64.57442  -65.34641 329.884441      99.97 3.5436e+02   2138.741      51331  1027.7898  1027.7979    34.1119    34.1202    8.14276         28 0.0000e+00
     79.000     78.213    -0.3888  28.077281    -0.3872  28.077166     7.7445     7.5321     0.3878    94.9997 2.5475e-01  -64.57442  -65.34642 329.884453      99.97 3.5434e+02   2139.718      51354  1027.7849  1027.7832    34.1118    34.1099    8.14273         23 0.0000e+00
     78.000     77.223    -0.3263  28.109029    -0.3123  28.114655     7.7494     7.5221     0.4646    94.6900 2.7686e-01  -64.57442  -65.34642 329.884464      99.97 3.5434e+02   2140.726      51378  1027.7538  1027.7461    34.0849    34.0766    8.13091         28 0.0000e+00
     77.000     76.233    -0.3436  28.100272    -0.3394  28.100739     7.6808     7.4877     0.6114    94.1710 2.9587e-01  -64.57442  -65.34641 329.884493      99.97 3.5434e+02   2143.186      51437  1027.7574  1027.7540    34.0931    34.0890    8.13413         36 0.0000e+00
     76.000     75.244    -0.3399  28.101296    -0.3575  28.091059     7.8155     7.5982     0.5601    94.3536 3.1182e-01  -64.57442  -65.34642 329.884531      99.97 3.5487e+02   2146.469      51516  1027.7512  1027.7573    34.0909    34.0969    8.13346         31 0.0000e+00
     75.000     74.254    -0.3081  28.117262    -0.3129  28.113416     7.9038     7.6830     0.5444    94.2681 3.3739e-01  -64.57442  -65.34642 329.884542      99.97 3.5604e+02   2147.472      51540  1027.7330  1027.7336    34.0772    34.0775    8.12744         23 0.0000e+00
     74.000     73.265    -0.2678  28.138221    -0.2607  28.141059     7.8593     7.7055     0.6475    93.9178 3.6565e-01  -64.57442  -65.34642 329.884555      99.97 3.5610e+02   2148.518      51565  1027.7121  1027.7082    34.0607    34.0566    8.11979         29 0.0000e+00
     73.000     72.272    -0.2781  28.130974    -0.2602  28.140785     7.8571     7.6992     0.8261    93.5186 3.9059e-01  -64.57442  -65.34641 329.884574      99.97 3.5596e+02   2150.232      51607  1027.7107  1027.7036    34.0632    34.0562    8.12185         39 0.0000e+00
     72.000     71.286    -0.2708  28.135214    -0.2842  28.126887     7.8514     7.6586     0.7850    93.6393 4.0676e-01  -64.57444  -65.34640 329.884615      99.97 3.5514e+02   2153.756      51691  1027.7044  1027.7088    34.0613    34.0652    8.12039         32 0.0000e+00
     71.000     70.294    -0.2617  28.140564    -0.2741  28.132312     7.8609     7.7093     0.7217    93.6082 4.4600e-01  -64.57442  -65.34640 329.884638      99.97 3.5588e+02   2155.691      51738  1027.6974  1027.7005    34.0589    34.0617    8.11860         35 0.0000e+00
     70.000     69.304    -0.2582  28.141811    -0.2537  28.143032     7.8399     7.7224     0.7407    93.3448 4.8557e-01  -64.57442  -65.34640 329.884656      99.97 3.5441e+02   2157.270      51775  1027.6913  1027.6879    34.0573    34.0538    8.11795         39 0.0000e+00
     69.000     68.316    -0.2598  28.140725    -0.2598  28.138891     7.8999     7.7350     0.8648    93.3392 5.2257e-01  -64.57442  -65.34640 329.884717      99.97 3.5435e+02   2162.582      51903  1027.6878  1027.6858    34.0582    34.0558    8.11824         38 0.0000e+00
     68.000     67.325    -0.2432  28.149003    -0.2472  28.145319     7.9459     7.7728     0.8075    93.1018 5.6906e-01  -64.57442  -65.34640 329.884747      99.97 3.5308e+02   2165.101      51963  1027.6763  1027.6763    34.0512    34.0508    8.11509         48 0.0000e+00
     67.000     66.334    -0.2326  28.153021    -0.2355  28.150345     7.9504     7.7944     0.9489    92.8789 6.0923e-01  -64.57442  -65.34640 329.884777      99.97 3.5239e+02   2167.702      52026  1027.6662  1027.6661    34.0453    34.0450    8.11316         49 0.0000e+00
     66.000     65.347    -0.2404  28.147317    -0.2433  28.143918     7.8943     7.7733     0.9800    92.8004 6.5388e-01  -64.57442  -65.34640 329.884880      99.97 3.4939e+02   2176.659      52241  1027.6638  1027.6629    34.0471    34.0458    8.11473         26 0.0000e+00
     65.000     64.355    -0.2526  28.130072    -0.2516  28.130263     7.9809     7.8402     0.8960    92.3932 7.0618e-01  -64.57442  -65.34641 329.885152      99.97 3.4905e+02   2200.107      52804  1027.6529  1027.6521    34.0383    34.0375    8.11783         45 0.0000e+00
     64.000     63.365    -0.2570  28.122616    -0.2538  28.126173     8.0260     7.8631     1.0539    92.0262 7.7052e-01  -64.57442  -65.34642 329.885192      99.97 3.4905e+02   2203.610      52888  1027.6448  1027.6455    34.0339    34.0351    8.11901         32 0.0000e+00
     63.000     62.375    -0.2610  28.116814    -0.2583  28.119386     8.0340     7.8799     1.0172    91.8831 8.3661e-01  -64.57442  -65.34642 329.885213      99.97 3.4905e+02   2205.403      52931  1027.6382  1027.6382    34.0313    34.0316    8.12003         29 0.0000e+00
     62.000     61.384    -0.2643  28.112607    -0.2661  28.109134     8.0302     7.8810     0.9436    91.9570 9.0661e-01  -64.57442  -65.34643 329.885227      99.97 3.4905e+02   2206.649      52961  1027.6325  1027.6305    34.0299    34.0273    8.12080         35 0.0000e+00
     61.000     60.396    -0.2683  28.107380    -0.2647  28.110219     8.0569     7.9137     1.0401    91.9151 9.4405e-01  -64.57442  -65.34643 329.885269      99.97 3.4905e+02   2210.229      53046  1027.6264  1027.6260    34.0280    34.0278    8.12176         29 0.0000e+00
     60.000     59.404    -0.2748  28.099349    -0.2748  28.097739     8.0688     7.9178     0.9819    91.8693 1.0109e+00  -64.57442  -65.34642 329.885289      99.97 3.4887e+02   2211.968      53088  1027.6198  1027.6181    34.0252    34.0231    8.12331         30 0.0000e+00
     59.000     58.416    -0.2791  28.092784    -0.2774  28.093909     8.1069     7.9243     1.0486    91.5751 1.1090e+00  -64.57442  -65.34642 329.885306      99.97 3.4730e+02   2213.482      53125  1027.6125  1027.6121    34.0218    34.0214    8.12441         36 0.0000e+00
     58.000     57.425    -0.2894  28.080483    -0.2817  28.088352     8.0845     7.9436     1.0854    91.6198 1.1958e+00  -64.57442  -65.34643 329.885342      99.97 3.4671e+02   2216.513      53197  1027.6048  1027.6059    34.0175    34.0195    8.12686         42 0.0000e+00
     57.000     56.436    -0.2868  28.082851    -0.2863  28.081882     8.0925     7.9433     1.1381    91.4656 1.2795e+00  -64.57442  -65.34643 329.885362      99.97 3.4550e+02   2218.247      53239  1027.6004  1027.5991    34.0184    34.0166    8.12625         34 0.0000e+00
     56.000     55.445    -0.2811  28.089660    -0.2810  28.088381     8.0628     7.9326     1.1201    91.4288 1.3692e+00  -64.57442  -65.34642 329.885409      99.97 3.4496e+02   2222.351      53337  1027.5978  1027.5964    34.0217    34.0198    8.12485         44 0.0000e+00
     55.000     54.456    -0.2805  28.089773    -0.2811  28.087788     8.1035     7.9424     1.1578    91.4058 1.5099e+00  -64.57442  -65.34644 329.885447      99.97 3.4373e+02   2225.616      53416  1027.5931  1027.5915    34.0219    34.0198    8.12472         30 0.0000e+00
     54.000     53.465    -0.2866  28.081846    -0.2842  28.082974     8.1009     7.9714     1.2176    91.3878 1.5927e+00  -64.57442  -65.34644 329.885484      99.97 3.4376e+02   2228.784      53492  1027.5862  1027.5851    34.0187    34.0174    8.12620         37 0.0000e+00
     53.000     52.474    -0.2999  28.066141    -0.3001  28.064759     8.1068     7.9696     1.1368    91.1821 1.7013e+00  -64.57442  -65.34644 329.885503      99.97 3.4376e+02   2230.468      53532  1027.5779  1027.5766    34.0132    34.0115    8.12936         36 0.0000e+00
     52.000     51.487    -0.2957  28.070463    -0.2939  28.071453     8.1108     7.9752     1.2265    91.1371 1.8552e+00  -64.57442  -65.34644 329.885560      99.97 3.4465e+02   2235.419      53651  1027.5740  1027.5733    34.0148    34.0141    8.12836         39 0.0000e+00
     51.000     50.495    -0.3051  28.060295    -0.3041  28.059953     8.1187     7.9780     1.1296    91.1526 2.0178e+00  -64.57442  -65.34644 329.885591      99.97 3.4551e+02   2238.104      53716  1027.5679  1027.5666    34.0123    34.0108    8.13050         34 0.0000e+00
     50.000     49.504    -0.3110  28.053732    -0.3114  28.052116     8.1582     7.9966     1.2013    91.0367 2.1967e+00  -64.57441  -65.34646 329.885768      99.97 3.4725e+02   2253.315      54081  1027.5621  1027.5607    34.0108    34.0091    8.13186         33 0.0000e+00
     49.000     48.516    -0.3107  28.052918    -0.3099  28.052728     8.1775     8.0140     1.1491    91.0237 2.3828e+00  -64.57440  -65.34648 329.885946      99.97 3.4905e+02   2268.700      54450  1027.5563  1027.5554    34.0100    34.0088    8.13184         28 0.0000e+00
     48.000     47.525    -0.3288  28.031802    -0.3219  28.038328     8.1658     8.0164     1.1908    90.7827 2.5689e+00  -64.57440  -65.34648 329.885961      99.97 3.4905e+02   2270.038      54482  1027.5470  1027.5472    34.0026    34.0036    8.13613         35 0.0000e+00
     47.000     46.535    -0.3249  28.035506    -0.3219  28.037772     8.1561     8.0328     1.2757    90.7144 2.7379e+00  -64.57440  -65.34647 329.886015      99.97 3.4905e+02   2274.695      54594  1027.5427  1027.5422    34.0039    34.0035    8.13524         40 0.0000e+00
