NBP2113_155081_ctd/data/nbp2113_026.cnv
* Sea-Bird SBE 9 Data File:
* FileName = D:\Data\raw\NBP2113_026.hex
* Software Version Seasave V 7.26.7.121
* Temperature SN = 2438
* Conductivity SN = 2067
* Number of Bytes Per Scan = 40
* Number of Voltage Words = 5
* Number of Scans Averaged by the Deck Unit = 1
* NMEA Latitude = 68 01.82 S
* NMEA Longitude = 069 17.18 W
* NMEA UTC (Time) = Dec 04 2021  00:09:45
* NMEA baud rate = 9600
** Ship: RVIB N.B. Palmer
** Cruise: NBP2113 LTER
** Station: 200.-040
** Operator: S. Blackman
# nquan = 25
# nvalues = 922                         
# units = specified
# name 0 = prDM: Pressure, Digiquartz [db]
# name 1 = depSM: Depth [salt water, m]
# name 2 = t090C: Temperature [ITS-90, deg C]
# name 3 = c0mS/cm: Conductivity [mS/cm]
# name 4 = t190C: Temperature, 2 [ITS-90, deg C]
# name 5 = c1mS/cm: Conductivity, 2 [mS/cm]
# name 6 = sbeox0ML/L: Oxygen, SBE 43 [ml/l]
# name 7 = sbeox1ML/L: Oxygen, SBE 43, 2 [ml/l]
# name 8 = flECO-AFL: Fluorescence, WET Labs ECO-AFL/FL [mg/m^3]
# name 9 = CStarTr0: Beam Transmission, WET Labs C-Star [%]
# name 10 = par: PAR/Irradiance, Biospherical/Licor
# name 11 = latitude: Latitude [deg]
# name 12 = longitude: Longitude [deg]
# name 13 = timeJ: Julian Days
# name 14 = altM: Altimeter [m]
# name 15 = spar: SPAR, Biospherical/Licor
# name 16 = timeS: Time, Elapsed [seconds]
# name 17 = scan: Scan Count
# name 18 = density00: Density [density, kg/m^3]
# name 19 = density11: Density, 2 [density, kg/m^3]
# name 20 = sal00: Salinity, Practical [PSU]
# name 21 = sal11: Salinity, Practical, 2 [PSU]
# name 22 = oxsolML/L: Oxygen Saturation, Garcia & Gordon [ml/l]
# name 23 = nbin: number of scans per bin
# name 24 = flag: flag
# span 0 =      1.000,    463.000       
# span 1 =      0.988,    457.853       
# span 2 =    -1.2327,     1.4052       
# span 3 =  27.181627,  30.200971       
# span 4 =    -1.2336,     1.4053       
# span 5 =  27.176603,  30.199674       
# span 6 =    -5.6839,    29.7610       
# span 7 =     4.0479,    10.4876       
# span 8 =    -0.0200,     2.4389       
# span 9 =    88.6985,    96.9098       
# span 10 = 1.0000e-12, 1.2093e+02      
# span 11 =  -68.03038,  -68.02888      
# span 12 =  -69.29210,  -69.28596      
# span 13 = 338.010309, 338.031518      
# span 14 =      -0.47,     128.98      
# span 15 = 1.1282e+02, 2.0626e+02      
# span 16 =    305.716,   2138.186      
# span 17 =       7338,      51317      
# span 18 =  1027.1737,  1029.9497      
# span 19 =  1027.1726,  1029.9485      
# span 20 =    33.7863,    34.6922      
# span 21 =    33.7847,    34.6909      
# span 22 =    7.74244,    8.34155      
# span 23 =         10,         45      
# span 24 = 0.0000e+00, 0.0000e+00      
# interval = decibars: 1                
# start_time = Dec 04 2021 00:09:45 [NMEA time, header]
# bad_flag = -9.990e-29
*END*
[from data line 522]
    400.000    395.616     1.4046  30.193549     1.4046  30.192610     4.0099     4.0536    -0.0077    96.9047 1.0000e-12  -68.02974  -69.28842 338.021034      76.81 1.5337e+02   1232.364      29578  1029.6492  1029.6481    34.6882    34.6870    7.74256         37 0.0000e+00
    399.000    394.626     1.4044  30.192733     1.4044  30.191776     4.0026     4.0526    -0.0059    96.9094 1.0000e-12  -68.02973  -69.28845 338.021086      78.57 1.5337e+02   1236.859      29686  1029.6444  1029.6434    34.6880    34.6868    7.74262         37 0.0000e+00
    398.000    393.638     1.4043  30.192325     1.4042  30.191140     4.0045     4.0511    -0.0077    96.9098 1.0000e-12  -68.02972  -69.28846 338.021109      79.36 1.5337e+02   1238.860      29734  1029.6398  1029.6387    34.6882    34.6868    7.74263         31 0.0000e+00
    397.000    392.651     1.4042  30.191740     1.4042  30.190515     4.0058     4.0532    -0.0077    96.9013 1.0000e-12  -68.02972  -69.28848 338.021123      79.37 1.5337e+02   1240.064      29763  1029.6351  1029.6339    34.6881    34.6866    7.74265         25 0.0000e+00
    396.000    391.663     1.4042  30.191339     1.4046  30.190614     4.0067     4.0524    -0.0077    96.8977 1.0000e-12  -68.02972  -69.28850 338.021135      80.83 1.5337e+02   1241.105      29788  1029.6304  1029.6294    34.6881    34.6868    7.74264         26 0.0000e+00
    395.000    390.674     1.4044  30.191091     1.4041  30.189697     4.0053     4.0535    -0.0144    96.9054 1.0000e-12  -68.02972  -69.28849 338.021150      82.87 1.5337e+02   1242.353      29817  1029.6258  1029.6247    34.6882    34.6867    7.74260         35 0.0000e+00
    394.000    389.688     1.4046  30.190799     1.4044  30.189527     4.0042     4.0531    -0.0089    96.9090 1.0000e-12  -68.02972  -69.28847 338.021197      83.80 1.5337e+02   1246.422      29915  1029.6211  1029.6200    34.6882    34.6868    7.74257         34 0.0000e+00
    393.000    388.700     1.4046  30.190234     1.4037  30.188435     3.9999     4.0560    -0.0180    96.8456 1.0000e-12  -68.02972  -69.28847 338.021224      84.54 1.5337e+02   1248.775      29972  1029.6163  1029.6154    34.6881    34.6867    7.74258         32 0.0000e+00
    392.000    387.709     1.4046  30.189909     1.4045  30.188837     4.0029     4.0503    -0.0123    96.9045 1.0000e-12  -68.02972  -69.28848 338.021237      84.37 1.5316e+02   1249.838      29997  1029.6118  1029.6108    34.6882    34.6869    7.74257         22 0.0000e+00
    391.000    386.722     1.4048  30.189703     1.4053  30.189230     4.0117     4.0528     0.0118    96.9055 1.0000e-12  -68.02971  -69.28849 338.021247      86.67 1.5165e+02   1250.706      30018  1029.6071  1029.6062    34.6882    34.6871    7.74252         20 0.0000e+00
    390.000    385.734     1.4052  30.189722     1.4050  30.188584     4.0083     4.0515     0.0016    96.9013 1.0000e-12  -68.02970  -69.28851 338.021257      88.44 1.5161e+02   1251.594      30039  1029.6026  1029.6015    34.6885    34.6871    7.74244         23 0.0000e+00
    389.000    384.745     1.4046  30.188623     1.4019  30.184941     4.0099     4.0479    -0.0127    96.8930 1.0000e-12  -68.02971  -69.28852 338.021273      88.49 1.5161e+02   1252.977      30072  1029.5978  1029.5967    34.6882    34.6866    7.74255         29 0.0000e+00
    388.000    383.760     1.3997  30.183071     1.4011  30.183472     3.9986     4.0594    -0.0076    96.9059 1.0000e-12  -68.02970  -69.28853 338.021353      88.77 1.5161e+02   1259.894      30238  1029.5927  1029.5918    34.6872    34.6862    7.74358         17 0.0000e+00
    387.000    382.770     1.3987  30.181648     1.3982  30.180063     3.9970     4.0608    -0.0055    96.8840 1.0000e-12  -68.02970  -69.28854 338.021358      89.56 1.5161e+02   1260.328      30249  1029.5881  1029.5869    34.6871    34.6856    7.74379         13 0.0000e+00
    386.000    381.780     1.3983  30.180546     1.3973  30.178682     3.9993     4.0609    -0.0032    96.8799 1.0000e-12  -68.02970  -69.28855 338.021364      90.92 1.5161e+02   1260.869      30262  1029.5831  1029.5821    34.6866    34.6854    7.74388         13 0.0000e+00
    385.000    380.794     1.3959  30.177636     1.3944  30.175117     3.9999     4.0575     0.0013    96.8799 1.0000e-12  -68.02970  -69.28856 338.021371      93.13 1.5161e+02   1261.414      30275  1029.5782  1029.5771    34.6862    34.6846    7.74438         13 0.0000e+00
    384.000    379.803     1.3949  30.176268     1.3939  30.173820     4.0048     4.0553    -0.0017    96.8610 1.0000e-12  -68.02970  -69.28856 338.021377      93.96 1.5161e+02   1262.007      30289  1029.5736  1029.5721    34.6861    34.6841    7.74458         16 0.0000e+00
    383.000    378.817     1.3960  30.176840     1.3946  30.174489     4.0096     4.0538    -0.0031    96.8554 1.0000e-12  -68.02970  -69.28856 338.021388      94.76 1.5161e+02   1262.895      30310  1029.5688  1029.5679    34.6861    34.6848    7.74436         29 0.0000e+00
    382.000    377.829     1.3961  30.176601     1.3964  30.176091     4.0120     4.0543    -0.0049    96.8530 1.0000e-12  -68.02970  -69.28856 338.021418      95.29 1.5161e+02   1265.498      30373  1029.5643  1029.5634    34.6864    34.6854    7.74434         27 0.0000e+00
    381.000    376.840     1.3963  30.176444     1.3967  30.175794     4.0115     4.0584    -0.0061    96.8657 1.0000e-12  -68.02970  -69.28856 338.021440      96.04 1.5161e+02   1267.441      30420  1029.5596  1029.5585    34.6865    34.6852    7.74429         32 0.0000e+00
    380.000    375.852     1.3961  30.175803     1.3951  30.173673     4.0020     4.0628    -0.0056    96.8799 1.0000e-12  -68.02970  -69.28857 338.021455      95.94 1.5161e+02   1268.705      30450  1029.5549  1029.5537    34.6865    34.6849    7.74432         31 0.0000e+00
    379.000    374.865     1.3944  30.173393     1.3933  30.171424     4.0109     4.0593    -0.0104    96.8740 1.0000e-12  -68.02970  -69.28859 338.021474      98.88 1.5161e+02   1270.387      30490  1029.5499  1029.5490    34.6859    34.6846    7.74470         32 0.0000e+00
    378.000    373.878     1.3883  30.166777     1.3929  30.170524     4.0189     4.0606    -0.0025    96.8541 1.0000e-12  -68.02970  -69.28859 338.021503      98.41 1.5161e+02   1272.876      30550  1029.5450  1029.5442    34.6848    34.6844    7.74595         38 0.0000e+00
    377.000    372.889     1.3867  30.164738     1.3870  30.163811     4.0162     4.0550    -0.0054    96.8782 1.0000e-12  -68.02970  -69.28860 338.021519      99.55 1.5161e+02   1274.227      30582  1029.5402  1029.5390    34.6845    34.6830    7.74628         25 0.0000e+00
    376.000    371.899     1.3850  30.162552     1.3850  30.161466     4.0153     4.0514    -0.0069    96.8772 1.0000e-12  -68.02970  -69.28860 338.021529      99.50 1.5161e+02   1275.124      30604  1029.5354  1029.5343    34.6841    34.6828    7.74663         19 0.0000e+00
    375.000    370.913     1.3854  30.162412     1.3852  30.161348     4.0165     4.0561    -0.0077    96.8799 1.0000e-12  -68.02970  -69.28860 338.021538      99.61 1.5161e+02   1275.865      30622  1029.5305  1029.5298    34.6841    34.6830    7.74655         16 0.0000e+00
    374.000    369.923     1.3856  30.162118     1.3853  30.160754     4.0141     4.0621    -0.0124    96.8632 1.0000e-12  -68.02970  -69.28860 338.021546      99.81 1.5161e+02   1276.545      30638  1029.5259  1029.5248    34.6841    34.6827    7.74652         16 0.0000e+00
    373.000    368.936     1.3850  30.160973     1.3844  30.159249     4.0102     4.0602    -0.0146    96.8686 1.0000e-12  -68.02970  -69.28862 338.021553      99.98 1.5161e+02   1277.190      30654  1029.5211  1029.5199    34.6839    34.6824    7.74665         16 0.0000e+00
    372.000    367.946     1.3807  30.156111     1.3800  30.154316     4.0122     4.0571    -0.0141    96.8702 1.0000e-12  -68.02970  -69.28862 338.021561      99.97 1.5161e+02   1277.842      30669  1029.5161  1029.5150    34.6830    34.6815    7.74755         16 0.0000e+00
    371.000    366.958     1.3794  30.154525     1.3791  30.153256     4.0084     4.0534    -0.0095    96.8510 1.0000e-12  -68.02970  -69.28862 338.021569      40.99 1.5161e+02   1278.551      30686  1029.5115  1029.5105    34.6829    34.6817    7.74779         19 0.0000e+00
    370.000    365.971     1.3803  30.154923     1.3808  30.154533     4.0076     4.0573    -0.0085    96.8403 1.0000e-12  -68.02970  -69.28863 338.021593      97.63 1.5093e+02   1280.658      30737  1029.5068  1029.5059    34.6831    34.6820    7.74763         29 0.0000e+00
    369.000    364.982     1.3822  30.156508     1.3825  30.155776     4.0196     4.0673    -0.0200    96.8453 1.0000e-12  -68.02970  -69.28866 338.021650      99.97 1.5069e+02   1285.523      30854  1029.5022  1029.5012    34.6836    34.6823    7.74722         29 0.0000e+00
    368.000    363.994     1.3804  30.154184     1.3814  30.154199     4.0188     4.0620    -0.0068    96.8533 1.0000e-12  -68.02970  -69.28866 338.021664      99.98 1.4985e+02   1286.757      30883  1029.4973  1029.4964    34.6832    34.6821    7.74759         34 0.0000e+00
    367.000    363.007     1.3793  30.152672     1.3795  30.151716     4.0126     4.0626    -0.0045    96.8421 1.0000e-12  -68.02970  -69.28866 338.021680      60.72 1.4984e+02   1288.180      30917  1029.4926  1029.4915    34.6830    34.6816    7.74781         30 0.0000e+00
    366.000    362.017     1.3776  30.150364     1.3765  30.148148     4.0168     4.0640    -0.0075    96.8588 1.0000e-12  -68.02970  -69.28866 338.021694     101.30 1.4984e+02   1289.373      30946  1029.4877  1029.4865    34.6825    34.6809    7.74818         25 0.0000e+00
    365.000    361.029     1.3738  30.146163     1.3705  30.141580     4.0153     4.0661     0.0003    96.8295 1.0000e-12  -68.02970  -69.28866 338.021705      99.98 1.4984e+02   1290.297      30968  1029.4829  1029.4816    34.6819    34.6798    7.74895         21 0.0000e+00
    364.000    360.040     1.3693  30.141180     1.3662  30.137182     4.0205     4.0604     0.0036    96.8322 1.0000e-12  -68.02968  -69.28868 338.021715      99.98 1.4984e+02   1291.138      30988  1029.4781  1029.4771    34.6811    34.6795    7.74988         20 0.0000e+00
    363.000    359.053     1.3689  30.140573     1.3683  30.138869     4.0225     4.0622    -0.0054    96.7916 1.0000e-12  -68.02970  -69.28868 338.021726      99.97 1.4984e+02   1292.132      31012  1029.4736  1029.4724    34.6814    34.6799    7.74995         29 0.0000e+00
    362.000    358.064     1.3632  30.134170     1.3626  30.132565     4.0131     4.0698    -0.0062    96.8298 1.0000e-12  -68.02970  -69.28869 338.021815      99.98 1.4984e+02   1299.774      31196  1029.4682  1029.4672    34.6801    34.6788    7.75115         34 0.0000e+00
    361.000    357.078     1.3610  30.130897     1.3617  30.130575     4.0217     4.0705    -0.0067    96.8272 1.0000e-12  -68.02968  -69.28872 338.021832      99.97 1.4984e+02   1301.271      31232  1029.4628  1029.4618    34.6790    34.6778    7.75165         21 0.0000e+00
    360.000    356.087     1.3577  30.127141     1.3563  30.124686     4.0223     4.0705    -0.0065    96.8190 1.0000e-12  -68.02968  -69.28872 338.021841      99.98 1.4984e+02   1302.071      31251  1029.4580  1029.4569    34.6784    34.6768    7.75232         19 0.0000e+00
    359.000    355.100     1.3563  30.125167     1.3539  30.121486     4.0216     4.0737    -0.0064    96.7876 1.0000e-12  -68.02968  -69.28872 338.021851      99.98 1.4984e+02   1302.903      31271  1029.4531  1029.4518    34.6780    34.6760    7.75262         22 0.0000e+00
    358.000    354.111     1.3549  30.123133     1.3554  30.122579     4.0281     4.0738    -0.0080    96.7860 1.0000e-12  -68.02968  -69.28872 338.021912      99.97 1.4984e+02   1308.166      31397  1029.4480  1029.4470    34.6775    34.6762    7.75292         31 0.0000e+00
    357.000    353.122     1.3531  30.120658     1.3532  30.119719     4.0282     4.0751    -0.0026    96.7736 1.0000e-12  -68.02968  -69.28874 338.021958      99.98 1.4984e+02   1312.186      31493  1029.4430  1029.4420    34.6770    34.6757    7.75331         41 0.0000e+00
    356.000    352.134     1.3516  30.118557     1.3527  30.118869     4.0289     4.0733    -0.0078    96.8083 1.0000e-12  -68.02968  -69.28874 338.021985      99.98 1.4865e+02   1314.517      31549  1029.4381  1029.4373    34.6765    34.6757    7.75362         45 0.0000e+00
    355.000    351.148     1.3503  30.116734     1.3513  30.116891     4.0239     4.0745    -0.0061    96.7930 1.0000e-12  -68.02968  -69.28875 338.022019      99.98 1.4811e+02   1317.426      31619  1029.4332  1029.4324    34.6761    34.6753    7.75390         32 0.0000e+00
    354.000    350.158     1.3496  30.115546     1.3507  30.115600     4.0359     4.0749    -0.0115    96.8034 1.0000e-12  -68.02968  -69.28877 338.022083      99.97 1.4808e+02   1323.014      31753  1029.4284  1029.4274    34.6760    34.6749    7.75404         36 0.0000e+00
    353.000    349.170     1.3493  30.114597     1.3490  30.113385     4.0317     4.0753    -0.0066    96.7838 1.0000e-12  -68.02968  -69.28881 338.022148      99.97 1.4808e+02   1328.574      31887  1029.4235  1029.4226    34.6758    34.6745    7.75413         37 0.0000e+00
    352.000    348.181     1.3481  30.112802     1.3474  30.111018     4.0304     4.0809    -0.0140    96.8014 1.0000e-12  -68.02964  -69.28890 338.022536      99.98 1.4631e+02   1362.137      32692  1029.4185  1029.4174    34.6753    34.6738    7.75438         21 0.0000e+00
    351.000    347.193     1.3470  30.111087     1.3466  30.109629     4.0275     4.0832    -0.0150    96.8132 1.0000e-12  -68.02964  -69.28890 338.022545      99.98 1.4632e+02   1362.857      32710  1029.4137  1029.4126    34.6749    34.6735    7.75462         19 0.0000e+00
    350.000    346.205     1.3465  30.110146     1.3458  30.108224     4.0306     4.0836    -0.0150    96.8069 1.0000e-12  -68.02964  -69.28890 338.022555      99.98 1.4632e+02   1363.764      32731  1029.4090  1029.4077    34.6749    34.6732    7.75472         25 0.0000e+00
    349.000    345.217     1.3473  30.110534     1.3462  30.108437     4.0307     4.0801     0.0003    96.8012 1.0000e-12  -68.02964  -69.28890 338.022570      99.97 1.4632e+02   1365.053      32762  1029.4043  1029.4032    34.6751    34.6736    7.75455         32 0.0000e+00
    348.000    344.228     1.3456  30.107861     1.3462  30.107781     4.0292     4.0853     0.0043    96.7842 1.0000e-12  -68.02962  -69.28890 338.022585      99.98 1.4632e+02   1366.356      32794  1029.3990  1029.3984    34.6741    34.6734    7.75494         27 0.0000e+00
    347.000    343.240     1.3426  30.103923     1.3435  30.104043     4.0398     4.0867     0.0003    96.7891 1.0000e-12  -68.02962  -69.28892 338.022596      99.98 1.4632e+02   1367.328      32817  1029.3938  1029.3929    34.6730    34.6721    7.75559         21 0.0000e+00
    346.000    342.253     1.3401  30.100223     1.3356  30.093771     4.0431     4.0838    -0.0073    96.7770 1.0000e-12  -68.02962  -69.28892 338.022606      99.98 1.4632e+02   1368.182      32837  1029.3882  1029.3861    34.6716    34.6683    7.75616         20 0.0000e+00
    345.000    341.263     1.3347  30.093313     1.3335  30.090768     4.0434     4.0838    -0.0179    96.7948 1.0000e-12  -68.02962  -69.28892 338.022617      99.98 1.4632e+02   1369.092      32859  1029.3822  1029.3808    34.6693    34.6673    7.75734         25 0.0000e+00
    344.000    340.274     1.3346  30.092836     1.3355  30.092611     4.0421     4.0839    -0.0084    96.7770 1.0000e-12  -68.02962  -69.28892 338.022633      99.97 1.4632e+02   1370.506      32893  1029.3776  1029.3765    34.6693    34.6682    7.75736         35 0.0000e+00
