NBP2113_155081_ctd/data/nbp2113_025.ros
* Sea-Bird SBE 9 Data File:
* FileName = D:\Data\raw\NBP2113_025.hex
* Software Version Seasave V 7.26.7.121
* Temperature SN = 2438
* Conductivity SN = 2067
* Number of Bytes Per Scan = 40
* Number of Voltage Words = 5
* Number of Scans Averaged by the Deck Unit = 1
* NMEA Latitude = 66 26.47 S
* NMEA Longitude = 073 01.98 W
* NMEA UTC (Time) = Dec 02 2021  19:32:09
* NMEA baud rate = 9600
** Ship: RVIB N.B. Palmer
** Cruise: NBP2113 LTER
** Station: 200.200
** Operator: S. Blackman
# nquan = 20
# nvalues = 1156                                  
# units = specified
# name 0 = prDM: Pressure, Digiquartz [db]
# name 1 = depSM: Depth [salt water, m]
# name 2 = t090C: Temperature [ITS-90, deg C]
# name 3 = c0mS/cm: Conductivity [mS/cm]
# name 4 = t190C: Temperature, 2 [ITS-90, deg C]
# name 5 = c1mS/cm: Conductivity, 2 [mS/cm]
# name 6 = sbeox0ML/L: Oxygen, SBE 43 [ml/l]
# name 7 = sbeox1ML/L: Oxygen, SBE 43, 2 [ml/l]
# name 8 = flECO-AFL: Fluorescence, WET Labs ECO-AFL/FL [mg/m^3]
# name 9 = CStarTr0: Beam Transmission, WET Labs C-Star [%]
# name 10 = par: PAR/Irradiance, Biospherical/Licor
# name 11 = latitude: Latitude [deg]
# name 12 = longitude: Longitude [deg]
# name 13 = timeJ: Julian Days
# name 14 = altM: Altimeter [m]
# name 15 = spar: SPAR, Biospherical/Licor
# name 16 = timeS: Time, Elapsed [seconds]
# name 17 = scan: Scan Count
# name 18 = nbf: Bottles Fired
# name 19 = flag:  0.000e+00
# interval = seconds: 0.0416667
# start_time = Dec 02 2021 19:32:09 [NMEA time, header]
# bad_flag = -9.990e-29
*END*
[from data line 942]
     15.740     15.584    -0.4967  27.852170    -0.4968  27.851004     8.2188     8.3041     7.0106    86.5285 1.0000e-12  -66.44146  -73.03216 336.923299      99.95 4.3191e+02   9444.000     226657         20  0.000e+00
     15.727     15.570    -0.4964  27.851882    -0.4972  27.850386     8.2175     8.3046     7.0106    86.5285 1.0000e-12  -66.44146  -73.03216 336.923299      99.98 4.3191e+02   9444.042     226658         20  0.000e+00
     15.692     15.536    -0.4973  27.851422    -0.4972  27.850329     8.2209     8.3050     7.0106    86.5285 1.0000e-12  -66.44146  -73.03216 336.923300      99.98 4.3191e+02   9444.083     226659         20  0.000e+00
     15.727     15.570    -0.4976  27.851307    -0.4972  27.850554     8.2199     8.3054     7.0106    86.5285 1.0000e-12  -66.44146  -73.03216 336.923300      99.98 4.3191e+02   9444.125     226660         20  0.000e+00
     15.692     15.536    -0.4978  27.851135    -0.4973  27.850610     8.2173     8.3058     7.0106    86.5285 1.0000e-12  -66.44146  -73.03216 336.923301      99.98 4.3191e+02   9444.167     226661         20  0.000e+00
     15.679     15.523    -0.4976  27.851422    -0.4972  27.850498     8.2160     8.2999     7.0106    86.5285 1.0000e-12  -66.44146  -73.03216 336.923301      99.98 4.3191e+02   9444.208     226662         20  0.000e+00
     15.692     15.536    -0.4975  27.851192    -0.4974  27.850554     8.2206     8.2995     7.0106    86.5285 1.0000e-12  -66.44146  -73.03216 336.923302      99.95 4.3191e+02   9444.250     226663         20  0.000e+00
     15.679     15.523    -0.4978  27.851077    -0.4971  27.850610     8.2221     8.2990     7.0106    86.5285 1.0000e-12  -66.44146  -73.03216 336.923302      99.95 4.3014e+02   9444.292     226664         20  0.000e+00
     15.692     15.536    -0.4975  27.851422    -0.4970  27.850498     8.2221     8.2987     7.0106    86.5285 1.0000e-12  -66.44146  -73.03216 336.923302      99.98 4.3014e+02   9444.333     226665         20  0.000e+00
     15.679     15.523    -0.4975  27.851940    -0.4972  27.850554     8.2306     8.2984     7.0106    86.5285 1.0000e-12  -66.44146  -73.03216 336.923303      99.98 4.3014e+02   9444.375     226666         20  0.000e+00
     15.590     15.435    -0.4973  27.851882    -0.4975  27.850273     8.2360     8.2981     7.0106    86.5285 1.0000e-12  -66.44146  -73.03216 336.923303      99.98 4.3014e+02   9444.417     226667         20  0.000e+00
     15.727     15.570    -0.4971  27.851997    -0.4979  27.849880     8.2417     8.2981     7.0106    86.5285 1.0000e-12  -66.44146  -73.03216 336.923304      99.93 4.3014e+02   9444.458     226668         20  0.000e+00
     15.645     15.489    -0.4968  27.851882    -0.4984  27.849655     8.2458     8.2979     7.0106    86.5285 1.0000e-12  -66.44146  -73.03216 336.923304      99.95 4.3014e+02   9444.500     226669         20  0.000e+00
     15.624     15.469    -0.4965  27.852400    -0.4981  27.849655     8.2630     8.3031     7.0106    86.5285 1.0000e-12  -66.44146  -73.03216 336.923305      99.98 4.3014e+02   9444.542     226670         20  0.000e+00
     15.590     15.435    -0.4967  27.852227    -0.4984  27.849374     8.2640     8.3038     7.0106    86.5285 1.0000e-12  -66.44146  -73.03216 336.923305      99.98 4.3014e+02   9444.583     226671         20  0.000e+00
     15.624     15.469    -0.4965  27.851882    -0.4985  27.849543     8.2624     8.2991     7.0106    86.5027 1.0000e-12  -66.44146  -73.03216 336.923306      99.98 4.3014e+02   9444.625     226672         20  0.000e+00
     15.645     15.489    -0.4967  27.851652    -0.4986  27.849206     8.2637     8.2990     7.0106    86.4512 1.0000e-12  -66.44146  -73.03216 336.923306      99.98 4.3014e+02   9444.667     226673         20  0.000e+00
     15.624     15.469    -0.4971  27.851767    -0.4987  27.849430     8.2721     8.2988     7.0106    86.4255 1.0000e-12  -66.44146  -73.03216 336.923307      99.98 4.3014e+02   9444.708     226674         20  0.000e+00
     15.542     15.387    -0.4968  27.852227    -0.4990  27.849206     8.2672     8.2988     7.0106    86.4255 1.0000e-12  -66.44146  -73.03216 336.923307      99.95 4.3014e+02   9444.750     226675         20  0.000e+00
     15.576     15.421    -0.4970  27.851537    -0.4984  27.849655     8.2610     8.2986     7.0106    86.4255 1.0000e-12  -66.44146  -73.03216 336.923308      99.95 4.3014e+02   9444.792     226676         20  0.000e+00
     15.590     15.435    -0.4971  27.851652    -0.4985  27.849824     8.2605     8.2986     7.0106    86.4255 1.0000e-12  -66.44146  -73.03216 336.923308      99.98 4.3014e+02   9444.833     226677         20  0.000e+00
     15.542     15.387    -0.4970  27.851652    -0.4984  27.849655     8.2656     8.2986     7.0106    86.4255 1.0000e-12  -66.44146  -73.03216 336.923309      99.98 4.3014e+02   9444.875     226678         20  0.000e+00
     15.576     15.421    -0.4968  27.851767    -0.4978  27.849767     8.2648     8.3041     7.2377    86.4255 1.0000e-12  -66.44146  -73.03216 336.923309      99.98 4.3014e+02   9444.917     226679         20  0.000e+00
     15.487     15.333    -0.4971  27.851652    -0.4976  27.850048     8.2566     8.3039     7.4062    86.4255 1.0000e-12  -66.44146  -73.03216 336.923310      99.93 4.3014e+02   9444.958     226680         20  0.000e+00
     15.521     15.367    -0.4968  27.851594    -0.4973  27.850160     8.2555     8.2993     7.4355    86.4255 1.0000e-12  -66.44146  -73.03216 336.923310      99.95 4.3014e+02   9445.000     226681         20  0.000e+00
     15.542     15.387    -0.4967  27.851939    -0.4978  27.850104     8.2602     8.3050     7.4208    86.4255 1.0000e-12  -66.44146  -73.03216 336.923311      99.98 4.3014e+02   9445.042     226682         20  0.000e+00
     15.473     15.320    -0.4968  27.852284    -0.4976  27.850104     8.2558     8.3058     7.4135    86.4255 1.0000e-12  -66.44146  -73.03216 336.923311      99.98 4.3014e+02   9445.083     226683         20  0.000e+00
     15.487     15.333    -0.4967  27.851939    -0.4977  27.850160     8.2502     8.3004     7.4135    86.4255 1.0000e-12  -66.44146  -73.03216 336.923312      99.98 4.3014e+02   9445.125     226684         20  0.000e+00
     15.473     15.320    -0.4965  27.851824    -0.4978  27.849879     8.2504     8.2996     7.4135    86.4255 1.0000e-12  -66.44146  -73.03216 336.923312      99.98 4.3014e+02   9445.167     226685         20  0.000e+00
     15.439     15.286    -0.4968  27.851824    -0.4979  27.849823     8.2508     8.2988     7.4135    86.4255 1.0000e-12  -66.44146  -73.03216 336.923313      99.98 4.3014e+02   9445.208     226686         20  0.000e+00
     15.473     15.320    -0.4965  27.851997    -0.4979  27.849711     8.2499     8.2989     7.4135    86.4255 1.0000e-12  -66.44146  -73.03216 336.923313      99.95 4.3014e+02   9445.250     226687         20  0.000e+00
     15.439     15.286    -0.4968  27.852112    -0.4981  27.849598     8.2491     8.2990     7.4135    86.4255 1.0000e-12  -66.44146  -73.03216 336.923314      99.95 4.3014e+02   9445.292     226688         20  0.000e+00
     15.426     15.272    -0.4968  27.851479    -0.4979  27.849598     8.2627     8.2991     7.4135    86.4255 1.0000e-12  -66.44146  -73.03216 336.923314      99.95 4.3014e+02   9445.333     226689         20  0.000e+00
     15.384     15.232    -0.4975  27.851306    -0.4982  27.849598     8.2676     8.2993     7.4135    86.4255 1.0000e-12  -66.44146  -73.03216 336.923315      99.98 4.3014e+02   9445.375     226690         20  0.000e+00
     15.426     15.272    -0.4973  27.851306    -0.4981  27.849598     8.2710     8.2986     7.4135    86.4255 1.0000e-12  -66.44146  -73.03216 336.923315      99.98 4.3014e+02   9445.417     226691         20  0.000e+00
     15.337     15.184    -0.4973  27.851479    -0.4979  27.849654     8.2729     8.2987     7.4135    86.4255 1.0000e-12  -66.44146  -73.03216 336.923315      99.93 4.3014e+02   9445.458     226692         20  0.000e+00
     15.371     15.218    -0.4971  27.851594    -0.4981  27.849374     8.2748     8.2990     7.4135    86.5800 1.0000e-12  -66.44146  -73.03216 336.923316      99.95 4.3014e+02   9445.500     226693         20  0.000e+00
     15.337     15.184    -0.4968  27.851594    -0.4982  27.849317     8.2766     8.2993     7.4135    86.6830 1.0000e-12  -66.44146  -73.03216 336.923316      99.98 4.3014e+02   9445.542     226694         20  0.000e+00
      6.470      6.405    -0.5088  27.838227    -0.5098  27.836431     8.2019     8.3050     7.7578    86.0650 1.0000e-12  -66.44148  -73.03218 336.923670      99.98 4.2485e+02   9476.125     227428         21  0.000e+00
      6.511      6.446    -0.5086  27.838112    -0.5099  27.836038     8.1958     8.3051     7.7578    86.0392 1.0000e-12  -66.44148  -73.03218 336.923671      99.98 4.2485e+02   9476.167     227429         21  0.000e+00
      6.470      6.405    -0.5084  27.838515    -0.5100  27.835981     8.2001     8.3051     7.7578    86.0650 1.0000e-12  -66.44148  -73.03218 336.923671      99.98 4.2485e+02   9476.208     227430         21  0.000e+00
      6.470      6.406    -0.5085  27.838400    -0.5100  27.835813     8.1943     8.3051     7.7578    86.0650 1.0000e-12  -66.44148  -73.03218 336.923672      99.95 4.2485e+02   9476.250     227431         21  0.000e+00
      6.470      6.406    -0.5087  27.838112    -0.5100  27.836262     8.1874     8.3051     7.7578    86.0650 1.0000e-12  -66.44148  -73.03218 336.923672      99.95 4.2485e+02   9476.292     227432         21  0.000e+00
      6.463      6.399    -0.5085  27.838227    -0.5099  27.836094     8.1936     8.3051     7.7578    86.0392 1.0000e-12  -66.44148  -73.03218 336.923673      99.95 4.2485e+02   9476.333     227433         21  0.000e+00
      6.470      6.406    -0.5083  27.838342    -0.5099  27.835869     8.2001     8.3051     7.7578    86.0392 1.0000e-12  -66.44148  -73.03218 336.923673      99.98 4.2485e+02   9476.375     227434         21  0.000e+00
      6.415      6.351    -0.5084  27.838572    -0.5099  27.835981     8.2037     8.3050     7.7578    86.0392 1.0000e-12  -66.44148  -73.03218 336.923674      99.95 4.2485e+02   9476.417     227435         21  0.000e+00
      6.415      6.351    -0.5085  27.838169    -0.5099  27.836037     8.2062     8.3050     7.7578    86.0650 1.0000e-12  -66.44148  -73.03218 336.923674      99.93 4.2485e+02   9476.458     227436         21  0.000e+00
      6.463      6.399    -0.5084  27.838055    -0.5099  27.836094     8.2147     8.3051     7.7578    86.0650 1.0000e-12  -66.44148  -73.03218 336.923675      99.95 4.2485e+02   9476.500     227437         21  0.000e+00
      6.415      6.351    -0.5086  27.838054    -0.5099  27.836206     8.2245     8.3050     7.7578    86.0650 1.0000e-12  -66.44148  -73.03218 336.923675      99.98 4.2485e+02   9476.542     227438         21  0.000e+00
      6.367      6.304    -0.5085  27.838054    -0.5097  27.835925     8.2299     8.3104     7.7578    86.0392 1.0000e-12  -66.44148  -73.03218 336.923676      99.98 4.2485e+02   9476.583     227439         21  0.000e+00
      6.408      6.345    -0.5089  27.838515    -0.5100  27.835981     8.2297     8.3059     7.7578    86.0650 1.0000e-12  -66.44148  -73.03218 336.923676      99.98 4.2485e+02   9476.625     227440         21  0.000e+00
      6.367      6.304    -0.5085  27.838169    -0.5100  27.836206     8.2339     8.3058     7.7578    86.6572 1.0000e-12  -66.44148  -73.03218 336.923677      99.98 4.2485e+02   9476.667     227441         21  0.000e+00
      6.367      6.304    -0.5087  27.837882    -0.5100  27.835925     8.2312     8.3112     7.7578    87.0435 1.0000e-12  -66.44148  -73.03218 336.923677      99.98 4.2485e+02   9476.708     227442         21  0.000e+00
      6.367      6.304    -0.5088  27.837997    -0.5096  27.835756     8.2330     8.3119     7.7652    87.1207 1.0000e-12  -66.44148  -73.03218 336.923678      99.95 4.2485e+02   9476.750     227443         21  0.000e+00
      6.360      6.297    -0.5085  27.838054    -0.5098  27.836037     8.2348     8.3072     7.7798    87.0692 1.0000e-12  -66.44148  -73.03218 336.923678      99.95 4.2485e+02   9476.792     227444         21  0.000e+00
      6.319      6.257    -0.5086  27.838112    -0.5099  27.836037     8.2440     8.3125     7.7798    87.0692 1.0000e-12  -66.44148  -73.03218 336.923679      99.95 4.2485e+02   9476.833     227445         21  0.000e+00
      6.319      6.257    -0.5087  27.838054    -0.5098  27.836093     8.2417     8.3078     7.7798    87.0692 1.0000e-12  -66.44148  -73.03218 336.923679      99.98 4.2485e+02   9476.875     227446         21  0.000e+00
      6.319      6.257    -0.5085  27.838227    -0.5096  27.836206     8.2411     8.3076     7.7798    87.0692 1.0000e-12  -66.44148  -73.03218 336.923680      99.98 4.2485e+02   9476.917     227447         21  0.000e+00
      6.258      6.196    -0.5085  27.838112    -0.5095  27.836262     8.2435     8.3074     7.7798    87.0692 1.0000e-12  -66.44148  -73.03218 336.923680      99.93 4.2485e+02   9476.958     227448         21  0.000e+00
      6.265      6.202    -0.5086  27.838227    -0.5093  27.836149     8.2485     8.3072     7.7798    87.0692 1.0000e-12  -66.44148  -73.03218 336.923681      99.95 4.2485e+02   9477.000     227449         21  0.000e+00
      6.265      6.202    -0.5083  27.838169    -0.5093  27.836430     8.2430     8.3070     7.7798    87.0692 1.0000e-12  -66.44148  -73.03218 336.923681      99.98 4.2485e+02   9477.042     227450         21  0.000e+00
      6.217      6.155    -0.5084  27.838054    -0.5094  27.836430     8.2405     8.3068     7.7798    87.0692 1.0000e-12  -66.44148  -73.03218 336.923682      99.98 4.2485e+02   9477.083     227451         21  0.000e+00
      6.258      6.196    -0.5085  27.838054    -0.5096  27.836262     8.2336     8.3068     7.7798    87.0692 1.0000e-12  -66.44148  -73.03218 336.923682      99.98 4.2485e+02   9477.125     227452         21  0.000e+00
      6.162      6.101    -0.5087  27.838054    -0.5096  27.836261     8.2425     8.3065     7.7798    87.0692 1.0000e-12  -66.44148  -73.03218 336.923682      99.98 4.2485e+02   9477.167     227453         21  0.000e+00
      6.217      6.155    -0.5085  27.838456    -0.5099  27.835924     8.2495     8.3065     7.7798    87.0692 1.0000e-12  -66.44148  -73.03218 336.923683      99.98 4.2485e+02   9477.208     227454         21  0.000e+00
      6.162      6.101    -0.5081  27.838801    -0.5098  27.836149     8.2460     8.3063     7.7798    87.0692 1.0000e-12  -66.44148  -73.03218 336.923683      99.95 4.2485e+02   9477.250     227455         21  0.000e+00
      6.107      6.047    -0.5078  27.838456    -0.5099  27.835924     8.2426     8.3061     7.7798    87.0692 1.0000e-12  -66.44148  -73.03218 336.923684      99.95 4.2485e+02   9477.292     227456         21  0.000e+00
      6.114      6.053    -0.5078  27.838111    -0.5097  27.835756     8.2437     8.3114     7.7798    87.0692 1.0000e-12  -66.44148  -73.03218 336.923684      99.98 4.2485e+02   9477.333     227457         21  0.000e+00
      6.114      6.054    -0.5081  27.838226    -0.5098  27.835924     8.2448     8.3066     7.7798    87.0692 1.0000e-12  -66.44148  -73.03218 336.923685      99.98 4.2485e+02   9477.375     227458         21  0.000e+00
      6.066      6.006    -0.5083  27.837996    -0.5098  27.836093     8.2444     8.3064     7.7798    87.0692 1.0000e-12  -66.44148  -73.03218 336.923685      99.98 4.2485e+02   9477.417     227459         21  0.000e+00
      6.005      5.945    -0.5087  27.837996    -0.5097  27.836429     8.2498     8.3061     7.7798    87.0692 1.0000e-12  -66.44148  -73.03218 336.923686      99.93 4.2485e+02   9477.458     227460         21  0.000e+00
