NBP2113_155081_ctd/data/nbp2113_005.cnv
* Sea-Bird SBE 9 Data File:
* FileName = D:\Data\raw\NBP2113_005.hex
* Software Version Seasave V 7.26.7.121
* Temperature SN = 2438
* Conductivity SN = 2067
* Number of Bytes Per Scan = 40
* Number of Voltage Words = 5
* Number of Scans Averaged by the Deck Unit = 1
* NMEA Latitude = 64 04.86 S
* NMEA Longitude = 063 46.34 W
* NMEA UTC (Time) = Nov 23 2021  13:58:01
* NMEA baud rate = 9600
** Ship: RVIB N.B. Palmer
** Cruise: NBP2113 LTER
** Station: 692.080
** Operator: B. Urmston
# nquan = 25
# nvalues = 1037                        
# units = specified
# name 0 = prDM: Pressure, Digiquartz [db]
# name 1 = depSM: Depth [salt water, m]
# name 2 = t090C: Temperature [ITS-90, deg C]
# name 3 = c0mS/cm: Conductivity [mS/cm]
# name 4 = t190C: Temperature, 2 [ITS-90, deg C]
# name 5 = c1mS/cm: Conductivity, 2 [mS/cm]
# name 6 = sbeox0ML/L: Oxygen, SBE 43 [ml/l]
# name 7 = sbeox1ML/L: Oxygen, SBE 43, 2 [ml/l]
# name 8 = flECO-AFL: Fluorescence, WET Labs ECO-AFL/FL [mg/m^3]
# name 9 = CStarTr0: Beam Transmission, WET Labs C-Star [%]
# name 10 = par: PAR/Irradiance, Biospherical/Licor
# name 11 = latitude: Latitude [deg]
# name 12 = longitude: Longitude [deg]
# name 13 = timeJ: Julian Days
# name 14 = altM: Altimeter [m]
# name 15 = spar: SPAR, Biospherical/Licor
# name 16 = timeS: Time, Elapsed [seconds]
# name 17 = scan: Scan Count
# name 18 = density00: Density [density, kg/m^3]
# name 19 = density11: Density, 2 [density, kg/m^3]
# name 20 = sal00: Salinity, Practical [PSU]
# name 21 = sal11: Salinity, Practical, 2 [PSU]
# name 22 = oxsolML/L: Oxygen Saturation, Garcia & Gordon [ml/l]
# name 23 = nbin: number of scans per bin
# name 24 = flag: flag
# span 0 =      1.000,    521.000       
# span 1 =      0.990,    515.278       
# span 2 =    -0.2835,     1.5253       
# span 3 =  28.027077,  30.367240       
# span 4 =    -0.2829,     1.5253       
# span 5 =  28.023703,  30.366045       
# span 6 =     4.1730,     9.4463       
# span 7 =     4.1632,     9.1059       
# span 8 =    -0.0226,     1.8547       
# span 9 =    86.9965,    98.9778       
# span 10 = 1.0000e-12, 6.4146e+02      
# span 11 =  -64.08194,  -64.08136      
# span 12 =  -63.77211,  -63.77140      
# span 13 = 327.585846, 327.612468      
# span 14 =       7.80,      99.99      
# span 15 = 3.3847e+02, 4.9541e+02      
# span 16 =    336.088,   2636.194      
# span 17 =       8067,      63270      
# span 18 =  1027.2244,  1030.2230      
# span 19 =  1027.2204,  1030.2217      
# span 20 =    33.8799,    34.7106      
# span 21 =    33.8767,    34.7092      
# span 22 =    7.71803,    8.12410      
# span 23 =          9,         51      
# span 24 = 0.0000e+00, 0.0000e+00      
# interval = decibars: 1                
# start_time = Nov 23 2021 13:58:01 [NMEA time, header]
# bad_flag = -9.990e-29
*END*
[from data line 580]
    457.000    452.050     1.5188  30.335681     1.5188  30.334526     4.1879     4.1768    -0.0091    98.7692 1.0000e-12  -64.08168  -63.77174 327.601068      72.00 3.3847e+02   1651.245      39631  1029.9241  1029.9229    34.7103    34.7088    7.71898         21 0.0000e+00
    456.000    451.062     1.5187  30.335175     1.5187  30.333940     4.1875     4.1767    -0.0133    98.7689 1.0000e-12  -64.08168  -63.77174 327.601078      73.07 3.3847e+02   1652.137      39652  1029.9195  1029.9183    34.7103    34.7088    7.71899         22 0.0000e+00
    455.000    450.074     1.5185  30.334581     1.5185  30.333314     4.1799     4.1782    -0.0076    98.7702 1.0000e-12  -64.08168  -63.77174 327.601090      74.23 3.3847e+02   1653.189      39678  1029.9149  1029.9136    34.7104    34.7087    7.71903         29 0.0000e+00
    454.000    449.088     1.5185  30.334071     1.5184  30.332791     4.1810     4.1831    -0.0039    98.7827 1.0000e-12  -64.08168  -63.77174 327.601105      75.25 3.3847e+02   1654.492      39709  1029.9102  1029.9090    34.7103    34.7088    7.71904         31 0.0000e+00
    453.000    448.098     1.5182  30.333450     1.5182  30.332227     4.1859     4.1785    -0.0087    98.7845 1.0000e-12  -64.08168  -63.77174 327.601121      76.31 3.3847e+02   1655.838      39741  1029.9056  1029.9043    34.7104    34.7088    7.71909         31 0.0000e+00
    452.000    447.111     1.5182  30.332945     1.5182  30.331734     4.1874     4.1816    -0.0150    98.7715 1.0000e-12  -64.08168  -63.77174 327.601135      77.33 3.3847e+02   1657.064      39771  1029.9009  1029.8996    34.7104    34.7088    7.71910         28 0.0000e+00
    451.000    446.121     1.5181  30.332373     1.5182  30.331279     4.1898     4.1783    -0.0147    98.8052 1.0000e-12  -64.08168  -63.77174 327.601148      78.22 3.3847e+02   1658.175      39797  1029.8962  1029.8950    34.7104    34.7088    7.71912         25 0.0000e+00
    450.000    445.134     1.5180  30.331902     1.5181  30.330640     4.1934     4.1822    -0.0091    98.7893 1.0000e-12  -64.08168  -63.77174 327.601160      79.29 3.3847e+02   1659.229      39823  1029.8915  1029.8902    34.7104    34.7087    7.71913         26 0.0000e+00
    449.000    444.146     1.5180  30.331434     1.5181  30.330255     4.1940     4.1790    -0.0124    98.7816 1.0000e-12  -64.08168  -63.77174 327.601173      80.40 3.3847e+02   1660.369      39850  1029.8869  1029.8856    34.7104    34.7088    7.71914         28 0.0000e+00
    448.000    443.157     1.5181  30.331005     1.5181  30.329825     4.1892     4.1734    -0.0058    98.7506 1.0000e-12  -64.08168  -63.77174 327.601189      81.47 3.3847e+02   1661.759      39883  1029.8821  1029.8809    34.7103    34.7087    7.71912         35 0.0000e+00
    447.000    442.170     1.5181  30.330488     1.5182  30.329412     4.1929     4.1751    -0.0002    98.7855 1.0000e-12  -64.08168  -63.77174 327.601205      82.36 3.3847e+02   1663.104      39916  1029.8773  1029.8762    34.7101    34.7088    7.71912         28 0.0000e+00
    446.000    441.181     1.5180  30.330084     1.5183  30.328995     4.1878     4.1747    -0.0055    98.7842 1.0000e-12  -64.08168  -63.77174 327.601217      83.23 3.3847e+02   1664.178      39941  1029.8728  1029.8715    34.7103    34.7087    7.71913         24 0.0000e+00
    445.000    440.191     1.5195  30.330586     1.5201  30.329583     4.1899     4.1742    -0.0070    98.7853 1.0000e-12  -64.08168  -63.77174 327.601229      84.27 3.3847e+02   1665.154      39965  1029.8676  1029.8660    34.7099    34.7080    7.71886         21 0.0000e+00
    444.000    439.206     1.5210  30.330870     1.5211  30.329700     4.1916     4.1734    -0.0144    98.8226 1.0000e-12  -64.08168  -63.77174 327.601240      85.46 3.3847e+02   1666.160      39989  1029.8622  1029.8610    34.7092    34.7076    7.71861         25 0.0000e+00
    443.000    438.216     1.5215  30.330691     1.5216  30.329488     4.1862     4.1749    -0.0077    98.8368 1.0000e-12  -64.08168  -63.77174 327.601253      86.36 3.3847e+02   1667.271      40016  1029.8573  1029.8560    34.7090    34.7073    7.71851         28 0.0000e+00
    442.000    437.229     1.5218  30.330326     1.5218  30.329064     4.1866     4.1796    -0.0130    98.8368 1.0000e-12  -64.08168  -63.77174 327.601267      87.43 3.3865e+02   1668.453      40044  1029.8524  1029.8512    34.7087    34.7072    7.71847         29 0.0000e+00
    441.000    436.240     1.5220  30.329933     1.5222  30.328780     4.1882     4.1786    -0.0054    98.8368 1.0000e-12  -64.08168  -63.77174 327.601280      88.43 3.4015e+02   1669.608      40072  1029.8477  1029.8463    34.7087    34.7069    7.71845         27 0.0000e+00
    440.000    435.253     1.5219  30.329369     1.5222  30.328283     4.1847     4.1731    -0.0069    98.8359 1.0000e-12  -64.08168  -63.77174 327.601293      89.45 3.4024e+02   1670.741      40099  1029.8430  1029.8416    34.7086    34.7069    7.71847         27 0.0000e+00
    439.000    434.264     1.5227  30.329193     1.5226  30.327962     4.1835     4.1725    -0.0069    98.8341 1.0000e-12  -64.08168  -63.77174 327.601307      90.44 3.4024e+02   1671.913      40127  1029.8378  1029.8366    34.7081    34.7066    7.71834         29 0.0000e+00
    438.000    433.277     1.5228  30.328752     1.5226  30.327368     4.1822     4.1737    -0.0039    98.8263 1.0000e-12  -64.08168  -63.77174 327.601321      91.51 3.4024e+02   1673.093      40155  1029.8330  1029.8319    34.7079    34.7065    7.71832         27 0.0000e+00
    437.000    432.287     1.5228  30.328292     1.5228  30.326998     4.1806     4.1753    -0.0029    98.8271 1.0000e-12  -64.08168  -63.77174 327.601334      92.44 3.4024e+02   1674.252      40183  1029.8283  1029.8270    34.7079    34.7063    7.71832         29 0.0000e+00
    436.000    431.300     1.5228  30.327721     1.5228  30.326544     4.1845     4.1758    -0.0022    98.8483 1.0000e-12  -64.08168  -63.77172 327.601349      93.56 3.4177e+02   1675.529      40214  1029.8235  1029.8223    34.7078    34.7063    7.71833         33 0.0000e+00
    435.000    430.311     1.5228  30.327247     1.5228  30.326053     4.1876     4.1756    -0.0055    98.8525 1.0000e-12  -64.08168  -63.77172 327.601365      94.57 3.4200e+02   1676.918      40247  1029.8189  1029.8176    34.7078    34.7062    7.71834         31 0.0000e+00
    434.000    429.324     1.5228  30.326684     1.5228  30.325540     4.1903     4.1733    -0.0000    98.8638 1.0000e-12  -64.08168  -63.77172 327.601379      95.57 3.4200e+02   1678.164      40277  1029.8141  1029.8129    34.7076    34.7062    7.71834         26 0.0000e+00
    433.000    428.334     1.5227  30.326302     1.5227  30.325092     4.1823     4.1729    -0.0142    98.8593 1.0000e-12  -64.08168  -63.77172 327.601391      96.47 3.4215e+02   1679.193      40302  1029.8095  1029.8083    34.7078    34.7063    7.71834         24 0.0000e+00
    432.000    427.348     1.5230  30.325730     1.5229  30.324554     4.1884     4.1735    -0.0209    98.8429 1.0000e-12  -64.08168  -63.77172 327.601402      97.43 3.4372e+02   1680.141      40324  1029.8044  1029.8033    34.7073    34.7059    7.71832         23 0.0000e+00
    431.000    426.359     1.5232  30.325302     1.5233  30.324093     4.1972     4.1757    -0.0165    98.8389 1.0000e-12  -64.08168  -63.77174 327.601414      98.48 3.4376e+02   1681.162      40349  1029.7996  1029.7983    34.7071    34.7055    7.71829         26 0.0000e+00
    430.000    425.370     1.5229  30.324814     1.5234  30.323682     4.1851     4.1752    -0.0077    98.8473 1.0000e-12  -64.08168  -63.77174 327.601428      99.63 3.4376e+02   1682.399      40379  1029.7952  1029.7936    34.7074    34.7055    7.71833         32 0.0000e+00
    429.000    424.383     1.5230  30.324327     1.5234  30.323163     4.1795     4.1711    -0.0059    98.8511 1.0000e-12  -64.08168  -63.77173 327.601443      99.98 3.4376e+02   1683.680      40409  1029.7903  1029.7888    34.7072    34.7054    7.71831         29 0.0000e+00
    428.000    423.394     1.5234  30.323857     1.5234  30.322616     4.1854     4.1745     0.0006    98.8868 1.0000e-12  -64.08168  -63.77172 327.601456      99.98 3.4405e+02   1684.809      40436  1029.7852  1029.7840    34.7068    34.7052    7.71827         25 0.0000e+00
    427.000    422.407     1.5234  30.323347     1.5235  30.322158     4.1852     4.1754    -0.0226    98.8666 1.0000e-12  -64.08168  -63.77172 327.601468      99.98 3.4555e+02   1685.815      40461  1029.7805  1029.7792    34.7067    34.7051    7.71827         23 0.0000e+00
    426.000    421.418     1.5235  30.322874     1.5235  30.321725     4.1771     4.1735    -0.0154    98.8759 1.0000e-12  -64.08168  -63.77172 327.601479      99.98 3.4552e+02   1686.787      40484  1029.7757  1029.7745    34.7066    34.7051    7.71826         23 0.0000e+00
    425.000    420.429     1.5235  30.322435     1.5236  30.321178     4.1757     4.1719    -0.0134    98.8696 1.0000e-12  -64.08168  -63.77172 327.601493      99.98 3.4552e+02   1687.972      40512  1029.7710  1029.7698    34.7066    34.7049    7.71826         35 0.0000e+00
    424.000    419.441     1.5234  30.321889     1.5234  30.320694     4.1857     4.1713     0.0062    98.8717 1.0000e-12  -64.08169  -63.77172 327.601515      99.98 3.4552e+02   1689.897      40559  1029.7664  1029.7652    34.7065    34.7051    7.71827         40 0.0000e+00
    423.000    418.453     1.5235  30.321382     1.5235  30.320193     4.1873     4.1701    -0.0057    98.8665 1.0000e-12  -64.08170  -63.77172 327.601532      99.98 3.4552e+02   1691.341      40593  1029.7615  1029.7603    34.7064    34.7048    7.71827         25 0.0000e+00
    422.000    417.465     1.5236  30.320976     1.5237  30.319772     4.1808     4.1697    -0.0060    98.8625 1.0000e-12  -64.08170  -63.77174 327.601541      99.98 3.4679e+02   1692.179      40613  1029.7567  1029.7555    34.7063    34.7047    7.71824         17 0.0000e+00
    421.000    416.477     1.5243  30.320570     1.5241  30.319292     4.1819     4.1671    -0.0026    98.8757 1.0000e-12  -64.08170  -63.77173 327.601549      99.98 3.4730e+02   1692.866      40630  1029.7515  1029.7504    34.7057    34.7042    7.71816         16 0.0000e+00
    420.000    415.487     1.5244  30.320089     1.5244  30.318973     4.1849     4.1654     0.0024    98.8868 1.0000e-12  -64.08170  -63.77172 327.601557      99.98 3.4729e+02   1693.526      40646  1029.7467  1029.7456    34.7055    34.7041    7.71814         16 0.0000e+00
    419.000    414.501     1.5244  30.319678     1.5243  30.318452     4.1839     4.1687    -0.0117    98.8871 1.0000e-12  -64.08170  -63.77172 327.601566      99.98 3.4746e+02   1694.280      40664  1029.7421  1029.7409    34.7056    34.7041    7.71814         21 0.0000e+00
    418.000    413.512     1.5240  30.319068     1.5240  30.317880     4.1884     4.1718    -0.0090    98.8759 1.0000e-12  -64.08170  -63.77171 327.601587      99.98 3.4894e+02   1696.139      40708  1029.7376  1029.7364    34.7057    34.7042    7.71820         36 0.0000e+00
    417.000    412.523     1.5239  30.318504     1.5240  30.317324     4.1813     4.1770    -0.0052    98.8849 1.0000e-12  -64.08170  -63.77172 327.601614      99.98 3.4905e+02   1698.425      40763  1029.7329  1029.7317    34.7057    34.7042    7.71822         28 0.0000e+00
    416.000    411.536     1.5240  30.318100     1.5241  30.316943     4.1836     4.1733    -0.0112    98.8760 1.0000e-12  -64.08170  -63.77172 327.601625      99.98 3.4905e+02   1699.387      40786  1029.7282  1029.7270    34.7056    34.7042    7.71821         21 0.0000e+00
    415.000    410.546     1.5241  30.317708     1.5242  30.316495     4.1856     4.1708    -0.0077    98.8707 1.0000e-12  -64.08170  -63.77172 327.601634      99.98 3.4905e+02   1700.206      40806  1029.7234  1029.7221    34.7056    34.7040    7.71819         19 0.0000e+00
    414.000    409.560     1.5245  30.317287     1.5245  30.316045     4.1872     4.1706    -0.0077    98.8884 1.0000e-12  -64.08170  -63.77172 327.601644      99.98 3.4914e+02   1701.005      40825  1029.7185  1029.7172    34.7053    34.7037    7.71814         19 0.0000e+00
    413.000    408.569     1.5247  30.316876     1.5248  30.315567     4.1749     4.1679    -0.0077    98.8883 1.0000e-12  -64.08170  -63.77172 327.601654      99.98 3.5067e+02   1701.863      40846  1029.7136  1029.7122    34.7051    34.7033    7.71810         22 0.0000e+00
    412.000    407.582     1.5248  30.316304     1.5248  30.315044     4.1744     4.1662    -0.0077    98.8703 1.0000e-12  -64.08170  -63.77172 327.601664      99.98 3.5081e+02   1702.796      40868  1029.7087  1029.7074    34.7049    34.7032    7.71810         23 0.0000e+00
    411.000    406.593     1.5249  30.315793     1.5249  30.314558     4.1855     4.1665    -0.0077    98.8873 1.0000e-12  -64.08170  -63.77172 327.601676      99.98 3.5081e+02   1703.813      40893  1029.7039  1029.7026    34.7046    34.7030    7.71809         26 0.0000e+00
    410.000    405.606     1.5248  30.315327     1.5245  30.314090     4.1875     4.1717    -0.0115    98.9135 1.0000e-12  -64.08170  -63.77171 327.601690      99.98 3.5157e+02   1705.032      40922  1029.6993  1029.6983    34.7048    34.7035    7.71811         34 0.0000e+00
    409.000    404.617     1.5245  30.314797     1.5245  30.313563     4.1839     4.1702    -0.0080    98.9141 1.0000e-12  -64.08170  -63.77170 327.601711      99.98 3.5258e+02   1706.799      40964  1029.6948  1029.6936    34.7049    34.7034    7.71815         45 0.0000e+00
    408.000    403.629     1.5246  30.314322     1.5245  30.313068     4.1878     4.1704    -0.0073    98.9141 1.0000e-12  -64.08170  -63.77170 327.601733      99.98 3.5258e+02   1708.690      41010  1029.6900  1029.6888    34.7048    34.7033    7.71814         36 0.0000e+00
    407.000    402.641     1.5248  30.313789     1.5248  30.312548     4.1837     4.1718    -0.0074    98.9141 1.0000e-12  -64.08170  -63.77171 327.601746      99.99 3.5258e+02   1709.861      41038  1029.6850  1029.6838    34.7045    34.7029    7.71812         23 0.0000e+00
    406.000    401.654     1.5247  30.313230     1.5248  30.311980     4.1844     4.1723    -0.0066    98.9141 1.0000e-12  -64.08170  -63.77172 327.601756      99.98 3.5258e+02   1710.734      41059  1029.6803  1029.6789    34.7044    34.7027    7.71813         20 0.0000e+00
    405.000    400.663     1.5248  30.312655     1.5248  30.311438     4.1885     4.1696    -0.0102    98.9141 1.0000e-12  -64.08170  -63.77172 327.601765      99.98 3.5258e+02   1711.490      41077  1029.6754  1029.6742    34.7042    34.7026    7.71814         17 0.0000e+00
    404.000    399.676     1.5249  30.312217     1.5249  30.311004     4.1850     4.1687    -0.0149    98.9225 1.0000e-12  -64.08170  -63.77172 327.601773      99.98 3.5258e+02   1712.213      41094  1029.6707  1029.6695    34.7041    34.7026    7.71812         18 0.0000e+00
    403.000    398.687     1.5249  30.311715     1.5249  30.310459     4.1878     4.1679    -0.0079    98.9209 1.0000e-12  -64.08170  -63.77172 327.601782      99.98 3.5430e+02   1712.984      41113  1029.6659  1029.6647    34.7040    34.7024    7.71812         19 0.0000e+00
    402.000    397.699     1.5249  30.311173     1.5248  30.309917     4.1903     4.1666    -0.0077    98.9102 1.0000e-12  -64.08170  -63.77172 327.601793      99.98 3.5434e+02   1713.933      41135  1029.6611  1029.6599    34.7039    34.7024    7.71812         26 0.0000e+00
    401.000    396.709     1.5247  30.310670     1.5248  30.309514     4.1860     4.1704    -0.0075    98.9057 1.0000e-12  -64.08170  -63.77170 327.601813      99.98 3.5434e+02   1715.612      41176  1029.6566  1029.6554    34.7040    34.7025    7.71815         37 0.0000e+00
