NBP2113_155081_ctd/data/nbp2113_043.ros
* Sea-Bird SBE 9 Data File:
* FileName = D:\Data\raw\NBP2113_043.hex
* Software Version Seasave V 7.26.7.121
* Temperature SN = 2438
* Conductivity SN = 2067
* Number of Bytes Per Scan = 40
* Number of Voltage Words = 5
* Number of Scans Averaged by the Deck Unit = 1
* NMEA Latitude = 64 55.34 S
* NMEA Longitude = 064 19.20 W
* NMEA UTC (Time) = Dec 10 2021  20:08:03
* NMEA baud rate = 9600
** Ship: RVIB N.B. Palmer
** Cruise: NBP2113 LTER
** Station: 600.040
** Operator: S. Blackman
# nquan = 20
# nvalues = 196                                   
# units = specified
# name 0 = prDM: Pressure, Digiquartz [db]
# name 1 = depSM: Depth [salt water, m]
# name 2 = t090C: Temperature [ITS-90, deg C]
# name 3 = c0mS/cm: Conductivity [mS/cm]
# name 4 = t190C: Temperature, 2 [ITS-90, deg C]
# name 5 = c1mS/cm: Conductivity, 2 [mS/cm]
# name 6 = sbeox0ML/L: Oxygen, SBE 43 [ml/l]
# name 7 = sbeox1ML/L: Oxygen, SBE 43, 2 [ml/l]
# name 8 = flECO-AFL: Fluorescence, WET Labs ECO-AFL/FL [mg/m^3]
# name 9 = CStarTr0: Beam Transmission, WET Labs C-Star [%]
# name 10 = par: PAR/Irradiance, Biospherical/Licor
# name 11 = latitude: Latitude [deg]
# name 12 = longitude: Longitude [deg]
# name 13 = timeJ: Julian Days
# name 14 = altM: Altimeter [m]
# name 15 = spar: SPAR, Biospherical/Licor
# name 16 = timeS: Time, Elapsed [seconds]
# name 17 = scan: Scan Count
# name 18 = nbf: Bottles Fired
# name 19 = flag:  0.000e+00
# interval = seconds: 0.0416667
# start_time = Dec 10 2021 20:08:03 [NMEA time, header]
# bad_flag = -9.990e-29
*END*
     19.912     19.716    -0.1851  28.073074    -0.1914  28.062693     7.9374     7.9702     1.2230    88.8717 3.7427e+01  -64.92252  -64.31992 344.847628      99.95 6.7695e+02    752.083      18051          1  0.000e+00
     19.960     19.763    -0.1854  28.072843    -0.1912  28.062693     7.9318     7.9696     1.2230    88.8717 3.7427e+01  -64.92252  -64.31992 344.847629      99.98 6.7695e+02    752.125      18052          1  0.000e+00
     19.980     19.784    -0.1863  28.072843    -0.1912  28.062806     7.9304     7.9699     1.2230    88.8717 3.7427e+01  -64.92252  -64.31992 344.847629      99.98 6.7695e+02    752.167      18053          1  0.000e+00
     19.912     19.716    -0.1860  28.073362    -0.1912  28.062918     7.9342     7.9699     1.2230    88.8717 3.7427e+01  -64.92252  -64.31992 344.847630      99.98 6.7695e+02    752.208      18054          1  0.000e+00
     19.960     19.763    -0.1877  28.072843    -0.1911  28.062693     7.9324     7.9700     1.2230    88.8717 3.7534e+01  -64.92252  -64.31992 344.847630      99.98 6.7695e+02    752.250      18055          1  0.000e+00
     19.980     19.784    -0.1888  28.072324    -0.1916  28.063200     7.9272     7.9701     1.2230    88.8717 3.7534e+01  -64.92252  -64.31992 344.847631      99.98 6.7695e+02    752.292      18056          1  0.000e+00
     19.960     19.763    -0.1888  28.069901    -0.1919  28.062806     7.9305     7.9701     1.2230    88.9747 3.7534e+01  -64.92252  -64.31992 344.847631      99.95 6.7695e+02    752.333      18057          1  0.000e+00
     19.912     19.716    -0.1886  28.068805    -0.1919  28.062693     7.9246     7.9690     1.2230    89.0777 3.7534e+01  -64.92252  -64.31992 344.847632      99.95 6.7695e+02    752.375      18058          1  0.000e+00
     19.980     19.784    -0.1890  28.069094    -0.1917  28.062411     7.9275     7.9680     1.2230    89.1034 3.7534e+01  -64.92252  -64.31992 344.847632      99.98 6.7695e+02    752.417      18059          1  0.000e+00
     19.960     19.763    -0.1881  28.068863    -0.1916  28.062130     7.9224     7.9676     1.2230    89.1034 3.7534e+01  -64.92252  -64.31992 344.847633      99.98 6.7695e+02    752.458      18060          1  0.000e+00
     19.932     19.736    -0.1888  28.069093    -0.1902  28.062805     7.9204     7.9668     1.2230    89.0777 3.7534e+01  -64.92252  -64.31992 344.847633      99.98 6.7695e+02    752.500      18061          1  0.000e+00
     19.960     19.763    -0.1882  28.068863    -0.1909  28.062130     7.9182     7.9666     1.2230    89.0777 3.7534e+01  -64.92252  -64.31992 344.847634      99.93 6.7695e+02    752.542      18062          1  0.000e+00
     20.008     19.811    -0.1891  28.068863    -0.1923  28.062412     7.9147     7.9717     1.2230    89.1034 3.7534e+01  -64.92252  -64.31992 344.847634      99.95 6.7695e+02    752.583      18063          1  0.000e+00
     19.980     19.784    -0.1904  28.068344    -0.1931  28.061341     7.9252     7.9667     1.2230    89.0777 3.7534e+01  -64.92252  -64.31992 344.847635      99.98 6.7695e+02    752.625      18064          1  0.000e+00
     19.960     19.763    -0.1908  28.066671    -0.1932  28.062017     7.9137     7.9650     1.2230    89.0777 3.7534e+01  -64.92252  -64.31992 344.847635      99.98 6.7695e+02    752.667      18065          1  0.000e+00
     19.960     19.763    -0.1913  28.065921    -0.1931  28.061904     7.9180     7.9641     1.2230    89.1034 3.7534e+01  -64.92252  -64.31992 344.847636      99.98 6.7695e+02    752.708      18066          1  0.000e+00
     19.980     19.784    -0.1913  28.065690    -0.1929  28.062130     7.9190     7.9632     1.2230    89.1034 3.7534e+01  -64.92252  -64.31992 344.847636      99.98 6.7695e+02    752.750      18067          1  0.000e+00
     20.008     19.811    -0.1916  28.065114    -0.1926  28.061904     7.9114     7.9622     1.2011    89.1034 3.7534e+01  -64.92252  -64.31992 344.847636      99.98 6.7695e+02    752.792      18068          1  0.000e+00
     19.960     19.763    -0.1921  28.064594    -0.1923  28.061510     7.9139     7.9674     1.1937    89.1034 3.7642e+01  -64.92252  -64.31992 344.847637      99.95 6.7695e+02    752.833      18069          1  0.000e+00
     20.028     19.831    -0.1920  28.063787    -0.1928  28.061623     7.9188     7.9681     1.1937    89.1034 3.7642e+01  -64.92252  -64.31992 344.847637      99.95 6.7695e+02    752.875      18070          1  0.000e+00
     19.960     19.763    -0.1919  28.063787    -0.1924  28.061341     7.9202     7.9631     1.1937    89.1034 3.7642e+01  -64.92252  -64.31992 344.847638      99.98 6.7695e+02    752.917      18071          1  0.000e+00
     20.008     19.811    -0.1923  28.063729    -0.1926  28.061341     7.9045     7.9629     1.1937    89.0777 3.7642e+01  -64.92252  -64.31992 344.847638      99.98 6.7695e+02    752.958      18072          1  0.000e+00
     19.980     19.784    -0.1920  28.064075    -0.1925  28.061792     7.9133     7.9624     1.1937    89.1034 3.7642e+01  -64.92252  -64.31992 344.847639      99.98 6.7695e+02    753.000      18073          1  0.000e+00
     20.008     19.811    -0.1923  28.063787    -0.1928  28.061905     7.9147     7.9675     1.1937    89.1034 3.7642e+01  -64.92252  -64.31992 344.847639      99.93 6.7695e+02    753.042      18074          1  0.000e+00
     19.980     19.784    -0.1923  28.063787    -0.1924  28.062130     7.9089     7.9623     1.1937    89.0777 3.7642e+01  -64.92252  -64.31992 344.847640      99.95 6.7695e+02    753.083      18075          1  0.000e+00
     20.008     19.811    -0.1921  28.063556    -0.1926  28.061904     7.9175     7.9618     1.1937    89.1034 3.7642e+01  -64.92252  -64.31992 344.847640      99.98 6.7695e+02    753.125      18076          1  0.000e+00
     20.008     19.811    -0.1919  28.063037    -0.1922  28.061792     7.9056     7.9612     1.1937    89.0777 3.7642e+01  -64.92252  -64.31992 344.847641      99.98 6.7695e+02    753.167      18077          1  0.000e+00
     20.028     19.831    -0.1914  28.063210    -0.1923  28.061623     7.9094     7.9607     1.1937    89.0777 3.7642e+01  -64.92252  -64.31992 344.847641      99.98 6.7695e+02    753.208      18078          1  0.000e+00
     20.008     19.811    -0.1913  28.063787    -0.1926  28.061904     7.8959     7.9655     1.1937    89.0777 3.7642e+01  -64.92252  -64.31992 344.847642      99.98 6.7695e+02    753.250      18079          1  0.000e+00
     20.008     19.811    -0.1914  28.064594    -0.1926  28.061904     7.9027     7.9656     1.1937    89.0777 3.7642e+01  -64.92252  -64.31992 344.847642      99.98 6.7695e+02    753.292      18080          1  0.000e+00
     20.028     19.831    -0.1915  28.064364    -0.1929  28.061003     7.8962     7.9658     1.1937    89.0777 3.7642e+01  -64.92252  -64.31992 344.847643      99.95 6.7695e+02    753.333      18081          1  0.000e+00
     19.960     19.763    -0.1918  28.064594    -0.1928  28.060834     7.8997     7.9603     1.1937    89.0777 3.7642e+01  -64.92252  -64.31992 344.847643      99.95 6.7695e+02    753.375      18082          1  0.000e+00
     20.062     19.865    -0.1913  28.064075    -0.1926  28.061116     7.9072     7.9649     1.1937    89.0777 3.7642e+01  -64.92252  -64.31992 344.847644      99.98 6.7695e+02    753.417      18083          1  0.000e+00
     20.028     19.831    -0.1911  28.064018    -0.1925  28.060834     7.9031     7.9648     1.1937    89.0777 3.7749e+01  -64.92252  -64.31992 344.847644      99.98 6.7695e+02    753.458      18084          1  0.000e+00
     20.008     19.811    -0.1902  28.064883    -0.1926  28.061228     7.8987     7.9592     1.1937    89.0777 3.7749e+01  -64.92252  -64.31992 344.847645      99.98 6.7695e+02    753.500      18085          1  0.000e+00
     20.008     19.811    -0.1899  28.065690    -0.1926  28.061116     7.9034     7.9644     1.1937    89.0777 3.7749e+01  -64.92252  -64.31992 344.847645      99.95 6.7695e+02    753.542      18086          1  0.000e+00
     20.028     19.831    -0.1899  28.066209    -0.1926  28.061116     7.9094     7.9642     1.1937    89.0777 3.7749e+01  -64.92252  -64.31992 344.847646      99.95 6.7695e+02    753.583      18087          1  0.000e+00
     20.008     19.811    -0.1905  28.065690    -0.1928  28.060834     7.8981     7.9648     1.1937    89.0777 3.7749e+01  -64.92252  -64.31992 344.847646      99.98 6.7695e+02    753.625      18088          1  0.000e+00
     20.028     19.831    -0.1913  28.065114    -0.1928  28.061003     7.9029     7.9653     1.1937    89.0777 3.7749e+01  -64.92252  -64.31992 344.847647      99.98 6.7695e+02    753.667      18089          1  0.000e+00
     20.062     19.865    -0.1919  28.064595    -0.1926  28.061341     7.9031     7.9703     1.1937    89.0777 3.7749e+01  -64.92252  -64.31992 344.847647      99.98 6.7695e+02    753.708      18090          1  0.000e+00
     20.008     19.811    -0.1923  28.064537    -0.1926  28.061116     7.8974     7.9652     1.1937    89.0777 3.7858e+01  -64.92252  -64.31992 344.847648      99.98 6.7695e+02    753.750      18091          1  0.000e+00
     20.028     19.831    -0.1926  28.063787    -0.1923  28.061341     7.9006     7.9646     1.1937    89.0777 3.7749e+01  -64.92252  -64.31992 344.847648      99.98 6.7695e+02    753.792      18092          1  0.000e+00
     20.008     19.811    -0.1928  28.063268    -0.1931  28.061228     7.9005     7.9704     1.1937    89.0777 3.7749e+01  -64.92252  -64.31992 344.847649      99.95 6.7695e+02    753.833      18093          1  0.000e+00
     20.062     19.865    -0.1927  28.063268    -0.1931  28.060834     7.9004     7.9661     1.1351    89.0777 3.7858e+01  -64.92252  -64.31992 344.847649      99.95 6.7695e+02    753.875      18094          1  0.000e+00
     20.083     19.885    -0.1931  28.062749    -0.1929  28.061116     7.8989     7.9662     1.0692    89.0777 3.7858e+01  -64.92252  -64.31992 344.847649      99.95 6.7695e+02    753.917      18095          1  0.000e+00
     20.008     19.811    -0.1929  28.062460    -0.1928  28.060834     7.8985     7.9662     1.0545    89.0777 3.7858e+01  -64.92252  -64.31992 344.847650      99.98 6.7695e+02    753.958      18096          1  0.000e+00
     20.008     19.811    -0.1931  28.062114    -0.1926  28.060834     7.8925     7.9662     1.0545    89.0519 3.7858e+01  -64.92252  -64.31992 344.847650      99.98 6.7695e+02    754.000      18097          1  0.000e+00
     20.028     19.831    -0.1931  28.062230    -0.1928  28.060721     7.9022     7.9663     1.0619    88.9747 3.7858e+01  -64.92252  -64.31992 344.847651      99.95 6.7695e+02    754.042      18098          1  0.000e+00
     20.062     19.865    -0.1929  28.062460    -0.1920  28.061116     7.8959     7.9662     1.0619    88.9489 3.7858e+01  -64.92252  -64.31992 344.847651      99.95 6.7695e+02    754.083      18099          1  0.000e+00
     20.384     20.183    -0.1895  28.067018    -0.1894  28.065736     7.9206     7.9888     1.3183    88.6657 3.5041e+01  -64.92252  -64.31990 344.847720      99.98 6.7518e+02    760.000      18241          2  0.000e+00
     20.466     20.265    -0.1896  28.067018    -0.1894  28.065342     7.9159     7.9893     1.3183    88.6657 3.5041e+01  -64.92252  -64.31990 344.847720      99.93 6.7518e+02    760.042      18242          2  0.000e+00
     20.418     20.217    -0.1895  28.066903    -0.1897  28.065567     7.9213     7.9888     1.3183    88.6657 3.5041e+01  -64.92252  -64.31990 344.847721      99.95 6.7518e+02    760.083      18243          2  0.000e+00
     20.384     20.183    -0.1896  28.066730    -0.1897  28.065342     7.9209     7.9882     1.3183    88.6657 3.5041e+01  -64.92252  -64.31990 344.847721      99.98 6.7342e+02    760.125      18244          2  0.000e+00
     20.418     20.217    -0.1897  28.067249    -0.1896  28.064948     7.9218     7.9876     1.3183    88.6657 3.4941e+01  -64.92252  -64.31990 344.847722      99.98 6.7518e+02    760.167      18245          2  0.000e+00
     20.418     20.217    -0.1898  28.067018    -0.1895  28.065567     7.9157     7.9824     1.3183    88.6657 3.4941e+01  -64.92252  -64.31990 344.847722      99.98 6.7342e+02    760.208      18246          2  0.000e+00
     20.384     20.183    -0.1896  28.067249    -0.1896  28.065567     7.9196     7.9817     1.3183    88.6657 3.5041e+01  -64.92252  -64.31990 344.847723      99.98 6.7342e+02    760.250      18247          2  0.000e+00
     20.364     20.163    -0.1895  28.067249    -0.1894  28.065567     7.9177     7.9864     1.3183    88.6657 3.4941e+01  -64.92252  -64.31990 344.847723      99.98 6.7342e+02    760.292      18248          2  0.000e+00
     20.364     20.163    -0.1898  28.067018    -0.1896  28.065455     7.9114     7.9865     1.3183    88.6657 3.5041e+01  -64.92252  -64.31990 344.847724      99.95 6.7342e+02    760.333      18249          2  0.000e+00
     20.439     20.238    -0.1897  28.066384    -0.1894  28.065567     7.9096     7.9867     1.3183    88.6399 3.4941e+01  -64.92252  -64.31990 344.847724      99.95 6.7342e+02    760.375      18250          2  0.000e+00
     20.364     20.163    -0.1896  28.067018    -0.1897  28.065342     7.9075     7.9867     1.3183    88.6657 3.4941e+01  -64.92252  -64.31990 344.847725      99.98 6.7342e+02    760.417      18251          2  0.000e+00
     20.364     20.163    -0.1894  28.067249    -0.1897  28.065342     7.9056     7.9868     1.2890    88.6657 3.5041e+01  -64.92252  -64.31990 344.847725      99.98 6.7342e+02    760.458      18252          2  0.000e+00
     20.439     20.238    -0.1895  28.067018    -0.1897  28.065455     7.9038     7.9868     1.2670    88.6657 3.5041e+01  -64.92252  -64.31990 344.847726      99.98 6.7342e+02    760.500      18253          2  0.000e+00
     20.364     20.163    -0.1896  28.067249    -0.1898  28.065060     7.9075     7.9868     1.2670    88.6657 3.4941e+01  -64.92252  -64.31990 344.847726      99.93 6.7342e+02    760.542      18254          2  0.000e+00
     20.364     20.163    -0.1897  28.067018    -0.1897  28.065060     7.8998     7.9813     1.2670    88.6657 3.5041e+01  -64.92252  -64.31990 344.847727      99.95 6.7342e+02    760.583      18255          2  0.000e+00
     20.336     20.136    -0.1896  28.066902    -0.1896  28.065342     7.8977     7.9857     1.2670    88.6657 3.5041e+01  -64.92252  -64.31990 344.847727      99.98 6.7342e+02    760.625      18256          2  0.000e+00
     20.418     20.217    -0.1894  28.066730    -0.1897  28.065173     7.8900     7.9857     1.2670    88.6657 3.5041e+01  -64.92252  -64.31990 344.847728      99.98 6.7342e+02    760.667      18257          2  0.000e+00
     20.316     20.116    -0.1895  28.067537    -0.1897  28.065060     7.8923     7.9855     1.2670    88.6657 3.5041e+01  -64.92252  -64.31990 344.847728      99.98 6.7342e+02    760.708      18258          2  0.000e+00
     20.384     20.183    -0.1898  28.067249    -0.1900  28.065342     7.8905     7.9854     1.2670    88.5112 3.5041e+01  -64.92252  -64.31990 344.847729      99.98 6.7342e+02    760.750      18259          2  0.000e+00
     20.316     20.116    -0.1897  28.067249    -0.1898  28.064778     7.8912     7.9851     1.2670    88.3567 3.5142e+01  -64.92252  -64.31990 344.847729      99.98 6.7342e+02    760.792      18260          2  0.000e+00
     20.364     20.163    -0.1896  28.066441    -0.1900  28.064948     7.8922     7.9850     1.2670    88.3052 3.5142e+01  -64.92252  -64.31990 344.847730      99.95 6.7342e+02    760.833      18261          2  0.000e+00
     20.336     20.136    -0.1899  28.066210    -0.1900  28.064778     7.8976     7.9793     1.2670    88.3310 3.5142e+01  -64.92252  -64.31990 344.847730      99.95 6.7342e+02    760.875      18262          2  0.000e+00
     20.316     20.116    -0.1899  28.065864    -0.1900  28.064553     7.8998     7.9844     1.2670    88.3310 3.5142e+01  -64.92252  -64.31990 344.847731      99.98 6.7342e+02    760.917      18263          2  0.000e+00
