NBP2113_155081_ctd/data/nbp2113_057.ros
* Sea-Bird SBE 9 Data File:
* FileName = D:\Data\raw\NBP2113_057.hex
* Software Version Seasave V 7.26.7.121
* Temperature SN = 2438
* Conductivity SN = 2067
* Number of Bytes Per Scan = 40
* Number of Voltage Words = 5
* Number of Scans Averaged by the Deck Unit = 1
* NMEA Latitude = 64 55.49 S
* NMEA Longitude = 064 36.97 W
* NMEA UTC (Time) = Dec 12 2021  00:03:38
* NMEA baud rate = 9600
** Ship: RVIB N.B. Palmer
** Cruise: NBP2113 LTER
** Station: 594.048
** Operator: S. Blackman
# nquan = 20
# nvalues = 779                                   
# units = specified
# name 0 = prDM: Pressure, Digiquartz [db]
# name 1 = depSM: Depth [salt water, m]
# name 2 = t090C: Temperature [ITS-90, deg C]
# name 3 = c0mS/cm: Conductivity [mS/cm]
# name 4 = t190C: Temperature, 2 [ITS-90, deg C]
# name 5 = c1mS/cm: Conductivity, 2 [mS/cm]
# name 6 = sbeox0ML/L: Oxygen, SBE 43 [ml/l]
# name 7 = sbeox1ML/L: Oxygen, SBE 43, 2 [ml/l]
# name 8 = flECO-AFL: Fluorescence, WET Labs ECO-AFL/FL [mg/m^3]
# name 9 = CStarTr0: Beam Transmission, WET Labs C-Star [%]
# name 10 = par: PAR/Irradiance, Biospherical/Licor
# name 11 = latitude: Latitude [deg]
# name 12 = longitude: Longitude [deg]
# name 13 = timeJ: Julian Days
# name 14 = altM: Altimeter [m]
# name 15 = spar: SPAR, Biospherical/Licor
# name 16 = timeS: Time, Elapsed [seconds]
# name 17 = scan: Scan Count
# name 18 = nbf: Bottles Fired
# name 19 = flag:  0.000e+00
# interval = seconds: 0.0416667
# start_time = Dec 12 2021 00:03:38 [NMEA time, header]
# bad_flag = -9.990e-29
*END*
[from data line 362]
     52.753     52.229    -0.0181  28.296215    -0.0169  28.294562     7.6575     7.7180     0.4025    88.9489 4.8047e-02  -64.92494  -64.61506 346.047418      99.98 1.9392e+01   3878.917      93095          8  0.000e+00
     52.739     52.216    -0.0181  28.295868    -0.0171  28.294788     7.6585     7.7183     0.4025    88.9489 4.8047e-02  -64.92494  -64.61506 346.047418      99.98 1.9392e+01   3878.958      93096          8  0.000e+00
     52.794     52.270    -0.0177  28.295926    -0.0177  28.294675     7.6583     7.7188     0.4025    88.9489 4.8047e-02  -64.92494  -64.61506 346.047419      99.98 1.9392e+01   3879.000      93097          8  0.000e+00
     52.848     52.324    -0.0179  28.296389    -0.0181  28.294280     7.6510     7.7192     0.4025    88.9489 4.8047e-02  -64.92494  -64.61506 346.047419      99.98 1.9392e+01   3879.042      93098          8  0.000e+00
     52.842     52.317    -0.0176  28.295926    -0.0181  28.294788     7.6409     7.7194     0.4025    88.9489 4.8047e-02  -64.92494  -64.61506 346.047420      99.98 1.9392e+01   3879.083      93099          8  0.000e+00
     52.842     52.317    -0.0176  28.295869    -0.0183  28.294562     7.6437     7.7142     0.4025    88.9489 4.8047e-02  -64.92494  -64.61506 346.047420      99.98 1.9392e+01   3879.125      93100          8  0.000e+00
     52.848     52.324    -0.0176  28.296447    -0.0183  28.294562     7.6422     7.7189     0.4099    88.9489 4.8047e-02  -64.92494  -64.61506 346.047421      99.98 1.9392e+01   3879.167      93101          8  0.000e+00
     52.896     52.371    -0.0174  28.296100    -0.0180  28.294280     7.6451     7.7191     0.4099    88.9489 4.8047e-02  -64.92494  -64.61506 346.047421      99.98 1.9392e+01   3879.208      93102          8  0.000e+00
     52.896     52.371    -0.0174  28.296216    -0.0177  28.294562     7.6405     7.7191     0.4099    88.9232 4.8047e-02  -64.92494  -64.61506 346.047422      99.95 1.9392e+01   3879.250      93103          8  0.000e+00
     52.951     52.426    -0.0171  28.296100    -0.0174  28.294280     7.6448     7.7138     0.4099    88.9489 4.8047e-02  -64.92494  -64.61506 346.047422      99.93 1.9392e+01   3879.292      93104          8  0.000e+00
     52.944     52.419    -0.0166  28.296216    -0.0171  28.294788     7.6446     7.7129     0.4099    88.9747 4.8047e-02  -64.92494  -64.61506 346.047423      99.98 1.9392e+01   3879.333      93105          8  0.000e+00
     52.944     52.419    -0.0160  28.296389    -0.0168  28.294562     7.6444     7.7175     0.4099    88.9489 4.8047e-02  -64.92494  -64.61506 346.047423      99.98 1.9392e+01   3879.375      93106          8  0.000e+00
     53.006     52.480    -0.0160  28.296447    -0.0171  28.295071     7.6471     7.7176     0.4099    88.9489 4.8047e-02  -64.92494  -64.61506 346.047424      99.98 1.9392e+01   3879.417      93107          8  0.000e+00
     52.992     52.466    -0.0158  28.296390    -0.0168  28.294788     7.6555     7.7176     0.4099    88.9489 4.8047e-02  -64.92494  -64.61506 346.047424      99.98 1.9392e+01   3879.458      93108          8  0.000e+00
     53.006     52.480    -0.0157  28.296737    -0.0165  28.294393     7.6582     7.7176     0.4099    88.9489 4.8047e-02  -64.92494  -64.61506 346.047425      99.98 1.9392e+01   3879.500      93109          8  0.000e+00
     53.047     52.521    -0.0157  28.296621    -0.0161  28.295354     7.6552     7.7174     0.4099    88.9489 4.8047e-02  -64.92494  -64.61506 346.047425      99.98 1.9392e+01   3879.542      93110          8  0.000e+00
     53.047     52.521    -0.0155  28.296447    -0.0157  28.294788     7.6510     7.7181     0.4099    88.9489 4.8047e-02  -64.92494  -64.61506 346.047426      99.95 1.9392e+01   3879.583      93111          8  0.000e+00
     53.054     52.527    -0.0154  28.296621    -0.0157  28.294788     7.6556     7.7180     0.4099    88.9489 4.8047e-02  -64.92494  -64.61506 346.047426      99.95 1.9392e+01   3879.625      93112          8  0.000e+00
     53.095     52.568    -0.0155  28.296448    -0.0158  28.295071     7.6488     7.7179     0.4099    88.9489 4.8047e-02  -64.92494  -64.61506 346.047427      99.98 1.9392e+01   3879.667      93113          8  0.000e+00
     53.095     52.568    -0.0155  28.296621    -0.0155  28.294789     7.6463     7.7177     0.4099    88.9489 4.8047e-02  -64.92494  -64.61506 346.047427      99.98 1.9392e+01   3879.708      93114          8  0.000e+00
     53.102     52.575    -0.0157  28.296737    -0.0157  28.295071     7.6382     7.7175     0.4099    88.9489 4.8047e-02  -64.92494  -64.61506 346.047428      99.95 1.9392e+01   3879.750      93115          8  0.000e+00
     53.150     52.622    -0.0155  28.296621    -0.0155  28.294789     7.6416     7.7173     0.4099    88.9489 4.8047e-02  -64.92494  -64.61506 346.047428      99.93 1.9392e+01   3879.792      93116          8  0.000e+00
     53.157     52.629    -0.0155  28.296448    -0.0158  28.295071     7.6406     7.7171     0.4099    88.9489 4.8047e-02  -64.92494  -64.61506 346.047429      99.95 1.9392e+01   3879.833      93117          8  0.000e+00
     53.095     52.568    -0.0155  28.296911    -0.0156  28.294789     7.6396     7.7167     0.4099    88.9489 4.8047e-02  -64.92494  -64.61506 346.047429      99.98 1.9392e+01   3879.875      93118          8  0.000e+00
     53.198     52.670    -0.0155  28.296737    -0.0154  28.295071     7.6402     7.7173     0.4099    88.9489 4.8047e-02  -64.92494  -64.61506 346.047430      99.98 1.9392e+01   3879.917      93119          8  0.000e+00
     53.157     52.629    -0.0152  28.296390    -0.0155  28.295071     7.6451     7.7178     0.4099    88.9489 4.6033e-02  -64.92494  -64.61506 346.047430      99.98 1.9392e+01   3879.958      93120          8  0.000e+00
     53.246     52.717    -0.0154  28.296448    -0.0155  28.295072     7.6400     7.7184     0.4099    88.9489 4.8047e-02  -64.92494  -64.61506 346.047431      99.98 1.9392e+01   3880.000      93121          8  0.000e+00
     53.150     52.622    -0.0154  28.296621    -0.0157  28.294902     7.6378     7.7180     0.4099    88.9489 4.8047e-02  -64.92494  -64.61506 346.047431      99.98 1.9392e+01   3880.042      93122          8  0.000e+00
     53.205     52.677    -0.0151  28.296737    -0.0158  28.294789     7.6486     7.7186     0.4099    88.9489 4.8047e-02  -64.92494  -64.61506 346.047432      99.95 1.9392e+01   3880.083      93123          8  0.000e+00
     53.246     52.717    -0.0151  28.296390    -0.0157  28.295354     7.6505     7.7127     0.4099    88.9489 4.8047e-02  -64.92494  -64.61506 346.047432      99.95 1.9392e+01   3880.125      93124          8  0.000e+00
     15.225     15.075    -0.4315  27.731289    -0.4094  27.769296     7.9393     7.9434     1.7139    84.3397 1.9891e+00  -64.92492  -64.61502 346.048732      99.98 1.7629e+01   3992.417      95819          9  0.000e+00
     15.163     15.014    -0.4287  27.737607    -0.4150  27.767108     7.9392     7.9445     1.7139    84.3397 1.9891e+00  -64.92492  -64.61502 346.048732      99.98 1.7629e+01   3992.458      95820          9  0.000e+00
     15.225     15.075    -0.4259  27.739444    -0.4166  27.759308     7.9324     7.9502     1.7139    84.3397 1.9891e+00  -64.92492  -64.61502 346.048733      99.98 1.7629e+01   3992.500      95821          9  0.000e+00
     15.211     15.062    -0.4228  27.743924    -0.4164  27.754090     7.9241     7.9454     1.7139    84.3397 1.9817e+00  -64.92492  -64.61502 346.048733      99.98 1.7629e+01   3992.542      95822          9  0.000e+00
     15.225     15.075    -0.4201  27.747600    -0.4156  27.754875     7.9320     7.9449     1.7139    84.3397 1.9891e+00  -64.92492  -64.61502 346.048734      99.95 1.7629e+01   3992.583      95823          9  0.000e+00
     15.266     15.116    -0.4188  27.750243    -0.4148  27.755941     7.9256     7.9446     1.7139    84.3397 1.9817e+00  -64.92492  -64.61502 346.048734      99.95 1.7629e+01   3992.625      95824          9  0.000e+00
     15.225     15.075    -0.4176  27.751047    -0.4142  27.756446     7.9237     7.9445     1.7139    84.3397 1.9817e+00  -64.92492  -64.61502 346.048735      99.98 1.7629e+01   3992.667      95825          9  0.000e+00
     15.314     15.163    -0.4171  27.752598    -0.4140  27.757176     7.9236     7.9448     1.7139    84.3397 1.9817e+00  -64.92492  -64.61502 346.048735      99.98 1.7629e+01   3992.708      95826          9  0.000e+00
     15.225     15.075    -0.4159  27.753919    -0.4136  27.757512     7.9218     7.9452     1.7139    84.3397 1.9817e+00  -64.92492  -64.61502 346.048736      99.95 1.7629e+01   3992.750      95827          9  0.000e+00
     15.328     15.177    -0.4158  27.754953    -0.4130  27.757961     7.9148     7.9459     1.7139    84.3397 1.9817e+00  -64.92492  -64.61502 346.048736      99.95 1.7629e+01   3992.792      95828          9  0.000e+00
     15.266     15.116    -0.4167  27.756792    -0.4126  27.758298     7.9064     7.9467     1.7139    84.3397 1.9817e+00  -64.92492  -64.61502 346.048736      99.95 1.7629e+01   3992.833      95829          9  0.000e+00
     15.328     15.177    -0.4152  27.755758    -0.4124  27.759589     7.9098     7.9478     1.7139    84.3397 1.9742e+00  -64.92492  -64.61502 346.048737      99.98 1.7629e+01   3992.875      95830          9  0.000e+00
     15.314     15.163    -0.4133  27.756045    -0.4134  27.759532     7.9029     7.9493     1.7139    84.3397 1.9817e+00  -64.92492  -64.61502 346.048737      99.98 1.7629e+01   3992.917      95831          9  0.000e+00
     15.328     15.177    -0.4113  27.757883    -0.4139  27.759084     7.8991     7.9447     1.7139    84.3397 1.9742e+00  -64.92492  -64.61502 346.048738      99.98 1.7629e+01   3992.958      95832          9  0.000e+00
     15.362     15.211    -0.4119  27.759434    -0.4141  27.758298     7.8902     7.9504     1.7139    84.2883 1.9742e+00  -64.92492  -64.61502 346.048738      99.98 1.7629e+01   3993.000      95833          9  0.000e+00
     15.328     15.177    -0.4123  27.759721    -0.4138  27.757176     7.8990     7.9515     1.7139    84.2625 1.9742e+00  -64.92492  -64.61502 346.048739      99.98 1.7629e+01   3993.042      95834          9  0.000e+00
     15.362     15.211    -0.4117  27.758687    -0.4135  27.757737     7.8932     7.9527     1.7139    84.2625 1.9742e+00  -64.92492  -64.61502 346.048739      99.95 1.7629e+01   3993.083      95835          9  0.000e+00
     15.382     15.231    -0.4120  27.758917    -0.4130  27.758242     7.8907     7.9541     1.7139    84.2625 1.9668e+00  -64.92492  -64.61502 346.048740      99.95 1.7629e+01   3993.125      95836          9  0.000e+00
     15.417     15.265    -0.4120  27.759205    -0.4130  27.758803     7.8840     7.9548     1.6846    84.2883 1.9668e+00  -64.92492  -64.61502 346.048740      99.98 1.7629e+01   3993.167      95837          9  0.000e+00
     15.382     15.231    -0.4113  27.758917    -0.4129  27.758523     7.8877     7.9557     1.6773    84.2625 1.9668e+00  -64.92492  -64.61502 346.048741      99.98 1.7629e+01   3993.208      95838          9  0.000e+00
     15.417     15.265    -0.4109  27.758400    -0.4129  27.758747     7.8872     7.9576     1.6773    84.2625 1.9594e+00  -64.92492  -64.61502 346.048741      99.95 1.7629e+01   3993.250      95839          9  0.000e+00
     15.430     15.279    -0.4101  27.759434    -0.4116  27.758803     7.8796     7.9595     1.6773    84.2625 1.9594e+00  -64.92492  -64.61502 346.048742      99.93 1.7629e+01   3993.292      95840          9  0.000e+00
     15.417     15.265    -0.4103  27.760239    -0.4126  27.758803     7.8782     7.9619     1.6773    84.2883 1.9520e+00  -64.92492  -64.61502 346.048742      99.95 1.7629e+01   3993.333      95841          9  0.000e+00
     15.478     15.326    -0.4103  27.760756    -0.4133  27.759308     7.8772     7.9637     1.6773    84.2625 1.9447e+00  -64.92492  -64.61502 346.048743      99.98 1.7629e+01   3993.375      95842          9  0.000e+00
     15.478     15.326    -0.4100  27.761273    -0.4133  27.758018     7.8763     7.9655     1.6773    84.2625 1.9447e+00  -64.92492  -64.61502 346.048743      99.98 1.7629e+01   3993.417      95843          9  0.000e+00
     15.464     15.312    -0.4097  27.762364    -0.4129  27.757457     7.8757     7.9673     1.6773    84.2625 1.9447e+00  -64.92492  -64.61502 346.048744      99.98 1.7629e+01   3993.458      95844          9  0.000e+00
     15.478     15.326    -0.4101  27.763169    -0.4121  27.758523     7.8813     7.9690     1.6773    84.2625 1.9373e+00  -64.92492  -64.61502 346.048744      99.98 1.7629e+01   3993.500      95845          9  0.000e+00
     15.519     15.367    -0.4095  27.763169    -0.4116  27.758803     7.8768     7.9702     1.6773    84.2625 1.9300e+00  -64.92492  -64.61502 346.048745      99.98 1.7629e+01   3993.542      95846          9  0.000e+00
     15.533     15.380    -0.4084  27.762594    -0.4106  27.758747     7.8769     7.9714     1.6773    84.2625 1.9300e+00  -64.92492  -64.61502 346.048745      99.93 1.7629e+01   3993.583      95847          9  0.000e+00
     15.519     15.367    -0.4083  27.763686    -0.4092  27.760374     7.8759     7.9725     1.6773    84.2625 1.9227e+00  -64.92492  -64.61502 346.048746      99.93 1.7629e+01   3993.625      95848          9  0.000e+00
     15.533     15.380    -0.4075  27.765007    -0.4085  27.761440     7.8823     7.9738     1.6773    84.2883 1.9154e+00  -64.92492  -64.61502 346.048746      99.98 1.7629e+01   3993.667      95849          9  0.000e+00
     15.615     15.462    -0.4057  27.765525    -0.4075  27.762394     7.8786     7.9754     1.6773    84.2883 1.9154e+00  -64.92492  -64.61502 346.048747      99.98 1.7629e+01   3993.708      95850          9  0.000e+00
     15.533     15.380    -0.4037  27.767593    -0.4075  27.764583     7.8779     7.9760     1.6773    84.2883 1.9082e+00  -64.92492  -64.61502 346.048747      99.95 1.7629e+01   3993.750      95851          9  0.000e+00
     15.567     15.414    -0.4021  27.770523    -0.4089  27.766603     7.8717     7.9771     1.6773    84.2625 1.9009e+00  -64.92492  -64.61502 346.048748      99.93 1.7629e+01   3993.792      95852          9  0.000e+00
     15.636     15.482    -0.3997  27.772879    -0.4116  27.766379     7.8774     7.9796     1.6773    84.2110 1.9009e+00  -64.92492  -64.61502 346.048748      99.95 1.7629e+01   3993.833      95853          9  0.000e+00
     15.567     15.414    -0.3979  27.775292    -0.4137  27.763237     7.8775     7.9813     1.6773    84.1853 1.8937e+00  -64.92492  -64.61502 346.048749      99.98 1.7629e+01   3993.875      95854          9  0.000e+00
     15.684     15.529    -0.3966  27.777131    -0.4156  27.759534     7.8768     7.9833     1.6773    84.1595 1.8865e+00  -64.92492  -64.61502 346.048749      99.98 1.7629e+01   3993.917      95855          9  0.000e+00
     15.567     15.414    -0.3994  27.778453    -0.4170  27.755157     7.8723     7.9850     1.6773    84.1853 1.8794e+00  -64.92492  -64.61502 346.048750      99.98 1.7629e+01   3993.958      95856          9  0.000e+00
     15.684     15.529    -0.4016  27.778166    -0.4194  27.753025     7.8772     7.9871     1.6773    84.1853 1.8794e+00  -64.92492  -64.61502 346.048750      99.98 1.7629e+01   3994.000      95857          9  0.000e+00
     15.670     15.516    -0.4015  27.774718    -0.4216  27.751735     7.8718     7.9881     1.6699    84.1853 1.8794e+00  -64.92492  -64.61502 346.048750      99.98 1.7629e+01   3994.042      95858          9  0.000e+00
     15.636     15.482    -0.4033  27.773684    -0.4342  27.747023     7.8712     7.9977     1.6773    84.1853 1.8722e+00  -64.92492  -64.61502 346.048751      99.95 1.7629e+01   3994.083      95859          9  0.000e+00
     15.670     15.516    -0.4060  27.772650    -0.4536  27.740237     7.8666     7.9979     1.6773    84.1853 1.8722e+00  -64.92492  -64.61502 346.048751      99.95 1.7629e+01   3994.125      95860          9  0.000e+00
