NBP2113_155081_ctd/data/nbp2113_020.cnv
* Sea-Bird SBE 9 Data File:
* FileName = D:\Data\raw\NBP2113_020.hex
* Software Version Seasave V 7.26.7.121
* Temperature SN = 2438
* Conductivity SN = 2067
* Number of Bytes Per Scan = 40
* Number of Voltage Words = 5
* Number of Scans Averaged by the Deck Unit = 1
* NMEA Latitude = 66 30.70 S
* NMEA Longitude = 069 51.30 W
* NMEA UTC (Time) = Nov 29 2021  16:09:08
* NMEA baud rate = 9600
** Ship: RVIB N.B. Palmer
** Cruise: NBP2113 LTER
** Station: 300.100
** Operator: S. Blackman
# nquan = 25
# nvalues = 948                         
# units = specified
# name 0 = prDM: Pressure, Digiquartz [db]
# name 1 = depSM: Depth [salt water, m]
# name 2 = t090C: Temperature [ITS-90, deg C]
# name 3 = c0mS/cm: Conductivity [mS/cm]
# name 4 = t190C: Temperature, 2 [ITS-90, deg C]
# name 5 = c1mS/cm: Conductivity, 2 [mS/cm]
# name 6 = sbeox0ML/L: Oxygen, SBE 43 [ml/l]
# name 7 = sbeox1ML/L: Oxygen, SBE 43, 2 [ml/l]
# name 8 = flECO-AFL: Fluorescence, WET Labs ECO-AFL/FL [mg/m^3]
# name 9 = CStarTr0: Beam Transmission, WET Labs C-Star [%]
# name 10 = par: PAR/Irradiance, Biospherical/Licor
# name 11 = latitude: Latitude [deg]
# name 12 = longitude: Longitude [deg]
# name 13 = timeJ: Julian Days
# name 14 = altM: Altimeter [m]
# name 15 = spar: SPAR, Biospherical/Licor
# name 16 = timeS: Time, Elapsed [seconds]
# name 17 = scan: Scan Count
# name 18 = density00: Density [density, kg/m^3]
# name 19 = density11: Density, 2 [density, kg/m^3]
# name 20 = sal00: Salinity, Practical [PSU]
# name 21 = sal11: Salinity, Practical, 2 [PSU]
# name 22 = oxsolML/L: Oxygen Saturation, Garcia & Gordon [ml/l]
# name 23 = nbin: number of scans per bin
# name 24 = flag: flag
# span 0 =      1.000,    476.000       
# span 1 =      0.990,    470.742       
# span 2 =    -1.0407,     1.4954       
# span 3 =  27.504245,  30.242663       
# span 4 =    -1.0402,     1.4954       
# span 5 =  27.503563,  30.241760       
# span 6 =     3.9224,     8.4328       
# span 7 =     3.9930,     8.2315       
# span 8 =    -0.0225,     1.6450       
# span 9 =    91.9205,    97.4978       
# span 10 = 1.0000e-12, 9.9330e+02      
# span 11 =  -66.51185,  -66.51094      
# span 12 =  -69.86315,  -69.85710      
# span 13 = 333.676603, 333.693074      
# span 14 =       1.10,     102.80      
# span 15 = 9.8898e+02, 1.1092e+03      
# span 16 =    310.468,   1733.613      
# span 17 =       7452,      41608      
# span 18 =  1027.3458,  1030.0451      
# span 19 =  1027.3447,  1030.0443      
# span 20 =    34.0127,    34.7264      
# span 21 =    34.0098,    34.7255      
# span 22 =    7.72397,    8.28673      
# span 23 =         11,         49      
# span 24 = 0.0000e+00, 0.0000e+00      
# interval = decibars: 1                
# start_time = Nov 29 2021 16:09:08 [NMEA time, header]
# bad_flag = -9.990e-29
*END*
[from data line 754]
    194.000    191.988     1.4399  30.102044     1.4412  30.103128     3.9375     4.0112     0.0028    97.3659 1.0000e-12  -66.51106  -69.86206 333.690130      99.97 1.0806e+03   1479.267      35503  1028.6502  1028.6500    34.6518    34.6517    7.73758         16 0.0000e+00
    193.000    190.998     1.4394  30.101093     1.4394  30.100626     3.9464     4.0096     0.0011    97.3435 1.0000e-12  -66.51106  -69.86206 333.690139      99.98 1.0806e+03   1479.995      35521  1028.6453  1028.6449    34.6517    34.6511    7.73768         19 0.0000e+00
    192.000    190.008     1.4381  30.099386     1.4414  30.102667     3.9491     4.0076    -0.0063    97.3695 1.0000e-12  -66.51106  -69.86206 333.690149      99.98 1.0806e+03   1480.874      35542  1028.6406  1028.6407    34.6515    34.6520    7.73794         24 0.0000e+00
    191.000    189.021     1.4408  30.101888     1.4393  30.099851     3.9508     3.9990     0.0010    97.3635 1.0000e-12  -66.51106  -69.86206 333.690162      99.98 1.0806e+03   1482.005      35569  1028.6363  1028.6357    34.6524    34.6514    7.73737         31 0.0000e+00
    190.000    188.032     1.4396  30.100132     1.4317  30.092371     3.9488     4.0003    -0.0021    97.3671 1.0000e-12  -66.51106  -69.86206 333.690179      99.98 1.0791e+03   1483.495      35605  1028.6314  1028.6313    34.6520    34.6508    7.73762         41 0.0000e+00
    189.000    187.042     1.4300  30.089614     1.4200  30.078917     3.9348     3.9985    -0.0010    97.3691 1.0000e-12  -66.51106  -69.86206 333.690209      99.97 1.0814e+03   1486.094      35667  1028.6259  1028.6248    34.6498    34.6472    7.73963         38 0.0000e+00
    188.000    186.053     1.4107  30.070230     1.4124  30.071268     3.9288     3.9962    -0.0021    97.3626 1.0000e-12  -66.51106  -69.86206 333.690230      99.98 1.0824e+03   1487.899      35711  1028.6209  1028.6201    34.6470    34.6464    7.74357         31 0.0000e+00
    187.000    185.062     1.3917  30.050329     1.3953  30.053364     3.9355     3.9946    -0.0066    97.3636 1.0000e-12  -66.51106  -69.86206 333.690244      99.98 1.0794e+03   1489.087      35739  1028.6149  1028.6144    34.6432    34.6431    7.74751         28 0.0000e+00
    186.000    184.075     1.3882  30.046480     1.3891  30.047067     3.9459     3.9963    -0.0007    97.3533 1.0000e-12  -66.51106  -69.86208 333.690259      99.98 1.0792e+03   1490.411      35771  1028.6100  1028.6096    34.6428    34.6425    7.74823         31 0.0000e+00
    185.000    183.086     1.3879  30.045713     1.3874  30.044565     3.9441     4.0030     0.0089    97.3709 1.0000e-12  -66.51106  -69.86209 333.690273      99.98 1.0807e+03   1491.584      35799  1028.6051  1028.6044    34.6427    34.6418    7.74829         23 0.0000e+00
    184.000    182.097     1.3908  30.048232     1.3906  30.047375     3.9516     4.0054     0.0023    97.3616 1.0000e-12  -66.51106  -69.86210 333.690283      99.98 1.0806e+03   1492.426      35819  1028.6005  1028.5997    34.6433    34.6423    7.74769         18 0.0000e+00
    183.000    181.107     1.4144  30.069691     1.3995  30.055073     3.9606     4.0069    -0.0068    97.3494 1.0000e-12  -66.51104  -69.86210 333.690291      99.98 1.0806e+03   1493.122      35836  1028.5948  1028.5945    34.6452    34.6429    7.74295         17 0.0000e+00
    182.000    180.117     1.4328  30.085831     1.4166  30.070816     3.9642     4.0081    -0.0072    97.3201 1.0000e-12  -66.51104  -69.86210 333.690299      99.97 1.0806e+03   1493.792      35852  1028.5889  1028.5894    34.6460    34.6447    7.73929         16 0.0000e+00
    181.000    179.129     1.4373  30.089610     1.4247  30.077277     3.9556     4.0114    -0.0105    97.3176 1.0000e-12  -66.51104  -69.86210 333.690307      99.98 1.0806e+03   1494.533      35870  1028.5841  1028.5839    34.6464    34.6446    7.73838         20 0.0000e+00
    180.000    178.139     1.4269  30.079524     1.4254  30.077730     3.9527     4.0112    -0.0111    97.3658 1.0000e-12  -66.51104  -69.86212 333.690319      99.98 1.0806e+03   1495.553      35894  1028.5799  1028.5794    34.6456    34.6450    7.74046         30 0.0000e+00
    179.000    177.150     1.4259  30.077986     1.4276  30.079302     3.9490     4.0078     0.0021    97.3692 1.0000e-12  -66.51104  -69.86211 333.690340      99.98 1.0826e+03   1497.402      35939  1028.5752  1028.5747    34.6454    34.6452    7.74068         41 0.0000e+00
    178.000    176.160     1.4254  30.076833     1.4265  30.077369     3.9493     4.0082    -0.0094    97.3691 1.0000e-12  -66.51104  -69.86210 333.690361      99.97 1.0841e+03   1499.175      35981  1028.5703  1028.5696    34.6451    34.6444    7.74079         31 0.0000e+00
    177.000    175.171     1.4229  30.072953     1.4211  30.070730     3.9518     4.0062    -0.0077    97.3625 1.0000e-12  -66.51106  -69.86210 333.690374      99.98 1.0824e+03   1500.322      36009  1028.5645  1028.5639    34.6434    34.6425    7.74136         27 0.0000e+00
    176.000    174.183     1.3992  30.048693     1.4013  30.050240     3.9520     4.0066    -0.0011    97.3564 1.0000e-12  -66.51106  -69.86210 333.690388      99.97 1.0823e+03   1501.486      36037  1028.5589  1028.5583    34.6392    34.6389    7.74625         30 0.0000e+00
    175.000    173.193     1.4054  30.053418     1.3984  30.047088     3.9542     4.0160    -0.0006    97.3632 1.0000e-12  -66.51106  -69.86211 333.690404      99.98 1.0808e+03   1502.872      36070  1028.5532  1028.5537    34.6389    34.6387    7.74504         35 0.0000e+00
    174.000    172.206     1.3961  30.044235     1.3963  30.043515     3.9588     4.0189    -0.0067    97.3518 1.0000e-12  -66.51104  -69.86212 333.690419      99.97 1.0806e+03   1504.238      36103  1028.5487  1028.5478    34.6381    34.6370    7.74692         27 0.0000e+00
    173.000    171.213     1.3980  30.045358     1.3990  30.045087     3.9660     4.0216    -0.0068    97.3695 1.0000e-12  -66.51104  -69.86214 333.690432      99.98 1.0820e+03   1505.337      36129  1028.5437  1028.5424    34.6381    34.6367    7.74655         24 0.0000e+00
    172.000    170.226     1.3988  30.043887     1.3989  30.043364     3.9626     4.0202    -0.0073    97.3691 1.0000e-12  -66.51104  -69.86216 333.690442      99.98 1.0836e+03   1506.224      36150  1028.5371  1028.5364    34.6358    34.6351    7.74650         19 0.0000e+00
    171.000    169.235     1.3950  30.038698     1.3963  30.039918     3.9623     4.0224     0.0008    97.3691 1.0000e-12  -66.51104  -69.86216 333.690451      99.98 1.0842e+03   1507.002      36169  1028.5313  1028.5312    34.6340    34.6341    7.74736         19 0.0000e+00
    170.000    168.246     1.3926  30.036342     1.3966  30.040217     3.9715     4.0218     0.0015    97.3691 1.0000e-12  -66.51104  -69.86216 333.690461      99.98 1.0842e+03   1507.851      36189  1028.5269  1028.5269    34.6342    34.6348    7.74781         23 0.0000e+00
    169.000    167.259     1.3950  30.038528     1.3939  30.037000     3.9759     4.0256    -0.0034    97.3593 1.0000e-12  -66.51104  -69.86216 333.690478      99.98 1.0859e+03   1509.316      36225  1028.5225  1028.5220    34.6350    34.6342    7.74731         35 0.0000e+00
    168.000    166.269     1.3962  30.039266     1.3923  30.032446     3.9592     4.0276    -0.0049    97.3646 1.0000e-12  -66.51104  -69.86216 333.690506      99.98 1.0859e+03   1511.759      36283  1028.5178  1028.5146    34.6352    34.6308    7.74706         33 0.0000e+00
    167.000    165.278     1.3925  30.033919     1.3920  30.032248     3.9639     4.0242     0.0015    97.3693 3.7006e-04  -66.51104  -69.86216 333.690519      99.98 1.0859e+03   1512.829      36309  1028.5117  1028.5104    34.6331    34.6314    7.74790         21 0.0000e+00
    166.000    164.290     1.3590  29.996235     1.3719  30.009176     3.9722     4.0276     0.0125    97.3691 1.5425e-03  -66.51104  -69.86216 333.690528      99.98 1.0859e+03   1513.650      36329  1028.5019  1028.5025    34.6225    34.6248    7.75507         20 0.0000e+00
    165.000    163.300     1.3347  29.971356     1.3407  29.976579     3.9773     4.0332    -0.0021    97.3611 4.0041e-03  -66.51104  -69.86216 333.690538      99.98 1.0853e+03   1514.447      36348  1028.4961  1028.4955    34.6182    34.6182    7.76010         19 0.0000e+00
    164.000    162.311     1.3118  29.947822     1.3287  29.965063     3.9785     4.0309    -0.0037    97.3667 6.2971e-03  -66.51104  -69.86216 333.690547      99.98 1.0842e+03   1515.301      36368  1028.4902  1028.4912    34.6140    34.6174    7.76484         22 0.0000e+00
    163.000    161.320     1.3128  29.948595     1.3135  29.948377     3.9785     4.0358    -0.0011    97.3438 9.5190e-03  -66.51104  -69.86218 333.690558      99.98 1.0842e+03   1516.232      36391  1028.4854  1028.4846    34.6144    34.6135    7.76462         23 0.0000e+00
    162.000    160.332     1.3080  29.943022     1.3080  29.942605     3.9887     4.0401    -0.0070    97.3433 1.2029e-02  -66.51104  -69.86218 333.690570      99.98 1.0842e+03   1517.254      36415  1028.4800  1028.4796    34.6132    34.6127    7.76563         26 0.0000e+00
    161.000    159.343     1.3190  29.953855     1.3136  29.947107     3.9818     4.0384    -0.0011    97.3433 1.5277e-02  -66.51104  -69.86218 333.690583      99.97 1.0842e+03   1518.383      36442  1028.4757  1028.4743    34.6155    34.6129    7.76334         29 0.0000e+00
    160.000    158.354     1.3199  29.954687     1.3156  29.948291     3.9762     4.0440     0.0125    97.3433 1.8285e-02  -66.51103  -69.86221 333.690599      99.98 1.0842e+03   1519.787      36476  1028.4713  1028.4689    34.6162    34.6127    7.76313         39 0.0000e+00
    159.000    157.364     1.3077  29.940474     1.2969  29.928628     3.9905     4.0484    -0.0030    97.3433 2.1403e-02  -66.51102  -69.86222 333.690619      99.98 1.0859e+03   1521.513      36517  1028.4643  1028.4627    34.6121    34.6088    7.76576         36 0.0000e+00
    158.000    156.376     1.2964  29.928360     1.2935  29.924755     3.9965     4.0492    -0.0052    97.3433 2.3699e-02  -66.51102  -69.86222 333.690636      99.98 1.0859e+03   1522.946      36552  1028.4586  1028.4577    34.6096    34.6083    7.76812         29 0.0000e+00
    157.000    155.385     1.2928  29.923556     1.2951  29.925412     4.0077     4.0566    -0.0069    97.3433 2.5931e-02  -66.51102  -69.86222 333.690650      99.98 1.0859e+03   1524.121      36580  1028.4529  1028.4524    34.6081    34.6079    7.76892         29 0.0000e+00
    156.000    154.397     1.2924  29.921772     1.2902  29.918114     4.0092     4.0653    -0.0041    97.3433 2.8308e-02  -66.51102  -69.86222 333.690664      99.98 1.0827e+03   1525.383      36610  1028.4470  1028.4453    34.6069    34.6045    7.76907         31 0.0000e+00
    155.000    153.406     1.2877  29.914793     1.2850  29.910615     4.0082     4.0608     0.0094    97.3433 2.9974e-02  -66.51102  -69.86222 333.690679      99.98 1.0831e+03   1526.662      36641  1028.4401  1028.4384    34.6037    34.6013    7.77017         29 0.0000e+00
    154.000    152.420     1.2820  29.906650     1.2763  29.900333     4.0292     4.0723     0.0123    97.3433 3.2208e-02  -66.51102  -69.86223 333.690691      99.98 1.0841e+03   1527.697      36666  1028.4330  1028.4320    34.6002    34.5983    7.77149         22 0.0000e+00
    153.000    151.427     1.2656  29.888495     1.2757  29.899959     4.0464     4.0833     0.0065    97.3433 3.5095e-02  -66.51102  -69.86224 333.690701      99.98 1.0820e+03   1528.531      36686  1028.4261  1028.4279    34.5956    34.5992    7.77497         18 0.0000e+00
    152.000    150.438     1.2129  29.834591     1.2510  29.872571     4.0465     4.0848     0.0005    97.3433 3.9036e-02  -66.51102  -69.86224 333.690709      99.98 1.0806e+03   1529.281      36704  1028.4184  1028.4199    34.5855    34.5920    7.78598         17 0.0000e+00
    151.000    149.450     1.1821  29.803427     1.2263  29.847334     4.0457     4.0881     0.0137    97.3326 4.2505e-02  -66.51102  -69.86224 333.690718      99.98 1.0806e+03   1530.032      36722  1028.4123  1028.4139    34.5802    34.5876    7.79238         19 0.0000e+00
    150.000    148.460     1.1786  29.799902     1.1961  29.816498     4.0461     4.0862    -0.0009    97.3180 4.7305e-02  -66.51102  -69.86225 333.690728      99.98 1.0806e+03   1530.893      36742  1028.4075  1028.4075    34.5802    34.5820    7.79308         23 0.0000e+00
    149.000    147.470     1.2016  29.822256     1.2078  29.827583     4.0478     4.1016    -0.0060    97.3073 5.2866e-02  -66.51102  -69.86226 333.690742      99.97 1.0818e+03   1532.122      36772  1028.4031  1028.4027    34.5839    34.5838    7.78830         32 0.0000e+00
    148.000    146.482     1.1541  29.770561     1.1526  29.768920     4.0582     4.1141     0.0061    97.3313 5.8565e-02  -66.51100  -69.86228 333.690777      99.98 1.0846e+03   1535.130      36844  1028.3918  1028.3916    34.5707    34.5703    7.79846         26 0.0000e+00
    147.000    145.492     1.1663  29.784742     1.1648  29.781828     4.0823     4.1233     0.0114    97.3316 6.2615e-02  -66.51100  -69.86230 333.690792      99.98 1.0859e+03   1536.476      36876  1028.3897  1028.3882    34.5760    34.5739    7.79574         22 0.0000e+00
    146.000    144.503     1.1477  29.762792     1.1516  29.767127     4.0984     4.1339     0.0014    97.3192 6.5359e-02  -66.51100  -69.86230 333.690802      99.98 1.0852e+03   1537.261      36895  1028.3811  1028.3816    34.5691    34.5703    7.79983         18 0.0000e+00
    145.000    143.513     1.1231  29.737623     1.1327  29.746512     4.0980     4.1433    -0.0071    97.3176 6.8993e-02  -66.51100  -69.86230 333.690810      99.98 1.0837e+03   1538.005      36913  1028.3749  1028.3747    34.5645    34.5653    7.80497         18 0.0000e+00
    144.000    142.523     1.1013  29.715141     1.1119  29.725618     4.0997     4.1432    -0.0002    97.3176 7.2041e-02  -66.51100  -69.86230 333.690819      99.98 1.0833e+03   1538.775      36932  1028.3687  1028.3691    34.5603    34.5620    7.80954         19 0.0000e+00
    143.000    141.536     1.1026  29.714873     1.1060  29.719251     4.1193     4.1515     0.0003    97.3176 7.5777e-02  -66.51101  -69.86230 333.690829      99.98 1.0836e+03   1539.634      36952  1028.3626  1028.3639    34.5592    34.5611    7.80935         21 0.0000e+00
    142.000    140.545     1.1062  29.716315     1.1079  29.719029     4.1355     4.1614    -0.0004    97.3176 7.9223e-02  -66.51102  -69.86230 333.690840      99.98 1.0825e+03   1540.545      36974  1028.3560  1028.3572    34.5576    34.5592    7.80871         23 0.0000e+00
    141.000    139.556     1.0846  29.693293     1.1036  29.713531     4.1081     4.1669     0.0038    97.3098 8.3203e-02  -66.51102  -69.86230 333.690851      99.98 1.0823e+03   1541.535      36998  1028.3490  1028.3513    34.5525    34.5574    7.81330         24 0.0000e+00
    140.000    138.565     1.0818  29.691698     1.0707  29.677832     4.1279     4.1916     0.0055    97.3125 8.9555e-02  -66.51103  -69.86230 333.690867      99.98 1.0797e+03   1542.929      37031  1028.3455  1028.3421    34.5541    34.5486    7.81377         36 0.0000e+00
    139.000    137.575     1.0192  29.626379     0.9952  29.601041     4.1500     4.1912    -0.0000    97.3242 1.0040e-01  -66.51102  -69.86233 333.690897      99.98 1.0798e+03   1545.520      37093  1028.3349  1028.3321    34.5400    34.5340    7.82707         39 0.0000e+00
    138.000    136.588     1.0339  29.640613     1.0319  29.637908     4.1770     4.2016     0.0069    97.3174 1.0928e-01  -66.51101  -69.86235 333.690914      99.98 1.0789e+03   1546.988      37129  1028.3303  1028.3291    34.5426    34.5414    7.82398         26 0.0000e+00
