NBP2113_155081_ctd/data/nbp2113_050.ros
* Sea-Bird SBE 9 Data File:
* FileName = D:\Data\raw\NBP2113_050.hex
* Software Version Seasave V 7.26.7.121
* Temperature SN = 2438
* Conductivity SN = 2067
* Number of Bytes Per Scan = 40
* Number of Voltage Words = 5
* Number of Scans Averaged by the Deck Unit = 1
* NMEA Latitude = 64 56.46 S
* NMEA Longitude = 064 42.01 W
* NMEA UTC (Time) = Dec 11 2021  13:44:32
* NMEA baud rate = 9600
** Ship: RVIB N.B. Palmer
** Cruise: NBP2113 LTER
** Station: 590.050
** Operator: B. Urmston
# nquan = 20
# nvalues = 989                                   
# units = specified
# name 0 = prDM: Pressure, Digiquartz [db]
# name 1 = depSM: Depth [salt water, m]
# name 2 = t090C: Temperature [ITS-90, deg C]
# name 3 = c0mS/cm: Conductivity [mS/cm]
# name 4 = t190C: Temperature, 2 [ITS-90, deg C]
# name 5 = c1mS/cm: Conductivity, 2 [mS/cm]
# name 6 = sbeox0ML/L: Oxygen, SBE 43 [ml/l]
# name 7 = sbeox1ML/L: Oxygen, SBE 43, 2 [ml/l]
# name 8 = flECO-AFL: Fluorescence, WET Labs ECO-AFL/FL [mg/m^3]
# name 9 = CStarTr0: Beam Transmission, WET Labs C-Star [%]
# name 10 = par: PAR/Irradiance, Biospherical/Licor
# name 11 = latitude: Latitude [deg]
# name 12 = longitude: Longitude [deg]
# name 13 = timeJ: Julian Days
# name 14 = altM: Altimeter [m]
# name 15 = spar: SPAR, Biospherical/Licor
# name 16 = timeS: Time, Elapsed [seconds]
# name 17 = scan: Scan Count
# name 18 = nbf: Bottles Fired
# name 19 = flag:  0.000e+00
# interval = seconds: 0.0416667
# start_time = Dec 11 2021 13:44:32 [NMEA time, header]
# bad_flag = -9.990e-29
*END*
[from data line 652]
      5.359      5.307    -0.6567  27.436668    -0.6430  27.451994     8.0366     8.0941     0.6003    83.6960 2.8291e+02  -64.94074  -64.69994 345.592777      99.95 9.3433e+02   1743.917      41855         15  0.000e+00
      5.448      5.395    -0.6567  27.437069    -0.6423  27.454006     8.0411     8.0932     0.6003    83.6960 2.8291e+02  -64.94074  -64.69994 345.592777      99.98 9.3433e+02   1743.958      41856         15  0.000e+00
      5.359      5.307    -0.6565  27.437641    -0.6417  27.453279     8.0436     8.0978     0.6003    83.6960 2.8371e+02  -64.94074  -64.69994 345.592778      99.98 9.3433e+02   1744.000      41857         15  0.000e+00
      5.407      5.354    -0.6562  27.438156    -0.6422  27.452664     8.0448     8.0981     0.6003    83.6960 2.8451e+02  -64.94074  -64.69994 345.592778      99.98 9.3433e+02   1744.042      41858         15  0.000e+00
      5.400      5.347    -0.6564  27.438156    -0.6434  27.452720     8.0402     8.0929     0.6003    83.6960 2.8451e+02  -64.94074  -64.69994 345.592779      99.98 9.3433e+02   1744.083      41859         15  0.000e+00
      5.359      5.307    -0.6584  27.437641    -0.6445  27.451659     8.0521     8.0924     0.6003    83.6960 2.8451e+02  -64.94074  -64.69994 345.592779      99.98 9.3433e+02   1744.125      41860         15  0.000e+00
      5.359      5.307    -0.6610  27.436840    -0.6459  27.450094     8.0492     8.0975     0.6077    83.6960 2.8531e+02  -64.94074  -64.69994 345.592780      99.95 9.3433e+02   1744.167      41861         15  0.000e+00
      5.407      5.354    -0.6623  27.435239    -0.6474  27.448362     8.0462     8.0980     0.6150    83.6960 2.8531e+02  -64.94074  -64.69994 345.592780      99.95 9.3433e+02   1744.208      41862         15  0.000e+00
      5.298      5.246    -0.6622  27.434209    -0.6480  27.446965     8.0459     8.0981     0.6223    83.6960 2.8612e+02  -64.94074  -64.69994 345.592781      99.98 9.3433e+02   1744.250      41863         15  0.000e+00
      5.407      5.354    -0.6623  27.433980    -0.6487  27.446295     8.0502     8.0984     0.6223    83.6960 2.8612e+02  -64.94074  -64.69994 345.592781      99.98 9.3433e+02   1744.292      41864         15  0.000e+00
      5.359      5.307    -0.6629  27.433694    -0.6503  27.446183     8.0512     8.0985     0.6223    83.6960 2.8692e+02  -64.94074  -64.69994 345.592782      99.98 9.3433e+02   1744.333      41865         15  0.000e+00
      5.346      5.293    -0.6632  27.432893    -0.6482  27.446518     8.0464     8.0980     0.6223    83.6960 2.8692e+02  -64.94074  -64.69994 345.592782      99.93 9.3433e+02   1744.375      41866         16  0.000e+00
      5.202      5.151    -0.6633  27.433179    -0.6465  27.446685     8.0516     8.0974     0.6223    83.6960 2.8773e+02  -64.94074  -64.69994 345.592783      99.95 9.3433e+02   1744.417      41867         16  0.000e+00
      5.407      5.354    -0.6640  27.432893    -0.6462  27.446518     8.0573     8.0973     0.6223    83.6960 2.8855e+02  -64.94074  -64.69994 345.592783      99.98 9.3433e+02   1744.458      41868         16  0.000e+00
      5.298      5.246    -0.6647  27.432150    -0.6443  27.448026     8.0535     8.0965     0.6223    83.6960 2.8855e+02  -64.94074  -64.69994 345.592784      99.98 9.3433e+02   1744.500      41869         16  0.000e+00
      5.305      5.253    -0.6648  27.431864    -0.6437  27.448585     8.0542     8.0961     0.6223    83.6960 2.8936e+02  -64.94074  -64.69994 345.592784      99.98 9.3433e+02   1744.542      41870         16  0.000e+00
      5.305      5.253    -0.6648  27.431349    -0.6437  27.449814     8.0476     8.0967     0.6223    83.6960 2.8936e+02  -64.94074  -64.69994 345.592785      99.98 9.3433e+02   1744.583      41871         16  0.000e+00
      5.257      5.205    -0.6651  27.431063    -0.6425  27.450149     8.0512     8.0961     0.6223    83.6960 2.9018e+02  -64.94074  -64.69994 345.592785      99.98 9.3433e+02   1744.625      41872         16  0.000e+00
      5.346      5.293    -0.6654  27.430434    -0.6422  27.450597     8.0532     8.0957     0.6223    83.6960 2.9018e+02  -64.94074  -64.69994 345.592785      99.95 9.3433e+02   1744.667      41873         16  0.000e+00
      5.257      5.205    -0.6658  27.431349    -0.6422  27.450429     8.0549     8.0898     0.6223    83.6960 2.9100e+02  -64.94074  -64.69994 345.592786      99.93 9.3433e+02   1744.708      41874         16  0.000e+00
      5.257      5.205    -0.6663  27.430548    -0.6425  27.450596     8.0555     8.0941     0.6223    83.6960 2.9100e+02  -64.94074  -64.69994 345.592786      99.95 9.3433e+02   1744.750      41875         16  0.000e+00
      5.243      5.192    -0.6658  27.430033    -0.6398  27.450931     8.0543     8.0931     0.6223    83.6960 2.9100e+02  -64.94074  -64.69994 345.592787      99.98 9.3433e+02   1744.792      41876         16  0.000e+00
      5.257      5.205    -0.6655  27.430033    -0.6407  27.451658     8.0545     8.0882     0.6223    83.6960 2.9100e+02  -64.94074  -64.69994 345.592787      99.98 9.3433e+02   1744.833      41877         16  0.000e+00
      5.257      5.205    -0.6655  27.429518    -0.6419  27.452440     8.0547     8.0927     0.6223    83.6960 2.9100e+02  -64.94074  -64.69994 345.592788      99.95 9.3433e+02   1744.875      41878         16  0.000e+00
      5.154      5.104    -0.6660  27.430319    -0.6437  27.451993     8.0489     8.0934     0.6223    83.6960 2.9100e+02  -64.94074  -64.69994 345.592788      99.93 9.3433e+02   1744.917      41879         16  0.000e+00
      5.298      5.246    -0.6663  27.429804    -0.6451  27.451379     8.0523     8.0943     0.6223    83.6960 2.9100e+02  -64.94074  -64.69994 345.592789      99.95 9.3433e+02   1744.958      41880         16  0.000e+00
      5.154      5.104    -0.6669  27.429003    -0.6451  27.451211     8.0465     8.0938     0.6223    83.6960 2.9100e+02  -64.94074  -64.69994 345.592789      99.98 9.3433e+02   1745.000      41881         16  0.000e+00
      5.202      5.151    -0.6676  27.428489    -0.6436  27.452664     8.0454     8.0929     0.6223    83.6960 2.9100e+02  -64.94074  -64.69994 345.592790      99.98 9.3433e+02   1745.042      41882         16  0.000e+00
      5.195      5.144    -0.6681  27.427688    -0.6384  27.453781     8.0441     8.0922     0.6223    83.6960 2.9018e+02  -64.94074  -64.69994 345.592790      99.98 9.3433e+02   1745.083      41883         16  0.000e+00
      5.202      5.151    -0.6688  27.427173    -0.6344  27.456575     8.0488     8.0908     0.6223    83.6960 2.9100e+02  -64.94074  -64.69994 345.592791      99.98 9.3433e+02   1745.125      41884         16  0.000e+00
      5.154      5.104    -0.6689  27.426887    -0.6333  27.457413     8.0443     8.0908     0.6223    83.6960 2.9018e+02  -64.94074  -64.69994 345.592791      99.95 9.3433e+02   1745.167      41885         16  0.000e+00
      5.148      5.097    -0.6688  27.427173    -0.6331  27.457860     8.0429     8.0911     0.6223    83.6960 2.9018e+02  -64.94074  -64.69994 345.592792      99.95 9.3433e+02   1745.208      41886         16  0.000e+00
      5.202      5.151    -0.6689  27.426658    -0.6330  27.458196     8.0417     8.0915     0.6223    83.6960 2.9100e+02  -64.94074  -64.69994 345.592792      99.95 9.3433e+02   1745.250      41887         16  0.000e+00
      5.154      5.104    -0.6699  27.426372    -0.6324  27.458139     8.0449     8.0917     0.6223    83.6960 2.9100e+02  -64.94074  -64.69994 345.592793      99.98 9.3433e+02   1745.292      41888         16  0.000e+00
      5.155      5.104    -0.6703  27.425057    -0.6322  27.458195     8.0464     8.0920     0.6223    83.6960 2.9100e+02  -64.94074  -64.69994 345.592793      99.95 9.3433e+02   1745.333      41889         16  0.000e+00
      5.148      5.097    -0.6708  27.424828    -0.6325  27.457860     8.0405     8.0924     0.6223    83.6960 2.9182e+02  -64.94074  -64.69994 345.592794      99.93 9.3433e+02   1745.375      41890         16  0.000e+00
      5.155      5.104    -0.6707  27.424542    -0.6352  27.457413     8.0391     8.0933     0.6223    83.7218 2.9182e+02  -64.94074  -64.69994 345.592794      99.95 9.3433e+02   1745.417      41891         16  0.000e+00
      5.107      5.057    -0.6711  27.424313    -0.6382  27.456296     8.0435     8.0943     0.6223    83.6960 2.9264e+02  -64.94074  -64.69994 345.592795      99.98 9.3433e+02   1745.458      41892         16  0.000e+00
      5.148      5.097    -0.6714  27.424027    -0.6382  27.453502     8.0449     8.0949     0.6223    83.6960 2.9264e+02  -64.94074  -64.69994 345.592795      99.98 9.3433e+02   1745.500      41893         16  0.000e+00
      5.107      5.057    -0.6714  27.424027    -0.6376  27.451881     8.0388     8.0953     0.6150    83.7218 2.9264e+02  -64.94074  -64.69994 345.592796      99.98 9.3433e+02   1745.542      41894         16  0.000e+00
      5.155      5.104    -0.6711  27.424027    -0.6375  27.452496     8.0373     8.0956     0.6223    83.7218 2.9347e+02  -64.94074  -64.69994 345.592796      99.98 9.3433e+02   1745.583      41895         16  0.000e+00
      5.093      5.043    -0.6710  27.423799    -0.6371  27.454731     8.0401     8.0957     0.6223    83.7218 2.9429e+02  -64.94074  -64.69994 345.592797      99.98 9.3433e+02   1745.625      41896         16  0.000e+00
      5.155      5.104    -0.6713  27.424027    -0.6371  27.455849     8.0341     8.0960     0.6223    83.7218 2.9429e+02  -64.94074  -64.69994 345.592797      99.95 9.3433e+02   1745.667      41897         16  0.000e+00
      5.155      5.104    -0.6716  27.424828    -0.6368  27.456854     8.0324     8.0953     0.6223    83.7218 2.9512e+02  -64.94074  -64.69994 345.592798      99.95 9.3433e+02   1745.708      41898         16  0.000e+00
      5.155      5.104    -0.6710  27.424828    -0.6347  27.455345     8.0307     8.0954     0.6223    83.7218 2.9596e+02  -64.94074  -64.69994 345.592798      99.98 9.3433e+02   1745.750      41899         16  0.000e+00
      5.093      5.043    -0.6708  27.425228    -0.6329  27.454227     8.0347     8.0889     0.6223    83.7218 2.9763e+02  -64.94074  -64.69994 345.592799      99.98 9.3433e+02   1745.792      41900         17  0.000e+00
      5.107      5.057    -0.6695  27.425343    -0.6308  27.456351     8.0297     8.0925     0.6223    83.7218 2.9847e+02  -64.94074  -64.69994 345.592799      99.98 9.3433e+02   1745.833      41901         17  0.000e+00
      5.155      5.104    -0.6691  27.425572    -0.6291  27.458139     8.0295     8.0914     0.6223    83.7218 2.9931e+02  -64.94074  -64.69994 345.592799      99.93 9.3433e+02   1745.875      41902         17  0.000e+00
      5.093      5.043    -0.6702  27.425343    -0.6308  27.460263     8.0280     8.0918     0.6223    83.7218 3.0100e+02  -64.94074  -64.69994 345.592800      99.95 9.3433e+02   1745.917      41903         17  0.000e+00
      5.155      5.104    -0.6708  27.425057    -0.6338  27.460207     8.0325     8.0918     0.6223    83.7218 3.0185e+02  -64.94074  -64.69994 345.592800      99.98 9.3433e+02   1745.958      41904         17  0.000e+00
      5.155      5.104    -0.6707  27.424542    -0.6362  27.458419     8.0278     8.0917     0.6223    83.7218 3.0356e+02  -64.94074  -64.69994 345.592801      99.98 9.3433e+02   1746.000      41905         17  0.000e+00
      5.107      5.057    -0.6714  27.424027    -0.6377  27.457078     8.0277     8.0922     0.6223    83.7218 3.0441e+02  -64.94074  -64.69994 345.592801      99.98 9.3433e+02   1746.042      41906         17  0.000e+00
      5.148      5.097    -0.6719  27.423513    -0.6387  27.456128     8.0220     8.0927     0.6223    83.7218 3.0527e+02  -64.94074  -64.69994 345.592802      99.98 9.3433e+02   1746.083      41907         17  0.000e+00
      5.155      5.104    -0.6722  27.424028    -0.6393  27.456072     8.0309     8.0921     0.6223    83.6960 3.0614e+02  -64.94074  -64.69994 345.592802      99.98 9.3433e+02   1746.125      41908         17  0.000e+00
      5.107      5.057    -0.6710  27.424542    -0.6400  27.455346     8.0275     8.0915     0.6223    83.7218 3.0787e+02  -64.94074  -64.69994 345.592803      99.95 9.3433e+02   1746.167      41909         17  0.000e+00
      5.148      5.098    -0.6707  27.424828    -0.6413  27.455514     8.0275     8.0919     0.6223    83.7475 3.0873e+02  -64.94074  -64.69994 345.592803      99.93 9.3433e+02   1746.208      41910         17  0.000e+00
      5.155      5.104    -0.6691  27.426144    -0.6423  27.455346     8.0199     8.0922     0.6223    83.7475 3.0960e+02  -64.94074  -64.69994 345.592804      99.95 9.3433e+02   1746.250      41911         17  0.000e+00
      5.155      5.104    -0.6682  27.426887    -0.6428  27.455011     8.0230     8.0924     0.6223    83.7475 3.1048e+02  -64.94074  -64.69994 345.592804      99.98 9.3433e+02   1746.292      41912         17  0.000e+00
      5.196      5.145    -0.6680  27.427173    -0.6414  27.454284     8.0231     8.0924     0.6223    83.7475 3.1048e+02  -64.94074  -64.69994 345.592805      99.98 9.3433e+02   1746.333      41913         17  0.000e+00
      5.107      5.057    -0.6658  27.427173    -0.6399  27.455010     8.0228     8.0920     0.6150    83.7475 3.1135e+02  -64.94074  -64.69994 345.592805      99.93 9.3433e+02   1746.375      41914         17  0.000e+00
      5.203      5.152    -0.6661  27.428489    -0.6404  27.456352     8.0218     8.0922     0.6150    83.7475 3.1223e+02  -64.94074  -64.69994 345.592806      99.95 9.3433e+02   1746.417      41915         17  0.000e+00
      5.155      5.104    -0.6672  27.429518    -0.6371  27.457357     8.0221     8.0916     0.6150    83.7475 3.1311e+02  -64.94074  -64.69994 345.592806      99.98 9.3433e+02   1746.458      41916         17  0.000e+00
      5.196      5.145    -0.6692  27.428489    -0.6344  27.459202     8.0244     8.0911     0.6150    83.7475 3.1311e+02  -64.94074  -64.69994 345.592807      99.98 9.3433e+02   1746.500      41917         17  0.000e+00
      5.155      5.104    -0.6702  27.427173    -0.6347  27.462275     8.0251     8.0910     0.6150    83.7475 3.1311e+02  -64.94074  -64.69994 345.592807      99.98 9.3433e+02   1746.542      41918         17  0.000e+00
      5.203      5.152    -0.6696  27.425858    -0.6371  27.460767     8.0256     8.0917     0.6150    83.7475 3.1311e+02  -64.94074  -64.69994 345.592808      99.95 9.3433e+02   1746.583      41919         17  0.000e+00
      5.196      5.145    -0.6694  27.426373    -0.6377  27.459202     8.0247     8.0920     0.6150    83.7475 3.1311e+02  -64.94074  -64.69994 345.592808      99.98 9.3433e+02   1746.625      41920         17  0.000e+00
      5.155      5.105    -0.6691  27.426887    -0.6367  27.458196     8.0251     8.0865     0.6150    83.7475 3.1223e+02  -64.94074  -64.69994 345.592809      99.95 9.3433e+02   1746.667      41921         17  0.000e+00
      5.258      5.206    -0.6680  27.426887    -0.6361  27.458140     8.0256     8.0912     0.6150    83.7475 3.1135e+02  -64.94074  -64.69994 345.592809      99.95 9.3433e+02   1746.708      41922         17  0.000e+00
      5.203      5.152    -0.6674  27.427974    -0.6379  27.458196     8.0202     8.0908     0.6150    83.7475 3.1048e+02  -64.94074  -64.69994 345.592810      99.98 9.3433e+02   1746.750      41923         17  0.000e+00
      5.244      5.193    -0.6664  27.429232    -0.6393  27.457358     8.0311     8.0913     0.6150    83.7475 3.0960e+02  -64.94074  -64.69994 345.592810      99.98 9.3433e+02   1746.792      41924         17  0.000e+00
      5.203      5.152    -0.6652  27.429804    -0.6404  27.456631     8.0271     8.0916     0.6150    83.7475 3.0873e+02  -64.94074  -64.69994 345.592811      99.98 9.3433e+02   1746.833      41925         17  0.000e+00
