NBP2113_155081_ctd/data/nbp2113_015.cnv
* Sea-Bird SBE 9 Data File:
* FileName = D:\Data\raw\NBP2113_015.hex
* Software Version Seasave V 7.26.7.121
* Temperature SN = 2438
* Conductivity SN = 2067
* Number of Bytes Per Scan = 40
* Number of Voltage Words = 5
* Number of Scans Averaged by the Deck Unit = 1
* NMEA Latitude = 66 15.27 S
* NMEA Longitude = 067 20.33 W
* NMEA UTC (Time) = Nov 27 2021  19:51:53
* NMEA baud rate = 9600
** Ship: RVIB N.B. Palmer
** Cruise: NBP2113 LTER
** Station: 500.040
** Operator: S. Blackman
# nquan = 25
# nvalues = 397                         
# units = specified
# name 0 = prDM: Pressure, Digiquartz [db]
# name 1 = depSM: Depth [salt water, m]
# name 2 = t090C: Temperature [ITS-90, deg C]
# name 3 = c0mS/cm: Conductivity [mS/cm]
# name 4 = t190C: Temperature, 2 [ITS-90, deg C]
# name 5 = c1mS/cm: Conductivity, 2 [mS/cm]
# name 6 = sbeox0ML/L: Oxygen, SBE 43 [ml/l]
# name 7 = sbeox1ML/L: Oxygen, SBE 43, 2 [ml/l]
# name 8 = flECO-AFL: Fluorescence, WET Labs ECO-AFL/FL [mg/m^3]
# name 9 = CStarTr0: Beam Transmission, WET Labs C-Star [%]
# name 10 = par: PAR/Irradiance, Biospherical/Licor
# name 11 = latitude: Latitude [deg]
# name 12 = longitude: Longitude [deg]
# name 13 = timeJ: Julian Days
# name 14 = altM: Altimeter [m]
# name 15 = spar: SPAR, Biospherical/Licor
# name 16 = timeS: Time, Elapsed [seconds]
# name 17 = scan: Scan Count
# name 18 = density00: Density [density, kg/m^3]
# name 19 = density11: Density, 2 [density, kg/m^3]
# name 20 = sal00: Salinity, Practical [PSU]
# name 21 = sal11: Salinity, Practical, 2 [PSU]
# name 22 = oxsolML/L: Oxygen Saturation, Garcia & Gordon [ml/l]
# name 23 = nbin: number of scans per bin
# name 24 = flag: flag
# span 0 =      1.000,    201.000       
# span 1 =      0.989,    198.916       
# span 2 =    -1.3985,     0.7608       
# span 3 =  27.034742,  29.401090       
# span 4 =    -1.4015,     0.7552       
# span 5 =  27.033585,  29.393253       
# span 6 =     4.5829,     9.0878       
# span 7 =     4.8026,     8.3178       
# span 8 =    -0.0008,     1.5687       
# span 9 =    88.3627,    97.0095       
# span 10 = -1.852e-07, 4.9987e+02      
# span 11 =  -66.25470,  -66.25444      
# span 12 =  -67.33948,  -67.33831      
# span 13 = 331.831110, 331.845004      
# span 14 =       1.33,     100.02      
# span 15 = 3.4729e+02, 5.9685e+02      
# span 16 =    294.908,   1495.344      
# span 17 =       7079,      35889      
# span 18 =  1027.1028,  1028.6072      
# span 19 =  1027.1001,  1028.6044      
# span 20 =    33.6938,    34.4989      
# span 21 =    33.6905,    34.4978      
# span 22 =    7.88143,    8.38037      
# span 23 =         12,         61      
# span 24 = 0.0000e+00, 0.0000e+00      
# interval = decibars: 1                
# start_time = Nov 27 2021 19:51:53 [NMEA time, header]
# bad_flag = -9.990e-29
*END*
      5.000      4.949    -1.1155  27.134974    -1.1145  27.133587     8.2719     8.3109     0.7291    89.3874 2.2931e+02  -66.25456  -67.33886 331.831110      94.80 5.9627e+02    294.908       7079  1027.1268  1027.1243    33.6988    33.6957    8.32536         25 0.0000e+00
      6.000      5.941    -1.1167  27.134572    -1.1151  27.133616     8.2385     8.3152     0.7629    89.4552 2.0395e+02  -66.25456  -67.33886 331.831122      99.99 5.9685e+02    295.921       7103  1027.1319  1027.1293    33.6990    33.6959    8.32562         23 0.0000e+00
      7.000      6.931    -1.1190  27.133038    -1.1178  27.131778     8.2616     8.3126     0.8173    89.4539 1.6785e+02  -66.25456  -67.33886 331.831135      99.97 5.9593e+02    297.089       7131  1027.1367  1027.1342    33.6988    33.6958    8.32614         38 0.0000e+00
      8.000      7.920    -1.1194  27.133003    -1.1175  27.132449     8.2686     8.3014     0.8414    89.4358 1.5788e+02  -66.25456  -67.33886 331.831194      99.97 5.9062e+02    302.188       7254  1027.1413  1027.1389    33.6986    33.6957    8.32624         35 0.0000e+00
      9.000      8.913    -1.1211  27.132051    -1.1195  27.131258     8.2886     8.3060     0.8042    89.4611 1.3538e+02  -66.25456  -67.33887 331.831216      99.97 5.8905e+02    304.103       7299  1027.1462  1027.1438    33.6986    33.6957    8.32662         36 0.0000e+00
     10.000      9.900    -1.1154  27.137376    -1.1130  27.136949     8.2255     8.3115     0.8429    89.4386 1.2343e+02  -66.25456  -67.33889 331.831272      99.97 5.8330e+02    308.878       7414  1027.1509  1027.1481    33.6989    33.6956    8.32535         42 0.0000e+00
     11.000     10.888    -1.1149  27.138155    -1.1133  27.137156     8.2746     8.3092     0.8556    89.4709 1.0862e+02  -66.25455  -67.33890 331.831296      99.97 5.8156e+02    311.001       7465  1027.1555  1027.1529    33.6987    33.6956    8.32524         32 0.0000e+00
     12.000     11.882    -1.1151  27.138351    -1.1138  27.137173     8.2981     8.3093     0.8978    89.4685 9.3225e+01  -66.25456  -67.33890 331.831350      99.97 5.7679e+02    315.636       7576  1027.1603  1027.1578    33.6986    33.6955    8.32529         39 0.0000e+00
     13.000     12.870    -1.1148  27.138973    -1.1135  27.137842     8.2639     8.3012     0.9204    89.4894 8.7670e+01  -66.25456  -67.33890 331.831372      99.97 5.7299e+02    317.533       7622  1027.1650  1027.1626    33.6985    33.6955    8.32523         38 0.0000e+00
     14.000     13.863    -1.1150  27.139352    -1.1135  27.138378     8.2499     8.3106     0.9364    89.5098 7.7835e+01  -66.25455  -67.33891 331.831406      99.97 5.7195e+02    320.500       7693  1027.1699  1027.1674    33.6986    33.6956    8.32526         35 0.0000e+00
     15.000     14.851    -1.1158  27.138957    -1.1145  27.137806     8.2736     8.3113     0.9482    89.5014 6.4457e+01  -66.25454  -67.33890 331.831462      99.97 5.6847e+02    325.298       7808  1027.1746  1027.1721    33.6983    33.6953    8.32546         35 0.0000e+00
     16.000     15.841    -1.1160  27.139287    -1.1149  27.138012     8.2422     8.3122     0.9447    89.4976 5.9690e+01  -66.25456  -67.33890 331.831480      99.97 5.6533e+02    326.910       7847  1027.1795  1027.1770    33.6984    33.6954    8.32551         35 0.0000e+00
     17.000     16.831    -1.1160  27.139802    -1.1145  27.138829     8.2358     8.3070     0.9618    89.5026 6.1647e+01  -66.25456  -67.33891 331.831515      99.97 5.6389e+02    329.854       7917  1027.1843  1027.1818    33.6985    33.6954    8.32550         40 0.0000e+00
     18.000     17.821    -1.1140  27.141803    -1.1126  27.140825     8.2511     8.2990     0.9653    89.4912 5.3544e+01  -66.25456  -67.33892 331.831536      99.97 5.6402e+02    331.687       7961  1027.1889  1027.1865    33.6984    33.6954    8.32507         31 0.0000e+00
     19.000     18.811    -1.1161  27.140463    -1.1157  27.138556     8.2318     8.3175     0.9979    89.5094 4.3293e+01  -66.25456  -67.33891 331.831597      99.97 5.5852e+02    337.012       8089  1027.1938  1027.1913    33.6983    33.6951    8.32554         43 0.0000e+00
     20.000     19.801    -1.1166  27.140451    -1.1155  27.139210     8.2640     8.3178     1.1395    89.5226 4.1627e+01  -66.25456  -67.33892 331.831620      99.97 5.5696e+02    338.930       8135  1027.1986  1027.1961    33.6982    33.6952    8.32565         37 0.0000e+00
     21.000     20.793    -1.1162  27.141260    -1.1145  27.140460     8.2863     8.3147     1.1905    89.5016 4.0423e+01  -66.25456  -67.33894 331.831650      99.97 5.5586e+02    341.554       8198  1027.2034  1027.2008    33.6982    33.6952    8.32556         32 0.0000e+00
     22.000     21.778    -1.1194  27.139026    -1.1184  27.137440     8.2687     8.3113     1.2391    89.4735 3.3362e+01  -66.25456  -67.33893 331.831693      99.97 5.5351e+02    345.248       8287  1027.2083  1027.2055    33.6981    33.6948    8.32628         19 0.0000e+00
     23.000     22.771    -1.1208  27.138560    -1.1194  27.137378     8.2501     8.3098     1.3630    89.4882 3.2732e+01  -66.25457  -67.33894 331.831746      99.97 5.5008e+02    349.869       8398  1027.2133  1027.2107    33.6984    33.6953    8.32656         40 0.0000e+00
     24.000     23.761    -1.1222  27.138127    -1.1212  27.136834     8.2621     8.3115     1.3990    89.4924 2.9398e+01  -66.25457  -67.33894 331.831766      99.97 5.4918e+02    351.609       8440  1027.2185  1027.2161    33.6988    33.6959    8.32686         38 0.0000e+00
     25.000     24.751    -1.1214  27.139042    -1.1197  27.138133     8.2479     8.3088     1.4214    89.4394 2.5202e+01  -66.25456  -67.33892 331.831785      99.97 5.4781e+02    353.244       8479  1027.2231  1027.2204    33.6986    33.6954    8.32670         41 0.0000e+00
     26.000     25.736    -1.1200  27.140337    -1.1189  27.139205     8.2550     8.3046     1.4286    89.4706 2.2270e+01  -66.25457  -67.33892 331.831837      99.97 5.4299e+02    357.693       8586  1027.2275  1027.2251    33.6981    33.6954    8.32641         26 0.0000e+00
     27.000     26.732    -1.1213  27.140165    -1.1205  27.138966     8.2484     8.2974     1.4025    89.4686 1.9858e+01  -66.25458  -67.33892 331.831894      99.97 5.3754e+02    362.652       8705  1027.2327  1027.2307    33.6987    33.6962    8.32666         22 0.0000e+00
     28.000     27.721    -1.1245  27.139118    -1.1235  27.137824     8.2266     8.3032     1.3863    89.4407 1.8724e+01  -66.25458  -67.33892 331.831903      99.97 5.3768e+02    363.400       8723  1027.2391  1027.2367    33.7003    33.6974    8.32729         20 0.0000e+00
     29.000     28.712    -1.1283  27.137113    -1.1285  27.135037     8.2635     8.3036     1.3961    89.4829 1.7664e+01  -66.25458  -67.33892 331.831913      99.97 5.3881e+02    364.282       8744  1027.2448  1027.2427    33.7012    33.6985    8.32808         24 0.0000e+00
     30.000     29.703    -1.1308  27.135707    -1.1303  27.134314     8.2253     8.2971     1.4349    89.5148 1.5931e+01  -66.25458  -67.33893 331.831959      99.97 5.3668e+02    368.266       8839  1027.2499  1027.2479    33.7014    33.6989    8.32861         34 0.0000e+00
     31.000     30.691    -1.1358  27.133556    -1.1344  27.132225     8.2363     8.2943     1.4550    89.5597 1.4078e+01  -66.25458  -67.33894 331.832016      99.97 5.3242e+02    373.169       8957  1027.2566  1027.2538    33.7035    33.7001    8.32960         45 0.0000e+00
     32.000     31.681    -1.1379  27.132117    -1.1374  27.130581     8.2372     8.2895     1.3811    89.5983 1.3272e+01  -66.25458  -67.33893 331.832039      99.97 5.3239e+02    375.181       9005  1027.2613  1027.2591    33.7033    33.7006    8.33009         45 0.0000e+00
     33.000     32.671    -1.1375  27.134609    -1.1364  27.133255     8.2233     8.2816     1.3796    89.7246 1.2459e+01  -66.25458  -67.33894 331.832063      72.78 5.3170e+02    377.266       9055  1027.2679  1027.2653    33.7056    33.7025    8.32986         43 0.0000e+00
     34.000     33.661    -1.1376  27.136103    -1.1367  27.134605     8.2125     8.2806     1.4304    89.8797 1.1423e+01  -66.25458  -67.33895 331.832107      99.95 5.2900e+02    381.070       9147  1027.2738  1027.2714    33.7071    33.7041    8.32979         40 0.0000e+00
     35.000     34.650    -1.1377  27.137439    -1.1372  27.135966     8.2129     8.2820     1.3894    89.9395 1.0592e+01  -66.25458  -67.33896 331.832141      99.97 5.2798e+02    384.023       9218  1027.2798  1027.2776    33.7085    33.7058    8.32975         32 0.0000e+00
     36.000     35.641    -1.1412  27.135131    -1.1401  27.133680     8.1935     8.2750     1.4028    90.0520 9.4839e+00  -66.25457  -67.33896 331.832176      99.97 5.2736e+02    387.012       9289  1027.2849  1027.2822    33.7086    33.7054    8.33051         33 0.0000e+00
     37.000     36.631    -1.1412  27.135091    -1.1399  27.134162     8.2220     8.2716     1.4110    90.0794 8.4278e+00  -66.25458  -67.33895 331.832217      99.97 5.2381e+02    390.534       9374  1027.2891  1027.2867    33.7080    33.7051    8.33056         49 0.0000e+00
     38.000     37.621    -1.1401  27.136454    -1.1393  27.135051     8.2299     8.2777     1.3819    90.1218 8.0108e+00  -66.25458  -67.33895 331.832241      99.97 5.2358e+02    392.612       9424  1027.2938  1027.2914    33.7080    33.7051    8.33031         40 0.0000e+00
     39.000     38.610    -1.1423  27.135024    -1.1431  27.133188     8.2100     8.2811     1.3517    90.1633 7.8247e+00  -66.25458  -67.33896 331.832260      99.97 5.2358e+02    394.270       9463  1027.2987  1027.2973    33.7079    33.7062    8.33080         36 0.0000e+00
     40.000     39.601    -1.1492  27.131017    -1.1487  27.129283     8.2388     8.2777     1.3760    90.1692 6.9001e+00  -66.25458  -67.33897 331.832308      99.97 5.2271e+02    398.445       9564  1027.3051  1027.3028    33.7095    33.7066    8.33224         38 0.0000e+00
     41.000     40.591    -1.1494  27.131254    -1.1490  27.129786     8.2387     8.2717     1.2831    90.1900 5.9703e+00  -66.25458  -67.33896 331.832351      99.97 5.2182e+02    402.099       9651  1027.3098  1027.3078    33.7094    33.7069    8.33229         25 0.0000e+00
     42.000     41.581    -1.1394  27.137602    -1.1386  27.136349     8.2151     8.2807     1.3005    90.2916 5.5963e+00  -66.25458  -67.33896 331.832364      99.97 5.2181e+02    403.227       9678  1027.3114  1027.3093    33.7063    33.7037    8.33025         30 0.0000e+00
     43.000     42.570    -1.1371  27.141153    -1.1355  27.140609     8.2308     8.2843     1.4038    90.3845 5.3930e+00  -66.25458  -67.33897 331.832384      99.96 5.2173e+02    404.972       9720  1027.3174  1027.3154    33.7079    33.7053    8.32965         27 0.0000e+00
     44.000     43.561    -1.1436  27.139836    -1.1374  27.141703     8.1969     8.2657     1.5612    90.2408 4.9002e+00  -66.25458  -67.33898 331.832447      99.97 5.1933e+02    410.429       9851  1027.3266  1027.3228    33.7127    33.7083    8.33079         19 0.0000e+00
     45.000     44.550    -1.1632  27.128834    -1.1617  27.127798     8.2003     8.2627     1.3462    90.2512 4.3505e+00  -66.25458  -67.33898 331.832485      99.97 5.1686e+02    413.720       9930  1027.3378  1027.3353    33.7191    33.7160    8.33478         33 0.0000e+00
     46.000     45.540    -1.1748  27.121304    -1.1734  27.120366     8.1779     8.2614     1.1412    90.5304 4.0943e+00  -66.25458  -67.33898 331.832502      99.97 5.1652e+02    415.132       9964  1027.3450  1027.3427    33.7213    33.7184    8.33724         32 0.0000e+00
     47.000     46.530    -1.1863  27.114803    -1.1852  27.113614     8.1840     8.2453     1.2533    91.0810 3.9839e+00  -66.25458  -67.33899 331.832539      99.97 5.1652e+02    418.343      10041  1027.3529  1027.3506    33.7247    33.7219    8.33960         30 0.0000e+00
     48.000     47.520    -1.1910  27.111857    -1.1895  27.111011     8.1863     8.2444     1.2069    91.3853 3.5961e+00  -66.25458  -67.33900 331.832566      99.97 5.1565e+02    420.741      10099  1027.3583  1027.3560    33.7253    33.7225    8.34061         42 0.0000e+00
     49.000     48.510    -1.1966  27.107202    -1.1966  27.105128     8.1535     8.2232     1.1952    91.4695 3.2898e+00  -66.25458  -67.33900 331.832629      99.97 5.1309e+02    426.186      10229  1027.3626  1027.3603    33.7246    33.7218    8.34190         32 0.0000e+00
     50.000     49.499    -1.2265  27.090337    -1.2258  27.089021     8.1616     8.2183     1.0247    91.5398 3.1127e+00  -66.25458  -67.33900 331.832646      99.97 5.1300e+02    427.604      10263  1027.3772  1027.3752    33.7346    33.7321    8.34799         26 0.0000e+00
     51.000     50.490    -1.2504  27.081183    -1.2484  27.080749     8.1518     8.2249     1.0536    91.7675 2.8887e+00  -66.25458  -67.33901 331.832661      99.97 5.1270e+02    428.949      10296  1027.3945  1027.3920    33.7485    33.7455    8.35253         40 0.0000e+00
     52.000     51.478    -1.2606  27.081921    -1.2598  27.080718     8.1963     8.2496     1.0808    92.2013 2.6632e+00  -66.25458  -67.33901 331.832691      99.97 5.1089e+02    431.463      10356  1027.4090  1027.4069    33.7603    33.7577    8.35409         38 0.0000e+00
     53.000     52.470    -1.2879  27.072266    -1.2864  27.071244     8.1240     8.2068     1.0344    92.3189 2.4512e+00  -66.25458  -67.33902 331.832741      99.97 5.0781e+02    435.824      10461  1027.4285  1027.4260    33.7773    33.7741    8.35920         34 0.0000e+00
     54.000     53.456    -1.3047  27.062956    -1.3033  27.062120     8.1133     8.1801     1.0129    92.9443 2.2645e+00  -66.25458  -67.33902 331.832789      99.97 5.0669e+02    439.995      10561  1027.4381  1027.4359    33.7828    33.7801    8.36263         34 0.0000e+00
     55.000     54.449    -1.3081  27.062291    -1.3073  27.061097     8.1059     8.1878     0.7528    93.2451 2.1347e+00  -66.25458  -67.33901 331.832809      99.97 5.0421e+02    441.730      10603  1027.4447  1027.4426    33.7851    33.7826    8.36326         29 0.0000e+00
     56.000     55.438    -1.3098  27.062769    -1.3084  27.062171     8.1328     8.1841     0.6389    93.4111 2.0224e+00  -66.25458  -67.33900 331.832822      99.97 5.0250e+02    442.843      10629  1027.4511  1027.4491    33.7870    33.7846    8.36352         30 0.0000e+00
     57.000     56.426    -1.3093  27.063167    -1.3089  27.061798     8.1252     8.1759     0.7506    93.5830 1.8585e+00  -66.25458  -67.33903 331.832866      99.97 5.0310e+02    446.638      10720  1027.4551  1027.4532    33.7865    33.7841    8.36346         39 0.0000e+00
     58.000     57.420    -1.3125  27.061456    -1.3099  27.061716     8.0378     8.1187     0.7670    93.5817 1.6667e+00  -66.25458  -67.33902 331.832914      99.97 5.0063e+02    450.798      10820  1027.4603  1027.4581    33.7871    33.7845    8.36413         35 0.0000e+00
     59.000     58.408    -1.3228  27.053796    -1.3216  27.052929     7.9792     8.0779     0.6445    93.7694 1.5992e+00  -66.25458  -67.33902 331.832929      99.97 5.0049e+02    452.091      10851  1027.4661  1027.4640    33.7876    33.7850    8.36642         31 0.0000e+00
     60.000     59.398    -1.3392  27.044126    -1.3395  27.042304     7.9545     8.0698     0.7077    93.8662 1.5475e+00  -66.25458  -67.33903 331.832954      99.98 4.9905e+02    454.215      10902  1027.4754  1027.4737    33.7922    33.7900    8.36981         32 0.0000e+00
     61.000     60.389    -1.3458  27.041339    -1.3438  27.040854     7.9285     8.0253     0.8099    93.9948 1.3566e+00  -66.25458  -67.33904 331.833008      99.97 4.9718e+02    458.916      11015  1027.4827  1027.4802    33.7952    33.7923    8.37112         30 0.0000e+00
