NBP2113_155081_ctd/data/nbp2113_056.ros
* Sea-Bird SBE 9 Data File:
* FileName = D:\Data\raw\NBP2113_056.hex
* Software Version Seasave V 7.26.7.121
* Temperature SN = 2438
* Conductivity SN = 2067
* Number of Bytes Per Scan = 40
* Number of Voltage Words = 5
* Number of Scans Averaged by the Deck Unit = 1
* NMEA Latitude = 64 53.69 S
* NMEA Longitude = 064 47.29 W
* NMEA UTC (Time) = Dec 11 2021  22:36:48
* NMEA baud rate = 9600
** Ship: RVIB N.B. Palmer
** Cruise: NBP2113 LTER
** Station: 591.057
** Operator: S. Blackman
# nquan = 20
# nvalues = 487                                   
# units = specified
# name 0 = prDM: Pressure, Digiquartz [db]
# name 1 = depSM: Depth [salt water, m]
# name 2 = t090C: Temperature [ITS-90, deg C]
# name 3 = c0mS/cm: Conductivity [mS/cm]
# name 4 = t190C: Temperature, 2 [ITS-90, deg C]
# name 5 = c1mS/cm: Conductivity, 2 [mS/cm]
# name 6 = sbeox0ML/L: Oxygen, SBE 43 [ml/l]
# name 7 = sbeox1ML/L: Oxygen, SBE 43, 2 [ml/l]
# name 8 = flECO-AFL: Fluorescence, WET Labs ECO-AFL/FL [mg/m^3]
# name 9 = CStarTr0: Beam Transmission, WET Labs C-Star [%]
# name 10 = par: PAR/Irradiance, Biospherical/Licor
# name 11 = latitude: Latitude [deg]
# name 12 = longitude: Longitude [deg]
# name 13 = timeJ: Julian Days
# name 14 = altM: Altimeter [m]
# name 15 = spar: SPAR, Biospherical/Licor
# name 16 = timeS: Time, Elapsed [seconds]
# name 17 = scan: Scan Count
# name 18 = nbf: Bottles Fired
# name 19 = flag:  0.000e+00
# interval = seconds: 0.0416667
# start_time = Dec 11 2021 22:36:48 [NMEA time, header]
# bad_flag = -9.990e-29
*END*
    658.002    650.524     1.4681  30.360643     1.4676  30.359467     4.0565     4.1219    -0.0077    91.1119 1.0000e-12  -64.89486  -64.78950 345.956769       9.79 1.5690e+02   1256.833      30165          1  0.000e+00
    658.016    650.537     1.4678  30.360643     1.4678  30.359293     4.0542     4.1265    -0.0004    91.1119 1.0000e-12  -64.89486  -64.78950 345.956769       9.79 1.5690e+02   1256.875      30166          1  0.000e+00
    658.002    650.524     1.4680  30.360643     1.4678  30.359467     4.0594     4.1264    -0.0004    91.1119 1.0000e-12  -64.89486  -64.78950 345.956770       9.79 1.5690e+02   1256.917      30167          1  0.000e+00
    658.058    650.579     1.4678  30.360643     1.4675  30.359467     4.0601     4.1263    -0.0004    91.1119 1.0000e-12  -64.89486  -64.78950 345.956770       9.79 1.5690e+02   1256.958      30168          1  0.000e+00
    658.016    650.538     1.4680  30.360940     1.4676  30.359467     4.0549     4.1205    -0.0077    91.1377 1.0000e-12  -64.89486  -64.78950 345.956771       9.79 1.5690e+02   1257.000      30169          1  0.000e+00
    658.058    650.579     1.4681  30.360940     1.4676  30.359467     4.0603     4.1250    -0.0077    91.1119 1.0000e-12  -64.89486  -64.78950 345.956771       9.82 1.5690e+02   1257.042      30170          1  0.000e+00
    658.106    650.626     1.4678  30.360940     1.4678  30.359583     4.0613     4.1248    -0.0077    91.1119 1.0000e-12  -64.89486  -64.78950 345.956772       9.82 1.5690e+02   1257.083      30171          1  0.000e+00
    658.072    650.592     1.4675  30.360643     1.4678  30.359467     4.0624     4.1255    -0.0004    91.1119 1.0000e-12  -64.89486  -64.78950 345.956772       9.79 1.5690e+02   1257.125      30172          1  0.000e+00
    658.106    650.626     1.4678  30.361178     1.4676  30.359467     4.0679     4.1252    -0.0004    91.1119 1.0000e-12  -64.89486  -64.78950 345.956773       9.77 1.5690e+02   1257.167      30173          1  0.000e+00
    658.106    650.626     1.4680  30.360643     1.4674  30.359758     4.0644     4.1249    -0.0077    91.1119 1.0000e-12  -64.89486  -64.78950 345.956773       9.67 1.5690e+02   1257.208      30174          1  0.000e+00
    658.072    650.592     1.4678  30.360643     1.4675  30.359003     4.0580     4.1255    -0.0004    91.0862 1.0000e-12  -64.89486  -64.78950 345.956774       9.65 1.5690e+02   1257.250      30175          1  0.000e+00
    658.210    650.729     1.4677  30.360643     1.4676  30.359468     4.0563     4.1262    -0.0004    91.0862 1.0000e-12  -64.89486  -64.78950 345.956774       9.62 1.5690e+02   1257.292      30176          1  0.000e+00
    658.162    650.681     1.4680  30.360940     1.4675  30.359758     4.0620     4.1258    -0.0004    91.1119 1.0000e-12  -64.89486  -64.78950 345.956775       9.65 1.5690e+02   1257.333      30177          1  0.000e+00
    658.176    650.695     1.4679  30.360346     1.4675  30.359468     4.0632     4.1255    -0.0004    91.0862 1.0000e-12  -64.89486  -64.78950 345.956775       9.65 1.5690e+02   1257.375      30178          1  0.000e+00
    658.162    650.681     1.4678  30.360346     1.4676  30.359468     4.0571     4.1250    -0.0077    91.1119 1.0000e-12  -64.89486  -64.78950 345.956776       9.65 1.5690e+02   1257.417      30179          1  0.000e+00
    658.210    650.729     1.4678  30.360940     1.4675  30.359584     4.0615     4.1246    -0.0077    91.1119 1.0000e-12  -64.89486  -64.78950 345.956776       9.65 1.5690e+02   1257.458      30180          1  0.000e+00
    658.224    650.743     1.4678  30.360643     1.4678  30.359468     4.0614     4.1251    -0.0077    91.1119 1.0000e-12  -64.89486  -64.78950 345.956777       9.65 1.5690e+02   1257.500      30181          1  0.000e+00
    658.162    650.681     1.4677  30.360940     1.4676  30.359758     4.0613     4.1245    -0.0077    91.1119 1.0000e-12  -64.89486  -64.78950 345.956777       9.65 1.5690e+02   1257.542      30182          1  0.000e+00
    658.266    650.784     1.4678  30.360644     1.4676  30.359468     4.0552     4.1241    -0.0077    91.1119 1.0000e-12  -64.89486  -64.78950 345.956778       9.65 1.5690e+02   1257.583      30183          1  0.000e+00
    658.280    650.798     1.4679  30.360941     1.4675  30.359178     4.0612     4.1235    -0.0077    91.1119 1.0000e-12  -64.89486  -64.78950 345.956778       9.62 1.5690e+02   1257.625      30184          1  0.000e+00
    658.266    650.784     1.4678  30.360644     1.4675  30.359294     4.0627     4.1239    -0.0004    91.1119 1.0000e-12  -64.89486  -64.78950 345.956779       9.55 1.5690e+02   1257.667      30185          1  0.000e+00
    658.266    650.784     1.4680  30.360644     1.4676  30.359178     4.0642     4.1242    -0.0004    91.1119 1.0000e-12  -64.89486  -64.78950 345.956779       9.40 1.5690e+02   1257.708      30186          1  0.000e+00
    658.280    650.798     1.4678  30.360941     1.4675  30.359758     4.0703     4.1245    -0.0004    91.0862 1.0000e-12  -64.89486  -64.78950 345.956780       9.38 1.5690e+02   1257.750      30187          1  0.000e+00
    658.314    650.832     1.4677  30.360644     1.4676  30.359178     4.0674     4.1240    -0.0077    91.1119 1.0000e-12  -64.89486  -64.78950 345.956780       9.38 1.5690e+02   1257.792      30188          1  0.000e+00
    658.314    650.832     1.4680  30.360644     1.4675  30.359294     4.0674     4.1243    -0.0077    91.0862 1.0000e-12  -64.89486  -64.78950 345.956780       9.38 1.5690e+02   1257.833      30189          1  0.000e+00
    658.328    650.845     1.4678  30.360941     1.4676  30.359468     4.0616     4.1246    -0.0077    91.0862 1.0000e-12  -64.89486  -64.78950 345.956781       9.38 1.5690e+02   1257.875      30190          1  0.000e+00
    658.314    650.832     1.4678  30.360941     1.4675  30.359178     4.0678     4.1249    -0.0004    91.1119 1.0000e-12  -64.89486  -64.78950 345.956781       9.38 1.5690e+02   1257.917      30191          1  0.000e+00
    658.370    650.887     1.4678  30.360941     1.4676  30.359468     4.0681     4.1242    -0.0077    91.1119 1.0000e-12  -64.89486  -64.78950 345.956782       9.38 1.5690e+02   1257.958      30192          1  0.000e+00
    658.328    650.845     1.4678  30.360941     1.4675  30.359468     4.0683     4.1245    -0.0004    91.1119 1.0000e-12  -64.89486  -64.78950 345.956782       9.38 1.5690e+02   1258.000      30193          1  0.000e+00
    658.370    650.887     1.4680  30.360941     1.4676  30.359584     4.0745     4.1192    -0.0004    91.1119 1.0000e-12  -64.89486  -64.78950 345.956783       9.38 1.5690e+02   1258.042      30194          1  0.000e+00
    658.370    650.887     1.4677  30.360644     1.4676  30.359468     4.0702     4.1242    -0.0077    91.1119 1.0000e-12  -64.89486  -64.78950 345.956783       9.38 1.5690e+02   1258.083      30195          1  0.000e+00
    658.432    650.948     1.4678  30.360941     1.4676  30.359758     4.0704     4.1245    -0.0004    91.1119 1.0000e-12  -64.89486  -64.78950 345.956784       9.38 1.5690e+02   1258.125      30196          1  0.000e+00
    658.370    650.887     1.4678  30.360644     1.4675  30.359468     4.0705     4.1248    -0.0004    91.1119 1.0000e-12  -64.89486  -64.78950 345.956784       9.38 1.5690e+02   1258.167      30197          1  0.000e+00
    658.418    650.934     1.4678  30.361179     1.4675  30.359758     4.0722     4.1251    -0.0004    91.1119 1.0000e-12  -64.89486  -64.78950 345.956785       9.35 1.5690e+02   1258.208      30198          1  0.000e+00
    658.432    650.948     1.4677  30.360941     1.4674  30.359875     4.0665     4.1254    -0.0077    91.1119 1.0000e-12  -64.89486  -64.78950 345.956785       9.33 1.5690e+02   1258.250      30199          1  0.000e+00
    658.418    650.934     1.4677  30.361179     1.4676  30.358888     4.0653     4.1257    -0.0077    91.1119 1.0000e-12  -64.89486  -64.78950 345.956786       9.33 1.5690e+02   1258.292      30200          1  0.000e+00
    658.418    650.934     1.4678  30.360941     1.4676  30.359178     4.0702     4.1260    -0.0004    91.1119 1.0000e-12  -64.89486  -64.78950 345.956786       9.33 1.5690e+02   1258.333      30201          1  0.000e+00
    658.488    651.003     1.4678  30.361179     1.4674  30.359469     4.0721     4.1254    -0.0004    91.0862 1.0000e-12  -64.89486  -64.78950 345.956787       9.33 1.5690e+02   1258.375      30202          1  0.000e+00
    658.418    650.934     1.4677  30.360644     1.4675  30.359584     4.0665     4.1247    -0.0004    91.1119 1.0000e-12  -64.89486  -64.78950 345.956787       9.33 1.5690e+02   1258.417      30203          1  0.000e+00
    658.474    650.989     1.4678  30.360644     1.4674  30.359468     4.0656     4.1240    -0.0077    91.1119 1.0000e-12  -64.89486  -64.78950 345.956788       9.33 1.5690e+02   1258.458      30204          1  0.000e+00
    658.488    651.003     1.4678  30.360941     1.4678  30.359759     4.0722     4.1232    -0.0004    91.1119 1.0000e-12  -64.89486  -64.78950 345.956788       9.33 1.5690e+02   1258.500      30205          1  0.000e+00
    658.474    650.989     1.4678  30.360347     1.4674  30.359759     4.0728     4.1225    -0.0077    91.1119 1.0000e-12  -64.89486  -64.78950 345.956789       9.33 1.5690e+02   1258.542      30206          1  0.000e+00
    658.474    650.989     1.4678  30.360941     1.4676  30.358888     4.0674     4.1226    -0.0077    91.1119 1.0000e-12  -64.89486  -64.78950 345.956789       9.33 1.5690e+02   1258.583      30207          1  0.000e+00
    658.488    651.003     1.4675  30.361179     1.4676  30.359875     4.0711     4.1227    -0.0004    91.1119 1.0000e-12  -64.89486  -64.78950 345.956790       9.33 1.5690e+02   1258.625      30208          1  0.000e+00
    658.474    650.989     1.4677  30.360941     1.4674  30.359468     4.0672     4.1228    -0.0004    91.1119 1.0000e-12  -64.89486  -64.78950 345.956790       9.30 1.5690e+02   1258.667      30209          1  0.000e+00
    658.522    651.037     1.4678  30.360644     1.4674  30.360049     4.0725     4.1229    -0.0004    91.1119 1.0000e-12  -64.89486  -64.78950 345.956791       9.26 1.5690e+02   1258.708      30210          1  0.000e+00
    658.536    651.051     1.4677  30.360941     1.4674  30.359469     4.0657     4.1231    -0.0004    91.1119 1.0000e-12  -64.89486  -64.78950 345.956791       9.23 1.5690e+02   1258.750      30211          1  0.000e+00
    658.474    650.989     1.4678  30.361179     1.4674  30.359585     4.0710     4.1232    -0.0004    91.1119 1.0000e-12  -64.89486  -64.78950 345.956792       9.23 1.5690e+02   1258.792      30212          1  0.000e+00
    658.523    651.037     1.4677  30.360644     1.4678  30.359178     4.0717     4.1233    -0.0004    91.1119 1.0000e-12  -64.89486  -64.78950 345.956792       9.23 1.5690e+02   1258.833      30213          1  0.000e+00
    658.835    651.345     1.4677  30.361180     1.4674  30.359470     4.0676     4.1223    -0.0077    91.1119 1.0000e-12  -64.89486  -64.78950 345.956813       8.99 1.5690e+02   1260.625      30256          2  0.000e+00
    658.786    651.297     1.4677  30.361180     1.4674  30.359760     4.0738     4.1220    -0.0004    91.1119 1.0000e-12  -64.89486  -64.78950 345.956813       8.96 1.5690e+02   1260.667      30257          2  0.000e+00
    658.848    651.359     1.4677  30.360645     1.4675  30.359470     4.0681     4.1218    -0.0004    91.1119 1.0000e-12  -64.89486  -64.78950 345.956814       8.84 1.5690e+02   1260.708      30258          2  0.000e+00
    658.835    651.345     1.4678  30.360942     1.4675  30.359295     4.0683     4.1215    -0.0004    91.1119 1.0000e-12  -64.89486  -64.78950 345.956814       8.79 1.5690e+02   1260.750      30259          2  0.000e+00
    658.835    651.345     1.4677  30.360942     1.4670  30.359470     4.0731     4.1213    -0.0004    91.1119 1.0000e-12  -64.89486  -64.78950 345.956815       8.79 1.5690e+02   1260.792      30260          2  0.000e+00
    658.849    651.359     1.4674  30.360942     1.4676  30.359470     4.0748     4.1266    -0.0004    91.1119 1.0000e-12  -64.89486  -64.78950 345.956815       8.79 1.5690e+02   1260.833      30261          2  0.000e+00
    658.890    651.400     1.4676  30.360942     1.4674  30.359760     4.0705     4.1273    -0.0004    91.1119 1.0000e-12  -64.89486  -64.78950 345.956816       8.79 1.5690e+02   1260.875      30262          2  0.000e+00
    658.890    651.400     1.4675  30.360942     1.4674  30.359296     4.0633     4.1222    -0.0077    91.1119 1.0000e-12  -64.89486  -64.78950 345.956816       8.79 1.5690e+02   1260.917      30263          2  0.000e+00
    658.904    651.414     1.4675  30.360942     1.4674  30.359180     4.0682     4.1219    -0.0004    91.1119 1.0000e-12  -64.89486  -64.78950 345.956817       8.79 1.5690e+02   1260.958      30264          2  0.000e+00
    658.890    651.400     1.4677  30.361180     1.4674  30.359180     4.0671     4.1215    -0.0004    91.1119 1.0000e-12  -64.89486  -64.78950 345.956817       8.79 1.5690e+02   1261.000      30265          2  0.000e+00
    658.890    651.400     1.4675  30.360645     1.4675  30.359760     4.0661     4.1212    -0.0004    91.1119 1.0000e-12  -64.89486  -64.78950 345.956818       8.79 1.5690e+02   1261.042      30266          2  0.000e+00
    658.904    651.414     1.4675  30.360645     1.4673  30.359470     4.0710     4.1209    -0.0004    91.1119 1.0000e-12  -64.89486  -64.78950 345.956818       8.79 1.5690e+02   1261.083      30267          2  0.000e+00
    658.939    651.448     1.4676  30.360943     1.4674  30.359586     4.0668     4.1271    -0.0077    91.1119 1.0000e-12  -64.89486  -64.78950 345.956819       8.79 1.5690e+02   1261.125      30268          2  0.000e+00
    658.994    651.503     1.4677  30.360943     1.4675  30.359470     4.0658     4.1230    -0.0004    91.1119 1.0000e-12  -64.89486  -64.78950 345.956819       8.77 1.5690e+02   1261.167      30269          2  0.000e+00
    658.849    651.359     1.4675  30.360645     1.4675  30.359760     4.0647     4.1226    -0.0077    91.1119 1.0000e-12  -64.89486  -64.78950 345.956820       8.77 1.5690e+02   1261.208      30270          2  0.000e+00
    658.994    651.503     1.4677  30.360646     1.4674  30.359180     4.0652     4.1224    -0.0077    91.1119 1.0000e-12  -64.89486  -64.78950 345.956820       8.77 1.5690e+02   1261.250      30271          2  0.000e+00
    658.939    651.448     1.4672  30.360943     1.4674  30.359470     4.0716     4.1221    -0.0004    91.1119 1.0000e-12  -64.89486  -64.78950 345.956821       8.77 1.5690e+02   1261.292      30272          2  0.000e+00
    658.994    651.503     1.4675  30.360646     1.4674  30.359876     4.0661     4.1218    -0.0004    91.1634 1.0000e-12  -64.89486  -64.78950 345.956821       8.79 1.5690e+02   1261.333      30273          2  0.000e+00
    658.953    651.462     1.4674  30.360943     1.4670  30.359760     4.0710     4.1215    -0.0077    91.1634 1.0000e-12  -64.89486  -64.78950 345.956821       8.77 1.5690e+02   1261.375      30274          2  0.000e+00
    658.994    651.503     1.4676  30.360943     1.4674  30.359470     4.0669     4.1268    -0.0077    91.1634 1.0000e-12  -64.89486  -64.78950 345.956822       8.77 1.5690e+02   1261.417      30275          2  0.000e+00
    658.994    651.503     1.4674  30.360943     1.4675  30.359760     4.0659     4.1218    -0.0150    91.1377 1.0000e-12  -64.89486  -64.78950 345.956822       8.77 1.5690e+02   1261.458      30276          2  0.000e+00
    659.008    651.516     1.4674  30.360646     1.4674  30.359296     4.0649     4.1271    -0.0150    91.1634 1.0000e-12  -64.89486  -64.78950 345.956823       8.77 1.5690e+02   1261.500      30277          2  0.000e+00
    658.994    651.503     1.4675  30.360943     1.4674  30.359760     4.0713     4.1276    -0.0077    91.1634 1.0000e-12  -64.89486  -64.78950 345.956823       8.79 1.5690e+02   1261.542      30278          2  0.000e+00
