NBP2113_155081_ctd/data/nbp2113_067.cnv
* Sea-Bird SBE 9 Data File:
* FileName = D:\Data\raw\NBP2113_067.hex
* Software Version Seasave V 7.26.7.121
* Temperature SN = 2438
* Conductivity SN = 2067
* Number of Bytes Per Scan = 40
* Number of Voltage Words = 5
* Number of Scans Averaged by the Deck Unit = 1
* NMEA Latitude = 64 09.64 S
* NMEA Longitude = 061 49.92 W
* NMEA UTC (Time) = Dec 14 2021  19:29:58
* NMEA baud rate = 9600
** Ship: RVIB N.B. Palmer
** Cruise: NBP2113 LTER
** Station: 744.002
** Operator: S. Blackman
# nquan = 25
# nvalues = 946                         
# units = specified
# name 0 = prDM: Pressure, Digiquartz [db]
# name 1 = depSM: Depth [salt water, m]
# name 2 = t090C: Temperature [ITS-90, deg C]
# name 3 = c0mS/cm: Conductivity [mS/cm]
# name 4 = t190C: Temperature, 2 [ITS-90, deg C]
# name 5 = c1mS/cm: Conductivity, 2 [mS/cm]
# name 6 = sbeox0ML/L: Oxygen, SBE 43 [ml/l]
# name 7 = sbeox1ML/L: Oxygen, SBE 43, 2 [ml/l]
# name 8 = flECO-AFL: Fluorescence, WET Labs ECO-AFL/FL [mg/m^3]
# name 9 = CStarTr0: Beam Transmission, WET Labs C-Star [%]
# name 10 = par: PAR/Irradiance, Biospherical/Licor
# name 11 = latitude: Latitude [deg]
# name 12 = longitude: Longitude [deg]
# name 13 = timeJ: Julian Days
# name 14 = altM: Altimeter [m]
# name 15 = spar: SPAR, Biospherical/Licor
# name 16 = timeS: Time, Elapsed [seconds]
# name 17 = scan: Scan Count
# name 18 = density00: Density [density, kg/m^3]
# name 19 = density11: Density, 2 [density, kg/m^3]
# name 20 = sal00: Salinity, Practical [PSU]
# name 21 = sal11: Salinity, Practical, 2 [PSU]
# name 22 = oxsolML/L: Oxygen Saturation, Garcia & Gordon [ml/l]
# name 23 = nbin: number of scans per bin
# name 24 = flag: flag
# span 0 =      1.000,    476.000       
# span 1 =      0.989,    470.818       
# span 2 =    -0.7137,     0.3608       
# span 3 =  28.125544,  28.719224       
# span 4 =    -0.7135,     0.3602       
# span 5 =  28.124519,  28.717903       
# span 6 =     5.7148,    10.1845       
# span 7 =     5.8807,     8.5054       
# span 8 =    -0.0255,     1.2862       
# span 9 =    84.3543,    90.3031       
# span 10 = -4.386e-05, 5.8650e+02      
# span 11 =  -64.16168,  -64.16103      
# span 12 =  -61.83264,  -61.83203      
# span 13 = 348.815793, 348.833773      
# span 14 =       8.94,     100.99      
# span 15 = 6.7695e+02, 8.7793e+02      
# span 16 =    286.482,   1839.974      
# span 17 =       6877,      44160      
# span 18 =  1027.3322,  1030.0097      
# span 19 =  1027.3314,  1030.0080      
# span 20 =    34.0585,    34.5208      
# span 21 =    34.0573,    34.5193      
# span 22 =    7.98751,    8.19334      
# span 23 =          9,         49      
# span 24 = 0.0000e+00, 0.0000e+00      
# interval = decibars: 1                
# start_time = Dec 14 2021 19:29:58 [NMEA time, header]
# bad_flag = -9.990e-29
*END*
[from data line 406]
    412.000    407.579    -0.5549  28.387493    -0.5554  28.386039     6.0959     6.1677    -0.0185    90.2220 1.0000e-12  -64.16154  -61.83250 348.823414      73.26 8.7709e+02    944.931      22679  1029.7028  1029.7017    34.5128    34.5114    8.15539         34 0.0000e+00
    413.000    408.568    -0.5551  28.388200    -0.5551  28.387158     6.0965     6.1642    -0.0077    90.2007 1.0000e-12  -64.16154  -61.83250 348.823431      72.77 8.7615e+02    946.403      22715  1029.7079  1029.7067    34.5134    34.5120    8.15540         36 0.0000e+00
    414.000    409.557    -0.5570  28.386993    -0.5571  28.385860     6.0978     6.1632    -0.0077    90.1855 1.0000e-12  -64.16154  -61.83250 348.823449      71.78 8.7615e+02    947.974      22752  1029.7126  1029.7114    34.5132    34.5118    8.15580         35 0.0000e+00
    415.000    410.544    -0.5569  28.387431    -0.5571  28.386317     6.1024     6.1634    -0.0077    90.2015 1.0000e-12  -64.16156  -61.83250 348.823464      70.34 8.7615e+02    949.306      22784  1029.7172  1029.7162    34.5132    34.5119    8.15580         28 0.0000e+00
    416.000    411.533    -0.5570  28.387948    -0.5566  28.387238     6.0994     6.1634    -0.0068    90.1417 1.0000e-12  -64.16156  -61.83250 348.823478      69.26 8.7615e+02    950.517      22813  1029.7220  1029.7209    34.5133    34.5120    8.15580         30 0.0000e+00
    417.000    412.521    -0.5565  28.388814    -0.5568  28.387528     6.0907     6.1611    -0.0108    90.1412 1.0000e-12  -64.16156  -61.83250 348.823494      68.41 8.7615e+02    951.859      22846  1029.7266  1029.7256    34.5134    34.5120    8.15570         26 0.0000e+00
    418.000    413.509    -0.5572  28.388579    -0.5574  28.387401     6.0903     6.1609    -0.0148    90.1885 1.0000e-12  -64.16156  -61.83250 348.823510      67.38 8.7615e+02    953.283      22880  1029.7313  1029.7302    34.5132    34.5118    8.15585         33 0.0000e+00
    419.000    414.498    -0.5574  28.388860    -0.5576  28.387761     6.0912     6.1613    -0.0202    90.1478 1.0000e-12  -64.16156  -61.83250 348.823526      66.84 8.7615e+02    954.687      22913  1029.7361  1029.7350    34.5132    34.5119    8.15590         34 0.0000e+00
    420.000    415.485    -0.5574  28.389381    -0.5576  28.388107     6.0945     6.1596    -0.0086    90.1756 1.0000e-12  -64.16156  -61.83250 348.823543      65.52 8.7615e+02    956.137      22948  1029.7408  1029.7396    34.5133    34.5118    8.15589         35 0.0000e+00
    421.000    416.475    -0.5573  28.389967    -0.5573  28.388760     6.0931     6.1574     0.0004    90.1661 1.0000e-12  -64.16156  -61.83250 348.823560      64.51 8.7615e+02    957.557      22982  1029.7455  1029.7443    34.5133    34.5118    8.15586         33 0.0000e+00
    422.000    417.462    -0.5571  28.390512    -0.5574  28.389238     6.0936     6.1521    -0.0116    90.1523 1.0000e-12  -64.16156  -61.83251 348.823575      63.26 8.7615e+02    958.851      23013  1029.7502  1029.7491    34.5133    34.5119    8.15583         30 0.0000e+00
    423.000    418.450    -0.5572  28.390864    -0.5573  28.389621     6.0979     6.1590    -0.0149    90.1492 1.0000e-12  -64.16156  -61.83251 348.823590      62.92 8.7615e+02    960.147      23045  1029.7549  1029.7537    34.5132    34.5117    8.15585         31 0.0000e+00
    424.000    419.438    -0.5574  28.391202    -0.5573  28.390096     6.0993     6.1577    -0.0116    90.1574 1.0000e-12  -64.16156  -61.83252 348.823607      61.43 8.7615e+02    961.607      23080  1029.7597  1029.7584    34.5133    34.5118    8.15589         35 0.0000e+00
    425.000    420.427    -0.5574  28.391568    -0.5576  28.390317     6.0940     6.1615    -0.0065    90.1576 1.0000e-12  -64.16157  -61.83252 348.823624      60.42 8.7615e+02    963.110      23116  1029.7644  1029.7632    34.5133    34.5118    8.15590         33 0.0000e+00
    426.000    421.416    -0.5580  28.391641    -0.5582  28.390242     6.0845     6.1615    -0.0140    90.1551 1.0000e-12  -64.16158  -61.83252 348.823640      59.22 8.7615e+02    964.482      23149  1029.7693  1029.7679    34.5134    34.5117    8.15602         31 0.0000e+00
    427.000    422.403    -0.5584  28.391614    -0.5585  28.390461     6.0978     6.1563    -0.0162    90.1550 1.0000e-12  -64.16158  -61.83252 348.823655      58.40 8.7615e+02    965.769      23179  1029.7738  1029.7727    34.5132    34.5117    8.15611         31 0.0000e+00
    428.000    423.392    -0.5585  28.391971    -0.5584  28.390788     6.1004     6.1571    -0.0186    90.1495 1.0000e-12  -64.16158  -61.83252 348.823671      57.47 8.7615e+02    967.186      23213  1029.7786  1029.7772    34.5132    34.5115    8.15613         37 0.0000e+00
    429.000    424.381    -0.5584  28.392414    -0.5586  28.391114     6.0893     6.1574    -0.0140    90.1250 1.0000e-12  -64.16158  -61.83253 348.823689      56.07 8.7615e+02    968.692      23250  1029.7833  1029.7821    34.5131    34.5116    8.15613         31 0.0000e+00
    430.000    425.367    -0.5583  28.393000    -0.5585  28.391715     6.0817     6.1532    -0.0214    90.1178 1.0000e-12  -64.16158  -61.83253 348.823703      55.44 8.7615e+02    969.945      23280  1029.7880  1029.7869    34.5132    34.5117    8.15610         28 0.0000e+00
    431.000    426.356    -0.5594  28.392843    -0.5597  28.391361     6.0859     6.1603    -0.0001    90.1629 1.0000e-12  -64.16158  -61.83253 348.823715      54.28 8.7615e+02    971.007      23305  1029.7932  1029.7919    34.5135    34.5120    8.15630         24 0.0000e+00
    432.000    427.345    -0.5596  28.393079    -0.5599  28.391827     6.0878     6.1601    -0.0057    90.1471 1.0000e-12  -64.16158  -61.83254 348.823729      53.02 8.7734e+02    972.172      23333  1029.7978  1029.7968    34.5134    34.5121    8.15635         34 0.0000e+00
    433.000    428.332    -0.5586  28.394892    -0.5586  28.393780     6.0883     6.1547    -0.0065    90.1545 1.0000e-12  -64.16160  -61.83254 348.823748      52.20 8.7779e+02    973.810      23372  1029.8031  1029.8019    34.5141    34.5127    8.15609         37 0.0000e+00
    434.000    429.320    -0.5575  28.396298    -0.5577  28.394958     6.0901     6.1572    -0.0183    90.1190 1.0000e-12  -64.16160  -61.83254 348.823766      51.10 8.7785e+02    975.346      23409  1029.8078  1029.8065    34.5143    34.5127    8.15586         32 0.0000e+00
    435.000    430.310    -0.5551  28.398959    -0.5557  28.397438     6.0886     6.1593    -0.0150    90.1650 1.0000e-12  -64.16160  -61.83254 348.823780      50.16 8.7792e+02    976.572      23439  1029.8125  1029.8114    34.5145    34.5131    8.15534         29 0.0000e+00
    436.000    431.297    -0.5553  28.399384    -0.5551  28.398426     6.0908     6.1553    -0.0128    90.1437 1.0000e-12  -64.16160  -61.83254 348.823794      48.97 8.7792e+02    977.819      23469  1029.8175  1029.8162    34.5147    34.5132    8.15537         32 0.0000e+00
    437.000    432.286    -0.5547  28.400425    -0.5545  28.399457     6.0794     6.1481    -0.0133    90.1701 1.0000e-12  -64.16160  -61.83256 348.823811      48.21 8.7792e+02    979.245      23503  1029.8223  1029.8210    34.5148    34.5133    8.15523         34 0.0000e+00
    438.000    433.274    -0.5486  28.406307    -0.5474  28.406038     6.0829     6.1459    -0.0174    90.1737 1.0000e-12  -64.16160  -61.83256 348.823827      47.09 8.7792e+02    980.630      23536  1029.8267  1029.8253    34.5151    34.5135    8.15389         32 0.0000e+00
    439.000    434.262    -0.5488  28.407059    -0.5487  28.405915     6.0847     6.1468    -0.0082    90.1549 1.0000e-12  -64.16160  -61.83256 348.823841      46.22 8.7792e+02    981.896      23567  1029.8320  1029.8307    34.5158    34.5142    8.15390         30 0.0000e+00
    440.000    435.250    -0.5497  28.406429    -0.5492  28.405670     6.0863     6.1508    -0.0149    90.1593 1.0000e-12  -64.16160  -61.83256 348.823856      45.00 8.7792e+02    983.189      23598  1029.8365  1029.8352    34.5154    34.5138    8.15412         31 0.0000e+00
    441.000    436.238    -0.5497  28.406929    -0.5496  28.405846     6.0799     6.1505    -0.0188    90.1445 1.0000e-12  -64.16160  -61.83256 348.823873      43.81 8.7777e+02    984.621      23632  1029.8413  1029.8401    34.5155    34.5139    8.15411         35 0.0000e+00
    442.000    437.226    -0.5479  28.408911    -0.5482  28.407369     6.0723     6.1414    -0.0147    90.1619 1.0000e-12  -64.16161  -61.83256 348.823889      42.92 8.7736e+02    986.045      23666  1029.8459  1029.8445    34.5154    34.5137    8.15372         32 0.0000e+00
    443.000    438.216    -0.5465  28.410888    -0.5463  28.409854     6.0714     6.1469    -0.0143    90.1540 1.0000e-12  -64.16162  -61.83256 348.823904      41.91 8.7697e+02    987.321      23697  1029.8510  1029.8497    34.5159    34.5143    8.15340         30 0.0000e+00
    444.000    439.201    -0.5472  28.410633    -0.5470  28.409602     6.0760     6.1481    -0.0197    90.1346 1.0000e-12  -64.16162  -61.83256 348.823919      40.96 8.7780e+02    988.620      23728  1029.8556  1029.8544    34.5157    34.5142    8.15355         34 0.0000e+00
    445.000    440.191    -0.5464  28.411574    -0.5468  28.410111     6.0716     6.1360    -0.0074    90.1269 1.0000e-12  -64.16162  -61.83256 348.823936      39.95 8.7646e+02    990.072      23763  1029.8602  1029.8590    34.5155    34.5140    8.15340         35 0.0000e+00
    446.000    441.179    -0.5406  28.417450    -0.5406  28.415973     6.0639     6.1349    -0.0111    90.1231 1.0000e-12  -64.16162  -61.83258 348.823952      38.79 8.7615e+02    991.448      23796  1029.8650  1029.8634    34.5162    34.5143    8.15211         30 0.0000e+00
    447.000    442.166    -0.5370  28.421511    -0.5366  28.420769     6.0699     6.1369    -0.0145    90.0805 1.0000e-12  -64.16162  -61.83258 348.823966      37.81 8.7615e+02    992.701      23826  1029.8701  1029.8689    34.5170    34.5155    8.15129         32 0.0000e+00
    448.000    443.157    -0.5403  28.419252    -0.5389  28.419151     6.0731     6.1424    -0.0190    90.1088 1.0000e-12  -64.16162  -61.83258 348.823983      36.80 8.7615e+02    994.162      23861  1029.8752  1029.8737    34.5171    34.5153    8.15200         36 0.0000e+00
    449.000    444.143    -0.5409  28.418612    -0.5406  28.417066     6.0765     6.1438    -0.0147    90.1151 1.0000e-12  -64.16162  -61.83258 348.824002      35.71 8.7615e+02    995.732      23899  1029.8794  1029.8775    34.5163    34.5139    8.15217         35 0.0000e+00
    450.000    445.132    -0.5390  28.421020    -0.5391  28.419694     6.0655     6.1374    -0.0192    90.1031 1.0000e-12  -64.16162  -61.83258 348.824016      34.58 8.7603e+02    997.012      23929  1029.8845  1029.8831    34.5168    34.5151    8.15174         28 0.0000e+00
    451.000    446.119    -0.5389  28.421338    -0.5396  28.419644     6.0652     6.1385    -0.0165    90.0647 1.0000e-12  -64.16162  -61.83258 348.824030      33.71 8.7488e+02    998.204      23958  1029.8890  1029.8878    34.5165    34.5150    8.15174         30 0.0000e+00
    452.000    447.108    -0.5395  28.421539    -0.5410  28.418905     6.0730     6.1427    -0.0133    90.0176 1.0000e-12  -64.16163  -61.83258 348.824046      32.62 8.7439e+02    999.578      23991  1029.8940  1029.8926    34.5169    34.5150    8.15184         33 0.0000e+00
    453.000    448.096    -0.5408  28.420398    -0.5407  28.419437     6.0787     6.1423    -0.0130    90.0607 1.0000e-12  -64.16164  -61.83258 348.824063      31.79 8.7439e+02   1001.016      24025  1029.8983  1029.8972    34.5161    34.5147    8.15215         32 0.0000e+00
    454.000    449.083    -0.5405  28.421227    -0.5402  28.420487     6.0745     6.1405    -0.0176    90.0702 1.0000e-12  -64.16164  -61.83258 348.824078      30.58 8.7439e+02   1002.356      24058  1029.9032  1029.9020    34.5164    34.5150    8.15208         31 0.0000e+00
    455.000    450.073    -0.5416  28.420614    -0.5421  28.419153     6.0695     6.1367    -0.0150    90.0707 1.0000e-12  -64.16164  -61.83258 348.824093      29.70 8.7439e+02   1003.673      24089  1029.9079  1029.9068    34.5162    34.5148    8.15234         32 0.0000e+00
    456.000    451.059    -0.5427  28.420039    -0.5432  28.418254     6.0776     6.1378    -0.0150    90.0671 1.0000e-12  -64.16164  -61.83258 348.824109      28.76 8.7439e+02   1005.053      24122  1029.9126  1029.9112    34.5160    34.5142    8.15257         33 0.0000e+00
    457.000    452.047    -0.5433  28.419921    -0.5430  28.419131     6.0833     6.1395    -0.0150    90.0781 1.0000e-12  -64.16164  -61.83258 348.824125      27.61 8.7299e+02   1006.422      24155  1029.9173  1029.9161    34.5159    34.5145    8.15270         32 0.0000e+00
    458.000    453.036    -0.5433  28.420109    -0.5434  28.418988     6.0824     6.1423    -0.0150    90.0707 1.0000e-12  -64.16164  -61.83259 348.824140      26.78 8.7263e+02   1007.696      24186  1029.9218  1029.9206    34.5156    34.5142    8.15272         30 0.0000e+00
    459.000    454.024    -0.5436  28.420523    -0.5465  28.416686     6.0814     6.1423    -0.0104    90.0733 1.0000e-12  -64.16164  -61.83259 348.824155      25.63 8.7263e+02   1008.988      24217  1029.9268  1029.9255    34.5159    34.5140    8.15278         33 0.0000e+00
    460.000    455.012    -0.5477  28.417271    -0.5481  28.415672     6.0885     6.1455    -0.0135    90.0744 1.0000e-12  -64.16164  -61.83259 348.824171      24.78 8.7190e+02   1010.402      24251  1029.9316  1029.9302    34.5156    34.5139    8.15368         34 0.0000e+00
    461.000    456.001    -0.5486  28.416690    -0.5485  28.415592     6.0844     6.1407    -0.0129    90.0886 1.0000e-12  -64.16164  -61.83260 348.824187      23.63 8.7084e+02   1011.793      24284  1029.9361  1029.9348    34.5153    34.5137    8.15390         32 0.0000e+00
    462.000    456.987    -0.5491  28.416694    -0.5490  28.415472     6.0787     6.1428    -0.0095    90.0706 1.0000e-12  -64.16164  -61.83260 348.824203      22.84 8.7086e+02   1013.111      24316  1029.9408  1029.9394    34.5152    34.5135    8.15400         32 0.0000e+00
    463.000    457.978    -0.5419  28.423443    -0.5412  28.423236     6.0715     6.1333    -0.0147    90.1007 1.0000e-12  -64.16166  -61.83260 348.824219      21.61 8.7037e+02   1014.489      24349  1029.9453  1029.9442    34.5155    34.5144    8.15244         32 0.0000e+00
    464.000    458.964    -0.5380  28.427841    -0.5385  28.426488     6.0684     6.1382    -0.0146    90.0740 1.0000e-12  -64.16166  -61.83260 348.824235      20.79 8.6908e+02   1015.913      24383  1029.9503  1029.9493    34.5164    34.5151    8.15154         34 0.0000e+00
    465.000    459.952    -0.5360  28.430424    -0.5365  28.428842     6.0628     6.1346    -0.0147    90.0564 1.0000e-12  -64.16166  -61.83260 348.824250      19.82 8.6910e+02   1017.214      24414  1029.9553  1029.9541    34.5170    34.5153    8.15108         30 0.0000e+00
    466.000    460.941    -0.5345  28.432216    -0.5363  28.429354     6.0521     6.1305    -0.0150    90.0744 1.0000e-12  -64.16166  -61.83260 348.824266      18.63 8.6809e+02   1018.568      24447  1029.9601  1029.9588    34.5171    34.5152    8.15075         35 0.0000e+00
    467.000    461.929    -0.5317  28.435701    -0.5315  28.434598     6.0405     6.1315    -0.0150    90.0717 1.0000e-12  -64.16166  -61.83260 348.824287      17.68 8.6687e+02   1020.378      24490  1029.9653  1029.9639    34.5179    34.5163    8.15010         40 0.0000e+00
    468.000    462.916    -0.5286  28.439106    -0.5288  28.437854     6.0491     6.1250    -0.0148    90.1142 1.0000e-12  -64.16166  -61.83260 348.824307      16.69 8.6556e+02   1022.094      24531  1029.9703  1029.9691    34.5184    34.5170    8.14941         37 0.0000e+00
