NBP2113_155081_ctd/data/nbp2113_018.ros
* Sea-Bird SBE 9 Data File:
* FileName = D:\Data\raw\NBP2113_018.hex
* Software Version Seasave V 7.26.7.121
* Temperature SN = 2438
* Conductivity SN = 2067
* Number of Bytes Per Scan = 40
* Number of Voltage Words = 5
* Number of Scans Averaged by the Deck Unit = 1
* NMEA Latitude = 65 50.87 S
* NMEA Longitude = 071 22.66 W
* NMEA UTC (Time) = Nov 28 2021  20:11:54
* NMEA baud rate = 9600
** Ship: RVIB N.B. Palmer
** Cruise: NBP2113 LTER
** Station: 300.200
** Operator: S. Blackman
# nquan = 20
# nvalues = 1144                                  
# units = specified
# name 0 = prDM: Pressure, Digiquartz [db]
# name 1 = depSM: Depth [salt water, m]
# name 2 = t090C: Temperature [ITS-90, deg C]
# name 3 = c0mS/cm: Conductivity [mS/cm]
# name 4 = t190C: Temperature, 2 [ITS-90, deg C]
# name 5 = c1mS/cm: Conductivity, 2 [mS/cm]
# name 6 = sbeox0ML/L: Oxygen, SBE 43 [ml/l]
# name 7 = sbeox1ML/L: Oxygen, SBE 43, 2 [ml/l]
# name 8 = flECO-AFL: Fluorescence, WET Labs ECO-AFL/FL [mg/m^3]
# name 9 = CStarTr0: Beam Transmission, WET Labs C-Star [%]
# name 10 = par: PAR/Irradiance, Biospherical/Licor
# name 11 = latitude: Latitude [deg]
# name 12 = longitude: Longitude [deg]
# name 13 = timeJ: Julian Days
# name 14 = altM: Altimeter [m]
# name 15 = spar: SPAR, Biospherical/Licor
# name 16 = timeS: Time, Elapsed [seconds]
# name 17 = scan: Scan Count
# name 18 = nbf: Bottles Fired
# name 19 = flag:  0.000e+00
# interval = seconds: 0.0416667
# start_time = Nov 28 2021 20:11:54 [NMEA time, header]
# bad_flag = -9.990e-29
*END*
[from data line 797]
     38.151     37.771    -0.6051  27.759340    -0.6079  27.756637     8.3536     8.3889     7.9703    86.0650 1.0000e-12  -65.84756  -71.37876 332.934810      99.93 3.5786e+02   8053.583     193287         17  0.000e+00
     38.151     37.771    -0.6051  27.759685    -0.6074  27.756356     8.3437     8.3890     8.1608    86.0650 1.0000e-12  -65.84756  -71.37876 332.934810      99.95 3.5786e+02   8053.625     193288         17  0.000e+00
     38.199     37.819    -0.6048  27.759800    -0.6069  27.756805     8.3368     8.3890     8.1535    86.0650 1.0000e-12  -65.84756  -71.37876 332.934811      99.95 3.5786e+02   8053.667     193289         17  0.000e+00
     38.199     37.819    -0.6048  27.759800    -0.6068  27.757198     8.3371     8.3889     8.1315    86.0650 1.0000e-12  -65.84756  -71.37876 332.934811      99.98 3.5786e+02   8053.708     193290         17  0.000e+00
     38.151     37.771    -0.6048  27.759570    -0.6066  27.757310     8.3357     8.3886     8.1315    86.0650 1.0000e-12  -65.84756  -71.37876 332.934812      99.95 3.5786e+02   8053.750     193291         17  0.000e+00
     38.199     37.819    -0.6048  27.759512    -0.6066  27.757478     8.3359     8.3884     8.1241    86.0650 1.0000e-12  -65.84756  -71.37876 332.934812      99.93 3.5786e+02   8053.792     193292         17  0.000e+00
     38.199     37.819    -0.6048  27.759512    -0.6063  27.757535     8.3405     8.3880     8.1315    86.0650 1.0000e-12  -65.84756  -71.37876 332.934813      99.95 3.5786e+02   8053.833     193293         17  0.000e+00
     38.151     37.771    -0.6048  27.759512    -0.6061  27.757310     8.3524     8.3884     8.1315    86.0650 1.0000e-12  -65.84756  -71.37876 332.934813      99.98 3.5786e+02   8053.875     193294         17  0.000e+00
     38.199     37.819    -0.6049  27.759685    -0.6062  27.757647     8.3494     8.3888     8.1315    86.0650 1.0000e-12  -65.84756  -71.37876 332.934814      99.98 3.5786e+02   8053.917     193295         17  0.000e+00
     38.199     37.819    -0.6043  27.759972    -0.6054  27.757983     8.3492     8.3889     8.1315    86.0650 1.0000e-12  -65.84756  -71.37876 332.934814      99.98 3.5786e+02   8053.958     193296         17  0.000e+00
     38.199     37.819    -0.6043  27.760029    -0.6054  27.758432     8.3504     8.3890     8.1315    86.0650 1.0000e-12  -65.84756  -71.37876 332.934815      99.98 3.5786e+02   8054.000     193297         17  0.000e+00
     38.247     37.866    -0.6040  27.760202    -0.6051  27.758769     8.3502     8.3892     8.1315    86.0650 1.0000e-12  -65.84756  -71.37876 332.934815      99.98 3.5786e+02   8054.042     193298         17  0.000e+00
     38.199     37.819    -0.6037  27.760317    -0.6050  27.758488     8.3497     8.3892     8.1315    86.0392 1.0000e-12  -65.84756  -71.37876 332.934816      99.95 3.5786e+02   8054.083     193299         17  0.000e+00
     38.199     37.819    -0.6035  27.760317    -0.6050  27.758544     8.3536     8.3883     8.1315    85.9877 1.0000e-12  -65.84756  -71.37876 332.934816      99.95 3.5786e+02   8054.125     193300         17  0.000e+00
     38.199     37.819    -0.6034  27.760317    -0.6048  27.758600     8.3660     8.3881     8.1315    85.9620 1.0000e-12  -65.84756  -71.37876 332.934817      99.98 3.5786e+02   8054.167     193301         17  0.000e+00
     38.247     37.866    -0.6038  27.760087    -0.6048  27.758601     8.3693     8.3880     8.1315    85.9620 1.0000e-12  -65.84756  -71.37876 332.934817      99.98 3.5786e+02   8054.208     193302         17  0.000e+00
     38.247     37.866    -0.6040  27.760029    -0.6045  27.758993     8.3663     8.3876     8.1315    85.9620 1.0000e-12  -65.84756  -71.37876 332.934818      99.95 3.5786e+02   8054.250     193303         17  0.000e+00
     38.247     37.866    -0.6038  27.760029    -0.6046  27.758320     8.3631     8.3938     8.1315    85.9620 1.0000e-12  -65.84756  -71.37876 332.934818      99.93 3.5786e+02   8054.292     193304         17  0.000e+00
     38.199     37.819    -0.6038  27.760317    -0.6050  27.758264     8.3598     8.3943     8.1315    85.9620 1.0000e-12  -65.84756  -71.37876 332.934819      99.95 3.5786e+02   8054.333     193305         17  0.000e+00
     38.247     37.866    -0.6031  27.760949    -0.6048  27.758713     8.3609     8.3946     8.1241    85.9620 1.0000e-12  -65.84756  -71.37876 332.934819      99.98 3.5786e+02   8054.375     193306         17  0.000e+00
     38.302     37.920    -0.6012  27.762098    -0.6046  27.758881     8.3545     8.3949     8.1315    85.9620 1.0000e-12  -65.84756  -71.37876 332.934820      99.98 3.5786e+02   8054.417     193307         17  0.000e+00
     38.247     37.866    -0.6005  27.762615    -0.6046  27.758825     8.3585     8.3950     8.1315    85.9620 1.0000e-12  -65.84756  -71.37876 332.934820      99.98 3.5786e+02   8054.458     193308         17  0.000e+00
     38.247     37.866    -0.6001  27.762844    -0.6046  27.758488     8.3816     8.3951     8.1241    85.9620 1.0000e-12  -65.84756  -71.37876 332.934821      99.98 3.5786e+02   8054.500     193309         17  0.000e+00
     38.199     37.819    -0.6000  27.762959    -0.6054  27.757927     8.3923     8.3951     8.1315    85.9620 1.0000e-12  -65.84756  -71.37876 332.934821      99.98 3.5786e+02   8054.542     193310         17  0.000e+00
     38.370     37.988    -0.5999  27.762960    -0.6051  27.758152     8.3853     8.3905     8.1315    85.9620 1.0000e-12  -65.84756  -71.37876 332.934822      99.95 3.5786e+02   8054.583     193311         17  0.000e+00
     38.247     37.866    -0.6000  27.762959    -0.6050  27.758488     8.3837     8.3947     8.1461    85.9620 1.0000e-12  -65.84756  -71.37876 332.934822      99.95 3.5786e+02   8054.625     193312         17  0.000e+00
     38.302     37.921    -0.6000  27.762959    -0.6045  27.759162     8.3736     8.3943     8.4245    85.9620 1.0000e-12  -65.84756  -71.37876 332.934823      99.98 3.5786e+02   8054.667     193313         17  0.000e+00
     38.302     37.921    -0.5999  27.763304    -0.6040  27.759218     8.3561     8.3947     8.5710    85.9620 1.0000e-12  -65.84756  -71.37876 332.934823      99.98 3.5786e+02   8054.708     193314         17  0.000e+00
     38.302     37.921    -0.6000  27.763074    -0.6043  27.759162     8.3509     8.3942     8.5857    85.9362 1.0000e-12  -65.84756  -71.37876 332.934823      99.95 3.5786e+02   8054.750     193315         17  0.000e+00
     38.302     37.921    -0.5997  27.763304    -0.6042  27.759330     8.3588     8.3945     8.5784    85.9620 1.0000e-12  -65.84756  -71.37876 332.934824      99.93 3.5786e+02   8054.792     193316         17  0.000e+00
     38.350     37.968    -0.5995  27.763304    -0.6039  27.759386     8.3638     8.3947     8.5710    85.9620 1.0000e-12  -65.84756  -71.37876 332.934824      99.95 3.5786e+02   8054.833     193317         17  0.000e+00
     38.302     37.921    -0.5997  27.763591    -0.6033  27.759779     8.3614     8.3946     8.5710    85.9620 1.0000e-12  -65.84756  -71.37876 332.934825      99.98 3.5786e+02   8054.875     193318         17  0.000e+00
     38.350     37.968    -0.5997  27.763534    -0.6033  27.759667     8.3589     8.4002     8.5710    85.9362 1.0000e-12  -65.84756  -71.37876 332.934825      99.98 3.5786e+02   8054.917     193319         17  0.000e+00
     38.302     37.921    -0.5994  27.763649    -0.6031  27.760003     8.3562     8.4010     8.5710    85.7302 1.0000e-12  -65.84756  -71.37876 332.934826      99.98 3.5786e+02   8054.958     193320         17  0.000e+00
     38.350     37.968    -0.5992  27.763764    -0.6029  27.759947     8.3418     8.3953     8.5710    85.6015 1.0000e-12  -65.84756  -71.37876 332.934826      99.98 3.5786e+02   8055.000     193321         17  0.000e+00
     38.350     37.968    -0.5994  27.763764    -0.6028  27.760060     8.3349     8.3941     8.5637    85.5757 1.0000e-12  -65.84756  -71.37876 332.934827      99.98 3.5786e+02   8055.042     193322         17  0.000e+00
     38.913     38.525    -0.6059  27.759285    -0.6037  27.759612     8.3420     8.3871     5.8824    86.5800 1.0000e-12  -65.84758  -71.37878 332.934891      99.98 3.5786e+02   8060.542     193454         18  0.000e+00
     38.913     38.525    -0.6060  27.759055    -0.6042  27.759276     8.3496     8.3868     5.8824    86.5800 1.0000e-12  -65.84758  -71.37878 332.934891      99.95 3.5786e+02   8060.583     193455         18  0.000e+00
     38.961     38.573    -0.6057  27.758997    -0.6043  27.759107     8.3479     8.3865     5.8824    86.5800 1.0000e-12  -65.84758  -71.37878 332.934891      99.95 3.5786e+02   8060.625     193456         18  0.000e+00
     38.913     38.525    -0.6056  27.758997    -0.6043  27.759276     8.3416     8.3860     5.8824    86.5542 1.0000e-12  -65.84758  -71.37878 332.934892      99.98 3.5786e+02   8060.667     193457         18  0.000e+00
     38.961     38.573    -0.6059  27.758997    -0.6045  27.758995     8.3413     8.3921     5.8824    86.5800 1.0000e-12  -65.84758  -71.37878 332.934892      99.98 3.5786e+02   8060.708     193458         18  0.000e+00
     38.961     38.573    -0.6059  27.758997    -0.6045  27.758659     8.3496     8.3926     5.8824    86.5800 1.0000e-12  -65.84758  -71.37878 332.934893      99.95 3.5786e+02   8060.750     193459         18  0.000e+00
     38.961     38.573    -0.6059  27.758997    -0.6052  27.758210     8.3520     8.3933     5.8824    86.5800 1.0000e-12  -65.84756  -71.37878 332.934893      99.93 3.5786e+02   8060.792     193460         18  0.000e+00
     38.981     38.593    -0.6060  27.758997    -0.6060  27.757873     8.3531     8.3893     5.8824    86.5027 1.0000e-12  -65.84756  -71.37878 332.934894      99.95 3.5786e+02   8060.833     193461         18  0.000e+00
     39.063     38.675    -0.6062  27.758998    -0.6063  27.757986     8.3469     8.3945     5.8824    86.3997 1.0000e-12  -65.84756  -71.37878 332.934894      99.98 3.5786e+02   8060.875     193462         18  0.000e+00
     38.961     38.573    -0.6062  27.759170    -0.6060  27.757873     8.3478     8.3947     5.8824    86.3740 1.0000e-12  -65.84756  -71.37878 332.934895      99.98 3.5786e+02   8060.917     193463         18  0.000e+00
     39.016     38.627    -0.6062  27.758883    -0.6062  27.757817     8.3430     8.3897     5.8824    86.3740 1.0000e-12  -65.84756  -71.37878 332.934895      99.98 3.5786e+02   8060.958     193464         18  0.000e+00
     39.063     38.675    -0.6062  27.758768    -0.6060  27.757986     8.3428     8.3892     5.8824    86.3740 1.0000e-12  -65.84756  -71.37878 332.934896      99.98 3.5786e+02   8061.000     193465         18  0.000e+00
     39.016     38.627    -0.6062  27.758768    -0.6062  27.757705     8.3354     8.3942     5.8824    86.3740 1.0000e-12  -65.84756  -71.37878 332.934896      99.98 3.5786e+02   8061.042     193466         18  0.000e+00
     39.064     38.675    -0.6065  27.758940    -0.6063  27.757761     8.3458     8.3946     5.8824    86.3740 1.0000e-12  -65.84756  -71.37878 332.934897      99.95 3.5786e+02   8061.083     193467         18  0.000e+00
     39.016     38.627    -0.6065  27.758825    -0.6065  27.757817     8.3472     8.3948     5.8824    86.3740 1.0000e-12  -65.84756  -71.37878 332.934897      99.95 3.5786e+02   8061.125     193468         18  0.000e+00
     39.064     38.675    -0.6064  27.758768    -0.6068  27.757425     8.3487     8.3897     5.8824    86.3740 1.0000e-12  -65.84756  -71.37878 332.934898      99.98 3.5786e+02   8061.167     193469         18  0.000e+00
     39.064     38.675    -0.6062  27.758940    -0.6071  27.757481     8.3561     8.3947     5.9117    86.3740 1.0000e-12  -65.84756  -71.37878 332.934898      99.98 3.5786e+02   8061.208     193470         18  0.000e+00
     39.111     38.722    -0.6062  27.758825    -0.6071  27.757537     8.3562     8.3949     6.6516    86.3740 1.0000e-12  -65.84756  -71.37878 332.934899      99.95 3.5786e+02   8061.250     193471         18  0.000e+00
     39.064     38.675    -0.6065  27.758768    -0.6066  27.757369     8.3489     8.3959     7.0912    86.3740 1.0000e-12  -65.84756  -71.37878 332.934899      99.93 3.5786e+02   8061.292     193472         18  0.000e+00
     39.111     38.722    -0.6064  27.758768    -0.6068  27.757481     8.3459     8.3916     7.1351    86.3740 1.0000e-12  -65.84756  -71.37878 332.934900      99.95 3.5786e+02   8061.333     193473         18  0.000e+00
     39.064     38.675    -0.6066  27.758308    -0.6065  27.757705     8.3443     8.3908     7.1058    86.3740 1.0000e-12  -65.84756  -71.37878 332.934900      99.98 3.5786e+02   8061.375     193474         18  0.000e+00
     39.112     38.722    -0.6068  27.758596    -0.6065  27.757986     8.3427     8.3956     7.0839    86.3740 1.0000e-12  -65.84756  -71.37878 332.934901      99.98 3.5786e+02   8061.417     193475         18  0.000e+00
     39.112     38.722    -0.6073  27.758768    -0.6062  27.758042     8.3410     8.3958     7.0839    86.3740 1.0000e-12  -65.84756  -71.37878 332.934901      99.98 3.5786e+02   8061.458     193476         18  0.000e+00
     39.112     38.722    -0.6073  27.758308    -0.6066  27.758098     8.3334     8.3905     7.0839    86.3740 1.0000e-12  -65.84756  -71.37878 332.934902      99.98 3.5786e+02   8061.500     193477         18  0.000e+00
     39.112     38.722    -0.6066  27.758596    -0.6062  27.757874     8.3387     8.3897     7.0912    86.3740 1.0000e-12  -65.84756  -71.37878 332.934902      99.98 3.5786e+02   8061.542     193478         18  0.000e+00
     39.112     38.722    -0.6065  27.758538    -0.6062  27.757986     8.3412     8.3945     7.0912    86.3740 1.0000e-12  -65.84756  -71.37878 332.934903      99.95 3.5786e+02   8061.583     193479         18  0.000e+00
     39.112     38.722    -0.6071  27.758826    -0.6062  27.758098     8.3439     8.3946     7.0912    86.3740 1.0000e-12  -65.84756  -71.37878 332.934903      99.95 3.5786e+02   8061.625     193480         18  0.000e+00
     39.112     38.722    -0.6060  27.758998    -0.6062  27.758266     8.3391     8.3946     7.0839    86.3482 1.0000e-12  -65.84756  -71.37878 332.934904      99.98 3.5786e+02   8061.667     193481         18  0.000e+00
     39.132     38.743    -0.6061  27.759170    -0.6062  27.758154     8.3509     8.3947     7.0912    86.2195 1.0000e-12  -65.84756  -71.37878 332.934904      99.98 3.5786e+02   8061.708     193482         18  0.000e+00
     39.112     38.722    -0.6065  27.758883    -0.6060  27.758266     8.3479     8.3946     7.0912    86.1680 1.0000e-12  -65.84756  -71.37878 332.934905      99.95 3.5786e+02   8061.750     193483         18  0.000e+00
     39.112     38.722    -0.6063  27.758940    -0.6060  27.758154     8.3407     8.3946     7.0839    86.1680 1.0000e-12  -65.84756  -71.37878 332.934905      99.93 3.5786e+02   8061.792     193484         18  0.000e+00
     39.112     38.722    -0.6064  27.758596    -0.6062  27.758266     8.3394     8.3945     7.0839    86.1680 1.0000e-12  -65.84756  -71.37878 332.934905      99.95 3.5786e+02   8061.833     193485         18  0.000e+00
     39.166     38.776    -0.6062  27.758826    -0.6059  27.758098     8.3396     8.3944     7.0839    86.1680 1.0000e-12  -65.84756  -71.37878 332.934906      99.98 3.5786e+02   8061.875     193486         18  0.000e+00
     39.112     38.722    -0.6059  27.759342    -0.6062  27.758266     8.3397     8.3952     7.0912    86.1680 1.0000e-12  -65.84756  -71.37878 332.934906      99.98 3.5786e+02   8061.917     193487         18  0.000e+00
     39.112     38.722    -0.6064  27.758940    -0.6057  27.758379     8.3374     8.3949     7.0839    86.1680 1.0000e-12  -65.84756  -71.37878 332.934907      99.95 3.5786e+02   8061.958     193488         18  0.000e+00
