NBP2113_155081_ctd/data/nbp2113_012.ros
* Sea-Bird SBE 9 Data File:
* FileName = D:\Data\raw\NBP2113_012.hex
* Software Version Seasave V 7.26.7.121
* Temperature SN = 2438
* Conductivity SN = 2067
* Number of Bytes Per Scan = 40
* Number of Voltage Words = 5
* Number of Scans Averaged by the Deck Unit = 1
* NMEA Latitude = 64 36.38 S
* NMEA Longitude = 068 17.17 W
* NMEA UTC (Time) = Nov 26 2021  18:58:06
* NMEA baud rate = 9600
** Ship: RVIB N.B. Palmer
** Cruise: NBP2113 LTER
** Station: 500.200
** Operator: S. Blackman
# nquan = 20
# nvalues = 1148                                  
# units = specified
# name 0 = prDM: Pressure, Digiquartz [db]
# name 1 = depSM: Depth [salt water, m]
# name 2 = t090C: Temperature [ITS-90, deg C]
# name 3 = c0mS/cm: Conductivity [mS/cm]
# name 4 = t190C: Temperature, 2 [ITS-90, deg C]
# name 5 = c1mS/cm: Conductivity, 2 [mS/cm]
# name 6 = sbeox0ML/L: Oxygen, SBE 43 [ml/l]
# name 7 = sbeox1ML/L: Oxygen, SBE 43, 2 [ml/l]
# name 8 = flECO-AFL: Fluorescence, WET Labs ECO-AFL/FL [mg/m^3]
# name 9 = CStarTr0: Beam Transmission, WET Labs C-Star [%]
# name 10 = par: PAR/Irradiance, Biospherical/Licor
# name 11 = latitude: Latitude [deg]
# name 12 = longitude: Longitude [deg]
# name 13 = timeJ: Julian Days
# name 14 = altM: Altimeter [m]
# name 15 = spar: SPAR, Biospherical/Licor
# name 16 = timeS: Time, Elapsed [seconds]
# name 17 = scan: Scan Count
# name 18 = nbf: Bottles Fired
# name 19 = flag:  0.000e+00
# interval = seconds: 0.0416667
# start_time = Nov 26 2021 18:58:06 [NMEA time, header]
# bad_flag = -9.990e-29
*END*
[from data line 507]
     65.082     64.436    -0.7204  27.709512    -0.7189  27.709825     8.2741     8.0956     0.9080    94.7169 1.0000e-12  -64.60632  -68.28590 330.874255      99.98 1.7470e+03   7249.667     173993         11  0.000e+00
     65.137     64.490    -0.7211  27.709111    -0.7193  27.709545     8.2725     8.0954     0.9007    94.6911 1.0000e-12  -64.60632  -68.28590 330.874256      99.98 1.7453e+03   7249.708     173994         11  0.000e+00
     65.137     64.490    -0.7217  27.709168    -0.7201  27.709320     8.2797     8.0960     0.9007    94.6654 1.0000e-12  -64.60632  -68.28590 330.874256      99.98 1.7453e+03   7249.750     173995         11  0.000e+00
     65.137     64.490    -0.7212  27.709685    -0.7202  27.709040     8.2774     8.0956     0.9300    94.6654 1.0000e-12  -64.60632  -68.28588 330.874257      99.98 1.7453e+03   7249.792     173996         11  0.000e+00
     65.137     64.490    -0.7201  27.710201    -0.7201  27.708816     8.2796     8.0950     0.9447    94.6654 1.0000e-12  -64.60632  -68.28588 330.874257      99.95 1.7453e+03   7249.833     173997         11  0.000e+00
     65.137     64.490    -0.7198  27.710201    -0.7207  27.708479     8.2759     8.0945     0.9373    94.6654 1.0000e-12  -64.60632  -68.28588 330.874258      99.98 1.7453e+03   7249.875     173998         11  0.000e+00
     65.185     64.537    -0.7195  27.710890    -0.7212  27.708087     8.2886     8.0940     0.9447    94.6654 1.0000e-12  -64.60632  -68.28588 330.874258      99.98 1.7453e+03   7249.917     173999         11  0.000e+00
     65.137     64.490    -0.7191  27.711752    -0.7218  27.707975     8.2920     8.0942     0.9447    94.6654 1.0000e-12  -64.60632  -68.28588 330.874259      99.98 1.7435e+03   7249.958     174000         11  0.000e+00
     65.185     64.537    -0.7175  27.712728    -0.7217  27.707975     8.2936     8.0944     0.9373    94.6654 1.0000e-12  -64.60632  -68.28588 330.874259      99.95 1.7435e+03   7250.000     174001         11  0.000e+00
     65.192     64.544    -0.7175  27.712900    -0.7216  27.708087     8.2940     8.0944     0.9447    94.6654 1.0000e-12  -64.60632  -68.28588 330.874260      99.98 1.7435e+03   7250.042     174002         11  0.000e+00
     65.185     64.537    -0.7179  27.711809    -0.7212  27.708367     8.2988     8.0943     0.9373    94.6654 1.0000e-12  -64.60632  -68.28588 330.874260      99.98 1.7435e+03   7250.083     174003         11  0.000e+00
     65.240     64.592    -0.7184  27.711005    -0.7208  27.708480     8.2958     8.0999     0.9373    94.6654 1.0000e-12  -64.60632  -68.28588 330.874261      99.98 1.7435e+03   7250.125     174004         11  0.000e+00
     65.192     64.544    -0.7195  27.710316    -0.7213  27.708480     8.2898     8.1007     0.9373    94.6654 1.0000e-12  -64.60632  -68.28588 330.874261      99.98 1.7417e+03   7250.167     174005         11  0.000e+00
     65.240     64.592    -0.7203  27.709915    -0.7219  27.707863     8.2999     8.1017     0.9373    94.6654 1.0000e-12  -64.60632  -68.28588 330.874262      99.98 1.7417e+03   7250.208     174006         11  0.000e+00
     65.240     64.592    -0.7200  27.710604    -0.7218  27.707414     8.3004     8.0968     0.9373    94.6654 1.0000e-12  -64.60632  -68.28588 330.874262      99.98 1.7417e+03   7250.250     174007         11  0.000e+00
     65.240     64.592    -0.7200  27.710374    -0.7223  27.707358     8.2962     8.0967     0.9447    94.6654 1.0000e-12  -64.60632  -68.28588 330.874263      99.98 1.7417e+03   7250.292     174008         11  0.000e+00
     65.288     64.639    -0.7200  27.710317    -0.7225  27.707022     8.2950     8.1020     0.9373    94.6654 1.0000e-12  -64.60632  -68.28588 330.874263      99.95 1.7417e+03   7250.333     174009         11  0.000e+00
     65.240     64.592    -0.7201  27.710374    -0.7231  27.706686     8.2935     8.1026     0.9373    94.6654 1.0000e-12  -64.60632  -68.28588 330.874264      99.95 1.7400e+03   7250.375     174010         11  0.000e+00
     65.240     64.592    -0.7203  27.710202    -0.7236  27.706798     8.2888     8.1032     0.9373    94.6654 1.0000e-12  -64.60632  -68.28588 330.874264      99.98 1.7400e+03   7250.417     174011         11  0.000e+00
     65.391     64.741    -0.7203  27.710317    -0.7234  27.706293     8.2842     8.1037     0.9373    94.6654 1.0000e-12  -64.60632  -68.28588 330.874265      99.98 1.7400e+03   7250.458     174012         11  0.000e+00
     65.288     64.639    -0.7203  27.709972    -0.7237  27.706293     8.2825     8.1039     0.9373    94.6654 1.0000e-12  -64.60632  -68.28588 330.874265      99.95 1.7400e+03   7250.500     174013         11  0.000e+00
     65.336     64.687    -0.7203  27.710145    -0.7235  27.706405     8.2794     8.1042     0.9373    94.6396 1.0000e-12  -64.60632  -68.28588 330.874266      99.95 1.7400e+03   7250.542     174014         11  0.000e+00
     65.343     64.694    -0.7204  27.710145    -0.7236  27.706406     8.2837     8.1043     0.9373    94.5881 1.0000e-12  -64.60632  -68.28588 330.874266      99.98 1.7400e+03   7250.583     174015         11  0.000e+00
     65.336     64.687    -0.7214  27.709513    -0.7237  27.706125     8.2940     8.1045     0.9373    94.5624 1.0000e-12  -64.60632  -68.28588 330.874266      99.98 1.7400e+03   7250.625     174016         11  0.000e+00
     65.391     64.741    -0.7215  27.709513    -0.7237  27.706462     8.2993     8.1045     0.9373    94.5624 1.0000e-12  -64.60632  -68.28588 330.874267      99.98 1.7382e+03   7250.667     174017         11  0.000e+00
     65.391     64.741    -0.7211  27.709973    -0.7239  27.706462     8.3024     8.1044     0.9373    94.5624 1.0000e-12  -64.60632  -68.28588 330.874267      99.98 1.7382e+03   7250.708     174018         11  0.000e+00
     65.391     64.741    -0.7209  27.709743    -0.7236  27.706574     8.2980     8.1042     0.9373    94.5624 1.0000e-12  -64.60632  -68.28588 330.874268      99.98 1.7382e+03   7250.750     174019         11  0.000e+00
     65.391     64.741    -0.7212  27.709169    -0.7231  27.706798     8.2848     8.1095     0.9373    94.5624 1.0000e-12  -64.60632  -68.28588 330.874268      99.98 1.7382e+03   7250.792     174020         11  0.000e+00
     65.391     64.741    -0.7224  27.708537    -0.7230  27.707078     8.2792     8.1044     0.9373    94.5624 1.0000e-12  -64.60632  -68.28588 330.874269      99.95 1.7382e+03   7250.833     174021         11  0.000e+00
     65.494     64.843    -0.7229  27.708480    -0.7230  27.707191     8.2762     8.1041     0.9080    94.5624 1.0000e-12  -64.60632  -68.28588 330.874269      99.98 1.7382e+03   7250.875     174022         11  0.000e+00
     65.494     64.843    -0.7211  27.709915    -0.7227  27.707191     8.2664     8.1036     0.8787    94.5624 1.0000e-12  -64.60632  -68.28588 330.874270      99.98 1.7382e+03   7250.917     174023         11  0.000e+00
     65.439     64.789    -0.7181  27.711752    -0.7225  27.707359     8.2623     8.1029     0.8714    94.5624 1.0000e-12  -64.60632  -68.28588 330.874270      99.98 1.7382e+03   7250.958     174024         11  0.000e+00
     66.105     65.448    -0.7248  27.707850    -0.7263  27.705230     8.2492     8.0902     0.8934    94.6654 1.0000e-12  -64.60632  -68.28586 330.874317      99.98 1.7682e+03   7254.958     174120         12  0.000e+00
     66.050     65.394    -0.7242  27.708195    -0.7259  27.705679     8.2577     8.0906     0.8934    94.6654 1.0000e-12  -64.60632  -68.28586 330.874317      99.93 1.7699e+03   7255.000     174121         12  0.000e+00
     66.050     65.394    -0.7235  27.708137    -0.7257  27.705791     8.2527     8.0903     0.8934    94.6654 1.0000e-12  -64.60632  -68.28586 330.874318      99.95 1.7699e+03   7255.042     174122         12  0.000e+00
     66.057     65.401    -0.7230  27.708654    -0.7259  27.705847     8.2451     8.0901     0.8934    94.6654 1.0000e-12  -64.60632  -68.28586 330.874318      99.98 1.7717e+03   7255.083     174123         12  0.000e+00
     66.050     65.394    -0.7227  27.708826    -0.7259  27.705847     8.2408     8.0898     0.8861    94.6654 1.0000e-12  -64.60632  -68.28586 330.874319      99.98 1.7717e+03   7255.125     174124         12  0.000e+00
     66.050     65.394    -0.7226  27.708826    -0.7256  27.706015     8.2367     8.0895     0.8934    94.6654 1.0000e-12  -64.60632  -68.28586 330.874319      99.98 1.7735e+03   7255.167     174125         12  0.000e+00
     66.057     65.401    -0.7227  27.708826    -0.7255  27.706071     8.2342     8.0892     0.8934    94.6654 1.0000e-12  -64.60632  -68.28586 330.874320      99.98 1.7735e+03   7255.208     174126         12  0.000e+00
     66.050     65.394    -0.7218  27.709974    -0.7249  27.706295     8.2330     8.0897     0.8861    94.6654 1.0000e-12  -64.60632  -68.28586 330.874320      99.98 1.7752e+03   7255.250     174127         12  0.000e+00
     66.105     65.448    -0.7186  27.711869    -0.7251  27.706408     8.2360     8.0896     0.8787    94.6654 1.0000e-12  -64.60632  -68.28586 330.874321      99.98 1.7752e+03   7255.292     174128         12  0.000e+00
     66.050     65.394    -0.7158  27.713419    -0.7246  27.706576     8.2465     8.0892     0.8714    94.6654 1.0000e-12  -64.60632  -68.28586 330.874321      99.95 1.7770e+03   7255.333     174129         12  0.000e+00
     66.057     65.401    -0.7141  27.714165    -0.7240  27.706800     8.2586     8.0889     0.8714    94.6654 1.0000e-12  -64.60632  -68.28586 330.874321      99.98 1.7770e+03   7255.375     174130         12  0.000e+00
     66.105     65.448    -0.7142  27.714510    -0.7244  27.706295     8.2842     8.0888     0.8714    94.6654 1.0000e-12  -64.60632  -68.28586 330.874322      99.98 1.7787e+03   7255.417     174131         12  0.000e+00
     66.050     65.394    -0.7153  27.713763    -0.7246  27.706127     8.3239     8.0886     0.8714    94.6654 1.0000e-12  -64.60632  -68.28586 330.874322      99.98 1.7805e+03   7255.458     174132         12  0.000e+00
     66.105     65.449    -0.7170  27.713132    -0.7245  27.706464     8.3386     8.0884     0.8714    94.6654 1.0000e-12  -64.60632  -68.28586 330.874323      99.95 1.7805e+03   7255.500     174133         12  0.000e+00
     66.057     65.401    -0.7176  27.712615    -0.7245  27.706632     8.3301     8.0881     0.8714    94.6654 1.0000e-12  -64.60632  -68.28586 330.874323      99.95 1.7823e+03   7255.542     174134         12  0.000e+00
     66.105     65.449    -0.7176  27.712386    -0.7244  27.706800     8.3095     8.0879     0.8714    94.6654 1.0000e-12  -64.60632  -68.28586 330.874324      99.98 1.7823e+03   7255.583     174135         12  0.000e+00
     66.050     65.394    -0.7178  27.712041    -0.7244  27.706688     8.3054     8.0876     0.8714    94.5624 1.0000e-12  -64.60632  -68.28586 330.874324      99.98 1.7840e+03   7255.625     174136         12  0.000e+00
     66.105     65.449    -0.7179  27.712328    -0.7245  27.706632     8.2893     8.0875     0.8714    94.5109 1.0000e-12  -64.60632  -68.28586 330.874325      99.98 1.7840e+03   7255.667     174137         12  0.000e+00
     66.105     65.449    -0.7172  27.712500    -0.7245  27.706800     8.2749     8.0872     0.8787    94.5109 1.0000e-12  -64.60632  -68.28586 330.874325      99.98 1.7858e+03   7255.708     174138         12  0.000e+00
     66.105     65.449    -0.7179  27.712271    -0.7242  27.707249     8.2685     8.0869     0.8714    94.5109 1.0000e-12  -64.60632  -68.28586 330.874326      99.98 1.7858e+03   7255.750     174139         12  0.000e+00
     66.105     65.449    -0.7186  27.712041    -0.7240  27.707024     8.2696     8.0867     0.8714    94.5109 1.0000e-12  -64.60632  -68.28584 330.874326      99.98 1.7876e+03   7255.792     174140         12  0.000e+00
     66.105     65.449    -0.7194  27.711639    -0.7241  27.707249     8.2663     8.0864     0.8787    94.5109 1.0000e-12  -64.60632  -68.28584 330.874327      99.95 1.7876e+03   7255.833     174141         12  0.000e+00
     66.153     65.496    -0.7189  27.711869    -0.7237  27.707810     8.2614     8.0806     0.8714    94.5109 1.0000e-12  -64.60632  -68.28584 330.874327      99.98 1.7876e+03   7255.875     174142         12  0.000e+00
     66.105     65.449    -0.7192  27.711352    -0.7236  27.707361     8.2553     8.0850     0.8714    94.5109 1.0000e-12  -64.60632  -68.28584 330.874328      99.98 1.7893e+03   7255.917     174143         12  0.000e+00
     66.153     65.496    -0.7198  27.710951    -0.7234  27.707529     8.2522     8.0849     0.8714    94.5109 1.0000e-12  -64.60632  -68.28584 330.874328      99.98 1.7893e+03   7255.958     174144         12  0.000e+00
     66.153     65.496    -0.7197  27.711295    -0.7231  27.708034     8.2489     8.0855     0.8787    94.5109 1.0000e-12  -64.60632  -68.28584 330.874329      99.95 1.7911e+03   7256.000     174145         12  0.000e+00
     66.153     65.496    -0.7189  27.712214    -0.7214  27.709940     8.2383     8.0858     0.8787    94.5109 1.0000e-12  -64.60632  -68.28584 330.874329      99.95 1.7911e+03   7256.042     174146         12  0.000e+00
     66.153     65.496    -0.7176  27.713247    -0.7198  27.711118     8.2485     8.0862     0.8714    94.5109 1.0000e-12  -64.60632  -68.28584 330.874330      99.98 1.7929e+03   7256.083     174147         12  0.000e+00
     66.153     65.496    -0.7164  27.714223    -0.7185  27.711678     8.2464     8.0868     0.8714    94.5109 1.0000e-12  -64.60632  -68.28584 330.874330      99.98 1.7929e+03   7256.125     174148         12  0.000e+00
     66.201     65.544    -0.7144  27.715371    -0.7181  27.712015     8.2501     8.0867     0.8714    94.5109 1.0000e-12  -64.60632  -68.28584 330.874331      99.98 1.7929e+03   7256.167     174149         12  0.000e+00
     66.201     65.544    -0.7133  27.716405    -0.7176  27.712295     8.2434     8.0921     0.8714    94.5109 1.0000e-12  -64.60632  -68.28584 330.874331      99.98 1.7929e+03   7256.208     174150         12  0.000e+00
     66.153     65.496    -0.7122  27.716692    -0.7176  27.712183     8.2397     8.0873     0.8714    94.5109 1.0000e-12  -64.60632  -68.28584 330.874332      99.98 1.7946e+03   7256.250     174151         12  0.000e+00
     66.256     65.598    -0.7122  27.716692    -0.7173  27.712239     8.2333     8.0873     0.8714    94.5109 1.0000e-12  -64.60632  -68.28584 330.874332      99.98 1.7946e+03   7256.292     174152         12  0.000e+00
     66.153     65.496    -0.7122  27.717266    -0.7172  27.712519     8.2267     8.0871     0.8714    94.5109 1.0000e-12  -64.60632  -68.28584 330.874333      99.95 1.7946e+03   7256.333     174153         12  0.000e+00
     66.256     65.598    -0.7114  27.718070    -0.7168  27.712800     8.2351     8.0870     0.8787    94.5109 1.0000e-12  -64.60632  -68.28584 330.874333      99.98 1.7946e+03   7256.375     174154         12  0.000e+00
     66.256     65.598    -0.7105  27.718816    -0.7165  27.713080     8.2508     8.0869     0.8714    94.5109 1.0000e-12  -64.60632  -68.28584 330.874334      99.98 1.7964e+03   7256.417     174155         12  0.000e+00
     66.201     65.544    -0.7093  27.719620    -0.7165  27.713080     8.2668     8.0867     0.8714    94.5366 1.0000e-12  -64.60632  -68.28584 330.874334      99.98 1.7964e+03   7256.458     174156         12  0.000e+00
     66.256     65.598    -0.7096  27.719677    -0.7159  27.713304     8.2748     8.0921     0.8787    94.5624 1.0000e-12  -64.60632  -68.28584 330.874334      99.95 1.7964e+03   7256.500     174157         12  0.000e+00
     66.311     65.652    -0.7085  27.720137    -0.7156  27.713249     8.2798     8.0929     0.8714    94.5624 1.0000e-12  -64.60632  -68.28584 330.874335      99.95 1.7981e+03   7256.542     174158         12  0.000e+00
     66.256     65.598    -0.7067  27.720768    -0.7162  27.712968     8.2859     8.0947     0.8787    94.5624 1.0000e-12  -64.60632  -68.28584 330.874335      99.98 1.7981e+03   7256.583     174159         12  0.000e+00
