NBP2113_155081_ctd/data/nbp2113_048.ros
* Sea-Bird SBE 9 Data File:
* FileName = D:\Data\raw\NBP2113_048.hex
* Software Version Seasave V 7.26.7.121
* Temperature SN = 2438
* Conductivity SN = 2067
* Number of Bytes Per Scan = 40
* Number of Voltage Words = 5
* Number of Scans Averaged by the Deck Unit = 1
* NMEA Latitude = 64 50.77 S
* NMEA Longitude = 064 00.25 W
* NMEA UTC (Time) = Dec 11 2021  07:43:13
* NMEA baud rate = 9600
** Ship: RVIB N.B. Palmer
** Cruise: NBP2113 LTER
** Station: 620.032
** Operator: B. Urmston
# nquan = 20
# nvalues = 1134                                  
# units = specified
# name 0 = prDM: Pressure, Digiquartz [db]
# name 1 = depSM: Depth [salt water, m]
# name 2 = t090C: Temperature [ITS-90, deg C]
# name 3 = c0mS/cm: Conductivity [mS/cm]
# name 4 = t190C: Temperature, 2 [ITS-90, deg C]
# name 5 = c1mS/cm: Conductivity, 2 [mS/cm]
# name 6 = sbeox0ML/L: Oxygen, SBE 43 [ml/l]
# name 7 = sbeox1ML/L: Oxygen, SBE 43, 2 [ml/l]
# name 8 = flECO-AFL: Fluorescence, WET Labs ECO-AFL/FL [mg/m^3]
# name 9 = CStarTr0: Beam Transmission, WET Labs C-Star [%]
# name 10 = par: PAR/Irradiance, Biospherical/Licor
# name 11 = latitude: Latitude [deg]
# name 12 = longitude: Longitude [deg]
# name 13 = timeJ: Julian Days
# name 14 = altM: Altimeter [m]
# name 15 = spar: SPAR, Biospherical/Licor
# name 16 = timeS: Time, Elapsed [seconds]
# name 17 = scan: Scan Count
# name 18 = nbf: Bottles Fired
# name 19 = flag:  0.000e+00
# interval = seconds: 0.0416667
# start_time = Dec 11 2021 07:43:13 [NMEA time, header]
# bad_flag = -9.990e-29
*END*
[from data line 652]
    101.357    100.340     0.0992  28.634053     0.0997  28.631336     6.1929     6.2120     0.0802    90.4167 1.0000e-12  -64.84622  -64.00408 345.340663      99.98 4.0546e+01   1640.292      39368         14  0.000e+00
    101.337    100.320     0.0992  28.633937     0.1006  28.633209     6.1918     6.2177     0.0802    90.4167 1.0000e-12  -64.84622  -64.00408 345.340664      99.95 4.0546e+01   1640.333      39369         14  0.000e+00
    101.357    100.340     0.0995  28.634460     0.1012  28.634514     6.1918     6.2186     0.0802    90.4167 1.0000e-12  -64.84622  -64.00408 345.340664      99.95 4.0546e+01   1640.375      39370         14  0.000e+00
    101.385    100.367     0.1002  28.634053     0.1007  28.635082     6.1916     6.2195     0.0802    90.4167 1.0000e-12  -64.84622  -64.00408 345.340665      99.98 4.0546e+01   1640.417      39371         14  0.000e+00
    101.309    100.293     0.1002  28.634459     0.1005  28.634798     6.1969     6.2201     0.0802    90.4167 1.0000e-12  -64.84622  -64.00408 345.340665      99.98 4.0546e+01   1640.458      39372         14  0.000e+00
    101.357    100.340     0.0999  28.635099     0.1009  28.635082     6.1976     6.2204     0.0802    90.4167 1.0000e-12  -64.84622  -64.00408 345.340666      99.98 4.0546e+01   1640.500      39373         14  0.000e+00
    101.385    100.367     0.1002  28.634983     0.1007  28.634515     6.1979     6.2206     0.0802    90.4167 1.0000e-12  -64.84622  -64.00408 345.340666      99.98 4.0546e+01   1640.542      39374         14  0.000e+00
    101.357    100.340     0.0997  28.634866     0.1006  28.634231     6.1981     6.2259     0.0802    90.4167 1.0000e-12  -64.84622  -64.00408 345.340666      99.98 4.0546e+01   1640.583      39375         14  0.000e+00
    101.337    100.320     0.0999  28.634983     0.1001  28.634855     6.2036     6.2263     0.0802    90.4167 1.0000e-12  -64.84622  -64.00408 345.340667      99.95 4.0546e+01   1640.625      39376         14  0.000e+00
    101.412    100.394     0.1000  28.634576     0.0993  28.634515     6.2045     6.2267     0.0802    90.4167 1.0000e-12  -64.84622  -64.00408 345.340667      99.95 4.0546e+01   1640.667      39377         14  0.000e+00
    101.385    100.367     0.1002  28.634692     0.0989  28.633209     6.2063     6.2275     0.0802    90.4167 1.0000e-12  -64.84622  -64.00408 345.340668      99.98 4.0546e+01   1640.708      39378         14  0.000e+00
     51.065     50.559     0.2633  28.582486     0.2637  28.580511     7.7163     7.7736     0.9740    88.0220 1.6328e-01  -64.84626  -64.00418 345.341753      99.98 3.8783e+01   1734.500      41629         15  0.000e+00
     51.107     50.600     0.2637  28.582196     0.2642  28.580170     7.7182     7.7733     0.9886    88.0220 1.6328e-01  -64.84626  -64.00418 345.341754      99.98 3.8783e+01   1734.542      41630         15  0.000e+00
     51.107     50.600     0.2635  28.582312     0.2642  28.580397     7.7146     7.7730     0.9886    88.0220 1.6328e-01  -64.84626  -64.00418 345.341754      99.98 3.8783e+01   1734.583      41631         15  0.000e+00
     51.065     50.559     0.2637  28.581963     0.2645  28.579887     7.7155     7.7718     0.9813    88.0220 1.6328e-01  -64.84626  -64.00418 345.341755      99.95 3.8783e+01   1734.625      41632         15  0.000e+00
     51.059     50.552     0.2637  28.582195     0.2643  28.579943     7.7209     7.7715     0.9813    88.0220 1.6328e-01  -64.84626  -64.00418 345.341755      99.95 3.8783e+01   1734.667      41633         15  0.000e+00
     51.059     50.552     0.2638  28.582021     0.2643  28.579887     7.7208     7.7713     0.9813    88.0220 1.6328e-01  -64.84626  -64.00418 345.341756      99.98 3.8783e+01   1734.708      41634         15  0.000e+00
     51.120     50.613     0.2641  28.582486     0.2645  28.579887     7.7151     7.7711     0.9813    88.0220 1.6328e-01  -64.84626  -64.00418 345.341756      99.98 3.8783e+01   1734.750      41635         15  0.000e+00
     51.059     50.552     0.2641  28.581673     0.2643  28.579887     7.7125     7.7709     0.9813    87.9962 1.6328e-01  -64.84626  -64.00418 345.341757      99.98 3.8783e+01   1734.792      41636         15  0.000e+00
     51.059     50.552     0.2643  28.581382     0.2645  28.579943     7.7213     7.7707     0.9813    88.0220 1.6328e-01  -64.84626  -64.00418 345.341757      99.93 3.8783e+01   1734.833      41637         15  0.000e+00
     51.065     50.559     0.2646  28.580976     0.2639  28.579887     7.7156     7.7707     0.9813    88.0220 1.6328e-01  -64.84626  -64.00418 345.341758      99.95 3.8783e+01   1734.875      41638         15  0.000e+00
     51.059     50.552     0.2648  28.581150     0.2640  28.579887     7.7087     7.7707     0.9813    88.0220 1.6328e-01  -64.84626  -64.00418 345.341758      99.98 3.8783e+01   1734.917      41639         15  0.000e+00
     51.065     50.559     0.2648  28.580860     0.2639  28.579887     7.7049     7.7706     0.9813    88.0220 1.6328e-01  -64.84626  -64.00418 345.341759      99.98 3.8783e+01   1734.958      41640         15  0.000e+00
     51.011     50.505     0.2648  28.580976     0.2641  28.580227     7.7079     7.7705     0.9813    88.0220 1.6328e-01  -64.84626  -64.00418 345.341759      99.98 3.8783e+01   1735.000      41641         15  0.000e+00
     51.011     50.505     0.2649  28.580860     0.2640  28.579887     7.7054     7.7706     0.9813    88.0220 1.6328e-01  -64.84626  -64.00418 345.341760      99.98 3.8783e+01   1735.042      41642         15  0.000e+00
     51.065     50.559     0.2649  28.580860     0.2642  28.580397     7.7055     7.7707     0.9813    88.0220 1.6328e-01  -64.84626  -64.00418 345.341760      99.98 3.8783e+01   1735.083      41643         15  0.000e+00
     51.059     50.552     0.2651  28.580685     0.2641  28.580170     7.7056     7.7699     0.9813    87.9962 1.6328e-01  -64.84626  -64.00418 345.341761      99.95 3.8783e+01   1735.125      41644         15  0.000e+00
     51.059     50.552     0.2649  28.580569     0.2641  28.580227     7.7071     7.7700     0.9813    87.9705 1.6328e-01  -64.84626  -64.00418 345.341761      99.95 3.8783e+01   1735.167      41645         15  0.000e+00
     51.018     50.512     0.2654  28.580859     0.2643  28.580170     7.7142     7.7701     0.9813    87.9447 1.6328e-01  -64.84626  -64.00418 345.341762      99.98 3.8783e+01   1735.208      41646         15  0.000e+00
     51.011     50.505     0.2652  28.580337     0.2641  28.580170     7.7115     7.7703     0.9813    87.9447 1.6328e-01  -64.84626  -64.00418 345.341762      99.98 3.8783e+01   1735.250      41647         15  0.000e+00
     51.059     50.552     0.2652  28.580453     0.2642  28.580227     7.7233     7.7705     0.9813    87.9447 1.6328e-01  -64.84626  -64.00418 345.341763      99.98 3.8783e+01   1735.292      41648         15  0.000e+00
     51.018     50.512     0.2654  28.580569     0.2641  28.580170     7.7205     7.7707     0.9813    87.9447 1.6328e-01  -64.84626  -64.00418 345.341763      99.93 3.8783e+01   1735.333      41649         15  0.000e+00
     51.011     50.505     0.2654  28.580569     0.2641  28.580397     7.7208     7.7763     0.9813    87.9447 1.6328e-01  -64.84626  -64.00418 345.341764      99.93 3.8783e+01   1735.375      41650         15  0.000e+00
     51.011     50.505     0.2654  28.580976     0.2638  28.580170     7.7167     7.7721     0.9813    87.9447 1.6328e-01  -64.84626  -64.00418 345.341764      99.98 3.8783e+01   1735.417      41651         15  0.000e+00
     51.065     50.559     0.2652  28.580337     0.2637  28.579717     7.7229     7.7726     0.9813    87.9447 1.6328e-01  -64.84626  -64.00418 345.341765      99.98 3.8783e+01   1735.458      41652         15  0.000e+00
     51.011     50.505     0.2652  28.580859     0.2637  28.580170     7.7175     7.7728     0.9813    87.9447 1.6328e-01  -64.84626  -64.00418 345.341765      99.98 3.8783e+01   1735.500      41653         15  0.000e+00
     51.011     50.505     0.2651  28.580860     0.2641  28.579887     7.7165     7.7731     0.9886    87.9447 1.6328e-01  -64.84626  -64.00418 345.341766      99.98 3.8783e+01   1735.542      41654         15  0.000e+00
     51.018     50.512     0.2651  28.580976     0.2643  28.579887     7.7112     7.7735     1.0472    87.9447 1.6328e-01  -64.84626  -64.00418 345.341766      99.98 3.8783e+01   1735.583      41655         15  0.000e+00
     51.011     50.505     0.2651  28.581150     0.2645  28.579943     7.7147     7.7739     1.0765    87.9447 1.6328e-01  -64.84626  -64.00418 345.341766      99.95 3.8783e+01   1735.625      41656         15  0.000e+00
     51.011     50.505     0.2651  28.580569     0.2647  28.579603     7.7139     7.7744     1.0765    87.9447 1.6328e-01  -64.84626  -64.00418 345.341767      99.95 3.8783e+01   1735.667      41657         15  0.000e+00
     51.018     50.512     0.2649  28.580976     0.2647  28.579092     7.7117     7.7749     1.0765    87.9447 1.6094e-01  -64.84626  -64.00418 345.341767      99.98 3.8783e+01   1735.708      41658         15  0.000e+00
     51.011     50.505     0.2651  28.581150     0.2646  28.579092     7.7108     7.7755     1.0765    87.9447 1.6328e-01  -64.84626  -64.00418 345.341768      99.98 3.8783e+01   1735.750      41659         15  0.000e+00
     51.011     50.505     0.2651  28.581150     0.2645  28.579149     7.7155     7.7761     1.0765    87.9447 1.6094e-01  -64.84626  -64.00416 345.341768      99.98 3.8783e+01   1735.792      41660         15  0.000e+00
     51.018     50.512     0.2649  28.580976     0.2647  28.579092     7.7116     7.7758     1.0765    87.9447 1.6328e-01  -64.84626  -64.00416 345.341769      99.93 3.8783e+01   1735.833      41661         15  0.000e+00
     51.011     50.505     0.2652  28.581150     0.2645  28.578809     7.7146     7.7765     1.0765    87.9447 1.6094e-01  -64.84626  -64.00416 345.341769      99.95 3.8783e+01   1735.875      41662         15  0.000e+00
     51.011     50.505     0.2654  28.580859     0.2643  28.578809     7.7122     7.7763     1.0765    87.9447 1.6094e-01  -64.84626  -64.00416 345.341770      99.98 3.8783e+01   1735.917      41663         15  0.000e+00
     51.018     50.512     0.2654  28.580337     0.2645  28.579149     7.7144     7.7761     1.0765    87.9447 1.6094e-01  -64.84626  -64.00416 345.341770      99.98 3.8783e+01   1735.958      41664         15  0.000e+00
     51.011     50.505     0.2654  28.580976     0.2643  28.579092     7.7141     7.7767     1.0765    87.9447 1.6094e-01  -64.84626  -64.00416 345.341771      99.98 3.8783e+01   1736.000      41665         15  0.000e+00
     50.963     50.457     0.2654  28.580046     0.2641  28.579319     7.7153     7.7765     1.0765    87.9705 1.6094e-01  -64.84626  -64.00416 345.341771      99.98 3.8783e+01   1736.042      41666         15  0.000e+00
     51.011     50.505     0.2654  28.580859     0.2643  28.579887     7.7210     7.7817     1.0765    87.9705 1.6094e-01  -64.84626  -64.00416 345.341772      99.98 3.8783e+01   1736.083      41667         15  0.000e+00
     51.011     50.505     0.2655  28.580685     0.2640  28.579433     7.7279     7.7824     1.0765    87.9705 1.6094e-01  -64.84626  -64.00416 345.341772      99.95 3.8783e+01   1736.125      41668         15  0.000e+00
     51.018     50.512     0.2652  28.580337     0.2639  28.579603     7.7293     7.7776     1.0765    87.9705 1.6094e-01  -64.84626  -64.00416 345.341773      99.95 3.8783e+01   1736.167      41669         15  0.000e+00
     51.011     50.505     0.2655  28.580569     0.2639  28.579887     7.7318     7.7774     1.0765    87.9447 1.6094e-01  -64.84626  -64.00416 345.341773      99.98 3.8783e+01   1736.208      41670         15  0.000e+00
     51.011     50.505     0.2652  28.580569     0.2637  28.579319     7.7400     7.7772     1.0765    87.9705 1.6094e-01  -64.84626  -64.00416 345.341774      99.98 3.8783e+01   1736.250      41671         16  0.000e+00
     51.018     50.512     0.2654  28.580453     0.2639  28.579943     7.7425     7.7769     1.0765    87.9705 1.6094e-01  -64.84626  -64.00416 345.341774      99.98 3.8783e+01   1736.292      41672         16  0.000e+00
     51.011     50.505     0.2652  28.580337     0.2635  28.579603     7.7448     7.7767     1.0765    87.9705 1.6094e-01  -64.84626  -64.00416 345.341775      99.93 3.8783e+01   1736.333      41673         16  0.000e+00
     51.011     50.505     0.2655  28.580569     0.2636  28.580170     7.7470     7.7826     1.0765    87.9705 1.6094e-01  -64.84626  -64.00416 345.341775      99.95 3.8783e+01   1736.375      41674         16  0.000e+00
     51.018     50.512     0.2652  28.580453     0.2637  28.580227     7.7505     7.7787     1.0765    87.9705 1.6094e-01  -64.84626  -64.00416 345.341776      99.98 3.8783e+01   1736.417      41675         16  0.000e+00
     51.059     50.552     0.2655  28.580569     0.2638  28.579887     7.7470     7.7794     1.0765    87.9705 1.6094e-01  -64.84626  -64.00416 345.341776      99.98 3.8783e+01   1736.458      41676         16  0.000e+00
     50.956     50.451     0.2652  28.580337     0.2637  28.580170     7.7463     7.7800     1.0765    87.9705 1.6094e-01  -64.84626  -64.00416 345.341777      99.98 3.8783e+01   1736.500      41677         16  0.000e+00
     51.065     50.559     0.2654  28.580453     0.2637  28.579887     7.7414     7.7853     1.0765    87.9705 1.6094e-01  -64.84626  -64.00416 345.341777      99.98 3.8783e+01   1736.542      41678         16  0.000e+00
     51.011     50.505     0.2652  28.580046     0.2639  28.579943     7.7408     7.7859     1.0765    87.9705 1.6094e-01  -64.84626  -64.00416 345.341778      99.98 3.8783e+01   1736.583      41679         16  0.000e+00
     51.011     50.505     0.2654  28.580337     0.2641  28.579603     7.7387     7.7812     1.0765    87.9705 1.6094e-01  -64.84626  -64.00416 345.341778      99.95 3.8783e+01   1736.625      41680         16  0.000e+00
     51.065     50.559     0.2654  28.580337     0.2640  28.579603     7.7368     7.7810     1.0912    87.9705 1.6094e-01  -64.84626  -64.00416 345.341779      99.95 3.8783e+01   1736.667      41681         16  0.000e+00
     51.011     50.505     0.2654  28.580453     0.2642  28.579092     7.7303     7.7808     1.1058    87.9705 1.6094e-01  -64.84626  -64.00416 345.341779      99.95 3.8783e+01   1736.708      41682         16  0.000e+00
     51.059     50.552     0.2655  28.580337     0.2645  28.579149     7.7340     7.7859     1.1058    87.9705 1.6094e-01  -64.84626  -64.00416 345.341780      99.98 3.8783e+01   1736.750      41683         16  0.000e+00
     51.018     50.512     0.2654  28.580337     0.2645  28.578809     7.7320     7.7864     1.1058    87.9705 1.6094e-01  -64.84626  -64.00416 345.341780      99.98 3.8783e+01   1736.792      41684         16  0.000e+00
     51.059     50.552     0.2654  28.580163     0.2645  28.579093     7.7300     7.7870     1.1058    87.9705 1.6094e-01  -64.84626  -64.00416 345.341780      99.93 3.8783e+01   1736.833      41685         16  0.000e+00
     51.059     50.552     0.2655  28.580337     0.2647  28.578809     7.7304     7.7875     1.1058    87.9705 1.6094e-01  -64.84626  -64.00416 345.341781      99.95 3.8783e+01   1736.875      41686         16  0.000e+00
     51.018     50.512     0.2655  28.580046     0.2643  28.578639     7.7353     7.7827     1.1058    87.9705 1.6094e-01  -64.84626  -64.00416 345.341781      99.98 3.8783e+01   1736.917      41687         16  0.000e+00
     51.107     50.600     0.2655  28.580337     0.2646  28.578525     7.7345     7.7824     1.1058    87.9705 1.6094e-01  -64.84626  -64.00416 345.341782      99.98 3.8783e+01   1736.958      41688         16  0.000e+00
