NBP2113_155081_ctd/data/nbp2113_013.ros
* Sea-Bird SBE 9 Data File:
* FileName = D:\Data\raw\NBP2113_013.hex
* Software Version Seasave V 7.26.7.121
* Temperature SN = 2438
* Conductivity SN = 2067
* Number of Bytes Per Scan = 40
* Number of Voltage Words = 5
* Number of Scans Averaged by the Deck Unit = 1
* NMEA Latitude = 65 13.99 S
* NMEA Longitude = 066 46.43 W
* NMEA UTC (Time) = Nov 27 2021  04:09:52
* NMEA baud rate = 9600
** Ship: RVIB N.B. Palmer
** Cruise: NBP2113 LTER
** Station: 500.100
** Operator: B. Urmston
# nquan = 20
# nvalues = 1142                                  
# units = specified
# name 0 = prDM: Pressure, Digiquartz [db]
# name 1 = depSM: Depth [salt water, m]
# name 2 = t090C: Temperature [ITS-90, deg C]
# name 3 = c0mS/cm: Conductivity [mS/cm]
# name 4 = t190C: Temperature, 2 [ITS-90, deg C]
# name 5 = c1mS/cm: Conductivity, 2 [mS/cm]
# name 6 = sbeox0ML/L: Oxygen, SBE 43 [ml/l]
# name 7 = sbeox1ML/L: Oxygen, SBE 43, 2 [ml/l]
# name 8 = flECO-AFL: Fluorescence, WET Labs ECO-AFL/FL [mg/m^3]
# name 9 = CStarTr0: Beam Transmission, WET Labs C-Star [%]
# name 10 = par: PAR/Irradiance, Biospherical/Licor
# name 11 = latitude: Latitude [deg]
# name 12 = longitude: Longitude [deg]
# name 13 = timeJ: Julian Days
# name 14 = altM: Altimeter [m]
# name 15 = spar: SPAR, Biospherical/Licor
# name 16 = timeS: Time, Elapsed [seconds]
# name 17 = scan: Scan Count
# name 18 = nbf: Bottles Fired
# name 19 = flag:  0.000e+00
# interval = seconds: 0.0416667
# start_time = Nov 27 2021 04:09:52 [NMEA time, header]
# bad_flag = -9.990e-29
*END*
[from data line 724]
     24.586     24.343    -0.4615  27.884928    -0.4618  27.883279     8.3247     8.1928     1.8091    88.0220 1.0000e-12  -65.23316  -66.77514 331.196933      99.98 0.0000e+00   2023.042      48554         15  0.000e+00
     24.538     24.296    -0.4613  27.884928    -0.4615  27.883391     8.3304     8.1946     1.8091    87.9962 1.0000e-12  -65.23316  -66.77514 331.196934      99.95 0.0000e+00   2023.083      48555         15  0.000e+00
     24.565     24.323    -0.4614  27.884985    -0.4616  27.883784     8.3376     8.1855     1.8091    87.9962 1.0000e-12  -65.23316  -66.77514 331.196934      99.93 0.0000e+00   2023.125      48556         15  0.000e+00
     24.538     24.296    -0.4613  27.884755    -0.4615  27.883616     8.3345     8.1857     1.8091    88.0220 1.0000e-12  -65.23316  -66.77514 331.196935      99.95 0.0000e+00   2023.167      48557         15  0.000e+00
     24.483     24.241    -0.4616  27.884870    -0.4616  27.883616     8.3346     8.1896     1.8091    87.9962 1.0000e-12  -65.23316  -66.77514 331.196935      99.98 0.0000e+00   2023.208      48558         15  0.000e+00
     24.483     24.241    -0.4616  27.884985    -0.4613  27.883672     8.3288     8.1943     1.8091    88.0220 1.0000e-12  -65.23316  -66.77514 331.196936      99.98 0.0000e+00   2023.250      48559         15  0.000e+00
     24.483     24.242    -0.4616  27.884928    -0.4618  27.883278     8.3276     8.1909     1.8165    87.9962 1.0000e-12  -65.23316  -66.77514 331.196936      99.98 0.0000e+00   2023.292      48560         15  0.000e+00
     25.856     25.601    -0.4616  27.885392    -0.4610  27.884575     8.3325     8.1893     2.0436    87.9705 1.0000e-12  -65.23316  -66.77510 331.197010      99.93 0.0000e+00   2029.625      48712         16  0.000e+00
     25.760     25.506    -0.4614  27.885506    -0.4609  27.884462     8.3232     8.1875     2.0362    87.9705 1.0000e-12  -65.23316  -66.77510 331.197010      99.95 0.0000e+00   2029.667      48713         16  0.000e+00
     25.836     25.580    -0.4618  27.885449    -0.4607  27.884631     8.3228     8.1914     2.0362    87.9705 1.0000e-12  -65.23316  -66.77510 331.197011      99.98 0.0000e+00   2029.708      48714         16  0.000e+00
     25.808     25.553    -0.4616  27.885449    -0.4607  27.884743     8.3353     8.1969     2.0362    87.9705 1.0000e-12  -65.23316  -66.77510 331.197011      99.98 0.0000e+00   2029.750      48715         16  0.000e+00
     25.761     25.506    -0.4614  27.885737    -0.4607  27.884574     8.3375     8.1986     2.0362    87.9705 1.0000e-12  -65.23316  -66.77508 331.197011      99.98 0.0000e+00   2029.792      48716         16  0.000e+00
     25.808     25.553    -0.4612  27.885737    -0.4609  27.884687     8.3384     8.2005     2.0362    87.9705 1.0000e-12  -65.23316  -66.77508 331.197012      99.98 0.0000e+00   2029.833      48717         16  0.000e+00
     25.706     25.452    -0.4611  27.885506    -0.4607  27.884743     8.3333     8.1995     1.9703    87.9705 1.0000e-12  -65.23316  -66.77508 331.197012      99.98 0.0000e+00   2029.875      48718         16  0.000e+00
     25.781     25.526    -0.4611  27.885737    -0.4607  27.884912     8.3329     8.2003     1.8238    87.9705 1.0000e-12  -65.23316  -66.77508 331.197013      99.95 0.0000e+00   2029.917      48719         16  0.000e+00
     25.761     25.506    -0.4611  27.886139    -0.4608  27.884855     8.3323     8.1856     1.7725    87.9705 1.0000e-12  -65.23316  -66.77508 331.197013      99.95 0.0000e+00   2029.958      48720         16  0.000e+00
     25.706     25.452    -0.4612  27.885621    -0.4607  27.884743     8.3246     8.1893     1.7798    87.9705 1.0000e-12  -65.23316  -66.77508 331.197014      99.98 0.0000e+00   2030.000      48721         16  0.000e+00
     25.706     25.452    -0.4610  27.885736    -0.4610  27.884743     8.3227     8.1976     1.7798    87.9705 1.0000e-12  -65.23316  -66.77508 331.197014      99.98 0.0000e+00   2030.042      48722         16  0.000e+00
     25.706     25.452    -0.4610  27.885506    -0.4607  27.884912     8.3209     8.1983     1.7872    87.9705 1.0000e-12  -65.23316  -66.77508 331.197015      99.95 0.0000e+00   2030.083      48723         16  0.000e+00
     25.658     25.405    -0.4612  27.885621    -0.4610  27.884462     8.3308     8.2000     1.7872    87.9705 1.0000e-12  -65.23316  -66.77508 331.197015      99.93 0.0000e+00   2030.125      48724         16  0.000e+00
     25.685     25.432    -0.4610  27.886024    -0.4610  27.884630     8.3374     8.1935     1.7872    87.9705 1.0000e-12  -65.23316  -66.77508 331.197016      99.95 0.0000e+00   2030.167      48725         16  0.000e+00
     25.658     25.405    -0.4611  27.885794    -0.4607  27.884518     8.3382     8.1823     1.7872    87.9705 1.0000e-12  -65.23316  -66.77508 331.197016      99.98 0.0000e+00   2030.208      48726         16  0.000e+00
     25.658     25.405    -0.4608  27.885736    -0.4607  27.884462     8.3415     8.1924     1.7872    87.9705 1.0000e-12  -65.23316  -66.77508 331.197017      99.98 0.0000e+00   2030.250      48727         16  0.000e+00
     25.603     25.350    -0.4610  27.885391    -0.4612  27.884518     8.3492     8.1969     1.7872    87.9705 1.0000e-12  -65.23316  -66.77508 331.197017      99.98 0.0000e+00   2030.292      48728         16  0.000e+00
     25.603     25.350    -0.4608  27.885218    -0.4610  27.884462     8.3464     8.1976     1.7798    87.9705 1.0000e-12  -65.23316  -66.77508 331.197018      99.98 0.0000e+00   2030.333      48729         16  0.000e+00
     25.583     25.330    -0.4612  27.885563    -0.4609  27.884293     8.3423     8.1991     1.7872    87.9447 1.0000e-12  -65.23316  -66.77508 331.197018      99.98 0.0000e+00   2030.375      48730         16  0.000e+00
     25.556     25.303    -0.4610  27.885794    -0.4608  27.884461     8.3408     8.1988     1.7872    87.9190 1.0000e-12  -65.23316  -66.77508 331.197019      99.95 0.0000e+00   2030.417      48731         16  0.000e+00
     25.556     25.303    -0.4608  27.885506    -0.4607  27.884461     8.3498     8.1985     1.7872    87.9190 1.0000e-12  -65.23316  -66.77508 331.197019      99.95 0.0000e+00   2030.458      48732         16  0.000e+00
     25.556     25.303    -0.4612  27.885333    -0.4610  27.884462     8.3474     8.1991     1.7872    87.9190 1.0000e-12  -65.23316  -66.77508 331.197020      99.98 0.0000e+00   2030.500      48733         16  0.000e+00
     25.508     25.256    -0.4611  27.885391    -0.4609  27.884293     8.3466     8.1841     1.7872    87.9190 1.0000e-12  -65.23316  -66.77508 331.197020      99.98 0.0000e+00   2030.542      48734         16  0.000e+00
     25.426     25.174    -0.4610  27.885448    -0.4610  27.884461     8.3400     8.1938     1.7872    87.9447 1.0000e-12  -65.23316  -66.77508 331.197021      99.98 0.0000e+00   2030.583      48735         16  0.000e+00
     25.556     25.303    -0.4613  27.885506    -0.4612  27.884462     8.3426     8.1993     1.7798    87.9190 1.0000e-12  -65.23316  -66.77508 331.197021      99.93 0.0000e+00   2030.625      48736         16  0.000e+00
     25.405     25.154    -0.4610  27.885448    -0.4608  27.884461     8.3402     8.1987     1.7872    87.9190 1.0000e-12  -65.23316  -66.77508 331.197022      99.95 0.0000e+00   2030.667      48737         16  0.000e+00
     25.453     25.202    -0.4611  27.885621    -0.4609  27.884293     8.3439     8.1994     1.7872    87.9190 1.0000e-12  -65.23316  -66.77508 331.197022      99.98 0.0000e+00   2030.708      48738         16  0.000e+00
     25.405     25.154    -0.4608  27.885793    -0.4613  27.884461     8.3500     8.2008     1.7872    87.9190 1.0000e-12  -65.23316  -66.77508 331.197023      99.98 0.0000e+00   2030.750      48739         16  0.000e+00
     25.405     25.154    -0.4610  27.885505    -0.4610  27.884461     8.3634     8.1966     1.7872    87.9190 1.0000e-12  -65.23316  -66.77508 331.197023      99.98 0.0000e+00   2030.792      48740         16  0.000e+00
     25.378     25.127    -0.4613  27.885448    -0.4612  27.884461     8.3559     8.1845     1.7872    87.9190 1.0000e-12  -65.23316  -66.77508 331.197024      99.98 0.0000e+00   2030.833      48741         16  0.000e+00
     25.351     25.100    -0.4613  27.885505    -0.4612  27.884068     8.3514     8.1925     1.7872    87.9190 1.0000e-12  -65.23316  -66.77508 331.197024      99.98 0.0000e+00   2030.875      48742         16  0.000e+00
     25.351     25.100    -0.4613  27.885275    -0.4612  27.884405     8.3456     8.1985     1.7872    87.9447 1.0000e-12  -65.23316  -66.77508 331.197024      99.95 0.0000e+00   2030.917      48743         16  0.000e+00
     25.303     25.053    -0.4611  27.885793    -0.4608  27.884461     8.3441     8.1998     1.7798    87.9190 1.0000e-12  -65.23316  -66.77508 331.197025      99.93 0.0000e+00   2030.958      48744         16  0.000e+00
     25.303     25.053    -0.4608  27.885678    -0.4610  27.884461     8.3368     8.2013     1.7505    87.9190 1.0000e-12  -65.23316  -66.77508 331.197025      99.98 0.0000e+00   2031.000      48745         16  0.000e+00
     25.330     25.080    -0.4610  27.885448    -0.4608  27.884461     8.3270     8.2010     1.7285    87.9447 1.0000e-12  -65.23316  -66.77508 331.197026      99.98 0.0000e+00   2031.042      48746         16  0.000e+00
     25.248     24.999    -0.4610  27.885447    -0.4609  27.884517     8.3244     8.1895     1.7285    87.9447 1.0000e-12  -65.23316  -66.77508 331.197026      99.98 0.0000e+00   2031.083      48747         16  0.000e+00
     25.200     24.951    -0.4610  27.885332    -0.4610  27.884685     8.3219     8.1882     1.7285    87.9190 1.0000e-12  -65.23316  -66.77508 331.197027      99.93 0.0000e+00   2031.125      48748         16  0.000e+00
     25.200     24.951    -0.4608  27.885850    -0.4609  27.884517     8.3298     8.1988     1.7285    87.9447 1.0000e-12  -65.23316  -66.77508 331.197027      99.95 0.0000e+00   2031.167      48749         16  0.000e+00
     25.200     24.951    -0.4611  27.885562    -0.4610  27.884292     8.3303     8.2002     1.7359    87.9705 1.0000e-12  -65.23316  -66.77508 331.197028      99.98 0.0000e+00   2031.208      48750         16  0.000e+00
     25.173     24.924    -0.4611  27.885505    -0.4609  27.884236     8.3308     8.1880     1.7359    87.9962 1.0000e-12  -65.23316  -66.77508 331.197028      99.98 0.0000e+00   2031.250      48751         16  0.000e+00
     25.152     24.904    -0.4608  27.885677    -0.4610  27.884011     8.3283     8.1858     1.7359    87.9962 1.0000e-12  -65.23316  -66.77508 331.197029      99.98 0.0000e+00   2031.292      48752         16  0.000e+00
     25.152     24.904    -0.4610  27.885332    -0.4607  27.884292     8.3336     8.1909     1.7359    87.9962 1.0000e-12  -65.23316  -66.77508 331.197029      99.98 0.0000e+00   2031.333      48753         16  0.000e+00
     25.098     24.850    -0.4608  27.885677    -0.4610  27.884292     8.3271     8.1969     1.7285    87.9962 1.0000e-12  -65.23316  -66.77508 331.197030      99.98 0.0000e+00   2031.375      48754         16  0.000e+00
     25.098     24.850    -0.4610  27.885505    -0.4609  27.884235     8.3239     8.1801     1.7359    87.9962 1.0000e-12  -65.23316  -66.77508 331.197030      99.95 0.0000e+00   2031.417      48755         16  0.000e+00
     25.077     24.829    -0.4607  27.885447    -0.4608  27.884235     8.3162     8.1880     1.7359    87.9962 1.0000e-12  -65.23316  -66.77508 331.197031      99.95 0.0000e+00   2031.458      48756         16  0.000e+00
     25.050     24.802    -0.4610  27.885504    -0.4612  27.884235     8.3189     8.1877     1.7359    87.9962 1.0000e-12  -65.23316  -66.77508 331.197031      99.95 0.0000e+00   2031.500      48757         16  0.000e+00
     24.995     24.748    -0.4607  27.885274    -0.4608  27.884235     8.3215     8.1817     1.7285    87.9962 1.0000e-12  -65.23316  -66.77508 331.197032      99.98 0.0000e+00   2031.542      48758         16  0.000e+00
     24.995     24.748    -0.4610  27.885389    -0.4609  27.884404     8.3198     8.1869     1.7359    87.9962 1.0000e-12  -65.23316  -66.77508 331.197032      99.95 0.0000e+00   2031.583      48759         16  0.000e+00
     24.995     24.748    -0.4607  27.885504    -0.4607  27.884291     8.3251     8.1930     1.7285    87.9962 1.0000e-12  -65.23316  -66.77508 331.197033      99.93 0.0000e+00   2031.625      48760         16  0.000e+00
     25.205     24.956    -0.4602  27.886023    -0.4610  27.884461     8.3635     8.1969     2.3219    87.9962 1.0000e-12  -65.23318  -66.77508 331.197136      99.98 0.0000e+00   2040.583      48975         17  0.000e+00
     25.157     24.909    -0.4602  27.886195    -0.4613  27.884460     8.3631     8.1968     2.3219    87.9962 1.0000e-12  -65.23318  -66.77508 331.197137      99.93 0.0000e+00   2040.625      48976         17  0.000e+00
     25.130     24.882    -0.4600  27.886540    -0.4610  27.884292     8.3685     8.1967     2.3219    87.9962 1.0000e-12  -65.23318  -66.77508 331.197137      99.95 0.0000e+00   2040.667      48977         17  0.000e+00
     25.205     24.956    -0.4599  27.886310    -0.4613  27.884236     8.3827     8.1967     2.3219    87.9962 1.0000e-12  -65.23318  -66.77508 331.197138      99.98 0.0000e+00   2040.708      48978         17  0.000e+00
     25.158     24.909    -0.4600  27.886425    -0.4612  27.884236     8.3863     8.2074     2.3219    88.0220 1.0000e-12  -65.23318  -66.77508 331.197138      99.98 0.0000e+00   2040.750      48979         17  0.000e+00
     25.158     24.909    -0.4599  27.886368    -0.4610  27.884011     8.3765     8.2035     2.3219    87.9962 1.0000e-12  -65.23318  -66.77508 331.197139      99.98 0.0000e+00   2040.792      48980         17  0.000e+00
     25.158     24.909    -0.4600  27.886253    -0.4610  27.884404     8.3594     8.1987     2.2853    87.9962 1.0000e-12  -65.23318  -66.77508 331.197139      99.98 0.0000e+00   2040.833      48981         17  0.000e+00
     25.158     24.909    -0.4600  27.886253    -0.4612  27.884292     8.3498     8.1985     2.0802    87.9962 1.0000e-12  -65.23318  -66.77508 331.197140      99.98 0.0000e+00   2040.875      48982         17  0.000e+00
     25.130     24.882    -0.4599  27.886138    -0.4612  27.884011     8.3330     8.1974     2.0069    87.9962 1.0000e-12  -65.23318  -66.77508 331.197140      99.95 0.0000e+00   2040.917      48983         17  0.000e+00
     25.158     24.909    -0.4600  27.886195    -0.4612  27.884292     8.3195     8.1917     1.9996    87.9962 1.0000e-12  -65.23318  -66.77508 331.197141      99.95 0.0000e+00   2040.958      48984         17  0.000e+00
     25.158     24.909    -0.4600  27.886310    -0.4612  27.884123     8.3120     8.2015     2.0069    88.0220 1.0000e-12  -65.23318  -66.77508 331.197141      99.98 0.0000e+00   2041.000      48985         17  0.000e+00
     25.158     24.909    -0.4600  27.886253    -0.4610  27.884179     8.3164     8.2021     2.0143    87.9962 1.0000e-12  -65.23318  -66.77508 331.197142      99.98 0.0000e+00   2041.042      48986         17  0.000e+00
     25.103     24.855    -0.4603  27.886080    -0.4612  27.884011     8.3119     8.1972     2.0069    87.9962 1.0000e-12  -65.23318  -66.77508 331.197142      99.95 0.0000e+00   2041.083      48987         17  0.000e+00
     25.178     24.929    -0.4600  27.886253    -0.4610  27.884179     8.3090     8.1969     2.0143    87.9962 1.0000e-12  -65.23318  -66.77508 331.197143      99.93 0.0000e+00   2041.125      48988         17  0.000e+00
     25.103     24.855    -0.4603  27.886253    -0.4610  27.884235     8.3075     8.1911     2.0143    87.9962 1.0000e-12  -65.23318  -66.77508 331.197143      99.95 0.0000e+00   2041.167      48989         17  0.000e+00
     25.158     24.909    -0.4600  27.886425    -0.4612  27.884236     8.3077     8.1973     2.0069    87.9962 1.0000e-12  -65.23318  -66.77508 331.197144      99.98 0.0000e+00   2041.208      48990         17  0.000e+00
