NBP2113_155081_ctd/data/nbp2113_059.ros
* Sea-Bird SBE 9 Data File:
* FileName = D:\Data\raw\NBP2113_059.hex
* Software Version Seasave V 7.26.7.121
* Temperature SN = 2438
* Conductivity SN = 2067
* Number of Bytes Per Scan = 40
* Number of Voltage Words = 5
* Number of Scans Averaged by the Deck Unit = 1
* NMEA Latitude = 64 45.55 S
* NMEA Longitude = 063 08.87 W
* NMEA UTC (Time) = Dec 13 2021  21:27:01
* NMEA baud rate = 9600
** Ship: RVIB N.B. Palmer
** Cruise: NBP2113 LTER
** Station: 653.008
** Operator: S. Blackman
# nquan = 20
# nvalues = 588                                   
# units = specified
# name 0 = prDM: Pressure, Digiquartz [db]
# name 1 = depSM: Depth [salt water, m]
# name 2 = t090C: Temperature [ITS-90, deg C]
# name 3 = c0mS/cm: Conductivity [mS/cm]
# name 4 = t190C: Temperature, 2 [ITS-90, deg C]
# name 5 = c1mS/cm: Conductivity, 2 [mS/cm]
# name 6 = sbeox0ML/L: Oxygen, SBE 43 [ml/l]
# name 7 = sbeox1ML/L: Oxygen, SBE 43, 2 [ml/l]
# name 8 = flECO-AFL: Fluorescence, WET Labs ECO-AFL/FL [mg/m^3]
# name 9 = CStarTr0: Beam Transmission, WET Labs C-Star [%]
# name 10 = par: PAR/Irradiance, Biospherical/Licor
# name 11 = latitude: Latitude [deg]
# name 12 = longitude: Longitude [deg]
# name 13 = timeJ: Julian Days
# name 14 = altM: Altimeter [m]
# name 15 = spar: SPAR, Biospherical/Licor
# name 16 = timeS: Time, Elapsed [seconds]
# name 17 = scan: Scan Count
# name 18 = nbf: Bottles Fired
# name 19 = flag:  0.000e+00
# interval = seconds: 0.0416667
# start_time = Dec 13 2021 21:27:01 [NMEA time, header]
# bad_flag = -9.990e-29
*END*
    133.861    132.508     0.5451  29.113105     0.5434  29.108933     5.4669     5.6025     0.1095    90.6227 1.0000e-12  -64.75938  -63.14770 347.906855       9.69 5.2710e+02   1131.250      27151          1  0.000e+00
    133.861    132.508     0.5455  29.113456     0.5436  29.109162     5.4612     5.6030     0.1095    90.6227 1.0000e-12  -64.75938  -63.14770 347.906855       9.69 5.2710e+02   1131.292      27152          1  0.000e+00
    133.758    132.406     0.5454  29.113163     0.5444  29.109390     5.4712     5.6033     0.1095    90.6227 1.0000e-12  -64.75938  -63.14770 347.906856       9.69 5.2710e+02   1131.333      27153          1  0.000e+00
    133.909    132.555     0.5460  29.113164     0.5446  29.110019     5.4670     5.6038     0.1095    90.6227 1.0000e-12  -64.75938  -63.14770 347.906856       9.69 5.2710e+02   1131.375      27154          1  0.000e+00
    133.909    132.555     0.5460  29.113456     0.5438  29.111104     5.4658     5.6043     0.1095    90.6227 1.0000e-12  -64.75938  -63.14770 347.906857       9.67 5.2710e+02   1131.417      27155          1  0.000e+00
    133.813    132.460     0.5464  29.113631     0.5447  29.110818     5.4645     5.6038     0.1095    90.5969 1.0000e-12  -64.75938  -63.14770 347.906857       9.69 5.2710e+02   1131.458      27156          1  0.000e+00
    133.861    132.508     0.5460  29.113164     0.5447  29.111047     5.4591     5.6042     0.1095    90.5969 1.0000e-12  -64.75938  -63.14770 347.906858       9.67 5.2710e+02   1131.500      27157          1  0.000e+00
    133.861    132.508     0.5459  29.113164     0.5444  29.110247     5.4638     5.6048     0.1095    90.5969 1.0000e-12  -64.75938  -63.14770 347.906858       9.67 5.2710e+02   1131.542      27158          1  0.000e+00
    133.861    132.508     0.5462  29.113164     0.5436  29.110247     5.4641     5.6053     0.1095    90.5969 1.0000e-12  -64.75938  -63.14770 347.906859       9.67 5.2710e+02   1131.583      27159          1  0.000e+00
    133.909    132.555     0.5462  29.113105     0.5434  29.109448     5.4588     5.6050     0.1095    90.5969 1.0000e-12  -64.75938  -63.14770 347.906859       9.67 5.2710e+02   1131.625      27160          1  0.000e+00
    133.806    132.454     0.5460  29.113748     0.5426  29.109162     5.4579     5.6046     0.1095    90.5969 1.0000e-12  -64.75938  -63.14770 347.906860       9.69 5.2710e+02   1131.667      27161          1  0.000e+00
    133.861    132.508     0.5460  29.113748     0.5423  29.108934     5.4629     5.6042     0.1095    90.5969 1.0000e-12  -64.75938  -63.14770 347.906860       9.67 5.2710e+02   1131.708      27162          1  0.000e+00
    133.909    132.555     0.5463  29.113749     0.5413  29.108363     5.4636     5.6039     0.1095    90.5969 1.0000e-12  -64.75938  -63.14770 347.906861       9.67 5.2710e+02   1131.750      27163          1  0.000e+00
    133.861    132.508     0.5460  29.113748     0.5412  29.107277     5.4643     5.6042     0.1095    90.5969 1.0000e-12  -64.75938  -63.14770 347.906861       9.67 5.2710e+02   1131.792      27164          1  0.000e+00
    133.861    132.508     0.5465  29.113924     0.5413  29.106421     5.4580     5.6046     0.1095    90.5969 1.0000e-12  -64.75938  -63.14770 347.906861       9.67 5.2710e+02   1131.833      27165          1  0.000e+00
    133.909    132.556     0.5465  29.113982     0.5421  29.106478     5.4575     5.6048     0.1095    90.5969 1.0000e-12  -64.75938  -63.14770 347.906862       9.67 5.2710e+02   1131.875      27166          1  0.000e+00
    133.813    132.460     0.5462  29.113456     0.5430  29.107277     5.4628     5.6049     0.1095    90.5969 1.0000e-12  -64.75938  -63.14770 347.906862       9.67 5.2710e+02   1131.917      27167          1  0.000e+00
    133.909    132.556     0.5462  29.114275     0.5448  29.107848     5.4638     5.6042     0.1095    90.5969 1.0000e-12  -64.75938  -63.14770 347.906863       9.67 5.2710e+02   1131.958      27168          1  0.000e+00
    133.861    132.508     0.5464  29.113982     0.5455  29.109676     5.4648     5.6034     0.1095    90.5969 1.0000e-12  -64.75938  -63.14770 347.906863       9.67 5.2710e+02   1132.000      27169          1  0.000e+00
    133.861    132.508     0.5465  29.114158     0.5461  29.111104     5.4658     5.6026     0.1095    90.5969 1.0000e-12  -64.75938  -63.14770 347.906864       9.67 5.2710e+02   1132.042      27170          1  0.000e+00
    133.909    132.556     0.5466  29.113982     0.5460  29.111332     5.4670     5.6020     0.1095    90.5969 1.0000e-12  -64.75938  -63.14770 347.906864       9.67 5.2710e+02   1132.083      27171          1  0.000e+00
    133.861    132.508     0.5465  29.114275     0.5462  29.111618     5.4668     5.6021     0.1095    90.5969 1.0000e-12  -64.75938  -63.14770 347.906865       9.67 5.2710e+02   1132.125      27172          1  0.000e+00
    133.909    132.556     0.5462  29.113982     0.5465  29.112360     5.4667     5.5969     0.1022    90.5969 1.0000e-12  -64.75938  -63.14770 347.906865       9.67 5.2710e+02   1132.167      27173          1  0.000e+00
    133.861    132.508     0.5465  29.114158     0.5465  29.112189     5.4664     5.6016     0.1022    90.5969 1.0000e-12  -64.75938  -63.14770 347.906866       9.67 5.2710e+02   1132.208      27174          1  0.000e+00
    133.861    132.508     0.5462  29.114567     0.5467  29.112703     5.4620     5.6017     0.1022    90.5969 1.0000e-12  -64.75938  -63.14770 347.906866       9.67 5.2710e+02   1132.250      27175          1  0.000e+00
    133.909    132.556     0.5464  29.113982     0.5465  29.112703     5.4677     5.6020     0.1022    90.5969 1.0000e-12  -64.75938  -63.14770 347.906867       9.67 5.2710e+02   1132.292      27176          1  0.000e+00
    133.861    132.508     0.5460  29.113982     0.5467  29.112646     5.4677     5.6021     0.1022    90.5969 1.0000e-12  -64.75938  -63.14770 347.906867       9.67 5.2710e+02   1132.333      27177          1  0.000e+00
    133.861    132.508     0.5464  29.113982     0.5466  29.112417     5.4620     5.6015     0.1022    90.5969 1.0000e-12  -64.75938  -63.14770 347.906868       9.65 5.2710e+02   1132.375      27178          1  0.000e+00
    133.909    132.556     0.5465  29.114450     0.5468  29.112989     5.4621     5.5955     0.1022    90.5969 1.0000e-12  -64.75938  -63.14770 347.906868       9.65 5.2710e+02   1132.417      27179          1  0.000e+00
    133.861    132.508     0.5468  29.114275     0.5471  29.112988     5.4679     5.5947     0.1022    90.5969 1.0000e-12  -64.75938  -63.14770 347.906869       9.67 5.2710e+02   1132.458      27180          1  0.000e+00
    133.861    132.508     0.5475  29.113982     0.5477  29.113217     5.4694     5.5994     0.1022    90.5969 1.0000e-12  -64.75938  -63.14770 347.906869       9.65 5.2710e+02   1132.500      27181          1  0.000e+00
    133.909    132.556     0.5476  29.114567     0.5474  29.113274     5.4696     5.5997     0.1022    90.5969 1.0000e-12  -64.75938  -63.14770 347.906870       9.67 5.2710e+02   1132.542      27182          1  0.000e+00
    133.861    132.508     0.5479  29.114976     0.5468  29.112703     5.4698     5.5999     0.1022    90.5969 1.0000e-12  -64.75938  -63.14770 347.906870       9.65 5.2710e+02   1132.583      27183          1  0.000e+00
    133.909    132.556     0.5475  29.115093     0.5471  29.112931     5.4658     5.6001     0.1022    90.5969 1.0000e-12  -64.75938  -63.14770 347.906871       9.67 5.2710e+02   1132.625      27184          1  0.000e+00
    133.909    132.556     0.5476  29.115386     0.5474  29.112989     5.4719     5.6003     0.1022    90.5969 1.0000e-12  -64.75938  -63.14770 347.906871       9.65 5.2710e+02   1132.667      27185          1  0.000e+00
    133.861    132.508     0.5476  29.115386     0.5478  29.112417     5.4736     5.5996     0.1022    90.5969 1.0000e-12  -64.75938  -63.14770 347.906872       9.67 5.2886e+02   1132.708      27186          1  0.000e+00
    133.909    132.556     0.5476  29.115386     0.5477  29.113274     5.4742     5.5998     0.1022    90.6227 1.0000e-12  -64.75938  -63.14770 347.906872       9.65 5.2886e+02   1132.750      27187          1  0.000e+00
    133.861    132.508     0.5474  29.115561     0.5480  29.113445     5.4690     5.5998     0.1022    90.5969 1.0000e-12  -64.75938  -63.14770 347.906873       9.65 5.2710e+02   1132.792      27188          1  0.000e+00
    133.909    132.556     0.5476  29.115386     0.5479  29.113788     5.4739     5.6001     0.1022    90.5969 1.0000e-12  -64.75938  -63.14770 347.906873       9.65 5.2710e+02   1132.833      27189          1  0.000e+00
    133.861    132.508     0.5471  29.115093     0.5476  29.114074     5.4745     5.6002     0.1022    90.5969 1.0000e-12  -64.75938  -63.14770 347.906874       9.65 5.2886e+02   1132.875      27190          1  0.000e+00
    133.909    132.556     0.5471  29.115093     0.5473  29.114074     5.4694     5.5996     0.1022    90.5969 1.0000e-12  -64.75938  -63.14770 347.906874       9.65 5.2886e+02   1132.917      27191          1  0.000e+00
    133.909    132.556     0.5476  29.115093     0.5477  29.113445     5.4686     5.5989     0.1022    90.5969 1.0000e-12  -64.75938  -63.14770 347.906875       9.65 5.2886e+02   1132.958      27192          1  0.000e+00
    133.861    132.508     0.5480  29.114976     0.5478  29.113502     5.4736     5.5989     0.1022    90.5969 1.0000e-12  -64.75938  -63.14770 347.906875       9.65 5.2886e+02   1133.000      27193          1  0.000e+00
    133.909    132.556     0.5481  29.115386     0.5482  29.113788     5.4799     5.5936     0.1022    90.5969 1.0000e-12  -64.75938  -63.14770 347.906875       9.65 5.2886e+02   1133.042      27194          1  0.000e+00
    133.861    132.508     0.5476  29.115912     0.5478  29.113788     5.4761     5.5983     0.1022    90.5969 1.0000e-12  -64.75938  -63.14770 347.906876       9.65 5.2886e+02   1133.083      27195          1  0.000e+00
    133.909    132.556     0.5471  29.115620     0.5473  29.114245     5.4711     5.5985     0.1022    90.5969 1.0000e-12  -64.75938  -63.14770 347.906876       9.62 5.2886e+02   1133.125      27196          1  0.000e+00
    133.909    132.556     0.5464  29.115093     0.5468  29.114359     5.4692     5.5987     0.1022    90.6227 1.0000e-12  -64.75938  -63.14770 347.906877       9.65 5.2886e+02   1133.167      27197          1  0.000e+00
    133.909    132.556     0.5459  29.114450     0.5468  29.113788     5.4757     5.5989     0.1022    90.6484 1.0000e-12  -64.75938  -63.14770 347.906877       9.65 5.2886e+02   1133.208      27198          1  0.000e+00
    133.861    132.508     0.5455  29.114567     0.5469  29.113445     5.4764     5.5990     0.0948    90.6484 1.0000e-12  -64.75938  -63.14770 347.906878       9.65 5.2886e+02   1133.250      27199          1  0.000e+00
    133.964    132.610     0.5424  29.109890     0.5481  29.117216     5.4795     5.5940     0.1388    90.6742 1.0000e-12  -64.75940  -63.14770 347.906943       9.60 5.2886e+02   1138.875      27334          2  0.000e+00
    133.910    132.556     0.5423  29.109890     0.5472  29.115959     5.4801     5.5942     0.1388    90.6742 1.0000e-12  -64.75940  -63.14770 347.906943       9.62 5.2886e+02   1138.917      27335          2  0.000e+00
    133.958    132.604     0.5423  29.109656     0.5471  29.113503     5.4751     5.5944     0.1388    90.6742 1.0000e-12  -64.75940  -63.14770 347.906944       9.60 5.2886e+02   1138.958      27336          2  0.000e+00
    133.910    132.556     0.5421  29.109773     0.5482  29.112931     5.4744     5.5943     0.1388    90.6742 1.0000e-12  -64.75940  -63.14770 347.906944       9.60 5.3063e+02   1139.000      27337          2  0.000e+00
    133.958    132.604     0.5423  29.109890     0.5497  29.112417     5.4807     5.5943     0.1388    90.6484 1.0000e-12  -64.75940  -63.14770 347.906945       9.60 5.3063e+02   1139.042      27338          2  0.000e+00
    133.964    132.610     0.5423  29.109656     0.5510  29.114074     5.4813     5.5941     0.1388    90.5712 1.0000e-12  -64.75940  -63.14770 347.906945       9.62 5.3063e+02   1139.083      27339          2  0.000e+00
    133.964    132.610     0.5421  29.109890     0.5497  29.115673     5.4762     5.5942     0.1388    90.5454 1.0000e-12  -64.75940  -63.14770 347.906946       9.60 5.2886e+02   1139.125      27340          2  0.000e+00
    133.958    132.604     0.5417  29.109539     0.5484  29.115902     5.4755     5.5945     0.1388    90.5454 1.0000e-12  -64.75940  -63.14770 347.906946       9.60 5.3063e+02   1139.167      27341          2  0.000e+00
    133.964    132.610     0.5417  29.109656     0.5474  29.115159     5.4761     5.5947     0.1388    90.5454 1.0000e-12  -64.75940  -63.14770 347.906947       9.60 5.3063e+02   1139.208      27342          2  0.000e+00
    133.910    132.556     0.5418  29.109890     0.5469  29.113503     5.4767     5.5895     0.1388    90.5454 1.0000e-12  -64.75940  -63.14770 347.906947       9.62 5.3063e+02   1139.250      27343          2  0.000e+00
    133.958    132.604     0.5423  29.109890     0.5470  29.113788     5.4773     5.5942     0.1388    90.5454 1.0000e-12  -64.75940  -63.14770 347.906948       9.60 5.3063e+02   1139.292      27344          2  0.000e+00
    133.964    132.610     0.5426  29.109656     0.5465  29.113446     5.4767     5.5944     0.1388    90.5454 1.0000e-12  -64.75940  -63.14770 347.906948       9.67 5.3063e+02   1139.333      27345          2  0.000e+00
    133.910    132.556     0.5431  29.110591     0.5463  29.112989     5.4760     5.5945     0.1388    90.5454 1.0000e-12  -64.75940  -63.14770 347.906949       9.77 5.3063e+02   1139.375      27346          2  0.000e+00
    134.012    132.658     0.5427  29.110182     0.5468  29.113275     5.4699     5.5946     0.1388    90.5454 1.0000e-12  -64.75940  -63.14770 347.906949       9.79 5.3063e+02   1139.417      27347          2  0.000e+00
    133.964    132.610     0.5427  29.110182     0.5468  29.112989     5.4737     5.5946     0.1388    90.5454 1.0000e-12  -64.75940  -63.14770 347.906950       9.79 5.3063e+02   1139.458      27348          2  0.000e+00
    133.958    132.604     0.5426  29.110182     0.5467  29.112932     5.4732     5.5948     0.1388    90.5454 1.0000e-12  -64.75940  -63.14770 347.906950       9.79 5.3063e+02   1139.500      27349          2  0.000e+00
    133.964    132.610     0.5426  29.110065     0.5458  29.113274     5.4726     5.5950     0.1388    90.5454 1.0000e-12  -64.75940  -63.14770 347.906951       9.79 5.3063e+02   1139.542      27350          2  0.000e+00
    133.958    132.604     0.5427  29.110475     0.5456  29.113274     5.4734     5.5951     0.1388    90.5454 1.0000e-12  -64.75940  -63.14770 347.906951       9.79 5.3063e+02   1139.583      27351          2  0.000e+00
    133.910    132.556     0.5426  29.110182     0.5461  29.112132     5.4786     5.5951     0.1388    90.5454 1.0000e-12  -64.75940  -63.14770 347.906952       9.79 5.3063e+02   1139.625      27352          2  0.000e+00
    134.012    132.658     0.5424  29.109890     0.5459  29.112189     5.4738     5.5954     0.1388    90.5454 1.0000e-12  -64.75940  -63.14770 347.906952       9.79 5.3063e+02   1139.667      27353          2  0.000e+00
    133.958    132.604     0.5424  29.110182     0.5460  29.112189     5.4732     5.5954     0.1388    90.5454 1.0000e-12  -64.75940  -63.14770 347.906953       9.79 5.3063e+02   1139.708      27354          2  0.000e+00
    133.964    132.610     0.5424  29.110065     0.5452  29.112418     5.4670     5.5903     0.1388    90.5454 1.0000e-12  -64.75940  -63.14770 347.906953       9.79 5.3063e+02   1139.750      27355          2  0.000e+00
    133.964    132.610     0.5431  29.109656     0.5444  29.112132     5.4722     5.5950     0.1388    90.5454 1.0000e-12  -64.75940  -63.14770 347.906954       9.77 5.3063e+02   1139.792      27356          2  0.000e+00
