NBP2113_155081_ctd/data/nbp2113_011.ros
* Sea-Bird SBE 9 Data File:
* FileName = D:\Data\raw\NBP2113_011.hex
* Software Version Seasave V 7.26.7.121
* Temperature SN = 2438
* Conductivity SN = 2067
* Number of Bytes Per Scan = 40
* Number of Voltage Words = 5
* Number of Scans Averaged by the Deck Unit = 1
* NMEA Latitude = 63 57.92 S
* NMEA Longitude = 066 51.27 W
* NMEA UTC (Time) = Nov 26 2021  05:08:42
* NMEA baud rate = 9600
** Ship: RVIB N.B. Palmer
** Cruise: NBP2113 LTER
** Station: 600.200
** Operator: B. Urmston
# nquan = 20
# nvalues = 1155                                  
# units = specified
# name 0 = prDM: Pressure, Digiquartz [db]
# name 1 = depSM: Depth [salt water, m]
# name 2 = t090C: Temperature [ITS-90, deg C]
# name 3 = c0mS/cm: Conductivity [mS/cm]
# name 4 = t190C: Temperature, 2 [ITS-90, deg C]
# name 5 = c1mS/cm: Conductivity, 2 [mS/cm]
# name 6 = sbeox0ML/L: Oxygen, SBE 43 [ml/l]
# name 7 = sbeox1ML/L: Oxygen, SBE 43, 2 [ml/l]
# name 8 = flECO-AFL: Fluorescence, WET Labs ECO-AFL/FL [mg/m^3]
# name 9 = CStarTr0: Beam Transmission, WET Labs C-Star [%]
# name 10 = par: PAR/Irradiance, Biospherical/Licor
# name 11 = latitude: Latitude [deg]
# name 12 = longitude: Longitude [deg]
# name 13 = timeJ: Julian Days
# name 14 = altM: Altimeter [m]
# name 15 = spar: SPAR, Biospherical/Licor
# name 16 = timeS: Time, Elapsed [seconds]
# name 17 = scan: Scan Count
# name 18 = nbf: Bottles Fired
# name 19 = flag:  0.000e+00
# interval = seconds: 0.0416667
# start_time = Nov 26 2021 05:08:42 [NMEA time, header]
# bad_flag = -9.990e-29
*END*
[from data line 1086]
      0.966      0.957    -0.6208  27.679714    -0.6207  27.678083     8.4813     8.3744     4.4318    89.6957 1.0000e-12  -63.96578  -66.85586 330.313484      99.98 3.8783e+01   8563.000     205513         23  0.000e+00
      0.966      0.957    -0.6208  27.679714    -0.6207  27.678083     8.4841     8.3742     4.4245    89.6957 1.0000e-12  -63.96578  -66.85586 330.313484      99.98 3.8783e+01   8563.042     205514         23  0.000e+00
      1.021      1.011    -0.6205  27.679542    -0.6207  27.678027     8.4837     8.3742     4.4245    89.6957 1.0000e-12  -63.96578  -66.85586 330.313485      99.93 3.8783e+01   8563.083     205515         23  0.000e+00
      1.062      1.051    -0.6206  27.679656    -0.6209  27.678419     8.4848     8.3741     4.4318    89.6957 1.0000e-12  -63.96578  -66.85586 330.313485      99.95 3.8783e+01   8563.125     205516         23  0.000e+00
      1.021      1.011    -0.6207  27.679714    -0.6206  27.678139     8.4901     8.3738     4.4318    89.6957 1.0000e-12  -63.96578  -66.85586 330.313486      99.98 3.8783e+01   8563.167     205517         23  0.000e+00
      1.123      1.112    -0.6206  27.679886    -0.6206  27.678363     8.4924     8.3738     4.4318    89.6957 1.0000e-12  -63.96578  -66.85586 330.313486      99.98 3.8783e+01   8563.208     205518         23  0.000e+00
      1.123      1.112    -0.6206  27.679771    -0.6206  27.678531     8.5003     8.3736     4.4318    89.6957 1.0000e-12  -63.96578  -66.85586 330.313487      99.98 3.8783e+01   8563.250     205519         23  0.000e+00
      1.171      1.160    -0.6203  27.679886    -0.6206  27.678307     8.5037     8.3736     4.4318    89.6957 1.0000e-12  -63.96578  -66.85586 330.313487      99.98 3.8783e+01   8563.292     205520         23  0.000e+00
      1.212      1.201    -0.6205  27.679772    -0.6206  27.678588     8.5070     8.3734     4.4245    89.6957 1.0000e-12  -63.96578  -66.85586 330.313488      99.98 3.8783e+01   8563.333     205521         23  0.000e+00
      1.171      1.160    -0.6205  27.679542    -0.6203  27.678588     8.4985     8.3732     4.4318    89.6957 1.0000e-12  -63.96578  -66.85586 330.313488      99.95 3.8783e+01   8563.375     205522         23  0.000e+00
      1.274      1.262    -0.6205  27.679657    -0.6204  27.678308     8.4933     8.3732     4.4245    89.6957 1.0000e-12  -63.96578  -66.85586 330.313489      99.95 3.8783e+01   8563.417     205523         23  0.000e+00
      1.219      1.207    -0.6205  27.679714    -0.6206  27.678868     8.4851     8.3730     4.4318    89.6957 1.0000e-12  -63.96578  -66.85586 330.313489      99.98 3.8783e+01   8563.458     205524         23  0.000e+00
      1.274      1.262    -0.6205  27.679887    -0.6203  27.678644     8.4875     8.3729     4.4318    89.6957 1.0000e-12  -63.96578  -66.85586 330.313490      99.98 3.8783e+01   8563.500     205525         23  0.000e+00
      1.322      1.309    -0.6206  27.679772    -0.6206  27.678868     8.4926     8.3728     4.4318    89.6957 1.0000e-12  -63.96578  -66.85586 330.313490      99.95 3.8783e+01   8563.542     205526         23  0.000e+00
      1.267      1.255    -0.6205  27.679714    -0.6204  27.678644     8.4858     8.3726     4.4318    89.6957 1.0000e-12  -63.96578  -66.85586 330.313491      99.93 3.8783e+01   8563.583     205527         23  0.000e+00
      1.377      1.363    -0.6205  27.679543    -0.6203  27.678308     8.4882     8.3735     4.4245    89.6957 1.0000e-12  -63.96578  -66.85586 330.313491      99.95 3.8783e+01   8563.625     205528         23  0.000e+00
      1.377      1.363    -0.6202  27.680002    -0.6203  27.678420     8.4799     8.3743     4.4318    89.6957 1.0000e-12  -63.96578  -66.85586 330.313492      99.98 3.8783e+01   8563.667     205529         23  0.000e+00
      1.377      1.363    -0.6200  27.680231    -0.6203  27.678308     8.4775     8.3751     4.4318    89.6957 1.0000e-12  -63.96578  -66.85586 330.313492      99.98 3.8783e+01   8563.708     205530         23  0.000e+00
      1.377      1.363    -0.6196  27.680633    -0.6203  27.678476     8.4678     8.3750     4.4318    89.6957 1.0000e-12  -63.96578  -66.85586 330.313492      99.98 3.8783e+01   8563.750     205531         23  0.000e+00
      1.418      1.404    -0.6199  27.680576    -0.6200  27.678925     8.4700     8.3804     4.4318    89.6957 1.0000e-12  -63.96578  -66.85586 330.313493      99.98 3.8783e+01   8563.792     205532         23  0.000e+00
      1.425      1.411    -0.6196  27.680518    -0.6197  27.679205     8.4704     8.3812     4.7029    89.6957 1.0000e-12  -63.96578  -66.85586 330.313493      99.98 3.8783e+01   8563.833     205533         24  0.000e+00
      1.425      1.411    -0.6196  27.680518    -0.6197  27.679093     8.4696     8.3764     5.4428    89.6699 1.0000e-12  -63.96578  -66.85586 330.313494      99.95 3.8783e+01   8563.875     205534         24  0.000e+00
      1.473      1.458    -0.6196  27.680691    -0.6197  27.679205     8.4746     8.3764     5.6919    89.6957 1.0000e-12  -63.96578  -66.85586 330.313494      99.95 3.8783e+01   8563.917     205535         24  0.000e+00
      1.527      1.512    -0.6196  27.680576    -0.6197  27.679317     8.4811     8.3763     5.6846    89.6957 1.0000e-12  -63.96578  -66.85586 330.313495      99.98 3.8783e+01   8563.958     205536         24  0.000e+00
      1.527      1.512    -0.6196  27.680691    -0.6194  27.679653     8.4829     8.3761     5.6480    89.6957 1.0000e-12  -63.96578  -66.85586 330.313495      99.98 3.8783e+01   8564.000     205537         24  0.000e+00
      1.466      1.451    -0.6197  27.680576    -0.6194  27.679653     8.4789     8.3814     5.6406    89.6957 1.0000e-12  -63.96578  -66.85586 330.313496      99.98 3.8783e+01   8564.042     205538         24  0.000e+00
      1.527      1.512    -0.6196  27.680518    -0.6192  27.679766     8.4780     8.3822     5.6406    89.6957 1.0000e-12  -63.96578  -66.85586 330.313496      99.93 3.8783e+01   8564.083     205539         24  0.000e+00
      1.575      1.560    -0.6194  27.680691    -0.6194  27.679822     8.4712     8.3829     5.6406    89.8244 1.0000e-12  -63.96578  -66.85586 330.313497      99.95 3.8783e+01   8564.125     205540         24  0.000e+00
      1.527      1.513    -0.6197  27.680576    -0.6194  27.679822     8.4644     8.3781     5.6406    90.2879 1.0000e-12  -63.96578  -66.85586 330.313497      99.98 3.8783e+01   8564.167     205541         24  0.000e+00
      1.575      1.560    -0.6196  27.680289    -0.6194  27.679598     8.4578     8.3834     5.6406    90.4424 1.0000e-12  -63.96578  -66.85586 330.313498      99.98 3.8783e+01   8564.208     205542         24  0.000e+00
      1.623      1.607    -0.6197  27.680404    -0.6192  27.679542     8.4618     8.3840     5.6480    90.4424 1.0000e-12  -63.96578  -66.85586 330.313498      99.98 3.8783e+01   8564.250     205543         24  0.000e+00
      1.575      1.560    -0.6200  27.680289    -0.6194  27.679710     8.4614     8.3846     5.6406    90.4167 1.0000e-12  -63.96578  -66.85586 330.313499      99.98 3.8783e+01   8564.292     205544         24  0.000e+00
      1.630      1.614    -0.6199  27.680404    -0.6194  27.679261     8.4656     8.3852     5.6406    90.4167 1.0000e-12  -63.96578  -66.85586 330.313499      99.98 3.8783e+01   8564.333     205545         24  0.000e+00
      1.630      1.614    -0.6200  27.680519    -0.6197  27.679261     8.4582     8.3858     5.6406    90.4167 1.0000e-12  -63.96578  -66.85586 330.313500      99.95 3.8783e+01   8564.375     205546         24  0.000e+00
      1.575      1.560    -0.6197  27.680519    -0.6197  27.679317     8.4668     8.3862     5.6406    90.4167 1.0000e-12  -63.96578  -66.85586 330.313500      99.95 3.8783e+01   8564.417     205547         24  0.000e+00
      1.623      1.607    -0.6200  27.680289    -0.6195  27.679317     8.4608     8.3811     5.6406    90.4167 1.0000e-12  -63.96578  -66.85586 330.313501      99.98 3.8783e+01   8564.458     205548         24  0.000e+00
      1.630      1.614    -0.6200  27.680060    -0.6197  27.679486     8.4548     8.3862     5.6406    90.4167 1.0000e-12  -63.96578  -66.85586 330.313501      99.98 3.8783e+01   8564.500     205549         24  0.000e+00
      1.630      1.614    -0.6199  27.680174    -0.6197  27.679149     8.4591     8.3866     5.6406    90.4167 1.0000e-12  -63.96578  -66.85586 330.313502      99.95 3.8783e+01   8564.542     205550         24  0.000e+00
      1.630      1.614    -0.6201  27.680404    -0.6197  27.679374     8.4591     8.3870     5.6480    90.4167 1.0000e-12  -63.96578  -66.85586 330.313502      99.93 3.8783e+01   8564.583     205551         24  0.000e+00
      1.575      1.560    -0.6203  27.680289    -0.6197  27.679373     8.4605     8.3872     5.6406    90.4167 1.0000e-12  -63.96578  -66.85586 330.313503      99.95 3.8783e+01   8564.625     205552         24  0.000e+00
      1.623      1.608    -0.6205  27.679830    -0.6195  27.679486     8.4607     8.3875     5.6406    90.4167 1.0000e-12  -63.96578  -66.85586 330.313503      99.98 3.8783e+01   8564.667     205553         24  0.000e+00
      1.575      1.560    -0.6205  27.679887    -0.6195  27.679373     8.4711     8.3877     5.6406    90.4167 1.0000e-12  -63.96578  -66.85586 330.313504      99.98 3.8783e+01   8564.708     205554         24  0.000e+00
      1.575      1.560    -0.6205  27.680174    -0.6194  27.679485     8.4796     8.3879     5.6406    90.4167 1.0000e-12  -63.96578  -66.85586 330.313504      99.98 3.8783e+01   8564.750     205555         24  0.000e+00
      1.575      1.560    -0.6205  27.679830    -0.6195  27.679373     8.4778     8.3881     5.6480    90.4167 1.0000e-12  -63.96578  -66.85586 330.313505      99.98 3.8783e+01   8564.792     205556         24  0.000e+00
      1.528      1.513    -0.6205  27.679715    -0.6195  27.679317     8.4745     8.3882     5.6406    90.4167 1.0000e-12  -63.96578  -66.85586 330.313505      99.98 3.8783e+01   8564.833     205557         24  0.000e+00
      1.521      1.506    -0.6205  27.680059    -0.6197  27.679317     8.4685     8.3893     5.6406    90.4167 1.0000e-12  -63.96578  -66.85586 330.313505      99.95 3.8783e+01   8564.875     205558         24  0.000e+00
      1.528      1.513    -0.6205  27.679658    -0.6197  27.679149     8.4685     8.3894     5.6040    90.4167 1.0000e-12  -63.96578  -66.85586 330.313506      99.95 3.8783e+01   8564.917     205559         24  0.000e+00
      1.473      1.459    -0.6205  27.679658    -0.6197  27.678813     8.4611     8.3894     5.0765    90.3394 1.0000e-12  -63.96578  -66.85586 330.313506      99.98 3.8783e+01   8564.958     205560         24  0.000e+00
      1.473      1.459    -0.6205  27.679715    -0.6198  27.678757     8.4642     8.3895     4.7981    89.8244 1.0000e-12  -63.96578  -66.85586 330.313507      99.98 3.8783e+01   8565.000     205561         24  0.000e+00
      1.425      1.411    -0.6204  27.679887    -0.6201  27.678756     8.4627     8.3895     4.7762    89.5927 1.0000e-12  -63.96578  -66.85586 330.313507      99.95 3.8783e+01   8565.042     205562         24  0.000e+00
      1.377      1.364    -0.6206  27.679772    -0.6201  27.678756     8.4568     8.3894     4.7981    89.5669 1.0000e-12  -63.96578  -66.85586 330.313508      99.93 3.8783e+01   8565.083     205563         24  0.000e+00
      1.370      1.357    -0.6206  27.679887    -0.6200  27.678756     8.4498     8.3893     4.8055    89.5927 1.0000e-12  -63.96578  -66.85586 330.313508      99.95 3.8783e+01   8565.125     205564         24  0.000e+00
      1.322      1.310    -0.6205  27.679772    -0.6201  27.678756     8.4589     8.3892     4.8128    89.6184 1.0000e-12  -63.96578  -66.85586 330.313509      99.98 3.8783e+01   8565.167     205565         24  0.000e+00
      1.275      1.262    -0.6205  27.679887    -0.6203  27.678812     8.4606     8.3890     4.8128    89.5927 1.0000e-12  -63.96578  -66.85586 330.313509      99.98 3.8783e+01   8565.208     205566         24  0.000e+00
      1.275      1.262    -0.6203  27.679772    -0.6204  27.678756     8.4624     8.3889     4.8055    89.5927 1.0000e-12  -63.96578  -66.85586 330.313510      99.98 3.8783e+01   8565.250     205567         24  0.000e+00
      1.172      1.161    -0.6205  27.679714    -0.6201  27.678588     8.4657     8.3885     4.8055    89.5927 1.0000e-12  -63.96578  -66.85586 330.313510      99.98 3.8783e+01   8565.292     205568         24  0.000e+00
      1.165      1.154    -0.6202  27.680058    -0.6204  27.678868     8.4750     8.3882     4.8055    89.5927 1.0000e-12  -63.96578  -66.85586 330.313511      99.98 3.8783e+01   8565.333     205569         24  0.000e+00
      1.124      1.113    -0.6203  27.680058    -0.6203  27.678644     8.4742     8.3879     4.8128    89.6184 1.0000e-12  -63.96578  -66.85586 330.313511      99.95 3.8783e+01   8565.375     205570         24  0.000e+00
      1.021      1.012    -0.6205  27.679599    -0.6204  27.678699     8.4751     8.3875     4.8055    89.5927 1.0000e-12  -63.96578  -66.85586 330.313512      99.95 3.8783e+01   8565.417     205571         24  0.000e+00
      1.069      1.059    -0.6202  27.679656    -0.6204  27.678195     8.4748     8.3872     4.8055    89.5927 1.0000e-12  -63.96578  -66.85586 330.313512      99.98 3.8783e+01   8565.458     205572         24  0.000e+00
      0.919      0.910    -0.6205  27.679886    -0.6204  27.678195     8.4729     8.3921     4.8055    89.6184 1.0000e-12  -63.96578  -66.85586 330.313513      99.98 3.8783e+01   8565.500     205573         24  0.000e+00
      0.919      0.910    -0.6203  27.679541    -0.6204  27.678475     8.4725     8.3870     4.8055    89.6184 1.0000e-12  -63.96578  -66.85586 330.313513      99.95 3.8783e+01   8565.542     205574         24  0.000e+00
      0.864      0.856    -0.6206  27.679599    -0.6204  27.678307     8.4851     8.3920     4.8055    89.5927 1.0000e-12  -63.96578  -66.85586 330.313514      99.93 3.8783e+01   8565.583     205575         24  0.000e+00
      0.768      0.761    -0.6203  27.677131    -0.6204  27.678418     8.4874     8.3866     4.8055    89.6184 1.0000e-12  -63.96578  -66.85586 330.313514      99.95 3.8783e+01   8565.625     205576         24  0.000e+00
      0.768      0.761    -0.6204  27.677303    -0.6204  27.678306     8.4909     8.3860     4.8055    89.5927 1.0000e-12  -63.96578  -66.85586 330.313515      99.98 3.8783e+01   8565.667     205577         24  0.000e+00
      0.611      0.605    -0.6205  27.677417    -0.6203  27.673934     8.4812     8.3855     4.8055    89.5927 1.0000e-12  -63.96578  -66.85586 330.313515      99.98 3.8783e+01   8565.708     205578         24  0.000e+00
      0.563      0.558    -0.6203  27.674203    -0.6201  27.665023     8.4808     8.3855     4.8055    89.6184 1.0000e-12  -63.96578  -66.85586 330.313516      99.98 3.8783e+01   8565.750     205579         24  0.000e+00
      0.563      0.558    -0.6202  27.651252    -0.6203  27.626533     8.4864     8.3878     4.8055    89.5154 1.0000e-12  -63.96578  -66.85586 330.313516      99.98 3.8783e+01   8565.792     205580         24  0.000e+00
      0.406      0.402    -0.6201  27.582325    -0.6201  27.392936     8.4924     8.4064     4.8055    79.7048 1.0000e-12  -63.96578  -66.85586 330.313517      99.98 3.8783e+01   8565.833     205581         24  0.000e+00
