NBP2113_155081_ctd/data/nbp2113_025.cnv
* Sea-Bird SBE 9 Data File:
* FileName = D:\Data\raw\NBP2113_025.hex
* Software Version Seasave V 7.26.7.121
* Temperature SN = 2438
* Conductivity SN = 2067
* Number of Bytes Per Scan = 40
* Number of Voltage Words = 5
* Number of Scans Averaged by the Deck Unit = 1
* NMEA Latitude = 66 26.47 S
* NMEA Longitude = 073 01.98 W
* NMEA UTC (Time) = Dec 02 2021  19:32:09
* NMEA baud rate = 9600
** Ship: RVIB N.B. Palmer
** Cruise: NBP2113 LTER
** Station: 200.200
** Operator: S. Blackman
# nquan = 25
# nvalues = 7425                        
# units = specified
# name 0 = prDM: Pressure, Digiquartz [db]
# name 1 = depSM: Depth [salt water, m]
# name 2 = t090C: Temperature [ITS-90, deg C]
# name 3 = c0mS/cm: Conductivity [mS/cm]
# name 4 = t190C: Temperature, 2 [ITS-90, deg C]
# name 5 = c1mS/cm: Conductivity, 2 [mS/cm]
# name 6 = sbeox0ML/L: Oxygen, SBE 43 [ml/l]
# name 7 = sbeox1ML/L: Oxygen, SBE 43, 2 [ml/l]
# name 8 = flECO-AFL: Fluorescence, WET Labs ECO-AFL/FL [mg/m^3]
# name 9 = CStarTr0: Beam Transmission, WET Labs C-Star [%]
# name 10 = par: PAR/Irradiance, Biospherical/Licor
# name 11 = latitude: Latitude [deg]
# name 12 = longitude: Longitude [deg]
# name 13 = timeJ: Julian Days
# name 14 = altM: Altimeter [m]
# name 15 = spar: SPAR, Biospherical/Licor
# name 16 = timeS: Time, Elapsed [seconds]
# name 17 = scan: Scan Count
# name 18 = density00: Density [density, kg/m^3]
# name 19 = density11: Density, 2 [density, kg/m^3]
# name 20 = sal00: Salinity, Practical [PSU]
# name 21 = sal11: Salinity, Practical, 2 [PSU]
# name 22 = oxsolML/L: Oxygen Saturation, Garcia & Gordon [ml/l]
# name 23 = nbin: number of scans per bin
# name 24 = flag: flag
# span 0 =      1.000,   3716.000       
# span 1 =      0.989,   3647.210       
# span 2 =    -0.8567,     2.0059       
# span 3 =  27.620544,  30.705827       
# span 4 =    -0.8581,     2.0055       
# span 5 =  27.618989,  30.704902       
# span 6 =     3.8858,     9.2472       
# span 7 =     3.9361,     8.3998       
# span 8 =    -0.0233,    11.1216       
# span 9 =    82.8527,    97.6524       
# span 10 = 1.0000e-12, 1.0000e-12      
# span 11 =  -66.44200,  -66.44120      
# span 12 =  -73.03301,  -73.03208      
# span 13 = 336.815519, 336.923772      
# span 14 =       6.24,     107.41      
# span 15 = 3.5258e+02, 2.4844e+03      
# span 16 =    131.802,   9484.925      
# span 17 =       3164,     227639      
# span 18 =  1027.3022,  1044.8165      
# span 19 =  1027.3010,  1044.8156      
# span 20 =    33.9596,    34.7297      
# span 21 =    33.9579,    34.7288      
# span 22 =    7.62736,    8.24846      
# span 23 =          8,         51      
# span 24 = 0.0000e+00, 0.0000e+00      
# interval = decibars: 1                
# start_time = Dec 02 2021 19:32:09 [NMEA time, header]
# bad_flag = -9.990e-29
*END*
[from data line 2319]
   2326.000   2290.264     0.7402  30.447844     0.7402  30.447199     4.5230     4.5748    -0.0160    97.6266 1.0000e-12  -66.44125  -73.03229 336.848954      99.98 8.4986e+02   3020.633      72496  1038.5902  1038.5896    34.7079    34.7070    7.87411         35 0.0000e+00
   2327.000   2291.245     0.7402  30.448199     0.7402  30.447575     4.5275     4.5752    -0.0163    97.6266 1.0000e-12  -66.44126  -73.03230 336.848969      99.98 8.5147e+02   3021.962      72528  1038.5947  1038.5941    34.7079    34.7070    7.87412         29 0.0000e+00
   2328.000   2292.223     0.7400  30.448467     0.7400  30.447733     4.5265     4.5752    -0.0160    97.6266 1.0000e-12  -66.44126  -73.03230 336.848984      99.98 8.5236e+02   3023.199      72558  1038.5992  1038.5985    34.7078    34.7069    7.87415         30 0.0000e+00
   2329.000   2293.202     0.7399  30.448720     0.7398  30.447999     4.5282     4.5746    -0.0102    97.6266 1.0000e-12  -66.44126  -73.03232 336.848998      99.98 8.5399e+02   3024.432      72587  1038.6037  1038.6031    34.7079    34.7070    7.87418         30 0.0000e+00
   2330.000   2294.184     0.7397  30.449121     0.7398  30.448410     4.5203     4.5695    -0.0017    97.6266 1.0000e-12  -66.44126  -73.03232 336.849011      99.98 8.5532e+02   3025.584      72615  1038.6084  1038.6077    34.7081    34.7071    7.87421         26 0.0000e+00
   2331.000   2295.161     0.7395  30.449447     0.7397  30.448793     4.5266     4.5727    -0.0077    97.6266 1.0000e-12  -66.44126  -73.03231 336.849024      99.98 8.5697e+02   3026.668      72641  1038.6130  1038.6123    34.7081    34.7072    7.87423         25 0.0000e+00
   2332.000   2296.142     0.7394  30.449740     0.7395  30.449044     4.5252     4.5671    -0.0149    97.6266 1.0000e-12  -66.44126  -73.03230 336.849036      99.98 8.5851e+02   3027.699      72666  1038.6175  1038.6168    34.7081    34.7071    7.87425         25 0.0000e+00
   2333.000   2297.120     0.7394  30.450071     0.7395  30.449365     4.5304     4.5699    -0.0157    97.6266 1.0000e-12  -66.44126  -73.03230 336.849047      99.97 8.5963e+02   3028.676      72689  1038.6220  1038.6213    34.7080    34.7071    7.87425         22 0.0000e+00
   2334.000   2298.100     0.7370  30.448279     0.7370  30.447648     4.5175     4.5735    -0.0124    97.6266 1.0000e-12  -66.44126  -73.03230 336.849058      99.98 8.6038e+02   3029.568      72711  1038.6268  1038.6261    34.7080    34.7071    7.87476         20 0.0000e+00
   2335.000   2299.080     0.7352  30.447213     0.7354  30.446574     4.5194     4.5763    -0.0085    97.6266 1.0000e-12  -66.44126  -73.03230 336.849067      99.98 8.6178e+02   3030.377      72730  1038.6316  1038.6308    34.7080    34.7070    7.87511         19 0.0000e+00
   2336.000   2300.056     0.7352  30.447569     0.7355  30.447050     4.5174     4.5733    -0.0089    97.6266 1.0000e-12  -66.44126  -73.03230 336.849076      99.98 8.6224e+02   3031.140      72748  1038.6361  1038.6353    34.7080    34.7070    7.87512         18 0.0000e+00
   2337.000   2301.038     0.7350  30.447912     0.7352  30.447260     4.5180     4.5733    -0.0099    97.6266 1.0000e-12  -66.44126  -73.03230 336.849085      99.98 8.6378e+02   3031.921      72767  1038.6407  1038.6398    34.7081    34.7070    7.87514         20 0.0000e+00
   2338.000   2302.017     0.7350  30.448101     0.7351  30.447489     4.5194     4.5754    -0.0083    97.6266 1.0000e-12  -66.44125  -73.03230 336.849096      99.97 8.6446e+02   3032.903      72791  1038.6451  1038.6443    34.7079    34.7070    7.87516         30 0.0000e+00
   2339.000   2302.996     0.7358  30.449183     0.7357  30.448312     4.5296     4.5700    -0.0100    97.6266 1.0000e-12  -66.44126  -73.03230 336.849138      99.97 8.6942e+02   3036.563      72879  1038.6494  1038.6486    34.7079    34.7068    7.87501         34 0.0000e+00
   2340.000   2303.975     0.7347  30.448610     0.7348  30.448013     4.5201     4.5743    -0.0154    97.6266 1.0000e-12  -66.44126  -73.03230 336.849155      99.98 8.7127e+02   3037.985      72913  1038.6541  1038.6533    34.7079    34.7070    7.87523         22 0.0000e+00
   2341.000   2304.953     0.7342  30.448655     0.7343  30.448007     4.5294     4.5675    -0.0088    97.6266 1.0000e-12  -66.44126  -73.03230 336.849165      99.98 8.7264e+02   3038.841      72933  1038.6587  1038.6579    34.7079    34.7070    7.87532         19 0.0000e+00
   2342.000   2305.934     0.7340  30.448835     0.7341  30.448110     4.5240     4.5716    -0.0144    97.6266 1.0000e-12  -66.44126  -73.03229 336.849174      99.97 8.7380e+02   3039.663      72953  1038.6632  1038.6624    34.7079    34.7069    7.87537         20 0.0000e+00
   2343.000   2306.913     0.7342  30.449384     0.7342  30.448654     4.5285     4.5765    -0.0150    97.6266 1.0000e-12  -66.44126  -73.03228 336.849184      99.97 8.7439e+02   3040.514      72973  1038.6677  1038.6669    34.7079    34.7070    7.87533         22 0.0000e+00
   2344.000   2307.891     0.7340  30.449621     0.7342  30.449042     4.5236     4.5751    -0.0132    97.6266 1.0000e-12  -66.44126  -73.03228 336.849195      99.98 8.7546e+02   3041.453      72996  1038.6722  1038.6715    34.7079    34.7070    7.87537         24 0.0000e+00
   2345.000   2308.872     0.7335  30.449593     0.7336  30.448975     4.5292     4.5768    -0.0104    97.6266 1.0000e-12  -66.44126  -73.03228 336.849207      99.98 8.7629e+02   3042.475      73020  1038.6768  1038.6760    34.7079    34.7070    7.87547         24 0.0000e+00
   2346.000   2309.850     0.7336  30.449968     0.7336  30.449319     4.5176     4.5763    -0.0157    97.6266 1.0000e-12  -66.44126  -73.03228 336.849219      99.98 8.7794e+02   3043.493      73045  1038.6812  1038.6805    34.7078    34.7069    7.87545         24 0.0000e+00
   2347.000   2310.829     0.7334  30.450296     0.7335  30.449610     4.5222     4.5755    -0.0160    97.6266 1.0000e-12  -66.44126  -73.03228 336.849230      99.98 8.7872e+02   3044.440      73068  1038.6858  1038.6850    34.7079    34.7069    7.87548         22 0.0000e+00
   2348.000   2311.809     0.7333  30.450666     0.7334  30.449993     4.5270     4.5718    -0.0083    97.6266 1.0000e-12  -66.44124  -73.03228 336.849240      99.98 8.7977e+02   3045.359      73090  1038.6903  1038.6896    34.7080    34.7070    7.87550         22 0.0000e+00
   2349.000   2312.788     0.7330  30.450642     0.7331  30.449911     4.5226     4.5665    -0.0092    97.6266 1.0000e-12  -66.44124  -73.03228 336.849252      99.98 8.8138e+02   3046.339      73113  1038.6948  1038.6940    34.7078    34.7068    7.87557         25 0.0000e+00
   2350.000   2313.767     0.7326  30.450687     0.7327  30.450032     4.5189     4.5724    -0.0077    97.6266 1.0000e-12  -66.44125  -73.03228 336.849266      99.98 8.8172e+02   3047.571      73143  1038.6994  1038.6986    34.7078    34.7068    7.87566         36 0.0000e+00
   2351.000   2314.747     0.7318  30.450380     0.7318  30.449609     4.5264     4.5707    -0.0005    97.6266 1.0000e-12  -66.44126  -73.03228 336.849287      99.97 8.8409e+02   3049.372      73186  1038.7039  1038.7032    34.7078    34.7068    7.87582         39 0.0000e+00
   2352.000   2315.726     0.7306  30.449688     0.7307  30.449007     4.5250     4.5758    -0.0131    97.6266 1.0000e-12  -66.44126  -73.03228 336.849306      99.98 8.8597e+02   3051.050      73226  1038.7085  1038.7078    34.7077    34.7068    7.87606         33 0.0000e+00
   2353.000   2316.705     0.7301  30.449685     0.7303  30.449118     4.5215     4.5764    -0.0118    97.6266 1.0000e-12  -66.44126  -73.03228 336.849322      99.98 8.8712e+02   3052.448      73260  1038.7131  1038.7124    34.7077    34.7068    7.87616         32 0.0000e+00
   2354.000   2317.684     0.7299  30.449827     0.7300  30.449221     4.5210     4.5770    -0.0110    97.6266 1.0000e-12  -66.44126  -73.03228 336.849338      99.98 8.8847e+02   3053.818      73293  1038.7176  1038.7169    34.7077    34.7068    7.87621         31 0.0000e+00
   2355.000   2318.661     0.7293  30.449819     0.7295  30.449187     4.5256     4.5779    -0.0087    97.6266 1.0000e-12  -66.44126  -73.03228 336.849353      99.98 8.8849e+02   3055.074      73323  1038.7222  1038.7215    34.7078    34.7068    7.87632         27 0.0000e+00
   2356.000   2319.642     0.7291  30.450070     0.7292  30.449353     4.5296     4.5793    -0.0028    97.6266 1.0000e-12  -66.44126  -73.03228 336.849365      99.98 8.8924e+02   3056.103      73347  1038.7269  1038.7261    34.7079    34.7068    7.87637         22 0.0000e+00
   2357.000   2320.622     0.7292  30.450616     0.7293  30.449986     4.5214     4.5768    -0.0086    97.6266 1.0000e-12  -66.44126  -73.03228 336.849375      99.98 8.9030e+02   3056.970      73368  1038.7314  1038.7307    34.7079    34.7070    7.87633         20 0.0000e+00
   2358.000   2321.600     0.7293  30.450958     0.7294  30.450428     4.5233     4.5780    -0.0139    97.6266 1.0000e-12  -66.44126  -73.03228 336.849384      99.98 8.9026e+02   3057.756      73387  1038.7357  1038.7352    34.7077    34.7069    7.87632         19 0.0000e+00
   2359.000   2322.580     0.7291  30.451186     0.7293  30.450623     4.5264     4.5792    -0.0010    97.6266 1.0000e-12  -66.44126  -73.03228 336.849392      99.98 8.9026e+02   3058.510      73405  1038.7403  1038.7396    34.7078    34.7069    7.87637         18 0.0000e+00
   2360.000   2323.559     0.7290  30.451474     0.7292  30.450924     4.5189     4.5784    -0.0114    97.6266 1.0000e-12  -66.44126  -73.03228 336.849401      99.98 8.9026e+02   3059.280      73424  1038.7448  1038.7441    34.7077    34.7068    7.87638         19 0.0000e+00
   2361.000   2324.539     0.7282  30.451174     0.7285  30.450601     4.5233     4.5760    -0.0154    97.6266 1.0000e-12  -66.44126  -73.03228 336.849412      99.98 8.9026e+02   3060.190      73446  1038.7494  1038.7486    34.7077    34.7067    7.87655         26 0.0000e+00
   2362.000   2325.517     0.7280  30.451445     0.7282  30.450761     4.5241     4.5774    -0.0113    97.6266 1.0000e-12  -66.44126  -73.03228 336.849429      99.98 8.9026e+02   3061.628      73480  1038.7540  1038.7531    34.7078    34.7067    7.87658         36 0.0000e+00
   2363.000   2326.496     0.7279  30.451568     0.7279  30.450857     4.5281     4.5754    -0.0125    97.6266 1.0000e-12  -66.44126  -73.03228 336.849450      99.98 8.9026e+02   3063.458      73524  1038.7583  1038.7577    34.7076    34.7067    7.87662         32 0.0000e+00
   2364.000   2327.475     0.7267  30.450960     0.7268  30.450324     4.5275     4.5801    -0.0043    97.6266 1.0000e-12  -66.44126  -73.03228 336.849464      99.98 8.8871e+02   3064.651      73553  1038.7630  1038.7624    34.7076    34.7067    7.87686         27 0.0000e+00
   2365.000   2328.455     0.7261  30.450705     0.7261  30.450049     4.5276     4.5774    -0.0103    97.6266 1.0000e-12  -66.44126  -73.03228 336.849477      99.97 8.8826e+02   3065.806      73580  1038.7676  1038.7669    34.7075    34.7066    7.87700         29 0.0000e+00
   2366.000   2329.433     0.7251  30.450483     0.7252  30.449732     4.5293     4.5763    -0.0121    97.6266 1.0000e-12  -66.44126  -73.03228 336.849496      99.98 8.8615e+02   3067.460      73620  1038.7723  1038.7715    34.7077    34.7066    7.87717         35 0.0000e+00
   2367.000   2330.413     0.7252  30.450822     0.7254  30.450272     4.5375     4.5787    -0.0093    97.6266 1.0000e-12  -66.44126  -73.03228 336.849521      99.98 8.8346e+02   3069.646      73673  1038.7767  1038.7760    34.7076    34.7067    7.87716         31 0.0000e+00
   2368.000   2331.391     0.7252  30.451234     0.7252  30.450648     4.5331     4.5789    -0.0166    97.6291 1.0000e-12  -66.44126  -73.03228 336.849534      99.97 8.8156e+02   3070.694      73698  1038.7813  1038.7806    34.7076    34.7068    7.87716         21 0.0000e+00
   2369.000   2332.372     0.7249  30.451484     0.7250  30.450822     4.5261     4.5744    -0.0150    97.6266 1.0000e-12  -66.44126  -73.03228 336.849542      99.98 8.8007e+02   3071.470      73716  1038.7859  1038.7851    34.7077    34.7068    7.87721         17 0.0000e+00
   2370.000   2333.349     0.7249  30.451837     0.7250  30.451178     4.5229     4.5696    -0.0132    97.6266 1.0000e-12  -66.44126  -73.03228 336.849550      99.98 8.7858e+02   3072.145      73732  1038.7904  1038.7897    34.7077    34.7067    7.87722         16 0.0000e+00
   2371.000   2334.329     0.7250  30.452333     0.7251  30.451752     4.5266     4.5684    -0.0082    97.6283 1.0000e-12  -66.44126  -73.03228 336.849558      99.98 8.7746e+02   3072.785      73748  1038.7949  1038.7942    34.7077    34.7069    7.87719         15 0.0000e+00
   2372.000   2335.309     0.7250  30.452677     0.7253  30.452173     4.5229     4.5695    -0.0090    97.6251 1.0000e-12  -66.44126  -73.03228 336.849565      57.42 8.7618e+02   3073.421      73763  1038.7993  1038.7986    34.7076    34.7067    7.87720         16 0.0000e+00
   2373.000   2336.287     0.7242  30.452412     0.7243  30.451659     4.5211     4.5736    -0.0086    97.6103 1.0000e-12  -66.44126  -73.03228 336.849573       8.43 8.7453e+02   3074.108      73780  1038.8040  1038.8032    34.7077    34.7067    7.87736         17 0.0000e+00
   2374.000   2337.268     0.7233  30.452027     0.7235  30.451402     4.5170     4.5840    -0.0096    97.6061 1.0000e-12  -66.44126  -73.03228 336.849582       8.98 8.7309e+02   3074.903      73799  1038.8086  1038.8078    34.7077    34.7067    7.87754         22 0.0000e+00
   2375.000   2338.246     0.7231  30.452096     0.7232  30.451436     4.5224     4.5828    -0.0134    97.6265 1.0000e-12  -66.44126  -73.03229 336.849603      98.92 8.6960e+02   3076.669      73841  1038.8131  1038.8123    34.7075    34.7065    7.87760         32 0.0000e+00
   2376.000   2339.226     0.7234  30.452669     0.7234  30.452040     4.5323     4.5729    -0.0111    97.6266 1.0000e-12  -66.44128  -73.03226 336.849653     100.01 8.6094e+02   3081.006      73945  1038.8174  1038.8168    34.7074    34.7066    7.87754         23 0.0000e+00
   2377.000   2340.201     0.7230  30.452849     0.7231  30.452306     4.5365     4.5648    -0.0165    97.6266 1.0000e-12  -66.44128  -73.03225 336.849660      99.98 8.5870e+02   3081.660      73961  1038.8221  1038.8214    34.7076    34.7067    7.87761         16 0.0000e+00
   2378.000   2341.183     0.7226  30.452851     0.7226  30.452271     4.5238     4.5688    -0.0155    97.6266 1.0000e-12  -66.44128  -73.03224 336.849668      99.98 8.5852e+02   3082.291      73976  1038.8267  1038.8260    34.7075    34.7067    7.87770         15 0.0000e+00
   2379.000   2342.162     0.7221  30.452873     0.7221  30.452256     4.5198     4.5718    -0.0161    97.6266 1.0000e-12  -66.44128  -73.03225 336.849674      96.95 8.5852e+02   3082.862      73990  1038.8313  1038.8306    34.7076    34.7068    7.87779         13 0.0000e+00
   2380.000   2343.141     0.7219  30.453163     0.7220  30.452430     4.5246     4.5709    -0.0167    97.6118 1.0000e-12  -66.44128  -73.03226 336.849681      10.86 8.5852e+02   3083.406      74003  1038.8359  1038.8350    34.7077    34.7067    7.87783         13 0.0000e+00
   2381.000   2344.122     0.7216  30.453290     0.7218  30.452707     4.5296     4.5741    -0.0161    97.6155 1.0000e-12  -66.44128  -73.03226 336.849687      56.39 8.5680e+02   3083.968      74016  1038.8404  1038.8396    34.7076    34.7067    7.87788         14 0.0000e+00
   2382.000   2345.098     0.7212  30.453327     0.7215  30.452748     4.5183     4.5815    -0.0092    97.6265 1.0000e-12  -66.44128  -73.03226 336.849694      99.44 8.5415e+02   3084.596      74031  1038.8449  1038.8441    34.7076    34.7066    7.87796         16 0.0000e+00
