NBP2113_155081_ctd/data/nbp2113_067.cnv
* Sea-Bird SBE 9 Data File:
* FileName = D:\Data\raw\NBP2113_067.hex
* Software Version Seasave V 7.26.7.121
* Temperature SN = 2438
* Conductivity SN = 2067
* Number of Bytes Per Scan = 40
* Number of Voltage Words = 5
* Number of Scans Averaged by the Deck Unit = 1
* NMEA Latitude = 64 09.64 S
* NMEA Longitude = 061 49.92 W
* NMEA UTC (Time) = Dec 14 2021  19:29:58
* NMEA baud rate = 9600
** Ship: RVIB N.B. Palmer
** Cruise: NBP2113 LTER
** Station: 744.002
** Operator: S. Blackman
# nquan = 25
# nvalues = 946                         
# units = specified
# name 0 = prDM: Pressure, Digiquartz [db]
# name 1 = depSM: Depth [salt water, m]
# name 2 = t090C: Temperature [ITS-90, deg C]
# name 3 = c0mS/cm: Conductivity [mS/cm]
# name 4 = t190C: Temperature, 2 [ITS-90, deg C]
# name 5 = c1mS/cm: Conductivity, 2 [mS/cm]
# name 6 = sbeox0ML/L: Oxygen, SBE 43 [ml/l]
# name 7 = sbeox1ML/L: Oxygen, SBE 43, 2 [ml/l]
# name 8 = flECO-AFL: Fluorescence, WET Labs ECO-AFL/FL [mg/m^3]
# name 9 = CStarTr0: Beam Transmission, WET Labs C-Star [%]
# name 10 = par: PAR/Irradiance, Biospherical/Licor
# name 11 = latitude: Latitude [deg]
# name 12 = longitude: Longitude [deg]
# name 13 = timeJ: Julian Days
# name 14 = altM: Altimeter [m]
# name 15 = spar: SPAR, Biospherical/Licor
# name 16 = timeS: Time, Elapsed [seconds]
# name 17 = scan: Scan Count
# name 18 = density00: Density [density, kg/m^3]
# name 19 = density11: Density, 2 [density, kg/m^3]
# name 20 = sal00: Salinity, Practical [PSU]
# name 21 = sal11: Salinity, Practical, 2 [PSU]
# name 22 = oxsolML/L: Oxygen Saturation, Garcia & Gordon [ml/l]
# name 23 = nbin: number of scans per bin
# name 24 = flag: flag
# span 0 =      1.000,    476.000       
# span 1 =      0.989,    470.818       
# span 2 =    -0.7137,     0.3608       
# span 3 =  28.125544,  28.719224       
# span 4 =    -0.7135,     0.3602       
# span 5 =  28.124519,  28.717903       
# span 6 =     5.7148,    10.1845       
# span 7 =     5.8807,     8.5054       
# span 8 =    -0.0255,     1.2862       
# span 9 =    84.3543,    90.3031       
# span 10 = -4.386e-05, 5.8650e+02      
# span 11 =  -64.16168,  -64.16103      
# span 12 =  -61.83264,  -61.83203      
# span 13 = 348.815793, 348.833773      
# span 14 =       8.94,     100.99      
# span 15 = 6.7695e+02, 8.7793e+02      
# span 16 =    286.482,   1839.974      
# span 17 =       6877,      44160      
# span 18 =  1027.3322,  1030.0097      
# span 19 =  1027.3314,  1030.0080      
# span 20 =    34.0585,    34.5208      
# span 21 =    34.0573,    34.5193      
# span 22 =    7.98751,    8.19334      
# span 23 =          9,         49      
# span 24 = 0.0000e+00, 0.0000e+00      
# interval = decibars: 1                
# start_time = Dec 14 2021 19:29:58 [NMEA time, header]
# bad_flag = -9.990e-29
*END*
[from data line 696]
    250.000    247.413    -0.6920  28.157004    -0.6923  28.155712     6.3070     6.3804    -0.0077    90.1064 1.0000e-12  -64.16144  -61.83236 348.828732      99.97 7.2807e+02   1404.439      33708  1028.8947  1028.8936    34.4570    34.4556    8.18819         32 0.0000e+00
    249.000    246.425    -0.6925  28.156227    -0.6927  28.154937     6.3054     6.3814    -0.0023    90.0850 1.0000e-12  -64.16144  -61.83236 348.828748      99.97 7.2782e+02   1405.865      33742  1028.8900  1028.8889    34.4570    34.4556    8.18828         35 0.0000e+00
    248.000    245.437    -0.6927  28.155493    -0.6931  28.154122     6.3044     6.3817    -0.0052    90.0843 1.0000e-12  -64.16144  -61.83237 348.828765      99.97 7.2638e+02   1407.260      33775  1028.8852  1028.8841    34.4570    34.4555    8.18835         32 0.0000e+00
    247.000    244.446    -0.6927  28.154981    -0.6930  28.153645     6.3041     6.3783    -0.0072    90.0908 1.0000e-12  -64.16144  -61.83237 348.828779      99.97 7.2631e+02   1408.543      33806  1028.8804  1028.8792    34.4568    34.4553    8.18835         29 0.0000e+00
    246.000    243.459    -0.6927  28.154386    -0.6931  28.153080     6.3083     6.3810    -0.0107    90.1062 1.0000e-12  -64.16144  -61.83237 348.828794      99.97 7.2631e+02   1409.818      33837  1028.8755  1028.8744    34.4567    34.4553    8.18836         32 0.0000e+00
    245.000    242.469    -0.6930  28.153546    -0.6934  28.152090     6.3158     6.3887    -0.0018    90.0829 1.0000e-12  -64.16144  -61.83237 348.828809      99.97 7.2631e+02   1411.138      33868  1028.8706  1028.8693    34.4565    34.4550    8.18843         32 0.0000e+00
    244.000    241.479    -0.6935  28.151964    -0.6938  28.150852     6.3176     6.3892    -0.0004    90.0992 1.0000e-12  -64.16144  -61.83236 348.828824      99.97 7.2631e+02   1412.382      33898  1028.8651  1028.8641    34.4556    34.4543    8.18860         28 0.0000e+00
    243.000    240.492    -0.6939  28.150847    -0.6943  28.149475     6.3139     6.3935    -0.0064    90.1067 1.0000e-12  -64.16144  -61.83238 348.828838      99.97 7.2631e+02   1413.600      33927  1028.8600  1028.8588    34.4551    34.4537    8.18870         31 0.0000e+00
    242.000    239.501    -0.6964  28.147733    -0.6975  28.145516     6.3263     6.4020    -0.0026    90.1068 1.0000e-12  -64.16144  -61.83238 348.828853      99.97 7.2631e+02   1414.895      33958  1028.8547  1028.8535    34.4543    34.4527    8.18929         30 0.0000e+00
    241.000    238.513    -0.7029  28.140318    -0.7043  28.137907     6.3376     6.4075    -0.0049    90.0716 1.0000e-12  -64.16144  -61.83238 348.828867      99.97 7.2631e+02   1416.124      33988  1028.8489  1028.8476    34.4523    34.4506    8.19081         29 0.0000e+00
    240.000    237.523    -0.7082  28.134234    -0.7093  28.132113     6.3349     6.4088    -0.0005    90.0766 1.0000e-12  -64.16144  -61.83238 348.828881      99.97 7.2631e+02   1417.343      34017  1028.8432  1028.8420    34.4508    34.4491    8.19206         31 0.0000e+00
    239.000    236.535    -0.7100  28.131683    -0.7110  28.129730     6.3386     6.4120     0.0057    90.0819 1.0000e-12  -64.16144  -61.83238 348.828898      99.97 7.2631e+02   1418.760      34051  1028.8379  1028.8368    34.4500    34.4485    8.19250         35 0.0000e+00
    238.000    235.545    -0.7119  28.129256    -0.7122  28.128010     6.3379     6.4182    -0.0069    90.0801 1.0000e-12  -64.16144  -61.83238 348.828914      99.97 7.2631e+02   1420.150      34085  1028.8328  1028.8317    34.4495    34.4481    8.19294         30 0.0000e+00
    237.000    234.557    -0.7123  28.128080    -0.7127  28.126752     6.3432     6.4173    -0.0003    90.0819 1.0000e-12  -64.16144  -61.83238 348.828927      99.97 7.2631e+02   1421.292      34112  1028.8277  1028.8265    34.4490    34.4476    8.19305         26 0.0000e+00
    236.000    233.566    -0.7129  28.126998    -0.7134  28.125043     6.3391     6.4089    -0.0004    90.0819 1.0000e-12  -64.16144  -61.83238 348.828939      99.97 7.2631e+02   1422.350      34137  1028.8227  1028.8211    34.4488    34.4467    8.19318         26 0.0000e+00
    235.000    232.579    -0.7129  28.125544    -0.7127  28.124519     6.3423     6.4139    -0.0004    90.0819 1.0000e-12  -64.16144  -61.83238 348.828952      99.97 7.2631e+02   1423.482      34165  1028.8168  1028.8155    34.4475    34.4458    8.19327         28 0.0000e+00
    234.000    231.589    -0.7108  28.126399    -0.7101  28.125839     6.3345     6.4071    -0.0004    90.0849 1.0000e-12  -64.16144  -61.83238 348.828967      99.97 7.2631e+02   1424.711      34194  1028.8113  1028.8100    34.4468    34.4453    8.19284         31 0.0000e+00
    233.000    230.600    -0.7078  28.128178    -0.7072  28.127321     6.3352     6.4107     0.0028    90.0683 1.0000e-12  -64.16144  -61.83238 348.828982      99.97 7.2631e+02   1426.021      34226  1028.8060  1028.8045    34.4464    34.4446    8.19221         32 0.0000e+00
    232.000    229.611    -0.7052  28.129824    -0.7029  28.130200     6.3255     6.4017     0.0029    90.0840 1.0000e-12  -64.16144  -61.83238 348.828997      99.97 7.2631e+02   1427.320      34257  1028.8009  1028.7991    34.4463    34.4442    8.19166         29 0.0000e+00
    231.000    228.622    -0.7004  28.132643    -0.6977  28.133387     6.3034     6.3818    -0.0004    90.0799 1.0000e-12  -64.16144  -61.83238 348.829010      99.97 7.2631e+02   1428.483      34285  1028.7950  1028.7932    34.4453    34.4432    8.19068         26 0.0000e+00
    230.000    227.632    -0.6899  28.139888    -0.6766  28.148785     6.2686     6.3536    -0.0004    90.0534 1.0000e-12  -64.16144  -61.83238 348.829024      99.97 7.2631e+02   1429.630      34312  1028.7882  1028.7847    34.4437    34.4407    8.18849         29 0.0000e+00
    229.000    226.643    -0.6594  28.163506    -0.6449  28.174300     6.2170     6.3216     0.0052    90.0647 1.0000e-12  -64.16144  -61.83238 348.829038      99.97 7.2631e+02   1430.845      34341  1028.7794  1028.7768    34.4415    34.4396    8.18202         30 0.0000e+00
    228.000    225.653    -0.6202  28.194047    -0.6129  28.200007     6.1776     6.2871    -0.0064    90.0534 1.0000e-12  -64.16144  -61.83238 348.829052      99.97 7.2631e+02   1432.066      34371  1028.7696  1028.7690    34.4388    34.4386    8.17371         28 0.0000e+00
    227.000    224.666    -0.5920  28.218684    -0.5804  28.226676     6.1377     6.2704    -0.0006    90.0351 1.0000e-12  -64.16144  -61.83238 348.829065      99.97 7.2491e+02   1433.214      34398  1028.7644  1028.7617    34.4405    34.4382    8.16752         27 0.0000e+00
    226.000    223.675    -0.5620  28.242074    -0.5525  28.249665     6.1125     6.2502     0.0073    90.0458 1.0000e-12  -64.16144  -61.83238 348.829079      99.97 7.2454e+02   1434.387      34426  1028.7562  1028.7553    34.4386    34.4381    8.16117         30 0.0000e+00
    225.000    222.686    -0.5354  28.264730    -0.5433  28.256948     6.1064     6.2316     0.0060    90.0313 1.0000e-12  -64.16144  -61.83238 348.829093      99.97 7.2454e+02   1435.659      34457  1028.7505  1028.7500    34.4395    34.4380    8.15539         31 0.0000e+00
    224.000    221.698    -0.5230  28.274906    -0.5204  28.276038     6.1109     6.2253     0.0023    90.0412 1.0000e-12  -64.16144  -61.83238 348.829108      99.97 7.2454e+02   1436.930      34487  1028.7455  1028.7442    34.4398    34.4383    8.15272         29 0.0000e+00
    223.000    220.708    -0.5137  28.282016    -0.5094  28.284228     6.0883     6.2113     0.0073    90.0292 1.0000e-12  -64.16144  -61.83238 348.829122      99.97 7.2454e+02   1438.153      34517  1028.7402  1028.7384    34.4394    34.4375    8.15075         29 0.0000e+00
    222.000    219.718    -0.4999  28.292049    -0.4946  28.295623     6.0935     6.2053     0.0029    90.0247 1.0000e-12  -64.16144  -61.83238 348.829136      99.97 7.2454e+02   1439.324      34545  1028.7335  1028.7322    34.4379    34.4366    8.14788         27 0.0000e+00
    221.000    218.730    -0.4826  28.305785    -0.4812  28.305628     6.1124     6.2100    -0.0003    90.0442 1.0000e-12  -64.16144  -61.83238 348.829149      99.97 7.2454e+02   1440.470      34572  1028.7273  1028.7259    34.4372    34.4355    8.14418         30 0.0000e+00
    220.000    217.742    -0.4922  28.297167    -0.4976  28.292539     6.1260     6.2146     0.0045    90.0333 1.0000e-12  -64.16144  -61.83238 348.829168      99.97 7.2454e+02   1442.103      34611  1028.7238  1028.7243    34.4372    34.4371    8.14625         41 0.0000e+00
    219.000    216.751    -0.4949  28.294594    -0.4903  28.296599     6.1263     6.2110     0.0044    90.0038 1.0000e-12  -64.16145  -61.83238 348.829195      99.97 7.2454e+02   1444.481      34669  1028.7200  1028.7176    34.4374    34.4349    8.14682         41 0.0000e+00
    218.000    215.763    -0.4878  28.298394    -0.4804  28.303407     6.1185     6.2086     0.0075    90.0335 1.0000e-12  -64.16146  -61.83238 348.829217      99.97 7.2275e+02   1446.344      34713  1028.7131  1028.7112    34.4351    34.4334    8.14543         40 0.0000e+00
    217.000    214.773    -0.4874  28.298072    -0.4848  28.299452     6.1310     6.2122     0.0123    90.0328 1.0000e-12  -64.16146  -61.83238 348.829247      99.97 7.2278e+02   1448.984      34777  1028.7085  1028.7075    34.4348    34.4337    8.14536         32 0.0000e+00
    216.000    213.782    -0.4786  28.303806    -0.4839  28.298782     6.1171     6.2073     0.0124    90.0047 1.0000e-12  -64.16146  -61.83238 348.829279      99.97 7.2278e+02   1451.686      34841  1028.7019  1028.7017    34.4332    34.4323    8.14357         35 0.0000e+00
    215.000    212.795    -0.4747  28.305834    -0.4778  28.302972     6.1200     6.2061     0.0082    89.9858 1.0000e-12  -64.16146  -61.83238 348.829306      99.97 7.2278e+02   1454.065      34899  1028.6963  1028.6962    34.4321    34.4317    8.14280         41 0.0000e+00
    214.000    211.806    -0.4746  28.305291    -0.4734  28.304943     6.1264     6.2058     0.0089    90.0295 1.0000e-12  -64.16146  -61.83239 348.829337      99.97 7.2278e+02   1456.737      34963  1028.6914  1028.6898    34.4318    34.4299    8.14278         37 0.0000e+00
    213.000    210.813    -0.4746  28.304682    -0.4717  28.305103     6.1243     6.2029     0.0143    90.0253 1.0000e-12  -64.16146  -61.83239 348.829370      99.97 7.2278e+02   1459.541      35030  1028.6866  1028.6842    34.4316    34.4289    8.14279         30 0.0000e+00
    212.000    209.827    -0.4741  28.304440    -0.4679  28.307436     6.1288     6.2101     0.0177    90.0291 1.0000e-12  -64.16146  -61.83239 348.829399      99.97 7.2278e+02   1462.075      35091  1028.6817  1028.6789    34.4313    34.4284    8.14270         35 0.0000e+00
    211.000    208.837    -0.4778  28.301086    -0.4685  28.306302     6.1306     6.2047     0.0106    90.0324 1.0000e-12  -64.16146  -61.83239 348.829433      99.97 7.2278e+02   1464.991      35161  1028.6775  1028.6741    34.4317    34.4281    8.14348         42 0.0000e+00
    210.000    207.849    -0.4720  28.304299    -0.4641  28.308765     6.1339     6.2071     0.0141    90.0316 1.0000e-12  -64.16146  -61.83240 348.829462      99.97 7.2296e+02   1467.554      35222  1028.6711  1028.6682    34.4300    34.4270    8.14234         42 0.0000e+00
    209.000    206.858    -0.4682  28.306389    -0.4620  28.309729     6.1052     6.1961     0.0148    90.0350 1.0000e-12  -64.16146  -61.83240 348.829495      99.97 7.2323e+02   1470.355      35290  1028.6654  1028.6628    34.4291    34.4265    8.14157         38 0.0000e+00
    208.000    205.867    -0.4418  28.326454    -0.4352  28.330503     6.1036     6.1866     0.0105    90.0173 1.0000e-12  -64.16146  -61.83240 348.829519      99.97 7.2277e+02   1472.462      35340  1028.6567  1028.6547    34.4267    34.4247    8.13604         40 0.0000e+00
    207.000    204.883    -0.4431  28.326064    -0.4320  28.333167     6.0949     6.1782     0.0169    90.0185 1.0000e-12  -64.16146  -61.83240 348.829554      99.97 7.2392e+02   1475.441      35412  1028.6536  1028.6503    34.4283    34.4253    8.13624         39 0.0000e+00
    206.000    203.892    -0.4253  28.339853    -0.4113  28.349983     6.0930     6.1689     0.0206    90.0215 1.0000e-12  -64.16147  -61.83240 348.829584      99.97 7.2452e+02   1478.061      35474  1028.6467  1028.6440    34.4272    34.4250    8.13249         41 0.0000e+00
    205.000    202.901    -0.4281  28.336475    -0.4256  28.339426     6.0984     6.1597     0.0189    90.0082 1.0000e-12  -64.16148  -61.83240 348.829616      99.97 7.2454e+02   1480.849      35541  1028.6419  1028.6427    34.4265    34.4276    8.13313         46 0.0000e+00
    204.000    201.913    -0.4151  28.346283    -0.3911  28.366728     6.0722     6.1480     0.0211    90.0288 1.0000e-12  -64.16148  -61.83240 348.829644      99.97 7.2450e+02   1483.256      35599  1028.6355  1028.6339    34.4256    34.4257    8.13041         48 0.0000e+00
    203.000    200.923    -0.4065  28.353745    -0.3906  28.366637     6.0622     6.1450     0.0140    90.0093 1.0000e-12  -64.16148  -61.83240 348.829681      99.97 7.2299e+02   1486.477      35676  1028.6310  1028.6295    34.4264    34.4256    8.12850         33 0.0000e+00
    202.000    199.935    -0.3767  28.379489    -0.3733  28.380691     6.0573     6.1418     0.0163    90.0131 1.0000e-12  -64.16149  -61.83241 348.829810      99.97 7.2499e+02   1497.608      35944  1028.6256  1028.6238    34.4278    34.4256    8.12207         40 0.0000e+00
    201.000    198.944    -0.3726  28.382388    -0.3755  28.379311     6.0440     6.1233     0.0176    90.0216 1.0000e-12  -64.16150  -61.83242 348.830137      99.97 7.3184e+02   1525.833      36621  1028.6217  1028.6212    34.4277    34.4268    8.12120         31 0.0000e+00
    200.000    197.955    -0.3568  28.394413    -0.3604  28.390216     6.0297     6.1134     0.0151    90.0046 1.0000e-12  -64.16150  -61.83242 348.830140      99.97 7.3160e+02   1526.069      36627  1028.6147  1028.6137    34.4265    34.4249    8.11790         28 0.0000e+00
    199.000    196.966    -0.3515  28.398974    -0.3499  28.399172     6.0274     6.1099     0.0152    89.9745 1.0000e-12  -64.16150  -61.83242 348.830154      99.97 7.3280e+02   1527.297      36656  1028.6101  1028.6087    34.4272    34.4256    8.11672         32 0.0000e+00
    198.000    195.977    -0.3470  28.402144    -0.3441  28.403659     6.0284     6.1095     0.0213    89.9917 1.0000e-12  -64.16150  -61.83242 348.830169      99.97 7.3336e+02   1528.638      36688  1028.6048  1028.6035    34.4269    34.4257    8.11577         32 0.0000e+00
    197.000    194.987    -0.3441  28.404033    -0.3408  28.405913     6.0239     6.1032     0.0154    89.9699 1.0000e-12  -64.16150  -61.83242 348.830184      99.97 7.3336e+02   1529.886      36718  1028.5998  1028.5985    34.4268    34.4256    8.11517         28 0.0000e+00
    196.000    193.999    -0.3381  28.408446    -0.3381  28.407498     6.0196     6.0992     0.0127    89.9732 1.0000e-12  -64.16150  -61.83242 348.830197      99.97 7.3336e+02   1531.037      36746  1028.5943  1028.5933    34.4265    34.4252    8.11390         27 0.0000e+00
    195.000    193.010    -0.3290  28.415691    -0.3255  28.417378     5.9969     6.0909     0.0103    89.9972 1.0000e-12  -64.16150  -61.83242 348.830210      99.97 7.3336e+02   1532.184      36773  1028.5889  1028.5873    34.4266    34.4249    8.11196         28 0.0000e+00
    194.000    192.019    -0.3176  28.424138    -0.3168  28.424155     5.9837     6.0804     0.0181    89.9931 1.0000e-12  -64.16150  -61.83242 348.830224      99.97 7.3424e+02   1533.371      36802  1028.5825  1028.5818    34.4255    34.4247    8.10958         29 0.0000e+00
