NBP2113_155081_ctd/data/nbp2113_038.ros
* Sea-Bird SBE 9 Data File:
* FileName = D:\Data\raw\NBP2113_038.hex
* Software Version Seasave V 7.26.7.121
* Temperature SN = 2438
* Conductivity SN = 2067
* Number of Bytes Per Scan = 40
* Number of Voltage Words = 5
* Number of Scans Averaged by the Deck Unit = 1
* NMEA Latitude = 64 56.00 S
* NMEA Longitude = 064 24.10 W
* NMEA UTC (Time) = Dec 10 2021  10:01:33
* NMEA baud rate = 9600
** Ship: RVIB N.B. Palmer
** Cruise: NBP2113 LTER
** Station: 600.040
** Operator: B. Urmston
# nquan = 20
# nvalues = 294                                   
# units = specified
# name 0 = prDM: Pressure, Digiquartz [db]
# name 1 = depSM: Depth [salt water, m]
# name 2 = t090C: Temperature [ITS-90, deg C]
# name 3 = c0mS/cm: Conductivity [mS/cm]
# name 4 = t190C: Temperature, 2 [ITS-90, deg C]
# name 5 = c1mS/cm: Conductivity, 2 [mS/cm]
# name 6 = sbeox0ML/L: Oxygen, SBE 43 [ml/l]
# name 7 = sbeox1ML/L: Oxygen, SBE 43, 2 [ml/l]
# name 8 = flECO-AFL: Fluorescence, WET Labs ECO-AFL/FL [mg/m^3]
# name 9 = CStarTr0: Beam Transmission, WET Labs C-Star [%]
# name 10 = par: PAR/Irradiance, Biospherical/Licor
# name 11 = latitude: Latitude [deg]
# name 12 = longitude: Longitude [deg]
# name 13 = timeJ: Julian Days
# name 14 = altM: Altimeter [m]
# name 15 = spar: SPAR, Biospherical/Licor
# name 16 = timeS: Time, Elapsed [seconds]
# name 17 = scan: Scan Count
# name 18 = nbf: Bottles Fired
# name 19 = flag:  0.000e+00
# interval = seconds: 0.0416667
# start_time = Dec 10 2021 10:01:33 [NMEA time, header]
# bad_flag = -9.990e-29
*END*
     18.420     18.239    -0.6766  27.439736    -0.6696  27.447113     8.0218     8.0246     1.5674    87.5842 1.6379e+01  -64.93308  -64.40096 344.425733      99.95 2.4328e+02    690.333      16569          1  0.000e+00
     18.345     18.165    -0.6766  27.440251    -0.6702  27.445940     8.0239     8.0255     1.5674    87.5842 1.6427e+01  -64.93308  -64.40096 344.425734      99.98 2.4328e+02    690.375      16570          1  0.000e+00
     18.345     18.165    -0.6766  27.440766    -0.6699  27.445548     8.0199     8.0327     1.5674    87.5842 1.6427e+01  -64.93308  -64.40096 344.425734      99.98 2.4328e+02    690.417      16571          1  0.000e+00
     18.318     18.138    -0.6764  27.440537    -0.6704  27.445437     8.0203     8.0345     1.5674    87.5842 1.6475e+01  -64.93308  -64.40096 344.425734      99.98 2.4328e+02    690.458      16572          1  0.000e+00
     18.297     18.117    -0.6766  27.440365    -0.6710  27.445772     8.0219     8.0308     1.5600    87.5842 1.6523e+01  -64.93308  -64.40096 344.425735      99.98 2.4328e+02    690.500      16573          1  0.000e+00
     18.297     18.117    -0.6762  27.440022    -0.6716  27.444934     8.0293     8.0375     1.5674    87.5842 1.6572e+01  -64.93308  -64.40096 344.425735      99.98 2.4328e+02    690.542      16574          1  0.000e+00
     18.373     18.192    -0.6764  27.440022    -0.6727  27.443481     8.0321     8.0398     1.5674    87.5842 1.6620e+01  -64.93308  -64.40096 344.425736      99.95 2.4328e+02    690.583      16575          1  0.000e+00
     18.195     18.016    -0.6761  27.440250    -0.6733  27.442587     8.0271     8.0417     1.5674    87.5842 1.6620e+01  -64.93308  -64.40096 344.425736      99.95 2.4328e+02    690.625      16576          1  0.000e+00
     18.297     18.117    -0.6764  27.440251    -0.6737  27.441917     8.0283     8.0439     1.5600    87.5070 1.6718e+01  -64.93308  -64.40096 344.425737      99.98 2.4328e+02    690.667      16577          1  0.000e+00
     18.270     18.090    -0.6759  27.440022    -0.6746  27.441526     8.0336     8.0461     1.5674    87.3525 1.6767e+01  -64.93308  -64.40096 344.425737      99.98 2.4504e+02    690.708      16578          1  0.000e+00
     18.195     18.016    -0.6756  27.440765    -0.6745  27.440743     8.0340     8.0481     1.5674    87.3010 1.6767e+01  -64.93308  -64.40096 344.425738      99.95 2.4504e+02    690.750      16579          1  0.000e+00
     18.249     18.070    -0.6756  27.440765    -0.6743  27.440911     8.0345     8.0502     1.5674    87.3010 1.6816e+01  -64.93308  -64.40094 344.425738      99.93 2.4504e+02    690.792      16580          1  0.000e+00
     18.167     17.989    -0.6756  27.440536    -0.6739  27.441022     8.0346     8.0521     1.5674    87.3010 1.6865e+01  -64.93308  -64.40094 344.425739      99.98 2.4504e+02    690.833      16581          1  0.000e+00
     18.195     18.016    -0.6750  27.441051    -0.6731  27.441134     8.0358     8.0532     1.5674    87.3010 1.6914e+01  -64.93308  -64.40094 344.425739      99.98 2.4504e+02    690.875      16582          1  0.000e+00
     18.195     18.016    -0.6747  27.441051    -0.6727  27.442084     8.0369     8.0543     1.5674    87.3010 1.6964e+01  -64.93308  -64.40094 344.425740      99.98 2.4504e+02    690.917      16583          1  0.000e+00
     18.167     17.989    -0.6741  27.441566    -0.6720  27.442419     8.0378     8.0554     1.5674    87.3010 1.7013e+01  -64.93308  -64.40094 344.425740      99.98 2.4504e+02    690.958      16584          1  0.000e+00
     18.092     17.914    -0.6738  27.442081    -0.6716  27.443369     8.0385     8.0564     1.5674    87.3010 1.7013e+01  -64.93308  -64.40094 344.425741      99.98 2.4504e+02    691.000      16585          1  0.000e+00
     18.147     17.968    -0.6736  27.442424    -0.6711  27.443704     8.0391     8.0622     1.5674    87.3010 1.7063e+01  -64.93308  -64.40094 344.425741      99.98 2.4504e+02    691.042      16586          1  0.000e+00
     18.119     17.941    -0.6734  27.442596    -0.6706  27.444151     8.0396     8.0631     1.5674    87.3010 1.7113e+01  -64.93308  -64.40094 344.425742      99.95 2.4504e+02    691.083      16587          1  0.000e+00
     18.092     17.914    -0.6736  27.442596    -0.6702  27.445045     8.0458     8.0640     1.5234    87.3010 1.7163e+01  -64.93308  -64.40094 344.425742      99.98 2.4504e+02    691.125      16588          1  0.000e+00
     18.044     17.867    -0.6733  27.442881    -0.6699  27.444933     8.0530     8.0658     1.4941    87.3010 1.7264e+01  -64.93308  -64.40094 344.425743      99.98 2.4504e+02    691.167      16589          1  0.000e+00
     18.065     17.887    -0.6734  27.443168    -0.6701  27.445436     8.0483     8.0668     1.4868    87.3010 1.7264e+01  -64.93308  -64.40094 344.425743      99.98 2.4504e+02    691.208      16590          1  0.000e+00
     18.044     17.867    -0.6730  27.443167    -0.6697  27.445548     8.0491     8.0684     1.4868    87.3267 1.7314e+01  -64.93308  -64.40094 344.425744      99.95 2.4504e+02    691.250      16591          1  0.000e+00
     18.044     17.867    -0.6728  27.443167    -0.6701  27.445436     8.0556     8.0694     1.4941    87.3010 1.7365e+01  -64.93308  -64.40094 344.425744      99.93 2.4504e+02    691.292      16592          1  0.000e+00
     18.065     17.887    -0.6730  27.443396    -0.6705  27.445548     8.0515     8.0702     1.4868    87.3010 1.7416e+01  -64.93308  -64.40094 344.425745      99.95 2.4504e+02    691.333      16593          1  0.000e+00
     17.942     17.765    -0.6728  27.443396    -0.6708  27.445156     8.0515     8.0709     1.4941    87.3010 1.7467e+01  -64.93308  -64.40094 344.425745      99.98 2.4504e+02    691.375      16594          1  0.000e+00
     18.017     17.840    -0.6728  27.443396    -0.6710  27.444486     8.0502     8.0716     1.4941    87.3010 1.7518e+01  -64.93308  -64.40094 344.425746      99.98 2.4504e+02    691.417      16595          1  0.000e+00
     17.996     17.819    -0.6730  27.443167    -0.6714  27.444151     8.0498     8.0723     1.4941    87.3010 1.7569e+01  -64.93308  -64.40094 344.425746      99.98 2.4504e+02    691.458      16596          1  0.000e+00
     17.942     17.765    -0.6730  27.443396    -0.6715  27.443704     8.0550     8.0783     1.4941    87.3010 1.7620e+01  -64.93308  -64.40094 344.425747      99.98 2.4504e+02    691.500      16597          1  0.000e+00
     17.962     17.785    -0.6730  27.443224    -0.6716  27.443648     8.0497     8.0740     1.4941    87.3782 1.7672e+01  -64.93308  -64.40094 344.425747      99.98 2.4504e+02    691.542      16598          1  0.000e+00
     17.942     17.765    -0.6728  27.443167    -0.6708  27.443703     8.0472     8.0741     1.4941    87.4040 1.7723e+01  -64.93308  -64.40094 344.425747      99.95 2.4504e+02    691.583      16599          1  0.000e+00
     17.894     17.718    -0.6728  27.443396    -0.6699  27.443368     8.0472     8.0788     1.4941    87.4297 1.7775e+01  -64.93308  -64.40094 344.425748      99.98 2.4504e+02    691.625      16600          1  0.000e+00
     17.962     17.785    -0.6726  27.443396    -0.6681  27.444765     8.0574     8.0793     1.4941    87.4040 1.7827e+01  -64.93308  -64.40094 344.425748      99.98 2.4504e+02    691.667      16601          1  0.000e+00
     17.894     17.718    -0.6725  27.443167    -0.6645  27.447279     8.0582     8.0792     1.4941    87.4040 1.7879e+01  -64.93308  -64.40094 344.425749      99.98 2.4504e+02    691.708      16602          1  0.000e+00
     17.894     17.718    -0.6723  27.443167    -0.6594  27.451134     8.0586     8.0842     1.4868    87.4040 1.7931e+01  -64.93308  -64.40094 344.425749      99.95 2.4504e+02    691.750      16603          1  0.000e+00
     17.860     17.684    -0.6722  27.443911    -0.6554  27.457672     8.0587     8.0843     1.4868    87.4040 1.7931e+01  -64.93308  -64.40096 344.425750      99.93 2.4504e+02    691.792      16604          1  0.000e+00
     17.839     17.663    -0.6716  27.443682    -0.6532  27.463372     8.0598     8.0848     1.4941    87.4040 1.7984e+01  -64.93308  -64.40096 344.425750      99.95 2.4504e+02    691.833      16605          1  0.000e+00
     17.894     17.718    -0.6705  27.444712    -0.6515  27.466502     8.0664     8.0854     1.4941    87.4040 1.8036e+01  -64.93308  -64.40096 344.425751      99.98 2.4504e+02    691.875      16606          1  0.000e+00
     17.860     17.684    -0.6708  27.444940    -0.6510  27.467005     8.0626     8.0863     1.4868    87.4040 1.8089e+01  -64.93308  -64.40096 344.425751      99.98 2.4504e+02    691.917      16607          1  0.000e+00
     17.839     17.663    -0.6707  27.445226    -0.6515  27.466502     8.0628     8.0873     1.4868    87.4040 1.8089e+01  -64.93308  -64.40096 344.425752      99.98 2.4504e+02    691.958      16608          1  0.000e+00
     17.839     17.664    -0.6705  27.445512    -0.6520  27.465999     8.0584     8.0881     1.4941    87.4040 1.8142e+01  -64.93308  -64.40096 344.425752      99.98 2.4504e+02    692.000      16609          1  0.000e+00
     17.860     17.684    -0.6704  27.445570    -0.6527  27.465217     8.0628     8.0944     1.4868    87.4040 1.8142e+01  -64.93308  -64.40096 344.425753      99.98 2.4504e+02    692.042      16610          1  0.000e+00
     17.839     17.664    -0.6699  27.445512    -0.6531  27.464155     8.0681     8.0903     1.4941    87.4040 1.8195e+01  -64.93308  -64.40096 344.425753      99.95 2.4504e+02    692.083      16611          1  0.000e+00
     17.839     17.664    -0.6700  27.446027    -0.6531  27.463875     8.0615     8.0906     1.4868    87.4040 1.8248e+01  -64.93308  -64.40096 344.425754      99.95 2.4504e+02    692.125      16612          1  0.000e+00
     17.812     17.636    -0.6694  27.446542    -0.6532  27.463875     8.0588     8.0907     1.4941    87.4040 1.8248e+01  -64.93308  -64.40096 344.425754      99.98 2.4504e+02    692.167      16613          1  0.000e+00
     17.791     17.616    -0.6689  27.446771    -0.6535  27.463372     8.0572     8.0962     1.5234    87.4040 1.8301e+01  -64.93308  -64.40096 344.425755      99.98 2.4504e+02    692.208      16614          1  0.000e+00
     17.812     17.636    -0.6677  27.447572    -0.6537  27.462869     8.0625     8.0970     1.5820    87.4040 1.8301e+01  -64.93308  -64.40096 344.425755      99.95 2.4504e+02    692.250      16615          1  0.000e+00
     17.791     17.616    -0.6674  27.448601    -0.6545  27.462590     8.0631     8.0976     1.5967    87.4040 1.8301e+01  -64.93308  -64.40096 344.425756      99.93 2.4504e+02    692.292      16616          1  0.000e+00
     17.839     17.664    -0.6661  27.450204    -0.6558  27.461808     8.0589     8.0983     1.5893    87.4040 1.8301e+01  -64.93308  -64.40096 344.425756      99.95 2.4504e+02    692.333      16617          1  0.000e+00
     18.093     17.915    -0.6704  27.445742    -0.6581  27.459014     8.0420     8.1098     1.6480    87.4555 1.5953e+01  -64.93306  -64.40096 344.425803      99.98 2.4857e+02    696.375      16714          2  0.000e+00
     17.997     17.820    -0.6705  27.446257    -0.6578  27.458678     8.0457     8.1089     1.6480    87.4555 1.5953e+01  -64.93306  -64.40096 344.425803      99.98 2.4857e+02    696.417      16715          2  0.000e+00
     18.066     17.888    -0.6708  27.446257    -0.6573  27.458734     8.0406     8.1089     1.6480    87.4555 1.6000e+01  -64.93306  -64.40096 344.425804      99.98 2.4857e+02    696.458      16716          2  0.000e+00
     17.997     17.820    -0.6710  27.446028    -0.6573  27.458678     8.0398     8.1089     1.6480    87.4555 1.6047e+01  -64.93306  -64.40096 344.425804      99.98 2.4857e+02    696.500      16717          2  0.000e+00
     17.997     17.820    -0.6716  27.445513    -0.6569  27.459517     8.0260     8.1087     1.6480    87.4555 1.6094e+01  -64.93306  -64.40096 344.425805      99.98 2.4857e+02    696.542      16718          2  0.000e+00
     18.018     17.840    -0.6722  27.444712    -0.6549  27.459461     8.0343     8.1137     1.6406    87.4040 1.6141e+01  -64.93306  -64.40096 344.425805      99.95 2.4857e+02    696.583      16719          2  0.000e+00
     17.997     17.820    -0.6728  27.443396    -0.6520  27.460802     8.0350     8.1136     1.6260    87.3782 1.6188e+01  -64.93306  -64.40096 344.425806      99.95 2.4857e+02    696.625      16720          2  0.000e+00
     17.943     17.766    -0.6733  27.442881    -0.6476  27.464434     8.0239     8.1129     1.6187    87.3782 1.6236e+01  -64.93306  -64.40096 344.425806      99.98 2.4857e+02    696.667      16721          2  0.000e+00
     17.963     17.786    -0.6739  27.441623    -0.6432  27.470638     8.0264     8.1120     1.6113    87.3782 1.6283e+01  -64.93306  -64.40096 344.425807      99.98 2.4857e+02    696.708      16722          2  0.000e+00
     17.943     17.766    -0.6730  27.441050    -0.6393  27.476618     8.0270     8.1111     1.6187    87.3782 1.6379e+01  -64.93306  -64.40096 344.425807      99.95 2.4857e+02    696.750      16723          2  0.000e+00
     17.943     17.766    -0.6719  27.441851    -0.6364  27.481258     8.0261     8.1104     1.6187    87.4040 1.6427e+01  -64.93306  -64.40096 344.425808      99.93 2.4857e+02    696.792      16724          2  0.000e+00
     17.915     17.739    -0.6710  27.443911    -0.6344  27.484668     8.0310     8.1097     1.6187    87.3782 1.6475e+01  -64.93306  -64.40096 344.425808      99.95 2.4857e+02    696.833      16725          2  0.000e+00
     17.895     17.719    -0.6691  27.445226    -0.6342  27.486960     8.0255     8.1095     1.6187    87.3782 1.6523e+01  -64.93306  -64.40096 344.425809      99.98 2.4857e+02    696.875      16726          2  0.000e+00
     17.943     17.766    -0.6683  27.446542    -0.6336  27.487798     8.0292     8.1092     1.6187    87.3782 1.6620e+01  -64.93306  -64.40096 344.425809      99.98 2.4857e+02    696.917      16727          2  0.000e+00
     17.860     17.685    -0.6682  27.447858    -0.6370  27.486960     8.0239     8.1096     1.6187    87.3782 1.6669e+01  -64.93306  -64.40096 344.425810      99.98 2.4857e+02    696.958      16728          2  0.000e+00
     17.895     17.719    -0.6655  27.449174    -0.6388  27.484333     8.0273     8.1098     1.6187    87.3782 1.6718e+01  -64.93306  -64.40096 344.425810      99.98 2.4857e+02    697.000      16729          2  0.000e+00
     17.765     17.590    -0.6598  27.450432    -0.6384  27.479748     8.0195     8.1104     1.6187    87.3782 1.6816e+01  -64.93306  -64.40096 344.425811      99.98 2.4857e+02    697.042      16730          2  0.000e+00
     17.943     17.766    -0.6565  27.459072    -0.6358  27.480699     8.0223     8.1094     1.6187    87.3782 1.6865e+01  -64.93306  -64.40096 344.425811      99.95 2.4857e+02    697.083      16731          2  0.000e+00
     17.840     17.664    -0.6542  27.464565    -0.6318  27.485226     8.0176     8.1076     1.6187    87.3782 1.6964e+01  -64.93306  -64.40096 344.425812      99.95 2.4857e+02    697.125      16732          2  0.000e+00
     17.813     17.637    -0.6545  27.467140    -0.6306  27.490314     8.0155     8.1071     1.6187    87.3782 1.7013e+01  -64.93306  -64.40096 344.425812      99.98 2.4857e+02    697.167      16733          2  0.000e+00
     17.840     17.664    -0.6496  27.469830    -0.6278  27.494171     8.0125     8.1054     1.6187    87.3782 1.7063e+01  -64.93306  -64.40096 344.425813      99.98 2.4857e+02    697.208      16734          2  0.000e+00
     17.792     17.617    -0.6423  27.471374    -0.6257  27.496911     8.0104     8.1047     1.6187    87.3782 1.7113e+01  -64.93306  -64.40096 344.425813      99.95 2.4857e+02    697.250      16735          2  0.000e+00
     17.813     17.637    -0.6396  27.477670    -0.6241  27.498868     8.0135     8.1042     1.6187    87.3782 1.7163e+01  -64.93306  -64.40096 344.425814      99.95 2.4857e+02    697.292      16736          2  0.000e+00
