NBP2113_155081_ctd/data/nbp2113_036.ros
* Sea-Bird SBE 9 Data File:
* FileName = D:\Data\raw\NBP2113_036.hex
* Software Version Seasave V 7.26.7.121
* Temperature SN = 2438
* Conductivity SN = 2067
* Number of Bytes Per Scan = 40
* Number of Voltage Words = 5
* Number of Scans Averaged by the Deck Unit = 1
* NMEA Latitude = 64 56.01 S
* NMEA Longitude = 064 24.02 W
* NMEA UTC (Time) = Dec 09 2021  08:52:43
* NMEA baud rate = 9600
** Ship: RVIB N.B. Palmer
** Cruise: NBP2113 LTER
** Station: 600.040
** Operator: B. Urmston
# nquan = 20
# nvalues = 1114                                  
# units = specified
# name 0 = prDM: Pressure, Digiquartz [db]
# name 1 = depSM: Depth [salt water, m]
# name 2 = t090C: Temperature [ITS-90, deg C]
# name 3 = c0mS/cm: Conductivity [mS/cm]
# name 4 = t190C: Temperature, 2 [ITS-90, deg C]
# name 5 = c1mS/cm: Conductivity, 2 [mS/cm]
# name 6 = sbeox0ML/L: Oxygen, SBE 43 [ml/l]
# name 7 = sbeox1ML/L: Oxygen, SBE 43, 2 [ml/l]
# name 8 = flECO-AFL: Fluorescence, WET Labs ECO-AFL/FL [mg/m^3]
# name 9 = CStarTr0: Beam Transmission, WET Labs C-Star [%]
# name 10 = par: PAR/Irradiance, Biospherical/Licor
# name 11 = latitude: Latitude [deg]
# name 12 = longitude: Longitude [deg]
# name 13 = timeJ: Julian Days
# name 14 = altM: Altimeter [m]
# name 15 = spar: SPAR, Biospherical/Licor
# name 16 = timeS: Time, Elapsed [seconds]
# name 17 = scan: Scan Count
# name 18 = nbf: Bottles Fired
# name 19 = flag:  0.000e+00
# interval = seconds: 0.0416667
# start_time = Dec 09 2021 08:52:43 [NMEA time, header]
# bad_flag = -9.990e-29
*END*
[from data line 73]
   1316.572   1299.561     1.4947  30.662817     1.4949  30.662397     4.0566     4.1006    -0.0077    95.3864 1.0000e-12  -64.93352  -64.39980 343.398247      11.89 1.3750e+02   2445.583      58695          2  0.000e+00
   1316.572   1299.561     1.4947  30.663413     1.4950  30.662397     4.0521     4.1019    -0.0077    95.3864 1.0000e-12  -64.93352  -64.39980 343.398248      11.92 1.3750e+02   2445.625      58696          2  0.000e+00
   1316.515   1299.506     1.4945  30.662817     1.4949  30.662456     4.0526     4.0968    -0.0077    95.3864 1.0000e-12  -64.93352  -64.39980 343.398248      11.89 1.3750e+02   2445.667      58697          2  0.000e+00
   1316.515   1299.506     1.4950  30.663652     1.4948  30.661815     4.0445     4.0970    -0.0077    95.3864 1.0000e-12  -64.93352  -64.39980 343.398249      11.89 1.3750e+02   2445.708      58698          2  0.000e+00
   1316.508   1299.499     1.4952  30.663115     1.4950  30.662397     4.0481     4.0971    -0.0077    95.3864 1.0000e-12  -64.93352  -64.39980 343.398249      11.89 1.3750e+02   2445.750      58699          2  0.000e+00
   1316.466   1299.458     1.4950  30.663413     1.4947  30.662455     4.0486     4.0973    -0.0077    95.3864 1.0000e-12  -64.93352  -64.39978 343.398250      11.92 1.3750e+02   2445.792      58700          2  0.000e+00
   1316.466   1299.458     1.4952  30.663413     1.4950  30.662106     4.0490     4.0974    -0.0077    95.3864 1.0000e-12  -64.93352  -64.39978 343.398250      11.89 1.3750e+02   2445.833      58701          2  0.000e+00
   1316.466   1299.458     1.4952  30.663115     1.4951  30.661873     4.0494     4.1038    -0.0150    95.3864 1.0000e-12  -64.93352  -64.39978 343.398251      12.11 1.3750e+02   2445.875      58702          2  0.000e+00
   1316.410   1299.403     1.4950  30.663413     1.4949  30.662397     4.0566     4.1050    -0.0077    95.3864 1.0000e-12  -64.93352  -64.39978 343.398251      12.23 1.3750e+02   2445.917      58703          2  0.000e+00
   1316.466   1299.458     1.4950  30.663652     1.4950  30.662397     4.0520     4.0999    -0.0077    95.3864 1.0000e-12  -64.93352  -64.39978 343.398252      12.26 1.3750e+02   2445.958      58704          2  0.000e+00
   1316.467   1299.458     1.4952  30.663413     1.4949  30.662455     4.0524     4.1000    -0.0077    95.3864 1.0000e-12  -64.93352  -64.39978 343.398252      12.26 1.3750e+02   2446.000      58705          2  0.000e+00
   1316.410   1299.403     1.4948  30.663413     1.4949  30.662106     4.0460     4.1063    -0.0150    95.3864 1.0000e-12  -64.93352  -64.39978 343.398253      12.23 1.3750e+02   2446.042      58706          2  0.000e+00
   1316.410   1299.403     1.4950  30.663413     1.4949  30.662397     4.0496     4.1011    -0.0077    95.3864 1.0000e-12  -64.93352  -64.39978 343.398253      12.23 1.3750e+02   2446.083      58707          2  0.000e+00
   1316.410   1299.403     1.4952  30.663115     1.4946  30.662164     4.0499     4.1012    -0.0077    95.3864 1.0000e-12  -64.93352  -64.39978 343.398254      12.23 1.3750e+02   2446.125      58708          2  0.000e+00
   1316.467   1299.458     1.4950  30.663413     1.4947  30.662397     4.0503     4.1012    -0.0077    95.3864 1.0000e-12  -64.93352  -64.39978 343.398254      12.23 1.3574e+02   2446.167      58709          2  0.000e+00
   1316.403   1299.396     1.4952  30.663413     1.4948  30.662164     4.0420     4.1063    -0.0077    95.3864 1.0000e-12  -64.93352  -64.39978 343.398255      12.23 1.3750e+02   2446.208      58710          2  0.000e+00
   1316.467   1299.458     1.4950  30.663473     1.4949  30.662106     4.0542     4.0998    -0.0150    95.3606 1.0000e-12  -64.93352  -64.39978 343.398255      12.23 1.3750e+02   2446.250      58711          2  0.000e+00
   1316.410   1299.403     1.4947  30.662817     1.4946  30.662688     4.0495     4.0997    -0.0150    95.3606 1.0000e-12  -64.93352  -64.39978 343.398256      12.23 1.3750e+02   2446.292      58712          2  0.000e+00
   1316.411   1299.403     1.4950  30.663115     1.4949  30.662455     4.0498     4.0995    -0.0077    95.3606 1.0000e-12  -64.93352  -64.39978 343.398256      12.23 1.3574e+02   2446.333      58713          2  0.000e+00
   1316.467   1299.458     1.4948  30.663115     1.4948  30.662397     4.0434     4.0982    -0.0004    95.3606 1.0000e-12  -64.93352  -64.39978 343.398257      12.38 1.3574e+02   2446.375      58714          2  0.000e+00
   1316.467   1299.458     1.4950  30.663413     1.4950  30.662397     4.0469     4.0969    -0.0004    95.3606 1.0000e-12  -64.93352  -64.39978 343.398257      12.45 1.3574e+02   2446.417      58715          2  0.000e+00
   1316.411   1299.403     1.4948  30.663115     1.4949  30.662747     4.0490     4.0966    -0.0004    95.3606 1.0000e-12  -64.93352  -64.39978 343.398258      12.48 1.3574e+02   2446.458      58716          2  0.000e+00
   1316.467   1299.458     1.4950  30.663413     1.4947  30.662688     4.0494     4.1027    -0.0004    95.3606 1.0000e-12  -64.93352  -64.39978 343.398258      12.45 1.3574e+02   2446.500      58717          2  0.000e+00
   1316.516   1299.507     1.4950  30.662817     1.4949  30.662397     4.0498     4.0973    -0.0004    95.3606 1.0000e-12  -64.93352  -64.39978 343.398259      12.45 1.3574e+02   2446.542      58718          2  0.000e+00
   1316.467   1299.458     1.4952  30.663652     1.4947  30.662455     4.0483     4.0970    -0.0004    95.3606 1.0000e-12  -64.93352  -64.39978 343.398259      12.45 1.3574e+02   2446.583      58719          2  0.000e+00
   1012.938   1000.572     1.4711  30.512227     1.4706  30.511182     4.0642     4.1150    -0.0004    95.5409 1.0000e-12  -64.93350  -64.39942 343.403096      99.98 1.6747e+02   2864.500      68749          3  0.000e+00
   1012.938   1000.572     1.4708  30.512346     1.4708  30.511182     4.0638     4.1090    -0.0004    95.5409 1.0000e-12  -64.93350  -64.39942 343.403097      99.98 1.6747e+02   2864.542      68750          3  0.000e+00
   1012.993   1000.628     1.4711  30.512525     1.4710  30.511182     4.0570     4.1140    -0.0004    95.5409 1.0000e-12  -64.93350  -64.39942 343.403097      99.98 1.6747e+02   2864.583      68751          3  0.000e+00
   1012.938   1000.573     1.4710  30.512525     1.4708  30.511473     4.0662     4.1140    -0.0004    95.5409 1.0000e-12  -64.93350  -64.39942 343.403098      99.98 1.6747e+02   2864.625      68752          3  0.000e+00
   1012.993   1000.628     1.4710  30.512644     1.4708  30.511240     4.0626     4.1141    -0.0077    95.5409 1.0000e-12  -64.93350  -64.39942 343.403098      99.98 1.6747e+02   2864.667      68753          3  0.000e+00
   1013.042   1000.676     1.4711  30.512227     1.4706  30.511473     4.0622     4.1142    -0.0004    95.5409 1.0000e-12  -64.93350  -64.39942 343.403098      99.98 1.6747e+02   2864.708      68754          3  0.000e+00
   1013.042   1000.676     1.4711  30.512346     1.4708  30.511473     4.0554     4.1202    -0.0077    95.5409 1.0000e-12  -64.93350  -64.39942 343.403099      99.98 1.6747e+02   2864.750      68755          3  0.000e+00
   1013.042   1000.676     1.4710  30.512525     1.4707  30.511473     4.0599     4.1152    -0.0077    95.5409 1.0000e-12  -64.93350  -64.39942 343.403099      99.95 1.6747e+02   2864.792      68756          3  0.000e+00
   1013.098   1000.731     1.4711  30.512228     1.4708  30.511182     4.0613     4.1153    -0.0004    95.5409 1.0000e-12  -64.93350  -64.39942 343.403100      99.95 1.6747e+02   2864.833      68757          3  0.000e+00
   1013.098   1000.731     1.4710  30.512347     1.4706  30.511241     4.0627     4.1153    -0.0077    95.5409 1.0000e-12  -64.93350  -64.39942 343.403100      99.98 1.6747e+02   2864.875      68758          3  0.000e+00
   1013.098   1000.731     1.4711  30.512525     1.4708  30.511473     4.0561     4.1153    -0.0004    95.5151 1.0000e-12  -64.93350  -64.39942 343.403101      99.98 1.6747e+02   2864.917      68759          3  0.000e+00
   1013.147   1000.779     1.4710  30.512228     1.4706  30.511183     4.0608     4.1153    -0.0077    95.5409 1.0000e-12  -64.93350  -64.39942 343.403101      99.98 1.6747e+02   2864.958      68760          3  0.000e+00
   1013.147   1000.779     1.4711  30.512347     1.4707  30.511473     4.0623     4.1153    -0.0077    95.5409 1.0000e-12  -64.93350  -64.39942 343.403102      99.98 1.6747e+02   2865.000      68761          3  0.000e+00
   1013.203   1000.834     1.4710  30.512526     1.4706  30.511183     4.0559     4.1153    -0.0077    95.5409 1.0000e-12  -64.93350  -64.39942 343.403102      99.98 1.6747e+02   2865.042      68762          3  0.000e+00
   1013.252   1000.882     1.4711  30.512645     1.4706  30.511474     4.0543     4.1154    -0.0004    95.5151 1.0000e-12  -64.93350  -64.39942 343.403103      99.98 1.6747e+02   2865.083      68763          3  0.000e+00
   1013.203   1000.834     1.4710  30.512228     1.4708  30.511183     4.0655     4.1153    -0.0004    95.5409 1.0000e-12  -64.93350  -64.39942 343.403103      99.95 1.6747e+02   2865.125      68764          3  0.000e+00
   1013.252   1000.882     1.4711  30.512228     1.4706  30.511183     4.0624     4.1154    -0.0004    95.5409 1.0000e-12  -64.93350  -64.39942 343.403104      99.98 1.6747e+02   2865.167      68765          3  0.000e+00
   1013.308   1000.937     1.4710  30.512347     1.4708  30.511183     4.0642     4.1154    -0.0004    95.5151 1.0000e-12  -64.93350  -64.39942 343.403104      99.98 1.6747e+02   2865.208      68766          3  0.000e+00
   1013.308   1000.937     1.4711  30.512228     1.4705  30.511183     4.0579     4.1154    -0.0077    95.5409 1.0000e-12  -64.93350  -64.39942 343.403105      99.98 1.6747e+02   2865.250      68767          3  0.000e+00
   1013.308   1000.937     1.4710  30.512823     1.4705  30.510951     4.0613     4.1154    -0.0004    95.5409 1.0000e-12  -64.93350  -64.39942 343.403105      99.95 1.6747e+02   2865.292      68768          3  0.000e+00
   1013.356   1000.985     1.4710  30.512347     1.4706  30.511707     4.0631     4.1154    -0.0077    95.5409 1.0000e-12  -64.93350  -64.39942 343.403106      99.95 1.6747e+02   2865.333      68769          3  0.000e+00
   1013.412   1001.040     1.4711  30.512229     1.4706  30.510893     4.0633     4.1215    -0.0004    95.5409 1.0000e-12  -64.93350  -64.39942 343.403106      99.98 1.6747e+02   2865.375      68770          3  0.000e+00
   1013.412   1001.040     1.4713  30.512526     1.4705  30.511474     4.0635     4.1164    -0.0077    95.5409 1.0000e-12  -64.93350  -64.39942 343.403107      99.98 1.6747e+02   2865.417      68771          3  0.000e+00
   1013.461   1001.088     1.4711  30.512348     1.4706  30.511474     4.0685     4.1164    -0.0077    95.5409 1.0000e-12  -64.93350  -64.39942 343.403107      99.98 1.6747e+02   2865.458      68772          3  0.000e+00
   1013.461   1001.088     1.4711  30.512229     1.4705  30.511474     4.0701     4.1164    -0.0004    95.5151 1.0000e-12  -64.93350  -64.39942 343.403108      99.98 1.6747e+02   2865.500      68773          3  0.000e+00
   1013.517   1001.143     1.4710  30.512348     1.4705  30.511707     4.0654     4.1164    -0.0077    95.5151 1.0000e-12  -64.93350  -64.39942 343.403108      99.98 1.6747e+02   2865.542      68774          3  0.000e+00
   1013.559   1001.185     1.4710  30.512824     1.4706  30.511184     4.0654     4.1164    -0.0077    95.5151 1.0000e-12  -64.93350  -64.39942 343.403109      99.98 1.6747e+02   2865.583      68775          3  0.000e+00
   1013.566   1001.192     1.4707  30.512527     1.4706  30.511475     4.0702     4.1163    -0.0077    95.5151 1.0000e-12  -64.93350  -64.39942 343.403109      99.95 1.6747e+02   2865.625      68776          3  0.000e+00
   1013.566   1001.192     1.4711  30.512646     1.4708  30.511475     4.0668     4.1162    -0.0004    95.5151 1.0000e-12  -64.93350  -64.39942 343.403110      99.98 1.6747e+02   2865.667      68777          3  0.000e+00
   1013.622   1001.247     1.4710  30.512824     1.4708  30.511475     4.0668     4.1162    -0.0077    95.4894 1.0000e-12  -64.93350  -64.39942 343.403110      99.98 1.6747e+02   2865.708      68778          3  0.000e+00
   1013.677   1001.302     1.4711  30.512527     1.4707  30.511707     4.0604     4.1222    -0.0004    95.4894 1.0000e-12  -64.93350  -64.39942 343.403111     100.00 1.6747e+02   2865.750      68779          3  0.000e+00
   1013.678   1001.302     1.4708  30.512646     1.4708  30.511475     4.0699     4.1172    -0.0004    95.4894 1.0000e-12  -64.93350  -64.39942 343.403111      99.95 1.6747e+02   2865.792      68780          3  0.000e+00
   1013.726   1001.350     1.4710  30.512527     1.4708  30.511475     4.0731     4.1171     0.0069    95.4894 1.0000e-12  -64.93350  -64.39942 343.403111      99.95 1.6747e+02   2865.833      68781          3  0.000e+00
   1013.782   1001.405     1.4710  30.512527     1.4706  30.511475     4.0699     4.1171     0.0069    95.4894 1.0000e-12  -64.93350  -64.39942 343.403112      99.98 1.6747e+02   2865.875      68782          3  0.000e+00
   1013.782   1001.405     1.4711  30.512646     1.4708  30.511475     4.0634     4.1170     0.0069    95.4894 1.0000e-12  -64.93350  -64.39942 343.403112      99.98 1.6747e+02   2865.917      68783          3  0.000e+00
   1013.831   1001.453     1.4711  30.513063     1.4707  30.511708     4.0746     4.1169     0.0069    95.5151 1.0000e-12  -64.93350  -64.39942 343.403113      99.98 1.6747e+02   2865.958      68784          3  0.000e+00
   1013.887   1001.508     1.4710  30.512349     1.4706  30.511476     4.0762     4.1169     0.0069    95.4894 1.0000e-12  -64.93350  -64.39942 343.403113      99.98 1.6747e+02   2866.000      68785          3  0.000e+00
   1013.887   1001.508     1.4708  30.512528     1.4706  30.511708     4.0713     4.1168     0.0069    95.4894 1.0000e-12  -64.93350  -64.39942 343.403114      99.98 1.6747e+02   2866.042      68786          3  0.000e+00
   1013.887   1001.508     1.4711  30.512825     1.4708  30.511476     4.0694     4.1167     0.0069    95.4894 1.0000e-12  -64.93350  -64.39942 343.403114      99.98 1.6747e+02   2866.083      68787          3  0.000e+00
   1013.992   1001.611     1.4710  30.512885     1.4708  30.511999     4.0740     4.1166     0.0069    95.5151 1.0000e-12  -64.93350  -64.39942 343.403115      99.95 1.6747e+02   2866.125      68788          3  0.000e+00
   1013.992   1001.611     1.4711  30.512230     1.4708  30.511185     4.0706     4.1166     0.0069    95.4894 1.0000e-12  -64.93350  -64.39942 343.403115      99.98 1.6747e+02   2866.167      68789          3  0.000e+00
   1014.040   1001.659     1.4711  30.512826     1.4708  30.511709     4.0703     4.1165     0.0069    95.4894 1.0000e-12  -64.93350  -64.39942 343.403116      99.98 1.6747e+02   2866.208      68790          3  0.000e+00
   1013.992   1001.611     1.4713  30.512647     1.4708  30.511708     4.0636     4.1164     0.0069    95.4894 1.0000e-12  -64.93350  -64.39942 343.403116      99.98 1.6747e+02   2866.250      68791          3  0.000e+00
   1014.145   1001.762     1.4711  30.512826     1.4706  30.512058     4.0747     4.1164     0.0069    95.4894 1.0000e-12  -64.93350  -64.39942 343.403117      99.95 1.6747e+02   2866.292      68792          4  0.000e+00
   1014.145   1001.762     1.4711  30.512826     1.4708  30.512290     4.0713     4.1163     0.0069    95.4894 1.0000e-12  -64.93350  -64.39942 343.403117      99.93 1.6747e+02   2866.333      68793          4  0.000e+00
   1014.145   1001.762     1.4711  30.512647     1.4706  30.512000     4.0711     4.1162     0.0069    95.5151 1.0000e-12  -64.93350  -64.39942 343.403118      99.98 1.6747e+02   2866.375      68794          4  0.000e+00
