NBP2113_155081_ctd/data/nbp2113_023.ros
* Sea-Bird SBE 9 Data File:
* FileName = D:\Data\raw\NBP2113_023.hex
* Software Version Seasave V 7.26.7.121
* Temperature SN = 2438
* Conductivity SN = 2067
* Number of Bytes Per Scan = 40
* Number of Voltage Words = 5
* Number of Scans Averaged by the Deck Unit = 1
* NMEA Latitude = 67 30.61 S
* NMEA Longitude = 070 35.52 W
* NMEA UTC (Time) = Dec 02 2021  00:50:18
* NMEA baud rate = 9600
** Ship: RVIB N.B. Palmer
** Cruise: NBP2113 LTER
** Station: 200.040
** Operator: S. Blackman
# nquan = 20
# nvalues = 1147                                  
# units = specified
# name 0 = prDM: Pressure, Digiquartz [db]
# name 1 = depSM: Depth [salt water, m]
# name 2 = t090C: Temperature [ITS-90, deg C]
# name 3 = c0mS/cm: Conductivity [mS/cm]
# name 4 = t190C: Temperature, 2 [ITS-90, deg C]
# name 5 = c1mS/cm: Conductivity, 2 [mS/cm]
# name 6 = sbeox0ML/L: Oxygen, SBE 43 [ml/l]
# name 7 = sbeox1ML/L: Oxygen, SBE 43, 2 [ml/l]
# name 8 = flECO-AFL: Fluorescence, WET Labs ECO-AFL/FL [mg/m^3]
# name 9 = CStarTr0: Beam Transmission, WET Labs C-Star [%]
# name 10 = par: PAR/Irradiance, Biospherical/Licor
# name 11 = latitude: Latitude [deg]
# name 12 = longitude: Longitude [deg]
# name 13 = timeJ: Julian Days
# name 14 = altM: Altimeter [m]
# name 15 = spar: SPAR, Biospherical/Licor
# name 16 = timeS: Time, Elapsed [seconds]
# name 17 = scan: Scan Count
# name 18 = nbf: Bottles Fired
# name 19 = flag:  0.000e+00
# interval = seconds: 0.0416667
# start_time = Dec 02 2021 00:50:18 [NMEA time, header]
# bad_flag = -9.990e-29
*END*
[from data line 652]
     61.951     61.324    -0.6897  27.719090    -0.6900  27.717216     7.9677     8.0474     1.6553    89.9789 1.0000e-12  -67.51062  -70.58918 336.063671      99.98 2.6443e+01   2483.167      59597         14  0.000e+00
     62.150     61.521    -0.6900  27.719378    -0.6901  27.717497     7.9661     8.0478     1.6553    89.9532 1.0000e-12  -67.51062  -70.58918 336.063671      99.98 2.6443e+01   2483.208      59598         14  0.000e+00
     62.102     61.474    -0.6900  27.719320    -0.6901  27.717609     7.9700     8.0478     1.6553    89.9532 1.0000e-12  -67.51062  -70.58918 336.063672      99.98 2.6443e+01   2483.250      59599         14  0.000e+00
     62.150     61.521    -0.6896  27.719320    -0.6901  27.717609     7.9693     8.0479     1.6553    89.9532 1.0000e-12  -67.51062  -70.58918 336.063672      99.98 2.6443e+01   2483.292      59600         14  0.000e+00
     62.150     61.521    -0.6897  27.719091    -0.6900  27.717722     7.9626     8.0480     1.6553    89.9532 1.0000e-12  -67.51062  -70.58918 336.063673      99.98 2.6443e+01   2483.333      59601         14  0.000e+00
     62.205     61.575    -0.6899  27.719206    -0.6900  27.717610     7.9545     8.0480     1.6553    89.9532 1.0000e-12  -67.51062  -70.58918 336.063673      99.98 2.6443e+01   2483.375      59602         14  0.000e+00
     62.253     61.623    -0.6898  27.719493    -0.6901  27.717778     7.9568     8.0425     1.6553    89.9532 1.0000e-12  -67.51062  -70.58918 336.063674      99.95 2.6443e+01   2483.417      59603         14  0.000e+00
     62.301     61.670    -0.6897  27.719378    -0.6900  27.717666     7.9574     8.0472     1.6553    89.9532 1.0000e-12  -67.51062  -70.58918 336.063674      99.98 2.6443e+01   2483.458      59604         14  0.000e+00
     62.356     61.725    -0.6897  27.719321    -0.6900  27.717498     7.9522     8.0472     1.6553    89.9532 1.0000e-12  -67.51062  -70.58918 336.063675      99.98 2.6443e+01   2483.500      59605         14  0.000e+00
     62.356     61.725    -0.6897  27.719436    -0.6899  27.717554     7.9501     8.0470     1.6553    89.9532 1.0000e-12  -67.51062  -70.58918 336.063675      99.98 2.6443e+01   2483.542      59606         14  0.000e+00
     62.404     61.772    -0.6896  27.719321    -0.6896  27.717778     7.9496     8.0478     1.6553    89.9532 1.0000e-12  -67.51062  -70.58918 336.063676      99.95 2.6443e+01   2483.583      59607         14  0.000e+00
     62.458     61.826    -0.6894  27.719091    -0.6898  27.717666     7.9506     8.0477     1.6553    89.9532 1.0000e-12  -67.51062  -70.58918 336.063676      99.93 2.6443e+01   2483.625      59608         14  0.000e+00
     62.561     61.928    -0.6896  27.719608    -0.6900  27.717498     7.9504     8.0422     1.6406    89.9532 1.0000e-12  -67.51062  -70.58918 336.063677      99.95 2.6443e+01   2483.667      59609         14  0.000e+00
     62.506     61.874    -0.6894  27.719206    -0.6900  27.717779     7.9488     8.0410     1.6406    89.9532 1.0000e-12  -67.51062  -70.58918 336.063677      99.98 2.6443e+01   2483.708      59610         14  0.000e+00
     62.609     61.975    -0.6899  27.719436    -0.6903  27.717891     7.9533     8.0457     1.6406    89.9789 1.0000e-12  -67.51062  -70.58918 336.063678      99.98 2.6443e+01   2483.750      59611         14  0.000e+00
     62.657     62.023    -0.6897  27.719379    -0.6904  27.717667     7.9546     8.0455     1.6406    89.9532 1.0000e-12  -67.51062  -70.58920 336.063678      99.98 2.6443e+01   2483.792      59612         14  0.000e+00
     62.657     62.023    -0.6897  27.719436    -0.6904  27.717499     7.9514     8.0453     1.6406    89.9532 1.0000e-12  -67.51062  -70.58920 336.063679      99.98 2.6443e+01   2483.833      59613         14  0.000e+00
     62.760     62.125    -0.6896  27.719724    -0.6907  27.717331     7.9575     8.0452     1.6406    89.9532 1.0000e-12  -67.51062  -70.58920 336.063679      99.98 2.6443e+01   2483.875      59614         14  0.000e+00
     62.760     62.125    -0.6896  27.719666    -0.6905  27.717499     7.9650     8.0457     1.6406    89.9532 1.0000e-12  -67.51062  -70.58920 336.063680      99.95 2.6443e+01   2483.917      59615         14  0.000e+00
     62.808     62.172    -0.6893  27.719781    -0.6905  27.717387     7.9679     8.0464     1.6406    89.9532 1.0000e-12  -67.51062  -70.58920 336.063680      99.98 2.6443e+01   2483.958      59616         14  0.000e+00
     62.863     62.226    -0.6894  27.720011    -0.6902  27.717667     7.9695     8.0469     1.6406    89.9532 1.0000e-12  -67.51062  -70.58920 336.063681      99.98 2.6443e+01   2484.000      59617         14  0.000e+00
     62.911     62.274    -0.6896  27.719897    -0.6900  27.717836     7.9710     8.0466     1.6406    89.9274 1.0000e-12  -67.51062  -70.58920 336.063681      99.98 2.6443e+01   2484.042      59618         14  0.000e+00
     62.966     62.328    -0.6894  27.720011    -0.6898  27.718228     7.9769     8.0462     1.6406    89.9274 1.0000e-12  -67.51062  -70.58920 336.063682      99.95 2.6443e+01   2484.083      59619         14  0.000e+00
     63.014     62.376    -0.6894  27.719897    -0.6898  27.718397     7.9736     8.0459     1.6406    89.9274 1.0000e-12  -67.51062  -70.58920 336.063682      99.93 2.6443e+01   2484.125      59620         14  0.000e+00
     62.966     62.328    -0.6896  27.719782    -0.6897  27.718060     7.9689     8.0463     1.6406    89.9274 1.0000e-12  -67.51062  -70.58920 336.063682      99.95 2.6443e+01   2484.167      59621         14  0.000e+00
     63.164     62.525    -0.6896  27.719782    -0.6896  27.718061     7.9630     8.0470     1.6406    89.9274 1.0000e-12  -67.51062  -70.58920 336.063683      99.98 2.6443e+01   2484.208      59622         14  0.000e+00
     63.116     62.477    -0.6894  27.719840    -0.6895  27.718285     7.9613     8.0474     1.6406    89.9274 1.0000e-12  -67.51062  -70.58920 336.063683      99.98 2.6443e+01   2484.250      59623         14  0.000e+00
     63.219     62.579    -0.6896  27.719840    -0.6895  27.717780     7.9614     8.0480     1.6406    89.9274 1.0000e-12  -67.51062  -70.58920 336.063684      99.98 2.6443e+01   2484.292      59624         14  0.000e+00
     63.171     62.532    -0.6896  27.719840    -0.6898  27.717892     7.9600     8.0475     1.6406    89.9274 1.0000e-12  -67.51062  -70.58920 336.063684      99.98 2.6443e+01   2484.333      59625         14  0.000e+00
     63.267     62.627    -0.6895  27.719840    -0.6899  27.717893     7.9632     8.0472     1.6406    89.9274 1.0000e-12  -67.51062  -70.58920 336.063685      99.98 2.6443e+01   2484.375      59626         14  0.000e+00
     63.322     62.681    -0.6894  27.720012    -0.6896  27.718229     7.9677     8.0467     1.6406    89.9274 1.0000e-12  -67.51062  -70.58920 336.063685      99.95 2.6443e+01   2484.417      59627         14  0.000e+00
     63.370     62.728    -0.6897  27.720127    -0.6896  27.718398     7.9690     8.0471     1.6406    89.9274 1.0000e-12  -67.51062  -70.58920 336.063686      99.95 2.6443e+01   2484.458      59628         14  0.000e+00
     63.370     62.728    -0.6896  27.720013    -0.6900  27.718286     7.9702     8.0475     1.6406    89.9274 1.0000e-12  -67.51062  -70.58920 336.063686      99.98 2.6443e+01   2484.500      59629         14  0.000e+00
     63.473     62.830    -0.6899  27.720070    -0.6898  27.718342     7.9657     8.0470     1.6406    89.9274 1.0000e-12  -67.51062  -70.58920 336.063687      99.98 2.6443e+01   2484.542      59630         14  0.000e+00
     61.242     60.623    -0.6891  27.719318    -0.6895  27.717214     7.9622     8.0381     1.8897    89.9532 1.0000e-12  -67.51062  -70.58926 336.063753      99.98 2.6443e+01   2490.250      59767         15  0.000e+00
     61.290     60.670    -0.6891  27.718916    -0.6895  27.717102     7.9590     8.0440     1.9337    89.9532 1.0000e-12  -67.51062  -70.58926 336.063753      99.98 2.6443e+01   2490.292      59768         15  0.000e+00
     61.290     60.670    -0.6891  27.719146    -0.6894  27.717102     7.9572     8.0397     1.9263    89.9532 1.0000e-12  -67.51062  -70.58926 336.063754      99.98 2.6443e+01   2490.333      59769         15  0.000e+00
     61.188     60.568    -0.6890  27.719490    -0.6895  27.717270     7.9554     8.0399     1.9190    89.9532 1.0000e-12  -67.51062  -70.58926 336.063754      99.98 2.6443e+01   2490.375      59770         15  0.000e+00
     61.242     60.623    -0.6891  27.719146    -0.6895  27.717439     7.9582     8.0450     1.9190    89.9532 1.0000e-12  -67.51062  -70.58926 336.063755      99.95 2.6443e+01   2490.417      59771         15  0.000e+00
     61.188     60.568    -0.6893  27.719203    -0.6896  27.717551     7.9593     8.0397     1.9190    89.9532 1.0000e-12  -67.51062  -70.58926 336.063755      99.98 2.6443e+01   2490.458      59772         15  0.000e+00
     61.188     60.568    -0.6891  27.719203    -0.6895  27.717382     7.9531     8.0447     1.9190    89.9532 1.0000e-12  -67.51062  -70.58926 336.063756      99.98 2.6443e+01   2490.500      59773         15  0.000e+00
     61.242     60.623    -0.6893  27.718858    -0.6892  27.717495     7.9502     8.0395     1.9190    89.9532 1.0000e-12  -67.51062  -70.58926 336.063756      99.98 2.6443e+01   2490.542      59774         15  0.000e+00
     61.140     60.521    -0.6891  27.719145    -0.6895  27.717719     7.9469     8.0388     1.9190    89.9532 1.0000e-12  -67.51062  -70.58926 336.063757      99.95 2.6443e+01   2490.583      59775         15  0.000e+00
     61.188     60.569    -0.6891  27.719318    -0.6895  27.717439     7.9513     8.0383     1.9190    89.9532 1.0000e-12  -67.51062  -70.58926 336.063757      99.95 2.6443e+01   2490.625      59776         15  0.000e+00
     61.188     60.569    -0.6893  27.719318    -0.6896  27.717495     7.9437     8.0377     1.9190    89.9532 1.0000e-12  -67.51062  -70.58926 336.063758      99.98 2.6443e+01   2490.667      59777         15  0.000e+00
     61.140     60.521    -0.6891  27.719088    -0.6896  27.717607     7.9347     8.0371     1.9190    89.9532 1.0000e-12  -67.51062  -70.58926 336.063758      99.98 2.6443e+01   2490.708      59778         15  0.000e+00
     61.188     60.569    -0.6890  27.719203    -0.6892  27.717495     7.9362     8.0420     1.9190    89.9789 1.0000e-12  -67.51062  -70.58926 336.063759      99.98 2.6443e+01   2490.750      59779         15  0.000e+00
     61.140     60.521    -0.6891  27.719030    -0.6893  27.717551     7.9302     8.0422     1.9190    90.0047 1.0000e-12  -67.51062  -70.58924 336.063759      99.98 2.6443e+01   2490.792      59780         15  0.000e+00
     61.188     60.569    -0.6891  27.719433    -0.6895  27.717382     7.9303     8.0425     1.9190    90.0304 1.0000e-12  -67.51062  -70.58924 336.063760      99.98 2.6443e+01   2490.833      59781         15  0.000e+00
     61.140     60.521    -0.6890  27.719145    -0.6893  27.717326     7.9306     8.0427     1.9117    90.0047 1.0000e-12  -67.51062  -70.58924 336.063760      99.98 2.6443e+01   2490.875      59782         15  0.000e+00
     61.140     60.521    -0.6888  27.719030    -0.6896  27.717214     7.9415     8.0438     1.9190    90.0304 1.0000e-12  -67.51062  -70.58924 336.063761      99.95 2.6443e+01   2490.917      59783         15  0.000e+00
     61.140     60.521    -0.6890  27.719203    -0.6896  27.717270     7.9450     8.0448     1.9190    90.0304 1.0000e-12  -67.51062  -70.58924 336.063761      99.95 2.6443e+01   2490.958      59784         15  0.000e+00
     61.140     60.521    -0.6890  27.719318    -0.6895  27.717494     7.9529     8.0450     1.9190    90.0047 1.0000e-12  -67.51062  -70.58924 336.063762      99.98 2.6443e+01   2491.000      59785         15  0.000e+00
     61.140     60.521    -0.6890  27.719318    -0.6893  27.717382     7.9490     8.0451     1.9190    90.0304 1.0000e-12  -67.51062  -70.58924 336.063762      99.98 2.6443e+01   2491.042      59786         15  0.000e+00
     61.140     60.521    -0.6888  27.719088    -0.6893  27.717438     7.9482     8.0451     1.9190    90.0304 1.0000e-12  -67.51062  -70.58924 336.063763      99.95 2.6443e+01   2491.083      59787         15  0.000e+00
     61.140     60.521    -0.6891  27.719145    -0.6895  27.717326     7.9503     8.0452     1.9190    90.0047 1.0000e-12  -67.51062  -70.58924 336.063763      99.95 2.6443e+01   2491.125      59788         15  0.000e+00
     61.188     60.569    -0.6891  27.719260    -0.6896  27.717326     7.9451     8.0453     1.9117    90.0047 1.0000e-12  -67.51062  -70.58924 336.063764      99.98 2.6443e+01   2491.167      59789         15  0.000e+00
     61.140     60.521    -0.6888  27.719318    -0.6896  27.717158     7.9443     8.0461     1.9117    90.0304 1.0000e-12  -67.51062  -70.58924 336.063764      99.98 2.6443e+01   2491.208      59790         15  0.000e+00
     61.188     60.569    -0.6888  27.718916    -0.6895  27.717382     7.9437     8.0470     1.9190    90.0304 1.0000e-12  -67.51062  -70.58924 336.063764      99.98 2.6443e+01   2491.250      59791         15  0.000e+00
     61.092     60.474    -0.6888  27.719145    -0.6896  27.717326     7.9445     8.0469     1.8677    90.0304 1.0000e-12  -67.51062  -70.58924 336.063765      99.98 2.6443e+01   2491.292      59792         15  0.000e+00
     61.188     60.569    -0.6890  27.719318    -0.6893  27.717326     7.9456     8.0469     1.6333    90.0304 1.0000e-12  -67.51062  -70.58924 336.063765      99.98 2.6443e+01   2491.333      59793         15  0.000e+00
     61.140     60.521    -0.6891  27.719088    -0.6895  27.717326     7.9408     8.0467     1.5454    90.0304 1.0000e-12  -67.51062  -70.58924 336.063766      99.98 2.6443e+01   2491.375      59794         15  0.000e+00
     61.188     60.569    -0.6893  27.718973    -0.6894  27.717439     7.9452     8.0466     1.5454    90.0304 1.0000e-12  -67.51062  -70.58924 336.063766      99.95 2.6443e+01   2491.417      59795         15  0.000e+00
     61.188     60.569    -0.6890  27.719203    -0.6893  27.717326     7.9391     8.0474     1.5527    90.0304 1.0000e-12  -67.51062  -70.58924 336.063767      99.95 2.6443e+01   2491.458      59796         15  0.000e+00
     61.188     60.569    -0.6893  27.719318    -0.6893  27.717719     7.9437     8.0471     1.5600    90.0047 1.0000e-12  -67.51062  -70.58924 336.063767      99.98 2.6443e+01   2491.500      59797         15  0.000e+00
     61.188     60.569    -0.6888  27.719318    -0.6895  27.717439     7.9436     8.0470     1.5600    90.0047 1.0000e-12  -67.51062  -70.58924 336.063768      99.98 2.6443e+01   2491.542      59798         15  0.000e+00
     61.188     60.569    -0.6890  27.719088    -0.6896  27.717214     7.9482     8.0468     1.5600    90.0047 1.0000e-12  -67.51062  -70.58924 336.063768      99.95 2.6443e+01   2491.583      59799         15  0.000e+00
     61.188     60.569    -0.6890  27.719031    -0.6894  27.717270     7.9438     8.0464     1.5600    89.9532 1.0000e-12  -67.51062  -70.58924 336.063769      99.95 2.6443e+01   2491.625      59800         15  0.000e+00
     61.243     60.623    -0.6888  27.719031    -0.6896  27.717327     7.9439     8.0462     1.5600    89.9532 1.0000e-12  -67.51062  -70.58924 336.063769      99.98 2.6443e+01   2491.667      59801         15  0.000e+00
     61.188     60.569    -0.6893  27.719145    -0.6895  27.717719     7.9456     8.0457     1.5600    89.9532 1.0000e-12  -67.51062  -70.58924 336.063770      99.98 2.6443e+01   2491.708      59802         15  0.000e+00
     61.291     60.671    -0.6891  27.719031    -0.6893  27.717551     7.9533     8.0463     1.5600    89.9532 1.0000e-12  -67.51062  -70.58924 336.063770      99.98 2.6443e+01   2491.750      59803         15  0.000e+00
