NBP2113_155081_ctd/data/nbp2113_004.cnv
* Sea-Bird SBE 9 Data File:
* FileName = D:\Data\raw\NBP2113_004.hex
* Software Version Seasave V 7.26.7.121
* Temperature SN = 2438
* Conductivity SN = 2067
* Number of Bytes Per Scan = 40
* Number of Voltage Words = 5
* Number of Scans Averaged by the Deck Unit = 1
* NMEA Latitude = 63 46.12 S
* NMEA Longitude = 062 51.59 W
* NMEA UTC (Time) = Nov 23 2021  06:30:17
* NMEA baud rate = 9600
** Ship: RVIB N.B. Palmer
** Cruise: NBP2113 LTER
** Station: 747.068
** Operator: B. Urmston
# nquan = 25
# nvalues = 735                         
# units = specified
# name 0 = prDM: Pressure, Digiquartz [db]
# name 1 = depSM: Depth [salt water, m]
# name 2 = t090C: Temperature [ITS-90, deg C]
# name 3 = c0mS/cm: Conductivity [mS/cm]
# name 4 = t190C: Temperature, 2 [ITS-90, deg C]
# name 5 = c1mS/cm: Conductivity, 2 [mS/cm]
# name 6 = sbeox0ML/L: Oxygen, SBE 43 [ml/l]
# name 7 = sbeox1ML/L: Oxygen, SBE 43, 2 [ml/l]
# name 8 = flECO-AFL: Fluorescence, WET Labs ECO-AFL/FL [mg/m^3]
# name 9 = CStarTr0: Beam Transmission, WET Labs C-Star [%]
# name 10 = par: PAR/Irradiance, Biospherical/Licor
# name 11 = latitude: Latitude [deg]
# name 12 = longitude: Longitude [deg]
# name 13 = timeJ: Julian Days
# name 14 = altM: Altimeter [m]
# name 15 = spar: SPAR, Biospherical/Licor
# name 16 = timeS: Time, Elapsed [seconds]
# name 17 = scan: Scan Count
# name 18 = density00: Density [density, kg/m^3]
# name 19 = density11: Density, 2 [density, kg/m^3]
# name 20 = sal00: Salinity, Practical [PSU]
# name 21 = sal11: Salinity, Practical, 2 [PSU]
# name 22 = oxsolML/L: Oxygen Saturation, Garcia & Gordon [ml/l]
# name 23 = nbin: number of scans per bin
# name 24 = flag: flag
# span 0 =      1.000,    370.000       
# span 1 =      0.991,    366.079       
# span 2 =    -0.7666,     1.5853       
# span 3 =  27.711966,  30.328580       
# span 4 =    -0.7657,     1.5853       
# span 5 =  27.710750,  30.327320       
# span 6 =     4.1580,    10.2392       
# span 7 =     4.1428,    10.0637       
# span 8 =    -0.0226,     1.6032       
# span 9 =    91.2574,    99.5002       
# span 10 = 1.0000e-12, 4.7478e+01      
# span 11 =  -63.76816,  -63.76768      
# span 12 =  -62.86104,  -62.86021      
# span 13 = 327.274866, 327.296999      
# span 14 =       5.50,     100.73      
# span 15 = 8.8144e+00, 3.4837e+01      
# span 16 =    331.414,   2243.714      
# span 17 =       7955,      53850      
# span 18 =  1027.2892,  1029.4992      
# span 19 =  1027.2860,  1029.4979      
# span 20 =    33.9501,    34.6944      
# span 21 =    33.9463,    34.6929      
# span 22 =    7.70742,    8.22704      
# span 23 =         13,         50      
# span 24 = 0.0000e+00, 0.0000e+00      
# interval = decibars: 1                
# start_time = Nov 23 2021 06:30:17 [NMEA time, header]
# bad_flag = -9.990e-29
*END*
[from data line 638]
     97.000     96.037    -0.1555  28.417168    -0.1679  28.403192     6.1774     6.0179     0.0963    99.2077 1.0000e-12  -63.76768  -62.86102 327.293000      99.98 2.8206e+01   1898.224      45558  1028.0064  1028.0037    34.2927    34.2880    8.08273         15 0.0000e+00
     96.000     95.044    -0.1949  28.376532    -0.2235  28.347451     6.1825     6.0222     0.1021    99.1975 1.0000e-12  -63.76768  -62.86102 327.293007      99.98 2.8206e+01   1898.821      45573  1027.9973  1027.9943    34.2835    34.2769    8.09160         15 0.0000e+00
     95.000     94.056    -0.2468  28.325230    -0.2624  28.309334     6.1913     6.0272     0.1063    99.1944 1.0000e-12  -63.76768  -62.86102 327.293015      99.99 2.8206e+01   1899.471      45588  1027.9889  1027.9871    34.2740    34.2704    8.10316         17 0.0000e+00
     94.000     93.065    -0.2272  28.345726    -0.2368  28.333972     6.1411     6.0128     0.1310    99.1781 1.0000e-12  -63.76768  -62.86101 327.293035      99.98 2.8206e+01   1901.215      45630  1027.9868  1027.9836    34.2800    34.2751    8.09867         32 0.0000e+00
     93.000     92.075    -0.1928  28.377655    -0.2041  28.365827     6.1256     6.0204     0.1342    99.1772 1.0000e-12  -63.76768  -62.86100 327.293081      99.98 2.8206e+01   1905.193      45726  1027.9824  1027.9807    34.2844    34.2814    8.09110         32 0.0000e+00
     92.000     91.087    -0.2401  28.331828    -0.2339  28.336282     6.1776     6.0513     0.1238    99.1793 1.0000e-12  -63.76768  -62.86100 327.293098      99.98 2.8206e+01   1906.689      45762  1027.9755  1027.9738    34.2771    34.2761    8.10156         37 0.0000e+00
     91.000     90.096    -0.2577  28.314186    -0.2231  28.348420     6.3203     6.1788     0.1513    99.1754 1.0000e-12  -63.76768  -62.86101 327.293124      99.98 2.8206e+01   1908.940      45816  1027.9688  1027.9717    34.2740    34.2808    8.10547         38 0.0000e+00
     90.000     89.107    -0.2964  28.273102    -0.2673  28.300493     6.7124     6.4346     0.1304    99.1628 1.0000e-12  -63.76768  -62.86102 327.293137      99.98 2.8206e+01   1910.066      45843  1027.9582  1027.9592    34.2632    34.2671    8.11432         21 0.0000e+00
     89.000     88.117    -0.4107  28.157472    -0.4297  28.133371     6.8596     6.4947     0.1216    99.1474 1.0000e-12  -63.76768  -62.86102 327.293146      99.98 2.8206e+01   1910.830      45861  1027.9415  1027.9343    34.2378    34.2268    8.14022         17 0.0000e+00
     88.000     87.126    -0.5437  28.020257    -0.6020  27.962295     6.8285     6.5073     0.1203    99.1128 1.0000e-12  -63.76768  -62.86102 327.293154      99.98 2.8206e+01   1911.537      45878  1027.9189  1027.9135    34.2041    34.1919    8.17074         17 0.0000e+00
     87.000     86.136    -0.6560  27.908500    -0.6691  27.893195     6.7949     6.5463     0.1578    99.0503 1.0000e-12  -63.76768  -62.86102 327.293164      99.98 2.8206e+01   1912.350      45897  1027.9026  1027.8988    34.1809    34.1750    8.19634         23 0.0000e+00
     86.000     85.147    -0.5514  28.017478    -0.5423  28.026818     6.6851     6.4691     0.2037    98.9693 1.0000e-12  -63.76768  -62.86101 327.293196      99.98 2.8911e+01   1915.150      45965  1027.9114  1027.9128    34.2103    34.2125    8.17206         34 0.0000e+00
     85.000     84.157    -0.4405  28.126503    -0.4404  28.124733     6.7600     6.5437     0.1944    99.0098 1.0000e-12  -63.76768  -62.86102 327.293244      99.98 2.9983e+01   1919.303      46064  1027.9143  1027.9128    34.2323    34.2299    8.14690         23 0.0000e+00
     84.000     83.166    -0.5598  28.005304    -0.5840  27.976570     6.8339     6.5952     0.1534    99.0141 1.0000e-12  -63.76768  -62.86102 327.293253      99.98 2.9969e+01   1920.086      46083  1027.8961  1027.8891    34.2046    34.1933    8.17417         17 0.0000e+00
     83.000     82.178    -0.6402  27.920875    -0.6582  27.902738     6.8970     6.6149     0.1535    98.9669 1.0000e-12  -63.76768  -62.86102 327.293261      99.98 2.9376e+01   1920.756      46099  1027.8789  1027.8770    34.1822    34.1781    8.19284         15 0.0000e+00
     82.000     81.187    -0.6735  27.887679    -0.6766  27.882707     6.9380     6.6227     0.1623    98.9145 1.0000e-12  -63.76768  -62.86102 327.293269      99.98 2.9320e+01   1921.453      46116  1027.8705  1027.8684    34.1756    34.1725    8.20043         19 0.0000e+00
     81.000     80.198    -0.6494  27.912592    -0.6337  27.925082     6.7863     6.5753     0.1936    98.8590 1.0000e-12  -63.76768  -62.86101 327.293297      99.98 2.9551e+01   1923.824      46173  1027.8685  1027.8668    34.1826    34.1818    8.19483         30 0.0000e+00
     80.000     79.208    -0.5762  27.987233    -0.5877  27.974294     6.6479     6.5515     0.1888    98.8891 1.0000e-12  -63.76768  -62.86100 327.293353      99.98 2.9970e+01   1928.678      46289  1027.8719  1027.8695    34.2013    34.1968    8.17790         39 0.0000e+00
     79.000     78.217    -0.6033  27.959674    -0.6209  27.938825     6.7984     6.6343     0.2622    98.8233 1.0000e-12  -63.76768  -62.86100 327.293382      99.98 2.9969e+01   1931.239      46351  1027.8640  1027.8589    34.1953    34.1872    8.18409         34 0.0000e+00
     78.000     77.228    -0.6667  27.891415    -0.6612  27.895736     6.9292     6.7220     0.2321    98.8146 1.0000e-12  -63.76768  -62.86101 327.293400      99.98 2.9969e+01   1932.800      46388  1027.8476  1027.8470    34.1755    34.1751    8.19898         28 0.0000e+00
     77.000     76.238    -0.6950  27.861366    -0.6872  27.867366     6.9402     6.7365     0.2005    98.7691 1.0000e-12  -63.76768  -62.86102 327.293413      99.98 2.9969e+01   1933.868      46414  1027.8380  1027.8369    34.1675    34.1668    8.20557         25 0.0000e+00
     76.000     75.248    -0.7119  27.838508    -0.7102  27.838579     6.9906     6.7689     0.2394    98.5172 1.0000e-12  -63.76768  -62.86103 327.293487      99.98 2.9969e+01   1940.293      46568  1027.8243  1027.8227    34.1563    34.1546    8.20989         38 0.0000e+00
     75.000     74.258    -0.7546  27.741459    -0.7540  27.741225     7.5836     7.3280     0.4061    97.4703 1.0000e-12  -63.76770  -62.86104 327.293878      99.98 3.1567e+01   1974.028      47378  1027.7528  1027.7518    34.0739    34.0729    8.22398         26 0.0000e+00
     74.000     73.267    -0.7585  27.731206    -0.7580  27.731436     7.6028     7.3574     0.4539    97.4232 1.0000e-12  -63.76770  -62.86103 327.293887      99.98 3.1670e+01   1974.863      47398  1027.7411  1027.7408    34.0651    34.0648    8.22534         35 0.0000e+00
     73.000     72.278    -0.7613  27.721413    -0.7611  27.722642     7.5819     7.4120     0.4978    97.2310 1.0000e-12  -63.76769  -62.86102 327.293944      99.97 3.1677e+01   1979.730      47515  1027.7286  1027.7296    34.0555    34.0570    8.22650         32 0.0000e+00
     72.000     71.289    -0.7577  27.726610    -0.7588  27.722069     7.6008     7.4318     0.4570    97.1859 1.0000e-12  -63.76770  -62.86102 327.293965      99.97 3.1731e+01   1981.537      47558  1027.7263  1027.7225    34.0591    34.0543    8.22550         25 0.0000e+00
     71.000     70.297    -0.7579  27.720705    -0.7573  27.717299     7.6400     7.4414     0.5317    96.9552 1.0000e-12  -63.76770  -62.86102 327.293989      99.98 3.1732e+01   1983.690      47610  1027.7158  1027.7115    34.0519    34.0467    8.22596         40 0.0000e+00
     70.000     69.309    -0.7569  27.716418    -0.7569  27.716325     7.6155     7.4744     0.5544    96.9153 1.0000e-12  -63.76769  -62.86102 327.294042      99.97 3.1732e+01   1988.198      47718  1027.7058  1027.7057    34.0456    34.0455    8.22611         44 0.0000e+00
     69.000     68.319    -0.7542  27.717933    -0.7545  27.717906     7.6663     7.5218     0.5448    96.7029 1.8008e-04  -63.76770  -62.86102 327.294061      99.98 3.1732e+01   1989.839      47757  1027.7005  1027.7008    34.0453    34.0456    8.22555         35 0.0000e+00
     68.000     67.328    -0.7440  27.720199    -0.7386  27.719434     7.8145     7.5953     0.7539    95.6931 2.0682e-03  -63.76770  -62.86102 327.294088      99.97 3.1732e+01   1992.177      47813  1027.6887  1027.6826    34.0375    34.0303    8.22378         49 0.0000e+00
     67.000     66.338    -0.7108  27.729495    -0.7197  27.724783     7.9178     7.6544     0.8291    95.0978 6.0631e-03  -63.76770  -62.86102 327.294116      99.97 3.1732e+01   1994.635      47872  1027.6622  1027.6658    34.0132    34.0169    8.21795         45 0.0000e+00
     66.000     65.347    -0.7182  27.727211    -0.7248  27.723601     7.9093     7.7102     0.7066    95.2191 1.2049e-02  -63.76770  -62.86102 327.294182      99.97 3.1732e+01   2000.320      48009  1027.6632  1027.6655    34.0191    34.0216    8.21922         39 0.0000e+00
     65.000     64.359    -0.6224  27.781551    -0.6243  27.778787     8.0245     7.8402     0.8663    93.5856 1.6827e-02  -63.76771  -62.86100 327.294387      99.97 3.2007e+01   2018.021      48434  1027.6262  1027.6249    33.9853    33.9837    8.20038         34 0.0000e+00
     64.000     63.368    -0.5384  27.831334    -0.5409  27.828510     8.1925     8.0358     1.1461    92.0031 2.3100e-02  -63.76772  -62.86096 327.294681      99.97 3.3349e+01   2043.442      49044  1027.5971  1027.5962    33.9587    33.9577    8.18373         27 0.0000e+00
     63.000     62.378    -0.5316  27.834951    -0.5289  27.834770     8.1738     8.0442     1.2909    91.8690 3.0352e-02  -63.76772  -62.86096 327.294700      99.97 3.3487e+01   2045.060      49082  1027.5901  1027.5870    33.9565    33.9532    8.18238         39 0.0000e+00
     62.000     61.388    -0.5313  27.834717    -0.5290  27.834426     8.2039     8.0472     1.3736    91.8777 3.9737e-02  -63.76774  -62.86094 327.294742      99.97 3.3495e+01   2048.712      49170  1027.5854  1027.5827    33.9565    33.9536    8.18231         33 0.0000e+00
     61.000     60.399    -0.5267  27.836568    -0.5282  27.834269     8.2364     8.0543     1.2553    91.8765 4.4884e-02  -63.76774  -62.86095 327.294767      99.97 3.3495e+01   2050.828      49221  1027.5786  1027.5775    33.9544    33.9530    8.18143         33 0.0000e+00
     60.000     59.409    -0.5267  27.835737    -0.5258  27.834604     8.2111     8.0615     1.2054    91.7987 5.0037e-02  -63.76774  -62.86095 327.294780      99.97 3.3495e+01   2051.972      49248  1027.5735  1027.5713    33.9539    33.9514    8.18147         26 0.0000e+00
     59.000     58.417    -0.5245  27.835951    -0.5245  27.834552     8.2160     8.0623     1.2437    91.6799 5.7717e-02  -63.76774  -62.86096 327.294792      99.97 3.3495e+01   2053.049      49274  1027.5673  1027.5657    33.9523    33.9505    8.18108         26 0.0000e+00
     58.000     57.428    -0.5255  27.834685    -0.5260  27.832983     8.2154     8.0601     1.3515    91.6743 6.8996e-02  -63.76774  -62.86094 327.294808      99.97 3.3156e+01   2054.380      49306  1027.5626  1027.5612    33.9523    33.9507    8.18129         37 0.0000e+00
     57.000     56.439    -0.5252  27.834831    -0.5256  27.833253     8.2245     8.0604     1.3534    91.6991 8.2137e-02  -63.76774  -62.86093 327.294853      99.97 3.2905e+01   2058.276      49400  1027.5583  1027.5569    33.9529    33.9512    8.18121         37 0.0000e+00
     56.000     55.449    -0.5246  27.834523    -0.5247  27.832991     8.1926     8.0615     1.2079    91.6868 8.9702e-02  -63.76774  -62.86094 327.294882      99.97 3.3507e+01   2060.806      49460  1027.5531  1027.5515    33.9524    33.9504    8.18110         21 0.0000e+00
     55.000     54.458    -0.5234  27.834814    -0.5228  27.834050     8.2263     8.0600     1.1491    91.6729 1.0055e-01  -63.76774  -62.86093 327.294891      99.97 3.3495e+01   2061.587      49479  1027.5479  1027.5465    33.9520    33.9503    8.18086         19 0.0000e+00
     54.000     53.469    -0.5232  27.834488    -0.5230  27.833226     8.2322     8.0696     1.2163    91.6801 1.1380e-01  -63.76774  -62.86092 327.294901      99.97 3.3495e+01   2062.487      49501  1027.5432  1027.5416    33.9520    33.9501    8.18082         26 0.0000e+00
     53.000     52.478    -0.5235  27.833815    -0.5231  27.832767     8.2119     8.0712     1.3594    91.6935 1.3006e-01  -63.76774  -62.86091 327.294920      99.97 3.3495e+01   2064.068      49539  1027.5384  1027.5369    33.9521    33.9502    8.18089         30 0.0000e+00
     52.000     51.489    -0.5240  27.832948    -0.5235  27.831943     8.2162     8.0702     1.4032    91.6475 1.4773e-01  -63.76774  -62.86088 327.294963      99.97 3.3495e+01   2067.831      49629  1027.5337  1027.5322    33.9521    33.9502    8.18099         42 0.0000e+00
     51.000     50.498    -0.5239  27.832529    -0.5230  27.831847     8.2108     8.0676     1.2936    91.6807 1.6104e-01  -63.76774  -62.86089 327.294991      99.97 3.3495e+01   2070.189      49686  1027.5289  1027.5273    33.9520    33.9501    8.18098         36 0.0000e+00
     50.000     49.509    -0.5234  27.832341    -0.5238  27.830676     8.2140     8.0679     1.2459    91.6287 1.7814e-01  -63.76774  -62.86090 327.295005      99.97 3.3495e+01   2071.422      49715  1027.5239  1027.5225    33.9518    33.9500    8.18088         27 0.0000e+00
     49.000     48.518    -0.5250  27.830361    -0.5273  27.826894     8.2206     8.0697     1.1926    91.6523 1.9886e-01  -63.76774  -62.86089 327.295018      99.97 3.3495e+01   2072.521      49742  1027.5191  1027.5176    33.9516    33.9495    8.18125         27 0.0000e+00
     48.000     47.528    -0.5268  27.828540    -0.5270  27.826785     8.2347     8.0725     1.3090    91.6823 2.2195e-01  -63.76774  -62.86087 327.295040      99.97 3.3495e+01   2074.497      49789  1027.5145  1027.5129    33.9517    33.9496    8.18161         37 0.0000e+00
     47.000     46.538    -0.5270  27.827731    -0.5269  27.826437     8.1798     8.0693     1.3292    91.7261 2.3536e-01  -63.76774  -62.86087 327.295078      99.97 3.3495e+01   2077.775      49868  1027.5096  1027.5080    33.9515    33.9496    8.18168         31 0.0000e+00
     46.000     45.548    -0.5283  27.826172    -0.5285  27.824509     8.2191     8.0716     1.2204    91.7259 2.5986e-01  -63.76774  -62.86088 327.295091      99.97 3.3495e+01   2078.890      49894  1027.5049  1027.5032    33.9515    33.9494    8.18196         26 0.0000e+00
     45.000     44.558    -0.5299  27.824246    -0.5303  27.822498     8.2222     8.0791     1.2433    91.7189 2.9162e-01  -63.76774  -62.86088 327.295105      99.97 3.3495e+01   2080.075      49923  1027.5000  1027.4984    33.9512    33.9493    8.18231         32 0.0000e+00
     44.000     43.567    -0.5307  27.823034    -0.5298  27.822476     8.2184     8.0708     1.3618    91.7155 3.2472e-01  -63.76775  -62.86088 327.295139      99.97 3.3495e+01   2082.985      49993  1027.4951  1027.4936    33.9511    33.9494    8.18249         26 0.0000e+00
     43.000     42.578    -0.5320  27.821431    -0.5319  27.820058     8.2252     8.0650     1.3547    91.6947 3.5498e-01  -63.76776  -62.86086 327.295166      99.97 3.3495e+01   2085.325      50049  1027.4904  1027.4888    33.9511    33.9492    8.18278         43 0.0000e+00
     42.000     41.587    -0.5314  27.821419    -0.5314  27.820117     8.2059     8.0694     1.4319    91.7159 3.8143e-01  -63.76776  -62.86088 327.295197      99.97 3.3495e+01   2088.012      50113  1027.4855  1027.4841    33.9510    33.9493    8.18266         37 0.0000e+00
     41.000     40.599    -0.5312  27.821267    -0.5311  27.819865     8.2157     8.0743     1.3223    91.6658 4.1545e-01  -63.76776  -62.86086 327.295229      99.97 3.3495e+01   2090.747      50179  1027.4807  1027.4792    33.9511    33.9492    8.18259         40 0.0000e+00
