NBP2113_155081_ctd/data/nbp2113_036.cnv
* Sea-Bird SBE 9 Data File:
* FileName = D:\Data\raw\NBP2113_036.hex
* Software Version Seasave V 7.26.7.121
* Temperature SN = 2438
* Conductivity SN = 2067
* Number of Bytes Per Scan = 40
* Number of Voltage Words = 5
* Number of Scans Averaged by the Deck Unit = 1
* NMEA Latitude = 64 56.01 S
* NMEA Longitude = 064 24.02 W
* NMEA UTC (Time) = Dec 09 2021  08:52:43
* NMEA baud rate = 9600
** Ship: RVIB N.B. Palmer
** Cruise: NBP2113 LTER
** Station: 600.040
** Operator: B. Urmston
# nquan = 25
# nvalues = 2636                        
# units = specified
# name 0 = prDM: Pressure, Digiquartz [db]
# name 1 = depSM: Depth [salt water, m]
# name 2 = t090C: Temperature [ITS-90, deg C]
# name 3 = c0mS/cm: Conductivity [mS/cm]
# name 4 = t190C: Temperature, 2 [ITS-90, deg C]
# name 5 = c1mS/cm: Conductivity, 2 [mS/cm]
# name 6 = sbeox0ML/L: Oxygen, SBE 43 [ml/l]
# name 7 = sbeox1ML/L: Oxygen, SBE 43, 2 [ml/l]
# name 8 = flECO-AFL: Fluorescence, WET Labs ECO-AFL/FL [mg/m^3]
# name 9 = CStarTr0: Beam Transmission, WET Labs C-Star [%]
# name 10 = par: PAR/Irradiance, Biospherical/Licor
# name 11 = latitude: Latitude [deg]
# name 12 = longitude: Longitude [deg]
# name 13 = timeJ: Julian Days
# name 14 = altM: Altimeter [m]
# name 15 = spar: SPAR, Biospherical/Licor
# name 16 = timeS: Time, Elapsed [seconds]
# name 17 = scan: Scan Count
# name 18 = density00: Density [density, kg/m^3]
# name 19 = density11: Density, 2 [density, kg/m^3]
# name 20 = sal00: Salinity, Practical [PSU]
# name 21 = sal11: Salinity, Practical, 2 [PSU]
# name 22 = oxsolML/L: Oxygen Saturation, Garcia & Gordon [ml/l]
# name 23 = nbin: number of scans per bin
# name 24 = flag: flag
# span 0 =      1.000,   1321.000       
# span 1 =      0.991,   1303.919       
# span 2 =    -0.9824,     1.4953       
# span 3 =  27.143103,  30.665300       
# span 4 =    -0.9815,     1.4953       
# span 5 =  27.141909,  30.664082       
# span 6 =     4.0305,     9.1074       
# span 7 =     4.0848,     9.8278       
# span 8 =    -0.0225,     1.6711       
# span 9 =    87.6167,    95.7305       
# span 10 = -8.325e-06, 3.5589e+02      
# span 11 =  -64.93360,  -64.93348      
# span 12 =  -64.40046,  -64.39930      
# span 13 = 343.373968, 343.421022      
# span 14 =       7.62,     101.38      
# span 15 = 1.0570e+02, 2.6975e+02      
# span 16 =    347.870,   4413.284      
# span 17 =       8350,     105920      
# span 18 =  1026.9977,  1033.9040      
# span 19 =  1026.9967,  1033.9031      
# span 20 =    33.5538,    34.6777      
# span 21 =    33.5516,    34.6766      
# span 22 =    7.72533,    8.30415      
# span 23 =          8,         47      
# span 24 = 0.0000e+00, 0.0000e+00      
# interval = decibars: 1                
# start_time = Dec 09 2021 08:52:43 [NMEA time, header]
# bad_flag = -9.990e-29
*END*
[from data line 1392]
   1244.000   1228.141     1.4889  30.627439     1.4889  30.626445     4.0454     4.0961    -0.0020    95.4380 1.0000e-12  -64.93350  -64.39962 343.399517      83.30 1.3927e+02   2555.261      61327  1033.5507  1033.5497    34.6774    34.6762    7.72660         18 0.0000e+00
   1243.000   1227.152     1.4888  30.626931     1.4888  30.625959     4.0424     4.0970    -0.0087    95.4448 1.0000e-12  -64.93350  -64.39964 343.399525      84.25 1.3927e+02   2556.000      61345  1033.5460  1033.5451    34.6773    34.6761    7.72661         18 0.0000e+00
   1242.000   1226.171     1.4888  30.626430     1.4887  30.625458     4.0423     4.0978    -0.0102    95.4506 1.0000e-12  -64.93351  -64.39964 343.399535      85.20 1.3927e+02   2556.792      61364  1033.5414  1033.5406    34.6773    34.6762    7.72662         20 0.0000e+00
   1241.000   1225.185     1.4886  30.625954     1.4887  30.624962     4.0438     4.0963    -0.0091    95.4421 1.0000e-12  -64.93351  -64.39964 343.399546      86.36 1.3927e+02   2557.742      61387  1033.5369  1033.5358    34.6774    34.6761    7.72665         26 0.0000e+00
   1240.000   1224.202     1.4887  30.625447     1.4887  30.624531     4.0448     4.0954     0.0007    95.4549 1.0000e-12  -64.93350  -64.39964 343.399559      87.58 1.3927e+02   2558.922      61415  1033.5322  1033.5312    34.6772    34.6760    7.72664         30 0.0000e+00
   1239.000   1223.216     1.4885  30.624948     1.4884  30.623965     4.0518     4.0952     0.0059    95.4595 1.0000e-12  -64.93350  -64.39964 343.399574      88.86 1.3927e+02   2560.212      61446  1033.5277  1033.5268    34.6774    34.6762    7.72668         32 0.0000e+00
   1238.000   1222.234     1.4884  30.624519     1.4884  30.623468     4.0450     4.1001    -0.0024    95.4536 1.0000e-12  -64.93350  -64.39962 343.399596      90.19 1.3874e+02   2562.063      61491  1033.5231  1033.5221    34.6774    34.6761    7.72668         38 0.0000e+00
   1237.000   1221.249     1.4884  30.624013     1.4884  30.623054     4.0495     4.1008    -0.0037    95.4359 1.0000e-12  -64.93350  -64.39962 343.399624      90.91 1.3741e+02   2564.472      61548  1033.5185  1033.5175    34.6774    34.6761    7.72669         32 0.0000e+00
   1236.000   1220.264     1.4883  30.623555     1.4882  30.622512     4.0474     4.1010    -0.0099    95.4470 1.0000e-12  -64.93350  -64.39962 343.399634      91.71 1.3750e+02   2565.404      61571  1033.5140  1033.5130    34.6774    34.6762    7.72671         20 0.0000e+00
   1235.000   1219.282     1.4882  30.623001     1.4881  30.621994     4.0438     4.0991    -0.0014    95.4651 1.0000e-12  -64.93350  -64.39962 343.399643      92.57 1.3750e+02   2566.141      61588  1033.5093  1033.5084    34.6773    34.6762    7.72673         16 0.0000e+00
   1234.000   1218.293     1.4881  30.622482     1.4881  30.621507     4.0435     4.0999    -0.0064    95.4759 1.0000e-12  -64.93350  -64.39962 343.399650      93.37 1.3750e+02   2566.808      61604  1033.5047  1033.5037    34.6773    34.6761    7.72675         15 0.0000e+00
   1233.000   1217.310     1.4881  30.622120     1.4882  30.621113     4.0491     4.0989    -0.0116    95.4560 1.0000e-12  -64.93350  -64.39962 343.399658      93.97 1.3750e+02   2567.461      61620  1033.5002  1033.4991    34.6774    34.6761    7.72674         17 0.0000e+00
   1232.000   1216.329     1.4880  30.621649     1.4880  30.620627     4.0500     4.0988    -0.0027    95.4382 1.0000e-12  -64.93350  -64.39962 343.399666      95.55 1.3658e+02   2568.154      61637  1033.4956  1033.4945    34.6775    34.6762    7.72676         17 0.0000e+00
   1231.000   1215.341     1.4880  30.621136     1.4879  30.620051     4.0514     4.1015    -0.0016    95.4462 1.0000e-12  -64.93350  -64.39962 343.399676      98.57 1.3577e+02   2568.991      61657  1033.4909  1033.4900    34.6774    34.6761    7.72677         24 0.0000e+00
   1230.000   1214.358     1.4880  30.620647     1.4879  30.619637     4.0446     4.0993    -0.0076    95.4505 1.0000e-12  -64.93350  -64.39962 343.399695      80.45 1.3503e+02   2570.609      61696  1033.4862  1033.4853    34.6773    34.6761    7.72677         40 0.0000e+00
   1229.000   1213.372     1.4877  30.620017     1.4877  30.619027     4.0397     4.1021    -0.0073    95.4421 1.0000e-12  -64.93350  -64.39962 343.399727      99.75 1.3398e+02   2573.430      61763  1033.4817  1033.4808    34.6773    34.6761    7.72682         36 0.0000e+00
   1228.000   1212.389     1.4877  30.619634     1.4877  30.618602     4.0442     4.0995    -0.0113    95.4399 1.0000e-12  -64.93350  -64.39963 343.399743      99.93 1.3398e+02   2574.820      61797  1033.4771  1033.4762    34.6774    34.6762    7.72682         25 0.0000e+00
   1227.000   1211.405     1.4877  30.619149     1.4876  30.618163     4.0451     4.0990    -0.0047    95.4418 1.0000e-12  -64.93350  -64.39964 343.399754      99.97 1.3380e+02   2575.739      61819  1033.4725  1033.4717    34.6773    34.6762    7.72683         20 0.0000e+00
   1226.000   1210.420     1.4876  30.618669     1.4874  30.617686     4.0434     4.0961    -0.0061    95.4664 1.0000e-12  -64.93350  -64.39964 343.399763      99.97 1.3320e+02   2576.520      61837  1033.4680  1033.4671    34.6774    34.6763    7.72685         18 0.0000e+00
   1225.000   1209.437     1.4875  30.618122     1.4875  30.617109     4.0506     4.0983    -0.0086    95.4684 1.0000e-12  -64.93350  -64.39964 343.399771      99.97 1.3222e+02   2577.230      61855  1033.4634  1033.4624    34.6773    34.6761    7.72687         16 0.0000e+00
   1224.000   1208.451     1.4875  30.617649     1.4874  30.616766     4.0479     4.1003    -0.0095    95.4619 1.0000e-12  -64.93350  -64.39963 343.399779      99.98 1.3222e+02   2577.903      61871  1033.4587  1033.4579    34.6773    34.6762    7.72688         16 0.0000e+00
   1223.000   1207.466     1.4874  30.617198     1.4874  30.616232     4.0508     4.0980    -0.0085    95.4707 1.0000e-12  -64.93350  -64.39962 343.399787      99.97 1.3222e+02   2578.597      61887  1033.4542  1033.4533    34.6773    34.6762    7.72688         18 0.0000e+00
   1222.000   1206.483     1.4873  30.616659     1.4873  30.615644     4.0503     4.0974    -0.0023    95.4810 1.0000e-12  -64.93350  -64.39962 343.399796      99.97 1.3222e+02   2579.417      61907  1033.4495  1033.4486    34.6773    34.6760    7.72691         23 0.0000e+00
   1221.000   1205.498     1.4873  30.616230     1.4872  30.615237     4.0460     4.0990    -0.0049    95.4624 1.0000e-12  -64.93352  -64.39960 343.399826      99.97 1.3093e+02   2581.999      61969  1033.4450  1033.4440    34.6773    34.6762    7.72691         34 0.0000e+00
   1220.000   1204.514     1.4873  30.615753     1.4873  30.614712     4.0484     4.0994     0.0015    95.4422 1.0000e-12  -64.93350  -64.39962 343.399852      99.97 1.2863e+02   2584.184      62021  1033.4403  1033.4393    34.6773    34.6759    7.72692         21 0.0000e+00
   1219.000   1203.529     1.4872  30.615259     1.4871  30.614214     4.0495     4.1008    -0.0101    95.4543 1.0000e-12  -64.93350  -64.39962 343.399861      99.97 1.2869e+02   2584.967      62040  1033.4357  1033.4348    34.6773    34.6760    7.72693         19 0.0000e+00
   1218.000   1202.544     1.4871  30.614794     1.4871  30.613873     4.0367     4.1006    -0.0021    95.4380 1.0000e-12  -64.93350  -64.39962 343.399869      99.98 1.2869e+02   2585.724      62058  1033.4312  1033.4303    34.6773    34.6762    7.72694         18 0.0000e+00
   1217.000   1201.561     1.4869  30.614175     1.4868  30.613169     4.0404     4.0977    -0.0060    95.4499 1.0000e-12  -64.93350  -64.39962 343.399879      99.97 1.2869e+02   2586.566      62079  1033.4267  1033.4257    34.6773    34.6761    7.72699         23 0.0000e+00
   1216.000   1200.575     1.4867  30.613556     1.4867  30.612674     4.0463     4.0984    -0.0049    95.4607 1.0000e-12  -64.93350  -64.39962 343.399892      99.97 1.2869e+02   2587.671      62105  1033.4220  1033.4211    34.6772    34.6762    7.72702         31 0.0000e+00
   1215.000   1199.592     1.4868  30.613176     1.4868  30.612224     4.0470     4.0981    -0.0140    95.4600 1.0000e-12  -64.93350  -64.39962 343.399908      99.97 1.2869e+02   2589.027      62138  1033.4174  1033.4165    34.6772    34.6761    7.72701         29 0.0000e+00
   1214.000   1198.607     1.4866  30.612602     1.4866  30.611620     4.0541     4.0987    -0.0118    95.4688 1.0000e-12  -64.93350  -64.39962 343.399919      99.97 1.2869e+02   2590.040      62162  1033.4128  1033.4118    34.6772    34.6760    7.72705         21 0.0000e+00
   1213.000   1197.623     1.4865  30.612083     1.4865  30.611082     4.0489     4.1015    -0.0080    95.4802 1.0000e-12  -64.93350  -64.39962 343.399929      99.97 1.2764e+02   2590.855      62182  1033.4083  1033.4072    34.6773    34.6759    7.72707         19 0.0000e+00
   1212.000   1196.638     1.4865  30.611617     1.4865  30.610678     4.0440     4.1031    -0.0037    95.4675 1.0000e-12  -64.93350  -64.39962 343.399938      99.97 1.2693e+02   2591.641      62200  1033.4036  1033.4026    34.6772    34.6761    7.72708         20 0.0000e+00
   1211.000   1195.653     1.4864  30.611235     1.4864  30.610147     4.0527     4.0973    -0.0177    95.4789 1.0000e-12  -64.93351  -64.39961 343.399948      99.97 1.2693e+02   2592.512      62221  1033.3991  1033.3980    34.6773    34.6760    7.72708         23 0.0000e+00
   1210.000   1194.671     1.4865  30.610720     1.4864  30.609793     4.0502     4.0981    -0.0021    95.4586 1.0000e-12  -64.93352  -64.39960 343.399965      99.97 1.2693e+02   2593.977      62256  1033.3944  1033.3935    34.6772    34.6761    7.72708         33 0.0000e+00
   1209.000   1193.683     1.4863  30.610221     1.4862  30.609140     4.0437     4.0974    -0.0055    95.4378 1.0000e-12  -64.93350  -64.39960 343.400005      99.97 1.2693e+02   2597.409      62339  1033.3898  1033.3888    34.6772    34.6760    7.72710         35 0.0000e+00
   1208.000   1192.701     1.4863  30.609729     1.4862  30.608764     4.0485     4.0989    -0.0143    95.4478 1.0000e-12  -64.93350  -64.39962 343.400020      99.98 1.2693e+02   2598.768      62371  1033.3852  1033.3842    34.6772    34.6760    7.72711         24 0.0000e+00
   1207.000   1191.717     1.4862  30.609385     1.4861  30.608385     4.0509     4.0974    -0.0104    95.4590 1.0000e-12  -64.93350  -64.39962 343.400030      99.97 1.2693e+02   2599.579      62391  1033.3807  1033.3798    34.6774    34.6762    7.72712         16 0.0000e+00
   1206.000   1190.730     1.4863  30.609043     1.4863  30.608076     4.0458     4.0971    -0.0124    95.4581 1.0000e-12  -64.93350  -64.39964 343.400037      99.98 1.2693e+02   2600.197      62406  1033.3761  1033.3751    34.6774    34.6762    7.72710         14 0.0000e+00
   1205.000   1189.748     1.4864  30.608692     1.4863  30.607646     4.0455     4.0982    -0.0116    95.4597 1.0000e-12  -64.93350  -64.39964 343.400043      99.98 1.2693e+02   2600.754      62419  1033.3715  1033.3705    34.6773    34.6762    7.72708         13 0.0000e+00
   1204.000   1188.761     1.4864  30.608289     1.4864  30.607242     4.0501     4.0980    -0.0122    95.4404 1.0000e-12  -64.93350  -64.39964 343.400050      99.97 1.2693e+02   2601.278      62432  1033.3669  1033.3659    34.6774    34.6761    7.72708         13 0.0000e+00
   1203.000   1187.779     1.4863  30.607737     1.4863  30.606741     4.0466     4.0965    -0.0030    95.4304 1.0000e-12  -64.93350  -64.39963 343.400056      99.97 1.2693e+02   2601.812      62444  1033.3623  1033.3613    34.6773    34.6761    7.72710         13 0.0000e+00
   1202.000   1186.792     1.4862  30.607108     1.4860  30.606113     4.0455     4.0946     0.0051    95.4145 1.0000e-12  -64.93350  -64.39962 343.400062      99.97 1.2693e+02   2602.393      62458  1033.3576  1033.3567    34.6772    34.6762    7.72713         15 0.0000e+00
   1201.000   1185.809     1.4860  30.606475     1.4860  30.605559     4.0519     4.0950     0.0009    95.4122 1.0000e-12  -64.93350  -64.39962 343.400071      99.97 1.2693e+02   2603.143      62476  1033.3530  1033.3521    34.6772    34.6760    7.72718         22 0.0000e+00
   1200.000   1184.824     1.4861  30.606051     1.4860  30.605145     4.0483     4.1011    -0.0065    95.4084 1.0000e-12  -64.93350  -64.39960 343.400122      99.97 1.2693e+02   2607.561      62582  1033.3483  1033.3475    34.6771    34.6761    7.72716         21 0.0000e+00
   1199.000   1183.841     1.4859  30.605659     1.4858  30.604717     4.0486     4.0973    -0.0011    95.4137 1.0000e-12  -64.93350  -64.39962 343.400140      99.97 1.2693e+02   2609.100      62619  1033.3439  1033.3430    34.6774    34.6762    7.72719         18 0.0000e+00
   1198.000   1182.855     1.4860  30.605311     1.4859  30.604281     4.0488     4.0985    -0.0021    95.4257 1.0000e-12  -64.93350  -64.39962 343.400148      99.97 1.2693e+02   2609.829      62637  1033.3393  1033.3383    34.6773    34.6761    7.72717         17 0.0000e+00
   1197.000   1181.871     1.4858  30.604646     1.4857  30.603816     4.0479     4.0991    -0.0045    95.4234 1.0000e-12  -64.93350  -64.39962 343.400157      99.97 1.2693e+02   2610.529      62654  1033.3346  1033.3339    34.6772    34.6763    7.72721         16 0.0000e+00
   1196.000   1180.886     1.4856  30.603991     1.4855  30.603012     4.0445     4.1013    -0.0110    95.4201 1.0000e-12  -64.93350  -64.39962 343.400164      99.97 1.2693e+02   2611.195      62670  1033.3300  1033.3291    34.6772    34.6761    7.72725         16 0.0000e+00
   1195.000   1179.900     1.4853  30.603434     1.4854  30.602466     4.0471     4.1021    -0.0041    95.4170 1.0000e-12  -64.93350  -64.39962 343.400172      99.97 1.2693e+02   2611.848      62685  1033.3255  1033.3245    34.6773    34.6760    7.72730         16 0.0000e+00
   1194.000   1178.918     1.4853  30.602917     1.4852  30.601969     4.0439     4.1015    -0.0034    95.4390 1.0000e-12  -64.93350  -64.39962 343.400180      99.97 1.2693e+02   2612.529      62702  1033.3209  1033.3199    34.6772    34.6761    7.72731         17 0.0000e+00
   1193.000   1177.930     1.4852  30.602382     1.4850  30.601251     4.0397     4.1032    -0.0104    95.4492 1.0000e-12  -64.93350  -64.39962 343.400188      99.97 1.2693e+02   2613.259      62719  1033.3162  1033.3153    34.6772    34.6760    7.72733         18 0.0000e+00
   1192.000   1176.948     1.4850  30.601917     1.4849  30.600832     4.0475     4.1029    -0.0042    95.4391 1.0000e-12  -64.93350  -64.39962 343.400198      99.97 1.2693e+02   2614.131      62740  1033.3118  1033.3108    34.6774    34.6761    7.72736         24 0.0000e+00
   1191.000   1175.963     1.4852  30.601624     1.4849  30.600418     4.0486     4.0970    -0.0025    95.4184 1.0000e-12  -64.93350  -64.39960 343.400221      99.97 1.2652e+02   2616.056      62786  1033.3071  1033.3061    34.6773    34.6761    7.72732         31 0.0000e+00
   1190.000   1174.980     1.4852  30.601230     1.4852  30.600165     4.0482     4.0981     0.0149    95.4240 1.0000e-12  -64.93350  -64.39959 343.400267      99.97 1.2511e+02   2620.040      62882  1033.3025  1033.3015    34.6773    34.6760    7.72732         22 0.0000e+00
   1189.000   1173.993     1.4850  30.600728     1.4850  30.599603     4.0470     4.0992     0.0005    95.4318 1.0000e-12  -64.93350  -64.39960 343.400274      99.97 1.2516e+02   2620.708      62898  1033.2980  1033.2969    34.6774    34.6760    7.72735         17 0.0000e+00
   1188.000   1173.010     1.4849  30.600045     1.4849  30.599182     4.0500     4.0998    -0.0004    95.4378 1.0000e-12  -64.93350  -64.39960 343.400282      99.97 1.2516e+02   2621.387      62914  1033.2933  1033.2924    34.6772    34.6762    7.72738         16 0.0000e+00
