NBP2113_155081_ctd/data/nbp2113_034.ros
* Sea-Bird SBE 9 Data File:
* FileName = D:\Data\raw\NBP2113_034.hex
* Software Version Seasave V 7.26.7.121
* Temperature SN = 2438
* Conductivity SN = 2067
* Number of Bytes Per Scan = 40
* Number of Voltage Words = 5
* Number of Scans Averaged by the Deck Unit = 1
* NMEA Latitude = 64 56.01 S
* NMEA Longitude = 064 23.98 W
* NMEA UTC (Time) = Dec 08 2021  22:30:19
* NMEA baud rate = 9600
** Ship: RVIB N.B. Palmer
** Cruise: NBP2113 LTER
** Station: 600.040
** Operator: S. Blackman
# nquan = 20
# nvalues = 1150                                  
# units = specified
# name 0 = prDM: Pressure, Digiquartz [db]
# name 1 = depSM: Depth [salt water, m]
# name 2 = t090C: Temperature [ITS-90, deg C]
# name 3 = c0mS/cm: Conductivity [mS/cm]
# name 4 = t190C: Temperature, 2 [ITS-90, deg C]
# name 5 = c1mS/cm: Conductivity, 2 [mS/cm]
# name 6 = sbeox0ML/L: Oxygen, SBE 43 [ml/l]
# name 7 = sbeox1ML/L: Oxygen, SBE 43, 2 [ml/l]
# name 8 = flECO-AFL: Fluorescence, WET Labs ECO-AFL/FL [mg/m^3]
# name 9 = CStarTr0: Beam Transmission, WET Labs C-Star [%]
# name 10 = par: PAR/Irradiance, Biospherical/Licor
# name 11 = latitude: Latitude [deg]
# name 12 = longitude: Longitude [deg]
# name 13 = timeJ: Julian Days
# name 14 = altM: Altimeter [m]
# name 15 = spar: SPAR, Biospherical/Licor
# name 16 = timeS: Time, Elapsed [seconds]
# name 17 = scan: Scan Count
# name 18 = nbf: Bottles Fired
# name 19 = flag:  0.000e+00
# interval = seconds: 0.0416667
# start_time = Dec 08 2021 22:30:19 [NMEA time, header]
# bad_flag = -9.990e-29
*END*
[from data line 1014]
      4.621      4.576    -1.0157  27.115379    -1.0156  27.114103     7.9799     8.0423     1.6480    87.7387 1.5721e+01  -64.93350  -64.39972 342.985435      99.95 4.4072e+01   4122.542      98942         22  0.000e+00
      4.580      4.535    -1.0158  27.114582    -1.0159  27.113602     7.9785     8.0470     1.6406    87.7387 1.5767e+01  -64.93350  -64.39972 342.985435      99.98 4.4072e+01   4122.583      98943         22  0.000e+00
      4.628      4.582    -1.0159  27.114126    -1.0163  27.113213     7.9681     8.0424     1.6480    87.7387 1.5767e+01  -64.93350  -64.39972 342.985435      99.98 4.2309e+01   4122.625      98944         22  0.000e+00
      4.580      4.535    -1.0164  27.113841    -1.0160  27.113213     7.9596     8.0413     1.6480    87.7387 1.5813e+01  -64.93350  -64.39972 342.985436      99.98 4.2309e+01   4122.667      98945         22  0.000e+00
      4.621      4.576    -1.0167  27.113842    -1.0160  27.113269     7.9439     8.0403     1.6480    87.7387 1.5860e+01  -64.93350  -64.39972 342.985436      99.98 4.4072e+01   4122.708      98946         22  0.000e+00
      4.628      4.582    -1.0167  27.113329    -1.0156  27.113658     7.9316     8.0391     1.6480    87.7387 1.5953e+01  -64.93350  -64.39972 342.985437      99.98 4.4072e+01   4122.750      98947         22  0.000e+00
      4.580      4.535    -1.0169  27.112759    -1.0150  27.114214     7.9256     8.0443     1.6480    87.7387 1.6000e+01  -64.93350  -64.39972 342.985437      99.95 4.2309e+01   4122.792      98948         22  0.000e+00
      4.580      4.535    -1.0169  27.113329    -1.0144  27.114325     7.9186     8.0449     1.6480    87.7387 1.6047e+01  -64.93350  -64.39972 342.985438      99.98 4.4072e+01   4122.833      98949         22  0.000e+00
      4.621      4.576    -1.0170  27.113044    -1.0144  27.114158     7.9105     8.0400     1.6480    87.7387 1.6094e+01  -64.93350  -64.39972 342.985438      99.98 4.2309e+01   4122.875      98950         22  0.000e+00
      4.580      4.535    -1.0170  27.113386    -1.0147  27.113825     7.9100     8.0397     1.6480    87.7387 1.6188e+01  -64.93350  -64.39972 342.985439      99.98 4.4072e+01   4122.917      98951         22  0.000e+00
      4.580      4.535    -1.0167  27.112759    -1.0156  27.113268     7.9171     8.0397     1.6480    87.7387 1.6283e+01  -64.93350  -64.39972 342.985439      99.95 4.2309e+01   4122.958      98952         22  0.000e+00
      4.628      4.582    -1.0162  27.113044    -1.0158  27.112824     7.9049     8.0396     1.6480    87.7387 1.6331e+01  -64.93350  -64.39972 342.985440      99.93 4.4072e+01   4123.000      98953         22  0.000e+00
      4.621      4.576    -1.0164  27.113557    -1.0159  27.112990     7.9095     8.0393     1.6480    87.7387 1.6427e+01  -64.93350  -64.39972 342.985440      99.95 4.4072e+01   4123.042      98954         22  0.000e+00
      4.628      4.583    -1.0164  27.113842    -1.0158  27.113213     7.9114     8.0390     1.6480    87.7387 1.6475e+01  -64.93350  -64.39972 342.985441      99.98 4.2309e+01   4123.083      98955         22  0.000e+00
      4.580      4.535    -1.0161  27.113557    -1.0154  27.113102     7.9182     8.0386     1.6480    87.7387 1.6523e+01  -64.93350  -64.39972 342.985441      99.98 4.2309e+01   4123.125      98956         22  0.000e+00
      4.628      4.583    -1.0161  27.113842    -1.0159  27.112824     7.9119     8.0385     1.6480    87.7387 1.6572e+01  -64.93350  -64.39972 342.985442      99.98 4.2309e+01   4123.167      98957         22  0.000e+00
      4.621      4.576    -1.0162  27.113898    -1.0158  27.113157     7.9089     8.0382     1.6406    87.7387 1.6669e+01  -64.93350  -64.39972 342.985442      99.98 4.4072e+01   4123.208      98958         22  0.000e+00
      4.628      4.583    -1.0163  27.113329    -1.0144  27.114604     7.9062     8.0432     1.6113    87.7387 1.6718e+01  -64.93350  -64.39972 342.985443      99.98 4.2309e+01   4123.250      98959         22  0.000e+00
      4.683      4.637    -1.0167  27.113329    -1.0123  27.115883     7.9052     8.0433     1.5967    87.7645 1.6816e+01  -64.93350  -64.39972 342.985443      99.95 4.4072e+01   4123.292      98960         22  0.000e+00
      4.580      4.535    -1.0167  27.112759    -1.0112  27.116328     7.8983     8.0379     1.5967    87.7645 1.6865e+01  -64.93350  -64.39972 342.985444      99.95 4.4072e+01   4123.333      98961         22  0.000e+00
      4.669      4.623    -1.0169  27.112532    -1.0115  27.116773     7.8964     8.0433     1.6040    87.7645 1.6914e+01  -64.93350  -64.39972 342.985444      99.98 4.2309e+01   4123.375      98962         22  0.000e+00
      4.628      4.583    -1.0169  27.112759    -1.0108  27.118052     7.8946     8.0380     1.6040    87.7645 1.6964e+01  -64.93350  -64.39972 342.985445      99.98 4.4072e+01   4123.417      98963         22  0.000e+00
      4.628      4.583    -1.0165  27.111734    -1.0101  27.117496     7.8991     8.0431     1.6040    87.7645 1.7013e+01  -64.93350  -64.39972 342.985445      99.95 4.4072e+01   4123.458      98964         22  0.000e+00
      4.683      4.637    -1.0161  27.112589    -1.0103  27.116940     7.9110     8.0381     1.6040    87.7387 1.7063e+01  -64.93350  -64.39972 342.985446      99.93 4.4072e+01   4123.500      98965         22  0.000e+00
      4.621      4.576    -1.0158  27.113329    -1.0090  27.117663     7.9125     8.0374     1.6040    87.7387 1.7113e+01  -64.93350  -64.39972 342.985446      99.95 4.4072e+01   4123.542      98966         22  0.000e+00
      4.628      4.583    -1.0162  27.113329    -1.0063  27.118886     7.9083     8.0363     1.6040    87.7387 1.7163e+01  -64.93350  -64.39972 342.985447      99.98 4.4072e+01   4123.583      98967         22  0.000e+00
      4.628      4.583    -1.0163  27.113329    -1.0046  27.120165     7.9117     8.0355     1.6040    87.7387 1.7213e+01  -64.93350  -64.39972 342.985447      99.98 4.2309e+01   4123.625      98968         22  0.000e+00
      4.628      4.583    -1.0158  27.113044    -1.0052  27.120277     7.9090     8.0408     1.5967    87.7645 1.7213e+01  -64.93350  -64.39972 342.985448      99.98 4.4072e+01   4123.667      98969         22  0.000e+00
      4.621      4.576    -1.0159  27.113557    -1.0056  27.119442     7.9063     8.0414     1.5967    87.7645 1.7264e+01  -64.93350  -64.39972 342.985448      99.98 4.4072e+01   4123.708      98970         22  0.000e+00
      4.628      4.583    -1.0161  27.113557    -1.0072  27.118219     7.9078     8.0366     1.6040    87.7387 1.7314e+01  -64.93350  -64.39972 342.985448      99.98 4.2309e+01   4123.750      98971         22  0.000e+00
      4.580      4.535    -1.0161  27.113386    -1.0081  27.117885     7.9153     8.0428     1.6040    87.7645 1.7365e+01  -64.93350  -64.39972 342.985449      99.95 4.2309e+01   4123.792      98972         22  0.000e+00
      4.628      4.583    -1.0161  27.113329    -1.0077  27.118664     7.9257     8.0440     1.6040    87.7645 1.7416e+01  -64.93350  -64.39972 342.985449      99.95 4.4072e+01   4123.833      98973         22  0.000e+00
      4.574      4.529    -1.0162  27.113329    -1.0075  27.118608     7.9330     8.0443     1.6040    87.7387 1.7467e+01  -64.93350  -64.39972 342.985450      99.98 4.4072e+01   4123.875      98974         22  0.000e+00
      4.580      4.536    -1.0162  27.113044    -1.0090  27.117829     7.9448     8.0451     1.6040    87.7387 1.7518e+01  -64.93350  -64.39972 342.985450      99.98 4.4072e+01   4123.917      98975         22  0.000e+00
      4.581      4.536    -1.0161  27.112759    -1.0086  27.118441     7.9446     8.0453     1.6040    87.7645 1.7569e+01  -64.93350  -64.39972 342.985451      99.95 4.4072e+01   4123.958      98976         22  0.000e+00
      4.478      4.434    -1.0147  27.113556    -1.0072  27.119832     7.9485     8.0451     1.6040    87.7387 1.7620e+01  -64.93350  -64.39972 342.985451      99.93 4.2309e+01   4124.000      98977         22  0.000e+00
      4.622      4.576    -1.0125  27.113841    -1.0047  27.121389     7.9568     8.0449     1.6040    87.7387 1.7672e+01  -64.93350  -64.39972 342.985452      99.95 4.4072e+01   4124.042      98978         22  0.000e+00
      4.478      4.434    -1.0117  27.115436    -1.0032  27.122724     7.9770     8.0446     1.6040    87.7645 1.7672e+01  -64.93350  -64.39972 342.985452      99.98 4.2309e+01   4124.083      98979         22  0.000e+00
      4.430      4.387    -1.0095  27.116176    -1.0021  27.123447     7.9880     8.0445     1.6040    87.7645 1.7775e+01  -64.93350  -64.39972 342.985453      99.98 4.4072e+01   4124.125      98980         23  0.000e+00
      4.478      4.434    -1.0083  27.117714    -1.0019  27.123392     8.0022     8.0446     1.6040    87.7645 1.7827e+01  -64.93350  -64.39972 342.985453      99.98 4.2309e+01   4124.167      98981         23  0.000e+00
      4.369      4.326    -1.0074  27.119536    -1.0026  27.122724     8.0116     8.0448     1.5967    87.7645 1.7879e+01  -64.93350  -64.39972 342.985454      99.98 4.4072e+01   4124.208      98982         23  0.000e+00
      4.430      4.387    -1.0063  27.119764    -1.0036  27.122001     8.0211     8.0405     1.6040    87.7645 1.7879e+01  -64.93350  -64.39972 342.985454      99.98 4.2309e+01   4124.250      98983         23  0.000e+00
      4.375      4.333    -1.0051  27.121074    -1.0038  27.121778     8.0228     8.0407     1.6040    87.7645 1.7931e+01  -64.93350  -64.39972 342.985455      99.95 4.2309e+01   4124.292      98984         23  0.000e+00
      4.375      4.333    -1.0041  27.121359    -1.0042  27.121611     8.0246     8.0456     1.5747    87.7645 1.7931e+01  -64.93350  -64.39972 342.985455      99.95 4.4072e+01   4124.333      98985         23  0.000e+00
      4.369      4.326    -1.0028  27.122384    -1.0045  27.121889     8.0350     8.0402     1.5674    87.7645 1.7931e+01  -64.93350  -64.39972 342.985456      99.98 4.4072e+01   4124.375      98986         23  0.000e+00
      4.225      4.184    -1.0026  27.123409    -1.0043  27.121833     8.0516     8.0448     1.5600    87.7645 1.7984e+01  -64.93350  -64.39972 342.985456      99.98 4.4072e+01   4124.417      98987         23  0.000e+00
      4.273      4.231    -1.0032  27.124207    -1.0040  27.121778     8.0657     8.0393     1.5674    87.7645 1.7984e+01  -64.93350  -64.39972 342.985457      99.95 4.4072e+01   4124.458      98988         23  0.000e+00
      4.177      4.136    -1.0031  27.123922    -1.0040  27.121944     8.0778     8.0439     1.5674    87.7645 1.7931e+01  -64.93350  -64.39972 342.985457      99.93 4.2309e+01   4124.500      98989         23  0.000e+00
      4.218      4.177    -1.0043  27.123694    -1.0038  27.122223     8.0899     8.0439     1.5674    87.7645 1.7879e+01  -64.93350  -64.39972 342.985458      55.85 4.2309e+01   4124.542      98990         23  0.000e+00
      4.177      4.136    -1.0062  27.122896    -1.0030  27.122445     8.1122     8.0437     1.5674    87.7387 1.7879e+01  -64.93350  -64.39972 342.985458      13.77 4.4072e+01   4124.583      98991         23  0.000e+00
      4.122      4.082    -1.0075  27.121586    -1.0026  27.122890     8.1251     8.0444     1.5674    87.7387 1.7879e+01  -64.93350  -64.39972 342.985459       5.42 4.2309e+01   4124.625      98992         23  0.000e+00
      4.075      4.035    -1.0077  27.120276    -1.0026  27.122500     8.1345     8.0444     1.5600    87.7130 1.7879e+01  -64.93350  -64.39972 342.985459       7.52 4.2309e+01   4124.667      98993         23  0.000e+00
      4.013      3.974    -1.0066  27.119535    -1.0033  27.122055     8.1417     8.0444     1.5600    87.7387 1.7931e+01  -64.93350  -64.39972 342.985460       9.08 4.4072e+01   4124.708      98994         23  0.000e+00
      4.020      3.980    -1.0054  27.120560    -1.0034  27.122000     8.1631     8.0443     1.5674    87.7387 1.7931e+01  -64.93350  -64.39972 342.985460       9.38 4.4072e+01   4124.750      98995         23  0.000e+00
      3.972      3.933    -1.0051  27.121358    -1.0029  27.123001     8.1806     8.0439     1.5600    87.7387 1.7984e+01  -64.93350  -64.39974 342.985461       9.26 4.2309e+01   4124.792      98996         23  0.000e+00
      3.869      3.831    -1.0040  27.122098    -1.0014  27.124669     8.1879     8.0442     1.5674    87.7387 1.7984e+01  -64.93350  -64.39974 342.985461       9.21 4.4072e+01   4124.833      98997         23  0.000e+00
      3.910      3.872    -1.0041  27.122383    -0.9991  27.126283     8.1946     8.0444     1.5674    87.7130 1.8036e+01  -64.93350  -64.39974 342.985462       9.18 4.4072e+01   4124.875      98998         23  0.000e+00
      3.822      3.784    -1.0057  27.123180    -0.9969  27.128397     8.1946     8.0435     1.5674    87.7130 1.8089e+01  -64.93350  -64.39974 342.985462       9.21 4.4072e+01   4124.917      98999         23  0.000e+00
      3.767      3.730    -1.0069  27.122098    -0.9922  27.132235     8.1996     8.0420     1.5674    87.6872 1.8195e+01  -64.93350  -64.39974 342.985462       9.21 4.4072e+01   4124.958      99000         23  0.000e+00
      3.767      3.730    -1.0074  27.120275    -0.9859  27.138132     8.2127     8.0401     1.5600    87.6872 1.8301e+01  -64.93350  -64.39974 342.985463       9.18 4.4072e+01   4125.000      99001         23  0.000e+00
      3.712      3.676    -1.0041  27.120047    -0.9775  27.143418     8.2165     8.0377     1.5600    87.6872 1.8408e+01  -64.93350  -64.39974 342.985463       9.21 4.2309e+01   4125.042      99002         23  0.000e+00
      3.616      3.581    -0.9966  27.120559    -0.9759  27.141915     8.2199     8.0371     1.5600    87.6872 1.8570e+01  -64.93350  -64.39974 342.985464       9.21 4.4072e+01   4125.083      99003         23  0.000e+00
      3.616      3.581    -0.9893  27.125229    -0.9772  27.139300     8.2222     8.0372     1.5600    87.6872 1.8678e+01  -64.93350  -64.39974 342.985464       9.21 4.2309e+01   4125.125      99004         23  0.000e+00
      3.569      3.534    -0.9860  27.132464    -0.9797  27.136017     8.2316     8.0374     1.5600    87.6872 1.8842e+01  -64.93350  -64.39974 342.985465       9.21 4.4072e+01   4125.167      99005         23  0.000e+00
      3.514      3.479    -0.9875  27.136395    -0.9832  27.133791     8.2590     8.0378     1.5600    87.6872 1.9007e+01  -64.93350  -64.39974 342.985465       9.21 4.2309e+01   4125.208      99006         23  0.000e+00
      3.404      3.371    -0.9912  27.136395    -0.9857  27.132345     8.2976     8.0378     1.5674    87.6872 1.9174e+01  -64.93350  -64.39974 342.985466       9.21 4.4072e+01   4125.250      99007         23  0.000e+00
      3.418      3.385    -0.9944  27.133262    -0.9892  27.130120     8.3241     8.0390     1.5674    87.6872 1.9398e+01  -64.93350  -64.39974 342.985466       9.21 4.4072e+01   4125.292      99008         23  0.000e+00
      3.363      3.330    -0.9968  27.129616    -0.9941  27.126559     8.3517     8.0406     1.5674    87.6872 1.9625e+01  -64.93350  -64.39974 342.985467       9.21 4.2309e+01   4125.333      99009         23  0.000e+00
      3.261      3.229    -1.0003  27.127565    -0.9985  27.123277     8.3849     8.0411     1.5674    87.6872 1.9855e+01  -64.93350  -64.39974 342.985467       9.21 4.2309e+01   4125.375      99010         23  0.000e+00
      3.151      3.120    -1.0031  27.125229    -1.0021  27.120384     8.4202     8.0422     1.5234    87.6872 2.0145e+01  -64.93350  -64.39974 342.985468       9.21 4.2309e+01   4125.417      99011         23  0.000e+00
      3.261      3.229    -1.0051  27.122894    -1.0055  27.118382     8.4400     8.0426     1.4648    87.6872 2.0381e+01  -64.93350  -64.39974 342.985468       9.21 4.4072e+01   4125.458      99012         23  0.000e+00
