NBP2113_155081_ctd/data/nbp2113_062.ros
* Sea-Bird SBE 9 Data File:
* FileName = D:\Data\raw\NBP2113_062.hex
* Software Version Seasave V 7.26.7.121
* Temperature SN = 2438
* Conductivity SN = 2067
* Number of Bytes Per Scan = 40
* Number of Voltage Words = 5
* Number of Scans Averaged by the Deck Unit = 1
* NMEA Latitude = 64 46.58 S
* NMEA Longitude = 063 03.86 W
* NMEA UTC (Time) = Dec 14 2021  03:19:35
* NMEA baud rate = 9600
** Ship: RVIB N.B. Palmer
** Cruise: NBP2113 LTER
** Station: 654.003
** Operator: B. Urmston
# nquan = 20
# nvalues = 586                                   
# units = specified
# name 0 = prDM: Pressure, Digiquartz [db]
# name 1 = depSM: Depth [salt water, m]
# name 2 = t090C: Temperature [ITS-90, deg C]
# name 3 = c0mS/cm: Conductivity [mS/cm]
# name 4 = t190C: Temperature, 2 [ITS-90, deg C]
# name 5 = c1mS/cm: Conductivity, 2 [mS/cm]
# name 6 = sbeox0ML/L: Oxygen, SBE 43 [ml/l]
# name 7 = sbeox1ML/L: Oxygen, SBE 43, 2 [ml/l]
# name 8 = flECO-AFL: Fluorescence, WET Labs ECO-AFL/FL [mg/m^3]
# name 9 = CStarTr0: Beam Transmission, WET Labs C-Star [%]
# name 10 = par: PAR/Irradiance, Biospherical/Licor
# name 11 = latitude: Latitude [deg]
# name 12 = longitude: Longitude [deg]
# name 13 = timeJ: Julian Days
# name 14 = altM: Altimeter [m]
# name 15 = spar: SPAR, Biospherical/Licor
# name 16 = timeS: Time, Elapsed [seconds]
# name 17 = scan: Scan Count
# name 18 = nbf: Bottles Fired
# name 19 = flag:  0.000e+00
# interval = seconds: 0.0416667
# start_time = Dec 14 2021 03:19:35 [NMEA time, header]
# bad_flag = -9.990e-29
*END*
[from data line 218]
    151.300    149.764     0.5953  29.247463     0.5427  29.186356     5.1150     5.2142     0.0362    90.5712 1.0000e-12  -64.77626  -63.06528 348.152987      99.98 0.0000e+00   1243.083      29835          5  0.000e+00
    151.286    149.751     0.6134  29.249101     0.5438  29.180296     5.1124     5.2147     0.0362    90.5712 1.0000e-12  -64.77626  -63.06528 348.152988      99.95 0.0000e+00   1243.125      29836          5  0.000e+00
    151.341    149.805     0.6244  29.252908     0.5404  29.174922     5.1094     5.2159     0.0362    90.5712 1.0000e-12  -64.77626  -63.06528 348.152988      99.95 0.0000e+00   1243.167      29837          5  0.000e+00
    151.300    149.764     0.6325  29.257008     0.5364  29.172179     5.1079     5.2168     0.0362    90.5712 1.0000e-12  -64.77626  -63.06528 348.152989      99.98 0.0000e+00   1243.208      29838          5  0.000e+00
    151.341    149.805     0.6392  29.260346     0.5381  29.170864     5.1124     5.2170     0.0362    90.5712 1.0000e-12  -64.77626  -63.06528 348.152989      99.98 0.0000e+00   1243.250      29839          5  0.000e+00
    151.286    149.751     0.6342  29.260347     0.5308  29.169436     5.1140     5.2182     0.0362    90.5712 1.0000e-12  -64.77626  -63.06528 348.152989      99.95 0.0000e+00   1243.292      29840          5  0.000e+00
    151.341    149.805     0.6309  29.257301     0.5184  29.167036     5.1086     5.2193     0.0362    90.5712 1.0000e-12  -64.77626  -63.06528 348.152990      99.95 0.0000e+00   1243.333      29841          5  0.000e+00
    151.355    149.819     0.6339  29.254020     0.5044  29.162465     5.1081     5.2214     0.0362    90.5712 1.0000e-12  -64.77626  -63.06528 348.152990      99.98 0.0000e+00   1243.375      29842          5  0.000e+00
    151.286    149.751     0.6359  29.252087     0.4999  29.158922     5.1077     5.2222     0.0362    90.5712 1.0000e-12  -64.77626  -63.06528 348.152991      99.98 0.0000e+00   1243.417      29843          5  0.000e+00
    151.286    149.751     0.6348  29.252087     0.5087  29.157263     5.1077     5.2214     0.0362    90.5712 1.0000e-12  -64.77626  -63.06528 348.152991      99.98 0.0000e+00   1243.458      29844          5  0.000e+00
    151.341    149.805     0.6319  29.254020     0.5118  29.156749     5.1022     5.2212     0.0362    90.5712 1.0000e-12  -64.77626  -63.06528 348.152992      99.98 0.0000e+00   1243.500      29845          5  0.000e+00
    151.300    149.764     0.6296  29.257301     0.5042  29.155892     5.1010     5.2221     0.0362    90.5712 1.0000e-12  -64.77626  -63.06528 348.152992      99.98 0.0000e+00   1243.542      29846          5  0.000e+00
    151.341    149.805     0.6340  29.260054     0.4974  29.154807     5.1049     5.2231     0.0362    90.5712 1.0000e-12  -64.77626  -63.06528 348.152993      99.98 0.0000e+00   1243.583      29847          5  0.000e+00
    151.286    149.751     0.6395  29.261401     0.4939  29.154293     5.1043     5.2235     0.0362    90.5712 1.0000e-12  -64.77626  -63.06528 348.152993      99.95 0.0000e+00   1243.625      29848          5  0.000e+00
    151.341    149.805     0.6430  29.260580     0.4954  29.153721     5.1042     5.2233     0.0362    90.5712 1.0000e-12  -64.77626  -63.06528 348.152994      99.95 0.0000e+00   1243.667      29849          5  0.000e+00
    151.355    149.819     0.6414  29.258940     0.5004  29.152978     5.1117     5.2227     0.0362    90.5712 1.0000e-12  -64.77626  -63.06528 348.152994      99.98 0.0000e+00   1243.708      29850          5  0.000e+00
    151.286    149.751     0.6401  29.257827     0.5029  29.151549     5.1078     5.2223     0.0362    90.5712 1.0000e-12  -64.77626  -63.06528 348.152995      99.98 0.0000e+00   1243.750      29851          5  0.000e+00
    151.341    149.805     0.6427  29.256772     0.5036  29.151035     5.1067     5.2222     0.0362    90.5969 1.0000e-12  -64.77626  -63.06528 348.152995      99.98 0.0000e+00   1243.792      29852          5  0.000e+00
    151.286    149.751     0.6433  29.254546     0.4989  29.150006     5.1057     5.2225     0.0362    90.5969 1.0000e-12  -64.77626  -63.06528 348.152996      99.95 0.0000e+00   1243.833      29853          5  0.000e+00
    151.355    149.819     0.6430  29.251559     0.4970  29.149664     5.1063     5.2226     0.0362    90.5969 1.0000e-12  -64.77626  -63.06528 348.152996      99.95 0.0000e+00   1243.875      29854          5  0.000e+00
    151.286    149.751     0.6359  29.248279     0.4986  29.149149     5.1133     5.2222     0.0362    90.5969 1.0000e-12  -64.77626  -63.06528 348.152997      99.98 0.0000e+00   1243.917      29855          5  0.000e+00
    151.341    149.805     0.6266  29.246347     0.5014  29.148349     5.1092     5.2216     0.0362    90.5969 1.0000e-12  -64.77626  -63.06528 348.152997      99.98 0.0000e+00   1243.958      29856          5  0.000e+00
    151.341    149.805     0.6290  29.246874     0.5039  29.148863     5.1037     5.2210     0.0362    90.5969 1.0000e-12  -64.77626  -63.06528 348.152998      99.98 0.0000e+00   1244.000      29857          5  0.000e+00
    151.300    149.764     0.6325  29.247987     0.5027  29.148863     5.1081     5.2208     0.0362    90.5969 1.0000e-12  -64.77626  -63.06528 348.152998      99.98 0.0000e+00   1244.042      29858          5  0.000e+00
    151.341    149.805     0.6323  29.250740     0.4982  29.149721     5.1086     5.2209     0.0436    90.5969 1.0000e-12  -64.77626  -63.06528 348.152999      99.98 0.0000e+00   1244.083      29859          5  0.000e+00
    151.286    149.751     0.6254  29.255134     0.5344  29.162976     5.1036     5.2130     0.0362    90.5969 1.0000e-12  -64.77626  -63.06528 348.153003      99.98 0.0000e+00   1244.417      29867          6  0.000e+00
    151.389    149.853     0.6249  29.255134     0.5405  29.168406     5.1023     5.2113     0.0362    90.5969 1.0000e-12  -64.77626  -63.06528 348.153003      99.98 0.0000e+00   1244.458      29868          6  0.000e+00
    151.286    149.751     0.6188  29.256482     0.5451  29.171320     5.1028     5.2098     0.0362    90.5969 1.0000e-12  -64.77626  -63.06528 348.153003      99.98 0.0000e+00   1244.500      29869          6  0.000e+00
    151.355    149.819     0.6135  29.257302     0.5456  29.174922     5.1092     5.2088     0.0362    90.5969 1.0000e-12  -64.77626  -63.06528 348.153004      99.98 0.0000e+00   1244.542      29870          6  0.000e+00
    151.286    149.751     0.6118  29.258416     0.5520  29.177265     5.1036     5.2132     0.0362    90.5712 1.0000e-12  -64.77626  -63.06528 348.153004      99.98 0.0000e+00   1244.583      29871          6  0.000e+00
    151.389    149.853     0.6135  29.258416     0.5548  29.175721     5.1023     5.2076     0.0362    90.5454 1.0000e-12  -64.77626  -63.06528 348.153005      99.95 0.0000e+00   1244.625      29872          6  0.000e+00
    151.341    149.805     0.6157  29.260349     0.5577  29.174406     5.1078     5.2072     0.0362    90.5197 1.0000e-12  -64.77626  -63.06528 348.153005      99.95 0.0000e+00   1244.667      29873          6  0.000e+00
    151.300    149.764     0.6118  29.263044     0.5653  29.178121     5.1083     5.2052     0.0362    90.5454 1.0000e-12  -64.77626  -63.06528 348.153006      99.98 0.0000e+00   1244.708      29874          6  0.000e+00
    151.341    149.805     0.5986  29.265213     0.5721  29.183380     5.1100     5.2041     0.0362    90.5454 1.0000e-12  -64.77626  -63.06528 348.153006      99.98 0.0000e+00   1244.750      29875          6  0.000e+00
    151.341    149.805     0.5936  29.265799     0.5744  29.187039     5.1051     5.2036     0.0362    90.5454 1.0000e-12  -64.77626  -63.06528 348.153007      99.98 0.0000e+00   1244.792      29876          6  0.000e+00
    151.341    149.805     0.5998  29.264978     0.5723  29.190413     5.1104     5.2035     0.0362    90.5454 1.0000e-12  -64.77626  -63.06528 348.153007      99.95 0.0000e+00   1244.833      29877          6  0.000e+00
    151.355    149.819     0.6023  29.263631     0.5737  29.193271     5.1118     5.2085     0.0362    90.5197 1.0000e-12  -64.77626  -63.06528 348.153008      99.98 0.0000e+00   1244.875      29878          6  0.000e+00
    151.341    149.805     0.6031  29.263631     0.5745  29.195330     5.1065     5.2090     0.0362    90.5454 1.0000e-12  -64.77626  -63.06528 348.153008      99.98 0.0000e+00   1244.917      29879          6  0.000e+00
    151.341    149.805     0.6158  29.265504     0.5779  29.199503     5.1054     5.2090     0.0362    90.5454 1.0000e-12  -64.77626  -63.06528 348.153009      99.98 0.0000e+00   1244.958      29880          6  0.000e+00
    151.341    149.805     0.6347  29.269369     0.5827  29.202648     5.1080     5.2089     0.0362    90.5454 1.0000e-12  -64.77626  -63.06528 348.153009      99.98 0.0000e+00   1245.000      29881          6  0.000e+00
    151.355    149.819     0.6452  29.273235     0.5808  29.206251     5.1015     5.2096     0.0436    90.5454 1.0000e-12  -64.77626  -63.06528 348.153010      99.98 0.0000e+00   1245.042      29882          6  0.000e+00
    151.341    149.805     0.6503  29.274876     0.5735  29.210541     5.1002     5.2054     0.0436    90.5454 1.0000e-12  -64.77626  -63.06528 348.153010      99.98 0.0000e+00   1245.083      29883          6  0.000e+00
    151.341    149.805     0.6526  29.275930     0.5903  29.214142     5.0992     5.2084     0.0436    90.5197 1.0000e-12  -64.77626  -63.06528 348.153011      99.98 0.0000e+00   1245.125      29884          6  0.000e+00
    151.341    149.805     0.6535  29.276399     0.6215  29.219287     5.1041     5.2050     0.0436    90.5454 1.0000e-12  -64.77626  -63.06528 348.153011      99.95 0.0000e+00   1245.167      29885          6  0.000e+00
    151.355    149.819     0.6566  29.276750     0.6403  29.233986     5.0988     5.2026     0.0436    90.5454 1.0000e-12  -64.77626  -63.06528 348.153012      99.95 0.0000e+00   1245.208      29886          6  0.000e+00
    151.341    149.805     0.6612  29.278976     0.6501  29.250978     5.0977     5.2011     0.0436    90.5454 1.0000e-12  -64.77626  -63.06528 348.153012      99.98 0.0000e+00   1245.250      29887          6  0.000e+00
    151.341    149.805     0.6605  29.281965     0.6555  29.261564     5.0985     5.2003     0.0436    90.5454 1.0000e-12  -64.77626  -63.06528 348.153013      99.98 0.0000e+00   1245.292      29888          6  0.000e+00
    151.341    149.805     0.6573  29.286243     0.6580  29.267230     5.1052     5.2002     0.0436    90.5454 1.0000e-12  -64.77626  -63.06528 348.153013      99.95 0.0000e+00   1245.333      29889          6  0.000e+00
    151.355    149.819     0.6559  29.288588     0.6603  29.270835     5.1063     5.2001     0.0436    90.5454 1.0000e-12  -64.77626  -63.06528 348.153014      99.95 0.0000e+00   1245.375      29890          6  0.000e+00
    151.341    149.805     0.6578  29.290228     0.6631  29.275414     5.1013     5.1998     0.0436    90.5197 1.0000e-12  -64.77626  -63.06528 348.153014      99.98 0.0000e+00   1245.417      29891          6  0.000e+00
    151.389    149.853     0.6587  29.291049     0.6631  29.280051     5.1009     5.2052     0.0436    90.5454 1.0000e-12  -64.77626  -63.06528 348.153015      99.98 0.0000e+00   1245.458      29892          6  0.000e+00
    151.341    149.805     0.6571  29.291166     0.6612  29.283829     5.1065     5.2063     0.0436    90.5712 1.0000e-12  -64.77626  -63.06528 348.153015      99.98 0.0000e+00   1245.500      29893          6  0.000e+00
    151.355    149.819     0.6563  29.290228     0.6567  29.286291     5.1007     5.2076     0.0436    90.5712 1.0000e-12  -64.77626  -63.06528 348.153016      99.98 0.0000e+00   1245.542      29894          6  0.000e+00
    151.341    149.805     0.6566  29.290228     0.6535  29.286863     5.0991     5.2089     0.0436    90.5712 1.0000e-12  -64.77626  -63.06528 348.153016      99.98 0.0000e+00   1245.583      29895          6  0.000e+00
    151.341    149.805     0.6560  29.290346     0.6581  29.283028     5.1046     5.2093     0.0436    90.5712 1.0000e-12  -64.77626  -63.06528 348.153016      99.95 0.0000e+00   1245.625      29896          6  0.000e+00
    151.389    149.853     0.6559  29.290756     0.6633  29.281424     5.1057     5.2096     0.0436    90.5712 1.0000e-12  -64.77626  -63.06528 348.153017      99.95 0.0000e+00   1245.667      29897          6  0.000e+00
    151.355    149.819     0.6582  29.290521     0.6641  29.285489     5.1065     5.2153     0.0436    90.5712 1.0000e-12  -64.77626  -63.06528 348.153017      99.98 0.0000e+00   1245.708      29898          6  0.000e+00
    151.341    149.805     0.6590  29.290756     0.6643  29.288752     5.1031     5.2112     0.0436    90.5454 1.0000e-12  -64.77626  -63.06528 348.153018      99.98 0.0000e+00   1245.750      29899          6  0.000e+00
    151.341    149.805     0.6598  29.291986     0.6686  29.291785     5.1085     5.2164     0.0436    90.5712 1.0000e-12  -64.77626  -63.06528 348.153018      99.98 0.0000e+00   1245.792      29900          6  0.000e+00
    151.341    149.805     0.6629  29.292689     0.6722  29.294991     5.1093     5.2117     0.0436    90.5712 1.0000e-12  -64.77626  -63.06528 348.153019      99.95 0.0000e+00   1245.833      29901          6  0.000e+00
    151.355    149.819     0.6628  29.293803     0.6738  29.299056     5.1048     5.2170     0.0436    90.5712 1.0000e-12  -64.77626  -63.06528 348.153019      99.95 0.0000e+00   1245.875      29902          6  0.000e+00
    151.389    149.853     0.6626  29.293920     0.6744  29.301003     5.1048     5.2179     0.0436    90.5712 1.0000e-12  -64.77626  -63.06528 348.153020      99.98 0.0000e+00   1245.917      29903          6  0.000e+00
    151.341    149.805     0.6634  29.293510     0.6738  29.302892     5.1117     5.2188     0.0436    90.5712 1.0000e-12  -64.77626  -63.06528 348.153020      99.98 0.0000e+00   1245.958      29904          6  0.000e+00
    151.341    149.805     0.6653  29.294037     0.6737  29.304095     5.1071     5.2249     0.0436    90.5712 1.0000e-12  -64.77626  -63.06528 348.153021      99.98 0.0000e+00   1246.000      29905          6  0.000e+00
    151.355    149.819     0.6675  29.295151     0.6727  29.303980     5.1056     5.2213     0.0436    90.5712 1.0000e-12  -64.77626  -63.06528 348.153021      99.98 0.0000e+00   1246.042      29906          6  0.000e+00
    151.341    149.805     0.6684  29.296616     0.6706  29.304267     5.1055     5.2274     0.0436    90.5712 1.0000e-12  -64.77626  -63.06528 348.153022      99.98 0.0000e+00   1246.083      29907          6  0.000e+00
    151.389    149.853     0.6688  29.298433     0.6689  29.302607     5.1112     5.2290     0.0436    90.5712 1.0000e-12  -64.77626  -63.06528 348.153022      99.95 0.0000e+00   1246.125      29908          6  0.000e+00
    151.341    149.805     0.6691  29.299839     0.6691  29.301003     5.1125     5.2364     0.0436    90.5712 1.0000e-12  -64.77626  -63.06528 348.153023      99.95 0.0000e+00   1246.167      29909          6  0.000e+00
    151.355    149.819     0.6701  29.299898     0.6695  29.300259     5.1126     5.2329     0.0436    90.5712 1.0000e-12  -64.77626  -63.06528 348.153023      99.98 0.0000e+00   1246.208      29910          6  0.000e+00
    151.341    149.805     0.6719  29.300953     0.6703  29.301003     5.1080     5.2390     0.0436    90.5712 1.0000e-12  -64.77626  -63.06528 348.153024      99.98 0.0000e+00   1246.250      29911          6  0.000e+00
    151.389    149.853     0.6738  29.302828     0.6719  29.301003     5.1192     5.2412     0.0436    90.4424 1.0000e-12  -64.77626  -63.06528 348.153024      99.98 0.0000e+00   1246.292      29912          6  0.000e+00
