NBP2113_155081_ctd/data/nbp2113_024.ros
* Sea-Bird SBE 9 Data File:
* FileName = D:\Data\raw\NBP2113_024.hex
* Software Version Seasave V 7.26.7.121
* Temperature SN = 2438
* Conductivity SN = 2067
* Number of Bytes Per Scan = 40
* Number of Voltage Words = 5
* Number of Scans Averaged by the Deck Unit = 1
* NMEA Latitude = 67 06.83 S
* NMEA Longitude = 071 31.86 W
* NMEA UTC (Time) = Dec 02 2021  07:40:38
* NMEA baud rate = 9600
** Ship: RVIB N.B. Palmer
** Cruise: NBP2113 LTER
** Station: 200.100
** Operator: B. Urmston
# nquan = 20
# nvalues = 1098                                  
# units = specified
# name 0 = prDM: Pressure, Digiquartz [db]
# name 1 = depSM: Depth [salt water, m]
# name 2 = t090C: Temperature [ITS-90, deg C]
# name 3 = c0mS/cm: Conductivity [mS/cm]
# name 4 = t190C: Temperature, 2 [ITS-90, deg C]
# name 5 = c1mS/cm: Conductivity, 2 [mS/cm]
# name 6 = sbeox0ML/L: Oxygen, SBE 43 [ml/l]
# name 7 = sbeox1ML/L: Oxygen, SBE 43, 2 [ml/l]
# name 8 = flECO-AFL: Fluorescence, WET Labs ECO-AFL/FL [mg/m^3]
# name 9 = CStarTr0: Beam Transmission, WET Labs C-Star [%]
# name 10 = par: PAR/Irradiance, Biospherical/Licor
# name 11 = latitude: Latitude [deg]
# name 12 = longitude: Longitude [deg]
# name 13 = timeJ: Julian Days
# name 14 = altM: Altimeter [m]
# name 15 = spar: SPAR, Biospherical/Licor
# name 16 = timeS: Time, Elapsed [seconds]
# name 17 = scan: Scan Count
# name 18 = nbf: Bottles Fired
# name 19 = flag:  0.000e+00
# interval = seconds: 0.0416667
# start_time = Dec 02 2021 07:40:38 [NMEA time, header]
# bad_flag = -9.990e-29
*END*
[from data line 73]
    421.099    416.486     1.3755  30.195056     1.3756  30.193396     3.9070     3.9540     0.0216    96.3134 1.0000e-12  -67.11402  -71.53084 336.332193       9.96 5.2886e+01   1063.458      25524          2  0.000e+00
    421.099    416.486     1.3754  30.194997     1.3753  30.193396     3.9023     3.9539     0.0216    96.3134 1.0000e-12  -67.11402  -71.53084 336.332193       9.96 5.2886e+01   1063.500      25525          2  0.000e+00
    421.043    416.432     1.3755  30.195174     1.3753  30.193164     3.9065     3.9537     0.0216    96.3134 1.0000e-12  -67.11402  -71.53084 336.332194       9.96 5.2886e+01   1063.542      25526          2  0.000e+00
    421.099    416.486     1.3755  30.195056     1.3753  30.193280     3.9005     3.9536     0.0216    96.3134 1.0000e-12  -67.11402  -71.53084 336.332194       9.96 5.2886e+01   1063.583      25527          2  0.000e+00
    421.043    416.432     1.3755  30.195056     1.3753  30.193395     3.9002     3.9534     0.0216    96.3134 1.0000e-12  -67.11402  -71.53084 336.332195       9.96 5.2886e+01   1063.625      25528          2  0.000e+00
    421.043    416.432     1.3757  30.194997     1.3753  30.193569     3.9058     3.9533     0.0216    96.3649 1.0000e-12  -67.11402  -71.53084 336.332195       9.96 5.2886e+01   1063.667      25529          2  0.000e+00
    421.099    416.486     1.3755  30.194997     1.3755  30.193454     3.8999     3.9532     0.0216    96.3906 1.0000e-12  -67.11402  -71.53084 336.332196       9.96 5.2886e+01   1063.708      25530          2  0.000e+00
    421.043    416.432     1.3755  30.194997     1.3756  30.193395     3.8983     3.9530     0.0216    96.3906 1.0000e-12  -67.11402  -71.53084 336.332196       9.96 5.2886e+01   1063.750      25531          2  0.000e+00
    421.043    416.432     1.3757  30.195056     1.3751  30.193395     3.8981     3.9529     0.0216    96.3906 1.0000e-12  -67.11402  -71.53084 336.332197       9.94 5.2886e+01   1063.792      25532          2  0.000e+00
    421.043    416.432     1.3755  30.194997     1.3756  30.193395     3.8980     3.9527     0.0216    96.3906 1.0000e-12  -67.11402  -71.53084 336.332197       9.91 5.2886e+01   1063.833      25533          2  0.000e+00
    421.043    416.432     1.3754  30.194997     1.3755  30.193395     3.8966     3.9526     0.0216    96.3906 1.0000e-12  -67.11402  -71.53084 336.332198       9.91 5.2886e+01   1063.875      25534          2  0.000e+00
    420.988    416.377     1.3757  30.195174     1.3756  30.193395     3.8965     3.9524     0.0216    96.3906 1.0000e-12  -67.11402  -71.53084 336.332198       9.91 5.2886e+01   1063.917      25535          2  0.000e+00
    420.995    416.384     1.3754  30.195056     1.3757  30.193395     3.8965     3.9522     0.0216    96.3906 1.0000e-12  -67.11402  -71.53084 336.332199       9.91 5.2886e+01   1063.958      25536          2  0.000e+00
    420.995    416.384     1.3757  30.195056     1.3757  30.193395     3.9023     3.9521     0.0216    96.3649 1.0000e-12  -67.11402  -71.53084 336.332199       9.91 5.2886e+01   1064.000      25537          2  0.000e+00
    420.995    416.384     1.3755  30.194996     1.3755  30.193395     3.8966     3.9520     0.0216    96.3649 1.0000e-12  -67.11402  -71.53084 336.332200       9.91 5.2886e+01   1064.042      25538          2  0.000e+00
    420.940    416.329     1.3757  30.195174     1.3756  30.193395     3.8966     3.9518     0.0216    96.3649 1.0000e-12  -67.11402  -71.53084 336.332200       9.91 5.2886e+01   1064.083      25539          2  0.000e+00
    420.940    416.329     1.3757  30.195056     1.3757  30.193569     3.8953     3.9516     0.0216    96.3906 1.0000e-12  -67.11402  -71.53084 336.332201       9.91 5.2886e+01   1064.125      25540          2  0.000e+00
    420.940    416.329     1.3757  30.195056     1.3755  30.193221     3.8998     3.9515     0.0216    96.3906 1.0000e-12  -67.11402  -71.53084 336.332201       9.91 5.2886e+01   1064.167      25541          2  0.000e+00
    420.885    416.275     1.3757  30.194996     1.3757  30.193279     3.8940     3.9522     0.0216    96.3649 1.0000e-12  -67.11402  -71.53084 336.332201       9.91 5.2886e+01   1064.208      25542          2  0.000e+00
    420.892    416.282     1.3755  30.194759     1.3755  30.193395     3.8941     3.9530     0.0216    96.3906 1.0000e-12  -67.11402  -71.53084 336.332202       9.91 5.2886e+01   1064.250      25543          2  0.000e+00
    420.892    416.282     1.3757  30.195115     1.3756  30.193395     3.8942     3.9529     0.0216    96.3906 1.0000e-12  -67.11402  -71.53084 336.332202       9.94 5.2886e+01   1064.292      25544          2  0.000e+00
    420.836    416.227     1.3755  30.194937     1.3756  30.193395     3.8944     3.9528     0.0216    96.3906 1.0000e-12  -67.11402  -71.53084 336.332203       9.96 5.2886e+01   1064.333      25545          2  0.000e+00
    420.836    416.227     1.3757  30.194937     1.3756  30.193163     3.8932     3.9528     0.0216    96.3906 1.0000e-12  -67.11402  -71.53084 336.332203       9.99 5.2886e+01   1064.375      25546          2  0.000e+00
    420.788    416.179     1.3755  30.194996     1.3756  30.193511     3.8934     3.9527     0.0216    96.3906 1.0000e-12  -67.11402  -71.53084 336.332204       9.99 5.2886e+01   1064.417      25547          2  0.000e+00
    420.788    416.179     1.3757  30.194996     1.3755  30.193453     3.8937     3.9526     0.0143    96.3649 1.0000e-12  -67.11402  -71.53084 336.332204       9.99 5.2886e+01   1064.458      25548          2  0.000e+00
    278.691    275.733     1.4471  30.181360     1.4470  30.179948     3.9337     3.9876    -0.0004    97.2661 1.0000e-12  -67.11394  -71.53094 336.336568      99.98 5.2886e+01   1441.500      34597          3  0.000e+00
    278.636    275.678     1.4470  30.181419     1.4471  30.180064     3.9388     3.9878     0.0069    97.2403 1.0000e-12  -67.11394  -71.53094 336.336569      99.98 5.2886e+01   1441.542      34598          3  0.000e+00
    278.684    275.726     1.4468  30.180945     1.4473  30.180122     3.9353     3.9872    -0.0004    97.2661 1.0000e-12  -67.11394  -71.53094 336.336569      99.98 5.2886e+01   1441.583      34599          3  0.000e+00
    278.684    275.726     1.4468  30.180827     1.4474  30.180180     3.9362     3.9875     0.0069    97.2403 1.0000e-12  -67.11394  -71.53094 336.336570     100.00 5.2886e+01   1441.625      34600          3  0.000e+00
    278.739    275.780     1.4467  30.181064     1.4476  30.180122     3.9358     3.9877    -0.0004    97.2403 1.0000e-12  -67.11394  -71.53094 336.336570     100.00 5.2886e+01   1441.667      34601          3  0.000e+00
    278.684    275.726     1.4468  30.180886     1.4473  30.180122     3.9340     3.9879    -0.0004    97.2403 1.0000e-12  -67.11394  -71.53094 336.336571      99.98 5.2886e+01   1441.708      34602          3  0.000e+00
    278.739    275.780     1.4468  30.181005     1.4473  30.180296     3.9405     3.9882     0.0069    97.2403 1.0000e-12  -67.11394  -71.53094 336.336571      99.95 5.2886e+01   1441.750      34603          3  0.000e+00
    278.739    275.780     1.4470  30.181123     1.4473  30.180238     3.9357     3.9884    -0.0004    97.2146 1.0000e-12  -67.11394  -71.53092 336.336572      99.95 5.2886e+01   1441.792      34604          3  0.000e+00
    278.739    275.780     1.4470  30.181123     1.4471  30.180122     3.9352     3.9887     0.0069    97.2403 1.0000e-12  -67.11394  -71.53092 336.336572      99.98 5.2886e+01   1441.833      34605          3  0.000e+00
    278.739    275.780     1.4469  30.181123     1.4475  30.180122     3.9347     3.9933    -0.0004    97.2403 1.0000e-12  -67.11394  -71.53092 336.336573     100.00 5.2886e+01   1441.875      34606          3  0.000e+00
    278.787    275.828     1.4470  30.180886     1.4473  30.180412     3.9343     3.9891     0.0069    97.2403 1.0000e-12  -67.11394  -71.53092 336.336573     100.00 5.2886e+01   1441.917      34607          3  0.000e+00
    278.787    275.828     1.4470  30.181479     1.4475  30.180412     3.9338     3.9892    -0.0004    97.2403 1.0000e-12  -67.11394  -71.53092 336.336574      99.98 5.2886e+01   1441.958      34608          3  0.000e+00
    278.842    275.882     1.4470  30.181242     1.4476  30.180180     3.9334     3.9894    -0.0004    97.2403 1.0000e-12  -67.11394  -71.53092 336.336574     100.00 5.2886e+01   1442.000      34609          3  0.000e+00
    278.787    275.828     1.4470  30.181123     1.4475  30.180296     3.9329     3.9895    -0.0004    97.2403 1.0000e-12  -67.11394  -71.53092 336.336575      99.98 5.2886e+01   1442.042      34610          3  0.000e+00
    278.842    275.882     1.4470  30.181124     1.4473  30.180065     3.9337     3.9898    -0.0004    97.2403 1.0000e-12  -67.11394  -71.53092 336.336575      99.95 5.2886e+01   1442.083      34611          3  0.000e+00
    278.842    275.883     1.4471  30.181361     1.4478  30.180296     3.9346     3.9899    -0.0004    97.2403 1.0000e-12  -67.11394  -71.53092 336.336576      99.98 5.2886e+01   1442.125      34612          3  0.000e+00
    278.842    275.883     1.4473  30.181183     1.4478  30.180586     3.9286     3.9900     0.0069    97.2403 1.0000e-12  -67.11394  -71.53092 336.336576      99.98 5.2886e+01   1442.167      34613          3  0.000e+00
    278.945    275.985     1.4471  30.181302     1.4475  30.180528     3.9383     3.9895    -0.0004    97.2403 1.0000e-12  -67.11394  -71.53092 336.336576      99.98 5.2886e+01   1442.208      34614          3  0.000e+00
    278.897    275.937     1.4472  30.181598     1.4475  30.180875     3.9405     3.9887     0.0069    97.2403 1.0000e-12  -67.11394  -71.53092 336.336577      99.95 5.2886e+01   1442.250      34615          3  0.000e+00
    278.890    275.930     1.4476  30.181716     1.4476  30.180528     3.9370     3.9888     0.0143    97.2403 1.0000e-12  -67.11394  -71.53092 336.336577      99.95 5.2886e+01   1442.292      34616          3  0.000e+00
    278.945    275.985     1.4475  30.181716     1.4475  30.180412     3.9368     3.9881     0.0143    97.2403 1.0000e-12  -67.11394  -71.53092 336.336578      99.98 5.2886e+01   1442.333      34617          3  0.000e+00
    278.994    276.032     1.4476  30.181717     1.4476  30.180470     3.9421     3.9882     0.0143    97.2403 1.0000e-12  -67.11394  -71.53092 336.336578      99.98 5.2886e+01   1442.375      34618          3  0.000e+00
    278.945    275.985     1.4476  30.181716     1.4477  30.180644     3.9429     3.9882     0.0143    97.2403 1.0000e-12  -67.11394  -71.53092 336.336579      99.98 5.2886e+01   1442.417      34619          3  0.000e+00
    279.049    276.087     1.4475  30.181895     1.4478  30.180470     3.9382     3.9883     0.0069    97.2403 1.0000e-12  -67.11394  -71.53092 336.336579      99.98 5.2886e+01   1442.458      34620          3  0.000e+00
    278.994    276.032     1.4479  30.182369     1.4480  30.181107     3.9377     3.9884     0.0143    97.2403 1.0000e-12  -67.11394  -71.53092 336.336580      99.98 5.2886e+01   1442.500      34621          3  0.000e+00
    279.049    276.087     1.4482  30.182309     1.4481  30.181049     3.9373     3.9884     0.0143    97.2403 1.0000e-12  -67.11394  -71.53092 336.336580      99.98 5.2886e+01   1442.542      34622          3  0.000e+00
    279.097    276.134     1.4481  30.181835     1.4481  30.181165     3.9438     3.9885     0.0143    97.2661 1.0000e-12  -67.11394  -71.53092 336.336581      99.98 5.2886e+01   1442.583      34623          3  0.000e+00
    279.097    276.134     1.4479  30.182072     1.4482  30.181223     3.9391     3.9886     0.0069    97.2661 1.0000e-12  -67.11394  -71.53092 336.336581      99.98 5.2886e+01   1442.625      34624          3  0.000e+00
    279.097    276.134     1.4478  30.182250     1.4485  30.181744     3.9374     3.9886     0.0143    97.2661 1.0000e-12  -67.11394  -71.53092 336.336582      99.98 5.2886e+01   1442.667      34625          3  0.000e+00
    279.145    276.182     1.4482  30.182250     1.4493  30.181802     3.9412     3.9886     0.0069    97.2661 1.0000e-12  -67.11394  -71.53092 336.336582      99.98 5.2886e+01   1442.708      34626          3  0.000e+00
    279.200    276.236     1.4481  30.182488     1.4495  30.182381     3.9363     3.9887     0.0143    97.2661 1.0000e-12  -67.11394  -71.53092 336.336583      99.95 5.2886e+01   1442.750      34627          3  0.000e+00
    279.200    276.236     1.4481  30.182547     1.4500  30.182439     3.9301     3.9887     0.0069    97.2661 1.0000e-12  -67.11394  -71.53092 336.336583      99.95 5.2886e+01   1442.792      34628          3  0.000e+00
    279.200    276.236     1.4482  30.182547     1.4500  30.182555     3.9339     3.9941     0.0143    97.2661 1.0000e-12  -67.11394  -71.53092 336.336584      99.98 5.2886e+01   1442.833      34629          3  0.000e+00
    279.255    276.291     1.4485  30.182547     1.4507  30.183250     3.9390     3.9895     0.0143    97.2661 1.0000e-12  -67.11394  -71.53092 336.336584     100.00 5.2886e+01   1442.875      34630          3  0.000e+00
    279.248    276.284     1.4482  30.182547     1.4515  30.183887     3.9397     3.9895     0.0143    97.2661 1.0000e-12  -67.11394  -71.53092 336.336585      99.98 5.1124e+01   1442.917      34631          3  0.000e+00
    279.303    276.339     1.4485  30.182310     1.4520  30.184292     3.9348     3.9895     0.0143    97.2403 1.0000e-12  -67.11394  -71.53092 336.336585      99.98 5.2886e+01   1442.958      34632          3  0.000e+00
    279.352    276.386     1.4484  30.182607     1.4518  30.183887     3.9342     3.9887     0.0143    97.2661 1.0000e-12  -67.11394  -71.53092 336.336586      99.98 5.2886e+01   1443.000      34633          3  0.000e+00
    279.352    276.386     1.4487  30.182784     1.4512  30.183308     3.9391     3.9888     0.0143    97.2661 1.0000e-12  -67.11394  -71.53092 336.336586      99.98 5.2886e+01   1443.042      34634          3  0.000e+00
    279.358    276.393     1.4485  30.183021     1.4509  30.183482     3.9341     3.9880     0.0143    97.2661 1.0000e-12  -67.11394  -71.53092 336.336587      99.95 5.2886e+01   1443.083      34635          3  0.000e+00
    279.407    276.441     1.4487  30.182666     1.4511  30.183714     3.9334     3.9880     0.0143    97.2661 1.0000e-12  -67.11394  -71.53092 336.336587      99.98 5.1124e+01   1443.125      34636          3  0.000e+00
    279.455    276.488     1.4485  30.182903     1.4516  30.183945     3.9328     3.9879     0.0143    97.2661 1.0000e-12  -67.11394  -71.53092 336.336588     100.00 5.2886e+01   1443.167      34637          3  0.000e+00
    279.455    276.488     1.4488  30.182903     1.4516  30.184293     3.9377     3.9879     0.0143    97.2661 1.0000e-12  -67.11394  -71.53092 336.336588      99.98 5.2886e+01   1443.208      34638          3  0.000e+00
    279.503    276.536     1.4488  30.183022     1.4516  30.184119     3.9382     3.9879     0.0143    97.2661 1.0000e-12  -67.11394  -71.53092 336.336589      99.95 5.2886e+01   1443.250      34639          4  0.000e+00
    279.510    276.543     1.4488  30.183081     1.4516  30.184235     3.9344     3.9878     0.0143    97.2661 1.0000e-12  -67.11394  -71.53092 336.336589      99.95 5.2886e+01   1443.292      34640          4  0.000e+00
    279.558    276.590     1.4490  30.183081     1.4514  30.184119     3.9350     3.9879     0.0143    97.2403 1.0000e-12  -67.11394  -71.53092 336.336590      99.98 5.2886e+01   1443.333      34641          4  0.000e+00
    279.558    276.590     1.4491  30.183081     1.4514  30.183888     3.9399     3.9878     0.0143    97.2403 1.0000e-12  -67.11394  -71.53092 336.336590      99.98 5.1124e+01   1443.375      34642          4  0.000e+00
