NBP2113_155081_ctd/data/nbp2113_036.cnv
* Sea-Bird SBE 9 Data File:
* FileName = D:\Data\raw\NBP2113_036.hex
* Software Version Seasave V 7.26.7.121
* Temperature SN = 2438
* Conductivity SN = 2067
* Number of Bytes Per Scan = 40
* Number of Voltage Words = 5
* Number of Scans Averaged by the Deck Unit = 1
* NMEA Latitude = 64 56.01 S
* NMEA Longitude = 064 24.02 W
* NMEA UTC (Time) = Dec 09 2021  08:52:43
* NMEA baud rate = 9600
** Ship: RVIB N.B. Palmer
** Cruise: NBP2113 LTER
** Station: 600.040
** Operator: B. Urmston
# nquan = 25
# nvalues = 2636                        
# units = specified
# name 0 = prDM: Pressure, Digiquartz [db]
# name 1 = depSM: Depth [salt water, m]
# name 2 = t090C: Temperature [ITS-90, deg C]
# name 3 = c0mS/cm: Conductivity [mS/cm]
# name 4 = t190C: Temperature, 2 [ITS-90, deg C]
# name 5 = c1mS/cm: Conductivity, 2 [mS/cm]
# name 6 = sbeox0ML/L: Oxygen, SBE 43 [ml/l]
# name 7 = sbeox1ML/L: Oxygen, SBE 43, 2 [ml/l]
# name 8 = flECO-AFL: Fluorescence, WET Labs ECO-AFL/FL [mg/m^3]
# name 9 = CStarTr0: Beam Transmission, WET Labs C-Star [%]
# name 10 = par: PAR/Irradiance, Biospherical/Licor
# name 11 = latitude: Latitude [deg]
# name 12 = longitude: Longitude [deg]
# name 13 = timeJ: Julian Days
# name 14 = altM: Altimeter [m]
# name 15 = spar: SPAR, Biospherical/Licor
# name 16 = timeS: Time, Elapsed [seconds]
# name 17 = scan: Scan Count
# name 18 = density00: Density [density, kg/m^3]
# name 19 = density11: Density, 2 [density, kg/m^3]
# name 20 = sal00: Salinity, Practical [PSU]
# name 21 = sal11: Salinity, Practical, 2 [PSU]
# name 22 = oxsolML/L: Oxygen Saturation, Garcia & Gordon [ml/l]
# name 23 = nbin: number of scans per bin
# name 24 = flag: flag
# span 0 =      1.000,   1321.000       
# span 1 =      0.991,   1303.919       
# span 2 =    -0.9824,     1.4953       
# span 3 =  27.143103,  30.665300       
# span 4 =    -0.9815,     1.4953       
# span 5 =  27.141909,  30.664082       
# span 6 =     4.0305,     9.1074       
# span 7 =     4.0848,     9.8278       
# span 8 =    -0.0225,     1.6711       
# span 9 =    87.6167,    95.7305       
# span 10 = -8.325e-06, 3.5589e+02      
# span 11 =  -64.93360,  -64.93348      
# span 12 =  -64.40046,  -64.39930      
# span 13 = 343.373968, 343.421022      
# span 14 =       7.62,     101.38      
# span 15 = 1.0570e+02, 2.6975e+02      
# span 16 =    347.870,   4413.284      
# span 17 =       8350,     105920      
# span 18 =  1026.9977,  1033.9040      
# span 19 =  1026.9967,  1033.9031      
# span 20 =    33.5538,    34.6777      
# span 21 =    33.5516,    34.6766      
# span 22 =    7.72533,    8.30415      
# span 23 =          8,         47      
# span 24 = 0.0000e+00, 0.0000e+00      
# interval = decibars: 1                
# start_time = Dec 09 2021 08:52:43 [NMEA time, header]
# bad_flag = -9.990e-29
*END*
[from data line 290]
    296.000    292.889     1.1381  29.847932     1.1376  29.846571     4.4545     4.5019    -0.0127    95.5280 1.0000e-12  -64.93356  -64.40025 343.380776      99.97 1.3398e+02    936.053      22466  1029.1124  1029.1115    34.6012    34.6000    7.80000         30 0.0000e+00
    297.000    293.879     1.1496  29.860017     1.1491  29.858625     4.4420     4.5009    -0.0077    95.5237 1.0000e-12  -64.93356  -64.40024 343.380787      99.98 1.3398e+02    936.962      22488  1029.1178  1029.1168    34.6034    34.6022    7.79759         21 0.0000e+00
    298.000    294.866     1.1525  29.864127     1.1519  29.862617     4.4421     4.4977    -0.0077    95.5471 1.0000e-12  -64.93356  -64.40024 343.380796      99.97 1.3250e+02    937.757      22507  1029.1234  1029.1224    34.6049    34.6035    7.79694         17 0.0000e+00
    299.000    295.856     1.1542  29.866499     1.1528  29.864175     4.4507     4.4970    -0.0134    95.5571 1.0000e-12  -64.93356  -64.40024 343.380804      99.97 1.3222e+02    938.495      22525  1029.1284  1029.1274    34.6054    34.6040    7.79656         19 0.0000e+00
    300.000    296.846     1.1546  29.867510     1.1541  29.866100     4.4454     4.4954    -0.0149    95.5497 1.0000e-12  -64.93356  -64.40024 343.380814      99.97 1.3222e+02    939.304      22544  1029.1334  1029.1323    34.6057    34.6044    7.79647         21 0.0000e+00
    301.000    297.834     1.1545  29.867830     1.1542  29.866740     4.4385     4.4999    -0.0119    95.5547 1.0000e-12  -64.93356  -64.40024 343.380826      99.97 1.3222e+02    940.367      22570  1029.1381  1029.1372    34.6056    34.6046    7.79649         31 0.0000e+00
    302.000    298.822     1.1548  29.868521     1.1546  29.867422     4.4503     4.4971    -0.0021    95.5692 1.0000e-12  -64.93356  -64.40024 343.380845      99.97 1.3222e+02    942.002      22609  1029.1428  1029.1418    34.6057    34.6045    7.79644         39 0.0000e+00
    303.000    299.812     1.1551  29.869227     1.1548  29.868090     4.4488     4.4970    -0.0012    95.5839 1.0000e-12  -64.93356  -64.40024 343.380869      99.97 1.3222e+02    944.090      22659  1029.1475  1029.1466    34.6056    34.6045    7.79637         46 0.0000e+00
    304.000    300.799     1.1563  29.870666     1.1561  29.869928     4.4452     4.4863    -0.0078    95.5990 1.0000e-12  -64.93356  -64.40022 343.380891      99.97 1.3222e+02    946.015      22705  1029.1521  1029.1514    34.6056    34.6048    7.79614         36 0.0000e+00
    305.000    301.788     1.1597  29.874814     1.1595  29.873809     4.4408     4.4795    -0.0077    95.5923 1.0000e-12  -64.93356  -64.40020 343.380906      99.97 1.3222e+02    947.263      22735  1029.1572  1029.1564    34.6065    34.6055    7.79541         23 0.0000e+00
    306.000    302.778     1.1644  29.880032     1.1640  29.878756     4.4339     4.4769    -0.0113    95.5924 1.0000e-12  -64.93356  -64.40020 343.380916      99.98 1.3222e+02    948.135      22756  1029.1622  1029.1612    34.6074    34.6062    7.79442         20 0.0000e+00
    307.000    303.766     1.1650  29.881366     1.1648  29.880292     4.4260     4.4811    -0.0149    95.5924 1.0000e-12  -64.93356  -64.40020 343.380925      99.97 1.3222e+02    948.916      22775  1029.1672  1029.1663    34.6079    34.6067    7.79427         18 0.0000e+00
    308.000    304.756     1.1673  29.883723     1.1669  29.882564     4.4206     4.4828    -0.0150    95.5924 1.0000e-12  -64.93356  -64.40020 343.380934      99.97 1.3222e+02    949.662      22793  1029.1717  1029.1708    34.6079    34.6067    7.79383         17 0.0000e+00
    309.000    305.743     1.1703  29.887147     1.1699  29.886021     4.4188     4.4750    -0.0105    95.5924 1.0000e-12  -64.93356  -64.40020 343.380942      99.98 1.3222e+02    950.405      22811  1029.1765  1029.1757    34.6083    34.6073    7.79321         18 0.0000e+00
    310.000    306.733     1.1745  29.892174     1.1743  29.891154     4.4225     4.4750    -0.0078    95.5924 1.0000e-12  -64.93356  -64.40020 343.380952      99.97 1.3222e+02    951.231      22831  1029.1818  1029.1809    34.6095    34.6084    7.79230         23 0.0000e+00
    311.000    307.723     1.1779  29.895918     1.1778  29.895090     4.4246     4.4714    -0.0096    95.5924 1.0000e-12  -64.93356  -64.40020 343.380971      99.97 1.3250e+02    952.900      22871  1029.1866  1029.1858    34.6100    34.6090    7.79161         35 0.0000e+00
    312.000    308.710     1.1805  29.899719     1.1801  29.898409     4.4184     4.4674    -0.0077    95.5846 1.0000e-12  -64.93357  -64.40020 343.381005      99.97 1.3400e+02    955.870      22942  1029.1923  1029.1913    34.6113    34.6101    7.79101         40 0.0000e+00
    313.000    309.698     1.1850  29.904512     1.1842  29.902987     4.4126     4.4573    -0.0077    95.5670 1.0000e-12  -64.93356  -64.40018 343.381022      99.97 1.3398e+02    957.297      22976  1029.1971  1029.1963    34.6119    34.6108    7.79008         27 0.0000e+00
    314.000    310.686     1.1863  29.906587     1.1859  29.905283     4.4103     4.4537    -0.0077    95.5997 1.0000e-12  -64.93356  -64.40016 343.381034      99.97 1.3398e+02    958.311      23000  1029.2022  1029.2013    34.6126    34.6114    7.78979         23 0.0000e+00
    315.000    311.677     1.1880  29.908654     1.1876  29.907408     4.4079     4.4487    -0.0127    95.6173 1.0000e-12  -64.93356  -64.40014 343.381044      99.97 1.3398e+02    959.232      23023  1029.2069  1029.2060    34.6128    34.6116    7.78944         21 0.0000e+00
    316.000    312.663     1.1904  29.911790     1.1899  29.910555     4.3979     4.4448    -0.0130    95.6196 1.0000e-12  -64.93356  -64.40014 343.381054      99.97 1.3378e+02    960.026      23042  1029.2121  1029.2112    34.6136    34.6125    7.78893         18 0.0000e+00
    317.000    313.654     1.1909  29.912864     1.1906  29.911807     4.3918     4.4435    -0.0077    95.6113 1.0000e-12  -64.93356  -64.40013 343.381061      99.98 1.3234e+02    960.705      23058  1029.2169  1029.2162    34.6138    34.6128    7.78881         15 0.0000e+00
    318.000    314.640     1.1922  29.914854     1.1915  29.913394     4.3857     4.4441    -0.0077    95.6142 1.0000e-12  -64.93356  -64.40012 343.381068      99.97 1.3222e+02    961.294      23072  1029.2220  1029.2211    34.6143    34.6132    7.78852         13 0.0000e+00
    319.000    315.633     1.1931  29.916431     1.1930  29.915538     4.3854     4.4464    -0.0077    95.6182 1.0000e-12  -64.93356  -64.40013 343.381074      99.98 1.3222e+02    961.842      23085  1029.2269  1029.2261    34.6148    34.6137    7.78832         13 0.0000e+00
    320.000    316.620     1.1943  29.918091     1.1940  29.916974     4.3867     4.4531    -0.0077    95.6199 1.0000e-12  -64.93356  -64.40014 343.381081      99.97 1.3222e+02    962.392      23098  1029.2317  1029.2309    34.6150    34.6139    7.78807         14 0.0000e+00
    321.000    317.608     1.1950  29.919693     1.1947  29.918495     4.3949     4.4511    -0.0077    95.5791 1.0000e-12  -64.93356  -64.40014 343.381097      99.97 1.3222e+02    963.748      23131  1029.2369  1029.2360    34.6157    34.6145    7.78789         23 0.0000e+00
    322.000    318.596     1.1930  29.917126     1.1925  29.915891     4.3667     4.4229    -0.0035    95.6110 1.0000e-12  -64.93356  -64.40008 343.381158      99.97 1.3235e+02    969.052      23258  1029.2407  1029.2399    34.6141    34.6130    7.78838         14 0.0000e+00
    323.000    319.589     1.2000  29.924817     1.1990  29.923280     4.3599     4.4197    -0.0004    95.6022 1.0000e-12  -64.93356  -64.40008 343.381164      99.97 1.3222e+02    969.591      23271  1029.2459  1029.2453    34.6155    34.6147    7.78690         13 0.0000e+00
    324.000    320.571     1.2081  29.934407     1.2074  29.932639     4.3529     4.4140    -0.0095    95.5924 1.0000e-12  -64.93356  -64.40006 343.381170      97.39 1.3222e+02    970.104      23283  1029.2519  1029.2509    34.6183    34.6168    7.78515         12 0.0000e+00
    325.000    321.562     1.2109  29.938253     1.2099  29.936349     4.3488     4.4108    -0.0150    95.5838 1.0000e-12  -64.93356  -64.40006 343.381176      43.59 1.3222e+02    970.603      23295  1029.2574  1029.2564    34.6196    34.6182    7.78453         12 0.0000e+00
    326.000    322.553     1.2134  29.941587     1.2129  29.940121     4.3485     4.4107    -0.0150    95.6111 1.0000e-12  -64.93356  -64.40004 343.381182      98.16 1.3222e+02    971.094      23307  1029.2626  1029.2616    34.6205    34.6192    7.78398         12 0.0000e+00
    327.000    323.541     1.2142  29.942978     1.2144  29.942307     4.3513     4.4083    -0.0150    95.6180 1.0000e-12  -64.93356  -64.40004 343.381187      99.96 1.3208e+02    971.595      23319  1029.2675  1029.2667    34.6208    34.6198    7.78381         12 0.0000e+00
    328.000    324.528     1.2162  29.945317     1.2159  29.944375     4.3537     4.4120    -0.0128    95.6162 1.0000e-12  -64.93356  -64.40004 343.381194      99.98 1.3048e+02    972.115      23332  1029.2722  1029.2715    34.6210    34.6201    7.78340         13 0.0000e+00
    329.000    325.518     1.2219  29.952019     1.2214  29.950603     4.3552     4.4166    -0.0080    95.6150 1.0000e-12  -64.93356  -64.40005 343.381200      99.97 1.3045e+02    972.698      23346  1029.2777  1029.2768    34.6227    34.6215    7.78218         16 0.0000e+00
    330.000    326.507     1.2173  29.947357     1.2163  29.945352     4.3576     4.4153    -0.0077    95.5994 1.0000e-12  -64.93356  -64.40007 343.381248      85.50 1.3160e+02    976.832      23445  1029.2820  1029.2809    34.6213    34.6198    7.78317         30 0.0000e+00
    331.000    327.495     1.2228  29.953656     1.2208  29.951075     4.3501     4.4036    -0.0077    95.5952 1.0000e-12  -64.93356  -64.40006 343.381277      99.67 1.3296e+02    979.315      23505  1029.2872  1029.2866    34.6226    34.6216    7.78200         19 0.0000e+00
    332.000    328.484     1.2250  29.956308     1.2184  29.948254     4.3461     4.3932    -0.0077    95.5772 1.0000e-12  -64.93356  -64.40002 343.381286      99.97 1.3294e+02    980.128      23524  1029.2923  1029.2904    34.6230    34.6200    7.78155         17 0.0000e+00
    333.000    329.471     1.2297  29.961722     1.2291  29.960030     4.3532     4.3898    -0.0077    95.5926 1.0000e-12  -64.93356  -64.40001 343.381294      99.97 1.3310e+02    980.821      23541  1029.2972  1029.2960    34.6242    34.6227    7.78055         16 0.0000e+00
    334.000    330.459     1.2308  29.963671     1.2304  29.962541     4.3506     4.3885    -0.0077    95.5993 1.0000e-12  -64.93356  -64.40000 343.381302      37.02 1.3269e+02    981.462      23556  1029.3024  1029.3017    34.6248    34.6239    7.78029         15 0.0000e+00
    335.000    331.450     1.2330  29.966189     1.2323  29.964657     4.3411     4.3902    -0.0077    95.6195 1.0000e-12  -64.93356  -64.39998 343.381308      85.66 1.3235e+02    982.050      23570  1029.3071  1029.3063    34.6250    34.6239    7.77984         14 0.0000e+00
    336.000    332.438     1.2362  29.970066     1.2357  29.968662     4.3360     4.3892    -0.0077    95.5855 1.0000e-12  -64.93356  -64.39998 343.381315      11.80 1.3222e+02    982.609      23584  1029.3122  1029.3112    34.6259    34.6246    7.77916         13 0.0000e+00
    337.000    333.426     1.2368  29.971242     1.2364  29.970106     4.3333     4.3907    -0.0077    95.5977 1.0000e-12  -64.93356  -64.39998 343.381321      29.32 1.3234e+02    983.179      23597  1029.3171  1029.3163    34.6262    34.6252    7.77903         14 0.0000e+00
    338.000    334.414     1.2408  29.975412     1.2402  29.974240     4.3278     4.3891    -0.0077    95.6146 1.0000e-12  -64.93357  -64.39999 343.381329      98.83 1.3222e+02    983.802      23612  1029.3217  1029.3211    34.6266    34.6257    7.77822         16 0.0000e+00
    339.000    335.403     1.2429  29.978427     1.2430  29.977514     4.3332     4.3920    -0.0077    95.6190 1.0000e-12  -64.93358  -64.40000 343.381349      99.97 1.3244e+02    985.527      23654  1029.3270  1029.3260    34.6275    34.6262    7.77776         26 0.0000e+00
    340.000    336.392     1.2403  29.974930     1.2395  29.973712     4.3306     4.3796    -0.0077    95.6336 1.0000e-12  -64.93356  -64.40000 343.381403      99.97 1.3401e+02    990.226      23766  1029.3304  1029.3299    34.6253    34.6246    7.77839         17 0.0000e+00
    341.000    337.382     1.2484  29.984631     1.2478  29.983194     4.3287     4.3794    -0.0051    95.6420 1.0000e-12  -64.93356  -64.39998 343.381409      99.97 1.3398e+02    990.770      23779  1029.3366  1029.3358    34.6282    34.6271    7.77662         14 0.0000e+00
    342.000    338.369     1.2493  29.986540     1.2489  29.985443     4.3282     4.3821    -0.0004    95.6328 1.0000e-12  -64.93356  -64.39996 343.381416      99.97 1.3398e+02    991.355      23794  1029.3419  1029.3412    34.6290    34.6281    7.77640         14 0.0000e+00
    343.000    339.358     1.2482  29.986009     1.2478  29.984772     4.3284     4.3836    -0.0040    95.6182 1.0000e-12  -64.93356  -64.39996 343.381423      99.98 1.3398e+02    991.934      23807  1029.3467  1029.3458    34.6290    34.6278    7.77662         14 0.0000e+00
    344.000    340.347     1.2487  29.986811     1.2482  29.985547     4.3240     4.3784    -0.0076    95.6400 1.0000e-12  -64.93356  -64.39996 343.381430      93.17 1.3398e+02    992.544      23822  1029.3514  1029.3505    34.6289    34.6278    7.77653         16 0.0000e+00
    345.000    341.335     1.2489  29.987262     1.2482  29.985818     4.3269     4.3773    -0.0077    95.6286 1.0000e-12  -64.93356  -64.39994 343.381438      47.50 1.3398e+02    993.247      23839  1029.3559  1029.3551    34.6287    34.6276    7.77650         18 0.0000e+00
    346.000    342.323     1.2530  29.992203     1.2524  29.990857     4.3249     4.3802    -0.0077    95.6560 1.0000e-12  -64.93356  -64.39994 343.381448      98.63 1.3398e+02    994.124      23860  1029.3611  1029.3603    34.6299    34.6288    7.77562         24 0.0000e+00
    347.000    343.311     1.2530  29.992743     1.2526  29.991610     4.3290     4.3777    -0.0152    95.6509 1.0000e-12  -64.93356  -64.39996 343.381461      99.97 1.3398e+02    995.268      23887  1029.3660  1029.3652    34.6300    34.6290    7.77561         30 0.0000e+00
    348.000    344.294     1.2524  29.992640     1.2520  29.991230     4.3342     4.3811    -0.0158    95.6617 1.0000e-12  -64.93356  -64.39997 343.381484      99.97 1.3398e+02    997.246      23935  1029.3709  1029.3698    34.6300    34.6286    7.77574         30 0.0000e+00
    349.000    345.289     1.2526  29.993209     1.2525  29.992042     4.3330     4.3662    -0.0075    95.6809 1.0000e-12  -64.93356  -64.39996 343.381522      99.97 1.3278e+02   1000.471      24012  1029.3755  1029.3744    34.6299    34.6285    7.77570         30 0.0000e+00
    350.000    346.278     1.2540  29.994929     1.2536  29.993868     4.3278     4.3688    -0.0073    95.6738 1.0000e-12  -64.93356  -64.39994 343.381532      99.97 1.3221e+02   1001.337      24033  1029.3802  1029.3794    34.6300    34.6290    7.77542         18 0.0000e+00
    351.000    347.263     1.2545  29.995778     1.2538  29.994450     4.3271     4.3714    -0.0136    95.6956 1.0000e-12  -64.93356  -64.39994 343.381539      99.98 1.3222e+02   1002.008      24049  1029.3848  1029.3842    34.6300    34.6290    7.77533         15 0.0000e+00
    352.000    348.258     1.2546  29.996523     1.2542  29.995306     4.3265     4.3748    -0.0150    95.6490 1.0000e-12  -64.93356  -64.39994 343.381546      99.97 1.3222e+02   1002.609      24064  1029.3897  1029.3888    34.6302    34.6291    7.77529         14 0.0000e+00
