NBP2113_155081_ctd/data/nbp2113_055.cnv
* Sea-Bird SBE 9 Data File:
* FileName = D:\Data\raw\NBP2113_055.hex
* Software Version Seasave V 7.26.7.121
* Temperature SN = 2438
* Conductivity SN = 2067
* Number of Bytes Per Scan = 40
* Number of Voltage Words = 5
* Number of Scans Averaged by the Deck Unit = 1
* NMEA Latitude = 64 51.63 S
* NMEA Longitude = 064 56.94 W
* NMEA UTC (Time) = Dec 11 2021  21:26:08
* NMEA baud rate = 9600
** Ship: RVIB N.B. Palmer
** Cruise: NBP2113 LTER
** Station: 589.065
** Operator: S. Blackman
# nquan = 25
# nvalues = 889                         
# units = specified
# name 0 = prDM: Pressure, Digiquartz [db]
# name 1 = depSM: Depth [salt water, m]
# name 2 = t090C: Temperature [ITS-90, deg C]
# name 3 = c0mS/cm: Conductivity [mS/cm]
# name 4 = t190C: Temperature, 2 [ITS-90, deg C]
# name 5 = c1mS/cm: Conductivity, 2 [mS/cm]
# name 6 = sbeox0ML/L: Oxygen, SBE 43 [ml/l]
# name 7 = sbeox1ML/L: Oxygen, SBE 43, 2 [ml/l]
# name 8 = flECO-AFL: Fluorescence, WET Labs ECO-AFL/FL [mg/m^3]
# name 9 = CStarTr0: Beam Transmission, WET Labs C-Star [%]
# name 10 = par: PAR/Irradiance, Biospherical/Licor
# name 11 = latitude: Latitude [deg]
# name 12 = longitude: Longitude [deg]
# name 13 = timeJ: Julian Days
# name 14 = altM: Altimeter [m]
# name 15 = spar: SPAR, Biospherical/Licor
# name 16 = timeS: Time, Elapsed [seconds]
# name 17 = scan: Scan Count
# name 18 = density00: Density [density, kg/m^3]
# name 19 = density11: Density, 2 [density, kg/m^3]
# name 20 = sal00: Salinity, Practical [PSU]
# name 21 = sal11: Salinity, Practical, 2 [PSU]
# name 22 = oxsolML/L: Oxygen Saturation, Garcia & Gordon [ml/l]
# name 23 = nbin: number of scans per bin
# name 24 = flag: flag
# span 0 =      1.000,    447.000       
# span 1 =      0.989,    442.148       
# span 2 =    -0.5498,     1.4637       
# span 3 =  27.523945,  30.262477       
# span 4 =    -0.5608,     1.4633       
# span 5 =  27.512948,  30.260983       
# span 6 =     4.0841,     8.6639       
# span 7 =     4.1401,     8.1982       
# span 8 =    -0.0226,     1.8003       
# span 9 =    82.5439,    91.8275       
# span 10 = 1.0000e-12, 3.1133e+02      
# span 11 =  -64.86068,  -64.86054      
# span 12 =  -64.94917,  -64.94824      
# span 13 = 345.896197, 345.913174      
# span 14 =       1.14,      99.97      
# span 15 = 1.7629e+02, 2.8028e+02      
# span 16 =    263.443,   1730.210      
# span 17 =       6324,      41526      
# span 18 =  1027.0247,  1029.8611      
# span 19 =  1027.0200,  1029.8599      
# span 20 =    33.5906,    34.6842      
# span 21 =    33.5818,    34.6828      
# span 22 =    7.73118,    8.20735      
# span 23 =         13,         50      
# span 24 = 0.0000e+00, 0.0000e+00      
# interval = decibars: 1                
# start_time = Dec 11 2021 21:26:08 [NMEA time, header]
# bad_flag = -9.990e-29
*END*
[from data line 464]
    425.000    420.406     1.4622  30.251491     1.4620  30.250111     4.0937     4.1488    -0.0085    91.3204 1.0000e-12  -64.86062  -64.94864 345.905265      30.15 1.8158e+02   1046.878      25126  1029.7582  1029.7571    34.6840    34.6826    7.73146         36 0.0000e+00
    424.000    419.418     1.4617  30.250494     1.4617  30.249348     4.0902     4.1457    -0.0057    91.3036 1.0000e-12  -64.86062  -64.94866 345.905285      31.09 1.8158e+02   1048.615      25168  1029.7535  1029.7524    34.6839    34.6825    7.73157         33 0.0000e+00
    423.000    418.429     1.4616  30.250010     1.4613  30.248403     4.0907     4.1427    -0.0038    91.3359 1.0000e-12  -64.86062  -64.94867 345.905298      32.02 1.8158e+02   1049.735      25195  1029.7489  1029.7476    34.6840    34.6823    7.73159         21 0.0000e+00
    422.000    417.444     1.4612  30.249129     1.4610  30.247737     4.0885     4.1448    -0.0064    91.3676 1.0000e-12  -64.86062  -64.94868 345.905307      32.85 1.8158e+02   1050.514      25213  1029.7441  1029.7430    34.6838    34.6824    7.73167         16 0.0000e+00
    421.000    416.452     1.4613  30.248668     1.4609  30.247136     4.0919     4.1464    -0.0052    91.4050 1.0000e-12  -64.86062  -64.94868 345.905314      33.71 1.8158e+02   1051.146      25228  1029.7393  1029.7382    34.6837    34.6822    7.73166         15 0.0000e+00
    420.000    415.465     1.4611  30.247997     1.4606  30.246446     4.0904     4.1456    -0.0046    91.4287 1.0000e-12  -64.86062  -64.94867 345.905321      34.62 1.8158e+02   1051.740      25243  1029.7347  1029.7336    34.6838    34.6823    7.73171         14 0.0000e+00
    419.000    414.478     1.4607  30.247083     1.4604  30.245652     4.0918     4.1446    -0.0104    91.4210 1.0000e-12  -64.86062  -64.94866 345.905328      35.72 1.8158e+02   1052.349      25257  1029.7299  1029.7288    34.6836    34.6821    7.73179         16 0.0000e+00
    418.000    413.487     1.4603  30.246209     1.4599  30.244685     4.0878     4.1439    -0.0137    91.4209 1.0000e-12  -64.86062  -64.94864 345.905336      36.93 1.8158e+02   1053.041      25274  1029.7252  1029.7240    34.6834    34.6820    7.73187         18 0.0000e+00
    417.000    412.501     1.4608  30.246171     1.4603  30.244592     4.0927     4.1459    -0.0006    91.4383 1.0000e-12  -64.86062  -64.94864 345.905358      38.17 1.8118e+02   1054.904      25319  1029.7205  1029.7193    34.6834    34.6819    7.73178         30 0.0000e+00
    416.000    411.513     1.4609  30.246051     1.4605  30.244567     4.0845     4.1511    -0.0081    91.4106 1.0000e-12  -64.86062  -64.94864 345.905405      39.21 1.7974e+02   1058.954      25416  1029.7160  1029.7148    34.6837    34.6823    7.73174         20 0.0000e+00
    415.000    410.524     1.4606  30.245289     1.4602  30.243826     4.0912     4.1495    -0.0044    91.4112 1.0000e-12  -64.86062  -64.94864 345.905411      39.99 1.7981e+02   1059.556      25430  1029.7113  1029.7101    34.6837    34.6822    7.73180         16 0.0000e+00
    414.000    409.535     1.4601  30.244219     1.4599  30.242832     4.0980     4.1514    -0.0009    91.4262 1.0000e-12  -64.86062  -64.94866 345.905419      40.75 1.7981e+02   1060.172      25445  1029.7065  1029.7053    34.6834    34.6819    7.73191         15 0.0000e+00
    413.000    408.548     1.4595  30.243107     1.4592  30.241698     4.0988     4.1539     0.0026    91.4461 1.0000e-12  -64.86062  -64.94866 345.905425      41.83 1.7981e+02   1060.754      25459  1029.7017  1029.7005    34.6833    34.6818    7.73205         14 0.0000e+00
    412.000    407.559     1.4586  30.241788     1.4583  30.240217     4.0991     4.1532    -0.0112    91.4631 1.0000e-12  -64.86062  -64.94866 345.905432      42.88 1.7981e+02   1061.349      25473  1029.6970  1029.6957    34.6831    34.6814    7.73222         14 0.0000e+00
    411.000    406.570     1.4584  30.240976     1.4581  30.239549     4.1009     4.1500    -0.0137    91.4801 1.0000e-12  -64.86062  -64.94866 345.905440      43.93 1.7981e+02   1062.003      25489  1029.6922  1029.6909    34.6830    34.6814    7.73228         17 0.0000e+00
    410.000    405.582     1.4584  30.240412     1.4580  30.238897     4.0964     4.1514    -0.0072    91.5053 1.0000e-12  -64.86062  -64.94866 345.905449      44.97 1.7951e+02   1062.812      25508  1029.6874  1029.6862    34.6828    34.6813    7.73229         23 0.0000e+00
    409.000    404.594     1.4590  30.240594     1.4584  30.238956     4.0921     4.1513    -0.0040    91.5128 1.0000e-12  -64.86062  -64.94865 345.905463      46.26 1.7829e+02   1064.025      25538  1029.6827  1029.6816    34.6829    34.6815    7.73217         33 0.0000e+00
    408.000    403.607     1.4586  30.239838     1.4583  30.238367     4.0934     4.1523    -0.0119    91.4951 1.0000e-12  -64.86062  -64.94862 345.905494      47.54 1.7805e+02   1066.666      25601  1029.6781  1029.6769    34.6830    34.6814    7.73224         37 0.0000e+00
    407.000    402.618     1.4587  30.239500     1.4586  30.238253     4.0943     4.1536    -0.0145    91.4961 1.0000e-12  -64.86062  -64.94864 345.905513      48.27 1.7805e+02   1068.315      25641  1029.6735  1029.6723    34.6830    34.6816    7.73222         24 0.0000e+00
    406.000    401.631     1.4574  30.237803     1.4569  30.236146     4.0977     4.1533    -0.0052    91.4794 1.0000e-12  -64.86062  -64.94864 345.905523      49.05 1.7805e+02   1069.153      25661  1029.6687  1029.6676    34.6828    34.6813    7.73247         18 0.0000e+00
    405.000    400.641     1.4563  30.236037     1.4561  30.234565     4.0937     4.1492    -0.0056    91.5166 1.0000e-12  -64.86062  -64.94864 345.905531      50.21 1.7805e+02   1069.881      25678  1029.6638  1029.6626    34.6823    34.6808    7.73271         17 0.0000e+00
    404.000    399.652     1.4556  30.234813     1.4552  30.233272     4.0948     4.1502    -0.0066    91.5418 1.0000e-12  -64.86063  -64.94864 345.905540      51.16 1.7630e+02   1070.640      25696  1029.6591  1029.6579    34.6822    34.6806    7.73287         20 0.0000e+00
    403.000    398.664     1.4556  30.234241     1.4554  30.232948     4.0995     4.1520    -0.0000    91.5881 1.0000e-12  -64.86064  -64.94864 345.905552      52.48 1.7629e+02   1071.657      25721  1029.6542  1029.6531    34.6820    34.6806    7.73287         31 0.0000e+00
    402.000    397.677     1.4561  30.234220     1.4561  30.233310     4.1030     4.1547    -0.0098    91.5697 1.0000e-12  -64.86062  -64.94864 345.905575      53.56 1.7629e+02   1073.683      25769  1029.6495  1029.6485    34.6820    34.6808    7.73278         30 0.0000e+00
    401.000    396.690     1.4564  30.234293     1.4561  30.233013     4.1014     4.1566    -0.0096    91.5755 1.0000e-12  -64.86062  -64.94864 345.905594      54.50 1.7629e+02   1075.349      25809  1029.6450  1029.6439    34.6823    34.6810    7.73269         27 0.0000e+00
    400.000    395.699     1.4548  30.231940     1.4546  30.230834     4.1040     4.1623    -0.0115    91.5862 1.0000e-12  -64.86062  -64.94864 345.905605      55.34 1.7629e+02   1076.290      25832  1029.6400  1029.6391    34.6817    34.6805    7.73305         19 0.0000e+00
    399.000    394.712     1.4513  30.227803     1.4511  30.226691     4.1032     4.1628    -0.0056    91.6085 1.0000e-12  -64.86062  -64.94864 345.905614      56.16 1.7629e+02   1077.033      25850  1029.6350  1029.6340    34.6809    34.6797    7.73378         17 0.0000e+00
    398.000    393.722     1.4500  30.225557     1.4495  30.223915     4.1071     4.1576    -0.0059    91.6282 1.0000e-12  -64.86062  -64.94864 345.905622      57.31 1.7629e+02   1077.718      25866  1029.6298  1029.6287    34.6800    34.6785    7.73408         16 0.0000e+00
    397.000    392.735     1.4493  30.224350     1.4491  30.222987     4.1089     4.1594    -0.0061    91.6626 1.0000e-12  -64.86062  -64.94864 345.905630      58.51 1.7629e+02   1078.436      25883  1029.6250  1029.6238    34.6799    34.6784    7.73423         18 0.0000e+00
    396.000    391.747     1.4496  30.224226     1.4490  30.222445     4.1154     4.1641    -0.0073    91.6749 1.0000e-12  -64.86062  -64.94864 345.905640      59.51 1.7629e+02   1079.329      25905  1029.6203  1029.6191    34.6799    34.6783    7.73417         27 0.0000e+00
    395.000    390.756     1.4501  30.224286     1.4501  30.223361     4.1101     4.1612    -0.0077    91.6673 1.0000e-12  -64.86063  -64.94864 345.905662      60.75 1.7629e+02   1081.172      25949  1029.6157  1029.6147    34.6800    34.6789    7.73406         35 0.0000e+00
    394.000    389.769     1.4493  30.223114     1.4496  30.222311     4.1061     4.1574    -0.0066    91.6524 1.0000e-12  -64.86064  -64.94864 345.905688      61.89 1.7629e+02   1083.435      26003  1029.6109  1029.6098    34.6800    34.6786    7.73422         32 0.0000e+00
    393.000    388.782     1.4494  30.222911     1.4493  30.221659     4.1109     4.1607    -0.0046    91.6153 1.0000e-12  -64.86062  -64.94864 345.905701      63.00 1.7659e+02   1084.591      26031  1029.6064  1029.6052    34.6801    34.6787    7.73419         24 0.0000e+00
    392.000    387.794     1.4483  30.220966     1.4481  30.219933     4.1122     4.1628    -0.0134    91.6633 1.0000e-12  -64.86062  -64.94864 345.905712      64.04 1.7791e+02   1085.517      26053  1029.6014  1029.6004    34.6795    34.6784    7.73445         21 0.0000e+00
    391.000    386.804     1.4474  30.219591     1.4470  30.218081     4.1122     4.1676    -0.0094    91.6907 1.0000e-12  -64.86062  -64.94864 345.905722      64.56 1.7805e+02   1086.376      26074  1029.5966  1029.5954    34.6793    34.6778    7.73463         21 0.0000e+00
    390.000    385.818     1.4471  30.218869     1.4469  30.217322     4.1091     4.1681    -0.0066    91.6978 1.0000e-12  -64.86062  -64.94864 345.905732      65.78 1.7794e+02   1087.233      26095  1029.5919  1029.5905    34.6794    34.6776    7.73469         20 0.0000e+00
    389.000    384.828     1.4470  30.218122     1.4467  30.216747     4.1061     4.1645    -0.0052    91.6975 1.0000e-12  -64.86062  -64.94864 345.905742      66.65 1.7630e+02   1088.121      26116  1029.5870  1029.5859    34.6791    34.6776    7.73473         23 0.0000e+00
    388.000    383.841     1.4468  30.217608     1.4465  30.216154     4.1142     4.1666    -0.0001    91.7031 1.0000e-12  -64.86062  -64.94862 345.905754      67.93 1.7629e+02   1089.162      26141  1029.5824  1029.5812    34.6791    34.6777    7.73475         29 0.0000e+00
    387.000    382.851     1.4472  30.217474     1.4468  30.216021     4.1106     4.1655    -0.0062    91.5388 1.0000e-12  -64.86062  -64.94863 345.905775      68.96 1.7629e+02   1090.939      26184  1029.5777  1029.5765    34.6792    34.6777    7.73468         36 0.0000e+00
    386.000    381.864     1.4471  30.217136     1.4470  30.215783     4.1073     4.1670    -0.0065    91.6984 1.0000e-12  -64.86062  -64.94864 345.905796      70.02 1.7629e+02   1092.779      26228  1029.5731  1029.5719    34.6793    34.6778    7.73468         30 0.0000e+00
    385.000    380.876     1.4463  30.215660     1.4460  30.214298     4.1059     4.1740    -0.0062    91.6933 1.0000e-12  -64.86062  -64.94864 345.905807      71.01 1.7629e+02   1093.767      26251  1029.5682  1029.5671    34.6790    34.6775    7.73486         19 0.0000e+00
    384.000    379.885     1.4452  30.214047     1.4448  30.212508     4.1087     4.1670    -0.0153    91.7030 1.0000e-12  -64.86062  -64.94864 345.905816      71.87 1.7629e+02   1094.523      26270  1029.5634  1029.5623    34.6787    34.6772    7.73509         17 0.0000e+00
    383.000    378.900     1.4442  30.212432     1.4438  30.210906     4.1134     4.1670    -0.0196    91.7042 1.0000e-12  -64.86062  -64.94864 345.905825      72.73 1.7629e+02   1095.241      26287  1029.5585  1029.5574    34.6783    34.6769    7.73530         18 0.0000e+00
    382.000    377.907     1.4439  30.211626     1.4434  30.209942     4.1156     4.1670    -0.0192    91.7258 1.0000e-12  -64.86062  -64.94864 345.905834      73.86 1.7629e+02   1096.054      26306  1029.5538  1029.5525    34.6782    34.6766    7.73537         23 0.0000e+00
    381.000    376.921     1.4446  30.211747     1.4440  30.210155     4.1146     4.1666    -0.0149    91.7150 1.0000e-12  -64.86062  -64.94863 345.905850      75.16 1.7629e+02   1097.467      26340  1029.5490  1029.5479    34.6782    34.6768    7.73524         35 0.0000e+00
    380.000    375.932     1.4442  30.211053     1.4441  30.209954     4.1136     4.1692    -0.0078    91.7203 1.0000e-12  -64.86062  -64.94863 345.905879      76.10 1.7629e+02   1099.938      26400  1029.5444  1029.5433    34.6783    34.6770    7.73531         32 0.0000e+00
    379.000    374.945     1.4444  30.210817     1.4442  30.209473     4.1117     4.1715    -0.0145    91.7301 1.0000e-12  -64.86062  -64.94864 345.905893      76.79 1.7629e+02   1101.109      26428  1029.5398  1029.5386    34.6784    34.6769    7.73528         23 0.0000e+00
    378.000    373.958     1.4432  30.209135     1.4430  30.207828     4.1109     4.1715    -0.0076    91.7299 1.0000e-12  -64.86062  -64.94864 345.905902      78.02 1.7629e+02   1101.976      26448  1029.5350  1029.5339    34.6781    34.6767    7.73552         19 0.0000e+00
    377.000    372.968     1.4413  30.206436     1.4412  30.205260     4.1172     4.1706    -0.0001    91.7299 1.0000e-12  -64.86062  -64.94864 345.905912      78.91 1.7629e+02   1102.787      26468  1029.5299  1029.5288    34.6773    34.6760    7.73593         21 0.0000e+00
    376.000    371.979     1.4410  30.205507     1.4407  30.204182     4.1215     4.1704    -0.0046    91.7299 1.0000e-12  -64.86062  -64.94864 345.905922      79.77 1.7629e+02   1103.670      26489  1029.5250  1029.5240    34.6771    34.6757    7.73601         22 0.0000e+00
    375.000    370.991     1.4412  30.205372     1.4416  30.204478     4.1171     4.1769    -0.0150    91.7299 1.0000e-12  -64.86062  -64.94864 345.905934      81.30 1.7629e+02   1104.734      26515  1029.5204  1029.5192    34.6773    34.6757    7.73596         28 0.0000e+00
    374.000    370.002     1.4410  30.204876     1.4404  30.203020     4.1147     4.1734    -0.0111    91.7299 1.0000e-12  -64.86062  -64.94864 345.905948      81.81 1.7629e+02   1105.897      26543  1029.5158  1029.5146    34.6774    34.6757    7.73598         27 0.0000e+00
    373.000    369.015     1.4399  30.202789     1.4398  30.201661     4.1198     4.1751    -0.0058    91.7299 1.0000e-12  -64.86062  -64.94864 345.905960      83.04 1.7629e+02   1106.955      26568  1029.5106  1029.5095    34.6766    34.6752    7.73625         24 0.0000e+00
    372.000    368.026     1.4388  30.201348     1.4395  30.200884     4.1273     4.1760    -0.0080    91.7336 1.0000e-12  -64.86062  -64.94864 345.905971      84.30 1.7629e+02   1107.931      26591  1029.5059  1029.5048    34.6765    34.6751    7.73646         24 0.0000e+00
    371.000    367.038     1.4374  30.199092     1.4377  30.198552     4.1197     4.1773    -0.0162    91.7555 1.0000e-12  -64.86062  -64.94864 345.905984      85.28 1.7629e+02   1109.015      26617  1029.5009  1029.4999    34.6758    34.6747    7.73679         28 0.0000e+00
    370.000    366.052     1.4392  30.200500     1.4381  30.198430     4.1191     4.1750    -0.0095    91.7557 1.0000e-12  -64.86062  -64.94864 345.906004      86.29 1.7629e+02   1110.714      26658  1029.4963  1029.4952    34.6761    34.6747    7.73641         35 0.0000e+00
    369.000    365.060     1.4389  30.199952     1.4386  30.198659     4.1211     4.1749    -0.0055    91.7557 1.0000e-12  -64.86062  -64.94864 345.906030      87.21 1.7629e+02   1113.024      26714  1029.4917  1029.4906    34.6764    34.6750    7.73646         38 0.0000e+00
