NBP2113_155081_ctd/data/nbp2113_036.cnv
* Sea-Bird SBE 9 Data File:
* FileName = D:\Data\raw\NBP2113_036.hex
* Software Version Seasave V 7.26.7.121
* Temperature SN = 2438
* Conductivity SN = 2067
* Number of Bytes Per Scan = 40
* Number of Voltage Words = 5
* Number of Scans Averaged by the Deck Unit = 1
* NMEA Latitude = 64 56.01 S
* NMEA Longitude = 064 24.02 W
* NMEA UTC (Time) = Dec 09 2021  08:52:43
* NMEA baud rate = 9600
** Ship: RVIB N.B. Palmer
** Cruise: NBP2113 LTER
** Station: 600.040
** Operator: B. Urmston
# nquan = 25
# nvalues = 2636                        
# units = specified
# name 0 = prDM: Pressure, Digiquartz [db]
# name 1 = depSM: Depth [salt water, m]
# name 2 = t090C: Temperature [ITS-90, deg C]
# name 3 = c0mS/cm: Conductivity [mS/cm]
# name 4 = t190C: Temperature, 2 [ITS-90, deg C]
# name 5 = c1mS/cm: Conductivity, 2 [mS/cm]
# name 6 = sbeox0ML/L: Oxygen, SBE 43 [ml/l]
# name 7 = sbeox1ML/L: Oxygen, SBE 43, 2 [ml/l]
# name 8 = flECO-AFL: Fluorescence, WET Labs ECO-AFL/FL [mg/m^3]
# name 9 = CStarTr0: Beam Transmission, WET Labs C-Star [%]
# name 10 = par: PAR/Irradiance, Biospherical/Licor
# name 11 = latitude: Latitude [deg]
# name 12 = longitude: Longitude [deg]
# name 13 = timeJ: Julian Days
# name 14 = altM: Altimeter [m]
# name 15 = spar: SPAR, Biospherical/Licor
# name 16 = timeS: Time, Elapsed [seconds]
# name 17 = scan: Scan Count
# name 18 = density00: Density [density, kg/m^3]
# name 19 = density11: Density, 2 [density, kg/m^3]
# name 20 = sal00: Salinity, Practical [PSU]
# name 21 = sal11: Salinity, Practical, 2 [PSU]
# name 22 = oxsolML/L: Oxygen Saturation, Garcia & Gordon [ml/l]
# name 23 = nbin: number of scans per bin
# name 24 = flag: flag
# span 0 =      1.000,   1321.000       
# span 1 =      0.991,   1303.919       
# span 2 =    -0.9824,     1.4953       
# span 3 =  27.143103,  30.665300       
# span 4 =    -0.9815,     1.4953       
# span 5 =  27.141909,  30.664082       
# span 6 =     4.0305,     9.1074       
# span 7 =     4.0848,     9.8278       
# span 8 =    -0.0225,     1.6711       
# span 9 =    87.6167,    95.7305       
# span 10 = -8.325e-06, 3.5589e+02      
# span 11 =  -64.93360,  -64.93348      
# span 12 =  -64.40046,  -64.39930      
# span 13 = 343.373968, 343.421022      
# span 14 =       7.62,     101.38      
# span 15 = 1.0570e+02, 2.6975e+02      
# span 16 =    347.870,   4413.284      
# span 17 =       8350,     105920      
# span 18 =  1026.9977,  1033.9040      
# span 19 =  1026.9967,  1033.9031      
# span 20 =    33.5538,    34.6777      
# span 21 =    33.5516,    34.6766      
# span 22 =    7.72533,    8.30415      
# span 23 =          8,         47      
# span 24 = 0.0000e+00, 0.0000e+00      
# interval = decibars: 1                
# start_time = Dec 09 2021 08:52:43 [NMEA time, header]
# bad_flag = -9.990e-29
*END*
[from data line 174]
    180.000    178.159     0.7605  29.398797     0.7603  29.397397     4.9697     5.0269     0.0105    95.3864 1.0000e-12  -64.93356  -64.40044 343.379154      99.97 1.1459e+02    795.877      19102  1028.5171  1028.5159    34.5088    34.5072    7.88091         29 0.0000e+00
    181.000    179.148     0.7621  29.400866     0.7605  29.398309     4.9727     5.0303     0.0100    95.3864 1.0000e-12  -64.93356  -64.40046 343.379174      99.97 1.1496e+02    797.629      19144  1028.5223  1028.5212    34.5091    34.5076    7.88057         33 0.0000e+00
    182.000    180.137     0.7598  29.398251     0.7573  29.394240     4.9542     5.0090     0.0145    95.3890 1.0000e-12  -64.93356  -64.40046 343.379226      99.97 1.1643e+02    802.117      19252  1028.5266  1028.5249    34.5077    34.5053    7.88112         21 0.0000e+00
    183.000    181.126     0.7712  29.410499     0.7704  29.408705     4.9538     5.0045     0.0143    95.3847 1.0000e-12  -64.93357  -64.40045 343.379232      99.97 1.1635e+02    802.664      19265  1028.5323  1028.5312    34.5103    34.5088    7.87866         16 0.0000e+00
    184.000    182.117     0.7754  29.415299     0.7747  29.413806     4.9536     4.9996     0.0143    95.3626 1.0000e-12  -64.93358  -64.40044 343.379239      99.97 1.1635e+02    803.251      19279  1028.5375  1028.5367    34.5113    34.5101    7.87776         13 0.0000e+00
    185.000    183.105     0.7806  29.420810     0.7797  29.419187     4.9509     4.9978     0.0014    95.3783 1.0000e-12  -64.93358  -64.40044 343.379245      99.97 1.1635e+02    803.787      19292  1028.5424  1028.5416    34.5120    34.5109    7.87666         13 0.0000e+00
    186.000    184.095     0.7869  29.427247     0.7861  29.425615     4.9558     4.9990    -0.0009    95.3861 1.0000e-12  -64.93358  -64.40044 343.379251      99.97 1.1635e+02    804.291      19304  1028.5472  1028.5463    34.5127    34.5115    7.87534         12 0.0000e+00
    187.000    185.083     0.7959  29.437374     0.7954  29.435887     4.9564     4.9994     0.0044    95.3864 1.0000e-12  -64.93358  -64.40043 343.379257      99.97 1.1635e+02    804.806      19316  1028.5532  1028.5521    34.5153    34.5140    7.87339         12 0.0000e+00
    188.000    186.074     0.7996  29.441889     0.7993  29.440619     4.9516     4.9952     0.0064    95.3762 1.0000e-12  -64.93358  -64.40042 343.379264      99.97 1.1635e+02    805.371      19330  1028.5586  1028.5575    34.5164    34.5151    7.87257         15 0.0000e+00
    189.000    187.064     0.8024  29.445499     0.8020  29.443944     4.9456     4.9981     0.0063    95.3618 1.0000e-12  -64.93358  -64.40042 343.379272      99.97 1.1635e+02    806.127      19348  1028.5639  1028.5627    34.5174    34.5159    7.87195         24 0.0000e+00
    190.000    188.050     0.8047  29.448286     0.8042  29.446862     4.9513     5.0039     0.0114    95.3204 1.0000e-12  -64.93358  -64.40043 343.379293      99.97 1.1635e+02    807.957      19392  1028.5691  1028.5681    34.5179    34.5166    7.87147         39 0.0000e+00
    191.000    189.040     0.8039  29.448040     0.8042  29.446819     4.9470     4.9926     0.0094    95.2942 1.0000e-12  -64.93358  -64.40045 343.379333      99.98 1.1635e+02    811.404      19475  1028.5742  1028.5727    34.5178    34.5160    7.87162         33 0.0000e+00
    192.000    190.031     0.8064  29.450739     0.8060  29.449471     4.9436     4.9844     0.0090    95.2830 1.0000e-12  -64.93358  -64.40044 343.379356      99.98 1.1642e+02    813.327      19521  1028.5789  1028.5780    34.5180    34.5168    7.87111         25 0.0000e+00
    193.000    191.019     0.8081  29.453076     0.8076  29.451798     4.9375     4.9749     0.0145    95.2834 1.0000e-12  -64.93358  -64.40044 343.379365      99.97 1.1788e+02    814.184      19541  1028.5841  1028.5832    34.5186    34.5174    7.87074         18 0.0000e+00
    194.000    192.008     0.8161  29.460179     0.8144  29.458047     4.9277     4.9792     0.0143    95.2834 1.0000e-12  -64.93358  -64.40044 343.379374      99.97 1.1812e+02    814.867      19558  1028.5878  1028.5873    34.5182    34.5175    7.86913         15 0.0000e+00
    195.000    192.998     0.8297  29.476000     0.8279  29.472828     4.9285     4.9855     0.0143    95.2834 1.0000e-12  -64.93358  -64.40044 343.379380      99.97 1.1811e+02    815.465      19572  1028.5951  1028.5936    34.5230    34.5209    7.86612         15 0.0000e+00
    196.000    193.989     0.8315  29.478462     0.8306  29.476547     4.9287     4.9880     0.0143    95.2834 1.0000e-12  -64.93358  -64.40044 343.379388      99.97 1.1811e+02    816.111      19588  1028.6002  1028.5991    34.5236    34.5221    7.86573         17 0.0000e+00
    197.000    194.978     0.8313  29.478794     0.8312  29.477686     4.9299     4.9837     0.0143    95.2573 1.0000e-12  -64.93358  -64.40044 343.379400      99.97 1.1933e+02    817.203      19614  1028.6052  1028.6041    34.5237    34.5224    7.86576         35 0.0000e+00
    198.000    195.966     0.8324  29.480307     0.8319  29.478790     4.9269     4.9675     0.0034    95.1700 1.0000e-12  -64.93358  -64.40044 343.379426      99.97 1.2008e+02    819.448      19668  1028.6101  1028.6091    34.5238    34.5225    7.86553         34 0.0000e+00
    199.000    196.954     0.8333  29.481762     0.8329  29.480478     4.9291     4.9659     0.0218    95.1626 1.0000e-12  -64.93358  -64.40042 343.379438      99.97 1.2166e+02    820.475      19692  1028.6151  1028.6141    34.5242    34.5229    7.86534         19 0.0000e+00
    200.000    197.944     0.8310  29.480276     0.8302  29.478511     4.9270     4.9671     0.0141    95.1527 1.0000e-12  -64.93358  -64.40042 343.379447      99.97 1.2164e+02    821.208      19710  1028.6200  1028.6191    34.5241    34.5229    7.86579         16 0.0000e+00
    201.000    198.933     0.8318  29.481096     0.8311  29.479554     4.9211     4.9653     0.0143    95.1546 1.0000e-12  -64.93358  -64.40042 343.379454      99.97 1.2164e+02    821.842      19725  1028.6244  1028.6235    34.5238    34.5225    7.86566         15 0.0000e+00
    202.000    199.924     0.8319  29.481843     0.8314  29.480461     4.9151     4.9644     0.0143    95.1546 1.0000e-12  -64.93358  -64.40042 343.379462      99.97 1.2164e+02    822.481      19741  1028.6294  1028.6284    34.5241    34.5227    7.86563         17 0.0000e+00
    203.000    200.912     0.8322  29.482391     0.8319  29.481213     4.9267     4.9670     0.0141    95.1595 1.0000e-12  -64.93358  -64.40042 343.379473      99.97 1.2170e+02    823.484      19765  1028.6340  1028.6331    34.5238    34.5226    7.86558         29 0.0000e+00
    204.000    201.902     0.8313  29.481888     0.8313  29.481064     4.8904     4.9523     0.0089    95.2095 1.0000e-12  -64.93358  -64.40044 343.379520      99.97 1.2353e+02    827.520      19861  1028.6387  1028.6379    34.5236    34.5225    7.86577         28 0.0000e+00
    205.000    202.890     0.8334  29.484917     0.8327  29.483222     4.8822     4.9431     0.0216    95.2061 1.0000e-12  -64.93358  -64.40042 343.379529      99.97 1.2340e+02    828.273      19880  1028.6441  1028.6431    34.5245    34.5232    7.86529         20 0.0000e+00
    206.000    203.879     0.8343  29.486338     0.8344  29.485600     4.8699     4.9327     0.0086    95.2180 1.0000e-12  -64.93358  -64.40042 343.379538      99.97 1.2340e+02    829.044      19898  1028.6489  1028.6481    34.5248    34.5237    7.86509         17 0.0000e+00
    207.000    204.870     0.8402  29.492656     0.8400  29.491641     4.8603     4.9225     0.0100    95.2320 1.0000e-12  -64.93358  -64.40042 343.379546      99.97 1.2340e+02    829.795      19916  1028.6539  1028.6531    34.5258    34.5248    7.86384         19 0.0000e+00
    208.000    205.858     0.8475  29.500977     0.8456  29.498089     4.8486     4.9072     0.0142    95.2369 1.0000e-12  -64.93358  -64.40041 343.379555      99.97 1.2340e+02    830.583      19935  1028.6597  1028.6586    34.5280    34.5263    7.86226         20 0.0000e+00
    209.000    206.847     0.8540  29.508722     0.8547  29.508629     4.8358     4.9009     0.0143    95.2510 1.0000e-12  -64.93358  -64.40041 343.379566      99.97 1.2340e+02    831.515      19957  1028.6656  1028.6649    34.5301    34.5293    7.86083         25 0.0000e+00
    210.000    207.837     0.8587  29.514301     0.8582  29.512673     4.8247     4.8960     0.0069    95.2957 1.0000e-12  -64.93358  -64.40041 343.379579      99.97 1.2340e+02    832.625      19984  1028.6712  1028.6699    34.5316    34.5299    7.85981         27 0.0000e+00
    211.000    208.826     0.8670  29.523573     0.8667  29.522312     4.8352     4.8905     0.0069    95.2891 1.0000e-12  -64.93358  -64.40041 343.379592      99.97 1.2307e+02    833.758      20011  1028.6769  1028.6758    34.5337    34.5324    7.85801         27 0.0000e+00
    212.000    209.815     0.8737  29.530928     0.8719  29.528109     4.8361     4.8881     0.0069    95.2947 1.0000e-12  -64.93358  -64.40041 343.379605      99.97 1.2179e+02    834.857      20038  1028.6822  1028.6811    34.5352    34.5336    7.85657         27 0.0000e+00
    213.000    210.804     0.8758  29.533803     0.8761  29.533106     4.8324     4.8851     0.0069    95.3212 1.0000e-12  -64.93358  -64.40042 343.379620      99.97 1.2305e+02    836.186      20069  1028.6875  1028.6865    34.5360    34.5347    7.85611         38 0.0000e+00
    214.000    211.794     0.8758  29.534109     0.8761  29.533629     4.8287     4.8781     0.0127    95.3328 1.0000e-12  -64.93358  -64.40042 343.379643      99.97 1.2340e+02    838.141      20116  1028.6923  1028.6915    34.5358    34.5349    7.85612         40 0.0000e+00
    215.000    212.782     0.8798  29.538511     0.8795  29.537199     4.7937     4.8607     0.0068    95.3543 1.0000e-12  -64.93358  -64.40040 343.379662      99.97 1.2322e+02    839.769      20155  1028.6973  1028.6962    34.5365    34.5351    7.85528         30 0.0000e+00
    216.000    213.772     0.8928  29.551573     0.8904  29.548259     4.7605     4.8405    -0.0005    95.3072 1.0000e-12  -64.93358  -64.40040 343.379674      99.98 1.2235e+02    840.830      20181  1028.7023  1028.7013    34.5383    34.5367    7.85255         22 0.0000e+00
    217.000    214.762     0.9090  29.569416     0.9085  29.567906     4.7455     4.8283     0.0003    95.3575 1.0000e-12  -64.93358  -64.40040 343.379684      99.97 1.2163e+02    841.701      20202  1028.7091  1028.7080    34.5428    34.5414    7.84905         20 0.0000e+00
    218.000    215.749     0.9177  29.579462     0.9172  29.578077     4.7431     4.8176     0.0069    95.3621 1.0000e-12  -64.93358  -64.40040 343.379693      99.97 1.2164e+02    842.484      20221  1028.7154  1028.7145    34.5456    34.5444    7.84715         18 0.0000e+00
    219.000    216.740     0.9228  29.585497     0.9225  29.584258     4.7433     4.8147     0.0065    95.3478 1.0000e-12  -64.93358  -64.40040 343.379702      99.98 1.2164e+02    843.225      20238  1028.7209  1028.7200    34.5470    34.5459    7.84603         18 0.0000e+00
    220.000    217.728     0.9257  29.589177     0.9254  29.588195     4.7438     4.8113     0.0043    95.3564 1.0000e-12  -64.93358  -64.40040 343.379711      99.97 1.2164e+02    843.988      20257  1028.7263  1028.7255    34.5481    34.5471    7.84540         19 0.0000e+00
    221.000    218.717     0.9283  29.592269     0.9282  29.591409     4.7252     4.7975     0.0007    95.3120 1.0000e-12  -64.93357  -64.40040 343.379720      99.97 1.2164e+02    844.825      20277  1028.7313  1028.7305    34.5485    34.5475    7.84485         21 0.0000e+00
    222.000    219.707     0.9339  29.598518     0.9335  29.597129     4.7169     4.7958     0.0138    95.3274 1.0000e-12  -64.93356  -64.40040 343.379731      99.97 1.2164e+02    845.776      20300  1028.7366  1028.7356    34.5498    34.5485    7.84366         25 0.0000e+00
    223.000    220.696     0.9487  29.614465     0.9481  29.613110     4.7451     4.8029     0.0023    95.3920 1.0000e-12  -64.93356  -64.40040 343.379746      99.97 1.2334e+02    847.050      20330  1028.7429  1028.7421    34.5534    34.5523    7.84049         35 0.0000e+00
    224.000    221.683     0.9467  29.612168     0.9400  29.604126     4.6932     4.7703     0.0048    95.3547 1.0000e-12  -64.93356  -64.40039 343.379793      99.98 1.2525e+02    851.112      20428  1028.7473  1028.7455    34.5521    34.5491    7.84096         32 0.0000e+00
    225.000    222.676     0.9682  29.636460     0.9675  29.634819     4.6997     4.7625    -0.0047    95.4112 1.0000e-12  -64.93356  -64.40038 343.379803      99.97 1.2516e+02    852.009      20449  1028.7555  1028.7545    34.5589    34.5576    7.83626         19 0.0000e+00
    226.000    223.662     0.9672  29.635911     0.9664  29.634271     4.6992     4.7612    -0.0059    95.4346 1.0000e-12  -64.93356  -64.40037 343.379812      99.98 1.2516e+02    852.726      20466  1028.7604  1028.7594    34.5588    34.5575    7.83648         16 0.0000e+00
    227.000    224.653     0.9690  29.637892     0.9680  29.636352     4.6920     4.7578    -0.0005    95.4269 1.0000e-12  -64.93356  -64.40036 343.379819      99.97 1.2516e+02    853.348      20481  1028.7650  1028.7642    34.5588    34.5578    7.83612         14 0.0000e+00
    228.000    225.641     0.9714  29.641107     0.9703  29.639001     4.6941     4.7507    -0.0043    95.4139 1.0000e-12  -64.93356  -64.40036 343.379826      99.97 1.2516e+02    853.953      20496  1028.7702  1028.7691    34.5596    34.5582    7.83558         15 0.0000e+00
    229.000    226.631     0.9741  29.644672     0.9736  29.643319     4.6986     4.7511    -0.0077    95.4061 1.0000e-12  -64.93356  -64.40036 343.379834      99.97 1.2516e+02    854.618      20512  1028.7756  1028.7746    34.5607    34.5595    7.83499         17 0.0000e+00
    230.000    227.620     0.9756  29.646759     0.9740  29.643939     4.6937     4.7477    -0.0077    95.3967 1.0000e-12  -64.93356  -64.40036 343.379844      99.97 1.2516e+02    855.479      20533  1028.7806  1028.7793    34.5611    34.5593    7.83467         26 0.0000e+00
    231.000    228.609     0.9785  29.650543     0.9786  29.649587     4.6806     4.7344     0.0057    95.4167 1.0000e-12  -64.93356  -64.40036 343.379860      99.97 1.2516e+02    856.902      20567  1028.7860  1028.7849    34.5621    34.5608    7.83402         39 0.0000e+00
    232.000    229.598     0.9856  29.657972     0.9843  29.655869     4.6653     4.7362    -0.0030    95.4318 1.0000e-12  -64.93356  -64.40038 343.379880      99.97 1.2516e+02    858.627      20608  1028.7912  1028.7903    34.5633    34.5621    7.83255         37 0.0000e+00
    233.000    230.586     0.9890  29.662274     0.9881  29.660400     4.6683     4.7259    -0.0004    95.4418 1.0000e-12  -64.93356  -64.40038 343.379900      99.97 1.2516e+02    860.358      20650  1028.7967  1028.7956    34.5645    34.5630    7.83180         38 0.0000e+00
    234.000    231.576     0.9942  29.668035     0.9953  29.667897     4.6584     4.7176    -0.0055    95.4645 1.0000e-12  -64.93356  -64.40037 343.379920      99.97 1.2516e+02    862.109      20692  1028.8019  1028.8007    34.5655    34.5642    7.83069         37 0.0000e+00
    235.000    232.565     0.9997  29.674038     0.9991  29.672652     4.6526     4.7112     0.0077    95.4547 1.0000e-12  -64.93356  -64.40034 343.379934      99.97 1.2516e+02    863.293      20720  1028.8070  1028.8062    34.5665    34.5655    7.82953         21 0.0000e+00
    236.000    233.554     1.0012  29.675969     1.0009  29.675020     4.6518     4.7092    -0.0055    95.4419 1.0000e-12  -64.93356  -64.40034 343.379943      99.98 1.2516e+02    864.079      20739  1028.8119  1028.8112    34.5669    34.5659    7.82922         18 0.0000e+00
