NBP2113_155081_ctd/data/nbp2113_039.ros
* Sea-Bird SBE 9 Data File:
* FileName = D:\Data\raw\NBP2113_039.hex
* Software Version Seasave V 7.26.7.121
* Temperature SN = 2438
* Conductivity SN = 2067
* Number of Bytes Per Scan = 40
* Number of Voltage Words = 5
* Number of Scans Averaged by the Deck Unit = 1
* NMEA Latitude = 64 52.75 S
* NMEA Longitude = 063 56.20 W
* NMEA UTC (Time) = Dec 10 2021  11:48:20
* NMEA baud rate = 9600
** Ship: RVIB N.B. Palmer
** Cruise: NBP2113 LTER
** Station: 619.027
** Operator: B. Urmston
# nquan = 20
# nvalues = 1126                                  
# units = specified
# name 0 = prDM: Pressure, Digiquartz [db]
# name 1 = depSM: Depth [salt water, m]
# name 2 = t090C: Temperature [ITS-90, deg C]
# name 3 = c0mS/cm: Conductivity [mS/cm]
# name 4 = t190C: Temperature, 2 [ITS-90, deg C]
# name 5 = c1mS/cm: Conductivity, 2 [mS/cm]
# name 6 = sbeox0ML/L: Oxygen, SBE 43 [ml/l]
# name 7 = sbeox1ML/L: Oxygen, SBE 43, 2 [ml/l]
# name 8 = flECO-AFL: Fluorescence, WET Labs ECO-AFL/FL [mg/m^3]
# name 9 = CStarTr0: Beam Transmission, WET Labs C-Star [%]
# name 10 = par: PAR/Irradiance, Biospherical/Licor
# name 11 = latitude: Latitude [deg]
# name 12 = longitude: Longitude [deg]
# name 13 = timeJ: Julian Days
# name 14 = altM: Altimeter [m]
# name 15 = spar: SPAR, Biospherical/Licor
# name 16 = timeS: Time, Elapsed [seconds]
# name 17 = scan: Scan Count
# name 18 = nbf: Bottles Fired
# name 19 = flag:  0.000e+00
# interval = seconds: 0.0416667
# start_time = Dec 10 2021 11:48:20 [NMEA time, header]
# bad_flag = -9.990e-29
*END*
[from data line 362]
    152.260    150.714     0.6240  29.219645     0.6199  29.213284     5.3071     5.3768     0.0436    94.7941 1.0000e-12  -64.87882  -63.93682 344.505218      99.98 3.1379e+02   1150.875      27622          8  0.000e+00
    152.260    150.714     0.6251  29.220347     0.6195  29.213284     5.3068     5.3813     0.0436    94.7941 1.0000e-12  -64.87882  -63.93682 344.505219      99.98 3.1379e+02   1150.917      27623          8  0.000e+00
    152.260    150.714     0.6254  29.221167     0.6190  29.213570     5.3109     5.3812     0.0436    94.7941 1.0000e-12  -64.87882  -63.93682 344.505219      99.98 3.1379e+02   1150.958      27624          8  0.000e+00
    152.274    150.727     0.6249  29.221167     0.6189  29.213284     5.3108     5.3756     0.0436    94.7941 1.0000e-12  -64.87882  -63.93682 344.505220      99.98 3.1379e+02   1151.000      27625          8  0.000e+00
    152.260    150.714     0.6244  29.220874     0.6186  29.213284     5.3119     5.3808     0.0436    94.7941 1.0000e-12  -64.87882  -63.93682 344.505220      99.95 3.1379e+02   1151.042      27626          8  0.000e+00
    152.308    150.761     0.6241  29.220875     0.6188  29.212770     5.3074     5.3815     0.0436    94.7941 1.0000e-12  -64.87882  -63.93682 344.505221      99.95 3.1379e+02   1151.083      27627          8  0.000e+00
    152.260    150.714     0.6246  29.220582     0.6189  29.212713     5.3071     5.3768     0.0436    94.7941 1.0000e-12  -64.87882  -63.93682 344.505221      99.98 3.1379e+02   1151.125      27628          8  0.000e+00
    152.308    150.761     0.6246  29.220582     0.6188  29.212770     5.3071     5.3767     0.0436    94.7941 1.0000e-12  -64.87882  -63.93682 344.505222      99.98 3.1379e+02   1151.167      27629          8  0.000e+00
    152.308    150.761     0.6249  29.220874     0.6191  29.212713     5.3113     5.3766     0.0436    94.7941 1.0000e-12  -64.87882  -63.93682 344.505222      99.98 3.1379e+02   1151.208      27630          8  0.000e+00
    152.329    150.781     0.6249  29.220348     0.6195  29.212770     5.3069     5.3818     0.0436    94.7941 1.0000e-12  -64.87882  -63.93682 344.505223      99.95 3.1379e+02   1151.250      27631          8  0.000e+00
    152.308    150.761     0.6248  29.220348     0.6197  29.212999     5.3068     5.3825     0.0436    94.7941 1.0000e-12  -64.87882  -63.93682 344.505223      99.95 3.1379e+02   1151.292      27632          8  0.000e+00
    152.308    150.761     0.6241  29.219762     0.6194  29.213056     5.3069     5.3779     0.0436    94.7941 1.0000e-12  -64.87882  -63.93682 344.505224      99.98 3.1379e+02   1151.333      27633          8  0.000e+00
    152.308    150.761     0.6237  29.219235     0.6191  29.212770     5.3057     5.3771     0.0436    94.7941 1.0000e-12  -64.87882  -63.93682 344.505224      99.98 3.1379e+02   1151.375      27634          8  0.000e+00
    152.308    150.761     0.6232  29.219118     0.6193  29.212999     5.3101     5.3762     0.0436    94.8199 1.0000e-12  -64.87882  -63.93682 344.505225      99.98 3.1379e+02   1151.417      27635          8  0.000e+00
    152.363    150.815     0.6224  29.218416     0.6189  29.213056     5.3102     5.3762     0.0436    94.7941 1.0000e-12  -64.87882  -63.93682 344.505225      99.98 3.1379e+02   1151.458      27636          8  0.000e+00
    152.329    150.781     0.6221  29.217889     0.6190  29.212713     5.3059     5.3762     0.0436    94.7941 1.0000e-12  -64.87882  -63.93682 344.505226      99.98 3.1379e+02   1151.500      27637          8  0.000e+00
    152.309    150.761     0.6219  29.217596     0.6188  29.212770     5.3059     5.3807     0.0436    94.7941 1.0000e-12  -64.87882  -63.93682 344.505226      99.98 3.1379e+02   1151.542      27638          8  0.000e+00
    152.363    150.815     0.6218  29.217889     0.6190  29.212999     5.3060     5.3816     0.0436    94.7941 1.0000e-12  -64.87882  -63.93682 344.505227      99.95 3.1379e+02   1151.583      27639          8  0.000e+00
    152.363    150.815     0.6216  29.217596     0.6190  29.212484     5.3104     5.3824     0.0509    94.7941 1.0000e-12  -64.87882  -63.93682 344.505227      99.98 3.1379e+02   1151.625      27640          8  0.000e+00
    152.309    150.761     0.6215  29.217596     0.6188  29.212999     5.3104     5.3832     0.0582    94.7941 1.0000e-12  -64.87882  -63.93682 344.505228      99.98 3.1379e+02   1151.667      27641          8  0.000e+00
    152.363    150.815     0.6210  29.217069     0.6187  29.213285     5.3118     5.3841     0.0582    94.7941 1.0000e-12  -64.87882  -63.93682 344.505228      99.98 3.1379e+02   1151.708      27642          8  0.000e+00
    152.329    150.782     0.6210  29.217303     0.6193  29.213285     5.3074     5.3848     0.0582    94.7941 1.0000e-12  -64.87882  -63.93682 344.505229      99.95 3.1379e+02   1151.750      27643          8  0.000e+00
    152.363    150.815     0.6204  29.216484     0.6197  29.213285     5.3063     5.3856     0.0582    94.7941 1.0000e-12  -64.87882  -63.93682 344.505229      99.98 3.1379e+02   1151.792      27644          8  0.000e+00
    152.363    150.815     0.6199  29.216484     0.6199  29.213857     5.3120     5.3863     0.0582    94.7941 1.0000e-12  -64.87882  -63.93682 344.505230      99.98 3.1379e+02   1151.833      27645          8  0.000e+00
    152.363    150.815     0.6199  29.216191     0.6208  29.214085     5.3120     5.3870     0.0582    94.7941 1.0000e-12  -64.87882  -63.93682 344.505230      99.98 3.1379e+02   1151.875      27646          8  0.000e+00
    152.363    150.815     0.6196  29.215664     0.6207  29.214371     5.3134     5.3879     0.0582    94.7941 1.0000e-12  -64.87882  -63.93682 344.505231      99.98 3.1379e+02   1151.917      27647          8  0.000e+00
    152.309    150.761     0.6198  29.215371     0.6207  29.214085     5.3090     5.3833     0.0582    94.7941 1.0000e-12  -64.87882  -63.93682 344.505231      99.98 3.1379e+02   1151.958      27648          8  0.000e+00
    152.377    150.829     0.6199  29.215840     0.6211  29.214142     5.3090     5.3833     0.0582    94.7941 1.0000e-12  -64.87882  -63.93682 344.505231      99.98 3.1379e+02   1152.000      27649          8  0.000e+00
    152.363    150.816     0.6203  29.215664     0.6213  29.214943     5.3134     5.3887     0.0582    94.7941 1.0000e-12  -64.87882  -63.93682 344.505232      99.98 3.1379e+02   1152.042      27650          8  0.000e+00
    152.363    150.816     0.6202  29.216191     0.6213  29.215458     5.3134     5.3896     0.0582    94.7941 1.0000e-12  -64.87882  -63.93682 344.505232      99.95 3.1379e+02   1152.083      27651          8  0.000e+00
    101.049    100.035     0.1145  28.620337     0.1029  28.613116     6.2244     6.3120     0.1608    94.2791 6.8495e-02  -64.87876  -63.93680 344.506508      99.98 3.2084e+02   1262.333      30297          9  0.000e+00
    100.925     99.913     0.1131  28.618768     0.1029  28.612548     6.2204     6.3115     0.1608    94.2791 6.8495e-02  -64.87876  -63.93680 344.506509      99.98 3.2084e+02   1262.375      30298          9  0.000e+00
    101.001     99.987     0.1095  28.615282     0.1025  28.612094     6.2217     6.3114     0.1608    94.2791 7.0571e-02  -64.87876  -63.93680 344.506509      99.98 3.2084e+02   1262.417      30299          9  0.000e+00
    100.946     99.933     0.1067  28.611738     0.1025  28.611811     6.2288     6.3113     0.1608    94.2791 6.8495e-02  -64.87876  -63.93680 344.506510      99.98 3.2084e+02   1262.458      30300          9  0.000e+00
    101.028    100.014     0.1057  28.609357     0.1026  28.612321     6.2303     6.3115     0.1608    94.2791 7.0571e-02  -64.87876  -63.93680 344.506510      99.98 3.2084e+02   1262.500      30301          9  0.000e+00
    100.946     99.933     0.1049  28.609298     0.1071  28.614477     6.2316     6.3111     0.1608    94.2791 7.0571e-02  -64.87876  -63.93680 344.506511      99.98 3.2084e+02   1262.542      30302          9  0.000e+00
    100.980     99.967     0.1043  28.608543     0.1191  28.618733     6.2290     6.3097     0.1608    94.2791 6.8495e-02  -64.87876  -63.93680 344.506511      99.98 3.2084e+02   1262.583      30303          9  0.000e+00
    101.001     99.987     0.1026  28.607440     0.1274  28.623840     6.2298     6.3091     0.1608    94.2791 6.8495e-02  -64.87876  -63.93680 344.506512      99.98 3.2084e+02   1262.625      30304          9  0.000e+00
    100.946     99.933     0.1023  28.605523     0.1322  28.627812     6.2321     6.3082     0.1608    94.2791 7.0571e-02  -64.87876  -63.93680 344.506512      99.98 3.2084e+02   1262.667      30305          9  0.000e+00
    100.926     99.913     0.1016  28.605581     0.1343  28.630764     6.2334     6.3081     0.1608    94.3049 7.0571e-02  -64.87876  -63.93680 344.506513      99.98 3.2084e+02   1262.708      30306          9  0.000e+00
    101.001     99.987     0.0994  28.606627     0.1343  28.632353     6.2351     6.3085     0.1608    94.2791 6.8495e-02  -64.87876  -63.93680 344.506513      99.95 3.2084e+02   1262.750      30307          9  0.000e+00
    100.980     99.967     0.0982  28.607440     0.1323  28.634227     6.2383     6.3093     0.1608    94.2791 7.0571e-02  -64.87876  -63.93682 344.506514      99.98 3.2084e+02   1262.792      30308          9  0.000e+00
    100.946     99.933     0.0970  28.607440     0.1314  28.635589     6.2404     6.3156     0.1608    94.2791 6.8495e-02  -64.87876  -63.93682 344.506514      99.98 3.2084e+02   1262.833      30309          9  0.000e+00
    100.946     99.933     0.0953  28.606917     0.1325  28.635589     6.2474     6.3173     0.1608    94.2276 7.0571e-02  -64.87876  -63.93682 344.506515      99.98 3.2084e+02   1262.875      30310          9  0.000e+00
    100.980     99.967     0.0964  28.606104     0.1362  28.636383     6.2497     6.3133     0.1608    94.2019 7.0571e-02  -64.87876  -63.93682 344.506515      99.98 3.2084e+02   1262.917      30311          9  0.000e+00
    100.946     99.933     0.0977  28.605000     0.1382  28.637973     6.2464     6.3142     0.1608    94.2019 7.0571e-02  -64.87876  -63.93682 344.506516      99.98 3.2084e+02   1262.958      30312          9  0.000e+00
    100.946     99.933     0.0970  28.603141     0.1392  28.638767     6.2481     6.3155     0.1608    94.2019 7.0571e-02  -64.87876  -63.93682 344.506516      99.98 3.2084e+02   1263.000      30313          9  0.000e+00
    100.980     99.967     0.0979  28.602038     0.1399  28.640243     6.2511     6.3161     0.1608    94.2019 6.8495e-02  -64.87876  -63.93682 344.506517      99.98 3.2084e+02   1263.042      30314          9  0.000e+00
    100.946     99.933     0.0975  28.601805     0.1414  28.641719     6.2531     6.3166     0.1608    94.2019 7.0571e-02  -64.87876  -63.93682 344.506517      99.95 3.2084e+02   1263.083      30315          9  0.000e+00
    100.926     99.913     0.0950  28.602328     0.1423  28.643592     6.2543     6.3175     0.1608    94.2019 6.8495e-02  -64.87876  -63.93682 344.506518      99.98 3.2084e+02   1263.125      30316          9  0.000e+00
    100.946     99.933     0.0931  28.602328     0.1427  28.644671     6.2613     6.3185     0.1608    94.2019 7.0571e-02  -64.87876  -63.93682 344.506518      99.98 3.2084e+02   1263.167      30317          9  0.000e+00
    100.946     99.933     0.0936  28.602619     0.1433  28.646544     6.2592     6.3251     0.1608    94.2019 6.8495e-02  -64.87876  -63.93682 344.506519      99.98 3.2084e+02   1263.208      30318          9  0.000e+00
    100.926     99.913     0.0945  28.603955     0.1436  28.647339     6.2603     6.3218     0.1608    94.2019 6.8495e-02  -64.87876  -63.93682 344.506519      99.95 3.2084e+02   1263.250      30319          9  0.000e+00
    100.946     99.933     0.0937  28.604478     0.1435  28.648929     6.2619     6.3233     0.1608    94.2019 6.8495e-02  -64.87876  -63.93682 344.506520      99.95 3.2084e+02   1263.292      30320          9  0.000e+00
    100.926     99.913     0.0945  28.603374     0.1430  28.648929     6.2635     6.3242     0.1608    94.2019 6.8495e-02  -64.87876  -63.93682 344.506520      99.98 3.2084e+02   1263.333      30321          9  0.000e+00
    100.946     99.933     0.0942  28.602328     0.1430  28.648134     6.2597     6.3306     0.1608    94.2019 6.8495e-02  -64.87876  -63.93682 344.506521      99.98 3.2084e+02   1263.375      30322          9  0.000e+00
    100.898     99.886     0.0947  28.601515     0.1430  28.648134     6.2661     6.3271     0.1608    94.2019 6.8495e-02  -64.87876  -63.93682 344.506521      99.98 3.2084e+02   1263.417      30323          9  0.000e+00
    100.926     99.913     0.0931  28.599075     0.1428  28.648418     6.2686     6.3282     0.1608    94.2019 6.8495e-02  -64.87876  -63.93682 344.506522      99.98 3.2084e+02   1263.458      30324          9  0.000e+00
    100.898     99.886     0.0900  28.599366     0.1444  28.647907     6.2758     6.3292     0.1608    94.2019 6.8495e-02  -64.87876  -63.93682 344.506522      99.98 3.2084e+02   1263.500      30325          9  0.000e+00
    100.946     99.933     0.0874  28.603665     0.1455  28.647907     6.2783     6.3296     0.1681    94.1761 6.8495e-02  -64.87876  -63.93682 344.506522      99.98 3.2084e+02   1263.542      30326          9  0.000e+00
    100.878     99.865     0.0907  28.610926     0.1458  28.649496     6.2740     6.3362     0.1608    94.2019 6.8495e-02  -64.87876  -63.93682 344.506523      99.95 3.2084e+02   1263.583      30327          9  0.000e+00
    100.898     99.886     0.1033  28.618246     0.1454  28.650405     6.2744     6.3322     0.1608    94.2019 6.8495e-02  -64.87876  -63.93682 344.506523      99.98 3.2084e+02   1263.625      30328          9  0.000e+00
    100.926     99.913     0.1137  28.622022     0.1451  28.650575     6.2755     6.3383     0.1608    94.2019 6.8495e-02  -64.87876  -63.93682 344.506524      99.98 3.2084e+02   1263.667      30329          9  0.000e+00
    100.898     99.886     0.1217  28.622486     0.1445  28.650291     6.2758     6.3399     0.1608    94.2276 6.8495e-02  -64.87876  -63.93682 344.506524      99.98 3.2084e+02   1263.708      30330          9  0.000e+00
    100.898     99.886     0.1259  28.623357     0.1442  28.650008     6.2768     6.3416     0.1608    94.3049 6.8495e-02  -64.87876  -63.93682 344.506525      99.95 3.2084e+02   1263.750      30331          9  0.000e+00
    100.878     99.865     0.1202  28.624345     0.1434  28.649213     6.2793     6.3433     0.1608    94.3049 6.8495e-02  -64.87874  -63.93682 344.506525      99.98 3.2084e+02   1263.792      30332          9  0.000e+00
    100.898     99.886     0.1125  28.625276     0.1430  28.648929     6.2822     6.3451     0.1608    94.3049 6.8495e-02  -64.87874  -63.93682 344.506526      99.98 3.2084e+02   1263.833      30333          9  0.000e+00
    100.878     99.865     0.1069  28.625276     0.1419  28.648702     6.2850     6.3469     0.1608    94.3049 6.8495e-02  -64.87874  -63.93682 344.506526      99.98 3.2084e+02   1263.875      30334          9  0.000e+00
    100.844     99.831     0.1057  28.624637     0.1418  28.648134     6.2859     6.3486     0.1608    94.3049 6.8495e-02  -64.87874  -63.93682 344.506527      99.98 3.2084e+02   1263.917      30335          9  0.000e+00
    100.844     99.831     0.1061  28.625276     0.1412  28.646544     6.2923     6.3506     0.1608    94.3049 6.8495e-02  -64.87874  -63.93682 344.506527      99.98 3.2084e+02   1263.958      30336          9  0.000e+00
    100.823     99.811     0.1195  28.626495     0.1406  28.646033     6.2853     6.3524     0.1608    94.3049 6.8495e-02  -64.87874  -63.93682 344.506528      99.98 3.2084e+02   1264.000      30337          9  0.000e+00
    100.898     99.886     0.1332  28.630097     0.1412  28.646034     6.2825     6.3534     0.1608    94.3049 6.8495e-02  -64.87874  -63.93682 344.506528      99.95 3.2084e+02   1264.042      30338          9  0.000e+00
