NBP2113_155081_ctd/data/nbp2113_050.ros
* Sea-Bird SBE 9 Data File:
* FileName = D:\Data\raw\NBP2113_050.hex
* Software Version Seasave V 7.26.7.121
* Temperature SN = 2438
* Conductivity SN = 2067
* Number of Bytes Per Scan = 40
* Number of Voltage Words = 5
* Number of Scans Averaged by the Deck Unit = 1
* NMEA Latitude = 64 56.46 S
* NMEA Longitude = 064 42.01 W
* NMEA UTC (Time) = Dec 11 2021  13:44:32
* NMEA baud rate = 9600
** Ship: RVIB N.B. Palmer
** Cruise: NBP2113 LTER
** Station: 590.050
** Operator: B. Urmston
# nquan = 20
# nvalues = 989                                   
# units = specified
# name 0 = prDM: Pressure, Digiquartz [db]
# name 1 = depSM: Depth [salt water, m]
# name 2 = t090C: Temperature [ITS-90, deg C]
# name 3 = c0mS/cm: Conductivity [mS/cm]
# name 4 = t190C: Temperature, 2 [ITS-90, deg C]
# name 5 = c1mS/cm: Conductivity, 2 [mS/cm]
# name 6 = sbeox0ML/L: Oxygen, SBE 43 [ml/l]
# name 7 = sbeox1ML/L: Oxygen, SBE 43, 2 [ml/l]
# name 8 = flECO-AFL: Fluorescence, WET Labs ECO-AFL/FL [mg/m^3]
# name 9 = CStarTr0: Beam Transmission, WET Labs C-Star [%]
# name 10 = par: PAR/Irradiance, Biospherical/Licor
# name 11 = latitude: Latitude [deg]
# name 12 = longitude: Longitude [deg]
# name 13 = timeJ: Julian Days
# name 14 = altM: Altimeter [m]
# name 15 = spar: SPAR, Biospherical/Licor
# name 16 = timeS: Time, Elapsed [seconds]
# name 17 = scan: Scan Count
# name 18 = nbf: Bottles Fired
# name 19 = flag:  0.000e+00
# interval = seconds: 0.0416667
# start_time = Dec 11 2021 13:44:32 [NMEA time, header]
# bad_flag = -9.990e-29
*END*
[from data line 724]
      5.244      5.193    -0.6617  27.432378    -0.6426  27.455067     8.0222     8.0860     0.6150    83.7475 3.0614e+02  -64.94074  -64.69994 345.592812      99.95 9.3433e+02   1746.917      41927         17  0.000e+00
      5.258      5.206    -0.6592  27.435638    -0.6436  27.454229     8.0256     8.0855     0.6150    83.7475 3.0441e+02  -64.94074  -64.69994 345.592812      99.98 9.3433e+02   1746.958      41928         17  0.000e+00
      5.306      5.254    -0.6574  27.438155    -0.6439  27.454061     8.0261     8.0848     0.6150    83.7218 3.0356e+02  -64.94074  -64.69994 345.592812      99.98 9.3433e+02   1747.000      41929         17  0.000e+00
      5.244      5.193    -0.6540  27.439986    -0.6440  27.453446     8.0191     8.0842     0.6150    83.6703 3.0185e+02  -64.94074  -64.69994 345.592813      99.98 9.3433e+02   1747.042      41930         17  0.000e+00
      5.258      5.206    -0.6512  27.441301    -0.6445  27.453279     8.0168     8.0836     0.6150    83.6703 3.0100e+02  -64.94074  -64.69994 345.592813      99.98 9.3433e+02   1747.083      41931         17  0.000e+00
      5.306      5.254    -0.6499  27.444905    -0.6445  27.452944     8.0265     8.0831     0.6150    83.6960 2.9931e+02  -64.94074  -64.69994 345.592814      99.98 9.3433e+02   1747.125      41932         17  0.000e+00
      5.258      5.206    -0.6488  27.448052    -0.6440  27.453279     8.0226     8.0824     0.6150    83.6703 2.9847e+02  -64.94074  -64.69994 345.592814      99.95 9.3433e+02   1747.167      41933         17  0.000e+00
      5.299      5.247    -0.6476  27.450169    -0.6439  27.452944     8.0221     8.0819     0.6150    83.6703 2.9763e+02  -64.94074  -64.69994 345.592815      99.95 9.3433e+02   1747.208      41934         17  0.000e+00
      5.361      5.308    -0.6470  27.451199    -0.6443  27.453279     8.0217     8.0815     0.6150    83.6703 2.9596e+02  -64.94074  -64.69994 345.592815      99.95 9.3433e+02   1747.250      41935         17  0.000e+00
      5.306      5.254    -0.6464  27.451714    -0.6446  27.453223     8.0271     8.0810     0.6150    83.6960 2.9512e+02  -64.94074  -64.69994 345.592816      99.98 9.3433e+02   1747.292      41936         17  0.000e+00
      5.347      5.295    -0.6461  27.452801    -0.6437  27.452720     8.0237     8.0805     0.6150    83.6960 2.9429e+02  -64.94074  -64.69994 345.592816      99.98 9.3433e+02   1747.333      41937         17  0.000e+00
      5.306      5.254    -0.6458  27.453030    -0.6428  27.452664     8.0247     8.0799     0.6150    83.6960 2.9347e+02  -64.94074  -64.69994 345.592817      99.93 9.3433e+02   1747.375      41938         17  0.000e+00
      5.361      5.308    -0.6457  27.453602    -0.6428  27.452441     8.0245     8.0796     0.6150    83.6960 2.9264e+02  -64.94074  -64.69994 345.592817      99.95 9.3433e+02   1747.417      41939         17  0.000e+00
      5.347      5.295    -0.6450  27.453545    -0.6442  27.451714     8.0242     8.0796     0.6003    83.6960 2.9182e+02  -64.94074  -64.69994 345.592818      99.98 9.3433e+02   1747.458      41940         17  0.000e+00
      5.409      5.356    -0.6449  27.454060    -0.6451  27.451379     8.0255     8.0795     0.5857    83.6960 2.9100e+02  -64.94074  -64.69994 345.592818      99.98 9.3433e+02   1747.500      41941         18  0.000e+00
      5.361      5.308    -0.6447  27.454861    -0.6451  27.451994     8.0208     8.0847     0.5857    83.6960 2.9018e+02  -64.94074  -64.69994 345.592819      99.98 9.3433e+02   1747.542      41942         18  0.000e+00
      5.409      5.356    -0.6445  27.454861    -0.6448  27.452665     8.0195     8.0853     0.5857    83.6960 2.8936e+02  -64.94074  -64.69994 345.592819      99.98 9.3433e+02   1747.583      41943         18  0.000e+00
      5.402      5.349    -0.6444  27.455147    -0.6437  27.452497     8.0240     8.0802     0.5857    83.6960 2.8855e+02  -64.94074  -64.69994 345.592820      99.98 9.3433e+02   1747.625      41944         18  0.000e+00
      5.457      5.403    -0.6441  27.455147    -0.6426  27.453447     8.0254     8.0797     0.5857    83.6960 2.8855e+02  -64.94074  -64.69994 345.592820      99.95 9.3433e+02   1747.667      41945         18  0.000e+00
      5.457      5.403    -0.6441  27.455376    -0.6416  27.454062     8.0255     8.0793     0.5857    83.6960 2.8773e+02  -64.94074  -64.69994 345.592821      99.93 9.3433e+02   1747.708      41946         18  0.000e+00
      5.402      5.349    -0.6441  27.455662    -0.6402  27.454508     8.0197     8.0788     0.5857    83.6960 2.8773e+02  -64.94074  -64.69994 345.592821      99.95 9.3433e+02   1747.750      41947         18  0.000e+00
      5.457      5.403    -0.6441  27.455376    -0.6394  27.454564     8.0244     8.0786     0.5857    83.6703 2.8692e+02  -64.94074  -64.69994 345.592822      99.98 9.3433e+02   1747.792      41948         18  0.000e+00
      5.511      5.457    -0.6439  27.455891    -0.6393  27.455794     8.0202     8.0776     0.5857    83.6703 2.8692e+02  -64.94074  -64.69994 345.592822      99.98 9.3433e+02   1747.833      41949         18  0.000e+00
      5.450      5.396    -0.6439  27.455662    -0.6390  27.455347     8.0190     8.0774     0.5857    83.6703 2.8692e+02  -64.94074  -64.69994 345.592823      99.95 9.3433e+02   1747.875      41950         18  0.000e+00
      5.457      5.403    -0.6439  27.455891    -0.6384  27.455794     8.0180     8.0772     0.5857    83.6703 2.8612e+02  -64.94074  -64.69994 345.592823      99.93 9.3433e+02   1747.917      41951         18  0.000e+00
      5.559      5.505    -0.6442  27.456177    -0.6381  27.455570     8.0230     8.0773     0.5857    83.6703 2.8612e+02  -64.94074  -64.69994 345.592824      99.98 9.3433e+02   1747.958      41952         18  0.000e+00
      5.457      5.403    -0.6445  27.455891    -0.6384  27.456297     8.0248     8.0827     0.5857    83.6703 2.8612e+02  -64.94074  -64.69994 345.592824      99.98 9.3433e+02   1748.000      41953         18  0.000e+00
      5.498      5.444    -0.6450  27.455662    -0.6385  27.455850     8.0254     8.0837     0.5857    83.6703 2.8612e+02  -64.94074  -64.69994 345.592825      99.98 9.3433e+02   1748.042      41954         18  0.000e+00
      5.560      5.505    -0.6452  27.454861    -0.6376  27.455794     8.0260     8.0790     0.5857    83.6703 2.8612e+02  -64.94074  -64.69994 345.592825      99.98 9.3433e+02   1748.083      41955         18  0.000e+00
      5.512      5.458    -0.6452  27.454861    -0.6367  27.456129     8.0250     8.0788     0.5857    83.6703 2.8612e+02  -64.94074  -64.69994 345.592826      99.98 9.3433e+02   1748.125      41956         18  0.000e+00
      5.553      5.498    -0.6455  27.454632    -0.6371  27.456576     8.0270     8.0791     0.5857    83.6703 2.8612e+02  -64.94074  -64.69994 345.592826      99.95 9.3433e+02   1748.167      41957         18  0.000e+00
      5.560      5.505    -0.6458  27.454632    -0.6377  27.457135     8.0216     8.0793     0.5857    83.6960 2.8612e+02  -64.94074  -64.69994 345.592826      99.95 9.3433e+02   1748.208      41958         18  0.000e+00
      5.512      5.458    -0.6461  27.454632    -0.6377  27.456576     8.0208     8.0795     0.5857    83.6703 2.8531e+02  -64.94074  -64.69994 345.592827      99.98 9.3433e+02   1748.250      41959         18  0.000e+00
      5.601      5.546    -0.6463  27.454060    -0.6379  27.456353     8.0246     8.0798     0.5857    83.6703 2.8531e+02  -64.94074  -64.69994 345.592827      99.98 9.3433e+02   1748.292      41960         18  0.000e+00
      5.560      5.505    -0.6464  27.454060    -0.6375  27.456297     8.0251     8.0799     0.5857    83.6703 2.8451e+02  -64.94074  -64.69994 345.592828      99.98 9.3433e+02   1748.333      41961         18  0.000e+00
      5.560      5.505    -0.6464  27.454346    -0.6368  27.456129     8.0256     8.0801     0.5857    83.6703 2.8451e+02  -64.94074  -64.69994 345.592828      99.95 9.3433e+02   1748.375      41962         18  0.000e+00
      5.553      5.498    -0.6461  27.454060    -0.6368  27.456576     8.0202     8.0804     0.5857    83.6703 2.8371e+02  -64.94074  -64.69994 345.592829      99.95 9.3433e+02   1748.417      41963         18  0.000e+00
      5.560      5.505    -0.6449  27.453831    -0.6367  27.456856     8.0250     8.0807     0.5857    83.6703 2.8291e+02  -64.94074  -64.69994 345.592829      99.98 9.3433e+02   1748.458      41964         18  0.000e+00
      5.614      5.559    -0.6439  27.453831    -0.6373  27.456856     8.0255     8.0813     0.5857    83.6703 2.8291e+02  -64.94074  -64.69994 345.592830      99.98 9.3433e+02   1748.500      41965         18  0.000e+00
      5.614      5.559    -0.6430  27.453316    -0.6373  27.456129     8.0259     8.0818     0.5930    83.6703 2.8211e+02  -64.94074  -64.69994 345.592830      99.98 9.3433e+02   1748.542      41966         18  0.000e+00
      5.601      5.546    -0.6423  27.453545    -0.6375  27.455291     8.0263     8.0823     0.6223    83.6703 2.8132e+02  -64.94074  -64.69994 345.592831      99.98 9.3433e+02   1748.583      41967         18  0.000e+00
      5.615      5.559    -0.6421  27.454060    -0.6371  27.455067     8.0327     8.0828     0.6370    83.6703 2.8132e+02  -64.94074  -64.69994 345.592831      99.98 9.3433e+02   1748.625      41968         18  0.000e+00
      5.615      5.559    -0.6421  27.455147    -0.6371  27.455515     8.0344     8.0833     0.6370    83.6703 2.8053e+02  -64.94074  -64.69994 345.592832      99.95 9.3433e+02   1748.667      41969         18  0.000e+00
      5.601      5.546    -0.6413  27.454861    -0.6381  27.455570     8.0303     8.0832     0.6370    83.6960 2.7974e+02  -64.94074  -64.69994 345.592832      99.93 9.3433e+02   1748.708      41970         18  0.000e+00
      5.560      5.505    -0.6405  27.455376    -0.6402  27.456073     8.0247     8.0841     0.6370    83.6960 2.7974e+02  -64.94074  -64.69994 345.592833      99.95 9.3433e+02   1748.750      41971         18  0.000e+00
      5.717      5.661    -0.6402  27.455662    -0.6396  27.455347     8.0283     8.0848     0.6370    83.6960 2.7974e+02  -64.94072  -64.69996 345.592833      99.98 9.3433e+02   1748.792      41972         19  0.000e+00
      5.553      5.499    -0.6402  27.455948    -0.6387  27.455794     8.0358     8.0851     0.6370    83.6960 2.7974e+02  -64.94072  -64.69996 345.592834      99.98 9.3433e+02   1748.833      41973         19  0.000e+00
      5.717      5.661    -0.6395  27.456177    -0.6393  27.455347     8.0318     8.0861     0.6370    83.7218 2.7974e+02  -64.94072  -64.69996 345.592834      99.95 9.3433e+02   1748.875      41974         19  0.000e+00
      5.615      5.560    -0.6387  27.456177    -0.6398  27.455515     8.0320     8.0868     0.6370    83.7218 2.7974e+02  -64.94072  -64.69996 345.592835      99.93 9.3433e+02   1748.917      41975         19  0.000e+00
      5.601      5.546    -0.6385  27.456463    -0.6393  27.454788     8.0310     8.0866     0.6370    83.6960 2.7974e+02  -64.94072  -64.69996 345.592835      99.95 9.3433e+02   1748.958      41976         19  0.000e+00
      5.717      5.661    -0.6387  27.456692    -0.6393  27.454230     8.0315     8.0866     0.6370    83.7218 2.7974e+02  -64.94072  -64.69996 345.592836      99.98 9.3433e+02   1749.000      41977         19  0.000e+00
      5.560      5.505    -0.6383  27.456463    -0.6398  27.454285     8.0259     8.0864     0.6370    83.7218 2.7974e+02  -64.94072  -64.69996 345.592836      99.98 9.3433e+02   1749.042      41978         19  0.000e+00
      5.663      5.607    -0.6388  27.456692    -0.6398  27.454006     8.0237     8.0863     0.6370    83.6960 2.7974e+02  -64.94072  -64.69996 345.592837      99.98 9.3433e+02   1749.083      41979         19  0.000e+00
      5.656      5.600    -0.6395  27.456692    -0.6408  27.454062     8.0274     8.0864     0.6370    83.7218 2.7974e+02  -64.94072  -64.69996 345.592837      99.98 9.3433e+02   1749.125      41980         19  0.000e+00
      5.663      5.607    -0.6399  27.455948    -0.6409  27.453447     8.0293     8.0863     0.6370    83.7218 2.8053e+02  -64.94072  -64.69996 345.592838      99.95 9.3433e+02   1749.167      41981         19  0.000e+00
      5.663      5.607    -0.6392  27.455147    -0.6405  27.453503     8.0297     8.0861     0.6370    83.7218 2.8053e+02  -64.94072  -64.69996 345.592838      99.95 9.3433e+02   1749.208      41982         19  0.000e+00
      5.656      5.600    -0.6393  27.455147    -0.6405  27.453447     8.0243     8.0859     0.6370    83.6960 2.8053e+02  -64.94072  -64.69996 345.592839      99.95 9.3433e+02   1749.250      41983         19  0.000e+00
      5.615      5.560    -0.6393  27.454861    -0.6404  27.453727     8.0293     8.0857     0.6370    83.7218 2.8053e+02  -64.94072  -64.69996 345.592839      99.98 9.3433e+02   1749.292      41984         19  0.000e+00
      5.663      5.607    -0.6396  27.454060    -0.6407  27.453000     8.0314     8.0857     0.6370    83.7218 2.8053e+02  -64.94072  -64.69996 345.592840      99.98 9.3433e+02   1749.333      41985         19  0.000e+00
      5.656      5.601    -0.6396  27.454060    -0.6411  27.453727     8.0261     8.0856     0.6370    83.6960 2.8132e+02  -64.94072  -64.69996 345.592840      99.93 9.3433e+02   1749.375      41986         19  0.000e+00
      5.615      5.560    -0.6395  27.453545    -0.6414  27.453783     8.0312     8.0910     0.6370    83.7218 2.8132e+02  -64.94072  -64.69996 345.592840      99.95 9.3433e+02   1749.417      41987         19  0.000e+00
      5.663      5.607    -0.6393  27.454861    -0.6408  27.453727     8.0375     8.0861     0.6370    83.6960 2.8132e+02  -64.94072  -64.69996 345.592841      99.98 9.3433e+02   1749.458      41988         19  0.000e+00
      5.601      5.546    -0.6407  27.455376    -0.6404  27.453503     8.0338     8.0858     0.6370    83.6960 2.8132e+02  -64.94072  -64.69996 345.592841      99.98 9.3433e+02   1749.500      41989         19  0.000e+00
      5.718      5.662    -0.6414  27.455147    -0.6402  27.454006     8.0346     8.0857     0.6370    83.6960 2.8132e+02  -64.94072  -64.69996 345.592842      99.98 9.3433e+02   1749.542      41990         19  0.000e+00
      5.615      5.560    -0.6426  27.454346    -0.6398  27.453782     8.0281     8.0862     0.6370    83.7218 2.8211e+02  -64.94072  -64.69996 345.592842      99.98 9.3433e+02   1749.583      41991         19  0.000e+00
      5.615      5.560    -0.6418  27.453831    -0.6393  27.454229     8.0316     8.0868     0.6370    83.7218 2.8132e+02  -64.94072  -64.69996 345.592843      99.98 9.3433e+02   1749.625      41992         19  0.000e+00
      5.656      5.601    -0.6416  27.453831    -0.6396  27.454062     8.0322     8.0868     0.6589    83.7218 2.8211e+02  -64.94072  -64.69996 345.592843      99.95 9.3433e+02   1749.667      41993         19  0.000e+00
      5.615      5.560    -0.6424  27.454861    -0.6405  27.454229     8.0327     8.0868     0.6736    83.7218 2.8211e+02  -64.94072  -64.69996 345.592844      99.95 9.3433e+02   1749.708      41994         19  0.000e+00
      5.615      5.560    -0.6444  27.454632    -0.6405  27.453782     8.0278     8.0868     0.6736    83.6960 2.8132e+02  -64.94072  -64.69996 345.592844      99.98 9.3433e+02   1749.750      41995         19  0.000e+00
      5.656      5.601    -0.6450  27.453545    -0.6408  27.453727     8.0316     8.0868     0.6736    83.7218 2.8132e+02  -64.94072  -64.69996 345.592845      99.98 9.3433e+02   1749.792      41996         19  0.000e+00
      5.615      5.560    -0.6435  27.452515    -0.6409  27.453000     8.0319     8.0867     0.6736    83.7218 2.8132e+02  -64.94072  -64.69996 345.592845      99.98 9.3433e+02   1749.833      41997         19  0.000e+00
      5.615      5.560    -0.6436  27.452515    -0.6409  27.453447     8.0252     8.0866     0.6736    83.7218 2.8132e+02  -64.94072  -64.69996 345.592846      99.93 9.3433e+02   1749.875      41998         19  0.000e+00
