NBP2113_155081_ctd/data/nbp2113_036.ros
* Sea-Bird SBE 9 Data File:
* FileName = D:\Data\raw\NBP2113_036.hex
* Software Version Seasave V 7.26.7.121
* Temperature SN = 2438
* Conductivity SN = 2067
* Number of Bytes Per Scan = 40
* Number of Voltage Words = 5
* Number of Scans Averaged by the Deck Unit = 1
* NMEA Latitude = 64 56.01 S
* NMEA Longitude = 064 24.02 W
* NMEA UTC (Time) = Dec 09 2021  08:52:43
* NMEA baud rate = 9600
** Ship: RVIB N.B. Palmer
** Cruise: NBP2113 LTER
** Station: 600.040
** Operator: B. Urmston
# nquan = 20
# nvalues = 1114                                  
# units = specified
# name 0 = prDM: Pressure, Digiquartz [db]
# name 1 = depSM: Depth [salt water, m]
# name 2 = t090C: Temperature [ITS-90, deg C]
# name 3 = c0mS/cm: Conductivity [mS/cm]
# name 4 = t190C: Temperature, 2 [ITS-90, deg C]
# name 5 = c1mS/cm: Conductivity, 2 [mS/cm]
# name 6 = sbeox0ML/L: Oxygen, SBE 43 [ml/l]
# name 7 = sbeox1ML/L: Oxygen, SBE 43, 2 [ml/l]
# name 8 = flECO-AFL: Fluorescence, WET Labs ECO-AFL/FL [mg/m^3]
# name 9 = CStarTr0: Beam Transmission, WET Labs C-Star [%]
# name 10 = par: PAR/Irradiance, Biospherical/Licor
# name 11 = latitude: Latitude [deg]
# name 12 = longitude: Longitude [deg]
# name 13 = timeJ: Julian Days
# name 14 = altM: Altimeter [m]
# name 15 = spar: SPAR, Biospherical/Licor
# name 16 = timeS: Time, Elapsed [seconds]
# name 17 = scan: Scan Count
# name 18 = nbf: Bottles Fired
# name 19 = flag:  0.000e+00
# interval = seconds: 0.0416667
# start_time = Dec 09 2021 08:52:43 [NMEA time, header]
# bad_flag = -9.990e-29
*END*
[from data line 362]
    203.135    201.046     0.9171  29.573343     0.9141  29.569552     4.7506     4.8003    -0.0004    95.3606 1.0000e-12  -64.93358  -64.39994 343.415573      99.98 1.4279e+02   3942.500      94621          8  0.000e+00
    203.032    200.944     0.9171  29.573401     0.9142  29.569552     4.7509     4.8002    -0.0004    95.3864 1.0000e-12  -64.93358  -64.39994 343.415573      99.98 1.4279e+02   3942.542      94622          8  0.000e+00
    203.080    200.991     0.9171  29.573166     0.9145  29.569495     4.7515     4.8001    -0.0004    95.3864 1.0000e-12  -64.93358  -64.39994 343.415574      99.98 1.4279e+02   3942.583      94623          8  0.000e+00
    203.080    200.991     0.9177  29.573166     0.9139  29.569552     4.7563     4.8001    -0.0004    95.3864 1.0000e-12  -64.93358  -64.39994 343.415574      99.95 1.4279e+02   3942.625      94624          8  0.000e+00
    203.080    200.991     0.9182  29.573401     0.9141  29.569207     4.7581     4.8001    -0.0004    95.3864 1.0000e-12  -64.93358  -64.39994 343.415575      99.95 1.4279e+02   3942.667      94625          8  0.000e+00
    203.135    201.046     0.9179  29.573401     0.9144  29.569265     4.7531     4.8002    -0.0004    95.3864 1.0000e-12  -64.93358  -64.39994 343.415575      99.98 1.4279e+02   3942.708      94626          8  0.000e+00
    203.080    200.991     0.9161  29.573401     0.9147  29.569495     4.7526     4.8001    -0.0004    95.3864 1.0000e-12  -64.93358  -64.39994 343.415576      99.98 1.4279e+02   3942.750      94627          8  0.000e+00
    203.080    200.991     0.9157  29.573166     0.9148  29.569265     4.7577     4.8002    -0.0004    95.3864 1.0000e-12  -64.93358  -64.39994 343.415576      99.98 1.4279e+02   3942.792      94628          8  0.000e+00
    203.080    200.991     0.9158  29.573166     0.9149  29.569839     4.7541     4.8004    -0.0004    95.3864 1.0000e-12  -64.93358  -64.39994 343.415577      99.95 1.4279e+02   3942.833      94629          8  0.000e+00
    203.135    201.046     0.9163  29.572872     0.9154  29.570299     4.7549     4.8058    -0.0004    95.3864 1.0000e-12  -64.93358  -64.39994 343.415577      99.95 1.4279e+02   3942.875      94630          8  0.000e+00
    203.080    200.992     0.9170  29.572578     0.9155  29.570356     4.7601     4.8067    -0.0004    95.3864 1.0000e-12  -64.93358  -64.39994 343.415578      99.98 1.4279e+02   3942.917      94631          8  0.000e+00
    203.080    200.992     0.9171  29.572343     0.9154  29.570873     4.7597     4.8024    -0.0004    95.3864 1.0000e-12  -64.93358  -64.39994 343.415578      99.98 1.4279e+02   3942.958      94632          8  0.000e+00
    203.135    201.046     0.9168  29.572872     0.9153  29.570357     4.7563     4.8071    -0.0004    95.3606 1.0000e-12  -64.93358  -64.39994 343.415579      99.98 1.4279e+02   3943.000      94633          8  0.000e+00
    203.135    201.046     0.9159  29.572343     0.9154  29.570874     4.7561     4.8019    -0.0004    95.3606 1.0000e-12  -64.93358  -64.39994 343.415579      99.98 1.4279e+02   3943.042      94634          8  0.000e+00
    203.080    200.992     0.9146  29.572049     0.9156  29.571161     4.7602     4.8073    -0.0004    95.3864 1.0000e-12  -64.93358  -64.39994 343.415580      99.98 1.4279e+02   3943.083      94635          8  0.000e+00
    203.135    201.046     0.9146  29.571461     0.9154  29.570874     4.7599     4.8031    -0.0004    95.3864 1.0000e-12  -64.93358  -64.39994 343.415580      99.95 1.4279e+02   3943.125      94636          8  0.000e+00
    203.135    201.046     0.9144  29.571226     0.9154  29.570357     4.7552     4.8033    -0.0004    95.3864 1.0000e-12  -64.93358  -64.39994 343.415581      99.98 1.4279e+02   3943.167      94637          8  0.000e+00
    203.135    201.046     0.9140  29.571167     0.9157  29.570357     4.7549     4.8035    -0.0004    95.3864 1.0000e-12  -64.93358  -64.39994 343.415581      99.98 1.4279e+02   3943.208      94638          8  0.000e+00
    203.135    201.046     0.9138  29.570637     0.9156  29.570586     4.7603     4.8038    -0.0004    95.3864 1.0000e-12  -64.93358  -64.39994 343.415582      99.98 1.4279e+02   3943.250      94639          8  0.000e+00
    203.135    201.046     0.9137  29.570637     0.9157  29.570644     4.7544     4.8094    -0.0004    95.3864 1.0000e-12  -64.93358  -64.39994 343.415582      99.95 1.4279e+02   3943.292      94640          8  0.000e+00
    203.080    200.992     0.9144  29.571225     0.9156  29.570299     4.7553     4.8097    -0.0004    95.3864 1.0000e-12  -64.93358  -64.39994 343.415583      99.95 1.4279e+02   3943.333      94641          8  0.000e+00
    203.135    201.046     0.9146  29.570931     0.9162  29.570356     4.7552     4.8107    -0.0004    95.3606 1.0000e-12  -64.93358  -64.39994 343.415583      99.98 1.4279e+02   3943.375      94642          8  0.000e+00
    203.183    201.094     0.9146  29.571226     0.9161  29.570586     4.7608     4.8118     0.0069    95.3864 1.0000e-12  -64.93358  -64.39994 343.415584      99.98 1.4279e+02   3943.417      94643          8  0.000e+00
    203.135    201.046     0.9141  29.570637     0.9158  29.570644     4.7620     4.8121     0.0069    95.3864 1.0000e-12  -64.93358  -64.39994 343.415584      99.98 1.4279e+02   3943.458      94644          8  0.000e+00
    102.313    101.285     0.1328  28.677709     0.1349  28.678917     5.9918     6.0249     0.0509    94.8456 8.1043e-02  -64.93356  -64.39978 343.417585      99.98 2.0449e+02   4116.375      98794          9  0.000e+00
    102.334    101.306     0.1315  28.677360     0.1336  28.679485     5.9911     6.0303     0.0509    94.8456 8.1043e-02  -64.93356  -64.39978 343.417586      99.98 2.0449e+02   4116.417      98795          9  0.000e+00
    102.416    101.387     0.1299  28.675790     0.1323  28.678122     5.9963     6.0258     0.0582    94.8456 8.1043e-02  -64.93356  -64.39978 343.417586      99.98 2.0449e+02   4116.458      98796          9  0.000e+00
    102.334    101.306     0.1287  28.671953     0.1299  28.677043     5.9912     6.0313     0.0582    94.8456 8.1043e-02  -64.93356  -64.39978 343.417587      99.98 2.0449e+02   4116.500      98797          9  0.000e+00
    102.368    101.340     0.1288  28.671488     0.1270  28.675453     5.9916     6.0270     0.0655    94.8199 8.1043e-02  -64.93356  -64.39978 343.417587      99.98 2.0449e+02   4116.542      98798          9  0.000e+00
    102.491    101.462     0.1295  28.673349     0.1257  28.672500     5.9906     6.0271     0.0655    94.8456 8.1043e-02  -64.93356  -64.39978 343.417588      99.98 2.0449e+02   4116.583      98799          9  0.000e+00
    102.389    101.360     0.1299  28.673930     0.1244  28.670115     5.9996     6.0269     0.0655    94.8714 8.1043e-02  -64.93356  -64.39978 343.417588      99.95 2.0449e+02   4116.625      98800          9  0.000e+00
    102.471    101.442     0.1307  28.673872     0.1232  28.668752     5.9940     6.0268     0.0655    94.8714 8.1043e-02  -64.93356  -64.39978 343.417589      99.95 2.0449e+02   4116.667      98801          9  0.000e+00
    102.389    101.360     0.1317  28.674395     0.1242  28.666651     5.9881     6.0317     0.0582    94.8714 8.1043e-02  -64.93356  -64.39978 343.417589      99.98 2.0449e+02   4116.708      98802          9  0.000e+00
    102.471    101.442     0.1313  28.675267     0.1260  28.666367     5.9856     6.0264     0.0655    94.8714 8.1043e-02  -64.93356  -64.39978 343.417590      99.98 2.0449e+02   4116.750      98803          9  0.000e+00
    102.389    101.360     0.1310  28.675499     0.1268  28.667957     5.9887     6.0256     0.0655    94.8714 8.1043e-02  -64.93356  -64.39978 343.417590      99.98 2.0449e+02   4116.792      98804          9  0.000e+00
    102.492    101.462     0.1315  28.675790     0.1277  28.669547     5.9872     6.0302     0.0655    94.8714 8.1043e-02  -64.93356  -64.39978 343.417591      99.95 2.0449e+02   4116.833      98805          9  0.000e+00
    102.416    101.387     0.1315  28.676023     0.1282  28.670626     5.9827     6.0311     0.0655    94.8714 8.1043e-02  -64.93356  -64.39978 343.417591      99.95 2.0449e+02   4116.875      98806          9  0.000e+00
    102.437    101.408     0.1320  28.676081     0.1283  28.670910     5.9812     6.0321     0.0655    94.8714 8.1043e-02  -64.93356  -64.39978 343.417592      99.98 2.0449e+02   4116.917      98807          9  0.000e+00
    102.416    101.388     0.1320  28.676314     0.1274  28.671705     5.9868     6.0269     0.0655    94.8714 8.1043e-02  -64.93356  -64.39978 343.417592      99.98 2.0449e+02   4116.958      98808          9  0.000e+00
    102.437    101.408     0.1325  28.677069     0.1251  28.670910     5.9809     6.0274     0.0655    94.8714 8.1043e-02  -64.93356  -64.39978 343.417593      99.98 2.0449e+02   4117.000      98809          9  0.000e+00
    102.368    101.340     0.1331  28.676895     0.1247  28.668241     5.9864     6.0330     0.0655    94.8714 8.1043e-02  -64.93356  -64.39978 343.417593      99.98 2.0449e+02   4117.042      98810          9  0.000e+00
    102.492    101.462     0.1328  28.677070     0.1262  28.665799     5.9821     6.0277     0.0655    94.8714 8.1043e-02  -64.93356  -64.39978 343.417594      99.98 2.0449e+02   4117.083      98811          9  0.000e+00
    102.437    101.408     0.1321  28.677186     0.1271  28.666878     5.9865     6.0329     0.0655    94.8714 8.1043e-02  -64.93356  -64.39978 343.417594      99.95 2.0449e+02   4117.125      98812          9  0.000e+00
    102.368    101.340     0.1312  28.676546     0.1285  28.668752     5.9808     6.0271     0.0655    94.8714 8.1043e-02  -64.93356  -64.39978 343.417595      99.98 2.0449e+02   4117.167      98813          9  0.000e+00
    102.437    101.408     0.1306  28.675558     0.1297  28.670399     5.9809     6.0260     0.0655    94.8714 8.1043e-02  -64.93356  -64.39978 343.417595      99.98 2.0449e+02   4117.208      98814          9  0.000e+00
    102.368    101.340     0.1302  28.674162     0.1299  28.672273     5.9810     6.0302     0.0582    94.8714 8.1043e-02  -64.93356  -64.39978 343.417595      99.98 2.0449e+02   4117.250      98815          9  0.000e+00
    102.389    101.361     0.1301  28.673639     0.1305  28.673068     5.9797     6.0246     0.0582    94.8714 8.1043e-02  -64.93356  -64.39978 343.417596      99.95 2.0449e+02   4117.292      98816          9  0.000e+00
    102.334    101.306     0.1298  28.673581     0.1305  28.673067     5.9855     6.0289     0.0655    94.8714 8.1043e-02  -64.93356  -64.39978 343.417596      99.95 2.0449e+02   4117.333      98817          9  0.000e+00
    102.368    101.340     0.1295  28.673348     0.1310  28.673863     5.9812     6.0240     0.0582    94.8714 8.1043e-02  -64.93356  -64.39978 343.417597      99.98 2.0449e+02   4117.375      98818          9  0.000e+00
    102.286    101.259     0.1287  28.672592     0.1310  28.673862     5.9929     6.0291     0.0655    94.8714 8.1043e-02  -64.93356  -64.39978 343.417597      99.98 2.0449e+02   4117.417      98819          9  0.000e+00
    102.368    101.340     0.1295  28.671720     0.1308  28.674374     5.9885     6.0243     0.0655    94.8714 8.1043e-02  -64.93356  -64.39978 343.417598      99.98 2.0449e+02   4117.458      98820          9  0.000e+00
    102.238    101.211     0.1302  28.672010     0.1316  28.674146     5.9896     6.0229     0.0655    94.8714 8.1043e-02  -64.93356  -64.39978 343.417598      99.98 2.0449e+02   4117.500      98821          9  0.000e+00
    102.266    101.239     0.1312  28.673348     0.1325  28.673862     5.9893     6.0271     0.0509    94.8714 8.1043e-02  -64.93356  -64.39978 343.417599      99.98 2.0449e+02   4117.542      98822          9  0.000e+00
    102.286    101.259     0.1313  28.675557     0.1331  28.675452     5.9948     6.0219     0.0509    94.8714 8.3154e-02  -64.93356  -64.39978 343.417599      99.98 2.0449e+02   4117.583      98823          9  0.000e+00
    102.183    101.157     0.1307  28.676022     0.1323  28.676815     5.9901     6.0269     0.0509    94.8714 8.1043e-02  -64.93356  -64.39978 343.417600      99.95 2.0449e+02   4117.625      98824          9  0.000e+00
    102.211    101.184     0.1293  28.674976     0.1307  28.677327     5.9915     6.0222     0.0509    94.8714 8.3154e-02  -64.93356  -64.39978 343.417600      99.98 2.0449e+02   4117.667      98825          9  0.000e+00
    102.136    101.110     0.1282  28.672534     0.1302  28.675168     5.9928     6.0273     0.0436    94.8714 8.3154e-02  -64.93356  -64.39978 343.417601      99.98 2.0449e+02   4117.708      98826          9  0.000e+00
    102.163    101.137     0.1275  28.671720     0.1296  28.674146     5.9998     6.0224     0.0436    94.8714 8.3154e-02  -64.93356  -64.39978 343.417601      99.98 2.0449e+02   4117.750      98827          9  0.000e+00
    102.081    101.056     0.1268  28.670150     0.1280  28.673578     5.9952     6.0221     0.0509    94.8714 8.3154e-02  -64.93356  -64.39980 343.417602      99.98 2.0449e+02   4117.792      98828          9  0.000e+00
    102.033    101.008     0.1257  28.669801     0.1272  28.671420     5.9963     6.0210     0.0509    94.8714 8.3154e-02  -64.93356  -64.39980 343.417602      99.95 2.0449e+02   4117.833      98829          9  0.000e+00
    102.115    101.089     0.1247  28.668522     0.1257  28.670398     5.9976     6.0208     0.0436    94.8714 8.3154e-02  -64.93356  -64.39980 343.417603      99.98 2.0449e+02   4117.875      98830          9  0.000e+00
    101.985    100.961     0.1241  28.666080     0.1239  28.668524     6.0030     6.0260     0.0509    94.8714 8.3154e-02  -64.93356  -64.39980 343.417603      99.98 2.0449e+02   4117.917      98831          9  0.000e+00
    101.957    100.933     0.1242  28.665557     0.1211  28.666366     6.0038     6.0214     0.0509    94.8714 8.3154e-02  -64.93356  -64.39980 343.417604      99.98 2.0449e+02   4117.958      98832          9  0.000e+00
    101.930    100.906     0.1254  28.665498     0.1194  28.662902     5.9986     6.0213     0.0509    94.8714 8.3154e-02  -64.93356  -64.39980 343.417604      99.98 2.0449e+02   4118.000      98833          9  0.000e+00
    101.909    100.886     0.1264  28.667184     0.1201  28.659665     5.9991     6.0208     0.0436    94.8714 8.3154e-02  -64.93356  -64.39980 343.417605      99.98 2.0449e+02   4118.042      98834          9  0.000e+00
    101.827    100.805     0.1264  28.669044     0.1209  28.659154     6.0054     6.0201     0.0509    94.8714 8.3154e-02  -64.93356  -64.39980 343.417605      99.98 2.0449e+02   4118.083      98835          9  0.000e+00
    101.827    100.805     0.1268  28.669335     0.1203  28.661255     6.0015     6.0196     0.0509    94.8714 8.3154e-02  -64.93356  -64.39980 343.417606      99.95 2.0449e+02   4118.125      98836          9  0.000e+00
    101.807    100.784     0.1276  28.669277     0.1196  28.661028     5.9963     6.0191     0.0436    94.8714 8.3154e-02  -64.93356  -64.39980 343.417606      99.95 2.0449e+02   4118.167      98837          9  0.000e+00
    101.731    100.710     0.1279  28.669858     0.1201  28.659665     5.9956     6.0185     0.0436    94.8714 8.5272e-02  -64.93356  -64.39980 343.417607      99.98 2.0449e+02   4118.208      98838          9  0.000e+00
    101.704    100.682     0.1283  28.670904     0.1211  28.659665     5.9993     6.0179     0.0436    94.8714 8.5272e-02  -64.93356  -64.39980 343.417607      99.98 2.0449e+02   4118.250      98839          9  0.000e+00
    101.628    100.608     0.1264  28.671951     0.1222  28.660743     5.9988     6.0171     0.0509    94.8971 8.5272e-02  -64.93356  -64.39980 343.417608      99.98 2.0449e+02   4118.292      98840          9  0.000e+00
    101.601    100.581     0.1242  28.670381     0.1213  28.662617     5.9941     6.0165     0.0436    94.8714 8.5272e-02  -64.93356  -64.39980 343.417608      99.93 2.0449e+02   4118.333      98841          9  0.000e+00
