NBP2113_155081_ctd/data/nbp2113_034.cnv
* Sea-Bird SBE 9 Data File:
* FileName = D:\Data\raw\NBP2113_034.hex
* Software Version Seasave V 7.26.7.121
* Temperature SN = 2438
* Conductivity SN = 2067
* Number of Bytes Per Scan = 40
* Number of Voltage Words = 5
* Number of Scans Averaged by the Deck Unit = 1
* NMEA Latitude = 64 56.01 S
* NMEA Longitude = 064 23.98 W
* NMEA UTC (Time) = Dec 08 2021  22:30:19
* NMEA baud rate = 9600
** Ship: RVIB N.B. Palmer
** Cruise: NBP2113 LTER
** Station: 600.040
** Operator: S. Blackman
# nquan = 25
# nvalues = 2628                        
# units = specified
# name 0 = prDM: Pressure, Digiquartz [db]
# name 1 = depSM: Depth [salt water, m]
# name 2 = t090C: Temperature [ITS-90, deg C]
# name 3 = c0mS/cm: Conductivity [mS/cm]
# name 4 = t190C: Temperature, 2 [ITS-90, deg C]
# name 5 = c1mS/cm: Conductivity, 2 [mS/cm]
# name 6 = sbeox0ML/L: Oxygen, SBE 43 [ml/l]
# name 7 = sbeox1ML/L: Oxygen, SBE 43, 2 [ml/l]
# name 8 = flECO-AFL: Fluorescence, WET Labs ECO-AFL/FL [mg/m^3]
# name 9 = CStarTr0: Beam Transmission, WET Labs C-Star [%]
# name 10 = par: PAR/Irradiance, Biospherical/Licor
# name 11 = latitude: Latitude [deg]
# name 12 = longitude: Longitude [deg]
# name 13 = timeJ: Julian Days
# name 14 = altM: Altimeter [m]
# name 15 = spar: SPAR, Biospherical/Licor
# name 16 = timeS: Time, Elapsed [seconds]
# name 17 = scan: Scan Count
# name 18 = density00: Density [density, kg/m^3]
# name 19 = density11: Density, 2 [density, kg/m^3]
# name 20 = sal00: Salinity, Practical [PSU]
# name 21 = sal11: Salinity, Practical, 2 [PSU]
# name 22 = oxsolML/L: Oxygen Saturation, Garcia & Gordon [ml/l]
# name 23 = nbin: number of scans per bin
# name 24 = flag: flag
# span 0 =      1.000,   1317.000       
# span 1 =      0.990,   1299.982       
# span 2 =    -1.0262,     1.4957       
# span 3 =  27.106680,  30.664402       
# span 4 =    -1.0257,     1.4957       
# span 5 =  27.105153,  30.663411       
# span 6 =     4.0267,     9.5103       
# span 7 =     4.0860,     9.9217       
# span 8 =    -0.0224,     1.7667       
# span 9 =    87.1900,    96.0513       
# span 10 = 1.0000e-12, 5.6141e+01      
# span 11 =  -64.93358,  -64.93318      
# span 12 =  -64.39988,  -64.39906      
# span 13 = 342.941235, 342.985489      
# span 14 =       6.77,     105.13      
# span 15 = 4.0512e+01, 1.3222e+02      
# span 16 =    303.694,   4127.244      
# span 17 =       7290,      99055      
# span 18 =  1026.9886,  1033.8858      
# span 19 =  1026.9870,  1033.8848      
# span 20 =    33.5529,    34.6780      
# span 21 =    33.5505,    34.6769      
# span 22 =    7.72523,    8.31412      
# span 23 =          9,         47      
# span 24 = 0.0000e+00, 0.0000e+00      
# interval = decibars: 1                
# start_time = Dec 08 2021 22:30:19 [NMEA time, header]
# bad_flag = -9.990e-29
*END*
[from data line 2203]
    425.000    420.404     1.3593  30.139937     1.3590  30.138910     4.1980     4.2498    -0.0126    95.9529 1.0000e-12  -64.93332  -64.39926 342.976230      99.97 5.1124e+01   3327.232      79855  1029.7441  1029.7434    34.6556    34.6547    7.75323         33 0.0000e+00
    424.000    419.416     1.3559  30.136209     1.3557  30.134791     4.2089     4.2543    -0.0060    95.9529 1.0000e-12  -64.93332  -64.39926 342.976244      99.97 5.1124e+01   3328.438      79884  1029.7395  1029.7382    34.6552    34.6536    7.75393         23 0.0000e+00
    423.000    418.427     1.3496  30.129265     1.3504  30.128859     4.2128     4.2548    -0.0059    95.9529 1.0000e-12  -64.93332  -64.39926 342.976254      99.97 5.1124e+01   3329.328      79905  1029.7344  1029.7332    34.6539    34.6525    7.75524         20 0.0000e+00
    422.000    417.439     1.3443  30.123266     1.3448  30.122744     4.2109     4.2601    -0.0060    95.9529 1.0000e-12  -64.93332  -64.39926 342.976264      99.97 5.1124e+01   3330.187      79925  1029.7292  1029.7283    34.6526    34.6515    7.75635         22 0.0000e+00
    421.000    416.450     1.3439  30.122318     1.3430  30.120498     4.2053     4.2571    -0.0072    95.9529 1.0000e-12  -64.93332  -64.39928 342.976276      99.97 5.1124e+01   3331.234      79951  1029.7244  1029.7234    34.6524    34.6511    7.75643         30 0.0000e+00
    420.000    415.463     1.3479  30.125870     1.3478  30.124858     4.2056     4.2610    -0.0139    95.9491 1.0000e-12  -64.93332  -64.39928 342.976293      99.97 5.1124e+01   3332.724      79986  1029.7198  1029.7188    34.6531    34.6520    7.75561         40 0.0000e+00
    419.000    414.475     1.3433  30.120907     1.3421  30.118404     4.2146     4.2601    -0.0142    95.9386 1.0000e-12  -64.93332  -64.39930 342.976310      99.97 5.1124e+01   3334.196      80022  1029.7149  1029.7137    34.6524    34.6506    7.75655         27 0.0000e+00
    418.000    413.486     1.3416  30.118457     1.3404  30.116451     4.2191     4.2668    -0.0009    95.9531 1.0000e-12  -64.93332  -64.39930 342.976322      99.97 5.1124e+01   3335.222      80046  1029.7099  1029.7091    34.6518    34.6505    7.75693         21 0.0000e+00
    417.000    412.499     1.3382  30.114863     1.3384  30.113893     4.2256     4.2694    -0.0151    95.9514 1.0000e-12  -64.93332  -64.39930 342.976331      99.98 5.1124e+01   3336.008      80065  1029.7053  1029.7042    34.6515    34.6501    7.75761         17 0.0000e+00
    416.000    411.512     1.3365  30.112410     1.3359  30.110874     4.2175     4.2686    -0.0150    95.9560 1.0000e-12  -64.93332  -64.39930 342.976339      99.97 5.1124e+01   3336.714      80082  1029.7003  1029.6993    34.6508    34.6496    7.75798         17 0.0000e+00
    415.000    410.522     1.3360  30.111389     1.3355  30.110085     4.2118     4.2701    -0.0131    95.9529 1.0000e-12  -64.93332  -64.39930 342.976348      99.98 5.1124e+01   3337.451      80100  1029.6955  1029.6947    34.6506    34.6496    7.75809         19 0.0000e+00
    414.000    409.533     1.3360  30.110837     1.3360  30.110216     4.2156     4.2706    -0.0039    95.9511 1.0000e-12  -64.93332  -64.39930 342.976359      99.97 5.1124e+01   3338.394      80122  1029.6907  1029.6900    34.6506    34.6498    7.75810         28 0.0000e+00
    413.000    408.545     1.3365  30.110904     1.3362  30.109886     4.2187     4.2684     0.0019    95.9425 1.0000e-12  -64.93332  -64.39928 342.976376      99.98 5.0617e+01   3339.914      80159  1029.6860  1029.6852    34.6506    34.6496    7.75799         34 0.0000e+00
    412.000    407.557     1.3371  30.111153     1.3367  30.110060     4.2151     4.2677    -0.0079    95.9423 1.0000e-12  -64.93332  -64.39927 342.976405      99.97 4.9841e+01   3342.354      80217  1029.6813  1029.6806    34.6508    34.6499    7.75786         44 0.0000e+00
    411.000    406.569     1.3384  30.112180     1.3370  30.110072     4.2163     4.2697    -0.0077    95.9453 1.0000e-12  -64.93332  -64.39929 342.976437      99.97 4.9829e+01   3345.115      80284  1029.6768  1029.6760    34.6513    34.6501    7.75758         30 0.0000e+00
    410.000    405.580     1.3358  30.109215     1.3354  30.107676     4.2181     4.2744    -0.0077    95.9487 1.0000e-12  -64.93332  -64.39932 342.976447      99.98 4.9344e+01   3346.057      80306  1029.6721  1029.6710    34.6510    34.6495    7.75811         18 0.0000e+00
    409.000    404.593     1.3329  30.105668     1.3328  30.104561     4.2130     4.2726    -0.0141    95.9632 1.0000e-12  -64.93332  -64.39932 342.976455      99.97 4.9361e+01   3346.686      80321  1029.6672  1029.6662    34.6503    34.6490    7.75873         13 0.0000e+00
    408.000    403.608     1.3317  30.103883     1.3313  30.102651     4.2143     4.2701    -0.0144    95.9397 1.0000e-12  -64.93332  -64.39932 342.976461      99.97 4.9361e+01   3347.194      80334  1029.6623  1029.6614    34.6498    34.6487    7.75898         12 0.0000e+00
    407.000    402.615     1.3314  30.102988     1.3309  30.101734     4.2182     4.2691    -0.0092    95.9297 1.0000e-12  -64.93332  -64.39932 342.976466      99.97 4.9361e+01   3347.653      80345  1029.6575  1029.6567    34.6497    34.6486    7.75906         11 0.0000e+00
    406.000    401.627     1.3313  30.102154     1.3307  30.101038     4.2165     4.2698    -0.0077    95.9502 1.0000e-12  -64.93332  -64.39932 342.976471      99.97 4.9361e+01   3348.101      80355  1029.6525  1029.6519    34.6493    34.6485    7.75910         10 0.0000e+00
    405.000    400.640     1.3312  30.101817     1.3307  30.100432     4.2169     4.2687    -0.0077    95.9458 1.0000e-12  -64.93332  -64.39932 342.976476      99.98 4.9361e+01   3348.549      80366  1029.6480  1029.6471    34.6495    34.6483    7.75911         11 0.0000e+00
    404.000    399.648     1.3310  30.101134     1.3303  30.099719     4.2156     4.2680    -0.0071    95.9489 1.0000e-12  -64.93332  -64.39932 342.976482      99.97 4.9361e+01   3349.035      80378  1029.6432  1029.6425    34.6494    34.6484    7.75915         13 0.0000e+00
    403.000    398.662     1.3311  30.100723     1.3302  30.099170     4.2236     4.2674    -0.0073    95.9339 1.0000e-12  -64.93332  -64.39931 342.976489      99.97 4.9361e+01   3349.637      80392  1029.6385  1029.6377    34.6494    34.6483    7.75913         17 0.0000e+00
    402.000    397.676     1.3313  30.100606     1.3304  30.098897     4.2283     4.2739    -0.0104    95.9347 1.0000e-12  -64.93332  -64.39930 342.976525      99.97 4.9361e+01   3352.722      80466  1029.6339  1029.6330    34.6495    34.6484    7.75908         25 0.0000e+00
    401.000    396.686     1.3308  30.099712     1.3297  30.097756     4.2261     4.2808    -0.0168    95.9439 1.0000e-12  -64.93332  -64.39930 342.976565      99.97 4.9361e+01   3356.191      80550  1029.6291  1029.6282    34.6495    34.6483    7.75918         17 0.0000e+00
    400.000    395.698     1.3304  30.098777     1.3298  30.097289     4.2351     4.2863    -0.0224    95.9320 1.0000e-12  -64.93332  -64.39931 342.976572      99.98 4.9361e+01   3356.853      80565  1029.6244  1029.6234    34.6494    34.6482    7.75926         16 0.0000e+00
    399.000    394.709     1.3295  30.097331     1.3292  30.096238     4.2403     4.2880    -0.0173    95.9352 1.0000e-12  -64.93332  -64.39932 342.976580      99.97 4.9361e+01   3357.524      80582  1029.6196  1029.6187    34.6491    34.6481    7.75946         16 0.0000e+00
    398.000    393.721     1.3284  30.095806     1.3285  30.094903     4.2408     4.2873    -0.0146    95.9416 1.0000e-12  -64.93332  -64.39932 342.976588      99.97 4.9361e+01   3358.183      80597  1029.6148  1029.6139    34.6489    34.6477    7.75968         16 0.0000e+00
    397.000    392.735     1.3237  30.090603     1.3249  30.090327     4.2337     4.2883    -0.0073    95.9368 1.0000e-12  -64.93332  -64.39932 342.976595      99.97 4.9361e+01   3358.848      80613  1029.6099  1029.6085    34.6480    34.6464    7.76066         16 0.0000e+00
    396.000    391.745     1.3193  30.084801     1.3192  30.083816     4.2360     4.2881    -0.0060    95.9377 1.0000e-12  -64.93332  -64.39932 342.976603      99.97 4.9361e+01   3359.537      80630  1029.6041  1029.6032    34.6461    34.6450    7.76163         17 0.0000e+00
    395.000    390.755     1.3187  30.083783     1.3201  30.084497     4.2396     4.2845    -0.0073    95.9538 1.0000e-12  -64.93332  -64.39932 342.976613      99.97 4.9361e+01   3360.320      80649  1029.5995  1029.5988    34.6461    34.6454    7.76176         21 0.0000e+00
    394.000    389.767     1.3216  30.086111     1.3198  30.083846     4.2331     4.2847    -0.0085    95.9519 1.0000e-12  -64.93332  -64.39930 342.976628      99.97 4.9361e+01   3361.640      80680  1029.5947  1029.5942    34.6464    34.6455    7.76116         29 0.0000e+00
    393.000    388.781     1.3272  30.092169     1.3268  30.091045     4.2422     4.2886    -0.0108    95.9461 1.0000e-12  -64.93332  -64.39930 342.976667      99.97 4.9361e+01   3365.044      80762  1029.5910  1029.5903    34.6485    34.6475    7.75994         31 0.0000e+00
    392.000    387.791     1.3252  30.089563     1.3238  30.087229     4.2503     4.2948    -0.0032    95.9486 1.0000e-12  -64.93332  -64.39930 342.976679      99.97 4.9361e+01   3366.102      80787  1029.5862  1029.5851    34.6480    34.6465    7.76037         24 0.0000e+00
    391.000    386.802     1.3184  30.081849     1.3190  30.081507     4.2538     4.3010    -0.0042    95.9529 1.0000e-12  -64.93332  -64.39930 342.976691      99.97 4.9361e+01   3367.076      80811  1029.5807  1029.5798    34.6462    34.6451    7.76180         23 0.0000e+00
    390.000    385.816     1.3157  30.078215     1.3151  30.076687     4.2537     4.3002    -0.0129    95.9663 1.0000e-12  -64.93332  -64.39930 342.976702      99.98 4.9361e+01   3368.083      80835  1029.5755  1029.5745    34.6452    34.6438    7.76241         25 0.0000e+00
    389.000    384.826     1.3132  30.075051     1.3130  30.074078     4.2673     4.3064    -0.0066    95.9788 1.0000e-12  -64.93332  -64.39932 342.976714      99.98 4.9361e+01   3369.057      80858  1029.5705  1029.5697    34.6444    34.6434    7.76293         21 0.0000e+00
    388.000    383.839     1.3082  30.069733     1.3108  30.071111     4.2689     4.3116    -0.0150    95.9611 1.0000e-12  -64.93332  -64.39932 342.976724      99.97 4.9361e+01   3369.913      80879  1029.5657  1029.5646    34.6437    34.6426    7.76395         19 0.0000e+00
    387.000    382.850     1.3038  30.064719     1.3058  30.065487     4.2698     4.3132    -0.0094    95.9639 1.0000e-12  -64.93332  -64.39932 342.976732      99.97 4.9361e+01   3370.673      80897  1029.5607  1029.5595    34.6428    34.6416    7.76488         17 0.0000e+00
    386.000    381.861     1.2993  30.059393     1.2998  30.058988     4.2713     4.3115    -0.0089    95.9530 1.0000e-12  -64.93332  -64.39932 342.976741      99.98 4.9361e+01   3371.407      80915  1029.5554  1029.5545    34.6415    34.6404    7.76583         19 0.0000e+00
    385.000    380.873     1.2997  30.058792     1.2978  30.056521     4.2684     4.3127    -0.0144    95.9529 1.0000e-12  -64.93332  -64.39932 342.976751      99.98 4.9361e+01   3372.251      80935  1029.5501  1029.5497    34.6409    34.6401    7.76579         23 0.0000e+00
    384.000    379.883     1.3020  30.060963     1.3020  30.060668     4.2618     4.3094    -0.0061    95.9529 1.0000e-12  -64.93332  -64.39931 342.976770      99.97 4.9361e+01   3373.915      80975  1029.5458  1029.5454    34.6417    34.6413    7.76529         25 0.0000e+00
    383.000    378.896     1.3046  30.063618     1.3046  30.062563     4.2683     4.3144    -0.0127    95.9529 1.0000e-12  -64.93332  -64.39930 342.976803      99.98 4.9361e+01   3376.755      81043  1029.5415  1029.5404    34.6428    34.6414    7.76472         34 0.0000e+00
    382.000    377.908     1.3004  30.058655     1.3002  30.057632     4.2781     4.3163    -0.0065    95.9529 1.0000e-12  -64.93332  -64.39930 342.976817      99.97 4.9361e+01   3378.000      81073  1029.5364  1029.5356    34.6417    34.6406    7.76561         26 0.0000e+00
    381.000    376.921     1.2959  30.053966     1.2972  30.053841     4.2789     4.3214    -0.0067    95.9529 1.0000e-12  -64.93332  -64.39931 342.976828      99.97 4.9361e+01   3378.961      81096  1029.5318  1029.5304    34.6413    34.6396    7.76653         21 0.0000e+00
    380.000    375.931     1.2913  30.048591     1.2907  30.047044     4.2845     4.3265    -0.0077    95.9558 1.0000e-12  -64.93332  -64.39932 342.976838      99.97 4.9361e+01   3379.770      81115  1029.5266  1029.5256    34.6400    34.6387    7.76750         18 0.0000e+00
    379.000    374.943     1.2892  30.045983     1.2896  30.045498     4.2813     4.3285    -0.0077    95.9543 1.0000e-12  -64.93332  -64.39932 342.976846      99.97 4.9361e+01   3380.509      81133  1029.5217  1029.5208    34.6396    34.6385    7.76794         18 0.0000e+00
    378.000    373.953     1.2877  30.043911     1.2876  30.043061     4.2746     4.3289    -0.0077    95.9485 1.0000e-12  -64.93332  -64.39934 342.976855      99.97 4.9361e+01   3381.234      81151  1029.5168  1029.5160    34.6392    34.6382    7.76825         17 0.0000e+00
    377.000    372.966     1.2868  30.042465     1.2868  30.041670     4.2747     4.3284    -0.0077    95.9503 1.0000e-12  -64.93332  -64.39934 342.976863      99.98 4.9361e+01   3382.008      81169  1029.5120  1029.5112    34.6389    34.6379    7.76845         20 0.0000e+00
    376.000    371.977     1.2874  30.042619     1.2873  30.041876     4.2774     4.3234    -0.0074    95.8629 1.0000e-12  -64.93332  -64.39934 342.976874      99.97 4.9361e+01   3382.951      81192  1029.5072  1029.5066    34.6390    34.6382    7.76832         25 0.0000e+00
    375.000    370.989     1.2882  30.043014     1.2885  30.042698     4.2770     4.3226    -0.0111    95.8452 1.0000e-12  -64.93332  -64.39932 342.976892      99.97 4.9361e+01   3384.442      81228  1029.5025  1029.5019    34.6392    34.6384    7.76815         39 0.0000e+00
    374.000    370.001     1.2877  30.042079     1.2884  30.042102     4.2766     4.3301    -0.0114    95.9499 1.0000e-12  -64.93332  -64.39932 342.976914      99.98 4.9361e+01   3386.410      81275  1029.4979  1029.4972    34.6392    34.6384    7.76826         38 0.0000e+00
    373.000    369.013     1.2883  30.042166     1.2889  30.041917     4.2760     4.3286    -0.0149    95.9530 1.0000e-12  -64.93332  -64.39932 342.976934      99.97 4.9361e+01   3388.106      81316  1029.4931  1029.4922    34.6392    34.6382    7.76814         33 0.0000e+00
    372.000    368.024     1.2864  30.040061     1.2856  30.038213     4.2905     4.3376    -0.0100    95.9529 1.0000e-12  -64.93332  -64.39932 342.976948      99.97 4.9361e+01   3389.321      81345  1029.4885  1029.4874    34.6391    34.6376    7.76851         26 0.0000e+00
    371.000    367.034     1.2760  30.029198     1.2809  30.032571     4.2912     4.3403    -0.0114    95.9529 1.0000e-12  -64.93332  -64.39934 342.976959      99.98 4.9361e+01   3390.272      81368  1029.4834  1029.4821    34.6373    34.6363    7.77067         22 0.0000e+00
    370.000    366.048     1.2732  30.025244     1.2738  30.025084     4.2931     4.3407    -0.0110    95.9529 1.0000e-12  -64.93332  -64.39934 342.976969      99.98 4.9361e+01   3391.125      81388  1029.4779  1029.4772    34.6359    34.6351    7.77130         20 0.0000e+00
    369.000    365.059     1.2724  30.023928     1.2723  30.023002     4.2972     4.3422    -0.0002    95.8809 1.0000e-12  -64.93332  -64.39934 342.976979      99.97 4.9361e+01   3391.965      81408  1029.4730  1029.4723    34.6357    34.6347    7.77146         20 0.0000e+00
