NBP2113_155081_ctd/data/nbp2113_064.ros
* Sea-Bird SBE 9 Data File:
* FileName = D:\Data\raw\NBP2113_064.hex
* Software Version Seasave V 7.26.7.121
* Temperature SN = 2438
* Conductivity SN = 2067
* Number of Bytes Per Scan = 40
* Number of Voltage Words = 5
* Number of Scans Averaged by the Deck Unit = 1
* NMEA Latitude = 64 10.41 S
* NMEA Longitude = 061 58.85 W
* NMEA UTC (Time) = Dec 14 2021  13:32:28
* NMEA baud rate = 9600
** Ship: RVIB N.B. Palmer
** Cruise: NBP2113 LTER
** Station: 739.006
** Operator: B. Urmston
# nquan = 20
# nvalues = 580                                   
# units = specified
# name 0 = prDM: Pressure, Digiquartz [db]
# name 1 = depSM: Depth [salt water, m]
# name 2 = t090C: Temperature [ITS-90, deg C]
# name 3 = c0mS/cm: Conductivity [mS/cm]
# name 4 = t190C: Temperature, 2 [ITS-90, deg C]
# name 5 = c1mS/cm: Conductivity, 2 [mS/cm]
# name 6 = sbeox0ML/L: Oxygen, SBE 43 [ml/l]
# name 7 = sbeox1ML/L: Oxygen, SBE 43, 2 [ml/l]
# name 8 = flECO-AFL: Fluorescence, WET Labs ECO-AFL/FL [mg/m^3]
# name 9 = CStarTr0: Beam Transmission, WET Labs C-Star [%]
# name 10 = par: PAR/Irradiance, Biospherical/Licor
# name 11 = latitude: Latitude [deg]
# name 12 = longitude: Longitude [deg]
# name 13 = timeJ: Julian Days
# name 14 = altM: Altimeter [m]
# name 15 = spar: SPAR, Biospherical/Licor
# name 16 = timeS: Time, Elapsed [seconds]
# name 17 = scan: Scan Count
# name 18 = nbf: Bottles Fired
# name 19 = flag:  0.000e+00
# interval = seconds: 0.0416667
# start_time = Dec 14 2021 13:32:28 [NMEA time, header]
# bad_flag = -9.990e-29
*END*
[from data line 435]
     28.013     27.738     0.2871  28.574349     0.2860  28.571881     7.1951     7.2294     1.2304    86.6057 9.7540e+00  -64.17366  -61.98066 348.595343      99.98 3.8255e+02   2689.625      64552         10  0.000e+00
     27.958     27.684     0.2871  28.573768     0.2863  28.572051     7.1953     7.2293     1.2377    86.6057 9.7540e+00  -64.17366  -61.98066 348.595343      99.98 3.8255e+02   2689.667      64553         10  0.000e+00
     28.013     27.738     0.2870  28.573942     0.2863  28.572051     7.1897     7.2347     1.2377    86.6057 9.7834e+00  -64.17366  -61.98066 348.595344      99.98 3.8431e+02   2689.708      64554         10  0.000e+00
     28.040     27.765     0.2868  28.574058     0.2861  28.572108     7.1896     7.2354     1.2377    86.6057 9.7540e+00  -64.17366  -61.98066 348.595344      99.98 3.8255e+02   2689.750      64555         10  0.000e+00
     28.013     27.738     0.2867  28.573768     0.2863  28.572051     7.1948     7.2307     1.2377    86.6057 9.7540e+00  -64.17366  -61.98066 348.595345      99.95 3.8431e+02   2689.792      64556         10  0.000e+00
     27.958     27.684     0.2868  28.573768     0.2860  28.571824     7.1954     7.2357     1.2377    86.6057 9.7540e+00  -64.17366  -61.98066 348.595345      99.93 3.8255e+02   2689.833      64557         10  0.000e+00
     28.013     27.738     0.2867  28.573652     0.2861  28.572051     7.1947     7.2362     1.2304    86.6057 9.7540e+00  -64.17366  -61.98066 348.595346      99.95 3.8431e+02   2689.875      64558         10  0.000e+00
     27.958     27.684     0.2867  28.573768     0.2862  28.572391     7.1905     7.2364     1.2304    86.6057 9.7540e+00  -64.17366  -61.98066 348.595346      99.98 3.8431e+02   2689.917      64559         10  0.000e+00
     27.958     27.684     0.2867  28.573536     0.2860  28.571824     7.2006     7.2367     1.2304    86.6057 9.7834e+00  -64.17366  -61.98066 348.595347      99.98 3.8431e+02   2689.958      64560         10  0.000e+00
     27.986     27.711     0.2865  28.573652     0.2861  28.572618     7.1962     7.2377     1.2377    86.6057 9.7540e+00  -64.17366  -61.98066 348.595347      99.95 3.8255e+02   2690.000      64561         10  0.000e+00
     28.013     27.738     0.2863  28.573536     0.2860  28.572334     7.1959     7.2386     1.2304    86.6057 9.7540e+00  -64.17366  -61.98066 348.595348      99.95 3.8431e+02   2690.042      64562         10  0.000e+00
     27.958     27.684     0.2864  28.573536     0.2860  28.572391     7.2021     7.2386     1.2304    86.5800 9.7540e+00  -64.17366  -61.98066 348.595348      99.98 3.8431e+02   2690.083      64563         10  0.000e+00
     27.958     27.684     0.2865  28.573536     0.2859  28.572334     7.2026     7.2385     1.2377    86.5800 9.7540e+00  -64.17366  -61.98066 348.595349      99.98 3.8431e+02   2690.125      64564         10  0.000e+00
     28.013     27.738     0.2866  28.573129     0.2860  28.572051     7.1973     7.2384     1.2304    86.5800 9.7540e+00  -64.17366  -61.98066 348.595349      99.98 3.8431e+02   2690.167      64565         10  0.000e+00
     27.911     27.637     0.2862  28.573245     0.2860  28.571880     7.1946     7.2380     1.2377    86.5800 9.7540e+00  -64.17366  -61.98066 348.595350      99.98 3.8431e+02   2690.208      64566         10  0.000e+00
     28.041     27.765     0.2864  28.573245     0.2857  28.572335     7.1988     7.2386     1.2377    86.5800 9.7540e+00  -64.17366  -61.98066 348.595350      99.98 3.8431e+02   2690.250      64567         10  0.000e+00
     27.958     27.684     0.2863  28.572955     0.2855  28.571824     7.1996     7.2381     1.2304    86.5800 9.7540e+00  -64.17366  -61.98066 348.595351      99.95 3.8431e+02   2690.292      64568         10  0.000e+00
     27.958     27.684     0.2865  28.572839     0.2856  28.571824     7.1988     7.2375     1.2304    86.5800 9.7540e+00  -64.17366  -61.98066 348.595351      99.95 3.8431e+02   2690.333      64569         10  0.000e+00
     27.911     27.637     0.2862  28.572955     0.2855  28.571880     7.1922     7.2368     1.2377    86.5800 9.7540e+00  -64.17366  -61.98066 348.595352      99.98 3.8431e+02   2690.375      64570         10  0.000e+00
     28.013     27.738     0.2860  28.572955     0.2854  28.571540     7.2024     7.2370     1.2377    86.5800 9.7540e+00  -64.17366  -61.98066 348.595352      99.98 3.8431e+02   2690.417      64571         10  0.000e+00
     27.911     27.637     0.2861  28.573129     0.2856  28.571540     7.1977     7.2421     1.2377    86.5800 9.7540e+00  -64.17366  -61.98066 348.595353      99.98 3.8431e+02   2690.458      64572         10  0.000e+00
     27.986     27.711     0.2861  28.572955     0.2857  28.571597     7.1975     7.2429     1.2377    86.5800 9.7540e+00  -64.17366  -61.98066 348.595353      99.93 3.8431e+02   2690.500      64573         10  0.000e+00
     27.959     27.684     0.2861  28.572955     0.2857  28.571540     7.1982     7.2427     1.2304    86.5800 9.7540e+00  -64.17366  -61.98066 348.595353      99.95 3.8431e+02   2690.542      64574         10  0.000e+00
     27.911     27.637     0.2861  28.572955     0.2855  28.571540     7.2030     7.2431     1.2157    86.5800 9.7540e+00  -64.17366  -61.98066 348.595354      99.98 3.8431e+02   2690.583      64575         10  0.000e+00
     28.013     27.739     0.2864  28.573129     0.2857  28.571540     7.1977     7.2436     1.1425    86.5800 9.7834e+00  -64.17366  -61.98066 348.595354      99.98 3.8431e+02   2690.625      64576         10  0.000e+00
     27.911     27.637     0.2860  28.572955     0.2859  28.571597     7.1964     7.2437     1.1132    86.5542 9.7540e+00  -64.17366  -61.98066 348.595355      99.98 3.8431e+02   2690.667      64577         10  0.000e+00
     27.959     27.684     0.2862  28.573536     0.2858  28.571540     7.1963     7.2439     1.1132    86.5542 9.7540e+00  -64.17366  -61.98066 348.595355      99.98 3.8431e+02   2690.708      64578         10  0.000e+00
     27.938     27.664     0.2864  28.572955     0.2860  28.571540     7.2017     7.2439     1.1205    86.5800 9.7834e+00  -64.17366  -61.98066 348.595356      99.98 3.8431e+02   2690.750      64579         10  0.000e+00
     27.959     27.684     0.2866  28.572839     0.2859  28.571313     7.1955     7.2440     1.1205    86.5542 9.7540e+00  -64.17366  -61.98066 348.595356      99.98 3.8431e+02   2690.792      64580         10  0.000e+00
     27.911     27.637     0.2867  28.572722     0.2858  28.570746     7.1934     7.2438     1.1205    86.5800 9.7834e+00  -64.17366  -61.98066 348.595357      99.95 3.8431e+02   2690.833      64581         10  0.000e+00
     27.959     27.684     0.2865  28.572955     0.2859  28.571257     7.1926     7.2436     1.1205    86.5542 9.7834e+00  -64.17366  -61.98066 348.595357      99.98 3.8431e+02   2690.875      64582         10  0.000e+00
     27.911     27.637     0.2866  28.572839     0.2860  28.570746     7.1971     7.2432     1.1205    86.5542 9.7834e+00  -64.17366  -61.98066 348.595358      99.98 3.8431e+02   2690.917      64583         10  0.000e+00
     27.959     27.685     0.2865  28.572955     0.2860  28.571030     7.1972     7.2437     1.1205    86.5542 9.7834e+00  -64.17366  -61.98066 348.595358      99.98 3.8431e+02   2690.958      64584         10  0.000e+00
     27.938     27.664     0.2870  28.572955     0.2859  28.571257     7.1899     7.2440     1.1205    86.5542 9.7834e+00  -64.17366  -61.98066 348.595359      99.93 3.8431e+02   2691.000      64585         10  0.000e+00
     27.911     27.637     0.2871  28.573245     0.2863  28.571257     7.1938     7.2441     1.1205    86.5542 9.7834e+00  -64.17366  -61.98066 348.595359      99.95 3.8431e+02   2691.042      64586         10  0.000e+00
     27.911     27.637     0.2871  28.572606     0.2862  28.571313     7.1932     7.2435     1.1205    86.5542 9.7834e+00  -64.17366  -61.98066 348.595360      99.98 3.8431e+02   2691.083      64587         10  0.000e+00
     27.959     27.685     0.2870  28.572723     0.2863  28.571030     7.1868     7.2428     1.1205    86.5542 9.7834e+00  -64.17366  -61.98066 348.595360      99.98 3.8431e+02   2691.125      64588         10  0.000e+00
     27.911     27.637     0.2872  28.573245     0.2861  28.571257     7.1844     7.2419     1.1205    86.5542 9.7834e+00  -64.17366  -61.98066 348.595361      99.98 3.8431e+02   2691.167      64589         10  0.000e+00
     27.911     27.637     0.2873  28.572722     0.2862  28.571030     7.1889     7.2410     1.1205    86.5542 9.8128e+00  -64.17366  -61.98066 348.595361      99.98 3.8431e+02   2691.208      64590         10  0.000e+00
     27.938     27.664     0.2871  28.572839     0.2862  28.571313     7.1876     7.2400     1.1205    86.5542 9.7834e+00  -64.17366  -61.98066 348.595362      99.98 3.8431e+02   2691.250      64591         10  0.000e+00
     27.911     27.637     0.2874  28.572955     0.2861  28.571030     7.1860     7.2450     1.1205    86.5542 9.7834e+00  -64.17366  -61.98066 348.595362      99.95 3.8431e+02   2691.292      64592         10  0.000e+00
     27.911     27.637     0.2873  28.572955     0.2862  28.570746     7.1800     7.2454     1.1205    86.5542 9.7834e+00  -64.17366  -61.98066 348.595363      99.95 3.8431e+02   2691.333      64593         10  0.000e+00
     27.911     27.637     0.2873  28.572839     0.2860  28.571030     7.1838     7.2404     1.1205    86.5285 9.8128e+00  -64.17366  -61.98066 348.595363      99.98 3.8431e+02   2691.375      64594         10  0.000e+00
     27.911     27.637     0.2874  28.572955     0.2861  28.571257     7.1831     7.2451     1.1132    86.5542 9.8128e+00  -64.17366  -61.98066 348.595364      99.98 3.8431e+02   2691.417      64595         10  0.000e+00
     27.911     27.637     0.2873  28.572955     0.2862  28.571030     7.1823     7.2452     1.1205    86.5542 9.8128e+00  -64.17366  -61.98066 348.595364      99.98 3.8431e+02   2691.458      64596         10  0.000e+00
     27.939     27.664     0.2873  28.573535     0.2859  28.571257     7.1826     7.2453     1.1205    86.5542 9.8128e+00  -64.17366  -61.98066 348.595365      99.93 3.8431e+02   2691.500      64597         10  0.000e+00
     27.856     27.583     0.2875  28.572838     0.2861  28.571313     7.1884     7.2451     1.1205    86.5542 9.8128e+00  -64.17366  -61.98066 348.595365      99.95 3.8431e+02   2691.542      64598         10  0.000e+00
      4.801      4.754     0.3335  28.584327     0.3354  28.580094     7.2877     7.3846     1.2084    84.2368 1.3740e+02  -64.17360  -61.98054 348.596154      99.98 4.4777e+02   2759.667      66233         11  0.000e+00
      4.753      4.707     0.3335  28.584502     0.3351  28.579753     7.2865     7.3840     1.1644    84.2368 1.3740e+02  -64.17360  -61.98054 348.596154      99.98 4.4777e+02   2759.708      66234         11  0.000e+00
      4.849      4.802     0.3332  28.584211     0.3354  28.580264     7.2925     7.3841     1.1498    84.2368 1.3740e+02  -64.17360  -61.98054 348.596155      99.98 4.4777e+02   2759.750      66235         11  0.000e+00
      4.739      4.693     0.3329  28.584327     0.3355  28.580037     7.2926     7.3842     1.1498    84.2368 1.3740e+02  -64.17360  -61.98054 348.596155      99.95 4.4777e+02   2759.792      66236         11  0.000e+00
      4.801      4.754     0.3330  28.584502     0.3351  28.580094     7.2871     7.3844     1.1498    84.2368 1.3740e+02  -64.17360  -61.98054 348.596155      99.95 4.4777e+02   2759.833      66237         11  0.000e+00
      4.801      4.754     0.3330  28.583689     0.3351  28.580264     7.2873     7.3845     1.1571    84.2368 1.3740e+02  -64.17360  -61.98054 348.596156      99.98 4.4777e+02   2759.875      66238         11  0.000e+00
      4.794      4.747     0.3330  28.583805     0.3349  28.580264     7.2931     7.3847     1.1571    84.2110 1.3779e+02  -64.17360  -61.98054 348.596156      99.98 4.4777e+02   2759.917      66239         11  0.000e+00
      4.801      4.754     0.3329  28.584502     0.3348  28.580264     7.2932     7.3849     1.1498    84.2368 1.3779e+02  -64.17360  -61.98054 348.596157      99.95 4.4777e+02   2759.958      66240         11  0.000e+00
      4.801      4.754     0.3329  28.584792     0.3343  28.580605     7.2933     7.3850     1.1498    84.2368 1.3779e+02  -64.17360  -61.98054 348.596157      99.93 4.4777e+02   2760.000      66241         11  0.000e+00
      4.801      4.754     0.3330  28.584502     0.3342  28.580831     7.2947     7.3852     1.1498    84.2368 1.3779e+02  -64.17360  -61.98054 348.596158      99.95 4.4777e+02   2760.042      66242         11  0.000e+00
      4.740      4.693     0.3327  28.584618     0.3340  28.580831     7.2947     7.3853     1.1571    84.2368 1.3779e+02  -64.17360  -61.98054 348.596158      99.98 4.4777e+02   2760.083      66243         11  0.000e+00
      4.801      4.754     0.3329  28.584502     0.3340  28.581058     7.2948     7.3855     1.1571    84.2368 1.3779e+02  -64.17360  -61.98054 348.596159      99.98 4.4777e+02   2760.125      66244         11  0.000e+00
      4.801      4.754     0.3330  28.585024     0.3339  28.581455     7.2891     7.3856     1.1498    84.2368 1.3779e+02  -64.17360  -61.98054 348.596159      99.98 4.4777e+02   2760.167      66245         11  0.000e+00
      4.794      4.748     0.3327  28.584618     0.3340  28.581626     7.3003     7.3857     1.1571    84.2368 1.3779e+02  -64.17360  -61.98054 348.596160      99.98 4.4777e+02   2760.208      66246         11  0.000e+00
      4.801      4.754     0.3326  28.584502     0.3337  28.581626     7.2972     7.3850     1.1498    84.2368 1.3740e+02  -64.17360  -61.98054 348.596160      99.98 4.4777e+02   2760.250      66247         11  0.000e+00
      4.801      4.754     0.3328  28.584502     0.3331  28.581342     7.2971     7.3844     1.1498    84.2368 1.3740e+02  -64.17360  -61.98054 348.596161      99.95 4.4777e+02   2760.292      66248         11  0.000e+00
      4.753      4.707     0.3335  28.584037     0.3326  28.582250     7.2912     7.3845     1.1498    84.2368 1.3740e+02  -64.17360  -61.98054 348.596161      99.93 4.4777e+02   2760.333      66249         11  0.000e+00
      4.794      4.748     0.3335  28.584211     0.3328  28.582136     7.3023     7.3846     1.1571    84.2368 1.3701e+02  -64.17360  -61.98054 348.596162      99.95 4.4953e+02   2760.375      66250         11  0.000e+00
      4.801      4.755     0.3333  28.583979     0.3326  28.581909     7.2991     7.3838     1.1571    84.2368 1.3701e+02  -64.17360  -61.98054 348.596162      99.98 4.4953e+02   2760.417      66251         11  0.000e+00
      4.753      4.707     0.3338  28.584037     0.3326  28.582136     7.2988     7.3838     1.1571    84.2368 1.3701e+02  -64.17360  -61.98054 348.596163      99.98 4.4953e+02   2760.458      66252         11  0.000e+00
      4.842      4.795     0.3339  28.583689     0.3330  28.582250     7.2986     7.3839     1.1498    84.2368 1.3663e+02  -64.17360  -61.98054 348.596163      99.95 4.4953e+02   2760.500      66253         11  0.000e+00
      4.754      4.707     0.3333  28.583456     0.3331  28.582136     7.3039     7.3838     1.1571    84.2368 1.3663e+02  -64.17360  -61.98054 348.596164      99.93 4.4953e+02   2760.542      66254         11  0.000e+00
      4.801      4.755     0.3335  28.583689     0.3332  28.581909     7.2992     7.3839     1.1498    84.2368 1.3663e+02  -64.17360  -61.98054 348.596164      99.95 4.4953e+02   2760.583      66255         11  0.000e+00
      4.754      4.707     0.3336  28.583514     0.3332  28.581909     7.3042     7.3839     1.1571    84.2368 1.3663e+02  -64.17360  -61.98054 348.596165      99.98 4.4953e+02   2760.625      66256         11  0.000e+00
