NBP2113_155081_ctd/data/nbp2113_024.cnv
* Sea-Bird SBE 9 Data File:
* FileName = D:\Data\raw\NBP2113_024.hex
* Software Version Seasave V 7.26.7.121
* Temperature SN = 2438
* Conductivity SN = 2067
* Number of Bytes Per Scan = 40
* Number of Voltage Words = 5
* Number of Scans Averaged by the Deck Unit = 1
* NMEA Latitude = 67 06.83 S
* NMEA Longitude = 071 31.86 W
* NMEA UTC (Time) = Dec 02 2021  07:40:38
* NMEA baud rate = 9600
** Ship: RVIB N.B. Palmer
** Cruise: NBP2113 LTER
** Station: 200.100
** Operator: B. Urmston
# nquan = 25
# nvalues = 838                         
# units = specified
# name 0 = prDM: Pressure, Digiquartz [db]
# name 1 = depSM: Depth [salt water, m]
# name 2 = t090C: Temperature [ITS-90, deg C]
# name 3 = c0mS/cm: Conductivity [mS/cm]
# name 4 = t190C: Temperature, 2 [ITS-90, deg C]
# name 5 = c1mS/cm: Conductivity, 2 [mS/cm]
# name 6 = sbeox0ML/L: Oxygen, SBE 43 [ml/l]
# name 7 = sbeox1ML/L: Oxygen, SBE 43, 2 [ml/l]
# name 8 = flECO-AFL: Fluorescence, WET Labs ECO-AFL/FL [mg/m^3]
# name 9 = CStarTr0: Beam Transmission, WET Labs C-Star [%]
# name 10 = par: PAR/Irradiance, Biospherical/Licor
# name 11 = latitude: Latitude [deg]
# name 12 = longitude: Longitude [deg]
# name 13 = timeJ: Julian Days
# name 14 = altM: Altimeter [m]
# name 15 = spar: SPAR, Biospherical/Licor
# name 16 = timeS: Time, Elapsed [seconds]
# name 17 = scan: Scan Count
# name 18 = density00: Density [density, kg/m^3]
# name 19 = density11: Density, 2 [density, kg/m^3]
# name 20 = sal00: Salinity, Practical [PSU]
# name 21 = sal11: Salinity, Practical, 2 [PSU]
# name 22 = oxsolML/L: Oxygen Saturation, Garcia & Gordon [ml/l]
# name 23 = nbin: number of scans per bin
# name 24 = flag: flag
# span 0 =      1.000,    422.000       
# span 1 =      0.990,    417.380       
# span 2 =    -0.4946,     1.4783       
# span 3 =  27.886151,  30.208013       
# span 4 =    -0.4946,     1.4779       
# span 5 =  27.882935,  30.206382       
# span 6 =     3.5096,    17.6668       
# span 7 =     3.9074,     9.9644       
# span 8 =    -0.0148,     3.2440       
# span 9 =    87.7380,    97.3027       
# span 10 = -7.718e-06, 5.7867e+01      
# span 11 =  -67.11402,  -67.11380      
# span 12 =  -71.53106,  -71.52968      
# span 13 = 336.323486, 336.344568      
# span 14 =       8.43,     101.37      
# span 15 = 2.8141e+01, 6.5242e+01      
# span 16 =    311.291,   2132.679      
# span 17 =       7472,      51185      
# span 18 =  1027.3386,  1029.7721      
# span 19 =  1027.3372,  1029.7706      
# span 20 =    34.0145,    34.7102      
# span 21 =    34.0122,    34.7084      
# span 22 =    7.72767,    8.17097      
# span 23 =          1,         45      
# span 24 = 0.0000e+00, 0.0000e+00      
# interval = decibars: 1                
# start_time = Dec 02 2021 07:40:38 [NMEA time, header]
# bad_flag = -9.990e-29
*END*
[from data line 580]
    258.000    255.276     1.4606  30.181537     1.4610  30.180509     3.9244     3.9852     0.0093    97.2659 1.0000e-12  -67.11392  -71.53086 336.337078      99.98 4.9361e+01   1485.518      35653  1028.9823  1028.9808    34.6929    34.6912    7.73130         26 0.0000e+00
    257.000    254.284     1.4572  30.177036     1.4584  30.177023     3.9260     3.9848     0.0028    97.2661 1.0000e-12  -67.11392  -71.53086 336.337092      99.98 4.9361e+01   1486.763      35683  1028.9769  1028.9757    34.6916    34.6903    7.73206         21 0.0000e+00
    256.000    253.299     1.4554  30.174575     1.4546  30.172387     3.9243     3.9882     0.0055    97.2661 1.0000e-12  -67.11392  -71.53086 336.337100      99.98 4.9361e+01   1487.478      35700  1028.9719  1028.9704    34.6910    34.6891    7.73243         16 0.0000e+00
    255.000    252.309     1.4475  30.165869     1.4475  30.164598     3.9302     3.9918     0.0022    97.2476 1.0000e-12  -67.11392  -71.53084 336.337108      99.98 4.9361e+01   1488.107      35716  1028.9666  1028.9652    34.6892    34.6876    7.73407         14 0.0000e+00
    254.000    251.317     1.4445  30.162329     1.4438  30.160106     3.9333     3.9895     0.0014    97.2403 1.0000e-12  -67.11392  -71.53084 336.337115      99.98 4.9361e+01   1488.733      35731  1028.9616  1028.9601    34.6886    34.6866    7.73469         16 0.0000e+00
    253.000    250.330     1.4428  30.160195     1.4410  30.157015     3.9366     3.9883     0.0020    97.2403 1.0000e-12  -67.11392  -71.53084 336.337123      99.97 4.9361e+01   1489.430      35747  1028.9569  1028.9554    34.6884    34.6863    7.73505         18 0.0000e+00
    252.000    249.342     1.4372  30.154169     1.4378  30.153455     3.9377     3.9871     0.0021    97.2381 1.0000e-12  -67.11392  -71.53082 336.337133      99.98 4.9361e+01   1490.274      35768  1028.9521  1028.9506    34.6875    34.6858    7.73620         23 0.0000e+00
    251.000    248.352     1.4439  30.160401     1.4413  30.156455     3.9387     3.9858     0.0058    97.2286 1.0000e-12  -67.11392  -71.53082 336.337145      99.98 4.9361e+01   1491.361      35794  1028.9474  1028.9460    34.6886    34.6865    7.73482         30 0.0000e+00
    250.000    247.363     1.4405  30.156615     1.4431  30.157782     3.9389     3.9858     0.0069    97.2349 1.0000e-12  -67.11392  -71.53083 336.337162      99.98 4.9361e+01   1492.826      35829  1028.9427  1028.9413    34.6881    34.6868    7.73551         38 0.0000e+00
    249.000    246.374     1.4429  30.158442     1.4407  30.155146     3.9333     3.9898     0.0044    97.2338 1.0000e-12  -67.11392  -71.53085 336.337182      99.97 4.9361e+01   1494.491      35869  1028.9379  1028.9367    34.6884    34.6866    7.73503         36 0.0000e+00
    248.000    245.387     1.4391  30.154306     1.4378  30.151495     3.9344     3.9933     0.0133    97.2051 1.0000e-12  -67.11392  -71.53086 336.337197      99.98 4.9361e+01   1495.812      35900  1028.9331  1028.9316    34.6878    34.6858    7.73580         30 0.0000e+00
    247.000    244.396     1.4398  30.154703     1.4394  30.152957     3.9354     3.9908     0.0036    97.2368 1.0000e-12  -67.11392  -71.53086 336.337215      99.98 4.9361e+01   1497.383      35938  1028.9285  1028.9271    34.6882    34.6863    7.73565         32 0.0000e+00
    246.000    243.407     1.4432  30.157669     1.4420  30.155102     3.9292     3.9867     0.0093    97.2413 1.0000e-12  -67.11392  -71.53086 336.337247      99.97 4.9123e+01   1500.099      36003  1028.9239  1028.9226    34.6888    34.6869    7.73495         32 0.0000e+00
    245.000    242.421     1.4362  30.149606     1.4359  30.147959     3.9315     3.9860     0.0008    97.2403 1.0000e-12  -67.11392  -71.53084 336.337258      99.97 4.8208e+01   1501.133      36028  1028.9184  1028.9170    34.6868    34.6851    7.73643         19 0.0000e+00
    244.000    241.430     1.4267  30.139940     1.4267  30.138466     3.9253     3.9849    -0.0075    97.2403 1.0000e-12  -67.11392  -71.53084 336.337267      99.97 4.8183e+01   1501.819      36045  1028.9137  1028.9121    34.6856    34.6837    7.73836         15 0.0000e+00
    243.000    240.441     1.4248  30.137551     1.4245  30.135774     3.9226     3.9861    -0.0056    97.2403 1.0000e-12  -67.11392  -71.53084 336.337273      99.98 4.7714e+01   1502.408      36059  1028.9089  1028.9073    34.6852    34.6833    7.73875         14 0.0000e+00
    242.000    239.453     1.4237  30.135981     1.4233  30.134174     3.9276     3.9863    -0.0041    97.2403 1.0000e-12  -67.11392  -71.53084 336.337280      99.97 4.7601e+01   1502.966      36072  1028.9041  1028.9026    34.6850    34.6832    7.73898         14 0.0000e+00
    241.000    238.466     1.4255  30.136951     1.4249  30.135025     3.9295     3.9867    -0.0015    97.2403 1.0000e-12  -67.11392  -71.53084 336.337286      99.97 4.7598e+01   1503.540      36086  1028.8990  1028.8976    34.6849    34.6831    7.73864         13 0.0000e+00
    240.000    237.474     1.4269  30.137565     1.4264  30.135870     3.9246     3.9851     0.0009    97.2424 1.0000e-12  -67.11392  -71.53082 336.337293      99.98 4.7598e+01   1504.140      36100  1028.8940  1028.8927    34.6846    34.6830    7.73837         16 0.0000e+00
    239.000    236.485     1.4270  30.137090     1.4267  30.135551     3.9240     3.9856    -0.0033    97.2433 1.0000e-12  -67.11392  -71.53081 336.337301      99.98 4.7598e+01   1504.819      36117  1028.8891  1028.8878    34.6845    34.6829    7.73835         17 0.0000e+00
    238.000    235.497     1.4269  30.136536     1.4262  30.135046     3.9255     3.9861     0.0017    97.2404 1.0000e-12  -67.11392  -71.53080 336.337311      99.98 4.7598e+01   1505.645      36136  1028.8845  1028.8836    34.6846    34.6834    7.73838         23 0.0000e+00
    237.000    234.509     1.4267  30.136095     1.4263  30.134401     3.9309     3.9814     0.0135    97.2355 1.0000e-12  -67.11392  -71.53080 336.337325      99.98 4.7598e+01   1506.848      36165  1028.8799  1028.8785    34.6848    34.6830    7.73841         36 0.0000e+00
    236.000    233.518     1.4265  30.135400     1.4267  30.133904     3.9288     3.9798     0.0057    97.2226 1.0000e-12  -67.11391  -71.53085 336.337371      99.98 4.7598e+01   1510.857      36262  1028.8750  1028.8733    34.6846    34.6825    7.73844         28 0.0000e+00
    235.000    232.529     1.4271  30.135092     1.4268  30.133373     3.9245     3.9845    -0.0053    97.1884 1.0000e-12  -67.11390  -71.53085 336.337404      99.98 4.7598e+01   1513.661      36329  1028.8699  1028.8684    34.6842    34.6823    7.73836         17 0.0000e+00
    234.000    231.543     1.4264  30.134534     1.4262  30.133034     3.9154     3.9826    -0.0046    97.2329 1.0000e-12  -67.11390  -71.53084 336.337410      99.97 4.7598e+01   1514.246      36343  1028.8657  1028.8644    34.6848    34.6831    7.73846         12 0.0000e+00
    233.000    230.554     1.4269  30.134511     1.4268  30.132840     3.9093     3.9796    -0.0148    97.2456 1.0000e-12  -67.11390  -71.53084 336.337416      99.98 4.7598e+01   1514.730      36355  1028.8609  1028.8594    34.6848    34.6829    7.73835         11 0.0000e+00
    232.000    229.564     1.4283  30.134749     1.4280  30.132991     3.9148     3.9792    -0.0135    97.2163 1.0000e-12  -67.11390  -71.53084 336.337421      99.98 4.7598e+01   1515.159      36365  1028.8555  1028.8541    34.6841    34.6823    7.73811         10 0.0000e+00
    231.000    228.577     1.4298  30.135106     1.4296  30.133317     3.9164     3.9805    -0.0083    97.2145 1.0000e-12  -67.11390  -71.53084 336.337426      99.98 4.7598e+01   1515.571      36375  1028.8502  1028.8486    34.6835    34.6815    7.73785         10 0.0000e+00
    230.000    227.584     1.4307  30.135147     1.4303  30.133348     3.9206     3.9805     0.0015    97.2321 1.0000e-12  -67.11390  -71.53082 336.337430      99.98 4.7598e+01   1515.967      36384  1028.8451  1028.8437    34.6832    34.6814    7.73770         10 0.0000e+00
    229.000    226.595     1.4314  30.134883     1.4308  30.133086     3.9193     3.9797     0.0018    97.2352 1.0000e-12  -67.11390  -71.53082 336.337435      99.98 4.7598e+01   1516.395      36394  1028.8399  1028.8387    34.6826    34.6810    7.73759         10 0.0000e+00
    228.000    225.604     1.4316  30.134594     1.4310  30.132763     3.9219     3.9770     0.0002    97.2170 1.0000e-12  -67.11390  -71.53081 336.337441      99.98 4.7598e+01   1516.864      36406  1028.8352  1028.8340    34.6827    34.6810    7.73756         13 0.0000e+00
    227.000    224.619     1.4310  30.133731     1.4297  30.131546     3.9314     3.9737     0.0016    97.2188 1.0000e-12  -67.11390  -71.53080 336.337448      99.97 4.7598e+01   1517.492      36421  1028.8307  1028.8297    34.6828    34.6814    7.73766         18 0.0000e+00
    226.000    223.630     1.4302  30.132819     1.4300  30.131292     3.9266     3.9755    -0.0027    97.2334 1.0000e-12  -67.11392  -71.53083 336.337486      99.98 4.7598e+01   1520.808      36500  1028.8263  1028.8250    34.6831    34.6814    7.73780         31 0.0000e+00
    225.000    222.641     1.4295  30.131960     1.4294  30.130486     3.9230     3.9798    -0.0059    97.2420 1.0000e-12  -67.11392  -71.53084 336.337520      99.98 4.7598e+01   1523.722      36570  1028.8219  1028.8205    34.6833    34.6816    7.73792         26 0.0000e+00
    224.000    221.653     1.4298  30.131682     1.4294  30.129997     3.9257     3.9857    -0.0061    97.2393 1.0000e-12  -67.11391  -71.53084 336.337534      99.98 4.7598e+01   1524.924      36599  1028.8171  1028.8157    34.6832    34.6815    7.73787         27 0.0000e+00
    223.000    220.662     1.4307  30.131677     1.4301  30.129939     3.9173     3.9837    -0.0057    97.2403 1.0000e-12  -67.11390  -71.53084 336.337546      99.98 4.7598e+01   1526.010      36625  1028.8120  1028.8108    34.6829    34.6813    7.73772         25 0.0000e+00
    222.000    219.674     1.4311  30.131503     1.4306  30.129855     3.9207     3.9810     0.0020    97.2403 1.0000e-12  -67.11390  -71.53084 336.337558      99.97 4.7598e+01   1526.985      36649  1028.8072  1028.8059    34.6828    34.6812    7.73765         22 0.0000e+00
    221.000    218.684     1.4339  30.133108     1.4319  30.130376     3.9218     3.9748     0.0111    97.2403 1.0000e-12  -67.11390  -71.53085 336.337569      99.98 4.7598e+01   1527.938      36672  1028.8018  1028.8009    34.6823    34.6810    7.73712         25 0.0000e+00
    220.000    217.696     1.4348  30.133254     1.4325  30.130246     3.9184     3.9750     0.0014    97.2479 1.0000e-12  -67.11392  -71.53085 336.337586      99.98 4.7598e+01   1529.443      36708  1028.7968  1028.7960    34.6820    34.6807    7.73695         38 0.0000e+00
    219.000    216.708     1.4337  30.132168     1.4335  30.130522     3.9157     3.9775    -0.0034    97.2412 1.0000e-12  -67.11392  -71.53081 336.337612      99.98 4.7598e+01   1531.655      36761  1028.7926  1028.7911    34.6824    34.6805    7.73714         31 0.0000e+00
    218.000    215.716     1.4367  30.133749     1.4360  30.131706     3.9120     3.9706    -0.0097    97.2532 1.0000e-12  -67.11392  -71.53079 336.337627      99.98 4.7598e+01   1532.936      36791  1028.7870  1028.7856    34.6817    34.6799    7.73659         26 0.0000e+00
    217.000    214.730     1.4382  30.134157     1.4372  30.132075     3.9190     3.9728     0.0027    97.2652 1.0000e-12  -67.11392  -71.53078 336.337639      99.97 4.7598e+01   1534.038      36818  1028.7818  1028.7806    34.6812    34.6797    7.73634         26 0.0000e+00
    216.000    213.739     1.4369  30.132693     1.4367  30.131115     3.9287     3.9766     0.0004    97.2516 1.0000e-12  -67.11393  -71.53081 336.337676      99.98 4.7598e+01   1537.238      36895  1028.7773  1028.7759    34.6813    34.6796    7.73658         29 0.0000e+00
    215.000    212.752     1.4384  30.133329     1.4378  30.131528     3.9147     3.9796     0.0030    97.2506 1.0000e-12  -67.11392  -71.53086 336.337711      99.98 4.7598e+01   1540.260      36967  1028.7722  1028.7710    34.6811    34.6794    7.73630         15 0.0000e+00
    214.000    211.762     1.4411  30.134651     1.4405  30.132785     3.9148     3.9802     0.0087    97.2442 1.0000e-12  -67.11392  -71.53086 336.337718      99.97 4.7598e+01   1540.837      36981  1028.7667  1028.7654    34.6804    34.6786    7.73581         13 0.0000e+00
    213.000    210.773     1.4420  30.134652     1.4417  30.132915     3.9185     3.9787     0.0141    97.2655 1.0000e-12  -67.11392  -71.53086 336.337724      99.98 4.7598e+01   1541.380      36994  1028.7616  1028.7601    34.6799    34.6781    7.73565         14 0.0000e+00
    212.000    209.783     1.4424  30.134037     1.4420  30.132407     3.9241     3.9763     0.0006    97.2464 1.0000e-12  -67.11392  -71.53086 336.337731      99.97 4.7598e+01   1541.962      37008  1028.7563  1028.7551    34.6793    34.6777    7.73561         14 0.0000e+00
    211.000    208.796     1.4419  30.133198     1.4414  30.131522     3.9313     3.9736    -0.0050    97.2406 1.0000e-12  -67.11392  -71.53085 336.337743      99.98 4.7598e+01   1543.011      37033  1028.7517  1028.7505    34.6793    34.6778    7.73570         25 0.0000e+00
    210.000    207.805     1.4417  30.132519     1.4412  30.130712     3.9237     3.9829     0.0084    97.2403 1.0000e-12  -67.11394  -71.53083 336.337830      99.98 4.7598e+01   1550.533      37214  1028.7471  1028.7458    34.6794    34.6776    7.73575         18 0.0000e+00
    209.000    206.816     1.4416  30.131752     1.4408  30.129658     3.9242     3.9777    -0.0060    97.2403 1.0000e-12  -67.11394  -71.53084 336.337839      99.98 4.7598e+01   1551.314      37233  1028.7422  1028.7409    34.6791    34.6773    7.73579         17 0.0000e+00
    208.000    205.827     1.4412  30.130966     1.4408  30.129140     3.9193     3.9773     0.0006    97.2403 1.0000e-12  -67.11392  -71.53084 336.337848      99.98 4.7598e+01   1552.068      37251  1028.7376  1028.7361    34.6791    34.6772    7.73586         19 0.0000e+00
    207.000    204.838     1.4409  30.130137     1.4404  30.128325     3.9238     3.9776     0.0013    97.2403 1.0000e-12  -67.11392  -71.53085 336.337858      99.97 4.7598e+01   1552.913      37271  1028.7327  1028.7314    34.6789    34.6771    7.73592         21 0.0000e+00
    206.000    203.848     1.4407  30.129303     1.4404  30.127713     3.9272     3.9778     0.0013    97.2403 1.0000e-12  -67.11392  -71.53085 336.337869      99.98 4.7598e+01   1553.901      37295  1028.7279  1028.7266    34.6787    34.6770    7.73598         26 0.0000e+00
    205.000    202.860     1.4405  30.128584     1.4402  30.127127     3.9230     3.9738    -0.0029    97.2377 1.0000e-12  -67.11393  -71.53084 336.337896      99.98 4.7598e+01   1556.226      37350  1028.7231  1028.7218    34.6785    34.6770    7.73603         33 0.0000e+00
    204.000    201.872     1.4395  30.126824     1.4394  30.125382     3.9269     3.9798    -0.0022    97.2215 1.0000e-12  -67.11392  -71.53085 336.337994      99.97 4.7598e+01   1564.649      37553  1028.7180  1028.7166    34.6779    34.6762    7.73625         20 0.0000e+00
    203.000    200.882     1.4396  30.126405     1.4393  30.124865     3.9315     3.9802    -0.0011    97.2302 1.0000e-12  -67.11392  -71.53086 336.338007      99.98 4.7598e+01   1565.773      37580  1028.7133  1028.7120    34.6779    34.6763    7.73623         24 0.0000e+00
    202.000    199.893     1.4396  30.125996     1.4393  30.124336     3.9408     3.9794     0.0019    97.2246 1.0000e-12  -67.11392  -71.53086 336.338022      99.98 4.7598e+01   1567.066      37611  1028.7086  1028.7072    34.6780    34.6762    7.73623         37 0.0000e+00
