NBP2113_155081_ctd/data/nbp2113_032.cnv
* Sea-Bird SBE 9 Data File:
* FileName = D:\Data\raw\NBP2113_032.hex
* Software Version Seasave V 7.26.7.121
* Temperature SN = 2438
* Conductivity SN = 2067
* Number of Bytes Per Scan = 40
* Number of Voltage Words = 5
* Number of Scans Averaged by the Deck Unit = 1
* NMEA Latitude = 65 50.96 S
* NMEA Longitude = 071 22.70 W
* NMEA UTC (Time) = Dec 07 2021  06:49:20
* NMEA baud rate = 9600
** Ship: RVIB N.B. Palmer
** Cruise: NBP2113 LTER
** Station: 300.200
** Operator: B. Urmston
# nquan = 25
# nvalues = 6193                        
# units = specified
# name 0 = prDM: Pressure, Digiquartz [db]
# name 1 = depSM: Depth [salt water, m]
# name 2 = t090C: Temperature [ITS-90, deg C]
# name 3 = c0mS/cm: Conductivity [mS/cm]
# name 4 = t190C: Temperature, 2 [ITS-90, deg C]
# name 5 = c1mS/cm: Conductivity, 2 [mS/cm]
# name 6 = sbeox0ML/L: Oxygen, SBE 43 [ml/l]
# name 7 = sbeox1ML/L: Oxygen, SBE 43, 2 [ml/l]
# name 8 = flECO-AFL: Fluorescence, WET Labs ECO-AFL/FL [mg/m^3]
# name 9 = CStarTr0: Beam Transmission, WET Labs C-Star [%]
# name 10 = par: PAR/Irradiance, Biospherical/Licor
# name 11 = latitude: Latitude [deg]
# name 12 = longitude: Longitude [deg]
# name 13 = timeJ: Julian Days
# name 14 = altM: Altimeter [m]
# name 15 = spar: SPAR, Biospherical/Licor
# name 16 = timeS: Time, Elapsed [seconds]
# name 17 = scan: Scan Count
# name 18 = density00: Density [density, kg/m^3]
# name 19 = density11: Density, 2 [density, kg/m^3]
# name 20 = sal00: Salinity, Practical [PSU]
# name 21 = sal11: Salinity, Practical, 2 [PSU]
# name 22 = oxsolML/L: Oxygen Saturation, Garcia & Gordon [ml/l]
# name 23 = nbin: number of scans per bin
# name 24 = flag: flag
# span 0 =      1.000,   3101.000       
# span 1 =      0.986,   3048.007       
# span 2 =    -0.7633,     2.0337       
# span 3 =  27.681656,  30.764586       
# span 4 =    -0.7634,     2.0332       
# span 5 =  27.681603,  30.763305       
# span 6 =     3.8892,     9.6495       
# span 7 =     3.9450,     9.4562       
# span 8 =    -0.0250,     3.2232       
# span 9 =    89.2440,    96.2388       
# span 10 = 1.0000e-12, 1.0000e-12      
# span 11 =  -65.84929,  -65.84874      
# span 12 =  -71.37840,  -71.37770      
# span 13 = 341.286521, 341.375807      
# span 14 =      -5.76,     102.01      
# span 15 = 2.1537e+01, 1.8165e+02      
# span 16 =    195.450,   7909.685      
# span 17 =       4692,     189833      
# span 18 =  1027.2241,  1042.0899      
# span 19 =  1027.2234,  1042.0891      
# span 20 =    33.8734,    34.7306      
# span 21 =    33.8721,    34.7298      
# span 22 =    7.62252,    8.22958      
# span 23 =         10,         67      
# span 24 = 0.0000e+00, 0.0000e+00      
# interval = decibars: 1                
# start_time = Dec 07 2021 06:49:20 [NMEA time, header]
# bad_flag = -9.990e-29
*END*
[from data line 464]
    473.000    467.800     1.9991  30.740616     1.9989  30.739363     3.9494     3.9928    -0.0027    96.0390 1.0000e-12  -65.84900  -71.37810 341.295328      99.97 7.2278e+01    956.326      22953  1029.9360  1029.9349    34.6849    34.6835    7.62733         40 0.0000e+00
    474.000    468.789     2.0000  30.741995     1.9997  30.740935     3.9388     3.9923    -0.0147    96.0370 1.0000e-12  -65.84900  -71.37810 341.295347      99.98 7.2278e+01    957.954      22992  1029.9407  1029.9398    34.6851    34.6840    7.62715         30 0.0000e+00
    475.000    469.777     2.0002  30.743165     2.0000  30.741937     3.9472     3.9931    -0.0139    96.0599 1.0000e-12  -65.84900  -71.37810 341.295360      99.98 7.2278e+01    959.139      23020  1029.9458  1029.9448    34.6857    34.6844    7.62707         27 0.0000e+00
    476.000    470.764     1.9989  30.742836     1.9987  30.741604     3.9579     3.9981     0.0066    95.9467 1.0000e-12  -65.84900  -71.37810 341.295374      99.97 7.2278e+01    960.286      23048  1029.9510  1029.9500    34.6863    34.6849    7.62730         31 0.0000e+00
    477.000    471.753     1.9978  30.742736     1.9976  30.741541     3.9662     3.9993    -0.0055    96.0701 1.0000e-12  -65.84900  -71.37808 341.295392      99.97 7.2278e+01    961.850      23085  1029.9562  1029.9552    34.6867    34.6854    7.62748         38 0.0000e+00
    478.000    472.739     1.9973  30.742766     1.9970  30.741607     3.9680     4.0037    -0.0020    96.0646 1.0000e-12  -65.84900  -71.37808 341.295410      99.97 7.2278e+01    963.389      23122  1029.9610  1029.9601    34.6868    34.6857    7.62758         29 0.0000e+00
    479.000    473.727     1.9960  30.742342     1.9956  30.741187     3.9748     4.0025    -0.0018    96.0759 1.0000e-12  -65.84900  -71.37808 341.295421      99.98 7.2278e+01    964.417      23147  1029.9660  1029.9652    34.6871    34.6860    7.62781         21 0.0000e+00
    480.000    474.716     1.9951  30.742323     1.9948  30.740993     3.9721     4.0050    -0.0070    96.1154 1.0000e-12  -65.84900  -71.37810 341.295431      99.97 7.2278e+01    965.205      23166  1029.9710  1029.9700    34.6875    34.6861    7.62796         18 0.0000e+00
    481.000    475.705     1.9942  30.742252     1.9939  30.740979     3.9762     4.0097    -0.0070    96.0963 1.0000e-12  -65.84900  -71.37810 341.295439      99.97 7.2278e+01    965.960      23184  1029.9761  1029.9751    34.6878    34.6865    7.62812         20 0.0000e+00
    482.000    476.692     1.9934  30.742364     1.9932  30.741095     3.9778     4.0105     0.0016    96.1020 1.0000e-12  -65.84900  -71.37810 341.295451      99.97 7.3664e+01    966.971      23208  1029.9812  1029.9801    34.6882    34.6869    7.62824         31 0.0000e+00
    483.000    477.677     1.9933  30.742898     1.9931  30.741641     3.9686     4.0085    -0.0064    96.0780 1.0000e-12  -65.84901  -71.37810 341.295472      99.98 7.4054e+01    968.755      23251  1029.9860  1029.9849    34.6884    34.6871    7.62825         31 0.0000e+00
    484.000    478.667     1.9936  30.743515     1.9931  30.742319     3.9686     4.0094    -0.0062    96.0651 1.0000e-12  -65.84902  -71.37810 341.295492      99.97 7.4041e+01    970.550      23294  1029.9906  1029.9898    34.6884    34.6873    7.62820         35 0.0000e+00
    485.000    479.654     1.9935  30.744282     1.9932  30.743042     3.9743     4.0091     0.0017    96.1262 1.0000e-12  -65.84902  -71.37810 341.295507      99.97 7.4041e+01    971.793      23324  1029.9957  1029.9947    34.6889    34.6877    7.62820         26 0.0000e+00
    486.000    480.642     1.9934  30.744787     1.9931  30.743438     3.9729     4.0095     0.0134    96.1181 1.0000e-12  -65.84902  -71.37810 341.295519      99.97 7.4041e+01    972.816      23349  1030.0004  1029.9994    34.6891    34.6877    7.62820         24 0.0000e+00
    487.000    481.630     1.9912  30.743734     1.9909  30.742616     3.9713     4.0099    -0.0080    96.1125 1.0000e-12  -65.84902  -71.37810 341.295530      99.97 7.4041e+01    973.833      23373  1030.0057  1030.0049    34.6895    34.6885    7.62859         25 0.0000e+00
    488.000    482.618     1.9894  30.743017     1.9891  30.741807     3.9696     4.0118    -0.0033    96.1083 1.0000e-12  -65.84902  -71.37810 341.295544      99.97 7.4041e+01    974.980      23401  1030.0110  1030.0101    34.6900    34.6889    7.62891         30 0.0000e+00
    489.000    483.607     1.9887  30.743028     1.9884  30.741730     3.9657     4.0110     0.0286    96.0928 1.0000e-12  -65.84902  -71.37810 341.295559      99.97 7.4041e+01    976.321      23433  1030.0159  1030.0149    34.6903    34.6890    7.62904         35 0.0000e+00
    490.000    484.594     1.9881  30.743151     1.9878  30.741929     3.9796     4.0127     0.0166    96.1126 1.0000e-12  -65.84902  -71.37810 341.295576      99.97 7.4041e+01    977.800      23468  1030.0208  1030.0198    34.6905    34.6893    7.62914         33 0.0000e+00
    491.000    485.582     1.9867  30.742823     1.9864  30.741572     3.9812     4.0155     0.0076    96.1119 1.0000e-12  -65.84902  -71.37812 341.295593      99.97 7.4041e+01    979.230      23503  1030.0260  1030.0250    34.6911    34.6898    7.62937         34 0.0000e+00
    492.000    486.570     1.9858  30.742737     1.9856  30.741529     3.9811     4.0199    -0.0103    96.1144 1.0000e-12  -65.84902  -71.37811 341.295609      99.98 7.4041e+01    980.605      23536  1030.0310  1030.0300    34.6914    34.6901    7.62953         33 0.0000e+00
    493.000    487.557     1.9850  30.742689     1.9848  30.741412     3.9842     4.0204    -0.0056    96.1009 1.0000e-12  -65.84902  -71.37810 341.295625      99.97 7.4041e+01    981.982      23569  1030.0359  1030.0349    34.6916    34.6903    7.62967         32 0.0000e+00
    494.000    488.545     1.9845  30.743236     1.9843  30.741859     3.9858     4.0198     0.0200    96.1384 1.0000e-12  -65.84902  -71.37810 341.295639      99.97 7.4041e+01    983.226      23598  1030.0412  1030.0400    34.6923    34.6908    7.62973         27 0.0000e+00
    495.000    489.533     1.9846  30.744176     1.9843  30.742946     3.9887     4.0217     0.0024    96.1182 1.0000e-12  -65.84902  -71.37810 341.295651      99.98 7.4041e+01    984.266      23623  1030.0463  1030.0453    34.6929    34.6916    7.62969         24 0.0000e+00
    496.000    490.521     1.9829  30.743555     1.9826  30.742202     3.9861     4.0216    -0.0054    96.0843 1.0000e-12  -65.84902  -71.37810 341.295662      99.97 7.4041e+01    985.237      23647  1030.0515  1030.0505    34.6934    34.6920    7.62999         23 0.0000e+00
    497.000    491.508     1.9809  30.742381     1.9808  30.741165     3.9825     4.0223    -0.0055    96.1024 1.0000e-12  -65.84902  -71.37810 341.295675      99.97 7.4041e+01    986.318      23673  1030.0565  1030.0554    34.6935    34.6921    7.63036         30 0.0000e+00
    498.000    492.497     1.9803  30.742340     1.9801  30.741145     3.9804     4.0213     0.0199    95.9824 1.0000e-12  -65.84902  -71.37811 341.295692      99.97 7.4041e+01    987.779      23708  1030.0613  1030.0602    34.6936    34.6922    7.63048         38 0.0000e+00
    499.000    493.484     1.9794  30.742147     1.9792  30.740899     3.9847     4.0223     0.0043    96.0132 1.0000e-12  -65.84902  -71.37810 341.295712      99.97 7.4041e+01    989.504      23749  1030.0662  1030.0651    34.6937    34.6924    7.63064         39 0.0000e+00
    500.000    494.471     1.9790  30.742275     1.9788  30.741068     3.9769     4.0231    -0.0147    96.1308 1.0000e-12  -65.84902  -71.37810 341.295728      99.97 7.4041e+01    990.931      23783  1030.0709  1030.0699    34.6938    34.6925    7.63071         30 0.0000e+00
    501.000    495.459     1.9788  30.742866     1.9786  30.741757     3.9799     4.0214    -0.0147    96.1060 1.0000e-12  -65.84902  -71.37810 341.295741      99.97 7.4041e+01    992.037      23810  1030.0758  1030.0750    34.6942    34.6930    7.63073         24 0.0000e+00
    502.000    496.447     1.9781  30.743629     1.9778  30.742394     3.9867     4.0221    -0.0080    96.1053 1.0000e-12  -65.84902  -71.37810 341.295752      99.98 7.4041e+01    993.020      23833  1030.0815  1030.0805    34.6954    34.6941    7.63081         24 0.0000e+00
    503.000    497.435     1.9777  30.744166     1.9775  30.743009     3.9851     4.0250    -0.0046    96.0901 1.0000e-12  -65.84902  -71.37810 341.295766      99.97 7.4256e+01    994.160      23861  1030.0866  1030.0857    34.6959    34.6947    7.63086         32 0.0000e+00
    504.000    498.421     1.9774  30.744358     1.9772  30.743258     3.9798     4.0173     0.0058    96.0571 1.0000e-12  -65.84902  -71.37811 341.295789      99.98 7.5762e+01    996.195      23910  1030.0913  1030.0904    34.6959    34.6947    7.63092         37 0.0000e+00
    505.000    499.410     1.9776  30.745053     1.9773  30.743818     3.9818     4.0222    -0.0054    96.0739 1.0000e-12  -65.84902  -71.37811 341.295808      99.97 7.5806e+01    997.779      23948  1030.0960  1030.0951    34.6960    34.6948    7.63087         28 0.0000e+00
    506.000    500.397     1.9770  30.745188     1.9767  30.744068     3.9871     4.0215     0.0026    96.0958 1.0000e-12  -65.84902  -71.37811 341.295819      99.97 7.5804e+01    998.779      23972  1030.1009  1030.1001    34.6962    34.6951    7.63096         22 0.0000e+00
    507.000    501.388     1.9770  30.745773     1.9767  30.744492     3.9855     4.0258    -0.0113    96.1165 1.0000e-12  -65.84902  -71.37810 341.295829      99.98 7.5804e+01    999.611      23992  1030.1057  1030.1047    34.6964    34.6951    7.63096         19 0.0000e+00
    508.000    502.373     1.9767  30.746026     1.9764  30.744737     3.9901     4.0309    -0.0100    96.1109 1.0000e-12  -65.84902  -71.37810 341.295839      99.97 7.5804e+01   1000.476      24012  1030.1105  1030.1094    34.6965    34.6952    7.63101         23 0.0000e+00
    509.000    503.362     1.9751  30.745351     1.9747  30.744094     3.9913     4.0282     0.0001    96.0813 1.0000e-12  -65.84902  -71.37810 341.295853      99.97 7.5804e+01   1001.669      24041  1030.1156  1030.1146    34.6968    34.6956    7.63130         34 0.0000e+00
    510.000    504.348     1.9746  30.745521     1.9743  30.744364     3.9952     4.0295    -0.0105    96.1061 1.0000e-12  -65.84903  -71.37810 341.295869      99.97 7.5804e+01   1003.098      24075  1030.1204  1030.1195    34.6971    34.6959    7.63139         33 0.0000e+00
    511.000    505.338     1.9754  30.747105     1.9750  30.745846     3.9963     4.0292    -0.0055    96.0660 1.0000e-12  -65.84904  -71.37810 341.295883      99.97 7.5804e+01   1004.289      24104  1030.1254  1030.1245    34.6976    34.6965    7.63120         24 0.0000e+00
    512.000    506.323     1.9758  30.748014     1.9754  30.746869     3.9971     4.0330     0.0026    96.0772 1.0000e-12  -65.84904  -71.37810 341.295894      99.97 7.5804e+01   1005.264      24127  1030.1302  1030.1293    34.6978    34.6967    7.63112         24 0.0000e+00
    513.000    507.312     1.9762  30.749062     1.9758  30.747719     3.9923     4.0321     0.0024    96.0853 1.0000e-12  -65.84904  -71.37812 341.295907      99.98 7.5804e+01   1006.344      24153  1030.1350  1030.1340    34.6981    34.6968    7.63103         31 0.0000e+00
    514.000    508.300     1.9764  30.749885     1.9761  30.748418     3.9915     4.0312    -0.0060    96.0267 1.0000e-12  -65.84903  -71.37812 341.295928      99.97 7.5804e+01   1008.213      24198  1030.1398  1030.1386    34.6982    34.6967    7.63097         35 0.0000e+00
    515.000    509.288     1.9766  30.750340     1.9765  30.749177     3.9901     4.0288    -0.0075    96.1254 1.0000e-12  -65.84903  -71.37812 341.295949      99.97 7.5804e+01   1009.997      24241  1030.1443  1030.1433    34.6981    34.6968    7.63095         30 0.0000e+00
    516.000    510.277     1.9765  30.750791     1.9763  30.749705     3.9959     4.0352     0.0207    96.1346 1.0000e-12  -65.84904  -71.37812 341.295961      99.98 7.5804e+01   1010.998      24265  1030.1490  1030.1482    34.6982    34.6971    7.63095         20 0.0000e+00
    517.000    511.260     1.9768  30.751626     1.9765  30.750487     3.9996     4.0364    -0.0039    96.1304 1.0000e-12  -65.84904  -71.37811 341.295970      99.97 7.5804e+01   1011.792      24284  1030.1538  1030.1530    34.6983    34.6973    7.63089         19 0.0000e+00
    518.000    512.252     1.9773  30.752732     1.9771  30.751681     3.9994     4.0342    -0.0047    96.0928 1.0000e-12  -65.84904  -71.37810 341.295980      99.98 7.5804e+01   1012.709      24306  1030.1586  1030.1577    34.6986    34.6975    7.63078         27 0.0000e+00
    519.000    513.238     1.9777  30.753557     1.9774  30.752376     4.0082     4.0436    -0.0054    95.9753 1.0000e-12  -65.84904  -71.37810 341.295997      99.97 7.5804e+01   1014.137      24340  1030.1633  1030.1624    34.6987    34.6975    7.63071         34 0.0000e+00
    520.000    514.225     1.9778  30.754184     1.9776  30.753206     4.0186     4.0400    -0.0061    96.0991 1.0000e-12  -65.84904  -71.37810 341.296012      99.97 7.5804e+01   1015.432      24371  1030.1681  1030.1673    34.6988    34.6978    7.63069         27 0.0000e+00
    521.000    515.214     1.9772  30.754900     1.9769  30.753696     4.0137     4.0424    -0.0067    96.1350 1.0000e-12  -65.84904  -71.37810 341.296023      99.97 7.5804e+01   1016.416      24395  1030.1735  1030.1727    34.6998    34.6986    7.63074         22 0.0000e+00
    522.000    516.202     1.9774  30.755601     1.9770  30.754411     4.0090     4.0478    -0.0057    96.1217 1.0000e-12  -65.84904  -71.37812 341.296033      99.97 7.5804e+01   1017.224      24414  1030.1783  1030.1774    34.6999    34.6988    7.63070         18 0.0000e+00
    523.000    517.188     1.9775  30.756113     1.9771  30.754971     4.0080     4.0499    -0.0132    96.0487 1.0000e-12  -65.84904  -71.37812 341.296042      99.97 7.5804e+01   1018.026      24434  1030.1829  1030.1821    34.6999    34.6989    7.63069         21 0.0000e+00
    524.000    518.177     1.9771  30.756344     1.9770  30.755210     4.0096     4.0481    -0.0174    96.0170 1.0000e-12  -65.84904  -71.37812 341.296055      99.97 7.5804e+01   1019.142      24460  1030.1877  1030.1867    34.7000    34.6987    7.63074         34 0.0000e+00
    525.000    519.164     1.9767  30.756470     1.9765  30.755195     4.0079     4.0465    -0.0012    95.8558 1.0000e-12  -65.84904  -71.37812 341.296073      99.97 7.5804e+01   1020.725      24498  1030.1924  1030.1913    34.7000    34.6987    7.63082         36 0.0000e+00
    526.000    520.152     1.9762  30.756511     1.9761  30.755378     4.0094     4.0436    -0.0108    96.0761 1.0000e-12  -65.84904  -71.37812 341.296090      99.97 7.5804e+01   1022.216      24534  1030.1972  1030.1962    34.7001    34.6988    7.63091         31 0.0000e+00
    527.000    521.139     1.9753  30.756331     1.9751  30.755187     4.0099     4.0450     0.0035    96.0873 1.0000e-12  -65.84904  -71.37812 341.296105      99.97 7.5804e+01   1023.451      24564  1030.2020  1030.2011    34.7003    34.6991    7.63107         28 0.0000e+00
    528.000    522.126     1.9750  30.756655     1.9747  30.755498     4.0110     4.0438     0.0057    96.1032 1.0000e-12  -65.84904  -71.37812 341.296117      99.97 7.5804e+01   1024.516      24589  1030.2069  1030.2060    34.7004    34.6993    7.63112         23 0.0000e+00
    529.000    523.115     1.9746  30.756889     1.9744  30.755757     4.0122     4.0457    -0.0036    96.1074 1.0000e-12  -65.84904  -71.37812 341.296128      99.97 7.5804e+01   1025.425      24611  1030.2118  1030.2108    34.7006    34.6994    7.63120         21 0.0000e+00
