NBP2113_155081_ctd/data/nbp2113_058.ros
* Sea-Bird SBE 9 Data File:
* FileName = D:\Data\raw\NBP2113_058.hex
* Software Version Seasave V 7.26.7.121
* Temperature SN = 2438
* Conductivity SN = 2067
* Number of Bytes Per Scan = 40
* Number of Voltage Words = 5
* Number of Scans Averaged by the Deck Unit = 1
* NMEA Latitude = 64 56.50 S
* NMEA Longitude = 064 28.63 W
* NMEA UTC (Time) = Dec 12 2021  02:31:22
* NMEA baud rate = 9600
** Ship: RVIB N.B. Palmer
** Cruise: NBP2113 LTER
** Station: 597.042
** Operator: S. Blackman
# nquan = 20
# nvalues = 479                                   
# units = specified
# name 0 = prDM: Pressure, Digiquartz [db]
# name 1 = depSM: Depth [salt water, m]
# name 2 = t090C: Temperature [ITS-90, deg C]
# name 3 = c0mS/cm: Conductivity [mS/cm]
# name 4 = t190C: Temperature, 2 [ITS-90, deg C]
# name 5 = c1mS/cm: Conductivity, 2 [mS/cm]
# name 6 = sbeox0ML/L: Oxygen, SBE 43 [ml/l]
# name 7 = sbeox1ML/L: Oxygen, SBE 43, 2 [ml/l]
# name 8 = flECO-AFL: Fluorescence, WET Labs ECO-AFL/FL [mg/m^3]
# name 9 = CStarTr0: Beam Transmission, WET Labs C-Star [%]
# name 10 = par: PAR/Irradiance, Biospherical/Licor
# name 11 = latitude: Latitude [deg]
# name 12 = longitude: Longitude [deg]
# name 13 = timeJ: Julian Days
# name 14 = altM: Altimeter [m]
# name 15 = spar: SPAR, Biospherical/Licor
# name 16 = timeS: Time, Elapsed [seconds]
# name 17 = scan: Scan Count
# name 18 = nbf: Bottles Fired
# name 19 = flag:  0.000e+00
# interval = seconds: 0.0416667
# start_time = Dec 12 2021 02:31:22 [NMEA time, header]
# bad_flag = -9.990e-29
*END*
[from data line 290]
    100.119     99.114     0.4626  29.026818     0.4598  29.023050     5.1997     5.2444     0.0216    90.8544 1.0000e-12  -64.94180  -64.47754 346.144993      99.93 0.0000e+00   3445.417      82691          6  0.000e+00
    100.092     99.087     0.4628  29.026876     0.4597  29.022765     5.2014     5.2453     0.0216    90.8544 1.0000e-12  -64.94180  -64.47754 346.144994      99.98 0.0000e+00   3445.458      82692          6  0.000e+00
    100.119     99.114     0.4627  29.027110     0.4606  29.022479     5.2031     5.2452     0.0216    90.8544 1.0000e-12  -64.94180  -64.47754 346.144994      99.98 0.0000e+00   3445.500      82693          6  0.000e+00
     24.276     24.037    -0.5765  27.725699    -0.5680  27.752276     7.0270     7.1064     0.7542    88.2022 1.2658e-02  -64.94182  -64.47750 346.146650      99.98 0.0000e+00   3588.583      86127          7  0.000e+00
     24.358     24.118    -0.5800  27.721335    -0.5769  27.734213     7.0360     7.1095     0.7542    88.2022 1.0744e-02  -64.94182  -64.47750 346.146651      99.98 0.0000e+00   3588.625      86128          7  0.000e+00
     24.358     24.118    -0.5839  27.713928    -0.5845  27.718285     7.0412     7.1123     0.7542    88.2022 1.2658e-02  -64.94182  -64.47750 346.146651      99.98 0.0000e+00   3588.667      86129          7  0.000e+00
     24.276     24.037    -0.5864  27.707899    -0.5904  27.704939     7.0392     7.1147     0.7542    88.2022 1.2658e-02  -64.94182  -64.47750 346.146652      99.95 0.0000e+00   3588.708      86130          7  0.000e+00
     24.256     24.017    -0.5886  27.702388    -0.5953  27.695296     7.0434     7.1168     0.7542    88.2022 1.0744e-02  -64.94182  -64.47750 346.146652      99.95 0.0000e+00   3588.750      86131          7  0.000e+00
     24.153     23.915    -0.5927  27.699747    -0.5981  27.687952     7.0408     7.1185     0.7542    88.2022 1.2658e-02  -64.94182  -64.47750 346.146653      99.98 0.0000e+00   3588.792      86132          7  0.000e+00
     24.208     23.969    -0.5961  27.696131    -0.5991  27.683299     7.0491     7.1199     0.8128    88.2022 1.2658e-02  -64.94182  -64.47750 346.146653      99.98 0.0000e+00   3588.833      86133          7  0.000e+00
     24.126     23.888    -0.5980  27.687693    -0.5996  27.681449     7.0547     7.1211     0.8787    88.2022 1.2658e-02  -64.94182  -64.47750 346.146654      99.95 0.0000e+00   3588.875      86134          7  0.000e+00
     24.057     23.820    -0.5989  27.683216    -0.5994  27.680945     7.0590     7.1166     0.9007    88.0220 1.2658e-02  -64.94182  -64.47750 346.146654      99.95 0.0000e+00   3588.917      86135          7  0.000e+00
     24.105     23.867    -0.6001  27.682413    -0.6000  27.681449     7.0635     7.1171     0.8934    87.8675 1.2658e-02  -64.94182  -64.47750 346.146655      99.95 0.0000e+00   3588.958      86136          7  0.000e+00
     24.078     23.840    -0.6009  27.680864    -0.6011  27.681449     7.0669     7.1178     0.8934    87.8417 1.2658e-02  -64.94182  -64.47750 346.146655      99.98 0.0000e+00   3589.000      86137          7  0.000e+00
     24.057     23.820    -0.6017  27.679257    -0.6019  27.679431     7.0663     7.1188     0.8934    87.8675 1.2658e-02  -64.94182  -64.47750 346.146656      99.98 0.0000e+00   3589.042      86138          7  0.000e+00
     23.954     23.718    -0.6015  27.677936    -0.6027  27.677525     7.0747     7.1243     0.8934    87.8675 1.2658e-02  -64.94182  -64.47750 346.146656      99.98 0.0000e+00   3589.083      86139          7  0.000e+00
     23.975     23.739    -0.6009  27.677420    -0.6033  27.676236     7.0791     7.1199     0.8934    87.8675 1.2658e-02  -64.94182  -64.47750 346.146657      99.98 0.0000e+00   3589.125      86140          7  0.000e+00
     23.954     23.718    -0.6012  27.679256    -0.6042  27.674947     7.0822     7.1202     0.8934    87.8675 1.2658e-02  -64.94182  -64.47750 346.146657      99.98 0.0000e+00   3589.167      86141          7  0.000e+00
     23.900     23.664    -0.6018  27.679486    -0.6045  27.673602     7.0858     7.1205     0.8934    87.8675 1.4577e-02  -64.94182  -64.47750 346.146658      99.93 0.0000e+00   3589.208      86142          7  0.000e+00
     23.927     23.691    -0.6025  27.679027    -0.6048  27.672817     7.0884     7.1155     0.8934    87.8675 1.4577e-02  -64.94182  -64.47750 346.146658      99.95 0.0000e+00   3589.250      86143          7  0.000e+00
     23.852     23.617    -0.6037  27.677420    -0.6054  27.672313     7.0841     7.1152     0.8934    87.8675 1.4577e-02  -64.94182  -64.47750 346.146658      99.98 0.0000e+00   3589.292      86144          7  0.000e+00
     23.852     23.617    -0.6046  27.675583    -0.6059  27.671360     7.0845     7.1151     0.8934    87.8675 1.4577e-02  -64.94182  -64.47750 346.146659      99.98 0.0000e+00   3589.333      86145          7  0.000e+00
     23.824     23.590    -0.6051  27.673173    -0.6066  27.670239     7.0864     7.1151     0.8934    87.8675 1.4577e-02  -64.94182  -64.47750 346.146659      99.95 0.0000e+00   3589.375      86146          7  0.000e+00
     23.749     23.515    -0.6056  27.671910    -0.6069  27.669454     7.0871     7.1152     0.8934    87.8675 1.4577e-02  -64.94182  -64.47750 346.146660      99.95 0.0000e+00   3589.417      86147          7  0.000e+00
     23.749     23.515    -0.6052  27.671623    -0.6071  27.668950     7.0866     7.1154     0.8934    87.8675 1.4577e-02  -64.94182  -64.47750 346.146660      99.98 0.0000e+00   3589.458      86148          7  0.000e+00
     23.770     23.535    -0.6048  27.671566    -0.6071  27.669454     7.0861     7.1157     0.8934    87.8675 1.4577e-02  -64.94182  -64.47750 346.146661      99.98 0.0000e+00   3589.500      86149          7  0.000e+00
     23.749     23.515    -0.6046  27.672197    -0.6074  27.668950     7.0872     7.1154     0.8934    87.8675 1.4577e-02  -64.94182  -64.47750 346.146661      99.98 0.0000e+00   3589.542      86150          7  0.000e+00
     23.646     23.413    -0.6041  27.673230    -0.6068  27.669174     7.0884     7.1093     0.8934    87.8675 1.4577e-02  -64.94182  -64.47750 346.146662      99.98 0.0000e+00   3589.583      86151          7  0.000e+00
     23.674     23.440    -0.6046  27.673746    -0.6063  27.669454     7.0887     7.1137     0.8934    87.8675 1.4577e-02  -64.94182  -64.47750 346.146662      99.98 0.0000e+00   3589.625      86152          7  0.000e+00
     23.646     23.413    -0.6052  27.673689    -0.6063  27.670239     7.0833     7.1136     0.8934    87.8675 1.4577e-02  -64.94182  -64.47750 346.146663      99.98 0.0000e+00   3589.667      86153          7  0.000e+00
     23.646     23.413    -0.6054  27.672427    -0.6063  27.670855     7.0899     7.1135     0.8934    87.8675 1.4577e-02  -64.94182  -64.47750 346.146663      99.93 0.0000e+00   3589.708      86154          7  0.000e+00
     23.619     23.386    -0.6054  27.671910    -0.6059  27.670239     7.0850     7.1081     0.8934    87.7645 1.4577e-02  -64.94182  -64.47750 346.146664      99.95 0.0000e+00   3589.750      86155          7  0.000e+00
     23.598     23.366    -0.6054  27.671910    -0.6052  27.671247     7.0846     7.1074     0.8934    87.6100 1.4577e-02  -64.94180  -64.47750 346.146664      99.98 0.0000e+00   3589.792      86156          7  0.000e+00
     23.544     23.312    -0.6049  27.671852    -0.6050  27.671527     7.0786     7.1068     0.8934    87.5842 1.4577e-02  -64.94180  -64.47750 346.146665      99.98 0.0000e+00   3589.833      86157          7  0.000e+00
     23.571     23.339    -0.6048  27.671910    -0.6046  27.672312     7.0833     7.1064     0.8934    87.6100 1.4577e-02  -64.94180  -64.47750 346.146665      99.95 0.0000e+00   3589.875      86158          7  0.000e+00
     23.544     23.312    -0.6048  27.672426    -0.6054  27.672032     7.0765     7.1064     0.9300    87.6100 1.4577e-02  -64.94180  -64.47750 346.146666      99.93 0.0000e+00   3589.917      86159          7  0.000e+00
     23.544     23.312    -0.6046  27.672713    -0.6066  27.671527     7.0685     7.1002     1.0326    87.6100 1.4577e-02  -64.94180  -64.47750 346.146666      99.95 0.0000e+00   3589.958      86160          7  0.000e+00
     23.414     23.183    -0.6046  27.672885    -0.6074  27.669958     7.0666     7.0987     1.0692    87.6100 1.4577e-02  -64.94180  -64.47750 346.146667      99.98 0.0000e+00   3590.000      86161          7  0.000e+00
     23.544     23.312    -0.6041  27.672713    -0.6074  27.668165     7.0711     7.0975     1.0692    87.6100 1.4577e-02  -64.94180  -64.47750 346.146667      99.98 0.0000e+00   3590.042      86162          7  0.000e+00
     23.496     23.264    -0.6040  27.672943    -0.6068  27.667716     7.0712     7.0960     1.0619    87.6100 1.4577e-02  -64.94180  -64.47750 346.146668      99.98 0.0000e+00   3590.083      86163          7  0.000e+00
     23.448     23.217    -0.6043  27.673172    -0.6060  27.668669     7.0645     7.0946     1.0619    87.6100 1.4577e-02  -64.94180  -64.47750 346.146668      99.98 0.0000e+00   3590.125      86164          7  0.000e+00
     23.468     23.237    -0.6043  27.673746    -0.6051  27.669958     7.0625     7.0933     1.0619    87.6100 1.4577e-02  -64.94180  -64.47750 346.146669      99.98 0.0000e+00   3590.167      86165          7  0.000e+00
     23.448     23.217    -0.6044  27.673229    -0.6051  27.671023     7.0608     7.0923     1.0619    87.6100 1.4577e-02  -64.94180  -64.47750 346.146669      99.95 0.0000e+00   3590.208      86166          7  0.000e+00
     23.448     23.217    -0.6046  27.673229    -0.6046  27.672312     7.0594     7.0914     1.0619    87.6100 1.2658e-02  -64.94180  -64.47750 346.146670      99.98 0.0000e+00   3590.250      86167          7  0.000e+00
     23.414     23.183    -0.6048  27.673172    -0.6050  27.672312     7.0510     7.0908     1.0619    87.6100 1.2658e-02  -64.94180  -64.47750 346.146670      99.98 0.0000e+00   3590.292      86168          7  0.000e+00
     23.393     23.162    -0.6038  27.673229    -0.6082  27.671527     7.0486     7.0909     1.0619    87.6100 1.4577e-02  -64.94180  -64.47750 346.146671      99.98 0.0000e+00   3590.333      86169          7  0.000e+00
     23.448     23.217    -0.6034  27.673459    -0.6114  27.668950     7.0526     7.0858     1.0619    87.6100 1.4577e-02  -64.94180  -64.47750 346.146671      99.95 0.0000e+00   3590.375      86170          7  0.000e+00
     23.366     23.135    -0.6032  27.673746    -0.6125  27.666932     7.0450     7.0850     1.0619    87.6100 1.2658e-02  -64.94180  -64.47750 346.146671      99.93 0.0000e+00   3590.417      86171          7  0.000e+00
     23.393     23.162    -0.6031  27.673975    -0.6115  27.664746     7.0422     7.0842     1.0619    87.6100 1.2658e-02  -64.94180  -64.47750 346.146672      99.95 0.0000e+00   3590.458      86172          7  0.000e+00
     23.448     23.217    -0.6028  27.674549    -0.6123  27.663458     7.0353     7.0893     1.0619    87.6100 1.2658e-02  -64.94180  -64.47750 346.146672      99.98 0.0000e+00   3590.500      86173          7  0.000e+00
     23.366     23.135    -0.6020  27.675065    -0.6140  27.662393     7.0375     7.0845     1.0619    87.6100 1.2658e-02  -64.94180  -64.47750 346.146673      99.98 0.0000e+00   3590.542      86174          7  0.000e+00
     23.393     23.162    -0.6017  27.675869    -0.6134  27.662169     7.0299     7.0841     1.0619    87.5842 1.2658e-02  -64.94180  -64.47750 346.146673      99.98 0.0000e+00   3590.583      86175          7  0.000e+00
     24.461     24.220    -0.5810  27.711344    -0.5741  27.722490     7.3697     7.2991     1.2011    87.5585 5.0339e-03  -64.94182  -64.47744 346.146866      99.95 0.0000e+00   3607.250      86575          8  0.000e+00
     24.461     24.220    -0.5836  27.712378    -0.5720  27.723107     7.3649     7.2981     1.2011    87.5585 5.0339e-03  -64.94182  -64.47744 346.146867      99.98 0.0000e+00   3607.292      86576          8  0.000e+00
     24.529     24.288    -0.5855  27.711173    -0.5714  27.724061     7.3631     7.2975     1.2011    87.5585 5.0339e-03  -64.94182  -64.47744 346.146867      99.98 0.0000e+00   3607.333      86577          8  0.000e+00
     24.461     24.220    -0.5858  27.709507    -0.5726  27.724846     7.3607     7.2915     1.2011    87.5585 5.0339e-03  -64.94182  -64.47744 346.146868      99.95 0.0000e+00   3607.375      86578          8  0.000e+00
     24.461     24.220    -0.5870  27.706866    -0.5729  27.724285     7.3658     7.2912     1.2011    87.5585 6.9319e-03  -64.94182  -64.47744 346.146868      99.93 0.0000e+00   3607.417      86579          8  0.000e+00
     24.482     24.240    -0.5872  27.704742    -0.5737  27.723892     7.3587     7.2957     1.1937    87.6100 5.0339e-03  -64.94182  -64.47744 346.146869      99.95 0.0000e+00   3607.458      86580          8  0.000e+00
     24.509     24.267    -0.5860  27.704226    -0.5737  27.724061     7.3571     7.2900     1.1644    87.6357 5.0339e-03  -64.94182  -64.47744 346.146869      99.98 0.0000e+00   3607.500      86581          8  0.000e+00
     24.461     24.220    -0.5861  27.704225    -0.5747  27.724285     7.3510     7.2890     1.1571    87.6357 5.0339e-03  -64.94182  -64.47744 346.146870      99.98 0.0000e+00   3607.542      86582          8  0.000e+00
     24.509     24.267    -0.5861  27.704857    -0.5770  27.723276     7.3552     7.2885     1.1571    87.6357 5.0339e-03  -64.94182  -64.47744 346.146870      99.98 0.0000e+00   3607.583      86583          8  0.000e+00
     24.482     24.240    -0.5844  27.705029    -0.5790  27.720528     7.3546     7.2935     1.1571    87.6357 5.0339e-03  -64.94182  -64.47744 346.146871      99.98 0.0000e+00   3607.625      86584          8  0.000e+00
     24.509     24.267    -0.5833  27.707670    -0.5797  27.717500     7.3467     7.2938     1.1571    87.6357 5.0339e-03  -64.94182  -64.47744 346.146871      99.98 0.0000e+00   3607.667      86585          8  0.000e+00
     24.509     24.267    -0.5824  27.709737    -0.5803  27.716715     7.3446     7.2894     1.1571    87.6357 6.9319e-03  -64.94182  -64.47744 346.146872      99.95 0.0000e+00   3607.708      86586          8  0.000e+00
     24.529     24.288    -0.5824  27.709220    -0.5813  27.715593     7.3488     7.2944     1.1571    87.6357 5.0339e-03  -64.94182  -64.47744 346.146872      99.95 0.0000e+00   3607.750      86587          8  0.000e+00
     24.509     24.267    -0.5873  27.708704    -0.5822  27.714864     7.3478     7.2902     1.1571    87.6357 5.0339e-03  -64.94182  -64.47744 346.146873      99.98 0.0000e+00   3607.792      86588          8  0.000e+00
     24.509     24.267    -0.5897  27.705891    -0.5803  27.714864     7.3406     7.2892     1.1571    87.6357 5.0339e-03  -64.94182  -64.47744 346.146873      99.98 0.0000e+00   3607.833      86589          8  0.000e+00
     24.529     24.288    -0.5903  27.702102    -0.5753  27.715144     7.3331     7.2887     1.1571    87.6357 5.0339e-03  -64.94182  -64.47744 346.146874      99.95 0.0000e+00   3607.875      86590          8  0.000e+00
     24.509     24.267    -0.5907  27.699231    -0.5709  27.716994     7.3359     7.2874     1.1571    87.6357 5.0339e-03  -64.94182  -64.47744 346.146874      99.93 0.0000e+00   3607.917      86591          8  0.000e+00
     24.564     24.322    -0.5900  27.698715    -0.5668  27.721536     7.3340     7.2861     1.1571    87.6357 5.0339e-03  -64.94182  -64.47744 346.146875      99.95 0.0000e+00   3607.958      86592          8  0.000e+00
     24.529     24.288    -0.5902  27.699232    -0.5681  27.728716     7.3262     7.2855     1.1571    87.6357 6.9319e-03  -64.94182  -64.47744 346.146875      99.98 0.0000e+00   3608.000      86593          8  0.000e+00
