NBP2113_155081_ctd/data/nbp2113_021.cnv
* Sea-Bird SBE 9 Data File:
* FileName = D:\Data\raw\NBP2113_021.hex
* Software Version Seasave V 7.26.7.121
* Temperature SN = 2438
* Conductivity SN = 2067
* Number of Bytes Per Scan = 40
* Number of Voltage Words = 5
* Number of Scans Averaged by the Deck Unit = 1
* NMEA Latitude = 68 01.86 S
* NMEA Longitude = 069 17.12 W
* NMEA UTC (Time) = Nov 30 2021  19:30:12
* NMEA baud rate = 9600
** Ship: RVIB N.B. Palmer
** Cruise: NBP2113 LTER
** Station: 200.-040
** Operator: S. Blackman
# nquan = 25
# nvalues = 914                         
# units = specified
# name 0 = prDM: Pressure, Digiquartz [db]
# name 1 = depSM: Depth [salt water, m]
# name 2 = t090C: Temperature [ITS-90, deg C]
# name 3 = c0mS/cm: Conductivity [mS/cm]
# name 4 = t190C: Temperature, 2 [ITS-90, deg C]
# name 5 = c1mS/cm: Conductivity, 2 [mS/cm]
# name 6 = sbeox0ML/L: Oxygen, SBE 43 [ml/l]
# name 7 = sbeox1ML/L: Oxygen, SBE 43, 2 [ml/l]
# name 8 = flECO-AFL: Fluorescence, WET Labs ECO-AFL/FL [mg/m^3]
# name 9 = CStarTr0: Beam Transmission, WET Labs C-Star [%]
# name 10 = par: PAR/Irradiance, Biospherical/Licor
# name 11 = latitude: Latitude [deg]
# name 12 = longitude: Longitude [deg]
# name 13 = timeJ: Julian Days
# name 14 = altM: Altimeter [m]
# name 15 = spar: SPAR, Biospherical/Licor
# name 16 = timeS: Time, Elapsed [seconds]
# name 17 = scan: Scan Count
# name 18 = density00: Density [density, kg/m^3]
# name 19 = density11: Density, 2 [density, kg/m^3]
# name 20 = sal00: Salinity, Practical [PSU]
# name 21 = sal11: Salinity, Practical, 2 [PSU]
# name 22 = oxsolML/L: Oxygen Saturation, Garcia & Gordon [ml/l]
# name 23 = nbin: number of scans per bin
# name 24 = flag: flag
# span 0 =      1.000,    459.000       
# span 1 =      0.988,    453.904       
# span 2 =    -1.2803,     1.3801       
# span 3 =  27.108473,  30.203759       
# span 4 =    -1.2737,     1.3800       
# span 5 =  27.113114,  30.202781       
# span 6 =     3.9917,     9.8232       
# span 7 =     4.0604,     8.5191       
# span 8 =    -0.0166,     3.5829       
# span 9 =    85.6744,    97.2905       
# span 10 = -8.041e-05, 3.6841e+02      
# span 11 =  -68.03110,  -68.03060      
# span 12 =  -69.28626,  -69.28527      
# span 13 = 334.815845, 334.831107      
# span 14 =     -30.96,     105.42      
# span 15 = 2.8733e+02, 3.2790e+02      
# span 16 =    277.038,   1595.678      
# span 17 =       6650,      38297      
# span 18 =  1027.1700,  1029.9327      
# span 19 =  1027.1686,  1029.9317      
# span 20 =    33.7926,    34.6952      
# span 21 =    33.7910,    34.6943      
# span 22 =    7.74703,    8.35462      
# span 23 =         11,         49      
# span 24 = 0.0000e+00, 0.0000e+00      
# interval = decibars: 1                
# start_time = Nov 30 2021 19:30:12 [NMEA time, header]
# bad_flag = -9.990e-29
*END*
[from data line 348]
    352.000    348.182     1.3248  30.085991     1.3242  30.084981     4.0625     4.1163    -0.0110    97.2240 1.0000e-12  -68.03100  -69.28547 334.822603      99.98 3.1556e+02    860.935      20663  1029.4135  1029.4130    34.6669    34.6662    7.75944         26 0.0000e+00
    353.000    349.170     1.3265  30.088321     1.3265  30.087489     4.0577     4.1105    -0.0075    97.2318 1.0000e-12  -68.03099  -69.28547 334.822621      99.98 3.1556e+02    862.432      20699  1029.4185  1029.4176    34.6674    34.6664    7.75907         42 0.0000e+00
    354.000    350.158     1.3292  30.091537     1.3295  30.091289     4.0543     4.1083    -0.0114    97.2424 1.0000e-12  -68.03098  -69.28549 334.822640      99.98 3.1556e+02    864.070      20739  1029.4233  1029.4228    34.6680    34.6673    7.75851         31 0.0000e+00
    355.000    351.147     1.3326  30.095699     1.3323  30.094823     4.0560     4.1107    -0.0103    97.2355 1.0000e-12  -68.03098  -69.28550 334.822652      99.97 3.1556e+02    865.129      20764  1029.4285  1029.4279    34.6689    34.6681    7.75778         22 0.0000e+00
    356.000    352.134     1.3325  30.096039     1.3324  30.095372     4.0520     4.1105    -0.0070    97.2489 1.0000e-12  -68.03098  -69.28550 334.822662      99.98 3.1556e+02    865.999      20785  1029.4331  1029.4325    34.6689    34.6681    7.75780         21 0.0000e+00
    357.000    353.125     1.3331  30.097146     1.3328  30.096197     4.0492     4.1104    -0.0047    97.2645 1.0000e-12  -68.03097  -69.28551 334.822673      99.97 3.1556e+02    866.907      20807  1029.4379  1029.4372    34.6690    34.6681    7.75768         24 0.0000e+00
    358.000    354.109     1.3333  30.097867     1.3331  30.096993     4.0539     4.1097    -0.0018    97.2628 1.0000e-12  -68.03096  -69.28552 334.822695      99.97 3.1556e+02    868.816      20853  1029.4427  1029.4420    34.6691    34.6683    7.75763         39 0.0000e+00
    359.000    355.099     1.3323  30.097258     1.3322  30.096463     4.0530     4.1079     0.0020    97.2720 1.0000e-12  -68.03096  -69.28550 334.822722      99.98 3.1556e+02    871.214      20910  1029.4474  1029.4467    34.6689    34.6680    7.75784         24 0.0000e+00
    360.000    356.090     1.3330  30.098436     1.3325  30.097316     4.0450     4.1012    -0.0070    97.2834 1.0000e-12  -68.03096  -69.28550 334.822731      99.98 3.1556e+02    871.949      20928  1029.4522  1029.4515    34.6691    34.6682    7.75770         18 0.0000e+00
    361.000    357.073     1.3347  30.100969     1.3337  30.099234     4.0477     4.1014    -0.0067    97.2863 1.0000e-12  -68.03096  -69.28550 334.822739      99.98 3.1556e+02    872.613      20944  1029.4573  1029.4565    34.6699    34.6688    7.75732         14 0.0000e+00
    362.000    358.065     1.3418  30.108698     1.3408  30.107191     4.0471     4.1061    -0.0067    97.2675 1.0000e-12  -68.03096  -69.28550 334.822745      99.98 3.1556e+02    873.202      20958  1029.4624  1029.4619    34.6713    34.6705    7.75584         14 0.0000e+00
    363.000    359.053     1.3420  30.109313     1.3424  30.109170     4.0452     4.1075    -0.0067    97.2661 1.0000e-12  -68.03096  -69.28550 334.822752      99.98 3.1556e+02    873.788      20972  1029.4671  1029.4666    34.6713    34.6707    7.75580         15 0.0000e+00
    364.000    360.042     1.3424  30.110181     1.3421  30.109374     4.0473     4.1088    -0.0064    97.2562 1.0000e-12  -68.03096  -69.28550 334.822761      99.98 3.1556e+02    874.518      20989  1029.4719  1029.4713    34.6714    34.6707    7.75572         22 0.0000e+00
    365.000    361.028     1.3414  30.109597     1.3416  30.109108     4.0536     4.1073    -0.0040    97.2540 1.0000e-12  -68.03096  -69.28553 334.822794      74.76 3.1556e+02    877.423      21059  1029.4765  1029.4758    34.6712    34.6703    7.75593         34 0.0000e+00
    366.000    362.017     1.3422  30.110866     1.3422  30.110326     4.0479     4.1021    -0.0075    97.2710 1.0000e-12  -68.03096  -69.28554 334.822817     100.63 3.1556e+02    879.383      21106  1029.4813  1029.4808    34.6713    34.6706    7.75576         23 0.0000e+00
    367.000    363.006     1.3419  30.111198     1.3420  30.110626     4.0429     4.1018    -0.0074    97.2848 1.0000e-12  -68.03094  -69.28554 334.822827      99.98 3.1556e+02    880.270      21127  1029.4862  1029.4856    34.6715    34.6707    7.75581         22 0.0000e+00
    368.000    363.994     1.3450  30.115214     1.3452  30.114777     4.0401     4.0999    -0.0099    97.2608 1.0000e-12  -68.03094  -69.28554 334.822839      99.68 3.1556e+02    881.245      21151  1029.4915  1029.4909    34.6726    34.6719    7.75514         26 0.0000e+00
    369.000    364.982     1.3455  30.116356     1.3455  30.115573     4.0375     4.1004    -0.0101    97.2694 1.0000e-12  -68.03094  -69.28554 334.822854      99.53 3.1669e+02    882.623      21184  1029.4964  1029.4956    34.6729    34.6719    7.75502         39 0.0000e+00
    370.000    365.972     1.3460  30.117159     1.3457  30.116148     4.0392     4.0932    -0.0001    97.2574 1.0000e-12  -68.03094  -69.28554 334.822871      99.09 3.1734e+02    884.066      21219  1029.5010  1029.5003    34.6729    34.6719    7.75493         28 0.0000e+00
    371.000    366.956     1.3473  30.119269     1.3471  30.118454     4.0351     4.0943    -0.0126    97.2806 1.0000e-12  -68.03096  -69.28554 334.822882      98.34 3.1732e+02    885.036      21242  1029.5060  1029.5055    34.6735    34.6727    7.75463         20 0.0000e+00
    372.000    367.947     1.3481  30.120432     1.3476  30.119522     4.0334     4.0968    -0.0071    97.2658 1.0000e-12  -68.03096  -69.28554 334.822891      97.82 3.1732e+02    885.785      21260  1029.5108  1029.5103    34.6736    34.6729    7.75448         16 0.0000e+00
    373.000    368.935     1.3487  30.121626     1.3481  30.120685     4.0367     4.0966     0.0019    97.2693 1.0000e-12  -68.03096  -69.28554 334.822899      97.07 3.1732e+02    886.440      21276  1029.5157  1029.5152    34.6739    34.6732    7.75435         16 0.0000e+00
    374.000    369.925     1.3489  30.122408     1.3486  30.121584     4.0383     4.0941     0.0017    97.2706 1.0000e-12  -68.03096  -69.28556 334.822906      95.80 3.1732e+02    887.110      21292  1029.5205  1029.5200    34.6740    34.6733    7.75429         17 0.0000e+00
    375.000    370.912     1.3492  30.123253     1.3489  30.122326     4.0384     4.0972    -0.0034    97.2626 1.0000e-12  -68.03095  -69.28556 334.822920      94.35 3.1732e+02    888.270      21319  1029.5253  1029.5246    34.6742    34.6733    7.75423         28 0.0000e+00
    376.000    371.899     1.3493  30.123864     1.3490  30.122907     4.0407     4.0895    -0.0062    97.2581 1.0000e-12  -68.03094  -69.28560 334.822960      93.26 3.1732e+02    891.751      21403  1029.5300  1029.5294    34.6742    34.6734    7.75420         30 0.0000e+00
    377.000    372.888     1.3510  30.126141     1.3506  30.125356     4.0382     4.0891     0.0009    97.2425 1.0000e-12  -68.03094  -69.28560 334.822970      93.36 3.1732e+02    892.631      21424  1029.5350  1029.5345    34.6748    34.6742    7.75385         20 0.0000e+00
    378.000    373.876     1.3512  30.126894     1.3505  30.125705     4.0308     4.0882    -0.0058    97.2389 1.0000e-12  -68.03094  -69.28560 334.822979      91.17 3.1732e+02    893.417      21443  1029.5397  1029.5392    34.6749    34.6741    7.75379         19 0.0000e+00
    379.000    374.866     1.3522  30.128475     1.3517  30.127596     4.0287     4.0902    -0.0145    97.2443 1.0000e-12  -68.03094  -69.28558 334.822988      90.93 3.1732e+02    894.196      21462  1029.5446  1029.5442    34.6753    34.6746    7.75358         19 0.0000e+00
    380.000    375.853     1.3562  30.133690     1.3567  30.133746     4.0319     4.0900    -0.0112    97.2574 1.0000e-12  -68.03094  -69.28560 334.822999      89.67 3.1732e+02    895.156      21485  1029.5503  1029.5498    34.6769    34.6764    7.75270         29 0.0000e+00
    381.000    376.844     1.3579  30.136044     1.3578  30.135188     4.0317     4.0872     0.0038    97.2540 1.0000e-12  -68.03093  -69.28560 334.823024      89.12 3.1732e+02    897.268      21535  1029.5552  1029.5545    34.6774    34.6764    7.75233         28 0.0000e+00
    382.000    377.827     1.3590  30.137801     1.3586  30.136886     4.0381     4.0898    -0.0138    97.2849 1.0000e-12  -68.03092  -69.28562 334.823048      88.71 3.1732e+02    899.321      21585  1029.5603  1029.5597    34.6779    34.6771    7.75210         27 0.0000e+00
    383.000    378.817     1.3587  30.137762     1.3583  30.136922     4.0283     4.0902    -0.0036    97.2905 1.0000e-12  -68.03092  -69.28562 334.823058      86.00 3.1732e+02    900.191      21606  1029.5648  1029.5643    34.6776    34.6770    7.75217         20 0.0000e+00
    384.000    379.805     1.3584  30.137864     1.3582  30.137379     4.0262     4.0851    -0.0004    97.2704 1.0000e-12  -68.03092  -69.28562 334.823067      85.53 3.1732e+02    900.966      21624  1029.5694  1029.5690    34.6775    34.6771    7.75224         17 0.0000e+00
    385.000    380.794     1.3591  30.139309     1.3594  30.139122     4.0246     4.0824    -0.0077    97.2823 1.0000e-12  -68.03092  -69.28562 334.823075      84.67 3.1732e+02    901.708      21642  1029.5744  1029.5739    34.6780    34.6774    7.75207         19 0.0000e+00
    386.000    381.781     1.3606  30.141429     1.3604  30.140825     4.0305     4.0851    -0.0136    97.2763 1.0000e-12  -68.03092  -69.28562 334.823086      83.59 3.1732e+02    902.603      21663  1029.5793  1029.5790    34.6785    34.6779    7.75175         26 0.0000e+00
    387.000    382.771     1.3591  30.140200     1.3593  30.139755     4.0340     4.0842    -0.0072    97.2662 1.0000e-12  -68.03092  -69.28563 334.823104      82.69 3.1732e+02    904.217      21702  1029.5838  1029.5831    34.6779    34.6772    7.75207         37 0.0000e+00
    388.000    383.757     1.3590  30.140434     1.3589  30.139668     4.0316     4.0780    -0.0128    97.2516 1.0000e-12  -68.03092  -69.28564 334.823125      81.61 3.1732e+02    905.963      21744  1029.5884  1029.5877    34.6778    34.6769    7.75210         31 0.0000e+00
    389.000    384.746     1.3594  30.141315     1.3596  30.140985     4.0216     4.0818     0.0121    97.2723 1.0000e-12  -68.03092  -69.28564 334.823138      80.44 3.1732e+02    907.120      21772  1029.5931  1029.5926    34.6779    34.6773    7.75201         26 0.0000e+00
    390.000    385.734     1.3611  30.143851     1.3608  30.142867     4.0256     4.0813     0.0017    97.2618 1.0000e-12  -68.03092  -69.28562 334.823150      79.20 3.1732e+02    908.145      21796  1029.5983  1029.5976    34.6787    34.6778    7.75164         24 0.0000e+00
    391.000    386.722     1.3627  30.146342     1.3619  30.144912     4.0341     4.0819    -0.0056    97.2376 1.0000e-12  -68.03092  -69.28564 334.823161      78.14 3.1710e+02    909.102      21819  1029.6034  1029.6028    34.6795    34.6785    7.75127         23 0.0000e+00
    392.000    387.710     1.3625  30.146534     1.3621  30.145358     4.0319     4.0813    -0.0005    97.2646 1.0000e-12  -68.03092  -69.28563 334.823174      77.32 3.1589e+02    910.234      21847  1029.6081  1029.6073    34.6794    34.6784    7.75132         33 0.0000e+00
    393.000    388.698     1.3632  30.147821     1.3632  30.147145     4.0329     4.0791     0.0076    97.2679 1.0000e-12  -68.03092  -69.28564 334.823195      76.08 3.1555e+02    912.059      21890  1029.6130  1029.6123    34.6798    34.6788    7.75118         45 0.0000e+00
    394.000    389.687     1.3629  30.147859     1.3626  30.146814     4.0258     4.0814    -0.0053    97.2606 1.0000e-12  -68.03090  -69.28566 334.823214      75.09 3.1556e+02    913.718      21930  1029.6176  1029.6168    34.6795    34.6785    7.75124         30 0.0000e+00
    395.000    390.675     1.3638  30.149444     1.3633  30.148269     4.0173     4.0793    -0.0146    97.2662 1.0000e-12  -68.03090  -69.28566 334.823226      74.27 3.1556e+02    914.758      21955  1029.6225  1029.6218    34.6799    34.6791    7.75103         22 0.0000e+00
    396.000    391.663     1.3663  30.152915     1.3657  30.151819     4.0125     4.0758    -0.0022    97.2673 1.0000e-12  -68.03090  -69.28566 334.823236      72.67 3.1556e+02    915.619      21976  1029.6279  1029.6273    34.6811    34.6804    7.75049         21 0.0000e+00
    397.000    392.652     1.3687  30.156259     1.3683  30.155416     4.0170     4.0724    -0.0065    97.2799 1.0000e-12  -68.03090  -69.28566 334.823246      72.34 3.1556e+02    916.457      21996  1029.6331  1029.6326    34.6820    34.6815    7.74996         20 0.0000e+00
    398.000    393.639     1.3698  30.158080     1.3694  30.157112     4.0205     4.0750    -0.0092    97.2586 1.0000e-12  -68.03090  -69.28566 334.823257      71.35 3.1556e+02    917.360      22018  1029.6381  1029.6375    34.6826    34.6818    7.74971         23 0.0000e+00
    399.000    394.626     1.3705  30.159524     1.3700  30.158428     4.0213     4.0782     0.0022    97.2541 1.0000e-12  -68.03090  -69.28566 334.823269      69.61 3.1556e+02    918.436      22043  1029.6431  1029.6425    34.6830    34.6823    7.74954         28 0.0000e+00
    400.000    395.615     1.3699  30.159490     1.3698  30.158879     4.0133     4.0759    -0.0030    97.2728 1.0000e-12  -68.03090  -69.28567 334.823285      68.51 3.1556e+02    919.831      22077  1029.6480  1029.6474    34.6832    34.6824    7.74967         40 0.0000e+00
    401.000    396.603     1.3712  30.161956     1.3711  30.160967     4.0131     4.0726    -0.0069    97.2499 1.0000e-12  -68.03090  -69.28568 334.823307      67.36 3.1556e+02    921.724      22122  1029.6535  1029.6525    34.6843    34.6831    7.74935         40 0.0000e+00
    402.000    397.590     1.3719  30.163406     1.3714  30.162191     4.0181     4.0754    -0.0022    97.2390 1.0000e-12  -68.03090  -69.28568 334.823322      66.66 3.1556e+02    923.026      22154  1029.6584  1029.6577    34.6848    34.6838    7.74918         23 0.0000e+00
    403.000    398.580     1.3722  30.164207     1.3719  30.163277     4.0288     4.0729     0.0021    97.2777 1.0000e-12  -68.03090  -69.28568 334.823332      65.67 3.1556e+02    923.858      22174  1029.6633  1029.6626    34.6849    34.6841    7.74912         18 0.0000e+00
    404.000    399.566     1.3724  30.165103     1.3720  30.164090     4.0281     4.0735    -0.0054    97.2662 1.0000e-12  -68.03090  -69.28568 334.823340      64.76 3.1556e+02    924.557      22190  1029.6682  1029.6675    34.6852    34.6843    7.74906         16 0.0000e+00
    405.000    400.557     1.3724  30.165452     1.3720  30.164480     4.0235     4.0705    -0.0077    97.2616 1.0000e-12  -68.03090  -69.28568 334.823348      63.31 3.1556e+02    925.243      22207  1029.6728  1029.6722    34.6851    34.6843    7.74907         17 0.0000e+00
    406.000    401.544     1.3724  30.165755     1.3720  30.164920     4.0262     4.0719    -0.0015    97.2600 1.0000e-12  -68.03090  -69.28568 334.823358      62.19 3.1556e+02    926.167      22229  1029.6774  1029.6769    34.6850    34.6843    7.74908         29 0.0000e+00
    407.000    402.530     1.3724  30.166204     1.3722  30.165309     4.0216     4.0752     0.0066    97.2446 1.0000e-12  -68.03088  -69.28570 334.823389      61.19 3.1556e+02    928.790      22292  1029.6821  1029.6813    34.6849    34.6840    7.74908         35 0.0000e+00
    408.000    403.520     1.3725  30.166926     1.3723  30.166004     4.0205     4.0728     0.0129    97.2778 1.0000e-12  -68.03090  -69.28570 334.823406      60.17 3.1489e+02    930.242      22327  1029.6869  1029.6862    34.6852    34.6842    7.74905         22 0.0000e+00
