NBP2113_155081_ctd/data/nbp2113_019.cnv
* Sea-Bird SBE 9 Data File:
* FileName = D:\Data\raw\NBP2113_019.hex
* Software Version Seasave V 7.26.7.121
* Temperature SN = 2438
* Conductivity SN = 2067
* Number of Bytes Per Scan = 40
* Number of Voltage Words = 5
* Number of Scans Averaged by the Deck Unit = 1
* NMEA Latitude = 66 53.46 S
* NMEA Longitude = 068 55.21 W
* NMEA UTC (Time) = Nov 29 2021  09:39:46
* NMEA baud rate = 9600
** Ship: RVIB N.B. Palmer
** Cruise: NBP2113 LTER
** Station: 300.040
** Operator: B. Urmston
# nquan = 25
# nvalues = 1342                        
# units = specified
# name 0 = prDM: Pressure, Digiquartz [db]
# name 1 = depSM: Depth [salt water, m]
# name 2 = t090C: Temperature [ITS-90, deg C]
# name 3 = c0mS/cm: Conductivity [mS/cm]
# name 4 = t190C: Temperature, 2 [ITS-90, deg C]
# name 5 = c1mS/cm: Conductivity, 2 [mS/cm]
# name 6 = sbeox0ML/L: Oxygen, SBE 43 [ml/l]
# name 7 = sbeox1ML/L: Oxygen, SBE 43, 2 [ml/l]
# name 8 = flECO-AFL: Fluorescence, WET Labs ECO-AFL/FL [mg/m^3]
# name 9 = CStarTr0: Beam Transmission, WET Labs C-Star [%]
# name 10 = par: PAR/Irradiance, Biospherical/Licor
# name 11 = latitude: Latitude [deg]
# name 12 = longitude: Longitude [deg]
# name 13 = timeJ: Julian Days
# name 14 = altM: Altimeter [m]
# name 15 = spar: SPAR, Biospherical/Licor
# name 16 = timeS: Time, Elapsed [seconds]
# name 17 = scan: Scan Count
# name 18 = density00: Density [density, kg/m^3]
# name 19 = density11: Density, 2 [density, kg/m^3]
# name 20 = sal00: Salinity, Practical [PSU]
# name 21 = sal11: Salinity, Practical, 2 [PSU]
# name 22 = oxsolML/L: Oxygen Saturation, Garcia & Gordon [ml/l]
# name 23 = nbin: number of scans per bin
# name 24 = flag: flag
# span 0 =      1.000,    674.000       
# span 1 =      0.990,    666.255       
# span 2 =    -0.9203,     1.4609       
# span 3 =  27.474797,  30.232854       
# span 4 =    -0.9209,     1.4599       
# span 5 =  27.473635,  30.231730       
# span 6 =     3.9628,     9.2420       
# span 7 =     4.0254,     9.7454       
# span 8 =    -0.0224,     1.4154       
# span 9 =    89.8677,    97.4112       
# span 10 = -2.738e-05, 7.8826e+02      
# span 11 =  -66.89134,  -66.89094      
# span 12 =  -68.92486,  -68.92230      
# span 13 = 333.406073, 333.433263      
# span 14 =       7.92,     102.91      
# span 15 = 4.3031e+02, 7.4102e+02      
# span 16 =    298.674,   2647.958      
# span 17 =       7169,      63552      
# span 18 =  1027.2218,  1030.9731      
# span 19 =  1027.2208,  1030.9721      
# span 20 =    33.8544,    34.7217      
# span 21 =    33.8531,    34.7203      
# span 22 =    7.73090,    8.26997      
# span 23 =          1,         47      
# span 24 = 0.0000e+00, 0.0000e+00      
# interval = decibars: 1                
# start_time = Nov 29 2021 09:39:46 [NMEA time, header]
# bad_flag = -9.990e-29
*END*
[from data line 928]
    414.000    409.478     1.4065  30.217295     1.4052  30.215576     3.9970     4.0520    -0.0074    97.3924 1.0000e-12  -66.89118  -68.92436 333.422760      99.97 4.8658e+02   1740.492      41773  1029.7307  1029.7302    34.7083    34.7075    7.74111         36 0.0000e+00
    413.000    408.491     1.4062  30.216581     1.4063  30.215999     3.9879     4.0527    -0.0091    97.3925 1.0000e-12  -66.89118  -68.92436 333.422779      99.98 4.8495e+02   1742.068      41811  1029.7261  1029.7254    34.7083    34.7075    7.74118         37 0.0000e+00
    412.000    407.501     1.4091  30.218427     1.4092  30.217720     3.9806     4.0458    -0.0107    97.3949 1.0000e-12  -66.89116  -68.92434 333.422794      99.97 4.8478e+02   1743.418      41843  1029.7208  1029.7200    34.7081    34.7070    7.74062         27 0.0000e+00
    411.000    406.515     1.4114  30.219862     1.4111  30.218864     3.9766     4.0432    -0.0015    97.3948 1.0000e-12  -66.89116  -68.92436 333.422806      99.97 4.8479e+02   1744.422      41867  1029.7158  1029.7151    34.7079    34.7070    7.74018         22 0.0000e+00
    410.000    405.526     1.4154  30.222852     1.4155  30.222071     3.9828     4.0423     0.0043    97.3948 1.0000e-12  -66.89116  -68.92434 333.422816      99.98 4.8479e+02   1745.314      41889  1029.7107  1029.7098    34.7078    34.7068    7.73938         22 0.0000e+00
    409.000    404.537     1.4179  30.224484     1.4173  30.223073     3.9842     4.0462     0.0045    97.3948 1.0000e-12  -66.89116  -68.92434 333.422828      99.97 4.8310e+02   1746.351      41913  1029.7056  1029.7048    34.7077    34.7066    7.73890         30 0.0000e+00
    408.000    403.550     1.4159  30.222177     1.4147  30.220531     3.9869     4.0444    -0.0028    97.3835 1.0000e-12  -66.89117  -68.92434 333.422849      99.97 4.8303e+02   1748.142      41956  1029.7012  1029.7006    34.7076    34.7068    7.73930         43 0.0000e+00
    407.000    402.562     1.4159  30.221717     1.4165  30.221542     3.9792     4.0464    -0.0043    97.3864 1.0000e-12  -66.89118  -68.92434 333.422869      99.98 4.8415e+02   1749.902      41999  1029.6965  1029.6957    34.7076    34.7067    7.73931         27 0.0000e+00
    406.000    401.574     1.4190  30.223932     1.4190  30.223077     3.9822     4.0501    -0.0031    97.3730 1.0000e-12  -66.89118  -68.92435 333.422879      99.98 4.8489e+02   1750.761      42019  1029.6915  1029.6906    34.7076    34.7065    7.73870         19 0.0000e+00
    405.000    400.585     1.4206  30.224809     1.4203  30.223734     3.9883     4.0511     0.0029    97.3926 1.0000e-12  -66.89118  -68.92436 333.422887      99.98 4.8640e+02   1751.441      42036  1029.6866  1029.6858    34.7075    34.7065    7.73839         15 0.0000e+00
    404.000    399.596     1.4206  30.224358     1.4203  30.223309     3.9844     4.0484    -0.0118    97.3802 1.0000e-12  -66.89118  -68.92436 333.422894      99.97 4.8656e+02   1752.060      42050  1029.6819  1029.6811    34.7075    34.7065    7.73839         14 0.0000e+00
    403.000    398.610     1.4213  30.224589     1.4211  30.223443     3.9854     4.0494    -0.0145    97.3709 1.0000e-12  -66.89118  -68.92435 333.422901      99.98 4.8679e+02   1752.664      42065  1029.6772  1029.6763    34.7075    34.7063    7.73824         15 0.0000e+00
    402.000    397.620     1.4218  30.224472     1.4214  30.223464     3.9893     4.0477    -0.0061    97.3751 1.0000e-12  -66.89118  -68.92434 333.422909      99.98 4.8759e+02   1753.326      42081  1029.6724  1029.6717    34.7075    34.7066    7.73816         17 0.0000e+00
    401.000    396.633     1.4217  30.223952     1.4208  30.222426     3.9884     4.0475    -0.0060    97.3835 1.0000e-12  -66.89118  -68.92434 333.422920      99.98 4.8806e+02   1754.278      42104  1029.6678  1029.6671    34.7075    34.7065    7.73817         31 0.0000e+00
    400.000    395.645     1.4193  30.221463     1.4194  30.220720     3.9886     4.0521    -0.0111    97.3690 1.0000e-12  -66.89118  -68.92431 333.422973      99.97 4.8459e+02   1758.886      42214  1029.6635  1029.6626    34.7075    34.7065    7.73864         35 0.0000e+00
    399.000    394.657     1.4200  30.221481     1.4197  30.220506     3.9891     4.0519    -0.0070    97.3691 1.0000e-12  -66.89118  -68.92432 333.422985      99.98 4.8479e+02   1759.859      42238  1029.6586  1029.6578    34.7073    34.7064    7.73851         23 0.0000e+00
    398.000    393.668     1.4210  30.221912     1.4207  30.220981     3.9899     4.0470    -0.0066    97.3613 1.0000e-12  -66.89118  -68.92432 333.422995      99.98 4.8604e+02   1760.737      42259  1029.6538  1029.6532    34.7074    34.7065    7.73832         20 0.0000e+00
    397.000    392.679     1.4213  30.221909     1.4213  30.220932     3.9823     4.0467    -0.0057    97.3880 1.0000e-12  -66.89118  -68.92432 333.423004      99.98 4.8657e+02   1761.531      42278  1029.6492  1029.6483    34.7075    34.7064    7.73824         18 0.0000e+00
    396.000    391.691     1.4217  30.221730     1.4216  30.220774     3.9779     4.0462    -0.0053    97.3827 1.0000e-12  -66.89118  -68.92432 333.423013      99.97 4.8756e+02   1762.288      42296  1029.6445  1029.6436    34.7075    34.7064    7.73817         18 0.0000e+00
    395.000    390.704     1.4238  30.222960     1.4233  30.221779     3.9731     4.0438    -0.0069    97.3690 1.0000e-12  -66.89118  -68.92432 333.423021      99.98 4.8832e+02   1763.025      42314  1029.6394  1029.6387    34.7073    34.7064    7.73776         18 0.0000e+00
    394.000    389.715     1.4282  30.225828     1.4281  30.224987     3.9742     4.0346    -0.0073    97.3691 1.0000e-12  -66.89118  -68.92431 333.423030      99.98 4.8832e+02   1763.764      42331  1029.6338  1029.6330    34.7067    34.7057    7.73694         18 0.0000e+00
    393.000    388.729     1.4307  30.227333     1.4304  30.226236     3.9768     4.0352    -0.0069    97.3691 1.0000e-12  -66.89118  -68.92430 333.423039      99.97 4.8832e+02   1764.533      42350  1029.6286  1029.6278    34.7064    34.7053    7.73646         19 0.0000e+00
    392.000    387.739     1.4317  30.227583     1.4314  30.226554     3.9770     4.0386     0.0024    97.3691 1.0000e-12  -66.89118  -68.92430 333.423048      99.98 4.8832e+02   1765.375      42370  1029.6237  1029.6230    34.7062    34.7053    7.73628         22 0.0000e+00
    391.000    386.750     1.4292  30.225163     1.4310  30.225624     3.9738     4.0404    -0.0048    97.3691 1.0000e-12  -66.89118  -68.92430 333.423061      99.98 4.8832e+02   1766.460      42396  1029.6195  1029.6182    34.7064    34.7050    7.73675         32 0.0000e+00
    390.000    385.763     1.4284  30.224083     1.4280  30.223060     3.9872     4.0436    -0.0032    97.3691 1.0000e-12  -66.89118  -68.92428 333.423085      99.98 4.8775e+02   1768.573      42447  1029.6150  1029.6143    34.7065    34.7056    7.73690         33 0.0000e+00
    389.000    384.774     1.4237  30.219948     1.4228  30.218524     3.9822     4.0424    -0.0055    97.3511 1.0000e-12  -66.89118  -68.92428 333.423120      99.97 4.8656e+02   1771.591      42519  1029.6112  1029.6107    34.7070    34.7062    7.73780         40 0.0000e+00
    388.000    383.786     1.4244  30.220162     1.4236  30.218723     3.9702     4.0382    -0.0050    97.3592 1.0000e-12  -66.89118  -68.92428 333.423138      99.98 4.8656e+02   1773.161      42557  1029.6065  1029.6058    34.7071    34.7061    7.73766         25 0.0000e+00
    387.000    382.799     1.4312  30.224826     1.4306  30.223597     3.9654     4.0378    -0.0065    97.3811 1.0000e-12  -66.89118  -68.92428 333.423148      99.98 4.8656e+02   1774.003      42577  1029.6003  1029.5997    34.7062    34.7052    7.73638         18 0.0000e+00
    386.000    381.811     1.4375  30.229210     1.4367  30.227808     3.9695     4.0364    -0.0087    97.3794 1.0000e-12  -66.89118  -68.92428 333.423156      99.98 4.8656e+02   1774.662      42593  1029.5944  1029.5937    34.7054    34.7044    7.73519         15 0.0000e+00
    385.000    380.820     1.4418  30.232131     1.4416  30.231154     3.9714     4.0316    -0.0149    97.3711 1.0000e-12  -66.89118  -68.92428 333.423163      99.97 4.8829e+02   1775.260      42607  1029.5888  1029.5880    34.7049    34.7038    7.73436         14 0.0000e+00
    384.000    379.834     1.4433  30.232854     1.4430  30.231730     3.9757     4.0302    -0.0112    97.3438 1.0000e-12  -66.89118  -68.92428 333.423170      99.98 4.8832e+02   1775.865      42622  1029.5839  1029.5831    34.7047    34.7036    7.73408         15 0.0000e+00
    383.000    378.846     1.4435  30.232440     1.4434  30.231647     3.9738     4.0330    -0.0058    97.3447 1.0000e-12  -66.89118  -68.92428 333.423178      99.98 4.8832e+02   1776.549      42638  1029.5791  1029.5783    34.7045    34.7036    7.73405         18 0.0000e+00
    382.000    377.856     1.4437  30.232083     1.4432  30.230994     3.9667     4.0316    -0.0054    97.3320 1.0000e-12  -66.89118  -68.92428 333.423187      99.97 4.8832e+02   1777.372      42658  1029.5743  1029.5737    34.7044    34.7036    7.73401         22 0.0000e+00
    381.000    376.868     1.4433  30.231408     1.4421  30.229657     3.9647     4.0323    -0.0063    97.3179 1.0000e-12  -66.89118  -68.92428 333.423199      99.98 4.8832e+02   1778.375      42682  1029.5699  1029.5692    34.7046    34.7036    7.73408         26 0.0000e+00
    380.000    375.880     1.4439  30.231312     1.4428  30.229648     3.9685     4.0337    -0.0056    97.3423 1.0000e-12  -66.89118  -68.92426 333.423212      99.98 4.8832e+02   1779.536      42710  1029.5650  1029.5644    34.7044    34.7035    7.73398         31 0.0000e+00
    379.000    374.893     1.4420  30.229339     1.4423  30.228799     3.9710     4.0317     0.0078    97.3433 1.0000e-12  -66.89118  -68.92427 333.423249      99.97 4.8927e+02   1782.712      42786  1029.5608  1029.5599    34.7046    34.7035    7.73434         34 0.0000e+00
    378.000    373.904     1.4412  30.228331     1.4419  30.227985     3.9776     4.0308    -0.0144    97.3231 1.0000e-12  -66.89118  -68.92426 333.423278      99.97 4.8838e+02   1785.193      42846  1029.5562  1029.5553    34.7047    34.7035    7.73448         22 0.0000e+00
    377.000    372.916     1.4424  30.228802     1.4422  30.227850     3.9776     4.0349    -0.0072    97.3404 1.0000e-12  -66.89118  -68.92428 333.423287      99.98 4.8832e+02   1785.966      42864  1029.5513  1029.5506    34.7045    34.7036    7.73426         17 0.0000e+00
    376.000    371.928     1.4430  30.228573     1.4426  30.227488     3.9741     4.0406    -0.0059    97.3433 1.0000e-12  -66.89118  -68.92427 333.423295      99.98 4.8832e+02   1786.648      42881  1029.5464  1029.5457    34.7042    34.7033    7.73417         16 0.0000e+00
    375.000    370.939     1.4423  30.227460     1.4420  30.226423     3.9789     4.0419    -0.0050    97.3321 1.0000e-12  -66.89118  -68.92426 333.423302      99.97 4.8832e+02   1787.307      42896  1029.5416  1029.5409    34.7041    34.7031    7.73430         16 0.0000e+00
    374.000    369.952     1.4414  30.225940     1.4413  30.225098     3.9872     4.0384    -0.0054    97.3256 1.0000e-12  -66.89118  -68.92426 333.423310      99.98 4.8832e+02   1787.985      42913  1029.5367  1029.5360    34.7037    34.7028    7.73450         16 0.0000e+00
    373.000    368.963     1.4412  30.224818     1.4409  30.223942     3.9843     4.0410    -0.0056    97.3173 1.0000e-12  -66.89118  -68.92425 333.423318      99.97 4.8949e+02   1788.688      42930  1029.5317  1029.5310    34.7031    34.7023    7.73458         17 0.0000e+00
    372.000    367.976     1.4400  30.223027     1.4397  30.221948     3.9780     4.0411    -0.0045    97.3120 1.0000e-12  -66.89118  -68.92424 333.423327      99.98 4.9007e+02   1789.426      42947  1029.5267  1029.5259    34.7027    34.7017    7.73482         18 0.0000e+00
    371.000    366.986     1.4394  30.221829     1.4394  30.221011     3.9855     4.0357    -0.0055    97.2682 1.0000e-12  -66.89118  -68.92424 333.423336      99.97 4.9008e+02   1790.214      42966  1029.5219  1029.5211    34.7024    34.7015    7.73495         20 0.0000e+00
    370.000    365.997     1.4399  30.221893     1.4395  30.220522     3.9828     4.0393    -0.0065    97.2652 1.0000e-12  -66.89118  -68.92424 333.423347      99.98 4.9008e+02   1791.154      42989  1029.5172  1029.5163    34.7025    34.7013    7.73485         26 0.0000e+00
    369.000    365.011     1.4404  30.222489     1.4402  30.221363     3.9762     4.0324    -0.0095    97.2679 1.0000e-12  -66.89120  -68.92424 333.423372      99.97 4.9008e+02   1793.342      43041  1029.5130  1029.5122    34.7033    34.7022    7.73471         32 0.0000e+00
    368.000    364.021     1.4409  30.222828     1.4406  30.221698     3.9822     4.0377    -0.0002    97.2960 1.0000e-12  -66.89118  -68.92426 333.423418      99.98 4.9068e+02   1797.317      43137  1029.5088  1029.5079    34.7038    34.7027    7.73459         28 0.0000e+00
    367.000    363.034     1.4409  30.222113     1.4403  30.220652     3.9769     4.0413    -0.0041    97.3062 1.0000e-12  -66.89118  -68.92424 333.423427      99.98 4.9185e+02   1798.072      43155  1029.5038  1029.5029    34.7034    34.7022    7.73461         18 0.0000e+00
    366.000    362.045     1.4399  30.219987     1.4396  30.218807     3.9795     4.0427    -0.0038    97.3073 1.0000e-12  -66.89118  -68.92424 333.423435      99.97 4.9184e+02   1798.740      43171  1029.4984  1029.4975    34.7024    34.7012    7.73486         15 0.0000e+00
    365.000    361.054     1.4396  30.218450     1.4393  30.217277     3.9839     4.0415     0.0018    97.2879 1.0000e-12  -66.89118  -68.92424 333.423441      99.98 4.9184e+02   1799.330      43185  1029.4929  1029.4920    34.7014    34.7002    7.73498         13 0.0000e+00
    364.000    360.069     1.4395  30.217321     1.4393  30.216345     3.9822     4.0418    -0.0029    97.2660 1.0000e-12  -66.89118  -68.92424 333.423448      99.98 4.9184e+02   1799.920      43199  1029.4876  1029.4868    34.7006    34.6996    7.73504         15 0.0000e+00
    363.000    359.079     1.4398  30.216717     1.4394  30.215818     3.9840     4.0397    -0.0145    97.2468 1.0000e-12  -66.89118  -68.92424 333.423455      99.97 4.9184e+02   1800.561      43214  1029.4825  1029.4819    34.7001    34.6994    7.73501         16 0.0000e+00
    362.000    358.091     1.4400  30.216180     1.4397  30.215308     3.9878     4.0368    -0.0082    97.2380 1.0000e-12  -66.89120  -68.92422 333.423464      99.97 4.9036e+02   1801.318      43233  1029.4775  1029.4769    34.6998    34.6990    7.73498         21 0.0000e+00
    361.000    357.102     1.4401  30.216026     1.4397  30.215022     3.9837     4.0389    -0.0110    97.2402 1.0000e-12  -66.89120  -68.92422 333.423476      99.98 4.9009e+02   1802.287      43256  1029.4731  1029.4724    34.7001    34.6992    7.73496         26 0.0000e+00
    360.000    356.115     1.4398  30.215670     1.4396  30.214690     3.9862     4.0385    -0.0092    97.2187 1.0000e-12  -66.89120  -68.92424 333.423490      98.47 4.8959e+02   1803.557      43286  1029.4687  1029.4679    34.7004    34.6995    7.73498         35 0.0000e+00
    359.000    355.126     1.4396  30.214873     1.4393  30.213951     3.9859     4.0401    -0.0054    97.2306 1.0000e-12  -66.89119  -68.92425 333.423513      99.96 4.9080e+02   1805.508      43333  1029.4639  1029.4632    34.7003    34.6994    7.73504         43 0.0000e+00
    358.000    354.138     1.4398  30.214440     1.4394  30.213513     3.9863     4.0405    -0.0017    97.2378 1.0000e-12  -66.89118  -68.92424 333.423542      99.97 4.9190e+02   1808.009      43393  1029.4590  1029.4584    34.7001    34.6993    7.73501         45 0.0000e+00
