NBP2113_155081_ctd/data/nbp2113_049.cnv
* Sea-Bird SBE 9 Data File:
* FileName = D:\Data\raw\NBP2113_049.hex
* Software Version Seasave V 7.26.7.121
* Temperature SN = 2438
* Conductivity SN = 2067
* Number of Bytes Per Scan = 40
* Number of Voltage Words = 5
* Number of Scans Averaged by the Deck Unit = 1
* NMEA Latitude = 64 50.72 S
* NMEA Longitude = 064 06.15 W
* NMEA UTC (Time) = Dec 11 2021  08:50:11
* NMEA baud rate = 9600
** Ship: RVIB N.B. Palmer
** Cruise: NBP2113 LTER
** Station: 617.036
** Operator: B. Urmston
# nquan = 25
# nvalues = 1261                        
# units = specified
# name 0 = prDM: Pressure, Digiquartz [db]
# name 1 = depSM: Depth [salt water, m]
# name 2 = t090C: Temperature [ITS-90, deg C]
# name 3 = c0mS/cm: Conductivity [mS/cm]
# name 4 = t190C: Temperature, 2 [ITS-90, deg C]
# name 5 = c1mS/cm: Conductivity, 2 [mS/cm]
# name 6 = sbeox0ML/L: Oxygen, SBE 43 [ml/l]
# name 7 = sbeox1ML/L: Oxygen, SBE 43, 2 [ml/l]
# name 8 = flECO-AFL: Fluorescence, WET Labs ECO-AFL/FL [mg/m^3]
# name 9 = CStarTr0: Beam Transmission, WET Labs C-Star [%]
# name 10 = par: PAR/Irradiance, Biospherical/Licor
# name 11 = latitude: Latitude [deg]
# name 12 = longitude: Longitude [deg]
# name 13 = timeJ: Julian Days
# name 14 = altM: Altimeter [m]
# name 15 = spar: SPAR, Biospherical/Licor
# name 16 = timeS: Time, Elapsed [seconds]
# name 17 = scan: Scan Count
# name 18 = density00: Density [density, kg/m^3]
# name 19 = density11: Density, 2 [density, kg/m^3]
# name 20 = sal00: Salinity, Practical [PSU]
# name 21 = sal11: Salinity, Practical, 2 [PSU]
# name 22 = oxsolML/L: Oxygen Saturation, Garcia & Gordon [ml/l]
# name 23 = nbin: number of scans per bin
# name 24 = flag: flag
# span 0 =      1.000,    633.000       
# span 1 =      0.991,    625.849       
# span 2 =    -0.2465,     1.4170       
# span 3 =  28.059718,  30.279825       
# span 4 =    -0.2471,     1.4158       
# span 5 =  28.057637,  30.277188       
# span 6 =     4.1453,     9.7507       
# span 7 =     4.2004,     9.5724       
# span 8 =    -0.0227,     1.4585       
# span 9 =    86.6742,    91.3490       
# span 10 = -1.261e-06, 1.1447e+02      
# span 11 =  -64.84556,  -64.84484      
# span 12 =  -64.10277,  -64.10142      
# span 13 = 345.371415, 345.396484      
# span 14 =       8.24,     101.20      
# span 15 = 4.9361e+01, 8.6202e+01      
# span 16 =    279.222,   2445.228      
# span 17 =       6702,      58686      
# span 18 =  1027.2166,  1030.7179      
# span 19 =  1027.2154,  1030.7166      
# span 20 =    33.8886,    34.6669      
# span 21 =    33.8868,    34.6655      
# span 22 =    7.74127,    8.12092      
# span 23 =         14,         49      
# span 24 = 0.0000e+00, 0.0000e+00      
# interval = decibars: 1                
# start_time = Dec 11 2021 08:50:11 [NMEA time, header]
# bad_flag = -9.990e-29
*END*
[from data line 232]
    237.000    234.546     0.8531  29.519481     0.8524  29.517804     4.8489     4.9027     0.0066    91.2149 1.0000e-12  -64.84536  -64.10242 345.376458      99.97 5.9938e+01    714.955      17160  1028.7975  1028.7964    34.5286    34.5271    7.86110         25 0.0000e+00
    238.000    235.534     0.8547  29.521624     0.8538  29.519750     4.8618     4.9090     0.0003    91.1985 1.0000e-12  -64.84536  -64.10243 345.376471      99.97 5.9938e+01    716.056      17186  1028.8022  1028.8012    34.5289    34.5275    7.86075         29 0.0000e+00
    239.000    236.523     0.8484  29.515955     0.8483  29.514651     4.8554     4.9071     0.0044    91.2112 1.0000e-12  -64.84536  -64.10244 345.376487      99.97 5.9938e+01    717.471      17220  1028.8068  1028.8055    34.5280    34.5264    7.86207         35 0.0000e+00
    240.000    237.512     0.8477  29.514883     0.8476  29.513678     4.8520     4.9020     0.0043    91.2122 1.0000e-12  -64.84537  -64.10244 345.376506      99.97 5.9938e+01    719.135      17260  1028.8106  1028.8094    34.5269    34.5254    7.86228         37 0.0000e+00
    241.000    238.501     0.8570  29.525689     0.8563  29.523728     4.8500     4.9045     0.0070    91.1982 1.0000e-12  -64.84538  -64.10242 345.376522      99.97 5.9938e+01    720.468      17292  1028.8168  1028.8155    34.5299    34.5282    7.86023         27 0.0000e+00
    242.000    239.491     0.8431  29.511583     0.8434  29.510416     4.8564     4.9039     0.0069    91.2116 1.0000e-12  -64.84538  -64.10242 345.376533      99.97 5.9938e+01    721.462      17316  1028.8202  1028.8187    34.5265    34.5247    7.86323         23 0.0000e+00
    243.000    240.478     0.8465  29.514754     0.8503  29.518525     4.8678     4.9105     0.0009    91.1946 1.0000e-12  -64.84538  -64.10242 345.376545      99.97 5.9938e+01    722.444      17340  1028.8243  1028.8245    34.5263    34.5269    7.86256         25 0.0000e+00
    244.000    241.469     0.8455  29.514995     0.8468  29.515127     4.8561     4.9078    -0.0004    91.1990 1.0000e-12  -64.84538  -64.10242 345.376557      99.97 5.9938e+01    723.508      17365  1028.8297  1028.8286    34.5271    34.5258    7.86271         26 0.0000e+00
    245.000    242.457     0.8432  29.512906     0.8422  29.510817     4.8393     4.9043    -0.0061    91.2030 1.0000e-12  -64.84538  -64.10243 345.376570      99.97 5.9938e+01    724.645      17392  1028.8340  1028.8329    34.5263    34.5248    7.86321         28 0.0000e+00
    246.000    243.447     0.8490  29.518894     0.8491  29.518111     4.8162     4.8831     0.0042    91.2149 1.0000e-12  -64.84538  -64.10244 345.376583      99.97 5.9938e+01    725.790      17420  1028.8387  1028.8379    34.5270    34.5259    7.86200         27 0.0000e+00
    247.000    244.435     0.8530  29.524023     0.8538  29.523977     4.7904     4.8688     0.0007    91.2059 1.0000e-12  -64.84538  -64.10244 345.376596      99.97 5.9938e+01    726.906      17447  1028.8444  1028.8436    34.5287    34.5278    7.86111         26 0.0000e+00
    248.000    245.424     0.8745  29.545419     0.8735  29.543695     4.7449     4.8406     0.0121    91.1909 1.0000e-12  -64.84538  -64.10244 345.376610      99.97 5.9938e+01    728.060      17474  1028.8496  1028.8488    34.5319    34.5307    7.85660         30 0.0000e+00
    249.000    246.413     0.8966  29.568666     0.8900  29.562262     4.6940     4.8025    -0.0060    91.1877 1.0000e-12  -64.84538  -64.10244 345.376625      99.97 5.9938e+01    729.361      17506  1028.8564  1028.8562    34.5368    34.5359    7.85188         33 0.0000e+00
    250.000    247.402     0.9329  29.609191     0.9289  29.603122     4.6839     4.7891    -0.0006    91.1885 1.0000e-12  -64.84538  -64.10244 345.376641      99.97 5.9938e+01    730.804      17540  1028.8668  1028.8645    34.5483    34.5449    7.84394         36 0.0000e+00
    251.000    248.391     0.9397  29.617607     0.9375  29.614476     4.6873     4.7829    -0.0056    91.2002 1.0000e-12  -64.84538  -64.10246 345.376659      99.97 5.9938e+01    732.295      17576  1028.8734  1028.8723    34.5510    34.5494    7.84243         35 0.0000e+00
    252.000    249.380     0.9478  29.626702     0.9452  29.622828     4.7003     4.7743     0.0004    91.2058 1.0000e-12  -64.84538  -64.10246 345.376675      99.97 5.9938e+01    733.726      17610  1028.8794  1028.8779    34.5532    34.5510    7.84068         34 0.0000e+00
    253.000    250.369     0.9523  29.632598     0.9501  29.629293     4.7119     4.7764     0.0099    91.1964 1.0000e-12  -64.84540  -64.10246 345.376691      99.97 5.9938e+01    735.108      17644  1028.8856  1028.8842    34.5552    34.5533    7.83967         32 0.0000e+00
    254.000    251.358     0.9474  29.627579     0.9471  29.626236     4.6999     4.7742     0.0029    91.2257 1.0000e-12  -64.84538  -64.10246 345.376706      99.97 5.9938e+01    736.419      17675  1028.8897  1028.8886    34.5535    34.5522    7.84074         29 0.0000e+00
    255.000    252.348     0.9489  29.629628     0.9486  29.628159     4.6862     4.7665    -0.0042    91.2407 1.0000e-12  -64.84540  -64.10246 345.376718      99.97 5.9938e+01    737.461      17700  1028.8947  1028.8935    34.5540    34.5524    7.84042         23 0.0000e+00
    256.000    253.336     0.9547  29.636129     0.9541  29.633996     4.6891     4.7584    -0.0030    91.2407 1.0000e-12  -64.84540  -64.10246 345.376729      99.97 5.9938e+01    738.406      17723  1028.9000  1028.8984    34.5553    34.5533    7.83917         23 0.0000e+00
    257.000    254.326     0.9656  29.647431     0.9607  29.641362     4.6787     4.7480    -0.0076    91.2374 1.0000e-12  -64.84540  -64.10246 345.376740      99.97 5.9938e+01    739.362      17746  1028.9053  1028.9038    34.5571    34.5548    7.83688         23 0.0000e+00
    258.000    255.313     0.9675  29.650613     0.9676  29.649610     4.6713     4.7408    -0.0077    91.2214 1.0000e-12  -64.84540  -64.10246 345.376752      99.97 5.9938e+01    740.349      17769  1028.9112  1028.9099    34.5587    34.5572    7.83643         24 0.0000e+00
    259.000    256.304     0.9762  29.659520     0.9754  29.657760     4.6711     4.7398    -0.0077    91.2491 1.0000e-12  -64.84540  -64.10246 345.376764      99.97 5.9938e+01    741.442      17796  1028.9162  1028.9151    34.5599    34.5585    7.83461         29 0.0000e+00
    260.000    257.292     0.9762  29.660034     0.9750  29.658127     4.6798     4.7411    -0.0042    91.2557 1.0000e-12  -64.84540  -64.10248 345.376782      99.97 5.9938e+01    742.930      17831  1028.9211  1028.9203    34.5599    34.5589    7.83460         44 0.0000e+00
    261.000    258.281     0.9784  29.661688     0.9778  29.660608     4.5754     4.6695    -0.0005    91.2559 1.0000e-12  -64.84540  -64.10248 345.376806      99.97 5.9938e+01    745.004      17881  1028.9252  1028.9246    34.5590    34.5583    7.83421         39 0.0000e+00
    262.000    259.270     1.0420  29.724438     1.0467  29.728299     4.4675     4.6000    -0.0122    91.2551 1.0000e-12  -64.84540  -64.10248 345.376825      99.97 5.9938e+01    746.691      17922  1028.9314  1028.9308    34.5688    34.5685    7.82095         32 0.0000e+00
    263.000    260.258     1.1076  29.801526     1.1067  29.799040     4.4730     4.5874    -0.0083    91.2727 1.0000e-12  -64.84540  -64.10248 345.376837      99.97 5.9938e+01    747.759      17947  1028.9507  1028.9490    34.5946    34.5924    7.80643         22 0.0000e+00
    264.000    261.247     1.1071  29.801576     1.1063  29.799611     4.4876     4.5884    -0.0126    91.2786 1.0000e-12  -64.84540  -64.10248 345.376847      99.97 5.9938e+01    748.574      17967  1028.9559  1028.9546    34.5946    34.5930    7.80653         19 0.0000e+00
    265.000    262.236     1.1063  29.801356     1.1056  29.799720     4.4977     4.5939    -0.0130    91.2722 1.0000e-12  -64.84540  -64.10248 345.376856      99.97 5.9938e+01    749.344      17985  1028.9610  1028.9600    34.5947    34.5933    7.80669         18 0.0000e+00
    266.000    263.227     1.1069  29.802359     1.1069  29.801085     4.5094     4.5935    -0.0078    91.2879 1.0000e-12  -64.84540  -64.10248 345.376865      99.97 5.9938e+01    750.124      18004  1028.9660  1028.9647    34.5947    34.5931    7.80657         20 0.0000e+00
    267.000    264.214     1.1051  29.801100     1.1050  29.799778     4.5197     4.5937    -0.0010    91.2901 1.0000e-12  -64.84540  -64.10248 345.376875      99.97 5.9938e+01    751.041      18026  1028.9710  1028.9697    34.5945    34.5929    7.80693         25 0.0000e+00
    268.000    265.205     1.1052  29.800954     1.1047  29.799412     4.5279     4.5967    -0.0070    91.3024 1.0000e-12  -64.84540  -64.10248 345.376892      99.97 5.9938e+01    752.435      18059  1028.9754  1028.9743    34.5937    34.5922    7.80697         37 0.0000e+00
    269.000    266.194     1.1048  29.800920     1.1043  29.799358     4.5169     4.5957    -0.0077    91.3160 1.0000e-12  -64.84540  -64.10248 345.376913      99.97 5.9938e+01    754.276      18104  1028.9804  1028.9793    34.5934    34.5920    7.80706         35 0.0000e+00
    270.000    267.180     1.1044  29.800837     1.1037  29.799060     4.5268     4.5992    -0.0050    91.3097 1.0000e-12  -64.84540  -64.10250 345.376932      99.97 5.9938e+01    755.905      18143  1028.9852  1028.9840    34.5932    34.5917    7.80715         35 0.0000e+00
    271.000    268.171     1.1036  29.800374     1.1029  29.798604     4.5414     4.5957    -0.0004    91.3245 1.0000e-12  -64.84542  -64.10250 345.376948      99.97 5.9938e+01    757.323      18177  1028.9899  1028.9888    34.5929    34.5914    7.80732         32 0.0000e+00
    272.000    269.160     1.1025  29.799943     1.1014  29.797648     4.5408     4.5941    -0.0060    91.3276 1.0000e-12  -64.84542  -64.10249 345.376963      99.97 5.9938e+01    758.580      18207  1028.9950  1028.9938    34.5930    34.5913    7.80754         27 0.0000e+00
    273.000    270.147     1.1022  29.799729     1.1013  29.797611     4.5354     4.5960    -0.0027    91.3002 1.0000e-12  -64.84542  -64.10249 345.376974      99.97 5.9938e+01    759.570      18231  1028.9995  1028.9980    34.5925    34.5907    7.80763         22 0.0000e+00
    274.000    271.136     1.1011  29.799203     1.1013  29.798321     4.5409     4.5977    -0.0001    91.3296 1.0000e-12  -64.84542  -64.10250 345.376984      99.97 5.9938e+01    760.439      18252  1029.0042  1029.0031    34.5924    34.5910    7.80784         21 0.0000e+00
    275.000    272.128     1.1015  29.799992     1.1015  29.798902     4.5388     4.5980    -0.0021    91.2929 1.0000e-12  -64.84542  -64.10250 345.376994      99.97 5.9938e+01    761.318      18273  1029.0090  1029.0079    34.5924    34.5910    7.80777         21 0.0000e+00
    276.000    273.114     1.1017  29.800395     1.1015  29.799118     4.5381     4.5965    -0.0076    91.3144 1.0000e-12  -64.84542  -64.10250 345.377006      99.97 6.0626e+01    762.289      18296  1029.0135  1029.0124    34.5922    34.5907    7.80775         26 0.0000e+00
    277.000    274.104     1.1030  29.802208     1.1021  29.800210     4.5346     4.5887    -0.0111    91.3059 1.0000e-12  -64.84542  -64.10250 345.377022      99.97 6.1135e+01    763.674      18329  1029.0183  1029.0172    34.5924    34.5908    7.80746         38 0.0000e+00
    278.000    275.092     1.1050  29.804121     1.1079  29.806007     4.5154     4.5828    -0.0059    91.3065 1.0000e-12  -64.84542  -64.10251 345.377044      99.97 6.1384e+01    765.619      18376  1029.0227  1029.0218    34.5921    34.5913    7.80709         34 0.0000e+00
    279.000    276.081     1.1161  29.816499     1.1143  29.813878     4.5143     4.5737    -0.0058    91.2999 1.0000e-12  -64.84542  -64.10250 345.377065      99.97 6.1708e+01    767.455      18420  1029.0288  1029.0279    34.5952    34.5938    7.80472         39 0.0000e+00
    280.000    277.071     1.1143  29.815613     1.1163  29.816357     4.5073     4.5694    -0.0090    91.3047 1.0000e-12  -64.84542  -64.10250 345.377082      99.97 6.1701e+01    768.872      18454  1029.0340  1029.0328    34.5954    34.5941    7.80505         29 0.0000e+00
    281.000    278.059     1.1187  29.820391     1.1177  29.818686     4.5094     4.5704    -0.0151    91.3208 1.0000e-12  -64.84542  -64.10250 345.377093      99.97 6.1701e+01    769.878      18478  1029.0389  1029.0381    34.5961    34.5950    7.80415         20 0.0000e+00
    282.000    279.048     1.1189  29.821585     1.1178  29.819251     4.5136     4.5777    -0.0014    91.3395 1.0000e-12  -64.84542  -64.10250 345.377102      99.97 6.1701e+01    770.639      18496  1029.0441  1029.0428    34.5968    34.5949    7.80406         17 0.0000e+00
    283.000    280.038     1.1171  29.819907     1.1168  29.818582     4.5127     4.5721    -0.0030    91.3177 1.0000e-12  -64.84542  -64.10250 345.377110      99.97 6.1701e+01    771.341      18513  1029.0485  1029.0474    34.5961    34.5947    7.80446         17 0.0000e+00
    284.000    281.026     1.1207  29.823974     1.1203  29.822646     4.5053     4.5634    -0.0077    91.3179 1.0000e-12  -64.84542  -64.10250 345.377119      99.97 6.1701e+01    772.039      18530  1029.0533  1029.0525    34.5967    34.5955    7.80371         17 0.0000e+00
    285.000    282.015     1.1227  29.826955     1.1196  29.822353     4.5053     4.5685    -0.0141    91.3191 1.0000e-12  -64.84542  -64.10250 345.377128      99.97 6.1701e+01    772.814      18549  1029.0587  1029.0571    34.5977    34.5952    7.80325         21 0.0000e+00
    286.000    283.004     1.1227  29.827176     1.1252  29.827296     4.5052     4.5602    -0.0090    91.3040 1.0000e-12  -64.84542  -64.10252 345.377144      99.97 6.1701e+01    774.282      18584  1029.0632  1029.0609    34.5974    34.5948    7.80327         29 0.0000e+00
    287.000    283.992     1.1429  29.847651     1.1455  29.850402     4.4288     4.5174     0.0058    91.3043 1.0000e-12  -64.84543  -64.10254 345.377180      99.97 6.1701e+01    777.364      18658  1029.0686  1029.0689    34.6007    34.6014    7.79906         34 0.0000e+00
    288.000    284.980     1.1714  29.877971     1.1695  29.873997     4.4337     4.5045    -0.0080    91.3160 1.0000e-12  -64.84543  -64.10253 345.377194      99.97 6.1701e+01    778.572      18687  1029.0761  1029.0739    34.6075    34.6045    7.79303         23 0.0000e+00
    289.000    285.970     1.1753  29.884351     1.1754  29.883455     4.4299     4.5063    -0.0141    91.3136 1.0000e-12  -64.84544  -64.10250 345.377204      99.97 6.1701e+01    779.389      18706  1029.0832  1029.0822    34.6108    34.6095    7.79208         18 0.0000e+00
    290.000    286.960     1.1760  29.885663     1.1761  29.884693     4.4257     4.5049    -0.0118    91.3251 1.0000e-12  -64.84544  -64.10252 345.377212      99.97 6.1701e+01    780.145      18724  1029.0882  1029.0871    34.6111    34.6097    7.79192         18 0.0000e+00
    291.000    287.947     1.1789  29.888770     1.1783  29.887018     4.4238     4.4965    -0.0078    91.3345 1.0000e-12  -64.84544  -64.10252 345.377221      99.97 6.1701e+01    780.926      18743  1029.0929  1029.0917    34.6113    34.6097    7.79133         20 0.0000e+00
    292.000    288.937     1.1813  29.892105     1.1829  29.892496     4.4170     4.4910    -0.0077    91.3308 1.0000e-12  -64.84544  -64.10252 345.377232      99.97 6.1701e+01    781.846      18765  1029.0983  1029.0972    34.6124    34.6111    7.79080         24 0.0000e+00
    293.000    289.926     1.1893  29.900615     1.1881  29.898188     4.4193     4.4906    -0.0077    91.3284 1.0000e-12  -64.84544  -64.10252 345.377244      99.97 6.1701e+01    782.921      18791  1029.1035  1029.1021    34.6138    34.6120    7.78912         27 0.0000e+00
