NBP2113_155081_ctd/data/nbp2113_017.cnv
* Sea-Bird SBE 9 Data File:
* FileName = D:\Data\raw\NBP2113_017.hex
* Software Version Seasave V 7.26.7.121
* Temperature SN = 2438
* Conductivity SN = 2067
* Number of Bytes Per Scan = 40
* Number of Voltage Words = 5
* Number of Scans Averaged by the Deck Unit = 1
* NMEA Latitude = 65 14.32 S
* NMEA Longitude = 069 47.72 W
* NMEA UTC (Time) = Nov 28 2021  09:59:52
* NMEA baud rate = 9600
** Ship: RVIB N.B. Palmer
** Cruise: NBP2113 LTER
** Station: 400.200
** Operator: B. Urmston
# nquan = 25
# nvalues = 5507                        
# units = specified
# name 0 = prDM: Pressure, Digiquartz [db]
# name 1 = depSM: Depth [salt water, m]
# name 2 = t090C: Temperature [ITS-90, deg C]
# name 3 = c0mS/cm: Conductivity [mS/cm]
# name 4 = t190C: Temperature, 2 [ITS-90, deg C]
# name 5 = c1mS/cm: Conductivity, 2 [mS/cm]
# name 6 = sbeox0ML/L: Oxygen, SBE 43 [ml/l]
# name 7 = sbeox1ML/L: Oxygen, SBE 43, 2 [ml/l]
# name 8 = flECO-AFL: Fluorescence, WET Labs ECO-AFL/FL [mg/m^3]
# name 9 = CStarTr0: Beam Transmission, WET Labs C-Star [%]
# name 10 = par: PAR/Irradiance, Biospherical/Licor
# name 11 = latitude: Latitude [deg]
# name 12 = longitude: Longitude [deg]
# name 13 = timeJ: Julian Days
# name 14 = altM: Altimeter [m]
# name 15 = spar: SPAR, Biospherical/Licor
# name 16 = timeS: Time, Elapsed [seconds]
# name 17 = scan: Scan Count
# name 18 = density00: Density [density, kg/m^3]
# name 19 = density11: Density, 2 [density, kg/m^3]
# name 20 = sal00: Salinity, Practical [PSU]
# name 21 = sal11: Salinity, Practical, 2 [PSU]
# name 22 = oxsolML/L: Oxygen Saturation, Garcia & Gordon [ml/l]
# name 23 = nbin: number of scans per bin
# name 24 = flag: flag
# span 0 =      1.000,   2756.000       
# span 1 =      0.992,   2711.176       
# span 2 =    -0.9020,     2.0064       
# span 3 =  27.572589,  30.675109       
# span 4 =    -0.9006,     2.0062       
# span 5 =  27.573360,  30.674174       
# span 6 =     3.8706,     9.4211       
# span 7 =     3.9241,    10.0093       
# span 8 =    -0.0226,     9.2023       
# span 9 =    87.1214,    97.9881       
# span 10 = 1.0000e-12, 1.0000e-12      
# span 11 =  -65.23835,  -65.23662      
# span 12 =  -69.79936,  -69.79608      
# span 13 = 332.420197, 332.506389      
# span 14 =       1.07,     104.15      
# span 15 = 2.6267e+02, 1.2819e+03      
# span 16 =    313.043,   7760.045      
# span 17 =       7514,     186242      
# span 18 =  1027.3210,  1040.5508      
# span 19 =  1027.3201,  1040.5502      
# span 20 =    33.9856,    34.7283      
# span 21 =    33.9839,    34.7276      
# span 22 =    7.62748,    8.25910      
# span 23 =         11,         57      
# span 24 = 0.0000e+00, 0.0000e+00      
# interval = decibars: 1                
# start_time = Nov 28 2021 09:59:52 [NMEA time, header]
# bad_flag = -9.990e-29
*END*
[from data line 986]
    991.000    978.933     1.4066  30.486443     1.4065  30.485685     4.2608     4.3082    -0.0050    97.9569 1.0000e-12  -65.23696  -69.79826 332.437369      99.97 5.0054e+02   1796.664      43121  1032.4312  1032.4305    34.7263    34.7255    7.74013         24 0.0000e+00
    992.000    979.919     1.4053  30.485850     1.4055  30.485254     4.2570     4.2976    -0.0134    97.9613 1.0000e-12  -65.23696  -69.79825 332.437380      99.97 5.0066e+02   1797.613      43144  1032.4360  1032.4353    34.7264    34.7255    7.74037         22 0.0000e+00
    993.000    980.904     1.4048  30.485772     1.4048  30.485037     4.2657     4.2998    -0.0123    97.9586 1.0000e-12  -65.23696  -69.79824 332.437389      99.98 5.0176e+02   1798.448      43164  1032.4407  1032.4399    34.7264    34.7255    7.74048         19 0.0000e+00
    994.000    981.888     1.4044  30.485971     1.4045  30.485272     4.2658     4.3060    -0.0041    97.9442 1.0000e-12  -65.23696  -69.79824 332.437398      99.98 5.0242e+02   1799.227      43182  1032.4454  1032.4446    34.7265    34.7255    7.74055         18 0.0000e+00
    995.000    982.875     1.4045  30.486491     1.4047  30.485814     4.2628     4.3082    -0.0145    97.9371 1.0000e-12  -65.23696  -69.79824 332.437407      99.98 5.0242e+02   1799.972      43200  1032.4500  1032.4491    34.7265    34.7254    7.74053         18 0.0000e+00
    996.000    983.862     1.4042  30.486546     1.4043  30.485869     4.2643     4.3090    -0.0186    97.9384 1.0000e-12  -65.23696  -69.79824 332.437416      99.98 5.0384e+02   1800.706      43218  1032.4545  1032.4538    34.7263    34.7254    7.74060         18 0.0000e+00
    997.000    984.845     1.4038  30.486638     1.4039  30.486027     4.2690     4.3087    -0.0137    97.9578 1.0000e-12  -65.23696  -69.79824 332.437424      99.98 5.0417e+02   1801.469      43236  1032.4592  1032.4585    34.7264    34.7255    7.74068         19 0.0000e+00
    998.000    985.832     1.4027  30.486021     1.4028  30.485397     4.2641     4.3085    -0.0187    97.9501 1.0000e-12  -65.23698  -69.79824 332.437435      99.98 5.0543e+02   1802.343      43257  1032.4639  1032.4632    34.7262    34.7254    7.74090         24 0.0000e+00
    999.000    986.816     1.4032  30.486847     1.4036  30.486557     4.2654     4.3082    -0.0100    97.9385 1.0000e-12  -65.23697  -69.79826 332.437474      99.98 5.0930e+02   1805.755      43339  1032.4683  1032.4676    34.7262    34.7253    7.74081         36 0.0000e+00
   1000.000    987.801     1.4018  30.486037     1.4012  30.484817     4.2680     4.3072    -0.0143    97.9068 1.0000e-12  -65.23696  -69.79826 332.437501      99.98 5.1055e+02   1808.097      43395  1032.4731  1032.4724    34.7261    34.7252    7.74108         20 0.0000e+00
   1001.000    988.787     1.3974  30.482706     1.3976  30.482144     4.2698     4.3047    -0.0091    97.8635 1.0000e-12  -65.23697  -69.79825 332.437510      99.97 5.0949e+02   1808.822      43413  1032.4782  1032.4775    34.7262    34.7253    7.74194         17 0.0000e+00
   1002.000    989.774     1.3960  30.481892     1.3955  30.480909     4.2723     4.3031    -0.0049    97.8919 1.0000e-12  -65.23698  -69.79824 332.437517      99.97 5.1004e+02   1809.482      43429  1032.4831  1032.4825    34.7262    34.7255    7.74223         15 0.0000e+00
   1003.000    990.758     1.3956  30.482010     1.3953  30.481020     4.2733     4.3080    -0.0131    97.9340 1.0000e-12  -65.23698  -69.79824 332.437524      99.98 5.1120e+02   1810.081      43443  1032.4877  1032.4870    34.7262    34.7253    7.74230         14 0.0000e+00
   1004.000    991.744     1.3946  30.481572     1.3947  30.480926     4.2717     4.3118    -0.0133    97.9337 1.0000e-12  -65.23698  -69.79823 332.437531      99.98 5.1124e+02   1810.655      43457  1032.4924  1032.4917    34.7262    34.7253    7.74250         13 0.0000e+00
   1005.000    992.730     1.3946  30.482056     1.3947  30.481474     4.2691     4.3145    -0.0141    97.9356 1.0000e-12  -65.23698  -69.79822 332.437538      99.98 5.1266e+02   1811.267      43471  1032.4971  1032.4964    34.7263    34.7254    7.74249         16 0.0000e+00
   1006.000    993.716     1.3926  30.480552     1.3925  30.479778     4.2693     4.3161    -0.0140    97.9368 1.0000e-12  -65.23698  -69.79824 332.437546      99.97 5.1411e+02   1812.008      43489  1032.5017  1032.5011    34.7260    34.7251    7.74290         21 0.0000e+00
   1007.000    994.700     1.3877  30.477063     1.3876  30.476055     4.2704     4.3172    -0.0155    97.9420 1.0000e-12  -65.23698  -69.79824 332.437565      99.98 5.1565e+02   1813.581      43527  1032.5072  1032.5064    34.7264    34.7253    7.74384         32 0.0000e+00
   1008.000    995.686     1.3864  30.475964     1.3852  30.474229     4.2770     4.3201    -0.0172    97.9453 1.0000e-12  -65.23698  -69.79824 332.437597      99.98 5.1935e+02   1816.383      43594  1032.5115  1032.5109    34.7259    34.7250    7.74412         35 0.0000e+00
   1009.000    996.670     1.3844  30.474532     1.3842  30.473895     4.2765     4.3215    -0.0214    97.9558 1.0000e-12  -65.23698  -69.79826 332.437611      99.98 5.2152e+02   1817.605      43624  1032.5163  1032.5157    34.7258    34.7251    7.74453         27 0.0000e+00
   1010.000    997.657     1.3845  30.475220     1.3844  30.474481     4.2739     4.3212    -0.0112    97.9489 1.0000e-12  -65.23697  -69.79826 332.437624      99.98 5.2316e+02   1818.672      43649  1032.5210  1032.5203    34.7260    34.7252    7.74450         25 0.0000e+00
   1011.000    998.641     1.3836  30.474802     1.3835  30.474160     4.2750     4.3213    -0.0096    97.9517 1.0000e-12  -65.23696  -69.79825 332.437636      99.98 5.2370e+02   1819.734      43675  1032.5256  1032.5250    34.7259    34.7251    7.74468         27 0.0000e+00
   1012.000    999.628     1.3830  30.474846     1.3831  30.474326     4.2832     4.3207    -0.0142    97.9582 1.0000e-12  -65.23697  -69.79824 332.437649      99.98 5.2536e+02   1820.847      43701  1032.5304  1032.5298    34.7260    34.7253    7.74478         25 0.0000e+00
   1013.000   1000.611     1.3824  30.474835     1.3824  30.474175     4.2812     4.3172    -0.0085    97.9614 1.0000e-12  -65.23698  -69.79824 332.437660      99.98 5.2638e+02   1821.826      43725  1032.5351  1032.5345    34.7261    34.7253    7.74489         21 0.0000e+00
   1014.000   1001.598     1.3807  30.473672     1.3808  30.473057     4.2759     4.3140    -0.0060    97.9613 1.0000e-12  -65.23698  -69.79823 332.437669      99.97 5.2811e+02   1822.621      43744  1032.5399  1032.5392    34.7260    34.7251    7.74525         18 0.0000e+00
   1015.000   1002.584     1.3789  30.472573     1.3790  30.472019     4.2704     4.3180    -0.0137    97.9613 1.0000e-12  -65.23698  -69.79822 332.437677      99.98 5.2959e+02   1823.334      43761  1032.5447  1032.5440    34.7260    34.7252    7.74560         17 0.0000e+00
   1016.000   1003.568     1.3780  30.472264     1.3780  30.471485     4.2721     4.3247    -0.0169    97.9613 1.0000e-12  -65.23700  -69.79822 332.437686      99.98 5.3161e+02   1824.068      43779  1032.5495  1032.5487    34.7260    34.7251    7.74576         19 0.0000e+00
   1017.000   1004.556     1.3774  30.472127     1.3777  30.471613     4.2708     4.3265    -0.0096    97.9613 1.0000e-12  -65.23700  -69.79822 332.437697      99.98 5.3466e+02   1824.988      43801  1032.5541  1032.5533    34.7260    34.7251    7.74589         28 0.0000e+00
   1018.000   1005.538     1.3781  30.472948     1.3779  30.472135     4.2871     4.3240    -0.0124    97.9613 1.0000e-12  -65.23698  -69.79824 332.437733      99.98 5.4481e+02   1828.140      43876  1032.5584  1032.5577    34.7258    34.7249    7.74577         28 0.0000e+00
   1019.000   1006.525     1.3759  30.471587     1.3758  30.470887     4.2820     4.3261    -0.0136    97.9613 1.0000e-12  -65.23698  -69.79824 332.437751      99.98 5.5037e+02   1829.711      43914  1032.5633  1032.5627    34.7259    34.7251    7.74619         26 0.0000e+00
   1020.000   1007.510     1.3750  30.471241     1.3749  30.470521     4.2817     4.3216    -0.0073    97.9613 1.0000e-12  -65.23698  -69.79824 332.437763      99.98 5.5406e+02   1830.697      43938  1032.5681  1032.5674    34.7259    34.7251    7.74637         22 0.0000e+00
   1021.000   1008.496     1.3742  30.471092     1.3743  30.470461     4.2798     4.3233    -0.0045    97.9613 1.0000e-12  -65.23698  -69.79824 332.437773      99.98 5.5785e+02   1831.629      43960  1032.5728  1032.5721    34.7260    34.7251    7.74651         23 0.0000e+00
   1022.000   1009.480     1.3738  30.470993     1.3737  30.470389     4.2715     4.3196    -0.0076    97.9613 1.0000e-12  -65.23699  -69.79824 332.437785      99.98 5.6179e+02   1832.607      43984  1032.5774  1032.5768    34.7258    34.7251    7.74662         25 0.0000e+00
   1023.000   1010.467     1.3726  30.470618     1.3726  30.469785     4.2785     4.3221    -0.0158    97.9613 1.0000e-12  -65.23700  -69.79823 332.437797      99.98 5.6540e+02   1833.640      44008  1032.5823  1032.5815    34.7260    34.7251    7.74683         23 0.0000e+00
   1024.000   1011.452     1.3724  30.470726     1.3725  30.470158     4.2822     4.3249    -0.0186    97.9613 1.0000e-12  -65.23700  -69.79822 332.437807      99.98 5.6855e+02   1834.560      44030  1032.5868  1032.5861    34.7259    34.7251    7.74688         21 0.0000e+00
   1025.000   1012.436     1.3717  30.470631     1.3714  30.469552     4.2759     4.3261     0.0032    97.9613 1.0000e-12  -65.23700  -69.79822 332.437817      99.97 5.7166e+02   1835.354      44049  1032.5915  1032.5908    34.7260    34.7250    7.74701         18 0.0000e+00
   1026.000   1013.420     1.3702  30.469784     1.3704  30.469124     4.2784     4.3270     0.0131    97.9613 1.0000e-12  -65.23700  -69.79822 332.437825      99.98 5.7314e+02   1836.109      44068  1032.5963  1032.5955    34.7260    34.7249    7.74730         18 0.0000e+00
   1027.000   1014.409     1.3702  30.470247     1.3704  30.469483     4.2795     4.3253     0.0125    97.9613 1.0000e-12  -65.23700  -69.79822 332.437835      99.97 5.7510e+02   1836.909      44087  1032.6010  1032.6000    34.7260    34.7249    7.74730         21 0.0000e+00
   1028.000   1015.393     1.3704  30.470685     1.3704  30.469926     4.2816     4.3278    -0.0063    97.9613 1.0000e-12  -65.23700  -69.79823 332.437847      99.97 5.7844e+02   1838.012      44113  1032.6054  1032.6047    34.7259    34.7249    7.74728         36 0.0000e+00
   1029.000   1016.378     1.3709  30.471602     1.3709  30.470903     4.2808     4.3259    -0.0152    97.9613 1.0000e-12  -65.23700  -69.79824 332.437872      99.98 5.8738e+02   1840.114      44164  1032.6100  1032.6093    34.7259    34.7250    7.74717         39 0.0000e+00
   1030.000   1017.364     1.3709  30.471877     1.3707  30.471158     4.2837     4.3261    -0.0131    97.9572 1.0000e-12  -65.23700  -69.79824 332.437893      99.98 5.9054e+02   1841.947      44208  1032.6144  1032.6139    34.7257    34.7251    7.74718         31 0.0000e+00
   1031.000   1018.348     1.3701  30.471537     1.3699  30.470837     4.2855     4.3263    -0.0113    97.9588 1.0000e-12  -65.23700  -69.79824 332.437909      99.98 5.8919e+02   1843.334      44241  1032.6191  1032.6186    34.7256    34.7250    7.74735         30 0.0000e+00
   1032.000   1019.335     1.3695  30.471573     1.3693  30.470856     4.2885     4.3166    -0.0063    97.9546 1.0000e-12  -65.23700  -69.79823 332.437923      99.98 5.9079e+02   1844.523      44270  1032.6239  1032.6234    34.7258    34.7250    7.74746         27 0.0000e+00
   1033.000   1020.319     1.3689  30.471606     1.3689  30.470925     4.2792     4.3208    -0.0121    97.9392 1.0000e-12  -65.23700  -69.79822 332.437935      99.98 5.9377e+02   1845.581      44295  1032.6287  1032.6280    34.7259    34.7251    7.74756         24 0.0000e+00
   1034.000   1021.305     1.3686  30.471814     1.3687  30.471219     4.2794     4.3240    -0.0045    97.9614 1.0000e-12  -65.23700  -69.79822 332.437946      99.98 5.9443e+02   1846.504      44317  1032.6334  1032.6327    34.7259    34.7251    7.74762         21 0.0000e+00
   1035.000   1022.288     1.3685  30.472134     1.3685  30.471517     4.2888     4.3266    -0.0129    97.9613 1.0000e-12  -65.23700  -69.79822 332.437956      99.97 5.9559e+02   1847.361      44338  1032.6380  1032.6374    34.7259    34.7252    7.74764         20 0.0000e+00
   1036.000   1023.275     1.3680  30.472160     1.3681  30.471443     4.2851     4.3252    -0.0127    97.9613 1.0000e-12  -65.23700  -69.79822 332.437965      99.98 5.9451e+02   1848.215      44358  1032.6427  1032.6419    34.7260    34.7249    7.74774         22 0.0000e+00
   1037.000   1024.261     1.3674  30.472101     1.3676  30.471479     4.2861     4.3298    -0.0132    97.9613 1.0000e-12  -65.23700  -69.79822 332.437976      99.97 5.9417e+02   1849.163      44381  1032.6474  1032.6466    34.7260    34.7250    7.74786         24 0.0000e+00
   1038.000   1025.245     1.3673  30.472361     1.3673  30.471714     4.2852     4.3319    -0.0038    97.9613 1.0000e-12  -65.23700  -69.79824 332.437989      99.98 5.9560e+02   1850.268      44407  1032.6519  1032.6513    34.7259    34.7251    7.74788         28 0.0000e+00
   1039.000   1026.232     1.3666  30.472235     1.3666  30.471505     4.2891     4.3308    -0.0055    97.9613 1.0000e-12  -65.23700  -69.79824 332.438003      99.98 5.9444e+02   1851.474      44436  1032.6567  1032.6560    34.7260    34.7251    7.74802         29 0.0000e+00
   1040.000   1027.216     1.3648  30.471160     1.3650  30.470627     4.2902     4.3349    -0.0072    97.9613 1.0000e-12  -65.23700  -69.79824 332.438017      99.98 5.9067e+02   1852.655      44465  1032.6615  1032.6608    34.7260    34.7251    7.74836         28 0.0000e+00
   1041.000   1028.201     1.3634  30.470263     1.3633  30.469516     4.2958     4.3342    -0.0044    97.9517 1.0000e-12  -65.23700  -69.79824 332.438031      99.98 5.8867e+02   1853.901      44495  1032.6662  1032.6656    34.7259    34.7251    7.74865         33 0.0000e+00
   1042.000   1029.187     1.3630  30.470464     1.3631  30.469786     4.2915     4.3306    -0.0139    97.9533 1.0000e-12  -65.23700  -69.79824 332.438050      99.98 5.8699e+02   1855.513      44533  1032.6710  1032.6702    34.7260    34.7251    7.74872         45 0.0000e+00
   1043.000   1030.172     1.3631  30.470962     1.3631  30.470272     4.2919     4.3319    -0.0050    97.9587 1.0000e-12  -65.23700  -69.79822 332.438071      99.98 5.8425e+02   1857.322      44577  1032.6755  1032.6749    34.7260    34.7251    7.74870         36 0.0000e+00
   1044.000   1031.156     1.3617  30.470218     1.3619  30.469672     4.2889     4.3326    -0.0143    97.9614 1.0000e-12  -65.23700  -69.79822 332.438084      99.97 5.8240e+02   1858.479      44605  1032.6803  1032.6796    34.7260    34.7251    7.74897         22 0.0000e+00
   1045.000   1032.143     1.3606  30.469723     1.3607  30.468993     4.2812     4.3335    -0.0058    97.9613 1.0000e-12  -65.23700  -69.79822 332.438094      99.98 5.8172e+02   1859.301      44624  1032.6852  1032.6844    34.7261    34.7251    7.74919         18 0.0000e+00
   1046.000   1033.128     1.3594  30.469075     1.3595  30.468357     4.2816     4.3348    -0.0086    97.9613 1.0000e-12  -65.23700  -69.79822 332.438102      99.98 5.8175e+02   1860.017      44641  1032.6899  1032.6891    34.7260    34.7251    7.74943         17 0.0000e+00
   1047.000   1034.115     1.3586  30.468679     1.3586  30.467903     4.2869     4.3351    -0.0146    97.9613 1.0000e-12  -65.23700  -69.79822 332.438110      99.98 5.8240e+02   1860.747      44659  1032.6945  1032.6937    34.7259    34.7249    7.74960         19 0.0000e+00
