NBP2113_155081_ctd/data/nbp2113_060.cnv
* Sea-Bird SBE 9 Data File:
* FileName = D:\Data\raw\NBP2113_060.hex
* Software Version Seasave V 7.26.7.121
* Temperature SN = 2438
* Conductivity SN = 2067
* Number of Bytes Per Scan = 40
* Number of Voltage Words = 5
* Number of Scans Averaged by the Deck Unit = 1
* NMEA Latitude = 64 45.87 S
* NMEA Longitude = 063 07.32 W
* NMEA UTC (Time) = Dec 13 2021  22:33:21
* NMEA baud rate = 9600
** Ship: RVIB N.B. Palmer
** Cruise: NBP2113 LTER
** Station: 654.006
** Operator: S. Blackman
# nquan = 25
# nvalues = 550                         
# units = specified
# name 0 = prDM: Pressure, Digiquartz [db]
# name 1 = depSM: Depth [salt water, m]
# name 2 = t090C: Temperature [ITS-90, deg C]
# name 3 = c0mS/cm: Conductivity [mS/cm]
# name 4 = t190C: Temperature, 2 [ITS-90, deg C]
# name 5 = c1mS/cm: Conductivity, 2 [mS/cm]
# name 6 = sbeox0ML/L: Oxygen, SBE 43 [ml/l]
# name 7 = sbeox1ML/L: Oxygen, SBE 43, 2 [ml/l]
# name 8 = flECO-AFL: Fluorescence, WET Labs ECO-AFL/FL [mg/m^3]
# name 9 = CStarTr0: Beam Transmission, WET Labs C-Star [%]
# name 10 = par: PAR/Irradiance, Biospherical/Licor
# name 11 = latitude: Latitude [deg]
# name 12 = longitude: Longitude [deg]
# name 13 = timeJ: Julian Days
# name 14 = altM: Altimeter [m]
# name 15 = spar: SPAR, Biospherical/Licor
# name 16 = timeS: Time, Elapsed [seconds]
# name 17 = scan: Scan Count
# name 18 = density00: Density [density, kg/m^3]
# name 19 = density11: Density, 2 [density, kg/m^3]
# name 20 = sal00: Salinity, Practical [PSU]
# name 21 = sal11: Salinity, Practical, 2 [PSU]
# name 22 = oxsolML/L: Oxygen Saturation, Garcia & Gordon [ml/l]
# name 23 = nbin: number of scans per bin
# name 24 = flag: flag
# span 0 =      1.000,    277.000       
# span 1 =      0.990,    274.113       
# span 2 =    -0.3668,     0.8052       
# span 3 =  27.892186,  29.440041       
# span 4 =    -0.3669,     0.8045       
# span 5 =  27.890806,  29.438590       
# span 6 =     4.9771,     7.5995       
# span 7 =     5.0464,     7.5318       
# span 8 =    -0.0146,     1.4490       
# span 9 =    85.1715,    90.7313       
# span 10 = -1.643e-06, 5.0267e+02      
# span 11 =  -64.76436,  -64.76402      
# span 12 =  -63.12230,  -63.12212      
# span 13 = 347.942980, 347.955266      
# span 14 =       8.60,     100.60      
# span 15 = 4.7768e+02, 1.8483e+03      
# span 16 =    272.496,   1333.992      
# span 17 =       6541,      32017      
# span 18 =  1027.1617,  1029.0461      
# span 19 =  1027.1604,  1029.0431      
# span 20 =    33.8067,    34.5180      
# span 21 =    33.8063,    34.5176      
# span 22 =    7.87213,    8.14227      
# span 23 =          3,         47      
# span 24 = 0.0000e+00, 0.0000e+00      
# interval = decibars: 1                
# start_time = Dec 13 2021 22:33:21 [NMEA time, header]
# bad_flag = -9.990e-29
*END*
[from data line 290]
    260.000    257.294     0.0067  28.784786     0.0046  28.781329     5.5225     5.6301     0.0019    89.4919 1.0000e-12  -64.76428  -63.12218 347.948702      25.60 1.7805e+03    766.818      18405  1028.9335  1028.9319    34.4996    34.4974    8.03686         28 0.0000e+00
    259.000    256.305     0.0108  28.787276     0.0095  28.784831     5.5268     5.6233     0.0171    89.5603 1.0000e-12  -64.76428  -63.12218 347.948715      26.51 1.7805e+03    767.976      18432  1028.9285  1028.9272    34.4989    34.4971    8.03604         28 0.0000e+00
    258.000    255.316     0.0153  28.790342     0.0201  28.793245     5.5284     5.6191     0.0273    89.5564 1.0000e-12  -64.76428  -63.12218 347.948728      27.61 1.7805e+03    769.128      18460  1028.9236  1028.9220    34.4985    34.4969    8.03511         27 0.0000e+00
    257.000    254.327     0.0253  28.798543     0.0247  28.797045     5.5201     5.6197     0.0151    89.5145 1.0000e-12  -64.76428  -63.12218 347.948742      28.60 1.7805e+03    770.275      18488  1028.9187  1028.9177    34.4987    34.4974    8.03300         27 0.0000e+00
    256.000    253.338     0.0350  28.805711     0.0367  28.806044     5.5189     5.6147     0.0187    89.5301 1.0000e-12  -64.76428  -63.12218 347.948755      29.71 1.7805e+03    771.431      18515  1028.9130  1028.9118    34.4979    34.4964    8.03103         28 0.0000e+00
    255.000    252.349     0.0445  28.813789     0.0423  28.810676     5.5187     5.6065     0.0203    89.4908 1.0000e-12  -64.76428  -63.12218 347.948768      30.53 1.7805e+03    772.598      18543  1028.9084  1028.9073    34.4985    34.4968    8.02900         28 0.0000e+00
    254.000    251.359     0.0443  28.812695     0.0453  28.812379     5.5219     5.6035     0.0208    89.5282 1.0000e-12  -64.76428  -63.12218 347.948782      31.58 1.7813e+03    773.767      18571  1028.9037  1028.9023    34.4979    34.4964    8.02908         28 0.0000e+00
    253.000    250.371     0.0479  28.815421     0.0466  28.812992     5.5205     5.6006     0.0263    89.5190 1.0000e-12  -64.76428  -63.12218 347.948796      32.53 1.7833e+03    774.947      18600  1028.8990  1028.8978    34.4980    34.4963    8.02831         28 0.0000e+00
    252.000    249.382     0.0552  28.820587     0.0511  28.816568     5.4996     5.5867     0.0181    89.5050 1.0000e-12  -64.76428  -63.12218 347.948810      33.57 1.7851e+03    776.158      18629  1028.8934  1028.8931    34.4973    34.4965    8.02684         30 0.0000e+00
    251.000    248.392     0.0699  28.832739     0.0670  28.828547     5.4870     5.5779     0.0129    89.5278 1.0000e-12  -64.76428  -63.12218 347.948823      34.51 1.7872e+03    777.331      18657  1028.8878  1028.8862    34.4974    34.4951    8.02375         27 0.0000e+00
    250.000    247.404     0.0838  28.844423     0.0844  28.843552     5.4797     5.5775     0.0159    89.5706 1.0000e-12  -64.76428  -63.12218 347.948836      35.77 1.7893e+03    778.456      18684  1028.8824  1028.8809    34.4978    34.4960    8.02081         27 0.0000e+00
    249.000    246.415     0.0937  28.852016     0.0919  28.849478     5.4743     5.5727     0.0246    89.5831 1.0000e-12  -64.76428  -63.12218 347.948849      36.68 1.7920e+03    779.582      18711  1028.8768  1028.8758    34.4973    34.4960    8.01877         27 0.0000e+00
    248.000    245.425     0.0978  28.855326     0.0963  28.852882     5.4798     5.5710     0.0213    89.6283 1.0000e-12  -64.76428  -63.12218 347.948862      37.42 1.7934e+03    780.716      18738  1028.8723  1028.8711    34.4977    34.4961    8.01791         27 0.0000e+00
    247.000    244.437     0.0990  28.855948     0.0987  28.854600     5.4648     5.5594     0.0166    89.6619 1.0000e-12  -64.76428  -63.12218 347.948876      38.63 1.7953e+03    781.862      18766  1028.8677  1028.8666    34.4977    34.4963    8.01764         28 0.0000e+00
    246.000    243.447     0.1074  28.861838     0.1104  28.863420     5.4414     5.5432     0.0161    89.6292 1.0000e-12  -64.76428  -63.12218 347.948889      39.56 1.7962e+03    783.029      18794  1028.8617  1028.8604    34.4967    34.4955    8.01595         28 0.0000e+00
    245.000    242.458     0.1226  28.874106     0.1260  28.875651     5.4457     5.5292     0.0133    89.6869 1.0000e-12  -64.76428  -63.12218 347.948903      40.71 1.7964e+03    784.210      18822  1028.8556  1028.8539    34.4964    34.4946    8.01279         29 0.0000e+00
    244.000    241.470     0.1438  28.891849     0.1422  28.888894     5.4357     5.5208     0.0061    89.7645 1.0000e-12  -64.76428  -63.12218 347.948916      41.67 1.7985e+03    785.367      18850  1028.8494  1028.8479    34.4966    34.4946    8.00836         25 0.0000e+00
    243.000    240.480     0.1506  28.896563     0.1568  28.900105     5.3887     5.4889     0.0160    89.8075 1.0000e-12  -64.76428  -63.12218 347.948929      42.52 1.7999e+03    786.507      18877  1028.8438  1028.8415    34.4958    34.4936    8.00699         27 0.0000e+00
    242.000    239.491     0.2025  28.938813     0.2021  28.937810     5.3202     5.4483     0.0204    89.8138 1.0000e-12  -64.76428  -63.12218 347.948943      43.56 1.8005e+03    787.642      18904  1028.8332  1028.8326    34.4939    34.4930    7.99630         27 0.0000e+00
    241.000    238.503     0.2570  28.985012     0.2505  28.979045     5.2954     5.4242     0.0330    89.8963 1.0000e-12  -64.76428  -63.12218 347.948956      44.71 1.8017e+03    788.796      18932  1028.8242  1028.8243    34.4941    34.4936    7.98497         27 0.0000e+00
    240.000    237.513     0.3164  29.037750     0.3162  29.036859     5.2808     5.4036     0.0294    89.9447 1.0000e-12  -64.76428  -63.12218 347.948969      45.64 1.8017e+03    789.955      18960  1028.8177  1028.8169    34.4975    34.4965    7.97248         28 0.0000e+00
    239.000    236.524     0.3124  29.034235     0.3177  29.036446     5.2758     5.3920     0.0289    89.9758 1.0000e-12  -64.76428  -63.12218 347.948983      46.66 1.8018e+03    791.115      18988  1028.8142  1028.8115    34.4979    34.4949    7.97327         27 0.0000e+00
    238.000    235.535     0.3433  29.059160     0.3483  29.062984     5.2680     5.3825     0.0284    90.0424 1.0000e-12  -64.76428  -63.12218 347.948996      47.78 1.8048e+03    792.271      19016  1028.8065  1028.8055    34.4967    34.4961    7.96696         28 0.0000e+00
    237.000    234.545     0.3548  29.069213     0.3587  29.071786     5.2586     5.3672     0.0219    90.0368 1.0000e-12  -64.76428  -63.12216 347.949010      48.83 1.8045e+03    793.439      19044  1028.8020  1028.8008    34.4976    34.4966    7.96454         28 0.0000e+00
    236.000    233.558     0.3687  29.081413     0.3701  29.080345     5.2683     5.3700     0.0317    90.0455 1.0000e-12  -64.76428  -63.12216 347.949024      49.70 1.8043e+03    794.631      19072  1028.7974  1028.7951    34.4986    34.4957    7.96160         29 0.0000e+00
    235.000    232.567     0.3744  29.085574     0.3730  29.083436     5.2701     5.3665     0.0394    90.0580 1.0000e-12  -64.76428  -63.12216 347.949037      50.91 1.8052e+03    795.812      19100  1028.7925  1028.7918    34.4983    34.4971    7.96045         28 0.0000e+00
    234.000    231.580     0.3748  29.085238     0.3753  29.084676     5.2377     5.3407     0.0289    90.0486 1.0000e-12  -64.76428  -63.12216 347.949050      51.81 1.8052e+03    796.954      19128  1028.7880  1028.7869    34.4980    34.4967    7.96038         27 0.0000e+00
    233.000    230.589     0.4009  29.105392     0.4003  29.103868     5.1995     5.3084     0.0264    90.0774 1.0000e-12  -64.76426  -63.12216 347.949064      52.80 1.8052e+03    798.092      19155  1028.7796  1028.7784    34.4959    34.4945    7.95513         27 0.0000e+00
    232.000    229.600     0.4493  29.147132     0.4555  29.150592     5.1718     5.2766     0.0239    90.1041 1.0000e-12  -64.76426  -63.12216 347.949077      53.84 1.8052e+03    799.232      19183  1028.7718  1028.7695    34.4969    34.4946    7.94510         28 0.0000e+00
    231.000    228.612     0.4840  29.177762     0.5015  29.190539     5.1435     5.2542     0.0289    90.1417 1.0000e-12  -64.76426  -63.12216 347.949090      54.80 1.8041e+03    800.366      19210  1028.7661  1028.7622    34.4989    34.4960    7.93787         27 0.0000e+00
    230.000    227.622     0.5159  29.204452     0.5359  29.220514     5.1211     5.2405     0.0289    90.1776 1.0000e-12  -64.76426  -63.12216 347.949103      55.89 1.8052e+03    801.523      19238  1028.7589  1028.7561    34.4987    34.4974    7.93133         28 0.0000e+00
    229.000    226.634     0.5377  29.222779     0.5563  29.238062     5.1136     5.2259     0.0289    90.2226 1.0000e-12  -64.76426  -63.12216 347.949117      56.98 1.8064e+03    802.718      19266  1028.7530  1028.7509    34.4989    34.4981    7.92686         29 0.0000e+00
    228.000    225.643     0.5605  29.242768     0.5701  29.250078     5.1106     5.2158     0.0289    90.2346 1.0000e-12  -64.76426  -63.12216 347.949131      58.06 1.8052e+03    803.880      19294  1028.7479  1028.7461    34.5001    34.4989    7.92212         27 0.0000e+00
    227.000    224.657     0.5720  29.252051     0.5805  29.258750     5.1077     5.2085     0.0239    90.2753 1.0000e-12  -64.76426  -63.12216 347.949144      58.82 1.8052e+03    805.020      19321  1028.7425  1028.7413    34.5000    34.4992    7.91978         27 0.0000e+00
    226.000    223.664     0.5835  29.262313     0.5894  29.265398     5.0986     5.2027     0.0266    90.3087 1.0000e-12  -64.76426  -63.12216 347.949157      59.99 1.8052e+03    806.166      19349  1028.7382  1028.7359    34.5012    34.4986    7.91736         28 0.0000e+00
    225.000    222.677     0.5968  29.272955     0.5948  29.270215     5.0946     5.1962     0.0289    90.3048 1.0000e-12  -64.76426  -63.12216 347.949170      60.99 1.8040e+03    807.325      19377  1028.7325  1028.7318    34.5008    34.4994    7.91467         29 0.0000e+00
    224.000    221.688     0.6059  29.280746     0.6086  29.281716     5.0946     5.1961     0.0348    90.3318 1.0000e-12  -64.76426  -63.12216 347.949184      62.17 1.8034e+03    808.499      19405  1028.7280  1028.7265    34.5014    34.4996    7.91278         27 0.0000e+00
    223.000    220.698     0.6123  29.285795     0.6132  29.285338     5.0952     5.1883     0.0362    90.3305 1.0000e-12  -64.76426  -63.12216 347.949198      63.12 1.8038e+03    809.678      19433  1028.7231  1028.7219    34.5014    34.4998    7.91146         29 0.0000e+00
    222.000    219.709     0.6180  29.290331     0.6183  29.289257     5.0932     5.1780     0.0292    90.3355 1.0000e-12  -64.76426  -63.12216 347.949211      63.76 1.8030e+03    810.823      19461  1028.7184  1028.7172    34.5015    34.4999    7.91029         27 0.0000e+00
    221.000    218.720     0.6256  29.296336     0.6305  29.299240     5.0768     5.1767     0.0289    90.3786 1.0000e-12  -64.76426  -63.12216 347.949224      65.28 1.8017e+03    811.961      19488  1028.7133  1028.7116    34.5016    34.4999    7.90875         27 0.0000e+00
    220.000    217.732     0.6272  29.297266     0.6355  29.303424     5.0794     5.1753     0.0289    90.3908 1.0000e-12  -64.76426  -63.12216 347.949237      65.98 1.8017e+03    813.118      19516  1028.7088  1028.7072    34.5015    34.5003    7.90842         29 0.0000e+00
    219.000    216.742     0.6378  29.306085     0.6366  29.304062     5.0867     5.1750     0.0289    90.3909 1.0000e-12  -64.76426  -63.12216 347.949251      67.28 1.8017e+03    814.264      19543  1028.7036  1028.7028    34.5018    34.5005    7.90624         27 0.0000e+00
    218.000    215.752     0.6347  29.302953     0.6350  29.301710     5.0806     5.1708     0.0300    90.3909 1.0000e-12  -64.76426  -63.12216 347.949264      68.10 1.8017e+03    815.408      19571  1028.6994  1028.6979    34.5018    34.4998    7.90688         27 0.0000e+00
    217.000    214.764     0.6402  29.307063     0.6457  29.310445     5.0852     5.1623     0.0364    90.4038 1.0000e-12  -64.76426  -63.12216 347.949278      69.50 1.8017e+03    816.582      19599  1028.6942  1028.6924    34.5015    34.4998    7.90576         29 0.0000e+00
    216.000    213.774     0.6485  29.313914     0.6509  29.314824     5.0798     5.1660     0.0362    90.3801 1.0000e-12  -64.76426  -63.12216 347.949291      70.37 1.8014e+03    817.762      19627  1028.6892  1028.6878    34.5018    34.5003    7.90406         28 0.0000e+00
    215.000    212.786     0.6501  29.314855     0.6572  29.319770     5.0724     5.1700     0.0362    90.4151 1.0000e-12  -64.76426  -63.12216 347.949305      71.35 1.8005e+03    818.988      19657  1028.6846  1028.6828    34.5018    34.5003    7.90373         29 0.0000e+00
    214.000    211.796     0.6581  29.321418     0.6416  29.305431     5.0785     5.1579     0.0385    90.3825 1.0000e-12  -64.76426  -63.12216 347.949321      72.17 1.8005e+03    820.360      19690  1028.6795  1028.6792    34.5021    34.4996    7.90209         34 0.0000e+00
    213.000    210.806     0.6580  29.320194     0.6622  29.322996     5.0854     5.1482     0.0627    90.3720 1.0000e-12  -64.76424  -63.12216 347.949338      73.45 1.8007e+03    821.817      19725  1028.6743  1028.6731    34.5012    34.5002    7.90216         34 0.0000e+00
    212.000    209.816     0.6512  29.315833     0.6736  29.332901     5.0512     5.1431     0.0378    90.4486 1.0000e-12  -64.76424  -63.12216 347.949356      74.24 1.8023e+03    823.319      19761  1028.6725  1028.6682    34.5037    34.5010    7.90341         35 0.0000e+00
    211.000    208.829     0.6848  29.343478     0.6810  29.339590     5.0433     5.1334     0.0346    90.4260 1.0000e-12  -64.76424  -63.12216 347.949374      75.27 1.8034e+03    824.909      19799  1028.6640  1028.6638    34.5028    34.5021    7.89661         32 0.0000e+00
    210.000    207.839     0.6893  29.347435     0.6918  29.348452     5.0399     5.1341     0.0461    90.4712 1.0000e-12  -64.76424  -63.12216 347.949392      76.54 1.8015e+03    826.487      19837  1028.6597  1028.6584    34.5035    34.5021    7.89565         36 0.0000e+00
    209.000    206.850     0.6889  29.346260     0.6862  29.343642     5.0507     5.1311     0.0418    90.4770 1.0000e-12  -64.76424  -63.12216 347.949411      77.34 1.7999e+03    828.072      19875  1028.6549  1028.6550    34.5031    34.5027    7.89577         38 0.0000e+00
    208.000    205.860     0.6909  29.348015     0.6944  29.349296     5.0730     5.1365     0.0413    90.5146 1.0000e-12  -64.76424  -63.12216 347.949429      78.23 1.7999e+03    829.683      19913  1028.6507  1028.6485    34.5037    34.5015    7.89532         39 0.0000e+00
    207.000    204.871     0.6764  29.332730     0.6824  29.337484     5.0456     5.1383     0.0334    90.4990 1.0000e-12  -64.76424  -63.12216 347.949451      79.26 1.7999e+03    831.559      19958  1028.6450  1028.6441    34.5005    34.5000    7.89844         41 0.0000e+00
    206.000    203.882     0.6998  29.354230     0.6722  29.329008     5.0361     5.1413     0.0387    90.5031 1.0000e-12  -64.76422  -63.12216 347.949474      80.33 1.7999e+03    833.571      20007  1028.6402  1028.6411    34.5030    34.5010    7.89355         42 0.0000e+00
    205.000    202.893     0.7038  29.356896     0.6784  29.333887     5.0316     5.1395     0.0321    90.4982 1.0000e-12  -64.76422  -63.12216 347.949497      81.63 1.8010e+03    835.561      20054  1028.6349  1028.6358    34.5026    34.5010    7.89275         41 0.0000e+00
    204.000    201.904     0.7100  29.362807     0.6871  29.340758     5.0421     5.1258     0.0397    90.5134 1.0000e-12  -64.76422  -63.12216 347.949520      82.49 1.8027e+03    837.574      20103  1028.6309  1028.6302    34.5041    34.5009    7.89143         42 0.0000e+00
