NBP2113_155081_ctd/data/nbp2113_061.ros
* Sea-Bird SBE 9 Data File:
* FileName = D:\Data\raw\NBP2113_061.hex
* Software Version Seasave V 7.26.7.121
* Temperature SN = 2438
* Conductivity SN = 2067
* Number of Bytes Per Scan = 40
* Number of Voltage Words = 5
* Number of Scans Averaged by the Deck Unit = 1
* NMEA Latitude = 64 46.21 S
* NMEA Longitude = 063 05.90 W
* NMEA UTC (Time) = Dec 13 2021  23:26:08
* NMEA baud rate = 9600
** Ship: RVIB N.B. Palmer
** Cruise: NBP2113 LTER
** Station: 654.005
** Operator: S. Blackman
# nquan = 20
# nvalues = 1173                                  
# units = specified
# name 0 = prDM: Pressure, Digiquartz [db]
# name 1 = depSM: Depth [salt water, m]
# name 2 = t090C: Temperature [ITS-90, deg C]
# name 3 = c0mS/cm: Conductivity [mS/cm]
# name 4 = t190C: Temperature, 2 [ITS-90, deg C]
# name 5 = c1mS/cm: Conductivity, 2 [mS/cm]
# name 6 = sbeox0ML/L: Oxygen, SBE 43 [ml/l]
# name 7 = sbeox1ML/L: Oxygen, SBE 43, 2 [ml/l]
# name 8 = flECO-AFL: Fluorescence, WET Labs ECO-AFL/FL [mg/m^3]
# name 9 = CStarTr0: Beam Transmission, WET Labs C-Star [%]
# name 10 = par: PAR/Irradiance, Biospherical/Licor
# name 11 = latitude: Latitude [deg]
# name 12 = longitude: Longitude [deg]
# name 13 = timeJ: Julian Days
# name 14 = altM: Altimeter [m]
# name 15 = spar: SPAR, Biospherical/Licor
# name 16 = timeS: Time, Elapsed [seconds]
# name 17 = scan: Scan Count
# name 18 = nbf: Bottles Fired
# name 19 = flag:  0.000e+00
# interval = seconds: 0.0416667
# start_time = Dec 13 2021 23:26:08 [NMEA time, header]
# bad_flag = -9.990e-29
*END*
[from data line 1086]
      4.101      4.061    -0.2124  27.960678    -0.2129  27.959960     7.2832     7.3614     1.1058    83.6445 7.2265e+01  -64.77020  -63.09852 347.995977      99.98 5.5178e+02   1684.417      40427         23  0.000e+00
      4.101      4.061    -0.2124  27.961254    -0.2131  27.960467     7.2932     7.3667     1.1058    83.6445 7.1856e+01  -64.77020  -63.09852 347.995978      99.98 5.5002e+02   1684.458      40428         23  0.000e+00
      4.101      4.061    -0.2124  27.961254    -0.2130  27.959960     7.2944     7.3620     1.0985    83.6703 7.1449e+01  -64.77020  -63.09852 347.995978      99.98 5.4826e+02   1684.500      40429         23  0.000e+00
      4.101      4.061    -0.2121  27.961024    -0.2131  27.959960     7.2826     7.3618     1.0985    83.6445 7.1045e+01  -64.77020  -63.09852 347.995978      99.98 5.4826e+02   1684.542      40430         23  0.000e+00
      4.095      4.055    -0.2124  27.961254    -0.2128  27.960241     7.2925     7.3616     1.1058    83.6445 7.0643e+01  -64.77020  -63.09852 347.995979      99.98 5.4649e+02   1684.583      40431         23  0.000e+00
      4.047      4.007    -0.2122  27.960966    -0.2125  27.960241     7.2949     7.3613     1.1058    83.6445 7.0243e+01  -64.77020  -63.09852 347.995979      99.95 5.4649e+02   1684.625      40432         23  0.000e+00
      4.102      4.061    -0.2123  27.961542    -0.2123  27.960748     7.2845     7.3611     1.0985    83.6445 6.9845e+01  -64.77020  -63.09852 347.995980      99.95 5.4473e+02   1684.667      40433         23  0.000e+00
      4.102      4.061    -0.2122  27.960966    -0.2125  27.960635     7.2887     7.3610     1.1058    83.6445 6.9647e+01  -64.77020  -63.09852 347.995980      99.98 5.4297e+02   1684.708      40434         23  0.000e+00
      4.040      4.000    -0.2124  27.961024    -0.2124  27.960241     7.2999     7.3607     1.1058    83.6445 6.9253e+01  -64.77020  -63.09852 347.995981      99.98 5.4297e+02   1684.750      40435         23  0.000e+00
      4.102      4.061    -0.2124  27.960966    -0.2122  27.960241     7.3037     7.3660     1.1058    83.6188 6.9057e+01  -64.77020  -63.09852 347.995981      99.95 5.4120e+02   1684.792      40436         23  0.000e+00
      4.102      4.061    -0.2122  27.961024    -0.2123  27.960748     7.2930     7.3666     1.1058    83.6188 6.8861e+01  -64.77020  -63.09852 347.995982      99.93 5.4120e+02   1684.833      40437         23  0.000e+00
      4.102      4.061    -0.2125  27.960678    -0.2123  27.960466     7.2913     7.3672     1.1058    83.6188 6.8666e+01  -64.77020  -63.09852 347.995982      99.95 5.3944e+02   1684.875      40438         23  0.000e+00
      4.047      4.007    -0.2124  27.960736    -0.2123  27.961029     7.3022     7.3623     1.1058    83.6188 6.8666e+01  -64.77020  -63.09852 347.995983      99.98 5.3944e+02   1684.917      40439         23  0.000e+00
      4.095      4.055    -0.2125  27.960736    -0.2124  27.960466     7.3029     7.3621     1.1058    83.6188 6.8471e+01  -64.77020  -63.09852 347.995983      99.98 5.3768e+02   1684.958      40440         23  0.000e+00
      4.047      4.007    -0.2124  27.960448    -0.2123  27.961029     7.2933     7.3671     1.1058    83.6188 6.8666e+01  -64.77020  -63.09852 347.995984      99.98 5.3768e+02   1685.000      40441         23  0.000e+00
      4.102      4.061    -0.2123  27.961024    -0.2128  27.960466     7.2925     7.3624     1.1058    83.6188 6.8666e+01  -64.77020  -63.09852 347.995984      99.98 5.3592e+02   1685.042      40442         23  0.000e+00
      4.102      4.061    -0.2125  27.960966    -0.2126  27.960466     7.2975     7.3675     1.1058    83.6188 6.8861e+01  -64.77020  -63.09852 347.995985      99.98 5.3415e+02   1685.083      40443         23  0.000e+00
      4.040      4.001    -0.2132  27.961024    -0.2128  27.960466     7.2980     7.3625     1.0985    83.6188 6.9057e+01  -64.77020  -63.09852 347.995985      99.95 5.3415e+02   1685.125      40444         23  0.000e+00
      4.047      4.007    -0.2132  27.960966    -0.2128  27.960241     7.3029     7.3676     1.0912    83.6188 6.9450e+01  -64.77020  -63.09852 347.995986      99.95 5.3415e+02   1685.167      40445         23  0.000e+00
      4.102      4.062    -0.2130  27.961024    -0.2128  27.959960     7.3001     7.3681     1.0839    83.6188 6.9845e+01  -64.77020  -63.09852 347.995986      99.95 5.3239e+02   1685.208      40446         23  0.000e+00
      4.102      4.062    -0.2131  27.960678    -0.2126  27.959960     7.2947     7.3685     1.0839    83.6188 7.0243e+01  -64.77020  -63.09852 347.995987      99.98 5.3239e+02   1685.250      40447         23  0.000e+00
      4.047      4.007    -0.2128  27.961254    -0.2128  27.960241     7.2878     7.3689     1.0839    83.6188 7.0643e+01  -64.77020  -63.09852 347.995987      99.98 5.3063e+02   1685.292      40448         23  0.000e+00
      4.095      4.055    -0.2128  27.960966    -0.2129  27.960241     7.3027     7.3693     1.0839    83.6188 7.1247e+01  -64.77020  -63.09852 347.995988      99.95 5.3063e+02   1685.333      40449         23  0.000e+00
      4.047      4.007    -0.2131  27.961024    -0.2129  27.959960     7.3042     7.3696     1.0839    83.6188 7.1652e+01  -64.77020  -63.09852 347.995988      99.95 5.2886e+02   1685.375      40450         23  0.000e+00
      4.047      4.007    -0.2133  27.960736    -0.2131  27.959679     7.2986     7.3645     1.0765    83.6188 7.1856e+01  -64.77020  -63.09852 347.995989      99.98 5.2886e+02   1685.417      40451         23  0.000e+00
      4.047      4.007    -0.2132  27.960966    -0.2134  27.959679     7.3043     7.3640     1.0839    83.6445 7.2060e+01  -64.77020  -63.09852 347.995989      99.98 5.2710e+02   1685.458      40452         23  0.000e+00
      4.095      4.055    -0.2132  27.960736    -0.2133  27.959454     7.3056     7.3635     1.0839    83.6445 7.2470e+01  -64.77020  -63.09852 347.995990      99.98 5.2710e+02   1685.500      40453         23  0.000e+00
      4.047      4.007    -0.2132  27.960678    -0.2131  27.959960     7.3023     7.3682     1.0839    83.6188 7.2470e+01  -64.77020  -63.09852 347.995990      99.98 5.2710e+02   1685.542      40454         23  0.000e+00
      4.047      4.007    -0.2133  27.961024    -0.2131  27.959679     7.2892     7.3685     1.0839    83.6188 7.2676e+01  -64.77020  -63.09852 347.995991      99.98 5.2534e+02   1685.583      40455         23  0.000e+00
      4.102      4.062    -0.2129  27.960678    -0.2135  27.959679     7.3036     7.3688     1.0839    83.6188 7.2676e+01  -64.77020  -63.09852 347.995991      99.95 5.2534e+02   1685.625      40456         23  0.000e+00
      3.999      3.960    -0.2128  27.961024    -0.2139  27.959341     7.2987     7.3698     1.0839    83.6188 7.2676e+01  -64.77020  -63.09852 347.995992      99.93 5.2358e+02   1685.667      40457         23  0.000e+00
      4.040      4.001    -0.2122  27.960678    -0.2140  27.959454     7.2996     7.3709     1.0839    83.6188 7.2676e+01  -64.77020  -63.09852 347.995992      99.95 5.2358e+02   1685.708      40458         23  0.000e+00
      4.102      4.062    -0.2126  27.960736    -0.2135  27.959173     7.3037     7.3711     1.0839    83.6188 7.2676e+01  -64.77020  -63.09852 347.995992      99.98 5.2358e+02   1685.750      40459         23  0.000e+00
      4.047      4.008    -0.2125  27.960736    -0.2135  27.959454     7.3058     7.3712     1.0839    83.6188 7.2470e+01  -64.77020  -63.09852 347.995993      99.98 5.2358e+02   1685.792      40460         23  0.000e+00
      4.047      4.008    -0.2127  27.960448    -0.2134  27.959172     7.3022     7.3713     1.0765    83.6188 7.2060e+01  -64.77020  -63.09852 347.995993      99.95 5.2181e+02   1685.833      40461         23  0.000e+00
      4.040      4.001    -0.2128  27.960448    -0.2134  27.959172     7.2888     7.3659     1.0839    83.6188 7.1652e+01  -64.77020  -63.09852 347.995994      99.93 5.2181e+02   1685.875      40462         23  0.000e+00
      4.102      4.062    -0.2125  27.960448    -0.2133  27.959172     7.2970     7.3652     1.0839    83.6188 7.1247e+01  -64.77020  -63.09852 347.995994      99.95 5.2181e+02   1685.917      40463         23  0.000e+00
      3.999      3.960    -0.2125  27.961024    -0.2129  27.958891     7.3033     7.3697     1.0839    83.6188 7.0643e+01  -64.77020  -63.09852 347.995995      99.98 5.2005e+02   1685.958      40464         23  0.000e+00
      4.040      4.001    -0.2129  27.960217    -0.2130  27.958385     7.3050     7.3711     1.0692    83.6188 6.7315e+01  -64.77020  -63.09852 347.995998      99.98 5.1652e+02   1686.250      40471         24  0.000e+00
      4.047      4.008    -0.2127  27.960678    -0.2131  27.958385     7.2993     7.3710     1.0472    83.6188 6.6744e+01  -64.77020  -63.09852 347.995999      99.98 5.1652e+02   1686.292      40472         24  0.000e+00
      4.047      4.008    -0.2127  27.960736    -0.2129  27.958891     7.3024     7.3708     1.0399    83.6188 6.5990e+01  -64.77020  -63.09852 347.995999      99.93 5.1652e+02   1686.333      40473         24  0.000e+00
      3.999      3.960    -0.2126  27.959929    -0.2131  27.958891     7.3050     7.3705     1.0399    83.6188 6.5059e+01  -64.77020  -63.09852 347.996000      99.95 5.1652e+02   1686.375      40474         24  0.000e+00
      4.047      4.008    -0.2125  27.961024    -0.2129  27.958891     7.3005     7.3703     1.0399    83.6188 6.2879e+01  -64.77020  -63.09852 347.996000      99.98 5.1652e+02   1686.417      40475         24  0.000e+00
      4.040      4.001    -0.2127  27.960448    -0.2129  27.958891     7.3035     7.3700     1.0472    83.6445 5.8732e+01  -64.77020  -63.09852 347.996001      99.98 5.1476e+02   1686.458      40476         24  0.000e+00
      3.999      3.960    -0.2126  27.960448    -0.2130  27.959172     7.3045     7.3651     1.0472    83.6445 5.3317e+01  -64.77020  -63.09852 347.996001      99.98 5.1476e+02   1686.500      40477         24  0.000e+00
      4.047      4.008    -0.2128  27.960448    -0.2133  27.958835     7.2999     7.3695     1.0399    83.6445 4.7575e+01  -64.77020  -63.09852 347.996002      99.98 5.1476e+02   1686.542      40478         24  0.000e+00
      4.047      4.008    -0.2125  27.960736    -0.2134  27.958666     7.2969     7.3693     1.0399    83.6445 4.2202e+01  -64.77020  -63.09852 347.996002      99.98 5.1476e+02   1686.583      40479         24  0.000e+00
      4.041      4.001    -0.2129  27.960217    -0.2133  27.958891     7.3023     7.3689     1.0399    83.6445 3.7749e+01  -64.77020  -63.09852 347.996003      99.95 5.1476e+02   1686.625      40480         24  0.000e+00
      3.999      3.960    -0.2127  27.960678    -0.2133  27.958666     7.2973     7.3684     1.0472    83.6445 3.4444e+01  -64.77020  -63.09852 347.996003      99.93 5.1476e+02   1686.667      40481         24  0.000e+00
      4.047      4.008    -0.2130  27.960736    -0.2132  27.959172     7.2943     7.3680     1.0472    83.6445 3.2153e+01  -64.77020  -63.09852 347.996004      99.95 5.1476e+02   1686.708      40482         24  0.000e+00
      4.047      4.008    -0.2129  27.960160    -0.2133  27.958891     7.2981     7.3676     1.0472    83.6445 3.0358e+01  -64.77020  -63.09852 347.996004      99.98 5.1300e+02   1686.750      40483         24  0.000e+00
      3.999      3.960    -0.2130  27.960448    -0.2131  27.958891     7.3001     7.3670     1.0472    83.6445 2.8910e+01  -64.77020  -63.09852 347.996005      99.98 5.1300e+02   1686.792      40484         24  0.000e+00
      4.041      4.001    -0.2128  27.960160    -0.2133  27.958666     7.2964     7.3675     1.0399    83.6445 2.7451e+01  -64.77020  -63.09852 347.996005      99.95 5.1300e+02   1686.833      40485         24  0.000e+00
      4.047      4.008    -0.2127  27.960736    -0.2133  27.958666     7.2944     7.3678     1.0472    83.6445 2.6289e+01  -64.77020  -63.09852 347.996005      99.95 5.1300e+02   1686.875      40486         24  0.000e+00
      4.047      4.008    -0.2130  27.960448    -0.2132  27.958385     7.2982     7.3682     1.0472    83.6445 2.5395e+01  -64.77020  -63.09852 347.996006      99.95 5.1300e+02   1686.917      40487         24  0.000e+00
      4.047      4.008    -0.2128  27.960736    -0.2133  27.958666     7.3000     7.3677     1.0472    83.6445 2.4672e+01  -64.77020  -63.09852 347.996006      99.98 5.1300e+02   1686.958      40488         24  0.000e+00
      4.041      4.001    -0.2130  27.960678    -0.2133  27.958666     7.2962     7.3671     1.0472    83.6188 2.4039e+01  -64.77020  -63.09852 347.996007      99.98 5.1300e+02   1687.000      40489         24  0.000e+00
      4.047      4.008    -0.2128  27.960217    -0.2134  27.958385     7.2999     7.3674     1.0472    83.6445 2.3287e+01  -64.77020  -63.09852 347.996007      99.98 5.1300e+02   1687.042      40490         24  0.000e+00
      4.048      4.008    -0.2129  27.960448    -0.2133  27.958666     7.2990     7.3614     1.0472    83.6445 2.2557e+01  -64.77020  -63.09852 347.996008      99.98 5.1300e+02   1687.083      40491         24  0.000e+00
      4.000      3.960    -0.2130  27.959641    -0.2132  27.958385     7.3051     7.3662     1.0472    83.6445 2.1977e+01  -64.77020  -63.09852 347.996008      99.95 5.1300e+02   1687.125      40492         24  0.000e+00
      4.102      4.062    -0.2127  27.960448    -0.2134  27.958891     7.3010     7.3657     1.0472    83.6445 2.1598e+01  -64.77020  -63.09852 347.996009      99.95 5.1300e+02   1687.167      40493         24  0.000e+00
      4.041      4.001    -0.2126  27.960448    -0.2133  27.958385     7.3025     7.3659     1.0472    83.6445 2.1226e+01  -64.77020  -63.09852 347.996009      99.95 5.1300e+02   1687.208      40494         24  0.000e+00
      4.048      4.008    -0.2128  27.960448    -0.2133  27.958891     7.3028     7.3661     1.0472    83.6188 2.0799e+01  -64.77020  -63.09852 347.996010      99.98 5.1300e+02   1687.250      40495         24  0.000e+00
      4.048      4.008    -0.2128  27.960160    -0.2134  27.958385     7.2959     7.3664     1.0399    83.6188 2.0204e+01  -64.77020  -63.09852 347.996010      99.98 5.1300e+02   1687.292      40496         24  0.000e+00
      4.048      4.008    -0.2129  27.960736    -0.2133  27.958666     7.2976     7.3666     1.0545    83.5930 1.9455e+01  -64.77020  -63.09852 347.996011      99.93 5.1300e+02   1687.333      40497         24  0.000e+00
      4.041      4.001    -0.2130  27.960160    -0.2135  27.958835     7.2990     7.3669     1.0839    83.5930 1.8624e+01  -64.77020  -63.09852 347.996011      99.93 5.1300e+02   1687.375      40498         24  0.000e+00
      4.048      4.008    -0.2130  27.960736    -0.2133  27.958666     7.3003     7.3671     1.0985    83.5930 1.7723e+01  -64.77020  -63.09852 347.996012      99.95 5.1300e+02   1687.417      40499         24  0.000e+00
      4.102      4.062    -0.2131  27.960448    -0.2134  27.958666     7.2946     7.3666     1.0985    83.5930 1.6767e+01  -64.77020  -63.09852 347.996012      99.98 5.1300e+02   1687.458      40500         24  0.000e+00
      4.048      4.008    -0.2130  27.960160    -0.2133  27.958385     7.3003     7.3658     1.0985    83.6188 1.5860e+01  -64.77020  -63.09852 347.996013      99.98 5.1300e+02   1687.500      40501         24  0.000e+00
      4.048      4.008    -0.2130  27.960217    -0.2134  27.958666     7.3016     7.3651     1.0985    83.6188 1.4912e+01  -64.77020  -63.09852 347.996013      99.98 5.1300e+02   1687.542      40502         24  0.000e+00
      4.041      4.001    -0.2131  27.959929    -0.2135  27.958891     7.2958     7.3599     1.0985    83.6188 1.4019e+01  -64.77020  -63.09852 347.996014      99.98 5.1300e+02   1687.583      40503         24  0.000e+00
      4.103      4.062    -0.2130  27.960218    -0.2134  27.958385     7.2975     7.3593     1.0985    83.6188 1.3177e+01  -64.77020  -63.09852 347.996014      99.95 5.1300e+02   1687.625      40504         24  0.000e+00
