NBP2113_155081_ctd/data/nbp2113_042.cnv
* Sea-Bird SBE 9 Data File:
* FileName = D:\Data\raw\NBP2113_042.hex
* Software Version Seasave V 7.26.7.121
* Temperature SN = 2438
* Conductivity SN = 2067
* Number of Bytes Per Scan = 40
* Number of Voltage Words = 5
* Number of Scans Averaged by the Deck Unit = 1
* NMEA Latitude = 64 49.83 S
* NMEA Longitude = 063 54.10 W
* NMEA UTC (Time) = Dec 10 2021  15:52:47
* NMEA baud rate = 9600
** Ship: RVIB N.B. Palmer
** Cruise: NBP2113 LTER
** Station: 624.030
** Operator: S. Blackman
# nquan = 25
# nvalues = 811                         
# units = specified
# name 0 = prDM: Pressure, Digiquartz [db]
# name 1 = depSM: Depth [salt water, m]
# name 2 = t090C: Temperature [ITS-90, deg C]
# name 3 = c0mS/cm: Conductivity [mS/cm]
# name 4 = t190C: Temperature, 2 [ITS-90, deg C]
# name 5 = c1mS/cm: Conductivity, 2 [mS/cm]
# name 6 = sbeox0ML/L: Oxygen, SBE 43 [ml/l]
# name 7 = sbeox1ML/L: Oxygen, SBE 43, 2 [ml/l]
# name 8 = flECO-AFL: Fluorescence, WET Labs ECO-AFL/FL [mg/m^3]
# name 9 = CStarTr0: Beam Transmission, WET Labs C-Star [%]
# name 10 = par: PAR/Irradiance, Biospherical/Licor
# name 11 = latitude: Latitude [deg]
# name 12 = longitude: Longitude [deg]
# name 13 = timeJ: Julian Days
# name 14 = altM: Altimeter [m]
# name 15 = spar: SPAR, Biospherical/Licor
# name 16 = timeS: Time, Elapsed [seconds]
# name 17 = scan: Scan Count
# name 18 = density00: Density [density, kg/m^3]
# name 19 = density11: Density, 2 [density, kg/m^3]
# name 20 = sal00: Salinity, Practical [PSU]
# name 21 = sal11: Salinity, Practical, 2 [PSU]
# name 22 = oxsolML/L: Oxygen Saturation, Garcia & Gordon [ml/l]
# name 23 = nbin: number of scans per bin
# name 24 = flag: flag
# span 0 =      1.000,    408.000       
# span 1 =      0.989,    403.610       
# span 2 =    -0.3913,     1.1590       
# span 3 =  27.879212,  29.918450       
# span 4 =    -0.3903,     1.1593       
# span 5 =  27.877804,  29.917722       
# span 6 =     4.4699,     9.5381       
# span 7 =     4.5359,     9.8822       
# span 8 =    -0.0180,     1.8733       
# span 9 =    84.7100,    91.9981       
# span 10 = -2.251e-06, 2.4163e+03      
# span 11 =  -64.83128,  -64.83080      
# span 12 =  -63.90174,  -63.90162      
# span 13 = 344.664334, 344.684065      
# span 14 =       6.12,     100.70      
# span 15 = 1.2127e+03, 1.5964e+03      
# span 16 =    231.448,   1936.228      
# span 17 =       5556,      46470      
# span 18 =  1027.1171,  1029.6390      
# span 19 =  1027.1155,  1029.6379      
# span 20 =    33.7531,    34.6037      
# span 21 =    33.7512,    34.6023      
# span 22 =    7.79569,    8.14915      
# span 23 =         10,         49      
# span 24 = 0.0000e+00, 0.0000e+00      
# interval = decibars: 1                
# start_time = Dec 10 2021 15:52:47 [NMEA time, header]
# bad_flag = -9.990e-29
*END*
[from data line 754]
     57.000     56.433     0.1860  28.636562     0.1826  28.630351     6.7466     6.8495     0.2018    90.8031 6.9987e+00  -64.83126  -63.90173 344.681058      99.97 1.5497e+03   1676.447      40236  1027.7424  1027.7392    34.2252    34.2209    8.01477         42 0.0000e+00
     56.000     55.444     0.1775  28.623870     0.1670  28.607891     6.9298     6.9992     0.2107    90.8163 7.3981e+00  -64.83126  -63.90174 344.681079      99.97 1.5512e+03   1678.244      40279  1027.7331  1027.7262    34.2187    34.2092    8.01693         39 0.0000e+00
     55.000     54.455     0.1304  28.569273     0.0908  28.524265     7.0393     7.0705     0.2079    90.8056 7.7922e+00  -64.83126  -63.90174 344.681098      99.97 1.5500e+03   1679.838      40317  1027.7167  1027.7074    34.1997    34.1844    8.02784         40 0.0000e+00
     54.000     53.464     0.1004  28.532585     0.0437  28.469536     6.9397     7.1056     0.2322    90.8732 8.1042e+00  -64.83126  -63.90174 344.681121      99.97 1.5491e+03   1681.826      40365  1027.7025  1027.6904    34.1853    34.1652    8.03492         39 0.0000e+00
     53.000     52.475     0.0961  28.535222     0.0399  28.463588     7.1042     7.1648     0.2431    90.9023 8.3956e+00  -64.83124  -63.90173 344.681147      99.97 1.5496e+03   1684.101      40419  1027.7046  1027.6825    34.1941    34.1621    8.03532         45 0.0000e+00
     52.000     51.483     0.0312  28.454517    -0.0406  28.376784     7.1837     7.2408     0.2401    90.9083 8.8843e+00  -64.83124  -63.90173 344.681169      99.97 1.5496e+03   1686.020      40465  1027.6773  1027.6640    34.1604    34.1376    8.05083         39 0.0000e+00
     51.000     50.494    -0.0332  28.385366    -0.0935  28.314333     7.2559     7.2719     0.2578    90.8996 9.4392e+00  -64.83124  -63.90173 344.681194      99.97 1.5479e+03   1688.150      40517  1027.6616  1027.6432    34.1413    34.1143    8.06547         40 0.0000e+00
     50.000     49.504    -0.0936  28.316074    -0.1178  28.287261     7.2771     7.2789     0.2548    90.9080 9.9831e+00  -64.83124  -63.90173 344.681217      99.97 1.5478e+03   1690.123      40564  1027.6412  1027.6327    34.1174    34.1061    8.07958         38 0.0000e+00
     49.000     48.515    -0.1041  28.301779    -0.1204  28.284373     7.2226     7.2882     0.2639    90.9582 1.0493e+01  -64.83124  -63.90173 344.681235      99.97 1.5489e+03   1691.733      40603  1027.6309  1027.6272    34.1107    34.1059    8.08217         38 0.0000e+00
     48.000     47.528    -0.0981  28.309060    -0.1237  28.281120     7.2134     7.2632     0.2546    90.9504 1.0989e+01  -64.83124  -63.90173 344.681255      99.97 1.5488e+03   1693.467      40644  1027.6278  1027.6219    34.1144    34.1058    8.08071         31 0.0000e+00
     47.000     46.534    -0.1070  28.298110    -0.1044  28.301827     7.2172     7.2749     0.2847    90.9576 1.1392e+01  -64.83124  -63.90172 344.681285      99.97 1.5488e+03   1695.999      40705  1027.6197  1027.6205    34.1103    34.1124    8.08280         41 0.0000e+00
     46.000     45.544    -0.1160  28.291017    -0.1254  28.279115     7.2222     7.2960     0.2776    90.9574 1.2051e+01  -64.83124  -63.90172 344.681306      99.97 1.5496e+03   1697.846      40749  1027.6162  1027.6120    34.1116    34.1063    8.08465         38 0.0000e+00
     45.000     44.556    -0.1147  28.290440    -0.1298  28.273146     7.1874     7.2985     0.2670    90.9580 1.2808e+01  -64.83124  -63.90172 344.681327      99.97 1.5482e+03   1699.692      40794  1027.6095  1027.6053    34.1100    34.1038    8.08447         43 0.0000e+00
     44.000     43.565    -0.1099  28.296302    -0.1288  28.274014     7.2359     7.2987     0.2817    90.9712 1.3432e+01  -64.83124  -63.90172 344.681356      99.97 1.5458e+03   1702.126      40852  1027.6066  1027.6006    34.1130    34.1045    8.08327         34 0.0000e+00
     43.000     42.574    -0.1336  28.269848    -0.1331  28.268919     7.2592     7.2949     0.2792    91.0185 1.4334e+01  -64.83124  -63.90172 344.681386      99.97 1.5453e+03   1704.714      40914  1027.5968  1027.5948    34.1050    34.1031    8.08876         38 0.0000e+00
     42.000     41.585    -0.1820  28.219607    -0.1360  28.266031     7.2439     7.3054     0.2797    91.0018 1.5081e+01  -64.83124  -63.90173 344.681421      99.97 1.5479e+03   1707.811      40988  1027.5849  1027.5902    34.0928    34.1032    8.09971         31 0.0000e+00
     41.000     40.595    -0.1851  28.215767    -0.2184  28.178611     7.2375     7.3203     0.2817    90.9881 1.5587e+01  -64.83124  -63.90172 344.681445      99.97 1.5443e+03   1709.860      41038  1027.5794  1027.5722    34.0917    34.0795    8.10042         44 0.0000e+00
     40.000     39.603    -0.2563  28.140537    -0.2890  28.099119     7.2428     7.3186     0.2854    90.9910 1.6624e+01  -64.83122  -63.90172 344.681475      99.97 1.5419e+03   1712.438      41100  1027.5625  1027.5507    34.0717    34.0530    8.11672         34 0.0000e+00
     39.000     38.615    -0.3126  28.078127    -0.2877  28.103202     7.2213     7.3206     0.3432    90.9321 1.7708e+01  -64.83122  -63.90172 344.681513      99.97 1.5441e+03   1715.741      41179  1027.5453  1027.5484    34.0520    34.0576    8.12986         36 0.0000e+00
     38.000     37.626    -0.3025  28.086100    -0.3086  28.079424     7.2350     7.3111     0.4010    90.9450 1.8824e+01  -64.83122  -63.90172 344.681557      99.97 1.5388e+03   1719.506      41269  1027.5392  1027.5367    34.0519    34.0498    8.12771         23 0.0000e+00
     37.000     36.632    -0.3364  28.049245    -0.3360  28.047841     7.2520     7.3187     0.3706    90.9467 2.0120e+01  -64.83122  -63.90172 344.681607      99.97 1.5396e+03   1723.828      41373  1027.5268  1027.5251    34.0412    34.0389    8.13555         36 0.0000e+00
     36.000     35.647    -0.3744  28.002644    -0.3718  28.004210     7.2770     7.3388     0.4467    90.7486 2.1275e+01  -64.83119  -63.90171 344.681753      99.97 1.5353e+03   1736.484      41677  1027.5078  1027.5071    34.0220    34.0212    8.14480         26 0.0000e+00
     35.000     34.654    -0.3913  27.978482    -0.3880  27.981522     7.2930     7.3687     0.5240    90.5742 2.1132e+01  -64.83116  -63.90170 344.682055      99.97 1.5219e+03   1762.526      42302  1027.4924  1027.4925    34.0091    34.0095    8.14915         46 0.0000e+00
     34.000     33.663    -0.3903  27.976300    -0.3882  27.978656     7.2843     7.3894     0.5381    90.5057 2.3352e+01  -64.83116  -63.90170 344.682083      99.97 1.5241e+03   1764.970      42360  1027.4849  1027.4854    34.0057    34.0065    8.14913         37 0.0000e+00
     33.000     32.675    -0.3878  27.978630    -0.3866  27.970568     7.3470     7.4109     0.6038    90.4169 2.4861e+01  -64.83115  -63.90170 344.682123      99.97 1.5224e+03   1768.406      42443  1027.4806  1027.4709    34.0066    33.9945    8.14854         41 0.0000e+00
     32.000     31.685    -0.3810  27.977044    -0.3857  27.973219     7.4594     7.4682     0.6192    90.3520 2.6201e+01  -64.83114  -63.90170 344.682153      99.97 1.5201e+03   1771.026      42506  1027.4681  1027.4686    33.9975    33.9977    8.14760         37 0.0000e+00
     31.000     30.694    -0.3648  27.975244    -0.3595  27.974148     7.5388     7.5771     0.6489    90.1180 2.8096e+01  -64.83114  -63.90170 344.682183      99.97 1.5214e+03   1773.646      42569  1027.4461  1027.4398    33.9776    33.9702    8.14528         36 0.0000e+00
     30.000     29.704    -0.3568  27.974865    -0.3516  27.969613     7.6060     7.6568     0.8159    89.9566 2.9721e+01  -64.83114  -63.90170 344.682211      99.97 1.5199e+03   1775.998      42625  1027.4337  1027.4230    33.9688    33.9559    8.14407         35 0.0000e+00
     29.000     28.715    -0.3424  27.965583    -0.3399  27.961789     7.7490     7.7431     0.9853    89.4964 3.2740e+01  -64.83114  -63.90168 344.682243      99.97 1.5183e+03   1778.833      42693  1027.4057  1027.3991    33.9408    33.9329    8.14258         33 0.0000e+00
     28.000     27.725    -0.3187  27.968624    -0.3162  27.967937     7.7092     7.7593     1.1036    89.2403 3.5922e+01  -64.83112  -63.90169 344.682288      99.97 1.5208e+03   1782.709      42786  1027.3822  1027.3788    33.9191    33.9153    8.13876         26 0.0000e+00
     27.000     26.732    -0.3296  27.963953    -0.3290  27.962371     7.7214     7.7666     1.1770    88.7686 3.9045e+01  -64.83112  -63.90170 344.682318      99.97 1.5209e+03   1785.312      42848  1027.3836  1027.3813    33.9256    33.9228    8.14072         37 0.0000e+00
     26.000     25.744    -0.3158  27.967682    -0.3190  27.964485     7.7768     7.8035     1.2859    88.2946 4.2677e+01  -64.83112  -63.90170 344.682348      99.97 1.5205e+03   1787.840      42909  1027.3699  1027.3698    33.9158    33.9151    8.13832         32 0.0000e+00
     25.000     24.752    -0.2868  27.975075    -0.2873  27.972114     7.8566     7.9397     1.6614    87.2106 4.7746e+01  -64.83105  -63.90168 344.682698      99.97 1.5192e+03   1818.105      43636  1027.3468  1027.3440    33.8940    33.8905    8.13337         33 0.0000e+00
     24.000     23.764    -0.2828  27.970126    -0.2822  27.966810     7.9402     7.9943     1.6250    86.8302 5.1612e+01  -64.83104  -63.90168 344.682758      99.96 1.5175e+03   1823.254      43759  1027.3334  1027.3292    33.8835    33.8784    8.13311         36 0.0000e+00
     23.000     22.773    -0.2798  27.960236    -0.2809  27.954253     7.9362     8.0254     1.8417    86.4000 5.7547e+01  -64.83104  -63.90168 344.682781      99.97 1.5197e+03   1825.305      43808  1027.3154  1027.3101    33.8675    33.8607    8.13337         42 0.0000e+00
     22.000     21.784    -0.2820  27.952483    -0.2855  27.939149     7.9680     8.0452     1.8180    86.2938 6.3432e+01  -64.83102  -63.90168 344.682803      99.97 1.5228e+03   1827.182      43853  1027.3049  1027.2939    33.8602    33.8463    8.13426         39 0.0000e+00
     21.000     20.793    -0.2874  27.935574    -0.2893  27.926412     8.0208     8.0729     1.8354    86.1620 6.7934e+01  -64.83102  -63.90168 344.682823      99.97 1.5222e+03   1828.915      43895  1027.2876  1027.2796    33.8443    33.8342    8.13633         40 0.0000e+00
     20.000     19.803    -0.2888  27.918440    -0.2868  27.902356     8.0529     8.0885     1.8077    86.0376 7.3489e+01  -64.83102  -63.90168 344.682842      99.96 1.5187e+03   1830.528      43934  1027.2662  1027.2469    33.8235    33.7998    8.13782         39 0.0000e+00
     19.000     18.813    -0.2853  27.898242    -0.2819  27.888131     8.0321     8.1002     1.7485    85.8101 8.2268e+01  -64.83100  -63.90167 344.682862      95.63 1.5194e+03   1832.251      43975  1027.2367  1027.2225    33.7933    33.7760    8.13880         37 0.0000e+00
     18.000     17.823    -0.2819  27.888607    -0.2794  27.882574     8.0132     8.1048     1.5837    85.4492 9.4308e+01  -64.83100  -63.90167 344.682883      99.35 1.5236e+03   1834.112      44020  1027.2187  1027.2098    33.7773    33.7664    8.13900         41 0.0000e+00
     17.000     16.833    -0.2804  27.885450    -0.2792  27.879168     8.0284     8.1097     1.5754    85.3538 1.0449e+02  -64.83100  -63.90167 344.682903      98.50 1.5235e+03   1835.801      44060  1027.2096  1027.2017    33.7720    33.7623    8.13897         37 0.0000e+00
     16.000     15.843    -0.2783  27.880583    -0.2781  27.878704     8.0396     8.1023     1.4302    85.0831 1.1359e+02  -64.83100  -63.90167 344.682921      99.94 1.5205e+03   1837.342      44097  1027.1980  1027.1958    33.7637    33.7610    8.13899         38 0.0000e+00
     15.000     14.853    -0.2746  27.881165    -0.2761  27.880516     8.0417     8.1043     1.2889    85.0503 1.2797e+02  -64.83100  -63.90167 344.682947      99.96 1.5227e+03   1839.580      44151  1027.1909  1027.1915    33.7611    33.7618    8.13836         43 0.0000e+00
     14.000     13.862    -0.2604  27.887844    -0.2614  27.885791     8.0441     8.1081     1.2417    85.0598 1.4532e+02  -64.83098  -63.90166 344.682991      99.96 1.5245e+03   1843.445      44244  1027.1801  1027.1788    33.7548    33.7531    8.13568         38 0.0000e+00
     13.000     12.874    -0.2678  27.884437    -0.2639  27.884355     8.0419     8.1111     1.0842    84.8883 1.6993e+02  -64.83098  -63.90166 344.683028      99.96 1.5253e+03   1846.660      44321  1027.1794  1027.1755    33.7590    33.7546    8.13701         39 0.0000e+00
     12.000     11.883    -0.2643  27.885085    -0.2645  27.883460     8.0427     8.1170     0.6984    84.7479 1.9448e+02  -64.83096  -63.90166 344.683063      99.97 1.5271e+03   1849.663      44393  1027.1725  1027.1710    33.7567    33.7548    8.13641         36 0.0000e+00
     11.000     10.892    -0.2624  27.885174    -0.2623  27.883860     8.0279     8.1091     0.5719    84.7697 2.1344e+02  -64.83096  -63.90166 344.683096      99.96 1.5283e+03   1852.486      44461  1027.1666  1027.1650    33.7553    33.7534    8.13608         35 0.0000e+00
     10.000      9.901    -0.2632  27.884502    -0.2619  27.883927     8.0166     8.1143     0.6113    84.7838 2.3875e+02  -64.83094  -63.90165 344.683144      99.96 1.5283e+03   1856.658      44561  1027.1623  1027.1605    33.7559    33.7536    8.13622         38 0.0000e+00
      9.000      8.910    -0.2600  27.886116    -0.2598  27.884826     8.0596     8.1107     0.5958    84.7901 2.8323e+02  -64.83094  -63.90166 344.683172      99.96 1.5312e+03   1859.079      44619  1027.1567  1027.1551    33.7550    33.7532    8.13557         34 0.0000e+00
      8.000      7.922    -0.2559  27.887721    -0.2565  27.885616     8.0513     8.1179     0.5567    84.7709 3.1774e+02  -64.83094  -63.90166 344.683216      99.96 1.5312e+03   1862.876      44710  1027.1502  1027.1486    33.7532    33.7512    8.13480         36 0.0000e+00
      7.000      6.931    -0.2560  27.887197    -0.2571  27.885241     8.0437     8.1199     0.4734    84.7604 3.7782e+02  -64.83092  -63.90166 344.683252      99.97 1.5334e+03   1865.992      44785  1027.1455  1027.1444    33.7533    33.7519    8.13483         28 0.0000e+00
      6.000      5.942    -0.2555  27.887035    -0.2562  27.885071     8.0229     8.1134     0.4403    84.7387 4.3490e+02  -64.83092  -63.90166 344.683293      99.97 1.5363e+03   1869.545      44870  1027.1406  1027.1392    33.7531    33.7513    8.13473         38 0.0000e+00
      5.000      4.950    -0.2561  27.886154    -0.2572  27.883780     8.0529     8.1169     0.4163    84.7575 5.0678e+02  -64.83090  -63.90165 344.683325      99.97 1.5296e+03   1872.306      44936  1027.1360  1027.1345    33.7533    33.7513    8.13486         38 0.0000e+00
      4.000      3.959    -0.2561  27.885734    -0.2574  27.883204     7.9598     8.1180     0.3999    84.7328 6.1835e+02  -64.83084  -63.90167 344.683735      99.96 1.5506e+03   1907.669      45785  1027.1312  1027.1297    33.7533    33.7513    8.13485         38 0.0000e+00
      3.000      2.971    -0.2560  27.885808    -0.2563  27.884196     8.1408     8.1171     0.4051    84.7218 7.4478e+02  -64.83080  -63.90168 344.684037      99.97 1.5605e+03   1933.782      46412  1027.1269  1027.1255    33.7539    33.7521    8.13479         31 0.0000e+00
      2.000      1.981    -0.2587  27.882859    -0.2593  27.880987     8.4514     9.0299     0.3763    84.7294 9.1571e+02  -64.83080  -63.90168 344.684050      90.95 1.5625e+03   1934.921      46439  1027.1221  1027.1206    33.7536    33.7517    8.13539         23 0.0000e+00
      1.000      0.989    -0.2579  27.882937    -0.2584  27.881020     9.5381     9.8822     0.3452    84.7100 2.4163e+03  -64.83080  -63.90168 344.684065       6.12 1.5648e+03   1936.228      46470  1027.1171  1027.1155    33.7533    33.7514    8.13522         38 0.0000e+00
