NBP2113_155081_ctd/data/nbp2113_047.ros
* Sea-Bird SBE 9 Data File:
* FileName = D:\Data\raw\NBP2113_047.hex
* Software Version Seasave V 7.26.7.121
* Temperature SN = 2438
* Conductivity SN = 2067
* Number of Bytes Per Scan = 40
* Number of Voltage Words = 5
* Number of Scans Averaged by the Deck Unit = 1
* NMEA Latitude = 64 51.26 S
* NMEA Longitude = 063 55.07 W
* NMEA UTC (Time) = Dec 11 2021  06:38:06
* NMEA baud rate = 9600
** Ship: RVIB N.B. Palmer
** Cruise: NBP2113 LTER
** Station: 622.029
** Operator: B. Urmston
# nquan = 20
# nvalues = 1114                                  
# units = specified
# name 0 = prDM: Pressure, Digiquartz [db]
# name 1 = depSM: Depth [salt water, m]
# name 2 = t090C: Temperature [ITS-90, deg C]
# name 3 = c0mS/cm: Conductivity [mS/cm]
# name 4 = t190C: Temperature, 2 [ITS-90, deg C]
# name 5 = c1mS/cm: Conductivity, 2 [mS/cm]
# name 6 = sbeox0ML/L: Oxygen, SBE 43 [ml/l]
# name 7 = sbeox1ML/L: Oxygen, SBE 43, 2 [ml/l]
# name 8 = flECO-AFL: Fluorescence, WET Labs ECO-AFL/FL [mg/m^3]
# name 9 = CStarTr0: Beam Transmission, WET Labs C-Star [%]
# name 10 = par: PAR/Irradiance, Biospherical/Licor
# name 11 = latitude: Latitude [deg]
# name 12 = longitude: Longitude [deg]
# name 13 = timeJ: Julian Days
# name 14 = altM: Altimeter [m]
# name 15 = spar: SPAR, Biospherical/Licor
# name 16 = timeS: Time, Elapsed [seconds]
# name 17 = scan: Scan Count
# name 18 = nbf: Bottles Fired
# name 19 = flag:  0.000e+00
# interval = seconds: 0.0416667
# start_time = Dec 11 2021 06:38:06 [NMEA time, header]
# bad_flag = -9.990e-29
*END*
[from data line 1014]
      5.303      5.251    -0.3228  27.877095    -0.3240  27.874784     7.9782     8.0164     1.6480    85.3955 5.0902e+00  -64.85470  -63.91810 345.298043      99.98 1.0577e+01   1864.958      44760         22  0.000e+00
      5.351      5.298    -0.3229  27.876923    -0.3240  27.874447     7.9769     8.0158     1.6480    85.3955 5.0740e+00  -64.85470  -63.91810 345.298044      99.98 1.0577e+01   1865.000      44761         22  0.000e+00
      5.303      5.251    -0.3228  27.876692    -0.3243  27.873942     7.9753     8.0153     1.6480    85.3955 5.0740e+00  -64.85470  -63.91810 345.298044      99.98 1.0577e+01   1865.042      44762         22  0.000e+00
      5.303      5.251    -0.3229  27.877095    -0.3245  27.873998     7.9678     8.0147     1.6406    85.3955 5.0579e+00  -64.85470  -63.91810 345.298045      99.98 1.0577e+01   1865.083      44763         22  0.000e+00
      5.303      5.251    -0.3228  27.876692    -0.3241  27.873155     7.9706     8.0142     1.6480    85.3955 5.0257e+00  -64.85470  -63.91810 345.298045      99.95 1.0577e+01   1865.125      44764         22  0.000e+00
      5.296      5.244    -0.3228  27.876692    -0.3238  27.873436     7.9687     8.0136     1.6480    85.3955 5.0098e+00  -64.85470  -63.91810 345.298046      99.95 1.0577e+01   1865.167      44765         22  0.000e+00
      5.255      5.203    -0.3228  27.877440    -0.3238  27.874222     7.9681     8.0131     1.6260    85.3955 4.9938e+00  -64.85470  -63.91810 345.298046      99.98 1.0577e+01   1865.208      44766         22  0.000e+00
      5.303      5.251    -0.3228  27.877095    -0.3246  27.874785     7.9618     8.0128     1.5527    85.3955 4.9779e+00  -64.85470  -63.91810 345.298047      99.98 1.0577e+01   1865.250      44767         22  0.000e+00
      5.255      5.203    -0.3228  27.876923    -0.3249  27.873941     7.9714     8.0125     1.5234    85.3955 4.9621e+00  -64.85470  -63.91810 345.298047      99.98 1.0577e+01   1865.292      44768         22  0.000e+00
      5.248      5.197    -0.3226  27.876922    -0.3257  27.872368     7.9733     8.0124     1.5234    85.3955 4.9463e+00  -64.85470  -63.91810 345.298048      99.93 1.0577e+01   1865.333      44769         22  0.000e+00
      5.303      5.251    -0.3231  27.877325    -0.3257  27.872143     7.9696     8.0121     1.5234    85.3955 4.9305e+00  -64.85470  -63.91810 345.298048      99.95 1.0577e+01   1865.375      44770         22  0.000e+00
      5.207      5.156    -0.3231  27.876405    -0.3261  27.871581     7.9702     8.0127     1.5234    85.3955 4.9305e+00  -64.85470  -63.91810 345.298049      99.98 1.0577e+01   1865.417      44771         22  0.000e+00
      5.303      5.251    -0.3232  27.876923    -0.3260  27.871581     7.9752     8.0135     1.5307    85.3955 4.9148e+00  -64.85470  -63.91810 345.298049      99.98 1.0577e+01   1865.458      44772         23  0.000e+00
      5.248      5.197    -0.3229  27.876577    -0.3263  27.871076     7.9770     8.0134     1.5234    85.4470 4.8991e+00  -64.85470  -63.91810 345.298050      99.98 1.0577e+01   1865.500      44773         23  0.000e+00
      5.207      5.156    -0.3234  27.876692    -0.3257  27.871581     7.9730     8.0140     1.5234    85.4470 4.8991e+00  -64.85470  -63.91810 345.298050      99.98 1.0577e+01   1865.542      44774         23  0.000e+00
      5.255      5.204    -0.3238  27.876117    -0.3260  27.871300     7.9722     8.0141     1.5307    85.4727 4.8991e+00  -64.85470  -63.91810 345.298051      99.98 1.0577e+01   1865.583      44775         23  0.000e+00
      5.207      5.156    -0.3238  27.875772    -0.3259  27.871862     7.9770     8.0139     1.5234    85.4470 4.8991e+00  -64.85470  -63.91810 345.298051      99.95 1.0577e+01   1865.625      44776         23  0.000e+00
      5.248      5.197    -0.3235  27.875369    -0.3254  27.871862     7.9728     8.0139     1.5234    85.4470 4.8991e+00  -64.85470  -63.91810 345.298052      99.95 1.0577e+01   1865.667      44777         23  0.000e+00
      5.255      5.204    -0.3234  27.875599    -0.3251  27.871581     7.9673     8.0140     1.5234    85.4470 4.8991e+00  -64.85470  -63.91810 345.298052      99.98 1.0577e+01   1865.708      44778         23  0.000e+00
      5.207      5.156    -0.3228  27.876059    -0.3247  27.871581     7.9648     8.0140     1.5234    85.4470 4.8991e+00  -64.85470  -63.91810 345.298053      99.98 1.0577e+01   1865.750      44779         23  0.000e+00
      5.248      5.197    -0.3228  27.876405    -0.3248  27.872143     7.9624     8.0141     1.5234    85.4727 4.8991e+00  -64.85470  -63.91812 345.298053      99.98 1.0577e+01   1865.792      44780         23  0.000e+00
      5.207      5.156    -0.3228  27.876405    -0.3248  27.871862     7.9614     8.0143     1.5234    85.4727 4.8991e+00  -64.85470  -63.91812 345.298054      99.93 1.0577e+01   1865.833      44781         23  0.000e+00
      5.255      5.204    -0.3225  27.876922    -0.3248  27.871862     7.9590     8.0145     1.5307    85.4470 4.8991e+00  -64.85470  -63.91812 345.298054      99.95 1.0577e+01   1865.875      44782         23  0.000e+00
      5.207      5.156    -0.3225  27.877095    -0.3246  27.872930     7.9566     8.0146     1.5234    85.4727 4.8991e+00  -64.85470  -63.91812 345.298055      99.98 1.0577e+01   1865.917      44783         23  0.000e+00
      5.248      5.197    -0.3223  27.876922    -0.3245  27.872874     7.9544     8.0149     1.5234    85.4727 4.9148e+00  -64.85470  -63.91812 345.298055      99.98 1.0577e+01   1865.958      44784         23  0.000e+00
      5.207      5.156    -0.3223  27.876692    -0.3243  27.873660     7.9520     8.0151     1.5234    85.4470 4.9148e+00  -64.85470  -63.91812 345.298056      99.98 1.0577e+01   1866.000      44785         23  0.000e+00
      5.255      5.204    -0.3220  27.877325    -0.3241  27.873941     7.9510     8.0155     1.5234    85.4727 4.9148e+00  -64.85470  -63.91812 345.298056      99.98 1.0577e+01   1866.042      44786         23  0.000e+00
      5.207      5.156    -0.3218  27.877210    -0.3228  27.873997     7.9501     8.0155     1.5234    85.4727 4.9305e+00  -64.85470  -63.91812 345.298057      99.98 1.0577e+01   1866.083      44787         23  0.000e+00
      5.248      5.197    -0.3214  27.878016    -0.3220  27.874447     7.9492     8.0158     1.5234    85.4470 4.9305e+00  -64.85470  -63.91812 345.298057      99.98 1.0577e+01   1866.125      44788         23  0.000e+00
      5.255      5.204    -0.3210  27.878936    -0.3222  27.875234     7.9496     8.0163     1.5234    85.4470 4.9305e+00  -64.85470  -63.91812 345.298057      99.95 1.0577e+01   1866.167      44789         23  0.000e+00
      5.255      5.204    -0.3209  27.878764    -0.3219  27.875796     7.9503     8.0167     1.5234    85.4470 4.9463e+00  -64.85470  -63.91812 345.298058      99.98 1.0577e+01   1866.208      44790         23  0.000e+00
      5.207      5.156    -0.3202  27.879569    -0.3214  27.876582     7.9496     8.0170     1.5307    85.4470 4.9463e+00  -64.85470  -63.91812 345.298058      99.98 1.0577e+01   1866.250      44791         23  0.000e+00
      5.248      5.197    -0.3202  27.879742    -0.3216  27.877088     7.9548     8.0230     1.5234    85.4470 4.9463e+00  -64.85470  -63.91812 345.298059      99.98 1.0577e+01   1866.292      44792         23  0.000e+00
      5.255      5.204    -0.3201  27.879857    -0.3211  27.877088     7.9570     8.0189     1.6113    85.4470 4.9779e+00  -64.85470  -63.91812 345.298059      99.95 1.0577e+01   1866.333      44793         23  0.000e+00
      5.255      5.204    -0.3201  27.880087    -0.3211  27.877144     7.9535     8.0195     1.6626    85.4727 4.9463e+00  -64.85470  -63.91812 345.298060      99.95 1.0577e+01   1866.375      44794         23  0.000e+00
      5.255      5.204    -0.3199  27.880490    -0.3209  27.877088     7.9531     8.0201     1.6699    85.4727 4.9621e+00  -64.85470  -63.91812 345.298060      99.98 1.0577e+01   1866.417      44795         23  0.000e+00
      5.296      5.244    -0.3199  27.880087    -0.3209  27.877369     7.9587     8.0208     1.6699    85.4470 4.9621e+00  -64.85470  -63.91812 345.298061      99.98 1.0577e+01   1866.458      44796         23  0.000e+00
      5.255      5.204    -0.3198  27.880663    -0.3209  27.877650     7.9596     8.0214     1.6699    85.4470 4.9621e+00  -64.85470  -63.91812 345.298061      99.98 1.0577e+01   1866.500      44797         23  0.000e+00
      5.255      5.204    -0.3198  27.880490    -0.3211  27.877088     7.9593     8.0223     1.6699    85.4470 4.9463e+00  -64.85470  -63.91812 345.298062      99.98 1.0577e+01   1866.542      44798         23  0.000e+00
      5.296      5.244    -0.3201  27.880663    -0.3211  27.877369     7.9532     8.0222     1.6699    85.4470 4.9463e+00  -64.85470  -63.91812 345.298062      99.98 1.0577e+01   1866.583      44799         23  0.000e+00
      5.255      5.204    -0.3201  27.880375    -0.3211  27.877088     7.9573     8.0220     1.6699    85.4470 4.9621e+00  -64.85470  -63.91812 345.298063      99.95 1.0577e+01   1866.625      44800         23  0.000e+00
      5.303      5.251    -0.3202  27.880778    -0.3213  27.877650     7.9582     8.0229     1.6699    85.4470 4.9463e+00  -64.85470  -63.91812 345.298063      99.93 1.0577e+01   1866.667      44801         23  0.000e+00
      5.303      5.251    -0.3204  27.880375    -0.3209  27.877594     7.9535     8.0227     1.6699    85.4470 4.9621e+00  -64.85470  -63.91812 345.298064      99.98 1.0577e+01   1866.708      44802         23  0.000e+00
      5.296      5.244    -0.3205  27.879569    -0.3211  27.877088     7.9532     8.0236     1.6699    85.4470 4.9621e+00  -64.85470  -63.91812 345.298064      99.98 1.0577e+01   1866.750      44803         23  0.000e+00
      5.358      5.305    -0.3209  27.879742    -0.3213  27.877651     7.9517     8.0236     1.6699    85.4470 4.9621e+00  -64.85470  -63.91812 345.298065      99.98 1.0577e+01   1866.792      44804         23  0.000e+00
      5.303      5.251    -0.3207  27.879052    -0.3209  27.877594     7.9514     8.0289     1.6699    85.4470 4.9621e+00  -64.85470  -63.91812 345.298065      99.95 1.0577e+01   1866.833      44805         23  0.000e+00
      5.303      5.251    -0.3207  27.879052    -0.3209  27.877369     7.9512     8.0297     1.6699    85.4470 4.9621e+00  -64.85470  -63.91812 345.298066      99.95 1.0577e+01   1866.875      44806         23  0.000e+00
      5.351      5.299    -0.3207  27.879570    -0.3209  27.877089     7.9439     8.0305     1.6699    85.4470 4.9779e+00  -64.85470  -63.91812 345.298066      99.98 1.0577e+01   1866.917      44807         23  0.000e+00
      5.303      5.251    -0.3207  27.879454    -0.3208  27.878212     7.9468     8.0310     1.6699    85.4470 4.9779e+00  -64.85470  -63.91812 345.298067      99.98 1.0577e+01   1866.958      44808         23  0.000e+00
      5.358      5.305    -0.3209  27.879339    -0.3209  27.877875     7.9468     8.0318     1.6699    85.4470 4.9779e+00  -64.85470  -63.91812 345.298067      99.98 1.0577e+01   1867.000      44809         23  0.000e+00
      5.358      5.305    -0.3209  27.879570    -0.3207  27.877875     7.9467     8.0270     1.6626    85.4470 4.9938e+00  -64.85470  -63.91812 345.298068      99.98 1.0577e+01   1867.042      44810         23  0.000e+00
      5.351      5.299    -0.3210  27.879454    -0.3208  27.877651     7.9410     8.0268     1.6699    85.4470 4.9938e+00  -64.85470  -63.91812 345.298068      99.98 1.0577e+01   1867.083      44811         24  0.000e+00
      5.406      5.353    -0.3207  27.878764    -0.3208  27.877875     7.9442     8.0266     1.6699    85.4470 4.9938e+00  -64.85470  -63.91812 345.298069      99.98 1.0577e+01   1867.125      44812         24  0.000e+00
      5.358      5.305    -0.3210  27.879052    -0.3205  27.877875     7.9443     8.0263     1.6699    85.4212 4.9938e+00  -64.85470  -63.91812 345.298069      99.93 1.0577e+01   1867.167      44813         24  0.000e+00
      5.406      5.353    -0.3210  27.879167    -0.3208  27.877594     7.9445     8.0262     1.6699    85.3955 4.9938e+00  -64.85470  -63.91812 345.298070      99.95 1.0577e+01   1867.208      44814         24  0.000e+00
      5.351      5.299    -0.3215  27.879052    -0.3205  27.878212     7.9447     8.0259     1.6699    85.3955 4.9938e+00  -64.85470  -63.91812 345.298070      99.98 1.0577e+01   1867.250      44815         24  0.000e+00
      5.406      5.353    -0.3220  27.878764    -0.3203  27.878381     7.9496     8.0311     1.6626    85.3955 4.9938e+00  -64.85470  -63.91812 345.298071      99.98 1.0577e+01   1867.292      44816         24  0.000e+00
      5.358      5.306    -0.3220  27.878649    -0.3202  27.878381     7.9467     8.0316     1.6699    85.3955 4.9938e+00  -64.85470  -63.91812 345.298071      99.95 1.0577e+01   1867.333      44817         24  0.000e+00
      5.447      5.394    -0.3218  27.878016    -0.3204  27.877932     7.9485     8.0324     1.6699    85.3955 4.9938e+00  -64.85470  -63.91812 345.298071      99.93 1.0577e+01   1867.375      44818         24  0.000e+00
      5.461      5.407    -0.3217  27.877729    -0.3202  27.878887     7.9490     8.0328     1.6260    85.3955 4.9938e+00  -64.85470  -63.91812 345.298072      99.95 1.0577e+01   1867.417      44819         24  0.000e+00
      5.406      5.353    -0.3221  27.877901    -0.3205  27.878381     7.9552     8.0333     1.5674    85.3955 5.0098e+00  -64.85470  -63.91812 345.298072      99.98 1.0577e+01   1867.458      44820         24  0.000e+00
      5.406      5.353    -0.3225  27.878016    -0.3207  27.878662     7.9585     8.0338     1.5600    85.3955 4.9938e+00  -64.85470  -63.91812 345.298073      99.98 1.0577e+01   1867.500      44821         24  0.000e+00
      5.447      5.394    -0.3229  27.877441    -0.3205  27.878438     7.9619     8.0342     1.5600    85.3955 4.9938e+00  -64.85470  -63.91812 345.298073      99.98 1.0577e+01   1867.542      44822         24  0.000e+00
      5.461      5.407    -0.3229  27.877096    -0.3209  27.878662     7.9581     8.0347     1.5600    85.3955 4.9938e+00  -64.85470  -63.91812 345.298074      99.98 1.0577e+01   1867.583      44823         24  0.000e+00
      5.406      5.353    -0.3229  27.877211    -0.3208  27.877875     7.9644     8.0350     1.5674    85.3955 4.9938e+00  -64.85470  -63.91812 345.298074      99.95 1.0577e+01   1867.625      44824         24  0.000e+00
      5.461      5.407    -0.3229  27.876693    -0.3208  27.877932     7.9679     8.0354     1.5674    85.3955 4.9938e+00  -64.85470  -63.91812 345.298075      99.95 1.0577e+01   1867.667      44825         24  0.000e+00
      5.502      5.448    -0.3226  27.876923    -0.3211  27.877876     7.9642     8.0358     1.5600    85.3955 4.9779e+00  -64.85470  -63.91812 345.298075      99.95 1.0577e+01   1867.708      44826         24  0.000e+00
      5.461      5.407    -0.3228  27.877326    -0.3213  27.877876     7.9578     8.0360     1.5600    85.3955 4.9621e+00  -64.85470  -63.91812 345.298076      99.98 1.0577e+01   1867.750      44827         24  0.000e+00
      5.461      5.407    -0.3221  27.877211    -0.3208  27.878100     7.9615     8.0361     1.5674    85.3955 4.9621e+00  -64.85470  -63.91812 345.298076      99.98 1.0577e+01   1867.792      44828         24  0.000e+00
      5.509      5.455    -0.3221  27.877211    -0.3207  27.877932     7.9610     8.0363     1.5600    85.3955 4.9463e+00  -64.85470  -63.91812 345.298077      99.93 1.0577e+01   1867.833      44829         24  0.000e+00
      5.502      5.448    -0.3225  27.877901    -0.3208  27.878101     7.9547     8.0365     1.5674    85.3955 4.9305e+00  -64.85470  -63.91812 345.298077      99.95 1.0577e+01   1867.875      44830         24  0.000e+00
