NBP2113_155081_ctd/data/nbp2113_045.cnv
* Sea-Bird SBE 9 Data File:
* FileName = D:\Data\raw\NBP2113_045.hex
* Software Version Seasave V 7.26.7.121
* Temperature SN = 2438
* Conductivity SN = 2067
* Number of Bytes Per Scan = 40
* Number of Voltage Words = 5
* Number of Scans Averaged by the Deck Unit = 1
* NMEA Latitude = 64 53.15 S
* NMEA Longitude = 063 45.53 W
* NMEA UTC (Time) = Dec 11 2021  03:56:53
* NMEA baud rate = 9600
** Ship: RVIB N.B. Palmer
** Cruise: NBP2113 LTER
** Station: 624.021
** Operator: B. Urmston
# nquan = 25
# nvalues = 1229                        
# units = specified
# name 0 = prDM: Pressure, Digiquartz [db]
# name 1 = depSM: Depth [salt water, m]
# name 2 = t090C: Temperature [ITS-90, deg C]
# name 3 = c0mS/cm: Conductivity [mS/cm]
# name 4 = t190C: Temperature, 2 [ITS-90, deg C]
# name 5 = c1mS/cm: Conductivity, 2 [mS/cm]
# name 6 = sbeox0ML/L: Oxygen, SBE 43 [ml/l]
# name 7 = sbeox1ML/L: Oxygen, SBE 43, 2 [ml/l]
# name 8 = flECO-AFL: Fluorescence, WET Labs ECO-AFL/FL [mg/m^3]
# name 9 = CStarTr0: Beam Transmission, WET Labs C-Star [%]
# name 10 = par: PAR/Irradiance, Biospherical/Licor
# name 11 = latitude: Latitude [deg]
# name 12 = longitude: Longitude [deg]
# name 13 = timeJ: Julian Days
# name 14 = altM: Altimeter [m]
# name 15 = spar: SPAR, Biospherical/Licor
# name 16 = timeS: Time, Elapsed [seconds]
# name 17 = scan: Scan Count
# name 18 = density00: Density [density, kg/m^3]
# name 19 = density11: Density, 2 [density, kg/m^3]
# name 20 = sal00: Salinity, Practical [PSU]
# name 21 = sal11: Salinity, Practical, 2 [PSU]
# name 22 = oxsolML/L: Oxygen Saturation, Garcia & Gordon [ml/l]
# name 23 = nbin: number of scans per bin
# name 24 = flag: flag
# span 0 =      1.000,    617.000       
# span 1 =      0.991,    610.041       
# span 2 =    -0.3407,     1.2253       
# span 3 =  27.879721,  30.078503       
# span 4 =    -0.3418,     1.2246       
# span 5 =  27.877313,  30.076976       
# span 6 =     4.3668,     9.8020       
# span 7 =     4.4391,     9.8969       
# span 8 =    -0.0151,     2.3245       
# span 9 =    84.5699,    91.7734       
# span 10 = -1.125e-05, 2.4859e+00      
# span 11 =  -64.88606,  -64.88554      
# span 12 =  -63.75908,  -63.75803      
# span 13 = 345.167817, 345.195261      
# span 14 =       1.16,     100.14      
# span 15 = 0.0000e+00, 0.0000e+00      
# span 16 =    286.406,   2657.586      
# span 17 =       6875,      63783      
# span 18 =  1027.1118,  1030.6218      
# span 19 =  1027.1103,  1030.6206      
# span 20 =    33.7502,    34.6169      
# span 21 =    33.7469,    34.6154      
# span 22 =    7.78182,    8.14873      
# span 23 =          8,         52      
# span 24 = 0.0000e+00, 0.0000e+00      
# interval = decibars: 1                
# start_time = Dec 11 2021 03:56:53 [NMEA time, header]
# bad_flag = -9.990e-29
*END*
[from data line 696]
    533.000    527.102     1.1503  29.962984     1.1502  29.961697     4.4800     4.5323     0.0050    91.5471 1.0000e-12  -64.88604  -63.75904 345.181506      91.29 0.0000e+00   1469.125      35260  1030.2216  1030.2204    34.5985    34.5970    7.79771         41 0.0000e+00
    532.000    526.112     1.1506  29.962847     1.1506  29.961705     4.4709     4.5393     0.0004    91.5475 1.0000e-12  -64.88604  -63.75904 345.181525      92.07 0.0000e+00   1470.787      35300  1030.2169  1030.2157    34.5986    34.5971    7.79765         36 0.0000e+00
    531.000    525.126     1.1500  29.961816     1.1498  29.960462     4.4775     4.5373    -0.0038    91.5290 1.0000e-12  -64.88604  -63.75904 345.181543      92.50 0.0000e+00   1472.298      35336  1030.2122  1030.2110    34.5985    34.5970    7.79777         35 0.0000e+00
    530.000    524.138     1.1490  29.960412     1.1492  29.959378     4.4793     4.5405    -0.0020    91.5464 1.0000e-12  -64.88604  -63.75904 345.181561      94.25 0.0000e+00   1473.870      35374  1030.2075  1030.2063    34.5984    34.5969    7.79797         37 0.0000e+00
    529.000    523.149     1.1490  29.959846     1.1489  29.958658     4.4744     4.5376     0.0056    91.5698 1.0000e-12  -64.88604  -63.75904 345.181584      94.99 0.0000e+00   1475.878      35422  1030.2027  1030.2015    34.5983    34.5968    7.79799         32 0.0000e+00
    528.000    522.161     1.1494  29.959739     1.1501  29.959319     4.4809     4.5407     0.0093    91.5782 1.0000e-12  -64.88604  -63.75904 345.181612      96.53 0.0000e+00   1478.251      35479  1030.1979  1030.1968    34.5983    34.5969    7.79791         45 0.0000e+00
    527.000    521.174     1.1475  29.957550     1.1484  29.957329     4.4821     4.5438     0.0089    91.5515 1.0000e-12  -64.88604  -63.75904 345.181633      93.52 0.0000e+00   1480.114      35524  1030.1933  1030.1922    34.5981    34.5968    7.79829         37 0.0000e+00
    526.000    520.187     1.1443  29.953635     1.1452  29.953490     4.4824     4.5360     0.0011    91.5693 1.0000e-12  -64.88604  -63.75904 345.181652      91.01 0.0000e+00   1481.730      35563  1030.1882  1030.1872    34.5972    34.5960    7.79897         38 0.0000e+00
    525.000    519.199     1.1464  29.955437     1.1451  29.952807     4.4794     4.5420    -0.0006    91.5584 1.0000e-12  -64.88604  -63.75904 345.181671      98.94 0.0000e+00   1483.402      35603  1030.1837  1030.1823    34.5977    34.5958    7.79853         41 0.0000e+00
    524.000    518.212     1.1486  29.957295     1.1469  29.954317     4.4720     4.5375    -0.0082    91.5738 1.0000e-12  -64.88604  -63.75903 345.181695      95.03 0.0000e+00   1485.416      35651  1030.1793  1030.1778    34.5983    34.5963    7.79807         41 0.0000e+00
    523.000    517.222     1.1499  29.958376     1.1496  29.957002     4.4779     4.5348    -0.0038    91.5982 1.0000e-12  -64.88604  -63.75902 345.181718      94.15 0.0000e+00   1487.477      35700  1030.1748  1030.1737    34.5987    34.5974    7.79777         44 0.0000e+00
    522.000    516.237     1.1491  29.956964     1.1492  29.955839     4.4802     4.5379     0.0032    91.5822 1.0000e-12  -64.88604  -63.75902 345.181748      95.13 0.0000e+00   1490.046      35762  1030.1700  1030.1687    34.5985    34.5969    7.79796         44 0.0000e+00
    521.000    515.249     1.1494  29.956855     1.1496  29.955893     4.4725     4.5335    -0.0050    91.6050 1.0000e-12  -64.88602  -63.75903 345.181777      96.29 0.0000e+00   1492.551      35822  1030.1653  1030.1641    34.5985    34.5971    7.79788         37 0.0000e+00
    520.000    514.260     1.1512  29.958483     1.1513  29.957413     4.4705     4.5320     0.0038    91.5986 1.0000e-12  -64.88602  -63.75903 345.181795      97.08 0.0000e+00   1494.056      35858  1030.1610  1030.1598    34.5992    34.5977    7.79749         28 0.0000e+00
    519.000    513.273     1.1502  29.956893     1.1501  29.955801     4.4791     4.5322     0.0092    91.5694 1.0000e-12  -64.88602  -63.75903 345.181811      98.11 0.0000e+00   1495.426      35891  1030.1562  1030.1551    34.5989    34.5976    7.79772         36 0.0000e+00
    518.000    512.287     1.1510  29.957256     1.1508  29.955929     4.4747     4.5329    -0.0057    91.5450 1.0000e-12  -64.88602  -63.75902 345.181847      99.36 0.0000e+00   1498.568      35967  1030.1516  1030.1504    34.5990    34.5976    7.79755         25 0.0000e+00
    517.000    511.298     1.1511  29.957054     1.1511  29.955803     4.4711     4.5364    -0.0017    91.5649 1.0000e-12  -64.88602  -63.75902 345.181891      99.81 0.0000e+00   1502.346      36057  1030.1470  1030.1457    34.5992    34.5976    7.79752         43 0.0000e+00
    516.000    510.310     1.1507  29.956142     1.1504  29.954655     4.4738     4.5349    -0.0076    91.5454 1.0000e-12  -64.88602  -63.75902 345.181913      99.33 0.0000e+00   1504.266      36103  1030.1423  1030.1410    34.5991    34.5975    7.79761         38 0.0000e+00
    515.000    509.322     1.1514  29.956400     1.1509  29.954738     4.4695     4.5310    -0.0075    91.5720 1.0000e-12  -64.88602  -63.75903 345.181933      99.63 0.0000e+00   1505.990      36145  1030.1376  1030.1363    34.5992    34.5976    7.79746         40 0.0000e+00
    514.000    508.336     1.1518  29.956418     1.1513  29.954700     4.4723     4.5325    -0.0006    91.5499 1.0000e-12  -64.88602  -63.75902 345.181976      99.97 0.0000e+00   1509.711      36234  1030.1329  1030.1317    34.5994    34.5977    7.79737         33 0.0000e+00
    513.000    507.347     1.1515  29.955677     1.1511  29.954089     4.4723     4.5343    -0.0002    91.5223 1.0000e-12  -64.88602  -63.75902 345.182023      99.97 0.0000e+00   1513.821      36333  1030.1282  1030.1270    34.5993    34.5977    7.79743         40 0.0000e+00
    512.000    506.359     1.1516  29.955295     1.1512  29.953724     4.4831     4.5376    -0.0067    91.5575 1.0000e-12  -64.88602  -63.75902 345.182045      99.97 0.0000e+00   1515.686      36377  1030.1236  1030.1224    34.5993    34.5977    7.79742         39 0.0000e+00
    511.000    505.368     1.1504  29.953642     1.1506  29.952712     4.4858     4.5349    -0.0021    91.5521 1.0000e-12  -64.88602  -63.75902 345.182082      99.97 0.0000e+00   1518.862      36454  1030.1188  1030.1177    34.5990    34.5976    7.79766         24 0.0000e+00
    510.000    504.385     1.1490  29.951650     1.1493  29.951075     4.4818     4.5382     0.0017    91.5438 1.0000e-12  -64.88602  -63.75900 345.182136      99.97 0.0000e+00   1523.563      36567  1030.1140  1030.1130    34.5986    34.5975    7.79796         30 0.0000e+00
    509.000    503.395     1.1460  29.948099     1.1455  29.946420     4.4897     4.5454     0.0088    91.5804 1.0000e-12  -64.88602  -63.75902 345.182174      99.97 0.0000e+00   1526.797      36644  1030.1091  1030.1079    34.5980    34.5964    7.79860         39 0.0000e+00
    508.000    502.407     1.1440  29.945535     1.1439  29.944275     4.4896     4.5456     0.0025    91.5631 1.0000e-12  -64.88602  -63.75902 345.182192      99.97 0.0000e+00   1528.387      36682  1030.1041  1030.1030    34.5974    34.5959    7.79902         44 0.0000e+00
    507.000    501.423     1.1441  29.945139     1.1437  29.943578     4.4831     4.5456     0.0075    91.5565 1.0000e-12  -64.88602  -63.75900 345.182251      99.97 0.0000e+00   1533.447      36804  1030.0994  1030.0982    34.5974    34.5958    7.79900         29 0.0000e+00
    506.000    500.432     1.1438  29.944458     1.1438  29.943286     4.4824     4.5452     0.0023    91.5747 1.0000e-12  -64.88602  -63.75900 345.182286      99.97 0.0000e+00   1536.513      36877  1030.0947  1030.0935    34.5974    34.5959    7.79906         35 0.0000e+00
    505.000    499.447     1.1431  29.943010     1.1435  29.942533     4.4879     4.5475    -0.0029    91.6041 1.0000e-12  -64.88601  -63.75899 345.182465      83.39 0.0000e+00   1551.990      37249  1030.0897  1030.0887    34.5970    34.5958    7.79924         35 0.0000e+00
    504.000    498.456     1.1417  29.941474     1.1425  29.941077     4.4861     4.5475    -0.0077    91.5500 1.0000e-12  -64.88600  -63.75898 345.182582     100.14 0.0000e+00   1562.124      37492  1030.0851  1030.0840    34.5970    34.5957    7.79950         28 0.0000e+00
    503.000    497.470     1.1405  29.939641     1.1401  29.938162     4.4885     4.5493    -0.0108    91.5427 1.0000e-12  -64.88600  -63.75898 345.182594      99.97 0.0000e+00   1563.147      37517  1030.0803  1030.0792    34.5966    34.5952    7.79977         26 0.0000e+00
    502.000    496.479     1.1402  29.938785     1.1395  29.937098     4.4878     4.5493    -0.0073    91.5528 1.0000e-12  -64.88600  -63.75898 345.182608      99.97 0.0000e+00   1564.306      37544  1030.0755  1030.0744    34.5965    34.5951    7.79984         31 0.0000e+00
    501.000    495.493     1.1398  29.938004     1.1386  29.935558     4.4849     4.5530     0.0071    91.5664 1.0000e-12  -64.88600  -63.75896 345.182627      99.97 0.0000e+00   1565.936      37583  1030.0708  1030.0695    34.5964    34.5947    7.79991         40 0.0000e+00
    500.000    494.505     1.1397  29.937466     1.1385  29.935113     4.4967     4.5680     0.0005    91.5784 1.0000e-12  -64.88600  -63.75896 345.182651      99.97 0.0000e+00   1568.080      37635  1030.0661  1030.0649    34.5964    34.5948    7.79993         42 0.0000e+00
    499.000    493.516     1.1354  29.932483     1.1347  29.928473     4.4955     4.5669    -0.0107    91.5994 1.0000e-12  -64.88600  -63.75896 345.182670      99.97 0.0000e+00   1569.658      37673  1030.0611  1030.0576    34.5954    34.5910    7.80085         29 0.0000e+00
    498.000    492.530     1.1326  29.929233     1.1322  29.927729     4.5054     4.5626    -0.0119    91.5572 1.0000e-12  -64.88600  -63.75897 345.182683      99.97 0.0000e+00   1570.825      37701  1030.0563  1030.0551    34.5948    34.5934    7.80143         26 0.0000e+00
    497.000    491.541     1.1301  29.925935     1.1296  29.924339     4.5030     4.5595    -0.0073    91.5694 1.0000e-12  -64.88600  -63.75897 345.182695      99.97 0.0000e+00   1571.893      37726  1030.0511  1030.0499    34.5940    34.5925    7.80197         25 0.0000e+00
    496.000    490.553     1.1300  29.925384     1.1299  29.924038     4.4991     4.5641    -0.0049    91.5586 1.0000e-12  -64.88600  -63.75897 345.182708      99.97 0.0000e+00   1572.939      37752  1030.0463  1030.0451    34.5939    34.5924    7.80200         26 0.0000e+00
    495.000    489.567     1.1303  29.925274     1.1299  29.923780     4.5035     4.5654    -0.0004    91.5572 1.0000e-12  -64.88600  -63.75897 345.182720      99.97 0.0000e+00   1573.986      37777  1030.0417  1030.0406    34.5941    34.5926    7.80194         24 0.0000e+00
    494.000    488.578     1.1309  29.925438     1.1309  29.924253     4.5008     4.5612     0.0026    91.5497 1.0000e-12  -64.88600  -63.75896 345.182732      99.97 0.0000e+00   1575.040      37802  1030.0370  1030.0358    34.5942    34.5927    7.80181         27 0.0000e+00
    493.000    487.590     1.1315  29.925587     1.1316  29.924617     4.4977     4.5625     0.0015    91.5537 1.0000e-12  -64.88600  -63.75896 345.182746      99.97 0.0000e+00   1576.215      37830  1030.0324  1030.0313    34.5943    34.5930    7.80168         31 0.0000e+00
    492.000    486.603     1.1318  29.925504     1.1316  29.924284     4.5007     4.5584    -0.0086    91.5538 1.0000e-12  -64.88600  -63.75895 345.182764      99.97 0.0000e+00   1577.789      37868  1030.0277  1030.0266    34.5944    34.5930    7.80162         38 0.0000e+00
    491.000    485.614     1.1320  29.925245     1.1315  29.923742     4.4983     4.5561    -0.0036    91.5770 1.0000e-12  -64.88600  -63.75895 345.182784      99.97 0.0000e+00   1579.575      37911  1030.0231  1030.0219    34.5945    34.5930    7.80158         36 0.0000e+00
    490.000    484.627     1.1326  29.925571     1.1325  29.924377     4.4946     4.5619     0.0107    91.5500 1.0000e-12  -64.88600  -63.75895 345.182800      99.97 0.0000e+00   1580.928      37943  1030.0185  1030.0174    34.5948    34.5933    7.80144         28 0.0000e+00
    489.000    483.638     1.1311  29.923551     1.1312  29.922521     4.4998     4.5602     0.0134    91.5177 1.0000e-12  -64.88600  -63.75896 345.182813      99.97 0.0000e+00   1582.003      37969  1030.0137  1030.0126    34.5944    34.5930    7.80175         25 0.0000e+00
    488.000    482.652     1.1309  29.922904     1.1307  29.921564     4.4866     4.5591     0.0116    91.5343 1.0000e-12  -64.88600  -63.75896 345.182824      99.97 0.0000e+00   1582.970      37992  1030.0090  1030.0078    34.5943    34.5929    7.80179         22 0.0000e+00
    487.000    481.663     1.1316  29.923157     1.1315  29.921873     4.4861     4.5594     0.0094    91.5596 1.0000e-12  -64.88600  -63.75896 345.182834      99.97 0.0000e+00   1583.879      38014  1030.0044  1030.0032    34.5945    34.5930    7.80165         21 0.0000e+00
    486.000    480.675     1.1320  29.923146     1.1316  29.921673     4.5005     4.5568     0.0066    91.5620 1.0000e-12  -64.88600  -63.75896 345.182845      99.97 0.0000e+00   1584.784      38036  1029.9997  1029.9986    34.5946    34.5932    7.80157         23 0.0000e+00
    485.000    479.687     1.1317  29.922366     1.1314  29.920938     4.5012     4.5554     0.0012    91.5510 1.0000e-12  -64.88600  -63.75895 345.182856      99.97 0.0000e+00   1585.768      38059  1029.9950  1029.9939    34.5945    34.5931    7.80163         25 0.0000e+00
    484.000    478.700     1.1323  29.922663     1.1319  29.921048     4.5003     4.5609     0.0048    91.5700 1.0000e-12  -64.88600  -63.75894 345.182870      99.97 0.0000e+00   1586.944      38088  1029.9904  1029.9892    34.5948    34.5932    7.80150         32 0.0000e+00
    483.000    477.712     1.1319  29.921818     1.1314  29.920056     4.4996     4.5638    -0.0077    91.5572 1.0000e-12  -64.88600  -63.75894 345.182888      99.97 0.0000e+00   1588.529      38126  1029.9858  1029.9845    34.5947    34.5931    7.80158         41 0.0000e+00
    482.000    476.724     1.1318  29.921147     1.1314  29.919654     4.4988     4.5607     0.0017    91.5566 1.0000e-12  -64.88600  -63.75894 345.182908      99.97 0.0000e+00   1590.266      38167  1029.9810  1029.9798    34.5946    34.5931    7.80162         37 0.0000e+00
    481.000    475.735     1.1305  29.919388     1.1305  29.918272     4.5019     4.5594     0.0026    91.5883 1.0000e-12  -64.88600  -63.75894 345.182923      99.97 0.0000e+00   1591.564      38199  1029.9762  1029.9750    34.5943    34.5929    7.80188         27 0.0000e+00
    480.000    474.748     1.1307  29.919113     1.1304  29.917860     4.5046     4.5650    -0.0054    91.5558 1.0000e-12  -64.88600  -63.75894 345.182935      99.97 0.0000e+00   1592.616      38224  1029.9716  1029.9705    34.5944    34.5931    7.80185         24 0.0000e+00
    479.000    473.762     1.1298  29.917856     1.1284  29.915501     4.5107     4.5728    -0.0022    91.5971 1.0000e-12  -64.88600  -63.75894 345.182947      99.97 0.0000e+00   1593.609      38248  1029.9669  1029.9658    34.5943    34.5928    7.80202         24 0.0000e+00
    478.000    472.770     1.1258  29.913424     1.1260  29.912295     4.5165     4.5744    -0.0078    91.5774 1.0000e-12  -64.88600  -63.75894 345.182959      99.97 0.0000e+00   1594.613      38272  1029.9621  1029.9607    34.5936    34.5919    7.80286         24 0.0000e+00
    477.000    471.784     1.1203  29.906691     1.1212  29.906666     4.5270     4.5784    -0.0069    91.5754 1.0000e-12  -64.88600  -63.75894 345.182970      99.97 0.0000e+00   1595.641      38296  1029.9564  1029.9555    34.5916    34.5906    7.80406         26 0.0000e+00
