NBP2113_155081_ctd/data/nbp2113_048.cnv
* Sea-Bird SBE 9 Data File:
* FileName = D:\Data\raw\NBP2113_048.hex
* Software Version Seasave V 7.26.7.121
* Temperature SN = 2438
* Conductivity SN = 2067
* Number of Bytes Per Scan = 40
* Number of Voltage Words = 5
* Number of Scans Averaged by the Deck Unit = 1
* NMEA Latitude = 64 50.77 S
* NMEA Longitude = 064 00.25 W
* NMEA UTC (Time) = Dec 11 2021  07:43:13
* NMEA baud rate = 9600
** Ship: RVIB N.B. Palmer
** Cruise: NBP2113 LTER
** Station: 620.032
** Operator: B. Urmston
# nquan = 25
# nvalues = 791                         
# units = specified
# name 0 = prDM: Pressure, Digiquartz [db]
# name 1 = depSM: Depth [salt water, m]
# name 2 = t090C: Temperature [ITS-90, deg C]
# name 3 = c0mS/cm: Conductivity [mS/cm]
# name 4 = t190C: Temperature, 2 [ITS-90, deg C]
# name 5 = c1mS/cm: Conductivity, 2 [mS/cm]
# name 6 = sbeox0ML/L: Oxygen, SBE 43 [ml/l]
# name 7 = sbeox1ML/L: Oxygen, SBE 43, 2 [ml/l]
# name 8 = flECO-AFL: Fluorescence, WET Labs ECO-AFL/FL [mg/m^3]
# name 9 = CStarTr0: Beam Transmission, WET Labs C-Star [%]
# name 10 = par: PAR/Irradiance, Biospherical/Licor
# name 11 = latitude: Latitude [deg]
# name 12 = longitude: Longitude [deg]
# name 13 = timeJ: Julian Days
# name 14 = altM: Altimeter [m]
# name 15 = spar: SPAR, Biospherical/Licor
# name 16 = timeS: Time, Elapsed [seconds]
# name 17 = scan: Scan Count
# name 18 = density00: Density [density, kg/m^3]
# name 19 = density11: Density, 2 [density, kg/m^3]
# name 20 = sal00: Salinity, Practical [PSU]
# name 21 = sal11: Salinity, Practical, 2 [PSU]
# name 22 = oxsolML/L: Oxygen Saturation, Garcia & Gordon [ml/l]
# name 23 = nbin: number of scans per bin
# name 24 = flag: flag
# span 0 =      1.000,    398.000       
# span 1 =      0.990,    393.723       
# span 2 =    -0.4070,     1.3878       
# span 3 =  27.754652,  30.156891       
# span 4 =    -0.4089,     1.3874       
# span 5 =  27.750678,  30.155433       
# span 6 =     4.1809,     9.5026       
# span 7 =     4.2436,     9.8630       
# span 8 =    -0.0223,     1.9144       
# span 9 =    83.9902,    91.2091       
# span 10 = -1.443e-04, 6.2505e+01      
# span 11 =  -64.84630,  -64.84602      
# span 12 =  -64.00432,  -64.00378      
# span 13 = 345.324809, 345.343728      
# span 14 =       9.50,     100.65      
# span 15 = 3.8779e+01, 4.5834e+01      
# span 16 =    270.507,   1905.131      
# span 17 =       6493,      45724      
# span 18 =  1027.1111,  1029.6198      
# span 19 =  1027.1091,  1029.6187      
# span 20 =    33.7438,    34.6617      
# span 21 =    33.7406,    34.6603      
# span 22 =    7.74731,    8.16775      
# span 23 =         15,         60      
# span 24 = 0.0000e+00, 0.0000e+00      
# interval = decibars: 1                
# start_time = Dec 11 2021 07:43:13 [NMEA time, header]
# bad_flag = -9.990e-29
*END*
[from data line 406]
    385.000    380.875     1.3870  30.150385     1.3866  30.149024     4.1812     4.2544    -0.0114    91.1030 1.0000e-12  -64.84604  -64.00380 345.333832      21.31 4.4588e+01   1050.057      25202  1029.5589  1029.5579    34.6613    34.6600    7.74747         29 0.0000e+00
    384.000    379.887     1.3869  30.149943     1.3866  30.148561     4.1887     4.2518    -0.0150    91.1099 1.0000e-12  -64.84604  -64.00381 345.333848      22.17 4.4068e+01   1051.476      25236  1029.5543  1029.5532    34.6614    34.6601    7.74748         37 0.0000e+00
    383.000    378.899     1.3868  30.149489     1.3865  30.148048     4.1923     4.2492    -0.0150    91.0956 1.0000e-12  -64.84604  -64.00381 345.333866      23.49 4.4072e+01   1053.065      25275  1029.5497  1029.5486    34.6615    34.6600    7.74749         34 0.0000e+00
    382.000    377.909     1.3869  30.149057     1.3865  30.147535     4.1857     4.2483    -0.0109    91.0779 1.0000e-12  -64.84604  -64.00382 345.333881      24.00 4.4072e+01   1054.339      25305  1029.5450  1029.5438    34.6615    34.6600    7.74749         27 0.0000e+00
    381.000    376.923     1.3868  30.148542     1.3865  30.147238     4.1834     4.2477    -0.0103    91.0601 1.0000e-12  -64.84604  -64.00382 345.333893      24.97 4.4072e+01   1055.331      25329  1029.5404  1029.5393    34.6615    34.6601    7.74750         22 0.0000e+00
    380.000    375.932     1.3869  30.148158     1.3866  30.146820     4.1827     4.2483    -0.0123    91.0861 1.0000e-12  -64.84604  -64.00382 345.333903      25.91 4.4072e+01   1056.226      25350  1029.5356  1029.5345    34.6615    34.6601    7.74749         22 0.0000e+00
    379.000    374.946     1.3867  30.147654     1.3864  30.146255     4.1869     4.2487     0.0004    91.0895 1.0000e-12  -64.84604  -64.00382 345.333914      26.81 4.4072e+01   1057.157      25373  1029.5310  1029.5299    34.6616    34.6602    7.74751         23 0.0000e+00
    378.000    373.957     1.3866  30.147112     1.3863  30.145658     4.1860     4.2483    -0.0080    91.1114 1.0000e-12  -64.84604  -64.00380 345.333926      28.27 4.4072e+01   1058.245      25399  1029.5263  1029.5251    34.6616    34.6601    7.74753         30 0.0000e+00
    377.000    372.968     1.3866  30.146688     1.3863  30.145179     4.1839     4.2494    -0.0109    91.1087 1.0000e-12  -64.84604  -64.00381 345.333944      29.59 4.4072e+01   1059.745      25435  1029.5217  1029.5204    34.6616    34.6601    7.74752         37 0.0000e+00
    376.000    371.981     1.3866  30.146111     1.3863  30.144702     4.1813     4.2489    -0.0157    91.0958 1.0000e-12  -64.84604  -64.00380 345.333967      30.49 4.4072e+01   1061.744      25483  1029.5169  1029.5158    34.6615    34.6601    7.74754         39 0.0000e+00
    375.000    370.992     1.3867  30.145700     1.3863  30.144297     4.1844     4.2465    -0.0073    91.1113 1.0000e-12  -64.84604  -64.00380 345.333984      31.00 4.4072e+01   1063.238      25519  1029.5122  1029.5111    34.6615    34.6600    7.74753         29 0.0000e+00
    374.000    370.003     1.3867  30.145393     1.3863  30.143891     4.1885     4.2473    -0.0071    91.0979 1.0000e-12  -64.84604  -64.00380 345.333997      32.08 4.4072e+01   1064.320      25545  1029.5076  1029.5065    34.6616    34.6602    7.74751         24 0.0000e+00
    373.000    369.015     1.3866  30.144879     1.3863  30.143455     4.1860     4.2525    -0.0111    91.1070 1.0000e-12  -64.84604  -64.00382 345.334009      33.53 4.4072e+01   1065.355      25570  1029.5030  1029.5017    34.6617    34.6601    7.74753         26 0.0000e+00
    372.000    368.027     1.3865  30.144372     1.3862  30.142923     4.1915     4.2508    -0.0058    91.1048 1.0000e-12  -64.84604  -64.00381 345.334022      34.15 4.4072e+01   1066.483      25597  1029.4983  1029.4971    34.6617    34.6602    7.74755         29 0.0000e+00
    371.000    367.038     1.3865  30.143842     1.3861  30.142302     4.1903     4.2509    -0.0040    91.0862 1.0000e-12  -64.84604  -64.00381 345.334036      35.02 4.4072e+01   1067.689      25626  1029.4935  1029.4923    34.6616    34.6600    7.74756         28 0.0000e+00
    370.000    366.048     1.3864  30.143282     1.3860  30.141784     4.1925     4.2519    -0.0130    91.1168 1.0000e-12  -64.84604  -64.00381 345.334050      36.37 4.4072e+01   1068.876      25654  1029.4888  1029.4877    34.6616    34.6601    7.74758         24 0.0000e+00
    369.000    365.061     1.3861  30.142562     1.3856  30.140871     4.1940     4.2508    -0.0087    91.1171 1.0000e-12  -64.84604  -64.00381 345.334063      37.87 4.4072e+01   1070.054      25682  1029.4842  1029.4829    34.6615    34.6599    7.74763         30 0.0000e+00
    368.000    364.072     1.3857  30.141745     1.3854  30.140351     4.1933     4.2494    -0.0092    91.1151 1.0000e-12  -64.84604  -64.00380 345.334079      38.33 4.4072e+01   1071.391      25714  1029.4795  1029.4783    34.6615    34.6600    7.74771         33 0.0000e+00
    367.000    363.084     1.3858  30.141366     1.3855  30.139936     4.1882     4.2521    -0.0116    91.0893 1.0000e-12  -64.84604  -64.00380 345.334096      39.24 4.4072e+01   1072.889      25750  1029.4748  1029.4736    34.6615    34.6600    7.74770         34 0.0000e+00
    366.000    362.095     1.3859  30.140960     1.3855  30.139522     4.1872     4.2510    -0.0067    91.1176 1.0000e-12  -64.84604  -64.00380 345.334110      40.29 4.4072e+01   1074.141      25780  1029.4701  1029.4689    34.6615    34.6600    7.74768         26 0.0000e+00
    365.000    361.107     1.3859  30.140493     1.3855  30.139025     4.1809     4.2525    -0.0071    91.1232 1.0000e-12  -64.84604  -64.00380 345.334122      41.12 4.4072e+01   1075.140      25804  1029.4654  1029.4642    34.6615    34.6600    7.74769         23 0.0000e+00
    364.000    360.120     1.3855  30.139699     1.3848  30.137977     4.1880     4.2504    -0.0077    91.1321 1.0000e-12  -64.84604  -64.00380 345.334133      42.03 4.4072e+01   1076.084      25827  1029.4606  1029.4596    34.6614    34.6600    7.74775         24 0.0000e+00
    363.000    359.129     1.3844  30.138090     1.3822  30.134793     4.1934     4.2508    -0.0103    91.1226 1.0000e-12  -64.84604  -64.00380 345.334146      43.24 4.4072e+01   1077.186      25853  1029.4559  1029.4547    34.6611    34.6594    7.74798         30 0.0000e+00
    362.000    358.142     1.3848  30.137897     1.3846  30.136584     4.1944     4.2566    -0.0147    91.1468 1.0000e-12  -64.84604  -64.00380 345.334163      44.50 4.4072e+01   1078.695      25890  1029.4511  1029.4499    34.6611    34.6596    7.74792         35 0.0000e+00
    361.000    357.154     1.3826  30.135375     1.3798  30.131483     4.2015     4.2621    -0.0113    91.1406 1.0000e-12  -64.84604  -64.00380 345.334182      45.32 4.4072e+01   1080.323      25929  1029.4464  1029.4452    34.6609    34.6589    7.74836         32 0.0000e+00
    360.000    356.164     1.3775  30.129131     1.3765  30.126998     4.2072     4.2672    -0.0203    91.1420 1.0000e-12  -64.84604  -64.00380 345.334195      46.55 4.4072e+01   1081.486      25957  1029.4409  1029.4397    34.6591    34.6575    7.74946         24 0.0000e+00
    359.000    355.177     1.3739  30.125629     1.3739  30.124347     4.2117     4.2712    -0.0150    91.1570 1.0000e-12  -64.84604  -64.00380 345.334206      47.34 4.4072e+01   1082.400      25979  1029.4366  1029.4352    34.6592    34.6575    7.75017         20 0.0000e+00
    358.000    354.188     1.3703  30.120710     1.3699  30.119267     4.2121     4.2695    -0.0150    91.1635 1.0000e-12  -64.84604  -64.00380 345.334216      48.06 4.4072e+01   1083.240      25999  1029.4309  1029.4298    34.6574    34.6560    7.75096         20 0.0000e+00
    357.000    353.198     1.3701  30.120113     1.3699  30.118752     4.2046     4.2703    -0.0150    91.1646 1.0000e-12  -64.84604  -64.00380 345.334226      49.28 4.4072e+01   1084.096      26019  1029.4262  1029.4250    34.6575    34.6559    7.75101         22 0.0000e+00
    356.000    352.211     1.3698  30.119276     1.3693  30.117630     4.2087     4.2702    -0.0147    91.1524 1.0000e-12  -64.84604  -64.00380 345.334237      50.07 4.4072e+01   1085.059      26042  1029.4214  1029.4202    34.6573    34.6558    7.75107         25 0.0000e+00
    355.000    351.221     1.3710  30.120089     1.3709  30.118867     4.2119     4.2634    -0.0144    91.1475 1.0000e-12  -64.84604  -64.00380 345.334252      51.45 4.4072e+01   1086.385      26074  1029.4167  1029.4156    34.6576    34.6561    7.75081         37 0.0000e+00
    354.000    350.234     1.3701  30.118781     1.3698  30.117345     4.2082     4.2737     0.0005    91.1482 1.0000e-12  -64.84604  -64.00380 345.334276      52.58 4.4072e+01   1088.446      26124  1029.4120  1029.4108    34.6575    34.6560    7.75100         44 0.0000e+00
    353.000    349.245     1.3683  30.116561     1.3679  30.115141     4.2135     4.2777    -0.0077    91.1619 1.0000e-12  -64.84604  -64.00380 345.334294      53.08 4.4072e+01   1089.961      26160  1029.4073  1029.4062    34.6573    34.6559    7.75138         27 0.0000e+00
    352.000    348.256     1.3642  30.111873     1.3660  30.112505     4.2144     4.2821    -0.0149    91.1521 1.0000e-12  -64.84604  -64.00380 345.334305      54.47 4.4072e+01   1090.945      26184  1029.4023  1029.4012    34.6564    34.6552    7.75223         21 0.0000e+00
    351.000    347.269     1.3592  30.106083     1.3586  30.104577     4.2203     4.2840    -0.0087    91.1659 1.0000e-12  -64.84604  -64.00380 345.334315      55.15 4.4072e+01   1091.794      26204  1029.3971  1029.3961    34.6551    34.6538    7.75329         21 0.0000e+00
    350.000    346.278     1.3550  30.101036     1.3543  30.099239     4.2332     4.2831    -0.0071    91.1646 1.0000e-12  -64.84604  -64.00380 345.334325      56.28 4.4072e+01   1092.678      26225  1029.3918  1029.3906    34.6539    34.6523    7.75417         22 0.0000e+00
    349.000    345.292     1.3546  30.099886     1.3528  30.096982     4.2347     4.2824    -0.0135    91.1654 1.0000e-12  -64.84604  -64.00380 345.334336      57.35 4.4072e+01   1093.670      26249  1029.3868  1029.3855    34.6534    34.6517    7.75427         26 0.0000e+00
    348.000    344.304     1.3559  30.101227     1.3577  30.101310     4.2210     4.2859    -0.0166    91.1761 1.0000e-12  -64.84604  -64.00380 345.334362      58.75 4.4072e+01   1095.847      26301  1029.3826  1029.3809    34.6543    34.6524    7.75398         32 0.0000e+00
    347.000    343.314     1.3581  30.103139     1.3612  30.105390     4.2287     4.2871    -0.0100    91.1360 1.0000e-12  -64.84604  -64.00380 345.334403      59.72 4.4072e+01   1099.461      26388  1029.3779  1029.3772    34.6549    34.6543    7.75351         33 0.0000e+00
    346.000    342.325     1.3560  30.100405     1.3554  30.098745     4.2376     4.2922    -0.0015    91.1666 1.0000e-12  -64.84604  -64.00380 345.334417      60.09 4.4072e+01   1100.614      26416  1029.3730  1029.3720    34.6542    34.6529    7.75395         26 0.0000e+00
    345.000    341.336     1.3504  30.094250     1.3495  30.092171     4.2322     4.2930    -0.0110    91.1653 1.0000e-12  -64.84604  -64.00380 345.334430      61.02 4.4072e+01   1101.718      26442  1029.3680  1029.3667    34.6532    34.6515    7.75512         28 0.0000e+00
    344.000    340.352     1.3477  30.090700     1.3463  30.088075     4.2352     4.2934    -0.0080    91.1791 1.0000e-12  -64.84604  -64.00380 345.334468      62.70 4.4072e+01   1105.057      26522  1029.3626  1029.3614    34.6522    34.6504    7.75570         34 0.0000e+00
    343.000    339.360     1.3247  30.065747     1.3249  30.064990     4.2641     4.3261    -0.0060    91.1831 1.0000e-12  -64.84603  -64.00380 345.334783      60.49 4.4072e+01   1132.254      27175  1029.3550  1029.3541    34.6463    34.6452    7.76055         38 0.0000e+00
    342.000    338.371     1.3206  30.061045     1.3160  30.054901     4.2754     4.3432    -0.0011    91.1894 1.0000e-12  -64.84602  -64.00380 345.334880      60.96 4.4072e+01   1140.652      27377  1029.3500  1029.3483    34.6454    34.6427    7.76141         35 0.0000e+00
    341.000    337.383     1.3155  30.055130     1.3104  30.049109     4.2843     4.3506    -0.0151    91.1900 1.0000e-12  -64.84602  -64.00380 345.334896      63.08 4.4072e+01   1141.978      27408  1029.3448  1029.3437    34.6442    34.6421    7.76250         33 0.0000e+00
    340.000    336.394     1.3113  30.050141     1.3015  30.038659     4.3124     4.3611    -0.0129    91.1892 1.0000e-12  -64.84602  -64.00380 345.334910      63.97 4.4072e+01   1143.215      27438  1029.3395  1029.3375    34.6429    34.6391    7.76338         28 0.0000e+00
    339.000    335.405     1.2974  30.035848     1.2947  30.031483     4.3354     4.3789    -0.0078    91.1892 1.0000e-12  -64.84604  -64.00380 345.334923      65.07 4.4072e+01   1144.313      27465  1029.3344  1029.3326    34.6407    34.6381    7.76626         27 0.0000e+00
    338.000    334.418     1.2835  30.019883     1.2802  30.015798     4.3317     4.3800    -0.0129    91.1929 1.0000e-12  -64.84603  -64.00380 345.334936      64.09 4.4072e+01   1145.502      27493  1029.3276  1029.3265    34.6362    34.6346    7.76925         31 0.0000e+00
    337.000    333.428     1.2805  30.016239     1.2768  30.010923     4.3251     4.3845    -0.0033    91.1940 1.0000e-12  -64.84602  -64.00380 345.334953      66.27 4.4072e+01   1146.932      27527  1029.3223  1029.3206    34.6354    34.6328    7.76988         32 0.0000e+00
    336.000    332.439     1.2786  30.013766     1.2765  30.010753     4.3507     4.4002    -0.0047    91.1993 1.0000e-12  -64.84602  -64.00380 345.334969      67.19 4.4072e+01   1148.364      27562  1029.3174  1029.3162    34.6350    34.6334    7.77029         31 0.0000e+00
    335.000    331.452     1.2637  29.998270     1.2604  29.993286     4.3749     4.4135    -0.0030    91.1738 1.0000e-12  -64.84602  -64.00380 345.334983      67.81 4.4072e+01   1149.513      27589  1029.3118  1029.3100    34.6322    34.6295    7.77338         25 0.0000e+00
    334.000    330.462     1.2527  29.985570     1.2531  29.985254     4.3904     4.4207    -0.0113    91.1891 1.0000e-12  -64.84602  -64.00380 345.334994      70.24 4.4072e+01   1150.474      27612  1029.3054  1029.3046    34.6287    34.6278    7.77575         22 0.0000e+00
    333.000    329.475     1.2405  29.972416     1.2401  29.971123     4.3842     4.4176    -0.0220    91.1892 1.0000e-12  -64.84602  -64.00380 345.335004      70.97 4.4072e+01   1151.352      27633  1029.2997  1029.2986    34.6260    34.6247    7.77832         20 0.0000e+00
    332.000    328.484     1.2376  29.968371     1.2397  29.969413     4.3751     4.4166    -0.0082    91.1892 1.0000e-12  -64.84602  -64.00380 345.335014      71.95 4.4072e+01   1152.196      27654  1029.2939  1029.2929    34.6245    34.6236    7.77896         21 0.0000e+00
    331.000    327.499     1.2389  29.969263     1.2404  29.970055     4.3626     4.4208    -0.0126    91.1892 1.0000e-12  -64.84602  -64.00380 345.335025      73.02 4.4072e+01   1153.127      27676  1029.2892  1029.2885    34.6248    34.6242    7.77869         23 0.0000e+00
    330.000    326.507     1.2446  29.975023     1.2428  29.971752     4.3641     4.4182    -0.0099    91.1953 1.0000e-12  -64.84602  -64.00380 345.335040      73.85 4.4072e+01   1154.411      27707  1029.2851  1029.2835    34.6265    34.6243    7.77748         33 0.0000e+00
    329.000    325.521     1.2402  29.970013     1.2432  29.972091     4.3599     4.4162    -0.0097    91.1730 1.0000e-12  -64.84602  -64.00378 345.335066      74.95 4.4072e+01   1156.693      27762  1029.2799  1029.2790    34.6255    34.6249    7.77840         41 0.0000e+00
