NBP2113_155081_ctd/data/nbp2113_023.cnv
* Sea-Bird SBE 9 Data File:
* FileName = D:\Data\raw\NBP2113_023.hex
* Software Version Seasave V 7.26.7.121
* Temperature SN = 2438
* Conductivity SN = 2067
* Number of Bytes Per Scan = 40
* Number of Voltage Words = 5
* Number of Scans Averaged by the Deck Unit = 1
* NMEA Latitude = 67 30.61 S
* NMEA Longitude = 070 35.52 W
* NMEA UTC (Time) = Dec 02 2021  00:50:18
* NMEA baud rate = 9600
** Ship: RVIB N.B. Palmer
** Cruise: NBP2113 LTER
** Station: 200.040
** Operator: S. Blackman
# nquan = 25
# nvalues = 1490                        
# units = specified
# name 0 = prDM: Pressure, Digiquartz [db]
# name 1 = depSM: Depth [salt water, m]
# name 2 = t090C: Temperature [ITS-90, deg C]
# name 3 = c0mS/cm: Conductivity [mS/cm]
# name 4 = t190C: Temperature, 2 [ITS-90, deg C]
# name 5 = c1mS/cm: Conductivity, 2 [mS/cm]
# name 6 = sbeox0ML/L: Oxygen, SBE 43 [ml/l]
# name 7 = sbeox1ML/L: Oxygen, SBE 43, 2 [ml/l]
# name 8 = flECO-AFL: Fluorescence, WET Labs ECO-AFL/FL [mg/m^3]
# name 9 = CStarTr0: Beam Transmission, WET Labs C-Star [%]
# name 10 = par: PAR/Irradiance, Biospherical/Licor
# name 11 = latitude: Latitude [deg]
# name 12 = longitude: Longitude [deg]
# name 13 = timeJ: Julian Days
# name 14 = altM: Altimeter [m]
# name 15 = spar: SPAR, Biospherical/Licor
# name 16 = timeS: Time, Elapsed [seconds]
# name 17 = scan: Scan Count
# name 18 = density00: Density [density, kg/m^3]
# name 19 = density11: Density, 2 [density, kg/m^3]
# name 20 = sal00: Salinity, Practical [PSU]
# name 21 = sal11: Salinity, Practical, 2 [PSU]
# name 22 = oxsolML/L: Oxygen Saturation, Garcia & Gordon [ml/l]
# name 23 = nbin: number of scans per bin
# name 24 = flag: flag
# span 0 =      1.000,    748.000       
# span 1 =      0.991,    739.207       
# span 2 =    -0.8252,     1.4753       
# span 3 =  27.673319,  30.295063       
# span 4 =    -0.8251,     1.4750       
# span 5 =  27.671917,  30.293303       
# span 6 =    -2.2584,    18.9637       
# span 7 =     4.0098,    10.0440       
# span 8 =    -0.0225,     2.2036       
# span 9 =    89.3069,    97.1568       
# span 10 = 1.0000e-12, 2.2716e+01      
# span 11 =  -67.51062,  -67.51020      
# span 12 =  -70.59102,  -70.58552      
# span 13 = 336.038478, 336.066396      
# span 14 =       1.12,     104.05      
# span 15 = 2.1123e+01, 4.0782e+01      
# span 16 =    306.499,   2718.616      
# span 17 =       7357,      65248      
# span 18 =  1027.3149,  1031.3032      
# span 19 =  1027.3132,  1031.3016      
# span 20 =    33.9757,    34.7153      
# span 21 =    33.9736,    34.7133      
# span 22 =    7.72879,    8.24049      
# span 23 =          9,         47      
# span 24 = 0.0000e+00, 0.0000e+00      
# interval = decibars: 1                
# start_time = Dec 02 2021 00:50:18 [NMEA time, header]
# bad_flag = -9.990e-29
*END*
[from data line 928]
    562.000    555.643     1.3432  30.225850     1.3424  30.223754     3.9756     4.0401     0.0031    97.0245 1.0000e-12  -67.51020  -70.58558 336.053739      99.97 2.8206e+01   1625.091      39003  1030.4254  1030.4239    34.7046    34.7028    7.75378         13 0.0000e+00
    561.000    554.652     1.3437  30.225930     1.3435  30.224216     3.9739     4.0390     0.0063    97.0343 1.0000e-12  -67.51020  -70.58558 336.053746      99.97 2.8206e+01   1625.605      39016  1030.4207  1030.4192    34.7047    34.7028    7.75367         12 0.0000e+00
    560.000    553.665     1.3443  30.225938     1.3438  30.224135     3.9750     4.0380    -0.0067    97.0321 1.0000e-12  -67.51020  -70.58558 336.053751      99.98 2.8206e+01   1626.115      39028  1030.4159  1030.4145    34.7046    34.7028    7.75356         12 0.0000e+00
    559.000    552.680     1.3448  30.225990     1.3445  30.224294     3.9724     4.0364    -0.0110    97.0343 1.0000e-12  -67.51020  -70.58558 336.053758      99.98 2.8206e+01   1626.662      39041  1030.4112  1030.4098    34.7047    34.7029    7.75345         13 0.0000e+00
    558.000    551.692     1.3451  30.225802     1.3450  30.224208     3.9705     4.0357    -0.0177    97.0318 1.0000e-12  -67.51020  -70.58558 336.053765      99.97 2.8206e+01   1627.332      39057  1030.4065  1030.4051    34.7047    34.7028    7.75339         20 0.0000e+00
    557.000    550.706     1.3432  30.223670     1.3425  30.221549     3.9698     4.0345    -0.0065    97.0212 1.0000e-12  -67.51020  -70.58559 336.053807      99.98 2.8206e+01   1630.920      39143  1030.4021  1030.4006    34.7047    34.7027    7.75378         24 0.0000e+00
    556.000    549.716     1.3428  30.222965     1.3422  30.221053     3.9654     4.0355     0.0011    97.0257 1.0000e-12  -67.51020  -70.58560 336.053850      99.97 2.8206e+01   1634.629      39232  1030.3976  1030.3961    34.7048    34.7030    7.75384         15 0.0000e+00
    555.000    548.730     1.3437  30.223198     1.3436  30.221556     3.9646     4.0347    -0.0034    97.0215 1.0000e-12  -67.51020  -70.58560 336.053856      99.97 2.8206e+01   1635.183      39245  1030.3927  1030.3912    34.7047    34.7027    7.75368         12 0.0000e+00
    554.000    547.746     1.3443  30.223350     1.3442  30.221665     3.9601     4.0327    -0.0018    97.0162 1.0000e-12  -67.51020  -70.58560 336.053862      99.98 2.8206e+01   1635.655      39257  1030.3880  1030.3863    34.7048    34.7027    7.75355         10 0.0000e+00
    553.000    546.752     1.3446  30.223155     1.3443  30.221438     3.9663     4.0329     0.0049    97.0242 1.0000e-12  -67.51020  -70.58560 336.053867      99.97 2.8206e+01   1636.072      39267  1030.3833  1030.3818    34.7048    34.7029    7.75350         10 0.0000e+00
    552.000    545.766     1.3449  30.222810     1.3449  30.221282     3.9704     4.0345     0.0040    97.0240 1.0000e-12  -67.51020  -70.58560 336.053871      99.97 2.8206e+01   1636.472      39276  1030.3785  1030.3768    34.7046    34.7025    7.75345         10 0.0000e+00
    551.000    544.780     1.3456  30.222941     1.3456  30.221316     3.9768     4.0361     0.0021    97.0229 1.0000e-12  -67.51020  -70.58560 336.053876      99.98 2.8206e+01   1636.867      39286  1030.3737  1030.3721    34.7046    34.7024    7.75332          9 0.0000e+00
    550.000    543.793     1.3460  30.222827     1.3458  30.221122     3.9765     4.0358    -0.0042    97.0340 1.0000e-12  -67.51020  -70.58560 336.053881      99.97 2.8206e+01   1637.280      39296  1030.3690  1030.3674    34.7044    34.7025    7.75323         11 0.0000e+00
    549.000    542.803     1.3464  30.222641     1.3459  30.220632     3.9741     4.0344    -0.0035    97.0302 1.0000e-12  -67.51020  -70.58560 336.053886      99.97 2.8206e+01   1637.752      39307  1030.3642  1030.3626    34.7044    34.7024    7.75316         12 0.0000e+00
    548.000    541.817     1.3459  30.221781     1.3452  30.219827     3.9645     4.0335    -0.0111    97.0302 1.0000e-12  -67.51020  -70.58560 336.053893      99.98 2.8206e+01   1638.382      39322  1030.3596  1030.3582    34.7044    34.7026    7.75325         19 0.0000e+00
    547.000    540.831     1.3448  30.220404     1.3446  30.218838     3.9720     4.0367    -0.0021    97.0334 1.0000e-12  -67.51020  -70.58558 336.053963      99.98 2.8206e+01   1644.434      39467  1030.3551  1030.3537    34.7044    34.7027    7.75347         24 0.0000e+00
    546.000    539.843     1.3447  30.219923     1.3446  30.218348     3.9771     4.0362    -0.0024    97.0343 1.0000e-12  -67.51020  -70.58560 336.053982      99.98 2.8206e+01   1646.013      39505  1030.3504  1030.3489    34.7045    34.7026    7.75348         18 0.0000e+00
    545.000    538.856     1.3452  30.219888     1.3451  30.218318     3.9778     4.0350    -0.0063    97.0343 1.0000e-12  -67.51020  -70.58560 336.053989      99.98 2.8206e+01   1646.686      39521  1030.3457  1030.3442    34.7044    34.7026    7.75339         16 0.0000e+00
    544.000    537.870     1.3455  30.219656     1.3454  30.218064     3.9767     4.0342    -0.0114    97.0343 1.0000e-12  -67.51020  -70.58560 336.053997      99.98 2.8206e+01   1647.362      39538  1030.3410  1030.3394    34.7045    34.7024    7.75334         16 0.0000e+00
    543.000    536.879     1.3458  30.219390     1.3455  30.217681     3.9740     4.0341    -0.0120    97.0343 1.0000e-12  -67.51020  -70.58560 336.054005      99.98 2.8206e+01   1648.052      39554  1030.3362  1030.3348    34.7044    34.7025    7.75329         17 0.0000e+00
    542.000    535.895     1.3467  30.219670     1.3466  30.218176     3.9725     4.0352    -0.0154    97.0343 1.0000e-12  -67.51020  -70.58559 336.054013      99.97 2.8206e+01   1648.763      39571  1030.3313  1030.3299    34.7042    34.7024    7.75310         18 0.0000e+00
    541.000    534.906     1.3486  30.220869     1.3481  30.218999     3.9802     4.0391    -0.0207    97.0343 1.0000e-12  -67.51020  -70.58558 336.054022      99.98 2.8206e+01   1649.524      39590  1030.3265  1030.3251    34.7042    34.7024    7.75273         19 0.0000e+00
    540.000    533.918     1.3503  30.221974     1.3501  30.220455     3.9771     4.0414    -0.0056    97.0343 1.0000e-12  -67.51020  -70.58558 336.054032      99.98 2.8206e+01   1650.383      39610  1030.3217  1030.3203    34.7044    34.7026    7.75240         22 0.0000e+00
    539.000    532.931     1.3485  30.219983     1.3507  30.220225     3.9770     4.0379    -0.0094    97.0423 1.0000e-12  -67.51020  -70.58558 336.054045      99.97 2.8206e+01   1651.461      39636  1030.3173  1030.3153    34.7043    34.7022    7.75274         31 0.0000e+00
    538.000    531.943     1.3476  30.218663     1.3480  30.217571     3.9779     4.0381    -0.0027    97.0370 1.0000e-12  -67.51020  -70.58558 336.054064      99.98 2.8206e+01   1653.163      39677  1030.3126  1030.3111    34.7042    34.7024    7.75293         38 0.0000e+00
    537.000    530.957     1.3468  30.217555     1.3461  30.215566     3.9802     4.0365    -0.0047    97.0537 1.0000e-12  -67.51021  -70.58558 336.054087      99.98 2.8206e+01   1655.104      39723  1030.3081  1030.3067    34.7042    34.7025    7.75308         39 0.0000e+00
    536.000    529.969     1.3484  30.218637     1.3478  30.216318     3.9719     4.0379    -0.0124    97.0529 1.0000e-12  -67.51022  -70.58558 336.054105      99.97 2.8206e+01   1656.646      39761  1030.3033  1030.3016    34.7044    34.7022    7.75275         36 0.0000e+00
    535.000    528.981     1.3538  30.222792     1.3541  30.221610     3.9715     4.0366    -0.0094    97.0344 1.0000e-12  -67.51022  -70.58558 336.054122      99.97 2.8206e+01   1658.122      39796  1030.2980  1030.2966    34.7044    34.7026    7.75170         32 0.0000e+00
    534.000    527.995     1.3553  30.223607     1.3572  30.223769     3.9728     4.0369    -0.0120    97.0484 1.0000e-12  -67.51020  -70.58558 336.054135      99.97 2.8206e+01   1659.238      39823  1030.2932  1030.2914    34.7044    34.7024    7.75141         24 0.0000e+00
    533.000    527.005     1.3580  30.225438     1.3583  30.224204     3.9694     4.0355    -0.0003    97.0382 1.0000e-12  -67.51020  -70.58558 336.054145      99.97 2.8206e+01   1660.150      39845  1030.2882  1030.2866    34.7042    34.7023    7.75088         21 0.0000e+00
    532.000    526.019     1.3587  30.225609     1.3586  30.224077     3.9755     4.0357    -0.0044    97.0848 1.0000e-12  -67.51020  -70.58558 336.054156      99.98 2.8206e+01   1661.063      39867  1030.2834  1030.2820    34.7042    34.7024    7.75074         23 0.0000e+00
    531.000    525.032     1.3578  30.224373     1.3570  30.222320     3.9730     4.0378    -0.0124    97.0796 1.0000e-12  -67.51020  -70.58558 336.054170      99.97 2.8206e+01   1662.292      39896  1030.2789  1030.2776    34.7043    34.7025    7.75092         36 0.0000e+00
    530.000    524.044     1.3578  30.224038     1.3574  30.222098     3.9720     4.0347    -0.0036    97.0726 1.0000e-12  -67.51020  -70.58558 336.054189      99.98 2.8206e+01   1663.932      39935  1030.2743  1030.2728    34.7043    34.7024    7.75091         34 0.0000e+00
    529.000    523.057     1.3589  30.224451     1.3589  30.222844     3.9703     4.0369    -0.0059    97.0816 1.0000e-12  -67.51020  -70.58558 336.054202      99.97 2.8206e+01   1665.075      39963  1030.2695  1030.2679    34.7043    34.7022    7.75070         24 0.0000e+00
    528.000    522.068     1.3595  30.224389     1.3594  30.222866     3.9797     4.0347    -0.0130    97.0857 1.0000e-12  -67.51020  -70.58558 336.054213      99.97 2.8206e+01   1665.963      39984  1030.2647  1030.2632    34.7041    34.7022    7.75060         20 0.0000e+00
    527.000    521.081     1.3602  30.224501     1.3602  30.223132     3.9820     4.0357    -0.0066    97.0835 1.0000e-12  -67.51021  -70.58558 336.054223      99.97 2.8206e+01   1666.831      40005  1030.2598  1030.2584    34.7040    34.7022    7.75046         22 0.0000e+00
    526.000    520.094     1.3598  30.223812     1.3603  30.222743     3.9807     4.0367    -0.0090    97.0682 1.0000e-12  -67.51021  -70.58558 336.054236      99.97 2.8206e+01   1667.987      40033  1030.2554  1030.2538    34.7042    34.7023    7.75053         31 0.0000e+00
    525.000    519.106     1.3597  30.223423     1.3597  30.221716     3.9804     4.0345    -0.0039    97.0678 1.0000e-12  -67.51020  -70.58558 336.054264      99.98 2.8206e+01   1670.437      40091  1030.2508  1030.2492    34.7043    34.7022    7.75053         30 0.0000e+00
    524.000    518.120     1.3600  30.223065     1.3599  30.221464     3.9725     4.0335    -0.0136    97.0738 1.0000e-12  -67.51020  -70.58558 336.054277      99.98 2.8206e+01   1671.545      40118  1030.2459  1030.2444    34.7041    34.7021    7.75048         21 0.0000e+00
    523.000    517.131     1.3605  30.222997     1.3602  30.221237     3.9736     4.0384    -0.0139    97.0665 1.0000e-12  -67.51020  -70.58558 336.054287      99.98 2.8206e+01   1672.360      40138  1030.2412  1030.2397    34.7040    34.7021    7.75040         20 0.0000e+00
    522.000    516.143     1.3614  30.223166     1.3611  30.221454     3.9701     4.0341    -0.0123    97.0688 1.0000e-12  -67.51020  -70.58558 336.054298      99.98 2.8206e+01   1673.325      40161  1030.2363  1030.2349    34.7039    34.7021    7.75023         29 0.0000e+00
    521.000    515.156     1.3608  30.222292     1.3608  30.220741     3.9715     4.0365    -0.0085    97.0707 1.0000e-12  -67.51020  -70.58558 336.054321      99.97 2.8206e+01   1675.353      40209  1030.2318  1030.2303    34.7039    34.7020    7.75034         29 0.0000e+00
    520.000    514.168     1.3606  30.221678     1.3610  30.220454     3.9740     4.0357    -0.0037    97.0745 1.0000e-12  -67.51021  -70.58556 336.054343      99.98 2.8206e+01   1677.235      40255  1030.2271  1030.2256    34.7040    34.7020    7.75038         34 0.0000e+00
    519.000    513.179     1.3612  30.221684     1.3614  30.220407     3.9701     4.0374    -0.0042    97.0668 1.0000e-12  -67.51020  -70.58556 336.054362      99.97 2.8206e+01   1678.917      40295  1030.2224  1030.2208    34.7040    34.7020    7.75027         33 0.0000e+00
    518.000    512.193     1.3596  30.219971     1.3593  30.218238     3.9733     4.0390    -0.0094    97.0608 1.0000e-12  -67.51021  -70.58558 336.054421      99.97 2.8206e+01   1683.996      40417  1030.2180  1030.2165    34.7040    34.7022    7.75057         32 0.0000e+00
    517.000    511.205     1.3612  30.220812     1.3607  30.218866     3.9663     4.0357    -0.0043    97.0601 1.0000e-12  -67.51020  -70.58556 336.054434      99.98 2.8206e+01   1685.143      40444  1030.2130  1030.2115    34.7039    34.7019    7.75026         21 0.0000e+00
    516.000    510.219     1.3630  30.221777     1.3627  30.220022     3.9647     4.0376    -0.0026    97.0765 1.0000e-12  -67.51020  -70.58556 336.054443      99.98 2.8206e+01   1685.871      40462  1030.2080  1030.2065    34.7038    34.7018    7.74992         16 0.0000e+00
    515.000    509.229     1.3638  30.221789     1.3636  30.220227     3.9710     4.0374    -0.0023    97.0859 1.0000e-12  -67.51020  -70.58556 336.054450      99.98 2.8206e+01   1686.504      40477  1030.2030  1030.2016    34.7034    34.7017    7.74978         15 0.0000e+00
    514.000    508.245     1.3639  30.221529     1.3638  30.219845     3.9776     4.0360    -0.0030    97.0843 1.0000e-12  -67.51020  -70.58556 336.054458      99.98 2.8206e+01   1687.163      40493  1030.1984  1030.1968    34.7035    34.7015    7.74975         17 0.0000e+00
    513.000    507.255     1.3635  30.220705     1.3634  30.219133     3.9741     4.0335    -0.0024    97.0787 1.0000e-12  -67.51020  -70.58555 336.054495      99.97 2.8381e+01   1690.352      40569  1030.1938  1030.1923    34.7035    34.7016    7.74983         29 0.0000e+00
    512.000    506.269     1.3628  30.219804     1.3633  30.218521     3.9699     4.0360     0.0026    97.0861 1.0000e-12  -67.51020  -70.58554 336.054572      99.97 2.9231e+01   1697.015      40729  1030.1893  1030.1876    34.7037    34.7016    7.74996         23 0.0000e+00
    511.000    505.281     1.3634  30.219698     1.3634  30.218189     3.9674     4.0355    -0.0042    97.0858 1.0000e-12  -67.51020  -70.58554 336.054579      99.98 2.9505e+01   1697.666      40745  1030.1845  1030.1829    34.7035    34.7016    7.74986         19 0.0000e+00
    510.000    504.292     1.3634  30.219212     1.3637  30.217890     3.9745     4.0338    -0.0115    97.0858 1.0000e-12  -67.51020  -70.58554 336.054589      99.98 2.9948e+01   1698.503      40765  1030.1797  1030.1781    34.7034    34.7015    7.74986         23 0.0000e+00
    509.000    503.303     1.3637  30.219047     1.3635  30.217324     3.9795     4.0344    -0.0066    97.0696 1.0000e-12  -67.51020  -70.58554 336.054645      99.97 2.9969e+01   1703.286      40880  1030.1750  1030.1735    34.7035    34.7015    7.74980         24 0.0000e+00
    508.000    502.317     1.3642  30.218960     1.3640  30.217377     3.9781     4.0348     0.0021    97.0605 1.0000e-12  -67.51020  -70.58554 336.054678      99.98 2.9969e+01   1706.218      40950  1030.1703  1030.1688    34.7034    34.7016    7.74971         30 0.0000e+00
    507.000    501.330     1.3645  30.218648     1.3639  30.216722     3.9762     4.0332    -0.0043    97.0703 1.0000e-12  -67.51020  -70.58552 336.054716      99.98 2.9969e+01   1709.418      41027  1030.1655  1030.1641    34.7033    34.7015    7.74966         28 0.0000e+00
    506.000    500.342     1.3646  30.218346     1.3637  30.216192     3.9688     4.0320     0.0045    97.0861 1.0000e-12  -67.51020  -70.58554 336.054787      99.98 2.9969e+01   1715.588      41175  1030.1608  1030.1595    34.7033    34.7015    7.74963         20 0.0000e+00
