NBP2113_155081_ctd/data/nbp2113_017.ros
* Sea-Bird SBE 9 Data File:
* FileName = D:\Data\raw\NBP2113_017.hex
* Software Version Seasave V 7.26.7.121
* Temperature SN = 2438
* Conductivity SN = 2067
* Number of Bytes Per Scan = 40
* Number of Voltage Words = 5
* Number of Scans Averaged by the Deck Unit = 1
* NMEA Latitude = 65 14.32 S
* NMEA Longitude = 069 47.72 W
* NMEA UTC (Time) = Nov 28 2021  09:59:52
* NMEA baud rate = 9600
** Ship: RVIB N.B. Palmer
** Cruise: NBP2113 LTER
** Station: 400.200
** Operator: B. Urmston
# nquan = 20
# nvalues = 1156                                  
# units = specified
# name 0 = prDM: Pressure, Digiquartz [db]
# name 1 = depSM: Depth [salt water, m]
# name 2 = t090C: Temperature [ITS-90, deg C]
# name 3 = c0mS/cm: Conductivity [mS/cm]
# name 4 = t190C: Temperature, 2 [ITS-90, deg C]
# name 5 = c1mS/cm: Conductivity, 2 [mS/cm]
# name 6 = sbeox0ML/L: Oxygen, SBE 43 [ml/l]
# name 7 = sbeox1ML/L: Oxygen, SBE 43, 2 [ml/l]
# name 8 = flECO-AFL: Fluorescence, WET Labs ECO-AFL/FL [mg/m^3]
# name 9 = CStarTr0: Beam Transmission, WET Labs C-Star [%]
# name 10 = par: PAR/Irradiance, Biospherical/Licor
# name 11 = latitude: Latitude [deg]
# name 12 = longitude: Longitude [deg]
# name 13 = timeJ: Julian Days
# name 14 = altM: Altimeter [m]
# name 15 = spar: SPAR, Biospherical/Licor
# name 16 = timeS: Time, Elapsed [seconds]
# name 17 = scan: Scan Count
# name 18 = nbf: Bottles Fired
# name 19 = flag:  0.000e+00
# interval = seconds: 0.0416667
# start_time = Nov 28 2021 09:59:52 [NMEA time, header]
# bad_flag = -9.990e-29
*END*
[from data line 218]
    506.680    501.091     1.8411  30.641031     1.8452  30.643561     4.0521     4.0980    -0.0077    97.9356 1.0000e-12  -65.23702  -69.79846 332.494586      99.95 3.4376e+02   6740.208     161766          5  0.000e+00
    506.680    501.091     1.8414  30.641269     1.8449  30.643794     4.0526     4.0984    -0.0077    97.9356 1.0000e-12  -65.23702  -69.79846 332.494586      99.95 3.4376e+02   6740.250     161767          5  0.000e+00
    506.631    501.043     1.8413  30.641567     1.8442  30.643503     4.0474     4.1033    -0.0077    97.9356 1.0000e-12  -65.23702  -69.79846 332.494587      99.98 3.4376e+02   6740.292     161768          5  0.000e+00
    506.721    501.132     1.8411  30.641448     1.8441  30.643154     4.0468     4.0983    -0.0077    97.9098 1.0000e-12  -65.23702  -69.79846 332.494587      99.98 3.4376e+02   6740.333     161769          5  0.000e+00
    506.631    501.043     1.8414  30.641567     1.8441  30.643095     4.0531     4.0977    -0.0077    97.9098 1.0000e-12  -65.23702  -69.79846 332.494588     100.00 3.4376e+02   6740.375     161770          5  0.000e+00
    506.680    501.091     1.8413  30.641448     1.8442  30.643270     4.0539     4.0972    -0.0004    97.9098 1.0000e-12  -65.23702  -69.79846 332.494588      99.98 3.4376e+02   6740.417     161771          5  0.000e+00
    506.680    501.091     1.8406  30.641389     1.8437  30.643154     4.0533     4.0976    -0.0077    97.9098 1.0000e-12  -65.23702  -69.79846 332.494589      99.98 3.4376e+02   6740.458     161772          5  0.000e+00
    506.680    501.091     1.8402  30.641389     1.8437  30.643095     4.0540     4.1025    -0.0077    97.9356 1.0000e-12  -65.23702  -69.79846 332.494589      99.98 3.4376e+02   6740.500     161773          5  0.000e+00
    506.680    501.091     1.8411  30.640971     1.8436  30.642862     4.0546     4.0983    -0.0004    97.9098 1.0000e-12  -65.23702  -69.79846 332.494590      99.95 3.4376e+02   6740.542     161774          5  0.000e+00
    506.680    501.091     1.8405  30.640852     1.8437  30.642804     4.0553     4.0978    -0.0077    97.9356 1.0000e-12  -65.23702  -69.79846 332.494590      99.98 3.4376e+02   6740.583     161775          5  0.000e+00
    506.680    501.091     1.8399  30.640614     1.8437  30.642804     4.0546     4.0982    -0.0004    97.9098 1.0000e-12  -65.23702  -69.79846 332.494591     100.00 3.4376e+02   6740.625     161776          5  0.000e+00
    506.618    501.030     1.8396  30.640733     1.8435  30.642979     4.0552     4.0977    -0.0004    97.9098 1.0000e-12  -65.23702  -69.79846 332.494591      99.98 3.4376e+02   6740.667     161777          5  0.000e+00
    506.680    501.091     1.8397  30.640137     1.8432  30.642862     4.0559     4.0982    -0.0004    97.9098 1.0000e-12  -65.23702  -69.79846 332.494592      99.95 3.4376e+02   6740.708     161778          5  0.000e+00
    506.680    501.091     1.8400  30.640137     1.8433  30.642629     4.0564     4.0978     0.0069    97.9098 1.0000e-12  -65.23702  -69.79846 332.494592      99.95 3.4376e+02   6740.750     161779          5  0.000e+00
    506.680    501.091     1.8387  30.639839     1.8432  30.641698     4.0558     4.0974     0.0069    97.9098 1.0000e-12  -65.23702  -69.79848 332.494592      99.98 3.4376e+02   6740.792     161780          5  0.000e+00
    506.631    501.043     1.8385  30.639720     1.8422  30.641989     4.0563     4.0979     0.0069    97.9098 1.0000e-12  -65.23702  -69.79848 332.494593      99.98 3.4376e+02   6740.833     161781          5  0.000e+00
    506.680    501.091     1.8386  30.639899     1.8415  30.641407     4.0569     4.0977    -0.0004    97.9098 1.0000e-12  -65.23702  -69.79848 332.494593      99.98 3.4376e+02   6740.875     161782          5  0.000e+00
    506.680    501.091     1.8387  30.639958     1.8407  30.641116     4.0574     4.0974    -0.0004    97.9098 1.0000e-12  -65.23702  -69.79848 332.494594     100.00 3.4376e+02   6740.917     161783          5  0.000e+00
    506.680    501.091     1.8391  30.640375     1.8405  30.641116     4.0508     4.0970     0.0069    97.9098 1.0000e-12  -65.23702  -69.79848 332.494594     100.00 3.4376e+02   6740.958     161784          5  0.000e+00
    506.631    501.043     1.8399  30.640733     1.8406  30.640708     4.0557     4.0966     0.0069    97.9098 1.0000e-12  -65.23702  -69.79848 332.494595      99.98 3.4376e+02   6741.000     161785          5  0.000e+00
    506.673    501.084     1.8405  30.641210     1.8405  30.640941     4.0562     4.0962    -0.0004    97.9098 1.0000e-12  -65.23702  -69.79848 332.494595      99.95 3.4376e+02   6741.042     161786          5  0.000e+00
    506.680    501.091     1.8405  30.641389     1.8402  30.641116     4.0554     4.0959    -0.0004    97.9098 1.0000e-12  -65.23702  -69.79848 332.494596      99.98 3.4376e+02   6741.083     161787          5  0.000e+00
    506.680    501.091     1.8411  30.641389     1.8404  30.640883     4.0501     4.0955    -0.0004    97.9098 1.0000e-12  -65.23702  -69.79848 332.494596      99.98 3.4376e+02   6741.125     161788          5  0.000e+00
    506.631    501.043     1.8409  30.641150     1.8403  30.640650     4.0608     4.0951     0.0069    97.9098 1.0000e-12  -65.23702  -69.79848 332.494597      99.98 3.4376e+02   6741.167     161789          5  0.000e+00
    506.631    501.043     1.8406  30.641090     1.8405  30.640766     4.0569     4.0955     0.0069    97.9098 1.0000e-12  -65.23702  -69.79848 332.494597      99.95 3.4376e+02   6741.208     161790          5  0.000e+00
    506.680    501.091     1.8406  30.641508     1.8405  30.640650     4.0560     4.0952     0.0069    97.9098 1.0000e-12  -65.23702  -69.79848 332.494598      99.95 3.4376e+02   6741.250     161791          5  0.000e+00
    506.631    501.043     1.8411  30.642104     1.8406  30.641174     4.0563     4.0948    -0.0004    97.9098 1.0000e-12  -65.23702  -69.79848 332.494598      99.98 3.4376e+02   6741.292     161792          5  0.000e+00
    505.650    500.074     1.8422  30.642160     1.8436  30.642801     4.0485     4.0991    -0.0077    97.9356 1.0000e-12  -65.23700  -69.79848 332.494645      99.98 3.4376e+02   6745.292     161888          6  0.000e+00
    505.650    500.074     1.8425  30.642280     1.8436  30.643209     4.0485     4.1044    -0.0077    97.9356 1.0000e-12  -65.23700  -69.79848 332.494645     100.00 3.4376e+02   6745.333     161889          6  0.000e+00
    505.650    500.074     1.8425  30.642280     1.8437  30.643151     4.0429     4.0997    -0.0004    97.9356 1.0000e-12  -65.23700  -69.79848 332.494646     100.00 3.4376e+02   6745.375     161890          6  0.000e+00
    505.602    500.026     1.8425  30.642041     1.8437  30.642917     4.0475     4.0995    -0.0077    97.9356 1.0000e-12  -65.23700  -69.79848 332.494646      99.98 3.4376e+02   6745.417     161891          6  0.000e+00
    505.650    500.074     1.8427  30.642339     1.8437  30.642859     4.0477     4.0994    -0.0077    97.9356 1.0000e-12  -65.23700  -69.79848 332.494647      99.98 3.4552e+02   6745.458     161892          6  0.000e+00
    505.602    500.026     1.8428  30.642518     1.8439  30.643034     4.0420     4.0992    -0.0077    97.9098 1.0000e-12  -65.23700  -69.79848 332.494647      99.98 3.4376e+02   6745.500     161893          6  0.000e+00
    505.602    500.026     1.8430  30.642697     1.8439  30.642917     4.0423     4.0991    -0.0077    97.9356 1.0000e-12  -65.23700  -69.79848 332.494647      99.95 3.4376e+02   6745.542     161894          6  0.000e+00
    505.547    499.972     1.8431  30.642816     1.8437  30.643034     4.0470     4.0989    -0.0077    97.9356 1.0000e-12  -65.23700  -69.79848 332.494648      99.98 3.4376e+02   6745.583     161895          6  0.000e+00
    505.547    499.972     1.8433  30.642577     1.8437  30.642917     4.0473     4.0988    -0.0004    97.9356 1.0000e-12  -65.23700  -69.79848 332.494648      99.98 3.4376e+02   6745.625     161896          6  0.000e+00
    505.637    500.060     1.8433  30.642697     1.8437  30.642801     4.0420     4.0987    -0.0077    97.9356 1.0000e-12  -65.23700  -69.79848 332.494649      99.98 3.4376e+02   6745.667     161897          6  0.000e+00
    505.547    499.972     1.8435  30.642994     1.8437  30.642976     4.0423     4.0985    -0.0077    97.9356 1.0000e-12  -65.23700  -69.79848 332.494649      99.98 3.4552e+02   6745.708     161898          6  0.000e+00
    505.547    499.972     1.8433  30.642875     1.8435  30.642917     4.0486     4.0984    -0.0077    97.9356 1.0000e-12  -65.23700  -69.79848 332.494650      99.95 3.4376e+02   6745.750     161899          6  0.000e+00
    505.547    499.972     1.8433  30.642994     1.8439  30.643034     4.0492     4.1036    -0.0077    97.9356 1.0000e-12  -65.23700  -69.79848 332.494650      99.98 3.4552e+02   6745.792     161900          6  0.000e+00
    505.547    499.972     1.8433  30.642637     1.8437  30.642684     4.0440     4.0989    -0.0077    97.9356 1.0000e-12  -65.23700  -69.79848 332.494651      99.98 3.4376e+02   6745.833     161901          6  0.000e+00
    505.547    499.972     1.8435  30.642935     1.8436  30.642917     4.0503     4.0987    -0.0077    97.9356 1.0000e-12  -65.23700  -69.79848 332.494651      99.98 3.4552e+02   6745.875     161902          6  0.000e+00
    505.547    499.972     1.8435  30.642875     1.8439  30.642917     4.0510     4.0985    -0.0077    97.9356 1.0000e-12  -65.23700  -69.79848 332.494652      99.98 3.4552e+02   6745.917     161903          6  0.000e+00
    505.547    499.972     1.8433  30.642994     1.8437  30.642626     4.0459     4.0983    -0.0077    97.9356 1.0000e-12  -65.23700  -69.79848 332.494652      99.98 3.4552e+02   6745.958     161904          6  0.000e+00
    505.498    499.924     1.8433  30.643114     1.8437  30.642742     4.0439     4.0981    -0.0077    97.9356 1.0000e-12  -65.23700  -69.79848 332.494653      99.98 3.4552e+02   6746.000     161905          6  0.000e+00
    505.547    499.972     1.8435  30.642637     1.8437  30.642626     4.0491     4.0980    -0.0004    97.9356 1.0000e-12  -65.23700  -69.79848 332.494653      99.95 3.4552e+02   6746.042     161906          6  0.000e+00
    505.443    499.869     1.8433  30.643173     1.8436  30.642742     4.0497     4.0978    -0.0077    97.9356 1.0000e-12  -65.23700  -69.79848 332.494654      99.98 3.4552e+02   6746.083     161907          6  0.000e+00
    505.588    500.013     1.8433  30.642935     1.8436  30.642801     4.0448     4.0977    -0.0077    97.9356 1.0000e-12  -65.23700  -69.79848 332.494654     100.00 3.4552e+02   6746.125     161908          6  0.000e+00
    505.547    499.972     1.8431  30.642577     1.8436  30.642801     4.0429     4.0975    -0.0077    97.9356 1.0000e-12  -65.23700  -69.79848 332.494655      99.98 3.4552e+02   6746.167     161909          6  0.000e+00
    505.498    499.924     1.8433  30.642696     1.8436  30.642626     4.0480     4.0981    -0.0077    97.9356 1.0000e-12  -65.23700  -69.79848 332.494655      99.98 3.4552e+02   6746.208     161910          6  0.000e+00
    505.547    499.972     1.8435  30.642577     1.8437  30.642568     4.0488     4.0980    -0.0077    97.9356 1.0000e-12  -65.23700  -69.79848 332.494656      99.95 3.4552e+02   6746.250     161911          6  0.000e+00
    505.547    499.972     1.8435  30.642696     1.8436  30.642743     4.0425     4.0979    -0.0077    97.9356 1.0000e-12  -65.23700  -69.79848 332.494656      99.98 3.4552e+02   6746.292     161912          6  0.000e+00
    505.498    499.924     1.8435  30.642815     1.8437  30.642801     4.0419     4.0977    -0.0077    97.9356 1.0000e-12  -65.23700  -69.79848 332.494657     100.00 3.4552e+02   6746.333     161913          6  0.000e+00
    505.547    499.972     1.8433  30.642994     1.8436  30.642801     4.0472     4.0976    -0.0077    97.9098 1.0000e-12  -65.23700  -69.79848 332.494657     100.00 3.4552e+02   6746.375     161914          6  0.000e+00
    505.547    499.972     1.8433  30.642875     1.8439  30.642626     4.0423     4.0974    -0.0077    97.9098 1.0000e-12  -65.23700  -69.79848 332.494658     100.00 3.4552e+02   6746.417     161915          6  0.000e+00
    505.547    499.972     1.8433  30.642577     1.8437  30.642743     4.0418     4.1027    -0.0077    97.9098 1.0000e-12  -65.23700  -69.79848 332.494658      99.98 3.4552e+02   6746.458     161916          6  0.000e+00
    505.547    499.972     1.8431  30.642935     1.8436  30.642976     4.0472     4.0980    -0.0004    97.9098 1.0000e-12  -65.23700  -69.79848 332.494659      99.98 3.4552e+02   6746.500     161917          6  0.000e+00
    505.498    499.924     1.8431  30.642637     1.8437  30.642684     4.0424     4.0978    -0.0077    97.9098 1.0000e-12  -65.23700  -69.79848 332.494659      99.95 3.4552e+02   6746.542     161918          6  0.000e+00
    505.637    500.060     1.8430  30.642697     1.8437  30.642743     4.0421     4.0977    -0.0077    97.9098 1.0000e-12  -65.23700  -69.79848 332.494660      99.98 3.4552e+02   6746.583     161919          6  0.000e+00
    505.547    499.972     1.8427  30.642398     1.8437  30.642976     4.0405     4.0974    -0.0077    97.9098 1.0000e-12  -65.23700  -69.79848 332.494660     100.00 3.4552e+02   6746.625     161920          6  0.000e+00
    505.602    500.026     1.8430  30.642458     1.8437  30.642859     4.0459     4.0973    -0.0004    97.9098 1.0000e-12  -65.23700  -69.79848 332.494660     100.00 3.4552e+02   6746.667     161921          6  0.000e+00
    505.602    500.026     1.8428  30.642339     1.8437  30.642626     4.0470     4.1025    -0.0077    97.9356 1.0000e-12  -65.23700  -69.79848 332.494661      99.95 3.4552e+02   6746.708     161922          6  0.000e+00
    505.602    500.026     1.8427  30.642458     1.8437  30.642743     4.0423     4.0978    -0.0077    97.9098 1.0000e-12  -65.23700  -69.79848 332.494661      99.95 3.4552e+02   6746.750     161923          6  0.000e+00
    505.602    500.026     1.8425  30.642518     1.8437  30.642801     4.0407     4.0975    -0.0077    97.9098 1.0000e-12  -65.23700  -69.79850 332.494662      99.98 3.4552e+02   6746.792     161924          6  0.000e+00
    505.650    500.074     1.8427  30.642339     1.8437  30.642626     4.0463     4.0974    -0.0077    97.9098 1.0000e-12  -65.23700  -69.79850 332.494662      99.98 3.4552e+02   6746.833     161925          6  0.000e+00
    505.650    500.074     1.8424  30.642280     1.8436  30.642743     4.0474     4.0972    -0.0004    97.9098 1.0000e-12  -65.23700  -69.79850 332.494663     100.00 3.4552e+02   6746.875     161926          6  0.000e+00
    505.650    500.074     1.8422  30.641803     1.8439  30.642801     4.0414     4.0969    -0.0077    97.9098 1.0000e-12  -65.23700  -69.79850 332.494663      99.98 3.4552e+02   6746.917     161927          6  0.000e+00
    505.650    500.074     1.8424  30.642280     1.8437  30.642801     4.0398     4.1021    -0.0004    97.9098 1.0000e-12  -65.23700  -69.79850 332.494664     100.00 3.4552e+02   6746.958     161928          6  0.000e+00
    505.692    500.115     1.8422  30.642101     1.8433  30.642627     4.0454     4.1028    -0.0004    97.9098 1.0000e-12  -65.23700  -69.79850 332.494664      99.98 3.4552e+02   6747.000     161929          6  0.000e+00
    505.699    500.122     1.8419  30.641982     1.8431  30.642335     4.0407     4.0980    -0.0004    97.9098 1.0000e-12  -65.23700  -69.79850 332.494665      99.95 3.4552e+02   6747.042     161930          6  0.000e+00
    505.699    500.122     1.8421  30.641743     1.8428  30.642219     4.0406     4.0977    -0.0004    97.9098 1.0000e-12  -65.23700  -69.79850 332.494665      99.98 3.4552e+02   6747.083     161931          6  0.000e+00
