NBP2113_155081_ctd/data/nbp2113_054.cnv
* Sea-Bird SBE 9 Data File:
* FileName = D:\Data\raw\NBP2113_054.hex
* Software Version Seasave V 7.26.7.121
* Temperature SN = 2438
* Conductivity SN = 2067
* Number of Bytes Per Scan = 40
* Number of Voltage Words = 5
* Number of Scans Averaged by the Deck Unit = 1
* NMEA Latitude = 64 52.85 S
* NMEA Longitude = 064 38.20 W
* NMEA UTC (Time) = Dec 11 2021  19:48:22
* NMEA baud rate = 9600
** Ship: RVIB N.B. Palmer
** Cruise: NBP2113 LTER
** Station: 597.052
** Operator: S. Blackman
# nquan = 25
# nvalues = 886                         
# units = specified
# name 0 = prDM: Pressure, Digiquartz [db]
# name 1 = depSM: Depth [salt water, m]
# name 2 = t090C: Temperature [ITS-90, deg C]
# name 3 = c0mS/cm: Conductivity [mS/cm]
# name 4 = t190C: Temperature, 2 [ITS-90, deg C]
# name 5 = c1mS/cm: Conductivity, 2 [mS/cm]
# name 6 = sbeox0ML/L: Oxygen, SBE 43 [ml/l]
# name 7 = sbeox1ML/L: Oxygen, SBE 43, 2 [ml/l]
# name 8 = flECO-AFL: Fluorescence, WET Labs ECO-AFL/FL [mg/m^3]
# name 9 = CStarTr0: Beam Transmission, WET Labs C-Star [%]
# name 10 = par: PAR/Irradiance, Biospherical/Licor
# name 11 = latitude: Latitude [deg]
# name 12 = longitude: Longitude [deg]
# name 13 = timeJ: Julian Days
# name 14 = altM: Altimeter [m]
# name 15 = spar: SPAR, Biospherical/Licor
# name 16 = timeS: Time, Elapsed [seconds]
# name 17 = scan: Scan Count
# name 18 = density00: Density [density, kg/m^3]
# name 19 = density11: Density, 2 [density, kg/m^3]
# name 20 = sal00: Salinity, Practical [PSU]
# name 21 = sal11: Salinity, Practical, 2 [PSU]
# name 22 = oxsolML/L: Oxygen Saturation, Garcia & Gordon [ml/l]
# name 23 = nbin: number of scans per bin
# name 24 = flag: flag
# span 0 =      1.000,    445.000       
# span 1 =      0.991,    440.162       
# span 2 =    -0.7140,     1.3400       
# span 3 =  27.403304,  30.125620       
# span 4 =    -0.7123,     1.3395       
# span 5 =  27.404470,  30.124093       
# span 6 =     4.2431,     8.4534       
# span 7 =     4.3004,     8.0854       
# span 8 =    -0.0226,     1.8496       
# span 9 =    83.6567,    91.4425       
# span 10 = 1.0000e-12, 6.1488e+02      
# span 11 =  -64.88096,  -64.88090      
# span 12 =  -64.63768,  -64.63672      
# span 13 = 345.829168, 345.846769      
# span 14 =      -0.88,     110.54      
# span 15 = 4.7768e+02, 6.5765e+02      
# span 16 =    338.111,   1858.850      
# span 17 =       8116,      44613      
# span 18 =  1027.0374,  1029.8330      
# span 19 =  1027.0351,  1029.8317      
# span 20 =    33.6122,    34.6478      
# span 21 =    33.6113,    34.6464      
# span 22 =    7.75747,    8.24194      
# span 23 =          6,         49      
# span 24 = 0.0000e+00, 0.0000e+00      
# interval = decibars: 1                
# start_time = Dec 11 2021 19:48:22 [NMEA time, header]
# bad_flag = -9.990e-29
*END*
[from data line 870]
     16.000     15.842    -0.3173  27.890449    -0.3175  27.889702     7.8490     7.9365     1.6811    85.7986 4.6180e+01  -64.88094  -64.63764 345.846182      99.97 6.2492e+02   1808.159      43397  1027.2472  1027.2465    33.8203    33.8195    8.14411         34 0.0000e+00
     15.000     14.853    -0.3066  27.913227    -0.3207  27.899410     7.8650     7.9513     1.6861    85.7335 5.0316e+01  -64.88094  -64.63764 345.846201      99.97 6.2699e+02   1809.766      43435  1027.2567  1027.2555    33.8394    33.8367    8.14072         36 0.0000e+00
     14.000     13.862    -0.4153  27.783987    -0.3872  27.809721     7.8703     7.9441     1.7245    85.6387 5.8159e+01  -64.88094  -64.63764 345.846218      99.97 6.2760e+02   1811.209      43470  1027.2183  1027.2188    33.7880    33.7913    8.16700         30 0.0000e+00
     13.000     12.874    -0.4944  27.685199    -0.4773  27.705704     7.9463     7.9907     1.6338    85.5682 6.8565e+01  -64.88094  -64.63766 345.846231      99.97 6.2759e+02   1812.338      43497  1027.1830  1027.1884    33.7442    33.7528    8.18657         25 0.0000e+00
     12.000     11.882    -0.5770  27.591874    -0.5352  27.634814     7.9914     8.0256     1.5568    85.2599 7.7531e+01  -64.88094  -64.63766 345.846242      99.97 6.2935e+02   1813.312      43520  1027.1567  1027.1632    33.7114    33.7227    8.20636         22 0.0000e+00
     11.000     10.891    -0.6453  27.499910    -0.6426  27.503620     7.9515     7.9955     1.5033    84.7263 8.6758e+01  -64.88094  -64.63768 345.846254      99.97 6.2935e+02   1814.313      43545  1027.1174  1027.1192    33.6642    33.6663    8.22393         27 0.0000e+00
     10.000      9.902    -0.6469  27.495598    -0.6478  27.488409     7.9520     7.9987     1.3857    84.1933 9.4492e+01  -64.88094  -64.63766 345.846268      99.97 6.2935e+02   1815.567      43575  1027.1089  1027.1020    33.6607    33.6521    8.22447         34 0.0000e+00
      9.000      8.912    -0.6398  27.507794    -0.6202  27.529161     7.9592     7.9985     1.2999    84.2715 9.7186e+01  -64.88094  -64.63764 345.846295      99.97 6.2993e+02   1817.901      43631  1027.1090  1027.1133    33.6700    33.6769    8.22241         30 0.0000e+00
      8.000      7.921    -0.6329  27.510568    -0.6138  27.530037     7.9567     8.0144     1.3366    84.4047 1.0615e+02  -64.88094  -64.63764 345.846320      99.97 6.3142e+02   1820.049      43682  1027.1000  1027.1032    33.6667    33.6716    8.22110         36 0.0000e+00
      7.000      6.931    -0.6142  27.534628    -0.6228  27.518759     7.9077     8.0030     1.2207    84.2421 1.2148e+02  -64.88093  -64.63764 345.846341      99.96 6.3330e+02   1821.891      43726  1027.1031  1027.0945    33.6788    33.6670    8.21632         42 0.0000e+00
      6.000      5.941    -0.6154  27.532611    -0.6100  27.535747     7.9631     7.9964     1.2121    83.9893 1.3439e+02  -64.88092  -64.63768 345.846370      99.97 6.3464e+02   1824.332      43785  1027.0974  1027.0956    33.6780    33.6763    8.21662         43 0.0000e+00
      5.000      4.949    -0.6338  27.487003    -0.6263  27.492097     8.0933     8.0316     0.8720    83.8422 1.6000e+02  -64.88092  -64.63764 345.846594      38.55 6.4593e+02   1843.717      44250  1027.0599  1027.0583    33.6377    33.6362    8.22298         37 0.0000e+00
      4.000      3.961    -0.6410  27.477254    -0.6239  27.490815     8.4534     8.0391     0.8165    83.7980 1.9499e+02  -64.88094  -64.63762 345.846730      -0.88 6.5264e+02   1855.495      44533  1027.0511  1027.0494    33.6332    33.6324    8.22480         37 0.0000e+00
      3.000      2.971    -0.6351  27.484643    -0.6291  27.488210 -9.990e-29 -9.990e-29     0.8198    83.8142 2.2432e+02  -64.88094  -64.63762 345.846739       1.24 6.5383e+02   1856.206      44550  1027.0493  1027.0475    33.6372    33.6353    8.22329         24 0.0000e+00
      2.000      1.979    -0.6320  27.486093    -0.6259  27.488002 -9.990e-29 -9.990e-29     0.8103    83.7880 2.9844e+02  -64.88092  -64.63762 345.846751       1.10 6.5557e+02   1857.251      44575  1027.0435  1027.0398    33.6363    33.6320    8.22266         27 0.0000e+00
      1.000      0.991    -0.6222  27.493033    -0.6120  27.499893 -9.990e-29 -9.990e-29     0.7626    83.7273 6.1488e+02  -64.88092  -64.63762 345.846769       1.40 6.5765e+02   1858.850      44613  1027.0374  1027.0351    33.6354    33.6332    8.22058         24 0.0000e+00
