NBP2113_155081_ctd/data/nbp2113_017.ros
* Sea-Bird SBE 9 Data File:
* FileName = D:\Data\raw\NBP2113_017.hex
* Software Version Seasave V 7.26.7.121
* Temperature SN = 2438
* Conductivity SN = 2067
* Number of Bytes Per Scan = 40
* Number of Voltage Words = 5
* Number of Scans Averaged by the Deck Unit = 1
* NMEA Latitude = 65 14.32 S
* NMEA Longitude = 069 47.72 W
* NMEA UTC (Time) = Nov 28 2021  09:59:52
* NMEA baud rate = 9600
** Ship: RVIB N.B. Palmer
** Cruise: NBP2113 LTER
** Station: 400.200
** Operator: B. Urmston
# nquan = 20
# nvalues = 1156                                  
# units = specified
# name 0 = prDM: Pressure, Digiquartz [db]
# name 1 = depSM: Depth [salt water, m]
# name 2 = t090C: Temperature [ITS-90, deg C]
# name 3 = c0mS/cm: Conductivity [mS/cm]
# name 4 = t190C: Temperature, 2 [ITS-90, deg C]
# name 5 = c1mS/cm: Conductivity, 2 [mS/cm]
# name 6 = sbeox0ML/L: Oxygen, SBE 43 [ml/l]
# name 7 = sbeox1ML/L: Oxygen, SBE 43, 2 [ml/l]
# name 8 = flECO-AFL: Fluorescence, WET Labs ECO-AFL/FL [mg/m^3]
# name 9 = CStarTr0: Beam Transmission, WET Labs C-Star [%]
# name 10 = par: PAR/Irradiance, Biospherical/Licor
# name 11 = latitude: Latitude [deg]
# name 12 = longitude: Longitude [deg]
# name 13 = timeJ: Julian Days
# name 14 = altM: Altimeter [m]
# name 15 = spar: SPAR, Biospherical/Licor
# name 16 = timeS: Time, Elapsed [seconds]
# name 17 = scan: Scan Count
# name 18 = nbf: Bottles Fired
# name 19 = flag:  0.000e+00
# interval = seconds: 0.0416667
# start_time = Nov 28 2021 09:59:52 [NMEA time, header]
# bad_flag = -9.990e-29
*END*
[from data line 797]
     36.408     36.047    -0.6326  27.760659    -0.6330  27.759440     8.1869     8.2467     6.0289    88.3825 1.0000e-12  -65.23702  -69.79896 332.504577      99.98 3.6668e+02   7603.458     182484         17  0.000e+00
     36.463     36.102    -0.6326  27.760947    -0.6330  27.759384     8.1865     8.2468     6.0289    88.1250 1.0000e-12  -65.23702  -69.79896 332.504578      99.98 3.6668e+02   7603.500     182485         17  0.000e+00
     36.463     36.102    -0.6325  27.761119    -0.6329  27.759552     8.1845     8.2468     6.0216    87.6357 1.0000e-12  -65.23702  -69.79896 332.504578      99.93 3.6668e+02   7603.542     182486         17  0.000e+00
     36.408     36.047    -0.6321  27.761119    -0.6325  27.760001     8.1883     8.2412     6.0289    87.4812 1.0000e-12  -65.23702  -69.79896 332.504579      99.95 3.6668e+02   7603.583     182487         17  0.000e+00
     36.408     36.047    -0.6326  27.758131    -0.6321  27.760113     8.1894     8.2459     6.0289    87.5070 1.0000e-12  -65.23702  -69.79896 332.504579      99.98 3.6668e+02   7603.625     182488         17  0.000e+00
     36.463     36.102    -0.6328  27.758189    -0.6322  27.760113     8.1902     8.2461     6.0216    87.5327 1.0000e-12  -65.23702  -69.79896 332.504579      99.98 3.6668e+02   7603.667     182489         17  0.000e+00
     36.408     36.047    -0.6332  27.759855    -0.6329  27.759552     8.1848     8.2463     6.0289    87.5327 1.0000e-12  -65.23702  -69.79896 332.504580      99.95 3.6668e+02   7603.708     182490         17  0.000e+00
     36.360     36.000    -0.6328  27.760487    -0.6330  27.758935     8.1970     8.2455     6.0216    87.5327 1.0000e-12  -65.23702  -69.79896 332.504580      99.93 3.6668e+02   7603.750     182491         17  0.000e+00
     36.408     36.047    -0.6328  27.760602    -0.6331  27.758823     8.2063     8.2457     6.0289    87.5327 1.0000e-12  -65.23702  -69.79898 332.504581      99.95 3.6492e+02   7603.792     182492         17  0.000e+00
     36.408     36.047    -0.6323  27.760946    -0.6338  27.758879     8.2049     8.2404     6.0289    87.5327 1.0000e-12  -65.23702  -69.79898 332.504581      99.98 3.6492e+02   7603.833     182493         17  0.000e+00
     36.408     36.047    -0.6320  27.761119    -0.6336  27.758823     8.2008     8.2396     6.0216    87.5327 1.0000e-12  -65.23702  -69.79898 332.504582      99.98 3.6492e+02   7603.875     182494         17  0.000e+00
     36.408     36.047    -0.6332  27.760257    -0.6336  27.759047     8.2014     8.2388     6.0289    87.5327 1.0000e-12  -65.23702  -69.79898 332.504582      99.98 3.6492e+02   7603.917     182495         17  0.000e+00
     36.408     36.047    -0.6328  27.760602    -0.6333  27.759103     8.2119     8.2436     6.0216    87.5327 1.0000e-12  -65.23702  -69.79898 332.504583      99.98 3.6492e+02   7603.958     182496         17  0.000e+00
     36.408     36.047    -0.6325  27.761176    -0.6335  27.759103     8.2204     8.2438     6.0216    87.5327 1.0000e-12  -65.23702  -69.79898 332.504583      99.98 3.6492e+02   7604.000     182497         17  0.000e+00
     36.408     36.047    -0.6318  27.761521    -0.6333  27.759328     8.2256     8.2384     6.0289    87.5327 1.0000e-12  -65.23702  -69.79898 332.504584      99.95 3.6492e+02   7604.042     182498         17  0.000e+00
     36.408     36.047    -0.6315  27.761406    -0.6330  27.759159     8.2160     8.2432     6.0948    87.5327 1.0000e-12  -65.23702  -69.79898 332.504584      99.95 3.6492e+02   7604.083     182499         17  0.000e+00
     36.360     36.000    -0.6315  27.761751    -0.6330  27.759496     8.2111     8.2379     6.2853    87.5327 1.0000e-12  -65.23702  -69.79898 332.504585      99.98 3.6492e+02   7604.125     182500         17  0.000e+00
     36.360     36.000    -0.6319  27.761463    -0.6329  27.759440     8.2113     8.2427     6.3513    87.5327 1.0000e-12  -65.23702  -69.79898 332.504585      99.98 3.6492e+02   7604.167     182501         17  0.000e+00
     36.360     36.000    -0.6320  27.760946    -0.6330  27.759552     8.2208     8.2375     6.3513    87.5327 1.0000e-12  -65.23702  -69.79898 332.504586      99.95 3.6492e+02   7604.208     182502         17  0.000e+00
     36.408     36.047    -0.6321  27.761004    -0.6327  27.759833     8.2189     8.2424     6.3439    87.5327 1.0000e-12  -65.23702  -69.79898 332.504586      99.95 3.6492e+02   7604.250     182503         17  0.000e+00
     36.052     35.695    -0.6341  27.759624    -0.6331  27.759215     8.1765     8.2389     6.7908    87.9190 1.0000e-12  -65.23700  -69.79900 332.504621      99.93 3.6315e+02   7607.250     182575         18  0.000e+00
     36.107     35.749    -0.6341  27.759797    -0.6331  27.759327     8.1708     8.2390     6.7908    87.9190 1.0000e-12  -65.23700  -69.79900 332.504621      99.95 3.6315e+02   7607.292     182576         18  0.000e+00
     36.052     35.695    -0.6338  27.759969    -0.6333  27.759383     8.1754     8.2390     6.7908    87.9190 1.0000e-12  -65.23700  -69.79900 332.504622      99.98 3.6315e+02   7607.333     182577         18  0.000e+00
     36.052     35.695    -0.6336  27.760026    -0.6333  27.759383     8.1755     8.2390     6.7762    87.9190 1.0000e-12  -65.23700  -69.79900 332.504622      99.98 3.6315e+02   7607.375     182578         18  0.000e+00
     36.155     35.796    -0.6335  27.760027    -0.6333  27.759552     8.1758     8.2391     6.7395    87.9190 1.0000e-12  -65.23700  -69.79900 332.504623      99.98 3.6315e+02   7607.417     182579         18  0.000e+00
     36.052     35.695    -0.6335  27.760199    -0.6333  27.759439     8.1758     8.2391     6.7322    87.9190 1.0000e-12  -65.23700  -69.79900 332.504623      99.98 3.6315e+02   7607.458     182580         18  0.000e+00
     36.107     35.749    -0.6335  27.760084    -0.6333  27.759215     8.1833     8.2392     6.7322    87.9190 1.0000e-12  -65.23700  -69.79900 332.504624      99.98 3.6315e+02   7607.500     182581         18  0.000e+00
     36.107     35.749    -0.6336  27.760199    -0.6331  27.759327     8.1863     8.2392     6.7322    87.9190 1.0000e-12  -65.23700  -69.79900 332.504624      99.93 3.6315e+02   7607.542     182582         18  0.000e+00
     36.052     35.695    -0.6335  27.760084    -0.6331  27.759215     8.1892     8.2392     6.7322    87.8932 1.0000e-12  -65.23700  -69.79900 332.504625      99.95 3.6315e+02   7607.583     182583         18  0.000e+00
     36.155     35.796    -0.6335  27.760027    -0.6330  27.759495     8.1937     8.2393     6.7322    87.9190 1.0000e-12  -65.23700  -69.79900 332.504625      99.98 3.6315e+02   7607.625     182584         18  0.000e+00
     36.052     35.695    -0.6335  27.760199    -0.6330  27.759439     8.1964     8.2392     6.7322    87.9190 1.0000e-12  -65.23700  -69.79900 332.504626      99.98 3.6315e+02   7607.667     182585         18  0.000e+00
     36.107     35.749    -0.6328  27.760486    -0.6333  27.759383     8.1967     8.2394     6.7322    87.9705 1.0000e-12  -65.23700  -69.79900 332.504626      99.95 3.6315e+02   7607.708     182586         18  0.000e+00
     36.107     35.749    -0.6325  27.760773    -0.6333  27.759383     8.1988     8.2394     6.7322    88.1250 1.0000e-12  -65.23700  -69.79900 332.504627      99.93 3.6315e+02   7607.750     182587         18  0.000e+00
     36.107     35.749    -0.6325  27.760831    -0.6336  27.759215     8.2057     8.2395     6.7322    88.1765 1.0000e-12  -65.23700  -69.79900 332.504627      99.95 3.6315e+02   7607.792     182588         18  0.000e+00
     36.155     35.796    -0.6326  27.760429    -0.6333  27.759159     8.2097     8.2395     6.7322    88.1765 1.0000e-12  -65.23700  -69.79900 332.504628      99.98 3.6315e+02   7607.833     182589         18  0.000e+00
     36.052     35.695    -0.6346  27.759107    -0.6336  27.759102     8.2126     8.2404     6.7322    88.1765 1.0000e-12  -65.23700  -69.79900 332.504628      99.98 3.6315e+02   7607.875     182590         18  0.000e+00
     36.155     35.796    -0.6371  27.757556    -0.6336  27.759271     8.2160     8.2406     6.7322    88.1507 1.0000e-12  -65.23700  -69.79900 332.504629      99.98 3.6315e+02   7607.917     182591         18  0.000e+00
     36.107     35.749    -0.6383  27.756120    -0.6338  27.758990     8.2189     8.2407     6.7322    88.1765 1.0000e-12  -65.23700  -69.79900 332.504629      99.98 3.6315e+02   7607.958     182592         18  0.000e+00
     36.155     35.796    -0.6392  27.755661    -0.6336  27.759215     8.2146     8.2407     6.7322    88.1765 1.0000e-12  -65.23700  -69.79900 332.504630      99.98 3.6315e+02   7608.000     182593         18  0.000e+00
     36.155     35.796    -0.6405  27.755144    -0.6336  27.758990     8.2135     8.2408     6.7322    88.1765 1.0000e-12  -65.23700  -69.79900 332.504630      99.95 3.6139e+02   7608.042     182594         18  0.000e+00
     36.107     35.749    -0.6410  27.754627    -0.6338  27.759046     8.2166     8.2409     6.7322    88.1765 1.0000e-12  -65.23700  -69.79900 332.504631      99.95 3.6315e+02   7608.083     182595         18  0.000e+00
     36.155     35.796    -0.6410  27.754110    -0.6336  27.758934     8.2282     8.2465     6.7322    88.1765 1.0000e-12  -65.23700  -69.79900 332.504631      99.98 3.6139e+02   7608.125     182596         18  0.000e+00
     36.155     35.796    -0.6411  27.754167    -0.6338  27.758878     8.2248     8.2419     6.7322    88.1765 1.0000e-12  -65.23700  -69.79900 332.504632      99.98 3.6139e+02   7608.167     182597         18  0.000e+00
     36.155     35.796    -0.6413  27.754282    -0.6341  27.758429     8.2199     8.2421     6.7322    88.1765 1.0000e-12  -65.23700  -69.79900 332.504632      99.95 3.6139e+02   7608.208     182598         18  0.000e+00
     36.155     35.796    -0.6414  27.754110    -0.6345  27.757307     8.2253     8.2423     6.7322    88.1765 1.0000e-12  -65.23700  -69.79900 332.504633      99.93 3.6139e+02   7608.250     182599         18  0.000e+00
     36.203     35.844    -0.6414  27.753765    -0.6365  27.755849     8.2275     8.2429     6.7322    88.1765 1.0000e-12  -65.23700  -69.79900 332.504633      99.95 3.6139e+02   7608.292     182600         18  0.000e+00
     36.155     35.796    -0.6416  27.753535    -0.6382  27.754839     8.2282     8.2432     6.7322    88.1765 1.0000e-12  -65.23700  -69.79900 332.504633      99.98 3.6139e+02   7608.333     182601         18  0.000e+00
     36.203     35.844    -0.6424  27.752846    -0.6390  27.754278     8.2231     8.2435     6.7322    88.1765 1.0000e-12  -65.23700  -69.79900 332.504634      99.98 3.6139e+02   7608.375     182602         18  0.000e+00
     36.203     35.844    -0.6438  27.752272    -0.6400  27.753941     8.2212     8.2438     6.7322    88.1765 1.0000e-12  -65.23700  -69.79900 332.504634      99.98 3.6139e+02   7608.417     182603         18  0.000e+00
     36.203     35.844    -0.6447  27.751927    -0.6407  27.753885     8.2204     8.2440     6.6736    88.1765 1.0000e-12  -65.23700  -69.79900 332.504635      99.98 3.6139e+02   7608.458     182604         18  0.000e+00
     36.155     35.796    -0.6445  27.751870    -0.6408  27.753717     8.2135     8.2440     6.1168    88.1765 1.0000e-12  -65.23700  -69.79900 332.504635      99.98 3.6139e+02   7608.500     182605         18  0.000e+00
     36.257     35.898    -0.6436  27.752674    -0.6411  27.752988     8.2037     8.2498     5.8311    88.1507 1.0000e-12  -65.23700  -69.79900 332.504636      99.95 3.6139e+02   7608.542     182606         18  0.000e+00
     36.203     35.844    -0.6421  27.753478    -0.6421  27.752258     8.2039     8.2508     5.8165    88.0735 1.0000e-12  -65.23700  -69.79900 332.504636      99.95 3.6139e+02   7608.583     182607         18  0.000e+00
     36.257     35.898    -0.6401  27.754512    -0.6428  27.751473     8.1996     8.2519     5.8384    88.0735 1.0000e-12  -65.23700  -69.79900 332.504637      99.98 3.6139e+02   7608.625     182608         18  0.000e+00
     36.237     35.878    -0.6398  27.755374    -0.6434  27.751305     8.1911     8.2528     5.8458    88.0477 1.0000e-12  -65.23700  -69.79900 332.504637      99.98 3.6139e+02   7608.667     182609         18  0.000e+00
     36.257     35.898    -0.6398  27.754972    -0.6437  27.751641     8.1815     8.2481     5.8458    88.0477 1.0000e-12  -65.23700  -69.79900 332.504638      99.95 3.6139e+02   7608.708     182610         18  0.000e+00
     36.257     35.898    -0.6396  27.754799    -0.6440  27.751585     8.1910     8.2536     5.8458    88.0735 1.0000e-12  -65.23700  -69.79900 332.504638      99.93 3.6139e+02   7608.750     182611         18  0.000e+00
     36.257     35.898    -0.6398  27.755374    -0.6437  27.751866     8.1916     8.2487     5.8458    88.0735 1.0000e-12  -65.23700  -69.79900 332.504639      99.98 3.6139e+02   7608.792     182612         18  0.000e+00
     36.305     35.946    -0.6398  27.755374    -0.6430  27.752651     8.1910     8.2484     5.8531    88.0735 1.0000e-12  -65.23700  -69.79900 332.504639      99.98 3.6139e+02   7608.833     182613         18  0.000e+00
     36.257     35.898    -0.6402  27.755316    -0.6425  27.753437     8.2007     8.2536     5.8458    88.0735 1.0000e-12  -65.23700  -69.79900 332.504640      99.98 3.6139e+02   7608.875     182614         18  0.000e+00
     36.305     35.946    -0.6399  27.755489    -0.6416  27.753829     8.2026     8.2541     5.8458    88.0477 1.0000e-12  -65.23700  -69.79900 332.504640      99.98 3.6139e+02   7608.917     182615         18  0.000e+00
     36.305     35.946    -0.6398  27.755776    -0.6409  27.753886     8.2031     8.2547     5.8458    88.0735 1.0000e-12  -65.23700  -69.79900 332.504641      99.98 3.6139e+02   7608.958     182616         18  0.000e+00
     36.360     36.000    -0.6390  27.756178    -0.6402  27.754671     8.2034     8.2551     5.8458    88.0735 1.0000e-12  -65.23700  -69.79900 332.504641      99.98 3.6139e+02   7609.000     182617         18  0.000e+00
     36.305     35.946    -0.6377  27.756925    -0.6399  27.754503     8.2106     8.2556     5.8458    88.0735 1.0000e-12  -65.23700  -69.79900 332.504642      99.93 3.6139e+02   7609.042     182618         18  0.000e+00
     36.360     36.000    -0.6376  27.756925    -0.6399  27.754783     8.2136     8.2507     5.8458    88.0735 1.0000e-12  -65.23700  -69.79900 332.504642      99.95 3.6139e+02   7609.083     182619         18  0.000e+00
     36.360     36.000    -0.6374  27.757040    -0.6399  27.754503     8.2091     8.2559     5.8458    88.0735 1.0000e-12  -65.23700  -69.79900 332.504643      99.98 3.6139e+02   7609.125     182620         18  0.000e+00
     36.360     36.000    -0.6373  27.757155    -0.6399  27.754391     8.2031     8.2555     5.8458    88.0735 1.0000e-12  -65.23700  -69.79900 332.504643      99.98 3.6139e+02   7609.167     182621         18  0.000e+00
     36.408     36.047    -0.6370  27.757327    -0.6399  27.754447     8.2016     8.2551     5.8458    88.0735 1.0000e-12  -65.23700  -69.79900 332.504644      99.95 3.6139e+02   7609.208     182622         18  0.000e+00
     36.360     36.000    -0.6373  27.757442    -0.6399  27.754615     8.1971     8.2554     5.8458    88.0735 1.0000e-12  -65.23700  -69.79900 332.504644      99.93 3.6139e+02   7609.250     182623         18  0.000e+00
     20.607     20.404    -0.6244  27.760157    -0.6245  27.759453     8.2444     8.2679     6.0582    87.9447 1.0000e-12  -65.23680  -69.79928 332.505525      99.98 3.3671e+02   7685.333     184449         19  0.000e+00
     20.560     20.357    -0.6243  27.760272    -0.6244  27.759004     8.2448     8.2681     6.0509    87.9447 1.0000e-12  -65.23680  -69.79928 332.505525      99.98 3.3671e+02   7685.375     184450         19  0.000e+00
