NBP2113_155081_ctd/data/nbp2113_050.cnv
* Sea-Bird SBE 9 Data File:
* FileName = D:\Data\raw\NBP2113_050.hex
* Software Version Seasave V 7.26.7.121
* Temperature SN = 2438
* Conductivity SN = 2067
* Number of Bytes Per Scan = 40
* Number of Voltage Words = 5
* Number of Scans Averaged by the Deck Unit = 1
* NMEA Latitude = 64 56.46 S
* NMEA Longitude = 064 42.01 W
* NMEA UTC (Time) = Dec 11 2021  13:44:32
* NMEA baud rate = 9600
** Ship: RVIB N.B. Palmer
** Cruise: NBP2113 LTER
** Station: 590.050
** Operator: B. Urmston
# nquan = 25
# nvalues = 785                         
# units = specified
# name 0 = prDM: Pressure, Digiquartz [db]
# name 1 = depSM: Depth [salt water, m]
# name 2 = t090C: Temperature [ITS-90, deg C]
# name 3 = c0mS/cm: Conductivity [mS/cm]
# name 4 = t190C: Temperature, 2 [ITS-90, deg C]
# name 5 = c1mS/cm: Conductivity, 2 [mS/cm]
# name 6 = sbeox0ML/L: Oxygen, SBE 43 [ml/l]
# name 7 = sbeox1ML/L: Oxygen, SBE 43, 2 [ml/l]
# name 8 = flECO-AFL: Fluorescence, WET Labs ECO-AFL/FL [mg/m^3]
# name 9 = CStarTr0: Beam Transmission, WET Labs C-Star [%]
# name 10 = par: PAR/Irradiance, Biospherical/Licor
# name 11 = latitude: Latitude [deg]
# name 12 = longitude: Longitude [deg]
# name 13 = timeJ: Julian Days
# name 14 = altM: Altimeter [m]
# name 15 = spar: SPAR, Biospherical/Licor
# name 16 = timeS: Time, Elapsed [seconds]
# name 17 = scan: Scan Count
# name 18 = density00: Density [density, kg/m^3]
# name 19 = density11: Density, 2 [density, kg/m^3]
# name 20 = sal00: Salinity, Practical [PSU]
# name 21 = sal11: Salinity, Practical, 2 [PSU]
# name 22 = oxsolML/L: Oxygen Saturation, Garcia & Gordon [ml/l]
# name 23 = nbin: number of scans per bin
# name 24 = flag: flag
# span 0 =      1.000,    395.000       
# span 1 =      0.989,    390.758       
# span 2 =    -1.0765,     1.3610       
# span 3 =  27.240222,  30.127988       
# span 4 =    -1.0824,     1.3607       
# span 5 =  27.232573,  30.126457       
# span 6 =     4.1804,     8.6449       
# span 7 =     4.2428,     8.5360       
# span 8 =    -0.0227,     1.3956       
# span 9 =    82.1989,    92.0056       
# span 10 = -5.919e-06, 1.0082e+03      
# span 11 =  -64.94108,  -64.94064      
# span 12 =  -64.70039,  -64.69981      
# span 13 = 345.575836, 345.593043      
# span 14 =       6.93,      99.99      
# span 15 = 9.3079e+02, 1.0489e+03      
# span 16 =    280.262,   1766.881      
# span 17 =       6727,      42406      
# span 18 =  1026.9964,  1029.6041      
# span 19 =  1026.9957,  1029.6027      
# span 20 =    33.5517,    34.6569      
# span 21 =    33.5445,    34.6553      
# span 22 =    7.75283,    8.31167      
# span 23 =         10,         47      
# span 24 = 0.0000e+00, 0.0000e+00      
# interval = decibars: 1                
# start_time = Dec 11 2021 13:44:32 [NMEA time, header]
# bad_flag = -9.990e-29
*END*
[from data line 232]
    237.000    234.544     1.0514  29.727275     1.0512  29.725830     4.5387     4.5983    -0.0140    91.9548 1.0000e-12  -64.94082  -64.70004 345.580859      99.97 1.0419e+03    714.179      17141  1028.8210  1028.8197    34.5767    34.5750    7.81864         36 0.0000e+00
    238.000    235.530     1.0574  29.734372     1.0570  29.732714     4.5307     4.5898    -0.0021    91.9685 1.0000e-12  -64.94082  -64.70004 345.580887      99.97 1.0434e+03    716.618      17200  1028.8269  1028.8255    34.5786    34.5769    7.81733         33 0.0000e+00
    239.000    236.521     1.0602  29.737715     1.0602  29.736536     4.5319     4.5819     0.0152    91.7018 1.0000e-12  -64.94084  -64.70002 345.580909      99.97 1.0436e+03    718.513      17245  1028.8319  1028.8306    34.5792    34.5776    7.81674         27 0.0000e+00
    240.000    237.509     1.0620  29.740030     1.0616  29.738342     4.5243     4.5794    -0.0157    91.8645 1.0000e-12  -64.94084  -64.70002 345.580919      99.97 1.0423e+03    719.418      17267  1028.8368  1028.8354    34.5796    34.5778    7.81636         20 0.0000e+00
    241.000    238.499     1.0640  29.742534     1.0634  29.740834     4.5171     4.5728    -0.0052    91.9409 1.0000e-12  -64.94084  -64.70002 345.580928      99.97 1.0419e+03    720.195      17286  1028.8416  1028.8405    34.5799    34.5784    7.81593         18 0.0000e+00
    242.000    239.490     1.0683  29.747645     1.0677  29.745911     4.5145     4.5712    -0.0016    91.9359 1.0000e-12  -64.94084  -64.70002 345.580937      99.97 1.0419e+03    720.924      17303  1028.8469  1028.8457    34.5812    34.5796    7.81501         17 0.0000e+00
    243.000    240.477     1.0697  29.749539     1.0691  29.747992     4.5209     4.5693    -0.0077    91.9481 1.0000e-12  -64.94084  -64.70002 345.580945      99.97 1.0419e+03    721.667      17321  1028.8519  1028.8508    34.5815    34.5802    7.81472         19 0.0000e+00
    244.000    241.465     1.0707  29.751139     1.0703  29.749588     4.5190     4.5674    -0.0077    91.9488 1.0000e-12  -64.94084  -64.70002 345.580954      99.97 1.0419e+03    722.439      17340  1028.8568  1028.8555    34.5818    34.5803    7.81449         18 0.0000e+00
    245.000    242.456     1.0721  29.753117     1.0715  29.751511     4.5113     4.5691    -0.0017    91.9271 1.0000e-12  -64.94084  -64.70002 345.580964      99.97 1.0429e+03    723.257      17359  1028.8617  1028.8606    34.5823    34.5808    7.81419         21 0.0000e+00
    246.000    243.446     1.0733  29.754818     1.0729  29.753335     4.5110     4.5704     0.0066    91.9310 1.0000e-12  -64.94084  -64.70004 345.580975      99.97 1.0434e+03    724.214      17382  1028.8666  1028.8654    34.5826    34.5811    7.81394         27 0.0000e+00
    247.000    244.435     1.0736  29.755765     1.0744  29.755102     4.5100     4.5641    -0.0007    91.9443 1.0000e-12  -64.94084  -64.70005 345.581003      99.97 1.0430e+03    726.630      17440  1028.8717  1028.8702    34.5828    34.5811    7.81386         31 0.0000e+00
    248.000    245.422     1.0810  29.763734     1.0829  29.764603     4.4988     4.5535    -0.0079    91.9377 1.0000e-12  -64.94084  -64.70004 345.581033      99.97 1.0426e+03    729.226      17502  1028.8768  1028.8759    34.5843    34.5833    7.81230         27 0.0000e+00
    249.000    246.411     1.0877  29.771439     1.0875  29.770243     4.4885     4.5509     0.0041    91.9212 1.0000e-12  -64.94084  -64.70004 345.581044      99.97 1.0445e+03    730.168      17525  1028.8825  1028.8815    34.5862    34.5849    7.81087         21 0.0000e+00
    250.000    247.400     1.0886  29.773104     1.0884  29.771817     4.4875     4.5508     0.0001    91.9244 1.0000e-12  -64.94084  -64.70002 345.581053      99.97 1.0454e+03    730.965      17544  1028.8875  1028.8865    34.5867    34.5854    7.81065         18 0.0000e+00
    251.000    248.390     1.0899  29.774827     1.0891  29.773048     4.4897     4.5442    -0.0071    91.9356 1.0000e-12  -64.94084  -64.70003 345.581062      99.97 1.0454e+03    731.730      17563  1028.8924  1028.8913    34.5869    34.5855    7.81038         19 0.0000e+00
    252.000    249.380     1.0911  29.776550     1.0900  29.774496     4.4814     4.5370    -0.0006    91.9247 1.0000e-12  -64.94084  -64.70003 345.581071      99.96 1.0454e+03    732.538      17582  1028.8973  1028.8962    34.5872    34.5858    7.81013         20 0.0000e+00
    253.000    250.366     1.0922  29.778062     1.0933  29.777910     4.4805     4.5393    -0.0004    91.9231 1.0000e-12  -64.94084  -64.70002 345.581081      99.97 1.0454e+03    733.388      17602  1028.9020  1028.9008    34.5873    34.5859    7.80989         20 0.0000e+00
    254.000    251.357     1.1024  29.789172     1.1027  29.788825     4.4817     4.5379     0.0072    91.9247 1.0000e-12  -64.94084  -64.70004 345.581091      99.97 1.0454e+03    734.279      17624  1028.9077  1028.9070    34.5898    34.5890    7.80774         23 0.0000e+00
    255.000    252.346     1.1043  29.792327     1.1040  29.790861     4.4806     4.5397     0.0129    91.9126 1.0000e-12  -64.94084  -64.70004 345.581102      99.97 1.0454e+03    735.252      17647  1028.9133  1028.9122    34.5911    34.5896    7.80727         24 0.0000e+00
    256.000    253.335     1.1046  29.793094     1.1042  29.791594     4.4774     4.5385     0.0042    91.9049 1.0000e-12  -64.94084  -64.70006 345.581117      99.97 1.0454e+03    736.469      17676  1028.9182  1028.9171    34.5912    34.5897    7.80721         34 0.0000e+00
    257.000    254.324     1.1045  29.793542     1.1044  29.792121     4.4772     4.5354    -0.0005    91.9148 1.0000e-12  -64.94084  -64.70006 345.581137      99.97 1.0472e+03    738.270      17719  1028.9231  1028.9218    34.5913    34.5896    7.80723         35 0.0000e+00
    258.000    255.312     1.1050  29.794439     1.1051  29.793175     4.4841     4.5290     0.0025    91.8998 1.0000e-12  -64.94084  -64.70006 345.581163      99.97 1.0488e+03    740.493      17773  1028.9279  1028.9265    34.5913    34.5895    7.80713         42 0.0000e+00
    259.000    256.301     1.1054  29.795254     1.1055  29.793987     4.4816     4.5272    -0.0013    91.9155 1.0000e-12  -64.94084  -64.70006 345.581180      99.97 1.0489e+03    741.928      17807  1028.9326  1028.9312    34.5913    34.5896    7.80704         27 0.0000e+00
    260.000    257.290     1.1074  29.797482     1.1071  29.796089     4.4764     4.5300     0.0063    91.8934 1.0000e-12  -64.94084  -64.70005 345.581191      99.97 1.0476e+03    742.857      17830  1028.9373  1028.9361    34.5914    34.5899    7.80665         19 0.0000e+00
    261.000    258.280     1.1095  29.800350     1.1091  29.798785     4.4684     4.5304    -0.0081    91.8941 1.0000e-12  -64.94084  -64.70004 345.581199      99.97 1.0472e+03    743.583      17847  1028.9423  1028.9412    34.5922    34.5906    7.80618         16 0.0000e+00
    262.000    259.267     1.1107  29.801935     1.1103  29.800542     4.4633     4.5312    -0.0036    91.8941 1.0000e-12  -64.94084  -64.70004 345.581206      99.97 1.0472e+03    744.229      17863  1028.9471  1028.9461    34.5923    34.5910    7.80594         16 0.0000e+00
    263.000    260.258     1.1119  29.803794     1.1115  29.802241     4.4649     4.5270     0.0000    91.8594 1.0000e-12  -64.94084  -64.70004 345.581214      99.97 1.0478e+03    744.862      17878  1028.9521  1028.9510    34.5927    34.5912    7.80567         15 0.0000e+00
    264.000    261.248     1.1124  29.804922     1.1119  29.803314     4.4637     4.5238    -0.0004    91.8833 1.0000e-12  -64.94084  -64.70005 345.581222      99.97 1.0488e+03    745.573      17895  1028.9571  1028.9559    34.5931    34.5916    7.80557         20 0.0000e+00
    265.000    262.234     1.1125  29.805463     1.1123  29.804021     4.4708     4.5251    -0.0067    91.8880 1.0000e-12  -64.94085  -64.70006 345.581241      99.97 1.0469e+03    747.184      17933  1028.9618  1028.9605    34.5931    34.5915    7.80553         29 0.0000e+00
    266.000    263.224     1.1132  29.806554     1.1128  29.804878     4.4693     4.5187    -0.0021    91.9022 1.0000e-12  -64.94086  -64.70007 345.581273      99.97 1.0443e+03    750.021      18002  1028.9665  1028.9652    34.5931    34.5914    7.80539         30 0.0000e+00
    267.000    264.213     1.1142  29.808187     1.1138  29.806564     4.4700     4.5206    -0.0121    91.9027 1.0000e-12  -64.94086  -64.70006 345.581285      99.97 1.0436e+03    751.042      18026  1028.9715  1028.9702    34.5936    34.5919    7.80518         24 0.0000e+00
    268.000    265.201     1.1145  29.808929     1.1141  29.807454     4.4643     4.5215    -0.0046    91.8929 1.0000e-12  -64.94086  -64.70006 345.581297      99.97 1.0447e+03    752.030      18050  1028.9762  1028.9751    34.5936    34.5921    7.80512         24 0.0000e+00
    269.000    266.192     1.1146  29.809585     1.1143  29.808133     4.4697     4.5232    -0.0053    91.8854 1.0000e-12  -64.94086  -64.70006 345.581309      99.97 1.0454e+03    753.088      18075  1028.9811  1028.9798    34.5937    34.5921    7.80509         28 0.0000e+00
    270.000    267.178     1.1138  29.809124     1.1138  29.807960     4.4768     4.5251    -0.0027    91.8608 1.0000e-12  -64.94086  -64.70006 345.581322      99.97 1.0449e+03    754.222      18102  1028.9856  1028.9845    34.5934    34.5920    7.80526         26 0.0000e+00
    271.000    268.170     1.1135  29.809203     1.1130  29.807608     4.4771     4.5256    -0.0004    91.8995 1.0000e-12  -64.94086  -64.70006 345.581334      99.97 1.0436e+03    755.227      18126  1028.9902  1028.9892    34.5932    34.5918    7.80532         22 0.0000e+00
    272.000    269.156     1.1132  29.809296     1.1128  29.807824     4.4730     4.5261    -0.0004    91.8962 1.0000e-12  -64.94086  -64.70008 345.581344      99.97 1.0436e+03    756.130      18148  1028.9949  1028.9938    34.5932    34.5917    7.80540         22 0.0000e+00
    273.000    270.147     1.1129  29.809381     1.1126  29.808151     4.4769     4.5263     0.0023    91.9049 1.0000e-12  -64.94086  -64.70008 345.581355      99.97 1.0436e+03    757.113      18172  1028.9996  1028.9985    34.5930    34.5917    7.80546         26 0.0000e+00
    274.000    271.135     1.1135  29.810450     1.1135  29.809232     4.4702     4.5260    -0.0066    91.8982 1.0000e-12  -64.94086  -64.70008 345.581372      99.97 1.0436e+03    758.558      18206  1029.0043  1029.0030    34.5931    34.5916    7.80533         36 0.0000e+00
    275.000    272.124     1.1149  29.812443     1.1148  29.811095     4.4559     4.5213    -0.0000    91.8759 1.0000e-12  -64.94086  -64.70008 345.581391      99.97 1.0436e+03    760.222      18246  1029.0092  1029.0079    34.5935    34.5919    7.80503         32 0.0000e+00
    276.000    273.112     1.1160  29.813990     1.1156  29.812475     4.4530     4.5132    -0.0021    91.8739 1.0000e-12  -64.94086  -64.70008 345.581404      99.97 1.0427e+03    761.324      18273  1029.0140  1029.0129    34.5937    34.5923    7.80481         22 0.0000e+00
    277.000    274.101     1.1186  29.817260     1.1184  29.815826     4.4652     4.5157    -0.0153    91.8846 1.0000e-12  -64.94086  -64.70008 345.581414      99.97 1.0419e+03    762.163      18293  1029.0190  1029.0178    34.5945    34.5929    7.80425         18 0.0000e+00
    278.000    275.093     1.1218  29.820896     1.1211  29.819183     4.4664     4.5162    -0.0150    91.8844 1.0000e-12  -64.94086  -64.70008 345.581423      99.97 1.0436e+03    762.921      18311  1029.0239  1029.0228    34.5950    34.5936    7.80358         19 0.0000e+00
    279.000    276.079     1.1236  29.823509     1.1232  29.822160     4.4518     4.5124    -0.0089    91.8822 1.0000e-12  -64.94086  -64.70008 345.581432      99.97 1.0436e+03    763.763      18331  1029.0290  1029.0281    34.5958    34.5945    7.80318         23 0.0000e+00
    280.000    277.068     1.1247  29.825179     1.1245  29.823837     4.4530     4.5107    -0.0005    91.8757 1.0000e-12  -64.94086  -64.70008 345.581448      99.97 1.0436e+03    765.118      18364  1029.0339  1029.0328    34.5961    34.5946    7.80294         38 0.0000e+00
    281.000    278.057     1.1255  29.826415     1.1253  29.825078     4.4545     4.5116    -0.0004    91.8715 1.0000e-12  -64.94086  -64.70010 345.581472      99.97 1.0433e+03    767.164      18413  1029.0387  1029.0375    34.5962    34.5947    7.80277         40 0.0000e+00
    282.000    279.047     1.1270  29.828385     1.1261  29.826492     4.4561     4.5069    -0.0062    91.8910 1.0000e-12  -64.94086  -64.70010 345.581490      99.97 1.0419e+03    768.692      18450  1029.0436  1029.0425    34.5966    34.5951    7.80247         30 0.0000e+00
    283.000    280.035     1.1297  29.831804     1.1292  29.830364     4.4517     4.5028    -0.0077    91.8875 1.0000e-12  -64.94086  -64.70009 345.581502      99.97 1.0419e+03    769.805      18476  1029.0487  1029.0476    34.5974    34.5960    7.80188         25 0.0000e+00
    284.000    281.024     1.1306  29.833261     1.1300  29.831637     4.4445     4.5015    -0.0143    91.8855 1.0000e-12  -64.94086  -64.70008 345.581514      99.97 1.0419e+03    770.805      18500  1029.0535  1029.0525    34.5976    34.5962    7.80168         24 0.0000e+00
    285.000    282.013     1.1330  29.836242     1.1323  29.834524     4.4415     4.4939    -0.0093    91.9100 1.0000e-12  -64.94086  -64.70008 345.581525      99.97 1.0419e+03    771.784      18524  1029.0585  1029.0574    34.5983    34.5968    7.80118         23 0.0000e+00
    286.000    283.002     1.1362  29.839729     1.1360  29.838561     4.4319     4.4936     0.0025    91.8927 1.0000e-12  -64.94086  -64.70008 345.581536      99.97 1.0419e+03    772.722      18546  1029.0632  1029.0622    34.5986    34.5974    7.80051         22 0.0000e+00
    287.000    283.990     1.1420  29.846792     1.1420  29.845759     4.4309     4.4918     0.0062    91.8700 1.0000e-12  -64.94086  -64.70009 345.581546      99.97 1.0419e+03    773.613      18568  1029.0691  1029.0679    34.6007    34.5993    7.79926         21 0.0000e+00
    288.000    284.980     1.1435  29.848822     1.1432  29.847625     4.4322     4.4924    -0.0013    91.8529 1.0000e-12  -64.94086  -64.70010 345.581557      99.97 1.0419e+03    774.483      18589  1029.0738  1029.0729    34.6010    34.5998    7.79892         21 0.0000e+00
    289.000    285.969     1.1443  29.850294     1.1439  29.848926     4.4313     4.4971    -0.0076    91.8881 1.0000e-12  -64.94086  -64.70010 345.581567      99.97 1.0419e+03    775.396      18610  1029.0789  1029.0779    34.6014    34.6001    7.79875         23 0.0000e+00
    290.000    286.957     1.1454  29.851699     1.1448  29.849937     4.4404     4.4933    -0.0028    91.8797 1.0000e-12  -64.94086  -64.70011 345.581581      99.97 1.0419e+03    776.587      18639  1029.0836  1029.0823    34.6014    34.5999    7.79853         34 0.0000e+00
    291.000    287.948     1.1442  29.850932     1.1445  29.849790     4.4352     4.4932    -0.0117    91.9008 1.0000e-12  -64.94086  -64.70012 345.581614      99.97 1.0419e+03    779.412      18707  1029.0883  1029.0869    34.6012    34.5994    7.79879         30 0.0000e+00
    292.000    288.934     1.1467  29.854166     1.1463  29.852738     4.4331     4.4908    -0.0008    91.9228 1.0000e-12  -64.94086  -64.70012 345.581632      99.97 1.0419e+03    780.974      18744  1029.0934  1029.0923    34.6020    34.6006    7.79824         27 0.0000e+00
    293.000    289.924     1.1474  29.855353     1.1470  29.853845     4.4359     4.4854    -0.0074    91.9018 1.0000e-12  -64.94086  -64.70012 345.581643      99.97 1.0419e+03    781.990      18769  1029.0982  1029.0971    34.6022    34.6007    7.79809         22 0.0000e+00
