NBP2113_155081_ctd/data/nbp2113_030.ros
* Sea-Bird SBE 9 Data File:
* FileName = D:\Data\raw\NBP2113_030.hex
* Software Version Seasave V 7.26.7.121
* Temperature SN = 2438
* Conductivity SN = 2067
* Number of Bytes Per Scan = 40
* Number of Voltage Words = 5
* Number of Scans Averaged by the Deck Unit = 1
* NMEA Latitude = 66 50.58 S
* NMEA Longitude = 068 39.78 W
* NMEA UTC (Time) = Dec 05 2021  03:50:51
* NMEA baud rate = 9600
** Ship: RVIB N.B. Palmer
** Cruise: NBP2113 LTER
** Station: AS02
** Operator: B. Urmston
# nquan = 20
# nvalues = 343                                   
# units = specified
# name 0 = prDM: Pressure, Digiquartz [db]
# name 1 = depSM: Depth [salt water, m]
# name 2 = t090C: Temperature [ITS-90, deg C]
# name 3 = c0mS/cm: Conductivity [mS/cm]
# name 4 = t190C: Temperature, 2 [ITS-90, deg C]
# name 5 = c1mS/cm: Conductivity, 2 [mS/cm]
# name 6 = sbeox0ML/L: Oxygen, SBE 43 [ml/l]
# name 7 = sbeox1ML/L: Oxygen, SBE 43, 2 [ml/l]
# name 8 = flECO-AFL: Fluorescence, WET Labs ECO-AFL/FL [mg/m^3]
# name 9 = CStarTr0: Beam Transmission, WET Labs C-Star [%]
# name 10 = par: PAR/Irradiance, Biospherical/Licor
# name 11 = latitude: Latitude [deg]
# name 12 = longitude: Longitude [deg]
# name 13 = timeJ: Julian Days
# name 14 = altM: Altimeter [m]
# name 15 = spar: SPAR, Biospherical/Licor
# name 16 = timeS: Time, Elapsed [seconds]
# name 17 = scan: Scan Count
# name 18 = nbf: Bottles Fired
# name 19 = flag:  0.000e+00
# interval = seconds: 0.0416667
# start_time = Dec 05 2021 03:50:51 [NMEA time, header]
# bad_flag = -9.990e-29
*END*
[from data line 218]
    119.253    118.035    -0.7035  27.776802    -0.7094  27.767243     7.1413     7.1980     0.3732    94.2276 1.0000e-12  -66.84288  -68.66266 339.173856      99.98 0.0000e+00   1170.167      28085          5  0.000e+00
    119.205    117.987    -0.7035  27.775652    -0.7121  27.764212     7.1366     7.2023     0.3806    94.2276 1.0000e-12  -66.84288  -68.66266 339.173857      99.98 0.0000e+00   1170.208      28086          5  0.000e+00
    119.253    118.035    -0.7046  27.774101    -0.7141  27.762305     7.1366     7.1903     0.3806    94.2276 1.0000e-12  -66.84288  -68.66266 339.173857      99.98 0.0000e+00   1170.250      28087          5  0.000e+00
    119.102    117.886    -0.7066  27.771917    -0.7151  27.760733     7.1260     7.1984     0.3879    94.2276 1.0000e-12  -66.84288  -68.66266 339.173858      99.98 0.0000e+00   1170.292      28088          5  0.000e+00
    119.150    117.933    -0.7074  27.770941    -0.7158  27.759779     7.1197     7.1866     0.3806    94.2276 1.0000e-12  -66.84288  -68.66266 339.173858      99.95 0.0000e+00   1170.333      28089          5  0.000e+00
    119.047    117.831    -0.7083  27.770194    -0.7164  27.759218     7.1117     7.1895     0.3806    94.2019 1.0000e-12  -66.84288  -68.66266 339.173859      99.98 0.0000e+00   1170.375      28090          5  0.000e+00
    119.102    117.886    -0.7083  27.772205    -0.7168  27.757928     7.1108     7.1821     0.3806    94.1246 1.0000e-12  -66.84288  -68.66266 339.173859      99.98 0.0000e+00   1170.417      28091          5  0.000e+00
    118.999    117.784    -0.7055  27.776284    -0.7170  27.757310     7.0999     7.1846     0.3806    94.0989 1.0000e-12  -66.84288  -68.66266 339.173859      99.98 0.0000e+00   1170.458      28092          5  0.000e+00
    118.999    117.784    -0.7003  27.780766    -0.7176  27.756861     7.0916     7.1823     0.3806    94.0989 1.0000e-12  -66.84288  -68.66266 339.173860      99.95 0.0000e+00   1170.500      28093          5  0.000e+00
    118.951    117.737    -0.6998  27.782260    -0.7179  27.756356     7.0931     7.1808     0.3806    94.0989 1.0000e-12  -66.84288  -68.66266 339.173860      99.95 0.0000e+00   1170.542      28094          5  0.000e+00
    118.951    117.737    -0.6990  27.782777    -0.7181  27.756581     7.0856     7.1790     0.3879    94.0989 1.0000e-12  -66.84288  -68.66266 339.173861      99.98 0.0000e+00   1170.583      28095          5  0.000e+00
    118.951    117.737    -0.6984  27.783524    -0.7181  27.756917     7.0782     7.1771     0.3806    94.0989 1.0000e-12  -66.84288  -68.66266 339.173861      99.98 0.0000e+00   1170.625      28096          5  0.000e+00
    118.849    117.635    -0.6973  27.783122    -0.7181  27.756973     7.0740     7.1749     0.3806    94.0989 1.0000e-12  -66.84288  -68.66266 339.173862      99.98 0.0000e+00   1170.667      28097          5  0.000e+00
    118.849    117.635    -0.6978  27.783524    -0.7187  27.756188     7.0776     7.1738     0.3806    94.0989 1.0000e-12  -66.84288  -68.66266 339.173862      99.98 0.0000e+00   1170.708      28098          5  0.000e+00
    118.849    117.635    -0.6981  27.785306    -0.7191  27.755571     7.0751     7.1725     0.3806    94.0989 1.0000e-12  -66.84288  -68.66266 339.173863      99.98 0.0000e+00   1170.750      28099          5  0.000e+00
    118.746    117.533    -0.6980  27.787604    -0.7185  27.755963     7.0726     7.1651     0.3806    94.0989 1.0000e-12  -66.84288  -68.66266 339.173863      99.95 0.0000e+00   1170.792      28100          5  0.000e+00
    118.794    117.581    -0.6936  27.790363    -0.7181  27.756356     7.0740     7.1691     0.3806    94.0989 1.0000e-12  -66.84288  -68.66266 339.173864      99.95 0.0000e+00   1170.833      28101          5  0.000e+00
    118.746    117.533    -0.6921  27.792892    -0.7173  27.755682     7.0667     7.1674     0.3806    94.0989 1.0000e-12  -66.84288  -68.66266 339.173864      99.98 0.0000e+00   1170.875      28102          5  0.000e+00
    118.643    117.431    -0.6913  27.795248    -0.7182  27.754616     7.0655     7.1667     0.3806    94.0989 1.0000e-12  -66.84288  -68.66266 339.173865      99.98 0.0000e+00   1170.917      28103          5  0.000e+00
    118.636    117.424    -0.6896  27.797604    -0.7190  27.754392     7.0659     7.1668     0.3806    94.0989 1.0000e-12  -66.84288  -68.66266 339.173865      99.98 0.0000e+00   1170.958      28104          5  0.000e+00
    118.691    117.479    -0.6872  27.799789    -0.7190  27.753999     7.0694     7.1650     0.3806    94.0731 1.0000e-12  -66.84288  -68.66266 339.173866      99.95 0.0000e+00   1171.000      28105          5  0.000e+00
    118.643    117.431    -0.6852  27.800536    -0.7195  27.753438     7.0657     7.1631     0.3806    94.0989 1.0000e-12  -66.84288  -68.66266 339.173866      99.95 0.0000e+00   1171.042      28106          5  0.000e+00
    118.595    117.384    -0.6852  27.800995    -0.7196  27.753157     7.0658     7.1629     0.3806    94.0989 1.0000e-12  -66.84288  -68.66266 339.173867      99.98 0.0000e+00   1171.083      28107          5  0.000e+00
    118.540    117.330    -0.6849  27.801340    -0.7204  27.752877     7.0721     7.1627     0.3806    94.0989 1.0000e-12  -66.84288  -68.66266 339.173867      99.98 0.0000e+00   1171.125      28108          5  0.000e+00
    118.540    117.330    -0.6846  27.800995    -0.7202  27.752989     7.0696     7.1624     0.3806    94.0989 1.0000e-12  -66.84288  -68.66266 339.173868      99.98 0.0000e+00   1171.167      28109          5  0.000e+00
    118.492    117.282    -0.6852  27.800708    -0.7204  27.752652     7.0705     7.1620     0.3806    94.0989 1.0000e-12  -66.84288  -68.66266 339.173868      99.98 0.0000e+00   1171.208      28110          5  0.000e+00
    118.492    117.282    -0.6854  27.799788    -0.7207  27.752708     7.0717     7.1617     0.4172    94.1504 1.0000e-12  -66.84288  -68.66266 339.173869      99.98 0.0000e+00   1171.250      28111          5  0.000e+00
     49.717     49.217    -0.8961  27.423707    -0.8985  27.419506     7.9442     8.0064     0.9813    91.0089 1.0000e-12  -66.84286  -68.66264 339.175747      99.95 0.0000e+00   1333.542      32006          6  0.000e+00
     49.600     49.102    -0.8956  27.423649    -0.8974  27.421628     7.9378     8.0061     0.9959    91.0089 1.0000e-12  -66.84286  -68.66264 339.175747      99.98 0.0000e+00   1333.583      32007          6  0.000e+00
     49.600     49.102    -0.8953  27.423993    -0.8960  27.423136     7.9347     8.0060     0.9959    91.0089 1.0000e-12  -66.84286  -68.66264 339.175748      99.98 0.0000e+00   1333.625      32008          6  0.000e+00
     49.511     49.014    -0.8951  27.424907    -0.8946  27.425202     7.9329     8.0056     0.9886    91.0089 1.0000e-12  -66.84286  -68.66264 339.175748      99.98 0.0000e+00   1333.667      32009          6  0.000e+00
     49.450     48.953    -0.8937  27.427138    -0.8921  27.427492     7.9235     8.0060     0.9886    90.9317 1.0000e-12  -66.84286  -68.66264 339.175749      99.98 0.0000e+00   1333.708      32010          6  0.000e+00
     49.450     48.953    -0.8918  27.429540    -0.8914  27.428889     7.9186     8.0059     0.9886    90.9059 1.0000e-12  -66.84286  -68.66264 339.175749      99.98 0.0000e+00   1333.750      32011          6  0.000e+00
     49.409     48.912    -0.8905  27.430741    -0.8909  27.429280     7.9199     8.0059     0.9886    90.8802 1.0000e-12  -66.84286  -68.66262 339.175750      99.95 0.0000e+00   1333.792      32012          6  0.000e+00
     49.299     48.804    -0.8900  27.430741    -0.8908  27.429391     7.9109     8.0067     0.9886    90.8802 1.0000e-12  -66.84286  -68.66262 339.175750      99.95 0.0000e+00   1333.833      32013          6  0.000e+00
     49.299     48.804    -0.8911  27.429654    -0.8908  27.429224     7.9070     8.0068     0.9886    90.9059 1.0000e-12  -66.84286  -68.66262 339.175751      99.98 0.0000e+00   1333.875      32014          6  0.000e+00
     49.258     48.763    -0.8920  27.427995    -0.8909  27.429112     7.9016     8.0068     0.9959    90.9059 1.0000e-12  -66.84286  -68.66262 339.175751      99.98 0.0000e+00   1333.917      32015          6  0.000e+00
     49.196     48.702    -0.8930  27.426565    -0.8913  27.428776     7.9036     8.0013     0.9886    90.8802 1.0000e-12  -66.84286  -68.66262 339.175752      99.98 0.0000e+00   1333.958      32016          6  0.000e+00
     49.196     48.702    -0.8931  27.426622    -0.8917  27.428385     7.8979     8.0005     0.9886    90.9059 1.0000e-12  -66.84286  -68.66262 339.175752      99.93 0.0000e+00   1334.000      32017          6  0.000e+00
     49.094     48.600    -0.8934  27.426565    -0.8918  27.427380     7.8982     8.0052     0.9886    90.9059 1.0000e-12  -66.84286  -68.66262 339.175753      99.95 0.0000e+00   1334.042      32018          6  0.000e+00
     49.155     48.661    -0.8936  27.425879    -0.8927  27.426598     7.9064     8.0054     0.9886    90.9059 1.0000e-12  -66.84286  -68.66262 339.175753      99.98 0.0000e+00   1334.083      32019          6  0.000e+00
     49.046     48.553    -0.8939  27.425535    -0.8931  27.425760     7.9042     8.0054     0.9886    90.9059 1.0000e-12  -66.84286  -68.66262 339.175754      99.98 0.0000e+00   1334.125      32020          6  0.000e+00
     48.991     48.499    -0.8942  27.425078    -0.8935  27.425145     7.9069     8.0053     0.9886    90.9059 1.0000e-12  -66.84286  -68.66262 339.175754      99.98 0.0000e+00   1334.167      32021          6  0.000e+00
     49.005     48.512    -0.8945  27.423934    -0.8946  27.424363     7.9070     8.0055     0.9886    90.8802 1.0000e-12  -66.84286  -68.66262 339.175755      99.98 0.0000e+00   1334.208      32022          6  0.000e+00
     48.991     48.499    -0.8951  27.423648    -0.8946  27.423860     7.9192     8.0053     0.9886    90.8802 1.0000e-12  -66.84286  -68.66262 339.175755      99.98 0.0000e+00   1334.250      32023          6  0.000e+00
     48.991     48.499    -0.8954  27.423019    -0.8951  27.423078     7.9149     8.0052     0.9886    90.9059 1.0000e-12  -66.84286  -68.66262 339.175756      99.95 0.0000e+00   1334.292      32024          6  0.000e+00
     48.902     48.411    -0.8958  27.422446    -0.8955  27.422520     7.9152     8.0059     0.9959    90.8802 1.0000e-12  -66.84286  -68.66262 339.175756      99.95 0.0000e+00   1334.333      32025          6  0.000e+00
     48.895     48.404    -0.8962  27.422160    -0.8958  27.422017     7.9215     8.0057     0.9886    90.9059 1.0000e-12  -66.84286  -68.66262 339.175757      99.98 0.0000e+00   1334.375      32026          6  0.000e+00
     48.895     48.404    -0.8965  27.422103    -0.8964  27.420900     7.9233     8.0056     0.9886    90.8802 1.0000e-12  -66.84286  -68.66262 339.175757      99.98 0.0000e+00   1334.417      32027          6  0.000e+00
     48.854     48.363    -0.8965  27.421646    -0.8969  27.420397     7.9235     8.0054     0.9886    90.8802 1.0000e-12  -66.84286  -68.66262 339.175758      99.98 0.0000e+00   1334.458      32028          6  0.000e+00
     48.840     48.350    -0.8967  27.421131    -0.8967  27.420732     7.9192     8.0049     0.9886    90.8802 1.0000e-12  -66.84286  -68.66262 339.175758      99.93 0.0000e+00   1334.500      32029          6  0.000e+00
     48.840     48.350    -0.8969  27.421017    -0.8966  27.421011     7.9285     8.0045     0.9886    90.8544 1.0000e-12  -66.84286  -68.66262 339.175759      99.95 0.0000e+00   1334.542      32030          6  0.000e+00
     48.840     48.350    -0.8971  27.421017    -0.8967  27.420900     7.9332     8.0041     0.9740    90.8544 1.0000e-12  -66.84286  -68.66262 339.175759      99.98 0.0000e+00   1334.583      32031          6  0.000e+00
     48.799     48.309    -0.8971  27.421016    -0.8967  27.420229     7.9321     8.0092     0.9154    90.8544 1.0000e-12  -66.84286  -68.66262 339.175760      99.98 0.0000e+00   1334.625      32032          6  0.000e+00
     48.793     48.302    -0.8971  27.420845    -0.8970  27.420453     7.9253     8.0040     0.8934    90.8544 1.0000e-12  -66.84286  -68.66262 339.175760      99.98 0.0000e+00   1334.667      32033          6  0.000e+00
     48.793     48.302    -0.8974  27.420387    -0.8966  27.421179     7.9310     8.0032     0.8934    90.8544 1.0000e-12  -66.84286  -68.66262 339.175761      99.98 0.0000e+00   1334.708      32034          6  0.000e+00
     48.799     48.309    -0.8981  27.419815    -0.8964  27.421123     7.9310     8.0035     0.9007    90.8544 1.0000e-12  -66.84286  -68.66262 339.175761      99.98 0.0000e+00   1334.750      32035          6  0.000e+00
     48.738     48.248    -0.8979  27.419529    -0.8963  27.421681     7.9249     8.0083     0.8934    90.8544 1.0000e-12  -66.84286  -68.66264 339.175761      99.95 0.0000e+00   1334.792      32036          6  0.000e+00
     48.841     48.350    -0.8982  27.419644    -0.8958  27.422408     7.9298     8.0029     0.9007    90.8544 1.0000e-12  -66.84286  -68.66264 339.175762      99.95 0.0000e+00   1334.833      32037          6  0.000e+00
     48.752     48.262    -0.8974  27.420273    -0.8955  27.422854     7.9342     8.0019     0.9007    90.8544 1.0000e-12  -66.84286  -68.66264 339.175762      99.98 0.0000e+00   1334.875      32038          6  0.000e+00
     48.738     48.248    -0.8971  27.421245    -0.8957  27.422743     7.9402     8.0012     0.9007    90.8544 1.0000e-12  -66.84286  -68.66264 339.175763      99.98 0.0000e+00   1334.917      32039          6  0.000e+00
     48.738     48.248    -0.8962  27.422217    -0.8958  27.422240     7.9369     8.0014     0.8934    90.8287 1.0000e-12  -66.84286  -68.66264 339.175763      99.95 0.0000e+00   1334.958      32040          6  0.000e+00
     48.793     48.303    -0.8959  27.423133    -0.8961  27.421961     7.9371     8.0072     0.9007    90.8544 1.0000e-12  -66.84286  -68.66264 339.175764      99.93 0.0000e+00   1335.000      32041          6  0.000e+00
     48.752     48.262    -0.8956  27.423533    -0.8961  27.421849     7.9297     8.0081     0.9007    90.8544 1.0000e-12  -66.84286  -68.66264 339.175764      99.95 0.0000e+00   1335.042      32042          6  0.000e+00
     48.793     48.303    -0.8954  27.423647    -0.8961  27.422072     7.9211     8.0035     0.9007    90.8544 1.0000e-12  -66.84286  -68.66264 339.175765      99.98 0.0000e+00   1335.083      32043          6  0.000e+00
     48.793     48.303    -0.8956  27.423647    -0.8958  27.422519     7.9245     8.0091     0.9007    90.8544 1.0000e-12  -66.84286  -68.66264 339.175765      99.98 0.0000e+00   1335.125      32044          6  0.000e+00
     48.800     48.309    -0.8954  27.423647    -0.8958  27.422631     7.9308     8.0044     0.9007    90.8544 1.0000e-12  -66.84286  -68.66264 339.175766      99.98 0.0000e+00   1335.167      32045          6  0.000e+00
     48.738     48.248    -0.8949  27.424391    -0.8957  27.422463     7.9264     8.0033     0.8934    90.8544 1.0000e-12  -66.84286  -68.66264 339.175766      99.98 0.0000e+00   1335.208      32046          6  0.000e+00
     48.793     48.303    -0.8948  27.425020    -0.8957  27.423134     7.9284     8.0080     0.9007    90.8544 1.0000e-12  -66.84286  -68.66264 339.175767      99.98 0.0000e+00   1335.250      32047          6  0.000e+00
     48.854     48.364    -0.8945  27.425363    -0.8949  27.424419     7.9350     8.0086     0.9007    90.8544 1.0000e-12  -66.84286  -68.66264 339.175767      99.95 0.0000e+00   1335.292      32048          6  0.000e+00
     48.793     48.303    -0.8942  27.425821    -0.8938  27.426262     7.9355     8.0089     0.9007    90.8544 1.0000e-12  -66.84286  -68.66264 339.175768      99.95 0.0000e+00   1335.333      32049          6  0.000e+00
