NBP2113_155081_ctd/data/nbp2113_040.cnv
* Sea-Bird SBE 9 Data File:
* FileName = D:\Data\raw\NBP2113_040.hex
* Software Version Seasave V 7.26.7.121
* Temperature SN = 2438
* Conductivity SN = 2067
* Number of Bytes Per Scan = 40
* Number of Voltage Words = 5
* Number of Scans Averaged by the Deck Unit = 1
* NMEA Latitude = 64 51.74 S
* NMEA Longitude = 063 55.31 W
* NMEA UTC (Time) = Dec 10 2021  12:43:38
* NMEA baud rate = 9600
** Ship: RVIB N.B. Palmer
** Cruise: NBP2113 LTER
** Station: 621.028
** Operator: B. Urmston
# nquan = 25
# nvalues = 751                         
# units = specified
# name 0 = prDM: Pressure, Digiquartz [db]
# name 1 = depSM: Depth [salt water, m]
# name 2 = t090C: Temperature [ITS-90, deg C]
# name 3 = c0mS/cm: Conductivity [mS/cm]
# name 4 = t190C: Temperature, 2 [ITS-90, deg C]
# name 5 = c1mS/cm: Conductivity, 2 [mS/cm]
# name 6 = sbeox0ML/L: Oxygen, SBE 43 [ml/l]
# name 7 = sbeox1ML/L: Oxygen, SBE 43, 2 [ml/l]
# name 8 = flECO-AFL: Fluorescence, WET Labs ECO-AFL/FL [mg/m^3]
# name 9 = CStarTr0: Beam Transmission, WET Labs C-Star [%]
# name 10 = par: PAR/Irradiance, Biospherical/Licor
# name 11 = latitude: Latitude [deg]
# name 12 = longitude: Longitude [deg]
# name 13 = timeJ: Julian Days
# name 14 = altM: Altimeter [m]
# name 15 = spar: SPAR, Biospherical/Licor
# name 16 = timeS: Time, Elapsed [seconds]
# name 17 = scan: Scan Count
# name 18 = density00: Density [density, kg/m^3]
# name 19 = density11: Density, 2 [density, kg/m^3]
# name 20 = sal00: Salinity, Practical [PSU]
# name 21 = sal11: Salinity, Practical, 2 [PSU]
# name 22 = oxsolML/L: Oxygen Saturation, Garcia & Gordon [ml/l]
# name 23 = nbin: number of scans per bin
# name 24 = flag: flag
# span 0 =      1.000,    378.000       
# span 1 =      0.988,    373.956       
# span 2 =    -0.3617,     1.2709       
# span 3 =  27.887120,  30.020904       
# span 4 =    -0.3609,     1.2707       
# span 5 =  27.885225,  30.019758       
# span 6 =     4.3209,     9.2503       
# span 7 =     4.3863,     9.9552       
# span 8 =    -0.0184,     1.8783       
# span 9 =    88.0937,    94.7941       
# span 10 = -2.666e-06, 5.1464e+02      
# span 11 =  -64.86254,  -64.86194      
# span 12 =  -63.92210,  -63.92182      
# span 13 = 344.533863, 344.552546      
# span 14 =     -15.27,     103.60      
# span 15 = 2.8206e+02, 4.0197e+02      
# span 16 =    307.734,   1921.942      
# span 17 =       7387,      46128      
# span 18 =  1027.1548,  1029.5114      
# span 19 =  1027.1534,  1029.5102      
# span 20 =    33.7839,    34.6324      
# span 21 =    33.7822,    34.6310      
# span 22 =    7.77195,    8.14608      
# span 23 =         11,         51      
# span 24 = 0.0000e+00, 0.0000e+00      
# interval = decibars: 1                
# start_time = Dec 10 2021 12:43:38 [NMEA time, header]
# bad_flag = -9.990e-29
*END*
[from data line 580]
    171.000    169.256     0.6857  29.314450     0.6869  29.316167     5.0902     5.1467     0.0215    94.6535 1.0000e-12  -64.86216  -63.92196 344.547802      99.97 3.0321e+02   1512.078      36291  1028.4647  1028.4653    34.4878    34.4888    7.89726         31 0.0000e+00
    170.000    168.265     0.6797  29.307534     0.6648  29.290891     5.1272     5.1717     0.0170    94.6592 1.0000e-12  -64.86216  -63.92196 344.547815      99.97 3.0322e+02   1513.197      36318  1028.4590  1028.4563    34.4860    34.4811    7.89856         25 0.0000e+00
    169.000    167.278     0.6595  29.286143     0.6536  29.278464     5.1421     5.1835     0.0143    94.6442 1.0000e-12  -64.86216  -63.92196 344.547827      99.97 3.0322e+02   1514.212      36342  1028.4523  1028.4500    34.4814    34.4779    7.90295         24 0.0000e+00
    168.000    166.286     0.6414  29.266976     0.6384  29.262481     5.1342     5.1797     0.0181    94.6539 1.0000e-12  -64.86216  -63.92198 344.547839      99.97 3.0322e+02   1515.319      36369  1028.4457  1028.4438    34.4772    34.4746    7.90687         30 0.0000e+00
    167.000    165.299     0.6439  29.267883     0.6354  29.257986     5.1132     5.1977     0.0161    94.6521 1.0000e-12  -64.86216  -63.92197 344.547857      99.97 3.0286e+02   1516.843      36405  1028.4396  1028.4376    34.4761    34.4727    7.90641         35 0.0000e+00
    166.000    164.309     0.6535  29.276306     0.6158  29.238577     5.1068     5.2164     0.0262    94.6308 1.0000e-12  -64.86216  -63.92196 344.547878      99.97 3.0136e+02   1518.640      36448  1028.4345  1028.4321    34.4770    34.4699    7.90440         41 0.0000e+00
    165.000    163.317     0.6406  29.267345     0.6207  29.241546     5.1874     5.1975     0.0296    94.6316 1.0000e-12  -64.86216  -63.92196 344.547899      99.98 2.9976e+02   1520.482      36493  1028.4333  1028.4257    34.4803    34.4689    7.90686         32 0.0000e+00
    164.000    162.329     0.6035  29.222994     0.6222  29.242860     5.2517     5.2867     0.0251    94.6308 1.0000e-12  -64.86216  -63.92196 344.547925      99.97 2.9969e+02   1522.748      36547  1028.4192  1028.4212    34.4645    34.4695    7.91530         41 0.0000e+00
    163.000    161.340     0.5535  29.171206     0.5355  29.150140     5.2924     5.3293     0.0241    94.6142 1.0000e-12  -64.86216  -63.92196 344.547948      99.97 2.9928e+02   1524.742      36595  1028.4093  1028.4050    34.4532    34.4458    7.92614         38 0.0000e+00
    162.000    160.351     0.5408  29.154684     0.5222  29.134304     5.2593     5.3214     0.0198    94.6270 1.0000e-12  -64.86216  -63.92196 344.547967      99.97 2.9794e+02   1526.360      36634  1028.3998  1028.3966    34.4464    34.4406    7.92912         39 0.0000e+00
    161.000    159.362     0.5454  29.160521     0.5365  29.151816     5.2690     5.3029     0.0209    94.6209 1.0000e-12  -64.86216  -63.92196 344.547998      99.97 2.9729e+02   1529.002      36697  1028.3966  1028.3959    34.4495    34.4481    7.92801         33 0.0000e+00
    160.000    158.372     0.5157  29.127643     0.5359  29.147981     5.2778     5.3288     0.0156    94.6283 1.0000e-12  -64.86216  -63.92196 344.548038      99.97 2.9618e+02   1532.496      36781  1028.3863  1028.3882    34.4403    34.4444    7.93461         37 0.0000e+00
    159.000    157.382     0.5250  29.137937     0.5218  29.133760     5.3005     5.3482     0.0162    94.6196 1.0000e-12  -64.86216  -63.92196 344.548059      99.97 2.9542e+02   1534.275      36824  1028.3834  1028.3822    34.4439    34.4421    7.93249         42 0.0000e+00
    158.000    156.392     0.5017  29.111335     0.5005  29.109105     5.2829     5.3388     0.0218    94.6318 1.0000e-12  -64.86216  -63.92196 344.548081      99.97 2.9536e+02   1536.181      36869  1028.3739  1028.3728    34.4357    34.4342    7.93772         44 0.0000e+00
    157.000    155.405     0.5001  29.110145     0.5053  29.114016     5.2918     5.3503     0.0349    94.6263 1.0000e-12  -64.86217  -63.92196 344.548127      99.97 2.9456e+02   1540.173      36965  1028.3696  1028.3685    34.4366    34.4359    7.93801         33 0.0000e+00
    156.000    154.415     0.4780  29.084163     0.4792  29.085116     5.3218     5.3822     0.0201    94.6133 1.0000e-12  -64.86217  -63.92196 344.548184      99.97 2.9439e+02   1545.101      37083  1028.3592  1028.3592    34.4279    34.4278    7.94303         40 0.0000e+00
    155.000    153.423     0.4957  29.105169     0.4896  29.097400     5.3297     5.3948     0.0275    94.6294 1.0000e-12  -64.86218  -63.92196 344.548199      99.97 2.9440e+02   1546.358      37114  1028.3594  1028.3574    34.4362    34.4329    7.93893         30 0.0000e+00
    154.000    152.436     0.4731  29.079208     0.4673  29.071846     5.3226     5.3899     0.0234    94.6305 1.0000e-12  -64.86218  -63.92197 344.548214      99.97 2.9440e+02   1547.664      37145  1028.3501  1028.3481    34.4280    34.4249    7.94402         34 0.0000e+00
    153.000    151.445     0.4774  29.083531     0.4771  29.081399     5.3241     5.3826     0.0359    94.6138 1.0000e-12  -64.86218  -63.92195 344.548249      99.97 2.9422e+02   1550.703      37218  1028.3459  1028.3441    34.4295    34.4271    7.94306         41 0.0000e+00
    152.000    150.456     0.4664  29.070932     0.4770  29.081634     5.3358     5.3933     0.0238    94.6139 1.0000e-12  -64.86218  -63.92196 344.548317      99.97 2.9346e+02   1556.567      37359  1028.3389  1028.3400    34.4259    34.4281    7.94552         39 0.0000e+00
    151.000    149.466     0.4714  29.076041     0.4715  29.075498     5.3436     5.4119     0.0199    94.6132 1.0000e-12  -64.86218  -63.92196 344.548338      99.97 2.9265e+02   1558.380      37402  1028.3351  1028.3346    34.4276    34.4268    7.94440         37 0.0000e+00
    150.000    148.476     0.4551  29.057872     0.4546  29.056210     5.3689     5.4310     0.0389    94.5564 1.0000e-12  -64.86217  -63.92196 344.548674      99.97 2.8550e+02   1587.398      38099  1028.3272  1028.3260    34.4226    34.4210    7.94802         39 0.0000e+00
    149.000    147.488     0.4451  29.045820     0.4366  29.035958     5.3856     5.4662     0.0348    94.5958 1.0000e-12  -64.86216  -63.92197 344.548847      99.97 2.8210e+02   1602.388      38458  1028.3200  1028.3179    34.4187    34.4152    7.95032         35 0.0000e+00
    148.000    146.498     0.4392  29.040159     0.4223  29.020322     5.4534     5.5014     0.0324    94.6070 1.0000e-12  -64.86216  -63.92198 344.548866      99.97 2.8206e+02   1604.025      38498  1028.3154  1028.3112    34.4183    34.4113    7.95153         29 0.0000e+00
    147.000    145.510     0.4075  29.005844     0.3982  28.994862     5.4985     5.5161     0.0317    94.6128 1.0000e-12  -64.86216  -63.92198 344.548878      99.97 2.8206e+02   1605.095      38523  1028.3063  1028.3037    34.4094    34.4055    7.95857         23 0.0000e+00
    146.000    144.518     0.3894  28.985096     0.3840  28.978312     5.4966     5.5149     0.0286    94.5881 1.0000e-12  -64.86216  -63.92198 344.548889      99.97 2.8206e+02   1606.041      38546  1028.2979  1028.2959    34.4030    34.4001    7.96266         23 0.0000e+00
    145.000    143.529     0.3834  28.978211     0.3821  28.975306     5.4609     5.5017     0.0369    94.5832 1.0000e-12  -64.86216  -63.92196 344.548902      99.97 2.8206e+02   1607.103      38571  1028.2920  1028.2901    34.4013    34.3990    7.96398         30 0.0000e+00
    144.000    142.539     0.3927  28.985888     0.3963  28.988877     5.4549     5.5070     0.0416    94.5755 1.0000e-12  -64.86216  -63.92196 344.548919      99.97 2.8206e+02   1608.632      38608  1028.2865  1028.2860    34.4016    34.4015    7.96206         37 0.0000e+00
    143.000    141.551     0.3885  28.983839     0.3877  28.981593     5.4808     5.5301     0.0388    94.5918 1.0000e-12  -64.86216  -63.92196 344.548940      99.97 2.8206e+02   1610.414      38651  1028.2841  1028.2823    34.4042    34.4021    7.96278         39 0.0000e+00
    142.000    140.561     0.3752  28.968225     0.3727  28.964733     5.5009     5.5427     0.0382    94.5773 1.0000e-12  -64.86216  -63.92196 344.548957      99.97 2.8206e+02   1611.917      38687  1028.2762  1028.2749    34.3992    34.3974    7.96581         34 0.0000e+00
    141.000    139.571     0.3662  28.959053     0.3623  28.954135     5.5007     5.5547     0.0366    94.5900 1.0000e-12  -64.86216  -63.92196 344.548974      99.97 2.8206e+02   1613.328      38721  1028.2710  1028.2695    34.3978    34.3957    7.96774         33 0.0000e+00
    140.000    138.583     0.3581  28.950252     0.3596  28.950987     5.5088     5.5714     0.0424    94.5754 1.0000e-12  -64.86215  -63.92196 344.548988      99.97 2.8206e+02   1614.571      38751  1028.2652  1028.2644    34.3958    34.3951    7.96951         27 0.0000e+00
    139.000    137.592     0.3539  28.945701     0.3507  28.941404     5.5022     5.5790     0.0352    94.5783 1.0000e-12  -64.86214  -63.92196 344.548999      99.97 2.8206e+02   1615.541      38774  1028.2602  1028.2587    34.3952    34.3931    7.97042         21 0.0000e+00
    138.000    136.603     0.3481  28.939481     0.3461  28.936467     5.5226     5.5895     0.0358    94.5653 1.0000e-12  -64.86214  -63.92198 344.549009      99.97 2.8206e+02   1616.350      38793  1028.2550  1028.2537    34.3941    34.3924    7.97169         18 0.0000e+00
    137.000    135.614     0.3445  28.935285     0.3440  28.933541     5.5402     5.5954     0.0325    94.5607 1.0000e-12  -64.86214  -63.92198 344.549017      99.97 2.8384e+02   1617.069      38811  1028.2497  1028.2483    34.3932    34.3915    7.97247         16 0.0000e+00
    136.000    134.624     0.3432  28.933013     0.3423  28.931121     5.5467     5.5964     0.0284    94.5376 1.0000e-12  -64.86214  -63.92198 344.549025      99.97 2.8382e+02   1617.767      38827  1028.2442  1028.2431    34.3923    34.3908    7.97279         17 0.0000e+00
    135.000    133.634     0.3409  28.930247     0.3366  28.925525     5.5414     5.5961     0.0347    94.5353 1.0000e-12  -64.86214  -63.92198 344.549034      99.97 2.8382e+02   1618.517      38845  1028.2392  1028.2384    34.3919    34.3905    7.97330         20 0.0000e+00
    134.000    132.644     0.3394  28.928197     0.3336  28.921297     5.5393     5.5925     0.0409    94.5533 1.0000e-12  -64.86214  -63.92196 344.549045      99.97 2.8382e+02   1619.497      38869  1028.2341  1028.2325    34.3914    34.3888    7.97363         28 0.0000e+00
    133.000    131.655     0.3393  28.928221     0.3405  28.927883     5.5384     5.5906     0.0345    94.5586 1.0000e-12  -64.86214  -63.92195 344.549071      99.97 2.8233e+02   1621.749      38923  1028.2298  1028.2282    34.3922    34.3904    7.97362         33 0.0000e+00
    132.000    130.667     0.3416  28.929845     0.3404  28.927748     5.5411     5.6057     0.0384    94.5626 1.0000e-12  -64.86214  -63.92194 344.549097      99.98 2.8390e+02   1623.968      38976  1028.2248  1028.2237    34.3923    34.3910    7.97312         30 0.0000e+00
    131.000    129.675     0.3342  28.922515     0.3351  28.922076     5.5618     5.6133     0.0295    94.5507 1.0000e-12  -64.86214  -63.92195 344.549108      99.97 2.8382e+02   1624.925      38999  1028.2200  1028.2186    34.3916    34.3900    7.97471         21 0.0000e+00
    130.000    128.686     0.3224  28.909618     0.3216  28.907753     5.5734     5.6150     0.0285    94.5338 1.0000e-12  -64.86214  -63.92196 344.549118      99.97 2.8438e+02   1625.757      39019  1028.2137  1028.2124    34.3884    34.3868    7.97731         19 0.0000e+00
    129.000    127.696     0.3158  28.900692     0.3110  28.893911     5.5619     5.6186     0.0278    94.5353 1.0000e-12  -64.86214  -63.92196 344.549127      99.97 2.8541e+02   1626.560      39038  1028.2064  1028.2039    34.3847    34.3811    7.97890         20 0.0000e+00
    128.000    126.707     0.3090  28.892110     0.3077  28.889188     5.5485     5.6175     0.0435    94.5468 1.0000e-12  -64.86214  -63.92196 344.549136      99.97 2.8559e+02   1627.391      39058  1028.1997  1028.1978    34.3816    34.3792    7.98047         20 0.0000e+00
    127.000    125.718     0.3077  28.889045     0.3064  28.886606     5.5460     5.6152     0.0487    94.5610 1.0000e-12  -64.86214  -63.92196 344.549146      99.97 2.8559e+02   1628.237      39079  1028.1934  1028.1920    34.3797    34.3778    7.98086         21 0.0000e+00
    126.000    124.728     0.3028  28.883179     0.3021  28.881042     5.5522     5.6090     0.0440    94.5624 1.0000e-12  -64.86212  -63.92196 344.549156      99.97 2.8559e+02   1629.113      39100  1028.1876  1028.1860    34.3780    34.3759    7.98196         21 0.0000e+00
    125.000    123.737     0.3006  28.878748     0.3000  28.876982     5.5413     5.6071     0.0348    94.5624 1.0000e-12  -64.86212  -63.92196 344.549167      99.97 2.8559e+02   1630.053      39122  1028.1807  1028.1793    34.3752    34.3735    7.98256         24 0.0000e+00
    124.000    122.749     0.3001  28.876829     0.2999  28.875737     5.5319     5.6102     0.0434    94.5793 1.0000e-12  -64.86212  -63.92196 344.549180      99.97 2.8559e+02   1631.174      39149  1028.1748  1028.1738    34.3739    34.3726    7.98275         30 0.0000e+00
    123.000    121.759     0.3057  28.883602     0.3035  28.879718     5.5440     5.6081     0.0411    94.5636 1.0000e-12  -64.86212  -63.92194 344.549201      99.97 2.8559e+02   1632.980      39193  1028.1720  1028.1700    34.3771    34.3744    7.98141         46 0.0000e+00
    122.000    120.769     0.3045  28.882630     0.3083  28.885976     5.5554     5.6120     0.0462    94.5734 1.1129e-03  -64.86212  -63.92194 344.549225      99.97 2.8559e+02   1635.071      39243  1028.1678  1028.1675    34.3778    34.3779    7.98161         37 0.0000e+00
    121.000    119.780     0.3017  28.877167     0.3009  28.874998     5.5598     5.6247     0.0351    94.5666 3.4985e-03  -64.86212  -63.92196 344.549239      99.97 2.8596e+02   1636.251      39271  1028.1605  1028.1589    34.3743    34.3724    7.98239         24 0.0000e+00
    120.000    118.791     0.2892  28.862211     0.2906  28.863096     5.5660     5.6291     0.0267    94.5883 6.0565e-03  -64.86212  -63.92196 344.549250      99.98 2.8720e+02   1637.177      39293  1028.1526  1028.1521    34.3692    34.3688    7.98526         21 0.0000e+00
    119.000    117.801     0.2825  28.852939     0.2795  28.848333     5.5705     5.6340     0.0275    94.5881 8.2080e-03  -64.86212  -63.92196 344.549260      99.97 2.8735e+02   1638.045      39314  1028.1451  1028.1431    34.3652    34.3624    7.98689         21 0.0000e+00
    118.000    116.810     0.2795  28.848566     0.2787  28.846591     5.5706     5.6422     0.0381    94.5881 1.0503e-02  -64.86212  -63.92196 344.549271      99.97 2.8735e+02   1638.978      39336  1028.1390  1028.1377    34.3633    34.3616    7.98761         24 0.0000e+00
    117.000    115.821     0.2763  28.844733     0.2724  28.839174     5.5808     5.6429     0.0537    94.5881 1.3039e-02  -64.86212  -63.92196 344.549283      99.97 2.8735e+02   1640.089      39363  1028.1337  1028.1317    34.3625    34.3595    7.98832         29 0.0000e+00
    116.000    114.831     0.2745  28.841843     0.2648  28.829958     5.5884     5.6453     0.0489    94.5881 1.5099e-02  -64.86212  -63.92196 344.549298      99.98 2.8735e+02   1641.360      39394  1028.1280  1028.1250    34.3613    34.3565    7.98875         30 0.0000e+00
    115.000    113.842     0.2675  28.833445     0.2625  28.826787     5.5804     5.6510     0.0485    94.5881 1.7989e-02  -64.86212  -63.92196 344.549312      99.97 2.8735e+02   1642.579      39423  1028.1217  1028.1195    34.3586    34.3555    7.99035         28 0.0000e+00
