NBP2113_155081_ctd/data/nbp2113_032.ros
* Sea-Bird SBE 9 Data File:
* FileName = D:\Data\raw\NBP2113_032.hex
* Software Version Seasave V 7.26.7.121
* Temperature SN = 2438
* Conductivity SN = 2067
* Number of Bytes Per Scan = 40
* Number of Voltage Words = 5
* Number of Scans Averaged by the Deck Unit = 1
* NMEA Latitude = 65 50.96 S
* NMEA Longitude = 071 22.70 W
* NMEA UTC (Time) = Dec 07 2021  06:49:20
* NMEA baud rate = 9600
** Ship: RVIB N.B. Palmer
** Cruise: NBP2113 LTER
** Station: 300.200
** Operator: B. Urmston
# nquan = 20
# nvalues = 196                                   
# units = specified
# name 0 = prDM: Pressure, Digiquartz [db]
# name 1 = depSM: Depth [salt water, m]
# name 2 = t090C: Temperature [ITS-90, deg C]
# name 3 = c0mS/cm: Conductivity [mS/cm]
# name 4 = t190C: Temperature, 2 [ITS-90, deg C]
# name 5 = c1mS/cm: Conductivity, 2 [mS/cm]
# name 6 = sbeox0ML/L: Oxygen, SBE 43 [ml/l]
# name 7 = sbeox1ML/L: Oxygen, SBE 43, 2 [ml/l]
# name 8 = flECO-AFL: Fluorescence, WET Labs ECO-AFL/FL [mg/m^3]
# name 9 = CStarTr0: Beam Transmission, WET Labs C-Star [%]
# name 10 = par: PAR/Irradiance, Biospherical/Licor
# name 11 = latitude: Latitude [deg]
# name 12 = longitude: Longitude [deg]
# name 13 = timeJ: Julian Days
# name 14 = altM: Altimeter [m]
# name 15 = spar: SPAR, Biospherical/Licor
# name 16 = timeS: Time, Elapsed [seconds]
# name 17 = scan: Scan Count
# name 18 = nbf: Bottles Fired
# name 19 = flag:  0.000e+00
# interval = seconds: 0.0416667
# start_time = Dec 07 2021 06:49:20 [NMEA time, header]
# bad_flag = -9.990e-29
*END*
     86.412     85.542    -0.2610  28.205081    -0.2276  28.239028     6.2619     6.1752     0.3439    95.1031 1.0000e-12  -65.84894  -71.37790 341.373584      99.98 1.4103e+02   7717.667     185225          1  0.000e+00
     86.364     85.494    -0.2608  28.204850    -0.2242  28.242585     6.2669     6.1803     0.3513    95.1031 1.0000e-12  -65.84894  -71.37790 341.373585      99.98 1.4103e+02   7717.708     185226          1  0.000e+00
     86.412     85.542    -0.2608  28.204156    -0.2191  28.245917     6.2672     6.1807     0.3439    95.1031 1.0000e-12  -65.84894  -71.37790 341.373585      99.98 1.4103e+02   7717.750     185227          1  0.000e+00
     86.295     85.427    -0.2619  28.202538    -0.2159  28.247498     6.2731     6.1812     0.3513    95.1031 1.0000e-12  -65.84894  -71.37790 341.373586      99.98 1.4103e+02   7717.792     185228          1  0.000e+00
     86.364     85.494    -0.2628  28.201903    -0.2159  28.248458     6.2757     6.1832     0.3513    95.1031 1.0000e-12  -65.84894  -71.37790 341.373586      99.98 1.4103e+02   7717.833     185229          1  0.000e+00
     86.309     85.440    -0.2641  28.201614    -0.2077  28.250942     6.2779     6.1839     0.3513    95.1031 1.0000e-12  -65.84894  -71.37790 341.373587      99.95 1.4103e+02   7717.875     185230          1  0.000e+00
     86.261     85.393    -0.2650  28.200747    -0.2072  28.251733     6.2856     6.1858     0.3513    95.1031 1.0000e-12  -65.84894  -71.37790 341.373587      99.95 1.4103e+02   7717.917     185231          1  0.000e+00
     86.309     85.440    -0.2647  28.200111    -0.2108  28.247949     6.2827     6.1886     0.3439    95.1289 1.0000e-12  -65.84894  -71.37790 341.373587      99.98 1.4103e+02   7717.958     185232          1  0.000e+00
     86.309     85.440    -0.2654  28.199533    -0.2174  28.242133     6.2840     6.1919     0.3513    95.0774 1.0000e-12  -65.84894  -71.37790 341.373588      99.98 1.4103e+02   7718.000     185233          1  0.000e+00
     86.247     85.379    -0.2649  28.200805    -0.2218  28.238914     6.2905     6.1948     0.3439    95.1031 1.0000e-12  -65.84894  -71.37790 341.373588      99.98 1.4103e+02   7718.042     185234          1  0.000e+00
     86.261     85.393    -0.2607  28.204098    -0.2242  28.238463     6.2916     6.2026     0.3439    95.1031 1.0000e-12  -65.84894  -71.37790 341.373589      99.98 1.4103e+02   7718.083     185235          1  0.000e+00
     86.213     85.345    -0.2490  28.212072    -0.2273  28.237503     6.2865     6.2060     0.3439    95.1031 1.0000e-12  -65.84894  -71.37790 341.373589      99.98 1.4103e+02   7718.125     185236          1  0.000e+00
     86.261     85.393    -0.2348  28.220683    -0.2293  28.235583     6.2854     6.2092     0.3513    95.1031 1.0000e-12  -65.84894  -71.37790 341.373590      99.98 1.4103e+02   7718.167     185237          1  0.000e+00
     86.213     85.345    -0.2381  28.223689    -0.2302  28.233945     6.2926     6.2122     0.3513    95.0774 1.0000e-12  -65.84894  -71.37790 341.373590      99.95 1.4103e+02   7718.208     185238          1  0.000e+00
     86.213     85.345    -0.2444  28.225771    -0.2336  28.233268     6.2943     6.2155     0.3439    95.0774 1.0000e-12  -65.84894  -71.37790 341.373591      99.95 1.4103e+02   7718.250     185239          1  0.000e+00
     86.248     85.379    -0.2431  28.228083    -0.2336  28.234228     6.2901     6.2237     0.3439    95.0774 1.0000e-12  -65.84894  -71.37790 341.373591      99.98 1.4103e+02   7718.292     185240          1  0.000e+00
     86.213     85.345    -0.2395  28.229528    -0.2319  28.234906     6.2956     6.2269     0.3439    95.0774 1.0000e-12  -65.84894  -71.37790 341.373592      99.98 1.4103e+02   7718.333     185241          1  0.000e+00
     86.159     85.291    -0.2370  28.229874    -0.2308  28.236769     6.3139     6.2300     0.3439    95.0774 1.0000e-12  -65.84894  -71.37790 341.373592      99.95 1.4103e+02   7718.375     185242          1  0.000e+00
     86.261     85.393    -0.2349  28.229759    -0.2273  28.241004     6.3187     6.2327     0.3513    95.0774 1.0000e-12  -65.84894  -71.37790 341.373593      99.95 1.4103e+02   7718.417     185243          1  0.000e+00
     86.159     85.291    -0.2348  28.231262    -0.2193  28.245803     6.3303     6.2336     0.3439    95.0774 1.0000e-12  -65.84894  -71.37790 341.373593      99.98 1.4103e+02   7718.458     185244          1  0.000e+00
     86.159     85.291    -0.2342  28.232129    -0.2126  28.250377     6.3298     6.2410     0.3439    95.0516 1.0000e-12  -65.84894  -71.37790 341.373594      99.98 1.4103e+02   7718.500     185245          1  0.000e+00
     86.248     85.379    -0.2341  28.231088    -0.2080  28.253823     6.3393     6.2432     0.3513    95.0774 1.0000e-12  -65.84894  -71.37790 341.373594      99.98 1.4103e+02   7718.542     185246          1  0.000e+00
     86.213     85.345    -0.2350  28.228949    -0.2051  28.256420     6.3396     6.2455     0.3439    95.0774 1.0000e-12  -65.84894  -71.37790 341.373595      99.98 1.4103e+02   7718.583     185247          1  0.000e+00
     86.159     85.291    -0.2365  28.226868    -0.2036  28.258228     6.3455     6.2470     0.3513    95.0774 1.0000e-12  -65.84894  -71.37790 341.373595      99.98 1.4103e+02   7718.625     185248          1  0.000e+00
     86.213     85.345    -0.2375  28.223978    -0.2027  28.258793     6.3438     6.2486     0.3586    95.0774 1.0000e-12  -65.84894  -71.37790 341.373596      99.98 1.4103e+02   7718.667     185249          1  0.000e+00
     86.159     85.291    -0.2393  28.220510    -0.2013  28.259470     6.3508     6.2498     0.3659    95.0774 1.0000e-12  -65.84894  -71.37790 341.373596      99.95 1.4103e+02   7718.708     185250          1  0.000e+00
     86.193     85.325    -0.2444  28.218256    -0.1980  28.262238     6.3476     6.2559     0.3586    95.0774 1.0000e-12  -65.84894  -71.37790 341.373597      99.98 1.4103e+02   7718.750     185251          1  0.000e+00
     86.213     85.345    -0.2463  28.217678    -0.1957  28.265062     6.3506     6.2574     0.3586    95.0774 1.0000e-12  -65.84894  -71.37790 341.373597      99.98 1.4103e+02   7718.792     185252          1  0.000e+00
     86.159     85.291    -0.2468  28.217967    -0.1948  28.265909     6.3574     6.2589     0.3659    95.0774 1.0000e-12  -65.84894  -71.37790 341.373598      99.98 1.4103e+02   7718.833     185253          1  0.000e+00
     86.213     85.345    -0.2463  28.219875    -0.1953  28.264215     6.3592     6.2607     0.3586    95.0774 1.0000e-12  -65.84894  -71.37790 341.373598      99.95 1.4103e+02   7718.875     185254          1  0.000e+00
     86.261     85.393    -0.2445  28.219701    -0.1993  28.262069     6.3592     6.2628     0.3659    95.0774 1.0000e-12  -65.84894  -71.37790 341.373599      99.95 1.4103e+02   7718.917     185255          1  0.000e+00
     86.214     85.345    -0.2460  28.215598    -0.1983  28.264893     6.3607     6.2635     0.3586    95.0774 1.0000e-12  -65.84894  -71.37790 341.373599      99.98 1.4103e+02   7718.958     185256          1  0.000e+00
     86.248     85.379    -0.2516  28.209934    -0.1953  28.269751     6.3729     6.2637     0.3659    95.0516 1.0000e-12  -65.84894  -71.37790 341.373600      99.98 1.4103e+02   7719.000     185257          1  0.000e+00
     86.214     85.346    -0.2554  28.206698    -0.1929  28.268847     6.3751     6.2686     0.3586    95.0774 1.0000e-12  -65.84894  -71.37790 341.373600      99.98 1.4103e+02   7719.042     185258          1  0.000e+00
     86.214     85.346    -0.2569  28.207103    -0.1957  28.264158     6.3762     6.2697     0.3586    95.0774 1.0000e-12  -65.84894  -71.37790 341.373601      99.98 1.4103e+02   7719.083     185259          1  0.000e+00
     86.262     85.393    -0.2551  28.210397    -0.2003  28.261052     6.3717     6.2707     0.3659    95.1031 1.0000e-12  -65.84894  -71.37790 341.373601      99.98 1.4103e+02   7719.125     185260          1  0.000e+00
     86.262     85.393    -0.2519  28.214963    -0.1982  28.266644     6.3753     6.2707     0.3659    95.1031 1.0000e-12  -65.84894  -71.37790 341.373601      99.98 1.4103e+02   7719.167     185261          1  0.000e+00
     86.262     85.393    -0.2496  28.216003    -0.1883  28.276191     6.3742     6.2691     0.3586    95.0774 1.0000e-12  -65.84894  -71.37790 341.373602      99.93 1.4103e+02   7719.208     185262          1  0.000e+00
     86.296     85.427    -0.2512  28.212362    -0.1808  28.282123     6.3721     6.2679     0.3659    95.0774 1.0000e-12  -65.84894  -71.37790 341.373602      99.98 1.4103e+02   7719.250     185263          1  0.000e+00
     86.310     85.441    -0.2545  28.208374    -0.1786  28.284835     6.3724     6.2673     0.3659    95.0774 1.0000e-12  -65.84894  -71.37790 341.373603      99.98 1.4103e+02   7719.292     185264          1  0.000e+00
     86.262     85.393    -0.2582  28.205774    -0.1769  28.284213     6.3779     6.2722     0.3586    95.0774 1.0000e-12  -65.84894  -71.37790 341.373603      99.98 1.4103e+02   7719.333     185265          1  0.000e+00
     86.310     85.441    -0.2593  28.204503    -0.1789  28.277998     6.3722     6.2731     0.3586    95.0774 1.0000e-12  -65.84894  -71.37790 341.373604      99.95 1.4103e+02   7719.375     185266          1  0.000e+00
     86.364     85.495    -0.2623  28.201440    -0.1849  28.273874     6.3723     6.2743     0.3586    95.0774 1.0000e-12  -65.84894  -71.37790 341.373604      99.95 1.4103e+02   7719.417     185267          1  0.000e+00
     86.296     85.427    -0.2667  28.196471    -0.1832  28.280937     6.3721     6.2732     0.3659    95.0774 1.0000e-12  -65.84894  -71.37790 341.373605      99.98 1.4103e+02   7719.458     185268          1  0.000e+00
     86.365     85.495    -0.2710  28.192542    -0.1727  28.294045     6.3701     6.2704     0.3586    95.0774 1.0000e-12  -65.84894  -71.37790 341.373605      99.98 1.4103e+02   7719.500     185269          1  0.000e+00
     86.365     85.495    -0.2737  28.192080    -0.1634  28.301900     6.3671     6.2676     0.3659    95.0774 1.0000e-12  -65.84894  -71.37790 341.373606     100.00 1.4103e+02   7719.542     185270          1  0.000e+00
     86.413     85.542    -0.2728  28.195432    -0.1564  28.309530     6.3701     6.2705     0.3659    95.0774 1.0000e-12  -65.84894  -71.37790 341.373606      99.98 1.4103e+02   7719.583     185271          1  0.000e+00
     86.365     85.495    -0.2688  28.198725    -0.1478  28.315351     6.3618     6.2691     0.3586    95.0774 1.0000e-12  -65.84894  -71.37790 341.373607      99.98 1.4103e+02   7719.625     185272          1  0.000e+00
     86.413     85.542    -0.2697  28.196645    -0.1475  28.312242     6.3702     6.2692     0.3659    95.0774 1.0000e-12  -65.84894  -71.37790 341.373607      99.98 1.4103e+02   7719.667     185273          1  0.000e+00
     87.229     86.351    -0.5111  27.968014    -0.5084  27.968199     6.2638     6.2598     0.3806    95.0001 1.0000e-12  -65.84894  -71.37788 341.373643      99.98 1.4103e+02   7722.792     185348          2  0.000e+00
     87.229     86.351    -0.5098  27.968475    -0.5090  27.968424     6.2673     6.2629     0.3806    95.0001 1.0000e-12  -65.84894  -71.37788 341.373644      99.98 1.4103e+02   7722.833     185349          2  0.000e+00
     87.229     86.351    -0.5081  27.968417    -0.5089  27.969775     6.2695     6.2651     0.3806    95.0001 1.0000e-12  -65.84894  -71.37788 341.373644      99.95 1.4103e+02   7722.875     185350          2  0.000e+00
     87.181     86.303    -0.5078  27.967552    -0.5062  27.973713     6.2793     6.2723     0.3806    95.0001 1.0000e-12  -65.84894  -71.37788 341.373645      99.95 1.4279e+02   7722.917     185351          2  0.000e+00
     87.209     86.331    -0.5086  27.967495    -0.5027  27.978271     6.2834     6.2748     0.3806    95.0001 1.0000e-12  -65.84894  -71.37788 341.373645      99.98 1.4103e+02   7722.958     185352          2  0.000e+00
     87.181     86.303    -0.5093  27.967149    -0.4983  27.982098     6.2890     6.2717     0.3952    95.0001 1.0000e-12  -65.84894  -71.37788 341.373646      99.98 1.4279e+02   7723.000     185353          2  0.000e+00
     87.181     86.303    -0.5101  27.967610    -0.4930  27.985249     6.2992     6.2778     0.4172    95.0001 1.0000e-12  -65.84894  -71.37788 341.373646      99.98 1.4279e+02   7723.042     185354          2  0.000e+00
     87.229     86.351    -0.5109  27.967034    -0.4927  27.986938     6.3035     6.2811     0.4245    95.0001 1.0000e-12  -65.84894  -71.37788 341.373647      99.98 1.4279e+02   7723.083     185355          2  0.000e+00
     87.181     86.303    -0.5111  27.965767    -0.4923  27.987050     6.3017     6.2835     0.4318    95.0001 1.0000e-12  -65.84894  -71.37788 341.373647      99.98 1.4279e+02   7723.125     185356          2  0.000e+00
     87.209     86.331    -0.5117  27.964672    -0.4937  27.986600     6.3060     6.2862     0.4245    95.0001 1.0000e-12  -65.84894  -71.37788 341.373648      99.98 1.4279e+02   7723.167     185357          2  0.000e+00
     87.181     86.304    -0.5122  27.963405    -0.4958  27.987669     6.3148     6.2945     0.4245    95.0001 1.0000e-12  -65.84894  -71.37788 341.373648      99.95 1.4103e+02   7723.208     185358          2  0.000e+00
     87.181     86.304    -0.5129  27.963059    -0.4935  27.990596     6.3131     6.2973     0.4245    95.0001 1.0000e-12  -65.84894  -71.37788 341.373649      99.98 1.4279e+02   7723.250     185359          2  0.000e+00
     87.182     86.304    -0.5135  27.962426    -0.4902  27.992284     6.3145     6.3000     0.4245    95.0516 1.0000e-12  -65.84894  -71.37788 341.373649      99.98 1.4279e+02   7723.292     185360          2  0.000e+00
     87.230     86.351    -0.5142  27.962253    -0.4870  27.993297     6.3231     6.3083     0.4245    95.0516 1.0000e-12  -65.84894  -71.37788 341.373650      99.98 1.4279e+02   7723.333     185361          2  0.000e+00
     87.127     86.249    -0.5151  27.961446    -0.4810  27.999882     6.3331     6.3110     0.4245    95.0516 1.0000e-12  -65.84894  -71.37788 341.373650      99.98 1.4279e+02   7723.375     185362          2  0.000e+00
     87.209     86.331    -0.5154  27.962196    -0.4722  28.009508     6.3428     6.3122     0.4245    95.0516 1.0000e-12  -65.84894  -71.37788 341.373651      99.95 1.4279e+02   7723.417     185363          2  0.000e+00
     87.230     86.351    -0.5159  27.962714    -0.4542  28.016150     6.3478     6.3121     0.4318    95.0516 1.0000e-12  -65.84894  -71.37788 341.373651      99.98 1.4279e+02   7723.458     185364          2  0.000e+00
     87.127     86.249    -0.5161  27.962195    -0.4448  28.015811     6.3480     6.3144     0.4245    95.0516 1.0000e-12  -65.84894  -71.37788 341.373652      99.98 1.4279e+02   7723.500     185365          2  0.000e+00
     87.230     86.351    -0.5165  27.962829    -0.4581  28.008043     6.3586     6.3253     0.4245    95.0516 1.0000e-12  -65.84894  -71.37788 341.373652      99.98 1.4279e+02   7723.542     185366          2  0.000e+00
     87.127     86.249    -0.5169  27.963866    -0.4804  27.997124     6.3644     6.3326     0.4245    95.0516 1.0000e-12  -65.84894  -71.37788 341.373653      99.98 1.4279e+02   7723.583     185367          2  0.000e+00
     87.209     86.331    -0.5171  27.964730    -0.4908  27.989020     6.3687     6.3436     0.4245    95.0516 1.0000e-12  -65.84894  -71.37788 341.373653      99.98 1.4279e+02   7723.625     185368          2  0.000e+00
     87.127     86.249    -0.5168  27.964327    -0.4985  27.981704     6.3740     6.3483     0.4245    95.0516 1.0000e-12  -65.84894  -71.37788 341.373654      99.98 1.4279e+02   7723.667     185369          2  0.000e+00
     87.182     86.304    -0.5160  27.965537    -0.5028  27.975345     6.3909     6.3532     0.4245    95.0516 1.0000e-12  -65.84894  -71.37788 341.373654      99.95 1.4279e+02   7723.708     185370          2  0.000e+00
