NBP2113_155081_ctd/data/nbp2113_013.cnv
* Sea-Bird SBE 9 Data File:
* FileName = D:\Data\raw\NBP2113_013.hex
* Software Version Seasave V 7.26.7.121
* Temperature SN = 2438
* Conductivity SN = 2067
* Number of Bytes Per Scan = 40
* Number of Voltage Words = 5
* Number of Scans Averaged by the Deck Unit = 1
* NMEA Latitude = 65 13.99 S
* NMEA Longitude = 066 46.43 W
* NMEA UTC (Time) = Nov 27 2021  04:09:52
* NMEA baud rate = 9600
** Ship: RVIB N.B. Palmer
** Cruise: NBP2113 LTER
** Station: 500.100
** Operator: B. Urmston
# nquan = 25
# nvalues = 862                         
# units = specified
# name 0 = prDM: Pressure, Digiquartz [db]
# name 1 = depSM: Depth [salt water, m]
# name 2 = t090C: Temperature [ITS-90, deg C]
# name 3 = c0mS/cm: Conductivity [mS/cm]
# name 4 = t190C: Temperature, 2 [ITS-90, deg C]
# name 5 = c1mS/cm: Conductivity, 2 [mS/cm]
# name 6 = sbeox0ML/L: Oxygen, SBE 43 [ml/l]
# name 7 = sbeox1ML/L: Oxygen, SBE 43, 2 [ml/l]
# name 8 = flECO-AFL: Fluorescence, WET Labs ECO-AFL/FL [mg/m^3]
# name 9 = CStarTr0: Beam Transmission, WET Labs C-Star [%]
# name 10 = par: PAR/Irradiance, Biospherical/Licor
# name 11 = latitude: Latitude [deg]
# name 12 = longitude: Longitude [deg]
# name 13 = timeJ: Julian Days
# name 14 = altM: Altimeter [m]
# name 15 = spar: SPAR, Biospherical/Licor
# name 16 = timeS: Time, Elapsed [seconds]
# name 17 = scan: Scan Count
# name 18 = density00: Density [density, kg/m^3]
# name 19 = density11: Density, 2 [density, kg/m^3]
# name 20 = sal00: Salinity, Practical [PSU]
# name 21 = sal11: Salinity, Practical, 2 [PSU]
# name 22 = oxsolML/L: Oxygen Saturation, Garcia & Gordon [ml/l]
# name 23 = nbin: number of scans per bin
# name 24 = flag: flag
# span 0 =      1.000,    433.000       
# span 1 =      0.988,    428.300       
# span 2 =    -0.6342,     1.5349       
# span 3 =  27.803952,  30.327393       
# span 4 =    -0.6332,     1.5349       
# span 5 =  27.803014,  30.326560       
# span 6 =     4.1299,     9.9920       
# span 7 =     4.1116,     9.9636       
# span 8 =    -0.0221,     2.3439       
# span 9 =    87.5796,    97.7794       
# span 10 = 1.0000e-12, 2.0690e+00      
# span 11 =  -65.23322,  -65.23308      
# span 12 =  -66.77598,  -66.77434      
# span 13 = 331.176039, 331.198233      
# span 14 =       6.10,     101.52      
# span 15 = 0.0000e+00, 0.0000e+00      
# span 16 =    217.782,   2135.328      
# span 17 =       5228,      51249      
# span 18 =  1027.2988,  1029.8104      
# span 19 =  1027.2955,  1029.8094      
# span 20 =    33.9668,    34.7091      
# span 21 =    33.9626,    34.7079      
# span 22 =    7.71619,    8.19759      
# span 23 =         11,         47      
# span 24 = 0.0000e+00, 0.0000e+00      
# interval = decibars: 1                
# start_time = Nov 27 2021 04:09:52 [NMEA time, header]
# bad_flag = -9.990e-29
*END*
[from data line 58]
     62.000     61.382    -0.6154  27.811740    -0.6148  27.810847     8.0370     7.7965     1.0261    92.9316 1.0000e-12  -65.23316  -66.77482 331.178673      99.97 0.0000e+00    445.377      10690  1027.6409  1027.6394    34.0199    34.0181    8.19684         33 0.0000e+00
     63.000     62.372    -0.6167  27.812875    -0.6160  27.811863     8.0033     7.7645     0.9356    93.0824 1.0000e-12  -65.23316  -66.77480 331.178686      99.97 0.0000e+00    446.493      10717  1027.6477  1027.6459    34.0224    34.0202    8.19699         22 0.0000e+00
     64.000     63.361    -0.6181  27.814057    -0.6176  27.813002     7.8798     7.6953     0.8951    93.0774 1.0000e-12  -65.23316  -66.77480 331.178696      99.97 0.0000e+00    447.319      10737  1027.6546  1027.6530    34.0249    34.0229    8.19714         18 0.0000e+00
     65.000     64.351    -0.6201  27.814817    -0.6194  27.813855     7.6892     7.5808     0.8732    93.1087 1.0000e-12  -65.23316  -66.77480 331.178704      99.97 0.0000e+00    448.007      10753  1027.6616  1027.6600    34.0275    34.0255    8.19742         15 0.0000e+00
     66.000     65.342    -0.6214  27.815567    -0.6208  27.814580     7.5201     7.4633     0.8267    93.1990 1.0000e-12  -65.23316  -66.77481 331.178711      99.97 0.0000e+00    448.635      10768  1027.6680  1027.6664    34.0294    34.0275    8.19759         15 0.0000e+00
     67.000     66.330    -0.6231  27.824443    -0.6224  27.822988     7.3933     7.3884     0.8545    93.1769 1.0000e-12  -65.23316  -66.77482 331.178718      99.97 0.0000e+00    449.254      10783  1027.6836  1027.6814    34.0427    34.0400    8.19719         15 0.0000e+00
     68.000     67.322    -0.6307  27.839316    -0.6297  27.838828     7.3468     7.3825     0.8852    93.2867 1.0000e-12  -65.23316  -66.77482 331.178726      99.97 0.0000e+00    449.939      10800  1027.7116  1027.7100    34.0708    34.0689    8.19723         19 0.0000e+00
     69.000     68.312    -0.6342  27.852258    -0.6332  27.850869     7.4191     7.4345     0.9181    93.4064 1.0000e-12  -65.23316  -66.77483 331.178738      99.97 0.0000e+00    450.955      10824  1027.7333  1027.7308    34.0915    34.0885    8.19679         27 0.0000e+00
     70.000     69.301    -0.6334  27.848618    -0.6318  27.846284     7.1591     7.1158     0.7284    94.6489 1.0000e-12  -65.23316  -66.77484 331.178778      99.97 0.0000e+00    454.419      10907  1027.7326  1027.7285    34.0850    34.0801    8.19698         33 0.0000e+00
     71.000     70.290    -0.6281  27.868795    -0.6282  27.866711     6.8895     6.9077     0.6375    94.9098 1.0000e-12  -65.23316  -66.77484 331.178795      99.97 0.0000e+00    455.895      10942  1027.7537  1027.7516    34.1057    34.1030    8.19464         25 0.0000e+00
     72.000     71.281    -0.6012  27.906991    -0.6011  27.905322     6.8680     6.8481     0.4489    95.2237 1.0000e-12  -65.23316  -66.77484 331.178806      99.97 0.0000e+00    456.815      10965  1027.7731  1027.7713    34.1262    34.1240    8.18762         20 0.0000e+00
     73.000     72.270    -0.5857  27.926836    -0.5852  27.925663     6.8658     6.8297     0.2982    95.5423 1.0000e-12  -65.23316  -66.77483 331.178816      99.97 0.0000e+00    457.657      10985  1027.7839  1027.7822    34.1350    34.1328    8.18379         21 0.0000e+00
     74.000     73.261    -0.5825  27.931162    -0.5821  27.929797     6.9040     6.8191     0.2479    95.7872 1.0000e-12  -65.23316  -66.77483 331.178827      99.97 0.0000e+00    458.656      11009  1027.7898  1027.7880    34.1366    34.1343    8.18300         27 0.0000e+00
     75.000     74.250    -0.5797  27.934988    -0.5806  27.931643     6.9452     6.8233     0.4336    95.8390 1.0000e-12  -65.23316  -66.77484 331.178879      99.97 0.0000e+00    463.160      11117  1027.7958  1027.7931    34.1379    34.1344    8.18231         34 0.0000e+00
     76.000     75.240    -0.5669  27.950947    -0.5661  27.950157     6.8531     6.7691     0.3237    95.7957 1.0000e-12  -65.23316  -66.77486 331.178917      99.97 0.0000e+00    466.429      11195  1027.8050  1027.8033    34.1444    34.1423    8.17918         31 0.0000e+00
     77.000     76.230    -0.5632  27.954805    -0.5598  27.957524     6.8993     6.7298     0.3384    95.8932 1.0000e-12  -65.23316  -66.77485 331.178965      99.98 0.0000e+00    470.609      11296  1027.8102  1027.8099    34.1448    34.1446    8.17835         43 0.0000e+00
     78.000     77.218    -0.5493  27.972219    -0.5489  27.970975     6.8514     6.7003     0.2365    96.2765 1.0000e-12  -65.23316  -66.77484 331.178990      99.98 0.0000e+00    472.767      11347  1027.8200  1027.8183    34.1519    34.1499    8.17493         26 0.0000e+00
     79.000     78.210    -0.5394  27.983888    -0.5390  27.982763     6.8726     6.7013     0.1675    96.4204 1.0000e-12  -65.23316  -66.77484 331.179002      99.98 0.0000e+00    473.814      11373  1027.8273  1027.8257    34.1559    34.1539    8.17257         27 0.0000e+00
     80.000     79.200    -0.5409  27.982581    -0.5408  27.980684     6.8591     6.6851     0.2260    96.5839 1.0000e-12  -65.23316  -66.77485 331.179032      99.98 0.0000e+00    476.397      11435  1027.8319  1027.8298    34.1552    34.1525    8.17294         34 0.0000e+00
     81.000     80.189    -0.5404  27.983290    -0.5409  27.980711     6.7719     6.6069     0.1829    96.5198 1.0000e-12  -65.23316  -66.77488 331.179080      99.98 0.0000e+00    480.514      11533  1027.8368  1027.8345    34.1549    34.1520    8.17284         32 0.0000e+00
     82.000     81.180    -0.5189  28.009549    -0.5192  28.007244     6.7079     6.5734     0.1875    96.5898 1.0000e-12  -65.23316  -66.77487 331.179107      99.98 0.0000e+00    482.869      11590  1027.8486  1027.8464    34.1654    34.1626    8.16761         35 0.0000e+00
     83.000     82.167    -0.5067  28.024397    -0.4986  28.032567     6.5818     6.4655     0.3147    96.5008 1.0000e-12  -65.23316  -66.77484 331.179148      99.98 0.0000e+00    486.406      11675  1027.8573  1027.8581    34.1710    34.1728    8.16466         24 0.0000e+00
     84.000     83.158    -0.4727  28.063201    -0.4724  28.062023     6.5553     6.4418     0.1303    96.7207 1.0000e-12  -65.23316  -66.77484 331.179155      99.98 0.0000e+00    487.006      11689  1027.8704  1027.8688    34.1843    34.1823    8.15658         17 0.0000e+00
     85.000     84.150    -0.4633  28.074216    -0.4632  28.072815     6.5348     6.4346     0.1118    96.8395 1.0000e-12  -65.23316  -66.77484 331.179163      99.98 0.0000e+00    487.719      11706  1027.8775  1027.8759    34.1879    34.1859    8.15436         18 0.0000e+00
     86.000     85.137    -0.4556  28.082270    -0.4566  28.079465     6.5918     6.4701     0.1154    96.8928 1.0000e-12  -65.23316  -66.77486 331.179183      99.98 0.0000e+00    489.441      11748  1027.8832  1027.8811    34.1894    34.1867    8.15262         28 0.0000e+00
     87.000     86.127    -0.4662  28.071000    -0.4741  28.060213     6.5557     6.4354     0.1458    96.7549 1.0000e-12  -65.23316  -66.77486 331.179250      99.98 0.0000e+00    495.180      11885  1027.8861  1027.8820    34.1856    34.1799    8.15512         20 0.0000e+00
     88.000     87.118    -0.4467  28.092800    -0.4465  28.091445     6.5747     6.4321     0.1418    96.7150 1.0000e-12  -65.23316  -66.77486 331.179261      99.98 0.0000e+00    496.143      11908  1027.8949  1027.8931    34.1922    34.1902    8.15054         25 0.0000e+00
     89.000     88.107    -0.4461  28.093793    -0.4467  28.090962     6.5612     6.4288     0.1339    96.8254 1.0000e-12  -65.23317  -66.77487 331.179293      99.98 0.0000e+00    498.929      11975  1027.9000  1027.8974    34.1923    34.1891    8.15040         41 0.0000e+00
     90.000     89.096    -0.4429  28.097443    -0.4441  28.094273     6.5387     6.4044     0.0940    96.9376 1.0000e-12  -65.23318  -66.77488 331.179347      99.98 0.0000e+00    503.607      12088  1027.9055  1027.9030    34.1930    34.1901    8.14968         24 0.0000e+00
     91.000     90.087    -0.4359  28.105526    -0.4360  28.103951     6.5593     6.4048     0.1011    96.9566 1.0000e-12  -65.23318  -66.77488 331.179357      99.98 0.0000e+00    504.416      12107  1027.9116  1027.9099    34.1953    34.1933    8.14804         24 0.0000e+00
     92.000     91.076    -0.4449  28.095973    -0.4452  28.093206     6.5595     6.3962     0.1170    96.9712 1.0000e-12  -65.23316  -66.77488 331.179398      99.98 0.0000e+00    507.949      12192  1027.9146  1027.9118    34.1920    34.1886    8.15016         44 0.0000e+00
     93.000     92.066    -0.4262  28.116606    -0.4261  28.114604     6.4837     6.3482     0.1072    97.0008 1.0000e-12  -65.23317  -66.77488 331.179452      99.98 0.0000e+00    512.663      12305  1027.9230  1027.9207    34.1980    34.1952    8.14581         31 0.0000e+00
     94.000     93.056    -0.4033  28.141364    -0.4034  28.139783     6.4341     6.3072     0.0849    97.0610 1.0000e-12  -65.23316  -66.77488 331.179465      99.98 0.0000e+00    513.747      12331  1027.9317  1027.9300    34.2048    34.2028    8.14051         25 0.0000e+00
     95.000     94.045    -0.3757  28.170810    -0.3762  28.168765     6.4251     6.3002     0.0804    97.0912 1.0000e-12  -65.23316  -66.77488 331.179478      99.97 0.0000e+00    514.868      12358  1027.9409  1027.9391    34.2126    34.2104    8.13416         31 0.0000e+00
     96.000     95.035    -0.3772  28.169623    -0.3727  28.172042     6.4236     6.2843     0.0847    97.1119 1.0000e-12  -65.23316  -66.77488 331.179524      99.97 0.0000e+00    518.843      12453  1027.9459  1027.9441    34.2120    34.2103    8.13451         33 0.0000e+00
     97.000     96.025    -0.3575  28.191379    -0.3497  28.198165     6.3521     6.2288     0.0728    97.0870 1.0000e-12  -65.23316  -66.77488 331.179577      99.98 0.0000e+00    523.459      12564  1027.9545  1027.9540    34.2185    34.2187    8.12994         20 0.0000e+00
     98.000     97.014    -0.3258  28.225205    -0.3260  28.223570     6.2986     6.2363     0.0729    97.1075 1.0000e-12  -65.23316  -66.77488 331.179587      99.97 0.0000e+00    524.275      12584  1027.9643  1027.9627    34.2274    34.2255    8.12264         21 0.0000e+00
     99.000     98.005    -0.3119  28.239009    -0.3134  28.235931     6.3286     6.2248     0.0703    97.1202 1.0000e-12  -65.23316  -66.77488 331.179609      99.98 0.0000e+00    526.249      12631  1027.9702  1027.9682    34.2296    34.2271    8.11956         35 0.0000e+00
    100.000     98.994    -0.3458  28.204129    -0.3441  28.204956     6.2663     6.1450     0.0678    97.1195 1.0000e-12  -65.23316  -66.77488 331.179680      99.98 0.0000e+00    532.342      12777  1027.9706  1027.9699    34.2205    34.2197    8.12732         39 0.0000e+00
    101.000     99.985    -0.2411  28.318286    -0.2292  28.327963     6.1583     6.0814     0.0823    97.1483 1.0000e-12  -65.23316  -66.77490 331.179701      99.97 0.0000e+00    534.149      12821  1027.9953  1027.9940    34.2547    34.2542    8.10306         41 0.0000e+00
    102.000    100.973    -0.1894  28.370484    -0.1919  28.366214     6.1531     6.0361     0.0860    97.1637 1.0000e-12  -65.23314  -66.77491 331.179731      99.97 0.0000e+00    536.771      12884  1028.0060  1028.0040    34.2655    34.2627    8.09145         32 0.0000e+00
    103.000    101.963    -0.1597  28.402415    -0.1594  28.401458     6.1124     5.9917     0.0805    97.1806 1.0000e-12  -65.23314  -66.77488 331.179770      99.98 0.0000e+00    540.097      12963  1028.0167  1028.0154    34.2741    34.2725    8.08467         40 0.0000e+00
    104.000    102.953    -0.1306  28.432644    -0.1307  28.431326     6.0966     5.9729     0.0408    97.1832 1.0000e-12  -65.23315  -66.77488 331.179788      99.98 0.0000e+00    541.719      13002  1028.0254  1028.0241    34.2811    34.2794    8.07813         37 0.0000e+00
    105.000    103.943    -0.1175  28.447384    -0.1020  28.461309     6.0606     5.9268     0.0532    97.2336 1.0000e-12  -65.23314  -66.77488 331.179842      99.98 0.0000e+00    546.312      13112  1028.0337  1028.0336    34.2853    34.2865    8.07511         31 0.0000e+00
    106.000    104.931    -0.0778  28.488194    -0.0774  28.487116     5.9744     5.8759     0.0355    97.2405 1.0000e-12  -65.23314  -66.77488 331.179876      99.98 0.0000e+00    549.280      13184  1028.0432  1028.0420    34.2944    34.2925    8.06621         23 0.0000e+00
    107.000    105.922    -0.0485  28.519305    -0.0482  28.517678     5.9581     5.8676     0.0401    97.2514 1.0000e-12  -65.23314  -66.77490 331.179887      99.98 0.0000e+00    550.281      13208  1028.0523  1028.0506    34.3022    34.2997    8.05959         31 0.0000e+00
    108.000    106.912    -0.0588  28.509195    -0.0373  28.529909     5.9151     5.8063     0.0555    97.2904 1.0000e-12  -65.23314  -66.77492 331.179935      99.98 0.0000e+00    554.395      13306  1028.0570  1028.0582    34.2998    34.3031    8.06192         28 0.0000e+00
    109.000    107.900     0.0139  28.585381     0.0163  28.586124     5.8574     5.7675     0.0391    97.3131 1.0000e-12  -65.23314  -66.77490 331.179957      99.97 0.0000e+00    556.285      13352  1028.0713  1028.0702    34.3186    34.3169    8.04554         21 0.0000e+00
    110.000    108.890     0.0338  28.606269     0.0339  28.604824     5.8524     5.7636     0.0217    97.3398 1.0000e-12  -65.23314  -66.77490 331.179967      99.98 0.0000e+00    557.117      13372  1028.0787  1028.0774    34.3234    34.3214    8.04110         20 0.0000e+00
    111.000    109.882     0.0391  28.612358     0.0393  28.610981     5.8301     5.7512     0.0281    97.3459 1.0000e-12  -65.23314  -66.77490 331.179977      99.98 0.0000e+00    557.979      13392  1028.0847  1028.0832    34.3250    34.3228    8.03991         23 0.0000e+00
    112.000    110.870     0.0513  28.625597     0.0517  28.624121     5.8347     5.7307     0.0359    97.3675 1.0000e-12  -65.23314  -66.77490 331.179990      99.98 0.0000e+00    559.095      13419  1028.0915  1028.0898    34.3281    34.3258    8.03716         32 0.0000e+00
    113.000    111.860     0.0639  28.639170     0.0697  28.643052     5.7908     5.6823     0.0466    97.3754 1.0000e-12  -65.23314  -66.77492 331.180023      99.98 0.0000e+00    561.975      13488  1028.0988  1028.0975    34.3313    34.3300    8.03434         32 0.0000e+00
    114.000    112.849     0.1415  28.721017     0.1421  28.720010     5.6224     5.5666     0.0362    97.3981 1.0000e-12  -65.23314  -66.77492 331.180053      99.98 0.0000e+00    564.564      13551  1028.1146  1028.1131    34.3520    34.3501    8.01696         33 0.0000e+00
    115.000    113.839     0.2137  28.796608     0.2134  28.794735     5.5925     5.5357     0.0325    97.3888 1.0000e-12  -65.23314  -66.77491 331.180065      99.98 0.0000e+00    565.631      13576  1028.1286  1028.1270    34.3704    34.3681    8.00089         22 0.0000e+00
    116.000    114.829     0.2335  28.817850     0.2338  28.816663     5.6102     5.5223     0.0245    97.4036 1.0000e-12  -65.23314  -66.77490 331.180074      99.98 0.0000e+00    566.427      13595  1028.1364  1028.1349    34.3755    34.3736    7.99647         17 0.0000e+00
    117.000    115.819     0.2395  28.824385     0.2399  28.823127     5.6021     5.5156     0.0099    97.4206 1.0000e-12  -65.23314  -66.77490 331.180082      99.97 0.0000e+00    567.125      13612  1028.1421  1028.1406    34.3768    34.3748    7.99515         17 0.0000e+00
    118.000    116.806     0.2422  28.827530     0.2423  28.826105     5.6129     5.5112     0.0284    97.4206 1.0000e-12  -65.23314  -66.77490 331.180090      99.97 0.0000e+00    567.795      13628  1028.1475  1028.1460    34.3774    34.3754    7.99457         16 0.0000e+00
