NBP2113_155081_ctd/data/nbp2113_050.cnv
* Sea-Bird SBE 9 Data File:
* FileName = D:\Data\raw\NBP2113_050.hex
* Software Version Seasave V 7.26.7.121
* Temperature SN = 2438
* Conductivity SN = 2067
* Number of Bytes Per Scan = 40
* Number of Voltage Words = 5
* Number of Scans Averaged by the Deck Unit = 1
* NMEA Latitude = 64 56.46 S
* NMEA Longitude = 064 42.01 W
* NMEA UTC (Time) = Dec 11 2021  13:44:32
* NMEA baud rate = 9600
** Ship: RVIB N.B. Palmer
** Cruise: NBP2113 LTER
** Station: 590.050
** Operator: B. Urmston
# nquan = 25
# nvalues = 785                         
# units = specified
# name 0 = prDM: Pressure, Digiquartz [db]
# name 1 = depSM: Depth [salt water, m]
# name 2 = t090C: Temperature [ITS-90, deg C]
# name 3 = c0mS/cm: Conductivity [mS/cm]
# name 4 = t190C: Temperature, 2 [ITS-90, deg C]
# name 5 = c1mS/cm: Conductivity, 2 [mS/cm]
# name 6 = sbeox0ML/L: Oxygen, SBE 43 [ml/l]
# name 7 = sbeox1ML/L: Oxygen, SBE 43, 2 [ml/l]
# name 8 = flECO-AFL: Fluorescence, WET Labs ECO-AFL/FL [mg/m^3]
# name 9 = CStarTr0: Beam Transmission, WET Labs C-Star [%]
# name 10 = par: PAR/Irradiance, Biospherical/Licor
# name 11 = latitude: Latitude [deg]
# name 12 = longitude: Longitude [deg]
# name 13 = timeJ: Julian Days
# name 14 = altM: Altimeter [m]
# name 15 = spar: SPAR, Biospherical/Licor
# name 16 = timeS: Time, Elapsed [seconds]
# name 17 = scan: Scan Count
# name 18 = density00: Density [density, kg/m^3]
# name 19 = density11: Density, 2 [density, kg/m^3]
# name 20 = sal00: Salinity, Practical [PSU]
# name 21 = sal11: Salinity, Practical, 2 [PSU]
# name 22 = oxsolML/L: Oxygen Saturation, Garcia & Gordon [ml/l]
# name 23 = nbin: number of scans per bin
# name 24 = flag: flag
# span 0 =      1.000,    395.000       
# span 1 =      0.989,    390.758       
# span 2 =    -1.0765,     1.3610       
# span 3 =  27.240222,  30.127988       
# span 4 =    -1.0824,     1.3607       
# span 5 =  27.232573,  30.126457       
# span 6 =     4.1804,     8.6449       
# span 7 =     4.2428,     8.5360       
# span 8 =    -0.0227,     1.3956       
# span 9 =    82.1989,    92.0056       
# span 10 = -5.919e-06, 1.0082e+03      
# span 11 =  -64.94108,  -64.94064      
# span 12 =  -64.70039,  -64.69981      
# span 13 = 345.575836, 345.593043      
# span 14 =       6.93,      99.99      
# span 15 = 9.3079e+02, 1.0489e+03      
# span 16 =    280.262,   1766.881      
# span 17 =       6727,      42406      
# span 18 =  1026.9964,  1029.6041      
# span 19 =  1026.9957,  1029.6027      
# span 20 =    33.5517,    34.6569      
# span 21 =    33.5445,    34.6553      
# span 22 =    7.75283,    8.31167      
# span 23 =         10,         47      
# span 24 = 0.0000e+00, 0.0000e+00      
# interval = decibars: 1                
# start_time = Dec 11 2021 13:44:32 [NMEA time, header]
# bad_flag = -9.990e-29
*END*
[from data line 58]
     63.000     62.373    -0.1166  28.353155    -0.1152  28.353301     6.4551     6.6676     0.1677    91.1544 5.1199e+00  -64.94064  -64.69986 345.577733      99.97 1.0081e+03    444.150      10661  1027.7537  1027.7525    34.1845    34.1831    8.08063         36 0.0000e+00
     64.000     63.363    -0.1028  28.374105    -0.1027  28.372321     6.4309     6.6418     0.1224    91.1763 4.8481e+00  -64.94064  -64.69984 345.577748      99.97 1.0066e+03    445.395      10690  1027.7670  1027.7651    34.1963    34.1939    8.07704         28 0.0000e+00
     65.000     64.354    -0.0971  28.382670    -0.0972  28.378553     6.3699     6.5531     0.1397    91.1856 4.6307e+00  -64.94065  -64.69985 345.577789      99.97 1.0075e+03    448.951      10776  1027.7751  1027.7708    34.2007    34.1953    8.07559         31 0.0000e+00
     66.000     65.343    -0.0611  28.422566    -0.0560  28.428639     6.0331     6.3278     0.1271    91.2280 4.4690e+00  -64.94065  -64.69984 345.577832      99.97 1.0066e+03    452.731      10867  1027.7870  1027.7886    34.2128    34.2152    8.06731         22 0.0000e+00
     67.000     66.332    -0.0347  28.460194    -0.0342  28.459037     6.0373     6.3049     0.1165    91.2395 4.2748e+00  -64.94064  -64.69984 345.577842      99.97 1.0081e+03    453.518      10885  1027.8058  1027.8043    34.2326    34.2306    8.06062         22 0.0000e+00
     68.000     67.325    -0.0236  28.473582    -0.0222  28.472992     6.1424     6.3221     0.1183    91.2773 4.0837e+00  -64.94064  -64.69984 345.577856      99.97 1.0084e+03    454.775      10916  1027.8139  1027.8120    34.2373    34.2349    8.05802         28 0.0000e+00
     69.000     68.312    -0.0595  28.422838    -0.0754  28.400758     6.0727     6.3121     0.1359    91.2559 3.8673e+00  -64.94066  -64.69984 345.577933      99.97 1.0084e+03    461.437      11075  1027.7996  1027.7918    34.2096    34.1980    8.06716         39 0.0000e+00
     70.000     69.302     0.0097  28.513669     0.0046  28.505776     5.8978     6.1559     0.1113    91.3005 3.6949e+00  -64.94066  -64.69984 345.577952      99.97 1.0084e+03    463.070      11115  1027.8335  1027.8300    34.2520    34.2473    8.05019         41 0.0000e+00
     71.000     70.292     0.0335  28.541222     0.0336  28.539466     5.9200     6.0984     0.1071    91.3829 3.5451e+00  -64.94066  -64.69984 345.577975      99.97 1.0084e+03    465.072      11163  1027.8443  1027.8423    34.2612    34.2588    8.04467         33 0.0000e+00
     72.000     71.283     0.0355  28.540778     0.0435  28.550075     5.9131     6.0339     0.1213    91.4398 3.4640e+00  -64.94066  -64.69986 345.578025      99.97 1.0084e+03    469.381      11266  1027.8472  1027.8491    34.2578    34.2611    8.04444         36 0.0000e+00
     73.000     72.272     0.0521  28.561597     0.0523  28.560135     5.9041     6.0199     0.0884    91.4720 3.3144e+00  -64.94066  -64.69986 345.578046      99.97 1.0098e+03    471.207      11310  1027.8576  1027.8559    34.2662    34.2640    8.04049         34 0.0000e+00
     74.000     73.262     0.0520  28.562259     0.0522  28.560618     5.9402     6.0210     0.0838    91.5024 3.1180e+00  -64.94066  -64.69986 345.578074      99.97 1.0101e+03    473.620      11368  1027.8631  1027.8611    34.2666    34.2641    8.04049         36 0.0000e+00
     75.000     74.251     0.0557  28.566374     0.0555  28.564475     5.8959     5.9847     0.0965    91.5385 2.9796e+00  -64.94065  -64.69986 345.578121      99.97 1.0097e+03    477.692      11466  1027.8685  1027.8666    34.2673    34.2649    8.03967         32 0.0000e+00
     76.000     75.242     0.0751  28.587389     0.0751  28.585961     5.8299     5.9311     0.0955    91.5606 2.9285e+00  -64.94066  -64.69986 345.578152      99.97 1.0084e+03    480.346      11529  1027.8763  1027.8747    34.2728    34.2708    8.03530         34 0.0000e+00
     77.000     76.231     0.0917  28.608895     0.0914  28.606993     5.9003     5.9669     0.0837    91.5655 2.8187e+00  -64.94066  -64.69988 345.578178      99.97 1.0086e+03    482.551      11582  1027.8876  1027.8858    34.2820    34.2799    8.03130         39 0.0000e+00
     78.000     77.222     0.0878  28.605553     0.0925  28.609650     5.8577     5.9387     0.0828    91.5935 2.6475e+00  -64.94066  -64.69987 345.578222      99.97 1.0094e+03    486.364      11674  1027.8924  1027.8922    34.2814    34.2816    8.03215         39 0.0000e+00
     79.000     78.211     0.1090  28.628521     0.1092  28.628010     5.6661     5.8064     0.0900    91.5861 2.5803e+00  -64.94066  -64.69986 345.578265      99.97 1.0084e+03    490.065      11763  1027.9005  1027.8998    34.2874    34.2865    8.02737         26 0.0000e+00
     80.000     79.201     0.1313  28.652727     0.1311  28.651059     5.5280     5.7467     0.0746    91.5989 2.4819e+00  -64.94066  -64.69987 345.578275      99.97 1.0084e+03    490.970      11784  1027.9088  1027.9072    34.2939    34.2918    8.02235         24 0.0000e+00
     81.000     80.192     0.1701  28.690731     0.1701  28.688676     5.5963     5.7796     0.0768    91.5995 2.3644e+00  -64.94066  -64.69988 345.578288      99.97 1.0098e+03    492.098      11811  1027.9155  1027.9134    34.3000    34.2972    8.01390         31 0.0000e+00
     82.000     81.181     0.1505  28.673061     0.1696  28.691868     5.5880     5.6788     0.0868    91.5686 2.2259e+00  -64.94066  -64.69988 345.578351      99.97 1.0101e+03    497.513      11941  1027.9212  1027.9219    34.2980    34.3014    8.01811         34 0.0000e+00
     83.000     82.170     0.1879  28.709752     0.1898  28.709312     5.2282     5.4584     0.0675    91.5772 2.1783e+00  -64.94066  -64.69988 345.578385      99.97 1.0093e+03    500.447      12012  1027.9277  1027.9255    34.3040    34.3013    8.00998         37 0.0000e+00
     84.000     83.159     0.2447  28.768742     0.2446  28.767800     5.1504     5.3949     0.0634    91.6143 2.1086e+00  -64.94066  -64.69989 345.578401      99.97 1.0098e+03    501.861      12046  1027.9393  1027.9385    34.3176    34.3166    7.99738         29 0.0000e+00
     85.000     84.151     0.2572  28.781005     0.2566  28.779343     5.2518     5.4272     0.0592    91.6344 1.9936e+00  -64.94066  -64.69990 345.578421      99.97 1.0101e+03    503.545      12086  1027.9448  1027.9436    34.3192    34.3177    7.99470         32 0.0000e+00
     86.000     85.139     0.2339  28.757904     0.2398  28.761392     5.1330     5.3283     0.0569    91.6035 1.8666e+00  -64.94067  -64.69989 345.578488      99.97 1.0088e+03    509.342      12225  1027.9483  1027.9463    34.3142    34.3123    7.99982         39 0.0000e+00
     87.000     86.129     0.3063  28.833820     0.2992  28.824293     5.0351     5.2450     0.0608    91.6366 1.8244e+00  -64.94068  -64.69990 345.578508      99.97 1.0101e+03    511.054      12266  1027.9621  1027.9590    34.3326    34.3281    7.98376         35 0.0000e+00
     88.000     87.118     0.3315  28.863244     0.3307  28.860403     5.0925     5.2332     0.0518    91.6355 1.7679e+00  -64.94068  -64.69990 345.578526      99.97 1.0101e+03    512.636      12304  1027.9732  1027.9711    34.3426    34.3398    7.97798         39 0.0000e+00
     89.000     88.110     0.3260  28.859106     0.3296  28.861618     5.1933     5.2611     0.0435    91.6545 1.6494e+00  -64.94067  -64.69990 345.578567      99.97 1.0101e+03    516.224      12390  1027.9795  1027.9785    34.3426    34.3420    7.97911         29 0.0000e+00
     90.000     89.101     0.3315  28.866728     0.3301  28.862381     5.2455     5.2796     0.0468    91.6589 1.5571e+00  -64.94068  -64.69990 345.578624      99.97 1.0113e+03    521.141      12508  1027.9872  1027.9840    34.3460    34.3418    7.97780         25 0.0000e+00
     91.000     90.088     0.3482  28.886124     0.3479  28.884189     5.2549     5.2788     0.0391    91.6747 1.5331e+00  -64.94068  -64.69990 345.578661      99.97 1.0093e+03    524.337      12585  1027.9959  1027.9942    34.3522    34.3500    7.97399         32 0.0000e+00
     92.000     91.077     0.3665  28.906573     0.3659  28.904616     5.2144     5.2749     0.0321    91.6797 1.4764e+00  -64.94068  -64.69990 345.578671      99.97 1.0084e+03    525.197      12606  1028.0039  1028.0025    34.3580    34.3561    7.96988         20 0.0000e+00
     93.000     92.069     0.3799  28.923105     0.3794  28.921069     5.1783     5.2644     0.0289    91.7039 1.4139e+00  -64.94068  -64.69990 345.578680      99.97 1.0089e+03    525.970      12624  1028.0125  1028.0110    34.3641    34.3621    7.96677         18 0.0000e+00
     94.000     93.058     0.4076  28.954318     0.4067  28.952014     5.1780     5.2649     0.0297    91.6946 1.3484e+00  -64.94068  -64.69990 345.578690      99.97 1.0109e+03    526.814      12645  1028.0228  1028.0212    34.3736    34.3715    7.96054         25 0.0000e+00
     95.000     94.051     0.3824  28.925941     0.3680  28.907762     5.1775     5.2519     0.0331    91.7024 1.2709e+00  -64.94068  -64.69990 345.578773      99.97 1.0106e+03    533.991      12817  1028.0224  1028.0173    34.3638    34.3560    7.96628         22 0.0000e+00
     96.000     95.036     0.3855  28.930472     0.3820  28.924537     5.1571     5.2311     0.0285    91.7126 1.2319e+00  -64.94068  -64.69990 345.578801      99.97 1.0101e+03    536.368      12874  1028.0283  1028.0255    34.3657    34.3619    7.96553         15 0.0000e+00
     97.000     96.027     0.4037  28.948457     0.4071  28.951122     5.1461     5.2241     0.0304    91.7279 1.1904e+00  -64.94068  -64.69990 345.578808      99.97 1.0101e+03    537.012      12889  1028.0338  1028.0332    34.3684    34.3681    7.96162         14 0.0000e+00
     98.000     97.018     0.4338  28.985734     0.4336  28.983985     5.1401     5.2227     0.0362    91.7470 1.1459e+00  -64.94068  -64.69990 345.578815      99.97 1.0101e+03    537.620      12904  1028.0479  1028.0462    34.3831    34.3810    7.95460         15 0.0000e+00
     99.000     98.006     0.4383  28.992013     0.4381  28.990346     5.1563     5.2320     0.0407    91.7478 1.0954e+00  -64.94068  -64.69990 345.578824      99.97 1.0114e+03    538.367      12922  1028.0546  1028.0530    34.3857    34.3838    7.95354         23 0.0000e+00
    100.000     98.995     0.4051  28.955250     0.4076  28.956882     5.1744     5.2341     0.0421    91.7194 1.0202e+00  -64.94071  -64.69990 345.578905      99.97 1.0106e+03    545.429      13091  1028.0533  1028.0524    34.3740    34.3733    7.96104         23 0.0000e+00
    101.000     99.985     0.4026  28.950755     0.4071  28.954304     5.1569     5.2330     0.0407    91.7323 9.8042e-01  -64.94072  -64.69992 345.578935      99.97 1.0112e+03    547.952      13152  1028.0554  1028.0545    34.3702    34.3699    7.96175         20 0.0000e+00
    102.000    100.976     0.4344  28.987886     0.4343  28.986879     5.1593     5.2330     0.0365    91.7309 9.4370e-01  -64.94071  -64.69991 345.578946      99.97 1.0124e+03    548.944      13176  1028.0675  1028.0666    34.3828    34.3817    7.95450         27 0.0000e+00
    103.000    101.967     0.4183  28.971637     0.4160  28.967689     5.1776     5.2367     0.0404    91.7343 8.8842e-01  -64.94071  -64.69992 345.578995      99.97 1.0137e+03    553.199      13278  1028.0709  1028.0690    34.3790    34.3763    7.95804         30 0.0000e+00
    104.000    102.956     0.4204  28.974016     0.4212  28.972890     5.1631     5.2164     0.0333    91.7370 8.5202e-01  -64.94072  -64.69992 345.579043      99.97 1.0137e+03    557.274      13376  1028.0757  1028.0737    34.3791    34.3767    7.95760         37 0.0000e+00
    105.000    103.945     0.4392  28.994577     0.4403  28.994547     5.1604     5.2112     0.0216    91.7352 8.2279e-01  -64.94072  -64.69994 345.579056      99.97 1.0137e+03    558.468      13404  1028.0832  1028.0820    34.3844    34.3832    7.95342         24 0.0000e+00
    106.000    104.934     0.4460  29.003693     0.4459  29.002290     5.1709     5.2097     0.0339    91.7311 7.8571e-01  -64.94072  -64.69992 345.579067      99.97 1.0137e+03    559.388      13426  1028.0904  1028.0890    34.3882    34.3864    7.95181         21 0.0000e+00
    107.000    105.924     0.4490  29.007892     0.4490  29.006419     5.1687     5.2085     0.0311    91.7497 7.4787e-01  -64.94072  -64.69994 345.579078      99.97 1.0137e+03    560.361      13450  1028.0963  1028.0947    34.3898    34.3878    7.95111         27 0.0000e+00
    108.000    106.914     0.4509  29.010326     0.4506  29.008617     5.1627     5.2072     0.0376    91.7536 7.0812e-01  -64.94072  -64.69992 345.579097      99.97 1.0137e+03    561.978      13488  1028.1014  1028.0999    34.3902    34.3883    7.95069         40 0.0000e+00
    109.000    107.903     0.4536  29.013704     0.4534  29.011977     5.1666     5.2066     0.0437    91.7527 6.7850e-01  -64.94072  -64.69992 345.579118      99.97 1.0137e+03    563.835      13533  1028.1067  1028.1051    34.3910    34.3890    7.95009         35 0.0000e+00
    110.000    108.893     0.4572  29.018102     0.4573  29.016713     5.1465     5.2014     0.0294    91.7657 6.5327e-01  -64.94072  -64.69992 345.579134      99.97 1.0137e+03    565.148      13565  1028.1121  1028.1107    34.3922    34.3903    7.94928         29 0.0000e+00
    111.000    109.883     0.4587  29.020381     0.4586  29.018826     5.1423     5.1929     0.0363    91.7729 6.2894e-01  -64.94072  -64.69994 345.579148      99.97 1.0137e+03    566.366      13594  1028.1174  1028.1160    34.3929    34.3910    7.94893         30 0.0000e+00
    112.000    110.872     0.4603  29.022225     0.4604  29.020840     5.1390     5.1844     0.0332    91.8026 6.0545e-01  -64.94072  -64.69994 345.579163      99.97 1.0137e+03    567.685      13625  1028.1222  1028.1207    34.3930    34.3910    7.94861         30 0.0000e+00
    113.000    111.862     0.4673  29.029982     0.4668  29.028144     5.1314     5.1782     0.0257    91.8106 5.7961e-01  -64.94072  -64.69995 345.579177      99.97 1.0137e+03    568.877      13654  1028.1278  1028.1264    34.3947    34.3928    7.94708         25 0.0000e+00
    114.000    112.852     0.4790  29.043460     0.4787  29.041688     5.0970     5.1663     0.0241    91.7796 5.5358e-01  -64.94072  -64.69996 345.579187      99.97 1.0137e+03    569.788      13676  1028.1348  1028.1333    34.3986    34.3967    7.94444         20 0.0000e+00
    115.000    113.842     0.4893  29.055724     0.4889  29.053964     5.0788     5.1604     0.0361    91.7781 5.2508e-01  -64.94072  -64.69996 345.579197      99.97 1.0150e+03    570.656      13697  1028.1419  1028.1405    34.4026    34.4008    7.94211         23 0.0000e+00
    116.000    114.829     0.5084  29.076914     0.5083  29.075098     5.0736     5.1577     0.0384    91.7697 4.9497e-01  -64.94072  -64.69996 345.579211      99.97 1.0154e+03    571.832      13725  1028.1498  1028.1481    34.4084    34.4062    7.93786         32 0.0000e+00
    117.000    115.822     0.5118  29.081873     0.5114  29.080461     5.0810     5.1313     0.0369    91.7858 4.7105e-01  -64.94072  -64.69994 345.579240      99.97 1.0152e+03    574.304      13784  1028.1564  1028.1552    34.4105    34.4091    7.93705         31 0.0000e+00
    118.000    116.810     0.5185  29.089817     0.5182  29.088148     5.0689     5.1283     0.0322    91.8116 4.5327e-01  -64.94072  -64.69993 345.579254      99.97 1.0130e+03    575.578      13815  1028.1625  1028.1611    34.4128    34.4110    7.93555         21 0.0000e+00
    119.000    117.799     0.5306  29.103285     0.5304  29.101638     5.0592     5.1254     0.0289    91.8071 4.3512e-01  -64.94072  -64.69992 345.579263      99.97 1.0119e+03    576.302      13832  1028.1691  1028.1676    34.4164    34.4144    7.93288         15 0.0000e+00
