NBP2113_155081_ctd/data/nbp2113_004.ros
* Sea-Bird SBE 9 Data File:
* FileName = D:\Data\raw\NBP2113_004.hex
* Software Version Seasave V 7.26.7.121
* Temperature SN = 2438
* Conductivity SN = 2067
* Number of Bytes Per Scan = 40
* Number of Voltage Words = 5
* Number of Scans Averaged by the Deck Unit = 1
* NMEA Latitude = 63 46.12 S
* NMEA Longitude = 062 51.59 W
* NMEA UTC (Time) = Nov 23 2021  06:30:17
* NMEA baud rate = 9600
** Ship: RVIB N.B. Palmer
** Cruise: NBP2113 LTER
** Station: 747.068
** Operator: B. Urmston
# nquan = 20
# nvalues = 1127                                  
# units = specified
# name 0 = prDM: Pressure, Digiquartz [db]
# name 1 = depSM: Depth [salt water, m]
# name 2 = t090C: Temperature [ITS-90, deg C]
# name 3 = c0mS/cm: Conductivity [mS/cm]
# name 4 = t190C: Temperature, 2 [ITS-90, deg C]
# name 5 = c1mS/cm: Conductivity, 2 [mS/cm]
# name 6 = sbeox0ML/L: Oxygen, SBE 43 [ml/l]
# name 7 = sbeox1ML/L: Oxygen, SBE 43, 2 [ml/l]
# name 8 = flECO-AFL: Fluorescence, WET Labs ECO-AFL/FL [mg/m^3]
# name 9 = CStarTr0: Beam Transmission, WET Labs C-Star [%]
# name 10 = par: PAR/Irradiance, Biospherical/Licor
# name 11 = latitude: Latitude [deg]
# name 12 = longitude: Longitude [deg]
# name 13 = timeJ: Julian Days
# name 14 = altM: Altimeter [m]
# name 15 = spar: SPAR, Biospherical/Licor
# name 16 = timeS: Time, Elapsed [seconds]
# name 17 = scan: Scan Count
# name 18 = nbf: Bottles Fired
# name 19 = flag:  0.000e+00
# interval = seconds: 0.0416667
# start_time = Nov 23 2021 06:30:17 [NMEA time, header]
# bad_flag = -9.990e-29
*END*
[from data line 1014]
      3.388      3.355    -0.5463  27.790445    -0.5466  27.788584     8.1933     8.0735     1.1864    91.7557 1.4102e+01  -63.76786  -62.86068 327.296952      99.95 3.3495e+01   2239.625      53752         22  0.000e+00
      3.381      3.348    -0.5466  27.790560    -0.5466  27.788248     8.1913     8.0736     1.1571    91.7557 1.4143e+01  -63.76786  -62.86068 327.296952      99.98 3.3495e+01   2239.667      53753         22  0.000e+00
      3.285      3.253    -0.5467  27.790732    -0.5463  27.787798     8.1878     8.0735     1.1498    91.7557 1.4185e+01  -63.76786  -62.86068 327.296953      99.98 3.3495e+01   2239.708      53754         22  0.000e+00
      3.340      3.308    -0.5466  27.790790    -0.5465  27.788023     8.1844     8.0736     1.1498    91.7557 1.4185e+01  -63.76786  -62.86068 327.296953      99.98 3.3495e+01   2239.750      53755         22  0.000e+00
      3.128      3.098    -0.5466  27.790617    -0.5465  27.788359     8.1866     8.0735     1.1425    91.7557 1.4185e+01  -63.76786  -62.86070 327.296954      99.98 3.3495e+01   2239.792      53756         22  0.000e+00
      3.238      3.206    -0.5468  27.790732    -0.5465  27.788191     8.1860     8.0737     1.1498    91.7557 1.4185e+01  -63.76786  -62.86070 327.296954      99.98 3.3495e+01   2239.833      53757         22  0.000e+00
      3.135      3.104    -0.5464  27.790617    -0.5462  27.788135     8.1721     8.0737     1.1498    91.7557 1.4185e+01  -63.76786  -62.86070 327.296955      99.98 3.3495e+01   2239.875      53758         22  0.000e+00
      3.087      3.057    -0.5465  27.790732    -0.5463  27.787966     8.1673     8.0730     1.1498    91.7557 1.4143e+01  -63.76786  -62.86070 327.296955      99.95 3.3495e+01   2239.917      53759         22  0.000e+00
      3.073      3.044    -0.5463  27.790617    -0.5462  27.788471     8.1698     8.0723     1.1498    91.7557 1.4143e+01  -63.76786  -62.86070 327.296956      99.98 3.3495e+01   2239.958      53760         22  0.000e+00
      3.032      3.003    -0.5465  27.790904    -0.5465  27.788696     8.1664     8.0725     1.1498    91.7557 1.4143e+01  -63.76786  -62.86070 327.296956      99.98 3.3495e+01   2240.000      53761         22  0.000e+00
      2.985      2.956    -0.5461  27.790846    -0.5462  27.788415     8.1572     8.0727     1.1498    91.7557 1.4102e+01  -63.76786  -62.86070 327.296957      99.98 3.3495e+01   2240.042      53762         22  0.000e+00
      2.971      2.942    -0.5461  27.790961    -0.5463  27.788190     8.1512     8.0730     1.1498    91.7557 1.4102e+01  -63.76786  -62.86070 327.296957      99.95 3.3495e+01   2240.083      53763         22  0.000e+00
      2.930      2.901    -0.5460  27.790846    -0.5461  27.788134     8.1408     8.0732     1.1498    91.7814 1.4102e+01  -63.76786  -62.86070 327.296957      99.95 3.3495e+01   2240.125      53764         22  0.000e+00
      2.882      2.854    -0.5463  27.790961    -0.5462  27.788134     8.1465     8.0735     1.1498    91.7814 1.4102e+01  -63.76786  -62.86070 327.296958      99.98 3.3495e+01   2240.167      53765         22  0.000e+00
      2.834      2.807    -0.5463  27.790903    -0.5462  27.788302     8.1434     8.0730     1.1498    91.7557 1.4102e+01  -63.76786  -62.86070 327.296958      99.98 3.3495e+01   2240.208      53766         22  0.000e+00
      2.820      2.793    -0.5463  27.790788    -0.5463  27.788415     8.1416     8.0734     1.1498    91.7814 1.4143e+01  -63.76786  -62.86070 327.296959      99.98 3.3495e+01   2240.250      53767         22  0.000e+00
      2.834      2.807    -0.5462  27.790616    -0.5463  27.788358     8.1342     8.0793     1.1425    91.7814 1.4185e+01  -63.76786  -62.86070 327.296959      99.98 3.3495e+01   2240.292      53768         22  0.000e+00
      2.779      2.752    -0.5463  27.790903    -0.5466  27.788358     8.1442     8.0797     1.1498    91.7814 1.4311e+01  -63.76786  -62.86070 327.296960      99.98 3.3495e+01   2240.333      53769         22  0.000e+00
      2.718      2.691    -0.5462  27.790673    -0.5463  27.788414     8.1381     8.0744     1.1498    91.7814 1.4438e+01  -63.76786  -62.86070 327.296960      99.98 3.3495e+01   2240.375      53770         22  0.000e+00
      2.732      2.705    -0.5460  27.790903    -0.5465  27.788358     8.1309     8.0749     1.1498    91.7814 1.4608e+01  -63.76786  -62.86070 327.296961      99.95 3.3495e+01   2240.417      53771         22  0.000e+00
      2.677      2.651    -0.5462  27.790845    -0.5466  27.788414     8.1295     8.0753     1.1498    91.7814 1.4825e+01  -63.76786  -62.86070 327.296961      99.98 3.3495e+01   2240.458      53772         22  0.000e+00
      2.677      2.651    -0.5461  27.790788    -0.5463  27.788358     8.1356     8.0748     1.1498    91.7814 1.5000e+01  -63.76786  -62.86070 327.296962      99.98 3.3495e+01   2240.500      53773         22  0.000e+00
      2.670      2.644    -0.5462  27.790616    -0.5465  27.787628     8.1316     8.0799     1.1498    91.7814 1.5222e+01  -63.76786  -62.86070 327.296962      99.98 3.3495e+01   2240.542      53774         22  0.000e+00
      2.629      2.604    -0.5463  27.790730    -0.5466  27.787740     8.1323     8.0812     1.1498    91.7814 1.5401e+01  -63.76786  -62.86070 327.296963      99.95 3.3495e+01   2240.583      53775         22  0.000e+00
      2.629      2.604    -0.5462  27.790615    -0.5465  27.787684     8.1345     8.0770     1.1498    91.7814 1.5583e+01  -63.76786  -62.86070 327.296963      99.95 3.5258e+01   2240.625      53776         22  0.000e+00
      2.629      2.604    -0.5464  27.790730    -0.5466  27.787404     8.1501     8.0775     1.1498    91.7814 1.5767e+01  -63.76786  -62.86070 327.296964      99.98 3.3495e+01   2240.667      53777         22  0.000e+00
      2.568      2.543    -0.5460  27.790788    -0.5465  27.787572     8.1555     8.0770     1.1498    91.7814 1.5953e+01  -63.76786  -62.86070 327.296964      99.98 3.3495e+01   2240.708      53778         22  0.000e+00
      2.581      2.556    -0.5462  27.790788    -0.5465  27.788021     8.1598     8.0766     1.1864    91.7814 1.6094e+01  -63.76786  -62.86070 327.296965      99.98 3.3495e+01   2240.750      53779         22  0.000e+00
      2.581      2.556    -0.5463  27.790960    -0.5463  27.788133     8.1511     8.0825     1.2304    91.7814 1.6236e+01  -63.76786  -62.86070 327.296965      99.98 3.3495e+01   2240.792      53780         23  0.000e+00
      2.520      2.495    -0.5458  27.791247    -0.5466  27.788133     8.1644     8.0784     1.2450    91.7814 1.6283e+01  -63.76786  -62.86070 327.296966      99.98 3.3495e+01   2240.833      53781         23  0.000e+00
      2.581      2.556    -0.5450  27.791880    -0.5463  27.787909     8.1617     8.0789     1.2377    91.7814 1.6283e+01  -63.76786  -62.86070 327.296966      99.98 3.3495e+01   2240.875      53782         23  0.000e+00
      2.479      2.455    -0.5441  27.792454    -0.5465  27.788077     8.1620     8.0794     1.2304    91.7814 1.6331e+01  -63.76786  -62.86070 327.296967      99.93 3.3495e+01   2240.917      53783         23  0.000e+00
      2.527      2.502    -0.5441  27.792627    -0.5463  27.788133     8.1627     8.0846     1.2377    91.7814 1.6283e+01  -63.76786  -62.86070 327.296967      99.98 3.3495e+01   2240.958      53784         23  0.000e+00
      2.520      2.495    -0.5441  27.792627    -0.5465  27.788358     8.1648     8.0797     1.2377    91.8072 1.6283e+01  -63.76786  -62.86070 327.296968      99.98 3.3495e+01   2241.000      53785         23  0.000e+00
      2.479      2.455    -0.5439  27.792799    -0.5463  27.788582     8.1670     8.0793     1.2377    91.8072 1.6188e+01  -63.76786  -62.86070 327.296968      99.98 3.3495e+01   2241.042      53786         23  0.000e+00
      2.527      2.502    -0.5437  27.792512    -0.5462  27.788863     8.1636     8.0790     1.2377    91.8072 1.6047e+01  -63.76786  -62.86070 327.296969      99.95 3.3495e+01   2241.083      53787         23  0.000e+00
      2.424      2.401    -0.5439  27.792396    -0.5457  27.789087     8.1633     8.0784     1.2377    91.8072 1.5813e+01  -63.76786  -62.86070 327.296969      99.95 3.3495e+01   2241.125      53788         23  0.000e+00
      2.520      2.495    -0.5440  27.792167    -0.5452  27.789817     8.1705     8.0781     1.2377    91.8072 1.5675e+01  -63.76786  -62.86070 327.296970      99.98 3.3495e+01   2241.167      53789         23  0.000e+00
      2.424      2.401    -0.5441  27.792109    -0.5450  27.789761     8.1776     8.0830     1.2377    91.8072 1.5492e+01  -63.76786  -62.86070 327.296970      99.98 3.3495e+01   2241.208      53790         23  0.000e+00
      2.479      2.455    -0.5441  27.792282    -0.5448  27.789705     8.1731     8.0836     1.2304    91.8072 1.5356e+01  -63.76786  -62.86070 327.296970      99.98 3.5258e+01   2241.250      53791         23  0.000e+00
      2.424      2.401    -0.5441  27.792167    -0.5448  27.789873     8.1730     8.0849     1.2304    91.8072 1.5266e+01  -63.76786  -62.86070 327.296971      99.98 3.3495e+01   2241.292      53792         23  0.000e+00
      2.417      2.394    -0.5441  27.792281    -0.5445  27.789761     8.1757     8.0853     1.2304    91.8072 1.5133e+01  -63.76786  -62.86070 327.296971      99.98 3.3495e+01   2241.333      53793         23  0.000e+00
      2.424      2.401    -0.5443  27.792224    -0.5446  27.789704     8.1800     8.0812     1.2377    91.8072 1.5000e+01  -63.76786  -62.86070 327.296972      99.98 3.3495e+01   2241.375      53794         23  0.000e+00
      2.424      2.401    -0.5444  27.792339    -0.5448  27.789704     8.1888     8.0817     1.2377    91.8072 1.4956e+01  -63.76786  -62.86070 327.296972      99.95 3.5258e+01   2241.417      53795         23  0.000e+00
      2.417      2.394    -0.5441  27.792167    -0.5446  27.789929     8.1860     8.0813     1.2377    91.8072 1.4956e+01  -63.76786  -62.86070 327.296973      99.95 3.3495e+01   2241.458      53796         23  0.000e+00
      2.424      2.401    -0.5438  27.792454    -0.5451  27.789536     8.1935     8.0865     1.2377    91.8072 1.5000e+01  -63.76786  -62.86070 327.296973      99.98 3.3495e+01   2241.500      53797         23  0.000e+00
      2.376      2.353    -0.5435  27.792626    -0.5452  27.789480     8.1892     8.0870     1.2377    91.8072 1.5088e+01  -63.76786  -62.86070 327.296974      99.98 3.3495e+01   2241.542      53798         23  0.000e+00
      2.377      2.353    -0.5436  27.792799    -0.5451  27.789199     8.1896     8.0874     1.2377    91.8072 1.5222e+01  -63.76786  -62.86070 327.296974      99.95 3.3495e+01   2241.583      53799         23  0.000e+00
      2.370      2.347    -0.5437  27.792684    -0.5452  27.789424     8.1885     8.0823     1.2377    91.8072 1.5356e+01  -63.76786  -62.86070 327.296975      99.95 3.5258e+01   2241.625      53800         23  0.000e+00
      2.377      2.353    -0.5434  27.792626    -0.5454  27.789424     8.1887     8.0874     1.2377    91.8072 1.5492e+01  -63.76786  -62.86070 327.296975      99.98 3.3495e+01   2241.667      53801         23  0.000e+00
      2.322      2.299    -0.5438  27.792626    -0.5454  27.789255     8.1948     8.0877     1.2377    91.8072 1.5583e+01  -63.76786  -62.86070 327.296976      99.98 3.5258e+01   2241.708      53802         23  0.000e+00
      2.377      2.354    -0.5436  27.792626    -0.5454  27.788975     8.1906     8.0881     1.2377    91.8072 1.5675e+01  -63.76786  -62.86070 327.296976      99.98 3.3495e+01   2241.750      53803         23  0.000e+00
      2.267      2.245    -0.5437  27.792798    -0.5456  27.788750     8.1907     8.0883     1.2304    91.7814 1.5813e+01  -63.76786  -62.86070 327.296977      99.98 3.3495e+01   2241.792      53804         23  0.000e+00
      2.322      2.299    -0.5438  27.792684    -0.5457  27.788862     8.1866     8.0886     1.2377    91.7814 1.5953e+01  -63.76786  -62.86070 327.296977      99.98 3.3495e+01   2241.833      53805         23  0.000e+00
      2.274      2.252    -0.5438  27.792626    -0.5459  27.788694     8.1928     8.0888     1.2450    91.7557 1.6141e+01  -63.76786  -62.86070 327.296978      99.98 3.3495e+01   2241.875      53806         23  0.000e+00
      2.274      2.252    -0.5434  27.792453    -0.5460  27.788301     8.1917     8.0891     1.2524    91.7557 1.6331e+01  -63.76786  -62.86070 327.296978      99.95 3.3495e+01   2241.917      53807         23  0.000e+00
      2.267      2.245    -0.5437  27.792741    -0.5460  27.788694     8.1849     8.0892     1.2524    91.7557 1.6523e+01  -63.76786  -62.86070 327.296979      99.98 3.5258e+01   2241.958      53808         23  0.000e+00
      2.226      2.205    -0.5436  27.792511    -0.5461  27.788918     8.1838     8.0892     1.2450    91.7814 1.6767e+01  -63.76786  -62.86070 327.296979      99.98 3.3495e+01   2242.000      53809         23  0.000e+00
      2.226      2.205    -0.5436  27.792568    -0.5460  27.788918     8.1887     8.0893     1.2524    91.7814 1.7013e+01  -63.76786  -62.86070 327.296980      99.98 3.3495e+01   2242.042      53810         23  0.000e+00
      2.124      2.103    -0.5438  27.792453    -0.5459  27.788918     8.1876     8.0837     1.2524    91.7557 1.7213e+01  -63.76786  -62.86070 327.296980      99.95 3.3495e+01   2242.083      53811         23  0.000e+00
      2.213      2.191    -0.5441  27.792166    -0.5456  27.788918     8.1809     8.0884     1.2524    91.7814 1.7467e+01  -63.76786  -62.86070 327.296981      99.95 3.3495e+01   2242.125      53812         23  0.000e+00
      2.124      2.103    -0.5443  27.791706    -0.5457  27.788918     8.1771     8.0883     1.2524    91.7814 1.7672e+01  -63.76786  -62.86070 327.296981      99.95 3.3495e+01   2242.167      53813         23  0.000e+00
      2.172      2.151    -0.5445  27.791591    -0.5457  27.788693     8.1877     8.0884     1.2524    91.7814 1.7931e+01  -63.76786  -62.86070 327.296982      99.98 3.3495e+01   2242.208      53814         23  0.000e+00
      2.062      2.042    -0.5446  27.791591    -0.5452  27.788300     8.1892     8.0881     1.2524    91.7557 1.8195e+01  -63.76786  -62.86070 327.296982      99.98 3.3495e+01   2242.250      53815         23  0.000e+00
      2.069      2.049    -0.5449  27.791591    -0.5457  27.788693     8.1850     8.0881     1.2450    91.7557 1.8408e+01  -63.76786  -62.86070 327.296983      99.98 3.3495e+01   2242.292      53816         24  0.000e+00
      1.973      1.954    -0.5449  27.791591    -0.5450  27.789142     8.1836     8.0885     1.2524    91.7814 1.8570e+01  -63.76786  -62.86070 327.296983      99.98 3.5258e+01   2242.333      53817         24  0.000e+00
      2.069      2.049    -0.5445  27.791936    -0.5451  27.789367     8.1851     8.0894     1.2524    91.7557 1.8678e+01  -63.76786  -62.86070 327.296984      99.98 3.3495e+01   2242.375      53818         24  0.000e+00
      2.014      1.995    -0.5447  27.791706    -0.5448  27.789198     8.1911     8.0837     1.2524    91.7814 1.8787e+01  -63.76786  -62.86070 327.296984      99.95 3.5258e+01   2242.417      53819         24  0.000e+00
      2.021      2.002    -0.5449  27.791591    -0.5450  27.789198     8.1912     8.0882     1.2450    91.7814 1.8842e+01  -63.76786  -62.86070 327.296984      99.95 3.3495e+01   2242.458      53820         24  0.000e+00
      1.919      1.900    -0.5449  27.791590    -0.5446  27.788973     8.1910     8.0878     1.2524    91.7557 1.8952e+01  -63.76786  -62.86070 327.296985      99.98 3.5258e+01   2242.500      53821         24  0.000e+00
      1.919      1.900    -0.5447  27.791590    -0.5448  27.789142     8.1922     8.0876     1.2524    91.7814 1.9007e+01  -63.76786  -62.86070 327.296985      99.98 3.5258e+01   2242.542      53822         24  0.000e+00
