NBP2113_155081_ctd/data/nbp2113_043.cnv
* Sea-Bird SBE 9 Data File:
* FileName = D:\Data\raw\NBP2113_043.hex
* Software Version Seasave V 7.26.7.121
* Temperature SN = 2438
* Conductivity SN = 2067
* Number of Bytes Per Scan = 40
* Number of Voltage Words = 5
* Number of Scans Averaged by the Deck Unit = 1
* NMEA Latitude = 64 55.34 S
* NMEA Longitude = 064 19.20 W
* NMEA UTC (Time) = Dec 10 2021  20:08:03
* NMEA baud rate = 9600
** Ship: RVIB N.B. Palmer
** Cruise: NBP2113 LTER
** Station: 600.040
** Operator: S. Blackman
# nquan = 25
# nvalues = 199                         
# units = specified
# name 0 = prDM: Pressure, Digiquartz [db]
# name 1 = depSM: Depth [salt water, m]
# name 2 = t090C: Temperature [ITS-90, deg C]
# name 3 = c0mS/cm: Conductivity [mS/cm]
# name 4 = t190C: Temperature, 2 [ITS-90, deg C]
# name 5 = c1mS/cm: Conductivity, 2 [mS/cm]
# name 6 = sbeox0ML/L: Oxygen, SBE 43 [ml/l]
# name 7 = sbeox1ML/L: Oxygen, SBE 43, 2 [ml/l]
# name 8 = flECO-AFL: Fluorescence, WET Labs ECO-AFL/FL [mg/m^3]
# name 9 = CStarTr0: Beam Transmission, WET Labs C-Star [%]
# name 10 = par: PAR/Irradiance, Biospherical/Licor
# name 11 = latitude: Latitude [deg]
# name 12 = longitude: Longitude [deg]
# name 13 = timeJ: Julian Days
# name 14 = altM: Altimeter [m]
# name 15 = spar: SPAR, Biospherical/Licor
# name 16 = timeS: Time, Elapsed [seconds]
# name 17 = scan: Scan Count
# name 18 = density00: Density [density, kg/m^3]
# name 19 = density11: Density, 2 [density, kg/m^3]
# name 20 = sal00: Salinity, Practical [PSU]
# name 21 = sal11: Salinity, Practical, 2 [PSU]
# name 22 = oxsolML/L: Oxygen Saturation, Garcia & Gordon [ml/l]
# name 23 = nbin: number of scans per bin
# name 24 = flag: flag
# span 0 =      1.000,    102.000       
# span 1 =      0.990,    100.974       
# span 2 =    -0.7017,     0.3461       
# span 3 =  27.407584,  28.893306       
# span 4 =    -0.7016,     0.3491       
# span 5 =  27.404712,  28.896053       
# span 6 =     5.3215,     8.1204       
# span 7 =     5.4145,     8.1377       
# span 8 =     0.0582,     1.3149       
# span 9 =    83.9633,    92.0983       
# span 10 = 4.3046e-01, 7.2102e+02      
# span 11 =  -64.92252,  -64.92239      
# span 12 =  -64.31994,  -64.31980      
# span 13 = 344.842857, 344.848863      
# span 14 =      99.96,      99.97      
# span 15 = 6.3862e+02, 8.7968e+02      
# span 16 =    339.856,    858.730      
# span 17 =       8158,      20611      
# span 18 =  1027.0195,  1028.0545      
# span 19 =  1027.0162,  1028.0520      
# span 20 =    33.6086,    34.3590      
# span 21 =    33.6045,    34.3582      
# span 22 =    7.97411,    8.23946      
# span 23 =          8,         48      
# span 24 = 0.0000e+00, 0.0000e+00      
# interval = decibars: 1                
# start_time = Dec 10 2021 20:08:03 [NMEA time, header]
# bad_flag = -9.990e-29
*END*
[from data line 116]
     83.000     82.171     0.1499  28.667604     0.1540  28.668495     5.5860     5.6315     0.0986    91.9465 9.7553e-01  -64.92248  -64.31988 344.846397      99.97 7.1043e+02    645.692      15498  1027.9229  1027.9197    34.2909    34.2874    8.01864         39 0.0000e+00
     82.000     81.181     0.1525  28.667943     0.1597  28.674946     5.6538     5.6885     0.1080    91.9390 1.0675e+00  -64.92250  -64.31987 344.846422      99.97 7.1214e+02    647.836      15549  1027.9160  1027.9163    34.2890    34.2902    8.01820         37 0.0000e+00
     81.000     80.191     0.1380  28.653175     0.1432  28.657875     6.1037     5.9562     0.1154    91.9340 1.1361e+00  -64.92250  -64.31988 344.846438      99.97 7.1220e+02    649.261      15583  1027.9099  1027.9099    34.2863    34.2867    8.02137         28 0.0000e+00
     80.000     79.201     0.1250  28.638086     0.1262  28.637606     6.4738     6.1889     0.0877    91.9085 1.1898e+00  -64.92250  -64.31988 344.846450      99.97 7.1220e+02    650.293      15608  1027.9021  1027.9005    34.2815    34.2795    8.02436         24 0.0000e+00
     79.000     78.211     0.1113  28.611798     0.1109  28.611327     6.5776     6.2983     0.1012    91.7973 1.2409e+00  -64.92250  -64.31988 344.846462      99.97 7.1077e+02    651.286      15632  1027.8832  1027.8832    34.2627    34.2626    8.02828         24 0.0000e+00
     78.000     77.221     0.1149  28.611805     0.1139  28.609880     6.5789     6.3394     0.1087    91.6693 1.2866e+00  -64.92250  -64.31988 344.846475      99.97 7.0952e+02    652.420      15659  1027.8751  1027.8741    34.2593    34.2579    8.02771         30 0.0000e+00
     77.000     76.231     0.1148  28.609927     0.1152  28.609837     6.5957     6.4184     0.1395    91.5635 1.3243e+00  -64.92248  -64.31988 344.846490      99.97 7.1046e+02    653.719      15690  1027.8687  1027.8683    34.2576    34.2570    8.02784         30 0.0000e+00
     76.000     75.243     0.1116  28.605817     0.1139  28.607061     6.7070     6.5358     0.1365    91.5378 1.3677e+00  -64.92248  -64.31989 344.846503      99.97 7.1044e+02    654.821      15717  1027.8630  1027.8621    34.2563    34.2554    8.02858         23 0.0000e+00
     75.000     74.252     0.1202  28.604282     0.1120  28.600659     6.7402     6.6121     0.1049    91.5388 1.4263e+00  -64.92248  -64.31990 344.846512      99.97 7.1044e+02    655.666      15737  1027.8486  1027.8526    34.2453    34.2496    8.02741         19 0.0000e+00
     74.000     73.262     0.1768  28.639474     0.1664  28.630266     6.6951     6.6204     0.1133    91.4778 1.5006e+00  -64.92248  -64.31990 344.846522      99.97 7.1044e+02    656.460      15756  1027.8260  1027.8266    34.2291    34.2286    8.01648         20 0.0000e+00
     73.000     72.271     0.1896  28.653882     0.2028  28.657425     6.6432     6.6069     0.1225    91.4294 1.5934e+00  -64.92250  -64.31990 344.846532      99.97 7.0967e+02    657.387      15778  1027.8246  1027.8155    34.2344    34.2244    8.01351         26 0.0000e+00
     72.000     71.282     0.1779  28.644693     0.1858  28.648900     6.5689     6.5581     0.1317    91.3111 1.7086e+00  -64.92250  -64.31988 344.846551      99.97 7.0736e+02    658.975      15816  1027.8220  1027.8191    34.2359    34.2327    8.01586         42 0.0000e+00
     71.000     70.292     0.1625  28.634130     0.1537  28.628446     6.6991     6.6296     0.1524    91.3349 1.8284e+00  -64.92250  -64.31988 344.846576      99.97 7.0813e+02    661.178      15869  1027.8221  1027.8246    34.2399    34.2422    8.01887         35 0.0000e+00
     70.000     69.302     0.2008  28.657260     0.1811  28.642811     6.8712     6.7547     0.1522    91.3382 1.9258e+00  -64.92250  -64.31989 344.846592      99.97 7.0868e+02    662.526      15902  1027.8048  1027.8088    34.2282    34.2311    8.01153         28 0.0000e+00
     69.000     68.313     0.2239  28.669959     0.2192  28.665343     6.9562     6.8287     0.1485    91.2771 2.0165e+00  -64.92250  -64.31990 344.846604      99.97 7.0868e+02    663.605      15928  1027.7914  1027.7911    34.2197    34.2189    8.00718         24 0.0000e+00
     68.000     67.321     0.2439  28.680096     0.2402  28.677084     6.9568     6.8627     0.1680    91.2330 2.1034e+00  -64.92250  -64.31990 344.846616      99.97 7.0868e+02    664.580      15951  1027.7786  1027.7788    34.2115    34.2115    8.00349         23 0.0000e+00
     67.000     66.333     0.2516  28.683527     0.2506  28.681644     6.9450     6.8807     0.1822    91.1780 2.1911e+00  -64.92250  -64.31990 344.846626      99.97 7.0868e+02    665.522      15974  1027.7706  1027.7695    34.2080    34.2067    8.00208         23 0.0000e+00
     66.000     65.344     0.2601  28.688225     0.2557  28.684270     6.9483     6.8856     0.2067    91.1370 2.2861e+00  -64.92250  -64.31990 344.846638      99.97 7.0713e+02    666.489      15997  1027.7631  1027.7633    34.2053    34.2050    8.00046         23 0.0000e+00
     65.000     64.354     0.2630  28.689216     0.2611  28.686935     6.9194     6.8773     0.2374    91.0879 2.3952e+00  -64.92250  -64.31990 344.846650      99.97 7.0692e+02    667.529      16022  1027.7574  1027.7567    34.2040    34.2031    7.99994         25 0.0000e+00
     64.000     63.363     0.2656  28.689638     0.2564  28.683790     6.8788     6.8689     0.2652    91.0450 2.5305e+00  -64.92250  -64.31990 344.846663      99.97 7.0692e+02    668.717      16050  1027.7512  1027.7540    34.2022    34.2048    7.99949         31 0.0000e+00
     63.000     62.373     0.2671  28.689370     0.2530  28.680057     6.8166     6.8790     0.3248    91.0070 2.6993e+00  -64.92250  -64.31990 344.846679      99.97 7.0692e+02    670.069      16083  1027.7455  1027.7493    34.2008    34.2043    7.99926         33 0.0000e+00
     62.000     61.383     0.2561  28.683396     0.2584  28.681048     6.8174     6.8976     0.3114    90.9411 2.8969e+00  -64.92250  -64.31990 344.846696      99.97 7.0672e+02    671.522      16118  1027.7459  1027.7409    34.2058    34.2001    8.00127         34 0.0000e+00
     61.000     60.393     0.2581  28.682970     0.2560  28.680428     6.9103     6.9504     0.3500    90.9181 3.0878e+00  -64.92250  -64.31990 344.846713      99.97 7.0513e+02    673.043      16154  1027.7393  1027.7386    34.2037    34.2026    8.00098         33 0.0000e+00
     60.000     59.404     0.2653  28.685534     0.2655  28.685027     7.0953     7.0595     0.3351    90.8701 3.2550e+00  -64.92250  -64.31990 344.846730      99.97 7.0515e+02    674.492      16189  1027.7309  1027.7300    34.1996    34.1987    7.99971         32 0.0000e+00
     59.000     58.414     0.2662  28.677542     0.2695  28.682156     7.2282     7.1545     0.3243    90.8812 3.4189e+00  -64.92250  -64.31990 344.846744      99.97 7.0515e+02    675.669      16217  1027.7172  1027.7188    34.1887    34.1910    8.00013         25 0.0000e+00
     58.000     57.422     0.2398  28.635496     0.2493  28.645759     7.2657     7.2037     0.3071    90.8232 3.5906e+00  -64.92250  -64.31990 344.846755      99.97 7.0515e+02    676.614      16240  1027.6943  1027.6959    34.1633    34.1662    8.00703         21 0.0000e+00
     57.000     56.435     0.2008  28.595386     0.2141  28.607098     7.2666     7.2299     0.3259    90.8139 3.7755e+00  -64.92250  -64.31990 344.846765      99.97 7.0515e+02    677.506      16261  1027.6857  1027.6852    34.1544    34.1551    8.01566         21 0.0000e+00
     56.000     55.443     0.1312  28.523123     0.1288  28.521069     7.2706     7.2437     0.3471    90.8435 3.9695e+00  -64.92250  -64.31992 344.846776      99.97 7.0515e+02    678.479      16285  1027.6726  1027.6726    34.1372    34.1372    8.03117         26 0.0000e+00
     55.000     54.454     0.0701  28.462511     0.0803  28.469408     7.2661     7.2570     0.3961    90.9112 4.1629e+00  -64.92250  -64.31992 344.846789      99.97 7.0479e+02    679.610      16312  1027.6630  1027.6604    34.1258    34.1236    8.04461         29 0.0000e+00
     54.000     53.463     0.0414  28.429053     0.0638  28.449831     7.2802     7.2396     0.4167    90.9336 4.3701e+00  -64.92250  -64.31992 344.846803      99.97 7.0339e+02    680.816      16341  1027.6507  1027.6509    34.1142    34.1167    8.05131         28 0.0000e+00
     53.000     52.474     0.0444  28.432078     0.0672  28.454054     7.2405     7.2402     0.4509    90.9939 4.6077e+00  -64.92250  -64.31992 344.846817      99.97 7.0339e+02    681.976      16368  1027.6459  1027.6471    34.1155    34.1191    8.05061         26 0.0000e+00
     52.000     51.483     0.0479  28.435114     0.0995  28.487312     7.2515     7.2598     0.4556    90.9785 4.8855e+00  -64.92250  -64.31990 344.846831      99.97 7.0315e+02    683.159      16397  1027.6409  1027.6463    34.1162    34.1277    8.04983         29 0.0000e+00
     51.000     50.494     0.0539  28.442083     0.0788  28.467490     7.2212     7.2692     0.3851    90.9841 5.1917e+00  -64.92250  -64.31991 344.846850      99.97 7.0168e+02    684.819      16437  1027.6377  1027.6409    34.1193    34.1251    8.04839         47 0.0000e+00
     50.000     49.505     0.0357  28.421775     0.0425  28.429147     7.3845     7.3891     0.3612    90.8981 5.4584e+00  -64.92250  -64.31991 344.846874      99.97 7.0163e+02    686.918      16487  1027.6288  1027.6305    34.1133    34.1154    8.05255         36 0.0000e+00
     49.000     48.515    -0.0185  28.364125    -0.0287  28.352387     7.5731     7.5030     0.3697    90.9590 5.7590e+00  -64.92250  -64.31992 344.846888      99.97 7.0163e+02    688.147      16517  1027.6159  1027.6136    34.0980    34.0937    8.06483         23 0.0000e+00
     48.000     47.524    -0.0586  28.307524    -0.0618  28.302700     7.6170     7.5452     0.3662    90.9350 6.1003e+00  -64.92250  -64.31992 344.846898      99.97 7.0163e+02    688.990      16537  1027.5896  1027.5880    34.0681    34.0654    8.07496         19 0.0000e+00
     47.000     46.534    -0.0325  28.319507    -0.0336  28.316836     7.6152     7.5696     0.3365    90.8369 6.4575e+00  -64.92250  -64.31992 344.846907      99.97 7.0163e+02    689.732      16555  1027.5723  1027.5709    34.0556    34.0533    8.07017         18 0.0000e+00
     46.000     45.543    -0.0146  28.332158    -0.0137  28.331321     7.6107     7.5722     0.4070    90.6971 6.8459e+00  -64.92250  -64.31992 344.846915      99.97 7.0163e+02    690.479      16572  1027.5639  1027.5624    34.0531    34.0509    8.06655         18 0.0000e+00
     45.000     44.555     0.0021  28.344235     0.0020  28.342191     7.6024     7.5557     0.4750    90.6104 7.2501e+00  -64.92250  -64.31992 344.846925      99.97 7.0110e+02    691.307      16592  1027.5559  1027.5541    34.0510    34.0484    8.06313         22 0.0000e+00
     44.000     43.565    -0.0004  28.344130    -0.0051  28.340290     7.5446     7.5540     0.5554    90.4269 7.6532e+00  -64.92250  -64.31992 344.846938      99.97 6.9986e+02    692.464      16620  1027.5539  1027.5545    34.0543    34.0544    8.06347         32 0.0000e+00
     43.000     42.574    -0.0055  28.340345    -0.0080  28.336697     7.5361     7.5714     0.5267    90.4190 8.0099e+00  -64.92250  -64.31992 344.846962      99.97 6.9986e+02    694.532      16670  1027.5501  1027.5488    34.0556    34.0535    8.06448         43 0.0000e+00
     42.000     41.586     0.0015  28.343339    -0.0059  28.337342     7.6183     7.6293     0.5422    90.4848 8.4838e+00  -64.92250  -64.31992 344.846980      99.97 6.9986e+02    696.052      16706  1027.5420  1027.5429    34.0523    34.0526    8.06319         26 0.0000e+00
     41.000     40.594     0.0164  28.352211     0.0132  28.348555     7.6578     7.6663     0.5383    90.4377 9.1179e+00  -64.92250  -64.31992 344.846992      99.97 6.9986e+02    697.115      16732  1027.5326  1027.5319    34.0481    34.0469    8.06029         24 0.0000e+00
     40.000     39.605     0.0349  28.361573     0.0305  28.357501     7.6679     7.6843     0.5532    90.2846 9.7811e+00  -64.92250  -64.31992 344.847004      99.97 6.9824e+02    698.142      16756  1027.5202  1027.5202    34.0405    34.0400    8.05682         26 0.0000e+00
     39.000     38.614     0.0406  28.364398     0.0406  28.362782     7.6526     7.6906     0.6178    90.2466 1.0364e+01  -64.92250  -64.31992 344.847018      99.97 6.9810e+02    699.315      16785  1027.5135  1027.5118    34.0386    34.0364    8.05575         30 0.0000e+00
     38.000     37.624     0.0404  28.362841     0.0397  28.361277     7.6567     7.7017     0.6419    90.1830 1.0854e+01  -64.92250  -64.31992 344.847032      99.97 6.9810e+02    700.561      16814  1027.5079  1027.5068    34.0373    34.0360    8.05586         29 0.0000e+00
     37.000     36.634     0.0357  28.356166     0.0371  28.357236     7.6483     7.6996     0.6649    90.1711 1.1396e+01  -64.92250  -64.31992 344.847045      99.97 6.9810e+02    701.717      16842  1027.5010  1027.5008    34.0343    34.0341    8.05701         29 0.0000e+00
     36.000     35.645     0.0305  28.349097     0.0311  28.348624     7.6519     7.7030     0.7483    90.1497 1.2044e+01  -64.92250  -64.31992 344.847061      99.97 6.9810e+02    703.108      16876  1027.4944  1027.4932    34.0314    34.0301    8.05828         37 0.0000e+00
     35.000     34.655     0.0320  28.352495     0.0320  28.350655     7.6539     7.7072     0.7207    90.1394 1.2752e+01  -64.92250  -64.31992 344.847087      99.97 6.9629e+02    705.302      16928  1027.4922  1027.4902    34.0348    34.0323    8.05776         41 0.0000e+00
     34.000     33.664     0.0290  28.347128     0.0299  28.347036     7.6557     7.7231     0.6508    90.1324 1.3394e+01  -64.92250  -64.31992 344.847111      99.97 6.9634e+02    707.369      16978  1027.4851  1027.4841    34.0315    34.0305    8.05857         32 0.0000e+00
     33.000     32.675     0.0244  28.340710     0.0252  28.340545     7.6631     7.7319     0.6159    90.1261 1.4208e+01  -64.92250  -64.31992 344.847125      99.97 6.9634e+02    708.561      17006  1027.4784  1027.4775    34.0288    34.0277    8.05969         25 0.0000e+00
     32.000     31.684    -0.0004  28.314446    -0.0027  28.310592     7.6557     7.7346     0.6100    90.1517 1.5201e+01  -64.92250  -64.31992 344.847137      99.97 6.9496e+02    709.640      17032  1027.4704  1027.4685    34.0222    34.0197    8.06530         28 0.0000e+00
     31.000     30.692    -0.0042  28.309380    -0.0113  28.301506     7.6417     7.7294     0.5593    90.2703 1.6414e+01  -64.92250  -64.31992 344.847154      99.97 6.9446e+02    711.088      17067  1027.4641  1027.4627    34.0203    34.0178    8.06620         32 0.0000e+00
     30.000     29.705     0.0061  28.319964     0.0045  28.317433     7.6740     7.7220     0.6265    90.2383 1.6995e+01  -64.92250  -64.31992 344.847196      99.97 6.9291e+02    714.712      17154  1027.4609  1027.4597    34.0235    34.0219    8.06385         33 0.0000e+00
     29.000     28.714    -0.0219  28.288828    -0.0000  28.313575     7.7158     7.7404     0.6517    90.2419 1.8302e+01  -64.92250  -64.31993 344.847234      99.96 6.9182e+02    717.992      17233  1027.4511  1027.4561    34.0140    34.0224    8.07029         35 0.0000e+00
     28.000     27.724    -0.0619  28.243011    -0.0335  28.274581     7.7530     7.8089     0.6217    90.2535 1.9828e+01  -64.92250  -64.31994 344.847264      99.97 6.9105e+02    720.626      17296  1027.4359  1027.4422    33.9984    34.0086    8.07962         36 0.0000e+00
     27.000     26.735    -0.0404  28.265601    -0.0516  28.248655     7.7828     7.8288     0.6348    90.2426 2.1262e+01  -64.92250  -64.31994 344.847282      99.97 6.9105e+02    722.187      17333  1027.4345  1027.4277    34.0050    33.9950    8.07471         38 0.0000e+00
