NBP2113_155081_ctd/data/nbp2113_014.ros
* Sea-Bird SBE 9 Data File:
* FileName = D:\Data\raw\NBP2113_014.hex
* Software Version Seasave V 7.26.7.121
* Temperature SN = 2438
* Conductivity SN = 2067
* Number of Bytes Per Scan = 40
* Number of Voltage Words = 5
* Number of Scans Averaged by the Deck Unit = 1
* NMEA Latitude = 65 28.72 S
* NMEA Longitude = 066 08.92 W
* NMEA UTC (Time) = Nov 27 2021  11:12:57
* NMEA baud rate = 9600
** Ship: RVIB N.B. Palmer
** Cruise: NBP2113 LTER
** Station: 500.060
** Operator: B. Urmston
# nquan = 20
# nvalues = 1131                                  
# units = specified
# name 0 = prDM: Pressure, Digiquartz [db]
# name 1 = depSM: Depth [salt water, m]
# name 2 = t090C: Temperature [ITS-90, deg C]
# name 3 = c0mS/cm: Conductivity [mS/cm]
# name 4 = t190C: Temperature, 2 [ITS-90, deg C]
# name 5 = c1mS/cm: Conductivity, 2 [mS/cm]
# name 6 = sbeox0ML/L: Oxygen, SBE 43 [ml/l]
# name 7 = sbeox1ML/L: Oxygen, SBE 43, 2 [ml/l]
# name 8 = flECO-AFL: Fluorescence, WET Labs ECO-AFL/FL [mg/m^3]
# name 9 = CStarTr0: Beam Transmission, WET Labs C-Star [%]
# name 10 = par: PAR/Irradiance, Biospherical/Licor
# name 11 = latitude: Latitude [deg]
# name 12 = longitude: Longitude [deg]
# name 13 = timeJ: Julian Days
# name 14 = altM: Altimeter [m]
# name 15 = spar: SPAR, Biospherical/Licor
# name 16 = timeS: Time, Elapsed [seconds]
# name 17 = scan: Scan Count
# name 18 = nbf: Bottles Fired
# name 19 = flag:  0.000e+00
# interval = seconds: 0.0416667
# start_time = Nov 27 2021 11:12:57 [NMEA time, header]
# bad_flag = -9.990e-29
*END*
    303.017    299.817     1.3177  30.045831     1.3174  30.044658     4.3327     4.3170    -0.0077    96.9314 1.0000e-12  -65.47878  -66.14904 331.478851       8.64 2.4504e+02    995.750      23899          1  0.000e+00
    302.942    299.742     1.3174  30.045713     1.3174  30.044369     4.3312     4.3214    -0.0077    96.9314 1.0000e-12  -65.47878  -66.14906 331.478852       8.64 2.4504e+02    995.792      23900          1  0.000e+00
    302.962    299.762     1.3175  30.045713     1.3172  30.044485     4.3367     4.3177    -0.0077    96.9314 1.0000e-12  -65.47878  -66.14906 331.478852       8.64 2.4504e+02    995.833      23901          1  0.000e+00
    302.962    299.762     1.3174  30.045890     1.3172  30.044369     4.3308     4.3230    -0.0077    96.9314 1.0000e-12  -65.47878  -66.14906 331.478853       8.74 2.4504e+02    995.875      23902          1  0.000e+00
    302.942    299.742     1.3175  30.046009     1.3173  30.044485     4.3293     4.3184    -0.0077    96.9314 1.0000e-12  -65.47878  -66.14906 331.478853       8.84 2.4504e+02    995.917      23903          1  0.000e+00
    302.914    299.715     1.3177  30.046186     1.3174  30.044600     4.3291     4.3138    -0.0077    96.9314 1.0000e-12  -65.47878  -66.14906 331.478854       8.84 2.4504e+02    995.958      23904          1  0.000e+00
    302.942    299.742     1.3178  30.045890     1.3172  30.044600     4.3290     4.3184    -0.0077    96.9314 1.0000e-12  -65.47878  -66.14906 331.478854       8.84 2.4504e+02    996.000      23905          1  0.000e+00
    302.866    299.667     1.3175  30.045949     1.3172  30.044426     4.3346     4.3237    -0.0004    96.9314 1.0000e-12  -65.47878  -66.14906 331.478855       8.84 2.4504e+02    996.042      23906          1  0.000e+00
    302.914    299.715     1.3177  30.045772     1.3171  30.044311     4.3345     4.3245    -0.0077    96.9314 1.0000e-12  -65.47878  -66.14906 331.478855       8.84 2.4504e+02    996.083      23907          1  0.000e+00
    302.893    299.695     1.3178  30.045890     1.3172  30.044484     4.3357     4.3207    -0.0077    96.9314 1.0000e-12  -65.47878  -66.14906 331.478856       8.84 2.4504e+02    996.125      23908          1  0.000e+00
    302.866    299.667     1.3174  30.045772     1.3172  30.044600     4.3312     4.3154    -0.0077    96.9314 1.0000e-12  -65.47878  -66.14906 331.478856       8.84 2.4504e+02    996.167      23909          1  0.000e+00
    302.893    299.695     1.3175  30.045890     1.3174  30.044773     4.3312     4.3244    -0.0077    96.9314 1.0000e-12  -65.47878  -66.14906 331.478857       8.84 2.4504e+02    996.208      23910          1  0.000e+00
    302.866    299.667     1.3177  30.046008     1.3174  30.044658     4.3311     4.3206    -0.0077    96.9314 1.0000e-12  -65.47878  -66.14906 331.478857       8.84 2.4504e+02    996.250      23911          1  0.000e+00
    302.866    299.667     1.3177  30.045772     1.3174  30.044600     4.3299     4.3206    -0.0077    96.9314 1.0000e-12  -65.47878  -66.14906 331.478858       8.84 2.4504e+02    996.292      23912          1  0.000e+00
    302.790    299.592     1.3177  30.045712     1.3174  30.044600     4.3355     4.3205    -0.0077    96.9314 1.0000e-12  -65.47878  -66.14906 331.478858       8.84 2.4504e+02    996.333      23913          1  0.000e+00
    302.866    299.667     1.3178  30.045713     1.3174  30.044600     4.3299     4.3197    -0.0077    96.9314 1.0000e-12  -65.47878  -66.14906 331.478859       8.89 2.4504e+02    996.375      23914          1  0.000e+00
    302.838    299.640     1.3175  30.046127     1.3172  30.044137     4.3343     4.3196    -0.0077    96.9314 1.0000e-12  -65.47878  -66.14906 331.478859       8.94 2.4504e+02    996.417      23915          1  0.000e+00
    302.811    299.613     1.3179  30.045890     1.3174  30.044542     4.3342     4.3150    -0.0004    96.9314 1.0000e-12  -65.47878  -66.14906 331.478859       8.94 2.4504e+02    996.458      23916          1  0.000e+00
    302.811    299.613     1.3177  30.045949     1.3171  30.044369     4.3341     4.3196    -0.0077    96.9314 1.0000e-12  -65.47878  -66.14906 331.478860       8.94 2.4504e+02    996.500      23917          1  0.000e+00
    302.790    299.593     1.3177  30.046008     1.3174  30.044484     4.3296     4.3240    -0.0077    96.9314 1.0000e-12  -65.47878  -66.14906 331.478860       8.94 2.4504e+02    996.542      23918          1  0.000e+00
    302.811    299.613     1.3178  30.046008     1.3172  30.044137     4.3295     4.3195    -0.0077    96.9314 1.0000e-12  -65.47878  -66.14906 331.478861       8.94 2.4504e+02    996.583      23919          1  0.000e+00
    302.735    299.538     1.3175  30.046186     1.3172  30.044022     4.3282     4.3202    -0.0077    96.9571 1.0000e-12  -65.47878  -66.14906 331.478861       8.94 2.4504e+02    996.625      23920          1  0.000e+00
    302.811    299.613     1.3177  30.046067     1.3171  30.044195     4.3269     4.3255    -0.0077    96.9314 1.0000e-12  -65.47878  -66.14906 331.478862       8.94 2.4504e+02    996.667      23921          1  0.000e+00
    302.763    299.565     1.3177  30.045831     1.3168  30.044484     4.3269     4.3201    -0.0077    96.9314 1.0000e-12  -65.47878  -66.14906 331.478862       8.94 2.4504e+02    996.708      23922          1  0.000e+00
    302.735    299.538     1.3177  30.045949     1.3169  30.044137     4.3213     4.3200    -0.0077    96.9314 1.0000e-12  -65.47878  -66.14906 331.478863       8.94 2.4504e+02    996.750      23923          1  0.000e+00
    302.811    299.613     1.3177  30.046008     1.3169  30.044195     4.3258     4.3253    -0.0077    96.9314 1.0000e-12  -65.47878  -66.14904 331.478863       8.94 2.4504e+02    996.792      23924          1  0.000e+00
    302.735    299.538     1.3179  30.046008     1.3171  30.044311     4.3246     4.3214    -0.0077    96.9314 1.0000e-12  -65.47878  -66.14904 331.478864       8.94 2.4504e+02    996.833      23925          1  0.000e+00
    302.763    299.565     1.3178  30.045771     1.3169  30.044484     4.3236     4.3213    -0.0077    96.9314 1.0000e-12  -65.47878  -66.14904 331.478864       9.01 2.4504e+02    996.875      23926          1  0.000e+00
    302.660    299.463     1.3179  30.045889     1.3171  30.044426     4.3237     4.3211    -0.0077    96.9314 1.0000e-12  -65.47878  -66.14904 331.478865       9.06 2.4504e+02    996.917      23927          1  0.000e+00
    302.790    299.593     1.3178  30.045772     1.3175  30.044311     4.3241     4.3157    -0.0077    96.9314 1.0000e-12  -65.47878  -66.14904 331.478865       9.08 2.4504e+02    996.958      23928          1  0.000e+00
    302.708    299.511     1.3179  30.046126     1.3169  30.044310     4.3300     4.3264    -0.0077    96.9314 1.0000e-12  -65.47878  -66.14904 331.478866       9.06 2.4504e+02    997.000      23929          1  0.000e+00
    302.735    299.538     1.3178  30.046304     1.3171  30.044079     4.3316     4.3272    -0.0077    96.9314 1.0000e-12  -65.47878  -66.14904 331.478866       9.08 2.4504e+02    997.042      23930          1  0.000e+00
    302.708    299.511     1.3180  30.046067     1.3169  30.044021     4.3275     4.3172    -0.0077    96.9314 1.0000e-12  -65.47878  -66.14904 331.478867       9.06 2.4504e+02    997.083      23931          1  0.000e+00
    302.735    299.538     1.3179  30.046186     1.3171  30.044195     4.3292     4.3208    -0.0077    96.9571 1.0000e-12  -65.47878  -66.14904 331.478867       9.08 2.4504e+02    997.125      23932          1  0.000e+00
    302.660    299.463     1.3178  30.046304     1.3169  30.044310     4.3297     4.3198    -0.0077    96.9571 1.0000e-12  -65.47878  -66.14904 331.478868       9.06 2.4504e+02    997.167      23933          1  0.000e+00
    302.708    299.511     1.3179  30.046067     1.3168  30.044079     4.3345     4.3242    -0.0077    96.9314 1.0000e-12  -65.47878  -66.14904 331.478868       9.06 2.4504e+02    997.208      23934          1  0.000e+00
    302.687    299.491     1.3178  30.046008     1.3168  30.044021     4.3350     4.3141    -0.0077    96.9571 1.0000e-12  -65.47878  -66.14904 331.478869       9.08 2.4504e+02    997.250      23935          1  0.000e+00
    302.708    299.511     1.3175  30.046008     1.3168  30.043790     4.3311     4.3194    -0.0077    96.9314 1.0000e-12  -65.47878  -66.14904 331.478869       9.06 2.4504e+02    997.292      23936          1  0.000e+00
    302.639    299.443     1.3175  30.045771     1.3171  30.044021     4.3315     4.3245    -0.0077    96.9314 1.0000e-12  -65.47878  -66.14904 331.478870       9.06 2.4504e+02    997.333      23937          1  0.000e+00
    302.708    299.511     1.3173  30.045712     1.3168  30.044253     4.3321     4.3198    -0.0077    96.9314 1.0000e-12  -65.47878  -66.14904 331.478870       9.13 2.4504e+02    997.375      23938          1  0.000e+00
    302.660    299.463     1.3174  30.045535     1.3169  30.044310     4.3383     4.3250    -0.0077    96.9571 1.0000e-12  -65.47878  -66.14904 331.478871       9.18 2.4504e+02    997.417      23939          1  0.000e+00
    302.639    299.443     1.3175  30.045653     1.3168  30.044079     4.3388     4.3247    -0.0077    96.9571 1.0000e-12  -65.47878  -66.14904 331.478871       9.18 2.4504e+02    997.458      23940          1  0.000e+00
    302.660    299.464     1.3174  30.045535     1.3169  30.044195     4.3350     4.3253    -0.0077    96.9571 1.0000e-12  -65.47878  -66.14904 331.478872       9.18 2.4504e+02    997.500      23941          1  0.000e+00
    302.639    299.443     1.3175  30.045475     1.3173  30.044310     4.3342     4.3204    -0.0077    96.9571 1.0000e-12  -65.47878  -66.14904 331.478872       9.18 2.4504e+02    997.542      23942          1  0.000e+00
    302.660    299.464     1.3174  30.045653     1.3172  30.044484     4.3392     4.3263    -0.0077    96.9571 1.0000e-12  -65.47878  -66.14904 331.478872       9.18 2.4504e+02    997.583      23943          1  0.000e+00
    302.660    299.464     1.3177  30.045712     1.3172  30.044773     4.3396     4.3268    -0.0077    96.9571 1.0000e-12  -65.47878  -66.14904 331.478873       9.18 2.4504e+02    997.625      23944          1  0.000e+00
    302.584    299.389     1.3175  30.045712     1.3174  30.044426     4.3400     4.3219    -0.0077    96.9571 1.0000e-12  -65.47878  -66.14904 331.478873       9.18 2.4504e+02    997.667      23945          1  0.000e+00
    302.660    299.464     1.3177  30.045712     1.3174  30.044484     4.3417     4.3261    -0.0077    96.9314 1.0000e-12  -65.47878  -66.14904 331.478874       9.18 2.4504e+02    997.708      23946          1  0.000e+00
    302.639    299.443     1.3177  30.045889     1.3177  30.044888     4.3364     4.3211    -0.0077    96.9314 1.0000e-12  -65.47878  -66.14904 331.478874       9.18 2.4504e+02    997.750      23947          1  0.000e+00
    304.450    301.234     1.3188  30.047788     1.3188  30.047148     4.3355     4.3077     0.0069    96.9571 1.0000e-12  -65.47880  -66.14904 331.478929       7.57 2.4504e+02   1002.458      24060          2  0.000e+00
    304.553    301.336     1.3188  30.047729     1.3188  30.047090     4.3299     4.3083     0.0069    96.9571 1.0000e-12  -65.47880  -66.14904 331.478929       7.59 2.4504e+02   1002.500      24061          2  0.000e+00
    304.533    301.315     1.3186  30.048084     1.3190  30.046859     4.3299     4.3079     0.0143    96.9314 1.0000e-12  -65.47880  -66.14904 331.478930       7.59 2.4504e+02   1002.542      24062          2  0.000e+00
    304.608    301.390     1.3185  30.047611     1.3189  30.046917     4.3300     4.3122     0.0069    96.9314 1.0000e-12  -65.47880  -66.14904 331.478930       7.59 2.4504e+02   1002.583      24063          2  0.000e+00
    304.636    301.417     1.3187  30.047433     1.3185  30.047033     4.3401     4.3074     0.0069    96.9571 1.0000e-12  -65.47880  -66.14904 331.478931       7.59 2.4504e+02   1002.625      24064          2  0.000e+00
    304.657    301.438     1.3185  30.047611     1.3183  30.046859     4.3357     4.3125     0.0069    96.9571 1.0000e-12  -65.47880  -66.14904 331.478931       7.59 2.4504e+02   1002.667      24065          2  0.000e+00
    304.739    301.519     1.3187  30.047670     1.3184  30.046570     4.3356     4.3140     0.0069    96.9571 1.0000e-12  -65.47880  -66.14904 331.478932       7.59 2.4504e+02   1002.708      24066          2  0.000e+00
    304.760    301.540     1.3189  30.048321     1.3181  30.046513     4.3354     4.3146     0.0069    96.9314 1.0000e-12  -65.47880  -66.14904 331.478932       7.59 2.4504e+02   1002.750      24067          2  0.000e+00
    304.739    301.519     1.3195  30.048321     1.3180  30.046108     4.3295     4.3152     0.0069    96.9571 1.0000e-12  -65.47880  -66.14904 331.478933       7.59 2.4504e+02   1002.792      24068          2  0.000e+00
    304.808    301.588     1.3189  30.048262     1.3179  30.045761     4.3351     4.3167     0.0069    96.9571 1.0000e-12  -65.47880  -66.14904 331.478933       7.59 2.4504e+02   1002.833      24069          2  0.000e+00
    304.863    301.642     1.3190  30.047789     1.3180  30.046282     4.3363     4.3120     0.0069    96.9571 1.0000e-12  -65.47880  -66.14904 331.478934       7.40 2.4504e+02   1002.875      24070          2  0.000e+00
    304.891    301.669     1.3188  30.048322     1.3175  30.046340     4.3304     4.3110     0.0143    96.9314 1.0000e-12  -65.47880  -66.14904 331.478934       7.11 2.4504e+02   1002.917      24071          2  0.000e+00
    304.863    301.642     1.3189  30.048085     1.3178  30.046282     4.3302     4.3108     0.0069    96.9571 1.0000e-12  -65.47880  -66.14904 331.478935       7.03 2.4504e+02   1002.958      24072          2  0.000e+00
    304.939    301.717     1.3190  30.048381     1.3179  30.046282     4.3301     4.3115     0.0143    96.9314 1.0000e-12  -65.47880  -66.14904 331.478935       7.06 2.4504e+02   1003.000      24073          2  0.000e+00
    304.966    301.744     1.3191  30.048322     1.3180  30.046109     4.3344     4.3168     0.0143    96.9314 1.0000e-12  -65.47880  -66.14904 331.478936       7.06 2.4504e+02   1003.042      24074          2  0.000e+00
    304.994    301.771     1.3188  30.048440     1.3183  30.046398     4.3343     4.3184     0.0143    96.9314 1.0000e-12  -65.47880  -66.14904 331.478936       7.06 2.4504e+02   1003.083      24075          2  0.000e+00
    305.015    301.792     1.3185  30.047908     1.3182  30.046687     4.3298     4.3192     0.0069    96.9056 1.0000e-12  -65.47880  -66.14904 331.478937       7.06 2.4504e+02   1003.125      24076          2  0.000e+00
    305.042    301.819     1.3185  30.047671     1.3181  30.046803     4.3297     4.3138     0.0143    96.9314 1.0000e-12  -65.47880  -66.14904 331.478937       7.06 2.4504e+02   1003.167      24077          2  0.000e+00
    305.070    301.846     1.3185  30.047671     1.3183  30.046803     4.3354     4.3138     0.0143    96.9056 1.0000e-12  -65.47880  -66.14904 331.478938       7.06 2.4504e+02   1003.208      24078          2  0.000e+00
    305.097    301.873     1.3183  30.047672     1.3181  30.046572     4.3353     4.3200     0.0069    96.9314 1.0000e-12  -65.47880  -66.14904 331.478938       7.06 2.4504e+02   1003.250      24079          2  0.000e+00
    305.118    301.894     1.3187  30.047908     1.3182  30.046514     4.3364     4.3155     0.0069    96.9314 1.0000e-12  -65.47880  -66.14904 331.478939       7.06 2.4504e+02   1003.292      24080          2  0.000e+00
    305.097    301.873     1.3185  30.047967     1.3180  30.046514     4.3333     4.3148    -0.0004    96.9314 1.0000e-12  -65.47880  -66.14904 331.478939       7.06 2.4504e+02   1003.333      24081          2  0.000e+00
    305.173    301.948     1.3182  30.047553     1.3178  30.046109     4.3334     4.3194     0.0069    96.9314 1.0000e-12  -65.47880  -66.14904 331.478940       6.86 2.4504e+02   1003.375      24082          2  0.000e+00
