NBP2113_155081_ctd/data/nbp2113_064.ros
* Sea-Bird SBE 9 Data File:
* FileName = D:\Data\raw\NBP2113_064.hex
* Software Version Seasave V 7.26.7.121
* Temperature SN = 2438
* Conductivity SN = 2067
* Number of Bytes Per Scan = 40
* Number of Voltage Words = 5
* Number of Scans Averaged by the Deck Unit = 1
* NMEA Latitude = 64 10.41 S
* NMEA Longitude = 061 58.85 W
* NMEA UTC (Time) = Dec 14 2021  13:32:28
* NMEA baud rate = 9600
** Ship: RVIB N.B. Palmer
** Cruise: NBP2113 LTER
** Station: 739.006
** Operator: B. Urmston
# nquan = 20
# nvalues = 580                                   
# units = specified
# name 0 = prDM: Pressure, Digiquartz [db]
# name 1 = depSM: Depth [salt water, m]
# name 2 = t090C: Temperature [ITS-90, deg C]
# name 3 = c0mS/cm: Conductivity [mS/cm]
# name 4 = t190C: Temperature, 2 [ITS-90, deg C]
# name 5 = c1mS/cm: Conductivity, 2 [mS/cm]
# name 6 = sbeox0ML/L: Oxygen, SBE 43 [ml/l]
# name 7 = sbeox1ML/L: Oxygen, SBE 43, 2 [ml/l]
# name 8 = flECO-AFL: Fluorescence, WET Labs ECO-AFL/FL [mg/m^3]
# name 9 = CStarTr0: Beam Transmission, WET Labs C-Star [%]
# name 10 = par: PAR/Irradiance, Biospherical/Licor
# name 11 = latitude: Latitude [deg]
# name 12 = longitude: Longitude [deg]
# name 13 = timeJ: Julian Days
# name 14 = altM: Altimeter [m]
# name 15 = spar: SPAR, Biospherical/Licor
# name 16 = timeS: Time, Elapsed [seconds]
# name 17 = scan: Scan Count
# name 18 = nbf: Bottles Fired
# name 19 = flag:  0.000e+00
# interval = seconds: 0.0416667
# start_time = Dec 14 2021 13:32:28 [NMEA time, header]
# bad_flag = -9.990e-29
*END*
[from data line 362]
    202.191    200.123    -0.3445  28.408054    -0.2907  28.455262     5.9962     6.0998     0.0069    90.9832 1.0000e-12  -64.17384  -61.98118 348.592413      99.93 3.9841e+02   2436.500      58477          8  0.000e+00
    202.239    200.170    -0.3463  28.404810    -0.2912  28.454243     6.0012     6.1006     0.0143    90.9832 1.0000e-12  -64.17384  -61.98118 348.592414      99.95 3.9841e+02   2436.542      58478          8  0.000e+00
    202.191    200.123    -0.3479  28.403767    -0.2907  28.450788     5.9957     6.1013     0.0069    90.9574 1.0000e-12  -64.17384  -61.98118 348.592414      99.98 3.9841e+02   2436.583      58479          8  0.000e+00
    202.239    200.170    -0.3577  28.400813    -0.2952  28.448070     5.9963     6.1028     0.0069    90.9574 1.0000e-12  -64.17384  -61.98118 348.592415      99.98 3.9841e+02   2436.625      58480          8  0.000e+00
    202.239    200.170    -0.3597  28.392355    -0.2994  28.444900     5.9903     6.1044     0.0069    90.9574 1.0000e-12  -64.17384  -61.98118 348.592415      99.98 3.9841e+02   2436.667      58481          8  0.000e+00
    202.239    200.170    -0.3552  28.387951    -0.3049  28.441956     5.9940     6.1062     0.0069    90.9574 1.0000e-12  -64.17384  -61.98118 348.592416      99.98 3.9841e+02   2436.708      58482          8  0.000e+00
    202.239    200.170    -0.3595  28.392528    -0.3082  28.441163     5.9941     6.1076     0.0069    90.9574 1.0000e-12  -64.17384  -61.98118 348.592416      99.98 3.9841e+02   2436.750      58483          8  0.000e+00
    202.239    200.170    -0.3684  28.395484    -0.3125  28.440881     5.9877     6.1093     0.0069    90.9574 1.0000e-12  -64.17384  -61.98118 348.592417      99.95 3.9841e+02   2436.792      58484          8  0.000e+00
    202.191    200.123    -0.3788  28.386158    -0.3179  28.436918     5.9884     6.1113     0.0069    90.9574 1.0000e-12  -64.17384  -61.98118 348.592417      99.95 3.9841e+02   2436.833      58485          8  0.000e+00
    202.239    200.170    -0.3833  28.377817    -0.3207  28.424180     5.9946     6.1192     0.0069    90.9574 1.0000e-12  -64.17384  -61.98118 348.592418      99.98 3.9841e+02   2436.875      58486          8  0.000e+00
    202.239    200.170    -0.3802  28.372430    -0.3191  28.423048     5.9893     6.1155     0.0069    90.9574 1.0000e-12  -64.17384  -61.98118 348.592418      99.98 3.9841e+02   2436.917      58487          8  0.000e+00
    202.287    200.218    -0.3725  28.371908    -0.3209  28.428369     5.9865     6.1168     0.0069    90.9574 1.0000e-12  -64.17384  -61.98118 348.592418      99.98 3.9841e+02   2436.958      58488          8  0.000e+00
    202.191    200.123    -0.3624  28.381870    -0.3303  28.428993     5.9844     6.1184     0.0069    90.9574 1.0000e-12  -64.17384  -61.98118 348.592419      99.95 3.9841e+02   2437.000      58489          8  0.000e+00
    202.287    200.218    -0.3552  28.394672    -0.3371  28.419879     5.9889     6.1260     0.0069    90.9574 1.0000e-12  -64.17384  -61.98118 348.592419      99.95 3.9841e+02   2437.042      58490          8  0.000e+00
    202.239    200.171    -0.3510  28.404810    -0.3367  28.410257     5.9821     6.1223     0.0069    90.9574 1.0000e-12  -64.17384  -61.98118 348.592420      99.98 3.9841e+02   2437.083      58491          8  0.000e+00
    202.239    200.171    -0.3386  28.410430    -0.3369  28.407314     5.9793     6.1285     0.0069    90.9574 1.0000e-12  -64.17384  -61.98118 348.592420      99.98 3.9841e+02   2437.125      58492          8  0.000e+00
    202.239    200.171    -0.3187  28.418773    -0.3345  28.411728     5.9770     6.1293     0.0069    90.9574 1.0000e-12  -64.17384  -61.98118 348.592421      99.98 3.9841e+02   2437.167      58493          8  0.000e+00
    202.239    200.171    -0.3055  28.431058    -0.3174  28.423047     5.9757     6.1276     0.0069    90.9574 1.0000e-12  -64.17384  -61.98118 348.592421      99.98 3.9841e+02   2437.208      58494          8  0.000e+00
    202.239    200.171    -0.3015  28.442593    -0.2963  28.447561     5.9760     6.1246     0.0143    90.9574 1.0000e-12  -64.17384  -61.98118 348.592422      99.98 3.9841e+02   2437.250      58495          8  0.000e+00
    202.287    200.218    -0.3001  28.447695    -0.2864  28.465853     5.9759     6.1236     0.0069    90.9574 1.0000e-12  -64.17384  -61.98118 348.592422      99.95 3.9841e+02   2437.292      58496          8  0.000e+00
    202.239    200.171    -0.2990  28.454652    -0.2783  28.475311     5.9713     6.1232     0.0069    90.9574 1.0000e-12  -64.17384  -61.98118 348.592423      99.95 3.9841e+02   2437.333      58497          8  0.000e+00
    202.184    200.116    -0.2910  28.463232    -0.2751  28.480239     5.9766     6.1238     0.0069    90.9574 1.0000e-12  -64.17384  -61.98118 348.592423      99.95 3.9841e+02   2437.375      58498          8  0.000e+00
    202.287    200.218    -0.2877  28.467523    -0.2694  28.483072     5.9786     6.1243     0.0069    90.9574 1.0000e-12  -64.17384  -61.98118 348.592424      99.98 3.9841e+02   2437.417      58499          8  0.000e+00
    202.288    200.218    -0.2854  28.466479    -0.2694  28.484091     5.9754     6.1247     0.0069    90.9317 1.0000e-12  -64.17384  -61.98118 348.592424      99.98 3.9841e+02   2437.458      58500          8  0.000e+00
    202.288    200.218    -0.2887  28.467292    -0.2701  28.481032     5.9821     6.1254     0.0069    90.9574 1.0000e-12  -64.17384  -61.98118 348.592425      99.95 3.9841e+02   2437.500      58501          8  0.000e+00
    202.239    200.171    -0.2878  28.468625    -0.2735  28.475821     5.9839     6.1274     0.0069    90.9574 1.0000e-12  -64.17384  -61.98118 348.592425      99.95 3.9841e+02   2437.542      58502          8  0.000e+00
    202.288    200.218    -0.2865  28.465146    -0.2746  28.471969     5.9788     6.1282     0.0069    90.9574 1.0000e-12  -64.17384  -61.98118 348.592426      99.98 3.9841e+02   2437.583      58503          8  0.000e+00
    202.240    200.171    -0.2818  28.465667    -0.2826  28.465172     5.9792     6.1301     0.0069    90.9574 1.0000e-12  -64.17384  -61.98118 348.592426      99.98 3.9841e+02   2437.625      58504          8  0.000e+00
    202.240    200.171    -0.2728  28.472393    -0.2933  28.460812     5.9776     6.1331     0.0069    90.9574 1.0000e-12  -64.17384  -61.98118 348.592427      99.98 3.9841e+02   2437.667      58505          8  0.000e+00
    202.288    200.218    -0.2607  28.480164    -0.3022  28.457415     5.9698     6.1358     0.0069    90.9317 1.0000e-12  -64.17384  -61.98118 348.592427      99.98 3.9841e+02   2437.708      58506          8  0.000e+00
     28.012     27.737     0.2876  28.575394     0.2874  28.573752     7.1455     7.2044     1.1937    86.7345 9.7540e+00  -64.17366  -61.98066 348.595322      99.93 3.8255e+02   2687.833      64509          9  0.000e+00
     27.957     27.683     0.2876  28.575394     0.2876  28.573922     7.1575     7.2044     1.2011    86.7345 9.7540e+00  -64.17366  -61.98066 348.595323      99.95 3.8255e+02   2687.875      64510          9  0.000e+00
     27.957     27.683     0.2872  28.574755     0.2872  28.573412     7.1551     7.2045     1.2011    86.7345 9.7540e+00  -64.17366  -61.98066 348.595323      99.98 3.8255e+02   2687.917      64511          9  0.000e+00
     27.937     27.663     0.2871  28.574348     0.2874  28.573922     7.1569     7.2097     1.2011    86.7345 9.7540e+00  -64.17366  -61.98066 348.595324      99.98 3.8255e+02   2687.958      64512          9  0.000e+00
     28.012     27.737     0.2870  28.574581     0.2874  28.574263     7.1574     7.2105     1.2011    86.7345 9.7540e+00  -64.17366  -61.98066 348.595324      99.95 3.8255e+02   2688.000      64513          9  0.000e+00
     28.012     27.737     0.2871  28.574058     0.2872  28.574206     7.1646     7.2060     1.2011    86.7345 9.7540e+00  -64.17366  -61.98066 348.595325      99.95 3.8255e+02   2688.042      64514          9  0.000e+00
     27.957     27.683     0.2868  28.573652     0.2868  28.574206     7.1616     7.2059     1.2011    86.7345 9.7247e+00  -64.17366  -61.98066 348.595325      99.98 3.8255e+02   2688.083      64515          9  0.000e+00
     27.957     27.683     0.2870  28.573768     0.2865  28.573752     7.1628     7.2059     1.2011    86.7345 9.7247e+00  -64.17366  -61.98066 348.595326      99.98 3.8255e+02   2688.125      64516          9  0.000e+00
     28.012     27.737     0.2869  28.573768     0.2869  28.572902     7.1584     7.2059     1.2011    86.7345 9.7247e+00  -64.17366  -61.98066 348.595326      99.98 3.8255e+02   2688.167      64517          9  0.000e+00
     28.012     27.737     0.2871  28.573129     0.2870  28.573128     7.1639     7.2111     1.1937    86.7345 9.7247e+00  -64.17366  -61.98066 348.595326      99.98 3.8255e+02   2688.208      64518          9  0.000e+00
     27.985     27.710     0.2868  28.574349     0.2868  28.572901     7.1705     7.2065     1.1937    86.7345 9.7247e+00  -64.17366  -61.98066 348.595327      99.98 3.8255e+02   2688.250      64519          9  0.000e+00
     28.012     27.737     0.2871  28.574349     0.2871  28.573185     7.1656     7.2064     1.2011    86.7345 9.7247e+00  -64.17366  -61.98066 348.595327      99.98 3.8255e+02   2688.292      64520          9  0.000e+00
     27.957     27.683     0.2873  28.574348     0.2871  28.573128     7.1662     7.2062     1.2011    86.7345 9.7247e+00  -64.17366  -61.98066 348.595328      99.95 3.8255e+02   2688.333      64521          9  0.000e+00
     28.012     27.737     0.2871  28.573942     0.2866  28.573412     7.1712     7.2116     1.2011    86.6830 9.7247e+00  -64.17366  -61.98066 348.595328      99.98 3.8255e+02   2688.375      64522          9  0.000e+00
     28.012     27.737     0.2872  28.573768     0.2866  28.573185     7.1729     7.2123     1.2670    86.6315 9.7247e+00  -64.17366  -61.98066 348.595329      99.98 3.8255e+02   2688.417      64523          9  0.000e+00
     28.012     27.737     0.2870  28.573536     0.2865  28.572618     7.1731     7.2130     1.3110    86.6315 9.7247e+00  -64.17366  -61.98066 348.595329      99.98 3.8255e+02   2688.458      64524          9  0.000e+00
     27.985     27.710     0.2870  28.572955     0.2865  28.572618     7.1800     7.2082     1.3183    86.6315 9.7247e+00  -64.17366  -61.98066 348.595330      99.93 3.8255e+02   2688.500      64525          9  0.000e+00
     28.012     27.737     0.2871  28.573129     0.2869  28.572334     7.1767     7.2133     1.3183    86.6315 9.7247e+00  -64.17366  -61.98066 348.595330      99.95 3.8255e+02   2688.542      64526          9  0.000e+00
     28.012     27.738     0.2870  28.573536     0.2871  28.572902     7.1762     7.2138     1.3183    86.6315 9.7247e+00  -64.17366  -61.98066 348.595331      99.98 3.8255e+02   2688.583      64527          9  0.000e+00
     27.958     27.683     0.2867  28.573536     0.2868  28.573128     7.1756     7.2143     1.3110    86.6315 9.7247e+00  -64.17366  -61.98066 348.595331      99.98 3.8255e+02   2688.625      64528          9  0.000e+00
     28.060     27.785     0.2875  28.572839     0.2867  28.572902     7.1817     7.2150     1.3183    86.6315 9.7247e+00  -64.17366  -61.98066 348.595332      99.98 3.8255e+02   2688.667      64529          9  0.000e+00
     27.958     27.683     0.2881  28.573768     0.2866  28.572901     7.1817     7.2154     1.3183    86.6315 9.7247e+00  -64.17366  -61.98066 348.595332      99.98 3.8255e+02   2688.708      64530          9  0.000e+00
     28.088     27.812     0.2890  28.575394     0.2866  28.572902     7.1759     7.2159     1.3110    86.6315 9.7247e+00  -64.17366  -61.98066 348.595333      99.98 3.8255e+02   2688.750      64531          9  0.000e+00
     27.958     27.683     0.2893  28.576729     0.2864  28.572901     7.1741     7.2162     1.3110    86.6315 9.7247e+00  -64.17366  -61.98066 348.595333      99.95 3.8255e+02   2688.792      64532          9  0.000e+00
     28.012     27.738     0.2888  28.577658     0.2866  28.572902     7.1793     7.2166     1.3183    86.6572 9.7247e+00  -64.17366  -61.98066 348.595334      99.95 3.8255e+02   2688.833      64533          9  0.000e+00
     28.012     27.738     0.2887  28.577833     0.2861  28.572675     7.1800     7.2171     1.3183    86.6315 9.7247e+00  -64.17366  -61.98066 348.595334      99.98 3.8255e+02   2688.875      64534          9  0.000e+00
     28.013     27.738     0.2889  28.578355     0.2865  28.572618     7.1803     7.2226     1.3183    86.6572 9.7247e+00  -64.17366  -61.98066 348.595335      99.98 3.8255e+02   2688.917      64535          9  0.000e+00
     28.013     27.738     0.2888  28.578471     0.2862  28.572051     7.1762     7.2238     1.3110    86.6315 9.7540e+00  -64.17366  -61.98066 348.595335      99.98 3.8255e+02   2688.958      64536          9  0.000e+00
     28.040     27.765     0.2888  28.578123     0.2860  28.572335     7.1807     7.2248     1.3183    86.6315 9.7540e+00  -64.17366  -61.98066 348.595336      99.93 3.8255e+02   2689.000      64537          9  0.000e+00
     28.013     27.738     0.2886  28.577542     0.2859  28.572108     7.1807     7.2204     1.3183    86.6315 9.7540e+00  -64.17366  -61.98066 348.595336      99.95 3.8255e+02   2689.042      64538          9  0.000e+00
     28.013     27.738     0.2885  28.576729     0.2863  28.572051     7.1804     7.2204     1.3110    86.6315 9.7540e+00  -64.17366  -61.98066 348.595337      99.98 3.8255e+02   2689.083      64539          9  0.000e+00
     28.013     27.738     0.2888  28.577426     0.2860  28.571824     7.1811     7.2205     1.3110    86.6315 9.7540e+00  -64.17366  -61.98066 348.595337      99.98 3.8255e+02   2689.125      64540          9  0.000e+00
     28.013     27.738     0.2893  28.577542     0.2860  28.571881     7.1873     7.2205     1.3110    86.6315 9.7540e+00  -64.17366  -61.98066 348.595338      99.98 3.8255e+02   2689.167      64541          9  0.000e+00
     28.013     27.738     0.2895  28.578123     0.2860  28.572051     7.1820     7.2204     1.3110    86.6315 9.7540e+00  -64.17366  -61.98066 348.595338      99.98 3.8255e+02   2689.208      64542          9  0.000e+00
     27.985     27.711     0.2893  28.577949     0.2860  28.571540     7.1809     7.2257     1.3183    86.6057 9.7540e+00  -64.17366  -61.98066 348.595339      99.98 3.8255e+02   2689.250      64543          9  0.000e+00
     28.013     27.738     0.2894  28.577833     0.2863  28.571540     7.1865     7.2263     1.3110    86.6057 9.7540e+00  -64.17366  -61.98066 348.595339      99.95 3.8255e+02   2689.292      64544          9  0.000e+00
     28.013     27.738     0.2888  28.577542     0.2863  28.571597     7.1877     7.2270     1.3110    86.6057 9.7540e+00  -64.17366  -61.98066 348.595340      99.95 3.8255e+02   2689.333      64545          9  0.000e+00
     28.013     27.738     0.2881  28.577310     0.2864  28.571540     7.1874     7.2275     1.3110    86.6057 9.7540e+00  -64.17366  -61.98066 348.595340      99.98 3.8255e+02   2689.375      64546          9  0.000e+00
     28.013     27.738     0.2878  28.576091     0.2862  28.571540     7.1867     7.2280     1.3110    86.6057 9.7540e+00  -64.17366  -61.98066 348.595340      99.98 3.8255e+02   2689.417      64547          9  0.000e+00
     27.910     27.636     0.2879  28.575161     0.2863  28.571597     7.1926     7.2283     1.3183    86.6057 9.7540e+00  -64.17366  -61.98066 348.595341      99.98 3.8255e+02   2689.458      64548          9  0.000e+00
     28.136     27.860     0.2881  28.575162     0.2863  28.571257     7.1941     7.2289     1.2817    86.6057 9.7834e+00  -64.17366  -61.98066 348.595341      99.95 3.8255e+02   2689.500      64549          9  0.000e+00
     27.958     27.684     0.2875  28.574174     0.2862  28.571824     7.1939     7.2289     1.2450    86.6057 9.7540e+00  -64.17366  -61.98066 348.595342      99.95 3.8255e+02   2689.542      64550         10  0.000e+00
