NBP2113_155081_ctd/data/nbp2113_005.ros
* Sea-Bird SBE 9 Data File:
* FileName = D:\Data\raw\NBP2113_005.hex
* Software Version Seasave V 7.26.7.121
* Temperature SN = 2438
* Conductivity SN = 2067
* Number of Bytes Per Scan = 40
* Number of Voltage Words = 5
* Number of Scans Averaged by the Deck Unit = 1
* NMEA Latitude = 64 04.86 S
* NMEA Longitude = 063 46.34 W
* NMEA UTC (Time) = Nov 23 2021  13:58:01
* NMEA baud rate = 9600
** Ship: RVIB N.B. Palmer
** Cruise: NBP2113 LTER
** Station: 692.080
** Operator: B. Urmston
# nquan = 20
# nvalues = 1153                                  
# units = specified
# name 0 = prDM: Pressure, Digiquartz [db]
# name 1 = depSM: Depth [salt water, m]
# name 2 = t090C: Temperature [ITS-90, deg C]
# name 3 = c0mS/cm: Conductivity [mS/cm]
# name 4 = t190C: Temperature, 2 [ITS-90, deg C]
# name 5 = c1mS/cm: Conductivity, 2 [mS/cm]
# name 6 = sbeox0ML/L: Oxygen, SBE 43 [ml/l]
# name 7 = sbeox1ML/L: Oxygen, SBE 43, 2 [ml/l]
# name 8 = flECO-AFL: Fluorescence, WET Labs ECO-AFL/FL [mg/m^3]
# name 9 = CStarTr0: Beam Transmission, WET Labs C-Star [%]
# name 10 = par: PAR/Irradiance, Biospherical/Licor
# name 11 = latitude: Latitude [deg]
# name 12 = longitude: Longitude [deg]
# name 13 = timeJ: Julian Days
# name 14 = altM: Altimeter [m]
# name 15 = spar: SPAR, Biospherical/Licor
# name 16 = timeS: Time, Elapsed [seconds]
# name 17 = scan: Scan Count
# name 18 = nbf: Bottles Fired
# name 19 = flag:  0.000e+00
# interval = seconds: 0.0416667
# start_time = Nov 23 2021 13:58:01 [NMEA time, header]
# bad_flag = -9.990e-29
*END*
[from data line 290]
    252.801    250.186     1.2866  29.989381     1.2869  29.988526     4.4253     4.3831    -0.0077    98.6308 1.0000e-12  -64.08176  -63.77164 327.604775      99.98 3.7373e+02   1971.542      47318          6  0.000e+00
    252.801    250.186     1.2866  29.989559     1.2869  29.989104     4.4298     4.3777    -0.0077    98.6308 1.0000e-12  -64.08176  -63.77164 327.604775      99.98 3.7373e+02   1971.583      47319          6  0.000e+00
    252.801    250.186     1.2868  29.990032     1.2871  29.988988     4.4241     4.3829    -0.0077    98.6308 1.0000e-12  -64.08176  -63.77164 327.604776      99.98 3.7373e+02   1971.625      47320          6  0.000e+00
    252.801    250.186     1.2875  29.990623     1.2872  29.988988     4.4170     4.3783    -0.0077    98.6308 1.0000e-12  -64.08176  -63.77164 327.604776      99.95 3.7373e+02   1971.667      47321          6  0.000e+00
    151.591    150.060     0.7492  29.378180     0.7508  29.378848     5.0717     5.0043     0.0216    98.5793 1.0000e-12  -64.08178  -63.77162 327.606744      99.98 4.2838e+02   2141.708      51402          7  0.000e+00
    151.646    150.114     0.7493  29.378356     0.7508  29.378619     5.0758     4.9991     0.0216    98.5793 1.0000e-12  -64.08178  -63.77162 327.606745     100.00 4.2838e+02   2141.750      51403          7  0.000e+00
    151.543    150.013     0.7498  29.378649     0.7504  29.377931     5.0741     4.9983     0.0216    98.5536 1.0000e-12  -64.08178  -63.77162 327.606745      99.98 4.2838e+02   2141.792      51404          7  0.000e+00
    151.612    150.081     0.7501  29.378942     0.7503  29.378160     5.0723     5.0029     0.0216    98.5536 1.0000e-12  -64.08178  -63.77162 327.606746      99.95 4.2838e+02   2141.833      51405          7  0.000e+00
    151.543    150.013     0.7496  29.378590     0.7500  29.377873     5.0718     4.9975     0.0216    98.5793 1.0000e-12  -64.08178  -63.77162 327.606746      99.98 4.2838e+02   2141.875      51406          7  0.000e+00
    151.591    150.060     0.7493  29.378473     0.7497  29.377530     5.0713     4.9967     0.0143    98.5793 1.0000e-12  -64.08178  -63.77162 327.606747      99.98 4.2838e+02   2141.917      51407          7  0.000e+00
    151.646    150.115     0.7492  29.378473     0.7499  29.377645     5.0694     4.9957     0.0143    98.5536 1.0000e-12  -64.08178  -63.77162 327.606747     100.00 4.2838e+02   2141.958      51408          7  0.000e+00
    151.543    150.013     0.7495  29.378473     0.7500  29.377931     5.0560     4.9999     0.0143    98.5793 1.0000e-12  -64.08178  -63.77162 327.606748      99.98 4.2838e+02   2142.000      51409          7  0.000e+00
    151.557    150.026     0.7496  29.378473     0.7500  29.378045     5.0596     5.0006     0.0143    98.5536 1.0000e-12  -64.08178  -63.77162 327.606748     100.00 4.2838e+02   2142.042      51410          7  0.000e+00
    151.544    150.013     0.7493  29.378238     0.7500  29.377816     5.0647     5.0003     0.0143    98.5793 1.0000e-12  -64.08178  -63.77162 327.606749      99.98 4.2838e+02   2142.083      51411          7  0.000e+00
    151.592    150.060     0.7493  29.378180     0.7498  29.377530     5.0597     5.0000     0.0143    98.5793 1.0000e-12  -64.08178  -63.77162 327.606749      99.98 4.2838e+02   2142.125      51412          7  0.000e+00
    151.544    150.013     0.7493  29.378179     0.7495  29.377644     5.0604     5.0005     0.0143    98.5536 1.0000e-12  -64.08178  -63.77162 327.606750      99.98 4.2838e+02   2142.167      51413          7  0.000e+00
    151.544    150.013     0.7493  29.378590     0.7497  29.377759     5.0530     5.0000     0.0143    98.5793 1.0000e-12  -64.08178  -63.77162 327.606750      99.98 4.2838e+02   2142.208      51414          7  0.000e+00
    151.612    150.081     0.7496  29.378766     0.7493  29.377530     5.0556     5.0004     0.0143    98.5536 1.0000e-12  -64.08178  -63.77162 327.606751     100.00 4.2838e+02   2142.250      51415          7  0.000e+00
    151.544    150.013     0.7495  29.378531     0.7495  29.377472     5.0482     5.0007     0.0143    98.5536 1.0000e-12  -64.08178  -63.77162 327.606751      99.98 4.2838e+02   2142.292      51416          7  0.000e+00
    151.544    150.013     0.7493  29.378473     0.7491  29.377243     5.0452     5.0010     0.0143    98.5021 1.0000e-12  -64.08178  -63.77162 327.606752      99.95 4.2838e+02   2142.333      51417          7  0.000e+00
    151.496    149.965     0.7493  29.378649     0.7492  29.377358     5.0492     5.0012     0.0143    98.5021 1.0000e-12  -64.08178  -63.77162 327.606752      99.98 4.2838e+02   2142.375      51418          7  0.000e+00
    151.544    150.013     0.7495  29.378297     0.7491  29.377071     5.0490     5.0006     0.0143    98.5021 1.0000e-12  -64.08178  -63.77162 327.606753      99.98 4.2838e+02   2142.417      51419          7  0.000e+00
    151.557    150.027     0.7493  29.378355     0.7492  29.377128     5.0475     5.0007     0.0143    98.5021 1.0000e-12  -64.08178  -63.77162 327.606753      99.98 4.2838e+02   2142.458      51420          7  0.000e+00
    151.496    149.965     0.7493  29.378238     0.7491  29.377186     5.0515     5.0008     0.0143    98.5021 1.0000e-12  -64.08178  -63.77162 327.606753     100.00 4.2838e+02   2142.500      51421          7  0.000e+00
    151.496    149.965     0.7490  29.377769     0.7492  29.377014     5.0526     5.0009     0.0143    98.5021 1.0000e-12  -64.08178  -63.77162 327.606754      99.98 4.2838e+02   2142.542      51422          7  0.000e+00
    151.544    150.013     0.7493  29.377827     0.7489  29.377128     5.0536     5.0010     0.0143    98.5021 1.0000e-12  -64.08178  -63.77162 327.606754     100.00 4.2838e+02   2142.583      51423          7  0.000e+00
    151.407    149.877     0.7492  29.377710     0.7492  29.377185     5.0545     5.0008     0.0143    98.5021 1.0000e-12  -64.08178  -63.77162 327.606755      99.98 4.2838e+02   2142.625      51424          7  0.000e+00
    151.592    150.061     0.7487  29.377652     0.7493  29.377014     5.0544     5.0009     0.0143    98.5021 1.0000e-12  -64.08178  -63.77162 327.606755      99.98 4.2838e+02   2142.667      51425          7  0.000e+00
    151.496    149.966     0.7484  29.377241     0.7493  29.377128     5.0553     5.0008     0.0143    98.5021 1.0000e-12  -64.08178  -63.77162 327.606756      99.98 4.2838e+02   2142.708      51426          7  0.000e+00
    151.496    149.966     0.7482  29.377299     0.7491  29.377014     5.0619     5.0007     0.0143    98.5021 1.0000e-12  -64.08178  -63.77162 327.606756     100.00 4.2838e+02   2142.750      51427          7  0.000e+00
    151.496    149.966     0.7482  29.377358     0.7489  29.376727     5.0628     5.0006     0.0143    98.5021 1.0000e-12  -64.08178  -63.77162 327.606757      99.98 4.2838e+02   2142.792      51428          7  0.000e+00
    151.455    149.925     0.7486  29.377534     0.7491  29.376670     5.0565     5.0004     0.0143    98.5021 1.0000e-12  -64.08178  -63.77162 327.606757      99.95 4.2838e+02   2142.833      51429          7  0.000e+00
    151.496    149.966     0.7486  29.377417     0.7489  29.376670     5.0546     5.0002     0.0143    98.5021 1.0000e-12  -64.08178  -63.77162 327.606758      99.98 4.2838e+02   2142.875      51430          7  0.000e+00
    151.441    149.911     0.7487  29.377534     0.7489  29.376670     5.0495     5.0000     0.0143    98.5278 1.0000e-12  -64.08178  -63.77162 327.606758      99.98 4.2838e+02   2142.917      51431          7  0.000e+00
    151.441    149.911     0.7487  29.377651     0.7487  29.376842     5.0545     4.9997     0.0143    98.5021 1.0000e-12  -64.08178  -63.77162 327.606759     100.00 4.2838e+02   2142.958      51432          7  0.000e+00
    151.496    149.966     0.7486  29.377417     0.7487  29.376498     5.0552     4.9994     0.0069    98.5278 1.0000e-12  -64.08178  -63.77162 327.606759     100.00 4.2838e+02   2143.000      51433          7  0.000e+00
    151.407    149.877     0.7484  29.377534     0.7489  29.376670     5.0488     4.9990    -0.0004    98.5021 1.0000e-12  -64.08178  -63.77162 327.606760      99.98 4.2838e+02   2143.042      51434          7  0.000e+00
    151.441    149.911     0.7484  29.377416     0.7487  29.376670     5.0495     4.9987    -0.0004    98.5021 1.0000e-12  -64.08178  -63.77162 327.606760     100.00 4.2838e+02   2143.083      51435          7  0.000e+00
    151.441    149.911     0.7489  29.377768     0.7489  29.376440     5.0559     4.9983    -0.0004    98.5021 1.0000e-12  -64.08178  -63.77162 327.606761      99.98 4.2838e+02   2143.125      51436          7  0.000e+00
    151.393    149.864     0.7490  29.378120     0.7491  29.376784     5.0566     4.9978    -0.0004    98.5021 1.0000e-12  -64.08178  -63.77162 327.606761      99.95 4.2838e+02   2143.167      51437          7  0.000e+00
    151.441    149.911     0.7490  29.378003     0.7492  29.376956     5.0518     4.9981    -0.0077    98.5021 1.0000e-12  -64.08178  -63.77162 327.606762      99.98 4.2838e+02   2143.208      51438          7  0.000e+00
    151.407    149.878     0.7492  29.378120     0.7493  29.377128     5.0540     4.9976    -0.0004    98.5021 1.0000e-12  -64.08178  -63.77162 327.606762      99.98 4.2838e+02   2143.250      51439          7  0.000e+00
    151.393    149.864     0.7492  29.378179     0.7495  29.377357     5.0607     4.9971    -0.0004    98.5021 1.0000e-12  -64.08178  -63.77162 327.606763     100.00 4.2838e+02   2143.292      51440          7  0.000e+00
    151.393    149.864     0.7489  29.377768     0.7500  29.377644     5.0700     4.9965    -0.0004    98.5021 1.0000e-12  -64.08178  -63.77162 327.606763      99.95 4.2838e+02   2143.333      51441          7  0.000e+00
    151.393    149.864     0.7492  29.378003     0.7498  29.377529     5.0737     4.9959    -0.0004    98.5021 1.0000e-12  -64.08178  -63.77162 327.606764      99.95 4.2838e+02   2143.375      51442          7  0.000e+00
    151.393    149.864     0.7492  29.378179     0.7498  29.377472     5.0787     4.9953    -0.0004    98.5021 1.0000e-12  -64.08178  -63.77162 327.606764      99.98 4.2838e+02   2143.417      51443          7  0.000e+00
    151.352    149.823     0.7490  29.378003     0.7497  29.377644     5.0812     4.9955    -0.0004    98.5021 1.0000e-12  -64.08178  -63.77162 327.606765      99.98 4.2838e+02   2143.458      51444          7  0.000e+00
    151.338    149.810     0.7487  29.377710     0.7500  29.377758     5.0836     4.9957    -0.0004    98.5021 1.0000e-12  -64.08178  -63.77162 327.606765      99.98 4.2838e+02   2143.500      51445          7  0.000e+00
    151.338    149.810     0.7487  29.377416     0.7500  29.377758     5.0790     4.9950    -0.0004    98.5021 1.0000e-12  -64.08178  -63.77162 327.606766      99.98 4.2838e+02   2143.542      51446          7  0.000e+00
    151.393    149.864     0.7486  29.376947     0.7503  29.377529     5.0744     4.9952    -0.0004    98.5021 1.0000e-12  -64.08178  -63.77162 327.606766     100.00 4.2838e+02   2143.583      51447          7  0.000e+00
    151.338    149.810     0.7487  29.377005     0.7498  29.377472     5.0771     4.9954    -0.0004    98.5021 1.0000e-12  -64.08178  -63.77162 327.606766      99.98 4.2838e+02   2143.625      51448          7  0.000e+00
    151.304    149.776     0.7489  29.377299     0.7498  29.377242     5.0711     4.9955    -0.0004    98.5021 1.0000e-12  -64.08178  -63.77162 327.606767      99.98 4.2838e+02   2143.667      51449          7  0.000e+00
    151.338    149.810     0.7484  29.377534     0.7495  29.377013     5.0682     4.9958    -0.0004    98.5021 1.0000e-12  -64.08178  -63.77162 327.606767      99.98 4.2838e+02   2143.708      51450          7  0.000e+00
    151.352    149.823     0.7490  29.377651     0.7492  29.377128     5.0723     4.9947    -0.0077    98.5021 1.0000e-12  -64.08178  -63.77162 327.606769      99.98 4.2838e+02   2143.875      51454          8  0.000e+00
    151.290    149.762     0.7486  29.377240     0.7493  29.377013     5.0677     4.9939    -0.0004    98.5021 1.0000e-12  -64.08178  -63.77162 327.606770      99.98 4.2838e+02   2143.917      51455          8  0.000e+00
    151.290    149.762     0.7482  29.376243     0.7492  29.377758     5.0675     4.9931    -0.0004    98.5021 1.0000e-12  -64.08178  -63.77162 327.606770     100.00 4.3014e+02   2143.958      51456          8  0.000e+00
    151.188    149.661     0.7475  29.376184     0.7500  29.378216     5.0729     4.9921    -0.0004    98.5278 1.0000e-12  -64.08178  -63.77162 327.606771     100.00 4.3014e+02   2144.000      51457          8  0.000e+00
    151.304    149.776     0.7481  29.377299     0.7503  29.378331     5.0600     4.9921    -0.0004    98.5536 1.0000e-12  -64.08178  -63.77162 327.606771      99.98 4.3014e+02   2144.042      51458          8  0.000e+00
    151.236    149.708     0.7489  29.378003     0.7503  29.377873     5.0627     4.9921    -0.0004    98.5536 1.0000e-12  -64.08178  -63.77162 327.606772      99.98 4.3014e+02   2144.083      51459          8  0.000e+00
    151.236    149.708     0.7493  29.378179     0.7503  29.377299     5.0624     4.9921     0.0069    98.5536 1.0000e-12  -64.08178  -63.77162 327.606772      99.98 4.3014e+02   2144.125      51460          8  0.000e+00
    151.291    149.763     0.7496  29.379000     0.7500  29.377185     5.0553     4.9922     0.0143    98.5536 1.0000e-12  -64.08178  -63.77162 327.606773      99.98 4.3014e+02   2144.167      51461          8  0.000e+00
    151.188    149.661     0.7506  29.379704     0.7498  29.377357     5.0580     4.9922     0.0143    98.5536 1.0000e-12  -64.08178  -63.77162 327.606773      99.98 4.3014e+02   2144.208      51462          8  0.000e+00
    151.256    149.729     0.7514  29.380643     0.7497  29.377242     5.0552     4.9922     0.0143    98.5536 1.0000e-12  -64.08178  -63.77162 327.606774      99.98 4.3014e+02   2144.250      51463          8  0.000e+00
    151.188    149.661     0.7526  29.381933     0.7497  29.377357     5.0478     4.9922     0.0143    98.5536 1.0000e-12  -64.08178  -63.77162 327.606774      99.98 4.3014e+02   2144.292      51464          8  0.000e+00
    151.236    149.708     0.7529  29.382109     0.7497  29.378102     5.0550     4.9922     0.0143    98.5536 1.0000e-12  -64.08178  -63.77162 327.606775      99.95 4.3014e+02   2144.333      51465          8  0.000e+00
    151.188    149.661     0.7534  29.382813     0.7504  29.378904     5.0533     4.9920     0.0143    98.5536 1.0000e-12  -64.08178  -63.77162 327.606775      99.95 4.3014e+02   2144.375      51466          8  0.000e+00
    151.188    149.661     0.7544  29.383987     0.7510  29.379477     5.0472     4.9919     0.0143    98.5536 1.0000e-12  -64.08178  -63.77162 327.606776      99.98 4.3014e+02   2144.417      51467          8  0.000e+00
    151.202    149.674     0.7552  29.385043     0.7517  29.380050     5.0398     4.9918     0.0143    98.5536 1.0000e-12  -64.08178  -63.77162 327.606776     100.00 4.3014e+02   2144.458      51468          8  0.000e+00
    151.188    149.661     0.7555  29.386158     0.7525  29.380394     5.0481     4.9917     0.0143    98.5536 1.0000e-12  -64.08178  -63.77162 327.606777      99.98 4.3014e+02   2144.500      51469          8  0.000e+00
    151.140    149.613     0.7567  29.387859     0.7523  29.380681     5.0488     4.9917     0.0143    98.5536 1.0000e-12  -64.08178  -63.77162 327.606777      99.98 4.3014e+02   2144.542      51470          8  0.000e+00
    151.188    149.661     0.7596  29.390617     0.7527  29.380910     5.0493     4.9917     0.0143    98.5536 1.0000e-12  -64.08178  -63.77162 327.606778     100.00 4.3014e+02   2144.583      51471          8  0.000e+00
