NBP2113_155081_ctd/data/nbp2113_049.ros
* Sea-Bird SBE 9 Data File:
* FileName = D:\Data\raw\NBP2113_049.hex
* Software Version Seasave V 7.26.7.121
* Temperature SN = 2438
* Conductivity SN = 2067
* Number of Bytes Per Scan = 40
* Number of Voltage Words = 5
* Number of Scans Averaged by the Deck Unit = 1
* NMEA Latitude = 64 50.72 S
* NMEA Longitude = 064 06.15 W
* NMEA UTC (Time) = Dec 11 2021  08:50:11
* NMEA baud rate = 9600
** Ship: RVIB N.B. Palmer
** Cruise: NBP2113 LTER
** Station: 617.036
** Operator: B. Urmston
# nquan = 20
# nvalues = 1154                                  
# units = specified
# name 0 = prDM: Pressure, Digiquartz [db]
# name 1 = depSM: Depth [salt water, m]
# name 2 = t090C: Temperature [ITS-90, deg C]
# name 3 = c0mS/cm: Conductivity [mS/cm]
# name 4 = t190C: Temperature, 2 [ITS-90, deg C]
# name 5 = c1mS/cm: Conductivity, 2 [mS/cm]
# name 6 = sbeox0ML/L: Oxygen, SBE 43 [ml/l]
# name 7 = sbeox1ML/L: Oxygen, SBE 43, 2 [ml/l]
# name 8 = flECO-AFL: Fluorescence, WET Labs ECO-AFL/FL [mg/m^3]
# name 9 = CStarTr0: Beam Transmission, WET Labs C-Star [%]
# name 10 = par: PAR/Irradiance, Biospherical/Licor
# name 11 = latitude: Latitude [deg]
# name 12 = longitude: Longitude [deg]
# name 13 = timeJ: Julian Days
# name 14 = altM: Altimeter [m]
# name 15 = spar: SPAR, Biospherical/Licor
# name 16 = timeS: Time, Elapsed [seconds]
# name 17 = scan: Scan Count
# name 18 = nbf: Bottles Fired
# name 19 = flag:  0.000e+00
# interval = seconds: 0.0416667
# start_time = Dec 11 2021 08:50:11 [NMEA time, header]
# bad_flag = -9.990e-29
*END*
[from data line 435]
    201.412    199.342     0.7414  29.384070     0.7500  29.394809     4.8878     4.9364    -0.0004    91.0862 1.0000e-12  -64.84488  -64.10144 345.390879      99.98 7.4041e+01   1960.917      47063          9  0.000e+00
    202.073    199.996     0.7317  29.376680     0.7325  29.375725     5.0017     5.0427    -0.0077    91.1119 1.0000e-12  -64.84488  -64.10146 345.390965      99.98 7.4041e+01   1968.375      47242         10  0.000e+00
    202.025    199.949     0.7319  29.375331     0.7321  29.375725     5.0056     5.0424    -0.0077    91.0862 1.0000e-12  -64.84488  -64.10146 345.390965      99.98 7.4041e+01   1968.417      47243         10  0.000e+00
    201.970    199.894     0.7315  29.375037     0.7317  29.374922     5.0007     5.0421    -0.0077    91.0862 1.0000e-12  -64.84488  -64.10146 345.390966      99.98 7.4041e+01   1968.458      47244         10  0.000e+00
    202.025    199.949     0.7317  29.375331     0.7316  29.374636     5.0001     5.0462    -0.0077    91.0862 1.0000e-12  -64.84488  -64.10146 345.390966      99.98 7.4041e+01   1968.500      47245         10  0.000e+00
    202.025    199.949     0.7317  29.375331     0.7314  29.374063     4.9981     5.0465    -0.0077    91.0862 1.0000e-12  -64.84488  -64.10146 345.390967      99.98 7.4041e+01   1968.542      47246         10  0.000e+00
    201.970    199.895     0.7322  29.375331     0.7313  29.374349     5.0016     5.0465    -0.0077    91.0862 1.0000e-12  -64.84488  -64.10146 345.390967      99.98 7.4041e+01   1968.583      47247         10  0.000e+00
    201.922    199.847     0.7317  29.375565     0.7311  29.374062     4.9950     5.0465    -0.0077    91.0862 1.0000e-12  -64.84488  -64.10146 345.390968      99.95 7.4041e+01   1968.625      47248         10  0.000e+00
    201.970    199.895     0.7317  29.375859     0.7308  29.374062     4.9983     5.0410    -0.0077    91.0862 1.0000e-12  -64.84488  -64.10146 345.390968      99.95 7.4041e+01   1968.667      47249         10  0.000e+00
    201.970    199.895     0.7315  29.375565     0.7310  29.373547     4.9914     5.0452    -0.0077    91.0862 1.0000e-12  -64.84488  -64.10146 345.390969      99.98 7.4041e+01   1968.708      47250         10  0.000e+00
    201.922    199.847     0.7317  29.375565     0.7311  29.373833     4.9901     5.0447    -0.0077    91.0862 1.0000e-12  -64.84488  -64.10146 345.390969      99.98 7.4041e+01   1968.750      47251         10  0.000e+00
    201.922    199.847     0.7317  29.375859     0.7314  29.373833     4.9900     5.0441    -0.0077    91.0862 1.0000e-12  -64.84488  -64.10144 345.390970      99.95 7.4041e+01   1968.792      47252         10  0.000e+00
    201.922    199.847     0.7324  29.375565     0.7313  29.373833     4.9886     5.0442    -0.0077    91.0862 1.0000e-12  -64.84488  -64.10144 345.390970      99.95 7.4041e+01   1968.833      47253         10  0.000e+00
    201.867    199.793     0.7330  29.375565     0.7310  29.374062     4.9871     5.0442    -0.0077    91.1119 1.0000e-12  -64.84488  -64.10144 345.390971      99.98 7.4041e+01   1968.875      47254         10  0.000e+00
    201.867    199.793     0.7330  29.377266     0.7310  29.373833     4.9913     5.0442    -0.0077    91.1377 1.0000e-12  -64.84488  -64.10144 345.390971      99.98 7.4041e+01   1968.917      47255         10  0.000e+00
    201.867    199.793     0.7330  29.377266     0.7314  29.373546     4.9867     5.0440    -0.0077    91.1377 1.0000e-12  -64.84488  -64.10144 345.390972      99.98 7.4041e+01   1968.958      47256         10  0.000e+00
    201.867    199.793     0.7331  29.377266     0.7314  29.373833     4.9851     5.0437    -0.0150    91.1377 1.0000e-12  -64.84488  -64.10144 345.390972      99.98 7.4041e+01   1969.000      47257         10  0.000e+00
    201.867    199.793     0.7331  29.376973     0.7311  29.374062     4.9778     5.0433    -0.0077    91.1377 1.0000e-12  -64.84488  -64.10144 345.390973      99.98 7.4041e+01   1969.042      47258         10  0.000e+00
    201.819    199.745     0.7331  29.376973     0.7308  29.374062     4.9876     5.0428    -0.0077    91.1377 1.0000e-12  -64.84488  -64.10144 345.390973      99.98 7.4041e+01   1969.083      47259         10  0.000e+00
    201.819    199.745     0.7332  29.377266     0.7310  29.373546     4.9829     5.0423    -0.0077    91.1119 1.0000e-12  -64.84488  -64.10144 345.390974      99.95 7.4041e+01   1969.125      47260         10  0.000e+00
    201.764    199.691     0.7330  29.376973     0.7299  29.373546     4.9825     5.0417    -0.0077    91.1377 1.0000e-12  -64.84488  -64.10144 345.390974      99.98 7.4041e+01   1969.167      47261         10  0.000e+00
    201.819    199.745     0.7317  29.377266     0.7293  29.373260     4.9824     5.0410    -0.0077    91.1119 1.0000e-12  -64.84488  -64.10144 345.390975      99.98 7.4041e+01   1969.208      47262         10  0.000e+00
    201.771    199.698     0.7309  29.375565     0.7288  29.371655     4.9865     5.0455    -0.0077    91.1119 1.0000e-12  -64.84488  -64.10144 345.390975      99.98 7.4041e+01   1969.250      47263         10  0.000e+00
    201.771    199.698     0.7308  29.374509     0.7283  29.371369     4.9818     5.0409    -0.0077    91.1377 1.0000e-12  -64.84488  -64.10144 345.390976      99.95 7.4041e+01   1969.292      47264         10  0.000e+00
    201.771    199.698     0.7306  29.373922     0.7277  29.370796     4.9814     5.0461    -0.0077    91.1377 1.0000e-12  -64.84488  -64.10144 345.390976      99.95 7.4041e+01   1969.333      47265         10  0.000e+00
    201.716    199.643     0.7301  29.373687     0.7272  29.370280     4.9796     5.0458    -0.0077    91.1119 1.0000e-12  -64.84488  -64.10144 345.390977      99.98 7.4041e+01   1969.375      47266         10  0.000e+00
    201.716    199.643     0.7288  29.373687     0.7271  29.369477     4.9779     5.0400    -0.0077    91.1377 1.0000e-12  -64.84488  -64.10144 345.390977      99.98 7.4041e+01   1969.417      47267         10  0.000e+00
    201.716    199.643     0.7270  29.373101     0.7273  29.369707     4.9776     5.0438    -0.0077    91.1377 1.0000e-12  -64.84488  -64.10144 345.390978      99.98 7.4041e+01   1969.458      47268         10  0.000e+00
    201.668    199.596     0.7261  29.371223     0.7280  29.369706     4.9772     5.0385    -0.0004    91.1377 1.0000e-12  -64.84488  -64.10144 345.390978      99.98 7.4041e+01   1969.500      47269         10  0.000e+00
    201.668    199.596     0.7259  29.369229     0.7282  29.370279     4.9768     5.0376    -0.0004    91.1377 1.0000e-12  -64.84488  -64.10144 345.390978      99.98 7.4041e+01   1969.542      47270         10  0.000e+00
    201.716    199.643     0.7262  29.368994     0.7282  29.370795     4.9763     5.0368    -0.0004    91.1119 1.0000e-12  -64.84488  -64.10144 345.390979      99.98 7.4041e+01   1969.583      47271         10  0.000e+00
    201.668    199.596     0.7258  29.369522     0.7282  29.370566     4.9757     5.0358    -0.0004    91.1377 1.0000e-12  -64.84488  -64.10144 345.390979      99.93 7.4041e+01   1969.625      47272         10  0.000e+00
    201.565    199.494     0.7264  29.369580     0.7280  29.370795     4.9750     5.0347    -0.0004    91.1119 1.0000e-12  -64.84488  -64.10144 345.390980      99.95 7.4041e+01   1969.667      47273         10  0.000e+00
    201.668    199.596     0.7262  29.369522     0.7279  29.370566     4.9689     5.0346    -0.0004    91.1119 1.0000e-12  -64.84488  -64.10144 345.390980      99.98 7.4041e+01   1969.708      47274         10  0.000e+00
    201.668    199.596     0.7264  29.369581     0.7274  29.370566     4.9728     5.0398    -0.0004    91.1119 1.0000e-12  -64.84488  -64.10144 345.390981      99.98 7.4041e+01   1969.750      47275         10  0.000e+00
    201.565    199.494     0.7273  29.370108     0.7274  29.370566     4.9735     5.0394    -0.0004    91.1119 1.0000e-12  -64.84488  -64.10144 345.390981      99.95 7.4041e+01   1969.792      47276         10  0.000e+00
    201.613    199.542     0.7282  29.370930     0.7266  29.369706     4.9743     5.0391    -0.0004    91.1119 1.0000e-12  -64.84488  -64.10144 345.390982      99.95 7.4041e+01   1969.833      47277         10  0.000e+00
    201.565    199.494     0.7282  29.371458     0.7262  29.369706     4.9682     5.0394    -0.0004    91.1119 1.0000e-12  -64.84488  -64.10144 345.390982      99.98 7.4041e+01   1969.875      47278         10  0.000e+00
    201.565    199.494     0.7276  29.372572     0.7258  29.368617     4.9722     5.0344    -0.0004    91.1119 1.0000e-12  -64.84488  -64.10144 345.390983      99.98 7.4041e+01   1969.917      47279         10  0.000e+00
    201.565    199.494     0.7279  29.371751     0.7256  29.368617     4.9733     5.0392    -0.0004    91.1119 1.0000e-12  -64.84488  -64.10144 345.390983      99.98 7.4041e+01   1969.958      47280         10  0.000e+00
    201.565    199.494     0.7298  29.371458     0.7250  29.368331     4.9741     5.0394    -0.0004    91.1119 1.0000e-12  -64.84488  -64.10144 345.390984      99.98 7.4041e+01   1970.000      47281         10  0.000e+00
    201.565    199.494     0.7314  29.372279     0.7251  29.367529     4.9680     5.0395    -0.0004    91.1119 1.0000e-12  -64.84488  -64.10144 345.390984      99.98 7.4041e+01   1970.042      47282         10  0.000e+00
    201.510    199.440     0.7320  29.374508     0.7254  29.367242     4.9721     5.0394    -0.0004    91.1119 1.0000e-12  -64.84488  -64.10144 345.390985      99.98 7.4041e+01   1970.083      47283         10  0.000e+00
    201.565    199.494     0.7330  29.375857     0.7258  29.368102     4.9718     5.0393    -0.0004    91.1119 1.0000e-12  -64.84488  -64.10144 345.390985      99.93 7.4041e+01   1970.125      47284         10  0.000e+00
    201.462    199.392     0.7330  29.376678     0.7269  29.368617     4.9715     5.0390    -0.0004    91.1119 1.0000e-12  -64.84488  -64.10144 345.390986      99.95 7.4041e+01   1970.167      47285         10  0.000e+00
    201.510    199.440     0.7330  29.376972     0.7286  29.369706     4.9714     5.0385    -0.0077    91.1119 1.0000e-12  -64.84488  -64.10144 345.390986      99.98 7.4041e+01   1970.208      47286         10  0.000e+00
    201.510    199.440     0.7330  29.376385     0.7299  29.371081     4.9712     5.0381    -0.0004    91.1119 1.0000e-12  -64.84488  -64.10144 345.390987      99.98 7.4041e+01   1970.250      47287         10  0.000e+00
    201.510    199.440     0.7333  29.375857     0.7316  29.372972     4.9711     5.0321    -0.0004    91.1119 1.0000e-12  -64.84488  -64.10144 345.390987      99.95 7.4041e+01   1970.292      47288         10  0.000e+00
    201.462    199.392     0.7331  29.376150     0.7327  29.374347     4.9665     5.0360    -0.0004    91.1119 1.0000e-12  -64.84488  -64.10144 345.390988      99.95 7.4041e+01   1970.333      47289         10  0.000e+00
    201.462    199.392     0.7334  29.377500     0.7337  29.376009     4.9651     5.0354    -0.0004    91.1119 1.0000e-12  -64.84488  -64.10144 345.390988      99.98 7.4041e+01   1970.375      47290         10  0.000e+00
    152.048    150.504     0.6070  29.201438     0.6059  29.198931     5.4687     5.5035     0.0509    90.4682 1.0000e-12  -64.84490  -64.10150 345.392028      99.98 7.4041e+01   2060.250      49447         11  0.000e+00
    152.048    150.504     0.6069  29.201965     0.6061  29.199388     5.4696     5.5033     0.0509    90.4682 1.0000e-12  -64.84490  -64.10150 345.392029      99.95 7.4041e+01   2060.292      49448         11  0.000e+00
    152.062    150.518     0.6070  29.201730     0.6063  29.199503     5.4703     5.5031     0.0436    90.4682 1.0000e-12  -64.84490  -64.10150 345.392029      99.95 7.4041e+01   2060.333      49449         11  0.000e+00
    152.000    150.457     0.6067  29.201730     0.6065  29.199160     5.4696     5.5028     0.0362    90.4682 1.0000e-12  -64.84490  -64.10150 345.392030      99.98 7.4041e+01   2060.375      49450         11  0.000e+00
    152.103    150.559     0.6068  29.201438     0.6063  29.199789     5.4759     5.5027     0.0362    90.4424 1.0000e-12  -64.84490  -64.10150 345.392030      99.98 7.4041e+01   2060.417      49451         11  0.000e+00
    152.000    150.457     0.6071  29.201438     0.6063  29.199674     5.4717     5.5025     0.0362    90.4424 1.0000e-12  -64.84490  -64.10150 345.392031      99.98 7.4041e+01   2060.458      49452         11  0.000e+00
    152.014    150.470     0.6065  29.201438     0.6063  29.199789     5.4720     5.5023     0.0362    90.4682 1.0000e-12  -64.84490  -64.10150 345.392031      99.98 7.4041e+01   2060.500      49453         11  0.000e+00
    152.000    150.457     0.6066  29.201145     0.6061  29.199960     5.4664     5.5022     0.0362    90.4682 1.0000e-12  -64.84490  -64.10150 345.392032      99.98 7.4041e+01   2060.542      49454         11  0.000e+00
    152.000    150.457     0.6066  29.201145     0.6059  29.199789     5.4709     5.5020     0.0362    90.4424 1.0000e-12  -64.84490  -64.10150 345.392032      99.98 7.2278e+01   2060.583      49455         11  0.000e+00
    152.001    150.457     0.6066  29.200911     0.6061  29.199674     5.4665     5.5018     0.0362    90.4682 1.0000e-12  -64.84490  -64.10150 345.392033      99.95 7.4041e+01   2060.625      49456         11  0.000e+00
    151.911    150.368     0.6066  29.201437     0.6059  29.199502     5.4664     5.5016     0.0362    90.4682 1.0000e-12  -64.84490  -64.10150 345.392033      99.98 7.4041e+01   2060.667      49457         11  0.000e+00
    152.049    150.504     0.6063  29.201145     0.6061  29.199388     5.4652     5.5016     0.0362    90.4682 1.0000e-12  -64.84490  -64.10150 345.392034      99.98 7.4041e+01   2060.708      49458         11  0.000e+00
    151.898    150.355     0.6067  29.201145     0.6059  29.199502     5.4693     5.5013     0.0362    90.4682 1.0000e-12  -64.84490  -64.10150 345.392034      99.98 7.4041e+01   2060.750      49459         11  0.000e+00
    151.952    150.409     0.6065  29.201145     0.6061  29.199159     5.4705     5.5011     0.0362    90.4939 1.0000e-12  -64.84490  -64.10150 345.392035      99.95 7.4041e+01   2060.792      49460         11  0.000e+00
    151.959    150.416     0.6067  29.201145     0.6063  29.199503     5.4659     5.5009     0.0289    90.4682 1.0000e-12  -64.84490  -64.10150 345.392035      99.95 7.4041e+01   2060.833      49461         11  0.000e+00
    151.953    150.409     0.6065  29.201145     0.6063  29.199960     5.4657     5.5007     0.0362    90.4682 1.0000e-12  -64.84490  -64.10150 345.392036      99.98 7.4041e+01   2060.875      49462         11  0.000e+00
    151.898    150.355     0.6064  29.201145     0.6062  29.199788     5.4641     5.5005     0.0362    90.4682 1.0000e-12  -64.84490  -64.10150 345.392036      99.98 7.4041e+01   2060.917      49463         11  0.000e+00
    151.898    150.355     0.6065  29.201145     0.6063  29.199960     5.4638     5.5004     0.0362    90.4939 1.0000e-12  -64.84490  -64.10150 345.392037      99.98 7.4041e+01   2060.958      49464         11  0.000e+00
    151.911    150.369     0.6064  29.201145     0.6061  29.199217     5.4636     5.5003     0.0362    90.4939 1.0000e-12  -64.84490  -64.10150 345.392037      99.98 7.4041e+01   2061.000      49465         11  0.000e+00
    151.850    150.307     0.6063  29.201144     0.6061  29.199502     5.4633     5.5000     0.0362    90.4682 1.0000e-12  -64.84490  -64.10150 345.392038      99.98 7.4041e+01   2061.042      49466         11  0.000e+00
    151.850    150.307     0.6064  29.200618     0.6058  29.199159     5.4617     5.4999     0.0289    90.4682 1.0000e-12  -64.84490  -64.10150 345.392038      99.95 7.4041e+01   2061.083      49467         11  0.000e+00
