NBP2113_155081_ctd/data/nbp2113_056.ros
* Sea-Bird SBE 9 Data File:
* FileName = D:\Data\raw\NBP2113_056.hex
* Software Version Seasave V 7.26.7.121
* Temperature SN = 2438
* Conductivity SN = 2067
* Number of Bytes Per Scan = 40
* Number of Voltage Words = 5
* Number of Scans Averaged by the Deck Unit = 1
* NMEA Latitude = 64 53.69 S
* NMEA Longitude = 064 47.29 W
* NMEA UTC (Time) = Dec 11 2021  22:36:48
* NMEA baud rate = 9600
** Ship: RVIB N.B. Palmer
** Cruise: NBP2113 LTER
** Station: 591.057
** Operator: S. Blackman
# nquan = 20
# nvalues = 487                                   
# units = specified
# name 0 = prDM: Pressure, Digiquartz [db]
# name 1 = depSM: Depth [salt water, m]
# name 2 = t090C: Temperature [ITS-90, deg C]
# name 3 = c0mS/cm: Conductivity [mS/cm]
# name 4 = t190C: Temperature, 2 [ITS-90, deg C]
# name 5 = c1mS/cm: Conductivity, 2 [mS/cm]
# name 6 = sbeox0ML/L: Oxygen, SBE 43 [ml/l]
# name 7 = sbeox1ML/L: Oxygen, SBE 43, 2 [ml/l]
# name 8 = flECO-AFL: Fluorescence, WET Labs ECO-AFL/FL [mg/m^3]
# name 9 = CStarTr0: Beam Transmission, WET Labs C-Star [%]
# name 10 = par: PAR/Irradiance, Biospherical/Licor
# name 11 = latitude: Latitude [deg]
# name 12 = longitude: Longitude [deg]
# name 13 = timeJ: Julian Days
# name 14 = altM: Altimeter [m]
# name 15 = spar: SPAR, Biospherical/Licor
# name 16 = timeS: Time, Elapsed [seconds]
# name 17 = scan: Scan Count
# name 18 = nbf: Bottles Fired
# name 19 = flag:  0.000e+00
# interval = seconds: 0.0416667
# start_time = Dec 11 2021 22:36:48 [NMEA time, header]
# bad_flag = -9.990e-29
*END*
[from data line 290]
    161.904    160.255     0.7512  29.382081     0.7535  29.382946     4.9823     4.9957     0.0143    91.0604 1.0000e-12  -64.89482  -64.78950 345.965111      99.95 1.5161e+02   1977.625      47464          6  0.000e+00
    161.952    160.303     0.7514  29.382081     0.7532  29.382430     4.9826     4.9902     0.0069    91.0862 1.0000e-12  -64.89482  -64.78950 345.965112      99.95 1.5161e+02   1977.667      47465          6  0.000e+00
    161.904    160.255     0.7517  29.382081     0.7523  29.382144     4.9871     4.9900     0.0069    91.0862 1.0000e-12  -64.89482  -64.78950 345.965112      99.98 1.5161e+02   1977.708      47466          6  0.000e+00
    161.952    160.303     0.7517  29.382081     0.7521  29.382144     4.9885     4.9897     0.0069    91.0862 1.0000e-12  -64.89482  -64.78950 345.965113      99.98 1.5161e+02   1977.750      47467          6  0.000e+00
     62.049     61.432    -0.1655  28.269065    -0.1660  28.267536     6.8952     6.9034     0.1461    90.4167 4.0898e-01  -64.89488  -64.78918 345.967013      99.95 1.6042e+02   2141.917      51407          7  0.000e+00
     62.001     61.385    -0.1657  28.269123    -0.1663  28.267536     6.8936     6.9022     0.1535    90.4167 4.0898e-01  -64.89488  -64.78918 345.967013      99.95 1.6042e+02   2141.958      51408          7  0.000e+00
     62.097     61.480    -0.1655  28.269354    -0.1660  28.267310     6.8917     6.9007     0.1535    90.4167 4.0898e-01  -64.89488  -64.78918 345.967014      99.98 1.6042e+02   2142.000      51409          7  0.000e+00
     62.104     61.486    -0.1659  28.268776    -0.1663  28.267310     6.8939     6.8999     0.1461    90.4167 4.0898e-01  -64.89488  -64.78918 345.967014      99.98 1.6042e+02   2142.042      51410          7  0.000e+00
     62.049     61.432    -0.1657  28.269123    -0.1664  28.267028     6.8924     6.8987     0.1535    90.4167 4.0898e-01  -64.89488  -64.78918 345.967015      99.98 1.6042e+02   2142.083      51411          7  0.000e+00
     62.097     61.480    -0.1659  28.268776    -0.1663  28.267028     6.8907     6.8973     0.1535    90.4167 4.0898e-01  -64.89488  -64.78918 345.967015      99.95 1.6042e+02   2142.125      51412          7  0.000e+00
     62.104     61.486    -0.1659  28.268834    -0.1664  28.267310     6.8943     6.8965     0.1535    90.4167 4.0596e-01  -64.89488  -64.78918 345.967016      99.95 1.6042e+02   2142.167      51413          7  0.000e+00
     62.152     61.534    -0.1660  28.268487    -0.1666  28.267028     6.9017     6.9011     0.1461    90.4167 4.0596e-01  -64.89488  -64.78918 345.967016      99.98 1.6042e+02   2142.208      51414          7  0.000e+00
     62.152     61.534    -0.1660  28.268603    -0.1664  28.267028     6.8984     6.9006     0.1535    90.4167 4.0596e-01  -64.89488  -64.78918 345.967017      99.98 1.6042e+02   2142.250      51415          7  0.000e+00
     62.152     61.534    -0.1660  28.268314    -0.1664  28.266746     6.8991     6.9000     0.1535    90.4167 4.0596e-01  -64.89488  -64.78918 345.967017      99.98 1.6042e+02   2142.292      51416          7  0.000e+00
     62.152     61.534    -0.1662  28.268256    -0.1661  28.267028     6.9054     6.8991     0.1461    90.4167 4.0596e-01  -64.89488  -64.78918 345.967018      99.98 1.6042e+02   2142.333      51417          7  0.000e+00
     62.200     61.581    -0.1660  28.268603    -0.1664  28.267028     6.9024     6.9044     0.1535    90.4167 4.0596e-01  -64.89488  -64.78918 345.967018      99.98 1.6042e+02   2142.375      51418          7  0.000e+00
     62.152     61.534    -0.1662  28.268256    -0.1663  28.267028     6.9035     6.9046     0.1535    90.4167 4.0596e-01  -64.89488  -64.78918 345.967019      99.95 1.6042e+02   2142.417      51419          7  0.000e+00
     62.200     61.581    -0.1662  28.268603    -0.1664  28.267028     6.9102     6.9048     0.1535    90.4167 4.0596e-01  -64.89488  -64.78918 345.967019      99.95 1.6042e+02   2142.458      51420          7  0.000e+00
     62.200     61.581    -0.1660  28.268834    -0.1664  28.266746     6.9164     6.9047     0.1535    90.4167 4.0596e-01  -64.89488  -64.78918 345.967020      99.95 1.6042e+02   2142.500      51421          7  0.000e+00
     62.200     61.581    -0.1663  28.269066    -0.1664  28.266746     6.9192     6.9043     0.1535    90.4167 4.0294e-01  -64.89488  -64.78918 345.967020      99.98 1.6042e+02   2142.542      51422          7  0.000e+00
     62.255     61.636    -0.1660  28.268834    -0.1663  28.266746     6.9216     6.9046     0.1535    90.4167 4.0294e-01  -64.89488  -64.78918 345.967021      99.98 1.6042e+02   2142.583      51423          7  0.000e+00
     62.200     61.581    -0.1662  28.268487    -0.1663  28.266746     6.9236     6.9100     0.1461    90.4167 4.0294e-01  -64.89488  -64.78918 345.967021      99.95 1.6042e+02   2142.625      51424          7  0.000e+00
     62.255     61.636    -0.1662  28.268834    -0.1663  28.267028     6.9266     6.9107     0.1461    90.4167 4.0294e-01  -64.89488  -64.78918 345.967022      99.93 1.6042e+02   2142.667      51425          7  0.000e+00
     62.255     61.636    -0.1659  28.268777    -0.1663  28.267028     6.9350     6.9165     0.1461    90.4167 4.0294e-01  -64.89488  -64.78918 345.967022      99.95 1.6042e+02   2142.708      51426          7  0.000e+00
     62.200     61.581    -0.1660  28.268834    -0.1664  28.267028     6.9372     6.9174     0.1461    90.4167 4.0294e-01  -64.89488  -64.78918 345.967023      99.98 1.6042e+02   2142.750      51427          7  0.000e+00
     62.255     61.636    -0.1660  28.268834    -0.1664  28.267028     6.9505     6.9181     0.1535    90.4167 4.0294e-01  -64.89488  -64.78918 345.967023      99.98 1.6042e+02   2142.792      51428          7  0.000e+00
     62.303     61.683    -0.1660  28.269066    -0.1666  28.267311     6.9501     6.9195     0.1535    90.4167 4.0294e-01  -64.89488  -64.78918 345.967024      99.98 1.6042e+02   2142.833      51429          7  0.000e+00
     62.200     61.581    -0.1662  28.268834    -0.1666  28.267819     6.9477     6.9204     0.1461    90.4167 4.0294e-01  -64.89488  -64.78918 345.967024      99.98 1.6042e+02   2142.875      51430          7  0.000e+00
     62.303     61.683    -0.1662  28.267967    -0.1666  28.267819     6.9540     6.9212     0.1535    90.4167 4.0294e-01  -64.89488  -64.78918 345.967024      99.98 1.6042e+02   2142.917      51431          7  0.000e+00
     62.255     61.636    -0.1662  28.269124    -0.1667  28.268102     6.9609     6.9272     0.1535    90.3909 4.0294e-01  -64.89488  -64.78918 345.967025      99.95 1.6042e+02   2142.958      51432          7  0.000e+00
     62.255     61.636    -0.1662  28.268834    -0.1668  28.267819     6.9643     6.9283     0.1535    90.4167 4.0294e-01  -64.89488  -64.78918 345.967025      99.95 1.6042e+02   2143.000      51433          7  0.000e+00
     62.255     61.636    -0.1665  28.269586    -0.1666  28.268328     6.9614     6.9345     0.1535    90.4167 4.0294e-01  -64.89488  -64.78918 345.967026      99.98 1.6042e+02   2143.042      51434          7  0.000e+00
     62.255     61.636    -0.1663  28.269355    -0.1666  28.267819     6.9625     6.9367     0.1608    90.3909 4.0294e-01  -64.89488  -64.78918 345.967026      99.98 1.6042e+02   2143.083      51435          7  0.000e+00
     62.255     61.636    -0.1663  28.269586    -0.1668  28.268102     6.9675     6.9387     0.1608    90.3909 4.0294e-01  -64.89488  -64.78918 345.967027      99.95 1.6042e+02   2143.125      51436          7  0.000e+00
     62.255     61.636    -0.1663  28.269644    -0.1667  28.268102     6.9703     6.9403     0.1608    90.3909 4.0294e-01  -64.89488  -64.78918 345.967027      99.98 1.6042e+02   2143.167      51437          7  0.000e+00
     62.303     61.683    -0.1665  28.269586    -0.1669  28.267819     6.9785     6.9472     0.1535    90.4167 4.0294e-01  -64.89488  -64.78918 345.967028      99.98 1.6042e+02   2143.208      51438          7  0.000e+00
     62.200     61.581    -0.1662  28.269355    -0.1667  28.267819     6.9860     6.9545     0.1608    90.4167 4.0294e-01  -64.89488  -64.78918 345.967028      99.98 1.6042e+02   2143.250      51439          7  0.000e+00
     62.255     61.636    -0.1663  28.269644    -0.1666  28.267537     6.9900     6.9578     0.1608    90.4167 4.0294e-01  -64.89488  -64.78918 345.967029      99.98 1.6042e+02   2143.292      51440          7  0.000e+00
     62.303     61.683    -0.1663  28.269297    -0.1667  28.267819     6.9934     6.9654     0.1535    90.4167 4.0294e-01  -64.89488  -64.78918 345.967029      99.98 1.6042e+02   2143.333      51441          7  0.000e+00
     62.200     61.581    -0.1660  28.269933    -0.1667  28.267819     7.0018     6.9678     0.1608    90.4167 4.0294e-01  -64.89488  -64.78918 345.967030      99.98 1.6042e+02   2143.375      51442          7  0.000e+00
     62.255     61.636    -0.1663  28.269818    -0.1668  28.268102     7.0098     6.9700     0.1608    90.4167 4.0294e-01  -64.89488  -64.78918 345.967030      99.98 1.6042e+02   2143.417      51443          7  0.000e+00
     62.255     61.636    -0.1663  28.269644    -0.1667  28.267819     7.0140     6.9781     0.1608    90.4167 4.0294e-01  -64.89488  -64.78918 345.967031      99.95 1.6042e+02   2143.458      51444          7  0.000e+00
     62.255     61.636    -0.1662  28.269818    -0.1667  28.267819     7.0174     6.9804     0.1535    90.4167 4.0294e-01  -64.89488  -64.78918 345.967031      99.98 1.6042e+02   2143.500      51445          7  0.000e+00
     62.200     61.581    -0.1663  28.269644    -0.1666  28.268101     7.0189     6.9830     0.1608    90.4167 4.0294e-01  -64.89488  -64.78918 345.967032      99.98 1.6042e+02   2143.542      51446          7  0.000e+00
     62.255     61.636    -0.1663  28.269933    -0.1667  28.267819     7.0196     6.9853     0.1608    90.4167 4.0294e-01  -64.89488  -64.78918 345.967032      99.98 1.6042e+02   2143.583      51447          7  0.000e+00
     62.200     61.581    -0.1663  28.269297    -0.1666  28.267537     7.0281     6.9926     0.1608    90.4167 4.0294e-01  -64.89488  -64.78918 345.967033      99.95 1.6042e+02   2143.625      51448          7  0.000e+00
     62.200     61.581    -0.1663  28.269933    -0.1666  28.268101     7.0315     6.9940     0.1608    90.4167 4.0294e-01  -64.89488  -64.78918 345.967033      99.93 1.6042e+02   2143.667      51449          7  0.000e+00
     62.200     61.581    -0.1663  28.269818    -0.1666  28.267537     7.0343     7.0014     0.1535    90.4167 4.0294e-01  -64.89488  -64.78918 345.967034      99.98 1.6042e+02   2143.708      51450          7  0.000e+00
     62.200     61.581    -0.1660  28.269644    -0.1664  28.268101     7.0421     7.0036     0.1608    90.4167 4.0294e-01  -64.89488  -64.78918 345.967034      99.98 1.6042e+02   2143.750      51451          7  0.000e+00
     62.152     61.534    -0.1659  28.269123    -0.1666  28.267536     7.0448     7.0109     0.1608    90.4167 4.0294e-01  -64.89488  -64.78916 345.967035      99.98 1.6042e+02   2143.792      51452          7  0.000e+00
     62.200     61.581    -0.1660  28.268776    -0.1666  28.267537     7.0455     7.0131     0.1535    90.4167 4.0294e-01  -64.89488  -64.78916 345.967035      99.98 1.6042e+02   2143.833      51453          7  0.000e+00
     62.152     61.534    -0.1662  28.268834    -0.1666  28.267536     7.0568     7.0147     0.1608    90.4167 4.0294e-01  -64.89488  -64.78916 345.967036      99.98 1.6042e+02   2143.875      51454          7  0.000e+00
     62.152     61.534    -0.1659  28.267735    -0.1664  28.267536     7.0598     7.0212     0.1608    90.4167 4.0294e-01  -64.89488  -64.78916 345.967036      99.98 1.6042e+02   2143.917      51455          7  0.000e+00
     61.899     61.284    -0.1660  28.268486    -0.1662  28.267027     7.1315     7.1684     0.2047    90.3137 4.2424e-01  -64.89488  -64.78914 345.967138      99.98 1.6042e+02   2152.708      51666          8  0.000e+00
     61.947     61.331    -0.1659  28.268834    -0.1663  28.267310     7.1295     7.1680     0.2047    90.3394 4.2424e-01  -64.89488  -64.78914 345.967138      99.98 1.6042e+02   2152.750      51667          8  0.000e+00
     62.002     61.385    -0.1660  28.268776    -0.1663  28.267028     7.1273     7.1674     0.2047    90.3652 4.2117e-01  -64.89488  -64.78914 345.967139      99.98 1.6042e+02   2152.792      51668          8  0.000e+00
     61.947     61.331    -0.1660  28.268602    -0.1663  28.267310     7.1305     7.1673     0.1974    90.3652 4.2117e-01  -64.89488  -64.78914 345.967139      99.98 1.6042e+02   2152.833      51669          8  0.000e+00
     62.002     61.385    -0.1660  28.268776    -0.1667  28.267310     7.1304     7.1672     0.1828    90.3652 4.2117e-01  -64.89488  -64.78914 345.967140      99.98 1.6042e+02   2152.875      51670          8  0.000e+00
     62.050     61.433    -0.1659  28.269123    -0.1663  28.267310     7.1285     7.1721     0.1754    90.3652 4.2117e-01  -64.89488  -64.78914 345.967140      99.95 1.6042e+02   2152.917      51671          8  0.000e+00
     62.002     61.385    -0.1662  28.268834    -0.1666  28.267536     7.1264     7.1723     0.1754    90.3652 4.2117e-01  -64.89488  -64.78914 345.967141      99.95 1.6042e+02   2152.958      51672          8  0.000e+00
     62.050     61.433    -0.1662  28.269065    -0.1664  28.267536     7.1283     7.1722     0.1754    90.3652 4.2117e-01  -64.89488  -64.78914 345.967141      99.98 1.6042e+02   2153.000      51673          8  0.000e+00
     62.098     61.480    -0.1662  28.269354    -0.1664  28.267028     7.1267     7.1719     0.1754    90.3652 4.1811e-01  -64.89488  -64.78914 345.967142      99.98 1.6042e+02   2153.042      51674          8  0.000e+00
     62.105     61.487    -0.1662  28.269065    -0.1664  28.267536     7.1204     7.1713     0.1754    90.3652 4.1811e-01  -64.89488  -64.78914 345.967142      99.98 1.6042e+02   2153.083      51675          8  0.000e+00
     62.105     61.487    -0.1662  28.269123    -0.1663  28.267310     7.1182     7.1704     0.1754    90.3652 4.1811e-01  -64.89488  -64.78914 345.967143      99.93 1.6042e+02   2153.125      51676          8  0.000e+00
     62.153     61.535    -0.1662  28.269123    -0.1666  28.267819     7.1215     7.1694     0.1754    90.3652 4.1811e-01  -64.89488  -64.78914 345.967143      99.95 1.6042e+02   2153.167      51677          8  0.000e+00
     62.153     61.535    -0.1662  28.269297    -0.1666  28.267819     7.1214     7.1744     0.1754    90.3652 4.1811e-01  -64.89488  -64.78914 345.967144      99.98 1.6042e+02   2153.208      51678          8  0.000e+00
     62.201     61.582    -0.1662  28.268834    -0.1666  28.267537     7.1211     7.1691     0.1754    90.3652 4.1811e-01  -64.89488  -64.78914 345.967144      99.98 1.6042e+02   2153.250      51679          8  0.000e+00
     62.153     61.535    -0.1663  28.268776    -0.1667  28.267536     7.1262     7.1736     0.1828    90.3652 4.1506e-01  -64.89488  -64.78914 345.967145      99.98 1.6042e+02   2153.292      51680          8  0.000e+00
     62.256     61.636    -0.1663  28.269355    -0.1664  28.267537     7.1279     7.1734     0.1754    90.3394 4.1506e-01  -64.89488  -64.78914 345.967145      99.98 1.6042e+02   2153.333      51681          8  0.000e+00
     62.201     61.582    -0.1665  28.269066    -0.1668  28.267537     7.1294     7.1737     0.1754    90.3652 4.1506e-01  -64.89488  -64.78914 345.967146      99.98 1.6042e+02   2153.375      51682          8  0.000e+00
     62.256     61.636    -0.1663  28.269124    -0.1669  28.267537     7.1248     7.1739     0.1754    90.3652 4.1506e-01  -64.89488  -64.78914 345.967146      99.98 1.6042e+02   2153.417      51683          8  0.000e+00
