NBP2113_155081_ctd/data/nbp2113_034.ros
* Sea-Bird SBE 9 Data File:
* FileName = D:\Data\raw\NBP2113_034.hex
* Software Version Seasave V 7.26.7.121
* Temperature SN = 2438
* Conductivity SN = 2067
* Number of Bytes Per Scan = 40
* Number of Voltage Words = 5
* Number of Scans Averaged by the Deck Unit = 1
* NMEA Latitude = 64 56.01 S
* NMEA Longitude = 064 23.98 W
* NMEA UTC (Time) = Dec 08 2021  22:30:19
* NMEA baud rate = 9600
** Ship: RVIB N.B. Palmer
** Cruise: NBP2113 LTER
** Station: 600.040
** Operator: S. Blackman
# nquan = 20
# nvalues = 1150                                  
# units = specified
# name 0 = prDM: Pressure, Digiquartz [db]
# name 1 = depSM: Depth [salt water, m]
# name 2 = t090C: Temperature [ITS-90, deg C]
# name 3 = c0mS/cm: Conductivity [mS/cm]
# name 4 = t190C: Temperature, 2 [ITS-90, deg C]
# name 5 = c1mS/cm: Conductivity, 2 [mS/cm]
# name 6 = sbeox0ML/L: Oxygen, SBE 43 [ml/l]
# name 7 = sbeox1ML/L: Oxygen, SBE 43, 2 [ml/l]
# name 8 = flECO-AFL: Fluorescence, WET Labs ECO-AFL/FL [mg/m^3]
# name 9 = CStarTr0: Beam Transmission, WET Labs C-Star [%]
# name 10 = par: PAR/Irradiance, Biospherical/Licor
# name 11 = latitude: Latitude [deg]
# name 12 = longitude: Longitude [deg]
# name 13 = timeJ: Julian Days
# name 14 = altM: Altimeter [m]
# name 15 = spar: SPAR, Biospherical/Licor
# name 16 = timeS: Time, Elapsed [seconds]
# name 17 = scan: Scan Count
# name 18 = nbf: Bottles Fired
# name 19 = flag:  0.000e+00
# interval = seconds: 0.0416667
# start_time = Dec 08 2021 22:30:19 [NMEA time, header]
# bad_flag = -9.990e-29
*END*
[from data line 580]
     51.027     50.521    -0.6485  27.773513    -0.6494  27.770030     6.5901     6.6110     0.2853    94.6911 4.0294e-01  -64.93346  -64.39962 342.982762      99.98 4.4072e+01   3891.667      93401         12  0.000e+00
     50.979     50.473    -0.6495  27.772765    -0.6495  27.769300     6.5895     6.6119     0.2853    94.6911 4.0294e-01  -64.93346  -64.39962 342.982763      99.98 4.4072e+01   3891.708      93402         12  0.000e+00
     51.034     50.528    -0.6504  27.771444    -0.6500  27.768908     6.5948     6.6129     0.2853    94.6911 4.0294e-01  -64.93346  -64.39962 342.982763      99.98 4.2309e+01   3891.750      93403         12  0.000e+00
     51.027     50.521    -0.6506  27.770640    -0.6508  27.768571     6.5967     6.6129     0.2853    94.6911 4.0294e-01  -64.93346  -64.39964 342.982764      99.95 4.2309e+01   3891.792      93404         12  0.000e+00
     51.082     50.575    -0.6512  27.770123    -0.6512  27.768571     6.5927     6.6130     0.2853    94.7169 4.0294e-01  -64.93346  -64.39964 342.982764      99.95 4.4072e+01   3891.833      93405         12  0.000e+00
     51.034     50.528    -0.6514  27.770123    -0.6520  27.768291     6.5931     6.6138     0.2853    94.6911 4.0294e-01  -64.93346  -64.39964 342.982765      99.98 4.4072e+01   3891.875      93406         12  0.000e+00
     51.027     50.521    -0.6519  27.770123    -0.6523  27.768066     6.5995     6.6146     0.3073    94.6911 4.0294e-01  -64.93346  -64.39964 342.982765      99.98 4.4072e+01   3891.917      93407         12  0.000e+00
     51.089     50.582    -0.6519  27.769318    -0.6527  27.767674     6.6057     6.6156     0.3146    94.7169 4.0294e-01  -64.93346  -64.39964 342.982766      99.98 4.4072e+01   3891.958      93408         12  0.000e+00
     36.076     35.720    -0.3529  27.985666    -0.3533  27.984255     7.5745     7.4674     0.3879    94.3821 9.1999e-01  -64.93348  -64.39964 342.983352      99.98 4.4072e+01   3942.625      94624         13  0.000e+00
     36.076     35.720    -0.3531  27.985263    -0.3535  27.984424     7.5707     7.4667     0.3879    94.3821 9.2447e-01  -64.93348  -64.39964 342.983353      99.98 4.2309e+01   3942.667      94625         13  0.000e+00
     36.028     35.672    -0.3535  27.985436    -0.3531  27.984086     7.5670     7.4717     0.3879    94.3564 9.2447e-01  -64.93348  -64.39964 342.983353      99.98 4.2309e+01   3942.708      94626         13  0.000e+00
     36.076     35.720    -0.3535  27.985666    -0.3532  27.984311     7.5678     7.4716     0.3879    94.3821 9.2447e-01  -64.93348  -64.39964 342.983354      99.98 4.2309e+01   3942.750      94627         13  0.000e+00
     36.028     35.672    -0.3532  27.984687    -0.3533  27.984311     7.5628     7.4716     0.3879    94.3564 9.2447e-01  -64.93348  -64.39966 342.983354      99.95 4.2309e+01   3942.792      94628         13  0.000e+00
     35.974     35.618    -0.3531  27.985147    -0.3530  27.984424     7.5591     7.4764     0.3806    94.3821 9.2447e-01  -64.93348  -64.39966 342.983355      99.98 4.4072e+01   3942.833      94629         13  0.000e+00
     36.028     35.672    -0.3543  27.985148    -0.3528  27.983636     7.5604     7.4762     0.3879    94.3821 9.2447e-01  -64.93348  -64.39966 342.983355      99.98 4.2309e+01   3942.875      94630         13  0.000e+00
     35.926     35.571    -0.3560  27.984686    -0.3533  27.983017     7.5631     7.4816     0.3879    94.3821 9.2447e-01  -64.93348  -64.39966 342.983356      99.98 4.2309e+01   3942.917      94631         13  0.000e+00
     35.974     35.618    -0.3574  27.983304    -0.3557  27.981554     7.5616     7.4769     0.3879    94.3564 9.2895e-01  -64.93348  -64.39966 342.983356      99.95 4.2309e+01   3942.958      94632         13  0.000e+00
     35.974     35.618    -0.3577  27.981806    -0.3578  27.980485     7.5628     7.4814     0.3806    94.3564 9.2895e-01  -64.93348  -64.39966 342.983356      99.95 4.2309e+01   3943.000      94633         13  0.000e+00
     35.878     35.523    -0.3574  27.981460    -0.3582  27.980090     7.5627     7.4803     0.3879    94.3564 9.2895e-01  -64.93348  -64.39966 342.983357      99.98 4.2309e+01   3943.042      94634         13  0.000e+00
     35.926     35.571    -0.3558  27.981172    -0.3579  27.980597     7.5672     7.4794     0.3879    94.3821 9.2895e-01  -64.93348  -64.39966 342.983357      99.98 4.2309e+01   3943.083      94635         13  0.000e+00
     35.926     35.571    -0.3535  27.980998    -0.3564  27.981610     7.5717     7.4785     0.3879    94.3564 9.2895e-01  -64.93348  -64.39966 342.983358      99.98 4.2309e+01   3943.125      94636         13  0.000e+00
     35.878     35.523    -0.3565  27.983822    -0.3547  27.982454     7.5669     7.4824     0.3879    94.3821 9.2895e-01  -64.93348  -64.39966 342.983358      99.98 4.4072e+01   3943.167      94637         13  0.000e+00
     35.823     35.469    -0.3617  27.983938    -0.3543  27.982679     7.5662     7.4814     0.3879    94.3821 9.2895e-01  -64.93348  -64.39966 342.983359      99.98 4.2309e+01   3943.208      94638         13  0.000e+00
     35.878     35.523    -0.3630  27.981460    -0.3551  27.982679     7.5683     7.4865     0.3879    94.3821 9.3345e-01  -64.93348  -64.39966 342.983359      99.98 4.4072e+01   3943.250      94639         13  0.000e+00
     35.775     35.422    -0.3642  27.978521    -0.3553  27.981047     7.5705     7.4861     0.3879    94.3821 9.3345e-01  -64.93348  -64.39966 342.983360      99.95 4.2309e+01   3943.292      94640         13  0.000e+00
     35.823     35.469    -0.3659  27.977254    -0.3592  27.979190     7.5699     7.4915     0.3879    94.3564 9.3345e-01  -64.93348  -64.39966 342.983360      99.98 4.2309e+01   3943.333      94641         13  0.000e+00
     35.775     35.422    -0.3668  27.976966    -0.3605  27.978121     7.5722     7.4865     0.3879    94.3821 9.3345e-01  -64.93348  -64.39966 342.983361      99.98 4.4072e+01   3943.375      94642         13  0.000e+00
     35.775     35.422    -0.3713  27.975929    -0.3648  27.973338     7.5697     7.4863     0.3952    94.3821 9.3345e-01  -64.93348  -64.39966 342.983361      99.98 4.4072e+01   3943.417      94643         13  0.000e+00
     35.720     35.367    -0.3749  27.975353    -0.3717  27.969681     7.5671     7.4922     0.4025    94.3821 9.3796e-01  -64.93348  -64.39966 342.983362      99.98 4.2309e+01   3943.458      94644         13  0.000e+00
     35.775     35.422    -0.3747  27.971954    -0.3760  27.967205     7.5642     7.4925     0.4025    94.3821 9.3796e-01  -64.93348  -64.39966 342.983362      99.95 4.2309e+01   3943.500      94645         13  0.000e+00
     35.673     35.320    -0.3791  27.970917    -0.3813  27.964842     7.5724     7.4923     0.4025    94.3564 9.3796e-01  -64.93348  -64.39966 342.983363      99.98 4.2309e+01   3943.542      94646         13  0.000e+00
     35.652     35.300    -0.3884  27.969823    -0.3841  27.963098     7.5657     7.4965     0.4025    94.3821 9.3796e-01  -64.93348  -64.39966 342.983363      99.98 4.2309e+01   3943.583      94647         13  0.000e+00
     35.720     35.367    -0.3984  27.964524    -0.3861  27.961692     7.5685     7.4964     0.4025    94.3564 9.3796e-01  -64.93348  -64.39966 342.983364      99.98 4.2309e+01   3943.625      94648         13  0.000e+00
     35.673     35.320    -0.4002  27.957151    -0.3853  27.961861     7.5612     7.5004     0.3952    94.3821 9.3796e-01  -64.93348  -64.39966 342.983364      99.98 4.2309e+01   3943.667      94649         13  0.000e+00
     35.625     35.273    -0.4028  27.952831    -0.3855  27.961917     7.5702     7.4948     0.4025    94.3821 9.3796e-01  -64.93348  -64.39966 342.983365      99.98 4.2309e+01   3943.708      94650         13  0.000e+00
     35.625     35.273    -0.4095  27.952371    -0.3844  27.962873     7.5697     7.4930     0.4025    94.3821 9.4249e-01  -64.93348  -64.39966 342.983365      99.98 4.2309e+01   3943.750      94651         13  0.000e+00
     35.625     35.273    -0.4128  27.949376    -0.3830  27.963548     7.5734     7.4962     0.4025    94.3821 9.4249e-01  -64.93348  -64.39966 342.983366      99.95 4.2309e+01   3943.792      94652         13  0.000e+00
     35.625     35.273    -0.4133  27.946035    -0.3845  27.962930     7.5738     7.4947     0.4025    94.3564 9.4249e-01  -64.93348  -64.39966 342.983366      99.95 4.2309e+01   3943.833      94653         13  0.000e+00
     35.522     35.171    -0.4134  27.943559    -0.3868  27.961692     7.5670     7.4992     0.4025    94.3564 9.4249e-01  -64.93348  -64.39966 342.983367      99.98 4.2309e+01   3943.875      94654         13  0.000e+00
     35.570     35.218    -0.4136  27.944423    -0.3888  27.960342     7.5695     7.4985     0.4025    94.3564 9.4249e-01  -64.93348  -64.39966 342.983367      99.98 4.2309e+01   3943.917      94655         13  0.000e+00
     35.522     35.171    -0.4137  27.944365    -0.3903  27.958035     7.5664     7.5035     0.3952    94.3564 9.4249e-01  -64.93348  -64.39966 342.983368      99.98 4.2309e+01   3943.958      94656         13  0.000e+00
     35.522     35.171    -0.4134  27.944423    -0.3939  27.954660     7.5650     7.5039     0.3952    94.3564 9.4702e-01  -64.93348  -64.39966 342.983368      99.93 4.2309e+01   3944.000      94657         13  0.000e+00
     35.467     35.117    -0.4130  27.943789    -0.3974  27.951959     7.5684     7.5044     0.4025    94.3564 9.4702e-01  -64.93348  -64.39966 342.983369      99.95 4.2309e+01   3944.042      94658         13  0.000e+00
     35.522     35.171    -0.4095  27.944710    -0.4002  27.949991     7.5658     7.5044     0.4025    94.3564 9.4702e-01  -64.93348  -64.39966 342.983369      99.98 4.4072e+01   3944.083      94659         13  0.000e+00
     35.467     35.117    -0.4058  27.945689    -0.4036  27.947966     7.5634     7.5038     0.3952    94.3564 9.4702e-01  -64.93348  -64.39966 342.983370      99.98 4.2309e+01   3944.125      94660         13  0.000e+00
     35.467     35.117    -0.4033  27.948914    -0.4075  27.945829     7.5674     7.5037     0.4025    94.3564 9.4702e-01  -64.93348  -64.39966 342.983370      99.98 4.4072e+01   3944.167      94661         13  0.000e+00
     35.419     35.069    -0.4013  27.950526    -0.4095  27.944535     7.5764     7.5027     0.4025    94.3564 9.5158e-01  -64.93348  -64.39966 342.983370      99.98 4.4072e+01   3944.208      94662         13  0.000e+00
     35.419     35.069    -0.4000  27.952024    -0.4120  27.943129     7.5813     7.5068     0.4025    94.3564 9.5158e-01  -64.93348  -64.39966 342.983371      99.98 4.2309e+01   3944.250      94663         13  0.000e+00
     35.371     35.022    -0.3996  27.952888    -0.4148  27.941104     7.5777     7.5066     0.4025    94.3564 9.5158e-01  -64.93348  -64.39966 342.983371      99.95 4.4072e+01   3944.292      94664         13  0.000e+00
     35.371     35.022    -0.3991  27.953636    -0.4172  27.939867     7.5732     7.5059     0.3952    94.3564 9.5158e-01  -64.93348  -64.39966 342.983372      99.98 4.2309e+01   3944.333      94665         13  0.000e+00
     35.419     35.069    -0.3984  27.953982    -0.4182  27.938798     7.5781     7.5054     0.4025    94.3564 9.5158e-01  -64.93348  -64.39966 342.983372      99.98 4.2309e+01   3944.375      94666         13  0.000e+00
     35.317     34.968    -0.3973  27.954154    -0.4191  27.938123     7.5716     7.5042     0.4025    94.3564 9.5158e-01  -64.93348  -64.39966 342.983373      99.98 4.2309e+01   3944.417      94667         13  0.000e+00
     35.372     35.022    -0.3973  27.955307    -0.4201  27.937392     7.5703     7.5028     0.4025    94.3564 9.5158e-01  -64.93348  -64.39966 342.983373      99.95 4.2309e+01   3944.458      94668         13  0.000e+00
     35.317     34.968    -0.4013  27.955480    -0.4211  27.937224     7.5703     7.5061     0.3952    94.3564 9.5614e-01  -64.93348  -64.39966 342.983374      99.95 4.2309e+01   3944.500      94669         13  0.000e+00
     35.317     34.968    -0.4042  27.954501    -0.4212  27.937392     7.5739     7.5043     0.3952    94.3564 9.5614e-01  -64.93348  -64.39966 342.983374      99.95 4.4072e+01   3944.542      94670         13  0.000e+00
     35.269     34.920    -0.4010  27.951217    -0.4216  27.937055     7.5711     7.5083     0.3952    94.3564 9.5614e-01  -64.93348  -64.39966 342.983375      99.98 4.2309e+01   3944.583      94671         13  0.000e+00
     35.317     34.968    -0.3970  27.951332    -0.4217  27.935930     7.5627     7.5019     0.3952    94.3564 9.5614e-01  -64.93348  -64.39966 342.983375      99.98 4.4072e+01   3944.625      94672         13  0.000e+00
     35.472     35.121    -0.3474  27.988315    -0.3461  27.987686     7.4870     7.5212     0.4685    94.1246 9.7915e-01  -64.93350  -64.39968 342.983521      99.98 4.4072e+01   3957.208      94974         14  0.000e+00
     35.526     35.175    -0.3474  27.988603    -0.3458  27.987686     7.4834     7.5205     0.4685    94.1246 9.7452e-01  -64.93350  -64.39968 342.983521      99.98 4.4072e+01   3957.250      94975         14  0.000e+00
     35.526     35.175    -0.3476  27.987912    -0.3460  27.987686     7.4815     7.5207     0.4685    94.1246 9.7452e-01  -64.93350  -64.39968 342.983522      99.95 4.4072e+01   3957.292      94976         14  0.000e+00
     35.472     35.121    -0.3476  27.988603    -0.3458  27.987686     7.4794     7.5206     0.4685    94.0989 9.7452e-01  -64.93350  -64.39968 342.983522      99.95 4.4072e+01   3957.333      94977         14  0.000e+00
     35.472     35.121    -0.3476  27.988315    -0.3452  27.987686     7.4786     7.5204     0.4685    94.0989 9.7452e-01  -64.93350  -64.39968 342.983523      99.98 4.4072e+01   3957.375      94978         14  0.000e+00
     35.424     35.074    -0.3476  27.988142    -0.3447  27.988024     7.4706     7.5200     0.4685    94.1246 9.7452e-01  -64.93350  -64.39968 342.983523      99.98 4.4072e+01   3957.417      94979         14  0.000e+00
     35.472     35.121    -0.3478  27.988603    -0.3442  27.987573     7.4728     7.5197     0.4685    94.0989 9.7452e-01  -64.93350  -64.39968 342.983524      99.98 4.4072e+01   3957.458      94980         14  0.000e+00
     35.424     35.074    -0.3476  27.988084    -0.3446  27.987573     7.4747     7.5193     0.4758    94.0989 9.7452e-01  -64.93350  -64.39968 342.983524      99.95 4.4072e+01   3957.500      94981         14  0.000e+00
     35.424     35.074    -0.3476  27.988142    -0.3452  27.987461     7.4792     7.5243     0.4685    94.0989 9.7452e-01  -64.93350  -64.39968 342.983525      99.98 4.4072e+01   3957.542      94982         14  0.000e+00
     35.472     35.121    -0.3478  27.988603    -0.3462  27.987180     7.4805     7.5247     0.4685    94.0989 9.7452e-01  -64.93350  -64.39968 342.983525      99.98 4.4072e+01   3957.583      94983         14  0.000e+00
     35.376     35.026    -0.3474  27.988142    -0.3465  27.987292     7.4872     7.5256     0.4685    94.1246 9.7452e-01  -64.93350  -64.39968 342.983526      99.98 4.4072e+01   3957.625      94984         14  0.000e+00
     35.424     35.074    -0.3473  27.988315    -0.3469  27.986954     7.4836     7.5265     0.4758    94.0989 9.7452e-01  -64.93350  -64.39968 342.983526      99.98 4.4072e+01   3957.667      94985         14  0.000e+00
     35.376     35.026    -0.3468  27.988603    -0.3473  27.987236     7.4855     7.5264     0.4758    94.1246 9.7452e-01  -64.93350  -64.39968 342.983527      99.98 4.4072e+01   3957.708      94986         14  0.000e+00
     35.424     35.074    -0.3456  27.988142    -0.3470  27.987573     7.4802     7.5260     0.4758    94.0989 9.7452e-01  -64.93350  -64.39968 342.983527      99.98 4.4072e+01   3957.750      94987         14  0.000e+00
