NBP2113_155081_ctd/data/nbp2113_003.cnv
* Sea-Bird SBE 9 Data File:
* FileName = D:\Data\raw\NBP2113_003.hex
* Software Version Seasave V 7.26.7.121
* Temperature SN = 2438
* Conductivity SN = 2067
* Number of Bytes Per Scan = 40
* Number of Voltage Words = 5
* Number of Scans Averaged by the Deck Unit = 1
* NMEA Latitude = 63 28.26 S
* NMEA Longitude = 061 47.09 W
* NMEA UTC (Time) = Nov 22 2021  19:16:03
* NMEA baud rate = 9600
** Ship: RVIB N.B. Palmer
** Cruise: NBP2113 LTER
** Station: 806.048
** Operator: S. Blackman
# nquan = 25
# nvalues = 1102                        
# units = specified
# name 0 = prDM: Pressure, Digiquartz [db]
# name 1 = depSM: Depth [salt water, m]
# name 2 = t090C: Temperature [ITS-90, deg C]
# name 3 = c0mS/cm: Conductivity [mS/cm]
# name 4 = t190C: Temperature, 2 [ITS-90, deg C]
# name 5 = c1mS/cm: Conductivity, 2 [mS/cm]
# name 6 = sbeox0ML/L: Oxygen, SBE 43 [ml/l]
# name 7 = sbeox1ML/L: Oxygen, SBE 43, 2 [ml/l]
# name 8 = flECO-AFL: Fluorescence, WET Labs ECO-AFL/FL [mg/m^3]
# name 9 = CStarTr0: Beam Transmission, WET Labs C-Star [%]
# name 10 = par: PAR/Irradiance, Biospherical/Licor
# name 11 = latitude: Latitude [deg]
# name 12 = longitude: Longitude [deg]
# name 13 = timeJ: Julian Days
# name 14 = altM: Altimeter [m]
# name 15 = spar: SPAR, Biospherical/Licor
# name 16 = timeS: Time, Elapsed [seconds]
# name 17 = scan: Scan Count
# name 18 = density00: Density [density, kg/m^3]
# name 19 = density11: Density, 2 [density, kg/m^3]
# name 20 = sal00: Salinity, Practical [PSU]
# name 21 = sal11: Salinity, Practical, 2 [PSU]
# name 22 = oxsolML/L: Oxygen Saturation, Garcia & Gordon [ml/l]
# name 23 = nbin: number of scans per bin
# name 24 = flag: flag
# span 0 =      2.000,    554.000       
# span 1 =      1.982,    547.897       
# span 2 =    -0.6541,     0.2728       
# span 3 =  27.895601,  29.140464       
# span 4 =    -0.6580,     0.2795       
# span 5 =  27.894378,  29.136617       
# span 6 =     5.3113,     8.1453       
# span 7 =     5.3256,     8.0152       
# span 8 =    -0.0296,     1.6116       
# span 9 =    90.0447,    98.9360       
# span 10 = -2.096e-05, 1.4689e+03      
# span 11 =  -63.47132,  -63.47104      
# span 12 =  -61.78588,  -61.78515      
# span 13 = 326.806521, 326.833172      
# span 14 =       8.03,     101.78      
# span 15 = 1.8134e+03, 1.8656e+03      
# span 16 =    320.412,   2623.094      
# span 17 =       7691,      62955      
# span 18 =  1027.3099,  1030.3680      
# span 19 =  1027.3069,  1030.3667      
# span 20 =    33.9813,    34.5667      
# span 21 =    33.9775,    34.5649      
# span 22 =    7.97768,    8.19055      
# span 23 =          6,         61      
# span 24 = 0.0000e+00, 0.0000e+00      
# interval = decibars: 1                
# start_time = Nov 22 2021 19:16:03 [NMEA time, header]
# bad_flag = -9.990e-29
*END*
[from data line 812]
    291.000    287.978     0.1074  28.910154     0.0835  28.889235     5.5375     5.5278    -0.0004    98.6169 1.0000e-12  -63.47126  -61.78566 326.823028      99.98 1.8490e+03   1746.601      41919  1029.1039  1029.1052    34.5335    34.5328    8.01388         39 0.0000e+00
    290.000    286.988     0.0896  28.893357     0.0774  28.883237     5.5537     5.5233    -0.0037    98.6137 1.0000e-12  -63.47126  -61.78566 326.823057      99.98 1.8400e+03   1749.124      41980  1029.1000  1029.1010    34.5319    34.5322    8.01768         39 0.0000e+00
    289.000    285.998     0.0880  28.892875     0.0875  28.890750     5.5374     5.5168    -0.0136    98.6075 1.0000e-12  -63.47126  -61.78566 326.823077      99.98 1.8384e+03   1750.868      42022  1029.0971  1029.0951    34.5337    34.5314    8.01793         34 0.0000e+00
    288.000    285.009     0.1125  28.912649     0.1046  28.904721     5.5406     5.5109    -0.0083    98.6132 1.0000e-12  -63.47126  -61.78566 326.823096      99.98 1.8429e+03   1752.489      42061  1029.0898  1029.0889    34.5329    34.5312    8.01286         39 0.0000e+00
    287.000    284.021     0.0984  28.897902     0.1027  28.901114     5.5554     5.5170    -0.0032    98.6114 1.0000e-12  -63.47126  -61.78567 326.823124      99.98 1.8389e+03   1754.914      42119  1029.0841  1029.0831    34.5299    34.5293    8.01597         45 0.0000e+00
    286.000    283.032     0.0905  28.889229     0.0925  28.890101     5.5871     5.5407    -0.0024    98.6427 1.0000e-12  -63.47126  -61.78567 326.823152      99.98 1.8329e+03   1757.336      42177  1029.0786  1029.0775    34.5278    34.5268    8.01773         39 0.0000e+00
    285.000    282.043     0.0690  28.866775     0.0739  28.871091     5.6091     5.5409    -0.0079    98.6378 1.0000e-12  -63.47126  -61.78567 326.823172      99.98 1.8418e+03   1759.031      42218  1029.0719  1029.0716    34.5229    34.5232    8.02249         45 0.0000e+00
    284.000    281.054     0.0623  28.859967     0.0800  28.876467     5.6079     5.5486    -0.0077    98.6336 1.0000e-12  -63.47126  -61.78567 326.823198      99.98 1.8438e+03   1761.263      42271  1029.0670  1029.0669    34.5221    34.5240    8.02394         43 0.0000e+00
    283.000    280.064     0.0595  28.857704     0.0585  28.854589     5.5940     5.5590    -0.0027    98.6247 1.0000e-12  -63.47126  -61.78568 326.823226      99.98 1.8359e+03   1763.730      42331  1029.0630  1029.0606    34.5229    34.5199    8.02450         39 0.0000e+00
    282.000    279.076     0.0392  28.836771     0.0386  28.834939     5.6300     5.5774    -0.0146    98.6457 1.0000e-12  -63.47126  -61.78566 326.823287      99.98 1.8418e+03   1768.975      42456  1029.0561  1029.0549    34.5186    34.5169    8.02897         38 0.0000e+00
    281.000    278.087     0.0441  28.840762     0.0450  28.840157     5.6323     5.5807    -0.0136    98.6357 1.0000e-12  -63.47126  -61.78568 326.823305      99.98 1.8327e+03   1770.512      42493  1029.0512  1029.0498    34.5190    34.5172    8.02793         31 0.0000e+00
    280.000    277.098     0.0414  28.837932     0.0415  28.836726     5.6187     5.5800     0.0014    98.6135 1.0000e-12  -63.47126  -61.78568 326.823319      99.98 1.8336e+03   1771.798      42524  1029.0466  1029.0453    34.5189    34.5172    8.02850         33 0.0000e+00
    279.000    276.109     0.0409  28.837002     0.0413  28.836435     5.6157     5.5768    -0.0049    98.5981 1.0000e-12  -63.47126  -61.78567 326.823347      99.98 1.8415e+03   1774.170      42581  1029.0418  1029.0408    34.5189    34.5176    8.02862         43 0.0000e+00
    278.000    275.120     0.0411  28.837261     0.0411  28.836151     5.6197     5.5739    -0.0110    98.6146 1.0000e-12  -63.47127  -61.78565 326.823604      99.98 1.8296e+03   1796.370      43114  1029.0374  1029.0361    34.5195    34.5180    8.02852         46 0.0000e+00
    277.000    274.131     0.0418  28.838209     0.0426  28.837847     5.6233     5.5741    -0.0082    98.6075 1.0000e-12  -63.47130  -61.78561 326.823990      99.98 1.8408e+03   1829.719      43914  1029.0334  1029.0322    34.5206    34.5193    8.02832         41 0.0000e+00
    276.000    273.142     0.0414  28.837407     0.0419  28.836641     5.6232     5.5798    -0.0139    98.6316 1.0000e-12  -63.47130  -61.78560 326.824010      99.98 1.8467e+03   1831.472      43956  1029.0286  1029.0274    34.5205    34.5190    8.02840         41 0.0000e+00
    275.000    272.153     0.0410  28.836471     0.0393  28.833888     5.6131     5.5785    -0.0036    98.6252 1.0000e-12  -63.47130  -61.78561 326.824035      99.98 1.8428e+03   1833.627      44008  1029.0239  1029.0228    34.5204    34.5189    8.02850         42 0.0000e+00
    274.000    271.165     0.0412  28.836710     0.0403  28.834653     5.6088     5.5813    -0.0075    98.6041 1.0000e-12  -63.47130  -61.78562 326.824053      99.98 1.8380e+03   1835.202      44046  1029.0196  1029.0183    34.5211    34.5194    8.02842         34 0.0000e+00
    273.000    270.175     0.0399  28.835048     0.0405  28.834434     5.6235     5.5755    -0.0118    98.6106 1.0000e-12  -63.47130  -61.78562 326.824069      99.98 1.8380e+03   1836.596      44079  1029.0149  1029.0137    34.5209    34.5195    8.02869         33 0.0000e+00
    272.000    269.187     0.0409  28.835362     0.0439  28.837131     5.6205     5.5775    -0.0089    98.6197 1.0000e-12  -63.47130  -61.78562 326.824085      99.98 1.8407e+03   1837.907      44111  1029.0099  1029.0089    34.5208    34.5199    8.02849         30 0.0000e+00
    271.000    268.197     0.0371  28.831349     0.0398  28.832634     5.6193     5.5801    -0.0052    98.6085 1.0000e-12  -63.47130  -61.78562 326.824099      99.98 1.8430e+03   1839.135      44140  1029.0052  1029.0039    34.5205    34.5191    8.02932         29 0.0000e+00
    270.000    267.208     0.0397  28.833266     0.0390  28.831242     5.6140     5.5781    -0.0094    98.6174 1.0000e-12  -63.47130  -61.78562 326.824113      99.98 1.8440e+03   1840.392      44170  1029.0004  1028.9990    34.5206    34.5188    8.02876         33 0.0000e+00
    269.000    266.219     0.0377  28.830540     0.0413  28.833092     5.6280     5.5774    -0.0157    98.6024 1.0000e-12  -63.47130  -61.78562 326.824138      99.98 1.8440e+03   1842.519      44221  1028.9952  1028.9944    34.5199    34.5192    8.02922         36 0.0000e+00
    268.000    265.230     0.0301  28.822419     0.0435  28.834753     5.6255     5.5816    -0.0082    98.5945 1.0000e-12  -63.47130  -61.78562 326.824172      99.98 1.8413e+03   1845.490      44293  1028.9898  1028.9897    34.5183    34.5195    8.03091         33 0.0000e+00
    267.000    264.241     0.0423  28.834046     0.0433  28.833911     5.6393     5.5953    -0.0063    98.6089 1.0000e-12  -63.47130  -61.78562 326.824184      99.98 1.8366e+03   1846.504      44317  1028.9858  1028.9847    34.5205    34.5192    8.02821         22 0.0000e+00
    266.000    263.252     0.0367  28.827520     0.0296  28.818885     5.6553     5.6008    -0.0062    98.6304 1.0000e-12  -63.47130  -61.78562 326.824194      99.98 1.8352e+03   1847.340      44337  1028.9802  1028.9781    34.5189    34.5154    8.02950         20 0.0000e+00
    265.000    262.263     0.0252  28.815493     0.0169  28.805718     5.6454     5.6007    -0.0073    98.6285 1.0000e-12  -63.47130  -61.78562 326.824204      99.98 1.8366e+03   1848.203      44358  1028.9745  1028.9724    34.5164    34.5128    8.03203         22 0.0000e+00
    264.000    261.273     0.0233  28.813091     0.0205  28.808995     5.6516     5.5975    -0.0089    98.6148 1.0000e-12  -63.47130  -61.78562 326.824220      99.98 1.8466e+03   1849.621      44392  1028.9695  1028.9679    34.5161    34.5137    8.03246         40 0.0000e+00
    263.000    260.286     0.0047  28.793386     0.0157  28.803185     5.6711     5.6047    -0.0010    98.6049 1.0000e-12  -63.47130  -61.78561 326.824254      99.98 1.8507e+03   1852.552      44462  1028.9626  1028.9621    34.5115    34.5121    8.03661         41 0.0000e+00
    262.000    259.295     0.0088  28.797548     0.0091  28.796709     5.6659     5.6163    -0.0118    98.6035 1.0000e-12  -63.47130  -61.78562 326.824273      99.98 1.8421e+03   1854.148      44501  1028.9585  1028.9574    34.5130    34.5115    8.03567         33 0.0000e+00
    261.000    258.306     0.0088  28.796749     0.0079  28.794700     5.6642     5.6128    -0.0077    98.6041 1.0000e-12  -63.47130  -61.78562 326.824287      99.98 1.8387e+03   1855.424      44531  1028.9534  1028.9521    34.5125    34.5108    8.03569         26 0.0000e+00
    260.000    257.318     0.0062  28.793775     0.0057  28.792284     5.6670     5.6166     0.0004    98.5840 1.0000e-12  -63.47130  -61.78562 326.824301      99.98 1.8401e+03   1856.642      44560  1028.9485  1028.9474    34.5121    34.5106    8.03626         28 0.0000e+00
    259.000    256.329     0.0095  28.795842     0.0080  28.793583     5.6653     5.6166    -0.0060    98.5892 1.0000e-12  -63.47130  -61.78562 326.824315      99.98 1.8441e+03   1857.775      44588  1028.9431  1028.9422    34.5117    34.5104    8.03559         26 0.0000e+00
    258.000    255.340     0.0098  28.795004     0.0083  28.793128     5.6579     5.6108    -0.0063    98.5993 1.0000e-12  -63.47130  -61.78562 326.824327      99.98 1.8471e+03   1858.870      44614  1028.9377  1028.9371    34.5109    34.5101    8.03558         27 0.0000e+00
    257.000    254.351     0.0082  28.793381     0.0073  28.791369     5.6683     5.6149    -0.0053    98.5706 1.0000e-12  -63.47130  -61.78562 326.824341      99.98 1.8463e+03   1860.096      44643  1028.9332  1028.9319    34.5112    34.5094    8.03590         33 0.0000e+00
    256.000    253.361     0.0011  28.784963     0.0047  28.787798     5.6862     5.6199    -0.0004    98.5941 1.0000e-12  -63.47130  -61.78561 326.824364      99.98 1.8450e+03   1862.066      44691  1028.9270  1028.9264    34.5086    34.5083    8.03752         37 0.0000e+00
    255.000    252.373    -0.0005  28.781848     0.0016  28.783524     5.6583     5.6138     0.0087    98.6107 1.0000e-12  -63.47130  -61.78560 326.824395      99.98 1.8481e+03   1864.729      44754  1028.9209  1028.9205    34.5069    34.5067    8.03796         32 0.0000e+00
    254.000    251.382     0.0048  28.786820     0.0046  28.785728     5.6554     5.6135     0.0000    98.6025 1.0000e-12  -63.47130  -61.78561 326.824407      99.98 1.8424e+03   1865.804      44780  1028.9166  1028.9156    34.5081    34.5068    8.03678         22 0.0000e+00
    253.000    250.395     0.0154  28.795309     0.0198  28.798036     5.6576     5.6179    -0.0062    98.6102 1.0000e-12  -63.47130  -61.78562 326.824417      99.98 1.8361e+03   1866.644      44800  1028.9108  1028.9094    34.5080    34.5067    8.03456         20 0.0000e+00
    252.000    249.404     0.0196  28.798513     0.0148  28.792689     5.6637     5.6140    -0.0132    98.6009 1.0000e-12  -63.47130  -61.78562 326.824427      99.98 1.8324e+03   1867.513      44821  1028.9058  1028.9045    34.5081    34.5058    8.03367         23 0.0000e+00
    251.000    248.416     0.0143  28.793083     0.0105  28.788591     5.6583     5.6131    -0.0022    98.5821 1.0000e-12  -63.47130  -61.78561 326.824441      99.98 1.8370e+03   1868.705      44850  1028.9011  1028.9002    34.5075    34.5058    8.03482         37 0.0000e+00
    250.000    247.428     0.0152  28.792956     0.0148  28.791700     5.6829     5.6250     0.0044    98.6009 1.0000e-12  -63.47130  -61.78560 326.824462      99.98 1.8518e+03   1870.534      44894  1028.8958  1028.8949    34.5069    34.5056    8.03466         33 0.0000e+00
    249.000    246.437    -0.0094  28.769100     0.0013  28.778092     5.6947     5.6398     0.0102    98.6030 1.0000e-12  -63.47130  -61.78560 326.824481      99.98 1.8528e+03   1872.137      44932  1028.8905  1028.8896    34.5036    34.5035    8.04000         38 0.0000e+00
    248.000    245.448    -0.0066  28.771690    -0.0068  28.770071     5.7104     5.6392     0.0045    98.5784 1.0000e-12  -63.47130  -61.78559 326.824503      99.98 1.8415e+03   1874.078      44979  1028.8862  1028.8848    34.5045    34.5026    8.03938         43 0.0000e+00
    247.000    244.461    -0.0283  28.749718    -0.0075  28.768485     5.7300     5.6731     0.0073    98.5909 1.0000e-12  -63.47130  -61.78561 326.824525      99.98 1.8379e+03   1876.000      45025  1028.8799  1028.8794    34.5004    34.5019    8.04415         33 0.0000e+00
    246.000    243.471    -0.0416  28.736979    -0.0428  28.733719     5.7524     5.6847     0.0002    98.5912 1.0000e-12  -63.47130  -61.78560 326.824539      99.98 1.8449e+03   1877.189      45054  1028.8751  1028.8730    34.4991    34.4962    8.04703         26 0.0000e+00
    245.000    242.481    -0.0536  28.724539    -0.0626  28.715124     5.7602     5.6953    -0.0030    98.5968 1.0000e-12  -63.47130  -61.78560 326.824551      99.98 1.8500e+03   1878.244      45079  1028.8694  1028.8684    34.4968    34.4944    8.04969         25 0.0000e+00
    244.000    241.493    -0.0599  28.718096    -0.0652  28.711995     5.7877     5.7048    -0.0058    98.5813 1.0000e-12  -63.47130  -61.78560 326.824564      99.98 1.8506e+03   1879.330      45105  1028.8643  1028.8631    34.4959    34.4938    8.05106         27 0.0000e+00
    243.000    240.503    -0.0743  28.703933    -0.0750  28.701698     5.7829     5.7041    -0.0059    98.5855 1.0000e-12  -63.47130  -61.78559 326.824577      99.98 1.8478e+03   1880.481      45133  1028.8590  1028.8574    34.4939    34.4917    8.05420         29 0.0000e+00
    242.000    239.514    -0.0748  28.702943    -0.0704  28.706803     5.7764     5.7038    -0.0115    98.5576 1.0000e-12  -63.47130  -61.78559 326.824593      99.98 1.8457e+03   1881.800      45164  1028.8539  1028.8537    34.4938    34.4939    8.05431         36 0.0000e+00
    241.000    238.524    -0.0948  28.682558    -0.0740  28.702801     5.9033     5.7337    -0.0050    98.5547 1.0000e-12  -63.47130  -61.78559 326.824615      99.98 1.8453e+03   1883.730      45211  1028.8475  1028.8486    34.4898    34.4933    8.05874         47 0.0000e+00
    240.000    237.535    -0.2102  28.572918    -0.1170  28.660486     5.9128     5.8258    -0.0053    98.5196 1.0000e-12  -63.47130  -61.78560 326.824640      99.98 1.8378e+03   1885.897      45263  1028.8398  1028.8413    34.4749    34.4862    8.08398         37 0.0000e+00
    239.000    236.547    -0.1441  28.633481    -0.1770  28.598860     5.9996     5.8846     0.0019    98.5340 1.0000e-12  -63.47130  -61.78562 326.824655      99.98 1.8340e+03   1887.164      45293  1028.8342  1028.8304    34.4815    34.4725    8.06963         26 0.0000e+00
    238.000    235.556    -0.2536  28.529572    -0.2681  28.514759     5.9713     5.8887     0.0008    98.5206 1.0000e-12  -63.47130  -61.78562 326.824667      99.98 1.8399e+03   1888.209      45318  1028.8268  1028.8257    34.4672    34.4639    8.09361         25 0.0000e+00
    237.000    234.569    -0.2597  28.523624    -0.2616  28.523784     5.9906     5.8771     0.0011    98.5013 1.0000e-12  -63.47130  -61.78562 326.824680      99.98 1.8480e+03   1889.327      45345  1028.8217  1028.8239    34.4668    34.4692    8.09493         29 0.0000e+00
    236.000    233.578    -0.2412  28.540222    -0.2434  28.538097     6.0058     5.8796    -0.0050    98.5006 1.0000e-12  -63.47130  -61.78561 326.824695      99.98 1.8503e+03   1890.661      45377  1028.8162  1028.8164    34.4687    34.4683    8.09090         35 0.0000e+00
    235.000    232.590    -0.2816  28.502146    -0.2409  28.539578     6.0144     5.9018     0.0047    98.5028 1.0000e-12  -63.47130  -61.78560 326.824712      99.98 1.8425e+03   1892.112      45412  1028.8105  1028.8107    34.4641    34.4681    8.09973         35 0.0000e+00
