NBP2113_155081_ctd/data/nbp2113_009.cnv
* Sea-Bird SBE 9 Data File:
* FileName = D:\Data\raw\NBP2113_009.hex
* Software Version Seasave V 7.26.7.121
* Temperature SN = 2438
* Conductivity SN = 2067
* Number of Bytes Per Scan = 40
* Number of Voltage Words = 5
* Number of Scans Averaged by the Deck Unit = 1
* NMEA Latitude = 64 41.94 S
* NMEA Longitude = 065 01.96 W
* NMEA UTC (Time) = Nov 25 2021  18:20:06
* NMEA baud rate = 9600
** Ship: RVIB N.B. Palmer
** Cruise: NBP2113 LTER
** Station: 600.080
** Operator: S. Blackman
# nquan = 25
# nvalues = 200                         
# units = specified
# name 0 = prDM: Pressure, Digiquartz [db]
# name 1 = depSM: Depth [salt water, m]
# name 2 = t090C: Temperature [ITS-90, deg C]
# name 3 = c0mS/cm: Conductivity [mS/cm]
# name 4 = t190C: Temperature, 2 [ITS-90, deg C]
# name 5 = c1mS/cm: Conductivity, 2 [mS/cm]
# name 6 = sbeox0ML/L: Oxygen, SBE 43 [ml/l]
# name 7 = sbeox1ML/L: Oxygen, SBE 43, 2 [ml/l]
# name 8 = flECO-AFL: Fluorescence, WET Labs ECO-AFL/FL [mg/m^3]
# name 9 = CStarTr0: Beam Transmission, WET Labs C-Star [%]
# name 10 = par: PAR/Irradiance, Biospherical/Licor
# name 11 = latitude: Latitude [deg]
# name 12 = longitude: Longitude [deg]
# name 13 = timeJ: Julian Days
# name 14 = altM: Altimeter [m]
# name 15 = spar: SPAR, Biospherical/Licor
# name 16 = timeS: Time, Elapsed [seconds]
# name 17 = scan: Scan Count
# name 18 = density00: Density [density, kg/m^3]
# name 19 = density11: Density, 2 [density, kg/m^3]
# name 20 = sal00: Salinity, Practical [PSU]
# name 21 = sal11: Salinity, Practical, 2 [PSU]
# name 22 = oxsolML/L: Oxygen Saturation, Garcia & Gordon [ml/l]
# name 23 = nbin: number of scans per bin
# name 24 = flag: flag
# span 0 =      1.000,    102.000       
# span 1 =      0.989,    100.988       
# span 2 =    -0.4511,    -0.1387       
# span 3 =  28.038343,  28.441224       
# span 4 =    -0.4503,    -0.1355       
# span 5 =  28.036996,  28.437597       
# span 6 =     6.2828,     8.2505       
# span 7 =     6.3085,     8.1556       
# span 8 =     0.1313,     1.7078       
# span 9 =    88.6214,    97.0784       
# span 10 = 1.0111e-01, 6.8748e+02      
# span 11 =  -64.69916,  -64.69886      
# span 12 =  -65.03373,  -65.03271      
# span 13 = 329.767751, 329.774605      
# span 14 =       1.22,     100.31      
# span 15 = 4.6709e+02, 5.6920e+02      
# span 16 =    327.705,    919.860      
# span 17 =       7866,      22078      
# span 18 =  1027.3171,  1028.0321      
# span 19 =  1027.3073,  1028.0266      
# span 20 =    33.9997,    34.3028      
# span 21 =    33.9935,    34.2960      
# span 22 =    8.07863,    8.15457      
# span 23 =          7,         49      
# span 24 = 0.0000e+00, 0.0000e+00      
# interval = decibars: 1                
# start_time = Nov 25 2021 18:20:06 [NMEA time, header]
# bad_flag = -9.990e-29
*END*
[from data line 116]
     84.000     83.161    -0.4131  28.108994    -0.4135  28.106961     7.2362     7.0447     0.3141    96.3849 3.1654e-01  -64.69914  -65.03278 329.771828      99.98 5.6409e+02    679.965      16320  1027.8649  1027.8632    34.1786    34.1764    8.14412         40 0.0000e+00
     83.000     82.172    -0.4283  28.081831    -0.4264  28.083127     7.3550     7.1345     0.3338    96.2434 3.3323e-01  -64.69912  -65.03278 329.771844      99.97 5.6412e+02    681.353      16353  1027.8460  1027.8456    34.1598    34.1595    8.14844         31 0.0000e+00
     82.000     81.182    -0.4369  28.061364    -0.4356  28.061972     7.3821     7.1657     0.3855    95.9389 3.5092e-01  -64.69913  -65.03277 329.771860      99.98 5.6412e+02    682.693      16386  1027.8279  1027.8274    34.1427    34.1421    8.15128         36 0.0000e+00
     81.000     80.192    -0.4335  28.065793    -0.4336  28.063644     7.3950     7.2092     0.4613    95.9079 3.7845e-01  -64.69914  -65.03276 329.771919      99.98 5.6295e+02    687.766      16507  1027.8247  1027.8225    34.1454    34.1426    8.15039         37 0.0000e+00
     80.000     79.201    -0.4337  28.054970    -0.4331  28.054767     7.5086     7.3093     0.3885    95.8958 4.0612e-01  -64.69914  -65.03276 329.771954      99.97 5.6235e+02    690.867      16582  1027.8088  1027.8081    34.1317    34.1308    8.15122         29 0.0000e+00
     79.000     78.212    -0.4283  28.046751    -0.4284  28.046010     7.5138     7.3348     0.4615    95.5686 4.3136e-01  -64.69914  -65.03276 329.771967      99.97 5.6236e+02    691.992      16609  1027.7904  1027.7896    34.1153    34.1144    8.15101         31 0.0000e+00
     78.000     77.223    -0.4291  28.050433    -0.4274  28.046529     7.4788     7.3316     0.5407    95.4177 4.5693e-01  -64.69914  -65.03276 329.772006      99.98 5.6236e+02    695.342      16689  1027.7908  1027.7849    34.1217    34.1146    8.15081         38 0.0000e+00
     77.000     76.233    -0.4286  28.048234    -0.4266  28.045796     7.5398     7.3852     0.4994    95.5544 4.9126e-01  -64.69914  -65.03276 329.772059      99.97 5.6236e+02    699.931      16799  1027.7836  1027.7790    34.1188    34.1133    8.15087         38 0.0000e+00
     76.000     75.243    -0.4212  28.045756    -0.4200  28.044441     7.6579     7.4462     0.5110    95.3939 5.2424e-01  -64.69914  -65.03274 329.772076      99.97 5.6236e+02    701.332      16833  1027.7694  1027.7668    34.1078    34.1047    8.14992         34 0.0000e+00
     75.000     74.254    -0.4126  28.045462    -0.4105  28.043922     7.5753     7.4445     0.5895    94.9731 5.6010e-01  -64.69914  -65.03274 329.772107      99.97 5.6192e+02    704.004      16897  1027.7564  1027.7527    34.0983    34.0939    8.14860         37 0.0000e+00
     74.000     73.263    -0.4183  28.045262    -0.4144  28.043433     7.6844     7.5105     0.5960    95.1036 6.0506e-01  -64.69914  -65.03275 329.772168      99.97 5.6052e+02    709.290      17024  1027.7576  1027.7519    34.1051    34.0983    8.14944         44 0.0000e+00
     73.000     72.273    -0.4036  28.045181    -0.4026  28.043766     7.8285     7.6090     0.5751    94.9768 6.3809e-01  -64.69914  -65.03274 329.772183      99.98 5.6060e+02    710.646      17056  1027.7388  1027.7364    34.0891    34.0860    8.14721         32 0.0000e+00
     72.000     71.284    -0.3879  28.045466    -0.3868  28.043955     7.8233     7.6391     0.6366    94.6266 6.7460e-01  -64.69914  -65.03274 329.772200      99.97 5.6039e+02    712.056      17090  1027.7195  1027.7169    34.0724    34.0692    8.14479         38 0.0000e+00
     71.000     70.292    -0.3930  28.044736    -0.3888  28.043393     7.8092     7.6445     0.6745    94.5796 7.3574e-01  -64.69915  -65.03274 329.772257      99.97 5.5835e+02    716.996      17209  1027.7198  1027.7143    34.0778    34.0713    8.14558         41 0.0000e+00
     70.000     69.303    -0.3845  28.043422    -0.3838  28.042060     7.9492     7.7199     0.6072    94.6131 7.9378e-01  -64.69914  -65.03274 329.772291      99.97 5.5706e+02    719.931      17279  1027.7058  1027.7037    34.0671    34.0645    8.14437         25 0.0000e+00
     69.000     68.313    -0.3729  28.040874    -0.3739  28.039972     7.9179     7.7294     0.6938    94.0999 8.3991e-01  -64.69914  -65.03274 329.772305      99.97 5.5707e+02    721.115      17308  1027.6875  1027.6875    34.0513    34.0512    8.14278         32 0.0000e+00
     68.000     67.325    -0.3764  28.041128    -0.3745  28.039530     7.8903     7.7214     0.8048    94.0530 9.0341e-01  -64.69916  -65.03274 329.772351      99.97 5.5620e+02    725.117      17404  1027.6872  1027.6836    34.0562    34.0519    8.14326         37 0.0000e+00
     67.000     66.333    -0.3747  28.040282    -0.3734  28.038881     7.9445     7.7603     0.7046    94.1890 9.8549e-01  -64.69915  -65.03274 329.772398      99.97 5.5496e+02    729.172      17501  1027.6804  1027.6777    34.0538    34.0505    8.14303         34 0.0000e+00
     66.000     65.343    -0.3686  28.038842    -0.3698  28.037773     7.9619     7.7775     0.7787    93.8496 1.0383e+00  -64.69914  -65.03274 329.772415      99.97 5.5413e+02    730.668      17537  1027.6686  1027.6687    34.0456    34.0455    8.14219         37 0.0000e+00
     65.000     64.353    -0.3661  28.038343    -0.3663  28.036996     7.9364     7.7857     0.8610    93.7305 1.0794e+00  -64.69916  -65.03274 329.772436      99.97 5.5355e+02    732.446      17580  1027.6614  1027.6602    34.0427    34.0412    8.14182         41 0.0000e+00
     64.000     63.363    -0.3695  28.038368    -0.3682  28.037057     7.9966     7.8200     0.8244    93.8519 1.1925e+00  -64.69914  -65.03274 329.772509      99.97 5.5117e+02    738.743      17731  1027.6606  1027.6581    34.0472    34.0440    8.14229         33 0.0000e+00
     63.000     62.375    -0.3621  28.039384    -0.3611  28.038119     8.0534     7.8486     0.7581    93.7474 1.2735e+00  -64.69914  -65.03274 329.772526      99.97 5.5002e+02    740.206      17766  1027.6502  1027.6480    34.0408    34.0381    8.14107         29 0.0000e+00
     62.000     61.384    -0.3422  28.046306    -0.3462  28.043103     8.0415     7.8556     0.8333    93.3878 1.3556e+00  -64.69914  -65.03274 329.772540      99.97 5.5002e+02    741.488      17797  1027.6341  1027.6345    34.0285    34.0286    8.13752         35 0.0000e+00
     61.000     60.395    -0.3558  28.041062    -0.3538  28.040066     8.0055     7.8711     0.9268    93.2666 1.4363e+00  -64.69914  -65.03274 329.772597      99.97 5.4822e+02    746.357      17914  1027.6376  1027.6347    34.0373    34.0337    8.13992         37 0.0000e+00
     60.000     59.405    -0.3484  28.043081    -0.3452  28.042931     8.0829     7.9012     0.8554    93.2613 1.5603e+00  -64.69914  -65.03274 329.772630      99.97 5.4646e+02    749.274      17984  1027.6284  1027.6251    34.0323    34.0285    8.13863         36 0.0000e+00
     59.000     58.414    -0.3339  28.048849    -0.3366  28.045894     8.0670     7.9016     0.9275    92.9108 1.6656e+00  -64.69914  -65.03274 329.772648      99.97 5.4645e+02    750.806      18020  1027.6162  1027.6158    34.0244    34.0235    8.13598         40 0.0000e+00
     58.000     57.425    -0.3305  28.049703    -0.3398  28.044323     8.0832     7.9156     0.9673    92.9072 1.7338e+00  -64.69914  -65.03274 329.772701      99.97 5.4475e+02    755.392      18130  1027.6099  1027.6130    34.0224    34.0255    8.13537         43 0.0000e+00
     57.000     56.434    -0.3282  28.050397    -0.3315  28.047295     8.0981     7.9304     0.9670    92.8160 1.8979e+00  -64.69914  -65.03274 329.772725      99.97 5.4473e+02    757.414      18179  1027.6042  1027.6039    34.0213    34.0208    8.13494         41 0.0000e+00
     56.000     55.445    -0.3243  28.051536    -0.3297  28.047730     8.0831     7.9297     1.0550    92.5092 2.0472e+00  -64.69914  -65.03274 329.772749      99.97 5.4288e+02    759.485      18229  1027.5974  1027.5984    34.0191    34.0200    8.13423         39 0.0000e+00
     55.000     54.454    -0.3235  28.051355    -0.3270  28.048231     8.1065     7.9462     1.1158    92.6114 2.1719e+00  -64.69914  -65.03274 329.772805      99.97 5.4216e+02    764.320      18345  1027.5923  1027.5923    34.0186    34.0183    8.13409         39 0.0000e+00
     54.000     53.465    -0.3216  28.051729    -0.3250  28.048752     8.0839     7.9578     1.0914    92.5318 2.3558e+00  -64.69914  -65.03274 329.772829      99.97 5.4120e+02    766.433      18395  1027.5866  1027.5866    34.0175    34.0174    8.13374         38 0.0000e+00
     53.000     52.474    -0.3217  28.051173    -0.3221  28.049533     8.1062     7.9554     1.0728    92.2897 2.5501e+00  -64.69914  -65.03274 329.772851      99.97 5.4095e+02    768.298      18440  1027.5818  1027.5804    34.0175    34.0158    8.13376         38 0.0000e+00
     52.000     51.485    -0.3192  28.051670    -0.3211  28.049306     8.1242     7.9746     1.1293    92.3337 2.7162e+00  -64.69914  -65.03274 329.772908      99.97 5.3792e+02    773.252      18559  1027.5758  1027.5750    34.0161    34.0150    8.13332         38 0.0000e+00
     51.000     50.495    -0.3181  28.051712    -0.3169  28.050663     8.1309     7.9794     1.0038    92.2260 2.9479e+00  -64.69914  -65.03274 329.772924      99.97 5.3769e+02    774.625      18592  1027.5705  1027.5681    34.0155    34.0127    8.13312         33 0.0000e+00
     50.000     49.505    -0.3178  28.051377    -0.3183  28.049555     8.1199     7.9827     1.1414    92.1045 3.1431e+00  -64.69915  -65.03273 329.772957      99.97 5.3673e+02    777.477      18660  1027.5656  1027.5641    34.0152    34.0134    8.13305         38 0.0000e+00
     49.000     48.515    -0.3193  28.050268    -0.3175  28.049413     8.1180     7.9914     1.1147    92.1465 3.4121e+00  -64.69914  -65.03273 329.773009      99.97 5.3406e+02    781.941      18768  1027.5616  1027.5589    34.0161    34.0129    8.13333         47 0.0000e+00
     48.000     47.526    -0.3157  28.051196    -0.3146  28.049932     8.1174     8.0052     1.1132    92.0676 3.7205e+00  -64.69914  -65.03274 329.773027      99.97 5.3415e+02    783.549      18806  1027.5548  1027.5525    34.0139    34.0110    8.13269         36 0.0000e+00
     47.000     46.534    -0.3151  28.050815    -0.3144  28.049486     8.1403     8.0040     1.1768    91.9386 3.8903e+00  -64.69915  -65.03274 329.773063      99.97 5.3203e+02    786.609      18880  1027.5496  1027.5475    34.0134    34.0107    8.13260         40 0.0000e+00
     46.000     45.545    -0.3154  28.050157    -0.3140  28.048900     8.1285     8.0146     1.1885    91.9834 4.1446e+00  -64.69916  -65.03273 329.773104      99.97 5.3062e+02    790.219      18966  1027.5449  1027.5423    34.0134    34.0102    8.13265         41 0.0000e+00
     45.000     44.555    -0.3144  28.049817    -0.3138  28.048436     8.1412     8.0102     1.1955    91.9562 4.5394e+00  -64.69916  -65.03274 329.773129      99.97 5.2891e+02    792.321      19017  1027.5393  1027.5372    34.0124    34.0099    8.13249         33 0.0000e+00
     44.000     43.564    -0.3144  28.049345    -0.3140  28.047969     8.1483     8.0111     1.3717    91.8538 4.8612e+00  -64.69916  -65.03274 329.773169      99.97 5.2746e+02    795.815      19101  1027.5345  1027.5327    34.0124    34.0102    8.13249         35 0.0000e+00
     43.000     42.574    -0.3138  28.048777    -0.3132  28.047334     8.1453     8.0228     1.3442    91.7343 5.2047e+00  -64.69916  -65.03274 329.773205      99.97 5.2543e+02    798.921      19175  1027.5290  1027.5270    34.0116    34.0090    8.13241         36 0.0000e+00
     42.000     41.585    -0.3132  28.048493    -0.3130  28.046948     8.1551     8.0268     1.3721    91.6941 5.5491e+00  -64.69916  -65.03274 329.773234      99.97 5.2440e+02    801.393      19234  1027.5239  1027.5220    34.0112    34.0088    8.13231         40 0.0000e+00
     41.000     40.596    -0.3128  28.048380    -0.3122  28.046947     8.1496     8.0272     1.5364    91.4889 6.0758e+00  -64.69916  -65.03274 329.773270      99.97 5.2250e+02    804.522      19310  1027.5191  1027.5169    34.0112    34.0085    8.13222         32 0.0000e+00
     40.000     39.603    -0.3126  28.047917    -0.3119  28.046663     8.1472     8.0268     1.5088    91.3477 6.5744e+00  -64.69916  -65.03274 329.773305      99.97 5.2088e+02    807.573      19383  1027.5141  1027.5121    34.0109    34.0085    8.13219         37 0.0000e+00
     39.000     38.615    -0.3127  28.047325    -0.3121  28.045957     8.1549     8.0318     1.5385    91.3552 6.9828e+00  -64.69916  -65.03274 329.773336      99.97 5.1953e+02    810.225      19446  1027.5093  1027.5072    34.0109    34.0083    8.13222         40 0.0000e+00
     38.000     37.623    -0.3129  28.046578    -0.3124  28.045225     8.1515     8.0337     1.3744    91.3047 7.5043e+00  -64.69916  -65.03274 329.773362      99.97 5.1801e+02    812.516      19501  1027.5045  1027.5025    34.0107    34.0083    8.13228         38 0.0000e+00
     37.000     36.636    -0.3128  28.046272    -0.3122  28.044894     8.1457     8.0372     1.3741    91.3915 8.1362e+00  -64.69916  -65.03273 329.773423      99.97 5.1464e+02    817.732      19627  1027.4997  1027.4977    34.0108    34.0083    8.13224         40 0.0000e+00
     36.000     35.645    -0.3133  28.045105    -0.3126  28.043911     8.1578     8.0426     1.3050    91.3136 8.8823e+00  -64.69916  -65.03274 329.773438      99.97 5.1471e+02    819.009      19657  1027.4946  1027.4927    34.0104    34.0080    8.13237         32 0.0000e+00
     35.000     34.655    -0.3141  28.043423    -0.3134  28.042231     8.1521     8.0478     1.3592    91.2212 9.5781e+00  -64.69916  -65.03274 329.773454      99.97 5.1322e+02    820.433      19691  1027.4893  1027.4874    34.0097    34.0073    8.13259         37 0.0000e+00
     34.000     33.666    -0.3132  28.044257    -0.3128  28.042652     8.1370     8.0407     1.4482    91.2088 1.0248e+01  -64.69916  -65.03274 329.773517      99.97 5.1038e+02    825.892      19822  1027.4851  1027.4830    34.0104    34.0078    8.13236         38 0.0000e+00
     33.000     32.675    -0.3138  28.042924    -0.3132  28.041539     8.1660     8.0443     1.3680    91.1991 1.1273e+01  -64.69916  -65.03274 329.773545      99.97 5.0947e+02    828.328      19881  1027.4799  1027.4779    34.0099    34.0073    8.13251         39 0.0000e+00
     32.000     31.685    -0.3136  28.042306    -0.3130  28.041003     8.1740     8.0473     1.4478    91.0143 1.1899e+01  -64.69916  -65.03274 329.773570      99.97 5.0769e+02    830.443      19932  1027.4748  1027.4728    34.0095    34.0070    8.13250         43 0.0000e+00
     31.000     30.694    -0.3132  28.041844    -0.3126  28.040540     8.1434     8.0499     1.5650    90.8739 1.2566e+01  -64.69916  -65.03273 329.773602      99.97 5.0732e+02    833.194      19998  1027.4696  1027.4676    34.0090    34.0065    8.13244         34 0.0000e+00
     30.000     29.704    -0.3132  28.041527    -0.3120  28.040540     8.1836     8.0681     1.4953    90.9377 1.4235e+01  -64.69916  -65.03273 329.773654      99.97 5.0479e+02    837.690      20106  1027.4650  1027.4628    34.0091    34.0066    8.13242         39 0.0000e+00
     29.000     28.714    -0.3096  28.043423    -0.3081  28.042673     8.2218     8.0850     1.4439    90.7458 1.5503e+01  -64.69916  -65.03273 329.773675      99.97 5.0405e+02    839.510      20149  1027.4593  1027.4570    34.0083    34.0056    8.13171         38 0.0000e+00
     28.000     27.725    -0.2937  28.053529    -0.2948  28.050936     8.2220     8.0918     1.5169    90.4261 1.6475e+01  -64.69916  -65.03272 329.773699      99.97 5.0226e+02    841.616      20200  1027.4504  1027.4487    34.0046    34.0024    8.12851         36 0.0000e+00
