NBP2113_155081_ctd/data/nbp2113_058.ros
* Sea-Bird SBE 9 Data File:
* FileName = D:\Data\raw\NBP2113_058.hex
* Software Version Seasave V 7.26.7.121
* Temperature SN = 2438
* Conductivity SN = 2067
* Number of Bytes Per Scan = 40
* Number of Voltage Words = 5
* Number of Scans Averaged by the Deck Unit = 1
* NMEA Latitude = 64 56.50 S
* NMEA Longitude = 064 28.63 W
* NMEA UTC (Time) = Dec 12 2021  02:31:22
* NMEA baud rate = 9600
** Ship: RVIB N.B. Palmer
** Cruise: NBP2113 LTER
** Station: 597.042
** Operator: S. Blackman
# nquan = 20
# nvalues = 479                                   
# units = specified
# name 0 = prDM: Pressure, Digiquartz [db]
# name 1 = depSM: Depth [salt water, m]
# name 2 = t090C: Temperature [ITS-90, deg C]
# name 3 = c0mS/cm: Conductivity [mS/cm]
# name 4 = t190C: Temperature, 2 [ITS-90, deg C]
# name 5 = c1mS/cm: Conductivity, 2 [mS/cm]
# name 6 = sbeox0ML/L: Oxygen, SBE 43 [ml/l]
# name 7 = sbeox1ML/L: Oxygen, SBE 43, 2 [ml/l]
# name 8 = flECO-AFL: Fluorescence, WET Labs ECO-AFL/FL [mg/m^3]
# name 9 = CStarTr0: Beam Transmission, WET Labs C-Star [%]
# name 10 = par: PAR/Irradiance, Biospherical/Licor
# name 11 = latitude: Latitude [deg]
# name 12 = longitude: Longitude [deg]
# name 13 = timeJ: Julian Days
# name 14 = altM: Altimeter [m]
# name 15 = spar: SPAR, Biospherical/Licor
# name 16 = timeS: Time, Elapsed [seconds]
# name 17 = scan: Scan Count
# name 18 = nbf: Bottles Fired
# name 19 = flag:  0.000e+00
# interval = seconds: 0.0416667
# start_time = Dec 12 2021 02:31:22 [NMEA time, header]
# bad_flag = -9.990e-29
*END*
[from data line 435]
      4.297      4.255    -0.6519  27.440212    -0.6522  27.439699     8.0880     8.1412     2.0143    80.9923 8.3310e-01  -64.94180  -64.47736 346.147416      99.93 0.0000e+00   3654.708      87714         10  0.000e+00
      4.202      4.160    -0.6519  27.439983    -0.6523  27.439308     8.0884     8.1413     2.0216    80.9665 8.2468e-01  -64.94180  -64.47736 346.147416      99.95 0.0000e+00   3654.750      87715         10  0.000e+00
      4.304      4.262    -0.6522  27.439468    -0.6522  27.438637     8.0831     8.1416     2.0216    80.9923 8.2049e-01  -64.94180  -64.47736 346.147417      99.98 0.0000e+00   3654.792      87716         10  0.000e+00
      4.202      4.160    -0.6517  27.439697    -0.6523  27.438805     8.0832     8.1415     2.0143    80.9923 8.1631e-01  -64.94180  -64.47736 346.147417      99.98 0.0000e+00   3654.833      87717         10  0.000e+00
      4.249      4.208    -0.6522  27.439468    -0.6523  27.438637     8.0880     8.1414     2.0216    80.9923 8.1214e-01  -64.94180  -64.47736 346.147418      99.95 0.0000e+00   3654.875      87718         10  0.000e+00
      4.195      4.154    -0.6520  27.439697    -0.6520  27.438637     8.0879     8.1411     2.0216    80.9665 8.0798e-01  -64.94180  -64.47736 346.147418      99.93 0.0000e+00   3654.917      87719         10  0.000e+00
      4.154      4.113    -0.6520  27.439182    -0.6523  27.438525     8.0877     8.1408     2.0216    80.9923 8.0798e-01  -64.94180  -64.47736 346.147418      99.95 0.0000e+00   3654.958      87720         10  0.000e+00
      4.249      4.208    -0.6520  27.439468    -0.6522  27.439699     8.0947     8.1403     2.0216    80.9665 8.0383e-01  -64.94180  -64.47736 346.147419      99.98 0.0000e+00   3655.000      87721         10  0.000e+00
      4.154      4.113    -0.6520  27.439468    -0.6524  27.439028     8.0924     8.1398     2.0216    80.9923 7.9969e-01  -64.94180  -64.47736 346.147419      99.98 0.0000e+00   3655.042      87722         10  0.000e+00
      4.154      4.113    -0.6519  27.439697    -0.6523  27.439196     8.0932     8.1400     2.0216    80.9923 7.9146e-01  -64.94180  -64.47736 346.147420      99.98 0.0000e+00   3655.083      87723         10  0.000e+00
      4.092      4.052    -0.6521  27.440040    -0.6524  27.438525     8.0939     8.1402     2.0216    80.9923 7.8327e-01  -64.94180  -64.47736 346.147420      99.98 0.0000e+00   3655.125      87724         10  0.000e+00
      4.154      4.113    -0.6517  27.439696    -0.6521  27.438637     8.1018     8.1403     2.0216    80.9665 7.7513e-01  -64.94180  -64.47736 346.147421      99.98 0.0000e+00   3655.167      87725         10  0.000e+00
      4.051      4.011    -0.6516  27.440211    -0.6522  27.439028     8.1094     8.1402     2.0216    80.9923 7.7107e-01  -64.94180  -64.47736 346.147421      99.95 0.0000e+00   3655.208      87726         10  0.000e+00
      4.099      4.059    -0.6519  27.439982    -0.6522  27.438916     8.1111     8.1402     2.0216    80.9923 7.6703e-01  -64.94180  -64.47736 346.147422      99.95 0.0000e+00   3655.250      87727         10  0.000e+00
      4.044      4.004    -0.6519  27.440211    -0.6523  27.438916     8.1079     8.1401     2.0216    80.9665 7.7107e-01  -64.94180  -64.47736 346.147422      99.98 0.0000e+00   3655.292      87728         10  0.000e+00
      4.051      4.011    -0.6517  27.440211    -0.6526  27.438022     8.1149     8.1400     2.0216    80.9923 7.7513e-01  -64.94180  -64.47736 346.147423      99.98 0.0000e+00   3655.333      87729         10  0.000e+00
      4.051      4.011    -0.6520  27.440497    -0.6526  27.437855     8.1114     8.1398     2.0216    80.9665 7.8327e-01  -64.94180  -64.47736 346.147423      99.95 0.0000e+00   3655.375      87730         10  0.000e+00
      4.051      4.011    -0.6522  27.439982    -0.6532  27.437464     8.1064     8.1451     2.0216    80.9665 7.9146e-01  -64.94180  -64.47736 346.147424      99.93 0.0000e+00   3655.417      87731         10  0.000e+00
      3.996      3.957    -0.6519  27.440211    -0.6532  27.436849     8.1056     8.1456     2.0216    80.9665 8.0383e-01  -64.94180  -64.47736 346.147424      99.95 0.0000e+00   3655.458      87732         10  0.000e+00
      3.989      3.950    -0.6522  27.439982    -0.6533  27.435955     8.1107     8.1460     2.0216    80.9665 8.0798e-01  -64.94180  -64.47736 346.147425      99.98 0.0000e+00   3655.500      87733         10  0.000e+00
      3.996      3.957    -0.6524  27.439696    -0.6533  27.435508     8.1112     8.1462     2.0216    80.9665 8.1631e-01  -64.94180  -64.47736 346.147425      99.98 0.0000e+00   3655.542      87734         10  0.000e+00
      3.948      3.910    -0.6522  27.439467    -0.6535  27.435005     8.1055     8.1463     2.0216    80.9665 8.1631e-01  -64.94180  -64.47736 346.147426      99.98 0.0000e+00   3655.583      87735         10  0.000e+00
      3.948      3.910    -0.6520  27.438895    -0.6535  27.434614     8.1071     8.1464     2.0216    80.9665 8.2049e-01  -64.94180  -64.47736 346.147426      99.98 0.0000e+00   3655.625      87736         10  0.000e+00
      3.948      3.910    -0.6522  27.439467    -0.6532  27.435284     8.1145     8.1462     2.0216    80.9665 8.2049e-01  -64.94180  -64.47736 346.147427      99.98 0.0000e+00   3655.667      87737         10  0.000e+00
      3.894      3.855    -0.6523  27.439524    -0.6529  27.435675     8.1145     8.1467     2.0362    80.9665 8.2049e-01  -64.94180  -64.47736 346.147427      99.93 0.0000e+00   3655.708      87738         10  0.000e+00
      3.996      3.957    -0.6525  27.439982    -0.6527  27.436290     8.1072     8.1473     2.0948    80.9408 8.2049e-01  -64.94180  -64.47736 346.147428      99.95 0.0000e+00   3655.750      87739         10  0.000e+00
      3.900      3.862    -0.6527  27.439982    -0.6529  27.436458     8.1069     8.1469     2.1168    80.9665 8.1631e-01  -64.94180  -64.47738 346.147428      99.98 0.0000e+00   3655.792      87740         10  0.000e+00
      3.900      3.862    -0.6528  27.439467    -0.6527  27.437072     8.1112     8.1463     2.1168    80.9665 8.1631e-01  -64.94180  -64.47738 346.147429      99.98 0.0000e+00   3655.833      87741         10  0.000e+00
      3.900      3.862    -0.6525  27.439467    -0.6529  27.436569     8.1106     8.1458     2.1168    80.9665 8.1631e-01  -64.94180  -64.47738 346.147429      99.95 0.0000e+00   3655.875      87742         10  0.000e+00
      3.894      3.855    -0.6528  27.438666    -0.6532  27.436737     8.1042     8.1507     2.1168    80.9665 8.1631e-01  -64.94180  -64.47738 346.147430      99.93 0.0000e+00   3655.917      87743         10  0.000e+00
      3.900      3.862    -0.6527  27.438666    -0.6527  27.436849     8.1079     8.1515     2.1168    80.9665 8.2049e-01  -64.94180  -64.47738 346.147430      99.95 0.0000e+00   3655.958      87744         10  0.000e+00
      3.948      3.910    -0.6525  27.438895    -0.6532  27.436178     8.1069     8.1471     2.1168    80.9665 8.2468e-01  -64.94180  -64.47738 346.147431      99.98 0.0000e+00   3656.000      87745         10  0.000e+00
      3.846      3.808    -0.6528  27.438666    -0.6529  27.436066     8.1043     8.1523     2.1168    80.9665 8.2889e-01  -64.94180  -64.47738 346.147431      99.98 0.0000e+00   3656.042      87746         10  0.000e+00
      3.900      3.862    -0.6530  27.438895    -0.6532  27.435675     8.0958     8.1540     2.1168    80.9665 8.3733e-01  -64.94180  -64.47738 346.147432      99.98 0.0000e+00   3656.083      87747         10  0.000e+00
      3.839      3.801    -0.6527  27.438380    -0.6529  27.436066     8.1045     8.1544     2.1168    80.9665 8.4583e-01  -64.94180  -64.47738 346.147432      99.98 0.0000e+00   3656.125      87748         10  0.000e+00
      3.900      3.862    -0.6528  27.438151    -0.6529  27.435955     8.1028     8.1550     2.1168    80.9665 8.5437e-01  -64.94180  -64.47738 346.147432      99.98 0.0000e+00   3656.167      87749         10  0.000e+00
      3.846      3.808    -0.6528  27.438380    -0.6526  27.435508     8.1020     8.1552     2.1095    80.9665 8.5866e-01  -64.94180  -64.47738 346.147433      99.95 0.0000e+00   3656.208      87750         10  0.000e+00
      3.900      3.862    -0.6533  27.438151    -0.6529  27.435787     8.0910     8.1556     2.1168    80.9665 8.5866e-01  -64.94180  -64.47738 346.147433      99.95 0.0000e+00   3656.250      87751         10  0.000e+00
      3.846      3.808    -0.6534  27.437179    -0.6531  27.435172     8.0961     8.1558     2.1168    80.9665 8.5866e-01  -64.94180  -64.47738 346.147434      99.98 0.0000e+00   3656.292      87752         10  0.000e+00
      3.894      3.855    -0.6536  27.436550    -0.6532  27.435508     8.0952     8.1559     2.1168    80.9923 8.5866e-01  -64.94180  -64.47738 346.147434      99.98 0.0000e+00   3656.333      87753         10  0.000e+00
      3.846      3.808    -0.6536  27.435806    -0.6533  27.435172     8.0883     8.1558     2.1168    81.0180 8.5866e-01  -64.94180  -64.47738 346.147435      99.95 0.0000e+00   3656.375      87754         10  0.000e+00
      3.900      3.862    -0.6540  27.435005    -0.6533  27.435284     8.0875     8.1556     2.1168    80.9923 8.5866e-01  -64.94180  -64.47738 346.147435      99.95 0.0000e+00   3656.417      87755         10  0.000e+00
      3.846      3.808    -0.6530  27.434719    -0.6535  27.434893     8.0920     8.1554     2.1168    81.0180 8.5866e-01  -64.94180  -64.47738 346.147436      99.98 0.0000e+00   3656.458      87756         10  0.000e+00
      3.900      3.862    -0.6530  27.435520    -0.6535  27.434782     8.0908     8.1550     2.1168    81.0180 8.5866e-01  -64.94180  -64.47738 346.147436      99.98 0.0000e+00   3656.500      87757         10  0.000e+00
