NBP2113_155081_ctd/data/nbp2113_018.ros
* Sea-Bird SBE 9 Data File:
* FileName = D:\Data\raw\NBP2113_018.hex
* Software Version Seasave V 7.26.7.121
* Temperature SN = 2438
* Conductivity SN = 2067
* Number of Bytes Per Scan = 40
* Number of Voltage Words = 5
* Number of Scans Averaged by the Deck Unit = 1
* NMEA Latitude = 65 50.87 S
* NMEA Longitude = 071 22.66 W
* NMEA UTC (Time) = Nov 28 2021  20:11:54
* NMEA baud rate = 9600
** Ship: RVIB N.B. Palmer
** Cruise: NBP2113 LTER
** Station: 300.200
** Operator: S. Blackman
# nquan = 20
# nvalues = 1144                                  
# units = specified
# name 0 = prDM: Pressure, Digiquartz [db]
# name 1 = depSM: Depth [salt water, m]
# name 2 = t090C: Temperature [ITS-90, deg C]
# name 3 = c0mS/cm: Conductivity [mS/cm]
# name 4 = t190C: Temperature, 2 [ITS-90, deg C]
# name 5 = c1mS/cm: Conductivity, 2 [mS/cm]
# name 6 = sbeox0ML/L: Oxygen, SBE 43 [ml/l]
# name 7 = sbeox1ML/L: Oxygen, SBE 43, 2 [ml/l]
# name 8 = flECO-AFL: Fluorescence, WET Labs ECO-AFL/FL [mg/m^3]
# name 9 = CStarTr0: Beam Transmission, WET Labs C-Star [%]
# name 10 = par: PAR/Irradiance, Biospherical/Licor
# name 11 = latitude: Latitude [deg]
# name 12 = longitude: Longitude [deg]
# name 13 = timeJ: Julian Days
# name 14 = altM: Altimeter [m]
# name 15 = spar: SPAR, Biospherical/Licor
# name 16 = timeS: Time, Elapsed [seconds]
# name 17 = scan: Scan Count
# name 18 = nbf: Bottles Fired
# name 19 = flag:  0.000e+00
# interval = seconds: 0.0416667
# start_time = Nov 28 2021 20:11:54 [NMEA time, header]
# bad_flag = -9.990e-29
*END*
[from data line 1014]
      3.354      3.321    -0.5954  27.750859    -0.5958  27.749698     8.4447     8.4194     7.8531    85.6787 1.0000e-12  -65.84752  -71.37854 332.936304      99.95 3.1732e+02   8182.625     196384         21  0.000e+00
      3.306      3.274    -0.5951  27.751031    -0.5958  27.749810     8.4581     8.4198     7.8531    85.6787 1.0000e-12  -65.84752  -71.37854 332.936304      99.98 3.1556e+02   8182.667     196385         21  0.000e+00
      3.197      3.165    -0.5956  27.751031    -0.5959  27.749698     8.4679     8.4201     7.8531    85.6787 1.0000e-12  -65.84752  -71.37854 332.936304      99.98 3.1556e+02   8182.708     196386         21  0.000e+00
      3.251      3.219    -0.5954  27.750859    -0.5959  27.749642     8.4729     8.4214     7.8531    85.6787 1.0000e-12  -65.84752  -71.37854 332.936305      99.95 3.1732e+02   8182.750     196387         21  0.000e+00
      3.156      3.125    -0.5955  27.750973    -0.5962  27.749024     8.4843     8.4163     7.8531    85.6787 1.0000e-12  -65.84752  -71.37854 332.936305      99.93 3.1732e+02   8182.792     196388         21  0.000e+00
      3.156      3.125    -0.5953  27.751031    -0.5959  27.749193     8.4936     8.4157     7.8531    85.6787 1.0000e-12  -65.84752  -71.37854 332.936306      97.70 3.1732e+02   8182.833     196389         22  0.000e+00
      3.156      3.125    -0.5952  27.751203    -0.5959  27.749361     8.5082     8.4206     7.8531    85.6787 1.0000e-12  -65.84752  -71.37854 332.936306      94.99 3.1732e+02   8182.875     196390         22  0.000e+00
      3.046      3.016    -0.5955  27.750858    -0.5959  27.749361     8.5093     8.4208     7.8531    85.6787 1.0000e-12  -65.84752  -71.37854 332.936307      94.38 3.1556e+02   8182.917     196391         22  0.000e+00
      2.998      2.969    -0.5956  27.750916    -0.5959  27.749361     8.5142     8.4156     7.8531    85.6787 1.0000e-12  -65.84752  -71.37854 332.936307      94.48 3.1556e+02   8182.958     196392         22  0.000e+00
      3.053      3.023    -0.5951  27.750801    -0.5958  27.749529     8.5114     8.4205     7.8531    85.6530 1.0000e-12  -65.84752  -71.37854 332.936308      94.58 3.1556e+02   8183.000     196393         22  0.000e+00
      2.950      2.921    -0.5955  27.750743    -0.5959  27.749024     8.5125     8.4216     7.8531    85.6530 1.0000e-12  -65.84752  -71.37854 332.936308      94.60 3.1732e+02   8183.042     196394         22  0.000e+00
      2.998      2.969    -0.5953  27.751088    -0.5965  27.748856     8.5072     8.4220     7.8531    85.6530 1.0000e-12  -65.84752  -71.37854 332.936309      94.58 3.1732e+02   8183.083     196395         22  0.000e+00
      2.903      2.874    -0.5954  27.751088    -0.5968  27.749024     8.5189     8.4222     7.8604    85.6530 1.0000e-12  -65.84752  -71.37854 332.936309      94.58 3.1556e+02   8183.125     196396         22  0.000e+00
      2.896      2.867    -0.5953  27.751202    -0.5968  27.748687     8.5211     8.4224     7.8604    85.6530 1.0000e-12  -65.84752  -71.37854 332.936310      94.60 3.1556e+02   8183.167     196397         22  0.000e+00
      2.903      2.874    -0.5951  27.750858    -0.5967  27.748743     8.5272     8.4225     7.8604    85.6530 1.0000e-12  -65.84752  -71.37854 332.936310      94.60 3.1732e+02   8183.208     196398         22  0.000e+00
      2.848      2.820    -0.5951  27.750513    -0.5968  27.748407     8.5281     8.4226     7.8604    85.6530 1.0000e-12  -65.84752  -71.37854 332.936311      94.58 3.1556e+02   8183.250     196399         22  0.000e+00
      2.848      2.820    -0.5955  27.750858    -0.5970  27.748687     8.5240     8.4227     7.8604    85.6530 1.0000e-12  -65.84752  -71.37854 332.936311      95.34 3.1556e+02   8183.292     196400         22  0.000e+00
      2.800      2.772    -0.5955  27.750800    -0.5967  27.748631     8.5121     8.4226     7.8604    85.6530 1.0000e-12  -65.84752  -71.37854 332.936312      98.75 3.1556e+02   8183.333     196401         22  0.000e+00
      2.841      2.813    -0.5957  27.750513    -0.5965  27.748911     8.5031     8.4226     7.8604    85.6530 1.0000e-12  -65.84752  -71.37854 332.936312     100.00 3.1556e+02   8183.375     196402         22  0.000e+00
      2.800      2.772    -0.5956  27.750628    -0.5967  27.749248     8.4965     8.4225     7.8604    85.6530 1.0000e-12  -65.84752  -71.37854 332.936313     100.00 3.1556e+02   8183.417     196403         22  0.000e+00
      2.745      2.718    -0.5956  27.750743    -0.5960  27.749136     8.4966     8.4223     7.8604    85.6530 1.0000e-12  -65.84752  -71.37854 332.936313     100.00 3.1556e+02   8183.458     196404         22  0.000e+00
      2.800      2.772    -0.5954  27.750513    -0.5960  27.748911     8.4992     8.4223     7.8604    85.6530 1.0000e-12  -65.84752  -71.37854 332.936314      99.98 3.1556e+02   8183.500     196405         22  0.000e+00
      2.745      2.718    -0.5955  27.750455    -0.5959  27.749023     8.5040     8.4220     7.8604    85.6530 1.0000e-12  -65.84752  -71.37854 332.936314      99.98 3.1556e+02   8183.542     196406         22  0.000e+00
      2.793      2.766    -0.5956  27.750053    -0.5960  27.749080     8.5069     8.4219     7.8604    85.6530 1.0000e-12  -65.84752  -71.37854 332.936315      99.93 3.1556e+02   8183.583     196407         22  0.000e+00
      2.745      2.718    -0.5958  27.750111    -0.5959  27.749472     8.4977     8.4216     7.8604    85.6530 1.0000e-12  -65.84752  -71.37854 332.936315      99.95 3.1556e+02   8183.625     196408         22  0.000e+00
      2.745      2.718    -0.5964  27.750226    -0.5959  27.749192     8.4843     8.4214     7.8604    85.6530 1.0000e-12  -65.84752  -71.37854 332.936316      99.98 3.1556e+02   8183.667     196409         22  0.000e+00
      2.745      2.718    -0.5959  27.750053    -0.5962  27.749079     8.4708     8.4211     7.8531    85.6530 1.0000e-12  -65.84752  -71.37854 332.936316      99.98 3.1556e+02   8183.708     196410         22  0.000e+00
      2.745      2.718    -0.5961  27.750168    -0.5964  27.748687     8.4747     8.4209     7.8604    85.6530 1.0000e-12  -65.84752  -71.37854 332.936317      99.95 3.1556e+02   8183.750     196411         22  0.000e+00
      2.698      2.671    -0.5962  27.749823    -0.5969  27.748574     8.4680     8.4206     7.8604    85.6530 1.0000e-12  -65.84752  -71.37854 332.936317      99.93 3.1556e+02   8183.792     196412         22  0.000e+00
      2.739      2.712    -0.5965  27.749709    -0.5968  27.748182     8.4450     8.4202     7.8604    85.6530 1.0000e-12  -65.84752  -71.37854 332.936318      99.95 3.1556e+02   8183.833     196413         22  0.000e+00
      2.745      2.718    -0.5964  27.749709    -0.5971  27.748070     8.4221     8.4199     7.8604    85.6530 1.0000e-12  -65.84752  -71.37854 332.936318      99.98 3.1556e+02   8183.875     196414         22  0.000e+00
      2.745      2.718    -0.5967  27.749479    -0.5973  27.748070     8.3980     8.4203     7.8604    85.6787 1.0000e-12  -65.84752  -71.37854 332.936318      99.98 3.1556e+02   8183.917     196415         22  0.000e+00
      2.746      2.718    -0.5968  27.749594    -0.5974  27.748070     8.3712     8.4199     7.8604    85.6530 1.0000e-12  -65.84752  -71.37854 332.936319      99.98 3.1556e+02   8183.958     196416         22  0.000e+00
      2.746      2.718    -0.5966  27.749479    -0.5973  27.748631     8.3419     8.4193     7.8604    85.6530 1.0000e-12  -65.84752  -71.37854 332.936319      99.98 3.1556e+02   8184.000     196417         22  0.000e+00
      2.739      2.712    -0.5965  27.749766    -0.5971  27.748855     8.3277     8.4187     7.8604    85.6787 1.0000e-12  -65.84752  -71.37854 332.936320      99.98 3.1556e+02   8184.042     196418         22  0.000e+00
      2.800      2.773    -0.5962  27.749766    -0.5967  27.749024     8.3036     8.4181     7.8604    85.6787 1.0000e-12  -65.84752  -71.37854 332.936320      99.95 3.1556e+02   8184.083     196419         22  0.000e+00
      2.746      2.718    -0.5960  27.749881    -0.5964  27.749079     8.2783     8.4183     7.8604    85.6787 1.0000e-12  -65.84752  -71.37854 332.936321      99.95 3.1556e+02   8184.125     196420         22  0.000e+00
      2.848      2.820    -0.5962  27.749766    -0.5965  27.748911     8.2581     8.4187     7.6406    85.6787 1.0000e-12  -65.84752  -71.37854 332.936321      99.98 3.1556e+02   8184.167     196421         22  0.000e+00
      2.746      2.718    -0.5964  27.749479    -0.5967  27.749023     8.2526     8.4180     7.5014    85.6787 1.0000e-12  -65.84752  -71.37854 332.936322      99.98 3.1556e+02   8184.208     196422         22  0.000e+00
      2.848      2.820    -0.5966  27.749594    -0.5968  27.749080     8.2401     8.4184     7.4795    85.6530 1.0000e-12  -65.84752  -71.37854 332.936322      99.95 3.1556e+02   8184.250     196423         22  0.000e+00
      2.841      2.813    -0.5964  27.750054    -0.5959  27.749248     8.2220     8.4185     7.4868    85.6530 1.0000e-12  -65.84752  -71.37854 332.936323      99.93 3.1556e+02   8184.292     196424         22  0.000e+00
      2.903      2.874    -0.5959  27.750226    -0.5958  27.749529     8.2031     8.4187     7.4941    85.6530 1.0000e-12  -65.84752  -71.37854 332.936323      99.95 3.1556e+02   8184.333     196425         22  0.000e+00
      2.903      2.874    -0.5958  27.749996    -0.5958  27.749416     8.1835     8.4190     7.5014    85.6787 1.0000e-12  -65.84752  -71.37854 332.936324      99.98 3.1556e+02   8184.375     196426         22  0.000e+00
      2.903      2.874    -0.5961  27.750111    -0.5960  27.749529     8.1560     8.4193     7.5014    85.6530 1.0000e-12  -65.84752  -71.37854 332.936324      99.98 3.1556e+02   8184.417     196427         22  0.000e+00
      2.999      2.969    -0.5959  27.750399    -0.5964  27.749192     8.1367     8.4188     7.4941    85.6787 1.0000e-12  -65.84752  -71.37854 332.936325      99.98 3.1556e+02   8184.458     196428         22  0.000e+00
      2.944      2.915    -0.5960  27.750284    -0.5962  27.749473     8.1251     8.4180     7.4941    85.6530 1.0000e-12  -65.84752  -71.37854 332.936325      99.98 3.1556e+02   8184.500     196429         22  0.000e+00
      3.054      3.024    -0.5959  27.750226    -0.5964  27.749192     8.0982     8.4175     7.4941    85.6787 1.0000e-12  -65.84752  -71.37854 332.936326      99.98 3.1556e+02   8184.542     196430         23  0.000e+00
      2.999      2.969    -0.5959  27.750226    -0.5964  27.749080     8.0764     8.4176     7.4941    85.6787 1.0000e-12  -65.84752  -71.37854 332.936326      99.93 3.1556e+02   8184.583     196431         23  0.000e+00
      3.156      3.125    -0.5960  27.750399    -0.5967  27.748912     8.0601     8.4171     7.4941    85.6787 1.0000e-12  -65.84752  -71.37854 332.936327      99.95 3.1556e+02   8184.625     196432         23  0.000e+00
      3.054      3.024    -0.5962  27.750284    -0.5970  27.748856     8.0517     8.4171     7.4941    85.8075 1.0000e-12  -65.84752  -71.37854 332.936327      99.98 3.1556e+02   8184.667     196433         23  0.000e+00
      3.150      3.118    -0.5965  27.749997    -0.5971  27.748632     8.0426     8.4174     7.4941    86.1680 1.0000e-12  -65.84752  -71.37854 332.936328      99.98 3.1556e+02   8184.708     196434         23  0.000e+00
      3.156      3.125    -0.5966  27.749537    -0.5974  27.748351     8.0417     8.4176     7.4941    86.2967 1.0000e-12  -65.84752  -71.37854 332.936328      99.95 3.1556e+02   8184.750     196435         23  0.000e+00
      3.252      3.220    -0.5972  27.749423    -0.5977  27.748464     8.0373     8.4179     7.4941    86.2967 1.0000e-12  -65.84752  -71.37854 332.936329      99.93 3.1556e+02   8184.792     196436         23  0.000e+00
      3.204      3.173    -0.5975  27.748791    -0.5977  27.748183     8.0410     8.4170     7.4941    86.2710 1.0000e-12  -65.84752  -71.37854 332.936329      99.95 3.1556e+02   8184.833     196437         23  0.000e+00
      3.252      3.220    -0.5977  27.748963    -0.5979  27.748239     8.0412     8.4163     7.4941    86.2710 1.0000e-12  -65.84752  -71.37854 332.936330      99.95 3.1556e+02   8184.875     196438         23  0.000e+00
      3.300      3.268    -0.5970  27.749136    -0.5976  27.748296     8.0436     8.4163     7.4941    86.2710 1.0000e-12  -65.84752  -71.37854 332.936330      99.98 3.1556e+02   8184.917     196439         23  0.000e+00
      3.307      3.274    -0.5967  27.748734    -0.5976  27.748688     8.0456     8.4163     7.4941    86.2710 1.0000e-12  -65.84752  -71.37854 332.936331      99.98 3.1556e+02   8184.958     196440         23  0.000e+00
      3.410      3.376    -0.5958  27.748791    -0.5976  27.748632     8.0544     8.4156     7.4941    86.2710 1.0000e-12  -65.84752  -71.37854 332.936331      99.98 3.1556e+02   8185.000     196441         23  0.000e+00
      3.307      3.274    -0.5961  27.749078    -0.5977  27.748352     8.0582     8.4155     7.4941    86.2710 1.0000e-12  -65.84752  -71.37854 332.936332      99.98 3.1556e+02   8185.042     196442         23  0.000e+00
      3.458      3.423    -0.5968  27.748964    -0.5977  27.748464     8.0632     8.4157     7.4941    86.2710 1.0000e-12  -65.84752  -71.37854 332.936332      99.95 3.1556e+02   8185.083     196443         23  0.000e+00
      3.355      3.322    -0.5972  27.748906    -0.5976  27.748352     8.0848     8.4156     7.4941    86.2710 1.0000e-12  -65.84752  -71.37854 332.936332      99.95 3.1556e+02   8185.125     196444         23  0.000e+00
      3.451      3.417    -0.5973  27.748906    -0.5981  27.748128     8.1023     8.4158     7.4941    86.2710 1.0000e-12  -65.84752  -71.37854 332.936333      99.98 3.1556e+02   8185.167     196445         23  0.000e+00
      3.458      3.424    -0.5973  27.748906    -0.5983  27.747847     8.1160     8.4159     7.4941    86.2710 1.0000e-12  -65.84752  -71.37854 332.936333      99.98 3.1556e+02   8185.208     196446         23  0.000e+00
      3.410      3.376    -0.5977  27.749079    -0.5987  27.747791     8.1259     8.4159     7.3622    86.2710 1.0000e-12  -65.84752  -71.37854 332.936334      99.95 3.1556e+02   8185.250     196447         23  0.000e+00
      3.458      3.424    -0.5976  27.748562    -0.5985  27.747567     8.1469     8.4159     7.1718    86.2710 1.0000e-12  -65.84752  -71.37854 332.936334      99.95 3.1556e+02   8185.292     196448         23  0.000e+00
      3.458      3.424    -0.5978  27.748389    -0.5985  27.747679     8.1628     8.4159     7.1205    86.2710 1.0000e-12  -65.84752  -71.37854 332.936335      99.95 3.1556e+02   8185.333     196449         23  0.000e+00
      3.499      3.464    -0.5981  27.748734    -0.5983  27.747791     8.1766     8.4159     7.1278    86.2710 1.0000e-12  -65.84752  -71.37854 332.936335      99.98 3.1556e+02   8185.375     196450         23  0.000e+00
      3.458      3.424    -0.5981  27.748504    -0.5985  27.747791     8.1894     8.4159     7.1351    86.2710 1.0000e-12  -65.84752  -71.37854 332.936336      99.98 3.1556e+02   8185.417     196451         23  0.000e+00
      3.506      3.471    -0.5982  27.748390    -0.5988  27.747567     8.2029     8.4160     7.1351    86.2710 1.0000e-12  -65.84752  -71.37854 332.936336      99.98 3.1556e+02   8185.458     196452         23  0.000e+00
      3.506      3.471    -0.5981  27.748390    -0.5988  27.747342     8.2181     8.4161     7.1351    86.0907 1.0000e-12  -65.84752  -71.37854 332.936337      99.98 3.1556e+02   8185.500     196453         23  0.000e+00
      3.506      3.471    -0.5984  27.748390    -0.5987  27.747455     8.2354     8.4160     7.1351    85.2152 1.0000e-12  -65.84752  -71.37854 332.936337      99.98 3.1556e+02   8185.542     196454         23  0.000e+00
