NBP2113_155081_ctd/data/nbp2113_056.ros
* Sea-Bird SBE 9 Data File:
* FileName = D:\Data\raw\NBP2113_056.hex
* Software Version Seasave V 7.26.7.121
* Temperature SN = 2438
* Conductivity SN = 2067
* Number of Bytes Per Scan = 40
* Number of Voltage Words = 5
* Number of Scans Averaged by the Deck Unit = 1
* NMEA Latitude = 64 53.69 S
* NMEA Longitude = 064 47.29 W
* NMEA UTC (Time) = Dec 11 2021  22:36:48
* NMEA baud rate = 9600
** Ship: RVIB N.B. Palmer
** Cruise: NBP2113 LTER
** Station: 591.057
** Operator: S. Blackman
# nquan = 20
# nvalues = 487                                   
# units = specified
# name 0 = prDM: Pressure, Digiquartz [db]
# name 1 = depSM: Depth [salt water, m]
# name 2 = t090C: Temperature [ITS-90, deg C]
# name 3 = c0mS/cm: Conductivity [mS/cm]
# name 4 = t190C: Temperature, 2 [ITS-90, deg C]
# name 5 = c1mS/cm: Conductivity, 2 [mS/cm]
# name 6 = sbeox0ML/L: Oxygen, SBE 43 [ml/l]
# name 7 = sbeox1ML/L: Oxygen, SBE 43, 2 [ml/l]
# name 8 = flECO-AFL: Fluorescence, WET Labs ECO-AFL/FL [mg/m^3]
# name 9 = CStarTr0: Beam Transmission, WET Labs C-Star [%]
# name 10 = par: PAR/Irradiance, Biospherical/Licor
# name 11 = latitude: Latitude [deg]
# name 12 = longitude: Longitude [deg]
# name 13 = timeJ: Julian Days
# name 14 = altM: Altimeter [m]
# name 15 = spar: SPAR, Biospherical/Licor
# name 16 = timeS: Time, Elapsed [seconds]
# name 17 = scan: Scan Count
# name 18 = nbf: Bottles Fired
# name 19 = flag:  0.000e+00
# interval = seconds: 0.0416667
# start_time = Dec 11 2021 22:36:48 [NMEA time, header]
# bad_flag = -9.990e-29
*END*
[from data line 435]
      5.077      5.028    -0.4840  27.595165    -0.4993  27.578491     8.0819     8.1281     1.4941    82.8978 3.6163e+01  -64.89488  -64.78908 345.968816       1.17 1.4632e+02   2297.708      55146          9  0.000e+00
      5.125      5.075    -0.4872  27.592184    -0.5009  27.577427     8.0883     8.1280     1.4941    82.8978 3.5854e+01  -64.89488  -64.78908 345.968817       1.15 1.4632e+02   2297.750      55147          9  0.000e+00
      5.125      5.075    -0.4903  27.590408    -0.5024  27.576140     8.0856     8.1286     1.4941    82.9235 3.5547e+01  -64.89488  -64.78908 345.968817       1.15 1.4632e+02   2297.792      55148          9  0.000e+00
      5.071      5.021    -0.4929  27.588516    -0.5039  27.574293     8.0857     8.1292     1.4941    82.8978 3.5243e+01  -64.89488  -64.78908 345.968818       1.15 1.4632e+02   2297.833      55149         10  0.000e+00
      5.180      5.129    -0.4959  27.586224    -0.5045  27.573286     8.0862     8.1298     1.4941    82.9235 3.5041e+01  -64.89488  -64.78908 345.968818       1.15 1.4632e+02   2297.875      55150         10  0.000e+00
      5.125      5.075    -0.4983  27.584046    -0.5048  27.572278     8.0934     8.1301     1.4941    82.9235 3.4841e+01  -64.89488  -64.78908 345.968818       1.15 1.4632e+02   2297.917      55151         10  0.000e+00
      5.125      5.075    -0.4998  27.582785    -0.5042  27.572502     8.0902     8.1302     1.4941    82.9235 3.4741e+01  -64.89488  -64.78908 345.968819       1.15 1.4632e+02   2297.958      55152         10  0.000e+00
      5.125      5.075    -0.5009  27.582212    -0.5045  27.573286     8.0840     8.1305     1.4941    82.9235 3.4642e+01  -64.89488  -64.78908 345.968819       1.15 1.4632e+02   2298.000      55153         10  0.000e+00
      5.119      5.068    -0.5015  27.581238    -0.5044  27.573062     8.0881     8.1307     1.4941    82.9235 3.4543e+01  -64.89488  -64.78908 345.968820       1.15 1.4632e+02   2298.042      55154         10  0.000e+00
      5.125      5.075    -0.5021  27.580149    -0.5047  27.572726     8.0833     8.1311     1.4941    82.8978 3.4543e+01  -64.89488  -64.78908 345.968820       1.15 1.4632e+02   2298.083      55155         10  0.000e+00
      5.180      5.129    -0.5025  27.579404    -0.5056  27.572502     8.0816     8.1370     1.4941    82.8978 3.4543e+01  -64.89488  -64.78908 345.968821       1.15 1.4632e+02   2298.125      55156         10  0.000e+00
      5.125      5.075    -0.5029  27.578315    -0.5070  27.571719     8.0798     8.1329     1.4941    82.8978 3.4741e+01  -64.89488  -64.78908 345.968821       1.15 1.4632e+02   2298.167      55157         10  0.000e+00
      5.166      5.116    -0.5039  27.578086    -0.5069  27.570711     8.0840     8.1332     1.4941    82.9235 3.4941e+01  -64.89488  -64.78908 345.968822       1.15 1.4632e+02   2298.208      55158         10  0.000e+00
      5.180      5.129    -0.5048  27.576710    -0.5062  27.570935     8.0778     8.1333     1.4941    82.8978 3.5142e+01  -64.89488  -64.78908 345.968822       1.15 1.4632e+02   2298.250      55159         10  0.000e+00
      5.180      5.129    -0.5054  27.575449    -0.5069  27.571439     8.0833     8.1336     1.4941    82.8978 3.5445e+01  -64.89488  -64.78908 345.968823       1.15 1.4632e+02   2298.292      55160         10  0.000e+00
      5.180      5.129    -0.5062  27.574361    -0.5076  27.571495     8.0829     8.1339     1.4941    82.9235 3.5751e+01  -64.89488  -64.78908 345.968823       1.15 1.4632e+02   2298.333      55161         10  0.000e+00
      5.221      5.170    -0.5077  27.573845    -0.5079  27.570711     8.0884     8.1343     1.4941    82.8978 3.6163e+01  -64.89488  -64.78908 345.968824       1.15 1.4632e+02   2298.375      55162         10  0.000e+00
      5.180      5.129    -0.5073  27.573329    -0.5081  27.570935     8.0845     8.1345     1.4941    82.9493 3.6475e+01  -64.89488  -64.78908 345.968824       1.15 1.4632e+02   2298.417      55163         10  0.000e+00
      5.228      5.177    -0.5088  27.573043    -0.5079  27.571215     8.0841     8.1347     1.4941    82.9750 3.6895e+01  -64.89488  -64.78908 345.968825       1.15 1.4632e+02   2298.458      55164         10  0.000e+00
      5.228      5.177    -0.5091  27.573845    -0.5076  27.571215     8.0890     8.1349     1.4941    83.0008 3.7427e+01  -64.89488  -64.78908 345.968825       1.15 1.4632e+02   2298.500      55165         10  0.000e+00
      5.228      5.177    -0.5088  27.573616    -0.5071  27.571439     8.0836     8.1350     1.4941    83.0008 3.7858e+01  -64.89488  -64.78908 345.968826       1.15 1.4632e+02   2298.542      55166         10  0.000e+00
      5.221      5.170    -0.5101  27.573845    -0.5069  27.571719     8.0828     8.1342     1.4941    83.0008 3.8293e+01  -64.89488  -64.78908 345.968826       1.15 1.4632e+02   2298.583      55167         10  0.000e+00
      5.276      5.224    -0.5115  27.572527    -0.5071  27.571999     8.0763     8.1336     1.4941    83.0008 3.8734e+01  -64.89488  -64.78908 345.968827       1.15 1.4632e+02   2298.625      55168         10  0.000e+00
      5.228      5.177    -0.5135  27.570980    -0.5081  27.572279     8.0788     8.1330     1.4868    83.0008 3.9068e+01  -64.89488  -64.78908 345.968827       1.15 1.4632e+02   2298.667      55169         10  0.000e+00
      5.276      5.224    -0.5138  27.568115    -0.5082  27.572279     8.0735     8.1322     1.4795    83.0008 3.9404e+01  -64.89488  -64.78908 345.968828       1.17 1.4632e+02   2298.708      55170         10  0.000e+00
      5.269      5.217    -0.5135  27.566510    -0.5088  27.572279     8.0725     8.1324     1.4795    83.0008 3.9858e+01  -64.89488  -64.78908 345.968828       1.17 1.4632e+02   2298.750      55171         10  0.000e+00
      5.331      5.278    -0.5131  27.567313    -0.5107  27.572503     8.0656     8.1329     1.4795    83.0008 4.0201e+01  -64.89488  -64.78910 345.968829       1.17 1.4632e+02   2298.792      55172         10  0.000e+00
      5.276      5.224    -0.5129  27.567828    -0.5125  27.571216     8.0735     8.1334     1.4795    83.0008 4.0547e+01  -64.89488  -64.78910 345.968829       1.20 1.4632e+02   2298.833      55173         10  0.000e+00
      5.331      5.278    -0.5132  27.568631    -0.5150  27.569145     8.0739     8.1341     1.4795    83.0008 4.0896e+01  -64.89488  -64.78910 345.968830       1.20 1.4632e+02   2298.875      55174         10  0.000e+00
      5.324      5.272    -0.5137  27.568115    -0.5156  27.565787     8.0744     8.1346     1.4795    82.9750 4.1130e+01  -64.89488  -64.78910 345.968830       1.20 1.4632e+02   2298.917      55175         10  0.000e+00
      5.331      5.278    -0.5138  27.567313    -0.5148  27.563940     8.0749     8.1346     1.4795    83.0008 4.1366e+01  -64.89488  -64.78910 345.968831       1.17 1.4632e+02   2298.958      55176         10  0.000e+00
      5.379      5.326    -0.5137  27.567599    -0.5136  27.563660     8.0825     8.1337     1.4795    83.0008 4.1603e+01  -64.89488  -64.78910 345.968831       1.20 1.4632e+02   2299.000      55177         10  0.000e+00
      5.331      5.278    -0.5135  27.567026    -0.5128  27.564891     8.0798     8.1325     1.4795    82.9750 4.1842e+01  -64.89488  -64.78910 345.968832       1.20 1.4632e+02   2299.042      55178         10  0.000e+00
      5.331      5.278    -0.5137  27.566797    -0.5128  27.564724     8.0745     8.1325     1.4795    83.0008 4.1961e+01  -64.89488  -64.78910 345.968832       1.17 1.4632e+02   2299.083      55179         10  0.000e+00
      5.420      5.366    -0.5143  27.566511    -0.5123  27.563940     8.0783     8.1326     1.4795    83.0008 4.2081e+01  -64.89488  -64.78910 345.968832       1.17 1.4632e+02   2299.125      55180         10  0.000e+00
      5.379      5.326    -0.5147  27.566224    -0.5116  27.564220     8.0788     8.1324     1.4795    83.0008 4.2202e+01  -64.89488  -64.78910 345.968833       1.20 1.4632e+02   2299.167      55181         10  0.000e+00
      5.433      5.380    -0.5145  27.565193    -0.5116  27.564724     8.0793     8.1324     1.4795    83.0008 4.2202e+01  -64.89488  -64.78910 345.968833       1.12 1.4632e+02   2299.208      55182         10  0.000e+00
      5.379      5.326    -0.5145  27.565479    -0.5111  27.564668     8.0725     8.1322     1.4795    83.0008 4.2081e+01  -64.89488  -64.78910 345.968834       1.07 1.4632e+02   2299.250      55183         10  0.000e+00
      5.420      5.366    -0.5135  27.565193    -0.5109  27.564444     8.0759     8.1323     1.4795    83.0008 4.1961e+01  -64.89488  -64.78910 345.968834       1.05 1.4632e+02   2299.292      55184         10  0.000e+00
      5.379      5.326    -0.5129  27.565995    -0.5106  27.564724     8.0717     8.1321     1.4795    83.0265 4.1842e+01  -64.89488  -64.78910 345.968835       1.07 1.4632e+02   2299.333      55185         10  0.000e+00
      5.433      5.380    -0.5118  27.567599    -0.5104  27.565507     8.0720     8.1321     1.4795    83.0265 4.1722e+01  -64.89488  -64.78910 345.968835       1.07 1.4632e+02   2299.375      55186         10  0.000e+00
      5.481      5.427    -0.5114  27.567542    -0.5099  27.565227     8.0654     8.1321     1.4795    83.0265 4.1484e+01  -64.89488  -64.78910 345.968836       1.07 1.4632e+02   2299.417      55187         10  0.000e+00
      5.372      5.319    -0.5108  27.567542    -0.5090  27.565675     8.0676     8.1318     1.4795    83.0265 4.1248e+01  -64.89488  -64.78910 345.968836       1.07 1.4632e+02   2299.458      55188         10  0.000e+00
      5.481      5.427    -0.5095  27.568115    -0.5090  27.565507     8.0668     8.1319     1.4795    83.0265 4.1013e+01  -64.89488  -64.78910 345.968837       1.07 1.4632e+02   2299.500      55189         10  0.000e+00
      5.433      5.380    -0.5088  27.568344    -0.5094  27.566011     8.0661     8.1319     1.4795    83.0265 4.0779e+01  -64.89488  -64.78910 345.968837       1.07 1.4632e+02   2299.542      55190         10  0.000e+00
      5.481      5.427    -0.5094  27.569376    -0.5082  27.565787     8.0643     8.1317     1.4795    83.0265 4.0663e+01  -64.89488  -64.78910 345.968838       1.07 1.4632e+02   2299.583      55191         10  0.000e+00
      5.420      5.366    -0.5098  27.569376    -0.5075  27.566011     8.0638     8.1306     1.4795    83.0265 4.0431e+01  -64.89488  -64.78910 345.968838       1.07 1.4632e+02   2299.625      55192         10  0.000e+00
      5.481      5.427    -0.5088  27.569376    -0.5084  27.566235     8.0632     8.1308     1.4795    83.0265 4.0201e+01  -64.89488  -64.78910 345.968839       1.07 1.4632e+02   2299.667      55193         10  0.000e+00
      5.481      5.427    -0.5085  27.569949    -0.5087  27.567074     8.0569     8.1307     1.4795    83.0265 3.9972e+01  -64.89488  -64.78910 345.968839       1.10 1.4632e+02   2299.708      55194         10  0.000e+00
      5.481      5.427    -0.5078  27.570178    -0.5085  27.566515     8.0609     8.1307     1.4795    83.0265 3.9858e+01  -64.89488  -64.78910 345.968840       1.12 1.4632e+02   2299.750      55195         10  0.000e+00
      5.474      5.421    -0.5069  27.570464    -0.5080  27.566011     8.0677     8.1306     1.4795    83.0265 3.9744e+01  -64.89488  -64.78910 345.968840       1.12 1.4632e+02   2299.792      55196         10  0.000e+00
      5.433      5.380    -0.5069  27.570464    -0.5087  27.565787     8.0630     8.1307     1.4795    83.0265 3.9630e+01  -64.89488  -64.78910 345.968841       1.12 1.4632e+02   2299.833      55197         10  0.000e+00
