NBP2113_155081_ctd/data/nbp2113_012.ros
* Sea-Bird SBE 9 Data File:
* FileName = D:\Data\raw\NBP2113_012.hex
* Software Version Seasave V 7.26.7.121
* Temperature SN = 2438
* Conductivity SN = 2067
* Number of Bytes Per Scan = 40
* Number of Voltage Words = 5
* Number of Scans Averaged by the Deck Unit = 1
* NMEA Latitude = 64 36.38 S
* NMEA Longitude = 068 17.17 W
* NMEA UTC (Time) = Nov 26 2021  18:58:06
* NMEA baud rate = 9600
** Ship: RVIB N.B. Palmer
** Cruise: NBP2113 LTER
** Station: 500.200
** Operator: S. Blackman
# nquan = 20
# nvalues = 1148                                  
# units = specified
# name 0 = prDM: Pressure, Digiquartz [db]
# name 1 = depSM: Depth [salt water, m]
# name 2 = t090C: Temperature [ITS-90, deg C]
# name 3 = c0mS/cm: Conductivity [mS/cm]
# name 4 = t190C: Temperature, 2 [ITS-90, deg C]
# name 5 = c1mS/cm: Conductivity, 2 [mS/cm]
# name 6 = sbeox0ML/L: Oxygen, SBE 43 [ml/l]
# name 7 = sbeox1ML/L: Oxygen, SBE 43, 2 [ml/l]
# name 8 = flECO-AFL: Fluorescence, WET Labs ECO-AFL/FL [mg/m^3]
# name 9 = CStarTr0: Beam Transmission, WET Labs C-Star [%]
# name 10 = par: PAR/Irradiance, Biospherical/Licor
# name 11 = latitude: Latitude [deg]
# name 12 = longitude: Longitude [deg]
# name 13 = timeJ: Julian Days
# name 14 = altM: Altimeter [m]
# name 15 = spar: SPAR, Biospherical/Licor
# name 16 = timeS: Time, Elapsed [seconds]
# name 17 = scan: Scan Count
# name 18 = nbf: Bottles Fired
# name 19 = flag:  0.000e+00
# interval = seconds: 0.0416667
# start_time = Nov 26 2021 18:58:06 [NMEA time, header]
# bad_flag = -9.990e-29
*END*
[from data line 73]
   2719.393   2675.511     0.4561  30.350574     0.4566  30.350003     4.6296     4.6672    -0.0150    97.6781 1.0000e-12  -64.60636  -68.28626 330.834549       9.33 6.6108e+02   3819.042      91658          2  0.000e+00
   2719.408   2675.525     0.4561  30.350456     0.4568  30.349945     4.6394     4.6679    -0.0150    97.6781 1.0000e-12  -64.60636  -68.28626 330.834550       9.30 6.6108e+02   3819.083      91659          2  0.000e+00
   2719.408   2675.525     0.4561  30.350396     0.4566  30.350119     4.6335     4.6687    -0.0150    97.7038 1.0000e-12  -64.60636  -68.28626 330.834550       9.30 6.6108e+02   3819.125      91660          2  0.000e+00
   2719.458   2675.574     0.4559  30.350396     0.4568  30.350177     4.6340     4.6694    -0.0150    97.6781 1.0000e-12  -64.60636  -68.28626 330.834551       9.30 6.6108e+02   3819.167      91661          2  0.000e+00
   2719.451   2675.567     0.4561  30.350396     0.4564  30.350410     4.6311     4.6617    -0.0150    97.7038 1.0000e-12  -64.60636  -68.28626 330.834551       9.30 6.6108e+02   3819.208      91662          2  0.000e+00
   2719.458   2675.574     0.4559  30.350634     0.4568  30.350061     4.6346     4.6605    -0.0150    97.6781 1.0000e-12  -64.60636  -68.28626 330.834552       9.30 6.6108e+02   3819.250      91663          2  0.000e+00
   2719.516   2675.630     0.4561  30.350456     0.4566  30.350294     4.6350     4.6680    -0.0150    97.7038 1.0000e-12  -64.60636  -68.28626 330.834552       9.30 6.6108e+02   3819.292      91664          2  0.000e+00
   2719.458   2675.574     0.4561  30.350575     0.4566  30.350236     4.6353     4.6668    -0.0224    97.7038 1.0000e-12  -64.60636  -68.28626 330.834552       9.30 6.6108e+02   3819.333      91665          2  0.000e+00
   2719.502   2675.616     0.4561  30.350456     0.4566  30.350004     4.6264     4.6572    -0.0150    97.6781 1.0000e-12  -64.60636  -68.28626 330.834553       9.30 6.6108e+02   3819.375      91666          2  0.000e+00
   2719.574   2675.687     0.4561  30.350159     0.4566  30.350294     4.6426     4.6540    -0.0150    97.6781 1.0000e-12  -64.60636  -68.28626 330.834553       9.30 6.6108e+02   3819.417      91667          2  0.000e+00
   2719.516   2675.630     0.4559  30.350575     0.4564  30.350236     4.6367     4.6529    -0.0150    97.7038 1.0000e-12  -64.60636  -68.28626 330.834554       9.30 6.6108e+02   3819.458      91668          2  0.000e+00
   2719.574   2675.687     0.4559  30.350456     0.4568  30.350178     4.6371     4.6603    -0.0224    97.7038 1.0000e-12  -64.60636  -68.28626 330.834554       9.30 6.6108e+02   3819.500      91669          2  0.000e+00
   2719.559   2675.673     0.4561  30.350397     0.4566  30.350004     4.6281     4.6612    -0.0150    97.7038 1.0000e-12  -64.60636  -68.28626 330.834555       9.23 6.6108e+02   3819.542      91670          2  0.000e+00
   2719.631   2675.743     0.4563  30.350753     0.4566  30.350294     4.6349     4.6621    -0.0150    97.7038 1.0000e-12  -64.60636  -68.28626 330.834555       9.18 6.6108e+02   3819.583      91671          2  0.000e+00
   2719.631   2675.743     0.4562  30.350694     0.4566  30.350236     4.6354     4.6610    -0.0150    97.7038 1.0000e-12  -64.60636  -68.28626 330.834556       9.16 6.6108e+02   3819.625      91672          2  0.000e+00
   2719.631   2675.743     0.4561  30.350456     0.4564  30.350004     4.6360     4.6534    -0.0150    97.7038 1.0000e-12  -64.60636  -68.28626 330.834556       9.18 6.6108e+02   3819.667      91673          2  0.000e+00
   2719.617   2675.729     0.4559  30.350634     0.4566  30.350120     4.6365     4.6608    -0.0150    97.7038 1.0000e-12  -64.60636  -68.28626 330.834557       9.16 6.6108e+02   3819.708      91674          2  0.000e+00
   2719.682   2675.793     0.4561  30.350635     0.4568  30.350352     4.6370     4.6617    -0.0150    97.7038 1.0000e-12  -64.60636  -68.28626 330.834557       9.16 6.6108e+02   3819.750      91675          2  0.000e+00
   2719.682   2675.793     0.4559  30.350635     0.4564  30.350236     4.6376     4.6541    -0.0150    97.7038 1.0000e-12  -64.60636  -68.28626 330.834558       9.16 6.6108e+02   3819.792      91676          2  0.000e+00
   2719.682   2675.793     0.4563  30.350456     0.4566  30.350178     4.6255     4.6616    -0.0150    97.7038 1.0000e-12  -64.60636  -68.28626 330.834558       9.16 6.6108e+02   3819.833      91677          2  0.000e+00
   2719.725   2675.835     0.4561  30.350397     0.4566  30.350178     4.6324     4.6542    -0.0004    97.7038 1.0000e-12  -64.60636  -68.28626 330.834559       9.16 6.6108e+02   3819.875      91678          2  0.000e+00
   2719.740   2675.849     0.4561  30.350575     0.4566  30.350352     4.6329     4.6597    -0.0004    97.7038 1.0000e-12  -64.60636  -68.28626 330.834559       9.16 6.6108e+02   3819.917      91679          2  0.000e+00
   2719.797   2675.905     0.4561  30.350694     0.4569  30.350062     4.6334     4.6607    -0.0004    97.7038 1.0000e-12  -64.60636  -68.28626 330.834560       9.16 6.6108e+02   3819.958      91680          2  0.000e+00
   2719.797   2675.905     0.4561  30.350873     0.4564  30.350353     4.6214     4.6617    -0.0004    97.7038 1.0000e-12  -64.60636  -68.28626 330.834560       9.16 6.6108e+02   3820.000      91681          2  0.000e+00
   2719.783   2675.891     0.4561  30.350694     0.4566  30.350236     4.6314     4.6606    -0.0004    97.7038 1.0000e-12  -64.60636  -68.28626 330.834561       9.08 6.6108e+02   3820.042      91682          2  0.000e+00
   1013.565   1001.214     1.1490  30.269030     1.1497  30.269353     4.4146     4.4228    -0.0224    97.9098 1.0000e-12  -64.60634  -68.28592 330.858856     100.00 1.8281e+03   5919.167     142061          3  0.000e+00
   1013.621   1001.269     1.1494  30.269267     1.1502  30.269759     4.4143     4.4227    -0.0224    97.9098 1.0000e-12  -64.60634  -68.28592 330.858857      99.98 1.8281e+03   5919.208     142062          3  0.000e+00
   1013.621   1001.269     1.1502  30.269801     1.1509  30.270107     4.4139     4.4286    -0.0224    97.9356 1.0000e-12  -64.60634  -68.28592 330.858857      99.98 1.8281e+03   5919.250     142063          3  0.000e+00
   1013.621   1001.269     1.1505  30.270157     1.1509  30.270396     4.4153     4.4235    -0.0224    97.9356 1.0000e-12  -64.60634  -68.28592 330.858858      99.95 1.8281e+03   5919.292     142064          3  0.000e+00
   1013.565   1001.214     1.1507  30.270632     1.1514  30.270280     4.4150     4.4233    -0.0224    97.9356 1.0000e-12  -64.60634  -68.28592 330.858858      99.95 1.8281e+03   5919.333     142065          3  0.000e+00
   1013.565   1001.214     1.1508  30.270988     1.1511  30.270396     4.4148     4.4233    -0.0150    97.9098 1.0000e-12  -64.60634  -68.28592 330.858859      99.98 1.8281e+03   5919.375     142066          3  0.000e+00
   1013.621   1001.269     1.1510  30.271107     1.1515  30.270628     4.4129     4.4232    -0.0224    97.8841 1.0000e-12  -64.60634  -68.28592 330.858859      99.98 1.8281e+03   5919.417     142067          3  0.000e+00
   1013.565   1001.214     1.1513  30.270869     1.1517  30.270512     4.4126     4.4230    -0.0224    97.8841 1.0000e-12  -64.60634  -68.28592 330.858859      99.98 1.8263e+03   5919.458     142068          3  0.000e+00
   1013.621   1001.269     1.1508  30.270810     1.1514  30.270628     4.4059     4.4230    -0.0224    97.8841 1.0000e-12  -64.60634  -68.28592 330.858860      99.95 1.8263e+03   5919.500     142069          3  0.000e+00
   1013.565   1001.214     1.1510  30.270869     1.1515  30.270512     4.4040     4.4229    -0.0150    97.8841 1.0000e-12  -64.60634  -68.28592 330.858860      99.98 1.8263e+03   5919.542     142070          3  0.000e+00
   1013.621   1001.269     1.1510  30.270810     1.1517  30.270454     4.4104     4.4228    -0.0224    97.8841 1.0000e-12  -64.60634  -68.28592 330.858861      99.98 1.8263e+03   5919.583     142071          3  0.000e+00
   1013.565   1001.214     1.1513  30.270988     1.1515  30.270454     4.4120     4.4227    -0.0224    97.8841 1.0000e-12  -64.60634  -68.28592 330.858861      99.98 1.8263e+03   5919.625     142072          3  0.000e+00
   1013.565   1001.214     1.1514  30.270869     1.1513  30.270454     4.4055     4.4226    -0.0150    97.8841 1.0000e-12  -64.60634  -68.28592 330.858862      99.98 1.8263e+03   5919.667     142073          3  0.000e+00
   1013.621   1001.269     1.1510  30.270573     1.1515  30.270280     4.4105     4.4226    -0.0224    97.8841 1.0000e-12  -64.60634  -68.28592 330.858862      99.98 1.8263e+03   5919.708     142074          3  0.000e+00
   1013.565   1001.214     1.1505  30.270098     1.1513  30.270222     4.4123     4.4225    -0.0224    97.8841 1.0000e-12  -64.60634  -68.28592 330.858863     100.00 1.8263e+03   5919.750     142075          3  0.000e+00
   1013.565   1001.214     1.1504  30.269979     1.1512  30.270222     4.4060     4.4224    -0.0224    97.8841 1.0000e-12  -64.60634  -68.28592 330.858863      99.95 1.8263e+03   5919.792     142076          3  0.000e+00
   1013.621   1001.269     1.1502  30.269979     1.1513  30.270223     4.4046     4.4223    -0.0224    97.8841 1.0000e-12  -64.60634  -68.28592 330.858864      99.95 1.8263e+03   5919.833     142077          3  0.000e+00
   1013.565   1001.215     1.1496  30.269742     1.1509  30.269991     4.4098     4.4233    -0.0224    97.8841 1.0000e-12  -64.60634  -68.28592 330.858864      99.98 1.8263e+03   5919.875     142078          3  0.000e+00
   1013.565   1001.215     1.1494  30.269445     1.1508  30.269933     4.4101     4.4233    -0.0224    97.8841 1.0000e-12  -64.60634  -68.28592 330.858865     100.00 1.8263e+03   5919.917     142079          3  0.000e+00
   1013.621   1001.270     1.1496  30.269564     1.1511  30.269933     4.4104     4.4233    -0.0150    97.8841 1.0000e-12  -64.60634  -68.28592 330.858865      99.98 1.8263e+03   5919.958     142080          3  0.000e+00
   1013.565   1001.215     1.1493  30.269445     1.1506  30.269701     4.4041     4.4233    -0.0224    97.8841 1.0000e-12  -64.60634  -68.28592 330.858866      99.95 1.8263e+03   5920.000     142081          3  0.000e+00
   1013.566   1001.215     1.1491  30.268970     1.1509  30.269643     4.4111     4.4232    -0.0150    97.8841 1.0000e-12  -64.60634  -68.28592 330.858866      99.95 1.8263e+03   5920.042     142082          3  0.000e+00
   1013.621   1001.270     1.1493  30.269030     1.1508  30.269643     4.4115     4.4232    -0.0224    97.8841 1.0000e-12  -64.60634  -68.28592 330.858867      99.98 1.8263e+03   5920.083     142083          3  0.000e+00
   1013.566   1001.215     1.1491  30.269089     1.1511  30.270048     4.4054     4.4231    -0.0150    97.8841 1.0000e-12  -64.60634  -68.28592 330.858867     100.00 1.8263e+03   5920.125     142084          3  0.000e+00
   1013.614   1001.263     1.1491  30.268911     1.1511  30.270396     4.4091     4.4230    -0.0077    97.8841 1.0000e-12  -64.60634  -68.28592 330.858868      99.98 1.8263e+03   5920.167     142085          3  0.000e+00
   1013.621   1001.270     1.1490  30.268615     1.1513  30.270280     4.4095     4.4230    -0.0004    97.8841 1.0000e-12  -64.60634  -68.28592 330.858868      99.98 1.8263e+03   5920.208     142086          3  0.000e+00
   1013.621   1001.270     1.1485  30.268911     1.1513  30.270223     4.4099     4.4229    -0.0004    97.9098 1.0000e-12  -64.60634  -68.28592 330.858869      99.98 1.8263e+03   5920.250     142087          3  0.000e+00
   1013.566   1001.215     1.1488  30.268911     1.1511  30.270396     4.4103     4.4289    -0.0077    97.9098 1.0000e-12  -64.60634  -68.28592 330.858869      99.98 1.8263e+03   5920.292     142088          3  0.000e+00
   1013.621   1001.270     1.1486  30.268852     1.1514  30.270454     4.4172     4.4238    -0.0004    97.9098 1.0000e-12  -64.60634  -68.28592 330.858870      99.98 1.8263e+03   5920.333     142089          3  0.000e+00
   1013.622   1001.270     1.1490  30.268615     1.1515  30.270628     4.4209     4.4237    -0.0077    97.9098 1.0000e-12  -64.60634  -68.28592 330.858870      99.98 1.8263e+03   5920.375     142090          3  0.000e+00
   1013.622   1001.270     1.1490  30.268911     1.1515  30.270744     4.4164     4.4236    -0.0004    97.9098 1.0000e-12  -64.60634  -68.28592 330.858871     100.00 1.8263e+03   5920.417     142091          3  0.000e+00
   1013.622   1001.270     1.1486  30.269089     1.1515  30.270512     4.4103     4.4236    -0.0077    97.9098 1.0000e-12  -64.60634  -68.28592 330.858871      99.98 1.8263e+03   5920.458     142092          3  0.000e+00
   1013.677   1001.325     1.1490  30.268911     1.1514  30.270455     4.4220     4.4235    -0.0077    97.9098 1.0000e-12  -64.60634  -68.28592 330.858872      99.95 1.8263e+03   5920.500     142093          3  0.000e+00
   1013.622   1001.270     1.1490  30.269030     1.1513  30.270454     4.4192     4.4234    -0.0004    97.9098 1.0000e-12  -64.60634  -68.28592 330.858872      99.98 1.8263e+03   5920.542     142094          3  0.000e+00
   1013.677   1001.325     1.1490  30.268911     1.1514  30.270628     4.4196     4.4233    -0.0004    97.9098 1.0000e-12  -64.60634  -68.28592 330.858872     100.00 1.8263e+03   5920.583     142095          3  0.000e+00
   1013.622   1001.270     1.1490  30.269030     1.1509  30.270107     4.4135     4.4233    -0.0004    97.9098 1.0000e-12  -64.60634  -68.28592 330.858873      99.98 1.8263e+03   5920.625     142096          3  0.000e+00
   1013.678   1001.325     1.1493  30.269089     1.1502  30.269701     4.4188     4.4233    -0.0077    97.9098 1.0000e-12  -64.60634  -68.28592 330.858873      99.98 1.8263e+03   5920.667     142097          3  0.000e+00
   1013.678   1001.325     1.1494  30.269267     1.1502  30.269411     4.4193     4.4293    -0.0004    97.9098 1.0000e-12  -64.60634  -68.28592 330.858874      99.98 1.8263e+03   5920.708     142098          3  0.000e+00
   1013.678   1001.325     1.1494  30.269386     1.1497  30.268948     4.4197     4.4303    -0.0077    97.9356 1.0000e-12  -64.60634  -68.28592 330.858874      99.98 1.8263e+03   5920.750     142099          3  0.000e+00
   1013.678   1001.325     1.1496  30.269564     1.1495  30.268368     4.4202     4.4312    -0.0077    97.9098 1.0000e-12  -64.60634  -68.28592 330.858875      99.95 1.8263e+03   5920.792     142100          3  0.000e+00
   1013.726   1001.373     1.1498  30.269683     1.1491  30.268426     4.4224     4.4260    -0.0077    97.9098 1.0000e-12  -64.60634  -68.28592 330.858875      99.95 1.8281e+03   5920.833     142101          3  0.000e+00
   1013.678   1001.325     1.1499  30.269861     1.1485  30.268078     4.4229     4.4259    -0.0004    97.9098 1.0000e-12  -64.60634  -68.28592 330.858876      99.98 1.8281e+03   5920.875     142102          3  0.000e+00
   1013.726   1001.373     1.1501  30.269802     1.1488  30.268136     4.4170     4.4256    -0.0077    97.9098 1.0000e-12  -64.60634  -68.28592 330.858876      99.98 1.8281e+03   5920.917     142103          3  0.000e+00
   1013.727   1001.373     1.1502  30.270098     1.1485  30.268426     4.4207     4.4254    -0.0077    97.9098 1.0000e-12  -64.60634  -68.28592 330.858877      99.98 1.8281e+03   5920.958     142104          3  0.000e+00
   1013.727   1001.373     1.1502  30.269802     1.1488  30.268310     4.4212     4.4252    -0.0077    97.8841 1.0000e-12  -64.60634  -68.28592 330.858877      99.95 1.8281e+03   5921.000     142105          3  0.000e+00
   1013.727   1001.373     1.1502  30.270039     1.1488  30.268252     4.4153     4.4250    -0.0004    97.9098 1.0000e-12  -64.60634  -68.28592 330.858878      99.95 1.8281e+03   5921.042     142106          3  0.000e+00
