NBP2113_155081_ctd/data/nbp2113_026.cnv
* Sea-Bird SBE 9 Data File:
* FileName = D:\Data\raw\NBP2113_026.hex
* Software Version Seasave V 7.26.7.121
* Temperature SN = 2438
* Conductivity SN = 2067
* Number of Bytes Per Scan = 40
* Number of Voltage Words = 5
* Number of Scans Averaged by the Deck Unit = 1
* NMEA Latitude = 68 01.82 S
* NMEA Longitude = 069 17.18 W
* NMEA UTC (Time) = Dec 04 2021  00:09:45
* NMEA baud rate = 9600
** Ship: RVIB N.B. Palmer
** Cruise: NBP2113 LTER
** Station: 200.-040
** Operator: S. Blackman
# nquan = 25
# nvalues = 922                         
# units = specified
# name 0 = prDM: Pressure, Digiquartz [db]
# name 1 = depSM: Depth [salt water, m]
# name 2 = t090C: Temperature [ITS-90, deg C]
# name 3 = c0mS/cm: Conductivity [mS/cm]
# name 4 = t190C: Temperature, 2 [ITS-90, deg C]
# name 5 = c1mS/cm: Conductivity, 2 [mS/cm]
# name 6 = sbeox0ML/L: Oxygen, SBE 43 [ml/l]
# name 7 = sbeox1ML/L: Oxygen, SBE 43, 2 [ml/l]
# name 8 = flECO-AFL: Fluorescence, WET Labs ECO-AFL/FL [mg/m^3]
# name 9 = CStarTr0: Beam Transmission, WET Labs C-Star [%]
# name 10 = par: PAR/Irradiance, Biospherical/Licor
# name 11 = latitude: Latitude [deg]
# name 12 = longitude: Longitude [deg]
# name 13 = timeJ: Julian Days
# name 14 = altM: Altimeter [m]
# name 15 = spar: SPAR, Biospherical/Licor
# name 16 = timeS: Time, Elapsed [seconds]
# name 17 = scan: Scan Count
# name 18 = density00: Density [density, kg/m^3]
# name 19 = density11: Density, 2 [density, kg/m^3]
# name 20 = sal00: Salinity, Practical [PSU]
# name 21 = sal11: Salinity, Practical, 2 [PSU]
# name 22 = oxsolML/L: Oxygen Saturation, Garcia & Gordon [ml/l]
# name 23 = nbin: number of scans per bin
# name 24 = flag: flag
# span 0 =      1.000,    463.000       
# span 1 =      0.988,    457.853       
# span 2 =    -1.2327,     1.4052       
# span 3 =  27.181627,  30.200971       
# span 4 =    -1.2336,     1.4053       
# span 5 =  27.176603,  30.199674       
# span 6 =    -5.6839,    29.7610       
# span 7 =     4.0479,    10.4876       
# span 8 =    -0.0200,     2.4389       
# span 9 =    88.6985,    96.9098       
# span 10 = 1.0000e-12, 1.2093e+02      
# span 11 =  -68.03038,  -68.02888      
# span 12 =  -69.29210,  -69.28596      
# span 13 = 338.010309, 338.031518      
# span 14 =      -0.47,     128.98      
# span 15 = 1.1282e+02, 2.0626e+02      
# span 16 =    305.716,   2138.186      
# span 17 =       7338,      51317      
# span 18 =  1027.1737,  1029.9497      
# span 19 =  1027.1726,  1029.9485      
# span 20 =    33.7863,    34.6922      
# span 21 =    33.7847,    34.6909      
# span 22 =    7.74244,    8.34155      
# span 23 =         10,         45      
# span 24 = 0.0000e+00, 0.0000e+00      
# interval = decibars: 1                
# start_time = Dec 04 2021 00:09:45 [NMEA time, header]
# bad_flag = -9.990e-29
*END*
[from data line 174]
    178.000    176.143    -0.5694  28.010380    -0.5691  28.009492     6.5872     6.6505     0.1923    95.5842 1.0000e-12  -68.03022  -69.28620 338.014832      99.97 1.8510e+02    696.462      16716  1028.3073  1028.3061    34.1646    34.1630    8.17855         36 0.0000e+00
    179.000    177.132    -0.5697  28.010285    -0.5694  28.009403     6.5852     6.6438     0.1932    95.6097 1.0000e-12  -68.03022  -69.28620 338.014850      99.97 1.8510e+02    698.024      16754  1028.3122  1028.3109    34.1641    34.1626    8.17863         35 0.0000e+00
    180.000    178.121    -0.5682  28.012318    -0.5678  28.011193     6.5782     6.6323     0.1682    95.5957 1.0000e-12  -68.03020  -69.28620 338.014869      99.97 1.8510e+02    699.710      16794  1028.3175  1028.3159    34.1646    34.1627    8.17828         39 0.0000e+00
    181.000    179.110    -0.5669  28.014065    -0.5663  28.013371     6.5760     6.6236     0.2307    95.5916 1.0000e-12  -68.03020  -69.28622 338.014888      99.97 1.8510e+02    701.359      16834  1028.3227  1028.3214    34.1649    34.1632    8.17800         36 0.0000e+00
    182.000    180.100    -0.5654  28.016310    -0.5651  28.015390     6.5100     6.5719     0.1911    95.5966 1.0000e-12  -68.03020  -69.28622 338.014903      99.97 1.8510e+02    702.619      16864  1028.3281  1028.3268    34.1656    34.1640    8.17763         25 0.0000e+00
    183.000    181.089    -0.5574  28.026080    -0.5559  28.027179     6.4325     6.5167     0.1522    95.5331 1.0000e-12  -68.03020  -69.28622 338.014914      99.97 1.8510e+02    703.541      16886  1028.3352  1028.3349    34.1691    34.1689    8.17569         20 0.0000e+00
    184.000    182.079    -0.5125  28.074054    -0.5114  28.073686     6.3600     6.4850     0.1607    95.5009 1.0000e-12  -68.03020  -69.28622 338.014922      99.97 1.8444e+02    704.266      16903  1028.3474  1028.3460    34.1824    34.1807    8.16525         16 0.0000e+00
    185.000    183.066    -0.4888  28.098943    -0.4884  28.098340     6.3320     6.4703     0.1825    95.5916 1.0000e-12  -68.03020  -69.28622 338.014930      99.97 1.8333e+02    704.923      16919  1028.3555  1028.3544    34.1886    34.1873    8.15981         15 0.0000e+00
    186.000    184.057    -0.4771  28.111693    -0.4769  28.110395     6.3347     6.4628     0.1765    95.6396 1.0000e-12  -68.03020  -69.28622 338.014937      99.97 1.8334e+02    705.566      16935  1028.3622  1028.3607    34.1918    34.1899    8.15709         17 0.0000e+00
    187.000    185.045    -0.4572  28.133112    -0.4576  28.131438     6.3719     6.4782     0.1598    95.6165 1.0000e-12  -68.03020  -69.28624 338.014946      99.97 1.8384e+02    706.361      16954  1028.3704  1028.3689    34.1976    34.1958    8.15249         23 0.0000e+00
    188.000    186.033    -0.4560  28.134181    -0.4664  28.121483     6.2905     6.4081     0.1217    95.6000 1.0000e-12  -68.03020  -69.28626 338.014978      99.97 1.8410e+02    709.119      17020  1028.3755  1028.3720    34.1971    34.1917    8.15226         30 0.0000e+00
    189.000    187.025    -0.4009  28.193187    -0.4013  28.191504     6.2257     6.3493     0.1470    95.6175 1.0000e-12  -68.03020  -69.28626 338.014997      99.97 1.8331e+02    710.702      17058  1028.3896  1028.3882    34.2135    34.2118    8.13950         22 0.0000e+00
    190.000    188.011    -0.3905  28.204364    -0.3904  28.203095     6.2263     6.3363     0.1334    95.5419 1.0000e-12  -68.03020  -69.28626 338.015006      99.97 1.8334e+02    711.504      17077  1028.3961  1028.3946    34.2162    34.2144    8.13712         19 0.0000e+00
    191.000    189.004    -0.3863  28.209385    -0.3862  28.208279     6.2325     6.3340     0.1424    95.6107 1.0000e-12  -68.03020  -69.28624 338.015015      99.98 1.8334e+02    712.269      17095  1028.4020  1028.4006    34.2175    34.2159    8.13613         19 0.0000e+00
    192.000    189.990    -0.3783  28.218516    -0.3781  28.217592     6.2488     6.3314     0.1479    95.5779 1.0000e-12  -68.03020  -69.28626 338.015025      99.97 1.8334e+02    713.141      17116  1028.4085  1028.4073    34.2202    34.2187    8.13428         23 0.0000e+00
    193.000    190.981    -0.3818  28.214659    -0.3806  28.214831     6.2351     6.3067     0.1256    95.5991 1.0000e-12  -68.03020  -69.28627 338.015060      99.97 1.8334e+02    716.183      17189  1028.4130  1028.4119    34.2183    34.2172    8.13513         28 0.0000e+00
    194.000    191.967    -0.3636  28.234861    -0.3654  28.231733     6.1837     6.2714     0.1205    95.5682 1.0000e-12  -68.03020  -69.28628 338.015080      99.98 1.8334e+02    717.891      17230  1028.4216  1028.4199    34.2243    34.2221    8.13090         19 0.0000e+00
    195.000    192.959    -0.3525  28.246817    -0.3524  28.245733     6.1528     6.2475     0.1167    95.5894 1.0000e-12  -68.03020  -69.28628 338.015087      99.98 1.8334e+02    718.560      17246  1028.4279  1028.4266    34.2272    34.2256    8.12837         15 0.0000e+00
    196.000    193.949    -0.3478  28.252115    -0.3479  28.250948     6.1348     6.2428     0.1099    95.6469 1.0000e-12  -68.03020  -69.28628 338.015094      99.97 1.8334e+02    719.136      17260  1028.4334  1028.4322    34.2284    34.2269    8.12729         13 0.0000e+00
    197.000    194.933    -0.3442  28.256542    -0.3445  28.254999     6.1269     6.2382     0.1101    95.5302 1.0000e-12  -68.03020  -69.28628 338.015100      99.97 1.8334e+02    719.666      17273  1028.4391  1028.4377    34.2296    34.2280    8.12644         12 0.0000e+00
    198.000    195.926    -0.3298  28.272685    -0.3302  28.271045     6.1304     6.2352     0.1095    95.4983 1.0000e-12  -68.03020  -69.28628 338.015106      99.97 1.8334e+02    720.182      17285  1028.4466  1028.4453    34.2344    34.2327    8.12309         13 0.0000e+00
    199.000    196.915    -0.3125  28.290938    -0.3118  28.290438     6.1279     6.2305     0.1103    95.5895 1.0000e-12  -68.03020  -69.28628 338.015113      99.97 1.8334e+02    720.772      17300  1028.4537  1028.4524    34.2388    34.2373    8.11916         17 0.0000e+00
    200.000    197.904    -0.3265  28.276667    -0.3305  28.270857     6.1367     6.2152     0.1208    95.6181 1.0000e-12  -68.03020  -69.28630 338.015140      99.98 1.8334e+02    723.124      17356  1028.4569  1028.4547    34.2348    34.2315    8.12237         33 0.0000e+00
    201.000    198.892    -0.3210  28.282360    -0.3334  28.268708     6.0692     6.1602     0.1245    95.6223 1.0000e-12  -68.03020  -69.28632 338.015172      99.97 1.8334e+02    725.871      17422  1028.4625  1028.4599    34.2357    34.2313    8.12115         25 0.0000e+00
    202.000    199.880    -0.2950  28.312262    -0.2935  28.312401     6.0124     6.1259     0.1096    95.6424 1.0000e-12  -68.03020  -69.28633 338.015182      99.97 1.8334e+02    726.721      17442  1028.4734  1028.4720    34.2457    34.2443    8.11503         20 0.0000e+00
    203.000    200.872    -0.2586  28.349540    -0.2585  28.348691     5.9730     6.0931     0.1159    95.5932 1.0000e-12  -68.03020  -69.28634 338.015191      99.97 1.8334e+02    727.508      17461  1028.4821  1028.4810    34.2540    34.2528    8.10681         18 0.0000e+00
    204.000    201.858    -0.2427  28.367029    -0.2427  28.366072     5.9490     6.0737     0.1394    95.5911 1.0000e-12  -68.03020  -69.28634 338.015200      99.97 1.8334e+02    728.285      17480  1028.4897  1028.4886    34.2588    34.2575    8.10315         19 0.0000e+00
    205.000    202.849    -0.2222  28.388976    -0.2221  28.387815     5.9285     6.0545     0.1406    95.5934 1.0000e-12  -68.03020  -69.28634 338.015210      99.97 1.8334e+02    729.154      17501  1028.4976  1028.4963    34.2644    34.2628    8.09847         24 0.0000e+00
    206.000    203.838    -0.1961  28.415795    -0.1963  28.414572     5.9208     6.0308     0.1225    95.6311 1.0000e-12  -68.03020  -69.28634 338.015223      99.97 1.8334e+02    730.311      17528  1028.5054  1028.5043    34.2703    34.2689    8.09261         32 0.0000e+00
    207.000    204.826    -0.1812  28.431672    -0.1813  28.430626     5.9110     6.0140     0.1471    95.7210 1.0000e-12  -68.03020  -69.28633 338.015241      99.97 1.8334e+02    731.814      17565  1028.5126  1028.5117    34.2741    34.2728    8.08923         35 0.0000e+00
    208.000    205.815    -0.1719  28.442185    -0.1719  28.441217     5.8872     5.9863     0.1326    95.7027 1.0000e-12  -68.03020  -69.28634 338.015258      99.97 1.8334e+02    733.305      17600  1028.5196  1028.5185    34.2770    34.2757    8.08709         30 0.0000e+00
    209.000    206.804    -0.1543  28.461241    -0.1543  28.460011     5.8548     5.9602     0.1282    95.7202 1.0000e-12  -68.03020  -69.28635 338.015273      99.97 1.8328e+02    734.617      17632  1028.5274  1028.5260    34.2820    34.2804    8.08308         31 0.0000e+00
    210.000    207.793    -0.1372  28.479727    -0.1363  28.479414     5.8405     5.9439     0.0826    95.6439 1.0000e-12  -68.03020  -69.28636 338.015288      99.97 1.8164e+02    735.853      17661  1028.5350  1028.5337    34.2868    34.2853    8.07920         28 0.0000e+00
    211.000    208.783    -0.1302  28.487613    -0.1301  28.486393     5.7914     5.9004     0.1043    95.8001 1.0000e-12  -68.03020  -69.28636 338.015301      99.97 1.8165e+02    736.999      17689  1028.5412  1028.5398    34.2889    34.2871    8.07760         26 0.0000e+00
    212.000    209.769    -0.1236  28.495275    -0.1230  28.494629     5.6941     5.8344     0.0957    95.7655 1.0000e-12  -68.03020  -69.28637 338.015313      99.98 1.8336e+02    738.013      17713  1028.5475  1028.5462    34.2910    34.2895    8.07608         23 0.0000e+00
    213.000    210.762    -0.1031  28.517975    -0.1035  28.516450     5.5953     5.7685     0.1118    95.7169 1.0000e-12  -68.03020  -69.28638 338.015323      99.97 1.8334e+02    738.928      17735  1028.5561  1028.5548    34.2976    34.2960    8.07138         21 0.0000e+00
    214.000    211.748    -0.0745  28.547925    -0.0746  28.546582     5.5287     5.7176     0.0929    95.6710 1.0000e-12  -68.03020  -69.28638 338.015333      99.97 1.8334e+02    739.809      17756  1028.5644  1028.5631    34.3046    34.3029    8.06494         22 0.0000e+00
    215.000    212.739    -0.0508  28.572410    -0.0515  28.570343     5.5065     5.6779     0.0908    95.7206 1.0000e-12  -68.03019  -69.28638 338.015345      99.97 1.8334e+02    740.848      17781  1028.5719  1028.5704    34.3099    34.3079    8.05964         30 0.0000e+00
    216.000    213.724    -0.0321  28.589578    -0.0315  28.591325     5.5050     5.6463     0.0908    95.7556 1.0000e-12  -68.03018  -69.28639 338.015365      99.97 1.8334e+02    742.545      17822  1028.5768  1028.5780    34.3112    34.3127    8.05565         29 0.0000e+00
    217.000    214.717    -0.0178  28.606641    -0.0213  28.602611     5.4707     5.5787     0.0947    95.9092 1.0000e-12  -68.03020  -69.28640 338.015396      99.97 1.8179e+02    745.225      17886  1028.5861  1028.5853    34.3171    34.3157    8.05229         32 0.0000e+00
    218.000    215.704     0.0102  28.638048     0.0093  28.635826     5.3421     5.4660     0.0637    95.9381 1.0000e-12  -68.03020  -69.28640 338.015409      99.97 1.8079e+02    746.347      17913  1028.5966  1028.5951    34.3267    34.3248    8.04587         19 0.0000e+00
    219.000    216.695     0.0297  28.657160     0.0311  28.657420     5.1136     5.3331     0.0502    96.0316 1.0000e-12  -68.03020  -69.28640 338.015417      99.97 1.7979e+02    747.011      17929  1028.6022  1028.6012    34.3296    34.3284    8.04162         15 0.0000e+00
    220.000    217.683     0.0411  28.669993     0.0421  28.669744     4.9356     5.2370     0.0576    96.1270 1.0000e-12  -68.03020  -69.28640 338.015423      99.97 1.7981e+02    747.564      17943  1028.6091  1028.6079    34.3331    34.3318    8.03902         12 0.0000e+00
    221.000    218.671     0.0823  28.713663     0.0839  28.714500     4.8407     5.1781     0.0582    96.1351 1.0000e-12  -68.03020  -69.28640 338.015429      99.98 1.8131e+02    748.084      17955  1028.6194  1028.6186    34.3442    34.3435    8.02977         13 0.0000e+00
    222.000    219.659     0.1922  28.827403     0.1937  28.829158     4.8267     5.1677     0.0516    96.1588 1.0000e-12  -68.03020  -69.28640 338.015435      99.97 1.8158e+02    748.582      17967  1028.6361  1028.6365    34.3706    34.3712    8.00535         11 0.0000e+00
    223.000    220.649     0.2828  28.917520     0.2808  28.914188     4.9090     5.2050     0.0503    96.1390 1.0000e-12  -68.03020  -69.28640 338.015441      99.98 1.8172e+02    749.084      17979  1028.6468  1028.6452    34.3874    34.3852    7.98559         13 0.0000e+00
    224.000    221.641     0.2717  28.906303     0.2715  28.905433     5.0705     5.2569     0.0499    96.1190 1.0000e-12  -68.03020  -69.28641 338.015455      53.21 1.8209e+02    750.341      18009  1028.6510  1028.6503    34.3844    34.3834    7.98808         22 0.0000e+00
    225.000    222.628     0.0883  28.720312     0.1204  28.752587     4.7898     5.0235     0.0720    96.0576 1.0000e-12  -68.03018  -69.28642 338.015510     101.40 1.8156e+02    755.090      18123  1028.6415  1028.6440    34.3439    34.3505    8.02853         15 0.0000e+00
    226.000    223.617     0.2223  28.865008     0.2479  28.891206     4.6599     4.9463     0.0580    96.0856 1.0000e-12  -68.03018  -69.28642 338.015516      99.97 1.8158e+02    755.571      18135  1028.6665  1028.6690    34.3840    34.3899    7.99834         14 0.0000e+00
    227.000    224.605     0.3653  29.010558     0.3668  29.010720     4.5816     4.8947     0.0465    96.1265 1.0000e-12  -68.03018  -69.28640 338.015522      99.97 1.8158e+02    756.130      18148  1028.6836  1028.6826    34.4148    34.4134    7.96697         14 0.0000e+00
    228.000    225.593     0.4524  29.099822     0.4497  29.096331     4.5369     4.8506     0.0363    96.2184 1.0000e-12  -68.03019  -69.28640 338.015529      99.97 1.8158e+02    756.721      18162  1028.6967  1028.6957    34.4340    34.4324    7.94796         14 0.0000e+00
    229.000    226.584     0.4770  29.127623     0.4769  29.126472     4.5070     4.8080     0.0305    96.2693 1.0000e-12  -68.03020  -69.28640 338.015537      99.98 1.8158e+02    757.399      18179  1028.7066  1028.7057    34.4423    34.4410    7.94243         18 0.0000e+00
    230.000    227.573     0.5196  29.171424     0.5194  29.170747     4.4793     4.7482     0.0205    96.3312 1.0000e-12  -68.03018  -69.28640 338.015548      99.97 1.8158e+02    758.341      18201  1028.7159  1028.7155    34.4514    34.4508    7.93319         30 0.0000e+00
    231.000    228.561     0.5665  29.216719     0.5679  29.219656     4.4473     4.6802     0.0228    96.4331 1.0000e-12  -68.03018  -69.28643 338.015567      99.97 1.8158e+02    759.976      18240  1028.7233  1028.7250    34.4577    34.4599    7.92324         38 0.0000e+00
    232.000    229.549     0.6146  29.267944     0.6145  29.266826     4.5145     4.6712     0.0141    96.5264 1.0000e-12  -68.03018  -69.28646 338.015584      99.97 1.8158e+02    761.476      18276  1028.7353  1028.7343    34.4703    34.4689    7.91272         28 0.0000e+00
    233.000    230.538     0.6243  29.279374     0.6243  29.277895     4.5584     4.6826     0.0123    96.5431 1.0000e-12  -68.03018  -69.28646 338.015596      99.97 1.8158e+02    762.495      18301  1028.7431  1028.7416    34.4738    34.4719    7.91054         22 0.0000e+00
    234.000    231.528     0.6230  29.279314     0.6230  29.278224     4.5767     4.6898     0.0079    96.5861 1.0000e-12  -68.03018  -69.28648 338.015607      99.97 1.8158e+02    763.407      18323  1028.7494  1028.7483    34.4746    34.4732    7.91077         23 0.0000e+00
