NBP2113_155081_ctd/data/nbp2113_044.cnv
* Sea-Bird SBE 9 Data File:
* FileName = D:\Data\raw\NBP2113_044.hex
* Software Version Seasave V 7.26.7.121
* Temperature SN = 2438
* Conductivity SN = 2067
* Number of Bytes Per Scan = 40
* Number of Voltage Words = 5
* Number of Scans Averaged by the Deck Unit = 1
* NMEA Latitude = 64 55.93 S
* NMEA Longitude = 064 23.72 W
* NMEA UTC (Time) = Dec 11 2021  01:40:08
* NMEA baud rate = 9600
** Ship: RVIB N.B. Palmer
** Cruise: NBP2113 LTER
** Station: 600.040
** Operator: S. Blackman
# nquan = 25
# nvalues = 199                         
# units = specified
# name 0 = prDM: Pressure, Digiquartz [db]
# name 1 = depSM: Depth [salt water, m]
# name 2 = t090C: Temperature [ITS-90, deg C]
# name 3 = c0mS/cm: Conductivity [mS/cm]
# name 4 = t190C: Temperature, 2 [ITS-90, deg C]
# name 5 = c1mS/cm: Conductivity, 2 [mS/cm]
# name 6 = sbeox0ML/L: Oxygen, SBE 43 [ml/l]
# name 7 = sbeox1ML/L: Oxygen, SBE 43, 2 [ml/l]
# name 8 = flECO-AFL: Fluorescence, WET Labs ECO-AFL/FL [mg/m^3]
# name 9 = CStarTr0: Beam Transmission, WET Labs C-Star [%]
# name 10 = par: PAR/Irradiance, Biospherical/Licor
# name 11 = latitude: Latitude [deg]
# name 12 = longitude: Longitude [deg]
# name 13 = timeJ: Julian Days
# name 14 = altM: Altimeter [m]
# name 15 = spar: SPAR, Biospherical/Licor
# name 16 = timeS: Time, Elapsed [seconds]
# name 17 = scan: Scan Count
# name 18 = density00: Density [density, kg/m^3]
# name 19 = density11: Density, 2 [density, kg/m^3]
# name 20 = sal00: Salinity, Practical [PSU]
# name 21 = sal11: Salinity, Practical, 2 [PSU]
# name 22 = oxsolML/L: Oxygen Saturation, Garcia & Gordon [ml/l]
# name 23 = nbin: number of scans per bin
# name 24 = flag: flag
# span 0 =      1.000,    102.000       
# span 1 =      0.990,    100.962       
# span 2 =    -0.8593,     0.2319       
# span 3 =  27.219887,  28.786900       
# span 4 =    -0.8578,     0.2322       
# span 5 =  27.219379,  28.785477       
# span 6 =     5.4783,     8.7159       
# span 7 =     5.5683,     8.5339       
# span 8 =     0.0371,     1.9058       
# span 9 =    82.9502,    91.9073       
# span 10 = -1.664e-06, 1.7437e+01      
# span 11 =  -64.93254,  -64.93224      
# span 12 =  -64.39590,  -64.39540      
# span 13 = 345.073150, 345.079332      
# span 14 =      38.21,     106.68      
# span 15 = 5.2886e+00, 1.0577e+01      
# span 16 =    312.167,    846.291      
# span 17 =       7493,      20312      
# span 18 =  1026.9465,  1028.0530      
# span 19 =  1026.9505,  1028.0538      
# span 20 =    33.5206,    34.3527      
# span 21 =    33.5219,    34.3507      
# span 22 =    7.99845,    8.27885      
# span 23 =          7,         49      
# span 24 = 0.0000e+00, 0.0000e+00      
# interval = decibars: 1                
# start_time = Dec 11 2021 01:40:08 [NMEA time, header]
# bad_flag = -9.990e-29
*END*
[from data line 174]
     25.000     24.755    -0.7121  27.576742    -0.6999  27.595055     7.3948     7.3830     0.9997    89.1535 4.7417e-01  -64.93248  -64.39580 345.077608      99.97 7.0515e+00    697.295      16736  1027.3188  1027.3268    33.8341    33.8451    8.22864         39 0.0000e+00
     24.000     23.764    -0.7422  27.536363    -0.7292  27.554696     7.4117     7.4280     0.8682    89.2235 4.9649e-01  -64.93248  -64.39581 345.077630      99.97 7.0515e+00    699.227      16782  1027.2991  1027.3065    33.8138    33.8240    8.23638         39 0.0000e+00
     23.000     22.774    -0.7330  27.547672    -0.7335  27.549252     7.3712     7.4485     0.8696    89.1299 5.5313e-01  -64.93248  -64.39579 345.077662      99.97 7.0515e+00    701.996      16849  1027.2978  1027.3001    33.8194    33.8221    8.23404         44 0.0000e+00
     22.000     21.782    -0.7212  27.564734    -0.7337  27.548033     7.6915     7.6531     0.8256    88.9916 6.5139e-01  -64.93248  -64.39580 345.077715      99.97 7.0515e+00    706.562      16958  1027.3002  1027.2942    33.8299    33.8213    8.23086         35 0.0000e+00
     21.000     20.794    -0.7755  27.471169    -0.7792  27.464028     7.8950     7.7770     0.9319    88.4285 7.0800e-01  -64.93248  -64.39581 345.077729      99.97 7.0515e+00    707.781      16988  1027.2463  1027.2420    33.7647    33.7591    8.24652         32 0.0000e+00
     20.000     19.802    -0.8153  27.394850    -0.8206  27.386346     7.9103     7.7743     1.1774    87.5654 7.4677e-01  -64.93248  -64.39582 345.077749      99.97 7.0515e+00    709.491      17029  1027.1964  1027.1923    33.7065    33.7008    8.25862         31 0.0000e+00
     19.000     18.811    -0.8512  27.339265    -0.8259  27.380481     7.8262     7.8436     1.1466    87.7463 8.6439e-01  -64.93250  -64.39580 345.077812      99.97 7.0515e+00    714.992      17161  1027.1643  1027.1862    33.6719    33.6995    8.26852         31 0.0000e+00
     18.000     17.823    -0.8321  27.368740    -0.8314  27.368187     7.8470     7.8759     1.1621    87.5636 9.7202e-01  -64.93250  -64.39581 345.077841      99.97 7.0515e+00    717.450      17220  1027.1734  1027.1727    33.6911    33.6896    8.26321         42 0.0000e+00
     17.000     16.833    -0.8470  27.312961    -0.8450  27.337177     8.0347     7.9830     1.3450    87.3937 1.0061e+00  -64.93249  -64.39582 345.077872      99.97 7.0515e+00    720.117      17284  1027.1225  1027.1471    33.6328    33.6633    8.26989         38 0.0000e+00
     16.000     15.842    -0.8574  27.279779    -0.8533  27.280324     7.9643     7.9935     1.5723    85.9213 1.0792e+00  -64.93249  -64.39581 345.077905      99.97 7.0515e+00    722.996      17353  1027.0911  1027.0880    33.5999    33.5961    8.27409         39 0.0000e+00
     15.000     14.855    -0.8485  27.255716    -0.8429  27.265534     8.0218     8.1127     1.7390    83.4654 1.1410e+00  -64.93251  -64.39583 345.078478      99.97 6.1037e+00    772.486      18541  1027.0512  1027.0567    33.5580    33.5651    8.27458         39 0.0000e+00
     14.000     13.866    -0.8469  27.238773    -0.8466  27.238364     8.1069     8.1839     1.8947    83.1291 1.2216e+00  -64.93253  -64.39586 345.078890      99.97 5.3748e+00    808.098      19395  1027.0268  1027.0259    33.5339    33.5330    8.27565         28 0.0000e+00
     13.000     12.872    -0.8474  27.235308    -0.8481  27.232821     8.1162     8.1900     1.8150    83.0534 1.4217e+00  -64.93254  -64.39586 345.078968      99.97 5.2886e+00    814.833      19557  1027.0191  1027.0170    33.5303    33.5278    8.27596         34 0.0000e+00
     12.000     11.882    -0.8486  27.232723    -0.8487  27.230897     8.1355     8.1855     1.8897    83.0318 1.5785e+00  -64.93254  -64.39586 345.078999      99.97 5.2886e+00    817.539      19622  1027.0131  1027.0112    33.5288    33.5264    8.27631         32 0.0000e+00
     11.000     10.892    -0.8507  27.228494    -0.8505  27.227345     8.1277     8.1987     1.9058    83.0227 1.7159e+00  -64.93254  -64.39587 345.079040      99.97 5.2886e+00    821.064      19707  1027.0062  1027.0047    33.5261    33.5242    8.27695         32 0.0000e+00
     10.000      9.902    -0.8490  27.230553    -0.8492  27.228751     8.1457     8.1942     1.7729    82.9505 1.9718e+00  -64.93254  -64.39587 345.079059      99.97 5.2886e+00    822.700      19746  1027.0025  1027.0007    33.5275    33.5253    8.27648         40 0.0000e+00
      9.000      8.914    -0.8531  27.224306    -0.8533  27.222576     8.1412     8.1927     1.8932    82.9942 2.2792e+00  -64.93254  -64.39588 345.079105      99.97 5.2886e+00    826.655      19841  1026.9952  1026.9936    33.5242    33.5222    8.27757         40 0.0000e+00
      8.000      7.922    -0.8533  27.223610    -0.8535  27.221825     8.1504     8.1969     1.8169    82.9686 2.5594e+00  -64.93254  -64.39590 345.079132      99.97 5.2886e+00    829.032      19898  1026.9904  1026.9886    33.5241    33.5220    8.27762         41 0.0000e+00
      7.000      6.932    -0.8534  27.222984    -0.8534  27.221647     8.0850     8.1913     1.8994    82.9674 2.8212e+00  -64.93254  -64.39588 345.079173      99.97 5.2886e+00    832.566      19983  1026.9855  1026.9839    33.5240    33.5222    8.27766         33 0.0000e+00
      6.000      5.941    -0.8535  27.222436    -0.8537  27.220657     8.1564     8.2009     1.8467    82.9502 3.2603e+00  -64.93254  -64.39588 345.079198      99.97 5.2886e+00    834.701      20034  1026.9807  1026.9789    33.5240    33.5219    8.27768         42 0.0000e+00
      5.000      4.951    -0.8522  27.223298    -0.8528  27.221181     8.2227     8.1959     1.8840    82.9539 3.9338e+00  -64.93254  -64.39589 345.079225      99.97 5.2886e+00    837.055      20090  1026.9760  1026.9742    33.5244    33.5221    8.27738         47 0.0000e+00
      4.000      3.961    -0.8424  27.231208    -0.8474  27.225246     8.2059     8.2019     1.7383    82.9751 4.1694e+00  -64.93254  -64.39590 345.079270      99.97 5.2886e+00    840.909      20183  1026.9709  1026.9693    33.5248    33.5223    8.27519         35 0.0000e+00
      3.000      2.971    -0.8167  27.248813    -0.8041  27.262480     8.7159     8.5339     1.7794    82.9918 5.0590e+00  -64.93254  -64.39590 345.079290      99.97 5.2886e+00    842.662      20225  1026.9613  1026.9638    33.5206    33.5251    8.26979         49 0.0000e+00
      2.000      1.980    -0.5715  27.455620    -0.6783  27.364612 -9.990e-29 -9.990e-29     1.7788    83.0574 6.3908e+00  -64.93254  -64.39590 345.079310      99.97 5.2886e+00    844.415      20267  1026.9465  1026.9505    33.5281    33.5239    8.21578         35 0.0000e+00
      1.000      0.990    -0.6391  27.403343    -0.6451  27.397048 -9.990e-29 -9.990e-29     1.7471    83.0536 1.7437e+01  -64.93254  -64.39590 345.079332      45.23 5.2886e+00    846.291      20312  1026.9524  1026.9505    33.5333    33.5314    8.23020         36 0.0000e+00
