NBP2113_155081_ctd/data/nbp2113_052.cnv
* Sea-Bird SBE 9 Data File:
* FileName = D:\Data\raw\NBP2113_052.hex
* Software Version Seasave V 7.26.7.121
* Temperature SN = 2438
* Conductivity SN = 2067
* Number of Bytes Per Scan = 40
* Number of Voltage Words = 5
* Number of Scans Averaged by the Deck Unit = 1
* NMEA Latitude = 64 54.69 S
* NMEA Longitude = 064 40.23 W
* NMEA UTC (Time) = Dec 11 2021  16:24:27
* NMEA baud rate = 9600
** Ship: RVIB N.B. Palmer
** Cruise: NBP2113 LTER
** Station: 593.051
** Operator: S. Blackman
# nquan = 25
# nvalues = 1908                        
# units = specified
# name 0 = prDM: Pressure, Digiquartz [db]
# name 1 = depSM: Depth [salt water, m]
# name 2 = t090C: Temperature [ITS-90, deg C]
# name 3 = c0mS/cm: Conductivity [mS/cm]
# name 4 = t190C: Temperature, 2 [ITS-90, deg C]
# name 5 = c1mS/cm: Conductivity, 2 [mS/cm]
# name 6 = sbeox0ML/L: Oxygen, SBE 43 [ml/l]
# name 7 = sbeox1ML/L: Oxygen, SBE 43, 2 [ml/l]
# name 8 = flECO-AFL: Fluorescence, WET Labs ECO-AFL/FL [mg/m^3]
# name 9 = CStarTr0: Beam Transmission, WET Labs C-Star [%]
# name 10 = par: PAR/Irradiance, Biospherical/Licor
# name 11 = latitude: Latitude [deg]
# name 12 = longitude: Longitude [deg]
# name 13 = timeJ: Julian Days
# name 14 = altM: Altimeter [m]
# name 15 = spar: SPAR, Biospherical/Licor
# name 16 = timeS: Time, Elapsed [seconds]
# name 17 = scan: Scan Count
# name 18 = density00: Density [density, kg/m^3]
# name 19 = density11: Density, 2 [density, kg/m^3]
# name 20 = sal00: Salinity, Practical [PSU]
# name 21 = sal11: Salinity, Practical, 2 [PSU]
# name 22 = oxsolML/L: Oxygen Saturation, Garcia & Gordon [ml/l]
# name 23 = nbin: number of scans per bin
# name 24 = flag: flag
# span 0 =      1.000,    956.000       
# span 1 =      0.989,    944.462       
# span 2 =    -0.7368,     1.4836       
# span 3 =  27.374513,  30.503159       
# span 4 =    -0.7448,     1.4834       
# span 5 =  27.362356,  30.501764       
# span 6 =     4.0474,     8.1083       
# span 7 =     4.1128,     8.1737       
# span 8 =    -0.0227,     1.7120       
# span 9 =    81.8827,    91.8596       
# span 10 = -5.309e-05, 7.8527e+02      
# span 11 =  -64.91190,  -64.91154      
# span 12 =  -64.67152,  -64.67040      
# span 13 = 345.687268, 345.720935      
# span 14 =       4.53,     101.96      
# span 15 = 5.9603e+02, 1.4155e+03      
# span 16 =    312.984,   3221.801      
# span 17 =       7513,      77324      
# span 18 =  1027.0247,  1032.2268      
# span 19 =  1027.0223,  1032.2256      
# span 20 =    33.6017,    34.6828      
# span 21 =    33.5931,    34.6815      
# span 22 =    7.72734,    8.24752      
# span 23 =          9,         50      
# span 24 = 0.0000e+00, 0.0000e+00      
# interval = decibars: 1                
# start_time = Dec 11 2021 16:24:27 [NMEA time, header]
# bad_flag = -9.990e-29
*END*
[from data line 1682]
    226.000    223.663     1.0158  29.687159     1.0166  29.686865     4.6816     4.7106     0.0027    91.4772 1.0000e-12  -64.91182  -64.67118 345.714651      99.97 9.3356e+02   2678.869      64294  1028.7684  1028.7673    34.5709    34.5696    7.82607         28 0.0000e+00
    225.000    222.674     1.0184  29.689088     1.0212  29.690767     4.6639     4.7157    -0.0003    91.4888 1.0000e-12  -64.91182  -64.67118 345.714669      99.97 9.3259e+02   2680.441      64332  1028.7634  1028.7625    34.5711    34.5702    7.82553         40 0.0000e+00
    224.000    221.685     1.0191  29.689632     1.0180  29.687685     4.6882     4.7302     0.0052    91.4970 1.0000e-12  -64.91182  -64.67118 345.714692      99.97 9.3256e+02   2682.410      64379  1028.7589  1028.7580    34.5716    34.5703    7.82537         34 0.0000e+00
    223.000    220.696     1.0117  29.681695     1.0126  29.681712     4.7166     4.7511     0.0006    91.4828 1.0000e-12  -64.91182  -64.67118 345.714705      99.97 9.3256e+02   2683.531      64406  1028.7538  1028.7529    34.5702    34.5692    7.82694         22 0.0000e+00
    222.000    219.708     0.9922  29.662322     0.9926  29.661408     4.7140     4.7495    -0.0050    91.4900 1.0000e-12  -64.91182  -64.67120 345.714715      99.97 9.3256e+02   2684.373      64426  1028.7486  1028.7473    34.5674    34.5658    7.83099         19 0.0000e+00
    221.000    218.717     0.9827  29.650450     0.9841  29.650965     4.7097     4.7511    -0.0053    91.4728 1.0000e-12  -64.91182  -64.67118 345.714724      99.97 9.3215e+02   2685.189      64446  1028.7414  1028.7405    34.5632    34.5623    7.83312         21 0.0000e+00
    220.000    217.729     0.9841  29.650600     0.9849  29.650504     4.7136     4.7577     0.0044    91.4666 1.0000e-12  -64.91182  -64.67118 345.714737      99.97 9.3084e+02   2686.239      64471  1028.7358  1028.7349    34.5625    34.5614    7.83289         30 0.0000e+00
    219.000    216.738     0.9860  29.652760     0.9869  29.652905     4.7036     4.7576     0.0020    91.4488 1.0000e-12  -64.91182  -64.67116 345.714765      99.97 9.2928e+02   2688.709      64530  1028.7317  1028.7309    34.5638    34.5629    7.83244         36 0.0000e+00
    218.000    215.751     0.9850  29.651251     0.9853  29.650850     4.7154     4.7779    -0.0005    91.4724 1.0000e-12  -64.91182  -64.67116 345.714785      99.97 9.2903e+02   2690.386      64570  1028.7267  1028.7260    34.5635    34.5627    7.83265         24 0.0000e+00
    217.000    214.761     0.9761  29.642771     0.9751  29.640272     4.7327     4.7854    -0.0004    91.4710 1.0000e-12  -64.91182  -64.67118 345.714794      99.97 9.2904e+02   2691.206      64590  1028.7223  1028.7208    34.5630    34.5609    7.83446         18 0.0000e+00
    216.000    213.774     0.9612  29.626322     0.9611  29.625545     4.7370     4.7791    -0.0036    91.4708 1.0000e-12  -64.91182  -64.67118 345.714802      99.97 9.2727e+02   2691.902      64607  1028.7158  1028.7152    34.5589    34.5581    7.83767         16 0.0000e+00
    215.000    212.782     0.9578  29.621709     0.9576  29.620692     4.7333     4.7816    -0.0082    91.4448 1.0000e-12  -64.91182  -64.67118 345.714810      99.97 9.2728e+02   2692.569      64623  1028.7101  1028.7092    34.5574    34.5563    7.83845         16 0.0000e+00
    214.000    211.793     0.9556  29.619205     0.9551  29.617441     4.7232     4.7825     0.0046    91.4537 1.0000e-12  -64.91182  -64.67118 345.714818      99.97 9.2728e+02   2693.298      64640  1028.7052  1028.7040    34.5571    34.5555    7.83889         18 0.0000e+00
    213.000    210.805     0.9581  29.620234     0.9607  29.622318     4.7260     4.7774     0.0068    91.4505 1.0000e-12  -64.91182  -64.67120 345.714829      99.97 9.2728e+02   2694.226      64662  1028.6995  1028.6991    34.5562    34.5561    7.83843         28 0.0000e+00
    212.000    209.813     0.9626  29.625333     0.9611  29.622858     4.7222     4.7781     0.0028    91.4534 1.0000e-12  -64.91182  -64.67118 345.714854      99.97 9.2651e+02   2696.373      64714  1028.6959  1028.6949    34.5585    34.5569    7.83742         33 0.0000e+00
    211.000    208.827     0.9623  29.624785     0.9620  29.623627     4.7304     4.7797    -0.0050    91.4464 1.0000e-12  -64.91182  -64.67116 345.714885      99.97 9.2366e+02   2699.095      64779  1028.6912  1028.6904    34.5586    34.5575    7.83746         33 0.0000e+00
    210.000    207.837     0.9607  29.622764     0.9580  29.619214     4.7455     4.7901     0.0144    91.4636 1.0000e-12  -64.91182  -64.67116 345.714898      99.97 9.2375e+02   2700.175      64805  1028.6864  1028.6854    34.5584    34.5568    7.83780         25 0.0000e+00
    209.000    206.849     0.9505  29.612148     0.9526  29.613175     4.7651     4.7993    -0.0075    91.4601 1.0000e-12  -64.91182  -64.67116 345.714909      99.97 9.2375e+02   2701.173      64829  1028.6812  1028.6802    34.5566    34.5556    7.83995         23 0.0000e+00
    208.000    205.859     0.9407  29.601502     0.9423  29.601900     4.7758     4.8070     0.0053    91.4500 1.0000e-12  -64.91182  -64.67118 345.714921      99.97 9.2375e+02   2702.178      64853  1028.6755  1028.6744    34.5543    34.5531    7.84204         24 0.0000e+00
    207.000    204.869     0.9325  29.592281     0.9339  29.593069     4.7801     4.8145     0.0012    91.4514 1.0000e-12  -64.91182  -64.67118 345.714932      99.97 9.2528e+02   2703.155      64877  1028.6697  1028.6692    34.5521    34.5517    7.84381         22 0.0000e+00
    206.000    203.882     0.9281  29.587143     0.9297  29.587597     4.7826     4.8144     0.0039    91.4467 1.0000e-12  -64.91182  -64.67120 345.714943      99.97 9.2551e+02   2704.068      64899  1028.6644  1028.6633    34.5509    34.5498    7.84475         22 0.0000e+00
    205.000    202.890     0.9253  29.583757     0.9266  29.584169     4.7793     4.8108     0.0040    91.4467 1.0000e-12  -64.91182  -64.67119 345.714953      99.97 9.2678e+02   2704.976      64920  1028.6593  1028.6585    34.5503    34.5494    7.84535         23 0.0000e+00
    204.000    201.901     0.9251  29.582924     0.9294  29.585460     4.7665     4.8116     0.0026    91.4467 1.0000e-12  -64.91182  -64.67118 345.714966      99.97 9.2726e+02   2706.059      64946  1028.6543  1028.6527    34.5500    34.5485    7.84541         30 0.0000e+00
    203.000    200.913     0.9290  29.586351     0.9318  29.588398     4.7525     4.8175     0.0067    91.4504 1.0000e-12  -64.91182  -64.67118 345.714984      99.97 9.2586e+02   2707.604      64983  1028.6496  1028.6490    34.5507    34.5503    7.84459         37 0.0000e+00
    202.000    199.923     0.9288  29.585983     0.9287  29.584511     4.7735     4.8186     0.0069    91.4461 1.0000e-12  -64.91182  -64.67118 345.715005      99.97 9.2390e+02   2709.445      65028  1028.6451  1028.6437    34.5511    34.5493    7.84462         44 0.0000e+00
    201.000    198.935     0.9195  29.575938     0.9259  29.581511     4.8058     4.8397     0.0011    91.4420 1.0000e-12  -64.91182  -64.67118 345.715024      99.97 9.2391e+02   2711.114      65068  1028.6395  1028.6390    34.5489    34.5491    7.84659         34 0.0000e+00
    200.000    197.945     0.9047  29.560343     0.9091  29.563963     4.8156     4.8475     0.0069    91.4319 1.0000e-12  -64.91182  -64.67118 345.715039      99.97 9.2552e+02   2712.403      65099  1028.6337  1028.6331    34.5459    34.5457    7.84975         28 0.0000e+00
    199.000    196.956     0.8995  29.554223     0.9007  29.554716     4.8119     4.8476     0.0054    91.4460 1.0000e-12  -64.91182  -64.67118 345.715052      99.97 9.2565e+02   2713.523      65126  1028.6280  1028.6274    34.5444    34.5437    7.85088         25 0.0000e+00
    198.000    195.965     0.8975  29.551701     0.8983  29.551471     4.8044     4.8548    -0.0012    91.4375 1.0000e-12  -64.91182  -64.67120 345.715064      99.97 9.2725e+02   2714.528      65150  1028.6231  1028.6221    34.5439    34.5427    7.85131         23 0.0000e+00
    197.000    194.977     0.8962  29.549983     0.8975  29.550314     4.8089     4.8603    -0.0078    91.4218 1.0000e-12  -64.91182  -64.67120 345.715074      99.97 9.2728e+02   2715.435      65171  1028.6182  1028.6173    34.5437    34.5427    7.85158         21 0.0000e+00
    196.000    193.990     0.8924  29.545746     0.8944  29.546820     4.8145     4.8602    -0.0021    91.4472 1.0000e-12  -64.91182  -64.67120 345.715084      99.97 9.2728e+02   2716.289      65192  1028.6132  1028.6124    34.5430    34.5422    7.85238         20 0.0000e+00
    195.000    192.997     0.8868  29.539646     0.8890  29.540702     4.8239     4.8601     0.0033    91.4443 1.0000e-12  -64.91182  -64.67118 345.715094      99.97 9.2728e+02   2717.155      65213  1028.6081  1028.6071    34.5419    34.5408    7.85356         22 0.0000e+00
    194.000    192.010     0.8803  29.531806     0.8866  29.537070     4.8170     4.8599     0.0104    91.4258 1.0000e-12  -64.91182  -64.67118 345.715107      99.97 9.2815e+02   2718.243      65239  1028.6020  1028.6013    34.5397    34.5395    7.85501         31 0.0000e+00
    193.000    191.016     0.8917  29.542754     0.8931  29.543810     4.8093     4.8611     0.0022    91.4269 1.0000e-12  -64.91182  -64.67118 345.715136      99.97 9.2883e+02   2720.722      65298  1028.5978  1028.5974    34.5418    34.5416    7.85260         34 0.0000e+00
    192.000    190.031     0.8893  29.540758     0.8890  29.539676     4.8475     4.8838     0.0037    91.4206 1.0000e-12  -64.91182  -64.67119 345.715160      99.97 9.2905e+02   2722.790      65348  1028.5936  1028.5929    34.5424    34.5414    7.85304         27 0.0000e+00
    191.000    189.041     0.8773  29.528480     0.8765  29.526494     4.8608     4.8890    -0.0000    91.4209 1.0000e-12  -64.91182  -64.67120 345.715170      99.97 9.2904e+02   2723.664      65369  1028.5885  1028.5872    34.5405    34.5387    7.85557         19 0.0000e+00
    190.000    188.052     0.8575  29.507952     0.8572  29.506553     4.8629     4.8919    -0.0071    91.4209 1.0000e-12  -64.91182  -64.67120 345.715179      99.97 9.2904e+02   2724.437      65387  1028.5824  1028.5813    34.5365    34.5350    7.85978         19 0.0000e+00
    189.000    187.062     0.8476  29.495797     0.8507  29.497698     4.8689     4.8926     0.0063    91.4220 1.0000e-12  -64.91184  -64.67120 345.715189      99.97 9.2794e+02   2725.297      65408  1028.5751  1028.5740    34.5323    34.5314    7.86200         23 0.0000e+00
    188.000    186.077     0.8608  29.507909     0.8631  29.509849     4.8530     4.8950     0.0020    91.4278 1.0000e-12  -64.91182  -64.67120 345.715211      99.97 9.2801e+02   2727.189      65454  1028.5702  1028.5700    34.5340    34.5339    7.85925         34 0.0000e+00
    187.000    185.084     0.8599  29.508094     0.8626  29.509531     4.8654     4.9075     0.0092    91.4452 1.0000e-12  -64.91182  -64.67120 345.715237      99.97 9.2908e+02   2729.491      65509  1028.5669  1028.5657    34.5357    34.5346    7.85932         25 0.0000e+00
    186.000    184.095     0.8529  29.500105     0.8538  29.499663     4.8759     4.9086     0.0069    91.4467 1.0000e-12  -64.91182  -64.67120 345.715247      99.97 9.3002e+02   2730.319      65529  1028.5612  1028.5599    34.5338    34.5322    7.86086         18 0.0000e+00
    185.000    183.104     0.8401  29.487212     0.8422  29.489239     4.8790     4.9104     0.0069    91.4467 1.0000e-12  -64.91182  -64.67122 345.715255      99.97 9.3078e+02   2730.981      65545  1028.5561  1028.5562    34.5319    34.5322    7.86353         15 0.0000e+00
    184.000    182.118     0.8330  29.478447     0.8340  29.478509     4.8859     4.9127     0.0002    91.4467 1.0000e-12  -64.91182  -64.67121 345.715262      99.97 9.3080e+02   2731.631      65560  1028.5497  1028.5488    34.5290    34.5281    7.86513         16 0.0000e+00
    183.000    181.127     0.8308  29.475486     0.8326  29.475876     4.8770     4.9107    -0.0004    91.4467 1.0000e-12  -64.91182  -64.67120 345.715271      99.97 9.3080e+02   2732.417      65579  1028.5444  1028.5431    34.5282    34.5268    7.86562         22 0.0000e+00
    182.000    180.137     0.8411  29.486023     0.8431  29.487369     4.8744     4.9188     0.0048    91.4467 1.0000e-12  -64.91182  -64.67120 345.715316      99.97 9.2829e+02   2736.287      65672  1028.5406  1028.5401    34.5310    34.5306    7.86338         25 0.0000e+00
    181.000    179.150     0.8377  29.482297     0.8400  29.483475     4.8812     4.9298     0.0004    91.4467 1.0000e-12  -64.91184  -64.67120 345.715338      99.97 9.2846e+02   2738.207      65718  1028.5358  1028.5349    34.5307    34.5295    7.86410         15 0.0000e+00
    180.000    178.157     0.8317  29.475509     0.8316  29.475078     4.8858     4.9327    -0.0004    91.4467 1.0000e-12  -64.91184  -64.67121 345.715345      99.97 9.2907e+02   2738.782      65732  1028.5304  1028.5301    34.5290    34.5286    7.86539         15 0.0000e+00
    179.000    177.172     0.8290  29.471991     0.8285  29.470525     4.8899     4.9263     0.0070    91.4467 1.0000e-12  -64.91184  -64.67122 345.715352      99.97 9.2904e+02   2739.385      65746  1028.5251  1028.5241    34.5281    34.5267    7.86599         15 0.0000e+00
    178.000    176.178     0.8240  29.466926     0.8225  29.464316     4.8892     4.9271     0.0069    91.4467 1.0000e-12  -64.91184  -64.67122 345.715359      99.97 9.3010e+02   2740.055      65762  1028.5204  1028.5193    34.5276    34.5259    7.86701         18 0.0000e+00
    177.000    175.190     0.8235  29.465210     0.8242  29.465033     4.8771     4.9261     0.0013    91.4467 1.0000e-12  -64.91183  -64.67122 345.715372      99.97 9.2899e+02   2741.130      65788  1028.5149  1028.5140    34.5266    34.5256    7.86718         31 0.0000e+00
    176.000    174.201     0.8311  29.472415     0.8306  29.471131     4.8663     4.9245    -0.0004    91.4240 1.0000e-12  -64.91182  -64.67120 345.715408      99.97 9.2561e+02   2744.240      65863  1028.5104  1028.5096    34.5281    34.5270    7.86557         34 0.0000e+00
    175.000    173.213     0.8286  29.469959     0.8287  29.468952     4.8782     4.9338    -0.0041    91.4300 1.0000e-12  -64.91182  -64.67120 345.715423      99.97 9.2399e+02   2745.584      65895  1028.5060  1028.5050    34.5282    34.5268    7.86605         26 0.0000e+00
    174.000    172.223     0.8254  29.466061     0.8264  29.465906     4.8891     4.9333     0.0002    91.4462 1.0000e-12  -64.91183  -64.67120 345.715437      99.97 9.2376e+02   2746.734      65923  1028.5009  1028.4998    34.5273    34.5261    7.86675         32 0.0000e+00
    173.000    171.233     0.8255  29.465673     0.8234  29.462886     4.8965     4.9487     0.0096    91.4467 1.0000e-12  -64.91184  -64.67122 345.715457      81.20 9.2312e+02   2748.516      65965  1028.4960  1028.4953    34.5273    34.5261    7.86673         37 0.0000e+00
    172.000    170.244     0.8127  29.452934     0.8094  29.448813     4.9668     4.9848     0.0144    91.4416 1.0000e-12  -64.91182  -64.67122 345.715478     100.51 9.2283e+02   2750.301      66008  1028.4912  1028.4901    34.5257    34.5240    7.86942         31 0.0000e+00
    171.000    169.255     0.7831  29.421511     0.7802  29.417888     4.9854     5.0032     0.0081    91.4415 1.0000e-12  -64.91182  -64.67122 345.715491      99.97 9.2199e+02   2751.419      66035  1028.4834  1028.4824    34.5184    34.5169    7.87580         25 0.0000e+00
    170.000    168.265     0.7591  29.396237     0.7595  29.395651     4.9593     5.0002     0.0069    91.4446 1.0000e-12  -64.91182  -64.67122 345.715503      99.97 9.2199e+02   2752.432      66059  1028.4762  1028.4752    34.5130    34.5117    7.88097         25 0.0000e+00
