NBP2113_155081_ctd/data/nbp2113_038.ros
* Sea-Bird SBE 9 Data File:
* FileName = D:\Data\raw\NBP2113_038.hex
* Software Version Seasave V 7.26.7.121
* Temperature SN = 2438
* Conductivity SN = 2067
* Number of Bytes Per Scan = 40
* Number of Voltage Words = 5
* Number of Scans Averaged by the Deck Unit = 1
* NMEA Latitude = 64 56.00 S
* NMEA Longitude = 064 24.10 W
* NMEA UTC (Time) = Dec 10 2021  10:01:33
* NMEA baud rate = 9600
** Ship: RVIB N.B. Palmer
** Cruise: NBP2113 LTER
** Station: 600.040
** Operator: B. Urmston
# nquan = 20
# nvalues = 294                                   
# units = specified
# name 0 = prDM: Pressure, Digiquartz [db]
# name 1 = depSM: Depth [salt water, m]
# name 2 = t090C: Temperature [ITS-90, deg C]
# name 3 = c0mS/cm: Conductivity [mS/cm]
# name 4 = t190C: Temperature, 2 [ITS-90, deg C]
# name 5 = c1mS/cm: Conductivity, 2 [mS/cm]
# name 6 = sbeox0ML/L: Oxygen, SBE 43 [ml/l]
# name 7 = sbeox1ML/L: Oxygen, SBE 43, 2 [ml/l]
# name 8 = flECO-AFL: Fluorescence, WET Labs ECO-AFL/FL [mg/m^3]
# name 9 = CStarTr0: Beam Transmission, WET Labs C-Star [%]
# name 10 = par: PAR/Irradiance, Biospherical/Licor
# name 11 = latitude: Latitude [deg]
# name 12 = longitude: Longitude [deg]
# name 13 = timeJ: Julian Days
# name 14 = altM: Altimeter [m]
# name 15 = spar: SPAR, Biospherical/Licor
# name 16 = timeS: Time, Elapsed [seconds]
# name 17 = scan: Scan Count
# name 18 = nbf: Bottles Fired
# name 19 = flag:  0.000e+00
# interval = seconds: 0.0416667
# start_time = Dec 10 2021 10:01:33 [NMEA time, header]
# bad_flag = -9.990e-29
*END*
[from data line 218]
      5.657      5.602    -0.7119  27.395325    -0.7106  27.395861     8.0312     8.1439     1.5967    87.3782 7.6483e+01  -64.93308  -64.40096 344.426523      99.95 2.6091e+02    758.583      18207          5  0.000e+00
      5.698      5.642    -0.7119  27.395611    -0.7104  27.395415     8.0307     8.1444     1.5967    87.3782 7.6483e+01  -64.93308  -64.40096 344.426523      99.95 2.6091e+02    758.625      18208          5  0.000e+00
      5.712      5.656    -0.7119  27.395326    -0.7101  27.395303     8.0244     8.1448     1.5967    87.3782 7.6267e+01  -64.93308  -64.40096 344.426524      99.98 2.6091e+02    758.667      18209          5  0.000e+00
      5.657      5.602    -0.7119  27.395611    -0.7101  27.395582     8.0285     8.1395     1.5967    87.3782 7.6267e+01  -64.93308  -64.40096 344.426524      99.98 2.6091e+02    758.708      18210          5  0.000e+00
      5.698      5.642    -0.7120  27.395611    -0.7108  27.395136     8.0281     8.1457     1.5967    87.3782 7.6051e+01  -64.93308  -64.40096 344.426525      99.95 2.6091e+02    758.750      18211          5  0.000e+00
      5.760      5.703    -0.7119  27.395269    -0.7118  27.395583     8.0351     8.1463     1.5967    87.3782 7.5835e+01  -64.93308  -64.40096 344.426525      99.93 2.6091e+02    758.792      18212          5  0.000e+00
      5.698      5.642    -0.7120  27.395326    -0.7129  27.394577     8.0316     8.1468     1.5967    87.3782 7.5621e+01  -64.93308  -64.40096 344.426526      99.95 2.6091e+02    758.833      18213          5  0.000e+00
      5.712      5.656    -0.7124  27.395612    -0.7129  27.392791     8.0268     8.1472     1.5967    87.3782 7.5406e+01  -64.93308  -64.40096 344.426526      99.98 2.6091e+02    758.875      18214          5  0.000e+00
      5.712      5.656    -0.7122  27.395040    -0.7127  27.392456     8.0267     8.1420     1.5967    87.3782 7.5193e+01  -64.93308  -64.40096 344.426527      99.98 2.6091e+02    758.917      18215          5  0.000e+00
      5.746      5.690    -0.7125  27.395326    -0.7130  27.392735     8.0384     8.1414     1.5967    87.3782 7.4980e+01  -64.93308  -64.40096 344.426527      99.98 2.6091e+02    758.958      18216          5  0.000e+00
      5.712      5.656    -0.7127  27.394811    -0.7132  27.393014     8.0397     8.1408     1.5967    87.3782 7.4767e+01  -64.93308  -64.40096 344.426528      99.98 2.6091e+02    759.000      18217          5  0.000e+00
      5.760      5.703    -0.7127  27.394811    -0.7126  27.392567     8.0395     8.1401     1.5967    87.3782 7.4556e+01  -64.93308  -64.40096 344.426528      99.98 2.6091e+02    759.042      18218          5  0.000e+00
      5.746      5.690    -0.7132  27.394525    -0.7121  27.393237     8.0334     8.1394     1.5967    87.3782 7.4556e+01  -64.93308  -64.40096 344.426529      99.95 2.6091e+02    759.083      18219          5  0.000e+00
      5.760      5.703    -0.7133  27.394297    -0.7121  27.393237     8.0331     8.1388     1.5893    87.3782 7.4344e+01  -64.93308  -64.40096 344.426529      99.95 2.6091e+02    759.125      18220          5  0.000e+00
      5.760      5.703    -0.7133  27.394011    -0.7129  27.393573     8.0401     8.1383     1.5893    87.3782 7.4344e+01  -64.93308  -64.40096 344.426530      99.98 2.6091e+02    759.167      18221          5  0.000e+00
      5.746      5.690    -0.7138  27.394011    -0.7135  27.393517     8.0426     8.1378     1.5893    87.3782 7.4134e+01  -64.93308  -64.40096 344.426530      99.98 2.6091e+02    759.208      18222          5  0.000e+00
      5.760      5.703    -0.7136  27.393782    -0.7141  27.392735     8.0392     8.1373     1.5893    87.3782 7.4134e+01  -64.93308  -64.40096 344.426531      99.95 2.6091e+02    759.250      18223          5  0.000e+00
      5.760      5.703    -0.7133  27.393782    -0.7138  27.391786     8.0403     8.1367     1.5893    87.3782 7.4134e+01  -64.93308  -64.40096 344.426531      99.95 2.6091e+02    759.292      18224          5  0.000e+00
      5.801      5.744    -0.7135  27.394011    -0.7140  27.391674     8.0474     8.1417     1.5893    87.3782 7.4134e+01  -64.93308  -64.40096 344.426532      99.98 2.6091e+02    759.333      18225          5  0.000e+00
      5.760      5.703    -0.7133  27.394297    -0.7140  27.392233     8.0426     8.1418     1.5893    87.3782 7.4134e+01  -64.93308  -64.40096 344.426532      99.98 2.6091e+02    759.375      18226          5  0.000e+00
      5.746      5.690    -0.7136  27.393782    -0.7136  27.391786     8.0424     8.1420     1.5820    87.3782 7.4134e+01  -64.93308  -64.40096 344.426533      99.98 2.6091e+02    759.417      18227          5  0.000e+00
      5.760      5.703    -0.7141  27.393782    -0.7133  27.391674     8.0423     8.1421     1.5893    87.3782 7.4134e+01  -64.93308  -64.40096 344.426533      99.98 2.6091e+02    759.458      18228          5  0.000e+00
      5.808      5.751    -0.7141  27.393211    -0.7135  27.391953     8.0436     8.1423     1.5893    87.3782 7.4134e+01  -64.93308  -64.40096 344.426534      99.98 2.6091e+02    759.500      18229          5  0.000e+00
      5.746      5.690    -0.7139  27.393210    -0.7137  27.392456     8.0433     8.1423     1.5893    87.3782 7.4344e+01  -64.93308  -64.40096 344.426534      99.98 2.6091e+02    759.542      18230          5  0.000e+00
      5.808      5.751    -0.7142  27.392982    -0.7135  27.392065     8.0433     8.1368     1.5893    87.4040 7.4556e+01  -64.93308  -64.40096 344.426535      99.93 2.6091e+02    759.583      18231          5  0.000e+00
      5.760      5.703    -0.7142  27.393496    -0.7135  27.392233     8.0416     8.1359     1.5893    87.3782 7.4556e+01  -64.93308  -64.40096 344.426535      99.95 2.6091e+02    759.625      18232          5  0.000e+00
      5.801      5.744    -0.7138  27.393211    -0.7136  27.392233     8.0414     8.1361     1.5893    87.3782 7.4767e+01  -64.93308  -64.40096 344.426535      99.95 2.6091e+02    759.667      18233          5  0.000e+00
      5.808      5.751    -0.7150  27.392982    -0.7132  27.392456     8.0484     8.1323     1.5893    87.3525 7.6051e+01  -64.93308  -64.40096 344.426538      99.98 2.6091e+02    759.917      18239          6  0.000e+00
      5.760      5.703    -0.7150  27.392467    -0.7133  27.392791     8.0435     8.1315     1.5820    87.3525 7.6267e+01  -64.93308  -64.40096 344.426539      99.98 2.6091e+02    759.958      18240          6  0.000e+00
      5.746      5.690    -0.7152  27.392696    -0.7136  27.392456     8.0489     8.1308     1.5893    87.3525 7.6483e+01  -64.93308  -64.40096 344.426539      99.98 2.6091e+02    760.000      18241          6  0.000e+00
      5.760      5.703    -0.7152  27.392182    -0.7139  27.392456     8.0455     8.1301     1.5893    87.3525 7.6701e+01  -64.93308  -64.40096 344.426540      99.98 2.6091e+02    760.042      18242          6  0.000e+00
      5.808      5.751    -0.7153  27.392468    -0.7140  27.392456     8.0451     8.1303     1.5893    87.3525 7.6918e+01  -64.93308  -64.40096 344.426540      99.95 2.6091e+02    760.083      18243          6  0.000e+00
      5.746      5.690    -0.7150  27.392181    -0.7140  27.391786     8.0505     8.1295     1.5893    87.3525 7.7356e+01  -64.93308  -64.40096 344.426541      99.95 2.6091e+02    760.125      18244          6  0.000e+00
      5.760      5.703    -0.7148  27.392696    -0.7140  27.392233     8.0513     8.1288     1.5820    87.3525 7.7576e+01  -64.93308  -64.40096 344.426541      99.98 2.6091e+02    760.167      18245          6  0.000e+00
      5.760      5.703    -0.7144  27.392925    -0.7136  27.392233     8.0448     8.1289     1.5820    87.3525 7.7796e+01  -64.93308  -64.40096 344.426542      99.98 2.6091e+02    760.208      18246          6  0.000e+00
      5.746      5.690    -0.7136  27.393496    -0.7133  27.391786     8.0455     8.1291     1.5893    87.3525 7.7796e+01  -64.93308  -64.40096 344.426542      99.95 2.6091e+02    760.250      18247          6  0.000e+00
      5.760      5.703    -0.7132  27.394011    -0.7132  27.392456     8.0463     8.1293     1.5893    87.3525 7.8017e+01  -64.93308  -64.40096 344.426543      99.93 2.6091e+02    760.292      18248          6  0.000e+00
      5.657      5.602    -0.7129  27.394011    -0.7128  27.392735     8.0456     8.1294     1.5893    87.3525 7.8017e+01  -64.93308  -64.40096 344.426543      99.95 2.6091e+02    760.333      18249          6  0.000e+00
      5.801      5.744    -0.7127  27.394525    -0.7127  27.392791     8.0453     8.1289     1.5820    87.3525 7.8238e+01  -64.93308  -64.40096 344.426544      99.98 2.6091e+02    760.375      18250          6  0.000e+00
      5.712      5.656    -0.7124  27.394811    -0.7123  27.393237     8.0446     8.1290     1.5893    87.3525 7.8238e+01  -64.93308  -64.40096 344.426544      99.98 2.6091e+02    760.417      18251          6  0.000e+00
      5.698      5.643    -0.7129  27.395040    -0.7123  27.393517     8.0442     8.1294     1.5893    87.3525 7.8460e+01  -64.93308  -64.40096 344.426545      99.98 2.6091e+02    760.458      18252          6  0.000e+00
      5.712      5.656    -0.7125  27.394811    -0.7122  27.393349     8.0496     8.1298     1.5893    87.3525 7.8460e+01  -64.93308  -64.40096 344.426545      99.98 2.6091e+02    760.500      18253          6  0.000e+00
      5.712      5.656    -0.7124  27.394525    -0.7123  27.393517     8.0549     8.1293     1.5893    87.3525 7.8683e+01  -64.93308  -64.40096 344.426546      99.98 2.6091e+02    760.542      18254          6  0.000e+00
      5.746      5.690    -0.7125  27.394811    -0.7123  27.393517     8.0614     8.1289     1.5893    87.3267 7.8683e+01  -64.93308  -64.40096 344.426546      99.95 2.6091e+02    760.583      18255          6  0.000e+00
      5.657      5.602    -0.7125  27.395040    -0.7121  27.393237     8.0704     8.1292     1.5893    87.3010 7.8907e+01  -64.93308  -64.40096 344.426547      99.95 2.6091e+02    760.625      18256          6  0.000e+00
      5.657      5.602    -0.7129  27.394811    -0.7123  27.393349     8.0865     8.1242     1.5893    87.3010 7.8907e+01  -64.93308  -64.40096 344.426547      99.98 2.6091e+02    760.667      18257          6  0.000e+00
      5.644      5.588    -0.7130  27.394296    -0.7124  27.393796     8.0859     8.1293     1.5893    87.3010 7.9131e+01  -64.93308  -64.40096 344.426548      99.98 2.6091e+02    760.708      18258          6  0.000e+00
      5.657      5.602    -0.7132  27.394525    -0.7126  27.393014     8.0851     8.1291     1.5893    87.3010 7.9131e+01  -64.93308  -64.40096 344.426548      99.95 2.6091e+02    760.750      18259          6  0.000e+00
      5.657      5.602    -0.7132  27.394296    -0.7126  27.393349     8.0827     8.1297     1.5893    87.3010 7.9355e+01  -64.93308  -64.40098 344.426549      99.93 2.6091e+02    760.792      18260          6  0.000e+00
      5.596      5.541    -0.7132  27.394010    -0.7125  27.393237     8.0801     8.1302     1.5893    87.3010 7.9581e+01  -64.93308  -64.40098 344.426549      99.95 2.6091e+02    760.833      18261          6  0.000e+00
      5.657      5.602    -0.7135  27.394011    -0.7127  27.393014     8.0865     8.1310     1.5820    87.3010 7.9581e+01  -64.93308  -64.40098 344.426549      99.98 2.6091e+02    760.875      18262          6  0.000e+00
      5.644      5.588    -0.7136  27.393782    -0.7129  27.392791     8.0868     8.1317     1.5820    87.3267 7.9807e+01  -64.93308  -64.40098 344.426550      99.98 2.6091e+02    760.917      18263          6  0.000e+00
      5.555      5.500    -0.7135  27.393439    -0.7126  27.393014     8.0867     8.1314     1.5820    87.3010 8.0033e+01  -64.93308  -64.40098 344.426550      99.98 2.6091e+02    760.958      18264          6  0.000e+00
      5.610      5.555    -0.7145  27.393782    -0.7128  27.393014     8.0837     8.1313     1.5820    87.3010 8.0260e+01  -64.93308  -64.40098 344.426551      99.98 2.6091e+02    761.000      18265          6  0.000e+00
      5.548      5.494    -0.7155  27.393496    -0.7129  27.392790     8.0791     8.1311     1.5893    87.3010 8.0260e+01  -64.93308  -64.40098 344.426551      99.98 2.6091e+02    761.042      18266          6  0.000e+00
      5.610      5.555    -0.7160  27.392467    -0.7130  27.392735     8.0909     8.1310     1.5893    87.3010 8.0488e+01  -64.93308  -64.40098 344.426552      99.95 2.6091e+02    761.083      18267          6  0.000e+00
      5.555      5.500    -0.7158  27.391152    -0.7135  27.392735     8.0920     8.1308     1.5893    87.3010 8.0717e+01  -64.93308  -64.40098 344.426552      99.95 2.6091e+02    761.125      18268          6  0.000e+00
      5.596      5.541    -0.7163  27.391152    -0.7135  27.392232     8.0871     8.1307     1.5893    87.3010 8.0946e+01  -64.93308  -64.40098 344.426553      99.98 2.6091e+02    761.167      18269          6  0.000e+00
      5.555      5.500    -0.7163  27.390866    -0.7140  27.392065     8.0879     8.1306     1.5893    87.3010 8.1176e+01  -64.93308  -64.40098 344.426553      99.98 2.6091e+02    761.208      18270          6  0.000e+00
      5.555      5.500    -0.7162  27.391152    -0.7140  27.391953     8.1003     8.1304     1.5893    87.3010 8.1637e+01  -64.93308  -64.40098 344.426554      99.95 2.6091e+02    761.250      18271          6  0.000e+00
      5.493      5.439    -0.7164  27.390866    -0.7136  27.392232     8.1021     8.1301     1.5820    87.3010 8.1869e+01  -64.93308  -64.40098 344.426554      99.95 2.6091e+02    761.292      18272          6  0.000e+00
      5.555      5.500    -0.7164  27.390637    -0.7138  27.391785     8.1097     8.1301     1.5893    87.3010 8.2334e+01  -64.93308  -64.40098 344.426555      99.98 2.6091e+02    761.333      18273          6  0.000e+00
      5.507      5.453    -0.7164  27.390866    -0.7141  27.391674     8.1080     8.1308     1.5893    87.3010 8.2568e+01  -64.93308  -64.40098 344.426555      99.98 2.6091e+02    761.375      18274          6  0.000e+00
      5.548      5.494    -0.7166  27.390866    -0.7144  27.392232     8.1092     8.1316     1.5820    87.3267 8.3037e+01  -64.93308  -64.40098 344.426556      99.98 2.6091e+02    761.417      18275          6  0.000e+00
      5.459      5.406    -0.7164  27.390637    -0.7151  27.391785     8.1159     8.1270     1.5893    87.3525 8.3509e+01  -64.93308  -64.40098 344.426556      99.98 2.6091e+02    761.458      18276          6  0.000e+00
      5.507      5.453    -0.7164  27.390637    -0.7158  27.390948     8.1122     8.1272     1.5893    87.3525 8.3746e+01  -64.93308  -64.40098 344.426557      99.98 2.6091e+02    761.500      18277          6  0.000e+00
      5.446      5.392    -0.7161  27.390866    -0.7158  27.390166     8.1125     8.1328     1.5893    87.3525 8.3984e+01  -64.93308  -64.40098 344.426557      99.98 2.6091e+02    761.542      18278          6  0.000e+00
      5.459      5.406    -0.7164  27.390809    -0.7156  27.389440     8.1128     8.1338     1.5893    87.3782 8.4222e+01  -64.93308  -64.40098 344.426558      99.95 2.6091e+02    761.583      18279          6  0.000e+00
      5.446      5.392    -0.7163  27.391380    -0.7158  27.389608     8.1186     8.1339     1.5893    87.3782 8.4461e+01  -64.93308  -64.40098 344.426558      99.95 2.6091e+02    761.625      18280          6  0.000e+00
      5.507      5.453    -0.7164  27.390866    -0.7161  27.389608     8.1139     8.1342     1.5893    87.3782 8.4461e+01  -64.93308  -64.40098 344.426559      99.98 2.6091e+02    761.667      18281          6  0.000e+00
      5.404      5.351    -0.7166  27.390866    -0.7161  27.389608     8.1133     8.1342     1.5820    87.3525 8.4701e+01  -64.93308  -64.40098 344.426559      99.98 2.6091e+02    761.708      18282          6  0.000e+00
