NBP2113_155081_ctd/data/nbp2113_052.ros
* Sea-Bird SBE 9 Data File:
* FileName = D:\Data\raw\NBP2113_052.hex
* Software Version Seasave V 7.26.7.121
* Temperature SN = 2438
* Conductivity SN = 2067
* Number of Bytes Per Scan = 40
* Number of Voltage Words = 5
* Number of Scans Averaged by the Deck Unit = 1
* NMEA Latitude = 64 54.69 S
* NMEA Longitude = 064 40.23 W
* NMEA UTC (Time) = Dec 11 2021  16:24:27
* NMEA baud rate = 9600
** Ship: RVIB N.B. Palmer
** Cruise: NBP2113 LTER
** Station: 593.051
** Operator: S. Blackman
# nquan = 20
# nvalues = 1155                                  
# units = specified
# name 0 = prDM: Pressure, Digiquartz [db]
# name 1 = depSM: Depth [salt water, m]
# name 2 = t090C: Temperature [ITS-90, deg C]
# name 3 = c0mS/cm: Conductivity [mS/cm]
# name 4 = t190C: Temperature, 2 [ITS-90, deg C]
# name 5 = c1mS/cm: Conductivity, 2 [mS/cm]
# name 6 = sbeox0ML/L: Oxygen, SBE 43 [ml/l]
# name 7 = sbeox1ML/L: Oxygen, SBE 43, 2 [ml/l]
# name 8 = flECO-AFL: Fluorescence, WET Labs ECO-AFL/FL [mg/m^3]
# name 9 = CStarTr0: Beam Transmission, WET Labs C-Star [%]
# name 10 = par: PAR/Irradiance, Biospherical/Licor
# name 11 = latitude: Latitude [deg]
# name 12 = longitude: Longitude [deg]
# name 13 = timeJ: Julian Days
# name 14 = altM: Altimeter [m]
# name 15 = spar: SPAR, Biospherical/Licor
# name 16 = timeS: Time, Elapsed [seconds]
# name 17 = scan: Scan Count
# name 18 = nbf: Bottles Fired
# name 19 = flag:  0.000e+00
# interval = seconds: 0.0416667
# start_time = Dec 11 2021 16:24:27 [NMEA time, header]
# bad_flag = -9.990e-29
*END*
[from data line 869]
     10.210     10.110    -0.4231  27.753906    -0.4156  27.749868     8.0699     8.0944     1.4208    84.0308 9.3264e+01  -64.91188  -64.67142 345.720502      99.93 6.1701e+02   3184.375      76426         19  0.000e+00
     10.121     10.022    -0.4246  27.740235    -0.4236  27.748579     8.0691     8.0958     1.4208    84.0308 9.3529e+01  -64.91188  -64.67142 345.720503      99.95 6.1701e+02   3184.417      76427         19  0.000e+00
     10.162     10.062    -0.4264  27.735985    -0.4344  27.743362     8.0779     8.0926     1.4282    84.0308 9.3794e+01  -64.91188  -64.67142 345.720503      99.98 6.1701e+02   3184.458      76428         19  0.000e+00
     10.121     10.022    -0.4238  27.739431    -0.4382  27.735060     8.0759     8.0983     1.4208    84.0308 9.4060e+01  -64.91188  -64.67142 345.720503      99.98 6.1701e+02   3184.500      76429         19  0.000e+00
     10.121     10.022    -0.4216  27.742073    -0.4499  27.726367     8.0738     8.1008     1.4282    84.0308 9.4327e+01  -64.91188  -64.67142 345.720504      99.98 6.1701e+02   3184.542      76430         19  0.000e+00
     10.162     10.062    -0.4155  27.742072    -0.4622  27.723227     8.0665     8.1031     1.4208    84.0308 9.4594e+01  -64.91188  -64.67142 345.720504      99.98 6.1701e+02   3184.583      76431         19  0.000e+00
     10.073      9.974    -0.4173  27.742302    -0.4660  27.711339     8.0719     8.1050     1.4282    84.0308 9.4862e+01  -64.91188  -64.67142 345.720505      99.98 6.1701e+02   3184.625      76432         19  0.000e+00
     10.121     10.022    -0.4236  27.751264    -0.4716  27.699676     8.0716     8.1074     1.4208    84.0308 9.5131e+01  -64.91188  -64.67142 345.720505      99.95 6.1701e+02   3184.667      76433         19  0.000e+00
     10.060      9.961    -0.4281  27.744945    -0.4763  27.691828     8.0659     8.1092     1.4208    84.0308 9.5401e+01  -64.91188  -64.67142 345.720506      99.95 6.1701e+02   3184.708      76434         19  0.000e+00
     10.073      9.974    -0.4311  27.737593    -0.4796  27.685830     8.0715     8.1106     1.4282    84.0308 9.5671e+01  -64.91188  -64.67142 345.720506      99.98 6.1525e+02   3184.750      76435         19  0.000e+00
     10.107     10.008    -0.4360  27.733344    -0.4805  27.681906     8.0667     8.1114     1.4282    84.0565 9.5943e+01  -64.91188  -64.67142 345.720507      99.98 6.1525e+02   3184.792      76436         19  0.000e+00
     10.019      9.920    -0.4408  27.728635    -0.4798  27.679327     8.0720     8.1116     1.4208    84.0823 9.6215e+01  -64.91188  -64.67142 345.720507      99.95 6.1525e+02   3184.833      76437         19  0.000e+00
     10.019      9.920    -0.4472  27.724099    -0.4811  27.678599     8.0685     8.1122     1.4208    84.0823 9.6487e+01  -64.91188  -64.67142 345.720508      99.93 6.1525e+02   3184.875      76438         19  0.000e+00
     10.060      9.961    -0.4499  27.718644    -0.4841  27.677758     8.0746     8.1130     1.4208    84.0823 9.6761e+01  -64.91188  -64.67142 345.720508      99.95 6.1701e+02   3184.917      76439         19  0.000e+00
     10.019      9.920    -0.4509  27.713131    -0.4864  27.675404     8.0757     8.1137     1.4355    84.0823 9.7035e+01  -64.91188  -64.67142 345.720509      99.98 6.1525e+02   3184.958      76440         19  0.000e+00
     10.019      9.920    -0.4512  27.709974    -0.4879  27.673050     8.0705     8.1143     1.4355    84.0823 9.7310e+01  -64.91188  -64.67142 345.720509      99.98 6.1701e+02   3185.000      76441         19  0.000e+00
     10.005      9.907    -0.4530  27.708883    -0.4893  27.669407     8.0712     8.1149     1.4355    84.0823 9.7586e+01  -64.91188  -64.67142 345.720510      99.98 6.1525e+02   3185.042      76442         19  0.000e+00
      9.971      9.873    -0.4552  27.708883    -0.4906  27.668118     8.0718     8.1152     1.4428    84.0823 9.7863e+01  -64.91188  -64.67142 345.720510      99.98 6.1701e+02   3185.083      76443         19  0.000e+00
      9.971      9.873    -0.4540  27.706127    -0.4918  27.666549     8.0705     8.1156     1.4355    84.0823 9.7863e+01  -64.91188  -64.67142 345.720511      99.98 6.1701e+02   3185.125      76444         19  0.000e+00
      9.957      9.859    -0.4519  27.706012    -0.4936  27.665765     8.0630     8.1159     1.4355    84.0823 9.8140e+01  -64.91188  -64.67142 345.720511      99.93 6.1701e+02   3185.167      76445         19  0.000e+00
      9.916      9.818    -0.4471  27.709169    -0.4954  27.664196     8.0605     8.1163     1.4355    84.0823 9.8140e+01  -64.91188  -64.67142 345.720512      99.95 6.1701e+02   3185.208      76446         19  0.000e+00
      9.957      9.859    -0.4402  27.713877    -0.4972  27.661954     8.0619     8.1122     1.4428    84.0823 9.8418e+01  -64.91188  -64.67142 345.720512      99.98 6.1701e+02   3185.250      76447         19  0.000e+00
      9.916      9.818    -0.4379  27.718355    -0.5004  27.658985     8.0596     8.1120     1.4355    84.0823 9.8418e+01  -64.91188  -64.67142 345.720513      99.98 6.1701e+02   3185.292      76448         19  0.000e+00
      9.916      9.818    -0.4403  27.723121    -0.5024  27.656071     8.0581     8.1172     1.4428    84.0823 9.8697e+01  -64.91188  -64.67142 345.720513      99.95 6.1701e+02   3185.333      76449         19  0.000e+00
      9.909      9.812    -0.4391  27.724155    -0.5023  27.653213     8.0516     8.1118     1.4428    84.0823 9.8697e+01  -64.91188  -64.67142 345.720514      99.95 6.1701e+02   3185.375      76450         19  0.000e+00
      9.868      9.771    -0.4380  27.722260    -0.5001  27.652989     8.0543     8.1104     1.4428    84.0823 9.8977e+01  -64.91188  -64.67142 345.720514      99.95 6.1701e+02   3185.417      76451         19  0.000e+00
      9.868      9.771    -0.4461  27.724443    -0.4997  27.653997     8.0538     8.1092     1.4355    84.0823 9.8977e+01  -64.91188  -64.67142 345.720515      99.98 6.1701e+02   3185.458      76452         19  0.000e+00
      9.854      9.758    -0.4575  27.719448    -0.4972  27.655062     8.0543     8.1077     1.4355    84.0823 9.8977e+01  -64.91188  -64.67142 345.720515      99.98 6.1701e+02   3185.500      76453         19  0.000e+00
      9.868      9.771    -0.4623  27.704463    -0.4944  27.656350     8.0513     8.1116     1.4355    84.0823 9.8977e+01  -64.91188  -64.67142 345.720516      99.98 6.1701e+02   3185.542      76454         19  0.000e+00
      9.820      9.724    -0.4722  27.696541    -0.4976  27.659208     8.0576     8.1063     1.4355    84.0823 9.9258e+01  -64.91188  -64.67142 345.720516      99.98 6.1701e+02   3185.583      76455         19  0.000e+00
      9.806      9.710    -0.4822  27.690228    -0.5023  27.660778     8.0535     8.1061     1.4428    83.9020 9.9258e+01  -64.91188  -64.67142 345.720516      99.98 6.1701e+02   3185.625      76456         19  0.000e+00
      9.820      9.724    -0.4908  27.680012    -0.5048  27.655567     8.0525     8.1060     1.4428    83.6188 9.9258e+01  -64.91188  -64.67142 345.720517      99.93 6.1701e+02   3185.667      76457         19  0.000e+00
      9.765      9.669    -0.4936  27.672667    -0.5064  27.649571     8.0528     8.1056     1.4355    83.5158 9.9258e+01  -64.91188  -64.67142 345.720517      99.95 6.1701e+02   3185.708      76458         19  0.000e+00
      9.752      9.656    -0.4934  27.667674    -0.5068  27.647778     8.0511     8.0994     1.4428    83.5415 9.9539e+01  -64.91188  -64.67142 345.720518      99.98 6.1701e+02   3185.750      76459         19  0.000e+00
      9.765      9.669    -0.4939  27.665322    -0.5065  27.646994     8.0422     8.0976     1.4355    83.5415 9.9539e+01  -64.91188  -64.67144 345.720518      99.98 6.1525e+02   3185.792      76460         19  0.000e+00
      9.752      9.656    -0.4950  27.663887    -0.5061  27.646994     8.0406     8.0957     1.4428    83.5415 9.9539e+01  -64.91188  -64.67144 345.720519      99.95 6.1701e+02   3185.833      76461         19  0.000e+00
      9.765      9.669    -0.4953  27.662682    -0.5065  27.647946     8.0433     8.0994     1.4428    83.5673 9.9539e+01  -64.91188  -64.67144 345.720519      99.95 6.1701e+02   3185.875      76462         19  0.000e+00
      9.717      9.622    -0.4955  27.661649    -0.5070  27.647218     8.0400     8.0931     1.4428    83.5415 9.9539e+01  -64.91188  -64.67144 345.720520      99.98 6.1701e+02   3185.917      76463         19  0.000e+00
      9.704      9.608    -0.4970  27.661248    -0.5064  27.646433     8.0312     8.0913     1.4355    83.5415 9.9539e+01  -64.91188  -64.67144 345.720520      99.95 6.1701e+02   3185.958      76464         19  0.000e+00
      9.663      9.568    -0.4986  27.660559    -0.5045  27.647218     8.0282     8.0892     1.4428    83.5415 9.9539e+01  -64.91188  -64.67144 345.720521      99.98 6.1525e+02   3186.000      76465         19  0.000e+00
      9.615      9.520    -0.4998  27.658207    -0.5030  27.648282     8.0325     8.0871     1.4355    83.5415 9.9539e+01  -64.91188  -64.67144 345.720521      99.98 6.1701e+02   3186.042      76466         19  0.000e+00
      9.752      9.656    -0.5015  27.656544    -0.5015  27.651140     8.0268     8.0861     1.4355    83.5673 9.9821e+01  -64.91188  -64.67144 345.720522      99.98 6.1701e+02   3186.083      76467         20  0.000e+00
      9.567      9.473    -0.5026  27.655052    -0.5001  27.652204     8.0239     8.0849     1.4428    83.5415 9.9821e+01  -64.91188  -64.67144 345.720522      99.98 6.1701e+02   3186.125      76468         20  0.000e+00
      9.717      9.622    -0.5030  27.653216    -0.4988  27.653997     8.0168     8.0841     1.4355    83.5415 1.0010e+02  -64.91188  -64.67144 345.720523      99.95 6.1701e+02   3186.167      76469         20  0.000e+00
      9.601      9.507    -0.5032  27.652699    -0.4996  27.655061     8.0242     8.0835     1.4428    83.5673 1.0010e+02  -64.91188  -64.67144 345.720523      99.95 6.1701e+02   3186.208      76470         20  0.000e+00
      9.567      9.473    -0.5036  27.652814    -0.5025  27.654781     8.0169     8.0836     1.4428    83.5415 1.0039e+02  -64.91188  -64.67144 345.720524      99.98 6.1701e+02   3186.250      76471         20  0.000e+00
      9.615      9.520    -0.5039  27.652183    -0.5064  27.653493     8.0143     8.0842     1.4355    83.5415 1.0039e+02  -64.91188  -64.67144 345.720524      99.98 6.1701e+02   3186.292      76472         20  0.000e+00
      9.553      9.459    -0.5034  27.651380    -0.5080  27.648562     8.0070     8.0836     1.4355    83.5415 1.0067e+02  -64.91188  -64.67144 345.720525      99.95 6.1701e+02   3186.333      76473         20  0.000e+00
      9.615      9.520    -0.5035  27.652298    -0.5065  27.645929     8.0103     8.0824     1.4355    83.5415 1.0096e+02  -64.91188  -64.67144 345.720525      99.93 6.1701e+02   3186.375      76474         20  0.000e+00
      9.498      9.405    -0.5038  27.652470    -0.5041  27.645648     8.0078     8.0817     1.4428    83.5415 1.0124e+02  -64.91188  -64.67144 345.720526      99.95 6.1525e+02   3186.417      76475         20  0.000e+00
      9.567      9.473    -0.5053  27.651896    -0.5006  27.649066     8.0058     8.0807     1.4355    83.5158 1.0153e+02  -64.91188  -64.67144 345.720526      99.98 6.1525e+02   3186.458      76476         20  0.000e+00
      9.512      9.419    -0.5067  27.650978    -0.4976  27.654276     8.0065     8.0787     1.4355    83.4385 1.0182e+02  -64.91188  -64.67144 345.720527      99.98 6.1525e+02   3186.500      76477         20  0.000e+00
      9.498      9.405    -0.5073  27.649028    -0.4976  27.657414     8.0131     8.0784     1.4355    83.3870 1.0211e+02  -64.91188  -64.67144 345.720527      99.98 6.1701e+02   3186.542      76478         20  0.000e+00
      9.464      9.371    -0.5072  27.647192    -0.4978  27.658591     8.0037     8.0783     1.4428    83.3870 1.0240e+02  -64.91188  -64.67144 345.720528      99.98 6.1701e+02   3186.583      76479         20  0.000e+00
      9.512      9.419    -0.5085  27.647307    -0.4962  27.657918     8.0022     8.0782     1.4428    83.3870 1.0269e+02  -64.91188  -64.67144 345.720528      99.98 6.1701e+02   3186.625      76480         20  0.000e+00
      9.451      9.358    -0.5108  27.646906    -0.4924  27.658422     8.0081     8.0776     1.4355    83.4128 1.0327e+02  -64.91188  -64.67144 345.720529      99.95 6.1525e+02   3186.667      76481         20  0.000e+00
      9.464      9.371    -0.5114  27.644554    -0.4899  27.661056     8.0097     8.0717     1.4355    83.3870 1.0356e+02  -64.91188  -64.67144 345.720529      99.95 6.1525e+02   3186.708      76482         20  0.000e+00
      9.464      9.371    -0.5117  27.643062    -0.4878  27.664978     8.0042     8.0760     1.4355    83.3870 1.0386e+02  -64.91188  -64.67144 345.720530      99.98 6.1701e+02   3186.750      76483         20  0.000e+00
      9.403      9.310    -0.5119  27.642718    -0.4864  27.668117     8.0044     8.0759     1.4355    83.3870 1.0415e+02  -64.91188  -64.67142 345.720530      99.98 6.1525e+02   3186.792      76484         20  0.000e+00
      9.409      9.317    -0.5115  27.642718    -0.4859  27.669406     8.0035     8.0762     1.4355    83.4128 1.0474e+02  -64.91188  -64.67142 345.720530      99.93 6.1525e+02   3186.833      76485         20  0.000e+00
      9.409      9.317    -0.5088  27.642832    -0.4865  27.670190     8.0036     8.0768     1.4355    83.4128 1.0474e+02  -64.91188  -64.67142 345.720531      99.93 6.1525e+02   3186.875      76486         20  0.000e+00
      9.403      9.310    -0.5045  27.643234    -0.4873  27.669125     8.0023     8.0777     1.4428    83.3870 1.0534e+02  -64.91188  -64.67142 345.720531      99.95 6.1525e+02   3186.917      76487         20  0.000e+00
      9.409      9.317    -0.5015  27.647019    -0.4890  27.667556     7.9967     8.0734     1.4428    83.3870 1.0563e+02  -64.91188  -64.67142 345.720532      99.98 6.1525e+02   3186.958      76488         20  0.000e+00
      9.314      9.222    -0.4975  27.651666    -0.4899  27.666660     8.0013     8.0789     1.4428    83.3870 1.0593e+02  -64.91188  -64.67142 345.720532      99.98 6.1525e+02   3187.000      76489         20  0.000e+00
      9.403      9.310    -0.4918  27.656140    -0.4908  27.664979     8.0002     8.0802     1.4428    83.3870 1.0623e+02  -64.91188  -64.67142 345.720533      99.98 6.1525e+02   3187.042      76490         20  0.000e+00
      9.314      9.222    -0.4845  27.664516    -0.4921  27.664194     7.9985     8.0814     1.4355    83.3870 1.0653e+02  -64.91188  -64.67142 345.720533      99.98 6.1525e+02   3187.083      76491         20  0.000e+00
      9.362      9.270    -0.4749  27.672320    -0.4935  27.662625     7.9966     8.0829     1.4355    83.3870 1.0684e+02  -64.91188  -64.67142 345.720534      99.98 6.1525e+02   3187.125      76492         20  0.000e+00
      9.348      9.256    -0.4687  27.680009    -0.4951  27.660552     7.9956     8.0844     1.4428    83.3870 1.0714e+02  -64.91188  -64.67142 345.720534      99.95 6.1525e+02   3187.167      76493         20  0.000e+00
      9.259      9.168    -0.4648  27.688159    -0.4960  27.658702     7.9936     8.0858     1.4428    83.3870 1.0714e+02  -64.91188  -64.67142 345.720535      99.95 6.1525e+02   3187.208      76494         20  0.000e+00
      9.259      9.168    -0.4608  27.693382    -0.4971  27.657918     7.9862     8.0873     1.4428    83.3870 1.0744e+02  -64.91188  -64.67142 345.720535      99.98 6.1525e+02   3187.250      76495         20  0.000e+00
      9.348      9.256    -0.4585  27.697113    -0.4976  27.657134     7.9854     8.0880     1.4428    83.3870 1.0744e+02  -64.91188  -64.67142 345.720536      99.98 6.1525e+02   3187.292      76496         20  0.000e+00
      9.259      9.168    -0.4586  27.699983    -0.4987  27.656069     7.9909     8.0887     1.4428    83.4385 1.0775e+02  -64.91188  -64.67142 345.720536      99.93 6.1525e+02   3187.333      76497         20  0.000e+00
