NBP2113_155081_ctd/data/nbp2113_046.cnv
* Sea-Bird SBE 9 Data File:
* FileName = D:\Data\raw\NBP2113_046.hex
* Software Version Seasave V 7.26.7.121
* Temperature SN = 2438
* Conductivity SN = 2067
* Number of Bytes Per Scan = 40
* Number of Voltage Words = 5
* Number of Scans Averaged by the Deck Unit = 1
* NMEA Latitude = 64 52.22 S
* NMEA Longitude = 063 49.73 W
* NMEA UTC (Time) = Dec 11 2021  05:17:37
* NMEA baud rate = 9600
** Ship: RVIB N.B. Palmer
** Cruise: NBP2113 LTER
** Station: 623.024
** Operator: B. Urmston
# nquan = 25
# nvalues = 1144                        
# units = specified
# name 0 = prDM: Pressure, Digiquartz [db]
# name 1 = depSM: Depth [salt water, m]
# name 2 = t090C: Temperature [ITS-90, deg C]
# name 3 = c0mS/cm: Conductivity [mS/cm]
# name 4 = t190C: Temperature, 2 [ITS-90, deg C]
# name 5 = c1mS/cm: Conductivity, 2 [mS/cm]
# name 6 = sbeox0ML/L: Oxygen, SBE 43 [ml/l]
# name 7 = sbeox1ML/L: Oxygen, SBE 43, 2 [ml/l]
# name 8 = flECO-AFL: Fluorescence, WET Labs ECO-AFL/FL [mg/m^3]
# name 9 = CStarTr0: Beam Transmission, WET Labs C-Star [%]
# name 10 = par: PAR/Irradiance, Biospherical/Licor
# name 11 = latitude: Latitude [deg]
# name 12 = longitude: Longitude [deg]
# name 13 = timeJ: Julian Days
# name 14 = altM: Altimeter [m]
# name 15 = spar: SPAR, Biospherical/Licor
# name 16 = timeS: Time, Elapsed [seconds]
# name 17 = scan: Scan Count
# name 18 = density00: Density [density, kg/m^3]
# name 19 = density11: Density, 2 [density, kg/m^3]
# name 20 = sal00: Salinity, Practical [PSU]
# name 21 = sal11: Salinity, Practical, 2 [PSU]
# name 22 = oxsolML/L: Oxygen Saturation, Garcia & Gordon [ml/l]
# name 23 = nbin: number of scans per bin
# name 24 = flag: flag
# span 0 =      1.000,    574.000       
# span 1 =      0.990,    567.591       
# span 2 =    -0.2124,     1.2926       
# span 3 =  27.935586,  30.131306       
# span 4 =    -0.2127,     1.2926       
# span 5 =  27.933862,  30.129918       
# span 6 =     4.2881,     8.7092       
# span 7 =     4.3574,    10.0201       
# span 8 =    -0.0199,     1.9964       
# span 9 =    84.7222,    91.2789       
# span 10 = -2.077e-05, 5.9547e+00      
# span 11 =  -64.87088,  -64.87040      
# span 12 =  -63.82976,  -63.82888      
# span 13 = 345.224746, 345.250665      
# span 14 =       1.05,     100.92      
# span 15 = 0.0000e+00, 0.0000e+00      
# span 16 =    360.995,   2600.416      
# span 17 =       8665,      62411      
# span 18 =  1027.1315,  1030.4296      
# span 19 =  1027.1299,  1030.4284      
# span 20 =    33.7684,    34.6351      
# span 21 =    33.7666,    34.6334      
# span 22 =    7.76753,    8.12465      
# span 23 =          5,         50      
# span 24 = 0.0000e+00, 0.0000e+00      
# interval = decibars: 1                
# start_time = Dec 11 2021 05:17:37 [NMEA time, header]
# bad_flag = -9.990e-29
*END*
[from data line 870]
    274.000    271.137     0.9952  29.686624     0.9973  29.687812     4.6579     4.7156     0.0037    91.1869 1.0000e-12  -64.87082  -63.82960 345.242173      99.97 0.0000e+00   1866.735      44803  1028.9910  1028.9901    34.5649    34.5641    7.83052         34 0.0000e+00
    273.000    270.148     0.9946  29.685327     0.9961  29.686141     4.6565     4.7214     0.0093    91.1696 1.0000e-12  -64.87082  -63.82960 345.242190      99.97 0.0000e+00   1868.205      44838  1028.9860  1028.9853    34.5646    34.5639    7.83067         32 0.0000e+00
    272.000    269.158     0.9943  29.684753     0.9943  29.683644     4.6577     4.7223    -0.0063    91.1852 1.0000e-12  -64.87082  -63.82962 345.242204      99.97 0.0000e+00   1869.397      44867  1028.9813  1028.9802    34.5647    34.5633    7.83071         26 0.0000e+00
    271.000    268.170     0.9947  29.684744     0.9942  29.682900     4.6657     4.7189    -0.0015    91.1955 1.0000e-12  -64.87082  -63.82961 345.242217      99.97 0.0000e+00   1870.512      44893  1028.9767  1028.9753    34.5649    34.5630    7.83063         28 0.0000e+00
    270.000    267.181     0.9949  29.684409     0.9940  29.682217     4.6677     4.7195    -0.0127    91.1791 1.0000e-12  -64.87083  -63.82961 345.242231      99.97 0.0000e+00   1871.774      44924  1028.9718  1028.9704    34.5648    34.5629    7.83060         34 0.0000e+00
    269.000    266.192     0.9928  29.681700     0.9942  29.682194     4.6766     4.7208    -0.0015    91.1796 1.0000e-12  -64.87084  -63.82962 345.242249      99.97 0.0000e+00   1873.302      44960  1028.9668  1028.9659    34.5641    34.5633    7.83104         35 0.0000e+00
    268.000    265.204     0.9886  29.676506     0.9905  29.677598     4.6741     4.7290     0.0017    91.1640 1.0000e-12  -64.87084  -63.82962 345.242266      99.97 0.0000e+00   1874.748      44995  1028.9613  1028.9606    34.5627    34.5621    7.83196         32 0.0000e+00
    267.000    264.214     0.9887  29.676097     0.9902  29.676733     4.6769     4.7284    -0.0004    91.1634 1.0000e-12  -64.87084  -63.82962 345.242280      99.97 0.0000e+00   1876.000      45025  1028.9565  1028.9558    34.5627    34.5619    7.83195         29 0.0000e+00
    266.000    263.225     0.9876  29.674706     0.9861  29.671811     4.6842     4.7320    -0.0060    91.1749 1.0000e-12  -64.87084  -63.82962 345.242295      99.97 0.0000e+00   1877.265      45055  1028.9519  1028.9504    34.5627    34.5607    7.83217         33 0.0000e+00
    265.000    262.237     0.9785  29.664983     0.9887  29.674162     4.6860     4.7335    -0.0042    91.1660 1.0000e-12  -64.87084  -63.82962 345.242313      99.97 0.0000e+00   1878.855      45094  1028.9465  1028.9460    34.5609    34.5614    7.83410         38 0.0000e+00
    264.000    261.247     0.9663  29.651243     0.9755  29.659867     4.7135     4.7501     0.0070    91.1745 1.0000e-12  -64.87084  -63.82963 345.242337      99.97 0.0000e+00   1880.924      45143  1028.9400  1028.9398    34.5572    34.5581    7.83674         42 0.0000e+00
    263.000    260.260     0.9555  29.639189     0.9617  29.644826     4.7112     4.7583     0.0040    91.1549 1.0000e-12  -64.87084  -63.82964 345.242360      99.97 0.0000e+00   1882.924      45191  1028.9338  1028.9337    34.5542    34.5547    7.83907         40 0.0000e+00
    262.000    259.274     0.9579  29.642119     0.9619  29.644363     4.7070     4.7601    -0.0060    91.1752 1.0000e-12  -64.87084  -63.82964 345.242393      99.97 0.0000e+00   1885.714      45258  1028.9300  1028.9285    34.5560    34.5545    7.83850         29 0.0000e+00
    261.000    258.280     0.9573  29.640674     0.9556  29.637720     4.7131     4.7707    -0.0071    91.1710 1.0000e-12  -64.87084  -63.82964 345.242438      99.97 0.0000e+00   1889.665      45353  1028.9246  1028.9234    34.5553    34.5535    7.83865         41 0.0000e+00
    260.000    257.290     0.9537  29.636413     0.9530  29.634198     4.7129     4.7690     0.0037    91.1710 1.0000e-12  -64.87084  -63.82964 345.242469      99.97 0.0000e+00   1892.305      45416  1028.9194  1028.9179    34.5544    34.5523    7.83943         27 0.0000e+00
    259.000    256.301     0.9363  29.617184     0.9395  29.619140     4.7201     4.7755     0.0022    91.1409 1.0000e-12  -64.87084  -63.82966 345.242539      99.97 0.0000e+00   1898.402      45563  1028.9120  1028.9110    34.5495    34.5485    7.84319         29 0.0000e+00
    258.000    255.313     0.9454  29.626542     0.9518  29.632416     4.7228     4.7763     0.0032    91.1584 1.0000e-12  -64.87084  -63.82966 345.242569      99.97 0.0000e+00   1900.960      45624  1028.9085  1028.9083    34.5521    34.5525    7.84122         45 0.0000e+00
    257.000    254.324     0.9385  29.619235     0.9430  29.622180     4.7109     4.7723     0.0033    91.1785 1.0000e-12  -64.87085  -63.82966 345.242599      99.97 0.0000e+00   1903.591      45687  1028.9035  1028.9023    34.5509    34.5497    7.84267         28 0.0000e+00
    256.000    253.335     0.9493  29.630094     0.9481  29.627511     4.7205     4.7779     0.0034    91.1743 1.0000e-12  -64.87086  -63.82968 345.242677      99.97 0.0000e+00   1910.267      45847  1028.8999  1028.8985    34.5535    34.5515    7.84036         29 0.0000e+00
    255.000    252.347     0.9414  29.620848     0.9411  29.619276     4.7232     4.7820     0.0061    91.1533 1.0000e-12  -64.87086  -63.82968 345.242710      99.97 0.0000e+00   1913.173      45917  1028.8940  1028.8927    34.5510    34.5492    7.84209         37 0.0000e+00
    254.000    251.358     0.9463  29.625748     0.9447  29.622922     4.7337     4.7824     0.0023    91.1735 1.0000e-12  -64.87086  -63.82968 345.242730      99.97 0.0000e+00   1914.884      45958  1028.8899  1028.8886    34.5524    34.5505    7.84102         28 0.0000e+00
    253.000    250.369     0.9094  29.585939     0.9110  29.586125     4.7610     4.8166    -0.0042    91.1731 1.0000e-12  -64.87086  -63.82969 345.242804      99.97 0.0000e+00   1921.252      46111  1028.8803  1028.8790    34.5425    34.5410    7.84898         32 0.0000e+00
    252.000    249.379     0.9118  29.587544     0.9068  29.581923     4.7607     4.8166     0.0044    91.1587 1.0000e-12  -64.87086  -63.82970 345.242839      99.97 0.0000e+00   1924.307      46184  1028.8752  1028.8743    34.5426    34.5408    7.84850         34 0.0000e+00
    251.000    248.390     0.9024  29.577731     0.9022  29.576324     4.7683     4.8252    -0.0037    91.1532 1.0000e-12  -64.87088  -63.82974 345.243330      99.97 0.0000e+00   1966.703      47202  1028.8697  1028.8684    34.5409    34.5393    7.85049         30 0.0000e+00
    250.000    247.402     0.9036  29.578675     0.9035  29.577586     4.7698     4.8293     0.0012    91.1666 1.0000e-12  -64.87088  -63.82974 345.243416      99.97 0.0000e+00   1974.173      47381  1028.8651  1028.8641    34.5413    34.5400    7.85021         31 0.0000e+00
    249.000    246.414     0.9035  29.578087     0.9001  29.573419     4.7687     4.8298     0.0068    91.1543 1.0000e-12  -64.87088  -63.82974 345.243434      99.97 0.0000e+00   1975.679      47417  1028.8605  1028.8589    34.5414    34.5391    7.85024         36 0.0000e+00
    248.000    245.423     0.9006  29.574612     0.8988  29.571396     4.7697     4.8279     0.0035    91.1620 1.0000e-12  -64.87088  -63.82974 345.243453      99.97 0.0000e+00   1977.373      47458  1028.8555  1028.8539    34.5407    34.5385    7.85087         33 0.0000e+00
    247.000    244.435     0.8991  29.572589     0.8972  29.569442     4.7811     4.8326    -0.0003    91.1593 1.0000e-12  -64.87088  -63.82974 345.243474      99.97 0.0000e+00   1979.133      47500  1028.8506  1028.8491    34.5403    34.5383    7.85118         33 0.0000e+00
    246.000    243.446     0.8970  29.569906     0.8967  29.568437     4.7751     4.8388    -0.0038    91.1635 1.0000e-12  -64.87088  -63.82974 345.243491      99.97 0.0000e+00   1980.618      47536  1028.8456  1028.8443    34.5397    34.5381    7.85163         33 0.0000e+00
    245.000    242.457     0.8962  29.568634     0.8947  29.565927     4.7733     4.8460    -0.0035    91.1634 1.0000e-12  -64.87088  -63.82974 345.243505      99.97 0.0000e+00   1981.864      47566  1028.8408  1028.8395    34.5395    34.5378    7.85180         28 0.0000e+00
    244.000    241.468     0.8957  29.567649     0.8924  29.563173     4.7891     4.8423    -0.0004    91.1634 1.0000e-12  -64.87088  -63.82974 345.243517      99.97 0.0000e+00   1982.908      47591  1028.8360  1028.8346    34.5394    34.5373    7.85191         23 0.0000e+00
    243.000    240.478     0.8920  29.563326     0.8834  29.553417     4.7915     4.8504     0.0052    91.1634 1.0000e-12  -64.87088  -63.82974 345.243528      99.97 0.0000e+00   1983.834      47613  1028.8310  1028.8292    34.5385    34.5353    7.85270         22 0.0000e+00
    242.000    239.490     0.8836  29.554426     0.8795  29.548563     4.7936     4.8519     0.0121    91.1634 1.0000e-12  -64.87088  -63.82974 345.243539      99.97 0.0000e+00   1984.744      47635  1028.8257  1028.8236    34.5369    34.5339    7.85448         21 0.0000e+00
    241.000    238.500     0.8780  29.547632     0.8750  29.543197     4.8086     4.8519     0.0008    91.1634 1.0000e-12  -64.87088  -63.82974 345.243550      99.97 0.0000e+00   1985.742      47659  1028.8199  1028.8182    34.5350    34.5326    7.85573         27 0.0000e+00
    240.000    237.511     0.8807  29.549757     0.8740  29.541404     4.7969     4.8542     0.0038    91.1620 1.0000e-12  -64.87088  -63.82974 345.243566      99.97 0.0000e+00   1987.078      47691  1028.8150  1028.8130    34.5353    34.5319    7.85515         36 0.0000e+00
    239.000    236.523     0.8796  29.548198     0.8802  29.547814     4.8012     4.8565     0.0049    91.1647 1.0000e-12  -64.87088  -63.82974 345.243587      99.97 0.0000e+00   1988.913      47735  1028.8103  1028.8092    34.5351    34.5339    7.85540         41 0.0000e+00
    238.000    235.533     0.8737  29.541643     0.8711  29.537688     4.8007     4.8660     0.0004    91.1464 1.0000e-12  -64.87088  -63.82974 345.243605      99.97 0.0000e+00   1990.491      47773  1028.8050  1028.8034    34.5338    34.5315    7.85666         31 0.0000e+00
    237.000    234.545     0.8720  29.539228     0.8696  29.535893     4.8165     4.8741    -0.0007    91.1636 1.0000e-12  -64.87088  -63.82974 345.243619      99.97 0.0000e+00   1991.641      47800  1028.7998  1028.7987    34.5331    34.5315    7.85703         25 0.0000e+00
    236.000    233.555     0.8663  29.533059     0.8579  29.523201     4.8211     4.8775     0.0070    91.1634 1.0000e-12  -64.87088  -63.82974 345.243630      99.97 0.0000e+00   1992.663      47825  1028.7948  1028.7928    34.5321    34.5287    7.85825         24 0.0000e+00
    235.000    232.565     0.8614  29.527152     0.8521  29.516170     4.8254     4.8834     0.0096    91.1634 1.0000e-12  -64.87088  -63.82974 345.243642      99.97 0.0000e+00   1993.677      47849  1028.7892  1028.7869    34.5304    34.5266    7.85931         25 0.0000e+00
    234.000    231.578     0.8579  29.522883     0.8504  29.513774     4.8273     4.8815     0.0120    91.1634 1.0000e-12  -64.87088  -63.82975 345.243654      99.97 0.0000e+00   1994.738      47875  1028.7839  1028.7817    34.5294    34.5259    7.86008         26 0.0000e+00
    233.000    230.588     0.8530  29.517719     0.8483  29.511028     4.8196     4.8799     0.0011    91.1634 1.0000e-12  -64.87088  -63.82975 345.243668      99.97 0.0000e+00   1995.875      47902  1028.7791  1028.7767    34.5288    34.5254    7.86111         29 0.0000e+00
    232.000    229.599     0.8519  29.515412     0.8494  29.511902     4.8285     4.8796     0.0040    91.1634 1.0000e-12  -64.87088  -63.82974 345.243682      99.97 0.0000e+00   1997.154      47933  1028.7734  1028.7721    34.5276    34.5258    7.86140         33 0.0000e+00
    231.000    228.610     0.8497  29.512772     0.8486  29.510581     4.8280     4.8856     0.0144    91.1634 1.0000e-12  -64.87088  -63.82974 345.243699      99.97 0.0000e+00   1998.550      47966  1028.7685  1028.7672    34.5272    34.5256    7.86185         33 0.0000e+00
    230.000    227.621     0.8481  29.510623     0.8467  29.508221     4.8241     4.8794     0.0113    91.1658 1.0000e-12  -64.87088  -63.82974 345.243714      99.97 0.0000e+00   1999.905      47999  1028.7635  1028.7622    34.5268    34.5252    7.86220         32 0.0000e+00
    229.000    226.632     0.8478  29.509903     0.8502  29.511245     4.8297     4.8823    -0.0051    91.1746 1.0000e-12  -64.87088  -63.82974 345.243729      99.97 0.0000e+00   2001.165      48029  1028.7587  1028.7576    34.5267    34.5258    7.86226         28 0.0000e+00
    228.000    225.642     0.8497  29.511520     0.8531  29.514090     4.8205     4.8738     0.0047    91.1642 1.0000e-12  -64.87088  -63.82974 345.243742      99.97 0.0000e+00   2002.341      48057  1028.7542  1028.7534    34.5273    34.5268    7.86184         29 0.0000e+00
    227.000    224.653     0.8506  29.511883     0.8538  29.514356     4.8240     4.8714     0.0060    91.1548 1.0000e-12  -64.87088  -63.82975 345.243757      99.97 0.0000e+00   2003.572      48087  1028.7494  1028.7488    34.5274    34.5271    7.86166         32 0.0000e+00
    226.000    223.665     0.8524  29.513493     0.8552  29.515321     4.8122     4.8737     0.0044    91.1757 1.0000e-12  -64.87088  -63.82975 345.243774      99.97 0.0000e+00   2005.108      48124  1028.7450  1028.7442    34.5280    34.5274    7.86126         40 0.0000e+00
    225.000    222.676     0.8546  29.515438     0.8545  29.514208     4.8076     4.8733     0.0071    91.1809 1.0000e-12  -64.87088  -63.82975 345.243793      99.97 0.0000e+00   2006.728      48162  1028.7406  1028.7395    34.5287    34.5273    7.86078         37 0.0000e+00
    224.000    221.685     0.8579  29.518513     0.8582  29.517832     4.8005     4.8721     0.0069    91.1735 1.0000e-12  -64.87088  -63.82975 345.243810      99.97 0.0000e+00   2008.177      48197  1028.7363  1028.7352    34.5297    34.5284    7.86007         33 0.0000e+00
    223.000    220.697     0.8599  29.519708     0.8629  29.522097     4.8098     4.8694     0.0010    91.1808 1.0000e-12  -64.87088  -63.82975 345.243827      99.97 0.0000e+00   2009.614      48232  1028.7314  1028.7309    34.5296    34.5293    7.85967         37 0.0000e+00
    222.000    219.708     0.8576  29.517356     0.8638  29.522966     4.8162     4.8698    -0.0004    91.1640 1.0000e-12  -64.87088  -63.82975 345.243845      99.97 0.0000e+00   2011.198      48270  1028.7270  1028.7267    34.5297    34.5300    7.86013         34 0.0000e+00
    221.000    218.718     0.8586  29.517773     0.8618  29.520677     4.8134     4.8690     0.0041    91.1720 1.0000e-12  -64.87088  -63.82975 345.243863      99.97 0.0000e+00   2012.793      48308  1028.7222  1028.7220    34.5297    34.5299    7.85993         39 0.0000e+00
    220.000    217.729     0.8616  29.520777     0.8597  29.517661     4.8045     4.8703    -0.0055    91.1771 1.0000e-12  -64.87088  -63.82974 345.243882      99.97 0.0000e+00   2014.413      48347  1028.7181  1028.7167    34.5309    34.5288    7.85927         36 0.0000e+00
    219.000    216.740     0.8639  29.522457     0.8606  29.517951     4.8102     4.8666     0.0045    91.1631 1.0000e-12  -64.87088  -63.82974 345.243901      99.97 0.0000e+00   2016.031      48386  1028.7133  1028.7119    34.5310    34.5289    7.85879         34 0.0000e+00
    218.000    215.752     0.8659  29.524361     0.8634  29.520525     4.8020     4.8639     0.0039    91.1577 1.0000e-12  -64.87088  -63.82975 345.243918      99.97 0.0000e+00   2017.494      48421  1028.7091  1028.7076    34.5318    34.5297    7.85833         32 0.0000e+00
