NBP2113_155081_ctd/data/nbp2113_023.cnv
* Sea-Bird SBE 9 Data File:
* FileName = D:\Data\raw\NBP2113_023.hex
* Software Version Seasave V 7.26.7.121
* Temperature SN = 2438
* Conductivity SN = 2067
* Number of Bytes Per Scan = 40
* Number of Voltage Words = 5
* Number of Scans Averaged by the Deck Unit = 1
* NMEA Latitude = 67 30.61 S
* NMEA Longitude = 070 35.52 W
* NMEA UTC (Time) = Dec 02 2021  00:50:18
* NMEA baud rate = 9600
** Ship: RVIB N.B. Palmer
** Cruise: NBP2113 LTER
** Station: 200.040
** Operator: S. Blackman
# nquan = 25
# nvalues = 1490                        
# units = specified
# name 0 = prDM: Pressure, Digiquartz [db]
# name 1 = depSM: Depth [salt water, m]
# name 2 = t090C: Temperature [ITS-90, deg C]
# name 3 = c0mS/cm: Conductivity [mS/cm]
# name 4 = t190C: Temperature, 2 [ITS-90, deg C]
# name 5 = c1mS/cm: Conductivity, 2 [mS/cm]
# name 6 = sbeox0ML/L: Oxygen, SBE 43 [ml/l]
# name 7 = sbeox1ML/L: Oxygen, SBE 43, 2 [ml/l]
# name 8 = flECO-AFL: Fluorescence, WET Labs ECO-AFL/FL [mg/m^3]
# name 9 = CStarTr0: Beam Transmission, WET Labs C-Star [%]
# name 10 = par: PAR/Irradiance, Biospherical/Licor
# name 11 = latitude: Latitude [deg]
# name 12 = longitude: Longitude [deg]
# name 13 = timeJ: Julian Days
# name 14 = altM: Altimeter [m]
# name 15 = spar: SPAR, Biospherical/Licor
# name 16 = timeS: Time, Elapsed [seconds]
# name 17 = scan: Scan Count
# name 18 = density00: Density [density, kg/m^3]
# name 19 = density11: Density, 2 [density, kg/m^3]
# name 20 = sal00: Salinity, Practical [PSU]
# name 21 = sal11: Salinity, Practical, 2 [PSU]
# name 22 = oxsolML/L: Oxygen Saturation, Garcia & Gordon [ml/l]
# name 23 = nbin: number of scans per bin
# name 24 = flag: flag
# span 0 =      1.000,    748.000       
# span 1 =      0.991,    739.207       
# span 2 =    -0.8252,     1.4753       
# span 3 =  27.673319,  30.295063       
# span 4 =    -0.8251,     1.4750       
# span 5 =  27.671917,  30.293303       
# span 6 =    -2.2584,    18.9637       
# span 7 =     4.0098,    10.0440       
# span 8 =    -0.0225,     2.2036       
# span 9 =    89.3069,    97.1568       
# span 10 = 1.0000e-12, 2.2716e+01      
# span 11 =  -67.51062,  -67.51020      
# span 12 =  -70.59102,  -70.58552      
# span 13 = 336.038478, 336.066396      
# span 14 =       1.12,     104.05      
# span 15 = 2.1123e+01, 4.0782e+01      
# span 16 =    306.499,   2718.616      
# span 17 =       7357,      65248      
# span 18 =  1027.3149,  1031.3032      
# span 19 =  1027.3132,  1031.3016      
# span 20 =    33.9757,    34.7153      
# span 21 =    33.9736,    34.7133      
# span 22 =    7.72879,    8.24049      
# span 23 =          9,         47      
# span 24 = 0.0000e+00, 0.0000e+00      
# interval = decibars: 1                
# start_time = Dec 02 2021 00:50:18 [NMEA time, header]
# bad_flag = -9.990e-29
*END*
[from data line 1276]
    214.000    211.756     1.3059  29.968883     1.3064  29.968251     4.0604     4.1052    -0.0055    97.0492 1.0000e-12  -67.51046  -70.58701 336.059665      99.97 2.9969e+01   2137.050      51290  1028.7279  1028.7268    34.6183    34.6169    7.76578         46 0.0000e+00
    213.000    210.767     1.3019  29.964239     1.2999  29.961002     4.0585     4.1109    -0.0147    97.0746 1.0000e-12  -67.51046  -70.58706 336.059716      99.97 2.9969e+01   2141.428      51395  1028.7226  1028.7213    34.6173    34.6154    7.76662         30 0.0000e+00
    212.000    209.780     1.3001  29.961403     1.3012  29.961641     4.0641     4.1187    -0.0146    97.0860 1.0000e-12  -67.51046  -70.58706 336.059729      99.98 2.9969e+01   2142.586      51423  1028.7172  1028.7163    34.6163    34.6153    7.76704         18 0.0000e+00
    211.000    208.789     1.2883  29.948031     1.2893  29.947879     4.0663     4.1253    -0.0144    97.0761 1.0000e-12  -67.51046  -70.58704 336.059736      99.98 2.9969e+01   2143.198      51438  1028.7108  1028.7098    34.6128    34.6115    7.76955         13 0.0000e+00
    210.000    207.802     1.2816  29.940428     1.2814  29.938992     4.0668     4.1248    -0.0143    97.0693 1.0000e-12  -67.51046  -70.58705 336.059742      99.98 2.9969e+01   2143.722      51450  1028.7054  1028.7041    34.6110    34.6094    7.77097         11 0.0000e+00
    209.000    206.809     1.2798  29.937920     1.2793  29.936203     4.0670     4.1225    -0.0150    97.0687 1.0000e-12  -67.51046  -70.58706 336.059748      99.98 2.9969e+01   2144.197      51462  1028.7003  1028.6991    34.6104    34.6088    7.77136         12 0.0000e+00
    208.000    205.821     1.2779  29.935283     1.2774  29.933500     4.0649     4.1186    -0.0150    97.0708 1.0000e-12  -67.51046  -70.58706 336.059753      99.97 2.9969e+01   2144.690      51474  1028.6952  1028.6938    34.6097    34.6080    7.77178         12 0.0000e+00
    207.000    204.834     1.2751  29.931723     1.2744  29.929740     4.0690     4.1161    -0.0088    97.0729 1.0000e-12  -67.51046  -70.58706 336.059759      99.98 2.9969e+01   2145.223      51486  1028.6901  1028.6887    34.6088    34.6071    7.77238         14 0.0000e+00
    206.000    203.844     1.2758  29.932130     1.2755  29.930591     4.0695     4.1212    -0.0084    97.0606 1.0000e-12  -67.51046  -70.58706 336.059767      99.98 2.9969e+01   2145.908      51503  1028.6855  1028.6842    34.6092    34.6076    7.77223         20 0.0000e+00
    205.000    202.854     1.2782  29.934167     1.2776  29.932596     4.0712     4.1234    -0.0131    97.0225 1.0000e-12  -67.51046  -70.58708 336.059786      99.98 2.9969e+01   2147.489      51541  1028.6809  1028.6798    34.6097    34.6083    7.77172         41 0.0000e+00
    204.000    201.866     1.2754  29.931182     1.2788  29.933188     4.0748     4.1279    -0.0105    97.0669 1.0000e-12  -67.51048  -70.58708 336.059809      99.97 2.9969e+01   2149.455      51588  1028.6762  1028.6749    34.6096    34.6084    7.77228         28 0.0000e+00
    203.000    200.877     1.2756  29.930627     1.2744  29.928251     4.0756     4.1245    -0.0144    97.0156 1.0000e-12  -67.51048  -70.58710 336.059821      99.98 2.9969e+01   2150.532      51614  1028.6712  1028.6698    34.6093    34.6075    7.77227         24 0.0000e+00
    202.000    199.888     1.2702  29.924349     1.2711  29.924043     4.0732     4.1296    -0.0098    97.0271 1.0000e-12  -67.51048  -70.58710 336.059835      99.97 2.9969e+01   2151.730      51643  1028.6657  1028.6645    34.6077    34.6064    7.77340         33 0.0000e+00
    201.000    198.899     1.2715  29.925381     1.2703  29.922910     4.0809     4.1384    -0.0130    97.0621 1.0000e-12  -67.51048  -70.58713 336.059873      99.97 2.9969e+01   2154.982      51721  1028.6611  1028.6597    34.6082    34.6064    7.77312         31 0.0000e+00
    200.000    197.911     1.2620  29.914264     1.2652  29.916766     4.0947     4.1422    -0.0147    97.0613 1.0000e-12  -67.51048  -70.58714 336.059889      99.97 2.9969e+01   2156.413      51755  1028.6548  1028.6542    34.6051    34.6048    7.77518         21 0.0000e+00
    199.000    196.921     1.2566  29.907875     1.2544  29.904264     4.0931     4.1508    -0.0109    97.0744 1.0000e-12  -67.51048  -70.58712 336.059897      99.97 2.9969e+01   2157.136      51772  1028.6493  1028.6477    34.6034    34.6013    7.77633         16 0.0000e+00
    198.000    195.931     1.2464  29.896471     1.2441  29.892889     4.0974     4.1533    -0.0073    97.0837 1.0000e-12  -67.51048  -70.58712 336.059905      99.98 2.9969e+01   2157.751      51787  1028.6434  1028.6419    34.6008    34.5986    7.77851         14 0.0000e+00
    197.000    194.943     1.2417  29.890851     1.2366  29.884331     4.0955     4.1523    -0.0121    97.0819 1.0000e-12  -67.51048  -70.58712 336.059911      99.97 2.9969e+01   2158.322      51801  1028.6379  1028.6362    34.5993    34.5966    7.77951         13 0.0000e+00
    196.000    193.952     1.2335  29.881480     1.2323  29.879174     4.0987     4.1514    -0.0150    97.0803 1.0000e-12  -67.51048  -70.58713 336.059918      99.97 2.9969e+01   2158.894      51814  1028.6321  1028.6309    34.5970    34.5953    7.78127         14 0.0000e+00
    195.000    192.962     1.2292  29.876492     1.2296  29.875558     4.0906     4.1528    -0.0087    97.0738 1.0000e-12  -67.51048  -70.58714 336.059925      99.98 2.9969e+01   2159.498      51829  1028.6268  1028.6256    34.5959    34.5943    7.78217         15 0.0000e+00
    194.000    191.976     1.2257  29.872446     1.2268  29.872230     4.0977     4.1519    -0.0073    97.0602 1.0000e-12  -67.51048  -70.58716 336.059933      99.97 2.9969e+01   2160.201      51846  1028.6219  1028.6205    34.5952    34.5937    7.78291         19 0.0000e+00
    193.000    190.985     1.2331  29.879878     1.2323  29.877647     4.0922     4.1466    -0.0064    97.0652 1.0000e-12  -67.51048  -70.58716 336.059946      99.98 2.9969e+01   2161.344      51873  1028.6178  1028.6162    34.5971    34.5951    7.78133         38 0.0000e+00
    192.000    189.997     1.2267  29.872474     1.2261  29.871198     4.0956     4.1544    -0.0087    97.0775 1.0000e-12  -67.51050  -70.58719 336.059983      99.97 2.9969e+01   2164.571      51951  1028.6121  1028.6113    34.5953    34.5944    7.78270         37 0.0000e+00
    191.000    189.007     1.2312  29.877269     1.2275  29.872292     4.1089     4.1599    -0.0057    97.0704 1.0000e-12  -67.51049  -70.58722 336.060006      99.98 2.9969e+01   2166.530      51998  1028.6081  1028.6066    34.5971    34.5947    7.78172         34 0.0000e+00
    190.000    188.019     1.2294  29.874702     1.2317  29.875748     4.1275     4.1829    -0.0087    97.0764 1.0000e-12  -67.51048  -70.58722 336.060021      99.97 2.9969e+01   2167.818      52029  1028.6030  1028.6017    34.5963    34.5951    7.78211         24 0.0000e+00
    189.000    187.031     1.1935  29.835114     1.1909  29.830430     4.1455     4.1877    -0.0151    97.0598 1.0000e-12  -67.51048  -70.58722 336.060030      99.98 2.9969e+01   2168.620      52048  1028.5935  1028.5912    34.5859    34.5828    7.78981         16 0.0000e+00
    188.000    186.042     1.1787  29.819736     1.1721  29.811758     4.1496     4.1888    -0.0150    97.0582 1.0000e-12  -67.51048  -70.58722 336.060038      99.97 2.9969e+01   2169.238      52063  1028.5879  1028.5862    34.5832    34.5802    7.79290         14 0.0000e+00
    187.000    185.051     1.1714  29.811392     1.1700  29.808968     4.1519     4.1898    -0.0150    97.0601 1.0000e-12  -67.51048  -70.58722 336.060044      99.98 2.9969e+01   2169.801      52076  1028.5822  1028.5810    34.5811    34.5796    7.79446         13 0.0000e+00
    186.000    184.062     1.1688  29.808285     1.1667  29.804871     4.1489     4.1918    -0.0150    97.0619 1.0000e-12  -67.51048  -70.58722 336.060051      99.97 2.9969e+01   2170.358      52090  1028.5771  1028.5757    34.5806    34.5786    7.79500         14 0.0000e+00
    185.000    183.074     1.1640  29.802615     1.1611  29.798142     4.1474     4.1947    -0.0145    97.0566 1.0000e-12  -67.51050  -70.58722 336.060057      99.98 2.9969e+01   2170.960      52104  1028.5717  1028.5699    34.5793    34.5767    7.79604         15 0.0000e+00
    184.000    182.083     1.1646  29.802764     1.1681  29.804822     4.1413     4.1909    -0.0085    97.0600 1.0000e-12  -67.51050  -70.58723 336.060066      99.97 2.9969e+01   2171.710      52122  1028.5668  1028.5655    34.5793    34.5781    7.79590         22 0.0000e+00
    183.000    181.095     1.1624  29.800142     1.1630  29.799648     4.1410     4.1924    -0.0073    97.0512 1.0000e-12  -67.51050  -70.58726 336.060097      99.98 2.9969e+01   2174.417      52187  1028.5617  1028.5605    34.5790    34.5776    7.79636         36 0.0000e+00
    182.000    180.107     1.1547  29.791776     1.1630  29.799017     4.1528     4.2121    -0.0061    97.0605 1.0000e-12  -67.51050  -70.58728 336.060134      99.98 2.9969e+01   2177.554      52262  1028.5560  1028.5553    34.5773    34.5774    7.79798         23 0.0000e+00
    181.000    179.116     1.1649  29.802010     1.1635  29.799182     4.1670     4.2255     0.0003    97.0601 1.0000e-12  -67.51050  -70.58728 336.060142      99.98 2.9969e+01   2178.263      52279  1028.5521  1028.5506    34.5797    34.5776    7.79582         16 0.0000e+00
    180.000    178.128     1.1492  29.784023     1.1508  29.784605     4.1842     4.2283    -0.0015    97.0601 1.0000e-12  -67.51050  -70.58728 336.060149      99.97 2.9969e+01   2178.881      52294  1028.5449  1028.5439    34.5747    34.5737    7.79923         14 0.0000e+00
    179.000    177.137     1.1415  29.774928     1.1367  29.768717     4.1860     4.2244    -0.0151    97.0601 1.0000e-12  -67.51050  -70.58728 336.060156      99.98 2.9969e+01   2179.441      52308  1028.5388  1028.5372    34.5721    34.5695    7.80090         14 0.0000e+00
    178.000    176.150     1.1309  29.763002     1.1292  29.760153     4.1952     4.2230    -0.0144    97.0601 1.0000e-12  -67.51050  -70.58730 336.060162      99.97 2.9969e+01   2179.993      52321  1028.5326  1028.5314    34.5691    34.5673    7.80317         13 0.0000e+00
    177.000    175.159     1.1280  29.759602     1.1237  29.753563     4.1963     4.2213    -0.0150    97.0601 1.0000e-12  -67.51050  -70.58730 336.060169      99.97 2.9969e+01   2180.588      52335  1028.5276  1028.5257    34.5685    34.5655    7.80377         16 0.0000e+00
    176.000    174.169     1.1215  29.752076     1.1284  29.758338     4.1835     4.2245    -0.0051    97.0601 1.0000e-12  -67.51050  -70.58730 336.060177      99.97 2.9969e+01   2181.300      52352  1028.5220  1028.5216    34.5667    34.5670    7.80518         19 0.0000e+00
    175.000    173.180     1.1272  29.758074     1.1335  29.763276     4.1760     4.2235    -0.0112    97.0601 1.0000e-12  -67.51051  -70.58732 336.060192      99.97 2.9969e+01   2182.570      52383  1028.5180  1028.5173    34.5686    34.5683    7.80393         32 0.0000e+00
    174.000    172.193     1.0899  29.717607     1.1240  29.752439     4.2140     4.2574    -0.0110    97.0709 1.0000e-12  -67.51052  -70.58733 336.060239      99.98 2.9969e+01   2186.630      52480  1028.5083  1028.5109    34.5585    34.5656    7.81192         31 0.0000e+00
    173.000    171.204     1.1146  29.744066     1.1164  29.744229     4.2666     4.3016    -0.0154    97.0735 1.0000e-12  -67.51052  -70.58734 336.060253      99.97 2.9969e+01   2187.843      52509  1028.5068  1028.5056    34.5658    34.5640    7.80660         23 0.0000e+00
    172.000    170.213     1.0943  29.720054     1.1049  29.730013     4.3035     4.3272    -0.0199    97.0651 1.0000e-12  -67.51052  -70.58735 336.060263      99.97 2.9969e+01   2188.734      52531  1028.4978  1028.4979    34.5579    34.5590    7.81107         21 0.0000e+00
    171.000    169.227     1.0619  29.684872     1.0558  29.677864     4.3258     4.3442    -0.0146    97.0742 1.0000e-12  -67.51052  -70.58737 336.060273      99.98 2.9969e+01   2189.604      52551  1028.4891  1028.4881    34.5491    34.5469    7.81802         20 0.0000e+00
    170.000    168.236     1.0403  29.661898     1.0412  29.661559     4.3511     4.3600    -0.0076    97.0716 1.0000e-12  -67.51052  -70.58738 336.060283      99.98 2.9969e+01   2190.449      52572  1028.4822  1028.4811    34.5441    34.5427    7.82262         20 0.0000e+00
    169.000    167.245     1.0331  29.653618     1.0312  29.650301     4.3534     4.3731    -0.0077    97.0631 1.0000e-12  -67.51052  -70.58738 336.060292      99.98 2.9969e+01   2191.208      52590  1028.4763  1028.4750    34.5421    34.5399    7.82418         17 0.0000e+00
    168.000    166.257     1.0281  29.647788     1.0227  29.640795     4.3527     4.3827    -0.0077    97.0601 1.0000e-12  -67.51052  -70.58738 336.060300      99.97 2.9969e+01   2191.898      52607  1028.4708  1028.4691    34.5407    34.5377    7.82526         16 0.0000e+00
    167.000    165.267     1.0178  29.636609     1.0156  29.633265     4.3726     4.3812    -0.0072    97.0520 1.0000e-12  -67.51052  -70.58738 336.060308      99.98 2.9969e+01   2192.568      52623  1028.4650  1028.4638    34.5383    34.5364    7.82745         16 0.0000e+00
    166.000    164.280     1.0125  29.631036     1.0079  29.624718     4.3873     4.3838    -0.0028    97.0385 1.0000e-12  -67.51052  -70.58738 336.060316      99.97 2.9969e+01   2193.274      52640  1028.4599  1028.4581    34.5375    34.5345    7.82854         18 0.0000e+00
    165.000    163.289     1.0067  29.625554     1.0084  29.624781     4.3712     4.3835    -0.0011    97.0448 1.0000e-12  -67.51052  -70.58738 336.060325      99.98 2.9969e+01   2194.094      52659  1028.4555  1028.4531    34.5375    34.5346    7.82971         22 0.0000e+00
    164.000    162.300     0.9903  29.608051     1.0133  29.630238     4.3419     4.3734    -0.0075    97.0350 1.0000e-12  -67.51054  -70.58738 336.060339      99.98 2.9969e+01   2195.324      52689  1028.4491  1028.4495    34.5337    34.5368    7.83320         33 0.0000e+00
    163.000    161.309     0.9611  29.577588     0.9642  29.579822     4.3940     4.4413    -0.0060    97.0502 1.0000e-12  -67.51054  -70.58742 336.060397      99.97 2.9969e+01   2200.285      52808  1028.4409  1028.4403    34.5274    34.5268    7.83941         29 0.0000e+00
    162.000    160.322     0.9970  29.613186     1.0052  29.620067     4.4287     4.4684     0.0002    97.0590 1.0000e-12  -67.51053  -70.58743 336.060413      99.98 2.9969e+01   2201.650      52841  1028.4377  1028.4370    34.5341    34.5338    7.83184         18 0.0000e+00
    161.000    159.335     0.9608  29.574679     0.9529  29.565776     4.4377     4.4853    -0.0075    97.0423 1.0000e-12  -67.51052  -70.58744 336.060420      99.98 2.9969e+01   2202.316      52857  1028.4294  1028.4282    34.5251    34.5225    7.83960         15 0.0000e+00
    160.000    158.343     0.9447  29.558355     0.9440  29.556656     4.4466     4.4910    -0.0077    97.0381 1.0000e-12  -67.51052  -70.58744 336.060427      99.97 2.9969e+01   2202.895      52870  1028.4239  1028.4230    34.5225    34.5210    7.84297         13 0.0000e+00
    159.000    157.353     0.9376  29.550512     0.9393  29.550883     4.4489     4.4900    -0.0077    97.0362 1.0000e-12  -67.51052  -70.58744 336.060433      99.98 2.9969e+01   2203.438      52884  1028.4185  1028.4173    34.5209    34.5195    7.84450         13 0.0000e+00
    158.000    156.365     0.9337  29.545630     0.9264  29.537090     4.4577     4.4895    -0.0077    97.0342 1.0000e-12  -67.51052  -70.58744 336.060439      99.98 2.9969e+01   2203.974      52896  1028.4129  1028.4113    34.5195    34.5165    7.84536         13 0.0000e+00
