NBP2113_155081_ctd/data/nbp2113_046.ros
* Sea-Bird SBE 9 Data File:
* FileName = D:\Data\raw\NBP2113_046.hex
* Software Version Seasave V 7.26.7.121
* Temperature SN = 2438
* Conductivity SN = 2067
* Number of Bytes Per Scan = 40
* Number of Voltage Words = 5
* Number of Scans Averaged by the Deck Unit = 1
* NMEA Latitude = 64 52.22 S
* NMEA Longitude = 063 49.73 W
* NMEA UTC (Time) = Dec 11 2021  05:17:37
* NMEA baud rate = 9600
** Ship: RVIB N.B. Palmer
** Cruise: NBP2113 LTER
** Station: 623.024
** Operator: B. Urmston
# nquan = 20
# nvalues = 1138                                  
# units = specified
# name 0 = prDM: Pressure, Digiquartz [db]
# name 1 = depSM: Depth [salt water, m]
# name 2 = t090C: Temperature [ITS-90, deg C]
# name 3 = c0mS/cm: Conductivity [mS/cm]
# name 4 = t190C: Temperature, 2 [ITS-90, deg C]
# name 5 = c1mS/cm: Conductivity, 2 [mS/cm]
# name 6 = sbeox0ML/L: Oxygen, SBE 43 [ml/l]
# name 7 = sbeox1ML/L: Oxygen, SBE 43, 2 [ml/l]
# name 8 = flECO-AFL: Fluorescence, WET Labs ECO-AFL/FL [mg/m^3]
# name 9 = CStarTr0: Beam Transmission, WET Labs C-Star [%]
# name 10 = par: PAR/Irradiance, Biospherical/Licor
# name 11 = latitude: Latitude [deg]
# name 12 = longitude: Longitude [deg]
# name 13 = timeJ: Julian Days
# name 14 = altM: Altimeter [m]
# name 15 = spar: SPAR, Biospherical/Licor
# name 16 = timeS: Time, Elapsed [seconds]
# name 17 = scan: Scan Count
# name 18 = nbf: Bottles Fired
# name 19 = flag:  0.000e+00
# interval = seconds: 0.0416667
# start_time = Dec 11 2021 05:17:37 [NMEA time, header]
# bad_flag = -9.990e-29
*END*
[from data line 290]
    303.071    299.883     1.1132  29.824984     1.1131  29.822912     4.5222     4.5709    -0.0224    91.1377 1.0000e-12  -64.87078  -63.82954 345.241512      99.98 0.0000e+00   1809.625      43432          6  0.000e+00
    303.119    299.931     1.1134  29.824158     1.1129  29.823200     4.5209     4.5765    -0.0224    91.1377 1.0000e-12  -64.87078  -63.82954 345.241512      99.98 0.0000e+00   1809.667      43433          6  0.000e+00
    303.050    299.863     1.1131  29.824571     1.1131  29.823431     4.5194     4.5713    -0.0224    91.1377 1.0000e-12  -64.87078  -63.82954 345.241513      99.98 0.0000e+00   1809.708      43434          6  0.000e+00
    303.071    299.883     1.1129  29.824453     1.1131  29.823431     4.5263     4.5760    -0.0224    91.1377 1.0000e-12  -64.87078  -63.82954 345.241513      99.98 0.0000e+00   1809.750      43435          6  0.000e+00
    252.372    249.747     0.9019  29.578248     0.9024  29.576818     4.7644     4.8270    -0.0077    91.1634 1.0000e-12  -64.87088  -63.82972 345.242959      99.98 0.0000e+00   1934.625      46432          7  0.000e+00
    252.372    249.747     0.9017  29.577719     0.9021  29.576530     4.7699     4.8319    -0.0077    91.1634 1.0000e-12  -64.87088  -63.82972 345.242959      99.98 0.0000e+00   1934.667      46433          7  0.000e+00
    252.323    249.700     0.9016  29.577718     0.9020  29.577047     4.7752     4.8322    -0.0077    91.1634 1.0000e-12  -64.87088  -63.82972 345.242960      99.98 0.0000e+00   1934.708      46434          7  0.000e+00
    252.337    249.713     0.9011  29.577130     0.9015  29.576818     4.7705     4.8325    -0.0077    91.1634 1.0000e-12  -64.87088  -63.82972 345.242960      99.98 0.0000e+00   1934.750      46435          7  0.000e+00
    252.275    249.652     0.9006  29.577424     0.9013  29.576760     4.7700     4.8327    -0.0077    91.1892 1.0000e-12  -64.87088  -63.82972 345.242961      99.95 0.0000e+00   1934.792      46436          7  0.000e+00
    252.275    249.652     0.9003  29.576895     0.9012  29.576243     4.7708     4.8329    -0.0077    91.1634 1.0000e-12  -64.87088  -63.82972 345.242961      99.98 0.0000e+00   1934.833      46437          7  0.000e+00
    252.323    249.700     0.9001  29.576072     0.9011  29.575726     4.7774     4.8331    -0.0077    91.1634 1.0000e-12  -64.87088  -63.82972 345.242962      99.98 0.0000e+00   1934.875      46438          7  0.000e+00
    252.220    249.598     0.8998  29.576071     0.9003  29.575955     4.7738     4.8341    -0.0077    91.1634 1.0000e-12  -64.87088  -63.82972 345.242962      99.98 0.0000e+00   1934.917      46439          7  0.000e+00
    252.275    249.652     0.8994  29.576072     0.8998  29.575438     4.7733     4.8343    -0.0077    91.1634 1.0000e-12  -64.87088  -63.82972 345.242962      99.95 0.0000e+00   1934.958      46440          7  0.000e+00
    252.220    249.598     0.8992  29.575248     0.8989  29.574864     4.7740     4.8299    -0.0077    91.1892 1.0000e-12  -64.87088  -63.82972 345.242963      99.95 0.0000e+00   1935.000      46441          7  0.000e+00
    252.220    249.598     0.8989  29.574954     0.8983  29.574347     4.7747     4.8347    -0.0077    91.1634 1.0000e-12  -64.87088  -63.82972 345.242963      99.98 0.0000e+00   1935.042      46442          7  0.000e+00
    252.186    249.564     0.8986  29.574601     0.8977  29.573198     4.7684     4.8348    -0.0077    91.1892 1.0000e-12  -64.87088  -63.82972 345.242964      99.98 0.0000e+00   1935.083      46443          7  0.000e+00
    252.172    249.550     0.8981  29.574130     0.8976  29.572451     4.7665     4.8349    -0.0077    91.1892 1.0000e-12  -64.87088  -63.82972 345.242964      99.98 0.0000e+00   1935.125      46444          7  0.000e+00
    252.172    249.550     0.8981  29.573836     0.8977  29.572451     4.7716     4.8349    -0.0077    91.1634 1.0000e-12  -64.87088  -63.82972 345.242965      99.98 0.0000e+00   1935.167      46445          7  0.000e+00
    252.117    249.496     0.8981  29.573836     0.8974  29.571818     4.7780     4.8349    -0.0077    91.1634 1.0000e-12  -64.87088  -63.82972 345.242965      99.98 0.0000e+00   1935.208      46446          7  0.000e+00
    252.117    249.496     0.8980  29.573542     0.8973  29.572450     4.7743     4.8294    -0.0077    91.1892 1.0000e-12  -64.87088  -63.82972 345.242966      99.98 0.0000e+00   1935.250      46447          7  0.000e+00
    252.117    249.496     0.8982  29.573836     0.8976  29.571818     4.7735     4.8339    -0.0077    91.1892 1.0000e-12  -64.87088  -63.82972 345.242966      99.95 0.0000e+00   1935.292      46448          7  0.000e+00
    252.069    249.448     0.8982  29.573836     0.8977  29.572450     4.7798     4.8283    -0.0077    91.1892 1.0000e-12  -64.87088  -63.82972 345.242967      99.95 0.0000e+00   1935.333      46449          7  0.000e+00
    252.069    249.448     0.8981  29.574130     0.8978  29.572623     4.7759     4.8328    -0.0077    91.1634 1.0000e-12  -64.87088  -63.82972 345.242967      99.98 0.0000e+00   1935.375      46450          7  0.000e+00
    252.035    249.414     0.8984  29.574130     0.8979  29.572163     4.7764     4.8326    -0.0077    91.1892 1.0000e-12  -64.87088  -63.82972 345.242968      99.98 0.0000e+00   1935.417      46451          7  0.000e+00
    252.014    249.394     0.8986  29.574130     0.8981  29.572967     4.7756     4.8324    -0.0077    91.1634 1.0000e-12  -64.87088  -63.82972 345.242968      99.95 0.0000e+00   1935.458      46452          7  0.000e+00
    251.966    249.346     0.8987  29.574130     0.8983  29.572910     4.7760     4.8321    -0.0077    91.1634 1.0000e-12  -64.87088  -63.82972 345.242969      99.93 0.0000e+00   1935.500      46453          7  0.000e+00
    252.014    249.394     0.8987  29.574130     0.8983  29.572680     4.7822     4.8319    -0.0077    91.1634 1.0000e-12  -64.87088  -63.82972 345.242969      99.98 0.0000e+00   1935.542      46454          7  0.000e+00
    251.966    249.346     0.8990  29.574365     0.8984  29.572622     4.7782     4.8316    -0.0077    91.1634 1.0000e-12  -64.87088  -63.82972 345.242970      99.98 0.0000e+00   1935.583      46455          7  0.000e+00
    251.966    249.346     0.8991  29.574365     0.8984  29.573254     4.7786     4.8312    -0.0077    91.1634 1.0000e-12  -64.87088  -63.82972 345.242970      99.98 0.0000e+00   1935.625      46456          7  0.000e+00
    251.863    249.244     0.8995  29.574365     0.8989  29.573196     4.7833     4.8308    -0.0077    91.1634 1.0000e-12  -64.87088  -63.82972 345.242971      99.98 0.0000e+00   1935.667      46457          7  0.000e+00
    251.918    249.299     0.8998  29.574953     0.8994  29.573254     4.7792     4.8304    -0.0077    91.1634 1.0000e-12  -64.87088  -63.82972 345.242971      99.98 0.0000e+00   1935.708      46458          7  0.000e+00
    251.884    249.265     0.8997  29.575423     0.8998  29.574058     4.7795     4.8299    -0.0077    91.1634 1.0000e-12  -64.87088  -63.82972 345.242972      99.95 0.0000e+00   1935.750      46459          7  0.000e+00
    251.863    249.244     0.8995  29.575482     0.9000  29.574863     4.7785     4.8294    -0.0077    91.1634 1.0000e-12  -64.87088  -63.82972 345.242972      99.95 0.0000e+00   1935.792      46460          7  0.000e+00
    251.863    249.244     0.8993  29.575482     0.9004  29.574863     4.7831     4.8243    -0.0004    91.1892 1.0000e-12  -64.87088  -63.82972 345.242973      99.98 0.0000e+00   1935.833      46461          7  0.000e+00
    251.815    249.197     0.8995  29.575482     0.9011  29.575092     4.7788     4.8283    -0.0004    91.1634 1.0000e-12  -64.87088  -63.82972 345.242973      99.98 0.0000e+00   1935.875      46462          7  0.000e+00
    251.760    249.143     0.9005  29.575246     0.9017  29.575954     4.7788     4.8277    -0.0004    91.1634 1.0000e-12  -64.87088  -63.82972 345.242974      99.98 0.0000e+00   1935.917      46463          7  0.000e+00
    251.815    249.197     0.9013  29.575482     0.9023  29.576241     4.7776     4.8271    -0.0004    91.1634 1.0000e-12  -64.87088  -63.82972 345.242974      99.95 0.0000e+00   1935.958      46464          7  0.000e+00
    251.760    249.143     0.9021  29.575776     0.9024  29.576816     4.7762     4.8273    -0.0004    91.1634 1.0000e-12  -64.87088  -63.82972 345.242975      99.95 0.0000e+00   1936.000      46465          7  0.000e+00
    251.760    249.143     0.9030  29.577423     0.9024  29.577620     4.7818     4.8276    -0.0004    91.1634 1.0000e-12  -64.87088  -63.82972 345.242975      99.98 0.0000e+00   1936.042      46466          7  0.000e+00
    251.712    249.095     0.9031  29.577952     0.9026  29.577045     4.7773     4.8279    -0.0004    91.1634 1.0000e-12  -64.87088  -63.82972 345.242976      99.98 0.0000e+00   1936.083      46467          7  0.000e+00
    251.726    249.109     0.9034  29.579658     0.9032  29.576816     4.7759     4.8273    -0.0004    91.1634 1.0000e-12  -64.87088  -63.82972 345.242976      99.98 0.0000e+00   1936.125      46468          7  0.000e+00
    251.657    249.041     0.9039  29.579069     0.9034  29.577562     4.7687     4.8266    -0.0004    91.1634 1.0000e-12  -64.87088  -63.82972 345.242976      99.98 0.0000e+00   1936.167      46469          7  0.000e+00
    251.657    249.041     0.9040  29.579657     0.9037  29.578424     4.7787     4.8259    -0.0004    91.1634 1.0000e-12  -64.87088  -63.82972 345.242977      99.98 0.0000e+00   1936.208      46470          7  0.000e+00
    251.657    249.041     0.9036  29.580187     0.9038  29.578712     4.7799     4.8261    -0.0004    91.1634 1.0000e-12  -64.87088  -63.82972 345.242977      99.98 0.0000e+00   1936.250      46471          7  0.000e+00
    251.657    249.041     0.9036  29.579893     0.9034  29.578712     4.7740     4.8264    -0.0004    91.1892 1.0000e-12  -64.87088  -63.82972 345.242978      99.98 0.0000e+00   1936.292      46472          7  0.000e+00
    251.609    248.993     0.9034  29.578834     0.9032  29.578137     4.7725     4.8266    -0.0004    91.1634 1.0000e-12  -64.87088  -63.82972 345.242978      99.98 0.0000e+00   1936.333      46473          7  0.000e+00
    251.609    248.993     0.9036  29.579540     0.9034  29.577850     4.7722     4.8268    -0.0004    91.1634 1.0000e-12  -64.87088  -63.82972 345.242979      99.98 0.0000e+00   1936.375      46474          7  0.000e+00
    251.554    248.939     0.9039  29.579657     0.9035  29.577620     4.7775     4.8270    -0.0004    91.1634 1.0000e-12  -64.87088  -63.82972 345.242979      99.98 0.0000e+00   1936.417      46475          7  0.000e+00
    251.575    248.959     0.9039  29.579893     0.9035  29.578424     4.7785     4.8218    -0.0004    91.1634 1.0000e-12  -64.87088  -63.82972 345.242980      99.93 0.0000e+00   1936.458      46476          7  0.000e+00
    251.554    248.939     0.9040  29.579892     0.9038  29.578137     4.7723     4.8265    -0.0004    91.1634 1.0000e-12  -64.87088  -63.82972 345.242980      99.95 0.0000e+00   1936.500      46477          7  0.000e+00
    251.506    248.891     0.9036  29.579892     0.9035  29.578424     4.7776     4.8214    -0.0004    91.1634 1.0000e-12  -64.87088  -63.82972 345.242981      99.98 0.0000e+00   1936.542      46478          7  0.000e+00
    251.554    248.939     0.9037  29.579657     0.9034  29.578137     4.7785     4.8263    -0.0004    91.1634 1.0000e-12  -64.87088  -63.82972 345.242981      99.98 0.0000e+00   1936.583      46479          7  0.000e+00
    251.506    248.891     0.9036  29.579657     0.9032  29.578137     4.7735     4.8203    -0.0004    91.1377 1.0000e-12  -64.87088  -63.82972 345.242982      99.98 0.0000e+00   1936.625      46480          7  0.000e+00
    252.942    250.312     0.9147  29.596779     0.9172  29.591012     4.7704     4.8254     0.0069    91.1892 1.0000e-12  -64.87088  -63.82974 345.243221      99.98 0.0000e+00   1957.333      46977          8  0.000e+00
    252.805    250.176     0.9146  29.592896     0.9163  29.592448     4.7765     4.8253     0.0069    91.1892 1.0000e-12  -64.87088  -63.82974 345.243222      99.98 0.0000e+00   1957.375      46978          8  0.000e+00
    252.942    250.312     0.9147  29.591778     0.9163  29.592391     4.7768     4.8254     0.0069    91.1892 1.0000e-12  -64.87088  -63.82974 345.243222      99.98 0.0000e+00   1957.417      46979          8  0.000e+00
    252.839    250.210     0.9140  29.591778     0.9161  29.592103     4.7713     4.8308     0.0069    91.1892 1.0000e-12  -64.87088  -63.82974 345.243223      99.93 0.0000e+00   1957.458      46980          8  0.000e+00
    252.942    250.312     0.9134  29.591249     0.9155  29.592449     4.7703     4.8263     0.0069    91.1892 1.0000e-12  -64.87088  -63.82974 345.243223      99.95 0.0000e+00   1957.500      46981          8  0.000e+00
    252.839    250.210     0.9132  29.590955     0.9159  29.592103     4.7749     4.8253     0.0069    91.1892 1.0000e-12  -64.87088  -63.82974 345.243224      99.98 0.0000e+00   1957.542      46982          8  0.000e+00
    252.894    250.264     0.9121  29.590425     0.9158  29.591586     4.7751     4.8253     0.0069    91.1892 1.0000e-12  -64.87088  -63.82974 345.243224      99.98 0.0000e+00   1957.583      46983          8  0.000e+00
    252.942    250.312     0.9115  29.589720     0.9135  29.593541     4.7696     4.8254     0.0069    91.1892 1.0000e-12  -64.87088  -63.82974 345.243225      99.98 0.0000e+00   1957.625      46984          8  0.000e+00
    252.860    250.230     0.9102  29.588778     0.9118  29.592679     4.7685     4.8255     0.0069    91.1634 1.0000e-12  -64.87088  -63.82974 345.243225      99.98 0.0000e+00   1957.667      46985          8  0.000e+00
    252.894    250.264     0.9091  29.587367     0.9117  29.589690     4.7745     4.8256     0.0069    91.1892 1.0000e-12  -64.87088  -63.82974 345.243226      99.98 0.0000e+00   1957.708      46986          8  0.000e+00
    252.839    250.210     0.9089  29.586013     0.9118  29.588828     4.7760     4.8255     0.0069    91.1892 1.0000e-12  -64.87088  -63.82974 345.243226      99.98 0.0000e+00   1957.750      46987          8  0.000e+00
    252.894    250.264     0.9088  29.585719     0.9113  29.588541     4.7704     4.8256     0.0069    91.1892 1.0000e-12  -64.87088  -63.82974 345.243227      99.95 0.0000e+00   1957.792      46988          8  0.000e+00
    252.894    250.264     0.9089  29.585425     0.9111  29.587736     4.7691     4.8256     0.0069    91.1892 1.0000e-12  -64.87088  -63.82974 345.243227      99.98 0.0000e+00   1957.833      46989          8  0.000e+00
    252.894    250.264     0.9089  29.585719     0.9110  29.586932     4.7749     4.8202     0.0069    91.1892 1.0000e-12  -64.87088  -63.82974 345.243228      99.98 0.0000e+00   1957.875      46990          8  0.000e+00
    252.839    250.210     0.9092  29.585719     0.9107  29.586932     4.7763     4.8193     0.0069    91.1892 1.0000e-12  -64.87088  -63.82974 345.243228      99.98 0.0000e+00   1957.917      46991          8  0.000e+00
    252.908    250.278     0.9102  29.586014     0.9104  29.586357     4.7706     4.8239     0.0069    91.1892 1.0000e-12  -64.87088  -63.82974 345.243229      99.95 0.0000e+00   1957.958      46992          8  0.000e+00
    252.839    250.210     0.9104  29.586543     0.9104  29.586357     4.7692     4.8239     0.0069    91.1634 1.0000e-12  -64.87088  -63.82974 345.243229      99.95 0.0000e+00   1958.000      46993          8  0.000e+00
    252.839    250.210     0.9124  29.587778     0.9104  29.585840     4.7691     4.8239     0.0069    91.1892 1.0000e-12  -64.87088  -63.82974 345.243230      99.98 0.0000e+00   1958.042      46994          8  0.000e+00
