NBP2113_155081_ctd/data/nbp2113_040.ros
* Sea-Bird SBE 9 Data File:
* FileName = D:\Data\raw\NBP2113_040.hex
* Software Version Seasave V 7.26.7.121
* Temperature SN = 2438
* Conductivity SN = 2067
* Number of Bytes Per Scan = 40
* Number of Voltage Words = 5
* Number of Scans Averaged by the Deck Unit = 1
* NMEA Latitude = 64 51.74 S
* NMEA Longitude = 063 55.31 W
* NMEA UTC (Time) = Dec 10 2021  12:43:38
* NMEA baud rate = 9600
** Ship: RVIB N.B. Palmer
** Cruise: NBP2113 LTER
** Station: 621.028
** Operator: B. Urmston
# nquan = 20
# nvalues = 1139                                  
# units = specified
# name 0 = prDM: Pressure, Digiquartz [db]
# name 1 = depSM: Depth [salt water, m]
# name 2 = t090C: Temperature [ITS-90, deg C]
# name 3 = c0mS/cm: Conductivity [mS/cm]
# name 4 = t190C: Temperature, 2 [ITS-90, deg C]
# name 5 = c1mS/cm: Conductivity, 2 [mS/cm]
# name 6 = sbeox0ML/L: Oxygen, SBE 43 [ml/l]
# name 7 = sbeox1ML/L: Oxygen, SBE 43, 2 [ml/l]
# name 8 = flECO-AFL: Fluorescence, WET Labs ECO-AFL/FL [mg/m^3]
# name 9 = CStarTr0: Beam Transmission, WET Labs C-Star [%]
# name 10 = par: PAR/Irradiance, Biospherical/Licor
# name 11 = latitude: Latitude [deg]
# name 12 = longitude: Longitude [deg]
# name 13 = timeJ: Julian Days
# name 14 = altM: Altimeter [m]
# name 15 = spar: SPAR, Biospherical/Licor
# name 16 = timeS: Time, Elapsed [seconds]
# name 17 = scan: Scan Count
# name 18 = nbf: Bottles Fired
# name 19 = flag:  0.000e+00
# interval = seconds: 0.0416667
# start_time = Dec 10 2021 12:43:38 [NMEA time, header]
# bad_flag = -9.990e-29
*END*
[from data line 580]
     25.237     24.988    -0.2556  28.006722    -0.2549  28.005776     7.7958     7.8715     1.3915    90.4167 1.2642e+01  -64.86194  -63.92210 344.551263      99.98 3.6492e+02   1811.125      43468         12  0.000e+00
     25.217     24.968    -0.2556  28.006549    -0.2549  28.006057     7.8012     7.8708     1.4208    90.4167 1.2605e+01  -64.86194  -63.92210 344.551264      99.95 3.6492e+02   1811.167      43469         12  0.000e+00
     25.292     25.043    -0.2557  28.006837    -0.2549  28.006057     7.8008     7.8710     1.4208    90.4167 1.2642e+01  -64.86194  -63.92210 344.551264      99.95 3.6492e+02   1811.208      43470         12  0.000e+00
     25.237     24.988    -0.2556  28.006491    -0.2547  28.005776     7.8001     7.8702     1.4135    90.4167 1.2605e+01  -64.86194  -63.92210 344.551264      99.98 3.6492e+02   1811.250      43471         12  0.000e+00
     25.237     24.988    -0.2554  28.007067    -0.2542  28.006057     7.7935     7.8702     1.4135    90.3909 1.2605e+01  -64.86194  -63.92210 344.551265      99.98 3.6492e+02   1811.292      43472         12  0.000e+00
     25.292     25.043    -0.2553  28.006837    -0.2543  28.005945     7.7998     7.8703     1.4135    90.4167 1.2642e+01  -64.86194  -63.92210 344.551265      99.98 3.6492e+02   1811.333      43473         12  0.000e+00
     25.217     24.968    -0.2559  28.006722    -0.2545  28.005776     7.7944     7.8703     1.4135    90.4167 1.2605e+01  -64.86194  -63.92210 344.551266      99.98 3.6492e+02   1811.375      43474         12  0.000e+00
     25.237     24.989    -0.2560  28.006837    -0.2541  28.006057     7.7935     7.8702     1.4135    90.4167 1.2605e+01  -64.86194  -63.92210 344.551266      99.98 3.6492e+02   1811.417      43475         12  0.000e+00
      4.863      4.815    -0.2817  27.899477    -0.2800  27.899061     7.9644     8.0628     1.3329    88.5369 1.3133e+02  -64.86198  -63.92206 344.552115       1.66 3.9312e+02   1884.708      45234         13  0.000e+00
      4.808      4.761    -0.2817  27.899189    -0.2801  27.899005     7.9606     8.0640     1.3329    88.5369 1.3207e+02  -64.86198  -63.92206 344.552115       1.68 3.9312e+02   1884.750      45235         13  0.000e+00
      4.863      4.815    -0.2817  27.899190    -0.2800  27.898836     7.9742     8.0643     1.3329    88.5369 1.3282e+02  -64.86198  -63.92206 344.552116       1.71 3.9312e+02   1884.792      45236         13  0.000e+00
      4.815      4.768    -0.2814  27.899477    -0.2801  27.898836     7.9717     8.0646     1.3329    88.5369 1.3357e+02  -64.86198  -63.92206 344.552116       1.68 3.9312e+02   1884.833      45237         13  0.000e+00
      4.808      4.761    -0.2812  27.899189    -0.2800  27.898836     7.9666     8.0657     1.3329    88.5369 1.3395e+02  -64.86198  -63.92206 344.552117       1.71 3.9312e+02   1884.875      45238         13  0.000e+00
      4.863      4.815    -0.2811  27.899247    -0.2801  27.899005     7.9788     8.0669     1.3256    88.5369 1.3433e+02  -64.86198  -63.92206 344.552117       1.71 3.9312e+02   1884.917      45239         13  0.000e+00
      4.815      4.768    -0.2814  27.899995    -0.2800  27.898555     7.9763     8.0626     1.3329    88.5369 1.3471e+02  -64.86198  -63.92206 344.552118       1.68 3.9312e+02   1884.958      45240         13  0.000e+00
      4.863      4.815    -0.2817  27.899190    -0.2801  27.898555     7.9713     8.0629     1.3329    88.5369 1.3509e+02  -64.86198  -63.92206 344.552118       1.71 3.9312e+02   1885.000      45241         13  0.000e+00
      4.856      4.809    -0.2815  27.899765    -0.2798  27.898555     7.9719     8.0632     1.3329    88.5369 1.3509e+02  -64.86198  -63.92206 344.552119       1.71 3.9312e+02   1885.042      45242         13  0.000e+00
      4.863      4.815    -0.2818  27.899420    -0.2796  27.898274     7.9741     8.0682     1.3329    88.5369 1.3547e+02  -64.86198  -63.92206 344.552119       1.71 3.9312e+02   1885.083      45243         13  0.000e+00
      4.863      4.815    -0.2821  27.898614    -0.2798  27.898162     7.9750     8.0685     1.3329    88.5627 1.3547e+02  -64.86198  -63.92206 344.552120       1.71 3.9312e+02   1885.125      45244         13  0.000e+00
      4.856      4.809    -0.2823  27.899477    -0.2800  27.898555     7.9759     8.0688     1.3329    88.5884 1.3547e+02  -64.86198  -63.92206 344.552120       1.71 3.9312e+02   1885.167      45245         13  0.000e+00
      4.863      4.815    -0.2824  27.898902    -0.2798  27.897768     7.9698     8.0691     1.3256    88.5627 1.3547e+02  -64.86198  -63.92206 344.552120      17.36 3.9312e+02   1885.208      45246         13  0.000e+00
      4.918      4.870    -0.2821  27.899247    -0.2794  27.897768     7.9751     8.0693     1.3329    88.6142 1.3547e+02  -64.86198  -63.92206 344.552121      78.85 3.9312e+02   1885.250      45247         13  0.000e+00
      4.863      4.815    -0.2823  27.898902    -0.2795  27.898443     7.9691     8.0702     1.3329    88.5884 1.3547e+02  -64.86198  -63.92206 344.552121     100.00 3.9312e+02   1885.292      45248         13  0.000e+00
      4.856      4.809    -0.2824  27.898902    -0.2796  27.898555     7.9675     8.0704     1.3329    88.5884 1.3547e+02  -64.86198  -63.92206 344.552122     100.00 3.9312e+02   1885.333      45249         13  0.000e+00
      4.918      4.870    -0.2826  27.898960    -0.2800  27.898555     7.9660     8.0716     1.3329    88.5884 1.3509e+02  -64.86198  -63.92206 344.552122     100.00 3.9312e+02   1885.375      45250         13  0.000e+00
      4.863      4.816    -0.2826  27.898902    -0.2807  27.898555     7.9703     8.0718     1.3256    88.5884 1.3471e+02  -64.86198  -63.92206 344.552123     100.00 3.9312e+02   1885.417      45251         13  0.000e+00
      4.904      4.856    -0.2826  27.898614    -0.2812  27.898555     7.9644     8.0720     1.3329    88.5884 1.3433e+02  -64.86198  -63.92206 344.552123      99.90 3.9312e+02   1885.458      45252         13  0.000e+00
      4.918      4.870    -0.2824  27.898672    -0.2812  27.898162     7.9630     8.0721     1.3329    88.5884 1.3433e+02  -64.86198  -63.92206 344.552124      99.90 3.9312e+02   1885.500      45253         13  0.000e+00
      4.918      4.870    -0.2823  27.898614    -0.2814  27.898049     7.9687     8.0731     1.3329    88.5884 1.3395e+02  -64.86198  -63.92206 344.552124      99.95 3.9312e+02   1885.542      45254         13  0.000e+00
      4.904      4.856    -0.2821  27.898959    -0.2816  27.897768     7.9700     8.0678     1.3329    88.5884 1.3357e+02  -64.86198  -63.92206 344.552125      99.98 3.9312e+02   1885.583      45255         13  0.000e+00
      4.966      4.917    -0.2822  27.898902    -0.2816  27.897487     7.9701     8.0670     1.3329    88.5884 1.3320e+02  -64.86198  -63.92206 344.552125      99.98 3.9312e+02   1885.625      45256         13  0.000e+00
      4.918      4.870    -0.2823  27.898096    -0.2815  27.897375     7.9645     8.0716     1.3403    88.5884 1.3320e+02  -64.86198  -63.92206 344.552126      99.95 3.9312e+02   1885.667      45257         13  0.000e+00
      4.918      4.870    -0.2824  27.899247    -0.2812  27.897487     7.9689     8.0715     1.3476    88.5884 1.3282e+02  -64.86198  -63.92206 344.552126      99.95 3.9312e+02   1885.708      45258         13  0.000e+00
      4.959      4.911    -0.2824  27.898614    -0.2810  27.897487     7.9634     8.0715     1.3549    88.5884 1.3244e+02  -64.86198  -63.92206 344.552127      99.98 3.9312e+02   1885.750      45259         13  0.000e+00
      4.966      4.917    -0.2828  27.898384    -0.2812  27.897262     7.9623     8.0715     1.3549    88.5884 1.3207e+02  -64.86198  -63.92206 344.552127      99.98 3.9312e+02   1885.792      45260         13  0.000e+00
      4.966      4.917    -0.2828  27.898960    -0.2815  27.897768     7.9612     8.0714     1.3476    88.5884 1.3207e+02  -64.86198  -63.92206 344.552128      99.98 3.9312e+02   1885.833      45261         13  0.000e+00
      4.959      4.911    -0.2828  27.898096    -0.2814  27.897656     7.9673     8.0658     1.3549    88.5884 1.3170e+02  -64.86198  -63.92206 344.552128      99.98 3.9312e+02   1885.875      45262         13  0.000e+00
      5.021      4.972    -0.2827  27.898442    -0.2818  27.897488     7.9677     8.0650     1.3549    88.5884 1.3133e+02  -64.86198  -63.92206 344.552129      99.98 3.9312e+02   1885.917      45263         13  0.000e+00
      4.966      4.917    -0.2826  27.898096    -0.2820  27.897487     7.9622     8.0694     1.3549    88.5884 1.3133e+02  -64.86198  -63.92206 344.552129      99.95 3.9312e+02   1885.958      45264         13  0.000e+00
      5.021      4.972    -0.2829  27.898096    -0.2820  27.897488     7.9600     8.0693     1.3476    88.5884 1.3133e+02  -64.86198  -63.92206 344.552130      99.93 3.9312e+02   1886.000      45265         13  0.000e+00
      5.007      4.958    -0.2829  27.898672    -0.2816  27.897656     7.9648     8.0690     1.3549    88.5884 1.3096e+02  -64.86198  -63.92206 344.552130      99.95 3.9312e+02   1886.042      45266         13  0.000e+00
      5.021      4.972    -0.2829  27.898096    -0.2816  27.897769     7.9595     8.0687     1.3549    88.5884 1.3096e+02  -64.86198  -63.92206 344.552131      99.98 3.9312e+02   1886.083      45267         13  0.000e+00
      5.021      4.972    -0.2829  27.898384    -0.2818  27.897263     7.9586     8.0694     1.3476    88.5884 1.3096e+02  -64.86198  -63.92206 344.552131      99.98 3.9489e+02   1886.125      45268         13  0.000e+00
      5.062      5.012    -0.2830  27.898154    -0.2816  27.897488     7.9578     8.0691     1.3549    88.5884 1.3096e+02  -64.86198  -63.92206 344.552132      99.95 3.9489e+02   1886.167      45269         13  0.000e+00
      5.021      4.972    -0.2831  27.898096    -0.2812  27.897263     7.9628     8.0687     1.3476    88.6142 1.3059e+02  -64.86198  -63.92206 344.552132      99.95 3.9312e+02   1886.208      45270         13  0.000e+00
      5.069      5.019    -0.2829  27.898154    -0.2812  27.897375     7.9576     8.0630     1.3549    88.5884 1.3059e+02  -64.86198  -63.92206 344.552133      99.98 3.9489e+02   1886.250      45271         13  0.000e+00
      5.062      5.012    -0.2831  27.898384    -0.2815  27.897488     7.9569     8.0618     1.3549    88.5884 1.3059e+02  -64.86198  -63.92206 344.552133      99.98 3.9489e+02   1886.292      45272         13  0.000e+00
      5.069      5.019    -0.2832  27.897866    -0.2816  27.897769     7.9621     8.0606     1.3476    88.5884 1.3059e+02  -64.86198  -63.92206 344.552133      99.98 3.9489e+02   1886.333      45273         13  0.000e+00
      5.069      5.019    -0.2832  27.898154    -0.2816  27.897263     7.9570     8.0595     1.3549    88.5884 1.3022e+02  -64.86198  -63.92206 344.552134      99.98 3.9489e+02   1886.375      45274         13  0.000e+00
      5.069      5.019    -0.2833  27.898097    -0.2821  27.897150     7.9550     8.0584     1.3476    88.5884 1.3022e+02  -64.86198  -63.92206 344.552134      99.98 3.9489e+02   1886.417      45275         13  0.000e+00
      5.062      5.012    -0.2834  27.897579    -0.2820  27.897263     7.9473     8.0571     1.3549    88.5884 1.3022e+02  -64.86198  -63.92206 344.552135      99.95 3.9489e+02   1886.458      45276         13  0.000e+00
      5.117      5.067    -0.2832  27.898154    -0.2820  27.897263     7.9512     8.0560     1.3549    88.5884 1.3022e+02  -64.86198  -63.92206 344.552135      99.95 3.9489e+02   1886.500      45277         13  0.000e+00
      5.069      5.019    -0.2832  27.897866    -0.2820  27.897263     7.9493     8.0556     1.3549    88.6142 1.3022e+02  -64.86198  -63.92206 344.552136      99.98 3.9489e+02   1886.542      45278         13  0.000e+00
      5.110      5.060    -0.2837  27.897636    -0.2820  27.897263     7.9418     8.0554     1.3549    88.6142 1.2985e+02  -64.86198  -63.92206 344.552136      99.98 3.9489e+02   1886.583      45279         13  0.000e+00
      5.117      5.067    -0.2834  27.898097    -0.2821  27.897151     7.9400     8.0498     1.3549    88.5884 1.3022e+02  -64.86198  -63.92206 344.552137      99.98 3.9489e+02   1886.625      45280         13  0.000e+00
      5.069      5.019    -0.2837  27.897866    -0.2820  27.897263     7.9512     8.0478     1.3549    88.6142 1.2985e+02  -64.86198  -63.92206 344.552137      99.93 3.9489e+02   1886.667      45281         13  0.000e+00
      5.117      5.067    -0.2835  27.898154    -0.2820  27.896982     7.9536     8.0523     1.3549    88.5884 1.3022e+02  -64.86198  -63.92206 344.552138      99.95 3.9489e+02   1886.708      45282         13  0.000e+00
      5.117      5.067    -0.2828  27.898442    -0.2814  27.897769     7.9618     8.0393     1.3549    88.5627 1.2875e+02  -64.86198  -63.92206 344.552146      99.98 3.9489e+02   1887.375      45298         14  0.000e+00
      5.110      5.060    -0.2826  27.898097    -0.2815  27.897263     7.9612     8.0392     1.3476    88.5627 1.2839e+02  -64.86198  -63.92206 344.552146      99.98 3.9489e+02   1887.417      45299         14  0.000e+00
      5.117      5.067    -0.2826  27.898097    -0.2814  27.897769     7.9619     8.0391     1.3549    88.5884 1.2767e+02  -64.86198  -63.92206 344.552147      99.95 3.9489e+02   1887.458      45300         14  0.000e+00
      5.117      5.067    -0.2830  27.898960    -0.2815  27.897488     7.9614     8.0392     1.3476    88.5627 1.2695e+02  -64.86198  -63.92206 344.552147      99.95 3.9489e+02   1887.500      45301         14  0.000e+00
      5.069      5.020    -0.2829  27.898097    -0.2818  27.897656     7.9608     8.0393     1.3476    88.5627 1.2623e+02  -64.86198  -63.92206 344.552147      99.98 3.9489e+02   1887.542      45302         14  0.000e+00
      5.110      5.060    -0.2829  27.898384    -0.2820  27.897488     7.9560     8.0396     1.3549    88.5627 1.2552e+02  -64.86198  -63.92206 344.552148      99.98 3.9489e+02   1887.583      45303         14  0.000e+00
      5.117      5.067    -0.2829  27.898442    -0.2824  27.896982     7.9613     8.0391     1.3476    88.5627 1.2446e+02  -64.86198  -63.92206 344.552148      99.98 3.9489e+02   1887.625      45304         14  0.000e+00
      5.117      5.067    -0.2831  27.897866    -0.2821  27.897263     7.9566     8.0384     1.3476    88.5627 1.2376e+02  -64.86198  -63.92206 344.552149      99.93 3.9489e+02   1887.667      45305         14  0.000e+00
      5.063      5.013    -0.2829  27.898154    -0.2828  27.897375     7.9549     8.0388     1.3549    88.5627 1.2271e+02  -64.86198  -63.92206 344.552149      89.79 3.9489e+02   1887.708      45306         14  0.000e+00
      5.117      5.067    -0.2829  27.898615    -0.2828  27.897263     7.9605     8.0392     1.3549    88.5369 1.2168e+02  -64.86198  -63.92206 344.552150      27.35 3.9489e+02   1887.750      45307         14  0.000e+00
      5.117      5.067    -0.2828  27.898384    -0.2829  27.897263     7.9604     8.0397     1.3549    88.5369 1.2099e+02  -64.86198  -63.92204 344.552150       0.00 3.9489e+02   1887.792      45308         14  0.000e+00
      5.117      5.067    -0.2829  27.898442    -0.2832  27.896701     7.9602     8.0403     1.3622    88.5369 1.2031e+02  -64.86198  -63.92204 344.552151       0.00 3.9489e+02   1887.833      45309         14  0.000e+00
      5.063      5.013    -0.2828  27.898384    -0.2830  27.896869     7.9542     8.0408     1.4502    88.5369 1.1963e+02  -64.86198  -63.92204 344.552151       0.32 3.9489e+02   1887.875      45310         14  0.000e+00
      5.117      5.067    -0.2828  27.898097    -0.2832  27.896701     7.9600     8.0407     1.4941    88.5112 1.1929e+02  -64.86198  -63.92204 344.552152       1.59 3.9489e+02   1887.917      45311         14  0.000e+00
