NBP2113_155081_ctd/data/nbp2113_016.ros
* Sea-Bird SBE 9 Data File:
* FileName = D:\Data\raw\NBP2113_016.hex
* Software Version Seasave V 7.26.7.121
* Temperature SN = 2438
* Conductivity SN = 2067
* Number of Bytes Per Scan = 40
* Number of Voltage Words = 5
* Number of Scans Averaged by the Deck Unit = 1
* NMEA Latitude = 65 52.76 S
* NMEA Longitude = 068 17.29 W
* NMEA UTC (Time) = Nov 28 2021  02:04:04
* NMEA baud rate = 9600
** Ship: RVIB N.B. Palmer
** Cruise: NBP2113 LTER
** Station: 400.100
** Operator: S. Blackman
# nquan = 20
# nvalues = 1166                                  
# units = specified
# name 0 = prDM: Pressure, Digiquartz [db]
# name 1 = depSM: Depth [salt water, m]
# name 2 = t090C: Temperature [ITS-90, deg C]
# name 3 = c0mS/cm: Conductivity [mS/cm]
# name 4 = t190C: Temperature, 2 [ITS-90, deg C]
# name 5 = c1mS/cm: Conductivity, 2 [mS/cm]
# name 6 = sbeox0ML/L: Oxygen, SBE 43 [ml/l]
# name 7 = sbeox1ML/L: Oxygen, SBE 43, 2 [ml/l]
# name 8 = flECO-AFL: Fluorescence, WET Labs ECO-AFL/FL [mg/m^3]
# name 9 = CStarTr0: Beam Transmission, WET Labs C-Star [%]
# name 10 = par: PAR/Irradiance, Biospherical/Licor
# name 11 = latitude: Latitude [deg]
# name 12 = longitude: Longitude [deg]
# name 13 = timeJ: Julian Days
# name 14 = altM: Altimeter [m]
# name 15 = spar: SPAR, Biospherical/Licor
# name 16 = timeS: Time, Elapsed [seconds]
# name 17 = scan: Scan Count
# name 18 = nbf: Bottles Fired
# name 19 = flag:  0.000e+00
# interval = seconds: 0.0416667
# start_time = Nov 28 2021 02:04:04 [NMEA time, header]
# bad_flag = -9.990e-29
*END*
[from data line 652]
     58.369     57.785    -0.5687  27.869376    -0.5698  27.867811     8.0840     8.1088     1.9263    91.0347 1.0000e-12  -65.88286  -68.28592 332.104573      99.95 5.2886e+00   1591.125      38188         14  0.000e+00
     58.369     57.785    -0.5685  27.869376    -0.5691  27.868373     8.0781     8.1132     1.9263    91.0347 1.0000e-12  -65.88286  -68.28592 332.104574      99.98 3.5258e+00   1591.167      38189         14  0.000e+00
     58.315     57.731    -0.5685  27.869434    -0.5681  27.869385     8.0722     8.1129     1.9263    91.0347 1.0000e-12  -65.88286  -68.28592 332.104574      99.98 5.2886e+00   1591.208      38190         14  0.000e+00
     58.315     57.731    -0.5682  27.869779    -0.5670  27.869665     8.0695     8.1126     1.9263    91.0347 1.0000e-12  -65.88286  -68.28592 332.104575      99.98 5.2886e+00   1591.250      38191         14  0.000e+00
     58.315     57.731    -0.5676  27.870469    -0.5669  27.869665     8.0652     8.1125     1.9263    91.0862 1.0000e-12  -65.88286  -68.28592 332.104575      99.98 3.5258e+00   1591.292      38192         14  0.000e+00
     58.315     57.731    -0.5667  27.870872    -0.5670  27.869665     8.0667     8.1125     1.9263    91.1377 1.0000e-12  -65.88286  -68.28592 332.104576      99.98 3.5258e+00   1591.333      38193         14  0.000e+00
     58.315     57.731    -0.5659  27.871390    -0.5672  27.869665     8.0650     8.1125     1.9263    91.1634 1.0000e-12  -65.88286  -68.28592 332.104576      99.95 5.2886e+00   1591.375      38194         14  0.000e+00
     58.315     57.731    -0.5653  27.872080    -0.5670  27.869665     8.0633     8.1125     1.9263    91.1377 1.0000e-12  -65.88286  -68.28592 332.104577      99.95 5.2886e+00   1591.417      38195         14  0.000e+00
     58.267     57.684    -0.5654  27.871505    -0.5675  27.869272     8.0617     8.1125     1.9263    91.1634 1.0000e-12  -65.88286  -68.28592 332.104577      99.98 3.5258e+00   1591.458      38196         14  0.000e+00
     58.315     57.731    -0.5660  27.871044    -0.5680  27.869104     8.0603     8.1126     1.9263    91.1377 1.0000e-12  -65.88286  -68.28592 332.104578      99.98 5.2886e+00   1591.500      38197         14  0.000e+00
     58.219     57.636    -0.5665  27.870987    -0.5684  27.867137     8.0570     8.1127     1.9263    91.1634 1.0000e-12  -65.88286  -68.28592 332.104578      99.98 5.2886e+00   1591.542      38198         14  0.000e+00
     58.219     57.636    -0.5662  27.871159    -0.5687  27.867474     8.0583     8.1127     1.9263    91.1634 1.0000e-12  -65.88286  -68.28592 332.104579      99.95 5.2886e+00   1591.583      38199         14  0.000e+00
     58.212     57.630    -0.5662  27.871217    -0.5684  27.868373     8.0643     8.1125     1.9263    91.1377 1.0000e-12  -65.88286  -68.28592 332.104579      99.95 5.2886e+00   1591.625      38200         14  0.000e+00
     58.219     57.636    -0.5662  27.871044    -0.5680  27.868766     8.0761     8.1124     1.9263    91.1634 1.0000e-12  -65.88286  -68.28592 332.104579      99.98 3.5258e+00   1591.667      38201         14  0.000e+00
     58.116     57.535    -0.5663  27.871159    -0.5675  27.869440     8.0919     8.1121     1.9044    91.1634 1.0000e-12  -65.88286  -68.28592 332.104580      99.98 5.2886e+00   1591.708      38202         14  0.000e+00
     58.116     57.535    -0.5663  27.871044    -0.5669  27.870002     8.1031     8.1119     1.8677    91.1634 1.0000e-12  -65.88286  -68.28592 332.104580      99.98 5.2886e+00   1591.750      38203         14  0.000e+00
     58.116     57.535    -0.5667  27.870584    -0.5664  27.870339     8.1037     8.1117     1.8604    91.1634 1.0000e-12  -65.88286  -68.28592 332.104581      99.98 5.2886e+00   1591.792      38204         14  0.000e+00
     58.061     57.481    -0.5667  27.870584    -0.5664  27.870002     8.1070     8.1117     1.8604    91.1634 1.0000e-12  -65.88286  -68.28592 332.104581      99.98 5.2886e+00   1591.833      38205         14  0.000e+00
     58.013     57.433    -0.5670  27.870296    -0.5664  27.869889     8.0984     8.1116     1.8604    91.1377 1.0000e-12  -65.88286  -68.28592 332.104582      99.95 3.5258e+00   1591.875      38206         14  0.000e+00
     57.959     57.379    -0.5668  27.870411    -0.5670  27.869271     8.1013     8.1126     1.8604    91.1377 1.0000e-12  -65.88286  -68.28592 332.104582      99.95 5.2886e+00   1591.917      38207         14  0.000e+00
     58.013     57.433    -0.5665  27.870641    -0.5669  27.869103     8.1057     8.1126     1.8604    91.1377 1.0000e-12  -65.88286  -68.28592 332.104583      99.98 5.2886e+00   1591.958      38208         14  0.000e+00
     57.911     57.331    -0.5665  27.870871    -0.5672  27.869496     8.1026     8.1070     1.8604    91.1634 1.0000e-12  -65.88286  -68.28592 332.104583      99.98 5.2886e+00   1592.000      38209         14  0.000e+00
     57.863     57.284    -0.5668  27.870583    -0.5663  27.870001     8.1028     8.1059     1.8604    91.1634 1.0000e-12  -65.88286  -68.28592 332.104584      99.98 5.2886e+00   1592.042      38210         14  0.000e+00
     57.863     57.284    -0.5668  27.870295    -0.5652  27.870507     8.0957     8.1104     1.8604    91.1377 1.0000e-12  -65.88286  -68.28592 332.104584      99.93 5.2886e+00   1592.083      38211         14  0.000e+00
     57.808     57.230    -0.5665  27.870755    -0.5639  27.871518     8.0869     8.1101     1.8604    91.1634 1.0000e-12  -65.88286  -68.28592 332.104585      99.95 3.5258e+00   1592.125      38212         14  0.000e+00
     57.760     57.182    -0.5660  27.870755    -0.5620  27.872529     8.0813     8.1097     1.8604    91.2149 1.0000e-12  -65.88286  -68.28592 332.104585      99.98 5.2886e+00   1592.167      38213         14  0.000e+00
     57.705     57.128    -0.5651  27.871503    -0.5606  27.873541     8.0812     8.1093     1.8604    91.2149 1.0000e-12  -65.88286  -68.28592 332.104586      99.98 5.2886e+00   1592.208      38214         14  0.000e+00
     57.657     57.081    -0.5636  27.873114    -0.5599  27.873822     8.0779     8.1092     1.8604    91.2149 1.0000e-12  -65.88286  -68.28592 332.104586      99.98 5.2886e+00   1592.250      38215         14  0.000e+00
     57.657     57.081    -0.5623  27.873401    -0.5595  27.873484     8.0747     8.1092     1.8604    91.2149 1.0000e-12  -65.88286  -68.28592 332.104587      99.98 5.2886e+00   1592.292      38216         14  0.000e+00
     57.555     56.979    -0.5621  27.873401    -0.5603  27.873316     8.0642     8.1093     1.8604    91.2149 1.0000e-12  -65.88286  -68.28592 332.104587      99.98 5.2886e+00   1592.333      38217         14  0.000e+00
     57.507     56.931    -0.5622  27.873401    -0.5599  27.873653     8.0656     8.1102     1.8677    91.2149 1.0000e-12  -65.88286  -68.28592 332.104588      99.95 5.2886e+00   1592.375      38218         14  0.000e+00
     57.452     56.877    -0.5612  27.874494    -0.5586  27.874214     8.0621     8.1099     1.8604    91.2149 1.0000e-12  -65.88286  -68.28592 332.104588      99.95 5.2886e+00   1592.417      38219         14  0.000e+00
     57.404     56.830    -0.5587  27.875932    -0.5569  27.875731     8.0656     8.1095     1.8604    91.2149 1.0000e-12  -65.88286  -68.28592 332.104589      99.98 5.2886e+00   1592.458      38220         14  0.000e+00
     57.349     56.776    -0.5570  27.877083    -0.5557  27.876349     8.0646     8.1093     1.8604    91.2149 1.0000e-12  -65.88286  -68.28592 332.104589      99.98 5.2886e+00   1592.500      38221         14  0.000e+00
     31.197     30.887    -0.5010  27.906417    -0.5011  27.905392     8.1194     8.2003     2.5198    90.2622 1.5397e-01  -65.88300  -68.28580 332.105479      99.95 3.5258e+00   1669.417      40067         15  0.000e+00
     31.252     30.941    -0.5010  27.906590    -0.5013  27.905392     8.1206     8.2009     2.5198    90.2622 1.5397e-01  -65.88300  -68.28580 332.105480      99.98 3.5258e+00   1669.458      40068         15  0.000e+00
     31.252     30.941    -0.5010  27.906705    -0.5011  27.905223     8.1203     8.1958     2.5198    90.2879 1.5397e-01  -65.88300  -68.28580 332.105480      99.98 3.5258e+00   1669.500      40069         15  0.000e+00
     31.300     30.989    -0.5010  27.906475    -0.5015  27.905392     8.1186     8.2010     2.5198    90.2622 1.5397e-01  -65.88300  -68.28580 332.105481      99.98 3.5258e+00   1669.542      40070         15  0.000e+00
     31.355     31.043    -0.5010  27.906763    -0.5012  27.905448     8.1212     8.2006     2.3952    90.2622 1.5166e-01  -65.88300  -68.28580 332.105481      99.95 3.5258e+00   1669.583      40071         15  0.000e+00
     31.300     30.989    -0.5007  27.906763    -0.5011  27.905617     8.1262     8.1999     2.2707    90.3137 1.5166e-01  -65.88300  -68.28580 332.105482      99.95 3.5258e+00   1669.625      40072         15  0.000e+00
     31.403     31.090    -0.5009  27.906706    -0.5011  27.905673     8.1340     8.2003     2.2487    90.3652 1.4935e-01  -65.88300  -68.28580 332.105482      99.98 3.5258e+00   1669.667      40073         15  0.000e+00
     31.403     31.090    -0.5009  27.906878    -0.5010  27.905898     8.1427     8.2006     2.2560    90.3652 1.4935e-01  -65.88300  -68.28580 332.105483      99.98 3.5258e+00   1669.708      40074         15  0.000e+00
     31.403     31.090    -0.5010  27.906533    -0.5011  27.905392     8.1365     8.1954     2.2560    90.3652 1.4935e-01  -65.88300  -68.28580 332.105483      99.98 3.5258e+00   1669.750      40075         15  0.000e+00
     31.457     31.145    -0.5010  27.906763    -0.5010  27.905561     8.1361     8.2002     2.2560    90.3652 1.4935e-01  -65.88300  -68.28582 332.105484      99.98 3.5258e+00   1669.792      40076         15  0.000e+00
     31.505     31.192    -0.5009  27.906763    -0.5011  27.905730     8.1272     8.2005     2.2633    90.3394 1.4706e-01  -65.88300  -68.28582 332.105484      99.98 3.5258e+00   1669.833      40077         15  0.000e+00
     31.505     31.192    -0.5010  27.906476    -0.5010  27.905842     8.1274     8.2006     2.2633    90.3652 1.4706e-01  -65.88300  -68.28582 332.105485      99.95 3.5258e+00   1669.875      40078         15  0.000e+00
     31.505     31.192    -0.5010  27.906764    -0.5010  27.905561     8.1204     8.2007     2.2560    90.3652 1.4477e-01  -65.88300  -68.28582 332.105485      99.95 3.5258e+00   1669.917      40079         15  0.000e+00
     31.553     31.240    -0.5009  27.906936    -0.5013  27.905618     8.1136     8.2009     2.2633    90.3652 1.4477e-01  -65.88300  -68.28582 332.105486      99.98 3.5258e+00   1669.958      40080         15  0.000e+00
     31.608     31.294    -0.5010  27.906936    -0.5011  27.905730     8.1101     8.2009     2.2633    90.3652 1.4477e-01  -65.88300  -68.28582 332.105486      99.98 3.5258e+00   1670.000      40081         15  0.000e+00
     31.533     31.219    -0.5007  27.906764    -0.5013  27.905842     8.1110     8.2009     2.2560    90.3652 1.4248e-01  -65.88300  -68.28582 332.105487      99.98 3.5258e+00   1670.042      40082         15  0.000e+00
     31.656     31.341    -0.5012  27.906879    -0.5011  27.905730     8.1137     8.2064     2.2560    90.3652 1.4248e-01  -65.88300  -68.28582 332.105487      99.93 3.5258e+00   1670.083      40083         15  0.000e+00
     31.656     31.341    -0.5010  27.906764    -0.5011  27.905899     8.1203     8.2017     2.2633    90.3394 1.4248e-01  -65.88300  -68.28582 332.105488      99.95 3.5258e+00   1670.125      40084         15  0.000e+00
     31.656     31.341    -0.5012  27.906476    -0.5013  27.905786     8.1181     8.2016     2.2560    90.3652 1.4248e-01  -65.88300  -68.28582 332.105488      99.98 3.5258e+00   1670.167      40085         15  0.000e+00
     31.711     31.396    -0.5010  27.906994    -0.5010  27.905899     8.1147     8.2014     2.2560    90.3652 1.4020e-01  -65.88300  -68.28582 332.105489      99.98 3.5258e+00   1670.208      40086         15  0.000e+00
     31.711     31.396    -0.5009  27.906994    -0.5011  27.905505     8.1204     8.2012     2.2560    90.3652 1.4020e-01  -65.88300  -68.28582 332.105489      99.98 3.5258e+00   1670.250      40087         15  0.000e+00
     31.759     31.443    -0.5009  27.906937    -0.5010  27.905618     8.1189     8.2010     2.2560    90.3652 1.4020e-01  -65.88300  -68.28582 332.105489      99.98 3.5258e+00   1670.292      40088         15  0.000e+00
     31.759     31.443    -0.5010  27.906764    -0.5011  27.905730     8.1117     8.2016     2.2633    90.3652 1.3793e-01  -65.88300  -68.28582 332.105490      99.98 3.5258e+00   1670.333      40089         15  0.000e+00
     31.759     31.443    -0.5010  27.906707    -0.5010  27.905730     8.1031     8.2013     2.2633    90.3652 1.3793e-01  -65.88300  -68.28582 332.105490      99.95 3.5258e+00   1670.375      40090         15  0.000e+00
     31.807     31.491    -0.5012  27.906477    -0.5012  27.905899     8.1109     8.2011     2.2633    90.3394 1.3566e-01  -65.88300  -68.28582 332.105491      99.95 3.5258e+00   1670.417      40091         15  0.000e+00
     31.807     31.491    -0.5010  27.906764    -0.5010  27.905899     8.1095     8.2007     2.2633    90.4167 1.3566e-01  -65.88300  -68.28582 332.105491      99.98 3.5258e+00   1670.458      40092         15  0.000e+00
     31.861     31.545    -0.5012  27.906764    -0.5011  27.906124     8.1097     8.2058     2.2560    90.4939 1.3566e-01  -65.88300  -68.28582 332.105492      99.98 3.5258e+00   1670.500      40093         15  0.000e+00
     31.861     31.545    -0.5012  27.906880    -0.5010  27.905843     8.1027     8.2016     2.2560    90.5197 1.3340e-01  -65.88300  -68.28582 332.105492      99.95 3.5258e+00   1670.542      40094         15  0.000e+00
     31.807     31.491    -0.5010  27.906534    -0.5010  27.905899     8.1059     8.2011     2.2560    90.5197 1.3340e-01  -65.88300  -68.28582 332.105493      99.93 3.5258e+00   1670.583      40095         15  0.000e+00
     31.909     31.592    -0.5010  27.906765    -0.5009  27.906012     8.0976     8.2007     2.2633    90.5197 1.3340e-01  -65.88300  -68.28582 332.105493      99.95 3.5258e+00   1670.625      40096         15  0.000e+00
     31.909     31.592    -0.5009  27.906937    -0.5011  27.905731     8.0892     8.2011     2.3659    90.5197 1.3115e-01  -65.88300  -68.28582 332.105494      99.98 3.5258e+00   1670.667      40097         15  0.000e+00
     31.909     31.592    -0.5010  27.907110    -0.5010  27.905675     8.0869     8.1951     2.6077    90.5197 1.3115e-01  -65.88300  -68.28582 332.105494      99.98 3.5258e+00   1670.708      40098         15  0.000e+00
     31.909     31.592    -0.5010  27.906995    -0.5013  27.905506     8.0905     8.1992     2.6809    90.5197 1.3115e-01  -65.88300  -68.28582 332.105495      99.98 3.5258e+00   1670.750      40099         15  0.000e+00
     31.964     31.647    -0.5010  27.906937    -0.5013  27.905619     8.0884     8.1987     2.6809    90.5197 1.3115e-01  -65.88300  -68.28582 332.105495      99.98 3.5258e+00   1670.792      40100         15  0.000e+00
     31.964     31.647    -0.5009  27.907110    -0.5013  27.905731     8.0877     8.1981     2.6663    90.5197 1.2890e-01  -65.88300  -68.28582 332.105496      99.98 3.5258e+00   1670.833      40101         15  0.000e+00
     31.964     31.647    -0.5010  27.906822    -0.5012  27.905843     8.0930     8.1974     2.6663    90.5197 1.2890e-01  -65.88300  -68.28582 332.105496      99.95 3.5258e+00   1670.875      40102         15  0.000e+00
     32.012     31.694    -0.5010  27.906880    -0.5015  27.905956     8.0939     8.1977     2.6589    90.5197 1.2666e-01  -65.88300  -68.28582 332.105497      99.95 3.5258e+00   1670.917      40103         15  0.000e+00
