NBP2113_155081_ctd/data/nbp2113_011.cnv
* Sea-Bird SBE 9 Data File:
* FileName = D:\Data\raw\NBP2113_011.hex
* Software Version Seasave V 7.26.7.121
* Temperature SN = 2438
* Conductivity SN = 2067
* Number of Bytes Per Scan = 40
* Number of Voltage Words = 5
* Number of Scans Averaged by the Deck Unit = 1
* NMEA Latitude = 63 57.92 S
* NMEA Longitude = 066 51.27 W
* NMEA UTC (Time) = Nov 26 2021  05:08:42
* NMEA baud rate = 9600
** Ship: RVIB N.B. Palmer
** Cruise: NBP2113 LTER
** Station: 600.200
** Operator: B. Urmston
# nquan = 25
# nvalues = 6192                        
# units = specified
# name 0 = prDM: Pressure, Digiquartz [db]
# name 1 = depSM: Depth [salt water, m]
# name 2 = t090C: Temperature [ITS-90, deg C]
# name 3 = c0mS/cm: Conductivity [mS/cm]
# name 4 = t190C: Temperature, 2 [ITS-90, deg C]
# name 5 = c1mS/cm: Conductivity, 2 [mS/cm]
# name 6 = sbeox0ML/L: Oxygen, SBE 43 [ml/l]
# name 7 = sbeox1ML/L: Oxygen, SBE 43, 2 [ml/l]
# name 8 = flECO-AFL: Fluorescence, WET Labs ECO-AFL/FL [mg/m^3]
# name 9 = CStarTr0: Beam Transmission, WET Labs C-Star [%]
# name 10 = par: PAR/Irradiance, Biospherical/Licor
# name 11 = latitude: Latitude [deg]
# name 12 = longitude: Longitude [deg]
# name 13 = timeJ: Julian Days
# name 14 = altM: Altimeter [m]
# name 15 = spar: SPAR, Biospherical/Licor
# name 16 = timeS: Time, Elapsed [seconds]
# name 17 = scan: Scan Count
# name 18 = density00: Density [density, kg/m^3]
# name 19 = density11: Density, 2 [density, kg/m^3]
# name 20 = sal00: Salinity, Practical [PSU]
# name 21 = sal11: Salinity, Practical, 2 [PSU]
# name 22 = oxsolML/L: Oxygen Saturation, Garcia & Gordon [ml/l]
# name 23 = nbin: number of scans per bin
# name 24 = flag: flag
# span 0 =      1.000,   3098.000       
# span 1 =      0.994,   3045.486       
# span 2 =    -1.2048,     2.0379       
# span 3 =  27.308759,  30.722632       
# span 4 =    -1.1900,     2.0382       
# span 5 =  27.323530,  30.722628       
# span 6 =     3.9792,     9.8840       
# span 7 =     3.9759,     9.9490       
# span 8 =    -0.0227,     7.5176       
# span 9 =    88.4704,    97.9357       
# span 10 = 1.0000e-12, 1.0000e-12      
# span 11 =  -63.96602,  -63.96546      
# span 12 =  -66.85634,  -66.85472      
# span 13 = 330.217781, 330.313487      
# span 14 =       6.63,     100.85      
# span 15 = 0.0000e+00, 7.2274e+01      
# span 16 =    294.277,   8563.305      
# span 17 =       7064,     205520      
# span 18 =  1027.2359,  1042.0775      
# span 19 =  1027.2298,  1042.0764      
# span 20 =    33.8825,    34.7289      
# span 21 =    33.8790,    34.7276      
# span 22 =    7.62144,    8.32646      
# span 23 =         13,         49      
# span 24 = 0.0000e+00, 0.0000e+00      
# interval = decibars: 1                
# start_time = Nov 26 2021 05:08:42 [NMEA time, header]
# bad_flag = -9.990e-29
*END*
[from data line 5276]
    916.000    905.091     1.5424  30.573159     1.5438  30.573642     4.2778     4.2990    -0.0094    97.8841 1.0000e-12  -63.96584  -66.85600 330.295466      99.98 3.7021e+01   7006.255     168151  1032.0717  1032.0709    34.7281    34.7272    7.71342         27 0.0000e+00
    915.000    904.104     1.5438  30.573970     1.5426  30.572135     4.2725     4.2962    -0.0140    97.8833 1.0000e-12  -63.96584  -66.85600 330.295482      99.98 3.7021e+01   7007.613     168184  1032.0670  1032.0663    34.7282    34.7271    7.71314         35 0.0000e+00
    914.000    903.119     1.5450  30.574485     1.5444  30.573379     4.2754     4.2937    -0.0133    97.8738 1.0000e-12  -63.96584  -66.85600 330.295499      99.97 3.7021e+01   7009.095     168219  1032.0622  1032.0617    34.7280    34.7273    7.71292         31 0.0000e+00
    913.000    902.132     1.5472  30.576035     1.5473  30.575457     4.2687     4.2924    -0.0124    97.8810 1.0000e-12  -63.96584  -66.85598 330.295512      99.98 3.7021e+01   7010.215     168246  1032.0574  1032.0567    34.7281    34.7272    7.71248         25 0.0000e+00
    912.000    901.147     1.5496  30.577865     1.5500  30.577319     4.2725     4.2921    -0.0131    97.8785 1.0000e-12  -63.96584  -66.85598 330.295523      99.98 3.7021e+01   7011.189     168270  1032.0526  1032.0517    34.7283    34.7272    7.71199         23 0.0000e+00
    911.000    900.162     1.5521  30.579417     1.5521  30.578718     4.2613     4.2907    -0.0201    97.8809 1.0000e-12  -63.96584  -66.85598 330.295534      99.98 3.7021e+01   7012.180     168293  1032.0476  1032.0469    34.7281    34.7272    7.71152         25 0.0000e+00
    910.000    899.175     1.5525  30.579479     1.5526  30.578795     4.2619     4.2888    -0.0203    97.8804 1.0000e-12  -63.96584  -66.85598 330.295547      99.98 3.7021e+01   7013.295     168320  1032.0431  1032.0423    34.7283    34.7273    7.71143         28 0.0000e+00
    909.000    898.189     1.5518  30.578102     1.5536  30.579224     4.2713     4.2893    -0.0070    97.8655 1.0000e-12  -63.96584  -66.85598 330.295562      99.98 3.7021e+01   7014.564     168351  1032.0382  1032.0376    34.7279    34.7273    7.71159         32 0.0000e+00
    908.000    897.203     1.5531  30.578977     1.5540  30.579122     4.2691     4.2879    -0.0184    97.8763 1.0000e-12  -63.96584  -66.85598 330.295578      99.98 3.7021e+01   7015.922     168383  1032.0337  1032.0329    34.7281    34.7273    7.71132         33 0.0000e+00
    907.000    896.217     1.5555  30.580625     1.5565  30.580810     4.2735     4.2884    -0.0170    97.8615 1.0000e-12  -63.96584  -66.85598 330.295593      99.98 3.7021e+01   7017.257     168415  1032.0288  1032.0280    34.7282    34.7272    7.71086         30 0.0000e+00
    906.000    895.231     1.5570  30.581627     1.5582  30.581836     4.2663     4.2865    -0.0158    97.8846 1.0000e-12  -63.96584  -66.85598 330.295607      99.98 3.7021e+01   7018.464     168444  1032.0241  1032.0232    34.7282    34.7273    7.71055         28 0.0000e+00
    905.000    894.245     1.5589  30.582698     1.5617  30.584437     4.2715     4.2873     0.0056    97.8832 1.0000e-12  -63.96584  -66.85598 330.295621      99.98 3.7021e+01   7019.639     168472  1032.0192  1032.0182    34.7281    34.7273    7.71020         30 0.0000e+00
    904.000    893.259     1.5616  30.584597     1.5628  30.584944     4.2724     4.2861     0.0043    97.8841 1.0000e-12  -63.96584  -66.85598 330.295636      99.97 3.7021e+01   7020.977     168504  1032.0143  1032.0135    34.7281    34.7272    7.70967         34 0.0000e+00
    903.000    892.272     1.5624  30.584922     1.5629  30.584583     4.2707     4.2852    -0.0182    97.8841 1.0000e-12  -63.96584  -66.85598 330.295652      99.98 3.7021e+01   7022.331     168537  1032.0096  1032.0088    34.7281    34.7271    7.70950         29 0.0000e+00
    902.000    891.288     1.5636  30.585327     1.5643  30.585356     4.2665     4.2845    -0.0130    97.8841 1.0000e-12  -63.96584  -66.85598 330.295664      99.98 3.7021e+01   7023.357     168562  1032.0047  1032.0041    34.7279    34.7272    7.70929         22 0.0000e+00
    901.000    890.301     1.5644  30.585759     1.5667  30.587026     4.2684     4.2839    -0.0136    97.8841 1.0000e-12  -63.96584  -66.85598 330.295674      99.98 3.7021e+01   7024.232     168583  1032.0002  1031.9992    34.7282    34.7272    7.70912         21 0.0000e+00
    900.000    889.315     1.5671  30.587644     1.5674  30.587214     4.2752     4.2834    -0.0135    97.8831 1.0000e-12  -63.96584  -66.85598 330.295685      99.98 3.7021e+01   7025.153     168605  1031.9952  1031.9945    34.7281    34.7272    7.70859         24 0.0000e+00
    899.000    888.330     1.5671  30.587203     1.5663  30.585768     4.2695     4.2834    -0.0179    97.8746 1.0000e-12  -63.96584  -66.85598 330.295699      99.98 3.7021e+01   7026.354     168634  1031.9906  1031.9900    34.7281    34.7271    7.70860         32 0.0000e+00
    898.000    887.343     1.5666  30.586240     1.5659  30.585092     4.2670     4.2843    -0.0108    97.8465 1.0000e-12  -63.96584  -66.85598 330.295715      99.98 3.7021e+01   7027.798     168668  1031.9860  1031.9856    34.7280    34.7273    7.70870         32 0.0000e+00
    897.000    886.357     1.5683  30.587408     1.5684  30.586701     4.2706     4.2873    -0.0034    97.8137 1.0000e-12  -63.96584  -66.85598 330.295729      99.98 3.7021e+01   7028.991     168697  1031.9813  1031.9805    34.7281    34.7272    7.70835         27 0.0000e+00
    896.000    885.371     1.5688  30.587288     1.5687  30.586613     4.2708     4.2901    -0.0092    97.8815 1.0000e-12  -63.96584  -66.85598 330.295742      99.98 3.7021e+01   7030.133     168724  1031.9766  1031.9759    34.7280    34.7272    7.70827         28 0.0000e+00
    895.000    884.385     1.5690  30.587004     1.5700  30.587371     4.2684     4.2821    -0.0145    97.8815 1.0000e-12  -63.96584  -66.85598 330.295757      99.98 3.7690e+01   7031.414     168755  1031.9719  1031.9712    34.7279    34.7273    7.70822         30 0.0000e+00
    894.000    883.400     1.5701  30.587679     1.5704  30.587218     4.2620     4.2858    -0.0048    97.8678 1.0000e-12  -63.96584  -66.85596 330.295772      99.98 3.8123e+01   7032.733     168787  1031.9672  1031.9665    34.7281    34.7272    7.70800         29 0.0000e+00
    893.000    882.412     1.5705  30.587528     1.5704  30.586850     4.2644     4.2849    -0.0110    97.8841 1.0000e-12  -63.96584  -66.85596 330.295786      99.98 3.7020e+01   7033.918     168815  1031.9626  1031.9620    34.7281    34.7273    7.70793         29 0.0000e+00
    892.000    881.427     1.5702  30.586896     1.5711  30.586913     4.2682     4.2830    -0.0063    97.8841 1.0000e-12  -63.96584  -66.85596 330.295801      99.98 3.7021e+01   7035.175     168845  1031.9580  1031.9572    34.7281    34.7272    7.70798         32 0.0000e+00
    891.000    880.441     1.5700  30.586272     1.5702  30.585623     4.2689     4.2811    -0.0103    97.8841 1.0000e-12  -63.96584  -66.85597 330.295823      99.98 3.7622e+01   7037.094     168891  1031.9534  1031.9526    34.7281    34.7271    7.70802         39 0.0000e+00
    890.000    879.455     1.5714  30.587011     1.5710  30.585913     4.2644     4.2817    -0.0133    97.8852 1.0000e-12  -63.96584  -66.85598 330.295840      99.98 3.8827e+01   7038.618     168928  1031.9486  1031.9480    34.7280    34.7272    7.70775         24 0.0000e+00
    889.000    878.468     1.5722  30.587310     1.5721  30.586462     4.2683     4.2805    -0.0126    97.8650 1.0000e-12  -63.96584  -66.85598 330.295850      99.98 3.8783e+01   7039.457     168948  1031.9439  1031.9432    34.7281    34.7272    7.70760         18 0.0000e+00
    888.000    877.484     1.5735  30.587921     1.5745  30.588179     4.2609     4.2787    -0.0114    97.8743 1.0000e-12  -63.96584  -66.85598 330.295858      99.98 3.8783e+01   7040.140     168964  1031.9391  1031.9383    34.7280    34.7272    7.70735         16 0.0000e+00
    887.000    876.496     1.5772  30.590899     1.5790  30.591655     4.2595     4.2786    -0.0044    97.8840 1.0000e-12  -63.96584  -66.85598 330.295866      99.98 3.8783e+01   7040.782     168980  1031.9342  1031.9332    34.7282    34.7273    7.70661         15 0.0000e+00
    886.000    875.510     1.5801  30.592912     1.5809  30.592893     4.2652     4.2807    -0.0119    97.8841 1.0000e-12  -63.96584  -66.85598 330.295873      99.98 3.8687e+01   7041.469     168996  1031.9291  1031.9284    34.7282    34.7273    7.70605         18 0.0000e+00
    885.000    874.525     1.5790  30.591468     1.5799  30.591592     4.2653     4.2797    -0.0149    97.8841 1.0000e-12  -63.96584  -66.85598 330.295884      99.97 3.8321e+01   7042.365     169018  1031.9246  1031.9238    34.7281    34.7272    7.70626         26 0.0000e+00
    884.000    873.539     1.5786  30.590706     1.5790  30.590340     4.2613     4.2766    -0.0150    97.8841 1.0000e-12  -63.96584  -66.85597 330.295900      99.98 3.8588e+01   7043.738     169051  1031.9201  1031.9194    34.7281    34.7273    7.70634         35 0.0000e+00
    883.000    872.553     1.5824  30.593743     1.5811  30.591793     4.2560     4.2753    -0.0150    97.8841 1.0000e-12  -63.96584  -66.85596 330.295915      99.97 3.7631e+01   7045.038     169082  1031.9152  1031.9145    34.7284    34.7273    7.70559         29 0.0000e+00
    882.000    871.566     1.5842  30.594738     1.5850  30.594666     4.2675     4.2755    -0.0192    97.8810 1.0000e-12  -63.96584  -66.85594 330.295933      99.97 3.7041e+01   7046.595     169119  1031.9103  1031.9094    34.7282    34.7272    7.70525         33 0.0000e+00
    881.000    870.581     1.5807  30.591218     1.5810  30.590892     4.2562     4.2734    -0.0125    97.8708 1.0000e-12  -63.96584  -66.85596 330.295965      99.98 3.8552e+01   7049.406     169187  1031.9061  1031.9054    34.7281    34.7274    7.70594         36 0.0000e+00
    880.000    869.595     1.5856  30.595006     1.5846  30.593417     4.2533     4.2744    -0.0048    97.8844 1.0000e-12  -63.96584  -66.85597 330.295979      99.98 3.8791e+01   7050.597     169215  1031.9008  1031.9003    34.7281    34.7272    7.70498         24 0.0000e+00
    879.000    868.607     1.5936  30.601735     1.5925  30.600030     4.2551     4.2714    -0.0125    97.8841 1.0000e-12  -63.96584  -66.85598 330.295989      99.98 3.8783e+01   7051.482     169237  1031.8955  1031.8949    34.7284    34.7275    7.70341         20 0.0000e+00
    878.000    867.623     1.5967  30.603787     1.5970  30.603281     4.2578     4.2700    -0.0078    97.8841 1.0000e-12  -63.96584  -66.85596 330.295999      99.98 3.8783e+01   7052.300     169256  1031.8903  1031.8895    34.7282    34.7272    7.70282         20 0.0000e+00
    877.000    866.636     1.5970  30.603745     1.5975  30.603383     4.2515     4.2708    -0.0080    97.8841 1.0000e-12  -63.96584  -66.85598 330.296009      99.98 3.8783e+01   7053.180     169277  1031.8858  1031.8850    34.7282    34.7273    7.70275         23 0.0000e+00
    876.000    865.649     1.5972  30.603447     1.5974  30.602941     4.2479     4.2695    -0.0157    97.8841 1.0000e-12  -63.96584  -66.85596 330.296021      99.98 3.7515e+01   7054.225     169302  1031.8811  1031.8804    34.7282    34.7273    7.70271         27 0.0000e+00
    875.000    864.664     1.5974  30.603205     1.5970  30.602165     4.2571     4.2695    -0.0184    97.8841 1.0000e-12  -63.96584  -66.85598 330.296034      99.98 3.7608e+01   7055.341     169329  1031.8766  1031.8759    34.7282    34.7274    7.70267         24 0.0000e+00
    874.000    863.679     1.5975  30.602635     1.5974  30.602093     4.2591     4.2704    -0.0147    97.8841 1.0000e-12  -63.96584  -66.85596 330.296046      99.98 3.8632e+01   7056.406     169355  1031.8717  1031.8713    34.7280    34.7274    7.70267         25 0.0000e+00
    873.000    862.691     1.5976  30.602420     1.5976  30.601800     4.2596     4.2734    -0.0131    97.8841 1.0000e-12  -63.96584  -66.85596 330.296059      99.98 3.8782e+01   7057.490     169381  1031.8673  1031.8666    34.7282    34.7274    7.70264         27 0.0000e+00
    872.000    861.705     1.5974  30.601956     1.5977  30.601502     4.2543     4.2753    -0.0132    97.8623 1.0000e-12  -63.96584  -66.85596 330.296074      99.98 3.8783e+01   7058.752     169411  1031.8628  1031.8620    34.7283    34.7274    7.70266         33 0.0000e+00
    871.000    860.719     1.5984  30.602172     1.5997  30.602640     4.2569     4.2719    -0.0138    97.8833 1.0000e-12  -63.96583  -66.85596 330.296089      99.98 3.8783e+01   7060.085     169443  1031.8579  1031.8571    34.7280    34.7273    7.70248         31 0.0000e+00
    870.000    859.733     1.6005  30.603565     1.6003  30.602729     4.2551     4.2733    -0.0128    97.8831 1.0000e-12  -63.96582  -66.85596 330.296103      99.98 3.7871e+01   7061.289     169472  1031.8530  1031.8524    34.7281    34.7272    7.70208         27 0.0000e+00
    869.000    858.746     1.6006  30.603283     1.6019  30.603692     4.2559     4.2698    -0.0136    97.8841 1.0000e-12  -63.96582  -66.85594 330.296117      99.97 3.8152e+01   7062.493     169501  1031.8485  1031.8476    34.7282    34.7273    7.70206         31 0.0000e+00
    868.000    857.760     1.6023  30.604434     1.6036  30.604780     4.2513     4.2700    -0.0152    97.8841 1.0000e-12  -63.96582  -66.85594 330.296132      99.98 3.8783e+01   7063.812     169532  1031.8438  1031.8428    34.7283    34.7273    7.70171         32 0.0000e+00
    867.000    856.775     1.6044  30.605690     1.6049  30.605396     4.2523     4.2687    -0.0143    97.8841 1.0000e-12  -63.96582  -66.85594 330.296147      99.98 3.8783e+01   7065.074     169563  1031.8388  1031.8381    34.7282    34.7273    7.70132         28 0.0000e+00
    866.000    855.788     1.6059  30.606667     1.6061  30.606094     4.2506     4.2693    -0.0021    97.8841 1.0000e-12  -63.96582  -66.85594 330.296160      99.98 3.8783e+01   7066.212     169590  1031.8341  1031.8333    34.7283    34.7273    7.70102         28 0.0000e+00
    865.000    854.802     1.6058  30.605960     1.6080  30.607307     4.2503     4.2690    -0.0125    97.8841 1.0000e-12  -63.96582  -66.85594 330.296174      99.97 3.8783e+01   7067.452     169620  1031.8294  1031.8285    34.7281    34.7273    7.70105         32 0.0000e+00
    864.000    853.815     1.6044  30.604368     1.6090  30.607679     4.2533     4.2677    -0.0184    97.8841 1.0000e-12  -63.96582  -66.85594 330.296191      99.98 3.8783e+01   7068.924     169655  1031.8250  1031.8237    34.7281    34.7273    7.70132         37 0.0000e+00
    863.000    852.830     1.6094  30.608329     1.6101  30.608231     4.2498     4.2664    -0.0136    97.8841 1.0000e-12  -63.96582  -66.85594 330.296208      99.98 3.8783e+01   7070.365     169690  1031.8197  1031.8190    34.7281    34.7272    7.70033         32 0.0000e+00
    862.000    851.844     1.6104  30.608684     1.6103  30.607918     4.2500     4.2669    -0.0085    97.8841 1.0000e-12  -63.96582  -66.85594 330.296223      99.97 3.8783e+01   7071.627     169720  1031.8150  1031.8144    34.7281    34.7272    7.70015         29 0.0000e+00
    861.000    850.858     1.6116  30.609352     1.6121  30.609087     4.2505     4.2655    -0.0179    97.8841 1.0000e-12  -63.96582  -66.85594 330.296235      99.98 3.8783e+01   7072.737     169747  1031.8103  1031.8096    34.7281    34.7273    7.69991         25 0.0000e+00
    860.000    849.871     1.6128  30.609883     1.6133  30.609577     4.2512     4.2662    -0.0056    97.8841 1.0000e-12  -63.96582  -66.85594 330.296247      99.98 3.8783e+01   7073.743     169771  1031.8055  1031.8047    34.7281    34.7272    7.69968         23 0.0000e+00
