NBP2113_155081_ctd/data/nbp2113_003.cnv
* Sea-Bird SBE 9 Data File:
* FileName = D:\Data\raw\NBP2113_003.hex
* Software Version Seasave V 7.26.7.121
* Temperature SN = 2438
* Conductivity SN = 2067
* Number of Bytes Per Scan = 40
* Number of Voltage Words = 5
* Number of Scans Averaged by the Deck Unit = 1
* NMEA Latitude = 63 28.26 S
* NMEA Longitude = 061 47.09 W
* NMEA UTC (Time) = Nov 22 2021  19:16:03
* NMEA baud rate = 9600
** Ship: RVIB N.B. Palmer
** Cruise: NBP2113 LTER
** Station: 806.048
** Operator: S. Blackman
# nquan = 25
# nvalues = 1102                        
# units = specified
# name 0 = prDM: Pressure, Digiquartz [db]
# name 1 = depSM: Depth [salt water, m]
# name 2 = t090C: Temperature [ITS-90, deg C]
# name 3 = c0mS/cm: Conductivity [mS/cm]
# name 4 = t190C: Temperature, 2 [ITS-90, deg C]
# name 5 = c1mS/cm: Conductivity, 2 [mS/cm]
# name 6 = sbeox0ML/L: Oxygen, SBE 43 [ml/l]
# name 7 = sbeox1ML/L: Oxygen, SBE 43, 2 [ml/l]
# name 8 = flECO-AFL: Fluorescence, WET Labs ECO-AFL/FL [mg/m^3]
# name 9 = CStarTr0: Beam Transmission, WET Labs C-Star [%]
# name 10 = par: PAR/Irradiance, Biospherical/Licor
# name 11 = latitude: Latitude [deg]
# name 12 = longitude: Longitude [deg]
# name 13 = timeJ: Julian Days
# name 14 = altM: Altimeter [m]
# name 15 = spar: SPAR, Biospherical/Licor
# name 16 = timeS: Time, Elapsed [seconds]
# name 17 = scan: Scan Count
# name 18 = density00: Density [density, kg/m^3]
# name 19 = density11: Density, 2 [density, kg/m^3]
# name 20 = sal00: Salinity, Practical [PSU]
# name 21 = sal11: Salinity, Practical, 2 [PSU]
# name 22 = oxsolML/L: Oxygen Saturation, Garcia & Gordon [ml/l]
# name 23 = nbin: number of scans per bin
# name 24 = flag: flag
# span 0 =      2.000,    554.000       
# span 1 =      1.982,    547.897       
# span 2 =    -0.6541,     0.2728       
# span 3 =  27.895601,  29.140464       
# span 4 =    -0.6580,     0.2795       
# span 5 =  27.894378,  29.136617       
# span 6 =     5.3113,     8.1453       
# span 7 =     5.3256,     8.0152       
# span 8 =    -0.0296,     1.6116       
# span 9 =    90.0447,    98.9360       
# span 10 = -2.096e-05, 1.4689e+03      
# span 11 =  -63.47132,  -63.47104      
# span 12 =  -61.78588,  -61.78515      
# span 13 = 326.806521, 326.833172      
# span 14 =       8.03,     101.78      
# span 15 = 1.8134e+03, 1.8656e+03      
# span 16 =    320.412,   2623.094      
# span 17 =       7691,      62955      
# span 18 =  1027.3099,  1030.3680      
# span 19 =  1027.3069,  1030.3667      
# span 20 =    33.9813,    34.5667      
# span 21 =    33.9775,    34.5649      
# span 22 =    7.97768,    8.19055      
# span 23 =          6,         61      
# span 24 = 0.0000e+00, 0.0000e+00      
# interval = decibars: 1                
# start_time = Nov 22 2021 19:16:03 [NMEA time, header]
# bad_flag = -9.990e-29
*END*
[from data line 870]
    233.000    230.611    -0.2921  28.491673    -0.2832  28.498908     6.0136     5.9234     0.0097    98.4861 1.0000e-12  -63.47130  -61.78560 326.824749      99.98 1.8476e+03   1895.343      45489  1028.8001  1028.7993    34.4633    34.4628    8.10202         37 0.0000e+00
    232.000    229.622    -0.3050  28.477529    -0.2861  28.493689     6.0093     5.9373     0.0090    98.4669 1.0000e-12  -63.47130  -61.78560 326.824768      99.98 1.8522e+03   1896.938      45528  1028.7929  1028.7919    34.4595    34.4597    8.10497         32 0.0000e+00
    231.000    228.633    -0.3072  28.474197    -0.3045  28.475614     6.0048     5.9360     0.0008    98.4506 1.0000e-12  -63.47130  -61.78562 326.824782      99.98 1.8469e+03   1898.186      45557  1028.7868  1028.7860    34.4582    34.4570    8.10551         30 0.0000e+00
    230.000    227.643    -0.2944  28.485737    -0.2954  28.483115     6.0002     5.9341     0.0054    98.4836 1.0000e-12  -63.47130  -61.78562 326.824799      99.98 1.8419e+03   1899.627      45592  1028.7820  1028.7805    34.4598    34.4574    8.10271         40 0.0000e+00
    229.000    226.655    -0.2944  28.481969    -0.2990  28.478843     6.0041     5.9381     0.0116    98.4842 1.0000e-12  -63.47130  -61.78562 326.824820      99.98 1.8422e+03   1901.418      45635  1028.7734  1028.7748    34.4553    34.4564    8.10296         36 0.0000e+00
    228.000    225.666    -0.2922  28.482199    -0.2932  28.480368     5.9762     5.9053     0.0074    98.4812 1.0000e-12  -63.47130  -61.78562 326.824835      99.98 1.8434e+03   1902.715      45666  1028.7671  1028.7663    34.4538    34.4524    8.10258         26 0.0000e+00
    227.000    224.677    -0.2867  28.486633    -0.2697  28.498891     5.9542     5.9014    -0.0004    98.4763 1.0000e-12  -63.47130  -61.78562 326.824846      99.98 1.8441e+03   1903.681      45689  1028.7620  1028.7585    34.4541    34.4512    8.10139         22 0.0000e+00
    226.000    223.686    -0.2531  28.513204    -0.2402  28.521529     5.9514     5.8957     0.0058    98.4763 1.0000e-12  -63.47130  -61.78562 326.824856      99.98 1.8475e+03   1904.591      45711  1028.7529  1028.7493    34.4521    34.4487    8.09436         22 0.0000e+00
    225.000    222.698    -0.2555  28.509273    -0.2424  28.519884     5.9513     5.9005     0.0026    98.4923 1.0000e-12  -63.47130  -61.78562 326.824869      99.98 1.8475e+03   1905.665      45737  1028.7469  1028.7456    34.4502    34.4496    8.09498         31 0.0000e+00
    224.000    221.708    -0.1841  28.568225    -0.2201  28.537482     5.8503     5.8554     0.0129    98.4887 1.0000e-12  -63.47130  -61.78561 326.824895      99.98 1.8466e+03   1907.893      45790  1028.7353  1028.7382    34.4488    34.4485    8.07994         35 0.0000e+00
    223.000    220.720    -0.1643  28.583427    -0.1924  28.560007     5.8222     5.7994     0.0127    98.5620 1.0000e-12  -63.47130  -61.78562 326.824926      99.98 1.8425e+03   1910.566      45855  1028.7288  1028.7311    34.4474    34.4479    8.07583         37 0.0000e+00
    222.000    219.730    -0.1437  28.603006    -0.1459  28.601421     5.7531     5.7327     0.0095    98.5345 1.0000e-12  -63.47130  -61.78563 326.824939      99.98 1.8384e+03   1911.709      45882  1028.7252  1028.7252    34.4507    34.4511    8.07127         23 0.0000e+00
    221.000    218.741    -0.0601  28.673566    -0.0547  28.676600     5.7106     5.6989     0.0087    98.5892 1.0000e-12  -63.47130  -61.78564 326.824949      99.98 1.8357e+03   1912.618      45904  1028.7137  1028.7113    34.4509    34.4489    8.05364         20 0.0000e+00
    220.000    217.751    -0.0408  28.686951    -0.0009  28.717856     5.6980     5.6887     0.0087    98.6386 1.0000e-12  -63.47130  -61.78564 326.824959      99.98 1.8352e+03   1913.439      45924  1028.7051  1028.6984    34.4475    34.4437    8.04976         20 0.0000e+00
    219.000    216.762    -0.0204  28.703884     0.0076  28.723825     5.6910     5.6876     0.0091    98.6611 1.0000e-12  -63.47130  -61.78564 326.824968      99.98 1.8374e+03   1914.248      45943  1028.6991  1028.6926    34.4476    34.4426    8.04547         20 0.0000e+00
    218.000    215.772     0.0015  28.719421     0.0167  28.730826     5.7052     5.6917     0.0130    98.6938 1.0000e-12  -63.47130  -61.78562 326.824979      99.98 1.8421e+03   1915.194      45966  1028.6904  1028.6874    34.4442    34.4423    8.04107         27 0.0000e+00
    217.000    214.785     0.0180  28.733290     0.0173  28.731994     5.7227     5.6843     0.0137    98.7249 1.0000e-12  -63.47130  -61.78562 326.825019      99.98 1.8438e+03   1918.667      46049  1028.6862  1028.6854    34.4447    34.4437    8.03759         41 0.0000e+00
    216.000    213.793     0.0055  28.721324     0.0052  28.719433     5.7239     5.6718     0.0165    98.7190 1.0000e-12  -63.47130  -61.78562 326.825046      99.98 1.8288e+03   1920.953      46104  1028.6825  1028.6807    34.4435    34.4413    8.04028         19 0.0000e+00
    215.000    212.805     0.0211  28.734057     0.0185  28.730889     5.7117     5.6776     0.0142    98.7079 1.0000e-12  -63.47130  -61.78563 326.825055      99.98 1.8222e+03   1921.742      46123  1028.6765  1028.6756    34.4434    34.4421    8.03701         16 0.0000e+00
    214.000    211.816     0.0297  28.740163     0.0312  28.739837     5.7151     5.6811     0.0115    98.6982 1.0000e-12  -63.47130  -61.78564 326.825063      99.98 1.8222e+03   1922.409      46139  1028.6704  1028.6685    34.4424    34.4403    8.03526         16 0.0000e+00
    213.000    210.827     0.0289  28.738952     0.0305  28.738826     5.7222     5.6750     0.0113    98.7155 1.0000e-12  -63.47130  -61.78564 326.825070      99.99 1.8282e+03   1923.076      46155  1028.6659  1028.6641    34.4423    34.4404    8.03543         17 0.0000e+00
    212.000    209.837     0.0281  28.737579     0.0264  28.733955     5.7410     5.6737     0.0155    98.7333 1.0000e-12  -63.47130  -61.78564 326.825079      99.98 1.8391e+03   1923.853      46173  1028.6611  1028.6589    34.4420    34.4391    8.03562         21 0.0000e+00
    211.000    208.847     0.0175  28.724959     0.0192  28.725697     5.7553     5.6894     0.0247    98.7369 1.0000e-12  -63.47129  -61.78562 326.825103      99.98 1.8496e+03   1925.862      46222  1028.6542  1028.6532    34.4379    34.4368    8.03808         34 0.0000e+00
    210.000    207.858     0.0101  28.715505     0.0092  28.713337     5.7730     5.7209     0.0229    98.7507 1.0000e-12  -63.47128  -61.78561 326.825148      99.98 1.8356e+03   1929.820      46317  1028.6475  1028.6462    34.4342    34.4323    8.03983         28 0.0000e+00
    209.000    206.870     0.0070  28.711238     0.0109  28.714553     5.7843     5.7261     0.0161    98.7339 1.0000e-12  -63.47129  -61.78562 326.825159      99.98 1.8316e+03   1930.726      46338  1028.6419  1028.6416    34.4327    34.4327    8.04057         20 0.0000e+00
    208.000    205.879    -0.0055  28.697115    -0.0090  28.692291     5.7984     5.7235     0.0121    98.7351 1.0000e-12  -63.47130  -61.78562 326.825168      99.98 1.8344e+03   1931.522      46358  1028.6349  1028.6332    34.4285    34.4261    8.04342         19 0.0000e+00
    207.000    204.890    -0.0067  28.695418    -0.0106  28.689650     5.8076     5.7242     0.0167    98.7502 1.0000e-12  -63.47128  -61.78562 326.825177      99.98 1.8407e+03   1932.334      46377  1028.6300  1028.6277    34.4282    34.4250    8.04368         20 0.0000e+00
    206.000    203.901    -0.0076  28.693913    -0.0066  28.693976     5.7932     5.7264     0.0268    98.7148 1.0000e-12  -63.47128  -61.78562 326.825189      99.98 1.8480e+03   1933.336      46401  1028.6251  1028.6241    34.4280    34.4269    8.04391         29 0.0000e+00
    205.000    202.912    -0.0084  28.692617    -0.0071  28.692723     5.7999     5.7321     0.0385    98.7201 1.0000e-12  -63.47129  -61.78562 326.825207      99.98 1.8485e+03   1934.900      46439  1028.6201  1028.6190    34.4276    34.4264    8.04407         44 0.0000e+00
    204.000    201.922    -0.0188  28.681047    -0.0110  28.687850     5.8122     5.7424     0.0371    98.7376 1.0000e-12  -63.47130  -61.78562 326.825230      99.98 1.8345e+03   1936.831      46485  1028.6138  1028.6134    34.4247    34.4249    8.04644         42 0.0000e+00
    203.000    200.933    -0.0220  28.677772    -0.0169  28.681107     5.8233     5.7498     0.0358    98.7338 1.0000e-12  -63.47129  -61.78562 326.825248      99.98 1.8280e+03   1938.400      46523  1028.6092  1028.6077    34.4246    34.4232    8.04712         36 0.0000e+00
    202.000    199.945    -0.0247  28.675219    -0.0350  28.664280     5.8159     5.7432     0.0283    98.7338 1.0000e-12  -63.47128  -61.78562 326.825266      99.98 1.8396e+03   1939.949      46560  1028.6048  1028.6033    34.4248    34.4218    8.04766         40 0.0000e+00
    201.000    198.955    -0.0308  28.669474    -0.0199  28.677800     5.8280     5.7430     0.0300    98.7214 1.0000e-12  -63.47128  -61.78562 326.825286      99.98 1.8519e+03   1941.737      46603  1028.6004  1028.5984    34.4247    34.4234    8.04897         40 0.0000e+00
    200.000    197.966    -0.0356  28.663508    -0.0350  28.663318     5.8218     5.7470     0.0255    98.7403 1.0000e-12  -63.47129  -61.78562 326.825306      99.98 1.8462e+03   1943.461      46644  1028.5943  1028.5936    34.4227    34.4218    8.05007         36 0.0000e+00
    199.000    196.976    -0.0273  28.670750    -0.0321  28.665339     5.8197     5.7544     0.0252    98.7619 1.0000e-12  -63.47130  -61.78562 326.825322      99.98 1.8327e+03   1944.790      46676  1028.5896  1028.5885    34.4236    34.4218    8.04829         26 0.0000e+00
    198.000    195.986    -0.0295  28.668082    -0.0320  28.664613     5.8067     5.7522     0.0273    98.7534 1.0000e-12  -63.47130  -61.78562 326.825333      99.98 1.8257e+03   1945.804      46700  1028.5846  1028.5834    34.4232    34.4213    8.04878         23 0.0000e+00
    197.000    194.998    -0.0285  28.668038    -0.0293  28.665816     5.8198     5.7564     0.0308    98.7596 1.0000e-12  -63.47130  -61.78562 326.825344      99.98 1.8280e+03   1946.750      46723  1028.5792  1028.5777    34.4225    34.4205    8.04859         23 0.0000e+00
    196.000    194.008    -0.0297  28.666361    -0.0301  28.664270     5.8103     5.7553     0.0282    98.7596 1.0000e-12  -63.47130  -61.78562 326.825357      99.98 1.8372e+03   1947.834      46749  1028.5744  1028.5726    34.4223    34.4200    8.04886         30 0.0000e+00
    195.000    193.019    -0.0344  28.660805    -0.0303  28.663769     5.8570     5.7682     0.0296    98.7553 1.0000e-12  -63.47129  -61.78562 326.825377      99.98 1.8459e+03   1949.551      46790  1028.5688  1028.5679    34.4208    34.4201    8.04993         44 0.0000e+00
    194.000    192.026    -0.0635  28.634582    -0.0429  28.651558     5.8633     5.8002     0.0291    98.7665 1.0000e-12  -63.47128  -61.78561 326.825409      99.98 1.8372e+03   1952.371      46858  1028.5651  1028.5630    34.4194    34.4187    8.05614         39 0.0000e+00
    193.000    191.041    -0.0542  28.641468    -0.0637  28.631288     5.9658     5.8701     0.0180    98.7495 1.0000e-12  -63.47129  -61.78562 326.825427      99.98 1.8299e+03   1953.926      46895  1028.5589  1028.5576    34.4187    34.4158    8.05422         27 0.0000e+00
    192.000    190.051    -0.1249  28.576728    -0.1532  28.550588     5.9695     5.8655     0.0246    98.7373 1.0000e-12  -63.47130  -61.78562 326.825439      99.98 1.8306e+03   1954.900      46919  1028.5552  1028.5554    34.4128    34.4100    8.06945         22 0.0000e+00
    191.000    189.061    -0.1555  28.550036    -0.1617  28.543360     5.9796     5.8577     0.0251    98.6949 1.0000e-12  -63.47130  -61.78562 326.825449      99.98 1.8350e+03   1955.828      46941  1028.5524  1028.5514    34.4124    34.4105    8.07594         23 0.0000e+00
    190.000    188.071    -0.1463  28.557629    -0.1323  28.570267     5.9614     5.8591     0.0293    98.6801 1.0000e-12  -63.47130  -61.78562 326.825462      99.98 1.8417e+03   1956.910      46967  1028.5467  1028.5465    34.4127    34.4138    8.07398         30 0.0000e+00
    189.000    187.082    -0.1428  28.561347    -0.1271  28.573477     5.9325     5.8554     0.0449    98.6726 1.0000e-12  -63.47130  -61.78562 326.825479      99.98 1.8471e+03   1958.417      47003  1028.5427  1028.5401    34.4144    34.4128    8.07315         40 0.0000e+00
    188.000    186.093    -0.1370  28.565695    -0.1332  28.567389     5.9408     5.8629     0.0464    98.6704 1.0000e-12  -63.47130  -61.78562 326.825500      99.98 1.8418e+03   1960.214      47046  1028.5369  1028.5351    34.4143    34.4122    8.07194         39 0.0000e+00
    187.000    185.105    -0.1355  28.566070    -0.1391  28.561701     5.9290     5.8554     0.0433    98.6580 1.0000e-12  -63.47130  -61.78562 326.825522      99.98 1.8366e+03   1962.079      47091  1028.5313  1028.5303    34.4136    34.4119    8.07165         32 0.0000e+00
    186.000    184.113    -0.1320  28.568010    -0.1329  28.567024     5.9589     5.8701     0.0489    98.6824 1.0000e-12  -63.47130  -61.78562 326.825544      99.98 1.8400e+03   1963.970      47136  1028.5254  1028.5253    34.4129    34.4126    8.07095         36 0.0000e+00
    185.000    183.125    -0.1439  28.555058    -0.1279  28.569500     5.9739     5.8872     0.0401    98.6628 1.0000e-12  -63.47130  -61.78562 326.825558      99.98 1.8408e+03   1965.240      47167  1028.5190  1028.5187    34.4096    34.4108    8.07365         27 0.0000e+00
    184.000    182.136    -0.1655  28.532751    -0.1580  28.538625     5.9861     5.8858     0.0221    98.6685 1.0000e-12  -63.47130  -61.78562 326.825571      99.98 1.8390e+03   1966.341      47193  1028.5120  1028.5110    34.4049    34.4042    8.07848         28 0.0000e+00
    183.000    181.145    -0.1610  28.537610    -0.1542  28.543403     5.9999     5.8923     0.0243    98.6566 1.0000e-12  -63.47130  -61.78562 326.825586      99.98 1.8381e+03   1967.628      47224  1028.5084  1028.5080    34.4070    34.4070    8.07742         33 0.0000e+00
    182.000    180.155    -0.1754  28.521377    -0.1576  28.538973     6.0120     5.9141     0.0526    98.6583 1.0000e-12  -63.47130  -61.78562 326.825604      99.98 1.8392e+03   1969.156      47261  1028.5008  1028.5021    34.4021    34.4055    8.08073         31 0.0000e+00
    181.000    179.168    -0.1844  28.512037    -0.1780  28.517458     5.9998     5.9256     0.0504    98.6715 1.0000e-12  -63.47130  -61.78562 326.825619      99.98 1.8389e+03   1970.495      47293  1028.4951  1028.4949    34.4004    34.4005    8.08273         29 0.0000e+00
    180.000    178.177    -0.1822  28.514090    -0.1833  28.512058     5.9812     5.9157     0.0427    98.6547 1.0000e-12  -63.47130  -61.78562 326.825634      99.98 1.8387e+03   1971.770      47323  1028.4908  1028.4898    34.4013    34.3998    8.08222         32 0.0000e+00
    179.000    177.187    -0.1779  28.517598    -0.1736  28.521039     6.0524     5.9451     0.0512    98.6419 1.0000e-12  -63.47130  -61.78562 326.825653      99.98 1.8407e+03   1973.454      47364  1028.4858  1028.4854    34.4018    34.4015    8.08129         43 0.0000e+00
    178.000    176.199    -0.2257  28.466058    -0.2079  28.481350     6.1627     6.0141     0.0623    98.6544 1.0000e-12  -63.47130  -61.78562 326.825676      99.98 1.8414e+03   1975.439      47412  1028.4732  1028.4723    34.3875    34.3879    8.09222         38 0.0000e+00
    177.000    175.209    -0.2640  28.422508    -0.2360  28.451306     6.1650     6.0349     0.0572    98.6524 1.0000e-12  -63.47130  -61.78562 326.825692      99.98 1.8409e+03   1976.800      47444  1028.4598  1028.4633    34.3733    34.3801    8.10117         31 0.0000e+00
