NBP2113_155081_ctd/data/nbp2113_047.ros
* Sea-Bird SBE 9 Data File:
* FileName = D:\Data\raw\NBP2113_047.hex
* Software Version Seasave V 7.26.7.121
* Temperature SN = 2438
* Conductivity SN = 2067
* Number of Bytes Per Scan = 40
* Number of Voltage Words = 5
* Number of Scans Averaged by the Deck Unit = 1
* NMEA Latitude = 64 51.26 S
* NMEA Longitude = 063 55.07 W
* NMEA UTC (Time) = Dec 11 2021  06:38:06
* NMEA baud rate = 9600
** Ship: RVIB N.B. Palmer
** Cruise: NBP2113 LTER
** Station: 622.029
** Operator: B. Urmston
# nquan = 20
# nvalues = 1114                                  
# units = specified
# name 0 = prDM: Pressure, Digiquartz [db]
# name 1 = depSM: Depth [salt water, m]
# name 2 = t090C: Temperature [ITS-90, deg C]
# name 3 = c0mS/cm: Conductivity [mS/cm]
# name 4 = t190C: Temperature, 2 [ITS-90, deg C]
# name 5 = c1mS/cm: Conductivity, 2 [mS/cm]
# name 6 = sbeox0ML/L: Oxygen, SBE 43 [ml/l]
# name 7 = sbeox1ML/L: Oxygen, SBE 43, 2 [ml/l]
# name 8 = flECO-AFL: Fluorescence, WET Labs ECO-AFL/FL [mg/m^3]
# name 9 = CStarTr0: Beam Transmission, WET Labs C-Star [%]
# name 10 = par: PAR/Irradiance, Biospherical/Licor
# name 11 = latitude: Latitude [deg]
# name 12 = longitude: Longitude [deg]
# name 13 = timeJ: Julian Days
# name 14 = altM: Altimeter [m]
# name 15 = spar: SPAR, Biospherical/Licor
# name 16 = timeS: Time, Elapsed [seconds]
# name 17 = scan: Scan Count
# name 18 = nbf: Bottles Fired
# name 19 = flag:  0.000e+00
# interval = seconds: 0.0416667
# start_time = Dec 11 2021 06:38:06 [NMEA time, header]
# bad_flag = -9.990e-29
*END*
[from data line 362]
    228.150    225.791     0.8958  29.561359     0.8959  29.560605     4.7759     4.8183     0.0069    91.3952 1.0000e-12  -64.85454  -63.91790 345.291708      99.98 7.0515e+00   1317.583      31623          8  0.000e+00
    228.184    225.825     0.8958  29.561594     0.8955  29.560490     4.7800     4.8232     0.0069    91.3952 1.0000e-12  -64.85454  -63.91790 345.291709      99.95 7.0515e+00   1317.625      31624          8  0.000e+00
    228.198    225.838     0.8953  29.561065     0.8950  29.559801     4.7811     4.8182     0.0069    91.3952 1.0000e-12  -64.85454  -63.91790 345.291709      99.95 7.0515e+00   1317.667      31625          8  0.000e+00
    228.184    225.825     0.8953  29.560536     0.8949  29.559111     4.7763     4.8178     0.0069    91.3952 1.0000e-12  -64.85454  -63.91790 345.291710      99.95 7.0515e+00   1317.708      31626          8  0.000e+00
    228.253    225.893     0.8955  29.560771     0.8944  29.559227     4.7746     4.8174     0.0069    91.3952 1.0000e-12  -64.85454  -63.91790 345.291710      99.98 7.0515e+00   1317.750      31627          8  0.000e+00
    228.129    225.770     0.8955  29.560771     0.8947  29.559399     4.7784     4.8223     0.0069    91.3952 1.0000e-12  -64.85454  -63.91790 345.291711      99.98 7.0515e+00   1317.792      31628          8  0.000e+00
    228.232    225.872     0.8955  29.560771     0.8944  29.558710     4.7749     4.8228     0.0069    91.3952 1.0000e-12  -64.85454  -63.91790 345.291711      99.95 7.0515e+00   1317.833      31629          8  0.000e+00
    228.198    225.838     0.8955  29.560771     0.8944  29.558824     4.7744     4.8178     0.0069    91.3952 1.0000e-12  -64.85454  -63.91790 345.291712      99.95 7.0515e+00   1317.875      31630          8  0.000e+00
    228.232    225.872     0.8950  29.560771     0.8945  29.558939     4.7740     4.8228     0.0069    91.3952 1.0000e-12  -64.85454  -63.91790 345.291712      99.98 7.0515e+00   1317.917      31631          8  0.000e+00
    228.198    225.838     0.8951  29.560536     0.8943  29.559112     4.7778     4.8179     0.0069    91.3952 1.0000e-12  -64.85454  -63.91790 345.291712      99.98 7.0515e+00   1317.958      31632          8  0.000e+00
    228.129    225.770     0.8951  29.560535     0.8944  29.558709     4.7785     4.8175     0.0069    91.3952 1.0000e-12  -64.85454  -63.91790 345.291713      99.98 7.0515e+00   1318.000      31633          8  0.000e+00
    228.253    225.893     0.8952  29.560536     0.8944  29.558422     4.7735     4.8173     0.0069    91.3952 1.0000e-12  -64.85454  -63.91790 345.291713      99.98 7.0515e+00   1318.042      31634          8  0.000e+00
    228.184    225.825     0.8955  29.560536     0.8945  29.558594     4.7728     4.8223     0.0069    91.3952 1.0000e-12  -64.85454  -63.91790 345.291714      99.98 7.0515e+00   1318.083      31635          8  0.000e+00
    228.198    225.838     0.8955  29.560771     0.8948  29.558709     4.7765     4.8228     0.0069    91.3694 1.0000e-12  -64.85454  -63.91790 345.291714      99.95 7.0515e+00   1318.125      31636          8  0.000e+00
    228.232    225.872     0.8955  29.560536     0.8949  29.559112     4.7771     4.8234     0.0069    91.3437 1.0000e-12  -64.85454  -63.91790 345.291715      99.95 7.0515e+00   1318.167      31637          8  0.000e+00
    228.184    225.825     0.8958  29.560771     0.8950  29.558939     4.7775     4.8239     0.0069    91.3437 1.0000e-12  -64.85454  -63.91790 345.291715      99.98 7.0515e+00   1318.208      31638          8  0.000e+00
    228.198    225.838     0.8961  29.561065     0.8952  29.558824     4.7722     4.8244     0.0069    91.3437 1.0000e-12  -64.85454  -63.91790 345.291716      99.98 7.0515e+00   1318.250      31639          8  0.000e+00
    228.184    225.825     0.8964  29.561888     0.8953  29.559801     4.7699     4.8249     0.0069    91.3694 1.0000e-12  -64.85454  -63.91790 345.291716      99.95 7.0515e+00   1318.292      31640          8  0.000e+00
    228.198    225.838     0.8968  29.562182     0.8950  29.559399     4.7703     4.8202     0.0069    91.3437 1.0000e-12  -64.85454  -63.91790 345.291717      99.95 7.0515e+00   1318.333      31641          8  0.000e+00
    228.184    225.825     0.8972  29.562711     0.8953  29.558939     4.7707     4.8199     0.0069    91.3437 1.0000e-12  -64.85454  -63.91790 345.291717      99.95 7.0515e+00   1318.375      31642          8  0.000e+00
    228.198    225.838     0.8976  29.562711     0.8952  29.559916     4.7642     4.8197     0.0069    91.3437 1.0000e-12  -64.85454  -63.91790 345.291718      99.98 7.0515e+00   1318.417      31643          8  0.000e+00
    228.129    225.770     0.8975  29.563240     0.8951  29.559801     4.7721     4.8186    -0.0004    91.3437 1.0000e-12  -64.85454  -63.91790 345.291718      99.98 7.0515e+00   1318.458      31644          8  0.000e+00
    228.198    225.838     0.8976  29.563299     0.8957  29.559916     4.7739     4.8184    -0.0004    91.3437 1.0000e-12  -64.85454  -63.91790 345.291719      99.98 7.0515e+00   1318.500      31645          8  0.000e+00
    228.129    225.770     0.8972  29.563005     0.8962  29.559513     4.7757     4.8174    -0.0004    91.3437 1.0000e-12  -64.85454  -63.91790 345.291719      99.98 7.0515e+00   1318.542      31646          8  0.000e+00
    228.129    225.770     0.8972  29.562711     0.8968  29.560203     4.7705     4.8225    -0.0004    91.3437 1.0000e-12  -64.85454  -63.91790 345.291720      99.98 7.0515e+00   1318.583      31647          8  0.000e+00
    228.150    225.791     0.8968  29.562476     0.8973  29.560318     4.7640     4.8178    -0.0004    91.3437 1.0000e-12  -64.85454  -63.91790 345.291720      99.95 7.0515e+00   1318.625      31648          8  0.000e+00
    228.129    225.770     0.8970  29.562476     0.8974  29.561122     4.7689     4.8167    -0.0004    91.3437 1.0000e-12  -64.85454  -63.91790 345.291721      99.95 7.0515e+00   1318.667      31649          8  0.000e+00
    228.102    225.743     0.8967  29.562182     0.8979  29.561581     4.7625     4.8219    -0.0004    91.3437 1.0000e-12  -64.85454  -63.91790 345.291721      99.98 7.0515e+00   1318.708      31650          8  0.000e+00
    228.129    225.770     0.8970  29.562182     0.8978  29.561696     4.7662     4.8227    -0.0004    91.3437 1.0000e-12  -64.85454  -63.91790 345.291722      99.98 7.0515e+00   1318.750      31651          8  0.000e+00
    228.102    225.743     0.8972  29.562476     0.8978  29.562386     4.7598     4.8180    -0.0004    91.3437 1.0000e-12  -64.85454  -63.91792 345.291722      99.98 7.0515e+00   1318.792      31652          8  0.000e+00
    202.978    200.891     0.7798  29.426036     0.7814  29.426461     4.8672     4.9198     0.0069    91.3694 1.0000e-12  -64.85446  -63.91778 345.292562      99.95 7.0515e+00   1391.375      33394          9  0.000e+00
    202.978    200.891     0.7800  29.425802     0.7811  29.426231     4.8669     4.9148     0.0069    91.3694 1.0000e-12  -64.85446  -63.91778 345.292563      99.98 7.0515e+00   1391.417      33395          9  0.000e+00
    202.929    200.844     0.7798  29.425743     0.7812  29.426346     4.8666     4.9142     0.0069    91.3694 1.0000e-12  -64.85446  -63.91778 345.292563      99.98 7.0515e+00   1391.458      33396          9  0.000e+00
    202.978    200.891     0.7800  29.425508     0.7811  29.426461     4.8594     4.9137     0.0069    91.3694 1.0000e-12  -64.85446  -63.91778 345.292564      99.98 7.0515e+00   1391.500      33397          9  0.000e+00
    202.978    200.891     0.7803  29.425802     0.7811  29.426231     4.8691     4.9132     0.0069    91.3694 1.0000e-12  -64.85446  -63.91778 345.292564      99.98 7.0515e+00   1391.542      33398          9  0.000e+00
    202.978    200.891     0.7803  29.426036     0.7811  29.426231     4.8644     4.9128     0.0069    91.3694 1.0000e-12  -64.85446  -63.91778 345.292565      99.98 7.0515e+00   1391.583      33399          9  0.000e+00
    202.978    200.891     0.7803  29.425802     0.7808  29.426231     4.8627     4.9177     0.0069    91.3694 1.0000e-12  -64.85446  -63.91778 345.292565      99.95 7.0515e+00   1391.625      33400          9  0.000e+00
    203.026    200.939     0.7803  29.426095     0.7806  29.425945     4.8610     4.9182     0.0069    91.3694 1.0000e-12  -64.85446  -63.91778 345.292566      99.93 7.0515e+00   1391.667      33401          9  0.000e+00
    202.929    200.844     0.7800  29.426036     0.7808  29.425830     4.8662     4.9132     0.0069    91.3694 1.0000e-12  -64.85446  -63.91778 345.292566      99.95 7.0515e+00   1391.708      33402          9  0.000e+00
    203.026    200.939     0.7798  29.426624     0.7808  29.425658     4.8614     4.9129     0.0069    91.3694 1.0000e-12  -64.85446  -63.91778 345.292567      99.98 7.0515e+00   1391.750      33403          9  0.000e+00
    202.978    200.891     0.7795  29.425802     0.7808  29.425658     4.8610     4.9125     0.0069    91.3694 1.0000e-12  -64.85446  -63.91778 345.292567      99.98 7.0515e+00   1391.792      33404          9  0.000e+00
    202.978    200.891     0.7792  29.425743     0.7807  29.425658     4.8592     4.9176     0.0069    91.3694 1.0000e-12  -64.85446  -63.91778 345.292568      99.95 7.0515e+00   1391.833      33405          9  0.000e+00
    202.978    200.891     0.7795  29.425802     0.7801  29.425371     4.8643     4.9182    -0.0004    91.3694 1.0000e-12  -64.85446  -63.91778 345.292568      99.95 7.0515e+00   1391.875      33406          9  0.000e+00
    202.978    200.891     0.7792  29.425508     0.7797  29.425371     4.8637     4.9187    -0.0004    91.3694 1.0000e-12  -64.85446  -63.91778 345.292568      99.98 7.0515e+00   1391.917      33407          9  0.000e+00
    202.978    200.891     0.7793  29.424921     0.7798  29.424855     4.8586     4.9139    -0.0004    91.3694 1.0000e-12  -64.85446  -63.91778 345.292569      99.98 7.0515e+00   1391.958      33408          9  0.000e+00
    202.978    200.891     0.7790  29.425508     0.7800  29.424740     4.8579     4.9190    -0.0004    91.3694 1.0000e-12  -64.85446  -63.91778 345.292569      99.98 7.0515e+00   1392.000      33409          9  0.000e+00
    202.978    200.891     0.7792  29.424980     0.7800  29.424855     4.8629     4.9186    -0.0004    91.3694 1.0000e-12  -64.85446  -63.91778 345.292570      99.98 7.0515e+00   1392.042      33410          9  0.000e+00
    202.929    200.844     0.7793  29.424921     0.7803  29.425142     4.8634     4.9137    -0.0004    91.3694 1.0000e-12  -64.85446  -63.91778 345.292570      99.98 7.0515e+00   1392.083      33411          9  0.000e+00
    202.978    200.891     0.7787  29.424686     0.7804  29.425142     4.8583     4.9135    -0.0004    91.3694 1.0000e-12  -64.85446  -63.91778 345.292571      99.98 7.0515e+00   1392.125      33412          9  0.000e+00
    202.929    200.844     0.7789  29.424158     0.7808  29.425371     4.8575     4.9185    -0.0004    91.3694 1.0000e-12  -64.85446  -63.91778 345.292571      99.95 7.0515e+00   1392.167      33413          9  0.000e+00
    202.978    200.891     0.7787  29.424628     0.7806  29.425371     4.8637     4.9191    -0.0004    91.3694 1.0000e-12  -64.85446  -63.91778 345.292572      99.95 7.0515e+00   1392.208      33414          9  0.000e+00
    202.929    200.844     0.7787  29.424451     0.7806  29.425543     4.8599     4.9197    -0.0004    91.3694 1.0000e-12  -64.85446  -63.91778 345.292572      99.98 7.0515e+00   1392.250      33415          9  0.000e+00
    202.929    200.844     0.7789  29.424627     0.7803  29.425658     4.8591     4.9203    -0.0004    91.3694 1.0000e-12  -64.85446  -63.91778 345.292573      99.98 7.0515e+00   1392.292      33416          9  0.000e+00
    202.929    200.844     0.7792  29.425508     0.7803  29.425371     4.8583     4.9155    -0.0004    91.3694 1.0000e-12  -64.85446  -63.91778 345.292573      99.93 7.0515e+00   1392.333      33417          9  0.000e+00
    202.875    200.789     0.7792  29.425508     0.7801  29.425371     4.8645     4.9153    -0.0004    91.3694 1.0000e-12  -64.85446  -63.91778 345.292574      99.95 7.0515e+00   1392.375      33418          9  0.000e+00
    202.929    200.844     0.7795  29.425508     0.7804  29.425658     4.8650     4.9151    -0.0004    91.3694 1.0000e-12  -64.85446  -63.91778 345.292574      99.98 7.0515e+00   1392.417      33419          9  0.000e+00
    202.875    200.789     0.7798  29.425801     0.7803  29.425371     4.8598     4.9150    -0.0004    91.3694 1.0000e-12  -64.85446  -63.91778 345.292575      99.98 7.0515e+00   1392.458      33420          9  0.000e+00
    202.875    200.789     0.7798  29.426330     0.7803  29.425371     4.8576     4.9149    -0.0004    91.3694 1.0000e-12  -64.85446  -63.91778 345.292575      99.98 7.0515e+00   1392.500      33421          9  0.000e+00
    202.875    200.789     0.7803  29.426564     0.7803  29.425256     4.8637     4.9202    -0.0004    91.3694 1.0000e-12  -64.85446  -63.91778 345.292576      99.98 7.0515e+00   1392.542      33422          9  0.000e+00
    202.875    200.789     0.7803  29.426623     0.7806  29.425141     4.8584     4.9209    -0.0004    91.3694 1.0000e-12  -64.85446  -63.91778 345.292576      99.98 7.0515e+00   1392.583      33423          9  0.000e+00
    202.826    200.742     0.7808  29.426917     0.7809  29.424854     4.8575     4.9163    -0.0004    91.3694 1.0000e-12  -64.85446  -63.91778 345.292577      99.95 7.0515e+00   1392.625      33424          9  0.000e+00
    202.826    200.742     0.7809  29.426858     0.7812  29.425657     4.8566     4.9161    -0.0004    91.3694 1.0000e-12  -64.85446  -63.91778 345.292577      99.93 7.0515e+00   1392.667      33425          9  0.000e+00
    202.826    200.742     0.7814  29.427738     0.7814  29.425944     4.8613     4.9161    -0.0004    91.3694 1.0000e-12  -64.85446  -63.91778 345.292578      99.98 7.0515e+00   1392.708      33426          9  0.000e+00
    202.826    200.742     0.7812  29.427445     0.7814  29.426231     4.8574     4.9161    -0.0004    91.3694 1.0000e-12  -64.85446  -63.91778 345.292578      99.98 7.0515e+00   1392.750      33427          9  0.000e+00
    202.771    200.687     0.7811  29.427680     0.7815  29.426116     4.8565     4.9162    -0.0004    91.3694 1.0000e-12  -64.85446  -63.91778 345.292579      99.98 7.0515e+00   1392.792      33428          9  0.000e+00
    202.826    200.742     0.7811  29.427445     0.7812  29.426460     4.8557     4.9155    -0.0004    91.3694 1.0000e-12  -64.85446  -63.91778 345.292579      99.95 7.0515e+00   1392.833      33429          9  0.000e+00
    202.723    200.640     0.7809  29.426916     0.7815  29.425944     4.8618     4.9155    -0.0004    91.3694 1.0000e-12  -64.85446  -63.91778 345.292580      99.95 7.0515e+00   1392.875      33430          9  0.000e+00
    202.771    200.687     0.7808  29.427151     0.7812  29.426460     4.8580     4.9157    -0.0004    91.3694 1.0000e-12  -64.85446  -63.91778 345.292580      99.95 7.0515e+00   1392.917      33431          9  0.000e+00
    202.771    200.687     0.7812  29.427151     0.7815  29.426460     4.8571     4.9158    -0.0004    91.3694 1.0000e-12  -64.85446  -63.91778 345.292581      99.98 7.0515e+00   1392.958      33432          9  0.000e+00
    202.723    200.640     0.7811  29.427151     0.7815  29.426460     4.8563     4.9160    -0.0004    91.3694 1.0000e-12  -64.85446  -63.91778 345.292581      99.98 7.0515e+00   1393.000      33433          9  0.000e+00
    202.668    200.585     0.7812  29.426857     0.7818  29.426460     4.8625     4.9206    -0.0004    91.3694 1.0000e-12  -64.85446  -63.91778 345.292582      99.98 7.0515e+00   1393.042      33434          9  0.000e+00
    202.723    200.640     0.7811  29.427151     0.7817  29.426919     4.8643     4.9217    -0.0004    91.3694 1.0000e-12  -64.85446  -63.91778 345.292582      99.98 7.0515e+00   1393.083      33435          9  0.000e+00
