NBP2113_155081_ctd/data/nbp2113_023.cnv
* Sea-Bird SBE 9 Data File:
* FileName = D:\Data\raw\NBP2113_023.hex
* Software Version Seasave V 7.26.7.121
* Temperature SN = 2438
* Conductivity SN = 2067
* Number of Bytes Per Scan = 40
* Number of Voltage Words = 5
* Number of Scans Averaged by the Deck Unit = 1
* NMEA Latitude = 67 30.61 S
* NMEA Longitude = 070 35.52 W
* NMEA UTC (Time) = Dec 02 2021  00:50:18
* NMEA baud rate = 9600
** Ship: RVIB N.B. Palmer
** Cruise: NBP2113 LTER
** Station: 200.040
** Operator: S. Blackman
# nquan = 25
# nvalues = 1490                        
# units = specified
# name 0 = prDM: Pressure, Digiquartz [db]
# name 1 = depSM: Depth [salt water, m]
# name 2 = t090C: Temperature [ITS-90, deg C]
# name 3 = c0mS/cm: Conductivity [mS/cm]
# name 4 = t190C: Temperature, 2 [ITS-90, deg C]
# name 5 = c1mS/cm: Conductivity, 2 [mS/cm]
# name 6 = sbeox0ML/L: Oxygen, SBE 43 [ml/l]
# name 7 = sbeox1ML/L: Oxygen, SBE 43, 2 [ml/l]
# name 8 = flECO-AFL: Fluorescence, WET Labs ECO-AFL/FL [mg/m^3]
# name 9 = CStarTr0: Beam Transmission, WET Labs C-Star [%]
# name 10 = par: PAR/Irradiance, Biospherical/Licor
# name 11 = latitude: Latitude [deg]
# name 12 = longitude: Longitude [deg]
# name 13 = timeJ: Julian Days
# name 14 = altM: Altimeter [m]
# name 15 = spar: SPAR, Biospherical/Licor
# name 16 = timeS: Time, Elapsed [seconds]
# name 17 = scan: Scan Count
# name 18 = density00: Density [density, kg/m^3]
# name 19 = density11: Density, 2 [density, kg/m^3]
# name 20 = sal00: Salinity, Practical [PSU]
# name 21 = sal11: Salinity, Practical, 2 [PSU]
# name 22 = oxsolML/L: Oxygen Saturation, Garcia & Gordon [ml/l]
# name 23 = nbin: number of scans per bin
# name 24 = flag: flag
# span 0 =      1.000,    748.000       
# span 1 =      0.991,    739.207       
# span 2 =    -0.8252,     1.4753       
# span 3 =  27.673319,  30.295063       
# span 4 =    -0.8251,     1.4750       
# span 5 =  27.671917,  30.293303       
# span 6 =    -2.2584,    18.9637       
# span 7 =     4.0098,    10.0440       
# span 8 =    -0.0225,     2.2036       
# span 9 =    89.3069,    97.1568       
# span 10 = 1.0000e-12, 2.2716e+01      
# span 11 =  -67.51062,  -67.51020      
# span 12 =  -70.59102,  -70.58552      
# span 13 = 336.038478, 336.066396      
# span 14 =       1.12,     104.05      
# span 15 = 2.1123e+01, 4.0782e+01      
# span 16 =    306.499,   2718.616      
# span 17 =       7357,      65248      
# span 18 =  1027.3149,  1031.3032      
# span 19 =  1027.3132,  1031.3016      
# span 20 =    33.9757,    34.7153      
# span 21 =    33.9736,    34.7133      
# span 22 =    7.72879,    8.24049      
# span 23 =          9,         47      
# span 24 = 0.0000e+00, 0.0000e+00      
# interval = decibars: 1                
# start_time = Dec 02 2021 00:50:18 [NMEA time, header]
# bad_flag = -9.990e-29
*END*
[from data line 638]
    644.000    636.589     1.3342  30.258509     1.3341  30.256917     4.0040     4.0553    -0.0039    96.9573 1.0000e-12  -67.51028  -70.58596 336.049261      99.98 3.3495e+01   1238.126      29716  1030.8129  1030.8115    34.7097    34.7078    7.75527         18 0.0000e+00
    645.000    637.574     1.3343  30.259039     1.3341  30.257490     4.0063     4.0582    -0.0017    96.9441 1.0000e-12  -67.51028  -70.58596 336.049269      99.98 3.3495e+01   1238.819      29733  1030.8176  1030.8163    34.7097    34.7079    7.75527         16 0.0000e+00
    646.000    638.562     1.3342  30.259469     1.3340  30.257859     4.0073     4.0585    -0.0044    96.9345 1.0000e-12  -67.51028  -70.58596 336.049277      99.98 3.3495e+01   1239.504      29749  1030.8223  1030.8209    34.7097    34.7079    7.75527         18 0.0000e+00
    647.000    639.549     1.3343  30.259819     1.3342  30.258290     4.0051     4.0594    -0.0045    96.9331 1.0000e-12  -67.51027  -70.58595 336.049305      99.97 3.3968e+01   1241.945      29808  1030.8268  1030.8254    34.7096    34.7078    7.75527         32 0.0000e+00
    648.000    640.536     1.3340  30.260005     1.3339  30.258481     4.0093     4.0557    -0.0137    96.9302 1.0000e-12  -67.51028  -70.58594 336.049346      99.98 3.5294e+01   1245.492      29893  1030.8316  1030.8301    34.7096    34.7077    7.75533         24 0.0000e+00
    649.000    641.522     1.3337  30.260442     1.3335  30.258879     4.0130     4.0566    -0.0055    96.9283 1.0000e-12  -67.51028  -70.58594 336.049355      99.97 3.5258e+01   1246.258      29911  1030.8365  1030.8351    34.7099    34.7081    7.75537         17 0.0000e+00
    650.000    642.511     1.3337  30.260948     1.3335  30.259360     4.0146     4.0587    -0.0028    96.9052 1.0000e-12  -67.51028  -70.58594 336.049363      21.86 3.5258e+01   1246.928      29927  1030.8412  1030.8397    34.7100    34.7081    7.75536         15 0.0000e+00
    651.000    643.498     1.3336  30.261435     1.3335  30.259884     4.0144     4.0603    -0.0030    96.9302 1.0000e-12  -67.51028  -70.58594 336.049370     102.19 3.5258e+01   1247.538      29942  1030.8460  1030.8445    34.7101    34.7082    7.75537         14 0.0000e+00
    652.000    644.484     1.3336  30.261993     1.3334  30.260314     4.0159     4.0635    -0.0033    96.9192 1.0000e-12  -67.51028  -70.58594 336.049376      56.20 3.5258e+01   1248.133      29956  1030.8508  1030.8492    34.7102    34.7083    7.75537         15 0.0000e+00
    653.000    645.471     1.3335  30.262467     1.3334  30.260747     4.0145     4.0659    -0.0043    96.9054 1.0000e-12  -67.51028  -70.58594 336.049384       8.76 3.5258e+01   1248.758      29971  1030.8556  1030.8540    34.7104    34.7084    7.75538         15 0.0000e+00
    654.000    646.458     1.3335  30.263065     1.3334  30.261511     4.0096     4.0634    -0.0043    96.9056 1.0000e-12  -67.51028  -70.58594 336.049391       9.33 3.5258e+01   1249.412      29987  1030.8604  1030.8589    34.7106    34.7088    7.75537         17 0.0000e+00
    655.000    647.445     1.3337  30.263789     1.3334  30.262187     4.0063     4.0635    -0.0043    96.9041 1.0000e-12  -67.51028  -70.58594 336.049399       9.33 3.5258e+01   1250.101      30003  1030.8651  1030.8638    34.7108    34.7090    7.75532         17 0.0000e+00
    656.000    648.431     1.3336  30.264181     1.3334  30.262673     4.0131     4.0640    -0.0033    96.9000 1.0000e-12  -67.51028  -70.58594 336.049408      19.11 3.5258e+01   1250.833      30021  1030.8698  1030.8685    34.7108    34.7091    7.75534         18 0.0000e+00
    657.000    649.420     1.3334  30.264475     1.3332  30.262897     4.0147     4.0625     0.0027    96.9276 1.0000e-12  -67.51027  -70.58594 336.049418      94.58 3.5258e+01   1251.697      30042  1030.8745  1030.8731    34.7108    34.7090    7.75537         25 0.0000e+00
    658.000    650.406     1.3340  30.265097     1.3339  30.263534     4.0121     4.0554    -0.0090    96.9175 1.0000e-12  -67.51026  -70.58594 336.049479      98.31 3.5258e+01   1256.947      30168  1030.8788  1030.8773    34.7104    34.7085    7.75528         24 0.0000e+00
    659.000    651.390     1.3340  30.265692     1.3339  30.264187     4.0105     4.0586    -0.0129    96.9056 1.0000e-12  -67.51027  -70.58594 336.049501      97.41 3.5258e+01   1258.921      30215  1030.8836  1030.8822    34.7106    34.7087    7.75527         17 0.0000e+00
    660.000    652.379     1.3339  30.266126     1.3337  30.264635     4.0079     4.0606    -0.0134    96.9056 1.0000e-12  -67.51028  -70.58594 336.049509      96.59 3.5258e+01   1259.575      30231  1030.8884  1030.8871    34.7107    34.7090    7.75529         14 0.0000e+00
    661.000    653.365     1.3338  30.266672     1.3336  30.265026     4.0090     4.0620    -0.0092    96.9056 1.0000e-12  -67.51028  -70.58592 336.049516      95.58 3.5258e+01   1260.152      30245  1030.8932  1030.8917    34.7109    34.7090    7.75529         14 0.0000e+00
    662.000    654.353     1.3338  30.267095     1.3335  30.265527     4.0121     4.0635    -0.0043    96.9056 1.0000e-12  -67.51029  -70.58591 336.049522      94.75 3.5258e+01   1260.706      30258  1030.8979  1030.8965    34.7109    34.7092    7.75529         13 0.0000e+00
    663.000    655.340     1.3337  30.267580     1.3335  30.265854     4.0158     4.0632     0.0008    96.9056 1.0000e-12  -67.51030  -70.58590 336.049528      93.77 3.5258e+01   1261.254      30271  1030.9026  1030.9011    34.7110    34.7091    7.75530         13 0.0000e+00
    664.000    656.328     1.3333  30.267566     1.3330  30.265885     4.0160     4.0634     0.0050    96.9056 1.0000e-12  -67.51029  -70.58590 336.049535      92.74 3.5258e+01   1261.835      30285  1030.9072  1030.9058    34.7109    34.7091    7.75539         15 0.0000e+00
    665.000    657.313     1.3326  30.267519     1.3324  30.265873     4.0222     4.0628    -0.0020    96.9024 1.0000e-12  -67.51028  -70.58590 336.049543      91.52 3.5258e+01   1262.489      30301  1030.9121  1030.9106    34.7110    34.7091    7.75552         17 0.0000e+00
    666.000    658.301     1.3325  30.267899     1.3323  30.266320     4.0231     4.0685    -0.0042    96.8923 1.0000e-12  -67.51028  -70.58590 336.049552      90.52 3.5258e+01   1263.275      30320  1030.9168  1030.9154    34.7111    34.7093    7.75554         21 0.0000e+00
    667.000    659.289     1.3323  30.268107     1.3321  30.266482     4.0214     4.0759    -0.0041    96.8869 1.0000e-12  -67.51028  -70.58592 336.049563      89.38 3.5258e+01   1264.261      30343  1030.9214  1030.9200    34.7110    34.7092    7.75558         26 0.0000e+00
    668.000    660.273     1.3325  30.268668     1.3323  30.267127     4.0196     4.0707    -0.0066    96.9001 1.0000e-12  -67.51026  -70.58593 336.049578      88.15 3.5258e+01   1265.526      30374  1030.9260  1030.9247    34.7109    34.7092    7.75554         32 0.0000e+00
    669.000    661.263     1.3336  30.269978     1.3336  30.268410     4.0132     4.0621    -0.0023    96.9005 1.0000e-12  -67.51027  -70.58591 336.049640      87.03 3.5258e+01   1270.860      30502  1030.9304  1030.9289    34.7108    34.7089    7.75533         25 0.0000e+00
    670.000    662.246     1.3329  30.269913     1.3328  30.268434     4.0185     4.0642    -0.0045    96.8880 1.0000e-12  -67.51028  -70.58590 336.049659      86.34 3.5258e+01   1272.500      30541  1030.9353  1030.9339    34.7110    34.7092    7.75547         18 0.0000e+00
    671.000    663.236     1.3320  30.269980     1.3319  30.268412     4.0148     4.0670    -0.0038    96.8885 1.0000e-12  -67.51028  -70.58590 336.049666      85.46 3.5258e+01   1273.123      30556  1030.9404  1030.9390    34.7114    34.7096    7.75561         15 0.0000e+00
    672.000    664.219     1.3308  30.269219     1.3308  30.267779     4.0138     4.0618     0.0035    96.9054 1.0000e-12  -67.51028  -70.58590 336.049673      84.50 3.5258e+01   1273.703      30570  1030.9450  1030.9437    34.7112    34.7094    7.75586         13 0.0000e+00
    673.000    665.209     1.3283  30.267329     1.3282  30.265894     4.0143     4.0565     0.0045    96.8820 1.0000e-12  -67.51028  -70.58590 336.049678      83.49 3.5258e+01   1274.229      30582  1030.9500  1030.9485    34.7111    34.7093    7.75638         12 0.0000e+00
    674.000    666.197     1.3267  30.266316     1.3265  30.264886     4.0178     4.0566     0.0144    96.8799 1.0000e-12  -67.51028  -70.58590 336.049685      82.81 3.5258e+01   1274.734      30595  1030.9547  1030.9534    34.7110    34.7094    7.75670         12 0.0000e+00
    675.000    667.182     1.3261  30.266386     1.3259  30.264953     4.0190     4.0615     0.0143    96.8799 1.0000e-12  -67.51028  -70.58590 336.049690      81.94 3.5258e+01   1275.236      30607  1030.9595  1030.9583    34.7111    34.7096    7.75680         12 0.0000e+00
    676.000    668.167     1.3257  30.266427     1.3256  30.265004     4.0142     4.0630    -0.0130    96.8668 1.0000e-12  -67.51028  -70.58590 336.049696      81.55 3.5258e+01   1275.737      30619  1030.9642  1030.9628    34.7111    34.7093    7.75688         12 0.0000e+00
    677.000    669.157     1.3242  30.265526     1.3240  30.263986     4.0111     4.0650    -0.0188    96.8408 1.0000e-12  -67.51028  -70.58590 336.049702      30.83 3.5258e+01   1276.238      30631  1030.9690  1030.9675    34.7111    34.7093    7.75719         12 0.0000e+00
    678.000    670.142     1.3234  30.265425     1.3233  30.263952     4.0078     4.0637    -0.0136    96.8235 1.0000e-12  -67.51028  -70.58590 336.049708       9.60 3.5258e+01   1276.783      30644  1030.9738  1030.9724    34.7112    34.7095    7.75733         15 0.0000e+00
    679.000    671.127     1.3244  30.266631     1.3243  30.265118     4.0126     4.0645    -0.0042    96.8138 1.0000e-12  -67.51027  -70.58590 336.049734      68.60 3.5258e+01   1279.027      30698  1030.9782  1030.9767    34.7111    34.7093    7.75714         25 0.0000e+00
    680.000    672.115     1.3282  30.270379     1.3278  30.268385     4.0166     4.0600    -0.0080    96.8018 1.0000e-12  -67.51026  -70.58590 336.049796      76.04 3.5258e+01   1284.356      30826  1030.9824  1030.9807    34.7111    34.7090    7.75639         37 0.0000e+00
    681.000    673.103     1.3249  30.268006     1.3245  30.266334     4.0106     4.0576    -0.0153    96.8014 1.0000e-12  -67.51026  -70.58590 336.049807      75.04 3.5258e+01   1285.294      30848  1030.9875  1030.9862    34.7112    34.7095    7.75704         23 0.0000e+00
    682.000    674.089     1.3242  30.267838     1.3241  30.266312     4.0136     4.0624    -0.0041    96.7995 1.0000e-12  -67.51028  -70.58590 336.049816      74.12 3.5258e+01   1286.095      30867  1030.9922  1030.9908    34.7112    34.7094    7.75718         17 0.0000e+00
    683.000    675.076     1.3240  30.268103     1.3237  30.266570     4.0124     4.0643     0.0044    96.7841 1.0000e-12  -67.51028  -70.58590 336.049823      73.30 3.5258e+01   1286.735      30883  1030.9969  1030.9956    34.7111    34.7095    7.75721         14 0.0000e+00
    684.000    676.062     1.3243  30.268768     1.3241  30.267385     4.0136     4.0609     0.0047    96.7729 1.0000e-12  -67.51028  -70.58590 336.049830      72.36 3.5258e+01   1287.295      30896  1031.0014  1031.0003    34.7111    34.7096    7.75716         13 0.0000e+00
    685.000    677.050     1.3244  30.269364     1.3242  30.267834     4.0152     4.0626    -0.0030    96.7485 1.0000e-12  -67.51028  -70.58590 336.049836      71.38 3.5258e+01   1287.823      30909  1031.0062  1031.0048    34.7112    34.7095    7.75714         12 0.0000e+00
    686.000    678.037     1.3245  30.269991     1.3243  30.268316     4.0150     4.0624    -0.0032    96.7531 1.0000e-12  -67.51028  -70.58590 336.049842      70.45 3.5258e+01   1288.331      30921  1031.0109  1031.0094    34.7113    34.7094    7.75710         13 0.0000e+00
    687.000    679.024     1.3246  30.270486     1.3243  30.268950     4.0123     4.0654    -0.0040    96.7532 1.0000e-12  -67.51028  -70.58590 336.049848      69.47 3.5258e+01   1288.844      30933  1031.0155  1031.0142    34.7112    34.7097    7.75708         12 0.0000e+00
    688.000    680.010     1.3245  30.271029     1.3244  30.269472     4.0144     4.0658    -0.0046    96.7109 1.0000e-12  -67.51028  -70.58590 336.049854      68.72 3.5258e+01   1289.393      30946  1031.0203  1031.0189    34.7114    34.7096    7.75709         14 0.0000e+00
    689.000    680.998     1.3244  30.271303     1.3243  30.269782     4.0179     4.0660     0.0027    96.7098 1.0000e-12  -67.51026  -70.58590 336.049862      67.28 3.5258e+01   1290.101      30963  1031.0249  1031.0235    34.7114    34.7096    7.75712         23 0.0000e+00
    690.000    681.984     1.3245  30.271815     1.3245  30.270165     4.0114     4.0683    -0.0026    96.7177 1.0000e-12  -67.51026  -70.58590 336.049891      65.60 3.5258e+01   1292.545      31022  1031.0295  1031.0279    34.7114    34.7093    7.75710         35 0.0000e+00
    691.000    682.970     1.3246  30.272328     1.3246  30.270703     4.0152     4.0694    -0.0013    96.7241 1.0000e-12  -67.51026  -70.58590 336.049931      64.71 3.5258e+01   1295.996      31105  1031.0342  1031.0325    34.7114    34.7093    7.75708         32 0.0000e+00
    692.000    683.958     1.3250  30.272954     1.3247  30.271275     4.0149     4.0699     0.0049    96.7254 1.0000e-12  -67.51028  -70.58590 336.049947      63.80 3.5258e+01   1297.430      31139  1031.0386  1031.0372    34.7112    34.7093    7.75702         29 0.0000e+00
    693.000    684.943     1.3248  30.273550     1.3245  30.271963     4.0161     4.0702     0.0050    96.7254 1.0000e-12  -67.51028  -70.58590 336.049960      62.87 3.5258e+01   1298.512      31165  1031.0437  1031.0423    34.7116    34.7098    7.75703         23 0.0000e+00
    694.000    685.931     1.3250  30.274185     1.3248  30.272545     4.0173     4.0705     0.0017    96.7254 1.0000e-12  -67.51028  -70.58588 336.049970      61.89 3.5258e+01   1299.407      31187  1031.0483  1031.0468    34.7116    34.7097    7.75699         20 0.0000e+00
    695.000    686.917     1.3251  30.274890     1.3250  30.273279     4.0229     4.0709    -0.0134    96.7254 1.0000e-12  -67.51026  -70.58588 336.049979      61.02 3.5258e+01   1300.191      31206  1031.0531  1031.0516    34.7118    34.7099    7.75695         18 0.0000e+00
    696.000    687.903     1.3250  30.275305     1.3249  30.273703     4.0196     4.0721    -0.0014    96.7214 1.0000e-12  -67.51026  -70.58588 336.049988      59.89 3.5258e+01   1300.942      31224  1031.0579  1031.0563    34.7119    34.7100    7.75698         19 0.0000e+00
    697.000    688.891     1.3249  30.275620     1.3248  30.274050     4.0211     4.0697    -0.0007    96.7044 1.0000e-12  -67.51026  -70.58588 336.049998      58.85 3.5258e+01   1301.826      31245  1031.0625  1031.0610    34.7119    34.7099    7.75700         24 0.0000e+00
    698.000    689.878     1.3250  30.276041     1.3249  30.274500     4.0197     4.0679    -0.0046    96.7012 1.0000e-12  -67.51027  -70.58588 336.050012      57.72 3.5258e+01   1303.048      31274  1031.0670  1031.0655    34.7117    34.7099    7.75698         32 0.0000e+00
    699.000    690.863     1.3250  30.276622     1.3249  30.275070     4.0208     4.0707     0.0023    96.7256 1.0000e-12  -67.51028  -70.58590 336.050026      56.75 3.5258e+01   1304.218      31302  1031.0718  1031.0703    34.7119    34.7100    7.75697         25 0.0000e+00
    700.000    691.852     1.3251  30.277102     1.3251  30.275709     4.0263     4.0725    -0.0014    96.7254 1.0000e-12  -67.51028  -70.58588 336.050037      55.78 3.5258e+01   1305.152      31325  1031.0764  1031.0750    34.7118    34.7101    7.75696         21 0.0000e+00
