NBP2113_155081_ctd/data/nbp2113_048.ros
* Sea-Bird SBE 9 Data File:
* FileName = D:\Data\raw\NBP2113_048.hex
* Software Version Seasave V 7.26.7.121
* Temperature SN = 2438
* Conductivity SN = 2067
* Number of Bytes Per Scan = 40
* Number of Voltage Words = 5
* Number of Scans Averaged by the Deck Unit = 1
* NMEA Latitude = 64 50.77 S
* NMEA Longitude = 064 00.25 W
* NMEA UTC (Time) = Dec 11 2021  07:43:13
* NMEA baud rate = 9600
** Ship: RVIB N.B. Palmer
** Cruise: NBP2113 LTER
** Station: 620.032
** Operator: B. Urmston
# nquan = 20
# nvalues = 1134                                  
# units = specified
# name 0 = prDM: Pressure, Digiquartz [db]
# name 1 = depSM: Depth [salt water, m]
# name 2 = t090C: Temperature [ITS-90, deg C]
# name 3 = c0mS/cm: Conductivity [mS/cm]
# name 4 = t190C: Temperature, 2 [ITS-90, deg C]
# name 5 = c1mS/cm: Conductivity, 2 [mS/cm]
# name 6 = sbeox0ML/L: Oxygen, SBE 43 [ml/l]
# name 7 = sbeox1ML/L: Oxygen, SBE 43, 2 [ml/l]
# name 8 = flECO-AFL: Fluorescence, WET Labs ECO-AFL/FL [mg/m^3]
# name 9 = CStarTr0: Beam Transmission, WET Labs C-Star [%]
# name 10 = par: PAR/Irradiance, Biospherical/Licor
# name 11 = latitude: Latitude [deg]
# name 12 = longitude: Longitude [deg]
# name 13 = timeJ: Julian Days
# name 14 = altM: Altimeter [m]
# name 15 = spar: SPAR, Biospherical/Licor
# name 16 = timeS: Time, Elapsed [seconds]
# name 17 = scan: Scan Count
# name 18 = nbf: Bottles Fired
# name 19 = flag:  0.000e+00
# interval = seconds: 0.0416667
# start_time = Dec 11 2021 07:43:13 [NMEA time, header]
# bad_flag = -9.990e-29
*END*
[from data line 942]
      5.854      5.797    -0.1996  27.997673    -0.1859  28.023340     7.9391     8.0043     1.5454    84.8032 1.3333e+01  -64.84628  -64.00420 345.343431      13.21 4.4072e+01   1879.417      45107         20  0.000e+00
      5.861      5.804    -0.2007  27.993812    -0.1941  28.012024     7.9375     8.0081     1.5454    84.8032 1.3412e+01  -64.84628  -64.00420 345.343431       0.00 4.4072e+01   1879.458      45108         20  0.000e+00
      5.861      5.804    -0.2012  27.994331    -0.1985  27.998344     7.9356     8.0115     1.5454    84.8032 1.3492e+01  -64.84628  -64.00420 345.343432       0.00 4.4072e+01   1879.500      45109         20  0.000e+00
      5.765      5.709    -0.2001  27.993120    -0.2028  27.987819     7.9336     8.0137     1.5527    84.8032 1.3571e+01  -64.84628  -64.00420 345.343432       0.83 4.4072e+01   1879.542      45110         20  0.000e+00
      5.765      5.709    -0.2262  27.955442    -0.2070  27.978364     7.9123     8.0161     1.6113    84.4942 1.3895e+01  -64.84628  -64.00418 345.343451      99.95 4.4072e+01   1881.167      45149         21  0.000e+00
      5.711      5.655    -0.2238  27.957515    -0.2012  27.981008     7.9130     8.0104     1.6113    84.4942 1.3895e+01  -64.84628  -64.00418 345.343451      99.98 4.4072e+01   1881.208      45150         21  0.000e+00
      5.704      5.648    -0.2203  27.960223    -0.1975  27.986242     7.9182     8.0095     1.6113    84.4942 1.3895e+01  -64.84628  -64.00418 345.343452      99.98 4.4072e+01   1881.250      45151         21  0.000e+00
      5.608      5.553    -0.2186  27.960971    -0.1951  27.992039     7.9137     8.0088     1.6113    84.4942 1.3855e+01  -64.84628  -64.00418 345.343452      99.98 4.4072e+01   1881.292      45152         21  0.000e+00
      5.711      5.655    -0.2195  27.964428    -0.1929  27.995472     7.9073     8.0086     1.6113    84.4942 1.3855e+01  -64.84628  -64.00418 345.343453      99.93 4.4072e+01   1881.333      45153         21  0.000e+00
      5.711      5.655    -0.2205  27.965753    -0.1903  27.997273     7.9069     8.0030     1.6333    84.4942 1.3855e+01  -64.84628  -64.00418 345.343453      99.95 4.4072e+01   1881.375      45154         21  0.000e+00
      5.704      5.648    -0.2232  27.966560    -0.1890  28.000989     7.9129     8.0076     1.7212    84.4942 1.3814e+01  -64.84628  -64.00418 345.343454      99.95 4.4072e+01   1881.417      45155         21  0.000e+00
      5.765      5.709    -0.2245  27.964198    -0.1885  28.003634     7.9134     8.0071     1.7578    84.4942 1.3814e+01  -64.84628  -64.00418 345.343454      99.98 4.4072e+01   1881.458      45156         21  0.000e+00
      5.711      5.655    -0.2251  27.962009    -0.1882  28.005436     7.9080     8.0066     1.7578    84.4942 1.3773e+01  -64.84628  -64.00418 345.343455      99.98 4.4072e+01   1881.500      45157         21  0.000e+00
      5.711      5.655    -0.2239  27.962066    -0.1882  28.005211     7.9126     8.0064     1.7505    84.4942 1.3773e+01  -64.84628  -64.00418 345.343455      99.98 4.4072e+01   1881.542      45158         21  0.000e+00
      5.806      5.749    -0.2198  27.963333    -0.1876  28.004929     7.9124     8.0062     1.7505    84.4942 1.3733e+01  -64.84628  -64.00418 345.343456      99.98 4.4072e+01   1881.583      45159         21  0.000e+00
      5.711      5.655    -0.2183  27.966559    -0.1857  28.005210     7.9112     8.0056     1.7505    84.4942 1.3733e+01  -64.84628  -64.00418 345.343456      99.95 4.4072e+01   1881.625      45160         21  0.000e+00
      5.765      5.709    -0.2177  27.970822    -0.1837  28.008588     7.9059     8.0049     1.7505    84.4942 1.3733e+01  -64.84628  -64.00418 345.343457      99.93 4.4072e+01   1881.667      45161         21  0.000e+00
      5.813      5.756    -0.2121  27.975028    -0.1828  28.013599     7.9101     8.0044     1.7505    84.5200 1.3733e+01  -64.84628  -64.00418 345.343457      99.95 4.4072e+01   1881.708      45162         21  0.000e+00
      5.752      5.695    -0.2064  27.979233    -0.1824  28.016583     7.9099     8.0049     1.7505    84.5972 1.3692e+01  -64.84628  -64.00418 345.343458      99.98 4.4072e+01   1881.750      45163         21  0.000e+00
      5.765      5.709    -0.2033  27.988337    -0.1823  28.016527     7.9100     8.0049     1.7505    84.6487 1.3733e+01  -64.84628  -64.00418 345.343458      99.98 4.4072e+01   1881.792      45164         21  0.000e+00
      5.813      5.756    -0.2008  27.996694    -0.1825  28.017033     7.9062     8.0050     1.7505    84.6230 1.3692e+01  -64.84628  -64.00418 345.343459      99.95 4.4072e+01   1881.833      45165         21  0.000e+00
      5.806      5.749    -0.2009  27.997673    -0.1837  28.017315     7.9123     8.0053     1.7505    84.6487 1.3692e+01  -64.84628  -64.00418 345.343459      99.95 4.4072e+01   1881.875      45166         21  0.000e+00
      5.813      5.756    -0.2038  27.995945    -0.1856  28.014162     7.9149     8.0060     1.7505    84.6230 1.3692e+01  -64.84628  -64.00418 345.343460      99.98 4.4072e+01   1881.917      45167         21  0.000e+00
      5.813      5.756    -0.2070  27.993294    -0.1852  28.009658     7.9165     8.0065     1.7505    84.6230 1.3692e+01  -64.84628  -64.00418 345.343460      99.98 4.4072e+01   1881.958      45168         21  0.000e+00
      5.813      5.756    -0.2102  27.988626    -0.1843  28.006224     7.9139     8.0068     1.7505    84.6230 1.3692e+01  -64.84628  -64.00418 345.343461      99.98 4.4072e+01   1882.000      45169         21  0.000e+00
      5.854      5.797    -0.2104  27.983498    -0.1837  28.008082     7.9199     8.0068     1.7505    84.6230 1.3733e+01  -64.84628  -64.00418 345.343461      99.98 4.4072e+01   1882.042      45170         21  0.000e+00
      5.861      5.804    -0.2092  27.981078    -0.1808  28.010446     7.9153     8.0064     1.7505    84.6230 1.3733e+01  -64.84628  -64.00418 345.343462      99.98 4.4072e+01   1882.083      45171         21  0.000e+00
      5.861      5.804    -0.2080  27.982749    -0.1840  28.014782     7.9208     8.0070     1.7505    84.6230 1.3733e+01  -64.84628  -64.00418 345.343462      99.95 4.4072e+01   1882.125      45172         21  0.000e+00
      5.916      5.858    -0.2060  27.985053    -0.1849  28.017034     7.9174     8.0074     1.7505    84.6230 1.3773e+01  -64.84628  -64.00418 345.343463      99.95 4.4072e+01   1882.167      45173         21  0.000e+00
      5.806      5.749    -0.2061  27.986494    -0.2038  28.013882     7.9233     8.0114     1.7505    84.6230 1.3773e+01  -64.84628  -64.00418 345.343463      99.98 4.4072e+01   1882.208      45174         21  0.000e+00
      5.916      5.858    -0.2066  27.989548    -0.2183  28.007015     7.9251     8.0151     1.7505    84.6230 1.3814e+01  -64.84628  -64.00418 345.343464      99.98 4.4072e+01   1882.250      45175         21  0.000e+00
      5.916      5.858    -0.2096  27.990643    -0.2180  27.987595     7.9204     8.0170     1.7505    84.6230 1.3814e+01  -64.84628  -64.00418 345.343464      99.98 4.4072e+01   1882.292      45176         21  0.000e+00
      5.854      5.797    -0.2151  27.988051    -0.2149  27.976789     7.9208     8.0176     1.7505    84.6230 1.3814e+01  -64.84628  -64.00418 345.343465      99.93 4.4072e+01   1882.333      45177         21  0.000e+00
      5.964      5.905    -0.2197  27.981367    -0.2179  27.977859     7.9275     8.0187     1.7505    84.6230 1.3855e+01  -64.84628  -64.00418 345.343465      99.95 4.4072e+01   1882.375      45178         21  0.000e+00
      5.916      5.858    -0.2206  27.973704    -0.2305  27.974709     7.9290     8.0218     1.7505    84.6230 1.3855e+01  -64.84628  -64.00418 345.343465      99.98 4.4072e+01   1882.417      45179         21  0.000e+00
      5.964      5.905    -0.2205  27.969729    -0.2491  27.968915     7.9258     8.0263     1.7432    84.6230 1.3855e+01  -64.84628  -64.00418 345.343466      99.98 4.4072e+01   1882.458      45180         21  0.000e+00
      5.902      5.844    -0.2205  27.969728    -0.2580  27.954456     7.9255     8.0297     1.6333    84.6230 1.3855e+01  -64.84628  -64.00418 345.343466      99.98 4.4072e+01   1882.500      45181         21  0.000e+00
      5.964      5.905    -0.2214  27.971054    -0.2609  27.937637     7.9312     8.0322     1.5747    84.6230 1.3855e+01  -64.84628  -64.00418 345.343467      99.98 4.4072e+01   1882.542      45182         21  0.000e+00
      5.964      5.905    -0.2227  27.971860    -0.2581  27.929481     7.9325     8.0384     1.5600    84.6745 1.3855e+01  -64.84628  -64.00418 345.343467      99.98 4.4072e+01   1882.583      45183         21  0.000e+00
      5.964      5.905    -0.2244  27.970247    -0.2568  27.926107     7.9356     8.0345     1.5674    84.7002 1.3855e+01  -64.84628  -64.00418 345.343468      99.95 4.4072e+01   1882.625      45184         21  0.000e+00
      6.005      5.946    -0.2265  27.970536    -0.2511  27.928468     7.9445     8.0332     1.5674    84.6745 1.3855e+01  -64.84628  -64.00418 345.343468      99.95 4.4072e+01   1882.667      45185         21  0.000e+00
      5.964      5.905    -0.2361  27.970018    -0.2423  27.934767     7.9446     8.0363     1.5747    84.6745 1.3814e+01  -64.84628  -64.00418 345.343469      99.98 4.4072e+01   1882.708      45186         21  0.000e+00
      6.019      5.959    -0.2358  27.960974    -0.2406  27.944441     7.9525     8.0315     1.5674    84.7002 1.3814e+01  -64.84628  -64.00418 345.343469      99.98 4.4072e+01   1882.750      45187         21  0.000e+00
      6.005      5.946    -0.2351  27.957287    -0.2391  27.949222     7.9569     8.0307     1.5674    84.6745 1.3814e+01  -64.84628  -64.00418 345.343470      99.95 4.4072e+01   1882.792      45188         21  0.000e+00
      6.019      5.959    -0.2400  27.959937    -0.2489  27.948661     7.9719     8.0324     1.5674    84.7002 1.3814e+01  -64.84628  -64.00418 345.343470      99.93 4.4072e+01   1882.833      45189         21  0.000e+00
      6.019      5.959    -0.2574  27.950953    -0.2629  27.941574     7.9755     8.0354     1.5674    84.6745 1.3773e+01  -64.84628  -64.00418 345.343471      99.95 4.4072e+01   1882.875      45190         21  0.000e+00
      6.066      6.007    -0.2702  27.932813    -0.2701  27.923746     7.9820     8.0380     1.5747    84.6745 1.3773e+01  -64.84628  -64.00418 345.343471      99.98 4.4072e+01   1882.917      45191         21  0.000e+00
      6.005      5.946    -0.2820  27.913756    -0.2777  27.909577     7.9837     8.0412     1.5674    84.7002 1.3773e+01  -64.84628  -64.00418 345.343472      99.98 4.4072e+01   1882.958      45192         21  0.000e+00
      6.019      5.959    -0.2904  27.899711    -0.2832  27.904236     7.9933     8.0425     1.5674    84.6745 1.3773e+01  -64.84628  -64.00418 345.343472      99.98 4.4072e+01   1883.000      45193         21  0.000e+00
      6.066      6.007    -0.2895  27.888834    -0.2838  27.898053     7.9965     8.0439     1.5674    84.7002 1.3773e+01  -64.84628  -64.00418 345.343473      99.98 4.4072e+01   1883.042      45194         21  0.000e+00
      6.005      5.946    -0.2913  27.887625    -0.2886  27.893050     7.9935     8.0450     1.5674    84.7002 1.3773e+01  -64.84628  -64.00418 345.343473      99.98 4.4072e+01   1883.083      45195         21  0.000e+00
      6.169      6.109    -0.3001  27.888835    -0.2953  27.887318     7.9976     8.0468     1.5674    84.7002 1.3733e+01  -64.84628  -64.00418 345.343474      99.95 4.4072e+01   1883.125      45196         22  0.000e+00
      6.019      5.959    -0.3054  27.878534    -0.2990  27.882652     8.0059     8.0476     1.5674    84.7002 1.3733e+01  -64.84628  -64.00418 345.343474      99.95 4.4072e+01   1883.167      45197         22  0.000e+00
      6.114      6.054    -0.3081  27.869213    -0.2986  27.878381     8.0037     8.0434     1.5674    84.6745 1.3733e+01  -64.84628  -64.00418 345.343475      99.98 4.4072e+01   1883.208      45198         22  0.000e+00
      6.107      6.048    -0.3086  27.865301    -0.2945  27.878100     8.0049     8.0418     1.5674    84.6745 1.3692e+01  -64.84628  -64.00418 345.343475      99.98 4.4072e+01   1883.250      45199         22  0.000e+00
      6.019      5.959    -0.3078  27.862884    -0.2927  27.883382     8.0070     8.0401     1.5674    84.7002 1.3692e+01  -64.84628  -64.00418 345.343476      99.98 4.4072e+01   1883.292      45200         22  0.000e+00
      6.114      6.054    -0.3067  27.861849    -0.2895  27.886867     8.0077     8.0386     1.5674    84.6745 1.3652e+01  -64.84628  -64.00418 345.343476      99.93 4.4072e+01   1883.333      45201         22  0.000e+00
      6.066      6.007    -0.3053  27.863632    -0.2857  27.888103     8.0066     8.0370     1.5747    84.7002 1.3612e+01  -64.84628  -64.00418 345.343477      99.95 4.4072e+01   1883.375      45202         22  0.000e+00
      6.155      6.095    -0.3044  27.865531    -0.2771  27.890969     7.9999     8.0391     1.5674    84.8032 1.3571e+01  -64.84628  -64.00418 345.343477      99.98 4.4072e+01   1883.417      45203         22  0.000e+00
      6.066      6.007    -0.3040  27.867947    -0.2726  27.891250     7.9987     8.0329     1.5674    84.8547 1.3571e+01  -64.84628  -64.00418 345.343478      99.98 4.4072e+01   1883.458      45204         22  0.000e+00
      6.114      6.054    -0.3049  27.868638    -0.2744  27.891868     8.0039     8.0325     1.5674    84.8805 1.3532e+01  -64.84628  -64.00418 345.343478      99.98 4.4072e+01   1883.500      45205         22  0.000e+00
      6.107      6.048    -0.3053  27.867142    -0.2757  27.896478     7.9974     8.0317     1.5674    84.8805 1.3532e+01  -64.84628  -64.00418 345.343478      99.98 4.4072e+01   1883.542      45206         22  0.000e+00
      6.066      6.007    -0.3044  27.866624    -0.2794  27.898839     7.9964     8.0316     1.6480    84.8547 1.3492e+01  -64.84628  -64.00418 345.343479      99.98 4.4072e+01   1883.583      45207         22  0.000e+00
      6.114      6.054    -0.3046  27.866854    -0.2771  27.898052     7.9956     8.0306     1.7505    84.8547 1.3452e+01  -64.84628  -64.00418 345.343479      99.95 4.4072e+01   1883.625      45208         22  0.000e+00
      6.114      6.054    -0.3073  27.867084    -0.2814  27.896085     7.9952     8.0310     1.7725    84.8805 1.3452e+01  -64.84628  -64.00418 345.343480      99.95 4.4072e+01   1883.667      45209         22  0.000e+00
      6.107      6.048    -0.3111  27.865014    -0.2857  27.896704     7.9938     8.0313     1.7725    84.8805 1.3452e+01  -64.84628  -64.00418 345.343480      99.95 4.4072e+01   1883.708      45210         22  0.000e+00
      6.114      6.054    -0.3123  27.862137    -0.2889  27.894118     7.9933     8.0316     1.7652    84.8547 1.3412e+01  -64.84628  -64.00418 345.343481      99.98 4.4072e+01   1883.750      45211         22  0.000e+00
      6.114      6.054    -0.3136  27.861044    -0.2908  27.890465     7.9927     8.0317     1.7652    84.8805 1.3373e+01  -64.84628  -64.00418 345.343481      99.98 4.4072e+01   1883.792      45212         22  0.000e+00
      6.060      6.000    -0.3101  27.866854    -0.2895  27.887148     7.9906     8.0258     1.7652    84.8547 1.3373e+01  -64.84628  -64.00418 345.343482      99.93 4.4072e+01   1883.833      45213         22  0.000e+00
      6.169      6.109    -0.3094  27.874565    -0.2879  27.886530     7.9819     8.0245     1.7652    84.8805 1.3333e+01  -64.84628  -64.00418 345.343482      99.95 4.4072e+01   1883.875      45214         22  0.000e+00
      6.066      6.007    -0.3105  27.877211    -0.2841  27.890183     7.9796     8.0223     1.7652    84.8805 1.3294e+01  -64.84628  -64.00418 345.343483      99.98 4.4072e+01   1883.917      45215         22  0.000e+00
