NBP2113_155081_ctd/data/nbp2113_034.cnv
* Sea-Bird SBE 9 Data File:
* FileName = D:\Data\raw\NBP2113_034.hex
* Software Version Seasave V 7.26.7.121
* Temperature SN = 2438
* Conductivity SN = 2067
* Number of Bytes Per Scan = 40
* Number of Voltage Words = 5
* Number of Scans Averaged by the Deck Unit = 1
* NMEA Latitude = 64 56.01 S
* NMEA Longitude = 064 23.98 W
* NMEA UTC (Time) = Dec 08 2021  22:30:19
* NMEA baud rate = 9600
** Ship: RVIB N.B. Palmer
** Cruise: NBP2113 LTER
** Station: 600.040
** Operator: S. Blackman
# nquan = 25
# nvalues = 2628                        
# units = specified
# name 0 = prDM: Pressure, Digiquartz [db]
# name 1 = depSM: Depth [salt water, m]
# name 2 = t090C: Temperature [ITS-90, deg C]
# name 3 = c0mS/cm: Conductivity [mS/cm]
# name 4 = t190C: Temperature, 2 [ITS-90, deg C]
# name 5 = c1mS/cm: Conductivity, 2 [mS/cm]
# name 6 = sbeox0ML/L: Oxygen, SBE 43 [ml/l]
# name 7 = sbeox1ML/L: Oxygen, SBE 43, 2 [ml/l]
# name 8 = flECO-AFL: Fluorescence, WET Labs ECO-AFL/FL [mg/m^3]
# name 9 = CStarTr0: Beam Transmission, WET Labs C-Star [%]
# name 10 = par: PAR/Irradiance, Biospherical/Licor
# name 11 = latitude: Latitude [deg]
# name 12 = longitude: Longitude [deg]
# name 13 = timeJ: Julian Days
# name 14 = altM: Altimeter [m]
# name 15 = spar: SPAR, Biospherical/Licor
# name 16 = timeS: Time, Elapsed [seconds]
# name 17 = scan: Scan Count
# name 18 = density00: Density [density, kg/m^3]
# name 19 = density11: Density, 2 [density, kg/m^3]
# name 20 = sal00: Salinity, Practical [PSU]
# name 21 = sal11: Salinity, Practical, 2 [PSU]
# name 22 = oxsolML/L: Oxygen Saturation, Garcia & Gordon [ml/l]
# name 23 = nbin: number of scans per bin
# name 24 = flag: flag
# span 0 =      1.000,   1317.000       
# span 1 =      0.990,   1299.982       
# span 2 =    -1.0262,     1.4957       
# span 3 =  27.106680,  30.664402       
# span 4 =    -1.0257,     1.4957       
# span 5 =  27.105153,  30.663411       
# span 6 =     4.0267,     9.5103       
# span 7 =     4.0860,     9.9217       
# span 8 =    -0.0224,     1.7667       
# span 9 =    87.1900,    96.0513       
# span 10 = 1.0000e-12, 5.6141e+01      
# span 11 =  -64.93358,  -64.93318      
# span 12 =  -64.39988,  -64.39906      
# span 13 = 342.941235, 342.985489      
# span 14 =       6.77,     105.13      
# span 15 = 4.0512e+01, 1.3222e+02      
# span 16 =    303.694,   4127.244      
# span 17 =       7290,      99055      
# span 18 =  1026.9886,  1033.8858      
# span 19 =  1026.9870,  1033.8848      
# span 20 =    33.5529,    34.6780      
# span 21 =    33.5505,    34.6769      
# span 22 =    7.72523,    8.31412      
# span 23 =          9,         47      
# span 24 = 0.0000e+00, 0.0000e+00      
# interval = decibars: 1                
# start_time = Dec 08 2021 22:30:19 [NMEA time, header]
# bad_flag = -9.990e-29
*END*
[from data line 1914]
    714.000    705.788     1.4372  30.348949     1.4368  30.347735     4.0979     4.1546    -0.0070    95.9529 1.0000e-12  -64.93338  -64.39944 342.971651      99.97 5.4649e+01   2931.668      70361  1031.0997  1031.0988    34.6719    34.6708    7.73703         20 0.0000e+00
    713.000    704.801     1.4373  30.348523     1.4369  30.347364     4.0987     4.1537    -0.0064    95.9529 1.0000e-12  -64.93338  -64.39944 342.971660      99.98 5.4649e+01   2932.414      70379  1031.0950  1031.0942    34.6719    34.6708    7.73701         17 0.0000e+00
    712.000    703.814     1.4373  30.348119     1.4369  30.347013     4.0975     4.1531    -0.0053    95.9529 1.0000e-12  -64.93338  -64.39944 342.971668      99.97 5.4649e+01   2933.070      70395  1031.0903  1031.0896    34.6719    34.6709    7.73701         15 0.0000e+00
    711.000    702.828     1.4372  30.347698     1.4369  30.346507     4.0968     4.1522    -0.0111    95.9529 1.0000e-12  -64.93338  -64.39944 342.971675      99.97 5.4649e+01   2933.711      70410  1031.0858  1031.0849    34.6720    34.6709    7.73702         15 0.0000e+00
    710.000    701.841     1.4370  30.347010     1.4366  30.345823     4.0960     4.1509    -0.0134    95.9529 1.0000e-12  -64.93338  -64.39944 342.971683      99.97 5.4649e+01   2934.395      70426  1031.0811  1031.0802    34.6719    34.6708    7.73707         18 0.0000e+00
    709.000    700.853     1.4370  30.346575     1.4366  30.345351     4.1015     4.1504    -0.0077    95.9529 1.0000e-12  -64.93338  -64.39944 342.971693      99.97 5.4649e+01   2935.314      70449  1031.0765  1031.0756    34.6719    34.6708    7.73707         27 0.0000e+00
    708.000    699.867     1.4370  30.346009     1.4365  30.344870     4.1057     4.1533    -0.0097    95.9441 1.0000e-12  -64.93338  -64.39943 342.971723      99.97 5.4312e+01   2937.827      70509  1031.0716  1031.0709    34.6717    34.6709    7.73707         34 0.0000e+00
    707.000    698.880     1.4369  30.345542     1.4364  30.344376     4.1023     4.1603    -0.0059    95.9372 1.0000e-12  -64.93338  -64.39944 342.971747      99.97 5.3079e+01   2939.926      70559  1031.0671  1031.0663    34.6719    34.6709    7.73710         30 0.0000e+00
    706.000    697.894     1.4368  30.345086     1.4365  30.343867     4.0967     4.1562    -0.0121    95.9531 1.0000e-12  -64.93338  -64.39944 342.971759      99.97 5.2884e+01   2940.948      70584  1031.0625  1031.0615    34.6719    34.6707    7.73710         22 0.0000e+00
    705.000    696.907     1.4365  30.344319     1.4362  30.343300     4.1043     4.1557    -0.0049    95.9501 1.0000e-12  -64.93338  -64.39944 342.971769      99.97 5.2886e+01   2941.806      70604  1031.0577  1031.0570    34.6718    34.6708    7.73716         19 0.0000e+00
    704.000    695.920     1.4362  30.343584     1.4359  30.342520     4.1084     4.1531    -0.0128    95.9461 1.0000e-12  -64.93338  -64.39943 342.971778      99.97 5.2886e+01   2942.591      70623  1031.0531  1031.0523    34.6718    34.6708    7.73723         19 0.0000e+00
    703.000    694.934     1.4360  30.342960     1.4358  30.341837     4.1007     4.1532    -0.0099    95.9515 1.0000e-12  -64.93338  -64.39942 342.971787      99.97 5.2886e+01   2943.383      70642  1031.0485  1031.0476    34.6718    34.6707    7.73727         20 0.0000e+00
    702.000    693.946     1.4358  30.342329     1.4355  30.341208     4.0988     4.1528    -0.0052    95.9394 1.0000e-12  -64.93338  -64.39942 342.971797      99.97 5.2886e+01   2944.276      70664  1031.0438  1031.0430    34.6718    34.6707    7.73731         24 0.0000e+00
    701.000    692.960     1.4359  30.341967     1.4355  30.340787     4.1032     4.1524    -0.0038    95.9521 1.0000e-12  -64.93338  -64.39942 342.971811      99.97 5.2886e+01   2945.487      70693  1031.0391  1031.0384    34.6718    34.6707    7.73729         32 0.0000e+00
    700.000    691.972     1.4359  30.341541     1.4356  30.340461     4.1010     4.1539    -0.0113    95.9529 1.0000e-12  -64.93338  -64.39942 342.971829      99.97 5.2886e+01   2946.999      70729  1031.0345  1031.0337    34.6718    34.6708    7.73729         33 0.0000e+00
    699.000    690.986     1.4357  30.340950     1.4354  30.339787     4.1004     4.1609     0.0004    95.9337 1.0000e-12  -64.93336  -64.39942 342.971843      99.97 5.2886e+01   2948.250      70759  1031.0298  1031.0290    34.6718    34.6706    7.73732         26 0.0000e+00
    698.000    689.999     1.4357  30.340472     1.4354  30.339352     4.0999     4.1599    -0.0045    95.9357 1.0000e-12  -64.93336  -64.39944 342.971855      99.98 5.2886e+01   2949.298      70784  1031.0252  1031.0243    34.6718    34.6707    7.73733         24 0.0000e+00
    697.000    689.010     1.4355  30.339932     1.4352  30.338731     4.1074     4.1559    -0.0065    95.9532 1.0000e-12  -64.93336  -64.39944 342.971866      99.97 5.2886e+01   2950.265      70807  1031.0206  1031.0197    34.6719    34.6707    7.73736         23 0.0000e+00
    696.000    688.026     1.4352  30.339225     1.4350  30.338134     4.1024     4.1558    -0.0060    95.9529 1.0000e-12  -64.93336  -64.39944 342.971877      99.97 5.2886e+01   2951.187      70829  1031.0160  1031.0151    34.6718    34.6707    7.73742         22 0.0000e+00
    695.000    687.038     1.4351  30.338519     1.4348  30.337445     4.1024     4.1550    -0.0090    95.9529 1.0000e-12  -64.93338  -64.39942 342.971888      99.97 5.2886e+01   2952.089      70851  1031.0112  1031.0104    34.6716    34.6706    7.73746         22 0.0000e+00
    694.000    686.052     1.4349  30.337989     1.4347  30.336942     4.1119     4.1535    -0.0143    95.9529 1.0000e-12  -64.93338  -64.39940 342.971899      99.97 5.2886e+01   2953.058      70874  1031.0066  1031.0058    34.6717    34.6706    7.73748         25 0.0000e+00
    693.000    685.064     1.4350  30.337617     1.4347  30.336526     4.1116     4.1550    -0.0079    95.9549 1.0000e-12  -64.93338  -64.39940 342.971917      99.98 5.2886e+01   2954.627      70912  1031.0019  1031.0011    34.6717    34.6706    7.73747         37 0.0000e+00
    692.000    684.077     1.4351  30.337248     1.4347  30.336051     4.0977     4.1548     0.0030    95.9424 1.0000e-12  -64.93336  -64.39940 342.971949      99.97 5.2886e+01   2957.376      70978  1030.9973  1030.9964    34.6717    34.6706    7.73746         32 0.0000e+00
    691.000    683.091     1.4350  30.336680     1.4347  30.335572     4.1088     4.1558    -0.0145    95.9559 1.0000e-12  -64.93336  -64.39942 342.971960      99.97 5.2886e+01   2958.350      71001  1030.9925  1030.9917    34.6716    34.6706    7.73747         20 0.0000e+00
    690.000    682.103     1.4350  30.336216     1.4347  30.335250     4.1052     4.1601    -0.0141    95.9529 1.0000e-12  -64.93336  -64.39942 342.971969      99.97 5.2886e+01   2959.092      71019  1030.9879  1030.9872    34.6717    34.6708    7.73748         17 0.0000e+00
    689.000    681.118     1.4350  30.335981     1.4347  30.334822     4.0965     4.1578    -0.0121    95.9598 1.0000e-12  -64.93335  -64.39942 342.971976      99.97 5.2886e+01   2959.756      71035  1030.9834  1030.9825    34.6719    34.6707    7.73746         15 0.0000e+00
    688.000    680.128     1.4350  30.335465     1.4347  30.334329     4.0921     4.1562    -0.0132    95.9708 1.0000e-12  -64.93334  -64.39942 342.971984      99.98 5.2886e+01   2960.408      71051  1030.9787  1030.9779    34.6718    34.6707    7.73747         16 0.0000e+00
    687.000    679.143     1.4349  30.334858     1.4346  30.333740     4.0985     4.1541    -0.0019    95.9491 1.0000e-12  -64.93336  -64.39942 342.971992      99.97 5.2886e+01   2961.088      71067  1030.9740  1030.9731    34.6717    34.6706    7.73749         18 0.0000e+00
    686.000    678.155     1.4347  30.334255     1.4344  30.333085     4.0997     4.1539     0.0013    95.9340 1.0000e-12  -64.93336  -64.39941 342.972001      99.97 5.2886e+01   2961.873      71086  1030.9694  1030.9685    34.6717    34.6706    7.73753         20 0.0000e+00
    685.000    677.169     1.4347  30.333777     1.4344  30.332631     4.0911     4.1545    -0.0090    95.9480 1.0000e-12  -64.93336  -64.39940 342.972013      99.97 5.1236e+01   2962.890      71110  1030.9646  1030.9638    34.6716    34.6706    7.73753         29 0.0000e+00
    684.000    676.181     1.4347  30.333333     1.4344  30.332265     4.0983     4.1554    -0.0156    95.9529 1.0000e-12  -64.93336  -64.39939 342.972031      99.97 5.1124e+01   2964.502      71149  1030.9600  1030.9593    34.6716    34.6707    7.73753         38 0.0000e+00
    683.000    675.194     1.4345  30.332759     1.4342  30.331666     4.1098     4.1576    -0.0026    95.9508 1.0000e-12  -64.93336  -64.39938 342.972055      99.97 5.1124e+01   2966.564      71199  1030.9554  1030.9546    34.6717    34.6706    7.73757         37 0.0000e+00
    682.000    674.208     1.4346  30.332353     1.4342  30.331221     4.1065     4.1583    -0.0064    95.9394 1.0000e-12  -64.93336  -64.39940 342.972074      99.98 5.1124e+01   2968.154      71237  1030.9507  1030.9499    34.6717    34.6706    7.73755         33 0.0000e+00
    681.000    673.221     1.4344  30.331791     1.4341  30.330684     4.1081     4.1587    -0.0083    95.9250 1.0000e-12  -64.93334  -64.39940 342.972088      99.97 5.1124e+01   2969.424      71267  1030.9461  1030.9453    34.6717    34.6706    7.73759         28 0.0000e+00
    680.000    672.234     1.4342  30.331138     1.4338  30.329905     4.1050     4.1620    -0.0125    95.8964 1.0000e-12  -64.93334  -64.39940 342.972100      99.97 5.1124e+01   2970.475      71292  1030.9414  1030.9406    34.6716    34.6705    7.73763         23 0.0000e+00
    679.000    671.248     1.4338  30.330237     1.4335  30.329137     4.0986     4.1630    -0.0065    95.9535 1.0000e-12  -64.93334  -64.39940 342.972110      99.97 5.1124e+01   2971.343      71313  1030.9367  1030.9359    34.6715    34.6704    7.73772         19 0.0000e+00
    678.000    670.261     1.4334  30.329326     1.4332  30.328413     4.0995     4.1628    -0.0105    95.9529 1.0000e-12  -64.93334  -64.39940 342.972119      99.97 5.1124e+01   2972.077      71331  1030.9320  1030.9312    34.6714    34.6704    7.73781         16 0.0000e+00
    677.000    669.271     1.4328  30.328391     1.4325  30.327140     4.1090     4.1602    -0.0116    95.9529 1.0000e-12  -64.93334  -64.39940 342.972127      99.97 5.1124e+01   2972.751      71347  1030.9274  1030.9264    34.6714    34.6701    7.73792         17 0.0000e+00
    676.000    668.286     1.4324  30.327509     1.4318  30.326056     4.1103     4.1562     0.0043    95.9529 1.0000e-12  -64.93334  -64.39940 342.972135      99.98 5.1124e+01   2973.437      71363  1030.9226  1030.9218    34.6712    34.6701    7.73800         17 0.0000e+00
    675.000    667.299     1.4319  30.326558     1.4316  30.325428     4.1091     4.1558    -0.0132    95.9529 1.0000e-12  -64.93334  -64.39938 342.972144      99.97 5.1124e+01   2974.235      71383  1030.9180  1030.9172    34.6711    34.6701    7.73810         22 0.0000e+00
    674.000    666.311     1.4323  30.326415     1.4321  30.325478     4.1094     4.1579    -0.0115    95.9556 1.0000e-12  -64.93334  -64.39937 342.972160      99.97 5.1124e+01   2975.639      71416  1030.9133  1030.9125    34.6711    34.6701    7.73803         32 0.0000e+00
    673.000    665.325     1.4327  30.326440     1.4327  30.325789     4.1007     4.1607    -0.0093    95.9410 1.0000e-12  -64.93334  -64.39936 342.972195      99.98 5.1124e+01   2978.612      71488  1030.9086  1030.9080    34.6713    34.6704    7.73794         34 0.0000e+00
    672.000    664.339     1.4325  30.325838     1.4321  30.324598     4.1080     4.1653    -0.0062    95.9532 1.0000e-12  -64.93334  -64.39937 342.972209      99.97 5.1124e+01   2979.863      71518  1030.9041  1030.9032    34.6713    34.6701    7.73799         25 0.0000e+00
    671.000    663.351     1.4317  30.324576     1.4314  30.323413     4.1042     4.1626    -0.0097    95.9418 1.0000e-12  -64.93334  -64.39939 342.972219      99.97 5.1124e+01   2980.767      71539  1030.8993  1030.8985    34.6711    34.6700    7.73815         19 0.0000e+00
    670.000    662.364     1.4314  30.323752     1.4311  30.322503     4.1030     4.1576    -0.0147    95.9385 1.0000e-12  -64.93334  -64.39940 342.972228      99.98 5.1124e+01   2981.538      71558  1030.8946  1030.8936    34.6710    34.6697    7.73822         18 0.0000e+00
    669.000    661.377     1.4312  30.323074     1.4308  30.321946     4.1013     4.1582    -0.0133    95.9608 1.0000e-12  -64.93334  -64.39940 342.972237      99.97 5.1124e+01   2982.262      71575  1030.8899  1030.8892    34.6709    34.6699    7.73826         17 0.0000e+00
    668.000    660.388     1.4309  30.322350     1.4307  30.321304     4.1057     4.1589    -0.0095    95.9694 1.0000e-12  -64.93334  -64.39940 342.972245      99.97 5.1124e+01   2982.989      71593  1030.8853  1030.8844    34.6709    34.6698    7.73832         17 0.0000e+00
    667.000    659.403     1.4307  30.321725     1.4303  30.320615     4.1023     4.1563    -0.0048    95.9556 1.0000e-12  -64.93334  -64.39939 342.972254      99.97 5.1124e+01   2983.764      71611  1030.8806  1030.8798    34.6708    34.6698    7.73836         20 0.0000e+00
    666.000    658.415     1.4305  30.321131     1.4303  30.320086     4.0999     4.1517    -0.0030    95.9501 1.0000e-12  -64.93334  -64.39937 342.972265      99.97 5.1124e+01   2984.697      71634  1030.8760  1030.8752    34.6708    34.6698    7.73839         26 0.0000e+00
    665.000    657.429     1.4307  30.320829     1.4304  30.319780     4.1087     4.1563    -0.0056    95.9613 1.0000e-12  -64.93334  -64.39936 342.972281      99.97 5.1124e+01   2986.110      71668  1030.8712  1030.8705    34.6708    34.6699    7.73836         37 0.0000e+00
    664.000    656.443     1.4306  30.320386     1.4304  30.319301     4.1081     4.1583    -0.0080    95.9525 1.0000e-12  -64.93334  -64.39934 342.972306      99.98 5.1124e+01   2988.250      71719  1030.8667  1030.8659    34.6709    34.6698    7.73837         33 0.0000e+00
    663.000    655.454     1.4306  30.319866     1.4303  30.318866     4.1020     4.1637    -0.0063    95.9709 1.0000e-12  -64.93334  -64.39935 342.972326      99.97 5.1124e+01   2989.950      71760  1030.8620  1030.8612    34.6708    34.6699    7.73838         33 0.0000e+00
    662.000    654.469     1.4302  30.319153     1.4300  30.318058     4.1050     4.1654    -0.0049    95.9689 1.0000e-12  -64.93334  -64.39936 342.972339      99.97 5.1124e+01   2991.078      71787  1030.8574  1030.8565    34.6709    34.6698    7.73845         24 0.0000e+00
    661.000    653.481     1.4300  30.318402     1.4296  30.317181     4.1039     4.1603    -0.0062    95.9745 1.0000e-12  -64.93334  -64.39936 342.972349      99.98 5.1124e+01   2991.953      71808  1030.8527  1030.8518    34.6708    34.6697    7.73850         19 0.0000e+00
    660.000    652.494     1.4296  30.317441     1.4293  30.316365     4.1000     4.1607    -0.0099    95.9619 1.0000e-12  -64.93334  -64.39937 342.972358      99.97 5.1124e+01   2992.713      71826  1030.8479  1030.8471    34.6706    34.6696    7.73860         17 0.0000e+00
    659.000    651.506     1.4294  30.316963     1.4291  30.315797     4.1021     4.1618    -0.0133    95.9604 1.0000e-12  -64.93334  -64.39938 342.972366      99.97 5.1124e+01   2993.421      71843  1030.8434  1030.8425    34.6707    34.6696    7.73862         17 0.0000e+00
    658.000    650.520     1.4292  30.316285     1.4289  30.315093     4.1039     4.1673    -0.0126    95.9629 1.0000e-12  -64.93334  -64.39936 342.972374      99.97 5.1124e+01   2994.140      71860  1030.8386  1030.8378    34.6706    34.6695    7.73866         18 0.0000e+00
