NBP2113_155081_ctd/data/nbp2113_045.cnv
* Sea-Bird SBE 9 Data File:
* FileName = D:\Data\raw\NBP2113_045.hex
* Software Version Seasave V 7.26.7.121
* Temperature SN = 2438
* Conductivity SN = 2067
* Number of Bytes Per Scan = 40
* Number of Voltage Words = 5
* Number of Scans Averaged by the Deck Unit = 1
* NMEA Latitude = 64 53.15 S
* NMEA Longitude = 063 45.53 W
* NMEA UTC (Time) = Dec 11 2021  03:56:53
* NMEA baud rate = 9600
** Ship: RVIB N.B. Palmer
** Cruise: NBP2113 LTER
** Station: 624.021
** Operator: B. Urmston
# nquan = 25
# nvalues = 1229                        
# units = specified
# name 0 = prDM: Pressure, Digiquartz [db]
# name 1 = depSM: Depth [salt water, m]
# name 2 = t090C: Temperature [ITS-90, deg C]
# name 3 = c0mS/cm: Conductivity [mS/cm]
# name 4 = t190C: Temperature, 2 [ITS-90, deg C]
# name 5 = c1mS/cm: Conductivity, 2 [mS/cm]
# name 6 = sbeox0ML/L: Oxygen, SBE 43 [ml/l]
# name 7 = sbeox1ML/L: Oxygen, SBE 43, 2 [ml/l]
# name 8 = flECO-AFL: Fluorescence, WET Labs ECO-AFL/FL [mg/m^3]
# name 9 = CStarTr0: Beam Transmission, WET Labs C-Star [%]
# name 10 = par: PAR/Irradiance, Biospherical/Licor
# name 11 = latitude: Latitude [deg]
# name 12 = longitude: Longitude [deg]
# name 13 = timeJ: Julian Days
# name 14 = altM: Altimeter [m]
# name 15 = spar: SPAR, Biospherical/Licor
# name 16 = timeS: Time, Elapsed [seconds]
# name 17 = scan: Scan Count
# name 18 = density00: Density [density, kg/m^3]
# name 19 = density11: Density, 2 [density, kg/m^3]
# name 20 = sal00: Salinity, Practical [PSU]
# name 21 = sal11: Salinity, Practical, 2 [PSU]
# name 22 = oxsolML/L: Oxygen Saturation, Garcia & Gordon [ml/l]
# name 23 = nbin: number of scans per bin
# name 24 = flag: flag
# span 0 =      1.000,    617.000       
# span 1 =      0.991,    610.041       
# span 2 =    -0.3407,     1.2253       
# span 3 =  27.879721,  30.078503       
# span 4 =    -0.3418,     1.2246       
# span 5 =  27.877313,  30.076976       
# span 6 =     4.3668,     9.8020       
# span 7 =     4.4391,     9.8969       
# span 8 =    -0.0151,     2.3245       
# span 9 =    84.5699,    91.7734       
# span 10 = -1.125e-05, 2.4859e+00      
# span 11 =  -64.88606,  -64.88554      
# span 12 =  -63.75908,  -63.75803      
# span 13 = 345.167817, 345.195261      
# span 14 =       1.16,     100.14      
# span 15 = 0.0000e+00, 0.0000e+00      
# span 16 =    286.406,   2657.586      
# span 17 =       6875,      63783      
# span 18 =  1027.1118,  1030.6218      
# span 19 =  1027.1103,  1030.6206      
# span 20 =    33.7502,    34.6169      
# span 21 =    33.7469,    34.6154      
# span 22 =    7.78182,    8.14873      
# span 23 =          8,         52      
# span 24 = 0.0000e+00, 0.0000e+00      
# interval = decibars: 1                
# start_time = Dec 11 2021 03:56:53 [NMEA time, header]
# bad_flag = -9.990e-29
*END*
[from data line 986]
    243.000    240.478     0.7690  29.433130     0.7686  29.431609     4.9424     4.9903     0.0092    91.6969 1.0000e-12  -64.88566  -63.75820 345.188264      99.97 0.0000e+00   2052.990      49273  1028.8140  1028.8128    34.5067    34.5051    7.87931         29 0.0000e+00
    242.000    239.490     0.7680  29.431558     0.7659  29.428568     4.9412     4.9987     0.0128    91.6792 1.0000e-12  -64.88566  -63.75820 345.188278      99.97 0.0000e+00   2054.197      49302  1028.8091  1028.8079    34.5063    34.5047    7.87953         28 0.0000e+00
    241.000    238.499     0.7661  29.429192     0.7637  29.425526     4.9346     4.9993     0.0198    91.6881 1.0000e-12  -64.88566  -63.75820 345.188293      99.97 0.0000e+00   2055.550      49334  1028.8041  1028.8027    34.5059    34.5038    7.87993         32 0.0000e+00
    240.000    237.511     0.7653  29.427638     0.7639  29.425232     4.9222     5.0035     0.0110    91.6966 1.0000e-12  -64.88566  -63.75820 345.188310      99.97 0.0000e+00   2057.025      49370  1028.7991  1028.7979    34.5054    34.5039    7.88012         34 0.0000e+00
    239.000    236.522     0.7648  29.426767     0.7626  29.423421     4.9418     4.9996     0.0069    91.7001 1.0000e-12  -64.88566  -63.75820 345.188326      99.97 0.0000e+00   2058.387      49402  1028.7944  1028.7929    34.5054    34.5035    7.88022         31 0.0000e+00
    238.000    235.534     0.7638  29.425123     0.7623  29.422544     4.9408     5.0047     0.0069    91.7050 1.0000e-12  -64.88566  -63.75820 345.188340      99.97 0.0000e+00   2059.610      49432  1028.7894  1028.7882    34.5050    34.5033    7.88045         29 0.0000e+00
    237.000    234.543     0.7610  29.421785     0.7603  29.420156     4.9422     5.0033     0.0133    91.6886 1.0000e-12  -64.88566  -63.75820 345.188355      99.97 0.0000e+00   2060.857      49462  1028.7844  1028.7833    34.5043    34.5030    7.88105         31 0.0000e+00
    236.000    233.555     0.7606  29.421014     0.7584  29.417547     4.9513     5.0061     0.0143    91.7040 1.0000e-12  -64.88566  -63.75820 345.188371      99.97 0.0000e+00   2062.214      49494  1028.7797  1028.7783    34.5044    34.5024    7.88113         34 0.0000e+00
    235.000    232.567     0.7583  29.418137     0.7550  29.413624     4.9526     5.0220     0.0177    91.7049 1.0000e-12  -64.88566  -63.75820 345.188387      99.97 0.0000e+00   2063.628      49528  1028.7747  1028.7732    34.5038    34.5016    7.88164         34 0.0000e+00
    234.000    231.577     0.7520  29.410918     0.7439  29.401704     4.9790     5.0289     0.0165    91.6518 1.0000e-12  -64.88566  -63.75820 345.188403      99.97 0.0000e+00   2065.023      49562  1028.7691  1028.7675    34.5020    34.4991    7.88300         33 0.0000e+00
    233.000    230.587     0.7384  29.396182     0.7319  29.387912     4.9761     5.0314     0.0075    91.6924 1.0000e-12  -64.88566  -63.75820 345.188419      99.97 0.0000e+00   2066.379      49594  1028.7629  1028.7606    34.4987    34.4952    7.88595         32 0.0000e+00
    232.000    229.599     0.7352  29.391575     0.7349  29.390237     4.9774     5.0354     0.0091    91.7033 1.0000e-12  -64.88566  -63.75820 345.188435      99.97 0.0000e+00   2067.762      49627  1028.7569  1028.7557    34.4968    34.4954    7.88670         34 0.0000e+00
    231.000    228.609     0.7351  29.391493     0.7298  29.384644     4.9774     5.0313     0.0105    91.7026 1.0000e-12  -64.88566  -63.75820 345.188451      99.97 0.0000e+00   2069.181      49661  1028.7525  1028.7505    34.4974    34.4943    7.88669         33 0.0000e+00
    230.000    227.621     0.7297  29.384935     0.7317  29.385939     4.9785     5.0296     0.0013    91.7051 1.0000e-12  -64.88566  -63.75820 345.188467      99.97 0.0000e+00   2070.521      49693  1028.7467  1028.7457    34.4955    34.4946    7.88789         30 0.0000e+00
    229.000    226.632     0.7323  29.387402     0.7320  29.386407     4.9814     5.0364     0.0056    91.7042 1.0000e-12  -64.88566  -63.75820 345.188481      99.97 0.0000e+00   2071.765      49723  1028.7424  1028.7415    34.4964    34.4954    7.88731         28 0.0000e+00
    228.000    225.642     0.7290  29.383648     0.7261  29.379536     4.9812     5.0431     0.0074    91.7042 1.0000e-12  -64.88566  -63.75820 345.188495      99.97 0.0000e+00   2072.998      49753  1028.7374  1028.7359    34.4958    34.4937    7.88802         29 0.0000e+00
    227.000    224.653     0.7269  29.380714     0.7231  29.375857     4.9841     5.0380     0.0125    91.7042 1.0000e-12  -64.88566  -63.75818 345.188510      99.97 0.0000e+00   2074.284      49784  1028.7321  1028.7307    34.4948    34.4928    7.88849         30 0.0000e+00
    226.000    223.665     0.7241  29.377339     0.7203  29.372345     4.9776     5.0385     0.0101    91.6966 1.0000e-12  -64.88566  -63.75819 345.188526      99.97 0.0000e+00   2075.654      49817  1028.7270  1028.7255    34.4942    34.4919    7.88910         34 0.0000e+00
    225.000    222.675     0.7173  29.369758     0.7150  29.366305     4.9819     5.0483     0.0143    91.7042 1.0000e-12  -64.88566  -63.75818 345.188543      99.97 0.0000e+00   2077.081      49851  1028.7215  1028.7201    34.4925    34.4906    7.89057         32 0.0000e+00
    224.000    221.685     0.7146  29.366281     0.7112  29.361813     4.9938     5.0516     0.0187    91.7071 1.0000e-12  -64.88564  -63.75818 345.188559      99.97 0.0000e+00   2078.499      49885  1028.7162  1028.7148    34.4916    34.4896    7.89117         35 0.0000e+00
    223.000    220.697     0.7093  29.360259     0.7047  29.354414     5.0033     5.0507     0.0096    91.7245 1.0000e-12  -64.88564  -63.75818 345.188576      99.97 0.0000e+00   2079.931      49919  1028.7109  1028.7091    34.4903    34.4877    7.89233         34 0.0000e+00
    222.000    219.707     0.7054  29.355452     0.6998  29.348682     4.9903     5.0552     0.0097    91.7185 1.0000e-12  -64.88564  -63.75818 345.188592      99.97 0.0000e+00   2081.361      49954  1028.7053  1028.7036    34.4889    34.4863    7.89318         34 0.0000e+00
    221.000    218.719     0.7013  29.350831     0.6974  29.345470     5.0034     5.0584     0.0066    91.7099 1.0000e-12  -64.88564  -63.75818 345.188608      99.97 0.0000e+00   2082.719      49986  1028.7002  1028.6984    34.4881    34.4855    7.89407         31 0.0000e+00
    220.000    217.729     0.6997  29.348375     0.6958  29.343245     5.0090     5.0604     0.0141    91.7300 1.0000e-12  -64.88564  -63.75818 345.188622      99.97 0.0000e+00   2083.925      50015  1028.6949  1028.6932    34.4873    34.4849    7.89444         27 0.0000e+00
    219.000    216.740     0.6968  29.345036     0.6950  29.342051     4.9988     5.0627     0.0069    91.7299 1.0000e-12  -64.88564  -63.75818 345.188635      99.97 0.0000e+00   2085.037      50042  1028.6899  1028.6885    34.4867    34.4849    7.89505         27 0.0000e+00
    218.000    215.751     0.6945  29.342137     0.6935  29.340101     5.0002     5.0576     0.0149    91.7299 1.0000e-12  -64.88564  -63.75818 345.188648      99.97 0.0000e+00   2086.180      50069  1028.6849  1028.6836    34.4862    34.4846    7.89556         29 0.0000e+00
    217.000    214.762     0.6942  29.341472     0.6914  29.337462     5.0017     5.0594     0.0216    91.7315 1.0000e-12  -64.88564  -63.75817 345.188663      99.97 0.0000e+00   2087.526      50102  1028.6801  1028.6786    34.4862    34.4841    7.89562         33 0.0000e+00
    216.000    213.773     0.6943  29.341154     0.6901  29.335485     5.0047     5.0645     0.0169    91.7406 1.0000e-12  -64.88564  -63.75817 345.188682      99.97 0.0000e+00   2089.103      50139  1028.6753  1028.6735    34.4862    34.4836    7.89559         39 0.0000e+00
    215.000    212.783     0.6913  29.337331     0.6883  29.333162     5.0052     5.0673     0.0195    91.7361 1.0000e-12  -64.88564  -63.75817 345.188700      99.97 0.0000e+00   2090.719      50178  1028.6700  1028.6685    34.4852    34.4831    7.89625         37 0.0000e+00
    214.000    211.795     0.6884  29.333807     0.6873  29.331480     5.0085     5.0681     0.0189    91.7408 1.0000e-12  -64.88564  -63.75817 345.188720      99.97 0.0000e+00   2092.417      50219  1028.6649  1028.6635    34.4845    34.4827    7.89689         38 0.0000e+00
    213.000    210.806     0.6875  29.332304     0.6866  29.330380     5.0042     5.0637     0.0141    91.7500 1.0000e-12  -64.88564  -63.75817 345.188739      99.97 0.0000e+00   2094.020      50257  1028.6599  1028.6587    34.4841    34.4826    7.89710         30 0.0000e+00
    212.000    209.815     0.6884  29.332922     0.6852  29.328600     4.9969     5.0710     0.0109    91.7341 1.0000e-12  -64.88564  -63.75818 345.188754      99.97 0.0000e+00   2095.350      50289  1028.6552  1028.6539    34.4845    34.4824    7.89688         29 0.0000e+00
    211.000    208.827     0.6867  29.330798     0.6821  29.324888     5.0085     5.0677     0.0067    91.7402 1.0000e-12  -64.88564  -63.75817 345.188768      99.97 0.0000e+00   2096.595      50319  1028.6505  1028.6488    34.4843    34.4817    7.89725         30 0.0000e+00
    210.000    207.838     0.6845  29.328024     0.6796  29.321568     5.0099     5.0651     0.0129    91.7489 1.0000e-12  -64.88564  -63.75817 345.188785      99.97 0.0000e+00   2098.018      50353  1028.6455  1028.6435    34.4837    34.4807    7.89773         39 0.0000e+00
    209.000    206.848     0.6840  29.326903     0.6829  29.324523     5.0173     5.0663     0.0177    91.7445 1.0000e-12  -64.88564  -63.75817 345.188809      99.97 0.0000e+00   2100.055      50402  1028.6405  1028.6391    34.4833    34.4815    7.89784         44 0.0000e+00
    208.000    205.859     0.6790  29.321100     0.6832  29.324237     5.0191     5.0710     0.0142    91.7477 1.0000e-12  -64.88564  -63.75816 345.188846      99.97 0.0000e+00   2103.330      50481  1028.6350  1028.6341    34.4820    34.4813    7.89894         35 0.0000e+00
    207.000    204.869     0.6752  29.316217     0.6808  29.321274     5.0248     5.0825     0.0092    91.7422 1.0000e-12  -64.88563  -63.75816 345.188877      99.98 0.0000e+00   2105.931      50543  1028.6294  1028.6291    34.4805    34.4808    7.89980         41 0.0000e+00
    206.000    203.881     0.6721  29.312799     0.6669  29.306636     5.0304     5.0896     0.0102    91.7432 1.0000e-12  -64.88563  -63.75816 345.188897      99.97 0.0000e+00   2107.698      50586  1028.6245  1028.6232    34.4800    34.4778    7.90045         35 0.0000e+00
    205.000    202.892     0.6637  29.303107     0.6672  29.305476     5.0286     5.0851     0.0143    91.7563 1.0000e-12  -64.88562  -63.75815 345.188921      99.97 0.0000e+00   2109.783      50636  1028.6184  1028.6173    34.4774    34.4765    7.90231         49 0.0000e+00
    204.000    201.901     0.6544  29.292502     0.6602  29.297869     5.0387     5.0928     0.0114    91.7734 1.0000e-12  -64.88562  -63.75814 345.188970      99.97 0.0000e+00   2113.983      50737  1028.6120  1028.6120    34.4746    34.4751    7.90436         37 0.0000e+00
    203.000    200.913     0.6530  29.290211     0.6592  29.295780     5.0429     5.0954     0.0109    91.7458 1.0000e-12  -64.88562  -63.75814 345.189009      99.97 0.0000e+00   2117.388      50818  1028.6066  1028.6064    34.4737    34.4741    7.90470         52 0.0000e+00
    202.000    199.925     0.6571  29.294543     0.6583  29.294803     5.0414     5.0982     0.0137    91.7533 1.0000e-12  -64.88562  -63.75814 345.189037      99.97 0.0000e+00   2119.789      50876  1028.6027  1028.6019    34.4754    34.4744    7.90377         43 0.0000e+00
    201.000    198.935     0.6555  29.292071     0.6555  29.290965     5.0311     5.0965     0.0172    91.7441 1.0000e-12  -64.88560  -63.75812 345.189521      99.97 0.0000e+00   2161.657      51881  1028.5975  1028.5963    34.4745    34.4730    7.90414         37 0.0000e+00
    200.000    197.944     0.6562  29.292261     0.6547  29.289451     5.0331     5.0934     0.0156    91.7668 1.0000e-12  -64.88560  -63.75812 345.189558      99.97 0.0000e+00   2164.792      51956  1028.5926  1028.5912    34.4746    34.4726    7.90399         37 0.0000e+00
    199.000    196.956     0.6570  29.292793     0.6596  29.294491     5.0295     5.0896     0.0150    91.7307 1.0000e-12  -64.88560  -63.75812 345.189572      99.97 0.0000e+00   2166.062      51986  1028.5881  1028.5873    34.4749    34.4742    7.90380         32 0.0000e+00
    198.000    195.967     0.6574  29.292572     0.6597  29.294284     5.0374     5.0903     0.0164    91.7531 1.0000e-12  -64.88560  -63.75812 345.189588      99.97 0.0000e+00   2167.418      52019  1028.5833  1028.5828    34.4749    34.4745    7.90374         34 0.0000e+00
    197.000    194.978     0.6589  29.293773     0.6594  29.293785     5.0242     5.0901     0.0121    91.7342 1.0000e-12  -64.88560  -63.75812 345.189607      99.97 0.0000e+00   2169.003      52057  1028.5788  1028.5783    34.4753    34.4748    7.90340         39 0.0000e+00
    196.000    193.989     0.6599  29.294688     0.6593  29.293058     5.0221     5.0843     0.0141    91.7252 1.0000e-12  -64.88560  -63.75812 345.189626      99.97 0.0000e+00   2170.657      52097  1028.5745  1028.5735    34.4760    34.4746    7.90316         34 0.0000e+00
    195.000    192.998     0.6602  29.294571     0.6604  29.293802     5.0080     5.0808     0.0143    91.7165 1.0000e-12  -64.88560  -63.75812 345.189641      99.97 0.0000e+00   2172.019      52129  1028.5699  1028.5688    34.4761    34.4748    7.90309         31 0.0000e+00
    194.000    192.010     0.6612  29.295343     0.6614  29.294445     5.0121     5.0828     0.0101    91.7409 1.0000e-12  -64.88560  -63.75812 345.189656      99.97 0.0000e+00   2173.263      52159  1028.5654  1028.5643    34.4766    34.4752    7.90286         30 0.0000e+00
    193.000    191.021     0.6613  29.294933     0.6608  29.293465     5.0134     5.0835     0.0015    91.7309 1.0000e-12  -64.88560  -63.75811 345.189671      99.97 0.0000e+00   2174.561      52190  1028.5607  1028.5596    34.4766    34.4751    7.90285         33 0.0000e+00
    192.000    190.031     0.6611  29.294253     0.6609  29.293136     5.0163     5.0821     0.0116    91.7292 1.0000e-12  -64.88560  -63.75811 345.189688      99.97 0.0000e+00   2176.014      52225  1028.5559  1028.5549    34.4765    34.4752    7.90289         36 0.0000e+00
    191.000    189.042     0.6614  29.294165     0.6611  29.292812     5.0175     5.0820     0.0098    91.7435 1.0000e-12  -64.88560  -63.75810 345.189705      99.97 0.0000e+00   2177.489      52261  1028.5513  1028.5501    34.4766    34.4752    7.90282         33 0.0000e+00
    190.000    188.052     0.6615  29.293749     0.6613  29.292538     5.0121     5.0806     0.0100    91.7360 1.0000e-12  -64.88560  -63.75811 345.189720      99.97 0.0000e+00   2178.765      52291  1028.5465  1028.5455    34.4766    34.4752    7.90280         29 0.0000e+00
    189.000    187.064     0.6619  29.293816     0.6618  29.292659     5.0139     5.0813     0.0117    91.7432 1.0000e-12  -64.88560  -63.75811 345.189733      99.97 0.0000e+00   2179.954      52320  1028.5419  1028.5408    34.4767    34.4754    7.90270         29 0.0000e+00
    188.000    186.074     0.6617  29.293193     0.6609  29.291328     5.0258     5.0850     0.0143    91.6976 1.0000e-12  -64.88560  -63.75812 345.189747      99.97 0.0000e+00   2181.179      52349  1028.5373  1028.5361    34.4768    34.4752    7.90275         30 0.0000e+00
    187.000    185.085     0.6600  29.291032     0.6592  29.288983     5.0284     5.0950     0.0203    91.7190 1.0000e-12  -64.88560  -63.75810 345.189762      99.97 0.0000e+00   2182.402      52379  1028.5324  1028.5310    34.4765    34.4747    7.90312         28 0.0000e+00
