NBP2113_155081_ctd/data/nbp2113_055.cnv
* Sea-Bird SBE 9 Data File:
* FileName = D:\Data\raw\NBP2113_055.hex
* Software Version Seasave V 7.26.7.121
* Temperature SN = 2438
* Conductivity SN = 2067
* Number of Bytes Per Scan = 40
* Number of Voltage Words = 5
* Number of Scans Averaged by the Deck Unit = 1
* NMEA Latitude = 64 51.63 S
* NMEA Longitude = 064 56.94 W
* NMEA UTC (Time) = Dec 11 2021  21:26:08
* NMEA baud rate = 9600
** Ship: RVIB N.B. Palmer
** Cruise: NBP2113 LTER
** Station: 589.065
** Operator: S. Blackman
# nquan = 25
# nvalues = 889                         
# units = specified
# name 0 = prDM: Pressure, Digiquartz [db]
# name 1 = depSM: Depth [salt water, m]
# name 2 = t090C: Temperature [ITS-90, deg C]
# name 3 = c0mS/cm: Conductivity [mS/cm]
# name 4 = t190C: Temperature, 2 [ITS-90, deg C]
# name 5 = c1mS/cm: Conductivity, 2 [mS/cm]
# name 6 = sbeox0ML/L: Oxygen, SBE 43 [ml/l]
# name 7 = sbeox1ML/L: Oxygen, SBE 43, 2 [ml/l]
# name 8 = flECO-AFL: Fluorescence, WET Labs ECO-AFL/FL [mg/m^3]
# name 9 = CStarTr0: Beam Transmission, WET Labs C-Star [%]
# name 10 = par: PAR/Irradiance, Biospherical/Licor
# name 11 = latitude: Latitude [deg]
# name 12 = longitude: Longitude [deg]
# name 13 = timeJ: Julian Days
# name 14 = altM: Altimeter [m]
# name 15 = spar: SPAR, Biospherical/Licor
# name 16 = timeS: Time, Elapsed [seconds]
# name 17 = scan: Scan Count
# name 18 = density00: Density [density, kg/m^3]
# name 19 = density11: Density, 2 [density, kg/m^3]
# name 20 = sal00: Salinity, Practical [PSU]
# name 21 = sal11: Salinity, Practical, 2 [PSU]
# name 22 = oxsolML/L: Oxygen Saturation, Garcia & Gordon [ml/l]
# name 23 = nbin: number of scans per bin
# name 24 = flag: flag
# span 0 =      1.000,    447.000       
# span 1 =      0.989,    442.148       
# span 2 =    -0.5498,     1.4637       
# span 3 =  27.523945,  30.262477       
# span 4 =    -0.5608,     1.4633       
# span 5 =  27.512948,  30.260983       
# span 6 =     4.0841,     8.6639       
# span 7 =     4.1401,     8.1982       
# span 8 =    -0.0226,     1.8003       
# span 9 =    82.5439,    91.8275       
# span 10 = 1.0000e-12, 3.1133e+02      
# span 11 =  -64.86068,  -64.86054      
# span 12 =  -64.94917,  -64.94824      
# span 13 = 345.896197, 345.913174      
# span 14 =       1.14,      99.97      
# span 15 = 1.7629e+02, 2.8028e+02      
# span 16 =    263.443,   1730.210      
# span 17 =       6324,      41526      
# span 18 =  1027.0247,  1029.8611      
# span 19 =  1027.0200,  1029.8599      
# span 20 =    33.5906,    34.6842      
# span 21 =    33.5818,    34.6828      
# span 22 =    7.73118,    8.20735      
# span 23 =         13,         50      
# span 24 = 0.0000e+00, 0.0000e+00      
# interval = decibars: 1                
# start_time = Dec 11 2021 21:26:08 [NMEA time, header]
# bad_flag = -9.990e-29
*END*
[from data line 522]
    367.000    363.083     1.4351  30.194727     1.4349  30.193523     4.1243     4.1833    -0.0119    91.7557 1.0000e-12  -64.86062  -64.94865 345.906052      89.43 1.7629e+02   1114.891      26758  1029.4816  1029.4806    34.6750    34.6737    7.73727         18 0.0000e+00
    366.000    362.096     1.4343  30.193199     1.4340  30.191853     4.1275     4.1829    -0.0078    91.7557 1.0000e-12  -64.86062  -64.94865 345.906060      89.96 1.7629e+02   1115.583      26775  1029.4767  1029.4756    34.6746    34.6732    7.73746         16 0.0000e+00
    365.000    361.107     1.4336  30.191954     1.4334  30.190721     4.1267     4.1784    -0.0144    91.7557 1.0000e-12  -64.86062  -64.94864 345.906068      90.82 1.7629e+02   1116.275      26792  1029.4719  1029.4708    34.6743    34.6730    7.73761         17 0.0000e+00
    364.000    360.118     1.4335  30.191395     1.4329  30.189541     4.1282     4.1796    -0.0147    91.7557 1.0000e-12  -64.86062  -64.94864 345.906077      91.90 1.7629e+02   1117.066      26811  1029.4671  1029.4658    34.6743    34.6725    7.73763         21 0.0000e+00
    363.000    359.129     1.4341  30.191476     1.4337  30.189989     4.1330     4.1833    -0.0098    91.7557 1.0000e-12  -64.86062  -64.94864 345.906090      93.29 1.7629e+02   1118.192      26838  1029.4624  1029.4613    34.6743    34.6729    7.73751         33 0.0000e+00
    362.000    358.140     1.4341  30.191160     1.4335  30.189551     4.1273     4.1789    -0.0040    91.7557 1.0000e-12  -64.86062  -64.94864 345.906120      94.60 1.7629e+02   1120.737      26899  1029.4578  1029.4567    34.6745    34.6730    7.73750         39 0.0000e+00
    361.000    357.154     1.4341  30.190822     1.4338  30.189266     4.1259     4.1808    -0.0125    91.7557 1.0000e-12  -64.86062  -64.94866 345.906138      95.09 1.7637e+02   1122.309      26936  1029.4532  1029.4520    34.6746    34.6730    7.73749         24 0.0000e+00
    360.000    356.165     1.4329  30.189157     1.4328  30.187895     4.1339     4.1820    -0.0061    91.7557 1.0000e-12  -64.86062  -64.94866 345.906147      96.11 1.7746e+02   1123.142      26956  1029.4484  1029.4473    34.6744    34.6729    7.73773         18 0.0000e+00
    359.000    355.175     1.4318  30.187254     1.4315  30.185950     4.1376     4.1838    -0.0132    91.7557 1.0000e-12  -64.86062  -64.94866 345.906156      97.16 1.7805e+02   1123.870      26974  1029.4434  1029.4424    34.6738    34.6724    7.73799         17 0.0000e+00
    358.000    354.188     1.4310  30.185886     1.4305  30.184304     4.1328     4.1860    -0.0103    91.7599 1.0000e-12  -64.86062  -64.94865 345.906165      98.13 1.7805e+02   1124.636      26992  1029.4386  1029.4374    34.6735    34.6720    7.73816         20 0.0000e+00
    357.000    353.198     1.4304  30.184742     1.4306  30.183813     4.1365     4.1865    -0.0101    91.7530 1.0000e-12  -64.86062  -64.94864 345.906176      99.46 1.7805e+02   1125.602      27015  1029.4338  1029.4326    34.6733    34.6718    7.73829         27 0.0000e+00
    356.000    352.210     1.4309  30.184735     1.4318  30.184773     4.1284     4.1870    -0.0106    91.7514 1.0000e-12  -64.86062  -64.94864 345.906190      99.87 1.7805e+02   1126.838      27045  1029.4290  1029.4281    34.6733    34.6723    7.73819         30 0.0000e+00
    355.000    351.223     1.4307  30.184165     1.4308  30.183167     4.1292     4.1894    -0.0117    91.7680 1.0000e-12  -64.86062  -64.94864 345.906204      99.97 1.7805e+02   1128.013      27073  1029.4244  1029.4233    34.6734    34.6720    7.73823         26 0.0000e+00
    354.000    350.233     1.4290  30.181588     1.4290  30.180600     4.1332     4.1863    -0.0150    91.7557 1.0000e-12  -64.86062  -64.94864 345.906216      99.97 1.7791e+02   1129.062      27098  1029.4192  1029.4182    34.6725    34.6713    7.73861         26 0.0000e+00
    353.000    349.244     1.4283  30.180455     1.4280  30.179005     4.1330     4.1856    -0.0143    91.7557 1.0000e-12  -64.86062  -64.94864 345.906231      99.97 1.7710e+02   1130.334      27129  1029.4145  1029.4133    34.6725    34.6709    7.73876         37 0.0000e+00
    352.000    348.257     1.4275  30.179203     1.4298  30.180707     4.1367     4.1916    -0.0105    91.7557 1.0000e-12  -64.86062  -64.94864 345.906262      99.97 1.7805e+02   1132.995      27193  1029.4097  1029.4090    34.6723    34.6717    7.73891         29 0.0000e+00
    351.000    347.268     1.4279  30.179270     1.4284  30.178660     4.1405     4.1922    -0.0152    91.7557 1.0000e-12  -64.86062  -64.94864 345.906277      99.97 1.7805e+02   1134.296      27224  1029.4052  1029.4041    34.6725    34.6712    7.73882         21 0.0000e+00
    350.000    346.280     1.4254  30.175853     1.4254  30.174956     4.1374     4.1979    -0.0141    91.7557 1.0000e-12  -64.86062  -64.94864 345.906285      99.97 1.7805e+02   1135.017      27241  1029.3999  1029.3990    34.6715    34.6704    7.73936         16 0.0000e+00
    349.000    345.290     1.4242  30.173950     1.4238  30.172410     4.1377     4.1984    -0.0104    91.7557 1.0000e-12  -64.86062  -64.94865 345.906292      99.97 1.7805e+02   1135.638      27256  1029.3949  1029.3938    34.6709    34.6695    7.73963         14 0.0000e+00
    348.000    344.303     1.4234  30.172676     1.4232  30.171286     4.1356     4.1947    -0.0064    91.7557 1.0000e-12  -64.86062  -64.94866 345.906299      99.97 1.7805e+02   1136.267      27271  1029.3902  1029.3890    34.6708    34.6693    7.73979         16 0.0000e+00
    347.000    343.312     1.4233  30.171911     1.4228  30.170390     4.1275     4.1914     0.0006    91.7557 1.0000e-12  -64.86062  -64.94866 345.906308      99.97 1.7805e+02   1136.983      27289  1029.3853  1029.3842    34.6705    34.6691    7.73983         19 0.0000e+00
    346.000    342.324     1.4239  30.172222     1.4240  30.171197     4.1353     4.1908    -0.0036    91.7557 1.0000e-12  -64.86062  -64.94866 345.906319      99.97 1.7805e+02   1137.954      27312  1029.3807  1029.3796    34.6708    34.6694    7.73969         27 0.0000e+00
    345.000    341.338     1.4234  30.171241     1.4233  30.170091     4.1400     4.1900    -0.0116    91.7557 1.0000e-12  -64.86062  -64.94865 345.906337      99.97 1.7845e+02   1139.470      27348  1029.3760  1029.3750    34.6707    34.6694    7.73981         35 0.0000e+00
    344.000    340.348     1.4234  30.170749     1.4231  30.169388     4.1366     4.1908    -0.0110    91.7557 1.0000e-12  -64.86062  -64.94864 345.906355      99.97 1.7955e+02   1141.031      27386  1029.3713  1029.3701    34.6707    34.6693    7.73981         35 0.0000e+00
    343.000    339.360     1.4226  30.169561     1.4232  30.169033     4.1470     4.1907    -0.0145    91.7651 1.0000e-12  -64.86062  -64.94864 345.906372      99.97 1.7906e+02   1142.551      27422  1029.3666  1029.3655    34.6706    34.6693    7.73997         35 0.0000e+00
    342.000    338.371     1.4189  30.165023     1.4209  30.166216     4.1505     4.2036    -0.0091    91.7379 1.0000e-12  -64.86062  -64.94864 345.906389      99.97 1.7930e+02   1144.039      27458  1029.3613  1029.3606    34.6694    34.6688    7.74075         34 0.0000e+00
    341.000    337.383     1.4142  30.159020     1.4167  30.160779     4.1557     4.2112    -0.0148    91.7578 1.0000e-12  -64.86062  -64.94864 345.906404      99.97 1.7975e+02   1145.305      27488  1029.3556  1029.3550    34.6676    34.6671    7.74177         27 0.0000e+00
    340.000    336.394     1.4129  30.157126     1.4115  30.154570     4.1583     4.2137    -0.0116    91.7765 1.0000e-12  -64.86062  -64.94864 345.906417      99.97 1.7981e+02   1146.471      27516  1029.3507  1029.3495    34.6672    34.6655    7.74205         29 0.0000e+00
    339.000    335.406     1.4105  30.153928     1.4105  30.152804     4.1620     4.2118    -0.0112    91.7894 1.0000e-12  -64.86062  -64.94865 345.906432      99.97 1.7981e+02   1147.708      27546  1029.3456  1029.3444    34.6664    34.6649    7.74257         29 0.0000e+00
    338.000    334.417     1.4091  30.151892     1.4091  30.150768     4.1634     4.2173    -0.0107    91.7933 1.0000e-12  -64.86062  -64.94866 345.906445      99.97 1.7981e+02   1148.829      27573  1029.3406  1029.3395    34.6659    34.6645    7.74288         24 0.0000e+00
    337.000    333.428     1.4058  30.147933     1.4065  30.147790     4.1664     4.2200    -0.0076    91.7841 1.0000e-12  -64.86062  -64.94866 345.906455      99.97 1.7981e+02   1149.703      27594  1029.3356  1029.3347    34.6651    34.6641    7.74357         18 0.0000e+00
    336.000    332.440     1.4018  30.143255     1.4025  30.143036     4.1645     4.2173    -0.0063    91.7813 1.0000e-12  -64.86062  -64.94866 345.906463      99.97 1.7981e+02   1150.415      27611  1029.3304  1029.3296    34.6640    34.6630    7.74440         16 0.0000e+00
    335.000    331.451     1.3989  30.139404     1.3987  30.138068     4.1612     4.2187    -0.0072    91.7814 1.0000e-12  -64.86062  -64.94866 345.906471      99.97 1.7981e+02   1151.063      27627  1029.3252  1029.3241    34.6630    34.6615    7.74504         15 0.0000e+00
    334.000    330.461     1.3956  30.135385     1.3964  30.135108     4.1581     4.2226    -0.0077    91.7814 1.0000e-12  -64.86062  -64.94866 345.906478      99.97 1.7981e+02   1151.733      27643  1029.3200  1029.3190    34.6620    34.6608    7.74573         18 0.0000e+00
    333.000    329.472     1.3978  30.136839     1.4001  30.138091     4.1628     4.2159    -0.0070    91.7814 1.0000e-12  -64.86062  -64.94865 345.906494      99.97 1.7981e+02   1153.058      27674  1029.3151  1029.3141    34.6621    34.6611    7.74531         29 0.0000e+00
    332.000    328.487     1.4014  30.141032     1.4005  30.139139     4.1619     4.2214     0.0010    91.7814 1.0000e-12  -64.86064  -64.94864 345.906539      99.97 1.7981e+02   1156.979      27769  1029.3115  1029.3104    34.6640    34.6626    7.74448         21 0.0000e+00
    331.000    327.495     1.3967  30.135242     1.3975  30.135139     4.1706     4.2303    -0.0090    91.7814 1.0000e-12  -64.86064  -64.94864 345.906547      99.97 1.7981e+02   1157.618      27784  1029.3060  1029.3050    34.6624    34.6613    7.74550         17 0.0000e+00
    330.000    326.508     1.3937  30.131473     1.3932  30.130079     4.1728     4.2266    -0.0152    91.7946 1.0000e-12  -64.86062  -64.94864 345.906554      99.97 1.7981e+02   1158.288      27800  1029.3008  1029.2999    34.6615    34.6603    7.74614         16 0.0000e+00
    329.000    325.520     1.3905  30.127659     1.3897  30.125454     4.1750     4.2264    -0.0058    91.7812 1.0000e-12  -64.86062  -64.94864 345.906562      99.97 1.7981e+02   1158.969      27816  1029.2958  1029.2944    34.6607    34.6588    7.74681         17 0.0000e+00
    328.000    324.529     1.3856  30.121419     1.3866  30.121709     4.1792     4.2336    -0.0115    91.7875 1.0000e-12  -64.86062  -64.94864 345.906571      99.97 1.8065e+02   1159.750      27835  1029.2901  1029.2894    34.6588    34.6581    7.74788         21 0.0000e+00
    327.000    323.542     1.3842  30.119490     1.3877  30.121867     4.1900     4.2387    -0.0147    91.7590 1.0000e-12  -64.86062  -64.94864 345.906582      99.97 1.8157e+02   1160.700      27858  1029.2852  1029.2841    34.6584    34.6575    7.74818         25 0.0000e+00
    326.000    322.552     1.3882  30.123052     1.3766  30.110582     4.2055     4.2450    -0.0109    91.7999 1.0000e-12  -64.86062  -64.94864 345.906595      99.97 1.8158e+02   1161.801      27884  1029.2806  1029.2793    34.6591    34.6560    7.74735         27 0.0000e+00
    325.000    321.564     1.3704  30.103623     1.3671  30.098299     4.2081     4.2518    -0.0110    91.8126 1.0000e-12  -64.86062  -64.94864 345.906608      99.97 1.8170e+02   1162.965      27912  1029.2740  1029.2719    34.6546    34.6515    7.75109         29 0.0000e+00
    324.000    320.576     1.3652  30.097195     1.3647  30.095215     4.2030     4.2507    -0.0098    91.8001 1.0000e-12  -64.86062  -64.94864 345.906623      99.97 1.8320e+02   1164.259      27943  1029.2683  1029.2667    34.6527    34.6507    7.75223         35 0.0000e+00
    323.000    319.587     1.3638  30.094624     1.3629  30.092635     4.2114     4.2562    -0.0048    91.8002 1.0000e-12  -64.86063  -64.94862 345.906641      99.97 1.8334e+02   1165.823      27981  1029.2627  1029.2615    34.6515    34.6500    7.75256         37 0.0000e+00
    322.000    318.598     1.3620  30.092092     1.3617  30.090711     4.2024     4.2513    -0.0042    91.8048 1.0000e-12  -64.86064  -64.94862 345.906658      99.97 1.8334e+02   1167.231      28015  1029.2576  1029.2564    34.6509    34.6495    7.75295         31 0.0000e+00
    321.000    317.609     1.3628  30.092385     1.3626  30.091512     4.2101     4.2533    -0.0148    91.8072 1.0000e-12  -64.86064  -64.94862 345.906672      99.97 1.8334e+02   1168.421      28043  1029.2528  1029.2521    34.6510    34.6501    7.75279         27 0.0000e+00
    320.000    316.621     1.3602  30.089837     1.3597  30.087800     4.2079     4.2508    -0.0105    91.8169 1.0000e-12  -64.86064  -64.94862 345.906685      99.97 1.8334e+02   1169.583      28071  1029.2484  1029.2468    34.6511    34.6491    7.75329         29 0.0000e+00
    319.000    315.632     1.3588  30.087414     1.3584  30.085866     4.2059     4.2575    -0.0122    91.8122 1.0000e-12  -64.86063  -64.94862 345.906699      99.97 1.8334e+02   1170.820      28101  1029.2430  1029.2419    34.6502    34.6487    7.75361         31 0.0000e+00
    318.000    314.644     1.3586  30.086665     1.3581  30.085167     4.2080     4.2566    -0.0079    91.7986 1.0000e-12  -64.86062  -64.94862 345.906715      99.97 1.8334e+02   1172.164      28133  1029.2382  1029.2371    34.6501    34.6486    7.75367         33 0.0000e+00
    317.000    313.654     1.3578  30.085482     1.3572  30.083761     4.2077     4.2622    -0.0150    91.8010 1.0000e-12  -64.86062  -64.94862 345.906730      99.97 1.8334e+02   1173.463      28164  1029.2335  1029.2323    34.6500    34.6485    7.75383         29 0.0000e+00
    316.000    312.667     1.3538  30.080759     1.3535  30.079181     4.2185     4.2637    -0.0150    91.7975 1.0000e-12  -64.86062  -64.94862 345.906743      99.97 1.8334e+02   1174.571      28191  1029.2283  1029.2270    34.6489    34.6473    7.75467         24 0.0000e+00
    315.000    311.677     1.3515  30.077523     1.3519  30.076959     4.2178     4.2672    -0.0150    91.8072 1.0000e-12  -64.86062  -64.94862 345.906754      99.97 1.8334e+02   1175.503      28213  1029.2231  1029.2220    34.6480    34.6468    7.75519         21 0.0000e+00
    314.000    310.690     1.3489  30.074146     1.3492  30.073567     4.2169     4.2715    -0.0150    91.8072 1.0000e-12  -64.86062  -64.94862 345.906763      99.97 1.8334e+02   1176.339      28233  1029.2179  1029.2170    34.6471    34.6461    7.75574         19 0.0000e+00
    313.000    309.700     1.3478  30.072420     1.3477  30.071342     4.2191     4.2713    -0.0077    91.8072 1.0000e-12  -64.86064  -64.94862 345.906773      99.97 1.8334e+02   1177.150      28253  1029.2129  1029.2119    34.6467    34.6454    7.75598         20 0.0000e+00
    312.000    308.710     1.3477  30.071849     1.3473  30.070490     4.2183     4.2669    -0.0022    91.8072 1.0000e-12  -64.86064  -64.94862 345.906782      99.97 1.8334e+02   1177.998      28273  1029.2082  1029.2071    34.6467    34.6453    7.75600         22 0.0000e+00
    311.000    307.722     1.3482  30.072046     1.3474  30.069957     4.2169     4.2662    -0.0126    91.7990 1.0000e-12  -64.86064  -64.94862 345.906795      99.97 1.8334e+02   1179.058      28298  1029.2036  1029.2022    34.6470    34.6451    7.75589         30 0.0000e+00
