NBP2113_155081_ctd/data/nbp2113_055.ros
* Sea-Bird SBE 9 Data File:
* FileName = D:\Data\raw\NBP2113_055.hex
* Software Version Seasave V 7.26.7.121
* Temperature SN = 2438
* Conductivity SN = 2067
* Number of Bytes Per Scan = 40
* Number of Voltage Words = 5
* Number of Scans Averaged by the Deck Unit = 1
* NMEA Latitude = 64 51.63 S
* NMEA Longitude = 064 56.94 W
* NMEA UTC (Time) = Dec 11 2021  21:26:08
* NMEA baud rate = 9600
** Ship: RVIB N.B. Palmer
** Cruise: NBP2113 LTER
** Station: 589.065
** Operator: S. Blackman
# nquan = 20
# nvalues = 490                                   
# units = specified
# name 0 = prDM: Pressure, Digiquartz [db]
# name 1 = depSM: Depth [salt water, m]
# name 2 = t090C: Temperature [ITS-90, deg C]
# name 3 = c0mS/cm: Conductivity [mS/cm]
# name 4 = t190C: Temperature, 2 [ITS-90, deg C]
# name 5 = c1mS/cm: Conductivity, 2 [mS/cm]
# name 6 = sbeox0ML/L: Oxygen, SBE 43 [ml/l]
# name 7 = sbeox1ML/L: Oxygen, SBE 43, 2 [ml/l]
# name 8 = flECO-AFL: Fluorescence, WET Labs ECO-AFL/FL [mg/m^3]
# name 9 = CStarTr0: Beam Transmission, WET Labs C-Star [%]
# name 10 = par: PAR/Irradiance, Biospherical/Licor
# name 11 = latitude: Latitude [deg]
# name 12 = longitude: Longitude [deg]
# name 13 = timeJ: Julian Days
# name 14 = altM: Altimeter [m]
# name 15 = spar: SPAR, Biospherical/Licor
# name 16 = timeS: Time, Elapsed [seconds]
# name 17 = scan: Scan Count
# name 18 = nbf: Bottles Fired
# name 19 = flag:  0.000e+00
# interval = seconds: 0.0416667
# start_time = Dec 11 2021 21:26:08 [NMEA time, header]
# bad_flag = -9.990e-29
*END*
[from data line 218]
    126.985    125.703     0.6586  29.275334     0.6623  29.278895     5.1060     5.1366     0.0069    91.4724 2.6208e-02  -64.86068  -64.94836 345.910167      99.98 2.3799e+02   1470.458      35292          5  0.000e+00
    127.040    125.757     0.6596  29.276447     0.6623  29.279181     5.1082     5.1357     0.0069    91.4724 2.6208e-02  -64.86068  -64.94836 345.910168      99.95 2.3799e+02   1470.500      35293          5  0.000e+00
    126.985    125.703     0.6602  29.277678     0.6623  29.279410     5.1004     5.1348     0.0069    91.4724 2.6208e-02  -64.86068  -64.94836 345.910168      99.95 2.3799e+02   1470.542      35294          5  0.000e+00
    127.040    125.757     0.6608  29.277502     0.6618  29.279181     5.0998     5.1288     0.0069    91.4724 2.6208e-02  -64.86068  -64.94836 345.910169      99.98 2.3799e+02   1470.583      35295          5  0.000e+00
    126.985    125.703     0.6602  29.277795     0.6612  29.278895     5.0923     5.1273     0.0069    91.4724 2.6208e-02  -64.86068  -64.94836 345.910169      99.98 2.3799e+02   1470.625      35296          5  0.000e+00
    127.040    125.757     0.6602  29.277268     0.6611  29.278094     5.0950     5.1260     0.0069    91.4724 2.6208e-02  -64.86068  -64.94836 345.910170      99.98 2.3799e+02   1470.667      35297          5  0.000e+00
    126.985    125.703     0.6587  29.277150     0.6600  29.278093     5.0878     5.1256     0.0069    91.4724 2.6208e-02  -64.86068  -64.94836 345.910170      99.98 2.3799e+02   1470.708      35298          5  0.000e+00
    127.040    125.757     0.6576  29.276447     0.6566  29.277808     5.0852     5.1248     0.0143    91.4724 2.6208e-02  -64.86068  -64.94836 345.910171      99.98 2.3799e+02   1470.750      35299          5  0.000e+00
    126.985    125.703     0.6576  29.275627     0.6570  29.276434     5.0768     5.1237     0.0143    91.4724 2.6208e-02  -64.86068  -64.94836 345.910171      99.98 2.3799e+02   1470.792      35300          5  0.000e+00
    126.992    125.710     0.6578  29.276154     0.6586  29.275632     5.0828     5.1226     0.0143    91.4724 2.6208e-02  -64.86068  -64.94836 345.910172      99.95 2.3799e+02   1470.833      35301          5  0.000e+00
    126.985    125.703     0.6576  29.276330     0.6608  29.275346     5.0828     5.1162     0.0143    91.4724 2.6208e-02  -64.86068  -64.94836 345.910172      99.98 2.3799e+02   1470.875      35302          5  0.000e+00
    126.985    125.703     0.6582  29.276975     0.6620  29.275632     5.0828     5.1198     0.0143    91.4724 2.6208e-02  -64.86068  -64.94836 345.910173      99.98 2.3799e+02   1470.917      35303          5  0.000e+00
    127.040    125.757     0.6594  29.277268     0.6601  29.276205     5.0829     5.1194     0.0143    91.4724 2.6208e-02  -64.86068  -64.94836 345.910173      99.98 2.3799e+02   1470.958      35304          5  0.000e+00
    126.985    125.703     0.6610  29.277795     0.6594  29.277006     5.0761     5.1135     0.0143    91.4724 2.6208e-02  -64.86068  -64.94836 345.910174      99.95 2.3799e+02   1471.000      35305          5  0.000e+00
    126.937    125.656     0.6623  29.277794     0.6589  29.276434     5.0694     5.1123     0.0143    91.4724 2.6208e-02  -64.86068  -64.94836 345.910174      99.95 2.3799e+02   1471.042      35306          5  0.000e+00
    126.985    125.703     0.6619  29.279318     0.6592  29.276205     5.0675     5.1121     0.0143    91.4724 2.6208e-02  -64.86068  -64.94836 345.910175      99.98 2.3799e+02   1471.083      35307          5  0.000e+00
    126.937    125.656     0.6615  29.280256     0.6597  29.275918     5.0658     5.1120     0.0143    91.4467 2.6208e-02  -64.86068  -64.94836 345.910175      99.98 2.3799e+02   1471.125      35308          5  0.000e+00
    126.985    125.703     0.6617  29.280021     0.6598  29.276434     5.0657     5.1121     0.0143    91.4724 2.6208e-02  -64.86068  -64.94836 345.910176      99.98 2.3799e+02   1471.167      35309          5  0.000e+00
    126.937    125.656     0.6614  29.280256     0.6609  29.277006     5.0588     5.1069     0.0143    91.4467 2.8165e-02  -64.86068  -64.94836 345.910176      99.98 2.3799e+02   1471.208      35310          5  0.000e+00
    126.985    125.703     0.6613  29.279904     0.6612  29.278322     5.0566     5.1118     0.0143    91.4467 2.8165e-02  -64.86068  -64.94836 345.910177      99.98 2.3799e+02   1471.250      35311          5  0.000e+00
    126.882    125.601     0.6591  29.280256     0.6614  29.278093     5.0591     5.1115     0.0143    91.4724 2.8165e-02  -64.86068  -64.94836 345.910177      99.98 2.3799e+02   1471.292      35312          5  0.000e+00
    126.937    125.656     0.6606  29.279435     0.6609  29.278093     5.0529     5.1062     0.0143    91.4467 2.8165e-02  -64.86068  -64.94836 345.910177      99.95 2.3799e+02   1471.333      35313          5  0.000e+00
    126.937    125.656     0.6615  29.278381     0.6604  29.277292     5.0444     5.1056     0.0143    91.4724 2.8165e-02  -64.86068  -64.94836 345.910178      99.98 2.3799e+02   1471.375      35314          5  0.000e+00
    126.882    125.601     0.6610  29.278791     0.6598  29.277006     5.0518     5.1051     0.0143    91.4467 2.8165e-02  -64.86068  -64.94836 345.910178      99.98 2.3799e+02   1471.417      35315          5  0.000e+00
    126.937    125.656     0.6606  29.278088     0.6600  29.277006     5.0451     5.1047     0.0143    91.4724 2.6208e-02  -64.86068  -64.94836 345.910179      99.98 2.3799e+02   1471.458      35316          5  0.000e+00
    126.882    125.601     0.6612  29.278380     0.6606  29.276719     5.0385     5.1044     0.0143    91.4467 2.6208e-02  -64.86068  -64.94836 345.910179      99.95 2.3799e+02   1471.500      35317          5  0.000e+00
    126.882    125.601     0.6615  29.278380     0.6615  29.277005     5.0366     5.1043     0.0143    91.4724 2.6208e-02  -64.86068  -64.94836 345.910180      99.95 2.3799e+02   1471.542      35318          5  0.000e+00
    126.834    125.554     0.5550  29.169942     0.5554  29.170508     5.1356     5.1646     0.0143    91.4724 2.6208e-02  -64.86068  -64.94832 345.910277      99.98 2.3799e+02   1479.917      35519          6  0.000e+00
    126.834    125.554     0.5555  29.169942     0.5556  29.169708     5.1341     5.1698     0.0143    91.4724 2.6208e-02  -64.86068  -64.94832 345.910277      99.98 2.3799e+02   1479.958      35520          6  0.000e+00
    126.841    125.561     0.5555  29.170235     0.5553  29.169651     5.1325     5.1703     0.0143    91.4724 2.6208e-02  -64.86068  -64.94832 345.910278      99.95 2.3799e+02   1480.000      35521          6  0.000e+00
    126.883    125.601     0.5552  29.170469     0.5554  29.169422     5.1379     5.1708     0.0143    91.4724 2.6208e-02  -64.86068  -64.94832 345.910278      99.95 2.3799e+02   1480.042      35522          6  0.000e+00
    126.883    125.601     0.5549  29.170235     0.5553  29.169365     5.1345     5.1704     0.0143    91.4724 2.6208e-02  -64.86068  -64.94832 345.910279      99.98 2.3799e+02   1480.083      35523          6  0.000e+00
    126.883    125.601     0.5547  29.169943     0.5554  29.169708     5.1341     5.1698     0.0143    91.4724 2.6208e-02  -64.86068  -64.94832 345.910279      99.98 2.3799e+02   1480.125      35524          6  0.000e+00
    126.883    125.601     0.5544  29.169416     0.5556  29.169651     5.1393     5.1700     0.0143    91.4724 2.6208e-02  -64.86068  -64.94832 345.910280      99.98 2.3799e+02   1480.167      35525          6  0.000e+00
    126.937    125.656     0.5538  29.169416     0.5551  29.169422     5.1401     5.1703     0.0143    91.4724 2.6208e-02  -64.86068  -64.94832 345.910280      99.98 2.3799e+02   1480.208      35526          6  0.000e+00
    126.883    125.601     0.5536  29.169123     0.5547  29.169136     5.1351     5.1704     0.0143    91.4724 2.6208e-02  -64.86068  -64.94832 345.910281      99.98 2.3799e+02   1480.250      35527          6  0.000e+00
    126.937    125.656     0.5536  29.168831     0.5545  29.169080     5.1457     5.1704     0.0143    91.4724 2.6208e-02  -64.86068  -64.94832 345.910281      99.98 2.3799e+02   1480.292      35528          6  0.000e+00
    126.937    125.656     0.5538  29.168831     0.5545  29.168622     5.1430     5.1704     0.0143    91.4724 2.6208e-02  -64.86068  -64.94832 345.910282      99.93 2.3799e+02   1480.333      35529          6  0.000e+00
    126.937    125.656     0.5541  29.169123     0.5543  29.168279     5.1446     5.1756     0.0143    91.4467 2.6208e-02  -64.86068  -64.94832 345.910282      99.95 2.3799e+02   1480.375      35530          6  0.000e+00
    126.937    125.656     0.5542  29.169241     0.5547  29.168336     5.1462     5.1762     0.0143    91.4467 2.6208e-02  -64.86068  -64.94832 345.910283      99.98 2.3799e+02   1480.417      35531          6  0.000e+00
    126.985    125.703     0.5545  29.169416     0.5551  29.168565     5.1520     5.1766     0.0143    91.4467 2.6208e-02  -64.86068  -64.94832 345.910283      99.98 2.3799e+02   1480.458      35532          6  0.000e+00
    126.985    125.703     0.5545  29.169416     0.5554  29.168908     5.1533     5.1769     0.0143    91.4467 2.6208e-02  -64.86068  -64.94832 345.910284      99.95 2.3799e+02   1480.500      35533          6  0.000e+00
    126.937    125.656     0.5544  29.169943     0.5554  29.168908     5.1545     5.1718     0.0143    91.4467 2.6208e-02  -64.86068  -64.94832 345.910284      99.95 2.3799e+02   1480.542      35534          6  0.000e+00
    126.985    125.703     0.5544  29.169416     0.5554  29.168851     5.1499     5.1766     0.0143    91.4467 2.6208e-02  -64.86068  -64.94832 345.910285      99.95 2.3799e+02   1480.583      35535          6  0.000e+00
    126.937    125.656     0.5544  29.169943     0.5556  29.169137     5.1551     5.1775     0.0216    91.4467 2.4256e-02  -64.86068  -64.94832 345.910285      99.98 2.3799e+02   1480.625      35536          6  0.000e+00
    126.985    125.703     0.5542  29.169943     0.5556  29.169365     5.1559     5.1775     0.0216    91.4467 2.6208e-02  -64.86068  -64.94832 345.910285      99.98 2.3799e+02   1480.667      35537          6  0.000e+00
    126.985    125.703     0.5544  29.169943     0.5554  29.168908     5.1508     5.1784     0.0216    91.4467 2.4256e-02  -64.86068  -64.94832 345.910286      99.98 2.3799e+02   1480.708      35538          6  0.000e+00
    126.985    125.703     0.5545  29.170235     0.5556  29.169080     5.1556     5.1782     0.0216    91.4467 2.6208e-02  -64.86068  -64.94832 345.910286      99.98 2.3799e+02   1480.750      35539          6  0.000e+00
    127.040    125.757     0.5547  29.169943     0.5553  29.168622     5.1573     5.1781     0.0216    91.4467 2.6208e-02  -64.86068  -64.94832 345.910287      99.95 2.3799e+02   1480.792      35540          6  0.000e+00
    126.985    125.703     0.5556  29.170469     0.5559  29.168622     5.1587     5.1784     0.0216    91.4467 2.6208e-02  -64.86068  -64.94832 345.910287      99.95 2.3799e+02   1480.833      35541          6  0.000e+00
    126.985    125.703     0.5561  29.170469     0.5558  29.168851     5.1657     5.1789     0.0216    91.4467 2.4256e-02  -64.86068  -64.94832 345.910288      99.98 2.3799e+02   1480.875      35542          6  0.000e+00
    126.985    125.703     0.5561  29.171289     0.5564  29.168908     5.1669     5.1792     0.0216    91.4467 2.4256e-02  -64.86068  -64.94832 345.910288      99.98 2.3799e+02   1480.917      35543          6  0.000e+00
    126.992    125.710     0.5561  29.171874     0.5573  29.169079     5.1693     5.1794     0.0216    91.4467 2.6208e-02  -64.86068  -64.94832 345.910289      99.98 2.3799e+02   1480.958      35544          6  0.000e+00
    126.985    125.703     0.5558  29.172400     0.5587  29.169994     5.1714     5.1794     0.0216    91.4467 2.4256e-02  -64.86068  -64.94832 345.910289      99.95 2.3799e+02   1481.000      35545          6  0.000e+00
    127.040    125.757     0.5561  29.172108     0.5590  29.170451     5.1735     5.1849     0.0216    91.4467 2.6208e-02  -64.86068  -64.94832 345.910290      99.95 2.3799e+02   1481.042      35546          6  0.000e+00
    126.985    125.703     0.5563  29.172400     0.5594  29.171308     5.1796     5.1803     0.0216    91.4467 2.6208e-02  -64.86068  -64.94832 345.910290      99.98 2.3799e+02   1481.083      35547          6  0.000e+00
    126.985    125.703     0.5566  29.172283     0.5607  29.172966     5.1824     5.1801     0.0216    91.4467 2.6208e-02  -64.86068  -64.94832 345.910291      99.98 2.3799e+02   1481.125      35548          6  0.000e+00
    127.040    125.757     0.5566  29.172108     0.5625  29.174509     5.1795     5.1851     0.0216    91.4467 2.6208e-02  -64.86068  -64.94832 345.910291      99.98 2.3799e+02   1481.167      35549          6  0.000e+00
    126.985    125.703     0.5561  29.171581     0.5653  29.176510     5.1864     5.1853     0.0216    91.4209 2.6208e-02  -64.86068  -64.94832 345.910292      99.98 2.3623e+02   1481.208      35550          6  0.000e+00
    126.937    125.656     0.5558  29.171581     0.5670  29.178567     5.1887     5.1855     0.0216    91.4209 2.6208e-02  -64.86068  -64.94832 345.910292      99.98 2.3799e+02   1481.250      35551          6  0.000e+00
    127.040    125.757     0.5553  29.171289     0.5683  29.180854     5.1853     5.1858     0.0216    91.4209 2.6208e-02  -64.86068  -64.94832 345.910293      99.98 2.3623e+02   1481.292      35552          6  0.000e+00
    126.937    125.656     0.5552  29.171289     0.5697  29.181826     5.1859     5.1858     0.0216    91.4209 2.6208e-02  -64.86068  -64.94832 345.910293      99.95 2.3799e+02   1481.333      35553          6  0.000e+00
    126.985    125.703     0.5553  29.171289     0.5711  29.183312     5.1907     5.1859     0.0216    91.4467 2.6208e-02  -64.86068  -64.94832 345.910294      99.98 2.3623e+02   1481.375      35554          6  0.000e+00
    126.985    125.703     0.5553  29.171581     0.5727  29.183998     5.1978     5.1858     0.0216    91.4467 2.6208e-02  -64.86068  -64.94832 345.910294      99.98 2.3623e+02   1481.417      35555          6  0.000e+00
    126.937    125.656     0.5553  29.171289     0.5739  29.185999     5.1947     5.1917     0.0216    91.4467 2.6208e-02  -64.86068  -64.94832 345.910295      99.98 2.3799e+02   1481.458      35556          6  0.000e+00
    126.985    125.703     0.5555  29.171289     0.5742  29.187486     5.1957     5.1933     0.0216    91.4209 2.6208e-02  -64.86068  -64.94832 345.910295      99.95 2.3623e+02   1481.500      35557          6  0.000e+00
    126.985    125.703     0.5556  29.170762     0.5729  29.188458     5.2008     5.1940     0.0216    91.4467 2.6208e-02  -64.86068  -64.94832 345.910296      99.95 2.3623e+02   1481.542      35558          6  0.000e+00
    126.937    125.656     0.5561  29.170469     0.5719  29.187371     5.2025     5.1947     0.0216    91.4467 2.4256e-02  -64.86068  -64.94832 345.910296      99.98 2.3623e+02   1481.583      35559          6  0.000e+00
    126.937    125.656     0.5564  29.170469     0.5714  29.186399     5.2039     5.1951     0.0216    91.4209 2.6208e-02  -64.86068  -64.94832 345.910297      99.98 2.3623e+02   1481.625      35560          6  0.000e+00
    126.937    125.656     0.5563  29.170762     0.5713  29.185199     5.2052     5.1955     0.0069    91.4467 2.6208e-02  -64.86068  -64.94832 345.910297      99.98 2.3623e+02   1481.667      35561          6  0.000e+00
    126.937    125.656     0.5564  29.171054     0.5708  29.184799     5.2048     5.1956     0.0069    91.4209 2.6208e-02  -64.86068  -64.94832 345.910298      99.98 2.3623e+02   1481.708      35562          6  0.000e+00
