NBP2113_155081_ctd/data/nbp2113_015.ros
* Sea-Bird SBE 9 Data File:
* FileName = D:\Data\raw\NBP2113_015.hex
* Software Version Seasave V 7.26.7.121
* Temperature SN = 2438
* Conductivity SN = 2067
* Number of Bytes Per Scan = 40
* Number of Voltage Words = 5
* Number of Scans Averaged by the Deck Unit = 1
* NMEA Latitude = 66 15.27 S
* NMEA Longitude = 067 20.33 W
* NMEA UTC (Time) = Nov 27 2021  19:51:53
* NMEA baud rate = 9600
** Ship: RVIB N.B. Palmer
** Cruise: NBP2113 LTER
** Station: 500.040
** Operator: S. Blackman
# nquan = 20
# nvalues = 1163                                  
# units = specified
# name 0 = prDM: Pressure, Digiquartz [db]
# name 1 = depSM: Depth [salt water, m]
# name 2 = t090C: Temperature [ITS-90, deg C]
# name 3 = c0mS/cm: Conductivity [mS/cm]
# name 4 = t190C: Temperature, 2 [ITS-90, deg C]
# name 5 = c1mS/cm: Conductivity, 2 [mS/cm]
# name 6 = sbeox0ML/L: Oxygen, SBE 43 [ml/l]
# name 7 = sbeox1ML/L: Oxygen, SBE 43, 2 [ml/l]
# name 8 = flECO-AFL: Fluorescence, WET Labs ECO-AFL/FL [mg/m^3]
# name 9 = CStarTr0: Beam Transmission, WET Labs C-Star [%]
# name 10 = par: PAR/Irradiance, Biospherical/Licor
# name 11 = latitude: Latitude [deg]
# name 12 = longitude: Longitude [deg]
# name 13 = timeJ: Julian Days
# name 14 = altM: Altimeter [m]
# name 15 = spar: SPAR, Biospherical/Licor
# name 16 = timeS: Time, Elapsed [seconds]
# name 17 = scan: Scan Count
# name 18 = nbf: Bottles Fired
# name 19 = flag:  0.000e+00
# interval = seconds: 0.0416667
# start_time = Nov 27 2021 19:51:53 [NMEA time, header]
# bad_flag = -9.990e-29
*END*
[from data line 797]
     36.263     35.901    -1.1040  27.157689    -1.1033  27.156537     8.2229     8.2729     1.5234    89.4639 6.2062e+00  -66.25448  -67.33838 331.843216      99.98 3.7549e+02   1340.833      32181         17  0.000e+00
     36.263     35.901    -1.1042  27.157575    -1.1035  27.156425     8.2176     8.2730     1.4941    89.4639 6.2255e+00  -66.25448  -67.33838 331.843216      99.98 3.7549e+02   1340.875      32182         17  0.000e+00
     36.208     35.847    -1.1043  27.157517    -1.1034  27.156258     8.2152     8.2731     1.4135    89.4639 6.2255e+00  -66.25448  -67.33838 331.843217      99.95 3.7549e+02   1340.917      32183         17  0.000e+00
     36.174     35.813    -1.1040  27.157688    -1.1033  27.156648     8.2066     8.2731     1.3842    89.4639 6.2255e+00  -66.25448  -67.33838 331.843217      99.95 3.7549e+02   1340.958      32184         17  0.000e+00
     36.160     35.799    -1.1042  27.157745    -1.1034  27.156648     8.2100     8.2732     1.3842    89.4639 6.2255e+00  -66.25448  -67.33838 331.843218      99.98 3.7549e+02   1341.000      32185         17  0.000e+00
     36.160     35.799    -1.1039  27.157916    -1.1036  27.156536     8.2086     8.2734     1.3915    89.4639 6.2449e+00  -66.25448  -67.33838 331.843218      99.98 3.7549e+02   1341.042      32186         17  0.000e+00
     36.160     35.799    -1.1039  27.157859    -1.1031  27.156147     8.2072     8.2734     1.3915    89.4639 6.2449e+00  -66.25448  -67.33838 331.843219      99.95 3.7549e+02   1341.083      32187         17  0.000e+00
     36.105     35.745    -1.1039  27.157346    -1.1034  27.156480     8.1996     8.2735     1.3915    89.4639 6.2449e+00  -66.25448  -67.33838 331.843219      99.93 3.7549e+02   1341.125      32188         17  0.000e+00
     36.057     35.698    -1.1039  27.157232    -1.1031  27.156536     8.1995     8.2735     1.3915    89.4639 6.2644e+00  -66.25448  -67.33838 331.843220      99.95 3.7549e+02   1341.167      32189         17  0.000e+00
     36.057     35.698    -1.1036  27.157574    -1.1034  27.156425     8.2054     8.2737     1.3915    89.4639 6.2644e+00  -66.25448  -67.33838 331.843220      99.98 3.7549e+02   1341.208      32190         17  0.000e+00
     36.057     35.698    -1.1033  27.157802    -1.1036  27.156258     8.2008     8.2738     1.3915    89.4639 6.2644e+00  -66.25448  -67.33838 331.843220      99.98 3.7549e+02   1341.250      32191         17  0.000e+00
     36.009     35.650    -1.1031  27.157973    -1.1038  27.156258     8.1992     8.2739     1.3915    89.4639 6.2839e+00  -66.25448  -67.33838 331.843221      99.98 3.7549e+02   1341.292      32192         17  0.000e+00
     35.955     35.596    -1.1029  27.157802    -1.1037  27.156536     8.2052     8.2739     1.3915    89.4639 6.2839e+00  -66.25448  -67.33838 331.843221      99.98 3.7549e+02   1341.333      32193         17  0.000e+00
     36.009     35.650    -1.1026  27.157802    -1.1034  27.156146     8.2022     8.2741     1.3915    89.4639 6.3035e+00  -66.25448  -67.33838 331.843222      99.98 3.7549e+02   1341.375      32194         17  0.000e+00
     35.907     35.549    -1.1026  27.157972    -1.1034  27.156313     8.2157     8.2741     1.3915    89.4382 6.3231e+00  -66.25448  -67.33838 331.843222      99.95 3.7549e+02   1341.417      32195         17  0.000e+00
     35.907     35.549    -1.1028  27.157801    -1.1031  27.156480     8.2128     8.2741     1.3915    89.4382 6.3231e+00  -66.25448  -67.33838 331.843223      99.95 3.7549e+02   1341.458      32196         17  0.000e+00
     35.907     35.549    -1.1031  27.157574    -1.1033  27.156536     8.2085     8.2743     1.3915    89.4124 6.3231e+00  -66.25448  -67.33838 331.843223      99.98 3.7549e+02   1341.500      32197         17  0.000e+00
     35.818     35.460    -1.1031  27.157516    -1.1034  27.156424     8.2086     8.2743     1.3915    89.4124 6.3428e+00  -66.25448  -67.33838 331.843224      99.98 3.7549e+02   1341.542      32198         17  0.000e+00
     35.804     35.447    -1.1033  27.157516    -1.1033  27.156480     8.2194     8.2744     1.3915    89.4382 6.3428e+00  -66.25448  -67.33838 331.843224      99.95 3.7549e+02   1341.583      32199         17  0.000e+00
     35.804     35.447    -1.1036  27.157687    -1.1031  27.156702     8.2150     8.2744     1.3915    89.4124 6.3625e+00  -66.25448  -67.33838 331.843225      99.93 3.7549e+02   1341.625      32200         17  0.000e+00
     35.749     35.393    -1.1036  27.157744    -1.1027  27.156869     8.2210     8.2744     1.3915    89.4382 6.3625e+00  -66.25448  -67.33838 331.843225      99.95 3.7549e+02   1341.667      32201         17  0.000e+00
     35.749     35.393    -1.1029  27.157573    -1.1030  27.156591     8.2282     8.2746     1.3915    89.4124 6.3823e+00  -66.25448  -67.33838 331.843226      99.98 3.7549e+02   1341.708      32202         17  0.000e+00
     35.701     35.345    -1.1029  27.157687    -1.1034  27.156201     8.2322     8.2748     1.3915    89.4124 6.4022e+00  -66.25448  -67.33838 331.843226      99.98 3.7549e+02   1341.750      32203         17  0.000e+00
     35.654     35.298    -1.1029  27.157573    -1.1033  27.156424     8.2421     8.2748     1.3915    89.4124 6.4221e+00  -66.25446  -67.33838 331.843227      99.98 3.7549e+02   1341.792      32204         17  0.000e+00
     35.599     35.244    -1.1036  27.157288    -1.1034  27.156145     8.2414     8.2749     1.3915    89.4382 6.4221e+00  -66.25446  -67.33838 331.843227      99.98 3.7549e+02   1341.833      32205         17  0.000e+00
     35.599     35.244    -1.1034  27.157288    -1.1037  27.156312     8.2451     8.2750     1.3915    89.4382 6.4421e+00  -66.25446  -67.33838 331.843228      99.98 3.7549e+02   1341.875      32206         17  0.000e+00
     35.551     35.196    -1.1037  27.157003    -1.1034  27.156089     8.2456     8.2807     1.3915    89.4382 6.4421e+00  -66.25446  -67.33838 331.843228      99.95 3.7549e+02   1341.917      32207         17  0.000e+00
     35.551     35.196    -1.1039  27.156946    -1.1037  27.156089     8.2508     8.2761     1.3915    89.4124 6.4621e+00  -66.25446  -67.33838 331.843229      99.95 3.7549e+02   1341.958      32208         17  0.000e+00
     35.496     35.142    -1.1037  27.157231    -1.1036  27.156201     8.2484     8.2761     1.3769    89.4382 6.4822e+00  -66.25446  -67.33838 331.843229      99.98 3.7549e+02   1342.000      32209         17  0.000e+00
     35.448     35.095    -1.1040  27.157003    -1.1042  27.155867     8.2434     8.2763     1.3769    89.4124 6.4822e+00  -66.25446  -67.33838 331.843230      99.98 3.7549e+02   1342.042      32210         17  0.000e+00
     35.400     35.047    -1.1042  27.156774    -1.1042  27.155811     8.2414     8.2763     1.3769    89.4382 6.5023e+00  -66.25446  -67.33838 331.843230      99.98 3.7549e+02   1342.083      32211         17  0.000e+00
     35.400     35.047    -1.1043  27.156888    -1.1042  27.155755     8.2335     8.2820     1.3696    89.4382 6.5225e+00  -66.25446  -67.33838 331.843231      99.93 3.7549e+02   1342.125      32212         17  0.000e+00
     35.298     34.946    -1.1042  27.157002    -1.1042  27.155755     8.2360     8.2772     1.3769    89.4124 6.5427e+00  -66.25446  -67.33838 331.843231      99.95 3.7549e+02   1342.167      32213         17  0.000e+00
     35.311     34.959    -1.1042  27.156945    -1.1043  27.155811     8.2327     8.2773     1.3769    89.4382 6.5630e+00  -66.25446  -67.33838 331.843232      99.98 3.7549e+02   1342.208      32214         17  0.000e+00
     35.243     34.891    -1.1040  27.156774    -1.1043  27.155755     8.2351     8.2772     1.3769    89.4382 6.5630e+00  -66.25446  -67.33838 331.843232      99.98 3.7549e+02   1342.250      32215         17  0.000e+00
     35.243     34.892    -1.1042  27.157059    -1.1042  27.155810     8.2345     8.2772     1.3769    89.4639 6.5834e+00  -66.25446  -67.33838 331.843233      99.98 3.7549e+02   1342.292      32216         17  0.000e+00
     36.163     35.802    -1.1037  27.157517    -1.1039  27.156369     8.2386     8.2852     1.5234    89.4124 6.2255e+00  -66.25448  -67.33834 331.843327      99.95 3.7726e+02   1350.417      32411         18  0.000e+00
     36.108     35.748    -1.1040  27.157289    -1.1039  27.156425     8.2431     8.2851     1.5234    89.4382 6.2449e+00  -66.25448  -67.33834 331.843327      99.95 3.7726e+02   1350.458      32412         18  0.000e+00
     36.163     35.802    -1.1039  27.157403    -1.1039  27.156258     8.2401     8.2851     1.5234    89.4124 6.2449e+00  -66.25448  -67.33834 331.843328      99.98 3.7726e+02   1350.500      32413         18  0.000e+00
     36.108     35.748    -1.1039  27.157688    -1.1039  27.156147     8.2386     8.2851     1.5234    89.4124 6.2449e+00  -66.25448  -67.33834 331.843328      99.98 3.7726e+02   1350.542      32414         18  0.000e+00
     36.163     35.802    -1.1040  27.157403    -1.1039  27.156425     8.2312     8.2851     1.5234    89.4382 6.2644e+00  -66.25448  -67.33834 331.843329      99.98 3.7726e+02   1350.583      32415         18  0.000e+00
     36.108     35.748    -1.1039  27.157460    -1.1041  27.156147     8.2281     8.2850     1.5234    89.4124 6.2644e+00  -66.25448  -67.33834 331.843329      99.93 3.7726e+02   1350.625      32416         18  0.000e+00
     36.211     35.850    -1.1039  27.157517    -1.1042  27.156314     8.2311     8.2851     1.5307    89.4382 6.2839e+00  -66.25448  -67.33834 331.843329      99.95 3.7726e+02   1350.667      32417         18  0.000e+00
     36.074     35.714    -1.1037  27.157517    -1.1039  27.156480     8.2306     8.2848     1.5234    89.4382 6.2839e+00  -66.25448  -67.33834 331.843330      99.98 3.7726e+02   1350.708      32418         18  0.000e+00
     36.163     35.802    -1.1037  27.157517    -1.1040  27.156314     8.2303     8.2849     1.5088    89.4639 6.2839e+00  -66.25448  -67.33834 331.843330      99.98 3.7726e+02   1350.750      32419         18  0.000e+00
     36.163     35.802    -1.1036  27.157688    -1.1038  27.156369     8.2433     8.2849     1.4795    89.4639 6.2839e+00  -66.25448  -67.33836 331.843331      99.98 3.7726e+02   1350.792      32420         18  0.000e+00
     36.108     35.748    -1.1034  27.157745    -1.1039  27.156703     8.2396     8.2847     1.4721    89.4897 6.3035e+00  -66.25448  -67.33836 331.843331      99.98 3.7726e+02   1350.833      32421         18  0.000e+00
     36.163     35.802    -1.1037  27.157574    -1.1042  27.156314     8.2390     8.2849     1.4721    89.4639 6.3035e+00  -66.25448  -67.33836 331.843332      99.98 3.7726e+02   1350.875      32422         18  0.000e+00
     36.163     35.802    -1.1036  27.157517    -1.1039  27.156425     8.2321     8.2848     1.4721    89.4639 6.3035e+00  -66.25448  -67.33836 331.843332      99.95 3.7726e+02   1350.917      32423         18  0.000e+00
     36.108     35.748    -1.1036  27.157688    -1.1038  27.156536     8.2296     8.2846     1.4795    89.4897 6.3231e+00  -66.25448  -67.33836 331.843333      99.95 3.7726e+02   1350.958      32424         18  0.000e+00
     36.163     35.802    -1.1037  27.157745    -1.1037  27.156592     8.2451     8.2846     1.4795    89.4639 6.3231e+00  -66.25448  -67.33836 331.843333      99.98 3.7726e+02   1351.000      32425         18  0.000e+00
     36.108     35.748    -1.1036  27.157574    -1.1038  27.156536     8.2419     8.2845     1.4795    89.4639 6.3231e+00  -66.25448  -67.33836 331.843334      99.98 3.7726e+02   1351.042      32426         18  0.000e+00
     36.108     35.748    -1.1034  27.157289    -1.1039  27.156536     8.2357     8.2845     1.4721    89.4639 6.3428e+00  -66.25448  -67.33836 331.843334      99.95 3.7726e+02   1351.083      32427         18  0.000e+00
     36.108     35.748    -1.1034  27.157403    -1.1036  27.156592     8.2295     8.2844     1.4795    89.4639 6.3428e+00  -66.25448  -67.33836 331.843335      99.93 3.7726e+02   1351.125      32428         18  0.000e+00
     36.108     35.748    -1.1036  27.157688    -1.1036  27.156314     8.2337     8.2844     1.4721    89.4639 6.3428e+00  -66.25448  -67.33836 331.843335      99.95 3.7726e+02   1351.167      32429         18  0.000e+00
     36.108     35.748    -1.1036  27.157574    -1.1039  27.156147     8.2272     8.2845     1.4721    89.4639 6.3428e+00  -66.25448  -67.33836 331.843336      99.98 3.7726e+02   1351.208      32430         18  0.000e+00
     36.108     35.748    -1.1037  27.157517    -1.1036  27.156647     8.2238     8.2787     1.4795    89.4639 6.3625e+00  -66.25448  -67.33836 331.843336      99.98 3.7726e+02   1351.250      32431         18  0.000e+00
     36.074     35.714    -1.1036  27.157517    -1.1037  27.156369     8.2083     8.2834     1.4795    89.4639 6.3625e+00  -66.25448  -67.33836 331.843337      99.98 3.7726e+02   1351.292      32432         18  0.000e+00
     36.109     35.748    -1.1037  27.157688    -1.1038  27.156536     8.2109     8.2835     1.4721    89.4639 6.3823e+00  -66.25448  -67.33836 331.843337      99.98 3.7726e+02   1351.333      32433         18  0.000e+00
     36.061     35.701    -1.1036  27.157574    -1.1034  27.156536     8.2163     8.2833     1.4721    89.4639 6.4022e+00  -66.25448  -67.33836 331.843338      99.98 3.7726e+02   1351.375      32434         18  0.000e+00
     36.109     35.748    -1.1037  27.157688    -1.1037  27.156425     8.2248     8.2834     1.4795    89.4639 6.4022e+00  -66.25448  -67.33836 331.843338      99.95 3.7726e+02   1351.417      32435         18  0.000e+00
     36.061     35.701    -1.1034  27.157574    -1.1038  27.156258     8.2272     8.2834     1.4795    89.4639 6.4221e+00  -66.25448  -67.33836 331.843339      99.95 3.7726e+02   1351.458      32436         18  0.000e+00
     36.013     35.653    -1.1034  27.157517    -1.1039  27.156091     8.2296     8.2778     1.4721    89.4639 6.4221e+00  -66.25448  -67.33836 331.843339      99.98 3.7726e+02   1351.500      32437         18  0.000e+00
     36.061     35.701    -1.1036  27.157688    -1.1038  27.156480     8.2382     8.2769     1.4795    89.4382 6.4221e+00  -66.25448  -67.33836 331.843340      99.98 3.7726e+02   1351.542      32438         18  0.000e+00
     36.061     35.701    -1.1036  27.157346    -1.1036  27.156313     8.2331     8.2817     1.4795    89.4382 6.4421e+00  -66.25448  -67.33836 331.843340      99.95 3.7726e+02   1351.583      32439         18  0.000e+00
     36.013     35.654    -1.1036  27.157403    -1.1039  27.156091     8.2324     8.2818     1.4795    89.4382 6.4421e+00  -66.25448  -67.33836 331.843341      99.95 3.7726e+02   1351.625      32440         18  0.000e+00
     36.013     35.654    -1.1037  27.157745    -1.1039  27.156091     8.2257     8.2818     1.4795    89.4382 6.4621e+00  -66.25448  -67.33836 331.843341      99.95 3.7726e+02   1351.667      32441         18  0.000e+00
     36.013     35.654    -1.1034  27.157745    -1.1037  27.156202     8.2248     8.2819     1.4721    89.4382 6.4822e+00  -66.25448  -67.33836 331.843342      99.98 3.7549e+02   1351.708      32442         18  0.000e+00
     36.013     35.654    -1.1036  27.157346    -1.1039  27.156146     8.2256     8.2820     1.4721    89.4382 6.4822e+00  -66.25448  -67.33836 331.843342      99.98 3.7549e+02   1351.750      32443         18  0.000e+00
     35.958     35.599    -1.1037  27.157802    -1.1038  27.156202     8.2263     8.2820     1.4795    89.4382 6.5023e+00  -66.25448  -67.33838 331.843342      99.98 3.7726e+02   1351.792      32444         18  0.000e+00
     35.979     35.620    -1.1036  27.157688    -1.1040  27.156425     8.2316     8.2765     1.4648    89.4124 6.5023e+00  -66.25448  -67.33838 331.843343      99.98 3.7549e+02   1351.833      32445         18  0.000e+00
