NBP2113_155081_ctd/data/nbp2113_013.ros
* Sea-Bird SBE 9 Data File:
* FileName = D:\Data\raw\NBP2113_013.hex
* Software Version Seasave V 7.26.7.121
* Temperature SN = 2438
* Conductivity SN = 2067
* Number of Bytes Per Scan = 40
* Number of Voltage Words = 5
* Number of Scans Averaged by the Deck Unit = 1
* NMEA Latitude = 65 13.99 S
* NMEA Longitude = 066 46.43 W
* NMEA UTC (Time) = Nov 27 2021  04:09:52
* NMEA baud rate = 9600
** Ship: RVIB N.B. Palmer
** Cruise: NBP2113 LTER
** Station: 500.100
** Operator: B. Urmston
# nquan = 20
# nvalues = 1142                                  
# units = specified
# name 0 = prDM: Pressure, Digiquartz [db]
# name 1 = depSM: Depth [salt water, m]
# name 2 = t090C: Temperature [ITS-90, deg C]
# name 3 = c0mS/cm: Conductivity [mS/cm]
# name 4 = t190C: Temperature, 2 [ITS-90, deg C]
# name 5 = c1mS/cm: Conductivity, 2 [mS/cm]
# name 6 = sbeox0ML/L: Oxygen, SBE 43 [ml/l]
# name 7 = sbeox1ML/L: Oxygen, SBE 43, 2 [ml/l]
# name 8 = flECO-AFL: Fluorescence, WET Labs ECO-AFL/FL [mg/m^3]
# name 9 = CStarTr0: Beam Transmission, WET Labs C-Star [%]
# name 10 = par: PAR/Irradiance, Biospherical/Licor
# name 11 = latitude: Latitude [deg]
# name 12 = longitude: Longitude [deg]
# name 13 = timeJ: Julian Days
# name 14 = altM: Altimeter [m]
# name 15 = spar: SPAR, Biospherical/Licor
# name 16 = timeS: Time, Elapsed [seconds]
# name 17 = scan: Scan Count
# name 18 = nbf: Bottles Fired
# name 19 = flag:  0.000e+00
# interval = seconds: 0.0416667
# start_time = Nov 27 2021 04:09:52 [NMEA time, header]
# bad_flag = -9.990e-29
*END*
[from data line 218]
    303.301    300.102     1.5286  30.262248     1.5283  30.261056     4.1470     4.1253    -0.0004    97.7038 1.0000e-12  -65.23312  -66.77558 331.189368     100.00 0.0000e+00   1369.375      32866          5  0.000e+00
    303.328    300.130     1.5285  30.262248     1.5282  30.261346     4.1473     4.1252    -0.0077    97.7038 1.0000e-12  -65.23312  -66.77558 331.189368      99.98 0.0000e+00   1369.417      32867          5  0.000e+00
    303.328    300.130     1.5285  30.262248     1.5284  30.261404     4.1488     4.1250    -0.0077    97.7296 1.0000e-12  -65.23312  -66.77558 331.189369      99.98 0.0000e+00   1369.458      32868          5  0.000e+00
    303.356    300.157     1.5288  30.262248     1.5283  30.261404     4.1490     4.1248    -0.0077    97.7296 1.0000e-12  -65.23312  -66.77558 331.189369      99.98 0.0000e+00   1369.500      32869          5  0.000e+00
    303.377    300.177     1.5285  30.262426     1.5284  30.261230     4.1505     4.1192    -0.0077    97.7296 1.0000e-12  -65.23312  -66.77558 331.189370     100.00 0.0000e+00   1369.542      32870          5  0.000e+00
    303.356    300.157     1.5289  30.262901     1.5285  30.261346     4.1519     4.1190    -0.0077    97.7038 1.0000e-12  -65.23312  -66.77558 331.189370      99.98 0.0000e+00   1369.583      32871          5  0.000e+00
    303.425    300.225     1.5289  30.262663     1.5285  30.261404     4.1465     4.1179    -0.0077    97.7296 1.0000e-12  -65.23312  -66.77558 331.189371      99.95 0.0000e+00   1369.625      32872          5  0.000e+00
    303.377    300.177     1.5286  30.262901     1.5285  30.261172     4.1454     4.1230    -0.0077    97.7296 1.0000e-12  -65.23312  -66.77558 331.189371      99.98 0.0000e+00   1369.667      32873          5  0.000e+00
    303.459    300.259     1.5286  30.262842     1.5286  30.261752     4.1387     4.1228    -0.0077    97.7038 1.0000e-12  -65.23312  -66.77558 331.189372      99.98 0.0000e+00   1369.708      32874          5  0.000e+00
    303.480    300.279     1.5288  30.262604     1.5286  30.261752     4.1433     4.1225    -0.0077    97.7296 1.0000e-12  -65.23312  -66.77558 331.189372     100.00 0.0000e+00   1369.750      32875          5  0.000e+00
    303.459    300.259     1.5286  30.262545     1.5286  30.261868     4.1423     4.1231    -0.0077    97.7296 1.0000e-12  -65.23312  -66.77556 331.189373      99.98 0.0000e+00   1369.792      32876          5  0.000e+00
    303.480    300.280     1.5288  30.262545     1.5291  30.261984     4.1414     4.1236    -0.0077    97.7296 1.0000e-12  -65.23312  -66.77556 331.189373      99.98 0.0000e+00   1369.833      32877          5  0.000e+00
    303.507    300.307     1.5288  30.262545     1.5288  30.261984     4.1404     4.1241    -0.0077    97.7296 1.0000e-12  -65.23312  -66.77556 331.189374      99.98 0.0000e+00   1369.875      32878          5  0.000e+00
    303.528    300.327     1.5289  30.262723     1.5288  30.262158     4.1394     4.1238    -0.0077    97.7038 1.0000e-12  -65.23312  -66.77556 331.189374      99.95 0.0000e+00   1369.917      32879          5  0.000e+00
    303.583    300.382     1.5288  30.262961     1.5291  30.262216     4.1440     4.1182    -0.0077    97.7296 1.0000e-12  -65.23312  -66.77556 331.189375      99.98 0.0000e+00   1369.958      32880          5  0.000e+00
    303.611    300.409     1.5289  30.262545     1.5288  30.262042     4.1386     4.1224    -0.0077    97.7296 1.0000e-12  -65.23312  -66.77556 331.189375      99.98 0.0000e+00   1370.000      32881          5  0.000e+00
    303.583    300.382     1.5288  30.262664     1.5290  30.262390     4.1432     4.1167    -0.0077    97.7038 1.0000e-12  -65.23312  -66.77556 331.189375      99.98 0.0000e+00   1370.042      32882          5  0.000e+00
    303.659    300.457     1.5291  30.262783     1.5289  30.262274     4.1364     4.1209    -0.0077    97.7296 1.0000e-12  -65.23312  -66.77556 331.189376      99.98 0.0000e+00   1370.083      32883          5  0.000e+00
    303.631    300.429     1.5286  30.262783     1.5290  30.262216     4.1353     4.1205    -0.0077    97.7038 1.0000e-12  -65.23312  -66.77556 331.189376      99.95 0.0000e+00   1370.125      32884          5  0.000e+00
    303.687    300.484     1.5289  30.262783     1.5291  30.262216     4.1411     4.1156    -0.0077    97.7038 1.0000e-12  -65.23312  -66.77556 331.189377      99.98 0.0000e+00   1370.167      32885          5  0.000e+00
    303.714    300.511     1.5288  30.262783     1.5291  30.262217     4.1356     4.1152    -0.0004    97.7038 1.0000e-12  -65.23312  -66.77556 331.189377     100.00 0.0000e+00   1370.208      32886          5  0.000e+00
    303.735    300.531     1.5289  30.262605     1.5291  30.262217     4.1345     4.1202    -0.0077    97.7038 1.0000e-12  -65.23312  -66.77556 331.189378      99.98 0.0000e+00   1370.250      32887          5  0.000e+00
    303.762    300.559     1.5288  30.262546     1.5291  30.262449     4.1346     4.1207    -0.0004    97.7038 1.0000e-12  -65.23312  -66.77556 331.189378     100.00 0.0000e+00   1370.292      32888          5  0.000e+00
    303.790    300.586     1.5289  30.262724     1.5292  30.262507     4.1349     4.1212    -0.0004    97.7038 1.0000e-12  -65.23312  -66.77556 331.189379      99.98 0.0000e+00   1370.333      32889          5  0.000e+00
    303.790    300.586     1.5286  30.262605     1.5291  30.262101     4.1351     4.1217    -0.0004    97.7038 1.0000e-12  -65.23312  -66.77556 331.189379      99.98 0.0000e+00   1370.375      32890          5  0.000e+00
    303.921    300.715     1.5288  30.262546     1.5289  30.262333     4.1411     4.1214     0.0069    97.7038 1.0000e-12  -65.23312  -66.77556 331.189380      99.98 0.0000e+00   1370.417      32891          5  0.000e+00
    303.886    300.681     1.5286  30.262724     1.5290  30.262681     4.1414     4.1218    -0.0004    97.7038 1.0000e-12  -65.23312  -66.77556 331.189380      99.95 0.0000e+00   1370.458      32892          5  0.000e+00
    304.657    301.444     1.5288  30.263379     1.5291  30.262277     4.1454     4.1212    -0.0077    97.7296 1.0000e-12  -65.23312  -66.77556 331.189394      99.95 0.0000e+00   1371.625      32920          6  0.000e+00
    304.685    301.471     1.5289  30.263379     1.5290  30.262625     4.1505     4.1207    -0.0077    97.7038 1.0000e-12  -65.23312  -66.77556 331.189394      99.98 0.0000e+00   1371.667      32921          6  0.000e+00
    304.712    301.498     1.5289  30.263379     1.5290  30.262973     4.1455     4.1211    -0.0077    97.7296 1.0000e-12  -65.23312  -66.77556 331.189395     100.00 0.0000e+00   1371.708      32922          6  0.000e+00
    304.740    301.525     1.5288  30.263142     1.5292  30.263089     4.1436     4.1214    -0.0077    97.7296 1.0000e-12  -65.23312  -66.77556 331.189395      99.98 0.0000e+00   1371.750      32923          6  0.000e+00
    304.761    301.546     1.5286  30.263261     1.5291  30.262857     4.1430     4.1165    -0.0077    97.7296 1.0000e-12  -65.23312  -66.77556 331.189396      99.98 0.0000e+00   1371.792      32924          6  0.000e+00
    304.843    301.627     1.5288  30.263142     1.5291  30.262973     4.1423     4.1161    -0.0077    97.7038 1.0000e-12  -65.23312  -66.77556 331.189396      99.98 0.0000e+00   1371.833      32925          6  0.000e+00
    304.761    301.546     1.5286  30.263083     1.5292  30.263089     4.1472     4.1209    -0.0077    97.7296 1.0000e-12  -65.23312  -66.77556 331.189397     100.00 0.0000e+00   1371.875      32926          6  0.000e+00
    304.809    301.594     1.5286  30.263261     1.5291  30.263263     4.1421     4.1161    -0.0077    97.7296 1.0000e-12  -65.23312  -66.77556 331.189397      99.98 0.0000e+00   1371.917      32927          6  0.000e+00
    304.843    301.628     1.5285  30.263202     1.5291  30.263147     4.1414     4.1210    -0.0077    97.7296 1.0000e-12  -65.23312  -66.77556 331.189398      99.98 0.0000e+00   1371.958      32928          6  0.000e+00
    304.864    301.648     1.5288  30.263558     1.5294  30.263437     4.1420     4.1206    -0.0077    97.7296 1.0000e-12  -65.23312  -66.77556 331.189398      99.98 0.0000e+00   1372.000      32929          6  0.000e+00
    304.892    301.675     1.5286  30.263439     1.5293  30.262973     4.1413     4.1210    -0.0077    97.7296 1.0000e-12  -65.23312  -66.77556 331.189399      99.98 0.0000e+00   1372.042      32930          6  0.000e+00
    304.864    301.648     1.5288  30.263380     1.5294  30.262973     4.1419     4.1206    -0.0004    97.7296 1.0000e-12  -65.23312  -66.77556 331.189399      99.98 0.0000e+00   1372.083      32931          6  0.000e+00
    304.892    301.675     1.5286  30.263558     1.5290  30.262858     4.1413     4.1157    -0.0077    97.7296 1.0000e-12  -65.23312  -66.77556 331.189400      99.95 0.0000e+00   1372.125      32932          6  0.000e+00
    304.967    301.750     1.5289  30.263677     1.5293  30.262800     4.1351     4.1153    -0.0077    97.7296 1.0000e-12  -65.23312  -66.77556 331.189400      99.95 0.0000e+00   1372.167      32933          6  0.000e+00
    304.940    301.723     1.5288  30.263439     1.5291  30.262974     4.1346     4.1141    -0.0077    97.7296 1.0000e-12  -65.23312  -66.77556 331.189401      99.98 0.0000e+00   1372.208      32934          6  0.000e+00
    304.912    301.696     1.5288  30.263558     1.5291  30.263089     4.1385     4.1129    -0.0004    97.7038 1.0000e-12  -65.23312  -66.77556 331.189401      99.98 0.0000e+00   1372.250      32935          6  0.000e+00
    304.967    301.750     1.5289  30.263677     1.5291  30.263090     4.1380     4.1178    -0.0077    97.7296 1.0000e-12  -65.23312  -66.77556 331.189402      99.98 0.0000e+00   1372.292      32936          6  0.000e+00
    304.995    301.777     1.5288  30.263677     1.5287  30.262626     4.1376     4.1183    -0.0077    97.7296 1.0000e-12  -65.23312  -66.77556 331.189402      99.98 0.0000e+00   1372.333      32937          6  0.000e+00
    305.016    301.798     1.5288  30.263439     1.5288  30.262684     4.1371     4.1188    -0.0077    97.7296 1.0000e-12  -65.23312  -66.77556 331.189402     100.00 0.0000e+00   1372.375      32938          6  0.000e+00
    304.995    301.777     1.5286  30.263380     1.5288  30.262568     4.1422     4.1192    -0.0004    97.7296 1.0000e-12  -65.23312  -66.77556 331.189403      99.98 0.0000e+00   1372.417      32939          6  0.000e+00
    305.016    301.798     1.5289  30.263558     1.5289  30.262684     4.1387     4.1196    -0.0077    97.7296 1.0000e-12  -65.23312  -66.77556 331.189403      99.98 0.0000e+00   1372.458      32940          6  0.000e+00
    304.995    301.777     1.5286  30.263202     1.5290  30.262568     4.1395     4.1200    -0.0077    97.7296 1.0000e-12  -65.23312  -66.77556 331.189404      99.98 0.0000e+00   1372.500      32941          6  0.000e+00
    305.071    301.852     1.5286  30.263262     1.5286  30.262336     4.1335     4.1206    -0.0150    97.7296 1.0000e-12  -65.23312  -66.77556 331.189404     100.00 0.0000e+00   1372.542      32942          6  0.000e+00
    305.043    301.825     1.5285  30.263380     1.5286  30.262220     4.1332     4.1210    -0.0150    97.7296 1.0000e-12  -65.23312  -66.77556 331.189405      99.98 0.0000e+00   1372.583      32943          6  0.000e+00
    305.071    301.852     1.5286  30.263143     1.5288  30.262452     4.1429     4.1214    -0.0150    97.7296 1.0000e-12  -65.23312  -66.77556 331.189405      99.95 0.0000e+00   1372.625      32944          6  0.000e+00
    305.071    301.852     1.5286  30.262846     1.5286  30.262510     4.1383     4.1219    -0.0150    97.7296 1.0000e-12  -65.23312  -66.77556 331.189406      99.98 0.0000e+00   1372.667      32945          6  0.000e+00
    305.043    301.825     1.5285  30.263440     1.5286  30.262916     4.1323     4.1223    -0.0150    97.7296 1.0000e-12  -65.23312  -66.77556 331.189406      99.98 0.0000e+00   1372.708      32946          6  0.000e+00
    305.119    301.900     1.5286  30.263440     1.5291  30.262626     4.1308     4.1227    -0.0150    97.7038 1.0000e-12  -65.23312  -66.77556 331.189407      99.98 0.0000e+00   1372.750      32947          6  0.000e+00
    305.098    301.880     1.5286  30.263143     1.5286  30.262684     4.1307     4.1232    -0.0150    97.7038 1.0000e-12  -65.23312  -66.77556 331.189407      99.98 0.0000e+00   1372.792      32948          6  0.000e+00
    305.119    301.900     1.5283  30.263262     1.5287  30.262568     4.1406     4.1183    -0.0150    97.7038 1.0000e-12  -65.23312  -66.77556 331.189408     100.00 0.0000e+00   1372.833      32949          6  0.000e+00
    305.098    301.880     1.5286  30.263558     1.5288  30.262510     4.1360     4.1171    -0.0150    97.7038 1.0000e-12  -65.23312  -66.77556 331.189408      99.98 0.0000e+00   1372.875      32950          6  0.000e+00
    305.119    301.900     1.5283  30.262965     1.5288  30.262510     4.1346     4.1213    -0.0150    97.7038 1.0000e-12  -65.23312  -66.77556 331.189409      99.98 0.0000e+00   1372.917      32951          6  0.000e+00
    305.147    301.927     1.5285  30.263321     1.5287  30.262337     4.1344     4.1217    -0.0150    97.7038 1.0000e-12  -65.23312  -66.77556 331.189409      99.95 0.0000e+00   1372.958      32952          6  0.000e+00
    305.119    301.900     1.5285  30.263380     1.5286  30.262453     4.1342     4.1222    -0.0150    97.7038 1.0000e-12  -65.23312  -66.77556 331.189410      99.98 0.0000e+00   1373.000      32953          6  0.000e+00
    305.147    301.927     1.5286  30.263380     1.5287  30.262337     4.1339     4.1173    -0.0150    97.7038 1.0000e-12  -65.23312  -66.77556 331.189410      99.98 0.0000e+00   1373.042      32954          6  0.000e+00
    305.174    301.955     1.5286  30.263381     1.5288  30.262221     4.1338     4.1162    -0.0150    97.7038 1.0000e-12  -65.23312  -66.77556 331.189411      99.98 0.0000e+00   1373.083      32955          6  0.000e+00
    305.174    301.955     1.5286  30.263143     1.5286  30.262221     4.1336     4.1203    -0.0150    97.7038 1.0000e-12  -65.23312  -66.77556 331.189411      99.95 0.0000e+00   1373.125      32956          6  0.000e+00
    305.147    301.927     1.5285  30.263262     1.5285  30.262279     4.1346     4.1199    -0.0150    97.7038 1.0000e-12  -65.23312  -66.77556 331.189412      99.98 0.0000e+00   1373.167      32957          6  0.000e+00
    305.174    301.955     1.5283  30.263143     1.5286  30.262221     4.1401     4.1142    -0.0150    97.7038 1.0000e-12  -65.23312  -66.77556 331.189412      99.98 0.0000e+00   1373.208      32958          6  0.000e+00
    305.202    301.982     1.5285  30.263262     1.5284  30.262047     4.1412     4.1191    -0.0150    97.7038 1.0000e-12  -65.23312  -66.77556 331.189413     100.00 0.0000e+00   1373.250      32959          6  0.000e+00
    305.174    301.955     1.5285  30.263559     1.5285  30.262163     4.1365     4.1142    -0.0150    97.7038 1.0000e-12  -65.23312  -66.77556 331.189413      99.98 0.0000e+00   1373.292      32960          6  0.000e+00
    305.202    301.982     1.5283  30.263440     1.5286  30.262221     4.1376     4.1191    -0.0150    97.7038 1.0000e-12  -65.23312  -66.77556 331.189414      99.98 0.0000e+00   1373.333      32961          6  0.000e+00
    305.222    302.002     1.5285  30.263559     1.5284  30.262453     4.1430     4.1196    -0.0150    97.7038 1.0000e-12  -65.23312  -66.77556 331.189414     100.00 0.0000e+00   1373.375      32962          6  0.000e+00
    305.202    301.982     1.5285  30.263855     1.5286  30.262105     4.1440     4.1200    -0.0150    97.7038 1.0000e-12  -65.23312  -66.77556 331.189415      99.95 0.0000e+00   1373.417      32963          6  0.000e+00
