NBP2113_155081_ctd/data/nbp2113_022.ros
* Sea-Bird SBE 9 Data File:
* FileName = D:\Data\raw\NBP2113_022.hex
* Software Version Seasave V 7.26.7.121
* Temperature SN = 2438
* Conductivity SN = 2067
* Number of Bytes Per Scan = 40
* Number of Voltage Words = 5
* Number of Scans Averaged by the Deck Unit = 1
* NMEA Latitude = 68 01.86 S
* NMEA Longitude = 069 17.08 W
* NMEA UTC (Time) = Nov 30 2021  22:24:22
* NMEA baud rate = 9600
** Ship: RVIB N.B. Palmer
** Cruise: NBP2113 LTER
** Station: 200.-040
** Operator: S. Blackman
# nquan = 20
# nvalues = 1170                                  
# units = specified
# name 0 = prDM: Pressure, Digiquartz [db]
# name 1 = depSM: Depth [salt water, m]
# name 2 = t090C: Temperature [ITS-90, deg C]
# name 3 = c0mS/cm: Conductivity [mS/cm]
# name 4 = t190C: Temperature, 2 [ITS-90, deg C]
# name 5 = c1mS/cm: Conductivity, 2 [mS/cm]
# name 6 = sbeox0ML/L: Oxygen, SBE 43 [ml/l]
# name 7 = sbeox1ML/L: Oxygen, SBE 43, 2 [ml/l]
# name 8 = flECO-AFL: Fluorescence, WET Labs ECO-AFL/FL [mg/m^3]
# name 9 = CStarTr0: Beam Transmission, WET Labs C-Star [%]
# name 10 = par: PAR/Irradiance, Biospherical/Licor
# name 11 = latitude: Latitude [deg]
# name 12 = longitude: Longitude [deg]
# name 13 = timeJ: Julian Days
# name 14 = altM: Altimeter [m]
# name 15 = spar: SPAR, Biospherical/Licor
# name 16 = timeS: Time, Elapsed [seconds]
# name 17 = scan: Scan Count
# name 18 = nbf: Bottles Fired
# name 19 = flag:  0.000e+00
# interval = seconds: 0.0416667
# start_time = Nov 30 2021 22:24:22 [NMEA time, header]
# bad_flag = -9.990e-29
*END*
[from data line 145]
    283.540    280.511     1.2218  29.939824     1.2222  29.939596     4.0860     4.1469    -0.0150    97.1373 1.0000e-12  -68.03074  -69.28554 334.948481      99.98 7.7567e+01   1286.750      30883          3  0.000e+00
    283.588    280.558     1.2216  29.939175     1.2216  29.938384     4.0804     4.1517    -0.0150    97.1373 1.0000e-12  -68.03074  -69.28554 334.948481      99.98 7.7567e+01   1286.792      30884          3  0.000e+00
    283.031    280.007     1.2180  29.935392     1.2181  29.934689     4.0872     4.1505    -0.0077    97.1373 1.0000e-12  -68.03074  -69.28554 334.948659      99.98 7.9330e+01   1302.125      31252          4  0.000e+00
    282.976    279.953     1.2178  29.935569     1.2181  29.935093     4.0941     4.1456    -0.0150    97.1373 1.0000e-12  -68.03074  -69.28554 334.948659      99.98 7.9330e+01   1302.167      31253          4  0.000e+00
    283.031    280.007     1.2181  29.935392     1.2183  29.935208     4.0911     4.1506    -0.0150    97.1373 1.0000e-12  -68.03074  -69.28554 334.948660      99.98 7.9330e+01   1302.208      31254          4  0.000e+00
    282.976    279.953     1.2180  29.934919     1.2182  29.935208     4.0910     4.1503    -0.0150    97.1373 1.0000e-12  -68.03074  -69.28554 334.948660      99.98 7.9330e+01   1302.250      31255          4  0.000e+00
    282.976    279.953     1.2181  29.935214     1.2183  29.934977     4.0909     4.1499    -0.0150    97.1373 1.0000e-12  -68.03074  -69.28554 334.948661      99.98 7.9330e+01   1302.292      31256          4  0.000e+00
    282.983    279.960     1.2177  29.935569     1.2182  29.935150     4.0977     4.1450    -0.0150    97.1373 1.0000e-12  -68.03074  -69.28554 334.948661      99.98 7.9330e+01   1302.333      31257          4  0.000e+00
    282.928    279.905     1.2179  29.935214     1.2181  29.935035     4.1001     4.1447    -0.0150    97.1373 1.0000e-12  -68.03074  -69.28554 334.948662      99.95 7.9330e+01   1302.375      31258          4  0.000e+00
    282.976    279.953     1.2180  29.935096     1.2182  29.934689     4.0968     4.1435    -0.0150    97.1373 1.0000e-12  -68.03074  -69.28554 334.948662      99.98 7.9330e+01   1302.417      31259          4  0.000e+00
    282.928    279.905     1.2178  29.935450     1.2182  29.935092     4.0965     4.1423    -0.0150    97.1373 1.0000e-12  -68.03074  -69.28554 334.948663      99.98 7.9330e+01   1302.458      31260          4  0.000e+00
    282.976    279.953     1.2180  29.935214     1.2180  29.934746     4.0976     4.1466    -0.0150    97.1116 1.0000e-12  -68.03074  -69.28554 334.948663      99.98 7.9330e+01   1302.500      31261          4  0.000e+00
    282.928    279.905     1.2181  29.935450     1.2181  29.934631     4.0985     4.1408    -0.0150    97.1116 1.0000e-12  -68.03074  -69.28554 334.948664      99.95 7.9330e+01   1302.542      31262          4  0.000e+00
    282.928    279.905     1.2181  29.935628     1.2181  29.935092     4.0925     4.1458    -0.0150    97.1373 1.0000e-12  -68.03074  -69.28554 334.948664      99.95 7.9330e+01   1302.583      31263          4  0.000e+00
    282.928    279.905     1.2183  29.935805     1.2183  29.934977     4.0909     4.1463    -0.0150    97.1373 1.0000e-12  -68.03074  -69.28554 334.948665      99.98 7.9330e+01   1302.625      31264          4  0.000e+00
    282.935    279.912     1.2183  29.935923     1.2185  29.935381     4.0963     4.1467    -0.0150    97.1373 1.0000e-12  -68.03074  -69.28554 334.948665     100.00 7.9330e+01   1302.667      31265          4  0.000e+00
    282.873    279.851     1.2183  29.935687     1.2181  29.934861     4.0960     4.1419    -0.0150    97.1373 1.0000e-12  -68.03074  -69.28554 334.948666     100.00 7.9330e+01   1302.708      31266          4  0.000e+00
    282.873    279.851     1.2183  29.935805     1.2182  29.935092     4.0899     4.1469    -0.0150    97.1373 1.0000e-12  -68.03074  -69.28554 334.948666      99.98 7.9330e+01   1302.750      31267          4  0.000e+00
    282.928    279.905     1.2184  29.935687     1.2183  29.934804     4.0896     4.1412    -0.0150    97.1373 1.0000e-12  -68.03074  -69.28554 334.948667     100.00 7.9330e+01   1302.792      31268          4  0.000e+00
    282.873    279.851     1.2184  29.935805     1.2182  29.934631     4.0950     4.1454    -0.0150    97.1373 1.0000e-12  -68.03074  -69.28554 334.948667      99.98 7.9330e+01   1302.833      31269          4  0.000e+00
    282.873    279.851     1.2185  29.935923     1.2183  29.934631     4.0960     4.1459    -0.0150    97.1373 1.0000e-12  -68.03074  -69.28554 334.948668      99.98 7.9330e+01   1302.875      31270          4  0.000e+00
    282.873    279.851     1.2184  29.935687     1.2179  29.934861     4.0957     4.1410    -0.0150    97.1373 1.0000e-12  -68.03074  -69.28554 334.948668      99.98 7.9330e+01   1302.917      31271          4  0.000e+00
    282.832    279.810     1.2183  29.935805     1.2179  29.934573     4.1023     4.1407    -0.0150    97.1373 1.0000e-12  -68.03074  -69.28554 334.948668      99.98 7.9330e+01   1302.958      31272          4  0.000e+00
    282.873    279.851     1.2183  29.935864     1.2177  29.934804     4.0988     4.1405    -0.0150    97.1373 1.0000e-12  -68.03074  -69.28554 334.948669      99.98 7.9330e+01   1303.000      31273          4  0.000e+00
    282.825    279.803     1.2186  29.935686     1.2177  29.934688     4.0927     4.1394    -0.0150    97.1373 1.0000e-12  -68.03074  -69.28554 334.948669      99.95 7.9330e+01   1303.042      31274          4  0.000e+00
    282.873    279.851     1.2184  29.935805     1.2174  29.934631     4.0910     4.1392    -0.0150    97.1373 1.0000e-12  -68.03074  -69.28554 334.948670      99.98 7.9330e+01   1303.083      31275          4  0.000e+00
    282.825    279.803     1.2183  29.935509     1.2176  29.934630     4.0907     4.1389    -0.0077    97.1373 1.0000e-12  -68.03074  -69.28554 334.948670      99.98 7.9330e+01   1303.125      31276          4  0.000e+00
    282.825    279.803     1.2183  29.935568     1.2177  29.934457     4.0947     4.1441     0.0069    97.1373 1.0000e-12  -68.03074  -69.28554 334.948671     100.00 7.9330e+01   1303.167      31277          4  0.000e+00
    282.825    279.803     1.2181  29.935627     1.2172  29.934457     4.0942     4.1386     0.0143    97.1373 1.0000e-12  -68.03074  -69.28554 334.948671      99.98 7.9330e+01   1303.208      31278          4  0.000e+00
    282.832    279.810     1.2183  29.935627     1.2177  29.934342     4.0881     4.1375     0.0143    97.1373 1.0000e-12  -68.03074  -69.28554 334.948672      99.98 7.9330e+01   1303.250      31279          4  0.000e+00
    282.825    279.803     1.2181  29.935214     1.2177  29.934169     4.0990     4.1374     0.0143    97.1373 1.0000e-12  -68.03074  -69.28554 334.948672      99.98 7.9330e+01   1303.292      31280          4  0.000e+00
    282.770    279.749     1.2183  29.935273     1.2176  29.934284     4.0941     4.1372     0.0143    97.1373 1.0000e-12  -68.03074  -69.28554 334.948673      99.98 7.9330e+01   1303.333      31281          4  0.000e+00
    282.825    279.803     1.2183  29.935391     1.2175  29.934169     4.0935     4.1372     0.0143    97.1116 1.0000e-12  -68.03074  -69.28554 334.948673      99.95 7.9330e+01   1303.375      31282          4  0.000e+00
    282.770    279.749     1.2184  29.935391     1.2176  29.934053     4.0872     4.1371     0.0143    97.1116 1.0000e-12  -68.03074  -69.28554 334.948674      99.98 7.9330e+01   1303.417      31283          4  0.000e+00
    282.770    279.749     1.2183  29.935391     1.2177  29.934342     4.0922     4.1370     0.0143    97.0858 1.0000e-12  -68.03074  -69.28554 334.948674      99.98 7.9330e+01   1303.458      31284          4  0.000e+00
    282.825    279.803     1.2184  29.935391     1.2175  29.934226     4.0930     4.1362     0.0069    97.0858 1.0000e-12  -68.03074  -69.28554 334.948675      99.98 7.9330e+01   1303.500      31285          4  0.000e+00
    282.770    279.749     1.2186  29.935568     1.2179  29.934053     4.0923     4.1361     0.0143    97.1116 1.0000e-12  -68.03074  -69.28554 334.948675      99.95 7.9330e+01   1303.542      31286          4  0.000e+00
    282.776    279.756     1.2182  29.935805     1.2177  29.934515     4.0886     4.1353     0.0143    97.0858 1.0000e-12  -68.03074  -69.28554 334.948676      99.98 7.9330e+01   1303.583      31287          4  0.000e+00
    282.770    279.749     1.2184  29.935923     1.2177  29.934168     4.0937     4.1354     0.0143    97.0858 1.0000e-12  -68.03074  -69.28554 334.948676      99.98 7.9330e+01   1303.625      31288          4  0.000e+00
    282.770    279.749     1.2184  29.935864     1.2177  29.934342     4.0931     4.1354     0.0143    97.1116 1.0000e-12  -68.03074  -69.28554 334.948677     100.00 7.9330e+01   1303.667      31289          4  0.000e+00
    282.721    279.701     1.2184  29.935686     1.2176  29.934226     4.0868     4.1355     0.0143    97.0858 1.0000e-12  -68.03074  -69.28554 334.948677      99.98 7.9330e+01   1303.708      31290          4  0.000e+00
    282.770    279.749     1.2184  29.935804     1.2174  29.934515     4.0962     4.1357     0.0143    97.0858 1.0000e-12  -68.03074  -69.28554 334.948678      99.98 7.9330e+01   1303.750      31291          4  0.000e+00
    282.770    279.749     1.2186  29.935923     1.2175  29.934284     4.0911     4.1412     0.0143    97.0858 1.0000e-12  -68.03074  -69.28552 334.948678      99.98 7.9330e+01   1303.792      31292          4  0.000e+00
    282.721    279.701     1.2185  29.935923     1.2177  29.934515     4.0903     4.1413     0.0069    97.1116 1.0000e-12  -68.03074  -69.28552 334.948679      99.98 7.9330e+01   1303.833      31293          4  0.000e+00
    282.776    279.756     1.2184  29.935686     1.2180  29.934457     4.0838     4.1422     0.0143    97.0858 1.0000e-12  -68.03074  -69.28552 334.948679      99.95 7.9330e+01   1303.875      31294          4  0.000e+00
    282.721    279.701     1.2183  29.935450     1.2181  29.934630     4.0873     4.1378     0.0143    97.1116 1.0000e-12  -68.03074  -69.28552 334.948680      99.98 7.9330e+01   1303.917      31295          4  0.000e+00
    282.770    279.749     1.2183  29.935745     1.2182  29.934630     4.0864     4.1380     0.0143    97.0858 1.0000e-12  -68.03074  -69.28552 334.948680      99.98 7.9330e+01   1303.958      31296          4  0.000e+00
    282.770    279.749     1.2183  29.935509     1.2183  29.935092     4.0855     4.1382     0.0069    97.0858 1.0000e-12  -68.03074  -69.28552 334.948681      99.98 7.9330e+01   1304.000      31297          4  0.000e+00
    282.721    279.701     1.2181  29.935154     1.2183  29.934976     4.0788     4.1384     0.0143    97.0858 1.0000e-12  -68.03074  -69.28552 334.948681      99.95 7.9330e+01   1304.042      31298          4  0.000e+00
    282.770    279.749     1.2179  29.935450     1.2184  29.934919     4.0849     4.1387     0.0143    97.0858 1.0000e-12  -68.03074  -69.28552 334.948682      99.98 7.9330e+01   1304.083      31299          4  0.000e+00
    282.721    279.701     1.2181  29.934977     1.2185  29.935150     4.0852     4.1390     0.0069    97.1116 1.0000e-12  -68.03074  -69.28552 334.948682      99.98 7.9330e+01   1304.125      31300          4  0.000e+00
    181.705    179.808    -0.1370  28.465598    -0.1610  28.443812     5.5449     5.6887     0.1241    96.4164 1.0000e-12  -68.03082  -69.28534 334.950527      99.95 8.4618e+01   1463.542      35126          5  0.000e+00
    181.726    179.829    -0.1382  28.465598    -0.1593  28.445567     5.5508     5.6853     0.1241    96.4164 1.0000e-12  -68.03082  -69.28534 334.950528      99.98 8.4618e+01   1463.583      35127          5  0.000e+00
    181.705    179.808    -0.1371  28.465772    -0.1570  28.447945     5.5556     5.6924     0.1241    96.4164 1.0000e-12  -68.03082  -69.28534 334.950528      99.98 8.4618e+01   1463.625      35128          5  0.000e+00
    181.726    179.829    -0.1368  28.466874    -0.1538  28.450323     5.5565     5.6886     0.1241    96.4164 1.0000e-12  -68.03082  -69.28534 334.950529      99.98 8.4618e+01   1463.667      35129          5  0.000e+00
    181.705    179.808    -0.1351  28.468555    -0.1522  28.451342     5.5669     5.6901     0.1241    96.4164 1.0000e-12  -68.03082  -69.28534 334.950529      99.98 8.4618e+01   1463.708      35130          5  0.000e+00
    181.726    179.829    -0.1337  28.470063    -0.1504  28.451852     5.5720     5.6974     0.1241    96.4164 1.0000e-12  -68.03082  -69.28534 334.950530      99.98 8.4618e+01   1463.750      35131          5  0.000e+00
    181.705    179.808    -0.1326  28.471628    -0.1493  28.453041     5.5777     5.6949     0.1241    96.4164 1.0000e-12  -68.03082  -69.28534 334.950530      99.98 8.4618e+01   1463.792      35132          5  0.000e+00
    181.726    179.829    -0.1312  28.472846    -0.1482  28.454117     5.5838     5.6965     0.1241    96.4164 1.0000e-12  -68.03082  -69.28534 334.950530      99.98 8.4618e+01   1463.833      35133          5  0.000e+00
    181.705    179.808    -0.1295  28.473716    -0.1467  28.455759     5.5904     5.6983     0.1241    96.4164 1.0000e-12  -68.03082  -69.28534 334.950531      99.95 8.4618e+01   1463.875      35134          5  0.000e+00
    181.726    179.829    -0.1279  28.475514    -0.1453  28.457854     5.5961     5.7003     0.1241    96.4164 1.0000e-12  -68.03082  -69.28534 334.950531      99.98 8.4618e+01   1463.917      35135          5  0.000e+00
    181.760    179.863    -0.1272  28.476847    -0.1422  28.460743     5.6024     5.7024     0.1241    96.4164 1.0000e-12  -68.03082  -69.28534 334.950532      99.98 8.4618e+01   1463.958      35136          5  0.000e+00
    181.726    179.829    -0.1276  28.477949    -0.1392  28.461762     5.6151     5.7040     0.1241    96.4164 1.0000e-12  -68.03082  -69.28534 334.950532      99.98 8.4618e+01   1464.000      35137          5  0.000e+00
    181.760    179.863    -0.1262  28.479805    -0.1402  28.461705     5.6162     5.7064     0.1241    96.4164 1.0000e-12  -68.03082  -69.28534 334.950533      99.95 8.4618e+01   1464.042      35138          5  0.000e+00
    181.726    179.829    -0.1248  28.480965    -0.1399  28.463517     5.6207     5.7079     0.1168    96.4164 1.0000e-12  -68.03082  -69.28534 334.950533      99.95 8.4618e+01   1464.083      35139          5  0.000e+00
    181.760    179.863    -0.1233  28.480559    -0.1388  28.465047     5.6286     5.7095     0.1095    96.4164 1.0000e-12  -68.03082  -69.28534 334.950534      99.98 8.4618e+01   1464.125      35140          5  0.000e+00
    181.705    179.808    -0.1228  28.480211    -0.1384  28.465670     5.6473     5.7170     0.1095    96.4164 1.0000e-12  -68.03082  -69.28534 334.950534      99.98 8.4618e+01   1464.167      35141          5  0.000e+00
    181.774    179.876    -0.1229  28.479457    -0.1380  28.470088     5.6502     5.7199     0.1095    96.4421 1.0000e-12  -68.03082  -69.28534 334.950535      99.98 8.4618e+01   1464.208      35142          5  0.000e+00
    181.760    179.863    -0.1237  28.477427    -0.1351  28.473883     5.6565     5.7217     0.1095    96.5194 1.0000e-12  -68.03082  -69.28534 334.950535      99.98 8.4618e+01   1464.250      35143          5  0.000e+00
    181.774    179.876    -0.1265  28.474818    -0.1321  28.475978     5.6575     5.7237     0.1095    96.5451 1.0000e-12  -68.03082  -69.28534 334.950536      99.98 8.4618e+01   1464.292      35144          5  0.000e+00
    181.808    179.910    -0.1290  28.473368    -0.1281  28.478527     5.6750     5.7257     0.1095    96.5451 1.0000e-12  -68.03082  -69.28534 334.950536      99.98 8.4618e+01   1464.333      35145          5  0.000e+00
    181.774    179.876    -0.1301  28.472034    -0.1245  28.480283     5.6760     5.7280     0.1095    96.5451 1.0000e-12  -68.03082  -69.28534 334.950537      99.95 8.4618e+01   1464.375      35146          5  0.000e+00
