NBP2113_155081_ctd/data/nbp2113_040.cnv
* Sea-Bird SBE 9 Data File:
* FileName = D:\Data\raw\NBP2113_040.hex
* Software Version Seasave V 7.26.7.121
* Temperature SN = 2438
* Conductivity SN = 2067
* Number of Bytes Per Scan = 40
* Number of Voltage Words = 5
* Number of Scans Averaged by the Deck Unit = 1
* NMEA Latitude = 64 51.74 S
* NMEA Longitude = 063 55.31 W
* NMEA UTC (Time) = Dec 10 2021  12:43:38
* NMEA baud rate = 9600
** Ship: RVIB N.B. Palmer
** Cruise: NBP2113 LTER
** Station: 621.028
** Operator: B. Urmston
# nquan = 25
# nvalues = 751                         
# units = specified
# name 0 = prDM: Pressure, Digiquartz [db]
# name 1 = depSM: Depth [salt water, m]
# name 2 = t090C: Temperature [ITS-90, deg C]
# name 3 = c0mS/cm: Conductivity [mS/cm]
# name 4 = t190C: Temperature, 2 [ITS-90, deg C]
# name 5 = c1mS/cm: Conductivity, 2 [mS/cm]
# name 6 = sbeox0ML/L: Oxygen, SBE 43 [ml/l]
# name 7 = sbeox1ML/L: Oxygen, SBE 43, 2 [ml/l]
# name 8 = flECO-AFL: Fluorescence, WET Labs ECO-AFL/FL [mg/m^3]
# name 9 = CStarTr0: Beam Transmission, WET Labs C-Star [%]
# name 10 = par: PAR/Irradiance, Biospherical/Licor
# name 11 = latitude: Latitude [deg]
# name 12 = longitude: Longitude [deg]
# name 13 = timeJ: Julian Days
# name 14 = altM: Altimeter [m]
# name 15 = spar: SPAR, Biospherical/Licor
# name 16 = timeS: Time, Elapsed [seconds]
# name 17 = scan: Scan Count
# name 18 = density00: Density [density, kg/m^3]
# name 19 = density11: Density, 2 [density, kg/m^3]
# name 20 = sal00: Salinity, Practical [PSU]
# name 21 = sal11: Salinity, Practical, 2 [PSU]
# name 22 = oxsolML/L: Oxygen Saturation, Garcia & Gordon [ml/l]
# name 23 = nbin: number of scans per bin
# name 24 = flag: flag
# span 0 =      1.000,    378.000       
# span 1 =      0.988,    373.956       
# span 2 =    -0.3617,     1.2709       
# span 3 =  27.887120,  30.020904       
# span 4 =    -0.3609,     1.2707       
# span 5 =  27.885225,  30.019758       
# span 6 =     4.3209,     9.2503       
# span 7 =     4.3863,     9.9552       
# span 8 =    -0.0184,     1.8783       
# span 9 =    88.0937,    94.7941       
# span 10 = -2.666e-06, 5.1464e+02      
# span 11 =  -64.86254,  -64.86194      
# span 12 =  -63.92210,  -63.92182      
# span 13 = 344.533863, 344.552546      
# span 14 =     -15.27,     103.60      
# span 15 = 2.8206e+02, 4.0197e+02      
# span 16 =    307.734,   1921.942      
# span 17 =       7387,      46128      
# span 18 =  1027.1548,  1029.5114      
# span 19 =  1027.1534,  1029.5102      
# span 20 =    33.7839,    34.6324      
# span 21 =    33.7822,    34.6310      
# span 22 =    7.77195,    8.14608      
# span 23 =         11,         51      
# span 24 = 0.0000e+00, 0.0000e+00      
# interval = decibars: 1                
# start_time = Dec 10 2021 12:43:38 [NMEA time, header]
# bad_flag = -9.990e-29
*END*
[from data line 174]
    179.000    177.170     0.7242  29.358051     0.7237  29.356640     5.0297     5.1002     0.0064    94.6896 1.0000e-12  -64.86210  -63.92196 344.538405      99.97 3.3770e+02    700.164      16805  1028.5055  1028.5044    34.4969    34.4956    7.88894         24 0.0000e+00
    180.000    178.160     0.7241  29.358613     0.7233  29.356559     5.0302     5.0992     0.0072    94.6954 1.0000e-12  -64.86210  -63.92196 344.538416      99.97 3.3672e+02    701.140      16828  1028.5105  1028.5092    34.4971    34.4954    7.88893         24 0.0000e+00
    181.000    179.148     0.7227  29.357523     0.7225  29.355964     5.0169     5.0870     0.0143    94.6868 1.0000e-12  -64.86210  -63.92196 344.538428      99.97 3.3671e+02    702.145      16852  1028.5152  1028.5137    34.4966    34.4948    7.88924         24 0.0000e+00
    182.000    180.138     0.7273  29.362054     0.7276  29.361006     5.0029     5.0763     0.0143    94.6814 1.0000e-12  -64.86210  -63.92196 344.538440      99.97 3.3671e+02    703.240      16879  1028.5197  1028.5183    34.4968    34.4951    7.88830         29 0.0000e+00
    183.000    181.128     0.7396  29.375476     0.7398  29.374742     4.9988     5.0701     0.0124    94.6582 1.0000e-12  -64.86210  -63.92196 344.538455      99.97 3.3671e+02    704.483      16909  1028.5260  1028.5251    34.5000    34.4989    7.88564         31 0.0000e+00
    184.000    182.117     0.7419  29.378876     0.7426  29.378414     5.0017     5.0757     0.0096    94.6810 1.0000e-12  -64.86210  -63.92196 344.538470      99.97 3.3671e+02    705.784      16940  1028.5317  1028.5306    34.5012    34.4999    7.88509         30 0.0000e+00
    185.000    183.106     0.7446  29.382197     0.7440  29.380547     5.0045     5.0767     0.0143    94.6872 1.0000e-12  -64.86210  -63.92197 344.538483      99.97 3.3671e+02    706.949      16968  1028.5370  1028.5358    34.5020    34.5005    7.88452         26 0.0000e+00
    186.000    184.095     0.7430  29.381152     0.7425  29.379416     5.0062     5.0782     0.0143    94.6727 1.0000e-12  -64.86210  -63.92198 344.538495      99.97 3.3664e+02    707.993      16993  1028.5417  1028.5404    34.5018    34.5001    7.88484         25 0.0000e+00
    187.000    185.085     0.7418  29.380229     0.7417  29.379264     5.0116     5.0741     0.0076    94.6630 1.0000e-12  -64.86210  -63.92198 344.538508      99.97 3.3602e+02    709.117      17020  1028.5464  1028.5454    34.5014    34.5002    7.88512         30 0.0000e+00
    188.000    186.074     0.7407  29.379369     0.7409  29.378546     5.0046     5.0758     0.0084    94.6699 1.0000e-12  -64.86210  -63.92198 344.538528      99.97 3.3536e+02    710.785      17060  1028.5509  1028.5498    34.5009    34.4996    7.88536         39 0.0000e+00
    189.000    187.063     0.7391  29.378054     0.7377  29.375774     5.0134     5.0702     0.0102    94.6829 1.0000e-12  -64.86210  -63.92196 344.538548      99.97 3.3493e+02    712.523      17102  1028.5554  1028.5544    34.5003    34.4989    7.88571         32 0.0000e+00
    190.000    188.053     0.7394  29.378788     0.7382  29.376507     5.0076     5.0685     0.0104    94.6610 1.0000e-12  -64.86210  -63.92196 344.538560      99.97 3.3495e+02    713.576      17127  1028.5601  1028.5590    34.5003    34.4987    7.88565         23 0.0000e+00
    191.000    189.042     0.7419  29.381729     0.7415  29.380250     5.0015     5.0608     0.0039    94.6945 1.0000e-12  -64.86210  -63.92196 344.538571      99.97 3.3495e+02    714.517      17149  1028.5651  1028.5639    34.5008    34.4993    7.88513         22 0.0000e+00
    192.000    190.032     0.7456  29.386122     0.7453  29.384805     4.9899     5.0584     0.0006    94.6891 1.0000e-12  -64.86210  -63.92196 344.538582      99.97 3.3495e+02    715.461      17172  1028.5703  1028.5692    34.5018    34.5004    7.88432         24 0.0000e+00
    193.000    191.021     0.7501  29.391626     0.7502  29.390648     4.9738     5.0483     0.0068    94.6759 1.0000e-12  -64.86210  -63.92196 344.538594      99.97 3.3495e+02    716.486      17197  1028.5758  1028.5747    34.5034    34.5019    7.88332         25 0.0000e+00
    194.000    192.010     0.7571  29.399024     0.7575  29.398098     4.9699     5.0421     0.0069    94.6653 1.0000e-12  -64.86210  -63.92196 344.538606      99.97 3.3495e+02    717.568      17223  1028.5809  1028.5796    34.5045    34.5030    7.88183         26 0.0000e+00
    195.000    192.999     0.7637  29.406779     0.7632  29.405177     4.9708     5.0421     0.0069    94.6654 1.0000e-12  -64.86210  -63.92196 344.538619      99.97 3.3495e+02    718.679      17249  1028.5869  1028.5857    34.5067    34.5051    7.88038         28 0.0000e+00
    196.000    193.990     0.7656  29.409276     0.7651  29.407862     4.9710     5.0432     0.0082    94.6654 1.0000e-12  -64.86210  -63.92196 344.538635      99.97 3.3495e+02    720.066      17283  1028.5920  1028.5910    34.5073    34.5060    7.87997         37 0.0000e+00
    197.000    194.976     0.7672  29.410931     0.7677  29.411063     4.9586     5.0298     0.0189    94.6407 1.0000e-12  -64.86210  -63.92196 344.538658      99.97 3.3495e+02    722.035      17330  1028.5965  1028.5962    34.5070    34.5067    7.87965         39 0.0000e+00
    198.000    195.967     0.7715  29.415838     0.7714  29.414750     4.9382     5.0121     0.0142    94.6107 1.0000e-12  -64.86210  -63.92196 344.538673      99.97 3.3360e+02    723.376      17362  1028.6017  1028.6007    34.5081    34.5067    7.87873         23 0.0000e+00
    199.000    196.955     0.7859  29.431511     0.7864  29.431074     4.9221     5.0030     0.0131    94.6805 1.0000e-12  -64.86210  -63.92196 344.538683      99.97 3.3318e+02    724.211      17382  1028.6081  1028.6071    34.5117    34.5106    7.87560         19 0.0000e+00
    200.000    197.944     0.7979  29.444929     0.7975  29.443522     4.9180     5.0007    -0.0013    94.6768 1.0000e-12  -64.86210  -63.92196 344.538692      99.97 3.3318e+02    724.983      17401  1028.6145  1028.6135    34.5152    34.5138    7.87299         18 0.0000e+00
    201.000    198.936     0.8032  29.451362     0.8026  29.449774     4.9155     4.9969     0.0043    94.6655 1.0000e-12  -64.86211  -63.92195 344.538702      99.97 3.3318e+02    725.822      17421  1028.6204  1028.6193    34.5170    34.5156    7.87181         23 0.0000e+00
    202.000    199.924     0.8066  29.455142     0.8075  29.455018     4.9182     4.9963     0.0012    94.6654 1.0000e-12  -64.86212  -63.92195 344.538715      99.97 3.3318e+02    726.967      17448  1028.6254  1028.6243    34.5176    34.5164    7.87110         33 0.0000e+00
    203.000    200.911     0.8099  29.459132     0.8090  29.457310     4.9163     4.9909     0.0126    94.6619 1.0000e-12  -64.86212  -63.92196 344.538733      99.97 3.3318e+02    728.560      17486  1028.6308  1028.6297    34.5185    34.5172    7.87038         35 0.0000e+00
    204.000    201.902     0.8147  29.464007     0.8149  29.463868     4.9011     4.9763     0.0166    94.6627 1.0000e-12  -64.86212  -63.92196 344.538754      99.97 3.3318e+02    730.313      17529  1028.6355  1028.6351    34.5189    34.5185    7.86939         39 0.0000e+00
    205.000    202.891     0.8241  29.474037     0.8229  29.472219     4.9016     4.9688     0.0099    94.6923 1.0000e-12  -64.86212  -63.92196 344.538772      99.97 3.3263e+02    731.899      17567  1028.6411  1028.6404    34.5208    34.5199    7.86738         35 0.0000e+00
    206.000    203.881     0.8297  29.480973     0.8290  29.479515     4.8888     4.9577    -0.0011    94.6669 1.0000e-12  -64.86212  -63.92196 344.538789      99.97 3.3137e+02    733.328      17601  1028.6471  1028.6463    34.5230    34.5219    7.86612         30 0.0000e+00
    207.000    204.870     0.8293  29.481320     0.8287  29.479675     4.8585     4.9418     0.0028    94.6597 1.0000e-12  -64.86212  -63.92194 344.538801      99.97 3.3142e+02    734.392      17626  1028.6523  1028.6511    34.5233    34.5218    7.86619         23 0.0000e+00
    208.000    205.859     0.8375  29.489884     0.8386  29.489714     4.8463     4.9350     0.0069    94.6631 1.0000e-12  -64.86212  -63.92194 344.538812      99.97 3.3142e+02    735.316      17649  1028.6574  1028.6561    34.5247    34.5232    7.86446         22 0.0000e+00
    209.000    206.849     0.8539  29.506820     0.8562  29.508119     4.8495     4.9338     0.0069    94.6861 1.0000e-12  -64.86212  -63.92194 344.538822      99.97 3.3142e+02    736.191      17670  1028.6631  1028.6623    34.5277    34.5270    7.86097         20 0.0000e+00
    210.000    207.838     0.8617  29.517090     0.8611  29.515461     4.8525     4.9250     0.0144    94.6782 1.0000e-12  -64.86212  -63.92194 344.538832      99.97 3.3142e+02    737.069      17691  1028.6705  1028.6694    34.5318    34.5304    7.85918         22 0.0000e+00
    211.000    208.828     0.8590  29.514135     0.8608  29.514353     4.8472     4.9205     0.0081    94.6655 1.0000e-12  -64.86212  -63.92194 344.538843      99.97 3.2967e+02    738.057      17714  1028.6746  1028.6730    34.5305    34.5287    7.85981         26 0.0000e+00
    212.000    209.816     0.8691  29.524744     0.8694  29.524326     4.8358     4.9149     0.0107    94.6654 1.0000e-12  -64.86212  -63.92195 344.538858      99.97 3.2966e+02    739.368      17746  1028.6801  1028.6792    34.5324    34.5314    7.85767         35 0.0000e+00
    213.000    210.806     0.8801  29.536844     0.8778  29.533289     4.8188     4.9000     0.0045    94.6647 1.0000e-12  -64.86212  -63.92196 344.538880      99.97 3.2966e+02    741.273      17792  1028.6861  1028.6849    34.5351    34.5332    7.85528         44 0.0000e+00
    214.000    211.794     0.8922  29.550204     0.8890  29.546142     4.8099     4.8924     0.0104    94.6765 1.0000e-12  -64.86212  -63.92196 344.538902      99.97 3.2966e+02    743.154      17837  1028.6927  1028.6916    34.5385    34.5367    7.85268         38 0.0000e+00
    215.000    212.784     0.8930  29.551493     0.8941  29.551509     4.7926     4.8745     0.0145    94.6834 1.0000e-12  -64.86212  -63.92194 344.538919      99.97 3.2839e+02    744.564      17871  1028.6977  1028.6966    34.5386    34.5374    7.85251         29 0.0000e+00
    216.000    213.772     0.9033  29.562548     0.9013  29.559451     4.7881     4.8616     0.0143    94.6273 1.0000e-12  -64.86212  -63.92194 344.538930      99.97 3.2790e+02    745.595      17895  1028.7034  1028.7020    34.5408    34.5391    7.85030         24 0.0000e+00
    217.000    214.763     0.9121  29.572421     0.9127  29.572008     4.7922     4.8662     0.0094    94.6899 1.0000e-12  -64.86212  -63.92194 344.538942      99.97 3.2790e+02    746.602      17919  1028.7093  1028.7082    34.5432    34.5421    7.84840         24 0.0000e+00
    218.000    215.751     0.9158  29.577214     0.9147  29.575368     4.7978     4.8671     0.0069    94.6825 1.0000e-12  -64.86212  -63.92194 344.538954      99.97 3.2790e+02    747.613      17944  1028.7150  1028.7141    34.5447    34.5435    7.84757         24 0.0000e+00
    219.000    216.738     0.9109  29.572599     0.9104  29.570984     4.7911     4.8592     0.0069    94.6799 1.0000e-12  -64.86212  -63.92194 344.538965      99.97 3.2790e+02    748.605      17968  1028.7194  1028.7182    34.5437    34.5421    7.84862         23 0.0000e+00
    220.000    217.733     0.9105  29.572449     0.9103  29.571298     4.7863     4.8558     0.0092    94.5993 1.0000e-12  -64.86212  -63.92194 344.538976      99.97 3.2790e+02    749.555      17990  1028.7240  1028.7230    34.5433    34.5421    7.84872         23 0.0000e+00
    221.000    218.718     0.9205  29.582855     0.9182  29.579485     4.7790     4.8560     0.0115    94.6492 1.0000e-12  -64.86212  -63.92194 344.538987      99.97 3.2790e+02    750.518      18013  1028.7293  1028.7280    34.5451    34.5433    7.84662         24 0.0000e+00
    222.000    219.708     0.9190  29.582373     0.9158  29.577705     4.7811     4.8507     0.0015    94.6908 1.0000e-12  -64.86212  -63.92194 344.539000      99.97 3.2790e+02    751.574      18039  1028.7346  1028.7330    34.5455    34.5431    7.84689         28 0.0000e+00
    223.000    220.697     0.9216  29.584878     0.9222  29.584694     4.7638     4.8437     0.0096    94.6951 1.0000e-12  -64.86212  -63.92194 344.539014      99.98 3.2790e+02    752.849      18069  1028.7391  1028.7382    34.5453    34.5444    7.84638         32 0.0000e+00
    224.000    221.686     0.9292  29.593119     0.9281  29.591407     4.7587     4.8279     0.0095    94.6903 1.0000e-12  -64.86212  -63.92194 344.539033      99.97 3.2790e+02    754.426      18107  1028.7445  1028.7437    34.5469    34.5459    7.84476         34 0.0000e+00
    225.000    222.675     0.9361  29.600649     0.9356  29.599877     4.7315     4.8086    -0.0003    94.7057 1.0000e-12  -64.86212  -63.92194 344.539054      99.97 3.2750e+02    756.282      18152  1028.7499  1028.7495    34.5484    34.5479    7.84330         35 0.0000e+00
    226.000    223.664     0.9509  29.616556     0.9490  29.614006     4.7125     4.7940    -0.0064    94.7164 1.0000e-12  -64.86212  -63.92194 344.539072      99.97 3.2607e+02    757.812      18188  1028.7561  1028.7553    34.5519    34.5507    7.84013         29 0.0000e+00
    227.000    224.653     0.9709  29.637906     0.9707  29.636821     4.7169     4.7897    -0.0018    94.6889 1.0000e-12  -64.86212  -63.92194 344.539083      99.97 3.2613e+02    758.807      18212  1028.7628  1028.7618    34.5566    34.5555    7.83584         22 0.0000e+00
    228.000    225.643     0.9730  29.642255     0.9724  29.640876     4.7181     4.7937     0.0041    94.7227 1.0000e-12  -64.86212  -63.92194 344.539094      99.97 3.2613e+02    759.701      18234  1028.7697  1028.7688    34.5594    34.5582    7.83529         21 0.0000e+00
    229.000    226.632     0.9617  29.630587     0.9634  29.631465     4.7163     4.7942     0.0039    94.7212 1.0000e-12  -64.86212  -63.92194 344.539105      99.97 3.2613e+02    760.642      18256  1028.7731  1028.7723    34.5562    34.5555    7.83772         24 0.0000e+00
    230.000    227.620     0.9644  29.633424     0.9646  29.632725     4.7055     4.7905     0.0030    94.7233 1.0000e-12  -64.86212  -63.92194 344.539117      99.97 3.2613e+02    761.708      18282  1028.7778  1028.7768    34.5564    34.5552    7.83718         28 0.0000e+00
    231.000    228.611     0.9691  29.638138     0.9662  29.634289     4.6947     4.7811     0.0068    94.7423 1.0000e-12  -64.86212  -63.92194 344.539130      99.97 3.2613e+02    762.856      18310  1028.7824  1028.7812    34.5566    34.5549    7.83622         27 0.0000e+00
    232.000    229.599     0.9766  29.647010     0.9773  29.646720     4.6725     4.7514     0.0030    94.7205 1.0000e-12  -64.86212  -63.92194 344.539144      99.97 3.2613e+02    764.025      18338  1028.7885  1028.7875    34.5592    34.5579    7.83458         28 0.0000e+00
    233.000    230.587     0.9908  29.661429     0.9908  29.659999     4.6474     4.7377    -0.0004    94.7237 1.0000e-12  -64.86212  -63.92194 344.539158      99.97 3.2590e+02    765.217      18366  1028.7937  1028.7922    34.5614    34.5595    7.83160         30 0.0000e+00
    234.000    231.578     1.0167  29.688848     1.0187  29.691221     4.6530     4.7377    -0.0058    94.7203 1.0000e-12  -64.86212  -63.92194 344.539172      99.97 3.2444e+02    766.485      18397  1028.8009  1028.8013    34.5674    34.5682    7.82608         31 0.0000e+00
    235.000    232.565     1.0171  29.691167     1.0142  29.687530     4.6462     4.7239     0.0044    94.7161 1.0000e-12  -64.86212  -63.92194 344.539188      99.97 3.2522e+02    767.827      18429  1028.8075  1028.8066    34.5694    34.5679    7.82590         33 0.0000e+00
