NBP2113_155081_ctd/data/nbp2113_054.cnv
* Sea-Bird SBE 9 Data File:
* FileName = D:\Data\raw\NBP2113_054.hex
* Software Version Seasave V 7.26.7.121
* Temperature SN = 2438
* Conductivity SN = 2067
* Number of Bytes Per Scan = 40
* Number of Voltage Words = 5
* Number of Scans Averaged by the Deck Unit = 1
* NMEA Latitude = 64 52.85 S
* NMEA Longitude = 064 38.20 W
* NMEA UTC (Time) = Dec 11 2021  19:48:22
* NMEA baud rate = 9600
** Ship: RVIB N.B. Palmer
** Cruise: NBP2113 LTER
** Station: 597.052
** Operator: S. Blackman
# nquan = 25
# nvalues = 886                         
# units = specified
# name 0 = prDM: Pressure, Digiquartz [db]
# name 1 = depSM: Depth [salt water, m]
# name 2 = t090C: Temperature [ITS-90, deg C]
# name 3 = c0mS/cm: Conductivity [mS/cm]
# name 4 = t190C: Temperature, 2 [ITS-90, deg C]
# name 5 = c1mS/cm: Conductivity, 2 [mS/cm]
# name 6 = sbeox0ML/L: Oxygen, SBE 43 [ml/l]
# name 7 = sbeox1ML/L: Oxygen, SBE 43, 2 [ml/l]
# name 8 = flECO-AFL: Fluorescence, WET Labs ECO-AFL/FL [mg/m^3]
# name 9 = CStarTr0: Beam Transmission, WET Labs C-Star [%]
# name 10 = par: PAR/Irradiance, Biospherical/Licor
# name 11 = latitude: Latitude [deg]
# name 12 = longitude: Longitude [deg]
# name 13 = timeJ: Julian Days
# name 14 = altM: Altimeter [m]
# name 15 = spar: SPAR, Biospherical/Licor
# name 16 = timeS: Time, Elapsed [seconds]
# name 17 = scan: Scan Count
# name 18 = density00: Density [density, kg/m^3]
# name 19 = density11: Density, 2 [density, kg/m^3]
# name 20 = sal00: Salinity, Practical [PSU]
# name 21 = sal11: Salinity, Practical, 2 [PSU]
# name 22 = oxsolML/L: Oxygen Saturation, Garcia & Gordon [ml/l]
# name 23 = nbin: number of scans per bin
# name 24 = flag: flag
# span 0 =      1.000,    445.000       
# span 1 =      0.991,    440.162       
# span 2 =    -0.7140,     1.3400       
# span 3 =  27.403304,  30.125620       
# span 4 =    -0.7123,     1.3395       
# span 5 =  27.404470,  30.124093       
# span 6 =     4.2431,     8.4534       
# span 7 =     4.3004,     8.0854       
# span 8 =    -0.0226,     1.8496       
# span 9 =    83.6567,    91.4425       
# span 10 = 1.0000e-12, 6.1488e+02      
# span 11 =  -64.88096,  -64.88090      
# span 12 =  -64.63768,  -64.63672      
# span 13 = 345.829168, 345.846769      
# span 14 =      -0.88,     110.54      
# span 15 = 4.7768e+02, 6.5765e+02      
# span 16 =    338.111,   1858.850      
# span 17 =       8116,      44613      
# span 18 =  1027.0374,  1029.8330      
# span 19 =  1027.0351,  1029.8317      
# span 20 =    33.6122,    34.6478      
# span 21 =    33.6113,    34.6464      
# span 22 =    7.75747,    8.24194      
# span 23 =          6,         49      
# span 24 = 0.0000e+00, 0.0000e+00      
# interval = decibars: 1                
# start_time = Dec 11 2021 19:48:22 [NMEA time, header]
# bad_flag = -9.990e-29
*END*
[from data line 522]
    364.000    360.118     1.2640  30.009307     1.2636  30.007911     4.3447     4.4065    -0.0182    91.2858 1.0000e-12  -64.88094  -64.63732 345.839621      85.68 6.0996e+02   1241.236      29791  1029.4448  1029.4438    34.6292    34.6278    7.77348         16 0.0000e+00
    363.000    359.129     1.2635  30.008348     1.2632  30.007013     4.3460     4.4013    -0.0146    91.2590 1.0000e-12  -64.88094  -64.63732 345.839629      87.13 6.0996e+02   1241.912      29807  1029.4401  1029.4390    34.6291    34.6277    7.77358         17 0.0000e+00
    362.000    358.141     1.2632  30.007481     1.2629  30.006250     4.3479     4.3983    -0.0150    91.2435 1.0000e-12  -64.88094  -64.63732 345.839638      87.85 6.0996e+02   1242.707      29826  1029.4352  1029.4343    34.6289    34.6277    7.77365         22 0.0000e+00
    361.000    357.153     1.2640  30.007852     1.2634  30.006336     4.3412     4.3995    -0.0019    91.2430 1.0000e-12  -64.88094  -64.63732 345.839660      89.25 6.0996e+02   1244.594      29871  1029.4306  1029.4296    34.6291    34.6278    7.77349         33 0.0000e+00
    360.000    356.164     1.2643  30.007926     1.2642  30.006602     4.3403     4.4053    -0.0057    91.2456 1.0000e-12  -64.88094  -64.63732 345.839701      90.12 6.0996e+02   1248.199      29958  1029.4260  1029.4248    34.6294    34.6278    7.77340         27 0.0000e+00
    359.000    355.176     1.2639  30.006992     1.2638  30.005794     4.3471     4.4021    -0.0127    91.2552 1.0000e-12  -64.88094  -64.63734 345.839711      91.10 6.0996e+02   1248.996      29977  1029.4213  1029.4201    34.6292    34.6278    7.77350         18 0.0000e+00
    358.000    354.187     1.2631  30.005696     1.2629  30.004554     4.3446     4.4018    -0.0150    91.2543 1.0000e-12  -64.88094  -64.63734 345.839719      91.84 6.0996e+02   1249.713      29994  1029.4165  1029.4156    34.6290    34.6279    7.77367         17 0.0000e+00
    357.000    353.199     1.2623  30.004357     1.2621  30.003026     4.3482     4.3990    -0.0150    91.2378 1.0000e-12  -64.88094  -64.63734 345.839727      92.88 6.0996e+02   1250.411      30011  1029.4117  1029.4106    34.6287    34.6274    7.77383         17 0.0000e+00
    356.000    352.209     1.2615  30.003091     1.2614  30.001870     4.3526     4.3992    -0.0094    91.2373 1.0000e-12  -64.88094  -64.63734 345.839736      93.97 6.0996e+02   1251.229      30031  1029.4069  1029.4059    34.6287    34.6273    7.77401         23 0.0000e+00
    355.000    351.222     1.2617  30.002943     1.2624  30.002510     4.3454     4.4011    -0.0025    91.2284 1.0000e-12  -64.88094  -64.63735 345.839751      95.31 6.0996e+02   1252.455      30060  1029.4023  1029.4011    34.6288    34.6274    7.77395         32 0.0000e+00
    354.000    350.234     1.2604  30.001227     1.2609  30.000746     4.3363     4.4030    -0.0054    91.2233 1.0000e-12  -64.88094  -64.63736 345.839765      96.34 6.0996e+02   1253.700      30090  1029.3976  1029.3967    34.6286    34.6275    7.77422         24 0.0000e+00
    353.000    349.245     1.2586  29.998642     1.2589  29.997829     4.3488     4.4069    -0.0019    91.2493 1.0000e-12  -64.88094  -64.63736 345.839775      97.14 6.0996e+02   1254.560      30110  1029.3926  1029.3915    34.6279    34.6266    7.77462         19 0.0000e+00
    352.000    348.257     1.2571  29.996852     1.2574  29.996209     4.3522     4.4125    -0.0021    91.2649 1.0000e-12  -64.88094  -64.63736 345.839783      98.06 6.0996e+02   1255.290      30128  1029.3879  1029.3870    34.6279    34.6267    7.77493         17 0.0000e+00
    351.000    347.266     1.2556  29.994783     1.2546  29.992847     4.3545     4.4123    -0.0076    91.2491 1.0000e-12  -64.88094  -64.63736 345.839792      98.85 6.0996e+02   1256.026      30146  1029.3831  1029.3821    34.6275    34.6261    7.77524         19 0.0000e+00
    350.000    346.277     1.2544  29.992824     1.2548  29.992315     4.3538     4.4098    -0.0075    91.2167 1.0000e-12  -64.88094  -64.63735 345.839805      99.80 6.0989e+02   1257.117      30172  1029.3780  1029.3770    34.6269    34.6257    7.77551         29 0.0000e+00
    349.000    345.290     1.2587  29.997050     1.2574  29.994668     4.3576     4.4076    -0.0008    91.2126 1.0000e-12  -64.88094  -64.63735 345.839844      99.97 6.0819e+02   1260.561      30254  1029.3738  1029.3726    34.6281    34.6265    7.77459         34 0.0000e+00
    348.000    344.302     1.2572  29.995185     1.2566  29.993466     4.3616     4.4156    -0.0031    91.2192 1.0000e-12  -64.88094  -64.63736 345.839860      99.97 6.0819e+02   1261.901      30287  1029.3691  1029.3679    34.6279    34.6263    7.77489         25 0.0000e+00
    347.000    343.314     1.2536  29.991104     1.2530  29.989415     4.3589     4.4158    -0.0092    91.1999 1.0000e-12  -64.88094  -64.63736 345.839871      44.54 6.0819e+02   1262.851      30309  1029.3642  1029.3631    34.6272    34.6257    7.77564         21 0.0000e+00
    346.000    342.323     1.2512  29.987861     1.2512  29.986808     4.3554     4.4178    -0.0151    91.1969 1.0000e-12  -64.88094  -64.63737 345.839881     100.72 6.0819e+02   1263.699      30330  1029.3591  1029.3580    34.6264    34.6250    7.77618         20 0.0000e+00
    345.000    341.337     1.2509  29.987249     1.2507  29.985840     4.3561     4.4180    -0.0085    91.1978 1.0000e-12  -64.88094  -64.63738 345.839890      66.32 6.0819e+02   1264.477      30348  1029.3544  1029.3532    34.6264    34.6249    7.77622         18 0.0000e+00
    344.000    340.348     1.2504  29.986256     1.2503  29.985034     4.3586     4.4204    -0.0095    91.2052 1.0000e-12  -64.88094  -64.63738 345.839898      64.46 6.0819e+02   1265.185      30365  1029.3497  1029.3485    34.6263    34.6249    7.77633         16 0.0000e+00
    343.000    339.358     1.2504  29.985900     1.2501  29.984384     4.3624     4.4232    -0.0150    91.2101 1.0000e-12  -64.88094  -64.63738 345.839906      99.97 6.0819e+02   1265.854      30382  1029.3451  1029.3438    34.6264    34.6249    7.77632         16 0.0000e+00
    342.000    338.371     1.2484  29.983472     1.2486  29.982621     4.3688     4.4209    -0.0098    91.1921 1.0000e-12  -64.88094  -64.63738 345.839914      99.97 6.0819e+02   1266.546      30398  1029.3404  1029.3393    34.6262    34.6248    7.77674         17 0.0000e+00
    341.000    337.381     1.2462  29.980619     1.2468  29.980251     4.3703     4.4162    -0.0110    91.1875 1.0000e-12  -64.88094  -64.63736 345.839924      99.97 6.0755e+02   1267.394      30418  1029.3353  1029.3344    34.6254    34.6244    7.77720         26 0.0000e+00
    340.000    336.396     1.2498  29.983760     1.2500  29.982819     4.3587     4.4219    -0.0149    91.1778 1.0000e-12  -64.88094  -64.63736 345.839965      99.97 6.0748e+02   1270.963      30504  1029.3307  1029.3295    34.6261    34.6247    7.77646         25 0.0000e+00
    339.000    335.404     1.2500  29.983815     1.2496  29.982350     4.3596     4.4214    -0.0117    91.1813 1.0000e-12  -64.88094  -64.63737 345.839987      99.97 6.0823e+02   1272.884      30550  1029.3263  1029.3252    34.6265    34.6251    7.77640         16 0.0000e+00
    338.000    334.417     1.2472  29.980463     1.2471  29.979243     4.3610     4.4188    -0.0004    91.1855 1.0000e-12  -64.88094  -64.63738 345.839993      99.97 6.0819e+02   1273.396      30563  1029.3214  1029.3203    34.6259    34.6245    7.77698         14 0.0000e+00
    337.000    333.428     1.2465  29.979168     1.2462  29.977719     4.3629     4.4225    -0.0004    91.1775 1.0000e-12  -64.88094  -64.63738 345.839999      99.97 6.0819e+02   1273.942      30576  1029.3165  1029.3154    34.6257    34.6242    7.77714         13 0.0000e+00
    336.000    332.437     1.2449  29.977137     1.2445  29.975621     4.3664     4.4278     0.0002    91.1499 1.0000e-12  -64.88094  -64.63738 345.840006      99.97 6.0819e+02   1274.494      30589  1029.3118  1029.3106    34.6254    34.6239    7.77748         13 0.0000e+00
    335.000    331.450     1.2438  29.975395     1.2435  29.974168     4.3689     4.4293     0.0001    91.1377 1.0000e-12  -64.88094  -64.63738 345.840013      99.97 6.0819e+02   1275.105      30604  1029.3068  1029.3058    34.6249    34.6236    7.77771         16 0.0000e+00
    334.000    330.462     1.2438  29.974955     1.2447  29.974624     4.3700     4.4250    -0.0014    91.1331 1.0000e-12  -64.88094  -64.63738 345.840022      99.97 6.0819e+02   1275.878      30622  1029.3021  1029.3009    34.6249    34.6235    7.77771         22 0.0000e+00
    333.000    329.473     1.2449  29.975552     1.2448  29.974562     4.3718     4.4208    -0.0040    91.1271 1.0000e-12  -64.88094  -64.63738 345.840043      99.97 6.0819e+02   1277.676      30665  1029.2974  1029.2965    34.6250    34.6239    7.77748         37 0.0000e+00
    332.000    328.482     1.2456  29.976012     1.2454  29.974630     4.3625     4.4242    -0.0076    91.1381 1.0000e-12  -64.88094  -64.63739 345.840077      99.97 6.0819e+02   1280.686      30737  1029.2928  1029.2917    34.6254    34.6239    7.77732         30 0.0000e+00
    331.000    327.498     1.2452  29.975068     1.2452  29.973854     4.3642     4.4273    -0.0006    91.1377 1.0000e-12  -64.88094  -64.63740 345.840088      99.97 6.0819e+02   1281.629      30760  1029.2881  1029.2869    34.6253    34.6237    7.77742         20 0.0000e+00
    330.000    326.509     1.2438  29.973354     1.2441  29.972507     4.3670     4.4271     0.0093    91.1377 1.0000e-12  -64.88094  -64.63740 345.840097      99.97 6.0819e+02   1282.392      30778  1029.2835  1029.2823    34.6252    34.6238    7.77770         17 0.0000e+00
    329.000    325.518     1.2413  29.970245     1.2415  29.969508     4.3736     4.4270    -0.0114    91.1377 1.0000e-12  -64.88094  -64.63740 345.840105      99.97 6.0819e+02   1283.079      30795  1029.2785  1029.2775    34.6246    34.6234    7.77823         17 0.0000e+00
    328.000    324.530     1.2399  29.968462     1.2396  29.967162     4.3788     4.4284    -0.0094    91.1377 1.0000e-12  -64.88094  -64.63740 345.840113      99.97 6.0819e+02   1283.796      30812  1029.2738  1029.2728    34.6244    34.6231    7.77851         18 0.0000e+00
    327.000    323.541     1.2394  29.967348     1.2396  29.966510     4.3731     4.4306    -0.0001    91.1161 1.0000e-12  -64.88094  -64.63739 345.840123      99.97 6.0819e+02   1284.635      30832  1029.2690  1029.2679    34.6241    34.6228    7.77863         23 0.0000e+00
    326.000    322.553     1.2403  29.967784     1.2401  29.966632     4.3750     4.4262    -0.0024    91.1019 1.0000e-12  -64.88094  -64.63738 345.840137      99.97 6.0819e+02   1285.808      30860  1029.2642  1029.2632    34.6243    34.6230    7.77844         34 0.0000e+00
    325.000    321.564     1.2403  29.967309     1.2398  29.965832     4.3743     4.4239    -0.0027    91.1146 1.0000e-12  -64.88094  -64.63738 345.840158      99.97 6.0819e+02   1287.664      30905  1029.2596  1029.2584    34.6243    34.6229    7.77845         42 0.0000e+00
    324.000    320.575     1.2406  29.967328     1.2407  29.966341     4.3755     4.4317    -0.0021    91.0863 1.0000e-12  -64.88094  -64.63739 345.840185      99.97 6.0819e+02   1289.980      30961  1029.2549  1029.2538    34.6245    34.6231    7.77837         39 0.0000e+00
    323.000    319.588     1.2402  29.966517     1.2403  29.965554     4.3931     4.4483    -0.0080    91.1134 1.0000e-12  -64.88094  -64.63741 345.840203      99.97 6.0819e+02   1291.551      30998  1029.2503  1029.2492    34.6245    34.6232    7.77845         27 0.0000e+00
    322.000    318.597     1.2357  29.961872     1.2353  29.960646     4.3962     4.4536    -0.0065    91.1147 1.0000e-12  -64.88094  -64.63742 345.840214      99.97 6.0819e+02   1292.455      31020  1029.2457  1029.2448    34.6241    34.6230    7.77936         19 0.0000e+00
    321.000    317.611     1.2233  29.948288     1.2232  29.947041     4.3976     4.4519     0.0001    91.0716 1.0000e-12  -64.88094  -64.63742 345.840222      99.97 6.0819e+02   1293.147      31037  1029.2398  1029.2387    34.6210    34.6195    7.78199         16 0.0000e+00
    320.000    316.619     1.2215  29.945447     1.2214  29.944352     4.3951     4.4531    -0.0035    91.0949 1.0000e-12  -64.88094  -64.63742 345.840229      99.97 6.0819e+02   1293.759      31051  1029.2344  1029.2334    34.6199    34.6187    7.78240         14 0.0000e+00
    319.000    315.633     1.2216  29.945134     1.2212  29.943572     4.3968     4.4520    -0.0076    91.1349 1.0000e-12  -64.88094  -64.63742 345.840235      99.97 6.0819e+02   1294.340      31065  1029.2297  1029.2284    34.6200    34.6184    7.78238         14 0.0000e+00
    318.000    314.644     1.2218  29.944784     1.2216  29.943589     4.4001     4.4513    -0.0077    91.0861 1.0000e-12  -64.88094  -64.63742 345.840242      99.97 6.0819e+02   1294.940      31080  1029.2250  1029.2239    34.6199    34.6187    7.78235         15 0.0000e+00
    317.000    313.654     1.2209  29.943493     1.2214  29.942898     4.4007     4.4535    -0.0067    91.0861 1.0000e-12  -64.88094  -64.63741 345.840251      99.97 6.0819e+02   1295.650      31097  1029.2202  1029.2191    34.6198    34.6185    7.78252         20 0.0000e+00
    316.000    312.666     1.2239  29.945818     1.2239  29.945211     4.3982     4.4489    -0.0117    91.0996 1.0000e-12  -64.88094  -64.63740 345.840280      99.97 6.0819e+02   1298.235      31159  1029.2153  1029.2146    34.6201    34.6193    7.78193         32 0.0000e+00
    315.000    311.677     1.2236  29.945547     1.2237  29.944658     4.4014     4.4460    -0.0226    91.1121 1.0000e-12  -64.88094  -64.63741 345.840312      99.97 6.0819e+02   1300.940      31224  1029.2109  1029.2100    34.6206    34.6194    7.78195         24 0.0000e+00
    314.000    310.690     1.2224  29.943930     1.2223  29.942454     4.4078     4.4512    -0.0084    91.1217 1.0000e-12  -64.88094  -64.63742 345.840322      99.97 6.0819e+02   1301.834      31245  1029.2062  1029.2049    34.6205    34.6187    7.78219         21 0.0000e+00
    313.000    309.700     1.2201  29.940981     1.2197  29.939655     4.4136     4.4564    -0.0131    91.1067 1.0000e-12  -64.88094  -64.63742 345.840333      99.97 6.0819e+02   1302.762      31267  1029.2013  1029.2003    34.6199    34.6185    7.78269         24 0.0000e+00
    312.000    308.711     1.2178  29.938195     1.2167  29.935794     4.4201     4.4647    -0.0150    91.0928 1.0000e-12  -64.88094  -64.63743 345.840345      99.97 6.0819e+02   1303.837      31293  1029.1964  1029.1951    34.6194    34.6176    7.78317         27 0.0000e+00
    311.000    307.722     1.2116  29.931239     1.2146  29.933113     4.4282     4.4693     0.0011    91.1225 1.0000e-12  -64.88094  -64.63745 345.840357      99.97 6.0819e+02   1304.891      31318  1029.1912  1029.1900    34.6179    34.6170    7.78448         23 0.0000e+00
    310.000    306.735     1.2075  29.926118     1.2118  29.929677     4.4217     4.4717     0.0029    91.1176 1.0000e-12  -64.88093  -64.63746 345.840367      99.96 6.0868e+02   1305.731      31339  1029.1857  1029.1851    34.6165    34.6163    7.78537         18 0.0000e+00
    309.000    305.745     1.2062  29.924221     1.2066  29.923751     4.4185     4.4731    -0.0077    91.1239 1.0000e-12  -64.88092  -64.63746 345.840375      99.97 6.0937e+02   1306.415      31355  1029.1807  1029.1799    34.6161    34.6150    7.78565         15 0.0000e+00
    308.000    304.755     1.2063  29.923722     1.2061  29.922743     4.4183     4.4734    -0.0077    91.1342 1.0000e-12  -64.88092  -64.63746 345.840382      99.97 6.0960e+02   1307.038      31370  1029.1759  1029.1750    34.6159    34.6149    7.78564         15 0.0000e+00
