NBP2113_155081_ctd/data/nbp2113_047.ros
* Sea-Bird SBE 9 Data File:
* FileName = D:\Data\raw\NBP2113_047.hex
* Software Version Seasave V 7.26.7.121
* Temperature SN = 2438
* Conductivity SN = 2067
* Number of Bytes Per Scan = 40
* Number of Voltage Words = 5
* Number of Scans Averaged by the Deck Unit = 1
* NMEA Latitude = 64 51.26 S
* NMEA Longitude = 063 55.07 W
* NMEA UTC (Time) = Dec 11 2021  06:38:06
* NMEA baud rate = 9600
** Ship: RVIB N.B. Palmer
** Cruise: NBP2113 LTER
** Station: 622.029
** Operator: B. Urmston
# nquan = 20
# nvalues = 1114                                  
# units = specified
# name 0 = prDM: Pressure, Digiquartz [db]
# name 1 = depSM: Depth [salt water, m]
# name 2 = t090C: Temperature [ITS-90, deg C]
# name 3 = c0mS/cm: Conductivity [mS/cm]
# name 4 = t190C: Temperature, 2 [ITS-90, deg C]
# name 5 = c1mS/cm: Conductivity, 2 [mS/cm]
# name 6 = sbeox0ML/L: Oxygen, SBE 43 [ml/l]
# name 7 = sbeox1ML/L: Oxygen, SBE 43, 2 [ml/l]
# name 8 = flECO-AFL: Fluorescence, WET Labs ECO-AFL/FL [mg/m^3]
# name 9 = CStarTr0: Beam Transmission, WET Labs C-Star [%]
# name 10 = par: PAR/Irradiance, Biospherical/Licor
# name 11 = latitude: Latitude [deg]
# name 12 = longitude: Longitude [deg]
# name 13 = timeJ: Julian Days
# name 14 = altM: Altimeter [m]
# name 15 = spar: SPAR, Biospherical/Licor
# name 16 = timeS: Time, Elapsed [seconds]
# name 17 = scan: Scan Count
# name 18 = nbf: Bottles Fired
# name 19 = flag:  0.000e+00
# interval = seconds: 0.0416667
# start_time = Dec 11 2021 06:38:06 [NMEA time, header]
# bad_flag = -9.990e-29
*END*
[from data line 869]
      5.404      5.351    -0.3254  27.872723    -0.3166  27.882034     7.9611     8.0271     1.6919    85.4727 4.8523e+00  -64.85468  -63.91810 345.297974      99.95 1.0577e+01   1858.917      44615         19  0.000e+00
      5.356      5.303    -0.3217  27.873643    -0.3164  27.882821     7.9539     8.0276     1.6919    85.4985 4.8523e+00  -64.85468  -63.91810 345.297974      99.98 1.0577e+01   1858.958      44616         19  0.000e+00
      5.397      5.344    -0.3193  27.877210    -0.3165  27.883439     7.9571     8.0281     1.6919    85.4985 4.8368e+00  -64.85468  -63.91810 345.297975      99.98 1.0577e+01   1859.000      44617         19  0.000e+00
      5.301      5.249    -0.3204  27.879339    -0.3166  27.883889     7.9564     8.0231     1.6919    85.4985 4.8368e+00  -64.85468  -63.91810 345.297975      99.98 1.0577e+01   1859.042      44618         19  0.000e+00
      5.356      5.303    -0.3212  27.879454    -0.3162  27.883608     7.9572     8.0282     1.6919    85.4985 4.8214e+00  -64.85468  -63.91810 345.297976      99.98 1.0577e+01   1859.083      44619         19  0.000e+00
      5.404      5.351    -0.3225  27.877728    -0.3180  27.883383     7.9583     8.0291     1.6919    85.4985 4.8060e+00  -64.85468  -63.91810 345.297976      99.95 1.0577e+01   1859.125      44620         19  0.000e+00
      5.294      5.242    -0.3229  27.878246    -0.3189  27.883214     7.9575     8.0297     1.6919    85.4985 4.7906e+00  -64.85468  -63.91810 345.297976      99.95 1.0577e+01   1859.167      44621         19  0.000e+00
      5.404      5.351    -0.3229  27.878131    -0.3194  27.881247     7.9569     8.0250     1.6919    85.4985 4.7753e+00  -64.85468  -63.91810 345.297977      99.98 1.0577e+01   1859.208      44622         19  0.000e+00
      5.356      5.303    -0.3229  27.877441    -0.3193  27.879955     7.9574     8.0246     1.6919    85.4985 4.7447e+00  -64.85468  -63.91810 345.297977      99.98 1.0577e+01   1859.250      44623         19  0.000e+00
      5.301      5.249    -0.3223  27.876692    -0.3194  27.879673     7.9578     8.0296     1.6919    85.4985 4.7447e+00  -64.85468  -63.91810 345.297978      99.98 1.0577e+01   1859.292      44624         19  0.000e+00
      5.397      5.344    -0.3215  27.877728    -0.3195  27.880292     7.9640     8.0301     1.6919    85.4985 4.7295e+00  -64.85468  -63.91810 345.297978      99.93 1.0577e+01   1859.333      44625         19  0.000e+00
      5.404      5.351    -0.3212  27.878649    -0.3200  27.880236     7.9671     8.0305     1.6919    85.4985 4.7144e+00  -64.85468  -63.91810 345.297979      99.95 1.0577e+01   1859.375      44626         19  0.000e+00
      5.301      5.249    -0.3202  27.879051    -0.3197  27.880236     7.9628     8.0252     1.6919    85.4985 4.6993e+00  -64.85468  -63.91810 345.297979      99.98 1.0577e+01   1859.417      44627         19  0.000e+00
      5.397      5.344    -0.3199  27.879570    -0.3199  27.879224     7.9633     8.0258     1.6919    85.4985 4.6842e+00  -64.85468  -63.91810 345.297980      99.98 1.0577e+01   1859.458      44628         19  0.000e+00
      5.356      5.303    -0.3196  27.880260    -0.3199  27.878887     7.9694     8.0253     1.6919    85.4985 4.6692e+00  -64.85468  -63.91810 345.297980      99.98 1.0577e+01   1859.500      44629         19  0.000e+00
      5.356      5.303    -0.3195  27.880375    -0.3194  27.878100     7.9668     8.0248     1.6919    85.4985 4.6542e+00  -64.85468  -63.91810 345.297981      99.98 1.0577e+01   1859.542      44630         19  0.000e+00
      5.459      5.405    -0.3195  27.880663    -0.3202  27.878662     7.9674     8.0308     1.6846    85.5242 4.6392e+00  -64.85468  -63.91810 345.297981      99.98 1.0577e+01   1859.583      44631         19  0.000e+00
      5.349      5.297    -0.3198  27.880490    -0.3207  27.878718     7.9678     8.0320     1.6919    85.5500 4.6392e+00  -64.85468  -63.91810 345.297982      99.95 1.0577e+01   1859.625      44632         19  0.000e+00
      5.404      5.351    -0.3195  27.880663    -0.3211  27.878100     7.9727     8.0325     1.6919    85.5500 4.6392e+00  -64.85468  -63.91810 345.297982      99.95 1.0577e+01   1859.667      44633         19  0.000e+00
      5.356      5.304    -0.3190  27.880663    -0.3213  27.877089     7.9742     8.0329     1.6919    85.5500 4.6243e+00  -64.85468  -63.91810 345.297983      99.95 1.0577e+01   1859.708      44634         19  0.000e+00
      5.404      5.351    -0.3184  27.881296    -0.3218  27.876639     7.9700     8.0334     1.6406    85.5500 4.6243e+00  -64.85468  -63.91810 345.297983      99.98 1.0577e+01   1859.750      44635         19  0.000e+00
      5.397      5.344    -0.3173  27.881986    -0.3214  27.876583     7.9687     8.0336     1.6113    85.5500 4.6243e+00  -64.85470  -63.91810 345.297984      99.98 1.0577e+01   1859.792      44636         19  0.000e+00
      5.404      5.351    -0.3163  27.883540    -0.3199  27.877089     7.9717     8.0335     1.6040    85.5500 4.6095e+00  -64.85470  -63.91810 345.297984      99.93 1.0577e+01   1859.833      44637         19  0.000e+00
      5.404      5.351    -0.3159  27.884978    -0.3188  27.877875     7.9716     8.0334     1.6040    85.5500 4.5946e+00  -64.85470  -63.91810 345.297985      99.95 1.0577e+01   1859.875      44638         19  0.000e+00
      5.459      5.405    -0.3159  27.885669    -0.3185  27.878999     7.9729     8.0334     1.6113    85.5500 4.5946e+00  -64.85470  -63.91810 345.297985      99.98 1.0577e+01   1859.917      44639         19  0.000e+00
      5.397      5.344    -0.3160  27.885957    -0.3180  27.880236     7.9670     8.0333     1.6113    85.5500 4.5946e+00  -64.85470  -63.91810 345.297986      99.98 1.0577e+01   1859.958      44640         19  0.000e+00
      5.459      5.405    -0.3159  27.885497    -0.3177  27.881023     7.9713     8.0333     1.6113    85.5500 4.5946e+00  -64.85470  -63.91810 345.297986      99.98 1.0577e+01   1860.000      44641         19  0.000e+00
      5.404      5.351    -0.3159  27.885669    -0.3174  27.881247     7.9724     8.0332     1.6113    85.5500 4.6095e+00  -64.85470  -63.91810 345.297987      99.98 1.0577e+01   1860.042      44642         19  0.000e+00
      5.445      5.392    -0.3160  27.885381    -0.3175  27.881866     7.9735     8.0332     1.6113    85.5500 4.6095e+00  -64.85470  -63.91810 345.297987      99.98 1.0577e+01   1860.083      44643         19  0.000e+00
      5.459      5.405    -0.3162  27.885784    -0.3173  27.882821     7.9674     8.0331     1.6040    85.5500 4.6095e+00  -64.85470  -63.91810 345.297988      99.95 1.0577e+01   1860.125      44644         19  0.000e+00
      5.459      5.405    -0.3159  27.885151    -0.3180  27.882596     7.9714     8.0341     1.6040    85.5500 4.6095e+00  -64.85470  -63.91810 345.297988      99.95 1.0577e+01   1860.167      44645         19  0.000e+00
      5.459      5.405    -0.3159  27.885381    -0.3188  27.882934     7.9708     8.0350     1.6040    85.5757 4.6243e+00  -64.85470  -63.91810 345.297989      99.98 1.0577e+01   1860.208      44646         19  0.000e+00
      5.500      5.446    -0.3160  27.886302    -0.3199  27.882035     7.9701     8.0361     1.6113    85.5500 4.6243e+00  -64.85470  -63.91810 345.297989      99.98 1.0577e+01   1860.250      44647         19  0.000e+00
      5.459      5.405    -0.3162  27.885957    -0.3202  27.881023     7.9636     8.0361     1.6040    85.5500 4.6243e+00  -64.85470  -63.91810 345.297989      99.98 1.0577e+01   1860.292      44648         19  0.000e+00
      5.507      5.453    -0.3165  27.885382    -0.3208  27.879449     7.9688     8.0363     1.6113    85.5500 4.6392e+00  -64.85470  -63.91810 345.297990      99.93 1.0577e+01   1860.333      44649         19  0.000e+00
      5.507      5.453    -0.3165  27.884461    -0.3216  27.878438     7.9693     8.0364     1.6113    85.5500 4.6542e+00  -64.85470  -63.91810 345.297990      99.95 1.0577e+01   1860.375      44650         19  0.000e+00
      5.500      5.446    -0.3167  27.884346    -0.3225  27.876583     7.9698     8.0365     1.6113    85.5242 4.6542e+00  -64.85470  -63.91810 345.297991      99.98 1.0577e+01   1860.417      44651         19  0.000e+00
      5.507      5.453    -0.3173  27.884634    -0.3225  27.875515     7.9645     8.0364     1.6113    85.4470 4.6692e+00  -64.85470  -63.91810 345.297991      99.98 1.0577e+01   1860.458      44652         19  0.000e+00
      5.507      5.453    -0.3192  27.884173    -0.3231  27.873717     7.9697     8.0364     1.6113    85.4470 4.6842e+00  -64.85470  -63.91810 345.297992      99.98 1.0577e+01   1860.500      44653         19  0.000e+00
      5.548      5.494    -0.3209  27.882217    -0.3225  27.873661     7.9719     8.0360     1.6113    85.4470 4.6993e+00  -64.85470  -63.91810 345.297992      99.98 1.0577e+01   1860.542      44654         19  0.000e+00
      5.507      5.453    -0.3213  27.879570    -0.3230  27.873661     7.9681     8.0358     1.6040    85.4470 4.7144e+00  -64.85470  -63.91810 345.297993      99.98 1.0577e+01   1860.583      44655         19  0.000e+00
      5.562      5.507    -0.3218  27.877614    -0.3236  27.874223     7.9675     8.0355     1.6040    85.4470 4.7447e+00  -64.85470  -63.91810 345.297993      99.95 1.0577e+01   1860.625      44656         19  0.000e+00
      5.562      5.507    -0.3223  27.876118    -0.3238  27.873436     7.9725     8.0353     1.6113    85.4470 4.7447e+00  -64.85470  -63.91810 345.297994      99.95 1.0577e+01   1860.667      44657         19  0.000e+00
      5.603      5.548    -0.3228  27.876406    -0.3243  27.873156     7.9743     8.0350     1.6113    85.4470 4.7600e+00  -64.85470  -63.91810 345.297994      99.95 1.0577e+01   1860.708      44658         19  0.000e+00
      5.507      5.453    -0.3235  27.875255    -0.3251  27.872874     7.9690     8.0400     1.6040    85.4470 4.7753e+00  -64.85470  -63.91810 345.297995      99.98 1.0577e+01   1860.750      44659         19  0.000e+00
      5.657      5.602    -0.3240  27.874795    -0.3255  27.872425     7.9669     8.0352     1.6113    85.4470 4.7906e+00  -64.85470  -63.91810 345.297995      99.98 1.0577e+01   1860.792      44660         20  0.000e+00
      5.562      5.507    -0.3240  27.874564    -0.3261  27.871863     7.9702     8.0347     1.5600    85.4470 4.7906e+00  -64.85470  -63.91810 345.297996      99.95 1.0577e+01   1860.833      44661         20  0.000e+00
      5.603      5.548    -0.3232  27.874737    -0.3249  27.871301     7.9702     8.0339     1.4795    85.4727 4.8214e+00  -64.85470  -63.91810 345.297996      80.73 1.0577e+01   1860.875      44662         20  0.000e+00
      5.610      5.555    -0.3235  27.875600    -0.3249  27.871582     7.9703     8.0333     1.4575    85.4470 4.8060e+00  -64.85470  -63.91810 345.297997      55.90 1.0577e+01   1860.917      44663         20  0.000e+00
      5.562      5.507    -0.3218  27.875370    -0.3257  27.872425     7.9701     8.0335     1.4648    85.4470 4.8214e+00  -64.85470  -63.91810 345.297997      49.91 1.0577e+01   1860.958      44664         20  0.000e+00
      5.658      5.602    -0.3207  27.875370    -0.3248  27.872369     7.9743     8.0337     1.4648    85.4470 4.8214e+00  -64.85470  -63.91810 345.297998      50.82 1.0577e+01   1861.000      44665         20  0.000e+00
      5.603      5.548    -0.3209  27.876808    -0.3252  27.871582     7.9696     8.0340     1.4648    85.4727 4.8368e+00  -64.85470  -63.91810 345.297998      51.77 1.0577e+01   1861.042      44666         20  0.000e+00
      5.658      5.602    -0.3201  27.877211    -0.3260  27.873212     7.9693     8.0334     1.4648    85.4470 4.8368e+00  -64.85470  -63.91810 345.297999      51.99 1.0577e+01   1861.083      44667         20  0.000e+00
      5.610      5.555    -0.3186  27.877441    -0.3257  27.873942     7.9686     8.0334     1.4648    85.4470 4.8368e+00  -64.85470  -63.91810 345.297999      51.92 1.0577e+01   1861.125      44668         20  0.000e+00
      5.651      5.595    -0.3181  27.879167    -0.3248  27.874729     7.9739     8.0334     1.4648    85.4470 4.8523e+00  -64.85470  -63.91810 345.298000      51.87 1.0577e+01   1861.167      44669         20  0.000e+00
      5.658      5.602    -0.3176  27.880376    -0.3232  27.875291     7.9746     8.0333     1.4648    85.4470 4.8523e+00  -64.85470  -63.91810 345.298000      51.87 1.0577e+01   1861.208      44670         20  0.000e+00
      5.658      5.602    -0.3176  27.881987    -0.3225  27.876303     7.9695     8.0323     1.4648    85.4470 4.8523e+00  -64.85470  -63.91810 345.298001      51.89 1.0577e+01   1861.250      44671         20  0.000e+00
      5.658      5.602    -0.3173  27.883138    -0.3231  27.876809     7.9687     8.0317     1.4648    85.4212 4.8523e+00  -64.85470  -63.91810 345.298001      51.89 1.0577e+01   1861.292      44672         20  0.000e+00
      5.699      5.643    -0.3176  27.883541    -0.3232  27.876584     7.9681     8.0319     1.4648    85.4470 4.8523e+00  -64.85470  -63.91810 345.298002      51.87 1.0577e+01   1861.333      44673         20  0.000e+00
      5.658      5.602    -0.3175  27.883310    -0.3231  27.877146     7.9688     8.0318     1.4648    85.4212 4.8679e+00  -64.85470  -63.91810 345.298002      56.46 1.0577e+01   1861.375      44674         20  0.000e+00
      5.712      5.656    -0.3173  27.883138    -0.3237  27.876303     7.9694     8.0322     1.4648    85.4212 4.8835e+00  -64.85470  -63.91810 345.298003      87.06 1.0577e+01   1861.417      44675         20  0.000e+00
      5.658      5.602    -0.3180  27.882735    -0.3243  27.874729     7.9631     8.0316     1.4648    85.4212 4.8679e+00  -64.85470  -63.91810 345.298003     100.00 1.0577e+01   1861.458      44676         20  0.000e+00
      5.699      5.643    -0.3180  27.883311    -0.3246  27.873212     7.9668     8.0364     1.4721    85.4212 4.8679e+00  -64.85470  -63.91810 345.298003     100.00 1.0577e+01   1861.500      44677         20  0.000e+00
      5.712      5.656    -0.3178  27.883656    -0.3249  27.871863     7.9616     8.0311     1.4648    85.4212 4.8679e+00  -64.85470  -63.91810 345.298004     100.00 1.0577e+01   1861.542      44678         20  0.000e+00
      5.712      5.656    -0.3189  27.883311    -0.3259  27.871583     7.9540     8.0304     1.4648    85.4212 4.8523e+00  -64.85470  -63.91810 345.298004      99.98 1.0577e+01   1861.583      44679         20  0.000e+00
      5.699      5.643    -0.3193  27.882735    -0.3234  27.872088     7.9566     8.0298     1.4648    85.4212 4.8368e+00  -64.85470  -63.91810 345.298005      99.90 1.0577e+01   1861.625      44680         20  0.000e+00
      5.712      5.656    -0.3199  27.882102    -0.3203  27.874504     7.9548     8.0290     1.4648    85.4212 4.8368e+00  -64.85470  -63.91810 345.298005      99.93 1.0577e+01   1861.667      44681         20  0.000e+00
      5.712      5.656    -0.3195  27.881182    -0.3195  27.877595     7.9542     8.0286     1.4648    85.4212 4.8214e+00  -64.85470  -63.91810 345.298006      99.98 1.0577e+01   1861.708      44682         20  0.000e+00
      5.658      5.602    -0.3193  27.881181    -0.3197  27.878663     7.9535     8.0284     1.4648    85.4212 4.8060e+00  -64.85470  -63.91810 345.298006      99.98 1.0577e+01   1861.750      44683         20  0.000e+00
      5.801      5.745    -0.3189  27.881585    -0.3214  27.878439     7.9517     8.0288     1.4648    85.4212 4.8060e+00  -64.85470  -63.91810 345.298007      99.98 1.0577e+01   1861.792      44684         20  0.000e+00
      5.713      5.657    -0.3183  27.881412    -0.3223  27.877595     7.9496     8.0289     1.4648    85.4212 4.7753e+00  -64.85470  -63.91810 345.298007      99.93 1.0577e+01   1861.833      44685         20  0.000e+00
      5.713      5.657    -0.3183  27.882217    -0.3225  27.876303     7.9491     8.0289     1.4648    85.4212 4.7753e+00  -64.85470  -63.91810 345.298008      99.93 1.0577e+01   1861.875      44686         20  0.000e+00
