NBP2113_155081_ctd/data/nbp2113_024.ros
* Sea-Bird SBE 9 Data File:
* FileName = D:\Data\raw\NBP2113_024.hex
* Software Version Seasave V 7.26.7.121
* Temperature SN = 2438
* Conductivity SN = 2067
* Number of Bytes Per Scan = 40
* Number of Voltage Words = 5
* Number of Scans Averaged by the Deck Unit = 1
* NMEA Latitude = 67 06.83 S
* NMEA Longitude = 071 31.86 W
* NMEA UTC (Time) = Dec 02 2021  07:40:38
* NMEA baud rate = 9600
** Ship: RVIB N.B. Palmer
** Cruise: NBP2113 LTER
** Station: 200.100
** Operator: B. Urmston
# nquan = 20
# nvalues = 1098                                  
# units = specified
# name 0 = prDM: Pressure, Digiquartz [db]
# name 1 = depSM: Depth [salt water, m]
# name 2 = t090C: Temperature [ITS-90, deg C]
# name 3 = c0mS/cm: Conductivity [mS/cm]
# name 4 = t190C: Temperature, 2 [ITS-90, deg C]
# name 5 = c1mS/cm: Conductivity, 2 [mS/cm]
# name 6 = sbeox0ML/L: Oxygen, SBE 43 [ml/l]
# name 7 = sbeox1ML/L: Oxygen, SBE 43, 2 [ml/l]
# name 8 = flECO-AFL: Fluorescence, WET Labs ECO-AFL/FL [mg/m^3]
# name 9 = CStarTr0: Beam Transmission, WET Labs C-Star [%]
# name 10 = par: PAR/Irradiance, Biospherical/Licor
# name 11 = latitude: Latitude [deg]
# name 12 = longitude: Longitude [deg]
# name 13 = timeJ: Julian Days
# name 14 = altM: Altimeter [m]
# name 15 = spar: SPAR, Biospherical/Licor
# name 16 = timeS: Time, Elapsed [seconds]
# name 17 = scan: Scan Count
# name 18 = nbf: Bottles Fired
# name 19 = flag:  0.000e+00
# interval = seconds: 0.0416667
# start_time = Dec 02 2021 07:40:38 [NMEA time, header]
# bad_flag = -9.990e-29
*END*
[from data line 724]
     34.971     34.621    -0.4930  27.898656    -0.4931  27.896519     8.1221     8.1701     2.6663    87.9190 8.1631e-01  -67.11386  -71.53048 336.342952      99.95 5.6412e+01   1993.083      47835         16  0.000e+00
     34.971     34.621    -0.4929  27.898368    -0.4931  27.896575     8.1234     8.1694     2.6663    87.9190 8.1631e-01  -67.11386  -71.53048 336.342953      99.95 5.6412e+01   1993.125      47836         16  0.000e+00
     34.869     34.519    -0.4931  27.898195    -0.4931  27.896574     8.1232     8.1696     2.6663    87.9190 8.1631e-01  -67.11386  -71.53048 336.342953      99.98 5.6412e+01   1993.167      47837         16  0.000e+00
     34.917     34.566    -0.4929  27.898195    -0.4932  27.896631     8.1229     8.1691     2.6663    87.9190 8.2049e-01  -67.11386  -71.53048 336.342954      99.98 5.6412e+01   1993.208      47838         16  0.000e+00
     34.917     34.566    -0.4930  27.898023    -0.4931  27.896575     8.1167     8.1694     2.6589    87.9190 8.2049e-01  -67.11386  -71.53048 336.342954      99.95 5.6412e+01   1993.250      47839         16  0.000e+00
     34.869     34.519    -0.4930  27.898138    -0.4933  27.896350     8.1149     8.1698     2.6150    87.9190 8.2049e-01  -67.11386  -71.53048 336.342955      99.95 5.4649e+01   1993.292      47840         16  0.000e+00
     34.814     34.465    -0.4931  27.898425    -0.4931  27.896462     8.1188     8.1701     2.5930    87.9190 8.2049e-01  -67.11386  -71.53048 336.342955      99.98 5.4649e+01   1993.333      47841         16  0.000e+00
     34.869     34.519    -0.4931  27.898483    -0.4931  27.896462     8.1196     8.1697     2.5930    87.9190 8.2049e-01  -67.11386  -71.53048 336.342956      99.98 5.4649e+01   1993.375      47842         16  0.000e+00
     34.814     34.465    -0.4928  27.898253    -0.4929  27.896518     8.1247     8.1691     2.6003    87.9190 8.2049e-01  -67.11386  -71.53048 336.342956      99.98 5.4649e+01   1993.417      47843         16  0.000e+00
     34.814     34.465    -0.4930  27.898425    -0.4930  27.896743     8.1252     8.1686     2.6003    87.9190 8.2468e-01  -67.11386  -71.53048 336.342957      99.98 5.4649e+01   1993.458      47844         16  0.000e+00
     34.766     34.417    -0.4930  27.898080    -0.4931  27.896630     8.1299     8.1690     2.6003    87.9190 8.2468e-01  -67.11386  -71.53048 336.342957      99.98 5.4649e+01   1993.500      47845         16  0.000e+00
     34.814     34.465    -0.4928  27.898310    -0.4932  27.896574     8.1255     8.1687     2.5930    87.9190 8.2468e-01  -67.11386  -71.53048 336.342958      99.98 5.4649e+01   1993.542      47846         16  0.000e+00
     34.766     34.417    -0.4927  27.898483    -0.4930  27.896462     8.1267     8.1691     2.6003    87.9190 8.2468e-01  -67.11386  -71.53048 336.342958      99.93 5.4649e+01   1993.583      47847         16  0.000e+00
     34.766     34.418    -0.4931  27.898252    -0.4930  27.896687     8.1222     8.1695     2.6003    87.9190 8.2468e-01  -67.11386  -71.53048 336.342959      99.95 5.4649e+01   1993.625      47848         16  0.000e+00
     34.718     34.370    -0.4928  27.898425    -0.4929  27.896405     8.1349     8.1700     2.6003    87.9190 8.2468e-01  -67.11386  -71.53048 336.342959      99.98 5.4649e+01   1993.667      47849         16  0.000e+00
     34.718     34.370    -0.4927  27.898483    -0.4930  27.896462     8.1342     8.1706     2.6003    87.9190 8.2468e-01  -67.11386  -71.53048 336.342960      99.98 5.6412e+01   1993.708      47850         16  0.000e+00
     34.718     34.370    -0.4926  27.898252    -0.4929  27.896630     8.1308     8.1703     2.6003    87.9190 8.2468e-01  -67.11386  -71.53048 336.342960      99.95 5.4649e+01   1993.750      47851         16  0.000e+00
     34.718     34.370    -0.4925  27.898195    -0.4930  27.896743     8.1246     8.1700     2.6003    87.9190 8.2468e-01  -67.11386  -71.53048 336.342961      99.95 5.4649e+01   1993.792      47852         16  0.000e+00
     34.718     34.370    -0.4927  27.898195    -0.4930  27.896405     8.1274     8.1698     2.6003    87.9190 8.2468e-01  -67.11386  -71.53048 336.342961      99.98 5.4649e+01   1993.833      47853         16  0.000e+00
     34.664     34.316    -0.4928  27.898195    -0.4931  27.896855     8.1211     8.1703     2.5930    87.9190 8.2468e-01  -67.11386  -71.53048 336.342962      99.98 5.4649e+01   1993.875      47854         16  0.000e+00
     34.718     34.370    -0.4927  27.898195    -0.4930  27.896687     8.1135     8.1701     2.5930    87.9190 8.2049e-01  -67.11386  -71.53048 336.342962      99.98 5.4649e+01   1993.917      47855         16  0.000e+00
     34.664     34.316    -0.4928  27.898425    -0.4931  27.896630     8.1162     8.1707     2.5930    87.9190 8.2049e-01  -67.11386  -71.53048 336.342962      99.98 5.4649e+01   1993.958      47856         16  0.000e+00
     34.616     34.269    -0.4927  27.898310    -0.4931  27.896742     8.1188     8.1704     2.6003    87.9190 8.2049e-01  -67.11386  -71.53048 336.342963      99.98 5.4649e+01   1994.000      47857         16  0.000e+00
     34.616     34.269    -0.4927  27.898194    -0.4931  27.896405     8.1255     8.1757     2.5930    87.8932 8.1631e-01  -67.11386  -71.53048 336.342963      99.95 5.4649e+01   1994.042      47858         16  0.000e+00
     34.664     34.316    -0.4929  27.898367    -0.4931  27.896462     8.1306     8.1764     2.5930    87.9190 8.1631e-01  -67.11386  -71.53048 336.342964      99.93 5.4649e+01   1994.083      47859         16  0.000e+00
     34.616     34.269    -0.4927  27.898482    -0.4930  27.896630     8.1355     8.1714     2.6003    87.8932 8.1631e-01  -67.11386  -71.53048 336.342964      99.95 5.4649e+01   1994.125      47860         16  0.000e+00
     34.561     34.214    -0.4926  27.898655    -0.4930  27.896574     8.1392     8.1711     2.6003    87.9190 8.1214e-01  -67.11386  -71.53048 336.342965      99.98 5.4649e+01   1994.167      47861         16  0.000e+00
     34.664     34.316    -0.4928  27.898713    -0.4929  27.896743     8.1430     8.1717     2.6003    87.9190 8.1214e-01  -67.11386  -71.53048 336.342965      99.98 5.4649e+01   1994.208      47862         16  0.000e+00
     34.561     34.214    -0.4930  27.898367    -0.4931  27.896405     8.1453     8.1723     2.5930    87.8932 8.1214e-01  -67.11386  -71.53048 336.342966      99.95 5.4649e+01   1994.250      47863         16  0.000e+00
     34.616     34.269    -0.4926  27.898022    -0.4930  27.896799     8.1403     8.1730     2.5930    87.9190 8.0798e-01  -67.11386  -71.53048 336.342966      99.93 5.4649e+01   1994.292      47864         16  0.000e+00
     34.561     34.214    -0.4927  27.898137    -0.4929  27.896461     8.1383     8.1737     2.6003    87.9190 8.0383e-01  -67.11386  -71.53048 336.342967      99.95 5.4649e+01   1994.333      47865         16  0.000e+00
     34.561     34.215    -0.4928  27.898425    -0.4929  27.896630     8.1318     8.1735     2.8567    87.8932 8.0383e-01  -67.11386  -71.53048 336.342967      99.98 5.4649e+01   1994.375      47866         16  0.000e+00
     35.785     35.426    -0.4929  27.898831    -0.4931  27.897027     8.1424     8.1640     2.5930    87.8932 7.0386e-01  -67.11386  -71.53048 336.343070      99.98 5.4649e+01   2003.208      48078         17  0.000e+00
     35.634     35.277    -0.4927  27.898888    -0.4930  27.897026     8.1453     8.1697     2.5930    87.8932 7.0386e-01  -67.11386  -71.53048 336.343070      99.93 5.4649e+01   2003.250      48079         17  0.000e+00
     35.682     35.324    -0.4930  27.898830    -0.4933  27.896858     8.1424     8.1701     2.6003    87.8932 7.0386e-01  -67.11386  -71.53048 336.343071      99.95 5.4649e+01   2003.292      48080         17  0.000e+00
     35.682     35.324    -0.4928  27.898543    -0.4931  27.896802     8.1509     8.1658     2.6077    87.8932 7.0772e-01  -67.11386  -71.53048 336.343071      99.98 5.4649e+01   2003.333      48081         17  0.000e+00
     35.682     35.324    -0.4930  27.898658    -0.4933  27.896970     8.1561     8.1662     2.6077    87.9190 7.0772e-01  -67.11386  -71.53048 336.343071      99.98 5.4649e+01   2003.375      48082         17  0.000e+00
     35.580     35.223    -0.4929  27.898945    -0.4929  27.896970     8.1609     8.1719     2.6077    87.8932 7.1160e-01  -67.11386  -71.53048 336.343072      99.98 5.4649e+01   2003.417      48083         17  0.000e+00
     35.634     35.277    -0.4930  27.898773    -0.4930  27.897026     8.1659     8.1668     2.6077    87.9190 7.1160e-01  -67.11386  -71.53048 336.343072      99.98 5.4649e+01   2003.458      48084         17  0.000e+00
     35.580     35.223    -0.4930  27.898715    -0.4930  27.896857     8.1619     8.1672     2.6003    87.9190 7.1549e-01  -67.11386  -71.53048 336.343073      99.98 5.4649e+01   2003.500      48085         17  0.000e+00
     35.580     35.223    -0.4926  27.898945    -0.4931  27.896801     8.1635     8.1676     2.6077    87.9190 7.1549e-01  -67.11386  -71.53048 336.343073      99.95 5.4649e+01   2003.542      48086         17  0.000e+00
     35.532     35.175    -0.4928  27.898773    -0.4931  27.896689     8.1636     8.1681     2.6077    87.9190 7.1938e-01  -67.11386  -71.53048 336.343074      99.95 5.4649e+01   2003.583      48087         17  0.000e+00
     35.429     35.074    -0.4926  27.898542    -0.4933  27.896970     8.1619     8.1739     2.6003    87.9190 7.1938e-01  -67.11386  -71.53048 336.343074      99.98 5.4649e+01   2003.625      48088         17  0.000e+00
     35.552     35.196    -0.4927  27.898657    -0.4932  27.897251     8.1544     8.1754     2.6077    87.9190 7.2329e-01  -67.11386  -71.53048 336.343075      99.98 5.4649e+01   2003.667      48089         17  0.000e+00
     35.429     35.074    -0.4930  27.898542    -0.4930  27.896913     8.1466     8.1702     2.6077    87.9190 7.2329e-01  -67.11386  -71.53048 336.343075      99.98 5.4649e+01   2003.708      48090         17  0.000e+00
     35.429     35.074    -0.4929  27.898657    -0.4932  27.896913     8.1431     8.1699     2.6077    87.9190 7.2721e-01  -67.11386  -71.53048 336.343076      99.93 5.4649e+01   2003.750      48091         17  0.000e+00
     35.429     35.074    -0.4928  27.898542    -0.4931  27.897251     8.1454     8.1694     2.6077    87.9190 7.3115e-01  -67.11386  -71.53048 336.343076      99.95 5.4649e+01   2003.792      48092         17  0.000e+00
     35.381     35.026    -0.4928  27.898887    -0.4931  27.897138     8.1371     8.1690     2.6003    87.9190 7.2721e-01  -67.11386  -71.53048 336.343077      99.98 5.4649e+01   2003.833      48093         17  0.000e+00
     35.326     34.972    -0.4928  27.898599    -0.4932  27.896688     8.1347     8.1695     2.6077    87.9190 7.3509e-01  -67.11386  -71.53048 336.343077      99.98 5.4649e+01   2003.875      48094         17  0.000e+00
     35.327     34.972    -0.4930  27.898657    -0.4931  27.896744     8.1322     8.1691     2.6077    87.9190 7.3509e-01  -67.11386  -71.53048 336.343078      99.98 5.4649e+01   2003.917      48095         17  0.000e+00
     35.279     34.925    -0.4928  27.898714    -0.4931  27.896913     8.1296     8.1687     2.6077    87.9190 7.3509e-01  -67.11386  -71.53048 336.343078      99.98 5.4649e+01   2003.958      48096         17  0.000e+00
     35.231     34.877    -0.4928  27.898139    -0.4929  27.896800     8.1270     8.1682     2.6003    87.9447 7.3904e-01  -67.11386  -71.53048 336.343079      99.98 5.4649e+01   2004.000      48097         17  0.000e+00
     35.279     34.925    -0.4931  27.898484    -0.4931  27.896800     8.1258     8.1680     2.6003    87.9190 7.3904e-01  -67.11386  -71.53048 336.343079      99.98 5.4649e+01   2004.042      48098         17  0.000e+00
     35.176     34.823    -0.4928  27.898369    -0.4929  27.896800     8.1244     8.1684     2.6077    87.9190 7.4301e-01  -67.11386  -71.53048 336.343080      99.95 5.4649e+01   2004.083      48099         17  0.000e+00
     35.176     34.823    -0.4927  27.898426    -0.4931  27.896688     8.1290     8.1690     2.6077    87.9190 7.4301e-01  -67.11386  -71.53048 336.343080      99.98 5.4649e+01   2004.125      48100         17  0.000e+00
     35.176     34.823    -0.4928  27.898484    -0.4930  27.896744     8.1291     8.1696     2.6003    87.9190 7.4301e-01  -67.11386  -71.53048 336.343081      99.98 5.4649e+01   2004.167      48101         17  0.000e+00
     35.073     34.722    -0.4931  27.898484    -0.4932  27.896969     8.1246     8.1701     2.6077    87.9190 7.4698e-01  -67.11386  -71.53048 336.343081      99.98 5.4649e+01   2004.208      48102         17  0.000e+00
     35.128     34.776    -0.4926  27.898484    -0.4930  27.896856     8.1247     8.1708     2.5198    87.9190 7.5097e-01  -67.11386  -71.53048 336.343082      99.93 5.4649e+01   2004.250      48103         17  0.000e+00
     35.025     34.674    -0.4928  27.898656    -0.4930  27.896800     8.1306     8.1706     2.4538    87.9190 7.5097e-01  -67.11386  -71.53048 336.343082      99.95 5.4649e+01   2004.292      48104         17  0.000e+00
     35.025     34.674    -0.4928  27.898714    -0.4929  27.896687     8.1249     8.1704     2.4465    87.9190 7.5097e-01  -67.11386  -71.53048 336.343083      99.98 5.4649e+01   2004.333      48105         17  0.000e+00
     35.026     34.674    -0.4926  27.898541    -0.4929  27.896968     8.1250     8.1701     2.4465    87.9190 7.5497e-01  -67.11386  -71.53048 336.343083      99.98 5.4649e+01   2004.375      48106         17  0.000e+00
     34.978     34.627    -0.4928  27.898483    -0.4929  27.896856     8.1310     8.1699     2.4538    87.9190 7.5497e-01  -67.11386  -71.53048 336.343084      99.98 5.4649e+01   2004.417      48107         17  0.000e+00
     34.923     34.573    -0.4927  27.898253    -0.4930  27.896799     8.1325     8.1697     2.4538    87.9190 7.5497e-01  -67.11386  -71.53048 336.343084      99.98 5.4649e+01   2004.458      48108         17  0.000e+00
     34.978     34.627    -0.4925  27.898598    -0.4930  27.897137     8.1283     8.1696     2.4538    87.9190 7.5898e-01  -67.11386  -71.53048 336.343084      99.98 5.4649e+01   2004.500      48109         17  0.000e+00
     34.875     34.525    -0.4925  27.898713    -0.4928  27.896912     8.1226     8.1693     2.4538    87.9190 7.5898e-01  -67.11386  -71.53048 336.343085      99.95 5.4649e+01   2004.542      48110         17  0.000e+00
     34.875     34.525    -0.4925  27.898886    -0.4929  27.896799     8.1203     8.1691     2.4538    87.9190 7.5898e-01  -67.11386  -71.53048 336.343085      99.95 5.4649e+01   2004.583      48111         17  0.000e+00
     34.820     34.471    -0.4925  27.898828    -0.4929  27.896799     8.1165     8.1688     2.4538    87.9190 7.5898e-01  -67.11386  -71.53048 336.343086      99.98 5.4649e+01   2004.625      48112         17  0.000e+00
     34.820     34.471    -0.4928  27.898310    -0.4928  27.896687     8.1115     8.1687     2.4538    87.9190 7.6300e-01  -67.11386  -71.53048 336.343086      99.98 5.4649e+01   2004.667      48113         17  0.000e+00
     34.820     34.471    -0.4926  27.898368    -0.4930  27.896968     8.1077     8.1685     2.4538    87.9190 7.6300e-01  -67.11386  -71.53048 336.343087      99.98 5.4649e+01   2004.708      48114         17  0.000e+00
     34.772     34.424    -0.4928  27.898655    -0.4928  27.897080     8.1025     8.1682     2.4465    87.9190 7.6300e-01  -67.11386  -71.53048 336.343087      99.95 5.4649e+01   2004.750      48115         17  0.000e+00
     34.772     34.424    -0.4925  27.898713    -0.4930  27.896855     8.1030     8.1681     2.4538    87.9190 7.6300e-01  -67.11386  -71.53050 336.343088      99.95 5.4649e+01   2004.792      48116         17  0.000e+00
     34.725     34.376    -0.4927  27.898713    -0.4929  27.896968     8.0990     8.1623     2.4538    87.9190 7.6300e-01  -67.11386  -71.53050 336.343088      99.95 5.4649e+01   2004.833      48117         17  0.000e+00
