NBP2113_155081_ctd/data/nbp2113_019.ros
* Sea-Bird SBE 9 Data File:
* FileName = D:\Data\raw\NBP2113_019.hex
* Software Version Seasave V 7.26.7.121
* Temperature SN = 2438
* Conductivity SN = 2067
* Number of Bytes Per Scan = 40
* Number of Voltage Words = 5
* Number of Scans Averaged by the Deck Unit = 1
* NMEA Latitude = 66 53.46 S
* NMEA Longitude = 068 55.21 W
* NMEA UTC (Time) = Nov 29 2021  09:39:46
* NMEA baud rate = 9600
** Ship: RVIB N.B. Palmer
** Cruise: NBP2113 LTER
** Station: 300.040
** Operator: B. Urmston
# nquan = 20
# nvalues = 1145                                  
# units = specified
# name 0 = prDM: Pressure, Digiquartz [db]
# name 1 = depSM: Depth [salt water, m]
# name 2 = t090C: Temperature [ITS-90, deg C]
# name 3 = c0mS/cm: Conductivity [mS/cm]
# name 4 = t190C: Temperature, 2 [ITS-90, deg C]
# name 5 = c1mS/cm: Conductivity, 2 [mS/cm]
# name 6 = sbeox0ML/L: Oxygen, SBE 43 [ml/l]
# name 7 = sbeox1ML/L: Oxygen, SBE 43, 2 [ml/l]
# name 8 = flECO-AFL: Fluorescence, WET Labs ECO-AFL/FL [mg/m^3]
# name 9 = CStarTr0: Beam Transmission, WET Labs C-Star [%]
# name 10 = par: PAR/Irradiance, Biospherical/Licor
# name 11 = latitude: Latitude [deg]
# name 12 = longitude: Longitude [deg]
# name 13 = timeJ: Julian Days
# name 14 = altM: Altimeter [m]
# name 15 = spar: SPAR, Biospherical/Licor
# name 16 = timeS: Time, Elapsed [seconds]
# name 17 = scan: Scan Count
# name 18 = nbf: Bottles Fired
# name 19 = flag:  0.000e+00
# interval = seconds: 0.0416667
# start_time = Nov 29 2021 09:39:46 [NMEA time, header]
# bad_flag = -9.990e-29
*END*
[from data line 290]
    289.400    286.326     1.3599  30.090177     1.3652  30.095497     4.0674     4.1093     0.0069    97.0601 1.0000e-12  -66.89126  -68.92404 333.425755      99.98 5.0595e+02   1999.250      47983          6  0.000e+00
    289.400    286.326     1.3607  30.090769     1.3655  30.095381     4.0671     4.1132    -0.0004    97.0858 1.0000e-12  -66.89126  -68.92404 333.425756      99.98 5.0595e+02   1999.292      47984          6  0.000e+00
    289.400    286.326     1.3618  30.092131     1.3657  30.095497     4.0668     4.1126    -0.0004    97.0858 1.0000e-12  -66.89126  -68.92404 333.425756      99.95 5.0595e+02   1999.333      47985          6  0.000e+00
    289.400    286.326     1.3629  30.092900     1.3657  30.095381     4.0707     4.1119    -0.0004    97.0858 1.0000e-12  -66.89126  -68.92404 333.425757      99.98 5.0595e+02   1999.375      47986          6  0.000e+00
    154.868    153.272     0.3049  28.893283     0.3036  28.891309     5.3164     5.3316     0.0362    96.7511 1.0000e-12  -66.89128  -68.92400 333.428187      99.95 5.4120e+02   2209.333      53025          7  0.000e+00
    154.971    153.374     0.3056  28.894391     0.3042  28.892335     5.3206     5.3306     0.0362    96.7511 1.0000e-12  -66.89128  -68.92400 333.428187      99.98 5.4120e+02   2209.375      53026          7  0.000e+00
    155.019    153.422     0.3069  28.896257     0.3057  28.893873     5.3156     5.3350     0.0362    96.7511 1.0000e-12  -66.89128  -68.92400 333.428188      99.98 5.4120e+02   2209.417      53027          7  0.000e+00
    155.177    153.578     0.3083  28.898065     0.3071  28.895696     5.3151     5.3348     0.0362    96.7511 1.0000e-12  -66.89128  -68.92400 333.428188      99.98 5.4120e+02   2209.458      53028          7  0.000e+00
    155.122    153.523     0.3093  28.898881     0.3086  28.897119     5.3144     5.3290     0.0362    96.7511 1.0000e-12  -66.89128  -68.92400 333.428189      99.95 5.4120e+02   2209.500      53029          7  0.000e+00
    155.177    153.578     0.3098  28.899406     0.3095  28.898145     5.3182     5.3281     0.0362    96.7511 1.0000e-12  -66.89128  -68.92400 333.428189      99.98 5.4120e+02   2209.542      53030          7  0.000e+00
    155.245    153.646     0.3101  28.899173     0.3099  28.898088     5.3189     5.3273     0.0362    96.7511 1.0000e-12  -66.89128  -68.92400 333.428190      99.98 5.4120e+02   2209.583      53031          7  0.000e+00
    155.273    153.673     0.3097  28.899056     0.3085  28.896436     5.3138     5.3268     0.0362    96.7511 1.0000e-12  -66.89128  -68.92400 333.428190      99.98 5.4120e+02   2209.625      53032          7  0.000e+00
    155.273    153.673     0.3089  28.898590     0.3052  28.894329     5.3118     5.3265     0.0362    96.7511 1.0000e-12  -66.89128  -68.92400 333.428191      99.98 5.4120e+02   2209.667      53033          7  0.000e+00
    155.328    153.727     0.3091  28.898473     0.3030  28.892279     5.3152     5.3262     0.0362    96.7511 1.0000e-12  -66.89128  -68.92400 333.428191      99.98 5.4120e+02   2209.708      53034          7  0.000e+00
    155.273    153.673     0.3086  28.897074     0.3018  28.890684     5.3155     5.3257     0.0362    96.7511 1.0000e-12  -66.89128  -68.92400 333.428192      99.98 5.4120e+02   2209.750      53035          7  0.000e+00
    155.376    153.775     0.3047  28.890252     0.2955  28.883395     5.3165     5.3263     0.0362    96.7511 1.0000e-12  -66.89128  -68.92400 333.428192      99.98 5.4120e+02   2209.792      53036          7  0.000e+00
    155.328    153.727     0.2905  28.872005     0.2823  28.870071     5.3133     5.3279     0.0362    96.7511 1.0000e-12  -66.89128  -68.92400 333.428193      99.95 5.4120e+02   2209.833      53037          7  0.000e+00
    155.342    153.741     0.2710  28.855686     0.2744  28.861759     5.3209     5.3287     0.0362    96.7511 1.0000e-12  -66.89128  -68.92400 333.428193      99.98 5.4120e+02   2209.875      53038          7  0.000e+00
    155.273    153.673     0.2659  28.853472     0.2695  28.856579     5.3214     5.3290     0.0362    96.7511 1.0000e-12  -66.89128  -68.92400 333.428193      99.98 5.4120e+02   2209.917      53039          7  0.000e+00
    155.177    153.578     0.2676  28.856211     0.2645  28.852366     5.3207     5.3292     0.0362    96.7511 1.0000e-12  -66.89128  -68.92400 333.428194      99.98 5.4120e+02   2209.958      53040          7  0.000e+00
    155.225    153.626     0.2685  28.855512     0.2630  28.849463     5.3145     5.3237     0.0362    96.7511 1.0000e-12  -66.89128  -68.92400 333.428194      99.95 5.4120e+02   2210.000      53041          7  0.000e+00
    155.177    153.578     0.2646  28.851141     0.2584  28.844455     5.3192     5.3287     0.0362    96.7769 1.0000e-12  -66.89128  -68.92400 333.428195      97.58 5.4120e+02   2210.042      53042          7  0.000e+00
    155.122    153.524     0.2621  28.850908     0.2531  28.840129     5.3189     5.3291     0.0362    96.7511 1.0000e-12  -66.89128  -68.92400 333.428195      41.54 5.4120e+02   2210.083      53043          7  0.000e+00
    155.177    153.578     0.2648  28.858134     0.2496  28.837056     5.3176     5.3294     0.0362    96.7769 1.0000e-12  -66.89128  -68.92400 333.428196       9.47 5.4120e+02   2210.125      53044          7  0.000e+00
    155.143    153.544     0.2724  28.868800     0.2470  28.834837     5.3096     5.3295     0.0362    96.7769 1.0000e-12  -66.89128  -68.92400 333.428196       5.64 5.4120e+02   2210.167      53045          7  0.000e+00
    155.122    153.524     0.2825  28.876902     0.2454  28.833414     5.3116     5.3295     0.0362    96.7769 1.0000e-12  -66.89128  -68.92400 333.428197       8.03 5.4120e+02   2210.208      53046          7  0.000e+00
    155.122    153.524     0.2872  28.878009     0.2439  28.832219     5.3114     5.3296     0.0362    96.7769 1.0000e-12  -66.89128  -68.92400 333.428197       9.23 5.4120e+02   2210.250      53047          7  0.000e+00
    155.122    153.524     0.2876  28.878009     0.2445  28.833016     5.3117     5.3239     0.0362    96.7769 1.0000e-12  -66.89128  -68.92400 333.428198       9.33 5.4120e+02   2210.292      53048          7  0.000e+00
    155.074    153.476     0.2902  28.880341     0.2473  28.835918     5.3102     5.3278     0.0362    96.7769 1.0000e-12  -66.89128  -68.92400 333.428198       9.21 5.4120e+02   2210.333      53049          7  0.000e+00
    155.019    153.422     0.2927  28.881506     0.2517  28.840470     5.3087     5.3224     0.0289    96.7769 1.0000e-12  -66.89128  -68.92400 333.428199       9.18 5.4120e+02   2210.375      53050          7  0.000e+00
    155.019    153.422     0.2924  28.881448     0.2544  28.842633     5.3031     5.3220     0.0362    96.7769 1.0000e-12  -66.89128  -68.92400 333.428199       9.18 5.4120e+02   2210.417      53051          7  0.000e+00
    154.937    153.341     0.2922  28.880165     0.2551  28.844625     5.3019     5.3220     0.0362    96.7769 1.0000e-12  -66.89128  -68.92400 333.428200       9.18 5.4120e+02   2210.458      53052          7  0.000e+00
    154.923    153.327     0.2868  28.869148     0.2614  28.851398     5.3019     5.3212     0.0362    96.7769 1.0000e-12  -66.89128  -68.92400 333.428200       9.18 5.4120e+02   2210.500      53053          7  0.000e+00
    154.820    153.225     0.2695  28.849333     0.2681  28.855496     5.3094     5.3196     0.0362    96.7511 1.0000e-12  -66.89128  -68.92400 333.428201      31.38 5.4120e+02   2210.542      53054          7  0.000e+00
    154.718    153.124     0.2527  28.833951     0.2600  28.845649     5.3078     5.3206     0.0362    96.7769 1.0000e-12  -66.89128  -68.92400 333.428201      85.57 5.4120e+02   2210.583      53055          7  0.000e+00
    154.766    153.171     0.2419  28.825387     0.2456  28.831307     5.3083     5.3227     0.0362    96.7769 1.0000e-12  -66.89128  -68.92400 333.428202     100.00 5.4120e+02   2210.625      53056          7  0.000e+00
    154.663    153.069     0.2347  28.819912     0.2373  28.823170     5.3081     5.3237     0.0362    96.7769 1.0000e-12  -66.89128  -68.92400 333.428202     100.00 5.4120e+02   2210.667      53057          7  0.000e+00
    154.580    152.988     0.2302  28.816067     0.2338  28.820495     5.3062     5.3249     0.0289    96.7769 1.0000e-12  -66.89128  -68.92400 333.428203     100.00 5.4120e+02   2210.708      53058          7  0.000e+00
    154.615    153.022     0.2272  28.814029     0.2321  28.818959     5.3054     5.3196     0.0289    96.7769 1.0000e-12  -66.89128  -68.92400 333.428203     100.00 5.4120e+02   2210.750      53059          7  0.000e+00
    154.512    152.920     0.2253  28.812456     0.2305  28.817650     5.3044     5.3190     0.0289    96.8026 1.0000e-12  -66.89128  -68.92400 333.428204      99.90 5.4120e+02   2210.792      53060          7  0.000e+00
    154.409    152.818     0.2233  28.810359     0.2301  28.817536     5.2976     5.3182     0.0216    96.8026 1.0000e-12  -66.89128  -68.92400 333.428204      99.93 5.4120e+02   2210.833      53061          7  0.000e+00
    154.306    152.716     0.2220  28.809601     0.2297  28.816796     5.3010     5.3176     0.0289    96.8026 1.0000e-12  -66.89128  -68.92400 333.428205      99.98 5.4120e+02   2210.875      53062          7  0.000e+00
    154.258    152.669     0.2214  28.809135     0.2293  28.816284     5.2998     5.3171     0.0289    96.7769 1.0000e-12  -66.89128  -68.92400 333.428205      99.98 5.4120e+02   2210.917      53063          7  0.000e+00
    154.258    152.669     0.2217  28.809601     0.2286  28.815488     5.2928     5.3168     0.0289    96.8026 1.0000e-12  -66.89128  -68.92400 333.428206      99.98 5.4120e+02   2210.958      53064          7  0.000e+00
    154.121    152.533     0.2223  28.810416     0.2286  28.815829     5.2901     5.3164     0.0289    96.8026 1.0000e-12  -66.89128  -68.92400 333.428206      99.95 5.4120e+02   2211.000      53065          7  0.000e+00
    154.107    152.520     0.2231  28.810824     0.2287  28.815772     5.2933     5.3107     0.0289    96.7769 1.0000e-12  -66.89128  -68.92400 333.428207      99.95 5.4120e+02   2211.042      53066          7  0.000e+00
    154.004    152.418     0.2237  28.811697     0.2287  28.815715     5.2920     5.3097     0.0289    96.7769 1.0000e-12  -66.89128  -68.92400 333.428207      99.98 5.4120e+02   2211.083      53067          7  0.000e+00
    154.004    152.418     0.2255  28.813386     0.2289  28.815715     5.2862     5.3089     0.0289    96.8026 1.0000e-12  -66.89128  -68.92400 333.428207      99.98 5.4120e+02   2211.125      53068          7  0.000e+00
    153.901    152.316     0.2264  28.814027     0.2290  28.815942     5.2793     5.3082     0.0289    96.7769 1.0000e-12  -66.89128  -68.92400 333.428208      99.98 5.4120e+02   2211.167      53069          7  0.000e+00
    153.819    152.234     0.2266  28.813735     0.2298  28.816624     5.2815     5.3075     0.0289    96.8026 1.0000e-12  -66.89128  -68.92400 333.428208      99.98 5.4120e+02   2211.208      53070          7  0.000e+00
    153.798    152.214     0.2258  28.813211     0.2301  28.816966     5.2751     5.3062     0.0289    96.7769 1.0000e-12  -66.89128  -68.92400 333.428209      99.98 5.4120e+02   2211.250      53071          7  0.000e+00
    153.647    152.065     0.2266  28.813618     0.2289  28.815031     5.2788     5.3061     0.0289    96.7769 1.0000e-12  -66.89128  -68.92400 333.428209      99.98 5.4120e+02   2211.292      53072          7  0.000e+00
    153.647    152.065     0.2261  28.812803     0.2272  28.813950     5.2727     5.3053     0.0289    96.8026 1.0000e-12  -66.89128  -68.92400 333.428210      99.95 5.4120e+02   2211.333      53073          7  0.000e+00
    150.299    148.752     0.1670  28.750789     0.1652  28.748314     5.1738     5.2709     0.0362    96.5966 1.0000e-12  -66.89126  -68.92400 333.428229     100.00 5.3944e+02   2212.958      53112          8  0.000e+00
    150.341    148.793     0.1658  28.749276     0.1634  28.746325     5.1789     5.2669     0.0362    96.5966 1.0000e-12  -66.89126  -68.92400 333.428229      99.98 5.3944e+02   2213.000      53113          8  0.000e+00
    150.238    148.691     0.1640  28.747180     0.1606  28.743369     5.1742     5.2678     0.0362    96.5966 1.0000e-12  -66.89126  -68.92400 333.428230      99.95 5.3944e+02   2213.042      53114          8  0.000e+00
    150.080    148.535     0.1607  28.743281     0.1582  28.741208     5.1702     5.2680     0.0362    96.5966 1.0000e-12  -66.89126  -68.92400 333.428230      99.98 5.3944e+02   2213.083      53115          8  0.000e+00
    150.046    148.501     0.1574  28.740139     0.1563  28.739105     5.1713     5.2684     0.0362    96.5966 1.0000e-12  -66.89126  -68.92400 333.428231      99.98 5.3944e+02   2213.125      53116          8  0.000e+00
    149.984    148.440     0.1551  28.738742     0.1542  28.736945     5.1713     5.2690     0.0362    96.5966 1.0000e-12  -66.89126  -68.92400 333.428231      99.98 5.3944e+02   2213.167      53117          8  0.000e+00
    149.929    148.386     0.1540  28.737636     0.1520  28.734842     5.1703     5.2699     0.0362    96.5966 1.0000e-12  -66.89126  -68.92400 333.428232      99.98 5.3944e+02   2213.208      53118          8  0.000e+00
    149.778    148.237     0.1538  28.738334     0.1496  28.732227     5.1708     5.2709     0.0362    96.6224 1.0000e-12  -66.89126  -68.92400 333.428232      99.98 5.3944e+02   2213.250      53119          8  0.000e+00
    149.737    148.196     0.1551  28.739498     0.1479  28.730181     5.1704     5.2722     0.0362    96.5966 1.0000e-12  -66.89126  -68.92400 333.428233      99.98 5.3944e+02   2213.292      53120          8  0.000e+00
    149.675    148.135     0.1551  28.739032     0.1458  28.728533     5.1719     5.2736     0.0362    96.5966 1.0000e-12  -66.89126  -68.92400 333.428233      99.98 5.3944e+02   2213.333      53121          8  0.000e+00
    149.572    148.033     0.1541  28.737693     0.1447  28.727510     5.1728     5.2751     0.0362    96.5966 1.0000e-12  -66.89126  -68.92400 333.428234      99.98 5.3944e+02   2213.375      53122          8  0.000e+00
    149.538    147.999     0.1529  28.736530     0.1449  28.727908     5.1755     5.2758     0.0362    96.6224 1.0000e-12  -66.89126  -68.92400 333.428234      99.98 5.3944e+02   2213.417      53123          8  0.000e+00
    149.469    147.931     0.1515  28.734842     0.1451  28.728135     5.1716     5.2766     0.0362    96.6481 1.0000e-12  -66.89126  -68.92400 333.428234      99.98 5.3944e+02   2213.458      53124          8  0.000e+00
    149.373    147.836     0.1500  28.732747     0.1455  28.728134     5.1770     5.2775     0.0362    96.6481 1.0000e-12  -66.89126  -68.92400 333.428235      99.95 5.3944e+02   2213.500      53125          8  0.000e+00
    149.318    147.782     0.1478  28.730187     0.1456  28.728703     5.1771     5.2787     0.0362    96.6481 1.0000e-12  -66.89126  -68.92400 333.428235      99.95 5.3944e+02   2213.542      53126          8  0.000e+00
    149.229    147.694     0.1454  28.727685     0.1456  28.728702     5.1745     5.2791     0.0362    96.6481 1.0000e-12  -66.89126  -68.92400 333.428236      99.98 5.3944e+02   2213.583      53127          8  0.000e+00
    149.215    147.680     0.1427  28.725067     0.1461  28.728816     5.1756     5.2798     0.0362    96.6481 1.0000e-12  -66.89126  -68.92400 333.428236      99.98 5.3944e+02   2213.625      53128          8  0.000e+00
    149.113    147.578     0.1407  28.723554     0.1465  28.729100     5.1814     5.2750     0.0362    96.6481 1.0000e-12  -66.89126  -68.92400 333.428237      99.98 5.3944e+02   2213.667      53129          8  0.000e+00
