NBP2113_155081_ctd/data/nbp2113_042.ros
* Sea-Bird SBE 9 Data File:
* FileName = D:\Data\raw\NBP2113_042.hex
* Software Version Seasave V 7.26.7.121
* Temperature SN = 2438
* Conductivity SN = 2067
* Number of Bytes Per Scan = 40
* Number of Voltage Words = 5
* Number of Scans Averaged by the Deck Unit = 1
* NMEA Latitude = 64 49.83 S
* NMEA Longitude = 063 54.10 W
* NMEA UTC (Time) = Dec 10 2021  15:52:47
* NMEA baud rate = 9600
** Ship: RVIB N.B. Palmer
** Cruise: NBP2113 LTER
** Station: 624.030
** Operator: S. Blackman
# nquan = 20
# nvalues = 1176                                  
# units = specified
# name 0 = prDM: Pressure, Digiquartz [db]
# name 1 = depSM: Depth [salt water, m]
# name 2 = t090C: Temperature [ITS-90, deg C]
# name 3 = c0mS/cm: Conductivity [mS/cm]
# name 4 = t190C: Temperature, 2 [ITS-90, deg C]
# name 5 = c1mS/cm: Conductivity, 2 [mS/cm]
# name 6 = sbeox0ML/L: Oxygen, SBE 43 [ml/l]
# name 7 = sbeox1ML/L: Oxygen, SBE 43, 2 [ml/l]
# name 8 = flECO-AFL: Fluorescence, WET Labs ECO-AFL/FL [mg/m^3]
# name 9 = CStarTr0: Beam Transmission, WET Labs C-Star [%]
# name 10 = par: PAR/Irradiance, Biospherical/Licor
# name 11 = latitude: Latitude [deg]
# name 12 = longitude: Longitude [deg]
# name 13 = timeJ: Julian Days
# name 14 = altM: Altimeter [m]
# name 15 = spar: SPAR, Biospherical/Licor
# name 16 = timeS: Time, Elapsed [seconds]
# name 17 = scan: Scan Count
# name 18 = nbf: Bottles Fired
# name 19 = flag:  0.000e+00
# interval = seconds: 0.0416667
# start_time = Dec 10 2021 15:52:47 [NMEA time, header]
# bad_flag = -9.990e-29
*END*
[from data line 724]
     25.656     25.403    -0.2745  27.984075    -0.2738  27.984445     7.8423     7.8841     1.3915    87.6100 4.4300e+01  -64.83108  -63.90168 344.682516      99.98 1.5196e+03   1802.375      43258         15  0.000e+00
     25.629     25.376    -0.2737  27.984133    -0.2738  27.984726     7.8407     7.8839     1.3915    87.6100 4.4174e+01  -64.83108  -63.90168 344.682516      99.98 1.5196e+03   1802.417      43259         15  0.000e+00
     25.656     25.403    -0.2733  27.984882    -0.2740  27.985008     7.8435     7.8838     1.3915    87.6100 4.4174e+01  -64.83108  -63.90168 344.682517      99.98 1.5196e+03   1802.458      43260         15  0.000e+00
     25.656     25.403    -0.2728  27.985977    -0.2737  27.985233     7.8416     7.8836     1.3915    87.6100 4.4174e+01  -64.83108  -63.90168 344.682517      99.98 1.5196e+03   1802.500      43261         15  0.000e+00
     25.601     25.349    -0.2727  27.987532    -0.2746  27.984220     7.8351     7.8837     1.3915    87.5585 4.4174e+01  -64.83108  -63.90168 344.682518      99.95 1.5196e+03   1802.542      43262         15  0.000e+00
     25.677     25.424    -0.2726  27.987763    -0.2751  27.984445     7.8391     7.8837     1.3915    87.5070 4.4174e+01  -64.83108  -63.90168 344.682518      99.93 1.5196e+03   1802.583      43263         15  0.000e+00
     25.656     25.403    -0.2723  27.987878    -0.2757  27.983151     7.8370     7.8837     1.3915    87.4812 4.4174e+01  -64.83108  -63.90168 344.682519      99.95 1.5196e+03   1802.625      43264         15  0.000e+00
     25.656     25.403    -0.2720  27.988282    -0.2755  27.982363     7.8374     7.8836     1.3915    87.4812 4.4048e+01  -64.83108  -63.90168 344.682519      99.98 1.5196e+03   1802.667      43265         15  0.000e+00
     25.656     25.403    -0.2720  27.988282    -0.2747  27.982081     7.8379     7.8833     1.3915    87.4812 4.4048e+01  -64.83108  -63.90168 344.682520      99.98 1.5196e+03   1802.708      43266         15  0.000e+00
     25.677     25.424    -0.2720  27.988397    -0.2744  27.983432     7.8414     7.8831     1.3915    87.5070 4.4048e+01  -64.83108  -63.90168 344.682520      99.95 1.5196e+03   1802.750      43267         15  0.000e+00
     25.656     25.403    -0.2719  27.988570    -0.2740  27.984164     7.8401     7.8828     1.3915    87.5070 4.4048e+01  -64.83108  -63.90168 344.682521      99.95 1.5196e+03   1802.792      43268         15  0.000e+00
     25.752     25.498    -0.2719  27.988282    -0.2740  27.984445     7.8415     7.8826     1.3915    87.5070 4.3923e+01  -64.83108  -63.90168 344.682522      99.98 1.5196e+03   1802.875      43270         16  0.000e+00
     25.629     25.376    -0.2729  27.988282    -0.2741  27.984445     7.8427     7.8823     1.3915    87.4812 4.4048e+01  -64.83108  -63.90168 344.682522      99.98 1.5196e+03   1802.917      43271         16  0.000e+00
     25.704     25.451    -0.2739  27.987590    -0.2738  27.984727     7.8427     7.8822     1.3915    87.4812 4.4048e+01  -64.83108  -63.90168 344.682523      99.98 1.5196e+03   1802.958      43272         16  0.000e+00
     25.656     25.403    -0.2745  27.985919    -0.2744  27.984445     7.8380     7.8821     1.3915    87.5070 4.4048e+01  -64.83108  -63.90168 344.682523      99.98 1.5196e+03   1803.000      43273         16  0.000e+00
     25.656     25.403    -0.2750  27.984594    -0.2737  27.984445     7.8434     7.8818     1.3915    87.4812 4.4048e+01  -64.83108  -63.90168 344.682524      99.98 1.5196e+03   1803.042      43274         16  0.000e+00
     25.731     25.478    -0.2749  27.983903    -0.2738  27.984445     7.8443     7.8818     1.3915    87.4812 4.4048e+01  -64.83108  -63.90168 344.682524      99.95 1.5196e+03   1803.083      43275         16  0.000e+00
     25.704     25.451    -0.2750  27.984594    -0.2740  27.984727     7.8404     7.8817     1.3915    87.4812 4.4048e+01  -64.83108  -63.90168 344.682525      99.95 1.5196e+03   1803.125      43276         16  0.000e+00
     25.656     25.403    -0.2750  27.983903    -0.2741  27.984445     7.8397     7.8815     1.3915    87.4812 4.4048e+01  -64.83108  -63.90168 344.682525      99.98 1.5196e+03   1803.167      43277         16  0.000e+00
     25.704     25.451    -0.2752  27.983787    -0.2743  27.984220     7.8390     7.8815     1.3915    87.5070 4.4048e+01  -64.83108  -63.90168 344.682526      99.98 1.5196e+03   1803.208      43278         16  0.000e+00
     25.629     25.376    -0.2755  27.984306    -0.2749  27.983939     7.8439     7.8814     1.3915    87.4812 4.3923e+01  -64.83108  -63.90168 344.682526      99.93 1.5196e+03   1803.250      43279         16  0.000e+00
     25.807     25.553    -0.2761  27.983615    -0.2753  27.983433     7.8389     7.8870     1.3915    87.5070 4.4048e+01  -64.83108  -63.90168 344.682527      99.93 1.5196e+03   1803.292      43280         16  0.000e+00
     25.656     25.403    -0.2764  27.983269    -0.2755  27.982644     7.8493     7.8821     1.4941    87.4812 4.4048e+01  -64.83108  -63.90168 344.682527      99.95 1.5196e+03   1803.333      43281         16  0.000e+00
     25.704     25.451    -0.2766  27.982001    -0.2757  27.981857     7.8452     7.8821     1.5893    87.4555 4.4048e+01  -64.83108  -63.90168 344.682527      99.98 1.5196e+03   1803.375      43282         16  0.000e+00
     25.704     25.451    -0.2772  27.981944    -0.2755  27.981575     7.8482     7.8819     1.6040    87.3010 4.4048e+01  -64.83108  -63.90168 344.682528      99.98 1.5196e+03   1803.417      43283         16  0.000e+00
     25.732     25.478    -0.2772  27.981137    -0.2757  27.981575     7.8497     7.8872     1.5967    87.2495 4.4048e+01  -64.83108  -63.90168 344.682528      99.98 1.5196e+03   1803.458      43284         16  0.000e+00
     25.704     25.451    -0.2771  27.980964    -0.2753  27.982363     7.8510     7.8877     1.5967    87.2495 4.4048e+01  -64.83108  -63.90168 344.682529      99.98 1.5196e+03   1803.500      43285         16  0.000e+00
     25.704     25.451    -0.2766  27.981137    -0.2753  27.981857     7.8509     7.8829     1.5967    87.2495 4.4048e+01  -64.83108  -63.90168 344.682529      99.95 1.5196e+03   1803.542      43286         16  0.000e+00
     25.656     25.404    -0.2759  27.981482    -0.2753  27.982644     7.8519     7.8826     1.5967    87.2495 4.4048e+01  -64.83108  -63.90168 344.682530      99.95 1.5196e+03   1803.583      43287         16  0.000e+00
     25.732     25.478    -0.2759  27.982462    -0.2752  27.982870     7.8531     7.8878     1.5967    87.2752 4.4048e+01  -64.83108  -63.90168 344.682530      99.95 1.5196e+03   1803.625      43288         16  0.000e+00
     25.704     25.451    -0.2756  27.983269    -0.2753  27.982363     7.8584     7.8884     1.5967    87.2495 4.4048e+01  -64.83108  -63.90168 344.682531      99.98 1.5196e+03   1803.667      43289         16  0.000e+00
     25.704     25.451    -0.2753  27.982808    -0.2755  27.982082     7.8579     7.8890     1.5967    87.2495 4.4174e+01  -64.83108  -63.90168 344.682531      99.98 1.5196e+03   1803.708      43290         16  0.000e+00
     25.704     25.451    -0.2749  27.982981    -0.2752  27.982082     7.8598     7.8894     1.5967    87.2495 4.4174e+01  -64.83108  -63.90168 344.682532      99.93 1.5196e+03   1803.750      43291         16  0.000e+00
     25.732     25.478    -0.2750  27.983787    -0.2757  27.982645     7.8661     7.8899     1.5967    87.2495 4.4174e+01  -64.83108  -63.90168 344.682532      99.95 1.5196e+03   1803.792      43292         16  0.000e+00
     25.704     25.451    -0.2752  27.983903    -0.2757  27.982363     7.8678     7.8904     1.5967    87.2752 4.4174e+01  -64.83108  -63.90168 344.682533      99.98 1.5196e+03   1803.833      43293         16  0.000e+00
     25.704     25.451    -0.2752  27.984594    -0.2758  27.982363     7.8648     7.8908     1.5893    87.2495 4.4174e+01  -64.83108  -63.90168 344.682533      99.98 1.5196e+03   1803.875      43294         16  0.000e+00
     25.704     25.451    -0.2750  27.983903    -0.2757  27.982363     7.8590     7.8920     1.5967    87.2752 4.4174e+01  -64.83108  -63.90168 344.682534      99.98 1.5196e+03   1803.917      43295         16  0.000e+00
     25.732     25.478    -0.2758  27.984076    -0.2753  27.981857     7.8693     7.8932     1.5967    87.2495 4.4174e+01  -64.83108  -63.90168 344.682534      99.98 1.5196e+03   1803.958      43296         16  0.000e+00
     25.656     25.404    -0.2761  27.983557    -0.2752  27.982082     7.8703     7.8935     1.5967    87.2495 4.4174e+01  -64.83108  -63.90168 344.682535      99.98 1.5196e+03   1804.000      43297         16  0.000e+00
     25.752     25.499    -0.2766  27.982578    -0.2753  27.982870     7.8727     7.8947     1.5967    87.2495 4.4174e+01  -64.83108  -63.90168 344.682535      99.95 1.5196e+03   1804.042      43298         16  0.000e+00
     25.704     25.451    -0.2764  27.981944    -0.2752  27.982363     7.8747     7.8950     1.5893    87.2752 4.4300e+01  -64.83108  -63.90168 344.682536      99.95 1.5196e+03   1804.083      43299         16  0.000e+00
     25.677     25.424    -0.2762  27.981483    -0.2758  27.981575     7.8751     7.9009     1.5967    87.2752 4.4300e+01  -64.83108  -63.90168 344.682536      99.98 1.5196e+03   1804.125      43300         16  0.000e+00
     25.704     25.451    -0.2762  27.982462    -0.2761  27.981294     7.8766     7.8966     1.5967    87.2752 4.4300e+01  -64.83108  -63.90168 344.682537      99.98 1.5196e+03   1804.167      43301         16  0.000e+00
     25.704     25.451    -0.2765  27.982462    -0.2759  27.980506     7.8781     7.8968     1.5967    87.2495 4.4300e+01  -64.83108  -63.90168 344.682537      99.98 1.5196e+03   1804.208      43302         16  0.000e+00
     25.704     25.451    -0.2764  27.981771    -0.2761  27.980281     7.8852     7.9024     1.5967    87.1722 4.4300e+01  -64.83108  -63.90168 344.682538      99.95 1.5196e+03   1804.250      43303         16  0.000e+00
     25.732     25.478    -0.2762  27.982232    -0.2763  27.980787     7.8804     7.9042     1.5967    87.1207 4.4427e+01  -64.83108  -63.90168 344.682538      99.95 1.5196e+03   1804.292      43304         16  0.000e+00
     25.704     25.451    -0.2761  27.982232    -0.2766  27.980506     7.8812     7.9052     1.5967    87.1207 4.4427e+01  -64.83108  -63.90168 344.682539      99.98 1.5196e+03   1804.333      43305         16  0.000e+00
     25.657     25.404    -0.2759  27.982577    -0.2769  27.980787     7.8875     7.9060     1.5967    87.1207 4.4427e+01  -64.83108  -63.90168 344.682539      99.98 1.5196e+03   1804.375      43306         16  0.000e+00
     25.705     25.451    -0.2761  27.983269    -0.2763  27.979999     7.8879     7.9067     1.6187    87.1465 4.4427e+01  -64.83108  -63.90168 344.682540      99.98 1.5196e+03   1804.417      43307         16  0.000e+00
     25.732     25.478    -0.2762  27.982289    -0.2758  27.980281     7.8824     7.9073     1.6626    87.1465 4.4554e+01  -64.83108  -63.90168 344.682540      99.98 1.5196e+03   1804.458      43308         16  0.000e+00
     25.657     25.404    -0.2762  27.982232    -0.2755  27.981069     7.8822     7.9077     1.6846    87.1465 4.4554e+01  -64.83108  -63.90168 344.682541      99.98 1.5196e+03   1804.500      43309         16  0.000e+00
     25.705     25.451    -0.2759  27.981713    -0.2757  27.982082     7.8878     7.9082     1.6773    87.1207 4.4554e+01  -64.83108  -63.90168 344.682541      99.95 1.5196e+03   1804.542      43310         16  0.000e+00
     25.705     25.451    -0.2761  27.982577    -0.2757  27.981857     7.8815     7.9141     1.6773    87.1465 4.4554e+01  -64.83108  -63.90168 344.682541      99.93 1.5196e+03   1804.583      43311         16  0.000e+00
     25.677     25.424    -0.2761  27.982750    -0.2753  27.982082     7.8808     7.9152     1.6773    87.1465 4.4681e+01  -64.83108  -63.90168 344.682542      99.95 1.5196e+03   1804.625      43312         16  0.000e+00
     25.657     25.404    -0.2764  27.982001    -0.2758  27.982082     7.8801     7.9110     1.6773    87.1207 4.4681e+01  -64.83108  -63.90168 344.682542      99.98 1.5196e+03   1804.667      43313         16  0.000e+00
     25.705     25.451    -0.2764  27.982750    -0.2769  27.982082     7.8848     7.9168     1.6773    87.1465 4.4681e+01  -64.83108  -63.90168 344.682543      99.98 1.5196e+03   1804.708      43314         16  0.000e+00
     25.705     25.451    -0.2769  27.982232    -0.2773  27.980506     7.8851     7.9179     1.6773    87.1465 4.4681e+01  -64.83108  -63.90168 344.682543      99.95 1.5196e+03   1804.750      43315         16  0.000e+00
     25.677     25.424    -0.2772  27.981483    -0.2777  27.979718     7.8864     7.9188     1.6773    87.1207 4.4681e+01  -64.83108  -63.90168 344.682544      99.95 1.5196e+03   1804.792      43316         16  0.000e+00
     25.705     25.451    -0.2776  27.980907    -0.2775  27.978930     7.8877     7.9196     1.6773    87.1465 4.4809e+01  -64.83108  -63.90168 344.682544      99.98 1.5196e+03   1804.833      43317         16  0.000e+00
     25.657     25.404    -0.2776  27.979869    -0.2775  27.978930     7.8873     7.9202     1.6773    87.1207 4.4809e+01  -64.83108  -63.90168 344.682545      99.98 1.5196e+03   1804.875      43318         16  0.000e+00
     25.705     25.452    -0.2750  27.984594    -0.2749  27.982870     7.8866     7.9283     1.6773    87.2495 4.5323e+01  -64.83108  -63.90168 344.682551      99.98 1.5196e+03   1805.375      43330         17  0.000e+00
     25.602     25.350    -0.2762  27.984133    -0.2751  27.982644     7.8806     7.9281     1.6773    87.2495 4.5323e+01  -64.83108  -63.90168 344.682551      99.98 1.5214e+03   1805.417      43331         17  0.000e+00
     25.677     25.425    -0.2772  27.982981    -0.2758  27.982870     7.8849     7.9280     1.6773    87.2495 4.5453e+01  -64.83108  -63.90168 344.682552      99.98 1.5214e+03   1805.458      43332         17  0.000e+00
     25.657     25.404    -0.2766  27.981425    -0.2759  27.981575     7.8841     7.9286     1.6699    87.2495 4.5453e+01  -64.83108  -63.90168 344.682552      99.98 1.5214e+03   1805.500      43333         17  0.000e+00
     25.602     25.350    -0.2759  27.980964    -0.2753  27.981293     7.8772     7.9289     1.6406    87.2495 4.5453e+01  -64.83108  -63.90168 344.682553      99.95 1.5214e+03   1805.542      43334         17  0.000e+00
     25.705     25.452    -0.2750  27.982750    -0.2755  27.981294     7.8802     7.9284     1.6260    87.2495 4.5453e+01  -64.83108  -63.90168 344.682553      99.93 1.5214e+03   1805.583      43335         17  0.000e+00
     25.630     25.377    -0.2745  27.983096    -0.2757  27.982081     7.8787     7.9276     1.6260    87.2495 4.5583e+01  -64.83108  -63.90168 344.682554      99.95 1.5214e+03   1805.625      43336         17  0.000e+00
     25.657     25.404    -0.2739  27.984594    -0.2757  27.981856     7.8769     7.9276     1.6333    87.2495 4.5583e+01  -64.83108  -63.90168 344.682554      99.98 1.5214e+03   1805.667      43337         17  0.000e+00
     25.657     25.404    -0.2744  27.985113    -0.2752  27.981856     7.8707     7.9274     1.6333    87.2495 4.5713e+01  -64.83108  -63.90168 344.682554      99.98 1.5214e+03   1805.708      43338         17  0.000e+00
     25.602     25.350    -0.2758  27.984940    -0.2751  27.982363     7.8806     7.9325     1.6333    87.2495 4.5713e+01  -64.83108  -63.90168 344.682555      99.95 1.5214e+03   1805.750      43339         17  0.000e+00
     25.630     25.377    -0.2764  27.983787    -0.2747  27.982363     7.8756     7.9330     1.6333    87.2495 4.5713e+01  -64.83108  -63.90168 344.682555      99.93 1.5214e+03   1805.792      43340         17  0.000e+00
     25.657     25.404    -0.2766  27.982462    -0.2749  27.983151     7.8704     7.9333     1.6260    87.2495 4.5713e+01  -64.83108  -63.90168 344.682556      99.95 1.5214e+03   1805.833      43341         17  0.000e+00
