NBP2113_155081_ctd/data/nbp2113_055.cnv
* Sea-Bird SBE 9 Data File:
* FileName = D:\Data\raw\NBP2113_055.hex
* Software Version Seasave V 7.26.7.121
* Temperature SN = 2438
* Conductivity SN = 2067
* Number of Bytes Per Scan = 40
* Number of Voltage Words = 5
* Number of Scans Averaged by the Deck Unit = 1
* NMEA Latitude = 64 51.63 S
* NMEA Longitude = 064 56.94 W
* NMEA UTC (Time) = Dec 11 2021  21:26:08
* NMEA baud rate = 9600
** Ship: RVIB N.B. Palmer
** Cruise: NBP2113 LTER
** Station: 589.065
** Operator: S. Blackman
# nquan = 25
# nvalues = 889                         
# units = specified
# name 0 = prDM: Pressure, Digiquartz [db]
# name 1 = depSM: Depth [salt water, m]
# name 2 = t090C: Temperature [ITS-90, deg C]
# name 3 = c0mS/cm: Conductivity [mS/cm]
# name 4 = t190C: Temperature, 2 [ITS-90, deg C]
# name 5 = c1mS/cm: Conductivity, 2 [mS/cm]
# name 6 = sbeox0ML/L: Oxygen, SBE 43 [ml/l]
# name 7 = sbeox1ML/L: Oxygen, SBE 43, 2 [ml/l]
# name 8 = flECO-AFL: Fluorescence, WET Labs ECO-AFL/FL [mg/m^3]
# name 9 = CStarTr0: Beam Transmission, WET Labs C-Star [%]
# name 10 = par: PAR/Irradiance, Biospherical/Licor
# name 11 = latitude: Latitude [deg]
# name 12 = longitude: Longitude [deg]
# name 13 = timeJ: Julian Days
# name 14 = altM: Altimeter [m]
# name 15 = spar: SPAR, Biospherical/Licor
# name 16 = timeS: Time, Elapsed [seconds]
# name 17 = scan: Scan Count
# name 18 = density00: Density [density, kg/m^3]
# name 19 = density11: Density, 2 [density, kg/m^3]
# name 20 = sal00: Salinity, Practical [PSU]
# name 21 = sal11: Salinity, Practical, 2 [PSU]
# name 22 = oxsolML/L: Oxygen Saturation, Garcia & Gordon [ml/l]
# name 23 = nbin: number of scans per bin
# name 24 = flag: flag
# span 0 =      1.000,    447.000       
# span 1 =      0.989,    442.148       
# span 2 =    -0.5498,     1.4637       
# span 3 =  27.523945,  30.262477       
# span 4 =    -0.5608,     1.4633       
# span 5 =  27.512948,  30.260983       
# span 6 =     4.0841,     8.6639       
# span 7 =     4.1401,     8.1982       
# span 8 =    -0.0226,     1.8003       
# span 9 =    82.5439,    91.8275       
# span 10 = 1.0000e-12, 3.1133e+02      
# span 11 =  -64.86068,  -64.86054      
# span 12 =  -64.94917,  -64.94824      
# span 13 = 345.896197, 345.913174      
# span 14 =       1.14,      99.97      
# span 15 = 1.7629e+02, 2.8028e+02      
# span 16 =    263.443,   1730.210      
# span 17 =       6324,      41526      
# span 18 =  1027.0247,  1029.8611      
# span 19 =  1027.0200,  1029.8599      
# span 20 =    33.5906,    34.6842      
# span 21 =    33.5818,    34.6828      
# span 22 =    7.73118,    8.20735      
# span 23 =         13,         50      
# span 24 = 0.0000e+00, 0.0000e+00      
# interval = decibars: 1                
# start_time = Dec 11 2021 21:26:08 [NMEA time, header]
# bad_flag = -9.990e-29
*END*
[from data line 232]
    237.000    234.544     1.2688  29.953750     1.2682  29.952155     4.3167     4.3741    -0.0145    91.7059 1.0000e-12  -64.86058  -64.94894 345.901219      99.96 2.3658e+02    697.294      16736  1028.8447  1028.8438    34.6264    34.6252    7.77267         15 0.0000e+00
    238.000    235.532     1.2710  29.956506     1.2702  29.954703     4.3138     4.3734    -0.0076    91.7190 1.0000e-12  -64.86058  -64.94894 345.901226      99.97 2.3623e+02    697.901      16751  1028.8496  1028.8486    34.6270    34.6256    7.77221         14 0.0000e+00
    239.000    236.522     1.2736  29.959595     1.2730  29.958085     4.3124     4.3724    -0.0077    91.6939 1.0000e-12  -64.86058  -64.94894 345.901232      99.97 2.3623e+02    698.466      16764  1028.8546  1028.8537    34.6275    34.6263    7.77167         13 0.0000e+00
    240.000    237.515     1.2758  29.962495     1.2752  29.960908     4.3100     4.3728    -0.0072    91.6804 1.0000e-12  -64.86058  -64.94894 345.901239      99.97 2.3623e+02    699.016      16777  1028.8596  1028.8586    34.6282    34.6269    7.77120         14 0.0000e+00
    241.000    238.500     1.2780  29.965134     1.2774  29.963610     4.3119     4.3764    -0.0095    91.7049 1.0000e-12  -64.86058  -64.94895 345.901245      99.97 2.3623e+02    699.601      16791  1028.8645  1028.8635    34.6286    34.6273    7.77075         15 0.0000e+00
    242.000    239.490     1.2763  29.964058     1.2763  29.963114     4.3196     4.3749    -0.0171    91.6873 1.0000e-12  -64.86058  -64.94895 345.901270      99.97 2.3623e+02    701.727      16842  1028.8694  1028.8684    34.6285    34.6273    7.77108         24 0.0000e+00
    243.000    240.477     1.2749  29.962481     1.2749  29.961733     4.3146     4.3571    -0.0159    91.6814 1.0000e-12  -64.86058  -64.94890 345.901311      99.97 2.3580e+02    705.280      16928  1028.8735  1028.8728    34.6274    34.6265    7.77142         17 0.0000e+00
    244.000    241.470     1.2810  29.969251     1.2805  29.967926     4.3068     4.3594    -0.0078    91.7040 1.0000e-12  -64.86058  -64.94890 345.901318      99.97 2.3447e+02    705.869      16942  1028.8786  1028.8778    34.6287    34.6276    7.77013         15 0.0000e+00
    245.000    242.457     1.2836  29.972574     1.2829  29.971071     4.3047     4.3593    -0.0077    91.7042 1.0000e-12  -64.86058  -64.94890 345.901325      99.97 2.3446e+02    706.452      16956  1028.8839  1028.8829    34.6296    34.6284    7.76959         13 0.0000e+00
    246.000    243.445     1.2860  29.975567     1.2855  29.974080     4.3022     4.3580    -0.0077    91.7173 1.0000e-12  -64.86058  -64.94890 345.901331      99.97 2.3446e+02    707.030      16970  1028.8887  1028.8877    34.6301    34.6288    7.76907         14 0.0000e+00
    247.000    244.436     1.2880  29.978365     1.2873  29.976654     4.2970     4.3574    -0.0077    91.7178 1.0000e-12  -64.86058  -64.94891 345.901339      99.97 2.3446e+02    707.653      16985  1028.8939  1028.8929    34.6310    34.6295    7.76864         17 0.0000e+00
    248.000    245.425     1.2888  29.979625     1.2884  29.978040     4.2942     4.3603    -0.0077    91.7261 1.0000e-12  -64.86058  -64.94892 345.901351      99.97 2.3446e+02    708.753      17011  1028.8987  1028.8974    34.6311    34.6294    7.76847         29 0.0000e+00
    249.000    246.415     1.2889  29.980190     1.2883  29.978499     4.2986     4.3548    -0.0077    91.7550 1.0000e-12  -64.86058  -64.94892 345.901383      99.97 2.3446e+02    711.446      17076  1028.9035  1028.9024    34.6311    34.6296    7.76845         36 0.0000e+00
    250.000    247.402     1.2925  29.984060     1.2920  29.982481     4.2931     4.3498    -0.0119    91.7557 1.0000e-12  -64.86058  -64.94891 345.901401      99.97 2.3446e+02    713.010      17113  1028.9083  1028.9072    34.6315    34.6301    7.76772         25 0.0000e+00
    251.000    248.391     1.2934  29.985551     1.2928  29.984056     4.2949     4.3461    -0.0121    91.7582 1.0000e-12  -64.86058  -64.94890 345.901411      99.97 2.3446e+02    713.878      17134  1028.9132  1028.9122    34.6318    34.6305    7.76752         20 0.0000e+00
    252.000    249.380     1.2938  29.986516     1.2932  29.984992     4.2955     4.3438    -0.0074    91.7678 1.0000e-12  -64.86058  -64.94890 345.901420      99.97 2.3446e+02    714.699      17154  1028.9180  1028.9171    34.6320    34.6308    7.76743         19 0.0000e+00
    253.000    250.370     1.2939  29.986993     1.2931  29.985337     4.2978     4.3463    -0.0218    91.7600 1.0000e-12  -64.86058  -64.94890 345.901431      99.97 2.3446e+02    715.609      17176  1028.9227  1028.9217    34.6320    34.6307    7.76742         26 0.0000e+00
    254.000    251.358     1.2940  29.987636     1.2935  29.986074     4.2963     4.3442    -0.0151    91.7528 1.0000e-12  -64.86058  -64.94890 345.901448      99.97 2.3614e+02    717.142      17212  1028.9275  1028.9264    34.6321    34.6306    7.76739         35 0.0000e+00
    255.000    252.346     1.2950  29.989073     1.2946  29.987554     4.2997     4.3405    -0.0145    91.7603 1.0000e-12  -64.86058  -64.94889 345.901470      99.97 2.3623e+02    718.969      17256  1028.9323  1028.9311    34.6322    34.6307    7.76718         30 0.0000e+00
    256.000    253.336     1.2956  29.990078     1.2949  29.988577     4.3013     4.3451    -0.0071    91.7861 1.0000e-12  -64.86058  -64.94888 345.901481      99.97 2.3623e+02    719.971      17280  1028.9370  1028.9361    34.6323    34.6311    7.76706         20 0.0000e+00
    257.000    254.325     1.2960  29.990871     1.2953  29.989337     4.3025     4.3475    -0.0077    91.7985 1.0000e-12  -64.86059  -64.94888 345.901490      99.97 2.3623e+02    720.731      17299  1028.9417  1028.9408    34.6323    34.6311    7.76699         17 0.0000e+00
    258.000    255.312     1.2961  29.991530     1.2956  29.990127     4.3039     4.3474    -0.0085    91.7606 1.0000e-12  -64.86060  -64.94888 345.901498      99.97 2.3623e+02    721.426      17315  1028.9465  1028.9455    34.6324    34.6312    7.76695         18 0.0000e+00
    259.000    256.305     1.2954  29.991449     1.2948  29.989931     4.3090     4.3475    -0.0146    91.7741 1.0000e-12  -64.86060  -64.94888 345.901507      99.97 2.3623e+02    722.185      17333  1028.9514  1028.9504    34.6325    34.6312    7.76710         20 0.0000e+00
    260.000    257.295     1.2953  29.991851     1.2953  29.990777     4.3032     4.3482    -0.0077    91.7768 1.0000e-12  -64.86060  -64.94890 345.901521      99.97 2.3623e+02    723.437      17363  1028.9561  1028.9550    34.6325    34.6312    7.76710         27 0.0000e+00
    261.000    258.280     1.2957  29.992737     1.2953  29.991189     4.3030     4.3481    -0.0199    91.7692 1.0000e-12  -64.86060  -64.94888 345.901554      99.97 2.3623e+02    726.276      17432  1028.9609  1028.9598    34.6326    34.6311    7.76702         38 0.0000e+00
    262.000    259.271     1.2952  29.992638     1.2948  29.991292     4.3008     4.3486    -0.0145    91.7804 1.0000e-12  -64.86060  -64.94887 345.901571      99.97 2.3623e+02    727.719      17466  1028.9655  1028.9645    34.6324    34.6312    7.76712         28 0.0000e+00
    263.000    260.259     1.2955  29.993412     1.2948  29.991757     4.2973     4.3493    -0.0077    91.7636 1.0000e-12  -64.86060  -64.94886 345.901585      99.97 2.3623e+02    728.920      17495  1028.9703  1028.9693    34.6326    34.6312    7.76707         29 0.0000e+00
    264.000    261.247     1.2958  29.994170     1.2950  29.992449     4.2964     4.3415    -0.0095    91.7807 1.0000e-12  -64.86060  -64.94884 345.901598      99.97 2.3623e+02    730.062      17522  1028.9751  1028.9740    34.6327    34.6313    7.76701         25 0.0000e+00
    265.000    262.237     1.2963  29.994987     1.2962  29.994227     4.2971     4.3366    -0.0226    91.7752 1.0000e-12  -64.86060  -64.94884 345.901609      99.97 2.3546e+02    731.014      17545  1028.9797  1028.9789    34.6326    34.6317    7.76691         21 0.0000e+00
    266.000    263.224     1.2986  29.998279     1.2983  29.997174     4.2929     4.3378    -0.0093    91.7555 1.0000e-12  -64.86060  -64.94884 345.901618      99.97 2.3445e+02    731.799      17564  1028.9850  1028.9840    34.6337    34.6325    7.76640         17 0.0000e+00
    267.000    264.214     1.2993  29.999344     1.2983  29.997460     4.2946     4.3400    -0.0077    91.7541 1.0000e-12  -64.86060  -64.94884 345.901626      99.97 2.3446e+02    732.492      17581  1028.9896  1028.9887    34.6336    34.6324    7.76626         16 0.0000e+00
    268.000    265.204     1.3002  30.000886     1.2991  29.998913     4.2942     4.3425    -0.0077    91.7753 1.0000e-12  -64.86060  -64.94886 345.901634      99.97 2.3446e+02    733.165      17597  1028.9945  1028.9936    34.6340    34.6327    7.76606         17 0.0000e+00
    269.000    266.193     1.3004  30.001659     1.2999  30.000208     4.2934     4.3433    -0.0074    91.7619 1.0000e-12  -64.86060  -64.94886 345.901643      99.97 2.3446e+02    733.962      17616  1028.9994  1028.9983    34.6342    34.6329    7.76601         23 0.0000e+00
    270.000    267.181     1.3006  30.002313     1.2999  30.000442     4.2944     4.3447    -0.0057    91.7527 1.0000e-12  -64.86060  -64.94886 345.901665      99.97 2.3446e+02    735.890      17662  1029.0041  1029.0029    34.6343    34.6326    7.76597         43 0.0000e+00
    271.000    268.169     1.3014  30.003467     1.3009  30.002047     4.2986     4.3450    -0.0153    91.7631 1.0000e-12  -64.86060  -64.94886 345.901691      99.97 2.3446e+02    738.114      17716  1029.0088  1029.0078    34.6343    34.6330    7.76581         34 0.0000e+00
    272.000    269.159     1.3016  30.004191     1.3007  30.002480     4.3028     4.3452    -0.0150    91.7558 1.0000e-12  -64.86060  -64.94884 345.901705      99.97 2.3446e+02    739.292      17744  1029.0136  1029.0127    34.6344    34.6331    7.76576         26 0.0000e+00
    273.000    270.149     1.3009  30.003967     1.3005  30.002569     4.2978     4.3368    -0.0095    91.7557 1.0000e-12  -64.86060  -64.94883 345.901719      99.97 2.3446e+02    740.524      17774  1029.0182  1029.0172    34.6342    34.6330    7.76590         33 0.0000e+00
    274.000    271.137     1.3024  30.005764     1.3018  30.004232     4.2862     4.3395    -0.0128    91.7605 1.0000e-12  -64.86060  -64.94882 345.901736      99.97 2.3446e+02    741.990      17809  1029.0228  1029.0219    34.6343    34.6331    7.76560         33 0.0000e+00
    275.000    272.124     1.3033  30.007287     1.3026  30.005688     4.2910     4.3312    -0.0073    91.7771 1.0000e-12  -64.86060  -64.94882 345.901751      99.97 2.3332e+02    743.289      17840  1029.0278  1029.0269    34.6347    34.6335    7.76541         27 0.0000e+00
    276.000    273.115     1.3042  30.008659     1.3036  30.007089     4.2869     4.3336    -0.0077    91.7553 1.0000e-12  -64.86060  -64.94882 345.901762      99.97 2.3269e+02    744.247      17863  1029.0326  1029.0316    34.6349    34.6336    7.76522         20 0.0000e+00
    277.000    274.104     1.3047  30.009614     1.3044  30.008358     4.2888     4.3357    -0.0150    91.7557 1.0000e-12  -64.86060  -64.94882 345.901771      99.97 2.3270e+02    745.023      17882  1029.0373  1029.0363    34.6350    34.6338    7.76512         18 0.0000e+00
    278.000    275.092     1.3054  30.010950     1.3052  30.009845     4.2822     4.3340    -0.0150    91.7557 1.0000e-12  -64.86060  -64.94882 345.901779      99.97 2.3201e+02    745.720      17898  1029.0421  1029.0413    34.6353    34.6342    7.76495         16 0.0000e+00
    279.000    276.082     1.3070  30.012845     1.3059  30.010907     4.2740     4.3301    -0.0150    91.7542 1.0000e-12  -64.86060  -64.94882 345.901787      99.97 2.3094e+02    746.416      17915  1029.0469  1029.0459    34.6355    34.6341    7.76465         17 0.0000e+00
    280.000    277.070     1.3082  30.014759     1.3075  30.013100     4.2796     4.3321    -0.0142    91.7556 1.0000e-12  -64.86060  -64.94882 345.901798      99.97 2.3094e+02    747.367      17938  1029.0519  1029.0508    34.6360    34.6346    7.76438         32 0.0000e+00
    281.000    278.059     1.3095  30.016586     1.3095  30.015262     4.2702     4.3288    -0.0137    91.7371 1.0000e-12  -64.86060  -64.94882 345.901827      99.97 2.3050e+02    749.818      17997  1029.0567  1029.0553    34.6362    34.6345    7.76410         39 0.0000e+00
    282.000    279.048     1.3125  30.020104     1.3112  30.017953     4.2729     4.3299    -0.0151    91.7726 1.0000e-12  -64.86060  -64.94882 345.901848      99.97 2.2911e+02    751.680      18041  1029.0617  1029.0607    34.6369    34.6355    7.76348         30 0.0000e+00
    283.000    280.037     1.3114  30.019717     1.3114  30.018752     4.2744     4.3281    -0.0219    91.7794 1.0000e-12  -64.86060  -64.94881 345.901860      99.97 2.2870e+02    752.737      18067  1029.0666  1029.0656    34.6370    34.6358    7.76369         23 0.0000e+00
    284.000    281.025     1.3128  30.021649     1.3123  30.020194     4.2735     4.3251    -0.0109    91.7512 1.0000e-12  -64.86060  -64.94880 345.901872      99.97 2.2741e+02    753.708      18090  1029.0714  1029.0704    34.6373    34.6361    7.76339         25 0.0000e+00
    285.000    282.015     1.3121  30.021167     1.3115  30.019690     4.2767     4.3245    -0.0019    91.7810 1.0000e-12  -64.86060  -64.94880 345.901884      99.97 2.2741e+02    754.756      18115  1029.0759  1029.0749    34.6370    34.6356    7.76356         26 0.0000e+00
    286.000    283.003     1.3118  30.021607     1.3113  30.020142     4.2786     4.3256    -0.0057    91.7814 1.0000e-12  -64.86060  -64.94880 345.901896      99.97 2.2741e+02    755.847      18141  1029.0808  1029.0799    34.6372    34.6359    7.76359         26 0.0000e+00
    287.000    283.993     1.3099  30.019758     1.3093  30.018124     4.2597     4.3151    -0.0020    91.7814 1.0000e-12  -64.86060  -64.94880 345.901909      99.97 2.2741e+02    756.965      18168  1029.0851  1029.0840    34.6364    34.6350    7.76402         27 0.0000e+00
    288.000    284.981     1.3131  30.023039     1.3133  30.022281     4.2397     4.2964    -0.0113    91.7814 1.0000e-12  -64.86060  -64.94880 345.901922      99.97 2.2741e+02    758.095      18195  1029.0895  1029.0886    34.6365    34.6353    7.76338         27 0.0000e+00
    289.000    285.969     1.3269  30.038252     1.3279  30.038537     4.2356     4.2919    -0.0095    91.7814 1.0000e-12  -64.86060  -64.94878 345.901935      99.97 2.2741e+02    759.151      18221  1029.0957  1029.0950    34.6400    34.6393    7.76045         24 0.0000e+00
    290.000    286.959     1.3343  30.047203     1.3332  30.045242     4.2282     4.2878    -0.0115    91.7814 1.0000e-12  -64.86060  -64.94878 345.901945      99.97 2.2741e+02    760.084      18243  1029.1018  1029.1009    34.6427    34.6414    7.75885         21 0.0000e+00
    291.000    287.947     1.3382  30.052213     1.3376  30.050425     4.2292     4.2917    -0.0118    91.7715 1.0000e-12  -64.86060  -64.94878 345.901956      99.97 2.2741e+02    760.985      18265  1029.1074  1029.1062    34.6442    34.6427    7.75800         23 0.0000e+00
    292.000    288.935     1.3394  30.053773     1.3390  30.052283     4.2370     4.2947    -0.0037    91.7711 1.0000e-12  -64.86060  -64.94879 345.901969      99.97 2.2741e+02    762.139      18292  1029.1121  1029.1110    34.6443    34.6429    7.75776         30 0.0000e+00
    293.000    289.924     1.3401  30.054814     1.3403  30.054184     4.2330     4.2849    -0.0069    91.7811 1.0000e-12  -64.86060  -64.94880 345.902004      99.97 2.2741e+02    765.109      18364  1029.1169  1029.1160    34.6443    34.6432    7.75762         41 0.0000e+00
