NBP2113_155081_ctd/data/nbp2113_034.ros
* Sea-Bird SBE 9 Data File:
* FileName = D:\Data\raw\NBP2113_034.hex
* Software Version Seasave V 7.26.7.121
* Temperature SN = 2438
* Conductivity SN = 2067
* Number of Bytes Per Scan = 40
* Number of Voltage Words = 5
* Number of Scans Averaged by the Deck Unit = 1
* NMEA Latitude = 64 56.01 S
* NMEA Longitude = 064 23.98 W
* NMEA UTC (Time) = Dec 08 2021  22:30:19
* NMEA baud rate = 9600
** Ship: RVIB N.B. Palmer
** Cruise: NBP2113 LTER
** Station: 600.040
** Operator: S. Blackman
# nquan = 20
# nvalues = 1150                                  
# units = specified
# name 0 = prDM: Pressure, Digiquartz [db]
# name 1 = depSM: Depth [salt water, m]
# name 2 = t090C: Temperature [ITS-90, deg C]
# name 3 = c0mS/cm: Conductivity [mS/cm]
# name 4 = t190C: Temperature, 2 [ITS-90, deg C]
# name 5 = c1mS/cm: Conductivity, 2 [mS/cm]
# name 6 = sbeox0ML/L: Oxygen, SBE 43 [ml/l]
# name 7 = sbeox1ML/L: Oxygen, SBE 43, 2 [ml/l]
# name 8 = flECO-AFL: Fluorescence, WET Labs ECO-AFL/FL [mg/m^3]
# name 9 = CStarTr0: Beam Transmission, WET Labs C-Star [%]
# name 10 = par: PAR/Irradiance, Biospherical/Licor
# name 11 = latitude: Latitude [deg]
# name 12 = longitude: Longitude [deg]
# name 13 = timeJ: Julian Days
# name 14 = altM: Altimeter [m]
# name 15 = spar: SPAR, Biospherical/Licor
# name 16 = timeS: Time, Elapsed [seconds]
# name 17 = scan: Scan Count
# name 18 = nbf: Bottles Fired
# name 19 = flag:  0.000e+00
# interval = seconds: 0.0416667
# start_time = Dec 08 2021 22:30:19 [NMEA time, header]
# bad_flag = -9.990e-29
*END*
[from data line 362]
     72.975     72.247    -0.1885  28.321575    -0.2471  28.259495     6.1344     6.1868     0.0802    95.3091 1.0678e-01  -64.93344  -64.39952 342.981387      99.98 4.2309e+01   3772.833      90549          8  0.000e+00
     72.975     72.247    -0.1881  28.321922    -0.2417  28.258930     6.1297     6.1860     0.0802    95.3091 1.0678e-01  -64.93344  -64.39952 342.981387      99.98 4.2309e+01   3772.875      90550          8  0.000e+00
     72.927     72.200    -0.1876  28.321864    -0.2459  28.254637     6.1365     6.1811     0.0802    95.3091 1.0678e-01  -64.93344  -64.39952 342.981388      99.98 4.2309e+01   3772.917      90551          8  0.000e+00
     72.975     72.247    -0.1872  28.322153    -0.2508  28.248651     6.1320     6.1875     0.0802    95.3091 1.0678e-01  -64.93344  -64.39952 342.981388      99.98 4.2309e+01   3772.958      90552          8  0.000e+00
     72.920     72.193    -0.1882  28.322674    -0.2489  28.244584     6.1435     6.1882     0.0802    95.3091 1.0678e-01  -64.93344  -64.39952 342.981389      99.95 4.2309e+01   3773.000      90553          8  0.000e+00
     72.920     72.193    -0.1892  28.322153    -0.2535  28.239785     6.1449     6.1889     0.0802    95.3091 1.0678e-01  -64.93344  -64.39952 342.981389      99.98 4.2309e+01   3773.042      90554          8  0.000e+00
     72.920     72.193    -0.1896  28.321112    -0.2604  28.232896     6.1460     6.1846     0.0802    95.3091 1.0678e-01  -64.93344  -64.39952 342.981390      99.98 4.2309e+01   3773.083      90555          8  0.000e+00
     72.920     72.193    -0.1901  28.319491    -0.2697  28.227533     6.1414     6.1907     0.0802    95.3091 1.0678e-01  -64.93344  -64.39952 342.981390      99.98 4.2309e+01   3773.125      90556          8  0.000e+00
     72.873     72.146    -0.1905  28.319780    -0.2722  28.226347     6.1409     6.1853     0.0802    95.3091 1.0678e-01  -64.93344  -64.39952 342.981391      99.98 4.2309e+01   3773.167      90557          8  0.000e+00
     72.873     72.146    -0.1910  28.319491    -0.2700  28.225895     6.1405     6.1894     0.0802    95.3091 1.0897e-01  -64.93344  -64.39952 342.981391      99.98 4.2309e+01   3773.208      90558          8  0.000e+00
     72.873     72.146    -0.1919  28.319202    -0.2701  28.227137     6.1401     6.1836     0.0802    95.3091 1.0897e-01  -64.93344  -64.39952 342.981392      99.98 4.2309e+01   3773.250      90559          8  0.000e+00
     72.879     72.153    -0.1927  28.318392    -0.2658  28.234873     6.1397     6.1814     0.0802    95.2834 1.0897e-01  -64.93344  -64.39952 342.981392      99.95 4.2309e+01   3773.292      90560          8  0.000e+00
     72.818     72.092    -0.1931  28.316250    -0.2600  28.248538     6.1449     6.1786     0.0802    95.3091 1.0897e-01  -64.93344  -64.39952 342.981393      99.95 4.2309e+01   3773.333      90561          8  0.000e+00
     72.818     72.092    -0.1934  28.315729    -0.2541  28.263562     6.1455     6.1757     0.0802    95.3091 1.0897e-01  -64.93344  -64.39952 342.981393      99.98 4.2309e+01   3773.375      90562          8  0.000e+00
     72.873     72.146    -0.1938  28.315440    -0.2472  28.270510     6.1417     6.1741     0.0802    95.3091 1.0897e-01  -64.93344  -64.39952 342.981394      99.98 4.2309e+01   3773.417      90563          8  0.000e+00
     72.770     72.044    -0.1938  28.315208    -0.2429  28.269549     6.1349     6.1733     0.0802    95.3091 1.0897e-01  -64.93344  -64.39952 342.981394      99.98 4.2309e+01   3773.458      90564          8  0.000e+00
     72.818     72.092    -0.1925  28.314919    -0.2394  28.273504     6.1384     6.1724     0.0802    95.3091 1.0897e-01  -64.93344  -64.39952 342.981395      99.93 4.2309e+01   3773.500      90565          8  0.000e+00
     72.818     72.092    -0.1919  28.315729    -0.2291  28.281187     6.1359     6.1649     0.0802    95.3091 1.0897e-01  -64.93344  -64.39952 342.981395      99.95 4.2309e+01   3773.542      90566          8  0.000e+00
     72.770     72.044    -0.1961  28.316771    -0.2280  28.283051     6.1353     6.1682     0.0802    95.3091 1.0897e-01  -64.93344  -64.39952 342.981396      99.98 4.2309e+01   3773.583      90567          8  0.000e+00
     72.777     72.051    -0.1993  28.316829    -0.2252  28.285933     6.1361     6.1676     0.0802    95.3091 1.1116e-01  -64.93344  -64.39952 342.981396      99.98 4.2309e+01   3773.625      90568          8  0.000e+00
     72.715     71.990    -0.2008  28.310405    -0.2193  28.290679     6.1427     6.1655     0.0802    95.3091 1.0897e-01  -64.93344  -64.39952 342.981397      99.98 4.2309e+01   3773.667      90569          8  0.000e+00
     72.770     72.044    -0.2013  28.307454    -0.2175  28.293165     6.1445     6.1651     0.0802    95.3091 1.1116e-01  -64.93344  -64.39952 342.981397      99.98 4.2309e+01   3773.708      90570          8  0.000e+00
     72.715     71.990    -0.2065  28.307455    -0.2171  28.293900     6.1481     6.1650     0.0802    95.3091 1.1116e-01  -64.93344  -64.39952 342.981398      99.98 4.2309e+01   3773.750      90571          8  0.000e+00
     72.715     71.990    -0.2097  28.302073    -0.2173  28.292035     6.1517     6.1597     0.0802    95.3091 1.1116e-01  -64.93344  -64.39952 342.981398      99.95 4.2309e+01   3773.792      90572          8  0.000e+00
     72.667     71.942    -0.2100  28.296808    -0.2169  28.290226     6.1607     6.1644     0.0802    95.3091 1.1116e-01  -64.93344  -64.39952 342.981399      99.95 4.2309e+01   3773.833      90573          8  0.000e+00
     72.715     71.990    -0.2108  28.297271    -0.2175  28.288418     6.1636     6.1593     0.0802    95.3091 1.1116e-01  -64.93344  -64.39952 342.981399      99.98 4.2309e+01   3773.875      90574          8  0.000e+00
     72.667     71.942    -0.2138  28.297850    -0.2188  28.288531     6.1680     6.1643     0.0802    95.3091 1.1116e-01  -64.93344  -64.39952 342.981399      99.98 4.2309e+01   3773.917      90575          8  0.000e+00
     72.729     72.003    -0.2142  28.295130    -0.2165  28.291130     6.1651     6.1586     0.0802    95.3091 1.1116e-01  -64.93344  -64.39952 342.981400      99.95 4.2309e+01   3773.958      90576          8  0.000e+00
     72.619     71.895    -0.2139  28.292527    -0.2134  28.294125     6.1708     6.1574     0.0802    95.3091 1.1116e-01  -64.93344  -64.39952 342.981400      99.95 4.2309e+01   3774.000      90577          8  0.000e+00
     72.667     71.942    -0.2138  28.292700    -0.2117  28.294747     6.1660     6.1567     0.0802    95.3091 1.1116e-01  -64.93344  -64.39952 342.981401      99.98 4.2309e+01   3774.042      90578          8  0.000e+00
     60.957     60.351    -0.5211  27.924979    -0.5272  27.912783     6.5161     6.4872     0.1535    94.9744 2.2892e-01  -64.93344  -64.39956 342.981980      99.98 4.4072e+01   3824.042      91778          9  0.000e+00
     61.108     60.500    -0.5226  27.922388    -0.5282  27.912614     6.5147     6.4907     0.1535    94.9486 2.2640e-01  -64.93344  -64.39956 342.981980      99.98 4.4072e+01   3824.083      91779          9  0.000e+00
     61.012     60.405    -0.5239  27.921582    -0.5237  27.921554     6.5185     6.4823     0.1535    94.9744 2.2892e-01  -64.93344  -64.39956 342.981981      99.98 4.4072e+01   3824.125      91780          9  0.000e+00
     61.108     60.500    -0.5240  27.919222    -0.5149  27.930721     6.5162     6.4842     0.1535    94.9744 2.2640e-01  -64.93344  -64.39956 342.981981      99.98 4.4072e+01   3824.167      91781          9  0.000e+00
     61.108     60.500    -0.5256  27.918646    -0.5148  27.929877     6.5090     6.4777     0.1535    94.9486 2.2892e-01  -64.93344  -64.39956 342.981982      99.98 4.4072e+01   3824.208      91782          9  0.000e+00
     61.060     60.453    -0.5280  27.917898    -0.5202  27.923129     6.5061     6.4768     0.1535    94.9744 2.2640e-01  -64.93344  -64.39956 342.981982      99.98 4.4072e+01   3824.250      91783          9  0.000e+00
     61.108     60.500    -0.5287  27.915250    -0.5225  27.919699     6.5088     6.4752     0.1535    94.9486 2.2640e-01  -64.93344  -64.39956 342.981983      99.95 4.4072e+01   3824.292      91784          9  0.000e+00
     61.108     60.500    -0.5302  27.913638    -0.5251  27.915988     6.5066     6.4744     0.1535    94.9486 2.2640e-01  -64.93344  -64.39956 342.981983      99.98 4.4072e+01   3824.333      91785          9  0.000e+00
     61.211     60.602    -0.5340  27.913639    -0.5280  27.911996     6.5000     6.4736     0.1535    94.9486 2.2640e-01  -64.93344  -64.39956 342.981984      99.98 4.4072e+01   3824.375      91786          9  0.000e+00
     61.163     60.555    -0.5383  27.910761    -0.5290  27.910422     6.4992     6.4721     0.1535    94.9229 2.2640e-01  -64.93344  -64.39956 342.981984      99.98 4.4072e+01   3824.417      91787          9  0.000e+00
     61.163     60.555    -0.5413  27.906213    -0.5302  27.908623     6.5040     6.4706     0.1535    94.9486 2.2640e-01  -64.93344  -64.39956 342.981984      99.95 4.4072e+01   3824.458      91788          9  0.000e+00
     61.211     60.602    -0.5391  27.904371    -0.5321  27.908342     6.5018     6.4691     0.1535    94.9486 2.2640e-01  -64.93344  -64.39956 342.981985      99.95 4.4072e+01   3824.500      91789          9  0.000e+00
     61.211     60.602    -0.5371  27.904428    -0.5319  27.908792     6.5006     6.4725     0.1535    94.9486 2.2640e-01  -64.93344  -64.39956 342.981985      99.98 4.4072e+01   3824.542      91790          9  0.000e+00
     61.211     60.602    -0.5367  27.905695    -0.5322  27.908567     6.5052     6.4667     0.1535    94.9229 2.2640e-01  -64.93344  -64.39956 342.981986      99.98 4.4072e+01   3824.583      91791          9  0.000e+00
     61.266     60.656    -0.5392  27.905983    -0.5326  27.906655     6.5158     6.4647     0.1535    94.9486 2.2640e-01  -64.93344  -64.39956 342.981986      99.98 4.4072e+01   3824.625      91792          9  0.000e+00
     61.211     60.602    -0.5402  27.904141    -0.5404  27.902215     6.5154     6.4647     0.1535    94.9486 2.2640e-01  -64.93344  -64.39956 342.981987      99.98 4.4072e+01   3824.667      91793          9  0.000e+00
     61.266     60.656    -0.5394  27.901205    -0.5440  27.899460     6.5099     6.4640     0.1535    94.9486 2.2640e-01  -64.93344  -64.39956 342.981987      99.98 4.4072e+01   3824.708      91794          9  0.000e+00
     61.266     60.656    -0.5384  27.901781    -0.5419  27.901934     6.5155     6.4619     0.1535    94.9486 2.2640e-01  -64.93344  -64.39956 342.981988      99.98 4.4072e+01   3824.750      91795          9  0.000e+00
     61.314     60.704    -0.5394  27.903047    -0.5384  27.905307     6.5049     6.4596     0.1535    94.9486 2.2640e-01  -64.93344  -64.39956 342.981988      99.95 4.4072e+01   3824.792      91796          9  0.000e+00
     61.266     60.656    -0.5371  27.903623    -0.5377  27.904295     6.5052     6.4532     0.1535    94.9229 2.2640e-01  -64.93344  -64.39956 342.981989      99.98 4.4072e+01   3824.833      91797          9  0.000e+00
     61.314     60.704    -0.5351  27.903565    -0.5423  27.901822     6.5055     6.4524     0.1535    94.9229 2.2640e-01  -64.93344  -64.39956 342.981989      99.98 4.4072e+01   3824.875      91798          9  0.000e+00
     61.314     60.704    -0.5349  27.905465    -0.5431  27.901316     6.5057     6.4564     0.1535    94.9486 2.2640e-01  -64.93344  -64.39956 342.981990      99.98 4.4072e+01   3824.917      91799          9  0.000e+00
     61.314     60.704    -0.5382  27.906789    -0.5422  27.899966     6.5049     6.4500     0.1535    94.9486 2.2640e-01  -64.93344  -64.39956 342.981990      99.95 4.4072e+01   3824.958      91800          9  0.000e+00
     61.314     60.704    -0.5419  27.904659    -0.5443  27.898505     6.4984     6.4487     0.1535    94.9486 2.2640e-01  -64.93344  -64.39956 342.981991      99.95 4.4072e+01   3825.000      91801          9  0.000e+00
     61.368     60.758    -0.5434  27.900976    -0.5436  27.898280     6.4959     6.4469     0.1535    94.9486 2.2640e-01  -64.93344  -64.39956 342.981991      99.98 4.4072e+01   3825.042      91802          9  0.000e+00
     61.314     60.704    -0.5434  27.898558    -0.5429  27.899179     6.4987     6.4450     0.1974    94.9486 2.2640e-01  -64.93344  -64.39956 342.981992      99.98 4.4072e+01   3825.083      91803          9  0.000e+00
     61.369     60.758    -0.5422  27.899076    -0.5408  27.900866     6.4893     6.4429     0.2121    94.9229 2.2640e-01  -64.93344  -64.39956 342.981992      99.98 4.4072e+01   3825.125      91804          9  0.000e+00
     61.369     60.758    -0.5423  27.900458    -0.5405  27.901147     6.4798     6.4412     0.2194    94.9486 2.2389e-01  -64.93344  -64.39956 342.981993      99.98 4.4072e+01   3825.167      91805          9  0.000e+00
     61.314     60.704    -0.5416  27.900918    -0.5402  27.901090     6.4687     6.4449     0.2121    94.9486 2.2640e-01  -64.93344  -64.39956 342.981993      99.98 4.4072e+01   3825.208      91806          9  0.000e+00
     61.369     60.758    -0.5398  27.901493    -0.5392  27.901203     6.4722     6.4448     0.2121    94.9486 2.2640e-01  -64.93344  -64.39956 342.981994      99.98 4.4072e+01   3825.250      91807          9  0.000e+00
     61.362     60.751    -0.5380  27.902299    -0.5388  27.901484     6.4620     6.4383     0.2121    94.9744 2.2640e-01  -64.93344  -64.39956 342.981994      99.95 4.4072e+01   3825.292      91808          9  0.000e+00
     61.417     60.806    -0.5385  27.903048    -0.5391  27.903958     6.4595     6.4420     0.2121    94.9486 2.2640e-01  -64.93344  -64.39956 342.981995      99.95 4.4072e+01   3825.333      91809          9  0.000e+00
     61.369     60.758    -0.5390  27.903105    -0.5388  27.906488     6.4583     6.4354     0.2121    94.9744 2.2389e-01  -64.93344  -64.39956 342.981995      99.98 4.4072e+01   3825.375      91810          9  0.000e+00
     61.362     60.751    -0.5390  27.902817    -0.5373  27.908287     6.4631     6.4341     0.2121    94.9744 2.2389e-01  -64.93344  -64.39956 342.981996      99.98 4.4072e+01   3825.417      91811          9  0.000e+00
     61.369     60.758    -0.5376  27.902817    -0.5350  27.908399     6.4631     6.4330     0.2121    94.9744 2.2389e-01  -64.93344  -64.39956 342.981996      99.98 4.4072e+01   3825.458      91812          9  0.000e+00
     61.362     60.751    -0.5374  27.903105    -0.5344  27.907837     6.4633     6.4321     0.2121    94.9744 2.2389e-01  -64.93344  -64.39956 342.981997      99.95 4.4072e+01   3825.500      91813          9  0.000e+00
     61.369     60.758    -0.5374  27.903565    -0.5348  27.906825     6.4562     6.4315     0.2121    94.9744 2.2389e-01  -64.93344  -64.39956 342.981997      99.98 4.4072e+01   3825.542      91814          9  0.000e+00
     61.369     60.758    -0.5367  27.904429    -0.5354  27.905588     6.4593     6.4309     0.2121    94.9744 2.2389e-01  -64.93344  -64.39956 342.981997      99.98 4.4072e+01   3825.583      91815          9  0.000e+00
     61.417     60.806    -0.5351  27.905695    -0.5373  27.904126     6.4564     6.4306     0.2121    94.9486 2.2389e-01  -64.93344  -64.39956 342.981998      99.98 4.4072e+01   3825.625      91816          9  0.000e+00
     61.369     60.758    -0.5340  27.906501    -0.5385  27.903058     6.4430     6.4302     0.2121    94.9744 2.2389e-01  -64.93344  -64.39956 342.981998      99.98 4.4072e+01   3825.667      91817          9  0.000e+00
     61.362     60.752    -0.5327  27.907307    -0.5392  27.902102     6.4373     6.4352     0.2121    94.9486 2.2389e-01  -64.93344  -64.39956 342.981999      99.98 4.4072e+01   3825.708      91818          9  0.000e+00
     61.314     60.704    -0.5321  27.907537    -0.5394  27.901877     6.4376     6.4355     0.2194    94.9744 2.2389e-01  -64.93344  -64.39956 342.981999      99.98 4.4072e+01   3825.750      91819          9  0.000e+00
