NBP2113_155081_ctd/data/nbp2113_002.ros
* Sea-Bird SBE 9 Data File:
* FileName = D:\Data\raw\NBP2113_002.hex
* Software Version Seasave V 7.26.7.121
* Temperature SN = 2438
* Conductivity SN = 2067
* Number of Bytes Per Scan = 40
* Number of Voltage Words = 5
* Number of Scans Averaged by the Deck Unit = 1
* NMEA Latitude = 63 34.52 S
* NMEA Longitude = 060 42.00 W
* NMEA UTC (Time) = Nov 22 2021  11:46:05
* NMEA baud rate = 9600
** Ship: RVIB N.B. Palmer
** Cruise: NBP2113 LTER
** Station: 831.-002
** Operator: B. Urmston
# nquan = 20
# nvalues = 1173                                  
# units = specified
# name 0 = prDM: Pressure, Digiquartz [db]
# name 1 = depSM: Depth [salt water, m]
# name 2 = t090C: Temperature [ITS-90, deg C]
# name 3 = c0mS/cm: Conductivity [mS/cm]
# name 4 = t190C: Temperature, 2 [ITS-90, deg C]
# name 5 = c1mS/cm: Conductivity, 2 [mS/cm]
# name 6 = sbeox0ML/L: Oxygen, SBE 43 [ml/l]
# name 7 = sbeox1ML/L: Oxygen, SBE 43, 2 [ml/l]
# name 8 = flECO-AFL: Fluorescence, WET Labs ECO-AFL/FL [mg/m^3]
# name 9 = CStarTr0: Beam Transmission, WET Labs C-Star [%]
# name 10 = par: PAR/Irradiance, Biospherical/Licor
# name 11 = latitude: Latitude [deg]
# name 12 = longitude: Longitude [deg]
# name 13 = timeJ: Julian Days
# name 14 = altM: Altimeter [m]
# name 15 = spar: SPAR, Biospherical/Licor
# name 16 = timeS: Time, Elapsed [seconds]
# name 17 = scan: Scan Count
# name 18 = nbf: Bottles Fired
# name 19 = flag:  0.000e+00
# interval = seconds: 0.0416667
# start_time = Nov 22 2021 11:46:05 [NMEA time, header]
# bad_flag = -9.990e-29
*END*
[from data line 507]
     76.279     75.525    -1.1133  27.667619    -1.1132  27.666501     7.3725     7.2295     0.3146    97.1373 2.8521e+00  -63.57546  -60.69946 326.517138      99.98 1.7999e+03   2315.750      55579         11  0.000e+00
     76.231     75.478    -1.1131  27.667562    -1.1132  27.666108     7.3720     7.2290     0.3146    97.1373 2.8422e+00  -63.57546  -60.69946 326.517139      99.98 1.7999e+03   2315.792      55580         11  0.000e+00
     76.334     75.580    -1.1131  27.667562    -1.1132  27.666333     7.3716     7.2286     0.3146    97.1373 2.8422e+00  -63.57546  -60.69946 326.517139      99.98 1.7999e+03   2315.833      55581         11  0.000e+00
     76.334     75.580    -1.1131  27.667619    -1.1132  27.666557     7.3696     7.2280     0.3146    97.1373 2.8422e+00  -63.57546  -60.69946 326.517140      99.98 1.7999e+03   2315.875      55582         11  0.000e+00
     76.382     75.627    -1.1131  27.667619    -1.1130  27.666501     7.3690     7.2274     0.3146    97.1373 2.8324e+00  -63.57546  -60.69946 326.517140      99.95 1.7999e+03   2315.917      55583         11  0.000e+00
     76.430     75.675    -1.1130  27.667562    -1.1134  27.666109     7.3743     7.2269     0.2926    97.1373 2.8225e+00  -63.57546  -60.69946 326.517141      99.98 1.7999e+03   2315.958      55584         11  0.000e+00
     76.382     75.627    -1.1130  27.667792    -1.1132  27.666333     7.3688     7.2271     0.2853    97.1373 2.8225e+00  -63.57546  -60.69946 326.517141      99.98 1.7999e+03   2316.000      55585         11  0.000e+00
     76.485     75.729    -1.1133  27.667907    -1.1133  27.666277     7.3635     7.2275     0.2853    97.1373 2.8225e+00  -63.57546  -60.69946 326.517142      99.98 1.7999e+03   2316.042      55586         11  0.000e+00
     76.485     75.729    -1.1131  27.667849    -1.1132  27.666221     7.3552     7.2268     0.2853    97.1373 2.8127e+00  -63.57546  -60.69946 326.517142      99.95 1.7999e+03   2316.083      55587         11  0.000e+00
     76.533     75.776    -1.1131  27.668022    -1.1133  27.666389     7.3591     7.2327     0.2853    97.1373 2.8030e+00  -63.57546  -60.69946 326.517143      99.98 1.7999e+03   2316.125      55588         11  0.000e+00
     76.588     75.831    -1.1131  27.667964    -1.1132  27.666277     7.3570     7.2272     0.2853    97.1373 2.8030e+00  -63.57546  -60.69946 326.517143      99.98 1.7999e+03   2316.167      55589         11  0.000e+00
     76.574     75.817    -1.1133  27.668079    -1.1132  27.666389     7.3564     7.2274     0.2853    97.1373 2.7932e+00  -63.57546  -60.69946 326.517144      99.98 1.7999e+03   2316.208      55590         11  0.000e+00
     76.588     75.831    -1.1130  27.668079    -1.1132  27.666501     7.3543     7.2266     0.2853    97.1373 2.7932e+00  -63.57546  -60.69946 326.517144      99.98 1.8017e+03   2316.250      55591         11  0.000e+00
     76.684     75.926    -1.1131  27.667907    -1.1132  27.666390     7.3598     7.2258     0.2853    97.1373 2.7835e+00  -63.57546  -60.69946 326.517145      99.98 1.7999e+03   2316.292      55592         11  0.000e+00
     76.684     75.926    -1.1131  27.667907    -1.1133  27.666221     7.3546     7.2259     0.2853    97.1373 2.7835e+00  -63.57546  -60.69946 326.517145      99.98 1.8017e+03   2316.333      55593         11  0.000e+00
     76.739     75.980    -1.1133  27.667907    -1.1132  27.666614     7.3497     7.2260     0.2853    97.1373 2.7738e+00  -63.57546  -60.69946 326.517146      99.98 1.8017e+03   2316.375      55594         11  0.000e+00
     76.739     75.980    -1.1131  27.667850    -1.1133  27.666334     7.3494     7.2261     0.2853    97.1373 2.7738e+00  -63.57546  -60.69946 326.517146      99.95 1.8017e+03   2316.417      55595         11  0.000e+00
     76.787     76.028    -1.1131  27.668022    -1.1134  27.666390     7.3478     7.2253     0.2853    97.1373 2.7641e+00  -63.57546  -60.69946 326.517147      99.98 1.8017e+03   2316.458      55596         11  0.000e+00
     76.787     76.028    -1.1131  27.668137    -1.1135  27.666670     7.3403     7.2253     0.2853    97.1373 2.7545e+00  -63.57546  -60.69946 326.517147      99.98 1.8017e+03   2316.500      55597         11  0.000e+00
     76.890     76.129    -1.1131  27.667908    -1.1133  27.666334     7.3436     7.2255     0.2853    97.1373 2.7545e+00  -63.57546  -60.69946 326.517147      99.98 1.8017e+03   2316.542      55598         11  0.000e+00
     76.890     76.129    -1.1133  27.667850    -1.1132  27.666390     7.3425     7.2255     0.2853    97.1373 2.7449e+00  -63.57546  -60.69946 326.517148      99.95 1.8017e+03   2316.583      55599         11  0.000e+00
     76.890     76.129    -1.1131  27.667908    -1.1135  27.666502     7.3459     7.2303     0.2853    97.1373 2.7449e+00  -63.57546  -60.69946 326.517148      99.95 1.8017e+03   2316.625      55600         11  0.000e+00
     76.938     76.177    -1.1133  27.668080    -1.1132  27.666783     7.3448     7.2311     0.2853    97.1373 2.7353e+00  -63.57546  -60.69946 326.517149      99.98 1.8017e+03   2316.667      55601         11  0.000e+00
     76.992     76.231    -1.1133  27.667679    -1.1133  27.666558     7.3438     7.2264     0.2926    97.1373 2.7257e+00  -63.57546  -60.69946 326.517149      99.98 1.8017e+03   2316.708      55602         11  0.000e+00
     76.992     76.231    -1.1133  27.668195    -1.1136  27.666671     7.3426     7.2264     0.2853    97.1373 2.7257e+00  -63.57546  -60.69946 326.517150      99.98 1.8017e+03   2316.750      55603         11  0.000e+00
     77.040     76.279    -1.1133  27.668023    -1.1132  27.666334     7.3415     7.2253     0.2853    97.1373 2.7162e+00  -63.57546  -60.69946 326.517150      99.98 1.8017e+03   2316.792      55604         11  0.000e+00
     77.095     76.333    -1.1134  27.668023    -1.1133  27.666391     7.3405     7.2253     0.2853    97.1373 2.7162e+00  -63.57546  -60.69946 326.517151      99.98 1.8017e+03   2316.833      55605         11  0.000e+00
     77.095     76.333    -1.1131  27.668080    -1.1134  27.666503     7.3408     7.2252     0.2853    97.1373 2.7067e+00  -63.57546  -60.69946 326.517151      99.98 1.8017e+03   2316.875      55606         11  0.000e+00
     77.095     76.333    -1.1134  27.667966    -1.1135  27.666503     7.3412     7.2251     0.2853    97.1373 2.7067e+00  -63.57546  -60.69946 326.517152      99.98 1.8017e+03   2316.917      55607         11  0.000e+00
     77.198     76.435    -1.1133  27.668081    -1.1136  27.666503     7.3418     7.2251     0.2853    97.1373 2.6972e+00  -63.57546  -60.69946 326.517152      99.98 1.8017e+03   2316.958      55608         11  0.000e+00
     77.143     76.381    -1.1133  27.668081    -1.1133  27.666671     7.3363     7.2305     0.2853    97.1373 2.6972e+00  -63.57546  -60.69946 326.517153      99.98 1.8017e+03   2317.000      55609         11  0.000e+00
     77.246     76.482    -1.1131  27.667909    -1.1135  27.666559     7.3356     7.2314     0.3073    97.1373 2.6878e+00  -63.57546  -60.69946 326.517153      99.98 1.8017e+03   2317.042      55610         11  0.000e+00
     76.688     75.930    -1.1133  27.668309    -1.1134  27.666726     7.3632     7.2270     0.3439    97.1116 2.8324e+00  -63.57546  -60.69946 326.517215      99.98 1.7999e+03   2322.333      55737         12  0.000e+00
     76.688     75.930    -1.1130  27.667965    -1.1132  27.666334     7.3583     7.2273     0.3439    97.1116 2.8324e+00  -63.57546  -60.69946 326.517215      99.98 1.7999e+03   2322.375      55738         12  0.000e+00
     76.743     75.984    -1.1130  27.667850    -1.1132  27.666390     7.3581     7.2276     0.3439    97.1116 2.8225e+00  -63.57546  -60.69946 326.517215      99.95 1.7999e+03   2322.417      55739         12  0.000e+00
     76.729     75.971    -1.1133  27.667907    -1.1132  27.666670     7.3640     7.2278     0.3439    97.1116 2.8225e+00  -63.57546  -60.69946 326.517216      99.98 1.7999e+03   2322.458      55740         12  0.000e+00
     76.791     76.032    -1.1131  27.667850    -1.1132  27.666782     7.3639     7.2282     0.3293    97.1116 2.8127e+00  -63.57546  -60.69946 326.517216      99.98 1.7999e+03   2322.500      55741         12  0.000e+00
     76.791     76.032    -1.1131  27.668022    -1.1132  27.666558     7.3653     7.2275     0.2926    97.1116 2.8127e+00  -63.57546  -60.69946 326.517217      99.98 1.7999e+03   2322.542      55742         12  0.000e+00
     76.846     76.086    -1.1133  27.667965    -1.1132  27.666502     7.3713     7.2268     0.2853    97.1116 2.8030e+00  -63.57546  -60.69946 326.517217      99.95 1.7999e+03   2322.583      55743         12  0.000e+00
     76.894     76.134    -1.1131  27.668080    -1.1130  27.666670     7.3711     7.2261     0.2853    97.1116 2.8030e+00  -63.57546  -60.69946 326.517218      99.98 1.7999e+03   2322.625      55744         12  0.000e+00
     76.894     76.134    -1.1131  27.668080    -1.1134  27.666782     7.3648     7.2253     0.2853    97.1116 2.7932e+00  -63.57546  -60.69946 326.517218      99.98 1.7999e+03   2322.667      55745         12  0.000e+00
     76.894     76.134    -1.1131  27.667908    -1.1135  27.666614     7.3585     7.2255     0.2853    97.1116 2.7932e+00  -63.57546  -60.69946 326.517219      99.98 1.7999e+03   2322.708      55746         12  0.000e+00
     76.942     76.181    -1.1131  27.668080    -1.1134  27.666895     7.3674     7.2256     0.2853    97.1116 2.7835e+00  -63.57546  -60.69946 326.517219     100.00 1.7999e+03   2322.750      55747         12  0.000e+00
     76.997     76.235    -1.1131  27.667965    -1.1133  27.667007     7.3611     7.2257     0.2853    97.1373 2.7835e+00  -63.57546  -60.69946 326.517220      99.98 1.7999e+03   2322.792      55748         12  0.000e+00
     77.045     76.283    -1.1134  27.667851    -1.1132  27.666615     7.3518     7.2259     0.2853    97.1116 2.7738e+00  -63.57546  -60.69946 326.517220      99.98 1.7999e+03   2322.833      55749         12  0.000e+00
     77.045     76.283    -1.1131  27.667679    -1.1132  27.666278     7.3483     7.2251     0.2853    97.0858 2.7738e+00  -63.57546  -60.69946 326.517221      99.98 1.7999e+03   2322.875      55750         12  0.000e+00
     77.045     76.283    -1.1133  27.667966    -1.1133  27.666391     7.3449     7.2242     0.2853    97.1116 2.7641e+00  -63.57546  -60.69946 326.517221      99.98 1.7999e+03   2322.917      55751         12  0.000e+00
     77.099     76.337    -1.1133  27.668080    -1.1136  27.666671     7.3431     7.2243     0.2853    97.1116 2.7545e+00  -63.57546  -60.69946 326.517222      99.98 1.7999e+03   2322.958      55752         12  0.000e+00
     77.147     76.385    -1.1133  27.668081    -1.1133  27.666559     7.3413     7.2244     0.2853    97.1116 2.7545e+00  -63.57546  -60.69946 326.517222      99.98 1.7999e+03   2323.000      55753         12  0.000e+00
     77.147     76.385    -1.1134  27.667966    -1.1134  27.666671     7.3410     7.2244     0.2853    97.1116 2.7545e+00  -63.57546  -60.69946 326.517223      99.98 1.7999e+03   2323.042      55754         12  0.000e+00
     77.147     76.385    -1.1131  27.668253    -1.1135  27.666839     7.3393     7.2245     0.2853    97.1116 2.7449e+00  -63.57546  -60.69946 326.517223      99.95 1.7999e+03   2323.083      55755         12  0.000e+00
     77.202     76.439    -1.1130  27.668138    -1.1136  27.666559     7.3497     7.2236     0.2853    97.1116 2.7353e+00  -63.57546  -60.69946 326.517224      99.95 1.7999e+03   2323.125      55756         12  0.000e+00
     77.250     76.487    -1.1131  27.668081    -1.1137  27.666671     7.3524     7.2237     0.2853    97.1116 2.7353e+00  -63.57546  -60.69946 326.517224      99.98 1.7999e+03   2323.167      55757         12  0.000e+00
     77.250     76.487    -1.1130  27.668540    -1.1133  27.666783     7.3536     7.2236     0.2853    97.1116 2.7257e+00  -63.57546  -60.69946 326.517225      99.98 1.7999e+03   2323.208      55758         12  0.000e+00
     77.298     76.534    -1.1128  27.668425    -1.1137  27.666784     7.3608     7.2237     0.2853    97.1116 2.7257e+00  -63.57546  -60.69946 326.517225      99.98 1.7999e+03   2323.250      55759         12  0.000e+00
     77.298     76.534    -1.1128  27.668597    -1.1135  27.667120     7.3632     7.2237     0.2853    97.1116 2.7162e+00  -63.57546  -60.69946 326.517226      99.98 1.7999e+03   2323.292      55760         12  0.000e+00
     77.298     76.534    -1.1128  27.668712    -1.1134  27.666896     7.3610     7.2237     0.2853    97.1116 2.7162e+00  -63.57546  -60.69946 326.517226      99.98 1.7999e+03   2323.333      55761         12  0.000e+00
     77.339     76.575    -1.1128  27.668884    -1.1132  27.666952     7.3589     7.2237     0.2853    97.1116 2.7067e+00  -63.57546  -60.69946 326.517227      99.98 1.7999e+03   2323.375      55762         12  0.000e+00
     77.353     76.588    -1.1127  27.668483    -1.1130  27.667008     7.3660     7.2237     0.2853    97.1116 2.6972e+00  -63.57546  -60.69946 326.517227      99.95 1.7999e+03   2323.417      55763         12  0.000e+00
     77.401     76.636    -1.1124  27.668368    -1.1129  27.667008     7.3625     7.2237     0.2853    97.1116 2.6972e+00  -63.57546  -60.69946 326.517228      99.98 1.7999e+03   2323.458      55764         12  0.000e+00
     77.401     76.636    -1.1125  27.668598    -1.1129  27.667512     7.3622     7.2237     0.2853    97.1116 2.6878e+00  -63.57546  -60.69946 326.517228     100.00 1.7999e+03   2323.500      55765         12  0.000e+00
     77.456     76.690    -1.1127  27.668713    -1.1126  27.667344     7.3619     7.2237     0.2853    97.1116 2.6878e+00  -63.57546  -60.69946 326.517228      99.98 1.7999e+03   2323.542      55766         12  0.000e+00
     77.456     76.690    -1.1124  27.668598    -1.1126  27.667456     7.3660     7.2237     0.2853    97.1116 2.6783e+00  -63.57546  -60.69946 326.517229      99.95 1.7999e+03   2323.583      55767         12  0.000e+00
     77.456     76.690    -1.1124  27.668655    -1.1126  27.667344     7.3654     7.2237     0.3219    97.1116 2.6783e+00  -63.57546  -60.69946 326.517229      99.95 1.7999e+03   2323.625      55768         12  0.000e+00
     77.504     76.738    -1.1124  27.668885    -1.1124  27.667288     7.3603     7.2237     0.3366    97.1116 2.6689e+00  -63.57546  -60.69946 326.517230      99.98 1.7999e+03   2323.667      55769         12  0.000e+00
     77.504     76.738    -1.1122  27.668655    -1.1123  27.667456     7.3612     7.2237     0.3366    97.1116 2.6689e+00  -63.57546  -60.69946 326.517230      99.98 1.7999e+03   2323.708      55770         12  0.000e+00
     77.504     76.738    -1.1124  27.668655    -1.1126  27.667737     7.3682     7.2237     0.3366    97.1116 2.6596e+00  -63.57546  -60.69946 326.517231      99.98 1.7999e+03   2323.750      55771         12  0.000e+00
     77.552     76.785    -1.1125  27.668483    -1.1123  27.667625     7.3646     7.2237     0.3366    97.1116 2.6596e+00  -63.57546  -60.69946 326.517231      99.98 1.7999e+03   2323.792      55772         12  0.000e+00
     77.552     76.785    -1.1128  27.668426    -1.1126  27.667569     7.3687     7.2237     0.3366    97.1116 2.6502e+00  -63.57546  -60.69946 326.517232      99.98 1.7999e+03   2323.833      55773         12  0.000e+00
     77.552     76.785    -1.1130  27.668369    -1.1124  27.667232     7.3654     7.2237     0.3366    97.1116 2.6502e+00  -63.57546  -60.69946 326.517232      99.98 1.7999e+03   2323.875      55774         12  0.000e+00
     77.552     76.785    -1.1131  27.668598    -1.1124  27.667457     7.3654     7.2237     0.3366    97.1116 2.6502e+00  -63.57546  -60.69946 326.517233      99.98 1.7999e+03   2323.917      55775         12  0.000e+00
     77.607     76.840    -1.1128  27.668483    -1.1123  27.667569     7.3625     7.2238     0.3366    97.1116 2.6409e+00  -63.57546  -60.69946 326.517233      99.98 1.7999e+03   2323.958      55776         12  0.000e+00
