NBP2113_155081_ctd/data/nbp2113_019.cnv
* Sea-Bird SBE 9 Data File:
* FileName = D:\Data\raw\NBP2113_019.hex
* Software Version Seasave V 7.26.7.121
* Temperature SN = 2438
* Conductivity SN = 2067
* Number of Bytes Per Scan = 40
* Number of Voltage Words = 5
* Number of Scans Averaged by the Deck Unit = 1
* NMEA Latitude = 66 53.46 S
* NMEA Longitude = 068 55.21 W
* NMEA UTC (Time) = Nov 29 2021  09:39:46
* NMEA baud rate = 9600
** Ship: RVIB N.B. Palmer
** Cruise: NBP2113 LTER
** Station: 300.040
** Operator: B. Urmston
# nquan = 25
# nvalues = 1342                        
# units = specified
# name 0 = prDM: Pressure, Digiquartz [db]
# name 1 = depSM: Depth [salt water, m]
# name 2 = t090C: Temperature [ITS-90, deg C]
# name 3 = c0mS/cm: Conductivity [mS/cm]
# name 4 = t190C: Temperature, 2 [ITS-90, deg C]
# name 5 = c1mS/cm: Conductivity, 2 [mS/cm]
# name 6 = sbeox0ML/L: Oxygen, SBE 43 [ml/l]
# name 7 = sbeox1ML/L: Oxygen, SBE 43, 2 [ml/l]
# name 8 = flECO-AFL: Fluorescence, WET Labs ECO-AFL/FL [mg/m^3]
# name 9 = CStarTr0: Beam Transmission, WET Labs C-Star [%]
# name 10 = par: PAR/Irradiance, Biospherical/Licor
# name 11 = latitude: Latitude [deg]
# name 12 = longitude: Longitude [deg]
# name 13 = timeJ: Julian Days
# name 14 = altM: Altimeter [m]
# name 15 = spar: SPAR, Biospherical/Licor
# name 16 = timeS: Time, Elapsed [seconds]
# name 17 = scan: Scan Count
# name 18 = density00: Density [density, kg/m^3]
# name 19 = density11: Density, 2 [density, kg/m^3]
# name 20 = sal00: Salinity, Practical [PSU]
# name 21 = sal11: Salinity, Practical, 2 [PSU]
# name 22 = oxsolML/L: Oxygen Saturation, Garcia & Gordon [ml/l]
# name 23 = nbin: number of scans per bin
# name 24 = flag: flag
# span 0 =      1.000,    674.000       
# span 1 =      0.990,    666.255       
# span 2 =    -0.9203,     1.4609       
# span 3 =  27.474797,  30.232854       
# span 4 =    -0.9209,     1.4599       
# span 5 =  27.473635,  30.231730       
# span 6 =     3.9628,     9.2420       
# span 7 =     4.0254,     9.7454       
# span 8 =    -0.0224,     1.4154       
# span 9 =    89.8677,    97.4112       
# span 10 = -2.738e-05, 7.8826e+02      
# span 11 =  -66.89134,  -66.89094      
# span 12 =  -68.92486,  -68.92230      
# span 13 = 333.406073, 333.433263      
# span 14 =       7.92,     102.91      
# span 15 = 4.3031e+02, 7.4102e+02      
# span 16 =    298.674,   2647.958      
# span 17 =       7169,      63552      
# span 18 =  1027.2218,  1030.9731      
# span 19 =  1027.2208,  1030.9721      
# span 20 =    33.8544,    34.7217      
# span 21 =    33.8531,    34.7203      
# span 22 =    7.73090,    8.26997      
# span 23 =          1,         47      
# span 24 = 0.0000e+00, 0.0000e+00      
# interval = decibars: 1                
# start_time = Nov 29 2021 09:39:46 [NMEA time, header]
# bad_flag = -9.990e-29
*END*
[from data line 580]
    586.000    579.360     1.2450  30.163534     1.2448  30.162752     4.2555     4.3024    -0.0060    97.3572 1.0000e-12  -66.89100  -68.92474 333.416880      97.02 4.6463e+02   1232.408      29579  1030.5585  1030.5578    34.7200    34.7191    7.77236         26 0.0000e+00
    587.000    580.346     1.2432  30.162632     1.2431  30.161794     4.2578     4.3045    -0.0059    97.3708 1.0000e-12  -66.89100  -68.92474 333.416891      96.12 4.6361e+02   1233.345      29601  1030.5635  1030.5627    34.7202    34.7192    7.77270         20 0.0000e+00
    588.000    581.336     1.2421  30.162228     1.2421  30.161327     4.2551     4.3051    -0.0136    97.3563 1.0000e-12  -66.89100  -68.92474 333.416900      95.10 4.6364e+02   1234.178      29621  1030.5683  1030.5674    34.7203    34.7192    7.77291         22 0.0000e+00
    589.000    582.323     1.2415  30.162155     1.2416  30.161289     4.2558     4.3058    -0.0080    97.3672 1.0000e-12  -66.89098  -68.92474 333.416915      93.92 4.6328e+02   1235.470      29652  1030.5730  1030.5720    34.7203    34.7191    7.77302         42 0.0000e+00
    590.000    583.309     1.2413  30.162342     1.2414  30.161519     4.2602     4.3064    -0.0068    97.3758 1.0000e-12  -66.89098  -68.92474 333.416936      92.86 4.6179e+02   1237.303      29696  1030.5775  1030.5767    34.7202    34.7191    7.77307         33 0.0000e+00
    591.000    584.296     1.2406  30.162159     1.2405  30.161320     4.2654     4.3079    -0.0065    97.3822 1.0000e-12  -66.89098  -68.92476 333.416949      92.06 4.6187e+02   1238.435      29723  1030.5824  1030.5816    34.7203    34.7193    7.77322         24 0.0000e+00
    592.000    585.284     1.2395  30.161764     1.2393  30.160891     4.2626     4.3106    -0.0104    97.3732 1.0000e-12  -66.89098  -68.92474 333.416959      91.17 4.6187e+02   1239.289      29744  1030.5872  1030.5865    34.7203    34.7195    7.77343         19 0.0000e+00
    593.000    586.271     1.2390  30.161824     1.2390  30.160908     4.2616     4.3094    -0.0129    97.3602 1.0000e-12  -66.89100  -68.92474 333.416969      90.05 4.6187e+02   1240.114      29764  1030.5919  1030.5911    34.7204    34.7193    7.77351         22 0.0000e+00
    594.000    587.259     1.2382  30.161576     1.2383  30.160749     4.2650     4.3163    -0.0142    97.3696 1.0000e-12  -66.89100  -68.92473 333.416984      88.88 4.6123e+02   1241.409      29795  1030.5967  1030.5958    34.7204    34.7192    7.77367         37 0.0000e+00
    595.000    588.246     1.2359  30.159946     1.2361  30.159326     4.2736     4.3197    -0.0085    97.3691 1.0000e-12  -66.89100  -68.92472 333.417002      87.88 4.6008e+02   1242.994      29833  1030.6015  1030.6007    34.7203    34.7193    7.77413         31 0.0000e+00
    596.000    589.231     1.2334  30.158324     1.2335  30.157673     4.2665     4.3151    -0.0145    97.3691 1.0000e-12  -66.89100  -68.92472 333.417015      86.98 4.6011e+02   1244.086      29859  1030.6065  1030.6058    34.7204    34.7195    7.77463         22 0.0000e+00
    597.000    590.221     1.2323  30.157891     1.2325  30.157357     4.2719     4.3160    -0.0053    97.3691 1.0000e-12  -66.89100  -68.92472 333.417024      85.98 4.6011e+02   1244.897      29879  1030.6114  1030.6107    34.7205    34.7196    7.77484         18 0.0000e+00
    598.000    591.207     1.2314  30.157587     1.2312  30.156718     4.2689     4.3163    -0.0020    97.3719 1.0000e-12  -66.89100  -68.92472 333.417033      85.18 4.6011e+02   1245.643      29896  1030.6162  1030.6155    34.7206    34.7197    7.77502         18 0.0000e+00
    599.000    592.194     1.2315  30.158037     1.2316  30.157377     4.2664     4.3156    -0.0132    97.3792 1.0000e-12  -66.89100  -68.92473 333.417043      83.95 4.6011e+02   1246.545      29918  1030.6207  1030.6199    34.7205    34.7195    7.77501         27 0.0000e+00
    600.000    593.183     1.2319  30.158893     1.2323  30.158301     4.2679     4.3169    -0.0113    97.3685 1.0000e-12  -66.89100  -68.92474 333.417062      82.79 4.6134e+02   1248.170      29957  1030.6253  1030.6244    34.7205    34.7194    7.77492         43 0.0000e+00
    601.000    594.167     1.2319  30.159268     1.2314  30.158052     4.2688     4.3180    -0.0068    97.3921 1.0000e-12  -66.89100  -68.92472 333.417083      81.78 4.6004e+02   1249.968      30000  1030.6299  1030.6292    34.7205    34.7195    7.77492         33 0.0000e+00
    602.000    595.156     1.2310  30.158966     1.2309  30.158104     4.2726     4.3202    -0.0131    97.3737 1.0000e-12  -66.89100  -68.92472 333.417096      80.85 4.6011e+02   1251.121      30028  1030.6347  1030.6340    34.7205    34.7195    7.77510         25 0.0000e+00
    603.000    596.142     1.2313  30.159719     1.2310  30.158768     4.2737     4.3208    -0.0068    97.3849 1.0000e-12  -66.89100  -68.92472 333.417106      80.02 4.6011e+02   1251.988      30049  1030.6394  1030.6388    34.7206    34.7197    7.77504         18 0.0000e+00
    604.000    597.131     1.2307  30.159572     1.2304  30.158706     4.2714     4.3202    -0.0135    97.3772 1.0000e-12  -66.89100  -68.92471 333.417115      79.02 4.5992e+02   1252.750      30067  1030.6441  1030.6434    34.7205    34.7197    7.77517         19 0.0000e+00
    605.000    598.118     1.2302  30.159756     1.2301  30.158850     4.2719     4.3216    -0.0097    97.3715 1.0000e-12  -66.89100  -68.92470 333.417125      77.92 4.5839e+02   1253.604      30088  1030.6489  1030.6481    34.7207    34.7196    7.77525         23 0.0000e+00
    606.000    599.106     1.2295  30.159416     1.2295  30.158704     4.2746     4.3255    -0.0113    97.3692 1.0000e-12  -66.89100  -68.92470 333.417139      76.78 4.5675e+02   1254.824      30117  1030.6533  1030.6528    34.7205    34.7195    7.77540         36 0.0000e+00
    607.000    600.092     1.2294  30.159853     1.2294  30.159056     4.2691     4.3204    -0.0108    97.3691 1.0000e-12  -66.89100  -68.92472 333.417161      75.69 4.5659e+02   1256.682      30161  1030.6583  1030.6574    34.7206    34.7195    7.77542         38 0.0000e+00
    608.000    601.079     1.2294  30.160277     1.2292  30.159370     4.2684     4.3221    -0.0052    97.3780 1.0000e-12  -66.89100  -68.92472 333.417182      74.72 4.5679e+02   1258.509      30205  1030.6629  1030.6621    34.7205    34.7196    7.77542         36 0.0000e+00
    609.000    602.066     1.2294  30.160704     1.2292  30.159882     4.2700     4.3151     0.0010    97.3816 1.0000e-12  -66.89100  -68.92471 333.417196      73.78 4.5840e+02   1259.750      30235  1030.6675  1030.6669    34.7205    34.7197    7.77541         25 0.0000e+00
    610.000    603.053     1.2289  30.160720     1.2284  30.159730     4.2717     4.3138    -0.0067    97.3896 1.0000e-12  -66.89101  -68.92470 333.417207      72.92 4.5835e+02   1260.647      30257  1030.6722  1030.6717    34.7205    34.7198    7.77551         19 0.0000e+00
    611.000    604.041     1.2274  30.159957     1.2277  30.159580     4.2724     4.3206    -0.0183    97.3722 1.0000e-12  -66.89102  -68.92470 333.417215      72.00 4.5813e+02   1261.359      30274  1030.6771  1030.6765    34.7206    34.7199    7.77580         16 0.0000e+00
    612.000    605.028     1.2266  30.159825     1.2265  30.159024     4.2772     4.3252    -0.0196    97.3692 1.0000e-12  -66.89102  -68.92470 333.417222      70.96 4.5662e+02   1262.010      30289  1030.6819  1030.6813    34.7207    34.7198    7.77595         16 0.0000e+00
    613.000    606.016     1.2259  30.159533     1.2261  30.159041     4.2762     4.3267     0.0124    97.3691 1.0000e-12  -66.89102  -68.92470 333.417230      70.07 4.5659e+02   1262.676      30305  1030.6866  1030.6859    34.7206    34.7198    7.77610         16 0.0000e+00
    614.000    607.002     1.2259  30.160056     1.2262  30.159624     4.2731     4.3260     0.0017    97.3691 1.0000e-12  -66.89102  -68.92470 333.417239      68.81 4.5541e+02   1263.465      30324  1030.6913  1030.6906    34.7207    34.7198    7.77610         23 0.0000e+00
    615.000    607.988     1.2259  30.160477     1.2262  30.159912     4.2783     4.3247    -0.0091    97.3625 1.0000e-12  -66.89100  -68.92470 333.417257      67.62 4.5522e+02   1265.036      30362  1030.6960  1030.6951    34.7207    34.7196    7.77610         31 0.0000e+00
    616.000    608.976     1.2227  30.157949     1.2227  30.157211     4.2781     4.3223    -0.0066    97.3544 1.0000e-12  -66.89102  -68.92470 333.417289      66.55 4.5665e+02   1267.761      30427  1030.7008  1030.7000    34.7205    34.7194    7.77676         36 0.0000e+00
    617.000    609.963     1.2227  30.158622     1.2226  30.157798     4.2811     4.3234    -0.0071    97.3430 1.0000e-12  -66.89102  -68.92470 333.417303      65.61 4.5659e+02   1268.990      30457  1030.7056  1030.7049    34.7207    34.7198    7.77673         25 0.0000e+00
    618.000    610.951     1.2227  30.159136     1.2223  30.158106     4.2737     4.3235    -0.0085    97.3433 1.0000e-12  -66.89102  -68.92470 333.417313      64.75 4.5608e+02   1269.819      30477  1030.7103  1030.7097    34.7208    34.7199    7.77673         17 0.0000e+00
    619.000    611.936     1.2212  30.158280     1.2210  30.157349     4.2697     4.3242    -0.0144    97.3386 1.0000e-12  -66.89102  -68.92470 333.417321      63.90 4.5485e+02   1270.506      30493  1030.7152  1030.7145    34.7208    34.7198    7.77702         16 0.0000e+00
    620.000    612.927     1.2203  30.157873     1.2200  30.157028     4.2694     4.3255    -0.0200    97.3369 1.0000e-12  -66.89102  -68.92470 333.417328      62.91 4.5482e+02   1271.173      30509  1030.7199  1030.7193    34.7207    34.7200    7.77721         16 0.0000e+00
    621.000    613.912     1.2195  30.157703     1.2193  30.156893     4.2736     4.3263    -0.0220    97.3252 1.0000e-12  -66.89102  -68.92470 333.417337      61.71 4.5360e+02   1271.943      30528  1030.7246  1030.7241    34.7208    34.7200    7.77736         22 0.0000e+00
    622.000    614.899     1.2196  30.158212     1.2194  30.157222     4.2790     4.3271    -0.0117    97.3184 1.0000e-12  -66.89102  -68.92468 333.417354      60.40 4.5307e+02   1273.415      30563  1030.7293  1030.7285    34.7208    34.7198    7.77735         39 0.0000e+00
    623.000    615.887     1.2191  30.158152     1.2187  30.157117     4.2815     4.3284    -0.0118    97.3218 1.0000e-12  -66.89102  -68.92468 333.417376      59.55 4.5306e+02   1275.328      30609  1030.7339  1030.7333    34.7207    34.7198    7.77745         30 0.0000e+00
    624.000    616.873     1.2188  30.158420     1.2187  30.157578     4.2802     4.3299    -0.0076    97.3175 1.0000e-12  -66.89102  -68.92468 333.417389      58.60 4.5306e+02   1276.434      30635  1030.7387  1030.7379    34.7208    34.7198    7.77751         22 0.0000e+00
    625.000    617.859     1.2190  30.158876     1.2188  30.158162     4.2824     4.3287    -0.0065    97.3176 1.0000e-12  -66.89102  -68.92468 333.417399      57.69 4.5306e+02   1277.268      30655  1030.7432  1030.7427    34.7206    34.7199    7.77748         19 0.0000e+00
    626.000    618.846     1.2189  30.159472     1.2187  30.158510     4.2800     4.3287    -0.0144    97.3176 1.0000e-12  -66.89102  -68.92468 333.417408      56.61 4.5306e+02   1278.022      30674  1030.7480  1030.7473    34.7209    34.7199    7.77748         19 0.0000e+00
    627.000    619.836     1.2181  30.159074     1.2179  30.158197     4.2767     4.3303    -0.0037    97.3185 1.0000e-12  -66.89102  -68.92468 333.417418      55.49 4.4981e+02   1278.943      30696  1030.7527  1030.7520    34.7207    34.7198    7.77765         28 0.0000e+00
    628.000    620.821     1.2154  30.157304     1.2152  30.156244     4.2837     4.3302    -0.0107    97.2933 1.0000e-12  -66.89102  -68.92469 333.417440      54.29 4.4962e+02   1280.839      30741  1030.7577  1030.7569    34.7208    34.7198    7.77817         39 0.0000e+00
    629.000    621.810     1.2146  30.156908     1.2145  30.156128     4.2810     4.3278    -0.0081    97.2830 1.0000e-12  -66.89102  -68.92468 333.417460      53.45 4.5323e+02   1282.517      30781  1030.7624  1030.7616    34.7207    34.7198    7.77835         28 0.0000e+00
    630.000    622.795     1.2146  30.157497     1.2143  30.156640     4.2771     4.3263    -0.0006    97.2559 1.0000e-12  -66.89102  -68.92468 333.417470      52.53 4.5306e+02   1283.427      30803  1030.7672  1030.7665    34.7209    34.7201    7.77834         18 0.0000e+00
    631.000    623.782     1.2140  30.157489     1.2137  30.156541     4.2783     4.3259    -0.0055    97.2663 1.0000e-12  -66.89102  -68.92468 333.417478      51.60 4.5306e+02   1284.121      30820  1030.7719  1030.7712    34.7209    34.7200    7.77844         16 0.0000e+00
    632.000    624.770     1.2140  30.157919     1.2138  30.156986     4.2833     4.3286    -0.0145    97.2661 1.0000e-12  -66.89103  -68.92467 333.417486      50.58 4.5306e+02   1284.788      30836  1030.7766  1030.7759    34.7209    34.7200    7.77844         17 0.0000e+00
    633.000    625.757     1.2138  30.158141     1.2136  30.157306     4.2820     4.3303    -0.0087    97.2661 1.0000e-12  -66.89104  -68.92466 333.417496      49.51 4.5306e+02   1285.625      30856  1030.7812  1030.7806    34.7209    34.7201    7.77849         25 0.0000e+00
    634.000    626.744     1.2137  30.158518     1.2138  30.157770     4.2933     4.3273    -0.0065    97.2669 1.0000e-12  -66.89103  -68.92466 333.417535      48.19 4.4346e+02   1289.063      30939  1030.7859  1030.7849    34.7208    34.7198    7.77851         32 0.0000e+00
    635.000    627.731     1.2109  30.156488     1.2112  30.156034     4.2848     4.3209    -0.0150    97.2674 1.0000e-12  -66.89102  -68.92468 333.417548      47.40 4.4242e+02   1290.115      30964  1030.7908  1030.7900    34.7208    34.7200    7.77907         20 0.0000e+00
    636.000    628.717     1.2093  30.155603     1.2094  30.154937     4.2867     4.3219    -0.0150    97.2533 1.0000e-12  -66.89102  -68.92468 333.417556      46.50 4.4270e+02   1290.809      30980  1030.7957  1030.7949    34.7208    34.7200    7.77938         16 0.0000e+00
    637.000    629.705     1.2081  30.155124     1.2080  30.154222     4.2903     4.3275    -0.0145    97.2464 1.0000e-12  -66.89102  -68.92468 333.417563      45.57 4.4421e+02   1291.403      30995  1030.8006  1030.7998    34.7211    34.7200    7.77962         13 0.0000e+00
    638.000    630.693     1.2078  30.155472     1.2079  30.154612     4.2842     4.3301    -0.0150    97.2366 1.0000e-12  -66.89102  -68.92468 333.417569      44.61 4.4504e+02   1291.943      31008  1030.8053  1030.8045    34.7212    34.7201    7.77965         13 0.0000e+00
    639.000    631.677     1.2079  30.155959     1.2079  30.155136     4.2847     4.3350    -0.0150    97.2445 1.0000e-12  -66.89102  -68.92468 333.417575      43.59 4.4671e+02   1292.470      31020  1030.8101  1030.8092    34.7212    34.7201    7.77965         12 0.0000e+00
    640.000    632.669     1.2078  30.156294     1.2077  30.155393     4.2853     4.3367    -0.0105    97.2403 1.0000e-12  -66.89102  -68.92468 333.417581      42.56 4.4804e+02   1293.001      31033  1030.8147  1030.8138    34.7212    34.7201    7.77967         13 0.0000e+00
    641.000    633.653     1.2076  30.156545     1.2075  30.155719     4.2804     4.3371    -0.0077    97.2371 1.0000e-12  -66.89102  -68.92468 333.417588      41.44 4.4952e+02   1293.599      31047  1030.8193  1030.8186    34.7212    34.7201    7.77971         16 0.0000e+00
    642.000    634.640     1.2080  30.157248     1.2080  30.156452     4.2753     4.3323    -0.0120    97.2027 1.0000e-12  -66.89104  -68.92466 333.417618      40.30 4.4883e+02   1296.196      31110  1030.8238  1030.8230    34.7210    34.7200    7.77963         24 0.0000e+00
