NBP2113_155081_ctd/data/nbp2113_003.ros
* Sea-Bird SBE 9 Data File:
* FileName = D:\Data\raw\NBP2113_003.hex
* Software Version Seasave V 7.26.7.121
* Temperature SN = 2438
* Conductivity SN = 2067
* Number of Bytes Per Scan = 40
* Number of Voltage Words = 5
* Number of Scans Averaged by the Deck Unit = 1
* NMEA Latitude = 63 28.26 S
* NMEA Longitude = 061 47.09 W
* NMEA UTC (Time) = Nov 22 2021  19:16:03
* NMEA baud rate = 9600
** Ship: RVIB N.B. Palmer
** Cruise: NBP2113 LTER
** Station: 806.048
** Operator: S. Blackman
# nquan = 20
# nvalues = 1144                                  
# units = specified
# name 0 = prDM: Pressure, Digiquartz [db]
# name 1 = depSM: Depth [salt water, m]
# name 2 = t090C: Temperature [ITS-90, deg C]
# name 3 = c0mS/cm: Conductivity [mS/cm]
# name 4 = t190C: Temperature, 2 [ITS-90, deg C]
# name 5 = c1mS/cm: Conductivity, 2 [mS/cm]
# name 6 = sbeox0ML/L: Oxygen, SBE 43 [ml/l]
# name 7 = sbeox1ML/L: Oxygen, SBE 43, 2 [ml/l]
# name 8 = flECO-AFL: Fluorescence, WET Labs ECO-AFL/FL [mg/m^3]
# name 9 = CStarTr0: Beam Transmission, WET Labs C-Star [%]
# name 10 = par: PAR/Irradiance, Biospherical/Licor
# name 11 = latitude: Latitude [deg]
# name 12 = longitude: Longitude [deg]
# name 13 = timeJ: Julian Days
# name 14 = altM: Altimeter [m]
# name 15 = spar: SPAR, Biospherical/Licor
# name 16 = timeS: Time, Elapsed [seconds]
# name 17 = scan: Scan Count
# name 18 = nbf: Bottles Fired
# name 19 = flag:  0.000e+00
# interval = seconds: 0.0416667
# start_time = Nov 22 2021 19:16:03 [NMEA time, header]
# bad_flag = -9.990e-29
*END*
[from data line 362]
    157.332    155.747    -0.3668  28.303185    -0.3722  28.294878     6.3355     6.2476     0.0948    98.6051 1.0000e-12  -63.47130  -61.78560 326.826534      99.98 1.8440e+03   2049.500      49189          8  0.000e+00
    157.332    155.747    -0.3661  28.303590    -0.3740  28.293465     6.3352     6.2475     0.0948    98.6051 1.0000e-12  -63.47130  -61.78560 326.826534     100.00 1.8440e+03   2049.542      49190          8  0.000e+00
    157.380    155.795    -0.3658  28.303706    -0.3756  28.292391     6.3395     6.2473     0.0948    98.6051 1.0000e-12  -63.47130  -61.78560 326.826535      99.98 1.8440e+03   2049.583      49191          8  0.000e+00
    157.332    155.747    -0.3655  28.303648    -0.3776  28.290470     6.3508     6.2470     0.0948    98.6051 1.0000e-12  -63.47130  -61.78560 326.826535      99.95 1.8440e+03   2049.625      49192          8  0.000e+00
    157.332    155.747    -0.3648  28.304053    -0.3801  28.287249     6.3469     6.2524     0.0948    98.6051 1.0000e-12  -63.47130  -61.78560 326.826535      99.95 1.8440e+03   2049.667      49193          8  0.000e+00
    157.332    155.747    -0.3642  28.304747    -0.3829  28.285950     6.3399     6.2530     0.0948    98.6051 1.0000e-12  -63.47130  -61.78560 326.826536      99.98 1.8440e+03   2049.708      49194          8  0.000e+00
    157.380    155.795    -0.3645  28.304805    -0.3778  28.289001     6.3374     6.2465     0.0948    98.6308 1.0000e-12  -63.47130  -61.78560 326.826536     100.00 1.8422e+03   2049.750      49195          8  0.000e+00
    157.332    155.747    -0.3639  28.305094    -0.3778  28.287306     6.3373     6.2456     0.0948    98.6051 1.0000e-12  -63.47130  -61.78562 326.826537      99.98 1.8422e+03   2049.792      49196          8  0.000e+00
    157.332    155.747    -0.3633  28.305268    -0.3861  28.282391     6.3385     6.2516     0.0948    98.6051 1.0000e-12  -63.47130  -61.78562 326.826537      99.98 1.8422e+03   2049.833      49197          8  0.000e+00
    157.332    155.748    -0.3633  28.305673    -0.3879  28.280470     6.3399     6.2516     0.0948    98.6051 1.0000e-12  -63.47130  -61.78562 326.826538      99.98 1.8422e+03   2049.875      49198          8  0.000e+00
    157.332    155.748    -0.3631  28.305789    -0.3875  28.280470     6.3411     6.2512     0.0948    98.6051 1.0000e-12  -63.47130  -61.78562 326.826538      99.98 1.8422e+03   2049.917      49199          8  0.000e+00
    157.332    155.748    -0.3631  28.305615    -0.3855  28.284086     6.3482     6.2511     0.0948    98.6051 1.0000e-12  -63.47130  -61.78562 326.826539      99.98 1.8422e+03   2049.958      49200          8  0.000e+00
    157.332    155.748    -0.3631  28.305152    -0.3774  28.290866     6.3493     6.2498     0.0802    98.6051 1.0000e-12  -63.47130  -61.78562 326.826539      99.98 1.8422e+03   2050.000      49201          8  0.000e+00
    157.332    155.748    -0.3644  28.303590    -0.3730  28.293973     6.3445     6.2493     0.0729    98.6051 1.0000e-12  -63.47130  -61.78562 326.826540     100.00 1.8404e+03   2050.042      49202          8  0.000e+00
    157.332    155.748    -0.3678  28.301160    -0.3747  28.294143     6.3431     6.2552     0.0729    98.6051 1.0000e-12  -63.47130  -61.78562 326.826540      99.98 1.8404e+03   2050.083      49203          8  0.000e+00
    157.298    155.714    -0.3682  28.301044    -0.3749  28.293860     6.3482     6.2507     0.0729    98.6051 1.0000e-12  -63.47130  -61.78562 326.826541      99.95 1.8404e+03   2050.125      49204          8  0.000e+00
    157.332    155.748    -0.3667  28.300697    -0.3737  28.294991     6.3485     6.2495     0.0729    98.6051 1.0000e-12  -63.47130  -61.78562 326.826541      99.98 1.8404e+03   2050.167      49205          8  0.000e+00
    157.277    155.693    -0.3698  28.297630    -0.3717  28.295556     6.3493     6.2481     0.0729    98.6051 1.0000e-12  -63.47130  -61.78562 326.826542     100.00 1.8404e+03   2050.208      49206          8  0.000e+00
    157.277    155.693    -0.3740  28.294911    -0.3725  28.294651     6.3487     6.2481     0.0729    98.6051 1.0000e-12  -63.47130  -61.78562 326.826542     100.00 1.8404e+03   2050.250      49207          8  0.000e+00
    157.277    155.693    -0.3751  28.294101    -0.3744  28.292504     6.3546     6.2482     0.0729    98.6051 1.0000e-12  -63.47130  -61.78562 326.826543      99.98 1.8387e+03   2050.292      49208          8  0.000e+00
    157.277    155.693    -0.3760  28.293696    -0.3780  28.289905     6.3558     6.2485     0.0729    98.6051 1.0000e-12  -63.47130  -61.78562 326.826543      99.98 1.8387e+03   2050.333      49209          8  0.000e+00
    157.277    155.693    -0.3763  28.292886    -0.3807  28.287701     6.3566     6.2541     0.0729    98.6051 1.0000e-12  -63.47130  -61.78562 326.826544      99.98 1.8387e+03   2050.375      49210          8  0.000e+00
    157.277    155.693    -0.3787  28.290688    -0.3807  28.288380     6.3576     6.2553     0.0729    98.6051 1.0000e-12  -63.47130  -61.78562 326.826544      99.98 1.8387e+03   2050.417      49211          8  0.000e+00
    157.229    155.646    -0.3796  28.290225    -0.3785  28.289961     6.3595     6.2551     0.0729    98.6051 1.0000e-12  -63.47130  -61.78562 326.826545      99.98 1.8387e+03   2050.458      49212          8  0.000e+00
    157.229    155.646    -0.3787  28.292539    -0.3768  28.289170     6.3608     6.2551     0.0729    98.6051 1.0000e-12  -63.47130  -61.78562 326.826545      99.98 1.8387e+03   2050.500      49213          8  0.000e+00
    157.229    155.646    -0.3769  28.295201    -0.3787  28.287136     6.3617     6.2564     0.0729    98.6051 1.0000e-12  -63.47130  -61.78562 326.826546      99.98 1.8387e+03   2050.542      49214          8  0.000e+00
    157.229    155.646    -0.3758  28.295143    -0.3804  28.285837     6.3569     6.2567     0.0729    98.6308 1.0000e-12  -63.47130  -61.78562 326.826546      99.98 1.8369e+03   2050.583      49215          8  0.000e+00
    157.174    155.592    -0.3790  28.289184    -0.3827  28.285159     6.3647     6.2569     0.0729    98.6308 1.0000e-12  -63.47130  -61.78562 326.826547      99.95 1.8369e+03   2050.625      49216          8  0.000e+00
    157.174    155.592    -0.3853  28.282415    -0.3838  28.285046     6.3685     6.2568     0.0729    98.6308 1.0000e-12  -63.47130  -61.78562 326.826547      99.95 1.8369e+03   2050.667      49217          8  0.000e+00
    157.229    155.646    -0.3901  28.279408    -0.3833  28.284820     6.3703     6.2564     0.0729    98.6308 1.0000e-12  -63.47130  -61.78562 326.826548      99.98 1.8369e+03   2050.708      49218          8  0.000e+00
    121.136    119.927    -0.2415  28.336702    -0.2420  28.334619     6.3947     6.3051     0.1095    98.8368 2.6208e-02  -63.47128  -61.78564 326.827714      99.98 1.8316e+03   2151.500      51637          9  0.000e+00
    121.040    119.832    -0.2415  28.336528    -0.2420  28.334563     6.4042     6.3055     0.1095    98.8368 2.6208e-02  -63.47128  -61.78564 326.827715      99.98 1.8316e+03   2151.542      51638          9  0.000e+00
    121.136    119.927    -0.2412  28.336818    -0.2423  28.334676     6.4018     6.3052     0.1095    98.8626 2.6208e-02  -63.47128  -61.78564 326.827715     100.00 1.8316e+03   2151.583      51639          9  0.000e+00
    121.040    119.832    -0.2412  28.336528    -0.2417  28.334393     6.4083     6.3056     0.1095    98.8626 2.8165e-02  -63.47128  -61.78564 326.827716      99.95 1.8316e+03   2151.625      51640          9  0.000e+00
    121.088    119.879    -0.2413  28.336876    -0.2415  28.334619     6.4090     6.3054     0.1095    98.8626 2.6208e-02  -63.47128  -61.78564 326.827716      99.98 1.8316e+03   2151.667      51641          9  0.000e+00
    121.136    119.927    -0.2412  28.336760    -0.2417  28.334563     6.4083     6.3053     0.1095    98.8626 2.6208e-02  -63.47128  -61.78564 326.827717      99.98 1.8316e+03   2151.708      51642          9  0.000e+00
    121.040    119.832    -0.2412  28.336934    -0.2421  28.334676     6.4028     6.3052     0.1095    98.8626 2.8165e-02  -63.47128  -61.78564 326.827717     100.00 1.8316e+03   2151.750      51643          9  0.000e+00
    121.136    119.927    -0.2410  28.336760    -0.2419  28.334789     6.3962     6.3062     0.1095    98.8626 2.6208e-02  -63.47128  -61.78566 326.827717     100.00 1.8316e+03   2151.792      51644          9  0.000e+00
    121.040    119.832    -0.2413  28.336876    -0.2417  28.334958     6.3882     6.3061     0.1095    98.8626 2.6208e-02  -63.47128  -61.78566 326.827718     100.00 1.8316e+03   2151.833      51645          9  0.000e+00
    121.095    119.886    -0.2410  28.337223    -0.2415  28.335072     6.3906     6.3063     0.1241    98.8626 2.6208e-02  -63.47128  -61.78566 326.827718      99.98 1.8316e+03   2151.875      51646          9  0.000e+00
    121.088    119.879    -0.2410  28.336992    -0.2416  28.335072     6.3973     6.3066     0.1315    98.8626 2.8165e-02  -63.47128  -61.78566 326.827719      99.98 1.8316e+03   2151.917      51647          9  0.000e+00
    121.040    119.832    -0.2409  28.336991    -0.2414  28.335241     6.3981     6.3068     0.1315    98.8626 2.8165e-02  -63.47128  -61.78566 326.827719      99.95 1.8316e+03   2151.958      51648          9  0.000e+00
    121.088    119.879    -0.2409  28.336934    -0.2414  28.335693     6.3992     6.3073     0.1315    98.8626 2.6208e-02  -63.47128  -61.78566 326.827720      99.98 1.8316e+03   2152.000      51649          9  0.000e+00
    121.088    119.879    -0.2409  28.336934    -0.2412  28.335241     6.3988     6.3077     0.1315    98.8626 2.6208e-02  -63.47128  -61.78566 326.827720      99.98 1.8316e+03   2152.042      51650          9  0.000e+00
    121.040    119.832    -0.2409  28.336991    -0.2414  28.335241     6.3997     6.3083     0.1315    98.8368 2.6208e-02  -63.47128  -61.78566 326.827721     100.00 1.8316e+03   2152.083      51651          9  0.000e+00
    121.088    119.879    -0.2410  28.337165    -0.2415  28.335354     6.3950     6.3080     0.1315    98.8626 2.6208e-02  -63.47128  -61.78566 326.827721      99.95 1.8316e+03   2152.125      51652          9  0.000e+00
    121.088    119.879    -0.2412  28.336992    -0.2417  28.334902     6.3921     6.3087     0.1315    98.8626 3.2097e-02  -63.47128  -61.78566 326.827722      76.95 1.8316e+03   2152.167      51653          9  0.000e+00
    121.040    119.832    -0.2409  28.336991    -0.2426  28.334167     6.3890     6.3087     0.1315    98.8368 3.0128e-02  -63.47128  -61.78566 326.827722      18.02 1.8316e+03   2152.208      51654          9  0.000e+00
    121.088    119.880    -0.2417  28.336528    -0.2435  28.333149     6.3861     6.3088     0.1315    98.8368 3.0128e-02  -63.47128  -61.78566 326.827723       0.00 1.8316e+03   2152.250      51655          9  0.000e+00
    121.088    119.880    -0.2419  28.336702    -0.2437  28.332132     6.3773     6.3032     0.1315    98.8368 3.0128e-02  -63.47128  -61.78566 326.827723       0.00 1.8316e+03   2152.292      51656          9  0.000e+00
    121.040    119.832    -0.2420  28.336297    -0.2449  28.330662     6.3803     6.3081     0.1315    98.8368 3.0128e-02  -63.47128  -61.78566 326.827724       0.61 1.8316e+03   2152.333      51657          9  0.000e+00
    121.095    119.886    -0.2415  28.336297    -0.2471  28.329475     6.3832     6.3039     0.1315    98.8368 3.0128e-02  -63.47128  -61.78566 326.827724       1.71 1.8316e+03   2152.375      51658          9  0.000e+00
    121.041    119.832    -0.2417  28.336470    -0.2488  28.328626     6.3772     6.3089     0.1315    98.8626 3.0128e-02  -63.47128  -61.78566 326.827725       1.86 1.8316e+03   2152.417      51659          9  0.000e+00
    121.089    119.880    -0.2416  28.336644    -0.2498  28.328231     6.3699     6.3092     0.1315    98.8626 3.0128e-02  -63.47128  -61.78566 326.827725       1.81 1.8316e+03   2152.458      51660          9  0.000e+00
    121.089    119.880    -0.2417  28.336760    -0.2496  28.328740     6.3671     6.3039     0.1315    98.8626 3.0128e-02  -63.47128  -61.78566 326.827726       1.76 1.8316e+03   2152.500      51661          9  0.000e+00
    121.041    119.832    -0.2418  28.336702    -0.2484  28.329927     6.3645     6.3030     0.1315    98.8626 3.0128e-02  -63.47128  -61.78566 326.827726       1.76 1.8316e+03   2152.542      51662          9  0.000e+00
    121.089    119.880    -0.2417  28.336471    -0.2463  28.331453     6.3621     6.3076     0.1315    98.8626 3.0128e-02  -63.47128  -61.78566 326.827727       1.76 1.8316e+03   2152.583      51663          9  0.000e+00
    121.041    119.832    -0.2415  28.336239    -0.2463  28.331679     6.3596     6.3024     0.1315    98.8626 3.0128e-02  -63.47128  -61.78566 326.827727       1.76 1.8316e+03   2152.625      51664          9  0.000e+00
    121.089    119.880    -0.2417  28.336123    -0.2472  28.331793     6.3516     6.3021     0.1315    98.8626 3.2097e-02  -63.47128  -61.78566 326.827728      57.17 1.8316e+03   2152.667      51665          9  0.000e+00
    121.089    119.880    -0.2417  28.336413    -0.2474  28.331680     6.3540     6.3073     0.1315    98.8883 2.8165e-02  -63.47128  -61.78566 326.827728      97.56 1.8316e+03   2152.708      51666          9  0.000e+00
    121.041    119.832    -0.2418  28.336413    -0.2471  28.331171     6.3520     6.3023     0.1315    98.8883 2.8165e-02  -63.47128  -61.78566 326.827729     100.00 1.8316e+03   2152.750      51667          9  0.000e+00
    121.089    119.880    -0.2417  28.336586    -0.2480  28.330436     6.3515     6.3022     0.1315    98.8883 2.8165e-02  -63.47128  -61.78566 326.827729     100.00 1.8316e+03   2152.792      51668          9  0.000e+00
    121.089    119.880    -0.2420  28.336528    -0.2484  28.329870     6.3513     6.2966     0.1315    98.8883 2.8165e-02  -63.47128  -61.78566 326.827730     100.00 1.8316e+03   2152.833      51669          9  0.000e+00
    120.986    119.778    -0.2421  28.336181    -0.2498  28.329757     6.3628     6.3013     0.1315    98.8883 2.6208e-02  -63.47128  -61.78566 326.827730      99.98 1.8334e+03   2152.875      51670          9  0.000e+00
    121.144    119.934    -0.2421  28.336702    -0.2480  28.330549     6.3611     6.3011     0.1315    98.8883 2.8165e-02  -63.47128  -61.78566 326.827731      99.90 1.8334e+03   2152.917      51671          9  0.000e+00
    121.089    119.880    -0.2418  28.336818    -0.2465  28.331793     6.3625     6.2954     0.1388    98.8883 2.8165e-02  -63.47128  -61.78566 326.827731      99.93 1.8334e+03   2152.958      51672          9  0.000e+00
    121.089    119.880    -0.2420  28.336702    -0.2460  28.331962     6.3641     6.3001     0.1461    98.8883 2.8165e-02  -63.47128  -61.78566 326.827731      99.98 1.8334e+03   2153.000      51673          9  0.000e+00
    121.041    119.832    -0.2417  28.336760    -0.2454  28.332245     6.3702     6.3002     0.1461    98.8883 2.8165e-02  -63.47128  -61.78566 326.827732     100.00 1.8334e+03   2153.042      51674          9  0.000e+00
    121.089    119.880    -0.2415  28.336876    -0.2449  28.332414     6.3674     6.3005     0.1461    98.8883 2.8165e-02  -63.47128  -61.78566 326.827732      99.98 1.8334e+03   2153.083      51675          9  0.000e+00
    121.089    119.880    -0.2414  28.337107    -0.2455  28.332414     6.3692     6.2955     0.1461    98.8883 2.8165e-02  -63.47128  -61.78566 326.827733      99.95 1.8334e+03   2153.125      51676          9  0.000e+00
    121.089    119.880    -0.2417  28.337049    -0.2459  28.332019     6.3697     6.3007     0.1461    98.8883 2.8165e-02  -63.47128  -61.78566 326.827733      99.95 1.8334e+03   2153.167      51677          9  0.000e+00
    121.089    119.880    -0.2415  28.337165    -0.2468  28.331227     6.3703     6.3006     0.1461    98.8626 2.8165e-02  -63.47128  -61.78566 326.827734      99.98 1.8334e+03   2153.208      51678          9  0.000e+00
