NBP2113_155081_ctd/data/nbp2113_050.ros
* Sea-Bird SBE 9 Data File:
* FileName = D:\Data\raw\NBP2113_050.hex
* Software Version Seasave V 7.26.7.121
* Temperature SN = 2438
* Conductivity SN = 2067
* Number of Bytes Per Scan = 40
* Number of Voltage Words = 5
* Number of Scans Averaged by the Deck Unit = 1
* NMEA Latitude = 64 56.46 S
* NMEA Longitude = 064 42.01 W
* NMEA UTC (Time) = Dec 11 2021  13:44:32
* NMEA baud rate = 9600
** Ship: RVIB N.B. Palmer
** Cruise: NBP2113 LTER
** Station: 590.050
** Operator: B. Urmston
# nquan = 20
# nvalues = 989                                   
# units = specified
# name 0 = prDM: Pressure, Digiquartz [db]
# name 1 = depSM: Depth [salt water, m]
# name 2 = t090C: Temperature [ITS-90, deg C]
# name 3 = c0mS/cm: Conductivity [mS/cm]
# name 4 = t190C: Temperature, 2 [ITS-90, deg C]
# name 5 = c1mS/cm: Conductivity, 2 [mS/cm]
# name 6 = sbeox0ML/L: Oxygen, SBE 43 [ml/l]
# name 7 = sbeox1ML/L: Oxygen, SBE 43, 2 [ml/l]
# name 8 = flECO-AFL: Fluorescence, WET Labs ECO-AFL/FL [mg/m^3]
# name 9 = CStarTr0: Beam Transmission, WET Labs C-Star [%]
# name 10 = par: PAR/Irradiance, Biospherical/Licor
# name 11 = latitude: Latitude [deg]
# name 12 = longitude: Longitude [deg]
# name 13 = timeJ: Julian Days
# name 14 = altM: Altimeter [m]
# name 15 = spar: SPAR, Biospherical/Licor
# name 16 = timeS: Time, Elapsed [seconds]
# name 17 = scan: Scan Count
# name 18 = nbf: Bottles Fired
# name 19 = flag:  0.000e+00
# interval = seconds: 0.0416667
# start_time = Dec 11 2021 13:44:32 [NMEA time, header]
# bad_flag = -9.990e-29
*END*
    393.306    389.082     1.3587  30.125591     1.3581  30.123680     4.1985     4.2483    -0.0004    91.9617 1.0000e-12  -64.94102  -64.70024 345.583623       8.30 1.0084e+03    953.000      22873          1  0.000e+00
    393.326    389.102     1.3585  30.125828     1.3579  30.123796     4.1941     4.2483    -0.0077    91.9617 1.0000e-12  -64.94102  -64.70024 345.583623       8.30 1.0084e+03    953.042      22874          1  0.000e+00
    393.258    389.034     1.3590  30.125887     1.3581  30.123391     4.1940     4.2482    -0.0077    91.9617 1.0000e-12  -64.94102  -64.70024 345.583624       8.30 1.0084e+03    953.083      22875          1  0.000e+00
    393.327    389.102     1.3587  30.125532     1.3579  30.123681     4.1985     4.2482    -0.0004    91.9617 1.0000e-12  -64.94102  -64.70024 345.583624       8.30 1.0084e+03    953.125      22876          1  0.000e+00
    393.306    389.082     1.3588  30.125828     1.3579  30.123970     4.1984     4.2481    -0.0077    91.9359 1.0000e-12  -64.94102  -64.70024 345.583625       8.30 1.0084e+03    953.167      22877          1  0.000e+00
    393.223    389.000     1.3590  30.125887     1.3580  30.123680     4.1996     4.2481    -0.0077    91.9617 1.0000e-12  -64.94102  -64.70024 345.583625       8.30 1.0084e+03    953.208      22878          1  0.000e+00
    393.306    389.082     1.3588  30.125828     1.3583  30.123680     4.1952     4.2480    -0.0077    91.9617 1.0000e-12  -64.94102  -64.70024 345.583626       8.30 1.0084e+03    953.250      22879          1  0.000e+00
    393.223    389.000     1.3588  30.125591     1.3584  30.123970     4.1995     4.2479    -0.0077    91.9617 1.0000e-12  -64.94102  -64.70024 345.583626       8.30 1.0084e+03    953.292      22880          1  0.000e+00
    393.306    389.082     1.3587  30.126065     1.3586  30.123970     4.1995     4.2479    -0.0077    91.9359 1.0000e-12  -64.94102  -64.70024 345.583627       8.30 1.0084e+03    953.333      22881          1  0.000e+00
    393.271    389.048     1.3590  30.126065     1.3584  30.124028     4.1949     4.2479    -0.0077    91.9359 1.0000e-12  -64.94102  -64.70024 345.583627       8.28 1.0084e+03    953.375      22882          1  0.000e+00
    393.258    389.034     1.3588  30.125591     1.3583  30.123970     4.1948     4.2479    -0.0004    91.9617 1.0000e-12  -64.94102  -64.70024 345.583628       8.30 1.0084e+03    953.417      22883          1  0.000e+00
    393.223    389.000     1.3590  30.126065     1.3583  30.123970     4.1992     4.2478    -0.0004    91.9359 1.0000e-12  -64.94102  -64.70024 345.583628       8.35 1.0084e+03    953.458      22884          1  0.000e+00
    393.258    389.034     1.3588  30.126124     1.3581  30.123970     4.1991     4.2478    -0.0077    91.9359 1.0000e-12  -64.94102  -64.70024 345.583628       8.35 1.0084e+03    953.500      22885          1  0.000e+00
    393.223    389.000     1.3587  30.125828     1.3584  30.123970     4.1946     4.2477    -0.0077    91.9359 1.0000e-12  -64.94102  -64.70024 345.583629       8.35 1.0084e+03    953.542      22886          1  0.000e+00
    393.258    389.034     1.3588  30.125887     1.3579  30.123970     4.1931     4.2478    -0.0077    91.9617 1.0000e-12  -64.94102  -64.70024 345.583629       8.35 1.0066e+03    953.583      22887          1  0.000e+00
    393.223    389.000     1.3588  30.125532     1.3581  30.123970     4.1975     4.2477    -0.0004    91.9359 1.0000e-12  -64.94102  -64.70024 345.583630       8.35 1.0084e+03    953.625      22888          1  0.000e+00
    393.203    388.980     1.3588  30.125828     1.3581  30.123969     4.1973     4.2476    -0.0077    91.9617 1.0000e-12  -64.94102  -64.70024 345.583630       8.35 1.0084e+03    953.667      22889          1  0.000e+00
    393.223    389.000     1.3588  30.125591     1.3583  30.123796     4.1984     4.2476    -0.0077    91.9359 1.0000e-12  -64.94102  -64.70024 345.583631       8.35 1.0084e+03    953.708      22890          1  0.000e+00
    393.203    388.980     1.3587  30.125532     1.3583  30.123680     4.1939     4.2476    -0.0077    91.9359 1.0000e-12  -64.94102  -64.70024 345.583631       8.35 1.0084e+03    953.750      22891          1  0.000e+00
    393.223    389.000     1.3587  30.125887     1.3579  30.123970     4.1981     4.2476    -0.0077    91.9617 1.0000e-12  -64.94102  -64.70026 345.583632       8.35 1.0084e+03    953.792      22892          1  0.000e+00
    393.154    388.932     1.3588  30.125828     1.3581  30.123680     4.1978     4.2475    -0.0077    91.9617 1.0000e-12  -64.94102  -64.70026 345.583632       8.35 1.0084e+03    953.833      22893          1  0.000e+00
    393.168    388.946     1.3588  30.125531     1.3581  30.123680     4.1932     4.2475    -0.0077    91.9617 1.0000e-12  -64.94102  -64.70026 345.583633       8.35 1.0084e+03    953.875      22894          1  0.000e+00
    393.203    388.980     1.3587  30.125591     1.3581  30.123680     4.1931     4.2474    -0.0077    91.9359 1.0000e-12  -64.94102  -64.70026 345.583633       8.38 1.0066e+03    953.917      22895          1  0.000e+00
    393.168    388.946     1.3585  30.125531     1.3579  30.123680     4.1973     4.2474    -0.0077    91.9617 1.0000e-12  -64.94102  -64.70026 345.583634       8.42 1.0084e+03    953.958      22896          1  0.000e+00
    393.154    388.932     1.3585  30.125887     1.3581  30.123680     4.1971     4.2473    -0.0077    91.9359 1.0000e-12  -64.94102  -64.70026 345.583634       8.42 1.0084e+03    954.000      22897          1  0.000e+00
    393.168    388.946     1.3587  30.124939     1.3578  30.123507     4.1925     4.2474    -0.0077    91.9617 1.0000e-12  -64.94102  -64.70026 345.583635       8.42 1.0066e+03    954.042      22898          1  0.000e+00
    393.154    388.932     1.3585  30.125591     1.3579  30.123680     4.1923     4.2473    -0.0077    91.9617 1.0000e-12  -64.94102  -64.70026 345.583635       8.42 1.0084e+03    954.083      22899          1  0.000e+00
    393.120    388.898     1.3582  30.125235     1.3578  30.123680     4.1966     4.2472    -0.0077    91.9359 1.0000e-12  -64.94102  -64.70026 345.583636       8.42 1.0066e+03    954.125      22900          1  0.000e+00
    393.099    388.878     1.3584  30.125235     1.3579  30.123680     4.1906     4.2472    -0.0077    91.9359 1.0000e-12  -64.94102  -64.70026 345.583636       8.42 1.0084e+03    954.167      22901          1  0.000e+00
    393.120    388.898     1.3582  30.125294     1.3578  30.123680     4.1905     4.2472    -0.0077    91.9359 1.0000e-12  -64.94102  -64.70026 345.583637       8.42 1.0066e+03    954.208      22902          1  0.000e+00
    393.099    388.878     1.3580  30.124939     1.3578  30.123391     4.1890     4.2471    -0.0077    91.9359 1.0000e-12  -64.94102  -64.70026 345.583637       8.42 1.0084e+03    954.250      22903          1  0.000e+00
    393.120    388.898     1.3582  30.125294     1.3578  30.123680     4.1933     4.2471    -0.0077    91.9359 1.0000e-12  -64.94102  -64.70026 345.583638       8.45 1.0066e+03    954.292      22904          1  0.000e+00
    393.099    388.878     1.3580  30.124702     1.3578  30.122870     4.1944     4.2471    -0.0077    91.9617 1.0000e-12  -64.94102  -64.70026 345.583638       8.42 1.0084e+03    954.333      22905          1  0.000e+00
    393.120    388.898     1.3582  30.125058     1.3579  30.123217     4.1898     4.2470    -0.0077    91.9617 1.0000e-12  -64.94102  -64.70026 345.583639       8.42 1.0084e+03    954.375      22906          1  0.000e+00
    393.051    388.830     1.3580  30.124702     1.3578  30.123680     4.1883     4.2470    -0.0077    91.9359 1.0000e-12  -64.94102  -64.70026 345.583639       8.47 1.0066e+03    954.417      22907          1  0.000e+00
    393.072    388.851     1.3579  30.124702     1.3578  30.123159     4.1926     4.2470    -0.0150    91.9359 1.0000e-12  -64.94102  -64.70026 345.583640       8.52 1.0066e+03    954.458      22908          1  0.000e+00
    393.051    388.830     1.3577  30.125057     1.3578  30.122870     4.1938     4.2469    -0.0150    91.9359 1.0000e-12  -64.94102  -64.70026 345.583640       8.52 1.0084e+03    954.500      22909          1  0.000e+00
    393.072    388.851     1.3577  30.124702     1.3578  30.123159     4.1892     4.2523    -0.0150    91.9617 1.0000e-12  -64.94102  -64.70026 345.583641       8.55 1.0066e+03    954.542      22910          1  0.000e+00
    393.051    388.830     1.3577  30.124169     1.3577  30.123680     4.1891     4.2485    -0.0150    91.9359 1.0000e-12  -64.94102  -64.70026 345.583641       8.52 1.0066e+03    954.583      22911          1  0.000e+00
    393.017    388.796     1.3579  30.124702     1.3578  30.123159     4.1934     4.2485    -0.0150    91.9617 1.0000e-12  -64.94102  -64.70026 345.583641       8.55 1.0066e+03    954.625      22912          1  0.000e+00
    393.003    388.782     1.3575  30.124761     1.3575  30.123159     4.1946     4.2485    -0.0150    91.9359 1.0000e-12  -64.94102  -64.70026 345.583642       8.52 1.0066e+03    954.667      22913          1  0.000e+00
    393.072    388.851     1.3576  30.124406     1.3575  30.123217     4.1901     4.2485    -0.0150    91.9359 1.0000e-12  -64.94102  -64.70026 345.583642       8.52 1.0066e+03    954.708      22914          1  0.000e+00
    393.003    388.783     1.3574  30.124110     1.3577  30.122870     4.1887     4.2538    -0.0150    91.9359 1.0000e-12  -64.94102  -64.70026 345.583643       8.55 1.0066e+03    954.750      22915          1  0.000e+00
    392.900    388.680     1.3574  30.123932     1.3575  30.122869     4.1929     4.2491    -0.0150    91.9359 1.0000e-12  -64.94102  -64.70026 345.583643       8.52 1.0066e+03    954.792      22916          1  0.000e+00
    393.017    388.796     1.3574  30.124406     1.3573  30.122291     4.1942     4.2546    -0.0150    91.9102 1.0000e-12  -64.94102  -64.70026 345.583644       8.52 1.0066e+03    954.833      22917          1  0.000e+00
    393.003    388.783     1.3572  30.123932     1.3573  30.122870     4.1954     4.2499    -0.0150    91.9102 1.0000e-12  -64.94102  -64.70026 345.583644       8.52 1.0066e+03    954.875      22918          1  0.000e+00
    392.969    388.748     1.3572  30.123873     1.3572  30.122870     4.1909     4.2551    -0.0150    91.9102 1.0000e-12  -64.94102  -64.70026 345.583645       8.52 1.0066e+03    954.917      22919          1  0.000e+00
    392.948    388.728     1.3572  30.124406     1.3572  30.122580     4.1951     4.2504    -0.0150    91.9102 1.0000e-12  -64.94102  -64.70026 345.583645       8.60 1.0066e+03    954.958      22920          1  0.000e+00
    392.913    388.694     1.3572  30.124169     1.3572  30.122869     4.1963     4.2503    -0.0150    91.9102 1.0000e-12  -64.94102  -64.70026 345.583646       8.64 1.0066e+03    955.000      22921          1  0.000e+00
    392.536    388.321     1.3569  30.123279     1.3567  30.121769     4.1975     4.2555    -0.0077    91.8587 1.0000e-12  -64.94102  -64.70024 345.583715       8.72 1.0031e+03    960.958      23064          2  0.000e+00
    392.557    388.341     1.3566  30.123338     1.3567  30.121769     4.1934     4.2551    -0.0150    91.8329 1.0000e-12  -64.94102  -64.70024 345.583715       8.69 1.0031e+03    961.000      23065          2  0.000e+00
    392.591    388.375     1.3566  30.123279     1.3567  30.121827     4.1982     4.2556    -0.0150    91.8587 1.0000e-12  -64.94102  -64.70024 345.583716       8.69 1.0031e+03    961.042      23066          2  0.000e+00
    392.508    388.294     1.3568  30.123279     1.3567  30.122000     4.1984     4.2497    -0.0150    91.8329 1.0000e-12  -64.94102  -64.70024 345.583716       8.69 1.0031e+03    961.083      23067          2  0.000e+00
    392.591    388.375     1.3567  30.123339     1.3567  30.121769     4.1943     4.2539    -0.0150    91.8587 1.0000e-12  -64.94102  -64.70024 345.583717       8.69 1.0031e+03    961.125      23068          2  0.000e+00
    392.508    388.294     1.3566  30.122746     1.3567  30.122000     4.1946     4.2543    -0.0150    91.8587 1.0000e-12  -64.94102  -64.70024 345.583717       8.69 1.0031e+03    961.167      23069          2  0.000e+00
    392.591    388.375     1.3568  30.123635     1.3567  30.122001     4.1994     4.2547    -0.0150    91.8587 1.0000e-12  -64.94102  -64.70024 345.583718       8.69 1.0031e+03    961.208      23070          2  0.000e+00
    392.557    388.341     1.3569  30.122983     1.3567  30.121769     4.1996     4.2551    -0.0077    91.8329 1.0000e-12  -64.94102  -64.70024 345.583718       8.69 1.0031e+03    961.250      23071          2  0.000e+00
    392.591    388.375     1.3568  30.123279     1.3567  30.122290     4.1955     4.2556    -0.0150    91.8587 1.0000e-12  -64.94102  -64.70024 345.583719       8.69 1.0031e+03    961.292      23072          2  0.000e+00
    392.557    388.341     1.3572  30.123635     1.3568  30.121480     4.1944     4.2560    -0.0150    91.8587 1.0000e-12  -64.94102  -64.70024 345.583719       8.69 1.0031e+03    961.333      23073          2  0.000e+00
    392.639    388.423     1.3572  30.123872     1.3567  30.122116     4.1991     4.2564    -0.0150    91.8587 1.0000e-12  -64.94102  -64.70024 345.583720       8.69 1.0031e+03    961.375      23074          2  0.000e+00
    392.557    388.341     1.3574  30.123338     1.3568  30.122290     4.1936     4.2559    -0.0150    91.8587 1.0000e-12  -64.94102  -64.70024 345.583720       8.72 1.0031e+03    961.417      23075          2  0.000e+00
    392.591    388.376     1.3579  30.124405     1.3570  30.122001     4.1924     4.2563    -0.0150    91.8587 1.0000e-12  -64.94102  -64.70024 345.583721       8.77 1.0031e+03    961.458      23076          2  0.000e+00
    392.605    388.389     1.3579  30.124168     1.3575  30.122290     4.1927     4.2567    -0.0150    91.8329 1.0000e-12  -64.94102  -64.70024 345.583721       8.77 1.0031e+03    961.500      23077          2  0.000e+00
    392.639    388.423     1.3580  30.124701     1.3578  30.122869     4.1974     4.2570    -0.0150    91.8329 1.0000e-12  -64.94102  -64.70024 345.583722       8.77 1.0031e+03    961.542      23078          2  0.000e+00
    392.605    388.389     1.3580  30.124405     1.3579  30.123389     4.1932     4.2565    -0.0150    91.8844 1.0000e-12  -64.94102  -64.70024 345.583722       8.77 1.0031e+03    961.583      23079          2  0.000e+00
    392.591    388.376     1.3585  30.125056     1.3584  30.123389     4.1935     4.2559    -0.0077    91.8844 1.0000e-12  -64.94102  -64.70024 345.583723       8.77 1.0031e+03    961.625      23080          2  0.000e+00
    392.660    388.444     1.3587  30.124701     1.3581  30.123389     4.1925     4.2563    -0.0150    91.9102 1.0000e-12  -64.94102  -64.70024 345.583723       8.77 1.0031e+03    961.667      23081          2  0.000e+00
    392.639    388.423     1.3588  30.125056     1.3581  30.124026     4.1973     4.2566    -0.0077    91.8844 1.0000e-12  -64.94102  -64.70024 345.583723       8.77 1.0031e+03    961.708      23082          2  0.000e+00
    392.605    388.389     1.3591  30.125530     1.3581  30.123678     4.1975     4.2569    -0.0150    91.8844 1.0000e-12  -64.94102  -64.70024 345.583724       8.77 1.0031e+03    961.750      23083          2  0.000e+00
    392.639    388.423     1.3591  30.125293     1.3578  30.123968     4.1920     4.2563    -0.0150    91.8844 1.0000e-12  -64.94102  -64.70024 345.583724       8.77 1.0031e+03    961.792      23084          2  0.000e+00
    392.660    388.444     1.3590  30.125530     1.3578  30.123389     4.1909     4.2558    -0.0150    91.8844 1.0000e-12  -64.94102  -64.70024 345.583725       8.77 1.0031e+03    961.833      23085          2  0.000e+00
    392.639    388.423     1.3593  30.124938     1.3579  30.123389     4.1955     4.2551    -0.0077    91.9102 1.0000e-12  -64.94102  -64.70024 345.583725       8.77 1.0031e+03    961.875      23086          2  0.000e+00
