NBP2113_155081_ctd/data/nbp2113_068.cnv
* Sea-Bird SBE 9 Data File:
* FileName = D:\Data\raw\NBP2113_068.hex
* Software Version Seasave V 7.26.7.121
* Temperature SN = 2438
* Conductivity SN = 2067
* Number of Bytes Per Scan = 40
* Number of Voltage Words = 5
* Number of Scans Averaged by the Deck Unit = 1
* NMEA Latitude = 63 34.55 S
* NMEA Longitude = 060 41.64 W
* NMEA UTC (Time) = Dec 15 2021  00:43:21
* NMEA baud rate = 9600
** Ship: RVIB N.B. Palmer
** Cruise: NBP2113 LTER
** Station: 831.-002
** Operator: S. Blackman
# nquan = 25
# nvalues = 1144                        
# units = specified
# name 0 = prDM: Pressure, Digiquartz [db]
# name 1 = depSM: Depth [salt water, m]
# name 2 = t090C: Temperature [ITS-90, deg C]
# name 3 = c0mS/cm: Conductivity [mS/cm]
# name 4 = t190C: Temperature, 2 [ITS-90, deg C]
# name 5 = c1mS/cm: Conductivity, 2 [mS/cm]
# name 6 = sbeox0ML/L: Oxygen, SBE 43 [ml/l]
# name 7 = sbeox1ML/L: Oxygen, SBE 43, 2 [ml/l]
# name 8 = flECO-AFL: Fluorescence, WET Labs ECO-AFL/FL [mg/m^3]
# name 9 = CStarTr0: Beam Transmission, WET Labs C-Star [%]
# name 10 = par: PAR/Irradiance, Biospherical/Licor
# name 11 = latitude: Latitude [deg]
# name 12 = longitude: Longitude [deg]
# name 13 = timeJ: Julian Days
# name 14 = altM: Altimeter [m]
# name 15 = spar: SPAR, Biospherical/Licor
# name 16 = timeS: Time, Elapsed [seconds]
# name 17 = scan: Scan Count
# name 18 = density00: Density [density, kg/m^3]
# name 19 = density11: Density, 2 [density, kg/m^3]
# name 20 = sal00: Salinity, Practical [PSU]
# name 21 = sal11: Salinity, Practical, 2 [PSU]
# name 22 = oxsolML/L: Oxygen Saturation, Garcia & Gordon [ml/l]
# name 23 = nbin: number of scans per bin
# name 24 = flag: flag
# span 0 =      1.000,    577.000       
# span 1 =      0.990,    570.606       
# span 2 =    -1.1726,     0.0050       
# span 3 =  27.755287,  28.443284       
# span 4 =    -1.1746,     0.0046       
# span 5 =  27.753990,  28.440998       
# span 6 =     5.4760,    16.5101       
# span 7 =     6.7772,     9.1118       
# span 8 =    -0.0146,     1.9024       
# span 9 =    81.2310,    89.7946       
# span 10 = -5.999e-05, 2.0674e+01      
# span 11 =  -63.57604,  -63.57525      
# span 12 =  -60.69408,  -60.69382      
# span 13 = 349.034353, 349.057509      
# span 14 =      -0.14,     100.73      
# span 15 = 1.7629e+01, 4.4094e+01      
# span 16 =    367.091,   2367.766      
# span 17 =       8811,      56827      
# span 18 =  1027.4628,  1030.5115      
# span 19 =  1027.4614,  1030.5092      
# span 20 =    34.1958,    34.5049      
# span 21 =    34.1940,    34.5027      
# span 22 =    8.05433,    8.29064      
# span 23 =         14,         48      
# span 24 = 0.0000e+00, 0.0000e+00      
# interval = decibars: 1                
# start_time = Dec 15 2021 00:43:21 [NMEA time, header]
# bad_flag = -9.990e-29
*END*
[from data line 696]
    448.000    443.176    -1.1377  27.904000    -1.1379  27.902721     6.7154     6.7974     0.0069    89.7254 1.0000e-12  -63.57546  -60.69396 349.047022      99.97 2.8206e+01   1461.715      35082  1029.8945  1029.8933    34.5006    34.4991    8.28312         33 0.0000e+00
    447.000    442.187    -1.1380  27.903438    -1.1379  27.902312     6.7148     6.8039     0.0069    89.7213 1.0000e-12  -63.57546  -60.69396 349.047048      99.97 2.8206e+01   1463.965      35136  1029.8899  1029.8886    34.5008    34.4992    8.28317         30 0.0000e+00
    446.000    441.196    -1.1380  27.902812    -1.1381  27.901560     6.7172     6.8072     0.0069    89.7214 1.0000e-12  -63.57546  -60.69396 349.047060      99.97 2.8206e+01   1464.982      35161  1029.8850  1029.8837    34.5006    34.4989    8.28320         21 0.0000e+00
    445.000    440.211    -1.1385  27.901731    -1.1385  27.900545     6.7262     6.8037     0.0069    89.7214 1.0000e-12  -63.57547  -60.69396 349.047069      99.97 2.8206e+01   1465.754      35179  1029.8801  1029.8788    34.5003    34.4987    8.28332         17 0.0000e+00
    444.000    439.222    -1.1380  27.901540    -1.1378  27.900444     6.7265     6.8080     0.0069    89.7154 1.0000e-12  -63.57548  -60.69396 349.047077      99.97 2.8206e+01   1466.475      35196  1029.8751  1029.8737    34.5001    34.4983    8.28322         18 0.0000e+00
    443.000    438.233    -1.1371  27.901723    -1.1369  27.900748     6.7293     6.8087     0.0069    89.7167 1.0000e-12  -63.57548  -60.69396 349.047087      99.97 2.8206e+01   1467.283      35216  1029.8701  1029.8689    34.4999    34.4983    8.28303         22 0.0000e+00
    442.000    437.244    -1.1373  27.901155    -1.1374  27.899932     6.7226     6.8114     0.0110    89.7141 1.0000e-12  -63.57548  -60.69396 349.047101      99.97 2.8206e+01   1468.563      35247  1029.8655  1029.8642    34.5000    34.4983    8.28307         38 0.0000e+00
    441.000    436.258    -1.1378  27.900348    -1.1380  27.899062     6.7134     6.8105     0.0095    89.6933 1.0000e-12  -63.57548  -60.69396 349.047123      99.97 2.8206e+01   1470.443      35292  1029.8608  1029.8596    34.5001    34.4985    8.28318         38 0.0000e+00
    440.000    435.269    -1.1370  27.900387    -1.1373  27.899031     6.7173     6.8087     0.0063    89.6879 1.0000e-12  -63.57548  -60.69396 349.047138      99.97 2.7474e+01   1471.734      35323  1029.8558  1029.8546    34.4998    34.4982    8.28302         27 0.0000e+00
    439.000    434.281    -1.1363  27.900443    -1.1363  27.899328     6.7267     6.8160     0.0036    89.7084 1.0000e-12  -63.57548  -60.69396 349.047151      99.97 2.6720e+01   1472.804      35348  1029.8509  1029.8496    34.4996    34.4981    8.28286         26 0.0000e+00
    438.000    433.291    -1.1358  27.900381    -1.1356  27.899262     6.7345     6.8116     0.0153    89.7058 1.0000e-12  -63.57548  -60.69396 349.047164      99.97 2.6564e+01   1473.944      35376  1029.8461  1029.8446    34.4997    34.4979    8.28276         31 0.0000e+00
    437.000    432.305    -1.1359  27.899874    -1.1348  27.899403     6.7242     6.8174     0.0159    89.7144 1.0000e-12  -63.57548  -60.69396 349.047181      99.97 2.6441e+01   1475.402      35411  1029.8413  1029.8397    34.4997    34.4977    8.28278         32 0.0000e+00
    436.000    431.315    -1.1352  27.899780    -1.1342  27.899420     6.7141     6.8141     0.0128    89.6940 1.0000e-12  -63.57548  -60.69396 349.047196      99.97 2.6443e+01   1476.738      35443  1029.8363  1029.8350    34.4994    34.4978    8.28265         26 0.0000e+00
    435.000    430.328    -1.1342  27.900013    -1.1338  27.899186     6.7280     6.8106    -0.0009    89.7139 1.0000e-12  -63.57548  -60.69396 349.047207      99.97 2.6443e+01   1477.658      35465  1029.8313  1029.8300    34.4991    34.4975    8.28243         19 0.0000e+00
    434.000    429.339    -1.1322  27.900970    -1.1315  27.900336     6.7279     6.8094    -0.0004    89.7185 1.0000e-12  -63.57548  -60.69396 349.047215      99.97 2.6443e+01   1478.399      35483  1029.8261  1029.8247    34.4988    34.4971    8.28201         17 0.0000e+00
    433.000    428.352    -1.1297  27.902548    -1.1304  27.900845     6.7254     6.8110    -0.0004    89.7143 1.0000e-12  -63.57548  -60.69396 349.047223      99.97 2.6443e+01   1479.100      35499  1029.8211  1029.8199    34.4987    34.4972    8.28146         18 0.0000e+00
    432.000    427.362    -1.1294  27.902479    -1.1291  27.901507     6.7331     6.8112    -0.0004    89.7088 1.0000e-12  -63.57548  -60.69396 349.047232      99.97 2.6443e+01   1479.867      35518  1029.8164  1029.8151    34.4988    34.4972    8.28138         20 0.0000e+00
    431.000    426.374    -1.1300  27.901585    -1.1297  27.900604     6.7387     6.8147     0.0059    89.6964 1.0000e-12  -63.57548  -60.69396 349.047245      99.97 2.6443e+01   1480.983      35545  1029.8118  1029.8105    34.4989    34.4972    8.28151         34 0.0000e+00
    430.000    425.387    -1.1293  27.901606    -1.1297  27.900137     6.7364     6.8142     0.0126    89.6907 1.0000e-12  -63.57549  -60.69395 349.047272      99.97 2.6443e+01   1483.314      35601  1029.8069  1029.8057    34.4987    34.4972    8.28136         46 0.0000e+00
    429.000    424.398    -1.1293  27.901005    -1.1296  27.899751     6.7255     6.8194     0.0202    89.6864 1.0000e-12  -63.57550  -60.69394 349.047295      99.97 2.6443e+01   1485.281      35648  1029.8021  1029.8010    34.4986    34.4972    8.28139         31 0.0000e+00
    428.000    423.409    -1.1265  27.902869    -1.1271  27.900768     6.7173     6.8166     0.0141    89.6730 1.0000e-12  -63.57550  -60.69396 349.047308      99.97 2.6443e+01   1486.386      35674  1029.7970  1029.7953    34.4985    34.4963    8.28077         22 0.0000e+00
    427.000    422.422    -1.1139  27.911489    -1.1124  27.911584     6.7206     6.8117     0.0087    89.6893 1.0000e-12  -63.57550  -60.69396 349.047317      99.97 2.6443e+01   1487.147      35693  1029.7897  1029.7883    34.4965    34.4949    8.27811         16 0.0000e+00
    426.000    421.433    -1.1098  27.914835    -1.1090  27.914369     6.7291     6.8148     0.0069    89.6699 1.0000e-12  -63.57550  -60.69396 349.047324      99.97 2.8203e+01   1487.791      35708  1029.7851  1029.7838    34.4970    34.4954    8.27718         15 0.0000e+00
    425.000    420.446    -1.1083  27.915669    -1.1070  27.915377     6.7339     6.8195     0.0143    89.6699 1.0000e-12  -63.57550  -60.69396 349.047331      99.97 2.8206e+01   1488.395      35722  1029.7802  1029.7787    34.4970    34.4951    8.27685         14 0.0000e+00
    424.000    419.456    -1.1071  27.916169    -1.1070  27.915208     6.7354     6.8194     0.0122    89.6654 1.0000e-12  -63.57550  -60.69396 349.047338      99.97 2.8206e+01   1489.032      35738  1029.7754  1029.7742    34.4969    34.4954    8.27658         17 0.0000e+00
    423.000    418.468    -1.1072  27.915943    -1.1080  27.914061     6.7350     6.8127     0.0087    89.6576 1.0000e-12  -63.57550  -60.69396 349.047348      99.97 2.8206e+01   1489.843      35757  1029.7710  1029.7698    34.4973    34.4957    8.27658         24 0.0000e+00
    422.000    417.480    -1.1122  27.911148    -1.1126  27.909617     6.7383     6.8175     0.0157    89.6607 1.0000e-12  -63.57550  -60.69394 349.047384      99.97 2.8206e+01   1493.001      35833  1029.7667  1029.7653    34.4972    34.4955    8.27770         38 0.0000e+00
    421.000    416.492    -1.1102  27.912167    -1.1100  27.911280     6.7284     6.8215     0.0143    89.6702 1.0000e-12  -63.57550  -60.69394 349.047406      99.97 2.8206e+01   1494.847      35877  1029.7616  1029.7603    34.4969    34.4954    8.27727         21 0.0000e+00
    420.000    415.504    -1.1067  27.914352    -1.1072  27.912762     6.7266     6.8206     0.0143    89.6729 1.0000e-12  -63.57550  -60.69395 349.047415      99.96 2.8206e+01   1495.632      35896  1029.7563  1029.7550    34.4965    34.4949    8.27653         18 0.0000e+00
    419.000    414.516    -1.1031  27.916837    -1.1031  27.915512     6.7300     6.8232     0.0143    89.6699 1.0000e-12  -63.57550  -60.69396 349.047423      99.97 2.8206e+01   1496.338      35913  1029.7511  1029.7497    34.4963    34.4946    8.27573         17 0.0000e+00
    418.000    413.526    -1.1012  27.917842    -1.1010  27.916786     6.7318     6.8235     0.0087    89.6699 1.0000e-12  -63.57550  -60.69396 349.047431      99.96 2.8206e+01   1497.024      35930  1029.7461  1029.7447    34.4962    34.4945    8.27533         16 0.0000e+00
    417.000    412.539    -1.1007  27.917838    -1.1013  27.916220     6.7393     6.8246     0.0085    89.6699 1.0000e-12  -63.57551  -60.69396 349.047439      99.97 2.8206e+01   1497.726      35946  1029.7413  1029.7402    34.4961    34.4947    8.27521         18 0.0000e+00
    416.000    411.551    -1.1011  27.917077    -1.1000  27.916614     6.7416     6.8284     0.0141    89.6699 1.0000e-12  -63.57552  -60.69396 349.047448      99.97 2.8206e+01   1498.514      35965  1029.7366  1029.7351    34.4961    34.4944    8.27529         21 0.0000e+00
    415.000    410.562    -1.1017  27.916085    -1.1001  27.916022     6.7347     6.8264     0.0270    89.6688 1.0000e-12  -63.57552  -60.69395 349.047460      99.97 2.8206e+01   1499.553      35990  1029.7320  1029.7303    34.4962    34.4942    8.27544         30 0.0000e+00
    414.000    409.574    -1.1006  27.916434    -1.1013  27.914749     6.7381     6.8208     0.0133    89.6549 1.0000e-12  -63.57552  -60.69393 349.047482      99.97 2.8206e+01   1501.467      36036  1029.7271  1029.7259    34.4960    34.4945    8.27520         40 0.0000e+00
    413.000    408.584    -1.1015  27.915312    -1.1020  27.913744     6.7471     6.8288     0.0389    89.6512 1.0000e-12  -63.57552  -60.69393 349.047510      99.97 2.8206e+01   1503.849      36093  1029.7225  1029.7213    34.4961    34.4945    8.27540         36 0.0000e+00
    412.000    407.598    -1.1001  27.915723    -1.1004  27.914358     6.7495     6.8368     0.0210    89.6671 1.0000e-12  -63.57552  -60.69394 349.047525      99.97 2.8206e+01   1505.149      36125  1029.7173  1029.7161    34.4956    34.4941    8.27511         25 0.0000e+00
    411.000    406.610    -1.0993  27.915471    -1.0993  27.914370     6.7524     6.8435     0.0143    89.6699 1.0000e-12  -63.57552  -60.69396 349.047536      99.97 2.8206e+01   1506.065      36147  1029.7120  1029.7108    34.4950    34.4935    8.27497         20 0.0000e+00
    410.000    405.620    -1.0988  27.915083    -1.0985  27.913949     6.7498     6.8463     0.0093    89.6613 1.0000e-12  -63.57552  -60.69396 349.047545      99.97 2.8206e+01   1506.858      36166  1029.7068  1029.7053    34.4945    34.4927    8.27489         18 0.0000e+00
    409.000    404.632    -1.0986  27.914594    -1.0984  27.913469     6.7613     6.8453     0.0082    89.6441 1.0000e-12  -63.57552  -60.69396 349.047553      99.97 2.8206e+01   1507.586      36183  1029.7019  1029.7004    34.4942    34.4925    8.27487         17 0.0000e+00
    408.000    403.643    -1.0985  27.914242    -1.0984  27.913048     6.7650     6.8407     0.0143    89.6457 1.0000e-12  -63.57552  -60.69396 349.047561      99.97 2.8206e+01   1508.290      36200  1029.6971  1029.6957    34.4943    34.4925    8.27484         17 0.0000e+00
    407.000    402.655    -1.0981  27.913795    -1.0983  27.912668     6.7645     6.8417     0.0094    89.6667 1.0000e-12  -63.57552  -60.69396 349.047570      99.96 2.8206e+01   1509.009      36217  1029.6920  1029.6909    34.4939    34.4925    8.27478         18 0.0000e+00
    406.000    401.667    -1.0984  27.913295    -1.0984  27.911965     6.7669     6.8458     0.0120    89.6309 1.0000e-12  -63.57552  -60.69396 349.047579      99.97 2.8206e+01   1509.855      36238  1029.6874  1029.6860    34.4941    34.4923    8.27482         24 0.0000e+00
    405.000    400.678    -1.0985  27.912673    -1.0987  27.911410     6.7608     6.8404     0.0136    89.6518 1.0000e-12  -63.57553  -60.69395 349.047608      99.97 2.8206e+01   1512.314      36297  1029.6827  1029.6815    34.4940    34.4925    8.27487         36 0.0000e+00
    404.000    399.692    -1.0986  27.912214    -1.0987  27.910926     6.7630     6.8399     0.0196    89.6359 1.0000e-12  -63.57554  -60.69396 349.047638      99.97 2.8206e+01   1514.894      36358  1029.6781  1029.6768    34.4941    34.4925    8.27488         30 0.0000e+00
    403.000    398.701    -1.0983  27.911798    -1.0986  27.910516     6.7710     6.8446     0.0074    89.6390 1.0000e-12  -63.57554  -60.69396 349.047650      99.97 2.8206e+01   1515.937      36383  1029.6730  1029.6718    34.4938    34.4923    8.27483         25 0.0000e+00
    402.000    397.713    -1.0981  27.911416    -1.0980  27.910275     6.7679     6.8505     0.0198    89.6532 1.0000e-12  -63.57554  -60.69397 349.047662      99.97 2.8206e+01   1517.005      36409  1029.6681  1029.6668    34.4936    34.4920    8.27479         27 0.0000e+00
    401.000    396.726    -1.0978  27.911053    -1.0978  27.909923     6.7654     6.8535     0.0216    89.6471 1.0000e-12  -63.57554  -60.69398 349.047675      99.97 2.8206e+01   1518.162      36437  1029.6632  1029.6620    34.4935    34.4919    8.27474         26 0.0000e+00
    400.000    395.736    -1.0978  27.910620    -1.0976  27.909527     6.7567     6.8504     0.0216    89.6702 1.0000e-12  -63.57554  -60.69398 349.047687      99.97 2.8206e+01   1519.179      36461  1029.6584  1029.6571    34.4934    34.4918    8.27473         23 0.0000e+00
    399.000    394.750    -1.0975  27.910365    -1.0973  27.909136     6.7634     6.8466     0.0161    89.6577 1.0000e-12  -63.57554  -60.69398 349.047698      99.97 2.8206e+01   1520.080      36483  1029.6536  1029.6521    34.4933    34.4915    8.27467         21 0.0000e+00
    398.000    393.759    -1.0973  27.909955    -1.0973  27.908745     6.7716     6.8473     0.0188    89.6581 1.0000e-12  -63.57554  -60.69398 349.047709      99.97 2.8206e+01   1521.069      36507  1029.6487  1029.6474    34.4932    34.4916    8.27464         26 0.0000e+00
    397.000    392.771    -1.0974  27.909421    -1.0977  27.908130     6.7654     6.8483     0.0251    89.6639 1.0000e-12  -63.57554  -60.69397 349.047744      79.41 2.8206e+01   1524.084      36579  1029.6439  1029.6428    34.4932    34.4917    8.27466         33 0.0000e+00
    396.000    391.783    -1.0973  27.908989    -1.0975  27.907754     6.7644     6.8490     0.0199    89.6507 1.0000e-12  -63.57554  -60.69396 349.047781     100.73 2.8206e+01   1527.245      36655  1029.6391  1029.6379    34.4931    34.4916    8.27464         33 0.0000e+00
    395.000    390.794    -1.0973  27.908597    -1.0975  27.907304     6.7643     6.8503     0.0143    89.6669 1.0000e-12  -63.57554  -60.69398 349.047793      99.97 2.8206e+01   1528.343      36681  1029.6344  1029.6332    34.4932    34.4916    8.27464         25 0.0000e+00
    394.000    389.806    -1.0970  27.908378    -1.0971  27.907140     6.7623     6.8493     0.0169    89.6606 1.0000e-12  -63.57554  -60.69398 349.047805      99.97 2.8206e+01   1529.381      36706  1029.6296  1029.6283    34.4932    34.4916    8.27458         25 0.0000e+00
    393.000    388.818    -1.0970  27.907866    -1.0972  27.906614     6.7605     6.8504     0.0288    89.6567 1.0000e-12  -63.57556  -60.69399 349.047819      99.97 2.8206e+01   1530.535      36734  1029.6248  1029.6236    34.4931    34.4916    8.27458         31 0.0000e+00
    392.000    387.830    -1.0972  27.907295    -1.0973  27.906068     6.7665     6.8498     0.0247    89.6223 1.0000e-12  -63.57556  -60.69398 349.047836      99.97 2.8206e+01   1532.035      36770  1029.6201  1029.6189    34.4931    34.4916    8.27461         41 0.0000e+00
