NBP2113_155081_ctd/data/nbp2113_017.cnv
* Sea-Bird SBE 9 Data File:
* FileName = D:\Data\raw\NBP2113_017.hex
* Software Version Seasave V 7.26.7.121
* Temperature SN = 2438
* Conductivity SN = 2067
* Number of Bytes Per Scan = 40
* Number of Voltage Words = 5
* Number of Scans Averaged by the Deck Unit = 1
* NMEA Latitude = 65 14.32 S
* NMEA Longitude = 069 47.72 W
* NMEA UTC (Time) = Nov 28 2021  09:59:52
* NMEA baud rate = 9600
** Ship: RVIB N.B. Palmer
** Cruise: NBP2113 LTER
** Station: 400.200
** Operator: B. Urmston
# nquan = 25
# nvalues = 5507                        
# units = specified
# name 0 = prDM: Pressure, Digiquartz [db]
# name 1 = depSM: Depth [salt water, m]
# name 2 = t090C: Temperature [ITS-90, deg C]
# name 3 = c0mS/cm: Conductivity [mS/cm]
# name 4 = t190C: Temperature, 2 [ITS-90, deg C]
# name 5 = c1mS/cm: Conductivity, 2 [mS/cm]
# name 6 = sbeox0ML/L: Oxygen, SBE 43 [ml/l]
# name 7 = sbeox1ML/L: Oxygen, SBE 43, 2 [ml/l]
# name 8 = flECO-AFL: Fluorescence, WET Labs ECO-AFL/FL [mg/m^3]
# name 9 = CStarTr0: Beam Transmission, WET Labs C-Star [%]
# name 10 = par: PAR/Irradiance, Biospherical/Licor
# name 11 = latitude: Latitude [deg]
# name 12 = longitude: Longitude [deg]
# name 13 = timeJ: Julian Days
# name 14 = altM: Altimeter [m]
# name 15 = spar: SPAR, Biospherical/Licor
# name 16 = timeS: Time, Elapsed [seconds]
# name 17 = scan: Scan Count
# name 18 = density00: Density [density, kg/m^3]
# name 19 = density11: Density, 2 [density, kg/m^3]
# name 20 = sal00: Salinity, Practical [PSU]
# name 21 = sal11: Salinity, Practical, 2 [PSU]
# name 22 = oxsolML/L: Oxygen Saturation, Garcia & Gordon [ml/l]
# name 23 = nbin: number of scans per bin
# name 24 = flag: flag
# span 0 =      1.000,   2756.000       
# span 1 =      0.992,   2711.176       
# span 2 =    -0.9020,     2.0064       
# span 3 =  27.572589,  30.675109       
# span 4 =    -0.9006,     2.0062       
# span 5 =  27.573360,  30.674174       
# span 6 =     3.8706,     9.4211       
# span 7 =     3.9241,    10.0093       
# span 8 =    -0.0226,     9.2023       
# span 9 =    87.1214,    97.9881       
# span 10 = 1.0000e-12, 1.0000e-12      
# span 11 =  -65.23835,  -65.23662      
# span 12 =  -69.79936,  -69.79608      
# span 13 = 332.420197, 332.506389      
# span 14 =       1.07,     104.15      
# span 15 = 2.6267e+02, 1.2819e+03      
# span 16 =    313.043,   7760.045      
# span 17 =       7514,     186242      
# span 18 =  1027.3210,  1040.5508      
# span 19 =  1027.3201,  1040.5502      
# span 20 =    33.9856,    34.7283      
# span 21 =    33.9839,    34.7276      
# span 22 =    7.62748,    8.25910      
# span 23 =         11,         57      
# span 24 = 0.0000e+00, 0.0000e+00      
# interval = decibars: 1                
# start_time = Nov 28 2021 09:59:52 [NMEA time, header]
# bad_flag = -9.990e-29
*END*
[from data line 3537]
   1970.000   1941.512     0.7874  30.347403     0.7876  30.347096     4.4929     4.5553    -0.0093    97.9753 1.0000e-12  -65.23694  -69.79845 332.473700      99.98 4.8169e+02   4935.688     118458  1036.9730  1036.9725    34.7089    34.7083    7.86450         35 0.0000e+00
   1969.000   1940.530     0.7874  30.346878     0.7875  30.346609     4.4857     4.5580    -0.0173    97.9761 1.0000e-12  -65.23694  -69.79844 332.473722      99.98 4.8126e+02   4937.596     118503  1036.9684  1036.9680    34.7088    34.7083    7.86451         21 0.0000e+00
   1968.000   1939.550     0.7882  30.347197     0.7887  30.347254     4.4878     4.5637    -0.0154    97.9817 1.0000e-12  -65.23694  -69.79844 332.473731      99.98 4.8118e+02   4938.377     118522  1036.9638  1036.9634    34.7089    34.7084    7.86435         19 0.0000e+00
   1967.000   1938.569     0.7892  30.347664     0.7894  30.347395     4.4845     4.5624    -0.0146    97.9750 1.0000e-12  -65.23694  -69.79846 332.473740      99.98 4.8075e+02   4939.126     118540  1036.9591  1036.9587    34.7089    34.7083    7.86414         17 0.0000e+00
   1966.000   1937.586     0.7897  30.347688     0.7894  30.347038     4.4832     4.5620    -0.0084    97.9781 1.0000e-12  -65.23694  -69.79846 332.473748      99.98 4.8032e+02   4939.848     118557  1036.9545  1036.9542    34.7089    34.7084    7.86405         17 0.0000e+00
   1965.000   1936.608     0.7899  30.347512     0.7900  30.347170     4.4834     4.5641     0.0016    97.9764 1.0000e-12  -65.23694  -69.79846 332.473756      99.98 4.8076e+02   4940.560     118574  1036.9500  1036.9496    34.7089    34.7084    7.86399         17 0.0000e+00
   1964.000   1935.624     0.7901  30.347256     0.7903  30.347085     4.4827     4.5602     0.0027    97.9776 1.0000e-12  -65.23694  -69.79846 332.473765      99.97 4.8128e+02   4941.308     118592  1036.9454  1036.9451    34.7089    34.7085    7.86396         19 0.0000e+00
   1963.000   1934.645     0.7905  30.347314     0.7904  30.346863     4.4972     4.5560    -0.0156    97.9814 1.0000e-12  -65.23694  -69.79846 332.473775      99.97 4.8127e+02   4942.150     118613  1036.9409  1036.9406    34.7090    34.7085    7.86387         23 0.0000e+00
   1962.000   1933.663     0.7901  30.346366     0.7904  30.346412     4.4945     4.5557    -0.0010    97.9781 1.0000e-12  -65.23694  -69.79846 332.473788      99.98 4.8127e+02   4943.246     118639  1036.9363  1036.9360    34.7088    34.7085    7.86397         31 0.0000e+00
   1961.000   1932.682     0.7900  30.345996     0.7901  30.345615     4.4917     4.5562    -0.0006    97.9734 1.0000e-12  -65.23694  -69.79846 332.473806      99.98 4.8127e+02   4944.840     118677  1036.9319  1036.9314    34.7090    34.7083    7.86398         40 0.0000e+00
   1960.000   1931.701     0.7900  30.345539     0.7899  30.345179     4.4926     4.5560    -0.0138    97.9742 1.0000e-12  -65.23694  -69.79846 332.473824      99.97 4.8298e+02   4946.399     118715  1036.9273  1036.9269    34.7089    34.7085    7.86398         34 0.0000e+00
   1959.000   1930.721     0.7904  30.345547     0.7907  30.345368     4.4916     4.5554    -0.0157    97.9771 1.0000e-12  -65.23694  -69.79845 332.473839      99.98 4.8303e+02   4947.730     118747  1036.9227  1036.9223    34.7090    34.7084    7.86389         31 0.0000e+00
   1958.000   1929.738     0.7909  30.345639     0.7911  30.345355     4.4941     4.5538    -0.0062    97.9712 1.0000e-12  -65.23694  -69.79844 332.473855      99.98 4.8448e+02   4949.102     118779  1036.9182  1036.9177    34.7090    34.7084    7.86378         34 0.0000e+00
   1957.000   1928.759     0.7916  30.345733     0.7905  30.344506     4.4893     4.5544    -0.0014    97.9786 1.0000e-12  -65.23694  -69.79846 332.473872      99.97 4.8599e+02   4950.578     118815  1036.9134  1036.9133    34.7089    34.7086    7.86365         36 0.0000e+00
   1956.000   1927.777     0.7926  30.346319     0.7927  30.346042     4.4790     4.5585    -0.0089    97.9756 1.0000e-12  -65.23694  -69.79846 332.473888      99.98 4.8657e+02   4951.894     118846  1036.9089  1036.9084    34.7090    34.7086    7.86344         27 0.0000e+00
   1955.000   1926.797     0.7938  30.346848     0.7931  30.345950     4.4694     4.5626    -0.0170    97.9768 1.0000e-12  -65.23694  -69.79846 332.473899      99.97 4.8791e+02   4952.873     118870  1036.9041  1036.9039    34.7090    34.7086    7.86321         20 0.0000e+00
   1954.000   1925.816     0.7948  30.347373     0.7948  30.346989     4.4787     4.5601    -0.0118    97.9713 1.0000e-12  -65.23694  -69.79846 332.473908      99.97 4.8832e+02   4953.644     118888  1036.8995  1036.8991    34.7090    34.7086    7.86300         18 0.0000e+00
   1953.000   1924.834     0.7953  30.347376     0.7956  30.347284     4.4885     4.5560    -0.0091    97.9757 1.0000e-12  -65.23694  -69.79846 332.473916      99.98 4.8832e+02   4954.339     118905  1036.8949  1036.8944    34.7091    34.7086    7.86291         16 0.0000e+00
   1952.000   1923.852     0.7957  30.347354     0.7957  30.347062     4.4888     4.5589    -0.0019    97.9726 1.0000e-12  -65.23694  -69.79846 332.473924      99.98 4.8908e+02   4955.010     118921  1036.8902  1036.8899    34.7090    34.7087    7.86281         16 0.0000e+00
   1951.000   1922.872     0.7960  30.347266     0.7959  30.346850     4.4893     4.5567    -0.0040    97.9742 1.0000e-12  -65.23694  -69.79846 332.473932      99.97 4.9007e+02   4955.721     118938  1036.8857  1036.8854    34.7091    34.7087    7.86275         18 0.0000e+00
   1950.000   1921.890     0.7962  30.347049     0.7957  30.346228     4.4968     4.5540    -0.0089    97.9746 1.0000e-12  -65.23694  -69.79846 332.473943      99.98 4.9071e+02   4956.652     118961  1036.8812  1036.8809    34.7091    34.7087    7.86271         29 0.0000e+00
   1949.000   1920.909     0.7952  30.345689     0.7952  30.345355     4.4895     4.5594    -0.0077    97.9769 1.0000e-12  -65.23694  -69.79846 332.473971      99.98 4.9304e+02   4959.083     119019  1036.8768  1036.8764    34.7090    34.7086    7.86292         33 0.0000e+00
   1948.000   1919.929     0.7951  30.345255     0.7953  30.345016     4.4935     4.5586    -0.0077    97.9757 1.0000e-12  -65.23694  -69.79846 332.473991      99.98 4.9434e+02   4960.785     119060  1036.8723  1036.8718    34.7091    34.7085    7.86294         25 0.0000e+00
   1947.000   1918.947     0.7960  30.345709     0.7960  30.345315     4.4894     4.5565    -0.0077    97.9747 1.0000e-12  -65.23694  -69.79846 332.474002      99.97 4.9537e+02   4961.789     119084  1036.8677  1036.8673    34.7092    34.7087    7.86275         25 0.0000e+00
   1946.000   1917.966     0.7991  30.348060     0.7979  30.346641     4.4848     4.5595    -0.0077    97.9771 1.0000e-12  -65.23694  -69.79847 332.474016      99.98 4.9660e+02   4962.942     119112  1036.8628  1036.8626    34.7094    34.7088    7.86212         31 0.0000e+00
   1945.000   1916.985     0.8024  30.350563     0.8011  30.349160     4.4843     4.5526    -0.0077    97.9736 1.0000e-12  -65.23694  -69.79848 332.474030      99.97 4.9775e+02   4964.196     119142  1036.8579  1036.8578    34.7094    34.7091    7.86144         27 0.0000e+00
   1944.000   1916.004     0.8037  30.351214     0.8039  30.351043     4.4734     4.5541    -0.0077    97.9790 1.0000e-12  -65.23694  -69.79848 332.474042      99.98 4.9892e+02   4965.208     119166  1036.8531  1036.8527    34.7093    34.7089    7.86118         22 0.0000e+00
   1943.000   1915.023     0.8055  30.352502     0.8055  30.352151     4.4798     4.5540    -0.0077    97.9655 1.0000e-12  -65.23694  -69.79846 332.474051      99.98 5.0038e+02   4966.028     119186  1036.8484  1036.8481    34.7095    34.7091    7.86081         18 0.0000e+00
   1942.000   1914.041     0.8076  30.353937     0.8080  30.353830     4.4847     4.5534    -0.0090    97.9714 1.0000e-12  -65.23694  -69.79846 332.474060      99.98 5.0066e+02   4966.782     119204  1036.8437  1036.8432    34.7096    34.7090    7.86039         18 0.0000e+00
   1941.000   1913.063     0.8081  30.354035     0.8082  30.353713     4.4842     4.5537    -0.0089    97.9762 1.0000e-12  -65.23694  -69.79846 332.474069      99.97 5.0186e+02   4967.538     119222  1036.8392  1036.8387    34.7097    34.7091    7.86029         19 0.0000e+00
   1940.000   1912.079     0.8080  30.353554     0.8081  30.353214     4.4879     4.5522    -0.0099    97.9770 1.0000e-12  -65.23694  -69.79846 332.474079      99.97 5.0248e+02   4968.396     119243  1036.8346  1036.8342    34.7096    34.7091    7.86029         23 0.0000e+00
   1939.000   1911.099     0.8074  30.352484     0.8070  30.351789     4.4846     4.5519    -0.0094    97.9780 1.0000e-12  -65.23694  -69.79846 332.474096      99.98 5.0478e+02   4969.879     119278  1036.8301  1036.8298    34.7095    34.7090    7.86043         34 0.0000e+00
   1938.000   1910.118     0.8069  30.351672     0.8069  30.351289     4.4841     4.5494    -0.0091    97.9710 1.0000e-12  -65.23694  -69.79848 332.474125      99.98 5.0798e+02   4972.412     119339  1036.8257  1036.8253    34.7095    34.7090    7.86054         31 0.0000e+00
   1937.000   1909.136     0.8074  30.351695     0.8073  30.351259     4.4798     4.5510    -0.0038    97.9759 1.0000e-12  -65.23694  -69.79848 332.474137      99.98 5.0948e+02   4973.427     119363  1036.8211  1036.8207    34.7095    34.7091    7.86043         23 0.0000e+00
   1936.000   1908.156     0.8079  30.351747     0.8080  30.351504     4.4791     4.5532    -0.0081    97.9662 1.0000e-12  -65.23694  -69.79848 332.474147      99.98 5.1031e+02   4974.334     119385  1036.8165  1036.8161    34.7095    34.7091    7.86032         21 0.0000e+00
   1935.000   1907.175     0.8096  30.352773     0.8098  30.352546     4.4856     4.5516    -0.0140    97.9707 1.0000e-12  -65.23694  -69.79848 332.474158      99.98 5.1124e+02   4975.230     119407  1036.8117  1036.8113    34.7095    34.7090    7.85999         22 0.0000e+00
   1934.000   1906.192     0.8101  30.352828     0.8106  30.352996     4.4832     4.5483    -0.0021    97.9769 1.0000e-12  -65.23694  -69.79846 332.474168      99.98 5.1298e+02   4976.154     119429  1036.8072  1036.8068    34.7096    34.7092    7.85989         23 0.0000e+00
   1933.000   1905.212     0.8107  30.353031     0.8110  30.352919     4.4845     4.5486    -0.0098    97.9748 1.0000e-12  -65.23694  -69.79846 332.474180      99.97 5.1424e+02   4977.142     119452  1036.8026  1036.8022    34.7096    34.7092    7.85975         25 0.0000e+00
   1932.000   1904.231     0.8109  30.352744     0.8110  30.352458     4.4858     4.5488    -0.0157    97.9706 1.0000e-12  -65.23694  -69.79846 332.474193      99.98 5.1567e+02   4978.286     119480  1036.7980  1036.7976    34.7096    34.7091    7.85972         31 0.0000e+00
   1931.000   1903.250     0.8107  30.352183     0.8101  30.351337     4.4861     4.5539    -0.0122    97.9724 1.0000e-12  -65.23694  -69.79846 332.474209      99.97 5.1725e+02   4979.635     119512  1036.7935  1036.7932    34.7095    34.7092    7.85975         30 0.0000e+00
   1930.000   1902.269     0.8114  30.352375     0.8110  30.351662     4.4836     4.5538    -0.0171    97.9791 1.0000e-12  -65.23694  -69.79846 332.474224      99.98 5.1884e+02   4980.923     119543  1036.7889  1036.7885    34.7096    34.7091    7.85961         29 0.0000e+00
   1929.000   1901.287     0.8119  30.352381     0.8113  30.351586     4.4841     4.5545    -0.0125    97.9728 1.0000e-12  -65.23694  -69.79846 332.474237      99.98 5.2002e+02   4982.090     119571  1036.7842  1036.7840    34.7096    34.7092    7.85952         25 0.0000e+00
   1928.000   1900.306     0.8131  30.353024     0.8128  30.352511     4.4769     4.5503    -0.0088    97.9630 1.0000e-12  -65.23694  -69.79848 332.474251      99.98 5.2177e+02   4983.247     119599  1036.7795  1036.7794    34.7096    34.7093    7.85928         28 0.0000e+00
   1927.000   1899.325     0.8143  30.353718     0.8148  30.353785     4.4801     4.5487    -0.0077    97.9738 1.0000e-12  -65.23694  -69.79846 332.474263      99.98 5.2331e+02   4984.343     119625  1036.7749  1036.7745    34.7097    34.7092    7.85903         25 0.0000e+00
   1926.000   1898.343     0.8153  30.354158     0.8155  30.354097     4.4722     4.5471    -0.0077    97.9748 1.0000e-12  -65.23694  -69.79846 332.474274      99.98 5.2366e+02   4985.287     119648  1036.7702  1036.7699    34.7096    34.7093    7.85882         21 0.0000e+00
   1925.000   1897.363     0.8160  30.354430     0.8160  30.354110     4.4759     4.5491    -0.0077    97.9742 1.0000e-12  -65.23694  -69.79846 332.474284      99.98 5.2533e+02   4986.142     119668  1036.7657  1036.7654    34.7098    34.7094    7.85868         20 0.0000e+00
   1924.000   1896.381     0.8163  30.354321     0.8164  30.353958     4.4878     4.5481    -0.0077    97.9780 1.0000e-12  -65.23694  -69.79846 332.474295      99.98 5.2632e+02   4987.073     119691  1036.7611  1036.7607    34.7098    34.7092    7.85861         26 0.0000e+00
   1923.000   1895.401     0.8155  30.353061     0.8153  30.352574     4.4857     4.5470    -0.0077    97.9686 1.0000e-12  -65.23694  -69.79846 332.474324      99.97 5.2913e+02   4989.631     119752  1036.7566  1036.7563    34.7096    34.7092    7.85880         33 0.0000e+00
   1922.000   1894.419     0.8157  30.352898     0.8157  30.352559     4.4758     4.5570    -0.0077    97.9705 1.0000e-12  -65.23694  -69.79846 332.474343      99.98 5.3069e+02   4991.227     119790  1036.7521  1036.7517    34.7097    34.7092    7.85875         17 0.0000e+00
   1921.000   1893.437     0.8163  30.353182     0.8163  30.352729     4.4729     4.5558    -0.0126    97.9803 1.0000e-12  -65.23694  -69.79846 332.474350      99.98 5.3122e+02   4991.839     119805  1036.7476  1036.7471    34.7098    34.7093    7.85861         15 0.0000e+00
   1920.000   1892.460     0.8171  30.353356     0.8169  30.352791     4.4776     4.5518    -0.0161    97.9752 1.0000e-12  -65.23694  -69.79846 332.474357      99.97 5.3238e+02   4992.412     119819  1036.7429  1036.7424    34.7098    34.7092    7.85846         13 0.0000e+00
   1919.000   1891.474     0.8172  30.352993     0.8172  30.352643     4.4798     4.5441    -0.0155    97.9768 1.0000e-12  -65.23694  -69.79846 332.474363      99.98 5.3239e+02   4992.994     119833  1036.7382  1036.7378    34.7097    34.7092    7.85844         15 0.0000e+00
   1918.000   1890.492     0.8172  30.352672     0.8171  30.352198     4.4807     4.5509    -0.0154    97.9743 1.0000e-12  -65.23694  -69.79846 332.474371      99.98 5.3258e+02   4993.659     119849  1036.7338  1036.7334    34.7098    34.7093    7.85843         18 0.0000e+00
   1917.000   1889.513     0.8169  30.351901     0.8169  30.351573     4.4820     4.5488    -0.0158    97.9786 1.0000e-12  -65.23694  -69.79846 332.474384      99.98 5.3410e+02   4994.767     119875  1036.7292  1036.7288    34.7097    34.7092    7.85851         28 0.0000e+00
   1916.000   1888.532     0.8165  30.351218     0.8163  30.350635     4.4818     4.5495    -0.0088    97.9767 1.0000e-12  -65.23694  -69.79846 332.474416      99.98 5.3415e+02   4997.513     119941  1036.7247  1036.7244    34.7097    34.7093    7.85858         33 0.0000e+00
   1915.000   1887.550     0.8167  30.350875     0.8167  30.350585     4.4778     4.5476    -0.0098    97.9661 1.0000e-12  -65.23694  -69.79844 332.474426      99.98 5.3415e+02   4998.383     119962  1036.7201  1036.7198    34.7096    34.7092    7.85855         21 0.0000e+00
   1914.000   1886.569     0.8167  30.350505     0.8167  30.350280     4.4898     4.5483    -0.0074    97.9731 1.0000e-12  -65.23696  -69.79846 332.474436      99.98 5.3415e+02   4999.307     119984  1036.7156  1036.7153    34.7097    34.7094    7.85855         24 0.0000e+00
