NBP2113_155081_ctd/data/nbp2113_016.cnv
* Sea-Bird SBE 9 Data File:
* FileName = D:\Data\raw\NBP2113_016.hex
* Software Version Seasave V 7.26.7.121
* Temperature SN = 2438
* Conductivity SN = 2067
* Number of Bytes Per Scan = 40
* Number of Voltage Words = 5
* Number of Scans Averaged by the Deck Unit = 1
* NMEA Latitude = 65 52.76 S
* NMEA Longitude = 068 17.29 W
* NMEA UTC (Time) = Nov 28 2021  02:04:04
* NMEA baud rate = 9600
** Ship: RVIB N.B. Palmer
** Cruise: NBP2113 LTER
** Station: 400.100
** Operator: S. Blackman
# nquan = 25
# nvalues = 677                         
# units = specified
# name 0 = prDM: Pressure, Digiquartz [db]
# name 1 = depSM: Depth [salt water, m]
# name 2 = t090C: Temperature [ITS-90, deg C]
# name 3 = c0mS/cm: Conductivity [mS/cm]
# name 4 = t190C: Temperature, 2 [ITS-90, deg C]
# name 5 = c1mS/cm: Conductivity, 2 [mS/cm]
# name 6 = sbeox0ML/L: Oxygen, SBE 43 [ml/l]
# name 7 = sbeox1ML/L: Oxygen, SBE 43, 2 [ml/l]
# name 8 = flECO-AFL: Fluorescence, WET Labs ECO-AFL/FL [mg/m^3]
# name 9 = CStarTr0: Beam Transmission, WET Labs C-Star [%]
# name 10 = par: PAR/Irradiance, Biospherical/Licor
# name 11 = latitude: Latitude [deg]
# name 12 = longitude: Longitude [deg]
# name 13 = timeJ: Julian Days
# name 14 = altM: Altimeter [m]
# name 15 = spar: SPAR, Biospherical/Licor
# name 16 = timeS: Time, Elapsed [seconds]
# name 17 = scan: Scan Count
# name 18 = density00: Density [density, kg/m^3]
# name 19 = density11: Density, 2 [density, kg/m^3]
# name 20 = sal00: Salinity, Practical [PSU]
# name 21 = sal11: Salinity, Practical, 2 [PSU]
# name 22 = oxsolML/L: Oxygen Saturation, Garcia & Gordon [ml/l]
# name 23 = nbin: number of scans per bin
# name 24 = flag: flag
# span 0 =      1.000,    341.000       
# span 1 =      0.991,    337.359       
# span 2 =    -0.6154,     1.5525       
# span 3 =  27.845336,  30.301786       
# span 4 =    -0.6157,     1.5520       
# span 5 =  27.844113,  30.300981       
# span 6 =     3.9373,     9.4572       
# span 7 =     3.9898,    10.1371       
# span 8 =    -0.0225,     2.8787       
# span 9 =    89.9439,    97.9051       
# span 10 = 1.0000e-12, 1.1111e+01      
# span 11 =  -65.88320,  -65.88016      
# span 12 =  -68.28768,  -68.28572      
# span 13 = 332.089455, 332.107006      
# span 14 =       1.64,     100.66      
# span 15 = 3.5196e+00, 1.2871e+01      
# span 16 =    284.943,   1801.309      
# span 17 =       6840,      43232      
# span 18 =  1027.3581,  1029.3881      
# span 19 =  1027.3555,  1029.3873      
# span 20 =    34.0379,    34.7140      
# span 21 =    34.0350,    34.7128      
# span 22 =    7.71219,    8.19386      
# span 23 =          6,         48      
# span 24 = 0.0000e+00, 0.0000e+00      
# interval = decibars: 1                
# start_time = Nov 28 2021 02:04:04 [NMEA time, header]
# bad_flag = -9.990e-29
*END*
[from data line 116]
    121.000    119.772     1.0277  29.633215     1.0279  29.631958     4.0791     4.1923     0.0724    97.6100 1.0000e-12  -65.88072  -68.28726 332.093089      99.98 1.0577e+01    598.874      14374  1028.2513  1028.2497    34.5500    34.5481    7.82482         16 0.0000e+00
    122.000    120.762     1.0267  29.632715     1.0271  29.631684     4.0801     4.1872     0.0911    97.6266 1.0000e-12  -65.88072  -68.28726 332.093096      99.98 1.0577e+01    599.520      14389  1028.2563  1028.2548    34.5499    34.5482    7.82503         16 0.0000e+00
    123.000    121.749     1.0457  29.653676     1.0452  29.651751     4.0787     4.1816     0.0847    97.6099 1.0000e-12  -65.88072  -68.28728 332.093104      99.97 1.0577e+01    600.150      14405  1028.2637  1028.2622    34.5552    34.5534    7.82093         15 0.0000e+00
    124.000    122.741     1.0675  29.675546     1.0675  29.674065     4.0760     4.1791     0.0444    97.5570 1.0000e-12  -65.88072  -68.28728 332.093111      99.98 1.0577e+01    600.813      14421  1028.2693  1028.2678    34.5587    34.5567    7.81639         17 0.0000e+00
    125.000    123.729     1.0866  29.696074     1.0865  29.694579     4.0918     4.1841     0.0424    97.5925 1.0000e-12  -65.88073  -68.28728 332.093121      99.98 1.0577e+01    601.610      14440  1028.2764  1028.2748    34.5633    34.5614    7.81232         23 0.0000e+00
    126.000    124.719     1.0908  29.699678     1.0908  29.697407     4.1102     4.1908     0.0516    97.6416 1.0000e-12  -65.88074  -68.28728 332.093138      99.98 1.0577e+01    603.100      14475  1028.2809  1028.2785    34.5627    34.5598    7.81151         32 0.0000e+00
    127.000    125.707     1.0889  29.698242     1.0719  29.680030     4.1457     4.1945     0.0478    97.6748 1.0000e-12  -65.88074  -68.28726 332.093180      99.98 1.0577e+01    606.785      14564  1028.2865  1028.2844    34.5624    34.5578    7.81191         41 0.0000e+00
    128.000    126.698     1.1060  29.717871     1.1009  29.711044     4.2462     4.2552     0.0505    97.7371 1.0000e-12  -65.88075  -68.28726 332.093202      99.98 1.0577e+01    608.662      14609  1028.2946  1028.2924    34.5680    34.5649    7.80818         27 0.0000e+00
    129.000    127.687     1.1351  29.747074     1.1346  29.745248     4.2856     4.2766     0.0164    97.7440 1.0000e-12  -65.88076  -68.28726 332.093212      99.98 1.0577e+01    609.531      14630  1028.3006  1028.2990    34.5728    34.5710    7.80214         18 0.0000e+00
    130.000    128.677     1.1473  29.759782     1.1473  29.758254     4.2962     4.2827     0.0185    97.7595 1.0000e-12  -65.88076  -68.28726 332.093220      99.98 1.0577e+01    610.209      14646  1028.3061  1028.3044    34.5750    34.5731    7.79958         14 0.0000e+00
    131.000    129.665     1.1660  29.780528     1.1650  29.777967     4.2754     4.2800     0.0174    97.7803 1.0000e-12  -65.88076  -68.28726 332.093227      99.98 1.0577e+01    610.799      14660  1028.3134  1028.3117    34.5804    34.5782    7.79558         14 0.0000e+00
    132.000    130.658     1.1936  29.808195     1.1936  29.806830     4.2435     4.2760     0.0148    97.7550 1.0000e-12  -65.88076  -68.28726 332.093233      99.98 1.0577e+01    611.362      14674  1028.3192  1028.3177    34.5848    34.5830    7.78985         14 0.0000e+00
    133.000    131.647     1.2002  29.815692     1.2004  29.814554     4.2261     4.2767     0.0119    97.7519 1.0000e-12  -65.88076  -68.28726 332.093240      99.98 1.0577e+01    611.950      14688  1028.3249  1028.3234    34.5864    34.5847    7.78844         15 0.0000e+00
    134.000    132.635     1.2031  29.819784     1.2033  29.818570     4.2307     4.2734     0.0112    97.7631 1.0000e-12  -65.88076  -68.28726 332.093248      99.98 1.0577e+01    612.645      14704  1028.3307  1028.3293    34.5878    34.5862    7.78778         19 0.0000e+00
    135.000    133.625     1.2082  29.824978     1.2100  29.825653     4.2230     4.2691     0.0037    97.7590 1.0000e-12  -65.88076  -68.28726 332.093262      99.98 1.0577e+01    613.847      14733  1028.3358  1028.3347    34.5883    34.5872    7.78675         37 0.0000e+00
    136.000    134.616     1.2075  29.824521     1.2077  29.823790     4.2087     4.2636     0.0121    97.7661 1.0000e-12  -65.88076  -68.28726 332.093289      99.98 1.0577e+01    616.194      14790  1028.3410  1028.3400    34.5879    34.5868    7.78691         38 0.0000e+00
    137.000    135.604     1.2285  29.846450     1.2311  29.846970     4.1846     4.2563    -0.0052    97.7710 1.0000e-12  -65.88076  -68.28726 332.093312      99.98 1.0577e+01    618.146      14837  1028.3475  1028.3455    34.5922    34.5900    7.78251         35 0.0000e+00
    138.000    136.593     1.2368  29.856044     1.2369  29.854979     4.1746     4.2377    -0.0010    97.7922 1.0000e-12  -65.88076  -68.28726 332.093331      99.98 1.0577e+01    619.783      14876  1028.3538  1028.3527    34.5947    34.5932    7.78072         32 0.0000e+00
    139.000    137.582     1.2416  29.861445     1.2419  29.860515     4.1782     4.2387    -0.0079    97.7809 1.0000e-12  -65.88077  -68.28726 332.093343      99.98 1.0577e+01    620.881      14902  1028.3592  1028.3579    34.5957    34.5942    7.77972         22 0.0000e+00
    140.000    138.571     1.2427  29.862992     1.2426  29.861723     4.1773     4.2343    -0.0077    97.7797 1.0000e-12  -65.88078  -68.28726 332.093353      99.98 1.0577e+01    621.685      14921  1028.3641  1028.3629    34.5959    34.5944    7.77949         18 0.0000e+00
    141.000    139.562     1.2445  29.865347     1.2448  29.864367     4.1673     4.2283    -0.0022    97.7631 1.0000e-12  -65.88078  -68.28726 332.093361      99.98 1.0577e+01    622.408      14939  1028.3692  1028.3679    34.5964    34.5948    7.77912         17 0.0000e+00
    142.000    140.551     1.2476  29.869075     1.2478  29.867907     4.1619     4.2271    -0.0008    97.7881 1.0000e-12  -65.88078  -68.28726 332.093370      99.98 1.0577e+01    623.142      14956  1028.3744  1028.3729    34.5972    34.5954    7.77847         18 0.0000e+00
    143.000    141.541     1.2587  29.881074     1.2590  29.880064     4.1618     4.2243    -0.0071    97.8031 1.0000e-12  -65.88078  -68.28726 332.093380      99.98 1.0577e+01    624.035      14978  1028.3801  1028.3788    34.5996    34.5980    7.77612         27 0.0000e+00
    144.000    142.531     1.2692  29.891541     1.2717  29.892521     4.1458     4.2109    -0.0051    97.7940 1.0000e-12  -65.88078  -68.28724 332.093399      99.98 1.0577e+01    625.646      15017  1028.3851  1028.3836    34.6009    34.5993    7.77398         35 0.0000e+00
    145.000    143.519     1.2794  29.903524     1.2805  29.903438     4.1264     4.2073    -0.0108    97.8078 1.0000e-12  -65.88078  -68.28724 332.093421      99.98 1.0577e+01    627.588      15063  1028.3919  1028.3908    34.6043    34.6030    7.77177         33 0.0000e+00
    146.000    144.508     1.2851  29.910617     1.2853  29.909545     4.1053     4.1874    -0.0036    97.7985 1.0000e-12  -65.88078  -68.28724 332.093433      99.98 1.0577e+01    628.619      15088  1028.3979  1028.3967    34.6064    34.6049    7.77052         22 0.0000e+00
    147.000    145.498     1.2923  29.919386     1.2926  29.918585     4.0865     4.1656    -0.0149    97.8054 1.0000e-12  -65.88078  -68.28724 332.093443      99.98 1.0577e+01    629.448      15108  1028.4043  1028.4032    34.6092    34.6078    7.76896         19 0.0000e+00
    148.000    146.487     1.3016  29.930401     1.3017  29.929232     4.0895     4.1549    -0.0079    97.8109 1.0000e-12  -65.88078  -68.28726 332.093453      99.98 1.0577e+01    630.329      15129  1028.4107  1028.4095    34.6124    34.6108    7.76694         24 0.0000e+00
    149.000    147.479     1.2991  29.928663     1.2997  29.928308     4.0553     4.1335    -0.0048    97.7997 1.0000e-12  -65.88079  -68.28726 332.093472      99.98 1.0577e+01    631.953      15168  1028.4160  1028.4150    34.6124    34.6112    7.76745         41 0.0000e+00
    150.000    148.466     1.3052  29.937141     1.3039  29.934429     3.9925     4.0833    -0.0153    97.8064 1.0000e-12  -65.88080  -68.28724 332.093495      99.98 1.0577e+01    633.957      15216  1028.4231  1028.4217    34.6158    34.6138    7.76604         30 0.0000e+00
    151.000    149.456     1.3155  29.949562     1.3156  29.948354     3.9714     4.0727    -0.0146    97.8228 1.0000e-12  -65.88080  -68.28724 332.093506      99.98 1.0577e+01    634.887      15238  1028.4301  1028.4287    34.6197    34.6180    7.76380         20 0.0000e+00
    152.000    150.444     1.3174  29.952001     1.3176  29.951271     3.9776     4.0687    -0.0085    97.8235 1.0000e-12  -65.88080  -68.28724 332.093514      99.98 1.0577e+01    635.633      15256  1028.4351  1028.4342    34.6202    34.6191    7.76341         17 0.0000e+00
    153.000    151.435     1.3183  29.954509     1.3187  29.953619     3.9851     4.0705    -0.0037    97.8184 1.0000e-12  -65.88080  -68.28724 332.093523      99.98 1.0577e+01    636.391      15274  1028.4411  1028.4398    34.6218    34.6202    7.76314         20 0.0000e+00
    154.000    152.424     1.3198  29.956503     1.3197  29.955279     3.9916     4.0697    -0.0040    97.8328 1.0000e-12  -65.88080  -68.28724 332.093534      99.98 1.0577e+01    637.349      15297  1028.4461  1028.4450    34.6221    34.6207    7.76283         28 0.0000e+00
    155.000    153.414     1.3200  29.956922     1.3203  29.956041     3.9967     4.0677    -0.0061    97.8259 1.0000e-12  -65.88080  -68.28724 332.093550      99.98 1.0577e+01    638.748      15331  1028.4507  1028.4495    34.6219    34.6204    7.76280         38 0.0000e+00
    156.000    154.403     1.3207  29.958063     1.3210  29.957152     4.0156     4.0725    -0.0063    97.8356 1.0000e-12  -65.88080  -68.28724 332.093569      99.98 1.0577e+01    640.362      15370  1028.4555  1028.4543    34.6219    34.6205    7.76266         37 0.0000e+00
    157.000    155.391     1.3210  29.959074     1.3211  29.957960     4.0144     4.0774    -0.0003    97.8351 1.0000e-12  -65.88080  -68.28724 332.093585      99.98 1.0577e+01    641.771      15404  1028.4606  1028.4594    34.6223    34.6208    7.76257         31 0.0000e+00
    158.000    156.382     1.3214  29.960124     1.3233  29.960940     4.0096     4.0713    -0.0006    97.8705 1.0000e-12  -65.88080  -68.28724 332.093600      99.98 1.0577e+01    643.028      15434  1028.4657  1028.4646    34.6226    34.6215    7.76248         30 0.0000e+00
    159.000    157.372     1.3271  29.966515     1.3277  29.965871     3.9865     4.0504    -0.0048    97.8504 1.0000e-12  -65.88080  -68.28724 332.093615      99.98 1.0577e+01    644.340      15465  1028.4709  1028.4696    34.6239    34.6224    7.76129         33 0.0000e+00
    160.000    158.360     1.3321  29.972609     1.3322  29.971454     3.9803     4.0431     0.0007    97.8675 1.0000e-12  -65.88082  -68.28722 332.093630      99.98 1.0577e+01    645.649      15497  1028.4765  1028.4752    34.6256    34.6240    7.76021         29 0.0000e+00
    161.000    159.348     1.3335  29.974598     1.3335  29.973411     3.9731     4.0390    -0.0001    97.8526 1.0000e-12  -65.88082  -68.28722 332.093643      99.98 1.0577e+01    646.718      15522  1028.4815  1028.4803    34.6260    34.6244    7.75992         23 0.0000e+00
    162.000    160.338     1.3338  29.975406     1.3339  29.974344     3.9686     4.0390     0.0007    97.8182 1.0000e-12  -65.88082  -68.28722 332.093652      99.98 1.0577e+01    647.571      15543  1028.4863  1028.4851    34.6260    34.6246    7.75984         19 0.0000e+00
    163.000    161.330     1.3365  29.978658     1.3365  29.977638     3.9705     4.0379    -0.0024    97.8069 1.0000e-12  -65.88082  -68.28722 332.093661      99.98 1.0577e+01    648.349      15561  1028.4913  1028.4902    34.6267    34.6253    7.75928         18 0.0000e+00
    164.000    162.318     1.3414  29.984573     1.3413  29.983413     3.9651     4.0399    -0.0146    97.8312 1.0000e-12  -65.88082  -68.28722 332.093671      99.98 1.0577e+01    649.183      15581  1028.4968  1028.4958    34.6283    34.6269    7.75823         22 0.0000e+00
    165.000    163.308     1.3385  29.982507     1.3386  29.981444     3.9670     4.0386    -0.0046    97.8380 1.0000e-12  -65.88082  -68.28724 332.093685      99.98 1.0577e+01    650.363      15610  1028.5019  1028.5007    34.6283    34.6268    7.75881         35 0.0000e+00
    166.000    164.295     1.3372  29.981657     1.3370  29.980102     3.9791     4.0269     0.0030    97.8563 1.0000e-12  -65.88082  -68.28722 332.093730      99.98 1.0577e+01    654.294      15704  1028.5067  1028.5053    34.6280    34.6263    7.75907         29 0.0000e+00
    167.000    165.286     1.3429  29.989828     1.3436  29.989408     3.9724     4.0260     0.0020    97.8584 1.0000e-12  -65.88082  -68.28721 332.093738      99.98 1.0577e+01    654.957      15720  1028.5137  1028.5125    34.6315    34.6302    7.75776         18 0.0000e+00
    168.000    166.275     1.3570  30.005433     1.3571  30.004309     3.9703     4.0255     0.0020    97.8583 1.0000e-12  -65.88082  -68.28720 332.093746      99.98 1.0577e+01    655.625      15736  1028.5200  1028.5188    34.6353    34.6338    7.75478         15 0.0000e+00
    169.000    167.266     1.3690  30.018197     1.3692  30.017350     3.9642     4.0210    -0.0009    97.8583 1.0000e-12  -65.88082  -68.28720 332.093753      99.98 1.0577e+01    656.228      15750  1028.5256  1028.5244    34.6378    34.6365    7.75228         14 0.0000e+00
    170.000    168.252     1.3738  30.023673     1.3741  30.022746     3.9646     4.0217    -0.0067    97.8583 1.0000e-12  -65.88082  -68.28720 332.093760      99.97 1.0577e+01    656.830      15765  1028.5307  1028.5295    34.6388    34.6374    7.75127         15 0.0000e+00
    171.000    169.245     1.3808  30.031683     1.3811  30.030957     3.9684     4.0273    -0.0062    97.8583 1.0000e-12  -65.88082  -68.28720 332.093768      99.98 1.0577e+01    657.521      15782  1028.5363  1028.5352    34.6407    34.6395    7.74979         19 0.0000e+00
    172.000    170.233     1.3825  30.033290     1.3822  30.031862     3.9660     4.0231    -0.0072    97.8583 1.0000e-12  -65.88083  -68.28721 332.093786      99.98 1.0577e+01    659.147      15821  1028.5408  1028.5396    34.6404    34.6388    7.74948         27 0.0000e+00
    173.000    171.221     1.3811  30.032504     1.3799  30.030221     3.9643     4.0207    -0.0070    97.8583 1.0000e-12  -65.88084  -68.28720 332.093821      99.98 1.0577e+01    662.104      15891  1028.5458  1028.5447    34.6403    34.6388    7.74975         35 0.0000e+00
    174.000    172.211     1.3940  30.046442     1.3942  30.045536     3.9628     4.0160     0.0135    97.8583 1.0000e-12  -65.88084  -68.28720 332.093835      99.98 1.0577e+01    663.342      15921  1028.5517  1028.5505    34.6432    34.6419    7.74706         25 0.0000e+00
    175.000    173.199     1.3985  30.051672     1.3987  30.050898     3.9586     4.0144    -0.0068    97.8583 1.0000e-12  -65.88084  -68.28720 332.093846      99.97 1.0577e+01    664.280      15944  1028.5570  1028.5560    34.6444    34.6432    7.74612         20 0.0000e+00
    176.000    174.190     1.4034  30.057458     1.4036  30.056427     3.9698     4.0168    -0.0011    97.8583 1.0000e-12  -65.88084  -68.28718 332.093855      99.98 1.0577e+01    665.102      15963  1028.5623  1028.5611    34.6457    34.6443    7.74507         20 0.0000e+00
    177.000    175.179     1.4063  30.060894     1.4065  30.060016     3.9746     4.0202     0.0030    97.8583 1.0000e-12  -65.88084  -68.28718 332.093865      99.98 1.0577e+01    665.901      15983  1028.5673  1028.5663    34.6464    34.6451    7.74447         19 0.0000e+00
