NBP2113_155081_ctd/data/nbp2113_067.ros
* Sea-Bird SBE 9 Data File:
* FileName = D:\Data\raw\NBP2113_067.hex
* Software Version Seasave V 7.26.7.121
* Temperature SN = 2438
* Conductivity SN = 2067
* Number of Bytes Per Scan = 40
* Number of Voltage Words = 5
* Number of Scans Averaged by the Deck Unit = 1
* NMEA Latitude = 64 09.64 S
* NMEA Longitude = 061 49.92 W
* NMEA UTC (Time) = Dec 14 2021  19:29:58
* NMEA baud rate = 9600
** Ship: RVIB N.B. Palmer
** Cruise: NBP2113 LTER
** Station: 744.002
** Operator: S. Blackman
# nquan = 20
# nvalues = 476                                   
# units = specified
# name 0 = prDM: Pressure, Digiquartz [db]
# name 1 = depSM: Depth [salt water, m]
# name 2 = t090C: Temperature [ITS-90, deg C]
# name 3 = c0mS/cm: Conductivity [mS/cm]
# name 4 = t190C: Temperature, 2 [ITS-90, deg C]
# name 5 = c1mS/cm: Conductivity, 2 [mS/cm]
# name 6 = sbeox0ML/L: Oxygen, SBE 43 [ml/l]
# name 7 = sbeox1ML/L: Oxygen, SBE 43, 2 [ml/l]
# name 8 = flECO-AFL: Fluorescence, WET Labs ECO-AFL/FL [mg/m^3]
# name 9 = CStarTr0: Beam Transmission, WET Labs C-Star [%]
# name 10 = par: PAR/Irradiance, Biospherical/Licor
# name 11 = latitude: Latitude [deg]
# name 12 = longitude: Longitude [deg]
# name 13 = timeJ: Julian Days
# name 14 = altM: Altimeter [m]
# name 15 = spar: SPAR, Biospherical/Licor
# name 16 = timeS: Time, Elapsed [seconds]
# name 17 = scan: Scan Count
# name 18 = nbf: Bottles Fired
# name 19 = flag:  0.000e+00
# interval = seconds: 0.0416667
# start_time = Dec 14 2021 19:29:58 [NMEA time, header]
# bad_flag = -9.990e-29
*END*
[from data line 290]
    202.060    199.993    -0.3549  28.397336    -0.3631  28.388188     6.0368     6.1282     0.0069    89.9789 1.0000e-12  -64.16150  -61.83240 348.829970      99.98 7.2807e+02   1511.375      36274          6  0.000e+00
    202.060    199.993    -0.3552  28.397336    -0.3626  28.388981     6.0366     6.1239     0.0069    89.9789 1.0000e-12  -64.16150  -61.83240 348.829970      99.98 7.2807e+02   1511.417      36275          6  0.000e+00
    202.108    200.041    -0.3552  28.396931    -0.3629  28.388981     6.0425     6.1246     0.0069    89.9789 1.0000e-12  -64.16150  -61.83240 348.829971      99.98 7.2807e+02   1511.458      36276          6  0.000e+00
    202.060    199.993    -0.3555  28.397336    -0.3628  28.389263     6.0438     6.1241     0.0069    89.9532 1.0000e-12  -64.16150  -61.83240 348.829971      99.95 7.2807e+02   1511.500      36277          6  0.000e+00
    101.247    100.236     0.0871  28.609301     0.0859  28.604039     6.2119     6.3053     0.2047    89.4382 1.8701e-01  -64.16146  -61.83238 348.831776      99.98 8.0564e+02   1667.458      40020          7  0.000e+00
    101.227    100.216     0.0874  28.609591     0.0861  28.606479     6.2119     6.3048     0.2047    89.4124 1.8701e-01  -64.16146  -61.83238 348.831777      99.98 8.0564e+02   1667.500      40021          7  0.000e+00
    101.247    100.236     0.0874  28.609591     0.0864  28.608351     6.2178     6.3043     0.2047    89.4124 1.8701e-01  -64.16146  -61.83238 348.831777      99.93 8.0564e+02   1667.542      40022          7  0.000e+00
    101.227    100.216     0.0871  28.609591     0.0861  28.609089     6.2122     6.3040     0.2047    89.4124 1.8701e-01  -64.16146  -61.83238 348.831778      99.95 8.0564e+02   1667.583      40023          7  0.000e+00
    101.302    100.290     0.0872  28.609359     0.0861  28.609657     6.2169     6.3037     0.2047    89.4124 1.8701e-01  -64.16146  -61.83238 348.831778      99.98 8.0564e+02   1667.625      40024          7  0.000e+00
    101.247    100.236     0.0872  28.609591     0.0860  28.608862     6.2185     6.3034     0.2047    89.4124 1.8701e-01  -64.16146  -61.83238 348.831779      99.98 8.0564e+02   1667.667      40025          7  0.000e+00
    101.281    100.270     0.0871  28.609301     0.0864  28.608862     6.2245     6.3031     0.2047    89.4124 1.8701e-01  -64.16146  -61.83238 348.831779      99.95 8.0564e+02   1667.708      40026          7  0.000e+00
    101.302    100.290     0.0866  28.609359     0.0861  28.609373     6.2218     6.3037     0.2047    89.4124 1.8701e-01  -64.16146  -61.83238 348.831780      99.93 8.0564e+02   1667.750      40027          7  0.000e+00
    101.227    100.216     0.0871  28.608778     0.0858  28.609656     6.2162     6.3033     0.2047    89.4124 1.8701e-01  -64.16146  -61.83238 348.831780      99.98 8.0564e+02   1667.792      40028          7  0.000e+00
    101.302    100.290     0.0871  28.609069     0.0863  28.608011     6.2167     6.3040     0.2047    89.4124 1.8701e-01  -64.16146  -61.83238 348.831780      99.98 8.0564e+02   1667.833      40029          7  0.000e+00
    101.302    100.290     0.0869  28.609592     0.0861  28.608068     6.2215     6.3038     0.2047    89.4124 1.8701e-01  -64.16146  -61.83238 348.831781      99.98 8.0564e+02   1667.875      40030          7  0.000e+00
    101.282    100.270     0.0871  28.609301     0.0863  28.608862     6.2162     6.2981     0.2047    89.4124 1.8701e-01  -64.16146  -61.83238 348.831781      99.98 8.0564e+02   1667.917      40031          7  0.000e+00
    101.302    100.290     0.0868  28.609592     0.0861  28.608578     6.2154     6.3033     0.2047    89.4124 1.8701e-01  -64.16146  -61.83238 348.831782      99.98 8.0564e+02   1667.958      40032          7  0.000e+00
    101.282    100.270     0.0869  28.608778     0.0860  28.607784     6.2146     6.3032     0.2047    89.4124 1.8701e-01  -64.16146  -61.83238 348.831782      99.95 8.0564e+02   1668.000      40033          7  0.000e+00
    101.302    100.290     0.0872  28.609301     0.0855  28.606933     6.2196     6.3032     0.2047    89.4124 1.8701e-01  -64.16146  -61.83238 348.831783      99.95 8.0564e+02   1668.042      40034          7  0.000e+00
    101.330    100.318     0.0871  28.609359     0.0853  28.606706     6.2203     6.3031     0.2047    89.4124 1.8701e-01  -64.16146  -61.83238 348.831783      99.98 8.0564e+02   1668.083      40035          7  0.000e+00
    101.302    100.291     0.0871  28.609301     0.0852  28.604833     6.2208     6.3030     0.2121    89.4382 1.8701e-01  -64.16146  -61.83238 348.831784      99.98 8.0564e+02   1668.125      40036          7  0.000e+00
    101.302    100.291     0.0874  28.609592     0.0849  28.603812     6.2228     6.3029     0.2194    89.4382 1.8701e-01  -64.16146  -61.83238 348.831784      99.98 8.0564e+02   1668.167      40037          7  0.000e+00
    101.282    100.270     0.0872  28.609591     0.0852  28.603245     6.2177     6.3036     0.2267    89.4382 1.8701e-01  -64.16146  -61.83238 348.831785      99.93 8.0564e+02   1668.208      40038          7  0.000e+00
    101.302    100.291     0.0874  28.609592     0.0852  28.604323     6.2228     6.2980     0.2340    89.4382 1.8701e-01  -64.16146  -61.83238 348.831785      99.95 8.0564e+02   1668.250      40039          7  0.000e+00
    101.330    100.318     0.0872  28.609882     0.0856  28.605060     6.2222     6.3033     0.2340    89.4382 1.8701e-01  -64.16146  -61.83238 348.831786      99.98 8.0564e+02   1668.292      40040          7  0.000e+00
    101.302    100.291     0.0874  28.609882     0.0858  28.606195     6.2171     6.3031     0.2267    89.4382 1.8461e-01  -64.16146  -61.83238 348.831786      99.98 8.0564e+02   1668.333      40041          7  0.000e+00
    101.302    100.291     0.0874  28.609592     0.0858  28.607557     6.2165     6.3029     0.2267    89.4382 1.8701e-01  -64.16146  -61.83238 348.831787      99.98 8.0564e+02   1668.375      40042          7  0.000e+00
    101.330    100.318     0.0874  28.609592     0.0860  28.607784     6.2217     6.3028     0.2340    89.4382 1.8701e-01  -64.16146  -61.83238 348.831787      99.98 8.0564e+02   1668.417      40043          7  0.000e+00
    101.302    100.291     0.0874  28.609824     0.0860  28.608068     6.2153     6.3027     0.2340    89.4382 1.8701e-01  -64.16146  -61.83238 348.831788      99.98 8.0564e+02   1668.458      40044          7  0.000e+00
    101.282    100.270     0.0875  28.610172     0.0863  28.607727     6.2133     6.3026     0.2267    89.4382 1.8701e-01  -64.16146  -61.83238 348.831788      99.95 8.0564e+02   1668.500      40045          7  0.000e+00
    101.350    100.338     0.0872  28.609882     0.0863  28.607784     6.2129     6.3026     0.2340    89.4382 1.8701e-01  -64.16146  -61.83238 348.831789      99.95 8.0564e+02   1668.542      40046          7  0.000e+00
    101.302    100.291     0.0875  28.609824     0.0864  28.607784     6.2181     6.3025     0.2267    89.4382 1.8701e-01  -64.16146  -61.83238 348.831789      99.98 8.0564e+02   1668.583      40047          7  0.000e+00
    101.282    100.270     0.0874  28.610405     0.0863  28.608578     6.2188     6.3024     0.2267    89.4382 1.8701e-01  -64.16146  -61.83238 348.831790      99.98 8.0564e+02   1668.625      40048          7  0.000e+00
    101.302    100.291     0.0875  28.610405     0.0866  28.608351     6.2139     6.3031     0.2340    89.4382 1.8701e-01  -64.16146  -61.83238 348.831790      99.98 8.0564e+02   1668.667      40049          7  0.000e+00
    101.378    100.365     0.0877  28.610405     0.0863  28.608579     6.2149     6.2978     0.2340    89.4382 1.8701e-01  -64.16146  -61.83238 348.831791      99.93 8.0564e+02   1668.708      40050          7  0.000e+00
    101.247    100.236     0.0872  28.610172     0.0865  28.608522     6.2203     6.2968     0.2340    89.4382 1.8701e-01  -64.16146  -61.83238 348.831791      99.95 8.0564e+02   1668.750      40051          7  0.000e+00
    101.302    100.291     0.0872  28.609824     0.0861  28.608068     6.2213     6.2961     0.2267    89.4382 1.8701e-01  -64.16146  -61.83238 348.831792      99.98 8.0564e+02   1668.792      40052          7  0.000e+00
    101.330    100.318     0.0871  28.610173     0.0854  28.606706     6.2223     6.2956     0.2267    89.4382 1.8701e-01  -64.16146  -61.83238 348.831792      99.98 8.0564e+02   1668.833      40053          7  0.000e+00
    101.302    100.291     0.0866  28.609359     0.0852  28.606195     6.2191     6.2957     0.2267    89.4382 1.8701e-01  -64.16146  -61.83238 348.831793      99.98 8.0564e+02   1668.875      40054          7  0.000e+00
    101.330    100.318     0.0863  28.608255     0.0850  28.605912     6.2190     6.3014     0.2267    89.4382 1.8701e-01  -64.16146  -61.83238 348.831793      99.98 8.0564e+02   1668.917      40055          7  0.000e+00
    101.248    100.236     0.0866  28.606106     0.0850  28.605060     6.2188     6.2962     0.2267    89.4382 1.8701e-01  -64.16146  -61.83238 348.831793      99.98 8.0564e+02   1668.958      40056          7  0.000e+00
    101.330    100.318     0.0858  28.604770     0.0850  28.604607     6.2190     6.2957     0.2340    89.4124 1.8701e-01  -64.16146  -61.83238 348.831794      99.95 8.0564e+02   1669.000      40057          7  0.000e+00
    101.302    100.291     0.0852  28.603957     0.0849  28.603528     6.2190     6.2952     0.2267    89.4124 1.8701e-01  -64.16146  -61.83238 348.831794      99.95 8.0564e+02   1669.042      40058          7  0.000e+00
    101.302    100.291     0.0852  28.603376     0.0847  28.603245     6.2133     6.2947     0.2267    89.4124 1.8701e-01  -64.16146  -61.83238 348.831795      99.98 8.0564e+02   1669.083      40059          7  0.000e+00
    101.282    100.270     0.0853  28.603666     0.0843  28.601940     6.2178     6.3006     0.2267    89.4382 1.8701e-01  -64.16146  -61.83238 348.831795      99.98 8.0564e+02   1669.125      40060          7  0.000e+00
    101.302    100.291     0.0850  28.603143     0.0840  28.601145     6.2167     6.3011     0.2340    89.4382 1.8701e-01  -64.16146  -61.83238 348.831796      99.98 8.0564e+02   1669.167      40061          7  0.000e+00
    101.282    100.270     0.0846  28.603143     0.0838  28.600521     6.2112     6.2962     0.2340    89.4124 1.8701e-01  -64.16146  -61.83238 348.831796      99.95 8.0564e+02   1669.208      40062          7  0.000e+00
    101.302    100.291     0.0845  28.602621     0.0840  28.600067     6.2102     6.3012     0.2194    89.4124 1.8701e-01  -64.16146  -61.83238 348.831797      99.95 8.0564e+02   1669.250      40063          7  0.000e+00
    101.302    100.291     0.0842  28.602040     0.0838  28.599784     6.2208     6.3016     0.2194    89.4382 1.8701e-01  -64.16146  -61.83238 348.831797      99.98 8.0564e+02   1669.292      40064          7  0.000e+00
    101.282    100.270     0.0841  28.601517     0.0840  28.599273     6.2154     6.2966     0.2121    89.4382 1.8701e-01  -64.16146  -61.83238 348.831798      99.98 8.0564e+02   1669.333      40065          7  0.000e+00
    101.302    100.291     0.0842  28.600994     0.0844  28.599273     6.2144     6.2962     0.2121    89.4124 1.8701e-01  -64.16146  -61.83238 348.831798      99.98 8.0564e+02   1669.375      40066          7  0.000e+00
    101.227    100.216     0.0842  28.600703     0.0843  28.599670     6.2090     6.2958     0.2194    89.4124 1.8701e-01  -64.16146  -61.83238 348.831799      99.98 8.0564e+02   1669.417      40067          7  0.000e+00
    101.302    100.291     0.0842  28.600413     0.0841  28.599784     6.2127     6.2955     0.2121    89.4382 1.8701e-01  -64.16146  -61.83238 348.831799      99.98 8.0564e+02   1669.458      40068          7  0.000e+00
    101.030    100.021     0.0838  28.602329     0.0832  28.600067     6.2529     6.3147     0.2414    89.4124 1.8942e-01  -64.16146  -61.83238 348.831859      99.98 8.0564e+02   1674.583      40191          8  0.000e+00
    100.995     99.987     0.0839  28.602620     0.0840  28.598705     6.2465     6.3146     0.2340    89.4124 1.8942e-01  -64.16146  -61.83238 348.831859      99.98 8.0564e+02   1674.625      40192          8  0.000e+00
    101.030    100.021     0.0837  28.602329     0.0843  28.600577     6.2447     6.3144     0.2340    89.4124 1.8942e-01  -64.16146  -61.83238 348.831860      99.98 8.0564e+02   1674.667      40193          8  0.000e+00
    101.050    100.041     0.0839  28.601807     0.0833  28.602620     6.2485     6.3143     0.2340    89.4124 1.8942e-01  -64.16146  -61.83238 348.831860      99.95 8.0564e+02   1674.708      40194          8  0.000e+00
    101.030    100.021     0.0846  28.602620     0.0827  28.602166     6.2476     6.3143     0.2340    89.4124 1.8942e-01  -64.16146  -61.83238 348.831861      99.95 8.0564e+02   1674.750      40195          8  0.000e+00
    101.050    100.041     0.0846  28.603956     0.0832  28.601145     6.2409     6.3141     0.2340    89.4124 1.8942e-01  -64.16146  -61.83238 348.831861      99.98 8.0564e+02   1674.792      40196          8  0.000e+00
    101.050    100.041     0.0853  28.605292     0.0838  28.601372     6.2398     6.3138     0.2340    89.4124 1.8942e-01  -64.16146  -61.83238 348.831861      99.98 8.0564e+02   1674.833      40197          8  0.000e+00
    100.975     99.967     0.0853  28.606105     0.0841  28.602449     6.2432     6.3134     0.2340    89.4382 1.8942e-01  -64.16146  -61.83238 348.831862      99.98 8.0564e+02   1674.875      40198          8  0.000e+00
    101.050    100.041     0.0855  28.607209     0.0843  28.603471     6.2364     6.3131     0.2340    89.4639 1.8942e-01  -64.16146  -61.83238 348.831862      99.98 8.0564e+02   1674.917      40199          8  0.000e+00
    101.030    100.021     0.0856  28.607441     0.0843  28.604833     6.2339     6.3126     0.2340    89.4639 1.8942e-01  -64.16146  -61.83238 348.831863      99.98 8.0564e+02   1674.958      40200          8  0.000e+00
    101.098    100.089     0.0858  28.607964     0.0844  28.605117     6.2271     6.3123     0.2340    89.4639 1.8942e-01  -64.16146  -61.83238 348.831863      99.95 8.0564e+02   1675.000      40201          8  0.000e+00
    100.995     99.987     0.0860  28.608255     0.0847  28.604606     6.2303     6.3118     0.2340    89.4639 1.8942e-01  -64.16146  -61.83238 348.831864      99.95 8.0564e+02   1675.042      40202          8  0.000e+00
    101.078    100.068     0.0860  28.608778     0.0850  28.604833     6.2280     6.3114     0.2340    89.4639 1.8942e-01  -64.16146  -61.83238 348.831864      99.95 8.0564e+02   1675.083      40203          8  0.000e+00
    101.050    100.041     0.0853  28.608545     0.0850  28.604833     6.2256     6.3109     0.2414    89.4639 1.8942e-01  -64.16146  -61.83238 348.831865      99.98 8.0564e+02   1675.125      40204          8  0.000e+00
    101.078    100.068     0.0852  28.607151     0.0850  28.605570     6.2202     6.3104     0.2414    89.4639 1.8942e-01  -64.16146  -61.83238 348.831865      99.98 8.0564e+02   1675.167      40205          8  0.000e+00
    101.050    100.041     0.0849  28.606105     0.0854  28.606705     6.2236     6.3044     0.2414    89.4639 1.8942e-01  -64.16146  -61.83238 348.831866      99.95 8.0564e+02   1675.208      40206          8  0.000e+00
    101.078    100.068     0.0850  28.605815     0.0856  28.607273     6.2226     6.3083     0.2340    89.4639 1.8942e-01  -64.16146  -61.83238 348.831866      99.93 8.0564e+02   1675.250      40207          8  0.000e+00
    101.050    100.041     0.0843  28.606338     0.0855  28.607556     6.2159     6.3086     0.2414    89.4639 1.8942e-01  -64.16146  -61.83238 348.831867      99.95 8.0564e+02   1675.292      40208          8  0.000e+00
