NBP2113_155081_ctd/data/nbp2113_025.cnv
* Sea-Bird SBE 9 Data File:
* FileName = D:\Data\raw\NBP2113_025.hex
* Software Version Seasave V 7.26.7.121
* Temperature SN = 2438
* Conductivity SN = 2067
* Number of Bytes Per Scan = 40
* Number of Voltage Words = 5
* Number of Scans Averaged by the Deck Unit = 1
* NMEA Latitude = 66 26.47 S
* NMEA Longitude = 073 01.98 W
* NMEA UTC (Time) = Dec 02 2021  19:32:09
* NMEA baud rate = 9600
** Ship: RVIB N.B. Palmer
** Cruise: NBP2113 LTER
** Station: 200.200
** Operator: S. Blackman
# nquan = 25
# nvalues = 7425                        
# units = specified
# name 0 = prDM: Pressure, Digiquartz [db]
# name 1 = depSM: Depth [salt water, m]
# name 2 = t090C: Temperature [ITS-90, deg C]
# name 3 = c0mS/cm: Conductivity [mS/cm]
# name 4 = t190C: Temperature, 2 [ITS-90, deg C]
# name 5 = c1mS/cm: Conductivity, 2 [mS/cm]
# name 6 = sbeox0ML/L: Oxygen, SBE 43 [ml/l]
# name 7 = sbeox1ML/L: Oxygen, SBE 43, 2 [ml/l]
# name 8 = flECO-AFL: Fluorescence, WET Labs ECO-AFL/FL [mg/m^3]
# name 9 = CStarTr0: Beam Transmission, WET Labs C-Star [%]
# name 10 = par: PAR/Irradiance, Biospherical/Licor
# name 11 = latitude: Latitude [deg]
# name 12 = longitude: Longitude [deg]
# name 13 = timeJ: Julian Days
# name 14 = altM: Altimeter [m]
# name 15 = spar: SPAR, Biospherical/Licor
# name 16 = timeS: Time, Elapsed [seconds]
# name 17 = scan: Scan Count
# name 18 = density00: Density [density, kg/m^3]
# name 19 = density11: Density, 2 [density, kg/m^3]
# name 20 = sal00: Salinity, Practical [PSU]
# name 21 = sal11: Salinity, Practical, 2 [PSU]
# name 22 = oxsolML/L: Oxygen Saturation, Garcia & Gordon [ml/l]
# name 23 = nbin: number of scans per bin
# name 24 = flag: flag
# span 0 =      1.000,   3716.000       
# span 1 =      0.989,   3647.210       
# span 2 =    -0.8567,     2.0059       
# span 3 =  27.620544,  30.705827       
# span 4 =    -0.8581,     2.0055       
# span 5 =  27.618989,  30.704902       
# span 6 =     3.8858,     9.2472       
# span 7 =     3.9361,     8.3998       
# span 8 =    -0.0233,    11.1216       
# span 9 =    82.8527,    97.6524       
# span 10 = 1.0000e-12, 1.0000e-12      
# span 11 =  -66.44200,  -66.44120      
# span 12 =  -73.03301,  -73.03208      
# span 13 = 336.815519, 336.923772      
# span 14 =       6.24,     107.41      
# span 15 = 3.5258e+02, 2.4844e+03      
# span 16 =    131.802,   9484.925      
# span 17 =       3164,     227639      
# span 18 =  1027.3022,  1044.8165      
# span 19 =  1027.3010,  1044.8156      
# span 20 =    33.9596,    34.7297      
# span 21 =    33.9579,    34.7288      
# span 22 =    7.62736,    8.24846      
# span 23 =          8,         51      
# span 24 = 0.0000e+00, 0.0000e+00      
# interval = decibars: 1                
# start_time = Dec 02 2021 19:32:09 [NMEA time, header]
# bad_flag = -9.990e-29
*END*
[from data line 4001]
   3424.000   3362.856     0.4361  30.596906     0.4363  30.596526     4.6082     4.6805    -0.0045    97.5493 1.0000e-12  -66.44168  -73.03244 336.872505      99.98 1.2494e+03   5055.406     121331  1043.5275  1043.5269    34.7020    34.7013    7.93645         23 0.0000e+00
   3423.000   3361.883     0.4362  30.596668     0.4366  30.596356     4.6049     4.6828    -0.0103    97.5493 1.0000e-12  -66.44168  -73.03244 336.872515      99.98 1.2469e+03   5056.280     121352  1043.5231  1043.5224    34.7020    34.7012    7.93643         20 0.0000e+00
   3422.000   3360.909     0.4363  30.596403     0.4367  30.596123     4.5981     4.6826    -0.0150    97.5493 1.0000e-12  -66.44168  -73.03244 336.872524      99.97 1.2583e+03   5057.069     121371  1043.5187  1043.5179    34.7020    34.7012    7.93640         18 0.0000e+00
   3421.000   3359.932     0.4364  30.596097     0.4368  30.595873     4.5974     4.6783    -0.0150    97.5493 1.0000e-12  -66.44168  -73.03244 336.872533      99.98 1.2570e+03   5057.820     121389  1043.5142  1043.5136    34.7020    34.7013    7.93638         18 0.0000e+00
   3420.000   3358.961     0.4364  30.595820     0.4368  30.595469     4.6076     4.6781    -0.0150    97.5493 1.0000e-12  -66.44168  -73.03244 336.872541      99.97 1.2502e+03   5058.584     121407  1043.5099  1043.5091    34.7021    34.7012    7.93638         19 0.0000e+00
   3419.000   3357.984     0.4364  30.595426     0.4368  30.595097     4.6165     4.6812    -0.0150    97.5493 1.0000e-12  -66.44168  -73.03244 336.872552      99.98 1.2560e+03   5059.470     121428  1043.5055  1043.5047    34.7021    34.7013    7.93638         25 0.0000e+00
   3418.000   3357.010     0.4363  30.594918     0.4365  30.594501     4.6069     4.6839    -0.0150    97.5493 1.0000e-12  -66.44168  -73.03244 336.872568      99.98 1.2778e+03   5060.893     121462  1043.5010  1043.5004    34.7020    34.7012    7.93641         35 0.0000e+00
   3417.000   3356.036     0.4361  30.594416     0.4363  30.593971     4.6005     4.6845    -0.0106    97.5493 1.0000e-12  -66.44168  -73.03246 336.872595      99.98 1.2969e+03   5063.166     121517  1043.4967  1043.4961    34.7021    34.7013    7.93645         34 0.0000e+00
   3416.000   3355.061     0.4361  30.593977     0.4364  30.593639     4.5972     4.6890    -0.0136    97.5493 1.0000e-12  -66.44168  -73.03246 336.872608      99.98 1.3028e+03   5064.351     121545  1043.4922  1043.4915    34.7020    34.7012    7.93645         24 0.0000e+00
   3415.000   3354.087     0.4361  30.593724     0.4364  30.593392     4.6005     4.6837    -0.0106    97.5493 1.0000e-12  -66.44168  -73.03246 336.872619      99.98 1.2827e+03   5065.270     121567  1043.4879  1043.4872    34.7021    34.7013    7.93645         20 0.0000e+00
   3414.000   3353.113     0.4361  30.593389     0.4364  30.592973     4.6127     4.6847    -0.0101    97.5493 1.0000e-12  -66.44168  -73.03246 336.872629      99.98 1.2641e+03   5066.140     121588  1043.4835  1043.4827    34.7021    34.7012    7.93644         21 0.0000e+00
   3413.000   3352.135     0.4360  30.592906     0.4363  30.592504     4.5981     4.6860    -0.0150    97.5505 1.0000e-12  -66.44168  -73.03244 336.872639      99.98 1.2457e+03   5067.022     121610  1043.4790  1043.4783    34.7021    34.7012    7.93646         22 0.0000e+00
   3412.000   3351.164     0.4361  30.592555     0.4364  30.592224     4.6130     4.6800    -0.0150    97.5548 1.0000e-12  -66.44168  -73.03244 336.872650      99.98 1.2335e+03   5067.942     121632  1043.4746  1043.4739    34.7020    34.7012    7.93645         23 0.0000e+00
   3411.000   3350.189     0.4361  30.592243     0.4364  30.591880     4.6153     4.6802    -0.0150    97.5575 1.0000e-12  -66.44168  -73.03244 336.872661      99.98 1.2258e+03   5068.940     121656  1043.4702  1043.4694    34.7021    34.7012    7.93645         25 0.0000e+00
   3410.000   3349.214     0.4362  30.591964     0.4364  30.591484     4.6080     4.6797    -0.0150    97.5554 1.0000e-12  -66.44166  -73.03242 336.872675      99.98 1.2185e+03   5070.087     121683  1043.4658  1043.4651    34.7021    34.7012    7.93643         30 0.0000e+00
   3409.000   3348.239     0.4362  30.591730     0.4363  30.591084     4.6049     4.6812    -0.0074    97.5539 1.0000e-12  -66.44166  -73.03242 336.872689      99.97 1.2136e+03   5071.368     121714  1043.4614  1043.4607    34.7022    34.7012    7.93641         28 0.0000e+00
   3408.000   3347.266     0.4361  30.591142     0.4366  30.590939     4.6057     4.6857    -0.0094    97.5658 1.0000e-12  -66.44166  -73.03244 336.872703      99.98 1.2112e+03   5072.564     121743  1043.4569  1043.4562    34.7020    34.7013    7.93644         27 0.0000e+00
   3407.000   3346.290     0.4363  30.591053     0.4366  30.590592     4.6101     4.6815    -0.0150    97.5642 1.0000e-12  -66.44166  -73.03245 336.872716      99.98 1.2159e+03   5073.649     121769  1043.4526  1043.4518    34.7022    34.7012    7.93639         26 0.0000e+00
   3406.000   3345.316     0.4364  30.590806     0.4368  30.590478     4.5971     4.6962    -0.0138    97.5514 1.0000e-12  -66.44166  -73.03246 336.872728      99.98 1.2255e+03   5074.706     121794  1043.4482  1043.4474    34.7022    34.7013    7.93637         25 0.0000e+00
   3405.000   3344.342     0.4365  30.590417     0.4369  30.590150     4.6002     4.6829    -0.0071    97.5536 1.0000e-12  -66.44166  -73.03245 336.872740      99.98 1.2309e+03   5075.732     121819  1043.4437  1043.4430    34.7021    34.7013    7.93637         24 0.0000e+00
   3404.000   3343.368     0.4365  30.590027     0.4371  30.589897     4.6115     4.6815    -0.0005    97.5571 1.0000e-12  -66.44166  -73.03244 336.872751      99.98 1.2499e+03   5076.698     121842  1043.4392  1043.4385    34.7020    34.7012    7.93636         23 0.0000e+00
   3403.000   3342.392     0.4368  30.590056     0.4373  30.589765     4.5992     4.6851    -0.0072    97.5537 1.0000e-12  -66.44166  -73.03243 336.872762      99.98 1.2822e+03   5077.657     121865  1043.4348  1043.4341    34.7021    34.7013    7.93628         24 0.0000e+00
   3402.000   3341.417     0.4371  30.589898     0.4374  30.589483     4.6107     4.6787    -0.0077    97.5572 1.0000e-12  -66.44166  -73.03242 336.872775      99.98 1.3267e+03   5078.766     121891  1043.4303  1043.4297    34.7021    34.7013    7.93623         29 0.0000e+00
   3401.000   3340.443     0.4361  30.588647     0.4365  30.588220     4.6039     4.6766    -0.0086    97.5571 1.0000e-12  -66.44166  -73.03243 336.872815      99.98 1.2914e+03   5082.228     121974  1043.4260  1043.4253    34.7020    34.7012    7.93643         33 0.0000e+00
   3400.000   3339.471     0.4363  30.588460     0.4370  30.588349     4.5864     4.6866    -0.0077    97.5637 1.0000e-12  -66.44166  -73.03244 336.872834      99.98 1.2763e+03   5083.876     122014  1043.4216  1043.4208    34.7021    34.7012    7.93640         18 0.0000e+00
   3399.000   3338.495     0.4371  30.588723     0.4373  30.588281     4.5893     4.6837    -0.0083    97.5552 1.0000e-12  -66.44166  -73.03244 336.872841      99.98 1.2907e+03   5084.505     122029  1043.4171  1043.4163    34.7021    34.7012    7.93625         13 0.0000e+00
   3398.000   3337.519     0.4375  30.588736     0.4377  30.588287     4.5976     4.6816    -0.0020    97.5553 1.0000e-12  -66.44166  -73.03244 336.872848      99.98 1.3037e+03   5085.052     122042  1043.4126  1043.4119    34.7021    34.7012    7.93616         13 0.0000e+00
   3397.000   3336.546     0.4377  30.588586     0.4380  30.588280     4.6039     4.6863    -0.0004    97.5513 1.0000e-12  -66.44166  -73.03244 336.872854      99.98 1.3167e+03   5085.581     122055  1043.4082  1043.4076    34.7021    34.7014    7.93611         13 0.0000e+00
   3396.000   3335.570     0.4378  30.588420     0.4382  30.587956     4.5978     4.6945    -0.0108    97.5579 1.0000e-12  -66.44166  -73.03242 336.872860      99.98 1.3331e+03   5086.105     122068  1043.4038  1043.4030    34.7022    34.7012    7.93608         12 0.0000e+00
   3395.000   3334.597     0.4379  30.587950     0.4383  30.587647     4.6121     4.6834    -0.0150    97.5511 1.0000e-12  -66.44166  -73.03242 336.872866      99.98 1.3564e+03   5086.648     122081  1043.3992  1043.3985    34.7020    34.7012    7.93607         14 0.0000e+00
   3394.000   3333.622     0.4379  30.587604     0.4382  30.587343     4.6215     4.6781    -0.0150    97.5587 1.0000e-12  -66.44166  -73.03242 336.872873      99.98 1.3739e+03   5087.251     122095  1043.3948  1043.3942    34.7020    34.7013    7.93607         16 0.0000e+00
   3393.000   3332.646     0.4377  30.587034     0.4380  30.586802     4.6131     4.6816    -0.0150    97.5660 1.0000e-12  -66.44166  -73.03240 336.872882      99.98 1.3762e+03   5088.048     122114  1043.3904  1043.3899    34.7020    34.7014    7.93612         24 0.0000e+00
   3392.000   3331.673     0.4373  30.586300     0.4377  30.586056     4.5972     4.6861    -0.0091    97.5539 1.0000e-12  -66.44164  -73.03240 336.872932      99.98 1.2479e+03   5092.356     122218  1043.3860  1043.3854    34.7019    34.7012    7.93620         29 0.0000e+00
   3391.000   3330.698     0.4371  30.585866     0.4377  30.585607     4.5912     4.6748    -0.0007    97.5532 1.0000e-12  -66.44164  -73.03242 336.872952      99.98 1.2092e+03   5094.041     122258  1043.3818  1043.3809    34.7021    34.7011    7.93624         20 0.0000e+00
   3390.000   3329.723     0.4373  30.585652     0.4377  30.585237     4.6047     4.6814    -0.0048    97.5536 1.0000e-12  -66.44164  -73.03242 336.872961      99.98 1.1928e+03   5094.800     122276  1043.3773  1043.3765    34.7021    34.7011    7.93620         18 0.0000e+00
   3389.000   3328.748     0.4376  30.585578     0.4380  30.585134     4.6052     4.6894    -0.0077    97.5523 1.0000e-12  -66.44164  -73.03242 336.872969      99.98 1.1773e+03   5095.536     122294  1043.3728  1043.3720    34.7021    34.7011    7.93613         17 0.0000e+00
   3388.000   3327.774     0.4380  30.585539     0.4380  30.584928     4.6057     4.6847    -0.0077    97.5550 1.0000e-12  -66.44164  -73.03242 336.872978      99.97 1.1652e+03   5096.271     122311  1043.3684  1043.3678    34.7021    34.7013    7.93605         18 0.0000e+00
   3387.000   3326.799     0.4385  30.585667     0.4385  30.585052     4.6054     4.6822    -0.0033    97.5692 1.0000e-12  -66.44164  -73.03242 336.872986      99.98 1.1590e+03   5097.014     122329  1043.3639  1043.3633    34.7021    34.7014    7.93594         18 0.0000e+00
   3386.000   3325.825     0.4392  30.585906     0.4392  30.585207     4.6046     4.6807    -0.0039    97.5550 1.0000e-12  -66.44164  -73.03242 336.872995      99.98 1.1589e+03   5097.776     122348  1043.3594  1043.3587    34.7022    34.7013    7.93580         19 0.0000e+00
   3385.000   3324.852     0.4395  30.585818     0.4397  30.585318     4.6047     4.6789    -0.0149    97.5583 1.0000e-12  -66.44164  -73.03242 336.873005      99.97 1.1648e+03   5098.599     122367  1043.3549  1043.3542    34.7022    34.7013    7.93574         20 0.0000e+00
   3384.000   3323.875     0.4395  30.585527     0.4399  30.585168     4.6122     4.6797    -0.0087    97.5644 1.0000e-12  -66.44164  -73.03242 336.873016      99.98 1.1784e+03   5099.557     122390  1043.3506  1043.3498    34.7023    34.7014    7.93574         27 0.0000e+00
   3383.000   3322.900     0.4390  30.584635     0.4391  30.584110     4.6091     4.6770    -0.0077    97.5616 1.0000e-12  -66.44164  -73.03242 336.873032      99.98 1.1942e+03   5100.920     122423  1043.3461  1043.3456    34.7021    34.7014    7.93584         36 0.0000e+00
   3382.000   3321.927     0.4387  30.583990     0.4394  30.583995     4.5951     4.6824    -0.0127    97.5626 1.0000e-12  -66.44164  -73.03242 336.873052      99.98 1.2393e+03   5102.711     122466  1043.3418  1043.3411    34.7021    34.7014    7.93591         33 0.0000e+00
   3381.000   3320.953     0.4392  30.584094     0.4393  30.583500     4.6068     4.6822    -0.0082    97.5656 1.0000e-12  -66.44164  -73.03241 336.873067      99.97 1.2808e+03   5103.980     122497  1043.3373  1043.3367    34.7021    34.7013    7.93580         27 0.0000e+00
   3380.000   3319.976     0.4393  30.583843     0.4395  30.583348     4.6147     4.6743    -0.0143    97.5689 1.0000e-12  -66.44164  -73.03240 336.873079      99.98 1.3553e+03   5105.028     122522  1043.3329  1043.3322    34.7022    34.7014    7.93578         25 0.0000e+00
   3379.000   3319.003     0.4394  30.583552     0.4396  30.583152     4.6101     4.6815    -0.0088    97.5651 1.0000e-12  -66.44162  -73.03240 336.873094      99.97 1.4808e+03   5106.365     122554  1043.3284  1043.3278    34.7021    34.7014    7.93576         38 0.0000e+00
   3378.000   3318.027     0.4379  30.581835     0.4384  30.581650     4.6028     4.6913    -0.0077    97.5736 1.0000e-12  -66.44162  -73.03244 336.873131      99.98 1.4432e+03   5109.512     122629  1043.3243  1043.3235    34.7021    34.7013    7.93608         30 0.0000e+00
   3377.000   3317.055     0.4389  30.582364     0.4392  30.582069     4.5968     4.6885    -0.0077    97.5752 1.0000e-12  -66.44162  -73.03244 336.873143      99.98 1.4183e+03   5110.539     122654  1043.3196  1043.3190    34.7021    34.7014    7.93586         19 0.0000e+00
   3376.000   3316.076     0.4397  30.582588     0.4398  30.582108     4.5917     4.6825    -0.0077    97.5751 1.0000e-12  -66.44162  -73.03244 336.873151      99.97 1.4274e+03   5111.237     122671  1043.3150  1043.3144    34.7020    34.7013    7.93571         16 0.0000e+00
   3375.000   3315.107     0.4399  30.582480     0.4401  30.581963     4.6034     4.6829    -0.0077    97.5751 1.0000e-12  -66.44162  -73.03244 336.873158      99.98 1.4633e+03   5111.865     122686  1043.3107  1043.3099    34.7022    34.7012    7.93567         15 0.0000e+00
   3374.000   3314.129     0.4399  30.582147     0.4402  30.581795     4.6076     4.6798    -0.0077    97.5751 1.0000e-12  -66.44162  -73.03244 336.873165      99.98 1.5256e+03   5112.468     122700  1043.3063  1043.3055    34.7021    34.7013    7.93565         14 0.0000e+00
   3373.000   3313.155     0.4401  30.582070     0.4404  30.581535     4.5971     4.6810    -0.0068    97.5751 1.0000e-12  -66.44162  -73.03242 336.873173      99.97 1.5781e+03   5113.106     122716  1043.3019  1043.3011    34.7023    34.7013    7.93561         16 0.0000e+00
   3372.000   3312.179     0.4402  30.581772     0.4405  30.581331     4.5983     4.6784    -0.0004    97.5751 1.0000e-12  -66.44162  -73.03241 336.873180      99.98 1.6148e+03   5113.787     122732  1043.2974  1043.2967    34.7022    34.7014    7.93558         17 0.0000e+00
   3371.000   3311.205     0.4401  30.581323     0.4404  30.580922     4.6049     4.6801    -0.0098    97.5751 1.0000e-12  -66.44162  -73.03240 336.873190      99.97 1.6734e+03   5114.583     122751  1043.2930  1043.2923    34.7022    34.7014    7.93560         22 0.0000e+00
   3370.000   3310.231     0.4398  30.580711     0.4403  30.580362     4.6116     4.6778    -0.0107    97.5751 1.0000e-12  -66.44162  -73.03239 336.873202      99.98 1.7451e+03   5115.649     122777  1043.2887  1043.2878    34.7022    34.7013    7.93567         29 0.0000e+00
   3369.000   3309.256     0.4398  30.580200     0.4401  30.579777     4.6117     4.6776    -0.0103    97.5751 1.0000e-12  -66.44162  -73.03238 336.873222      99.98 1.7180e+03   5117.393     122818  1043.2842  1043.2835    34.7021    34.7013    7.93569         39 0.0000e+00
