NBP2113_155081_ctd/data/nbp2113_068.ros
* Sea-Bird SBE 9 Data File:
* FileName = D:\Data\raw\NBP2113_068.hex
* Software Version Seasave V 7.26.7.121
* Temperature SN = 2438
* Conductivity SN = 2067
* Number of Bytes Per Scan = 40
* Number of Voltage Words = 5
* Number of Scans Averaged by the Deck Unit = 1
* NMEA Latitude = 63 34.55 S
* NMEA Longitude = 060 41.64 W
* NMEA UTC (Time) = Dec 15 2021  00:43:21
* NMEA baud rate = 9600
** Ship: RVIB N.B. Palmer
** Cruise: NBP2113 LTER
** Station: 831.-002
** Operator: S. Blackman
# nquan = 20
# nvalues = 1125                                  
# units = specified
# name 0 = prDM: Pressure, Digiquartz [db]
# name 1 = depSM: Depth [salt water, m]
# name 2 = t090C: Temperature [ITS-90, deg C]
# name 3 = c0mS/cm: Conductivity [mS/cm]
# name 4 = t190C: Temperature, 2 [ITS-90, deg C]
# name 5 = c1mS/cm: Conductivity, 2 [mS/cm]
# name 6 = sbeox0ML/L: Oxygen, SBE 43 [ml/l]
# name 7 = sbeox1ML/L: Oxygen, SBE 43, 2 [ml/l]
# name 8 = flECO-AFL: Fluorescence, WET Labs ECO-AFL/FL [mg/m^3]
# name 9 = CStarTr0: Beam Transmission, WET Labs C-Star [%]
# name 10 = par: PAR/Irradiance, Biospherical/Licor
# name 11 = latitude: Latitude [deg]
# name 12 = longitude: Longitude [deg]
# name 13 = timeJ: Julian Days
# name 14 = altM: Altimeter [m]
# name 15 = spar: SPAR, Biospherical/Licor
# name 16 = timeS: Time, Elapsed [seconds]
# name 17 = scan: Scan Count
# name 18 = nbf: Bottles Fired
# name 19 = flag:  0.000e+00
# interval = seconds: 0.0416667
# start_time = Dec 15 2021 00:43:21 [NMEA time, header]
# bad_flag = -9.990e-29
*END*
[from data line 652]
     55.930     55.379    -0.2230  28.331140    -0.2117  28.335401     7.4506     7.5159     1.1644    84.8032 1.0000e-12  -63.57542  -60.69396 349.055526      99.98 2.1155e+01   2196.417      52715         14  0.000e+00
     55.977     55.427    -0.2245  28.330098    -0.2153  28.337550     7.4459     7.5165     1.1718    84.7775 1.0000e-12  -63.57542  -60.69396 349.055526      99.98 2.2917e+01   2196.458      52716         14  0.000e+00
     55.930     55.380    -0.2236  28.329114    -0.2149  28.335401     7.4522     7.5219     1.1718    84.8032 1.0000e-12  -63.57542  -60.69396 349.055527      99.98 2.1155e+01   2196.500      52717         14  0.000e+00
     55.923     55.373    -0.2197  28.329056    -0.2115  28.333309     7.4522     7.5169     1.1644    84.8032 1.0000e-12  -63.57542  -60.69396 349.055527      99.98 2.1155e+01   2196.542      52718         14  0.000e+00
     55.875     55.325    -0.2164  28.330445    -0.2088  28.335401     7.4464     7.5153     1.1644    84.7775 1.0000e-12  -63.57542  -60.69396 349.055528      99.98 2.1155e+01   2196.583      52719         14  0.000e+00
     55.923     55.373    -0.2148  28.333281    -0.2078  28.338624     7.4438     7.5194     1.1718    84.8032 1.0000e-12  -63.57542  -60.69396 349.055528      99.95 2.1155e+01   2196.625      52720         14  0.000e+00
     55.827     55.278    -0.2138  28.335017    -0.2090  28.339415     7.4484     7.5201     1.1644    84.8032 1.0000e-12  -63.57542  -60.69396 349.055529      99.95 2.1155e+01   2196.667      52721         14  0.000e+00
     55.875     55.325    -0.2144  28.336233    -0.2099  28.338850     7.4490     7.5156     1.1718    84.8032 1.0000e-12  -63.57542  -60.69396 349.055529      99.98 2.1155e+01   2196.708      52722         14  0.000e+00
     55.875     55.325    -0.2151  28.335944    -0.2114  28.337832     7.4424     7.5212     1.1644    84.8290 1.0000e-12  -63.57542  -60.69396 349.055530      99.98 2.1155e+01   2196.750      52723         14  0.000e+00
     55.827     55.278    -0.2148  28.335539    -0.2120  28.336984     7.4401     7.5220     1.1644    84.8290 1.0000e-12  -63.57542  -60.69396 349.055530      99.98 2.1155e+01   2196.792      52724         14  0.000e+00
     55.827     55.278    -0.2135  28.335191    -0.2109  28.336192     7.4460     7.5224     1.1278    84.8290 1.0000e-12  -63.57542  -60.69396 349.055530      99.93 2.1155e+01   2196.833      52725         14  0.000e+00
     55.779     55.231    -0.2135  28.335944    -0.2080  28.336475     7.4462     7.5224     1.0765    84.8032 1.0000e-12  -63.57542  -60.69396 349.055531      99.95 2.1155e+01   2196.875      52726         14  0.000e+00
     55.772     55.224    -0.2124  28.337159    -0.2034  28.337548     7.4405     7.5221     1.0619    84.8290 1.0000e-12  -63.57542  -60.69396 349.055531      99.98 2.1155e+01   2196.917      52727         14  0.000e+00
     55.779     55.231    -0.2065  28.336753    -0.2033  28.340715     7.4384     7.5223     1.0619    84.8290 1.0000e-12  -63.57542  -60.69396 349.055532      99.98 2.1155e+01   2196.958      52728         14  0.000e+00
     55.772     55.224    -0.2012  28.338779    -0.2043  28.342525     7.4363     7.5220     1.0692    84.8032 1.0000e-12  -63.57542  -60.69396 349.055532      99.98 2.1155e+01   2197.000      52729         14  0.000e+00
     55.779     55.231    -0.2007  28.343700    -0.2048  28.340998     7.4349     7.5217     1.0692    84.8290 1.0000e-12  -63.57542  -60.69396 349.055533      99.98 2.1155e+01   2197.042      52730         14  0.000e+00
     55.724     55.176    -0.2019  28.345842    -0.2058  28.339923     7.4382     7.5213     1.0692    84.8032 1.0000e-12  -63.57542  -60.69396 349.055533      99.98 2.1155e+01   2197.083      52731         14  0.000e+00
     55.724     55.176    -0.2036  28.346016    -0.2060  28.339923     7.4329     7.5216     1.0619    84.8290 1.0000e-12  -63.57542  -60.69396 349.055534      99.95 2.1155e+01   2197.125      52732         14  0.000e+00
     55.670     55.122    -0.2027  28.343700    -0.2057  28.339641     7.4374     7.5217     1.0692    84.8032 1.0000e-12  -63.57542  -60.69396 349.055534      99.95 2.1155e+01   2197.167      52733         14  0.000e+00
     55.724     55.176    -0.1996  28.343468    -0.2051  28.340206     7.4371     7.5218     1.0692    84.8032 1.0000e-12  -63.57542  -60.69396 349.055535      99.98 2.1155e+01   2197.208      52734         14  0.000e+00
     55.670     55.122    -0.1971  28.344915    -0.2034  28.340715     7.4308     7.5215     1.0692    84.8290 1.0000e-12  -63.57542  -60.69396 349.055535      99.98 2.1155e+01   2197.250      52735         14  0.000e+00
     55.622     55.075    -0.1952  28.346652    -0.2017  28.341789     7.4290     7.5212     1.0619    84.8290 1.0000e-12  -63.57542  -60.69396 349.055536      99.95 2.1155e+01   2197.292      52736         14  0.000e+00
     55.622     55.075    -0.1947  28.348157    -0.2005  28.343372     7.4347     7.5264     1.0619    84.8290 1.0000e-12  -63.57542  -60.69396 349.055536      99.93 2.1155e+01   2197.333      52737         14  0.000e+00
     55.622     55.075    -0.1949  28.349315    -0.1995  28.344446     7.4361     7.5216     1.0692    84.8290 1.0000e-12  -63.57542  -60.69396 349.055537      99.95 2.1155e+01   2197.375      52738         14  0.000e+00
     55.622     55.075    -0.1958  28.348505    -0.1983  28.345521     7.4306     7.5213     1.0619    84.8032 1.0000e-12  -63.57542  -60.69396 349.055537      99.98 2.1155e+01   2197.417      52739         14  0.000e+00
     55.622     55.075    -0.1957  28.347868    -0.1982  28.345521     7.4294     7.5212     1.0692    84.8290 1.0000e-12  -63.57542  -60.69396 349.055538      99.98 2.1155e+01   2197.458      52740         14  0.000e+00
     55.574     55.027    -0.1946  28.348273    -0.1987  28.346312     7.4350     7.5210     1.0692    84.8290 1.0000e-12  -63.57542  -60.69396 349.055538      99.98 2.1155e+01   2197.500      52741         14  0.000e+00
     55.574     55.027    -0.1945  28.349025    -0.1990  28.344955     7.4306     7.5211     1.0692    84.8032 1.0000e-12  -63.57542  -60.69396 349.055539      99.98 2.1155e+01   2197.542      52742         14  0.000e+00
     55.574     55.027    -0.1934  28.349488    -0.1991  28.344729     7.4349     7.5209     1.0692    84.7775 1.0000e-12  -63.57542  -60.69396 349.055539      99.98 2.1155e+01   2197.583      52743         14  0.000e+00
     55.519     54.973    -0.1934  28.349836    -0.1980  28.344955     7.4291     7.5204     1.0692    84.7775 1.0000e-12  -63.57542  -60.69396 349.055540      99.95 2.1155e+01   2197.625      52744         14  0.000e+00
     55.526     54.980    -0.1910  28.349604    -0.1991  28.345238     7.4332     7.5204     1.0692    84.7775 1.0000e-12  -63.57542  -60.69396 349.055540      99.95 2.1155e+01   2197.667      52745         14  0.000e+00
     55.519     54.973    -0.1904  28.349778    -0.2051  28.345973     7.4331     7.5211     1.0692    84.7775 1.0000e-12  -63.57542  -60.69396 349.055541      99.95 2.1155e+01   2197.708      52746         14  0.000e+00
     55.471     54.926    -0.1907  28.351167    -0.2088  28.343090     7.4272     7.5215     1.0692    84.8032 1.0000e-12  -63.57542  -60.69396 349.055541      99.98 2.1155e+01   2197.750      52747         14  0.000e+00
     55.519     54.973    -0.1918  28.351978    -0.2111  28.339414     7.4260     7.5219     1.0619    84.8032 1.0000e-12  -63.57542  -60.69396 349.055542      99.98 2.1155e+01   2197.792      52748         14  0.000e+00
     40.776     40.376    -0.0513  28.422018    -0.0517  28.420716     7.4767     7.5538     1.4648    82.7433 9.1662e-02  -63.57552  -60.69388 349.056111      99.98 1.7629e+01   2246.958      53928         15  0.000e+00
     40.830     40.430    -0.0516  28.422018    -0.0516  28.420206     7.4820     7.5536     1.4648    82.7690 9.1662e-02  -63.57552  -60.69388 349.056111      99.98 1.7629e+01   2247.000      53929         15  0.000e+00
     40.830     40.430    -0.0513  28.422018    -0.0516  28.420206     7.4769     7.5533     1.4648    82.7690 9.1662e-02  -63.57552  -60.69388 349.056112      99.98 1.7629e+01   2247.042      53930         15  0.000e+00
     40.789     40.390    -0.0515  28.421496    -0.0510  28.420319     7.4762     7.5537     1.4648    82.7690 9.1662e-02  -63.57552  -60.69388 349.056112      99.98 1.7629e+01   2247.083      53931         15  0.000e+00
     40.878     40.478    -0.0513  28.421786    -0.0509  28.420433     7.4769     7.5543     1.4648    82.7690 9.1662e-02  -63.57552  -60.69388 349.056113      99.95 1.7629e+01   2247.125      53932         15  0.000e+00
     40.831     40.430    -0.0513  28.421496    -0.0510  28.420716     7.4761     7.5539     1.4648    82.7690 9.1662e-02  -63.57552  -60.69388 349.056113      99.95 1.7629e+01   2247.167      53933         15  0.000e+00
     40.878     40.478    -0.0516  28.422018    -0.0511  28.420546     7.4753     7.5536     1.4648    82.7433 9.1662e-02  -63.57552  -60.69388 349.056114      99.98 1.7629e+01   2247.208      53934         15  0.000e+00
     40.879     40.478    -0.0518  28.421786    -0.0513  28.420999     7.4802     7.5540     1.4648    82.6145 9.1662e-02  -63.57552  -60.69388 349.056114      99.98 1.7629e+01   2247.250      53935         15  0.000e+00
     40.879     40.478    -0.0516  28.421728    -0.0513  28.420433     7.4819     7.5536     1.4648    82.4600 8.9526e-02  -63.57552  -60.69388 349.056114      99.95 1.7629e+01   2247.292      53936         15  0.000e+00
     40.892     40.492    -0.0511  28.421496    -0.0513  28.420716     7.4834     7.5541     1.4648    82.4343 8.9526e-02  -63.57552  -60.69388 349.056115      99.93 1.7629e+01   2247.333      53937         15  0.000e+00
     40.879     40.478    -0.0505  28.422018    -0.0516  28.420546     7.4778     7.5545     1.4648    82.4343 9.1662e-02  -63.57552  -60.69388 349.056115      99.95 1.7629e+01   2247.375      53938         15  0.000e+00
     40.879     40.478    -0.0502  28.422597    -0.0516  28.420716     7.4823     7.5549     1.4648    82.4600 8.9526e-02  -63.57552  -60.69388 349.056116      99.98 1.7629e+01   2247.417      53939         15  0.000e+00
     40.933     40.532    -0.0499  28.422829    -0.0517  28.420433     7.4837     7.5501     1.4648    82.4600 8.9526e-02  -63.57552  -60.69388 349.056116      99.98 1.7629e+01   2247.458      53940         15  0.000e+00
     40.933     40.532    -0.0499  28.423119    -0.0517  28.420546     7.4850     7.5551     1.4648    82.4600 8.9526e-02  -63.57552  -60.69388 349.056117      99.98 1.7629e+01   2247.500      53941         15  0.000e+00
     40.892     40.492    -0.0499  28.423119    -0.0524  28.420207     7.4849     7.5556     1.4648    82.4600 8.9526e-02  -63.57552  -60.69388 349.056117      99.98 1.7629e+01   2247.542      53942         15  0.000e+00
     40.879     40.478    -0.0508  28.423061    -0.0522  28.419923     7.4849     7.5560     1.4648    82.4600 8.9526e-02  -63.57552  -60.69388 349.056118      99.98 1.7629e+01   2247.583      53943         15  0.000e+00
     40.934     40.532    -0.0516  28.422830    -0.0515  28.419924     7.4875     7.5555     1.4648    82.4600 8.9526e-02  -63.57552  -60.69388 349.056118      99.95 1.7629e+01   2247.625      53944         15  0.000e+00
     40.934     40.532    -0.0516  28.422018    -0.0510  28.420037     7.4873     7.5559     1.4648    82.4600 8.9526e-02  -63.57552  -60.69388 349.056119      99.95 1.7629e+01   2247.667      53945         15  0.000e+00
     40.934     40.532    -0.0516  28.422308    -0.0509  28.420716     7.4883     7.5562     1.4648    82.4600 8.9526e-02  -63.57552  -60.69388 349.056119      99.98 1.7629e+01   2247.708      53946         15  0.000e+00
     40.934     40.532    -0.0518  28.421786    -0.0509  28.420716     7.4879     7.5566     1.4648    82.4600 8.9526e-02  -63.57552  -60.69388 349.056120      99.98 1.7629e+01   2247.750      53947         15  0.000e+00
     40.893     40.492    -0.0518  28.421786    -0.0511  28.420829     7.4944     7.5562     1.4648    82.4600 8.9526e-02  -63.57552  -60.69390 349.056120      99.98 1.7629e+01   2247.792      53948         15  0.000e+00
     40.982     40.580    -0.0519  28.421729    -0.0511  28.420716     7.4895     7.5558     1.4648    82.4600 8.9526e-02  -63.57552  -60.69390 349.056121      99.95 1.7629e+01   2247.833      53949         15  0.000e+00
     40.879     40.478    -0.0521  28.421786    -0.0510  28.420433     7.4886     7.5552     1.4648    82.4600 8.9526e-02  -63.57552  -60.69390 349.056121      99.95 1.7629e+01   2247.875      53950         15  0.000e+00
     40.934     40.533    -0.0518  28.421786    -0.0513  28.420716     7.4821     7.5547     1.4648    82.4600 8.7396e-02  -63.57552  -60.69390 349.056122      99.98 1.7629e+01   2247.917      53951         15  0.000e+00
     40.879     40.478    -0.0521  28.421786    -0.0516  28.420829     7.4869     7.5550     1.4648    82.4600 8.7396e-02  -63.57552  -60.69390 349.056122      99.98 1.7629e+01   2247.958      53952         15  0.000e+00
     40.947     40.546    -0.0518  28.421786    -0.0516  28.420433     7.4873     7.5553     1.4648    82.4600 8.7396e-02  -63.57552  -60.69390 349.056123      99.98 1.7629e+01   2248.000      53953         15  0.000e+00
     40.934     40.533    -0.0521  28.421497    -0.0516  28.420433     7.4863     7.5556     1.4648    82.4600 8.9526e-02  -63.57552  -60.69390 349.056123      99.98 1.7629e+01   2248.042      53954         15  0.000e+00
     40.879     40.478    -0.0527  28.421786    -0.0519  28.420037     7.4852     7.5559     1.4648    82.4085 8.9526e-02  -63.57552  -60.69390 349.056124      99.98 1.7629e+01   2248.083      53955         15  0.000e+00
     40.879     40.478    -0.0525  28.421207    -0.0522  28.419923     7.4853     7.5562     1.4648    82.3313 8.9526e-02  -63.57552  -60.69390 349.056124      99.95 1.7629e+01   2248.125      53956         15  0.000e+00
     40.879     40.479    -0.0519  28.421207    -0.0521  28.420433     7.4853     7.5556     1.4648    82.3055 8.9526e-02  -63.57552  -60.69390 349.056125      99.93 1.7629e+01   2248.167      53957         15  0.000e+00
     40.879     40.479    -0.0516  28.421496    -0.0522  28.420207     7.4852     7.5559     1.4575    82.3055 8.7396e-02  -63.57552  -60.69390 349.056125      99.95 1.7629e+01   2248.208      53958         15  0.000e+00
     40.845     40.445    -0.0519  28.422308    -0.0521  28.420320     7.4837     7.5560     1.4648    82.3055 8.9526e-02  -63.57552  -60.69390 349.056126      99.98 1.7629e+01   2248.250      53959         15  0.000e+00
     40.879     40.479    -0.0521  28.422308    -0.0517  28.420206     7.4893     7.5554     1.4575    82.3055 8.7396e-02  -63.57552  -60.69390 349.056126      99.98 1.7629e+01   2248.292      53960         15  0.000e+00
     40.879     40.479    -0.0522  28.421786    -0.0517  28.419923     7.4904     7.5556     1.4648    82.3055 8.9526e-02  -63.57552  -60.69390 349.056127      99.95 1.7629e+01   2248.333      53961         15  0.000e+00
     40.831     40.431    -0.0526  28.421496    -0.0519  28.420320     7.4857     7.5558     1.4062    82.3313 8.7396e-02  -63.57552  -60.69390 349.056127      99.95 1.7629e+01   2248.375      53962         15  0.000e+00
     40.831     40.431    -0.0526  28.420917    -0.0519  28.419923     7.4839     7.5560     1.3622    82.3055 8.9526e-02  -63.57552  -60.69390 349.056128      99.98 1.7629e+01   2248.417      53963         15  0.000e+00
     40.831     40.431    -0.0521  28.421207    -0.0522  28.420206     7.4890     7.5563     1.3549    82.3055 8.7396e-02  -63.57552  -60.69390 349.056128      99.98 1.7629e+01   2248.458      53964         15  0.000e+00
