NBP2113_155081_ctd/data/nbp2113_005.ros
* Sea-Bird SBE 9 Data File:
* FileName = D:\Data\raw\NBP2113_005.hex
* Software Version Seasave V 7.26.7.121
* Temperature SN = 2438
* Conductivity SN = 2067
* Number of Bytes Per Scan = 40
* Number of Voltage Words = 5
* Number of Scans Averaged by the Deck Unit = 1
* NMEA Latitude = 64 04.86 S
* NMEA Longitude = 063 46.34 W
* NMEA UTC (Time) = Nov 23 2021  13:58:01
* NMEA baud rate = 9600
** Ship: RVIB N.B. Palmer
** Cruise: NBP2113 LTER
** Station: 692.080
** Operator: B. Urmston
# nquan = 20
# nvalues = 1153                                  
# units = specified
# name 0 = prDM: Pressure, Digiquartz [db]
# name 1 = depSM: Depth [salt water, m]
# name 2 = t090C: Temperature [ITS-90, deg C]
# name 3 = c0mS/cm: Conductivity [mS/cm]
# name 4 = t190C: Temperature, 2 [ITS-90, deg C]
# name 5 = c1mS/cm: Conductivity, 2 [mS/cm]
# name 6 = sbeox0ML/L: Oxygen, SBE 43 [ml/l]
# name 7 = sbeox1ML/L: Oxygen, SBE 43, 2 [ml/l]
# name 8 = flECO-AFL: Fluorescence, WET Labs ECO-AFL/FL [mg/m^3]
# name 9 = CStarTr0: Beam Transmission, WET Labs C-Star [%]
# name 10 = par: PAR/Irradiance, Biospherical/Licor
# name 11 = latitude: Latitude [deg]
# name 12 = longitude: Longitude [deg]
# name 13 = timeJ: Julian Days
# name 14 = altM: Altimeter [m]
# name 15 = spar: SPAR, Biospherical/Licor
# name 16 = timeS: Time, Elapsed [seconds]
# name 17 = scan: Scan Count
# name 18 = nbf: Bottles Fired
# name 19 = flag:  0.000e+00
# interval = seconds: 0.0416667
# start_time = Nov 23 2021 13:58:01 [NMEA time, header]
# bad_flag = -9.990e-29
*END*
[from data line 507]
     65.832     65.181    -0.1281  28.401927    -0.1301  28.397529     6.6929     6.5437     0.2633    97.0343 6.0708e-01  -64.08184  -63.77154 327.608946      99.98 4.9008e+02   2331.917      55967         11  0.000e+00
     65.873     65.221    -0.1273  28.403492    -0.1310  28.396964     6.7021     6.5507     0.2633    97.0343 6.0708e-01  -64.08184  -63.77154 327.608946      99.98 4.9008e+02   2331.958      55968         11  0.000e+00
     65.777     65.126    -0.1253  28.405693    -0.1318  28.396228     6.7016     6.5526     0.2633    97.0343 6.0708e-01  -64.08184  -63.77154 327.608947      99.98 4.9008e+02   2332.000      55969         11  0.000e+00
     65.825     65.174    -0.1245  28.406620    -0.1320  28.395210     6.7140     6.5550     0.2633    97.0343 6.1067e-01  -64.08184  -63.77154 327.608947      99.98 4.9008e+02   2332.042      55970         11  0.000e+00
     65.832     65.181    -0.1240  28.406794    -0.1313  28.395492     6.7159     6.5613     0.2633    97.0343 6.1067e-01  -64.08184  -63.77154 327.608948      99.98 4.9008e+02   2332.083      55971         11  0.000e+00
     65.777     65.126    -0.1243  28.406620    -0.1318  28.395323     6.7250     6.5572     0.2633    97.0343 6.1067e-01  -64.08184  -63.77154 327.608948      99.98 4.9008e+02   2332.125      55972         11  0.000e+00
     65.777     65.126    -0.1245  28.406736    -0.1318  28.395605     6.7206     6.5628     0.2633    97.0343 6.1067e-01  -64.08184  -63.77154 327.608949      99.98 4.9008e+02   2332.167      55973         11  0.000e+00
     65.777     65.126    -0.1243  28.406446    -0.1308  28.396737     6.7360     6.5693     0.2633    97.0343 6.1067e-01  -64.08184  -63.77154 327.608949      99.98 4.9008e+02   2332.208      55974         11  0.000e+00
     65.777     65.126    -0.1243  28.405809    -0.1302  28.397416     6.7431     6.5710     0.2633    97.0343 6.1427e-01  -64.08184  -63.77154 327.608950      99.98 4.9008e+02   2332.250      55975         11  0.000e+00
     65.723     65.072    -0.1246  28.405925    -0.1291  28.397982     6.7449     6.5666     0.2633    97.0343 6.1427e-01  -64.08184  -63.77154 327.608950      99.98 4.9008e+02   2332.292      55976         11  0.000e+00
     65.723     65.072    -0.1246  28.405809    -0.1290  28.399170     6.7402     6.5720     0.2633    97.0343 6.1427e-01  -64.08184  -63.77154 327.608951      99.93 4.9008e+02   2332.333      55977         11  0.000e+00
     65.723     65.072    -0.1251  28.404708    -0.1287  28.400302     6.7406     6.5723     0.2633    97.0343 6.1427e-01  -64.08184  -63.77154 327.608951      99.95 4.9008e+02   2332.375      55978         11  0.000e+00
     65.730     65.079    -0.1257  28.403781    -0.1282  28.400585     6.7447     6.5722     0.2633    97.0343 6.1427e-01  -64.08184  -63.77154 327.608952      99.98 4.9008e+02   2332.417      55979         11  0.000e+00
     65.723     65.072    -0.1261  28.403723    -0.1277  28.400472     6.7492     6.5779     0.2633    97.0343 6.1427e-01  -64.08184  -63.77154 327.608952      99.98 4.9008e+02   2332.458      55980         11  0.000e+00
     65.675     65.025    -0.1269  28.403260    -0.1277  28.401151     6.7541     6.5732     0.2414    97.0343 6.1427e-01  -64.08184  -63.77154 327.608953      99.98 4.9008e+02   2332.500      55981         11  0.000e+00
     65.675     65.025    -0.1273  28.402680    -0.1273  28.401943     6.7565     6.5780     0.2121    97.0343 6.1427e-01  -64.08184  -63.77154 327.608953      99.98 4.9008e+02   2332.542      55982         11  0.000e+00
     65.675     65.025    -0.1269  28.402332    -0.1264  28.402735     6.7650     6.5777     0.2121    97.0343 6.1427e-01  -64.08184  -63.77154 327.608954      99.98 4.9008e+02   2332.583      55983         11  0.000e+00
     65.675     65.025    -0.1267  28.402101    -0.1261  28.403075     6.7568     6.5825     0.2121    97.0343 6.1427e-01  -64.08184  -63.77154 327.608954      99.98 4.9008e+02   2332.625      55984         11  0.000e+00
     65.620     64.971    -0.1270  28.401927    -0.1262  28.403188     6.7568     6.5831     0.2121    97.0343 6.1427e-01  -64.08184  -63.77154 327.608954      99.95 4.9008e+02   2332.667      55985         11  0.000e+00
     65.620     64.971    -0.1273  28.401985    -0.1262  28.403018     6.7574     6.5833     0.2121    97.0343 6.1427e-01  -64.08184  -63.77154 327.608955      99.98 4.9008e+02   2332.708      55986         11  0.000e+00
     65.627     64.978    -0.1278  28.401811    -0.1264  28.403131     6.7632     6.5831     0.2121    97.0343 6.1427e-01  -64.08184  -63.77154 327.608955     100.00 4.9008e+02   2332.750      55987         11  0.000e+00
     65.620     64.971    -0.1282  28.401521    -0.1265  28.402395     6.7652     6.5825     0.2121    97.0343 6.1427e-01  -64.08184  -63.77154 327.608956      99.98 4.9008e+02   2332.792      55988         11  0.000e+00
     65.572     64.923    -0.1283  28.401463    -0.1270  28.401490     6.7607     6.5868     0.2121    97.0343 6.1789e-01  -64.08184  -63.77154 327.608956      99.95 4.9008e+02   2332.833      55989         11  0.000e+00
     65.572     64.923    -0.1281  28.401347    -0.1269  28.401490     6.7600     6.5860     0.2121    97.0086 6.1789e-01  -64.08184  -63.77154 327.608957      99.98 4.9008e+02   2332.875      55990         11  0.000e+00
     65.627     64.978    -0.1286  28.401232    -0.1271  28.401207     6.7704     6.5857     0.2121    97.0343 6.1789e-01  -64.08184  -63.77154 327.608957      99.98 4.9008e+02   2332.917      55991         11  0.000e+00
     65.524     64.876    -0.1287  28.400826    -0.1281  28.399905     6.7696     6.5849     0.2121    97.0086 6.1789e-01  -64.08184  -63.77154 327.608958      99.98 4.9008e+02   2332.958      55992         11  0.000e+00
     65.572     64.923    -0.1286  28.400884    -0.1288  28.398264     6.7739     6.5892     0.2121    97.0343 6.1789e-01  -64.08184  -63.77154 327.608958      99.98 4.9008e+02   2333.000      55993         11  0.000e+00
     65.524     64.876    -0.1287  28.400768    -0.1290  28.398264     6.7773     6.5891     0.2121    97.0086 6.1789e-01  -64.08184  -63.77154 327.608959      99.98 4.9008e+02   2333.042      55994         11  0.000e+00
     65.476     64.829    -0.1287  28.401173    -0.1290  28.398604     6.7895     6.5939     0.2121    97.0343 6.1789e-01  -64.08184  -63.77154 327.608959      99.98 4.9008e+02   2333.083      55995         11  0.000e+00
     65.572     64.924    -0.1282  28.401405    -0.1287  28.398491     6.7920     6.5883     0.2121    97.0343 6.1789e-01  -64.08184  -63.77154 327.608960      99.98 4.9008e+02   2333.125      55996         11  0.000e+00
     65.524     64.876    -0.1281  28.401637    -0.1287  28.397585     6.7877     6.5868     0.2121    97.0086 6.2151e-01  -64.08184  -63.77154 327.608960      99.98 4.9008e+02   2333.167      55997         11  0.000e+00
     65.524     64.876    -0.1281  28.401115    -0.1288  28.398321     6.7813     6.5911     0.2121    97.0086 6.2151e-01  -64.08184  -63.77154 327.608961      99.98 4.9008e+02   2333.208      55998         11  0.000e+00
     65.422     64.775    -0.1317  28.397408    -0.1293  28.399339     6.7822     6.5865     0.2340    97.0343 6.2151e-01  -64.08184  -63.77154 327.608967      99.98 4.9008e+02   2333.750      56011         12  0.000e+00
     65.374     64.727    -0.1312  28.397813    -0.1302  28.399169     6.7781     6.5855     0.2340    97.0086 6.2151e-01  -64.08184  -63.77154 327.608967      99.98 4.9008e+02   2333.792      56012         12  0.000e+00
     65.367     64.720    -0.1305  28.397987    -0.1300  28.399226     6.7677     6.5839     0.2340    97.0086 6.2151e-01  -64.08184  -63.77154 327.608968      99.95 4.9008e+02   2333.833      56013         12  0.000e+00
     65.367     64.720    -0.1306  28.397871    -0.1290  28.398207     6.7611     6.5819     0.2340    97.0086 6.2151e-01  -64.08184  -63.77154 327.608968      99.95 4.9008e+02   2333.875      56014         12  0.000e+00
     65.367     64.721    -0.1309  28.397929    -0.1307  28.396283     6.7682     6.5863     0.2340    97.0086 6.2151e-01  -64.08184  -63.77154 327.608969      99.98 4.9008e+02   2333.917      56015         12  0.000e+00
     65.374     64.727    -0.1310  28.397987    -0.1318  28.394925     6.7715     6.5856     0.2340    97.0343 6.2151e-01  -64.08184  -63.77154 327.608969      99.98 4.9008e+02   2333.958      56016         12  0.000e+00
     65.319     64.673    -0.1312  28.397987    -0.1322  28.393850     6.7825     6.5852     0.2340    97.0343 6.2151e-01  -64.08184  -63.77154 327.608970      99.98 4.9008e+02   2334.000      56017         12  0.000e+00
     65.367     64.721    -0.1307  28.398276    -0.1325  28.393794     6.7825     6.5845     0.2340    97.0086 6.2151e-01  -64.08184  -63.77154 327.608970      99.98 4.9008e+02   2334.042      56018         12  0.000e+00
     65.319     64.673    -0.1304  28.397523    -0.1328  28.393511     6.7772     6.5834     0.2267    97.0343 6.2151e-01  -64.08184  -63.77154 327.608971      99.98 4.9008e+02   2334.083      56019         12  0.000e+00
     65.374     64.727    -0.1313  28.397234    -0.1328  28.393737     6.7803     6.5828     0.2340    97.0086 6.2151e-01  -64.08184  -63.77154 327.608971      99.98 4.9008e+02   2334.125      56020         12  0.000e+00
     65.319     64.673    -0.1310  28.397233    -0.1325  28.393850     6.7735     6.5809     0.2340    97.0086 6.2151e-01  -64.08184  -63.77154 327.608972      99.95 4.9008e+02   2334.167      56021         12  0.000e+00
     65.319     64.673    -0.1309  28.397233    -0.1330  28.393284     6.7575     6.5796     0.2340    97.0086 6.2151e-01  -64.08184  -63.77154 327.608972      99.98 4.9008e+02   2334.208      56022         12  0.000e+00
     65.319     64.673    -0.1312  28.396886    -0.1334  28.393115     6.7483     6.5790     0.2340    97.0086 6.2151e-01  -64.08184  -63.77154 327.608973      99.98 4.9008e+02   2334.250      56023         12  0.000e+00
     65.367     64.721    -0.1320  28.396249    -0.1335  28.393454     6.7560     6.5834     0.2340    97.0343 6.2151e-01  -64.08184  -63.77154 327.608973      99.98 4.9008e+02   2334.292      56024         12  0.000e+00
     65.367     64.721    -0.1329  28.396307    -0.1333  28.393624     6.7601     6.5820     0.2340    97.0343 6.2151e-01  -64.08184  -63.77154 327.608974      99.95 4.9008e+02   2334.333      56025         12  0.000e+00
     65.320     64.673    -0.1325  28.396770    -0.1325  28.394586     6.7633     6.5809     0.2340    97.0343 6.2151e-01  -64.08184  -63.77154 327.608974      99.98 4.9008e+02   2334.375      56026         12  0.000e+00
     65.320     64.673    -0.1318  28.396770    -0.1322  28.395321     6.7671     6.5851     0.2340    97.0343 6.2151e-01  -64.08184  -63.77154 327.608975      99.98 4.9008e+02   2334.417      56027         12  0.000e+00
     65.368     64.721    -0.1315  28.397465    -0.1315  28.396283     6.7731     6.5843     0.2340    97.0343 6.2151e-01  -64.08184  -63.77154 327.608975      99.98 4.9008e+02   2334.458      56028         12  0.000e+00
     65.320     64.673    -0.1307  28.398102    -0.1311  28.396566     6.7636     6.5840     0.2340    97.0343 6.2151e-01  -64.08184  -63.77154 327.608976      99.98 4.9008e+02   2334.500      56029         12  0.000e+00
     65.368     64.721    -0.1306  28.398450    -0.1306  28.396736     6.7582     6.5827     0.2340    97.0343 6.2151e-01  -64.08184  -63.77154 327.608976      99.98 4.9008e+02   2334.542      56030         12  0.000e+00
     65.320     64.673    -0.1305  28.398334    -0.1301  28.396962     6.7510     6.5817     0.2340    97.0343 6.2151e-01  -64.08184  -63.77154 327.608977      99.98 4.9008e+02   2334.583      56031         12  0.000e+00
     65.320     64.673    -0.1306  28.398160    -0.1300  28.397075     6.7551     6.5806     0.2340    97.0343 6.2151e-01  -64.08184  -63.77154 327.608977      99.98 4.9008e+02   2334.625      56032         12  0.000e+00
     65.368     64.721    -0.1304  28.398450    -0.1299  28.397245     6.7515     6.5800     0.2340    97.0343 6.2151e-01  -64.08184  -63.77154 327.608978      99.98 4.9008e+02   2334.667      56033         12  0.000e+00
     65.320     64.673    -0.1306  28.398334    -0.1299  28.397358     6.7475     6.5791     0.2633    97.0343 6.1789e-01  -64.08184  -63.77154 327.608978      99.98 4.9008e+02   2334.708      56034         12  0.000e+00
     65.375     64.728    -0.1302  28.398450    -0.1301  28.397528     6.7372     6.5780     0.2780    97.0086 6.1789e-01  -64.08184  -63.77154 327.608979      99.98 4.9008e+02   2334.750      56035         12  0.000e+00
     65.368     64.721    -0.1301  28.398624    -0.1299  28.397415     6.7323     6.5820     0.2780    97.0343 6.2151e-01  -64.08184  -63.77154 327.608979      99.98 4.9008e+02   2334.792      56036         12  0.000e+00
     65.320     64.673    -0.1301  28.398566    -0.1296  28.397924     6.7269     6.5810     0.2780    97.0343 6.2151e-01  -64.08184  -63.77154 327.608980      99.95 4.9008e+02   2334.833      56037         12  0.000e+00
     65.368     64.721    -0.1305  28.398566    -0.1296  28.398320     6.7200     6.5807     0.2780    97.0343 6.1789e-01  -64.08184  -63.77154 327.608980      99.95 4.9008e+02   2334.875      56038         12  0.000e+00
     65.375     64.728    -0.1301  28.398334    -0.1293  28.398151     6.7124     6.5801     0.2780    97.0343 6.1789e-01  -64.08184  -63.77154 327.608981      99.98 4.9008e+02   2334.917      56039         12  0.000e+00
     65.423     64.775    -0.1305  28.397871    -0.1296  28.397924     6.7132     6.5793     0.2780    97.0343 6.1789e-01  -64.08184  -63.77154 327.608981     100.00 4.9008e+02   2334.958      56040         12  0.000e+00
     65.368     64.721    -0.1304  28.397581    -0.1296  28.397698     6.7089     6.5781     0.2780    97.0343 6.1789e-01  -64.08184  -63.77154 327.608981      99.98 4.9008e+02   2335.000      56041         12  0.000e+00
     65.368     64.721    -0.1309  28.397060    -0.1299  28.397641     6.7057     6.5776     0.2780    97.0086 6.1789e-01  -64.08184  -63.77154 327.608982      99.98 4.9008e+02   2335.042      56042         12  0.000e+00
     65.375     64.728    -0.1309  28.396075    -0.1296  28.397641     6.7036     6.5768     0.2780    97.0086 6.1789e-01  -64.08184  -63.77154 327.608982      99.98 4.9008e+02   2335.083      56043         12  0.000e+00
     65.423     64.775    -0.1312  28.395843    -0.1297  28.397132     6.7097     6.5767     0.2780    96.9828 6.1789e-01  -64.08184  -63.77154 327.608983      99.98 4.9008e+02   2335.125      56044         12  0.000e+00
     65.423     64.775    -0.1315  28.395901    -0.1301  28.397019     6.7169     6.5755     0.2780    96.9828 6.1789e-01  -64.08184  -63.77154 327.608983      99.95 4.9008e+02   2335.167      56045         12  0.000e+00
     65.423     64.775    -0.1318  28.395264    -0.1300  28.396680     6.7295     6.5794     0.2780    96.9828 6.1427e-01  -64.08184  -63.77154 327.608984      99.98 4.9008e+02   2335.208      56046         12  0.000e+00
     65.423     64.775    -0.1326  28.394047    -0.1304  28.396170     6.7374     6.5794     0.2780    96.9828 6.1427e-01  -64.08184  -63.77154 327.608984      99.98 4.9008e+02   2335.250      56047         12  0.000e+00
     65.423     64.775    -0.1336  28.392483    -0.1306  28.395604     6.7460     6.5846     0.2780    96.9828 6.1427e-01  -64.08184  -63.77154 327.608985     100.00 4.9008e+02   2335.292      56048         12  0.000e+00
     65.423     64.775    -0.1343  28.391267    -0.1308  28.395435     6.7381     6.5794     0.2780    96.9828 6.1789e-01  -64.08184  -63.77154 327.608985      99.95 4.9008e+02   2335.333      56049         12  0.000e+00
     65.471     64.823    -0.1348  28.391093    -0.1310  28.395661     6.7327     6.5786     0.2780    96.9828 6.1427e-01  -64.08184  -63.77154 327.608986      99.95 4.9008e+02   2335.375      56050         12  0.000e+00
