NBP2113_155081_ctd/data/nbp2113_013.cnv
* Sea-Bird SBE 9 Data File:
* FileName = D:\Data\raw\NBP2113_013.hex
* Software Version Seasave V 7.26.7.121
* Temperature SN = 2438
* Conductivity SN = 2067
* Number of Bytes Per Scan = 40
* Number of Voltage Words = 5
* Number of Scans Averaged by the Deck Unit = 1
* NMEA Latitude = 65 13.99 S
* NMEA Longitude = 066 46.43 W
* NMEA UTC (Time) = Nov 27 2021  04:09:52
* NMEA baud rate = 9600
** Ship: RVIB N.B. Palmer
** Cruise: NBP2113 LTER
** Station: 500.100
** Operator: B. Urmston
# nquan = 25
# nvalues = 862                         
# units = specified
# name 0 = prDM: Pressure, Digiquartz [db]
# name 1 = depSM: Depth [salt water, m]
# name 2 = t090C: Temperature [ITS-90, deg C]
# name 3 = c0mS/cm: Conductivity [mS/cm]
# name 4 = t190C: Temperature, 2 [ITS-90, deg C]
# name 5 = c1mS/cm: Conductivity, 2 [mS/cm]
# name 6 = sbeox0ML/L: Oxygen, SBE 43 [ml/l]
# name 7 = sbeox1ML/L: Oxygen, SBE 43, 2 [ml/l]
# name 8 = flECO-AFL: Fluorescence, WET Labs ECO-AFL/FL [mg/m^3]
# name 9 = CStarTr0: Beam Transmission, WET Labs C-Star [%]
# name 10 = par: PAR/Irradiance, Biospherical/Licor
# name 11 = latitude: Latitude [deg]
# name 12 = longitude: Longitude [deg]
# name 13 = timeJ: Julian Days
# name 14 = altM: Altimeter [m]
# name 15 = spar: SPAR, Biospherical/Licor
# name 16 = timeS: Time, Elapsed [seconds]
# name 17 = scan: Scan Count
# name 18 = density00: Density [density, kg/m^3]
# name 19 = density11: Density, 2 [density, kg/m^3]
# name 20 = sal00: Salinity, Practical [PSU]
# name 21 = sal11: Salinity, Practical, 2 [PSU]
# name 22 = oxsolML/L: Oxygen Saturation, Garcia & Gordon [ml/l]
# name 23 = nbin: number of scans per bin
# name 24 = flag: flag
# span 0 =      1.000,    433.000       
# span 1 =      0.988,    428.300       
# span 2 =    -0.6342,     1.5349       
# span 3 =  27.803952,  30.327393       
# span 4 =    -0.6332,     1.5349       
# span 5 =  27.803014,  30.326560       
# span 6 =     4.1299,     9.9920       
# span 7 =     4.1116,     9.9636       
# span 8 =    -0.0221,     2.3439       
# span 9 =    87.5796,    97.7794       
# span 10 = 1.0000e-12, 2.0690e+00      
# span 11 =  -65.23322,  -65.23308      
# span 12 =  -66.77598,  -66.77434      
# span 13 = 331.176039, 331.198233      
# span 14 =       6.10,     101.52      
# span 15 = 0.0000e+00, 0.0000e+00      
# span 16 =    217.782,   2135.328      
# span 17 =       5228,      51249      
# span 18 =  1027.2988,  1029.8104      
# span 19 =  1027.2955,  1029.8094      
# span 20 =    33.9668,    34.7091      
# span 21 =    33.9626,    34.7079      
# span 22 =    7.71619,    8.19759      
# span 23 =         11,         47      
# span 24 = 0.0000e+00, 0.0000e+00      
# interval = decibars: 1                
# start_time = Nov 27 2021 04:09:52 [NMEA time, header]
# bad_flag = -9.990e-29
*END*
[from data line 580]
    282.000    279.040     1.5102  30.231660     1.5104  30.230817     4.1521     4.1183    -0.0150    97.7047 1.0000e-12  -65.23312  -66.77550 331.189934      99.98 0.0000e+00   1418.288      34040  1029.0873  1029.0863    34.6881    34.6868    7.72185         31 0.0000e+00
    281.000    278.051     1.5133  30.234731     1.5130  30.233365     4.1520     4.1247    -0.0050    97.7215 1.0000e-12  -65.23312  -66.77549 331.189967      99.98 0.0000e+00   1421.119      34108  1029.0831  1029.0820    34.6892    34.6877    7.72118         34 0.0000e+00
    280.000    277.064     1.5123  30.233129     1.5123  30.232112     4.1557     4.1250    -0.0115    97.7029 1.0000e-12  -65.23312  -66.77548 331.189989      99.98 0.0000e+00   1423.011      34153  1029.0782  1029.0771    34.6888    34.6875    7.72139         25 0.0000e+00
    279.000    276.072     1.5096  30.229548     1.5090  30.227887     4.1523     4.1280    -0.0115    97.7065 1.0000e-12  -65.23312  -66.77548 331.189998      99.98 0.0000e+00   1423.839      34173  1029.0730  1029.0718    34.6878    34.6863    7.72198         19 0.0000e+00
    278.000    275.086     1.5054  30.224306     1.5058  30.223632     4.1553     4.1292    -0.0074    97.7157 1.0000e-12  -65.23312  -66.77548 331.190007      99.98 0.0000e+00   1424.566      34191  1029.0675  1029.0665    34.6863    34.6851    7.72288         17 0.0000e+00
    277.000    274.096     1.5018  30.219844     1.5012  30.218002     4.1674     4.1316    -0.0136    97.7041 1.0000e-12  -65.23312  -66.77548 331.190015      99.97 0.0000e+00   1425.274      34208  1029.0623  1029.0611    34.6852    34.6836    7.72364         17 0.0000e+00
    276.000    273.107     1.4973  30.214490     1.4972  30.213368     4.1647     4.1299    -0.0122    97.7038 1.0000e-12  -65.23312  -66.77548 331.190023      99.98 0.0000e+00   1426.009      34225  1029.0571  1029.0560    34.6840    34.6826    7.72459         18 0.0000e+00
    275.000    272.118     1.4942  30.210595     1.4944  30.209824     4.1618     4.1272    -0.0071    97.7038 1.0000e-12  -65.23312  -66.77548 331.190033      99.98 0.0000e+00   1426.837      34245  1029.0519  1029.0509    34.6831    34.6819    7.72526         22 0.0000e+00
    274.000    271.129     1.4964  30.212743     1.4948  30.209956     4.1624     4.1320    -0.0068    97.7038 1.0000e-12  -65.23312  -66.77548 331.190046      99.98 0.0000e+00   1427.943      34272  1029.0476  1029.0463    34.6839    34.6821    7.72477         33 0.0000e+00
    273.000    270.141     1.4974  30.213415     1.4980  30.212834     4.1621     4.1327    -0.0089    97.7015 1.0000e-12  -65.23314  -66.77546 331.190067      99.98 0.0000e+00   1429.809      34316  1029.0430  1029.0419    34.6842    34.6829    7.72455         42 0.0000e+00
    272.000    269.151     1.4993  30.215051     1.4971  30.211481     4.1679     4.1325    -0.0151    97.6991 1.0000e-12  -65.23314  -66.77546 331.190089      99.98 0.0000e+00   1431.725      34362  1029.0385  1029.0370    34.6848    34.6827    7.72415         33 0.0000e+00
    271.000    268.163     1.4950  30.209522     1.4939  30.207251     4.1809     4.1380    -0.0089    97.6786 1.0000e-12  -65.23314  -66.77547 331.190104      99.98 0.0000e+00   1432.986      34393  1029.0329  1029.0317    34.6831    34.6814    7.72509         27 0.0000e+00
    270.000    267.175     1.4868  30.200226     1.4860  30.198306     4.1937     4.1510    -0.0077    97.6908 1.0000e-12  -65.23314  -66.77548 331.190116      99.98 0.0000e+00   1434.011      34417  1029.0273  1029.0261    34.6809    34.6793    7.72682         24 0.0000e+00
    269.000    266.186     1.4744  30.186360     1.4726  30.183483     4.1994     4.1560    -0.0077    97.6947 1.0000e-12  -65.23314  -66.77548 331.190127      99.98 0.0000e+00   1434.971      34440  1029.0211  1029.0200    34.6775    34.6758    7.72942         23 0.0000e+00
    268.000    265.196     1.4671  30.178177     1.4666  30.176772     4.1992     4.1547    -0.0077    97.6756 1.0000e-12  -65.23314  -66.77548 331.190139      99.98 0.0000e+00   1435.996      34465  1029.0157  1029.0147    34.6758    34.6745    7.73096         26 0.0000e+00
    267.000    264.207     1.4642  30.174998     1.4632  30.172824     4.1911     4.1595    -0.0113    97.6642 1.0000e-12  -65.23314  -66.77548 331.190153      99.98 0.0000e+00   1437.235      34495  1029.0109  1029.0097    34.6755    34.6739    7.73153         33 0.0000e+00
    266.000    263.218     1.4616  30.171651     1.4687  30.177940     4.1958     4.1619    -0.0015    97.6099 1.0000e-12  -65.23314  -66.77546 331.190169      99.98 0.0000e+00   1438.640      34528  1029.0058  1029.0051    34.6747    34.6748    7.73209         32 0.0000e+00
    265.000    262.232     1.4595  30.168967     1.4596  30.168008     4.2020     4.1604    -0.0072    97.6520 1.0000e-12  -65.23314  -66.77546 331.190183      99.98 0.0000e+00   1439.812      34556  1029.0008  1028.9997    34.6742    34.6729    7.73253         25 0.0000e+00
    264.000    261.240     1.4564  30.165116     1.4592  30.167075     4.2168     4.1682    -0.0145    97.6739 1.0000e-12  -65.23314  -66.77545 331.190194      99.97 0.0000e+00   1440.806      34580  1028.9956  1028.9949    34.6732    34.6727    7.73318         23 0.0000e+00
    263.000    260.252     1.4508  30.158837     1.4519  30.158835     4.2076     4.1722    -0.0150    97.6709 1.0000e-12  -65.23314  -66.77544 331.190206      99.98 0.0000e+00   1441.785      34604  1028.9904  1028.9894    34.6720    34.6708    7.73435         25 0.0000e+00
    262.000    259.263     1.4466  30.154150     1.4487  30.155300     4.2034     4.1738    -0.0090    97.6662 1.0000e-12  -65.23314  -66.77544 331.190219      99.98 0.0000e+00   1442.943      34632  1028.9855  1028.9845    34.6713    34.6704    7.73522         32 0.0000e+00
    261.000    258.273     1.4524  30.160292     1.4505  30.156804     4.2108     4.1791     0.0098    97.6522 1.0000e-12  -65.23314  -66.77544 331.190235      99.98 0.0000e+00   1444.344      34665  1028.9816  1028.9800    34.6733    34.6709    7.73397         33 0.0000e+00
    260.000    257.286     1.4449  30.150932     1.4435  30.148575     4.2253     4.1810    -0.0018    97.6458 1.0000e-12  -65.23314  -66.77544 331.190250      99.98 0.0000e+00   1445.627      34696  1028.9752  1028.9742    34.6702    34.6687    7.73560         28 0.0000e+00
    259.000    256.295     1.4356  30.140689     1.4357  30.139655     4.2122     4.1850    -0.0076    97.6470 1.0000e-12  -65.23314  -66.77544 331.190264      99.98 0.0000e+00   1446.772      34724  1028.9696  1028.9685    34.6680    34.6666    7.73755         29 0.0000e+00
    258.000    255.308     1.4370  30.142464     1.4351  30.139292     4.2178     4.1824    -0.0077    97.6459 1.0000e-12  -65.23314  -66.77544 331.190280      99.98 0.0000e+00   1448.184      34757  1028.9657  1028.9644    34.6693    34.6673    7.73720         36 0.0000e+00
    257.000    254.318     1.4384  30.143226     1.4387  30.142100     4.2637     4.2114    -0.0037    97.6265 1.0000e-12  -65.23314  -66.77544 331.190302      99.98 0.0000e+00   1450.117      34804  1028.9607  1028.9593    34.6693    34.6675    7.73693         29 0.0000e+00
    256.000    253.330     1.4063  30.108176     1.4097  30.109936     4.2870     4.2327    -0.0075    97.6182 1.0000e-12  -65.23314  -66.77544 331.190316      99.98 0.0000e+00   1451.345      34833  1028.9525  1028.9509    34.6607    34.6592    7.74370         22 0.0000e+00
    255.000    252.340     1.3967  30.097864     1.3939  30.094106     4.2971     4.2371    -0.0151    97.6251 1.0000e-12  -65.23314  -66.77544 331.190325      99.98 0.0000e+00   1452.117      34852  1028.9470  1028.9460    34.6587    34.6570    7.74569         16 0.0000e+00
    254.000    251.352     1.3834  30.083611     1.3821  30.081364     4.2917     4.2376    -0.0150    97.6105 1.0000e-12  -65.23314  -66.77544 331.190333      99.97 0.0000e+00   1452.770      34867  1028.9413  1028.9402    34.6558    34.6543    7.74847         16 0.0000e+00
    253.000    250.362     1.3699  30.068547     1.3732  30.071299     4.2898     4.2350    -0.0145    97.5977 1.0000e-12  -65.23314  -66.77544 331.190341      99.97 0.0000e+00   1453.429      34883  1028.9349  1028.9344    34.6521    34.6519    7.75133         16 0.0000e+00
    252.000    249.373     1.3655  30.063553     1.3762  30.074121     4.2879     4.2374    -0.0150    97.5842 1.0000e-12  -65.23314  -66.77542 331.190350      99.98 0.0000e+00   1454.222      34902  1028.9297  1028.9299    34.6511    34.6528    7.75224         23 0.0000e+00
    251.000    248.383     1.3740  30.072074     1.3759  30.073292     4.2852     4.2395    -0.0121    97.5751 1.0000e-12  -65.23314  -66.77541 331.190366      99.98 0.0000e+00   1455.614      34936  1028.9254  1028.9249    34.6532    34.6527    7.75046         35 0.0000e+00
    250.000    247.396     1.3793  30.077967     1.3797  30.077111     4.2675     4.2331    -0.0077    97.5751 1.0000e-12  -65.23315  -66.77539 331.190392      99.98 0.0000e+00   1457.851      34989  1028.9217  1028.9205    34.6555    34.6540    7.74930         45 0.0000e+00
    249.000    246.407     1.3797  30.077457     1.3814  30.078669     4.3001     4.2546    -0.0133    97.5751 1.0000e-12  -65.23314  -66.77540 331.190411      99.98 0.0000e+00   1459.540      35030  1028.9165  1028.9161    34.6550    34.6547    7.74925         34 0.0000e+00
    248.000    245.417     1.3634  30.059769     1.3626  30.057925     4.3287     4.2712    -0.0085    97.5594 1.0000e-12  -65.23314  -66.77541 331.190425      99.97 0.0000e+00   1460.764      35059  1028.9102  1028.9091    34.6510    34.6496    7.75268         25 0.0000e+00
    247.000    244.428     1.3444  30.038533     1.3460  30.039220     4.3301     4.2802    -0.0151    97.5730 1.0000e-12  -65.23314  -66.77542 331.190437      99.98 0.0000e+00   1461.751      35083  1028.9029  1028.9020    34.6455    34.6446    7.75671         22 0.0000e+00
    246.000    243.440     1.3316  30.025329     1.3318  30.024626     4.3400     4.2868    -0.0008    97.5538 1.0000e-12  -65.23314  -66.77542 331.190447      99.98 0.0000e+00   1462.643      35104  1028.8977  1028.8967    34.6434    34.6422    7.75936         21 0.0000e+00
    245.000    242.451     1.3279  30.020983     1.3278  30.019758     4.3426     4.2856    -0.0049    97.5493 1.0000e-12  -65.23314  -66.77542 331.190457      99.97 0.0000e+00   1463.499      35125  1028.8924  1028.8914    34.6425    34.6410    7.76014         21 0.0000e+00
    244.000    241.461     1.3237  30.016084     1.3243  30.015814     4.3334     4.2828    -0.0044    97.5493 1.0000e-12  -65.23314  -66.77542 331.190467      99.98 0.0000e+00   1464.371      35146  1028.8872  1028.8864    34.6415    34.6405    7.76102         22 0.0000e+00
    243.000    240.473     1.3219  30.014026     1.3216  30.012632     4.3264     4.2857    -0.0058    97.5493 1.0000e-12  -65.23314  -66.77540 331.190479      99.98 0.0000e+00   1465.394      35170  1028.8824  1028.8814    34.6413    34.6399    7.76137         28 0.0000e+00
    242.000    239.484     1.3283  30.020474     1.3289  30.019680     4.3210     4.2851    -0.0090    97.5493 1.0000e-12  -65.23315  -66.77537 331.190502      99.98 0.0000e+00   1467.412      35219  1028.8782  1028.8768    34.6431    34.6414    7.76001         35 0.0000e+00
    241.000    238.496     1.3275  30.018943     1.3288  30.019134     4.3267     4.2933    -0.0001    97.5493 1.0000e-12  -65.23314  -66.77536 331.190531      99.98 0.0000e+00   1469.843      35277  1028.8730  1028.8719    34.6426    34.6414    7.76020         26 0.0000e+00
    240.000    237.506     1.3220  30.012799     1.3219  30.011643     4.3395     4.3020    -0.0004    97.5493 1.0000e-12  -65.23314  -66.77536 331.190540      99.98 0.0000e+00   1470.670      35297  1028.8678  1028.8668    34.6414    34.6401    7.76135         16 0.0000e+00
    239.000    236.515     1.3171  30.007183     1.3178  30.006817     4.3559     4.3055    -0.0147    97.5493 1.0000e-12  -65.23314  -66.77536 331.190547      99.98 0.0000e+00   1471.298      35312  1028.8626  1028.8616    34.6402    34.6391    7.76238         14 0.0000e+00
    238.000    235.529     1.3134  30.002859     1.3130  30.001512     4.3561     4.3036    -0.0150    97.5457 1.0000e-12  -65.23314  -66.77536 331.190554      99.98 0.0000e+00   1471.886      35326  1028.8575  1028.8566    34.6394    34.6381    7.76316         14 0.0000e+00
    237.000    234.538     1.3038  29.992123     1.3046  29.992054     4.3547     4.3022    -0.0150    97.5445 1.0000e-12  -65.23314  -66.77536 331.190561      99.98 0.0000e+00   1472.502      35341  1028.8518  1028.8509    34.6369    34.6359    7.76520         16 0.0000e+00
    236.000    233.548     1.3007  29.988992     1.2996  29.986701     4.3494     4.3022    -0.0150    97.5260 1.0000e-12  -65.23314  -66.77536 331.190571      99.98 0.0000e+00   1473.296      35360  1028.8472  1028.8460    34.6368    34.6352    7.76580         24 0.0000e+00
    235.000    232.560     1.3111  29.999232     1.3101  29.997514     4.3380     4.3021    -0.0135    97.5236 1.0000e-12  -65.23316  -66.77534 331.190597      99.97 0.0000e+00   1475.560      35414  1028.8430  1028.8423    34.6390    34.6380    7.76363         28 0.0000e+00
    234.000    231.572     1.3129  30.000691     1.3111  29.997421     4.3514     4.3078    -0.0075    97.5236 1.0000e-12  -65.23316  -66.77534 331.190617      99.98 0.0000e+00   1477.311      35456  1028.8384  1028.8369    34.6396    34.6374    7.76326         23 0.0000e+00
    233.000    230.582     1.3061  29.992780     1.3027  29.988490     4.3534     4.3133    -0.0077    97.5236 1.0000e-12  -65.23316  -66.77534 331.190627      99.98 0.0000e+00   1478.148      35477  1028.8327  1028.8317    34.6374    34.6357    7.76470         20 0.0000e+00
    232.000    229.593     1.2983  29.984302     1.2980  29.982977     4.3529     4.3144    -0.0077    97.5236 1.0000e-12  -65.23316  -66.77534 331.190636      99.98 0.0000e+00   1478.970      35496  1028.8276  1028.8264    34.6359    34.6345    7.76634         21 0.0000e+00
    231.000    228.604     1.2960  29.981674     1.2965  29.981320     4.3571     4.3167    -0.0077    97.5189 1.0000e-12  -65.23316  -66.77533 331.190649      99.98 0.0000e+00   1480.087      35523  1028.8228  1028.8219    34.6356    34.6347    7.76680         32 0.0000e+00
    230.000    227.616     1.2963  29.981676     1.2981  29.982423     4.3657     4.3190    -0.0077    97.5267 1.0000e-12  -65.23316  -66.77532 331.190676      99.98 0.0000e+00   1482.451      35580  1028.8181  1028.8170    34.6359    34.6348    7.76673         32 0.0000e+00
    229.000    226.626     1.2949  29.979397     1.2957  29.979210     4.3745     4.3330    -0.0077    97.5223 1.0000e-12  -65.23316  -66.77532 331.190691      99.98 0.0000e+00   1483.721      35610  1028.8128  1028.8118    34.6351    34.6340    7.76705         22 0.0000e+00
    228.000    225.637     1.2900  29.973795     1.2919  29.974776     4.3907     4.3414    -0.0077    97.5251 1.0000e-12  -65.23316  -66.77532 331.190700      99.98 0.0000e+00   1484.512      35629  1028.8076  1028.8068    34.6339    34.6331    7.76808         17 0.0000e+00
    227.000    224.648     1.2743  29.957256     1.2766  29.958499     4.4011     4.3399    -0.0047    97.5206 1.0000e-12  -65.23316  -66.77532 331.190708      99.98 0.0000e+00   1485.203      35646  1028.8019  1028.8010    34.6308    34.6298    7.77136         17 0.0000e+00
    226.000    223.659     1.2659  29.948010     1.2675  29.948674     4.3952     4.3411    -0.0006    97.4986 1.0000e-12  -65.23316  -66.77531 331.190717      99.98 0.0000e+00   1485.912      35663  1028.7965  1028.7955    34.6288    34.6278    7.77313         18 0.0000e+00
