NBP2113_155081_ctd/data/nbp2113_010.cnv
* Sea-Bird SBE 9 Data File:
* FileName = D:\Data\raw\NBP2113_010.hex
* Software Version Seasave V 7.26.7.121
* Temperature SN = 2438
* Conductivity SN = 2067
* Number of Bytes Per Scan = 40
* Number of Voltage Words = 5
* Number of Scans Averaged by the Deck Unit = 1
* NMEA Latitude = 64 34.40 S
* NMEA Longitude = 065 21.00 W
* NMEA UTC (Time) = Nov 25 2021  20:37:57
* NMEA baud rate = 9600
** Ship: RVIB N.B. Palmer
** Cruise: NBP2113 LTER
** Station: 600.100
** Operator: S. Blackman
# nquan = 25
# nvalues = 1205                        
# units = specified
# name 0 = prDM: Pressure, Digiquartz [db]
# name 1 = depSM: Depth [salt water, m]
# name 2 = t090C: Temperature [ITS-90, deg C]
# name 3 = c0mS/cm: Conductivity [mS/cm]
# name 4 = t190C: Temperature, 2 [ITS-90, deg C]
# name 5 = c1mS/cm: Conductivity, 2 [mS/cm]
# name 6 = sbeox0ML/L: Oxygen, SBE 43 [ml/l]
# name 7 = sbeox1ML/L: Oxygen, SBE 43, 2 [ml/l]
# name 8 = flECO-AFL: Fluorescence, WET Labs ECO-AFL/FL [mg/m^3]
# name 9 = CStarTr0: Beam Transmission, WET Labs C-Star [%]
# name 10 = par: PAR/Irradiance, Biospherical/Licor
# name 11 = latitude: Latitude [deg]
# name 12 = longitude: Longitude [deg]
# name 13 = timeJ: Julian Days
# name 14 = altM: Altimeter [m]
# name 15 = spar: SPAR, Biospherical/Licor
# name 16 = timeS: Time, Elapsed [seconds]
# name 17 = scan: Scan Count
# name 18 = density00: Density [density, kg/m^3]
# name 19 = density11: Density, 2 [density, kg/m^3]
# name 20 = sal00: Salinity, Practical [PSU]
# name 21 = sal11: Salinity, Practical, 2 [PSU]
# name 22 = oxsolML/L: Oxygen Saturation, Garcia & Gordon [ml/l]
# name 23 = nbin: number of scans per bin
# name 24 = flag: flag
# span 0 =      1.000,    605.000       
# span 1 =      0.989,    598.213       
# span 2 =    -0.4515,     1.5126       
# span 3 =  27.985864,  30.388462       
# span 4 =    -0.4464,     1.5129       
# span 5 =  27.983122,  30.387347       
# span 6 =     4.0627,     8.3030       
# span 7 =     4.0752,     8.1573       
# span 8 =    -0.0219,     1.4226       
# span 9 =    89.3584,    97.3921       
# span 10 = -7.456e-06, 4.1970e+02      
# span 11 =  -64.57444,  -64.57355      
# span 12 =  -65.34937,  -65.34640      
# span 13 = 329.863143, 329.888368      
# span 14 =       1.28,     102.37      
# span 15 = 3.4373e+02, 4.9890e+02      
# span 16 =    298.573,   2478.027      
# span 17 =       7167,      59474      
# span 18 =  1027.3103,  1030.6078      
# span 19 =  1027.3077,  1030.6064      
# span 20 =    33.9875,    34.7005      
# span 21 =    33.9842,    34.6988      
# span 22 =    7.72072,    8.15281      
# span 23 =         14,         69      
# span 24 = 0.0000e+00, 0.0000e+00      
# interval = decibars: 1                
# start_time = Nov 25 2021 20:37:57 [NMEA time, header]
# bad_flag = -9.990e-29
*END*
[from data line 696]
    509.000    503.407     1.4674  30.293695     1.4676  30.292839     4.1145     4.1236     0.0037    97.2146 1.0000e-12  -64.57386  -65.34828 329.875629      99.98 4.9537e+02   1377.395      33058  1030.1508  1030.1497    34.6841    34.6828    7.73045         18 0.0000e+00
    508.000    502.418     1.4675  30.293460     1.4677  30.292464     4.1128     4.1248     0.0030    97.2146 1.0000e-12  -64.57386  -65.34828 329.875640      97.67 4.9537e+02   1378.318      33081  1030.1463  1030.1450    34.6843    34.6828    7.73042         28 0.0000e+00
    507.000    501.433     1.4675  30.293073     1.4678  30.292095     4.1212     4.1193    -0.0026    97.2109 1.0000e-12  -64.57386  -65.34827 329.875661      99.92 4.9389e+02   1380.116      33124  1030.1416  1030.1403    34.6843    34.6828    7.73042         43 0.0000e+00
    506.000    500.443     1.4676  30.292804     1.4680  30.291945     4.1182     4.1202    -0.0046    97.2024 1.0000e-12  -64.57386  -65.34826 329.875685      99.97 4.9360e+02   1382.142      33172  1030.1370  1030.1358    34.6844    34.6830    7.73039         39 0.0000e+00
    505.000    499.455     1.4675  30.292280     1.4675  30.291023     4.1158     4.1225    -0.0070    97.2198 1.0000e-12  -64.57386  -65.34826 329.875701      99.98 4.9361e+02   1383.561      33206  1030.1323  1030.1310    34.6844    34.6828    7.73040         31 0.0000e+00
    504.000    498.466     1.4671  30.291241     1.4671  30.289919     4.1257     4.1247    -0.0074    97.2185 1.0000e-12  -64.57386  -65.34826 329.875715      99.97 4.9361e+02   1384.752      33235  1030.1275  1030.1261    34.6842    34.6825    7.73051         26 0.0000e+00
    503.000    497.481     1.4652  30.288507     1.4653  30.287367     4.1221     4.1238    -0.0098    97.2156 1.0000e-12  -64.57386  -65.34826 329.875727      99.97 4.9361e+02   1385.813      33261  1030.1224  1030.1211    34.6834    34.6818    7.73092         25 0.0000e+00
    502.000    496.491     1.4645  30.287279     1.4643  30.285674     4.1232     4.1272    -0.0120    97.2287 1.0000e-12  -64.57386  -65.34826 329.875739      99.97 4.9234e+02   1386.826      33285  1030.1175  1030.1161    34.6831    34.6813    7.73107         24 0.0000e+00
    501.000    495.504     1.4637  30.285883     1.4637  30.284465     4.1294     4.1328     0.0006    97.2274 1.0000e-12  -64.57386  -65.34826 329.875750      99.97 4.9184e+02   1387.819      33309  1030.1127  1030.1113    34.6828    34.6810    7.73124         24 0.0000e+00
    500.000    494.516     1.4630  30.284517     1.4633  30.283516     4.1257     4.1310    -0.0014    97.2328 1.0000e-12  -64.57387  -65.34827 329.875762      99.97 4.9184e+02   1388.872      33334  1030.1078  1030.1065    34.6824    34.6808    7.73141         28 0.0000e+00
    499.000    493.528     1.4629  30.284045     1.4633  30.282988     4.1317     4.1356    -0.0087    97.2432 1.0000e-12  -64.57388  -65.34828 329.875778      99.98 4.9040e+02   1390.176      33365  1030.1032  1030.1017    34.6824    34.6807    7.73141         34 0.0000e+00
    498.000    492.541     1.4636  30.284214     1.4621  30.281288     4.1298     4.1353    -0.0025    97.2427 1.0000e-12  -64.57388  -65.34826 329.875794      99.98 4.9007e+02   1391.598      33399  1030.0984  1030.0969    34.6825    34.6804    7.73128         32 0.0000e+00
    497.000    491.552     1.4617  30.281523     1.4619  30.280527     4.1325     4.1382    -0.0124    97.2412 1.0000e-12  -64.57388  -65.34826 329.875808      99.97 4.8889e+02   1392.810      33428  1030.0933  1030.0922    34.6817    34.6803    7.73169         27 0.0000e+00
    496.000    490.565     1.4614  30.280895     1.4617  30.279889     4.1327     4.1360    -0.0085    97.2059 1.0000e-12  -64.57388  -65.34826 329.875821      99.98 4.8832e+02   1393.952      33456  1030.0888  1030.0874    34.6818    34.6802    7.73174         29 0.0000e+00
    495.000    489.576     1.4608  30.279676     1.4611  30.278731     4.1415     4.1344    -0.0134    97.2465 1.0000e-12  -64.57388  -65.34826 329.875836      99.97 4.8816e+02   1395.255      33487  1030.0839  1030.0826    34.6815    34.6800    7.73188         34 0.0000e+00
    494.000    488.590     1.4606  30.278925     1.4606  30.277597     4.1372     4.1402    -0.0126    97.2662 1.0000e-12  -64.57388  -65.34826 329.875853      99.97 4.8655e+02   1396.677      33521  1030.0791  1030.0778    34.6813    34.6797    7.73193         33 0.0000e+00
    493.000    487.600     1.4602  30.278062     1.4599  30.276363     4.1356     4.1373    -0.0072    97.2661 1.0000e-12  -64.57388  -65.34826 329.875868      99.98 4.8656e+02   1397.977      33552  1030.0744  1030.0730    34.6813    34.6795    7.73201         30 0.0000e+00
    492.000    486.614     1.4596  30.276917     1.4593  30.275268     4.1318     4.1365    -0.0075    97.2661 1.0000e-12  -64.57388  -65.34826 329.875883      99.98 4.8656e+02   1399.328      33585  1030.0696  1030.0682    34.6810    34.6793    7.73214         36 0.0000e+00
    491.000    485.624     1.4591  30.275845     1.4592  30.274613     4.1370     4.1376    -0.0074    97.2661 1.0000e-12  -64.57388  -65.34826 329.875900      99.97 4.8656e+02   1400.763      33619  1030.0647  1030.0635    34.6808    34.6792    7.73225         28 0.0000e+00
    490.000    484.639     1.4589  30.275069     1.4587  30.273694     4.1386     4.1444    -0.0074    97.2661 1.0000e-12  -64.57388  -65.34826 329.875913      99.98 4.8656e+02   1401.849      33645  1030.0599  1030.0587    34.6806    34.6790    7.73230         22 0.0000e+00
    489.000    483.650     1.4578  30.273319     1.4576  30.271829     4.1438     4.1404    -0.0135    97.2661 1.0000e-12  -64.57388  -65.34826 329.875922      99.97 4.8656e+02   1402.675      33665  1030.0550  1030.0537    34.6802    34.6785    7.73255         19 0.0000e+00
    488.000    482.660     1.4568  30.271832     1.4569  30.270724     4.1498     4.1385    -0.0150    97.2661 1.0000e-12  -64.57388  -65.34826 329.875931      99.97 4.8656e+02   1403.431      33683  1030.0503  1030.0490    34.6799    34.6784    7.73274         18 0.0000e+00
    487.000    481.674     1.4566  30.271245     1.4568  30.270105     4.1411     4.1385    -0.0127    97.2661 1.0000e-12  -64.57388  -65.34826 329.875941      99.97 4.8656e+02   1404.308      33704  1030.0457  1030.0443    34.6800    34.6783    7.73279         25 0.0000e+00
    486.000    480.686     1.4572  30.271351     1.4572  30.270150     4.1382     4.1432    -0.0101    97.2661 1.0000e-12  -64.57388  -65.34826 329.875967      99.97 4.8656e+02   1406.530      33758  1030.0410  1030.0397    34.6801    34.6785    7.73267         34 0.0000e+00
    485.000    479.699     1.4570  30.270615     1.4571  30.269587     4.1410     4.1422    -0.0077    97.2661 1.0000e-12  -64.57388  -65.34826 329.875989      99.98 4.8546e+02   1408.443      33804  1030.0362  1030.0349    34.6799    34.6784    7.73272         23 0.0000e+00
    484.000    478.711     1.4567  30.269719     1.4568  30.268811     4.1398     4.1428    -0.0070    97.2700 1.0000e-12  -64.57388  -65.34826 329.875999      99.98 4.8595e+02   1409.333      33825  1030.0313  1030.0303    34.6797    34.6784    7.73279         20 0.0000e+00
    483.000    477.721     1.4558  30.268484     1.4561  30.267469     4.1392     4.1433    -0.0073    97.2407 1.0000e-12  -64.57388  -65.34826 329.876008      99.97 4.8646e+02   1410.114      33844  1030.0267  1030.0254    34.6797    34.6780    7.73297         19 0.0000e+00
    482.000    476.735     1.4554  30.267661     1.4557  30.266734     4.1423     4.1421    -0.0096    97.2621 1.0000e-12  -64.57388  -65.34826 329.876019      99.97 4.8649e+02   1411.005      33865  1030.0220  1030.0208    34.6796    34.6781    7.73304         25 0.0000e+00
    481.000    475.746     1.4557  30.267536     1.4559  30.266594     4.1391     4.1369    -0.0104    97.2685 1.0000e-12  -64.57388  -65.34826 329.876035      98.58 4.8528e+02   1412.395      33898  1030.0173  1030.0162    34.6796    34.6782    7.73298         41 0.0000e+00
    480.000    474.758     1.4555  30.266971     1.4556  30.265663     4.1379     4.1432    -0.0141    97.2765 1.0000e-12  -64.57388  -65.34826 329.876052      99.99 4.8580e+02   1413.914      33935  1030.0127  1030.0113    34.6797    34.6780    7.73301         30 0.0000e+00
    479.000    473.771     1.4547  30.265559     1.4548  30.264357     4.1437     4.1479    -0.0068    97.2757 1.0000e-12  -64.57388  -65.34824 329.876065      99.97 4.8656e+02   1415.021      33962  1030.0079  1030.0065    34.6794    34.6777    7.73319         24 0.0000e+00
    478.000    472.782     1.4541  30.264449     1.4541  30.263197     4.1343     4.1437    -0.0069    97.2709 1.0000e-12  -64.57388  -65.34824 329.876077      99.98 4.8656e+02   1416.068      33987  1030.0032  1030.0019    34.6792    34.6777    7.73332         27 0.0000e+00
    477.000    471.795     1.4535  30.263345     1.4536  30.262216     4.1421     4.1412    -0.0033    97.2692 1.0000e-12  -64.57388  -65.34824 329.876092      99.98 4.8656e+02   1417.323      34017  1029.9984  1029.9971    34.6791    34.6775    7.73345         34 0.0000e+00
    476.000    470.807     1.4541  30.263674     1.4543  30.262418     4.1353     4.1410    -0.0078    97.2823 1.0000e-12  -64.57388  -65.34824 329.876113      99.98 4.8552e+02   1419.184      34061  1029.9939  1029.9924    34.6793    34.6775    7.73330         50 0.0000e+00
    475.000    469.819     1.4537  30.262666     1.4539  30.261706     4.1412     4.1453    -0.0072    97.2770 1.0000e-12  -64.57388  -65.34824 329.876141      99.98 4.8479e+02   1421.598      34119  1029.9891  1029.9878    34.6791    34.6777    7.73340         40 0.0000e+00
    474.000    468.831     1.4536  30.262063     1.4537  30.260823     4.1435     4.1472    -0.0109    97.2933 1.0000e-12  -64.57388  -65.34824 329.876158      99.98 4.8479e+02   1423.065      34155  1029.9843  1029.9829    34.6790    34.6773    7.73342         26 0.0000e+00
    473.000    467.843     1.4529  30.260673     1.4530  30.259507     4.1567     4.1490    -0.0026    97.2942 1.0000e-12  -64.57388  -65.34824 329.876169      99.97 4.8479e+02   1424.035      34178  1029.9793  1029.9780    34.6786    34.6770    7.73358         22 0.0000e+00
    472.000    466.855     1.4527  30.259819     1.4530  30.258717     4.1507     4.1485    -0.0219    97.2799 1.0000e-12  -64.57388  -65.34824 329.876180      99.97 4.8479e+02   1424.936      34199  1029.9744  1029.9730    34.6783    34.6765    7.73364         23 0.0000e+00
    471.000    465.867     1.4529  30.259512     1.4531  30.258604     4.1500     4.1481     0.0011    97.2870 1.0000e-12  -64.57388  -65.34824 329.876206      99.97 4.8479e+02   1427.165      34253  1029.9697  1029.9686    34.6783    34.6769    7.73361         40 0.0000e+00
    470.000    464.879     1.4529  30.259029     1.4531  30.257931     4.1469     4.1456    -0.0139    97.2919 1.0000e-12  -64.57388  -65.34824 329.876244      99.97 4.8479e+02   1430.476      34332  1029.9650  1029.9637    34.6782    34.6767    7.73361         31 0.0000e+00
    469.000    463.890     1.4527  30.258406     1.4529  30.257393     4.1528     4.1457    -0.0129    97.2918 1.0000e-12  -64.57388  -65.34824 329.876257      99.98 4.8479e+02   1431.583      34359  1029.9603  1029.9591    34.6782    34.6767    7.73364         28 0.0000e+00
    468.000    462.902     1.4528  30.257880     1.4529  30.256739     4.1538     4.1486    -0.0072    97.2918 1.0000e-12  -64.57388  -65.34823 329.876273      99.97 4.8479e+02   1432.948      34392  1029.9555  1029.9542    34.6780    34.6764    7.73364         38 0.0000e+00
    467.000    461.913     1.4527  30.257340     1.4529  30.256377     4.1458     4.1482    -0.0077    97.2918 1.0000e-12  -64.57388  -65.34822 329.876302      99.97 4.8479e+02   1435.472      34452  1029.9508  1029.9496    34.6780    34.6765    7.73366         36 0.0000e+00
    466.000    460.926     1.4525  30.256652     1.4529  30.255866     4.1492     4.1543    -0.0089    97.2897 1.0000e-12  -64.57388  -65.34822 329.876332      99.98 4.8479e+02   1438.079      34515  1029.9460  1029.9449    34.6779    34.6765    7.73370         38 0.0000e+00
    465.000    459.939     1.4519  30.255597     1.4523  30.254625     4.1537     4.1544    -0.0037    97.2910 1.0000e-12  -64.57388  -65.34822 329.876348      99.98 4.8479e+02   1439.428      34547  1029.9413  1029.9400    34.6778    34.6762    7.73382         31 0.0000e+00
    464.000    458.950     1.4508  30.253853     1.4508  30.252459     4.1556     4.1557    -0.0072    97.3049 1.0000e-12  -64.57390  -65.34822 329.876364      99.98 4.8479e+02   1440.877      34582  1029.9364  1029.9350    34.6773    34.6756    7.73406         35 0.0000e+00
    463.000    457.962     1.4517  30.254392     1.4514  30.252763     4.1528     4.1528    -0.0098    97.2862 1.0000e-12  -64.57390  -65.34822 329.876408      99.97 4.8479e+02   1444.643      34672  1029.9319  1029.9305    34.6777    34.6759    7.73387         33 0.0000e+00
    462.000    456.976     1.4508  30.252843     1.4508  30.251636     4.1566     4.1553    -0.0110    97.2996 1.0000e-12  -64.57390  -65.34822 329.876426      99.98 4.8479e+02   1446.234      34711  1029.9270  1029.9257    34.6772    34.6757    7.73407         31 0.0000e+00
    461.000    455.987     1.4505  30.252145     1.4503  30.250662     4.1401     4.1526    -0.0009    97.2940 1.0000e-12  -64.57390  -65.34822 329.876446      99.98 4.8479e+02   1447.954      34752  1029.9223  1029.9210    34.6772    34.6756    7.73412         30 0.0000e+00
    460.000    455.001     1.4502  30.251280     1.4503  30.250228     4.1549     4.1509    -0.0109    97.2912 1.0000e-12  -64.57390  -65.34820 329.876487      99.98 4.8479e+02   1451.508      34837  1029.9176  1029.9163    34.6771    34.6756    7.73421         38 0.0000e+00
    459.000    454.010     1.4500  30.250710     1.4505  30.249975     4.1542     4.1520    -0.0102    97.3025 1.0000e-12  -64.57390  -65.34820 329.876533      99.98 4.8479e+02   1455.439      34932  1029.9129  1029.9117    34.6771    34.6757    7.73424         26 0.0000e+00
    458.000    453.022     1.4499  30.250066     1.4502  30.249075     4.1591     4.1522    -0.0066    97.2998 1.0000e-12  -64.57390  -65.34820 329.876566      99.98 4.8479e+02   1458.280      35000  1029.9082  1029.9068    34.6770    34.6754    7.73427         35 0.0000e+00
    457.000    452.035     1.4484  30.248094     1.4486  30.246926     4.1525     4.1548    -0.0077    97.3126 1.0000e-12  -64.57390  -65.34820 329.876584      99.98 4.8479e+02   1459.838      35037  1029.9033  1029.9020    34.6767    34.6750    7.73457         34 0.0000e+00
    456.000    451.046     1.4488  30.248042     1.4488  30.246823     4.1562     4.1523    -0.0063    97.3044 1.0000e-12  -64.57390  -65.34820 329.876648      99.97 4.8336e+02   1465.355      35170  1029.8987  1029.8974    34.6768    34.6752    7.73449         34 0.0000e+00
    455.000    450.057     1.4468  30.245163     1.4474  30.244628     4.1580     4.1547    -0.0063    97.3167 1.0000e-12  -64.57392  -65.34813 329.877095      99.97 4.7447e+02   1503.973      36096  1029.8934  1029.8922    34.6759    34.6745    7.73493         27 0.0000e+00
    454.000    449.070     1.4464  30.244265     1.4470  30.243655     4.1605     4.1535    -0.0059    97.3033 1.0000e-12  -64.57392  -65.34812 329.877189      99.98 4.7249e+02   1512.155      36293  1029.8887  1029.8875    34.6757    34.6744    7.73501         32 0.0000e+00
    453.000    448.081     1.4465  30.243855     1.4466  30.242843     4.1525     4.1549    -0.0114    97.2844 1.0000e-12  -64.57392  -65.34812 329.877215      99.97 4.7245e+02   1514.353      36345  1029.8839  1029.8828    34.6757    34.6743    7.73500         37 0.0000e+00
