NBP2113_155081_ctd/data/nbp2113_007.ros
* Sea-Bird SBE 9 Data File:
* FileName = D:\Data\raw\NBP2113_007.hex
* Software Version Seasave V 7.26.7.121
* Temperature SN = 2438
* Conductivity SN = 2067
* Number of Bytes Per Scan = 40
* Number of Voltage Words = 5
* Number of Scans Averaged by the Deck Unit = 1
* NMEA Latitude = 64 56.06 S
* NMEA Longitude = 064 23.87 W
* NMEA UTC (Time) = Nov 25 2021  03:27:42
* NMEA baud rate = 9600
** Ship: RVIB N.B. Palmer
** Cruise: NBP2113 LTER
** Station: 600.040
** Operator: B. Urmston
# nquan = 20
# nvalues = 1151                                  
# units = specified
# name 0 = prDM: Pressure, Digiquartz [db]
# name 1 = depSM: Depth [salt water, m]
# name 2 = t090C: Temperature [ITS-90, deg C]
# name 3 = c0mS/cm: Conductivity [mS/cm]
# name 4 = t190C: Temperature, 2 [ITS-90, deg C]
# name 5 = c1mS/cm: Conductivity, 2 [mS/cm]
# name 6 = sbeox0ML/L: Oxygen, SBE 43 [ml/l]
# name 7 = sbeox1ML/L: Oxygen, SBE 43, 2 [ml/l]
# name 8 = flECO-AFL: Fluorescence, WET Labs ECO-AFL/FL [mg/m^3]
# name 9 = CStarTr0: Beam Transmission, WET Labs C-Star [%]
# name 10 = par: PAR/Irradiance, Biospherical/Licor
# name 11 = latitude: Latitude [deg]
# name 12 = longitude: Longitude [deg]
# name 13 = timeJ: Julian Days
# name 14 = altM: Altimeter [m]
# name 15 = spar: SPAR, Biospherical/Licor
# name 16 = timeS: Time, Elapsed [seconds]
# name 17 = scan: Scan Count
# name 18 = nbf: Bottles Fired
# name 19 = flag:  0.000e+00
# interval = seconds: 0.0416667
# start_time = Nov 25 2021 03:27:42 [NMEA time, header]
# bad_flag = -9.990e-29
*END*
[from data line 869]
     39.048     38.662    -0.5584  27.790598    -0.5616  27.783180     8.0463     7.9300     1.2377    92.8629 1.0000e-12  -64.93332  -64.39872 329.154259      99.98 0.0000e+00    866.000      20785         19  0.000e+00
     39.165     38.777    -0.5584  27.790139    -0.5618  27.782563     8.0414     7.9306     1.2377    92.8629 1.0000e-12  -64.93332  -64.39872 329.154260      99.95 0.0000e+00    866.042      20786         19  0.000e+00
     39.096     38.710    -0.5582  27.789909    -0.5626  27.781721     8.0376     7.9312     1.2377    92.8629 1.0000e-12  -64.93332  -64.39872 329.154260      99.95 0.0000e+00    866.083      20787         19  0.000e+00
     39.096     38.710    -0.5582  27.790024    -0.5635  27.780823     8.0382     7.9365     1.2377    92.8629 1.0000e-12  -64.93332  -64.39872 329.154261      99.98 0.0000e+00    866.125      20788         19  0.000e+00
     39.096     38.710    -0.5587  27.790484    -0.5645  27.780261     8.0358     7.9325     1.2450    92.8629 1.0000e-12  -64.93332  -64.39872 329.154261      99.98 0.0000e+00    866.167      20789         19  0.000e+00
     39.048     38.662    -0.5579  27.791001    -0.5643  27.780317     8.0344     7.9329     1.2377    92.8629 1.0000e-12  -64.93332  -64.39872 329.154262      99.98 0.0000e+00    866.208      20790         19  0.000e+00
     39.151     38.764    -0.5574  27.790541    -0.5643  27.780037     8.0392     7.9336     1.2377    92.8886 1.0000e-12  -64.93332  -64.39872 329.154262      99.95 0.0000e+00    866.250      20791         19  0.000e+00
     39.062     38.676    -0.5573  27.790541    -0.5646  27.779083     8.0348     7.9341     1.2377    92.9144 1.0000e-12  -64.93332  -64.39872 329.154263      99.95 0.0000e+00    866.292      20792         19  0.000e+00
     39.096     38.710    -0.5577  27.790656    -0.5645  27.778185     8.0338     7.9348     1.2450    92.9144 1.0000e-12  -64.93332  -64.39872 329.154263      99.98 0.0000e+00    866.333      20793         19  0.000e+00
     39.048     38.662    -0.5587  27.789449    -0.5646  27.777848     8.0343     7.9354     1.1498    92.8886 1.0000e-12  -64.93332  -64.39872 329.154264      99.98 0.0000e+00    866.375      20794         19  0.000e+00
     39.096     38.710    -0.5615  27.788242    -0.5647  27.777511     8.0339     7.9362     1.0839    92.9144 1.0000e-12  -64.93332  -64.39872 329.154264      99.98 0.0000e+00    866.417      20795         19  0.000e+00
     39.048     38.662    -0.5614  27.787380    -0.5663  27.777567     8.0328     7.9362     1.0765    92.9144 1.0000e-12  -64.93332  -64.39872 329.154265      99.98 0.0000e+00    866.458      20796         19  0.000e+00
     39.048     38.662    -0.5605  27.787380    -0.5663  27.777455     8.0344     7.9369     1.0839    92.9144 1.0000e-12  -64.93332  -64.39872 329.154265      99.98 0.0000e+00    866.500      20797         19  0.000e+00
     39.048     38.662    -0.5600  27.787035    -0.5657  27.777960     8.0318     7.9365     1.0839    92.9144 1.0000e-12  -64.93332  -64.39872 329.154266      99.95 0.0000e+00    866.542      20798         19  0.000e+00
     39.062     38.676    -0.5608  27.786920    -0.5660  27.777792     8.0341     7.9374     1.0839    92.9144 1.0000e-12  -64.93332  -64.39872 329.154266      99.95 0.0000e+00    866.583      20799         19  0.000e+00
     39.048     38.662    -0.5619  27.786518    -0.5663  27.777736     8.0353     7.9382     1.0839    92.9144 1.0000e-12  -64.93332  -64.39872 329.154266      99.98 0.0000e+00    866.625      20800         19  0.000e+00
     39.048     38.662    -0.5620  27.785771    -0.5660  27.777623     8.0409     7.9380     1.0839    92.9144 1.0000e-12  -64.93332  -64.39872 329.154267      99.98 0.0000e+00    866.667      20801         19  0.000e+00
     39.048     38.662    -0.5620  27.785599    -0.5654  27.777118     8.0407     7.9387     1.0839    92.9144 1.0000e-12  -64.93332  -64.39872 329.154267      99.98 0.0000e+00    866.708      20802         19  0.000e+00
     39.048     38.662    -0.5615  27.785771    -0.5658  27.777006     8.0388     7.9387     1.0839    92.8886 1.0000e-12  -64.93332  -64.39872 329.154268      99.95 0.0000e+00    866.750      20803         19  0.000e+00
     39.048     38.662    -0.5611  27.785713    -0.5658  27.776950     8.0384     7.9387     1.0839    92.9144 1.0000e-12  -64.93332  -64.39874 329.154268      99.95 0.0000e+00    866.792      20804         19  0.000e+00
     38.994     38.608    -0.5627  27.784449    -0.5664  27.776445     8.0501     7.9387     1.0839    92.9144 1.0000e-12  -64.93332  -64.39874 329.154269      99.98 0.0000e+00    866.833      20805         19  0.000e+00
     39.007     38.622    -0.5642  27.782438    -0.5677  27.776164     8.0601     7.9389     1.0839    92.9144 1.0000e-12  -64.93332  -64.39874 329.154269      99.98 0.0000e+00    866.875      20806         19  0.000e+00
     39.048     38.662    -0.5645  27.781116    -0.5687  27.775547     8.0608     7.9391     1.0839    92.9144 1.0000e-12  -64.93332  -64.39874 329.154270      99.98 0.0000e+00    866.917      20807         19  0.000e+00
     39.048     38.662    -0.5654  27.781231    -0.5692  27.775491     8.0660     7.9391     1.0839    92.9144 1.0000e-12  -64.93332  -64.39874 329.154270      99.98 0.0000e+00    866.958      20808         19  0.000e+00
     38.994     38.608    -0.5656  27.781403    -0.5687  27.775042     8.0636     7.9389     1.0839    92.8886 1.0000e-12  -64.93332  -64.39874 329.154271      99.98 0.0000e+00    867.000      20809         19  0.000e+00
     38.994     38.608    -0.5659  27.781403    -0.5688  27.774761     8.0587     7.9389     1.0839    92.9144 1.0000e-12  -64.93332  -64.39874 329.154271      99.95 0.0000e+00    867.042      20810         19  0.000e+00
     39.048     38.662    -0.5663  27.781001    -0.5700  27.774032     8.0524     7.9392     1.0839    92.8886 1.0000e-12  -64.93332  -64.39874 329.154272      99.95 0.0000e+00    867.083      20811         19  0.000e+00
     38.891     38.506    -0.5671  27.781058    -0.5703  27.772741     8.0433     7.9391     1.0839    92.8629 1.0000e-12  -64.93332  -64.39874 329.154272      99.98 0.0000e+00    867.125      20812         19  0.000e+00
     39.110     38.723    -0.5676  27.780714    -0.5714  27.771900     8.0332     7.9395     1.0839    92.8629 1.0000e-12  -64.93332  -64.39874 329.154273      99.98 0.0000e+00    867.167      20813         19  0.000e+00
     38.994     38.608    -0.5675  27.781174    -0.5720  27.770889     8.0272     7.9395     1.0839    92.8629 1.0000e-12  -64.93332  -64.39874 329.154273      99.98 0.0000e+00    867.208      20814         19  0.000e+00
     38.994     38.608    -0.5667  27.780771    -0.5721  27.770160     8.0155     7.9395     1.0839    92.8629 1.0000e-12  -64.93332  -64.39874 329.154274      99.95 0.0000e+00    867.250      20815         19  0.000e+00
     38.994     38.608    -0.5668  27.780771    -0.5716  27.769711     8.0173     7.9394     1.0839    92.8629 1.0000e-12  -64.93332  -64.39874 329.154274      99.95 0.0000e+00    867.292      20816         19  0.000e+00
     38.994     38.608    -0.5663  27.780254    -0.5718  27.769318     8.0147     7.9394     1.0839    92.8629 1.0000e-12  -64.93332  -64.39874 329.154275      99.98 0.0000e+00    867.333      20817         19  0.000e+00
     38.994     38.608    -0.5667  27.779450    -0.5738  27.769318     8.0126     7.9397     1.0839    92.8629 1.0000e-12  -64.93332  -64.39874 329.154275      99.98 0.0000e+00    867.375      20818         19  0.000e+00
     38.960     38.574    -0.5676  27.779105    -0.5749  27.769150     8.0107     7.9407     1.0839    92.8629 1.0000e-12  -64.93332  -64.39874 329.154276      99.98 0.0000e+00    867.417      20819         19  0.000e+00
     38.994     38.608    -0.5685  27.778818    -0.5741  27.769206     8.0033     7.9405     1.1132    92.8629 1.0000e-12  -64.93332  -64.39874 329.154276      99.98 0.0000e+00    867.458      20820         19  0.000e+00
     38.994     38.608    -0.5682  27.778760    -0.5753  27.768925     8.0062     7.9407     1.1571    92.8629 1.0000e-12  -64.93332  -64.39874 329.154277      99.98 0.0000e+00    867.500      20821         19  0.000e+00
     38.994     38.608    -0.5681  27.778760    -0.5764  27.768925     7.9976     7.9409     1.1644    92.8629 1.0000e-12  -64.93332  -64.39874 329.154277      99.95 0.0000e+00    867.542      20822         19  0.000e+00
     38.946     38.561    -0.5676  27.779105    -0.5751  27.769037     7.9950     7.9406     1.1644    92.8629 1.0000e-12  -64.93332  -64.39874 329.154278      99.95 0.0000e+00    867.583      20823         19  0.000e+00
     38.994     38.608    -0.5673  27.779679    -0.5737  27.769430     7.9913     7.9403     1.1644    92.8629 1.0000e-12  -64.93332  -64.39874 329.154278      99.98 0.0000e+00    867.625      20824         19  0.000e+00
     38.994     38.608    -0.5667  27.779852    -0.5729  27.769711     7.9996     7.9401     1.1644    92.8629 1.0000e-12  -64.93332  -64.39874 329.154279      99.98 0.0000e+00    867.667      20825         19  0.000e+00
     38.960     38.574    -0.5667  27.780197    -0.5723  27.770216     7.9990     7.9399     1.1644    92.8629 1.0000e-12  -64.93332  -64.39874 329.154279      99.95 0.0000e+00    867.708      20826         19  0.000e+00
     38.946     38.561    -0.5667  27.780139    -0.5723  27.769879     8.0030     7.9398     1.1644    92.8886 1.0000e-12  -64.93332  -64.39874 329.154280      99.95 0.0000e+00    867.750      20827         19  0.000e+00
     38.994     38.608    -0.5668  27.780541    -0.5733  27.769598     8.0040     7.9401     1.1644    92.8629 1.0000e-12  -64.93332  -64.39872 329.154280      99.98 0.0000e+00    867.792      20828         19  0.000e+00
     38.994     38.608    -0.5668  27.780426    -0.5753  27.769599     7.9992     7.9404     1.1644    92.8629 1.0000e-12  -64.93332  -64.39872 329.154280      99.98 0.0000e+00    867.833      20829         19  0.000e+00
     38.946     38.561    -0.5668  27.780369    -0.5756  27.769542     7.9989     7.9404     1.1644    92.8629 1.0000e-12  -64.93332  -64.39872 329.154281      99.98 0.0000e+00    867.875      20830         19  0.000e+00
     38.946     38.561    -0.5663  27.780541    -0.5760  27.769542     8.0001     7.9459     1.1644    92.8629 1.0000e-12  -64.93332  -64.39872 329.154281      99.98 0.0000e+00    867.917      20831         19  0.000e+00
     38.994     38.608    -0.5670  27.780771    -0.5753  27.769542     7.9959     7.9411     1.1644    92.8886 1.0000e-12  -64.93332  -64.39872 329.154282      99.98 0.0000e+00    867.958      20832         19  0.000e+00
     38.994     38.608    -0.5667  27.780944    -0.5726  27.768700     7.9897     7.9404     1.1644    92.8886 1.0000e-12  -64.93332  -64.39872 329.154284      99.98 0.0000e+00    868.125      20836         20  0.000e+00
     38.891     38.507    -0.5671  27.780886    -0.5735  27.769149     7.9834     7.9412     1.1644    92.8886 1.0000e-12  -64.93332  -64.39872 329.154284      99.98 0.0000e+00    868.167      20837         20  0.000e+00
     38.994     38.608    -0.5673  27.780886    -0.5743  27.769486     7.9818     7.9415     1.1644    92.8886 1.0000e-12  -64.93332  -64.39872 329.154285      99.98 0.0000e+00    868.208      20838         20  0.000e+00
     38.994     38.608    -0.5665  27.780656    -0.5747  27.769430     7.9803     7.9415     1.1644    92.8886 1.0000e-12  -64.93332  -64.39872 329.154285      99.95 0.0000e+00    868.250      20839         20  0.000e+00
     38.912     38.527    -0.5662  27.780943    -0.5752  27.769037     7.9862     7.9415     1.1644    92.8886 1.0000e-12  -64.93332  -64.39872 329.154286      99.98 0.0000e+00    868.292      20840         20  0.000e+00
     38.994     38.608    -0.5659  27.781116    -0.5760  27.769037     7.9925     7.9417     1.1644    92.8886 1.0000e-12  -64.93332  -64.39872 329.154286      99.98 0.0000e+00    868.333      20841         20  0.000e+00
     38.946     38.561    -0.5656  27.781288    -0.5739  27.769598     7.9942     7.9412     1.1644    92.8886 1.0000e-12  -64.93332  -64.39872 329.154287      99.98 0.0000e+00    868.375      20842         20  0.000e+00
     38.994     38.608    -0.5654  27.781403    -0.5714  27.770608     7.9962     7.9406     1.1644    92.8886 1.0000e-12  -64.93332  -64.39872 329.154287      99.98 0.0000e+00    868.417      20843         20  0.000e+00
     38.946     38.561    -0.5651  27.781403    -0.5706  27.770720     7.9924     7.9404     1.1644    92.8886 1.0000e-12  -64.93332  -64.39872 329.154288      99.98 0.0000e+00    868.458      20844         20  0.000e+00
     38.946     38.561    -0.5653  27.781173    -0.5710  27.770777     8.0050     7.9404     1.1644    92.8886 1.0000e-12  -64.93332  -64.39872 329.154288      99.98 0.0000e+00    868.500      20845         20  0.000e+00
     39.008     38.622    -0.5653  27.781288    -0.5707  27.771282     8.0263     7.9404     1.1718    92.8886 1.0000e-12  -64.93332  -64.39872 329.154289      99.95 0.0000e+00    868.542      20846         20  0.000e+00
     38.946     38.561    -0.5648  27.781748    -0.5692  27.771787     8.0323     7.9400     1.2011    92.8886 1.0000e-12  -64.93332  -64.39872 329.154289      99.95 0.0000e+00    868.583      20847         20  0.000e+00
     38.946     38.561    -0.5647  27.781748    -0.5681  27.772348     8.0442     7.9397     1.2157    92.8886 1.0000e-12  -64.93332  -64.39872 329.154290      99.98 0.0000e+00    868.625      20848         20  0.000e+00
     38.994     38.608    -0.5642  27.781691    -0.5677  27.771899     8.0514     7.9396     1.2157    92.8886 1.0000e-12  -64.93332  -64.39872 329.154290      99.98 0.0000e+00    868.667      20849         20  0.000e+00
     38.946     38.561    -0.5645  27.781690    -0.5674  27.771057     8.0539     7.9396     1.2157    92.8886 1.0000e-12  -64.93332  -64.39872 329.154291      99.98 0.0000e+00    868.708      20850         20  0.000e+00
     38.946     38.561    -0.5650  27.781863    -0.5682  27.770889     8.0551     7.9397     1.2157    92.8886 1.0000e-12  -64.93332  -64.39872 329.154291      99.95 0.0000e+00    868.750      20851         20  0.000e+00
     38.994     38.608    -0.5657  27.782150    -0.5735  27.770440     8.0607     7.9407     1.2157    92.8886 1.0000e-12  -64.93332  -64.39874 329.154292      99.98 0.0000e+00    868.792      20852         20  0.000e+00
     38.960     38.574    -0.5654  27.782208    -0.5774  27.769767     8.0602     7.9414     1.2157    92.8629 1.0000e-12  -64.93332  -64.39874 329.154292      99.98 0.0000e+00    868.833      20853         20  0.000e+00
     38.994     38.608    -0.5651  27.782208    -0.5780  27.769711     8.0671     7.9415     1.2157    92.8629 1.0000e-12  -64.93332  -64.39874 329.154293      99.98 0.0000e+00    868.875      20854         20  0.000e+00
     38.946     38.561    -0.5654  27.782208    -0.5744  27.769823     8.0756     7.9408     1.2157    92.8886 1.0000e-12  -64.93332  -64.39874 329.154293      99.98 0.0000e+00    868.917      20855         20  0.000e+00
     38.946     38.561    -0.5653  27.782208    -0.5732  27.770216     8.0769     7.9350     1.2157    92.8886 1.0000e-12  -64.93332  -64.39874 329.154293      99.98 0.0000e+00    868.958      20856         20  0.000e+00
     38.994     38.608    -0.5656  27.782208    -0.5737  27.769879     8.0772     7.9398     1.2157    92.8886 1.0000e-12  -64.93332  -64.39874 329.154294      99.98 0.0000e+00    869.000      20857         20  0.000e+00
     38.946     38.561    -0.5653  27.781978    -0.5745  27.770047     8.0805     7.9399     1.2157    92.8886 1.0000e-12  -64.93332  -64.39874 329.154294      99.95 0.0000e+00    869.042      20858         20  0.000e+00
     38.994     38.608    -0.5650  27.782093    -0.5753  27.770048     8.0944     7.9401     1.2157    92.8886 1.0000e-12  -64.93332  -64.39874 329.154295      99.95 0.0000e+00    869.083      20859         20  0.000e+00
