NBP2113_155081_ctd/data/nbp2113_016.ros
* Sea-Bird SBE 9 Data File:
* FileName = D:\Data\raw\NBP2113_016.hex
* Software Version Seasave V 7.26.7.121
* Temperature SN = 2438
* Conductivity SN = 2067
* Number of Bytes Per Scan = 40
* Number of Voltage Words = 5
* Number of Scans Averaged by the Deck Unit = 1
* NMEA Latitude = 65 52.76 S
* NMEA Longitude = 068 17.29 W
* NMEA UTC (Time) = Nov 28 2021  02:04:04
* NMEA baud rate = 9600
** Ship: RVIB N.B. Palmer
** Cruise: NBP2113 LTER
** Station: 400.100
** Operator: S. Blackman
# nquan = 20
# nvalues = 1166                                  
# units = specified
# name 0 = prDM: Pressure, Digiquartz [db]
# name 1 = depSM: Depth [salt water, m]
# name 2 = t090C: Temperature [ITS-90, deg C]
# name 3 = c0mS/cm: Conductivity [mS/cm]
# name 4 = t190C: Temperature, 2 [ITS-90, deg C]
# name 5 = c1mS/cm: Conductivity, 2 [mS/cm]
# name 6 = sbeox0ML/L: Oxygen, SBE 43 [ml/l]
# name 7 = sbeox1ML/L: Oxygen, SBE 43, 2 [ml/l]
# name 8 = flECO-AFL: Fluorescence, WET Labs ECO-AFL/FL [mg/m^3]
# name 9 = CStarTr0: Beam Transmission, WET Labs C-Star [%]
# name 10 = par: PAR/Irradiance, Biospherical/Licor
# name 11 = latitude: Latitude [deg]
# name 12 = longitude: Longitude [deg]
# name 13 = timeJ: Julian Days
# name 14 = altM: Altimeter [m]
# name 15 = spar: SPAR, Biospherical/Licor
# name 16 = timeS: Time, Elapsed [seconds]
# name 17 = scan: Scan Count
# name 18 = nbf: Bottles Fired
# name 19 = flag:  0.000e+00
# interval = seconds: 0.0416667
# start_time = Nov 28 2021 02:04:04 [NMEA time, header]
# bad_flag = -9.990e-29
*END*
[from data line 580]
     72.355     71.629    -0.6102  27.854690    -0.6105  27.853918     7.9640     8.0268     2.3146    92.4252 1.0000e-12  -65.88270  -68.28594 332.103869      99.98 5.2886e+00   1530.292      36728         12  0.000e+00
     72.410     71.683    -0.6104  27.854805    -0.6105  27.853974     7.9739     8.0265     2.1095    92.4252 1.0000e-12  -65.88270  -68.28594 332.103870      99.98 5.2886e+00   1530.333      36729         12  0.000e+00
     72.458     71.731    -0.6103  27.854690    -0.6102  27.853918     7.9716     8.0261     2.0362    92.4252 1.0000e-12  -65.88270  -68.28594 332.103870      99.95 5.2886e+00   1530.375      36730         12  0.000e+00
     72.410     71.683    -0.6104  27.854632    -0.6100  27.853918     7.9722     8.0310     2.0436    92.4252 1.0000e-12  -65.88270  -68.28594 332.103871      99.95 5.2886e+00   1530.417      36731         12  0.000e+00
     72.506     71.778    -0.6101  27.854460    -0.6105  27.853750     7.9788     8.0316     2.0509    92.4252 1.0000e-12  -65.88270  -68.28594 332.103871      99.98 5.2886e+00   1530.458      36732         12  0.000e+00
     72.417     71.690    -0.6105  27.854575    -0.6105  27.853862     7.9865     8.0317     2.0509    92.4252 1.0000e-12  -65.88270  -68.28594 332.103872      99.98 5.2886e+00   1530.500      36733         12  0.000e+00
     72.561     71.832    -0.6102  27.854978    -0.6103  27.853974     7.9838     8.0320     2.0509    92.4252 1.0000e-12  -65.88270  -68.28594 332.103872      99.98 5.2886e+00   1530.542      36734         12  0.000e+00
     72.561     71.832    -0.6105  27.854978    -0.6105  27.853918     7.9796     8.0322     2.0509    92.4252 1.0000e-12  -65.88270  -68.28594 332.103872      99.95 5.2886e+00   1530.583      36735         12  0.000e+00
     53.998     53.459    -0.5496  27.879893    -0.5511  27.878251     8.0618     8.0965     2.0362    90.9832 1.0000e-12  -65.88282  -68.28594 332.104507      99.95 5.2886e+00   1585.417      38051         13  0.000e+00
     53.903     53.364    -0.5505  27.879087    -0.5497  27.878981     8.0579     8.1018     2.0362    90.9317 1.0000e-12  -65.88282  -68.28594 332.104508      99.98 5.2886e+00   1585.458      38052         13  0.000e+00
     53.950     53.411    -0.5515  27.878224    -0.5480  27.878475     8.0644     8.1025     2.0362    90.9574 1.0000e-12  -65.88282  -68.28594 332.104508      99.98 5.2886e+00   1585.500      38053         13  0.000e+00
     53.848     53.310    -0.5523  27.877879    -0.5497  27.876677     8.0777     8.1045     2.0362    90.9574 1.0000e-12  -65.88282  -68.28594 332.104509      99.98 5.2886e+00   1585.542      38054         13  0.000e+00
     53.896     53.357    -0.5529  27.877073    -0.5526  27.875384     8.0777     8.1060     2.0362    90.9574 1.0000e-12  -65.88282  -68.28594 332.104509      99.93 5.2886e+00   1585.583      38055         13  0.000e+00
     53.800     53.262    -0.5538  27.876325    -0.5556  27.874317     8.0740     8.1071     2.0362    90.9574 1.0000e-12  -65.88282  -68.28594 332.104510      99.95 5.2886e+00   1585.625      38056         13  0.000e+00
     53.793     53.255    -0.5541  27.876440    -0.5579  27.873249     8.0701     8.1090     2.0362    90.9574 1.0000e-12  -65.88282  -68.28594 332.104510      99.98 5.2886e+00   1585.667      38057         13  0.000e+00
     53.697     53.161    -0.5542  27.875922    -0.5595  27.872406     8.0617     8.1097     2.0362    90.9574 1.0000e-12  -65.88282  -68.28594 332.104511      99.98 5.2886e+00   1585.708      38058         13  0.000e+00
     53.745     53.208    -0.5545  27.875749    -0.5605  27.871676     8.0650     8.1104     2.0362    90.9574 1.0000e-12  -65.88282  -68.28594 332.104511      99.98 5.2886e+00   1585.750      38059         13  0.000e+00
     53.697     53.161    -0.5558  27.874886    -0.5610  27.871451     8.0696     8.1107     2.0362    90.9317 1.0000e-12  -65.88284  -68.28594 332.104511      99.98 5.2886e+00   1585.792      38060         13  0.000e+00
     53.642     53.106    -0.5575  27.874253    -0.5614  27.871057     8.0694     8.1108     2.0362    90.9317 1.0000e-12  -65.88284  -68.28594 332.104512      99.98 5.2886e+00   1585.833      38061         13  0.000e+00
     53.697     53.161    -0.5582  27.873966    -0.5616  27.871338     8.0675     8.1109     2.0362    90.9317 1.0000e-12  -65.88284  -68.28594 332.104512      99.95 5.2886e+00   1585.875      38062         13  0.000e+00
     53.595     53.059    -0.5589  27.873390    -0.5601  27.872462     8.0651     8.1112     2.0362    90.9574 1.0000e-12  -65.88284  -68.28594 332.104513      99.95 5.2886e+00   1585.917      38063         13  0.000e+00
     53.595     53.059    -0.5594  27.873505    -0.5581  27.873136     8.0651     8.1106     2.0362    90.9317 1.0000e-12  -65.88284  -68.28594 332.104513      99.98 5.2886e+00   1585.958      38064         13  0.000e+00
     53.595     53.059    -0.5593  27.873045    -0.5567  27.874091     8.0591     8.1108     2.0362    90.9317 1.0000e-12  -65.88284  -68.28594 332.104514      99.98 5.2886e+00   1586.000      38065         13  0.000e+00
     53.547     53.012    -0.5594  27.873160    -0.5563  27.874541     8.0573     8.1103     2.0362    90.9574 1.0000e-12  -65.88284  -68.28594 332.104514      99.98 5.2886e+00   1586.042      38066         13  0.000e+00
     53.540     53.005    -0.5593  27.873102    -0.5564  27.874597     8.0640     8.1163     2.0362    90.9574 1.0000e-12  -65.88284  -68.28594 332.104515      99.95 5.2886e+00   1586.083      38067         13  0.000e+00
     53.499     52.964    -0.5606  27.872297    -0.5557  27.874990     8.0592     8.1164     2.0362    90.9574 1.0000e-12  -65.88284  -68.28594 332.104515      99.95 5.2886e+00   1586.125      38068         13  0.000e+00
     53.492     52.957    -0.5613  27.871837    -0.5552  27.875159     8.0600     8.1118     2.0362    90.9574 1.0000e-12  -65.88284  -68.28594 332.104516      99.98 5.2886e+00   1586.167      38069         13  0.000e+00
     53.499     52.964    -0.5612  27.872124    -0.5539  27.875889     8.0592     8.1116     2.0509    90.9317 1.0000e-12  -65.88284  -68.28594 332.104516      99.98 5.2886e+00   1586.208      38070         13  0.000e+00
     53.492     52.957    -0.5605  27.872700    -0.5525  27.876732     8.0581     8.1104     2.2560    90.8287 1.0000e-12  -65.88284  -68.28594 332.104517      99.98 5.2886e+00   1586.250      38071         13  0.000e+00
     53.444     52.910    -0.5595  27.873217    -0.5516  27.877406     8.0655     8.1146     2.3586    90.7514 1.0000e-12  -65.88284  -68.28594 332.104517      99.98 3.5258e+00   1586.292      38072         13  0.000e+00
     53.492     52.957    -0.5590  27.873908    -0.5506  27.877912     8.0713     8.1142     2.3659    90.7514 1.0000e-12  -65.88284  -68.28594 332.104518      99.98 5.2886e+00   1586.333      38073         13  0.000e+00
     53.444     52.910    -0.5589  27.874138    -0.5498  27.878586     8.0700     8.1145     2.3586    90.7514 1.0000e-12  -65.88284  -68.28594 332.104518      99.95 5.2886e+00   1586.375      38074         13  0.000e+00
     53.444     52.910    -0.5585  27.873965    -0.5488  27.879148     8.0718     8.1155     2.3586    90.7514 1.0000e-12  -65.88284  -68.28594 332.104519      99.95 5.2886e+00   1586.417      38075         13  0.000e+00
     53.444     52.910    -0.5572  27.875404    -0.5479  27.879935     8.0836     8.1156     2.3586    90.7514 1.0000e-12  -65.88284  -68.28594 332.104519      99.98 5.2886e+00   1586.458      38076         13  0.000e+00
     53.396     52.863    -0.5550  27.876784    -0.5468  27.880103     8.0861     8.1147     2.3586    90.7514 1.0000e-12  -65.88284  -68.28594 332.104520      99.98 5.2886e+00   1586.500      38077         13  0.000e+00
     53.444     52.910    -0.5529  27.878050    -0.5462  27.880441     8.0885     8.1147     2.3586    90.7514 1.0000e-12  -65.88284  -68.28594 332.104520      99.98 5.2886e+00   1586.542      38078         13  0.000e+00
     53.444     52.910    -0.5497  27.880294    -0.5461  27.880441     8.0831     8.1146     2.3513    90.7514 1.0000e-12  -65.88284  -68.28594 332.104521      99.93 5.2886e+00   1586.583      38079         13  0.000e+00
     53.444     52.910    -0.5471  27.881790    -0.5465  27.880385     8.0866     8.1145     2.3586    90.7514 1.0000e-12  -65.88284  -68.28594 332.104521      99.95 5.2886e+00   1586.625      38080         13  0.000e+00
     53.444     52.910    -0.5461  27.882135    -0.5471  27.880160     8.0843     8.1089     2.3586    90.7514 1.0000e-12  -65.88284  -68.28594 332.104522      99.98 5.2886e+00   1586.667      38081         13  0.000e+00
     53.444     52.910    -0.5457  27.882193    -0.5465  27.880666     8.0833     8.1131     2.3586    90.7514 1.0000e-12  -65.88284  -68.28594 332.104522      99.98 5.2886e+00   1586.708      38082         13  0.000e+00
     53.444     52.910    -0.5452  27.882135    -0.5457  27.880890     8.0820     8.1125     2.3586    90.7514 1.0000e-12  -65.88284  -68.28594 332.104523      99.98 5.2886e+00   1586.750      38083         13  0.000e+00
     53.492     52.958    -0.5465  27.880697    -0.5457  27.881115     8.0750     8.1119     2.3586    90.7514 1.0000e-12  -65.88284  -68.28592 332.104523      99.98 5.2886e+00   1586.792      38084         13  0.000e+00
     53.444     52.910    -0.5496  27.879028    -0.5460  27.880947     8.0769     8.1113     2.3513    90.7514 1.0000e-12  -65.88284  -68.28592 332.104524      99.98 5.2886e+00   1586.833      38085         13  0.000e+00
     53.492     52.958    -0.5519  27.878165    -0.5465  27.880272     8.0724     8.1162     2.3586    90.7514 1.0000e-12  -65.88284  -68.28592 332.104524      99.95 5.2886e+00   1586.875      38086         13  0.000e+00
     53.499     52.964    -0.5520  27.878108    -0.5488  27.879148     8.0717     8.1112     2.3586    90.7514 1.0000e-12  -65.88284  -68.28592 332.104524      99.95 5.2886e+00   1586.917      38087         13  0.000e+00
     53.540     53.005    -0.5520  27.878511    -0.5498  27.878362     8.0650     8.1105     2.3586    90.7514 1.0000e-12  -65.88284  -68.28592 332.104525      99.98 3.5258e+00   1586.958      38088         13  0.000e+00
     53.547     53.012    -0.5512  27.879144    -0.5503  27.878643     8.0656     8.1095     2.3586    90.7514 1.0000e-12  -65.88284  -68.28592 332.104525      99.98 5.2886e+00   1587.000      38089         13  0.000e+00
     53.540     53.005    -0.5499  27.879604    -0.5497  27.879205     8.0613     8.1145     2.3586    90.7514 1.0000e-12  -65.88284  -68.28592 332.104526      99.98 5.2886e+00   1587.042      38090         13  0.000e+00
     53.595     53.059    -0.5488  27.880525    -0.5488  27.879317     8.0597     8.1148     2.3586    90.8802 1.0000e-12  -65.88284  -68.28592 332.104526      99.95 5.2886e+00   1587.083      38091         13  0.000e+00
     53.595     53.059    -0.5478  27.881100    -0.5485  27.879486     8.0566     8.1151     2.3586    91.0347 1.0000e-12  -65.88284  -68.28592 332.104527      99.95 5.2886e+00   1587.125      38092         13  0.000e+00
     53.595     53.059    -0.5472  27.881272    -0.5484  27.879598     8.0592     8.1143     2.3586    91.0604 1.0000e-12  -65.88284  -68.28592 332.104527      99.98 5.2886e+00   1587.167      38093         13  0.000e+00
     53.698     53.161    -0.5483  27.880467    -0.5480  27.879599     8.0518     8.1145     2.3586    91.0604 1.0000e-12  -65.88284  -68.28592 332.104528      99.98 3.5258e+00   1587.208      38094         13  0.000e+00
     53.650     53.114    -0.5486  27.880122    -0.5479  27.879598     8.0571     8.1143     2.3586    91.0604 1.0000e-12  -65.88284  -68.28592 332.104528      99.98 5.2886e+00   1587.250      38095         13  0.000e+00
     53.698     53.161    -0.5503  27.878799    -0.5488  27.878980     8.0626     8.1145     2.3586    91.0347 1.0000e-12  -65.88284  -68.28592 332.104529      99.98 5.2886e+00   1587.292      38096         13  0.000e+00
     53.752     53.215    -0.5527  27.877360    -0.5500  27.877969     8.0753     8.1146     2.1241    91.0604 1.0000e-12  -65.88284  -68.28592 332.104529      99.98 5.2886e+00   1587.333      38097         13  0.000e+00
     53.746     53.209    -0.5538  27.877188    -0.5524  27.876789     8.0782     8.1148     1.8970    91.0347 1.0000e-12  -65.88284  -68.28592 332.104530      99.95 5.2886e+00   1587.375      38098         13  0.000e+00
     53.800     53.263    -0.5544  27.876900    -0.5543  27.875272     8.0822     8.1148     1.8604    91.0604 1.0000e-12  -65.88284  -68.28592 332.104530      99.95 5.2886e+00   1587.417      38099         13  0.000e+00
     58.061     57.480    -0.5732  27.866557    -0.5797  27.862810     8.0951     8.1198     1.8897    91.0347 1.0000e-12  -65.88286  -68.28592 332.104566      99.98 5.2886e+00   1590.500      38173         14  0.000e+00
     58.116     57.534    -0.5732  27.866672    -0.5781  27.863429     8.0881     8.1187     1.8897    91.0347 1.0000e-12  -65.88286  -68.28592 332.104566      99.98 5.2886e+00   1590.542      38174         14  0.000e+00
     58.116     57.534    -0.5723  27.867707    -0.5781  27.863035     8.0895     8.1178     1.8970    91.0347 1.0000e-12  -65.88286  -68.28592 332.104567      99.93 3.5258e+00   1590.583      38175         14  0.000e+00
     58.116     57.535    -0.5707  27.868225    -0.5795  27.862417     8.0803     8.1172     1.9117    91.0347 1.0000e-12  -65.88286  -68.28592 332.104567      99.95 5.2886e+00   1590.625      38176         14  0.000e+00
     58.219     57.636    -0.5699  27.868340    -0.5801  27.862080     8.0771     8.1174     1.9263    91.0347 1.0000e-12  -65.88286  -68.28592 332.104568      99.98 5.2886e+00   1590.667      38177         14  0.000e+00
     58.212     57.629    -0.5694  27.868686    -0.5790  27.863036     8.0737     8.1170     1.9263    91.0347 1.0000e-12  -65.88286  -68.28592 332.104568      99.98 5.2886e+00   1590.708      38178         14  0.000e+00
     58.219     57.636    -0.5688  27.868628    -0.5767  27.864328     8.0806     8.1164     1.9263    91.0347 1.0000e-12  -65.88286  -68.28592 332.104569      99.98 5.2886e+00   1590.750      38179         14  0.000e+00
     58.267     57.684    -0.5690  27.868801    -0.5752  27.865058     8.0783     8.1160     1.9263    91.0347 1.0000e-12  -65.88286  -68.28592 332.104569      99.98 5.2886e+00   1590.792      38180         14  0.000e+00
     58.219     57.636    -0.5687  27.869088    -0.5739  27.865395     8.0828     8.1156     1.9263    91.0347 1.0000e-12  -65.88286  -68.28592 332.104570      99.98 5.2886e+00   1590.833      38181         14  0.000e+00
     58.267     57.684    -0.5688  27.869491    -0.5729  27.866013     8.0828     8.1154     1.9263    91.0347 1.0000e-12  -65.88286  -68.28592 332.104570      99.95 5.2886e+00   1590.875      38182         14  0.000e+00
     58.315     57.731    -0.5687  27.868858    -0.5726  27.866407     8.0824     8.1153     1.9263    91.0347 1.0000e-12  -65.88286  -68.28592 332.104571      99.95 5.2886e+00   1590.917      38183         14  0.000e+00
     58.315     57.731    -0.5687  27.868628    -0.5724  27.866519     8.0818     8.1151     1.9263    91.0347 1.0000e-12  -65.88286  -68.28592 332.104571      99.98 5.2886e+00   1590.958      38184         14  0.000e+00
     58.315     57.731    -0.5687  27.868973    -0.5718  27.866519     8.0822     8.1150     1.9263    91.0347 1.0000e-12  -65.88286  -68.28592 332.104572      99.98 5.2886e+00   1591.000      38185         14  0.000e+00
     58.315     57.731    -0.5685  27.869319    -0.5710  27.866688     8.0852     8.1147     1.9263    91.0347 1.0000e-12  -65.88286  -68.28592 332.104572      99.98 5.2886e+00   1591.042      38186         14  0.000e+00
