NBP2113_155081_ctd/data/nbp2113_026.cnv
* Sea-Bird SBE 9 Data File:
* FileName = D:\Data\raw\NBP2113_026.hex
* Software Version Seasave V 7.26.7.121
* Temperature SN = 2438
* Conductivity SN = 2067
* Number of Bytes Per Scan = 40
* Number of Voltage Words = 5
* Number of Scans Averaged by the Deck Unit = 1
* NMEA Latitude = 68 01.82 S
* NMEA Longitude = 069 17.18 W
* NMEA UTC (Time) = Dec 04 2021  00:09:45
* NMEA baud rate = 9600
** Ship: RVIB N.B. Palmer
** Cruise: NBP2113 LTER
** Station: 200.-040
** Operator: S. Blackman
# nquan = 25
# nvalues = 922                         
# units = specified
# name 0 = prDM: Pressure, Digiquartz [db]
# name 1 = depSM: Depth [salt water, m]
# name 2 = t090C: Temperature [ITS-90, deg C]
# name 3 = c0mS/cm: Conductivity [mS/cm]
# name 4 = t190C: Temperature, 2 [ITS-90, deg C]
# name 5 = c1mS/cm: Conductivity, 2 [mS/cm]
# name 6 = sbeox0ML/L: Oxygen, SBE 43 [ml/l]
# name 7 = sbeox1ML/L: Oxygen, SBE 43, 2 [ml/l]
# name 8 = flECO-AFL: Fluorescence, WET Labs ECO-AFL/FL [mg/m^3]
# name 9 = CStarTr0: Beam Transmission, WET Labs C-Star [%]
# name 10 = par: PAR/Irradiance, Biospherical/Licor
# name 11 = latitude: Latitude [deg]
# name 12 = longitude: Longitude [deg]
# name 13 = timeJ: Julian Days
# name 14 = altM: Altimeter [m]
# name 15 = spar: SPAR, Biospherical/Licor
# name 16 = timeS: Time, Elapsed [seconds]
# name 17 = scan: Scan Count
# name 18 = density00: Density [density, kg/m^3]
# name 19 = density11: Density, 2 [density, kg/m^3]
# name 20 = sal00: Salinity, Practical [PSU]
# name 21 = sal11: Salinity, Practical, 2 [PSU]
# name 22 = oxsolML/L: Oxygen Saturation, Garcia & Gordon [ml/l]
# name 23 = nbin: number of scans per bin
# name 24 = flag: flag
# span 0 =      1.000,    463.000       
# span 1 =      0.988,    457.853       
# span 2 =    -1.2327,     1.4052       
# span 3 =  27.181627,  30.200971       
# span 4 =    -1.2336,     1.4053       
# span 5 =  27.176603,  30.199674       
# span 6 =    -5.6839,    29.7610       
# span 7 =     4.0479,    10.4876       
# span 8 =    -0.0200,     2.4389       
# span 9 =    88.6985,    96.9098       
# span 10 = 1.0000e-12, 1.2093e+02      
# span 11 =  -68.03038,  -68.02888      
# span 12 =  -69.29210,  -69.28596      
# span 13 = 338.010309, 338.031518      
# span 14 =      -0.47,     128.98      
# span 15 = 1.1282e+02, 2.0626e+02      
# span 16 =    305.716,   2138.186      
# span 17 =       7338,      51317      
# span 18 =  1027.1737,  1029.9497      
# span 19 =  1027.1726,  1029.9485      
# span 20 =    33.7863,    34.6922      
# span 21 =    33.7847,    34.6909      
# span 22 =    7.74244,    8.34155      
# span 23 =         10,         45      
# span 24 = 0.0000e+00, 0.0000e+00      
# interval = decibars: 1                
# start_time = Dec 04 2021 00:09:45 [NMEA time, header]
# bad_flag = -9.990e-29
*END*
[from data line 290]
    294.000    290.852     1.2398  29.961001     1.2398  29.960119     4.1388     4.1804    -0.0038    96.8063 1.0000e-12  -68.03010  -69.28680 338.016448      99.97 1.7629e+02    836.065      20067  1029.1218  1029.1210    34.6347    34.6336    7.77797         21 0.0000e+00
    295.000    291.841     1.2364  29.957465     1.2362  29.956646     4.1389     4.1819    -0.0054    96.6869 1.0000e-12  -68.03010  -69.28679 338.016458      99.97 1.7629e+02    836.969      20088  1029.1259  1029.1252    34.6334    34.6325    7.77873         22 0.0000e+00
    296.000    292.829     1.2347  29.956103     1.2344  29.954977     4.1337     4.1839    -0.0022    96.8106 1.0000e-12  -68.03010  -69.28678 338.016469      99.97 1.7629e+02    837.940      20112  1029.1304  1029.1296    34.6329    34.6318    7.77908         25 0.0000e+00
    297.000    293.817     1.2346  29.956397     1.2341  29.954965     4.1323     4.1805    -0.0074    96.7928 1.0000e-12  -68.03010  -69.28678 338.016483      99.98 1.7629e+02    839.147      20141  1029.1351  1029.1341    34.6328    34.6315    7.77911         33 0.0000e+00
    298.000    294.805     1.2357  29.958130     1.2351  29.956706     4.1347     4.1750    -0.0029    96.7973 1.0000e-12  -68.03010  -69.28677 338.016500      99.98 1.7629e+02    840.588      20175  1029.1400  1029.1391    34.6332    34.6320    7.77887         33 0.0000e+00
    299.000    295.794     1.2352  29.957843     1.2347  29.956710     4.1389     4.1796    -0.0050    96.8202 1.0000e-12  -68.03010  -69.28678 338.016513      99.98 1.7629e+02    841.751      20203  1029.1444  1029.1438    34.6329    34.6320    7.77899         24 0.0000e+00
    300.000    296.784     1.2352  29.958583     1.2347  29.957614     4.1358     4.1787    -0.0071    96.8120 1.0000e-12  -68.03010  -69.28679 338.016525      99.98 1.7594e+02    842.741      20227  1029.1495  1029.1489    34.6332    34.6325    7.77898         25 0.0000e+00
    301.000    297.772     1.2356  29.960227     1.2349  29.958791     4.1345     4.1778    -0.0167    96.8026 1.0000e-12  -68.03010  -69.28681 338.016539      99.97 1.7516e+02    843.953      20256  1029.1549  1029.1542    34.6342    34.6332    7.77883         31 0.0000e+00
    302.000    298.761     1.2377  29.962277     1.2377  29.961320     4.1369     4.1770    -0.0064    96.7943 1.0000e-12  -68.03008  -69.28685 338.016565      99.98 1.7629e+02    846.248      20311  1029.1592  1029.1583    34.6340    34.6328    7.77843         40 0.0000e+00
    303.000    299.748     1.2372  29.962418     1.2362  29.960555     4.1447     4.1745    -0.0042    96.7796 1.0000e-12  -68.03008  -69.28685 338.016587      99.98 1.7629e+02    848.149      20357  1029.1642  1029.1632    34.6342    34.6329    7.77852         28 0.0000e+00
    304.000    300.737     1.2372  29.964774     1.2378  29.964638     4.1285     4.1678    -0.0015    96.7812 1.0000e-12  -68.03008  -69.28682 338.016597      99.98 1.7629e+02    849.011      20377  1029.1708  1029.1701    34.6366    34.6358    7.77839         18 0.0000e+00
    305.000    301.724     1.2466  29.975200     1.2462  29.973895     4.1119     4.1594    -0.0077    96.7803 1.0000e-12  -68.03008  -69.28681 338.016605      99.98 1.7629e+02    849.668      20393  1029.1764  1029.1755    34.6389    34.6377    7.77640         15 0.0000e+00
    306.000    302.715     1.2472  29.976356     1.2460  29.974523     4.1071     4.1589    -0.0077    96.7693 1.0000e-12  -68.03008  -69.28680 338.016612      99.98 1.7550e+02    850.235      20407  1029.1813  1029.1806    34.6392    34.6382    7.77627         13 0.0000e+00
    307.000    303.705     1.2521  29.982445     1.2511  29.980836     4.1028     4.1573    -0.0077    96.7805 1.0000e-12  -68.03008  -69.28680 338.016618      99.98 1.7456e+02    850.776      20420  1029.1870  1029.1862    34.6410    34.6400    7.77521         13 0.0000e+00
    308.000    304.693     1.2658  29.996967     1.2639  29.994255     4.0985     4.1551    -0.0077    96.8019 1.0000e-12  -68.03008  -69.28680 338.016624      99.98 1.7453e+02    851.337      20433  1029.1925  1029.1917    34.6438    34.6425    7.77234         14 0.0000e+00
    309.000    305.678     1.2726  30.003870     1.2718  30.002408     4.0977     4.1563    -0.0077    96.8013 1.0000e-12  -68.03008  -69.28680 338.016632      99.97 1.7453e+02    852.015      20449  1029.1971  1029.1964    34.6445    34.6436    7.77095         19 0.0000e+00
    310.000    306.669     1.2701  30.002477     1.2683  29.999022     4.1001     4.1561    -0.0038    96.7925 1.0000e-12  -68.03007  -69.28685 338.016674      99.98 1.7509e+02    855.598      20535  1029.2026  1029.2009    34.6449    34.6425    7.77142         40 0.0000e+00
    311.000    307.657     1.2752  30.008193     1.2750  30.007201     4.0919     4.1450     0.0007    96.7803 1.0000e-12  -68.03006  -69.28688 338.016701      99.98 1.7452e+02    858.012      20593  1029.2079  1029.2070    34.6461    34.6450    7.77036         21 0.0000e+00
    312.000    308.645     1.2820  30.016004     1.2819  30.015199     4.0912     4.1450     0.0008    96.7796 1.0000e-12  -68.03006  -69.28688 338.016711      99.98 1.7453e+02    858.799      20612  1029.2134  1029.2126    34.6479    34.6470    7.76891         19 0.0000e+00
    313.000    309.634     1.2855  30.019909     1.2858  30.019589     4.0908     4.1431     0.0010    96.7979 1.0000e-12  -68.03006  -69.28688 338.016719      99.98 1.7453e+02    859.525      20630  1029.2182  1029.2175    34.6485    34.6477    7.76819         16 0.0000e+00
    314.000    310.621     1.2865  30.021514     1.2865  30.020969     4.0940     4.1447    -0.0043    96.8011 1.0000e-12  -68.03006  -69.28686 338.016727      99.98 1.7515e+02    860.211      20646  1029.2231  1029.2226    34.6488    34.6482    7.76797         17 0.0000e+00
    315.000    311.611     1.2887  30.024302     1.2878  30.022515     4.0977     4.1497    -0.0068    96.8055 1.0000e-12  -68.03006  -69.28686 338.016735      99.98 1.7616e+02    860.896      20663  1029.2282  1029.2272    34.6494    34.6482    7.76751         17 0.0000e+00
    316.000    312.599     1.2878  30.023500     1.2889  30.024012     4.0963     4.1475    -0.0077    96.8041 1.0000e-12  -68.03006  -69.28685 338.016743      99.98 1.7629e+02    861.611      20680  1029.2325  1029.2319    34.6488    34.6482    7.76771         17 0.0000e+00
    317.000    313.589     1.2853  30.021244     1.2848  30.019469     4.0990     4.1388    -0.0074    96.8135 1.0000e-12  -68.03006  -69.28684 338.016752      99.98 1.7594e+02    862.405      20699  1029.2369  1029.2356    34.6480    34.6464    7.76824         21 0.0000e+00
    318.000    314.576     1.2865  30.022982     1.2865  30.022134     4.1001     4.1410    -0.0024    96.8108 1.0000e-12  -68.03006  -69.28686 338.016765      99.98 1.7458e+02    863.487      20725  1029.2419  1029.2410    34.6484    34.6473    7.76800         32 0.0000e+00
    319.000    315.563     1.2941  30.031722     1.2945  30.030937     4.0833     4.1381    -0.0061    96.8112 1.0000e-12  -68.03006  -69.28689 338.016801      99.97 1.7453e+02    866.630      20800  1029.2476  1029.2465    34.6506    34.6492    7.76638         27 0.0000e+00
    320.000    316.554     1.3004  30.037882     1.3009  30.037489     4.0804     4.1323    -0.0077    96.8217 1.0000e-12  -68.03006  -69.28692 338.016822      99.98 1.7453e+02    868.425      20843  1029.2520  1029.2512    34.6509    34.6499    7.76511         23 0.0000e+00
    321.000    317.541     1.3008  30.038704     1.3016  30.038769     4.0792     4.1316    -0.0077    96.7961 1.0000e-12  -68.03006  -69.28692 338.016832      99.98 1.7453e+02    869.316      20865  1029.2568  1029.2560    34.6510    34.6501    7.76503         20 0.0000e+00
    322.000    318.530     1.3005  30.038778     1.3006  30.038004     4.0786     4.1263    -0.0077    96.8278 1.0000e-12  -68.03006  -69.28692 338.016842      99.98 1.7453e+02    870.152      20885  1029.2615  1029.2606    34.6508    34.6497    7.76510         21 0.0000e+00
    323.000    319.519     1.3031  30.042121     1.3031  30.041268     4.0751     4.1286     0.0022    96.8262 1.0000e-12  -68.03006  -69.28692 338.016852      99.98 1.7453e+02    871.058      20906  1029.2666  1029.2658    34.6516    34.6506    7.76454         23 0.0000e+00
    324.000    320.507     1.3060  30.045596     1.3059  30.044510     4.0844     4.1271     0.0028    96.8266 1.0000e-12  -68.03006  -69.28690 338.016865      99.98 1.7453e+02    872.147      20933  1029.2716  1029.2706    34.6523    34.6510    7.76393         28 0.0000e+00
    325.000    321.495     1.3071  30.047394     1.3071  30.046480     4.0832     4.1241    -0.0041    96.8242 1.0000e-12  -68.03006  -69.28690 338.016878      99.98 1.7453e+02    873.283      20960  1029.2766  1029.2756    34.6527    34.6516    7.76368         25 0.0000e+00
    326.000    322.485     1.3073  30.048172     1.3072  30.047338     4.0758     4.1276     0.0000    96.8082 1.0000e-12  -68.03006  -69.28690 338.016889      99.97 1.7453e+02    874.248      20983  1029.2815  1029.2807    34.6530    34.6520    7.76364         22 0.0000e+00
    327.000    323.472     1.3072  30.048501     1.3075  30.048205     4.0744     4.1280    -0.0001    96.8183 1.0000e-12  -68.03006  -69.28690 338.016899      99.97 1.7453e+02    875.103      21003  1029.2862  1029.2856    34.6529    34.6522    7.76366         21 0.0000e+00
    328.000    324.461     1.3083  30.050713     1.3081  30.049587     4.0715     4.1278    -0.0024    96.8091 1.0000e-12  -68.03006  -69.28692 338.016912      99.98 1.7453e+02    876.154      21029  1029.2917  1029.2907    34.6540    34.6527    7.76339         31 0.0000e+00
    329.000    325.448     1.3088  30.051914     1.3087  30.050956     4.0833     4.1162    -0.0072    96.8143 1.0000e-12  -68.03004  -69.28694 338.016946      99.98 1.7453e+02    879.157      21101  1029.2967  1029.2958    34.6544    34.6532    7.76327         33 0.0000e+00
    330.000    326.438     1.3093  30.052899     1.3090  30.051852     4.0712     4.1115    -0.0002    96.8009 1.0000e-12  -68.03004  -69.28694 338.016960      99.98 1.7453e+02    880.369      21130  1029.3015  1029.3007    34.6545    34.6535    7.76317         19 0.0000e+00
    331.000    327.425     1.3111  30.055726     1.3128  30.057058     4.0696     4.1156    -0.0049    96.7815 1.0000e-12  -68.03004  -69.28694 338.016968      99.98 1.7453e+02    881.062      21146  1029.3068  1029.3065    34.6555    34.6553    7.76274         15 0.0000e+00
    332.000    328.415     1.3217  30.067572     1.3209  30.065940     4.0721     4.1137    -0.0072    96.8013 1.0000e-12  -68.03004  -69.28693 338.016975      99.97 1.7453e+02    881.663      21161  1029.3127  1029.3118    34.6583    34.6571    7.76050         14 0.0000e+00
    333.000    329.402     1.3271  30.073714     1.3265  30.072284     4.0753     4.1106    -0.0135    96.7692 1.0000e-12  -68.03004  -69.28692 338.016982      99.98 1.7453e+02    882.235      21175  1029.3179  1029.3170    34.6596    34.6584    7.75937         14 0.0000e+00
    334.000    330.391     1.3275  30.074563     1.3273  30.073586     4.0750     4.1118    -0.0150    96.7794 1.0000e-12  -68.03004  -69.28693 338.016989      99.98 1.7453e+02    882.876      21190  1029.3227  1029.3219    34.6597    34.6587    7.75929         18 0.0000e+00
    335.000    331.381     1.3253  30.072438     1.3256  30.071936     4.0727     4.1144    -0.0087    96.8036 1.0000e-12  -68.03004  -69.28695 338.017010      99.98 1.7429e+02    884.703      21234  1029.3270  1029.3261    34.6589    34.6578    7.75977         32 0.0000e+00
    336.000    332.369     1.3248  30.072480     1.3266  30.073408     4.0766     4.1119     0.0091    96.8123 1.0000e-12  -68.03004  -69.28698 338.017054      99.97 1.7274e+02    888.506      21325  1029.3319  1029.3311    34.6589    34.6581    7.75986         27 0.0000e+00
    337.000    333.357     1.3265  30.074505     1.3264  30.073458     4.0684     4.1046    -0.0014    96.8112 1.0000e-12  -68.03004  -69.28698 338.017065      99.97 1.7276e+02    889.456      21348  1029.3365  1029.3356    34.6589    34.6578    7.75951         21 0.0000e+00
    338.000    334.344     1.3260  30.074401     1.3257  30.073248     4.0661     4.1043    -0.0070    96.8341 1.0000e-12  -68.03004  -69.28698 338.017075      99.98 1.7276e+02    890.303      21368  1029.3412  1029.3404    34.6588    34.6577    7.75962         19 0.0000e+00
    339.000    335.334     1.3260  30.074815     1.3257  30.073834     4.0709     4.1104    -0.0191    96.8398 1.0000e-12  -68.03004  -69.28696 338.017084      99.97 1.7276e+02    891.063      21387  1029.3459  1029.3452    34.6588    34.6579    7.75964         18 0.0000e+00
    340.000    336.322     1.3263  30.075809     1.3259  30.074539     4.0644     4.1094    -0.0178    96.8476 1.0000e-12  -68.03004  -69.28696 338.017092      99.98 1.7436e+02    891.768      21403  1029.3508  1029.3500    34.6591    34.6580    7.75955         16 0.0000e+00
    341.000    337.309     1.3268  30.076632     1.3265  30.075567     4.0559     4.1025    -0.0072    96.8147 1.0000e-12  -68.03004  -69.28696 338.017100      99.98 1.7443e+02    892.460      21420  1029.3554  1029.3547    34.6591    34.6581    7.75946         17 0.0000e+00
    342.000    338.299     1.3301  30.080994     1.3283  30.078526     4.0481     4.1001    -0.0061    96.8353 1.0000e-12  -68.03004  -69.28696 338.017109      99.98 1.7395e+02    893.180      21437  1029.3609  1029.3601    34.6604    34.6592    7.75873         18 0.0000e+00
    343.000    339.286     1.3353  30.089243     1.3329  30.085714     4.0523     4.1044    -0.0046    96.8309 1.0000e-12  -68.03004  -69.28696 338.017118      99.98 1.7294e+02    893.992      21457  1029.3684  1029.3672    34.6646    34.6628    7.75748         21 0.0000e+00
    344.000    340.274     1.3389  30.094854     1.3388  30.093817     4.0561     4.1017     0.0001    96.7865 1.0000e-12  -68.03004  -69.28697 338.017130      99.98 1.7276e+02    895.011      21481  1029.3748  1029.3739    34.6672    34.6660    7.75663         28 0.0000e+00
    345.000    341.263     1.3358  30.091964     1.3361  30.091339     4.0536     4.1017    -0.0035    96.8351 1.0000e-12  -68.03004  -69.28699 338.017148      99.98 1.7276e+02    896.548      21518  1029.3793  1029.3784    34.6664    34.6653    7.75729         38 0.0000e+00
    346.000    342.252     1.3356  30.092175     1.3356  30.090856     4.0556     4.1011    -0.0020    96.7851 1.0000e-12  -68.03002  -69.28702 338.017189      99.98 1.7276e+02    900.148      21605  1029.3840  1029.3827    34.6663    34.6647    7.75733         32 0.0000e+00
    347.000    343.238     1.3372  30.094383     1.3366  30.093117     4.0550     4.0941    -0.0062    96.8248 1.0000e-12  -68.03002  -69.28704 338.017205      99.97 1.7276e+02    901.474      21636  1029.3890  1029.3882    34.6668    34.6658    7.75700         22 0.0000e+00
    348.000    344.229     1.3375  30.095067     1.3372  30.093926     4.0541     4.1009     0.0010    96.8138 1.0000e-12  -68.03002  -69.28702 338.017214      99.98 1.7276e+02    902.293      21656  1029.3936  1029.3927    34.6667    34.6656    7.75693         18 0.0000e+00
    349.000    345.216     1.3350  30.092637     1.3354  30.092423     4.0536     4.1035     0.0005    96.8070 1.0000e-12  -68.03002  -69.28702 338.017222      99.97 1.7276e+02    903.013      21673  1029.3978  1029.3973    34.6658    34.6651    7.75748         17 0.0000e+00
    350.000    346.207     1.3346  30.093228     1.3347  30.092361     4.0499     4.1012    -0.0031    96.8296 1.0000e-12  -68.03002  -69.28701 338.017231      99.98 1.7276e+02    903.744      21691  1029.4030  1029.4021    34.6664    34.6653    7.75752         19 0.0000e+00
