NBP2113_155081_ctd/data/nbp2113_008.cnv
* Sea-Bird SBE 9 Data File:
* FileName = D:\Data\raw\NBP2113_008.hex
* Software Version Seasave V 7.26.7.121
* Temperature SN = 2438
* Conductivity SN = 2067
* Number of Bytes Per Scan = 40
* Number of Voltage Words = 5
* Number of Scans Averaged by the Deck Unit = 1
* NMEA Latitude = 64 55.99 S
* NMEA Longitude = 064 24.05 W
* NMEA UTC (Time) = Nov 25 2021  04:33:36
* NMEA baud rate = 9600
** Ship: RVIB N.B. Palmer
** Cruise: NBP2113 LTER
** Station: 600.040
** Operator: B. Urmston
# nquan = 25
# nvalues = 2591                        
# units = specified
# name 0 = prDM: Pressure, Digiquartz [db]
# name 1 = depSM: Depth [salt water, m]
# name 2 = t090C: Temperature [ITS-90, deg C]
# name 3 = c0mS/cm: Conductivity [mS/cm]
# name 4 = t190C: Temperature, 2 [ITS-90, deg C]
# name 5 = c1mS/cm: Conductivity, 2 [mS/cm]
# name 6 = sbeox0ML/L: Oxygen, SBE 43 [ml/l]
# name 7 = sbeox1ML/L: Oxygen, SBE 43, 2 [ml/l]
# name 8 = flECO-AFL: Fluorescence, WET Labs ECO-AFL/FL [mg/m^3]
# name 9 = CStarTr0: Beam Transmission, WET Labs C-Star [%]
# name 10 = par: PAR/Irradiance, Biospherical/Licor
# name 11 = latitude: Latitude [deg]
# name 12 = longitude: Longitude [deg]
# name 13 = timeJ: Julian Days
# name 14 = altM: Altimeter [m]
# name 15 = spar: SPAR, Biospherical/Licor
# name 16 = timeS: Time, Elapsed [seconds]
# name 17 = scan: Scan Count
# name 18 = density00: Density [density, kg/m^3]
# name 19 = density11: Density, 2 [density, kg/m^3]
# name 20 = sal00: Salinity, Practical [PSU]
# name 21 = sal11: Salinity, Practical, 2 [PSU]
# name 22 = oxsolML/L: Oxygen Saturation, Garcia & Gordon [ml/l]
# name 23 = nbin: number of scans per bin
# name 24 = flag: flag
# span 0 =      1.000,   1296.000       
# span 1 =      0.991,   1279.310       
# span 2 =    -0.7757,     1.4983       
# span 3 =  27.458468,  30.658622       
# span 4 =    -0.7751,     1.4984       
# span 5 =  27.458170,  30.657683       
# span 6 =     4.0496,     8.2724       
# span 7 =     4.0872,     8.1826       
# span 8 =    -0.0226,     1.5457       
# span 9 =    91.7954,    98.1822       
# span 10 = 1.0000e-12, 5.7581e+00      
# span 11 =  -64.93344,  -64.93258      
# span 12 =  -64.40234,  -64.40134      
# span 13 = 329.193839, 329.241351      
# span 14 =       8.09,     100.21      
# span 15 = 0.0000e+00, 0.0000e+00      
# span 16 =    331.755,   4436.767      
# span 17 =       7963,     106483      
# span 18 =  1027.1448,  1033.7898      
# span 19 =  1027.1439,  1033.7883      
# span 20 =    33.7600,    34.6787      
# span 21 =    33.7590,    34.6773      
# span 22 =    7.72468,    8.24682      
# span 23 =          3,         51      
# span 24 = 0.0000e+00, 0.0000e+00      
# interval = decibars: 1                
# start_time = Nov 25 2021 04:33:36 [NMEA time, header]
# bad_flag = -9.990e-29
*END*
[from data line 1334]
   1257.000   1240.935     1.4943  30.638188     1.4945  30.637294     4.0714     4.0980    -0.0108    97.9057 1.0000e-12  -64.93270  -64.40224 329.216576      46.49 0.0000e+00   2296.195      55110  1033.6104  1033.6093    34.6781    34.6767    7.72551         24 0.0000e+00
   1256.000   1239.951     1.4940  30.637544     1.4943  30.636552     4.0646     4.0955    -0.0164    97.8927 1.0000e-12  -64.93270  -64.40224 329.216588      47.71 0.0000e+00   2297.243      55135  1033.6058  1033.6046    34.6781    34.6765    7.72555         28 0.0000e+00
   1255.000   1238.966     1.4941  30.637165     1.4942  30.636065     4.0646     4.0952    -0.0018    97.8532 1.0000e-12  -64.93270  -64.40224 329.216604      48.73 0.0000e+00   2298.599      55167  1033.6012  1033.6000    34.6781    34.6765    7.72554         40 0.0000e+00
   1254.000   1237.982     1.4940  30.636642     1.4943  30.635650     4.0653     4.0936    -0.0042    97.8860 1.0000e-12  -64.93270  -64.40222 329.216627      49.82 0.0000e+00   2300.580      55215  1033.5966  1033.5954    34.6781    34.6765    7.72556         38 0.0000e+00
   1253.000   1236.997     1.4939  30.636056     1.4941  30.635071     4.0637     4.0929    -0.0049    97.8849 1.0000e-12  -64.93270  -64.40222 329.216646      50.48 0.0000e+00   2302.196      55254  1033.5920  1033.5908    34.6780    34.6765    7.72559         28 0.0000e+00
   1252.000   1236.014     1.4937  30.635481     1.4939  30.634497     4.0665     4.0965    -0.0091    97.8864 1.0000e-12  -64.93270  -64.40224 329.216658      51.35 0.0000e+00   2303.275      55280  1033.5874  1033.5862    34.6779    34.6765    7.72561         23 0.0000e+00
   1251.000   1235.029     1.4936  30.635040     1.4938  30.633939     4.0675     4.1015    -0.0022    97.8880 1.0000e-12  -64.93270  -64.40224 329.216669      52.38 0.0000e+00   2304.156      55301  1033.5829  1033.5816    34.6781    34.6764    7.72564         20 0.0000e+00
   1250.000   1234.046     1.4935  30.634439     1.4937  30.633416     4.0692     4.0995    -0.0194    97.8895 1.0000e-12  -64.93270  -64.40224 329.216678      53.57 0.0000e+00   2304.965      55320  1033.5782  1033.5770    34.6779    34.6765    7.72566         19 0.0000e+00
   1249.000   1233.059     1.4934  30.633836     1.4937  30.632866     4.0693     4.0970    -0.0085    97.8905 1.0000e-12  -64.93270  -64.40224 329.216687      54.51 0.0000e+00   2305.769      55339  1033.5735  1033.5723    34.6779    34.6763    7.72569         20 0.0000e+00
   1248.000   1232.076     1.4933  30.633367     1.4936  30.632511     4.0725     4.0991    -0.0074    97.8743 1.0000e-12  -64.93270  -64.40224 329.216697      55.79 0.0000e+00   2306.652      55361  1033.5690  1033.5679    34.6779    34.6765    7.72570         23 0.0000e+00
   1247.000   1231.092     1.4933  30.632956     1.4936  30.632043     4.0709     4.0974    -0.0067    97.8658 1.0000e-12  -64.93270  -64.40223 329.216711      56.43 0.0000e+00   2307.841      55389  1033.5644  1033.5632    34.6779    34.6764    7.72570         36 0.0000e+00
   1246.000   1230.108     1.4932  30.632442     1.4935  30.631443     4.0659     4.0953    -0.0033    97.8724 1.0000e-12  -64.93270  -64.40222 329.216735      57.76 0.0000e+00   2309.945      55440  1033.5598  1033.5586    34.6779    34.6763    7.72573         41 0.0000e+00
   1245.000   1229.124     1.4931  30.631918     1.4934  30.630975     4.0648     4.0967    -0.0109    97.8703 1.0000e-12  -64.93270  -64.40222 329.216756      58.74 0.0000e+00   2311.696      55482  1033.5552  1033.5540    34.6779    34.6763    7.72574         32 0.0000e+00
   1244.000   1228.140     1.4929  30.631308     1.4932  30.630341     4.0660     4.0967    -0.0020    97.8644 1.0000e-12  -64.93270  -64.40223 329.216769      59.81 0.0000e+00   2312.855      55510  1033.5506  1033.5493    34.6779    34.6763    7.72578         25 0.0000e+00
   1243.000   1227.154     1.4927  30.630707     1.4931  30.629774     4.0692     4.0987    -0.0021    97.8844 1.0000e-12  -64.93270  -64.40224 329.216780      60.62 0.0000e+00   2313.805      55532  1033.5460  1033.5447    34.6778    34.6763    7.72581         21 0.0000e+00
   1242.000   1226.171     1.4928  30.630275     1.4930  30.629295     4.0627     4.1016     0.0038    97.9024 1.0000e-12  -64.93270  -64.40224 329.216790      61.59 0.0000e+00   2314.666      55553  1033.5414  1033.5401    34.6778    34.6763    7.72581         21 0.0000e+00
   1241.000   1225.185     1.4928  30.629913     1.4930  30.628979     4.0663     4.1012     0.0051    97.9049 1.0000e-12  -64.93270  -64.40224 329.216800      62.94 0.0000e+00   2315.529      55574  1033.5368  1033.5357    34.6779    34.6764    7.72581         21 0.0000e+00
   1240.000   1224.202     1.4927  30.629492     1.4930  30.628576     4.0650     4.0963     0.0027    97.8848 1.0000e-12  -64.93270  -64.40224 329.216811      63.52 0.0000e+00   2316.509      55597  1033.5323  1033.5311    34.6779    34.6765    7.72581         27 0.0000e+00
   1239.000   1223.217     1.4927  30.629056     1.4929  30.627977     4.0637     4.0971     0.0025    97.8763 1.0000e-12  -64.93270  -64.40223 329.216828      65.07 0.0000e+00   2317.963      55632  1033.5277  1033.5264    34.6779    34.6763    7.72582         38 0.0000e+00
   1238.000   1222.233     1.4926  30.628523     1.4928  30.627540     4.0643     4.0963     0.0022    97.8846 1.0000e-12  -64.93270  -64.40222 329.216851      65.78 0.0000e+00   2319.943      55680  1033.5231  1033.5219    34.6779    34.6764    7.72584         34 0.0000e+00
   1237.000   1221.249     1.4925  30.628027     1.4928  30.627043     4.0656     4.0962    -0.0013    97.8938 1.0000e-12  -64.93270  -64.40222 329.216867      66.51 0.0000e+00   2321.318      55713  1033.5185  1033.5173    34.6779    34.6764    7.72585         27 0.0000e+00
   1236.000   1220.264     1.4925  30.627458     1.4927  30.626539     4.0714     4.0963    -0.0029    97.8874 1.0000e-12  -64.93270  -64.40222 329.216879      67.58 0.0000e+00   2322.336      55737  1033.5138  1033.5127    34.6778    34.6764    7.72587         23 0.0000e+00
   1235.000   1219.280     1.4922  30.626841     1.4925  30.625764     4.0654     4.0963    -0.0082    97.9074 1.0000e-12  -64.93270  -64.40224 329.216889      68.44 0.0000e+00   2323.220      55758  1033.5093  1033.5080    34.6778    34.6762    7.72592         18 0.0000e+00
   1234.000   1218.295     1.4922  30.626371     1.4924  30.625428     4.0727     4.0989    -0.0077    97.8917 1.0000e-12  -64.93270  -64.40224 329.216899      69.58 0.0000e+00   2324.071      55779  1033.5046  1033.5034    34.6777    34.6763    7.72592         20 0.0000e+00
   1233.000   1217.311     1.4922  30.625957     1.4923  30.624993     4.0719     4.0993     0.0057    97.9040 1.0000e-12  -64.93270  -64.40224 329.216910      70.95 0.0000e+00   2324.981      55801  1033.5001  1033.4990    34.6778    34.6764    7.72593         23 0.0000e+00
   1232.000   1216.326     1.4921  30.625563     1.4923  30.624456     4.0664     4.0990     0.0092    97.8847 1.0000e-12  -64.93270  -64.40223 329.216923      71.67 0.0000e+00   2326.179      55829  1033.4955  1033.4943    34.6779    34.6763    7.72593         35 0.0000e+00
   1231.000   1215.342     1.4920  30.624977     1.4923  30.623989     4.0673     4.1002    -0.0059    97.8841 1.0000e-12  -64.93270  -64.40223 329.216945      72.81 0.0000e+00   2328.041      55874  1033.4909  1033.4897    34.6778    34.6763    7.72596         42 0.0000e+00
   1230.000   1214.358     1.4920  30.624468     1.4922  30.623571     4.0643     4.0994     0.0080    97.9019 1.0000e-12  -64.93270  -64.40222 329.216963      73.92 0.0000e+00   2329.623      55912  1033.4862  1033.4851    34.6777    34.6764    7.72596         31 0.0000e+00
   1229.000   1213.373     1.4919  30.623917     1.4921  30.623041     4.0738     4.1020    -0.0026    97.9271 1.0000e-12  -64.93270  -64.40222 329.216977      74.42 0.0000e+00   2330.779      55940  1033.4816  1033.4805    34.6777    34.6763    7.72599         24 0.0000e+00
   1228.000   1212.390     1.4917  30.623509     1.4921  30.622444     4.0729     4.0977    -0.0025    97.9119 1.0000e-12  -64.93270  -64.40222 329.216989      75.94 0.0000e+00   2331.817      55965  1033.4772  1033.4758    34.6779    34.6762    7.72601         24 0.0000e+00
   1227.000   1211.405     1.4916  30.622964     1.4919  30.621965     4.0716     4.1001    -0.0021    97.9079 1.0000e-12  -64.93270  -64.40223 329.217000      76.93 0.0000e+00   2332.843      55989  1033.4726  1033.4713    34.6778    34.6763    7.72603         26 0.0000e+00
   1226.000   1210.421     1.4916  30.622481     1.4918  30.621454     4.0621     4.0980     0.0006    97.9285 1.0000e-12  -64.93270  -64.40223 329.217013      78.46 0.0000e+00   2333.934      56015  1033.4679  1033.4667    34.6778    34.6763    7.72604         27 0.0000e+00
   1225.000   1209.436     1.4914  30.621902     1.4916  30.620917     4.0667     4.1008     0.0020    97.9287 1.0000e-12  -64.93270  -64.40224 329.217027      78.88 0.0000e+00   2335.125      56044  1033.4634  1033.4622    34.6778    34.6763    7.72608         30 0.0000e+00
   1224.000   1208.452     1.4914  30.621423     1.4916  30.620368     4.0695     4.0968    -0.0084    97.9270 1.0000e-12  -64.93270  -64.40222 329.217042      79.86 0.0000e+00   2336.398      56075  1033.4587  1033.4575    34.6778    34.6763    7.72608         30 0.0000e+00
   1223.000   1207.467     1.4912  30.620801     1.4913  30.619697     4.0725     4.0988    -0.0119    97.8913 1.0000e-12  -64.93270  -64.40223 329.217056      80.56 0.0000e+00   2337.664      56105  1033.4541  1033.4529    34.6778    34.6762    7.72613         30 0.0000e+00
   1222.000   1206.483     1.4909  30.620086     1.4911  30.619121     4.0792     4.0998    -0.0055    97.9250 1.0000e-12  -64.93270  -64.40223 329.217070      81.80 0.0000e+00   2338.871      56134  1033.4495  1033.4483    34.6777    34.6762    7.72618         28 0.0000e+00
   1221.000   1205.497     1.4907  30.619479     1.4910  30.618534     4.0752     4.1002     0.0054    97.9190 1.0000e-12  -64.93270  -64.40223 329.217084      82.61 0.0000e+00   2340.023      56162  1033.4449  1033.4437    34.6777    34.6761    7.72622         28 0.0000e+00
   1220.000   1204.514     1.4905  30.618719     1.4907  30.617796     4.0672     4.0995     0.0051    97.8864 1.0000e-12  -64.93270  -64.40224 329.217097      83.53 0.0000e+00   2341.171      56189  1033.4402  1033.4390    34.6775    34.6761    7.72628         28 0.0000e+00
   1219.000   1203.530     1.4902  30.618179     1.4906  30.617135     4.0687     4.1058    -0.0105    97.9102 1.0000e-12  -64.93270  -64.40222 329.217111      84.76 0.0000e+00   2342.372      56218  1033.4357  1033.4343    34.6776    34.6759    7.72631         30 0.0000e+00
   1218.000   1202.545     1.4903  30.617803     1.4906  30.616852     4.0755     4.1010    -0.0052    97.8968 1.0000e-12  -64.93272  -64.40223 329.217126      86.08 0.0000e+00   2343.684      56249  1033.4311  1033.4298    34.6776    34.6761    7.72630         33 0.0000e+00
   1217.000   1201.561     1.4905  30.617664     1.4907  30.616602     4.0757     4.1012    -0.0149    97.8929 1.0000e-12  -64.93272  -64.40223 329.217142      86.71 0.0000e+00   2345.072      56283  1033.4266  1033.4253    34.6778    34.6762    7.72626         32 0.0000e+00
   1216.000   1200.575     1.4905  30.617118     1.4908  30.616191     4.0730     4.1007    -0.0088    97.8918 1.0000e-12  -64.93272  -64.40222 329.217157      87.73 0.0000e+00   2346.377      56314  1033.4218  1033.4207    34.6776    34.6761    7.72626         30 0.0000e+00
   1215.000   1199.592     1.4903  30.616556     1.4906  30.615584     4.0738     4.1004    -0.0025    97.9100 1.0000e-12  -64.93271  -64.40223 329.217171      88.80 0.0000e+00   2347.556      56342  1033.4173  1033.4160    34.6776    34.6761    7.72630         27 0.0000e+00
   1214.000   1198.607     1.4902  30.616002     1.4905  30.614963     4.0750     4.0995     0.0040    97.9213 1.0000e-12  -64.93271  -64.40223 329.217184      89.67 0.0000e+00   2348.675      56369  1033.4127  1033.4114    34.6777    34.6760    7.72633         27 0.0000e+00
   1213.000   1197.623     1.4900  30.615474     1.4903  30.614442     4.0722     4.0977    -0.0010    97.9356 1.0000e-12  -64.93272  -64.40223 329.217196      90.98 0.0000e+00   2349.768      56395  1033.4081  1033.4069    34.6777    34.6761    7.72636         26 0.0000e+00
   1212.000   1196.638     1.4899  30.614831     1.4901  30.613753     4.0773     4.0986    -0.0138    97.9523 1.0000e-12  -64.93272  -64.40223 329.217209      91.87 0.0000e+00   2350.847      56421  1033.4035  1033.4022    34.6776    34.6759    7.72639         26 0.0000e+00
   1211.000   1195.654     1.4898  30.614288     1.4900  30.613283     4.0705     4.0996    -0.0005    97.9131 1.0000e-12  -64.93272  -64.40223 329.217222      93.04 0.0000e+00   2351.948      56448  1033.3988  1033.3976    34.6775    34.6760    7.72641         27 0.0000e+00
   1210.000   1194.669     1.4897  30.613803     1.4899  30.612788     4.0773     4.1031    -0.0069    97.9312 1.0000e-12  -64.93272  -64.40224 329.217235      93.67 0.0000e+00   2353.139      56476  1033.3943  1033.3931    34.6775    34.6760    7.72643         30 0.0000e+00
   1209.000   1193.684     1.4895  30.613090     1.4896  30.611933     4.0800     4.1068    -0.0047    97.9074 1.0000e-12  -64.93272  -64.40223 329.217251      96.57 0.0000e+00   2354.488      56509  1033.3896  1033.3883    34.6774    34.6758    7.72647         34 0.0000e+00
   1208.000   1192.700     1.4891  30.612205     1.4893  30.611268     4.0685     4.1024    -0.0084    97.9114 1.0000e-12  -64.93272  -64.40223 329.217268      98.10 0.0000e+00   2355.926      56543  1033.3849  1033.3837    34.6772    34.6758    7.72655         34 0.0000e+00
   1207.000   1191.715     1.4890  30.611630     1.4893  30.610745     4.0713     4.1014    -0.0010    97.9022 1.0000e-12  -64.93272  -64.40224 329.217283     100.00 0.0000e+00   2357.266      56575  1033.3803  1033.3791    34.6772    34.6757    7.72658         31 0.0000e+00
   1206.000   1190.730     1.4887  30.610929     1.4891  30.610001     4.0724     4.1000     0.0038    97.9006 1.0000e-12  -64.93272  -64.40222 329.217297      98.91 0.0000e+00   2358.481      56605  1033.3756  1033.3744    34.6771    34.6756    7.72664         28 0.0000e+00
   1205.000   1189.747     1.4885  30.610274     1.4887  30.609238     4.0734     4.1009    -0.0007    97.9248 1.0000e-12  -64.93272  -64.40223 329.217310      99.98 0.0000e+00   2359.610      56632  1033.3711  1033.3698    34.6771    34.6755    7.72669         26 0.0000e+00
   1204.000   1188.763     1.4884  30.609697     1.4886  30.608653     4.0752     4.1036     0.0040    97.9087 1.0000e-12  -64.93272  -64.40223 329.217323      99.98 0.0000e+00   2360.674      56657  1033.3664  1033.3652    34.6770    34.6755    7.72671         25 0.0000e+00
   1203.000   1187.778     1.4883  30.609211     1.4886  30.608189     4.0876     4.1041     0.0035    97.9088 1.0000e-12  -64.93272  -64.40223 329.217335      99.97 0.0000e+00   2361.728      56682  1033.3618  1033.3605    34.6770    34.6755    7.72672         26 0.0000e+00
   1202.000   1186.792     1.4883  30.608732     1.4885  30.607805     4.0846     4.1073    -0.0011    97.8600 1.0000e-12  -64.93272  -64.40223 329.217348      99.98 0.0000e+00   2362.836      56709  1033.3571  1033.3560    34.6770    34.6755    7.72673         28 0.0000e+00
   1201.000   1185.809     1.4882  30.608312     1.4884  30.607317     4.0778     4.1029    -0.0097    97.9142 1.0000e-12  -64.93272  -64.40223 329.217362      99.98 0.0000e+00   2364.070      56739  1033.3527  1033.3515    34.6771    34.6756    7.72675         31 0.0000e+00
