NBP2113_155081_ctd/data/nbp2113_007.ros
* Sea-Bird SBE 9 Data File:
* FileName = D:\Data\raw\NBP2113_007.hex
* Software Version Seasave V 7.26.7.121
* Temperature SN = 2438
* Conductivity SN = 2067
* Number of Bytes Per Scan = 40
* Number of Voltage Words = 5
* Number of Scans Averaged by the Deck Unit = 1
* NMEA Latitude = 64 56.06 S
* NMEA Longitude = 064 23.87 W
* NMEA UTC (Time) = Nov 25 2021  03:27:42
* NMEA baud rate = 9600
** Ship: RVIB N.B. Palmer
** Cruise: NBP2113 LTER
** Station: 600.040
** Operator: B. Urmston
# nquan = 20
# nvalues = 1151                                  
# units = specified
# name 0 = prDM: Pressure, Digiquartz [db]
# name 1 = depSM: Depth [salt water, m]
# name 2 = t090C: Temperature [ITS-90, deg C]
# name 3 = c0mS/cm: Conductivity [mS/cm]
# name 4 = t190C: Temperature, 2 [ITS-90, deg C]
# name 5 = c1mS/cm: Conductivity, 2 [mS/cm]
# name 6 = sbeox0ML/L: Oxygen, SBE 43 [ml/l]
# name 7 = sbeox1ML/L: Oxygen, SBE 43, 2 [ml/l]
# name 8 = flECO-AFL: Fluorescence, WET Labs ECO-AFL/FL [mg/m^3]
# name 9 = CStarTr0: Beam Transmission, WET Labs C-Star [%]
# name 10 = par: PAR/Irradiance, Biospherical/Licor
# name 11 = latitude: Latitude [deg]
# name 12 = longitude: Longitude [deg]
# name 13 = timeJ: Julian Days
# name 14 = altM: Altimeter [m]
# name 15 = spar: SPAR, Biospherical/Licor
# name 16 = timeS: Time, Elapsed [seconds]
# name 17 = scan: Scan Count
# name 18 = nbf: Bottles Fired
# name 19 = flag:  0.000e+00
# interval = seconds: 0.0416667
# start_time = Nov 25 2021 03:27:42 [NMEA time, header]
# bad_flag = -9.990e-29
*END*
[from data line 1014]
     38.947     38.561    -0.5788  27.761293    -0.5683  27.778016     8.0567     7.9265     1.3183    92.8886 1.0000e-12  -64.93332  -64.39872 329.154332      99.95 0.0000e+00    872.250      20935         22  0.000e+00
     38.947     38.561    -0.5766  27.762614    -0.5666  27.779307     8.0479     7.9309     1.3183    92.8886 1.0000e-12  -64.93332  -64.39872 329.154332      99.98 0.0000e+00    872.292      20936         22  0.000e+00
     38.995     38.609    -0.5807  27.764338    -0.5668  27.779756     8.0506     7.9256     1.3183    92.8886 1.0000e-12  -64.93332  -64.39872 329.154333      99.98 0.0000e+00    872.333      20937         22  0.000e+00
     38.892     38.507    -0.5800  27.766004    -0.5675  27.779195     8.0373     7.9305     1.3183    92.8886 1.0000e-12  -64.93332  -64.39872 329.154333      99.98 0.0000e+00    872.375      20938         22  0.000e+00
     38.995     38.609    -0.5748  27.767326    -0.5670  27.778521     8.0251     7.9308     1.3183    92.8886 1.0000e-12  -64.93332  -64.39872 329.154334      99.98 0.0000e+00    872.417      20939         22  0.000e+00
     38.947     38.561    -0.5726  27.767842    -0.5674  27.778072     8.0178     7.9311     1.3183    92.8886 1.0000e-12  -64.93332  -64.39872 329.154334      99.98 0.0000e+00    872.458      20940         22  0.000e+00
     38.960     38.575    -0.5745  27.767153    -0.5660  27.777511     8.0057     7.9311     1.3183    92.8886 1.0000e-12  -64.93332  -64.39872 329.154334      99.98 0.0000e+00    872.500      20941         22  0.000e+00
     38.995     38.609    -0.5779  27.766292    -0.5663  27.777623     8.0115     7.9314     1.3183    92.8886 1.0000e-12  -64.93332  -64.39872 329.154335      99.95 0.0000e+00    872.542      20942         22  0.000e+00
     38.892     38.507    -0.5815  27.765717    -0.5661  27.777623     8.0023     7.9315     1.3183    92.8886 1.0000e-12  -64.93332  -64.39872 329.154335      99.95 0.0000e+00    872.583      20943         22  0.000e+00
     38.995     38.609    -0.5838  27.764971    -0.5663  27.777904     7.9977     7.9318     1.3183    92.8886 1.0000e-12  -64.93332  -64.39872 329.154336      99.98 0.0000e+00    872.625      20944         22  0.000e+00
     38.947     38.561    -0.5830  27.763994    -0.5652  27.778184     7.9982     7.9263     1.3183    92.8886 1.0000e-12  -64.93332  -64.39872 329.154336      99.98 0.0000e+00    872.667      20945         22  0.000e+00
     38.947     38.561    -0.5847  27.762558    -0.5647  27.778914     7.9991     7.9255     1.3183    92.8886 1.0000e-12  -64.93332  -64.39872 329.154337      99.98 0.0000e+00    872.708      20946         22  0.000e+00
     38.947     38.562    -0.5832  27.761351    -0.5647  27.778858     8.0169     7.9304     1.3183    92.8886 1.0000e-12  -64.93332  -64.39872 329.154337      99.93 0.0000e+00    872.750      20947         22  0.000e+00
     38.913     38.528    -0.5825  27.760489    -0.5649  27.778465     8.0334     7.9253     1.3183    92.8886 1.0000e-12  -64.93332  -64.39874 329.154338      99.95 0.0000e+00    872.792      20948         22  0.000e+00
     38.947     38.562    -0.5861  27.759513    -0.5677  27.777511     8.0393     7.9308     1.3183    92.8886 1.0000e-12  -64.93332  -64.39874 329.154338      99.98 0.0000e+00    872.833      20949         22  0.000e+00
     38.947     38.562    -0.5888  27.759053    -0.5702  27.776726     8.0483     7.9317     1.3183    92.8886 1.0000e-12  -64.93332  -64.39874 329.154339      99.98 0.0000e+00    872.875      20950         22  0.000e+00
     38.947     38.562    -0.5897  27.758364    -0.5724  27.775659     8.0499     7.9325     1.3110    92.8886 1.0000e-12  -64.93332  -64.39874 329.154339      99.98 0.0000e+00    872.917      20951         22  0.000e+00
     38.947     38.562    -0.5877  27.757617    -0.5741  27.775154     8.0616     7.9277     1.2230    92.8886 1.0000e-12  -64.93332  -64.39874 329.154340      99.98 0.0000e+00    872.958      20952         22  0.000e+00
     38.947     38.562    -0.5841  27.756582    -0.5738  27.774256     8.0600     7.9327     1.1644    92.8886 1.0000e-12  -64.93332  -64.39874 329.154340      99.98 0.0000e+00    873.000      20953         22  0.000e+00
     38.892     38.507    -0.5815  27.756697    -0.5716  27.774032     8.0543     7.9271     1.1571    92.8886 1.0000e-12  -64.93332  -64.39874 329.154341      99.95 0.0000e+00    873.042      20954         22  0.000e+00
     38.961     38.575    -0.5823  27.756467    -0.5704  27.774761     8.0525     7.9319     1.1644    92.8886 1.0000e-12  -64.93332  -64.39874 329.154341      99.95 0.0000e+00    873.083      20955         22  0.000e+00
     38.892     38.507    -0.5878  27.753940    -0.5693  27.775659     8.0678     7.9320     1.1644    92.8886 1.0000e-12  -64.93332  -64.39874 329.154342      99.98 0.0000e+00    873.125      20956         22  0.000e+00
     38.947     38.562    -0.5937  27.750379    -0.5673  27.775715     8.0712     7.9266     1.1644    92.8886 1.0000e-12  -64.93332  -64.39874 329.154342      99.98 0.0000e+00    873.167      20957         22  0.000e+00
     38.892     38.507    -0.5971  27.747507    -0.5674  27.775547     8.0839     7.9316     1.1644    92.8886 1.0000e-12  -64.93332  -64.39874 329.154343      99.98 0.0000e+00    873.208      20958         22  0.000e+00
     38.947     38.562    -0.5962  27.746703    -0.5674  27.775042     8.0821     7.9266     1.1644    92.8886 1.0000e-12  -64.93332  -64.39874 329.154343      99.95 0.0000e+00    873.250      20959         22  0.000e+00
     38.947     38.562    -0.5953  27.746415    -0.5675  27.774368     8.0786     7.9263     1.1644    92.8886 1.0000e-12  -64.93332  -64.39874 329.154344      99.98 0.0000e+00    873.292      20960         22  0.000e+00
     38.913     38.528    -0.5952  27.746932    -0.5678  27.773695     8.0737     7.9260     1.1644    92.8886 1.0000e-12  -64.93332  -64.39874 329.154344      99.98 0.0000e+00    873.333      20961         22  0.000e+00
     38.892     38.507    -0.5979  27.747335    -0.5693  27.773414     8.0750     7.9260     1.1644    92.8886 1.0000e-12  -64.93332  -64.39874 329.154345      99.98 0.0000e+00    873.375      20962         22  0.000e+00
     38.892     38.507    -0.6001  27.747565    -0.5716  27.772741     8.0690     7.9317     1.1644    92.8886 1.0000e-12  -64.93332  -64.39874 329.154345      99.98 0.0000e+00    873.417      20963         22  0.000e+00
     38.947     38.562    -0.5963  27.748254    -0.5728  27.772853     8.0649     7.9270     1.1644    92.8886 1.0000e-12  -64.93332  -64.39874 329.154346      99.98 0.0000e+00    873.458      20964         22  0.000e+00
     38.892     38.507    -0.5928  27.748655    -0.5714  27.773134     8.0548     7.9264     1.1644    92.8886 1.0000e-12  -64.93332  -64.39874 329.154346      99.98 0.0000e+00    873.500      20965         22  0.000e+00
     38.892     38.507    -0.5896  27.749115    -0.5715  27.773021     8.0492     7.9262     1.1644    92.8886 1.0000e-12  -64.93332  -64.39874 329.154347      99.95 0.0000e+00    873.542      20966         22  0.000e+00
     38.947     38.562    -0.5883  27.750034    -0.5729  27.772909     8.0453     7.9319     1.1644    92.8886 1.0000e-12  -64.93332  -64.39874 329.154347      99.95 0.0000e+00    873.583      20967         22  0.000e+00
     38.913     38.528    -0.5872  27.751297    -0.5729  27.772741     8.0429     7.9261     1.1644    92.8886 1.0000e-12  -64.93332  -64.39874 329.154348      99.98 0.0000e+00    873.625      20968         22  0.000e+00
     38.892     38.507    -0.5866  27.753021    -0.5730  27.772909     8.0405     7.9259     1.1644    92.8886 1.0000e-12  -64.93332  -64.39874 329.154348      99.98 0.0000e+00    873.667      20969         22  0.000e+00
     38.892     38.507    -0.5858  27.754055    -0.5737  27.772348     8.0382     7.9259     1.1644    92.8886 1.0000e-12  -64.93332  -64.39874 329.154348      99.98 0.0000e+00    873.708      20970         22  0.000e+00
     38.892     38.507    -0.5873  27.754285    -0.5745  27.772404     8.0438     7.9260     1.1644    92.8886 1.0000e-12  -64.93332  -64.39874 329.154349      99.95 0.0000e+00    873.750      20971         22  0.000e+00
     38.892     38.507    -0.5896  27.754457    -0.5744  27.772404     8.0509     7.9259     1.1644    92.8886 1.0000e-12  -64.93332  -64.39872 329.154349      99.98 0.0000e+00    873.792      20972         22  0.000e+00
     38.892     38.507    -0.5892  27.754342    -0.5738  27.772629     8.0530     7.9303     1.1644    92.8629 1.0000e-12  -64.93332  -64.39872 329.154350      99.98 0.0000e+00    873.833      20973         22  0.000e+00
     38.892     38.507    -0.5899  27.754630    -0.5739  27.772460     8.0481     7.9312     1.1644    92.8629 1.0000e-12  -64.93332  -64.39872 329.154350      99.98 0.0000e+00    873.875      20974         23  0.000e+00
     38.913     38.528    -0.5916  27.754974    -0.5741  27.772068     8.0464     7.9320     1.1644    92.8629 1.0000e-12  -64.93332  -64.39872 329.154351      99.98 0.0000e+00    873.917      20975         23  0.000e+00
     38.947     38.562    -0.5921  27.755204    -0.5743  27.771787     8.0532     7.9329     1.1644    92.8629 1.0000e-12  -64.93332  -64.39872 329.154351      99.98 0.0000e+00    873.958      20976         23  0.000e+00
     38.892     38.507    -0.5925  27.755492    -0.5746  27.771619     8.0553     7.9282     1.1644    92.8629 1.0000e-12  -64.93332  -64.39872 329.154352      99.98 0.0000e+00    874.000      20977         23  0.000e+00
     38.892     38.507    -0.5927  27.755606    -0.5746  27.771675     8.0561     7.9337     1.1644    92.8629 1.0000e-12  -64.93332  -64.39872 329.154352      99.95 0.0000e+00    874.042      20978         23  0.000e+00
     38.892     38.508    -0.5921  27.756123    -0.5749  27.771843     8.0566     7.9291     1.1644    92.8629 1.0000e-12  -64.93332  -64.39872 329.154353      99.95 0.0000e+00    874.083      20979         23  0.000e+00
     38.892     38.508    -0.5906  27.756353    -0.5747  27.771563     8.0584     7.9346     1.1644    92.8629 1.0000e-12  -64.93332  -64.39872 329.154353      99.98 0.0000e+00    874.125      20980         23  0.000e+00
     38.892     38.508    -0.5892  27.756698    -0.5739  27.771450     8.0630     7.9353     1.1644    92.8629 1.0000e-12  -64.93332  -64.39872 329.154354      99.98 0.0000e+00    874.167      20981         23  0.000e+00
     38.858     38.474    -0.5894  27.756698    -0.5730  27.771338     8.0607     7.9296     1.1644    92.8629 1.0000e-12  -64.93332  -64.39872 329.154354      99.95 0.0000e+00    874.208      20982         23  0.000e+00
     38.947     38.562    -0.5889  27.756813    -0.5721  27.771619     8.0616     7.9286     1.1644    92.8629 1.0000e-12  -64.93332  -64.39872 329.154355      99.95 0.0000e+00    874.250      20983         23  0.000e+00
     38.892     38.508    -0.5889  27.757272    -0.5712  27.771394     8.0566     7.9329     1.1644    92.8629 1.0000e-12  -64.93332  -64.39872 329.154355      99.98 0.0000e+00    874.292      20984         23  0.000e+00
     38.892     38.508    -0.5881  27.757789    -0.5698  27.771394     8.0547     7.9335     1.1644    92.8629 1.0000e-12  -64.93332  -64.39872 329.154356      99.98 0.0000e+00    874.333      20985         23  0.000e+00
     38.892     38.508    -0.5863  27.757731    -0.5695  27.771450     8.0600     7.9334     1.1644    92.8629 1.0000e-12  -64.93332  -64.39872 329.154356      99.98 0.0000e+00    874.375      20986         23  0.000e+00
     38.892     38.508    -0.5857  27.758478    -0.5695  27.771338     8.0582     7.9342     1.1644    92.8629 1.0000e-12  -64.93332  -64.39872 329.154357      99.98 0.0000e+00    874.417      20987         23  0.000e+00
     38.892     38.508    -0.5849  27.758536    -0.5703  27.771169     8.0549     7.9296     1.1644    92.8629 1.0000e-12  -64.93332  -64.39872 329.154357      99.98 0.0000e+00    874.458      20988         23  0.000e+00
     38.913     38.528    -0.5852  27.758823    -0.5709  27.771113     8.0517     7.9297     1.1644    92.8629 1.0000e-12  -64.93332  -64.39872 329.154358      99.98 0.0000e+00    874.500      20989         23  0.000e+00
     38.892     38.508    -0.5860  27.758995    -0.5712  27.771113     8.0471     7.9298     1.1644    92.8629 1.0000e-12  -64.93332  -64.39872 329.154358      99.95 0.0000e+00    874.542      20990         23  0.000e+00
     38.892     38.508    -0.5864  27.758363    -0.5719  27.771338     8.0451     7.9299     1.1644    92.8629 1.0000e-12  -64.93332  -64.39872 329.154359      99.95 0.0000e+00    874.583      20991         23  0.000e+00
     38.892     38.508    -0.5877  27.758593    -0.5720  27.771562     8.0417     7.9300     1.1644    92.8629 1.0000e-12  -64.93332  -64.39872 329.154359      99.98 0.0000e+00    874.625      20992         23  0.000e+00
     38.892     38.508    -0.5880  27.758938    -0.5718  27.771450     8.0381     7.9301     1.1644    92.8371 1.0000e-12  -64.93332  -64.39872 329.154360      99.98 0.0000e+00    874.667      20993         23  0.000e+00
     38.892     38.508    -0.5880  27.758593    -0.5716  27.771562     8.0357     7.9293     1.1644    92.8371 1.0000e-12  -64.93332  -64.39872 329.154360      99.98 0.0000e+00    874.708      20994         23  0.000e+00
     38.947     38.562    -0.5880  27.758651    -0.5715  27.771843     8.0450     7.9285     1.1644    92.8371 1.0000e-12  -64.93332  -64.39872 329.154361      99.93 0.0000e+00    874.750      20995         23  0.000e+00
     38.858     38.474    -0.5881  27.757904    -0.5723  27.771899     8.0480     7.9287     1.1644    92.8371 1.0000e-12  -64.93332  -64.39874 329.154361      99.95 0.0000e+00    874.792      20996         23  0.000e+00
     38.947     38.562    -0.5885  27.757847    -0.5726  27.772124     8.0525     7.9281     1.1644    92.8371 1.0000e-12  -64.93332  -64.39874 329.154361      99.98 0.0000e+00    874.833      20997         23  0.000e+00
     38.892     38.508    -0.5886  27.757559    -0.5718  27.772404     8.0553     7.9281     1.1644    92.8371 1.0000e-12  -64.93332  -64.39874 329.154362      99.98 0.0000e+00    874.875      20998         23  0.000e+00
     38.892     38.508    -0.5896  27.756583    -0.5707  27.772404     8.0526     7.9281     1.1644    92.8371 1.0000e-12  -64.93332  -64.39874 329.154362      99.98 0.0000e+00    874.917      20999         23  0.000e+00
     38.947     38.562    -0.5892  27.756353    -0.5706  27.772460     8.0585     7.9339     1.1644    92.8371 1.0000e-12  -64.93332  -64.39874 329.154363      99.98 0.0000e+00    874.958      21000         23  0.000e+00
     38.892     38.508    -0.5883  27.756181    -0.5703  27.772797     8.0552     7.9285     1.1644    92.8371 1.0000e-12  -64.93332  -64.39874 329.154363      99.98 0.0000e+00    875.000      21001         23  0.000e+00
     38.913     38.528    -0.5883  27.755951    -0.5703  27.773190     8.0493     7.9287     1.1644    92.8371 1.0000e-12  -64.93332  -64.39874 329.154364      99.95 0.0000e+00    875.042      21002         23  0.000e+00
     38.947     38.562    -0.5889  27.755664    -0.5703  27.773078     8.0408     7.9281     1.1644    92.8371 1.0000e-12  -64.93332  -64.39874 329.154364      99.95 0.0000e+00    875.083      21003         23  0.000e+00
     38.892     38.508    -0.5889  27.755606    -0.5701  27.773302     8.0307     7.9338     1.1937    92.8371 1.0000e-12  -64.93332  -64.39874 329.154365      99.98 0.0000e+00    875.125      21004         23  0.000e+00
     38.947     38.562    -0.5878  27.756353    -0.5702  27.773695     8.0351     7.9350     1.2890    92.8371 1.0000e-12  -64.93332  -64.39874 329.154365      99.98 0.0000e+00    875.167      21005         23  0.000e+00
