NBP2113_155081_ctd/data/nbp2113_010.cnv
* Sea-Bird SBE 9 Data File:
* FileName = D:\Data\raw\NBP2113_010.hex
* Software Version Seasave V 7.26.7.121
* Temperature SN = 2438
* Conductivity SN = 2067
* Number of Bytes Per Scan = 40
* Number of Voltage Words = 5
* Number of Scans Averaged by the Deck Unit = 1
* NMEA Latitude = 64 34.40 S
* NMEA Longitude = 065 21.00 W
* NMEA UTC (Time) = Nov 25 2021  20:37:57
* NMEA baud rate = 9600
** Ship: RVIB N.B. Palmer
** Cruise: NBP2113 LTER
** Station: 600.100
** Operator: S. Blackman
# nquan = 25
# nvalues = 1205                        
# units = specified
# name 0 = prDM: Pressure, Digiquartz [db]
# name 1 = depSM: Depth [salt water, m]
# name 2 = t090C: Temperature [ITS-90, deg C]
# name 3 = c0mS/cm: Conductivity [mS/cm]
# name 4 = t190C: Temperature, 2 [ITS-90, deg C]
# name 5 = c1mS/cm: Conductivity, 2 [mS/cm]
# name 6 = sbeox0ML/L: Oxygen, SBE 43 [ml/l]
# name 7 = sbeox1ML/L: Oxygen, SBE 43, 2 [ml/l]
# name 8 = flECO-AFL: Fluorescence, WET Labs ECO-AFL/FL [mg/m^3]
# name 9 = CStarTr0: Beam Transmission, WET Labs C-Star [%]
# name 10 = par: PAR/Irradiance, Biospherical/Licor
# name 11 = latitude: Latitude [deg]
# name 12 = longitude: Longitude [deg]
# name 13 = timeJ: Julian Days
# name 14 = altM: Altimeter [m]
# name 15 = spar: SPAR, Biospherical/Licor
# name 16 = timeS: Time, Elapsed [seconds]
# name 17 = scan: Scan Count
# name 18 = density00: Density [density, kg/m^3]
# name 19 = density11: Density, 2 [density, kg/m^3]
# name 20 = sal00: Salinity, Practical [PSU]
# name 21 = sal11: Salinity, Practical, 2 [PSU]
# name 22 = oxsolML/L: Oxygen Saturation, Garcia & Gordon [ml/l]
# name 23 = nbin: number of scans per bin
# name 24 = flag: flag
# span 0 =      1.000,    605.000       
# span 1 =      0.989,    598.213       
# span 2 =    -0.4515,     1.5126       
# span 3 =  27.985864,  30.388462       
# span 4 =    -0.4464,     1.5129       
# span 5 =  27.983122,  30.387347       
# span 6 =     4.0627,     8.3030       
# span 7 =     4.0752,     8.1573       
# span 8 =    -0.0219,     1.4226       
# span 9 =    89.3584,    97.3921       
# span 10 = -7.456e-06, 4.1970e+02      
# span 11 =  -64.57444,  -64.57355      
# span 12 =  -65.34937,  -65.34640      
# span 13 = 329.863143, 329.888368      
# span 14 =       1.28,     102.37      
# span 15 = 3.4373e+02, 4.9890e+02      
# span 16 =    298.573,   2478.027      
# span 17 =       7167,      59474      
# span 18 =  1027.3103,  1030.6078      
# span 19 =  1027.3077,  1030.6064      
# span 20 =    33.9875,    34.7005      
# span 21 =    33.9842,    34.6988      
# span 22 =    7.72072,    8.15281      
# span 23 =         14,         69      
# span 24 = 0.0000e+00, 0.0000e+00      
# interval = decibars: 1                
# start_time = Nov 25 2021 20:37:57 [NMEA time, header]
# bad_flag = -9.990e-29
*END*
[from data line 232]
    237.000    234.549     1.1055  29.782197     1.1059  29.781068     4.6314     4.5976    -0.0032    97.2661 1.0000e-12  -64.57376  -65.34862 329.868312      99.98 4.2615e+02    745.199      17886  1028.8254  1028.8239    34.5873    34.5854    7.80725         26 0.0000e+00
    238.000    235.538     1.1072  29.785055     1.1076  29.783988     4.6357     4.5921     0.0043    97.2543 1.0000e-12  -64.57376  -65.34862 329.868324      99.98 4.2662e+02    746.195      17910  1028.8310  1028.8295    34.5885    34.5867    7.80684         22 0.0000e+00
    239.000    236.527     1.1105  29.789659     1.1109  29.788407     4.6215     4.5904    -0.0076    97.2639 1.0000e-12  -64.57376  -65.34862 329.868335      99.98 4.2662e+02    747.141      17932  1028.8368  1028.8352    34.5902    34.5882    7.80609         24 0.0000e+00
    240.000    237.517     1.1166  29.796387     1.1171  29.795373     4.6270     4.5938    -0.0069    97.2794 1.0000e-12  -64.57376  -65.34862 329.868347      99.97 4.2662e+02    748.199      17958  1028.8420  1028.8405    34.5915    34.5896    7.80480         28 0.0000e+00
    241.000    238.505     1.1192  29.799467     1.1197  29.798364     4.6300     4.5917    -0.0047    97.2717 1.0000e-12  -64.57376  -65.34862 329.868362      99.98 4.2662e+02    749.472      17988  1028.8469  1028.8454    34.5919    34.5900    7.80426         32 0.0000e+00
    242.000    239.494     1.1199  29.800604     1.1202  29.799500     4.6313     4.5892    -0.0067    97.2613 1.0000e-12  -64.57376  -65.34862 329.868377      99.98 4.2662e+02    750.751      18019  1028.8518  1028.8504    34.5921    34.5903    7.80412         28 0.0000e+00
    243.000    240.484     1.1201  29.801315     1.1205  29.800303     4.6210     4.5866     0.0017    97.2651 1.0000e-12  -64.57376  -65.34862 329.868389      99.98 4.2662e+02    751.840      18045  1028.8566  1028.8553    34.5921    34.5905    7.80407         25 0.0000e+00
    244.000    241.472     1.1239  29.805579     1.1240  29.804262     4.6151     4.5812    -0.0075    97.2635 1.0000e-12  -64.57376  -65.34862 329.868402      99.98 4.2662e+02    752.935      18071  1028.8616  1028.8602    34.5929    34.5910    7.80328         29 0.0000e+00
    245.000    242.462     1.1268  29.808900     1.1274  29.807864     4.6082     4.5756    -0.0036    97.2466 1.0000e-12  -64.57376  -65.34862 329.868419      99.98 4.2729e+02    754.432      18107  1028.8665  1028.8649    34.5933    34.5913    7.80267         42 0.0000e+00
    246.000    243.450     1.1275  29.810015     1.1279  29.808918     4.5958     4.5603    -0.0155    97.2490 1.0000e-12  -64.57376  -65.34862 329.868440      99.98 4.2710e+02    756.226      18150  1028.8713  1028.8698    34.5934    34.5915    7.80253         36 0.0000e+00
    247.000    244.439     1.1318  29.814795     1.1321  29.813668     4.5737     4.5468    -0.0088    97.2461 1.0000e-12  -64.57376  -65.34862 329.868454      99.98 4.2677e+02    757.400      18179  1028.8763  1028.8749    34.5942    34.5924    7.80163         22 0.0000e+00
    248.000    245.429     1.1396  29.823394     1.1402  29.822543     4.5691     4.5391    -0.0004    97.2583 1.0000e-12  -64.57376  -65.34862 329.868463      99.98 4.2703e+02    758.228      18198  1028.8817  1028.8803    34.5960    34.5943    7.79997         20 0.0000e+00
    249.000    246.419     1.1521  29.835992     1.1527  29.835061     4.5626     4.5364    -0.0004    97.2527 1.0000e-12  -64.57378  -65.34860 329.868473      99.98 4.2836e+02    759.073      18219  1028.8867  1028.8851    34.5978    34.5960    7.79740         21 0.0000e+00
    250.000    247.407     1.1566  29.840735     1.1574  29.840030     4.5681     4.5361    -0.0072    97.2226 1.0000e-12  -64.57378  -65.34860 329.868485      99.98 4.2838e+02    760.094      18243  1028.8914  1028.8899    34.5983    34.5965    7.79647         29 0.0000e+00
    251.000    248.396     1.1587  29.843460     1.1593  29.842451     4.5648     4.5379    -0.0169    97.2513 1.0000e-12  -64.57376  -65.34862 329.868502      99.98 4.2838e+02    761.539      18278  1028.8966  1028.8950    34.5989    34.5970    7.79602         41 0.0000e+00
    252.000    249.385     1.1617  29.846959     1.1621  29.845736     4.5695     4.5358    -0.0038    97.2642 1.0000e-12  -64.57376  -65.34862 329.868523      99.98 4.2838e+02    763.381      18322  1028.9017  1028.9000    34.5995    34.5975    7.79540         41 0.0000e+00
    253.000    250.375     1.1610  29.846782     1.1615  29.845781     4.5662     4.5385    -0.0078    97.2613 1.0000e-12  -64.57377  -65.34861 329.868543      99.98 4.2838e+02    765.131      18364  1028.9065  1028.9049    34.5994    34.5975    7.79553         33 0.0000e+00
    254.000    251.363     1.1604  29.846680     1.1608  29.845574     4.5872     4.5458    -0.0077    97.2825 1.0000e-12  -64.57378  -65.34860 329.868558      99.98 4.2838e+02    766.379      18394  1028.9112  1028.9098    34.5993    34.5975    7.79565         23 0.0000e+00
    255.000    252.352     1.1573  29.844079     1.1576  29.842909     4.5800     4.5445    -0.0024    97.2818 1.0000e-12  -64.57378  -65.34860 329.868567      99.98 4.2838e+02    767.199      18414  1028.9160  1028.9145    34.5989    34.5970    7.79630         18 0.0000e+00
    256.000    253.341     1.1498  29.838203     1.1501  29.837214     4.5731     4.5373     0.0070    97.2870 1.0000e-12  -64.57378  -65.34860 329.868575      99.97 4.2838e+02    767.900      18431  1028.9216  1028.9203    34.5991    34.5975    7.79779         16 0.0000e+00
    257.000    254.329     1.1526  29.841770     1.1529  29.840688     4.5714     4.5336    -0.0045    97.2665 1.0000e-12  -64.57378  -65.34860 329.868583      99.97 4.2838e+02    768.572      18447  1028.9268  1028.9254    34.6000    34.5983    7.79718         17 0.0000e+00
    258.000    255.321     1.1585  29.848263     1.1585  29.847053     4.5692     4.5344    -0.0076    97.2726 1.0000e-12  -64.57378  -65.34860 329.868591      99.98 4.2838e+02    769.301      18464  1028.9319  1028.9306    34.6012    34.5996    7.79594         19 0.0000e+00
    259.000    256.309     1.1681  29.858375     1.1682  29.856627     4.5648     4.5286    -0.0064    97.2605 1.0000e-12  -64.57378  -65.34860 329.868607      99.98 4.2838e+02    770.677      18497  1028.9371  1028.9352    34.6030    34.6006    7.79394         33 0.0000e+00
    260.000    257.296     1.1700  29.861307     1.1700  29.859783     4.5559     4.5288    -0.0076    97.2284 1.0000e-12  -64.57378  -65.34860 329.868644      99.98 4.2838e+02    773.842      18573  1028.9425  1028.9410    34.6040    34.6020    7.79349         40 0.0000e+00
    261.000    258.286     1.1706  29.862027     1.1705  29.860539     4.5626     4.5246    -0.0077    97.2296 1.0000e-12  -64.57378  -65.34858 329.868658      99.98 4.2861e+02    775.062      18602  1028.9471  1028.9457    34.6037    34.6019    7.79339         24 0.0000e+00
    262.000    259.275     1.1690  29.861179     1.1690  29.859907     4.5622     4.5287    -0.0077    97.2403 1.0000e-12  -64.57378  -65.34858 329.868668      99.98 4.3014e+02    775.917      18623  1028.9520  1028.9507    34.6038    34.6022    7.79371         19 0.0000e+00
    263.000    260.264     1.1684  29.861249     1.1685  29.860002     4.5669     4.5285    -0.0077    97.2226 1.0000e-12  -64.57378  -65.34858 329.868677      99.98 4.3014e+02    776.713      18642  1028.9569  1028.9556    34.6039    34.6022    7.79381         19 0.0000e+00
    264.000    261.253     1.1684  29.861619     1.1688  29.860611     4.5575     4.5257    -0.0077    97.2318 1.0000e-12  -64.57378  -65.34858 329.868687      99.98 4.3014e+02    777.550      18662  1028.9616  1028.9602    34.6039    34.6021    7.79382         21 0.0000e+00
    265.000    262.242     1.1685  29.862145     1.1685  29.860808     4.5417     4.5188    -0.0077    97.2456 1.0000e-12  -64.57378  -65.34858 329.868698      99.98 4.3154e+02    778.476      18684  1028.9662  1028.9649    34.6038    34.6021    7.79380         24 0.0000e+00
    266.000    263.231     1.1750  29.869258     1.1752  29.867994     4.5353     4.5102    -0.0025    97.2420 1.0000e-12  -64.57378  -65.34858 329.868711      99.98 4.3189e+02    779.650      18713  1028.9714  1028.9699    34.6051    34.6033    7.79243         35 0.0000e+00
    267.000    264.219     1.1828  29.878572     1.1832  29.877351     4.5365     4.5112    -0.0077    97.2197 1.0000e-12  -64.57378  -65.34858 329.868732      99.98 4.3295e+02    781.422      18755  1028.9776  1028.9759    34.6079    34.6059    7.79074         39 0.0000e+00
    268.000    265.209     1.1873  29.884313     1.1878  29.883148     4.5426     4.5017    -0.0136    97.2205 1.0000e-12  -64.57378  -65.34858 329.868752      99.98 4.3370e+02    783.198      18798  1028.9834  1028.9817    34.6097    34.6076    7.78975         35 0.0000e+00
    269.000    266.198     1.1891  29.886598     1.1892  29.885383     4.5248     4.4936    -0.0075    97.2241 1.0000e-12  -64.57378  -65.34858 329.868766      99.98 4.3367e+02    784.358      18826  1028.9883  1028.9869    34.6101    34.6084    7.78938         22 0.0000e+00
    270.000    267.186     1.1949  29.892955     1.1950  29.891820     4.5164     4.4899    -0.0077    97.2227 1.0000e-12  -64.57378  -65.34858 329.868775      99.98 4.3367e+02    785.170      18845  1028.9934  1028.9921    34.6112    34.6096    7.78816         19 0.0000e+00
    271.000    268.176     1.1999  29.898421     1.2011  29.898270     4.5205     4.4890     0.0012    97.2159 1.0000e-12  -64.57378  -65.34857 329.868784      99.97 4.3367e+02    785.962      18864  1028.9983  1028.9970    34.6121    34.6105    7.78712         19 0.0000e+00
    272.000    269.165     1.2039  29.902663     1.2040  29.901466     4.5101     4.4849     0.0012    97.2146 1.0000e-12  -64.57378  -65.34857 329.868794      99.98 4.3367e+02    786.819      18885  1029.0030  1029.0017    34.6125    34.6108    7.78630         23 0.0000e+00
    273.000    270.154     1.2048  29.904135     1.2051  29.902870     4.5135     4.4851    -0.0140    97.2146 1.0000e-12  -64.57378  -65.34858 329.868808      99.98 4.3367e+02    788.040      18914  1029.0080  1029.0064    34.6128    34.6109    7.78610         38 0.0000e+00
    274.000    271.143     1.2089  29.908778     1.2093  29.907467     4.4999     4.4725    -0.0076    97.2146 1.0000e-12  -64.57378  -65.34858 329.868832      99.98 4.3367e+02    790.104      18963  1029.0130  1029.0114    34.6136    34.6116    7.78524         35 0.0000e+00
    275.000    272.131     1.2125  29.912590     1.2143  29.912824     4.4963     4.4660    -0.0003    97.2272 1.0000e-12  -64.57378  -65.34856 329.868851      99.98 4.3361e+02    791.736      19003  1029.0178  1029.0163    34.6140    34.6123    7.78452         31 0.0000e+00
    276.000    273.120     1.2154  29.916019     1.2157  29.914930     4.4839     4.4598    -0.0070    97.1966 1.0000e-12  -64.57378  -65.34856 329.868864      99.98 4.3337e+02    792.886      19030  1029.0228  1029.0214    34.6146    34.6129    7.78391         24 0.0000e+00
    277.000    274.109     1.2215  29.923001     1.2218  29.921877     4.4728     4.4464    -0.0077    97.2179 1.0000e-12  -64.57378  -65.34856 329.868875      99.98 4.3264e+02    793.801      19052  1029.0282  1029.0267    34.6162    34.6144    7.78261         22 0.0000e+00
    278.000    275.097     1.2260  29.927985     1.2263  29.927051     4.4538     4.4338    -0.0121    97.2224 1.0000e-12  -64.57378  -65.34856 329.868886      99.98 4.3313e+02    794.739      19075  1029.0332  1029.0319    34.6170    34.6154    7.78167         23 0.0000e+00
    279.000    276.088     1.2375  29.940088     1.2376  29.938801     4.4422     4.4303    -0.0117    97.2402 1.0000e-12  -64.57378  -65.34856 329.868897      99.98 4.3367e+02    795.722      19098  1029.0385  1029.0371    34.6191    34.6175    7.77927         24 0.0000e+00
    280.000    277.076     1.2465  29.949420     1.2465  29.948133     4.4428     4.4226    -0.0077    97.2403 1.0000e-12  -64.57378  -65.34856 329.868910      99.98 4.3367e+02    796.821      19125  1029.0435  1029.0422    34.6206    34.6190    7.77741         29 0.0000e+00
    281.000    278.065     1.2497  29.953354     1.2498  29.951861     4.4373     4.4197    -0.0121    97.2403 1.0000e-12  -64.57378  -65.34856 329.868927      99.98 4.3367e+02    798.266      19159  1029.0488  1029.0472    34.6215    34.6195    7.77673         43 0.0000e+00
    282.000    279.053     1.2539  29.957974     1.2545  29.956981     4.4481     4.4158    -0.0080    97.2510 1.0000e-12  -64.57378  -65.34855 329.868951      99.98 4.3376e+02    800.328      19209  1029.0539  1029.0522    34.6222    34.6202    7.77586         35 0.0000e+00
    283.000    280.042     1.2563  29.961026     1.2568  29.960068     4.4495     4.4160 3.1746e-07    97.2940 1.0000e-12  -64.57378  -65.34854 329.868968      99.98 4.3552e+02    801.821      19245  1029.0590  1029.0576    34.6229    34.6211    7.77535         25 0.0000e+00
    284.000    281.032     1.2584  29.963707     1.2587  29.962638     4.4515     4.4102    -0.0067    97.2918 1.0000e-12  -64.57379  -65.34854 329.868978      99.98 4.3543e+02    802.675      19265  1029.0640  1029.0627    34.6234    34.6217    7.77490         18 0.0000e+00
    285.000    282.018     1.2601  29.966114     1.2604  29.964995     4.4390     4.4076    -0.0077    97.2948 1.0000e-12  -64.57380  -65.34854 329.868986      99.98 4.3543e+02    803.373      19282  1029.0691  1029.0676    34.6241    34.6223    7.77453         17 0.0000e+00
    286.000    283.009     1.2625  29.969107     1.2628  29.968048     4.4231     4.4052    -0.0077    97.2989 1.0000e-12  -64.57380  -65.34854 329.868994      99.98 4.3543e+02    804.087      19299  1029.0741  1029.0727    34.6246    34.6230    7.77403         18 0.0000e+00
    287.000    283.999     1.2686  29.975859     1.2690  29.974815     4.4287     4.4063    -0.0139    97.2753 1.0000e-12  -64.57379  -65.34854 329.869005      93.30 4.3543e+02    805.041      19322  1029.0792  1029.0778    34.6259    34.6241    7.77274         29 0.0000e+00
    288.000    284.988     1.2751  29.983001     1.2756  29.981981     4.4223     4.3987    -0.0083    97.2645 1.0000e-12  -64.57378  -65.34854 329.869027      99.87 4.3543e+02    806.930      19367  1029.0846  1029.0830    34.6273    34.6254    7.77139         44 0.0000e+00
    289.000    285.975     1.2779  29.986188     1.2782  29.985091     4.4113     4.3909    -0.0110    97.2612 1.0000e-12  -64.57379  -65.34854 329.869047      99.98 4.3543e+02    808.646      19409  1029.0894  1029.0880    34.6277    34.6260    7.77081         32 0.0000e+00
    290.000    286.964     1.2801  29.988871     1.2804  29.987862     4.4154     4.3903    -0.0038    97.2729 1.0000e-12  -64.57380  -65.34854 329.869060      99.98 4.3558e+02    809.758      19435  1029.0944  1029.0930    34.6282    34.6264    7.77036         23 0.0000e+00
    291.000    287.953     1.2816  29.990852     1.2818  29.989761     4.3992     4.3826    -0.0149    97.2890 1.0000e-12  -64.57380  -65.34854 329.869070      99.98 4.3691e+02    810.634      19456  1029.0992  1029.0979    34.6284    34.6268    7.77004         20 0.0000e+00
    292.000    288.943     1.2841  29.993833     1.2845  29.992861     4.3874     4.3789    -0.0082    97.2696 1.0000e-12  -64.57380  -65.34854 329.869081      99.98 4.3718e+02    811.609      19480  1029.1040  1029.1027    34.6288    34.6272    7.76952         28 0.0000e+00
    293.000    289.931     1.2910  30.001121     1.2911  29.999845     4.3953     4.3772    -0.0075    97.2617 1.0000e-12  -64.57380  -65.34854 329.869097      99.98 4.3607e+02    812.962      19512  1029.1091  1029.1077    34.6300    34.6283    7.76810         36 0.0000e+00
