NBP2113_155081_ctd/data/nbp2113_066.cnv
* Sea-Bird SBE 9 Data File:
* FileName = D:\Data\raw\NBP2113_066.hex
* Software Version Seasave V 7.26.7.121
* Temperature SN = 2438
* Conductivity SN = 2067
* Number of Bytes Per Scan = 40
* Number of Voltage Words = 5
* Number of Scans Averaged by the Deck Unit = 1
* NMEA Latitude = 64 10.22 S
* NMEA Longitude = 061 54.36 W
* NMEA UTC (Time) = Dec 14 2021  16:02:10
* NMEA baud rate = 9600
** Ship: RVIB N.B. Palmer
** Cruise: NBP2113 LTER
** Station: 742.003
** Operator: S. Blackman
# nquan = 25
# nvalues = 1546                        
# units = specified
# name 0 = prDM: Pressure, Digiquartz [db]
# name 1 = depSM: Depth [salt water, m]
# name 2 = t090C: Temperature [ITS-90, deg C]
# name 3 = c0mS/cm: Conductivity [mS/cm]
# name 4 = t190C: Temperature, 2 [ITS-90, deg C]
# name 5 = c1mS/cm: Conductivity, 2 [mS/cm]
# name 6 = sbeox0ML/L: Oxygen, SBE 43 [ml/l]
# name 7 = sbeox1ML/L: Oxygen, SBE 43, 2 [ml/l]
# name 8 = flECO-AFL: Fluorescence, WET Labs ECO-AFL/FL [mg/m^3]
# name 9 = CStarTr0: Beam Transmission, WET Labs C-Star [%]
# name 10 = par: PAR/Irradiance, Biospherical/Licor
# name 11 = latitude: Latitude [deg]
# name 12 = longitude: Longitude [deg]
# name 13 = timeJ: Julian Days
# name 14 = altM: Altimeter [m]
# name 15 = spar: SPAR, Biospherical/Licor
# name 16 = timeS: Time, Elapsed [seconds]
# name 17 = scan: Scan Count
# name 18 = density00: Density [density, kg/m^3]
# name 19 = density11: Density, 2 [density, kg/m^3]
# name 20 = sal00: Salinity, Practical [PSU]
# name 21 = sal11: Salinity, Practical, 2 [PSU]
# name 22 = oxsolML/L: Oxygen Saturation, Garcia & Gordon [ml/l]
# name 23 = nbin: number of scans per bin
# name 24 = flag: flag
# span 0 =      1.000,    775.000       
# span 1 =      0.991,    766.018       
# span 2 =    -0.7053,     0.5043       
# span 3 =  28.146436,  29.050659       
# span 4 =    -0.7051,     0.5053       
# span 5 =  28.145917,  29.049858       
# span 6 =     5.3905,     7.7348       
# span 7 =     5.4708,     7.6224       
# span 8 =    -0.0297,     1.0918       
# span 9 =    82.2938,    90.0732       
# span 10 = 1.0000e-12, 9.6430e+02      
# span 11 =  -64.17042,  -64.16752      
# span 12 =  -61.90650,  -61.90474      
# span 13 = 348.671590, 348.704916      
# span 14 =       9.42,     100.46      
# span 15 = 7.8250e+02, 2.4575e+03      
# span 16 =    295.381,   3174.784      
# span 17 =       7090,      76196      
# span 18 =  1027.3111,  1031.4359      
# span 19 =  1027.3106,  1031.4348      
# span 20 =    34.0285,    34.5482      
# span 21 =    34.0265,    34.5470      
# span 22 =    7.95974,    8.19137      
# span 23 =         12,         63      
# span 24 = 0.0000e+00, 0.0000e+00      
# interval = decibars: 1                
# start_time = Dec 14 2021 16:02:10 [NMEA time, header]
# bad_flag = -9.990e-29
*END*
[from data line 348]
    352.000    348.273    -0.4703  28.423004    -0.4701  28.422106     5.9884     6.0498    -0.0104    89.9274 1.0000e-12  -64.17000  -61.90552 348.677514      99.97 8.2795e+02    807.195      19374  1029.4029  1029.4018    34.5008    34.4994    8.13791         32 0.0000e+00
    353.000    349.263    -0.4768  28.417388    -0.4768  28.416452     5.9960     6.0505    -0.0188    89.9398 1.0000e-12  -64.17000  -61.90552 348.677529      99.97 8.2855e+02    808.533      19406  1029.4076  1029.4066    34.5000    34.4988    8.13934         33 0.0000e+00
    354.000    350.250    -0.4786  28.415995    -0.4788  28.414957     6.0032     6.0542    -0.0092    89.9499 1.0000e-12  -64.17000  -61.90552 348.677545      99.97 8.2855e+02    809.898      19439  1029.4122  1029.4112    34.4997    34.4984    8.13976         33 0.0000e+00
    355.000    351.239    -0.4768  28.417890    -0.4759  28.417875     5.9531     6.0175    -0.0182    89.9523 1.0000e-12  -64.17000  -61.90552 348.677561      99.97 8.2917e+02    811.297      19472  1029.4167  1029.4157    34.4995    34.4984    8.13938         31 0.0000e+00
    356.000    352.229    -0.4454  28.444697    -0.4456  28.443890     5.8532     5.9639    -0.0219    89.9317 1.0000e-12  -64.17000  -61.90552 348.677576      99.97 8.3033e+02    812.592      19503  1029.4186  1029.4179    34.4992    34.4984    8.13267         29 0.0000e+00
    357.000    353.216    -0.3858  28.498972    -0.3795  28.503815     5.8071     5.9341    -0.0174    89.9258 1.0000e-12  -64.17000  -61.90552 348.677591      99.97 8.3032e+02    813.826      19533  1029.4221  1029.4212    34.5038    34.5031    8.11967         31 0.0000e+00
    358.000    354.205    -0.3578  28.527882    -0.3577  28.527511     5.8342     5.9307    -0.0150    89.9395 1.0000e-12  -64.17000  -61.90552 348.677606      99.97 8.3032e+02    815.144      19564  1029.4301  1029.4296    34.5101    34.5095    8.11333         32 0.0000e+00
    359.000    355.194    -0.3571  28.531137    -0.3577  28.529453     5.8111     5.9172    -0.0207    89.9203 1.0000e-12  -64.17000  -61.90552 348.677621      99.97 8.2982e+02    816.472      19596  1029.4376  1029.4365    34.5130    34.5115    8.11301         32 0.0000e+00
    360.000    356.181    -0.3495  28.535949    -0.3517  28.533242     5.7915     5.8956    -0.0172    89.9050 1.0000e-12  -64.17000  -61.90552 348.677636      99.97 8.2854e+02    817.778      19628  1029.4398  1029.4391    34.5103    34.5092    8.11155         30 0.0000e+00
    361.000    357.171    -0.3179  28.567487    -0.3167  28.567253     5.7856     5.8796    -0.0221    89.8956 1.0000e-12  -64.17000  -61.90552 348.677652      99.97 8.2855e+02    819.143      19660  1029.4469  1029.4455    34.5161    34.5145    8.10450         33 0.0000e+00
    362.000    358.158    -0.3132  28.572350    -0.3111  28.573590     5.7821     5.8777    -0.0224    89.8871 1.0000e-12  -64.16998  -61.90552 348.677668      99.97 8.2855e+02    820.527      19694  1029.4522  1029.4514    34.5166    34.5159    8.10346         32 0.0000e+00
    363.000    359.148    -0.3080  28.577376    -0.3085  28.576007     5.7895     5.8742    -0.0214    89.9000 1.0000e-12  -64.16998  -61.90552 348.677683      99.97 8.2855e+02    821.832      19725  1029.4570  1029.4560    34.5169    34.5156    8.10235         31 0.0000e+00
    364.000    360.136    -0.3052  28.580696    -0.3062  28.578820     5.8041     5.8769    -0.0147    89.8793 1.0000e-12  -64.16998  -61.90552 348.677698      99.97 8.2855e+02    823.107      19756  1029.4624  1029.4614    34.5175    34.5162    8.10171         30 0.0000e+00
    365.000    361.125    -0.3063  28.580032    -0.3068  28.578661     5.7987     5.8772    -0.0145    89.8379 1.0000e-12  -64.16998  -61.90552 348.677713      99.97 8.2719e+02    824.363      19786  1029.4673  1029.4663    34.5173    34.5161    8.10195         30 0.0000e+00
    366.000    362.113    -0.3052  28.581308    -0.3058  28.579813     5.7980     5.8743    -0.0150    89.8601 1.0000e-12  -64.16998  -61.90552 348.677727      99.97 8.2679e+02    825.623      19816  1029.4720  1029.4710    34.5172    34.5159    8.10173         31 0.0000e+00
    367.000    363.101    -0.3041  28.583082    -0.3045  28.581717     5.7994     5.8750    -0.0150    89.8642 1.0000e-12  -64.16998  -61.90552 348.677742      99.97 8.2506e+02    826.938      19848  1029.4773  1029.4762    34.5177    34.5163    8.10147         33 0.0000e+00
    368.000    364.090    -0.3060  28.581704    -0.3060  28.580663     5.8056     5.8768    -0.0150    89.8547 1.0000e-12  -64.16998  -61.90552 348.677759      99.97 8.2503e+02    828.366      19882  1029.4821  1029.4810    34.5174    34.5160    8.10189         34 0.0000e+00
    369.000    365.080    -0.3116  28.577572    -0.3116  28.576620     5.8225     5.8787    -0.0278    89.8397 1.0000e-12  -64.16998  -61.90552 348.677775      99.97 8.2473e+02    829.741      19915  1029.4876  1029.4866    34.5176    34.5163    8.10307         30 0.0000e+00
    370.000    366.067    -0.3140  28.575754    -0.3144  28.574360     5.8267     5.8767    -0.0219    89.8450 1.0000e-12  -64.16998  -61.90552 348.677790      99.97 8.2333e+02    831.021      19946  1029.4923  1029.4912    34.5172    34.5158    8.10359         30 0.0000e+00
    371.000    367.055    -0.3137  28.576322    -0.3138  28.575235     5.8097     5.8743    -0.0219    89.8245 1.0000e-12  -64.16998  -61.90554 348.677804      99.97 8.2151e+02    832.266      19975  1029.4970  1029.4959    34.5172    34.5157    8.10355         30 0.0000e+00
    372.000    368.045    -0.3131  28.577677    -0.3132  28.576594     5.8110     5.8783    -0.0224    89.8244 1.0000e-12  -64.16998  -61.90552 348.677818      99.97 8.2017e+02    833.499      20005  1029.5021  1029.5011    34.5176    34.5163    8.10338         29 0.0000e+00
    373.000    369.033    -0.3140  28.577318    -0.3131  28.576983     5.8046     5.8761    -0.0159    89.7888 1.0000e-12  -64.16998  -61.90552 348.677833      99.97 8.1974e+02    834.783      20036  1029.5069  1029.5058    34.5175    34.5162    8.10358         33 0.0000e+00
    374.000    370.021    -0.3146  28.577291    -0.3145  28.576240     5.8055     5.8753    -0.0095    89.7911 1.0000e-12  -64.16998  -61.90552 348.677849      99.97 8.1974e+02    836.170      20069  1029.5118  1029.5106    34.5176    34.5161    8.10371         34 0.0000e+00
    375.000    371.010    -0.3149  28.577532    -0.3149  28.576351     5.8164     5.8755    -0.0222    89.7987 1.0000e-12  -64.16998  -61.90552 348.677865      99.97 8.2013e+02    837.565      20103  1029.5166  1029.5154    34.5176    34.5161    8.10376         32 0.0000e+00
    376.000    371.998    -0.3151  28.577790    -0.3155  28.576421     5.8241     5.8774    -0.0224    89.8035 1.0000e-12  -64.16998  -61.90552 348.677881      99.97 8.1836e+02    838.900      20135  1029.5214  1029.5203    34.5176    34.5162    8.10381         32 0.0000e+00
    377.000    372.986    -0.3163  28.577084    -0.3165  28.575869     5.8242     5.8747    -0.0224    89.7825 1.0000e-12  -64.16998  -61.90552 348.677896      99.97 8.1798e+02    840.180      20165  1029.5261  1029.5249    34.5174    34.5160    8.10408         30 0.0000e+00
    378.000    373.975    -0.3158  28.577871    -0.3152  28.577404     5.8165     5.8770    -0.0271    89.7809 1.0000e-12  -64.16998  -61.90552 348.677910      99.97 8.1986e+02    841.414      20195  1029.5307  1029.5296    34.5173    34.5160    8.10398         29 0.0000e+00
    379.000    374.963    -0.3153  28.578962    -0.3155  28.577718     5.8185     5.8821    -0.0295    89.7462 1.0000e-12  -64.16998  -61.90552 348.677924      99.97 8.2200e+02    842.630      20224  1029.5357  1029.5345    34.5176    34.5162    8.10385         29 0.0000e+00
    380.000    375.952    -0.3173  28.577669    -0.3176  28.576284     5.8246     5.8784    -0.0216    89.7858 1.0000e-12  -64.16998  -61.90552 348.677939      99.97 8.2331e+02    843.895      20254  1029.5405  1029.5394    34.5176    34.5161    8.10429         29 0.0000e+00
    381.000    376.939    -0.3162  28.578908    -0.3161  28.577800     5.8232     5.8855    -0.0189    89.7711 1.0000e-12  -64.16998  -61.90552 348.677954      99.97 8.2498e+02    845.194      20286  1029.5450  1029.5437    34.5173    34.5158    8.10406         30 0.0000e+00
    382.000    377.927    -0.3176  28.578540    -0.3182  28.576974     5.8388     5.8955    -0.0185    89.8071 1.0000e-12  -64.16998  -61.90552 348.677969      99.97 8.2626e+02    846.550      20318  1029.5503  1029.5491    34.5179    34.5164    8.10433         30 0.0000e+00
    383.000    378.917    -0.3350  28.564504    -0.3375  28.560996     5.8477     5.9000    -0.0215    89.7784 1.0000e-12  -64.16998  -61.90552 348.677985      99.97 8.2679e+02    847.943      20352  1029.5567  1029.5555    34.5182    34.5164    8.10801         32 0.0000e+00
    384.000    379.906    -0.3415  28.557516    -0.3425  28.555802     5.8495     5.9031    -0.0210    89.7678 1.0000e-12  -64.16998  -61.90552 348.678001      99.97 8.2575e+02    849.270      20383  1029.5599  1029.5590    34.5156    34.5144    8.10954         31 0.0000e+00
    385.000    380.894    -0.3396  28.560562    -0.3452  28.554008     5.8590     5.9105    -0.0199    89.8083 1.0000e-12  -64.16998  -61.90552 348.678015      99.97 8.2296e+02    850.526      20414  1029.5654  1029.5639    34.5169    34.5145    8.10906         30 0.0000e+00
    386.000    381.883    -0.3489  28.552528    -0.3477  28.552544     5.8653     5.9122    -0.0174    89.7567 1.0000e-12  -64.16998  -61.90552 348.678030      99.97 8.1908e+02    851.802      20444  1029.5702  1029.5690    34.5161    34.5148    8.11110         31 0.0000e+00
    387.000    382.871    -0.3499  28.551539    -0.3507  28.549769     5.8570     5.9132    -0.0214    89.8025 1.0000e-12  -64.16998  -61.90552 348.678045      99.97 8.1799e+02    853.073      20475  1029.5743  1029.5732    34.5153    34.5139    8.11135         31 0.0000e+00
    388.000    383.859    -0.3502  28.552095    -0.3506  28.550531     5.8622     5.9148    -0.0169    89.8005 1.0000e-12  -64.16998  -61.90552 348.678059      99.96 8.1684e+02    854.317      20505  1029.5794  1029.5781    34.5158    34.5142    8.11139         29 0.0000e+00
    389.000    384.846    -0.3514  28.551427    -0.3517  28.550017     5.8537     5.9154    -0.0200    89.8014 1.0000e-12  -64.16998  -61.90552 348.678074      99.97 8.1553e+02    855.619      20536  1029.5841  1029.5828    34.5157    34.5141    8.11165         28 0.0000e+00
    390.000    385.836    -0.3543  28.549221    -0.3547  28.547822     5.8576     5.9199    -0.0210    89.7995 1.0000e-12  -64.16998  -61.90552 348.678090      99.97 8.1437e+02    856.941      20568  1029.5888  1029.5876    34.5154    34.5139    8.11229         31 0.0000e+00
    391.000    386.825    -0.3538  28.550533    -0.3566  28.547369     5.8617     5.9210    -0.0219    89.8188 1.0000e-12  -64.16998  -61.90552 348.678104      99.97 8.1273e+02    858.222      20598  1029.5938  1029.5932    34.5159    34.5149    8.11214         31 0.0000e+00
    392.000    387.811    -0.3652  28.541170    -0.3658  28.539473     5.8708     5.9256    -0.0181    89.7978 1.0000e-12  -64.16998  -61.90552 348.678119      99.97 8.0945e+02    859.498      20629  1029.5993  1029.5980    34.5158    34.5141    8.11459         31 0.0000e+00
    393.000    388.801    -0.3672  28.539765    -0.3675  28.538446     5.8708     5.9276    -0.0184    89.7920 1.0000e-12  -64.16998  -61.90552 348.678134      99.97 8.1158e+02    860.803      20660  1029.6040  1029.6028    34.5155    34.5141    8.11502         30 0.0000e+00
    394.000    389.790    -0.3690  28.538618    -0.3691  28.537454     5.8602     5.9312    -0.0214    89.7937 1.0000e-12  -64.16998  -61.90552 348.678150      99.97 8.1405e+02    862.122      20692  1029.6087  1029.6075    34.5155    34.5140    8.11542         31 0.0000e+00
    395.000    390.777    -0.3693  28.538869    -0.3694  28.537644     5.8661     5.9330    -0.0288    89.8229 1.0000e-12  -64.16998  -61.90552 348.678164      99.97 8.1691e+02    863.387      20722  1029.6134  1029.6122    34.5155    34.5140    8.11548         29 0.0000e+00
    396.000    391.766    -0.3706  28.538394    -0.3713  28.536628     5.8830     5.9335    -0.0205    89.8161 1.0000e-12  -64.16998  -61.90552 348.678179      99.97 8.2310e+02    864.626      20752  1029.6183  1029.6172    34.5157    34.5142    8.11573         31 0.0000e+00
    397.000    392.756    -0.3744  28.535456    -0.3746  28.534217     5.8847     5.9329    -0.0162    89.7730 1.0000e-12  -64.16998  -61.90552 348.678193      99.97 8.2723e+02    865.914      20783  1029.6232  1029.6221    34.5155    34.5141    8.11657         31 0.0000e+00
    398.000    393.743    -0.3728  28.537416    -0.3729  28.536256     5.8751     5.9337    -0.0219    89.8014 1.0000e-12  -64.16998  -61.90552 348.678208      99.97 8.3004e+02    867.194      20814  1029.6279  1029.6267    34.5157    34.5142    8.11621         30 0.0000e+00
    399.000    394.732    -0.3736  28.537640    -0.3739  28.536301     5.8675     5.9326    -0.0263    89.8404 1.0000e-12  -64.16998  -61.90552 348.678223      99.97 8.3148e+02    868.426      20843  1029.6332  1029.6320    34.5163    34.5149    8.11635         30 0.0000e+00
    400.000    395.719    -0.3776  28.534871    -0.3780  28.533507     5.8735     5.9395    -0.0249    89.8245 1.0000e-12  -64.16997  -61.90552 348.678237      99.97 8.3208e+02    869.658      20873  1029.6384  1029.6372    34.5166    34.5151    8.11719         29 0.0000e+00
    401.000    396.708    -0.3780  28.535052    -0.3783  28.533722     5.8638     5.9391    -0.0160    89.8195 1.0000e-12  -64.16996  -61.90552 348.678251      99.97 8.3354e+02    870.904      20903  1029.6432  1029.6420    34.5167    34.5152    8.11727         31 0.0000e+00
    402.000    397.696    -0.3808  28.533400    -0.3811  28.531996     5.8908     5.9373    -0.0133    89.8161 1.0000e-12  -64.16996  -61.90552 348.678267      99.97 8.3384e+02    872.259      20935  1029.6483  1029.6472    34.5170    34.5155    8.11784         34 0.0000e+00
    403.000    398.685    -0.3822  28.532832    -0.3822  28.531712     5.9221     5.9816    -0.0123    89.8286 1.0000e-12  -64.16996  -61.90552 348.678283      99.97 8.3384e+02    873.662      20969  1029.6533  1029.6521    34.5172    34.5157    8.11813         32 0.0000e+00
    404.000    399.674    -0.4191  28.502312    -0.4218  28.499739     5.9129     5.9889    -0.0218    89.8121 1.0000e-12  -64.16996  -61.90552 348.678298      99.97 8.3384e+02    874.960      21000  1029.6615  1029.6614    34.5176    34.5172    8.12600         30 0.0000e+00
    405.000    400.659    -0.3962  28.520479    -0.4309  28.489509     5.9352     5.9972    -0.0264    89.8301 1.0000e-12  -64.16996  -61.90552 348.678312      99.97 8.3550e+02    876.157      21029  1029.6622  1029.6635    34.5153    34.5132    8.12123         28 0.0000e+00
    406.000    401.651    -0.4123  28.509111    -0.4144  28.504745     5.9639     6.0047    -0.0198    89.8155 1.0000e-12  -64.16996  -61.90552 348.678326      99.97 8.3561e+02    877.338      21057  1029.6702  1029.6673    34.5178    34.5143    8.12453         29 0.0000e+00
    407.000    402.638    -0.4407  28.484617    -0.4383  28.485088     6.0017     6.0415    -0.0202    89.8251 1.0000e-12  -64.16996  -61.90552 348.678340      99.97 8.3526e+02    878.539      21086  1029.6764  1029.6744    34.5165    34.5144    8.13067         30 0.0000e+00
    408.000    403.626    -0.4627  28.464460    -0.4611  28.465306     6.0874     6.0887    -0.0153    89.8415 1.0000e-12  -64.16996  -61.90552 348.678355      99.97 8.3385e+02    879.864      21118  1029.6804  1029.6798    34.5139    34.5133    8.13553         33 0.0000e+00
