NBP2113_155081_ctd/data/nbp2113_022.ros
* Sea-Bird SBE 9 Data File:
* FileName = D:\Data\raw\NBP2113_022.hex
* Software Version Seasave V 7.26.7.121
* Temperature SN = 2438
* Conductivity SN = 2067
* Number of Bytes Per Scan = 40
* Number of Voltage Words = 5
* Number of Scans Averaged by the Deck Unit = 1
* NMEA Latitude = 68 01.86 S
* NMEA Longitude = 069 17.08 W
* NMEA UTC (Time) = Nov 30 2021  22:24:22
* NMEA baud rate = 9600
** Ship: RVIB N.B. Palmer
** Cruise: NBP2113 LTER
** Station: 200.-040
** Operator: S. Blackman
# nquan = 20
# nvalues = 1170                                  
# units = specified
# name 0 = prDM: Pressure, Digiquartz [db]
# name 1 = depSM: Depth [salt water, m]
# name 2 = t090C: Temperature [ITS-90, deg C]
# name 3 = c0mS/cm: Conductivity [mS/cm]
# name 4 = t190C: Temperature, 2 [ITS-90, deg C]
# name 5 = c1mS/cm: Conductivity, 2 [mS/cm]
# name 6 = sbeox0ML/L: Oxygen, SBE 43 [ml/l]
# name 7 = sbeox1ML/L: Oxygen, SBE 43, 2 [ml/l]
# name 8 = flECO-AFL: Fluorescence, WET Labs ECO-AFL/FL [mg/m^3]
# name 9 = CStarTr0: Beam Transmission, WET Labs C-Star [%]
# name 10 = par: PAR/Irradiance, Biospherical/Licor
# name 11 = latitude: Latitude [deg]
# name 12 = longitude: Longitude [deg]
# name 13 = timeJ: Julian Days
# name 14 = altM: Altimeter [m]
# name 15 = spar: SPAR, Biospherical/Licor
# name 16 = timeS: Time, Elapsed [seconds]
# name 17 = scan: Scan Count
# name 18 = nbf: Bottles Fired
# name 19 = flag:  0.000e+00
# interval = seconds: 0.0416667
# start_time = Nov 30 2021 22:24:22 [NMEA time, header]
# bad_flag = -9.990e-29
*END*
[from data line 652]
     47.142     46.665    -1.4332  26.990889    -1.4333  26.989697     7.6326     7.7122     0.5417    94.5624 2.3399e-01  -68.03074  -69.28546 334.954792      99.95 8.4618e+01   1832.042      43970         14  0.000e+00
     47.190     46.712    -1.4330  26.990718    -1.4327  26.990030     7.6247     7.7120     0.5417    94.5624 2.3399e-01  -68.03074  -69.28546 334.954793      99.95 8.4618e+01   1832.083      43971         14  0.000e+00
     47.087     46.611    -1.4331  26.990718    -1.4327  26.990474     7.6215     7.7118     0.5417    94.6139 2.3399e-01  -68.03074  -69.28546 334.954793      99.98 8.4618e+01   1832.125      43972         14  0.000e+00
     47.203     46.726    -1.4329  26.991060    -1.4333  26.990142     7.6125     7.7120     0.5417    94.6396 2.3399e-01  -68.03074  -69.28546 334.954794      99.98 8.4618e+01   1832.167      43973         14  0.000e+00
     47.087     46.611    -1.4324  26.991742    -1.4342  26.990086     7.6097     7.7120     0.5417    94.6396 2.3399e-01  -68.03074  -69.28546 334.954794      99.98 8.4618e+01   1832.208      43974         14  0.000e+00
     47.142     46.665    -1.4317  26.992481    -1.4336  26.990308     7.6148     7.7118     0.5417    94.6396 2.3399e-01  -68.03074  -69.28546 334.954795      99.98 8.4618e+01   1832.250      43975         14  0.000e+00
     47.101     46.624    -1.4304  26.993675    -1.4332  26.990919     7.6291     7.7116     0.5417    94.6654 2.3399e-01  -68.03074  -69.28546 334.954795      99.98 8.4618e+01   1832.292      43976         14  0.000e+00
     47.142     46.665    -1.4301  26.993903    -1.4315  26.991918     7.6378     7.7111     0.5417    94.6396 2.3399e-01  -68.03074  -69.28546 334.954796      99.98 8.4618e+01   1832.333      43977         14  0.000e+00
     47.087     46.611    -1.4305  26.993732    -1.4309  26.991974     7.6404     7.7109     0.5417    94.6654 2.3145e-01  -68.03074  -69.28546 334.954796      99.95 8.4618e+01   1832.375      43978         14  0.000e+00
     47.087     46.611    -1.4314  26.992765    -1.4315  26.991307     7.6341     7.7110     0.6077    94.6654 2.3145e-01  -68.03074  -69.28546 334.954796      99.98 8.4618e+01   1832.417      43979         14  0.000e+00
     47.101     46.624    -1.4319  26.992481    -1.4320  26.991030     7.6399     7.7110     0.6589    94.6396 2.3145e-01  -68.03074  -69.28546 334.954797      99.98 8.4618e+01   1832.458      43980         14  0.000e+00
     47.087     46.611    -1.4314  26.992822    -1.4321  26.991085     7.6332     7.7109     0.6589    94.6396 2.3145e-01  -68.03074  -69.28546 334.954797      99.98 8.4618e+01   1832.500      43981         14  0.000e+00
     47.087     46.611    -1.4310  26.992879    -1.4318  26.991529     7.6310     7.7108     0.6589    94.6396 2.3145e-01  -68.03074  -69.28546 334.954798      99.95 8.4618e+01   1832.542      43982         14  0.000e+00
     47.142     46.665    -1.4307  26.992936    -1.4317  26.991252     7.6304     7.7117     0.6516    94.6654 2.3145e-01  -68.03074  -69.28546 334.954798      99.95 8.4618e+01   1832.583      43983         14  0.000e+00
     47.101     46.624    -1.4304  26.992993    -1.4316  26.991141     7.6388     7.7116     0.6589    94.6396 2.3145e-01  -68.03074  -69.28546 334.954799      99.98 8.4618e+01   1832.625      43984         14  0.000e+00
     47.142     46.665    -1.4304  26.993163    -1.4321  26.990974     7.6367     7.7117     0.6589    94.6654 2.2892e-01  -68.03074  -69.28546 334.954799      99.98 8.4618e+01   1832.667      43985         14  0.000e+00
     47.087     46.611    -1.4304  26.993049    -1.4320  26.990696     7.6302     7.7117     0.6589    94.6396 2.2892e-01  -68.03074  -69.28546 334.954800      99.98 8.4618e+01   1832.708      43986         14  0.000e+00
     47.149     46.672    -1.4305  26.992652    -1.4319  26.990808     7.6300     7.7117     0.6589    94.6654 2.2892e-01  -68.03074  -69.28546 334.954800      99.98 8.4618e+01   1832.750      43987         14  0.000e+00
     47.142     46.665    -1.4312  26.992481    -1.4323  26.990586     7.6239     7.7117     0.6589    94.6654 2.2892e-01  -68.03074  -69.28546 334.954801      99.98 8.4618e+01   1832.792      43988         14  0.000e+00
     47.142     46.665    -1.4314  26.992254    -1.4322  26.990808     7.6225     7.7116     0.6589    94.6396 2.2892e-01  -68.03074  -69.28546 334.954801      99.98 8.4618e+01   1832.833      43989         14  0.000e+00
     47.190     46.713    -1.4315  26.992367    -1.4321  26.990919     7.6167     7.7116     0.6589    94.6654 2.2640e-01  -68.03074  -69.28546 334.954802      99.95 8.4618e+01   1832.875      43990         14  0.000e+00
     47.149     46.672    -1.4315  26.992083    -1.4325  26.990697     7.6218     7.7116     0.6589    94.6396 2.2640e-01  -68.03074  -69.28546 334.954802      99.98 8.4618e+01   1832.917      43991         14  0.000e+00
     47.190     46.713    -1.4318  26.992254    -1.4322  26.990974     7.6273     7.7173     0.6589    94.6396 2.2640e-01  -68.03074  -69.28546 334.954803      99.98 8.4618e+01   1832.958      43992         14  0.000e+00
     47.190     46.713    -1.4317  26.992026    -1.4319  26.991141     7.6266     7.7123     0.6589    94.6139 2.2640e-01  -68.03074  -69.28546 334.954803      99.98 8.4618e+01   1833.000      43993         14  0.000e+00
     47.238     46.760    -1.4317  26.991970    -1.4313  26.991696     7.6245     7.7122     0.6589    94.6139 2.2389e-01  -68.03074  -69.28546 334.954804      99.95 8.4618e+01   1833.042      43994         14  0.000e+00
     47.204     46.726    -1.4319  26.991969    -1.4311  26.992196     7.6361     7.7120     0.6589    94.5881 2.2389e-01  -68.03074  -69.28546 334.954804      99.95 8.4618e+01   1833.083      43995         14  0.000e+00
     47.238     46.760    -1.4318  26.992140    -1.4307  26.992196     7.6246     7.7119     0.6589    94.6139 2.2389e-01  -68.03074  -69.28546 334.954805      99.98 8.4618e+01   1833.125      43996         14  0.000e+00
     47.293     46.814    -1.4321  26.991913    -1.4312  26.991808     7.6226     7.7119     0.6589    94.5881 2.2138e-01  -68.03074  -69.28546 334.954805      99.98 8.4618e+01   1833.167      43997         14  0.000e+00
     47.300     46.821    -1.4322  26.991913    -1.4320  26.991252     7.6143     7.7121     0.6589    94.5881 2.1888e-01  -68.03074  -69.28546 334.954806      99.98 8.4618e+01   1833.208      43998         14  0.000e+00
     47.293     46.814    -1.4321  26.991742    -1.4319  26.991530     7.6183     7.7119     0.6589    94.6139 2.1888e-01  -68.03074  -69.28546 334.954806      99.98 8.4618e+01   1833.250      43999         14  0.000e+00
     47.341     46.862    -1.4319  26.991856    -1.4307  26.993363     7.6345     7.7116     0.6589    94.6139 2.1888e-01  -68.03074  -69.28546 334.954807      99.98 8.4618e+01   1833.292      44000         14  0.000e+00
     47.341     46.862    -1.4318  26.991856    -1.4290  26.994307     7.6412     7.7111     0.6516    94.5881 2.1639e-01  -68.03074  -69.28546 334.954807      99.98 8.4618e+01   1833.333      44001         14  0.000e+00
     47.355     46.875    -1.4326  26.991117    -1.4295  26.993140     7.6507     7.7112     0.6589    94.6139 2.1639e-01  -68.03074  -69.28546 334.954808      99.98 8.4618e+01   1833.375      44002         14  0.000e+00
     47.396     46.916    -1.4333  26.990321    -1.4313  26.991419     7.6433     7.7116     0.6589    94.6139 2.1639e-01  -68.03074  -69.28546 334.954808      99.98 8.4618e+01   1833.417      44003         14  0.000e+00
     30.517     30.210    -1.2499  27.112619    -1.2499  27.112466     8.0191     8.1065     1.5234    91.8844 1.1091e+00  -68.03080  -69.28538 334.955570      99.98 7.7567e+01   1899.208      45582         15  0.000e+00
     30.517     30.210    -1.2498  27.112391    -1.2494  27.112633     8.0198     8.1008     1.5161    91.8844 1.1091e+00  -68.03080  -69.28538 334.955570      99.98 7.7567e+01   1899.250      45583         15  0.000e+00
     30.517     30.210    -1.2500  27.112334    -1.2493  27.112800     8.0187     8.1055     1.3403    91.8844 1.1141e+00  -68.03080  -69.28538 334.955571      99.98 7.7567e+01   1899.292      45584         15  0.000e+00
     30.517     30.210    -1.2499  27.112562    -1.2493  27.112021     8.0161     8.1054     1.2377    91.8844 1.1141e+00  -68.03080  -69.28538 334.955571      99.98 7.7567e+01   1899.333      45585         15  0.000e+00
     30.469     30.162    -1.2504  27.111993    -1.2491  27.112244     8.0254     8.1051     1.2230    91.8844 1.1141e+00  -68.03080  -69.28538 334.955571      99.95 7.7567e+01   1899.375      45586         15  0.000e+00
     30.469     30.162    -1.2504  27.112391    -1.2494  27.111743     8.0328     8.1048     1.2377    91.8844 1.1192e+00  -68.03080  -69.28538 334.955572      99.98 7.7567e+01   1899.417      45587         15  0.000e+00
     30.497     30.189    -1.2504  27.112619    -1.2498  27.111799     8.0279     8.1045     1.2377    91.8844 1.1192e+00  -68.03080  -69.28538 334.955572      99.98 7.7567e+01   1899.458      45588         15  0.000e+00
     30.469     30.162    -1.2504  27.112391    -1.2499  27.111632     8.0273     8.1039     1.2377    91.8587 1.1192e+00  -68.03080  -69.28538 334.955573      99.98 7.7567e+01   1899.500      45589         15  0.000e+00
     30.469     30.162    -1.2506  27.112334    -1.2500  27.111576     8.0159     8.1033     1.2377    91.8587 1.1242e+00  -68.03080  -69.28538 334.955573      99.95 7.7567e+01   1899.542      45590         15  0.000e+00
     30.470     30.162    -1.2511  27.112164    -1.2502  27.111354     8.0288     8.1025     1.2377    91.8587 1.1242e+00  -68.03080  -69.28538 334.955574      99.95 7.7567e+01   1899.583      45591         15  0.000e+00
     30.422     30.115    -1.2511  27.112277    -1.2502  27.111521     8.0292     8.1081     1.2377    91.8587 1.1242e+00  -68.03080  -69.28538 334.955574      99.98 7.7567e+01   1899.625      45592         15  0.000e+00
     30.470     30.162    -1.2515  27.112164    -1.2500  27.111743     8.0285     8.1090     1.2377    91.8587 1.1292e+00  -68.03080  -69.28538 334.955575      99.98 7.7567e+01   1899.667      45593         15  0.000e+00
     30.422     30.115    -1.2515  27.112448    -1.2500  27.111632     8.0234     8.1040     1.2377    91.8587 1.1292e+00  -68.03080  -69.28538 334.955575      99.98 7.7567e+01   1899.708      45594         15  0.000e+00
     30.422     30.115    -1.2514  27.112220    -1.2499  27.111354     8.0380     8.1094     1.2377    91.8587 1.1292e+00  -68.03080  -69.28538 334.955576      99.98 7.7567e+01   1899.750      45595         15  0.000e+00
     30.394     30.088    -1.2511  27.112277    -1.2499  27.111520     8.0450     8.1089     1.2377    91.8587 1.1292e+00  -68.03078  -69.28538 334.955576      99.98 7.7567e+01   1899.792      45596         15  0.000e+00
     30.367     30.061    -1.2511  27.112163    -1.2505  27.111576     8.0508     8.1028     1.2377    91.8587 1.1343e+00  -68.03078  -69.28538 334.955577      99.95 7.7567e+01   1899.833      45597         15  0.000e+00
     30.422     30.115    -1.2509  27.112277    -1.2502  27.111409     8.0552     8.1078     1.2377    91.8587 1.1343e+00  -68.03078  -69.28538 334.955577      99.95 7.7567e+01   1899.875      45598         15  0.000e+00
     30.367     30.061    -1.2511  27.112334    -1.2501  27.112077     8.0582     8.1078     1.2377    91.8587 1.1343e+00  -68.03078  -69.28538 334.955578      99.98 7.7567e+01   1899.917      45599         15  0.000e+00
     30.367     30.061    -1.2512  27.111992    -1.2504  27.111799     8.0537     8.1079     1.2377    91.8587 1.1343e+00  -68.03078  -69.28538 334.955578      99.98 7.7567e+01   1899.958      45600         15  0.000e+00
     30.367     30.061    -1.2512  27.111822    -1.2502  27.111965     8.0448     8.1078     1.2377    91.8587 1.1394e+00  -68.03078  -69.28538 334.955579      99.98 7.7567e+01   1900.000      45601         15  0.000e+00
     30.367     30.061    -1.2511  27.111651    -1.2504  27.111910     8.0479     8.1077     1.2377    91.8587 1.1394e+00  -68.03078  -69.28538 334.955579      99.95 7.7567e+01   1900.042      45602         15  0.000e+00
     30.367     30.061    -1.2509  27.111935    -1.2502  27.111799     8.0448     8.1073     1.2377    91.8587 1.1394e+00  -68.03078  -69.28538 334.955580      99.95 7.7567e+01   1900.083      45603         15  0.000e+00
     30.292     29.986    -1.2512  27.112106    -1.2503  27.111854     8.0416     8.1068     1.2377    91.8587 1.1394e+00  -68.03078  -69.28538 334.955580      99.98 7.7567e+01   1900.125      45604         15  0.000e+00
     30.367     30.061    -1.2507  27.111879    -1.2502  27.111632     8.0323     8.1064     1.2377    91.8587 1.1394e+00  -68.03078  -69.28538 334.955581      99.98 7.7567e+01   1900.167      45605         15  0.000e+00
     30.264     29.959    -1.2507  27.111992    -1.2502  27.111798     8.0364     8.1066     1.2377    91.8587 1.1445e+00  -68.03078  -69.28538 334.955581      99.98 7.7567e+01   1900.208      45606         15  0.000e+00
     30.319     30.014    -1.2507  27.112106    -1.2500  27.112021     8.0361     8.1068     1.2377    91.8587 1.1445e+00  -68.03078  -69.28538 334.955582      99.98 7.7567e+01   1900.250      45607         15  0.000e+00
     30.319     30.014    -1.2509  27.111878    -1.2497  27.112077     8.0283     8.1069     1.2377    91.8587 1.1445e+00  -68.03078  -69.28538 334.955582      99.98 7.7567e+01   1900.292      45608         15  0.000e+00
     30.264     29.959    -1.2509  27.111821    -1.2497  27.112299     8.0234     8.1125     1.2377    91.9617 1.1445e+00  -68.03078  -69.28538 334.955583      99.95 7.7567e+01   1900.333      45609         15  0.000e+00
     30.319     30.014    -1.2511  27.111821    -1.2499  27.112021     8.0262     8.1135     1.2304    92.0132 1.1445e+00  -68.03078  -69.28538 334.955583      99.95 7.7567e+01   1900.375      45610         15  0.000e+00
     30.264     29.959    -1.2511  27.111821    -1.2502  27.111798     8.0287     8.1143     1.2157    92.0132 1.1445e+00  -68.03078  -69.28538 334.955584      99.98 7.7567e+01   1900.417      45611         15  0.000e+00
     30.244     29.939    -1.2511  27.111423    -1.2500  27.111631     8.0280     8.1149     1.2157    91.9874 1.1496e+00  -68.03078  -69.28538 334.955584      99.98 7.7567e+01   1900.458      45612         15  0.000e+00
     30.264     29.959    -1.2512  27.111138    -1.2502  27.111576     8.0332     8.1089     1.2157    92.0132 1.1445e+00  -68.03078  -69.28538 334.955584      99.98 7.7567e+01   1900.500      45613         15  0.000e+00
     30.264     29.959    -1.2511  27.111650    -1.2506  27.111242     8.0291     8.1085     1.2157    92.0132 1.1496e+00  -68.03078  -69.28538 334.955585      99.95 7.7567e+01   1900.542      45614         15  0.000e+00
     30.217     29.912    -1.2511  27.111821    -1.2506  27.111019     8.0279     8.1079     1.2157    91.9874 1.1496e+00  -68.03078  -69.28538 334.955585      99.98 7.7567e+01   1900.583      45615         15  0.000e+00
     30.265     29.960    -1.2509  27.111650    -1.2509  27.111075     8.0328     8.1130     1.2157    92.0132 1.1496e+00  -68.03078  -69.28538 334.955586      99.98 7.7567e+01   1900.625      45616         15  0.000e+00
     30.217     29.912    -1.2507  27.111935    -1.2508  27.111464     8.0448     8.1131     1.2157    91.9874 1.1496e+00  -68.03078  -69.28538 334.955586      99.98 7.7567e+01   1900.667      45617         15  0.000e+00
     30.217     29.912    -1.2501  27.113074    -1.2509  27.111242     8.0412     8.1131     1.2157    91.9874 1.1496e+00  -68.03078  -69.28538 334.955587      99.98 7.7567e+01   1900.708      45618         15  0.000e+00
