NBP2113_155081_ctd/data/nbp2113_025.ros
* Sea-Bird SBE 9 Data File:
* FileName = D:\Data\raw\NBP2113_025.hex
* Software Version Seasave V 7.26.7.121
* Temperature SN = 2438
* Conductivity SN = 2067
* Number of Bytes Per Scan = 40
* Number of Voltage Words = 5
* Number of Scans Averaged by the Deck Unit = 1
* NMEA Latitude = 66 26.47 S
* NMEA Longitude = 073 01.98 W
* NMEA UTC (Time) = Dec 02 2021  19:32:09
* NMEA baud rate = 9600
** Ship: RVIB N.B. Palmer
** Cruise: NBP2113 LTER
** Station: 200.200
** Operator: S. Blackman
# nquan = 20
# nvalues = 1156                                  
# units = specified
# name 0 = prDM: Pressure, Digiquartz [db]
# name 1 = depSM: Depth [salt water, m]
# name 2 = t090C: Temperature [ITS-90, deg C]
# name 3 = c0mS/cm: Conductivity [mS/cm]
# name 4 = t190C: Temperature, 2 [ITS-90, deg C]
# name 5 = c1mS/cm: Conductivity, 2 [mS/cm]
# name 6 = sbeox0ML/L: Oxygen, SBE 43 [ml/l]
# name 7 = sbeox1ML/L: Oxygen, SBE 43, 2 [ml/l]
# name 8 = flECO-AFL: Fluorescence, WET Labs ECO-AFL/FL [mg/m^3]
# name 9 = CStarTr0: Beam Transmission, WET Labs C-Star [%]
# name 10 = par: PAR/Irradiance, Biospherical/Licor
# name 11 = latitude: Latitude [deg]
# name 12 = longitude: Longitude [deg]
# name 13 = timeJ: Julian Days
# name 14 = altM: Altimeter [m]
# name 15 = spar: SPAR, Biospherical/Licor
# name 16 = timeS: Time, Elapsed [seconds]
# name 17 = scan: Scan Count
# name 18 = nbf: Bottles Fired
# name 19 = flag:  0.000e+00
# interval = seconds: 0.0416667
# start_time = Dec 02 2021 19:32:09 [NMEA time, header]
# bad_flag = -9.990e-29
*END*
[from data line 797]
     37.466     37.091    -0.5220  27.841417    -0.5241  27.839098     8.2193     8.2737     9.1425    86.1937 1.0000e-12  -66.44148  -73.03212 336.922469      99.95 4.9537e+02   9372.333     224937         17  0.000e+00
     37.411     37.037    -0.5225  27.841589    -0.5243  27.839379     8.2167     8.2736     9.1351    86.1680 1.0000e-12  -66.44148  -73.03212 336.922470      99.98 4.9537e+02   9372.375     224938         17  0.000e+00
     37.466     37.091    -0.5223  27.841187    -0.5241  27.838986     8.2127     8.2736     9.1351    86.1680 1.0000e-12  -66.44148  -73.03212 336.922470      99.98 4.9537e+02   9372.417     224939         17  0.000e+00
     37.466     37.091    -0.5222  27.841072    -0.5241  27.839323     8.2113     8.2735     8.9007    86.1680 1.0000e-12  -66.44148  -73.03212 336.922471      99.95 4.9537e+02   9372.458     224940         17  0.000e+00
     37.514     37.139    -0.5225  27.841417    -0.5238  27.839492     8.2159     8.2680     7.9996    86.1937 1.0000e-12  -66.44148  -73.03212 336.922471      99.95 4.9537e+02   9372.500     224941         17  0.000e+00
     37.466     37.091    -0.5222  27.841359    -0.5239  27.839155     8.2157     8.2680     7.6553    86.1680 1.0000e-12  -66.44148  -73.03212 336.922472      99.95 4.9537e+02   9372.542     224942         17  0.000e+00
     37.466     37.091    -0.5223  27.841934    -0.5237  27.838986     8.2097     8.2681     7.6480    86.1680 1.0000e-12  -66.44148  -73.03212 336.922472      99.98 4.9537e+02   9372.583     224943         17  0.000e+00
     37.514     37.139    -0.5225  27.841474    -0.5239  27.839267     8.2142     8.2730     7.6919    86.1680 1.0000e-12  -66.44148  -73.03212 336.922473      99.98 4.9537e+02   9372.625     224944         17  0.000e+00
     37.514     37.139    -0.5223  27.841302    -0.5241  27.839267     8.2082     8.2731     7.7066    86.1937 1.0000e-12  -66.44148  -73.03212 336.922473      99.98 4.9537e+02   9372.667     224945         17  0.000e+00
     37.466     37.091    -0.5226  27.841129    -0.5241  27.839267     8.2168     8.2732     7.7066    86.1680 1.0000e-12  -66.44148  -73.03212 336.922473      99.95 4.9537e+02   9372.708     224946         17  0.000e+00
     37.466     37.091    -0.5228  27.841244    -0.5243  27.838761     8.2151     8.2735     7.6992    86.1680 1.0000e-12  -66.44148  -73.03212 336.922474      99.95 4.9537e+02   9372.750     224947         17  0.000e+00
     37.466     37.091    -0.5229  27.840784    -0.5243  27.838649     8.2240     8.2736     7.6992    86.1937 1.0000e-12  -66.44146  -73.03214 336.922474      99.95 4.9537e+02   9372.792     224948         17  0.000e+00
     37.514     37.139    -0.5232  27.840554    -0.5242  27.838368     8.2258     8.2738     7.6992    86.1680 1.0000e-12  -66.44146  -73.03214 336.922475      99.98 4.9537e+02   9372.833     224949         17  0.000e+00
     37.466     37.091    -0.5238  27.840324    -0.5247  27.838424     8.2188     8.2740     7.6992    86.1680 1.0000e-12  -66.44146  -73.03214 336.922475      99.98 4.9537e+02   9372.875     224950         17  0.000e+00
     37.466     37.091    -0.5240  27.840036    -0.5248  27.838649     8.2133     8.2741     7.6992    86.1680 1.0000e-12  -66.44146  -73.03214 336.922476      99.98 4.9537e+02   9372.917     224951         17  0.000e+00
     37.411     37.037    -0.5242  27.840209    -0.5245  27.838817     8.2167     8.2741     7.6992    86.1680 1.0000e-12  -66.44146  -73.03214 336.922476      99.93 4.9537e+02   9372.958     224952         17  0.000e+00
     37.466     37.091    -0.5239  27.840497    -0.5245  27.838930     8.2156     8.2743     7.6992    86.1680 1.0000e-12  -66.44146  -73.03214 336.922477      99.95 4.9537e+02   9373.000     224953         17  0.000e+00
     37.411     37.037    -0.5235  27.840554    -0.5242  27.838874     8.2129     8.2744     7.6992    86.3740 1.0000e-12  -66.44146  -73.03214 336.922477      99.98 4.9537e+02   9373.042     224954         17  0.000e+00
     37.411     37.037    -0.5236  27.840554    -0.5242  27.839154     8.2060     8.2745     7.6992    86.6057 1.0000e-12  -66.44146  -73.03214 336.922478      99.98 4.9537e+02   9373.083     224955         17  0.000e+00
     37.411     37.037    -0.5234  27.840726    -0.5239  27.839042     8.2108     8.2746     7.6992    86.6572 1.0000e-12  -66.44146  -73.03214 336.922478      99.98 4.9537e+02   9373.125     224956         17  0.000e+00
     37.363     36.990    -0.5231  27.841186    -0.5236  27.839267     8.2110     8.2746     7.6992    86.6572 1.0000e-12  -66.44146  -73.03214 336.922479      99.98 4.9537e+02   9373.167     224957         17  0.000e+00
     37.363     36.990    -0.5231  27.841129    -0.5236  27.839435     8.2115     8.2747     7.6992    86.6057 1.0000e-12  -66.44146  -73.03214 336.922479      99.98 4.9537e+02   9373.208     224958         17  0.000e+00
     37.363     36.990    -0.5234  27.840669    -0.5233  27.839154     8.2121     8.2748     7.6992    86.6315 1.0000e-12  -66.44146  -73.03214 336.922480      99.95 4.9537e+02   9373.250     224959         17  0.000e+00
     37.315     36.942    -0.5232  27.840554    -0.5234  27.839379     8.2198     8.2749     7.6992    86.6315 1.0000e-12  -66.44146  -73.03214 336.922480      99.93 4.9537e+02   9373.292     224960         17  0.000e+00
     37.260     36.888    -0.5236  27.840554    -0.5231  27.839660     8.2232     8.2749     7.6992    86.6315 1.0000e-12  -66.44146  -73.03214 336.922481      99.95 4.9537e+02   9373.333     224961         17  0.000e+00
     37.315     36.942    -0.5235  27.840381    -0.5230  27.839660     8.2267     8.2696     7.6992    86.6315 1.0000e-12  -66.44146  -73.03214 336.922481      99.98 4.9537e+02   9373.375     224962         17  0.000e+00
     37.260     36.888    -0.5236  27.840496    -0.5228  27.839491     8.2315     8.2743     7.6992    86.6315 1.0000e-12  -66.44146  -73.03214 336.922482      99.98 4.9537e+02   9373.417     224963         17  0.000e+00
     37.212     36.841    -0.5238  27.840553    -0.5233  27.839603     8.2424     8.2745     7.6992    86.6315 1.0000e-12  -66.44146  -73.03214 336.922482      99.93 4.9537e+02   9373.458     224964         17  0.000e+00
     37.212     36.841    -0.5239  27.840093    -0.5234  27.839491     8.2460     8.2748     7.6992    86.6315 1.0000e-12  -66.44146  -73.03214 336.922483      99.93 4.9537e+02   9373.500     224965         17  0.000e+00
     37.158     36.786    -0.5241  27.840151    -0.5237  27.839322     8.2423     8.2750     7.6919    86.6315 1.0000e-12  -66.44146  -73.03214 336.922483      99.98 4.9537e+02   9373.542     224966         17  0.000e+00
     37.158     36.786    -0.5241  27.840266    -0.5243  27.838929     8.2489     8.2753     7.3915    86.6315 1.0000e-12  -66.44146  -73.03214 336.922484      99.98 4.9361e+02   9373.583     224967         17  0.000e+00
     37.110     36.739    -0.5238  27.840036    -0.5243  27.838929     8.2494     8.2699     7.2011    86.6315 1.0000e-12  -66.44146  -73.03214 336.922484      99.98 4.9537e+02   9373.625     224968         17  0.000e+00
     37.062     36.691    -0.5239  27.840150    -0.5243  27.838873     8.2497     8.2692     7.1718    86.6315 1.0000e-12  -66.44146  -73.03214 336.922485      99.98 4.9537e+02   9373.667     224969         17  0.000e+00
     37.110     36.739    -0.5238  27.840036    -0.5245  27.838367     8.2500     8.2742     7.1864    86.6315 1.0000e-12  -66.44146  -73.03214 336.922485      99.98 4.9361e+02   9373.708     224970         17  0.000e+00
     37.007     36.637    -0.5241  27.840035    -0.5247  27.838367     8.2558     8.2689     7.2011    86.6315 1.0000e-12  -66.44146  -73.03214 336.922486      99.95 4.9361e+02   9373.750     224971         17  0.000e+00
     37.007     36.637    -0.5240  27.839805    -0.5250  27.838142     8.2584     8.2684     7.2011    86.6315 1.0000e-12  -66.44146  -73.03214 336.922486      99.95 4.9361e+02   9373.792     224972         17  0.000e+00
     36.295     35.932    -0.5254  27.838538    -0.5279  27.835557     8.2440     8.2803     7.6626    85.7302 1.0000e-12  -66.44148  -73.03214 336.922573      99.93 4.8303e+02   9381.292     225152         18  0.000e+00
     36.247     35.885    -0.5256  27.838653    -0.5276  27.835725     8.2424     8.2795     7.6040    85.7045 1.0000e-12  -66.44148  -73.03214 336.922573      99.98 4.8303e+02   9381.333     225153         18  0.000e+00
     36.295     35.932    -0.5255  27.838481    -0.5273  27.836119     8.2420     8.2787     7.6187    85.7302 1.0000e-12  -66.44148  -73.03214 336.922574      99.98 4.8303e+02   9381.375     225154         18  0.000e+00
     36.295     35.932    -0.5257  27.837791    -0.5272  27.835894     8.2415     8.2780     7.6260    85.7045 1.0000e-12  -66.44148  -73.03214 336.922574      99.98 4.8303e+02   9381.417     225155         18  0.000e+00
     36.350     35.987    -0.5255  27.837791    -0.5271  27.835894     8.2408     8.2773     7.6260    85.8075 1.0000e-12  -66.44148  -73.03214 336.922575      99.93 4.8303e+02   9381.458     225156         18  0.000e+00
     36.350     35.987    -0.5257  27.838308    -0.5273  27.836063     8.2341     8.2775     7.6260    85.9620 1.0000e-12  -66.44148  -73.03214 336.922575      99.95 4.8303e+02   9381.500     225157         18  0.000e+00
     36.350     35.987    -0.5259  27.838193    -0.5276  27.835894     8.2332     8.2778     7.6260    86.0135 1.0000e-12  -66.44148  -73.03214 336.922576      99.98 4.8303e+02   9381.542     225158         18  0.000e+00
     36.350     35.987    -0.5256  27.838136    -0.5273  27.836119     8.2335     8.2771     7.6260    86.0135 1.0000e-12  -66.44148  -73.03214 336.922576      99.98 4.8303e+02   9381.583     225159         18  0.000e+00
     36.350     35.987    -0.5257  27.838136    -0.5276  27.835726     8.2339     8.2765     7.6260    86.0135 1.0000e-12  -66.44148  -73.03214 336.922577      99.98 4.8303e+02   9381.625     225160         18  0.000e+00
     36.398     36.034    -0.5259  27.838136    -0.5271  27.836063     8.2358     8.2758     7.6260    85.9877 1.0000e-12  -66.44148  -73.03214 336.922577      99.98 4.8303e+02   9381.667     225161         18  0.000e+00
     36.295     35.932    -0.5259  27.838193    -0.5272  27.835894     8.2478     8.2750     7.6260    85.9877 1.0000e-12  -66.44148  -73.03214 336.922578      99.98 4.8303e+02   9381.708     225162         18  0.000e+00
     36.398     36.034    -0.5260  27.837963    -0.5273  27.835838     8.2452     8.2754     7.6260    85.9877 1.0000e-12  -66.44148  -73.03214 336.922578      99.95 4.8303e+02   9381.750     225163         18  0.000e+00
     36.350     35.987    -0.5260  27.838078    -0.5273  27.835894     8.2454     8.2757     7.6260    85.9877 1.0000e-12  -66.44146  -73.03212 336.922579      99.93 4.8303e+02   9381.792     225164         18  0.000e+00
     36.452     36.088    -0.5262  27.838136    -0.5271  27.835838     8.2412     8.2761     7.6260    85.9877 1.0000e-12  -66.44146  -73.03212 336.922579      99.95 4.8303e+02   9381.833     225165         18  0.000e+00
     36.350     35.987    -0.5262  27.837963    -0.5270  27.835894     8.2529     8.2754     7.6260    85.9877 1.0000e-12  -66.44146  -73.03212 336.922580      99.98 4.8303e+02   9381.875     225166         18  0.000e+00
     36.295     35.932    -0.5260  27.838136    -0.5270  27.836231     8.2556     8.2747     7.6260    86.0135 1.0000e-12  -66.44146  -73.03212 336.922580      99.98 4.8303e+02   9381.917     225167         18  0.000e+00
     36.500     36.136    -0.5262  27.837964    -0.5271  27.836175     8.2527     8.2754     7.6260    85.9877 1.0000e-12  -66.44146  -73.03212 336.922581      99.93 4.8303e+02   9381.958     225168         18  0.000e+00
     36.350     35.987    -0.5263  27.837906    -0.5271  27.836175     8.2479     8.2692     7.6260    85.9877 1.0000e-12  -66.44146  -73.03212 336.922581      99.95 4.8303e+02   9382.000     225169         18  0.000e+00
     36.350     35.987    -0.5263  27.837906    -0.5271  27.836287     8.2522     8.2679     7.6260    85.9877 1.0000e-12  -66.44146  -73.03212 336.922582      99.95 4.8303e+02   9382.042     225170         18  0.000e+00
     36.398     36.034    -0.5263  27.837906    -0.5271  27.836231     8.2462     8.2675     7.6260    85.9877 1.0000e-12  -66.44146  -73.03212 336.922582      99.98 4.8303e+02   9382.083     225171         18  0.000e+00
     36.350     35.987    -0.5263  27.837733    -0.5270  27.836287     8.2445     8.2726     7.6260    86.0135 1.0000e-12  -66.44146  -73.03212 336.922582      99.98 4.8303e+02   9382.125     225172         18  0.000e+00
     36.350     35.987    -0.5265  27.837848    -0.5272  27.836175     8.2441     8.2723     7.6260    85.9877 1.0000e-12  -66.44146  -73.03212 336.922583      99.98 4.8303e+02   9382.167     225173         18  0.000e+00
     36.398     36.034    -0.5263  27.837676    -0.5270  27.835950     8.2497     8.2720     7.6260    85.9877 1.0000e-12  -66.44146  -73.03212 336.922583      99.98 4.8303e+02   9382.208     225174         18  0.000e+00
     36.295     35.932    -0.5263  27.837618    -0.5270  27.836231     8.2505     8.2716     7.6260    86.0135 1.0000e-12  -66.44146  -73.03212 336.922584      99.95 4.8303e+02   9382.250     225175         18  0.000e+00
     36.350     35.987    -0.5263  27.837791    -0.5271  27.836456     8.2456     8.2722     7.6260    86.0392 1.0000e-12  -66.44146  -73.03212 336.922584      99.95 4.8303e+02   9382.292     225176         18  0.000e+00
     36.350     35.987    -0.5265  27.837733    -0.5268  27.836175     8.2525     8.2719     7.5893    86.2710 1.0000e-12  -66.44146  -73.03212 336.922585      99.98 4.8303e+02   9382.333     225177         18  0.000e+00
     36.295     35.932    -0.5265  27.837618    -0.5271  27.835894     8.2533     8.2716     7.3989    86.3740 1.0000e-12  -66.44146  -73.03212 336.922585      99.98 4.8303e+02   9382.375     225178         18  0.000e+00
     36.295     35.932    -0.5263  27.837618    -0.5273  27.835894     8.2527     8.2714     7.3183    86.3740 1.0000e-12  -66.44146  -73.03212 336.922586      99.95 4.8303e+02   9382.417     225179         18  0.000e+00
     36.295     35.932    -0.5265  27.837618    -0.5271  27.835613     8.2462     8.2710     7.3183    86.3740 1.0000e-12  -66.44146  -73.03212 336.922586      99.93 4.8303e+02   9382.458     225180         18  0.000e+00
     36.295     35.932    -0.5267  27.837791    -0.5270  27.835669     8.2558     8.2707     7.3256    86.3482 1.0000e-12  -66.44146  -73.03212 336.922587      99.95 4.8303e+02   9382.500     225181         18  0.000e+00
     36.247     35.885    -0.5265  27.837733    -0.5273  27.835781     8.2504     8.2713     7.3256    86.3740 1.0000e-12  -66.44146  -73.03212 336.922587      99.98 4.8303e+02   9382.542     225182         18  0.000e+00
     36.247     35.885    -0.5263  27.837618    -0.5273  27.835332     8.2435     8.2720     7.3256    86.3740 1.0000e-12  -66.44146  -73.03212 336.922588      99.98 4.8303e+02   9382.583     225183         18  0.000e+00
     36.247     35.885    -0.5265  27.837618    -0.5276  27.835669     8.2439     8.2727     7.3256    86.3740 1.0000e-12  -66.44146  -73.03212 336.922588      99.98 4.8303e+02   9382.625     225184         18  0.000e+00
     36.199     35.837    -0.5263  27.837445    -0.5278  27.835220     8.2487     8.2735     7.3329    86.3740 1.0000e-12  -66.44146  -73.03212 336.922589      99.98 4.8303e+02   9382.667     225185         18  0.000e+00
     36.199     35.837    -0.5263  27.837388    -0.5280  27.835107     8.2476     8.2743     7.3329    86.3740 1.0000e-12  -66.44146  -73.03212 336.922589      99.98 4.8303e+02   9382.708     225186         18  0.000e+00
