NBP2113_155081_ctd/data/nbp2113_005.ros
* Sea-Bird SBE 9 Data File:
* FileName = D:\Data\raw\NBP2113_005.hex
* Software Version Seasave V 7.26.7.121
* Temperature SN = 2438
* Conductivity SN = 2067
* Number of Bytes Per Scan = 40
* Number of Voltage Words = 5
* Number of Scans Averaged by the Deck Unit = 1
* NMEA Latitude = 64 04.86 S
* NMEA Longitude = 063 46.34 W
* NMEA UTC (Time) = Nov 23 2021  13:58:01
* NMEA baud rate = 9600
** Ship: RVIB N.B. Palmer
** Cruise: NBP2113 LTER
** Station: 692.080
** Operator: B. Urmston
# nquan = 20
# nvalues = 1153                                  
# units = specified
# name 0 = prDM: Pressure, Digiquartz [db]
# name 1 = depSM: Depth [salt water, m]
# name 2 = t090C: Temperature [ITS-90, deg C]
# name 3 = c0mS/cm: Conductivity [mS/cm]
# name 4 = t190C: Temperature, 2 [ITS-90, deg C]
# name 5 = c1mS/cm: Conductivity, 2 [mS/cm]
# name 6 = sbeox0ML/L: Oxygen, SBE 43 [ml/l]
# name 7 = sbeox1ML/L: Oxygen, SBE 43, 2 [ml/l]
# name 8 = flECO-AFL: Fluorescence, WET Labs ECO-AFL/FL [mg/m^3]
# name 9 = CStarTr0: Beam Transmission, WET Labs C-Star [%]
# name 10 = par: PAR/Irradiance, Biospherical/Licor
# name 11 = latitude: Latitude [deg]
# name 12 = longitude: Longitude [deg]
# name 13 = timeJ: Julian Days
# name 14 = altM: Altimeter [m]
# name 15 = spar: SPAR, Biospherical/Licor
# name 16 = timeS: Time, Elapsed [seconds]
# name 17 = scan: Scan Count
# name 18 = nbf: Bottles Fired
# name 19 = flag:  0.000e+00
# interval = seconds: 0.0416667
# start_time = Nov 23 2021 13:58:01 [NMEA time, header]
# bad_flag = -9.990e-29
*END*
[from data line 869]
     35.507     35.158    -0.2716  28.095568    -0.2717  28.094073     7.9135     7.7770     1.2304    91.5754 4.8214e+00  -64.08190  -63.77146 327.610862      99.98 4.8127e+02   2497.458      59940         18  0.000e+00
     35.507     35.158    -0.2716  28.095453    -0.2715  28.094129     7.9083     7.7772     1.2304    91.5754 4.8214e+00  -64.08190  -63.77146 327.610862      99.98 4.8127e+02   2497.500      59941         18  0.000e+00
     35.452     35.104    -0.2716  28.094818    -0.2717  28.093960     7.9060     7.7720     1.2304    91.5754 4.8214e+00  -64.08190  -63.77146 327.610863      99.98 4.8127e+02   2497.542      59942         18  0.000e+00
     35.507     35.158    -0.2717  28.094818    -0.2717  28.093453     7.9014     7.7715     1.2304    91.6012 4.8368e+00  -64.08190  -63.77146 327.610863      99.98 4.8127e+02   2497.583      59943         18  0.000e+00
     35.453     35.104    -0.2716  28.094702    -0.2715  28.093340     7.8956     7.7708     1.2304    91.6527 4.8368e+00  -64.08190  -63.77146 327.610864      99.95 4.8127e+02   2497.625      59944         18  0.000e+00
     35.405     35.057    -0.2716  28.094471    -0.2715  28.093171     7.8962     7.7703     1.2304    91.6527 4.8523e+00  -64.08190  -63.77146 327.610864      99.95 4.8127e+02   2497.667      59945         18  0.000e+00
     35.418     35.070    -0.2718  28.094587    -0.2717  28.093115     7.8939     7.7698     1.2304    91.6527 4.8523e+00  -64.08190  -63.77146 327.610865      99.98 4.8127e+02   2497.708      59946         18  0.000e+00
     35.405     35.057    -0.2714  28.094068    -0.2714  28.092889     7.8859     7.7693     1.2304    91.6527 4.8679e+00  -64.08190  -63.77146 327.610865      99.98 4.8127e+02   2497.750      59947         18  0.000e+00
     35.405     35.057    -0.2714  28.094241    -0.2714  28.092833     7.8826     7.7689     1.2304    91.6527 4.8679e+00  -64.08190  -63.77146 327.610866      99.98 4.8127e+02   2497.792      59948         18  0.000e+00
     35.350     35.003    -0.2714  28.094183    -0.2714  28.092607     7.8738     7.7684     1.2304    91.6527 4.8835e+00  -64.08190  -63.77146 327.610866      99.93 4.8127e+02   2497.833      59949         18  0.000e+00
     35.350     35.003    -0.2714  28.093952    -0.2714  28.092720     7.8755     7.7681     1.2304    91.6527 4.8835e+00  -64.08190  -63.77146 327.610867      99.95 4.8127e+02   2497.875      59950         18  0.000e+00
     35.350     35.003    -0.2713  28.093894    -0.2712  28.092213     7.8743     7.7678     1.2304    91.6527 4.8835e+00  -64.08190  -63.77146 327.610867      99.98 4.8127e+02   2497.917      59951         18  0.000e+00
     35.302     34.955    -0.2715  28.093432    -0.2715  28.092213     7.8734     7.7675     1.2304    91.6527 4.8991e+00  -64.08190  -63.77146 327.610868      99.98 4.8127e+02   2497.958      59952         18  0.000e+00
     14.914     14.768    -0.2200  28.038226    -0.2199  28.036602     8.1255     7.9906     1.8897    87.1207 4.8258e+01  -64.08192  -63.77144 327.611722      99.98 4.9008e+02   2571.750      61723         19  0.000e+00
     14.928     14.782    -0.2197  28.038457    -0.2196  28.036714     8.1157     7.9898     1.8897    87.1207 4.8396e+01  -64.08192  -63.77144 327.611722      99.98 4.9008e+02   2571.792      61724         19  0.000e+00
     14.914     14.768    -0.2200  28.038572    -0.2194  28.036827     8.1036     7.9890     1.8897    87.1207 4.8534e+01  -64.08192  -63.77144 327.611723      99.95 4.8832e+02   2571.833      61725         19  0.000e+00
     14.880     14.735    -0.2197  28.038399    -0.2197  28.036827     8.1017     7.9882     1.8897    87.1207 4.8534e+01  -64.08192  -63.77144 327.611723      99.95 4.8832e+02   2571.875      61726         19  0.000e+00
     14.812     14.667    -0.2197  28.038168    -0.2196  28.036601     8.0969     7.9936     1.8897    87.1207 4.8672e+01  -64.08192  -63.77144 327.611724      99.98 4.9008e+02   2571.917      61727         19  0.000e+00
     14.914     14.768    -0.2197  28.038457    -0.2194  28.036939     8.0911     7.9890     1.8897    87.1207 4.8811e+01  -64.08192  -63.77144 327.611724      99.98 4.9008e+02   2571.958      61728         19  0.000e+00
     14.880     14.735    -0.2198  28.038572    -0.2193  28.036883     8.0911     7.9881     1.8897    87.1207 4.8811e+01  -64.08192  -63.77144 327.611725      99.98 4.9008e+02   2572.000      61729         19  0.000e+00
     14.859     14.714    -0.2200  28.038976    -0.2194  28.036601     8.0926     7.9935     1.8897    87.1207 4.8950e+01  -64.08192  -63.77144 327.611725      99.98 4.8832e+02   2572.042      61730         19  0.000e+00
     14.825     14.680    -0.2198  28.038514    -0.2194  28.036376     8.0954     7.9943     1.8897    87.1207 4.8950e+01  -64.08192  -63.77144 327.611726      99.98 4.9008e+02   2572.083      61731         19  0.000e+00
     14.812     14.667    -0.2195  28.038341    -0.2196  28.036489     8.0995     7.9950     1.8897    87.1207 4.8950e+01  -64.08192  -63.77144 327.611726      99.95 4.9008e+02   2572.125      61732         19  0.000e+00
     14.825     14.680    -0.2197  28.038514    -0.2194  28.036714     8.0978     7.9903     1.8897    87.1207 4.9090e+01  -64.08192  -63.77144 327.611726      99.95 4.8832e+02   2572.167      61733         19  0.000e+00
     14.860     14.714    -0.2197  28.038572    -0.2194  28.036601     8.1075     7.9902     1.8897    87.1207 4.9090e+01  -64.08192  -63.77144 327.611727      99.95 4.8832e+02   2572.208      61734         19  0.000e+00
     14.825     14.680    -0.2195  28.038399    -0.2194  28.036545     8.1094     7.9900     1.8897    87.1207 4.9230e+01  -64.08192  -63.77144 327.611727      99.98 4.8832e+02   2572.250      61735         19  0.000e+00
     14.812     14.667    -0.2195  28.038341    -0.2192  28.036545     8.0997     7.9898     1.8897    87.1207 4.9230e+01  -64.08192  -63.77144 327.611728      99.98 4.8832e+02   2572.292      61736         19  0.000e+00
     14.880     14.735    -0.2198  28.038342    -0.2193  28.036376     8.0933     7.9889     1.8897    87.1465 4.9230e+01  -64.08192  -63.77144 327.611728      99.93 4.8832e+02   2572.333      61737         19  0.000e+00
     14.757     14.613    -0.2197  28.038341    -0.2194  28.036320     8.0966     7.9886     1.8897    87.1207 4.9230e+01  -64.08192  -63.77144 327.611729      99.95 4.8832e+02   2572.375      61738         19  0.000e+00
     14.812     14.667    -0.2200  28.038514    -0.2193  28.036658     8.1057     7.9939     1.8897    87.1207 4.9230e+01  -64.08192  -63.77144 327.611729      99.98 4.8832e+02   2572.417      61739         19  0.000e+00
     14.825     14.681    -0.2198  28.038399    -0.2194  28.036432     8.1045     7.9945     1.8897    87.1207 4.9371e+01  -64.08192  -63.77144 327.611730      99.98 4.8832e+02   2572.458      61740         19  0.000e+00
     14.812     14.667    -0.2195  28.038341    -0.2194  28.036658     8.1064     7.9951     1.8897    87.1207 4.9371e+01  -64.08192  -63.77144 327.611730      99.98 4.8832e+02   2572.500      61741         19  0.000e+00
     14.826     14.681    -0.2197  28.038111    -0.2192  28.036432     8.1014     7.9957     1.8897    87.0950 4.9371e+01  -64.08192  -63.77144 327.611731      99.98 4.8832e+02   2572.542      61742         19  0.000e+00
     14.757     14.613    -0.2195  28.038399    -0.2193  28.036488     8.1121     7.9907     1.8677    87.0435 4.9512e+01  -64.08192  -63.77144 327.611731      99.98 4.8832e+02   2572.583      61743         19  0.000e+00
     14.826     14.681    -0.2201  28.038399    -0.2193  28.036376     8.1129     7.9959     1.8458    87.0692 4.9371e+01  -64.08192  -63.77144 327.611732      99.95 4.8832e+02   2572.625      61744         19  0.000e+00
     14.812     14.667    -0.2200  28.037995    -0.2194  28.036320     8.1134     7.9964     1.8384    87.0435 4.9371e+01  -64.08192  -63.77144 327.611732      99.95 4.8832e+02   2572.667      61745         19  0.000e+00
     14.826     14.681    -0.2201  28.038399    -0.2194  28.036320     8.1080     7.9969     1.8384    87.0435 4.9371e+01  -64.08192  -63.77144 327.611733      99.95 4.8832e+02   2572.708      61746         19  0.000e+00
     14.757     14.613    -0.2201  28.038572    -0.2193  28.036320     8.1083     7.9972     1.8384    87.0435 4.9371e+01  -64.08192  -63.77144 327.611733      99.98 4.8832e+02   2572.750      61747         19  0.000e+00
     14.826     14.681    -0.2200  28.038168    -0.2194  28.036489     8.1030     7.9976     1.8384    87.0435 4.9512e+01  -64.08192  -63.77144 327.611734      99.98 4.8832e+02   2572.792      61748         19  0.000e+00
     14.812     14.667    -0.2201  28.038053    -0.2193  28.036545     8.1022     7.9980     1.8384    87.0435 4.9371e+01  -64.08192  -63.77144 327.611734      99.93 4.8832e+02   2572.833      61749         19  0.000e+00
     14.826     14.681    -0.2200  28.038457    -0.2193  28.036545     8.1000     7.9983     1.8384    87.0435 4.9512e+01  -64.08192  -63.77144 327.611735      99.95 4.8832e+02   2572.875      61750         19  0.000e+00
     14.812     14.667    -0.2197  28.038745    -0.2188  28.036376     8.0990     7.9931     1.8384    87.0435 4.9371e+01  -64.08192  -63.77144 327.611735      99.98 4.8832e+02   2572.917      61751         19  0.000e+00
     14.812     14.667    -0.2197  28.038457    -0.2189  28.036658     8.0926     7.9979     1.8384    87.0435 4.9371e+01  -64.08192  -63.77144 327.611736      99.98 4.8832e+02   2572.958      61752         19  0.000e+00
     14.826     14.681    -0.2197  28.038341    -0.2192  28.036601     8.0849     7.9982     1.8384    87.0692 4.9371e+01  -64.08192  -63.77144 327.611736      99.98 4.8832e+02   2573.000      61753         19  0.000e+00
     14.860     14.715    -0.2197  28.038341    -0.2189  28.036376     8.0818     7.9930     1.8384    87.0435 4.9371e+01  -64.08192  -63.77144 327.611737      99.98 4.8832e+02   2573.042      61754         19  0.000e+00
     14.826     14.681    -0.2197  28.038514    -0.2189  28.036320     8.0859     7.9924     1.8384    87.0435 4.9512e+01  -64.08192  -63.77144 327.611737      99.98 4.8832e+02   2573.083      61755         19  0.000e+00
     14.812     14.667    -0.2195  28.038572    -0.2189  28.036489     8.0844     7.9917     1.8384    87.0435 4.9371e+01  -64.08192  -63.77144 327.611738      99.95 4.8832e+02   2573.125      61756         19  0.000e+00
     14.881     14.735    -0.2195  28.038399    -0.2191  28.036545     8.0831     7.9966     1.8384    87.0435 4.9371e+01  -64.08192  -63.77144 327.611738      99.95 4.8832e+02   2573.167      61757         19  0.000e+00
     14.812     14.667    -0.2198  28.038168    -0.2188  28.036376     8.0761     7.9967     1.8384    87.0435 4.9371e+01  -64.08192  -63.77144 327.611739      99.95 4.8832e+02   2573.208      61758         19  0.000e+00
     14.881     14.735    -0.2197  28.038457    -0.2192  28.036489     8.0865     7.9969     1.8384    87.0435 4.9371e+01  -64.08192  -63.77144 327.611739      99.98 4.8832e+02   2573.250      61759         19  0.000e+00
     14.860     14.715    -0.2195  28.038745    -0.2191  28.036545     8.0953     7.9970     1.8384    87.0692 4.9371e+01  -64.08192  -63.77144 327.611739      99.98 4.8832e+02   2573.292      61760         19  0.000e+00
     14.881     14.735    -0.2195  28.038630    -0.2191  28.036545     8.0998     7.9971     1.8384    87.0435 4.9230e+01  -64.08192  -63.77144 327.611740      99.93 4.8832e+02   2573.333      61761         19  0.000e+00
     14.860     14.715    -0.2195  28.038226    -0.2191  28.036545     8.0973     7.9971     1.8384    87.0692 4.9230e+01  -64.08192  -63.77144 327.611740      99.93 4.8832e+02   2573.375      61762         19  0.000e+00
     14.860     14.715    -0.2192  28.038284    -0.2191  28.036545     8.1050     7.9980     1.8384    87.1207 4.9230e+01  -64.08192  -63.77144 327.611741      99.98 4.8832e+02   2573.417      61763         19  0.000e+00
     14.929     14.783    -0.2191  28.038342    -0.2191  28.036714     8.1000     7.9980     1.8384    87.1207 4.9230e+01  -64.08192  -63.77144 327.611741      99.98 4.8832e+02   2573.458      61764         19  0.000e+00
     14.860     14.715    -0.2192  28.038341    -0.2190  28.036432     8.0935     7.9979     1.8384    87.1207 4.9230e+01  -64.08192  -63.77144 327.611742      99.98 4.8832e+02   2573.500      61765         19  0.000e+00
     14.929     14.783    -0.2191  28.038169    -0.2193  28.036658     8.0960     7.9980     1.8384    87.1207 4.9230e+01  -64.08192  -63.77144 327.611742      99.98 4.8832e+02   2573.542      61766         19  0.000e+00
     14.860     14.715    -0.2189  28.037880    -0.2191  28.036432     8.1065     7.9978     1.8384    87.1465 4.9090e+01  -64.08192  -63.77144 327.611743      99.98 4.8832e+02   2573.583      61767         19  0.000e+00
     14.929     14.783    -0.2191  28.038342    -0.2193  28.036658     8.1112     7.9977     1.8384    87.1207 4.9090e+01  -64.08192  -63.77144 327.611743      99.95 4.8832e+02   2573.625      61768         19  0.000e+00
     14.915     14.769    -0.2189  28.038399    -0.2193  28.036433     8.1179     7.9976     1.8384    87.1207 4.8950e+01  -64.08192  -63.77144 327.611744      99.95 4.8832e+02   2573.667      61769         19  0.000e+00
     14.929     14.783    -0.2188  28.037938    -0.2194  28.036489     8.1208     7.9974     1.8531    87.1207 4.8950e+01  -64.08192  -63.77144 327.611744      99.98 4.8832e+02   2573.708      61770         19  0.000e+00
     14.963     14.817    -0.2188  28.037823    -0.2193  28.036545     8.1225     7.9917     1.8531    87.1207 4.8950e+01  -64.08192  -63.77144 327.611745      99.98 4.8832e+02   2573.750      61771         19  0.000e+00
     15.170     15.022    -0.2206  28.038861    -0.2206  28.037334     8.1197     7.9915     1.8751    87.0177 4.5583e+01  -64.08192  -63.77144 327.611783      99.98 4.8832e+02   2577.042      61850         20  0.000e+00
     15.081     14.934    -0.2203  28.039207    -0.2205  28.037503     8.1230     7.9914     1.8751    87.0177 4.5583e+01  -64.08192  -63.77144 327.611783      99.98 4.8832e+02   2577.083      61851         20  0.000e+00
     15.170     15.022    -0.2203  28.039380    -0.2203  28.037616     8.1235     7.9914     1.8751    87.0435 4.5583e+01  -64.08192  -63.77144 327.611784      99.95 4.8832e+02   2577.125      61852         20  0.000e+00
     15.136     14.988    -0.2205  28.038861    -0.2203  28.037785     8.1225     7.9914     1.8751    87.0435 4.5713e+01  -64.08192  -63.77144 327.611784      99.95 4.8832e+02   2577.167      61853         20  0.000e+00
     15.115     14.967    -0.2203  28.038573    -0.2204  28.037447     8.1131     7.9914     1.8751    87.0177 4.5583e+01  -64.08192  -63.77144 327.611785      99.95 4.8832e+02   2577.208      61854         20  0.000e+00
     15.136     14.988    -0.2201  28.039150    -0.2203  28.037334     8.1138     7.9914     1.8751    87.0177 4.5713e+01  -64.08192  -63.77144 327.611785      99.98 4.8832e+02   2577.250      61855         20  0.000e+00
     15.067     14.920    -0.2201  28.039207    -0.2203  28.037503     8.1112     7.9913     1.8751    87.0435 4.5713e+01  -64.08192  -63.77144 327.611786      99.98 4.8832e+02   2577.292      61856         20  0.000e+00
     15.136     14.988    -0.2201  28.038688    -0.2205  28.037391     8.1159     7.9914     1.8751    87.0177 4.5713e+01  -64.08192  -63.77144 327.611786      99.93 4.8832e+02   2577.333      61857         20  0.000e+00
     15.115     14.968    -0.2201  28.038804    -0.2203  28.037729     8.1231     7.9914     1.8751    87.0177 4.5713e+01  -64.08192  -63.77144 327.611787      99.95 4.8832e+02   2577.375      61858         20  0.000e+00
     15.067     14.920    -0.2201  28.039092    -0.2205  28.037447     8.1315     7.9914     1.8751    87.0435 4.5713e+01  -64.08192  -63.77144 327.611787      99.95 4.8832e+02   2577.417      61859         20  0.000e+00
