NBP2113_155081_ctd/data/nbp2113_060.ros
* Sea-Bird SBE 9 Data File:
* FileName = D:\Data\raw\NBP2113_060.hex
* Software Version Seasave V 7.26.7.121
* Temperature SN = 2438
* Conductivity SN = 2067
* Number of Bytes Per Scan = 40
* Number of Voltage Words = 5
* Number of Scans Averaged by the Deck Unit = 1
* NMEA Latitude = 64 45.87 S
* NMEA Longitude = 063 07.32 W
* NMEA UTC (Time) = Dec 13 2021  22:33:21
* NMEA baud rate = 9600
** Ship: RVIB N.B. Palmer
** Cruise: NBP2113 LTER
** Station: 654.006
** Operator: S. Blackman
# nquan = 20
# nvalues = 588                                   
# units = specified
# name 0 = prDM: Pressure, Digiquartz [db]
# name 1 = depSM: Depth [salt water, m]
# name 2 = t090C: Temperature [ITS-90, deg C]
# name 3 = c0mS/cm: Conductivity [mS/cm]
# name 4 = t190C: Temperature, 2 [ITS-90, deg C]
# name 5 = c1mS/cm: Conductivity, 2 [mS/cm]
# name 6 = sbeox0ML/L: Oxygen, SBE 43 [ml/l]
# name 7 = sbeox1ML/L: Oxygen, SBE 43, 2 [ml/l]
# name 8 = flECO-AFL: Fluorescence, WET Labs ECO-AFL/FL [mg/m^3]
# name 9 = CStarTr0: Beam Transmission, WET Labs C-Star [%]
# name 10 = par: PAR/Irradiance, Biospherical/Licor
# name 11 = latitude: Latitude [deg]
# name 12 = longitude: Longitude [deg]
# name 13 = timeJ: Julian Days
# name 14 = altM: Altimeter [m]
# name 15 = spar: SPAR, Biospherical/Licor
# name 16 = timeS: Time, Elapsed [seconds]
# name 17 = scan: Scan Count
# name 18 = nbf: Bottles Fired
# name 19 = flag:  0.000e+00
# interval = seconds: 0.0416667
# start_time = Dec 13 2021 22:33:21 [NMEA time, header]
# bad_flag = -9.990e-29
*END*
[from data line 507]
      4.255      4.214    -0.1865  27.989023    -0.1752  27.999914     7.4002     7.4857     0.4392    85.3697 1.4014e+02  -64.76404  -63.12228 347.954993      99.98 4.8127e+02   1310.375      31450         11  0.000e+00
      4.303      4.261    -0.1844  27.987698    -0.1746  27.997043     7.4032     7.4848     0.4392    85.3697 1.3935e+02  -64.76404  -63.12228 347.954993      99.98 4.8127e+02   1310.417      31451         11  0.000e+00
      4.248      4.207    -0.1902  27.987525    -0.1842  27.993835     7.3985     7.4739     0.4392    85.3697 1.3857e+02  -64.76404  -63.12228 347.954994      99.95 4.8127e+02   1310.458      31452         11  0.000e+00
      4.303      4.261    -0.2049  27.990062    -0.1971  27.992824     7.3996     7.4780     0.4465    85.3697 1.3818e+02  -64.76404  -63.12228 347.954994      99.95 4.8127e+02   1310.500      31453         11  0.000e+00
      4.255      4.214    -0.2129  27.986490    -0.2057  27.988884     7.4056     7.4832     0.4392    85.3697 1.3818e+02  -64.76404  -63.12228 347.954995      99.98 4.8127e+02   1310.542      31454         11  0.000e+00
      4.303      4.261    -0.2285  27.978194    -0.1966  27.980441     7.4103     7.4811     0.4392    85.3697 1.3779e+02  -64.76404  -63.12228 347.954995      99.98 4.8127e+02   1310.583      31455         11  0.000e+00
      4.248      4.207    -0.2314  27.966268    -0.1824  27.976501     7.4072     7.4777     0.4392    85.3697 1.3818e+02  -64.76404  -63.12228 347.954996      99.98 4.8127e+02   1310.625      31456         11  0.000e+00
      4.255      4.214    -0.2269  27.958030    -0.1685  27.986236     7.4115     7.4635     0.4392    85.3697 1.3857e+02  -64.76404  -63.12228 347.954996      99.93 4.8127e+02   1310.667      31457         11  0.000e+00
      4.255      4.214    -0.2216  27.957281    -0.1458  27.991243     7.4106     7.4627     0.4392    85.3697 1.3896e+02  -64.76404  -63.12228 347.954997      99.95 4.8127e+02   1310.708      31458         11  0.000e+00
      4.303      4.261    -0.2201  27.966556    -0.1451  27.997266     7.4097     7.4665     0.4392    85.3697 1.3975e+02  -64.76404  -63.12228 347.954997      99.98 4.8127e+02   1310.750      31459         11  0.000e+00
      4.248      4.207    -0.2301  27.970531    -0.1612  28.008075     7.4053     7.4592     0.4465    85.3697 1.4094e+02  -64.76404  -63.12228 347.954998      99.98 4.8127e+02   1310.792      31460         11  0.000e+00
      4.255      4.214    -0.2409  27.966039    -0.1732  28.005431     7.4060     7.4659     0.4392    85.3697 1.4134e+02  -64.76404  -63.12228 347.954998      99.98 4.8127e+02   1310.833      31461         11  0.000e+00
      4.303      4.261    -0.2401  27.962064    -0.1804  28.001491     7.4061     7.4720     0.4392    85.3697 1.4214e+02  -64.76404  -63.12228 347.954999      99.98 4.8127e+02   1310.875      31462         11  0.000e+00
      4.201      4.159    -0.2304  27.959643    -0.1968  27.987307     7.3974     7.4765     0.4392    85.3697 1.4294e+02  -64.76404  -63.12228 347.954999      99.98 4.8127e+02   1310.917      31463         11  0.000e+00
      4.296      4.254    -0.1973  27.958604    -0.2245  27.972565     7.3951     7.4734     0.4611    85.3697 1.4335e+02  -64.76404  -63.12228 347.955000      99.95 4.8127e+02   1310.958      31464         11  0.000e+00
      4.255      4.214    -0.1531  27.966261    -0.2431  27.956306     7.3857     7.4824     0.4685    85.3697 1.4416e+02  -64.76404  -63.12228 347.955000      99.95 4.8127e+02   1311.000      31465         11  0.000e+00
      4.303      4.261    -0.1129  27.992071    -0.2437  27.944718     7.3701     7.4936     0.4685    85.3440 1.4498e+02  -64.76404  -63.12228 347.955000      99.98 4.8127e+02   1311.042      31466         11  0.000e+00
      4.249      4.207    -0.1439  28.016051    -0.2285  27.940273     7.3711     7.4868     0.4758    85.3182 1.4539e+02  -64.76404  -63.12228 347.955001      99.98 4.8127e+02   1311.083      31467         11  0.000e+00
      4.255      4.214    -0.1847  28.009426    -0.2184  27.950228     7.3803     7.4738     0.4685    85.3182 1.4621e+02  -64.76404  -63.12228 347.955001      99.98 4.8127e+02   1311.125      31468         11  0.000e+00
      4.303      4.261    -0.2085  27.989948    -0.2051  27.965755     7.3859     7.4815     0.4685    85.3182 1.4662e+02  -64.76404  -63.12228 347.955002      99.93 4.8127e+02   1311.167      31469         11  0.000e+00
      4.255      4.214    -0.2214  27.970012    -0.1864  27.976782     7.3838     7.4679     0.4685    85.3182 1.4662e+02  -64.76404  -63.12228 347.955002      99.95 4.8127e+02   1311.208      31470         11  0.000e+00
      4.249      4.207    -0.2288  27.956994    -0.1808  27.994905     7.3893     7.4698     0.4685    85.3182 1.4662e+02  -64.76404  -63.12228 347.955003      99.98 4.8127e+02   1311.250      31471         11  0.000e+00
      4.255      4.214    -0.2357  27.951465    -0.1373  28.009931     7.3912     7.4609     0.4685    85.3182 1.4662e+02  -64.76404  -63.12228 347.955003      99.98 4.8127e+02   1311.292      31472         11  0.000e+00
      4.255      4.214    -0.2440  27.947952    -0.0765  28.019666     7.3874     7.4440     0.4685    85.3182 1.4621e+02  -64.76404  -63.12228 347.955004      99.98 4.8127e+02   1311.333      31473         11  0.000e+00
      4.303      4.261    -0.2468  27.945130    -0.0852  28.032281     7.3859     7.4544     0.4685    85.3182 1.4580e+02  -64.76404  -63.12228 347.955004      99.98 4.8127e+02   1311.375      31474         11  0.000e+00
      4.249      4.207    -0.2427  27.942941    -0.0922  28.039152     7.3817     7.4448     0.4685    85.3182 1.4498e+02  -64.76404  -63.12228 347.955005      99.98 4.8127e+02   1311.417      31475         11  0.000e+00
      4.303      4.261    -0.2277  27.942767    -0.0875  28.038870     7.3771     7.4538     0.4685    85.3182 1.4416e+02  -64.76404  -63.12228 347.955005      99.95 4.8127e+02   1311.458      31476         11  0.000e+00
      4.256      4.214    -0.2105  27.947143    -0.0633  28.043374     7.3717     7.4392     0.4685    85.3182 1.4335e+02  -64.76404  -63.12228 347.955006      99.95 4.8127e+02   1311.500      31477         11  0.000e+00
      4.303      4.261    -0.2072  27.962867     0.0315  28.062856     7.3737     7.4261     0.4685    85.3182 1.4214e+02  -64.76404  -63.12228 347.955006      99.98 4.8127e+02   1311.542      31478         11  0.000e+00
      4.249      4.207    -0.1807  27.974502     0.1094  28.085557     7.3633     7.4058     0.4685    85.3182 1.4134e+02  -64.76404  -63.12228 347.955007      99.98 4.8127e+02   1311.583      31479         11  0.000e+00
      4.256      4.214    -0.1543  27.994207     0.1214  28.094010     7.3555     7.4023     0.4685    85.3182 1.4054e+02  -64.76404  -63.12228 347.955007      99.98 4.8127e+02   1311.625      31480         11  0.000e+00
      4.303      4.261    -0.1467  28.005676     0.0410  28.105403     7.3573     7.4144     0.4685    85.3182 1.3975e+02  -64.76404  -63.12228 347.955008      99.95 4.8127e+02   1311.667      31481         11  0.000e+00
      4.256      4.214    -0.0993  28.032709    -0.1257  28.030482     7.3658     7.5280     0.4831    85.3182 1.3740e+02  -64.76404  -63.12228 347.955028      99.98 4.8127e+02   1313.417      31523         12  0.000e+00
      4.201      4.160    -0.0637  28.053120    -0.1216  28.036789     7.3585     7.5258     0.4904    85.3182 1.3779e+02  -64.76404  -63.12228 347.955028      99.95 4.8127e+02   1313.458      31524         12  0.000e+00
      4.297      4.255    -0.0524  28.084731    -0.1205  28.041013     7.3489     7.5260     0.4831    85.3440 1.3818e+02  -64.76404  -63.12228 347.955029      99.93 4.8127e+02   1313.500      31525         12  0.000e+00
      4.201      4.160    -0.0538  28.108623    -0.1275  28.043661     7.3520     7.5149     0.4831    85.3182 1.3857e+02  -64.76404  -63.12228 347.955029      99.95 4.8127e+02   1313.542      31526         12  0.000e+00
      4.256      4.215     0.0006  28.126743    -0.1330  28.044450     7.3375     7.5246     0.4831    85.3440 1.3896e+02  -64.76404  -63.12228 347.955030      99.98 4.8127e+02   1313.583      31527         12  0.000e+00
      4.256      4.215     0.0396  28.148565    -0.1368  28.042310     7.3284     7.5186     0.4831    85.3182 1.3975e+02  -64.76404  -63.12228 347.955030      99.98 4.8127e+02   1313.625      31528         12  0.000e+00
      4.195      4.154     0.0599  28.163752    -0.1202  28.037071     7.3286     7.5083     0.4831    85.3440 1.4054e+02  -64.76404  -63.12228 347.955031      99.95 4.8127e+02   1313.667      31529         12  0.000e+00
      4.256      4.215     0.0445  28.175191    -0.0945  28.036505     7.3322     7.5007     0.4831    85.3182 1.4094e+02  -64.76404  -63.12228 347.955031      99.93 4.8127e+02   1313.708      31530         12  0.000e+00
      4.256      4.215    -0.0090  28.176524    -0.0872  28.037293     7.3371     7.4961     0.4831    85.3182 1.4214e+02  -64.76404  -63.12228 347.955032      99.95 4.8127e+02   1313.750      31531         12  0.000e+00
      4.202      4.160    -0.0268  28.156021    -0.1040  28.038365     7.3463     7.4955     0.4831    85.3182 1.4254e+02  -64.76404  -63.12228 347.955032      99.98 4.8127e+02   1313.792      31532         12  0.000e+00
      4.297      4.255    -0.0027  28.129457    -0.1313  28.036790     7.3446     7.4971     0.4831    85.3182 1.4335e+02  -64.76404  -63.12228 347.955033      99.98 4.8127e+02   1313.833      31533         12  0.000e+00
      4.202      4.160     0.0359  28.129915    -0.1490  28.028344     7.3342     7.4971     0.4831    85.3440 1.4416e+02  -64.76404  -63.12228 347.955033      99.98 4.8127e+02   1313.875      31534         12  0.000e+00
      4.256      4.215     0.0560  28.160518    -0.1548  28.017815     7.3224     7.4953     0.4831    85.3182 1.4498e+02  -64.76404  -63.12228 347.955034      99.98 4.8127e+02   1313.917      31535         12  0.000e+00
      4.202      4.160     0.0654  28.181601    -0.1583  28.011509     7.3275     7.4927     0.4831    85.3182 1.4580e+02  -64.76404  -63.12228 347.955034      99.95 4.8127e+02   1313.958      31536         12  0.000e+00
      4.249      4.208     0.0692  28.180503    -0.1259  28.021078     7.3276     7.4836     0.4831    85.3182 1.4662e+02  -64.76404  -63.12228 347.955035      99.95 4.8127e+02   1314.000      31537         12  0.000e+00
      4.256      4.215     0.0846  28.173338    -0.0922  28.048389     7.3262     7.4623     0.4831    85.3440 1.4745e+02  -64.76404  -63.12228 347.955035      99.95 4.8127e+02   1314.042      31538         12  0.000e+00
      4.202      4.160     0.0891  28.178941    -0.0257  28.081342     7.3299     7.4493     0.4831    85.3182 1.4787e+02  -64.76404  -63.12228 347.955036      99.98 4.8127e+02   1314.083      31539         12  0.000e+00
      4.256      4.215     0.0883  28.185586     0.0226  28.101177     7.3302     7.4406     0.4831    85.3182 1.4829e+02  -64.76404  -63.12228 347.955036      99.98 4.8127e+02   1314.125      31540         12  0.000e+00
      4.195      4.154     0.0779  28.192000     0.0117  28.131397     7.3331     7.4374     0.4831    85.3440 1.4829e+02  -64.76404  -63.12228 347.955037      99.93 4.8127e+02   1314.167      31541         12  0.000e+00
      4.256      4.215     0.0846  28.201302    -0.0410  28.149844     7.3318     7.4307     0.4831    85.3182 1.4871e+02  -64.76404  -63.12228 347.955037      99.95 4.8127e+02   1314.208      31542         12  0.000e+00
      4.202      4.161     0.0950  28.210143    -0.0560  28.125877     7.3352     7.4365     0.4538    85.3440 1.4913e+02  -64.76404  -63.12228 347.955038      99.98 4.8127e+02   1314.250      31543         12  0.000e+00
      4.256      4.215     0.0914  28.216039    -0.0598  28.105920     7.3381     7.4402     0.4465    85.3440 1.4955e+02  -64.76404  -63.12228 347.955038      99.98 4.8127e+02   1314.292      31544         12  0.000e+00
      4.195      4.154     0.0843  28.216964    -0.0061  28.102476     7.3418     7.4221     0.4465    85.3182 1.4955e+02  -64.76404  -63.12228 347.955039      99.98 4.8127e+02   1314.333      31545         12  0.000e+00
      4.256      4.215     0.0749  28.210145     0.0646  28.110136     7.3520     7.4068     0.4465    85.3182 1.4955e+02  -64.76404  -63.12228 347.955039      99.98 4.8127e+02   1314.375      31546         12  0.000e+00
      4.256      4.215     0.0744  28.204251     0.1239  28.143455     7.3574     7.3969     0.4538    85.3440 1.4955e+02  -64.76404  -63.12228 347.955040      99.98 4.8127e+02   1314.417      31547         12  0.000e+00
      4.250      4.208     0.0728  28.196796     0.1552  28.175381     7.3616     7.3821     0.4465    85.3955 1.4955e+02  -64.76404  -63.12228 347.955040      99.95 4.8127e+02   1314.458      31548         12  0.000e+00
      4.202      4.161     0.0651  28.194139     0.1567  28.207888     7.3664     7.3714     0.4465    85.3955 1.4955e+02  -64.76404  -63.12228 347.955041      99.95 4.8127e+02   1314.500      31549         12  0.000e+00
      4.202      4.161     0.0523  28.191482     0.1477  28.231769     7.3762     7.3784     0.4465    85.3955 1.4913e+02  -64.76404  -63.12228 347.955041      99.98 4.8127e+02   1314.542      31550         12  0.000e+00
      4.257      4.215     0.0514  28.186398     0.1720  28.239334     7.3809     7.3613     0.4538    85.3955 1.4871e+02  -64.76404  -63.12228 347.955041      99.98 4.8127e+02   1314.583      31551         12  0.000e+00
      4.250      4.208     0.0598  28.184779     0.1948  28.251756     7.3836     7.3602     0.4465    85.3955 1.4829e+02  -64.76404  -63.12228 347.955042      99.98 4.8127e+02   1314.625      31552         12  0.000e+00
      4.202      4.161     0.0668  28.186916     0.2062  28.276893     7.3902     7.3610     0.4465    85.3955 1.4745e+02  -64.76404  -63.12228 347.955042      99.93 4.8127e+02   1314.667      31553         12  0.000e+00
      4.304      4.262     0.0694  28.189112     0.1899  28.297068     7.3958     7.3509     0.4465    85.3955 1.4704e+02  -64.76404  -63.12228 347.955043      99.95 4.8127e+02   1314.708      31554         12  0.000e+00
      4.202      4.161     0.0797  28.194369     0.1461  28.295432     7.3980     7.3674     0.4465    85.3955 1.4704e+02  -64.76404  -63.12228 347.955043      99.98 4.8127e+02   1314.750      31555         12  0.000e+00
      4.250      4.208     0.0633  28.199224     0.0972  28.267130     7.4048     7.3777     0.4465    85.3697 1.4621e+02  -64.76404  -63.12228 347.955044      99.98 4.8127e+02   1314.792      31556         12  0.000e+00
      4.202      4.161     0.0573  28.196798     0.0575  28.235730     7.4142     7.3875     0.4465    85.3955 1.4580e+02  -64.76404  -63.12228 347.955044      99.98 4.8127e+02   1314.833      31557         12  0.000e+00
      4.257      4.215     0.0576  28.192002     0.0562  28.208913     7.4194     7.3908     0.4465    85.3955 1.4580e+02  -64.76404  -63.12228 347.955045      99.98 4.8127e+02   1314.875      31558         12  0.000e+00
      4.257      4.215     0.0582  28.188593     0.0555  28.186506     7.4184     7.3831     0.4465    85.3955 1.4539e+02  -64.76404  -63.12228 347.955045      99.98 4.8127e+02   1314.917      31559         12  0.000e+00
      4.250      4.208     0.0626  28.189863     0.0298  28.178157     7.4249     7.3993     0.4465    85.3955 1.4498e+02  -64.76404  -63.12228 347.955046      99.95 4.8127e+02   1314.958      31560         12  0.000e+00
      4.202      4.161     0.0613  28.195179     0.0289  28.175957     7.4356     7.4074     0.4465    85.3955 1.4457e+02  -64.76404  -63.12228 347.955046      99.95 4.8127e+02   1315.000      31561         12  0.000e+00
      4.257      4.215     0.0601  28.199456     0.0441  28.178720     7.4347     7.4135     0.4465    85.3955 1.4416e+02  -64.76404  -63.12228 347.955047      99.98 4.8127e+02   1315.042      31562         12  0.000e+00
