NBP2113_155081_ctd/data/nbp2113_055.ros
* Sea-Bird SBE 9 Data File:
* FileName = D:\Data\raw\NBP2113_055.hex
* Software Version Seasave V 7.26.7.121
* Temperature SN = 2438
* Conductivity SN = 2067
* Number of Bytes Per Scan = 40
* Number of Voltage Words = 5
* Number of Scans Averaged by the Deck Unit = 1
* NMEA Latitude = 64 51.63 S
* NMEA Longitude = 064 56.94 W
* NMEA UTC (Time) = Dec 11 2021  21:26:08
* NMEA baud rate = 9600
** Ship: RVIB N.B. Palmer
** Cruise: NBP2113 LTER
** Station: 589.065
** Operator: S. Blackman
# nquan = 20
# nvalues = 490                                   
# units = specified
# name 0 = prDM: Pressure, Digiquartz [db]
# name 1 = depSM: Depth [salt water, m]
# name 2 = t090C: Temperature [ITS-90, deg C]
# name 3 = c0mS/cm: Conductivity [mS/cm]
# name 4 = t190C: Temperature, 2 [ITS-90, deg C]
# name 5 = c1mS/cm: Conductivity, 2 [mS/cm]
# name 6 = sbeox0ML/L: Oxygen, SBE 43 [ml/l]
# name 7 = sbeox1ML/L: Oxygen, SBE 43, 2 [ml/l]
# name 8 = flECO-AFL: Fluorescence, WET Labs ECO-AFL/FL [mg/m^3]
# name 9 = CStarTr0: Beam Transmission, WET Labs C-Star [%]
# name 10 = par: PAR/Irradiance, Biospherical/Licor
# name 11 = latitude: Latitude [deg]
# name 12 = longitude: Longitude [deg]
# name 13 = timeJ: Julian Days
# name 14 = altM: Altimeter [m]
# name 15 = spar: SPAR, Biospherical/Licor
# name 16 = timeS: Time, Elapsed [seconds]
# name 17 = scan: Scan Count
# name 18 = nbf: Bottles Fired
# name 19 = flag:  0.000e+00
# interval = seconds: 0.0416667
# start_time = Dec 11 2021 21:26:08 [NMEA time, header]
# bad_flag = -9.990e-29
*END*
[from data line 435]
      4.949      4.901    -0.0230  28.203972    -0.1135  28.062646     7.9962     8.0922     1.5381    85.0092 7.1652e+01  -64.86064  -64.94848 345.912995      99.95 2.6443e+02   1714.792      41156          9  0.000e+00
      5.011      4.962    -0.0229  28.206920    -0.1071  28.082761     7.9991     8.0884     1.5381    85.0092 7.1856e+01  -64.86064  -64.94848 345.912996      99.95 2.6443e+02   1714.833      41157          9  0.000e+00
      5.011      4.962    -0.0269  28.208307    -0.1097  28.092736     7.9957     8.0876     1.5381    85.0092 7.2060e+01  -64.86064  -64.94848 345.912996      99.95 2.6443e+02   1714.875      41158          9  0.000e+00
      5.011      4.962    -0.0306  28.206400    -0.1265  28.096965     8.0010     8.0896     1.5381    85.0092 7.2265e+01  -64.86064  -64.94848 345.912997      99.98 2.6443e+02   1714.917      41159          9  0.000e+00
      5.011      4.962    -0.0360  28.199235    -0.1365  28.087216     8.0037     8.0912     1.5381    85.0092 7.2265e+01  -64.86064  -64.94848 345.912997      99.98 2.6443e+02   1714.958      41160          9  0.000e+00
      5.052      5.003    -0.0367  28.189355    -0.1369  28.067099     8.0056     8.0916     1.5454    85.0092 7.2265e+01  -64.86064  -64.94848 345.912998      99.95 2.6443e+02   1715.000      41161          9  0.000e+00
      5.059      5.009    -0.0351  28.184559    -0.1331  28.057634     8.0051     8.0901     1.5527    85.0092 7.2470e+01  -64.86064  -64.94848 345.912998      97.78 2.6443e+02   1715.042      41162         10  0.000e+00
      5.011      4.962    -0.0371  28.189066    -0.1295  28.060788     8.0099     8.0927     1.5600    85.0092 7.2265e+01  -64.86064  -64.94848 345.912999      94.16 2.6443e+02   1715.083      41163         10  0.000e+00
      5.114      5.064    -0.0375  28.190164    -0.1327  28.064113     8.0114     8.0928     1.5674    85.0092 7.2470e+01  -64.86064  -64.94848 345.912999      93.19 2.6443e+02   1715.125      41164         10  0.000e+00
      5.052      5.003    -0.0375  28.188777    -0.1367  28.066085     8.0127     8.0928     1.5600    85.0092 7.2470e+01  -64.86064  -64.94848 345.913000      93.28 2.6443e+02   1715.167      41165         10  0.000e+00
      5.114      5.064    -0.0373  28.189355    -0.1378  28.062367     8.0136     8.0925     1.5600    85.0092 7.2470e+01  -64.86064  -64.94848 345.913000      93.41 2.6443e+02   1715.208      41166         10  0.000e+00
      5.059      5.009    -0.0404  28.190164    -0.1367  28.057071     8.0217     8.0915     1.5674    85.0092 7.2470e+01  -64.86064  -64.94848 345.913001      93.46 2.6443e+02   1715.250      41167         10  0.000e+00
      5.059      5.009    -0.0486  28.185600    -0.1450  28.059099     8.0209     8.0917     1.5600    84.9320 7.2470e+01  -64.86064  -64.94848 345.913001      93.43 2.6443e+02   1715.292      41168         10  0.000e+00
      5.155      5.104    -0.0632  28.170697    -0.1384  28.059212     8.0237     8.0898     1.5600    84.8547 7.2470e+01  -64.86064  -64.94848 345.913002      93.41 2.6443e+02   1715.333      41169         10  0.000e+00
      5.059      5.009    -0.0812  28.148578    -0.1457  28.056564     8.0384     8.0904     1.5600    84.8547 7.2470e+01  -64.86064  -64.94848 345.913002      93.43 2.6443e+02   1715.375      41170         10  0.000e+00
      5.162      5.111    -0.0978  28.120866    -0.1700  28.053412     8.0457     8.0942     1.5674    84.8547 7.2470e+01  -64.86064  -64.94848 345.913003      93.43 2.6443e+02   1715.417      41171         10  0.000e+00
      5.114      5.064    -0.1138  28.100435    -0.2045  28.024917     8.0448     8.1069     1.5600    84.8547 7.2470e+01  -64.86064  -64.94848 345.913003      93.43 2.6443e+02   1715.458      41172         10  0.000e+00
      5.100      5.050    -0.1286  28.081567    -0.2254  27.981797     8.0546     8.1134     1.5600    84.8547 7.2470e+01  -64.86064  -64.94848 345.913003      93.41 2.6443e+02   1715.500      41173         10  0.000e+00
      5.114      5.064    -0.1353  28.063223    -0.2240  27.942637     8.0581     8.1160     1.5600    84.8547 7.2470e+01  -64.86064  -64.94848 345.913004      93.50 2.6443e+02   1715.542      41174         10  0.000e+00
      5.162      5.111    -0.1405  28.046266    -0.2269  27.937913     8.0623     8.1167     1.5600    84.8805 7.2470e+01  -64.86064  -64.94848 345.913004      97.46 2.6443e+02   1715.583      41175         10  0.000e+00
      5.162      5.111    -0.1443  28.039981    -0.2328  27.938419     8.0650     8.1172     1.5600    84.8547 7.2470e+01  -64.86064  -64.94848 345.913005      99.90 2.6443e+02   1715.625      41176         10  0.000e+00
      5.155      5.104    -0.1456  28.039635    -0.2360  27.929477     8.0651     8.1178     1.5600    84.8547 7.2470e+01  -64.86064  -64.94848 345.913005     100.00 2.6443e+02   1715.667      41177         10  0.000e+00
      5.114      5.064    -0.1468  28.043326    -0.2394  27.921379     8.0715     8.1180     1.5674    84.8547 7.2470e+01  -64.86064  -64.94848 345.913006     100.00 2.6443e+02   1715.708      41178         10  0.000e+00
      5.162      5.111    -0.1490  28.043326    -0.2366  27.913788     8.0751     8.1178     1.5600    84.8547 7.2470e+01  -64.86064  -64.94848 345.913006      99.98 2.6443e+02   1715.750      41179         10  0.000e+00
      5.162      5.111    -0.1564  28.043096    -0.2248  27.914574     8.0722     8.1151     1.5600    84.8547 7.2470e+01  -64.86064  -64.94850 345.913007      99.95 2.6443e+02   1715.792      41180         10  0.000e+00
      5.114      5.064    -0.1582  28.042635    -0.2134  27.929531     8.0780     8.1111     1.5600    84.8805 7.2470e+01  -64.86064  -64.94850 345.913007      99.95 2.6443e+02   1715.833      41181         10  0.000e+00
      5.155      5.104    -0.1582  28.036465    -0.2085  27.948430     8.0806     8.1080     1.5600    84.8547 7.2265e+01  -64.86064  -64.94850 345.913008      99.95 2.6443e+02   1715.875      41182         10  0.000e+00
      5.114      5.064    -0.1571  28.026662    -0.2062  27.959681     8.0771     8.1057     1.5600    84.8547 7.2265e+01  -64.86064  -64.94850 345.913008      99.98 2.6443e+02   1715.917      41183         10  0.000e+00
      5.162      5.111    -0.1604  28.015248    -0.2023  27.963619     8.0788     8.1044     1.5600    84.8547 7.2265e+01  -64.86064  -64.94850 345.913009      99.98 2.6443e+02   1715.958      41184         10  0.000e+00
      5.114      5.064    -0.1617  28.012827    -0.1970  27.968345     8.0791     8.1026     1.5600    84.8547 7.2060e+01  -64.86064  -64.94850 345.913009      99.93 2.6443e+02   1716.000      41185         10  0.000e+00
      5.100      5.050    -0.1757  28.005681    -0.1959  27.973128     8.0832     8.1014     1.5600    84.8805 7.1856e+01  -64.86064  -64.94850 345.913010      78.49 2.6443e+02   1716.042      41186         10  0.000e+00
      5.162      5.111    -0.1633  27.994614    -0.1925  27.975491     8.0812     8.1000     1.5600    84.8290 7.1652e+01  -64.86064  -64.94850 345.913010      19.15 2.6443e+02   1716.083      41187         10  0.000e+00
      5.114      5.064    -0.1478  28.008560    -0.1824  27.978079     8.0763     8.0970     1.5747    84.8547 7.1449e+01  -64.86064  -64.94850 345.913011       0.00 2.6443e+02   1716.125      41188         10  0.000e+00
      5.114      5.064    -0.1398  28.031677    -0.1836  27.981793     8.0776     8.0968     1.5747    84.9320 7.1247e+01  -64.86064  -64.94850 345.913011       0.00 2.6443e+02   1716.167      41189         10  0.000e+00
      5.100      5.050    -0.1178  28.045168    -0.1941  27.983595     8.0679     8.0922     1.5747    84.9320 7.1247e+01  -64.86064  -64.94850 345.913012       1.27 2.6443e+02   1716.208      41190         10  0.000e+00
      5.114      5.064    -0.1104  28.065066    -0.1937  27.981513     8.0633     8.0911     1.5820    84.9320 7.1045e+01  -64.86064  -64.94850 345.913012       2.10 2.6443e+02   1716.250      41191         10  0.000e+00
      5.059      5.010    -0.1028  28.088200    -0.2022  27.983877     8.0625     8.0913     1.5747    84.9320 7.0844e+01  -64.86064  -64.94850 345.913013       2.20 2.6443e+02   1716.292      41192         10  0.000e+00
      5.114      5.064    -0.0978  28.101761    -0.2099  27.978363     8.0552     8.0919     1.5820    84.9062 7.0844e+01  -64.86064  -64.94850 345.913013       2.12 2.6443e+02   1716.333      41193         10  0.000e+00
      5.100      5.050    -0.0960  28.108109    -0.2162  27.964408     8.0575     8.0928     1.5747    84.9320 7.0643e+01  -64.86064  -64.94850 345.913014       2.10 2.6443e+02   1716.375      41194         10  0.000e+00
      5.059      5.010    -0.1007  28.110130    -0.2286  27.951300     8.0510     8.0946     1.5747    84.9320 7.0443e+01  -64.86064  -64.94850 345.913014       2.10 2.6443e+02   1716.417      41195         10  0.000e+00
      5.059      5.010    -0.1144  28.107880    -0.2325  27.937125     8.0492     8.0949     1.5747    84.9320 7.0443e+01  -64.86064  -64.94850 345.913015       2.10 2.6443e+02   1716.458      41196         10  0.000e+00
      5.059      5.010    -0.1222  28.091376    -0.2279  27.932401     8.0498     8.0874     1.5747    84.9062 7.0443e+01  -64.86064  -64.94850 345.913015       2.08 2.6443e+02   1716.500      41197         10  0.000e+00
      5.011      4.962    -0.1254  28.074355    -0.2057  27.938417     8.0493     8.0803     1.5747    84.9320 7.0443e+01  -64.86064  -64.94850 345.913016       2.03 2.6443e+02   1716.542      41198         10  0.000e+00
      5.052      5.003    -0.1259  28.071471    -0.1759  27.957090     8.0401     8.0763     1.5747    84.9062 7.0443e+01  -64.86064  -64.94850 345.913016       1.83 2.6443e+02   1716.583      41199         10  0.000e+00
      5.011      4.962    -0.1211  28.070662    -0.1574  27.985730     8.0337     8.0689     1.5747    84.9320 7.0443e+01  -64.86064  -64.94850 345.913016       1.76 2.6443e+02   1716.625      41200         10  0.000e+00
      5.011      4.962    -0.1200  28.073028    -0.1455  28.023109     8.0234     8.0621     1.5747    84.9320 7.0443e+01  -64.86064  -64.94850 345.913017       1.76 2.6443e+02   1716.667      41201         10  0.000e+00
      5.011      4.962    -0.1286  28.069855    -0.1360  28.049466     8.0195     8.0565     1.5747    84.9320 7.0643e+01  -64.86064  -64.94850 345.913017       1.76 2.6443e+02   1716.708      41202         10  0.000e+00
      5.052      5.003    -0.1543  28.059244    -0.1255  28.067098     8.0136     8.0513     1.5747    84.9062 7.0643e+01  -64.86064  -64.94850 345.913018       1.76 2.6443e+02   1716.750      41203         10  0.000e+00
      4.957      4.908    -0.1826  28.027471    -0.1141  28.077464     8.0224     8.0464     1.5820    84.9320 7.0844e+01  -64.86064  -64.94850 345.913018       1.76 2.6443e+02   1716.792      41204         10  0.000e+00
      4.957      4.908    -0.2005  27.983725    -0.1066  28.087156     8.0245     8.0431     1.5747    84.9320 7.1045e+01  -64.86064  -64.94850 345.913019       1.76 2.6443e+02   1716.833      41205         10  0.000e+00
      4.957      4.908    -0.2092  27.953538    -0.1023  28.099330     8.0181     8.0402     1.5747    84.9320 7.1247e+01  -64.86064  -64.94850 345.913019       1.76 2.6443e+02   1716.875      41206         10  0.000e+00
      4.950      4.901    -0.2085  27.946453    -0.1030  28.105080     8.0169     8.0332     1.5747    84.9320 7.1247e+01  -64.86064  -64.94850 345.913020       1.76 2.6443e+02   1716.917      41207         10  0.000e+00
      4.957      4.908    -0.1971  27.953249    -0.1079  28.107504     8.0096     8.0319     1.5747    84.9320 7.1449e+01  -64.86064  -64.94850 345.913020       1.76 2.6443e+02   1716.958      41208         10  0.000e+00
      4.909      4.861    -0.1905  27.984012    -0.1137  28.100909     8.0013     8.0313     1.5747    84.9577 7.1652e+01  -64.86064  -64.94850 345.913021       1.76 2.6443e+02   1717.000      41209         10  0.000e+00
      4.909      4.861    -0.1899  28.018939    -0.1190  28.089299     7.9938     8.0311     1.5747    84.9835 7.1856e+01  -64.86064  -64.94850 345.913021       1.83 2.6443e+02   1717.042      41210         10  0.000e+00
