NBP2113_155081_ctd/data/nbp2113_033.ros
* Sea-Bird SBE 9 Data File:
* FileName = D:\Data\raw\NBP2113_033.hex
* Software Version Seasave V 7.26.7.121
* Temperature SN = 2438
* Conductivity SN = 2067
* Number of Bytes Per Scan = 40
* Number of Voltage Words = 5
* Number of Scans Averaged by the Deck Unit = 1
* NMEA Latitude = 64 55.99 S
* NMEA Longitude = 064 24.01 W
* NMEA UTC (Time) = Dec 08 2021  19:08:34
* NMEA baud rate = 9600
** Ship: RVIB N.B. Palmer
** Cruise: NBP2113 LTER
** Station: 600.040
** Operator: S. Blackman
# nquan = 20
# nvalues = 189                                   
# units = specified
# name 0 = prDM: Pressure, Digiquartz [db]
# name 1 = depSM: Depth [salt water, m]
# name 2 = t090C: Temperature [ITS-90, deg C]
# name 3 = c0mS/cm: Conductivity [mS/cm]
# name 4 = t190C: Temperature, 2 [ITS-90, deg C]
# name 5 = c1mS/cm: Conductivity, 2 [mS/cm]
# name 6 = sbeox0ML/L: Oxygen, SBE 43 [ml/l]
# name 7 = sbeox1ML/L: Oxygen, SBE 43, 2 [ml/l]
# name 8 = flECO-AFL: Fluorescence, WET Labs ECO-AFL/FL [mg/m^3]
# name 9 = CStarTr0: Beam Transmission, WET Labs C-Star [%]
# name 10 = par: PAR/Irradiance, Biospherical/Licor
# name 11 = latitude: Latitude [deg]
# name 12 = longitude: Longitude [deg]
# name 13 = timeJ: Julian Days
# name 14 = altM: Altimeter [m]
# name 15 = spar: SPAR, Biospherical/Licor
# name 16 = timeS: Time, Elapsed [seconds]
# name 17 = scan: Scan Count
# name 18 = nbf: Bottles Fired
# name 19 = flag:  0.000e+00
# interval = seconds: 0.0416667
# start_time = Dec 08 2021 19:08:34 [NMEA time, header]
# bad_flag = -9.990e-29
*END*
[from data line 145]
      4.295      4.253    -0.9986  27.135600    -0.9906  27.134573     8.1552     8.0613     1.5234    87.3010 1.1564e+02  -64.93318  -64.39950 342.814481       9.21 3.0850e+02   1457.167      34973          4  0.000e+00
      4.336      4.294    -0.9948  27.132467    -0.9896  27.135797     8.1566     8.0602     1.5161    87.3010 1.1531e+02  -64.93318  -64.39950 342.814482       9.21 3.0850e+02   1457.208      34974          4  0.000e+00
      4.295      4.253    -0.9919  27.130928    -0.9895  27.137133     8.1621     8.0592     1.5161    87.3010 1.1499e+02  -64.93318  -64.39950 342.814482       9.21 3.0850e+02   1457.250      34975          4  0.000e+00
      4.343      4.301    -0.9927  27.131954    -0.9892  27.137467     8.1664     8.0639     1.5161    87.3010 1.1466e+02  -64.93318  -64.39950 342.814483       9.21 3.0850e+02   1457.292      34976          4  0.000e+00
      4.336      4.294    -0.9941  27.131441    -0.9886  27.138023     8.1764     8.0583     1.5088    87.3010 1.1402e+02  -64.93318  -64.39950 342.814483       9.21 3.0850e+02   1457.333      34977          4  0.000e+00
      4.295      4.253    -0.9961  27.130416    -0.9895  27.138746     8.1726     8.0575     1.5014    87.3267 1.1370e+02  -64.93318  -64.39950 342.814484      46.94 3.0850e+02   1457.375      34978          4  0.000e+00
      4.343      4.301    -0.9975  27.130701    -0.9881  27.139191     8.1741     8.0564     1.5088    87.3267 1.1337e+02  -64.93318  -64.39950 342.814484      93.06 3.0850e+02   1457.417      34979          4  0.000e+00
      4.295      4.253    -0.9956  27.129903    -0.9870  27.139024     8.1774     8.0608     1.5088    87.3267 1.1337e+02  -64.93318  -64.39950 342.814484     100.00 3.0850e+02   1457.458      34980          4  0.000e+00
      4.282      4.240    -0.9936  27.130928    -0.9855  27.140527     8.1753     8.0558     1.5088    87.3267 1.1273e+02  -64.93318  -64.39950 342.814485     100.00 3.0850e+02   1457.500      34981          4  0.000e+00
      4.241      4.199    -0.9920  27.132466    -0.9811  27.141973     8.1711     8.0539     1.5014    87.3267 1.1242e+02  -64.93318  -64.39950 342.814485     100.00 3.0850e+02   1457.542      34982          4  0.000e+00
      4.343      4.301    -0.9910  27.132979    -0.9786  27.141695     8.1679     8.0527     1.5088    87.3267 1.1210e+02  -64.93318  -64.39950 342.814486     100.00 3.0850e+02   1457.583      34983          4  0.000e+00
      4.234      4.192    -0.9920  27.132466    -0.9780  27.140581     8.1703     8.0517     1.5088    87.3267 1.1178e+02  -64.93318  -64.39950 342.814486      99.88 3.0850e+02   1457.625      34984          4  0.000e+00
      4.296      4.253    -0.9923  27.129903    -0.9783  27.139858     8.1602     8.0510     1.5014    87.3267 1.1147e+02  -64.93318  -64.39950 342.814487      99.93 3.0850e+02   1457.667      34985          4  0.000e+00
      4.241      4.199    -0.9928  27.128592    -0.9807  27.140749     8.1536     8.0505     1.5014    87.3267 1.1147e+02  -64.93318  -64.39950 342.814487      99.98 3.0850e+02   1457.708      34986          4  0.000e+00
      4.234      4.192    -0.9933  27.129903    -0.9797  27.145312     8.1491     8.0500     1.5088    87.3010 1.1115e+02  -64.93318  -64.39950 342.814488      99.98 3.0850e+02   1457.750      34987          4  0.000e+00
      4.241      4.199    -0.9944  27.130643    -0.9737  27.150208     8.1500     8.0542     1.5088    87.3267 1.1115e+02  -64.93318  -64.39950 342.814488      99.95 3.0850e+02   1457.792      34988          4  0.000e+00
      4.193      4.152    -0.9948  27.130130    -0.9753  27.149541     8.1397     8.0499     1.5088    87.3267 1.1115e+02  -64.93318  -64.39950 342.814489      99.93 3.0850e+02   1457.833      34989          4  0.000e+00
      4.241      4.199    -0.9928  27.128877    -0.9779  27.147037     8.1315     8.0508     1.5014    87.3267 1.1084e+02  -64.93318  -64.39950 342.814489      99.95 3.0850e+02   1457.875      34990          4  0.000e+00
      4.186      4.145    -0.9931  27.128592    -0.9785  27.145311     8.1228     8.0512     1.5088    87.3267 1.1084e+02  -64.93318  -64.39950 342.814490      99.98 3.0850e+02   1457.917      34991          4  0.000e+00
      4.193      4.152    -0.9956  27.128364    -0.9805  27.145089     8.1243     8.0518     1.5088    87.3267 1.1084e+02  -64.93318  -64.39950 342.814490      99.98 3.0850e+02   1457.958      34992          4  0.000e+00
      4.145      4.104    -0.9963  27.127795    -0.9772  27.149819     8.1188     8.0501     1.5088    87.3267 1.1084e+02  -64.93318  -64.39950 342.814491      99.98 3.0850e+02   1458.000      34993          4  0.000e+00
      4.131      4.091    -0.9971  27.128080    -0.9739  27.154215     8.1126     8.0484     1.5014    87.3267 1.1115e+02  -64.93318  -64.39950 342.814491      99.98 3.0850e+02   1458.042      34994          4  0.000e+00
      4.145      4.105    -0.9998  27.128080    -0.9731  27.154939     8.0989     8.0485     1.5014    87.3267 1.1147e+02  -64.93318  -64.39950 342.814492      99.98 3.0850e+02   1458.083      34995          4  0.000e+00
      4.145      4.105    -1.0012  27.127282    -0.9734  27.154215     8.1036     8.0480     1.5088    87.3267 1.1178e+02  -64.93318  -64.39950 342.814492      99.95 3.0850e+02   1458.125      34996          4  0.000e+00
      4.090      4.050    -1.0024  27.126542    -0.9740  27.154048     8.0999     8.0484     1.5014    87.3267 1.1210e+02  -64.93318  -64.39950 342.814493      99.95 3.0850e+02   1458.167      34997          4  0.000e+00
      4.084      4.044    -1.0026  27.124947    -0.9739  27.154160     8.0956     8.0487     1.5088    87.3267 1.1273e+02  -64.93318  -64.39950 342.814493      99.98 3.0850e+02   1458.208      34998          4  0.000e+00
      4.043      4.003    -1.0029  27.124434    -0.9737  27.155106     8.0906     8.0489     1.5014    87.3267 1.1337e+02  -64.93318  -64.39950 342.814494      99.98 3.0850e+02   1458.250      34999          4  0.000e+00
      4.043      4.003    -1.0034  27.124434    -0.9723  27.156553     8.0939     8.0489     1.5088    87.3267 1.1370e+02  -64.93318  -64.39950 342.814494      99.95 3.0850e+02   1458.292      35000          4  0.000e+00
      4.029      3.989    -1.0018  27.124206    -0.9713  27.154883     8.0917     8.0493     1.5088    87.3267 1.1466e+02  -64.93318  -64.39950 342.814495      99.93 3.0850e+02   1458.333      35001          4  0.000e+00
      3.988      3.949    -1.0014  27.124206    -0.9744  27.151655     8.0833     8.0496     1.4941    87.3267 1.1531e+02  -64.93318  -64.39950 342.814495      99.95 3.0850e+02   1458.375      35002          4  0.000e+00
      3.940      3.901    -0.9970  27.124718    -0.9740  27.148649     8.0840     8.0502     1.4721    87.3267 1.1597e+02  -64.93318  -64.39950 342.814496      99.98 3.0850e+02   1458.417      35003          4  0.000e+00
      3.940      3.901    -0.9907  27.125971    -0.9763  27.146257     8.0926     8.0514     1.4648    87.3267 1.1696e+02  -64.93318  -64.39950 342.814496      99.98 3.0850e+02   1458.458      35004          4  0.000e+00
      3.933      3.895    -0.9878  27.131439    -0.9777  27.146424     8.0978     8.0522     1.4648    87.3267 1.1762e+02  -64.93318  -64.39950 342.814497      99.98 3.0850e+02   1458.500      35005          4  0.000e+00
      3.892      3.854    -0.9888  27.136396    -0.9766  27.148483     8.0942     8.0523     1.4648    87.3267 1.1862e+02  -64.93318  -64.39950 342.814497      99.98 3.0850e+02   1458.542      35006          4  0.000e+00
      3.892      3.854    -0.9936  27.136625    -0.9748  27.150375     8.0897     8.0525     1.4721    87.3267 1.1929e+02  -64.93318  -64.39950 342.814497      99.98 3.0850e+02   1458.583      35007          4  0.000e+00
      3.776      3.739    -0.9965  27.133548    -0.9739  27.151042     8.0920     8.0519     1.4648    87.3267 1.1997e+02  -64.93318  -64.39950 342.814498      99.93 3.0850e+02   1458.625      35008          4  0.000e+00
      3.837      3.800    -0.9956  27.128591    -0.9740  27.150486     8.1055     8.0517     1.4648    87.3267 1.2065e+02  -64.93318  -64.39950 342.814498      99.95 3.0850e+02   1458.667      35009          4  0.000e+00
      3.790      3.752    -0.9944  27.128591    -0.9731  27.151432     8.1147     8.0512     1.4648    87.3267 1.2133e+02  -64.93318  -64.39950 342.814499      99.98 3.0850e+02   1458.708      35010          4  0.000e+00
      3.735      3.698    -0.9908  27.130699    -0.9717  27.152266     8.1123     8.0515     1.4648    87.3267 1.2237e+02  -64.93318  -64.39950 342.814499      99.98 3.0850e+02   1458.750      35011          4  0.000e+00
      3.680      3.644    -0.9863  27.133775    -0.9719  27.151376     8.1033     8.0522     1.4648    87.3267 1.2306e+02  -64.93318  -64.39950 342.814500      99.98 3.0850e+02   1458.792      35012          4  0.000e+00
      3.687      3.651    -0.9829  27.138218    -0.9733  27.149539     8.1033     8.0534     1.4648    87.3525 1.2376e+02  -64.93318  -64.39950 342.814500      99.95 3.0850e+02   1458.833      35013          4  0.000e+00
      3.639      3.603    -0.9779  27.141978    -0.9748  27.148816     8.0953     8.0544     1.4648    87.3267 1.2446e+02  -64.93318  -64.39950 342.814501      99.95 3.0850e+02   1458.875      35014          4  0.000e+00
      3.584      3.549    -0.9741  27.145454    -0.9745  27.150262     8.0904     8.0541     1.4648    87.3267 1.2552e+02  -64.93318  -64.39950 342.814501      99.98 3.0850e+02   1458.917      35015          4  0.000e+00
      3.578      3.543    -0.9714  27.149328    -0.9725  27.152989     8.0808     8.0534     1.4648    87.3267 1.2623e+02  -64.93318  -64.39950 342.814502      99.98 3.0850e+02   1458.958      35016          4  0.000e+00
