NBP2113_155081_ctd/data/nbp2113_051.ros
* Sea-Bird SBE 9 Data File:
* FileName = D:\Data\raw\NBP2113_051.hex
* Software Version Seasave V 7.26.7.121
* Temperature SN = 2438
* Conductivity SN = 2067
* Number of Bytes Per Scan = 40
* Number of Voltage Words = 5
* Number of Scans Averaged by the Deck Unit = 1
* NMEA Latitude = 64 55.61 S
* NMEA Longitude = 064 41.14 W
* NMEA UTC (Time) = Dec 11 2021  14:40:45
* NMEA baud rate = 9600
** Ship: RVIB N.B. Palmer
** Cruise: NBP2113 LTER
** Station: 592.051
** Operator: B. Urmston
# nquan = 20
# nvalues = 1098                                  
# units = specified
# name 0 = prDM: Pressure, Digiquartz [db]
# name 1 = depSM: Depth [salt water, m]
# name 2 = t090C: Temperature [ITS-90, deg C]
# name 3 = c0mS/cm: Conductivity [mS/cm]
# name 4 = t190C: Temperature, 2 [ITS-90, deg C]
# name 5 = c1mS/cm: Conductivity, 2 [mS/cm]
# name 6 = sbeox0ML/L: Oxygen, SBE 43 [ml/l]
# name 7 = sbeox1ML/L: Oxygen, SBE 43, 2 [ml/l]
# name 8 = flECO-AFL: Fluorescence, WET Labs ECO-AFL/FL [mg/m^3]
# name 9 = CStarTr0: Beam Transmission, WET Labs C-Star [%]
# name 10 = par: PAR/Irradiance, Biospherical/Licor
# name 11 = latitude: Latitude [deg]
# name 12 = longitude: Longitude [deg]
# name 13 = timeJ: Julian Days
# name 14 = altM: Altimeter [m]
# name 15 = spar: SPAR, Biospherical/Licor
# name 16 = timeS: Time, Elapsed [seconds]
# name 17 = scan: Scan Count
# name 18 = nbf: Bottles Fired
# name 19 = flag:  0.000e+00
# interval = seconds: 0.0416667
# start_time = Dec 11 2021 14:40:45 [NMEA time, header]
# bad_flag = -9.990e-29
*END*
[from data line 145]
    254.979    252.325     1.1072  29.796825     1.1055  29.794076     4.5409     4.6006    -0.0077    91.3437 1.0000e-12  -64.92682  -64.68512 345.643828      99.98 9.5724e+02   2781.708      66762          3  0.000e+00
    254.917    252.264     1.1068  29.795999     1.1055  29.793672     4.5466     4.5948    -0.0077    91.3437 1.0000e-12  -64.92682  -64.68512 345.643828      99.98 9.5724e+02   2781.750      66763          3  0.000e+00
    252.975    250.343     1.0984  29.785731     1.0974  29.783873     4.5590     4.6155    -0.0150    91.3179 1.0000e-12  -64.92680  -64.68510 345.644090      99.95 9.6253e+02   2804.417      67307          4  0.000e+00
    252.927    250.295     1.0980  29.786498     1.0979  29.784679     4.5527     4.6155    -0.0150    91.3179 1.0000e-12  -64.92680  -64.68510 345.644091      99.98 9.6253e+02   2804.458      67308          4  0.000e+00
    252.975    250.343     1.0984  29.786026     1.0979  29.784679     4.5564     4.6157    -0.0150    91.3437 1.0000e-12  -64.92680  -64.68510 345.644091      99.98 9.6253e+02   2804.500      67309          4  0.000e+00
    252.940    250.309     1.0982  29.785731     1.0979  29.784967     4.5584     4.6104    -0.0150    91.3179 1.0000e-12  -64.92680  -64.68510 345.644092      99.98 9.6253e+02   2804.542      67310          4  0.000e+00
    253.030    250.397     1.0980  29.786262     1.0981  29.784968     4.5591     4.6097    -0.0150    91.3437 1.0000e-12  -64.92680  -64.68510 345.644092      99.95 9.6253e+02   2804.583      67311          4  0.000e+00
    252.975    250.343     1.0979  29.785732     1.0981  29.784334     4.5598     4.6143    -0.0150    91.3437 1.0000e-12  -64.92680  -64.68510 345.644093      99.95 9.6253e+02   2804.625      67312          4  0.000e+00
    252.975    250.343     1.0979  29.785732     1.0979  29.784679     4.5592     4.6144    -0.0150    91.3437 1.0000e-12  -64.92680  -64.68510 345.644093      99.98 9.6253e+02   2804.667      67313          4  0.000e+00
    253.030    250.397     1.0980  29.785673     1.0979  29.784968     4.5542     4.6145    -0.0150    91.3437 1.0000e-12  -64.92680  -64.68510 345.644094      99.98 9.6253e+02   2804.708      67314          4  0.000e+00
    253.078    250.445     1.0976  29.785732     1.0973  29.784968     4.5537     4.6146    -0.0150    91.3437 1.0000e-12  -64.92680  -64.68510 345.644094      99.98 9.6253e+02   2804.750      67315          4  0.000e+00
    253.030    250.397     1.0973  29.785673     1.0973  29.784161     4.5588     4.6145    -0.0150    91.3437 1.0000e-12  -64.92680  -64.68510 345.644095      99.98 9.6253e+02   2804.792      67316          4  0.000e+00
    252.995    250.363     1.0968  29.784906     1.0968  29.783873     4.5583     4.6145    -0.0150    91.3437 1.0000e-12  -64.92680  -64.68510 345.644095      99.98 9.6253e+02   2804.833      67317          4  0.000e+00
    253.133    250.499     1.0967  29.784671     1.0967  29.783816     4.5591     4.6145    -0.0150    91.3437 1.0000e-12  -64.92680  -64.68510 345.644096      99.98 9.6253e+02   2804.875      67318          4  0.000e+00
    253.030    250.397     1.0962  29.784316     1.0967  29.783297     4.5584     4.6143    -0.0150    91.3437 1.0000e-12  -64.92680  -64.68510 345.644096      99.95 9.6253e+02   2804.917      67319          4  0.000e+00
    253.133    250.499     1.0960  29.784081     1.0968  29.783297     4.5592     4.6142    -0.0150    91.3437 1.0000e-12  -64.92680  -64.68510 345.644097      99.98 9.6253e+02   2804.958      67320          4  0.000e+00
    253.133    250.499     1.0957  29.783845     1.0973  29.783585     4.5585     4.6148    -0.0077    91.3437 1.0000e-12  -64.92680  -64.68510 345.644097      99.98 9.6253e+02   2805.000      67321          4  0.000e+00
    253.078    250.445     1.0952  29.783196     1.0975  29.783873     4.5591     4.6145    -0.0077    91.3179 1.0000e-12  -64.92680  -64.68510 345.644098      99.98 9.6253e+02   2805.042      67322          4  0.000e+00
    253.181    250.547     1.0949  29.782961     1.0973  29.784162     4.5598     4.6144    -0.0077    91.3179 1.0000e-12  -64.92680  -64.68510 345.644098      99.95 9.6253e+02   2805.083      67323          4  0.000e+00
    253.147    250.513     1.0946  29.782960     1.0968  29.784046     4.5661     4.6150    -0.0077    91.3437 1.0000e-12  -64.92680  -64.68510 345.644099      99.93 9.6253e+02   2805.125      67324          4  0.000e+00
    253.181    250.547     1.0939  29.782076     1.0965  29.783585     4.5610     4.6148    -0.0077    91.3437 1.0000e-12  -64.92680  -64.68510 345.644099      99.95 9.6253e+02   2805.167      67325          4  0.000e+00
    253.181    250.547     1.0935  29.781604     1.0956  29.783298     4.5616     4.6146    -0.0077    91.3437 1.0000e-12  -64.92680  -64.68510 345.644100      99.98 9.6253e+02   2805.208      67326          4  0.000e+00
    253.181    250.547     1.0933  29.781486     1.0951  29.782779     4.5564     4.6143    -0.0077    91.3437 1.0000e-12  -64.92680  -64.68510 345.644100      99.98 9.6253e+02   2805.250      67327          4  0.000e+00
    253.181    250.547     1.0929  29.781310     1.0943  29.781915     4.5614     4.6140    -0.0077    91.3179 1.0000e-12  -64.92680  -64.68510 345.644101      99.98 9.6253e+02   2805.292      67328          4  0.000e+00
    253.229    250.595     1.0923  29.780484     1.0937  29.781397     4.5620     4.6146    -0.0077    91.3179 1.0000e-12  -64.92680  -64.68510 345.644101      99.98 9.6253e+02   2805.333      67329          4  0.000e+00
    253.229    250.595     1.0917  29.780130     1.0933  29.780763     4.5626     4.6204    -0.0077    91.3179 1.0000e-12  -64.92680  -64.68510 345.644102      99.98 9.6253e+02   2805.375      67330          4  0.000e+00
    253.298    250.663     1.0917  29.779364     1.0931  29.780302     4.5632     4.6164    -0.0077    91.2922 1.0000e-12  -64.92680  -64.68510 345.644102      99.93 9.6253e+02   2805.417      67331          4  0.000e+00
    253.284    250.649     1.0913  29.778833     1.0936  29.779438     4.5638     4.6160    -0.0077    91.3179 1.0000e-12  -64.92680  -64.68510 345.644103      99.95 9.6253e+02   2805.458      67332          4  0.000e+00
    253.284    250.649     1.0912  29.779305     1.0937  29.780302     4.5630     4.6154    -0.0077    91.2922 1.0000e-12  -64.92680  -64.68510 345.644103      99.98 9.6253e+02   2805.500      67333          4  0.000e+00
    253.333    250.697     1.0910  29.778833     1.0939  29.780533     4.5636     4.6149    -0.0077    91.2922 1.0000e-12  -64.92680  -64.68510 345.644103      99.98 9.6253e+02   2805.542      67334          4  0.000e+00
    253.284    250.649     1.0912  29.778833     1.0945  29.780533     4.5640     4.6143    -0.0077    91.2922 1.0000e-12  -64.92680  -64.68510 345.644104      99.98 9.6430e+02   2805.583      67335          4  0.000e+00
    253.333    250.697     1.0910  29.778185     1.0957  29.780475     4.5702     4.6136    -0.0077    91.2922 1.0000e-12  -64.92680  -64.68510 345.644104      99.93 9.6430e+02   2805.625      67336          4  0.000e+00
    253.353    250.717     1.0910  29.778833     1.0962  29.781627     4.5649     4.6138    -0.0077    91.3179 1.0000e-12  -64.92680  -64.68510 345.644105      99.95 9.6430e+02   2805.667      67337          4  0.000e+00
    253.388    250.751     1.0910  29.778716     1.0963  29.782780     4.5653     4.6131    -0.0077    91.3179 1.0000e-12  -64.92680  -64.68510 345.644105      99.98 9.6430e+02   2805.708      67338          4  0.000e+00
    253.388    250.751     1.0910  29.778833     1.0967  29.783298     4.5600     4.6133    -0.0077    91.3179 1.0000e-12  -64.92680  -64.68510 345.644106      99.98 9.6430e+02   2805.750      67339          4  0.000e+00
    253.388    250.751     1.0913  29.778539     1.0963  29.783010     4.5635     4.6135    -0.0077    91.2922 1.0000e-12  -64.92680  -64.68510 345.644106      99.98 9.6430e+02   2805.792      67340          4  0.000e+00
    253.436    250.799     1.0927  29.779010     1.0969  29.783586     4.5624     4.6137    -0.0077    91.3179 1.0000e-12  -64.92680  -64.68510 345.644107      99.98 9.6430e+02   2805.833      67341          4  0.000e+00
    253.436    250.799     1.0935  29.779659     1.0968  29.783529     4.5626     4.6130    -0.0077    91.3179 1.0000e-12  -64.92680  -64.68510 345.644107      99.98 9.6430e+02   2805.875      67342          4  0.000e+00
    253.388    250.751     1.0939  29.780779     1.0972  29.783874     4.5628     4.6131    -0.0077    91.3179 1.0000e-12  -64.92680  -64.68510 345.644108      99.98 9.6430e+02   2805.917      67343          4  0.000e+00
    253.553    250.914     1.0939  29.781782     1.0962  29.784163     4.5618     4.6126    -0.0077    91.3179 1.0000e-12  -64.92680  -64.68510 345.644108      99.98 9.6430e+02   2805.958      67344          4  0.000e+00
    253.491    250.853     1.0943  29.781900     1.0946  29.783875     4.5607     4.6129    -0.0077    91.3179 1.0000e-12  -64.92680  -64.68510 345.644109      99.98 9.6430e+02   2806.000      67345          4  0.000e+00
    253.539    250.901     1.0947  29.782372     1.0939  29.781628     4.5609     4.6124    -0.0077    91.2922 1.0000e-12  -64.92680  -64.68510 345.644109      99.98 9.6430e+02   2806.042      67346          4  0.000e+00
    253.539    250.901     1.0949  29.782431     1.0937  29.781110     4.5554     4.6117    -0.0004    91.3179 1.0000e-12  -64.92680  -64.68510 345.644110      99.93 9.6430e+02   2806.083      67347          4  0.000e+00
    253.539    250.901     1.0949  29.782726     1.0937  29.780476     4.5600     4.6109    -0.0004    91.2922 1.0000e-12  -64.92680  -64.68510 345.644110      99.95 9.6430e+02   2806.125      67348          4  0.000e+00
    253.539    250.901     1.0949  29.783197     1.0939  29.780533     4.5603     4.6109    -0.0004    91.3179 1.0000e-12  -64.92680  -64.68510 345.644111      99.98 9.6430e+02   2806.167      67349          4  0.000e+00
    253.608    250.969     1.0946  29.782962     1.0939  29.780822     4.5606     4.6110    -0.0004    91.3179 1.0000e-12  -64.92680  -64.68510 345.644111      99.98 9.6430e+02   2806.208      67350          4  0.000e+00
    253.587    250.949     1.0941  29.783257     1.0942  29.780822     4.5553     4.6110    -0.0004    91.3179 1.0000e-12  -64.92680  -64.68510 345.644112      99.98 9.6430e+02   2806.250      67351          4  0.000e+00
    253.587    250.949     1.0935  29.782077     1.0942  29.781110     4.5601     4.6163    -0.0004    91.3437 1.0000e-12  -64.92680  -64.68510 345.644112      99.98 9.6430e+02   2806.292      67352          4  0.000e+00
    253.642    251.003     1.0930  29.781311     1.0942  29.780822     4.5592     4.6119    -0.0004    91.3437 1.0000e-12  -64.92680  -64.68510 345.644113      99.98 9.6430e+02   2806.333      67353          4  0.000e+00
    253.690    251.051     1.0924  29.780662     1.0945  29.781340     4.5596     4.6118    -0.0004    91.3437 1.0000e-12  -64.92680  -64.68510 345.644113      99.98 9.6430e+02   2806.375      67354          4  0.000e+00
    253.642    251.003     1.0926  29.780485     1.0942  29.781628     4.5541     4.6118    -0.0004    91.3179 1.0000e-12  -64.92680  -64.68510 345.644114      99.95 9.6430e+02   2806.417      67355          4  0.000e+00
    151.497    149.957     0.7094  29.327507     0.7088  29.326254     5.1423     5.1825     0.0289    91.0862 6.9319e-03  -64.92674  -64.68494 345.646559      99.98 1.0066e+03   3017.667      72425          5  0.000e+00
    151.456    149.917     0.7094  29.328386     0.7089  29.326254     5.1464     5.1820     0.0289    91.0862 6.9319e-03  -64.92674  -64.68494 345.646559      99.98 1.0084e+03   3017.708      72426          5  0.000e+00
    151.545    150.005     0.7097  29.328152     0.7090  29.326026     5.1463     5.1816     0.0289    91.0862 6.9319e-03  -64.92674  -64.68494 345.646560      99.98 1.0066e+03   3017.750      72427          5  0.000e+00
    151.442    149.903     0.7097  29.328093     0.7086  29.326254     5.1416     5.1810     0.0289    91.0862 8.8352e-03  -64.92674  -64.68494 345.646560      99.98 1.0084e+03   3017.792      72428          5  0.000e+00
    151.497    149.957     0.7094  29.328386     0.7087  29.325739     5.1402     5.1805     0.0289    91.0862 6.9319e-03  -64.92674  -64.68494 345.646561      99.98 1.0084e+03   3017.833      72429          5  0.000e+00
    151.456    149.917     0.7096  29.328093     0.7087  29.326254     5.1443     5.1799     0.0289    91.0862 8.8352e-03  -64.92674  -64.68494 345.646561      99.98 1.0066e+03   3017.875      72430          5  0.000e+00
    151.497    149.958     0.7096  29.328386     0.7086  29.326255     5.1441     5.1740     0.0289    91.0862 6.9319e-03  -64.92674  -64.68494 345.646562      99.95 1.0066e+03   3017.917      72431          5  0.000e+00
    151.497    149.958     0.7094  29.328152     0.7083  29.325395     5.1395     5.1780     0.0289    91.0862 6.9319e-03  -64.92674  -64.68494 345.646562      99.95 1.0066e+03   3017.958      72432          5  0.000e+00
    151.442    149.903     0.7092  29.328327     0.7084  29.326025     5.1379     5.1781     0.0289    91.0862 6.9319e-03  -64.92674  -64.68494 345.646563      99.98 1.0066e+03   3018.000      72433          5  0.000e+00
    151.511    149.971     0.7092  29.328386     0.7086  29.326025     5.1420     5.1775     0.0289    91.0862 6.9319e-03  -64.92674  -64.68494 345.646563      99.98 1.0084e+03   3018.042      72434          5  0.000e+00
    151.497    149.958     0.7089  29.328152     0.7085  29.325739     5.1417     5.1768     0.0289    91.0862 6.9319e-03  -64.92674  -64.68494 345.646563      99.95 1.0084e+03   3018.083      72435          5  0.000e+00
    151.442    149.903     0.7094  29.328327     0.7087  29.326541     5.1356     5.1760     0.0289    91.0862 6.9319e-03  -64.92674  -64.68494 345.646564      99.93 1.0084e+03   3018.125      72436          5  0.000e+00
    151.497    149.958     0.7094  29.328386     0.7089  29.326025     5.1354     5.1762     0.0289    91.0862 6.9319e-03  -64.92674  -64.68494 345.646564      99.98 1.0084e+03   3018.167      72437          5  0.000e+00
    151.408    149.869     0.7097  29.328327     0.7089  29.326541     5.1393     5.1762     0.0289    91.0862 6.9319e-03  -64.92674  -64.68494 345.646565      99.98 1.0084e+03   3018.208      72438          5  0.000e+00
    151.497    149.958     0.7096  29.328679     0.7090  29.326025     5.1334     5.1763     0.0289    91.0862 6.9319e-03  -64.92674  -64.68494 345.646565      99.98 1.0084e+03   3018.250      72439          5  0.000e+00
    151.442    149.903     0.7097  29.328972     0.7090  29.326770     5.1273     5.1764     0.0289    91.0862 6.9319e-03  -64.92674  -64.68494 345.646566      99.98 1.0084e+03   3018.292      72440          5  0.000e+00
    151.442    149.903     0.7099  29.328914     0.7089  29.326827     5.1245     5.1765     0.0289    91.0862 8.8352e-03  -64.92674  -64.68494 345.646566      99.98 1.0084e+03   3018.333      72441          5  0.000e+00
    151.456    149.917     0.7103  29.328679     0.7089  29.326254     5.1273     5.1766     0.0289    91.0862 6.9319e-03  -64.92674  -64.68494 345.646567      99.98 1.0084e+03   3018.375      72442          5  0.000e+00
    151.442    149.903     0.7100  29.329207     0.7090  29.326541     5.1245     5.1758     0.0289    91.0862 6.9319e-03  -64.92674  -64.68494 345.646567      99.95 1.0084e+03   3018.417      72443          5  0.000e+00
    151.442    149.904     0.7102  29.329148     0.7089  29.327113     5.1243     5.1759     0.0289    91.0604 8.8352e-03  -64.92674  -64.68494 345.646568      99.98 1.0084e+03   3018.458      72444          5  0.000e+00
    151.442    149.904     0.7105  29.328679     0.7088  29.326541     5.1185     5.1760     0.0216    91.0604 6.9319e-03  -64.92674  -64.68494 345.646568      99.98 1.0084e+03   3018.500      72445          5  0.000e+00
