NBP2113_155081_ctd/data/nbp2113_062.ros
* Sea-Bird SBE 9 Data File:
* FileName = D:\Data\raw\NBP2113_062.hex
* Software Version Seasave V 7.26.7.121
* Temperature SN = 2438
* Conductivity SN = 2067
* Number of Bytes Per Scan = 40
* Number of Voltage Words = 5
* Number of Scans Averaged by the Deck Unit = 1
* NMEA Latitude = 64 46.58 S
* NMEA Longitude = 063 03.86 W
* NMEA UTC (Time) = Dec 14 2021  03:19:35
* NMEA baud rate = 9600
** Ship: RVIB N.B. Palmer
** Cruise: NBP2113 LTER
** Station: 654.003
** Operator: B. Urmston
# nquan = 20
# nvalues = 586                                   
# units = specified
# name 0 = prDM: Pressure, Digiquartz [db]
# name 1 = depSM: Depth [salt water, m]
# name 2 = t090C: Temperature [ITS-90, deg C]
# name 3 = c0mS/cm: Conductivity [mS/cm]
# name 4 = t190C: Temperature, 2 [ITS-90, deg C]
# name 5 = c1mS/cm: Conductivity, 2 [mS/cm]
# name 6 = sbeox0ML/L: Oxygen, SBE 43 [ml/l]
# name 7 = sbeox1ML/L: Oxygen, SBE 43, 2 [ml/l]
# name 8 = flECO-AFL: Fluorescence, WET Labs ECO-AFL/FL [mg/m^3]
# name 9 = CStarTr0: Beam Transmission, WET Labs C-Star [%]
# name 10 = par: PAR/Irradiance, Biospherical/Licor
# name 11 = latitude: Latitude [deg]
# name 12 = longitude: Longitude [deg]
# name 13 = timeJ: Julian Days
# name 14 = altM: Altimeter [m]
# name 15 = spar: SPAR, Biospherical/Licor
# name 16 = timeS: Time, Elapsed [seconds]
# name 17 = scan: Scan Count
# name 18 = nbf: Bottles Fired
# name 19 = flag:  0.000e+00
# interval = seconds: 0.0416667
# start_time = Dec 14 2021 03:19:35 [NMEA time, header]
# bad_flag = -9.990e-29
*END*
[from data line 507]
      3.030      3.000     0.1416  28.426997     0.1609  28.442163     6.9627     7.0210     1.6113    83.3613 2.2888e+00  -64.77628  -63.06520 348.157169      99.95 0.0000e+00   1604.375      38506         11  0.000e+00
      2.975      2.946     0.1427  28.427519     0.1610  28.441370     6.9561     7.0201     1.6187    83.3613 2.2972e+00  -64.77628  -63.06520 348.157169      99.98 0.0000e+00   1604.417      38507         11  0.000e+00
      3.023      2.993     0.1409  28.427519     0.1637  28.441087     6.9601     7.0196     1.6187    83.3613 2.3139e+00  -64.77628  -63.06520 348.157170      99.98 0.0000e+00   1604.458      38508         11  0.000e+00
      2.975      2.946     0.1418  28.426997     0.1654  28.442955     6.9635     7.0243     1.6187    83.3613 2.3055e+00  -64.77628  -63.06520 348.157170      99.98 0.0000e+00   1604.500      38509         11  0.000e+00
      3.030      3.000     0.1523  28.426765     0.1663  28.444597     6.9552     7.0238     1.6187    83.3613 2.3055e+00  -64.77628  -63.06520 348.157171      99.98 0.0000e+00   1604.542      38510         11  0.000e+00
      3.030      3.000     0.1561  28.430763     0.1646  28.445617     6.9532     7.0245     1.6187    83.3613 2.3139e+00  -64.77628  -63.06520 348.157171      99.98 0.0000e+00   1604.583      38511         11  0.000e+00
      2.968      2.939     0.1532  28.436386     0.1618  28.445617     6.9520     7.0253     1.6187    83.3613 2.3223e+00  -64.77628  -63.06520 348.157172      99.95 0.0000e+00   1604.625      38512         11  0.000e+00
      3.030      3.000     0.1495  28.435865     0.1626  28.444032     6.9513     7.0195     1.6187    83.3613 2.3139e+00  -64.77628  -63.06520 348.157172      99.95 0.0000e+00   1604.667      38513         11  0.000e+00
      3.030      3.000     0.1489  28.432619     0.1654  28.442446     6.9445     7.0186     1.6187    83.3613 2.2972e+00  -64.77628  -63.06520 348.157173      99.98 0.0000e+00   1604.708      38514         11  0.000e+00
      2.975      2.946     0.1501  28.432908     0.1680  28.444314     6.9483     7.0228     1.6187    83.3613 2.2888e+00  -64.77628  -63.06520 348.157173      99.98 0.0000e+00   1604.750      38515         11  0.000e+00
      3.030      3.000     0.1503  28.433720     0.1692  28.446409     6.9480     7.0227     1.6187    83.3613 2.2805e+00  -64.77628  -63.06518 348.157174      99.95 0.0000e+00   1604.792      38516         11  0.000e+00
      2.968      2.939     0.1497  28.433430     0.1695  28.447768     6.9465     7.0226     1.6187    83.3613 2.2888e+00  -64.77628  -63.06518 348.157174      99.93 0.0000e+00   1604.833      38517         11  0.000e+00
      3.030      3.000     0.1495  28.433430     0.1604  28.449128     6.9405     7.0240     1.6187    83.3613 2.3055e+00  -64.77628  -63.06518 348.157174      99.95 0.0000e+00   1604.875      38518         11  0.000e+00
      2.975      2.946     0.1481  28.433198     0.1451  28.444826     6.9446     7.0267     1.6187    83.3613 2.3139e+00  -64.77628  -63.06518 348.157175      99.98 0.0000e+00   1604.917      38519         11  0.000e+00
      2.975      2.946     0.1484  28.432677     0.1354  28.434182     6.9498     7.0288     1.6187    83.3613 2.3223e+00  -64.77628  -63.06518 348.157175      99.98 0.0000e+00   1604.958      38520         11  0.000e+00
      3.023      2.993     0.1506  28.432387     0.1339  28.426709     6.9445     7.0295     1.6187    83.3613 2.3307e+00  -64.77628  -63.06518 348.157176      99.98 0.0000e+00   1605.000      38521         11  0.000e+00
      3.030      3.000     0.1518  28.434763     0.1358  28.424954     6.9436     7.0290     1.6187    83.4385 2.3307e+00  -64.77628  -63.06518 348.157176      99.98 0.0000e+00   1605.042      38522         11  0.000e+00
      2.975      2.946     0.1503  28.436386     0.1402  28.425916     6.9443     7.0279     1.6187    83.5158 2.3392e+00  -64.77628  -63.06518 348.157177      99.98 0.0000e+00   1605.083      38523         11  0.000e+00
      3.030      3.000     0.1486  28.435865     0.1444  28.427275     6.9439     7.0268     1.6187    83.5415 2.3476e+00  -64.77628  -63.06518 348.157177      99.95 0.0000e+00   1605.125      38524         11  0.000e+00
      2.927      2.898     0.1459  28.434532     0.1544  28.428915     6.9436     7.0246     1.6187    83.5415 2.3646e+00  -64.77628  -63.06518 348.157178      99.95 0.0000e+00   1605.167      38525         11  0.000e+00
      3.023      2.993     0.1462  28.433431     0.1599  28.433387     6.9429     7.0283     1.6187    83.5415 2.3732e+00  -64.77628  -63.06518 348.157178      99.98 0.0000e+00   1605.208      38526         11  0.000e+00
      2.975      2.946     0.1503  28.432097     0.1521  28.439786     6.9471     7.0240     1.6187    83.5415 2.3732e+00  -64.77628  -63.06518 348.157179      99.98 0.0000e+00   1605.250      38527         11  0.000e+00
      2.975      2.946     0.1504  28.432677     0.1461  28.439560     6.9474     7.0243     1.6187    83.5415 2.3646e+00  -64.77628  -63.06518 348.157179      99.98 0.0000e+00   1605.292      38528         11  0.000e+00
      3.030      3.000     0.1487  28.435053     0.1451  28.431011     6.9421     7.0243     1.6113    83.5415 2.3646e+00  -64.77628  -63.06518 348.157180      99.93 0.0000e+00   1605.333      38529         11  0.000e+00
      2.968      2.939     0.1546  28.433951     0.1460  28.429369     6.9401     7.0242     1.6187    83.5415 2.3732e+00  -64.77628  -63.06518 348.157180      99.95 0.0000e+00   1605.375      38530         11  0.000e+00
      2.975      2.946     0.1560  28.437197     0.1430  28.430275     6.9441     7.0247     1.6113    83.5415 2.3817e+00  -64.77628  -63.06518 348.157181      99.98 0.0000e+00   1605.417      38531         11  0.000e+00
      3.030      3.000     0.1538  28.440676     0.1339  28.430729     6.9387     7.0261     1.5747    83.5415 2.3561e+00  -64.77628  -63.06518 348.157181      99.98 0.0000e+00   1605.458      38532         11  0.000e+00
      2.975      2.946     0.1503  28.439342     0.1339  28.427502     6.9379     7.0262     1.5600    83.5415 2.3392e+00  -64.77628  -63.06518 348.157182      99.98 0.0000e+00   1605.500      38533         11  0.000e+00
      2.975      2.946     0.1468  28.436097     0.1423  28.424048     6.9386     7.0295     1.5527    83.5415 2.3139e+00  -64.77628  -63.06518 348.157182      99.98 0.0000e+00   1605.542      38534         11  0.000e+00
      3.023      2.993     0.1456  28.432909     0.1506  28.426821     6.9390     7.0286     1.5600    83.5415 2.2972e+00  -64.77628  -63.06518 348.157183      99.98 0.0000e+00   1605.583      38535         11  0.000e+00
      2.975      2.946     0.1518  28.439052     0.1467  28.427331     6.9366     7.0226     1.5600    83.5930 2.2723e+00  -64.77628  -63.06520 348.157188      99.98 0.0000e+00   1606.000      38545         12  0.000e+00
      2.975      2.946     0.1549  28.434241     0.1479  28.429652     6.9328     7.0216     1.5600    83.5930 2.2723e+00  -64.77628  -63.06520 348.157188      99.98 0.0000e+00   1606.042      38546         12  0.000e+00
      2.975      2.946     0.1570  28.434241     0.1472  28.430444     6.9375     7.0263     1.5600    83.5930 2.2723e+00  -64.77628  -63.06520 348.157188      99.98 0.0000e+00   1606.083      38547         12  0.000e+00
      2.968      2.939     0.1607  28.438008     0.1469  28.430501     6.9374     7.0265     1.5600    83.5930 2.2723e+00  -64.77628  -63.06520 348.157189      99.95 0.0000e+00   1606.125      38548         12  0.000e+00
      2.975      2.946     0.1612  28.440675     0.1484  28.429935     6.9391     7.0263     1.5600    83.5930 2.2888e+00  -64.77628  -63.06520 348.157189      99.95 0.0000e+00   1606.167      38549         12  0.000e+00
      2.975      2.946     0.1594  28.442820     0.1518  28.431010     6.9356     7.0256     1.5600    83.5930 2.3139e+00  -64.77628  -63.06520 348.157190      99.95 0.0000e+00   1606.208      38550         12  0.000e+00
      2.975      2.946     0.1593  28.442008     0.1521  28.434237     6.9407     7.0252     1.5600    83.5930 2.3223e+00  -64.77628  -63.06520 348.157190      99.98 0.0000e+00   1606.250      38551         12  0.000e+00
      2.975      2.946     0.1548  28.441487     0.1516  28.434690     6.9421     7.0259     1.5600    83.5930 2.3307e+00  -64.77628  -63.06520 348.157191      99.98 0.0000e+00   1606.292      38552         12  0.000e+00
      3.023      2.993     0.1371  28.440967     0.1518  28.434181     6.9412     7.0212     1.5600    83.5930 2.3307e+00  -64.77628  -63.06520 348.157191      99.93 0.0000e+00   1606.333      38553         12  0.000e+00
      2.927      2.898     0.1270  28.430244     0.1513  28.434520     6.9497     7.0263     1.5600    83.5930 2.3307e+00  -64.77628  -63.06520 348.157192      99.95 0.0000e+00   1606.375      38554         12  0.000e+00
      2.975      2.946     0.1290  28.415408     0.1443  28.433898     6.9567     7.0272     1.5600    83.5930 2.3307e+00  -64.77628  -63.06520 348.157192      99.95 0.0000e+00   1606.417      38555         12  0.000e+00
      3.030      3.000     0.1247  28.410946     0.1359  28.430446     6.9582     7.0285     1.5600    83.5930 2.3392e+00  -64.77628  -63.06520 348.157193      99.98 0.0000e+00   1606.458      38556         12  0.000e+00
      2.920      2.892     0.1263  28.409845     0.1307  28.423370     6.9539     7.0293     1.5527    83.5930 2.3476e+00  -64.77628  -63.06520 348.157193      99.98 0.0000e+00   1606.500      38557         12  0.000e+00
      3.030      3.000     0.1299  28.409034     0.1226  28.420597     6.9608     7.0259     1.5234    83.5930 2.3561e+00  -64.77628  -63.06520 348.157194      99.98 0.0000e+00   1606.542      38558         12  0.000e+00
      2.927      2.898     0.1264  28.413322     0.1152  28.416578     6.9625     7.0269     1.4941    83.5930 2.3476e+00  -64.77628  -63.06520 348.157194      99.98 0.0000e+00   1606.583      38559         12  0.000e+00
      3.030      3.000     0.1174  28.413323     0.1104  28.408372     6.9655     7.0278     1.4868    83.5930 2.3476e+00  -64.77628  -63.06520 348.157195      99.95 0.0000e+00   1606.625      38560         12  0.000e+00
      2.975      2.946     0.1148  28.407644     0.1082  28.402147     6.9619     7.0334     1.4868    83.5930 2.3732e+00  -64.77628  -63.06520 348.157195      99.95 0.0000e+00   1606.667      38561         12  0.000e+00
      2.920      2.892     0.1209  28.401849     0.1086  28.398751     6.9612     7.0330     1.4941    83.5930 2.3903e+00  -64.77628  -63.06520 348.157196      99.95 0.0000e+00   1606.708      38562         12  0.000e+00
      2.975      2.946     0.1248  28.403413     0.1104  28.397676     6.9592     7.0323     1.4868    83.5673 2.3903e+00  -64.77628  -63.06520 348.157196      99.98 0.0000e+00   1606.750      38563         12  0.000e+00
      3.030      3.000     0.1256  28.407469     0.1102  28.399317     6.9587     7.0324     1.4941    83.5673 2.3903e+00  -64.77628  -63.06518 348.157197      99.95 0.0000e+00   1606.792      38564         12  0.000e+00
      2.975      2.946     0.1253  28.407469     0.1096  28.400053     6.9585     7.0326     1.4868    83.5930 2.4076e+00  -64.77628  -63.06518 348.157197      99.93 0.0000e+00   1606.833      38565         12  0.000e+00
      2.968      2.939     0.1260  28.407643     0.1106  28.400109     6.9581     7.0326     1.4868    83.5930 2.4336e+00  -64.77628  -63.06518 348.157198      99.95 0.0000e+00   1606.875      38566         12  0.000e+00
      2.975      2.946     0.1340  28.411467     0.1199  28.399825     6.9549     7.0312     1.4941    83.5930 2.4511e+00  -64.77628  -63.06518 348.157198      99.98 0.0000e+00   1606.917      38567         12  0.000e+00
      2.975      2.946     0.1423  28.417898     0.1297  28.403560     6.9528     7.0294     1.4868    83.5930 2.4336e+00  -64.77628  -63.06518 348.157199      99.98 0.0000e+00   1606.958      38568         12  0.000e+00
      2.975      2.946     0.1391  28.426766     0.1244  28.412616     6.9536     7.0298     1.4941    83.5930 2.3989e+00  -64.77628  -63.06518 348.157199      99.98 0.0000e+00   1607.000      38569         12  0.000e+00
      2.975      2.946     0.1356  28.428099     0.1166  28.413805     6.9592     7.0309     1.4941    83.5930 2.3646e+00  -64.77628  -63.06518 348.157200      99.98 0.0000e+00   1607.042      38570         12  0.000e+00
      3.023      2.993     0.1328  28.422188     0.1162  28.405938     6.9608     7.0315     1.4941    83.5930 2.3307e+00  -64.77628  -63.06518 348.157200      99.98 0.0000e+00   1607.083      38571         12  0.000e+00
      2.975      2.946     0.1295  28.418943     0.1185  28.403561     6.9620     7.0312     1.4941    83.5673 2.3223e+00  -64.77628  -63.06518 348.157201      99.95 0.0000e+00   1607.125      38572         12  0.000e+00
      2.975      2.946     0.1244  28.416277     0.1198  28.404862     6.9578     7.0308     1.4868    83.5673 2.3055e+00  -64.77628  -63.06518 348.157201      99.93 0.0000e+00   1607.167      38573         12  0.000e+00
      2.975      2.946     0.1193  28.414945     0.1166  28.407183     6.9635     7.0310     1.4868    83.5930 2.2972e+00  -64.77628  -63.06518 348.157201      99.95 0.0000e+00   1607.208      38574         12  0.000e+00
      2.968      2.939     0.1225  28.412279     0.1181  28.406504     6.9579     7.0315     1.4868    83.5930 2.2972e+00  -64.77628  -63.06518 348.157202      99.98 0.0000e+00   1607.250      38575         12  0.000e+00
      2.975      2.946     0.1395  28.412277     0.1219  28.406730     6.9555     7.0307     1.4941    83.5673 2.3307e+00  -64.77628  -63.06518 348.157202      99.98 0.0000e+00   1607.292      38576         12  0.000e+00
      3.030      3.000     0.1539  28.422186     0.1214  28.409390     6.9529     7.0305     1.4868    83.5930 2.3903e+00  -64.77628  -63.06518 348.157203      99.95 0.0000e+00   1607.333      38577         12  0.000e+00
      2.975      2.946     0.1602  28.435052     0.1155  28.410918     6.9557     7.0310     1.4941    83.5930 2.4076e+00  -64.77628  -63.06518 348.157203      99.93 0.0000e+00   1607.375      38578         12  0.000e+00
      2.975      2.946     0.1632  28.441022     0.1134  28.407806     6.9493     7.0313     1.4868    83.5673 2.3989e+00  -64.77628  -63.06518 348.157204      99.95 0.0000e+00   1607.417      38579         12  0.000e+00
      3.023      2.993     0.1642  28.443341     0.1180  28.401976     6.9492     7.0307     1.4941    83.5930 2.3732e+00  -64.77628  -63.06518 348.157204      99.98 0.0000e+00   1607.458      38580         12  0.000e+00
      2.975      2.946     0.1647  28.444964     0.1174  28.404636     6.9422     7.0302     1.4941    83.5930 2.3646e+00  -64.77628  -63.06518 348.157205      99.98 0.0000e+00   1607.500      38581         12  0.000e+00
      3.030      3.000     0.1565  28.445487     0.1208  28.408258     6.9467     7.0291     1.4868    83.5930 2.3476e+00  -64.77628  -63.06518 348.157205      99.98 0.0000e+00   1607.542      38582         12  0.000e+00
      2.975      2.946     0.1424  28.443923     0.1211  28.408880     6.9478     7.0294     1.4941    83.5930 2.3307e+00  -64.77628  -63.06518 348.157206      99.98 0.0000e+00   1607.583      38583         12  0.000e+00
      3.023      2.993     0.1291  28.434533     0.1322  28.408879     6.9493     7.0281     1.5161    83.5673 2.3223e+00  -64.77628  -63.06518 348.157206      99.95 0.0000e+00   1607.625      38584         12  0.000e+00
      2.975      2.946     0.1217  28.424333     0.1478  28.411538     6.9497     7.0250     1.5600    83.5673 2.3223e+00  -64.77628  -63.06518 348.157207      99.95 0.0000e+00   1607.667      38585         12  0.000e+00
      3.030      3.000     0.1285  28.416857     0.1524  28.426028     6.9534     7.0176     1.5747    83.5673 2.3139e+00  -64.77628  -63.06518 348.157207      99.98 0.0000e+00   1607.708      38586         12  0.000e+00
