NBP2113_155081_ctd/data/nbp2113_045.ros
* Sea-Bird SBE 9 Data File:
* FileName = D:\Data\raw\NBP2113_045.hex
* Software Version Seasave V 7.26.7.121
* Temperature SN = 2438
* Conductivity SN = 2067
* Number of Bytes Per Scan = 40
* Number of Voltage Words = 5
* Number of Scans Averaged by the Deck Unit = 1
* NMEA Latitude = 64 53.15 S
* NMEA Longitude = 063 45.53 W
* NMEA UTC (Time) = Dec 11 2021  03:56:53
* NMEA baud rate = 9600
** Ship: RVIB N.B. Palmer
** Cruise: NBP2113 LTER
** Station: 624.021
** Operator: B. Urmston
# nquan = 20
# nvalues = 1133                                  
# units = specified
# name 0 = prDM: Pressure, Digiquartz [db]
# name 1 = depSM: Depth [salt water, m]
# name 2 = t090C: Temperature [ITS-90, deg C]
# name 3 = c0mS/cm: Conductivity [mS/cm]
# name 4 = t190C: Temperature, 2 [ITS-90, deg C]
# name 5 = c1mS/cm: Conductivity, 2 [mS/cm]
# name 6 = sbeox0ML/L: Oxygen, SBE 43 [ml/l]
# name 7 = sbeox1ML/L: Oxygen, SBE 43, 2 [ml/l]
# name 8 = flECO-AFL: Fluorescence, WET Labs ECO-AFL/FL [mg/m^3]
# name 9 = CStarTr0: Beam Transmission, WET Labs C-Star [%]
# name 10 = par: PAR/Irradiance, Biospherical/Licor
# name 11 = latitude: Latitude [deg]
# name 12 = longitude: Longitude [deg]
# name 13 = timeJ: Julian Days
# name 14 = altM: Altimeter [m]
# name 15 = spar: SPAR, Biospherical/Licor
# name 16 = timeS: Time, Elapsed [seconds]
# name 17 = scan: Scan Count
# name 18 = nbf: Bottles Fired
# name 19 = flag:  0.000e+00
# interval = seconds: 0.0416667
# start_time = Dec 11 2021 03:56:53 [NMEA time, header]
# bad_flag = -9.990e-29
*END*
[from data line 869]
     50.537     50.035    -0.2565  28.019587    -0.2560  28.034560     7.7857     7.7516     0.7102    88.0735 1.0000e-12  -64.88558  -63.75818 345.193715      99.98 0.0000e+00   2523.958      60576         18  0.000e+00
     50.585     50.083    -0.2535  28.020913    -0.2505  28.029266     7.7957     7.7498     0.7176    88.0735 1.0000e-12  -64.88558  -63.75818 345.193715      99.95 0.0000e+00   2524.000      60577         18  0.000e+00
     50.585     50.083    -0.2545  28.022008    -0.2478  28.026394     7.7957     7.7481     0.7176    88.0735 1.0000e-12  -64.88558  -63.75818 345.193716      99.93 0.0000e+00   2524.042      60578         18  0.000e+00
     50.537     50.035    -0.2565  28.020624    -0.2454  28.025042     7.7913     7.7462     0.7176    88.0477 1.0000e-12  -64.88558  -63.75818 345.193716      99.98 0.0000e+00   2524.083      60579         18  0.000e+00
     50.585     50.083    -0.2572  28.020913    -0.2435  28.028534     7.7964     7.7441     0.7176    88.0735 1.0000e-12  -64.88558  -63.75818 345.193717      99.98 0.0000e+00   2524.125      60580         18  0.000e+00
      5.105      5.055    -0.2178  27.918239    -0.2205  27.915867     8.0493     8.1317     2.0289    84.7002 5.4752e-01  -64.88570  -63.75834 345.194995      99.98 0.0000e+00   2634.583      63231         19  0.000e+00
      5.146      5.096    -0.2171  27.916914    -0.2199  27.914293     8.0482     8.1312     2.0362    84.7002 5.4752e-01  -64.88570  -63.75834 345.194996      99.98 0.0000e+00   2634.625      63232         19  0.000e+00
      5.105      5.055    -0.2164  27.917663    -0.2184  27.913224     8.0526     8.1258     2.0362    84.7002 5.5094e-01  -64.88570  -63.75834 345.194996      99.98 0.0000e+00   2634.667      63233         19  0.000e+00
      5.105      5.055    -0.2172  27.917432    -0.2179  27.912999     8.0472     8.1360     2.0362    84.7002 5.5782e-01  -64.88570  -63.75834 345.194997      99.98 0.0000e+00   2634.708      63234         19  0.000e+00
      5.153      5.103    -0.2166  27.917433    -0.2182  27.913224     8.0448     8.1255     2.0362    84.7260 5.6128e-01  -64.88570  -63.75834 345.194997      99.98 0.0000e+00   2634.750      63235         19  0.000e+00
      5.044      4.994    -0.2149  27.917202    -0.2185  27.914011     8.0447     8.1357     2.0362    84.7002 5.6822e-01  -64.88570  -63.75834 345.194998      99.95 0.0000e+00   2634.792      63236         19  0.000e+00
      5.201      5.150    -0.2141  27.917951    -0.2174  27.914011     8.0451     8.1252     2.0362    84.7002 5.6822e-01  -64.88570  -63.75834 345.194998      99.95 0.0000e+00   2634.833      63237         19  0.000e+00
      5.051      5.001    -0.2128  27.919044    -0.2185  27.914011     8.0452     8.1239     2.0362    84.7260 5.6128e-01  -64.88570  -63.75834 345.194999      99.95 0.0000e+00   2634.875      63238         19  0.000e+00
      5.153      5.103    -0.2109  27.919505    -0.2181  27.914011     8.0442     8.1335     2.0362    84.7002 5.5438e-01  -64.88570  -63.75834 345.194999      99.98 0.0000e+00   2634.917      63239         19  0.000e+00
      5.146      5.096    -0.2089  27.920656    -0.2174  27.914292     8.0431     8.1237     2.0362    84.7002 5.4410e-01  -64.88570  -63.75834 345.195000      99.98 0.0000e+00   2634.958      63240         19  0.000e+00
      5.051      5.001    -0.2083  27.921980    -0.2177  27.914798     8.0492     8.1332     2.0362    84.7002 5.3391e-01  -64.88570  -63.75834 345.195000      99.93 0.0000e+00   2635.000      63241         19  0.000e+00
      5.153      5.103    -0.2088  27.924801    -0.2179  27.915080     8.0442     8.1292     2.0362    84.7260 5.2717e-01  -64.88570  -63.75834 345.195000      99.95 0.0000e+00   2635.042      63242         19  0.000e+00
      5.092      5.042    -0.2085  27.924341    -0.2182  27.914798     8.0450     8.1233     2.0289    84.7002 5.1712e-01  -64.88570  -63.75834 345.195001      99.98 0.0000e+00   2635.083      63243         19  0.000e+00
      5.105      5.055    -0.2084  27.923995    -0.2187  27.914573     8.0390     8.1277     2.0362    84.7002 5.1379e-01  -64.88570  -63.75834 345.195001      99.98 0.0000e+00   2635.125      63244         19  0.000e+00
      5.105      5.055    -0.2110  27.923535    -0.2189  27.914573     8.0436     8.1327     2.0362    84.7002 5.0716e-01  -64.88570  -63.75834 345.195002      99.98 0.0000e+00   2635.167      63245         19  0.000e+00
      5.153      5.103    -0.2125  27.923996    -0.2193  27.914011     8.0437     8.1216     2.0362    84.7002 5.0056e-01  -64.88570  -63.75834 345.195002      99.98 0.0000e+00   2635.208      63246         19  0.000e+00
      5.092      5.042    -0.2131  27.922729    -0.2196  27.913730     8.0450     8.1321     2.0362    84.7002 4.9728e-01  -64.88570  -63.75834 345.195003      99.98 0.0000e+00   2635.250      63247         19  0.000e+00
      5.105      5.055    -0.2105  27.921980    -0.2151  27.913224     8.0503     8.1254     2.0362    84.7260 4.9728e-01  -64.88570  -63.75834 345.195003      99.98 0.0000e+00   2635.292      63248         19  0.000e+00
      5.105      5.055    -0.2105  27.921635    -0.2109  27.913504     8.0516     8.1196     2.0362    84.7260 4.9400e-01  -64.88570  -63.75834 345.195004      99.95 0.0000e+00   2635.333      63249         19  0.000e+00
      5.105      5.055    -0.2118  27.921692    -0.2138  27.915360     8.0517     8.1296     2.0362    84.7260 4.8748e-01  -64.88570  -63.75834 345.195004      99.95 0.0000e+00   2635.375      63250         19  0.000e+00
      5.092      5.042    -0.2130  27.921405    -0.2163  27.914798     8.0488     8.1206     2.0362    84.7517 4.8424e-01  -64.88570  -63.75834 345.195005      99.98 0.0000e+00   2635.417      63251         19  0.000e+00
      5.105      5.055    -0.2122  27.920368    -0.2175  27.914798     8.0558     8.1205     2.0362    84.7775 4.7777e-01  -64.88570  -63.75834 345.195005      99.98 0.0000e+00   2635.458      63252         19  0.000e+00
      5.105      5.055    -0.2112  27.921117    -0.2175  27.914011     8.0583     8.1311     2.0289    84.7775 4.7777e-01  -64.88570  -63.75834 345.195006      99.95 0.0000e+00   2635.500      63253         19  0.000e+00
      5.092      5.042    -0.2122  27.921980    -0.2159  27.914292     8.0541     8.1214     2.0362    84.7775 4.7455e-01  -64.88570  -63.75834 345.195006      99.93 0.0000e+00   2635.542      63254         19  0.000e+00
      5.105      5.055    -0.2128  27.921923    -0.2158  27.914573     8.0544     8.1203     2.1535    84.7775 4.6814e-01  -64.88570  -63.75834 345.195007      99.98 0.0000e+00   2635.583      63255         19  0.000e+00
      5.051      5.001    -0.2126  27.920656    -0.2151  27.914798     8.0603     8.1308     2.2340    84.7775 4.6494e-01  -64.88570  -63.75834 345.195007      99.98 0.0000e+00   2635.625      63256         19  0.000e+00
      5.105      5.055    -0.2122  27.920368    -0.2149  27.915866     8.0619     8.1206     2.2414    84.7775 4.6176e-01  -64.88570  -63.75834 345.195008      99.98 0.0000e+00   2635.667      63257         19  0.000e+00
      5.146      5.096    -0.2112  27.920599    -0.2145  27.916373     8.0619     8.1312     2.2414    84.7775 4.5542e-01  -64.88570  -63.75834 345.195008      99.98 0.0000e+00   2635.708      63258         19  0.000e+00
      5.051      5.001    -0.2084  27.920886    -0.2133  27.916934     8.0570     8.1207     2.2340    84.7775 4.5226e-01  -64.88570  -63.75834 345.195009      99.98 0.0000e+00   2635.750      63259         19  0.000e+00
      5.105      5.055    -0.2075  27.922153    -0.2129  27.917947     8.0570     8.1206     2.2340    84.7775 4.4597e-01  -64.88570  -63.75834 345.195009      99.98 0.0000e+00   2635.792      63260         19  0.000e+00
      5.105      5.055    -0.2083  27.923016    -0.2135  27.917947     8.0617     8.1315     2.2340    84.7775 4.4284e-01  -64.88570  -63.75834 345.195010      99.95 0.0000e+00   2635.833      63261         19  0.000e+00
      5.092      5.042    -0.2084  27.923765    -0.2134  27.917947     8.0618     8.1269     2.2414    84.7775 4.3972e-01  -64.88570  -63.75834 345.195010      99.98 0.0000e+00   2635.875      63262         19  0.000e+00
      5.105      5.055    -0.2091  27.923304    -0.2129  27.917441     8.0635     8.1322     2.2340    84.7775 4.3972e-01  -64.88570  -63.75834 345.195011      99.98 0.0000e+00   2635.917      63263         19  0.000e+00
      5.051      5.001    -0.2092  27.923477    -0.2129  27.917947     8.0649     8.1221     2.2340    84.7775 4.4597e-01  -64.88570  -63.75834 345.195011      99.98 0.0000e+00   2635.958      63264         19  0.000e+00
      5.051      5.001    -0.2089  27.923534    -0.2120  27.918509     8.0649     8.1327     2.2414    84.7775 4.5226e-01  -64.88570  -63.75834 345.195012      99.95 0.0000e+00   2636.000      63265         19  0.000e+00
      5.147      5.096    -0.2092  27.923535    -0.2109  27.919521     8.0652     8.1279     2.2340    84.7775 4.5226e-01  -64.88570  -63.75834 345.195012      99.93 0.0000e+00   2636.042      63266         19  0.000e+00
      5.051      5.001    -0.2101  27.923477    -0.2088  27.920027     8.0609     8.1228     2.2340    84.7775 4.5542e-01  -64.88570  -63.75834 345.195013      99.95 0.0000e+00   2636.083      63267         19  0.000e+00
      5.105      5.055    -0.2097  27.922498    -0.2080  27.920589     8.0725     8.1327     2.2414    84.7775 4.5542e-01  -64.88570  -63.75834 345.195013      99.98 0.0000e+00   2636.125      63268         19  0.000e+00
      5.092      5.042    -0.2071  27.922153    -0.2077  27.921601     8.0676     8.1234     2.2414    84.7775 4.5542e-01  -64.88570  -63.75834 345.195014      99.98 0.0000e+00   2636.167      63269         19  0.000e+00
      5.105      5.055    -0.2059  27.922210    -0.2078  27.922164     8.0744     8.1235     2.2340    84.7775 4.5542e-01  -64.88570  -63.75834 345.195014      99.98 0.0000e+00   2636.208      63270         20  0.000e+00
      5.105      5.055    -0.2068  27.923247    -0.2103  27.922445     8.0713     8.1341     2.2340    84.8805 4.5858e-01  -64.88570  -63.75834 345.195014      99.98 0.0000e+00   2636.250      63271         20  0.000e+00
      5.105      5.055    -0.2072  27.923534    -0.2119  27.921602     8.0727     8.1254     2.2340    84.9062 4.5858e-01  -64.88570  -63.75834 345.195015      99.98 0.0000e+00   2636.292      63272         20  0.000e+00
      5.044      4.994    -0.2073  27.924801    -0.2122  27.920589     8.0667     8.1356     2.2340    84.9320 4.6176e-01  -64.88570  -63.75834 345.195015      99.95 0.0000e+00   2636.333      63273         20  0.000e+00
      5.153      5.103    -0.2074  27.925435    -0.2120  27.919015     8.0724     8.1269     2.2340    84.9320 4.6494e-01  -64.88570  -63.75834 345.195016      99.95 0.0000e+00   2636.375      63274         20  0.000e+00
      5.051      5.001    -0.2074  27.924628    -0.2111  27.917946     8.0807     8.1306     2.2340    84.9062 4.6814e-01  -64.88570  -63.75834 345.195016      99.98 0.0000e+00   2636.417      63275         20  0.000e+00
      5.106      5.055    -0.2084  27.923247    -0.2112  27.917722     8.0766     8.1317     2.2414    84.9062 4.6814e-01  -64.88570  -63.75834 345.195017      99.98 0.0000e+00   2636.458      63276         20  0.000e+00
      5.092      5.042    -0.2086  27.922210    -0.2129  27.917666     8.0765     8.1314     2.2340    84.9320 4.7134e-01  -64.88570  -63.75834 345.195017      99.93 0.0000e+00   2636.500      63277         20  0.000e+00
      5.106      5.055    -0.2099  27.921923    -0.2137  27.917722     8.0779     8.1317     2.2414    84.9062 4.7455e-01  -64.88570  -63.75834 345.195018      99.95 0.0000e+00   2636.542      63278         20  0.000e+00
      5.106      5.055    -0.2109  27.921980    -0.2143  27.917160     8.0836     8.1266     2.2414    84.9062 4.7777e-01  -64.88570  -63.75834 345.195018      99.95 0.0000e+00   2636.583      63279         20  0.000e+00
      5.092      5.042    -0.2102  27.921635    -0.2137  27.917160     8.0787     8.1367     2.2340    84.9062 4.8424e-01  -64.88570  -63.75834 345.195019      99.98 0.0000e+00   2636.625      63280         20  0.000e+00
      5.106      5.055    -0.2103  27.922210    -0.2103  27.918734     8.0783     8.1316     2.3146    84.9062 4.8748e-01  -64.88570  -63.75834 345.195019      99.98 0.0000e+00   2636.667      63281         20  0.000e+00
      5.153      5.103    -0.2097  27.925320    -0.2003  27.923963     8.0733     8.1340     2.4245    84.9062 4.9400e-01  -64.88570  -63.75834 345.195020      99.98 0.0000e+00   2636.708      63282         20  0.000e+00
      5.106      5.055    -0.2102  27.926183    -0.1900  27.930316     8.0830     8.1280     2.4538    84.9320 4.9728e-01  -64.88570  -63.75834 345.195020      99.98 0.0000e+00   2636.750      63283         20  0.000e+00
      5.092      5.042    -0.2126  27.925953    -0.1852  27.934478     8.0785     8.1314     2.4465    84.9062 5.0386e-01  -64.88570  -63.75834 345.195021      99.98 0.0000e+00   2636.792      63284         20  0.000e+00
      5.106      5.055    -0.2144  27.925320    -0.1923  27.933691     8.0784     8.1346     2.4465    84.9062 5.0716e-01  -64.88570  -63.75834 345.195021      99.95 0.0000e+00   2636.833      63285         20  0.000e+00
      5.153      5.103    -0.2152  27.923535    -0.1995  27.932623     8.0781     8.1307     2.4465    84.9320 5.1047e-01  -64.88570  -63.75834 345.195022      99.98 0.0000e+00   2636.875      63286         20  0.000e+00
      5.153      5.103    -0.2155  27.923478    -0.2057  27.930824     8.0833     8.1366     2.4465    84.9062 5.1379e-01  -64.88570  -63.75834 345.195022      99.98 0.0000e+00   2636.917      63287         20  0.000e+00
      5.092      5.042    -0.2156  27.923305    -0.2094  27.928181     8.0780     8.1337     2.4465    84.9320 5.1379e-01  -64.88570  -63.75834 345.195023      99.98 0.0000e+00   2636.958      63288         20  0.000e+00
      5.106      5.056    -0.2160  27.923478    -0.2063  27.926325     8.0773     8.1324     2.4465    84.9062 5.1712e-01  -64.88570  -63.75834 345.195023      99.95 0.0000e+00   2637.000      63289         20  0.000e+00
      5.153      5.103    -0.2160  27.922729    -0.2047  27.925538     8.0722     8.1330     2.4465    84.9062 5.2046e-01  -64.88570  -63.75834 345.195024      99.93 0.0000e+00   2637.042      63290         20  0.000e+00
      5.147      5.096    -0.2155  27.921405    -0.2037  27.925313     8.0758     8.1329     2.4465    84.8290 5.2046e-01  -64.88570  -63.75834 345.195024      99.98 0.0000e+00   2637.083      63291         20  0.000e+00
      5.153      5.103    -0.2145  27.920656    -0.2045  27.926325     8.0748     8.1321     2.4465    84.7517 5.2381e-01  -64.88570  -63.75834 345.195025      99.98 0.0000e+00   2637.125      63292         20  0.000e+00
      5.106      5.056    -0.2146  27.920081    -0.2072  27.926887     8.0725     8.1379     2.4392    84.7260 5.2717e-01  -64.88570  -63.75834 345.195025      99.98 0.0000e+00   2637.167      63293         20  0.000e+00
      5.154      5.103    -0.2145  27.920311    -0.2100  27.927675     8.0715     8.1346     2.4465    84.7260 5.2717e-01  -64.88570  -63.75834 345.195026      99.98 0.0000e+00   2637.208      63294         20  0.000e+00
      5.147      5.096    -0.2142  27.920081    -0.2114  27.926607     8.0761     8.1394     2.4465    84.7260 5.2717e-01  -64.88570  -63.75834 345.195026      99.98 0.0000e+00   2637.250      63295         20  0.000e+00
      5.154      5.103    -0.2151  27.920829    -0.2116  27.925032     8.0763     8.1358     2.4465    84.7260 5.2381e-01  -64.88570  -63.75834 345.195027      99.98 0.0000e+00   2637.292      63296         20  0.000e+00
      5.154      5.103    -0.2156  27.919851    -0.2120  27.925538     8.0836     8.1412     2.4465    84.7260 5.2381e-01  -64.88570  -63.75834 345.195027      99.93 0.0000e+00   2637.333      63297         20  0.000e+00
