NBP2113_155081_ctd/data/nbp2113_065.cnv
* Sea-Bird SBE 9 Data File:
* FileName = D:\Data\raw\NBP2113_065.hex
* Software Version Seasave V 7.26.7.121
* Temperature SN = 2438
* Conductivity SN = 2067
* Number of Bytes Per Scan = 40
* Number of Voltage Words = 5
* Number of Scans Averaged by the Deck Unit = 1
* NMEA Latitude = 64 10.49 S
* NMEA Longitude = 061 56.61 W
* NMEA UTC (Time) = Dec 14 2021  14:58:16
* NMEA baud rate = 9600
** Ship: RVIB N.B. Palmer
** Cruise: NBP2113 LTER
** Station: 741.005
** Operator: B. Urmston
# nquan = 25
# nvalues = 1339                        
# units = specified
# name 0 = prDM: Pressure, Digiquartz [db]
# name 1 = depSM: Depth [salt water, m]
# name 2 = t090C: Temperature [ITS-90, deg C]
# name 3 = c0mS/cm: Conductivity [mS/cm]
# name 4 = t190C: Temperature, 2 [ITS-90, deg C]
# name 5 = c1mS/cm: Conductivity, 2 [mS/cm]
# name 6 = sbeox0ML/L: Oxygen, SBE 43 [ml/l]
# name 7 = sbeox1ML/L: Oxygen, SBE 43, 2 [ml/l]
# name 8 = flECO-AFL: Fluorescence, WET Labs ECO-AFL/FL [mg/m^3]
# name 9 = CStarTr0: Beam Transmission, WET Labs C-Star [%]
# name 10 = par: PAR/Irradiance, Biospherical/Licor
# name 11 = latitude: Latitude [deg]
# name 12 = longitude: Longitude [deg]
# name 13 = timeJ: Julian Days
# name 14 = altM: Altimeter [m]
# name 15 = spar: SPAR, Biospherical/Licor
# name 16 = timeS: Time, Elapsed [seconds]
# name 17 = scan: Scan Count
# name 18 = density00: Density [density, kg/m^3]
# name 19 = density11: Density, 2 [density, kg/m^3]
# name 20 = sal00: Salinity, Practical [PSU]
# name 21 = sal11: Salinity, Practical, 2 [PSU]
# name 22 = oxsolML/L: Oxygen Saturation, Garcia & Gordon [ml/l]
# name 23 = nbin: number of scans per bin
# name 24 = flag: flag
# span 0 =      1.000,    672.000       
# span 1 =      0.991,    664.374       
# span 2 =    -0.6483,     0.4539       
# span 3 =  28.425707,  29.126307       
# span 4 =    -0.6485,     0.4538       
# span 5 =  28.424814,  29.124899       
# span 6 =     5.2592,    20.6485       
# span 7 =     5.3832,     7.5813       
# span 8 =    -0.0298,     1.3733       
# span 9 =    83.5157,    89.7301       
# span 10 = 1.0000e-12, 6.9565e+02      
# span 11 =  -64.17472,  -64.17414      
# span 12 =  -61.94314,  -61.94192      
# span 13 = 348.626801, 348.648197      
# span 14 =       9.52,      99.97      
# span 15 = 4.8127e+02, 7.1198e+02      
# span 16 =    259.583,   2108.263      
# span 17 =       6231,      50599      
# span 18 =  1027.3291,  1030.9535      
# span 19 =  1027.3279,  1030.9522      
# span 20 =    34.0527,    34.5358      
# span 21 =    34.0512,    34.5343      
# span 22 =    7.94530,    8.17435      
# span 23 =         11,         53      
# span 24 = 0.0000e+00, 0.0000e+00      
# interval = decibars: 1                
# start_time = Dec 14 2021 14:58:16 [NMEA time, header]
# bad_flag = -9.990e-29
*END*
[from data line 522]
    527.000    521.202    -0.5380  28.468342    -0.5387  28.466785     5.9894     6.0502    -0.0219    89.7185 1.0000e-12  -64.17456  -61.94278 348.635826      99.97 5.3239e+02   1039.376      24946  1030.2618  1030.2609    34.5328    34.5316    8.15060         28 0.0000e+00
    528.000    522.189    -0.5379  28.468947    -0.5393  28.466663     5.9800     6.0479    -0.0169    89.7086 1.0000e-12  -64.17456  -61.94278 348.635839      99.97 5.3239e+02   1040.521      24973  1030.2666  1030.2656    34.5329    34.5315    8.15056         28 0.0000e+00
    529.000    523.177    -0.5391  28.468444    -0.5394  28.467131     5.9854     6.0537    -0.0263    89.7143 1.0000e-12  -64.17456  -61.94278 348.635853      99.97 5.3239e+02   1041.699      25002  1030.2715  1030.2704    34.5330    34.5316    8.15082         29 0.0000e+00
    530.000    524.165    -0.5412  28.467002    -0.5415  28.465733     5.9941     6.0456    -0.0227    89.7120 1.0000e-12  -64.17456  -61.94278 348.635867      99.97 5.3239e+02   1042.930      25031  1030.2763  1030.2752    34.5328    34.5315    8.15128         30 0.0000e+00
    531.000    525.152    -0.5416  28.466973    -0.5419  28.465726     5.9916     6.0473    -0.0224    89.6941 1.0000e-12  -64.17456  -61.94278 348.635881      99.97 5.3239e+02   1044.155      25061  1030.2809  1030.2799    34.5327    34.5314    8.15138         29 0.0000e+00
    532.000    526.139    -0.5419  28.467154    -0.5420  28.466069     6.0000     6.0508    -0.0208    89.7111 1.0000e-12  -64.17456  -61.94276 348.635895      99.97 5.3239e+02   1045.342      25089  1030.2857  1030.2846    34.5327    34.5313    8.15145         28 0.0000e+00
    533.000    527.128    -0.5427  28.467066    -0.5435  28.465497     5.9979     6.0548    -0.0164    89.6986 1.0000e-12  -64.17456  -61.94277 348.635909      99.97 5.3239e+02   1046.506      25117  1030.2907  1030.2897    34.5329    34.5317    8.15161         28 0.0000e+00
    534.000    528.115    -0.5456  28.464947    -0.5482  28.461538     5.9959     6.0539    -0.0224    89.7292 1.0000e-12  -64.17456  -61.94276 348.635922      99.97 5.3239e+02   1047.671      25145  1030.2954  1030.2943    34.5327    34.5310    8.15224         27 0.0000e+00
    535.000    529.103    -0.5485  28.462825    -0.5485  28.461631     5.9928     6.0545    -0.0246    89.7222 1.0000e-12  -64.17456  -61.94276 348.635936      99.97 5.3239e+02   1048.859      25174  1030.3002  1030.2989    34.5325    34.5309    8.15287         30 0.0000e+00
    536.000    530.090    -0.5489  28.462908    -0.5485  28.462190     5.9926     6.0559    -0.0297    89.7291 1.0000e-12  -64.17456  -61.94276 348.635950      99.97 5.3239e+02   1050.105      25204  1030.3049  1030.3038    34.5325    34.5311    8.15296         30 0.0000e+00
    537.000    531.079    -0.5477  28.464155    -0.5483  28.462710     5.9894     6.0585    -0.0244    89.7231 1.0000e-12  -64.17456  -61.94276 348.635965      99.97 5.3239e+02   1051.342      25233  1030.3094  1030.3083    34.5322    34.5309    8.15272         29 0.0000e+00
    538.000    532.066    -0.5464  28.465925    -0.5478  28.463664     5.9904     6.0574    -0.0170    89.6981 1.0000e-12  -64.17456  -61.94275 348.635978      99.97 5.3239e+02   1052.537      25262  1030.3141  1030.3131    34.5325    34.5311    8.15242         28 0.0000e+00
    539.000    533.054    -0.5467  28.466042    -0.5468  28.464812     5.9904     6.0537    -0.0206    89.7003 1.0000e-12  -64.17456  -61.94275 348.635992      99.97 5.3239e+02   1053.696      25290  1030.3188  1030.3176    34.5324    34.5309    8.15249         28 0.0000e+00
    540.000    534.041    -0.5451  28.467854    -0.5458  28.466345     5.9931     6.0601    -0.0224    89.6698 1.0000e-12  -64.17456  -61.94275 348.636005      99.97 5.3239e+02   1054.836      25317  1030.3234  1030.3225    34.5325    34.5312    8.15215         27 0.0000e+00
    541.000    535.030    -0.5541  28.461024    -0.5552  28.458990     5.9992     6.0613    -0.0224    89.6385 1.0000e-12  -64.17456  -61.94274 348.636018      99.97 5.3239e+02   1055.956      25344  1030.3293  1030.3282    34.5329    34.5314    8.15406         27 0.0000e+00
    542.000    536.016    -0.5586  28.456793    -0.5589  28.455584     6.0018     6.0595    -0.0224    89.7301 1.0000e-12  -64.17456  -61.94274 348.636031      99.97 5.3239e+02   1057.111      25372  1030.3335  1030.3323    34.5318    34.5304    8.15510         29 0.0000e+00
    543.000    537.003    -0.5589  28.457134    -0.5590  28.456058     6.0057     6.0605    -0.0155    89.7041 1.0000e-12  -64.17456  -61.94274 348.636045      99.97 5.3233e+02   1058.306      25400  1030.3382  1030.3372    34.5318    34.5305    8.15514         28 0.0000e+00
    544.000    537.993    -0.5590  28.457605    -0.5594  28.456164     6.0039     6.0606    -0.0138    89.7090 1.0000e-12  -64.17456  -61.94274 348.636060      99.97 5.3148e+02   1059.544      25430  1030.3430  1030.3419    34.5320    34.5305    8.15515         31 0.0000e+00
    545.000    538.979    -0.5612  28.456436    -0.5614  28.455107     5.9989     6.0663    -0.0087    89.7001 1.0000e-12  -64.17455  -61.94274 348.636074      99.97 5.3062e+02   1060.800      25460  1030.3482  1030.3470    34.5324    34.5308    8.15561         29 0.0000e+00
    546.000    539.967    -0.5630  28.455114    -0.5634  28.453612     6.0016     6.0591    -0.0196    89.6938 1.0000e-12  -64.17454  -61.94274 348.636087      99.97 5.3063e+02   1061.959      25488  1030.3528  1030.3516    34.5321    34.5305    8.15603         27 0.0000e+00
    547.000    540.955    -0.5638  28.455104    -0.5640  28.453876     6.0018     6.0618    -0.0271    89.6464 1.0000e-12  -64.17454  -61.94272 348.636100      99.97 5.3063e+02   1063.058      25514  1030.3578  1030.3566    34.5324    34.5309    8.15618         26 0.0000e+00
    548.000    541.942    -0.5633  28.455929    -0.5633  28.454794     6.0071     6.0620    -0.0216    89.6611 1.0000e-12  -64.17454  -61.94272 348.636114      99.97 5.3063e+02   1064.211      25542  1030.3624  1030.3612    34.5323    34.5308    8.15608         29 0.0000e+00
    549.000    542.932    -0.5626  28.457059    -0.5627  28.455790     6.0050     6.0636    -0.0221    89.6548 1.0000e-12  -64.17454  -61.94272 348.636128      99.97 5.3063e+02   1065.420      25571  1030.3672  1030.3659    34.5325    34.5309    8.15592         29 0.0000e+00
    550.000    543.917    -0.5618  28.458417    -0.5618  28.457213     6.0123     6.0647    -0.0219    89.6773 1.0000e-12  -64.17454  -61.94272 348.636142      99.97 5.3063e+02   1066.661      25601  1030.3720  1030.3707    34.5328    34.5311    8.15573         31 0.0000e+00
    551.000    544.906    -0.5617  28.459140    -0.5617  28.457899     6.0044     6.0669    -0.0216    89.6359 1.0000e-12  -64.17454  -61.94272 348.636156      99.97 5.3063e+02   1067.894      25630  1030.3769  1030.3756    34.5330    34.5313    8.15568         28 0.0000e+00
    552.000    545.894    -0.5616  28.459714    -0.5617  28.458519     6.0110     6.0701    -0.0167    89.6750 1.0000e-12  -64.17454  -61.94272 348.636169      99.97 5.2981e+02   1069.024      25658  1030.3817  1030.3805    34.5331    34.5316    8.15567         26 0.0000e+00
    553.000    546.880    -0.5619  28.460008    -0.5618  28.458996     6.0050     6.0709    -0.0198    89.6818 1.0000e-12  -64.17454  -61.94272 348.636182      99.97 5.2887e+02   1070.097      25683  1030.3866  1030.3854    34.5332    34.5317    8.15572         26 0.0000e+00
    554.000    547.869    -0.5619  28.460588    -0.5619  28.459288     6.0045     6.0676    -0.0221    89.6938 1.0000e-12  -64.17454  -61.94270 348.636195      99.97 5.2886e+02   1071.227      25710  1030.3913  1030.3900    34.5333    34.5316    8.15571         28 0.0000e+00
    555.000    548.857    -0.5614  28.461462    -0.5615  28.460158     6.0032     6.0649    -0.0023    89.6716 1.0000e-12  -64.17454  -61.94270 348.636209      99.97 5.2886e+02   1072.443      25740  1030.3960  1030.3948    34.5333    34.5318    8.15559         30 0.0000e+00
    556.000    549.843    -0.5612  28.462162    -0.5613  28.460901     6.0015     6.0637    -0.0273    89.6414 1.0000e-12  -64.17454  -61.94270 348.636223      99.97 5.2886e+02   1073.674      25769  1030.4008  1030.3996    34.5334    34.5319    8.15554         29 0.0000e+00
    557.000    550.831    -0.5610  28.462822    -0.5611  28.461553     5.9958     6.0619    -0.0232    89.6743 1.0000e-12  -64.17454  -61.94270 348.636237      99.97 5.2886e+02   1074.874      25798  1030.4056  1030.4043    34.5335    34.5319    8.15550         29 0.0000e+00
    558.000    551.820    -0.5607  28.463523    -0.5607  28.462323     5.9981     6.0613    -0.0280    89.6879 1.0000e-12  -64.17454  -61.94270 348.636250      99.97 5.2828e+02   1076.027      25826  1030.4103  1030.4090    34.5336    34.5320    8.15544         27 0.0000e+00
    559.000    552.806    -0.5605  28.464194    -0.5605  28.463026     5.9999     6.0689    -0.0219    89.6257 1.0000e-12  -64.17454  -61.94270 348.636263      99.97 5.2718e+02   1077.156      25853  1030.4151  1030.4138    34.5336    34.5321    8.15539         27 0.0000e+00
    560.000    553.795    -0.5605  28.464714    -0.5605  28.463413     6.0105     6.0683    -0.0221    89.6950 1.0000e-12  -64.17454  -61.94268 348.636277      99.97 5.2710e+02   1078.317      25881  1030.4199  1030.4185    34.5336    34.5319    8.15538         28 0.0000e+00
    561.000    554.780    -0.5609  28.464804    -0.5612  28.463511     6.0043     6.0686    -0.0224    89.7020 1.0000e-12  -64.17454  -61.94268 348.636291      99.97 5.2710e+02   1079.510      25909  1030.4246  1030.4235    34.5337    34.5323    8.15547         29 0.0000e+00
    562.000    555.770    -0.5624  28.464237    -0.5624  28.462992     6.0084     6.0648    -0.0216    89.6948 1.0000e-12  -64.17454  -61.94268 348.636304      99.97 5.2710e+02   1080.683      25937  1030.4297  1030.4284    34.5340    34.5324    8.15577         28 0.0000e+00
    563.000    556.758    -0.5644  28.462851    -0.5648  28.461397     6.0026     6.0747    -0.0181    89.6815 1.0000e-12  -64.17454  -61.94268 348.636317      99.97 5.2710e+02   1081.822      25965  1030.4345  1030.4334    34.5339    34.5324    8.15622         27 0.0000e+00
    564.000    557.744    -0.5645  28.463237    -0.5646  28.462008     6.0102     6.0709    -0.0180    89.6709 1.0000e-12  -64.17454  -61.94268 348.636331      99.97 5.2710e+02   1082.954      25992  1030.4392  1030.4381    34.5339    34.5324    8.15624         27 0.0000e+00
    565.000    558.732    -0.5644  28.463696    -0.5649  28.462273     5.9995     6.0739    -0.0183    89.6938 1.0000e-12  -64.17454  -61.94268 348.636344      99.97 5.2658e+02   1084.085      26019  1030.4439  1030.4428    34.5338    34.5324    8.15623         27 0.0000e+00
    566.000    559.720    -0.5674  28.461819    -0.5682  28.459971     6.0058     6.0667    -0.0191    89.6778 1.0000e-12  -64.17454  -61.94266 348.636357      99.97 5.2539e+02   1085.258      26047  1030.4491  1030.4479    34.5341    34.5325    8.15685         29 0.0000e+00
    567.000    560.707    -0.5684  28.461098    -0.5686  28.459872     6.0029     6.0665    -0.0172    89.6777 1.0000e-12  -64.17454  -61.94266 348.636371      99.97 5.2534e+02   1086.472      26076  1030.4535  1030.4524    34.5336    34.5322    8.15709         30 0.0000e+00
    568.000    561.694    -0.5683  28.461612    -0.5685  28.460424     6.0036     6.0680    -0.0192    89.6291 1.0000e-12  -64.17454  -61.94266 348.636385      99.97 5.2534e+02   1087.674      26105  1030.4582  1030.4571    34.5336    34.5322    8.15708         28 0.0000e+00
    569.000    562.683    -0.5683  28.462161    -0.5683  28.461061     6.0161     6.0669    -0.0281    89.6797 1.0000e-12  -64.17453  -61.94266 348.636399      99.97 5.2534e+02   1088.847      26133  1030.4631  1030.4618    34.5338    34.5322    8.15707         28 0.0000e+00
    570.000    563.669    -0.5680  28.462890    -0.5681  28.461583     6.0091     6.0606    -0.0224    89.6782 1.0000e-12  -64.17452  -61.94266 348.636412      99.97 5.2534e+02   1090.020      26161  1030.4677  1030.4664    34.5337    34.5322    8.15699         28 0.0000e+00
    571.000    564.657    -0.5685  28.463031    -0.5686  28.461770     6.0100     6.0692    -0.0153    89.6690 1.0000e-12  -64.17452  -61.94266 348.636426      99.97 5.2534e+02   1091.183      26189  1030.4726  1030.4713    34.5339    34.5323    8.15709         28 0.0000e+00
    572.000    565.644    -0.5693  28.462673    -0.5695  28.461437     6.0114     6.0725    -0.0220    89.6840 1.0000e-12  -64.17452  -61.94266 348.636439      99.97 5.2534e+02   1092.313      26217  1030.4773  1030.4762    34.5338    34.5323    8.15728         27 0.0000e+00
    573.000    566.633    -0.5700  28.462772    -0.5702  28.461372     6.0145     6.0728    -0.0221    89.6585 1.0000e-12  -64.17452  -61.94266 348.636452      99.97 5.2534e+02   1093.417      26243  1030.4823  1030.4810    34.5341    34.5324    8.15741         26 0.0000e+00
    574.000    567.620    -0.5704  28.462692    -0.5705  28.461598     6.0152     6.0750    -0.0210    89.6443 1.0000e-12  -64.17452  -61.94265 348.636464      99.97 5.2534e+02   1094.527      26270  1030.4869  1030.4857    34.5339    34.5325    8.15751         27 0.0000e+00
    575.000    568.608    -0.5709  28.462855    -0.5709  28.461606     6.0102     6.0736    -0.0149    89.6595 1.0000e-12  -64.17452  -61.94264 348.636478      99.97 5.2534e+02   1095.666      26297  1030.4917  1030.4904    34.5340    34.5324    8.15760         28 0.0000e+00
    576.000    569.595    -0.5712  28.463011    -0.5714  28.461745     6.0138     6.0813    -0.0230    89.6697 1.0000e-12  -64.17452  -61.94264 348.636492      99.97 5.2534e+02   1096.878      26326  1030.4964  1030.4953    34.5340    34.5325    8.15767         30 0.0000e+00
    577.000    570.583    -0.5727  28.462277    -0.5728  28.461067     6.0132     6.0762    -0.0268    89.5946 1.0000e-12  -64.17452  -61.94264 348.636506      99.97 5.2534e+02   1098.103      26355  1030.5014  1030.5002    34.5341    34.5326    8.15799         28 0.0000e+00
    578.000    571.569    -0.5741  28.461551    -0.5741  28.460356     6.0128     6.0752    -0.0218    89.6538 1.0000e-12  -64.17452  -61.94264 348.636519      99.97 5.2534e+02   1099.279      26384  1030.5063  1030.5050    34.5341    34.5325    8.15829         28 0.0000e+00
    579.000    572.557    -0.5748  28.461433    -0.5750  28.460153     6.0171     6.0764    -0.0216    89.6556 1.0000e-12  -64.17452  -61.94264 348.636533      55.52 5.2397e+02   1100.428      26411  1030.5110  1030.5098    34.5341    34.5327    8.15843         27 0.0000e+00
    580.000    573.546    -0.5753  28.461452    -0.5754  28.460205     6.0105     6.0761    -0.0221    89.6614 1.0000e-12  -64.17452  -61.94264 348.636546      99.79 5.2358e+02   1101.550      26438  1030.5158  1030.5146    34.5342    34.5326    8.15855         27 0.0000e+00
    581.000    574.532    -0.5757  28.461595    -0.5759  28.460260     6.0105     6.0761    -0.0218    89.6190 1.0000e-12  -64.17452  -61.94264 348.636559      98.62 5.2358e+02   1102.676      26465  1030.5206  1030.5193    34.5342    34.5326    8.15863         27 0.0000e+00
    582.000    575.519    -0.5766  28.461236    -0.5767  28.460031     6.0138     6.0744    -0.0174    89.6879 1.0000e-12  -64.17452  -61.94263 348.636572      97.59 5.2358e+02   1103.821      26493  1030.5253  1030.5241    34.5342    34.5327    8.15883         28 0.0000e+00
    583.000    576.508    -0.5771  28.461403    -0.5771  28.460185     6.0111     6.0706    -0.0147    89.6064 1.0000e-12  -64.17451  -61.94262 348.636585      96.73 5.2358e+02   1104.967      26520  1030.5302  1030.5289    34.5343    34.5327    8.15892         27 0.0000e+00
