NBP2113_155081_ctd/data/nbp2113_037.ros
* Sea-Bird SBE 9 Data File:
* FileName = D:\Data\raw\NBP2113_037.hex
* Software Version Seasave V 7.26.7.121
* Temperature SN = 2438
* Conductivity SN = 2067
* Number of Bytes Per Scan = 40
* Number of Voltage Words = 5
* Number of Scans Averaged by the Deck Unit = 1
* NMEA Latitude = 64 56.01 S
* NMEA Longitude = 064 23.97 W
* NMEA UTC (Time) = Dec 10 2021  04:27:53
* NMEA baud rate = 9600
** Ship: RVIB N.B. Palmer
** Cruise: NBP2113 LTER
** Station: 600.040
** Operator: B. Urmston
# nquan = 20
# nvalues = 1174                                  
# units = specified
# name 0 = prDM: Pressure, Digiquartz [db]
# name 1 = depSM: Depth [salt water, m]
# name 2 = t090C: Temperature [ITS-90, deg C]
# name 3 = c0mS/cm: Conductivity [mS/cm]
# name 4 = t190C: Temperature, 2 [ITS-90, deg C]
# name 5 = c1mS/cm: Conductivity, 2 [mS/cm]
# name 6 = sbeox0ML/L: Oxygen, SBE 43 [ml/l]
# name 7 = sbeox1ML/L: Oxygen, SBE 43, 2 [ml/l]
# name 8 = flECO-AFL: Fluorescence, WET Labs ECO-AFL/FL [mg/m^3]
# name 9 = CStarTr0: Beam Transmission, WET Labs C-Star [%]
# name 10 = par: PAR/Irradiance, Biospherical/Licor
# name 11 = latitude: Latitude [deg]
# name 12 = longitude: Longitude [deg]
# name 13 = timeJ: Julian Days
# name 14 = altM: Altimeter [m]
# name 15 = spar: SPAR, Biospherical/Licor
# name 16 = timeS: Time, Elapsed [seconds]
# name 17 = scan: Scan Count
# name 18 = nbf: Bottles Fired
# name 19 = flag:  0.000e+00
# interval = seconds: 0.0416667
# start_time = Dec 10 2021 04:27:53 [NMEA time, header]
# bad_flag = -9.990e-29
*END*
[from data line 507]
     15.446     15.294    -0.9678  27.148846    -0.9359  27.183968     8.0726     8.1229     1.5747    87.5585 1.4935e-01  -64.93372  -64.39962 344.196827      99.93 0.0000e+00    932.833      22389         11  0.000e+00
     15.446     15.294    -0.9675  27.149644    -0.9407  27.183189     8.0707     8.1234     1.5747    87.5585 1.4935e-01  -64.93372  -64.39962 344.196827      99.95 0.0000e+00    932.875      22390         11  0.000e+00
     15.466     15.314    -0.9678  27.149758    -0.9437  27.181129     8.0705     8.1237     1.5747    87.5327 1.4935e-01  -64.93372  -64.39962 344.196828      99.98 0.0000e+00    932.917      22391         11  0.000e+00
     15.446     15.294    -0.9680  27.150442    -0.9428  27.173891     8.0688     8.1235     1.5747    87.4812 1.4935e-01  -64.93372  -64.39962 344.196828      99.98 0.0000e+00    932.958      22392         11  0.000e+00
     15.514     15.362    -0.9685  27.149359    -0.9473  27.173669     8.0732     8.1240     1.5747    87.4555 1.4935e-01  -64.93372  -64.39962 344.196829      99.98 0.0000e+00    933.000      22393         11  0.000e+00
     15.548     15.395    -0.9686  27.149131    -0.9534  27.172668     8.0685     8.1248     1.5747    87.4555 1.4935e-01  -64.93372  -64.39962 344.196829      99.98 0.0000e+00    933.042      22394         11  0.000e+00
     15.548     15.395    -0.9692  27.149017    -0.9575  27.164596     8.0684     8.1258     1.5747    87.4812 1.4935e-01  -64.93372  -64.39962 344.196830      99.98 0.0000e+00    933.083      22395         11  0.000e+00
     15.562     15.409    -0.9693  27.148334    -0.9604  27.158808     8.0668     8.1263     1.5747    87.4555 1.4935e-01  -64.93372  -64.39962 344.196830      99.95 0.0000e+00    933.125      22396         11  0.000e+00
     15.548     15.395    -0.9696  27.147821    -0.9626  27.156081     8.0594     8.1264     1.5747    87.4555 1.4706e-01  -64.93372  -64.39962 344.196831      99.95 0.0000e+00    933.167      22397         11  0.000e+00
     15.617     15.463    -0.9695  27.147536    -0.9641  27.153632     8.0683     8.1274     1.5747    87.4555 1.4706e-01  -64.93372  -64.39962 344.196831      99.98 0.0000e+00    933.208      22398         11  0.000e+00
     15.644     15.490    -0.9693  27.147992    -0.9652  27.152352     8.0681     8.1283     1.5747    87.4555 1.4706e-01  -64.93372  -64.39962 344.196832      99.98 0.0000e+00    933.250      22399         11  0.000e+00
     15.644     15.490    -0.9693  27.148334    -0.9652  27.151406     8.0633     8.1233     1.5747    87.4555 1.4706e-01  -64.93372  -64.39962 344.196832      99.98 0.0000e+00    933.292      22400         11  0.000e+00
     15.617     15.463    -0.9694  27.148106    -0.9652  27.151072     8.0616     8.1286     1.5747    87.4555 1.4477e-01  -64.93372  -64.39962 344.196833      99.95 0.0000e+00    933.333      22401         11  0.000e+00
     15.699     15.545    -0.9696  27.148334    -0.9652  27.151184     8.0601     8.1237     1.5747    87.4555 1.4477e-01  -64.93372  -64.39962 344.196833      99.95 0.0000e+00    933.375      22402         11  0.000e+00
     15.665     15.511    -0.9694  27.147992    -0.9649  27.151573     8.0584     8.1234     1.5747    87.4812 1.4477e-01  -64.93372  -64.39962 344.196834      99.98 0.0000e+00    933.417      22403         11  0.000e+00
     15.747     15.592    -0.9692  27.147308    -0.9647  27.151573     8.0598     8.1224     1.5747    87.4812 1.4248e-01  -64.93372  -64.39962 344.196834      99.98 0.0000e+00    933.458      22404         11  0.000e+00
     15.617     15.463    -0.9708  27.148334    -0.9652  27.151962     8.0599     8.1222     1.5674    87.4812 1.4248e-01  -64.93372  -64.39962 344.196834      99.98 0.0000e+00    933.500      22405         11  0.000e+00
     15.850     15.694    -0.9722  27.147537    -0.9652  27.151351     8.0604     8.1281     1.5747    87.4555 1.4248e-01  -64.93372  -64.39962 344.196835      99.98 0.0000e+00    933.542      22406         11  0.000e+00
     15.802     15.646    -0.9731  27.145884    -0.9650  27.151184     8.0652     8.1290     1.5747    87.4555 1.4020e-01  -64.93372  -64.39962 344.196835      99.98 0.0000e+00    933.583      22407         11  0.000e+00
     15.767     15.612    -0.9734  27.145485    -0.9630  27.151573     8.0652     8.1286     1.6260    87.4555 1.4020e-01  -64.93372  -64.39962 344.196836      99.95 0.0000e+00    933.625      22408         11  0.000e+00
     15.802     15.646    -0.9738  27.143662    -0.9624  27.152130     8.0668     8.1285     1.6626    87.4555 1.4020e-01  -64.93372  -64.39962 344.196836      99.95 0.0000e+00    933.667      22409         11  0.000e+00
     15.802     15.646    -0.9743  27.143149    -0.9636  27.154523     8.0624     8.1286     1.6699    87.4555 1.4020e-01  -64.93372  -64.39962 344.196837      99.98 0.0000e+00    933.708      22410         11  0.000e+00
     15.870     15.714    -0.9747  27.142124    -0.9673  27.153633     8.0611     8.1295     1.6626    87.4555 1.4020e-01  -64.93372  -64.39962 344.196837      99.98 0.0000e+00    933.750      22411         11  0.000e+00
     15.850     15.694    -0.9751  27.142010    -0.9708  27.149904     8.0657     8.1258     1.6626    87.4297 1.3793e-01  -64.93372  -64.39962 344.196838      99.98 0.0000e+00    933.792      22412         11  0.000e+00
     15.870     15.714    -0.9754  27.141326    -0.9731  27.145453     8.0598     8.1268     1.6626    87.4297 1.3793e-01  -64.93372  -64.39962 344.196838      99.93 0.0000e+00    933.833      22413         11  0.000e+00
     15.897     15.741    -0.9751  27.141326    -0.9740  27.142615     8.0597     8.1265     1.6626    87.4297 1.3793e-01  -64.93372  -64.39962 344.196839      99.95 0.0000e+00    933.875      22414         11  0.000e+00
     15.898     15.741    -0.9754  27.140813    -0.9748  27.141112     8.0598     8.1261     1.6626    87.4297 1.3793e-01  -64.93372  -64.39962 344.196839      99.98 0.0000e+00    933.917      22415         11  0.000e+00
     15.918     15.761    -0.9754  27.141269    -0.9754  27.140556     8.0598     8.1256     1.6626    87.4297 1.3566e-01  -64.93372  -64.39962 344.196840      99.98 0.0000e+00    933.958      22416         11  0.000e+00
     15.898     15.741    -0.9756  27.141611    -0.9756  27.140611     8.0599     8.1250     1.6626    87.4297 1.3566e-01  -64.93372  -64.39962 344.196840      99.98 0.0000e+00    934.000      22417         11  0.000e+00
     15.973     15.816    -0.9754  27.141099    -0.9757  27.139777     8.0616     8.1247     1.6626    87.4297 1.3566e-01  -64.93372  -64.39962 344.196841      99.98 0.0000e+00    934.042      22418         11  0.000e+00
     15.952     15.795    -0.9754  27.140586    -0.9757  27.139554     8.0560     8.1241     1.6626    87.4040 1.3566e-01  -64.93372  -64.39962 344.196841      99.98 0.0000e+00    934.083      22419         11  0.000e+00
     16.000     15.843    -0.9756  27.141099    -0.9759  27.139777     8.0551     8.1246     1.6626    87.4297 1.3340e-01  -64.93372  -64.39962 344.196842      99.95 0.0000e+00    934.125      22420         11  0.000e+00
     16.308     16.148    -0.9448  27.175349    -0.9490  27.169329     8.0652     8.1124     1.8018    87.2752 1.1998e-01  -64.93372  -64.39962 344.196857      99.98 0.0000e+00    935.458      22452         12  0.000e+00
     16.308     16.148    -0.9446  27.175634    -0.9488  27.169775     8.0668     8.1171     1.8091    87.2495 1.1998e-01  -64.93372  -64.39962 344.196858      99.98 0.0000e+00    935.500      22453         12  0.000e+00
     16.274     16.114    -0.9441  27.175634    -0.9480  27.169830     8.0682     8.1170     1.8018    87.2752 1.1998e-01  -64.93372  -64.39962 344.196858      99.98 0.0000e+00    935.542      22454         12  0.000e+00
     16.254     16.094    -0.9440  27.175634    -0.9482  27.170331     8.0697     8.1180     1.8018    87.2752 1.1998e-01  -64.93372  -64.39962 344.196859      99.98 0.0000e+00    935.583      22455         12  0.000e+00
     16.356     16.195    -0.9456  27.176148    -0.9476  27.170777     8.0730     8.1135     1.8018    87.2495 1.1998e-01  -64.93372  -64.39962 344.196859      99.95 0.0000e+00    935.625      22456         12  0.000e+00
     16.274     16.114    -0.9536  27.176946    -0.9465  27.170609     8.0713     8.1134     1.8018    87.2752 1.1998e-01  -64.93372  -64.39962 344.196860      99.95 0.0000e+00    935.667      22457         12  0.000e+00
     16.308     16.148    -0.9592  27.174324    -0.9459  27.172391     8.0742     8.1136     1.8018    87.2752 1.1998e-01  -64.93372  -64.39962 344.196860      99.98 0.0000e+00    935.708      22458         12  0.000e+00
     16.329     16.168    -0.9621  27.167541    -0.9458  27.172836     8.0755     8.1195     1.8018    87.2752 1.1998e-01  -64.93372  -64.39962 344.196861      99.98 0.0000e+00    935.750      22459         12  0.000e+00
     16.254     16.094    -0.9646  27.160873    -0.9451  27.173448     8.0825     8.1206     1.7945    87.2752 1.1998e-01  -64.93372  -64.39964 344.196861      99.98 0.0000e+00    935.792      22460         12  0.000e+00
     16.356     16.195    -0.9663  27.156656    -0.9453  27.173449     8.0862     8.1212     1.7066    87.2752 1.1777e-01  -64.93372  -64.39964 344.196861      99.95 0.0000e+00    935.833      22461         12  0.000e+00
     16.274     16.114    -0.9662  27.154034    -0.9458  27.174395     8.0878     8.1216     1.6699    87.2752 1.1998e-01  -64.93372  -64.39964 344.196862      99.95 0.0000e+00    935.875      22462         12  0.000e+00
     16.356     16.195    -0.9674  27.151983    -0.9463  27.173449     8.0898     8.1223     1.6699    87.2752 1.1998e-01  -64.93372  -64.39964 344.196862      99.98 0.0000e+00    935.917      22463         12  0.000e+00
     16.274     16.114    -0.9697  27.150843    -0.9462  27.172892     8.0857     8.1227     1.6773    87.2752 1.1998e-01  -64.93372  -64.39964 344.196863      99.98 0.0000e+00    935.958      22464         12  0.000e+00
     16.309     16.148    -0.9710  27.149362    -0.9474  27.172335     8.0920     8.1234     1.6773    87.2752 1.1998e-01  -64.93372  -64.39964 344.196863      99.98 0.0000e+00    936.000      22465         12  0.000e+00
     16.309     16.148    -0.9714  27.148108    -0.9482  27.171612     8.0935     8.1241     1.6773    87.2752 1.1998e-01  -64.93372  -64.39964 344.196864      99.98 0.0000e+00    936.042      22466         12  0.000e+00
     16.274     16.114    -0.9720  27.147538    -0.9486  27.171110     8.0949     8.1246     1.6773    87.2495 1.1998e-01  -64.93372  -64.39964 344.196864      99.98 0.0000e+00    936.083      22467         12  0.000e+00
     16.309     16.148    -0.9720  27.146968    -0.9483  27.171278     8.0888     8.1250     1.6773    87.2752 1.1998e-01  -64.93372  -64.39964 344.196865      99.95 0.0000e+00    936.125      22468         12  0.000e+00
     16.274     16.114    -0.9723  27.146284    -0.9483  27.170609     8.0932     8.1311     1.6773    87.2752 1.2220e-01  -64.93372  -64.39964 344.196865      99.93 0.0000e+00    936.167      22469         12  0.000e+00
     16.309     16.148    -0.9722  27.145487    -0.9486  27.170331     8.0928     8.1269     1.6773    87.2752 1.2220e-01  -64.93372  -64.39964 344.196866      99.95 0.0000e+00    936.208      22470         12  0.000e+00
     16.254     16.094    -0.9728  27.144689    -0.9496  27.169774     8.0939     8.1275     1.6773    87.2495 1.2220e-01  -64.93372  -64.39964 344.196866      99.98 0.0000e+00    936.250      22471         12  0.000e+00
     16.329     16.168    -0.9731  27.144176    -0.9508  27.168550     8.0949     8.1283     1.6773    87.2752 1.2220e-01  -64.93372  -64.39964 344.196867      99.98 0.0000e+00    936.292      22472         12  0.000e+00
     16.254     16.094    -0.9736  27.144347    -0.9516  27.167437     8.0898     8.1289     1.6773    87.3267 1.2220e-01  -64.93372  -64.39964 344.196867      99.95 0.0000e+00    936.333      22473         12  0.000e+00
     16.254     16.094    -0.9732  27.144176    -0.9518  27.165711     8.0937     8.1295     1.6773    87.3267 1.2220e-01  -64.93372  -64.39964 344.196868      99.95 0.0000e+00    936.375      22474         12  0.000e+00
     16.274     16.114    -0.9731  27.143948    -0.9522  27.163151     8.0944     8.1302     1.6773    87.3267 1.2220e-01  -64.93372  -64.39964 344.196868      99.98 0.0000e+00    936.417      22475         12  0.000e+00
     16.254     16.094    -0.9726  27.143948    -0.9529  27.162037     8.0949     8.1308     1.6773    87.3267 1.2220e-01  -64.93372  -64.39964 344.196869      99.98 0.0000e+00    936.458      22476         12  0.000e+00
     16.329     16.169    -0.9728  27.144632    -0.9552  27.162093     8.0896     8.1373     1.6773    87.3267 1.1998e-01  -64.93372  -64.39964 344.196869      99.98 0.0000e+00    936.500      22477         12  0.000e+00
     16.206     16.047    -0.9729  27.144689    -0.9580  27.161592     8.0991     8.1390     1.6773    87.3267 1.2220e-01  -64.93372  -64.39964 344.196870      99.98 0.0000e+00    936.542      22478         12  0.000e+00
     16.309     16.148    -0.9738  27.144461    -0.9598  27.160201     8.1116     8.1399     1.6773    87.3267 1.1998e-01  -64.93372  -64.39964 344.196870      99.98 0.0000e+00    936.583      22479         12  0.000e+00
     16.227     16.067    -0.9738  27.143435    -0.9610  27.157474     8.1100     8.1414     1.6773    87.3267 1.1998e-01  -64.93372  -64.39964 344.196871      99.98 0.0000e+00    936.625      22480         12  0.000e+00
     16.254     16.094    -0.9739  27.143606    -0.9621  27.155971     8.1127     8.1373     1.6773    87.3267 1.1998e-01  -64.93372  -64.39964 344.196871      99.95 0.0000e+00    936.667      22481         12  0.000e+00
     16.227     16.067    -0.9734  27.143435    -0.9641  27.156361     8.1152     8.1378     1.6773    87.3267 1.1998e-01  -64.93372  -64.39964 344.196872      99.95 0.0000e+00    936.708      22482         12  0.000e+00
     16.254     16.094    -0.9735  27.143948    -0.9660  27.154135     8.1102     8.1386     1.6773    87.3267 1.1998e-01  -64.93372  -64.39964 344.196872      99.98 0.0000e+00    936.750      22483         12  0.000e+00
     16.206     16.047    -0.9736  27.144176    -0.9675  27.151408     8.1154     8.1384     1.6773    87.3267 1.1998e-01  -64.93372  -64.39962 344.196873      99.98 0.0000e+00    936.792      22484         12  0.000e+00
     16.227     16.067    -0.9738  27.144461    -0.9696  27.149015     8.1115     8.1382     1.6773    87.3267 1.1998e-01  -64.93372  -64.39962 344.196873      99.93 0.0000e+00    936.833      22485         12  0.000e+00
     16.206     16.047    -0.9737  27.144632    -0.9708  27.146956     8.1060     8.1434     1.6773    87.3267 1.1998e-01  -64.93372  -64.39962 344.196874      99.95 0.0000e+00    936.875      22486         12  0.000e+00
     16.227     16.067    -0.9738  27.144461    -0.9717  27.145231     8.1051     8.1447     1.6187    87.3267 1.1998e-01  -64.93372  -64.39962 344.196874      99.98 0.0000e+00    936.917      22487         12  0.000e+00
     16.151     15.992    -0.9736  27.144461    -0.9719  27.143617     8.1098     8.1457     1.5747    87.3267 1.1998e-01  -64.93372  -64.39962 344.196875      99.98 0.0000e+00    936.958      22488         12  0.000e+00
     16.206     16.047    -0.9737  27.144461    -0.9722  27.143951     8.1087     8.1467     1.5674    87.3267 1.1998e-01  -64.93372  -64.39962 344.196875      99.98 0.0000e+00    937.000      22489         12  0.000e+00
     16.172     16.013    -0.9731  27.144347    -0.9725  27.143116     8.1086     8.1411     1.5674    87.3267 1.1998e-01  -64.93372  -64.39962 344.196875      99.98 0.0000e+00    937.042      22490         12  0.000e+00
     16.151     15.992    -0.9729  27.144461    -0.9730  27.142393     8.1026     8.1412     1.5747    87.3267 1.1998e-01  -64.93372  -64.39962 344.196876      99.98 0.0000e+00    937.083      22491         12  0.000e+00
