NBP2113_155081_ctd/data/nbp2113_041.ros
* Sea-Bird SBE 9 Data File:
* FileName = D:\Data\raw\NBP2113_041.hex
* Software Version Seasave V 7.26.7.121
* Temperature SN = 2438
* Conductivity SN = 2067
* Number of Bytes Per Scan = 40
* Number of Voltage Words = 5
* Number of Scans Averaged by the Deck Unit = 1
* NMEA Latitude = 64 50.77 S
* NMEA Longitude = 063 54.70 W
* NMEA UTC (Time) = Dec 10 2021  14:38:32
* NMEA baud rate = 9600
** Ship: RVIB N.B. Palmer
** Cruise: NBP2113 LTER
** Station: 622.029
** Operator: B. Urmston
# nquan = 20
# nvalues = 1117                                  
# units = specified
# name 0 = prDM: Pressure, Digiquartz [db]
# name 1 = depSM: Depth [salt water, m]
# name 2 = t090C: Temperature [ITS-90, deg C]
# name 3 = c0mS/cm: Conductivity [mS/cm]
# name 4 = t190C: Temperature, 2 [ITS-90, deg C]
# name 5 = c1mS/cm: Conductivity, 2 [mS/cm]
# name 6 = sbeox0ML/L: Oxygen, SBE 43 [ml/l]
# name 7 = sbeox1ML/L: Oxygen, SBE 43, 2 [ml/l]
# name 8 = flECO-AFL: Fluorescence, WET Labs ECO-AFL/FL [mg/m^3]
# name 9 = CStarTr0: Beam Transmission, WET Labs C-Star [%]
# name 10 = par: PAR/Irradiance, Biospherical/Licor
# name 11 = latitude: Latitude [deg]
# name 12 = longitude: Longitude [deg]
# name 13 = timeJ: Julian Days
# name 14 = altM: Altimeter [m]
# name 15 = spar: SPAR, Biospherical/Licor
# name 16 = timeS: Time, Elapsed [seconds]
# name 17 = scan: Scan Count
# name 18 = nbf: Bottles Fired
# name 19 = flag:  0.000e+00
# interval = seconds: 0.0416667
# start_time = Dec 10 2021 14:38:32 [NMEA time, header]
# bad_flag = -9.990e-29
*END*
[from data line 942]
      4.707      4.661    -0.3059  27.843610    -0.3062  27.841407     8.0297     8.1163     0.5930    87.2237 4.4650e+02  -64.84626  -63.91178 344.628565      99.95 1.2622e+03   1596.042      38306         21  0.000e+00
      4.700      4.654    -0.3059  27.843610    -0.3064  27.841463     8.0291     8.1163     0.5930    87.2237 4.4650e+02  -64.84626  -63.91178 344.628566      99.98 1.2622e+03   1596.083      38307         21  0.000e+00
      4.707      4.661    -0.3058  27.843323    -0.3064  27.841407     8.0299     8.1163     0.5930    87.2237 4.4650e+02  -64.84626  -63.91178 344.628566      99.98 1.2622e+03   1596.125      38308         21  0.000e+00
      4.659      4.614    -0.3059  27.843610    -0.3062  27.841463     8.0235     8.1161     0.5930    87.2237 4.4776e+02  -64.84626  -63.91178 344.628567      99.98 1.2622e+03   1596.167      38309         21  0.000e+00
      4.700      4.654    -0.3059  27.843380    -0.3060  27.841744     8.0275     8.1161     0.5930    87.1980 4.4903e+02  -64.84626  -63.91178 344.628567      99.93 1.2622e+03   1596.208      38310         21  0.000e+00
      4.707      4.661    -0.3059  27.843840    -0.3061  27.841632     8.0270     8.1161     0.5930    87.1722 4.5029e+02  -64.84626  -63.91178 344.628568      99.95 1.2622e+03   1596.250      38311         21  0.000e+00
      4.659      4.614    -0.3061  27.843323    -0.3062  27.841463     8.0279     8.1169     0.6370    87.1722 4.5156e+02  -64.84626  -63.91178 344.628568      99.95 1.2622e+03   1596.292      38312         21  0.000e+00
      4.707      4.661    -0.3059  27.843323    -0.3061  27.841744     8.0231     8.1169     0.6589    87.1722 4.5283e+02  -64.84626  -63.91178 344.628569      99.98 1.2622e+03   1596.333      38313         21  0.000e+00
      4.652      4.607    -0.3059  27.843668    -0.3061  27.841631     8.0271     8.1169     0.6589    87.1722 4.5411e+02  -64.84626  -63.91178 344.628569      99.98 1.2622e+03   1596.375      38314         21  0.000e+00
      4.659      4.614    -0.3058  27.843840    -0.3061  27.841463     8.0268     8.1169     0.6589    87.1722 4.5539e+02  -64.84626  -63.91178 344.628570      99.98 1.2622e+03   1596.417      38315         21  0.000e+00
      4.659      4.614    -0.3060  27.843323    -0.3062  27.841407     8.0279     8.1169     0.6589    87.1722 4.5668e+02  -64.84626  -63.91178 344.628570      99.98 1.2622e+03   1596.458      38316         21  0.000e+00
      4.652      4.607    -0.3059  27.843093    -0.3061  27.841238     8.0276     8.1169     0.6589    87.1722 4.5925e+02  -64.84626  -63.91178 344.628571      99.98 1.2622e+03   1596.500      38317         21  0.000e+00
      4.611      4.566    -0.3058  27.843323    -0.3061  27.841463     8.0215     8.1168     0.6589    87.1722 4.6055e+02  -64.84626  -63.91178 344.628571      99.95 1.2622e+03   1596.542      38318         21  0.000e+00
      4.659      4.614    -0.3061  27.843380    -0.3064  27.841407     8.0258     8.1169     0.6589    87.1722 4.6185e+02  -64.84626  -63.91178 344.628572      99.95 1.2622e+03   1596.583      38319         21  0.000e+00
      4.652      4.607    -0.3059  27.843323    -0.3062  27.841463     8.0255     8.1169     0.6589    87.1722 4.6315e+02  -64.84626  -63.91178 344.628572      99.98 1.2622e+03   1596.625      38320         21  0.000e+00
      4.611      4.566    -0.3058  27.843323    -0.3061  27.841631     8.0195     8.1168     0.6589    87.1722 4.6446e+02  -64.84626  -63.91178 344.628573      99.98 1.2622e+03   1596.667      38321         21  0.000e+00
      4.611      4.566    -0.3061  27.843323    -0.3060  27.842024     8.0181     8.1168     0.6589    87.1722 4.6446e+02  -64.84626  -63.91178 344.628573      99.95 1.2622e+03   1596.708      38322         21  0.000e+00
      4.659      4.614    -0.3058  27.843610    -0.3061  27.841744     8.0224     8.1169     0.6589    87.1722 4.6577e+02  -64.84626  -63.91178 344.628573      99.95 1.2622e+03   1596.750      38323         21  0.000e+00
      4.598      4.553    -0.3062  27.843380    -0.3062  27.841631     8.0165     8.1168     0.6589    87.1722 4.6577e+02  -64.84626  -63.91178 344.628574      99.98 1.2622e+03   1596.792      38324         21  0.000e+00
      4.611      4.566    -0.3058  27.843610    -0.3062  27.841463     8.0165     8.1169     0.6589    87.1722 4.6577e+02  -64.84626  -63.91178 344.628574      99.98 1.2622e+03   1596.833      38325         21  0.000e+00
      4.611      4.566    -0.3059  27.842805    -0.3062  27.841744     8.0153     8.1168     0.6589    87.1722 4.6577e+02  -64.84626  -63.91178 344.628575      99.98 1.2622e+03   1596.875      38326         21  0.000e+00
      4.598      4.553    -0.3062  27.843610    -0.3061  27.841912     8.0198     8.1168     0.6589    87.1722 4.6577e+02  -64.84626  -63.91178 344.628575      99.98 1.2622e+03   1596.917      38327         21  0.000e+00
      4.611      4.566    -0.3061  27.843668    -0.3064  27.842025     8.0142     8.1223     0.6589    87.1722 4.6577e+02  -64.84626  -63.91178 344.628576      99.98 1.2605e+03   1596.958      38328         21  0.000e+00
      4.611      4.566    -0.3061  27.843093    -0.3062  27.841631     8.0130     8.1177     0.6589    87.1722 4.6446e+02  -64.84626  -63.91178 344.628576      99.95 1.2622e+03   1597.000      38329         21  0.000e+00
      4.509      4.465    -0.3061  27.843092    -0.3061  27.841462     8.0075     8.1175     0.6589    87.1980 4.6446e+02  -64.84626  -63.91178 344.628577      99.93 1.2605e+03   1597.042      38330         21  0.000e+00
      4.653      4.607    -0.3061  27.843093    -0.3061  27.841744     8.0111     8.1176     0.6589    87.2237 4.6315e+02  -64.84626  -63.91178 344.628577      99.95 1.2605e+03   1597.083      38331         21  0.000e+00
      4.611      4.566    -0.3061  27.843610    -0.3062  27.841631     8.0101     8.1176     0.6589    87.2237 4.6185e+02  -64.84626  -63.91178 344.628578      99.98 1.2605e+03   1597.125      38332         21  0.000e+00
      4.509      4.465    -0.3062  27.843380    -0.3064  27.841743     8.0106     8.1228     0.6589    87.2237 4.5925e+02  -64.84626  -63.91178 344.628578      99.98 1.2605e+03   1597.167      38333         21  0.000e+00
      4.653      4.607    -0.3062  27.843323    -0.3062  27.841912     8.0114     8.1183     0.6589    87.2237 4.5668e+02  -64.84626  -63.91178 344.628579      99.95 1.2605e+03   1597.208      38334         22  0.000e+00
      4.557      4.512    -0.3062  27.843092    -0.3064  27.841238     8.0121     8.1182     0.6589    87.1980 4.5539e+02  -64.84626  -63.91178 344.628579      99.95 1.2605e+03   1597.250      38335         22  0.000e+00
      4.612      4.566    -0.3062  27.843323    -0.3064  27.841744     8.0174     8.1182     0.6589    87.1980 4.5411e+02  -64.84626  -63.91178 344.628580      99.95 1.2605e+03   1597.292      38336         22  0.000e+00
      4.598      4.553    -0.3062  27.843380    -0.3064  27.841407     8.0125     8.1181     0.6589    87.1980 4.5156e+02  -64.84626  -63.91178 344.628580      99.98 1.2605e+03   1597.333      38337         22  0.000e+00
      4.557      4.512    -0.3061  27.843322    -0.3061  27.841743     8.0120     8.1179     0.6296    87.2237 4.5029e+02  -64.84626  -63.91178 344.628581      99.98 1.2605e+03   1597.375      38338         22  0.000e+00
      4.612      4.566    -0.3061  27.843093    -0.3062  27.841631     8.0059     8.1179     0.6150    87.2237 4.4903e+02  -64.84626  -63.91178 344.628581      99.98 1.2605e+03   1597.417      38339         22  0.000e+00
      4.557      4.512    -0.3061  27.843322    -0.3061  27.841743     8.0100     8.1178     0.6150    87.2237 4.4776e+02  -64.84626  -63.91178 344.628582      99.98 1.2605e+03   1597.458      38340         22  0.000e+00
      4.598      4.553    -0.3059  27.843092    -0.3062  27.841744     8.0098     8.1178     0.6150    87.2237 4.4650e+02  -64.84626  -63.91178 344.628582      99.95 1.2605e+03   1597.500      38341         22  0.000e+00
      4.612      4.566    -0.3062  27.843380    -0.3058  27.841912     8.0111     8.1176     0.6150    87.2237 4.4650e+02  -64.84626  -63.91178 344.628583      99.95 1.2605e+03   1597.542      38342         22  0.000e+00
      4.612      4.566    -0.3064  27.843323    -0.3058  27.842024     8.0067     8.1175     0.6150    87.2237 4.4525e+02  -64.84626  -63.91178 344.628583      99.98 1.2605e+03   1597.583      38343         22  0.000e+00
      4.598      4.553    -0.3061  27.843092    -0.3059  27.841744     8.0112     8.1175     0.6077    87.2237 4.4525e+02  -64.84626  -63.91178 344.628584      99.98 1.2605e+03   1597.625      38344         22  0.000e+00
      4.612      4.566    -0.3062  27.843093    -0.3056  27.841912     8.0114     8.1174     0.6150    87.2237 4.4525e+02  -64.84626  -63.91178 344.628584      99.98 1.2605e+03   1597.667      38345         22  0.000e+00
      4.612      4.566    -0.3062  27.843323    -0.3061  27.841463     8.0129     8.1174     0.6150    87.1980 4.4525e+02  -64.84626  -63.91178 344.628585      99.95 1.2605e+03   1597.708      38346         22  0.000e+00
      4.612      4.566    -0.3062  27.843380    -0.3059  27.841912     8.0132     8.1173     0.6150    87.2237 4.4525e+02  -64.84626  -63.91178 344.628585      99.95 1.2605e+03   1597.750      38347         22  0.000e+00
      4.653      4.607    -0.3059  27.843093    -0.3061  27.842025     8.0194     8.1173     0.6150    87.2237 4.4525e+02  -64.84626  -63.91178 344.628586      99.98 1.2605e+03   1597.792      38348         22  0.000e+00
      4.612      4.566    -0.3061  27.843093    -0.3058  27.841463     8.0153     8.1172     0.6150    87.1980 4.4525e+02  -64.84626  -63.91178 344.628586      99.98 1.2605e+03   1597.833      38349         22  0.000e+00
      4.660      4.614    -0.3061  27.843093    -0.3058  27.841631     8.0101     8.1171     0.6150    87.1722 4.4525e+02  -64.84626  -63.91178 344.628587      99.98 1.2605e+03   1597.875      38350         22  0.000e+00
      4.598      4.553    -0.3061  27.843380    -0.3059  27.841463     8.0092     8.1170     0.6150    87.1207 4.4525e+02  -64.84626  -63.91178 344.628587      99.98 1.2605e+03   1597.917      38351         22  0.000e+00
      4.660      4.614    -0.3059  27.843323    -0.3059  27.841912     8.0086     8.1170     0.6150    87.0950 4.4525e+02  -64.84626  -63.91178 344.628587      99.98 1.2605e+03   1597.958      38352         22  0.000e+00
      4.660      4.614    -0.3062  27.843323    -0.3059  27.841744     8.0139     8.1169     0.6150    87.0950 4.4525e+02  -64.84626  -63.91178 344.628588      99.95 1.2605e+03   1598.000      38353         22  0.000e+00
      4.653      4.607    -0.3062  27.843323    -0.3059  27.841744     8.0076     8.1169     0.6150    87.0950 4.4525e+02  -64.84626  -63.91178 344.628588      99.93 1.2605e+03   1598.042      38354         22  0.000e+00
      4.660      4.614    -0.3062  27.843093    -0.3059  27.842193     8.0071     8.1222     0.6150    87.0950 4.4525e+02  -64.84626  -63.91178 344.628589      99.95 1.2605e+03   1598.083      38355         22  0.000e+00
      4.707      4.661    -0.3061  27.843380    -0.3061  27.841744     8.0068     8.1176     0.6150    87.0950 4.4525e+02  -64.84626  -63.91178 344.628589      99.98 1.2605e+03   1598.125      38356         22  0.000e+00
      4.707      4.661    -0.3061  27.843323    -0.3062  27.841744     8.0066     8.1175     0.6150    87.0950 4.4650e+02  -64.84626  -63.91178 344.628590      99.98 1.2605e+03   1598.167      38357         22  0.000e+00
      4.653      4.607    -0.3062  27.843093    -0.3062  27.841912     8.0051     8.1174     0.6150    87.0950 4.4650e+02  -64.84626  -63.91178 344.628590      99.95 1.2605e+03   1598.208      38358         22  0.000e+00
      4.707      4.661    -0.3061  27.843093    -0.3059  27.841238     8.0051     8.1173     0.6150    87.1207 4.4650e+02  -64.84626  -63.91178 344.628591      99.95 1.2605e+03   1598.250      38359         22  0.000e+00
      4.762      4.716    -0.3062  27.843381    -0.3062  27.841913     8.0052     8.1173     0.6150    87.0950 4.4650e+02  -64.84626  -63.91178 344.628591      99.98 1.2605e+03   1598.292      38360         22  0.000e+00
      4.701      4.655    -0.3062  27.843610    -0.3061  27.841744     8.0168     8.1171     0.6150    87.0950 4.4650e+02  -64.84626  -63.91178 344.628592      99.98 1.2605e+03   1598.333      38361         22  0.000e+00
      4.762      4.716    -0.3064  27.843093    -0.3062  27.841463     8.0126     8.1171     0.6150    87.0950 4.4650e+02  -64.84626  -63.91178 344.628592      99.98 1.2605e+03   1598.375      38362         22  0.000e+00
      4.762      4.716    -0.3061  27.842805    -0.3062  27.841632     8.0140     8.1170     0.6150    87.0950 4.4650e+02  -64.84626  -63.91178 344.628593      99.98 1.2605e+03   1598.417      38363         22  0.000e+00
      4.701      4.655    -0.3061  27.843093    -0.3062  27.841744     8.0155     8.1222     0.6150    87.0950 4.4650e+02  -64.84626  -63.91178 344.628593      99.98 1.2605e+03   1598.458      38364         22  0.000e+00
      4.762      4.716    -0.3064  27.843093    -0.3062  27.841407     8.0287     8.1176     0.6296    87.0950 4.4650e+02  -64.84626  -63.91178 344.628594      99.95 1.2605e+03   1598.500      38365         22  0.000e+00
      4.810      4.763    -0.3061  27.843323    -0.3064  27.841463     8.0271     8.1175     0.6296    87.0950 4.4650e+02  -64.84626  -63.91178 344.628594      99.95 1.2605e+03   1598.542      38366         22  0.000e+00
      4.762      4.716    -0.3061  27.843323    -0.3061  27.841744     8.0286     8.1173     0.6296    87.0950 4.4650e+02  -64.84626  -63.91178 344.628595      99.98 1.2605e+03   1598.583      38367         22  0.000e+00
      4.749      4.702    -0.3063  27.843093    -0.3062  27.841632     8.0314     8.1171     0.6296    87.1207 4.4525e+02  -64.84626  -63.91178 344.628595      99.98 1.2587e+03   1598.625      38368         22  0.000e+00
      4.810      4.763    -0.3061  27.843093    -0.3062  27.841744     8.0285     8.1171     0.6296    87.0950 4.4525e+02  -64.84626  -63.91178 344.628596      99.95 1.2605e+03   1598.667      38369         22  0.000e+00
      4.810      4.763    -0.3059  27.843611    -0.3061  27.841632     8.0286     8.1169     0.6296    87.1207 4.4400e+02  -64.84626  -63.91178 344.628596      99.93 1.2587e+03   1598.708      38370         22  0.000e+00
      4.803      4.756    -0.3062  27.842805    -0.3064  27.841463     8.0289     8.1222     0.6296    87.1722 4.4400e+02  -64.84626  -63.91178 344.628597      99.95 1.2587e+03   1598.750      38371         22  0.000e+00
      4.810      4.763    -0.3062  27.843323    -0.3065  27.841463     8.0304     8.1230     0.6296    87.1980 4.4275e+02  -64.84626  -63.91178 344.628597      99.98 1.2587e+03   1598.792      38372         22  0.000e+00
      4.810      4.763    -0.3064  27.843093    -0.3064  27.841632     8.0306     8.1181     0.6296    87.1980 4.4275e+02  -64.84626  -63.91178 344.628598      99.98 1.2587e+03   1598.833      38373         22  0.000e+00
      4.708      4.661    -0.3061  27.843380    -0.3065  27.841744     8.0364     8.1178     0.6296    87.1980 4.4275e+02  -64.84626  -63.91178 344.628598      99.98 1.2587e+03   1598.875      38374         22  0.000e+00
      4.954      4.905    -0.3061  27.843324    -0.3065  27.841745     8.0382     8.1179     0.6296    87.1980 4.4150e+02  -64.84626  -63.91178 344.628599      99.98 1.2587e+03   1598.917      38375         22  0.000e+00
      4.810      4.763    -0.3062  27.843323    -0.3065  27.841632     8.0351     8.1175     0.6296    87.1980 4.4150e+02  -64.84626  -63.91178 344.628599      99.98 1.2587e+03   1598.958      38376         22  0.000e+00
