NBP2113_155081_ctd/data/nbp2113_037.cnv
* Sea-Bird SBE 9 Data File:
* FileName = D:\Data\raw\NBP2113_037.hex
* Software Version Seasave V 7.26.7.121
* Temperature SN = 2438
* Conductivity SN = 2067
* Number of Bytes Per Scan = 40
* Number of Voltage Words = 5
* Number of Scans Averaged by the Deck Unit = 1
* NMEA Latitude = 64 56.01 S
* NMEA Longitude = 064 23.97 W
* NMEA UTC (Time) = Dec 10 2021  04:27:53
* NMEA baud rate = 9600
** Ship: RVIB N.B. Palmer
** Cruise: NBP2113 LTER
** Station: 600.040
** Operator: B. Urmston
# nquan = 25
# nvalues = 201                         
# units = specified
# name 0 = prDM: Pressure, Digiquartz [db]
# name 1 = depSM: Depth [salt water, m]
# name 2 = t090C: Temperature [ITS-90, deg C]
# name 3 = c0mS/cm: Conductivity [mS/cm]
# name 4 = t190C: Temperature, 2 [ITS-90, deg C]
# name 5 = c1mS/cm: Conductivity, 2 [mS/cm]
# name 6 = sbeox0ML/L: Oxygen, SBE 43 [ml/l]
# name 7 = sbeox1ML/L: Oxygen, SBE 43, 2 [ml/l]
# name 8 = flECO-AFL: Fluorescence, WET Labs ECO-AFL/FL [mg/m^3]
# name 9 = CStarTr0: Beam Transmission, WET Labs C-Star [%]
# name 10 = par: PAR/Irradiance, Biospherical/Licor
# name 11 = latitude: Latitude [deg]
# name 12 = longitude: Longitude [deg]
# name 13 = timeJ: Julian Days
# name 14 = altM: Altimeter [m]
# name 15 = spar: SPAR, Biospherical/Licor
# name 16 = timeS: Time, Elapsed [seconds]
# name 17 = scan: Scan Count
# name 18 = density00: Density [density, kg/m^3]
# name 19 = density11: Density, 2 [density, kg/m^3]
# name 20 = sal00: Salinity, Practical [PSU]
# name 21 = sal11: Salinity, Practical, 2 [PSU]
# name 22 = oxsolML/L: Oxygen Saturation, Garcia & Gordon [ml/l]
# name 23 = nbin: number of scans per bin
# name 24 = flag: flag
# span 0 =      1.000,    103.000       
# span 1 =      0.989,    101.968       
# span 2 =    -0.9911,     0.3730       
# span 3 =  27.119468,  28.927564       
# span 4 =    -0.9924,     0.3777       
# span 5 =  27.117943,  28.933295       
# span 6 =     5.2120,    10.0231       
# span 7 =     5.3713,    10.0042       
# span 8 =     0.0360,     1.8474       
# span 9 =    87.0701,    95.4459       
# span 10 = -1.938e-05, 3.6030e+00      
# span 11 =  -64.93378,  -64.93342      
# span 12 =  -64.39968,  -64.39958      
# span 13 = 344.189617, 344.198393      
# span 14 =      41.80,      99.98      
# span 15 = 0.0000e+00, 0.0000e+00      
# span 16 =    309.891,   1068.118      
# span 17 =       7438,      25636      
# span 18 =  1026.9710,  1028.0685      
# span 19 =  1026.9691,  1028.0675      
# span 20 =    33.5354,    34.3739      
# span 21 =    33.5333,    34.3739      
# span 22 =    7.96775,    8.30721      
# span 23 =         15,         48      
# span 24 = 0.0000e+00, 0.0000e+00      
# interval = decibars: 1                
# start_time = Dec 10 2021 04:27:53 [NMEA time, header]
# bad_flag = -9.990e-29
*END*
[from data line 174]
     27.000     26.734    -0.1298  28.151774    -0.1317  28.149296     7.8431     7.8649     0.8805    92.7162 1.9416e-03  -64.93368  -64.39962 344.195872      99.97 0.0000e+00    850.322      20409  1027.3946  1027.3936    33.9534    33.9522    8.09656         36 0.0000e+00
     26.000     25.743    -0.1389  28.140891    -0.1345  28.141735     7.8174     7.8643     0.9352    92.5711 8.5397e-03  -64.93368  -64.39960 344.195889      99.97 0.0000e+00    851.798      20444  1027.3878  1027.3843    33.9496    33.9458    8.09869         26 0.0000e+00
     25.000     24.753    -0.1333  28.140326    -0.1399  28.134876     7.8764     7.9067     1.0012    92.4306 1.4704e-02  -64.93368  -64.39962 344.195930      99.97 0.0000e+00    855.332      20529  1027.3781  1027.3786    33.9432    33.9433    8.09787         40 0.0000e+00
     24.000     23.764    -0.1377  28.130628    -0.1385  28.128377     7.9142     7.9302     1.0159    91.7476 2.0054e-02  -64.93368  -64.39962 344.195950      99.97 0.0000e+00    857.109      20572  1027.3679  1027.3661    33.9358    33.9337    8.09922         38 0.0000e+00
     23.000     22.774    -0.1482  28.115669    -0.1406  28.121766     7.8627     7.9342     1.3218    91.3496 3.0474e-02  -64.93368  -64.39962 344.195976      99.97 0.0000e+00    859.296      20624  1027.3578  1027.3571    33.9282    33.9279    8.10189         34 0.0000e+00
     22.000     21.783    -0.2661  27.976462    -0.1853  28.069679     7.9127     7.9196     1.2786    91.5007 4.3206e-02  -64.93370  -64.39963 344.196011      99.97 0.0000e+00    862.353      20697  1027.3181  1027.3405    33.8745    33.9089    8.13006         34 0.0000e+00
     21.000     20.794    -0.2285  28.019008    -0.1848  28.070059     7.8884     7.9193     1.3391    91.1382 4.6892e-02  -64.93369  -64.39962 344.196058      99.97 0.0000e+00    866.372      20794  1027.3224  1027.3355    33.8900    33.9095    8.12115         32 0.0000e+00
     20.000     19.802    -0.1982  28.058712    -0.1725  28.087163     7.8622     7.9145     1.3219    91.0900 5.8826e-02  -64.93368  -64.39961 344.196101      99.97 0.0000e+00    870.093      20883  1027.3312  1027.3377    33.9099    33.9191    8.11357         41 0.0000e+00
     19.000     18.814    -0.2605  27.981882    -0.2418  28.005361     7.9277     7.9561     1.2530    90.8634 7.8740e-02  -64.93370  -64.39964 344.196163      99.97 0.0000e+00    875.510      21013  1027.3049  1027.3123    33.8773    33.8878    8.12870         40 0.0000e+00
     18.000     17.824    -0.3218  27.907607    -0.3334  27.892841     7.9305     8.0047     1.4813    89.9920 9.0112e-02  -64.93370  -64.39963 344.196213      99.97 0.0000e+00    879.797      21116  1027.2792  1027.2755    33.8470    33.8402    8.14355         33 0.0000e+00
     17.000     16.833    -0.4423  27.765347    -0.4362  27.769877     7.9304     8.0184     1.3953    89.8047 1.1253e-01  -64.93370  -64.39962 344.196281      99.97 0.0000e+00    885.654      21257  1027.2369  1027.2356    33.7914    33.7906    8.17263         40 0.0000e+00
     16.000     15.842    -0.5687  27.617203    -0.5294  27.665882     8.0241     8.0753     1.4660    89.3911 1.2906e-01  -64.93370  -64.39964 344.196301      99.97 0.0000e+00    887.409      21299  1027.1934  1027.2081    33.7338    33.7554    8.20327         40 0.0000e+00
     15.000     14.853    -0.8053  27.341905    -0.8502  27.288212     8.0351     8.0917     1.5274    88.4404 1.5183e-01  -64.93371  -64.39964 344.196582      99.97 0.0000e+00    911.709      21882  1027.1126  1027.0978    33.6265    33.6039    8.26114         36 0.0000e+00
     14.000     13.861    -0.9520  27.166028    -0.9537  27.162279     8.0800     8.1342     1.5526    87.4612 1.8950e-01  -64.93374  -64.39962 344.197434      99.97 0.0000e+00    985.268      23647  1027.0460  1027.0435    33.5523    33.5491    8.29775         32 0.0000e+00
     13.000     12.872    -0.9730  27.140724    -0.9746  27.137135     8.0817     8.1522     1.6345    87.3835 2.0443e-01  -64.93374  -64.39964 344.197526      99.97 0.0000e+00    993.289      23840  1027.0336  1027.0311    33.5420    33.5388    8.30300         33 0.0000e+00
     12.000     11.882    -0.9688  27.145648    -0.9688  27.144014     8.0765     8.1477     1.5523    87.3765 2.3146e-01  -64.93374  -64.39963 344.197543      99.97 0.0000e+00    994.737      23875  1027.0305  1027.0287    33.5446    33.5424    8.30191         36 0.0000e+00
     11.000     10.892    -0.9904  27.120851    -0.9902  27.119770     8.0993     8.1455     1.8177    87.3319 3.2061e-01  -64.93374  -64.39962 344.197590      99.97 0.0000e+00    998.772      23972  1027.0196  1027.0183    33.5355    33.5338    8.30721         40 0.0000e+00
     10.000      9.899    -0.9840  27.127125    -0.9841  27.125078     8.1063     8.1422     1.7798    87.2517 3.5745e-01  -64.93374  -64.39962 344.197612      99.96 0.0000e+00   1000.657      24017  1027.0159  1027.0137    33.5375    33.5349    8.30568         34 0.0000e+00
      9.000      8.913    -0.9881  27.121680    -0.9873  27.120808     8.0922     8.1501     1.8474    87.2517 4.0521e-01  -64.93374  -64.39962 344.197650      99.97 0.0000e+00   1003.921      24095  1027.0094  1027.0077    33.5354    33.5333    8.30672         36 0.0000e+00
      8.000      7.920    -0.9866  27.123103    -0.9865  27.121547     8.0903     8.1481     1.7474    87.1834 4.6150e-01  -64.93374  -64.39963 344.197680      86.78 0.0000e+00   1006.535      24158  1027.0052  1027.0034    33.5363    33.5341    8.30634         37 0.0000e+00
      7.000      6.931    -0.9864  27.122980    -0.9867  27.121002     8.0993     8.1511     1.6939    87.2074 5.2434e-01  -64.93374  -64.39962 344.197719      41.80 0.0000e+00   1009.930      24239  1027.0005  1026.9986    33.5365    33.5341    8.30628         39 0.0000e+00
      6.000      5.941    -0.9860  27.122797    -0.9842  27.123315     8.0832     8.1552     1.7363    87.1864 6.1526e-01  -64.93375  -64.39960 344.197761      95.26 0.0000e+00   1013.526      24326  1026.9955  1026.9944    33.5364    33.5350    8.30620         34 0.0000e+00
      5.000      4.953    -0.9856  27.122689    -0.9857  27.120906     8.0839     8.1441     1.6537    87.1564 7.6724e-01  -64.93376  -64.39961 344.197858      99.89 0.0000e+00   1021.956      24528  1026.9907  1026.9888    33.5364    33.5341    8.30610         34 0.0000e+00
      4.000      3.962    -0.9856  27.121760    -0.9857  27.120070     8.1972     8.7966     1.6256    87.1693 1.0313e+00  -64.93378  -64.39958 344.198358      99.97 0.0000e+00   1065.142      25564  1026.9852  1026.9835    33.5357    33.5336    8.30614         32 0.0000e+00
      3.000      2.969    -0.9853  27.121548    -0.9858  27.119412     8.7735     9.9888     1.5604    87.1284 1.3054e+00  -64.93378  -64.39960 344.198372      99.97 0.0000e+00   1066.323      25593  1026.9805  1026.9787    33.5357    33.5334    8.30607         24 0.0000e+00
      2.000      1.982    -0.9860  27.120702    -0.9865  27.118712    10.0231     9.9734     1.5457    87.1342 1.6124e+00  -64.93378  -64.39960 344.198382      99.97 0.0000e+00   1067.169      25613  1026.9760  1026.9742    33.5360    33.5338    8.30622         21 0.0000e+00
      1.000      0.989    -0.9868  27.119468    -0.9866  27.117943     9.7505    10.0042     1.6119    87.0701 3.6030e+00  -64.93378  -64.39960 344.198393      99.97 0.0000e+00   1068.118      25636  1026.9710  1026.9691    33.5358    33.5335    8.30640         26 0.0000e+00
