NBP2113_155081_ctd/data/nbp2113_031.ros
* Sea-Bird SBE 9 Data File:
* FileName = D:\Data\raw\NBP2113_031.hex
* Software Version Seasave V 7.26.7.121
* Temperature SN = 2438
* Conductivity SN = 2067
* Number of Bytes Per Scan = 40
* Number of Voltage Words = 5
* Number of Scans Averaged by the Deck Unit = 1
* NMEA Latitude = 66 30.40 S
* NMEA Longitude = 069 53.27 W
* NMEA UTC (Time) = Dec 06 2021  01:15:18
* NMEA baud rate = 9600
** Ship: RVIB N.B. Palmer
** Cruise: NBP2113 LTER
** Station: 300.100
** Operator: S. Blackman
# nquan = 20
# nvalues = 1127                                  
# units = specified
# name 0 = prDM: Pressure, Digiquartz [db]
# name 1 = depSM: Depth [salt water, m]
# name 2 = t090C: Temperature [ITS-90, deg C]
# name 3 = c0mS/cm: Conductivity [mS/cm]
# name 4 = t190C: Temperature, 2 [ITS-90, deg C]
# name 5 = c1mS/cm: Conductivity, 2 [mS/cm]
# name 6 = sbeox0ML/L: Oxygen, SBE 43 [ml/l]
# name 7 = sbeox1ML/L: Oxygen, SBE 43, 2 [ml/l]
# name 8 = flECO-AFL: Fluorescence, WET Labs ECO-AFL/FL [mg/m^3]
# name 9 = CStarTr0: Beam Transmission, WET Labs C-Star [%]
# name 10 = par: PAR/Irradiance, Biospherical/Licor
# name 11 = latitude: Latitude [deg]
# name 12 = longitude: Longitude [deg]
# name 13 = timeJ: Julian Days
# name 14 = altM: Altimeter [m]
# name 15 = spar: SPAR, Biospherical/Licor
# name 16 = timeS: Time, Elapsed [seconds]
# name 17 = scan: Scan Count
# name 18 = nbf: Bottles Fired
# name 19 = flag:  0.000e+00
# interval = seconds: 0.0416667
# start_time = Dec 06 2021 01:15:18 [NMEA time, header]
# bad_flag = -9.990e-29
*END*
[from data line 435]
     85.880     85.012    -0.4267  28.062947    -0.4233  28.065257     7.3836     7.1025     0.8055    93.9186 1.0000e-12  -66.50696  -69.88834 340.073511      99.98 5.4649e+01   1833.333      44001          9  0.000e+00
     85.935     85.066    -0.4280  28.062313    -0.4222  28.065539     7.3818     7.1027     0.8055    93.9186 1.0000e-12  -66.50696  -69.88834 340.073511      99.98 5.4649e+01   1833.375      44002          9  0.000e+00
     85.935     85.066    -0.4293  28.061505    -0.4225  28.065708     7.3801     7.1038     0.8055    93.9186 1.0000e-12  -66.50696  -69.88834 340.073512      99.95 5.4649e+01   1833.417      44003          9  0.000e+00
     85.915     85.046    -0.4299  28.060928    -0.4216  28.066328     7.3783     7.1043     0.8128    93.9186 1.0000e-12  -66.50696  -69.88834 340.073512      99.95 5.4649e+01   1833.458      44004          9  0.000e+00
     85.880     85.012    -0.4299  28.060813    -0.4206  28.067117     7.3720     7.1000     0.8201    93.9186 1.0000e-12  -66.50696  -69.88834 340.073513      99.98 5.4649e+01   1833.500      44005          9  0.000e+00
     85.880     85.012    -0.4296  28.061332    -0.4210  28.067229     7.3659     7.1004     0.8201    93.9186 1.0000e-12  -66.50696  -69.88834 340.073513      99.98 5.4649e+01   1833.542      44006          9  0.000e+00
     86.952     86.073    -0.3960  28.100739    -0.3988  28.098225     6.9643     6.8469     0.7615    94.2019 1.0000e-12  -66.50696  -69.88836 340.073625      99.98 5.4649e+01   1843.208      44238         10  0.000e+00
     86.850     85.971    -0.3954  28.101835    -0.3984  28.098845     6.9632     6.8562     0.7615    94.2019 1.0000e-12  -66.50696  -69.88836 340.073626      99.95 5.4649e+01   1843.250      44239         10  0.000e+00
     86.905     86.026    -0.3951  28.102066    -0.3980  28.099408     6.9683     6.8611     0.7615    94.2019 1.0000e-12  -66.50696  -69.88836 340.073626      99.98 5.4649e+01   1843.292      44240         10  0.000e+00
     86.932     86.053    -0.3946  28.102354    -0.3977  28.099747     6.9718     6.8652     0.7615    94.2019 1.0000e-12  -66.50696  -69.88836 340.073627      99.98 5.4649e+01   1843.333      44241         10  0.000e+00
     87.001     86.121    -0.3945  28.102528    -0.3969  28.100198     6.9871     6.8748     0.7688    94.2019 1.0000e-12  -66.50696  -69.88836 340.073627      99.98 5.4649e+01   1843.375      44242         10  0.000e+00
     86.905     86.026    -0.3946  28.102701    -0.3968  28.100536     6.9932     6.8852     0.7762    94.2019 1.0000e-12  -66.50696  -69.88836 340.073628      99.95 5.4649e+01   1843.417      44243         10  0.000e+00
     86.905     86.026    -0.3945  28.102585    -0.3960  28.100817     6.9991     6.8910     0.7688    94.2019 1.0000e-12  -66.50696  -69.88836 340.073628      99.95 5.4649e+01   1843.458      44244         10  0.000e+00
     86.987     86.107    -0.3949  28.102297    -0.3959  28.100254     6.9992     6.8960     0.7762    94.2019 1.0000e-12  -66.50696  -69.88836 340.073628      99.98 5.4649e+01   1843.500      44245         10  0.000e+00
     86.850     85.971    -0.3964  28.102412    -0.3957  28.099690     7.0153     6.9007     0.7762    94.2019 1.0000e-12  -66.50696  -69.88836 340.073629      99.98 5.4649e+01   1843.542      44246         10  0.000e+00
     87.001     86.121    -0.3951  28.102701    -0.3955  28.098563     7.0206     6.9103     0.7688    94.2019 1.0000e-12  -66.50696  -69.88836 340.073629      99.98 5.4649e+01   1843.583      44247         10  0.000e+00
     86.905     86.026    -0.3943  28.102816    -0.3953  28.098055     7.0241     6.9148     0.7688    94.2019 1.0000e-12  -66.50696  -69.88836 340.073630      99.98 5.4649e+01   1843.625      44248         10  0.000e+00
     86.932     86.053    -0.3945  28.102181    -0.3971  28.096816     7.0289     6.9197     0.7762    94.2019 1.0000e-12  -66.50696  -69.88836 340.073630      99.98 5.4649e+01   1843.667      44249         10  0.000e+00
     86.953     86.073    -0.3957  28.099988    -0.3994  28.096196     7.0382     6.9300     0.7688    94.2019 1.0000e-12  -66.50696  -69.88836 340.073631      99.95 5.4649e+01   1843.708      44250         10  0.000e+00
     86.905     86.026    -0.3978  28.098315    -0.3989  28.097097     7.0499     6.9348     0.7688    94.2019 1.0000e-12  -66.50696  -69.88836 340.073631      99.98 5.4649e+01   1843.750      44251         10  0.000e+00
     86.953     86.073    -0.3970  28.099007    -0.3976  28.098056     7.0562     6.9394     0.7688    94.2019 1.0000e-12  -66.50696  -69.88836 340.073632      99.98 5.4649e+01   1843.792      44252         10  0.000e+00
     86.884     86.005    -0.3968  28.099700    -0.3986  28.095463     7.0621     6.9434     0.7762    94.1761 1.0000e-12  -66.50696  -69.88836 340.073632      99.98 5.4649e+01   1843.833      44253         10  0.000e+00
     86.905     86.026    -0.3966  28.100046    -0.4029  28.090391     7.0677     6.9535     0.7688    94.1246 1.0000e-12  -66.50696  -69.88836 340.073633      99.98 5.4649e+01   1843.875      44254         10  0.000e+00
     86.850     85.972    -0.3968  28.100508    -0.4069  28.085600     7.0772     6.9585     0.7688    94.0989 1.0000e-12  -66.50696  -69.88836 340.073633      99.93 5.4649e+01   1843.917      44255         10  0.000e+00
     86.850     85.972    -0.3965  28.101316    -0.4087  28.083516     7.0760     6.9675     0.7688    94.0731 1.0000e-12  -66.50696  -69.88836 340.073634      99.95 5.4649e+01   1843.958      44256         10  0.000e+00
     86.884     86.005    -0.3965  28.101893    -0.4095  28.081994     7.0788     6.9713     0.7688    94.0731 1.0000e-12  -66.50696  -69.88836 340.073634      99.98 5.4649e+01   1844.000      44257         10  0.000e+00
     86.850     85.972    -0.3957  28.102181    -0.4106  28.080980     7.0941     6.9747     0.7762    94.0989 1.0000e-12  -66.50696  -69.88836 340.073635      99.98 5.4649e+01   1844.042      44258         10  0.000e+00
     86.850     85.972    -0.3960  28.101835    -0.4111  28.081205     7.0943     6.9831     0.7688    94.0731 1.0000e-12  -66.50696  -69.88836 340.073635      99.98 5.4649e+01   1844.083      44259         10  0.000e+00
     86.747     85.870    -0.3961  28.101892    -0.4109  28.081543     7.0970     6.9863     0.7688    94.0731 1.0000e-12  -66.50696  -69.88836 340.073636      99.98 5.4649e+01   1844.125      44260         10  0.000e+00
     86.884     86.006    -0.3957  28.102354    -0.4101  28.083798     7.1066     6.9892     0.7688    94.0989 1.0000e-12  -66.50696  -69.88836 340.073636      99.98 5.4649e+01   1844.167      44261         10  0.000e+00
     86.802     85.924    -0.3954  28.102700    -0.4077  28.086897     7.1110     6.9967     0.7688    94.0731 1.0000e-12  -66.50696  -69.88836 340.073637      99.95 5.4649e+01   1844.208      44262         10  0.000e+00
     86.747     85.870    -0.3954  28.102816    -0.4063  28.088080     7.1194     6.9995     0.7688    94.0731 1.0000e-12  -66.50696  -69.88836 340.073637      99.95 5.4649e+01   1844.250      44263         10  0.000e+00
     86.699     85.822    -0.3955  28.102354    -0.4060  28.088023     7.1169     7.0076     0.7688    94.0989 1.0000e-12  -66.50696  -69.88836 340.073638      99.98 5.4649e+01   1844.292      44264         10  0.000e+00
     86.782     85.904    -0.3958  28.101027    -0.4063  28.087967     7.1185     7.0109     0.7688    94.0989 1.0000e-12  -66.50696  -69.88836 340.073638      99.98 5.4649e+01   1844.333      44265         10  0.000e+00
     86.699     85.823    -0.3965  28.099237    -0.4058  28.088756     7.1209     7.0134     0.7688    94.0989 1.0000e-12  -66.50696  -69.88836 340.073639      99.98 5.4649e+01   1844.375      44266         10  0.000e+00
     86.699     85.823    -0.3978  28.097391    -0.4050  28.089207     7.1275     7.0146     0.7176    94.0989 1.0000e-12  -66.50696  -69.88836 340.073639      99.95 5.4649e+01   1844.417      44267         10  0.000e+00
     86.651     85.775    -0.3987  28.095890    -0.4054  28.088418     7.1288     7.0165     0.6589    94.0989 1.0000e-12  -66.50696  -69.88836 340.073640      99.98 5.4649e+01   1844.458      44268         10  0.000e+00
     86.631     85.755    -0.3997  28.094390    -0.4060  28.087629     7.1353     7.0235     0.6443    94.0731 1.0000e-12  -66.50696  -69.88836 340.073640      99.98 5.4649e+01   1844.500      44269         10  0.000e+00
     86.651     85.775    -0.4010  28.093005    -0.4067  28.086051     7.1324     7.0256     0.6443    94.0731 1.0000e-12  -66.50696  -69.88836 340.073641      99.98 5.4649e+01   1844.542      44270         10  0.000e+00
     86.549     85.673    -0.4025  28.091505    -0.4087  28.082162     7.1391     7.0264     0.6443    94.0989 1.0000e-12  -66.50696  -69.88836 340.073641      99.98 5.4649e+01   1844.583      44271         10  0.000e+00
     86.597     85.721    -0.4037  28.089889    -0.4124  28.076922     7.1408     7.0338     0.6443    94.0989 1.0000e-12  -66.50696  -69.88836 340.073641      99.98 5.4649e+01   1844.625      44272         10  0.000e+00
     86.480     85.606    -0.4054  28.087870    -0.4162  28.072639     7.1404     7.0357     0.6443    94.0731 1.0000e-12  -66.50696  -69.88836 340.073642      99.98 5.4649e+01   1844.667      44273         10  0.000e+00
     86.494     85.619    -0.4073  28.084523    -0.4187  28.069992     7.1411     7.0370     0.6443    94.1246 1.0000e-12  -66.50696  -69.88836 340.073642      99.95 5.4649e+01   1844.708      44274         10  0.000e+00
     86.494     85.619    -0.4100  28.081639    -0.4209  28.067231     7.1456     7.0432     0.6443    94.1246 1.0000e-12  -66.50696  -69.88836 340.073643      99.95 5.4649e+01   1844.750      44275         10  0.000e+00
     86.446     85.572    -0.4115  28.079619    -0.4231  28.065484     7.1387     7.0441     0.6443    94.1246 1.0000e-12  -66.50696  -69.88836 340.073643      99.98 5.4649e+01   1844.792      44276         10  0.000e+00
     86.425     85.551    -0.4139  28.076908    -0.4242  28.064414     7.1359     7.0443     0.6443    94.1246 1.0000e-12  -66.50696  -69.88836 340.073644      99.98 5.4649e+01   1844.833      44277         10  0.000e+00
     86.343     85.470    -0.4163  28.074196    -0.4254  28.063174     7.1352     7.0439     0.6443    94.1246 1.0000e-12  -66.50696  -69.88836 340.073644      99.98 5.4649e+01   1844.875      44278         10  0.000e+00
     86.343     85.470    -0.4177  28.072350    -0.4263  28.062667     7.1395     7.0438     0.6443    94.1246 1.0000e-12  -66.50696  -69.88836 340.073645      99.95 5.4649e+01   1844.917      44279         10  0.000e+00
     86.343     85.470    -0.4191  28.070908    -0.4266  28.062498     7.1447     7.0431     0.6443    94.1246 1.0000e-12  -66.50696  -69.88836 340.073645      99.95 5.4649e+01   1844.958      44280         10  0.000e+00
     86.275     85.402    -0.4202  28.069581    -0.4265  28.062329     7.1430     7.0473     0.6443    94.1246 1.0000e-12  -66.50696  -69.88836 340.073646      99.98 5.4649e+01   1845.000      44281         10  0.000e+00
     86.240     85.368    -0.4213  28.068716    -0.4271  28.061709     7.1421     7.0473     0.6443    94.1246 1.0000e-12  -66.50696  -69.88836 340.073646      99.98 5.4649e+01   1845.042      44282         10  0.000e+00
     86.193     85.321    -0.4221  28.067101    -0.4263  28.063118     7.1405     7.0465     0.6443    94.1246 1.0000e-12  -66.50696  -69.88836 340.073647      99.98 5.4649e+01   1845.083      44283         10  0.000e+00
     86.193     85.321    -0.4236  28.065428    -0.4234  28.065934     7.1398     7.0448     0.6443    94.1246 1.0000e-12  -66.50696  -69.88836 340.073647      99.98 5.4649e+01   1845.125      44284         10  0.000e+00
     86.172     85.301    -0.4246  28.064447    -0.4214  28.066554     7.1324     7.0493     0.6443    94.1246 1.0000e-12  -66.50696  -69.88836 340.073648      99.98 5.4649e+01   1845.167      44285         10  0.000e+00
     86.090     85.219    -0.4253  28.063639    -0.4212  28.066385     7.1303     7.0489     0.6443    94.1246 1.0000e-12  -66.50696  -69.88836 340.073648      99.95 5.4649e+01   1845.208      44286         10  0.000e+00
     76.404     75.633    -0.4949  27.947016    -0.4842  27.962991     7.6005     7.5377     1.0619    92.8629 1.0000e-12  -66.50696  -69.88838 340.074143      99.95 5.4649e+01   1887.917      45311         11  0.000e+00
     76.452     75.680    -0.4942  27.947592    -0.4847  27.961247     7.5954     7.5391     1.0619    92.8629 1.0000e-12  -66.50696  -69.88838 340.074143      99.95 5.4649e+01   1887.958      45312         11  0.000e+00
     76.404     75.633    -0.4939  27.948628    -0.4855  27.960685     7.6028     7.5402     1.0619    92.8629 1.0000e-12  -66.50696  -69.88838 340.074144      99.98 5.4649e+01   1888.000      45313         11  0.000e+00
     76.404     75.633    -0.4936  27.949204    -0.4850  27.960066     7.6025     7.5408     1.0619    92.8629 1.0000e-12  -66.50696  -69.88838 340.074144      99.98 5.4649e+01   1888.042      45314         11  0.000e+00
     76.452     75.680    -0.4941  27.948801    -0.4870  27.956297     7.6091     7.5417     1.0619    92.8629 1.0000e-12  -66.50696  -69.88838 340.074144      99.98 5.4649e+01   1888.083      45315         11  0.000e+00
     76.452     75.680    -0.4944  27.948168    -0.4892  27.953371     7.6091     7.5424     1.0619    92.8629 1.0000e-12  -66.50696  -69.88838 340.074145      99.98 5.4649e+01   1888.125      45316         11  0.000e+00
     76.452     75.680    -0.4945  27.947131    -0.4912  27.950615     7.6098     7.5482     1.0619    92.8629 1.0000e-12  -66.50696  -69.88838 340.074145      99.98 5.4649e+01   1888.167      45317         11  0.000e+00
     76.507     75.735    -0.4949  27.946498    -0.4934  27.947634     7.6217     7.5492     1.0619    92.8629 1.0000e-12  -66.50696  -69.88838 340.074146      99.95 5.4649e+01   1888.208      45318         11  0.000e+00
     76.404     75.633    -0.4952  27.945518    -0.4948  27.944990     7.6164     7.5504     1.0545    92.8629 1.0000e-12  -66.50696  -69.88838 340.074146      99.98 5.4649e+01   1888.250      45319         11  0.000e+00
     76.507     75.735    -0.4961  27.944712    -0.4962  27.943021     7.6166     7.5515     1.0326    92.8629 1.0000e-12  -66.50696  -69.88838 340.074147      99.98 5.4649e+01   1888.292      45320         11  0.000e+00
     76.507     75.735    -0.4967  27.944655    -0.4972  27.940772     7.6174     7.5512     1.0252    92.8629 1.0000e-12  -66.50696  -69.88838 340.074147      99.98 5.4649e+01   1888.333      45321         11  0.000e+00
     76.507     75.735    -0.4961  27.945980    -0.4990  27.938634     7.6216     7.5571     1.0252    92.8629 1.0000e-12  -66.50696  -69.88838 340.074148      99.95 5.4649e+01   1888.375      45322         11  0.000e+00
     76.452     75.680    -0.4956  27.946498    -0.5000  27.937284     7.6206     7.5579     1.0252    92.8629 1.0000e-12  -66.50696  -69.88838 340.074148      99.93 5.4649e+01   1888.417      45323         11  0.000e+00
     76.507     75.735    -0.4956  27.946613    -0.5009  27.935654     7.6191     7.5584     1.0252    92.8629 1.0000e-12  -66.50696  -69.88838 340.074149      99.95 5.4649e+01   1888.458      45324         11  0.000e+00
     76.555     75.782    -0.4956  27.947016    -0.5015  27.935035     7.6124     7.5649     1.0252    92.8629 1.0000e-12  -66.50696  -69.88838 340.074149      99.98 5.4649e+01   1888.500      45325         11  0.000e+00
     76.555     75.782    -0.4947  27.947131    -0.5019  27.934979     7.6167     7.5654     1.0252    92.8371 1.0000e-12  -66.50696  -69.88838 340.074150      99.98 5.4649e+01   1888.542      45326         11  0.000e+00
