NBP2113_155081_ctd/data/nbp2113_015.ros
* Sea-Bird SBE 9 Data File:
* FileName = D:\Data\raw\NBP2113_015.hex
* Software Version Seasave V 7.26.7.121
* Temperature SN = 2438
* Conductivity SN = 2067
* Number of Bytes Per Scan = 40
* Number of Voltage Words = 5
* Number of Scans Averaged by the Deck Unit = 1
* NMEA Latitude = 66 15.27 S
* NMEA Longitude = 067 20.33 W
* NMEA UTC (Time) = Nov 27 2021  19:51:53
* NMEA baud rate = 9600
** Ship: RVIB N.B. Palmer
** Cruise: NBP2113 LTER
** Station: 500.040
** Operator: S. Blackman
# nquan = 20
# nvalues = 1163                                  
# units = specified
# name 0 = prDM: Pressure, Digiquartz [db]
# name 1 = depSM: Depth [salt water, m]
# name 2 = t090C: Temperature [ITS-90, deg C]
# name 3 = c0mS/cm: Conductivity [mS/cm]
# name 4 = t190C: Temperature, 2 [ITS-90, deg C]
# name 5 = c1mS/cm: Conductivity, 2 [mS/cm]
# name 6 = sbeox0ML/L: Oxygen, SBE 43 [ml/l]
# name 7 = sbeox1ML/L: Oxygen, SBE 43, 2 [ml/l]
# name 8 = flECO-AFL: Fluorescence, WET Labs ECO-AFL/FL [mg/m^3]
# name 9 = CStarTr0: Beam Transmission, WET Labs C-Star [%]
# name 10 = par: PAR/Irradiance, Biospherical/Licor
# name 11 = latitude: Latitude [deg]
# name 12 = longitude: Longitude [deg]
# name 13 = timeJ: Julian Days
# name 14 = altM: Altimeter [m]
# name 15 = spar: SPAR, Biospherical/Licor
# name 16 = timeS: Time, Elapsed [seconds]
# name 17 = scan: Scan Count
# name 18 = nbf: Bottles Fired
# name 19 = flag:  0.000e+00
# interval = seconds: 0.0416667
# start_time = Nov 27 2021 19:51:53 [NMEA time, header]
# bad_flag = -9.990e-29
*END*
[from data line 435]
     76.653     75.881    -1.3123  27.128751    -1.3047  27.135123     7.5748     7.6096     0.2853    95.8756 3.2737e-01  -66.25452  -67.33870 331.840647      99.98 3.9665e+02   1118.875      26854          9  0.000e+00
     76.653     75.881    -1.3100  27.130802    -1.3014  27.139908     7.5787     7.6096     0.2853    95.8756 3.2737e-01  -66.25452  -67.33870 331.840647      99.95 3.9665e+02   1118.917      26855          9  0.000e+00
     76.701     75.928    -1.3088  27.130973    -1.2960  27.145305     7.5779     7.6083     0.2853    95.8756 3.2737e-01  -66.25452  -67.33870 331.840648      99.98 3.9665e+02   1118.958      26856          9  0.000e+00
     76.701     75.928    -1.3101  27.129663    -1.2942  27.147587     7.5789     7.6076     0.2853    95.8756 3.2457e-01  -66.25452  -67.33870 331.840648      99.98 3.9841e+02   1119.000      26857          9  0.000e+00
     76.804     76.030    -1.3094  27.132626    -1.2907  27.152985     7.5729     7.6073     0.2853    95.8756 3.2457e-01  -66.25452  -67.33870 331.840649      99.98 3.9665e+02   1119.042      26858          9  0.000e+00
     76.749     75.976    -1.3004  27.143051    -1.2832  27.159051     7.5705     7.6059     0.2853    95.8756 3.2457e-01  -66.25452  -67.33870 331.840649      99.98 3.9665e+02   1119.083      26859          9  0.000e+00
     75.483     74.723    -1.3701  27.066853    -1.3438  27.092958     7.5861     7.6109     0.3439    95.8499 3.5290e-01  -66.25452  -67.33870 331.840758      99.98 4.0194e+02   1128.500      27085         10  0.000e+00
     75.483     74.723    -1.3701  27.066682    -1.3465  27.089122     7.5847     7.6118     0.3439    95.8756 3.5290e-01  -66.25452  -67.33870 331.840759      99.98 4.0194e+02   1128.542      27086         10  0.000e+00
     75.483     74.723    -1.3703  27.066682    -1.3498  27.085285     7.5893     7.6137     0.3439    95.8499 3.5290e-01  -66.25452  -67.33870 331.840759      99.98 4.0194e+02   1128.583      27087         10  0.000e+00
     75.538     74.777    -1.3710  27.066454    -1.3523  27.083784     7.5816     7.6152     0.3439    95.8499 3.5578e-01  -66.25452  -67.33870 331.840760      99.95 4.0194e+02   1128.625      27088         10  0.000e+00
     75.538     74.777    -1.3708  27.066739    -1.3530  27.082839     7.5873     7.6162     0.3439    95.8499 3.5290e-01  -66.25452  -67.33870 331.840760      99.98 4.0194e+02   1128.667      27089         10  0.000e+00
     75.538     74.777    -1.3678  27.070780    -1.3547  27.080837     7.5828     7.6231     0.3439    95.8499 3.5290e-01  -66.25452  -67.33870 331.840761      99.98 4.0194e+02   1128.708      27090         10  0.000e+00
     75.538     74.777    -1.3639  27.073626    -1.3564  27.079892     7.5828     7.6184     0.3439    95.8756 3.5290e-01  -66.25452  -67.33870 331.840761      99.98 4.0194e+02   1128.750      27091         10  0.000e+00
     75.538     74.777    -1.3631  27.073342    -1.3569  27.078780     7.5788     7.6181     0.3439    95.8499 3.5290e-01  -66.25452  -67.33870 331.840761      99.98 4.0194e+02   1128.792      27092         10  0.000e+00
     75.586     74.825    -1.3645  27.071919    -1.3576  27.078669     7.5800     7.6177     0.3439    95.8756 3.5290e-01  -66.25452  -67.33870 331.840762      99.98 4.0194e+02   1128.833      27093         10  0.000e+00
     75.586     74.825    -1.3666  27.069186    -1.3575  27.078892     7.5860     7.6227     0.3439    95.8499 3.5290e-01  -66.25452  -67.33870 331.840762      99.98 4.0194e+02   1128.875      27094         10  0.000e+00
     75.586     74.825    -1.3701  27.065145    -1.3572  27.079948     7.5936     7.6226     0.3439    95.8499 3.5290e-01  -66.25452  -67.33870 331.840763      99.95 4.0194e+02   1128.917      27095         10  0.000e+00
     75.634     74.872    -1.3738  27.061503    -1.3551  27.082617     7.6026     7.6230     0.3439    95.8756 3.5290e-01  -66.25452  -67.33870 331.840763      99.95 4.0194e+02   1128.958      27096         10  0.000e+00
     75.586     74.825    -1.3759  27.060478    -1.3526  27.085063     7.6046     7.6221     0.3439    95.8499 3.5290e-01  -66.25452  -67.33870 331.840764      99.98 4.0194e+02   1129.000      27097         10  0.000e+00
     75.689     74.926    -1.3772  27.059853    -1.3500  27.087955     7.6002     7.6221     0.3439    95.8499 3.5004e-01  -66.25452  -67.33870 331.840764      99.98 4.0194e+02   1129.042      27098         10  0.000e+00
     75.689     74.926    -1.3778  27.059853    -1.3469  27.090902     7.6105     7.6219     0.3439    95.8499 3.5004e-01  -66.25452  -67.33870 331.840765      99.98 4.0194e+02   1129.083      27099         10  0.000e+00
     75.689     74.926    -1.3771  27.060080    -1.3435  27.095183     7.6048     7.6213     0.3439    95.8499 3.5004e-01  -66.25452  -67.33870 331.840765      99.95 4.0194e+02   1129.125      27100         10  0.000e+00
     75.689     74.926    -1.3755  27.062698    -1.3401  27.098019     7.6046     7.6207     0.3439    95.8499 3.5004e-01  -66.25452  -67.33870 331.840766      99.98 4.0194e+02   1129.167      27101         10  0.000e+00
     75.737     74.974    -1.3718  27.066455    -1.3397  27.098075     7.5975     7.6266     0.3439    95.8499 3.5004e-01  -66.25452  -67.33870 331.840766      99.98 4.0194e+02   1129.208      27102         10  0.000e+00
     75.791     75.028    -1.3697  27.068163    -1.3397  27.097241     7.6014     7.6276     0.3439    95.8499 3.5004e-01  -66.25452  -67.33870 331.840767      99.98 4.0194e+02   1129.250      27103         10  0.000e+00
     75.791     75.028    -1.3697  27.069415    -1.3401  27.097185     7.6129     7.6285     0.3366    95.8241 3.5004e-01  -66.25452  -67.33870 331.840767      99.98 4.0194e+02   1129.292      27104         10  0.000e+00
     75.791     75.028    -1.3648  27.076360    -1.3393  27.098909     7.6133     7.6288     0.3000    95.8241 3.5004e-01  -66.25452  -67.33870 331.840768      99.98 4.0194e+02   1129.333      27105         10  0.000e+00
     75.887     75.123    -1.3557  27.084614    -1.3357  27.102246     7.6141     7.6285     0.2926    95.8499 3.5004e-01  -66.25452  -67.33870 331.840768      99.98 4.0194e+02   1129.375      27106         10  0.000e+00
     75.839     75.076    -1.3526  27.086778    -1.3333  27.104415     7.6099     7.6281     0.2926    95.8499 3.5004e-01  -66.25452  -67.33870 331.840769      99.95 4.0194e+02   1129.417      27107         10  0.000e+00
     75.887     75.123    -1.3526  27.086038    -1.3311  27.106862     7.6169     7.6278     0.2926    95.8499 3.4717e-01  -66.25452  -67.33870 331.840769      99.98 4.0194e+02   1129.458      27108         10  0.000e+00
     75.942     75.177    -1.3523  27.085582    -1.3293  27.108419     7.6068     7.6274     0.2926    95.8499 3.4717e-01  -66.25452  -67.33870 331.840770      99.98 4.0194e+02   1129.500      27109         10  0.000e+00
     75.942     75.177    -1.3529  27.085525    -1.3282  27.109198     7.6056     7.6327     0.2926    95.8499 3.4717e-01  -66.25452  -67.33870 331.840770      99.98 4.0194e+02   1129.542      27110         10  0.000e+00
     75.990     75.225    -1.3531  27.083931    -1.3280  27.108864     7.5983     7.6343     0.2926    95.8499 3.4717e-01  -66.25452  -67.33870 331.840771      99.98 4.0194e+02   1129.583      27111         10  0.000e+00
     76.045     75.279    -1.3582  27.077612    -1.3284  27.108587     7.5951     7.6358     0.2926    95.8499 3.4717e-01  -66.25452  -67.33870 331.840771      99.95 4.0194e+02   1129.625      27112         10  0.000e+00
     76.045     75.279    -1.3673  27.070042    -1.3276  27.110756     7.5986     7.6368     0.2926    95.8499 3.4432e-01  -66.25452  -67.33870 331.840772      99.98 4.0194e+02   1129.667      27113         10  0.000e+00
     76.093     75.327    -1.3727  27.067822    -1.3244  27.114538     7.5976     7.6370     0.2926    95.8499 3.4432e-01  -66.25452  -67.33870 331.840772      99.98 4.0194e+02   1129.708      27114         10  0.000e+00
     76.093     75.327    -1.3670  27.074482    -1.3212  27.116930     7.5982     7.6362     0.2926    95.8499 3.4432e-01  -66.25452  -67.33870 331.840773      99.98 4.0194e+02   1129.750      27115         10  0.000e+00
     76.196     75.428    -1.3587  27.081769    -1.3192  27.118933     7.5983     7.6356     0.2926    95.8241 3.4432e-01  -66.25452  -67.33868 331.840773      99.98 4.0194e+02   1129.792      27116         10  0.000e+00
     76.196     75.428    -1.3551  27.084217    -1.3182  27.119044     7.5858     7.6350     0.2926    95.8499 3.4432e-01  -66.25452  -67.33868 331.840774      99.98 4.0194e+02   1129.833      27117         10  0.000e+00
     76.244     75.476    -1.3554  27.083477    -1.3203  27.114427     7.5880     7.6361     0.2926    95.8499 3.4432e-01  -66.25452  -67.33868 331.840774      99.98 4.0017e+02   1129.875      27118         10  0.000e+00
     76.244     75.476    -1.3552  27.084331    -1.3255  27.110923     7.5899     7.6375     0.3000    95.8499 3.4432e-01  -66.25452  -67.33868 331.840774      99.95 4.0194e+02   1129.917      27119         10  0.000e+00
     76.298     75.530    -1.3531  27.084558    -1.3251  27.113259     7.5820     7.6431     0.2926    95.8499 3.4148e-01  -66.25452  -67.33868 331.840775      99.95 4.0194e+02   1129.958      27120         10  0.000e+00
     76.333     75.564    -1.3559  27.081370    -1.3222  27.114705     7.5798     7.6366     0.2926    95.8499 3.4148e-01  -66.25452  -67.33868 331.840775      99.98 4.0017e+02   1130.000      27121         10  0.000e+00
     76.401     75.632    -1.3569  27.079947    -1.3237  27.114594     7.5832     7.6423     0.2926    95.8499 3.4148e-01  -66.25452  -67.33868 331.840776      99.98 4.0017e+02   1130.042      27122         10  0.000e+00
     76.401     75.632    -1.3596  27.076702    -1.3212  27.117654     7.5821     7.6420     0.2926    95.8241 3.3864e-01  -66.25452  -67.33868 331.840776      99.98 4.0017e+02   1130.083      27123         10  0.000e+00
     76.449     75.679    -1.3651  27.073173    -1.3164  27.123439     7.5814     7.6409     0.2926    95.8241 3.3864e-01  -66.25452  -67.33868 331.840777      99.95 4.0017e+02   1130.125      27124         10  0.000e+00
     76.449     75.679    -1.3639  27.077044    -1.3108  27.128557     7.5787     7.6395     0.2926    95.8241 3.3864e-01  -66.25452  -67.33868 331.840777      99.98 4.0017e+02   1130.167      27125         10  0.000e+00
     76.552     75.781    -1.3520  27.090025    -1.3059  27.132563     7.5778     7.6382     0.2926    95.8241 3.3864e-01  -66.25452  -67.33868 331.840778      99.98 4.0017e+02   1130.208      27126         10  0.000e+00
     76.552     75.781    -1.3439  27.094978    -1.3035  27.133731     7.5793     7.6382     0.2926    95.8241 3.3864e-01  -66.25452  -67.33868 331.840778      99.98 4.0017e+02   1130.250      27127         10  0.000e+00
     76.655     75.883    -1.3481  27.091050    -1.3050  27.131116     7.5773     7.6383     0.2926    95.8241 3.3581e-01  -66.25452  -67.33868 331.840779      99.98 4.0017e+02   1130.292      27128         10  0.000e+00
     76.600     75.828    -1.3509  27.089285    -1.3084  27.128502     7.5773     7.6393     0.2926    95.8241 3.3581e-01  -66.25452  -67.33868 331.840779      99.98 4.0017e+02   1130.333      27129         10  0.000e+00
     76.703     75.930    -1.3473  27.094580    -1.3105  27.127111     7.5816     7.6400     0.2926    95.8241 3.3581e-01  -66.25452  -67.33868 331.840780      99.98 4.0017e+02   1130.375      27130         10  0.000e+00
     76.751     75.978    -1.3394  27.103236    -1.3113  27.126889     7.5874     7.6458     0.2780    95.8241 3.3581e-01  -66.25452  -67.33868 331.840780      99.95 4.0017e+02   1130.417      27131         10  0.000e+00
     76.751     75.978    -1.3309  27.109557    -1.3113  27.127056     7.6020     7.6407     0.2707    95.8241 3.3581e-01  -66.25452  -67.33868 331.840781      99.95 4.0017e+02   1130.458      27132         10  0.000e+00
     76.806     76.032    -1.3284  27.111949    -1.3120  27.126722     7.6098     7.6462     0.2707    95.8241 3.3581e-01  -66.25452  -67.33868 331.840781      99.98 4.0017e+02   1130.500      27133         10  0.000e+00
     61.184     60.570    -1.3506  27.048430    -1.3489  27.050559     7.8820     7.9423     0.6443    94.9229 9.3796e-01  -66.25450  -67.33862 331.841477      99.98 4.0194e+02   1190.583      28575         11  0.000e+00
     61.184     60.570    -1.3506  27.048430    -1.3489  27.050726     7.8908     7.9424     0.6516    94.9229 9.3796e-01  -66.25450  -67.33862 331.841477      99.95 4.0194e+02   1190.625      28576         11  0.000e+00
     61.184     60.570    -1.3508  27.048089    -1.3491  27.051670     7.8873     7.9423     0.6370    94.9229 9.3345e-01  -66.25450  -67.33862 331.841478      99.95 4.0194e+02   1190.667      28577         11  0.000e+00
     61.239     60.624    -1.3506  27.048089    -1.3487  27.052560     7.8836     7.9422     0.5710    94.9229 9.3345e-01  -66.25450  -67.33862 331.841478      99.98 4.0194e+02   1190.708      28578         11  0.000e+00
     61.232     60.617    -1.3506  27.048203    -1.3486  27.053394     7.8799     7.9420     0.5417    94.9486 9.2895e-01  -66.25450  -67.33862 331.841479      99.98 4.0194e+02   1190.750      28579         11  0.000e+00
     61.232     60.617    -1.3505  27.048260    -1.3486  27.053727     7.8809     7.9419     0.5417    94.9744 9.2895e-01  -66.25450  -67.33860 331.841479      99.98 4.0194e+02   1190.792      28580         11  0.000e+00
     61.287     60.672    -1.3506  27.047861    -1.3484  27.053394     7.8805     7.9418     0.5417    94.9744 9.2895e-01  -66.25450  -67.33860 331.841480      99.98 4.0194e+02   1190.833      28581         11  0.000e+00
     61.287     60.672    -1.3508  27.047918    -1.3486  27.052171     7.8724     7.9417     0.5417    94.9744 9.2895e-01  -66.25450  -67.33860 331.841480      99.98 4.0194e+02   1190.875      28582         11  0.000e+00
     61.287     60.672    -1.3505  27.048544    -1.3493  27.051726     7.8704     7.9417     0.5417    94.9744 9.2447e-01  -66.25450  -67.33860 331.841481      99.95 4.0194e+02   1190.917      28583         11  0.000e+00
     61.335     60.719    -1.3502  27.049341    -1.3494  27.051504     7.8624     7.9415     0.5417    94.9486 9.2447e-01  -66.25450  -67.33860 331.841481      99.95 4.0194e+02   1190.958      28584         11  0.000e+00
     61.335     60.719    -1.3496  27.050308    -1.3493  27.050782     7.8650     7.9412     0.5417    94.9744 9.2447e-01  -66.25450  -67.33860 331.841481      99.98 4.0194e+02   1191.000      28585         11  0.000e+00
     61.335     60.719    -1.3495  27.051105    -1.3493  27.050670     7.8557     7.9409     0.5417    94.9744 9.1999e-01  -66.25450  -67.33860 331.841482      99.98 4.0194e+02   1191.042      28586         11  0.000e+00
     61.389     60.773    -1.3488  27.052528    -1.3496  27.050726     7.8584     7.9406     0.5417    94.9744 9.1999e-01  -66.25450  -67.33860 331.841482      99.98 4.0194e+02   1191.083      28587         11  0.000e+00
     61.437     60.821    -1.3478  27.053837    -1.3496  27.050782     7.8612     7.9402     0.5417    94.9744 9.1553e-01  -66.25450  -67.33860 331.841483      99.95 4.0194e+02   1191.125      28588         11  0.000e+00
     61.437     60.821    -1.3471  27.054349    -1.3498  27.050504     7.8775     7.9398     0.5417    94.9744 9.1553e-01  -66.25450  -67.33860 331.841483      99.98 4.0194e+02   1191.167      28589         11  0.000e+00
     61.437     60.821    -1.3469  27.054235    -1.3494  27.050448     7.8860     7.9392     0.5417    94.9744 9.1553e-01  -66.25450  -67.33860 331.841484      99.98 4.0194e+02   1191.208      28590         11  0.000e+00
