NBP2113_155081_ctd/data/nbp2113_023.ros
* Sea-Bird SBE 9 Data File:
* FileName = D:\Data\raw\NBP2113_023.hex
* Software Version Seasave V 7.26.7.121
* Temperature SN = 2438
* Conductivity SN = 2067
* Number of Bytes Per Scan = 40
* Number of Voltage Words = 5
* Number of Scans Averaged by the Deck Unit = 1
* NMEA Latitude = 67 30.61 S
* NMEA Longitude = 070 35.52 W
* NMEA UTC (Time) = Dec 02 2021  00:50:18
* NMEA baud rate = 9600
** Ship: RVIB N.B. Palmer
** Cruise: NBP2113 LTER
** Station: 200.040
** Operator: S. Blackman
# nquan = 20
# nvalues = 1147                                  
# units = specified
# name 0 = prDM: Pressure, Digiquartz [db]
# name 1 = depSM: Depth [salt water, m]
# name 2 = t090C: Temperature [ITS-90, deg C]
# name 3 = c0mS/cm: Conductivity [mS/cm]
# name 4 = t190C: Temperature, 2 [ITS-90, deg C]
# name 5 = c1mS/cm: Conductivity, 2 [mS/cm]
# name 6 = sbeox0ML/L: Oxygen, SBE 43 [ml/l]
# name 7 = sbeox1ML/L: Oxygen, SBE 43, 2 [ml/l]
# name 8 = flECO-AFL: Fluorescence, WET Labs ECO-AFL/FL [mg/m^3]
# name 9 = CStarTr0: Beam Transmission, WET Labs C-Star [%]
# name 10 = par: PAR/Irradiance, Biospherical/Licor
# name 11 = latitude: Latitude [deg]
# name 12 = longitude: Longitude [deg]
# name 13 = timeJ: Julian Days
# name 14 = altM: Altimeter [m]
# name 15 = spar: SPAR, Biospherical/Licor
# name 16 = timeS: Time, Elapsed [seconds]
# name 17 = scan: Scan Count
# name 18 = nbf: Bottles Fired
# name 19 = flag:  0.000e+00
# interval = seconds: 0.0416667
# start_time = Dec 02 2021 00:50:18 [NMEA time, header]
# bad_flag = -9.990e-29
*END*
[from data line 869]
     43.214     42.778    -0.6747  27.721106    -0.6752  27.719240     8.0043     8.0654     1.7139    89.5154 1.8221e-01  -67.51062  -70.58980 336.064841      99.98 2.4680e+01   2584.292      62024         18  0.000e+00
     43.166     42.731    -0.6748  27.721106    -0.6752  27.719352     8.0016     8.0607     1.7139    89.5154 1.8221e-01  -67.51062  -70.58980 336.064842      99.98 2.4680e+01   2584.333      62025         18  0.000e+00
     43.228     42.792    -0.6747  27.720934    -0.6751  27.718960     7.9931     8.0607     1.7139    89.5154 1.8221e-01  -67.51062  -70.58980 336.064842      99.98 2.4680e+01   2584.375      62026         18  0.000e+00
     43.111     42.677    -0.6750  27.721049    -0.6752  27.718847     8.0008     8.0661     1.7139    89.5154 1.8461e-01  -67.51062  -70.58980 336.064843      99.95 2.4680e+01   2584.417      62027         18  0.000e+00
     43.214     42.778    -0.6750  27.721106    -0.6751  27.718960     8.0011     8.0615     1.7139    89.5154 1.8461e-01  -67.51062  -70.58980 336.064843      99.95 2.4680e+01   2584.458      62028         18  0.000e+00
     43.166     42.731    -0.6749  27.721106    -0.6751  27.719296     7.9940     8.0613     1.7139    89.5154 1.8701e-01  -67.51062  -70.58980 336.064844      99.98 2.4680e+01   2584.500      62029         18  0.000e+00
     43.214     42.778    -0.6748  27.721221    -0.6752  27.719184     7.9902     8.0669     1.7652    89.5154 1.8701e-01  -67.51062  -70.58980 336.064844      99.98 2.4680e+01   2584.542      62030         18  0.000e+00
     43.173     42.738    -0.6748  27.721106    -0.6749  27.719408     7.9921     8.0620     1.7872    89.5154 1.8701e-01  -67.51062  -70.58980 336.064845      99.95 2.4680e+01   2584.583      62031         18  0.000e+00
     43.166     42.731    -0.6747  27.721278    -0.6750  27.719408     7.9954     8.0619     1.7945    89.5154 1.8701e-01  -67.51062  -70.58980 336.064845      99.95 2.4680e+01   2584.625      62032         18  0.000e+00
     43.214     42.779    -0.6747  27.720991    -0.6748  27.719577     7.9941     8.0618     1.7872    89.5154 1.8701e-01  -67.51062  -70.58980 336.064846      99.98 2.4680e+01   2584.667      62033         18  0.000e+00
     43.214     42.779    -0.6750  27.721221    -0.6748  27.719633     7.9913     8.0617     1.7872    89.5154 1.8701e-01  -67.51062  -70.58980 336.064846      99.98 2.4680e+01   2584.708      62034         18  0.000e+00
     43.214     42.779    -0.6747  27.721393    -0.6750  27.719521     7.9941     8.0616     1.7872    89.5154 1.8701e-01  -67.51062  -70.58980 336.064847      99.98 2.4680e+01   2584.750      62035         18  0.000e+00
     43.228     42.792    -0.6747  27.721393    -0.6750  27.719577     7.9936     8.0615     1.7872    89.5154 1.8701e-01  -67.51062  -70.58980 336.064847      99.98 2.4680e+01   2584.792      62036         18  0.000e+00
     20.330     20.126    -0.6744  27.710940    -0.6745  27.709029     7.9830     8.0687     1.9483    89.4639 1.4657e+00  -67.51058  -70.59028 336.065727      99.98 2.1155e+01   2660.833      63861         19  0.000e+00
     20.330     20.126    -0.6745  27.711055    -0.6746  27.709142     7.9845     8.0689     1.9483    89.4639 1.4657e+00  -67.51058  -70.59028 336.065728      99.98 2.1155e+01   2660.875      63862         19  0.000e+00
     20.351     20.147    -0.6741  27.711055    -0.6747  27.709142     7.9860     8.0692     1.9483    89.4639 1.4657e+00  -67.51058  -70.59028 336.065728      99.95 2.1155e+01   2660.917      63863         19  0.000e+00
     20.378     20.174    -0.6743  27.710825    -0.6748  27.709086     7.9876     8.0695     1.9483    89.4639 1.4657e+00  -67.51058  -70.59028 336.065729      99.95 2.1155e+01   2660.958      63864         19  0.000e+00
     20.378     20.174    -0.6741  27.711169    -0.6746  27.709310     7.9834     8.0696     1.9483    89.4639 1.4657e+00  -67.51058  -70.59028 336.065729      99.98 2.1155e+01   2661.000      63865         19  0.000e+00
     20.399     20.194    -0.6742  27.711170    -0.6748  27.709198     7.9824     8.0699     1.9483    89.4639 1.4657e+00  -67.51058  -70.59028 336.065730      99.98 2.1155e+01   2661.042      63866         19  0.000e+00
     20.378     20.174    -0.6742  27.711055    -0.6745  27.709142     7.9814     8.0701     1.9483    89.4639 1.4657e+00  -67.51058  -70.59028 336.065730      99.95 2.1155e+01   2661.083      63867         19  0.000e+00
     20.378     20.174    -0.6741  27.711055    -0.6746  27.709086     7.9805     8.0703     1.9483    89.4639 1.4657e+00  -67.51058  -70.59028 336.065731      99.95 2.1155e+01   2661.125      63868         19  0.000e+00
     20.399     20.194    -0.6742  27.711055    -0.6747  27.709310     7.9797     8.0705     1.9483    89.4639 1.4657e+00  -67.51058  -70.59028 336.065731      99.98 2.1155e+01   2661.167      63869         19  0.000e+00
     20.433     20.228    -0.6742  27.711055    -0.6746  27.709422     7.9833     8.0708     1.9483    89.4639 1.4717e+00  -67.51058  -70.59028 336.065732      99.98 2.1155e+01   2661.208      63870         19  0.000e+00
     20.481     20.276    -0.6744  27.711055    -0.6746  27.709198     7.9839     8.0711     1.9483    89.4639 1.4717e+00  -67.51058  -70.59028 336.065732      99.98 2.1155e+01   2661.250      63871         19  0.000e+00
     20.454     20.249    -0.6744  27.710940    -0.6745  27.709254     7.9786     8.0712     1.8824    89.4639 1.4717e+00  -67.51058  -70.59028 336.065733      99.98 2.1155e+01   2661.292      63872         19  0.000e+00
     20.433     20.228    -0.6745  27.711227    -0.6745  27.709366     7.9778     8.0714     1.8165    89.4639 1.4717e+00  -67.51058  -70.59028 336.065733      99.98 2.1155e+01   2661.333      63873         19  0.000e+00
     20.399     20.194    -0.6744  27.710882    -0.6745  27.709422     7.9756     8.0716     1.8018    89.4639 1.4717e+00  -67.51058  -70.59028 336.065734      99.98 2.1155e+01   2661.375      63874         19  0.000e+00
     20.584     20.377    -0.6742  27.711170    -0.6745  27.709198     7.9750     8.0720     1.8091    89.4639 1.4717e+00  -67.51058  -70.59028 336.065734      99.95 2.1155e+01   2661.417      63875         19  0.000e+00
     20.481     20.276    -0.6745  27.710883    -0.6749  27.709142     7.9743     8.0722     1.8091    89.4639 1.4717e+00  -67.51058  -70.59028 336.065734      99.98 2.1155e+01   2661.458      63876         19  0.000e+00
     20.502     20.296    -0.6742  27.710768    -0.6748  27.708862     7.9736     8.0724     1.8091    89.4639 1.4717e+00  -67.51058  -70.59028 336.065735      99.98 2.1155e+01   2661.500      63877         19  0.000e+00
     20.584     20.377    -0.6742  27.710653    -0.6746  27.709030     7.9731     8.0727     1.8091    89.4639 1.4717e+00  -67.51058  -70.59028 336.065735      99.98 2.1155e+01   2661.542      63878         19  0.000e+00
     20.529     20.323    -0.6745  27.710711    -0.6748  27.709310     7.9799     8.0729     1.8091    89.4639 1.4717e+00  -67.51058  -70.59028 336.065736      99.95 2.1155e+01   2661.583      63879         19  0.000e+00
     20.502     20.296    -0.6746  27.710768    -0.6746  27.708806     7.9763     8.0731     1.8091    89.4639 1.4717e+00  -67.51058  -70.59028 336.065736      99.95 2.1155e+01   2661.625      63880         19  0.000e+00
     20.632     20.425    -0.6747  27.710941    -0.6746  27.709311     7.9717     8.0734     1.8091    89.4639 1.4717e+00  -67.51058  -70.59028 336.065737      99.98 2.1155e+01   2661.667      63881         19  0.000e+00
     20.632     20.425    -0.6747  27.711055    -0.6745  27.709591     7.9775     8.0736     1.8091    89.4897 1.4717e+00  -67.51058  -70.59028 336.065737      99.98 2.1155e+01   2661.708      63882         19  0.000e+00
     20.502     20.296    -0.6745  27.710825    -0.6747  27.709478     7.9787     8.0737     1.8091    89.4897 1.4717e+00  -67.51058  -70.59028 336.065738      99.98 2.1155e+01   2661.750      63883         19  0.000e+00
     20.687     20.479    -0.6745  27.710941    -0.6743  27.709423     7.9862     8.0740     1.8091    89.4897 1.4717e+00  -67.51058  -70.59028 336.065738      99.98 2.1155e+01   2661.792      63884         19  0.000e+00
     20.687     20.479    -0.6744  27.711113    -0.6745  27.709142     7.9890     8.0743     1.8091    89.5154 1.4717e+00  -67.51058  -70.59028 336.065739      99.98 2.1155e+01   2661.833      63885         19  0.000e+00
     20.632     20.425    -0.6745  27.710826    -0.6746  27.709086     7.9964     8.0745     1.8091    89.4897 1.4717e+00  -67.51058  -70.59028 336.065739      99.98 2.1155e+01   2661.875      63886         19  0.000e+00
     20.707     20.500    -0.6747  27.710769    -0.6746  27.709311     7.9935     8.0748     1.8091    89.5154 1.4717e+00  -67.51058  -70.59028 336.065740      99.93 2.1155e+01   2661.917      63887         19  0.000e+00
     20.687     20.479    -0.6746  27.710768    -0.6746  27.709423     7.9891     8.0750     1.8091    89.5154 1.4717e+00  -67.51058  -70.59028 336.065740      99.95 2.1155e+01   2661.958      63888         19  0.000e+00
     20.735     20.527    -0.6745  27.711170    -0.6747  27.709423     7.9879     8.0753     1.8091    89.5154 1.4657e+00  -67.51058  -70.59028 336.065741      99.98 2.1155e+01   2662.000      63889         19  0.000e+00
     20.755     20.547    -0.6745  27.711113    -0.6748  27.709143     7.9925     8.0755     1.8091    89.5154 1.4717e+00  -67.51058  -70.59028 336.065741      99.98 2.1155e+01   2662.042      63890         19  0.000e+00
     20.735     20.527    -0.6745  27.711343    -0.6746  27.709479     7.9925     8.0757     1.8091    89.4897 1.4717e+00  -67.51058  -70.59028 336.065742      99.95 2.1155e+01   2662.083      63891         19  0.000e+00
     20.783     20.574    -0.6744  27.710941    -0.6748  27.709255     7.9926     8.0751     1.8091    89.5154 1.4717e+00  -67.51058  -70.59028 336.065742      99.95 2.1155e+01   2662.125      63892         19  0.000e+00
     20.810     20.601    -0.6745  27.711171    -0.6748  27.709311     7.9970     8.0753     1.8091    89.5154 1.4717e+00  -67.51058  -70.59028 336.065743      99.98 2.1155e+01   2662.167      63893         19  0.000e+00
     20.837     20.629    -0.6744  27.711113    -0.6746  27.709311     7.9981     8.0755     1.8091    89.5154 1.4717e+00  -67.51058  -70.59028 336.065743      99.98 2.1155e+01   2662.208      63894         19  0.000e+00
     20.837     20.629    -0.6744  27.711056    -0.6748  27.709367     7.9947     8.0757     1.8091    89.5154 1.4717e+00  -67.51058  -70.59028 336.065744      99.98 2.1155e+01   2662.250      63895         19  0.000e+00
     20.858     20.649    -0.6744  27.710826    -0.6749  27.709199     7.9958     8.0750     1.8091    89.5154 1.4717e+00  -67.51058  -70.59028 336.065744      99.98 2.1155e+01   2662.292      63896         19  0.000e+00
     20.885     20.676    -0.6745  27.711056    -0.6746  27.709704     7.9955     8.0751     1.8091    89.4897 1.4657e+00  -67.51058  -70.59028 336.065745      99.98 2.1155e+01   2662.333      63897         19  0.000e+00
     20.885     20.676    -0.6744  27.711056    -0.6746  27.709311     7.9951     8.0753     1.8165    89.4897 1.4717e+00  -67.51058  -70.59028 336.065745      99.98 2.1155e+01   2662.375      63898         19  0.000e+00
     20.913     20.703    -0.6745  27.711056    -0.6748  27.709087     7.9903     8.0755     1.8311    89.5154 1.4717e+00  -67.51058  -70.59028 336.065746      99.93 2.1155e+01   2662.417      63899         19  0.000e+00
     20.940     20.730    -0.6744  27.710827    -0.6748  27.709311     7.9885     8.0756     1.8311    89.5154 1.4717e+00  -67.51058  -70.59028 336.065746      99.95 2.1155e+01   2662.458      63900         19  0.000e+00
     20.988     20.778    -0.6750  27.710942    -0.6746  27.709424     7.9928     8.0758     1.8311    89.5154 1.4717e+00  -67.51058  -70.59028 336.065747      99.98 2.1155e+01   2662.500      63901         19  0.000e+00
     20.961     20.751    -0.6745  27.711228    -0.6749  27.709199     7.9922     8.0760     1.8311    89.4897 1.4717e+00  -67.51058  -70.59028 336.065747      99.98 2.1155e+01   2662.542      63902         19  0.000e+00
     20.988     20.778    -0.6745  27.711114    -0.6750  27.709255     7.9873     8.0762     1.8311    89.4639 1.4717e+00  -67.51058  -70.59028 336.065747      99.95 2.1155e+01   2662.583      63903         19  0.000e+00
     21.043     20.832    -0.6746  27.710942    -0.6748  27.709368     7.9870     8.0754     1.8311    89.4639 1.4717e+00  -67.51058  -70.59028 336.065748      99.93 2.1155e+01   2662.625      63904         19  0.000e+00
     21.009     20.798    -0.6747  27.710769    -0.6748  27.709424     7.9911     8.0746     1.8311    89.4639 1.4717e+00  -67.51058  -70.59028 336.065748      99.95 2.1155e+01   2662.667      63905         19  0.000e+00
     21.043     20.832    -0.6747  27.710942    -0.6748  27.709424     7.9862     8.0738     1.8311    89.4639 1.4717e+00  -67.51058  -70.59028 336.065749      99.98 2.1155e+01   2662.708      63906         19  0.000e+00
     21.091     20.880    -0.6745  27.711229    -0.6750  27.709312     7.9873     8.0675     1.8311    89.4639 1.4657e+00  -67.51058  -70.59028 336.065749      99.98 2.1155e+01   2662.750      63907         19  0.000e+00
     21.064     20.852    -0.6744  27.711114    -0.6750  27.709368     7.9884     8.0721     1.8311    89.4639 1.4717e+00  -67.51058  -70.59028 336.065750      99.98 2.1155e+01   2662.792      63908         19  0.000e+00
     21.139     20.927    -0.6747  27.711057    -0.6749  27.709424     7.9899     8.0722     1.8311    89.4639 1.4717e+00  -67.51058  -70.59028 336.065750      99.98 2.1155e+01   2662.833      63909         19  0.000e+00
     20.384     20.179    -0.6745  27.710997    -0.6745  27.709198     7.9914     8.0817     2.0875    89.4382 1.4959e+00  -67.51058  -70.59032 336.065844      99.95 2.1155e+01   2670.917      64103         20  0.000e+00
     20.404     20.200    -0.6742  27.710825    -0.6742  27.708637     7.9939     8.0822     2.0875    89.4382 1.4959e+00  -67.51058  -70.59032 336.065844      99.98 2.1155e+01   2670.958      64104         20  0.000e+00
     20.384     20.179    -0.6745  27.710595    -0.6745  27.708973     7.9966     8.0818     2.0875    89.4639 1.4959e+00  -67.51058  -70.59032 336.065845      99.98 2.1155e+01   2671.000      64105         20  0.000e+00
     20.438     20.234    -0.6744  27.710883    -0.6748  27.709310     7.9994     8.0824     2.0875    89.4639 1.4959e+00  -67.51058  -70.59032 336.065845      99.98 2.1155e+01   2671.042      64106         20  0.000e+00
     20.404     20.200    -0.6744  27.710653    -0.6746  27.709422     8.0009     8.0829     2.0875    89.4639 1.4959e+00  -67.51058  -70.59032 336.065846      99.93 2.1155e+01   2671.083      64107         20  0.000e+00
     20.438     20.234    -0.6744  27.710825    -0.6743  27.709422     8.0024     8.0834     2.0875    89.4639 1.5020e+00  -67.51058  -70.59032 336.065846      99.95 2.1155e+01   2671.125      64108         20  0.000e+00
     20.438     20.234    -0.6744  27.710997    -0.6748  27.709310     8.0098     8.0831     1.9776    89.4639 1.5020e+00  -67.51058  -70.59032 336.065847      99.95 2.1155e+01   2671.167      64109         20  0.000e+00
     20.459     20.254    -0.6747  27.710653    -0.6746  27.709142     8.0188     8.0826     1.8970    89.4639 1.5020e+00  -67.51058  -70.59032 336.065847      99.98 2.1155e+01   2671.208      64110         20  0.000e+00
     20.486     20.281    -0.6745  27.711112    -0.6746  27.709310     8.0157     8.0767     1.8824    89.4639 1.5020e+00  -67.51058  -70.59032 336.065848      99.98 2.1155e+01   2671.250      64111         20  0.000e+00
     20.486     20.281    -0.6747  27.711112    -0.6747  27.709198     8.0127     8.0818     1.8897    89.4639 1.5020e+00  -67.51058  -70.59032 336.065848      99.98 2.1155e+01   2671.292      64112         20  0.000e+00
