NBP2113_155081_ctd/data/nbp2113_018.cnv
* Sea-Bird SBE 9 Data File:
* FileName = D:\Data\raw\NBP2113_018.hex
* Software Version Seasave V 7.26.7.121
* Temperature SN = 2438
* Conductivity SN = 2067
* Number of Bytes Per Scan = 40
* Number of Voltage Words = 5
* Number of Scans Averaged by the Deck Unit = 1
* NMEA Latitude = 65 50.87 S
* NMEA Longitude = 071 22.66 W
* NMEA UTC (Time) = Nov 28 2021  20:11:54
* NMEA baud rate = 9600
** Ship: RVIB N.B. Palmer
** Cruise: NBP2113 LTER
** Station: 300.200
** Operator: S. Blackman
# nquan = 25
# nvalues = 6199                        
# units = specified
# name 0 = prDM: Pressure, Digiquartz [db]
# name 1 = depSM: Depth [salt water, m]
# name 2 = t090C: Temperature [ITS-90, deg C]
# name 3 = c0mS/cm: Conductivity [mS/cm]
# name 4 = t190C: Temperature, 2 [ITS-90, deg C]
# name 5 = c1mS/cm: Conductivity, 2 [mS/cm]
# name 6 = sbeox0ML/L: Oxygen, SBE 43 [ml/l]
# name 7 = sbeox1ML/L: Oxygen, SBE 43, 2 [ml/l]
# name 8 = flECO-AFL: Fluorescence, WET Labs ECO-AFL/FL [mg/m^3]
# name 9 = CStarTr0: Beam Transmission, WET Labs C-Star [%]
# name 10 = par: PAR/Irradiance, Biospherical/Licor
# name 11 = latitude: Latitude [deg]
# name 12 = longitude: Longitude [deg]
# name 13 = timeJ: Julian Days
# name 14 = altM: Altimeter [m]
# name 15 = spar: SPAR, Biospherical/Licor
# name 16 = timeS: Time, Elapsed [seconds]
# name 17 = scan: Scan Count
# name 18 = density00: Density [density, kg/m^3]
# name 19 = density11: Density, 2 [density, kg/m^3]
# name 20 = sal00: Salinity, Practical [PSU]
# name 21 = sal11: Salinity, Practical, 2 [PSU]
# name 22 = oxsolML/L: Oxygen Saturation, Garcia & Gordon [ml/l]
# name 23 = nbin: number of scans per bin
# name 24 = flag: flag
# span 0 =      1.000,   3102.000       
# span 1 =      0.988,   3048.984       
# span 2 =    -0.9604,     1.9842       
# span 3 =  27.559609,  30.707609       
# span 4 =    -0.9587,     1.9832       
# span 5 =  27.559233,  30.706539       
# span 6 =     3.8782,     8.4841       
# span 7 =     3.9346,     8.4608       
# span 8 =    -0.0220,    10.1452       
# span 9 =    85.2241,    97.8607       
# span 10 = 1.0000e-12, 1.0000e-12      
# span 11 =  -65.84838,  -65.84748      
# span 12 =  -71.37883,  -71.37718      
# span 13 = 332.844803, 332.936425      
# span 14 =       1.14,     108.25      
# span 15 = 1.8334e+02, 6.2851e+02      
# span 16 =    276.952,   8193.091      
# span 17 =       6648,     196635      
# span 18 =  1027.2925,  1042.0975      
# span 19 =  1027.2915,  1042.0969      
# span 20 =    33.9515,    34.7290      
# span 21 =    33.9504,    34.7284      
# span 22 =    7.63105,    8.26876      
# span 23 =         10,         69      
# span 24 = 0.0000e+00, 0.0000e+00      
# interval = decibars: 1                
# start_time = Nov 28 2021 20:11:54 [NMEA time, header]
# bad_flag = -9.990e-29
*END*
[from data line 5218]
    981.000    969.037     1.4932  30.558819     1.4930  30.558301     4.2428     4.2993    -0.0031    97.8435 1.0000e-12  -65.84754  -71.37858 332.919201      99.97 4.0546e+02   6704.950     160920  1032.3776  1032.3772    34.7283    34.7278    7.72303         19 0.0000e+00
    980.000    968.051     1.4938  30.558903     1.4934  30.558175     4.2487     4.3027    -0.0044    97.8489 1.0000e-12  -65.84754  -71.37858 332.919211      99.98 4.0546e+02   6705.798     160940  1032.3729  1032.3726    34.7283    34.7278    7.72291         22 0.0000e+00
    979.000    967.065     1.4932  30.557938     1.4929  30.557282     4.2442     4.3046    -0.0118    97.8582 1.0000e-12  -65.84754  -71.37858 332.919225      99.98 4.0546e+02   6707.027     160970  1032.3683  1032.3680    34.7282    34.7278    7.72302         35 0.0000e+00
    978.000    966.081     1.4929  30.557201     1.4929  30.556810     4.2407     4.3050    -0.0015    97.8540 1.0000e-12  -65.84754  -71.37856 332.919252      99.98 4.0546e+02   6709.338     161025  1032.3637  1032.3634    34.7282    34.7277    7.72309         31 0.0000e+00
    977.000    965.095     1.4931  30.556914     1.4931  30.556422     4.2319     4.3018    -0.0082    97.8440 1.0000e-12  -65.84754  -71.37854 332.919264      99.98 4.0695e+02   6710.427     161051  1032.3591  1032.3586    34.7282    34.7276    7.72305         22 0.0000e+00
    976.000    964.109     1.4940  30.557283     1.4940  30.556826     4.2342     4.3022    -0.0058    97.8461 1.0000e-12  -65.84754  -71.37854 332.919274      99.98 4.0723e+02   6711.257     161071  1032.3543  1032.3540    34.7282    34.7277    7.72287         19 0.0000e+00
    975.000    963.124     1.4959  30.558395     1.4958  30.557911     4.2350     4.3016    -0.0214    97.8475 1.0000e-12  -65.84754  -71.37854 332.919283      99.98 4.0723e+02   6712.031     161090  1032.3494  1032.3490    34.7281    34.7276    7.72251         19 0.0000e+00
    974.000    962.137     1.4967  30.558633     1.4966  30.558197     4.2338     4.3001    -0.0079    97.8331 1.0000e-12  -65.84754  -71.37854 332.919292      99.98 4.0723e+02   6712.867     161110  1032.3447  1032.3444    34.7280    34.7276    7.72236         22 0.0000e+00
    973.000    961.152     1.4963  30.557759     1.4962  30.557348     4.2404     4.2968    -0.0098    97.8326 1.0000e-12  -65.84754  -71.37854 332.919307      99.98 4.0732e+02   6714.124     161140  1032.3401  1032.3397    34.7279    34.7276    7.72244         37 0.0000e+00
    972.000    960.166     1.4955  30.556730     1.4953  30.556152     4.2311     4.2951    -0.0121    97.8318 1.0000e-12  -65.84754  -71.37853 332.919334      99.98 4.0997e+02   6716.450     161196  1032.3357  1032.3353    34.7281    34.7276    7.72259         33 0.0000e+00
    971.000    959.183     1.4961  30.556726     1.4963  30.556588     4.2231     4.2964    -0.0043    97.8475 1.0000e-12  -65.84754  -71.37852 332.919348      99.98 4.1195e+02   6717.700     161226  1032.3309  1032.3306    34.7280    34.7276    7.72248         23 0.0000e+00
    970.000    958.195     1.4974  30.557546     1.4970  30.556749     4.2208     4.2899    -0.0125    97.8475 1.0000e-12  -65.84754  -71.37852 332.919358      99.98 4.1281e+02   6718.561     161246  1032.3262  1032.3258    34.7281    34.7276    7.72222         19 0.0000e+00
    969.000    957.211     1.4981  30.557539     1.4979  30.557116     4.2315     4.2903    -0.0073    97.8469 1.0000e-12  -65.84754  -71.37850 332.919367      99.98 4.1428e+02   6719.313     161265  1032.3214  1032.3211    34.7279    34.7275    7.72210         18 0.0000e+00
    968.000    956.225     1.4983  30.557286     1.4981  30.556873     4.2256     4.2912    -0.0051    97.8328 1.0000e-12  -65.84754  -71.37850 332.919376      99.98 4.1474e+02   6720.070     161283  1032.3167  1032.3165    34.7279    34.7276    7.72206         19 0.0000e+00
    967.000    955.239     1.4984  30.556997     1.4981  30.556330     4.2244     4.2931    -0.0048    97.8336 1.0000e-12  -65.84754  -71.37850 332.919386      99.97 4.1598e+02   6720.960     161304  1032.3121  1032.3118    34.7280    34.7275    7.72203         25 0.0000e+00
    966.000    954.255     1.4976  30.555919     1.4975  30.555391     4.2350     4.2920    -0.0113    97.8326 1.0000e-12  -65.84755  -71.37850 332.919410      99.98 4.1712e+02   6722.982     161353  1032.3076  1032.3072    34.7280    34.7274    7.72218         34 0.0000e+00
    965.000    953.269     1.4977  30.555530     1.4975  30.554992     4.2313     4.2916    -0.0041    97.8326 1.0000e-12  -65.84754  -71.37850 332.919436      99.98 4.2013e+02   6725.312     161408  1032.3030  1032.3026    34.7280    34.7275    7.72217         29 0.0000e+00
    964.000    952.283     1.4984  30.555684     1.4981  30.555014     4.2162     4.2918    -0.0019    97.8326 1.0000e-12  -65.84754  -71.37848 332.919447      99.98 4.2136e+02   6726.234     161431  1032.2983  1032.2979    34.7280    34.7274    7.72203         19 0.0000e+00
    963.000    951.297     1.4995  30.556169     1.4992  30.555650     4.2123     4.2869    -0.0081    97.8326 1.0000e-12  -65.84754  -71.37848 332.919456      99.97 4.2182e+02   6726.983     161449  1032.2935  1032.2933    34.7279    34.7276    7.72182         18 0.0000e+00
    962.000    950.312     1.5012  30.557264     1.5013  30.556953     4.2161     4.2866    -0.0115    97.8326 1.0000e-12  -65.84754  -71.37848 332.919464      99.98 4.2306e+02   6727.649     161465  1032.2886  1032.2883    34.7279    34.7275    7.72148         15 0.0000e+00
    961.000    949.325     1.5029  30.558219     1.5029  30.557910     4.2208     4.2873    -0.0043    97.8326 1.0000e-12  -65.84754  -71.37848 332.919471      99.97 4.2309e+02   6728.289     161480  1032.2838  1032.2835    34.7279    34.7275    7.72115         15 0.0000e+00
    960.000    948.339     1.5040  30.558835     1.5041  30.558369     4.2215     4.2852    -0.0049    97.8326 1.0000e-12  -65.84754  -71.37848 332.919479      99.98 4.2387e+02   6728.979     161496  1032.2791  1032.2786    34.7279    34.7273    7.72093         18 0.0000e+00
    959.000    947.354     1.5041  30.558364     1.5039  30.557869     4.2270     4.2877    -0.0024    97.8326 1.0000e-12  -65.84755  -71.37848 332.919489      99.98 4.2474e+02   6729.866     161518  1032.2743  1032.2741    34.7278    34.7274    7.72092         27 0.0000e+00
    958.000    946.368     1.5013  30.555611     1.5016  30.555415     4.2309     4.2866    -0.0133    97.8326 1.0000e-12  -65.84756  -71.37849 332.919524      99.97 4.2630e+02   6732.894     161590  1032.2702  1032.2698    34.7280    34.7274    7.72146         31 0.0000e+00
    957.000    945.384     1.5023  30.556028     1.5021  30.555363     4.2256     4.2866    -0.0211    97.8326 1.0000e-12  -65.84756  -71.37848 332.919542      99.98 4.2853e+02   6734.441     161628  1032.2655  1032.2650    34.7279    34.7273    7.72127         20 0.0000e+00
    956.000    944.398     1.5039  30.556994     1.5038  30.556455     4.2247     4.2842    -0.0199    97.8326 1.0000e-12  -65.84756  -71.37848 332.919551      99.98 4.3016e+02   6735.199     161646  1032.2607  1032.2603    34.7280    34.7274    7.72096         18 0.0000e+00
    955.000    943.413     1.5057  30.558056     1.5052  30.557040     4.2217     4.2821    -0.0059    97.8326 1.0000e-12  -65.84756  -71.37847 332.919559      99.97 4.3214e+02   6735.924     161663  1032.2557  1032.2552    34.7278    34.7271    7.72060         17 0.0000e+00
    954.000    942.425     1.5058  30.557726     1.5058  30.557329     4.2219     4.2841    -0.0084    97.8326 1.0000e-12  -65.84756  -71.37847 332.919568      99.97 4.3458e+02   6736.703     161682  1032.2511  1032.2507    34.7279    34.7273    7.72058         21 0.0000e+00
    953.000    941.441     1.5056  30.557035     1.5059  30.556985     4.2283     4.2875    -0.0122    97.8326 1.0000e-12  -65.84756  -71.37847 332.919580      99.98 4.3725e+02   6737.747     161707  1032.2465  1032.2462    34.7278    34.7274    7.72063         31 0.0000e+00
    952.000    940.455     1.5057  30.556709     1.5057  30.556289     4.2257     4.2856    -0.0128    97.8326 1.0000e-12  -65.84756  -71.37848 332.919598      99.97 4.4094e+02   6739.282     161744  1032.2419  1032.2415    34.7279    34.7273    7.72061         33 0.0000e+00
    951.000    939.470     1.5068  30.557232     1.5063  30.556453     4.2219     4.2817    -0.0132    97.8326 1.0000e-12  -65.84756  -71.37848 332.919612      99.98 4.4355e+02   6740.503     161773  1032.2372  1032.2369    34.7279    34.7274    7.72040         25 0.0000e+00
    950.000    938.483     1.5083  30.558076     1.5076  30.557136     4.2295     4.2759     0.0028    97.8336 1.0000e-12  -65.84757  -71.37848 332.919624      99.98 4.4561e+02   6741.519     161797  1032.2324  1032.2321    34.7278    34.7274    7.72011         25 0.0000e+00
    949.000    937.499     1.5093  30.558468     1.5084  30.557325     4.2239     4.2796    -0.0041    97.8263 1.0000e-12  -65.84758  -71.37848 332.919639      99.97 4.4801e+02   6742.768     161827  1032.2276  1032.2273    34.7278    34.7273    7.71991         33 0.0000e+00
    948.000    936.513     1.5081  30.557213     1.5083  30.556865     4.2205     4.2785    -0.0176    97.8380 1.0000e-12  -65.84758  -71.37846 332.919660      99.98 4.5106e+02   6744.586     161871  1032.2233  1032.2227    34.7280    34.7273    7.72012         36 0.0000e+00
    947.000    935.527     1.5116  30.559669     1.5110  30.558771     4.2181     4.2804    -0.0161    97.8338 1.0000e-12  -65.84758  -71.37846 332.919673      99.98 4.5314e+02   6745.754     161899  1032.2181  1032.2178    34.7278    34.7274    7.71945         21 0.0000e+00
    946.000    934.542     1.5131  30.560698     1.5133  30.560485     4.2182     4.2832    -0.0123    97.8326 1.0000e-12  -65.84758  -71.37846 332.919682      99.98 4.5476e+02   6746.522     161918  1032.2135  1032.2130    34.7281    34.7275    7.71915         17 0.0000e+00
    945.000    933.557     1.5150  30.561857     1.5146  30.561060     4.2206     4.2785    -0.0137    97.8326 1.0000e-12  -65.84758  -71.37848 332.919690      99.98 4.5482e+02   6747.216     161934  1032.2086  1032.2082    34.7280    34.7274    7.71878         17 0.0000e+00
    944.000    932.569     1.5153  30.561676     1.5155  30.561520     4.2196     4.2773    -0.0018    97.8326 1.0000e-12  -65.84758  -71.37848 332.919698      99.97 4.5482e+02   6747.945     161952  1032.2039  1032.2036    34.7279    34.7275    7.71872         19 0.0000e+00
    943.000    931.584     1.5146  30.560557     1.5147  30.560304     4.2237     4.2773    -0.0061    97.8326 1.0000e-12  -65.84758  -71.37848 332.919710      99.98 4.5524e+02   6748.953     161976  1032.1993  1032.1990    34.7279    34.7274    7.71887         29 0.0000e+00
    942.000    930.599     1.5139  30.559617     1.5141  30.559403     4.2248     4.2831    -0.0038    97.8326 1.0000e-12  -65.84758  -71.37847 332.919741      99.98 4.5940e+02   6751.640     162040  1032.1949  1032.1945    34.7279    34.7275    7.71899         33 0.0000e+00
    941.000    929.612     1.5148  30.559918     1.5145  30.559150     4.2150     4.2801    -0.0050    97.8326 1.0000e-12  -65.84758  -71.37846 332.919752      99.97 4.6013e+02   6752.567     162063  1032.1902  1032.1897    34.7280    34.7273    7.71883         19 0.0000e+00
    940.000    928.630     1.5177  30.562148     1.5175  30.561513     4.2176     4.2777    -0.0045    97.8326 1.0000e-12  -65.84758  -71.37846 332.919761      99.97 4.6090e+02   6753.320     162081  1032.1853  1032.1849    34.7281    34.7275    7.71824         18 0.0000e+00
    939.000    927.641     1.5214  30.564836     1.5214  30.564388     4.2169     4.2774    -0.0043    97.8326 1.0000e-12  -65.84760  -71.37844 332.919769      99.98 4.6229e+02   6754.042     162098  1032.1802  1032.1798    34.7280    34.7275    7.71753         17 0.0000e+00
    938.000    926.654     1.5229  30.565835     1.5231  30.565566     4.2199     4.2780    -0.0130    97.8326 1.0000e-12  -65.84760  -71.37844 332.919778      99.98 4.6419e+02   6754.850     162117  1032.1755  1032.1750    34.7281    34.7275    7.71722         22 0.0000e+00
    937.000    925.672     1.5219  30.564342     1.5221  30.564105     4.2222     4.2781    -0.0049    97.8326 1.0000e-12  -65.84761  -71.37845 332.919796      99.98 4.6712e+02   6756.360     162154  1032.1709  1032.1704    34.7279    34.7274    7.71743         38 0.0000e+00
    936.000    924.685     1.5203  30.562534     1.5205  30.562364     4.2201     4.2855    -0.0030    97.8326 1.0000e-12  -65.84762  -71.37846 332.919822      99.98 4.7225e+02   6758.656     162209  1032.1665  1032.1661    34.7279    34.7275    7.71774         29 0.0000e+00
    935.000    923.699     1.5228  30.564259     1.5236  30.564637     4.2098     4.2824    -0.0035    97.8326 1.0000e-12  -65.84760  -71.37846 332.919833      99.98 4.7417e+02   6759.557     162230  1032.1616  1032.1611    34.7279    34.7275    7.71726         21 0.0000e+00
    934.000    922.714     1.5250  30.565967     1.5249  30.565429     4.2071     4.2799    -0.0040    97.8326 1.0000e-12  -65.84760  -71.37844 332.919842      99.98 4.7422e+02   6760.352     162249  1032.1569  1032.1564    34.7282    34.7276    7.71681         18 0.0000e+00
    933.000    921.728     1.5281  30.568159     1.5283  30.568077     4.2200     4.2809    -0.0032    97.8326 1.0000e-12  -65.84760  -71.37844 332.919851      99.97 4.7422e+02   6761.102     162267  1032.1519  1032.1515    34.7282    34.7278    7.71621         18 0.0000e+00
    932.000    920.742     1.5325  30.571751     1.5331  30.571847     4.2250     4.2804    -0.0001    97.8326 1.0000e-12  -65.84760  -71.37844 332.919860      99.97 4.7422e+02   6761.858     162286  1032.1469  1032.1464    34.7284    34.7279    7.71534         19 0.0000e+00
    931.000    919.756     1.5342  30.572743     1.5339  30.572139     4.2191     4.2795    -0.0001    97.8326 1.0000e-12  -65.84761  -71.37844 332.919869      99.98 4.7415e+02   6762.724     162306  1032.1421  1032.1417    34.7283    34.7279    7.71501         23 0.0000e+00
    930.000    918.769     1.5318  30.570049     1.5300  30.568088     4.2205     4.2820    -0.0124    97.8326 1.0000e-12  -65.84762  -71.37844 332.919889      99.97 4.7188e+02   6764.419     162347  1032.1376  1032.1374    34.7281    34.7276    7.71549         33 0.0000e+00
    929.000    917.785     1.5282  30.566544     1.5277  30.565739     4.2247     4.2838    -0.0024    97.8326 1.0000e-12  -65.84762  -71.37844 332.919920      99.98 4.7189e+02   6767.068     162411  1032.1335  1032.1332    34.7281    34.7277    7.71618         29 0.0000e+00
    928.000    916.800     1.5329  30.570362     1.5323  30.569291     4.2152     4.2853    -0.0030    97.8326 1.0000e-12  -65.84762  -71.37844 332.919930      99.97 4.7246e+02   6767.958     162432  1032.1285  1032.1280    34.7284    34.7277    7.71525         20 0.0000e+00
    927.000    915.814     1.5354  30.572089     1.5351  30.571520     4.2227     4.2801    -0.0115    97.8326 1.0000e-12  -65.84762  -71.37843 332.919939      99.98 4.7245e+02   6768.698     162450  1032.1236  1032.1233    34.7284    34.7280    7.71477         16 0.0000e+00
    926.000    914.827     1.5388  30.574674     1.5386  30.574080     4.2304     4.2800    -0.0127    97.8326 1.0000e-12  -65.84762  -71.37842 332.919946      99.98 4.7245e+02   6769.354     162465  1032.1186  1032.1182    34.7285    34.7279    7.71410         16 0.0000e+00
    925.000    913.842     1.5417  30.576771     1.5415  30.576229     4.2319     4.2856    -0.0140    97.8326 1.0000e-12  -65.84762  -71.37842 332.919954      99.97 4.7245e+02   6769.985     162481  1032.1137  1032.1133    34.7285    34.7280    7.71354         15 0.0000e+00
