NBP2113_155081_ctd/data/nbp2113_014.ros
* Sea-Bird SBE 9 Data File:
* FileName = D:\Data\raw\NBP2113_014.hex
* Software Version Seasave V 7.26.7.121
* Temperature SN = 2438
* Conductivity SN = 2067
* Number of Bytes Per Scan = 40
* Number of Voltage Words = 5
* Number of Scans Averaged by the Deck Unit = 1
* NMEA Latitude = 65 28.72 S
* NMEA Longitude = 066 08.92 W
* NMEA UTC (Time) = Nov 27 2021  11:12:57
* NMEA baud rate = 9600
** Ship: RVIB N.B. Palmer
** Cruise: NBP2113 LTER
** Station: 500.060
** Operator: B. Urmston
# nquan = 20
# nvalues = 1131                                  
# units = specified
# name 0 = prDM: Pressure, Digiquartz [db]
# name 1 = depSM: Depth [salt water, m]
# name 2 = t090C: Temperature [ITS-90, deg C]
# name 3 = c0mS/cm: Conductivity [mS/cm]
# name 4 = t190C: Temperature, 2 [ITS-90, deg C]
# name 5 = c1mS/cm: Conductivity, 2 [mS/cm]
# name 6 = sbeox0ML/L: Oxygen, SBE 43 [ml/l]
# name 7 = sbeox1ML/L: Oxygen, SBE 43, 2 [ml/l]
# name 8 = flECO-AFL: Fluorescence, WET Labs ECO-AFL/FL [mg/m^3]
# name 9 = CStarTr0: Beam Transmission, WET Labs C-Star [%]
# name 10 = par: PAR/Irradiance, Biospherical/Licor
# name 11 = latitude: Latitude [deg]
# name 12 = longitude: Longitude [deg]
# name 13 = timeJ: Julian Days
# name 14 = altM: Altimeter [m]
# name 15 = spar: SPAR, Biospherical/Licor
# name 16 = timeS: Time, Elapsed [seconds]
# name 17 = scan: Scan Count
# name 18 = nbf: Bottles Fired
# name 19 = flag:  0.000e+00
# interval = seconds: 0.0416667
# start_time = Nov 27 2021 11:12:57 [NMEA time, header]
# bad_flag = -9.990e-29
*END*
[from data line 1014]
      6.401      6.338    -0.7901  27.472674    -0.7905  27.470788     8.2110     8.1154     1.6553    89.5927 6.4324e+01  -65.47876  -66.14900 331.489889      99.95 2.2389e+02   1949.375      46786         22  0.000e+00
      6.387      6.324    -0.7901  27.472445    -0.7905  27.471012     8.2120     8.1149     1.6553    89.6184 6.4507e+01  -65.47876  -66.14900 331.489889      99.98 2.2389e+02   1949.417      46787         22  0.000e+00
      6.353      6.290    -0.7903  27.472559    -0.7903  27.471123     8.2070     8.1153     1.6553    89.6184 6.4691e+01  -65.47876  -66.14900 331.489890      99.98 2.2389e+02   1949.458      46788         22  0.000e+00
      6.353      6.290    -0.7901  27.472445    -0.7905  27.470900     8.2112     8.1158     1.6553    89.6184 6.4875e+01  -65.47876  -66.14900 331.489890      99.98 2.2389e+02   1949.500      46789         22  0.000e+00
      6.339      6.277    -0.7901  27.472559    -0.7901  27.471067     8.2108     8.1152     1.6553    89.5927 6.4875e+01  -65.47876  -66.14900 331.489891      99.98 2.2389e+02   1949.542      46790         22  0.000e+00
      6.353      6.290    -0.7904  27.472845    -0.7905  27.471347     8.2120     8.1148     1.6553    89.6184 6.5059e+01  -65.47876  -66.14900 331.489891      99.98 2.2389e+02   1949.583      46791         22  0.000e+00
      6.250      6.189    -0.7901  27.472330    -0.7906  27.471235     8.2130     8.1141     1.6553    89.6184 6.5244e+01  -65.47876  -66.14900 331.489891      99.95 2.2389e+02   1949.625      46792         22  0.000e+00
      6.339      6.277    -0.7900  27.472502    -0.7907  27.470900     8.2128     8.1137     1.6553    89.5927 6.5244e+01  -65.47876  -66.14900 331.489892      99.95 2.2389e+02   1949.667      46793         22  0.000e+00
      6.298      6.236    -0.7901  27.472445    -0.7901  27.470676     8.2111     8.1129     1.6480    89.6184 6.5430e+01  -65.47876  -66.14900 331.489892      99.95 2.2389e+02   1949.708      46794         22  0.000e+00
      6.284      6.223    -0.7901  27.472387    -0.7907  27.470955     8.2108     8.1123     1.6553    89.6184 6.5430e+01  -65.47876  -66.14900 331.489893      99.98 2.2389e+02   1949.750      46795         22  0.000e+00
      6.298      6.236    -0.7899  27.472559    -0.7906  27.470955     8.2164     8.1116     1.6553    89.5927 6.5616e+01  -65.47876  -66.14900 331.489893      99.98 2.2389e+02   1949.792      46796         22  0.000e+00
      6.250      6.189    -0.7903  27.472845    -0.7902  27.470676     8.2101     8.1117     1.6553    89.6184 6.5616e+01  -65.47876  -66.14900 331.489894      99.93 2.2389e+02   1949.833      46797         22  0.000e+00
      6.189      6.128    -0.7899  27.472731    -0.7906  27.471011     8.2023     8.1119     1.6919    89.5927 6.5803e+01  -65.47876  -66.14900 331.489894      99.95 2.2389e+02   1949.875      46798         22  0.000e+00
      6.250      6.189    -0.7901  27.472273    -0.7907  27.470899     8.2006     8.1122     1.7285    89.6184 6.5803e+01  -65.47876  -66.14900 331.489895      99.98 2.2389e+02   1949.917      46799         22  0.000e+00
      6.196      6.135    -0.7899  27.472330    -0.7905  27.470843     8.2047     8.1122     1.7359    89.5927 6.5803e+01  -65.47876  -66.14900 331.489895      99.98 2.2389e+02   1949.958      46800         22  0.000e+00
      6.189      6.128    -0.7901  27.472387    -0.7907  27.471067     8.2102     8.1124     1.7359    89.6184 6.5803e+01  -65.47876  -66.14900 331.489896      99.98 2.2389e+02   1950.000      46801         22  0.000e+00
      6.196      6.135    -0.7899  27.472559    -0.7905  27.471123     8.2156     8.1126     1.7359    89.5927 6.5990e+01  -65.47876  -66.14900 331.489896      99.98 2.2389e+02   1950.042      46802         22  0.000e+00
      6.148      6.087    -0.7901  27.472444    -0.7905  27.471123     8.2178     8.1127     1.7359    89.6184 6.5990e+01  -65.47876  -66.14900 331.489897      99.98 2.2389e+02   1950.083      46803         22  0.000e+00
      6.134      6.074    -0.7901  27.472559    -0.7905  27.471346     8.2184     8.1129     1.7359    89.5927 6.6177e+01  -65.47876  -66.14900 331.489897      99.95 2.2389e+02   1950.125      46804         22  0.000e+00
      6.100      6.040    -0.7899  27.472444    -0.7904  27.471234     8.2129     8.1130     1.7359    89.6184 6.6177e+01  -65.47876  -66.14900 331.489898      99.95 2.2389e+02   1950.167      46805         22  0.000e+00
      6.134      6.074    -0.7901  27.472215    -0.7905  27.470899     8.2047     8.1133     1.7359    89.6184 6.6177e+01  -65.47876  -66.14900 331.489898      99.98 2.2389e+02   1950.208      46806         22  0.000e+00
      6.045      5.986    -0.7903  27.472330    -0.7904  27.471067     8.1976     8.1124     1.7359    89.5927 6.6177e+01  -65.47876  -66.14900 331.489899      99.98 2.2389e+02   1950.250      46807         22  0.000e+00
      6.100      6.040    -0.7903  27.472559    -0.7903  27.470899     8.2011     8.1117     1.7359    89.6442 6.6177e+01  -65.47876  -66.14900 331.489899      99.98 2.2389e+02   1950.292      46808         22  0.000e+00
      6.032      5.972    -0.7899  27.472616    -0.7902  27.470843     8.2058     8.1108     1.7359    89.6442 6.6366e+01  -65.47876  -66.14900 331.489900      99.95 2.2389e+02   1950.333      46809         22  0.000e+00
      6.045      5.986    -0.7901  27.472444    -0.7903  27.470675     8.2062     8.1109     1.7359    89.6442 6.6366e+01  -65.47876  -66.14900 331.489900      99.95 2.2389e+02   1950.375      46810         22  0.000e+00
      5.943      5.884    -0.7903  27.472387    -0.7904  27.470787     8.2078     8.1109     1.7359    89.6442 6.6366e+01  -65.47876  -66.14900 331.489901      99.98 2.2389e+02   1950.417      46811         22  0.000e+00
      5.984      5.925    -0.7903  27.472387    -0.7905  27.470843     8.2212     8.1110     1.7359    89.6442 6.6366e+01  -65.47876  -66.14900 331.489901      99.98 2.2389e+02   1950.458      46812         22  0.000e+00
      6.045      5.986    -0.7903  27.472215    -0.7903  27.470843     8.2183     8.1111     1.7359    89.6442 6.6366e+01  -65.47876  -66.14900 331.489902      99.98 2.2389e+02   1950.500      46813         22  0.000e+00
      5.895      5.837    -0.7904  27.472501    -0.7904  27.470843     8.2136     8.1111     1.7359    89.6442 6.6366e+01  -65.47876  -66.14900 331.489902      99.98 2.2389e+02   1950.542      46814         22  0.000e+00
      5.881      5.823    -0.7903  27.472272    -0.7905  27.470843     8.2121     8.1111     1.7359    89.6442 6.6366e+01  -65.47876  -66.14900 331.489903      99.98 2.2389e+02   1950.583      46815         23  0.000e+00
      5.895      5.837    -0.7903  27.472501    -0.7905  27.470843     8.2119     8.1112     1.7359    89.6442 6.6366e+01  -65.47876  -66.14900 331.489903      99.95 2.2389e+02   1950.625      46816         23  0.000e+00
      5.847      5.789    -0.7899  27.472443    -0.7903  27.470675     8.2175     8.1112     1.7359    89.6442 6.6366e+01  -65.47876  -66.14900 331.489904      99.95 2.2389e+02   1950.667      46817         23  0.000e+00
      5.833      5.776    -0.7903  27.472386    -0.7902  27.470619     8.2127     8.1113     1.7359    89.6442 6.6366e+01  -65.47876  -66.14900 331.489904      99.98 2.2389e+02   1950.708      46818         23  0.000e+00
      5.792      5.735    -0.7901  27.472214    -0.7905  27.470786     8.2063     8.1113     1.7359    89.6699 6.6366e+01  -65.47876  -66.14900 331.489905      99.98 2.2389e+02   1950.750      46819         23  0.000e+00
      5.779      5.722    -0.7899  27.472100    -0.7904  27.470842     8.2001     8.1114     1.7359    89.6442 6.6366e+01  -65.47876  -66.14900 331.489905      99.98 2.2389e+02   1950.792      46820         23  0.000e+00
      5.792      5.735    -0.7901  27.472501    -0.7905  27.470842     8.1971     8.1115     1.7359    89.6699 6.6554e+01  -65.47876  -66.14900 331.489905      99.93 2.2389e+02   1950.833      46821         23  0.000e+00
      5.745      5.688    -0.7899  27.472271    -0.7902  27.470842     8.1940     8.1105     1.7359    89.6442 6.6554e+01  -65.47876  -66.14900 331.489906      99.95 2.2389e+02   1950.875      46822         23  0.000e+00
      5.683      5.627    -0.7901  27.472329    -0.7905  27.470674     8.1911     8.1106     1.7359    89.6442 6.6554e+01  -65.47876  -66.14900 331.489906      99.98 2.2389e+02   1950.917      46823         23  0.000e+00
      5.642      5.586    -0.7901  27.472214    -0.7902  27.470451     8.1896     8.1105     1.7212    89.6442 6.6744e+01  -65.47876  -66.14900 331.489907      99.98 2.2389e+02   1950.958      46824         23  0.000e+00
      5.690      5.634    -0.7901  27.472157    -0.7903  27.470730     8.1928     8.1106     1.6992    89.6442 6.6933e+01  -65.47876  -66.14900 331.489907      99.98 2.2389e+02   1951.000      46825         23  0.000e+00
      5.628      5.573    -0.7899  27.472099    -0.7904  27.470842     8.1928     8.1106     1.6846    89.6442 6.7124e+01  -65.47876  -66.14900 331.489908      99.98 2.2389e+02   1951.042      46826         23  0.000e+00
      5.594      5.539    -0.7901  27.471928    -0.7903  27.470674     8.1929     8.1106     1.6919    89.6442 6.7315e+01  -65.47876  -66.14900 331.489908      99.98 2.2389e+02   1951.083      46827         23  0.000e+00
      5.539      5.485    -0.7901  27.472042    -0.7905  27.470786     8.1958     8.1106     1.6919    89.6184 6.7506e+01  -65.47876  -66.14900 331.489909      99.95 2.2389e+02   1951.125      46828         23  0.000e+00
      5.580      5.526    -0.7899  27.472328    -0.7901  27.470674     8.2035     8.1097     1.6919    89.6184 6.7890e+01  -65.47876  -66.14900 331.489909      99.95 2.2389e+02   1951.167      46829         23  0.000e+00
      5.539      5.485    -0.7901  27.472385    -0.7904  27.470618     8.2052     8.1097     1.6919    89.6184 6.8083e+01  -65.47876  -66.14900 331.489910      99.98 2.2389e+02   1951.208      46830         23  0.000e+00
      5.492      5.438    -0.7903  27.472214    -0.7906  27.470618     8.2056     8.1097     1.6919    89.6184 6.8471e+01  -65.47876  -66.14900 331.489910      99.98 2.2389e+02   1951.250      46831         23  0.000e+00
      5.478      5.424    -0.7903  27.472271    -0.7902  27.470618     8.2014     8.1096     1.6919    89.6184 6.8861e+01  -65.47876  -66.14900 331.489911      99.98 2.2389e+02   1951.292      46832         23  0.000e+00
      5.437      5.383    -0.7903  27.471985    -0.7905  27.470618     8.2076     8.1096     1.6919    89.6184 6.9057e+01  -65.47876  -66.14900 331.489911      99.93 2.2389e+02   1951.333      46833         23  0.000e+00
      5.437      5.383    -0.7901  27.472042    -0.7902  27.470618     8.2079     8.1095     1.6919    89.6184 6.9450e+01  -65.47876  -66.14900 331.489912      99.95 2.2389e+02   1951.375      46834         23  0.000e+00
      5.375      5.322    -0.7904  27.471927    -0.7906  27.470618     8.2024     8.1095     1.6919    89.6184 6.9647e+01  -65.47876  -66.14900 331.489912      99.98 2.2389e+02   1951.417      46835         23  0.000e+00
      5.389      5.336    -0.7903  27.472042    -0.7907  27.470618     8.2012     8.1096     1.6919    89.6184 7.0044e+01  -65.47876  -66.14900 331.489913      99.98 2.2389e+02   1951.458      46836         23  0.000e+00
      5.334      5.282    -0.7903  27.471927    -0.7905  27.470450     8.1987     8.1095     1.6919    89.6184 7.0443e+01  -65.47876  -66.14900 331.489913      99.98 2.2389e+02   1951.500      46837         23  0.000e+00
      5.328      5.275    -0.7904  27.471641    -0.7907  27.470562     8.1976     8.1095     1.6919    89.6184 7.0844e+01  -65.47876  -66.14900 331.489914      99.98 2.2389e+02   1951.542      46838         23  0.000e+00
      5.334      5.282    -0.7903  27.471755    -0.7906  27.470450     8.1905     8.1095     1.6919    89.6442 7.1247e+01  -65.47876  -66.14900 331.489914      99.98 2.2389e+02   1951.583      46839         23  0.000e+00
      5.239      5.187    -0.7906  27.471870    -0.7905  27.470170     8.1822     8.1094     1.6919    89.6184 7.1652e+01  -65.47876  -66.14900 331.489915      99.95 2.2389e+02   1951.625      46840         23  0.000e+00
      5.273      5.221    -0.7904  27.471870    -0.7903  27.470282     8.1785     8.1094     1.6919    89.6184 7.2060e+01  -65.47876  -66.14900 331.489915      99.95 2.2389e+02   1951.667      46841         23  0.000e+00
      5.239      5.187    -0.7907  27.471698    -0.7904  27.470561     8.1749     8.1094     1.6919    89.6184 7.2265e+01  -65.47876  -66.14900 331.489916      99.98 2.2389e+02   1951.708      46842         23  0.000e+00
      5.184      5.133    -0.7904  27.471812    -0.7906  27.470449     8.1772     8.1093     1.6919    89.6184 7.2883e+01  -65.47876  -66.14900 331.489916      99.98 2.2389e+02   1951.750      46843         23  0.000e+00
      5.225      5.174    -0.7906  27.472213    -0.7905  27.470338     8.1693     8.1094     1.6919    89.6184 7.3090e+01  -65.47876  -66.14900 331.489917      99.98 2.2389e+02   1951.792      46844         23  0.000e+00
      5.184      5.133    -0.7906  27.471984    -0.7905  27.470338     8.1674     8.1093     1.6919    89.6184 7.3297e+01  -65.47876  -66.14900 331.489917      99.93 2.2389e+02   1951.833      46845         23  0.000e+00
      5.136      5.086    -0.7904  27.471869    -0.7905  27.469946     8.1700     8.1148     1.6919    89.6184 7.3506e+01  -65.47876  -66.14900 331.489918      99.95 2.2389e+02   1951.875      46846         23  0.000e+00
      5.122      5.072    -0.7904  27.471698    -0.7909  27.469835     8.1669     8.1102     1.6919    89.6184 7.3714e+01  -65.47876  -66.14900 331.489918      99.98 2.2389e+02   1951.917      46847         23  0.000e+00
      5.081      5.031    -0.7906  27.471411    -0.7908  27.470002     8.1637     8.1101     1.6919    89.6184 7.3924e+01  -65.47876  -66.14900 331.489918      99.98 2.2389e+02   1951.958      46848         23  0.000e+00
      5.081      5.031    -0.7904  27.471697    -0.7906  27.469890     8.1620     8.1156     1.6919    89.6184 7.4134e+01  -65.47876  -66.14900 331.489919      99.98 2.2389e+02   1952.000      46849         23  0.000e+00
      5.075      5.025    -0.7901  27.471869    -0.7905  27.470002     8.1675     8.1108     1.6919    89.6184 7.4344e+01  -65.47876  -66.14900 331.489919      99.98 2.2389e+02   1952.042      46850         23  0.000e+00
      5.034      4.984    -0.7903  27.471812    -0.7906  27.469667     8.1701     8.1107     1.6992    89.6184 7.4556e+01  -65.47876  -66.14900 331.489920      99.98 2.2389e+02   1952.083      46851         23  0.000e+00
      5.082      5.031    -0.7903  27.471812    -0.7907  27.469723     8.1729     8.1107     1.7066    89.6184 7.4980e+01  -65.47876  -66.14900 331.489920      99.95 2.2389e+02   1952.125      46852         23  0.000e+00
      4.972      4.923    -0.7904  27.471697    -0.7908  27.470002     8.1757     8.1105     1.7066    89.6184 7.5193e+01  -65.47876  -66.14900 331.489921      99.95 2.2389e+02   1952.167      46853         23  0.000e+00
      4.986      4.937    -0.7904  27.471812    -0.7907  27.470114     8.1773     8.1105     1.7066    89.6184 7.5621e+01  -65.47876  -66.14900 331.489921      99.98 2.2389e+02   1952.208      46854         24  0.000e+00
      4.986      4.937    -0.7903  27.471697    -0.7908  27.469890     8.1716     8.1104     1.7066    89.6184 7.5835e+01  -65.47876  -66.14900 331.489922      99.98 2.2389e+02   1952.250      46855         24  0.000e+00
      4.972      4.923    -0.7903  27.471812    -0.7906  27.470002     8.1689     8.1103     1.7066    89.6184 7.6267e+01  -65.47876  -66.14900 331.489922      99.95 2.2389e+02   1952.292      46856         24  0.000e+00
