NBP2113_155081_ctd/data/nbp2113_033.ros
* Sea-Bird SBE 9 Data File:
* FileName = D:\Data\raw\NBP2113_033.hex
* Software Version Seasave V 7.26.7.121
* Temperature SN = 2438
* Conductivity SN = 2067
* Number of Bytes Per Scan = 40
* Number of Voltage Words = 5
* Number of Scans Averaged by the Deck Unit = 1
* NMEA Latitude = 64 55.99 S
* NMEA Longitude = 064 24.01 W
* NMEA UTC (Time) = Dec 08 2021  19:08:34
* NMEA baud rate = 9600
** Ship: RVIB N.B. Palmer
** Cruise: NBP2113 LTER
** Station: 600.040
** Operator: S. Blackman
# nquan = 20
# nvalues = 189                                   
# units = specified
# name 0 = prDM: Pressure, Digiquartz [db]
# name 1 = depSM: Depth [salt water, m]
# name 2 = t090C: Temperature [ITS-90, deg C]
# name 3 = c0mS/cm: Conductivity [mS/cm]
# name 4 = t190C: Temperature, 2 [ITS-90, deg C]
# name 5 = c1mS/cm: Conductivity, 2 [mS/cm]
# name 6 = sbeox0ML/L: Oxygen, SBE 43 [ml/l]
# name 7 = sbeox1ML/L: Oxygen, SBE 43, 2 [ml/l]
# name 8 = flECO-AFL: Fluorescence, WET Labs ECO-AFL/FL [mg/m^3]
# name 9 = CStarTr0: Beam Transmission, WET Labs C-Star [%]
# name 10 = par: PAR/Irradiance, Biospherical/Licor
# name 11 = latitude: Latitude [deg]
# name 12 = longitude: Longitude [deg]
# name 13 = timeJ: Julian Days
# name 14 = altM: Altimeter [m]
# name 15 = spar: SPAR, Biospherical/Licor
# name 16 = timeS: Time, Elapsed [seconds]
# name 17 = scan: Scan Count
# name 18 = nbf: Bottles Fired
# name 19 = flag:  0.000e+00
# interval = seconds: 0.0416667
# start_time = Dec 08 2021 19:08:34 [NMEA time, header]
# bad_flag = -9.990e-29
*END*
     17.891     17.715    -0.2115  28.035985    -0.1892  28.075252     7.8983     7.9304     1.2450    91.9617 2.5988e+01  -64.93312  -64.39936 342.813780      99.98 3.1556e+02   1396.583      33519          1  0.000e+00
     17.857     17.681    -0.2128  28.040482    -0.1892  28.075083     7.8966     7.9305     1.2450    91.9617 2.5988e+01  -64.93312  -64.39936 342.813780      99.95 3.1556e+02   1396.625      33520          1  0.000e+00
     17.891     17.715    -0.2134  28.046307    -0.1890  28.075646     7.9018     7.9360     1.2450    91.9617 2.5988e+01  -64.93312  -64.39936 342.813781      99.95 3.1556e+02   1396.667      33521          1  0.000e+00
     17.891     17.715    -0.2125  28.043135    -0.1896  28.070688     7.8970     7.9318     1.2450    91.9617 2.5913e+01  -64.93312  -64.39936 342.813781      99.98 3.1556e+02   1396.708      33522          1  0.000e+00
     17.857     17.681    -0.2168  28.042155    -0.1995  28.055026     7.8974     7.9347     1.2450    91.9617 2.5913e+01  -64.93312  -64.39936 342.813782      99.98 3.1556e+02   1396.750      33523          1  0.000e+00
     17.836     17.661    -0.2152  28.041002    -0.2090  28.045733     7.8953     7.9369     1.2450    91.9617 2.5838e+01  -64.93314  -64.39934 342.813782      99.98 3.1556e+02   1396.792      33524          1  0.000e+00
     17.857     17.681    -0.2133  28.042559    -0.2058  28.046183     7.8943     7.9361     1.2450    91.9617 2.5838e+01  -64.93314  -64.39934 342.813783      99.93 3.1556e+02   1396.833      33525          1  0.000e+00
     17.836     17.661    -0.2139  28.046307    -0.2023  28.047816     7.8934     7.9341     1.2450    91.9617 2.5764e+01  -64.93314  -64.39934 342.813783      99.95 3.1556e+02   1396.875      33526          1  0.000e+00
     17.836     17.661    -0.2217  28.047115    -0.2086  28.036439     7.8941     7.9348     1.2450    91.9617 2.5764e+01  -64.93314  -64.39934 342.813784      99.98 3.1556e+02   1396.917      33527          1  0.000e+00
     17.857     17.681    -0.2306  28.039446    -0.2248  28.017914     7.8884     7.9387     1.2450    91.9617 2.5764e+01  -64.93314  -64.39934 342.813784      99.98 3.1556e+02   1396.958      33528          1  0.000e+00
     17.836     17.661    -0.2356  28.024282    -0.2351  28.007274     7.8883     7.9408     1.2743    91.9617 2.5690e+01  -64.93314  -64.39934 342.813785      99.98 3.1556e+02   1397.000      33529          1  0.000e+00
     17.836     17.661    -0.2384  28.013675    -0.2397  28.003446     7.8932     7.9412     1.2817    91.9359 2.5690e+01  -64.93314  -64.39934 342.813785      99.98 3.1556e+02   1397.042      33530          1  0.000e+00
     17.809     17.634    -0.2387  28.008833    -0.2423  28.001476     7.8870     7.9411     1.2817    91.9102 2.5616e+01  -64.93314  -64.39934 342.813786      99.98 3.1556e+02   1397.083      33531          1  0.000e+00
     17.836     17.661    -0.2387  28.007853    -0.2435  28.000407     7.8849     7.9406     1.2817    91.8844 2.5616e+01  -64.93314  -64.39934 342.813786      99.95 3.1556e+02   1397.125      33532          1  0.000e+00
     17.809     17.634    -0.2373  28.007334    -0.2445  27.999619     7.8824     7.9399     1.2817    91.8844 2.5542e+01  -64.93314  -64.39934 342.813787      99.95 3.1556e+02   1397.167      33533          1  0.000e+00
     17.836     17.661    -0.2368  28.008660    -0.2455  27.998831     7.8858     7.9393     1.2817    91.8844 2.5542e+01  -64.93314  -64.39934 342.813787      99.98 3.1556e+02   1397.208      33534          1  0.000e+00
     17.788     17.613    -0.2387  28.009409    -0.2462  27.998043     7.8851     7.9384     1.2817    91.8844 2.5468e+01  -64.93314  -64.39934 342.813788      99.98 3.1556e+02   1397.250      33535          1  0.000e+00
     17.857     17.681    -0.2403  28.008141    -0.2466  27.997649     7.8788     7.9375     1.2817    91.8844 2.5468e+01  -64.93314  -64.39934 342.813788      99.95 3.1556e+02   1397.292      33536          1  0.000e+00
     17.789     17.613    -0.2419  28.006816    -0.2471  27.997198     7.8769     7.9364     1.2817    91.8844 2.5395e+01  -64.93314  -64.39934 342.813789      99.93 3.1556e+02   1397.333      33537          1  0.000e+00
     17.809     17.634    -0.2439  28.004626    -0.2467  27.996636     7.8808     7.9360     1.2817    91.8844 2.5322e+01  -64.93314  -64.39934 342.813789      99.95 3.1556e+02   1397.375      33538          1  0.000e+00
     17.789     17.614    -0.2459  28.002839    -0.2472  27.996523     7.8745     7.9357     1.2817    91.9102 2.5322e+01  -64.93314  -64.39934 342.813790      99.98 3.1556e+02   1397.417      33539          1  0.000e+00
     17.836     17.661    -0.2468  27.999381    -0.2478  27.995341     7.8726     7.9346     1.2817    91.8844 2.5249e+01  -64.93314  -64.39934 342.813790      99.98 3.1556e+02   1397.458      33540          1  0.000e+00
     17.809     17.634    -0.2472  27.997421    -0.2480  27.993934     7.8718     7.9334     1.2817    91.8844 2.5176e+01  -64.93314  -64.39934 342.813791      99.98 3.1556e+02   1397.500      33541          1  0.000e+00
     17.837     17.661    -0.2468  27.997825    -0.2494  27.990895     7.8766     7.9333     1.2817    91.8844 2.5176e+01  -64.93314  -64.39934 342.813791      99.98 3.1556e+02   1397.542      33542          1  0.000e+00
     17.789     17.614    -0.2473  27.997249    -0.2526  27.987574     7.8699     7.9326     1.2817    91.8844 2.5104e+01  -64.93314  -64.39934 342.813791      99.98 3.1556e+02   1397.583      33543          1  0.000e+00
     17.809     17.634    -0.2498  27.997710    -0.2547  27.985998     7.8680     7.9325     1.2817    91.8844 2.5031e+01  -64.93314  -64.39934 342.813792      99.95 3.1556e+02   1397.625      33544          1  0.000e+00
     17.837     17.661    -0.2526  27.995405    -0.2557  27.985323     7.8665     7.9321     1.2817    91.8844 2.5031e+01  -64.93314  -64.39934 342.813792      99.95 3.1556e+02   1397.667      33545          1  0.000e+00
     17.809     17.634    -0.2532  27.991025    -0.2561  27.986224     7.8659     7.9259     1.2817    91.8844 2.4959e+01  -64.93314  -64.39934 342.813793      99.98 3.1556e+02   1397.708      33546          1  0.000e+00
     17.789     17.614    -0.2516  27.990391    -0.2554  27.987743     7.8648     7.9240     1.2817    91.8844 2.4887e+01  -64.93314  -64.39934 342.813793      99.98 3.1556e+02   1397.750      33547          1  0.000e+00
     17.837     17.661    -0.2516  27.991428    -0.2549  27.987687     7.8639     7.9224     1.2817    91.8844 2.4887e+01  -64.93314  -64.39934 342.813794      99.98 3.1556e+02   1397.792      33548          1  0.000e+00
     17.809     17.634    -0.2532  27.992120    -0.2555  27.987574     7.8576     7.9209     1.2817    91.8844 2.4744e+01  -64.93314  -64.39934 342.813794      99.93 3.1556e+02   1397.833      33549          1  0.000e+00
     17.837     17.661    -0.2531  27.990679    -0.2535  27.989544     7.8615     7.9188     1.2817    91.8329 2.4744e+01  -64.93314  -64.39934 342.813795      99.98 3.1556e+02   1397.875      33550          1  0.000e+00
     17.857     17.682    -0.2522  27.989354    -0.2513  27.991570     7.8551     7.9122     1.2817    91.7299 2.4672e+01  -64.93314  -64.39934 342.813795      99.98 3.1379e+02   1397.917      33551          1  0.000e+00
     17.789     17.614    -0.2537  27.990218    -0.2502  27.992639     7.8534     7.9158     1.2817    91.6527 2.4601e+01  -64.93314  -64.39934 342.813796      99.98 3.1556e+02   1397.958      33552          1  0.000e+00
     17.892     17.715    -0.2551  27.990680    -0.2500  27.992020     7.8520     7.9099     1.2817    91.6784 2.4601e+01  -64.93314  -64.39934 342.813796      99.98 3.1556e+02   1398.000      33553          1  0.000e+00
     17.857     17.682    -0.2549  27.988259    -0.2498  27.992358     7.8577     7.9084     1.2817    91.6784 2.4601e+01  -64.93314  -64.39934 342.813797      99.98 3.1556e+02   1398.042      33554          1  0.000e+00
     17.837     17.661    -0.2515  27.987337    -0.2498  27.992583     7.8570     7.9125     1.2524    91.6784 2.4530e+01  -64.93314  -64.39934 342.813797      99.98 3.1379e+02   1398.083      33555          1  0.000e+00
     17.809     17.634    -0.2495  27.990103    -0.2498  27.992414     7.8505     7.9121     1.2377    91.6784 2.4460e+01  -64.93314  -64.39934 342.813798      99.95 3.1379e+02   1398.125      33556          1  0.000e+00
     17.892     17.716    -0.2476  27.993676    -0.2500  27.991908     7.8487     7.9064     1.2377    91.6784 2.4460e+01  -64.93314  -64.39934 342.813798      99.95 3.1379e+02   1398.167      33557          1  0.000e+00
     17.892     17.716    -0.2481  27.996212    -0.2506  27.990613     7.8545     7.9055     1.2377    91.6784 2.4389e+01  -64.93314  -64.39934 342.813799      99.98 3.1379e+02   1398.208      33558          1  0.000e+00
     17.857     17.682    -0.2493  27.997249    -0.2522  27.988869     7.8491     7.9047     1.2377    91.6784 2.4389e+01  -64.93314  -64.39934 342.813799      99.98 3.1379e+02   1398.250      33559          1  0.000e+00
     17.892     17.716    -0.2510  27.996327    -0.2534  27.987799     7.8427     7.9041     1.2377    91.6784 2.4319e+01  -64.93314  -64.39934 342.813800      99.98 3.1379e+02   1398.292      33560          1  0.000e+00
     17.892     17.716    -0.2482  27.993561    -0.2540  27.986955     7.8403     7.9033     1.2377    91.6784 2.4319e+01  -64.93314  -64.39934 342.813800      99.95 3.1379e+02   1398.333      33561          1  0.000e+00
     17.857     17.682    -0.2460  27.993848    -0.2545  27.986392     7.8321     7.9025     1.2377    91.6784 2.4249e+01  -64.93314  -64.39934 342.813801      99.95 3.1379e+02   1398.375      33562          1  0.000e+00
     17.940     17.763    -0.2466  27.997422    -0.2552  27.986055     7.8361     7.9019     1.2377    91.6784 2.4249e+01  -64.93314  -64.39934 342.813801      99.98 3.1379e+02   1398.417      33563          1  0.000e+00
     17.905     17.729    -0.2463  27.999151    -0.2549  27.987349     7.8343     7.8956     1.2377    91.6784 2.4179e+01  -64.93314  -64.39934 342.813802      99.98 3.1379e+02   1398.458      33564          1  0.000e+00
     17.892     17.716    -0.2456  27.998574    -0.2537  27.990220     7.8329     7.8937     1.2377    91.6784 2.4179e+01  -64.93314  -64.39934 342.813802      99.98 3.1379e+02   1398.500      33565          1  0.000e+00
     17.940     17.763    -0.2438  27.998747    -0.2511  27.994160     7.8327     7.8916     1.2450    91.6784 2.4179e+01  -64.93314  -64.39934 342.813803      99.98 3.1379e+02   1398.542      33566          1  0.000e+00
     17.905     17.729    -0.2434  28.000476    -0.2465  27.998606     7.8386     7.8891     1.2377    91.6784 2.4109e+01  -64.93314  -64.39934 342.813803      99.98 3.1379e+02   1398.583      33567          1  0.000e+00
     19.057     18.869    -0.2135  28.043369    -0.2153  28.037964     7.9143     7.9189     1.4575    91.4209 2.3086e+01  -64.93314  -64.39934 342.813838      99.98 3.1379e+02   1401.583      33639          2  0.000e+00
     19.125     18.937    -0.2125  28.044177    -0.2149  28.038077     7.9146     7.9248     1.4575    91.4209 2.3019e+01  -64.93314  -64.39934 342.813838      99.95 3.1379e+02   1401.625      33640          2  0.000e+00
     19.105     18.917    -0.2104  28.045330    -0.2137  28.040498     7.9201     7.9201     1.4575    91.4209 2.3019e+01  -64.93314  -64.39934 342.813839      99.95 3.1379e+02   1401.667      33641          2  0.000e+00
     19.125     18.937    -0.2066  28.049193    -0.2116  28.042864     7.9191     7.9200     1.4575    91.4209 2.3086e+01  -64.93314  -64.39934 342.813839      99.98 3.1379e+02   1401.708      33642          2  0.000e+00
     19.160     18.971    -0.2054  28.053461    -0.2119  28.041400     7.9126     7.9205     1.4575    91.4209 2.3086e+01  -64.93314  -64.39934 342.813840      99.98 3.1379e+02   1401.750      33643          2  0.000e+00
     19.160     18.971    -0.2058  28.056114    -0.2129  28.040386     7.9107     7.9264     1.4575    91.4209 2.3086e+01  -64.93314  -64.39934 342.813840      99.95 3.1379e+02   1401.792      33644          2  0.000e+00
     19.180     18.991    -0.2060  28.055307    -0.2096  28.044385     7.9101     7.9266     1.4575    91.4209 2.3086e+01  -64.93314  -64.39934 342.813841      99.95 3.1379e+02   1401.833      33645          2  0.000e+00
     19.160     18.971    -0.2043  28.050520    -0.2037  28.051143     7.9151     7.9260     1.4648    91.4209 2.3153e+01  -64.93314  -64.39934 342.813841      99.98 3.1379e+02   1401.875      33646          2  0.000e+00
     19.207     19.018    -0.1999  28.051442    -0.2007  28.054298     7.9088     7.9253     1.4648    91.4209 2.3153e+01  -64.93314  -64.39934 342.813842      99.98 3.1379e+02   1401.917      33647          2  0.000e+00
     19.180     18.991    -0.1958  28.058478    -0.2027  28.050918     7.9106     7.9267     1.4575    91.4209 2.3153e+01  -64.93314  -64.39934 342.813842      99.98 3.1379e+02   1401.958      33648          2  0.000e+00
     19.208     19.018    -0.1940  28.063266    -0.2057  28.047764     7.9112     7.9282     1.4575    91.4209 2.3220e+01  -64.93314  -64.39934 342.813843      99.98 3.1379e+02   1402.000      33649          2  0.000e+00
     19.255     19.066    -0.1954  28.067765    -0.2054  28.049285     7.9122     7.9288     1.4575    91.4209 2.3220e+01  -64.93314  -64.39934 342.813843      99.98 3.1379e+02   1402.042      33650          2  0.000e+00
     19.228     19.039    -0.1931  28.069092    -0.2042  28.052214     7.9112     7.9280     1.4575    91.3694 2.3287e+01  -64.93314  -64.39934 342.813844      99.98 3.1379e+02   1402.083      33651          2  0.000e+00
     19.256     19.066    -0.1901  28.070707    -0.1998  28.057453     7.9098     7.9273     1.4648    91.2407 2.3287e+01  -64.93314  -64.39934 342.813844      99.95 3.1379e+02   1402.125      33652          2  0.000e+00
     19.256     19.066    -0.1873  28.072784    -0.1955  28.062860     7.9153     7.9266     1.4648    91.1892 2.3354e+01  -64.93314  -64.39934 342.813845      99.95 3.1379e+02   1402.167      33653          2  0.000e+00
     19.276     19.086    -0.1874  28.075207    -0.1923  28.068213     7.9110     7.9260     1.4648    91.1892 2.3354e+01  -64.93314  -64.39934 342.813845      99.98 3.1379e+02   1402.208      33654          2  0.000e+00
     19.256     19.066    -0.1863  28.076533    -0.1891  28.071931     7.9093     7.9253     1.4575    91.1892 2.3422e+01  -64.93314  -64.39934 342.813845      99.98 3.1379e+02   1402.250      33655          2  0.000e+00
     19.310     19.120    -0.1874  28.077341    -0.1862  28.074128     7.9023     7.9303     1.4575    91.1892 2.3422e+01  -64.93314  -64.39934 342.813846      99.98 3.1379e+02   1402.292      33656          2  0.000e+00
     19.276     19.086    -0.1847  28.078149    -0.1840  28.075762     7.9058     7.9307     1.4648    91.2149 2.3490e+01  -64.93314  -64.39934 342.813846      99.95 3.1379e+02   1402.333      33657          2  0.000e+00
     19.310     19.120    -0.1831  28.079764    -0.1831  28.076720     7.9049     7.9305     1.4575    91.2149 2.3490e+01  -64.93314  -64.39934 342.813847      99.95 3.1379e+02   1402.375      33658          2  0.000e+00
     19.276     19.086    -0.1811  28.080802    -0.1831  28.077284     7.9038     7.9257     1.4648    91.2149 2.3558e+01  -64.93314  -64.39934 342.813847      99.98 3.1379e+02   1402.417      33659          2  0.000e+00
     19.358     19.168    -0.1798  28.082129    -0.1825  28.078298     7.9027     7.9254     1.4648    91.2149 2.3558e+01  -64.93314  -64.39934 342.813848      99.98 3.1379e+02   1402.458      33660          2  0.000e+00
     19.310     19.120    -0.1787  28.083745    -0.1818  28.080496     7.9027     7.9302     1.4721    91.1892 2.3626e+01  -64.93314  -64.39934 342.813848      99.98 3.1379e+02   1402.500      33661          2  0.000e+00
