NBP2113_155081_ctd/data/nbp2113_015.ros
* Sea-Bird SBE 9 Data File:
* FileName = D:\Data\raw\NBP2113_015.hex
* Software Version Seasave V 7.26.7.121
* Temperature SN = 2438
* Conductivity SN = 2067
* Number of Bytes Per Scan = 40
* Number of Voltage Words = 5
* Number of Scans Averaged by the Deck Unit = 1
* NMEA Latitude = 66 15.27 S
* NMEA Longitude = 067 20.33 W
* NMEA UTC (Time) = Nov 27 2021  19:51:53
* NMEA baud rate = 9600
** Ship: RVIB N.B. Palmer
** Cruise: NBP2113 LTER
** Station: 500.040
** Operator: S. Blackman
# nquan = 20
# nvalues = 1163                                  
# units = specified
# name 0 = prDM: Pressure, Digiquartz [db]
# name 1 = depSM: Depth [salt water, m]
# name 2 = t090C: Temperature [ITS-90, deg C]
# name 3 = c0mS/cm: Conductivity [mS/cm]
# name 4 = t190C: Temperature, 2 [ITS-90, deg C]
# name 5 = c1mS/cm: Conductivity, 2 [mS/cm]
# name 6 = sbeox0ML/L: Oxygen, SBE 43 [ml/l]
# name 7 = sbeox1ML/L: Oxygen, SBE 43, 2 [ml/l]
# name 8 = flECO-AFL: Fluorescence, WET Labs ECO-AFL/FL [mg/m^3]
# name 9 = CStarTr0: Beam Transmission, WET Labs C-Star [%]
# name 10 = par: PAR/Irradiance, Biospherical/Licor
# name 11 = latitude: Latitude [deg]
# name 12 = longitude: Longitude [deg]
# name 13 = timeJ: Julian Days
# name 14 = altM: Altimeter [m]
# name 15 = spar: SPAR, Biospherical/Licor
# name 16 = timeS: Time, Elapsed [seconds]
# name 17 = scan: Scan Count
# name 18 = nbf: Bottles Fired
# name 19 = flag:  0.000e+00
# interval = seconds: 0.0416667
# start_time = Nov 27 2021 19:51:53 [NMEA time, header]
# bad_flag = -9.990e-29
*END*
[from data line 1086]
      3.334      3.301    -1.0961  27.146604    -1.0964  27.144874     8.2033     8.2944     1.0106    89.2322 1.6462e+02  -66.25444  -67.33832 331.844937       1.95 3.6315e+02   1489.583      35751         23  0.000e+00
      3.279      3.246    -1.0957  27.146717    -1.0963  27.144874     8.2014     8.2936     1.0106    89.0262 1.6555e+02  -66.25444  -67.33832 331.844938       1.95 3.6315e+02   1489.625      35752         23  0.000e+00
      3.279      3.246    -1.0958  27.147116    -1.0961  27.145041     8.1998     8.2983     1.0106    88.3052 1.6602e+02  -66.25444  -67.33832 331.844938      41.27 3.6315e+02   1489.667      35753         23  0.000e+00
      3.217      3.185    -1.0958  27.146888    -1.0960  27.145152     8.2162     8.2927     1.0106    88.0220 1.6696e+02  -66.25444  -67.33832 331.844939      91.92 3.6315e+02   1489.708      35754         23  0.000e+00
      3.231      3.199    -1.0957  27.147059    -1.0960  27.145152     8.2370     8.2975     1.0106    88.0477 1.6790e+02  -66.25444  -67.33832 331.844939     100.00 3.6315e+02   1489.750      35755         23  0.000e+00
      3.128      3.097    -1.0955  27.147002    -1.0959  27.145152     8.2606     8.2918     1.0106    88.0477 1.6838e+02  -66.25444  -67.33832 331.844940     100.00 3.6315e+02   1489.792      35756         23  0.000e+00
      3.169      3.138    -1.0955  27.147002    -1.0959  27.145152     8.2618     8.2910     1.0106    88.0477 1.6885e+02  -66.25444  -67.33832 331.844940     100.00 3.6315e+02   1489.833      35757         23  0.000e+00
      3.080      3.050    -1.0955  27.147002    -1.0957  27.145152     8.2631     8.2900     1.0106    88.0735 1.6933e+02  -66.25444  -67.33832 331.844941     100.00 3.6315e+02   1489.875      35758         23  0.000e+00
      3.081      3.050    -1.0957  27.147116    -1.0956  27.145374     8.2557     8.2900     1.0106    88.0735 1.7029e+02  -66.25444  -67.33832 331.844941      99.88 3.6315e+02   1489.917      35759         23  0.000e+00
      3.026      2.996    -1.0954  27.146831    -1.0957  27.145597     8.2573     8.2891     1.0106    88.0735 1.7077e+02  -66.25444  -67.33832 331.844942      99.93 3.6315e+02   1489.958      35760         23  0.000e+00
      2.964      2.935    -1.0955  27.147115    -1.0955  27.145708     8.2529     8.2882     0.9959    88.0735 1.7174e+02  -66.25444  -67.33832 331.844942      99.98 3.6315e+02   1490.000      35761         23  0.000e+00
      2.978      2.948    -1.0954  27.147286    -1.0954  27.145485     8.2457     8.2930     0.9740    88.0735 1.7222e+02  -66.25444  -67.33832 331.844943      99.98 3.6315e+02   1490.042      35762         23  0.000e+00
      2.875      2.847    -1.0954  27.147001    -1.0955  27.145763     8.2372     8.2873     0.9666    88.0735 1.7320e+02  -66.25444  -67.33832 331.844943      99.95 3.6315e+02   1490.083      35763         23  0.000e+00
      2.869      2.840    -1.0955  27.147172    -1.0952  27.145763     8.2393     8.2864     0.9666    88.0735 1.7369e+02  -66.25444  -67.33832 331.844944      99.93 3.6315e+02   1490.125      35764         23  0.000e+00
      2.827      2.799    -1.0957  27.147058    -1.0954  27.145485     8.2370     8.2865     0.9666    88.0735 1.7418e+02  -66.25444  -67.33832 331.844944      99.95 3.6315e+02   1490.167      35765         23  0.000e+00
      2.773      2.745    -1.0951  27.147001    -1.0954  27.145652     8.2331     8.2865     0.9666    88.0735 1.7467e+02  -66.25444  -67.33832 331.844945      99.98 3.6315e+02   1490.208      35766         23  0.000e+00
      2.725      2.698    -1.0951  27.147172    -1.0952  27.145262     8.2352     8.2857     0.9666    88.0735 1.7517e+02  -66.25444  -67.33832 331.844945      99.98 3.6315e+02   1490.250      35767         23  0.000e+00
      2.711      2.684    -1.0951  27.147571    -1.0949  27.145596     8.2373     8.2857     0.9666    88.0735 1.7566e+02  -66.25444  -67.33832 331.844946      99.98 3.6315e+02   1490.292      35768         23  0.000e+00
      2.670      2.644    -1.0951  27.147343    -1.0951  27.145485     8.2420     8.2859     0.9666    88.0735 1.7665e+02  -66.25444  -67.33832 331.844946      99.98 3.6315e+02   1490.333      35769         23  0.000e+00
      2.622      2.596    -1.0949  27.147456    -1.0949  27.145429     8.2479     8.2860     0.9666    88.0735 1.7765e+02  -66.25444  -67.33832 331.844946      99.98 3.6315e+02   1490.375      35770         23  0.000e+00
      2.561      2.535    -1.0951  27.147342    -1.0952  27.145651     8.2491     8.2863     0.9740    88.0735 1.7866e+02  -66.25444  -67.33832 331.844947      99.95 3.6315e+02   1490.417      35771         23  0.000e+00
      2.520      2.495    -1.0951  27.147171    -1.0951  27.145484     8.2441     8.2856     0.9740    88.1250 1.7967e+02  -66.25444  -67.33832 331.844947      99.95 3.6315e+02   1490.458      35772         23  0.000e+00
      2.520      2.495    -1.0952  27.146829    -1.0953  27.145429     8.2495     8.2859     0.9666    88.8974 1.8120e+02  -66.25444  -67.33832 331.844948      99.98 3.6315e+02   1490.500      35773         23  0.000e+00
      2.417      2.393    -1.0952  27.146772    -1.0948  27.145428     8.2634     8.2860     0.9740    89.2837 1.8326e+02  -66.25444  -67.33832 331.844948      99.98 3.6315e+02   1490.542      35774         23  0.000e+00
      2.410      2.386    -1.0957  27.146772    -1.0948  27.145428     8.2784     8.2855     0.9666    89.3352 1.8481e+02  -66.25444  -67.33832 331.844949      99.95 3.6315e+02   1490.583      35775         23  0.000e+00
      2.417      2.393    -1.0954  27.146430    -1.0945  27.145428     8.2839     8.2858     0.9666    89.2837 1.8691e+02  -66.25444  -67.33832 331.844949      99.93 3.6315e+02   1490.625      35776         23  0.000e+00
      2.369      2.346    -1.0955  27.146658    -1.0944  27.145595     8.2873     8.2861     0.9666    89.2837 1.8850e+02  -66.25444  -67.33832 331.844950      73.38 3.6315e+02   1490.667      35777         23  0.000e+00
      2.321      2.298    -1.0954  27.146772    -1.0944  27.145873     8.3036     8.2912     0.9666    89.2579 1.9064e+02  -66.25444  -67.33832 331.844950      15.90 3.6315e+02   1490.708      35778         23  0.000e+00
      2.260      2.237    -1.0954  27.146772    -1.0945  27.145929     8.3102     8.2924     0.9666    89.2322 1.9172e+02  -66.25444  -67.33832 331.844951       0.00 3.6315e+02   1490.750      35779         24  0.000e+00
      2.321      2.298    -1.0953  27.147057    -1.0943  27.145595     8.3118     8.2882     0.9666    89.2579 1.9280e+02  -66.25444  -67.33834 331.844951       0.00 3.6315e+02   1490.792      35780         24  0.000e+00
      2.267      2.244    -1.0952  27.147000    -1.0943  27.145595     8.3188     8.2886     0.9740    89.2579 1.9389e+02  -66.25444  -67.33834 331.844952       0.63 3.6315e+02   1490.833      35781         24  0.000e+00
      2.157      2.136    -1.0951  27.146828    -1.0943  27.145483     8.3269     8.2889     0.9666    89.2579 1.9444e+02  -66.25444  -67.33834 331.844952       1.56 3.6315e+02   1490.875      35782         24  0.000e+00
      2.267      2.244    -1.0952  27.146772    -1.0944  27.145651     8.3275     8.2896     0.9666    89.2579 1.9444e+02  -66.25444  -67.33834 331.844953       1.71 3.6315e+02   1490.917      35783         24  0.000e+00
      2.219      2.197    -1.0955  27.146886    -1.0945  27.145261     8.3202     8.2901     0.9666    89.2579 1.9499e+02  -66.25444  -67.33834 331.844953       1.66 3.6315e+02   1490.958      35784         24  0.000e+00
      2.219      2.197    -1.0954  27.146772    -1.0946  27.145372     8.3203     8.2908     0.9666    89.2579 1.9444e+02  -66.25444  -67.33834 331.844954       1.64 3.6315e+02   1491.000      35785         24  0.000e+00
      2.157      2.136    -1.0954  27.146771    -1.0944  27.145595     8.3319     8.2913     0.9666    89.2579 1.9444e+02  -66.25444  -67.33834 331.844954       1.61 3.6315e+02   1491.042      35786         24  0.000e+00
      2.116      2.095    -1.0952  27.146771    -1.0948  27.145261     8.3355     8.2911     0.9593    89.2579 1.9444e+02  -66.25444  -67.33834 331.844955       1.61 3.6315e+02   1491.083      35787         24  0.000e+00
      2.219      2.197    -1.0952  27.146772    -1.0949  27.145595     8.3390     8.2909     0.9007    89.2579 1.9389e+02  -66.25444  -67.33834 331.844955       1.64 3.6315e+02   1491.125      35788         24  0.000e+00
      2.164      2.143    -1.0949  27.146885    -1.0951  27.145483     8.3359     8.2906     0.8787    89.2579 1.9335e+02  -66.25444  -67.33834 331.844956       1.68 3.6315e+02   1491.167      35789         24  0.000e+00
      2.205      2.183    -1.0952  27.146772    -1.0949  27.145261     8.3239     8.2904     0.8787    89.2322 1.9280e+02  -66.25444  -67.33834 331.844956       1.90 3.6315e+02   1491.208      35790         24  0.000e+00
      2.219      2.197    -1.0949  27.147113    -1.0948  27.144760     8.3028     8.2911     0.8787    89.2579 1.9280e+02  -66.25444  -67.33834 331.844957       2.00 3.6315e+02   1491.250      35791         24  0.000e+00
      2.116      2.095    -1.0949  27.146885    -1.0948  27.145205     8.2774     8.2907     0.8861    89.2322 1.9280e+02  -66.25444  -67.33834 331.844957       2.00 3.6315e+02   1491.292      35792         24  0.000e+00
      2.267      2.244    -1.0949  27.146886    -1.0951  27.145261     8.2645     8.2973     0.8861    89.1292 1.9280e+02  -66.25444  -67.33834 331.844958       2.00 3.6315e+02   1491.333      35793         24  0.000e+00
      2.205      2.184    -1.0946  27.147170    -1.0951  27.144927     8.2559     8.2979     0.8861    89.0519 1.9389e+02  -66.25444  -67.33834 331.844958       2.00 3.6315e+02   1491.375      35794         24  0.000e+00
      2.267      2.244    -1.0949  27.147057    -1.0953  27.145094     8.2667     8.2930     0.8787    89.0519 1.9499e+02  -66.25444  -67.33834 331.844959       2.00 3.6315e+02   1491.417      35795         24  0.000e+00
      2.322      2.299    -1.0949  27.147171    -1.0952  27.144927     8.2634     8.2984     0.8861    89.0519 1.9554e+02  -66.25444  -67.33834 331.844959       2.00 3.6315e+02   1491.458      35796         24  0.000e+00
      2.205      2.184    -1.0951  27.146999    -1.0952  27.145094     8.2434     8.2989     0.8787    89.0519 1.9665e+02  -66.25444  -67.33834 331.844959       2.00 3.6315e+02   1491.500      35797         24  0.000e+00
      2.370      2.346    -1.0951  27.146772    -1.0953  27.145373     8.2330     8.2940     0.8787    89.0777 1.9720e+02  -66.25444  -67.33834 331.844960       2.00 3.6139e+02   1491.542      35798         24  0.000e+00
      2.370      2.346    -1.0954  27.146544    -1.0954  27.144983     8.2377     8.2937     0.8787    89.0519 1.9776e+02  -66.25444  -67.33834 331.844960       2.00 3.6315e+02   1491.583      35799         24  0.000e+00
      2.164      2.143    -1.0957  27.146487    -1.0954  27.144704     8.2330     8.2988     0.8861    89.0777 1.9776e+02  -66.25444  -67.33834 331.844961       2.00 3.6315e+02   1491.625      35800         24  0.000e+00
      2.513      2.488    -1.0958  27.146829    -1.0957  27.144650     8.2098     8.2998     0.8787    89.0519 1.9720e+02  -66.25444  -67.33834 331.844961       1.88 3.6315e+02   1491.667      35801         24  0.000e+00
      2.117      2.096    -1.0957  27.146600    -1.0959  27.144871     8.1682     8.3007     0.8787    89.0519 1.9665e+02  -66.25444  -67.33834 331.844962       1.34 3.6315e+02   1491.708      35802         24  0.000e+00
      2.671      2.644    -1.0959  27.146317    -1.0960  27.144706     8.1361     8.2963     0.8861    89.0519 1.9609e+02  -66.25444  -67.33834 331.844962       1.15 3.6315e+02   1491.750      35803         24  0.000e+00
      2.219      2.197    -1.0961  27.146430    -1.0960  27.144816     8.1200     8.2963     0.8787    89.0519 1.9499e+02  -66.25444  -67.33834 331.844963       1.12 3.6315e+02   1491.792      35804         24  0.000e+00
      2.459      2.434    -1.0958  27.146373    -1.0963  27.144928     8.1083     8.2963     0.8787    89.0519 1.9389e+02  -66.25444  -67.33834 331.844963       1.15 3.6315e+02   1491.833      35805         24  0.000e+00
      2.370      2.346    -1.0959  27.146658    -1.0964  27.144482     8.1063     8.2958     0.8787    89.0519 1.9335e+02  -66.25444  -67.33834 331.844964       1.17 3.6315e+02   1491.875      35806         24  0.000e+00
      2.267      2.245    -1.0957  27.146772    -1.0961  27.144371     8.1062     8.2953     0.8861    89.0519 1.9335e+02  -66.25444  -67.33834 331.844964       1.17 3.6139e+02   1491.917      35807         24  0.000e+00
      2.513      2.489    -1.0957  27.146772    -1.0968  27.144371     8.1248     8.2953     0.8861    89.0519 1.9335e+02  -66.25444  -67.33834 331.844965       1.17 3.6139e+02   1491.958      35808         24  0.000e+00
      2.322      2.299    -1.0954  27.146772    -1.0968  27.144037     8.1143     8.2948     0.8787    89.0777 1.9444e+02  -66.25444  -67.33834 331.844965       1.17 3.6139e+02   1492.000      35809         24  0.000e+00
      2.520      2.495    -1.0954  27.146886    -1.0968  27.144093     8.1016     8.2946     0.8861    89.0519 1.9554e+02  -66.25444  -67.33834 331.844966       1.17 3.6139e+02   1492.042      35810         24  0.000e+00
      2.418      2.394    -1.0955  27.146430    -1.0964  27.144149     8.0800     8.2950     0.8787    89.0519 1.9609e+02  -66.25444  -67.33834 331.844966       1.17 3.6139e+02   1492.083      35811         24  0.000e+00
      2.459      2.434    -1.0955  27.146772    -1.0961  27.144538     8.0663     8.2946     0.8861    89.0519 1.9720e+02  -66.25444  -67.33834 331.844967       1.17 3.6139e+02   1492.125      35812         24  0.000e+00
      2.472      2.448    -1.0958  27.146829    -1.0957  27.144649     8.0663     8.2942     0.8787    89.1292 1.9776e+02  -66.25444  -67.33834 331.844967       1.32 3.6139e+02   1492.167      35813         24  0.000e+00
      2.418      2.394    -1.0958  27.146658    -1.0956  27.145039     8.0571     8.2937     0.8641    89.2064 1.9832e+02  -66.25444  -67.33834 331.844968       1.66 3.6139e+02   1492.208      35814         24  0.000e+00
      2.623      2.597    -1.0958  27.146317    -1.0952  27.145373     8.0424     8.2935     0.8494    89.2322 1.9832e+02  -66.25444  -67.33834 331.844968       1.76 3.6139e+02   1492.250      35815         24  0.000e+00
      2.411      2.387    -1.0958  27.146259    -1.0954  27.144983     8.0275     8.2986     0.8494    89.2322 1.9832e+02  -66.25444  -67.33834 331.844969       1.76 3.6139e+02   1492.292      35816         24  0.000e+00
      2.575      2.550    -1.0957  27.146602    -1.0957  27.145318     8.0251     8.2938     0.8567    89.2322 1.9776e+02  -66.25444  -67.33834 331.844969       1.73 3.6139e+02   1492.333      35817         24  0.000e+00
      2.520      2.495    -1.0958  27.146658    -1.0955  27.144983     8.0198     8.2933     0.8494    89.2322 1.9720e+02  -66.25444  -67.33834 331.844970       1.73 3.6139e+02   1492.375      35818         24  0.000e+00
      2.561      2.536    -1.0957  27.146716    -1.0954  27.145317     8.0164     8.2930     0.8567    89.2064 1.9609e+02  -66.25444  -67.33834 331.844970       1.73 3.6139e+02   1492.417      35819         24  0.000e+00
      2.575      2.550    -1.0955  27.146773    -1.0951  27.145206     8.0133     8.2925     0.8494    89.2322 1.9499e+02  -66.25444  -67.33834 331.844971       1.73 3.6139e+02   1492.458      35820         24  0.000e+00
      2.520      2.495    -1.0955  27.146772    -1.0951  27.145596     8.0092     8.2921     0.8567    89.2322 1.9335e+02  -66.25444  -67.33834 331.844971       1.73 3.6139e+02   1492.500      35821         24  0.000e+00
      2.623      2.597    -1.0954  27.146887    -1.0947  27.146097     8.0129     8.2917     0.8494    89.2322 1.9226e+02  -66.25444  -67.33834 331.844972       1.73 3.6139e+02   1492.542      35822         24  0.000e+00
