NBP2113_155081_ctd/data/nbp2113_049.ros
* Sea-Bird SBE 9 Data File:
* FileName = D:\Data\raw\NBP2113_049.hex
* Software Version Seasave V 7.26.7.121
* Temperature SN = 2438
* Conductivity SN = 2067
* Number of Bytes Per Scan = 40
* Number of Voltage Words = 5
* Number of Scans Averaged by the Deck Unit = 1
* NMEA Latitude = 64 50.72 S
* NMEA Longitude = 064 06.15 W
* NMEA UTC (Time) = Dec 11 2021  08:50:11
* NMEA baud rate = 9600
** Ship: RVIB N.B. Palmer
** Cruise: NBP2113 LTER
** Station: 617.036
** Operator: B. Urmston
# nquan = 20
# nvalues = 1154                                  
# units = specified
# name 0 = prDM: Pressure, Digiquartz [db]
# name 1 = depSM: Depth [salt water, m]
# name 2 = t090C: Temperature [ITS-90, deg C]
# name 3 = c0mS/cm: Conductivity [mS/cm]
# name 4 = t190C: Temperature, 2 [ITS-90, deg C]
# name 5 = c1mS/cm: Conductivity, 2 [mS/cm]
# name 6 = sbeox0ML/L: Oxygen, SBE 43 [ml/l]
# name 7 = sbeox1ML/L: Oxygen, SBE 43, 2 [ml/l]
# name 8 = flECO-AFL: Fluorescence, WET Labs ECO-AFL/FL [mg/m^3]
# name 9 = CStarTr0: Beam Transmission, WET Labs C-Star [%]
# name 10 = par: PAR/Irradiance, Biospherical/Licor
# name 11 = latitude: Latitude [deg]
# name 12 = longitude: Longitude [deg]
# name 13 = timeJ: Julian Days
# name 14 = altM: Altimeter [m]
# name 15 = spar: SPAR, Biospherical/Licor
# name 16 = timeS: Time, Elapsed [seconds]
# name 17 = scan: Scan Count
# name 18 = nbf: Bottles Fired
# name 19 = flag:  0.000e+00
# interval = seconds: 0.0416667
# start_time = Dec 11 2021 08:50:11 [NMEA time, header]
# bad_flag = -9.990e-29
*END*
[from data line 942]
      5.338      5.286    -0.1598  28.076494    -0.1584  28.073187     7.8783     7.9387     1.3842    87.0177 2.7451e+01  -64.84500  -64.10164 345.396196       9.28 8.2855e+01   2420.292      58088         20  0.000e+00
      5.242      5.191    -0.1586  28.075166    -0.1592  28.074764     7.8731     7.9382     1.3915    87.0177 2.7530e+01  -64.84500  -64.10164 345.396196      15.46 8.2855e+01   2420.333      58089         20  0.000e+00
      5.331      5.279    -0.1596  28.074128    -0.1656  28.076118     7.8671     7.9380     1.3842    87.0435 2.7609e+01  -64.84500  -64.10164 345.396196      73.02 8.2855e+01   2420.375      58090         20  0.000e+00
      5.290      5.238    -0.1597  28.073032    -0.1692  28.073808     7.8697     7.9383     1.3842    87.0435 2.7769e+01  -64.84500  -64.10164 345.396197     100.00 8.2855e+01   2420.417      58091         20  0.000e+00
      5.290      5.238    -0.1598  28.073032    -0.1671  28.070821     7.8691     7.9377     1.3915    87.0435 2.7849e+01  -64.84500  -64.10164 345.396197     100.00 8.4618e+01   2420.458      58092         20  0.000e+00
      5.331      5.279    -0.1612  28.074128    -0.1652  28.068680     7.8644     7.9425     1.3842    87.0435 2.7929e+01  -64.84500  -64.10164 345.396198     100.00 8.2855e+01   2420.500      58093         20  0.000e+00
      5.290      5.238    -0.1623  28.073032    -0.1606  28.070144     7.8628     7.9364     1.3915    87.0435 2.7929e+01  -64.84500  -64.10164 345.396198     100.00 8.2855e+01   2420.542      58094         20  0.000e+00
      5.338      5.286    -0.1648  28.072283    -0.1660  28.073976     7.8687     7.9366     1.3915    87.0435 2.8009e+01  -64.84500  -64.10164 345.396199      99.90 8.4618e+01   2420.583      58095         20  0.000e+00
      5.290      5.238    -0.1668  28.071475    -0.1666  28.075329     7.8701     7.9414     1.3915    87.0435 2.8090e+01  -64.84500  -64.10164 345.396199      99.88 8.4618e+01   2420.625      58096         20  0.000e+00
      5.331      5.279    -0.1682  28.070148    -0.1732  28.071892     7.8701     7.9378     1.3915    87.0435 2.8171e+01  -64.84500  -64.10164 345.396200      99.95 8.2855e+01   2420.667      58097         20  0.000e+00
      5.290      5.238    -0.1699  28.068822    -0.1779  28.065695     7.8729     7.9386     1.3842    87.0435 2.8252e+01  -64.84500  -64.10164 345.396200      99.98 8.4618e+01   2420.708      58098         20  0.000e+00
      5.338      5.286    -0.1697  28.068533    -0.1761  28.061864     7.8741     7.9434     1.3915    87.0435 2.8252e+01  -64.84500  -64.10164 345.396201      99.98 8.2855e+01   2420.750      58099         20  0.000e+00
      5.338      5.286    -0.1709  28.068014    -0.1661  28.063158     7.8741     7.9417     1.3915    87.0435 2.8334e+01  -64.84500  -64.10164 345.396201      99.93 8.2855e+01   2420.792      58100         20  0.000e+00
      5.283      5.232    -0.1721  28.067437    -0.1568  28.067665     7.8698     7.9344     1.3915    87.0435 2.8415e+01  -64.84500  -64.10164 345.396202      82.22 8.2855e+01   2420.833      58101         20  0.000e+00
      5.338      5.286    -0.1722  28.066976    -0.1522  28.076454     7.8686     7.9324     1.4135    87.0177 2.8415e+01  -64.84500  -64.10164 345.396202      26.40 8.2855e+01   2420.875      58102         20  0.000e+00
      5.338      5.286    -0.1737  28.066399    -0.1512  28.083724     7.8790     7.9310     1.4502    87.0177 2.8497e+01  -64.84500  -64.10164 345.396203       6.52 8.2855e+01   2420.917      58103         20  0.000e+00
      5.290      5.238    -0.1739  28.067726    -0.1549  28.087443     7.8731     7.9307     1.4575    87.0177 2.8579e+01  -64.84500  -64.10164 345.396203       6.50 8.2855e+01   2420.958      58104         20  0.000e+00
      5.331      5.279    -0.1721  28.068303    -0.1558  28.090374     7.8669     7.9301     1.4575    87.0177 2.8662e+01  -64.84500  -64.10164 345.396204       8.72 8.2855e+01   2421.000      58105         20  0.000e+00
      5.290      5.238    -0.1694  28.069860    -0.1502  28.091388     7.8649     7.9283     1.4502    87.0177 2.8744e+01  -64.84500  -64.10164 345.396204       9.40 8.2855e+01   2421.042      58106         20  0.000e+00
      5.338      5.286    -0.1678  28.071187    -0.1515  28.092459     7.8676     7.9333     1.4502    87.0435 2.8744e+01  -64.84500  -64.10164 345.396205       9.38 8.2855e+01   2421.083      58107         20  0.000e+00
      5.290      5.238    -0.1660  28.072225    -0.1458  28.092233     7.8671     7.9270     1.4502    87.0435 2.8827e+01  -64.84500  -64.10164 345.396205       9.28 8.2855e+01   2421.125      58108         20  0.000e+00
      5.331      5.279    -0.1651  28.073321    -0.1487  28.090881     7.8682     7.9270     1.4502    87.0435 2.8827e+01  -64.84500  -64.10164 345.396206       9.28 8.2855e+01   2421.167      58109         20  0.000e+00
      5.290      5.238    -0.1649  28.073609    -0.1542  28.088796     7.8681     7.9275     1.4502    87.0435 2.8910e+01  -64.84500  -64.10164 345.396206       9.28 8.2855e+01   2421.208      58110         20  0.000e+00
      5.338      5.286    -0.1645  28.072513    -0.1572  28.084851     7.8695     7.9286     1.4575    87.0692 2.8910e+01  -64.84500  -64.10164 345.396207       9.28 8.2855e+01   2421.250      58111         20  0.000e+00
      5.290      5.238    -0.1637  28.071705    -0.1590  28.078991     7.8624     7.9341     1.4575    87.0435 2.8910e+01  -64.84500  -64.10164 345.396207       9.28 8.2855e+01   2421.292      58112         20  0.000e+00
      5.283      5.232    -0.1615  28.071474    -0.1586  28.075328     7.8608     7.9291     1.4502    87.0692 2.8910e+01  -64.84500  -64.10164 345.396208      29.82 8.2855e+01   2421.333      58113         20  0.000e+00
      5.338      5.286    -0.1601  28.073840    -0.1575  28.075891     7.8592     7.9291     1.4502    87.0950 2.8910e+01  -64.84500  -64.10164 345.396208      84.64 8.2855e+01   2421.375      58114         20  0.000e+00
      5.188      5.137    -0.1580  28.076493    -0.1603  28.076906     7.8617     7.9341     1.4502    87.0950 2.8994e+01  -64.84500  -64.10164 345.396209     100.00 8.2855e+01   2421.417      58115         20  0.000e+00
      5.283      5.232    -0.1564  28.081051    -0.1628  28.077920     7.8543     7.9349     1.4502    87.0950 2.8910e+01  -64.84500  -64.10164 345.396209     100.00 8.2855e+01   2421.500      58117         21  0.000e+00
      5.290      5.238    -0.1568  28.081801    -0.1643  28.076963     7.8531     7.9354     1.4502    87.0950 2.8910e+01  -64.84500  -64.10164 345.396210     100.00 8.2855e+01   2421.542      58118         21  0.000e+00
      5.290      5.238    -0.1567  28.082609    -0.1629  28.075835     7.8562     7.9307     1.4575    87.0950 2.8910e+01  -64.84500  -64.10164 345.396210      99.90 8.2855e+01   2421.583      58119         21  0.000e+00
      5.242      5.191    -0.1571  28.084224    -0.1595  28.075328     7.8505     7.9348     1.4502    87.0950 2.8910e+01  -64.84500  -64.10164 345.396211      99.90 8.2855e+01   2421.625      58120         21  0.000e+00
      5.229      5.177    -0.1564  28.084455    -0.1555  28.076962     7.8492     7.9348     1.4502    87.0692 2.8827e+01  -64.84500  -64.10164 345.396211      99.95 8.2855e+01   2421.667      58121         21  0.000e+00
      5.242      5.191    -0.1553  28.083936    -0.1521  28.081357     7.8493     7.9340     1.4502    87.0950 2.8910e+01  -64.84500  -64.10164 345.396212      99.98 8.2855e+01   2421.708      58122         21  0.000e+00
      5.188      5.137    -0.1564  28.083128    -0.1502  28.085076     7.8529     7.9342     1.4502    87.0950 2.8910e+01  -64.84500  -64.10164 345.396212      99.98 8.2855e+01   2421.750      58123         21  0.000e+00
      5.242      5.191    -0.1591  28.081282    -0.1486  28.088006     7.8482     7.9338     1.4502    87.0950 2.8994e+01  -64.84500  -64.10164 345.396213      99.93 8.2855e+01   2421.792      58124         21  0.000e+00
      5.181      5.130    -0.1604  28.079147    -0.1470  28.090880     7.8475     7.9332     1.4502    87.0692 2.8910e+01  -64.84500  -64.10164 345.396213      99.95 8.2855e+01   2421.833      58125         21  0.000e+00
      5.242      5.191    -0.1606  28.077590    -0.1469  28.094319     7.8481     7.9338     1.4502    87.0692 2.8994e+01  -64.84500  -64.10164 345.396214      99.95 8.2855e+01   2421.875      58126         21  0.000e+00
      5.188      5.137    -0.1607  28.075686    -0.1466  28.095615     7.8474     7.9344     1.4502    87.0692 2.8994e+01  -64.84500  -64.10164 345.396214      99.98 8.2855e+01   2421.917      58127         21  0.000e+00
      5.181      5.130    -0.1625  28.073840    -0.1466  28.097475     7.8555     7.9351     1.4355    87.0692 2.8910e+01  -64.84500  -64.10164 345.396215      99.98 8.2855e+01   2421.958      58128         21  0.000e+00
      5.140      5.089    -0.1617  28.072512    -0.1466  28.097756     7.8531     7.9350     1.3769    87.0692 2.8910e+01  -64.84500  -64.10164 345.396215      99.98 8.2855e+01   2422.000      58129         21  0.000e+00
      5.188      5.137    -0.1614  28.074128    -0.1473  28.097982     7.8639     7.9360     1.3622    87.0692 2.8910e+01  -64.84500  -64.10164 345.396216      99.98 8.2855e+01   2422.042      58130         21  0.000e+00
      5.140      5.089    -0.1606  28.075685    -0.1490  28.096968     7.8613     7.9371     1.3622    87.0692 2.8827e+01  -64.84500  -64.10164 345.396216      99.95 8.2855e+01   2422.083      58131         21  0.000e+00
      5.133      5.082    -0.1598  28.076205    -0.1512  28.095108     7.8590     7.9385     1.3622    87.0692 2.8827e+01  -64.84500  -64.10164 345.396217      99.93 8.2855e+01   2422.125      58132         21  0.000e+00
      5.140      5.089    -0.1585  28.076493    -0.1509  28.092233     7.8584     7.9394     1.3622    87.0692 2.8744e+01  -64.84500  -64.10164 345.396217      99.95 8.2855e+01   2422.167      58133         21  0.000e+00
      5.140      5.089    -0.1574  28.075974    -0.1510  28.091388     7.8637     7.9394     1.3696    87.0692 2.8662e+01  -64.84500  -64.10164 345.396218      99.98 8.2855e+01   2422.208      58134         21  0.000e+00
      5.085      5.035    -0.1569  28.077820    -0.1516  28.092177     7.8587     7.9402     1.3696    87.0692 2.8579e+01  -64.84500  -64.10164 345.396218      99.98 8.2855e+01   2422.250      58135         21  0.000e+00
      5.078      5.028    -0.1571  28.079435    -0.1522  28.091670     7.8641     7.9411     1.3696    87.0692 2.8415e+01  -64.84500  -64.10164 345.396219      99.95 8.2855e+01   2422.292      58136         21  0.000e+00
      5.085      5.035    -0.1575  28.079435    -0.1524  28.090373     7.8609     7.9411     1.3696    87.0692 2.8415e+01  -64.84500  -64.10164 345.396219      99.95 8.2855e+01   2422.333      58137         21  0.000e+00
      5.085      5.035    -0.1570  28.080243    -0.1527  28.089584     7.8664     7.9411     1.3696    87.0692 2.8252e+01  -64.84500  -64.10164 345.396220      99.95 8.2855e+01   2422.375      58138         21  0.000e+00
      5.085      5.035    -0.1564  28.080762    -0.1524  28.089303     7.8661     7.9409     1.3696    87.0692 2.8171e+01  -64.84500  -64.10164 345.396220      99.98 8.2855e+01   2422.417      58139         21  0.000e+00
      5.030      4.981    -0.1559  28.081281    -0.1518  28.089584     7.8670     7.9405     1.3622    87.0692 2.8090e+01  -64.84500  -64.10164 345.396221      99.98 8.2855e+01   2422.458      58140         21  0.000e+00
      5.085      5.035    -0.1546  28.081800    -0.1534  28.090599     7.8622     7.9405     1.3622    87.0692 2.8009e+01  -64.84500  -64.10164 345.396221      99.98 8.2855e+01   2422.500      58141         21  0.000e+00
      4.989      4.940    -0.1535  28.082088    -0.1554  28.089866     7.8662     7.9414     1.3696    87.0692 2.7929e+01  -64.84500  -64.10164 345.396222      99.98 8.2855e+01   2422.542      58142         21  0.000e+00
      5.037      4.988    -0.1537  28.083935    -0.1580  28.086147     7.8716     7.9420     1.3622    87.0692 2.7929e+01  -64.84500  -64.10164 345.396222      99.98 8.2855e+01   2422.583      58143         21  0.000e+00
      5.078      5.028    -0.1534  28.085262    -0.1600  28.083217     7.8681     7.9423     1.3696    87.0692 2.7849e+01  -64.84500  -64.10164 345.396223      99.95 8.2855e+01   2422.625      58144         21  0.000e+00
      4.989      4.940    -0.1532  28.085781    -0.1602  28.080117     7.8633     7.9430     1.3696    87.0692 2.7929e+01  -64.84500  -64.10164 345.396223      99.98 8.2855e+01   2422.667      58145         21  0.000e+00
      4.989      4.940    -0.1532  28.087397    -0.1607  28.078201     7.8686     7.9429     1.3622    87.0692 2.7929e+01  -64.84500  -64.10164 345.396223      99.98 8.2855e+01   2422.708      58146         21  0.000e+00
      4.989      4.940    -0.1561  28.088436    -0.1589  28.077919     7.8702     7.9422     1.3696    87.0435 2.7929e+01  -64.84500  -64.10164 345.396224      99.98 8.2855e+01   2422.750      58147         21  0.000e+00
      4.975      4.927    -0.1570  28.087397    -0.1589  28.080117     7.8658     7.9424     1.3622    87.0692 2.8009e+01  -64.84500  -64.10164 345.396224      99.93 8.2855e+01   2422.792      58148         21  0.000e+00
      4.989      4.940    -0.1553  28.085781    -0.1591  28.081638     7.8654     7.9428     1.3696    87.0435 2.8090e+01  -64.84500  -64.10164 345.396225      99.93 8.2855e+01   2422.833      58149         21  0.000e+00
      4.989      4.940    -0.1554  28.086070    -0.1600  28.081639     7.8754     7.9426     1.3696    87.0435 2.8090e+01  -64.84500  -64.10164 345.396225      99.98 8.2855e+01   2422.875      58150         21  0.000e+00
      4.934      4.886    -0.1569  28.087166    -0.1614  28.079779     7.8765     7.9479     1.3696    87.0435 2.8252e+01  -64.84500  -64.10164 345.396226      99.98 8.2855e+01   2422.917      58151         21  0.000e+00
      4.975      4.927    -0.1576  28.086358    -0.1620  28.078258     7.8747     7.9484     1.3622    87.0692 2.8334e+01  -64.84500  -64.10164 345.396226      99.98 8.2855e+01   2422.958      58152         21  0.000e+00
      4.934      4.886    -0.1582  28.085551    -0.1624  28.077919     7.8701     7.9434     1.3696    87.0435 2.8497e+01  -64.84500  -64.10164 345.396227      99.98 8.2855e+01   2423.000      58153         21  0.000e+00
      4.934      4.886    -0.1595  28.084743    -0.1620  28.077412     7.8746     7.9427     1.3696    87.0435 2.8662e+01  -64.84500  -64.10164 345.396227      99.98 8.2855e+01   2423.042      58154         21  0.000e+00
      4.934      4.886    -0.1601  28.083935    -0.1621  28.077243     7.8687     7.9421     1.3696    87.0435 2.8744e+01  -64.84500  -64.10164 345.396228      99.98 8.2855e+01   2423.083      58155         21  0.000e+00
      4.927      4.879    -0.1601  28.083935    -0.1632  28.077694     7.8684     7.9424     1.3769    87.0435 2.8910e+01  -64.84500  -64.10164 345.396228      99.95 8.2855e+01   2423.125      58156         21  0.000e+00
      4.934      4.886    -0.1609  28.083935    -0.1646  28.077412     7.8627     7.9420     1.3769    87.0435 2.9077e+01  -64.84500  -64.10164 345.396229      99.95 8.2855e+01   2423.167      58157         21  0.000e+00
      4.934      4.886    -0.1591  28.083935    -0.1648  28.076624     7.8666     7.9413     1.3769    87.0435 2.9245e+01  -64.84500  -64.10164 345.396229      99.98 8.2855e+01   2423.208      58158         21  0.000e+00
      4.886      4.839    -0.1571  28.083935    -0.1657  28.074877     7.8662     7.9408     1.3769    87.0435 2.9498e+01  -64.84500  -64.10164 345.396230      99.98 8.2855e+01   2423.250      58159         21  0.000e+00
