NBP2113_155081_ctd/data/nbp2113_030.cnv
* Sea-Bird SBE 9 Data File:
* FileName = D:\Data\raw\NBP2113_030.hex
* Software Version Seasave V 7.26.7.121
* Temperature SN = 2438
* Conductivity SN = 2067
* Number of Bytes Per Scan = 40
* Number of Voltage Words = 5
* Number of Scans Averaged by the Deck Unit = 1
* NMEA Latitude = 66 50.58 S
* NMEA Longitude = 068 39.78 W
* NMEA UTC (Time) = Dec 05 2021  03:50:51
* NMEA baud rate = 9600
** Ship: RVIB N.B. Palmer
** Cruise: NBP2113 LTER
** Station: AS02
** Operator: B. Urmston
# nquan = 25
# nvalues = 482                         
# units = specified
# name 0 = prDM: Pressure, Digiquartz [db]
# name 1 = depSM: Depth [salt water, m]
# name 2 = t090C: Temperature [ITS-90, deg C]
# name 3 = c0mS/cm: Conductivity [mS/cm]
# name 4 = t190C: Temperature, 2 [ITS-90, deg C]
# name 5 = c1mS/cm: Conductivity, 2 [mS/cm]
# name 6 = sbeox0ML/L: Oxygen, SBE 43 [ml/l]
# name 7 = sbeox1ML/L: Oxygen, SBE 43, 2 [ml/l]
# name 8 = flECO-AFL: Fluorescence, WET Labs ECO-AFL/FL [mg/m^3]
# name 9 = CStarTr0: Beam Transmission, WET Labs C-Star [%]
# name 10 = par: PAR/Irradiance, Biospherical/Licor
# name 11 = latitude: Latitude [deg]
# name 12 = longitude: Longitude [deg]
# name 13 = timeJ: Julian Days
# name 14 = altM: Altimeter [m]
# name 15 = spar: SPAR, Biospherical/Licor
# name 16 = timeS: Time, Elapsed [seconds]
# name 17 = scan: Scan Count
# name 18 = density00: Density [density, kg/m^3]
# name 19 = density11: Density, 2 [density, kg/m^3]
# name 20 = sal00: Salinity, Practical [PSU]
# name 21 = sal11: Salinity, Practical, 2 [PSU]
# name 22 = oxsolML/L: Oxygen Saturation, Garcia & Gordon [ml/l]
# name 23 = nbin: number of scans per bin
# name 24 = flag: flag
# span 0 =      1.000,    244.000       
# span 1 =      0.990,    241.435       
# span 2 =    -0.9260,     1.1811       
# span 3 =  27.353986,  29.884152       
# span 4 =    -0.9257,     1.1791       
# span 5 =  27.352878,  29.881275       
# span 6 =     4.2216,    11.7672       
# span 7 =     4.3199,     9.9183       
# span 8 =    -0.0022,     1.1810       
# span 9 =    89.6591,    95.2506       
# span 10 = -1.533e-05, 2.3446e+00      
# span 11 =  -66.84310,  -66.84282      
# span 12 =  -68.66310,  -68.66248      
# span 13 = 339.164025, 339.176925      
# span 14 =       7.84,     100.69      
# span 15 = 0.0000e+00, 0.0000e+00      
# span 16 =    320.757,   1435.365      
# span 17 =       7699,      34450      
# span 18 =  1027.1434,  1028.8847      
# span 19 =  1027.1423,  1028.8842      
# span 20 =    33.7597,    34.6310      
# span 21 =    33.7583,    34.6294      
# span 22 =    7.78984,    8.27910      
# span 23 =          9,         45      
# span 24 = 0.0000e+00, 0.0000e+00      
# interval = decibars: 1                
# start_time = Dec 05 2021 03:50:51 [NMEA time, header]
# bad_flag = -9.990e-29
*END*
[from data line 174]
    180.000    178.135    -0.1697  28.410406    -0.1677  28.411619     5.8946     6.0256     0.0922    95.2185 1.0000e-12  -66.84298  -68.66288 339.168929      73.52 0.0000e+00    744.459      17868  1028.3628  1028.3621    34.2492    34.2486    8.08821         36 0.0000e+00
    181.000    179.124    -0.1690  28.411738    -0.1744  28.404159     5.9298     6.0087     0.0798    95.2181 1.0000e-12  -66.84298  -68.66289 339.168967      72.56 0.0000e+00    747.740      17947  1028.3691  1028.3663    34.2497    34.2456    8.08804         28 0.0000e+00
    182.000    180.113    -0.1674  28.412950    -0.1678  28.411804     5.7905     5.8847     0.0726    95.1875 1.0000e-12  -66.84298  -68.66288 339.168996      71.54 0.0000e+00    750.222      18006  1028.3738  1028.3728    34.2488    34.2477    8.08774         30 0.0000e+00
    183.000    181.103    -0.1531  28.429757    -0.1440  28.440915     5.7292     5.8484     0.0558    95.2307 1.0000e-12  -66.84298  -68.66288 339.169007      70.72 0.0000e+00    751.167      18029  1028.3823  1028.3851    34.2546    34.2592    8.08440         21 0.0000e+00
    184.000    182.092    -0.0513  28.537436    -0.0493  28.538236     5.7080     5.8093     0.0561    95.2212 1.0000e-12  -66.84298  -68.66286 339.169016      69.53 0.0000e+00    751.968      18048  1028.4016  1028.4005    34.2828    34.2816    8.06129         17 0.0000e+00
    185.000    183.082    -0.0304  28.561426    -0.0337  28.556661     5.6329     5.7462     0.0569    95.1576 1.0000e-12  -66.84299  -68.66285 339.169024      68.74 0.0000e+00    752.666      18065  1028.4113  1028.4094    34.2906    34.2879    8.05645         16 0.0000e+00
    186.000    184.068    -0.0136  28.578559    -0.0255  28.565575     5.5407     5.7002     0.0496    95.0828 1.0000e-12  -66.84300  -68.66284 339.169032      68.14 0.0000e+00    753.319      18081  1028.4178  1028.4157    34.2938    34.2900    8.05272         15 0.0000e+00
    187.000    185.060    -0.0054  28.587444    -0.0012  28.590470     5.4265     5.6367     0.0598    95.1674 1.0000e-12  -66.84300  -68.66284 339.169038      67.01 0.0000e+00    753.922      18095  1028.4237  1028.4229    34.2958    34.2952    8.05088         15 0.0000e+00
    188.000    186.048     0.0482  28.649353     0.0620  28.665587     5.3567     5.5846     0.0742    95.1565 1.0000e-12  -66.84300  -68.66284 339.169045      66.06 0.0000e+00    754.505      18109  1028.4413  1028.4448    34.3171    34.3231    8.03844         13 0.0000e+00
    189.000    187.038     0.1443  28.748297     0.1455  28.748907     5.3287     5.5674     0.0650    95.1233 1.0000e-12  -66.84300  -68.66282 339.169052      65.01 0.0000e+00    755.064      18123  1028.4566  1028.4560    34.3397    34.3392    8.01706         14 0.0000e+00
    190.000    188.027     0.1964  28.805114     0.1928  28.800138     5.3208     5.5526     0.0577    95.0915 1.0000e-12  -66.84300  -68.66282 339.169058      63.99 0.0000e+00    755.621      18136  1028.4704  1028.4686    34.3558    34.3533    8.00530         13 0.0000e+00
    191.000    189.018     0.2145  28.823309     0.2148  28.822304     5.3369     5.5386     0.0577    95.0467 1.0000e-12  -66.84300  -68.66282 339.169065      63.32 0.0000e+00    756.205      18150  1028.4768  1028.4754    34.3589    34.3573    8.00136         15 0.0000e+00
    192.000    190.004     0.2314  28.843949     0.2305  28.842104     5.3916     5.5510     0.0568    94.9936 1.0000e-12  -66.84300  -68.66283 339.169073      61.69 0.0000e+00    756.905      18167  1028.4869  1028.4859    34.3666    34.3651    7.99741         20 0.0000e+00
    193.000    190.997     0.1249  28.725031     0.1080  28.708287     5.4008     5.5235     0.0546    94.8916 1.0000e-12  -66.84300  -68.66281 339.169138      60.62 0.0000e+00    762.513      18301  1028.4722  1028.4710    34.3282    34.3249    8.02179         21 0.0000e+00
    194.000    191.984     0.1350  28.738701     0.1315  28.737815     5.1546     5.3539     0.0577    94.8717 1.0000e-12  -66.84301  -68.66279 339.169174      60.05 0.0000e+00    765.618      18376  1028.4820  1028.4840    34.3345    34.3372    8.01931         15 0.0000e+00
    195.000    192.970     0.1919  28.805088     0.2200  28.829212     4.9842     5.2516     0.0509    94.8734 1.0000e-12  -66.84302  -68.66278 339.169181      59.17 0.0000e+00    766.246      18391  1028.5003  1028.4983    34.3578    34.3581    8.00614         13 0.0000e+00
    196.000    193.964     0.3224  28.941415     0.3253  28.942127     4.8861     5.1967     0.0509    94.8800 1.0000e-12  -66.84302  -68.66278 339.169187      58.01 0.0000e+00    766.770      18403  1028.5203  1028.5181    34.3906    34.3883    7.97719         12 0.0000e+00
    197.000    194.951     0.3652  28.986677     0.3638  28.983737     4.8265     5.1446     0.0503    94.8626 1.0000e-12  -66.84302  -68.66278 339.169193      57.12 0.0000e+00    767.275      18416  1028.5308  1028.5290    34.4016    34.3994    7.96772         12 0.0000e+00
    198.000    195.941     0.4732  29.103603     0.4652  29.092558     4.7914     5.1105     0.0509    94.8565 1.0000e-12  -66.84302  -68.66278 339.169199      56.38 0.0000e+00    767.759      18427  1028.5519  1028.5482    34.4336    34.4281    7.94371         12 0.0000e+00
    199.000    196.929     0.5420  29.175250     0.5417  29.173932     4.7777     5.0755     0.0456    94.8268 1.0000e-12  -66.84302  -68.66278 339.169204      55.27 0.0000e+00    768.252      18439  1028.5642  1028.5630    34.4499    34.4485    7.92868         11 0.0000e+00
    200.000    197.918     0.5546  29.189924     0.5563  29.190535     4.7601     5.0486     0.0436    94.8090 1.0000e-12  -66.84302  -68.66278 339.169210      54.70 0.0000e+00    768.732      18451  1028.5722  1028.5710    34.4544    34.4533    7.92585         12 0.0000e+00
    201.000    198.900     0.5571  29.193105     0.5587  29.193522     4.7683     5.0344     0.0395    94.7676 1.0000e-12  -66.84302  -68.66278 339.169215      53.92 0.0000e+00    769.218      18462  1028.5780  1028.5767    34.4552    34.4539    7.92530         11 0.0000e+00
    202.000    199.902     0.5563  29.193857     0.5457  29.181096     4.7881     5.0325     0.0361    94.7772 1.0000e-12  -66.84301  -68.66279 339.169221      53.22 0.0000e+00    769.700      18474  1028.5846  1028.5817    34.4564    34.4517    7.92539         12 0.0000e+00
    203.000    200.887     0.5958  29.235866     0.5903  29.228675     4.8108     5.0355     0.0338    94.7854 1.0000e-12  -66.84300  -68.66280 339.169227      52.78 0.0000e+00    770.181      18485  1028.5945  1028.5922    34.4666    34.4634    7.91675         12 0.0000e+00
    204.000    201.875     0.6125  29.254998     0.6117  29.252894     4.8505     5.0444     0.0278    94.8148 1.0000e-12  -66.84300  -68.66281 339.169232      51.77 0.0000e+00    770.675      18497  1028.6029  1028.6014    34.4724    34.4705    7.91303         12 0.0000e+00
    205.000    202.866     0.6219  29.263148     0.6196  29.261398     4.9048     5.0569     0.0285    94.8757 1.0000e-12  -66.84300  -68.66281 339.169254      50.86 0.0000e+00    772.532      18542  1028.6080  1028.6082    34.4719    34.4722    7.91114         19 0.0000e+00
    206.000    203.853     0.5767  29.217189     0.6056  29.244310     4.9700     5.0243     0.0362    95.0044 1.0000e-12  -66.84302  -68.66278 339.169343      47.60 0.0000e+00    780.266      18727  1028.6134  1028.6129    34.4618    34.4649    7.92093         11 0.0000e+00
    207.000    204.839     0.5661  29.201684     0.5519  29.186257     4.9496     5.0067     0.0362    95.0023 1.0000e-12  -66.84302  -68.66278 339.169349      46.91 0.0000e+00    780.775      18740  1028.6124  1028.6103    34.4528    34.4485    7.92360         11 0.0000e+00
    208.000    205.831     0.5472  29.186012     0.5419  29.176894     4.9336     4.9949     0.0362    95.0024 1.0000e-12  -66.84302  -68.66278 339.169354      46.02 0.0000e+00    781.221      18750  1028.6189  1028.6143    34.4527    34.4468    7.92745         11 0.0000e+00
    209.000    206.819     0.6087  29.250714     0.5979  29.237495     4.9156     4.9896     0.0362    94.9646 1.0000e-12  -66.84302  -68.66278 339.169360      45.15 0.0000e+00    781.675      18761  1028.6302  1028.6270    34.4680    34.4629    7.91404         12 0.0000e+00
    210.000    207.811     0.6192  29.261868     0.6206  29.262224     4.9117     4.9857     0.0369    94.9673 1.0000e-12  -66.84302  -68.66278 339.169365      44.48 0.0000e+00    782.159      18773  1028.6360  1028.6349    34.4703    34.4692    7.91178         11 0.0000e+00
    211.000    208.805     0.6264  29.270366     0.6263  29.269216     4.9047     4.9871     0.0437    94.9745 1.0000e-12  -66.84301  -68.66278 339.169371      43.61 0.0000e+00    782.654      18785  1028.6422  1028.6410    34.4727    34.4714    7.91017         12 0.0000e+00
    212.000    209.782     0.6313  29.275837     0.6330  29.276948     4.9039     4.9892     0.0436    94.9986 1.0000e-12  -66.84300  -68.66278 339.169377      43.02 0.0000e+00    783.159      18797  1028.6475  1028.6469    34.4738    34.4734    7.90911         12 0.0000e+00
    213.000    210.779     0.6293  29.274500     0.6301  29.274316     4.9042     4.9916     0.0324    95.0217 1.0000e-12  -66.84299  -68.66279 339.169383      42.70 0.0000e+00    783.661      18809  1028.6525  1028.6515    34.4737    34.4726    7.90952         13 0.0000e+00
    214.000    211.765     0.6265  29.271962     0.6278  29.272496     4.8967     4.9812     0.0265    95.0243 1.0000e-12  -66.84299  -68.66280 339.169409      41.18 0.0000e+00    785.917      18863  1028.6573  1028.6565    34.4729    34.4721    7.91013         17 0.0000e+00
    215.000    212.755     0.6239  29.269193     0.6200  29.264258     4.8042     4.9090     0.0182    95.0300 1.0000e-12  -66.84302  -68.66282 339.169505      38.43 0.0000e+00    794.187      19061  1028.6628  1028.6614    34.4716    34.4696    7.91073         12 0.0000e+00
    216.000    213.742     0.6267  29.272916     0.6262  29.271026     4.7458     4.8857     0.0216    95.0517 1.0000e-12  -66.84300  -68.66282 339.169513      37.35 0.0000e+00    794.958      19080  1028.6682  1028.6668    34.4728    34.4709    7.91011         11 0.0000e+00
    217.000    214.730     0.6304  29.277269     0.6293  29.274823     4.7152     4.8752     0.0234    95.0773 1.0000e-12  -66.84300  -68.66282 339.169519      36.39 0.0000e+00    795.436      19091  1028.6734  1028.6721    34.4736    34.4718    7.90929         12 0.0000e+00
    218.000    215.725     0.6751  29.328647     0.6682  29.320578     4.7282     4.8812     0.0288    95.0453 1.0000e-12  -66.84300  -68.66280 339.169524      35.47 0.0000e+00    795.906      19103  1028.6872  1028.6855    34.4902    34.4874    7.89929         11 0.0000e+00
    219.000    216.712     0.8035  29.465513     0.7773  29.433780     4.7738     4.8955     0.0289    95.0353 1.0000e-12  -66.84300  -68.66280 339.169530      34.45 0.0000e+00    796.370      19114  1028.7071  1028.6999    34.5244    34.5124    7.87135         11 0.0000e+00
    220.000    217.700     0.7326  29.386516     0.7072  29.359940     4.8031     4.8844     0.0222    95.0761 1.0000e-12  -66.84299  -68.66280 339.169555      33.17 0.0000e+00    798.567      19167  1028.7000  1028.6972    34.5002    34.4939    7.88706         20 0.0000e+00
    221.000    218.692     0.6571  29.307977     0.6604  29.310721     4.4847     4.6675     0.0216    95.0659 1.0000e-12  -66.84302  -68.66280 339.169668      32.48 0.0000e+00    808.269      19399  1028.6974  1028.6970    34.4816    34.4815    7.90343         11 0.0000e+00
    222.000    219.675     0.6591  29.310591     0.6694  29.320430     4.3502     4.5946     0.0282    95.0774 1.0000e-12  -66.84301  -68.66280 339.169674      31.56 0.0000e+00    808.875      19414  1028.7025  1028.7024    34.4822    34.4835    7.90299         11 0.0000e+00
    223.000    220.670     0.6949  29.351205     0.6911  29.346495     4.3057     4.5720     0.0289    95.0797 1.0000e-12  -66.84300  -68.66280 339.169680      30.60 0.0000e+00    809.324      19425  1028.7141  1028.7130    34.4945    34.4927    7.89502         11 0.0000e+00
    224.000    221.650     0.9073  29.582456     0.9193  29.592315     4.3425     4.5850     0.0223    95.0774 1.0000e-12  -66.84300  -68.66279 339.169685      29.56 0.0000e+00    809.770      19435  1028.7478  1028.7463    34.5573    34.5568    7.84865         10 0.0000e+00
    225.000    222.648     1.0152  29.693029     1.0180  29.695226     4.4367     4.6315     0.0141    95.0774 1.0000e-12  -66.84300  -68.66278 339.169690      28.89 0.0000e+00    810.238      19447  1028.7610  1028.7605    34.5798    34.5795    7.82571         12 0.0000e+00
    226.000    223.636     1.0285  29.708278     1.0341  29.714189     4.5669     4.6973     0.0143    95.0706 1.0000e-12  -66.84299  -68.66279 339.169697      27.52 0.0000e+00    810.814      19461  1028.7686  1028.7691    34.5840    34.5854    7.82281         20 0.0000e+00
    227.000    224.622     1.0483  29.731498     0.9843  29.664051     4.3570     4.5312     0.0199    95.1015 1.0000e-12  -66.84300  -68.66277 339.169824      26.73 0.0000e+00    821.833      19725  1028.7799  1028.7734    34.5913    34.5754    7.81845         12 0.0000e+00
    228.000    225.614     1.0434  29.726846     1.0397  29.721485     4.3793     4.5360     0.0003    95.0763 1.0000e-12  -66.84300  -68.66276 339.169828      25.85 0.0000e+00    822.149      19733  1028.7847  1028.7823    34.5903    34.5874    7.81950         13 0.0000e+00
    229.000    226.602     1.0029  29.684795     0.9899  29.668298     4.4362     4.5589     0.0031    95.1080 1.0000e-12  -66.84299  -68.66277 339.169837      24.16 0.0000e+00    822.894      19750  1028.7861  1028.7815    34.5804    34.5736    7.82815         26 0.0000e+00
    230.000    227.590     0.9598  29.638282     0.9677  29.647032     4.5374     4.5612     0.0116    95.0599 1.0000e-12  -66.84298  -68.66278 339.169938      22.98 0.0000e+00    831.659      19961  1028.7868  1028.7876    34.5676    34.5701    7.83749         23 0.0000e+00
    231.000    228.578     0.9887  29.670388     1.0001  29.682896     4.4560     4.5094     0.0115    95.0950 1.0000e-12  -66.84297  -68.66280 339.170020      21.70 0.0000e+00    838.761      20131  1028.7965  1028.7978    34.5764    34.5798    7.83121         35 0.0000e+00
    232.000    229.568     1.0281  29.711449     1.0335  29.717757     4.4104     4.4750     0.0074    95.0615 1.0000e-12  -66.84294  -68.66282 339.170064      20.76 0.0000e+00    842.514      20221  1028.8047  1028.8057    34.5851    34.5871    7.82285         31 0.0000e+00
    233.000    230.558     1.0173  29.703776     1.0432  29.728301     4.4102     4.4938     0.0210    95.0758 1.0000e-12  -66.84294  -68.66280 339.170087      19.65 0.0000e+00    844.498      20269  1028.8119  1028.8117    34.5865    34.5894    7.82492         26 0.0000e+00
    234.000    231.546     1.0239  29.708025     0.9933  29.674560     4.4404     4.5094     0.0264    95.1189 1.0000e-12  -66.84298  -68.66272 339.170149      18.53 0.0000e+00    849.870      20398  1028.8148  1028.8103    34.5841    34.5749    7.82373         40 0.0000e+00
    235.000    232.535     1.0199  29.704615     1.0140  29.698823     4.4311     4.4789     0.0077    95.1111 1.0000e-12  -66.84295  -68.66275 339.170169      17.58 0.0000e+00    851.591      20439  1028.8196  1028.8192    34.5835    34.5827    7.82456         36 0.0000e+00
    236.000    233.525     1.0112  29.696594     1.0240  29.709805     4.4087     4.4576     0.0080    95.0870 1.0000e-12  -66.84294  -68.66277 339.170223      16.49 0.0000e+00    856.276      20552  1028.8241  1028.8250    34.5822    34.5851    7.82637         34 0.0000e+00
