NBP2113_155081_ctd/data/nbp2113_002.cnv
* Sea-Bird SBE 9 Data File:
* FileName = D:\Data\raw\NBP2113_002.hex
* Software Version Seasave V 7.26.7.121
* Temperature SN = 2438
* Conductivity SN = 2067
* Number of Bytes Per Scan = 40
* Number of Voltage Words = 5
* Number of Scans Averaged by the Deck Unit = 1
* NMEA Latitude = 63 34.52 S
* NMEA Longitude = 060 42.00 W
* NMEA UTC (Time) = Nov 22 2021  11:46:05
* NMEA baud rate = 9600
** Ship: RVIB N.B. Palmer
** Cruise: NBP2113 LTER
** Station: 831.-002
** Operator: B. Urmston
# nquan = 25
# nvalues = 1197                        
# units = specified
# name 0 = prDM: Pressure, Digiquartz [db]
# name 1 = depSM: Depth [salt water, m]
# name 2 = t090C: Temperature [ITS-90, deg C]
# name 3 = c0mS/cm: Conductivity [mS/cm]
# name 4 = t190C: Temperature, 2 [ITS-90, deg C]
# name 5 = c1mS/cm: Conductivity, 2 [mS/cm]
# name 6 = sbeox0ML/L: Oxygen, SBE 43 [ml/l]
# name 7 = sbeox1ML/L: Oxygen, SBE 43, 2 [ml/l]
# name 8 = flECO-AFL: Fluorescence, WET Labs ECO-AFL/FL [mg/m^3]
# name 9 = CStarTr0: Beam Transmission, WET Labs C-Star [%]
# name 10 = par: PAR/Irradiance, Biospherical/Licor
# name 11 = latitude: Latitude [deg]
# name 12 = longitude: Longitude [deg]
# name 13 = timeJ: Julian Days
# name 14 = altM: Altimeter [m]
# name 15 = spar: SPAR, Biospherical/Licor
# name 16 = timeS: Time, Elapsed [seconds]
# name 17 = scan: Scan Count
# name 18 = density00: Density [density, kg/m^3]
# name 19 = density11: Density, 2 [density, kg/m^3]
# name 20 = sal00: Salinity, Practical [PSU]
# name 21 = sal11: Salinity, Practical, 2 [PSU]
# name 22 = oxsolML/L: Oxygen Saturation, Garcia & Gordon [ml/l]
# name 23 = nbin: number of scans per bin
# name 24 = flag: flag
# span 0 =      1.000,    601.000       
# span 1 =      0.990,    594.304       
# span 2 =    -1.3531,    -0.6414       
# span 3 =  27.600342,  27.993725       
# span 4 =    -1.3527,    -0.6261       
# span 5 =  27.599064,  28.004272       
# span 6 =     6.7855,     7.6703       
# span 7 =     6.7492,     7.5568       
# span 8 =    -0.0151,     0.9223       
# span 9 =    93.5564,    98.7498       
# span 10 = 1.0000e-12, 3.8264e+02      
# span 11 =  -63.57548,  -63.57542      
# span 12 =  -60.69968,  -60.69924      
# span 13 = 326.494048, 326.521512      
# span 14 =     -10.52,     102.48      
# span 15 = 1.7682e+03, 1.8061e+03      
# span 16 =    320.726,   2693.623      
# span 17 =       7698,      64648      
# span 18 =  1027.6018,  1030.6286      
# span 19 =  1027.5955,  1030.6271      
# span 20 =    34.3275,    34.5027      
# span 21 =    34.3214,    34.5008      
# span 22 =    8.18457,    8.33442      
# span 23 =         11,         51      
# span 24 = 0.0000e+00, 0.0000e+00      
# interval = decibars: 1                
# start_time = Nov 22 2021 11:46:05 [NMEA time, header]
# bad_flag = -9.990e-29
*END*
[from data line 1044]
    153.000    151.459    -1.1701  27.667197    -1.1694  27.666511     7.2977     7.1756     0.2218    97.3447 1.0000e-12  -63.57546  -60.69948 326.514213      99.97 1.7918e+03   2062.993      49513  1028.4045  1028.4030    34.3970    34.3952    8.29638         21 0.0000e+00
    152.000    150.470    -1.1700  27.666812    -1.1700  27.665639     7.2990     7.1777     0.2618    97.3346 1.0000e-12  -63.57546  -60.69947 326.514369      99.98 1.7929e+03   2076.456      49836  1028.3997  1028.3984    34.3969    34.3953    8.29635         36 0.0000e+00
    151.000    149.481    -1.1682  27.667460    -1.1683  27.666105     7.3030     7.1811     0.2495    97.3602 1.0000e-12  -63.57546  -60.69948 326.514801      99.98 1.7913e+03   2113.781      50732  1028.3946  1028.3933    34.3964    34.3947    8.29598         26 0.0000e+00
    150.000    148.491    -1.1684  27.666930    -1.1684  27.665594     7.3086     7.1805     0.2287    97.3488 1.0000e-12  -63.57546  -60.69948 326.514796      99.98 1.7929e+03   2113.344      50721  1028.3900  1028.3885    34.3965    34.3948    8.29602         23 0.0000e+00
    149.000    147.500    -1.1685  27.666444    -1.1685  27.665189     7.2905     7.1832     0.2387    97.3329 1.6198e-03  -63.57546  -60.69948 326.514808      99.98 1.7934e+03   2114.389      50746  1028.3852  1028.3838    34.3966    34.3949    8.29603         30 0.0000e+00
    148.000    146.510    -1.1680  27.666233    -1.1684  27.664734     7.3103     7.1847     0.2797    97.3433 4.7201e-03  -63.57546  -60.69947 326.514834      99.98 1.7938e+03   2116.688      50802  1028.3802  1028.3790    34.3964    34.3948    8.29594         31 0.0000e+00
    147.000    145.523    -1.1654  27.667315    -1.1659  27.665760     7.3000     7.1814     0.2866    97.3339 9.5086e-03  -63.57546  -60.69947 326.514891      99.98 1.7898e+03   2121.557      50918  1028.3746  1028.3734    34.3956    34.3940    8.29543         34 0.0000e+00
    146.000    144.532    -1.1676  27.665560    -1.1675  27.664387     7.2975     7.1882     0.2527    97.3436 1.3401e-02  -63.57546  -60.69948 326.514921      99.97 1.7878e+03   2124.175      50981  1028.3705  1028.3692    34.3962    34.3946    8.29586         18 0.0000e+00
    145.000    143.546    -1.1664  27.665781    -1.1660  27.664863     7.2998     7.1887     0.2142    97.3696 1.6110e-02  -63.57546  -60.69948 326.514928      99.98 1.7899e+03   2124.762      50995  1028.3653  1028.3639    34.3958    34.3941    8.29562         13 0.0000e+00
    144.000    142.552    -1.1659  27.665709    -1.1650  27.665059     7.3053     7.1870     0.2184    97.3508 1.9406e-02  -63.57546  -60.69948 326.514934      99.97 1.7921e+03   2125.305      51008  1028.3605  1028.3588    34.3958    34.3938    8.29552         13 0.0000e+00
    143.000    141.563    -1.1644  27.666127    -1.1642  27.665111     7.3042     7.1854     0.2210    97.3377 2.3577e-02  -63.57546  -60.69948 326.514941      99.98 1.7933e+03   2125.856      51022  1028.3551  1028.3539    34.3953    34.3937    8.29521         14 0.0000e+00
    142.000    140.574    -1.1631  27.666533    -1.1636  27.665072     7.3106     7.1820     0.2498    97.3139 2.7562e-02  -63.57546  -60.69948 326.514948      99.98 1.7947e+03   2126.478      51036  1028.3501  1028.3489    34.3950    34.3935    8.29495         17 0.0000e+00
    141.000    139.584    -1.1638  27.665610    -1.1638  27.664498     7.2974     7.1805     0.2611    97.2888 3.2946e-02  -63.57546  -60.69947 326.514973      99.97 1.7929e+03   2128.706      51090  1028.3455  1028.3442    34.3952    34.3935    8.29510         26 0.0000e+00
    140.000    138.595    -1.1631  27.665688    -1.1630  27.664569     7.3125     7.1931     0.2398    97.2828 4.0677e-02  -63.57546  -60.69948 326.515047      99.98 1.7804e+03   2135.104      51243  1028.3406  1028.3392    34.3950    34.3934    8.29494         20 0.0000e+00
    139.000    137.604    -1.1622  27.665852    -1.1609  27.665489     7.3197     7.1923     0.2588    97.2748 4.5965e-02  -63.57546  -60.69948 326.515057      99.98 1.7833e+03   2135.967      51264  1028.3356  1028.3339    34.3949    34.3929    8.29475         24 0.0000e+00
    138.000    136.616    -1.1629  27.664871    -1.1608  27.665119     7.3177     7.1863     0.3094    97.2923 5.0179e-02  -63.57546  -60.69948 326.515070      99.98 1.7901e+03   2137.080      51291  1028.3309  1028.3292    34.3949    34.3929    8.29489         30 0.0000e+00
    137.000    135.626    -1.1613  27.665505    -1.1619  27.663899     7.3048     7.1840     0.3370    97.2949 5.4142e-02  -63.57546  -60.69948 326.515086      99.98 1.7975e+03   2138.424      51323  1028.3257  1028.3246    34.3946    34.3931    8.29456         33 0.0000e+00
    136.000    134.636    -1.1609  27.665341    -1.1617  27.663571     7.3104     7.1819     0.3251    97.2644 5.8743e-02  -63.57546  -60.69946 326.515102      99.98 1.7999e+03   2139.854      51358  1028.3209  1028.3198    34.3945    34.3931    8.29448         37 0.0000e+00
    135.000    133.647    -1.1564  27.667685    -1.1586  27.665311     7.3172     7.1897     0.2894    97.2594 6.7746e-02  -63.57546  -60.69946 326.515156      99.98 1.7908e+03   2144.464      51468  1028.3149  1028.3144    34.3933    34.3925    8.29357         29 0.0000e+00
    134.000    132.655    -1.1489  27.672644    -1.1478  27.672233     7.3148     7.1976     0.2365    97.2604 7.6647e-02  -63.57546  -60.69948 326.515191      99.98 1.7852e+03   2147.494      51541  1028.3088  1028.3071    34.3921    34.3902    8.29197         18 0.0000e+00
    133.000    131.668    -1.1459  27.674088    -1.1427  27.675096     7.3212     7.1996     0.2481    97.2407 8.3765e-02  -63.57546  -60.69948 326.515201      99.98 1.7869e+03   2148.360      51562  1028.3031  1028.3010    34.3913    34.3889    8.29136         23 0.0000e+00
    132.000    130.677    -1.1405  27.677160    -1.1447  27.673090     7.3178     7.1887     0.2852    97.2275 8.9599e-02  -63.57546  -60.69947 326.515230      99.98 1.7912e+03   2150.863      51622  1028.2969  1028.2965    34.3899    34.3891    8.29025         38 0.0000e+00
    131.000    129.688    -1.1419  27.675832    -1.1442  27.673169     7.3159     7.1936     0.2550    97.2331 9.8431e-02  -63.57546  -60.69946 326.515286      99.98 1.7933e+03   2155.697      51738  1028.2926  1028.2919    34.3903    34.3893    8.29053         37 0.0000e+00
    130.000    128.698    -1.1323  27.681321    -1.1405  27.675053     7.3427     7.2024     0.3007    97.2144 1.0867e-01  -63.57546  -60.69946 326.515323      99.98 1.7898e+03   2158.882      51814  1028.2850  1028.2861    34.3875    34.3882    8.28858         33 0.0000e+00
    129.000    127.709    -1.1245  27.686099    -1.1253  27.684329     7.3344     7.2050     0.3364    97.1867 1.1518e-01  -63.57546  -60.69947 326.515356      99.98 1.7920e+03   2161.760      51883  1028.2784  1028.2771    34.3856    34.3842    8.28695         46 0.0000e+00
    128.000    126.719    -1.1256  27.684852    -1.1309  27.680655     7.3379     7.2057     0.3972    97.1749 1.2449e-01  -63.57546  -60.69946 326.515390      99.97 1.7951e+03   2164.703      51954  1028.2740  1028.2745    34.3859    34.3862    8.28719         36 0.0000e+00
    127.000    125.729    -1.1242  27.685228    -1.1297  27.680947     7.3397     7.2056     0.3655    97.1566 1.3531e-01  -63.57546  -60.69946 326.515424      99.97 1.7944e+03   2167.668      52025  1028.2687  1028.2694    34.3853    34.3858    8.28690         49 0.0000e+00
    126.000    124.739    -1.1206  27.687674    -1.1223  27.685277     7.3440     7.2075     0.3212    97.1086 1.4644e-01  -63.57546  -60.69948 326.515697      99.97 1.7960e+03   2191.242      52591  1028.2639  1028.2628    34.3852    34.3839    8.28611         41 0.0000e+00
    125.000    123.750    -1.1197  27.688042    -1.1196  27.686896     7.3387     7.2065     0.3410    97.0980 1.5647e-01  -63.57546  -60.69948 326.515915      99.98 1.7965e+03   2210.080      53043  1028.2592  1028.2578    34.3854    34.3836    8.28591         45 0.0000e+00
    124.000    122.760    -1.1193  27.687924    -1.1188  27.687103     7.3384     7.2073     0.3326    97.0836 1.6849e-01  -63.57546  -60.69948 326.515927      99.98 1.7981e+03   2211.051      53066  1028.2544  1028.2530    34.3854    34.3837    8.28583         37 0.0000e+00
    123.000    121.771    -1.1181  27.688438    -1.1175  27.687432     7.3507     7.2090     0.3520    97.0896 1.8161e-01  -63.57546  -60.69948 326.515945      99.97 1.7981e+03   2212.674      53105  1028.2495  1028.2478    34.3853    34.3833    8.28555         45 0.0000e+00
    122.000    120.781    -1.1171  27.688532    -1.1177  27.686820     7.3388     7.2114     0.3987    97.0839 1.9476e-01  -63.57546  -60.69948 326.515973      99.98 1.7981e+03   2215.071      53163  1028.2443  1028.2430    34.3849    34.3833    8.28536         43 0.0000e+00
    121.000    119.791    -1.1164  27.688486    -1.1172  27.686645     7.3367     7.2113     0.3868    97.0430 2.0622e-01  -63.57546  -60.69948 326.515995      99.98 1.7998e+03   2216.926      53207  1028.2393  1028.2381    34.3847    34.3831    8.28522         29 0.0000e+00
    120.000    118.802    -1.1158  27.688563    -1.1156  27.687399     7.3526     7.2147     0.3142    97.0751 2.1986e-01  -63.57546  -60.69948 326.516006      99.98 1.7999e+03   2217.885      53230  1028.2345  1028.2330    34.3847    34.3829    8.28508         21 0.0000e+00
    119.000    117.813    -1.1153  27.688167    -1.1162  27.686057     7.3392     7.2118     0.3085    97.0723 2.3439e-01  -63.57546  -60.69948 326.516015      99.98 1.7999e+03   2218.700      53250  1028.2294  1028.2278    34.3843    34.3823    8.28501         19 0.0000e+00
    118.000    116.822    -1.1162  27.686853    -1.1168  27.685050     7.3367     7.2118     0.3076    97.0573 2.5118e-01  -63.57546  -60.69948 326.516025      99.98 1.7999e+03   2219.550      53270  1028.2244  1028.2230    34.3841    34.3823    8.28521         23 0.0000e+00
    117.000    115.833    -1.1163  27.686215    -1.1164  27.684917     7.3491     7.2097     0.3302    97.0480 2.7077e-01  -63.57546  -60.69947 326.516048      99.98 1.7976e+03   2221.528      53318  1028.2196  1028.2183    34.3840    34.3823    8.28524         34 0.0000e+00
    116.000    114.842    -1.1166  27.685406    -1.1162  27.684853     7.3501     7.2130     0.3501    97.0403 2.8974e-01  -63.57546  -60.69946 326.516083      99.98 1.7973e+03   2224.577      53391  1028.2147  1028.2137    34.3838    34.3826    8.28531         25 0.0000e+00
    115.000    113.853    -1.1166  27.685047    -1.1167  27.683674     7.3386     7.2146     0.3020    97.0561 3.0736e-01  -63.57546  -60.69948 326.516093      99.97 1.7981e+03   2225.412      53411  1028.2100  1028.2086    34.3839    34.3822    8.28530         18 0.0000e+00
    114.000    112.862    -1.1176  27.683488    -1.1178  27.682147     7.3527     7.2106     0.2969    97.0678 3.2732e-01  -63.57546  -60.69948 326.516101      99.98 1.7981e+03   2226.135      53428  1028.2051  1028.2037    34.3836    34.3820    8.28555         17 0.0000e+00
    113.000    111.873    -1.1176  27.683026    -1.1179  27.681480     7.3449     7.2108     0.2967    97.0743 3.4839e-01  -63.57546  -60.69948 326.516109      99.97 1.7989e+03   2226.846      53445  1028.2003  1028.1988    34.3836    34.3818    8.28555         18 0.0000e+00
    112.000    110.883    -1.1177  27.682379    -1.1179  27.681048     7.3452     7.2098     0.3295    97.0643 3.6949e-01  -63.57546  -60.69948 326.516118      99.98 1.7999e+03   2227.616      53464  1028.1953  1028.1940    34.3834    34.3818    8.28557         20 0.0000e+00
    111.000    109.894    -1.1172  27.682260    -1.1171  27.681213     7.3573     7.2082     0.3574    97.0706 3.9098e-01  -63.57546  -60.69948 326.516129      99.98 1.8008e+03   2228.554      53486  1028.1904  1028.1891    34.3833    34.3818    8.28547         26 0.0000e+00
    110.000    108.903    -1.1172  27.681864    -1.1175  27.680427     7.3531     7.2097     0.3385    97.0608 4.1203e-01  -63.57546  -60.69947 326.516146      99.98 1.8025e+03   2230.053      53522  1028.1857  1028.1844    34.3835    34.3818    8.28547         38 0.0000e+00
    109.000    107.914    -1.1171  27.681526    -1.1174  27.680138     7.3478     7.2168     0.3515    97.0622 4.4130e-01  -63.57546  -60.69946 326.516173      99.97 1.7995e+03   2232.342      53577  1028.1809  1028.1796    34.3835    34.3819    8.28544         43 0.0000e+00
    108.000    106.924    -1.1166  27.681520    -1.1171  27.679814     7.3468     7.2212     0.3728    97.0752 4.7944e-01  -63.57546  -60.69946 326.516199      99.98 1.7930e+03   2234.563      53631  1028.1762  1028.1748    34.3836    34.3818    8.28533         45 0.0000e+00
    107.000    105.935    -1.1150  27.682052    -1.1156  27.680438     7.3451     7.2142     0.3310    97.0623 5.1102e-01  -63.57546  -60.69948 326.516219      99.97 1.7948e+03   2236.296      53672  1028.1709  1028.1697    34.3831    34.3816    8.28501         31 0.0000e+00
    106.000    104.945    -1.1152  27.681734    -1.1152  27.680619     7.3653     7.2137     0.3076    97.0601 5.3670e-01  -63.57546  -60.69948 326.516231      99.97 1.7974e+03   2237.334      53697  1028.1665  1028.1652    34.3835    34.3819    8.28502         21 0.0000e+00
    105.000    103.953    -1.1153  27.681496    -1.1154  27.680111     7.3514     7.2112     0.2964    97.0601 5.6360e-01  -63.57546  -60.69948 326.516240      99.97 1.7982e+03   2238.133      53716  1028.1620  1028.1606    34.3839    34.3821    8.28502         17 0.0000e+00
    104.000    102.966    -1.1152  27.680988    -1.1150  27.679972     7.3414     7.2133     0.2856    97.0601 5.9458e-01  -63.57546  -60.69948 326.516248      99.98 1.7998e+03   2238.862      53734  1028.1571  1028.1557    34.3837    34.3820    8.28501         18 0.0000e+00
    103.000    101.976    -1.1147  27.680838    -1.1149  27.679554     7.3445     7.2195     0.3044    97.0601 6.2804e-01  -63.57546  -60.69948 326.516257      99.98 1.8003e+03   2239.632      53752  1028.1521  1028.1508    34.3836    34.3820    8.28491         20 0.0000e+00
    102.000    100.985    -1.1150  27.680205    -1.1153  27.678824     7.3546     7.2206     0.3443    97.0601 6.6463e-01  -63.57546  -60.69948 326.516268      99.97 1.8016e+03   2240.555      53774  1028.1474  1028.1461    34.3837    34.3821    8.28497         26 0.0000e+00
    101.000     99.997    -1.1150  27.679726    -1.1151  27.678428     7.3442     7.2186     0.3467    97.0572 7.0558e-01  -63.57546  -60.69947 326.516285      99.98 1.8032e+03   2242.063      53811  1028.1426  1028.1413    34.3836    34.3820    8.28496         37 0.0000e+00
    100.000     99.002    -1.1156  27.678737    -1.1157  27.677407     7.3463     7.2187     0.3841    97.0553 7.5471e-01  -63.57546  -60.69946 326.516324      99.98 1.7993e+03   2245.370      53890  1028.1379  1028.1365    34.3836    34.3820    8.28510         32 0.0000e+00
     99.000     98.015    -1.1153  27.678391    -1.1153  27.677243     7.3474     7.2140     0.3194    97.0618 8.1092e-01  -63.57546  -60.69946 326.516348      99.97 1.7958e+03   2247.492      53941  1028.1330  1028.1316    34.3835    34.3818    8.28505         32 0.0000e+00
     98.000     97.027    -1.1165  27.677210    -1.1161  27.676198     7.3534     7.2139     0.3103    97.0722 8.6285e-01  -63.57546  -60.69947 326.516365      99.97 1.7946e+03   2248.891      53974  1028.1286  1028.1270    34.3838    34.3820    8.28530         34 0.0000e+00
     97.000     96.036    -1.1173  27.676182    -1.1176  27.674735     7.3511     7.2111     0.3190    97.0835 9.0958e-01  -63.57546  -60.69948 326.516381      99.97 1.7955e+03   2250.294      54008  1028.1239  1028.1226    34.3839    34.3823    8.28546         33 0.0000e+00
