NBP2113_155081_ctd/data/nbp2113_002.cnv
* Sea-Bird SBE 9 Data File:
* FileName = D:\Data\raw\NBP2113_002.hex
* Software Version Seasave V 7.26.7.121
* Temperature SN = 2438
* Conductivity SN = 2067
* Number of Bytes Per Scan = 40
* Number of Voltage Words = 5
* Number of Scans Averaged by the Deck Unit = 1
* NMEA Latitude = 63 34.52 S
* NMEA Longitude = 060 42.00 W
* NMEA UTC (Time) = Nov 22 2021  11:46:05
* NMEA baud rate = 9600
** Ship: RVIB N.B. Palmer
** Cruise: NBP2113 LTER
** Station: 831.-002
** Operator: B. Urmston
# nquan = 25
# nvalues = 1197                        
# units = specified
# name 0 = prDM: Pressure, Digiquartz [db]
# name 1 = depSM: Depth [salt water, m]
# name 2 = t090C: Temperature [ITS-90, deg C]
# name 3 = c0mS/cm: Conductivity [mS/cm]
# name 4 = t190C: Temperature, 2 [ITS-90, deg C]
# name 5 = c1mS/cm: Conductivity, 2 [mS/cm]
# name 6 = sbeox0ML/L: Oxygen, SBE 43 [ml/l]
# name 7 = sbeox1ML/L: Oxygen, SBE 43, 2 [ml/l]
# name 8 = flECO-AFL: Fluorescence, WET Labs ECO-AFL/FL [mg/m^3]
# name 9 = CStarTr0: Beam Transmission, WET Labs C-Star [%]
# name 10 = par: PAR/Irradiance, Biospherical/Licor
# name 11 = latitude: Latitude [deg]
# name 12 = longitude: Longitude [deg]
# name 13 = timeJ: Julian Days
# name 14 = altM: Altimeter [m]
# name 15 = spar: SPAR, Biospherical/Licor
# name 16 = timeS: Time, Elapsed [seconds]
# name 17 = scan: Scan Count
# name 18 = density00: Density [density, kg/m^3]
# name 19 = density11: Density, 2 [density, kg/m^3]
# name 20 = sal00: Salinity, Practical [PSU]
# name 21 = sal11: Salinity, Practical, 2 [PSU]
# name 22 = oxsolML/L: Oxygen Saturation, Garcia & Gordon [ml/l]
# name 23 = nbin: number of scans per bin
# name 24 = flag: flag
# span 0 =      1.000,    601.000       
# span 1 =      0.990,    594.304       
# span 2 =    -1.3531,    -0.6414       
# span 3 =  27.600342,  27.993725       
# span 4 =    -1.3527,    -0.6261       
# span 5 =  27.599064,  28.004272       
# span 6 =     6.7855,     7.6703       
# span 7 =     6.7492,     7.5568       
# span 8 =    -0.0151,     0.9223       
# span 9 =    93.5564,    98.7498       
# span 10 = 1.0000e-12, 3.8264e+02      
# span 11 =  -63.57548,  -63.57542      
# span 12 =  -60.69968,  -60.69924      
# span 13 = 326.494048, 326.521512      
# span 14 =     -10.52,     102.48      
# span 15 = 1.7682e+03, 1.8061e+03      
# span 16 =    320.726,   2693.623      
# span 17 =       7698,      64648      
# span 18 =  1027.6018,  1030.6286      
# span 19 =  1027.5955,  1030.6271      
# span 20 =    34.3275,    34.5027      
# span 21 =    34.3214,    34.5008      
# span 22 =    8.18457,    8.33442      
# span 23 =         11,         51      
# span 24 = 0.0000e+00, 0.0000e+00      
# interval = decibars: 1                
# start_time = Nov 22 2021 11:46:05 [NMEA time, header]
# bad_flag = -9.990e-29
*END*
[from data line 696]
    501.000    495.539    -1.2892  27.794290    -1.2890  27.793005     6.9159     6.8680     0.0064    98.6308 1.0000e-12  -63.57546  -60.69942 326.507344      99.98 1.7915e+03   1469.480      35269  1030.1469  1030.1453    34.4917    34.4897    8.31722         14 0.0000e+00
    500.000    494.553    -1.2892  27.793911    -1.2890  27.792626     6.9162     6.8656     0.0101    98.6212 1.0000e-12  -63.57546  -60.69942 326.507351      55.35 1.7929e+03   1470.099      35283  1030.1423  1030.1407    34.4918    34.4899    8.31722         16 0.0000e+00
    499.000    493.563    -1.2891  27.793483    -1.2890  27.792236     6.9193     6.8599     0.0210    98.6232 1.0000e-12  -63.57546  -60.69941 326.507360      79.78 1.7941e+03   1470.894      35302  1030.1375  1030.1360    34.4917    34.4899    8.31720         24 0.0000e+00
    498.000    492.577    -1.2890  27.793122    -1.2889  27.791910     6.9205     6.8658     0.0121    98.6273 1.0000e-12  -63.57546  -60.69940 326.507405     102.21 1.7924e+03   1474.793      35396  1030.1326  1030.1312    34.4917    34.4899    8.31718         26 0.0000e+00
    497.000    491.587    -1.2892  27.792613    -1.2890  27.791482     6.9161     6.8639     0.0069    98.6324 1.0000e-12  -63.57546  -60.69940 326.507431      99.98 1.7911e+03   1476.994      35449  1030.1280  1030.1266    34.4918    34.4901    8.31721         16 0.0000e+00
    496.000    490.600    -1.2891  27.792145    -1.2890  27.790861     6.9260     6.8577     0.0069    98.6273 1.0000e-12  -63.57546  -60.69940 326.507438      99.98 1.7911e+03   1477.638      35464  1030.1232  1030.1217    34.4918    34.4898    8.31721         15 0.0000e+00
    495.000    489.612    -1.2894  27.791459    -1.2892  27.790211     6.9207     6.8566     0.0069    98.6003 1.0000e-12  -63.57546  -60.69940 326.507446      99.98 1.7911e+03   1478.298      35480  1030.1185  1030.1169    34.4918    34.4898    8.31727         17 0.0000e+00
    494.000    488.625    -1.2896  27.790713    -1.2893  27.789470     6.9294     6.8575     0.0133    98.6090 1.0000e-12  -63.57546  -60.69942 326.507454      99.98 1.7911e+03   1479.025      35498  1030.1137  1030.1119    34.4916    34.4895    8.31733         19 0.0000e+00
    493.000    487.636    -1.2900  27.789774    -1.2896  27.788872     6.9433     6.8617     0.0214    98.5833 1.0000e-12  -63.57546  -60.69942 326.507464      99.98 1.7927e+03   1479.911      35519  1030.1087  1030.1073    34.4913    34.4896    8.31742         24 0.0000e+00
    492.000    486.647    -1.2907  27.788283    -1.2898  27.787941     6.9345     6.8689     0.0169    98.6089 1.0000e-12  -63.57546  -60.69942 326.507477      99.98 1.7931e+03   1481.015      35545  1030.1034  1030.1022    34.4907    34.4892    8.31761         29 0.0000e+00
    491.000    485.662    -1.2905  27.788015    -1.2901  27.787017     6.9437     6.8686     0.0136    98.6266 1.0000e-12  -63.57546  -60.69940 326.507492      99.98 1.7938e+03   1482.287      35576  1030.0988  1030.0972    34.4908    34.4889    8.31758         31 0.0000e+00
    490.000    484.672    -1.2910  27.786976    -1.2910  27.785478     6.9373     6.8740     0.0216    98.6308 1.0000e-12  -63.57546  -60.69940 326.507506      99.98 1.7944e+03   1483.543      35606  1030.0938  1030.0922    34.4905    34.4885    8.31770         29 0.0000e+00
    489.000    483.685    -1.2913  27.786216    -1.2911  27.784865     6.9233     6.8795     0.0267    98.6138 1.0000e-12  -63.57546  -60.69940 326.507520      99.98 1.7953e+03   1484.764      35635  1030.0890  1030.0873    34.4904    34.4884    8.31776         30 0.0000e+00
    488.000    482.696    -1.2911  27.785865    -1.2910  27.784631     6.9310     6.8697     0.0229    98.6306 1.0000e-12  -63.57546  -60.69940 326.507536      99.98 1.7952e+03   1486.088      35667  1030.0842  1030.0828    34.4904    34.4886    8.31774         34 0.0000e+00
    487.000    481.709    -1.2909  27.785868    -1.2910  27.784241     6.9350     6.8663     0.0228    98.6056 1.0000e-12  -63.57546  -60.69940 326.507556      99.98 1.7927e+03   1487.849      35709  1030.0797  1030.0780    34.4908    34.4886    8.31767         41 0.0000e+00
    486.000    480.719    -1.2908  27.785438    -1.2906  27.784276     6.9366     6.8661     0.0157    98.6418 1.0000e-12  -63.57546  -60.69940 326.507584      99.98 1.7910e+03   1490.278      35768  1030.0748  1030.0733    34.4906    34.4888    8.31765         35 0.0000e+00
    485.000    479.735    -1.2914  27.784098    -1.2913  27.782695     6.9363     6.8752     0.0096    98.6465 1.0000e-12  -63.57546  -60.69942 326.507597      99.98 1.7911e+03   1491.398      35795  1030.0697  1030.0681    34.4901    34.4881    8.31781         20 0.0000e+00
    484.000    478.744    -1.2914  27.783491    -1.2913  27.782291     6.9343     6.8709     0.0070    98.6329 1.0000e-12  -63.57546  -60.69942 326.507606      99.98 1.7929e+03   1492.106      35812  1030.0648  1030.0634    34.4899    34.4881    8.31783         15 0.0000e+00
    483.000    477.758    -1.2913  27.783105    -1.2912  27.781920     6.9327     6.8678     0.0069    98.6348 1.0000e-12  -63.57546  -60.69942 326.507612      99.98 1.7929e+03   1492.718      35826  1030.0600  1030.0586    34.4899    34.4881    8.31781         13 0.0000e+00
    482.000    476.768    -1.2913  27.782778    -1.2912  27.781529     6.9424     6.8692     0.0032    98.6288 1.0000e-12  -63.57546  -60.69942 326.507619      99.98 1.7943e+03   1493.285      35840  1030.0553  1030.0539    34.4900    34.4881    8.31778         14 0.0000e+00
    481.000    475.781    -1.2913  27.782207    -1.2911  27.781145     6.9354     6.8673    -0.0014    98.6032 1.0000e-12  -63.57546  -60.69942 326.507625      99.98 1.7950e+03   1493.854      35853  1030.0505  1030.0492    34.4899    34.4882    8.31780         14 0.0000e+00
    480.000    474.793    -1.2913  27.781908    -1.2912  27.780617     6.9365     6.8668     0.0038    98.5784 1.0000e-12  -63.57546  -60.69942 326.507633      99.98 1.7964e+03   1494.484      35869  1030.0458  1030.0444    34.4900    34.4882    8.31778         17 0.0000e+00
    479.000    473.804    -1.2914  27.781515    -1.2912  27.780204     6.9364     6.8683     0.0067    98.5866 1.0000e-12  -63.57546  -60.69942 326.507643      99.98 1.7967e+03   1495.332      35889  1030.0413  1030.0397    34.4902    34.4883    8.31779         26 0.0000e+00
    478.000    472.816    -1.2915  27.780881    -1.2914  27.779624     6.9351     6.8729     0.0105    98.5809 1.0000e-12  -63.57546  -60.69940 326.507682      99.98 1.7931e+03   1498.752      35971  1030.0364  1030.0349    34.4901    34.4883    8.31783         41 0.0000e+00
    477.000    471.828    -1.2916  27.780334    -1.2914  27.779106     6.9285     6.8747     0.0103    98.5739 1.0000e-12  -63.57546  -60.69940 326.507708      99.98 1.7911e+03   1501.001      36025  1030.0316  1030.0301    34.4900    34.4882    8.31785         24 0.0000e+00
    476.000    470.840    -1.2914  27.780049    -1.2913  27.778656     6.9380     6.8792     0.0091    98.5494 1.0000e-12  -63.57546  -60.69941 326.507719      99.97 1.7896e+03   1501.908      36047  1030.0269  1030.0253    34.4901    34.4881    8.31782         20 0.0000e+00
    475.000    469.853    -1.2915  27.779588    -1.2913  27.778356     6.9417     6.8795     0.0143    98.6047 1.0000e-12  -63.57546  -60.69942 326.507728      99.98 1.7893e+03   1502.723      36066  1030.0222  1030.0206    34.4902    34.4882    8.31782         20 0.0000e+00
    474.000    468.864    -1.2915  27.779165    -1.2914  27.777966     6.9356     6.8818     0.0070    98.6003 1.0000e-12  -63.57546  -60.69942 326.507738      99.98 1.7898e+03   1503.571      36087  1030.0174  1030.0160    34.4902    34.4884    8.31782         21 0.0000e+00
    473.000    467.877    -1.2913  27.778825    -1.2912  27.777465     6.9317     6.8800     0.0183    98.6083 1.0000e-12  -63.57546  -60.69942 326.507749      99.98 1.7920e+03   1504.526      36110  1030.0127  1030.0110    34.4902    34.4881    8.31779         24 0.0000e+00
    472.000    466.889    -1.2911  27.778180    -1.2911  27.777022     6.9327     6.8774     0.0217    98.5882 1.0000e-12  -63.57546  -60.69942 326.507760      99.98 1.7941e+03   1505.501      36133  1030.0074  1030.0061    34.4896    34.4880    8.31777         22 0.0000e+00
    471.000    465.901    -1.2909  27.777672    -1.2907  27.776387     6.9535     6.8809     0.0187    98.6038 1.0000e-12  -63.57546  -60.69942 326.507770      99.98 1.7964e+03   1506.355      36154  1030.0024  1030.0008    34.4893    34.4873    8.31774         20 0.0000e+00
    470.000    464.912    -1.2905  27.777172    -1.2905  27.775819     6.9627     6.8879     0.0144    98.5911 1.0000e-12  -63.57546  -60.69942 326.507779      99.98 1.7981e+03   1507.128      36172  1029.9972  1029.9958    34.4888    34.4870    8.31769         18 0.0000e+00
    469.000    463.924    -1.2936  27.772972    -1.2934  27.771672     6.9626     6.8880     0.0074    98.5795 1.0000e-12  -63.57546  -60.69942 326.507788      99.98 1.7981e+03   1507.902      36191  1029.9914  1029.9898    34.4872    34.4853    8.31847         19 0.0000e+00
    468.000    462.936    -1.2951  27.770875    -1.2952  27.769167     6.9626     6.8794     0.0279    98.5287 1.0000e-12  -63.57546  -60.69941 326.507799      99.98 1.7968e+03   1508.863      36214  1029.9863  1029.9846    34.4867    34.4845    8.31884         28 0.0000e+00
    467.000    461.948    -1.2928  27.773573    -1.2924  27.772719     6.9500     6.8781     0.0188    98.5451 1.0000e-12  -63.57546  -60.69941 326.507835      99.98 1.7943e+03   1511.914      36287  1029.9828  1029.9814    34.4884    34.4867    8.31823         40 0.0000e+00
    466.000    460.961    -1.2917  27.774621    -1.2920  27.772810     6.9828     6.9022     0.0204    98.5587 1.0000e-12  -63.57546  -60.69943 326.507871      99.98 1.7909e+03   1515.019      36361  1029.9786  1029.9768    34.4892    34.4870    8.31794         23 0.0000e+00
    465.000    459.973    -1.2941  27.770882    -1.2939  27.769640     7.0134     6.9221     0.0141    98.5801 1.0000e-12  -63.57546  -60.69944 326.507878      99.98 1.7911e+03   1515.696      36378  1029.9724  1029.9709    34.4873    34.4854    8.31856         15 0.0000e+00
    464.000    458.984    -1.2997  27.763154    -1.3002  27.761234     7.0183     6.9268     0.0103    98.5793 1.0000e-12  -63.57546  -60.69944 326.507885      99.98 1.7911e+03   1516.257      36391  1029.9654  1029.9638    34.4839    34.4818    8.32003         13 0.0000e+00
    463.000    458.000    -1.3066  27.754618    -1.3057  27.754133     7.0263     6.9323     0.0062    98.5055 1.0000e-12  -63.57546  -60.69944 326.507891      99.97 1.7929e+03   1516.758      36403  1029.9585  1029.9571    34.4807    34.4790    8.32175         11 0.0000e+00
    462.000    457.004    -1.3083  27.752037    -1.3078  27.751379     7.0222     6.9305     0.0094    98.4870 1.0000e-12  -63.57546  -60.69944 326.507896      99.98 1.7929e+03   1517.231      36415  1029.9531  1029.9519    34.4797    34.4783    8.32218         12 0.0000e+00
    461.000    456.021    -1.3107  27.748663    -1.3098  27.748285     7.0266     6.9347     0.0217    98.3845 1.0000e-12  -63.57546  -60.69944 326.507902      99.98 1.7932e+03   1517.711      36426  1029.9475  1029.9462    34.4785    34.4769    8.32280         11 0.0000e+00
    460.000    455.029    -1.3115  27.747207    -1.3111  27.746431     7.0228     6.9333     0.0216    98.3551 1.0000e-12  -63.57546  -60.69944 326.507908      99.98 1.7946e+03   1518.226      36438  1029.9424  1029.9411    34.4780    34.4764    8.32300         14 0.0000e+00
    459.000    454.043    -1.3093  27.749533    -1.3061  27.751659     7.0206     6.9304     0.0216    98.3272 1.0000e-12  -63.57546  -60.69944 326.507915      99.98 1.7952e+03   1518.870      36454  1029.9384  1029.9376    34.4792    34.4785    8.32243         18 0.0000e+00
    458.000    453.054    -1.3096  27.748641    -1.3085  27.748558     7.0202     6.9284     0.0279    98.3283 1.0000e-12  -63.57546  -60.69943 326.507936      99.98 1.7970e+03   1520.650      36497  1029.9335  1029.9323    34.4790    34.4776    8.32252         32 0.0000e+00
    457.000    452.068    -1.3107  27.747220    -1.3096  27.747101     7.0146     6.9364     0.0279    98.3388 1.0000e-12  -63.57546  -60.69942 326.507982      99.98 1.7933e+03   1524.667      36593  1029.9286  1029.9274    34.4789    34.4775    8.32277         35 0.0000e+00
    456.000    451.079    -1.3101  27.747358    -1.3099  27.746278     7.0067     6.9291     0.0414    98.3635 1.0000e-12  -63.57546  -60.69943 326.508005      99.98 1.7868e+03   1526.649      36641  1029.9238  1029.9225    34.4790    34.4774    8.32262         26 0.0000e+00
    455.000    450.092    -1.3098  27.747294    -1.3097  27.746103     6.9998     6.9271     0.0260    98.3572 1.0000e-12  -63.57546  -60.69944 326.508015      99.98 1.7858e+03   1527.451      36660  1029.9192  1029.9177    34.4793    34.4774    8.32255         16 0.0000e+00
    454.000    449.102    -1.3087  27.748115    -1.3082  27.747308     6.9858     6.9264     0.0201    98.3717 1.0000e-12  -63.57546  -60.69944 326.508022      99.98 1.7865e+03   1528.086      36675  1029.9147  1029.9134    34.4797    34.4781    8.32227         15 0.0000e+00
    453.000    448.116    -1.3072  27.749573    -1.3074  27.747992     6.9916     6.9258     0.0068    98.3235 1.0000e-12  -63.57546  -60.69944 326.508028      99.98 1.7876e+03   1528.651      36689  1029.9105  1029.9090    34.4806    34.4786    8.32188         12 0.0000e+00
    452.000    447.126    -1.3064  27.750101    -1.3064  27.748626     6.9907     6.9247     0.0089    98.3548 1.0000e-12  -63.57546  -60.69944 326.508035      99.98 1.7894e+03   1529.215      36702  1029.9061  1029.9045    34.4810    34.4790    8.32168         15 0.0000e+00
    451.000    446.138    -1.3063  27.749701    -1.3064  27.748288     6.9933     6.9240     0.0212    98.3744 1.0000e-12  -63.57546  -60.69944 326.508042      99.98 1.7915e+03   1529.813      36717  1029.9012  1029.8998    34.4810    34.4792    8.32166         15 0.0000e+00
    450.000    445.150    -1.3056  27.750057    -1.3056  27.748830     6.9887     6.9247     0.0247    98.3473 1.0000e-12  -63.57546  -60.69944 326.508050      99.98 1.7932e+03   1530.494      36733  1029.8967  1029.8954    34.4813    34.4796    8.32149         18 0.0000e+00
    449.000    444.162    -1.3069  27.748190    -1.3060  27.747765     6.9921     6.9323     0.0315    98.3241 1.0000e-12  -63.57546  -60.69944 326.508061      99.98 1.7960e+03   1531.443      36756  1029.8916  1029.8904    34.4808    34.4792    8.32180         29 0.0000e+00
    448.000    443.173    -1.3065  27.748100    -1.3064  27.746788     7.0019     6.9310     0.0372    98.3437 1.0000e-12  -63.57546  -60.69944 326.508080      99.98 1.7980e+03   1533.074      36795  1029.8869  1029.8854    34.4809    34.4790    8.32172         39 0.0000e+00
    447.000    442.185    -1.3059  27.748363    -1.3065  27.746323     6.9945     6.9239     0.0345    98.3648 1.0000e-12  -63.57546  -60.69942 326.508108      99.98 1.7961e+03   1535.498      36853  1029.8824  1029.8807    34.4812    34.4791    8.32157         27 0.0000e+00
    446.000    441.197    -1.3048  27.749349    -1.3040  27.748935     6.9930     6.9224     0.0189    98.3523 1.0000e-12  -63.57546  -60.69943 326.508138      99.98 1.7889e+03   1538.145      36916  1029.8781  1029.8769    34.4819    34.4804    8.32128         34 0.0000e+00
    445.000    440.210    -1.3057  27.747839    -1.3055  27.746607     6.9791     6.9165     0.0290    98.3760 1.0000e-12  -63.57546  -60.69944 326.508150      99.98 1.7872e+03   1539.176      36941  1029.8730  1029.8715    34.4815    34.4795    8.32150         21 0.0000e+00
