NBP2113_155081_ctd/data/nbp2113_004.ros
* Sea-Bird SBE 9 Data File:
* FileName = D:\Data\raw\NBP2113_004.hex
* Software Version Seasave V 7.26.7.121
* Temperature SN = 2438
* Conductivity SN = 2067
* Number of Bytes Per Scan = 40
* Number of Voltage Words = 5
* Number of Scans Averaged by the Deck Unit = 1
* NMEA Latitude = 63 46.12 S
* NMEA Longitude = 062 51.59 W
* NMEA UTC (Time) = Nov 23 2021  06:30:17
* NMEA baud rate = 9600
** Ship: RVIB N.B. Palmer
** Cruise: NBP2113 LTER
** Station: 747.068
** Operator: B. Urmston
# nquan = 20
# nvalues = 1127                                  
# units = specified
# name 0 = prDM: Pressure, Digiquartz [db]
# name 1 = depSM: Depth [salt water, m]
# name 2 = t090C: Temperature [ITS-90, deg C]
# name 3 = c0mS/cm: Conductivity [mS/cm]
# name 4 = t190C: Temperature, 2 [ITS-90, deg C]
# name 5 = c1mS/cm: Conductivity, 2 [mS/cm]
# name 6 = sbeox0ML/L: Oxygen, SBE 43 [ml/l]
# name 7 = sbeox1ML/L: Oxygen, SBE 43, 2 [ml/l]
# name 8 = flECO-AFL: Fluorescence, WET Labs ECO-AFL/FL [mg/m^3]
# name 9 = CStarTr0: Beam Transmission, WET Labs C-Star [%]
# name 10 = par: PAR/Irradiance, Biospherical/Licor
# name 11 = latitude: Latitude [deg]
# name 12 = longitude: Longitude [deg]
# name 13 = timeJ: Julian Days
# name 14 = altM: Altimeter [m]
# name 15 = spar: SPAR, Biospherical/Licor
# name 16 = timeS: Time, Elapsed [seconds]
# name 17 = scan: Scan Count
# name 18 = nbf: Bottles Fired
# name 19 = flag:  0.000e+00
# interval = seconds: 0.0416667
# start_time = Nov 23 2021 06:30:17 [NMEA time, header]
# bad_flag = -9.990e-29
*END*
[from data line 218]
    228.118    225.777     1.4713  30.132626     1.4717  30.132162     4.2558     4.2335    -0.0077    99.4291 1.0000e-12  -63.76800  -62.86046 327.289302      99.98 1.7629e+01   1578.667      37889          5  0.000e+00
    228.084    225.743     1.4708  30.132034     1.4719  30.132567     4.2621     4.2283    -0.0077    99.4291 1.0000e-12  -63.76800  -62.86046 327.289302     100.00 1.7629e+01   1578.708      37890          5  0.000e+00
    228.070    225.730     1.4710  30.132567     1.4723  30.132682     4.2639     4.2276    -0.0077    99.4033 1.0000e-12  -63.76800  -62.86046 327.289303      99.98 1.7629e+01   1578.750      37891          5  0.000e+00
    228.070    225.730     1.4716  30.133040     1.4728  30.132682     4.2602     4.2322    -0.0077    99.4291 1.0000e-12  -63.76800  -62.86046 327.289303     100.00 1.7629e+01   1578.792      37892          5  0.000e+00
    228.084    225.743     1.4719  30.133396     1.4728  30.132856     4.2541     4.2272    -0.0077    99.4291 1.0000e-12  -63.76800  -62.86046 327.289304     100.00 1.7629e+01   1578.833      37893          5  0.000e+00
    228.070    225.730     1.4722  30.132981     1.4730  30.132740     4.2647     4.2267    -0.0077    99.4291 1.0000e-12  -63.76800  -62.86046 327.289304      99.98 1.7629e+01   1578.875      37894          5  0.000e+00
    228.015    225.676     1.4719  30.133100     1.4730  30.132682     4.2667     4.2262    -0.0077    99.4291 1.0000e-12  -63.76800  -62.86046 327.289305      99.98 1.7629e+01   1578.917      37895          5  0.000e+00
    228.036    225.696     1.4714  30.132685     1.4725  30.132219     4.2632     4.2260    -0.0077    99.4291 1.0000e-12  -63.76800  -62.86046 327.289305      99.98 1.7629e+01   1578.958      37896          5  0.000e+00
    228.015    225.676     1.4710  30.132389     1.4719  30.131872     4.2628     4.2310    -0.0077    99.4033 1.0000e-12  -63.76800  -62.86046 327.289306      99.98 1.7629e+01   1579.000      37897          5  0.000e+00
    228.070    225.730     1.4704  30.131974     1.4714  30.131004     4.2582     4.2316    -0.0077    99.4033 1.0000e-12  -63.76800  -62.86046 327.289306     100.00 1.7629e+01   1579.042      37898          5  0.000e+00
    227.988    225.648     1.4702  30.131323     1.4708  30.130252     4.2634     4.2322    -0.0077    99.4033 1.0000e-12  -63.76800  -62.86046 327.289307      99.95 1.7629e+01   1579.083      37899          5  0.000e+00
    228.015    225.676     1.4692  30.130849     1.4698  30.129731     4.2645     4.2277    -0.0077    99.4291 1.0000e-12  -63.76800  -62.86046 327.289307      99.98 1.7629e+01   1579.125      37900          5  0.000e+00
    227.988    225.648     1.4691  30.130849     1.4688  30.129153     4.2600     4.2276    -0.0077    99.4291 1.0000e-12  -63.76800  -62.86046 327.289307      99.98 1.7629e+01   1579.167      37901          5  0.000e+00
    227.967    225.628     1.4691  30.131086     1.4680  30.128401     4.2586     4.2329    -0.0077    99.4291 1.0000e-12  -63.76800  -62.86046 327.289308     100.00 1.7629e+01   1579.208      37902          5  0.000e+00
    227.912    225.574     1.4692  30.131204     1.4680  30.128805     4.2640     4.2284    -0.0077    99.4291 1.0000e-12  -63.76800  -62.86046 327.289308     100.00 1.7629e+01   1579.250      37903          5  0.000e+00
    227.988    225.648     1.4692  30.130967     1.4678  30.128574     4.2585     4.2285    -0.0077    99.4291 1.0000e-12  -63.76800  -62.86046 327.289309     100.00 1.7629e+01   1579.292      37904          5  0.000e+00
    227.912    225.574     1.4692  30.130967     1.4676  30.127880     4.2572     4.2286    -0.0077    99.4291 1.0000e-12  -63.76800  -62.86046 327.289309     100.00 1.7629e+01   1579.333      37905          5  0.000e+00
    227.912    225.574     1.4691  30.130908     1.4672  30.127648     4.2560     4.2288    -0.0077    99.4291 1.0000e-12  -63.76800  -62.86046 327.289310      99.98 1.7629e+01   1579.375      37906          5  0.000e+00
    227.933    225.594     1.4692  30.131086     1.4667  30.127648     4.2562     4.2291    -0.0077    99.4291 1.0000e-12  -63.76800  -62.86046 327.289310      99.95 1.7629e+01   1579.417      37907          5  0.000e+00
    227.864    225.526     1.4694  30.131204     1.4665  30.127648     4.2619     4.2293    -0.0077    99.4291 1.0000e-12  -63.76800  -62.86046 327.289311      99.98 1.7629e+01   1579.458      37908          5  0.000e+00
    227.885    225.547     1.4691  30.130552     1.4665  30.127648     4.2635     4.2297    -0.0077    99.4291 1.0000e-12  -63.76800  -62.86046 327.289311      99.98 1.7629e+01   1579.500      37909          5  0.000e+00
    227.864    225.526     1.4686  30.130197     1.4666  30.127417     4.2651     4.2301    -0.0077    99.4291 1.0000e-12  -63.76800  -62.86046 327.289312     100.00 1.7629e+01   1579.542      37910          5  0.000e+00
    227.864    225.526     1.4677  30.129249     1.4666  30.127532     4.2614     4.2298    -0.0077    99.4291 1.0000e-12  -63.76800  -62.86046 327.289312      99.95 1.7629e+01   1579.583      37911          5  0.000e+00
    227.830    225.492     1.4668  30.128776     1.4668  30.127648     4.2688     4.2295    -0.0077    99.4291 1.0000e-12  -63.76800  -62.86046 327.289313      99.95 1.7629e+01   1579.625      37912          5  0.000e+00
    227.809    225.472     1.4660  30.128243     1.4666  30.127474     4.2652     4.2292    -0.0077    99.4291 1.0000e-12  -63.76800  -62.86046 327.289313      99.98 1.7629e+01   1579.667      37913          5  0.000e+00
    227.761    225.424     1.4661  30.128479     1.4665  30.127590     4.2659     4.2350    -0.0077    99.4291 1.0000e-12  -63.76800  -62.86046 327.289314      99.98 1.7629e+01   1579.708      37914          5  0.000e+00
    227.830    225.492     1.4664  30.129131     1.4666  30.127648     4.2654     4.2312    -0.0077    99.4291 1.0000e-12  -63.76800  -62.86046 327.289314     100.00 1.7629e+01   1579.750      37915          5  0.000e+00
    227.322    224.990     1.4694  30.129603     1.4690  30.127820     4.2756     4.2367    -0.0077    99.4291 1.0000e-12  -63.76800  -62.86046 327.289328      99.98 1.7629e+01   1580.917      37943          6  0.000e+00
    227.198    224.867     1.4694  30.129484     1.4692  30.127472     4.2831     4.2364    -0.0077    99.4291 1.0000e-12  -63.76800  -62.86046 327.289328      99.98 1.7629e+01   1580.958      37944          6  0.000e+00
    227.301    224.969     1.4697  30.129307     1.4692  30.127357     4.2797     4.2363    -0.0077    99.4291 1.0000e-12  -63.76800  -62.86046 327.289329     100.00 1.7629e+01   1581.000      37945          6  0.000e+00
    227.219    224.888     1.4697  30.129662     1.4692  30.127530     4.2805     4.2368    -0.0077    99.4291 1.0000e-12  -63.76800  -62.86046 327.289329     100.00 1.7629e+01   1581.042      37946          6  0.000e+00
    227.198    224.867     1.4696  30.129840     1.4692  30.127820     4.2744     4.2375    -0.0077    99.4291 1.0000e-12  -63.76800  -62.86046 327.289330      99.95 1.7629e+01   1581.083      37947          6  0.000e+00
    227.171    224.840     1.4700  30.129543     1.4694  30.127704     4.2795     4.2381    -0.0077    99.4548 1.0000e-12  -63.76800  -62.86046 327.289330      99.98 1.7629e+01   1581.125      37948          6  0.000e+00
    227.198    224.867     1.4699  30.129543     1.4694  30.127820     4.2804     4.2381    -0.0004    99.4291 1.0000e-12  -63.76800  -62.86046 327.289331      99.98 1.7629e+01   1581.167      37949          6  0.000e+00
    227.253    224.922     1.4699  30.129484     1.4695  30.127762     4.2744     4.2380    -0.0004    99.4291 1.0000e-12  -63.76800  -62.86046 327.289331     100.00 1.7629e+01   1581.208      37950          6  0.000e+00
    227.116    224.786     1.4699  30.129484     1.4694  30.127877     4.2726     4.2386    -0.0004    99.4291 1.0000e-12  -63.76800  -62.86046 327.289332     100.00 1.7629e+01   1581.250      37951          6  0.000e+00
    227.150    224.820     1.4702  30.129543     1.4694  30.127704     4.2722     4.2386    -0.0004    99.4291 1.0000e-12  -63.76800  -62.86046 327.289332      99.98 1.7629e+01   1581.292      37952          6  0.000e+00
    227.150    224.820     1.4696  30.129306     1.4692  30.128051     4.2762     4.2385    -0.0004    99.4291 1.0000e-12  -63.76800  -62.86046 327.289333      99.98 1.7629e+01   1581.333      37953          6  0.000e+00
    227.116    224.786     1.4697  30.129069     1.4692  30.127762     4.2757     4.2385    -0.0004    99.4291 1.0000e-12  -63.76800  -62.86046 327.289333      99.98 1.7629e+01   1581.375      37954          6  0.000e+00
    227.095    224.766     1.4697  30.129188     1.4693  30.127646     4.2696     4.2384    -0.0004    99.4291 1.0000e-12  -63.76800  -62.86046 327.289334      99.95 1.7629e+01   1581.417      37955          6  0.000e+00
    227.116    224.786     1.4696  30.129247     1.4692  30.127414     4.2679     4.2383    -0.0004    99.4291 1.0000e-12  -63.76800  -62.86046 327.289334      99.98 1.7629e+01   1581.458      37956          6  0.000e+00
    227.095    224.766     1.4697  30.129247     1.4692  30.127356     4.2730     4.2383    -0.0004    99.4291 1.0000e-12  -63.76800  -62.86046 327.289334     100.00 1.7629e+01   1581.500      37957          6  0.000e+00
    227.047    224.718     1.4699  30.129661     1.4694  30.127588     4.2737     4.2381    -0.0004    99.4291 1.0000e-12  -63.76800  -62.86046 327.289335     100.00 1.7629e+01   1581.542      37958          6  0.000e+00
    227.068    224.739     1.4699  30.129602     1.4694  30.127819     4.2745     4.2381    -0.0004    99.4291 1.0000e-12  -63.76800  -62.86046 327.289335      99.95 1.7629e+01   1581.583      37959          6  0.000e+00
    227.047    224.718     1.4700  30.129721     1.4695  30.127935     4.2684     4.2380    -0.0004    99.4291 1.0000e-12  -63.76800  -62.86046 327.289336      99.95 1.7629e+01   1581.625      37960          6  0.000e+00
    227.068    224.739     1.4700  30.129780     1.4696  30.127935     4.2679     4.2379    -0.0004    99.4291 1.0000e-12  -63.76800  -62.86046 327.289336      99.98 1.7629e+01   1581.667      37961          6  0.000e+00
    226.999    224.671     1.4699  30.129424     1.4697  30.128108     4.2718     4.2378    -0.0004    99.4291 1.0000e-12  -63.76800  -62.86046 327.289337      99.98 1.7629e+01   1581.708      37962          6  0.000e+00
    227.047    224.718     1.4702  30.129661     1.4700  30.128398     4.2712     4.2386    -0.0004    99.4033 1.0000e-12  -63.76800  -62.86046 327.289337     100.00 1.7629e+01   1581.750      37963          6  0.000e+00
    226.965    224.637     1.4699  30.129424     1.4701  30.128455     4.2707     4.2385    -0.0004    99.4291 1.0000e-12  -63.76800  -62.86046 327.289338     100.00 1.7629e+01   1581.792      37964          6  0.000e+00
    227.048    224.718     1.4700  30.129661     1.4699  30.128282     4.2645     4.2385    -0.0004    99.4291 1.0000e-12  -63.76800  -62.86046 327.289338      99.98 1.7629e+01   1581.833      37965          6  0.000e+00
    226.965    224.637     1.4699  30.129543     1.4699  30.128398     4.2695     4.2384    -0.0004    99.4033 1.0000e-12  -63.76800  -62.86046 327.289339      99.98 1.7629e+01   1581.875      37966          6  0.000e+00
    226.999    224.671     1.4698  30.129780     1.4699  30.128455     4.2757     4.2384    -0.0004    99.4033 1.0000e-12  -63.76800  -62.86046 327.289339      99.98 1.7629e+01   1581.917      37967          6  0.000e+00
    226.945    224.616     1.4700  30.129543     1.4699  30.128050     4.2720     4.2384    -0.0004    99.4291 1.0000e-12  -63.76800  -62.86046 327.289340      99.98 1.7629e+01   1581.958      37968          6  0.000e+00
    226.965    224.637     1.4699  30.129543     1.4699  30.128108     4.2658     4.2383    -0.0004    99.4291 1.0000e-12  -63.76800  -62.86046 327.289340     100.00 1.7629e+01   1582.000      37969          6  0.000e+00
    227.000    224.671     1.4700  30.129484     1.4699  30.128224     4.2665     4.2383    -0.0004    99.4033 1.0000e-12  -63.76800  -62.86046 327.289341      99.98 1.7629e+01   1582.042      37970          6  0.000e+00
    226.965    224.637     1.4699  30.129306     1.4699  30.127992     4.2715     4.2435    -0.0004    99.4291 1.0000e-12  -63.76800  -62.86046 327.289341      99.95 1.7629e+01   1582.083      37971          6  0.000e+00
    226.945    224.616     1.4699  30.129424     1.4694  30.128166     4.2764     4.2390    -0.0004    99.4033 1.0000e-12  -63.76800  -62.86046 327.289342      99.95 1.7629e+01   1582.125      37972          6  0.000e+00
    226.842    224.514     1.4700  30.129305     1.4697  30.128224     4.2769     4.2389    -0.0004    99.4291 1.0000e-12  -63.76800  -62.86046 327.289342      99.98 1.7629e+01   1582.167      37973          6  0.000e+00
    227.013    224.684     1.4696  30.129069     1.4697  30.128224     4.2720     4.2389    -0.0004    99.4033 1.0000e-12  -63.76800  -62.86046 327.289343     100.00 1.7629e+01   1582.208      37974          6  0.000e+00
    226.945    224.616     1.4692  30.128714     1.4697  30.128397     4.2780     4.2388    -0.0077    99.4291 1.0000e-12  -63.76800  -62.86046 327.289343     100.00 1.7629e+01   1582.250      37975          6  0.000e+00
    226.910    224.583     1.4692  30.128713     1.4694  30.128282     4.2741     4.2387    -0.0150    99.4033 1.0000e-12  -63.76800  -62.86046 327.289344     100.00 1.7629e+01   1582.292      37976          6  0.000e+00
    226.945    224.617     1.4691  30.128891     1.4695  30.127992     4.2677     4.2387    -0.0150    99.4033 1.0000e-12  -63.76800  -62.86046 327.289344     100.00 1.7629e+01   1582.333      37977          6  0.000e+00
    226.897    224.569     1.4692  30.128950     1.4687  30.127935     4.2656     4.2387    -0.0150    99.4033 1.0000e-12  -63.76800  -62.86046 327.289345      99.98 1.7629e+01   1582.375      37978          6  0.000e+00
    226.910    224.583     1.4692  30.128773     1.4686  30.127761     4.2648     4.2386    -0.0150    99.4291 1.0000e-12  -63.76800  -62.86046 327.289345      99.98 1.7629e+01   1582.417      37979          6  0.000e+00
    226.945    224.617     1.4690  30.129128     1.4681  30.127877     4.2696     4.2386    -0.0150    99.4033 1.0000e-12  -63.76800  -62.86046 327.289346      99.98 1.7629e+01   1582.458      37980          6  0.000e+00
    226.910    224.583     1.4689  30.129069     1.4685  30.127472     4.2700     4.2385    -0.0150    99.4033 1.0000e-12  -63.76800  -62.86046 327.289346     100.00 1.7629e+01   1582.500      37981          6  0.000e+00
    226.897    224.569     1.4689  30.128713     1.4683  30.127530     4.2705     4.2385    -0.0150    99.4033 1.0000e-12  -63.76800  -62.86046 327.289347     100.00 1.7629e+01   1582.542      37982          6  0.000e+00
    226.945    224.617     1.4691  30.128832     1.4678  30.127819     4.2709     4.2385    -0.0150    99.4033 1.0000e-12  -63.76800  -62.86046 327.289347      99.95 1.7629e+01   1582.583      37983          6  0.000e+00
    226.910    224.583     1.4688  30.128595     1.4682  30.127472     4.2782     4.2383    -0.0150    99.4033 1.0000e-12  -63.76800  -62.86046 327.289348      99.95 1.7629e+01   1582.625      37984          6  0.000e+00
    226.897    224.569     1.4691  30.129010     1.4678  30.127530     4.2744     4.2383    -0.0150    99.4033 1.0000e-12  -63.76800  -62.86046 327.289348     100.00 1.7629e+01   1582.667      37985          6  0.000e+00
    226.862    224.535     1.4691  30.129069     1.4685  30.127645     4.2748     4.2390    -0.0150    99.4033 1.0000e-12  -63.76800  -62.86046 327.289348     100.00 1.7629e+01   1582.708      37986          6  0.000e+00
