NBP2113_155081_ctd/data/nbp2113_068.cnv
* Sea-Bird SBE 9 Data File:
* FileName = D:\Data\raw\NBP2113_068.hex
* Software Version Seasave V 7.26.7.121
* Temperature SN = 2438
* Conductivity SN = 2067
* Number of Bytes Per Scan = 40
* Number of Voltage Words = 5
* Number of Scans Averaged by the Deck Unit = 1
* NMEA Latitude = 63 34.55 S
* NMEA Longitude = 060 41.64 W
* NMEA UTC (Time) = Dec 15 2021  00:43:21
* NMEA baud rate = 9600
** Ship: RVIB N.B. Palmer
** Cruise: NBP2113 LTER
** Station: 831.-002
** Operator: S. Blackman
# nquan = 25
# nvalues = 1144                        
# units = specified
# name 0 = prDM: Pressure, Digiquartz [db]
# name 1 = depSM: Depth [salt water, m]
# name 2 = t090C: Temperature [ITS-90, deg C]
# name 3 = c0mS/cm: Conductivity [mS/cm]
# name 4 = t190C: Temperature, 2 [ITS-90, deg C]
# name 5 = c1mS/cm: Conductivity, 2 [mS/cm]
# name 6 = sbeox0ML/L: Oxygen, SBE 43 [ml/l]
# name 7 = sbeox1ML/L: Oxygen, SBE 43, 2 [ml/l]
# name 8 = flECO-AFL: Fluorescence, WET Labs ECO-AFL/FL [mg/m^3]
# name 9 = CStarTr0: Beam Transmission, WET Labs C-Star [%]
# name 10 = par: PAR/Irradiance, Biospherical/Licor
# name 11 = latitude: Latitude [deg]
# name 12 = longitude: Longitude [deg]
# name 13 = timeJ: Julian Days
# name 14 = altM: Altimeter [m]
# name 15 = spar: SPAR, Biospherical/Licor
# name 16 = timeS: Time, Elapsed [seconds]
# name 17 = scan: Scan Count
# name 18 = density00: Density [density, kg/m^3]
# name 19 = density11: Density, 2 [density, kg/m^3]
# name 20 = sal00: Salinity, Practical [PSU]
# name 21 = sal11: Salinity, Practical, 2 [PSU]
# name 22 = oxsolML/L: Oxygen Saturation, Garcia & Gordon [ml/l]
# name 23 = nbin: number of scans per bin
# name 24 = flag: flag
# span 0 =      1.000,    577.000       
# span 1 =      0.990,    570.606       
# span 2 =    -1.1726,     0.0050       
# span 3 =  27.755287,  28.443284       
# span 4 =    -1.1746,     0.0046       
# span 5 =  27.753990,  28.440998       
# span 6 =     5.4760,    16.5101       
# span 7 =     6.7772,     9.1118       
# span 8 =    -0.0146,     1.9024       
# span 9 =    81.2310,    89.7946       
# span 10 = -5.999e-05, 2.0674e+01      
# span 11 =  -63.57604,  -63.57525      
# span 12 =  -60.69408,  -60.69382      
# span 13 = 349.034353, 349.057509      
# span 14 =      -0.14,     100.73      
# span 15 = 1.7629e+01, 4.4094e+01      
# span 16 =    367.091,   2367.766      
# span 17 =       8811,      56827      
# span 18 =  1027.4628,  1030.5115      
# span 19 =  1027.4614,  1030.5092      
# span 20 =    34.1958,    34.5049      
# span 21 =    34.1940,    34.5027      
# span 22 =    8.05433,    8.29064      
# span 23 =         14,         48      
# span 24 = 0.0000e+00, 0.0000e+00      
# interval = decibars: 1                
# start_time = Dec 15 2021 00:43:21 [NMEA time, header]
# bad_flag = -9.990e-29
*END*
     10.000      9.903    -0.0702  28.406719    -0.0697  28.404672     7.5205     7.5782     1.5414    82.8303 7.5567e+00  -63.57604  -60.69406 349.034353      99.96 4.0546e+01    367.091       8811  1027.5408  1027.5382    34.2361    34.2329    8.06790         26 0.0000e+00
     11.000     10.894    -0.0716  28.405229    -0.0708  28.403644     7.4973     7.5719     1.3904    82.8613 6.5790e+00  -63.57604  -60.69403 349.034381      99.97 4.0546e+01    369.539       8870  1027.5449  1027.5424    34.2351    34.2321    8.06826         38 0.0000e+00
     12.000     11.884    -0.0726  28.405241    -0.0718  28.403597     7.5163     7.5750     1.4726    82.8113 6.0705e+00  -63.57604  -60.69402 349.034416      99.97 4.0546e+01    372.513       8941  1027.5502  1027.5477    34.2357    34.2325    8.06845         36 0.0000e+00
     13.000     12.870    -0.0727  28.405551    -0.0719  28.403957     7.5176     7.5739     1.4502    82.8365 5.4230e+00  -63.57604  -60.69404 349.034455      99.97 4.0546e+01    375.904       9023  1027.5550  1027.5524    34.2356    34.2325    8.06848         32 0.0000e+00
     14.000     13.864    -0.0729  28.405931    -0.0722  28.404297     7.5129     7.5767     1.5512    82.8242 4.5968e+00  -63.57604  -60.69399 349.034510      99.97 4.0546e+01    380.669       9137  1027.5598  1027.5574    34.2357    34.2328    8.06851         34 0.0000e+00
     15.000     14.853    -0.0745  28.405987    -0.0738  28.404427     7.5183     7.5817     1.5159    82.8634 4.3405e+00  -63.57603  -60.69398 349.034526      99.58 4.0546e+01    382.019       9169  1027.5657  1027.5633    34.2370    34.2340    8.06878         30 0.0000e+00
     16.000     15.844    -0.0753  28.406205    -0.0744  28.404612     7.5145     7.5843     1.4932    82.8739 3.8922e+00  -63.57602  -60.69399 349.034542      99.96 4.0546e+01    383.421       9203  1027.5710  1027.5684    34.2376    34.2344    8.06891         37 0.0000e+00
     17.000     16.834    -0.0752  28.406768    -0.0740  28.405286     7.5199     7.5793     1.3891    82.9040 3.2718e+00  -63.57602  -60.69400 349.034578      89.51 4.0546e+01    386.567       9279  1027.5758  1027.5730    34.2376    34.2342    8.06889         29 0.0000e+00
     18.000     17.824    -0.0754  28.407130    -0.0745  28.405616     7.5219     7.5769     1.4283    82.9051 2.8186e+00  -63.57602  -60.69397 349.034613      95.22 3.9524e+01    389.563       9351  1027.5806  1027.5781    34.2376    34.2346    8.06892         39 0.0000e+00
     19.000     18.815    -0.0750  28.407617    -0.0745  28.406051     7.5061     7.5794     1.4415    82.9023 2.7115e+00  -63.57602  -60.69396 349.034631     100.05 3.9059e+01    391.143       9388  1027.5850  1027.5828    34.2373    34.2345    8.06887         34 0.0000e+00
     20.000     19.805    -0.0744  28.408325    -0.0736  28.406671     7.4969     7.5804     1.4599    82.8950 2.5681e+00  -63.57602  -60.69396 349.034651      99.97 4.0509e+01    392.846       9429  1027.5894  1027.5868    34.2369    34.2338    8.06875         43 0.0000e+00
     21.000     20.792    -0.0738  28.408923    -0.0732  28.407240     7.5115     7.5828     1.4929    82.9079 2.2463e+00  -63.57602  -60.69398 349.034682      96.16 4.0546e+01    395.499       9493  1027.5937  1027.5914    34.2364    34.2335    8.06866         26 0.0000e+00
     22.000     21.790    -0.0734  28.409442    -0.0727  28.407806     7.5161     7.5809     1.4808    82.8809 2.0443e+00  -63.57601  -60.69398 349.034725      98.08 4.0546e+01    399.241       9583  1027.5982  1027.5957    34.2361    34.2330    8.06860         27 0.0000e+00
     23.000     22.776    -0.0745  28.409569    -0.0734  28.408065     7.5200     7.5833     1.3532    82.8727 1.8920e+00  -63.57600  -60.69398 349.034755      99.98 4.0546e+01    401.810       9644  1027.6037  1027.6011    34.2368    34.2336    8.06878         34 0.0000e+00
     24.000     23.762    -0.0757  28.409651    -0.0749  28.408122     7.5247     7.5787     1.4681    82.8885 1.7164e+00  -63.57600  -60.69398 349.034785      99.97 4.0693e+01    404.444       9708  1027.6092  1027.6068    34.2376    34.2347    8.06898         35 0.0000e+00
     25.000     24.757    -0.0753  28.410272    -0.0745  28.408656     7.5203     7.5759     1.4787    82.8834 1.6454e+00  -63.57600  -60.69399 349.034816      99.97 4.2145e+01    407.113       9772  1027.6137  1027.6112    34.2374    34.2344    8.06891         37 0.0000e+00
     26.000     25.743    -0.0750  28.410812    -0.0744  28.409193     7.5094     7.5780     1.4598    82.9220 1.4865e+00  -63.57600  -60.69402 349.034851      99.96 4.2330e+01    410.118       9844  1027.6183  1027.6159    34.2372    34.2343    8.06886         25 0.0000e+00
     27.000     26.736    -0.0750  28.411121    -0.0744  28.409545     7.5169     7.5722     1.3969    82.9121 1.2687e+00  -63.57600  -60.69402 349.034896      99.97 4.2309e+01    414.045       9938  1027.6230  1027.6207    34.2370    34.2343    8.06888         36 0.0000e+00
     28.000     27.727    -0.0747  28.411672    -0.0741  28.410061     7.5100     7.5764     1.3520    82.9312 1.2360e+00  -63.57600  -60.69404 349.034921      99.97 4.2309e+01    416.151       9989  1027.6275  1027.6251    34.2368    34.2339    8.06883         43 0.0000e+00
     29.000     28.716    -0.0748  28.412038    -0.0739  28.410453     7.5159     7.5754     1.4297    82.8990 1.0409e+00  -63.57599  -60.69406 349.034971      99.96 4.2309e+01    420.512      10093  1027.6323  1027.6297    34.2368    34.2337    8.06885         38 0.0000e+00
     30.000     29.705    -0.0747  28.412540    -0.0743  28.410938     7.5177     7.5760     1.3155    82.8829 8.9603e-01  -63.57598  -60.69406 349.035003      99.97 4.1450e+01    423.262      10159  1027.6370  1027.6349    34.2367    34.2341    8.06883         23 0.0000e+00
     31.000     30.699    -0.0744  28.413293    -0.0741  28.411491     7.5083     7.5744     1.2779    82.9228 8.5505e-01  -63.57598  -60.69406 349.035014      99.97 4.0563e+01    424.211      10182  1027.6417  1027.6396    34.2368    34.2341    8.06876         26 0.0000e+00
     32.000     31.685    -0.0736  28.413723    -0.0732  28.412133     7.5035     7.5761     1.4026    82.9133 8.0458e-01  -63.57600  -60.69407 349.035041      99.97 4.0546e+01    426.513      10237  1027.6458  1027.6436    34.2359    34.2333    8.06865         32 0.0000e+00
     33.000     32.677    -0.0745  28.413954    -0.0730  28.412559     7.5164     7.5786     1.5655    82.8730 6.6344e-01  -63.57598  -60.69407 349.035104      99.97 4.0546e+01    432.008      10369  1027.6511  1027.6482    34.2365    34.2330    8.06879         36 0.0000e+00
     34.000     33.668    -0.0741  28.414550    -0.0723  28.413265     7.5111     7.5777     1.5094    82.8991 6.6450e-01  -63.57600  -60.69406 349.035122      99.97 4.0546e+01    433.584      10407  1027.6557  1027.6526    34.2363    34.2326    8.06873         26 0.0000e+00
     35.000     34.657    -0.0718  28.415437    -0.0695  28.414270     7.5019     7.5790     1.3842    82.8951 6.2680e-01  -63.57600  -60.69406 349.035135      99.97 4.0546e+01    434.654      10433  1027.6586  1027.6551    34.2342    34.2301    8.06835         28 0.0000e+00
     36.000     35.649    -0.0733  28.415675    -0.0728  28.414165     7.5084     7.5778     1.3994    82.8781 5.2491e-01  -63.57599  -60.69406 349.035190      99.97 4.0546e+01    439.403      10547  1027.6647  1027.6625    34.2356    34.2330    8.06859         38 0.0000e+00
     37.000     36.637    -0.0747  28.415875    -0.0738  28.414266     7.5041     7.5859     1.5182    82.8844 4.8380e-01  -63.57598  -60.69405 349.035232      99.97 4.0546e+01    443.059      10634  1027.6705  1027.6680    34.2369    34.2338    8.06882         36 0.0000e+00
     38.000     37.628    -0.0749  28.416177    -0.0741  28.414612     7.5029     7.5828     1.5368    82.8857 4.6548e-01  -63.57598  -60.69404 349.035249      99.97 4.0546e+01    444.512      10669  1027.6753  1027.6728    34.2369    34.2339    8.06886         32 0.0000e+00
     39.000     38.617    -0.0742  28.416747    -0.0737  28.415214     7.5018     7.5817     1.4388    82.9073 4.0858e-01  -63.57598  -60.69404 349.035289      99.97 4.1997e+01    448.006      10753  1027.6795  1027.6774    34.2362    34.2337    8.06874         36 0.0000e+00
     40.000     39.609    -0.0732  28.417497    -0.0718  28.416159     7.5062     7.5765     1.3616    82.9053 3.5807e-01  -63.57598  -60.69402 349.035332      99.97 4.2301e+01    451.645      10840  1027.6836  1027.6808    34.2355    34.2322    8.06858         24 0.0000e+00
     41.000     40.598    -0.0740  28.417773    -0.0707  28.417079     7.5145     7.5790     1.4087    82.8851 3.3306e-01  -63.57598  -60.69401 349.035346      99.97 4.2309e+01    452.873      10870  1027.6889  1027.6850    34.2361    34.2315    8.06870         29 0.0000e+00
     42.000     41.588    -0.0722  28.418844    -0.0712  28.417340     7.5034     7.5794     1.4911    82.7854 3.0144e-01  -63.57600  -60.69402 349.035399      99.97 4.3612e+01    457.513      10981  1027.6926  1027.6901    34.2349    34.2318    8.06839         32 0.0000e+00
     43.000     42.578    -0.0747  28.418460    -0.0740  28.416894     7.4990     7.5774     1.4903    82.8200 2.6171e-01  -63.57600  -60.69400 349.035430      99.97 4.4094e+01    460.163      11045  1027.6990  1027.6966    34.2367    34.2338    8.06884         42 0.0000e+00
     44.000     43.569    -0.0745  28.418950    -0.0739  28.417369     7.5072     7.5802     1.4783    82.8611 2.3529e-01  -63.57600  -60.69398 349.035453      99.97 4.4072e+01    462.124      11092  1027.7036  1027.7013    34.2364    34.2337    8.06880         38 0.0000e+00
     45.000     44.561    -0.0748  28.419158    -0.0740  28.417765     7.5044     7.5832     1.4947    82.8684 2.2132e-01  -63.57600  -60.69398 349.035480      99.97 4.4072e+01    464.432      11147  1027.7084  1027.7060    34.2365    34.2337    8.06887         39 0.0000e+00
     46.000     45.551    -0.0742  28.419940    -0.0733  28.418529     7.5029     7.5762     1.4408    82.8741 2.0036e-01  -63.57600  -60.69398 349.035525      99.97 4.3440e+01    468.339      11241  1027.7129  1027.7105    34.2362    34.2334    8.06875         36 0.0000e+00
     47.000     46.538    -0.0717  28.421057    -0.0717  28.419358     7.4887     7.5725     1.4959    82.8569 1.7129e-01  -63.57600  -60.69398 349.035556      99.97 4.2316e+01    471.017      11305  1027.7159  1027.7140    34.2343    34.2320    8.06833         34 0.0000e+00
     48.000     47.528    -0.0688  28.422314    -0.0683  28.420719     7.4982     7.5679     1.4932    82.8443 1.5834e-01  -63.57600  -60.69396 349.035601      99.97 4.2307e+01    474.893      11398  1027.7187  1027.7165    34.2320    34.2294    8.06784         34 0.0000e+00
     49.000     48.519    -0.0686  28.423026    -0.0683  28.421400     7.5031     7.5740     1.5016    82.8283 1.4217e-01  -63.57600  -60.69397 349.035614      99.97 4.2309e+01    476.028      11426  1027.7236  1027.7215    34.2322    34.2297    8.06780         27 0.0000e+00
     50.000     49.510    -0.0695  28.423279    -0.0688  28.421730     7.5035     7.5683     1.4613    82.8474 1.2417e-01  -63.57600  -60.69399 349.035640      99.97 4.2309e+01    478.264      11479  1027.7290  1027.7266    34.2330    34.2301    8.06795         38 0.0000e+00
     51.000     50.498    -0.0711  28.423368    -0.0703  28.421867     7.5084     7.5695     1.4637    82.8292 1.0095e-01  -63.57602  -60.69402 349.035701      99.97 4.2309e+01    483.578      11607  1027.7349  1027.7326    34.2343    34.2314    8.06821         35 0.0000e+00
     52.000     51.489    -0.0748  28.422583    -0.0752  28.420689     7.5116     7.5689     1.4962    82.8705 9.1020e-02  -63.57602  -60.69402 349.035719      99.97 4.2309e+01    485.137      11644  1027.7420  1027.7404    34.2367    34.2347    8.06884         35 0.0000e+00
     53.000     52.480    -0.0775  28.422019    -0.0779  28.420223     7.5035     7.5682     1.5236    82.8696 8.6930e-02  -63.57602  -60.69402 349.035740      99.97 4.2309e+01    486.917      11687  1027.7483  1027.7468    34.2384    34.2364    8.06932         43 0.0000e+00
     54.000     53.467    -0.0776  28.422207    -0.0768  28.420747     7.5000     7.5762     1.4372    82.9993 7.0683e-02  -63.57602  -60.69405 349.035788      99.97 4.2309e+01    491.088      11787  1027.7529  1027.7506    34.2381    34.2354    8.06935         30 0.0000e+00
     55.000     54.460    -0.0915  28.418034    -0.0934  28.415657     7.5039     7.5716     1.4931    83.0008 5.7794e-02  -63.57602  -60.69404 349.035825      99.97 4.2309e+01    494.250      11863  1027.7663  1027.7656    34.2476    34.2466    8.07176         38 0.0000e+00
     56.000     55.449    -0.1134  28.410279    -0.1142  28.407829     7.5168     7.5787     1.5470    83.0142 5.5535e-02  -63.57602  -60.69404 349.035843      99.97 4.2309e+01    495.799      11900  1027.7837  1027.7818    34.2613    34.2589    8.07561         38 0.0000e+00
     57.000     56.438    -0.1223  28.404852    -0.1213  28.403736     7.5126     7.5793     1.4395    83.2501 4.8671e-02  -63.57602  -60.69404 349.035875      99.97 4.2309e+01    498.628      11968  1027.7906  1027.7884    34.2634    34.2608    8.07737         34 0.0000e+00
     58.000     57.430    -0.1336  28.397968    -0.1342  28.395529     7.4985     7.5794     1.3358    83.5472 3.2648e-02  -63.57602  -60.69402 349.035935      99.97 4.2309e+01    503.815      12093  1027.7981  1027.7962    34.2663    34.2637    8.07958         35 0.0000e+00
     59.000     58.419    -0.1359  28.396413    -0.1357  28.394506     7.4944     7.5771     1.3729    83.6401 2.8371e-02  -63.57602  -60.69402 349.035954      99.97 4.2212e+01    505.395      12130  1027.8029  1027.8007    34.2663    34.2634    8.08009         36 0.0000e+00
     60.000     59.410    -0.1378  28.395539    -0.1366  28.394389     7.4952     7.5744     1.3069    83.7071 2.0493e-02  -63.57602  -60.69402 349.035988      99.96 4.0712e+01    508.397      12203  1027.8079  1027.8055    34.2666    34.2637    8.08046         35 0.0000e+00
     61.000     60.398    -0.1406  28.394012    -0.1399  28.392570     7.4935     7.5655     1.3492    83.7742 1.3018e-02  -63.57602  -60.69401 349.036024      99.97 4.0548e+01    511.510      12277  1027.8131  1027.8109    34.2671    34.2644    8.08103         46 0.0000e+00
     62.000     61.390    -0.1425  28.393212    -0.1416  28.391923     7.4897     7.5627     1.3907    83.8384 8.8966e-03  -63.57602  -60.69399 349.036052      99.97 4.0546e+01    513.863      12334  1027.8182  1027.8160    34.2675    34.2648    8.08140         37 0.0000e+00
     63.000     62.379    -0.1582  28.383010    -0.1560  28.382886     7.4841     7.5668     1.3286    83.8966 4.1860e-03  -63.57602  -60.69399 349.036081      99.97 4.0546e+01    516.413      12395  1027.8270  1027.8246    34.2711    34.2684    8.08454         41 0.0000e+00
     64.000     63.370    -0.1629  28.379544    -0.1627  28.377711     7.4904     7.5574     1.3229    84.1118 -5.999e-05  -63.57602  -60.69400 349.036133      99.97 4.0546e+01    520.918      12503  1027.8317  1027.8298    34.2710    34.2684    8.08552         38 0.0000e+00
     65.000     64.359    -0.1752  28.371913    -0.1704  28.373636     7.4801     7.5542     1.2929    84.1259 1.0000e-12  -63.57602  -60.69399 349.036152      99.97 4.0546e+01    522.543      12542  1027.8399  1027.8371    34.2742    34.2710    8.08796         40 0.0000e+00
     66.000     65.349    -0.1984  28.356100    -0.1965  28.355805     7.4763     7.5487     1.3108    84.1604 1.0000e-12  -63.57602  -60.69400 349.036175      99.97 4.0546e+01    524.500      12589  1027.8498  1027.8477    34.2785    34.2759    8.09262         40 0.0000e+00
