NBP2113_155081_ctd/data/nbp2113_064.ros
* Sea-Bird SBE 9 Data File:
* FileName = D:\Data\raw\NBP2113_064.hex
* Software Version Seasave V 7.26.7.121
* Temperature SN = 2438
* Conductivity SN = 2067
* Number of Bytes Per Scan = 40
* Number of Voltage Words = 5
* Number of Scans Averaged by the Deck Unit = 1
* NMEA Latitude = 64 10.41 S
* NMEA Longitude = 061 58.85 W
* NMEA UTC (Time) = Dec 14 2021  13:32:28
* NMEA baud rate = 9600
** Ship: RVIB N.B. Palmer
** Cruise: NBP2113 LTER
** Station: 739.006
** Operator: B. Urmston
# nquan = 20
# nvalues = 580                                   
# units = specified
# name 0 = prDM: Pressure, Digiquartz [db]
# name 1 = depSM: Depth [salt water, m]
# name 2 = t090C: Temperature [ITS-90, deg C]
# name 3 = c0mS/cm: Conductivity [mS/cm]
# name 4 = t190C: Temperature, 2 [ITS-90, deg C]
# name 5 = c1mS/cm: Conductivity, 2 [mS/cm]
# name 6 = sbeox0ML/L: Oxygen, SBE 43 [ml/l]
# name 7 = sbeox1ML/L: Oxygen, SBE 43, 2 [ml/l]
# name 8 = flECO-AFL: Fluorescence, WET Labs ECO-AFL/FL [mg/m^3]
# name 9 = CStarTr0: Beam Transmission, WET Labs C-Star [%]
# name 10 = par: PAR/Irradiance, Biospherical/Licor
# name 11 = latitude: Latitude [deg]
# name 12 = longitude: Longitude [deg]
# name 13 = timeJ: Julian Days
# name 14 = altM: Altimeter [m]
# name 15 = spar: SPAR, Biospherical/Licor
# name 16 = timeS: Time, Elapsed [seconds]
# name 17 = scan: Scan Count
# name 18 = nbf: Bottles Fired
# name 19 = flag:  0.000e+00
# interval = seconds: 0.0416667
# start_time = Dec 14 2021 13:32:28 [NMEA time, header]
# bad_flag = -9.990e-29
*END*
    799.733    790.416    -0.6683  28.478350    -0.6685  28.477089     6.0233     6.0977    -0.0150    91.0089 1.0000e-12  -64.17346  -61.97990 348.581502      10.21 4.3014e+02   1493.792      35852          1  0.000e+00
    799.747    790.430    -0.6685  28.478350    -0.6682  28.477486     6.0280     6.0976    -0.0150    91.0089 1.0000e-12  -64.17346  -61.97990 348.581503      10.21 4.3014e+02   1493.833      35853          1  0.000e+00
    799.747    790.430    -0.6683  28.478582    -0.6684  28.477089     6.0294     6.0976    -0.0150    91.0089 1.0000e-12  -64.17346  -61.97990 348.581503      10.21 4.3014e+02   1493.875      35854          1  0.000e+00
    799.747    790.430    -0.6685  28.478350    -0.6685  28.476976     6.0291     6.0975    -0.0150    91.0089 1.0000e-12  -64.17346  -61.97990 348.581504      10.21 4.3014e+02   1493.917      35855          1  0.000e+00
    799.747    790.430    -0.6684  28.478582    -0.6685  28.477372     6.0219     6.0975    -0.0150    91.0089 1.0000e-12  -64.17346  -61.97990 348.581504      10.21 4.3014e+02   1493.958      35856          1  0.000e+00
    799.747    790.430    -0.6686  28.478350    -0.6685  28.477259     6.0265     6.0974    -0.0150    91.0089 1.0000e-12  -64.17346  -61.97990 348.581505      10.21 4.3014e+02   1494.000      35857          1  0.000e+00
    799.747    790.430    -0.6683  28.478582    -0.6684  28.476976     6.0277     6.0974    -0.0150    91.0347 1.0000e-12  -64.17346  -61.97990 348.581505      10.21 4.3014e+02   1494.042      35858          1  0.000e+00
    799.796    790.478    -0.6683  28.478582    -0.6687  28.477089     6.0291     6.0974    -0.0150    91.0089 1.0000e-12  -64.17346  -61.97990 348.581506      10.23 4.3014e+02   1494.083      35859          1  0.000e+00
    799.747    790.430    -0.6685  28.478582    -0.6684  28.477486     6.0218     6.0973    -0.0150    91.0347 1.0000e-12  -64.17346  -61.97990 348.581506      10.23 4.3014e+02   1494.125      35860          1  0.000e+00
    799.747    790.430    -0.6683  28.478582    -0.6685  28.477089     6.0263     6.0973    -0.0150    91.0089 1.0000e-12  -64.17346  -61.97990 348.581507      10.23 4.3014e+02   1494.167      35861          1  0.000e+00
    799.747    790.430    -0.6683  28.478350    -0.6687  28.477259     6.0275     6.0972    -0.0150    91.0089 1.0000e-12  -64.17346  -61.97990 348.581507      10.23 4.3014e+02   1494.208      35862          1  0.000e+00
    799.747    790.430    -0.6681  28.478350    -0.6686  28.477655     6.0220     6.0971    -0.0150    91.0089 1.0000e-12  -64.17346  -61.97990 348.581508      10.23 4.3014e+02   1494.250      35863          1  0.000e+00
    799.747    790.430    -0.6685  28.478582    -0.6684  28.476976     6.0198     6.0971    -0.0150    91.0089 1.0000e-12  -64.17346  -61.97990 348.581508      10.23 4.3014e+02   1494.292      35864          1  0.000e+00
    799.747    790.430    -0.6682  28.478582    -0.6684  28.477089     6.0175     6.0971    -0.0150    91.0089 1.0000e-12  -64.17346  -61.97990 348.581508      10.23 4.3014e+02   1494.333      35865          1  0.000e+00
    799.796    790.478    -0.6682  28.478350    -0.6685  28.477486     6.0189     6.0970    -0.0150    91.0089 1.0000e-12  -64.17346  -61.97990 348.581509      10.23 4.3014e+02   1494.375      35866          1  0.000e+00
    799.747    790.430    -0.6685  28.478582    -0.6685  28.477486     6.0186     6.0970    -0.0150    91.0347 1.0000e-12  -64.17346  -61.97990 348.581509      10.23 4.3014e+02   1494.417      35867          1  0.000e+00
    799.733    790.416    -0.6680  28.478582    -0.6682  28.477089     6.0165     6.1032    -0.0150    91.0089 1.0000e-12  -64.17346  -61.97990 348.581510      10.23 4.3014e+02   1494.458      35868          1  0.000e+00
    799.796    790.478    -0.6683  28.478582    -0.6682  28.477486     6.0145     6.1042    -0.0150    91.0089 1.0000e-12  -64.17346  -61.97990 348.581510      10.23 4.3014e+02   1494.500      35869          1  0.000e+00
    799.692    790.375    -0.6682  28.478350    -0.6681  28.477655     6.0210     6.0988    -0.0150    91.0089 1.0000e-12  -64.17346  -61.97990 348.581511      10.23 4.3014e+02   1494.542      35870          1  0.000e+00
    799.796    790.478    -0.6683  28.478872    -0.6683  28.477259     6.0158     6.0988    -0.0150    91.0089 1.0000e-12  -64.17346  -61.97990 348.581511      10.23 4.3014e+02   1494.583      35871          1  0.000e+00
    799.747    790.430    -0.6682  28.478582    -0.6681  28.477655     6.0138     6.0986    -0.0150    91.0089 1.0000e-12  -64.17346  -61.97990 348.581512      10.23 4.3014e+02   1494.625      35872          1  0.000e+00
    799.796    790.478    -0.6682  28.478582    -0.6681  28.477486     6.0119     6.0985    -0.0150    91.0089 1.0000e-12  -64.17346  -61.97990 348.581512      10.23 4.3014e+02   1494.667      35873          1  0.000e+00
    799.747    790.430    -0.6679  28.478872    -0.6681  28.477372     6.0184     6.0983    -0.0077    91.0089 1.0000e-12  -64.17346  -61.97990 348.581513      10.23 4.3014e+02   1494.708      35874          1  0.000e+00
    799.747    790.430    -0.6680  28.478582    -0.6682  28.477259     6.0200     6.0982    -0.0150    90.9832 1.0000e-12  -64.17346  -61.97990 348.581513      10.23 4.3014e+02   1494.750      35875          1  0.000e+00
    799.796    790.478    -0.6679  28.478872    -0.6681  28.477486     6.0131     6.0981    -0.0150    90.9832 1.0000e-12  -64.17346  -61.97990 348.581514      10.23 4.3014e+02   1494.792      35876          1  0.000e+00
    799.796    790.478    -0.6682  28.478350    -0.6682  28.477656     6.0112     6.0979    -0.0150    90.9832 1.0000e-12  -64.17346  -61.97990 348.581514      10.23 4.3014e+02   1494.833      35877          1  0.000e+00
    799.747    790.430    -0.6680  28.478350    -0.6679  28.477485     6.0177     6.0977    -0.0150    91.0089 1.0000e-12  -64.17346  -61.97990 348.581515      10.23 4.3014e+02   1494.875      35878          1  0.000e+00
    799.747    790.430    -0.6682  28.478872    -0.6681  28.477372     6.0126     6.0976    -0.0077    90.9832 1.0000e-12  -64.17346  -61.97990 348.581515      10.23 4.3014e+02   1494.917      35879          1  0.000e+00
    799.796    790.478    -0.6680  28.478872    -0.6681  28.477486     6.0107     6.0975    -0.0150    90.9832 1.0000e-12  -64.17346  -61.97990 348.581516      10.23 4.3014e+02   1494.958      35880          1  0.000e+00
    799.747    790.430    -0.6685  28.478350    -0.6681  28.477372     6.0088     6.0973    -0.0150    91.0089 1.0000e-12  -64.17346  -61.97990 348.581516      10.21 4.3014e+02   1495.000      35881          1  0.000e+00
    799.796    790.478    -0.6682  28.478872    -0.6682  28.477769     6.0155     6.0972    -0.0150    90.9832 1.0000e-12  -64.17346  -61.97990 348.581517      10.23 4.3014e+02   1495.042      35882          1  0.000e+00
    799.796    790.478    -0.6684  28.478582    -0.6681  28.477656     6.0172     6.0971    -0.0150    91.0089 1.0000e-12  -64.17346  -61.97990 348.581517      10.21 4.3014e+02   1495.083      35883          1  0.000e+00
    799.782    790.465    -0.6682  28.478582    -0.6682  28.477486     6.0188     6.0970    -0.0150    90.9832 1.0000e-12  -64.17346  -61.97990 348.581518      10.21 4.3014e+02   1495.125      35884          1  0.000e+00
    799.747    790.430    -0.6682  28.478582    -0.6682  28.477769     6.0119     6.0968    -0.0150    90.9832 1.0000e-12  -64.17346  -61.97990 348.581518      10.18 4.3014e+02   1495.167      35885          1  0.000e+00
    799.796    790.478    -0.6682  28.478582    -0.6681  28.477656     6.0186     6.0967    -0.0150    90.9832 1.0000e-12  -64.17346  -61.97990 348.581519      10.21 4.3014e+02   1495.208      35886          1  0.000e+00
    799.796    790.478    -0.6685  28.478582    -0.6682  28.477769     6.0204     6.0965    -0.0150    91.0089 1.0000e-12  -64.17346  -61.97990 348.581519      10.21 4.3014e+02   1495.250      35887          1  0.000e+00
    799.796    790.478    -0.6683  28.478582    -0.6681  28.477656     6.0220     6.1026    -0.0150    91.0089 1.0000e-12  -64.17346  -61.97990 348.581520      10.21 4.3014e+02   1495.292      35888          1  0.000e+00
    799.796    790.478    -0.6682  28.478582    -0.6684  28.477486     6.0151     6.0974    -0.0150    90.9832 1.0000e-12  -64.17346  -61.97990 348.581520      10.21 4.3014e+02   1495.333      35889          1  0.000e+00
    799.796    790.478    -0.6684  28.478350    -0.6682  28.477656     6.0218     6.0972    -0.0150    90.9832 1.0000e-12  -64.17346  -61.97990 348.581521      10.18 4.3014e+02   1495.375      35890          1  0.000e+00
    799.796    790.478    -0.6680  28.478582    -0.6682  28.477259     6.0234     6.0970    -0.0077    90.9832 1.0000e-12  -64.17346  -61.97990 348.581521      10.21 4.3014e+02   1495.417      35891          1  0.000e+00
    799.796    790.478    -0.6683  28.478350    -0.6684  28.477486     6.0184     6.0968    -0.0150    90.9832 1.0000e-12  -64.17346  -61.97990 348.581522      10.18 4.3014e+02   1495.458      35892          1  0.000e+00
    799.796    790.478    -0.6685  28.478350    -0.6683  28.477372     6.0166     6.0966    -0.0077    90.9832 1.0000e-12  -64.17346  -61.97990 348.581522      10.21 4.3014e+02   1495.500      35893          1  0.000e+00
    799.796    790.478    -0.6682  28.478582    -0.6684  28.476976     6.0233     6.0965    -0.0150    90.9574 1.0000e-12  -64.17346  -61.97990 348.581522      10.16 4.3014e+02   1495.542      35894          1  0.000e+00
    799.796    790.478    -0.6682  28.478582    -0.6684  28.477656     6.0251     6.0962    -0.0150    90.9574 1.0000e-12  -64.17346  -61.97990 348.581523      10.13 4.3014e+02   1495.583      35895          1  0.000e+00
    799.796    790.478    -0.6682  28.478350    -0.6684  28.477486     6.0269     6.0961    -0.0150    90.9574 1.0000e-12  -64.17346  -61.97990 348.581523      10.13 4.3014e+02   1495.625      35896          1  0.000e+00
    799.852    790.533    -0.6682  28.478350    -0.6682  28.477089     6.0201     6.0959    -0.0150    90.9574 1.0000e-12  -64.17346  -61.97990 348.581524      10.13 4.3014e+02   1495.667      35897          1  0.000e+00
    799.796    790.478    -0.6683  28.478872    -0.6681  28.477486     6.0268     6.0968    -0.0150    90.9574 1.0000e-12  -64.17346  -61.97990 348.581524      10.16 4.3014e+02   1495.708      35898          1  0.000e+00
    799.748    790.430    -0.6683  28.478582    -0.6685  28.477372     6.0218     6.0967    -0.0224    90.9574 1.0000e-12  -64.17346  -61.97990 348.581525      10.16 4.3014e+02   1495.750      35899          1  0.000e+00
    799.887    790.567    -0.6683  28.478582    -0.6684  28.477259     6.0269     6.0967    -0.0150    90.9574 1.0000e-12  -64.17346  -61.97990 348.581525      10.16 4.3014e+02   1495.792      35900          1  0.000e+00
    799.796    790.479    -0.6682  28.478582    -0.6681  28.477486     6.0293     6.0956    -0.0150    90.9832 1.0000e-12  -64.17346  -61.97990 348.581532      10.11 4.3014e+02   1496.375      35914          2  0.000e+00
    799.838    790.520    -0.6680  28.478350    -0.6682  28.477089     6.0293     6.0955    -0.0224    90.9832 1.0000e-12  -64.17346  -61.97990 348.581533      10.09 4.3014e+02   1496.417      35915          2  0.000e+00
    799.852    790.533    -0.6680  28.478350    -0.6681  28.477769     6.0292     6.0952    -0.0150    91.0089 1.0000e-12  -64.17346  -61.97990 348.581533      10.11 4.3014e+02   1496.458      35916          2  0.000e+00
    799.852    790.533    -0.6683  28.478582    -0.6682  28.477259     6.0224     6.1025    -0.0224    91.0089 1.0000e-12  -64.17346  -61.97990 348.581534      10.09 4.3014e+02   1496.500      35917          2  0.000e+00
    799.852    790.533    -0.6682  28.478582    -0.6682  28.477882     6.0272     6.0983    -0.0224    90.9832 1.0000e-12  -64.17346  -61.97990 348.581534      10.09 4.3014e+02   1496.542      35918          2  0.000e+00
    799.901    790.581    -0.6683  28.478350    -0.6682  28.477486     6.0289     6.0983    -0.0224    91.0089 1.0000e-12  -64.17346  -61.97990 348.581535      10.06 4.3014e+02   1496.583      35919          2  0.000e+00
    799.796    790.479    -0.6683  28.478582    -0.6684  28.477656     6.0218     6.0980    -0.0224    90.9832 1.0000e-12  -64.17346  -61.97990 348.581535      10.06 4.3014e+02   1496.625      35920          2  0.000e+00
    799.901    790.581    -0.6685  28.478582    -0.6681  28.477769     6.0200     6.0979    -0.0224    91.0089 1.0000e-12  -64.17346  -61.97990 348.581535      10.06 4.3014e+02   1496.667      35921          2  0.000e+00
    799.796    790.479    -0.6685  28.478582    -0.6682  28.477656     6.0246     6.0977    -0.0224    91.0089 1.0000e-12  -64.17346  -61.97990 348.581536      10.06 4.3014e+02   1496.708      35922          2  0.000e+00
    799.852    790.533    -0.6683  28.478872    -0.6681  28.477486     6.0194     6.0976    -0.0224    90.9832 1.0000e-12  -64.17346  -61.97990 348.581536      10.06 4.3014e+02   1496.750      35923          2  0.000e+00
    799.852    790.533    -0.6683  28.478060    -0.6684  28.477656     6.0261     6.0975    -0.0150    90.9832 1.0000e-12  -64.17346  -61.97990 348.581537      10.06 4.3014e+02   1496.792      35924          2  0.000e+00
    799.852    790.533    -0.6684  28.478350    -0.6682  28.477769     6.0191     6.0974    -0.0150    90.9832 1.0000e-12  -64.17346  -61.97990 348.581537      10.06 4.3014e+02   1496.833      35925          2  0.000e+00
    799.901    790.581    -0.6685  28.478582    -0.6681  28.477259     6.0239     6.0973    -0.0077    90.9832 1.0000e-12  -64.17346  -61.97990 348.581538      10.06 4.3014e+02   1496.875      35926          2  0.000e+00
    799.852    790.533    -0.6685  28.478350    -0.6682  28.477372     6.0254     6.0971    -0.0077    90.9832 1.0000e-12  -64.17346  -61.97990 348.581538      10.06 4.3014e+02   1496.917      35927          2  0.000e+00
    799.852    790.534    -0.6685  28.478350    -0.6684  28.477486     6.0184     6.0970    -0.0150    90.9832 1.0000e-12  -64.17346  -61.97990 348.581539      10.06 4.3014e+02   1496.958      35928          2  0.000e+00
    799.852    790.534    -0.6683  28.478872    -0.6682  28.477372     6.0163     6.0968    -0.0077    90.9832 1.0000e-12  -64.17346  -61.97990 348.581539      10.06 4.3014e+02   1497.000      35929          2  0.000e+00
    799.748    790.431    -0.6683  28.478350    -0.6685  28.477769     6.0209     6.0966    -0.0150    90.9832 1.0000e-12  -64.17346  -61.97990 348.581540      10.06 4.3014e+02   1497.042      35930          2  0.000e+00
    799.942    790.623    -0.6682  28.478350    -0.6683  28.477373     6.0225     6.0966    -0.0150    91.0089 1.0000e-12  -64.17346  -61.97990 348.581540      10.06 4.3014e+02   1497.083      35931          2  0.000e+00
    799.852    790.534    -0.6684  28.478872    -0.6681  28.477769     6.0239     6.0964    -0.0150    91.0089 1.0000e-12  -64.17346  -61.97990 348.581541      10.04 4.3014e+02   1497.125      35932          2  0.000e+00
    799.901    790.582    -0.6683  28.478350    -0.6682  28.477373     6.0187     6.0963    -0.0150    90.9832 1.0000e-12  -64.17346  -61.97990 348.581541      10.06 4.3014e+02   1497.167      35933          2  0.000e+00
    799.852    790.534    -0.6685  28.478582    -0.6681  28.477259     6.0234     6.0961    -0.0150    90.9832 1.0000e-12  -64.17346  -61.97990 348.581542      10.06 4.3014e+02   1497.208      35934          2  0.000e+00
    799.852    790.534    -0.6685  28.478350    -0.6681  28.477486     6.0181     6.0960    -0.0150    91.0089 1.0000e-12  -64.17346  -61.97990 348.581542      10.04 4.3014e+02   1497.250      35935          2  0.000e+00
    799.852    790.534    -0.6686  28.478350    -0.6682  28.477372     6.0179     6.0958    -0.0150    90.9832 1.0000e-12  -64.17346  -61.97990 348.581543      10.06 4.3014e+02   1497.292      35936          2  0.000e+00
