NBP2113_155081_ctd/data/nbp2113_066.ros
* Sea-Bird SBE 9 Data File:
* FileName = D:\Data\raw\NBP2113_066.hex
* Software Version Seasave V 7.26.7.121
* Temperature SN = 2438
* Conductivity SN = 2067
* Number of Bytes Per Scan = 40
* Number of Voltage Words = 5
* Number of Scans Averaged by the Deck Unit = 1
* NMEA Latitude = 64 10.22 S
* NMEA Longitude = 061 54.36 W
* NMEA UTC (Time) = Dec 14 2021  16:02:10
* NMEA baud rate = 9600
** Ship: RVIB N.B. Palmer
** Cruise: NBP2113 LTER
** Station: 742.003
** Operator: S. Blackman
# nquan = 20
# nvalues = 1176                                  
# units = specified
# name 0 = prDM: Pressure, Digiquartz [db]
# name 1 = depSM: Depth [salt water, m]
# name 2 = t090C: Temperature [ITS-90, deg C]
# name 3 = c0mS/cm: Conductivity [mS/cm]
# name 4 = t190C: Temperature, 2 [ITS-90, deg C]
# name 5 = c1mS/cm: Conductivity, 2 [mS/cm]
# name 6 = sbeox0ML/L: Oxygen, SBE 43 [ml/l]
# name 7 = sbeox1ML/L: Oxygen, SBE 43, 2 [ml/l]
# name 8 = flECO-AFL: Fluorescence, WET Labs ECO-AFL/FL [mg/m^3]
# name 9 = CStarTr0: Beam Transmission, WET Labs C-Star [%]
# name 10 = par: PAR/Irradiance, Biospherical/Licor
# name 11 = latitude: Latitude [deg]
# name 12 = longitude: Longitude [deg]
# name 13 = timeJ: Julian Days
# name 14 = altM: Altimeter [m]
# name 15 = spar: SPAR, Biospherical/Licor
# name 16 = timeS: Time, Elapsed [seconds]
# name 17 = scan: Scan Count
# name 18 = nbf: Bottles Fired
# name 19 = flag:  0.000e+00
# interval = seconds: 0.0416667
# start_time = Dec 14 2021 16:02:10 [NMEA time, header]
# bad_flag = -9.990e-29
*END*
[from data line 1014]
      4.337      4.295     0.4478  28.695264     0.4456  28.692308     7.3692     7.4762     0.6296    83.8505 3.1488e+02  -64.16754  -61.90642 348.704598      99.98 9.6958e+02   3147.250      75535         21  0.000e+00
      4.337      4.295     0.4482  28.694856     0.4456  28.692593     7.3648     7.4762     0.6223    83.8505 3.1400e+02  -64.16754  -61.90642 348.704598      99.98 9.6958e+02   3147.292      75536         21  0.000e+00
      4.275      4.234     0.4485  28.695380     0.4453  28.692308     7.3634     7.4764     0.6223    83.8505 3.1311e+02  -64.16754  -61.90642 348.704599      99.98 9.6958e+02   3147.333      75537         21  0.000e+00
      4.337      4.295     0.4480  28.695554     0.4456  28.692308     7.3679     7.4766     0.6296    83.8763 3.1311e+02  -64.16754  -61.90642 348.704599      99.93 9.6958e+02   3147.375      75538         21  0.000e+00
      4.282      4.240     0.4475  28.695147     0.4453  28.692592     7.3694     7.4767     0.6296    83.8505 3.1311e+02  -64.16754  -61.90642 348.704600      99.93 9.6958e+02   3147.417      75539         21  0.000e+00
      4.337      4.295     0.4471  28.695031     0.4454  28.692309     7.3711     7.4770     0.6223    83.8505 3.1311e+02  -64.16754  -61.90642 348.704600      99.95 9.6958e+02   3147.458      75540         21  0.000e+00
      4.337      4.295     0.4466  28.694333     0.4454  28.691797     7.3661     7.4773     0.6223    83.8505 3.1311e+02  -64.16754  -61.90642 348.704601      99.98 9.6958e+02   3147.500      75541         21  0.000e+00
      4.275      4.234     0.4466  28.693751     0.4458  28.692308     7.3721     7.4775     0.6223    83.8248 3.1400e+02  -64.16754  -61.90642 348.704601      99.98 9.6958e+02   3147.542      75542         21  0.000e+00
      4.337      4.295     0.4461  28.694449     0.4458  28.692593     7.3672     7.4778     0.6223    83.8248 3.1400e+02  -64.16754  -61.90642 348.704602      99.95 9.6958e+02   3147.583      75543         21  0.000e+00
      4.282      4.240     0.4468  28.694042     0.4453  28.691797     7.3665     7.4783     0.6223    83.8248 3.1400e+02  -64.16754  -61.90642 348.704602      99.98 9.6958e+02   3147.625      75544         21  0.000e+00
      4.337      4.295     0.4468  28.694042     0.4452  28.692024     7.3661     7.4787     0.6223    83.8248 3.1400e+02  -64.16754  -61.90642 348.704603      99.98 9.6958e+02   3147.667      75545         21  0.000e+00
      4.275      4.234     0.4466  28.693926     0.4453  28.692024     7.3726     7.4730     0.6223    83.7990 3.1488e+02  -64.16754  -61.90642 348.704603      99.93 9.6958e+02   3147.708      75546         21  0.000e+00
      4.337      4.295     0.4463  28.693752     0.4452  28.691968     7.3737     7.4780     0.5930    83.8248 3.1488e+02  -64.16754  -61.90642 348.704604      99.95 9.6958e+02   3147.750      75547         21  0.000e+00
      4.282      4.240     0.4461  28.694217     0.4451  28.691797     7.3747     7.4777     0.5857    83.7990 3.1488e+02  -64.16754  -61.90644 348.704604      99.98 9.6958e+02   3147.792      75548         21  0.000e+00
      4.337      4.295     0.4460  28.693752     0.4448  28.692025     7.3758     7.4774     0.5857    83.7990 3.1400e+02  -64.16754  -61.90644 348.704605      99.98 9.6958e+02   3147.833      75549         21  0.000e+00
      4.337      4.295     0.4458  28.693635     0.4458  28.692308     7.3926     7.4617     0.6370    83.7733 3.1048e+02  -64.16754  -61.90644 348.704635      99.98 9.6430e+02   3150.500      75613         22  0.000e+00
      4.378      4.336     0.4460  28.693228     0.4461  28.692593     7.3936     7.4615     0.6370    83.7733 3.1048e+02  -64.16754  -61.90644 348.704636      99.98 9.6430e+02   3150.542      75614         22  0.000e+00
      4.337      4.295     0.4458  28.693635     0.4456  28.692308     7.3889     7.4666     0.6370    83.7733 3.1048e+02  -64.16754  -61.90644 348.704636      99.98 9.6430e+02   3150.583      75615         22  0.000e+00
      4.337      4.295     0.4461  28.693752     0.4458  28.692024     7.3929     7.4621     0.6370    83.7733 3.1048e+02  -64.16754  -61.90644 348.704637      99.98 9.6430e+02   3150.625      75616         22  0.000e+00
      4.337      4.295     0.4458  28.693752     0.4456  28.692308     7.3939     7.4620     0.6370    83.7733 3.1048e+02  -64.16754  -61.90644 348.704637      99.98 9.6430e+02   3150.667      75617         22  0.000e+00
      4.330      4.288     0.4460  28.693635     0.4456  28.692593     7.3892     7.4620     0.6443    83.7733 3.1048e+02  -64.16754  -61.90644 348.704638      99.95 9.6430e+02   3150.708      75618         22  0.000e+00
      4.337      4.295     0.4458  28.693519     0.4457  28.692024     7.3877     7.4622     0.6370    83.7733 3.1048e+02  -64.16754  -61.90644 348.704638      99.95 9.6253e+02   3150.750      75619         22  0.000e+00
      4.385      4.342     0.4461  28.694217     0.4459  28.692593     7.3917     7.4623     0.6370    83.7733 3.1135e+02  -64.16754  -61.90642 348.704639      99.98 9.6253e+02   3150.792      75620         22  0.000e+00
      4.283      4.241     0.4463  28.693751     0.4458  28.692308     7.3925     7.4625     0.6370    83.7733 3.1223e+02  -64.16754  -61.90642 348.704639      99.98 9.6253e+02   3150.833      75621         22  0.000e+00
      4.385      4.342     0.4463  28.694042     0.4458  28.692593     7.3867     7.4629     0.6370    83.7733 3.1223e+02  -64.16754  -61.90642 348.704640      99.95 9.6253e+02   3150.875      75622         22  0.000e+00
      4.331      4.288     0.4460  28.693635     0.4459  28.692592     7.3851     7.4676     0.6370    83.7475 3.1400e+02  -64.16754  -61.90642 348.704640      99.93 9.6253e+02   3150.917      75623         22  0.000e+00
      4.385      4.342     0.4464  28.693752     0.4456  28.692593     7.3903     7.4636     0.6370    83.7475 3.1400e+02  -64.16754  -61.90642 348.704641      99.98 9.6253e+02   3150.958      75624         22  0.000e+00
      4.337      4.295     0.4463  28.693926     0.4454  28.692252     7.3856     7.4640     0.6443    83.7475 3.1577e+02  -64.16754  -61.90642 348.704641      99.98 9.6253e+02   3151.000      75625         22  0.000e+00
      4.385      4.343     0.4464  28.693752     0.4453  28.692309     7.3841     7.4646     0.6882    83.7475 3.1666e+02  -64.16754  -61.90642 348.704642      99.98 9.6253e+02   3151.042      75626         22  0.000e+00
      4.331      4.288     0.4466  28.694042     0.4454  28.692308     7.3769     7.4695     0.6956    83.7475 3.1666e+02  -64.16754  -61.90642 348.704642      99.98 9.6253e+02   3151.083      75627         22  0.000e+00
      4.337      4.295     0.4468  28.693926     0.4454  28.692024     7.3866     7.4648     0.7029    83.7475 3.1845e+02  -64.16754  -61.90642 348.704643      99.98 9.6253e+02   3151.125      75628         22  0.000e+00
      4.385      4.343     0.4472  28.693752     0.4461  28.692309     7.3820     7.4653     0.6956    83.7475 3.1935e+02  -64.16754  -61.90642 348.704643      99.98 9.6253e+02   3151.167      75629         22  0.000e+00
      4.385      4.343     0.4478  28.694566     0.4459  28.692025     7.3804     7.4660     0.6956    83.7475 3.2025e+02  -64.16754  -61.90642 348.704644      99.95 9.6253e+02   3151.208      75630         22  0.000e+00
      4.331      4.288     0.4483  28.694740     0.4458  28.692308     7.3844     7.4667     0.6956    83.7475 3.2025e+02  -64.16754  -61.90642 348.704644      99.95 9.6253e+02   3151.250      75631         22  0.000e+00
      4.385      4.343     0.4492  28.695380     0.4458  28.692593     7.3797     7.4667     0.6956    83.7475 3.2115e+02  -64.16754  -61.90642 348.704645      99.98 9.6253e+02   3151.292      75632         22  0.000e+00
      4.385      4.343     0.4489  28.694740     0.4456  28.692593     7.3796     7.4667     0.6956    83.7475 3.2206e+02  -64.16754  -61.90642 348.704645      99.98 9.6253e+02   3151.333      75633         22  0.000e+00
      4.385      4.343     0.4486  28.694856     0.4456  28.692593     7.3783     7.4676     0.6956    83.7475 3.2206e+02  -64.16754  -61.90642 348.704646      99.95 9.6253e+02   3151.375      75634         22  0.000e+00
      4.331      4.288     0.4483  28.694566     0.4458  28.692592     7.3825     7.4676     0.6956    83.7475 3.2297e+02  -64.16754  -61.90642 348.704646      99.93 9.6253e+02   3151.417      75635         22  0.000e+00
      4.385      4.343     0.4478  28.695031     0.4459  28.692820     7.3781     7.4678     0.6956    83.7475 3.2297e+02  -64.16754  -61.90642 348.704647      99.95 9.6253e+02   3151.458      75636         22  0.000e+00
      4.385      4.343     0.4475  28.694333     0.4462  28.692593     7.3781     7.4679     0.6956    83.7475 3.2297e+02  -64.16754  -61.90642 348.704647      99.98 9.6253e+02   3151.500      75637         22  0.000e+00
      4.338      4.295     0.4471  28.694449     0.4462  28.692592     7.3781     7.4680     0.6956    83.7475 3.2388e+02  -64.16754  -61.90642 348.704647      99.98 9.6253e+02   3151.542      75638         22  0.000e+00
      4.385      4.343     0.4471  28.694333     0.4459  28.692593     7.3781     7.4684     0.6956    83.7475 3.2388e+02  -64.16754  -61.90642 348.704648      99.98 9.6253e+02   3151.583      75639         22  0.000e+00
      4.379      4.336     0.4468  28.694333     0.4456  28.693047     7.3782     7.4678     0.6956    83.7475 3.2388e+02  -64.16754  -61.90642 348.704648      99.98 9.6253e+02   3151.625      75640         22  0.000e+00
      4.385      4.343     0.4469  28.693635     0.4462  28.692593     7.3728     7.4680     0.6956    83.7475 3.2479e+02  -64.16754  -61.90642 348.704649      99.98 9.6253e+02   3151.667      75641         22  0.000e+00
      4.385      4.343     0.4472  28.694042     0.4464  28.692820     7.3704     7.4683     0.6956    83.7475 3.2479e+02  -64.16754  -61.90642 348.704649      99.95 9.6253e+02   3151.708      75642         22  0.000e+00
      4.385      4.343     0.4469  28.693752     0.4463  28.692593     7.3806     7.4686     0.6956    83.6960 3.2479e+02  -64.16754  -61.90642 348.704650      99.95 9.6253e+02   3151.750      75643         22  0.000e+00
      4.331      4.288     0.4472  28.694217     0.4459  28.692592     7.3764     7.4690     0.6956    83.7218 3.2479e+02  -64.16754  -61.90644 348.704650      99.98 9.6253e+02   3151.792      75644         22  0.000e+00
      4.385      4.343     0.4471  28.694333     0.4459  28.692593     7.3768     7.4695     0.6956    83.6960 3.2479e+02  -64.16754  -61.90644 348.704651      99.98 9.6253e+02   3151.833      75645         22  0.000e+00
      4.385      4.343     0.4472  28.694449     0.4459  28.692593     7.3758     7.4699     0.6956    83.6960 3.2479e+02  -64.16754  -61.90644 348.704651      99.95 9.6077e+02   3151.875      75646         22  0.000e+00
      4.338      4.295     0.4480  28.694566     0.4461  28.692308     7.3815     7.4650     0.6956    83.6960 3.2479e+02  -64.16754  -61.90644 348.704652      99.95 9.6077e+02   3151.917      75647         22  0.000e+00
      4.379      4.336     0.4485  28.694333     0.4462  28.692820     7.3776     7.4648     0.6956    83.6960 3.2479e+02  -64.16754  -61.90644 348.704652      99.98 9.6077e+02   3151.958      75648         22  0.000e+00
      4.338      4.295     0.4488  28.695031     0.4461  28.692308     7.3765     7.4698     0.6956    83.6960 3.2388e+02  -64.16754  -61.90644 348.704653      99.98 9.6077e+02   3152.000      75649         22  0.000e+00
      4.386      4.343     0.4488  28.695147     0.4459  28.692593     7.3826     7.4653     0.7029    83.6960 3.2388e+02  -64.16754  -61.90644 348.704653      99.98 9.6077e+02   3152.042      75650         22  0.000e+00
      4.386      4.343     0.4488  28.695264     0.4462  28.692820     7.3786     7.4651     0.6956    83.6960 3.2388e+02  -64.16754  -61.90644 348.704654      99.98 9.6077e+02   3152.083      75651         22  0.000e+00
      4.331      4.289     0.4491  28.694856     0.4459  28.692592     7.3790     7.4651     0.6882    83.6960 3.2297e+02  -64.16754  -61.90644 348.704654      99.98 9.6077e+02   3152.125      75652         22  0.000e+00
      4.338      4.295     0.4491  28.695147     0.4459  28.692820     7.3782     7.4651     0.6809    83.6960 3.2297e+02  -64.16754  -61.90644 348.704655      99.98 9.6077e+02   3152.167      75653         22  0.000e+00
      4.386      4.343     0.4494  28.695787     0.4454  28.692309     7.3843     7.4698     0.6809    83.6960 3.2206e+02  -64.16754  -61.90644 348.704655      99.95 9.6077e+02   3152.208      75654         22  0.000e+00
      4.338      4.295     0.4494  28.695380     0.4458  28.692308     7.3805     7.4698     0.6809    83.6960 3.2206e+02  -64.16754  -61.90644 348.704656      99.95 9.6077e+02   3152.250      75655         22  0.000e+00
      4.338      4.295     0.4496  28.695787     0.4458  28.692252     7.3810     7.4698     0.6809    83.6960 3.2115e+02  -64.16754  -61.90644 348.704656      99.98 9.6077e+02   3152.292      75656         22  0.000e+00
      4.379      4.336     0.4496  28.695671     0.4453  28.692309     7.3859     7.4700     0.6809    83.6960 3.2115e+02  -64.16754  -61.90644 348.704657      99.98 9.6077e+02   3152.333      75657         22  0.000e+00
      4.338      4.295     0.4497  28.695380     0.4453  28.692309     7.3821     7.4700     0.6809    83.6960 3.2025e+02  -64.16754  -61.90644 348.704657      99.95 9.6077e+02   3152.375      75658         22  0.000e+00
      4.338      4.295     0.4496  28.695554     0.4454  28.692309     7.3827     7.4701     0.6809    83.6960 3.1935e+02  -64.16754  -61.90644 348.704658      99.93 9.6077e+02   3152.417      75659         22  0.000e+00
      4.338      4.295     0.4496  28.695671     0.4454  28.692309     7.3765     7.4710     0.6809    83.6960 3.1935e+02  -64.16754  -61.90644 348.704658      99.95 9.6077e+02   3152.458      75660         22  0.000e+00
      4.331      4.289     0.4492  28.695903     0.4454  28.692593     7.3803     7.4710     0.6809    83.6960 3.1845e+02  -64.16754  -61.90644 348.704659      99.98 9.6077e+02   3152.500      75661         22  0.000e+00
      4.338      4.296     0.4478  28.694566     0.4485  28.693899     7.3896     7.4760     0.6077    83.7218 3.2755e+02  -64.16754  -61.90642 348.704686      99.98 9.5724e+02   3154.833      75717         23  0.000e+00
      4.283      4.242     0.4478  28.695147     0.4485  28.693899     7.3911     7.4759     0.6077    83.7475 3.2848e+02  -64.16754  -61.90642 348.704686      99.95 9.5724e+02   3154.875      75718         23  0.000e+00
      4.338      4.296     0.4478  28.695031     0.4484  28.693899     7.3858     7.4759     0.6077    83.7218 3.2940e+02  -64.16754  -61.90642 348.704687      99.93 9.5724e+02   3154.917      75719         23  0.000e+00
      4.284      4.242     0.4478  28.694856     0.4484  28.693899     7.3848     7.4758     0.6077    83.7475 3.3033e+02  -64.16754  -61.90642 348.704687      99.95 9.5724e+02   3154.958      75720         23  0.000e+00
      4.331      4.289     0.4475  28.694566     0.4485  28.693899     7.3908     7.4758     0.6077    83.7475 3.3033e+02  -64.16754  -61.90642 348.704687      99.98 9.5724e+02   3155.000      75721         23  0.000e+00
      4.284      4.242     0.4477  28.694740     0.4484  28.694183     7.3867     7.4809     0.6077    83.7218 3.3033e+02  -64.16754  -61.90642 348.704688      99.98 9.5724e+02   3155.042      75722         23  0.000e+00
      4.284      4.242     0.4480  28.694565     0.4484  28.693899     7.3857     7.4764     0.6077    83.7475 3.3126e+02  -64.16754  -61.90642 348.704688      99.98 9.5724e+02   3155.083      75723         23  0.000e+00
