NBP2113_155081_ctd/data/nbp2113_051.ros
* Sea-Bird SBE 9 Data File:
* FileName = D:\Data\raw\NBP2113_051.hex
* Software Version Seasave V 7.26.7.121
* Temperature SN = 2438
* Conductivity SN = 2067
* Number of Bytes Per Scan = 40
* Number of Voltage Words = 5
* Number of Scans Averaged by the Deck Unit = 1
* NMEA Latitude = 64 55.61 S
* NMEA Longitude = 064 41.14 W
* NMEA UTC (Time) = Dec 11 2021  14:40:45
* NMEA baud rate = 9600
** Ship: RVIB N.B. Palmer
** Cruise: NBP2113 LTER
** Station: 592.051
** Operator: B. Urmston
# nquan = 20
# nvalues = 1098                                  
# units = specified
# name 0 = prDM: Pressure, Digiquartz [db]
# name 1 = depSM: Depth [salt water, m]
# name 2 = t090C: Temperature [ITS-90, deg C]
# name 3 = c0mS/cm: Conductivity [mS/cm]
# name 4 = t190C: Temperature, 2 [ITS-90, deg C]
# name 5 = c1mS/cm: Conductivity, 2 [mS/cm]
# name 6 = sbeox0ML/L: Oxygen, SBE 43 [ml/l]
# name 7 = sbeox1ML/L: Oxygen, SBE 43, 2 [ml/l]
# name 8 = flECO-AFL: Fluorescence, WET Labs ECO-AFL/FL [mg/m^3]
# name 9 = CStarTr0: Beam Transmission, WET Labs C-Star [%]
# name 10 = par: PAR/Irradiance, Biospherical/Licor
# name 11 = latitude: Latitude [deg]
# name 12 = longitude: Longitude [deg]
# name 13 = timeJ: Julian Days
# name 14 = altM: Altimeter [m]
# name 15 = spar: SPAR, Biospherical/Licor
# name 16 = timeS: Time, Elapsed [seconds]
# name 17 = scan: Scan Count
# name 18 = nbf: Bottles Fired
# name 19 = flag:  0.000e+00
# interval = seconds: 0.0416667
# start_time = Dec 11 2021 14:40:45 [NMEA time, header]
# bad_flag = -9.990e-29
*END*
[from data line 580]
     11.088     10.979    -0.6821  27.473993    -0.6627  27.485659     8.0337     8.0769     0.9300    83.0265 1.6743e+02  -64.92670  -64.68486 345.651200      99.95 1.0806e+03   3418.667      82049         13  0.000e+00
     11.074     10.966    -0.6823  27.475538    -0.6640  27.483646     8.0322     8.0768     0.9227    83.0008 1.6743e+02  -64.92670  -64.68486 345.651200      99.98 1.0806e+03   3418.708      82050         13  0.000e+00
     11.088     10.979    -0.6829  27.475023    -0.6645  27.482025     8.0264     8.0765     0.9300    83.0265 1.6790e+02  -64.92670  -64.68486 345.651201      99.95 1.0806e+03   3418.750      82051         13  0.000e+00
     11.088     10.979    -0.6826  27.474794    -0.6645  27.481298     8.0293     8.0761     0.9300    83.0265 1.6790e+02  -64.92672  -64.68486 345.651201      99.98 1.0806e+03   3418.792      82052         13  0.000e+00
     11.075     10.966    -0.6821  27.474794    -0.6635  27.481466     8.0276     8.0752     0.9227    83.0008 1.6838e+02  -64.92672  -64.68486 345.651202      99.98 1.0806e+03   3418.833      82053         13  0.000e+00
     11.088     10.979    -0.6815  27.474966    -0.6624  27.481466     8.0213     8.0753     0.9227    83.0008 1.6838e+02  -64.92672  -64.68486 345.651202      99.98 1.0806e+03   3418.875      82054         13  0.000e+00
     11.075     10.966    -0.6818  27.474794    -0.6609  27.482360     8.0255     8.0744     0.9300    83.0008 1.6838e+02  -64.92672  -64.68486 345.651203      99.93 1.0806e+03   3418.917      82055         13  0.000e+00
     11.088     10.979    -0.6818  27.474508    -0.6617  27.484317     8.0237     8.0746     0.9300    83.0265 1.6885e+02  -64.92672  -64.68486 345.651203      99.95 1.0806e+03   3418.958      82056         13  0.000e+00
     11.088     10.979    -0.6813  27.474794    -0.6615  27.486777     8.0217     8.0747     0.9300    83.0008 1.6885e+02  -64.92672  -64.68486 345.651204      99.95 1.0806e+03   3419.000      82057         13  0.000e+00
     11.020     10.912    -0.6812  27.474794    -0.6612  27.488454     8.0151     8.0746     0.9227    83.0265 1.6885e+02  -64.92672  -64.68486 345.651204      99.98 1.0806e+03   3419.042      82058         13  0.000e+00
     11.136     11.027    -0.6815  27.474966    -0.6618  27.488566     8.0191     8.0742     0.9227    83.0523 1.6885e+02  -64.92672  -64.68486 345.651205      99.95 1.0806e+03   3419.083      82059         13  0.000e+00
     11.020     10.912    -0.6810  27.475023    -0.6627  27.485658     8.0168     8.0738     0.9300    83.0523 1.6885e+02  -64.92672  -64.68486 345.651205      99.93 1.0806e+03   3419.125      82060         13  0.000e+00
     11.088     10.979    -0.6812  27.474222    -0.6645  27.483311     8.0148     8.0737     0.9300    83.0523 1.6885e+02  -64.92672  -64.68486 345.651206      99.95 1.0806e+03   3419.167      82061         13  0.000e+00
     11.088     10.979    -0.6811  27.473478    -0.6659  27.481298     8.0139     8.0733     0.9300    83.0523 1.6885e+02  -64.92672  -64.68486 345.651206      99.98 1.0806e+03   3419.208      82062         13  0.000e+00
     11.020     10.912    -0.6812  27.472390    -0.6690  27.479174     8.0129     8.0732     0.9300    83.0780 1.6885e+02  -64.92672  -64.68486 345.651207      99.98 1.0806e+03   3419.250      82063         13  0.000e+00
     11.088     10.980    -0.6804  27.471131    -0.6716  27.477665     8.0178     8.0740     0.9227    83.0523 1.6885e+02  -64.92672  -64.68486 345.651207      99.98 1.0806e+03   3419.292      82064         13  0.000e+00
     11.075     10.966    -0.6807  27.469986    -0.6720  27.476324     8.0123     8.0733     0.9300    83.0523 1.6885e+02  -64.92672  -64.68486 345.651208      99.98 1.0806e+03   3419.333      82065         13  0.000e+00
     11.089     10.980    -0.6813  27.469300    -0.6717  27.476380     8.0069     8.0733     0.9300    83.0523 1.6885e+02  -64.92672  -64.68486 345.651208      99.98 1.0806e+03   3419.375      82066         13  0.000e+00
     11.034     10.925    -0.6812  27.469013    -0.6722  27.475541     8.0101     8.0734     0.9300    83.0523 1.6838e+02  -64.92672  -64.68486 345.651209      99.95 1.0806e+03   3419.417      82067         13  0.000e+00
     11.075     10.966    -0.6810  27.468727    -0.6728  27.474759     8.0090     8.0737     0.9227    83.0523 1.6838e+02  -64.92672  -64.68486 345.651209      99.95 1.0806e+03   3419.458      82068         13  0.000e+00
     11.089     10.980    -0.6815  27.468727    -0.6723  27.474535     8.0020     8.0737     0.9227    83.0523 1.6838e+02  -64.92672  -64.68486 345.651209      99.98 1.0789e+03   3419.500      82069         13  0.000e+00
     11.020     10.912    -0.6813  27.468727    -0.6721  27.474479     7.9963     8.0736     0.9227    83.0523 1.6838e+02  -64.92672  -64.68486 345.651210      99.98 1.0789e+03   3419.542      82070         13  0.000e+00
     11.089     10.980    -0.6811  27.468727    -0.6720  27.474814     7.9998     8.0737     0.9227    83.0523 1.6838e+02  -64.92672  -64.68486 345.651210      99.93 1.0789e+03   3419.583      82071         13  0.000e+00
     11.089     10.980    -0.6807  27.469242    -0.6723  27.474758     7.9973     8.0728     0.9227    83.0523 1.6838e+02  -64.92672  -64.68486 345.651211      99.95 1.0806e+03   3419.625      82072         13  0.000e+00
     11.075     10.966    -0.6801  27.469529    -0.6722  27.474814     7.9947     8.0728     0.9227    83.0523 1.6838e+02  -64.92672  -64.68486 345.651211      99.98 1.0789e+03   3419.667      82073         13  0.000e+00
     11.034     10.926    -0.6801  27.469815    -0.6723  27.474758     7.9937     8.0728     0.9154    83.0523 1.6838e+02  -64.92672  -64.68486 345.651212      99.98 1.0789e+03   3419.708      82074         13  0.000e+00
     11.075     10.966    -0.6793  27.469815    -0.6725  27.475317     7.9927     8.0728     0.9227    83.0780 1.6838e+02  -64.92672  -64.68486 345.651212      99.98 1.0789e+03   3419.750      82075         13  0.000e+00
     11.034     10.926    -0.6790  27.469815    -0.6719  27.475038     7.9903     8.0727     0.9154    83.0523 1.6838e+02  -64.92672  -64.68488 345.651213      99.98 1.0789e+03   3419.792      82076         14  0.000e+00
     11.089     10.980    -0.6781  27.469815    -0.6720  27.474535     7.9879     8.0728     0.9227    83.0523 1.6838e+02  -64.92672  -64.68488 345.651213      99.98 1.0789e+03   3419.833      82077         14  0.000e+00
     11.075     10.966    -0.6778  27.470501    -0.6720  27.473976     7.9928     8.0728     0.9227    83.0265 1.6838e+02  -64.92672  -64.68488 345.651214      99.98 1.0789e+03   3419.875      82078         14  0.000e+00
     11.089     10.980    -0.6776  27.470845    -0.6720  27.473976     7.9933     8.0729     0.9227    82.9750 1.6838e+02  -64.92672  -64.68488 345.651214      99.93 1.0789e+03   3419.917      82079         14  0.000e+00
     11.020     10.912    -0.6779  27.470558    -0.6723  27.473473     7.9879     8.0729     0.9227    82.9493 1.6838e+02  -64.92672  -64.68488 345.651215      99.95 1.0789e+03   3419.958      82080         14  0.000e+00
     11.089     10.980    -0.6782  27.471131    -0.6725  27.474255     7.9872     8.0729     0.9227    82.9493 1.6838e+02  -64.92672  -64.68488 345.651215      99.98 1.0789e+03   3420.000      82081         14  0.000e+00
     11.034     10.926    -0.6781  27.470845    -0.6722  27.474255     7.9878     8.0673     0.9227    82.9493 1.6838e+02  -64.92672  -64.68488 345.651216      99.98 1.0789e+03   3420.042      82082         14  0.000e+00
     11.075     10.966    -0.6782  27.470330    -0.6720  27.474479     7.9815     8.0720     0.9154    82.9493 1.6838e+02  -64.92672  -64.68488 345.651216      99.95 1.0789e+03   3420.083      82083         14  0.000e+00
     11.034     10.926    -0.6779  27.470272    -0.6715  27.474032     7.9795     8.0719     0.9154    82.9750 1.6790e+02  -64.92672  -64.68488 345.651217      99.95 1.0789e+03   3420.125      82084         14  0.000e+00
     11.075     10.966    -0.6773  27.470558    -0.6713  27.473976     7.9791     8.0719     0.9227    82.9493 1.6790e+02  -64.92672  -64.68488 345.651217      99.95 1.0789e+03   3420.167      82085         14  0.000e+00
     11.034     10.926    -0.6776  27.470558    -0.6708  27.474032     7.9848     8.0718     0.9154    82.9493 1.6790e+02  -64.92672  -64.68488 345.651218      99.98 1.0789e+03   3420.208      82086         14  0.000e+00
     11.034     10.926    -0.6767  27.470558    -0.6702  27.473696     7.9845     8.0718     0.9154    82.9493 1.6743e+02  -64.92672  -64.68488 345.651218      99.98 1.0789e+03   3420.250      82087         14  0.000e+00
     11.075     10.966    -0.6759  27.469814    -0.6701  27.473752     7.9844     8.0718     0.9227    82.9750 1.6743e+02  -64.92672  -64.68488 345.651219      99.98 1.0789e+03   3420.292      82088         14  0.000e+00
     11.034     10.926    -0.6756  27.468727    -0.6696  27.473696     7.9858     8.0717     0.9154    82.9493 1.6743e+02  -64.92672  -64.68488 345.651219      99.98 1.0789e+03   3420.333      82089         14  0.000e+00
     11.021     10.912    -0.6776  27.468212    -0.6690  27.474255     7.9863     8.0716     0.9227    82.9493 1.6696e+02  -64.92672  -64.68488 345.651220      99.98 1.0789e+03   3420.375      82090         14  0.000e+00
     11.034     10.926    -0.6779  27.467926    -0.6681  27.474534     7.9807     8.0715     0.9154    82.9493 1.6649e+02  -64.92672  -64.68488 345.651220      99.95 1.0789e+03   3420.417      82091         14  0.000e+00
     11.034     10.926    -0.6785  27.467182    -0.6678  27.474758     7.9784     8.0659     0.9227    82.9493 1.6649e+02  -64.92672  -64.68488 345.651221      99.95 1.0789e+03   3420.458      82092         14  0.000e+00
     11.021     10.912    -0.6815  27.466667    -0.6681  27.475317     7.9735     8.0651     0.9227    82.9493 1.6649e+02  -64.92672  -64.68488 345.651221      99.98 1.0789e+03   3420.500      82093         14  0.000e+00
     11.034     10.926    -0.6813  27.465866    -0.6678  27.475764     7.9772     8.0698     0.9227    82.9493 1.6602e+02  -64.92672  -64.68488 345.651222      99.98 1.0789e+03   3420.542      82094         14  0.000e+00
     11.021     10.912    -0.6804  27.464836    -0.6673  27.476099     7.9764     8.0697     0.9227    82.9493 1.6602e+02  -64.92672  -64.68488 345.651222      99.95 1.0789e+03   3420.583      82095         14  0.000e+00
     11.034     10.926    -0.6810  27.465065    -0.6664  27.476323     7.9687     8.0697     0.9447    82.9493 1.6602e+02  -64.92672  -64.68488 345.651223      99.93 1.0789e+03   3420.625      82096         14  0.000e+00
     11.034     10.926    -0.6813  27.464035    -0.6664  27.476882     7.9685     8.0697     0.9520    82.9493 1.6555e+02  -64.92672  -64.68488 345.651223      99.95 1.0789e+03   3420.667      82097         14  0.000e+00
     11.021     10.913    -0.6813  27.463233    -0.6670  27.476826     7.9728     8.0700     0.9593    82.9493 1.6555e+02  -64.92672  -64.68488 345.651223      99.98 1.0789e+03   3420.708      82098         14  0.000e+00
     10.987     10.879    -0.6818  27.462489    -0.6670  27.476882     7.9728     8.0700     0.9593    82.9750 1.6555e+02  -64.92672  -64.68488 345.651224      99.98 1.0789e+03   3420.750      82099         14  0.000e+00
     11.076     10.967    -0.6815  27.462719    -0.6662  27.477106     7.9655     8.0646     0.9520    83.0008 1.6555e+02  -64.92672  -64.68486 345.651224      99.98 1.0789e+03   3420.792      82100         14  0.000e+00
     10.987     10.879    -0.6812  27.461688    -0.6656  27.477105     7.9642     8.0636     0.9593    83.0008 1.6508e+02  -64.92672  -64.68486 345.651225      99.98 1.0789e+03   3420.833      82101         14  0.000e+00
     11.035     10.926    -0.6819  27.461173    -0.6651  27.477385     7.9692     8.0629     0.9593    83.0008 1.6508e+02  -64.92672  -64.68486 345.651225      99.98 1.0789e+03   3420.875      82102         14  0.000e+00
     10.973     10.865    -0.6823  27.461173    -0.6651  27.477329     7.9682     8.0677     0.9593    83.0008 1.6508e+02  -64.92672  -64.68486 345.651226      99.95 1.0789e+03   3420.917      82103         14  0.000e+00
     11.035     10.926    -0.6826  27.459857    -0.6658  27.477665     7.9630     8.0680     0.9593    83.0008 1.6508e+02  -64.92672  -64.68486 345.651226      99.95 1.0789e+03   3420.958      82104         14  0.000e+00
     11.021     10.913    -0.6831  27.459056    -0.6665  27.477106     7.9624     8.0629     0.9593    83.0008 1.6508e+02  -64.92672  -64.68486 345.651227      99.98 1.0789e+03   3421.000      82105         14  0.000e+00
     11.035     10.926    -0.6832  27.458541    -0.6668  27.477162     7.9619     8.0624     0.9593    83.0008 1.6508e+02  -64.92672  -64.68486 345.651227      99.98 1.0771e+03   3421.042      82106         14  0.000e+00
     10.987     10.879    -0.6841  27.458541    -0.6670  27.477106     7.9602     8.0618     0.9593    83.0008 1.6508e+02  -64.92672  -64.68486 345.651228      99.93 1.0771e+03   3421.083      82107         14  0.000e+00
     10.973     10.865    -0.6838  27.457740    -0.6670  27.476882     7.9540     8.0612     0.9593    83.0008 1.6508e+02  -64.92672  -64.68486 345.651228      99.93 1.0771e+03   3421.125      82108         14  0.000e+00
     11.035     10.926    -0.6840  27.456996    -0.6672  27.476547     7.9586     8.0609     0.9520    83.0008 1.6508e+02  -64.92672  -64.68486 345.651229      99.95 1.0771e+03   3421.167      82109         14  0.000e+00
     10.973     10.865    -0.6841  27.457511    -0.6685  27.475764     7.9587     8.0606     0.9520    83.0008 1.6508e+02  -64.92672  -64.68486 345.651229      99.98 1.0771e+03   3421.208      82110         14  0.000e+00
     10.987     10.879    -0.6851  27.457511    -0.6697  27.475317     7.9591     8.0605     0.9520    83.0008 1.6555e+02  -64.92672  -64.68486 345.651230      99.98 1.0771e+03   3421.250      82111         14  0.000e+00
     10.987     10.879    -0.6852  27.457225    -0.6704  27.474479     7.9596     8.0603     0.9593    83.0008 1.6555e+02  -64.92672  -64.68486 345.651230      99.98 1.0771e+03   3421.292      82112         14  0.000e+00
     11.021     10.913    -0.6849  27.456481    -0.6708  27.473249     7.9617     8.0601     0.9520    83.0008 1.6555e+02  -64.92672  -64.68486 345.651231      99.98 1.0771e+03   3421.333      82113         14  0.000e+00
     10.987     10.879    -0.6843  27.455394    -0.6724  27.471404     7.9625     8.0602     0.9520    83.0008 1.6555e+02  -64.92672  -64.68486 345.651231      99.98 1.0771e+03   3421.375      82114         14  0.000e+00
     10.973     10.865    -0.6841  27.454650    -0.6734  27.469336     7.9621     8.0602     0.9520    83.0008 1.6555e+02  -64.92672  -64.68486 345.651232      99.95 1.0771e+03   3421.417      82115         14  0.000e+00
     10.987     10.879    -0.6839  27.455165    -0.6740  27.467492     7.9573     8.0602     0.9593    83.0008 1.6555e+02  -64.92672  -64.68486 345.651232      99.95 1.0771e+03   3421.458      82116         14  0.000e+00
     10.987     10.879    -0.6844  27.456481    -0.6756  27.465704     7.9632     8.0605     0.9593    83.0008 1.6555e+02  -64.92672  -64.68486 345.651233      99.98 1.0771e+03   3421.500      82117         15  0.000e+00
     10.925     10.818    -0.6844  27.456996    -0.6765  27.464139     7.9573     8.0660     0.9520    83.0008 1.6555e+02  -64.92672  -64.68486 345.651233      99.98 1.0771e+03   3421.542      82118         15  0.000e+00
     10.987     10.879    -0.6841  27.457511    -0.6769  27.463356     7.9548     8.0614     0.9520    83.0780 1.6555e+02  -64.92672  -64.68486 345.651234      99.93 1.0771e+03   3421.583      82119         15  0.000e+00
