NBP2113_155081_ctd/data/nbp2113_014.cnv
* Sea-Bird SBE 9 Data File:
* FileName = D:\Data\raw\NBP2113_014.hex
* Software Version Seasave V 7.26.7.121
* Temperature SN = 2438
* Conductivity SN = 2067
* Number of Bytes Per Scan = 40
* Number of Voltage Words = 5
* Number of Scans Averaged by the Deck Unit = 1
* NMEA Latitude = 65 28.72 S
* NMEA Longitude = 066 08.92 W
* NMEA UTC (Time) = Nov 27 2021  11:12:57
* NMEA baud rate = 9600
** Ship: RVIB N.B. Palmer
** Cruise: NBP2113 LTER
** Station: 500.060
** Operator: B. Urmston
# nquan = 25
# nvalues = 608                         
# units = specified
# name 0 = prDM: Pressure, Digiquartz [db]
# name 1 = depSM: Depth [salt water, m]
# name 2 = t090C: Temperature [ITS-90, deg C]
# name 3 = c0mS/cm: Conductivity [mS/cm]
# name 4 = t190C: Temperature, 2 [ITS-90, deg C]
# name 5 = c1mS/cm: Conductivity, 2 [mS/cm]
# name 6 = sbeox0ML/L: Oxygen, SBE 43 [ml/l]
# name 7 = sbeox1ML/L: Oxygen, SBE 43, 2 [ml/l]
# name 8 = flECO-AFL: Fluorescence, WET Labs ECO-AFL/FL [mg/m^3]
# name 9 = CStarTr0: Beam Transmission, WET Labs C-Star [%]
# name 10 = par: PAR/Irradiance, Biospherical/Licor
# name 11 = latitude: Latitude [deg]
# name 12 = longitude: Longitude [deg]
# name 13 = timeJ: Julian Days
# name 14 = altM: Altimeter [m]
# name 15 = spar: SPAR, Biospherical/Licor
# name 16 = timeS: Time, Elapsed [seconds]
# name 17 = scan: Scan Count
# name 18 = density00: Density [density, kg/m^3]
# name 19 = density11: Density, 2 [density, kg/m^3]
# name 20 = sal00: Salinity, Practical [PSU]
# name 21 = sal11: Salinity, Practical, 2 [PSU]
# name 22 = oxsolML/L: Oxygen Saturation, Garcia & Gordon [ml/l]
# name 23 = nbin: number of scans per bin
# name 24 = flag: flag
# span 0 =      1.000,    306.000       
# span 1 =      0.988,    302.767       
# span 2 =    -1.3368,     1.3198       
# span 3 =  27.166280,  30.049096       
# span 4 =    -1.3343,     1.3197       
# span 5 =  27.167017,  30.048324       
# span 6 =     4.3260,     9.7249       
# span 7 =     4.3164,     9.5421       
# span 8 =    -0.0172,     1.7164       
# span 9 =    89.3752,    97.4266       
# span 10 = 1.0000e-12, 1.8249e+02      
# span 11 =  -65.47883,  -65.47864      
# span 12 =  -66.14942,  -66.14826      
# span 13 = 331.471157, 331.489994      
# span 14 =       6.00,     102.37      
# span 15 = 1.6518e+02, 2.6974e+02      
# span 16 =    330.979,   1958.469      
# span 17 =       7945,      47004      
# span 18 =  1027.1715,  1029.1865      
# span 19 =  1027.1675,  1029.1855      
# span 20 =    33.7853,    34.6526      
# span 21 =    33.7830,    34.6517      
# span 22 =    7.76119,    8.36013      
# span 23 =         11,         50      
# span 24 = 0.0000e+00, 0.0000e+00      
# interval = decibars: 1                
# start_time = Nov 27 2021 11:12:57 [NMEA time, header]
# bad_flag = -9.990e-29
*END*
[from data line 580]
     28.000     27.726    -0.8138  27.462542    -0.8127  27.462193     8.2266     8.0835     1.5721    89.7637 5.7719e+00  -65.47878  -66.14902 331.488886      99.97 2.1572e+02   1862.774      44708  1027.3011  1027.2997    33.7916    33.7899    8.25333         26 0.0000e+00
     27.000     26.733    -0.8136  27.462038    -0.8124  27.462208     8.2112     8.0810     1.3688    89.8125 7.0148e+00  -65.47876  -66.14903 331.488942      99.97 2.1334e+02   1867.623      44824  1027.2961  1027.2952    33.7914    33.7903    8.25331         16 0.0000e+00
     26.000     25.742    -0.8085  27.466077    -0.8040  27.469030     8.2295     8.0778     1.3866    89.8057 7.8570e+00  -65.47876  -66.14904 331.488951      99.97 2.1331e+02   1868.392      44842  1027.2912  1027.2902    33.7917    33.7907    8.25216         19 0.0000e+00
     25.000     24.753    -0.8091  27.465113    -0.8073  27.465633     8.2009     8.0792     1.4742    89.7707 8.5625e+00  -65.47877  -66.14903 331.488975      99.97 2.1331e+02   1870.466      44892  1027.2865  1027.2854    33.7917    33.7904    8.25229         30 0.0000e+00
     24.000     23.761    -0.8060  27.467362    -0.8099  27.462948     8.2102     8.0884     1.4300    89.7722 9.3462e+00  -65.47878  -66.14900 331.489041      99.97 2.1289e+02   1876.102      45027  1027.2818  1027.2808    33.7919    33.7902    8.25160         37 0.0000e+00
     23.000     22.773    -0.8045  27.468163    -0.8079  27.464130     8.2119     8.0958     1.6592    89.7531 1.0806e+01  -65.47877  -66.14901 331.489066      99.97 2.1165e+02   1878.303      45080  1027.2770  1027.2758    33.7919    33.7902    8.25127         34 0.0000e+00
     22.000     21.780    -0.8006  27.470994    -0.8028  27.468519     8.2243     8.0972     1.7079    89.7217 1.1835e+01  -65.47876  -66.14902 331.489093      99.96 2.1155e+02   1880.642      45136  1027.2721  1027.2714    33.7919    33.7911    8.25041         36 0.0000e+00
     21.000     20.794    -0.7953  27.475150    -0.7974  27.472462     8.2006     8.1018     1.6637    89.7511 1.2195e+01  -65.47877  -66.14899 331.489139      99.97 2.1120e+02   1884.617      45232  1027.2674  1027.2663    33.7924    33.7910    8.24925         19 0.0000e+00
     20.000     19.802    -0.7940  27.475955    -0.7947  27.474227     8.2085     8.1068     1.6112    89.7195 1.4080e+01  -65.47876  -66.14900 331.489172      99.97 2.0981e+02   1887.433      45299  1027.2627  1027.2614    33.7926    33.7910    8.24894         36 0.0000e+00
     19.000     18.813    -0.7954  27.474202    -0.7965  27.472148     8.2052     8.1054     1.5968    89.7133 1.6366e+01  -65.47876  -66.14902 331.489196      99.97 2.1089e+02   1889.526      45350  1027.2579  1027.2567    33.7923    33.7908    8.24925         32 0.0000e+00
     18.000     17.822    -0.7954  27.473520    -0.7962  27.471962     8.2126     8.1114     1.6049    89.7359 1.7593e+01  -65.47876  -66.14904 331.489222      99.97 2.1158e+02   1891.773      45404  1027.2529  1027.2519    33.7921    33.7908    8.24927         34 0.0000e+00
     17.000     16.832    -0.7963  27.472260    -0.7965  27.471106     8.2088     8.1053     1.4882    89.6376 1.8185e+01  -65.47876  -66.14902 331.489237      99.97 2.1155e+02   1893.103      45435  1027.2481  1027.2470    33.7920    33.7906    8.24948         35 0.0000e+00
     16.000     15.842    -0.7970  27.471204    -0.7958  27.471086     8.2063     8.1018     1.5334    89.6768 2.1823e+01  -65.47877  -66.14900 331.489307      99.97 2.1155e+02   1899.124      45580  1027.2434  1027.2421    33.7920    33.7905    8.24963         35 0.0000e+00
     15.000     14.853    -0.7947  27.472885    -0.7944  27.471984     8.2188     8.1102     1.5529    89.6531 2.4685e+01  -65.47876  -66.14902 331.489330      99.96 2.1181e+02   1901.150      45629  1027.2387  1027.2374    33.7922    33.7908    8.24910         41 0.0000e+00
     14.000     13.865    -0.7913  27.475258    -0.7925  27.473213     8.2092     8.1081     1.6256    89.6490 2.6475e+01  -65.47877  -66.14902 331.489512      99.97 2.1577e+02   1916.873      46006  1027.2338  1027.2327    33.7923    33.7908    8.24836         38 0.0000e+00
     13.000     12.872    -0.7899  27.476044    -0.7910  27.473874     8.2054     8.1056     1.5658    89.6132 2.9992e+01  -65.47877  -66.14902 331.489672      99.97 2.2040e+02   1930.665      46337  1027.2290  1027.2277    33.7924    33.7907    8.24804         37 0.0000e+00
     12.000     11.881    -0.7907  27.474833    -0.7910  27.473510     8.2071     8.1104     1.5471    89.6213 3.2794e+01  -65.47876  -66.14901 331.489705      99.97 2.2036e+02   1933.505      46405  1027.2242  1027.2231    33.7922    33.7908    8.24823         33 0.0000e+00
     11.000     10.891    -0.7891  27.475938    -0.7897  27.474345     8.2155     8.1072     1.5178    89.6204 3.8431e+01  -65.47878  -66.14901 331.489754      99.97 2.2210e+02   1937.736      46507  1027.2196  1027.2184    33.7926    33.7911    8.24786         17 0.0000e+00
     10.000      9.901    -0.7898  27.474657    -0.7903  27.473087     8.1965     8.1079     1.5148    89.6185 4.2938e+01  -65.47878  -66.14903 331.489763      99.97 2.2212e+02   1938.558      46526  1027.2146  1027.2133    33.7923    33.7908    8.24803         21 0.0000e+00
      9.000      8.913    -0.7907  27.473238    -0.7902  27.472739     8.1996     8.1092     1.5739    89.6077 4.7347e+01  -65.47878  -66.14902 331.489801      99.97 2.2274e+02   1941.800      46604  1027.2096  1027.2086    33.7920    33.7907    8.24825         35 0.0000e+00
      8.000      7.920    -0.7906  27.473055    -0.7906  27.471917     8.1876     8.1102     1.6023    89.6318 5.3081e+01  -65.47878  -66.14898 331.489855      99.97 2.2389e+02   1946.495      46717  1027.2050  1027.2037    33.7923    33.7907    8.24822         27 0.0000e+00
      7.000      6.931    -0.7905  27.472662    -0.7903  27.471510     8.1843     8.1107     1.5973    89.6303 6.0578e+01  -65.47877  -66.14899 331.489870      99.97 2.2389e+02   1947.808      46748  1027.2002  1027.1987    33.7922    33.7904    8.24819         37 0.0000e+00
      6.000      5.941    -0.7901  27.472415    -0.7904  27.470898     8.1807     8.1062     1.7086    89.6273 6.6101e+01  -65.47876  -66.14900 331.489900      99.97 2.2389e+02   1950.320      46809  1027.1952  1027.1938    33.7921    33.7903    8.24812         35 0.0000e+00
      5.000      4.951    -0.7912  27.471024    -0.7909  27.469954     8.0649     8.5179     1.6592    89.6187 7.4243e+01  -65.47876  -66.14900 331.489932      99.96 2.2445e+02   1953.148      46877  1027.1905  1027.1890    33.7921    33.7902    8.24836         33 0.0000e+00
      4.000      3.960    -0.7908  27.471063    -0.7907  27.469905     9.7249     9.5421     1.5497    89.6184 8.2603e+01  -65.47876  -66.14900 331.489970      99.97 2.2566e+02   1956.365      46954  1027.1857  1027.1844    33.7922    33.7905    8.24825         19 0.0000e+00
      3.000      2.971    -0.7911  27.470239    -0.7910  27.468422     9.5234     8.9729     1.4871    89.6184 9.9897e+01  -65.47876  -66.14900 331.489978      99.97 2.2565e+02   1957.121      46972  1027.1809  1027.1789    33.7921    33.7895    8.24833         19 0.0000e+00
      2.000      1.981    -0.7908  27.470130    -0.7907  27.467171     9.0062     8.9501     1.5146    89.6184 1.1824e+02  -65.47876  -66.14900 331.489987      99.97 2.2565e+02   1957.851      46989  1027.1762  1027.1728    33.7922    33.7881    8.24825         16 0.0000e+00
      1.000      0.988    -0.7905  27.470085    -0.7907  27.466245     8.6821     8.6696     1.5001    89.6112 1.8249e+02  -65.47876  -66.14900 331.489994      99.97 2.2565e+02   1958.469      47004  1027.1715  1027.1675    33.7924    33.7874    8.24818         14 0.0000e+00
