NBP2113_155081_ctd/data/nbp2113_010.ros
* Sea-Bird SBE 9 Data File:
* FileName = D:\Data\raw\NBP2113_010.hex
* Software Version Seasave V 7.26.7.121
* Temperature SN = 2438
* Conductivity SN = 2067
* Number of Bytes Per Scan = 40
* Number of Voltage Words = 5
* Number of Scans Averaged by the Deck Unit = 1
* NMEA Latitude = 64 34.40 S
* NMEA Longitude = 065 21.00 W
* NMEA UTC (Time) = Nov 25 2021  20:37:57
* NMEA baud rate = 9600
** Ship: RVIB N.B. Palmer
** Cruise: NBP2113 LTER
** Station: 600.100
** Operator: S. Blackman
# nquan = 20
# nvalues = 1162                                  
# units = specified
# name 0 = prDM: Pressure, Digiquartz [db]
# name 1 = depSM: Depth [salt water, m]
# name 2 = t090C: Temperature [ITS-90, deg C]
# name 3 = c0mS/cm: Conductivity [mS/cm]
# name 4 = t190C: Temperature, 2 [ITS-90, deg C]
# name 5 = c1mS/cm: Conductivity, 2 [mS/cm]
# name 6 = sbeox0ML/L: Oxygen, SBE 43 [ml/l]
# name 7 = sbeox1ML/L: Oxygen, SBE 43, 2 [ml/l]
# name 8 = flECO-AFL: Fluorescence, WET Labs ECO-AFL/FL [mg/m^3]
# name 9 = CStarTr0: Beam Transmission, WET Labs C-Star [%]
# name 10 = par: PAR/Irradiance, Biospherical/Licor
# name 11 = latitude: Latitude [deg]
# name 12 = longitude: Longitude [deg]
# name 13 = timeJ: Julian Days
# name 14 = altM: Altimeter [m]
# name 15 = spar: SPAR, Biospherical/Licor
# name 16 = timeS: Time, Elapsed [seconds]
# name 17 = scan: Scan Count
# name 18 = nbf: Bottles Fired
# name 19 = flag:  0.000e+00
# interval = seconds: 0.0416667
# start_time = Nov 25 2021 20:37:57 [NMEA time, header]
# bad_flag = -9.990e-29
*END*
    604.197    597.421     1.5124  30.387990     1.5125  30.386760     4.0818     4.1006    -0.0004    96.4936 1.0000e-12  -64.57384  -65.34836 329.873885       9.21 4.8832e+02   1226.625      29440          1  0.000e+00
    604.273    597.496     1.5122  30.387812     1.5125  30.386877     4.0814     4.1007     0.0069    96.4936 1.0000e-12  -64.57384  -65.34836 329.873885       9.21 4.8832e+02   1226.667      29441          1  0.000e+00
    604.218    597.442     1.5121  30.387812     1.5126  30.386702     4.0750     4.0951    -0.0004    96.4936 1.0000e-12  -64.57384  -65.34836 329.873886       9.21 4.8832e+02   1226.708      29442          1  0.000e+00
    604.253    597.476     1.5121  30.387931     1.5126  30.386877     4.0806     4.0999     0.0069    96.4936 1.0000e-12  -64.57384  -65.34836 329.873886       9.21 4.8832e+02   1226.750      29443          1  0.000e+00
    604.273    597.496     1.5122  30.387634     1.5125  30.386993     4.0756     4.1000    -0.0004    96.4936 1.0000e-12  -64.57384  -65.34836 329.873886       9.21 4.8832e+02   1226.792      29444          1  0.000e+00
    604.253    597.476     1.5121  30.387931     1.5126  30.386761     4.0812     4.0991     0.0069    96.4936 1.0000e-12  -64.57384  -65.34836 329.873887       9.18 4.8832e+02   1226.833      29445          1  0.000e+00
    604.273    597.496     1.5124  30.387871     1.5125  30.386877     4.0822     4.0992    -0.0004    96.4936 1.0000e-12  -64.57384  -65.34836 329.873887       9.13 4.8832e+02   1226.875      29446          1  0.000e+00
    604.253    597.476     1.5122  30.388169     1.5128  30.386761     4.0833     4.0992    -0.0004    96.4936 1.0000e-12  -64.57384  -65.34836 329.873888       9.13 4.8832e+02   1226.917      29447          1  0.000e+00
    604.322    597.544     1.5121  30.388347     1.5125  30.386877     4.0844     4.0992    -0.0004    96.4936 1.0000e-12  -64.57384  -65.34836 329.873888       9.11 4.8832e+02   1226.958      29448          1  0.000e+00
    604.301    597.524     1.5121  30.388406     1.5125  30.386703     4.0795     4.0993    -0.0004    96.4936 1.0000e-12  -64.57384  -65.34836 329.873889       9.13 4.8832e+02   1227.000      29449          1  0.000e+00
    604.274    597.496     1.5122  30.387871     1.5126  30.386877     4.0792     4.0993    -0.0004    96.5194 1.0000e-12  -64.57384  -65.34836 329.873889       9.13 4.8832e+02   1227.042      29450          1  0.000e+00
    604.357    597.578     1.5122  30.387753     1.5127  30.386993     4.0849     4.0994    -0.0004    96.5194 1.0000e-12  -64.57384  -65.34836 329.873890       9.13 4.8832e+02   1227.083      29451          1  0.000e+00
    604.322    597.544     1.5122  30.387990     1.5125  30.386993     4.0860     4.0994    -0.0004    96.5194 1.0000e-12  -64.57384  -65.34836 329.873890       9.13 4.8832e+02   1227.125      29452          1  0.000e+00
    604.357    597.578     1.5124  30.387991     1.5125  30.386993     4.0798     4.0995    -0.0004    96.5451 1.0000e-12  -64.57384  -65.34836 329.873891       9.11 4.8832e+02   1227.167      29453          1  0.000e+00
    604.377    597.599     1.5124  30.388050     1.5127  30.386761     4.0782     4.0995    -0.0004    96.5451 1.0000e-12  -64.57384  -65.34836 329.873891       9.13 4.8832e+02   1227.208      29454          1  0.000e+00
    604.357    597.578     1.5124  30.388109     1.5128  30.387051     4.0794     4.0995    -0.0004    96.5194 1.0000e-12  -64.57384  -65.34836 329.873892       9.13 4.8832e+02   1227.250      29455          1  0.000e+00
    604.377    597.599     1.5122  30.387872     1.5128  30.387225     4.0852     4.0995    -0.0004    96.5194 1.0000e-12  -64.57384  -65.34836 329.873892       9.11 4.8832e+02   1227.292      29456          1  0.000e+00
    604.405    597.626     1.5124  30.387931     1.5126  30.386993     4.0850     4.0996    -0.0004    96.5194 1.0000e-12  -64.57384  -65.34836 329.873893       9.08 4.8832e+02   1227.333      29457          1  0.000e+00
    604.426    597.647     1.5122  30.388050     1.5127  30.387109     4.0848     4.0997     0.0069    96.5451 1.0000e-12  -64.57384  -65.34836 329.873893       9.04 4.8832e+02   1227.375      29458          1  0.000e+00
    604.405    597.626     1.5122  30.388110     1.5126  30.386819     4.0786     4.0997    -0.0004    96.5451 1.0000e-12  -64.57384  -65.34836 329.873894       9.01 4.8832e+02   1227.417      29459          1  0.000e+00
    604.426    597.647     1.5126  30.388228     1.5126  30.386877     4.0784     4.0997     0.0069    96.5194 1.0000e-12  -64.57384  -65.34836 329.873894       8.99 4.8832e+02   1227.458      29460          1  0.000e+00
    604.357    597.578     1.5124  30.387931     1.5125  30.386993     4.0782     4.0998     0.0069    96.5194 1.0000e-12  -64.57384  -65.34836 329.873895       9.01 4.8832e+02   1227.500      29461          1  0.000e+00
    604.530    597.749     1.5122  30.388229     1.5128  30.386994     4.0841     4.0999    -0.0004    96.5451 1.0000e-12  -64.57384  -65.34836 329.873895       9.01 4.8832e+02   1227.542      29462          1  0.000e+00
    604.481    597.701     1.5124  30.388288     1.5123  30.386761     4.0794     4.0999    -0.0004    96.5194 1.0000e-12  -64.57384  -65.34836 329.873896       9.01 4.8832e+02   1227.583      29463          1  0.000e+00
    604.461    597.681     1.5122  30.387931     1.5127  30.386877     4.0779     4.0999    -0.0004    96.5451 1.0000e-12  -64.57384  -65.34836 329.873896       9.01 4.8832e+02   1227.625      29464          1  0.000e+00
    604.481    597.701     1.5122  30.387991     1.5126  30.387110     4.0778     4.1000     0.0069    96.5451 1.0000e-12  -64.57384  -65.34836 329.873897       9.01 4.8832e+02   1227.667      29465          1  0.000e+00
    604.509    597.729     1.5124  30.387872     1.5128  30.387052     4.0779     4.1000     0.0069    96.5451 1.0000e-12  -64.57384  -65.34836 329.873897       8.99 4.8832e+02   1227.708      29466          1  0.000e+00
    604.481    597.701     1.5122  30.387931     1.5128  30.387168     4.0779     4.1000     0.0069    96.5194 1.0000e-12  -64.57384  -65.34836 329.873898       9.01 4.8832e+02   1227.750      29467          1  0.000e+00
    604.564    597.783     1.5122  30.388051     1.5125  30.387226     4.0840     4.0946    -0.0004    96.5194 1.0000e-12  -64.57384  -65.34836 329.873898       9.01 4.8832e+02   1227.792      29468          1  0.000e+00
    604.530    597.749     1.5124  30.388110     1.5129  30.387052     4.0795     4.0993    -0.0004    96.5194 1.0000e-12  -64.57384  -65.34836 329.873899       8.96 4.8832e+02   1227.833      29469          1  0.000e+00
    604.509    597.729     1.5124  30.388229     1.5129  30.387342     4.0782     4.0993     0.0069    96.5451 1.0000e-12  -64.57384  -65.34836 329.873899       8.86 4.8832e+02   1227.875      29470          1  0.000e+00
    604.585    597.804     1.5122  30.387932     1.5127  30.387516     4.0770     4.0994    -0.0004    96.5451 1.0000e-12  -64.57384  -65.34836 329.873899       8.82 4.8832e+02   1227.917      29471          1  0.000e+00
    604.564    597.783     1.5121  30.388229     1.5128  30.387110     4.0831     4.0995    -0.0004    96.5451 1.0000e-12  -64.57384  -65.34836 329.873900       8.82 4.8832e+02   1227.958      29472          1  0.000e+00
    604.530    597.749     1.5122  30.388169     1.5126  30.387168     4.0847     4.0996     0.0069    96.5451 1.0000e-12  -64.57384  -65.34836 329.873900       8.82 4.8832e+02   1228.000      29473          1  0.000e+00
    604.613    597.831     1.5122  30.388229     1.5129  30.387052     4.0863     4.0997     0.0069    96.5451 1.0000e-12  -64.57384  -65.34836 329.873901       8.84 4.8832e+02   1228.042      29474          1  0.000e+00
    604.585    597.804     1.5124  30.388348     1.5128  30.387574     4.0804     4.0997    -0.0004    96.5451 1.0000e-12  -64.57384  -65.34836 329.873901       8.82 4.8832e+02   1228.083      29475          1  0.000e+00
    604.613    597.831     1.5124  30.388407     1.5128  30.387168     4.0851     4.0998     0.0069    96.5451 1.0000e-12  -64.57384  -65.34836 329.873902       8.82 4.8832e+02   1228.125      29476          1  0.000e+00
    604.585    597.804     1.5124  30.388288     1.5129  30.387168     4.0807     4.0943     0.0069    96.5451 1.0000e-12  -64.57384  -65.34836 329.873902       8.82 4.8832e+02   1228.167      29477          1  0.000e+00
    604.613    597.831     1.5122  30.388110     1.5128  30.387226     4.0750     4.0936     0.0069    96.5451 1.0000e-12  -64.57384  -65.34836 329.873903       8.84 4.8832e+02   1228.208      29478          1  0.000e+00
    604.634    597.852     1.5126  30.388288     1.5128  30.387226     4.0797     4.0984    -0.0004    96.5451 1.0000e-12  -64.57384  -65.34836 329.873903       8.82 4.8832e+02   1228.250      29479          1  0.000e+00
    604.689    597.907     1.5122  30.388289     1.5128  30.387633     4.0846     4.0986    -0.0004    96.5451 1.0000e-12  -64.57384  -65.34836 329.873904       8.82 4.8832e+02   1228.292      29480          1  0.000e+00
    604.613    597.831     1.5122  30.388348     1.5129  30.387342     4.0848     4.0987     0.0069    96.5451 1.0000e-12  -64.57384  -65.34836 329.873904       8.82 4.8832e+02   1228.333      29481          1  0.000e+00
    604.634    597.852     1.5122  30.388586     1.5128  30.387226     4.0791     4.0988    -0.0004    96.5709 1.0000e-12  -64.57384  -65.34836 329.873905       8.74 4.8832e+02   1228.375      29482          1  0.000e+00
    604.668    597.886     1.5124  30.388229     1.5128  30.387226     4.0793     4.0934     0.0069    96.5451 1.0000e-12  -64.57384  -65.34836 329.873905       8.72 4.8832e+02   1228.417      29483          1  0.000e+00
    604.689    597.907     1.5122  30.388229     1.5129  30.387226     4.0796     4.0983    -0.0004    96.5709 1.0000e-12  -64.57384  -65.34836 329.873906       8.72 4.8832e+02   1228.458      29484          1  0.000e+00
    604.668    597.886     1.5121  30.388110     1.5126  30.387400     4.0845     4.0985    -0.0004    96.5451 1.0000e-12  -64.57384  -65.34836 329.873906       8.74 4.8832e+02   1228.500      29485          1  0.000e+00
    604.689    597.907     1.5122  30.388289     1.5128  30.387284     4.0847     4.0987     0.0069    96.5451 1.0000e-12  -64.57384  -65.34836 329.873907       8.74 4.8832e+02   1228.542      29486          1  0.000e+00
    604.668    597.886     1.5122  30.388289     1.5127  30.387400     4.0789     4.0989     0.0069    96.5451 1.0000e-12  -64.57384  -65.34836 329.873907       8.74 4.8832e+02   1228.583      29487          1  0.000e+00
    604.689    597.907     1.5124  30.387932     1.5126  30.387284     4.0777     4.0991    -0.0004    96.5709 1.0000e-12  -64.57384  -65.34836 329.873908       8.74 4.8832e+02   1228.625      29488          1  0.000e+00
    603.964    597.190     1.5122  30.387811     1.5125  30.386469     4.0790     4.0945    -0.0004    96.5194 1.0000e-12  -64.57384  -65.34838 329.873973       9.30 4.8656e+02   1234.250      29623          2  0.000e+00
    604.047    597.272     1.5121  30.387633     1.5124  30.386586     4.0799     4.0999    -0.0004    96.5451 1.0000e-12  -64.57384  -65.34838 329.873973       9.30 4.8656e+02   1234.292      29624          2  0.000e+00
    604.012    597.238     1.5120  30.387871     1.5125  30.386644     4.0794     4.0949     0.0069    96.5194 1.0000e-12  -64.57384  -65.34838 329.873974       9.30 4.8656e+02   1234.333      29625          2  0.000e+00
    603.998    597.224     1.5121  30.387811     1.5126  30.386470     4.0848     4.0947     0.0069    96.5451 1.0000e-12  -64.57384  -65.34838 329.873974       9.33 4.8656e+02   1234.375      29626          2  0.000e+00
    604.012    597.238     1.5124  30.387811     1.5125  30.386586     4.0796     4.0937    -0.0004    96.5451 1.0000e-12  -64.57384  -65.34838 329.873975       9.33 4.8656e+02   1234.417      29627          2  0.000e+00
    604.047    597.272     1.5122  30.387514     1.5125  30.386702     4.0791     4.0935    -0.0004    96.5451 1.0000e-12  -64.57384  -65.34838 329.873975       9.33 4.8656e+02   1234.458      29628          2  0.000e+00
    604.012    597.238     1.5124  30.387930     1.5125  30.386702     4.0785     4.0934    -0.0004    96.5194 1.0000e-12  -64.57384  -65.34838 329.873976       9.33 4.8656e+02   1234.500      29629          2  0.000e+00
    603.998    597.224     1.5121  30.387692     1.5125  30.386876     4.0794     4.0924     0.0069    96.5194 1.0000e-12  -64.57384  -65.34838 329.873976       9.33 4.8656e+02   1234.542      29630          2  0.000e+00
    604.012    597.238     1.5124  30.387633     1.5126  30.386702     4.0788     4.0923    -0.0004    96.5194 1.0000e-12  -64.57384  -65.34838 329.873977       9.33 4.8656e+02   1234.583      29631          2  0.000e+00
    604.047    597.272     1.5122  30.387752     1.5125  30.386876     4.0842     4.0914     0.0069    96.5451 1.0000e-12  -64.57384  -65.34838 329.873977       9.33 4.8656e+02   1234.625      29632          2  0.000e+00
    604.012    597.238     1.5122  30.387811     1.5125  30.386992     4.0850     4.0969     0.0069    96.5451 1.0000e-12  -64.57384  -65.34838 329.873978       9.33 4.8656e+02   1234.667      29633          2  0.000e+00
    604.012    597.238     1.5124  30.387811     1.5125  30.386760     4.0799     4.0968     0.0069    96.5451 1.0000e-12  -64.57384  -65.34838 329.873978       9.33 4.8656e+02   1234.708      29634          2  0.000e+00
    604.047    597.272     1.5121  30.387693     1.5126  30.386702     4.0807     4.0977    -0.0004    96.5451 1.0000e-12  -64.57384  -65.34838 329.873979       9.33 4.8656e+02   1234.750      29635          2  0.000e+00
    604.067    597.293     1.5122  30.387752     1.5125  30.386470     4.0801     4.0976    -0.0004    96.5451 1.0000e-12  -64.57384  -65.34836 329.873979       9.33 4.8656e+02   1234.792      29636          2  0.000e+00
    603.998    597.224     1.5122  30.387990     1.5125  30.386818     4.0869     4.0974    -0.0004    96.5451 1.0000e-12  -64.57384  -65.34836 329.873980       9.30 4.8656e+02   1234.833      29637          2  0.000e+00
    604.067    597.293     1.5122  30.387752     1.5123  30.386702     4.0877     4.0973    -0.0004    96.5451 1.0000e-12  -64.57384  -65.34836 329.873980       9.30 4.8656e+02   1234.875      29638          2  0.000e+00
    604.047    597.272     1.5121  30.387752     1.5126  30.386644     4.0885     4.0924    -0.0004    96.5451 1.0000e-12  -64.57384  -65.34836 329.873981       9.28 4.8656e+02   1234.917      29639          2  0.000e+00
    604.067    597.293     1.5124  30.387811     1.5124  30.386702     4.0892     4.0922    -0.0077    96.5451 1.0000e-12  -64.57384  -65.34836 329.873981       9.28 4.8656e+02   1234.958      29640          2  0.000e+00
    604.047    597.272     1.5122  30.387811     1.5125  30.386702     4.0853     4.0921    -0.0077    96.5451 1.0000e-12  -64.57384  -65.34836 329.873981       9.28 4.8656e+02   1235.000      29641          2  0.000e+00
    604.067    597.293     1.5122  30.387693     1.5126  30.386702     4.0861     4.0920    -0.0077    96.5451 1.0000e-12  -64.57384  -65.34836 329.873982       9.28 4.8656e+02   1235.042      29642          2  0.000e+00
    604.047    597.272     1.5122  30.387752     1.5125  30.386876     4.0928     4.0920    -0.0004    96.5451 1.0000e-12  -64.57384  -65.34836 329.873982       9.28 4.8656e+02   1235.083      29643          2  0.000e+00
    604.067    597.293     1.5122  30.387990     1.5127  30.386528     4.0936     4.0920    -0.0004    96.5451 1.0000e-12  -64.57384  -65.34836 329.873983       9.28 4.8656e+02   1235.125      29644          2  0.000e+00
    604.102    597.327     1.5122  30.387752     1.5125  30.386586     4.0884     4.0976    -0.0004    96.5451 1.0000e-12  -64.57384  -65.34836 329.873983       9.28 4.8656e+02   1235.167      29645          2  0.000e+00
