NBP2113_155081_ctd/data/nbp2113_061.ros
* Sea-Bird SBE 9 Data File:
* FileName = D:\Data\raw\NBP2113_061.hex
* Software Version Seasave V 7.26.7.121
* Temperature SN = 2438
* Conductivity SN = 2067
* Number of Bytes Per Scan = 40
* Number of Voltage Words = 5
* Number of Scans Averaged by the Deck Unit = 1
* NMEA Latitude = 64 46.21 S
* NMEA Longitude = 063 05.90 W
* NMEA UTC (Time) = Dec 13 2021  23:26:08
* NMEA baud rate = 9600
** Ship: RVIB N.B. Palmer
** Cruise: NBP2113 LTER
** Station: 654.005
** Operator: S. Blackman
# nquan = 20
# nvalues = 1173                                  
# units = specified
# name 0 = prDM: Pressure, Digiquartz [db]
# name 1 = depSM: Depth [salt water, m]
# name 2 = t090C: Temperature [ITS-90, deg C]
# name 3 = c0mS/cm: Conductivity [mS/cm]
# name 4 = t190C: Temperature, 2 [ITS-90, deg C]
# name 5 = c1mS/cm: Conductivity, 2 [mS/cm]
# name 6 = sbeox0ML/L: Oxygen, SBE 43 [ml/l]
# name 7 = sbeox1ML/L: Oxygen, SBE 43, 2 [ml/l]
# name 8 = flECO-AFL: Fluorescence, WET Labs ECO-AFL/FL [mg/m^3]
# name 9 = CStarTr0: Beam Transmission, WET Labs C-Star [%]
# name 10 = par: PAR/Irradiance, Biospherical/Licor
# name 11 = latitude: Latitude [deg]
# name 12 = longitude: Longitude [deg]
# name 13 = timeJ: Julian Days
# name 14 = altM: Altimeter [m]
# name 15 = spar: SPAR, Biospherical/Licor
# name 16 = timeS: Time, Elapsed [seconds]
# name 17 = scan: Scan Count
# name 18 = nbf: Bottles Fired
# name 19 = flag:  0.000e+00
# interval = seconds: 0.0416667
# start_time = Dec 13 2021 23:26:08 [NMEA time, header]
# bad_flag = -9.990e-29
*END*
[from data line 218]
    177.122    175.314     0.7906  29.417744     0.7870  29.414115     5.0057     5.0645     0.0436    90.0562 1.0000e-12  -64.77044  -63.09830 347.989774      99.98 5.2886e+02   1148.458      27564          5  0.000e+00
    177.102    175.293     0.7905  29.417744     0.7868  29.414115     5.0115     5.0699     0.0436    90.0562 1.0000e-12  -64.77044  -63.09830 347.989774      99.98 5.2886e+02   1148.500      27565          5  0.000e+00
    177.102    175.293     0.7905  29.417392     0.7869  29.414115     5.0073     5.0707     0.0436    90.0562 1.0000e-12  -64.77044  -63.09830 347.989775      99.98 5.2710e+02   1148.542      27566          5  0.000e+00
    177.019    175.212     0.7903  29.418037     0.7868  29.413599     5.0059     5.0662     0.0436    90.0304 1.0000e-12  -64.77044  -63.09830 347.989775      99.98 5.2710e+02   1148.583      27567          5  0.000e+00
    177.150    175.341     0.7898  29.417685     0.7866  29.413599     5.0047     5.0654     0.0436    90.0562 1.0000e-12  -64.77044  -63.09830 347.989776      99.95 5.2710e+02   1148.625      27568          5  0.000e+00
    177.102    175.293     0.7894  29.417509     0.7872  29.413771     5.0102     5.0644     0.0436    90.0562 1.0000e-12  -64.77044  -63.09830 347.989776      99.95 5.2710e+02   1148.667      27569          5  0.000e+00
    177.068    175.259     0.7879  29.416922     0.7877  29.413828     5.0058     5.0643     0.0436    90.0562 1.0000e-12  -64.77044  -63.09830 347.989777      99.98 5.2534e+02   1148.708      27570          5  0.000e+00
    177.102    175.293     0.7869  29.416277     0.7883  29.414402     5.0056     5.0641     0.0436    90.0562 1.0000e-12  -64.77044  -63.09830 347.989777      99.98 5.2534e+02   1148.750      27571          5  0.000e+00
    177.102    175.293     0.7855  29.414751     0.7884  29.414402     5.0068     5.0641     0.0436    90.0562 1.0000e-12  -64.77044  -63.09830 347.989778      99.98 5.2534e+02   1148.792      27572          5  0.000e+00
    177.122    175.314     0.7836  29.412579     0.7879  29.414689     5.0067     5.0641     0.0436    90.0562 1.0000e-12  -64.77044  -63.09830 347.989778      99.95 5.2534e+02   1148.833      27573          5  0.000e+00
    177.054    175.246     0.7831  29.411640     0.7879  29.414689     5.0064     5.0639     0.0436    90.0562 1.0000e-12  -64.77044  -63.09830 347.989779      99.95 5.2358e+02   1148.875      27574          5  0.000e+00
    177.150    175.341     0.7833  29.410877     0.7874  29.414689     5.0130     5.0640     0.0436    90.0562 1.0000e-12  -64.77044  -63.09830 347.989779      99.98 5.2358e+02   1148.917      27575          5  0.000e+00
    177.068    175.260     0.7838  29.411053     0.7876  29.414115     5.0136     5.0639     0.0436    90.0562 1.0000e-12  -64.77044  -63.09830 347.989780      99.98 5.2358e+02   1148.958      27576          5  0.000e+00
    177.102    175.294     0.7836  29.411170     0.7874  29.414115     5.0086     5.0639     0.0436    90.0562 1.0000e-12  -64.77044  -63.09830 347.989780      99.98 5.2358e+02   1149.000      27577          5  0.000e+00
    177.054    175.246     0.7828  29.411170     0.7877  29.414631     5.0080     5.0637     0.0436    90.0562 1.0000e-12  -64.77044  -63.09830 347.989781      99.98 5.2181e+02   1149.042      27578          5  0.000e+00
    177.171    175.361     0.7828  29.411053     0.7878  29.414689     5.0130     5.0690     0.0436    90.0562 1.0000e-12  -64.77044  -63.09830 347.989781      99.98 5.2181e+02   1149.083      27579          5  0.000e+00
    177.054    175.246     0.7830  29.410877     0.7876  29.414689     5.0133     5.0697     0.0436    90.0562 1.0000e-12  -64.77044  -63.09830 347.989782      99.95 5.2181e+02   1149.125      27580          5  0.000e+00
    177.102    175.294     0.7828  29.410525     0.7877  29.414689     5.0080     5.0650     0.0436    90.0819 1.0000e-12  -64.77044  -63.09830 347.989782      99.93 5.2181e+02   1149.167      27581          5  0.000e+00
    177.068    175.260     0.7827  29.410877     0.7877  29.414689     5.0140     5.0649     0.0436    90.1077 1.0000e-12  -64.77044  -63.09830 347.989783      99.98 5.2005e+02   1149.208      27582          5  0.000e+00
    177.150    175.341     0.7828  29.410877     0.7882  29.414689     5.0156     5.0648     0.0436    90.1077 1.0000e-12  -64.77044  -63.09830 347.989783      99.98 5.2005e+02   1149.250      27583          5  0.000e+00
    177.054    175.246     0.7827  29.410759     0.7879  29.414689     5.0157     5.0699     0.0436    90.0819 1.0000e-12  -64.77044  -63.09830 347.989783      99.98 5.2005e+02   1149.292      27584          5  0.000e+00
    177.123    175.314     0.7823  29.411170     0.7854  29.414689     5.0171     5.0709     0.0362    90.0819 1.0000e-12  -64.77044  -63.09830 347.989784      99.93 5.1829e+02   1149.333      27585          5  0.000e+00
    177.102    175.294     0.7822  29.410231     0.7843  29.414632     5.0172     5.0663     0.0362    90.1077 1.0000e-12  -64.77044  -63.09830 347.989784      99.95 5.1829e+02   1149.375      27586          5  0.000e+00
    177.102    175.294     0.7817  29.410642     0.7828  29.411937     5.0101     5.0664     0.0362    90.0819 1.0000e-12  -64.77044  -63.09830 347.989785      99.95 5.1829e+02   1149.417      27587          5  0.000e+00
    177.068    175.260     0.7819  29.410055     0.7825  29.410561     5.0143     5.0716     0.0362    90.1077 1.0000e-12  -64.77044  -63.09830 347.989785      99.98 5.1652e+02   1149.458      27588          5  0.000e+00
    177.102    175.294     0.7819  29.409938     0.7820  29.410274     5.0153     5.0669     0.0362    90.0819 1.0000e-12  -64.77044  -63.09830 347.989786      99.98 5.1652e+02   1149.500      27589          5  0.000e+00
    177.102    175.294     0.7820  29.409820     0.7818  29.410274     5.0149     5.0667     0.0362    90.0819 1.0000e-12  -64.77044  -63.09830 347.989786      99.98 5.1652e+02   1149.542      27590          5  0.000e+00
    177.172    175.363     0.7967  29.424083     0.7935  29.419849     5.0047     5.0634     0.0729    90.0304 1.0000e-12  -64.77044  -63.09830 347.989878      99.98 4.6187e+02   1157.417      27779          6  0.000e+00
    177.103    175.295     0.7970  29.423731     0.7931  29.419562     5.0044     5.0633     0.0729    90.0047 1.0000e-12  -64.77044  -63.09830 347.989878      99.98 4.6187e+02   1157.458      27780          6  0.000e+00
    177.152    175.343     0.7970  29.424083     0.7923  29.419563     5.0043     5.0633     0.0729    90.0304 1.0000e-12  -64.77044  -63.09830 347.989878      99.98 4.6011e+02   1157.500      27781          6  0.000e+00
    177.124    175.315     0.7964  29.423555     0.7927  29.418932     5.0098     5.0640     0.0729    90.0304 1.0000e-12  -64.77044  -63.09830 347.989879      99.98 4.6011e+02   1157.542      27782          6  0.000e+00
    177.206    175.397     0.7961  29.423203     0.7931  29.418760     5.0097     5.0639     0.0729    90.0562 1.0000e-12  -64.77044  -63.09830 347.989879      99.98 4.6011e+02   1157.583      27783          6  0.000e+00
    177.103    175.295     0.7962  29.422733     0.7936  29.419046     5.0036     5.0690     0.0729    90.0562 1.0000e-12  -64.77044  -63.09830 347.989880      99.95 4.6011e+02   1157.625      27784          6  0.000e+00
    177.124    175.315     0.7969  29.422146     0.7945  29.419333     5.0032     5.0696     0.0729    90.0562 1.0000e-12  -64.77044  -63.09830 347.989880      99.95 4.6011e+02   1157.667      27785          6  0.000e+00
    177.206    175.397     0.7975  29.422675     0.7948  29.420136     5.0015     5.0702     0.0729    90.0562 1.0000e-12  -64.77044  -63.09830 347.989881      99.98 4.6011e+02   1157.708      27786          6  0.000e+00
    177.152    175.343     0.7978  29.423555     0.7950  29.420939     4.9996     5.0707     0.0729    90.0562 1.0000e-12  -64.77044  -63.09830 347.989881      99.98 4.6011e+02   1157.750      27787          6  0.000e+00
    177.124    175.315     0.7978  29.424318     0.7951  29.421225     5.0047     5.0659     0.0729    90.0562 1.0000e-12  -64.77044  -63.09830 347.989882      99.98 4.6011e+02   1157.792      27788          6  0.000e+00
    177.152    175.343     0.7976  29.424905     0.7953  29.421684     5.0055     5.0657     0.0729    90.0562 1.0000e-12  -64.77044  -63.09830 347.989882      99.93 4.6011e+02   1157.833      27789          6  0.000e+00
    177.152    175.343     0.7983  29.424905     0.7957  29.421741     4.9991     5.0654     0.0729    90.0562 1.0000e-12  -64.77044  -63.09830 347.989883      99.95 4.6011e+02   1157.875      27790          6  0.000e+00
    177.124    175.315     0.7984  29.425433     0.7952  29.422888     5.0041     5.0651     0.0802    90.0562 1.0000e-12  -64.77044  -63.09830 347.989883      99.98 4.6011e+02   1157.917      27791          6  0.000e+00
    177.152    175.343     0.7975  29.425199     0.7934  29.421225     4.9991     5.0652     0.0729    90.0562 1.0000e-12  -64.77044  -63.09830 347.989884      99.98 4.6011e+02   1157.958      27792          6  0.000e+00
    177.206    175.397     0.7970  29.425199     0.7906  29.419047     4.9972     5.0654     0.0729    90.0562 1.0000e-12  -64.77044  -63.09830 347.989884      99.98 4.6011e+02   1158.000      27793          6  0.000e+00
    177.069    175.261     0.7969  29.423731     0.7893  29.416867     4.9964     5.0706     0.0729    90.0562 1.0000e-12  -64.77044  -63.09830 347.989885      99.98 4.6011e+02   1158.042      27794          6  0.000e+00
    177.152    175.343     0.7969  29.423555     0.7872  29.416008     5.0027     5.0662     0.0655    90.0562 1.0000e-12  -64.77044  -63.09830 347.989885      99.98 4.6011e+02   1158.083      27795          6  0.000e+00
    177.152    175.343     0.7980  29.424083     0.7869  29.415492     5.0031     5.0660     0.0509    90.0562 1.0000e-12  -64.77044  -63.09830 347.989886      99.95 4.6011e+02   1158.125      27796          6  0.000e+00
    177.172    175.363     0.7999  29.424318     0.7888  29.414861     4.9978     5.0655     0.0509    90.0562 1.0000e-12  -64.77044  -63.09830 347.989886      99.95 4.6011e+02   1158.167      27797          6  0.000e+00
    177.152    175.343     0.8005  29.426255     0.7879  29.414918     4.9968     5.0654     0.0509    90.0562 1.0000e-12  -64.77044  -63.09830 347.989887      99.98 4.6011e+02   1158.208      27798          6  0.000e+00
    177.152    175.343     0.8011  29.428486     0.7874  29.414918     4.9958     5.0651     0.0509    90.0562 1.0000e-12  -64.77044  -63.09830 347.989887      99.98 4.6011e+02   1158.250      27799          6  0.000e+00
    177.124    175.315     0.8016  29.428427     0.7877  29.414402     4.9950     5.0702     0.0509    90.0562 1.0000e-12  -64.77044  -63.09830 347.989888      99.98 4.6011e+02   1158.292      27800          6  0.000e+00
    177.206    175.397     0.8010  29.429308     0.7889  29.414918     4.9942     5.0706     0.0509    90.0562 1.0000e-12  -64.77044  -63.09830 347.989888      99.93 4.6011e+02   1158.333      27801          6  0.000e+00
    177.152    175.343     0.7999  29.428486     0.7894  29.415778     5.0005     5.0656     0.0509    90.0562 1.0000e-12  -64.77044  -63.09830 347.989889      99.95 4.5835e+02   1158.375      27802          6  0.000e+00
    177.124    175.315     0.7992  29.427606     0.7899  29.416294     4.9955     5.0651     0.0509    90.0819 1.0000e-12  -64.77044  -63.09830 347.989889      99.98 4.5835e+02   1158.417      27803          6  0.000e+00
    177.152    175.343     0.7989  29.426255     0.7896  29.416294     5.0018     5.0649     0.0509    90.0819 1.0000e-12  -64.77044  -63.09830 347.989890      99.98 4.5835e+02   1158.458      27804          6  0.000e+00
    177.152    175.343     0.7988  29.425433     0.7914  29.416523     4.9980     5.0643     0.0509    90.0819 1.0000e-12  -64.77044  -63.09830 347.989890      99.98 4.5835e+02   1158.500      27805          6  0.000e+00
    177.172    175.363     0.7981  29.424553     0.7933  29.417957     4.9974     5.0637     0.0509    90.0819 1.0000e-12  -64.77044  -63.09830 347.989891      99.98 4.5835e+02   1158.542      27806          6  0.000e+00
    177.152    175.343     0.7980  29.424612     0.7942  29.419849     4.9910     5.0631     0.0509    90.0819 1.0000e-12  -64.77044  -63.09830 347.989891      99.98 4.5835e+02   1158.583      27807          6  0.000e+00
    177.152    175.343     0.7980  29.424318     0.7956  29.421225     4.9960     5.0626     0.0509    90.0819 1.0000e-12  -64.77044  -63.09830 347.989891      99.95 4.5835e+02   1158.625      27808          6  0.000e+00
    177.124    175.315     0.7984  29.424377     0.7970  29.422028     4.9953     5.0620     0.0509    90.0819 1.0000e-12  -64.77044  -63.09830 347.989892      99.95 4.5835e+02   1158.667      27809          6  0.000e+00
    177.152    175.343     0.7994  29.424612     0.7982  29.423404     4.9945     5.0615     0.0582    90.0819 1.0000e-12  -64.77044  -63.09830 347.989892      99.98 4.5835e+02   1158.708      27810          6  0.000e+00
    177.152    175.343     0.8002  29.425962     0.7990  29.424207     4.9994     5.0610     0.0509    90.0819 1.0000e-12  -64.77044  -63.09830 347.989893      99.98 4.5835e+02   1158.750      27811          6  0.000e+00
    177.172    175.363     0.7999  29.427077     0.8001  29.424666     4.9943     5.0606     0.0509    90.0819 1.0000e-12  -64.77044  -63.09830 347.989893      99.98 4.5835e+02   1158.792      27812          6  0.000e+00
    177.104    175.295     0.7989  29.426842     0.8010  29.425583     4.9937     5.0600     0.0509    90.0819 1.0000e-12  -64.77044  -63.09830 347.989894      99.93 4.5835e+02   1158.833      27813          6  0.000e+00
    177.152    175.343     0.7988  29.425668     0.8012  29.426386     5.0001     5.0597     0.0509    90.0819 1.0000e-12  -64.77044  -63.09830 347.989894      99.95 4.5835e+02   1158.875      27814          6  0.000e+00
    177.172    175.363     0.7984  29.425199     0.8007  29.426673     4.9895     5.0594     0.0509    90.0819 1.0000e-12  -64.77044  -63.09830 347.989895      99.98 4.5835e+02   1158.917      27815          6  0.000e+00
    177.152    175.343     0.7983  29.424612     0.8004  29.426673     4.9876     5.0591     0.0509    90.0819 1.0000e-12  -64.77044  -63.09830 347.989895      99.98 4.5835e+02   1158.958      27816          6  0.000e+00
    177.152    175.343     0.7980  29.424318     0.8015  29.426157     4.9858     5.0586     0.0509    90.0819 1.0000e-12  -64.77044  -63.09830 347.989896      99.98 4.5835e+02   1159.000      27817          6  0.000e+00
    177.124    175.316     0.7983  29.424905     0.8019  29.426845     4.9895     5.0582     0.0509    90.0819 1.0000e-12  -64.77044  -63.09830 347.989896      99.98 4.5835e+02   1159.042      27818          6  0.000e+00
    177.152    175.343     0.7986  29.425199     0.8018  29.428049     4.9890     5.0578     0.0582    90.0819 1.0000e-12  -64.77044  -63.09830 347.989897      99.98 4.5835e+02   1159.083      27819          6  0.000e+00
    177.152    175.343     0.7989  29.425433     0.7995  29.427763     4.9827     5.0578     0.0509    90.0819 1.0000e-12  -64.77044  -63.09830 347.989897      99.95 4.5835e+02   1159.125      27820          6  0.000e+00
    177.172    175.363     0.7992  29.426021     0.7968  29.426673     4.9866     5.0578     0.0509    90.0819 1.0000e-12  -64.77044  -63.09830 347.989898      99.95 4.5659e+02   1159.167      27821          6  0.000e+00
    177.104    175.295     0.7994  29.426020     0.7973  29.424780     4.9860     5.0574     0.0509    90.0819 1.0000e-12  -64.77044  -63.09830 347.989898      99.95 4.5659e+02   1159.208      27822          6  0.000e+00
