NBP2113_155081_ctd/data/nbp2113_010.ros
* Sea-Bird SBE 9 Data File:
* FileName = D:\Data\raw\NBP2113_010.hex
* Software Version Seasave V 7.26.7.121
* Temperature SN = 2438
* Conductivity SN = 2067
* Number of Bytes Per Scan = 40
* Number of Voltage Words = 5
* Number of Scans Averaged by the Deck Unit = 1
* NMEA Latitude = 64 34.40 S
* NMEA Longitude = 065 21.00 W
* NMEA UTC (Time) = Nov 25 2021  20:37:57
* NMEA baud rate = 9600
** Ship: RVIB N.B. Palmer
** Cruise: NBP2113 LTER
** Station: 600.100
** Operator: S. Blackman
# nquan = 20
# nvalues = 1162                                  
# units = specified
# name 0 = prDM: Pressure, Digiquartz [db]
# name 1 = depSM: Depth [salt water, m]
# name 2 = t090C: Temperature [ITS-90, deg C]
# name 3 = c0mS/cm: Conductivity [mS/cm]
# name 4 = t190C: Temperature, 2 [ITS-90, deg C]
# name 5 = c1mS/cm: Conductivity, 2 [mS/cm]
# name 6 = sbeox0ML/L: Oxygen, SBE 43 [ml/l]
# name 7 = sbeox1ML/L: Oxygen, SBE 43, 2 [ml/l]
# name 8 = flECO-AFL: Fluorescence, WET Labs ECO-AFL/FL [mg/m^3]
# name 9 = CStarTr0: Beam Transmission, WET Labs C-Star [%]
# name 10 = par: PAR/Irradiance, Biospherical/Licor
# name 11 = latitude: Latitude [deg]
# name 12 = longitude: Longitude [deg]
# name 13 = timeJ: Julian Days
# name 14 = altM: Altimeter [m]
# name 15 = spar: SPAR, Biospherical/Licor
# name 16 = timeS: Time, Elapsed [seconds]
# name 17 = scan: Scan Count
# name 18 = nbf: Bottles Fired
# name 19 = flag:  0.000e+00
# interval = seconds: 0.0416667
# start_time = Nov 25 2021 20:37:57 [NMEA time, header]
# bad_flag = -9.990e-29
*END*
[from data line 797]
     20.156     19.958    -0.3531  27.990752    -0.3524  27.989728     8.2095     8.0972     1.2963    90.0819 2.6214e+01  -64.57438  -65.34658 329.887204      99.98 3.7197e+02   2377.458      57060         17  0.000e+00
     20.183     19.985    -0.3526  27.990868    -0.3524  27.989728     8.2046     8.0970     1.2890    90.1077 2.6289e+01  -64.57438  -65.34658 329.887205      99.98 3.7197e+02   2377.500      57061         17  0.000e+00
     20.128     19.931    -0.3518  27.990925    -0.3522  27.989334     8.1981     8.0967     1.2963    90.0819 2.6289e+01  -64.57438  -65.34658 329.887205      99.98 3.7197e+02   2377.542      57062         17  0.000e+00
     20.156     19.958    -0.3516  27.990983    -0.3523  27.989559     8.1962     8.0966     1.2890    90.0819 2.6365e+01  -64.57438  -65.34658 329.887206      99.98 3.7197e+02   2377.583      57063         17  0.000e+00
     20.080     19.883    -0.3516  27.990925    -0.3527  27.989334     8.1999     8.0963     1.2890    90.0819 2.6365e+01  -64.57438  -65.34658 329.887206      99.95 3.7197e+02   2377.625      57064         17  0.000e+00
     20.128     19.931    -0.3521  27.990810    -0.3527  27.989559     8.1950     8.0971     1.2963    90.0819 2.6365e+01  -64.57438  -65.34658 329.887207      99.95 3.7197e+02   2377.667      57065         17  0.000e+00
     20.080     19.883    -0.3523  27.990867    -0.3524  27.989334     8.1871     8.0977     1.2890    90.0819 2.6441e+01  -64.57438  -65.34658 329.887207      99.98 3.7197e+02   2377.708      57066         17  0.000e+00
     20.101     19.904    -0.3526  27.990925    -0.3524  27.989221     8.1910     8.0976     1.2890    90.0819 2.6441e+01  -64.57438  -65.34658 329.887208      99.98 3.7197e+02   2377.750      57067         17  0.000e+00
     20.080     19.883    -0.3527  27.990233    -0.3528  27.989221     8.1962     8.0984     1.2963    90.0819 2.6518e+01  -64.57438  -65.34658 329.887208      99.95 3.7197e+02   2377.792      57068         17  0.000e+00
     20.080     19.883    -0.3531  27.990522    -0.3524  27.989221     8.1968     8.1036     1.2890    90.0819 2.6518e+01  -64.57438  -65.34658 329.887209      99.95 3.7197e+02   2377.833      57069         17  0.000e+00
     20.053     19.856    -0.3529  27.990233    -0.3525  27.989559     8.2031     8.0997     1.2963    90.1077 2.6518e+01  -64.57438  -65.34658 329.887209      99.98 3.7197e+02   2377.875      57070         17  0.000e+00
     20.033     19.836    -0.3532  27.989772    -0.3522  27.989334     8.2093     8.0996     1.2890    90.0819 2.6594e+01  -64.57438  -65.34658 329.887210      99.98 3.7197e+02   2377.917      57071         17  0.000e+00
     20.081     19.883    -0.3534  27.990233    -0.3523  27.989221     8.2109     8.0995     1.2890    90.0819 2.6671e+01  -64.57438  -65.34658 329.887210      99.98 3.7197e+02   2377.958      57072         17  0.000e+00
     19.998     19.802    -0.3531  27.990060    -0.3525  27.989221     8.2134     8.0994     1.2890    90.0819 2.6671e+01  -64.57438  -65.34658 329.887211      99.98 3.7197e+02   2378.000      57073         17  0.000e+00
     20.033     19.836    -0.3529  27.990521    -0.3525  27.989390     8.2128     8.0993     1.2963    90.1077 2.6671e+01  -64.57438  -65.34658 329.887211      99.98 3.7197e+02   2378.042      57074         17  0.000e+00
     20.033     19.836    -0.3527  27.990464    -0.3527  27.989278     8.2124     8.0992     1.2890    90.1077 2.6671e+01  -64.57438  -65.34658 329.887212      99.98 3.7197e+02   2378.083      57075         17  0.000e+00
     19.978     19.782    -0.3527  27.990464    -0.3527  27.989221     8.2106     8.0991     1.2963    90.1077 2.6748e+01  -64.57438  -65.34658 329.887212      99.95 3.7197e+02   2378.125      57076         17  0.000e+00
     19.999     19.802    -0.3526  27.990637    -0.3524  27.989221     8.2179     8.0990     1.2890    90.1077 2.6748e+01  -64.57438  -65.34658 329.887213      99.98 3.7197e+02   2378.167      57077         17  0.000e+00
     19.978     19.782    -0.3527  27.990464    -0.3524  27.989390     8.2209     8.0988     1.2963    90.1077 2.6748e+01  -64.57438  -65.34658 329.887213      99.98 3.7197e+02   2378.208      57078         17  0.000e+00
     19.978     19.782    -0.3527  27.990233    -0.3525  27.989052     8.2225     8.0987     1.2963    90.1077 2.6748e+01  -64.57438  -65.34658 329.887214      99.98 3.7197e+02   2378.250      57079         17  0.000e+00
     19.999     19.802    -0.3524  27.990579    -0.3524  27.989446     8.2241     8.0986     1.2890    90.1077 2.6825e+01  -64.57438  -65.34658 329.887214      99.95 3.7197e+02   2378.292      57080         17  0.000e+00
     19.978     19.782    -0.3526  27.990694    -0.3524  27.989503     8.2257     8.0994     1.2890    90.1077 2.6825e+01  -64.57438  -65.34658 329.887215      99.95 3.7197e+02   2378.333      57081         17  0.000e+00
     19.930     19.735    -0.3523  27.990924    -0.3522  27.989446     8.2258     8.0992     1.2963    90.1077 2.6825e+01  -64.57438  -65.34658 329.887215      99.95 3.7197e+02   2378.375      57082         17  0.000e+00
     19.951     19.755    -0.3519  27.991155    -0.3521  27.989446     8.2201     8.0991     1.2890    90.1077 2.6825e+01  -64.57438  -65.34658 329.887215      99.98 3.7197e+02   2378.417      57083         17  0.000e+00
     19.930     19.735    -0.3515  27.991040    -0.3521  27.989615     8.2131     8.1045     1.2890    90.1077 2.6825e+01  -64.57438  -65.34658 329.887216      99.98 3.7197e+02   2378.458      57084         17  0.000e+00
     19.978     19.782    -0.3516  27.991155    -0.3514  27.989896     8.2049     8.0997     1.2890    90.1077 2.6903e+01  -64.57438  -65.34658 329.887216      99.98 3.7197e+02   2378.500      57085         17  0.000e+00
     19.903     19.707    -0.3516  27.991385    -0.3511  27.990178     8.2026     8.0994     1.2817    90.1077 2.6903e+01  -64.57438  -65.34658 329.887217      99.98 3.7197e+02   2378.542      57086         17  0.000e+00
     19.930     19.735    -0.3515  27.991097    -0.3513  27.990065     8.2090     8.0994     1.2817    90.1077 2.6903e+01  -64.57438  -65.34658 329.887217      99.98 3.7197e+02   2378.583      57087         17  0.000e+00
     19.930     19.735    -0.3518  27.990924    -0.3514  27.990009     8.2099     8.0993     1.2817    90.1077 2.6903e+01  -64.57438  -65.34658 329.887218      99.95 3.7197e+02   2378.625      57088         17  0.000e+00
     19.930     19.735    -0.3519  27.991097    -0.3522  27.989390     8.2038     8.0994     1.2817    90.1077 2.6903e+01  -64.57438  -65.34658 329.887218      99.98 3.7197e+02   2378.667      57089         17  0.000e+00
     19.903     19.708    -0.3516  27.991040    -0.3521  27.989390     8.2123     8.0992     1.2743    90.1077 2.6903e+01  -64.57438  -65.34658 329.887219      99.98 3.7197e+02   2378.708      57090         17  0.000e+00
     19.930     19.735    -0.3518  27.991328    -0.3519  27.989840     8.2077     8.0991     1.2817    90.1077 2.6903e+01  -64.57438  -65.34658 329.887219      99.98 3.7197e+02   2378.750      57091         17  0.000e+00
     19.876     19.681    -0.3515  27.991270    -0.3521  27.990009     8.2061     8.0989     1.2743    90.1077 2.6903e+01  -64.57438  -65.34658 329.887220      99.95 3.7197e+02   2378.792      57092         17  0.000e+00
     19.903     19.708    -0.3516  27.991040    -0.3521  27.990009     8.2047     8.0989     1.2817    90.1077 2.6825e+01  -64.57438  -65.34658 329.887220      99.95 3.7197e+02   2378.833      57093         17  0.000e+00
     19.931     19.735    -0.3519  27.991155    -0.3522  27.989784     8.2092     8.0988     1.2817    90.1077 2.6903e+01  -64.57438  -65.34658 329.887221      99.98 3.7197e+02   2378.875      57094         17  0.000e+00
     19.876     19.681    -0.3524  27.991040    -0.3526  27.989896     8.2078     8.0987     1.2817    90.1077 2.6825e+01  -64.57438  -65.34658 329.887221      99.98 3.7197e+02   2378.917      57095         17  0.000e+00
     20.336     20.136    -0.3550  27.990350    -0.3470  27.991360     8.1985     8.0954     1.3476    90.1077 2.4109e+01  -64.57438  -65.34658 329.887264      99.95 3.7373e+02   2382.625      57184         18  0.000e+00
     20.288     20.089    -0.3553  27.990407    -0.3471  27.991304     8.1962     8.0904     1.3476    90.1334 2.4109e+01  -64.57438  -65.34658 329.887265      99.95 3.7373e+02   2382.667      57185         18  0.000e+00
     20.309     20.109    -0.3546  27.990234    -0.3470  27.991473     8.2023     8.0955     1.3403    90.1334 2.4109e+01  -64.57438  -65.34658 329.887265      99.98 3.7373e+02   2382.708      57186         18  0.000e+00
     20.288     20.089    -0.3540  27.990753    -0.3471  27.991360     8.2095     8.0960     1.3403    90.1334 2.4109e+01  -64.57438  -65.34658 329.887266      99.98 3.7373e+02   2382.750      57187         18  0.000e+00
     20.288     20.089    -0.3531  27.991098    -0.3469  27.991473     8.2096     8.0901     1.3403    90.1334 2.4109e+01  -64.57438  -65.34658 329.887266      99.95 3.7373e+02   2382.792      57188         18  0.000e+00
     20.309     20.109    -0.3527  27.991444    -0.3473  27.991135     8.2119     8.0953     1.3403    90.1334 2.4109e+01  -64.57438  -65.34658 329.887267      99.95 3.7373e+02   2382.833      57189         18  0.000e+00
     20.288     20.089    -0.3516  27.992078    -0.3470  27.991417     8.2183     8.0894     1.3696    90.1334 2.4109e+01  -64.57438  -65.34658 329.887267      99.98 3.7373e+02   2382.875      57190         18  0.000e+00
     20.288     20.089    -0.3504  27.992078    -0.3472  27.991360     8.2147     8.0891     1.4135    90.1334 2.4179e+01  -64.57438  -65.34658 329.887268      99.98 3.7373e+02   2382.917      57191         18  0.000e+00
     20.309     20.110    -0.3499  27.992251    -0.3476  27.991079     8.2142     8.0943     1.4282    90.1334 2.4179e+01  -64.57438  -65.34658 329.887268      99.98 3.7373e+02   2382.958      57192         18  0.000e+00
     20.288     20.089    -0.3498  27.992481    -0.3483  27.991023     8.2067     8.0950     1.4282    90.1077 2.4179e+01  -64.57438  -65.34658 329.887269      99.98 3.7373e+02   2383.000      57193         18  0.000e+00
     20.234     20.035    -0.3493  27.992020    -0.3483  27.990854     8.2079     8.0900     1.4208    90.1334 2.4249e+01  -64.57438  -65.34658 329.887269      99.98 3.7373e+02   2383.042      57194         18  0.000e+00
     20.289     20.089    -0.3495  27.992135    -0.3485  27.990966     8.2018     8.0953     1.4282    90.1592 2.4249e+01  -64.57438  -65.34658 329.887269      99.98 3.7373e+02   2383.083      57195         18  0.000e+00
     20.261     20.062    -0.3495  27.992251    -0.3484  27.991023     8.2000     8.0903     1.4208    90.1592 2.4319e+01  -64.57438  -65.34658 329.887270      99.95 3.7373e+02   2383.125      57196         18  0.000e+00
     20.234     20.035    -0.3490  27.992135    -0.3484  27.990966     8.1925     8.0901     1.4282    90.1592 2.4319e+01  -64.57438  -65.34658 329.887270      99.95 3.7373e+02   2383.167      57197         18  0.000e+00
     20.289     20.089    -0.3487  27.992193    -0.3489  27.990966     8.1968     8.0900     1.4208    90.1592 2.4319e+01  -64.57438  -65.34658 329.887271      99.98 3.7373e+02   2383.208      57198         18  0.000e+00
     20.261     20.062    -0.3484  27.992423    -0.3487  27.991023     8.2125     8.0898     1.4208    90.1592 2.4319e+01  -64.57438  -65.34658 329.887271      99.98 3.7373e+02   2383.250      57199         18  0.000e+00
     20.289     20.089    -0.3487  27.992596    -0.3487  27.990854     8.2266     8.0951     1.4208    90.1334 2.4389e+01  -64.57438  -65.34658 329.887272      99.95 3.7373e+02   2383.292      57200         18  0.000e+00
     20.234     20.035    -0.3487  27.992308    -0.3484  27.991135     8.2314     8.0902     1.4208    90.1592 2.4389e+01  -64.57438  -65.34658 329.887272      99.95 3.7373e+02   2383.333      57201         18  0.000e+00
     20.159     19.961    -0.3489  27.992423    -0.3483  27.991079     8.2245     8.0900     1.4282    90.1592 2.4460e+01  -64.57438  -65.34658 329.887273      99.98 3.7373e+02   2383.375      57202         18  0.000e+00
     20.289     20.089    -0.3486  27.992366    -0.3479  27.991191     8.2193     8.0900     1.4282    90.1592 2.4460e+01  -64.57438  -65.34658 329.887273      99.98 3.7373e+02   2383.417      57203         18  0.000e+00
     20.234     20.035    -0.3486  27.992481    -0.3484  27.991304     8.2139     8.0954     1.4208    90.1592 2.4530e+01  -64.57438  -65.34658 329.887274      99.98 3.7373e+02   2383.458      57204         18  0.000e+00
     20.234     20.035    -0.3487  27.992193    -0.3483  27.991079     8.2073     8.0962     1.4208    90.1592 2.4530e+01  -64.57438  -65.34658 329.887274      99.98 3.7373e+02   2383.500      57205         18  0.000e+00
     20.207     20.008    -0.3489  27.992423    -0.3479  27.991191     8.2051     8.0970     1.4208    90.1592 2.4530e+01  -64.57438  -65.34658 329.887275      99.98 3.7373e+02   2383.542      57206         18  0.000e+00
     20.186     19.988    -0.3486  27.992711    -0.3476  27.991304     8.2100     8.0977     1.4208    90.1592 2.4601e+01  -64.57438  -65.34658 329.887275      99.98 3.7373e+02   2383.583      57207         18  0.000e+00
     20.234     20.035    -0.3487  27.992250    -0.3475  27.991079     8.2180     8.0922     1.4208    90.1592 2.4672e+01  -64.57438  -65.34658 329.887276      99.95 3.7373e+02   2383.625      57208         18  0.000e+00
     20.159     19.961    -0.3487  27.992193    -0.3473  27.991416     8.2142     8.0912     1.4208    90.1592 2.4672e+01  -64.57438  -65.34658 329.887276      99.98 3.7373e+02   2383.667      57209         18  0.000e+00
     20.234     20.035    -0.3490  27.992423    -0.3471  27.991360     8.2151     8.0912     1.4208    90.1592 2.4744e+01  -64.57438  -65.34658 329.887277      99.98 3.7373e+02   2383.708      57210         18  0.000e+00
     20.186     19.988    -0.3489  27.992366    -0.3472  27.991079     8.2144     8.0903     1.4208    90.1592 2.4744e+01  -64.57438  -65.34658 329.887277      99.98 3.7373e+02   2383.750      57211         18  0.000e+00
     20.186     19.988    -0.3489  27.992481    -0.3471  27.991022     8.2183     8.0903     1.4208    90.1592 2.4815e+01  -64.57438  -65.34660 329.887278      99.95 3.7373e+02   2383.792      57212         18  0.000e+00
     20.159     19.961    -0.3489  27.992538    -0.3471  27.991416     8.2145     8.0957     1.4208    90.1592 2.4815e+01  -64.57438  -65.34660 329.887278      99.93 3.7373e+02   2383.833      57213         18  0.000e+00
     20.186     19.988    -0.3481  27.992596    -0.3471  27.991360     8.2080     8.0912     1.4208    90.1592 2.4887e+01  -64.57438  -65.34660 329.887279      99.98 3.7373e+02   2383.875      57214         18  0.000e+00
     20.132     19.934    -0.3474  27.992538    -0.3475  27.991304     8.2002     8.0967     1.4282    90.1334 2.4887e+01  -64.57438  -65.34660 329.887279      99.98 3.7373e+02   2383.917      57215         18  0.000e+00
     20.159     19.961    -0.3476  27.992711    -0.3476  27.991304     8.2015     8.0922     1.4208    90.1334 2.4887e+01  -64.57438  -65.34660 329.887280      99.98 3.7373e+02   2383.958      57216         18  0.000e+00
     20.186     19.988    -0.3471  27.992654    -0.3476  27.991304     8.1939     8.0915     1.3989    90.1334 2.4959e+01  -64.57438  -65.34660 329.887280      99.98 3.7373e+02   2384.000      57217         18  0.000e+00
     20.132     19.934    -0.3473  27.992942    -0.3479  27.991304     8.1953     8.0907     1.3915    90.1334 2.4959e+01  -64.57438  -65.34660 329.887281      99.98 3.7373e+02   2384.042      57218         18  0.000e+00
