NBP2113_155081_ctd/data/nbp2113_045.ros
* Sea-Bird SBE 9 Data File:
* FileName = D:\Data\raw\NBP2113_045.hex
* Software Version Seasave V 7.26.7.121
* Temperature SN = 2438
* Conductivity SN = 2067
* Number of Bytes Per Scan = 40
* Number of Voltage Words = 5
* Number of Scans Averaged by the Deck Unit = 1
* NMEA Latitude = 64 53.15 S
* NMEA Longitude = 063 45.53 W
* NMEA UTC (Time) = Dec 11 2021  03:56:53
* NMEA baud rate = 9600
** Ship: RVIB N.B. Palmer
** Cruise: NBP2113 LTER
** Station: 624.021
** Operator: B. Urmston
# nquan = 20
# nvalues = 1133                                  
# units = specified
# name 0 = prDM: Pressure, Digiquartz [db]
# name 1 = depSM: Depth [salt water, m]
# name 2 = t090C: Temperature [ITS-90, deg C]
# name 3 = c0mS/cm: Conductivity [mS/cm]
# name 4 = t190C: Temperature, 2 [ITS-90, deg C]
# name 5 = c1mS/cm: Conductivity, 2 [mS/cm]
# name 6 = sbeox0ML/L: Oxygen, SBE 43 [ml/l]
# name 7 = sbeox1ML/L: Oxygen, SBE 43, 2 [ml/l]
# name 8 = flECO-AFL: Fluorescence, WET Labs ECO-AFL/FL [mg/m^3]
# name 9 = CStarTr0: Beam Transmission, WET Labs C-Star [%]
# name 10 = par: PAR/Irradiance, Biospherical/Licor
# name 11 = latitude: Latitude [deg]
# name 12 = longitude: Longitude [deg]
# name 13 = timeJ: Julian Days
# name 14 = altM: Altimeter [m]
# name 15 = spar: SPAR, Biospherical/Licor
# name 16 = timeS: Time, Elapsed [seconds]
# name 17 = scan: Scan Count
# name 18 = nbf: Bottles Fired
# name 19 = flag:  0.000e+00
# interval = seconds: 0.0416667
# start_time = Dec 11 2021 03:56:53 [NMEA time, header]
# bad_flag = -9.990e-29
*END*
[from data line 218]
    404.618    400.263     1.0643  29.816133     1.0651  29.815195     4.5956     4.6492    -0.0004    91.4982 1.0000e-12  -64.88592  -63.75878 345.184529      99.95 0.0000e+00   1730.292      41528          5  0.000e+00
    404.562    400.208     1.0644  29.815366     1.0654  29.814906     4.5943     4.6539    -0.0004    91.5239 1.0000e-12  -64.88592  -63.75878 345.184529      99.95 0.0000e+00   1730.333      41529          5  0.000e+00
    404.666    400.311     1.0646  29.815602     1.0657  29.815252     4.5988     4.6531    -0.0004    91.5239 1.0000e-12  -64.88592  -63.75878 345.184530      99.95 0.0000e+00   1730.375      41530          5  0.000e+00
    404.604    400.249     1.0644  29.815602     1.0658  29.815195     4.5987     4.6531    -0.0004    91.5239 1.0000e-12  -64.88592  -63.75878 345.184530      99.98 0.0000e+00   1730.417      41531          5  0.000e+00
    404.562    400.208     1.0643  29.815956     1.0658  29.815194     4.5941     4.6532    -0.0004    91.5239 1.0000e-12  -64.88592  -63.75878 345.184531      99.98 0.0000e+00   1730.458      41532          5  0.000e+00
    404.563    400.208     1.0647  29.815307     1.0658  29.815771     4.5927     4.6532    -0.0004    91.5239 1.0000e-12  -64.88592  -63.75878 345.184531      99.95 0.0000e+00   1730.500      41533          5  0.000e+00
    404.618    400.263     1.0651  29.815307     1.0656  29.815829     4.5971     4.6479    -0.0004    91.5239 1.0000e-12  -64.88592  -63.75878 345.184532      99.93 0.0000e+00   1730.542      41534          5  0.000e+00
    404.556    400.202     1.0655  29.815897     1.0660  29.815771     4.5925     4.6525    -0.0004    91.5239 1.0000e-12  -64.88592  -63.75878 345.184532      99.98 0.0000e+00   1730.583      41535          5  0.000e+00
    404.618    400.263     1.0658  29.816487     1.0658  29.816002     4.5925     4.6527    -0.0004    91.5239 1.0000e-12  -64.88592  -63.75878 345.184533      99.98 0.0000e+00   1730.625      41536          5  0.000e+00
    404.563    400.208     1.0661  29.816959     1.0654  29.815771     4.5910     4.6528    -0.0004    91.5239 1.0000e-12  -64.88592  -63.75878 345.184533      99.98 0.0000e+00   1730.667      41537          5  0.000e+00
    404.514    400.161     1.0660  29.816958     1.0657  29.815252     4.5955     4.6528    -0.0004    91.5239 1.0000e-12  -64.88592  -63.75878 345.184534      99.98 0.0000e+00   1730.708      41538          5  0.000e+00
    404.556    400.202     1.0660  29.816959     1.0652  29.815195     4.5911     4.6476    -0.0004    91.5239 1.0000e-12  -64.88592  -63.75878 345.184534      99.98 0.0000e+00   1730.750      41539          5  0.000e+00
    404.514    400.161     1.0659  29.817017     1.0657  29.815483     4.5911     4.6468    -0.0077    91.5239 1.0000e-12  -64.88592  -63.75878 345.184535      99.98 0.0000e+00   1730.792      41540          5  0.000e+00
    404.563    400.208     1.0660  29.816723     1.0657  29.815483     4.5840     4.6461    -0.0077    91.5239 1.0000e-12  -64.88592  -63.75878 345.184535      99.95 0.0000e+00   1730.833      41541          5  0.000e+00
    404.514    400.161     1.0660  29.817253     1.0658  29.815828     4.5930     4.6509    -0.0077    91.5239 1.0000e-12  -64.88592  -63.75878 345.184536      99.98 0.0000e+00   1730.875      41542          5  0.000e+00
    404.500    400.147     1.0660  29.817312     1.0663  29.816001     4.5886     4.6510    -0.0077    91.5239 1.0000e-12  -64.88592  -63.75878 345.184536      99.98 0.0000e+00   1730.917      41543          5  0.000e+00
    404.514    400.161     1.0661  29.816427     1.0665  29.816001     4.5888     4.6512    -0.0077    91.5239 1.0000e-12  -64.88592  -63.75878 345.184537      99.98 0.0000e+00   1730.958      41544          5  0.000e+00
    404.514    400.161     1.0662  29.816722     1.0662  29.816289     4.5890     4.6515    -0.0077    91.5239 1.0000e-12  -64.88592  -63.75878 345.184537      99.95 0.0000e+00   1731.000      41545          5  0.000e+00
    404.500    400.147     1.0661  29.816722     1.0666  29.816059     4.5879     4.6462    -0.0150    91.5239 1.0000e-12  -64.88592  -63.75878 345.184538      99.95 0.0000e+00   1731.042      41546          5  0.000e+00
    404.459    400.106     1.0663  29.817017     1.0665  29.816001     4.5882     4.6510    -0.0077    91.5239 1.0000e-12  -64.88592  -63.75878 345.184538      99.98 0.0000e+00   1731.083      41547          5  0.000e+00
    404.459    400.106     1.0661  29.817253     1.0663  29.816001     4.5871     4.6513    -0.0077    91.5239 1.0000e-12  -64.88592  -63.75878 345.184538      99.98 0.0000e+00   1731.125      41548          5  0.000e+00
    404.459    400.106     1.0659  29.816958     1.0665  29.816001     4.5919     4.6515    -0.0077    91.5239 1.0000e-12  -64.88592  -63.75878 345.184539      99.98 0.0000e+00   1731.167      41549          5  0.000e+00
    404.452    400.099     1.0661  29.816958     1.0663  29.815828     4.5863     4.6518    -0.0077    91.5239 1.0000e-12  -64.88592  -63.75878 345.184539      99.98 0.0000e+00   1731.208      41550          5  0.000e+00
    404.459    400.106     1.0660  29.817017     1.0662  29.816289     4.5866     4.6520    -0.0077    91.4982 1.0000e-12  -64.88592  -63.75878 345.184540      99.98 0.0000e+00   1731.250      41551          5  0.000e+00
    404.411    400.058     1.0663  29.816722     1.0663  29.816001     4.5868     4.6523    -0.0077    91.5239 1.0000e-12  -64.88592  -63.75878 345.184540      99.98 0.0000e+00   1731.292      41552          5  0.000e+00
    404.411    400.058     1.0661  29.816958     1.0663  29.816289     4.5872     4.6470    -0.0077    91.5239 1.0000e-12  -64.88592  -63.75878 345.184541      99.95 0.0000e+00   1731.333      41553          5  0.000e+00
    404.397    400.045     1.0658  29.816958     1.0663  29.816347     4.5935     4.6464    -0.0077    91.5239 1.0000e-12  -64.88592  -63.75878 345.184541      99.98 0.0000e+00   1731.375      41554          5  0.000e+00
    404.307    399.956     1.0647  29.815896     1.0657  29.816001     4.5924     4.6525    -0.0077    91.5239 1.0000e-12  -64.88592  -63.75878 345.184546      99.98 0.0000e+00   1731.750      41563          6  0.000e+00
    404.252    399.902     1.0647  29.815896     1.0657  29.815482     4.5929     4.6529    -0.0077    91.5239 1.0000e-12  -64.88592  -63.75878 345.184546      99.98 0.0000e+00   1731.792      41564          6  0.000e+00
    404.294    399.943     1.0646  29.815896     1.0656  29.814733     4.5980     4.6534    -0.0077    91.5239 1.0000e-12  -64.88592  -63.75878 345.184547      99.95 0.0000e+00   1731.833      41565          6  0.000e+00
    404.252    399.902     1.0646  29.815365     1.0651  29.815770     4.5985     4.6483    -0.0004    91.5239 1.0000e-12  -64.88592  -63.75878 345.184547      99.98 0.0000e+00   1731.875      41566          6  0.000e+00
    404.252    399.902     1.0646  29.815306     1.0654  29.814905     4.5931     4.6478    -0.0004    91.5239 1.0000e-12  -64.88592  -63.75878 345.184548      99.98 0.0000e+00   1731.917      41567          6  0.000e+00
    404.204    399.854     1.0646  29.815306     1.0651  29.815194     4.5936     4.6474    -0.0004    91.5239 1.0000e-12  -64.88592  -63.75878 345.184548      99.98 0.0000e+00   1731.958      41568          6  0.000e+00
    404.245    399.895     1.0645  29.815365     1.0652  29.814733     4.6000     4.6471    -0.0004    91.5239 1.0000e-12  -64.88592  -63.75878 345.184549      99.95 0.0000e+00   1732.000      41569          6  0.000e+00
    404.204    399.854     1.0644  29.815601     1.0649  29.814387     4.6005     4.6468    -0.0004    91.5239 1.0000e-12  -64.88592  -63.75878 345.184549      99.95 0.0000e+00   1732.042      41570          6  0.000e+00
    404.204    399.854     1.0644  29.815306     1.0647  29.814387     4.5965     4.6465    -0.0004    91.4982 1.0000e-12  -64.88592  -63.75878 345.184550      99.98 0.0000e+00   1732.083      41571          6  0.000e+00
    404.204    399.854     1.0643  29.815306     1.0647  29.814617     4.5971     4.6517    -0.0004    91.4982 1.0000e-12  -64.88592  -63.75878 345.184550      99.98 0.0000e+00   1732.125      41572          6  0.000e+00
    404.142    399.793     1.0643  29.815070     1.0647  29.814156     4.6021     4.6523    -0.0004    91.4724 1.0000e-12  -64.88592  -63.75878 345.184551      99.98 0.0000e+00   1732.167      41573          6  0.000e+00
    404.156    399.806     1.0646  29.815011     1.0646  29.814387     4.5968     4.6530    -0.0004    91.4724 1.0000e-12  -64.88592  -63.75878 345.184551      99.98 0.0000e+00   1732.208      41574          6  0.000e+00
    404.156    399.806     1.0644  29.815011     1.0646  29.814387     4.5973     4.6527    -0.0004    91.4724 1.0000e-12  -64.88592  -63.75878 345.184552      99.98 0.0000e+00   1732.250      41575          6  0.000e+00
    404.101    399.752     1.0647  29.815069     1.0647  29.814386     4.5965     4.6532    -0.0004    91.4724 1.0000e-12  -64.88592  -63.75878 345.184552      99.98 0.0000e+00   1732.292      41576          6  0.000e+00
    404.142    399.793     1.0643  29.815306     1.0647  29.814444     4.6016     4.6474    -0.0004    91.4724 1.0000e-12  -64.88592  -63.75878 345.184552      99.98 0.0000e+00   1732.333      41577          6  0.000e+00
    404.101    399.752     1.0647  29.815600     1.0646  29.814098     4.5962     4.6526    -0.0004    91.4724 1.0000e-12  -64.88592  -63.75878 345.184553      99.98 0.0000e+00   1732.375      41578          6  0.000e+00
    404.101    399.752     1.0646  29.815305     1.0645  29.814386     4.6026     4.6477    -0.0004    91.4724 1.0000e-12  -64.88592  -63.75878 345.184553      99.98 0.0000e+00   1732.417      41579          6  0.000e+00
    404.094    399.745     1.0649  29.815659     1.0643  29.814098     4.5986     4.6475    -0.0004    91.4724 1.0000e-12  -64.88592  -63.75878 345.184554      99.98 0.0000e+00   1732.458      41580          6  0.000e+00
    404.052    399.704     1.0646  29.815305     1.0645  29.813868     4.5979     4.6472    -0.0004    91.4724 1.0000e-12  -64.88592  -63.75878 345.184554      99.93 0.0000e+00   1732.500      41581          6  0.000e+00
    404.052    399.704     1.0649  29.815305     1.0645  29.813810     4.6029     4.6525    -0.0004    91.4724 1.0000e-12  -64.88592  -63.75878 345.184555      99.95 0.0000e+00   1732.542      41582          6  0.000e+00
    404.052    399.704     1.0649  29.815305     1.0645  29.814098     4.5990     4.6523    -0.0004    91.4467 1.0000e-12  -64.88592  -63.75878 345.184555      99.98 0.0000e+00   1732.583      41583          6  0.000e+00
    403.990    399.643     1.0649  29.815659     1.0643  29.813810     4.5981     4.6475    -0.0004    91.4982 1.0000e-12  -64.88592  -63.75878 345.184556      99.98 0.0000e+00   1732.625      41584          6  0.000e+00
    403.997    399.650     1.0651  29.815600     1.0645  29.814156     4.6031     4.6473    -0.0004    91.4724 1.0000e-12  -64.88592  -63.75878 345.184556      99.98 0.0000e+00   1732.667      41585          6  0.000e+00
    404.052    399.704     1.0648  29.815600     1.0646  29.814098     4.6037     4.6471    -0.0004    91.4724 1.0000e-12  -64.88592  -63.75878 345.184557      99.98 0.0000e+00   1732.708      41586          6  0.000e+00
    403.949    399.602     1.0652  29.815954     1.0646  29.814098     4.5996     4.6524    -0.0004    91.4982 1.0000e-12  -64.88592  -63.75878 345.184557      99.98 0.0000e+00   1732.750      41587          6  0.000e+00
    403.990    399.643     1.0652  29.816131     1.0646  29.814098     4.5988     4.6468    -0.0004    91.4724 1.0000e-12  -64.88592  -63.75878 345.184558      99.95 0.0000e+00   1732.792      41588          6  0.000e+00
    403.949    399.602     1.0655  29.815600     1.0645  29.814155     4.6037     4.6458    -0.0004    91.4724 1.0000e-12  -64.88592  -63.75878 345.184558      99.93 0.0000e+00   1732.833      41589          6  0.000e+00
    403.997    399.650     1.0656  29.816131     1.0645  29.813810     4.6028     4.6449    -0.0004    91.4724 1.0000e-12  -64.88592  -63.75878 345.184559      99.95 0.0000e+00   1732.875      41590          6  0.000e+00
    403.887    399.541     1.0658  29.816190     1.0643  29.814098     4.5986     4.6502    -0.0004    91.4724 1.0000e-12  -64.88592  -63.75878 345.184559      99.98 0.0000e+00   1732.917      41591          6  0.000e+00
    403.949    399.602     1.0655  29.816131     1.0645  29.813810     4.5977     4.6510     0.0069    91.5239 1.0000e-12  -64.88592  -63.75878 345.184560      99.98 0.0000e+00   1732.958      41592          6  0.000e+00
    403.894    399.547     1.0657  29.816131     1.0646  29.814443     4.5967     4.6516     0.0069    91.5497 1.0000e-12  -64.88592  -63.75878 345.184560      99.95 0.0000e+00   1733.000      41593          6  0.000e+00
    403.894    399.547     1.0658  29.816721     1.0647  29.814386     4.6015     4.6524     0.0069    91.5497 1.0000e-12  -64.88592  -63.75878 345.184561      99.95 0.0000e+00   1733.042      41594          6  0.000e+00
    403.935    399.588     1.0658  29.816485     1.0649  29.814098     4.5961     4.6468     0.0069    91.5497 1.0000e-12  -64.88592  -63.75878 345.184561      99.98 0.0000e+00   1733.083      41595          6  0.000e+00
    403.845    399.500     1.0657  29.816131     1.0649  29.814616     4.5951     4.6466     0.0069    91.5497 1.0000e-12  -64.88592  -63.75878 345.184562      99.98 0.0000e+00   1733.125      41596          6  0.000e+00
    403.845    399.500     1.0657  29.816426     1.0651  29.814443     4.5999     4.6465     0.0069    91.5497 1.0000e-12  -64.88592  -63.75878 345.184562      99.98 0.0000e+00   1733.167      41597          6  0.000e+00
    403.845    399.500     1.0659  29.816485     1.0652  29.814616     4.5957     4.6465     0.0069    91.5497 1.0000e-12  -64.88592  -63.75878 345.184563      99.98 0.0000e+00   1733.208      41598          6  0.000e+00
    403.887    399.541     1.0657  29.816426     1.0652  29.814904     4.5947     4.6519     0.0069    91.5497 1.0000e-12  -64.88592  -63.75878 345.184563      99.98 0.0000e+00   1733.250      41599          6  0.000e+00
    403.845    399.500     1.0654  29.815895     1.0656  29.814904     4.5938     4.6528     0.0069    91.5497 1.0000e-12  -64.88592  -63.75878 345.184564      99.95 0.0000e+00   1733.292      41600          6  0.000e+00
    403.790    399.445     1.0652  29.816130     1.0654  29.814962     4.5985     4.6536     0.0069    91.5497 1.0000e-12  -64.88592  -63.75878 345.184564      99.95 0.0000e+00   1733.333      41601          6  0.000e+00
    403.832    399.486     1.0654  29.816190     1.0654  29.814904     4.5930     4.6481     0.0069    91.5497 1.0000e-12  -64.88592  -63.75878 345.184565      99.98 0.0000e+00   1733.375      41602          6  0.000e+00
    403.790    399.445     1.0652  29.816130     1.0657  29.814904     4.5933     4.6472     0.0143    91.5497 1.0000e-12  -64.88592  -63.75878 345.184565      99.98 0.0000e+00   1733.417      41603          6  0.000e+00
    403.790    399.445     1.0652  29.815894     1.0656  29.814904     4.5923     4.6472     0.0069    91.5497 1.0000e-12  -64.88592  -63.75878 345.184565      99.98 0.0000e+00   1733.458      41604          6  0.000e+00
    403.790    399.445     1.0652  29.816130     1.0657  29.815250     4.5913     4.6472     0.0069    91.5497 1.0000e-12  -64.88592  -63.75878 345.184566      99.93 0.0000e+00   1733.500      41605          6  0.000e+00
    403.783    399.438     1.0651  29.815658     1.0658  29.815480     4.5917     4.6472     0.0069    91.5497 1.0000e-12  -64.88592  -63.75878 345.184566      99.95 0.0000e+00   1733.542      41606          6  0.000e+00
