NBP2113_155081_ctd/data/nbp2113_011.cnv
* Sea-Bird SBE 9 Data File:
* FileName = D:\Data\raw\NBP2113_011.hex
* Software Version Seasave V 7.26.7.121
* Temperature SN = 2438
* Conductivity SN = 2067
* Number of Bytes Per Scan = 40
* Number of Voltage Words = 5
* Number of Scans Averaged by the Deck Unit = 1
* NMEA Latitude = 63 57.92 S
* NMEA Longitude = 066 51.27 W
* NMEA UTC (Time) = Nov 26 2021  05:08:42
* NMEA baud rate = 9600
** Ship: RVIB N.B. Palmer
** Cruise: NBP2113 LTER
** Station: 600.200
** Operator: B. Urmston
# nquan = 25
# nvalues = 6192                        
# units = specified
# name 0 = prDM: Pressure, Digiquartz [db]
# name 1 = depSM: Depth [salt water, m]
# name 2 = t090C: Temperature [ITS-90, deg C]
# name 3 = c0mS/cm: Conductivity [mS/cm]
# name 4 = t190C: Temperature, 2 [ITS-90, deg C]
# name 5 = c1mS/cm: Conductivity, 2 [mS/cm]
# name 6 = sbeox0ML/L: Oxygen, SBE 43 [ml/l]
# name 7 = sbeox1ML/L: Oxygen, SBE 43, 2 [ml/l]
# name 8 = flECO-AFL: Fluorescence, WET Labs ECO-AFL/FL [mg/m^3]
# name 9 = CStarTr0: Beam Transmission, WET Labs C-Star [%]
# name 10 = par: PAR/Irradiance, Biospherical/Licor
# name 11 = latitude: Latitude [deg]
# name 12 = longitude: Longitude [deg]
# name 13 = timeJ: Julian Days
# name 14 = altM: Altimeter [m]
# name 15 = spar: SPAR, Biospherical/Licor
# name 16 = timeS: Time, Elapsed [seconds]
# name 17 = scan: Scan Count
# name 18 = density00: Density [density, kg/m^3]
# name 19 = density11: Density, 2 [density, kg/m^3]
# name 20 = sal00: Salinity, Practical [PSU]
# name 21 = sal11: Salinity, Practical, 2 [PSU]
# name 22 = oxsolML/L: Oxygen Saturation, Garcia & Gordon [ml/l]
# name 23 = nbin: number of scans per bin
# name 24 = flag: flag
# span 0 =      1.000,   3098.000       
# span 1 =      0.994,   3045.486       
# span 2 =    -1.2048,     2.0379       
# span 3 =  27.308759,  30.722632       
# span 4 =    -1.1900,     2.0382       
# span 5 =  27.323530,  30.722628       
# span 6 =     3.9792,     9.8840       
# span 7 =     3.9759,     9.9490       
# span 8 =    -0.0227,     7.5176       
# span 9 =    88.4704,    97.9357       
# span 10 = 1.0000e-12, 1.0000e-12      
# span 11 =  -63.96602,  -63.96546      
# span 12 =  -66.85634,  -66.85472      
# span 13 = 330.217781, 330.313487      
# span 14 =       6.63,     100.85      
# span 15 = 0.0000e+00, 7.2274e+01      
# span 16 =    294.277,   8563.305      
# span 17 =       7064,     205520      
# span 18 =  1027.2359,  1042.0775      
# span 19 =  1027.2298,  1042.0764      
# span 20 =    33.8825,    34.7289      
# span 21 =    33.8790,    34.7276      
# span 22 =    7.62144,    8.32646      
# span 23 =         13,         49      
# span 24 = 0.0000e+00, 0.0000e+00      
# interval = decibars: 1                
# start_time = Nov 26 2021 05:08:42 [NMEA time, header]
# bad_flag = -9.990e-29
*END*
      4.000      3.960    -0.6170  27.693597    -0.6126  27.694802     8.3823     8.4708     5.3548    89.7251 1.0000e-12  -63.96546  -66.85473 330.217781      99.93 0.0000e+00    294.277       7064  1027.2646  1027.2617    33.8982    33.8949    8.20423         38 0.0000e+00
      5.000      4.954    -0.6243  27.687430    -0.6214  27.687096     8.4003     8.4672     5.3073    89.9464 1.0000e-12  -63.96548  -66.85472 330.217874      95.71 0.0000e+00    302.274       7256  1027.2692  1027.2660    33.8974    33.8938    8.20586         26 0.0000e+00
      6.000      5.942    -0.6245  27.687829    -0.6221  27.687244     8.3993     8.4680     4.8317    89.8186 1.0000e-12  -63.96548  -66.85472 330.217908      99.98 0.0000e+00    305.218       7326  1027.2741  1027.2711    33.8976    33.8941    8.20590         19 0.0000e+00
      7.000      6.932    -0.6283  27.684602    -0.6265  27.683547     8.3997     8.4650     4.9999    89.9503 1.0000e-12  -63.96548  -66.85472 330.217923      99.97 0.0000e+00    306.510       7357  1027.2785  1027.2756    33.8969    33.8934    8.20677         34 0.0000e+00
      8.000      7.922    -0.6296  27.683740    -0.6270  27.683307     8.3779     8.4713     5.5827    89.6673 1.0000e-12  -63.96548  -66.85474 330.217968      99.97 0.0000e+00    310.454       7452  1027.2830  1027.2800    33.8966    33.8930    8.20706         38 0.0000e+00
      9.000      8.912    -0.6308  27.683150    -0.6296  27.681360     8.3974     8.4753     4.9545    89.8030 1.0000e-12  -63.96548  -66.85474 330.217995      99.97 0.0000e+00    312.811       7508  1027.2878  1027.2847    33.8964    33.8927    8.20732         36 0.0000e+00
     10.000      9.902    -0.6300  27.684314    -0.6303  27.681164     8.3982     8.4704     5.2763    89.5072 1.0000e-12  -63.96548  -66.85472 330.218034      99.97 0.0000e+00    316.151       7589  1027.2926  1027.2894    33.8966    33.8927    8.20715         38 0.0000e+00
     11.000     10.893    -0.6253  27.689248    -0.6235  27.688092     8.4038     8.4771     5.2675    89.6985 1.0000e-12  -63.96548  -66.85472 330.218052      99.97 0.0000e+00    317.698       7626  1027.2976  1027.2946    33.8974    33.8938    8.20609         44 0.0000e+00
     12.000     11.882    -0.6144  27.699824    -0.6125  27.698631     8.4182     8.4687     5.7525    89.8327 1.0000e-12  -63.96549  -66.85473 330.218102      99.97 0.0000e+00    322.054       7730  1027.3029  1027.2998    33.8987    33.8950    8.20363         40 0.0000e+00
     13.000     12.872    -0.6045  27.709578    -0.6060  27.705045     8.4180     8.4726     5.1714    89.8541 1.0000e-12  -63.96550  -66.85474 330.218131      99.97 0.0000e+00    324.482       7789  1027.3083  1027.3048    33.9002    33.8957    8.20141         37 0.0000e+00
     14.000     13.864    -0.6101  27.704614    -0.6078  27.703782     8.4355     8.4819     4.9325    89.7544 1.0000e-12  -63.96550  -66.85474 330.218160      99.97 0.0000e+00    327.048       7850  1027.3128  1027.3096    33.8992    33.8954    8.20268         48 0.0000e+00
     15.000     14.853    -0.5941  27.719493    -0.6025  27.709519     8.4255     8.4770     4.0682    90.3476 1.0000e-12  -63.96550  -66.85474 330.218183      99.97 0.0000e+00    329.000       7897  1027.3177  1027.3150    33.9006    33.8966    8.19912         34 0.0000e+00
     16.000     15.843    -0.5411  27.771891    -0.5399  27.770144     8.4357     8.4764     5.0913    89.6280 1.0000e-12  -63.96550  -66.85474 330.218232      99.97 0.0000e+00    333.269       7999  1027.3278  1027.3246    33.9112    33.9076    8.18705         37 0.0000e+00
     17.000     16.834    -0.5159  27.798603    -0.5148  27.797055     8.4379     8.4718     4.2720    89.7622 1.0000e-12  -63.96550  -66.85472 330.218256      99.97 0.0000e+00    335.297       8048  1027.3370  1027.3342    33.9183    33.9150    8.18119         38 0.0000e+00
     18.000     17.826    -0.5144  27.801389    -0.5131  27.799658     8.4048     8.4793     4.5242    89.8773 1.0000e-12  -63.96550  -66.85472 330.218278      99.98 0.0000e+00    337.215       8094  1027.3432  1027.3400    33.9198    33.9159    8.18079         34 0.0000e+00
     19.000     18.813    -0.5157  27.801852    -0.5136  27.800738     8.4519     8.4807     4.6910    89.1913 1.0000e-12  -63.96550  -66.85474 330.218322      99.97 0.0000e+00    341.030       8186  1027.3499  1027.3466    33.9213    33.9174    8.18098         43 0.0000e+00
     20.000     19.802    -0.5181  27.800942    -0.5162  27.800180     8.4306     8.4726     5.8391    89.6202 1.0000e-12  -63.96550  -66.85476 330.218363      99.97 0.0000e+00    344.604       8271  1027.3557  1027.3531    33.9220    33.9189    8.18144         28 0.0000e+00
     21.000     20.795    -0.5202  27.801906    -0.5185  27.800613     8.4430     8.4729     5.1934    89.4881 1.0000e-12  -63.96550  -66.85475 330.218392      99.97 0.0000e+00    347.035       8330  1027.3632  1027.3602    33.9251    33.9215    8.18172         37 0.0000e+00
     22.000     21.785    -0.5219  27.801883    -0.5201  27.800643     8.4458     8.4776     5.9090    89.3271 1.0000e-12  -63.96550  -66.85474 330.218421      99.97 0.0000e+00    349.593       8391  1027.3692  1027.3662    33.9264    33.9227    8.18202         26 0.0000e+00
     23.000     22.775    -0.5245  27.800870    -0.5227  27.799650     8.4309     8.4749     5.4700    89.4561 1.0000e-12  -63.96550  -66.85475 330.218457      99.97 0.0000e+00    352.723       8466  1027.3750  1027.3720    33.9273    33.9236    8.18253         43 0.0000e+00
     24.000     23.762    -0.5251  27.801408    -0.5234  27.800200     8.4523     8.4754     5.0172    89.3839 1.0000e-12  -63.96550  -66.85475 330.218497      99.97 0.0000e+00    356.183       8549  1027.3804  1027.3775    33.9280    33.9245    8.18261         25 0.0000e+00
     25.000     24.756    -0.5256  27.801704    -0.5240  27.800582     8.4206     8.4765     6.0350    89.6831 1.0000e-12  -63.96552  -66.85474 330.218526      99.97 0.0000e+00    358.641       8608  1027.3855  1027.3828    33.9284    33.9251    8.18270         37 0.0000e+00
     26.000     25.745    -0.5245  27.803713    -0.5227  27.802457     8.4425     8.4695     5.7218    89.7539 1.0000e-12  -63.96552  -66.85476 330.218562      99.97 0.0000e+00    361.762       8683  1027.3909  1027.3879    33.9292    33.9256    8.18241         26 0.0000e+00
     27.000     26.735    -0.5241  27.804569    -0.5224  27.803307     8.4481     8.4797     5.7416    89.3291 1.0000e-12  -63.96552  -66.85477 330.218606      99.97 0.0000e+00    365.559       8774  1027.3958  1027.3928    33.9294    33.9257    8.18233         31 0.0000e+00
     28.000     27.725    -0.5211  27.808336    -0.5204  27.806223     8.4594     8.4721     5.6613    89.3382 1.0000e-12  -63.96552  -66.85474 330.218643      99.97 0.0000e+00    368.745       8851  1027.4012  1027.3983    33.9304    33.9268    8.18160         40 0.0000e+00
     29.000     28.716    -0.5186  27.811539    -0.5175  27.809730     8.4623     8.4815     5.4754    89.8505 1.0000e-12  -63.96552  -66.85474 330.218659      99.97 0.0000e+00    370.150       8885  1027.4066  1027.4036    33.9313    33.9276    8.18101         35 0.0000e+00
     30.000     29.707    -0.5167  27.813719    -0.5153  27.812198     8.4528     8.4810     5.0459    89.5701 1.0000e-12  -63.96552  -66.85475 330.218689      99.97 0.0000e+00    372.751       8947  1027.4114  1027.4084    33.9315    33.9279    8.18059         36 0.0000e+00
     31.000     30.696    -0.5130  27.817799    -0.5114  27.816474     8.4565     8.4717     4.6703    89.3209 1.0000e-12  -63.96552  -66.85476 330.218752      99.97 0.0000e+00    378.141       9076  1027.4167  1027.4137    33.9323    33.9287    8.17976         46 0.0000e+00
     32.000     31.686    -0.5120  27.819213    -0.5089  27.819504     8.4743     8.4755     5.8201    89.5409 1.0000e-12  -63.96552  -66.85476 330.218775      99.97 0.0000e+00    380.172       9125  1027.4216  1027.4189    33.9325    33.9294    8.17954         43 0.0000e+00
     33.000     32.675    -0.5097  27.822006    -0.5076  27.821071     8.4704     8.4771     6.6127    89.4422 1.0000e-12  -63.96553  -66.85476 330.218809      99.97 0.0000e+00    383.126       9196  1027.4266  1027.4237    33.9330    33.9294    8.17900         35 0.0000e+00
     34.000     33.666    -0.5010  27.831300    -0.4990  27.830297     8.4829     8.4765     6.6114    89.1016 1.0000e-12  -63.96554  -66.85475 330.218848      99.97 0.0000e+00    386.435       9275  1027.4326  1027.4296    33.9351    33.9315    8.17700         37 0.0000e+00
     35.000     34.656    -0.4979  27.834880    -0.4964  27.833453     8.4665     8.4790     5.5126    88.9198 1.0000e-12  -63.96554  -66.85476 330.218876      99.97 0.0000e+00    388.916       9335  1027.4379  1027.4349    33.9358    33.9322    8.17629         39 0.0000e+00
     36.000     35.646    -0.4948  27.838455    -0.4933  27.837124     8.4612     8.4788     5.8925    89.1092 1.0000e-12  -63.96554  -66.85477 330.218911      99.97 0.0000e+00    391.911       9407  1027.4431  1027.4403    33.9365    33.9331    8.17558         33 0.0000e+00
     37.000     36.637    -0.4898  27.844131    -0.4887  27.842369     8.4603     8.4709     6.0331    89.2297 1.0000e-12  -63.96554  -66.85477 330.218964      99.97 0.0000e+00    396.480       9517  1027.4489  1027.4459    33.9380    33.9344    8.17443         46 0.0000e+00
     38.000     37.627    -0.4906  27.844572    -0.4885  27.843675     8.4532     8.4630     6.6219    89.3135 1.0000e-12  -63.96554  -66.85476 330.218988      99.97 0.0000e+00    398.534       9566  1027.4544  1027.4514    33.9388    33.9352    8.17454         43 0.0000e+00
     39.000     38.617    -0.5029  27.835744    -0.5007  27.834787     8.4424     8.4585     5.6768    89.4611 1.0000e-12  -63.96554  -66.85476 330.219011      99.97 0.0000e+00    400.570       9615  1027.4612  1027.4581    33.9401    33.9364    8.17712         40 0.0000e+00
     40.000     39.608    -0.5033  27.838363    -0.5021  27.836612     8.4510     8.4451     7.1197    89.5293 1.0000e-12  -63.96554  -66.85478 330.219052      99.97 0.0000e+00    404.096       9699  1027.4686  1027.4656    33.9435    33.9398    8.17701         27 0.0000e+00
     41.000     40.593    -0.5113  27.834501    -0.5078  27.834737     8.4418     8.4474     6.3522    89.7154 1.0000e-12  -63.96554  -66.85478 330.219096      99.97 0.0000e+00    407.922       9791  1027.4765  1027.4734    33.9467    33.9431    8.17856         29 0.0000e+00
     42.000     41.588    -0.5105  27.836621    -0.5095  27.834768     8.4654     8.4480     5.7041    89.6214 1.0000e-12  -63.96554  -66.85478 330.219132      99.97 0.0000e+00    411.040       9866  1027.4822  1027.4792    33.9480    33.9443    8.17831         36 0.0000e+00
     43.000     42.577    -0.5071  27.840155    -0.5057  27.838678     8.4813     8.4550     5.7167    89.0889 1.0000e-12  -63.96554  -66.85478 330.219161      99.97 0.0000e+00    413.521       9926  1027.4870  1027.4840    33.9483    33.9448    8.17756         39 0.0000e+00
     44.000     43.568    -0.5075  27.840330    -0.5058  27.839210     8.4519     8.4509     5.7073    89.4235 1.0000e-12  -63.96554  -66.85478 330.219189      99.97 0.0000e+00    415.909       9983  1027.4918  1027.4890    33.9484    33.9450    8.17764         37 0.0000e+00
     45.000     44.556    -0.5343  27.818661    -0.5308  27.819124     8.4329     8.4367     5.4197    89.4980 1.0000e-12  -63.96556  -66.85478 330.219235      99.97 0.0000e+00    419.869      10078  1027.4986  1027.4958    33.9487    33.9454    8.18341         33 0.0000e+00
     46.000     45.547    -0.5598  27.797525    -0.5531  27.800683     8.4455     8.4301     4.5428    89.2283 1.0000e-12  -63.96556  -66.85478 330.219258      99.97 0.0000e+00    421.859      10126  1027.5047  1027.5016    33.9483    33.9449    8.18895         35 0.0000e+00
     47.000     46.538    -0.5724  27.787642    -0.5700  27.787082     8.4467     8.4318     5.0925    89.5220 1.0000e-12  -63.96556  -66.85479 330.219305      99.97 0.0000e+00    425.932      10223  1027.5100  1027.5071    33.9484    33.9449    8.19166         41 0.0000e+00
     48.000     47.528    -0.5915  27.772948    -0.5889  27.772487     8.4212     8.4194     5.7071    89.4035 1.0000e-12  -63.96556  -66.85478 330.219344      99.97 0.0000e+00    429.281      10304  1027.5167  1027.5137    33.9495    33.9459    8.19575         34 0.0000e+00
     49.000     48.517    -0.5953  27.770340    -0.5927  27.770302     8.3997     8.4004     6.0881    89.3353 1.0000e-12  -63.96556  -66.85478 330.219369      99.96 0.0000e+00    431.517      10357  1027.5215  1027.5189    33.9496    33.9466    8.19656         42 0.0000e+00
     50.000     49.507    -0.6289  27.744052    -0.6261  27.743704     8.3670     8.3785     7.5176    88.4704 1.0000e-12  -63.96556  -66.85478 330.219397      99.97 0.0000e+00    433.910      10415  1027.5297  1027.5267    33.9513    33.9477    8.20375         39 0.0000e+00
     51.000     50.497    -0.6564  27.723047    -0.6496  27.726335     8.3306     8.3271     5.8252    89.1595 1.0000e-12  -63.96556  -66.85480 330.219446      99.96 0.0000e+00    438.136      10516  1027.5372  1027.5342    33.9532    33.9499    8.20961         31 0.0000e+00
     52.000     51.487    -0.6767  27.708298    -0.6748  27.707275     8.3279     8.3049     5.8311    89.0026 1.0000e-12  -63.96557  -66.85481 330.219486      99.97 0.0000e+00    441.623      10600  1027.5446  1027.5416    33.9555    33.9519    8.21388         42 0.0000e+00
     53.000     52.478    -0.6498  27.734595    -0.6493  27.731983     8.3341     8.3074     6.1382    89.5004 1.0000e-12  -63.96558  -66.85481 330.219514      99.97 0.0000e+00    444.026      10658  1027.5509  1027.5476    33.9602    33.9561    8.20777         45 0.0000e+00
     54.000     53.468    -0.6359  27.748674    -0.6338  27.747881     8.3314     8.3047     5.3605    89.9380 1.0000e-12  -63.96557  -66.85481 330.219549      99.97 0.0000e+00    447.075      10731  1027.5569  1027.5541    33.9629    33.9595    8.20459         37 0.0000e+00
     55.000     54.458    -0.6468  27.739890    -0.6454  27.738612     8.3026     8.2848     5.0861    89.9581 1.0000e-12  -63.96558  -66.85479 330.219588      99.97 0.0000e+00    450.410      10811  1027.5623  1027.5596    33.9626    33.9594    8.20696         41 0.0000e+00
     56.000     55.448    -0.6740  27.717452    -0.6707  27.717457     8.2315     8.2479     5.0601    89.8897 1.0000e-12  -63.96558  -66.85478 330.219614      99.97 0.0000e+00    452.621      10864  1027.5686  1027.5655    33.9623    33.9587    8.21290         44 0.0000e+00
     57.000     56.439    -0.7174  27.682033    -0.7102  27.685434     8.2067     8.2276     6.1112    90.4404 1.0000e-12  -63.96558  -66.85480 330.219640      99.97 0.0000e+00    454.881      10918  1027.5764  1027.5732    33.9627    33.9591    8.22233         42 0.0000e+00
     58.000     57.427    -0.8109  27.604021    -0.7987  27.611886     8.1212     8.1443     4.3100    90.3502 1.0000e-12  -63.96558  -66.85482 330.219696      99.97 0.0000e+00    459.745      11035  1027.5853  1027.5824    33.9617    33.9585    8.24280         37 0.0000e+00
     59.000     58.420    -0.8572  27.568564    -0.8535  27.568747     8.0996     8.1037     4.7117    90.3155 1.0000e-12  -63.96558  -66.85481 330.219730      99.97 0.0000e+00    462.700      11106  1027.5949  1027.5920    33.9651    33.9612    8.25272         32 0.0000e+00
     60.000     59.408    -0.8678  27.564578    -0.8651  27.564266     7.9980     8.0132     4.2987    90.6181 1.0000e-12  -63.96558  -66.85479 330.219767      99.97 0.0000e+00    465.865      11182  1027.6042  1027.6015    33.9710    33.9676    8.25470         49 0.0000e+00
