NBP2113_155081_ctd/data/nbp2113_033.cnv
* Sea-Bird SBE 9 Data File:
* FileName = D:\Data\raw\NBP2113_033.hex
* Software Version Seasave V 7.26.7.121
* Temperature SN = 2438
* Conductivity SN = 2067
* Number of Bytes Per Scan = 40
* Number of Voltage Words = 5
* Number of Scans Averaged by the Deck Unit = 1
* NMEA Latitude = 64 55.99 S
* NMEA Longitude = 064 24.01 W
* NMEA UTC (Time) = Dec 08 2021  19:08:34
* NMEA baud rate = 9600
** Ship: RVIB N.B. Palmer
** Cruise: NBP2113 LTER
** Station: 600.040
** Operator: S. Blackman
# nquan = 25
# nvalues = 705                         
# units = specified
# name 0 = prDM: Pressure, Digiquartz [db]
# name 1 = depSM: Depth [salt water, m]
# name 2 = t090C: Temperature [ITS-90, deg C]
# name 3 = c0mS/cm: Conductivity [mS/cm]
# name 4 = t190C: Temperature, 2 [ITS-90, deg C]
# name 5 = c1mS/cm: Conductivity, 2 [mS/cm]
# name 6 = sbeox0ML/L: Oxygen, SBE 43 [ml/l]
# name 7 = sbeox1ML/L: Oxygen, SBE 43, 2 [ml/l]
# name 8 = flECO-AFL: Fluorescence, WET Labs ECO-AFL/FL [mg/m^3]
# name 9 = CStarTr0: Beam Transmission, WET Labs C-Star [%]
# name 10 = par: PAR/Irradiance, Biospherical/Licor
# name 11 = latitude: Latitude [deg]
# name 12 = longitude: Longitude [deg]
# name 13 = timeJ: Julian Days
# name 14 = altM: Altimeter [m]
# name 15 = spar: SPAR, Biospherical/Licor
# name 16 = timeS: Time, Elapsed [seconds]
# name 17 = scan: Scan Count
# name 18 = density00: Density [density, kg/m^3]
# name 19 = density11: Density, 2 [density, kg/m^3]
# name 20 = sal00: Salinity, Practical [PSU]
# name 21 = sal11: Salinity, Practical, 2 [PSU]
# name 22 = oxsolML/L: Oxygen Saturation, Garcia & Gordon [ml/l]
# name 23 = nbin: number of scans per bin
# name 24 = flag: flag
# span 0 =      1.000,    355.000       
# span 1 =      0.990,    351.224       
# span 2 =    -1.0197,     1.2759       
# span 3 =  27.106292,  30.020472       
# span 4 =    -1.0190,     1.2751       
# span 5 =  27.104803,  30.018604       
# span 6 =     4.3056,     8.2429       
# span 7 =     4.3539,     8.0913       
# span 8 =    -0.0219,     1.5419       
# span 9 =    87.1689,    96.0453       
# span 10 = 1.0000e-12, 3.4020e+02      
# span 11 =  -64.93332,  -64.93306      
# span 12 =  -64.40008,  -64.39908      
# span 13 = 342.801396, 342.814518      
# span 14 =      -0.32,     100.45      
# span 15 = 3.0322e+02, 4.2663e+02      
# span 16 =    326.606,   1460.384      
# span 17 =       7840,      35050      
# span 18 =  1026.9865,  1029.4065      
# span 19 =  1026.9916,  1029.4053      
# span 20 =    33.5516,    34.6355      
# span 21 =    33.5488,    34.6340      
# span 22 =    7.77078,    8.31278      
# span 23 =          9,         46      
# span 24 = 0.0000e+00, 0.0000e+00      
# interval = decibars: 1                
# start_time = Dec 08 2021 19:08:34 [NMEA time, header]
# bad_flag = -9.990e-29
*END*
[from data line 696]
      9.000      8.911    -0.9029  27.230832    -0.8849  27.259751     8.0302     8.0533     1.4604    89.8688 6.3210e+01  -64.93318  -64.39946 342.814359      99.97 3.0686e+02   1446.580      34719  1027.0584  1027.0720    33.5886    33.6077    8.28478         39 0.0000e+00
      8.000      7.922    -0.9443  27.195120    -0.9171  27.220586     8.0368     8.0397     1.4671    88.6797 7.0911e+01  -64.93318  -64.39946 342.814375      69.22 3.0843e+02   1448.041      34754  1027.0526  1027.0545    33.5869    33.5912    8.29401         34 0.0000e+00
      7.000      6.930    -0.9845  27.145487    -0.9524  27.184971     8.0474     8.0673     1.5236    87.5696 7.9946e+01  -64.93318  -64.39949 342.814403      84.93 3.0850e+02   1450.399      34811  1027.0312  1027.0422    33.5650    33.5827    8.30420         31 0.0000e+00
      6.000      5.941    -1.0063  27.119632    -1.0085  27.120138     8.1498     8.0558     1.5419    87.8501 9.2844e+01  -64.93318  -64.39950 342.814428     100.45 3.0850e+02   1452.567      34863  1027.0165  1027.0194    33.5548    33.5579    8.30962         27 0.0000e+00
      5.000      4.950    -0.9764  27.147399    -0.9734  27.148789     8.0979     8.0513     1.5352    87.3863 1.0059e+02  -64.93318  -64.39950 342.814439      99.96 3.0850e+02   1453.497      34885  1027.0134  1027.0122    33.5597    33.5583    8.30269         23 0.0000e+00
      4.000      3.961    -0.9841  27.137712    -0.9711  27.150778     8.2429     8.0521     1.4842    87.2686 1.1725e+02  -64.93318  -64.39950 342.814478      99.97 3.0850e+02   1456.898      34967  1027.0042  1027.0062    33.5558    33.5590    8.30463         39 0.0000e+00
      3.000      2.972    -0.9666  27.156479    -0.9687  27.156020 -9.990e-29 -9.990e-29     1.4459    87.2990 1.3747e+02  -64.93318  -64.39950 342.814508      55.24 3.0850e+02   1459.486      35029  1027.0027  1027.0045    33.5624    33.5641    8.30037         16 0.0000e+00
      2.000      1.982    -0.9223  27.184380    -0.9273  27.189687 -9.990e-29 -9.990e-29     1.4027    87.2479 1.5718e+02  -64.93318  -64.39950 342.814513      -0.32 3.0850e+02   1459.936      35039  1026.9865  1026.9970    33.5516    33.5643    8.29124         11 0.0000e+00
      1.000      0.990    -0.8706  27.239896    -0.8820  27.228502 -9.990e-29 -9.990e-29     1.3817    87.2243 3.4020e+02  -64.93318  -64.39950 342.814518       1.50 3.0850e+02   1460.384      35050  1026.9927  1026.9916    33.5698    33.5671    8.27876         12 0.0000e+00
