NBP2113_155081_ctd/data/nbp2113_039.cnv
* Sea-Bird SBE 9 Data File:
* FileName = D:\Data\raw\NBP2113_039.hex
* Software Version Seasave V 7.26.7.121
* Temperature SN = 2438
* Conductivity SN = 2067
* Number of Bytes Per Scan = 40
* Number of Voltage Words = 5
* Number of Scans Averaged by the Deck Unit = 1
* NMEA Latitude = 64 52.75 S
* NMEA Longitude = 063 56.20 W
* NMEA UTC (Time) = Dec 10 2021  11:48:20
* NMEA baud rate = 9600
** Ship: RVIB N.B. Palmer
** Cruise: NBP2113 LTER
** Station: 619.027
** Operator: B. Urmston
# nquan = 25
# nvalues = 534                         
# units = specified
# name 0 = prDM: Pressure, Digiquartz [db]
# name 1 = depSM: Depth [salt water, m]
# name 2 = t090C: Temperature [ITS-90, deg C]
# name 3 = c0mS/cm: Conductivity [mS/cm]
# name 4 = t190C: Temperature, 2 [ITS-90, deg C]
# name 5 = c1mS/cm: Conductivity, 2 [mS/cm]
# name 6 = sbeox0ML/L: Oxygen, SBE 43 [ml/l]
# name 7 = sbeox1ML/L: Oxygen, SBE 43, 2 [ml/l]
# name 8 = flECO-AFL: Fluorescence, WET Labs ECO-AFL/FL [mg/m^3]
# name 9 = CStarTr0: Beam Transmission, WET Labs C-Star [%]
# name 10 = par: PAR/Irradiance, Biospherical/Licor
# name 11 = latitude: Latitude [deg]
# name 12 = longitude: Longitude [deg]
# name 13 = timeJ: Julian Days
# name 14 = altM: Altimeter [m]
# name 15 = spar: SPAR, Biospherical/Licor
# name 16 = timeS: Time, Elapsed [seconds]
# name 17 = scan: Scan Count
# name 18 = density00: Density [density, kg/m^3]
# name 19 = density11: Density, 2 [density, kg/m^3]
# name 20 = sal00: Salinity, Practical [PSU]
# name 21 = sal11: Salinity, Practical, 2 [PSU]
# name 22 = oxsolML/L: Oxygen Saturation, Garcia & Gordon [ml/l]
# name 23 = nbin: number of scans per bin
# name 24 = flag: flag
# span 0 =      1.000,    270.000       
# span 1 =      0.990,    267.165       
# span 2 =    -0.3465,     1.2209       
# span 3 =  27.883225,  29.922690       
# span 4 =    -0.3459,     1.2252       
# span 5 =  27.881627,  29.926205       
# span 6 =     4.3942,     9.6375       
# span 7 =     4.4689,     9.8454       
# span 8 =    -0.0077,     1.6014       
# span 9 =    89.2247,    94.9695       
# span 10 = -1.202e-05, 3.9893e+02      
# span 11 =  -64.87890,  -64.87844      
# span 12 =  -63.93684,  -63.93677      
# span 13 = 344.494863, 344.510098      
# span 14 =       8.02,      99.98      
# span 15 = 2.9088e+02, 3.7061e+02      
# span 16 =    256.167,   1572.441      
# span 17 =       6149,      37740      
# span 18 =  1027.1954,  1028.9998      
# span 19 =  1027.1938,  1028.9986      
# span 20 =    33.8452,    34.6208      
# span 21 =    33.8426,    34.6203      
# span 22 =    7.78250,    8.14895      
# span 23 =          9,         48      
# span 24 = 0.0000e+00, 0.0000e+00      
# interval = decibars: 1                
# start_time = Dec 10 2021 11:48:20 [NMEA time, header]
# bad_flag = -9.990e-29
*END*
[from data line 232]
    238.000    235.534     1.1292  29.810233     1.1281  29.807563     4.5084     4.6136     0.0171    94.8942 1.0000e-12  -64.87886  -63.93682 344.500146      41.24 3.5385e+02    712.621      17104  1028.8335  1028.8318    34.5965    34.5942    7.80202         29 0.0000e+00
    239.000    236.522     1.1312  29.812522     1.1312  29.811184     4.5272     4.6079     0.0119    94.9431 1.0000e-12  -64.87886  -63.93680 344.500172      40.36 3.5254e+02    714.833      17157  1028.8389  1028.8375    34.5966    34.5949    7.80162         37 0.0000e+00
    240.000    237.511     1.1329  29.814497     1.1322  29.812396     4.5306     4.6038     0.0058    94.9670 1.0000e-12  -64.87886  -63.93680 344.500188      39.28 3.5168e+02    716.251      17191  1028.8439  1028.8423    34.5967    34.5947    7.80128         30 0.0000e+00
    241.000    238.500     1.1337  29.815857     1.1331  29.813903     4.5266     4.5955    -0.0058    94.9135 1.0000e-12  -64.87886  -63.93680 344.500202      38.00 3.5112e+02    717.449      17220  1028.8490  1028.8476    34.5969    34.5951    7.80110         29 0.0000e+00
    242.000    239.490     1.1379  29.820313     1.1377  29.818827     4.5241     4.5952     0.0089    94.9203 1.0000e-12  -64.87888  -63.93681 344.500216      37.45 3.5255e+02    718.700      17250  1028.8540  1028.8526    34.5975    34.5958    7.80024         32 0.0000e+00
    243.000    240.478     1.1420  29.825476     1.1417  29.823863     4.5181     4.5971     0.0097    94.9227 1.0000e-12  -64.87888  -63.93682 344.500235      36.01 3.5272e+02    720.330      17289  1028.8598  1028.8583    34.5990    34.5972    7.79934         37 0.0000e+00
    244.000    241.469     1.1428  29.826901     1.1425  29.825224     4.5217     4.5927     0.0069    94.9462 1.0000e-12  -64.87888  -63.93682 344.500262      34.93 3.5258e+02    722.637      17344  1028.8650  1028.8635    34.5993    34.5975    7.79917         39 0.0000e+00
    245.000    242.456     1.1449  29.829238     1.1453  29.827895     4.5214     4.5917     0.0073    94.9646 1.0000e-12  -64.87888  -63.93680 344.500285      33.97 3.5258e+02    724.657      17393  1028.8698  1028.8682    34.5994    34.5973    7.79874         35 0.0000e+00
    246.000    243.445     1.1464  29.831554     1.1464  29.830078     4.5057     4.5796    -0.0063    94.9649 1.0000e-12  -64.87888  -63.93680 344.500302      33.12 3.5258e+02    726.090      17427  1028.8750  1028.8736    34.6001    34.5983    7.79840         30 0.0000e+00
    247.000    244.434     1.1499  29.834528     1.1503  29.833851     4.4916     4.5713    -0.0060    94.8740 1.0000e-12  -64.87888  -63.93680 344.500316      32.02 3.5193e+02    727.312      17456  1028.8791  1028.8779    34.5995    34.5982    7.79775         30 0.0000e+00
    248.000    245.425     1.1582  29.845049     1.1610  29.846954     4.4878     4.5704     0.0040    94.9411 1.0000e-12  -64.87888  -63.93680 344.500330      30.89 3.5119e+02    728.517      17485  1028.8859  1028.8852    34.6032    34.6026    7.79588         28 0.0000e+00
    249.000    246.414     1.1593  29.846721     1.1593  29.845152     4.4926     4.5705     0.0005    94.8918 1.0000e-12  -64.87888  -63.93680 344.500346      30.03 3.5250e+02    729.855      17518  1028.8910  1028.8893    34.6036    34.6015    7.79565         31 0.0000e+00
    250.000    247.401     1.1588  29.846565     1.1591  29.845613     4.5017     4.5752     0.0050    94.9225 1.0000e-12  -64.87888  -63.93682 344.500367      28.92 3.5258e+02    731.678      17561  1028.8957  1028.8944    34.6033    34.6018    7.79576         41 0.0000e+00
    251.000    248.391     1.1568  29.845061     1.1554  29.841936     4.5026     4.5693     0.0028    94.9237 1.0000e-12  -64.87888  -63.93682 344.500398      27.79 3.5258e+02    734.405      17627  1028.9005  1028.8986    34.6030    34.6005    7.79617         33 0.0000e+00
    252.000    249.378     1.1582  29.846623     1.1578  29.844911     4.5039     4.5578     0.0037    94.9327 1.0000e-12  -64.87888  -63.93680 344.500423      26.86 3.5258e+02    736.587      17679  1028.9050  1028.9037    34.6029    34.6012    7.79590         34 0.0000e+00
    253.000    250.369     1.1597  29.848611     1.1591  29.846687     4.4847     4.5489     0.0072    94.9314 1.0000e-12  -64.87888  -63.93680 344.500439      25.65 3.5078e+02    737.894      17710  1028.9099  1028.9085    34.6032    34.6014    7.79559         27 0.0000e+00
    254.000    251.358     1.1615  29.850682     1.1607  29.848883     4.4665     4.5375     0.0076    94.9339 1.0000e-12  -64.87888  -63.93680 344.500450      25.19 3.5081e+02    738.886      17734  1028.9145  1028.9134    34.6033    34.6019    7.79523         21 0.0000e+00
    255.000    252.347     1.1713  29.861359     1.1710  29.859401     4.4578     4.5355     0.0080    94.8767 1.0000e-12  -64.87888  -63.93680 344.500460      24.13 3.5081e+02    739.744      17755  1028.9200  1028.9184    34.6055    34.6034    7.79315         21 0.0000e+00
    256.000    253.337     1.1783  29.870125     1.1801  29.870825     4.4565     4.5354     0.0050    94.9015 1.0000e-12  -64.87888  -63.93680 344.500471      23.01 3.5081e+02    740.706      17778  1028.9265  1028.9254    34.6085    34.6073    7.79161         26 0.0000e+00
    257.000    254.325     1.1805  29.873168     1.1814  29.872849     4.4528     4.5315     0.0081    94.8754 1.0000e-12  -64.87888  -63.93680 344.500487      21.85 3.5249e+02    742.071      17811  1028.9317  1028.9305    34.6093    34.6080    7.79112         40 0.0000e+00
    258.000    255.314     1.1867  29.880401     1.1860  29.878244     4.4575     4.5324     0.0035    94.8321 1.0000e-12  -64.87888  -63.93682 344.500515      20.66 3.5258e+02    744.463      17868  1028.9374  1028.9359    34.6111    34.6092    7.78978         40 0.0000e+00
    259.000    256.302     1.1844  29.878531     1.1837  29.876434     4.4698     4.5303    -0.0023    94.8683 1.0000e-12  -64.87888  -63.93682 344.500542      19.58 3.5089e+02    746.820      17925  1028.9422  1028.9407    34.6107    34.6088    7.79027         40 0.0000e+00
    260.000    257.291     1.1819  29.875872     1.1808  29.873390     4.4654     4.5262     0.0024    94.8843 1.0000e-12  -64.87888  -63.93680 344.500560      18.70 3.5086e+02    748.403      17963  1028.9463  1028.9448    34.6096    34.6075    7.79084         34 0.0000e+00
    261.000    258.281     1.1841  29.878361     1.1839  29.877059     4.4727     4.5286    -0.0015    94.8901 1.0000e-12  -64.87888  -63.93680 344.500576      17.71 3.5251e+02    749.779      17996  1028.9509  1028.9497    34.6097    34.6082    7.79039         33 0.0000e+00
    262.000    259.269     1.1825  29.877749     1.1841  29.878080     4.4687     4.5282    -0.0017    94.8950 1.0000e-12  -64.87888  -63.93680 344.500593      16.62 3.5161e+02    751.250      18031  1028.9561  1028.9549    34.6100    34.6088    7.79068         38 0.0000e+00
    263.000    260.259     1.1816  29.877140     1.1810  29.874997     4.4640     4.5286     0.0041    94.8493 1.0000e-12  -64.87888  -63.93680 344.500613      15.63 3.5079e+02    752.980      18073  1028.9607  1028.9591    34.6097    34.6077    7.79088         41 0.0000e+00
    264.000    261.247     1.1827  29.878270     1.1810  29.875221     4.4504     4.5091    -0.0050    94.8703 1.0000e-12  -64.87888  -63.93680 344.500632      14.60 3.5065e+02    754.582      18111  1028.9650  1028.9636    34.6094    34.6074    7.79068         33 0.0000e+00
    265.000    262.234     1.1892  29.885636     1.1952  29.890669     4.4123     4.4970     0.0069    94.8891 1.0000e-12  -64.87888  -63.93680 344.500649      13.70 3.5080e+02    756.053      18146  1028.9704  1028.9696    34.6111    34.6108    7.78930         32 0.0000e+00
    266.000    263.222     1.2028  29.901284     1.2029  29.900817     4.4172     4.4954     0.0046    94.8937 1.0000e-12  -64.87890  -63.93682 344.500691      12.45 3.5015e+02    759.731      18235  1028.9775  1028.9766    34.6155    34.6147    7.78636         31 0.0000e+00
    267.000    264.214     1.2118  29.911555     1.2120  29.910491     4.3997     4.4818    -0.0010    94.8906 1.0000e-12  -64.87890  -63.93681 344.500732      11.48 3.5082e+02    763.259      18319  1028.9834  1028.9822    34.6180    34.6165    7.78442         44 0.0000e+00
    268.000    265.204     1.2156  29.915916     1.2161  29.915132     4.4024     4.4795    -0.0026    94.8509 1.0000e-12  -64.87890  -63.93680 344.500761      10.49 3.4923e+02    765.722      18378  1028.9886  1028.9874    34.6189    34.6174    7.78364         39 0.0000e+00
    269.000    266.194     1.2209  29.922242     1.2213  29.921613     4.3942     4.4689    -0.0019    94.9045 1.0000e-12  -64.87890  -63.93680 344.500831       9.48 3.4802e+02    771.801      18524  1028.9943  1028.9932    34.6206    34.6192    7.78250         41 0.0000e+00
    270.000    267.165     1.2207  29.922690     1.2252  29.926205     4.4090     4.4705    -0.0049    94.8916 1.0000e-12  -64.87890  -63.93682 344.501909       8.02 3.1620e+02    864.913      20759  1028.9998  1028.9986    34.6208    34.6203    7.78252          9 0.0000e+00
    269.000    266.193     1.2142  29.915376     1.2167  29.916626     4.4133     4.4789    -0.0012    94.8942 1.0000e-12  -64.87890  -63.93682 344.501485       9.02 3.2966e+02    828.309      19880  1028.9941  1028.9931    34.6192    34.6180    7.78390         43 0.0000e+00
    268.000    265.203     1.2144  29.914826     1.2147  29.913992     4.4085     4.4788    -0.0028    94.8604 1.0000e-12  -64.87890  -63.93682 344.501671       9.70 3.2479e+02    844.350      20265  1028.9891  1028.9879    34.6188    34.6174    7.78388         37 0.0000e+00
    267.000    264.214     1.2151  29.915288     1.2152  29.914127     4.4114     4.4780    -0.0038    94.9022 1.0000e-12  -64.87890  -63.93682 344.501708      10.60 3.2437e+02    847.566      20343  1028.9846  1028.9834    34.6192    34.6176    7.78371         39 0.0000e+00
    266.000    263.225     1.2157  29.915508     1.2163  29.914975     4.4158     4.4792     0.0029    94.9123 1.0000e-12  -64.87890  -63.93682 344.501731      11.63 3.2281e+02    849.546      20390  1028.9800  1028.9788    34.6194    34.6180    7.78359         44 0.0000e+00
    265.000    262.237     1.2137  29.912879     1.2124  29.910196     4.4209     4.4867    -0.0004    94.9167 1.0000e-12  -64.87890  -63.93681 344.501755      12.72 3.2261e+02    851.670      20441  1028.9750  1028.9736    34.6188    34.6168    7.78401         42 0.0000e+00
    264.000    261.246     1.2092  29.907627     1.2094  29.906507     4.4260     4.4903    -0.0004    94.8735 1.0000e-12  -64.87890  -63.93682 344.501779      13.71 3.2261e+02    853.726      20490  1028.9698  1028.9685    34.6176    34.6160    7.78496         44 0.0000e+00
    263.000    260.258     1.2056  29.903022     1.2057  29.902090     4.4278     4.4938     0.0032    94.8991 1.0000e-12  -64.87890  -63.93682 344.501803      14.56 3.2132e+02    855.822      20541  1028.9645  1028.9633    34.6164    34.6150    7.78576         44 0.0000e+00
    262.000    259.270     1.2026  29.899498     1.2019  29.897422     4.4301     4.4976     0.0024    94.8556 1.0000e-12  -64.87890  -63.93682 344.501825      15.68 3.2082e+02    857.673      20585  1028.9594  1028.9580    34.6157    34.6139    7.78638         36 0.0000e+00
    261.000    258.279     1.2004  29.896426     1.2010  29.895899     4.4334     4.4987     0.0027    94.8829 1.0000e-12  -64.87890  -63.93682 344.501844      16.69 3.2084e+02    859.307      20624  1028.9542  1028.9531    34.6148    34.6135    7.78687         37 0.0000e+00
    260.000    257.292     1.2005  29.896148     1.2004  29.894944     4.4334     4.5018     0.0024    94.8898 1.0000e-12  -64.87890  -63.93682 344.501865      17.69 3.2084e+02    861.148      20669  1028.9496  1028.9483    34.6149    34.6134    7.78685         45 0.0000e+00
    259.000    256.302     1.1996  29.894910     1.1962  29.890125     4.4540     4.5166    -0.0035    94.8719 1.0000e-12  -64.87890  -63.93682 344.501885      18.66 3.2084e+02    862.867      20710  1028.9448  1028.9434    34.6149    34.6126    7.78702         36 0.0000e+00
    258.000    255.315     1.1859  29.879822     1.1879  29.880289     4.4557     4.5161    -0.0044    94.8734 1.0000e-12  -64.87890  -63.93682 344.501904      19.63 3.2079e+02    864.498      20749  1028.9387  1028.9371    34.6113    34.6097    7.78994         38 0.0000e+00
    257.000    254.323     1.1888  29.882879     1.1882  29.879971     4.4354     4.5101    -0.0019    94.8721 1.0000e-12  -64.87890  -63.93680 344.501931      20.84 3.1923e+02    866.874      20806  1028.9345  1028.9321    34.6126    34.6095    7.78930         30 0.0000e+00
    256.000    253.335     1.1979  29.892074     1.1949  29.887242     4.4540     4.5204     0.0029    94.8745 1.0000e-12  -64.87890  -63.93682 344.501981      21.77 3.1908e+02    871.144      20908  1028.9307  1028.9287    34.6149    34.6120    7.78736         41 0.0000e+00
    255.000    252.347     1.1849  29.877166     1.1844  29.875504     4.4792     4.5337    -0.0051    94.8653 1.0000e-12  -64.87890  -63.93683 344.502001      22.62 3.1908e+02    872.853      20949  1028.9240  1028.9227    34.6107    34.6092    7.79016         34 0.0000e+00
    254.000    251.356     1.1748  29.866220     1.1756  29.865465     4.4928     4.5393    -0.0005    94.8946 1.0000e-12  -64.87890  -63.93682 344.502018      23.81 3.1908e+02    874.344      20985  1028.9184  1028.9169    34.6085    34.6067    7.79230         37 0.0000e+00
    253.000    250.368     1.1738  29.864407     1.1743  29.862595     4.4716     4.5330     0.0018    94.8962 1.0000e-12  -64.87890  -63.93682 344.502079      24.76 3.1789e+02    879.621      21112  1028.9130  1028.9110    34.6079    34.6050    7.79254         25 0.0000e+00
    252.000    249.379     1.1740  29.864083     1.1717  29.860219     4.4657     4.5407    -0.0030    94.8708 1.0000e-12  -64.87890  -63.93682 344.502438      25.97 3.1469e+02    910.627      21856  1028.9079  1028.9063    34.6078    34.6054    7.79249         36 0.0000e+00
    251.000    248.391     1.1740  29.863513     1.1725  29.860611     4.4706     4.5446    -0.0077    94.8828 1.0000e-12  -64.87890  -63.93682 344.502491      26.79 3.1551e+02    915.195      21966  1028.9032  1028.9016    34.6077    34.6056    7.79251         34 0.0000e+00
    250.000    247.403     1.1731  29.862413     1.1723  29.860289     4.4750     4.5452    -0.0002    94.9230 1.0000e-12  -64.87890  -63.93682 344.502505      27.62 3.1556e+02    916.432      21995  1028.8986  1028.8972    34.6078    34.6059    7.79267         24 0.0000e+00
    249.000    246.413     1.1692  29.857939     1.1692  29.856501     4.4939     4.5516     0.0028    94.8699 1.0000e-12  -64.87890  -63.93682 344.502515      28.31 3.1556e+02    917.318      22017  1028.8937  1028.8922    34.6070    34.6052    7.79349         19 0.0000e+00
    248.000    245.423     1.1645  29.852014     1.1654  29.851880     4.5030     4.5638    -0.0012    94.8916 1.0000e-12  -64.87890  -63.93684 344.502524      29.24 3.1556e+02    918.070      22035  1028.8880  1028.8869    34.6052    34.6040    7.79453         18 0.0000e+00
    247.000    244.436     1.1604  29.847650     1.1613  29.847273     4.5050     4.5659    -0.0077    94.8534 1.0000e-12  -64.87890  -63.93684 344.502532      30.13 3.1556e+02    918.788      22052  1028.8834  1028.8820    34.6047    34.6032    7.79537         17 0.0000e+00
    246.000    243.444     1.1525  29.838525     1.1539  29.838797     4.5047     4.5651    -0.0077    94.8636 1.0000e-12  -64.87890  -63.93684 344.502541      31.36 3.1512e+02    919.556      22070  1028.8774  1028.8763    34.6023    34.6011    7.79706         20 0.0000e+00
