NBP2113_155081_ctd/data/nbp2113_028.cnv
* Sea-Bird SBE 9 Data File:
* FileName = D:\Data\raw\NBP2113_028.hex
* Software Version Seasave V 7.26.7.121
* Temperature SN = 2438
* Conductivity SN = 2067
* Number of Bytes Per Scan = 40
* Number of Voltage Words = 5
* Number of Scans Averaged by the Deck Unit = 1
* NMEA Latitude = 68 01.84 S
* NMEA Longitude = 069 17.14 W
* NMEA UTC (Time) = Dec 04 2021  16:43:12
* NMEA baud rate = 9600
** Ship: RVIB N.B. Palmer
** Cruise: NBP2113 LTER
** Station: 200.-040
** Operator: S. Blackman
# nquan = 25
# nvalues = 410                         
# units = specified
# name 0 = prDM: Pressure, Digiquartz [db]
# name 1 = depSM: Depth [salt water, m]
# name 2 = t090C: Temperature [ITS-90, deg C]
# name 3 = c0mS/cm: Conductivity [mS/cm]
# name 4 = t190C: Temperature, 2 [ITS-90, deg C]
# name 5 = c1mS/cm: Conductivity, 2 [mS/cm]
# name 6 = sbeox0ML/L: Oxygen, SBE 43 [ml/l]
# name 7 = sbeox1ML/L: Oxygen, SBE 43, 2 [ml/l]
# name 8 = flECO-AFL: Fluorescence, WET Labs ECO-AFL/FL [mg/m^3]
# name 9 = CStarTr0: Beam Transmission, WET Labs C-Star [%]
# name 10 = par: PAR/Irradiance, Biospherical/Licor
# name 11 = latitude: Latitude [deg]
# name 12 = longitude: Longitude [deg]
# name 13 = timeJ: Julian Days
# name 14 = altM: Altimeter [m]
# name 15 = spar: SPAR, Biospherical/Licor
# name 16 = timeS: Time, Elapsed [seconds]
# name 17 = scan: Scan Count
# name 18 = density00: Density [density, kg/m^3]
# name 19 = density11: Density, 2 [density, kg/m^3]
# name 20 = sal00: Salinity, Practical [PSU]
# name 21 = sal11: Salinity, Practical, 2 [PSU]
# name 22 = oxsolML/L: Oxygen Saturation, Garcia & Gordon [ml/l]
# name 23 = nbin: number of scans per bin
# name 24 = flag: flag
# span 0 =      1.000,    207.000       
# span 1 =      0.991,    204.827       
# span 2 =    -1.2248,    -0.2025       
# span 3 =  27.201273,  28.409158       
# span 4 =    -1.2238,    -0.2029       
# span 5 =  27.200496,  28.407635       
# span 6 =     5.9636,     9.0651       
# span 7 =     6.0680,     8.4106       
# span 8 =     0.0809,     1.8335       
# span 9 =    88.4744,    95.7307       
# span 10 = -1.102e-05, 7.6171e+02      
# span 11 =  -68.03098,  -68.03058      
# span 12 =  -69.28598,  -69.28564      
# span 13 = 338.700202, 338.709903      
# span 14 =       9.40,     102.00      
# span 15 = 1.0154e+03, 1.1309e+03      
# span 16 =    305.444,   1143.637      
# span 17 =       7332,      27448      
# span 18 =  1027.1902,  1028.5095      
# span 19 =  1027.1888,  1028.5084      
# span 20 =    33.8144,    34.2686      
# span 21 =    33.8125,    34.2671      
# span 22 =    8.09406,    8.33884      
# span 23 =          1,         70      
# span 24 = 0.0000e+00, 0.0000e+00      
# interval = decibars: 1                
# start_time = Dec 04 2021 16:43:12 [NMEA time, header]
# bad_flag = -9.990e-29
*END*
[from data line 174]
    178.000    176.143    -0.6925  27.885244    -0.6921  27.884207     6.8081     6.8963     0.2084    95.6019 1.0000e-12  -68.03092  -69.28570 338.704698      99.97 1.0436e+03    693.906      16655  1028.2898  1028.2882    34.1348    34.1328    8.20694         38 0.0000e+00
    179.000    177.132    -0.6830  27.895981    -0.6835  27.894569     6.7656     6.8432     0.2025    95.6390 1.0000e-12  -68.03092  -69.28570 338.704714      99.97 1.0436e+03    695.298      16688  1028.2967  1028.2956    34.1379    34.1365    8.20469         25 0.0000e+00
    180.000    178.122    -0.6724  27.907825    -0.6727  27.906627     6.7073     6.8092     0.1867    95.6452 1.0000e-12  -68.03092  -69.28570 338.704725      99.97 1.0450e+03    696.194      16710  1028.3035  1028.3025    34.1413    34.1400    8.20219         20 0.0000e+00
    181.000    179.111    -0.6509  27.931097    -0.6507  27.930339     6.6302     6.7593     0.1753    95.6913 1.0000e-12  -68.03092  -69.28570 338.704733      99.97 1.0464e+03    696.966      16728  1028.3122  1028.3111    34.1478    34.1465    8.19714         17 0.0000e+00
    182.000    180.100    -0.6325  27.951228    -0.6314  27.951407     6.5603     6.7119     0.1754    95.6940 1.0000e-12  -68.03092  -69.28570 338.704742      99.98 1.0479e+03    697.697      16746  1028.3205  1028.3195    34.1536    34.1526    8.19283         18 0.0000e+00
    183.000    181.088    -0.6143  27.971115    -0.6131  27.971195     6.4887     6.6739     0.1858    95.6758 1.0000e-12  -68.03092  -69.28570 338.704751      99.97 1.0498e+03    698.498      16765  1028.3286  1028.3276    34.1592    34.1580    8.18856         21 0.0000e+00
    184.000    182.079    -0.5591  28.027915    -0.5562  28.029172     6.4342     6.6253     0.2034    95.6869 1.0000e-12  -68.03092  -69.28570 338.704763      99.97 1.0522e+03    699.560      16790  1028.3406  1028.3391    34.1729    34.1713    8.17585         33 0.0000e+00
    185.000    183.066    -0.5223  28.066003    -0.5232  28.063326     6.4011     6.5680     0.2101    95.6821 1.0000e-12  -68.03092  -69.28571 338.704787      99.97 1.0576e+03    701.582      16839  1028.3509  1028.3490    34.1820    34.1795    8.16739         39 0.0000e+00
    186.000    184.056    -0.5026  28.085650    -0.5007  28.086372     6.3658     6.5020     0.2038    95.6614 1.0000e-12  -68.03092  -69.28571 338.704809      99.97 1.0621e+03    703.521      16886  1028.3580  1028.3570    34.1856    34.1845    8.16293         30 0.0000e+00
    187.000    185.045    -0.4803  28.108216    -0.4808  28.106733     6.2828     6.4434     0.1299    95.6590 1.0000e-12  -68.03092  -69.28570 338.704822      99.97 1.0630e+03    704.587      16911  1028.3652  1028.3641    34.1902    34.1887    8.15788         22 0.0000e+00
    188.000    186.035    -0.4523  28.139026    -0.4555  28.134852     6.2538     6.4131     0.1258    95.6785 1.0000e-12  -68.03092  -69.28570 338.704832      99.97 1.0636e+03    705.472      16932  1028.3756  1028.3743    34.1993    34.1974    8.15133         21 0.0000e+00
    189.000    187.023    -0.4135  28.180058    -0.4152  28.177279     6.2218     6.3763     0.1448    95.6410 1.0000e-12  -68.03092  -69.28570 338.704842      99.97 1.0630e+03    706.340      16953  1028.3864  1028.3851    34.2101    34.2082    8.14239         22 0.0000e+00
    190.000    188.013    -0.3998  28.194689    -0.4006  28.192801     6.1626     6.3252     0.1530    95.6384 1.0000e-12  -68.03092  -69.28570 338.704854      99.98 1.0623e+03    707.372      16978  1028.3937  1028.3923    34.2137    34.2120    8.13926         28 0.0000e+00
    191.000    189.001    -0.3658  28.230625    -0.3652  28.230894     6.1067     6.2791     0.1690    95.5997 1.0000e-12  -68.03092  -69.28570 338.704868      99.97 1.0613e+03    708.616      17008  1028.4038  1028.4035    34.2229    34.2226    8.13145         30 0.0000e+00
    192.000    189.991    -0.3289  28.270796    -0.3297  28.268950     6.1105     6.2562     0.1687    95.6566 1.0000e-12  -68.03092  -69.28570 338.704882      99.97 1.0597e+03    709.788      17036  1028.4158  1028.4145    34.2346    34.2329    8.12290         26 0.0000e+00
    193.000    190.980    -0.3235  28.277101    -0.3250  28.274566     6.1189     6.2454     0.1610    95.7027 1.0000e-12  -68.03092  -69.28571 338.704894      99.97 1.0595e+03    710.804      17060  1028.4221  1028.4209    34.2363    34.2346    8.12165         23 0.0000e+00
    194.000    191.970    -0.3182  28.282889    -0.3178  28.282269     6.1155     6.2374     0.1484    95.7045 1.0000e-12  -68.03092  -69.28571 338.704906      99.97 1.0597e+03    711.837      17085  1028.4279  1028.4269    34.2374    34.2361    8.12044         28 0.0000e+00
    195.000    192.957    -0.3081  28.294196    -0.3075  28.293371     6.1037     6.2112     0.1324    95.6968 1.0000e-12  -68.03092  -69.28571 338.704922      99.97 1.0612e+03    713.243      17119  1028.4351  1028.4336    34.2406    34.2388    8.11811         40 0.0000e+00
    196.000    193.947    -0.2895  28.313978    -0.2910  28.311407     6.0383     6.1536     0.1375    95.7236 1.0000e-12  -68.03092  -69.28571 338.704941      99.97 1.0597e+03    714.879      17158  1028.4431  1028.4418    34.2456    34.2438    8.11388         33 0.0000e+00
    197.000    194.937    -0.2642  28.341164    -0.2643  28.340339     5.9732     6.1130     0.1413    95.7307 1.0000e-12  -68.03092  -69.28570 338.704955      99.97 1.0588e+03    716.140      17188  1028.4521  1028.4514    34.2527    34.2518    8.10807         27 0.0000e+00
    198.000    195.924    -0.2304  28.377328    -0.2308  28.375926     5.9636     6.1004     0.1003    95.6128 1.0000e-12  -68.03092  -69.28572 338.704967      99.97 1.0577e+03    717.164      17213  1028.4623  1028.4613    34.2623    34.2610    8.10033         23 0.0000e+00
    199.000    196.914    -0.2174  28.391091    -0.2177  28.389744     5.9701     6.0959     0.1094    95.7209 1.0000e-12  -68.03092  -69.28570 338.704979      99.97 1.0569e+03    718.176      17237  1028.4691  1028.4679    34.2655    34.2640    8.09740         26 0.0000e+00
    200.000    197.902    -0.2164  28.392509    -0.2165  28.391221     5.9873     6.0914     0.1380    95.6811 1.0000e-12  -68.03092  -69.28571 338.704993      99.97 1.0560e+03    719.423      17267  1028.4745  1028.4732    34.2656    34.2641    8.09717         35 0.0000e+00
    201.000    198.894    -0.2156  28.393539    -0.2158  28.392307     6.0088     6.0828     0.1092    95.7104 1.0000e-12  -68.03092  -69.28570 338.705010      99.98 1.0560e+03    720.871      17302  1028.4796  1028.4785    34.2655    34.2641    8.09701         30 0.0000e+00
    202.000    199.882    -0.2148  28.394556    -0.2153  28.393246     6.0028     6.0814     0.1020    95.7038 1.0000e-12  -68.03092  -69.28570 338.705024      99.97 1.0560e+03    722.047      17330  1028.4846  1028.4836    34.2654    34.2642    8.09686         24 0.0000e+00
    203.000    200.870    -0.2158  28.394038    -0.2160  28.392843     6.0050     6.0813     0.1022    95.6681 1.0000e-12  -68.03092  -69.28570 338.705035      99.97 1.0549e+03    722.988      17353  1028.4896  1028.4885    34.2653    34.2639    8.09708         22 0.0000e+00
    204.000    201.857    -0.2133  28.397075    -0.2142  28.395250     6.0036     6.0785     0.1022    95.7100 1.0000e-12  -68.03092  -69.28570 338.705045      99.97 1.0542e+03    723.884      17374  1028.4948  1028.4937    34.2658    34.2644    8.09651         22 0.0000e+00
    205.000    202.850    -0.2097  28.401243    -0.2100  28.399802     5.9951     6.0713     0.1058    95.6548 1.0000e-12  -68.03092  -69.28571 338.705056      99.97 1.0526e+03    724.879      17398  1028.5002  1028.4990    34.2668    34.2652    8.09569         26 0.0000e+00
    206.000    203.836    -0.2025  28.409158    -0.2029  28.407635     6.0104     6.0722     0.1070    95.6825 1.0000e-12  -68.03091  -69.28572 338.705071      99.98 1.0524e+03    726.108      17428  1028.5062  1028.5049    34.2686    34.2671    8.09406         33 0.0000e+00
    207.000    204.827    -0.2197  28.391775    -0.2194  28.390993     6.0279     6.0920     0.1031    95.7004 1.0000e-12  -68.03091  -69.28570 338.705204      99.97 1.0465e+03    737.635      17704  1028.5095  1028.5084    34.2642    34.2628    8.09796         70 0.0000e+00
    206.000    203.840    -0.2327  28.377560    -0.2374  28.371561     6.0378     6.1125     0.1008    95.7069 1.0000e-12  -68.03090  -69.28571 338.705300      99.98 1.0544e+03    745.889      17902  1028.5029  1028.5010    34.2605    34.2577    8.10094         31 0.0000e+00
    205.000    202.849    -0.2328  28.377371    -0.2351  28.373607     6.0359     6.0990     0.1147    95.6909 1.0000e-12  -68.03090  -69.28570 338.705441      99.97 1.0681e+03    758.125      18196  1028.4984  1028.4967    34.2609    34.2585    8.10093         36 0.0000e+00
    204.000    201.860    -0.2314  28.378479    -0.2305  28.378033     6.0147     6.0807     0.0963    95.6630 1.0000e-12  -68.03090  -69.28570 338.705486      99.97 1.0746e+03    761.968      18288  1028.4940  1028.4926    34.2615    34.2598    8.10061         38 0.0000e+00
    203.000    200.869    -0.2224  28.387448    -0.2245  28.384193     6.0039     6.0740     0.0835    95.6870 1.0000e-12  -68.03090  -69.28570 338.705502      99.97 1.0810e+03    763.381      18322  1028.4904  1028.4890    34.2638    34.2619    8.09855         25 0.0000e+00
    202.000    199.883    -0.2177  28.391914    -0.2183  28.390015     6.0124     6.0680     0.0851    95.7065 1.0000e-12  -68.03090  -69.28570 338.705514      99.97 1.0847e+03    764.445      18348  1028.4863  1028.4849    34.2651    34.2633    8.09748         25 0.0000e+00
    201.000    198.891    -0.2169  28.392304    -0.2167  28.391356     6.0085     6.0742     0.1034    95.7091 1.0000e-12  -68.03090  -69.28570 338.705528      99.97 1.0868e+03    765.588      18375  1028.4817  1028.4805    34.2653    34.2638    8.09729         30 0.0000e+00
    200.000    197.903    -0.2160  28.392724    -0.2160  28.391500     5.9955     6.0746     0.1246    95.7011 1.0000e-12  -68.03090  -69.28570 338.705543      99.97 1.0897e+03    766.940      18408  1028.4770  1028.4758    34.2655    34.2639    8.09709         32 0.0000e+00
    199.000    196.914    -0.2155  28.392655    -0.2156  28.391342     6.0094     6.0875     0.1355    95.6473 1.0000e-12  -68.03090  -69.28570 338.705558      99.97 1.0948e+03    768.182      18437  1028.4723  1028.4710    34.2654    34.2639    8.09699         23 0.0000e+00
    198.000    195.925    -0.2161  28.391585    -0.2161  28.390378     6.0564     6.1000     0.1497    95.6734 1.0000e-12  -68.03090  -69.28570 338.705569      99.97 1.0987e+03    769.130      18460  1028.4675  1028.4662    34.2654    34.2637    8.09714         21 0.0000e+00
    197.000    194.936    -0.2211  28.385500    -0.2240  28.381280     6.0827     6.1046     0.1132    95.7031 1.0000e-12  -68.03090  -69.28570 338.705578      99.97 1.1012e+03    769.978      18480  1028.4616  1028.4600    34.2634    34.2611    8.09830         20 0.0000e+00
    196.000    193.946    -0.2489  28.355302    -0.2475  28.356358     6.0765     6.1105     0.0925    95.6938 1.0000e-12  -68.03090  -69.28570 338.705589      99.97 1.1020e+03    770.904      18503  1028.4523  1028.4520    34.2550    34.2548    8.10469         26 0.0000e+00
    195.000    192.958    -0.2436  28.361764    -0.2364  28.367491     6.0565     6.1161     0.1089    95.6935 1.0000e-12  -68.03090  -69.28570 338.705607      99.97 1.1028e+03    772.457      18540  1028.4496  1028.4487    34.2583    34.2578    8.10337         42 0.0000e+00
    194.000    191.970    -0.2399  28.364368    -0.2361  28.367247     6.0979     6.1570     0.1122    95.6803 1.0000e-12  -68.03090  -69.28570 338.705633      99.97 1.1011e+03    774.677      18593  1028.4444  1028.4438    34.2582    34.2578    8.10260         33 0.0000e+00
    193.000    190.982    -0.2603  28.341803    -0.2514  28.349845     6.2130     6.2415     0.1302    95.6786 1.0000e-12  -68.03090  -69.28570 338.705648      99.97 1.1000e+03    775.944      18624  1028.4360  1028.4358    34.2516    34.2523    8.10730         23 0.0000e+00
    192.000    189.991    -0.2907  28.308080    -0.2935  28.303412     6.2966     6.2838     0.0809    95.6745 1.0000e-12  -68.03090  -69.28570 338.705659      99.97 1.1000e+03    776.910      18647  1028.4254  1028.4231    34.2415    34.2383    8.11437         21 0.0000e+00
    191.000    189.001    -0.3503  28.245738    -0.3518  28.243388     6.3533     6.3201     0.1125    95.6673 1.0000e-12  -68.03090  -69.28570 338.705669      99.97 1.1000e+03    777.812      18668  1028.4124  1028.4114    34.2257    34.2242    8.12797         22 0.0000e+00
    190.000    188.013    -0.3639  28.230483    -0.3682  28.225061     6.3996     6.3623     0.1136    95.6763 1.0000e-12  -68.03090  -69.28571 338.705680      99.97 1.1000e+03    778.747      18691  1028.4048  1028.4033    34.2212    34.2188    8.13114         23 0.0000e+00
    189.000    187.023    -0.3856  28.207186    -0.3808  28.210777     6.4759     6.3878     0.1068    95.6953 1.0000e-12  -68.03090  -69.28571 338.705692      99.97 1.1000e+03    779.787      18716  1028.3963  1028.3955    34.2150    34.2145    8.13614         27 0.0000e+00
    188.000    186.034    -0.4192  28.170797    -0.4177  28.171508     6.5124     6.4099     0.0990    95.6964 1.0000e-12  -68.03090  -69.28570 338.705705      99.97 1.1007e+03    780.906      18743  1028.3854  1028.3848    34.2047    34.2040    8.14392         25 0.0000e+00
    187.000    185.046    -0.4578  28.129360    -0.4176  28.169517     6.5223     6.4306     0.1332    95.6430 1.0000e-12  -68.03090  -69.28570 338.705719      99.97 1.1018e+03    782.081      18771  1028.3738  1028.3777    34.1932    34.2018    8.15287         27 0.0000e+00
    186.000    184.056    -0.4656  28.121395    -0.4411  28.146867     6.4799     6.4423     0.1560    95.6358 1.0000e-12  -68.03090  -69.28570 338.705733      99.97 1.1033e+03    783.353      18801  1028.3679  1028.3715    34.1919    34.1985    8.15462         32 0.0000e+00
    185.000    183.067    -0.4675  28.119522    -0.4428  28.146150     6.4227     6.4356     0.1520    95.6730 1.0000e-12  -68.03090  -69.28570 338.705750      99.97 1.1036e+03    784.758      18835  1028.3629  1028.3677    34.1921    34.2001    8.15501         34 0.0000e+00
    184.000    182.078    -0.4583  28.137556    -0.4263  28.163180     6.4632     6.5091     0.1609    95.6702 1.0000e-12  -68.03090  -69.28570 338.705768      99.97 1.1028e+03    786.376      18874  1028.3682  1028.3650    34.2066    34.2050    8.15220         37 0.0000e+00
    183.000    181.088    -0.4455  28.138048    -0.4594  28.124523     6.7677     6.6694     0.1640    95.6049 1.0000e-12  -68.03090  -69.28570 338.705784      99.97 1.1017e+03    787.777      18908  1028.3519  1028.3513    34.1935    34.1910    8.15021         28 0.0000e+00
    182.000    180.101    -0.5510  28.028541    -0.5620  28.017457     6.9244     6.7647     0.2001    95.6227 1.0000e-12  -68.03090  -69.28570 338.705796      99.97 1.1000e+03    788.797      18932  1028.3325  1028.3318    34.1657    34.1633    8.17451         23 0.0000e+00
    181.000    179.111    -0.6303  27.950333    -0.6270  27.952878     6.9475     6.7691     0.1696    95.6781 1.0000e-12  -68.03090  -69.28570 338.705807      99.98 1.1000e+03    789.715      18954  1028.3209  1028.3206    34.1505    34.1502    8.19253         22 0.0000e+00
    180.000    178.121    -0.6507  27.928086    -0.6446  27.933593     6.9372     6.7837     0.1807    95.6865 1.0000e-12  -68.03090  -69.28571 338.705818      99.97 1.1000e+03    790.714      18978  1028.3118  1028.3120    34.1442    34.1447    8.19733         27 0.0000e+00
