NBP2113_155081_ctd/data/nbp2113_046.cnv
* Sea-Bird SBE 9 Data File:
* FileName = D:\Data\raw\NBP2113_046.hex
* Software Version Seasave V 7.26.7.121
* Temperature SN = 2438
* Conductivity SN = 2067
* Number of Bytes Per Scan = 40
* Number of Voltage Words = 5
* Number of Scans Averaged by the Deck Unit = 1
* NMEA Latitude = 64 52.22 S
* NMEA Longitude = 063 49.73 W
* NMEA UTC (Time) = Dec 11 2021  05:17:37
* NMEA baud rate = 9600
** Ship: RVIB N.B. Palmer
** Cruise: NBP2113 LTER
** Station: 623.024
** Operator: B. Urmston
# nquan = 25
# nvalues = 1144                        
# units = specified
# name 0 = prDM: Pressure, Digiquartz [db]
# name 1 = depSM: Depth [salt water, m]
# name 2 = t090C: Temperature [ITS-90, deg C]
# name 3 = c0mS/cm: Conductivity [mS/cm]
# name 4 = t190C: Temperature, 2 [ITS-90, deg C]
# name 5 = c1mS/cm: Conductivity, 2 [mS/cm]
# name 6 = sbeox0ML/L: Oxygen, SBE 43 [ml/l]
# name 7 = sbeox1ML/L: Oxygen, SBE 43, 2 [ml/l]
# name 8 = flECO-AFL: Fluorescence, WET Labs ECO-AFL/FL [mg/m^3]
# name 9 = CStarTr0: Beam Transmission, WET Labs C-Star [%]
# name 10 = par: PAR/Irradiance, Biospherical/Licor
# name 11 = latitude: Latitude [deg]
# name 12 = longitude: Longitude [deg]
# name 13 = timeJ: Julian Days
# name 14 = altM: Altimeter [m]
# name 15 = spar: SPAR, Biospherical/Licor
# name 16 = timeS: Time, Elapsed [seconds]
# name 17 = scan: Scan Count
# name 18 = density00: Density [density, kg/m^3]
# name 19 = density11: Density, 2 [density, kg/m^3]
# name 20 = sal00: Salinity, Practical [PSU]
# name 21 = sal11: Salinity, Practical, 2 [PSU]
# name 22 = oxsolML/L: Oxygen Saturation, Garcia & Gordon [ml/l]
# name 23 = nbin: number of scans per bin
# name 24 = flag: flag
# span 0 =      1.000,    574.000       
# span 1 =      0.990,    567.591       
# span 2 =    -0.2124,     1.2926       
# span 3 =  27.935586,  30.131306       
# span 4 =    -0.2127,     1.2926       
# span 5 =  27.933862,  30.129918       
# span 6 =     4.2881,     8.7092       
# span 7 =     4.3574,    10.0201       
# span 8 =    -0.0199,     1.9964       
# span 9 =    84.7222,    91.2789       
# span 10 = -2.077e-05, 5.9547e+00      
# span 11 =  -64.87088,  -64.87040      
# span 12 =  -63.82976,  -63.82888      
# span 13 = 345.224746, 345.250665      
# span 14 =       1.05,     100.92      
# span 15 = 0.0000e+00, 0.0000e+00      
# span 16 =    360.995,   2600.416      
# span 17 =       8665,      62411      
# span 18 =  1027.1315,  1030.4296      
# span 19 =  1027.1299,  1030.4284      
# span 20 =    33.7684,    34.6351      
# span 21 =    33.7666,    34.6334      
# span 22 =    7.76753,    8.12465      
# span 23 =          5,         50      
# span 24 = 0.0000e+00, 0.0000e+00      
# interval = decibars: 1                
# start_time = Dec 11 2021 05:17:37 [NMEA time, header]
# bad_flag = -9.990e-29
*END*
[from data line 464]
    468.000    462.894     1.2455  30.035931     1.2455  30.034871     4.3610     4.4166    -0.0077    91.1193 1.0000e-12  -64.87048  -63.82901 345.233739      99.97 0.0000e+00   1138.045      27314  1029.9293  1029.9282    34.6239    34.6226    7.77744         35 0.0000e+00
    469.000    463.881     1.2479  30.039021     1.2475  30.037505     4.3684     4.4197    -0.0099    91.1689 1.0000e-12  -64.87048  -63.82900 345.233755      99.97 0.0000e+00   1139.430      27347  1029.9344  1029.9332    34.6246    34.6231    7.77692         30 0.0000e+00
    470.000    464.869     1.2470  30.038830     1.2467  30.037400     4.3654     4.4178    -0.0125    91.1302 1.0000e-12  -64.87048  -63.82900 345.233768      99.97 0.0000e+00   1140.581      27375  1029.9393  1029.9381    34.6248    34.6233    7.77709         26 0.0000e+00
    471.000    465.856     1.2464  30.038414     1.2461  30.037151     4.3641     4.4172    -0.0076    91.1117 1.0000e-12  -64.87048  -63.82900 345.233780      99.97 0.0000e+00   1141.553      27398  1029.9437  1029.9427    34.6244    34.6230    7.77723         21 0.0000e+00
    472.000    466.845     1.2470  30.039552     1.2465  30.037995     4.3637     4.4161    -0.0077    91.1040 1.0000e-12  -64.87048  -63.82898 345.233790      99.97 0.0000e+00   1142.413      27419  1029.9485  1029.9474    34.6245    34.6231    7.77709         20 0.0000e+00
    473.000    467.834     1.2469  30.039948     1.2467  30.038557     4.3636     4.4214    -0.0077    91.0949 1.0000e-12  -64.87048  -63.82900 345.233799      99.97 0.0000e+00   1143.235      27439  1029.9532  1029.9520    34.6246    34.6230    7.77711         21 0.0000e+00
    474.000    468.821     1.2478  30.041180     1.2474  30.039721     4.3563     4.4202    -0.0077    91.0958 1.0000e-12  -64.87048  -63.82900 345.233811      99.97 0.0000e+00   1144.300      27464  1029.9579  1029.9568    34.6246    34.6232    7.77693         32 0.0000e+00
    475.000    469.809     1.2496  30.043248     1.2491  30.041687     4.3593     4.4201    -0.0100    91.0978 1.0000e-12  -64.87048  -63.82900 345.233830      99.97 0.0000e+00   1145.948      27504  1029.9625  1029.9614    34.6247    34.6232    7.77658         40 0.0000e+00
    476.000    470.796     1.2498  30.043981     1.2496  30.042651     4.3637     4.4160    -0.0124    91.0930 1.0000e-12  -64.87048  -63.82899 345.233850      99.97 0.0000e+00   1147.634      27544  1029.9673  1029.9661    34.6249    34.6234    7.77653         33 0.0000e+00
    477.000    471.785     1.2495  30.044342     1.2492  30.043100     4.3652     4.4132     0.0088    91.1112 1.0000e-12  -64.87048  -63.82898 345.233864      99.97 0.0000e+00   1148.892      27574  1029.9722  1029.9712    34.6251    34.6238    7.77658         27 0.0000e+00
    478.000    472.771     1.2496  30.045021     1.2495  30.043808     4.3571     4.4177     0.0008    91.1078 1.0000e-12  -64.87048  -63.82898 345.233877      99.97 0.0000e+00   1149.961      27600  1029.9770  1029.9759    34.6252    34.6238    7.77654         25 0.0000e+00
    479.000    473.761     1.2490  30.044618     1.2492  30.044018     4.3525     4.4165    -0.0004    91.1246 1.0000e-12  -64.87048  -63.82898 345.233888      99.97 0.0000e+00   1150.966      27624  1029.9815  1029.9806    34.6248    34.6238    7.77669         24 0.0000e+00
    480.000    474.748     1.2501  30.046309     1.2496  30.044749     4.3613     4.4158    -0.0004    91.0946 1.0000e-12  -64.87048  -63.82898 345.233900      99.97 0.0000e+00   1151.993      27649  1029.9863  1029.9852    34.6252    34.6238    7.77645         25 0.0000e+00
    481.000    475.735     1.2490  30.045795     1.2497  30.045438     4.3661     4.4168    -0.0004    91.1189 1.0000e-12  -64.87048  -63.82898 345.233913      99.97 0.0000e+00   1153.088      27675  1029.9911  1029.9900    34.6251    34.6239    7.77666         28 0.0000e+00
    482.000    476.724     1.2463  30.043171     1.2463  30.042052     4.3668     4.4192    -0.0013    91.1236 1.0000e-12  -64.87048  -63.82898 345.233928      99.97 0.0000e+00   1154.353      27705  1029.9954  1029.9942    34.6243    34.6228    7.77726         33 0.0000e+00
    483.000    477.712     1.2473  30.044413     1.2463  30.042370     4.3594     4.4179    -0.0122    91.0757 1.0000e-12  -64.87048  -63.82898 345.233945      99.97 0.0000e+00   1155.834      27741  1029.9998  1029.9987    34.6241    34.6226    7.77706         37 0.0000e+00
    484.000    478.700     1.2505  30.047498     1.2495  30.045684     4.3512     4.4167    -0.0028    91.1254 1.0000e-12  -64.87048  -63.82898 345.233962      99.97 0.0000e+00   1157.288      27776  1030.0040  1030.0031    34.6239    34.6227    7.77643         32 0.0000e+00
    485.000    479.687     1.2568  30.055544     1.2544  30.052095     4.3546     4.4134     0.0002    91.0984 1.0000e-12  -64.87048  -63.82897 345.233976      48.81 0.0000e+00   1158.553      27806  1030.0102  1030.0090    34.6267    34.6249    7.77504         28 0.0000e+00
    486.000    480.676     1.2527  30.052152     1.2506  30.048765     4.3526     4.4104    -0.0116    91.1132 1.0000e-12  -64.87048  -63.82896 345.233989      62.76 0.0000e+00   1159.669      27833  1030.0150  1030.0136    34.6263    34.6243    7.77587         26 0.0000e+00
    487.000    481.663     1.2496  30.048680     1.2506  30.048377     4.3555     4.4135    -0.0091    91.1377 1.0000e-12  -64.87048  -63.82896 345.234001      99.65 0.0000e+00   1160.729      27858  1030.0189  1030.0176    34.6248    34.6233    7.77658         26 0.0000e+00
    488.000    482.652     1.2560  30.056224     1.2552  30.054496     4.3470     4.4091    -0.0077    91.1282 1.0000e-12  -64.87048  -63.82896 345.234014      98.98 0.0000e+00   1161.828      27885  1030.0245  1030.0234    34.6268    34.6254    7.77520         27 0.0000e+00
    489.000    483.640     1.2499  30.050023     1.2495  30.048550     4.3294     4.4060    -0.0131    91.1281 1.0000e-12  -64.87048  -63.82896 345.234027      98.10 0.0000e+00   1162.955      27912  1030.0284  1030.0272    34.6250    34.6236    7.77650         27 0.0000e+00
    490.000    484.627     1.2603  30.061197     1.2593  30.058972     4.3347     4.4016    -0.0150    91.1084 1.0000e-12  -64.87048  -63.82896 345.234040      96.95 0.0000e+00   1164.097      27939  1030.0337  1030.0324    34.6272    34.6255    7.77432         28 0.0000e+00
    491.000    485.615     1.2613  30.063131     1.2585  30.059283     4.3398     4.4007    -0.0021    91.1021 1.0000e-12  -64.87048  -63.82896 345.234055      95.37 0.0000e+00   1165.310      27968  1030.0389  1030.0378    34.6280    34.6262    7.77407         31 0.0000e+00
    492.000    486.603     1.2599  30.061913     1.2597  30.060423     4.3436     4.4037    -0.0023    91.1201 1.0000e-12  -64.87046  -63.82898 345.234070      96.69 0.0000e+00   1166.676      28001  1030.0434  1030.0421    34.6274    34.6258    7.77439         34 0.0000e+00
    493.000    487.591     1.2594  30.061624     1.2596  30.060849     4.3469     4.4041    -0.0075    91.1167 1.0000e-12  -64.87046  -63.82898 345.234088      93.90 0.0000e+00   1168.187      28037  1030.0478  1030.0468    34.6270    34.6258    7.77451         38 0.0000e+00
    494.000    488.578     1.2627  30.065484     1.2616  30.063376     4.3451     4.3996    -0.0130    91.1119 1.0000e-12  -64.87046  -63.82896 345.234105      94.76 0.0000e+00   1169.677      28073  1030.0528  1030.0516    34.6278    34.6262    7.77382         33 0.0000e+00
    495.000    489.567     1.2590  30.062550     1.2586  30.061094     4.3441     4.3953    -0.0081    91.1630 1.0000e-12  -64.87046  -63.82896 345.234120      91.60 0.0000e+00   1170.955      28104  1030.0577  1030.0565    34.6275    34.6261    7.77456         27 0.0000e+00
    496.000    490.553     1.2621  30.065755     1.2629  30.065590     4.3307     4.3886    -0.0151    91.1503 1.0000e-12  -64.87046  -63.82896 345.234132      90.85 0.0000e+00   1172.001      28129  1030.0621  1030.0611    34.6276    34.6265    7.77394         24 0.0000e+00
    497.000    491.544     1.2660  30.070898     1.2659  30.069561     4.3118     4.3835    -0.0150    91.1541 1.0000e-12  -64.87046  -63.82895 345.234143      89.87 0.0000e+00   1172.940      28152  1030.0677  1030.0665    34.6293    34.6278    7.77308         22 0.0000e+00
    498.000    492.529     1.2738  30.078817     1.2730  30.076849     4.3113     4.3757    -0.0090    91.1433 1.0000e-12  -64.87046  -63.82895 345.234154      88.70 0.0000e+00   1173.876      28174  1030.0724  1030.0711    34.6303    34.6287    7.77149         23 0.0000e+00
    499.000    493.517     1.2806  30.086965     1.2807  30.085877     4.3059     4.3733    -0.0128    91.1425 1.0000e-12  -64.87046  -63.82896 345.234165      87.70 0.0000e+00   1174.896      28199  1030.0782  1030.0770    34.6325    34.6311    7.77001         27 0.0000e+00
    500.000    494.506     1.2819  30.088862     1.2816  30.087415     4.3055     4.3739    -0.0031    91.1665 1.0000e-12  -64.87046  -63.82896 345.234180      88.09 0.0000e+00   1176.127      28228  1030.0831  1030.0820    34.6329    34.6315    7.76973         33 0.0000e+00
    501.000    495.493     1.2840  30.091250     1.2832  30.089377     4.3111     4.3751    -0.0097    91.1325 1.0000e-12  -64.87046  -63.82896 345.234198      86.81 0.0000e+00   1177.689      28266  1030.0878  1030.0866    34.6332    34.6316    7.76932         40 0.0000e+00
    502.000    496.482     1.2816  30.089671     1.2805  30.087305     4.3275     4.3822    -0.0104    91.1220 1.0000e-12  -64.87046  -63.82896 345.234216      84.64 0.0000e+00   1179.291      28304  1030.0929  1030.0915    34.6332    34.6314    7.76978         35 0.0000e+00
    503.000    497.468     1.2774  30.085713     1.2766  30.083755     4.3359     4.3844    -0.0077    91.1183 1.0000e-12  -64.87046  -63.82896 345.234231      83.80 0.0000e+00   1180.584      28335  1030.0972  1030.0960    34.6322    34.6306    7.77066         28 0.0000e+00
    504.000    498.457     1.2706  30.078438     1.2699  30.076603     4.3310     4.3844    -0.0077    91.1157 1.0000e-12  -64.87046  -63.82896 345.234244      82.43 0.0000e+00   1181.705      28362  1030.1009  1030.0997    34.6299    34.6284    7.77214         27 0.0000e+00
    505.000    499.445     1.2725  30.080947     1.2732  30.080607     4.3249     4.3823    -0.0077    91.1241 1.0000e-12  -64.87046  -63.82895 345.234257      81.55 0.0000e+00   1182.800      28388  1030.1057  1030.1047    34.6304    34.6292    7.77173         27 0.0000e+00
    506.000    500.433     1.2772  30.086227     1.2757  30.083501     4.3212     4.3757    -0.0075    91.1506 1.0000e-12  -64.87046  -63.82895 345.234271      80.22 0.0000e+00   1183.985      28417  1030.1107  1030.1094    34.6314    34.6296    7.77075         29 0.0000e+00
    507.000    501.420     1.2784  30.087902     1.2795  30.088012     4.3109     4.3695    -0.0087    91.0776 1.0000e-12  -64.87046  -63.82894 345.234285      79.47 0.0000e+00   1185.233      28447  1030.1154  1030.1144    34.6316    34.6306    7.77050         29 0.0000e+00
    508.000    502.409     1.2858  30.096202     1.2858  30.095177     4.3123     4.3699    -0.0142    91.1147 1.0000e-12  -64.87046  -63.82894 345.234298      78.17 0.0000e+00   1186.358      28474  1030.1208  1030.1197    34.6335    34.6322    7.76894         25 0.0000e+00
    509.000    503.396     1.2869  30.098199     1.2863  30.096512     4.3136     4.3703    -0.0077    91.1033 1.0000e-12  -64.87046  -63.82894 345.234310      77.13 0.0000e+00   1187.360      28498  1030.1260  1030.1248    34.6342    34.6328    7.76867         24 0.0000e+00
    510.000    504.382     1.2875  30.099077     1.2873  30.097784     4.3117     4.3716    -0.0149    91.1260 1.0000e-12  -64.87046  -63.82896 345.234321      76.28 0.0000e+00   1188.360      28522  1030.1305  1030.1294    34.6341    34.6327    7.76856         25 0.0000e+00
    511.000    505.372     1.2873  30.099509     1.2867  30.097756     4.3109     4.3679    -0.0083    91.1105 1.0000e-12  -64.87046  -63.82895 345.234335      75.04 0.0000e+00   1189.525      28550  1030.1355  1030.1343    34.6344    34.6328    7.76860         31 0.0000e+00
    512.000    506.359     1.2875  30.099501     1.2861  30.097073     4.3111     4.3705    -0.0114    91.1019 1.0000e-12  -64.87046  -63.82895 345.234353      74.37 0.0000e+00   1191.081      28587  1030.1395  1030.1384    34.6336    34.6320    7.76860         41 0.0000e+00
    513.000    507.347     1.2879  30.100820     1.2866  30.098357     4.3164     4.3683    -0.0084    91.0834 1.0000e-12  -64.87046  -63.82894 345.234373      72.97 0.0000e+00   1192.789      28628  1030.1447  1030.1434    34.6342    34.6325    7.76848         36 0.0000e+00
    514.000    508.334     1.2872  30.100727     1.2869  30.099121     4.3168     4.3658    -0.0137    91.1008 1.0000e-12  -64.87046  -63.82894 345.234387      71.92 0.0000e+00   1194.064      28659  1030.1496  1030.1483    34.6344    34.6326    7.76862         27 0.0000e+00
    515.000    509.323     1.2845  30.098286     1.2847  30.097342     4.3203     4.3695    -0.0073    91.0882 1.0000e-12  -64.87046  -63.82894 345.234400      71.34 0.0000e+00   1195.117      28684  1030.1540  1030.1528    34.6336    34.6322    7.76918         24 0.0000e+00
    516.000    510.310     1.2831  30.097215     1.2845  30.097658     4.3137     4.3733    -0.0077    91.0669 1.0000e-12  -64.87046  -63.82894 345.234411      70.89 0.0000e+00   1196.104      28707  1030.1584  1030.1576    34.6332    34.6322    7.76948         24 0.0000e+00
    517.000    511.299     1.2826  30.096943     1.2824  30.095646     4.3170     4.3707    -0.0150    91.0690 1.0000e-12  -64.87046  -63.82894 345.234422      69.50 0.0000e+00   1197.100      28731  1030.1629  1030.1618    34.6328    34.6314    7.76960         24 0.0000e+00
    518.000    512.285     1.2837  30.098525     1.2835  30.097212     4.3179     4.3710    -0.0015    91.0971 1.0000e-12  -64.87046  -63.82894 345.234435      67.85 0.0000e+00   1198.148      28757  1030.1677  1030.1665    34.6330    34.6316    7.76937         26 0.0000e+00
    519.000    513.273     1.2851  30.100331     1.2848  30.098825     4.3105     4.3721     0.0001    91.1042 1.0000e-12  -64.87046  -63.82894 345.234448      67.32 0.0000e+00   1199.321      28785  1030.1724  1030.1711    34.6333    34.6317    7.76909         30 0.0000e+00
    520.000    514.262     1.2868  30.102505     1.2864  30.101046     4.3133     4.3719    -0.0054    91.0585 1.0000e-12  -64.87046  -63.82894 345.234464      66.17 0.0000e+00   1200.724      28818  1030.1771  1030.1760    34.6335    34.6321    7.76873         37 0.0000e+00
    521.000    515.247     1.2869  30.103086     1.2866  30.101646     4.3087     4.3653    -0.0042    91.0818 1.0000e-12  -64.87046  -63.82894 345.234483      64.92 0.0000e+00   1202.288      28856  1030.1818  1030.1806    34.6336    34.6321    7.76871         34 0.0000e+00
    522.000    516.236     1.2871  30.103841     1.2866  30.101992     4.3166     4.3617    -0.0131    91.1143 1.0000e-12  -64.87046  -63.82894 345.234499      63.96 0.0000e+00   1203.720      28890  1030.1867  1030.1853    34.6339    34.6321    7.76867         32 0.0000e+00
    523.000    517.224     1.2877  30.104909     1.2867  30.102828     4.3125     4.3634     0.0001    91.1014 1.0000e-12  -64.87046  -63.82894 345.234513      62.79 0.0000e+00   1204.896      28918  1030.1914  1030.1902    34.6340    34.6324    7.76854         25 0.0000e+00
    524.000    518.212     1.2882  30.105999     1.2876  30.104275     4.3104     4.3638    -0.0076    91.0800 1.0000e-12  -64.87046  -63.82894 345.234524      61.82 0.0000e+00   1205.901      28943  1030.1962  1030.1951    34.6342    34.6327    7.76842         23 0.0000e+00
