NBP2113_155081_ctd/data/nbp2113_034.cnv
* Sea-Bird SBE 9 Data File:
* FileName = D:\Data\raw\NBP2113_034.hex
* Software Version Seasave V 7.26.7.121
* Temperature SN = 2438
* Conductivity SN = 2067
* Number of Bytes Per Scan = 40
* Number of Voltage Words = 5
* Number of Scans Averaged by the Deck Unit = 1
* NMEA Latitude = 64 56.01 S
* NMEA Longitude = 064 23.98 W
* NMEA UTC (Time) = Dec 08 2021  22:30:19
* NMEA baud rate = 9600
** Ship: RVIB N.B. Palmer
** Cruise: NBP2113 LTER
** Station: 600.040
** Operator: S. Blackman
# nquan = 25
# nvalues = 2628                        
# units = specified
# name 0 = prDM: Pressure, Digiquartz [db]
# name 1 = depSM: Depth [salt water, m]
# name 2 = t090C: Temperature [ITS-90, deg C]
# name 3 = c0mS/cm: Conductivity [mS/cm]
# name 4 = t190C: Temperature, 2 [ITS-90, deg C]
# name 5 = c1mS/cm: Conductivity, 2 [mS/cm]
# name 6 = sbeox0ML/L: Oxygen, SBE 43 [ml/l]
# name 7 = sbeox1ML/L: Oxygen, SBE 43, 2 [ml/l]
# name 8 = flECO-AFL: Fluorescence, WET Labs ECO-AFL/FL [mg/m^3]
# name 9 = CStarTr0: Beam Transmission, WET Labs C-Star [%]
# name 10 = par: PAR/Irradiance, Biospherical/Licor
# name 11 = latitude: Latitude [deg]
# name 12 = longitude: Longitude [deg]
# name 13 = timeJ: Julian Days
# name 14 = altM: Altimeter [m]
# name 15 = spar: SPAR, Biospherical/Licor
# name 16 = timeS: Time, Elapsed [seconds]
# name 17 = scan: Scan Count
# name 18 = density00: Density [density, kg/m^3]
# name 19 = density11: Density, 2 [density, kg/m^3]
# name 20 = sal00: Salinity, Practical [PSU]
# name 21 = sal11: Salinity, Practical, 2 [PSU]
# name 22 = oxsolML/L: Oxygen Saturation, Garcia & Gordon [ml/l]
# name 23 = nbin: number of scans per bin
# name 24 = flag: flag
# span 0 =      1.000,   1317.000       
# span 1 =      0.990,   1299.982       
# span 2 =    -1.0262,     1.4957       
# span 3 =  27.106680,  30.664402       
# span 4 =    -1.0257,     1.4957       
# span 5 =  27.105153,  30.663411       
# span 6 =     4.0267,     9.5103       
# span 7 =     4.0860,     9.9217       
# span 8 =    -0.0224,     1.7667       
# span 9 =    87.1900,    96.0513       
# span 10 = 1.0000e-12, 5.6141e+01      
# span 11 =  -64.93358,  -64.93318      
# span 12 =  -64.39988,  -64.39906      
# span 13 = 342.941235, 342.985489      
# span 14 =       6.77,     105.13      
# span 15 = 4.0512e+01, 1.3222e+02      
# span 16 =    303.694,   4127.244      
# span 17 =       7290,      99055      
# span 18 =  1026.9886,  1033.8858      
# span 19 =  1026.9870,  1033.8848      
# span 20 =    33.5529,    34.6780      
# span 21 =    33.5505,    34.6769      
# span 22 =    7.72523,    8.31412      
# span 23 =          9,         47      
# span 24 = 0.0000e+00, 0.0000e+00      
# interval = decibars: 1                
# start_time = Dec 08 2021 22:30:19 [NMEA time, header]
# bad_flag = -9.990e-29
*END*
[from data line 1334]
   1294.000   1277.349     1.4934  30.652803     1.4935  30.651852     4.0442     4.0955     0.0065    95.6782 1.0000e-12  -64.93328  -64.39934 342.962992      28.97 7.9330e+01   2183.545      52406  1033.7802  1033.7792    34.6777    34.6764    7.72569         16 0.0000e+00
   1293.000   1276.365     1.4932  30.652256     1.4932  30.651340     4.0418     4.0944     0.0040    95.6688 1.0000e-12  -64.93328  -64.39934 342.963001      29.99 7.9330e+01   2184.247      52423  1033.7757  1033.7748    34.6778    34.6766    7.72573         19 0.0000e+00
   1292.000   1275.383     1.4933  30.651883     1.4934  30.650939     4.0503     4.0938    -0.0016    95.6814 1.0000e-12  -64.93328  -64.39932 342.963022      31.40 7.9330e+01   2186.070      52467  1033.7710  1033.7701    34.6777    34.6765    7.72571         28 0.0000e+00
   1291.000   1274.398     1.4932  30.651439     1.4934  30.650655     4.0463     4.1022    -0.0012    95.6725 1.0000e-12  -64.93328  -64.39931 342.963066      32.44 7.9330e+01   2189.882      52558  1033.7665  1033.7656    34.6778    34.6766    7.72573         37 0.0000e+00
   1290.000   1273.414     1.4933  30.651046     1.4932  30.650081     4.0370     4.1010    -0.0009    95.6828 1.0000e-12  -64.93328  -64.39934 342.963081      33.27 7.9330e+01   2191.191      52590  1033.7619  1033.7610    34.6778    34.6766    7.72572         28 0.0000e+00
   1289.000   1272.429     1.4931  30.650576     1.4932  30.649508     4.0393     4.1034     0.0055    95.6956 1.0000e-12  -64.93328  -64.39934 342.963092      34.20 7.9330e+01   2192.144      52612  1033.7574  1033.7563    34.6778    34.6765    7.72574         19 0.0000e+00
   1288.000   1271.446     1.4930  30.649938     1.4930  30.648967     4.0356     4.1083     0.0146    95.6954 1.0000e-12  -64.93329  -64.39935 342.963100      35.21 7.9330e+01   2192.877      52630  1033.7528  1033.7518    34.6778    34.6765    7.72577         16 0.0000e+00
   1287.000   1270.459     1.4930  30.649473     1.4929  30.648393     4.0316     4.1004     0.0143    95.6954 1.0000e-12  -64.93330  -64.39936 342.963108      35.99 7.9330e+01   2193.519      52645  1033.7481  1033.7472    34.6777    34.6765    7.72578         15 0.0000e+00
   1286.000   1269.476     1.4929  30.649032     1.4929  30.647975     4.0413     4.0978     0.0115    95.6954 1.0000e-12  -64.93330  -64.39936 342.963115      37.08 7.9330e+01   2194.150      52661  1033.7436  1033.7425    34.6778    34.6764    7.72579         16 0.0000e+00
   1285.000   1268.493     1.4928  30.648522     1.4929  30.647506     4.0495     4.1013    -0.0012    95.6954 1.0000e-12  -64.93329  -64.39935 342.963123      38.31 7.9330e+01   2194.832      52677  1033.7390  1033.7380    34.6778    34.6764    7.72581         18 0.0000e+00
   1284.000   1267.508     1.4928  30.648051     1.4927  30.647014     4.0492     4.0988    -0.0083    95.6810 1.0000e-12  -64.93328  -64.39934 342.963134      39.40 7.9330e+01   2195.800      52700  1033.7344  1033.7335    34.6777    34.6766    7.72581         28 0.0000e+00
   1283.000   1266.524     1.4926  30.647448     1.4926  30.646480     4.0388     4.0985    -0.0010    95.6816 1.0000e-12  -64.93328  -64.39934 342.963164      40.55 7.9330e+01   2198.363      52762  1033.7298  1033.7288    34.6777    34.6765    7.72585         28 0.0000e+00
   1282.000   1265.539     1.4926  30.647029     1.4927  30.645957     4.0446     4.0989    -0.0031    95.6741 1.0000e-12  -64.93328  -64.39934 342.963178      41.30 7.9330e+01   2199.549      52790  1033.7252  1033.7241    34.6777    34.6763    7.72585         22 0.0000e+00
   1281.000   1264.557     1.4926  30.646524     1.4925  30.645583     4.0430     4.0971    -0.0098    95.6719 1.0000e-12  -64.93328  -64.39934 342.963188      42.15 7.9330e+01   2200.448      52812  1033.7205  1033.7196    34.6776    34.6765    7.72586         22 0.0000e+00
   1280.000   1263.571     1.4925  30.646207     1.4924  30.645117     4.0467     4.0973    -0.0020    95.6871 1.0000e-12  -64.93330  -64.39934 342.963199      43.12 7.9330e+01   2201.412      52835  1033.7161  1033.7151    34.6778    34.6766    7.72586         26 0.0000e+00
   1279.000   1262.589     1.4925  30.645662     1.4924  30.644661     4.0449     4.0969    -0.0144    95.6953 1.0000e-12  -64.93330  -64.39934 342.963214      44.37 7.9330e+01   2202.732      52867  1033.7115  1033.7105    34.6777    34.6765    7.72587         32 0.0000e+00
   1278.000   1261.603     1.4923  30.645181     1.4923  30.644162     4.0421     4.0985    -0.0086    95.6906 1.0000e-12  -64.93330  -64.39936 342.963236      45.40 7.9330e+01   2204.625      52912  1033.7070  1033.7059    34.6778    34.6765    7.72590         33 0.0000e+00
   1277.000   1260.620     1.4923  30.644729     1.4924  30.643725     4.0501     4.1025    -0.0105    95.6944 1.0000e-12  -64.93330  -64.39936 342.963250      46.06 7.9330e+01   2205.808      52940  1033.7023  1033.7013    34.6778    34.6765    7.72590         24 0.0000e+00
   1276.000   1259.633     1.4922  30.644230     1.4922  30.643169     4.0430     4.1024    -0.0032    95.6954 1.0000e-12  -64.93330  -64.39936 342.963260      47.21 7.9330e+01   2206.697      52962  1033.6978  1033.6967    34.6778    34.6764    7.72592         20 0.0000e+00
   1275.000   1258.653     1.4920  30.643494     1.4921  30.642657     4.0415     4.1010    -0.0022    95.7237 1.0000e-12  -64.93330  -64.39936 342.963270      48.23 7.9330e+01   2207.521      52982  1033.6931  1033.6921    34.6776    34.6765    7.72597         20 0.0000e+00
   1274.000   1257.667     1.4918  30.642931     1.4919  30.642025     4.0441     4.0984    -0.0021    95.7068 1.0000e-12  -64.93330  -64.39936 342.963280      49.05 7.9330e+01   2208.358      53002  1033.6885  1033.6875    34.6777    34.6764    7.72601         21 0.0000e+00
   1273.000   1256.682     1.4917  30.642438     1.4917  30.641446     4.0453     4.0994    -0.0007    95.7047 1.0000e-12  -64.93330  -64.39936 342.963291      50.03 7.9330e+01   2209.318      53025  1033.6840  1033.6830    34.6777    34.6765    7.72603         25 0.0000e+00
   1272.000   1255.699     1.4917  30.641985     1.4918  30.641121     4.0422     4.1007     0.0034    95.6957 1.0000e-12  -64.93330  -64.39936 342.963306      51.33 7.9330e+01   2210.598      53055  1033.6793  1033.6783    34.6776    34.6765    7.72602         35 0.0000e+00
   1271.000   1254.714     1.4916  30.641488     1.4917  30.640558     4.0465     4.0975     0.0006    95.7200 1.0000e-12  -64.93330  -64.39936 342.963327      52.63 7.9330e+01   2212.490      53101  1033.6747  1033.6737    34.6777    34.6765    7.72604         33 0.0000e+00
   1270.000   1253.730     1.4914  30.640972     1.4915  30.640092     4.0386     4.1007    -0.0048    95.7443 1.0000e-12  -64.93330  -64.39936 342.963351      53.46 7.9330e+01   2214.530      53150  1033.6702  1033.6693    34.6777    34.6766    7.72607         35 0.0000e+00
   1269.000   1252.746     1.4914  30.640429     1.4912  30.639309     4.0393     4.1032    -0.0111    95.7331 1.0000e-12  -64.93330  -64.39937 342.963365      54.50 7.9330e+01   2215.711      53178  1033.6656  1033.6646    34.6777    34.6764    7.72609         23 0.0000e+00
   1268.000   1251.761     1.4909  30.639673     1.4910  30.638581     4.0438     4.1017    -0.0184    95.7403 1.0000e-12  -64.93330  -64.39938 342.963375      55.06 7.9330e+01   2216.572      53199  1033.6610  1033.6599    34.6777    34.6763    7.72617         19 0.0000e+00
   1267.000   1250.778     1.4907  30.638969     1.4907  30.637883     4.0374     4.1011    -0.0168    95.7603 1.0000e-12  -64.93330  -64.39938 342.963383      56.26 7.9330e+01   2217.290      53216  1033.6564  1033.6553    34.6776    34.6762    7.72623         16 0.0000e+00
   1266.000   1249.795     1.4907  30.638513     1.4907  30.637477     4.0391     4.1032    -0.0108    95.7630 1.0000e-12  -64.93330  -64.39938 342.963391      56.94 7.9330e+01   2217.950      53232  1033.6518  1033.6507    34.6776    34.6763    7.72623         16 0.0000e+00
   1265.000   1248.809     1.4908  30.638133     1.4906  30.636980     4.0470     4.1044    -0.0107    95.7441 1.0000e-12  -64.93330  -64.39938 342.963398      58.10 7.9330e+01   2218.617      53248  1033.6471  1033.6462    34.6776    34.6763    7.72621         17 0.0000e+00
   1264.000   1247.824     1.4906  30.637528     1.4905  30.636436     4.0511     4.0994    -0.0074    95.7229 1.0000e-12  -64.93330  -64.39938 342.963407      58.93 7.9330e+01   2219.377      53266  1033.6426  1033.6415    34.6776    34.6762    7.72626         20 0.0000e+00
   1263.000   1246.840     1.4906  30.637044     1.4905  30.636059     4.0512     4.0996    -0.0042    95.7202 1.0000e-12  -64.93332  -64.39938 342.963423      60.18 7.9330e+01   2220.755      53299  1033.6379  1033.6370    34.6775    34.6763    7.72626         30 0.0000e+00
   1262.000   1245.857     1.4903  30.636585     1.4904  30.635516     4.0452     4.0975    -0.0014    95.7316 1.0000e-12  -64.93332  -64.39937 342.963462      61.50 7.9330e+01   2224.148      53381  1033.6335  1033.6324    34.6777    34.6763    7.72629         33 0.0000e+00
   1261.000   1244.871     1.4904  30.636059     1.4903  30.635037     4.0451     4.0993    -0.0013    95.7231 1.0000e-12  -64.93332  -64.39938 342.963475      62.60 7.9330e+01   2225.254      53407  1033.6287  1033.6278    34.6775    34.6763    7.72629         25 0.0000e+00
   1260.000   1243.889     1.4902  30.635591     1.4902  30.634493     4.0381     4.0998    -0.0021    95.7464 1.0000e-12  -64.93332  -64.39938 342.963487      63.32 7.9330e+01   2226.258      53431  1033.6242  1033.6232    34.6776    34.6763    7.72632         22 0.0000e+00
   1259.000   1242.903     1.4902  30.635060     1.4902  30.633963     4.0413     4.1061    -0.0064    95.7469 1.0000e-12  -64.93332  -64.39940 342.963497      64.00 7.9330e+01   2227.135      53452  1033.6196  1033.6185    34.6776    34.6762    7.72633         21 0.0000e+00
   1258.000   1241.920     1.4899  30.634487     1.4899  30.633374     4.0363     4.1059    -0.0106    95.7512 1.0000e-12  -64.93332  -64.39940 342.963506      65.34 7.9330e+01   2227.941      53472  1033.6151  1033.6140    34.6776    34.6762    7.72638         18 0.0000e+00
   1257.000   1240.935     1.4899  30.633888     1.4899  30.632910     4.0311     4.1042    -0.0025    95.7711 1.0000e-12  -64.93332  -64.39940 342.963515      65.93 7.9330e+01   2228.684      53489  1033.6104  1033.6094    34.6774    34.6762    7.72639         18 0.0000e+00
   1256.000   1239.951     1.4898  30.633451     1.4898  30.632415     4.0325     4.1028    -0.0054    95.7662 1.0000e-12  -64.93332  -64.39940 342.963523      67.25 7.9330e+01   2229.388      53506  1033.6058  1033.6048    34.6775    34.6762    7.72641         16 0.0000e+00
   1255.000   1238.967     1.4897  30.632932     1.4897  30.631870     4.0418     4.1003    -0.0111    95.7499 1.0000e-12  -64.93332  -64.39940 342.963531      68.16 7.9330e+01   2230.083      53523  1033.6012  1033.6002    34.6775    34.6762    7.72642         17 0.0000e+00
   1254.000   1237.982     1.4897  30.632486     1.4896  30.631282     4.0406     4.1001    -0.0027    95.7529 1.0000e-12  -64.93332  -64.39939 342.963540      69.19 7.9330e+01   2230.855      53542  1033.5967  1033.5955    34.6775    34.6761    7.72643         21 0.0000e+00
   1253.000   1236.997     1.4897  30.632019     1.4897  30.630982     4.0363     4.0989    -0.0066    95.7495 1.0000e-12  -64.93332  -64.39937 342.963567      70.22 7.9330e+01   2233.176      53597  1033.5920  1033.5910    34.6775    34.6761    7.72643         29 0.0000e+00
   1252.000   1236.013     1.4896  30.631513     1.4895  30.630547     4.0474     4.1022    -0.0175    95.7452 1.0000e-12  -64.93332  -64.39939 342.963608      71.03 7.9330e+01   2236.742      53683  1033.5874  1033.5865    34.6774    34.6763    7.72645         16 0.0000e+00
   1251.000   1235.031     1.4897  30.631157     1.4896  30.630023     4.0508     4.1115    -0.0016    95.7488 1.0000e-12  -64.93332  -64.39940 342.963615      72.15 7.9330e+01   2237.328      53697  1033.5828  1033.5817    34.6775    34.6761    7.72644         14 0.0000e+00
   1250.000   1234.043     1.4898  30.630859     1.4897  30.629763     4.0525     4.1099    -0.0009    95.7450 1.0000e-12  -64.93332  -64.39940 342.963622      72.82 7.9330e+01   2237.902      53711  1033.5782  1033.5772    34.6775    34.6762    7.72642         14 0.0000e+00
   1249.000   1233.062     1.4896  30.630273     1.4896  30.629239     4.0418     4.1051    -0.0090    95.7267 1.0000e-12  -64.93332  -64.39940 342.963628      73.68 7.9330e+01   2238.470      53724  1033.5737  1033.5726    34.6775    34.6762    7.72645         13 0.0000e+00
   1248.000   1232.075     1.4895  30.629668     1.4895  30.628739     4.0435     4.1022    -0.0082    95.7263 1.0000e-12  -64.93332  -64.39940 342.963635      74.64 7.9330e+01   2239.044      53738  1033.5690  1033.5680    34.6774    34.6762    7.72648         15 0.0000e+00
   1247.000   1231.093     1.4894  30.629281     1.4893  30.628236     4.0504     4.1036     0.0061    95.7242 1.0000e-12  -64.93332  -64.39940 342.963642      75.69 7.9330e+01   2239.694      53754  1033.5645  1033.5636    34.6775    34.6763    7.72649         17 0.0000e+00
   1246.000   1230.106     1.4893  30.628799     1.4893  30.627721     4.0571     4.1012     0.0063    95.7380 1.0000e-12  -64.93333  -64.39939 342.963652      77.13 7.9330e+01   2240.545      53774  1033.5599  1033.5589    34.6776    34.6763    7.72650         26 0.0000e+00
   1245.000   1229.124     1.4893  30.628179     1.4892  30.627175     4.0469     4.1003    -0.0023    95.7310 1.0000e-12  -64.93334  -64.39937 342.963682      78.66 7.9744e+01   2243.134      53836  1033.5552  1033.5543    34.6774    34.6762    7.72652         34 0.0000e+00
   1244.000   1228.139     1.4891  30.627699     1.4891  30.626682     4.0472     4.1024    -0.0019    95.7377 1.0000e-12  -64.93334  -64.39938 342.963706      79.41 8.0755e+01   2245.209      53886  1033.5507  1033.5497    34.6775    34.6762    7.72655         25 0.0000e+00
   1243.000   1227.155     1.4891  30.627259     1.4890  30.626222     4.0445     4.1023    -0.0099    95.7415 1.0000e-12  -64.93334  -64.39938 342.963718      80.64 8.0917e+01   2246.233      53911  1033.5461  1033.5452    34.6774    34.6763    7.72654         24 0.0000e+00
   1242.000   1226.170     1.4890  30.626782     1.4890  30.625740     4.0538     4.0963    -0.0123    95.7434 1.0000e-12  -64.93334  -64.39938 342.963729      81.29 8.1091e+01   2247.176      53933  1033.5415  1033.5405    34.6775    34.6762    7.72656         22 0.0000e+00
   1241.000   1225.186     1.4888  30.626073     1.4888  30.625165     4.0570     4.0969    -0.0157    95.7517 1.0000e-12  -64.93334  -64.39938 342.963739      82.15 8.1093e+01   2248.071      53955  1033.5368  1033.5360    34.6773    34.6763    7.72661         21 0.0000e+00
   1240.000   1224.202     1.4886  30.625552     1.4886  30.624554     4.0524     4.0997    -0.0094    95.7723 1.0000e-12  -64.93334  -64.39938 342.963750      83.02 8.1093e+01   2249.006      53977  1033.5324  1033.5314    34.6775    34.6762    7.72665         24 0.0000e+00
   1239.000   1223.218     1.4884  30.625031     1.4884  30.623984     4.0481     4.1032     0.0010    95.7847 1.0000e-12  -64.93334  -64.39938 342.963764      83.93 8.1093e+01   2250.178      54005  1033.5278  1033.5268    34.6775    34.6762    7.72668         32 0.0000e+00
   1238.000   1222.234     1.4886  30.624721     1.4885  30.623609     4.0519     4.1037    -0.0144    95.7735 1.0000e-12  -64.93334  -64.39940 342.963782      85.30 8.1093e+01   2251.743      54043  1033.5232  1033.5222    34.6775    34.6762    7.72665         35 0.0000e+00
