NBP2113_155081_ctd/data/nbp2113_054.ros
* Sea-Bird SBE 9 Data File:
* FileName = D:\Data\raw\NBP2113_054.hex
* Software Version Seasave V 7.26.7.121
* Temperature SN = 2438
* Conductivity SN = 2067
* Number of Bytes Per Scan = 40
* Number of Voltage Words = 5
* Number of Scans Averaged by the Deck Unit = 1
* NMEA Latitude = 64 52.85 S
* NMEA Longitude = 064 38.20 W
* NMEA UTC (Time) = Dec 11 2021  19:48:22
* NMEA baud rate = 9600
** Ship: RVIB N.B. Palmer
** Cruise: NBP2113 LTER
** Station: 597.052
** Operator: S. Blackman
# nquan = 20
# nvalues = 490                                   
# units = specified
# name 0 = prDM: Pressure, Digiquartz [db]
# name 1 = depSM: Depth [salt water, m]
# name 2 = t090C: Temperature [ITS-90, deg C]
# name 3 = c0mS/cm: Conductivity [mS/cm]
# name 4 = t190C: Temperature, 2 [ITS-90, deg C]
# name 5 = c1mS/cm: Conductivity, 2 [mS/cm]
# name 6 = sbeox0ML/L: Oxygen, SBE 43 [ml/l]
# name 7 = sbeox1ML/L: Oxygen, SBE 43, 2 [ml/l]
# name 8 = flECO-AFL: Fluorescence, WET Labs ECO-AFL/FL [mg/m^3]
# name 9 = CStarTr0: Beam Transmission, WET Labs C-Star [%]
# name 10 = par: PAR/Irradiance, Biospherical/Licor
# name 11 = latitude: Latitude [deg]
# name 12 = longitude: Longitude [deg]
# name 13 = timeJ: Julian Days
# name 14 = altM: Altimeter [m]
# name 15 = spar: SPAR, Biospherical/Licor
# name 16 = timeS: Time, Elapsed [seconds]
# name 17 = scan: Scan Count
# name 18 = nbf: Bottles Fired
# name 19 = flag:  0.000e+00
# interval = seconds: 0.0416667
# start_time = Dec 11 2021 19:48:22 [NMEA time, header]
# bad_flag = -9.990e-29
*END*
[from data line 218]
    151.308    149.771     0.8013  29.428648     0.7991  29.424593     4.8964     4.9422     0.0069    91.4209 1.0000e-12  -64.88094  -64.63764 345.843501      99.98 6.3993e+02   1576.500      37837          5  0.000e+00
    151.308    149.771     0.7991  29.426770     0.7989  29.424134     4.8965     4.9419     0.0069    91.4209 1.0000e-12  -64.88094  -64.63764 345.843502      99.95 6.3993e+02   1576.542      37838          5  0.000e+00
    151.322    149.785     0.7965  29.425126     0.7985  29.423618     4.8955     4.9417     0.0069    91.4209 1.0000e-12  -64.88094  -64.63764 345.843502      99.95 6.3993e+02   1576.583      37839          5  0.000e+00
    151.308    149.771     0.7944  29.421487     0.7982  29.423045     4.8958     4.9414     0.0069    91.4209 1.0000e-12  -64.88094  -64.63764 345.843503      99.98 6.3993e+02   1576.625      37840          5  0.000e+00
    151.308    149.771     0.7930  29.419608     0.7979  29.423331     4.8946     4.9420     0.0069    91.3952 1.0000e-12  -64.88094  -64.63764 345.843503      99.98 6.3993e+02   1576.667      37841          5  0.000e+00
    151.356    149.819     0.7924  29.418493     0.7970  29.423332     4.8934     4.9419     0.0069    91.3952 1.0000e-12  -64.88094  -64.63764 345.843504      99.98 6.3993e+02   1576.708      37842          5  0.000e+00
    151.322    149.785     0.7914  29.417319     0.7957  29.422414     4.8921     4.9426     0.0069    91.3952 1.0000e-12  -64.88094  -64.63764 345.843504      99.98 6.3993e+02   1576.750      37843          5  0.000e+00
    151.356    149.819     0.7916  29.416028     0.7942  29.420579     4.8922     4.9435     0.0069    91.4209 1.0000e-12  -64.88094  -64.63762 345.843505      99.98 6.3993e+02   1576.792      37844          5  0.000e+00
    151.308    149.771     0.7911  29.416204     0.7930  29.419490     4.8922     4.9443     0.0069    91.4209 1.0000e-12  -64.88094  -64.63762 345.843505      99.95 6.3993e+02   1576.833      37845          5  0.000e+00
    151.370    149.832     0.7909  29.416321     0.7915  29.416795     4.8910     4.9444     0.0069    91.3952 1.0000e-12  -64.88094  -64.63762 345.843505      99.95 6.3993e+02   1576.875      37846          5  0.000e+00
    151.356    149.819     0.7905  29.417143     0.7911  29.414845     4.8910     4.9391     0.0069    91.3952 1.0000e-12  -64.88094  -64.63762 345.843506      99.98 6.3993e+02   1576.917      37847          5  0.000e+00
    151.356    149.819     0.7897  29.416204     0.7911  29.414845     4.8969     4.9434     0.0069    91.4209 1.0000e-12  -64.88094  -64.63762 345.843506      99.98 6.3993e+02   1576.958      37848          5  0.000e+00
    151.356    149.819     0.7890  29.414678     0.7917  29.415705     4.8971     4.9440     0.0069    91.3952 1.0000e-12  -64.88094  -64.63762 345.843507      99.98 6.3993e+02   1577.000      37849          5  0.000e+00
    151.370    149.832     0.7887  29.414678     0.7917  29.416221     4.8915     4.9439     0.0069    91.3952 1.0000e-12  -64.88094  -64.63762 345.843507      99.93 6.3993e+02   1577.042      37850          5  0.000e+00
    151.356    149.819     0.7882  29.414326     0.7916  29.416967     4.8916     4.9438     0.0069    91.3952 1.0000e-12  -64.88094  -64.63762 345.843508      99.95 6.3993e+02   1577.083      37851          5  0.000e+00
    151.411    149.873     0.7875  29.413856     0.7912  29.416508     4.8974     4.9438     0.0069    91.3952 1.0000e-12  -64.88094  -64.63762 345.843508      99.98 6.3993e+02   1577.125      37852          5  0.000e+00
    151.370    149.832     0.7872  29.412917     0.7911  29.415935     4.8989     4.9437     0.0069    91.4209 1.0000e-12  -64.88094  -64.63762 345.843509      99.98 6.3993e+02   1577.167      37853          5  0.000e+00
    151.411    149.873     0.7873  29.413034     0.7913  29.415706     4.8946     4.9445     0.0069    91.3952 1.0000e-12  -64.88094  -64.63762 345.843509      99.98 6.3993e+02   1577.208      37854          5  0.000e+00
    151.356    149.819     0.7873  29.412506     0.7904  29.415935     4.9004     4.9453     0.0069    91.3952 1.0000e-12  -64.88094  -64.63762 345.843510      99.98 6.3993e+02   1577.250      37855          5  0.000e+00
    151.411    149.873     0.7872  29.412624     0.7889  29.415706     4.8949     4.9463     0.0069    91.3952 1.0000e-12  -64.88094  -64.63762 345.843510      99.98 6.3993e+02   1577.292      37856          5  0.000e+00
    151.425    149.887     0.7879  29.413034     0.7885  29.414616     4.8937     4.9464     0.0069    91.4209 1.0000e-12  -64.88094  -64.63762 345.843511      99.95 6.3993e+02   1577.333      37857          5  0.000e+00
    151.459    149.921     0.7887  29.413739     0.7896  29.413240     4.8881     4.9464    -0.0004    91.3952 1.0000e-12  -64.88094  -64.63762 345.843511      99.95 6.3993e+02   1577.375      37858          5  0.000e+00
    151.411    149.873     0.7894  29.414384     0.7909  29.413183     4.8913     4.9409    -0.0004    91.3952 1.0000e-12  -64.88094  -64.63762 345.843512      99.98 6.3993e+02   1577.417      37859          5  0.000e+00
    151.473    149.934     0.7903  29.415500     0.7913  29.414846     4.8901     4.9400    -0.0077    91.3952 1.0000e-12  -64.88094  -64.63762 345.843512      99.98 6.3993e+02   1577.458      37860          5  0.000e+00
    151.411    149.873     0.7916  29.416204     0.7906  29.415935     4.8889     4.9401    -0.0004    91.4209 1.0000e-12  -64.88094  -64.63762 345.843513      99.98 6.3993e+02   1577.500      37861          5  0.000e+00
    151.514    149.975     0.7916  29.417437     0.7900  29.415706     4.8891     4.9449    -0.0004    91.3952 1.0000e-12  -64.88094  -64.63762 345.843513      99.95 6.3993e+02   1577.542      37862          5  0.000e+00
    151.459    149.921     0.7920  29.417965     0.7886  29.414616     4.8894     4.9452    -0.0004    91.4209 1.0000e-12  -64.88094  -64.63762 345.843514      99.95 6.3993e+02   1577.583      37863          5  0.000e+00
    151.255    149.719     0.7898  29.414971     0.7911  29.415132     4.9436     4.9722     0.0069    91.4209 1.0000e-12  -64.88094  -64.63762 345.843588      99.95 6.3816e+02   1584.042      38018          6  0.000e+00
    151.207    149.672     0.7901  29.415206     0.7910  29.415418     4.9488     4.9721     0.0069    91.4209 1.0000e-12  -64.88094  -64.63762 345.843589      99.95 6.3816e+02   1584.083      38019          6  0.000e+00
    151.221    149.685     0.7901  29.415382     0.7911  29.415132     4.9440     4.9720     0.0069    91.4209 1.0000e-12  -64.88094  -64.63762 345.843589      99.98 6.3816e+02   1584.125      38020          6  0.000e+00
    151.207    149.672     0.7901  29.415206     0.7914  29.415132     4.9365     4.9718     0.0069    91.3952 1.0000e-12  -64.88094  -64.63762 345.843590      99.98 6.3816e+02   1584.167      38021          6  0.000e+00
    151.207    149.672     0.7901  29.415675     0.7908  29.415132     4.9358     4.9716     0.0069    91.3952 1.0000e-12  -64.88094  -64.63762 345.843590      99.98 6.3816e+02   1584.208      38022          6  0.000e+00
    151.207    149.672     0.7903  29.415499     0.7910  29.415074     4.9464     4.9713     0.0069    91.4209 1.0000e-12  -64.88094  -64.63762 345.843591      99.98 6.3816e+02   1584.250      38023          6  0.000e+00
    151.221    149.685     0.7905  29.415499     0.7908  29.415418     4.9413     4.9718     0.0069    91.4209 1.0000e-12  -64.88094  -64.63762 345.843591      99.98 6.3816e+02   1584.292      38024          6  0.000e+00
    151.208    149.672     0.7903  29.415675     0.7908  29.414845     4.9361     4.9722     0.0069    91.4209 1.0000e-12  -64.88094  -64.63762 345.843592      99.95 6.3816e+02   1584.333      38025          6  0.000e+00
    151.208    149.672     0.7905  29.415499     0.7908  29.414845     4.9408     4.9718     0.0069    91.4209 1.0000e-12  -64.88094  -64.63762 345.843592      99.95 6.3816e+02   1584.375      38026          6  0.000e+00
    151.166    149.631     0.7901  29.415792     0.7905  29.414615     4.9399     4.9722     0.0069    91.4209 1.0000e-12  -64.88094  -64.63762 345.843593      99.98 6.3816e+02   1584.417      38027          6  0.000e+00
    151.208    149.672     0.7898  29.415382     0.7907  29.414845     4.9389     4.9725     0.0069    91.4209 1.0000e-12  -64.88094  -64.63762 345.843593      99.98 6.3816e+02   1584.458      38028          6  0.000e+00
    151.160    149.624     0.7900  29.415205     0.7908  29.414845     4.9334     4.9674     0.0069    91.4209 1.0000e-12  -64.88094  -64.63762 345.843594      99.98 6.3816e+02   1584.500      38029          6  0.000e+00
    151.256    149.719     0.7900  29.415147     0.7906  29.414845     4.9366     4.9714     0.0069    91.4209 1.0000e-12  -64.88094  -64.63762 345.843594      99.95 6.3816e+02   1584.542      38030          6  0.000e+00
    151.221    149.685     0.7898  29.415206     0.7911  29.415074     4.9354     4.9707     0.0069    91.4209 1.0000e-12  -64.88094  -64.63762 345.843595      99.95 6.3816e+02   1584.583      38031          6  0.000e+00
    151.208    149.672     0.7898  29.415499     0.7910  29.414845     4.9340     4.9708     0.0069    91.4209 1.0000e-12  -64.88094  -64.63762 345.843595      99.98 6.3816e+02   1584.625      38032          6  0.000e+00
    151.208    149.672     0.7897  29.415147     0.7911  29.415418     4.9339     4.9700     0.0069    91.4209 1.0000e-12  -64.88094  -64.63762 345.843596      99.98 6.3816e+02   1584.667      38033          6  0.000e+00
    151.221    149.685     0.7895  29.414971     0.7911  29.415418     4.9337     4.9692     0.0069    91.4209 1.0000e-12  -64.88094  -64.63762 345.843596      99.98 6.3816e+02   1584.708      38034          6  0.000e+00
    151.256    149.719     0.7895  29.414971     0.7912  29.415705     4.9321     4.9692     0.0069    91.4209 1.0000e-12  -64.88094  -64.63762 345.843597      99.98 6.3816e+02   1584.750      38035          6  0.000e+00
    151.256    149.719     0.7892  29.414854     0.7913  29.415418     4.9318     4.9691     0.0069    91.4209 1.0000e-12  -64.88094  -64.63762 345.843597      99.98 6.3816e+02   1584.792      38036          6  0.000e+00
    151.256    149.719     0.7892  29.414677     0.7913  29.415934     4.9370     4.9690     0.0069    91.4209 1.0000e-12  -64.88094  -64.63762 345.843598      99.95 6.3816e+02   1584.833      38037          6  0.000e+00
    151.269    149.733     0.7890  29.414560     0.7910  29.415132     4.9321     4.9689     0.0069    91.4209 1.0000e-12  -64.88094  -64.63762 345.843598      99.93 6.3816e+02   1584.875      38038          6  0.000e+00
    151.256    149.719     0.7886  29.414384     0.7911  29.415877     4.9303     4.9687     0.0069    91.4209 1.0000e-12  -64.88094  -64.63762 345.843599      99.98 6.3816e+02   1584.917      38039          6  0.000e+00
    151.311    149.774     0.7887  29.414678     0.7908  29.415419     4.9240     4.9686     0.0069    91.4209 1.0000e-12  -64.88094  -64.63762 345.843599      99.98 6.3816e+02   1584.958      38040          6  0.000e+00
    151.324    149.787     0.7882  29.414032     0.7906  29.415419     4.9278     4.9684     0.0069    91.4209 1.0000e-12  -64.88094  -64.63762 345.843600      99.98 6.3816e+02   1585.000      38041          6  0.000e+00
    151.311    149.774     0.7879  29.413562     0.7906  29.415132     4.9271     4.9681    -0.0004    91.3952 1.0000e-12  -64.88094  -64.63762 345.843600      99.95 6.3816e+02   1585.042      38042          6  0.000e+00
    151.311    149.774     0.7876  29.413210     0.7904  29.414845     4.9207     4.9679    -0.0004    91.3952 1.0000e-12  -64.88094  -64.63762 345.843601      99.95 6.3816e+02   1585.083      38043          6  0.000e+00
    151.359    149.821     0.7872  29.413034     0.7902  29.414329     4.9244     4.9676    -0.0004    91.3952 1.0000e-12  -64.88094  -64.63762 345.843601      99.98 6.3816e+02   1585.125      38044          6  0.000e+00
    151.372    149.835     0.7866  29.412506     0.7900  29.414329     4.9236     4.9673    -0.0004    91.3952 1.0000e-12  -64.88094  -64.63762 345.843601      99.98 6.3816e+02   1585.167      38045          6  0.000e+00
    151.359    149.821     0.7870  29.412095     0.7904  29.414616     4.9227     4.9668    -0.0004    91.3952 1.0000e-12  -64.88094  -64.63762 345.843602      99.98 6.3816e+02   1585.208      38046          6  0.000e+00
    151.414    149.876     0.7873  29.411684     0.7897  29.414329     4.9161     4.9673    -0.0004    91.3694 1.0000e-12  -64.88094  -64.63762 345.843602      99.98 6.3816e+02   1585.250      38047          6  0.000e+00
    151.427    149.889     0.7876  29.412506     0.7896  29.413985     4.9195     4.9669    -0.0004    91.3952 1.0000e-12  -64.88094  -64.63762 345.843603      99.98 6.3816e+02   1585.292      38048          6  0.000e+00
    151.414    149.876     0.7876  29.412917     0.7891  29.414043     4.9184     4.9718    -0.0004    91.3952 1.0000e-12  -64.88094  -64.63762 345.843603      99.98 6.3816e+02   1585.333      38049          6  0.000e+00
    151.517    149.978     0.7872  29.413035     0.7889  29.413527     4.9188     4.9722    -0.0004    91.3694 1.0000e-12  -64.88094  -64.63762 345.843604      99.95 6.3816e+02   1585.375      38050          6  0.000e+00
    151.462    149.923     0.7870  29.412624     0.7883  29.413240     4.9247     4.9671    -0.0004    91.3952 1.0000e-12  -64.88094  -64.63762 345.843604      99.98 6.3816e+02   1585.417      38051          6  0.000e+00
    151.475    149.937     0.7869  29.412506     0.7880  29.412954     4.9206     4.9665    -0.0004    91.3952 1.0000e-12  -64.88094  -64.63762 345.843605      99.98 6.3816e+02   1585.458      38052          6  0.000e+00
    151.517    149.978     0.7869  29.412507     0.7877  29.412667     4.9139     4.9668    -0.0004    91.3952 1.0000e-12  -64.88094  -64.63762 345.843605      99.98 6.3816e+02   1585.500      38053          6  0.000e+00
    151.517    149.978     0.7867  29.411802     0.7877  29.412438     4.9142     4.9661    -0.0004    91.3952 1.0000e-12  -64.88094  -64.63762 345.843606      99.95 6.3816e+02   1585.542      38054          6  0.000e+00
    151.578    150.039     0.7864  29.411685     0.7877  29.412151     4.9189     4.9655    -0.0004    91.3952 1.0000e-12  -64.88094  -64.63762 345.843606      99.95 6.3816e+02   1585.583      38055          6  0.000e+00
    151.565    150.025     0.7861  29.412096     0.7876  29.412381     4.9193     4.9647    -0.0004    91.3952 1.0000e-12  -64.88094  -64.63762 345.843607      99.98 6.3816e+02   1585.625      38056          6  0.000e+00
    151.668    150.127     0.7855  29.411685     0.7880  29.412151     4.9141     4.9640    -0.0004    91.3952 1.0000e-12  -64.88094  -64.63762 345.843607      99.98 6.3816e+02   1585.667      38057          6  0.000e+00
    151.613    150.073     0.7855  29.411098     0.7882  29.412151     4.9244     4.9639    -0.0004    91.3952 1.0000e-12  -64.88094  -64.63762 345.843608      99.98 6.3816e+02   1585.708      38058          6  0.000e+00
    151.626    150.086     0.7855  29.410687     0.7880  29.412954     4.9135     4.9640    -0.0004    91.3952 1.0000e-12  -64.88094  -64.63762 345.843608      99.98 6.3816e+02   1585.750      38059          6  0.000e+00
    151.716    150.175     0.7856  29.411098     0.7882  29.412668     4.9113     4.9632    -0.0004    91.3952 1.0000e-12  -64.88094  -64.63764 345.843609      99.98 6.3816e+02   1585.792      38060          6  0.000e+00
    151.668    150.127     0.7859  29.410687     0.7882  29.412667     4.9116     4.9632    -0.0004    91.3952 1.0000e-12  -64.88094  -64.63764 345.843609      99.95 6.3816e+02   1585.833      38061          6  0.000e+00
