NBP2113_155081_ctd/data/nbp2113_028.ros
* Sea-Bird SBE 9 Data File:
* FileName = D:\Data\raw\NBP2113_028.hex
* Software Version Seasave V 7.26.7.121
* Temperature SN = 2438
* Conductivity SN = 2067
* Number of Bytes Per Scan = 40
* Number of Voltage Words = 5
* Number of Scans Averaged by the Deck Unit = 1
* NMEA Latitude = 68 01.84 S
* NMEA Longitude = 069 17.14 W
* NMEA UTC (Time) = Dec 04 2021  16:43:12
* NMEA baud rate = 9600
** Ship: RVIB N.B. Palmer
** Cruise: NBP2113 LTER
** Station: 200.-040
** Operator: S. Blackman
# nquan = 20
# nvalues = 1176                                  
# units = specified
# name 0 = prDM: Pressure, Digiquartz [db]
# name 1 = depSM: Depth [salt water, m]
# name 2 = t090C: Temperature [ITS-90, deg C]
# name 3 = c0mS/cm: Conductivity [mS/cm]
# name 4 = t190C: Temperature, 2 [ITS-90, deg C]
# name 5 = c1mS/cm: Conductivity, 2 [mS/cm]
# name 6 = sbeox0ML/L: Oxygen, SBE 43 [ml/l]
# name 7 = sbeox1ML/L: Oxygen, SBE 43, 2 [ml/l]
# name 8 = flECO-AFL: Fluorescence, WET Labs ECO-AFL/FL [mg/m^3]
# name 9 = CStarTr0: Beam Transmission, WET Labs C-Star [%]
# name 10 = par: PAR/Irradiance, Biospherical/Licor
# name 11 = latitude: Latitude [deg]
# name 12 = longitude: Longitude [deg]
# name 13 = timeJ: Julian Days
# name 14 = altM: Altimeter [m]
# name 15 = spar: SPAR, Biospherical/Licor
# name 16 = timeS: Time, Elapsed [seconds]
# name 17 = scan: Scan Count
# name 18 = nbf: Bottles Fired
# name 19 = flag:  0.000e+00
# interval = seconds: 0.0416667
# start_time = Dec 04 2021 16:43:12 [NMEA time, header]
# bad_flag = -9.990e-29
*END*
[from data line 362]
     15.281     15.128    -0.8380  27.455247    -0.8432  27.450082     8.3573     8.3936     1.4868    89.1292 5.8732e+01  -68.03070  -69.28588 338.708743      99.98 1.1723e+03   1043.417      25043          8  0.000e+00
     15.350     15.196    -0.8372  27.455362    -0.8427  27.450361     8.3559     8.3937     1.4868    89.1292 5.8566e+01  -68.03070  -69.28588 338.708744      99.98 1.1723e+03   1043.458      25044          8  0.000e+00
     15.336     15.182    -0.8376  27.455019    -0.8421  27.450361     8.3574     8.3937     1.4868    89.1292 5.8566e+01  -68.03070  -69.28588 338.708744      99.98 1.1723e+03   1043.500      25045          8  0.000e+00
     15.350     15.196    -0.8382  27.454733    -0.8424  27.450417     8.3574     8.3938     1.4868    88.9489 5.8566e+01  -68.03070  -69.28588 338.708745      99.95 1.1723e+03   1043.542      25046          8  0.000e+00
     15.384     15.230    -0.8383  27.454675    -0.8427  27.450362     8.3499     8.3940     1.4868    88.8459 5.8399e+01  -68.03070  -69.28588 338.708745      99.95 1.1723e+03   1043.583      25047          8  0.000e+00
     15.350     15.196    -0.8384  27.454218    -0.8421  27.451032     8.3468     8.3938     1.4868    88.8202 5.8399e+01  -68.03070  -69.28588 338.708746      99.98 1.1723e+03   1043.625      25048          8  0.000e+00
     15.432     15.277    -0.8385  27.454275    -0.8409  27.451591     8.3509     8.3935     1.4868    88.8459 5.8233e+01  -68.03070  -69.28588 338.708746      99.98 1.1723e+03   1043.667      25049          8  0.000e+00
     15.350     15.196    -0.8383  27.454561    -0.8406  27.451702     8.3502     8.3933     1.4868    88.8459 5.8233e+01  -68.03070  -69.28588 338.708747      99.98 1.1723e+03   1043.708      25050          8  0.000e+00
     15.384     15.230    -0.8386  27.454046    -0.8411  27.451870     8.3496     8.3933     1.4868    88.8459 5.8233e+01  -68.03070  -69.28588 338.708747      99.93 1.1723e+03   1043.750      25051          8  0.000e+00
     15.384     15.230    -0.8389  27.453646    -0.8407  27.451758     8.3430     8.3876     1.4868    88.8459 5.8068e+01  -68.03070  -69.28588 338.708748      99.95 1.1723e+03   1043.792      25052          8  0.000e+00
     15.405     15.250    -0.8389  27.453932    -0.8401  27.452429     8.3422     8.3919     1.4868    88.8459 5.8068e+01  -68.03070  -69.28588 338.708748      99.98 1.1723e+03   1043.833      25053          8  0.000e+00
     15.432     15.277    -0.8388  27.454103    -0.8395  27.452541     8.3414     8.3916     1.5381    88.8459 5.7903e+01  -68.03070  -69.28588 338.708749      99.98 1.1723e+03   1043.875      25054          8  0.000e+00
     15.405     15.250    -0.8389  27.454275    -0.8394  27.452652     8.3392     8.3913     1.5747    88.8459 5.7903e+01  -68.03070  -69.28588 338.708749      99.98 1.1723e+03   1043.917      25055          8  0.000e+00
     15.432     15.277    -0.8388  27.454161    -0.8388  27.453155     8.3383     8.3910     1.5820    88.8459 5.7739e+01  -68.03070  -69.28588 338.708750      99.98 1.1723e+03   1043.958      25056          8  0.000e+00
     15.453     15.297    -0.8388  27.454275    -0.8386  27.452820     8.3448     8.3907     1.5747    88.8459 5.7739e+01  -68.03070  -69.28588 338.708750      99.98 1.1723e+03   1044.000      25057          8  0.000e+00
     15.432     15.277    -0.8388  27.453989    -0.8388  27.453155     8.3453     8.3903     1.5747    88.8459 5.7575e+01  -68.03070  -69.28588 338.708750      99.95 1.1723e+03   1044.042      25058          8  0.000e+00
     15.432     15.277    -0.8397  27.453474    -0.8383  27.453658     8.3460     8.3908     1.5747    88.8459 5.7575e+01  -68.03070  -69.28588 338.708751      99.95 1.1723e+03   1044.083      25059          8  0.000e+00
     15.453     15.297    -0.8402  27.452959    -0.8381  27.453770     8.3466     8.3857     1.5747    88.8459 5.7575e+01  -68.03070  -69.28588 338.708751      99.98 1.1723e+03   1044.125      25060          8  0.000e+00
     15.487     15.331    -0.8399  27.453017    -0.8380  27.454161     8.3469     8.3910     1.5747    88.8459 5.7411e+01  -68.03070  -69.28588 338.708752      99.98 1.1723e+03   1044.167      25061          8  0.000e+00
     15.405     15.250    -0.8400  27.453074    -0.8375  27.454105     8.3471     8.3858     1.5747    88.8459 5.7411e+01  -68.03070  -69.28588 338.708752      99.95 1.1723e+03   1044.208      25062          8  0.000e+00
     15.487     15.331    -0.8403  27.453074    -0.8374  27.453602     8.3475     8.3912     1.5747    88.8459 5.7248e+01  -68.03070  -69.28588 338.708753      99.95 1.1723e+03   1044.250      25063          8  0.000e+00
     15.501     15.345    -0.8405  27.452673    -0.8377  27.453658     8.3404     8.3910     1.5747    88.8459 5.7248e+01  -68.03070  -69.28588 338.708753      99.95 1.1723e+03   1044.292      25064          8  0.000e+00
     15.432     15.277    -0.8408  27.452730    -0.8381  27.453602     8.3436     8.3861     1.5747    88.8459 5.7086e+01  -68.03070  -69.28588 338.708754      99.98 1.1723e+03   1044.333      25065          8  0.000e+00
     15.501     15.345    -0.8400  27.453589    -0.8381  27.453882     8.3420     8.3859     1.5747    88.7944 5.7086e+01  -68.03070  -69.28588 338.708754      99.98 1.1723e+03   1044.375      25066          8  0.000e+00
     15.487     15.331    -0.8391  27.454218    -0.8388  27.453491     8.3343     8.3858     1.5747    88.7687 5.6923e+01  -68.03070  -69.28588 338.708755      99.98 1.1723e+03   1044.417      25067          8  0.000e+00
     15.487     15.331    -0.8386  27.454390    -0.8386  27.453435     8.3312     8.3856     1.5747    88.7429 5.6923e+01  -68.03070  -69.28588 338.708755      99.98 1.1723e+03   1044.458      25068          8  0.000e+00
     15.501     15.345    -0.8391  27.454161    -0.8384  27.453323     8.3356     8.3910     1.5747    88.7429 5.6923e+01  -68.03070  -69.28588 338.708756      99.98 1.1723e+03   1044.500      25069          8  0.000e+00
     15.487     15.331    -0.8392  27.454104    -0.8386  27.453435     8.3280     8.3917     1.5747    88.7429 5.6762e+01  -68.03070  -69.28588 338.708756      99.95 1.1723e+03   1044.542      25070          8  0.000e+00
     15.501     15.345    -0.8391  27.454275    -0.8384  27.453491     8.3189     8.3924     1.5747    88.7429 5.6762e+01  -68.03070  -69.28588 338.708757      99.95 1.1723e+03   1044.583      25071          8  0.000e+00
     15.535     15.379    -0.8391  27.454161    -0.8388  27.453323     8.3144     8.3933     1.5747    88.7687 5.6600e+01  -68.03070  -69.28588 338.708757      99.98 1.1723e+03   1044.625      25072          8  0.000e+00
     15.535     15.379    -0.8386  27.454733    -0.8392  27.452709     8.3175     8.3840     1.5820    88.8974 5.5801e+01  -68.03070  -69.28588 338.708766      99.98 1.1706e+03   1045.417      25091          9  0.000e+00
     15.556     15.399    -0.8386  27.454676    -0.8394  27.452653     8.3162     8.3892     1.5820    88.8974 5.5642e+01  -68.03070  -69.28588 338.708767      99.98 1.1706e+03   1045.458      25092          9  0.000e+00
     15.590     15.433    -0.8385  27.454447    -0.8394  27.452206     8.3210     8.3896     1.5820    88.9232 5.5642e+01  -68.03070  -69.28588 338.708767      99.98 1.1706e+03   1045.500      25093          9  0.000e+00
     15.501     15.345    -0.8386  27.454561    -0.8402  27.452150     8.3271     8.3901     1.5820    88.8974 5.5642e+01  -68.03070  -69.28588 338.708768      99.95 1.1706e+03   1045.542      25094          9  0.000e+00
     15.590     15.433    -0.8388  27.454218    -0.8406  27.451871     8.3289     8.3907     1.5820    88.8974 5.5642e+01  -68.03070  -69.28588 338.708768      99.95 1.1706e+03   1045.583      25095          9  0.000e+00
     15.556     15.399    -0.8389  27.454504    -0.8404  27.452094     8.3350     8.3855     1.5820    88.8974 5.5642e+01  -68.03070  -69.28588 338.708769      99.98 1.1706e+03   1045.625      25096          9  0.000e+00
     15.535     15.379    -0.8391  27.454447    -0.8398  27.452373     8.3306     8.3904     1.5820    88.9232 5.5642e+01  -68.03070  -69.28588 338.708769      99.98 1.1706e+03   1045.667      25097          9  0.000e+00
     15.604     15.447    -0.8392  27.453989    -0.8395  27.452876     8.3381     8.3908     1.5820    88.9232 5.5484e+01  -68.03070  -69.28588 338.708770      99.95 1.1706e+03   1045.708      25098          9  0.000e+00
     15.535     15.379    -0.8392  27.454218    -0.8394  27.452988     8.3350     8.3912     1.5820    88.8974 5.5484e+01  -68.03070  -69.28588 338.708770      99.95 1.1706e+03   1045.750      25099          9  0.000e+00
     15.535     15.379    -0.8391  27.454161    -0.8391  27.452653     8.3305     8.3916     1.5820    88.8974 5.5484e+01  -68.03070  -69.28588 338.708771      99.95 1.1706e+03   1045.792      25100          9  0.000e+00
     15.556     15.400    -0.8392  27.454275    -0.8397  27.452485     8.3292     8.3913     1.5820    88.8974 5.5484e+01  -68.03070  -69.28588 338.708771      99.98 1.1706e+03   1045.833      25101          9  0.000e+00
     15.535     15.379    -0.8391  27.454390    -0.8395  27.452653     8.3337     8.3916     1.5820    88.9232 5.5484e+01  -68.03070  -69.28588 338.708772      99.98 1.1706e+03   1045.875      25102          9  0.000e+00
     15.556     15.400    -0.8389  27.454218    -0.8389  27.453267     8.3278     8.3919     1.5820    88.9232 5.5484e+01  -68.03070  -69.28588 338.708772      99.98 1.1706e+03   1045.917      25103          9  0.000e+00
     15.535     15.379    -0.8394  27.454104    -0.8392  27.453156     8.3206     8.3923     1.5820    88.8974 5.5484e+01  -68.03070  -69.28588 338.708773      99.98 1.1706e+03   1045.958      25104          9  0.000e+00
     15.556     15.400    -0.8396  27.453703    -0.8397  27.452765     8.3180     8.3929     1.5820    88.8974 5.5484e+01  -68.03070  -69.28588 338.708773      99.98 1.1706e+03   1046.000      25105          9  0.000e+00
     15.590     15.433    -0.8396  27.453761    -0.8395  27.452373     8.3169     8.3878     1.5600    88.8717 5.5484e+01  -68.03070  -69.28588 338.708774      99.95 1.1706e+03   1046.042      25106          9  0.000e+00
     15.535     15.379    -0.8397  27.453875    -0.8398  27.452597     8.3157     8.3873     1.4721    88.7944 5.5484e+01  -68.03070  -69.28588 338.708774      99.98 1.1706e+03   1046.083      25107          9  0.000e+00
     15.556     15.400    -0.8397  27.453646    -0.8395  27.452709     8.3148     8.3869     1.4355    88.7687 5.5484e+01  -68.03070  -69.28588 338.708775      99.98 1.1706e+03   1046.125      25108          9  0.000e+00
     15.535     15.379    -0.8394  27.453760    -0.8397  27.452932     8.3138     8.3855     1.4355    88.7429 5.5484e+01  -68.03070  -69.28588 338.708775      99.98 1.1706e+03   1046.167      25109          9  0.000e+00
     15.556     15.400    -0.8397  27.453875    -0.8398  27.452262     8.3191     8.3908     1.4355    88.7687 5.5484e+01  -68.03070  -69.28588 338.708776      99.95 1.1706e+03   1046.208      25110          9  0.000e+00
     15.535     15.379    -0.8396  27.454047    -0.8400  27.452373     8.3138     8.3904     1.4355    88.7687 5.5484e+01  -68.03070  -69.28588 338.708776      99.93 1.1706e+03   1046.250      25111          9  0.000e+00
     15.556     15.400    -0.8399  27.453360    -0.8403  27.451535     8.3133     8.3911     1.4355    88.7687 5.5484e+01  -68.03070  -69.28588 338.708777      99.95 1.1706e+03   1046.292      25112          9  0.000e+00
     15.535     15.379    -0.8401  27.453303    -0.8403  27.451591     8.3056     8.3915     1.4355    88.7687 5.5484e+01  -68.03070  -69.28588 338.708777      99.98 1.1706e+03   1046.333      25113          9  0.000e+00
     15.590     15.434    -0.8402  27.453360    -0.8404  27.451927     8.3157     8.3911     1.4355    88.7687 5.5484e+01  -68.03070  -69.28588 338.708777      99.98 1.1706e+03   1046.375      25114          9  0.000e+00
     15.501     15.345    -0.8403  27.453131    -0.8403  27.451759     8.3109     8.3905     1.4355    88.7687 5.5484e+01  -68.03070  -69.28588 338.708778      99.98 1.1688e+03   1046.417      25115          9  0.000e+00
     15.535     15.379    -0.8406  27.453074    -0.8400  27.451926     8.3094     8.3900     1.4428    88.7687 5.5484e+01  -68.03070  -69.28588 338.708778      99.98 1.1706e+03   1046.458      25116          9  0.000e+00
     15.556     15.400    -0.8404  27.453246    -0.8401  27.452150     8.3078     8.3895     1.4355    88.7687 5.5484e+01  -68.03070  -69.28588 338.708779      99.98 1.1706e+03   1046.500      25117          9  0.000e+00
     15.535     15.379    -0.8405  27.452959    -0.8400  27.452206     8.3136     8.3842     1.4355    88.7687 5.5642e+01  -68.03070  -69.28588 338.708779      99.95 1.1688e+03   1046.542      25118          9  0.000e+00
     15.501     15.345    -0.8405  27.452845    -0.8398  27.452206     8.3135     8.3892     1.4355    88.7687 5.5642e+01  -68.03070  -69.28588 338.708780      99.95 1.1688e+03   1046.583      25119          9  0.000e+00
     15.590     15.434    -0.8404  27.453017    -0.8401  27.452038     8.3121     8.3841     1.4355    88.7687 5.5642e+01  -68.03070  -69.28588 338.708780      99.98 1.1688e+03   1046.625      25120          9  0.000e+00
     15.501     15.346    -0.8403  27.453474    -0.8402  27.452150     8.3104     8.3891     1.4355    88.7429 5.5642e+01  -68.03070  -69.28588 338.708781      99.98 1.1688e+03   1046.667      25121          9  0.000e+00
     15.535     15.379    -0.8403  27.453188    -0.8407  27.451647     8.3162     8.3897     1.4355    88.7687 5.5642e+01  -68.03070  -69.28588 338.708781      99.95 1.1688e+03   1046.708      25122          9  0.000e+00
     15.488     15.332    -0.8407  27.452673    -0.8413  27.451200     8.3174     8.3847     1.4355    88.7687 5.5642e+01  -68.03070  -69.28588 338.708782      99.93 1.1688e+03   1046.750      25123          9  0.000e+00
     15.556     15.400    -0.8414  27.451930    -0.8417  27.451144     8.3188     8.3899     1.4355    88.7687 5.5801e+01  -68.03070  -69.28588 338.708782      99.95 1.1688e+03   1046.792      25124          9  0.000e+00
     15.535     15.379    -0.8424  27.451186    -0.8412  27.450976     8.3156     8.3903     1.4355    88.7687 5.5801e+01  -68.03070  -69.28588 338.708783      99.98 1.1688e+03   1046.833      25125          9  0.000e+00
     15.501     15.346    -0.8433  27.449984    -0.8420  27.450474     8.3287     8.3853     1.4355    88.7687 5.5801e+01  -68.03070  -69.28588 338.708783      99.98 1.1688e+03   1046.875      25126          9  0.000e+00
     15.535     15.379    -0.8442  27.449698    -0.8423  27.450027     8.3269     8.3850     1.4355    88.8459 5.5801e+01  -68.03070  -69.28588 338.708784      99.98 1.1688e+03   1046.917      25127          9  0.000e+00
     15.556     15.400    -0.8450  27.449470    -0.8424  27.450083     8.3223     8.3847     1.4355    88.8717 5.5801e+01  -68.03070  -69.28588 338.708784      99.98 1.1688e+03   1046.958      25128          9  0.000e+00
     15.488     15.332    -0.8450  27.449584    -0.8428  27.449412     8.3219     8.3844     1.4355    88.8717 5.5801e+01  -68.03070  -69.28588 338.708785      99.98 1.1688e+03   1047.000      25129          9  0.000e+00
     15.535     15.379    -0.8451  27.449870    -0.8443  27.448350     8.3230     8.3901     1.4355    88.8717 5.5960e+01  -68.03070  -69.28588 338.708785      99.95 1.1688e+03   1047.042      25130          9  0.000e+00
     15.556     15.400    -0.8447  27.450156    -0.8447  27.447512     8.3299     8.3909     1.4355    88.8717 5.5960e+01  -68.03070  -69.28588 338.708786      99.95 1.1688e+03   1047.083      25131          9  0.000e+00
     15.488     15.332    -0.8437  27.450385    -0.8453  27.447456     8.3263     8.3860     1.4355    88.8717 5.5960e+01  -68.03070  -69.28588 338.708786      99.98 1.1688e+03   1047.125      25132          9  0.000e+00
