NBP2113_155081_ctd/data/nbp2113_067.ros
* Sea-Bird SBE 9 Data File:
* FileName = D:\Data\raw\NBP2113_067.hex
* Software Version Seasave V 7.26.7.121
* Temperature SN = 2438
* Conductivity SN = 2067
* Number of Bytes Per Scan = 40
* Number of Voltage Words = 5
* Number of Scans Averaged by the Deck Unit = 1
* NMEA Latitude = 64 09.64 S
* NMEA Longitude = 061 49.92 W
* NMEA UTC (Time) = Dec 14 2021  19:29:58
* NMEA baud rate = 9600
** Ship: RVIB N.B. Palmer
** Cruise: NBP2113 LTER
** Station: 744.002
** Operator: S. Blackman
# nquan = 20
# nvalues = 476                                   
# units = specified
# name 0 = prDM: Pressure, Digiquartz [db]
# name 1 = depSM: Depth [salt water, m]
# name 2 = t090C: Temperature [ITS-90, deg C]
# name 3 = c0mS/cm: Conductivity [mS/cm]
# name 4 = t190C: Temperature, 2 [ITS-90, deg C]
# name 5 = c1mS/cm: Conductivity, 2 [mS/cm]
# name 6 = sbeox0ML/L: Oxygen, SBE 43 [ml/l]
# name 7 = sbeox1ML/L: Oxygen, SBE 43, 2 [ml/l]
# name 8 = flECO-AFL: Fluorescence, WET Labs ECO-AFL/FL [mg/m^3]
# name 9 = CStarTr0: Beam Transmission, WET Labs C-Star [%]
# name 10 = par: PAR/Irradiance, Biospherical/Licor
# name 11 = latitude: Latitude [deg]
# name 12 = longitude: Longitude [deg]
# name 13 = timeJ: Julian Days
# name 14 = altM: Altimeter [m]
# name 15 = spar: SPAR, Biospherical/Licor
# name 16 = timeS: Time, Elapsed [seconds]
# name 17 = scan: Scan Count
# name 18 = nbf: Bottles Fired
# name 19 = flag:  0.000e+00
# interval = seconds: 0.0416667
# start_time = Dec 14 2021 19:29:58 [NMEA time, header]
# bad_flag = -9.990e-29
*END*
    475.570    470.396    -0.5239  28.447416    -0.5262  28.444079     6.0367     6.1159    -0.0077    90.1077 1.0000e-12  -64.16166  -61.83262 348.824612       9.60 8.4971e+02   1048.458      25164          1  0.000e+00
    475.460    470.287    -0.5238  28.447937    -0.5267  28.444079     6.0419     6.1211    -0.0150    90.1077 1.0000e-12  -64.16166  -61.83262 348.824612       9.62 8.4971e+02   1048.500      25165          1  0.000e+00
    475.515    470.342    -0.5239  28.447648    -0.5272  28.444079     6.0426     6.1216    -0.0150    90.1077 1.0000e-12  -64.16166  -61.83262 348.824613       9.62 8.4971e+02   1048.542      25166          1  0.000e+00
    475.474    470.301    -0.5240  28.447416    -0.5262  28.443513     6.0432     6.1218    -0.0150    90.1077 1.0000e-12  -64.16166  -61.83262 348.824613       9.62 8.4971e+02   1048.583      25167          1  0.000e+00
    475.412    470.239    -0.5242  28.447937    -0.5261  28.443796     6.0437     6.1221    -0.0150    90.1077 1.0000e-12  -64.16166  -61.83262 348.824614       9.62 8.4971e+02   1048.625      25168          1  0.000e+00
    475.474    470.301    -0.5241  28.447648    -0.5254  28.444589     6.0381     6.1224    -0.0150    90.1077 1.0000e-12  -64.16166  -61.83262 348.824614       9.62 8.4971e+02   1048.667      25169          1  0.000e+00
    475.460    470.287    -0.5241  28.447126    -0.5250  28.444305     6.0434     6.1227    -0.0150    90.1077 1.0000e-12  -64.16166  -61.83262 348.824615       9.62 8.4971e+02   1048.708      25170          1  0.000e+00
    475.474    470.301    -0.5241  28.447416    -0.5248  28.444079     6.0441     6.1231    -0.0150    90.1077 1.0000e-12  -64.16166  -61.83262 348.824615       9.65 8.4971e+02   1048.750      25171          1  0.000e+00
    475.460    470.287    -0.5242  28.447126    -0.5257  28.444362     6.0448     6.1236    -0.0150    90.1077 1.0000e-12  -64.16166  -61.83264 348.824616       9.77 8.4971e+02   1048.792      25172          1  0.000e+00
    475.419    470.246    -0.5244  28.447126    -0.5262  28.444305     6.0391     6.1240    -0.0150    90.1077 1.0000e-12  -64.16166  -61.83264 348.824616       9.79 8.4971e+02   1048.833      25173          1  0.000e+00
    475.412    470.239    -0.5247  28.446836    -0.5261  28.444362     6.0493     6.1233    -0.0150    90.1077 1.0000e-12  -64.16166  -61.83264 348.824617       9.79 8.4971e+02   1048.875      25174          1  0.000e+00
    475.460    470.287    -0.5251  28.446662    -0.5259  28.444079     6.0452     6.1178    -0.0150    90.1077 1.0000e-12  -64.16166  -61.83264 348.824617       9.79 8.4971e+02   1048.917      25175          1  0.000e+00
    475.370    470.198    -0.5250  28.446314    -0.5257  28.444079     6.0458     6.1219    -0.0150    90.1077 1.0000e-12  -64.16166  -61.83264 348.824618       9.79 8.4971e+02   1048.958      25176          1  0.000e+00
    475.460    470.287    -0.5252  28.446604    -0.5255  28.444588     6.0401     6.1212    -0.0150    90.1077 1.0000e-12  -64.16166  -61.83264 348.824618       9.79 8.4971e+02   1049.000      25177          1  0.000e+00
    475.419    470.246    -0.5251  28.446314    -0.5256  28.444305     6.0455     6.1215    -0.0150    90.1077 1.0000e-12  -64.16166  -61.83264 348.824619       9.79 8.4971e+02   1049.042      25178          1  0.000e+00
    475.412    470.239    -0.5252  28.446024    -0.5256  28.444588     6.0462     6.1159    -0.0150    90.1077 1.0000e-12  -64.16166  -61.83264 348.824619       9.79 8.4971e+02   1049.083      25179          1  0.000e+00
    475.419    470.246    -0.5253  28.445792    -0.5257  28.444362     6.0469     6.1211    -0.0150    90.1077 1.0000e-12  -64.16166  -61.83264 348.824620       9.79 8.4971e+02   1049.125      25180          1  0.000e+00
    475.460    470.287    -0.5255  28.446314    -0.5256  28.444588     6.0475     6.1215    -0.0150    90.1077 1.0000e-12  -64.16166  -61.83264 348.824620       9.79 8.4971e+02   1049.167      25181          1  0.000e+00
    475.419    470.246    -0.5259  28.445792    -0.5257  28.444872     6.0403     6.1218    -0.0150    90.0562 1.0000e-12  -64.16166  -61.83264 348.824620       9.79 8.4971e+02   1049.208      25182          1  0.000e+00
    475.357    470.185    -0.5260  28.446024    -0.5254  28.444362     6.0457     6.1220    -0.0150    90.0562 1.0000e-12  -64.16166  -61.83264 348.824621       9.79 8.4971e+02   1049.250      25183          1  0.000e+00
    475.412    470.239    -0.5254  28.445792    -0.5251  28.444305     6.0463     6.1224    -0.0150    90.0562 1.0000e-12  -64.16166  -61.83264 348.824621       9.77 8.4971e+02   1049.292      25184          1  0.000e+00
    475.419    470.246    -0.5260  28.445792    -0.5251  28.444871     6.0470     6.1227    -0.0150    90.0562 1.0000e-12  -64.16166  -61.83264 348.824622       9.74 8.4971e+02   1049.333      25185          1  0.000e+00
    475.412    470.239    -0.5259  28.445560    -0.5253  28.444871     6.0414     6.1230    -0.0150    90.0819 1.0000e-12  -64.16166  -61.83264 348.824622       9.74 8.4971e+02   1049.375      25186          1  0.000e+00
    475.474    470.301    -0.5254  28.445503    -0.5251  28.444588     6.0468     6.1224    -0.0150    90.0819 1.0000e-12  -64.16166  -61.83264 348.824623       9.77 8.4971e+02   1049.417      25187          1  0.000e+00
    475.357    470.185    -0.5251  28.445792    -0.5257  28.445154     6.0474     6.1216    -0.0150    90.0562 1.0000e-12  -64.16166  -61.83264 348.824623       9.74 8.4971e+02   1049.458      25188          1  0.000e+00
    475.419    470.246    -0.5257  28.445792    -0.5262  28.444872     6.0482     6.1220    -0.0150    90.0562 1.0000e-12  -64.16166  -61.83264 348.824624       9.74 8.4971e+02   1049.500      25189          1  0.000e+00
    475.412    470.239    -0.5252  28.446024    -0.5264  28.444305     6.0426     6.1223    -0.0150    90.0562 1.0000e-12  -64.16166  -61.83264 348.824624       9.74 8.4971e+02   1049.542      25190          1  0.000e+00
    475.419    470.246    -0.5251  28.446024    -0.5266  28.444305     6.0418     6.1226    -0.0150    90.0562 1.0000e-12  -64.16166  -61.83264 348.824625       9.74 8.4971e+02   1049.583      25191          1  0.000e+00
    475.412    470.239    -0.5247  28.446314    -0.5271  28.444362     6.0473     6.1229    -0.0150    90.0562 1.0000e-12  -64.16166  -61.83264 348.824625       9.77 8.4971e+02   1049.625      25192          1  0.000e+00
    475.412    470.239    -0.5248  28.446024    -0.5276  28.444079     6.0481     6.1232    -0.0150    90.0562 1.0000e-12  -64.16166  -61.83264 348.824626       9.74 8.4971e+02   1049.667      25193          1  0.000e+00
    475.419    470.246    -0.5255  28.446024    -0.5272  28.444079     6.0491     6.1175    -0.0077    90.0562 1.0000e-12  -64.16166  -61.83264 348.824626       9.74 8.4971e+02   1049.708      25194          1  0.000e+00
    475.460    470.287    -0.5253  28.446024    -0.5270  28.443513     6.0499     6.1227    -0.0150    90.0562 1.0000e-12  -64.16166  -61.83264 348.824627       9.74 8.4971e+02   1049.750      25195          1  0.000e+00
    475.370    470.199    -0.5247  28.446314    -0.5262  28.443512     6.0490     6.1229    -0.0150    90.0562 1.0000e-12  -64.16166  -61.83262 348.824627       9.72 8.4971e+02   1049.792      25196          1  0.000e+00
    475.460    470.287    -0.5245  28.446314    -0.5264  28.443003     6.0498     6.1174    -0.0077    90.0562 1.0000e-12  -64.16166  -61.83262 348.824628       9.69 8.4971e+02   1049.833      25197          1  0.000e+00
    475.419    470.246    -0.5246  28.446140    -0.5264  28.442720     6.0506     6.1215    -0.0150    90.0562 1.0000e-12  -64.16166  -61.83262 348.824628       9.69 8.4971e+02   1049.875      25198          1  0.000e+00
    475.460    470.287    -0.5244  28.446604    -0.5267  28.443003     6.0513     6.1219    -0.0150    90.0562 1.0000e-12  -64.16166  -61.83262 348.824629       9.69 8.4971e+02   1049.917      25199          1  0.000e+00
    475.419    470.246    -0.5243  28.446836    -0.5267  28.442493     6.0504     6.1222    -0.0150    90.0819 1.0000e-12  -64.16166  -61.83262 348.824629       9.69 8.4971e+02   1049.958      25200          1  0.000e+00
    475.412    470.240    -0.5242  28.446836    -0.5270  28.442720     6.0511     6.1225    -0.0150    90.0562 1.0000e-12  -64.16166  -61.83262 348.824630       9.69 8.4971e+02   1050.000      25201          1  0.000e+00
    475.460    470.287    -0.5240  28.447126    -0.5265  28.443003     6.0518     6.1228    -0.0150    90.0304 1.0000e-12  -64.16166  -61.83262 348.824630       9.69 8.4971e+02   1050.042      25202          1  0.000e+00
    475.419    470.246    -0.5242  28.447126    -0.5262  28.443286     6.0463     6.1230    -0.0150    90.0304 1.0000e-12  -64.16166  -61.83262 348.824631       9.69 8.4971e+02   1050.083      25203          1  0.000e+00
    475.516    470.342    -0.5243  28.447126    -0.5257  28.443796     6.0439     6.1232    -0.0150    90.0304 1.0000e-12  -64.16166  -61.83262 348.824631       9.69 8.4971e+02   1050.125      25204          1  0.000e+00
    475.419    470.246    -0.5244  28.447126    -0.5254  28.444079     6.0478     6.1234    -0.0150    90.0304 1.0000e-12  -64.16166  -61.83262 348.824632       9.69 8.4971e+02   1050.167      25205          1  0.000e+00
    475.460    470.287    -0.5243  28.447416    -0.5257  28.444362     6.0485     6.1227    -0.0150    90.0304 1.0000e-12  -64.16166  -61.83262 348.824632       9.69 8.4971e+02   1050.208      25206          1  0.000e+00
    475.474    470.301    -0.5247  28.446604    -0.5256  28.444305     6.0493     6.1219    -0.0150    90.0304 1.0000e-12  -64.16166  -61.83262 348.824633       9.74 8.4971e+02   1050.250      25207          1  0.000e+00
    475.460    470.287    -0.5244  28.446604    -0.5256  28.444305     6.0421     6.1221    -0.0150    90.0304 1.0000e-12  -64.16166  -61.83262 348.824633       9.77 8.4971e+02   1050.292      25208          1  0.000e+00
    475.474    470.301    -0.5244  28.446836    -0.5254  28.444589     6.0459     6.1223    -0.0150    90.0304 1.0000e-12  -64.16166  -61.83262 348.824633       9.79 8.4971e+02   1050.333      25209          1  0.000e+00
    475.516    470.342    -0.5243  28.446952    -0.5251  28.444305     6.0466     6.1225    -0.0150    90.0304 1.0000e-12  -64.16166  -61.83262 348.824634       9.79 8.4971e+02   1050.375      25210          1  0.000e+00
    475.460    470.287    -0.5241  28.447416    -0.5256  28.444588     6.0408     6.1227    -0.0150    90.0304 1.0000e-12  -64.16166  -61.83262 348.824634       9.79 8.4971e+02   1050.417      25211          1  0.000e+00
    475.474    470.301    -0.5243  28.447126    -0.5251  28.444079     6.0463     6.1229    -0.0150    90.0304 1.0000e-12  -64.16166  -61.83262 348.824635       9.79 8.4971e+02   1050.458      25212          1  0.000e+00
    475.773    470.596    -0.5240  28.447648    -0.5242  28.445948     6.0486     6.1230    -0.0224    90.1077 1.0000e-12  -64.16166  -61.83264 348.824774       9.91 8.4971e+02   1062.458      25500          2  0.000e+00
    475.676    470.500    -0.5239  28.447938    -0.5243  28.446174     6.0488     6.1232    -0.0224    90.1077 1.0000e-12  -64.16166  -61.83264 348.824774       9.89 8.4971e+02   1062.500      25501          2  0.000e+00
    475.773    470.596    -0.5240  28.448170    -0.5243  28.446175     6.0429     6.1235    -0.0150    90.1077 1.0000e-12  -64.16166  -61.83264 348.824775       9.91 8.4971e+02   1062.542      25502          2  0.000e+00
    475.731    470.555    -0.5239  28.447648    -0.5243  28.445948     6.0559     6.1238    -0.0150    90.1077 1.0000e-12  -64.16166  -61.83264 348.824775       9.89 8.4971e+02   1062.583      25503          2  0.000e+00
    475.724    470.548    -0.5241  28.447938    -0.5239  28.445948     6.0516     6.1240    -0.0150    90.0819 1.0000e-12  -64.16166  -61.83264 348.824776       9.89 8.4971e+02   1062.625      25504          2  0.000e+00
    475.669    470.493    -0.5242  28.447938    -0.5241  28.446458     6.0503     6.1242    -0.0150    90.0819 1.0000e-12  -64.16166  -61.83264 348.824776       9.91 8.4971e+02   1062.667      25505          2  0.000e+00
    475.779    470.603    -0.5239  28.447648    -0.5242  28.446175     6.0428     6.1235    -0.0077    90.1077 1.0000e-12  -64.16166  -61.83264 348.824777       9.89 8.4971e+02   1062.708      25506          2  0.000e+00
    475.724    470.548    -0.5240  28.447938    -0.5241  28.446175     6.0462     6.1226    -0.0150    90.1077 1.0000e-12  -64.16166  -61.83264 348.824777       9.89 8.4971e+02   1062.750      25507          2  0.000e+00
    475.731    470.555    -0.5242  28.447474    -0.5241  28.446458     6.0465     6.1169    -0.0150    90.1077 1.0000e-12  -64.16166  -61.83264 348.824778       9.84 8.4971e+02   1062.792      25508          2  0.000e+00
    475.724    470.548    -0.5243  28.447648    -0.5241  28.446741     6.0468     6.1160    -0.0150    90.1077 1.0000e-12  -64.16166  -61.83264 348.824778       9.82 8.4971e+02   1062.833      25509          2  0.000e+00
    475.676    470.500    -0.5242  28.447648    -0.5239  28.446174     6.0470     6.1212    -0.0150    90.1077 1.0000e-12  -64.16166  -61.83264 348.824779       9.82 8.4971e+02   1062.875      25510          2  0.000e+00
    475.724    470.548    -0.5244  28.447648    -0.5239  28.446741     6.0520     6.1214    -0.0150    90.0819 1.0000e-12  -64.16166  -61.83264 348.824779       9.82 8.4971e+02   1062.917      25511          2  0.000e+00
    475.731    470.555    -0.5244  28.447416    -0.5239  28.446741     6.0537     6.1217    -0.0150    90.1077 1.0000e-12  -64.16166  -61.83264 348.824780       9.82 8.4971e+02   1062.958      25512          2  0.000e+00
    475.724    470.548    -0.5244  28.447127    -0.5236  28.446741     6.0490     6.1219    -0.0150    90.1077 1.0000e-12  -64.16166  -61.83264 348.824780       9.84 8.4971e+02   1063.000      25513          2  0.000e+00
    475.669    470.494    -0.5244  28.447648    -0.5236  28.446458     6.0427     6.1221    -0.0150    90.1077 1.0000e-12  -64.16166  -61.83264 348.824781       9.82 8.4971e+02   1063.042      25514          2  0.000e+00
    475.731    470.555    -0.5243  28.447416    -0.5236  28.446741     6.0397     6.1165    -0.0150    90.1077 1.0000e-12  -64.16166  -61.83264 348.824781       9.82 8.4971e+02   1063.083      25515          2  0.000e+00
    475.669    470.494    -0.5242  28.447416    -0.5237  28.446967     6.0492     6.1216    -0.0150    90.1077 1.0000e-12  -64.16166  -61.83264 348.824782       9.82 8.4971e+02   1063.125      25516          2  0.000e+00
    475.676    470.500    -0.5241  28.447126    -0.5234  28.446967     6.0445     6.1219    -0.0150    90.1077 1.0000e-12  -64.16166  -61.83264 348.824782       9.82 8.4971e+02   1063.167      25517          2  0.000e+00
    475.724    470.548    -0.5244  28.447126    -0.5234  28.446741     6.0445     6.1222    -0.0077    90.1077 1.0000e-12  -64.16166  -61.83264 348.824783       9.82 8.4971e+02   1063.208      25518          2  0.000e+00
    475.676    470.500    -0.5241  28.447416    -0.5231  28.446967     6.0444     6.1214    -0.0150    90.1077 1.0000e-12  -64.16166  -61.83264 348.824783       9.84 8.4971e+02   1063.250      25519          2  0.000e+00
    475.669    470.494    -0.5241  28.447474    -0.5233  28.447250     6.0491     6.1216    -0.0150    90.1077 1.0000e-12  -64.16166  -61.83264 348.824783       9.84 8.4971e+02   1063.292      25520          2  0.000e+00
    475.676    470.500    -0.5243  28.447126    -0.5233  28.446967     6.0506     6.1219    -0.0150    90.1077 1.0000e-12  -64.16166  -61.83264 348.824784       9.87 8.4971e+02   1063.333      25521          2  0.000e+00
    475.724    470.548    -0.5241  28.447416    -0.5233  28.446967     6.0457     6.1222    -0.0150    90.1077 1.0000e-12  -64.16166  -61.83264 348.824784       9.87 8.4971e+02   1063.375      25522          2  0.000e+00
