NBP2113_155081_ctd/data/nbp2113_037.ros
* Sea-Bird SBE 9 Data File:
* FileName = D:\Data\raw\NBP2113_037.hex
* Software Version Seasave V 7.26.7.121
* Temperature SN = 2438
* Conductivity SN = 2067
* Number of Bytes Per Scan = 40
* Number of Voltage Words = 5
* Number of Scans Averaged by the Deck Unit = 1
* NMEA Latitude = 64 56.01 S
* NMEA Longitude = 064 23.97 W
* NMEA UTC (Time) = Dec 10 2021  04:27:53
* NMEA baud rate = 9600
** Ship: RVIB N.B. Palmer
** Cruise: NBP2113 LTER
** Station: 600.040
** Operator: B. Urmston
# nquan = 20
# nvalues = 1174                                  
# units = specified
# name 0 = prDM: Pressure, Digiquartz [db]
# name 1 = depSM: Depth [salt water, m]
# name 2 = t090C: Temperature [ITS-90, deg C]
# name 3 = c0mS/cm: Conductivity [mS/cm]
# name 4 = t190C: Temperature, 2 [ITS-90, deg C]
# name 5 = c1mS/cm: Conductivity, 2 [mS/cm]
# name 6 = sbeox0ML/L: Oxygen, SBE 43 [ml/l]
# name 7 = sbeox1ML/L: Oxygen, SBE 43, 2 [ml/l]
# name 8 = flECO-AFL: Fluorescence, WET Labs ECO-AFL/FL [mg/m^3]
# name 9 = CStarTr0: Beam Transmission, WET Labs C-Star [%]
# name 10 = par: PAR/Irradiance, Biospherical/Licor
# name 11 = latitude: Latitude [deg]
# name 12 = longitude: Longitude [deg]
# name 13 = timeJ: Julian Days
# name 14 = altM: Altimeter [m]
# name 15 = spar: SPAR, Biospherical/Licor
# name 16 = timeS: Time, Elapsed [seconds]
# name 17 = scan: Scan Count
# name 18 = nbf: Bottles Fired
# name 19 = flag:  0.000e+00
# interval = seconds: 0.0416667
# start_time = Dec 10 2021 04:27:53 [NMEA time, header]
# bad_flag = -9.990e-29
*END*
[from data line 1086]
      4.594      4.549    -0.9850  27.122896    -0.9855  27.120498     8.0902     8.1447     1.7652    87.1207 8.3733e-01  -64.93376  -64.39960 344.198156      69.21 0.0000e+00   1047.708      25146         23  0.000e+00
      4.594      4.549    -0.9849  27.122383    -0.9852  27.120275     8.0845     8.1449     1.7798    87.1207 8.3310e-01  -64.93376  -64.39960 344.198157      69.23 0.0000e+00   1047.750      25147         23  0.000e+00
      4.580      4.535    -0.9849  27.122611    -0.9855  27.120998     8.0893     8.1452     1.7798    87.1207 8.3310e-01  -64.93376  -64.39960 344.198157      69.23 0.0000e+00   1047.792      25148         23  0.000e+00
      4.594      4.549    -0.9852  27.122611    -0.9858  27.120275     8.0881     8.1512     1.7725    87.1207 8.2468e-01  -64.93376  -64.39960 344.198158      69.21 0.0000e+00   1047.833      25149         23  0.000e+00
      4.594      4.549    -0.9850  27.122896    -0.9864  27.120720     8.0821     8.1469     1.7725    87.1207 8.2049e-01  -64.93376  -64.39960 344.198158      86.08 0.0000e+00   1047.875      25150         23  0.000e+00
      4.580      4.535    -0.9850  27.122383    -0.9864  27.119774     8.0808     8.1472     1.7725    87.0950 8.1214e-01  -64.93376  -64.39960 344.198159      99.07 0.0000e+00   1047.917      25151         23  0.000e+00
      4.642      4.596    -0.9852  27.122896    -0.9869  27.119719     8.0796     8.1476     1.7725    87.0950 8.0798e-01  -64.93376  -64.39960 344.198159     100.00 0.0000e+00   1047.958      25152         23  0.000e+00
      4.594      4.549    -0.9854  27.122098    -0.9872  27.118996     8.0901     8.1479     1.7725    87.0950 8.0798e-01  -64.93376  -64.39960 344.198160     100.00 0.0000e+00   1048.000      25153         23  0.000e+00
      4.635      4.590    -0.9852  27.122383    -0.9873  27.118662     8.0855     8.1474     1.7725    87.0950 8.0798e-01  -64.93376  -64.39960 344.198160      99.98 0.0000e+00   1048.042      25154         23  0.000e+00
      4.642      4.596    -0.9855  27.121870    -0.9875  27.118495     8.0870     8.1476     1.7725    87.0950 8.1214e-01  -64.93376  -64.39960 344.198161      99.93 0.0000e+00   1048.083      25155         23  0.000e+00
      4.594      4.549    -0.9852  27.122098    -0.9875  27.118662     8.0867     8.1478     1.7725    87.0950 8.1631e-01  -64.93376  -64.39960 344.198161      99.93 0.0000e+00   1048.125      25156         23  0.000e+00
      4.683      4.637    -0.9857  27.122098    -0.9875  27.118495     8.0867     8.1481     1.7725    87.0950 8.2468e-01  -64.93376  -64.39960 344.198162      99.93 0.0000e+00   1048.167      25157         23  0.000e+00
      4.697      4.651    -0.9859  27.122668    -0.9876  27.118662     8.0984     8.1484     1.7725    87.0950 8.3310e-01  -64.93376  -64.39960 344.198162      99.98 0.0000e+00   1048.208      25158         23  0.000e+00
      4.642      4.597    -0.9855  27.122098    -0.9889  27.118217     8.0947     8.1544     1.7798    87.0950 8.3733e-01  -64.93376  -64.39960 344.198163      99.98 0.0000e+00   1048.250      25159         23  0.000e+00
      4.683      4.637    -0.9862  27.122098    -0.9896  27.116882     8.0898     8.1548     1.7725    87.0950 8.4583e-01  -64.93376  -64.39960 344.198163      99.98 0.0000e+00   1048.292      25160         23  0.000e+00
      4.697      4.651    -0.9872  27.121871    -0.9904  27.115380     8.0895     8.1496     1.7725    87.1465 8.5009e-01  -64.93376  -64.39960 344.198164      99.95 0.0000e+00   1048.333      25161         23  0.000e+00
      4.697      4.651    -0.9890  27.120846    -0.9899  27.115325     8.0952     8.1487     1.7725    87.1722 8.5009e-01  -64.93376  -64.39960 344.198164      99.95 0.0000e+00   1048.375      25162         23  0.000e+00
      4.786      4.739    -0.9902  27.119023    -0.9907  27.115937     8.0904     8.1480     1.7725    87.1722 8.5437e-01  -64.93376  -64.39960 344.198165      99.98 0.0000e+00   1048.417      25163         23  0.000e+00
      4.745      4.698    -0.9905  27.116688    -0.9915  27.115603     8.0912     8.1481     1.7725    87.1722 8.5866e-01  -64.93376  -64.39960 344.198165      99.98 0.0000e+00   1048.458      25164         23  0.000e+00
      4.745      4.698    -0.9906  27.116403    -0.9924  27.114101     8.0905     8.1540     1.7725    87.1722 8.5866e-01  -64.93376  -64.39960 344.198166      99.98 0.0000e+00   1048.500      25165         23  0.000e+00
      4.786      4.739    -0.9911  27.116175    -0.9925  27.113768     8.0912     8.1550     1.7725    87.1465 8.5866e-01  -64.93376  -64.39960 344.198166      99.98 0.0000e+00   1048.542      25166         23  0.000e+00
      4.800      4.752    -0.9916  27.116175    -0.9928  27.113100     8.0964     8.1559     1.7725    87.1722 8.6296e-01  -64.93376  -64.39960 344.198166      99.98 0.0000e+00   1048.583      25167         23  0.000e+00
      4.847      4.800    -0.9918  27.115093    -0.9928  27.113545     8.0910     8.1567     1.7725    87.1722 8.6296e-01  -64.93376  -64.39960 344.198167      99.95 0.0000e+00   1048.625      25168         23  0.000e+00
      4.888      4.841    -0.9916  27.115378    -0.9927  27.112600     8.0914     8.1575     1.7725    87.1722 8.6296e-01  -64.93376  -64.39960 344.198167      99.95 0.0000e+00   1048.667      25169         23  0.000e+00
      4.847      4.800    -0.9916  27.115435    -0.9924  27.113267     8.0918     8.1572     1.7725    87.1722 8.6296e-01  -64.93376  -64.39960 344.198168      99.98 0.0000e+00   1048.708      25170         23  0.000e+00
      4.895      4.847    -0.9916  27.115891    -0.9919  27.113323     8.0907     8.1568     1.7505    87.1722 8.6296e-01  -64.93376  -64.39960 344.198168      99.98 0.0000e+00   1048.750      25171         23  0.000e+00
      4.936      4.888    -0.9917  27.115891    -0.9909  27.113267     8.0956     8.1507     1.6333    87.1722 8.6727e-01  -64.93376  -64.39960 344.198169      99.98 0.0000e+00   1048.792      25172         23  0.000e+00
      4.950      4.902    -0.9917  27.115378    -0.9906  27.114380     8.0885     8.1502     1.5820    87.1722 8.6727e-01  -64.93376  -64.39960 344.198169      99.93 0.0000e+00   1048.833      25173         23  0.000e+00
      4.998      4.949    -0.9913  27.115663    -0.9904  27.115604     8.0885     8.1553     1.5820    87.1722 8.7160e-01  -64.93376  -64.39960 344.198170      99.95 0.0000e+00   1048.875      25174         23  0.000e+00
      5.039      4.990    -0.9908  27.115378    -0.9904  27.115159     8.0872     8.1559     1.5893    87.1722 8.7594e-01  -64.93376  -64.39960 344.198170      99.98 0.0000e+00   1048.917      25175         23  0.000e+00
      5.053      5.003    -0.9910  27.116404    -0.9902  27.115326     8.0858     8.1507     1.5893    87.1722 8.7594e-01  -64.93376  -64.39960 344.198171      99.98 0.0000e+00   1048.958      25176         23  0.000e+00
      5.053      5.003    -0.9908  27.116461    -0.9907  27.115381     8.0843     8.1504     1.5893    87.1722 8.7594e-01  -64.93376  -64.39960 344.198171      99.98 0.0000e+00   1049.000      25177         23  0.000e+00
      5.087      5.037    -0.9910  27.116688    -0.9907  27.115326     8.0843     8.1556     1.5893    87.1722 8.7594e-01  -64.93376  -64.39960 344.198172      99.98 0.0000e+00   1049.042      25178         23  0.000e+00
      5.155      5.105    -0.9911  27.116176    -0.9906  27.115159     8.0784     8.1560     1.5893    87.1722 8.7160e-01  -64.93376  -64.39960 344.198172      99.98 0.0000e+00   1049.083      25179         23  0.000e+00
      5.142      5.091    -0.9913  27.116689    -0.9909  27.115326     8.0770     8.1564     1.5893    87.1722 8.6727e-01  -64.93376  -64.39960 344.198173      99.95 0.0000e+00   1049.125      25180         23  0.000e+00
      5.203      5.152    -0.9914  27.116176    -0.9909  27.115159     8.0803     8.1568     1.5893    87.1207 8.6296e-01  -64.93376  -64.39960 344.198173      99.95 0.0000e+00   1049.167      25181         23  0.000e+00
      5.203      5.152    -0.9917  27.115891    -0.9911  27.114825     8.0789     8.1572     1.5893    87.1207 8.5866e-01  -64.93376  -64.39960 344.198174      99.98 0.0000e+00   1049.208      25182         23  0.000e+00
      5.292      5.240    -0.9914  27.115664    -0.9913  27.115159     8.0730     8.1576     1.5893    87.1207 8.5009e-01  -64.93376  -64.39960 344.198174      99.98 0.0000e+00   1049.250      25183         23  0.000e+00
      5.306      5.254    -0.9911  27.115949    -0.9913  27.115048     8.0715     8.1578     1.5893    87.1207 8.4157e-01  -64.93376  -64.39960 344.198175      99.98 0.0000e+00   1049.292      25184         23  0.000e+00
      4.329      4.287    -0.9866  27.120844    -0.9866  27.119440     8.0947     8.1425     1.6480    87.1722 9.1553e-01  -64.93376  -64.39960 344.198227      99.98 0.0000e+00   1053.792      25292         24  0.000e+00
      4.295      4.253    -0.9866  27.120559    -0.9864  27.119774     8.0951     8.1424     1.6480    87.1722 9.1108e-01  -64.93376  -64.39960 344.198227      99.93 0.0000e+00   1053.833      25293         24  0.000e+00
      4.240      4.199    -0.9866  27.120844    -0.9866  27.119217     8.1013     8.1425     1.6480    87.1980 9.1108e-01  -64.93376  -64.39960 344.198228      99.95 0.0000e+00   1053.875      25294         24  0.000e+00
      4.329      4.287    -0.9866  27.120844    -0.9866  27.119217     8.0957     8.1426     1.6480    87.1722 9.0665e-01  -64.93376  -64.39960 344.198228      99.98 0.0000e+00   1053.917      25295         24  0.000e+00
      4.295      4.253    -0.9865  27.120559    -0.9861  27.119440     8.0972     8.1425     1.6480    87.1722 9.0222e-01  -64.93376  -64.39960 344.198229      99.98 0.0000e+00   1053.958      25296         24  0.000e+00
      4.295      4.253    -0.9865  27.120844    -0.9861  27.119217     8.0973     8.1426     1.6480    87.1980 9.0222e-01  -64.93376  -64.39960 344.198229      99.98 0.0000e+00   1054.000      25297         24  0.000e+00
      4.329      4.287    -0.9863  27.120560    -0.9864  27.119496     8.0974     8.1427     1.6480    87.1722 8.9341e-01  -64.93376  -64.39960 344.198230      99.98 0.0000e+00   1054.042      25298         24  0.000e+00
      4.295      4.253    -0.9863  27.121072    -0.9863  27.119440     8.0958     8.1427     1.6480    87.1722 8.9341e-01  -64.93376  -64.39960 344.198230      99.98 0.0000e+00   1054.083      25299         24  0.000e+00
      4.295      4.253    -0.9863  27.120844    -0.9863  27.119495     8.0943     8.1427     1.6480    87.1722 8.9341e-01  -64.93376  -64.39960 344.198231      99.95 0.0000e+00   1054.125      25300         24  0.000e+00
      4.329      4.287    -0.9865  27.120844    -0.9859  27.119440     8.0941     8.1427     1.6406    87.1722 9.0665e-01  -64.93376  -64.39960 344.198231      99.95 0.0000e+00   1054.167      25301         24  0.000e+00
      4.295      4.253    -0.9863  27.121072    -0.9865  27.119217     8.0938     8.1484     1.6480    87.1722 9.1999e-01  -64.93376  -64.39960 344.198232      99.98 0.0000e+00   1054.208      25302         24  0.000e+00
      4.343      4.300    -0.9863  27.120844    -0.9864  27.119217     8.0994     8.1438     1.6626    87.1722 9.2895e-01  -64.93376  -64.39960 344.198232      99.98 0.0000e+00   1054.250      25303         24  0.000e+00
      4.329      4.287    -0.9863  27.121072    -0.9867  27.119217     8.0929     8.1438     1.6846    87.1722 9.3345e-01  -64.93376  -64.39960 344.198233      99.98 0.0000e+00   1054.292      25304         24  0.000e+00
      4.343      4.300    -0.9862  27.120844    -0.9870  27.119217     8.0924     8.1439     1.6846    87.1722 9.2895e-01  -64.93376  -64.39960 344.198233      99.93 0.0000e+00   1054.333      25305         24  0.000e+00
      4.391      4.348    -0.9862  27.121072    -0.9870  27.118717     8.0932     8.1440     1.6846    87.1722 9.2447e-01  -64.93376  -64.39960 344.198234      99.95 0.0000e+00   1054.375      25306         24  0.000e+00
      4.384      4.341    -0.9862  27.121072    -0.9869  27.118661     8.0866     8.1440     1.6846    87.1722 9.2447e-01  -64.93376  -64.39960 344.198234      99.95 0.0000e+00   1054.417      25307         24  0.000e+00
      4.391      4.348    -0.9862  27.121357    -0.9869  27.118494     8.0905     8.1496     1.6846    87.1722 9.2447e-01  -64.93376  -64.39960 344.198234      99.98 0.0000e+00   1054.458      25308         24  0.000e+00
      4.391      4.348    -0.9863  27.121072    -0.9870  27.118939     8.0958     8.1448     1.6846    87.1722 9.2447e-01  -64.93376  -64.39960 344.198235      99.98 0.0000e+00   1054.500      25309         24  0.000e+00
      4.384      4.341    -0.9863  27.121357    -0.9870  27.118494     8.0919     8.1448     1.6846    87.1722 9.2447e-01  -64.93376  -64.39960 344.198235      99.98 0.0000e+00   1054.542      25310         24  0.000e+00
      4.494      4.449    -0.9863  27.120560    -0.9867  27.118940     8.0927     8.1448     1.6846    87.1722 9.2447e-01  -64.93376  -64.39960 344.198236      99.98 0.0000e+00   1054.583      25311         24  0.000e+00
      4.391      4.348    -0.9865  27.120845    -0.9867  27.118995     8.0918     8.1446     1.6846    87.1722 9.2447e-01  -64.93376  -64.39960 344.198236      99.95 0.0000e+00   1054.625      25312         24  0.000e+00
      4.535      4.490    -0.9865  27.121358    -0.9867  27.118940     8.0969     8.1448     1.6846    87.1722 9.2895e-01  -64.93376  -64.39960 344.198237      99.95 0.0000e+00   1054.667      25313         24  0.000e+00
      4.494      4.449    -0.9866  27.120560    -0.9869  27.118717     8.0915     8.1447     1.6846    87.1722 9.3345e-01  -64.93376  -64.39960 344.198237      99.98 0.0000e+00   1054.708      25314         24  0.000e+00
      4.494      4.449    -0.9866  27.120845    -0.9867  27.119218     8.0904     8.1446     1.6846    87.1722 9.3796e-01  -64.93376  -64.39960 344.198238      99.98 0.0000e+00   1054.750      25315         24  0.000e+00
      4.583      4.538    -0.9865  27.120845    -0.9867  27.118996     8.0894     8.1447     1.6846    87.1722 9.4249e-01  -64.93376  -64.39960 344.198238      99.98 0.0000e+00   1054.792      25316         24  0.000e+00
      4.548      4.504    -0.9863  27.120845    -0.9867  27.119441     8.0822     8.1446     1.6846    87.1722 9.4249e-01  -64.93376  -64.39960 344.198239      99.93 0.0000e+00   1054.833      25317         24  0.000e+00
      4.596      4.551    -0.9865  27.120845    -0.9867  27.119218     8.0857     8.1446     1.6846    87.1722 9.5614e-01  -64.93376  -64.39960 344.198239      66.15 0.0000e+00   1054.875      25318         24  0.000e+00
      4.637      4.592    -0.9866  27.120845    -0.9867  27.118940     8.0845     8.1447     1.6846    87.1465 9.5158e-01  -64.93376  -64.39960 344.198240      11.92 0.0000e+00   1054.917      25319         24  0.000e+00
      4.644      4.599    -0.9868  27.120560    -0.9866  27.118996     8.0848     8.1437     1.6846    87.1465 9.5158e-01  -64.93376  -64.39960 344.198240       0.00 0.0000e+00   1054.958      25320         24  0.000e+00
      4.699      4.653    -0.9868  27.120845    -0.9873  27.118662     8.0790     8.1438     1.6846    87.1465 9.4702e-01  -64.93376  -64.39960 344.198241       0.00 0.0000e+00   1055.000      25321         24  0.000e+00
      4.685      4.639    -0.9869  27.120333    -0.9872  27.118495     8.0898     8.1437     1.6846    87.1465 9.4702e-01  -64.93376  -64.39960 344.198241       0.15 0.0000e+00   1055.042      25322         24  0.000e+00
      4.802      4.754    -0.9874  27.120561    -0.9874  27.118941     8.0842     8.1438     1.6846    87.1465 9.3796e-01  -64.93376  -64.39960 344.198242       1.05 0.0000e+00   1055.083      25323         24  0.000e+00
      4.747      4.700    -0.9874  27.120276    -0.9874  27.118718     8.0843     8.1437     1.6846    87.1465 9.3345e-01  -64.93376  -64.39960 344.198242       1.25 0.0000e+00   1055.125      25324         24  0.000e+00
