NBP2113_155081_ctd/data/nbp2113_061.ros
* Sea-Bird SBE 9 Data File:
* FileName = D:\Data\raw\NBP2113_061.hex
* Software Version Seasave V 7.26.7.121
* Temperature SN = 2438
* Conductivity SN = 2067
* Number of Bytes Per Scan = 40
* Number of Voltage Words = 5
* Number of Scans Averaged by the Deck Unit = 1
* NMEA Latitude = 64 46.21 S
* NMEA Longitude = 063 05.90 W
* NMEA UTC (Time) = Dec 13 2021  23:26:08
* NMEA baud rate = 9600
** Ship: RVIB N.B. Palmer
** Cruise: NBP2113 LTER
** Station: 654.005
** Operator: S. Blackman
# nquan = 20
# nvalues = 1173                                  
# units = specified
# name 0 = prDM: Pressure, Digiquartz [db]
# name 1 = depSM: Depth [salt water, m]
# name 2 = t090C: Temperature [ITS-90, deg C]
# name 3 = c0mS/cm: Conductivity [mS/cm]
# name 4 = t190C: Temperature, 2 [ITS-90, deg C]
# name 5 = c1mS/cm: Conductivity, 2 [mS/cm]
# name 6 = sbeox0ML/L: Oxygen, SBE 43 [ml/l]
# name 7 = sbeox1ML/L: Oxygen, SBE 43, 2 [ml/l]
# name 8 = flECO-AFL: Fluorescence, WET Labs ECO-AFL/FL [mg/m^3]
# name 9 = CStarTr0: Beam Transmission, WET Labs C-Star [%]
# name 10 = par: PAR/Irradiance, Biospherical/Licor
# name 11 = latitude: Latitude [deg]
# name 12 = longitude: Longitude [deg]
# name 13 = timeJ: Julian Days
# name 14 = altM: Altimeter [m]
# name 15 = spar: SPAR, Biospherical/Licor
# name 16 = timeS: Time, Elapsed [seconds]
# name 17 = scan: Scan Count
# name 18 = nbf: Bottles Fired
# name 19 = flag:  0.000e+00
# interval = seconds: 0.0416667
# start_time = Dec 13 2021 23:26:08 [NMEA time, header]
# bad_flag = -9.990e-29
*END*
[from data line 652]
     30.137     29.840    -0.0755  28.227049    -0.0766  28.223334     7.2110     7.2614     0.8641    87.8417 7.0462e+00  -64.77024  -63.09848 347.994152      99.98 1.2305e+03   1526.708      36642         14  0.000e+00
     30.138     29.840    -0.0758  28.226760    -0.0758  28.224068     7.2118     7.2603     0.8641    87.8417 7.0462e+00  -64.77024  -63.09848 347.994152      99.98 1.2305e+03   1526.750      36643         14  0.000e+00
     30.138     29.840    -0.0758  28.226529    -0.0763  28.225141     7.2052     7.2593     0.8714    87.8417 7.0462e+00  -64.77024  -63.09848 347.994153      99.95 1.2305e+03   1526.792      36644         14  0.000e+00
     30.185     29.888    -0.0758  28.226124    -0.0768  28.224633     7.2029     7.2590     0.8641    87.8417 7.0462e+00  -64.77024  -63.09848 347.994153      99.93 1.2305e+03   1526.833      36645         14  0.000e+00
     30.090     29.793    -0.0760  28.226529    -0.0767  28.223899     7.2059     7.2583     0.8641    87.8160 7.0462e+00  -64.77024  -63.09848 347.994154      99.95 1.2305e+03   1526.875      36646         14  0.000e+00
     30.117     29.820    -0.0758  28.226240    -0.0763  28.224068     7.2057     7.2575     0.8714    87.8417 7.0462e+00  -64.77024  -63.09848 347.994154      99.98 1.2305e+03   1526.917      36647         14  0.000e+00
     30.138     29.840    -0.0758  28.226124    -0.0764  28.224350     7.1996     7.2620     0.8641    87.8160 7.0462e+00  -64.77024  -63.09848 347.994155      99.98 1.2305e+03   1526.958      36648         14  0.000e+00
     30.138     29.840    -0.0757  28.226240    -0.0768  28.224633     7.2020     7.2564     0.8641    87.8417 7.0462e+00  -64.77024  -63.09848 347.994155      99.98 1.2305e+03   1527.000      36649         14  0.000e+00
     30.186     29.888    -0.0755  28.226529    -0.0768  28.223899     7.2025     7.2614     0.8641    87.8417 7.0245e+00  -64.77024  -63.09848 347.994156      99.98 1.2305e+03   1527.042      36650         14  0.000e+00
     30.090     29.793    -0.0753  28.226355    -0.0771  28.224068     7.2027     7.2615     0.8714    87.8417 7.0462e+00  -64.77024  -63.09848 347.994156      99.98 1.2305e+03   1527.083      36651         14  0.000e+00
     30.138     29.841    -0.0755  28.226529    -0.0769  28.223278     7.2016     7.2616     0.8641    87.8417 7.0462e+00  -64.77024  -63.09848 347.994157      99.95 1.2305e+03   1527.125      36652         14  0.000e+00
     30.165     29.868    -0.0757  28.226529    -0.0769  28.223617     7.2060     7.2615     0.8641    87.8417 7.0462e+00  -64.77024  -63.09848 347.994157      99.95 1.2305e+03   1527.167      36653         14  0.000e+00
     30.090     29.793    -0.0753  28.226529    -0.0757  28.223560     7.2011     7.2609     0.8641    87.8160 7.0462e+00  -64.77024  -63.09848 347.994158      99.98 1.2305e+03   1527.208      36654         14  0.000e+00
     30.138     29.841    -0.0749  28.226644    -0.0752  28.224068     7.1992     7.2604     0.8641    87.8675 7.0462e+00  -64.77024  -63.09848 347.994158      99.98 1.2305e+03   1527.250      36655         14  0.000e+00
     30.138     29.841    -0.0749  28.227569    -0.0747  28.225423     7.2028     7.2649     0.8641    87.8932 7.0462e+00  -64.77024  -63.09848 347.994158      99.98 1.2305e+03   1527.292      36656         14  0.000e+00
     30.138     29.841    -0.0746  28.227569    -0.0738  28.227343     7.1987     7.2592     0.8567    87.9190 7.0462e+00  -64.77024  -63.09848 347.994159      99.93 1.2305e+03   1527.333      36657         14  0.000e+00
     30.138     29.841    -0.0746  28.227164    -0.0743  28.227794     7.1919     7.2591     0.8567    87.8932 7.0462e+00  -64.77024  -63.09848 347.994159      99.95 1.2305e+03   1527.375      36658         14  0.000e+00
     30.165     29.868    -0.0744  28.228378    -0.0742  28.228020     7.1951     7.2588     0.8567    87.8932 7.0462e+00  -64.77024  -63.09848 347.994160      99.98 1.2305e+03   1527.417      36659         14  0.000e+00
     30.138     29.841    -0.0741  28.228378    -0.0744  28.228133     7.1963     7.2583     0.8567    87.9190 7.0462e+00  -64.77024  -63.09848 347.994160      99.98 1.2305e+03   1527.458      36660         14  0.000e+00
     30.138     29.841    -0.0740  28.228263    -0.0745  28.227794     7.1963     7.2631     0.8641    87.8932 7.0462e+00  -64.77024  -63.09848 347.994161      99.98 1.2305e+03   1527.500      36661         14  0.000e+00
     30.090     29.793    -0.0736  28.229188    -0.0748  28.227230     7.1902     7.2633     0.8567    87.8932 7.0462e+00  -64.77024  -63.09848 347.994161      99.98 1.2305e+03   1527.542      36662         14  0.000e+00
     30.138     29.841    -0.0735  28.229188    -0.0749  28.227794     7.1988     7.2578     0.8641    87.8932 7.0462e+00  -64.77024  -63.09848 347.994162      99.98 1.2305e+03   1527.583      36663         14  0.000e+00
     30.138     29.841    -0.0736  28.229014    -0.0751  28.227060     7.1940     7.2622     0.8567    87.9190 7.0462e+00  -64.77024  -63.09848 347.994162      99.95 1.2305e+03   1527.625      36664         14  0.000e+00
     30.138     29.841    -0.0738  28.229477    -0.0754  28.226214     7.1921     7.2619     0.8641    87.8932 7.0462e+00  -64.77024  -63.09848 347.994163      99.95 1.2305e+03   1527.667      36665         14  0.000e+00
     30.165     29.868    -0.0738  28.229477    -0.0756  28.226214     7.2028     7.2613     0.8567    87.8932 7.0462e+00  -64.77024  -63.09848 347.994163      99.98 1.2305e+03   1527.708      36666         14  0.000e+00
     30.138     29.841    -0.0741  28.229188    -0.0758  28.225649     7.2046     7.2606     0.8641    87.9190 7.0462e+00  -64.77024  -63.09848 347.994164      99.98 1.2305e+03   1527.750      36667         14  0.000e+00
     30.090     29.793    -0.0740  28.228783    -0.0759  28.225480     7.2060     7.2597     0.8641    87.8932 7.0462e+00  -64.77024  -63.09848 347.994164      99.98 1.2305e+03   1527.792      36668         14  0.000e+00
     30.186     29.888    -0.0741  28.228899    -0.0757  28.224859     7.1959     7.2595     0.8567    87.9190 7.0462e+00  -64.77024  -63.09848 347.994165      99.95 1.2305e+03   1527.833      36669         14  0.000e+00
     30.090     29.793    -0.0749  28.228899    -0.0758  28.225141     7.2002     7.2591     0.8567    87.8932 7.0462e+00  -64.77024  -63.09848 347.994165      99.95 1.2305e+03   1527.875      36670         14  0.000e+00
     30.138     29.841    -0.0753  28.227974    -0.0757  28.225480     7.2014     7.2585     0.8567    87.8932 7.0462e+00  -64.77024  -63.09848 347.994166      99.98 1.2305e+03   1527.917      36671         14  0.000e+00
     30.165     29.868    -0.0753  28.227049    -0.0757  28.225649     7.2024     7.2579     0.8567    87.8932 7.0462e+00  -64.77024  -63.09848 347.994166      99.98 1.2305e+03   1527.958      36672         14  0.000e+00
     30.090     29.793    -0.0755  28.227049    -0.0759  28.225423     7.2076     7.2571     0.8641    87.8932 7.0679e+00  -64.77024  -63.09848 347.994167      99.98 1.2305e+03   1528.000      36673         14  0.000e+00
     30.186     29.888    -0.0758  28.226933    -0.0758  28.225423     7.2039     7.2571     0.8641    87.8932 7.0462e+00  -64.77024  -63.09848 347.994167      99.98 1.2305e+03   1528.042      36674         14  0.000e+00
     30.090     29.793    -0.0766  28.226529    -0.0760  28.224915     7.2031     7.2569     0.8641    87.8932 7.0679e+00  -64.77024  -63.09848 347.994168      99.98 1.2305e+03   1528.083      36675         14  0.000e+00
     20.084     19.887    -0.2186  27.967404    -0.2257  27.962873     7.2760     7.3670     1.2963    84.0050 1.5860e+01  -64.77024  -63.09850 347.994688      99.98 1.2287e+03   1573.042      37754         15  0.000e+00
     20.016     19.819    -0.2186  27.967116    -0.2254  27.963155     7.2724     7.3676     1.2963    84.0050 1.5813e+01  -64.77024  -63.09850 347.994688      99.98 1.2270e+03   1573.083      37755         15  0.000e+00
     20.016     19.819    -0.2188  27.967116    -0.2260  27.963661     7.2723     7.3622     1.2963    83.9793 1.5813e+01  -64.77024  -63.09850 347.994689      99.95 1.2270e+03   1573.125      37756         15  0.000e+00
     20.084     19.887    -0.2188  27.967404    -0.2256  27.963661     7.2723     7.3615     1.2890    83.9793 1.5813e+01  -64.77024  -63.09850 347.994689      99.95 1.2270e+03   1573.167      37757         15  0.000e+00
     20.016     19.819    -0.2194  27.966828    -0.2231  27.963154     7.2726     7.3606     1.2963    84.0050 1.5767e+01  -64.77024  -63.09850 347.994690      99.98 1.2270e+03   1573.208      37758         15  0.000e+00
     20.085     19.887    -0.2186  27.967116    -0.2226  27.963661     7.2672     7.3657     1.2890    84.0050 1.5767e+01  -64.77024  -63.09850 347.994690      99.98 1.2270e+03   1573.250      37759         15  0.000e+00
     20.016     19.819    -0.2194  27.967404    -0.2232  27.964448     7.2666     7.3609     1.2890    83.9793 1.5767e+01  -64.77024  -63.09850 347.994691      99.95 1.2270e+03   1573.292      37760         15  0.000e+00
     20.064     19.867    -0.2208  27.967923    -0.2248  27.964224     7.2709     7.3612     1.3403    84.0050 1.5767e+01  -64.77024  -63.09850 347.994691      99.93 1.2270e+03   1573.333      37761         15  0.000e+00
     20.037     19.840    -0.2224  27.966598    -0.2247  27.963436     7.2667     7.3605     1.3769    84.0050 1.5767e+01  -64.77024  -63.09850 347.994692      99.95 1.2270e+03   1573.375      37762         15  0.000e+00
     20.016     19.819    -0.2230  27.966598    -0.2240  27.963661     7.2655     7.3607     1.3842    84.0050 1.5721e+01  -64.77024  -63.09850 347.994692      99.98 1.2270e+03   1573.417      37763         15  0.000e+00
     20.085     19.887    -0.2219  27.965273    -0.2237  27.963436     7.2702     7.3612     1.3842    84.0050 1.5721e+01  -64.77024  -63.09850 347.994693      99.98 1.2270e+03   1573.458      37764         15  0.000e+00
     20.016     19.819    -0.2201  27.965791    -0.2218  27.963942     7.2601     7.3615     1.3769    83.9793 1.5721e+01  -64.77024  -63.09850 347.994693      99.98 1.2270e+03   1573.500      37765         15  0.000e+00
     20.064     19.867    -0.2198  27.966828    -0.2212  27.963942     7.2639     7.3568     1.3769    83.9793 1.5721e+01  -64.77024  -63.09850 347.994694      99.98 1.2270e+03   1573.542      37766         15  0.000e+00
     20.037     19.840    -0.2222  27.966828    -0.2210  27.964223     7.2582     7.3615     1.3769    83.9020 1.5721e+01  -64.77024  -63.09850 347.994694      99.98 1.2287e+03   1573.583      37767         15  0.000e+00
     20.016     19.819    -0.2235  27.966598    -0.2222  27.963942     7.2641     7.3620     1.3769    83.8763 1.5721e+01  -64.77024  -63.09850 347.994695      99.95 1.2270e+03   1573.625      37768         15  0.000e+00
     20.085     19.887    -0.2227  27.964985    -0.2225  27.964224     7.2644     7.3626     1.3842    83.8505 1.5675e+01  -64.77024  -63.09850 347.994695      99.93 1.2287e+03   1573.667      37769         15  0.000e+00
     20.016     19.819    -0.2217  27.965273    -0.2228  27.964223     7.2531     7.3577     1.3842    83.8505 1.5675e+01  -64.77024  -63.09850 347.994696      99.95 1.2287e+03   1573.708      37770         15  0.000e+00
     20.064     19.867    -0.2219  27.966079    -0.2222  27.964223     7.2671     7.3576     1.3769    83.8505 1.5675e+01  -64.77024  -63.09850 347.994696      99.98 1.2287e+03   1573.750      37771         15  0.000e+00
     20.037     19.840    -0.2216  27.966598    -0.2217  27.964730     7.2635     7.3576     1.3769    83.8763 1.5675e+01  -64.77024  -63.09850 347.994697      99.98 1.2287e+03   1573.792      37772         15  0.000e+00
     20.064     19.867    -0.2206  27.966828    -0.2218  27.965236     7.2587     7.3579     1.3842    83.8763 1.5675e+01  -64.77024  -63.09850 347.994697      99.93 1.2287e+03   1573.833      37773         15  0.000e+00
     20.037     19.840    -0.2195  27.966598    -0.2218  27.965011     7.2629     7.3583     1.3769    83.8763 1.5675e+01  -64.77024  -63.09850 347.994698      99.95 1.2287e+03   1573.875      37774         15  0.000e+00
     20.016     19.819    -0.2191  27.967116    -0.2218  27.964955     7.2643     7.3580     1.3769    83.8505 1.5675e+01  -64.77024  -63.09850 347.994698      99.98 1.2287e+03   1573.917      37775         15  0.000e+00
     20.064     19.867    -0.2189  27.967116    -0.2217  27.964730     7.2546     7.3580     1.3842    83.8763 1.5675e+01  -64.77024  -63.09850 347.994699      99.98 1.2287e+03   1573.958      37776         15  0.000e+00
     20.085     19.887    -0.2188  27.967116    -0.2217  27.965011     7.2527     7.3526     1.3769    83.8505 1.5675e+01  -64.77024  -63.09850 347.994699      99.98 1.2287e+03   1574.000      37777         15  0.000e+00
     20.016     19.819    -0.2191  27.967404    -0.2217  27.965517     7.2682     7.3519     1.3769    83.8505 1.5675e+01  -64.77024  -63.09850 347.994700      99.98 1.2287e+03   1574.042      37778         15  0.000e+00
     20.085     19.887    -0.2194  27.966828    -0.2217  27.965011     7.2593     7.3515     1.3769    83.8763 1.5629e+01  -64.77024  -63.09850 347.994700      99.98 1.2287e+03   1574.083      37779         15  0.000e+00
     20.016     19.819    -0.2198  27.966828    -0.2211  27.965517     7.2549     7.3510     1.3842    83.8505 1.5675e+01  -64.77024  -63.09850 347.994701      99.95 1.2287e+03   1574.125      37780         15  0.000e+00
     20.064     19.867    -0.2203  27.967404    -0.2204  27.965236     7.2598     7.3572     1.3769    83.8763 1.5629e+01  -64.77024  -63.09850 347.994701      99.95 1.2287e+03   1574.167      37781         15  0.000e+00
     20.085     19.887    -0.2208  27.967404    -0.2203  27.965236     7.2675     7.3527     1.3769    83.8505 1.5629e+01  -64.77024  -63.09850 347.994701      99.98 1.2287e+03   1574.208      37782         15  0.000e+00
     20.064     19.867    -0.2205  27.966828    -0.2200  27.965517     7.2753     7.3528     1.3769    83.8763 1.5675e+01  -64.77024  -63.09850 347.994702      99.98 1.2287e+03   1574.250      37783         15  0.000e+00
     20.037     19.840    -0.2198  27.967404    -0.2199  27.965236     7.2658     7.3532     1.3769    83.8505 1.5675e+01  -64.77024  -63.09850 347.994702      99.98 1.2287e+03   1574.292      37784         15  0.000e+00
     20.064     19.867    -0.2200  27.966828    -0.2199  27.965517     7.2656     7.3529     1.3769    83.8763 1.5675e+01  -64.77024  -63.09850 347.994703      99.93 1.2287e+03   1574.333      37785         15  0.000e+00
     20.016     19.819    -0.2201  27.966828    -0.2197  27.965517     7.2668     7.3527     1.3769    83.8505 1.5675e+01  -64.77024  -63.09850 347.994703      99.95 1.2287e+03   1574.375      37786         15  0.000e+00
     20.085     19.887    -0.2201  27.967404    -0.2198  27.965517     7.2611     7.3537     1.3769    83.8505 1.5675e+01  -64.77024  -63.09850 347.994704      99.98 1.2287e+03   1574.417      37787         15  0.000e+00
     20.016     19.819    -0.2200  27.967116    -0.2197  27.965799     7.2657     7.3546     1.3696    83.8763 1.5675e+01  -64.77024  -63.09850 347.994704      99.98 1.2287e+03   1574.458      37788         15  0.000e+00
     20.085     19.887    -0.2197  27.967404    -0.2203  27.965517     7.2675     7.3552     1.3696    83.8763 1.5675e+01  -64.77024  -63.09850 347.994705      99.98 1.2287e+03   1574.500      37789         15  0.000e+00
     20.064     19.867    -0.2194  27.966828    -0.2208  27.965236     7.2638     7.3557     1.3696    83.8763 1.5675e+01  -64.77024  -63.09850 347.994705      99.98 1.2287e+03   1574.542      37790         15  0.000e+00
