NBP2113_155081_ctd/data/nbp2113_059.ros
* Sea-Bird SBE 9 Data File:
* FileName = D:\Data\raw\NBP2113_059.hex
* Software Version Seasave V 7.26.7.121
* Temperature SN = 2438
* Conductivity SN = 2067
* Number of Bytes Per Scan = 40
* Number of Voltage Words = 5
* Number of Scans Averaged by the Deck Unit = 1
* NMEA Latitude = 64 45.55 S
* NMEA Longitude = 063 08.87 W
* NMEA UTC (Time) = Dec 13 2021  21:27:01
* NMEA baud rate = 9600
** Ship: RVIB N.B. Palmer
** Cruise: NBP2113 LTER
** Station: 653.008
** Operator: S. Blackman
# nquan = 20
# nvalues = 588                                   
# units = specified
# name 0 = prDM: Pressure, Digiquartz [db]
# name 1 = depSM: Depth [salt water, m]
# name 2 = t090C: Temperature [ITS-90, deg C]
# name 3 = c0mS/cm: Conductivity [mS/cm]
# name 4 = t190C: Temperature, 2 [ITS-90, deg C]
# name 5 = c1mS/cm: Conductivity, 2 [mS/cm]
# name 6 = sbeox0ML/L: Oxygen, SBE 43 [ml/l]
# name 7 = sbeox1ML/L: Oxygen, SBE 43, 2 [ml/l]
# name 8 = flECO-AFL: Fluorescence, WET Labs ECO-AFL/FL [mg/m^3]
# name 9 = CStarTr0: Beam Transmission, WET Labs C-Star [%]
# name 10 = par: PAR/Irradiance, Biospherical/Licor
# name 11 = latitude: Latitude [deg]
# name 12 = longitude: Longitude [deg]
# name 13 = timeJ: Julian Days
# name 14 = altM: Altimeter [m]
# name 15 = spar: SPAR, Biospherical/Licor
# name 16 = timeS: Time, Elapsed [seconds]
# name 17 = scan: Scan Count
# name 18 = nbf: Bottles Fired
# name 19 = flag:  0.000e+00
# interval = seconds: 0.0416667
# start_time = Dec 13 2021 21:27:01 [NMEA time, header]
# bad_flag = -9.990e-29
*END*
[from data line 73]
    133.964    132.610     0.5464  29.110708     0.5436  29.110819     5.4709     5.5955     0.1168    90.5454 1.0000e-12  -64.75940  -63.14770 347.906955       9.62 5.3063e+02   1139.875      27358          2  0.000e+00
    133.958    132.604     0.5480  29.112521     0.5435  29.110019     5.4701     5.5957     0.1168    90.5712 1.0000e-12  -64.75940  -63.14770 347.906955       9.62 5.3063e+02   1139.917      27359          2  0.000e+00
    134.013    132.658     0.5471  29.114567     0.5429  29.110248     5.4711     5.5959     0.1168    90.5969 1.0000e-12  -64.75940  -63.14770 347.906956       9.62 5.3063e+02   1139.958      27360          2  0.000e+00
    133.910    132.556     0.5459  29.115386     0.5425  29.109733     5.4764     5.5960     0.1168    90.5969 1.0000e-12  -64.75940  -63.14770 347.906956       9.62 5.3063e+02   1140.000      27361          2  0.000e+00
    134.013    132.658     0.5451  29.113749     0.5426  29.109162     5.4775     5.5963     0.1168    90.5969 1.0000e-12  -64.75940  -63.14770 347.906957       9.62 5.3063e+02   1140.042      27362          2  0.000e+00
    133.965    132.611     0.5445  29.112638     0.5428  29.108934     5.4728     5.5964     0.1168    90.5969 1.0000e-12  -64.75940  -63.14770 347.906957       9.62 5.3063e+02   1140.083      27363          2  0.000e+00
    133.958    132.604     0.5437  29.111702     0.5427  29.109162     5.4711     5.5965     0.1168    90.5969 1.0000e-12  -64.75940  -63.14770 347.906957       9.62 5.3063e+02   1140.125      27364          2  0.000e+00
    133.965    132.611     0.5435  29.111293     0.5427  29.109162     5.4706     5.5966     0.1168    90.5969 1.0000e-12  -64.75940  -63.14770 347.906958       9.62 5.3063e+02   1140.167      27365          2  0.000e+00
    134.013    132.658     0.5432  29.110709     0.5427  29.108934     5.4758     5.5968     0.1168    90.5969 1.0000e-12  -64.75940  -63.14770 347.906958       9.62 5.3063e+02   1140.208      27366          2  0.000e+00
    133.958    132.604     0.5429  29.111001     0.5419  29.108648     5.4708     5.5970     0.1168    90.5969 1.0000e-12  -64.75940  -63.14770 347.906959       9.62 5.3063e+02   1140.250      27367          2  0.000e+00
    133.965    132.611     0.5426  29.110591     0.5413  29.108591     5.4703     5.5972     0.1168    90.5969 1.0000e-12  -64.75940  -63.14770 347.906959       9.62 5.3063e+02   1140.292      27368          2  0.000e+00
    133.965    132.611     0.5427  29.110475     0.5436  29.107563     5.4697     5.5971     0.1168    90.5969 1.0000e-12  -64.75940  -63.14770 347.906960       9.62 5.3063e+02   1140.333      27369          2  0.000e+00
    133.958    132.604     0.5431  29.110708     0.5468  29.107848     5.4761     5.5915     0.1168    90.5969 1.0000e-12  -64.75940  -63.14770 347.906960       9.60 5.3063e+02   1140.375      27370          2  0.000e+00
    134.013    132.658     0.5429  29.110182     0.5474  29.111332     5.4769     5.5898     0.1168    90.5969 1.0000e-12  -64.75940  -63.14770 347.906961       9.62 5.3063e+02   1140.417      27371          2  0.000e+00
    133.958    132.604     0.5434  29.110884     0.5441  29.114246     5.4717     5.5947     0.1168    90.5969 1.0000e-12  -64.75940  -63.14770 347.906961       9.62 5.3063e+02   1140.458      27372          2  0.000e+00
    133.965    132.611     0.5440  29.111001     0.5418  29.113275     5.4710     5.5899     0.1168    90.5969 1.0000e-12  -64.75940  -63.14770 347.906962       9.62 5.3063e+02   1140.500      27373          2  0.000e+00
    134.013    132.658     0.5438  29.111001     0.5410  29.109163     5.4717     5.5950     0.1168    90.5969 1.0000e-12  -64.75940  -63.14770 347.906962       9.62 5.3063e+02   1140.542      27374          2  0.000e+00
    133.958    132.604     0.5435  29.111293     0.5414  29.106764     5.4711     5.5952     0.1168    90.5969 1.0000e-12  -64.75940  -63.14770 347.906963       9.60 5.3063e+02   1140.583      27375          2  0.000e+00
    133.965    132.611     0.5435  29.111293     0.5432  29.106706     5.4706     5.5898     0.1168    90.5969 1.0000e-12  -64.75940  -63.14770 347.906963       9.62 5.3063e+02   1140.625      27376          2  0.000e+00
    134.013    132.658     0.5434  29.111176     0.5453  29.107849     5.4700     5.5943     0.1168    90.5969 1.0000e-12  -64.75940  -63.14770 347.906964       9.62 5.3063e+02   1140.667      27377          2  0.000e+00
    133.965    132.611     0.5435  29.111001     0.5466  29.110247     5.4707     5.5942     0.1168    90.5712 1.0000e-12  -64.75940  -63.14770 347.906964       9.60 5.3063e+02   1140.708      27378          2  0.000e+00
    134.013    132.658     0.5437  29.110708     0.5461  29.112703     5.4772     5.5944     0.1168    90.5969 1.0000e-12  -64.75940  -63.14770 347.906965       9.62 5.3063e+02   1140.750      27379          2  0.000e+00
    133.958    132.604     0.5438  29.111293     0.5467  29.113446     5.4736     5.5892     0.1168    90.5969 1.0000e-12  -64.75940  -63.14770 347.906965       9.60 5.3063e+02   1140.792      27380          2  0.000e+00
    133.965    132.611     0.5434  29.111176     0.5466  29.113274     5.4731     5.5932     0.1168    90.5969 1.0000e-12  -64.75940  -63.14770 347.906966       9.62 5.3063e+02   1140.833      27381          2  0.000e+00
    134.013    132.658     0.5438  29.111293     0.5461  29.112989     5.4726     5.5935     0.1168    90.5969 1.0000e-12  -64.75940  -63.14770 347.906966       9.62 5.3063e+02   1140.875      27382          2  0.000e+00
    121.295    120.073     0.4580  29.003808     0.4320  28.988260     5.6489     5.7493     0.0802    90.6484 1.0000e-12  -64.75944  -63.14768 347.907536      24.71 5.3592e+02   1190.083      28563          3  0.000e+00
    121.295    120.073     0.4572  29.003984     0.4330  28.984496     5.6486     5.7482     0.0802    90.6484 1.0000e-12  -64.75944  -63.14768 347.907536      24.71 5.3592e+02   1190.125      28564          3  0.000e+00
    121.295    120.073     0.4559  29.004860     0.4317  28.980961     5.6470     5.7474     0.0875    90.6484 1.0000e-12  -64.75944  -63.14768 347.907537      24.71 5.3592e+02   1190.167      28565          3  0.000e+00
    121.240    120.018     0.4565  29.005093     0.4296  28.977711     5.6396     5.7474     0.0875    90.6484 1.0000e-12  -64.75944  -63.14768 347.907537      24.71 5.3592e+02   1190.208      28566          3  0.000e+00
    121.343    120.120     0.4580  29.005385     0.4301  28.974746     5.6379     5.7462     0.0875    90.6484 1.0000e-12  -64.75944  -63.14768 347.907538      24.71 5.3592e+02   1190.250      28567          3  0.000e+00
    121.240    120.018     0.4597  29.004567     0.4294  28.972351     5.6419     5.7450     0.0875    90.6484 1.0000e-12  -64.75944  -63.14768 347.907538      24.71 5.3592e+02   1190.292      28568          3  0.000e+00
    121.295    120.073     0.4583  29.005093     0.4296  28.971496     5.6350     5.7445     0.0875    90.6484 1.0000e-12  -64.75944  -63.14768 347.907539      24.71 5.3592e+02   1190.333      28569          3  0.000e+00
    121.295    120.073     0.4555  29.004042     0.4294  28.971781     5.6327     5.7439     0.0875    90.6484 1.0000e-12  -64.75944  -63.14768 347.907539      24.71 5.3592e+02   1190.375      28570          3  0.000e+00
    121.295    120.073     0.4531  28.998262     0.4293  28.971553     5.6320     5.7432     0.0875    90.6484 1.0000e-12  -64.75944  -63.14768 347.907540      24.71 5.3592e+02   1190.417      28571          3  0.000e+00
    121.343    120.120     0.4505  28.995343     0.4297  28.971782     5.6370     5.7425     0.0802    90.6484 1.0000e-12  -64.75944  -63.14768 347.907540      24.71 5.3592e+02   1190.458      28572          3  0.000e+00
    121.247    120.025     0.4502  28.993066     0.4323  28.971553     5.6316     5.7414     0.0802    90.6484 1.0000e-12  -64.75944  -63.14768 347.907541      24.71 5.3592e+02   1190.500      28573          3  0.000e+00
    121.343    120.120     0.4505  28.994584     0.4340  28.972351     5.6305     5.7405     0.0875    90.6484 1.0000e-12  -64.75944  -63.14768 347.907541      24.71 5.3592e+02   1190.542      28574          3  0.000e+00
    121.240    120.018     0.4513  28.996102     0.4334  28.973149     5.6280     5.7396     0.0875    90.6484 1.0000e-12  -64.75944  -63.14768 347.907541      24.71 5.3592e+02   1190.583      28575          3  0.000e+00
    121.343    120.120     0.4496  28.996452     0.4333  28.972865     5.6274     5.7398     0.0875    90.6484 1.0000e-12  -64.75944  -63.14768 347.907542      24.71 5.3592e+02   1190.625      28576          3  0.000e+00
    121.295    120.073     0.4411  28.994176     0.4307  28.972351     5.6335     5.7401     0.0875    90.6484 1.0000e-12  -64.75944  -63.14768 347.907542      24.71 5.3592e+02   1190.667      28577          3  0.000e+00
    121.295    120.073     0.4333  28.988338     0.4284  28.970983     5.6297     5.7397     0.0875    90.6484 1.0000e-12  -64.75944  -63.14768 347.907543      24.71 5.3592e+02   1190.708      28578          3  0.000e+00
    121.295    120.073     0.4322  28.981917     0.4279  28.969387     5.6295     5.7398     0.0802    90.6742 1.0000e-12  -64.75944  -63.14768 347.907543      24.69 5.3415e+02   1190.750      28579          3  0.000e+00
    121.343    120.120     0.4294  28.978356     0.4274  28.968019     5.6310     5.7400     0.0875    90.6484 1.0000e-12  -64.75944  -63.14768 347.907544      24.69 5.3592e+02   1190.792      28580          3  0.000e+00
    121.295    120.073     0.4263  28.977189     0.4266  28.968019     5.6324     5.7454     0.0875    90.6484 1.0000e-12  -64.75944  -63.14768 347.907544      24.69 5.3592e+02   1190.833      28581          3  0.000e+00
    121.295    120.073     0.4263  28.974562     0.4260  28.968019     5.6324     5.7409     0.0875    90.6484 1.0000e-12  -64.75944  -63.14768 347.907545      24.71 5.3592e+02   1190.875      28582          3  0.000e+00
    121.295    120.073     0.4277  28.973103     0.4262  28.968817     5.6322     5.7408     0.0875    90.6484 1.0000e-12  -64.75944  -63.14768 347.907545      24.71 5.3592e+02   1190.917      28583          3  0.000e+00
    121.295    120.073     0.4288  28.972928     0.4259  28.969102     5.6321     5.7408     0.0875    90.6484 1.0000e-12  -64.75944  -63.14768 347.907546      24.69 5.3592e+02   1190.958      28584          3  0.000e+00
    121.302    120.080     0.4288  28.972928     0.4274  28.966137     5.6337     5.7407     0.0875    90.6484 1.0000e-12  -64.75944  -63.14768 347.907546      24.71 5.3592e+02   1191.000      28585          3  0.000e+00
    121.295    120.073     0.4291  28.972286     0.4313  28.963686     5.6396     5.7403     0.0875    90.6484 1.0000e-12  -64.75944  -63.14768 347.907547      24.71 5.3592e+02   1191.042      28586          3  0.000e+00
    121.343    120.120     0.4285  28.971294     0.4352  28.966422     5.6415     5.7397     0.0875    90.6484 1.0000e-12  -64.75944  -63.14768 347.907547      24.69 5.3592e+02   1191.083      28587          3  0.000e+00
    121.295    120.073     0.4289  28.970943     0.4345  28.970470     5.6375     5.7395     0.0802    90.6484 1.0000e-12  -64.75944  -63.14768 347.907548      24.71 5.3592e+02   1191.125      28588          3  0.000e+00
    121.295    120.073     0.4322  28.971001     0.4345  28.972066     5.6389     5.7394     0.0802    90.6484 1.0000e-12  -64.75944  -63.14768 347.907548      24.71 5.3592e+02   1191.167      28589          3  0.000e+00
    121.295    120.073     0.4366  28.972635     0.4325  28.973663     5.6447     5.7395     0.0875    90.6484 1.0000e-12  -64.75944  -63.14768 347.907549      24.71 5.3592e+02   1191.208      28590          3  0.000e+00
    121.343    120.120     0.4386  28.975846     0.4299  28.974233     5.6406     5.7398     0.0802    90.6484 1.0000e-12  -64.75944  -63.14768 347.907549      24.69 5.3592e+02   1191.250      28591          3  0.000e+00
    121.295    120.073     0.4393  28.978355     0.4282  28.970983     5.6412     5.7401     0.0875    90.6484 1.0000e-12  -64.75944  -63.14768 347.907550      24.69 5.3592e+02   1191.292      28592          3  0.000e+00
    121.295    120.073     0.4424  28.980456     0.4299  28.970470     5.6404     5.7399     0.0875    90.6484 1.0000e-12  -64.75944  -63.14768 347.907550      24.71 5.3592e+02   1191.333      28593          3  0.000e+00
    121.343    120.120     0.4411  28.982208     0.4262  28.970471     5.6415     5.7404     0.0875    90.6742 1.0000e-12  -64.75944  -63.14768 347.907551      24.74 5.3592e+02   1191.375      28594          3  0.000e+00
    121.295    120.073     0.4427  28.984076     0.4175  28.969901     5.6480     5.7415     0.0948    90.6484 1.0000e-12  -64.75944  -63.14768 347.907551      24.74 5.3592e+02   1191.417      28595          3  0.000e+00
    121.295    120.073     0.4474  28.985068     0.4120  28.964258     5.6498     5.7478     0.0948    90.6484 1.0000e-12  -64.75944  -63.14768 347.907552      24.74 5.3592e+02   1191.458      28596          3  0.000e+00
    121.350    120.127     0.4464  28.986819     0.4098  28.954453     5.6454     5.7441     0.0948    90.6484 1.0000e-12  -64.75944  -63.14768 347.907552      24.74 5.3592e+02   1191.500      28597          3  0.000e+00
    121.295    120.073     0.4469  28.988862     0.4089  28.949152     5.6465     5.7497     0.0875    90.6742 1.0000e-12  -64.75944  -63.14768 347.907553      24.74 5.3592e+02   1191.542      28598          3  0.000e+00
    121.343    120.120     0.4453  28.989797     0.4081  28.947784     5.6480     5.7453     0.0948    90.6742 1.0000e-12  -64.75944  -63.14768 347.907553      24.74 5.3592e+02   1191.583      28599          3  0.000e+00
    121.343    120.120     0.4436  28.989388     0.4078  28.946986     5.6498     5.7453     0.0948    90.6742 1.0000e-12  -64.75944  -63.14768 347.907554      24.74 5.3592e+02   1191.625      28600          3  0.000e+00
    121.295    120.073     0.4419  28.988454     0.4072  28.946188     5.6503     5.7506     0.0948    90.6484 1.0000e-12  -64.75944  -63.14768 347.907554      24.74 5.3592e+02   1191.667      28601          3  0.000e+00
    121.343    120.120     0.4405  28.986003     0.4067  28.946074     5.6510     5.7514     0.0875    90.6484 1.0000e-12  -64.75944  -63.14768 347.907554      24.74 5.3592e+02   1191.708      28602          3  0.000e+00
    121.343    120.120     0.4452  28.985885     0.4067  28.945675     5.6521     5.7521     0.0948    90.6484 1.0000e-12  -64.75944  -63.14768 347.907555      24.74 5.3592e+02   1191.750      28603          3  0.000e+00
    121.343    120.120     0.4483  28.987111     0.4072  28.945105     5.6578     5.7527     0.0948    90.6484 1.0000e-12  -64.75944  -63.14768 347.907555      24.74 5.3592e+02   1191.792      28604          3  0.000e+00
    121.295    120.073     0.4425  28.990206     0.4077  28.944592     5.6544     5.7532     0.0948    90.6484 1.0000e-12  -64.75944  -63.14768 347.907556      24.76 5.3592e+02   1191.833      28605          3  0.000e+00
    121.343    120.120     0.4355  28.990382     0.4081  28.945219     5.6545     5.7537     0.0948    90.6742 1.0000e-12  -64.75944  -63.14768 347.907556      24.81 5.3592e+02   1191.875      28606          3  0.000e+00
    121.343    120.120     0.4343  28.983143     0.4075  28.945903     5.6543     5.7542     0.0875    90.6484 1.0000e-12  -64.75944  -63.14768 347.907557      24.81 5.3592e+02   1191.917      28607          3  0.000e+00
    121.343    120.120     0.4261  28.974563     0.4067  28.945675     5.6619     5.7548     0.0948    90.6742 1.0000e-12  -64.75944  -63.14768 347.907557      24.81 5.3592e+02   1191.958      28608          3  0.000e+00
