NBP2113_155081_ctd/data/nbp2113_049.ros
* Sea-Bird SBE 9 Data File:
* FileName = D:\Data\raw\NBP2113_049.hex
* Software Version Seasave V 7.26.7.121
* Temperature SN = 2438
* Conductivity SN = 2067
* Number of Bytes Per Scan = 40
* Number of Voltage Words = 5
* Number of Scans Averaged by the Deck Unit = 1
* NMEA Latitude = 64 50.72 S
* NMEA Longitude = 064 06.15 W
* NMEA UTC (Time) = Dec 11 2021  08:50:11
* NMEA baud rate = 9600
** Ship: RVIB N.B. Palmer
** Cruise: NBP2113 LTER
** Station: 617.036
** Operator: B. Urmston
# nquan = 20
# nvalues = 1154                                  
# units = specified
# name 0 = prDM: Pressure, Digiquartz [db]
# name 1 = depSM: Depth [salt water, m]
# name 2 = t090C: Temperature [ITS-90, deg C]
# name 3 = c0mS/cm: Conductivity [mS/cm]
# name 4 = t190C: Temperature, 2 [ITS-90, deg C]
# name 5 = c1mS/cm: Conductivity, 2 [mS/cm]
# name 6 = sbeox0ML/L: Oxygen, SBE 43 [ml/l]
# name 7 = sbeox1ML/L: Oxygen, SBE 43, 2 [ml/l]
# name 8 = flECO-AFL: Fluorescence, WET Labs ECO-AFL/FL [mg/m^3]
# name 9 = CStarTr0: Beam Transmission, WET Labs C-Star [%]
# name 10 = par: PAR/Irradiance, Biospherical/Licor
# name 11 = latitude: Latitude [deg]
# name 12 = longitude: Longitude [deg]
# name 13 = timeJ: Julian Days
# name 14 = altM: Altimeter [m]
# name 15 = spar: SPAR, Biospherical/Licor
# name 16 = timeS: Time, Elapsed [seconds]
# name 17 = scan: Scan Count
# name 18 = nbf: Bottles Fired
# name 19 = flag:  0.000e+00
# interval = seconds: 0.0416667
# start_time = Dec 11 2021 08:50:11 [NMEA time, header]
# bad_flag = -9.990e-29
*END*
[from data line 1014]
      4.886      4.839    -0.1501  28.085838    -0.1651  28.073186     7.8692     7.9401     1.3769    87.0435 2.9839e+01  -64.84500  -64.10164 345.396231      99.95 8.2855e+01   2423.333      58161         21  0.000e+00
      4.886      4.839    -0.1499  28.087396    -0.1640  28.073299     7.8690     7.9390     1.3769    87.0435 3.0011e+01  -64.84500  -64.10164 345.396231      99.98 8.2855e+01   2423.375      58162         22  0.000e+00
      4.934      4.886    -0.1512  28.089531    -0.1628  28.074538     7.8747     7.9379     1.3769    87.0435 3.0098e+01  -64.84500  -64.10164 345.396232      99.98 8.2855e+01   2423.417      58163         22  0.000e+00
      4.784      4.737    -0.1510  28.091377    -0.1626  28.076116     7.8711     7.9375     1.3769    87.0692 3.0271e+01  -64.84500  -64.10164 345.396232      99.98 8.2855e+01   2423.458      58164         22  0.000e+00
      4.927      4.879    -0.1490  28.092186    -0.1651  28.077131     7.8663     7.9380     1.3769    87.0435 3.0446e+01  -64.84500  -64.10164 345.396233      99.98 8.2855e+01   2423.500      58165         22  0.000e+00
      4.886      4.839    -0.1484  28.093224    -0.1668  28.074595     7.8703     7.9385     1.3769    87.0435 3.0533e+01  -64.84500  -64.10164 345.396233      99.98 8.2855e+01   2423.542      58166         22  0.000e+00
      4.886      4.839    -0.1482  28.094551    -0.1667  28.072679     7.8699     7.9386     1.3769    87.0435 3.0709e+01  -64.84500  -64.10164 345.396234      99.95 8.2855e+01   2423.583      58167         22  0.000e+00
      4.886      4.839    -0.1484  28.094840    -0.1646  28.071608     7.8710     7.9373     1.3696    86.9920 3.0798e+01  -64.84500  -64.10164 345.396234      99.95 8.2855e+01   2423.625      58168         22  0.000e+00
      4.825      4.778    -0.1459  28.095128    -0.1629  28.071721     7.8702     7.9423     1.3769    86.9920 3.0886e+01  -64.84500  -64.10164 345.396235      99.95 8.4618e+01   2423.667      58169         22  0.000e+00
      4.886      4.839    -0.1451  28.095878    -0.1623  28.072904     7.8697     7.9429     1.3769    87.0177 3.1064e+01  -64.84500  -64.10164 345.396235      99.98 8.2855e+01   2423.708      58170         22  0.000e+00
      4.832      4.784    -0.1447  28.096686    -0.1600  28.076905     7.8749     7.9428     1.3769    86.9920 3.1064e+01  -64.84500  -64.10164 345.396236      99.98 8.2855e+01   2423.750      58171         22  0.000e+00
      4.832      4.784    -0.1393  28.097782    -0.1596  28.079271     7.8703     7.9378     1.3769    86.9920 3.1153e+01  -64.84500  -64.10164 345.396236      99.95 8.2855e+01   2423.792      58172         22  0.000e+00
      4.880      4.832    -0.1350  28.099859    -0.1589  28.079835     7.8632     7.9429     1.3696    86.9920 3.1243e+01  -64.84500  -64.10164 345.396236      99.95 8.2855e+01   2423.833      58173         22  0.000e+00
      4.784      4.737    -0.1341  28.103322    -0.1566  28.081356     7.8666     7.9429     1.3769    86.9920 3.1243e+01  -64.84500  -64.10164 345.396237      99.98 8.2855e+01   2423.875      58174         22  0.000e+00
      4.832      4.784    -0.1349  28.105977    -0.1493  28.084568     7.8604     7.9366     1.3769    86.9920 3.1243e+01  -64.84500  -64.10164 345.396237      99.98 8.2855e+01   2423.917      58175         22  0.000e+00
      4.832      4.784    -0.1325  28.107188    -0.1458  28.088512     7.8580     7.9408     1.3769    86.9920 3.1243e+01  -64.84500  -64.10164 345.396238      99.98 8.2855e+01   2423.958      58176         22  0.000e+00
      4.825      4.778    -0.1317  28.107304    -0.1447  28.093810     7.8573     7.9354     1.3769    86.9920 3.1153e+01  -64.84500  -64.10164 345.396238      99.98 8.2855e+01   2424.000      58177         22  0.000e+00
      4.832      4.784    -0.1325  28.108631    -0.1414  28.096966     7.8556     7.9342     1.3769    86.9920 3.1064e+01  -64.84500  -64.10164 345.396239      99.98 8.2855e+01   2424.042      58178         22  0.000e+00
      4.832      4.784    -0.1338  28.108920    -0.1370  28.099558     7.8625     7.9330     1.3769    86.9920 3.0975e+01  -64.84500  -64.10164 345.396239      99.98 8.2855e+01   2424.083      58179         22  0.000e+00
      4.784      4.737    -0.1376  28.108401    -0.1342  28.103560     7.8640     7.9318     1.3769    87.0177 3.0886e+01  -64.84500  -64.10164 345.396240      99.95 8.2855e+01   2424.125      58180         22  0.000e+00
      4.825      4.778    -0.1370  28.108401    -0.1327  28.106942     7.8635     7.9311     1.3989    86.9920 3.0798e+01  -64.84500  -64.10164 345.396240      99.98 8.4618e+01   2424.167      58181         22  0.000e+00
      4.784      4.737    -0.1358  28.109209    -0.1322  28.107280     7.8627     7.9306     1.4208    86.9920 3.0709e+01  -64.84500  -64.10164 345.396241      99.98 8.2855e+01   2424.208      58182         22  0.000e+00
      4.832      4.784    -0.1373  28.108920    -0.1319  28.107788     7.8639     7.9303     1.4282    87.0177 3.0621e+01  -64.84500  -64.10164 345.396241      99.98 8.2855e+01   2424.250      58183         22  0.000e+00
      4.784      4.737    -0.1371  28.107593    -0.1307  28.107731     7.8691     7.9298     1.4282    86.9920 3.0446e+01  -64.84500  -64.10164 345.396242      99.95 8.2855e+01   2424.292      58184         22  0.000e+00
      4.777      4.730    -0.1345  28.104938    -0.1297  28.108295     7.8765     7.9347     1.4282    86.9920 3.0358e+01  -64.84500  -64.10164 345.396242      99.95 8.2855e+01   2424.333      58185         22  0.000e+00
      4.784      4.737    -0.1323  28.105976    -0.1281  28.109930     7.8665     7.9294     1.4282    86.9920 3.0271e+01  -64.84500  -64.10164 345.396243      99.95 8.2855e+01   2424.375      58186         22  0.000e+00
      4.784      4.737    -0.1295  28.109439    -0.1276  28.111395     7.8777     7.9342     1.4282    87.0177 3.0098e+01  -64.84500  -64.10164 345.396243      99.98 8.4618e+01   2424.417      58187         22  0.000e+00
      4.784      4.737    -0.1279  28.112094    -0.1284  28.115173     7.8802     7.9292     1.4282    87.0435 2.9925e+01  -64.84500  -64.10164 345.396244      99.98 8.4618e+01   2424.458      58188         22  0.000e+00
      4.825      4.778    -0.1276  28.115038    -0.1299  28.115906     7.8829     7.9345     1.4282    87.0435 2.9839e+01  -64.84500  -64.10164 345.396244      99.98 8.2855e+01   2424.500      58189         22  0.000e+00
      4.736      4.689    -0.1272  28.115557    -0.1311  28.114158     7.8727     7.9298     1.4282    87.0435 2.9668e+01  -64.84500  -64.10164 345.396245      99.98 8.4618e+01   2424.542      58190         22  0.000e+00
      4.784      4.737    -0.1257  28.115557    -0.1324  28.112016     7.8784     7.9299     1.4282    87.0435 2.9498e+01  -64.84500  -64.10164 345.396245      99.98 8.4618e+01   2424.583      58191         22  0.000e+00
      4.784      4.737    -0.1248  28.115557    -0.1328  28.110607     7.8867     7.9297     1.4282    87.0435 2.9413e+01  -64.84500  -64.10164 345.396246      99.95 8.2855e+01   2424.625      58192         22  0.000e+00
      4.777      4.730    -0.1248  28.116654    -0.1341  28.110156     7.8950     7.9350     1.4208    87.0435 2.9245e+01  -64.84500  -64.10164 345.396246      99.95 8.4618e+01   2424.667      58193         22  0.000e+00
      4.736      4.689    -0.1234  28.116884    -0.1357  28.109028     7.8914     7.9357     1.4282    87.0435 2.9077e+01  -64.84500  -64.10164 345.396247      99.98 8.4618e+01   2424.708      58194         22  0.000e+00
      4.784      4.737    -0.1230  28.117404    -0.1373  28.108070     7.8879     7.9365     1.4282    87.0435 2.8994e+01  -64.84500  -64.10164 345.396247      99.98 8.2855e+01   2424.750      58195         22  0.000e+00
      4.784      4.737    -0.1242  28.117981    -0.1359  28.107281     7.8777     7.9367     1.4208    87.0435 2.8827e+01  -64.84500  -64.10164 345.396248      99.95 8.2855e+01   2424.792      58196         22  0.000e+00
      4.722      4.676    -0.1246  28.118789    -0.1319  28.106435     7.8918     7.9308     1.4282    87.0435 2.8662e+01  -64.84500  -64.10164 345.396248      99.93 8.2855e+01   2424.833      58197         22  0.000e+00
      4.784      4.737    -0.1253  28.118501    -0.1281  28.106716     7.8929     7.9351     1.4282    87.0435 2.8579e+01  -64.84500  -64.10164 345.396249      99.98 8.2855e+01   2424.875      58198         22  0.000e+00
      4.736      4.689    -0.1249  28.117173    -0.1279  28.109817     7.8848     7.9350     1.4282    87.0435 2.8415e+01  -64.84500  -64.10164 345.396249      99.98 8.2855e+01   2424.917      58199         22  0.000e+00
      4.784      4.737    -0.1273  28.116365    -0.1285  28.111508     7.8918     7.9362     1.4282    87.0435 2.8252e+01  -64.84500  -64.10164 345.396250      99.98 8.2855e+01   2424.958      58200         22  0.000e+00
      4.777      4.730    -0.1270  28.115846    -0.1299  28.110719     7.9040     7.9376     1.4282    87.0435 2.8090e+01  -64.84500  -64.10164 345.396250      99.98 8.2855e+01   2425.000      58201         22  0.000e+00
      4.736      4.689    -0.1264  28.114518    -0.1284  28.110606     7.9001     7.9375     1.4208    87.0435 2.8009e+01  -64.84500  -64.10164 345.396250      99.98 8.2855e+01   2425.042      58202         22  0.000e+00
      4.784      4.737    -0.1287  28.112902    -0.1256  28.111508     7.9024     7.9372     1.4282    87.0435 2.7929e+01  -64.84500  -64.10164 345.396251      99.98 8.4618e+01   2425.083      58203         22  0.000e+00
      4.736      4.689    -0.1329  28.110536    -0.1255  28.112015     7.8979     7.9373     1.4282    87.0435 2.7769e+01  -64.84500  -64.10164 345.396251      99.95 8.2855e+01   2425.125      58204         22  0.000e+00
      4.777      4.730    -0.1352  28.106785    -0.1255  28.113256     7.9032     7.9373     1.4282    87.0435 2.7689e+01  -64.84500  -64.10164 345.396252      99.95 8.2855e+01   2425.167      58205         22  0.000e+00
      4.784      4.737    -0.1371  28.101995    -0.1270  28.114665     7.8911     7.9376     1.4282    87.0435 2.7609e+01  -64.84500  -64.10164 345.396252      99.98 8.4618e+01   2425.208      58206         22  0.000e+00
      4.736      4.689    -0.1382  28.099628    -0.1287  28.116695     7.8944     7.9378     1.4355    87.0435 2.7530e+01  -64.84500  -64.10164 345.396253      99.98 8.2855e+01   2425.250      58207         22  0.000e+00
      4.784      4.737    -0.1392  28.100956    -0.1281  28.116526     7.8930     7.9378     1.4575    87.0435 2.7451e+01  -64.84500  -64.10164 345.396253      99.95 8.4618e+01   2425.292      58208         22  0.000e+00
      4.777      4.730    -0.1391  28.101475    -0.1257  28.117709     7.9028     7.9373     1.4648    87.0435 2.7451e+01  -64.84500  -64.10164 345.396254      99.93 8.4618e+01   2425.333      58209         22  0.000e+00
      4.784      4.737    -0.1403  28.101475    -0.1238  28.117540     7.8994     7.9369     1.4575    87.0435 2.7451e+01  -64.84500  -64.10164 345.396254      99.98 8.4618e+01   2425.375      58210         22  0.000e+00
      5.591      5.536    -0.1289  28.098533    -0.0740  28.146410     7.8592     7.9415     1.5307    86.9662 2.6214e+01  -64.84500  -64.10164 345.396293      99.98 8.2855e+01   2428.750      58291         23  0.000e+00
      5.687      5.631    -0.1305  28.093225    -0.0726  28.144041     7.8622     7.9425     1.5307    86.9662 2.6214e+01  -64.84500  -64.10164 345.396294      99.95 8.2855e+01   2428.792      58292         23  0.000e+00
      5.591      5.536    -0.1290  28.093801    -0.0757  28.140657     7.8654     7.9441     1.5381    86.9662 2.6214e+01  -64.84500  -64.10164 345.396294      99.95 8.2855e+01   2428.833      58293         23  0.000e+00
      5.646      5.591    -0.1275  28.095129    -0.0755  28.140319     7.8630     7.9449     1.5381    86.9662 2.6214e+01  -64.84500  -64.10164 345.396295      99.98 8.2855e+01   2428.875      58294         23  0.000e+00
      5.646      5.591    -0.1198  28.095878    -0.0754  28.139868     7.8741     7.9456     1.5381    86.9662 2.6214e+01  -64.84500  -64.10164 345.396295      99.98 8.4618e+01   2428.917      58295         23  0.000e+00
      5.639      5.584    -0.1160  28.100668    -0.0816  28.140827     7.8810     7.9420     1.5381    86.9662 2.6214e+01  -64.84500  -64.10164 345.396296      99.98 8.4618e+01   2428.958      58296         23  0.000e+00
      5.694      5.638    -0.1146  28.107189    -0.0924  28.139870     7.8737     7.9493     1.5307    86.9920 2.6138e+01  -64.84500  -64.10164 345.396296      99.98 8.4618e+01   2429.000      58297         23  0.000e+00
      5.591      5.536    -0.1136  28.109440    -0.1038  28.135528     7.8754     7.9521     1.5307    86.9662 2.6138e+01  -64.84500  -64.10164 345.396297      99.98 8.2855e+01   2429.042      58298         23  0.000e+00
      5.694      5.638    -0.1129  28.108921    -0.1146  28.120474     7.8819     7.9558     1.5307    86.9662 2.6063e+01  -64.84500  -64.10164 345.396297      99.95 8.2855e+01   2429.083      58299         23  0.000e+00
      5.687      5.631    -0.1124  28.108401    -0.1208  28.105873     7.8838     7.9585     1.5307    86.9920 2.6063e+01  -64.84500  -64.10164 345.396298      99.95 8.2855e+01   2429.125      58300         23  0.000e+00
      5.646      5.591    -0.1128  28.109440    -0.1250  28.094825     7.8914     7.9604     1.5307    86.9662 2.5988e+01  -64.84500  -64.10164 345.396298      99.98 8.2855e+01   2429.167      58301         23  0.000e+00
      5.749      5.692    -0.1174  28.107305    -0.1328  28.092459     7.8855     7.9624     1.5381    86.9662 2.5913e+01  -64.84500  -64.10164 345.396299      99.98 8.4618e+01   2429.208      58302         23  0.000e+00
      5.543      5.489    -0.1208  28.103092    -0.1348  28.095389     7.8923     7.9625     1.5381    86.9662 2.5913e+01  -64.84500  -64.10164 345.396299      99.98 8.4618e+01   2429.250      58303         23  0.000e+00
      5.790      5.733    -0.1213  28.102573    -0.1398  28.094827     7.9000     7.9639     1.5307    86.9662 2.5838e+01  -64.84500  -64.10164 345.396300      99.93 8.2855e+01   2429.292      58304         23  0.000e+00
      5.646      5.591    -0.1217  28.102573    -0.1472  28.090374     7.9041     7.9655     1.5307    86.9662 2.5764e+01  -64.84500  -64.10164 345.396300      99.95 8.2855e+01   2429.333      58305         23  0.000e+00
      5.694      5.638    -0.1202  28.101476    -0.1463  28.085866     7.8952     7.9657     1.5307    86.9662 2.5690e+01  -64.84500  -64.10164 345.396301      99.98 8.2855e+01   2429.375      58306         23  0.000e+00
      5.687      5.631    -0.1194  28.103611    -0.1500  28.081921     7.9006     7.9666     1.5381    86.9662 2.5616e+01  -64.84500  -64.10164 345.396301      99.98 8.2855e+01   2429.417      58307         23  0.000e+00
      5.694      5.638    -0.1232  28.107075    -0.1538  28.080569     7.8952     7.9673     1.5307    86.9662 2.5616e+01  -64.84500  -64.10164 345.396302      99.98 8.2855e+01   2429.458      58308         23  0.000e+00
      5.694      5.638    -0.1251  28.107306    -0.1551  28.078541     7.8953     7.9675     1.5381    86.9405 2.5542e+01  -64.84500  -64.10164 345.396302      99.98 8.2855e+01   2429.500      58309         23  0.000e+00
      5.646      5.591    -0.1287  28.105747    -0.1555  28.075836     7.8900     7.9674     1.5307    86.9405 2.5468e+01  -64.84500  -64.10164 345.396303      99.98 8.2855e+01   2429.542      58310         23  0.000e+00
      5.735      5.679    -0.1369  28.102805    -0.1575  28.073188     7.8946     7.9677     1.5307    86.9405 2.5468e+01  -64.84500  -64.10164 345.396303      99.98 8.4618e+01   2429.583      58311         23  0.000e+00
