NBP2113_155081_ctd/data/nbp2113_065.cnv
* Sea-Bird SBE 9 Data File:
* FileName = D:\Data\raw\NBP2113_065.hex
* Software Version Seasave V 7.26.7.121
* Temperature SN = 2438
* Conductivity SN = 2067
* Number of Bytes Per Scan = 40
* Number of Voltage Words = 5
* Number of Scans Averaged by the Deck Unit = 1
* NMEA Latitude = 64 10.49 S
* NMEA Longitude = 061 56.61 W
* NMEA UTC (Time) = Dec 14 2021  14:58:16
* NMEA baud rate = 9600
** Ship: RVIB N.B. Palmer
** Cruise: NBP2113 LTER
** Station: 741.005
** Operator: B. Urmston
# nquan = 25
# nvalues = 1339                        
# units = specified
# name 0 = prDM: Pressure, Digiquartz [db]
# name 1 = depSM: Depth [salt water, m]
# name 2 = t090C: Temperature [ITS-90, deg C]
# name 3 = c0mS/cm: Conductivity [mS/cm]
# name 4 = t190C: Temperature, 2 [ITS-90, deg C]
# name 5 = c1mS/cm: Conductivity, 2 [mS/cm]
# name 6 = sbeox0ML/L: Oxygen, SBE 43 [ml/l]
# name 7 = sbeox1ML/L: Oxygen, SBE 43, 2 [ml/l]
# name 8 = flECO-AFL: Fluorescence, WET Labs ECO-AFL/FL [mg/m^3]
# name 9 = CStarTr0: Beam Transmission, WET Labs C-Star [%]
# name 10 = par: PAR/Irradiance, Biospherical/Licor
# name 11 = latitude: Latitude [deg]
# name 12 = longitude: Longitude [deg]
# name 13 = timeJ: Julian Days
# name 14 = altM: Altimeter [m]
# name 15 = spar: SPAR, Biospherical/Licor
# name 16 = timeS: Time, Elapsed [seconds]
# name 17 = scan: Scan Count
# name 18 = density00: Density [density, kg/m^3]
# name 19 = density11: Density, 2 [density, kg/m^3]
# name 20 = sal00: Salinity, Practical [PSU]
# name 21 = sal11: Salinity, Practical, 2 [PSU]
# name 22 = oxsolML/L: Oxygen Saturation, Garcia & Gordon [ml/l]
# name 23 = nbin: number of scans per bin
# name 24 = flag: flag
# span 0 =      1.000,    672.000       
# span 1 =      0.991,    664.374       
# span 2 =    -0.6483,     0.4539       
# span 3 =  28.425707,  29.126307       
# span 4 =    -0.6485,     0.4538       
# span 5 =  28.424814,  29.124899       
# span 6 =     5.2592,    20.6485       
# span 7 =     5.3832,     7.5813       
# span 8 =    -0.0298,     1.3733       
# span 9 =    83.5157,    89.7301       
# span 10 = 1.0000e-12, 6.9565e+02      
# span 11 =  -64.17472,  -64.17414      
# span 12 =  -61.94314,  -61.94192      
# span 13 = 348.626801, 348.648197      
# span 14 =       9.52,      99.97      
# span 15 = 4.8127e+02, 7.1198e+02      
# span 16 =    259.583,   2108.263      
# span 17 =       6231,      50599      
# span 18 =  1027.3291,  1030.9535      
# span 19 =  1027.3279,  1030.9522      
# span 20 =    34.0527,    34.5358      
# span 21 =    34.0512,    34.5343      
# span 22 =    7.94530,    8.17435      
# span 23 =         11,         53      
# span 24 = 0.0000e+00, 0.0000e+00      
# interval = decibars: 1                
# start_time = Dec 14 2021 14:58:16 [NMEA time, header]
# bad_flag = -9.990e-29
*END*
[from data line 1160]
    179.000    177.178     0.3704  29.023427     0.3720  29.024344     5.4324     5.4899     0.0206    89.4103 1.0000e-12  -64.17445  -61.94249 348.645379      99.97 5.9057e+02   1864.783      44756  1028.4963  1028.4957    34.4547    34.4542    7.96370         28 0.0000e+00
    178.000    176.190     0.3669  29.018850     0.3699  29.021657     5.4307     5.4981     0.0172    89.4298 1.0000e-12  -64.17444  -61.94248 348.645393      99.97 5.9169e+02   1865.927      44783  1028.4906  1028.4906    34.4533    34.4536    7.96451         27 0.0000e+00
    177.000    175.200     0.3659  29.016905     0.3649  29.015073     5.4347     5.4996     0.0178    89.4296 1.0000e-12  -64.17444  -61.94248 348.645406      99.96 5.9233e+02   1867.038      44810  1028.4852  1028.4843    34.4525    34.4512    7.96476         27 0.0000e+00
    176.000    174.211     0.3629  29.013535     0.3631  29.012644     5.4493     5.5128     0.0251    89.4173 1.0000e-12  -64.17444  -61.94248 348.645418      99.97 5.9233e+02   1868.158      44837  1028.4802  1028.4791    34.4519    34.4506    7.96540         27 0.0000e+00
    175.000    173.222     0.3594  29.009162     0.3583  29.007022     5.4745     5.5292     0.0286    89.4209 1.0000e-12  -64.17444  -61.94248 348.645432      99.97 5.9233e+02   1869.317      44865  1028.4747  1028.4736    34.4507    34.4492    7.96619         27 0.0000e+00
    174.000    172.233     0.3504  28.998587     0.3476  28.995114     5.4929     5.5427     0.0338    89.4072 1.0000e-12  -64.17444  -61.94248 348.645446      99.97 5.9164e+02   1870.565      44895  1028.4681  1028.4672    34.4475    34.4461    7.96823         30 0.0000e+00
    173.000    171.242     0.3349  28.980970     0.3398  28.985006     5.4985     5.5515     0.0363    89.4269 1.0000e-12  -64.17444  -61.94248 348.645461      99.97 5.9131e+02   1871.830      44925  1028.4604  1028.4599    34.4423    34.4421    7.97172         28 0.0000e+00
    172.000    170.254     0.3362  28.981043     0.3331  28.976621     5.5181     5.5668     0.0208    89.3905 1.0000e-12  -64.17444  -61.94248 348.645475      99.97 5.9233e+02   1872.999      44953  1028.4548  1028.4533    34.4416    34.4393    7.97150         27 0.0000e+00
    171.000    169.262     0.3304  28.973374     0.3298  28.971985     5.5342     5.5720     0.0279    89.3849 1.0000e-12  -64.17444  -61.94248 348.645488      99.97 5.9233e+02   1874.172      44981  1028.4481  1028.4472    34.4386    34.4374    7.97286         29 0.0000e+00
    170.000    168.275     0.3228  28.963827     0.3233  28.963524     5.5309     5.5801     0.0348    89.3782 1.0000e-12  -64.17444  -61.94246 348.645501      99.97 5.9349e+02   1875.324      45009  1028.4411  1028.4402    34.4352    34.4342    7.97463         27 0.0000e+00
    169.000    167.285     0.3184  28.957439     0.3205  28.959305     5.5354     5.5908     0.0278    89.3629 1.0000e-12  -64.17444  -61.94246 348.645514      99.97 5.9409e+02   1876.437      45035  1028.4344  1028.4342    34.4323    34.4324    7.97570         26 0.0000e+00
    168.000    166.295     0.3152  28.953925     0.3171  28.955264     5.5467     5.5913     0.0307    89.3369 1.0000e-12  -64.17444  -61.94246 348.645528      99.97 5.9409e+02   1877.586      45063  1028.4294  1028.4290    34.4319    34.4315    7.97639         29 0.0000e+00
    167.000    165.306     0.3075  28.944417     0.3123  28.948892     5.5517     5.5999     0.0400    89.3481 1.0000e-12  -64.17444  -61.94246 348.645541      99.97 5.9409e+02   1878.783      45092  1028.4226  1028.4226    34.4286    34.4291    7.97816         28 0.0000e+00
    166.000    164.317     0.3040  28.939857     0.3125  28.949373     5.5647     5.6041     0.0293    89.3399 1.0000e-12  -64.17444  -61.94246 348.645555      99.97 5.9409e+02   1879.927      45119  1028.4168  1028.4184    34.4272    34.4301    7.97897         27 0.0000e+00
    165.000    163.327     0.3002  28.935493     0.3010  28.935394     5.5608     5.6157     0.0382    89.3515 1.0000e-12  -64.17444  -61.94246 348.645568      99.97 5.9409e+02   1881.042      45146  1028.4115  1028.4108    34.4262    34.4252    7.97980         28 0.0000e+00
    164.000    162.336     0.2946  28.928910     0.3041  28.939187     5.5647     5.6276     0.0464    89.3303 1.0000e-12  -64.17444  -61.94244 348.645582      99.97 5.9409e+02   1882.255      45175  1028.4057  1028.4073    34.4245    34.4273    7.98107         30 0.0000e+00
    163.000    161.349     0.2928  28.926126     0.2914  28.924103     5.5818     5.6347     0.0465    89.3241 1.0000e-12  -64.17443  -61.94244 348.645596      99.97 5.9409e+02   1883.505      45205  1028.4001  1028.3995    34.4233    34.4223    7.98149         30 0.0000e+00
    162.000    160.358     0.2868  28.919389     0.2890  28.921087     5.5928     5.6413     0.0436    89.3148 1.0000e-12  -64.17442  -61.94244 348.645610      99.97 5.9409e+02   1884.743      45235  1028.3945  1028.3942    34.4218    34.4215    7.98282         29 0.0000e+00
    161.000    159.368     0.2817  28.913384     0.2883  28.919737     5.6114     5.6489     0.0490    89.3220 1.0000e-12  -64.17442  -61.94244 348.645625      99.97 5.9409e+02   1885.975      45264  1028.3888  1028.3890    34.4202    34.4212    7.98396         29 0.0000e+00
    160.000    158.381     0.2733  28.902748     0.2821  28.912455     5.6275     5.6660     0.0444    89.3189 1.0000e-12  -64.17442  -61.94244 348.645638      99.97 5.9409e+02   1887.140      45292  1028.3815  1028.3832    34.4163    34.4192    7.98594         27 0.0000e+00
    159.000    157.390     0.2637  28.891960     0.2733  28.901367     5.6434     5.6844     0.0293    89.3035 1.0000e-12  -64.17442  -61.94244 348.645651      99.97 5.9409e+02   1888.262      45319  1028.3752  1028.3758    34.4134    34.4151    7.98808         27 0.0000e+00
    158.000    156.400     0.2508  28.876876     0.2623  28.889607     5.6595     5.7047     0.0419    89.2724 1.0000e-12  -64.17442  -61.94244 348.645664      99.97 5.9491e+02   1889.406      45347  1028.3674  1028.3697    34.4086    34.4125    7.99102         28 0.0000e+00
    157.000    155.411     0.2460  28.870635     0.2493  28.873569     5.6622     5.7132     0.0436    89.2608 1.0000e-12  -64.17442  -61.94243 348.645678      99.97 5.9585e+02   1890.539      45374  1028.3612  1028.3611    34.4064    34.4065    7.99215         27 0.0000e+00
    156.000    154.422     0.2417  28.865279     0.2454  28.868654     5.6690     5.7238     0.0286    89.2833 1.0000e-12  -64.17442  -61.94242 348.645691      99.97 5.9585e+02   1891.670      45401  1028.3553  1028.3554    34.4047    34.4050    7.99314         28 0.0000e+00
    155.000    153.432     0.2363  28.858277     0.2419  28.864230     5.6886     5.7315     0.0366    89.2404 1.0000e-12  -64.17442  -61.94242 348.645705      99.97 5.9602e+02   1892.897      45431  1028.3488  1028.3497    34.4022    34.4037    7.99440         31 0.0000e+00
    154.000    152.442     0.2316  28.852257     0.2333  28.854258     5.6955     5.7404     0.0500    89.2579 1.0000e-12  -64.17442  -61.94242 348.645720      99.97 5.9762e+02   1894.210      45462  1028.3426  1028.3432    34.4001    34.4009    7.99550         31 0.0000e+00
    153.000    151.453     0.2252  28.844831     0.2292  28.848436     5.7024     5.7525     0.0509    89.2241 1.0000e-12  -64.17442  -61.94242 348.645734      99.97 5.9762e+02   1895.460      45492  1028.3366  1028.3366    34.3980    34.3984    7.99693         29 0.0000e+00
    152.000    150.463     0.2192  28.837755     0.2252  28.843598     5.7235     5.7661     0.0462    89.1889 1.0000e-12  -64.17440  -61.94242 348.645748      99.97 5.9775e+02   1896.595      45519  1028.3307  1028.3310    34.3961    34.3970    7.99830         26 0.0000e+00
    151.000    149.475     0.2123  28.829842     0.2162  28.833502     5.7292     5.7711     0.0466    89.2289 1.0000e-12  -64.17440  -61.94241 348.645760      99.97 5.9930e+02   1897.685      45545  1028.3246  1028.3248    34.3940    34.3944    7.99985         24 0.0000e+00
    150.000    148.485     0.2078  28.824554     0.2084  28.824334     5.7290     5.7820     0.0430    89.2112 1.0000e-12  -64.17440  -61.94240 348.645773      99.97 5.9938e+02   1898.790      45572  1028.3190  1028.3184    34.3926    34.3917    8.00085         27 0.0000e+00
    149.000    147.494     0.2031  28.819403     0.2068  28.822075     5.7344     5.7903     0.0377    89.2045 1.0000e-12  -64.17440  -61.94240 348.645787      99.97 5.9938e+02   1899.960      45600  1028.3138  1028.3131    34.3917    34.3911    8.00189         28 0.0000e+00
    148.000    146.506     0.1921  28.807887     0.1971  28.812464     5.7445     5.7942     0.0365    89.1941 1.0000e-12  -64.17440  -61.94240 348.645801      99.97 5.9938e+02   1901.164      45629  1028.3080  1028.3080    34.3895    34.3899    8.00430         27 0.0000e+00
    147.000    145.516     0.1887  28.803042     0.1950  28.809046     5.7531     5.7998     0.0509    89.1628 1.0000e-12  -64.17440  -61.94240 348.645814      99.97 6.0084e+02   1902.336      45657  1028.3018  1028.3021    34.3875    34.3883    8.00512         29 0.0000e+00
    146.000    144.525     0.1836  28.796589     0.1901  28.802787     5.7590     5.8045     0.0699    89.1645 1.0000e-12  -64.17440  -61.94240 348.645828      99.97 6.0114e+02   1903.524      45686  1028.2955  1028.2959    34.3852    34.3862    8.00630         27 0.0000e+00
    145.000    143.537     0.1827  28.794193     0.1870  28.799036     5.7619     5.8133     0.0516    89.1708 1.0000e-12  -64.17440  -61.94240 348.645843      99.97 6.0114e+02   1904.806      45716  1028.2895  1028.2905    34.3837    34.3853    8.00658         31 0.0000e+00
    144.000    142.547     0.1830  28.793560     0.1837  28.794422     5.7588     5.8183     0.0568    89.1654 1.0000e-12  -64.17440  -61.94240 348.645857      99.97 6.0120e+02   1906.076      45747  1028.2841  1028.2844    34.3832    34.3835    8.00655         29 0.0000e+00
    143.000    141.557     0.1834  28.793159     0.1832  28.792871     5.7503     5.8208     0.0582    89.1720 1.0000e-12  -64.17440  -61.94238 348.645871      99.97 6.0275e+02   1907.225      45774  1028.2789  1028.2789    34.3828    34.3826    8.00649         27 0.0000e+00
    142.000    140.569     0.1857  28.794355     0.1850  28.793797     5.7510     5.8277     0.0532    89.1786 1.0000e-12  -64.17440  -61.94238 348.645884      99.97 6.0291e+02   1908.338      45801  1028.2736  1028.2738    34.3824    34.3825    8.00603         26 0.0000e+00
    141.000    139.579     0.1879  28.794931     0.1870  28.793372     5.7677     5.8309     0.0373    89.1673 1.0000e-12  -64.17440  -61.94238 348.645897      99.97 6.0291e+02   1909.459      45828  1028.2677  1028.2670    34.3813    34.3802    8.00563         27 0.0000e+00
    140.000    138.588     0.1838  28.789784     0.1840  28.789473     5.7882     5.8365     0.0347    89.1504 1.0000e-12  -64.17440  -61.94238 348.645910      99.97 6.0297e+02   1910.633      45856  1028.2620  1028.2614    34.3798    34.3791    8.00659         29 0.0000e+00
    139.000    137.600     0.1805  28.785744     0.1816  28.786296     5.8060     5.8544     0.0547    89.1550 1.0000e-12  -64.17440  -61.94238 348.645924      99.97 6.0400e+02   1911.840      45885  1028.2565  1028.2561    34.3786    34.3782    8.00732         28 0.0000e+00
    138.000    136.609     0.1732  28.774592     0.1781  28.780932     5.8387     5.8735     0.0459    89.1413 1.0000e-12  -64.17440  -61.94237 348.645937      99.97 6.0468e+02   1912.982      45913  1028.2476  1028.2496    34.3727    34.3756    8.00918         27 0.0000e+00
    137.000    135.620     0.1636  28.764196     0.1694  28.769962     5.8740     5.8905     0.0451    89.1076 1.0000e-12  -64.17438  -61.94236 348.645951      99.97 6.0467e+02   1914.132      45940  1028.2417  1028.2421    34.3704    34.3715    8.01131         29 0.0000e+00
    136.000    134.630     0.1418  28.737787     0.1556  28.752455     5.8797     5.9052     0.0589    89.0769 1.0000e-12  -64.17438  -61.94236 348.645965      99.97 6.0467e+02   1915.349      45969  1028.2307  1028.2329    34.3605    34.3645    8.01641         30 0.0000e+00
    135.000    133.641     0.1393  28.733444     0.1472  28.742403     5.8770     5.9068     0.0649    89.0522 1.0000e-12  -64.17438  -61.94236 348.645979      99.97 6.0467e+02   1916.589      45999  1028.2242  1028.2260    34.3583    34.3612    8.01707         30 0.0000e+00
    134.000    132.651     0.1412  28.734959     0.1438  28.737431     5.8739     5.9209     0.0587    89.0620 1.0000e-12  -64.17438  -61.94236 348.645993      99.97 6.0580e+02   1917.812      46028  1028.2195  1028.2196    34.3587    34.3591    8.01664         28 0.0000e+00
    133.000    131.662     0.1406  28.733597     0.1487  28.743141     5.8862     5.9390     0.0577    89.0380 1.0000e-12  -64.17438  -61.94235 348.646007      99.97 6.0643e+02   1918.984      46057  1028.2141  1028.2164    34.3581    34.3617    8.01679         28 0.0000e+00
    132.000    130.672     0.1375  28.728221     0.1382  28.728870     5.8941     5.9490     0.0582    89.0459 1.0000e-12  -64.17438  -61.94234 348.646020      99.97 6.0643e+02   1920.100      46083  1028.2072  1028.2073    34.3551    34.3553    8.01761         26 0.0000e+00
    131.000    129.682     0.1344  28.722881     0.1355  28.723875     5.9038     5.9593     0.0566    89.0250 1.0000e-12  -64.17438  -61.94234 348.646033      99.97 6.0643e+02   1921.242      46111  1028.2002  1028.2003    34.3522    34.3523    8.01843         28 0.0000e+00
    130.000    128.693     0.1312  28.718593     0.1309  28.717947     5.9160     5.9710     0.0585    89.0262 1.0000e-12  -64.17438  -61.94234 348.646047      99.97 6.0676e+02   1922.431      46139  1028.1944  1028.1941    34.3507    34.3502    8.01917         27 0.0000e+00
    129.000    127.702     0.1256  28.711671     0.1266  28.711897     5.9189     5.9740     0.0711    89.0017 1.0000e-12  -64.17437  -61.94234 348.646061      99.97 6.0817e+02   1923.632      46168  1028.1881  1028.1875    34.3484    34.3476    8.02047         27 0.0000e+00
    128.000    126.713     0.1239  28.708382     0.1243  28.708470     5.9293     5.9803     0.0672    89.0004 1.0000e-12  -64.17436  -61.94233 348.646075      99.97 6.0819e+02   1924.856      46198  1028.1820  1028.1817    34.3466    34.3462    8.02094         30 0.0000e+00
    127.000    125.723     0.1197  28.703138     0.1221  28.705316     5.9444     5.9982     0.0663    88.9776 1.0000e-12  -64.17436  -61.94232 348.646089      99.97 6.0920e+02   1926.056      46226  1028.1762  1028.1762    34.3450    34.3452    8.02191         28 0.0000e+00
    126.000    124.735     0.1084  28.689502     0.1163  28.698095     5.9517     6.0120     0.0559    88.9625 1.0000e-12  -64.17436  -61.94232 348.646102      99.97 6.0995e+02   1927.189      46254  1028.1684  1028.1698    34.3402    34.3427    8.02453         27 0.0000e+00
    125.000    123.744     0.1018  28.682059     0.1055  28.685303     5.9639     6.0182     0.0592    88.9419 1.0000e-12  -64.17436  -61.94232 348.646115      99.97 6.0996e+02   1928.336      46281  1028.1626  1028.1625    34.3384    34.3386    8.02602         28 0.0000e+00
    124.000    122.755     0.0941  28.672633     0.0984  28.676663     5.9714     6.0217     0.0699    88.9257 1.0000e-12  -64.17436  -61.94232 348.646129      99.97 6.1138e+02   1929.552      46310  1028.1558  1028.1560    34.3352    34.3357    8.02781         29 0.0000e+00
    123.000    121.766     0.0945  28.671224     0.0978  28.675365     5.9595     6.0236     0.0671    88.9105 1.0000e-12  -64.17436  -61.94232 348.646143      99.97 6.1173e+02   1930.755      46339  1028.1494  1028.1507    34.3334    34.3352    8.02781         27 0.0000e+00
