NBP2113_155081_ctd/data/nbp2113_027.cnv
* Sea-Bird SBE 9 Data File:
* FileName = D:\Data\raw\NBP2113_027.hex
* Software Version Seasave V 7.26.7.121
* Temperature SN = 2438
* Conductivity SN = 2067
* Number of Bytes Per Scan = 40
* Number of Voltage Words = 5
* Number of Scans Averaged by the Deck Unit = 1
* NMEA Latitude = 68 01.82 S
* NMEA Longitude = 069 17.07 W
* NMEA UTC (Time) = Dec 04 2021  08:59:20
* NMEA baud rate = 9600
** Ship: RVIB N.B. Palmer
** Cruise: NBP2113 LTER
** Station: 200.-040
** Operator: B. Urmston
# nquan = 25
# nvalues = 853                         
# units = specified
# name 0 = prDM: Pressure, Digiquartz [db]
# name 1 = depSM: Depth [salt water, m]
# name 2 = t090C: Temperature [ITS-90, deg C]
# name 3 = c0mS/cm: Conductivity [mS/cm]
# name 4 = t190C: Temperature, 2 [ITS-90, deg C]
# name 5 = c1mS/cm: Conductivity, 2 [mS/cm]
# name 6 = sbeox0ML/L: Oxygen, SBE 43 [ml/l]
# name 7 = sbeox1ML/L: Oxygen, SBE 43, 2 [ml/l]
# name 8 = flECO-AFL: Fluorescence, WET Labs ECO-AFL/FL [mg/m^3]
# name 9 = CStarTr0: Beam Transmission, WET Labs C-Star [%]
# name 10 = par: PAR/Irradiance, Biospherical/Licor
# name 11 = latitude: Latitude [deg]
# name 12 = longitude: Longitude [deg]
# name 13 = timeJ: Julian Days
# name 14 = altM: Altimeter [m]
# name 15 = spar: SPAR, Biospherical/Licor
# name 16 = timeS: Time, Elapsed [seconds]
# name 17 = scan: Scan Count
# name 18 = density00: Density [density, kg/m^3]
# name 19 = density11: Density, 2 [density, kg/m^3]
# name 20 = sal00: Salinity, Practical [PSU]
# name 21 = sal11: Salinity, Practical, 2 [PSU]
# name 22 = oxsolML/L: Oxygen Saturation, Garcia & Gordon [ml/l]
# name 23 = nbin: number of scans per bin
# name 24 = flag: flag
# span 0 =      1.000,    429.000       
# span 1 =      0.990,    424.269       
# span 2 =    -1.1608,     1.3729       
# span 3 =  27.229793,  30.161229       
# span 4 =    -1.1648,     1.3721       
# span 5 =  27.229728,  30.160289       
# span 6 =     4.0084,     9.6185       
# span 7 =     4.0664,    10.1505       
# span 8 =    -0.0179,     2.4802       
# span 9 =    88.6156,    96.6807       
# span 10 = -5.397e-06, 1.3894e+02      
# span 11 =  -68.03038,  -68.02988      
# span 12 =  -69.28466,  -69.28402      
# span 13 = 338.377040, 338.398510      
# span 14 =       0.97,     103.54      
# span 15 = 1.3220e+02, 1.4489e+02      
# span 16 =    216.292,   2071.290      
# span 17 =       5192,      49712      
# span 18 =  1027.1866,  1029.7783      
# span 19 =  1027.1855,  1029.7774      
# span 20 =    33.8026,    34.6756      
# span 21 =    33.8003,    34.6743      
# span 22 =    7.74955,    8.32648      
# span 23 =         14,         49      
# span 24 = 0.0000e+00, 0.0000e+00      
# interval = decibars: 1                
# start_time = Dec 04 2021 08:59:20 [NMEA time, header]
# bad_flag = -9.990e-29
*END*
      5.000      4.936    -0.9085  27.381951    -0.9061  27.382398     8.3133     8.3340     2.0952    88.6156 4.5373e+01  -68.03014  -69.28442 338.377040       0.97 1.4489e+02    216.292       5192  1027.2037  1027.2018    33.8029    33.8007    8.27348         14 0.0000e+00
      6.000      5.942    -0.9129  27.378574    -0.9118  27.377819     8.3297     8.3305     2.1282    88.7392 3.8421e+01  -68.03014  -69.28440 338.377129       2.29 1.4323e+02    223.955       5376  1027.2086  1027.2066    33.8026    33.8003    8.27445         22 0.0000e+00
      7.000      6.930    -0.9074  27.383952    -0.9085  27.381209     8.2970     8.3234     2.1065    88.6183 3.0943e+01  -68.03012  -69.28440 338.377178       2.10 1.4275e+02    228.213       5478  1027.2134  1027.2113    33.8031    33.8005    8.27322         41 0.0000e+00
      8.000      7.918    -0.8881  27.400562    -0.8831  27.403137     8.3066     8.3225     2.2713    88.7423 2.6896e+01  -68.03012  -69.28440 338.377217       1.58 1.4279e+02    231.539       5558  1027.2172  1027.2152    33.8034    33.8012    8.26896         34 0.0000e+00
      9.000      8.908    -0.9075  27.385143    -0.9001  27.389207     8.3326     8.3251     2.1524    88.7862 2.4487e+01  -68.03012  -69.28438 338.377259       1.72 1.4279e+02    235.179       5645  1027.2235  1027.2209    33.8035    33.8008    8.27320         30 0.0000e+00
     10.000      9.897    -0.9087  27.384029    -0.9096  27.381668     8.3556     8.3276     2.1411    88.7681 2.2368e+01  -68.03012  -69.28438 338.377295      28.80 1.4279e+02    238.282       5720  1027.2277  1027.2261    33.8027    33.8005    8.27352         39 0.0000e+00
     11.000     10.891    -0.9031  27.389501    -0.9015  27.389196     8.3223     8.3302     1.9821    88.6962 1.8742e+01  -68.03011  -69.28438 338.377333       3.07 1.4279e+02    241.551       5798  1027.2326  1027.2308    33.8033    33.8011    8.27226         34 0.0000e+00
     12.000     11.880    -0.9072  27.386439    -0.9085  27.383577     8.3028     8.3348     2.1874    88.8226 1.5481e+01  -68.03010  -69.28438 338.377368       2.67 1.4279e+02    244.593       5871  1027.2375  1027.2358    33.8031    33.8007    8.27316         41 0.0000e+00
     13.000     12.869    -0.9096  27.384881    -0.9113  27.381869     8.3231     8.3307     2.0026    88.8207 1.4139e+01  -68.03010  -69.28437 338.377397     103.54 1.4279e+02    247.084       5931  1027.2424  1027.2408    33.8031    33.8008    8.27370         45 0.0000e+00
     14.000     13.859    -0.9214  27.375409    -0.9214  27.373890     8.3505     8.3351     2.0833    88.7399 1.2494e+01  -68.03010  -69.28436 338.377427      99.97 1.4279e+02    249.702       5994  1027.2478  1027.2461    33.8029    33.8008    8.27632         38 0.0000e+00
     15.000     14.850    -0.9362  27.363566    -0.9358  27.362279     8.3169     8.3280     2.2554    88.7589 1.0637e+01  -68.03010  -69.28436 338.377452      99.97 1.4279e+02    251.874       6046  1027.2533  1027.2516    33.8028    33.8006    8.27958         35 0.0000e+00
     16.000     15.839    -0.9368  27.363655    -0.9365  27.362256     8.3771     8.3339     2.4119    88.8371 9.8288e+00  -68.03010  -69.28434 338.377481      99.96 1.4279e+02    254.384       6106  1027.2582  1027.2563    33.8030    33.8007    8.27970         34 0.0000e+00
     17.000     16.829    -0.9367  27.364283    -0.9363  27.362969     8.3239     8.3350     2.3258    88.8545 8.7783e+00  -68.03009  -69.28434 338.377525      99.97 1.4279e+02    258.137       6196  1027.2628  1027.2610    33.8030    33.8008    8.27967         39 0.0000e+00
     18.000     17.819    -0.9369  27.364691    -0.9364  27.363525     8.3257     8.3358     2.2250    88.7432 7.6130e+00  -68.03008  -69.28434 338.377547      99.97 1.4279e+02    260.082       6243  1027.2676  1027.2659    33.8031    33.8010    8.27970         38 0.0000e+00
     19.000     18.808    -0.9367  27.365292    -0.9362  27.364020     8.3209     8.3371     2.0503    88.8246 6.9263e+00  -68.03008  -69.28434 338.377579      99.96 1.4279e+02    262.810       6308  1027.2723  1027.2705    33.8031    33.8009    8.27966         38 0.0000e+00
     20.000     19.797    -0.9368  27.365548    -0.9364  27.364249     8.3182     8.3342     2.2680    88.8479 6.0897e+00  -68.03008  -69.28434 338.377608      99.97 1.4279e+02    265.348       6369  1027.2770  1027.2752    33.8030    33.8008    8.27969         38 0.0000e+00
     21.000     20.790    -0.9370  27.365815    -0.9365  27.364651     8.3279     8.3395     2.1176    88.7835 5.3479e+00  -68.03008  -69.28433 338.377637      99.96 1.4279e+02    267.842       6429  1027.2818  1027.2800    33.8030    33.8009    8.27974         25 0.0000e+00
     22.000     21.780    -0.9364  27.366829    -0.9359  27.365601     8.3196     8.3411     2.4159    88.8179 4.7025e+00  -68.03006  -69.28432 338.377688      99.97 1.4279e+02    272.246       6535  1027.2866  1027.2847    33.8031    33.8008    8.27961         44 0.0000e+00
     23.000     22.768    -0.9363  27.367535    -0.9359  27.366227     8.3098     8.3372     2.4802    88.7300 4.0909e+00  -68.03006  -69.28432 338.377711      99.97 1.4279e+02    274.190       6582  1027.2915  1027.2897    33.8033    33.8011    8.27956         45 0.0000e+00
     24.000     23.763    -0.9362  27.367975    -0.9358  27.366743     8.2845     8.3340     2.1738    88.8697 3.6133e+00  -68.03006  -69.28432 338.377746      99.96 1.4279e+02    277.296       6656  1027.2962  1027.2944    33.8032    33.8010    8.27955         19 0.0000e+00
     25.000     24.749    -0.9363  27.368271    -0.9359  27.367060     8.3142     8.3292     2.2934    88.7766 3.2761e+00  -68.03006  -69.28430 338.377793      99.97 1.4192e+02    281.310       6752  1027.3009  1027.2992    33.8030    33.8009    8.27958         37 0.0000e+00
     26.000     25.739    -0.9362  27.368960    -0.9357  27.367736     8.3046     8.3338     2.1975    88.7475 2.9014e+00  -68.03006  -69.28429 338.377817      99.96 1.4228e+02    283.371       6802  1027.3059  1027.3041    33.8033    33.8011    8.27955         30 0.0000e+00
     27.000     26.727    -0.9356  27.369923    -0.9353  27.368645     8.2907     8.3338     2.2803    88.7634 2.4851e+00  -68.03004  -69.28430 338.377873      99.97 1.4115e+02    288.195       6918  1027.3106  1027.3090    33.8032    33.8012    8.27941         34 0.0000e+00
     28.000     27.717    -0.9340  27.372248    -0.9339  27.370597     8.3274     8.3312     2.0888    88.9131 2.1129e+00  -68.03005  -69.28429 338.377898      99.97 1.4103e+02    290.344       6969  1027.3160  1027.3141    33.8040    33.8017    8.27902         39 0.0000e+00
     29.000     28.709    -0.9343  27.372359    -0.9339  27.370962     8.2816     8.3224     2.1487    88.9209 2.0327e+00  -68.03005  -69.28428 338.377927      99.97 1.4103e+02    292.928       7031  1027.3207  1027.3188    33.8039    33.8016    8.27909         33 0.0000e+00
     30.000     29.700    -0.9316  27.375736    -0.9314  27.374200     8.2875     8.3201     2.3152    88.9517 1.8280e+00  -68.03004  -69.28428 338.377972      99.96 1.4103e+02    296.807       7124  1027.3261  1027.3242    33.8048    33.8025    8.27844         32 0.0000e+00
     31.000     30.688    -0.9335  27.374054    -0.9324  27.373431     8.3026     8.3318     2.2762    89.0585 1.5171e+00  -68.03004  -69.28428 338.378019      99.96 1.4103e+02    300.854       7221  1027.3304  1027.3287    33.8040    33.8019    8.27890         26 0.0000e+00
     32.000     31.677    -0.9352  27.372634    -0.9348  27.371441     8.3071     8.3233     2.1648    88.9437 1.3736e+00  -68.03002  -69.28427 338.378055      99.97 1.4103e+02    303.913       7295  1027.3348  1027.3331    33.8034    33.8013    8.27931         35 0.0000e+00
     33.000     32.668    -0.9306  27.378144    -0.9303  27.376682     8.2840     8.3183     2.1111    88.8848 1.2606e+00  -68.03002  -69.28426 338.378076      99.96 1.4103e+02    305.809       7340  1027.3407  1027.3388    33.8051    33.8028    8.27821         33 0.0000e+00
     34.000     33.656    -0.9302  27.379060    -0.9298  27.377773     8.2777     8.3107     2.1554    88.9209 1.1593e+00  -68.03002  -69.28426 338.378106      99.97 1.4103e+02    308.321       7401  1027.3456  1027.3438    33.8052    33.8031    8.27810         48 0.0000e+00
     35.000     34.645    -0.9296  27.380010    -0.9293  27.378695     8.2718     8.3137     2.1318    89.1481 9.8013e-01  -68.03002  -69.28426 338.378158      99.97 1.4103e+02    312.842       7509  1027.3504  1027.3487    33.8052    33.8031    8.27797         38 0.0000e+00
     36.000     35.636    -0.9280  27.382348    -0.9280  27.380864     8.2712     8.3056     2.0704    89.4503 8.6886e-01  -68.03002  -69.28426 338.378210      99.97 1.4103e+02    317.348       7617  1027.3557  1027.3541    33.8060    33.8040    8.27757         42 0.0000e+00
     37.000     36.627    -0.9280  27.383151    -0.9277  27.381685     8.2861     8.3092     1.7587    89.5505 7.9021e-01  -68.03002  -69.28424 338.378232      99.97 1.4103e+02    319.242       7663  1027.3609  1027.3590    33.8065    33.8041    8.27754         42 0.0000e+00
     38.000     37.617    -0.9282  27.383303    -0.9278  27.381885     8.2615     8.3105     1.7172    89.4798 7.1040e-01  -68.03002  -69.28424 338.378251      99.97 1.4103e+02    320.924       7703  1027.3656  1027.3637    33.8064    33.8039    8.27761         39 0.0000e+00
     39.000     38.602    -0.9272  27.384851    -0.9270  27.383209     8.2807     8.3062     1.9194    89.5633 6.4073e-01  -68.03002  -69.28424 338.378279      95.08 1.4103e+02    323.310       7760  1027.3706  1027.3687    33.8066    33.8042    8.27735         23 0.0000e+00
     40.000     39.596    -0.9286  27.385497    -0.9271  27.385045     8.2497     8.2909     1.9165    89.6485 5.4126e-01  -68.03000  -69.28425 338.378352      99.62 1.4103e+02    329.589       7911  1027.3771  1027.3751    33.8086    33.8062    8.27757         30 0.0000e+00
     41.000     40.583    -0.9356  27.380882    -0.9346  27.380125     8.2221     8.2791     1.7866    89.7573 4.7677e-01  -68.03000  -69.28424 338.378387      99.97 1.4103e+02    332.667       7985  1027.3831  1027.3813    33.8095    33.8074    8.27905         33 0.0000e+00
     42.000     41.575    -0.9415  27.377017    -0.9420  27.375324     8.1882     8.2527     1.8113    89.6944 4.4078e-01  -68.03000  -69.28423 338.378413      99.97 1.4103e+02    334.915       8039  1027.3888  1027.3874    33.8103    33.8085    8.28030         34 0.0000e+00
     43.000     42.564    -0.9609  27.364351    -0.9607  27.362866     8.1655     8.2356     1.5290    89.7548 4.0441e-01  -68.03000  -69.28422 338.378430      99.97 1.4103e+02    336.312       8072  1027.3980  1027.3962    33.8142    33.8120    8.28435         30 0.0000e+00
     44.000     43.556    -0.9666  27.362303    -0.9659  27.361154     8.1636     8.2276     1.6285    89.8580 3.6223e-01  -68.03000  -69.28422 338.378463      99.97 1.4103e+02    339.210       8142  1027.4054  1027.4035    33.8172    33.8149    8.28543         42 0.0000e+00
     45.000     44.545    -0.9694  27.362276    -0.9693  27.361312     8.1709     8.2098     1.6283    90.1204 2.9315e-01  -68.02998  -69.28424 338.378537      99.96 1.4103e+02    345.631       8296  1027.4120  1027.4109    33.8197    33.8183    8.28590         31 0.0000e+00
     46.000     45.535    -0.9696  27.362836    -0.9695  27.361687     8.1362     8.1930     1.7377    90.1101 2.7402e-01  -68.03000  -69.28422 338.378559      99.97 1.4103e+02    347.496       8341  1027.4170  1027.4157    33.8201    33.8184    8.28592         41 0.0000e+00
     47.000     46.524    -0.9703  27.364879    -0.9698  27.363609     8.0543     8.1524     1.4937    90.2647 2.6470e-01  -68.03000  -69.28422 338.378580      99.97 1.4103e+02    349.338       8385  1027.4242  1027.4223    33.8231    33.8207    8.28591         37 0.0000e+00
     48.000     47.513    -1.0016  27.344593    -1.0045  27.341024     8.0527     8.1448     1.5356    90.2955 2.4186e-01  -68.03000  -69.28420 338.378602      99.97 1.4103e+02    351.224       8430  1027.4366  1027.4355    33.8300    33.8284    8.29241         38 0.0000e+00
     49.000     48.504    -1.0062  27.342227    -1.0010  27.344318     8.0747     8.1379     1.3155    90.8102 1.8916e-01  -68.02998  -69.28422 338.378684      99.97 1.4103e+02    358.292       8600  1027.4421  1027.4393    33.8313    33.8283    8.29334         37 0.0000e+00
     50.000     49.494    -1.0246  27.327407    -1.0191  27.330290     8.0058     8.0872     1.3673    90.8475 1.7564e-01  -68.02998  -69.28420 338.378703      99.97 1.4103e+02    359.909       8639  1027.4480  1027.4458    33.8313    33.8290    8.29742         41 0.0000e+00
     51.000     50.487    -1.0950  27.274192    -1.0883  27.277309     7.9476     8.0441     1.4741    91.1564 1.6175e-01  -68.02998  -69.28419 338.378735      99.96 1.4103e+02    362.679       8705  1027.4617  1027.4586    33.8374    33.8341    8.31266         33 0.0000e+00
     52.000     51.472    -1.1109  27.263047    -1.1114  27.261356     7.9403     8.0248     1.0455    91.5941 1.4433e-01  -68.02998  -69.28418 338.378766      99.97 1.4103e+02    365.374       8770  1027.4684  1027.4670    33.8394    33.8377    8.31605         42 0.0000e+00
     53.000     52.462    -1.1118  27.263059    -1.1104  27.262610     7.9555     8.0195     1.0207    92.0149 1.2578e-01  -68.02997  -69.28418 338.378796      99.97 1.4103e+02    367.985       8833  1027.4730  1027.4713    33.8399    33.8377    8.31624         39 0.0000e+00
     54.000     53.453    -1.1173  27.260068    -1.1157  27.259772     7.9470     8.0157     1.1338    92.1271 1.0756e-01  -68.02996  -69.28418 338.378855      99.97 1.4103e+02    373.102       8955  1027.4787  1027.4768    33.8413    33.8391    8.31736         42 0.0000e+00
     55.000     54.442    -1.1226  27.256999    -1.1210  27.256687     7.9358     8.0018     0.9817    92.1805 9.6923e-02  -68.02996  -69.28418 338.378879      99.97 1.4016e+02    375.140       9004  1027.4846  1027.4827    33.8425    33.8403    8.31847         46 0.0000e+00
     56.000     55.433    -1.1362  27.248558    -1.1320  27.249664     7.9034     7.9731     1.0547    92.2824 8.4199e-02  -68.02996  -69.28416 338.378911      99.97 1.3926e+02    377.885       9070  1027.4925  1027.4897    33.8458    33.8425    8.32131         43 0.0000e+00
     57.000     56.422    -1.1540  27.237691    -1.1511  27.237756     7.8761     7.9408     1.0975    92.3522 7.2355e-02  -68.02996  -69.28416 338.378943      99.97 1.3927e+02    380.671       9137  1027.5019  1027.4992    33.8503    33.8471    8.32499         41 0.0000e+00
     58.000     57.411    -1.1581  27.235661    -1.1574  27.234700     7.8762     7.9343     0.9681    92.5073 6.7209e-02  -68.02996  -69.28416 338.378970      99.97 1.3927e+02    382.998       9193  1027.5076  1027.5060    33.8515    33.8495    8.32583         42 0.0000e+00
     59.000     58.403    -1.1608  27.240359    -1.1614  27.237938     7.8242     7.8953     0.9031    92.9043 4.9145e-02  -68.02996  -69.28416 338.379033      99.98 1.3927e+02    388.487       9325  1027.5194  1027.5174    33.8604    33.8578    8.32591         24 0.0000e+00
     60.000     59.390    -1.1537  27.252836    -1.1528  27.251931     7.8367     7.8848     0.8162    93.0623 4.0615e-02  -68.02996  -69.28415 338.379063      99.97 1.3927e+02    391.049       9386  1027.5304  1027.5286    33.8688    33.8666    8.32383         38 0.0000e+00
     61.000     60.383    -1.1477  27.261389    -1.1473  27.259991     7.8389     7.8847     0.7552    93.0867 3.9051e-02  -68.02996  -69.28414 338.379082      99.97 1.3927e+02    392.653       9425  1027.5383  1027.5364    33.8731    33.8708    8.32224         34 0.0000e+00
