NBP2113_155081_ctd/data/nbp2113_003.cnv
* Sea-Bird SBE 9 Data File:
* FileName = D:\Data\raw\NBP2113_003.hex
* Software Version Seasave V 7.26.7.121
* Temperature SN = 2438
* Conductivity SN = 2067
* Number of Bytes Per Scan = 40
* Number of Voltage Words = 5
* Number of Scans Averaged by the Deck Unit = 1
* NMEA Latitude = 63 28.26 S
* NMEA Longitude = 061 47.09 W
* NMEA UTC (Time) = Nov 22 2021  19:16:03
* NMEA baud rate = 9600
** Ship: RVIB N.B. Palmer
** Cruise: NBP2113 LTER
** Station: 806.048
** Operator: S. Blackman
# nquan = 25
# nvalues = 1102                        
# units = specified
# name 0 = prDM: Pressure, Digiquartz [db]
# name 1 = depSM: Depth [salt water, m]
# name 2 = t090C: Temperature [ITS-90, deg C]
# name 3 = c0mS/cm: Conductivity [mS/cm]
# name 4 = t190C: Temperature, 2 [ITS-90, deg C]
# name 5 = c1mS/cm: Conductivity, 2 [mS/cm]
# name 6 = sbeox0ML/L: Oxygen, SBE 43 [ml/l]
# name 7 = sbeox1ML/L: Oxygen, SBE 43, 2 [ml/l]
# name 8 = flECO-AFL: Fluorescence, WET Labs ECO-AFL/FL [mg/m^3]
# name 9 = CStarTr0: Beam Transmission, WET Labs C-Star [%]
# name 10 = par: PAR/Irradiance, Biospherical/Licor
# name 11 = latitude: Latitude [deg]
# name 12 = longitude: Longitude [deg]
# name 13 = timeJ: Julian Days
# name 14 = altM: Altimeter [m]
# name 15 = spar: SPAR, Biospherical/Licor
# name 16 = timeS: Time, Elapsed [seconds]
# name 17 = scan: Scan Count
# name 18 = density00: Density [density, kg/m^3]
# name 19 = density11: Density, 2 [density, kg/m^3]
# name 20 = sal00: Salinity, Practical [PSU]
# name 21 = sal11: Salinity, Practical, 2 [PSU]
# name 22 = oxsolML/L: Oxygen Saturation, Garcia & Gordon [ml/l]
# name 23 = nbin: number of scans per bin
# name 24 = flag: flag
# span 0 =      2.000,    554.000       
# span 1 =      1.982,    547.897       
# span 2 =    -0.6541,     0.2728       
# span 3 =  27.895601,  29.140464       
# span 4 =    -0.6580,     0.2795       
# span 5 =  27.894378,  29.136617       
# span 6 =     5.3113,     8.1453       
# span 7 =     5.3256,     8.0152       
# span 8 =    -0.0296,     1.6116       
# span 9 =    90.0447,    98.9360       
# span 10 = -2.096e-05, 1.4689e+03      
# span 11 =  -63.47132,  -63.47104      
# span 12 =  -61.78588,  -61.78515      
# span 13 = 326.806521, 326.833172      
# span 14 =       8.03,     101.78      
# span 15 = 1.8134e+03, 1.8656e+03      
# span 16 =    320.412,   2623.094      
# span 17 =       7691,      62955      
# span 18 =  1027.3099,  1030.3680      
# span 19 =  1027.3069,  1030.3667      
# span 20 =    33.9813,    34.5667      
# span 21 =    33.9775,    34.5649      
# span 22 =    7.97768,    8.19055      
# span 23 =          6,         61      
# span 24 = 0.0000e+00, 0.0000e+00      
# interval = decibars: 1                
# start_time = Nov 22 2021 19:16:03 [NMEA time, header]
# bad_flag = -9.990e-29
*END*
[from data line 464]
    469.000    463.927    -0.1350  28.789669    -0.1358  28.787418     5.7234     5.7017    -0.0146    98.5945 1.0000e-12  -63.47118  -61.78566 326.815185      97.68 1.8581e+03   1069.002      25657  1029.9686  1029.9670    34.5405    34.5385    8.06435         17 0.0000e+00
    470.000    464.917    -0.1372  28.787582    -0.1403  28.783351     5.7301     5.6983    -0.0111    98.5885 1.0000e-12  -63.47118  -61.78566 326.815194      96.60 1.8559e+03   1069.755      25675  1029.9729  1029.9714    34.5397    34.5376    8.06487         20 0.0000e+00
    471.000    465.904    -0.1488  28.777577    -0.1500  28.775082     5.7321     5.7058    -0.0098    98.5858 1.0000e-12  -63.47118  -61.78567 326.815207      95.16 1.8470e+03   1070.925      25703  1029.9780  1029.9765    34.5389    34.5369    8.06736         37 0.0000e+00
    472.000    466.892    -0.1454  28.780857    -0.1507  28.775114     5.7251     5.7071    -0.0176    98.5801 1.0000e-12  -63.47118  -61.78570 326.815241      93.25 1.8420e+03   1073.801      25772  1029.9823  1029.9813    34.5388    34.5371    8.06665         35 0.0000e+00
    473.000    467.879    -0.1500  28.776940    -0.1540  28.772318     5.7205     5.7017    -0.0140    98.5654 1.0000e-12  -63.47118  -61.78567 326.815265      92.04 1.8549e+03   1075.885      25822  1029.9869  1029.9858    34.5383    34.5365    8.06766         30 0.0000e+00
    474.000    468.868    -0.1428  28.784751    -0.1418  28.783976     5.6982     5.6899    -0.0208    98.6011 1.0000e-12  -63.47118  -61.78566 326.815277      91.22 1.8547e+03   1076.946      25848  1029.9923  1029.9903    34.5399    34.5377    8.06604         21 0.0000e+00
    475.000    469.856    -0.1409  28.787058    -0.1411  28.785404     5.6914     5.6884    -0.0158    98.6232 1.0000e-12  -63.47118  -61.78566 326.815286      91.29 1.8540e+03   1077.703      25866  1029.9970  1029.9954    34.5401    34.5382    8.06561         16 0.0000e+00
    476.000    470.843    -0.1352  28.792374    -0.1351  28.791383     5.6937     5.6879    -0.0134    98.6141 1.0000e-12  -63.47118  -61.78566 326.815293      90.92 1.8528e+03   1078.325      25881  1030.0013  1030.0001    34.5402    34.5388    8.06441         14 0.0000e+00
    477.000    471.833    -0.1345  28.793593    -0.1340  28.792430     5.6935     5.6897    -0.0129    98.5923 1.0000e-12  -63.47117  -61.78565 326.815300      90.26 1.8510e+03   1078.893      25894  1030.0062  1030.0044    34.5405    34.5384    8.06426         14 0.0000e+00
    478.000    472.822    -0.1361  28.792340    -0.1362  28.790919     5.6946     5.6917    -0.0113    98.5277 1.0000e-12  -63.47116  -61.78564 326.815307      90.14 1.8495e+03   1079.480      25909  1030.0107  1030.0092    34.5400    34.5382    8.06462         14 0.0000e+00
    479.000    473.809    -0.1291  28.799566    -0.1277  28.799309     5.7039     5.6955    -0.0044    98.5323 1.0000e-12  -63.47116  -61.78566 326.815314      88.44 1.8482e+03   1080.111      25924  1030.0156  1030.0140    34.5411    34.5392    8.06307         17 0.0000e+00
    480.000    474.796    -0.1352  28.794405    -0.1344  28.793609     5.7034     5.6915    -0.0047    98.5482 1.0000e-12  -63.47116  -61.78566 326.815325      86.43 1.8482e+03   1081.087      25947  1030.0205  1030.0188    34.5405    34.5385    8.06439         27 0.0000e+00
    481.000    475.784    -0.1334  28.796144    -0.1320  28.796015     5.7040     5.6895    -0.0137    98.5437 1.0000e-12  -63.47116  -61.78568 326.815368      83.92 1.8500e+03   1084.783      26036  1030.0249  1030.0233    34.5402    34.5384    8.06403         31 0.0000e+00
    482.000    476.773    -0.1315  28.798297    -0.1320  28.796578     5.6977     5.6866    -0.0180    98.5756 1.0000e-12  -63.47116  -61.78566 326.815383      83.52 1.8510e+03   1086.059      26066  1030.0296  1030.0283    34.5403    34.5386    8.06363         25 0.0000e+00
    483.000    477.760    -0.1286  28.801590    -0.1282  28.800604     5.6958     5.6842    -0.0135    98.5333 1.0000e-12  -63.47116  -61.78566 326.815394      83.07 1.8506e+03   1087.060      26090  1030.0345  1030.0330    34.5409    34.5391    8.06299         24 0.0000e+00
    484.000    478.748    -0.1270  28.803247    -0.1272  28.801589     5.6951     5.6783    -0.0191    98.5532 1.0000e-12  -63.47116  -61.78566 326.815405      81.85 1.8493e+03   1088.023      26114  1030.0389  1030.0373    34.5406    34.5387    8.06266         23 0.0000e+00
    485.000    479.737    -0.1270  28.803642    -0.1286  28.801032     5.7028     5.6873    -0.0132    98.5727 1.0000e-12  -63.47116  -61.78566 326.815417      80.79 1.8493e+03   1089.009      26137  1030.0436  1030.0424    34.5406    34.5389    8.06266         24 0.0000e+00
    486.000    480.725    -0.1269  28.804235    -0.1259  28.803597     5.7164     5.6913    -0.0136    98.5694 1.0000e-12  -63.47116  -61.78566 326.815429      79.67 1.8476e+03   1090.063      26163  1030.0484  1030.0467    34.5406    34.5387    8.06263         26 0.0000e+00
    487.000    481.712    -0.1367  28.795704    -0.1377  28.793435     5.7140     5.6898     0.0006    98.5561 1.0000e-12  -63.47116  -61.78568 326.815442      78.40 1.8482e+03   1091.233      26191  1030.0534  1030.0519    34.5398    34.5379    8.06476         30 0.0000e+00
    488.000    482.700    -0.1387  28.794298    -0.1377  28.794090     5.7117     5.6921    -0.0200    98.5625 1.0000e-12  -63.47116  -61.78568 326.815457      77.12 1.8482e+03   1092.470      26220  1030.0581  1030.0568    34.5396    34.5382    8.06520         29 0.0000e+00
    489.000    483.688    -0.1360  28.797334    -0.1326  28.799028     5.7193     5.6938    -0.0153    98.5760 1.0000e-12  -63.47116  -61.78568 326.815471      76.42 1.8488e+03   1093.705      26250  1030.0628  1030.0612    34.5399    34.5384    8.06459         31 0.0000e+00
    490.000    484.677    -0.1356  28.797928    -0.1358  28.796584     5.6994     5.6860    -0.0084    98.5839 1.0000e-12  -63.47116  -61.78568 326.815487      75.39 1.8498e+03   1095.078      26283  1030.0672  1030.0661    34.5397    34.5382    8.06452         34 0.0000e+00
    491.000    485.664    -0.1272  28.805774    -0.1303  28.802417     5.6877     5.6743    -0.0122    98.5830 1.0000e-12  -63.47116  -61.78568 326.815507      74.18 1.8528e+03   1096.785      26324  1030.0715  1030.0710    34.5400    34.5391    8.06273         42 0.0000e+00
    492.000    486.653    -0.1132  28.819254    -0.1179  28.814086     5.6776     5.6691    -0.0163    98.6303 1.0000e-12  -63.47116  -61.78568 326.815525      73.14 1.8533e+03   1098.371      26362  1030.0762  1030.0754    34.5415    34.5400    8.05969         31 0.0000e+00
    493.000    487.639    -0.1163  28.817163    -0.1157  28.816466     5.6915     5.6702    -0.0133    98.6298 1.0000e-12  -63.47116  -61.78568 326.815539      72.01 1.8516e+03   1099.538      26390  1030.0814  1030.0800    34.5417    34.5401    8.06034         26 0.0000e+00
    494.000    488.628    -0.1149  28.819017    -0.1190  28.813967     5.7001     5.6791    -0.0131    98.5817 1.0000e-12  -63.47116  -61.78568 326.815550      71.18 1.8482e+03   1100.538      26414  1030.0862  1030.0850    34.5419    34.5399    8.06003         23 0.0000e+00
    495.000    489.616    -0.1216  28.813026    -0.1234  28.810333     5.6992     5.6798    -0.0115    98.5793 1.0000e-12  -63.47116  -61.78568 326.815561      70.43 1.8457e+03   1101.496      26437  1030.0908  1030.0897    34.5409    34.5395    8.06150         23 0.0000e+00
    496.000    490.605    -0.1255  28.810474    -0.1240  28.810362     5.6992     5.6790    -0.0109    98.5803 1.0000e-12  -63.47116  -61.78568 326.815573      69.32 1.8466e+03   1102.485      26461  1030.0962  1030.0946    34.5414    34.5395    8.06229         25 0.0000e+00
    497.000    491.592    -0.1260  28.810291    -0.1263  28.808598     5.7024     5.6836    -0.0064    98.5595 1.0000e-12  -63.47116  -61.78568 326.815585      68.23 1.8501e+03   1103.571      26487  1030.1008  1030.0992    34.5411    34.5392    8.06242         27 0.0000e+00
    498.000    492.580    -0.1280  28.808901    -0.1268  28.808335     5.6975     5.6811    -0.0086    98.5704 1.0000e-12  -63.47116  -61.78568 326.815601      67.05 1.8510e+03   1104.915      26519  1030.1055  1030.1038    34.5409    34.5389    8.06285         39 0.0000e+00
    499.000    493.568    -0.1225  28.814059    -0.1230  28.812471     5.6963     5.6839    -0.0063    98.5519 1.0000e-12  -63.47116  -61.78568 326.815622      65.85 1.8510e+03   1106.759      26563  1030.1097  1030.1085    34.5410    34.5394    8.06169         39 0.0000e+00
    500.000    494.555    -0.1256  28.811862    -0.1277  28.808566     5.7032     5.6809    -0.0125    98.6093 1.0000e-12  -63.47116  -61.78568 326.815640      65.00 1.8510e+03   1108.317      26601  1030.1148  1030.1134    34.5410    34.5389    8.06234         32 0.0000e+00
    501.000    495.544    -0.1267  28.811345    -0.1254  28.811036     5.6953     5.6781    -0.0137    98.5961 1.0000e-12  -63.47116  -61.78569 326.815654      64.13 1.8510e+03   1109.540      26630  1030.1196  1030.1180    34.5410    34.5391    8.06258         28 0.0000e+00
    502.000    496.532    -0.1214  28.816566    -0.1232  28.813479     5.6872     5.6788    -0.0131    98.5776 1.0000e-12  -63.47116  -61.78570 326.815668      62.98 1.8488e+03   1110.698      26658  1030.1242  1030.1227    34.5413    34.5393    8.06144         27 0.0000e+00
    503.000    497.519    -0.1231  28.815314    -0.1250  28.812360     5.6943     5.6844    -0.0252    98.5873 1.0000e-12  -63.47116  -61.78570 326.815681      61.82 1.8460e+03   1111.816      26685  1030.1288  1030.1275    34.5410    34.5392    8.06183         26 0.0000e+00
    504.000    498.508    -0.1265  28.812700    -0.1283  28.809849     5.6972     5.6847    -0.0163    98.5987 1.0000e-12  -63.47116  -61.78569 326.815693      60.71 1.8482e+03   1112.858      26710  1030.1336  1030.1323    34.5407    34.5390    8.06254         25 0.0000e+00
    505.000    499.495    -0.1321  28.808141    -0.1329  28.806073     5.7072     5.6861    -0.0127    98.5422 1.0000e-12  -63.47116  -61.78569 326.815705      59.55 1.8520e+03   1113.898      26735  1030.1386  1030.1371    34.5404    34.5386    8.06375         25 0.0000e+00
    506.000    500.484    -0.1333  28.807513    -0.1310  28.808181     5.7072     5.6867    -0.0070    98.5595 1.0000e-12  -63.47116  -61.78569 326.815718      58.57 1.8541e+03   1115.056      26762  1030.1433  1030.1417    34.5403    34.5387    8.06401         30 0.0000e+00
    507.000    501.471    -0.1322  28.808764    -0.1315  28.808094     5.7021     5.6869    -0.0113    98.5450 1.0000e-12  -63.47116  -61.78568 326.815733      57.67 1.8516e+03   1116.307      26792  1030.1477  1030.1463    34.5402    34.5385    8.06378         30 0.0000e+00
    508.000    502.460    -0.1362  28.805842    -0.1352  28.805257     5.7104     5.6902    -0.0134    98.5526 1.0000e-12  -63.47116  -61.78568 326.815746      56.73 1.8510e+03   1117.495      26821  1030.1528  1030.1512    34.5401    34.5383    8.06462         27 0.0000e+00
    509.000    503.446    -0.1363  28.805902    -0.1364  28.804539     5.7102     5.6858    -0.0111    98.5335 1.0000e-12  -63.47116  -61.78569 326.815761      55.75 1.8495e+03   1118.723      26850  1030.1573  1030.1559    34.5398    34.5381    8.06468         32 0.0000e+00
    510.000    504.435    -0.1338  28.808787    -0.1354  28.805877     5.6995     5.6887    -0.0107    98.5506 1.0000e-12  -63.47116  -61.78570 326.815784      54.34 1.8475e+03   1120.711      26898  1030.1620  1030.1605    34.5402    34.5382    8.06412         42 0.0000e+00
    511.000    505.422    -0.1352  28.807802    -0.1348  28.807038     5.6934     5.6820    -0.0134    98.5745 1.0000e-12  -63.47116  -61.78569 326.815806      53.39 1.8499e+03   1122.615      26944  1030.1666  1030.1653    34.5399    34.5384    8.06444         30 0.0000e+00
    512.000    506.411    -0.1313  28.811991    -0.1314  28.810596     5.6951     5.6750    -0.0170    98.5448 1.0000e-12  -63.47116  -61.78568 326.815817      52.27 1.8523e+03   1123.567      26967  1030.1714  1030.1699    34.5404    34.5387    8.06358         19 0.0000e+00
    513.000    507.397    -0.1298  28.813971    -0.1293  28.813267     5.6928     5.6784    -0.0211    98.5275 1.0000e-12  -63.47116  -61.78568 326.815825      51.68 1.8545e+03   1124.284      26984  1030.1762  1030.1750    34.5408    34.5393    8.06325         16 0.0000e+00
    514.000    508.386    -0.1254  28.818676    -0.1243  28.818102     5.6943     5.6799    -0.0203    98.5466 1.0000e-12  -63.47116  -61.78568 326.815832      50.99 1.8546e+03   1124.907      26999  1030.1811  1030.1794    34.5415    34.5395    8.06227         14 0.0000e+00
    515.000    509.376    -0.1259  28.818354    -0.1267  28.816329     5.7026     5.6784    -0.0192    98.5079 1.0000e-12  -63.47116  -61.78568 326.815840      49.92 1.8541e+03   1125.531      27014  1030.1855  1030.1842    34.5410    34.5392    8.06240         16 0.0000e+00
    516.000    510.363    -0.1286  28.816477    -0.1289  28.814945     5.7053     5.6743    -0.0131    98.4992 1.0000e-12  -63.47116  -61.78568 326.815848      49.14 1.8509e+03   1126.290      27032  1030.1904  1030.1891    34.5410    34.5393    8.06298         23 0.0000e+00
    517.000    511.350    -0.1289  28.816663    -0.1268  28.816886     5.6951     5.6746    -0.0108    98.5033 1.0000e-12  -63.47116  -61.78569 326.815868      47.16 1.8428e+03   1128.015      27073  1030.1952  1030.1933    34.5410    34.5389    8.06304         38 0.0000e+00
    518.000    512.338    -0.1179  28.826876    -0.1197  28.824293     5.6811     5.6712    -0.0106    98.5623 1.0000e-12  -63.47116  -61.78569 326.815896      45.95 1.8490e+03   1130.450      27132  1030.1994  1030.1984    34.5416    34.5401    8.06070         38 0.0000e+00
    519.000    513.325    -0.1159  28.829267    -0.1108  28.832470     5.6818     5.6684    -0.0134    98.5719 1.0000e-12  -63.47116  -61.78568 326.815912      45.08 1.8558e+03   1131.821      27165  1030.2042  1030.2026    34.5418    34.5404    8.06025         27 0.0000e+00
    520.000    514.313    -0.1217  28.824543    -0.1209  28.823907     5.6630     5.6603    -0.0037    98.5284 1.0000e-12  -63.47116  -61.78567 326.815924      44.36 1.8573e+03   1132.807      27188  1030.2092  1030.2078    34.5415    34.5398    8.06149         21 0.0000e+00
    521.000    515.301    -0.1208  28.825805    -0.1208  28.824656     5.6574     5.6549    -0.0176    98.5371 1.0000e-12  -63.47116  -61.78566 326.815933      43.50 1.8579e+03   1133.606      27208  1030.2140  1030.2128    34.5416    34.5401    8.06130         17 0.0000e+00
    522.000    516.290    -0.1115  28.835306    -0.1103  28.835202     5.6642     5.6564    -0.0210    98.5455 1.0000e-12  -63.47116  -61.78566 326.815941      42.65 1.8563e+03   1134.270      27223  1030.2191  1030.2178    34.5431    34.5417    8.05925         16 0.0000e+00
    523.000    517.276    -0.1018  28.843870    -0.0951  28.848685     5.6713     5.6613    -0.0201    98.5266 1.0000e-12  -63.47116  -61.78566 326.815948      41.49 1.8545e+03   1134.922      27239  1030.2228  1030.2213    34.5430    34.5418    8.05722         16 0.0000e+00
    524.000    518.264    -0.1021  28.843940    -0.1019  28.842742     5.6746     5.6594    -0.0208    98.5264 1.0000e-12  -63.47116  -61.78567 326.815956      40.48 1.8495e+03   1135.636      27256  1030.2275  1030.2261    34.5428    34.5410    8.05729         19 0.0000e+00
    525.000    519.251    -0.1038  28.843138    -0.1038  28.841393     5.6688     5.6561    -0.0170    98.5242 1.0000e-12  -63.47116  -61.78568 326.815977      39.04 1.8423e+03   1137.426      27299  1030.2326  1030.2308    34.5431    34.5408    8.05764         35 0.0000e+00
