NBP2113_155081_ctd/data/nbp2113_025.cnv
* Sea-Bird SBE 9 Data File:
* FileName = D:\Data\raw\NBP2113_025.hex
* Software Version Seasave V 7.26.7.121
* Temperature SN = 2438
* Conductivity SN = 2067
* Number of Bytes Per Scan = 40
* Number of Voltage Words = 5
* Number of Scans Averaged by the Deck Unit = 1
* NMEA Latitude = 66 26.47 S
* NMEA Longitude = 073 01.98 W
* NMEA UTC (Time) = Dec 02 2021  19:32:09
* NMEA baud rate = 9600
** Ship: RVIB N.B. Palmer
** Cruise: NBP2113 LTER
** Station: 200.200
** Operator: S. Blackman
# nquan = 25
# nvalues = 7425                        
# units = specified
# name 0 = prDM: Pressure, Digiquartz [db]
# name 1 = depSM: Depth [salt water, m]
# name 2 = t090C: Temperature [ITS-90, deg C]
# name 3 = c0mS/cm: Conductivity [mS/cm]
# name 4 = t190C: Temperature, 2 [ITS-90, deg C]
# name 5 = c1mS/cm: Conductivity, 2 [mS/cm]
# name 6 = sbeox0ML/L: Oxygen, SBE 43 [ml/l]
# name 7 = sbeox1ML/L: Oxygen, SBE 43, 2 [ml/l]
# name 8 = flECO-AFL: Fluorescence, WET Labs ECO-AFL/FL [mg/m^3]
# name 9 = CStarTr0: Beam Transmission, WET Labs C-Star [%]
# name 10 = par: PAR/Irradiance, Biospherical/Licor
# name 11 = latitude: Latitude [deg]
# name 12 = longitude: Longitude [deg]
# name 13 = timeJ: Julian Days
# name 14 = altM: Altimeter [m]
# name 15 = spar: SPAR, Biospherical/Licor
# name 16 = timeS: Time, Elapsed [seconds]
# name 17 = scan: Scan Count
# name 18 = density00: Density [density, kg/m^3]
# name 19 = density11: Density, 2 [density, kg/m^3]
# name 20 = sal00: Salinity, Practical [PSU]
# name 21 = sal11: Salinity, Practical, 2 [PSU]
# name 22 = oxsolML/L: Oxygen Saturation, Garcia & Gordon [ml/l]
# name 23 = nbin: number of scans per bin
# name 24 = flag: flag
# span 0 =      1.000,   3716.000       
# span 1 =      0.989,   3647.210       
# span 2 =    -0.8567,     2.0059       
# span 3 =  27.620544,  30.705827       
# span 4 =    -0.8581,     2.0055       
# span 5 =  27.618989,  30.704902       
# span 6 =     3.8858,     9.2472       
# span 7 =     3.9361,     8.3998       
# span 8 =    -0.0233,    11.1216       
# span 9 =    82.8527,    97.6524       
# span 10 = 1.0000e-12, 1.0000e-12      
# span 11 =  -66.44200,  -66.44120      
# span 12 =  -73.03301,  -73.03208      
# span 13 = 336.815519, 336.923772      
# span 14 =       6.24,     107.41      
# span 15 = 3.5258e+02, 2.4844e+03      
# span 16 =    131.802,   9484.925      
# span 17 =       3164,     227639      
# span 18 =  1027.3022,  1044.8165      
# span 19 =  1027.3010,  1044.8156      
# span 20 =    33.9596,    34.7297      
# span 21 =    33.9579,    34.7288      
# span 22 =    7.62736,    8.24846      
# span 23 =          8,         51      
# span 24 = 0.0000e+00, 0.0000e+00      
# interval = decibars: 1                
# start_time = Dec 02 2021 19:32:09 [NMEA time, header]
# bad_flag = -9.990e-29
*END*
[from data line 5450]
   1975.000   1946.253     0.8789  30.431165     0.8789  30.430647     4.4469     4.5228    -0.0007    97.6266 1.0000e-12  -66.44144  -73.03220 336.892722      99.97 5.5092e+02   6802.218     163254  1036.9880  1036.9875    34.7128    34.7121    7.84584         14 0.0000e+00
   1974.000   1945.274     0.8790  30.430978     0.8789  30.430402     4.4516     4.5210    -0.0063    97.6266 1.0000e-12  -66.44145  -73.03219 336.892730      99.98 5.5002e+02   6802.852     163269  1036.9835  1036.9830    34.7128    34.7122    7.84580         16 0.0000e+00
   1973.000   1944.292     0.8788  30.430172     0.8787  30.429708     4.4667     4.5150    -0.0126    97.6266 1.0000e-12  -66.44146  -73.03218 336.892740      99.98 5.5002e+02   6803.719     163290  1036.9788  1036.9784    34.7126    34.7121    7.84587         27 0.0000e+00
   1972.000   1943.312     0.8788  30.429855     0.8777  30.428288     4.4511     4.5202    -0.0152    97.6266 1.0000e-12  -66.44146  -73.03218 336.892776      99.98 5.4952e+02   6806.849     163365  1036.9743  1036.9739    34.7127    34.7119    7.84586         30 0.0000e+00
   1971.000   1942.331     0.8782  30.428806     0.8781  30.428126     4.4421     4.5176    -0.0092    97.6266 1.0000e-12  -66.44146  -73.03218 336.892788      99.98 5.4824e+02   6807.849     163389  1036.9698  1036.9693    34.7125    34.7118    7.84599         19 0.0000e+00
   1970.000   1941.350     0.8789  30.429158     0.8787  30.428398     4.4466     4.5163    -0.0111    97.6266 1.0000e-12  -66.44146  -73.03218 336.892796      99.97 5.4826e+02   6808.572     163407  1036.9653  1036.9648    34.7127    34.7120    7.84583         17 0.0000e+00
   1969.000   1940.369     0.8800  30.429712     0.8796  30.428849     4.4492     4.5147    -0.0120    97.6266 1.0000e-12  -66.44146  -73.03218 336.892804      99.98 5.4826e+02   6809.269     163423  1036.9607  1036.9601    34.7128    34.7120    7.84562         17 0.0000e+00
   1968.000   1939.387     0.8804  30.429692     0.8803  30.428993     4.4497     4.5169    -0.0165    97.6266 1.0000e-12  -66.44146  -73.03218 336.892813      99.98 5.4817e+02   6810.026     163442  1036.9561  1036.9555    34.7128    34.7120    7.84553         19 0.0000e+00
   1967.000   1938.407     0.8804  30.429270     0.8801  30.428626     4.4551     4.5187    -0.0115    97.6266 1.0000e-12  -66.44146  -73.03218 336.892823      99.98 5.4695e+02   6810.948     163464  1036.9515  1036.9511    34.7128    34.7123    7.84553         27 0.0000e+00
   1966.000   1937.427     0.8788  30.427445     0.8790  30.427036     4.4514     4.5203    -0.0081    97.6266 1.0000e-12  -66.44148  -73.03219 336.892860      99.98 5.4416e+02   6814.073     163539  1036.9472  1036.9466    34.7127    34.7120    7.84586         31 0.0000e+00
   1965.000   1936.446     0.8794  30.427518     0.8792  30.426834     4.4457     4.5209    -0.0107    97.6266 1.0000e-12  -66.44148  -73.03220 336.892882      99.98 5.4293e+02   6815.993     163585  1036.9425  1036.9420    34.7127    34.7120    7.84575         20 0.0000e+00
   1964.000   1935.463     0.8803  30.427992     0.8795  30.426839     4.4430     4.5247    -0.0098    97.6266 1.0000e-12  -66.44149  -73.03220 336.892890      99.98 5.4297e+02   6816.650     163601  1036.9380  1036.9376    34.7128    34.7122    7.84555         14 0.0000e+00
   1963.000   1934.485     0.8814  30.428605     0.8812  30.427799     4.4381     4.5251    -0.0139    97.6266 1.0000e-12  -66.44150  -73.03220 336.892896      99.97 5.4297e+02   6817.222     163614  1036.9333  1036.9327    34.7129    34.7121    7.84532         14 0.0000e+00
   1962.000   1933.503     0.8827  30.429187     0.8824  30.428450     4.4370     4.5181    -0.0162    97.6266 1.0000e-12  -66.44150  -73.03219 336.892902      99.97 5.4297e+02   6817.751     163627  1036.9285  1036.9280    34.7128    34.7121    7.84508         12 0.0000e+00
   1961.000   1932.523     0.8829  30.429002     0.8826  30.428251     4.4399     4.5162    -0.0079    97.6266 1.0000e-12  -66.44150  -73.03218 336.892908      99.98 5.4254e+02   6818.260     163639  1036.9240  1036.9235    34.7128    34.7122    7.84503         12 0.0000e+00
   1960.000   1931.539     0.8835  30.429156     0.8831  30.428223     4.4483     4.5161     0.0045    97.6266 1.0000e-12  -66.44150  -73.03218 336.892914      99.98 5.4122e+02   6818.784     163652  1036.9194  1036.9188    34.7129    34.7121    7.84491         13 0.0000e+00
   1959.000   1930.559     0.8845  30.429670     0.8840  30.428787     4.4577     4.5143    -0.0050    97.6266 1.0000e-12  -66.44150  -73.03218 336.892921      99.98 5.4109e+02   6819.357     163666  1036.9148  1036.9143    34.7129    34.7123    7.84470         15 0.0000e+00
   1958.000   1929.579     0.8849  30.429524     0.8843  30.428605     4.4626     4.5114    -0.0154    97.6266 1.0000e-12  -66.44150  -73.03216 336.892929      99.98 5.3976e+02   6820.103     163683  1036.9101  1036.9098    34.7128    34.7123    7.84463         22 0.0000e+00
   1957.000   1928.600     0.8833  30.427793     0.8826  30.426712     4.4461     4.5142    -0.0119    97.6266 1.0000e-12  -66.44152  -73.03218 336.892975      99.97 5.3668e+02   6824.050     163778  1036.9059  1036.9055    34.7129    34.7123    7.84495         24 0.0000e+00
   1956.000   1927.617     0.8834  30.427402     0.8828  30.426390     4.4435     4.5172    -0.0163    97.6266 1.0000e-12  -66.44152  -73.03220 336.892991      99.98 5.3769e+02   6825.433     163811  1036.9012  1036.9008    34.7128    34.7122    7.84493         17 0.0000e+00
   1955.000   1926.636     0.8843  30.427880     0.8839  30.427144     4.4518     4.5222    -0.0170    97.6266 1.0000e-12  -66.44152  -73.03218 336.892999      99.98 5.3768e+02   6826.080     163827  1036.8967  1036.8963    34.7130    34.7124    7.84475         15 0.0000e+00
   1954.000   1925.656     0.8852  30.428223     0.8853  30.427873     4.4592     4.5175    -0.0159    97.6266 1.0000e-12  -66.44152  -73.03218 336.893006      99.98 5.3768e+02   6826.736     163843  1036.8920  1036.8915    34.7129    34.7123    7.84457         16 0.0000e+00
   1953.000   1924.672     0.8861  30.428751     0.8859  30.428125     4.4610     4.5154    -0.0166    97.6266 1.0000e-12  -66.44152  -73.03218 336.893015      99.98 5.3684e+02   6827.463     163860  1036.8874  1036.8870    34.7131    34.7125    7.84438         19 0.0000e+00
   1952.000   1923.692     0.8848  30.427152     0.8859  30.427544     4.4517     4.5156    -0.0105    97.6266 1.0000e-12  -66.44152  -73.03217 336.893026      99.97 5.3595e+02   6828.421     163883  1036.8830  1036.8823    34.7130    34.7123    7.84464         29 0.0000e+00
   1951.000   1922.712     0.8857  30.427494     0.8848  30.426247     4.4526     4.5168    -0.0100    97.6266 1.0000e-12  -66.44153  -73.03218 336.893047      99.98 5.3564e+02   6830.252     163927  1036.8783  1036.8779    34.7129    34.7123    7.84446         39 0.0000e+00
   1950.000   1921.731     0.8850  30.426418     0.8848  30.425832     4.4423     4.5153    -0.0111    97.6266 1.0000e-12  -66.44154  -73.03219 336.893065      99.97 5.3351e+02   6831.822     163965  1036.8738  1036.8734    34.7128    34.7123    7.84460         24 0.0000e+00
   1949.000   1920.751     0.8865  30.427509     0.8867  30.427104     4.4423     4.5146    -0.0104    97.6266 1.0000e-12  -66.44154  -73.03220 336.893074      99.98 5.3199e+02   6832.639     163984  1036.8693  1036.8687    34.7132    34.7124    7.84429         19 0.0000e+00
   1948.000   1919.768     0.8893  30.429526     0.8895  30.429302     4.4448     4.5142    -0.0096    97.6266 1.0000e-12  -66.44154  -73.03220 336.893083      99.98 5.3063e+02   6833.332     164001  1036.8643  1036.8639    34.7131    34.7126    7.84372         15 0.0000e+00
   1947.000   1918.790     0.8899  30.429583     0.8904  30.429543     4.4468     4.5138    -0.0107    97.6266 1.0000e-12  -66.44154  -73.03222 336.893090      99.98 5.3075e+02   6833.986     164017  1036.8597  1036.8591    34.7131    34.7124    7.84361         15 0.0000e+00
   1946.000   1917.806     0.8903  30.429565     0.8908  30.429454     4.4476     4.5139    -0.0120    97.6266 1.0000e-12  -66.44154  -73.03221 336.893098      99.98 5.3239e+02   6834.624     164032  1036.8551  1036.8545    34.7131    34.7125    7.84352         17 0.0000e+00
   1945.000   1916.826     0.8906  30.429401     0.8907  30.429045     4.4523     4.5136    -0.0170    97.6266 1.0000e-12  -66.44154  -73.03220 336.893106      99.98 5.3239e+02   6835.364     164050  1036.8505  1036.8500    34.7131    34.7125    7.84346         20 0.0000e+00
   1944.000   1915.844     0.8890  30.427519     0.8894  30.427434     4.4550     4.5129    -0.0169    97.6266 1.0000e-12  -66.44156  -73.03219 336.893131      99.98 5.3285e+02   6837.529     164102  1036.8462  1036.8457    34.7130    34.7124    7.84380         31 0.0000e+00
   1943.000   1914.864     0.8894  30.427547     0.8893  30.427017     4.4392     4.5154    -0.0155    97.6266 1.0000e-12  -66.44156  -73.03218 336.893173      99.98 5.3137e+02   6841.127     164188  1036.8416  1036.8412    34.7131    34.7125    7.84370         16 0.0000e+00
   1942.000   1913.885     0.8900  30.427777     0.8902  30.427386     4.4325     4.5108    -0.0025    97.6266 1.0000e-12  -66.44156  -73.03218 336.893179      99.97 5.3000e+02   6841.688     164202  1036.8372  1036.8366    34.7133    34.7125    7.84358         14 0.0000e+00
   1941.000   1912.901     0.8912  30.428450     0.8912  30.427898     4.4369     4.5105    -0.0041    97.6266 1.0000e-12  -66.44156  -73.03218 336.893186      99.98 5.2871e+02   6842.230     164215  1036.8325  1036.8319    34.7133    34.7126    7.84334         12 0.0000e+00
   1940.000   1911.921     0.8920  30.428790     0.8920  30.428094     4.4405     4.5167    -0.0106    97.6266 1.0000e-12  -66.44156  -73.03220 336.893192      99.98 5.2709e+02   6842.754     164227  1036.8278  1036.8272    34.7133    34.7124    7.84317         13 0.0000e+00
   1939.000   1910.939     0.8927  30.428856     0.8925  30.428160     4.4398     4.5180    -0.0116    97.6266 1.0000e-12  -66.44156  -73.03222 336.893198      99.97 5.2684e+02   6843.277     164240  1036.8231  1036.8226    34.7132    34.7125    7.84304         13 0.0000e+00
   1938.000   1909.959     0.8931  30.428730     0.8929  30.428202     4.4358     4.5204    -0.0178    97.6266 1.0000e-12  -66.44157  -73.03222 336.893204      99.98 5.2643e+02   6843.830     164253  1036.8185  1036.8181    34.7131    34.7126    7.84297         13 0.0000e+00
   1937.000   1908.977     0.8932  30.428445     0.8933  30.428095     4.4434     4.5176    -0.0125    97.6266 1.0000e-12  -66.44158  -73.03222 336.893211      99.98 5.2710e+02   6844.455     164268  1036.8139  1036.8135    34.7132    34.7126    7.84294         17 0.0000e+00
   1936.000   1907.996     0.8930  30.427971     0.8925  30.426988     4.4518     4.5137    -0.0025    97.6266 1.0000e-12  -66.44158  -73.03222 336.893221      99.98 5.2842e+02   6845.266     164287  1036.8095  1036.8091    34.7132    34.7126    7.84296         24 0.0000e+00
   1935.000   1907.014     0.8923  30.426844     0.8918  30.425954     4.4515     4.5114    -0.0049    97.6266 1.0000e-12  -66.44158  -73.03221 336.893240      99.98 5.2887e+02   6846.907     164327  1036.8050  1036.8046    34.7131    34.7126    7.84312         41 0.0000e+00
   1934.000   1906.033     0.8925  30.426749     0.8921  30.425836     4.4500     4.5111    -0.0078    97.6266 1.0000e-12  -66.44158  -73.03218 336.893267      99.98 5.2796e+02   6849.253     164383  1036.8005  1036.8001    34.7132    34.7126    7.84306         34 0.0000e+00
   1933.000   1905.054     0.8934  30.427087     0.8931  30.426371     4.4455     4.5135    -0.0174    97.6266 1.0000e-12  -66.44158  -73.03219 336.893295      99.98 5.2705e+02   6851.682     164441  1036.7959  1036.7954    34.7133    34.7127    7.84289         32 0.0000e+00
   1932.000   1904.073     0.8919  30.425391     0.8915  30.424479     4.4459     4.5157    -0.0086    97.6266 1.0000e-12  -66.44159  -73.03221 336.893306      99.97 5.2532e+02   6852.680     164465  1036.7915  1036.7910    34.7133    34.7125    7.84319         21 0.0000e+00
   1931.000   1903.091     0.8942  30.427068     0.8934  30.425712     4.4515     4.5129    -0.0041    97.6266 1.0000e-12  -66.44160  -73.03222 336.893316      99.97 5.2359e+02   6853.474     164484  1036.7868  1036.7862    34.7134    34.7126    7.84272         18 0.0000e+00
   1930.000   1902.111     0.8952  30.427507     0.8953  30.426857     4.4446     4.5149    -0.0041    97.6266 1.0000e-12  -66.44160  -73.03224 336.893324      99.98 5.2192e+02   6854.224     164502  1036.7820  1036.7813    34.7133    34.7125    7.84252         18 0.0000e+00
   1929.000   1901.129     0.8957  30.427573     0.8959  30.427091     4.4410     4.5132    -0.0159    97.6266 1.0000e-12  -66.44162  -73.03224 336.893334      99.98 5.2347e+02   6855.029     164522  1036.7775  1036.7768    34.7134    34.7126    7.84242         21 0.0000e+00
   1928.000   1900.146     0.8966  30.427930     0.8966  30.427476     4.4450     4.5089    -0.0097    97.6266 1.0000e-12  -66.44162  -73.03224 336.893345      99.97 5.2467e+02   6855.972     164544  1036.7728  1036.7723    34.7135    34.7128    7.84225         25 0.0000e+00
   1927.000   1899.168     0.8959  30.426921     0.8963  30.426725     4.4447     4.5139    -0.0165    97.6266 1.0000e-12  -66.44162  -73.03224 336.893358      99.98 5.2499e+02   6857.150     164573  1036.7684  1036.7678    34.7134    34.7127    7.84238         30 0.0000e+00
   1926.000   1898.187     0.8966  30.427168     0.8965  30.426568     4.4395     4.5104    -0.0156    97.6266 1.0000e-12  -66.44162  -73.03224 336.893372      99.98 5.2356e+02   6858.333     164601  1036.7637  1036.7632    34.7134    34.7128    7.84223         23 0.0000e+00
   1925.000   1897.205     0.8975  30.427534     0.8975  30.426933     4.4343     4.5099    -0.0004    97.6266 1.0000e-12  -66.44162  -73.03224 336.893383      99.98 5.2358e+02   6859.252     164623  1036.7591  1036.7585    34.7135    34.7127    7.84206         20 0.0000e+00
   1924.000   1896.223     0.8989  30.428394     0.8986  30.427561     4.4473     4.5106    -0.0110    97.6266 1.0000e-12  -66.44162  -73.03222 336.893392      99.98 5.2358e+02   6860.026     164642  1036.7544  1036.7539    34.7135    34.7128    7.84177         18 0.0000e+00
   1923.000   1895.242     0.8999  30.428860     0.9000  30.428275     4.4449     4.5113    -0.0158    97.6266 1.0000e-12  -66.44162  -73.03223 336.893400      99.97 5.2338e+02   6860.769     164659  1036.7498  1036.7491    34.7135    34.7127    7.84157         18 0.0000e+00
   1922.000   1894.262     0.9000  30.428520     0.9001  30.428056     4.4459     4.5081    -0.0160    97.6266 1.0000e-12  -66.44162  -73.03224 336.893409      99.97 5.2218e+02   6861.574     164679  1036.7452  1036.7446    34.7135    34.7128    7.84155         22 0.0000e+00
   1921.000   1893.280     0.8995  30.427690     0.8994  30.427048     4.4484     4.5098    -0.0153    97.6266 1.0000e-12  -66.44163  -73.03225 336.893427      99.98 5.2148e+02   6863.109     164716  1036.7407  1036.7402    34.7135    34.7128    7.84165         31 0.0000e+00
   1920.000   1892.299     0.8982  30.426119     0.8983  30.425722     4.4434     4.5137    -0.0171    97.6266 1.0000e-12  -66.44166  -73.03228 336.893465      99.98 5.1995e+02   6866.400     164795  1036.7363  1036.7358    34.7134    34.7128    7.84191         30 0.0000e+00
   1919.000   1891.319     0.8993  30.426585     0.8993  30.426111     4.4459     4.5138    -0.0164    97.6266 1.0000e-12  -66.44166  -73.03228 336.893475      99.98 5.2005e+02   6867.276     164816  1036.7316  1036.7311    34.7134    34.7128    7.84170         22 0.0000e+00
