NBP2113_155081_ctd/data/nbp2113_068.cnv
* Sea-Bird SBE 9 Data File:
* FileName = D:\Data\raw\NBP2113_068.hex
* Software Version Seasave V 7.26.7.121
* Temperature SN = 2438
* Conductivity SN = 2067
* Number of Bytes Per Scan = 40
* Number of Voltage Words = 5
* Number of Scans Averaged by the Deck Unit = 1
* NMEA Latitude = 63 34.55 S
* NMEA Longitude = 060 41.64 W
* NMEA UTC (Time) = Dec 15 2021  00:43:21
* NMEA baud rate = 9600
** Ship: RVIB N.B. Palmer
** Cruise: NBP2113 LTER
** Station: 831.-002
** Operator: S. Blackman
# nquan = 25
# nvalues = 1144                        
# units = specified
# name 0 = prDM: Pressure, Digiquartz [db]
# name 1 = depSM: Depth [salt water, m]
# name 2 = t090C: Temperature [ITS-90, deg C]
# name 3 = c0mS/cm: Conductivity [mS/cm]
# name 4 = t190C: Temperature, 2 [ITS-90, deg C]
# name 5 = c1mS/cm: Conductivity, 2 [mS/cm]
# name 6 = sbeox0ML/L: Oxygen, SBE 43 [ml/l]
# name 7 = sbeox1ML/L: Oxygen, SBE 43, 2 [ml/l]
# name 8 = flECO-AFL: Fluorescence, WET Labs ECO-AFL/FL [mg/m^3]
# name 9 = CStarTr0: Beam Transmission, WET Labs C-Star [%]
# name 10 = par: PAR/Irradiance, Biospherical/Licor
# name 11 = latitude: Latitude [deg]
# name 12 = longitude: Longitude [deg]
# name 13 = timeJ: Julian Days
# name 14 = altM: Altimeter [m]
# name 15 = spar: SPAR, Biospherical/Licor
# name 16 = timeS: Time, Elapsed [seconds]
# name 17 = scan: Scan Count
# name 18 = density00: Density [density, kg/m^3]
# name 19 = density11: Density, 2 [density, kg/m^3]
# name 20 = sal00: Salinity, Practical [PSU]
# name 21 = sal11: Salinity, Practical, 2 [PSU]
# name 22 = oxsolML/L: Oxygen Saturation, Garcia & Gordon [ml/l]
# name 23 = nbin: number of scans per bin
# name 24 = flag: flag
# span 0 =      1.000,    577.000       
# span 1 =      0.990,    570.606       
# span 2 =    -1.1726,     0.0050       
# span 3 =  27.755287,  28.443284       
# span 4 =    -1.1746,     0.0046       
# span 5 =  27.753990,  28.440998       
# span 6 =     5.4760,    16.5101       
# span 7 =     6.7772,     9.1118       
# span 8 =    -0.0146,     1.9024       
# span 9 =    81.2310,    89.7946       
# span 10 = -5.999e-05, 2.0674e+01      
# span 11 =  -63.57604,  -63.57525      
# span 12 =  -60.69408,  -60.69382      
# span 13 = 349.034353, 349.057509      
# span 14 =      -0.14,     100.73      
# span 15 = 1.7629e+01, 4.4094e+01      
# span 16 =    367.091,   2367.766      
# span 17 =       8811,      56827      
# span 18 =  1027.4628,  1030.5115      
# span 19 =  1027.4614,  1030.5092      
# span 20 =    34.1958,    34.5049      
# span 21 =    34.1940,    34.5027      
# span 22 =    8.05433,    8.29064      
# span 23 =         14,         48      
# span 24 = 0.0000e+00, 0.0000e+00      
# interval = decibars: 1                
# start_time = Dec 15 2021 00:43:21 [NMEA time, header]
# bad_flag = -9.990e-29
*END*
[from data line 986]
    158.000    156.409    -1.0699  27.782993    -1.0770  27.777660     7.0985     7.1906     0.0721    89.1549 1.0000e-12  -63.57530  -60.69398 349.052470      99.97 3.3495e+01   1932.409      46379  1028.4568  1028.4579    34.4374    34.4383    8.27186         32 0.0000e+00
    157.000    155.416    -1.0558  27.790989    -1.0592  27.787496     7.1010     7.1851     0.0681    89.1549 1.0000e-12  -63.57530  -60.69398 349.052483      99.97 3.3495e+01   1933.554      46406  1028.4474  1028.4469    34.4328    34.4319    8.26903         22 0.0000e+00
    156.000    154.430    -1.0496  27.794608    -1.0500  27.793000     7.1114     7.1922     0.0505    89.1304 1.0000e-12  -63.57530  -60.69398 349.052493      99.97 3.3495e+01   1934.399      46427  1028.4410  1028.4396    34.4314    34.4296    8.26776         20 0.0000e+00
    155.000    153.438    -1.0452  27.796827    -1.0454  27.795553     7.1122     7.1959     0.0629    89.1246 1.0000e-12  -63.57530  -60.69398 349.052503      99.97 3.3495e+01   1935.251      46447  1028.4350  1028.4337    34.4300    34.4284    8.26687         22 0.0000e+00
    154.000    152.448    -1.0463  27.795700    -1.0480  27.793534     7.1204     7.1967     0.0830    89.1053 1.0000e-12  -63.57530  -60.69398 349.052516      99.97 3.3495e+01   1936.393      46474  1028.4306  1028.4298    34.4303    34.4292    8.26709         35 0.0000e+00
    153.000    151.460    -1.0468  27.794966    -1.0481  27.792919     7.1103     7.1957     0.0784    89.1103 1.0000e-12  -63.57530  -60.69398 349.052541      99.97 3.3495e+01   1938.531      46526  1028.4262  1028.4252    34.4304    34.4291    8.26719         32 0.0000e+00
    152.000    150.471    -1.0464  27.794484    -1.0473  27.792830     7.1135     7.1997     0.0875    89.1013 1.0000e-12  -63.57530  -60.69400 349.052563      99.97 3.3495e+01   1940.425      46571  1028.4211  1028.4202    34.4300    34.4287    8.26713         31 0.0000e+00
    151.000    149.481    -1.0437  27.795473    -1.0454  27.793374     7.1132     7.1990     0.0749    89.1022 1.0000e-12  -63.57530  -60.69400 349.052575      99.97 3.3495e+01   1941.457      46596  1028.4153  1028.4146    34.4288    34.4279    8.26660         21 0.0000e+00
    150.000    148.492    -1.0425  27.795279    -1.0427  27.794073     7.1091     7.1976     0.0662    89.0995 1.0000e-12  -63.57530  -60.69400 349.052584      99.97 3.3495e+01   1942.278      46616  1028.4097  1028.4085    34.4278    34.4265    8.26639         20 0.0000e+00
    149.000    147.498    -1.0418  27.795080    -1.0420  27.793858     7.1032     7.1882     0.0720    89.0900 1.0000e-12  -63.57530  -60.69400 349.052593      99.97 3.2856e+01   1943.070      46635  1028.4046  1028.4034    34.4275    34.4260    8.26627         19 0.0000e+00
    148.000    146.513    -1.0417  27.794678    -1.0420  27.793457     7.1106     7.1928     0.0671    89.0780 1.0000e-12  -63.57530  -60.69400 349.052604      99.97 3.1826e+01   1943.980      46657  1028.3998  1028.3987    34.4274    34.4260    8.26625         25 0.0000e+00
    147.000    145.522    -1.0424  27.793799    -1.0427  27.792555     7.1129     7.1944     0.0840    89.0804 1.0000e-12  -63.57530  -60.69400 349.052619      99.97 3.1734e+01   1945.256      46687  1028.3953  1028.3942    34.4276    34.4263    8.26639         37 0.0000e+00
    146.000    144.532    -1.0421  27.793471    -1.0425  27.792078     7.1127     7.1925     0.0925    89.0810 1.0000e-12  -63.57530  -60.69399 349.052640      99.97 3.1732e+01   1947.136      46732  1028.3904  1028.3892    34.4275    34.4260    8.26633         38 0.0000e+00
    145.000    143.543    -1.0424  27.792857    -1.0430  27.791386     7.1171     7.2070     0.1094    89.0815 1.0000e-12  -63.57530  -60.69399 349.052667      99.97 3.1732e+01   1949.443      46788  1028.3858  1028.3848    34.4275    34.4263    8.26639         41 0.0000e+00
    144.000    142.552    -1.0407  27.793384    -1.0421  27.791280     7.1218     7.2101     0.0782    89.0731 1.0000e-12  -63.57530  -60.69400 349.052686      99.97 3.1586e+01   1951.032      46826  1028.3804  1028.3795    34.4269    34.4257    8.26605         26 0.0000e+00
    143.000    141.565    -1.0377  27.794714    -1.0354  27.795027     7.1269     7.2122     0.0728    89.0765 1.0000e-12  -63.57530  -60.69400 349.052696      99.97 3.0879e+01   1951.978      46848  1028.3746  1028.3727    34.4259    34.4238    8.26544         21 0.0000e+00
    142.000    140.575    -1.0275  27.800845    -1.0236  27.802506     7.1308     7.2213     0.0660    89.0763 1.0000e-12  -63.57530  -60.69400 349.052706      99.97 3.0163e+01   1952.782      46868  1028.3670  1028.3649    34.4233    34.4211    8.26337         19 0.0000e+00
    141.000    139.583    -1.0154  27.809165    -1.0100  27.811414     7.1271     7.2160     0.0688    89.0588 1.0000e-12  -63.57530  -60.69400 349.052715      99.97 2.9973e+01   1953.585      46887  1028.3599  1028.3570    34.4214    34.4183    8.26081         20 0.0000e+00
    140.000    138.595    -1.0102  27.812653    -1.0107  27.811819     7.1157     7.2048     0.0841    89.0460 1.0000e-12  -63.57530  -60.69399 349.052727      99.97 2.9969e+01   1954.609      46912  1028.3545  1028.3540    34.4209    34.4203    8.25971         31 0.0000e+00
    139.000    137.604    -1.0151  27.808828    -1.0204  27.804182     7.1292     7.2063     0.0838    89.0005 1.0000e-12  -63.57530  -60.69397 349.052755      99.97 2.9969e+01   1957.059      46970  1028.3510  1028.3511    34.4219    34.4215    8.26072         37 0.0000e+00
    138.000    136.617    -1.0132  27.809217    -1.0137  27.807499     7.1370     7.2160     0.0812    89.0319 1.0000e-12  -63.57530  -60.69396 349.052780      99.97 2.9969e+01   1959.189      47022  1028.3454  1028.3439    34.4209    34.4191    8.26036         25 0.0000e+00
    137.000    135.624    -1.0012  27.816961    -1.0014  27.815313     7.1246     7.2105     0.0714    89.0422 1.0000e-12  -63.57530  -60.69398 349.052789      99.96 2.9969e+01   1960.002      47041  1028.3377  1028.3361    34.4183    34.4163    8.25788         18 0.0000e+00
    136.000    134.638    -0.9772  27.832857    -0.9763  27.832525     7.1198     7.2123     0.0655    89.0232 1.0000e-12  -63.57530  -60.69397 349.052798      99.97 2.9969e+01   1960.707      47058  1028.3272  1028.3259    34.4131    34.4117    8.25290         17 0.0000e+00
    135.000    133.646    -0.9679  27.839471    -0.9656  27.839640     7.1233     7.2077     0.0775    89.0005 1.0000e-12  -63.57530  -60.69396 349.052806      99.97 2.9969e+01   1961.413      47075  1028.3210  1028.3189    34.4121    34.4097    8.25092         17 0.0000e+00
    134.000    132.656    -0.9571  27.845991    -0.9592  27.843520     7.1324     7.2062     0.0882    88.9927 1.0000e-12  -63.57530  -60.69396 349.052815      99.97 2.9969e+01   1962.231      47095  1028.3133  1028.3127    34.4093    34.4083    8.24871         23 0.0000e+00
    133.000    131.668    -0.9623  27.843012    -0.9645  27.839857     7.1307     7.2061     0.1053    88.9512 1.0000e-12  -63.57530  -60.69395 349.052829      99.97 2.9969e+01   1963.415      47123  1028.3112  1028.3099    34.4118    34.4100    8.24971         35 0.0000e+00
    132.000    130.677    -0.9661  27.839727    -0.9657  27.838634     7.1345     7.2079     0.1029    88.9687 1.0000e-12  -63.57530  -60.69394 349.052852      99.96 2.9969e+01   1965.449      47172  1028.3073  1028.3057    34.4123    34.4104    8.25051         43 0.0000e+00
    131.000    129.689    -0.9648  27.839028    -0.9625  27.839765     7.1519     7.2189     0.1239    88.9090 1.0000e-12  -63.57530  -60.69394 349.052874      99.97 2.9969e+01   1967.277      47216  1028.3012  1028.2997    34.4105    34.4089    8.25034         37 0.0000e+00
    130.000    128.698    -0.9427  27.853813    -0.9420  27.852890     7.1315     7.1970     0.0960    88.9630 1.0000e-12  -63.57530  -60.69394 349.052890      99.97 2.9969e+01   1968.730      47251  1028.2914  1028.2897    34.4060    34.4040    8.24576         33 0.0000e+00
    129.000    127.709    -0.9219  27.868369    -0.9093  27.875461     7.0771     7.1789     0.0984    88.9393 1.0000e-12  -63.57530  -60.69395 349.052904      99.97 2.9969e+01   1969.934      47279  1028.2826  1028.2779    34.4027    34.3980    8.24140         25 0.0000e+00
    128.000    126.718    -0.8940  27.889100    -0.8657  27.911164     7.0521     7.1647     0.1000    88.9128 1.0000e-12  -63.57530  -60.69395 349.052915      99.97 2.9969e+01   1970.855      47302  1028.2736  1028.2697    34.3996    34.3973    8.23547         20 0.0000e+00
    127.000    125.730    -0.8666  27.911028    -0.8607  27.915223     7.0601     7.1715     0.1103    88.8839 1.0000e-12  -63.57530  -60.69394 349.052924      99.97 2.9876e+01   1971.665      47321  1028.2664  1028.2653    34.3988    34.3978    8.22953         19 0.0000e+00
    126.000    124.740    -0.8595  27.917154    -0.8552  27.919213     7.0758     7.1728     0.1053    88.8549 1.0000e-12  -63.57530  -60.69394 349.052935      99.97 2.9375e+01   1972.549      47342  1028.2621  1028.2602    34.3996    34.3975    8.22792         23 0.0000e+00
    125.000    123.750    -0.8665  27.911871    -0.8676  27.909951     7.0765     7.1672     0.1373    88.8442 1.0000e-12  -63.57530  -60.69394 349.052948      99.97 2.9604e+01   1973.733      47371  1028.2593  1028.2585    34.4010    34.3997    8.22937         35 0.0000e+00
    124.000    122.759    -0.8636  27.912768    -0.8657  27.909771     7.0695     7.1618     0.1450    88.8400 1.0000e-12  -63.57530  -60.69392 349.052971      99.97 2.8361e+01   1975.663      47417  1028.2536  1028.2524    34.3996    34.3979    8.22882         39 0.0000e+00
    123.000    121.771    -0.8479  27.924244    -0.8614  27.912436     7.0910     7.1751     0.1689    88.8415 1.0000e-12  -63.57530  -60.69392 349.052994      99.97 2.8210e+01   1977.642      47464  1028.2467  1028.2472    34.3979    34.3972    8.22549         35 0.0000e+00
    122.000    120.781    -0.8438  27.926102    -0.8469  27.922127     7.1048     7.1894     0.1434    88.8222 1.0000e-12  -63.57530  -60.69392 349.053010      99.97 2.8206e+01   1979.104      47499  1028.2408  1028.2394    34.3964    34.3945    8.22470         30 0.0000e+00
    121.000    119.791    -0.8280  27.936883    -0.8125  27.946686     7.1067     7.1940     0.1302    88.8337 1.0000e-12  -63.57530  -60.69394 349.053023      99.97 2.8360e+01   1980.171      47525  1028.2328  1028.2281    34.3936    34.3893    8.22141         23 0.0000e+00
    120.000    118.801    -0.8118  27.947738    -0.8078  27.949830     7.1189     7.1982     0.1398    88.7936 1.0000e-12  -63.57530  -60.69394 349.053033      99.97 2.8818e+01   1981.054      47546  1028.2245  1028.2229    34.3905    34.3888    8.21806         20 0.0000e+00
    119.000    117.811    -0.8039  27.953189    -0.8032  27.952553     7.1232     7.1924     0.1475    88.7651 1.0000e-12  -63.57530  -60.69394 349.053043      99.97 2.8910e+01   1981.887      47566  1028.2186  1028.2173    34.3895    34.3879    8.21639         20 0.0000e+00
    118.000    116.822    -0.8090  27.949387    -0.8018  27.953083     7.1216     7.1873     0.1638    88.7641 1.0000e-12  -63.57530  -60.69394 349.053054      99.97 2.9019e+01   1982.844      47589  1028.2155  1028.2124    34.3908    34.3876    8.21743         28 0.0000e+00
    117.000    115.831    -0.8078  27.949558    -0.8092  27.947382     7.1131     7.1864     0.1653    88.7489 1.0000e-12  -63.57530  -60.69393 349.053081      99.97 2.8188e+01   1985.213      47646  1028.2106  1028.2097    34.3903    34.3890    8.21721         41 0.0000e+00
    116.000    114.843    -0.8138  27.944533    -0.8155  27.942227     7.1121     7.1943     0.1711    88.7549 1.0000e-12  -63.57530  -60.69392 349.053112      99.97 2.8472e+01   1987.917      47711  1028.2071  1028.2062    34.3909    34.3897    8.21847         38 0.0000e+00
    115.000    113.853    -0.8039  27.950547    -0.8069  27.947537     7.1246     7.2087     0.1652    88.7635 1.0000e-12  -63.57530  -60.69393 349.053133      99.97 2.8412e+01   1989.691      47754  1028.1997  1028.1994    34.3884    34.3878    8.21645         34 0.0000e+00
    114.000    112.864    -0.8014  27.951406    -0.8016  27.949869     7.1415     7.2173     0.1534    88.7486 1.0000e-12  -63.57530  -60.69394 349.053149      99.97 2.9122e+01   1991.069      47787  1028.1940  1028.1925    34.3873    34.3855    8.21597         27 0.0000e+00
    113.000    111.873    -0.7982  27.952340    -0.7959  27.952239     7.1392     7.2231     0.1608    88.7429 1.0000e-12  -63.57530  -60.69394 349.053162      99.97 2.8792e+01   1992.152      47813  1028.1877  1028.1852    34.3856    34.3828    8.21538         24 0.0000e+00
    112.000    110.884    -0.7936  27.954624    -0.7899  27.955902     7.1465     7.2262     0.1640    88.7429 1.0000e-12  -63.57530  -60.69394 349.053173      99.97 2.9543e+01   1993.163      47837  1028.1815  1028.1792    34.3841    34.3816    8.21447         25 0.0000e+00
    111.000    109.892    -0.7847  27.960520    -0.7838  27.960171     7.1416     7.2238     0.1802    88.7429 1.0000e-12  -63.57530  -60.69394 349.053186      99.97 2.9965e+01   1994.241      47863  1028.1750  1028.1736    34.3826    34.3811    8.21262         27 0.0000e+00
    110.000    108.905    -0.7846  27.960250    -0.7825  27.961102     7.1346     7.2213     0.2125    88.7398 1.0000e-12  -63.57530  -60.69394 349.053202      99.97 2.9969e+01   1995.615      47896  1028.1705  1028.1692    34.3827    34.3815    8.21259         34 0.0000e+00
    109.000    107.913    -0.7871  27.957674    -0.7890  27.955486     7.1446     7.2206     0.1977    88.7241 1.0000e-12  -63.57530  -60.69392 349.053234      99.97 2.9969e+01   1998.423      47963  1028.1660  1028.1655    34.3826    34.3819    8.21313         21 0.0000e+00
    108.000    106.921    -0.7695  27.970672    -0.7747  27.965371     7.1532     7.2319     0.1847    88.7247 1.0000e-12  -63.57528  -60.69393 349.053272      99.97 2.9969e+01   2001.746      48043  1028.1586  1028.1580    34.3808    34.3796    8.20940         34 0.0000e+00
    107.000    105.935    -0.7709  27.968638    -0.7779  27.962229     7.1588     7.2390     0.1764    88.6974 1.0000e-12  -63.57528  -60.69394 349.053291      99.97 2.9969e+01   2003.322      48081  1028.1536  1028.1536    34.3803    34.3796    8.20974         30 0.0000e+00
    106.000    104.944    -0.7512  27.982918    -0.7491  27.982524     7.1654     7.2461     0.1571    88.6923 1.0000e-12  -63.57528  -60.69394 349.053304      99.97 2.9969e+01   2004.465      48108  1028.1455  1028.1430    34.3779    34.3749    8.20560         25 0.0000e+00
    105.000    103.952    -0.7506  27.982844    -0.7459  27.984915     7.1663     7.2430     0.1777    88.6741 1.0000e-12  -63.57528  -60.69394 349.053317      99.97 2.9969e+01   2005.595      48135  1028.1408  1028.1384    34.3777    34.3752    8.20549         26 0.0000e+00
    104.000    102.965    -0.7610  27.974677    -0.7577  27.975985     7.1617     7.2408     0.2053    88.6630 1.0000e-12  -63.57528  -60.69393 349.053350      99.97 2.9969e+01   2008.444      48204  1028.1380  1028.1362    34.3791    34.3771    8.20766         40 0.0000e+00
    103.000    101.977    -0.7544  27.978535    -0.7542  27.977618     7.1696     7.2541     0.1885    88.6552 1.0000e-12  -63.57528  -60.69392 349.053386      99.97 2.9969e+01   2011.579      48279  1028.1316  1028.1304    34.3774    34.3759    8.20632         25 0.0000e+00
    102.000    100.985    -0.7436  27.985773    -0.7442  27.984142     7.1814     7.2564     0.1707    88.6497 1.0000e-12  -63.57528  -60.69394 349.053397      99.97 2.9969e+01   2012.498      48301  1028.1246  1028.1234    34.3756    34.3740    8.20409         24 0.0000e+00
