NBP2113_155081_ctd/data/nbp2113_056.cnv
* Sea-Bird SBE 9 Data File:
* FileName = D:\Data\raw\NBP2113_056.hex
* Software Version Seasave V 7.26.7.121
* Temperature SN = 2438
* Conductivity SN = 2067
* Number of Bytes Per Scan = 40
* Number of Voltage Words = 5
* Number of Scans Averaged by the Deck Unit = 1
* NMEA Latitude = 64 53.69 S
* NMEA Longitude = 064 47.29 W
* NMEA UTC (Time) = Dec 11 2021  22:36:48
* NMEA baud rate = 9600
** Ship: RVIB N.B. Palmer
** Cruise: NBP2113 LTER
** Station: 591.057
** Operator: S. Blackman
# nquan = 25
# nvalues = 1315                        
# units = specified
# name 0 = prDM: Pressure, Digiquartz [db]
# name 1 = depSM: Depth [salt water, m]
# name 2 = t090C: Temperature [ITS-90, deg C]
# name 3 = c0mS/cm: Conductivity [mS/cm]
# name 4 = t190C: Temperature, 2 [ITS-90, deg C]
# name 5 = c1mS/cm: Conductivity, 2 [mS/cm]
# name 6 = sbeox0ML/L: Oxygen, SBE 43 [ml/l]
# name 7 = sbeox1ML/L: Oxygen, SBE 43, 2 [ml/l]
# name 8 = flECO-AFL: Fluorescence, WET Labs ECO-AFL/FL [mg/m^3]
# name 9 = CStarTr0: Beam Transmission, WET Labs C-Star [%]
# name 10 = par: PAR/Irradiance, Biospherical/Licor
# name 11 = latitude: Latitude [deg]
# name 12 = longitude: Longitude [deg]
# name 13 = timeJ: Julian Days
# name 14 = altM: Altimeter [m]
# name 15 = spar: SPAR, Biospherical/Licor
# name 16 = timeS: Time, Elapsed [seconds]
# name 17 = scan: Scan Count
# name 18 = density00: Density [density, kg/m^3]
# name 19 = density11: Density, 2 [density, kg/m^3]
# name 20 = sal00: Salinity, Practical [PSU]
# name 21 = sal11: Salinity, Practical, 2 [PSU]
# name 22 = oxsolML/L: Oxygen Saturation, Garcia & Gordon [ml/l]
# name 23 = nbin: number of scans per bin
# name 24 = flag: flag
# span 0 =      1.000,    660.000       
# span 1 =      0.991,    652.487       
# span 2 =    -0.6101,     1.4679       
# span 3 =  27.472251,  30.361230       
# span 4 =    -0.6100,     1.4677       
# span 5 =  27.471279,  30.360388       
# span 6 =     4.0492,     8.1885       
# span 7 =     4.1114,     8.1803       
# span 8 =    -0.0223,     1.9427       
# span 9 =    82.4612,    91.4528       
# span 10 = -1.912e-06, 1.3970e+02      
# span 11 =  -64.89496,  -64.89482      
# span 12 =  -64.78956,  -64.78857      
# span 13 = 345.945522, 345.968983      
# span 14 =       0.88,     101.20      
# span 15 = 1.0404e+02, 1.6211e+02      
# span 16 =    285.066,   2312.097      
# span 17 =       6843,      55491      
# span 18 =  1027.0165,  1030.8555      
# span 19 =  1027.0123,  1030.8543      
# span 20 =    33.5884,    34.6847      
# span 21 =    33.5863,    34.6833      
# span 22 =    7.73033,    8.22066      
# span 23 =          8,         48      
# span 24 = 0.0000e+00, 0.0000e+00      
# interval = decibars: 1                
# start_time = Dec 11 2021 22:36:48 [NMEA time, header]
# bad_flag = -9.990e-29
*END*
[from data line 638]
    643.000    635.715     1.4669  30.353252     1.4665  30.351789     4.0737     4.1246     0.0027    91.1352 1.0000e-12  -64.89484  -64.78948 345.956217      29.11 1.5690e+02   1209.121      29020  1030.7764  1030.7753    34.6845    34.6831    7.73053         21 0.0000e+00
    644.000    636.703     1.4668  30.353566     1.4665  30.352165     4.0757     4.1245    -0.0045    91.1369 1.0000e-12  -64.89485  -64.78949 345.956263      27.62 1.5690e+02   1213.101      29115  1030.7810  1030.7799    34.6845    34.6830    7.73055         38 0.0000e+00
    645.000    637.690     1.4668  30.353914     1.4664  30.352502     4.0769     4.1255    -0.0078    91.1452 1.0000e-12  -64.89485  -64.78948 345.956320      26.22 1.5690e+02   1218.058      29234  1030.7856  1030.7845    34.6843    34.6829    7.73055         35 0.0000e+00
    646.000    638.676     1.4669  30.354467     1.4664  30.352896     4.0749     4.1261    -0.0184    91.1202 1.0000e-12  -64.89484  -64.78948 345.956336      25.15 1.5690e+02   1219.462      29268  1030.7903  1030.7892    34.6844    34.6830    7.73053         31 0.0000e+00
    647.000    639.662     1.4666  30.354536     1.4661  30.353136     4.0684     4.1251    -0.0125    91.1568 1.0000e-12  -64.89484  -64.78948 345.956353      24.01 1.5690e+02   1220.860      29302  1030.7949  1030.7938    34.6843    34.6830    7.73060         35 0.0000e+00
    648.000    640.651     1.4663  30.354776     1.4662  30.353531     4.0695     4.1251    -0.0142    91.1788 1.0000e-12  -64.89485  -64.78951 345.956394      22.33 1.5690e+02   1224.450      29388  1030.7996  1030.7984    34.6843    34.6829    7.73066         36 0.0000e+00
    649.000    641.637     1.4668  30.355512     1.4664  30.354166     4.0732     4.1252    -0.0029    91.1592 1.0000e-12  -64.89485  -64.78951 345.956431      20.98 1.5690e+02   1227.618      29464  1030.8040  1030.8030    34.6841    34.6828    7.73056         40 0.0000e+00
    650.000    642.624     1.4675  30.356778     1.4671  30.355452     4.0687     4.1184    -0.0038    91.1565 1.0000e-12  -64.89484  -64.78950 345.956465      19.64 1.5690e+02   1230.546      29534  1030.8088  1030.8078    34.6844    34.6831    7.73041         37 0.0000e+00
    651.000    643.612     1.4675  30.357260     1.4671  30.355890     4.0677     4.1234    -0.0038    91.1298 1.0000e-12  -64.89484  -64.78950 345.956486      18.57 1.5690e+02   1232.384      29578  1030.8136  1030.8126    34.6845    34.6832    7.73042         37 0.0000e+00
    652.000    644.600     1.4674  30.357622     1.4671  30.356244     4.0711     4.1243    -0.0067    91.1410 1.0000e-12  -64.89484  -64.78950 345.956513      17.37 1.5694e+02   1234.682      29633  1030.8182  1030.8171    34.6845    34.6831    7.73043         42 0.0000e+00
    653.000    645.586     1.4674  30.357957     1.4671  30.356651     4.0679     4.1242    -0.0036    91.1077 1.0000e-12  -64.89485  -64.78950 345.956544      16.30 1.5858e+02   1237.361      29698  1030.8228  1030.8217    34.6844    34.6830    7.73044         47 0.0000e+00
    654.000    646.575     1.4675  30.358519     1.4672  30.357129     4.0737     4.1212    -0.0041    91.1723 1.0000e-12  -64.89486  -64.78950 345.956572      15.10 1.5866e+02   1239.802      29756  1030.8275  1030.8263    34.6844    34.6830    7.73042         39 0.0000e+00
    655.000    647.561     1.4675  30.359021     1.4673  30.357669     4.0763     4.1189    -0.0006    91.1546 1.0000e-12  -64.89485  -64.78952 345.956603      13.65 1.5866e+02   1242.476      29820  1030.8321  1030.8310    34.6844    34.6830    7.73041         33 0.0000e+00
    656.000    648.547     1.4677  30.359739     1.4674  30.358328     4.0711     4.1114     0.0024    91.1667 1.0000e-12  -64.89485  -64.78950 345.956654      12.68 1.5866e+02   1246.897      29927  1030.8368  1030.8357    34.6845    34.6831    7.73036         43 0.0000e+00
    657.000    649.534     1.4677  30.360101     1.4673  30.358730     4.0717     4.1154    -0.0047    91.1417 1.0000e-12  -64.89486  -64.78950 345.956672      11.70 1.5837e+02   1248.489      29965  1030.8414  1030.8405    34.6844    34.6832    7.73036         31 0.0000e+00
    658.000    650.522     1.4676  30.360435     1.4670  30.358972     4.0783     4.1211    -0.0107    91.1195 1.0000e-12  -64.89486  -64.78950 345.956686      10.72 1.5696e+02   1249.713      29994  1030.8462  1030.8452    34.6845    34.6832    7.73040         27 0.0000e+00
    659.000    651.509     1.4675  30.360776     1.4671  30.359412     4.0741     4.1228    -0.0112    91.1257 1.0000e-12  -64.89486  -64.78950 345.956700       9.61 1.5690e+02   1250.906      30023  1030.8508  1030.8498    34.6844    34.6831    7.73041         33 0.0000e+00
    660.000    652.487     1.4675  30.361230     1.4677  30.360388     4.0492     4.1281     0.0332    91.1178 1.0000e-12  -64.89484  -64.78952 345.956727       8.07 1.5690e+02   1253.232      30079  1030.8555  1030.8543    34.6844    34.6832    7.73041          8 0.0000e+00
    659.000    651.510     1.4676  30.360999     1.4674  30.359607     4.0689     4.1235    -0.0139    91.1453 1.0000e-12  -64.89484  -64.78952 345.956731       8.70 1.5690e+02   1253.519      30085  1030.8509  1030.8497    34.6846    34.6831    7.73039         31 0.0000e+00
    658.000    650.521     1.4679  30.360783     1.4676  30.359369     4.0643     4.1240    -0.0039    91.1471 1.0000e-12  -64.89484  -64.78951 345.956821       9.20 1.5552e+02   1261.347      30273  1030.8462  1030.8450    34.6846    34.6831    7.73033         38 0.0000e+00
    657.000    649.535     1.4678  30.360310     1.4676  30.358854     4.0681     4.1220     0.0033    91.1147 1.0000e-12  -64.89484  -64.78948 345.957055       8.50 1.5155e+02   1281.565      30759  1030.8416  1030.8403    34.6846    34.6830    7.73034         31 0.0000e+00
    656.000    648.547     1.4677  30.359764     1.4674  30.358296     4.0715     4.1238     0.0005    91.1280 1.0000e-12  -64.89484  -64.78948 345.957065       9.25 1.5161e+02   1282.437      30779  1030.8370  1030.8357    34.6846    34.6830    7.73036         24 0.0000e+00
    655.000    647.560     1.4676  30.359138     1.4674  30.357799     4.0722     4.1213    -0.0049    91.1384 1.0000e-12  -64.89484  -64.78948 345.957077      10.26 1.5161e+02   1283.478      30804  1030.8322  1030.8311    34.6845    34.6830    7.73039         27 0.0000e+00
    654.000    646.573     1.4675  30.358767     1.4673  30.357390     4.0674     4.1242    -0.0030    91.1377 1.0000e-12  -64.89484  -64.78948 345.957093      11.49 1.5009e+02   1284.852      30837  1030.8277  1030.8265    34.6846    34.6832    7.73040         33 0.0000e+00
    653.000    645.586     1.4675  30.358244     1.4673  30.356920     4.0659     4.1232     0.0020    91.1272 1.0000e-12  -64.89484  -64.78947 345.957115      12.52 1.4983e+02   1286.771      30884  1030.8230  1030.8218    34.6846    34.6831    7.73041         33 0.0000e+00
    652.000    644.599     1.4674  30.357664     1.4672  30.356255     4.0617     4.1201    -0.0128    91.1345 1.0000e-12  -64.89484  -64.78947 345.957129      12.99 1.4984e+02   1287.939      30912  1030.8182  1030.8170    34.6845    34.6829    7.73042         23 0.0000e+00
    651.000    643.613     1.4672  30.357142     1.4670  30.355786     4.0647     4.1191    -0.0081    91.1215 1.0000e-12  -64.89484  -64.78948 345.957139      13.69 1.4984e+02   1288.787      30932  1030.8137  1030.8125    34.6846    34.6831    7.73045         19 0.0000e+00
    650.000    642.625     1.4671  30.356517     1.4669  30.355209     4.0711     4.1209     0.0022    91.1214 1.0000e-12  -64.89484  -64.78948 345.957148      14.79 1.4828e+02   1289.575      30951  1030.8090  1030.8078    34.6844    34.6831    7.73048         19 0.0000e+00
    649.000    641.636     1.4670  30.356063     1.4668  30.354609     4.0686     4.1199    -0.0049    91.1076 1.0000e-12  -64.89484  -64.78948 345.957158      15.76 1.4808e+02   1290.417      30971  1030.8044  1030.8031    34.6846    34.6829    7.73050         22 0.0000e+00
    648.000    640.651     1.4671  30.355585     1.4667  30.354154     4.0708     4.1191    -0.0115    91.1271 1.0000e-12  -64.89484  -64.78948 345.957170      16.93 1.4808e+02   1291.460      30996  1030.7997  1030.7985    34.6845    34.6830    7.73050         29 0.0000e+00
    647.000    639.663     1.4670  30.355158     1.4668  30.353708     4.0665     4.1198    -0.0062    91.1275 1.0000e-12  -64.89484  -64.78948 345.957186      18.01 1.4808e+02   1292.838      31029  1030.7951  1030.7938    34.6846    34.6830    7.73050         33 0.0000e+00
    646.000    638.676     1.4670  30.354627     1.4666  30.353189     4.0679     4.1219    -0.0097    91.1212 1.0000e-12  -64.89484  -64.78946 345.957202      18.96 1.4808e+02   1294.221      31062  1030.7904  1030.7893    34.6845    34.6831    7.73051         30 0.0000e+00
    645.000    637.689     1.4669  30.354060     1.4666  30.352652     4.0703     4.1243    -0.0046    91.1349 1.0000e-12  -64.89484  -64.78946 345.957215      19.87 1.4808e+02   1295.365      31090  1030.7857  1030.7845    34.6844    34.6829    7.73053         26 0.0000e+00
    644.000    636.702     1.4667  30.353506     1.4665  30.352224     4.0692     4.1231    -0.0047    91.1152 1.0000e-12  -64.89484  -64.78946 345.957227      20.84 1.4808e+02   1296.392      31114  1030.7810  1030.7799    34.6844    34.6831    7.73056         24 0.0000e+00
    643.000    635.715     1.4667  30.353102     1.4665  30.351669     4.0631     4.1247    -0.0082    91.1270 1.0000e-12  -64.89484  -64.78946 345.957239      21.99 1.4808e+02   1297.438      31140  1030.7765  1030.7752    34.6846    34.6830    7.73057         27 0.0000e+00
    642.000    634.728     1.4667  30.352623     1.4664  30.351208     4.0649     4.1244    -0.0132    91.1524 1.0000e-12  -64.89484  -64.78946 345.957253      22.99 1.4808e+02   1298.654      31169  1030.7718  1030.7707    34.6845    34.6831    7.73057         28 0.0000e+00
    641.000    633.740     1.4666  30.352183     1.4663  30.350645     4.0665     4.1229    -0.0140    91.1562 1.0000e-12  -64.89484  -64.78946 345.957269      24.03 1.4808e+02   1300.072      31203  1030.7672  1030.7659    34.6846    34.6829    7.73058         29 0.0000e+00
    640.000    632.754     1.4665  30.351581     1.4663  30.350197     4.0682     4.1214    -0.0130    91.1473 1.0000e-12  -64.89484  -64.78946 345.957284      24.96 1.4808e+02   1301.357      31234  1030.7625  1030.7613    34.6845    34.6830    7.73060         29 0.0000e+00
    639.000    631.765     1.4664  30.351151     1.4662  30.349670     4.0642     4.1223     0.0042    91.1460 1.0000e-12  -64.89484  -64.78946 345.957298      25.96 1.4808e+02   1302.562      31262  1030.7579  1030.7567    34.6847    34.6830    7.73062         31 0.0000e+00
    638.000    630.779     1.4663  30.350585     1.4660  30.349150     4.0675     4.1260    -0.0034    91.1424 1.0000e-12  -64.89484  -64.78946 345.957314      27.00 1.4808e+02   1303.903      31295  1030.7532  1030.7520    34.6846    34.6831    7.73064         33 0.0000e+00
    637.000    629.792     1.4663  30.350057     1.4661  30.348672     4.0704     4.1233    -0.0069    91.1453 1.0000e-12  -64.89484  -64.78946 345.957328      27.73 1.4801e+02   1305.178      31325  1030.7485  1030.7473    34.6845    34.6830    7.73065         27 0.0000e+00
    636.000    628.805     1.4662  30.349576     1.4661  30.348250     4.0724     4.1245    -0.0094    91.1435 1.0000e-12  -64.89484  -64.78946 345.957340      28.89 1.4704e+02   1306.186      31349  1030.7438  1030.7426    34.6845    34.6830    7.73066         22 0.0000e+00
    635.000    627.818     1.4661  30.348983     1.4658  30.347626     4.0622     4.1239    -0.0052    91.1607 1.0000e-12  -64.89484  -64.78946 345.957350      29.82 1.4641e+02   1307.057      31370  1030.7391  1030.7380    34.6844    34.6830    7.73068         20 0.0000e+00
    634.000    626.830     1.4661  30.348652     1.4659  30.347241     4.0588     4.1226    -0.0126    91.1530 1.0000e-12  -64.89484  -64.78946 345.957360      30.85 1.4632e+02   1307.927      31391  1030.7346  1030.7334    34.6846    34.6830    7.73067         22 0.0000e+00
    633.000    625.843     1.4661  30.348174     1.4659  30.346774     4.0634     4.1217    -0.0126    91.1385 1.0000e-12  -64.89484  -64.78945 345.957373      31.81 1.4632e+02   1308.994      31417  1030.7299  1030.7287    34.6846    34.6830    7.73068         30 0.0000e+00
    632.000    624.854     1.4660  30.347584     1.4657  30.346171     4.0638     4.1236    -0.0030    91.1377 1.0000e-12  -64.89484  -64.78944 345.957408      32.73 1.4507e+02   1312.046      31490  1030.7252  1030.7240    34.6845    34.6830    7.73070         31 0.0000e+00
    631.000    623.869     1.4660  30.347142     1.4657  30.345748     4.0688     4.1265    -0.0119    91.1377 1.0000e-12  -64.89484  -64.78944 345.957427      33.62 1.4454e+02   1313.691      31530  1030.7205  1030.7194    34.6845    34.6830    7.73070         23 0.0000e+00
    630.000    622.881     1.4659  30.346620     1.4657  30.345247     4.0686     4.1266    -0.0028    91.1377 1.0000e-12  -64.89484  -64.78944 345.957437      34.05 1.4456e+02   1314.526      31550  1030.7159  1030.7147    34.6845    34.6830    7.73072         19 0.0000e+00
    629.000    621.894     1.4659  30.346161     1.4656  30.344862     4.0757     4.1252    -0.0024    91.1377 1.0000e-12  -64.89484  -64.78946 345.957445      35.28 1.4456e+02   1315.281      31568  1030.7111  1030.7102    34.6844    34.6832    7.73072         18 0.0000e+00
    628.000    620.908     1.4658  30.345542     1.4655  30.344159     4.0781     4.1222    -0.0050    91.1377 1.0000e-12  -64.89484  -64.78944 345.957454      36.81 1.4456e+02   1316.050      31586  1030.7065  1030.7054    34.6844    34.6830    7.73075         19 0.0000e+00
    627.000    619.919     1.4656  30.345038     1.4652  30.343563     4.0731     4.1237    -0.0127    91.1415 1.0000e-12  -64.89484  -64.78944 345.957464      37.50 1.4456e+02   1316.912      31607  1030.7019  1030.7008    34.6845    34.6831    7.73077         23 0.0000e+00
    626.000    618.932     1.4655  30.344386     1.4653  30.343097     4.0632     4.1238    -0.0063    91.1378 1.0000e-12  -64.89484  -64.78944 345.957478      38.58 1.4456e+02   1318.065      31635  1030.6972  1030.6961    34.6844    34.6830    7.73081         33 0.0000e+00
    625.000    617.945     1.4655  30.343990     1.4652  30.342571     4.0681     4.1214    -0.0082    91.1531 1.0000e-12  -64.89484  -64.78944 345.957494      39.87 1.4456e+02   1319.511      31669  1030.6926  1030.6914    34.6844    34.6830    7.73080         33 0.0000e+00
    624.000    616.959     1.4653  30.343438     1.4650  30.341890     4.0648     4.1218    -0.0041    91.1011 1.0000e-12  -64.89484  -64.78944 345.957509      39.81 1.4407e+02   1320.777      31700  1030.6879  1030.6867    34.6845    34.6829    7.73083         29 0.0000e+00
    623.000    615.973     1.4651  30.342748     1.4648  30.341185     4.0656     4.1214    -0.0048    91.1427 1.0000e-12  -64.89484  -64.78944 345.957522      41.22 1.4279e+02   1321.904      31727  1030.6833  1030.6820    34.6844    34.6827    7.73088         25 0.0000e+00
    622.000    614.984     1.4648  30.341955     1.4644  30.340462     4.0740     4.1206    -0.0044    91.1466 1.0000e-12  -64.89484  -64.78944 345.957536      41.62 1.4389e+02   1323.109      31756  1030.6786  1030.6775    34.6843    34.6828    7.73095         29 0.0000e+00
    621.000    613.996     1.4649  30.341651     1.4646  30.340073     4.0698     4.1234    -0.0016    91.1536 1.0000e-12  -64.89484  -64.78942 345.957562      43.05 1.4366e+02   1325.368      31810  1030.6739  1030.6727    34.6844    34.6828    7.73092         35 0.0000e+00
