NBP2113_155081_ctd/data/nbp2113_021.cnv
* Sea-Bird SBE 9 Data File:
* FileName = D:\Data\raw\NBP2113_021.hex
* Software Version Seasave V 7.26.7.121
* Temperature SN = 2438
* Conductivity SN = 2067
* Number of Bytes Per Scan = 40
* Number of Voltage Words = 5
* Number of Scans Averaged by the Deck Unit = 1
* NMEA Latitude = 68 01.86 S
* NMEA Longitude = 069 17.12 W
* NMEA UTC (Time) = Nov 30 2021  19:30:12
* NMEA baud rate = 9600
** Ship: RVIB N.B. Palmer
** Cruise: NBP2113 LTER
** Station: 200.-040
** Operator: S. Blackman
# nquan = 25
# nvalues = 914                         
# units = specified
# name 0 = prDM: Pressure, Digiquartz [db]
# name 1 = depSM: Depth [salt water, m]
# name 2 = t090C: Temperature [ITS-90, deg C]
# name 3 = c0mS/cm: Conductivity [mS/cm]
# name 4 = t190C: Temperature, 2 [ITS-90, deg C]
# name 5 = c1mS/cm: Conductivity, 2 [mS/cm]
# name 6 = sbeox0ML/L: Oxygen, SBE 43 [ml/l]
# name 7 = sbeox1ML/L: Oxygen, SBE 43, 2 [ml/l]
# name 8 = flECO-AFL: Fluorescence, WET Labs ECO-AFL/FL [mg/m^3]
# name 9 = CStarTr0: Beam Transmission, WET Labs C-Star [%]
# name 10 = par: PAR/Irradiance, Biospherical/Licor
# name 11 = latitude: Latitude [deg]
# name 12 = longitude: Longitude [deg]
# name 13 = timeJ: Julian Days
# name 14 = altM: Altimeter [m]
# name 15 = spar: SPAR, Biospherical/Licor
# name 16 = timeS: Time, Elapsed [seconds]
# name 17 = scan: Scan Count
# name 18 = density00: Density [density, kg/m^3]
# name 19 = density11: Density, 2 [density, kg/m^3]
# name 20 = sal00: Salinity, Practical [PSU]
# name 21 = sal11: Salinity, Practical, 2 [PSU]
# name 22 = oxsolML/L: Oxygen Saturation, Garcia & Gordon [ml/l]
# name 23 = nbin: number of scans per bin
# name 24 = flag: flag
# span 0 =      1.000,    459.000       
# span 1 =      0.988,    453.904       
# span 2 =    -1.2803,     1.3801       
# span 3 =  27.108473,  30.203759       
# span 4 =    -1.2737,     1.3800       
# span 5 =  27.113114,  30.202781       
# span 6 =     3.9917,     9.8232       
# span 7 =     4.0604,     8.5191       
# span 8 =    -0.0166,     3.5829       
# span 9 =    85.6744,    97.2905       
# span 10 = -8.041e-05, 3.6841e+02      
# span 11 =  -68.03110,  -68.03060      
# span 12 =  -69.28626,  -69.28527      
# span 13 = 334.815845, 334.831107      
# span 14 =     -30.96,     105.42      
# span 15 = 2.8733e+02, 3.2790e+02      
# span 16 =    277.038,   1595.678      
# span 17 =       6650,      38297      
# span 18 =  1027.1700,  1029.9327      
# span 19 =  1027.1686,  1029.9317      
# span 20 =    33.7926,    34.6952      
# span 21 =    33.7910,    34.6943      
# span 22 =    7.74703,    8.35462      
# span 23 =         11,         49      
# span 24 = 0.0000e+00, 0.0000e+00      
# interval = decibars: 1                
# start_time = Nov 30 2021 19:30:12 [NMEA time, header]
# bad_flag = -9.990e-29
*END*
[from data line 290]
    294.000    290.851     1.2018  29.924618     1.2015  29.923634     4.1441     4.2051    -0.0071    97.2482 1.0000e-12  -68.03102  -69.28548 334.821796      99.98 3.1732e+02    791.212      18990  1029.1209  1029.1202    34.6302    34.6293    7.78576         23 0.0000e+00
    295.000    291.840     1.2036  29.926985     1.2033  29.925952     4.1418     4.1990    -0.0006    97.2621 1.0000e-12  -68.03102  -69.28548 334.821808      99.98 3.1732e+02    792.245      19015  1029.1258  1029.1251    34.6306    34.6297    7.78538         28 0.0000e+00
    296.000    292.829     1.2068  29.930951     1.2066  29.930100     4.1396     4.1975    -0.0022    97.2606 1.0000e-12  -68.03102  -69.28547 334.821824      99.98 3.1732e+02    793.549      19046  1029.1310  1029.1303    34.6316    34.6307    7.78469         33 0.0000e+00
    297.000    293.817     1.2125  29.937498     1.2122  29.936630     4.1397     4.2018     0.0034    97.2568 1.0000e-12  -68.03102  -69.28547 334.821838      99.98 3.1732e+02    794.844      19077  1029.1364  1029.1359    34.6330    34.6323    7.78348         28 0.0000e+00
    298.000    294.804     1.2183  29.944247     1.2181  29.943411     4.1368     4.1973    -0.0100    97.1969 1.0000e-12  -68.03102  -69.28548 334.821850      99.97 3.1591e+02    795.855      19102  1029.1420  1029.1413    34.6347    34.6339    7.78224         22 0.0000e+00
    299.000    295.795     1.2229  29.949842     1.2221  29.948484     4.1381     4.1959    -0.0139    97.2518 1.0000e-12  -68.03102  -69.28548 334.821860      99.98 3.1556e+02    796.727      19122  1029.1475  1029.1468    34.6362    34.6353    7.78126         20 0.0000e+00
    300.000    296.783     1.2274  29.955298     1.2269  29.954221     4.1309     4.1960    -0.0002    97.2637 1.0000e-12  -68.03102  -69.28548 334.821871      99.97 3.1556e+02    797.614      19144  1029.1529  1029.1524    34.6376    34.6368    7.78028         23 0.0000e+00
    301.000    297.772     1.2304  29.959161     1.2298  29.957817     4.1260     4.1963    -0.0004    97.2591 1.0000e-12  -68.03102  -69.28549 334.821883      99.98 3.1556e+02    798.720      19170  1029.1582  1029.1575    34.6387    34.6377    7.77963         32 0.0000e+00
    302.000    298.761     1.2331  29.962718     1.2330  29.961725     4.1327     4.1984    -0.0057    97.2491 1.0000e-12  -68.03101  -69.28548 334.821909      99.97 3.1716e+02    800.966      19224  1029.1636  1029.1627    34.6396    34.6385    7.77904         33 0.0000e+00
    303.000    299.748     1.2348  29.964910     1.2341  29.963502     4.1281     4.1947    -0.0078    97.2679 1.0000e-12  -68.03102  -69.28546 334.821933      99.98 3.1733e+02    802.990      19273  1029.1686  1029.1679    34.6400    34.6390    7.77869         30 0.0000e+00
    304.000    300.738     1.2337  29.964235     1.2331  29.963157     4.1394     4.1899    -0.0077    97.2636 1.0000e-12  -68.03102  -69.28546 334.821944      99.98 3.1732e+02    803.982      19297  1029.1733  1029.1728    34.6398    34.6391    7.77891         21 0.0000e+00
    305.000    301.725     1.2332  29.964161     1.2329  29.963420     4.1459     4.1938    -0.0112    97.2553 1.0000e-12  -68.03102  -69.28545 334.821953      99.98 3.1732e+02    804.767      19315  1029.1780  1029.1775    34.6396    34.6390    7.77902         17 0.0000e+00
    306.000    302.713     1.2334  29.964931     1.2333  29.964384     4.1422     4.1955    -0.0151    97.2400 1.0000e-12  -68.03102  -69.28544 334.821961      99.98 3.1732e+02    805.472      19332  1029.1828  1029.1823    34.6398    34.6392    7.77897         17 0.0000e+00
    307.000    303.703     1.2343  29.966293     1.2334  29.964853     4.1350     4.1962    -0.0077    97.2446 1.0000e-12  -68.03102  -69.28544 334.821970      99.98 3.1732e+02    806.189      19350  1029.1876  1029.1871    34.6400    34.6392    7.77878         18 0.0000e+00
    308.000    304.692     1.2349  29.967353     1.2348  29.966792     4.1269     4.1958    -0.0121    97.2580 1.0000e-12  -68.03102  -69.28544 334.821980      99.98 3.1732e+02    807.028      19370  1029.1923  1029.1918    34.6401    34.6395    7.77865         23 0.0000e+00
    309.000    305.679     1.2444  29.978199     1.2420  29.975264     4.1204     4.1877    -0.0055    97.2493 1.0000e-12  -68.03102  -69.28544 334.821993      99.98 3.1732e+02    808.168      19397  1029.1984  1029.1977    34.6429    34.6418    7.77663         32 0.0000e+00
    310.000    306.669     1.2509  29.986001     1.2498  29.984323     4.1180     4.1842     0.0016    97.2404 1.0000e-12  -68.03102  -69.28546 334.822009      99.97 3.1732e+02    809.588      19431  1029.2043  1029.2036    34.6452    34.6441    7.77522         36 0.0000e+00
    311.000    307.656     1.2528  29.988552     1.2517  29.986700     4.1189     4.1835     0.0021    97.2403 1.0000e-12  -68.03102  -69.28547 334.822028      99.98 3.1732e+02    811.248      19471  1029.2094  1029.2086    34.6457    34.6446    7.77482         39 0.0000e+00
    312.000    308.646     1.2531  29.989447     1.2528  29.988311     4.1135     4.1717    -0.0034    97.2403 1.0000e-12  -68.03102  -69.28547 334.822054      99.98 3.1732e+02    813.467      19524  1029.2143  1029.2135    34.6459    34.6448    7.77473         39 0.0000e+00
    313.000    309.634     1.2611  29.998672     1.2606  29.997525     4.1053     4.1680    -0.0038    97.2403 1.0000e-12  -68.03102  -69.28546 334.822070      99.98 3.1732e+02    814.819      19557  1029.2202  1029.2195    34.6483    34.6474    7.77303         24 0.0000e+00
    314.000    310.621     1.2688  30.007615     1.2692  30.007619     4.1012     4.1694    -0.0103    97.2403 1.0000e-12  -68.03102  -69.28545 334.822080      99.98 3.1732e+02    815.675      19577  1029.2260  1029.2256    34.6506    34.6502    7.77137         18 0.0000e+00
    315.000    311.610     1.2712  30.010479     1.2708  30.009652     4.1051     4.1671    -0.0147    97.2447 1.0000e-12  -68.03102  -69.28544 334.822088      99.98 3.1732e+02    816.393      19594  1029.2309  1029.2304    34.6510    34.6505    7.77087         17 0.0000e+00
    316.000    312.600     1.2715  30.011281     1.2710  30.010280     4.1060     4.1657    -0.0082    97.2591 1.0000e-12  -68.03102  -69.28544 334.822096      99.97 3.1732e+02    817.114      19612  1029.2356  1029.2352    34.6511    34.6505    7.77081         19 0.0000e+00
    317.000    313.588     1.2719  30.012364     1.2716  30.011516     4.1004     4.1673    -0.0074    97.2477 1.0000e-12  -68.03102  -69.28544 334.822106      99.98 3.1732e+02    817.951      19632  1029.2406  1029.2401    34.6515    34.6507    7.77071         23 0.0000e+00
    318.000    314.576     1.2721  30.012838     1.2719  30.012090     4.0992     4.1608    -0.0018    97.2197 1.0000e-12  -68.03102  -69.28544 334.822119      99.97 3.1732e+02    819.118      19660  1029.2453  1029.2447    34.6513    34.6506    7.77068         31 0.0000e+00
    319.000    315.565     1.2738  30.015141     1.2730  30.013868     4.0857     4.1547     0.0018    97.2359 1.0000e-12  -68.03102  -69.28544 334.822134      99.98 3.1713e+02    820.362      19690  1029.2503  1029.2498    34.6519    34.6511    7.77033         27 0.0000e+00
    320.000    316.554     1.2805  30.023058     1.2788  30.020821     4.0852     4.1577    -0.0047    97.2181 1.0000e-12  -68.03102  -69.28544 334.822145      99.97 3.1556e+02    821.352      19713  1029.2560  1029.2554    34.6540    34.6530    7.76888         22 0.0000e+00
    321.000    317.543     1.2877  30.031311     1.2866  30.029671     4.0950     4.1547    -0.0020    97.2272 1.0000e-12  -68.03102  -69.28544 334.822159      99.98 3.1562e+02    822.496      19741  1029.2617  1029.2610    34.6560    34.6551    7.76735         28 0.0000e+00
    322.000    318.529     1.2940  30.039032     1.2861  30.030083     4.0832     4.1370     0.0000    97.2436 1.0000e-12  -68.03102  -69.28546 334.822206      99.98 3.1728e+02    826.632      19840  1029.2679  1029.2665    34.6583    34.6556    7.76598         28 0.0000e+00
    323.000    319.517     1.2989  30.044632     1.2986  30.043805     4.0721     4.1359    -0.0069    97.2501 1.0000e-12  -68.03102  -69.28546 334.822213      99.97 3.1598e+02    827.204      19854  1029.2730  1029.2724    34.6594    34.6587    7.76495         16 0.0000e+00
    324.000    320.507     1.3009  30.047259     1.3013  30.047178     4.0733     4.1341    -0.0067    97.2420 1.0000e-12  -68.03102  -69.28546 334.822220      99.98 3.1568e+02    827.836      19869  1029.2780  1029.2775    34.6600    34.6594    7.76452         15 0.0000e+00
    325.000    321.497     1.3034  30.050079     1.3038  30.049863     4.0779     4.1350    -0.0071    97.2423 1.0000e-12  -68.03102  -69.28546 334.822227      99.98 3.1556e+02    828.400      19883  1029.2827  1029.2820    34.6603    34.6596    7.76402         13 0.0000e+00
    326.000    322.483     1.3039  30.051065     1.3039  30.050250     4.0813     4.1352    -0.0009    97.2403 1.0000e-12  -68.03102  -69.28546 334.822233      99.97 3.1556e+02    828.961      19896  1029.2874  1029.2866    34.6604    34.6594    7.76390         13 0.0000e+00
    327.000    323.471     1.3033  30.050849     1.3031  30.050026     4.0812     4.1369     0.0013    97.2388 1.0000e-12  -68.03102  -69.28546 334.822240      99.98 3.1556e+02    829.573      19911  1029.2921  1029.2915    34.6602    34.6594    7.76404         17 0.0000e+00
    328.000    324.461     1.3031  30.051107     1.3028  30.050333     4.0810     4.1395    -0.0137    97.2444 1.0000e-12  -68.03102  -69.28544 334.822250      99.98 3.1556e+02    830.363      19930  1029.2968  1029.2963    34.6602    34.6595    7.76408         23 0.0000e+00
    329.000    325.449     1.3025  30.050894     1.3022  30.049848     4.0773     4.1409    -0.0075    97.2427 1.0000e-12  -68.03102  -69.28544 334.822266      99.98 3.1556e+02    831.817      19965  1029.3015  1029.3008    34.6600    34.6590    7.76420         42 0.0000e+00
    330.000    326.439     1.3023  30.051041     1.3022  30.050206     4.0811     4.1409    -0.0049    97.2546 1.0000e-12  -68.03102  -69.28546 334.822306      99.98 3.1556e+02    835.194      20046  1029.3062  1029.3055    34.6598    34.6589    7.76425         35 0.0000e+00
    331.000    327.426     1.3042  30.053307     1.3036  30.052230     4.0710     4.1286    -0.0058    97.2526 1.0000e-12  -68.03102  -69.28548 334.822342      99.97 3.1564e+02    838.319      20121  1029.3110  1029.3105    34.6601    34.6594    7.76387         23 0.0000e+00
    332.000    328.414     1.3068  30.056577     1.3060  30.055309     4.0656     4.1243    -0.0152    97.2172 1.0000e-12  -68.03102  -69.28548 334.822350      99.98 3.1634e+02    839.035      20138  1029.3161  1029.3155    34.6608    34.6600    7.76331         16 0.0000e+00
    333.000    329.401     1.3090  30.059476     1.3086  30.058551     4.0732     4.1253    -0.0121    97.2507 1.0000e-12  -68.03101  -69.28547 334.822357      99.97 3.1732e+02    839.667      20153  1029.3211  1029.3206    34.6615    34.6607    7.76284         15 0.0000e+00
    334.000    330.392     1.3119  30.063107     1.3108  30.061298     4.0715     4.1269    -0.0078    97.2405 1.0000e-12  -68.03100  -69.28546 334.822364      99.97 3.1732e+02    840.216      20166  1029.3261  1029.3254    34.6623    34.6612    7.76222         12 0.0000e+00
    335.000    331.379     1.3140  30.065653     1.3136  30.064526     4.0668     4.1322    -0.0083    97.2403 1.0000e-12  -68.03100  -69.28546 334.822370      99.97 3.1732e+02    840.731      20179  1029.3309  1029.3302    34.6626    34.6617    7.76179         12 0.0000e+00
    336.000    332.369     1.3146  30.066866     1.3142  30.065673     4.0683     4.1328    -0.0145    97.2338 1.0000e-12  -68.03100  -69.28546 334.822376      99.98 3.1717e+02    841.238      20191  1029.3358  1029.3350    34.6630    34.6619    7.76165         12 0.0000e+00
    337.000    333.356     1.3163  30.069230     1.3159  30.068170     4.0751     4.1293    -0.0139    97.2344 1.0000e-12  -68.03100  -69.28546 334.822381      99.98 3.1732e+02    841.745      20203  1029.3409  1029.3402    34.6636    34.6627    7.76130         13 0.0000e+00
    338.000    334.345     1.3172  30.070854     1.3170  30.069994     4.0792     4.1292     0.0010    97.2402 1.0000e-12  -68.03100  -69.28546 334.822388      99.98 3.1707e+02    842.305      20216  1029.3459  1029.3452    34.6640    34.6632    7.76109         14 0.0000e+00
    339.000    335.334     1.3169  30.071138     1.3168  30.070295     4.0674     4.1303    -0.0018    97.2174 1.0000e-12  -68.03100  -69.28546 334.822396      99.98 3.1663e+02    843.013      20233  1029.3507  1029.3500    34.6641    34.6632    7.76113         22 0.0000e+00
    340.000    336.322     1.3143  30.068207     1.3135  30.066768     4.0651     4.1237    -0.0071    97.2061 1.0000e-12  -68.03100  -69.28547 334.822460      99.98 3.1671e+02    848.554      20366  1029.3547  1029.3540    34.6627    34.6618    7.76173         23 0.0000e+00
    341.000    337.309     1.3158  30.070487     1.3143  30.068434     4.0650     4.1191    -0.0072    97.2091 1.0000e-12  -68.03100  -69.28546 334.822482      99.97 3.1556e+02    850.397      20411  1029.3598  1029.3591    34.6634    34.6624    7.76140         14 0.0000e+00
    342.000    338.299     1.3150  30.070105     1.3129  30.067112     4.0621     4.1181     0.0012    97.2224 1.0000e-12  -68.03100  -69.28546 334.822488      99.98 3.1556e+02    850.954      20424  1029.3645  1029.3635    34.6632    34.6617    7.76156         13 0.0000e+00
    343.000    339.286     1.3185  30.074953     1.3170  30.072761     4.0548     4.1170     0.0002    97.2397 1.0000e-12  -68.03100  -69.28546 334.822494      99.93 3.1556e+02    851.462      20436  1029.3701  1029.3694    34.6649    34.6638    7.76078         12 0.0000e+00
    344.000    340.276     1.3198  30.076847     1.3195  30.075890     4.0537     4.1151    -0.0050    97.2148 1.0000e-12  -68.03100  -69.28546 334.822499       6.16 3.1556e+02    851.954      20448  1029.3750  1029.3744    34.6654    34.6644    7.76050         11 0.0000e+00
    345.000    341.263     1.3204  30.078058     1.3201  30.077247     4.0623     4.1138    -0.0065    97.2385 1.0000e-12  -68.03100  -69.28546 334.822505      88.96 3.1556e+02    852.444      20460  1029.3799  1029.3794    34.6656    34.6649    7.76036         12 0.0000e+00
    346.000    342.250     1.3214  30.079752     1.3213  30.079124     4.0656     4.1200    -0.0108    97.2403 1.0000e-12  -68.03100  -69.28548 334.822511     100.01 3.1556e+02    852.939      20472  1029.3849  1029.3844    34.6662    34.6654    7.76015         12 0.0000e+00
    347.000    343.240     1.3236  30.082671     1.3234  30.081790     4.0649     4.1216    -0.0150    97.2403 1.0000e-12  -68.03100  -69.28548 334.822517      99.97 3.1556e+02    853.462      20484  1029.3900  1029.3893    34.6669    34.6660    7.75968         13 0.0000e+00
    348.000    344.229     1.3257  30.085276     1.3247  30.083631     4.0652     4.1215    -0.0047    97.2342 1.0000e-12  -68.03100  -69.28548 334.822528      99.98 3.1556e+02    854.404      20507  1029.3948  1029.3941    34.6673    34.6663    7.75924         23 0.0000e+00
    349.000    345.217     1.3212  30.080603     1.3198  30.078353     4.0596     4.1186     0.0091    97.2101 1.0000e-12  -68.03098  -69.28548 334.822577      99.98 3.1556e+02    858.624      20608  1029.3988  1029.3980    34.6657    34.6644    7.76020         20 0.0000e+00
    350.000    346.206     1.3221  30.082055     1.3218  30.081429     4.0618     4.1195     0.0109    97.2085 1.0000e-12  -68.03100  -69.28548 334.822584      99.98 3.1556e+02    859.303      20624  1029.4036  1029.4033    34.6660    34.6655    7.76001         17 0.0000e+00
