NBP2113_155081_ctd/data/nbp2113_056.cnv
* Sea-Bird SBE 9 Data File:
* FileName = D:\Data\raw\NBP2113_056.hex
* Software Version Seasave V 7.26.7.121
* Temperature SN = 2438
* Conductivity SN = 2067
* Number of Bytes Per Scan = 40
* Number of Voltage Words = 5
* Number of Scans Averaged by the Deck Unit = 1
* NMEA Latitude = 64 53.69 S
* NMEA Longitude = 064 47.29 W
* NMEA UTC (Time) = Dec 11 2021  22:36:48
* NMEA baud rate = 9600
** Ship: RVIB N.B. Palmer
** Cruise: NBP2113 LTER
** Station: 591.057
** Operator: S. Blackman
# nquan = 25
# nvalues = 1315                        
# units = specified
# name 0 = prDM: Pressure, Digiquartz [db]
# name 1 = depSM: Depth [salt water, m]
# name 2 = t090C: Temperature [ITS-90, deg C]
# name 3 = c0mS/cm: Conductivity [mS/cm]
# name 4 = t190C: Temperature, 2 [ITS-90, deg C]
# name 5 = c1mS/cm: Conductivity, 2 [mS/cm]
# name 6 = sbeox0ML/L: Oxygen, SBE 43 [ml/l]
# name 7 = sbeox1ML/L: Oxygen, SBE 43, 2 [ml/l]
# name 8 = flECO-AFL: Fluorescence, WET Labs ECO-AFL/FL [mg/m^3]
# name 9 = CStarTr0: Beam Transmission, WET Labs C-Star [%]
# name 10 = par: PAR/Irradiance, Biospherical/Licor
# name 11 = latitude: Latitude [deg]
# name 12 = longitude: Longitude [deg]
# name 13 = timeJ: Julian Days
# name 14 = altM: Altimeter [m]
# name 15 = spar: SPAR, Biospherical/Licor
# name 16 = timeS: Time, Elapsed [seconds]
# name 17 = scan: Scan Count
# name 18 = density00: Density [density, kg/m^3]
# name 19 = density11: Density, 2 [density, kg/m^3]
# name 20 = sal00: Salinity, Practical [PSU]
# name 21 = sal11: Salinity, Practical, 2 [PSU]
# name 22 = oxsolML/L: Oxygen Saturation, Garcia & Gordon [ml/l]
# name 23 = nbin: number of scans per bin
# name 24 = flag: flag
# span 0 =      1.000,    660.000       
# span 1 =      0.991,    652.487       
# span 2 =    -0.6101,     1.4679       
# span 3 =  27.472251,  30.361230       
# span 4 =    -0.6100,     1.4677       
# span 5 =  27.471279,  30.360388       
# span 6 =     4.0492,     8.1885       
# span 7 =     4.1114,     8.1803       
# span 8 =    -0.0223,     1.9427       
# span 9 =    82.4612,    91.4528       
# span 10 = -1.912e-06, 1.3970e+02      
# span 11 =  -64.89496,  -64.89482      
# span 12 =  -64.78956,  -64.78857      
# span 13 = 345.945522, 345.968983      
# span 14 =       0.88,     101.20      
# span 15 = 1.0404e+02, 1.6211e+02      
# span 16 =    285.066,   2312.097      
# span 17 =       6843,      55491      
# span 18 =  1027.0165,  1030.8555      
# span 19 =  1027.0123,  1030.8543      
# span 20 =    33.5884,    34.6847      
# span 21 =    33.5863,    34.6833      
# span 22 =    7.73033,    8.22066      
# span 23 =          8,         48      
# span 24 = 0.0000e+00, 0.0000e+00      
# interval = decibars: 1                
# start_time = Dec 11 2021 22:36:48 [NMEA time, header]
# bad_flag = -9.990e-29
*END*
[from data line 406]
    411.000    406.571     1.3918  30.167150     1.3914  30.165808     4.1736     4.2238    -0.0102    91.4223 1.0000e-12  -64.89492  -64.78878 345.952896      99.97 1.3927e+02    922.234      22135  1029.6813  1029.6802    34.6625    34.6612    7.74647         30 0.0000e+00
    412.000    407.558     1.3923  30.167995     1.3921  30.166811     4.1664     4.2185    -0.0215    91.4241 1.0000e-12  -64.89492  -64.78878 345.952925      99.97 1.4006e+02    924.735      22195  1029.6858  1029.6848    34.6624    34.6611    7.74637         30 0.0000e+00
    413.000    408.547     1.3946  30.170617     1.3941  30.169340     4.1620     4.2108    -0.0058    91.4407 1.0000e-12  -64.89492  -64.78878 345.952936      99.97 1.4106e+02    925.634      22216  1029.6905  1029.6897    34.6627    34.6616    7.74591         20 0.0000e+00
    414.000    409.532     1.3972  30.174223     1.3967  30.172846     4.1631     4.2108    -0.0069    91.4266 1.0000e-12  -64.89492  -64.78878 345.952944      99.97 1.4103e+02    926.395      22234  1029.6957  1029.6948    34.6637    34.6625    7.74532         17 0.0000e+00
    415.000    410.524     1.3977  30.175422     1.3972  30.173997     4.1599     4.2087    -0.0060    91.4178 1.0000e-12  -64.89492  -64.78878 345.952952      99.97 1.4103e+02    927.086      22251  1029.7007  1029.6997    34.6641    34.6629    7.74521         17 0.0000e+00
    416.000    411.513     1.3981  30.176270     1.3976  30.174922     4.1642     4.2127    -0.0057    91.4197 1.0000e-12  -64.89492  -64.78878 345.952961      99.97 1.4103e+02    927.864      22270  1029.7055  1029.7046    34.6642    34.6631    7.74513         22 0.0000e+00
    417.000    412.499     1.3986  30.177581     1.3982  30.176084     4.1602     4.2130    -0.0135    91.4180 1.0000e-12  -64.89492  -64.78878 345.952976      99.97 1.4086e+02    929.126      22300  1029.7105  1029.7094    34.6648    34.6633    7.74500         36 0.0000e+00
    418.000    413.488     1.3991  30.178512     1.3986  30.176975     4.1581     4.2119    -0.0086    91.4160 1.0000e-12  -64.89492  -64.78879 345.952998      99.97 1.3969e+02    930.989      22345  1029.7153  1029.7142    34.6648    34.6634    7.74490         42 0.0000e+00
    419.000    414.476     1.4017  30.181725     1.4014  30.180495     4.1559     4.2056    -0.0057    91.4303 1.0000e-12  -64.89492  -64.78880 345.953017      99.97 1.3927e+02    932.656      22385  1029.7202  1029.7192    34.6655    34.6642    7.74435         36 0.0000e+00
    420.000    415.464     1.4017  30.182439     1.4011  30.180829     4.1608     4.2115    -0.0065    91.4416 1.0000e-12  -64.89492  -64.78881 345.953033      99.97 1.3927e+02    934.029      22418  1029.7252  1029.7241    34.6658    34.6644    7.74433         30 0.0000e+00
    421.000    416.453     1.4010  30.182269     1.4006  30.180742     4.1621     4.2100    -0.0119    91.4223 1.0000e-12  -64.89492  -64.78882 345.953047      99.97 1.3927e+02    935.289      22448  1029.7299  1029.7288    34.6658    34.6643    7.74447         30 0.0000e+00
    422.000    417.439     1.4007  30.182401     1.4004  30.180995     4.1540     4.2049    -0.0085    91.4209 1.0000e-12  -64.89492  -64.78882 345.953061      99.97 1.3927e+02    936.475      22476  1029.7346  1029.7335    34.6658    34.6643    7.74454         28 0.0000e+00
    423.000    418.428     1.4014  30.183499     1.4010  30.182113     4.1532     4.2064    -0.0067    91.4220 1.0000e-12  -64.89492  -64.78882 345.953073      99.97 1.3927e+02    937.550      22502  1029.7393  1029.7382    34.6658    34.6644    7.74439         23 0.0000e+00
    424.000    419.418     1.4063  30.188894     1.4052  30.186835     4.1602     4.2071    -0.0108    91.4148 1.0000e-12  -64.89492  -64.78882 345.953084      99.97 1.3927e+02    938.453      22524  1029.7441  1029.7431    34.6667    34.6653    7.74339         21 0.0000e+00
    425.000    420.405     1.4052  30.188625     1.4047  30.187238     4.1593     4.2097    -0.0072    91.3866 1.0000e-12  -64.89492  -64.78882 345.953095      99.97 1.3927e+02    939.393      22546  1029.7493  1029.7483    34.6670    34.6658    7.74359         25 0.0000e+00
    426.000    421.394     1.4049  30.188554     1.4050  30.187503     4.1546     4.2074    -0.0019    91.3900 1.0000e-12  -64.89492  -64.78882 345.953110      99.97 1.3927e+02    940.702      22578  1029.7537  1029.7525    34.6667    34.6652    7.74366         35 0.0000e+00
    427.000    422.381     1.4080  30.192160     1.4077  30.191020     4.1517     4.2003    -0.0128    91.3938 1.0000e-12  -64.89492  -64.78882 345.953128      99.97 1.3927e+02    942.227      22614  1029.7586  1029.7576    34.6673    34.6661    7.74302         35 0.0000e+00
    428.000    423.370     1.4087  30.193471     1.4082  30.192012     4.1469     4.2007    -0.0073    91.4140 1.0000e-12  -64.89492  -64.78882 345.953142      99.97 1.3927e+02    943.476      22644  1029.7635  1029.7624    34.6676    34.6663    7.74286         25 0.0000e+00
    429.000    424.357     1.4096  30.194893     1.4091  30.193441     4.1513     4.1993    -0.0152    91.3959 1.0000e-12  -64.89492  -64.78882 345.953153      99.97 1.3927e+02    944.448      22668  1029.7682  1029.7673    34.6678    34.6665    7.74267         21 0.0000e+00
    430.000    425.346     1.4114  30.197230     1.4105  30.195414     4.1439     4.1962    -0.0217    91.4198 1.0000e-12  -64.89492  -64.78884 345.953163      99.97 1.3927e+02    945.276      22688  1029.7731  1029.7721    34.6682    34.6669    7.74229         20 0.0000e+00
    431.000    426.334     1.4117  30.198083     1.4112  30.196713     4.1482     4.1974    -0.0211    91.4104 1.0000e-12  -64.89492  -64.78884 345.953174      99.97 1.3927e+02    946.220      22710  1029.7779  1029.7770    34.6684    34.6672    7.74223         28 0.0000e+00
    432.000    427.322     1.4128  30.200036     1.4124  30.198442     4.1431     4.1941    -0.0088    91.4029 1.0000e-12  -64.89491  -64.78884 345.953193      99.97 1.3927e+02    947.895      22750  1029.7830  1029.7818    34.6691    34.6676    7.74197         47 0.0000e+00
    433.000    428.311     1.4148  30.202556     1.4144  30.201369     4.1404     4.1863    -0.0150    91.4025 1.0000e-12  -64.89492  -64.78885 345.953221      99.97 1.3927e+02    950.332      22809  1029.7879  1029.7871    34.6695    34.6684    7.74156         35 0.0000e+00
    434.000    429.298     1.4160  30.204491     1.4153  30.202689     4.1336     4.1831    -0.0147    91.4344 1.0000e-12  -64.89492  -64.78884 345.953237      99.97 1.3927e+02    951.715      22842  1029.7929  1029.7919    34.6701    34.6686    7.74129         25 0.0000e+00
    435.000    430.287     1.4172  30.206190     1.4164  30.204571     4.1311     4.1853    -0.0009    91.4189 1.0000e-12  -64.89492  -64.78884 345.953248      99.97 1.3927e+02    952.626      22864  1029.7978  1029.7969    34.6704    34.6692    7.74104         19 0.0000e+00
    436.000    431.276     1.4201  30.209737     1.4188  30.207567     4.1328     4.1880     0.0133    91.4055 1.0000e-12  -64.89492  -64.78884 345.953256      99.97 1.3927e+02    953.347      22881  1029.8028  1029.8018    34.6712    34.6698    7.74044         17 0.0000e+00
    437.000    432.262     1.4209  30.211019     1.4205  30.209910     4.1337     4.1848    -0.0052    91.3920 1.0000e-12  -64.89492  -64.78884 345.953264      99.97 1.3927e+02    954.017      22897  1029.8075  1029.8067    34.6713    34.6703    7.74027         16 0.0000e+00
    438.000    433.250     1.4213  30.212197     1.4214  30.211285     4.1351     4.1814    -0.0077    91.3787 1.0000e-12  -64.89491  -64.78884 345.953272      99.97 1.3927e+02    954.697      22914  1029.8125  1029.8115    34.6717    34.6706    7.74015         17 0.0000e+00
    439.000    434.239     1.4221  30.213445     1.4215  30.211847     4.1315     4.1826    -0.0077    91.3805 1.0000e-12  -64.89490  -64.78885 345.953281      99.97 1.3927e+02    955.507      22933  1029.8172  1029.8162    34.6719    34.6705    7.73999         23 0.0000e+00
    440.000    435.225     1.4225  30.214375     1.4222  30.213063     4.1310     4.1830    -0.0077    91.3742 1.0000e-12  -64.89490  -64.78886 345.953296      99.97 1.3927e+02    956.765      22963  1029.8220  1029.8210    34.6721    34.6708    7.73990         31 0.0000e+00
    441.000    436.215     1.4246  30.216804     1.4243  30.215403     4.1287     4.1799    -0.0118    91.3674 1.0000e-12  -64.89490  -64.78888 345.953314      99.97 1.3927e+02    958.373      23002  1029.8267  1029.8256    34.6723    34.6708    7.73948         38 0.0000e+00
    442.000    437.203     1.4240  30.216612     1.4238  30.215448     4.1346     4.1849    -0.0034    91.3688 1.0000e-12  -64.89490  -64.78888 345.953334      99.97 1.3927e+02    960.033      23042  1029.8314  1029.8303    34.6722    34.6708    7.73962         38 0.0000e+00
    443.000    438.191     1.4246  30.217566     1.4247  30.216626     4.1304     4.1853    -0.0100    91.3831 1.0000e-12  -64.89490  -64.78888 345.953351      99.97 1.3927e+02    961.560      23078  1029.8360  1029.8349    34.6721    34.6708    7.73949         32 0.0000e+00
    444.000    439.180     1.4254  30.219036     1.4252  30.217686     4.1348     4.1798     0.0016    91.3861 1.0000e-12  -64.89490  -64.78888 345.953367      99.97 1.3927e+02    962.935      23111  1029.8409  1029.8398    34.6725    34.6711    7.73931         31 0.0000e+00
    445.000    440.167     1.4258  30.219528     1.4254  30.218329     4.1280     4.1779    -0.0064    91.3793 1.0000e-12  -64.89490  -64.78888 345.953382      99.97 1.3927e+02    964.185      23141  1029.8453  1029.8445    34.6722    34.6711    7.73926         28 0.0000e+00
    446.000    441.156     1.4261  30.220456     1.4253  30.218909     4.1276     4.1817    -0.0149    91.3944 1.0000e-12  -64.89490  -64.78888 345.953394      99.97 1.3927e+02    965.217      23166  1029.8502  1029.8494    34.6724    34.6713    7.73918         22 0.0000e+00
    447.000    442.144     1.4263  30.221038     1.4260  30.219881     4.1380     4.1832    -0.0213    91.3745 1.0000e-12  -64.89490  -64.78888 345.953404      99.97 1.3927e+02    966.065      23187  1029.8549  1029.8540    34.6724    34.6713    7.73915         20 0.0000e+00
    448.000    443.131     1.4261  30.221472     1.4258  30.220313     4.1291     4.1841    -0.0168    91.3386 1.0000e-12  -64.89490  -64.78888 345.953413      99.97 1.3927e+02    966.920      23207  1029.8597  1029.8588    34.6726    34.6714    7.73918         21 0.0000e+00
    449.000    444.121     1.4250  30.220639     1.4246  30.219258     4.1226     4.1830    -0.0150    91.3739 1.0000e-12  -64.89490  -64.78889 345.953425      99.97 1.3927e+02    967.960      23232  1029.8642  1029.8632    34.6722    34.6709    7.73941         30 0.0000e+00
    450.000    445.107     1.4249  30.220978     1.4245  30.219664     4.1330     4.1836    -0.0150    91.3976 1.0000e-12  -64.89490  -64.78890 345.953442      99.97 1.3927e+02    969.347      23265  1029.8688  1029.8679    34.6721    34.6709    7.73943         35 0.0000e+00
    451.000    446.096     1.4254  30.221729     1.4249  30.220458     4.1296     4.1747    -0.0145    91.3812 1.0000e-12  -64.89490  -64.78892 345.953458      99.97 1.3972e+02    970.753      23299  1029.8733  1029.8725    34.6719    34.6709    7.73934         32 0.0000e+00
    452.000    447.084     1.4257  30.222638     1.4251  30.221166     4.1224     4.1776    -0.0119    91.3935 1.0000e-12  -64.89490  -64.78892 345.953473      99.97 1.4103e+02    972.043      23330  1029.8782  1029.8772    34.6722    34.6710    7.73927         31 0.0000e+00
    453.000    448.072     1.4259  30.223377     1.4254  30.221990     4.1284     4.1817    -0.0103    91.4088 1.0000e-12  -64.89490  -64.78892 345.953489      99.97 1.4103e+02    973.456      23364  1029.8830  1029.8820    34.6724    34.6711    7.73922         36 0.0000e+00
    454.000    449.060     1.4262  30.224431     1.4259  30.223064     4.1296     4.1780    -0.0103    91.4070 1.0000e-12  -64.89490  -64.78892 345.953509      99.97 1.4103e+02    975.150      23405  1029.8880  1029.8869    34.6728    34.6714    7.73914         39 0.0000e+00
    455.000    450.048     1.4265  30.225171     1.4261  30.223765     4.1271     4.1711    -0.0042    91.4149 1.0000e-12  -64.89490  -64.78892 345.953526      99.97 1.4103e+02    976.631      23440  1029.8926  1029.8917    34.6728    34.6715    7.73907         29 0.0000e+00
    456.000    451.035     1.4272  30.226431     1.4267  30.225236     4.1258     4.1750    -0.0113    91.4176 1.0000e-12  -64.89490  -64.78892 345.953538      99.97 1.4103e+02    977.682      23465  1029.8975  1029.8967    34.6731    34.6721    7.73893         23 0.0000e+00
    457.000    452.024     1.4279  30.227846     1.4273  30.226516     4.1279     4.1754    -0.0065    91.4023 1.0000e-12  -64.89490  -64.78892 345.953548      99.97 1.4103e+02    978.525      23486  1029.9025  1029.9017    34.6736    34.6725    7.73877         18 0.0000e+00
    458.000    453.012     1.4279  30.228433     1.4273  30.226990     4.1286     4.1778    -0.0146    91.3927 1.0000e-12  -64.89490  -64.78892 345.953557      99.97 1.4103e+02    979.304      23504  1029.9073  1029.9065    34.6738    34.6726    7.73876         20 0.0000e+00
    459.000    454.001     1.4281  30.229173     1.4274  30.227740     4.1231     4.1726    -0.0144    91.3858 1.0000e-12  -64.89490  -64.78892 345.953567      99.97 1.4103e+02    980.196      23526  1029.9120  1029.9113    34.6739    34.6728    7.73871         24 0.0000e+00
    460.000    454.988     1.4279  30.229522     1.4276  30.228238     4.1262     4.1716    -0.0083    91.3739 1.0000e-12  -64.89490  -64.78894 345.953582      99.97 1.4103e+02    981.455      23556  1029.9168  1029.9158    34.6739    34.6726    7.73874         35 0.0000e+00
    461.000    455.976     1.4283  30.230278     1.4278  30.228844     4.1316     4.1697    -0.0062    91.3731 1.0000e-12  -64.89490  -64.78894 345.953599      99.97 1.4103e+02    982.929      23591  1029.9214  1029.9205    34.6739    34.6727    7.73867         35 0.0000e+00
    462.000    456.965     1.4286  30.231123     1.4283  30.229874     4.1323     4.1706    -0.0077    91.3428 1.0000e-12  -64.89490  -64.78896 345.953615      99.97 1.4103e+02    984.297      23624  1029.9262  1029.9252    34.6741    34.6728    7.73860         31 0.0000e+00
    463.000    457.952     1.4287  30.231805     1.4283  30.230483     4.1275     4.1740    -0.0077    91.3350 1.0000e-12  -64.89490  -64.78896 345.953629      99.97 1.4103e+02    985.574      23655  1029.9311  1029.9301    34.6743    34.6731    7.73858         32 0.0000e+00
    464.000    458.940     1.4286  30.232098     1.4284  30.230889     4.1301     4.1758    -0.0075    91.3067 1.0000e-12  -64.89490  -64.78896 345.953647      99.97 1.4103e+02    987.095      23691  1029.9357  1029.9347    34.6742    34.6729    7.73860         39 0.0000e+00
    465.000    459.928     1.4288  30.232764     1.4286  30.231452     4.1171     4.1733    -0.0060    91.3509 1.0000e-12  -64.89490  -64.78896 345.953668      99.97 1.4103e+02    988.927      23735  1029.9404  1029.9393    34.6742    34.6728    7.73855         39 0.0000e+00
    466.000    460.916     1.4291  30.233321     1.4286  30.231915     4.1230     4.1701    -0.0054    91.3424 1.0000e-12  -64.89490  -64.78896 345.953684      99.97 1.4103e+02    990.289      23768  1029.9449  1029.9440    34.6740    34.6729    7.73850         26 0.0000e+00
    467.000    461.902     1.4294  30.233906     1.4286  30.232412     4.1320     4.1681    -0.0063    91.3247 1.0000e-12  -64.89490  -64.78896 345.953695      99.97 1.4103e+02    991.238      23791  1029.9494  1029.9487    34.6739    34.6729    7.73845         21 0.0000e+00
