NBP2113_155081_ctd/data/nbp2113_002.ros
* Sea-Bird SBE 9 Data File:
* FileName = D:\Data\raw\NBP2113_002.hex
* Software Version Seasave V 7.26.7.121
* Temperature SN = 2438
* Conductivity SN = 2067
* Number of Bytes Per Scan = 40
* Number of Voltage Words = 5
* Number of Scans Averaged by the Deck Unit = 1
* NMEA Latitude = 63 34.52 S
* NMEA Longitude = 060 42.00 W
* NMEA UTC (Time) = Nov 22 2021  11:46:05
* NMEA baud rate = 9600
** Ship: RVIB N.B. Palmer
** Cruise: NBP2113 LTER
** Station: 831.-002
** Operator: B. Urmston
# nquan = 20
# nvalues = 1173                                  
# units = specified
# name 0 = prDM: Pressure, Digiquartz [db]
# name 1 = depSM: Depth [salt water, m]
# name 2 = t090C: Temperature [ITS-90, deg C]
# name 3 = c0mS/cm: Conductivity [mS/cm]
# name 4 = t190C: Temperature, 2 [ITS-90, deg C]
# name 5 = c1mS/cm: Conductivity, 2 [mS/cm]
# name 6 = sbeox0ML/L: Oxygen, SBE 43 [ml/l]
# name 7 = sbeox1ML/L: Oxygen, SBE 43, 2 [ml/l]
# name 8 = flECO-AFL: Fluorescence, WET Labs ECO-AFL/FL [mg/m^3]
# name 9 = CStarTr0: Beam Transmission, WET Labs C-Star [%]
# name 10 = par: PAR/Irradiance, Biospherical/Licor
# name 11 = latitude: Latitude [deg]
# name 12 = longitude: Longitude [deg]
# name 13 = timeJ: Julian Days
# name 14 = altM: Altimeter [m]
# name 15 = spar: SPAR, Biospherical/Licor
# name 16 = timeS: Time, Elapsed [seconds]
# name 17 = scan: Scan Count
# name 18 = nbf: Bottles Fired
# name 19 = flag:  0.000e+00
# interval = seconds: 0.0416667
# start_time = Nov 22 2021 11:46:05 [NMEA time, header]
# bad_flag = -9.990e-29
*END*
[from data line 290]
    278.708    275.819    -1.3456  27.611560    -1.3456  27.610027     7.3409     7.2541     0.1168    98.1673 1.0000e-12  -63.57544  -60.69954 326.511955      99.98 1.7929e+03   1867.875      44830          6  0.000e+00
    278.763    275.873    -1.3455  27.611675    -1.3456  27.610139     7.3401     7.2543     0.1168    98.1416 1.0000e-12  -63.57544  -60.69954 326.511955      99.98 1.7929e+03   1867.917      44831          6  0.000e+00
    278.757    275.866    -1.3454  27.611961    -1.3457  27.609859     7.3393     7.2545     0.1168    98.1416 1.0000e-12  -63.57544  -60.69954 326.511956      99.98 1.7929e+03   1867.958      44832          6  0.000e+00
    278.757    275.866    -1.3458  27.612019    -1.3459  27.609747     7.3400     7.2546     0.1241    98.1416 1.0000e-12  -63.57544  -60.69954 326.511956      99.98 1.7929e+03   1868.000      44833          6  0.000e+00
    152.618    151.081    -1.1678  27.668343    -1.1684  27.667156     7.2747     7.1805     0.3073    97.3433 1.0000e-12  -63.57546  -60.69946 326.514383      99.98 1.7964e+03   2077.667      49865          7  0.000e+00
    152.481    150.946    -1.1673  27.668687    -1.1685  27.667212     7.2706     7.1803     0.3073    97.3433 1.0000e-12  -63.57546  -60.69946 326.514383      99.98 1.7964e+03   2077.708      49866          7  0.000e+00
    152.563    151.027    -1.1673  27.668285    -1.1683  27.667044     7.2759     7.1802     0.3146    97.3433 1.0000e-12  -63.57546  -60.69946 326.514384      99.98 1.7964e+03   2077.750      49867          7  0.000e+00
    152.515    150.980    -1.1676  27.668285    -1.1683  27.666988     7.2764     7.1800     0.3146    97.3433 1.0000e-12  -63.57546  -60.69946 326.514384      99.98 1.7964e+03   2077.792      49868          7  0.000e+00
    152.563    151.027    -1.1675  27.668515    -1.1681  27.666988     7.2724     7.1799     0.3073    97.3433 1.0000e-12  -63.57546  -60.69946 326.514385      99.98 1.7964e+03   2077.833      49869          7  0.000e+00
    152.563    151.027    -1.1675  27.668572    -1.1680  27.666764     7.2747     7.1798     0.3073    97.3691 1.0000e-12  -63.57546  -60.69946 326.514385      99.98 1.7964e+03   2077.875      49870          7  0.000e+00
    152.515    150.980    -1.1674  27.668400    -1.1680  27.666763     7.2847     7.1796     0.3073    97.3433 1.0000e-12  -63.57546  -60.69946 326.514386      99.95 1.7964e+03   2077.917      49871          7  0.000e+00
    152.584    151.048    -1.1675  27.668744    -1.1681  27.666932     7.2889     7.1796     0.3073    97.3433 1.0000e-12  -63.57546  -60.69946 326.514386      99.98 1.7964e+03   2077.958      49872          7  0.000e+00
    152.563    151.027    -1.1675  27.668629    -1.1680  27.666988     7.2916     7.1794     0.3073    97.3433 1.0000e-12  -63.57546  -60.69946 326.514387      99.98 1.7946e+03   2078.000      49873          7  0.000e+00
    152.563    151.027    -1.1676  27.668572    -1.1681  27.666988     7.2868     7.1794     0.3146    97.3433 1.0000e-12  -63.57546  -60.69946 326.514387      99.98 1.7946e+03   2078.042      49874          7  0.000e+00
    152.515    150.980    -1.1678  27.668400    -1.1681  27.666988     7.2911     7.1792     0.3073    97.3433 1.0000e-12  -63.57546  -60.69946 326.514388      99.95 1.7946e+03   2078.083      49875          7  0.000e+00
    152.563    151.027    -1.1678  27.668170    -1.1681  27.666988     7.2909     7.1791     0.3073    97.3433 1.0000e-12  -63.57546  -60.69946 326.514388      99.98 1.7946e+03   2078.125      49876          7  0.000e+00
    152.563    151.027    -1.1679  27.668228    -1.1681  27.666988     7.2905     7.1790     0.3000    97.3433 1.0000e-12  -63.57546  -60.69946 326.514389      99.98 1.7946e+03   2078.167      49877          7  0.000e+00
    152.584    151.048    -1.1681  27.667941    -1.1680  27.667156     7.2886     7.1789     0.2926    97.3433 1.0000e-12  -63.57546  -60.69946 326.514389     100.00 1.7946e+03   2078.208      49878          7  0.000e+00
    152.563    151.027    -1.1681  27.668170    -1.1681  27.667044     7.2957     7.1788     0.2926    97.3433 1.0000e-12  -63.57546  -60.69946 326.514389      99.98 1.7946e+03   2078.250      49879          7  0.000e+00
    152.563    151.028    -1.1679  27.668170    -1.1680  27.667156     7.2965     7.1796     0.2926    97.3433 1.0000e-12  -63.57546  -60.69946 326.514390      99.98 1.7946e+03   2078.292      49880          7  0.000e+00
    152.563    151.028    -1.1683  27.668228    -1.1680  27.667100     7.2988     7.1795     0.2926    97.3433 1.0000e-12  -63.57546  -60.69946 326.514390      99.98 1.7946e+03   2078.333      49881          7  0.000e+00
    152.563    151.028    -1.1679  27.668285    -1.1678  27.667156     7.2949     7.1794     0.2926    97.3433 1.0000e-12  -63.57546  -60.69946 326.514391      99.98 1.7946e+03   2078.375      49882          7  0.000e+00
    152.618    151.082    -1.1679  27.668343    -1.1681  27.667044     7.3018     7.1794     0.2926    97.3433 1.0000e-12  -63.57546  -60.69946 326.514391      99.98 1.7946e+03   2078.417      49883          7  0.000e+00
    152.563    151.028    -1.1675  27.668285    -1.1681  27.667156     7.2977     7.1793     0.2926    97.3433 1.0000e-12  -63.57546  -60.69946 326.514392      99.98 1.7946e+03   2078.458      49884          7  0.000e+00
    152.584    151.048    -1.1675  27.668113    -1.1681  27.667212     7.2923     7.1792     0.2926    97.3433 1.0000e-12  -63.57546  -60.69946 326.514392      99.98 1.7946e+03   2078.500      49885          7  0.000e+00
    152.618    151.082    -1.1673  27.668457    -1.1681  27.666596     7.2916     7.1792     0.2926    97.3433 1.0000e-12  -63.57546  -60.69946 326.514393      99.98 1.7946e+03   2078.542      49886          7  0.000e+00
    152.618    151.082    -1.1675  27.668630    -1.1683  27.666988     7.2909     7.1792     0.3000    97.3433 1.0000e-12  -63.57546  -60.69946 326.514393      99.95 1.7946e+03   2078.583      49887          7  0.000e+00
    152.618    151.082    -1.1675  27.668171    -1.1681  27.667212     7.2903     7.1790     0.2926    97.3433 1.0000e-12  -63.57546  -60.69946 326.514394      99.98 1.7946e+03   2078.625      49888          7  0.000e+00
    152.618    151.082    -1.1678  27.668457    -1.1680  27.666820     7.2898     7.1790     0.2926    97.3433 1.0000e-12  -63.57546  -60.69946 326.514394      99.98 1.7946e+03   2078.667      49889          7  0.000e+00
    152.619    151.082    -1.1677  27.668400    -1.1680  27.667044     7.2893     7.1789     0.2926    97.3433 1.0000e-12  -63.57546  -60.69946 326.514395      99.98 1.7946e+03   2078.708      49890          7  0.000e+00
    152.632    151.096    -1.1675  27.668515    -1.1680  27.666876     7.3026     7.1788     0.2926    97.3433 1.0000e-12  -63.57546  -60.69946 326.514395      99.98 1.7946e+03   2078.750      49891          7  0.000e+00
    152.667    151.130    -1.1675  27.668802    -1.1681  27.666932     7.3051     7.1788     0.2926    97.3433 1.0000e-12  -63.57546  -60.69946 326.514396     100.00 1.7946e+03   2078.792      49892          7  0.000e+00
    152.619    151.082    -1.1676  27.668457    -1.1680  27.666988     7.3076     7.1786     0.2926    97.3433 1.0000e-12  -63.57546  -60.69946 326.514396      99.98 1.7946e+03   2078.833      49893          7  0.000e+00
    152.715    151.177    -1.1678  27.668515    -1.1680  27.667156     7.3024     7.1786     0.2926    97.3691 1.0000e-12  -63.57546  -60.69946 326.514397      99.98 1.7946e+03   2078.875      49894          7  0.000e+00
    152.667    151.130    -1.1675  27.668572    -1.1677  27.667212     7.3108     7.1785     0.2926    97.3948 1.0000e-12  -63.57546  -60.69946 326.514397      99.95 1.7946e+03   2078.917      49895          7  0.000e+00
    152.667    151.130    -1.1675  27.668572    -1.1678  27.667044     7.3132     7.1784     0.2926    97.3948 1.0000e-12  -63.57546  -60.69946 326.514398      99.98 1.7946e+03   2078.958      49896          7  0.000e+00
    152.680    151.143    -1.1675  27.668630    -1.1680  27.666988     7.3155     7.1784     0.2926    97.3948 1.0000e-12  -63.57546  -60.69946 326.514398      99.98 1.7946e+03   2079.000      49897          7  0.000e+00
    152.715    151.177    -1.1675  27.668630    -1.1678  27.666988     7.3101     7.1783     0.2926    97.3948 1.0000e-12  -63.57546  -60.69946 326.514399      99.98 1.7946e+03   2079.042      49898          7  0.000e+00
    152.715    151.177    -1.1675  27.668572    -1.1680  27.667156     7.3184     7.1782     0.2926    97.3948 1.0000e-12  -63.57546  -60.69946 326.514399      99.95 1.7946e+03   2079.083      49899          7  0.000e+00
    152.715    151.177    -1.1673  27.668572    -1.1680  27.667492     7.3205     7.1781     0.2926    97.3948 1.0000e-12  -63.57546  -60.69946 326.514400      99.98 1.7946e+03   2079.125      49900          7  0.000e+00
    152.770    151.232    -1.1676  27.668630    -1.1675  27.667493     7.3166     7.1780     0.2926    97.3948 1.0000e-12  -63.57546  -60.69946 326.514400      99.98 1.7946e+03   2079.167      49901          7  0.000e+00
    152.770    151.232    -1.1677  27.668573    -1.1678  27.667100     7.3096     7.1733     0.2926    97.3948 1.0000e-12  -63.57546  -60.69946 326.514401     100.00 1.7946e+03   2079.208      49902          7  0.000e+00
    152.770    151.232    -1.1673  27.668573    -1.1680  27.667156     7.3132     7.1781     0.2926    97.3948 1.0000e-12  -63.57546  -60.69946 326.514401      99.98 1.7946e+03   2079.250      49903          7  0.000e+00
    152.784    151.245    -1.1676  27.668630    -1.1678  27.667044     7.3138     7.1791     0.2853    97.3948 1.0000e-12  -63.57546  -60.69946 326.514402     100.00 1.7946e+03   2079.292      49904          7  0.000e+00
    152.818    151.279    -1.1679  27.668630    -1.1681  27.667325     7.3206     7.1792     0.2853    97.3948 1.0000e-12  -63.57546  -60.69946 326.514402      99.98 1.7946e+03   2079.333      49905          7  0.000e+00
    152.818    151.279    -1.1678  27.668573    -1.1680  27.667493     7.3210     7.1792     0.2853    97.3948 1.0000e-12  -63.57546  -60.69946 326.514402      99.98 1.7946e+03   2079.375      49906          7  0.000e+00
    152.818    151.280    -1.1681  27.668573    -1.1678  27.667269     7.3259     7.1792     0.2926    97.3691 1.0000e-12  -63.57546  -60.69946 326.514403      99.98 1.7946e+03   2079.417      49907          7  0.000e+00
    152.873    151.334    -1.1680  27.668630    -1.1680  27.667213     7.3214     7.1793     0.2926    97.3948 1.0000e-12  -63.57546  -60.69946 326.514403      99.98 1.7946e+03   2079.458      49908          7  0.000e+00
    152.873    151.334    -1.1683  27.668343    -1.1681  27.667045     7.3153     7.1794     0.2853    97.3948 1.0000e-12  -63.57546  -60.69946 326.514404      99.98 1.7946e+03   2079.500      49909          7  0.000e+00
    152.942    151.402    -1.1678  27.668516    -1.1678  27.667437     7.3076     7.1794     0.2853    97.3948 1.0000e-12  -63.57546  -60.69946 326.514404      99.98 1.7946e+03   2079.542      49910          7  0.000e+00
    152.873    151.334    -1.1681  27.668229    -1.1681  27.667493     7.3091     7.1795     0.2853    97.3948 1.0000e-12  -63.57546  -60.69946 326.514405      99.95 1.7946e+03   2079.583      49911          7  0.000e+00
    152.976    151.436    -1.1686  27.668286    -1.1680  27.667269     7.3091     7.1739     0.2853    97.3948 1.0000e-12  -63.57546  -60.69946 326.514405      99.98 1.7946e+03   2079.625      49912          7  0.000e+00
    152.976    151.436    -1.1686  27.668114    -1.1678  27.667381     7.3074     7.1787     0.2853    97.3948 1.0000e-12  -63.57546  -60.69946 326.514406      99.98 1.7946e+03   2079.667      49913          7  0.000e+00
    152.163    150.632    -1.1686  27.667883    -1.1684  27.666706     7.3115     7.1841     0.2633    97.3176 1.0000e-12  -63.57546  -60.69946 326.514485     100.00 1.7964e+03   2086.542      50078          8  0.000e+00
    152.060    150.530    -1.1683  27.667997    -1.1686  27.666874     7.3144     7.1844     0.2633    97.3176 1.0000e-12  -63.57546  -60.69946 326.514486      99.95 1.7964e+03   2086.583      50079          8  0.000e+00
    152.163    150.632    -1.1683  27.668284    -1.1683  27.667155     7.3129     7.1848     0.2707    97.3176 1.0000e-12  -63.57546  -60.69946 326.514486      99.95 1.7964e+03   2086.625      50080          8  0.000e+00
    152.163    150.632    -1.1681  27.668112    -1.1685  27.666594     7.3052     7.1853     0.2633    97.3176 1.0000e-12  -63.57546  -60.69946 326.514487      99.98 1.7964e+03   2086.667      50081          8  0.000e+00
    152.177    150.645    -1.1683  27.668055    -1.1686  27.666931     7.2960     7.1857     0.2633    97.3176 1.0000e-12  -63.57546  -60.69946 326.514487      99.98 1.7964e+03   2086.708      50082          8  0.000e+00
    152.211    150.679    -1.1683  27.668112    -1.1683  27.666987     7.2975     7.1851     0.2633    97.3176 1.0000e-12  -63.57546  -60.69946 326.514488      99.98 1.7964e+03   2086.750      50083          8  0.000e+00
    152.211    150.679    -1.1681  27.668112    -1.1683  27.666763     7.2899     7.1845     0.2707    97.3176 1.0000e-12  -63.57546  -60.69946 326.514488      99.98 1.7964e+03   2086.792      50084          8  0.000e+00
    152.211    150.679    -1.1683  27.668456    -1.1684  27.666875     7.2870     7.1848     0.2633    97.3176 1.0000e-12  -63.57546  -60.69946 326.514489      99.98 1.7964e+03   2086.833      50085          8  0.000e+00
    152.314    150.781    -1.1683  27.668227    -1.1686  27.666987     7.2828     7.1852     0.2707    97.3176 1.0000e-12  -63.57546  -60.69946 326.514489      99.98 1.7964e+03   2086.875      50086          8  0.000e+00
    152.266    150.734    -1.1683  27.668284    -1.1683  27.666987     7.2907     7.1854     0.2487    97.3176 1.0000e-12  -63.57546  -60.69946 326.514490      99.95 1.7964e+03   2086.917      50087          8  0.000e+00
    152.383    150.849    -1.1679  27.668285    -1.1683  27.666987     7.2910     7.1849     0.2267    97.3176 1.0000e-12  -63.57546  -60.69946 326.514490      99.98 1.7964e+03   2086.958      50088          8  0.000e+00
    152.314    150.781    -1.1683  27.668112    -1.1681  27.666987     7.2911     7.1841     0.2194    97.3176 1.0000e-12  -63.57546  -60.69946 326.514491      99.98 1.7964e+03   2087.000      50089          8  0.000e+00
    152.417    150.883    -1.1681  27.668113    -1.1683  27.666987     7.2899     7.1835     0.2194    97.3176 1.0000e-12  -63.57546  -60.69946 326.514491      99.98 1.7964e+03   2087.042      50090          8  0.000e+00
    152.362    150.829    -1.1683  27.667883    -1.1685  27.666763     7.2884     7.1836     0.2194    97.3176 1.0000e-12  -63.57546  -60.69946 326.514492      99.95 1.7964e+03   2087.083      50091          8  0.000e+00
    152.465    150.931    -1.1683  27.667998    -1.1683  27.666595     7.2886     7.1829     0.2267    97.3176 1.0000e-12  -63.57546  -60.69946 326.514492      99.98 1.7964e+03   2087.125      50092          8  0.000e+00
    152.465    150.931    -1.1683  27.668228    -1.1685  27.666875     7.2886     7.1831     0.2194    97.3176 1.0000e-12  -63.57546  -60.69946 326.514493      99.98 1.7964e+03   2087.167      50093          8  0.000e+00
    152.520    150.985    -1.1681  27.668342    -1.1683  27.666988     7.2872     7.1823     0.2194    97.3176 1.0000e-12  -63.57546  -60.69946 326.514493      99.98 1.7964e+03   2087.208      50094          8  0.000e+00
    152.534    150.998    -1.1683  27.668285    -1.1683  27.666763     7.2857     7.1825     0.2194    97.3176 1.0000e-12  -63.57546  -60.69946 326.514494      99.98 1.7964e+03   2087.250      50095          8  0.000e+00
